"Trait ID","Trait name","Method","RS#","Chromosome","Marker position (bp)","SNP effect","'-log10(P)'","Genotype for code 1"
"4","Trait5","mrMLM","NsiI.TP620354","1","2563","1.1187e-05","0.0024","A"
"4","Trait5","mrMLM","PstI.TP453248","1","3988","-1.1057e-05","0.0024","C"
"4","Trait5","mrMLM","GFSSContig17137_1860","1","35412","-0.2404","1.3456","T"
"4","Trait5","mrMLM","GFSSContig17137_940","1","36536","1.2539e-05","0.0027","T"
"4","Trait5","mrMLM","PstI.TP1112203","1","63590","-1.9815e-05","0.0043","A"
"4","Trait5","mrMLM","PstI.TP506588","1","80675","-5.2809e-06","0.0012","C"
"4","Trait5","mrMLM","PstI.TP989644","1","80828","0.0215","0.2532","C"
"4","Trait5","mrMLM","PstI.TP312105","1","81356","0.0382","0.5032","G"
"4","Trait5","mrMLM","NsiI.TP481742","1","154583","-5.0272e-07","1e-04","A"
"4","Trait5","mrMLM","PstI.TP863331","1","161269","2.2255e-05","0.0049","A"
"4","Trait5","mrMLM","NsiI.TP71772","1","180079","1.5613e-05","0.0034","C"
"4","Trait5","mrMLM","NsiI.TP611047","1","185165","2.4066e-06","5e-04","A"
"4","Trait5","mrMLM","NsiI.TP611046","1","185173","0.0085","0.1274","C"
"4","Trait5","mrMLM","PstI.TP1169914","1","194807","-1.0229e-05","0.0022","G"
"4","Trait5","mrMLM","NsiI.TP96063","1","195779","0.1045","0.973","A"
"4","Trait5","mrMLM","NsiI.TP521153","1","258294","2.0241e-06","4e-04","A"
"4","Trait5","mrMLM","PstI.TP271714","1","262844","-1.5071e-06","3e-04","A"
"4","Trait5","mrMLM","PstI.TP424788","1","263370","6.4563e-06","0.0014","A"
"4","Trait5","mrMLM","PstI.TP811380","1","281841","0.1309","1.452","C"
"4","Trait5","mrMLM","PstI.TP931820","1","284314","6.6907e-06","0.0015","A"
"4","Trait5","mrMLM","NsiI.TP426085","1","284999","-1.2862e-06","3e-04","A"
"4","Trait5","mrMLM","NsiI.TP148773","1","285352","7.528e-06","0.0016","A"
"4","Trait5","mrMLM","NsiI.TP148774","1","285397","0.3087","2.1179","A"
"4","Trait5","mrMLM","PstI.TP301730","1","298129","1.5113e-05","0.0033","A"
"4","Trait5","mrMLM","PstI.TP710662","1","335281","-0.0443","0.2629","A"
"4","Trait5","mrMLM","NsiI.TP579900","1","335878","-0.4628","2.3471","G"
"4","Trait5","mrMLM","PstI.TP1043924","1","365760","-0.0523","0.3807","A"
"4","Trait5","mrMLM","PstI.TP1043926","1","365816","-0.0464","0.4123","A"
"4","Trait5","mrMLM","NsiI.TP414280","1","378096","-1.063e-05","0.0023","A"
"4","Trait5","mrMLM","NsiI.TP807695","1","389941","0.07","0.8042","A"
"4","Trait5","mrMLM","NsiI.TP687955","1","398596","-4.7134e-06","0.001","C"
"4","Trait5","mrMLM","PstI.TP948856","1","403321","2.8543e-05","0.0063","A"
"4","Trait5","mrMLM","PstI.TP1037554","1","403777","0.0117","0.143","A"
"4","Trait5","mrMLM","NsiI.TP122940","1","430012","0.0569","0.5381","A"
"4","Trait5","mrMLM","NsiI.TP703893","1","450123","1.2379e-05","0.0027","C"
"4","Trait5","mrMLM","PstI.TP1026667","1","480929","0.2158","0.591","A"
"4","Trait5","mrMLM","NsiI.TP413787","1","481003","-2.1313e-05","0.0047","A"
"4","Trait5","mrMLM","NsiI.TP591161","1","512907","1.0964e-05","0.0024","A"
"4","Trait5","mrMLM","NsiI.TP260303","1","526218","0.0085","0.0867","A"
"4","Trait5","mrMLM","NsiI.TP160827","1","542721","-0.0299","0.4232","A"
"4","Trait5","mrMLM","PstI.TP425356","1","569039","0.1472","0.9443","C"
"4","Trait5","mrMLM","PstI.TP999740","1","569491","1.172e-05","0.0026","A"
"4","Trait5","mrMLM","PstI.TP184304","1","572620","5.049e-05","0.0111","C"
"4","Trait5","mrMLM","PstI.TP1132231","1","588023","-9.6197e-06","0.0021","A"
"4","Trait5","mrMLM","PstI.TP536170","1","662254","3.1938e-05","0.007","C"
"4","Trait5","mrMLM","PstI.TP854736","1","683267","-1.3926e-05","0.003","A"
"4","Trait5","mrMLM","PstI.TP83381","1","713539","-0.1961","1.9208","A"
"4","Trait5","mrMLM","PstI.TP94792","1","731905","-0.0991","1.572","C"
"4","Trait5","mrMLM","PstI.TP968891","1","748410","-5.7265e-06","0.0012","C"
"4","Trait5","mrMLM","NsiI.TP802651","1","754114","3.5427e-06","8e-04","C"
"4","Trait5","mrMLM","PstI.TP1039014","1","759496","5.3727e-06","0.0012","A"
"4","Trait5","mrMLM","PstI.TP1248576","1","760805","1.891e-05","0.0041","C"
"4","Trait5","mrMLM","NsiI.TP241552","1","773227","2.1987e-05","0.0048","C"
"4","Trait5","mrMLM","NsiI.TP241535","1","773253","-2.2883e-05","0.005","A"
"4","Trait5","mrMLM","NsiI.TP282375","1","773642","-1.395e-05","0.003","C"
"4","Trait5","mrMLM","NsiI.TP559422","1","781613","3.7155e-06","8e-04","A"
"4","Trait5","mrMLM","PstI.TP579974","1","783866","-6.2791e-06","0.0014","C"
"4","Trait5","mrMLM","PstI.TP1090052","1","815564","-0.0428","0.4238","A"
"4","Trait5","mrMLM","PstI.TP1216290","1","817784","0.0342","0.438","A"
"4","Trait5","mrMLM","NsiI.TP199750","1","819727","-7.6977e-06","0.0017","A"
"4","Trait5","mrMLM","NsiI.TP619705","1","820317","5.9992e-06","0.0013","A"
"4","Trait5","mrMLM","PstI.TP537601","1","822113","6.497e-07","1e-04","C"
"4","Trait5","mrMLM","NsiI.TP585976","1","829048","-1.8758e-05","0.0041","C"
"4","Trait5","mrMLM","NsiI.TP358960","1","864806","6.939e-06","0.0015","A"
"4","Trait5","mrMLM","PstI.TP1152021","1","865447","5.4395e-06","0.0012","A"
"4","Trait5","mrMLM","PstI.TP139718","1","866121","-1.4226e-05","0.0031","C"
"4","Trait5","mrMLM","NsiI.TP603024","1","882892","2.3634e-05","0.0052","C"
"4","Trait5","mrMLM","PstI.TP2218","1","905152","-4.1938e-05","0.0092","A"
"4","Trait5","mrMLM","NsiI.TP410050","1","907438","-1.5251e-05","0.0033","C"
"4","Trait5","mrMLM","NsiI.TP410051","1","907440","1.2176e-05","0.0027","A"
"4","Trait5","mrMLM","PstI.TP716618","1","918921","0.2302","1.1036","G"
"4","Trait5","mrMLM","PstI.TP34534","1","923689","-0.0134","0.2189","A"
"4","Trait5","mrMLM","PstI.TP724910","1","925871","7.6183e-06","0.0017","C"
"4","Trait5","mrMLM","PstI.TP383349","1","950724","-5.1009e-06","0.0011","A"
"4","Trait5","mrMLM","NsiI.TP809841","1","955990","-9.1944e-06","0.002","A"
"4","Trait5","mrMLM","PstI.TP39577","1","959521","0.1802","0.6007","C"
"4","Trait5","mrMLM","PstI.TP1246584","1","1015480","-0.0873","0.9992","C"
"4","Trait5","mrMLM","NsiI.TP443042","1","1033284","0.1354","1.5376","A"
"4","Trait5","mrMLM","PstI.TP354591","1","1050082","1.3368e-07","2.9098e-05","C"
"4","Trait5","mrMLM","PstI.TP1060928","1","1054924","5.8686e-06","0.0013","A"
"4","Trait5","mrMLM","PstI.TP968458","1","1145895","4.1126e-05","0.009","A"
"4","Trait5","mrMLM","PstI.TP979329","1","1145899","-1.1634e-05","0.0025","A"
"4","Trait5","mrMLM","PstI.TP856852","1","1153760","1.8671e-05","0.0041","G"
"4","Trait5","mrMLM","PstI.TP1010387","1","1174408","-7.1791e-06","0.0016","C"
"4","Trait5","mrMLM","NsiI.TP379925","1","1174994","1.0438e-05","0.0023","C"
"4","Trait5","mrMLM","PstI.TP775725","1","1175417","2.5044e-05","0.0055","A"
"4","Trait5","mrMLM","PstI.TP885953","1","1195721","1.0865e-05","0.0024","A"
"4","Trait5","mrMLM","PstI.TP530416","1","1196937","9.1723e-06","0.002","A"
"4","Trait5","mrMLM","NsiI.TP809990","1","1199529","0.0215","0.3144","G"
"4","Trait5","mrMLM","NsiI.TP621329","1","1209175","6.7062e-07","1e-04","C"
"4","Trait5","mrMLM","PstI.TP136460","1","1229717","-1.28e-05","0.0028","A"
"4","Trait5","mrMLM","NsiI.TP226174","1","1247110","-1.0306e-05","0.0022","C"
"4","Trait5","mrMLM","NsiI.TP622","1","1250740","1.0223e-05","0.0022","A"
"4","Trait5","mrMLM","PstI.TP952646","1","1257515","1.4417e-05","0.0031","A"
"4","Trait5","mrMLM","NsiI.TP429501","1","1266624","-5.9762e-06","0.0013","A"
"4","Trait5","mrMLM","PstI.TP112674","1","1270544","1.397e-06","3e-04","A"
"4","Trait5","mrMLM","NsiI.TP321202","1","1270981","-7.9249e-06","0.0017","A"
"4","Trait5","mrMLM","NsiI.TP321203","1","1270985","-0.0541","0.6927","A"
"4","Trait5","mrMLM","PstI.TP761288","1","1274696","-1.6586e-05","0.0036","G"
"4","Trait5","mrMLM","NsiI.TP83302","1","1275020","1.3828e-05","0.003","C"
"4","Trait5","mrMLM","PstI.TP250182","1","1293920","-0.0901","0.6873","A"
"4","Trait5","mrMLM","NsiI.TP139486","1","1336169","6.6134e-06","0.0014","A"
"4","Trait5","mrMLM","PstI.TP219964","1","1343660","7.983e-06","0.0017","C"
"4","Trait5","mrMLM","NsiI.TP280619","1","1353156","4.6516e-06","0.001","A"
"4","Trait5","mrMLM","NsiI.TP476134","1","1354429","-1.406e-05","0.0031","A"
"4","Trait5","mrMLM","PstI.TP919568","1","1369588","6.9171e-06","0.0015","A"
"4","Trait5","mrMLM","PstI.TP646654","1","1399111","-0.2039","1.394","A"
"4","Trait5","mrMLM","NsiI.TP279368","1","1408065","1.9043e-05","0.0042","C"
"4","Trait5","mrMLM","NsiI.TP408020","1","1421422","1.2994e-05","0.0028","A"
"4","Trait5","mrMLM","NsiI.TP72077","1","1422420","-0.0684","0.456","A"
"4","Trait5","mrMLM","GFSSContig11377_769","1","1481480","-2.8717e-06","6e-04","A"
"4","Trait5","mrMLM","NsiI.TP707218","1","1504041","0.3033","0.9909","A"
"4","Trait5","mrMLM","NsiI.TP229070","1","1511230","0.073","0.3298","A"
"4","Trait5","mrMLM","PstI.TP13650","1","1521127","2.4077e-06","5e-04","A"
"4","Trait5","mrMLM","PstI.TP329515","1","1537490","-3.1829e-05","0.007","C"
"4","Trait5","mrMLM","PstI.TP1121399","1","1542224","0.0058","0.1049","A"
"4","Trait5","mrMLM","NsiI.TP735901","1","1547162","0.0806","0.4714","A"
"4","Trait5","mrMLM","PstI.TP312988","1","1615878","-3.6275e-06","8e-04","C"
"4","Trait5","mrMLM","PstI.TP115729","1","1627848","-5.4648e-06","0.0012","C"
"4","Trait5","mrMLM","NsiI.TP287495","1","1629591","-2.3806e-05","0.0052","C"
"4","Trait5","mrMLM","NsiI.TP830386","1","1644699","-0.0642","0.4608","A"
"4","Trait5","mrMLM","PstI.TP1031399","1","1661159","-1.4954e-06","3e-04","C"
"4","Trait5","mrMLM","PstI.TP1294494","1","1663938","-0.2346","1.0556","C"
"4","Trait5","mrMLM","PstI.TP394777","1","1676644","-0.2012","1.6667","A"
"4","Trait5","mrMLM","PstI.TP455158","1","1676669","-0.1274","1.0259","A"
"4","Trait5","mrMLM","NsiI.TP796534","1","1682668","-8.19e-06","0.0018","A"
"4","Trait5","mrMLM","NsiI.TP709976","1","1682685","0.0017","0.0549","A"
"4","Trait5","mrMLM","NsiI.TP595268","1","1683111","-5.5369e-06","0.0012","A"
"4","Trait5","mrMLM","PstI.TP340129","1","1696284","1.3551e-05","0.003","C"
"4","Trait5","mrMLM","PstI.TP879262","1","1711195","0.0374","0.3217","C"
"4","Trait5","mrMLM","PstI.TP396517","1","1727743","-0.112","0.5453","C"
"4","Trait5","mrMLM","PstI.TP362194","1","1738428","-1.5839e-06","3e-04","C"
"4","Trait5","mrMLM","NsiI.TP257038","1","1777966","0.0584","0.5186","C"
"4","Trait5","mrMLM","NsiI.TP331446","1","1795203","5.8472e-06","0.0013","A"
"4","Trait5","mrMLM","PstI.TP404971","1","1802717","2.2618e-05","0.005","A"
"4","Trait5","mrMLM","PstI.TP752031","1","1812794","-0.0608","0.4821","C"
"4","Trait5","mrMLM","PstI.TP1164925","1","1823087","-1.2736e-05","0.0028","G"
"4","Trait5","mrMLM","PstI.TP267190","1","1826471","2.1152e-05","0.0046","C"
"4","Trait5","mrMLM","PstI.TP358550","1","1827875","-0.081","0.4149","C"
"4","Trait5","mrMLM","PstI.TP162847","1","1850794","0.1636","0.5401","A"
"4","Trait5","mrMLM","PstI.TP973765","1","1850824","-1.0487e-05","0.0023","A"
"4","Trait5","mrMLM","PstI.TP662746","1","1875120","1.0696e-05","0.0023","A"
"4","Trait5","mrMLM","NsiI.TP198999","1","1902613","1.7614e-05","0.0039","G"
"4","Trait5","mrMLM","PstI.TP569202","1","1913143","-1.9817e-05","0.0043","C"
"4","Trait5","mrMLM","PstI.TP193367","1","1929457","-1.9412e-05","0.0042","C"
"4","Trait5","mrMLM","PstI.TP1004354","1","1929463","-2.3663e-05","0.0052","G"
"4","Trait5","mrMLM","PstI.TP929619","1","1952038","-1.0798e-05","0.0024","A"
"4","Trait5","mrMLM","NsiI.TP501075","1","1970427","0.097","0.7897","A"
"4","Trait5","mrMLM","NsiI.TP212267","1","1974353","0.026","0.3334","C"
"4","Trait5","mrMLM","PstI.TP1073657","1","1992755","1.4886e-05","0.0033","C"
"4","Trait5","mrMLM","NsiI.TP346928","1","2007649","0.0072","0.1449","A"
"4","Trait5","mrMLM","NsiI.TP465382","1","2030255","0.1533","0.7793","C"
"4","Trait5","mrMLM","PstI.TP417865","1","2030761","-0.0021","0.0565","C"
"4","Trait5","mrMLM","NsiI.TP666080","1","2031570","-0.0085","0.1186","C"
"4","Trait5","mrMLM","NsiI.TP76995","1","2035657","-9.221e-06","0.002","A"
"4","Trait5","mrMLM","PstI.TP1108087","1","2058532","-1.0658e-05","0.0023","C"
"4","Trait5","mrMLM","NsiI.TP520381","1","2061408","-3.4657e-05","0.0076","C"
"4","Trait5","mrMLM","PstI.TP937968","1","2082361","9.6047e-06","0.0021","A"
"4","Trait5","mrMLM","PstI.TP885267","1","2084430","7.9009e-06","0.0017","A"
"4","Trait5","mrMLM","NsiI.TP522007","1","2084710","-7.7103e-06","0.0017","C"
"4","Trait5","mrMLM","PstI.TP871791","1","2088837","0.043","0.4922","A"
"4","Trait5","mrMLM","PstI.TP1172854","1","2090281","-0.0889","0.7332","C"
"4","Trait5","mrMLM","NsiI.TP412045","1","2102732","-1.0822e-05","0.0024","A"
"4","Trait5","mrMLM","NsiI.TP252447","1","2106782","-0.0046","0.0819","A"
"4","Trait5","mrMLM","PstI.TP194713","1","2118577","1.4318e-05","0.0031","C"
"4","Trait5","mrMLM","PstI.TP992189","1","2128106","-1.6902e-05","0.0037","A"
"4","Trait5","mrMLM","NsiI.TP224834","1","2135892","1.5697e-05","0.0034","C"
"4","Trait5","mrMLM","NsiI.TP812198","1","2141115","-2.4144e-06","5e-04","C"
"4","Trait5","mrMLM","PstI.TP1074104","1","2141726","0.0763","1.0399","A"
"4","Trait5","mrMLM","PstI.TP1161765","1","2167489","0.1261","0.4148","A"
"4","Trait5","mrMLM","PstI.TP99836","1","2167938","-2.9111e-05","0.0064","A"
"4","Trait5","mrMLM","PstI.TP127171","1","2168030","1.2526e-05","0.0027","C"
"4","Trait5","mrMLM","PstI.TP1142098","1","2178144","-1.6331e-05","0.0036","G"
"4","Trait5","mrMLM","NsiI.TP77014","1","2184209","-4.2499e-06","9e-04","A"
"4","Trait5","mrMLM","PstI.TP291430","1","2184590","-0.1193","1.5379","C"
"4","Trait5","mrMLM","PstI.TP19978","1","2238336","0.6152","2.264","A"
"4","Trait5","mrMLM","PstI.TP627948","1","2248757","-1.035e-05","0.0023","A"
"4","Trait5","mrMLM","PstI.TP456950","1","2253706","-1.6519e-05","0.0036","A"
"4","Trait5","mrMLM","NsiI.TP435455","1","2255018","7.3803e-06","0.0016","A"
"4","Trait5","mrMLM","GFSSContig18743_720","1","2267526","5.8237e-06","0.0013","A"
"4","Trait5","mrMLM","PstI.TP1294018","1","2280325","1.4783e-05","0.0032","C"
"4","Trait5","mrMLM","NsiI.TP452359","1","2295850","-0.1065","0.7056","C"
"4","Trait5","mrMLM","PstI.TP56186","1","2315028","-1.2613e-05","0.0028","A"
"4","Trait5","mrMLM","PstI.TP35983","1","2316412","0.0891","0.4784","A"
"4","Trait5","mrMLM","PstI.TP1078305","1","2344174","-1.2706e-05","0.0028","A"
"4","Trait5","mrMLM","NsiI.TP581618","1","2360930","-1.637e-05","0.0036","A"
"4","Trait5","mrMLM","PstI.TP167208","1","2365447","0.1334","1.096","A"
"4","Trait5","mrMLM","PstI.TP1070532","1","2365508","-1.5873e-05","0.0035","A"
"4","Trait5","mrMLM","PstI.TP435581","1","2382439","-1.5105e-05","0.0033","C"
"4","Trait5","mrMLM","NsiI.TP823476","1","2397333","-0.0093","0.1945","C"
"4","Trait5","mrMLM","PstI.TP962587","1","2401015","0.0705","0.3423","A"
"4","Trait5","mrMLM","PstI.TP1061070","1","2406219","-9.7787e-06","0.0021","C"
"4","Trait5","mrMLM","PstI.TP1270297","1","2407541","-1.035e-06","2e-04","A"
"4","Trait5","mrMLM","PstI.TP830503","1","2436800","-1.66e-06","4e-04","C"
"4","Trait5","mrMLM","PstI.TP1236997","1","2443424","0.056","0.5077","C"
"4","Trait5","mrMLM","PstI.TP653218","1","2466683","-1.5001e-05","0.0033","A"
"4","Trait5","mrMLM","PstI.TP731711","1","2484952","-1.0749e-05","0.0023","C"
"4","Trait5","mrMLM","PstI.TP584911","1","2497040","-4.124e-06","9e-04","C"
"4","Trait5","mrMLM","PstI.TP101400","1","2524399","-3.1681e-05","0.007","A"
"4","Trait5","mrMLM","PstI.TP87257","1","2524425","-7.3885e-06","0.0016","C"
"4","Trait5","mrMLM","NsiI.TP509743","1","2527815","2.3071e-05","0.0051","A"
"4","Trait5","mrMLM","PstI.TP1194780","1","2560012","8.6452e-06","0.0019","C"
"4","Trait5","mrMLM","PstI.TP1194789","1","2560027","-2.7406e-06","6e-04","A"
"4","Trait5","mrMLM","PstI.TP1194784","1","2560051","1.2883e-05","0.0028","G"
"4","Trait5","mrMLM","PstI.TP684585","1","2561805","0.0276","0.3056","A"
"4","Trait5","mrMLM","PstI.TP108989","1","2588793","1.1122e-05","0.0024","C"
"4","Trait5","mrMLM","PstI.TP1224775","1","2595649","-1.2343e-05","0.0027","A"
"4","Trait5","mrMLM","NsiI.TP814891","1","2595684","-2.3352e-05","0.0051","A"
"4","Trait5","mrMLM","PstI.TP966432","1","2596832","7.3015e-06","0.0016","A"
"4","Trait5","mrMLM","PstI.TP302196","1","2600097","0.0211","0.2362","C"
"4","Trait5","mrMLM","NsiI.TP421700","1","2601493","-4.5628e-06","0.001","A"
"4","Trait5","mrMLM","NsiI.TP486649","1","2601704","0.0962","0.5951","A"
"4","Trait5","mrMLM","NsiI.TP747936","1","2617302","-1.0251e-05","0.0022","C"
"4","Trait5","mrMLM","PstI.TP12220","1","2623236","-1.5463e-05","0.0034","A"
"4","Trait5","mrMLM","PstI.TP84372","1","2643915","0.0229","0.2164","C"
"4","Trait5","mrMLM","PstI.TP84374","1","2643932","-0.0448","0.4501","A"
"4","Trait5","mrMLM","PstI.TP1234629","1","2650110","-2.0194e-05","0.0044","C"
"4","Trait5","mrMLM","NsiI.TP262405","1","2659265","-0.0688","0.9076","A"
"4","Trait5","mrMLM","PstI.TP1095066","1","2661867","-2.0228e-05","0.0044","C"
"4","Trait5","mrMLM","NsiI.TP436355","1","2683471","-0.0712","0.389","C"
"4","Trait5","mrMLM","PstI.TP91366","1","2683935","-3.4911e-05","0.0077","G"
"4","Trait5","mrMLM","PstI.TP91367","1","2683983","2.199e-06","5e-04","C"
"4","Trait5","mrMLM","NsiI.TP262723","1","2701695","1.0251e-05","0.0022","C"
"4","Trait5","mrMLM","PstI.TP362461","1","2717854","2.1005e-05","0.0046","A"
"4","Trait5","mrMLM","NsiI.TP810022","1","2736782","-3.9781e-06","9e-04","A"
"4","Trait5","mrMLM","NsiI.TP346840","1","2737708","2.7304e-06","6e-04","A"
"4","Trait5","mrMLM","NsiI.TP612","1","2739494","-5.3307e-06","0.0012","C"
"4","Trait5","mrMLM","NsiI.TP543728","1","2758860","-2.7851e-05","0.0061","C"
"4","Trait5","mrMLM","NsiI.TP476081","1","2787885","-7.897e-06","0.0017","A"
"4","Trait5","mrMLM","PstI.TP1243434","1","2816817","8.7058e-06","0.0019","A"
"4","Trait5","mrMLM","PstI.TP441536","1","2816855","-4.3142e-05","0.0095","C"
"4","Trait5","mrMLM","PstI.TP1085601","1","2820903","1.2512e-05","0.0027","A"
"4","Trait5","mrMLM","NsiI.TP807937","1","2822504","-1.2138e-05","0.0026","C"
"4","Trait5","mrMLM","NsiI.TP307886","1","2823030","-0.0273","0.3947","A"
"4","Trait5","mrMLM","NsiI.TP603286","1","2837607","2.1107e-05","0.0046","C"
"4","Trait5","mrMLM","PstI.TP322672","1","2846372","-1.1917e-05","0.0026","A"
"4","Trait5","mrMLM","PstI.TP65696","1","2848477","7.2261e-06","0.0016","C"
"4","Trait5","mrMLM","PstI.TP1085884","1","2858599","-0.0103","0.1437","G"
"4","Trait5","mrMLM","NsiI.TP615715","1","2859563","2.0935e-05","0.0046","A"
"4","Trait5","mrMLM","NsiI.TP601192","1","2877217","-0.107","0.9134","A"
"4","Trait5","mrMLM","PstI.TP525202","1","2884119","-0.0187","0.181","A"
"4","Trait5","mrMLM","PstI.TP68906","1","2893380","0.0488","0.376","C"
"4","Trait5","mrMLM","NsiI.TP248493","1","2912143","2.8633e-05","0.0063","A"
"4","Trait5","mrMLM","NsiI.TP248494","1","2912156","-3.9264e-06","9e-04","G"
"4","Trait5","mrMLM","NsiI.TP800628","1","2914696","3.4687e-06","8e-04","A"
"4","Trait5","mrMLM","PstI.TP218456","1","2917050","0.0362","0.4199","C"
"4","Trait5","mrMLM","NsiI.TP472422","1","2943582","1.0907e-05","0.0024","A"
"4","Trait5","mrMLM","PstI.TP808618","1","2956046","-1.1897e-05","0.0026","A"
"4","Trait5","mrMLM","PstI.TP87177","1","2958035","-0.0306","0.4362","G"
"4","Trait5","mrMLM","PstI.TP910121","1","2970548","-3.5047e-06","8e-04","G"
"4","Trait5","mrMLM","NsiI.TP502177","1","2971516","-1.3966e-05","0.0031","A"
"4","Trait5","mrMLM","PstI.TP740841","1","2979318","0.0699","0.4236","G"
"4","Trait5","mrMLM","PstI.TP736503","1","2979376","-0.1288","1.799","A"
"4","Trait5","mrMLM","NsiI.TP795690","1","2979520","0.0079","0.1378","C"
"4","Trait5","mrMLM","PstI.TP23705","1","2985941","-0.1821","1.6858","A"
"4","Trait5","mrMLM","PstI.TP1268585","1","2988383","-0.0702","0.5321","C"
"4","Trait5","mrMLM","PstI.TP266209","1","3006594","0.0369","0.2844","A"
"4","Trait5","mrMLM","NsiI.TP474256","1","3014149","2.194e-05","0.0048","A"
"4","Trait5","mrMLM","NsiI.TP523557","1","3014710","-0.0886","0.7607","C"
"4","Trait5","mrMLM","PstI.TP1262838","1","3015902","-0.1046","0.7086","C"
"4","Trait5","mrMLM","PstI.TP526532","1","3016481","1.3373e-05","0.0029","C"
"4","Trait5","mrMLM","PstI.TP362775","1","3016582","0.0135","0.1934","C"
"4","Trait5","mrMLM","NsiI.TP307255","1","3020815","9.5595e-06","0.0021","C"
"4","Trait5","mrMLM","PstI.TP648800","1","3026447","-1.7175e-05","0.0038","A"
"4","Trait5","mrMLM","PstI.TP59735","1","3027630","7.294e-06","0.0016","A"
"4","Trait5","mrMLM","PstI.TP849876","1","3050119","2.7478e-05","0.006","C"
"4","Trait5","mrMLM","PstI.TP1268920","1","3050813","-1.6374e-05","0.0036","G"
"4","Trait5","mrMLM","NsiI.TP641200","1","3051168","-0.1294","0.5852","C"
"4","Trait5","mrMLM","PstI.TP691644","1","3081682","1.1487e-06","3e-04","A"
"4","Trait5","mrMLM","NsiI.TP603018","1","3084527","-2.7715e-06","6e-04","A"
"4","Trait5","mrMLM","NsiI.TP326185","1","3085249","3.1568e-06","7e-04","C"
"4","Trait5","mrMLM","PstI.TP496269","1","3093556","0.0501","0.2512","A"
"4","Trait5","mrMLM","PstI.TP47659","1","3099267","-0.049","0.2882","A"
"4","Trait5","mrMLM","PstI.TP47658","1","3099273","1.7646e-05","0.0039","A"
"4","Trait5","mrMLM","NsiI.TP810718","1","3099667","2.2412e-05","0.0049","C"
"4","Trait5","mrMLM","NsiI.TP624882","1","3100006","0.0555","0.3501","A"
"4","Trait5","mrMLM","PstI.TP768785","1","3108150","0.1091","0.7383","C"
"4","Trait5","mrMLM","NsiI.TP520698","1","3113038","-8.2872e-06","0.0018","C"
"4","Trait5","mrMLM","PstI.TP394468","1","3118128","-2.8618e-05","0.0063","A"
"4","Trait5","mrMLM","NsiI.TP749903","1","3170487","4.9457e-06","0.0011","C"
"4","Trait5","mrMLM","NsiI.TP542903","1","3218791","2.0175e-05","0.0044","A"
"4","Trait5","mrMLM","NsiI.TP231108","1","3222611","-2.1424e-05","0.0047","C"
"4","Trait5","mrMLM","NsiI.TP400110","1","3226080","-0.3375","1.5518","G"
"4","Trait5","mrMLM","PstI.TP21363","1","3287441","-5.6675e-06","0.0012","G"
"4","Trait5","mrMLM","PstI.TP1091652","1","3288560","8.0571e-07","2e-04","A"
"4","Trait5","mrMLM","NsiI.TP320544","1","3288804","1.6085e-05","0.0035","A"
"4","Trait5","mrMLM","PstI.TP919804","1","3298099","0.0128","0.1185","A"
"4","Trait5","mrMLM","NsiI.TP211514","1","3302756","-3.4908e-06","8e-04","C"
"4","Trait5","mrMLM","PstI.TP209693","1","3305106","-0.0933","0.5605","A"
"4","Trait5","mrMLM","PstI.TP269249","1","3305595","0.1888","1.149","C"
"4","Trait5","mrMLM","PstI.TP1184342","1","3305691","-0.0316","0.3732","A"
"4","Trait5","mrMLM","PstI.TP741170","1","3312416","-5.8334e-06","0.0013","A"
"4","Trait5","mrMLM","PstI.TP626124","1","3342723","-0.0241","0.1588","A"
"4","Trait5","mrMLM","NsiI.TP177729","1","3353639","3.8566e-05","0.0085","A"
"4","Trait5","mrMLM","NsiI.TP518551","1","3353724","-9.6377e-06","0.0021","C"
"4","Trait5","mrMLM","PstI.TP1279908","1","3354502","0.1618","1.0442","A"
"4","Trait5","mrMLM","PstI.TP1059573","1","3357749","-0.0603","0.4329","A"
"4","Trait5","mrMLM","NsiI.TP428684","1","3363336","-1.9902e-05","0.0044","A"
"4","Trait5","mrMLM","NsiI.TP582201","1","3374367","-0.1681","0.996","A"
"4","Trait5","mrMLM","NsiI.TP504485","1","3381640","-0.0926","0.4724","A"
"4","Trait5","mrMLM","PstI.TP1243055","1","3389055","9.1618e-06","0.002","A"
"4","Trait5","mrMLM","PstI.TP637101","1","3390212","-6.7089e-06","0.0015","A"
"4","Trait5","mrMLM","NsiI.TP260939","1","3396877","-2.8694e-05","0.0063","C"
"4","Trait5","mrMLM","PstI.TP1244443","1","3397749","-0.0021","0.0601","C"
"4","Trait5","mrMLM","NsiI.TP24278","1","3414839","-0.1333","0.7213","A"
"4","Trait5","mrMLM","PstI.TP632135","1","3443106","-7.2576e-06","0.0016","A"
"4","Trait5","mrMLM","NsiI.TP679512","1","3457260","-1.6985e-06","4e-04","A"
"4","Trait5","mrMLM","PstI.TP1199997","1","3471828","-1.1121e-05","0.0024","C"
"4","Trait5","mrMLM","PstI.TP757375","1","3471897","-0.1403","0.6855","A"
"4","Trait5","mrMLM","PstI.TP65781","1","3479205","1.3647e-05","0.003","A"
"4","Trait5","mrMLM","PstI.TP17640","1","3513489","-0.0272","0.2836","C"
"4","Trait5","mrMLM","PstI.TP726521","1","3535515","1.2186e-05","0.0027","C"
"4","Trait5","mrMLM","PstI.TP149871","1","3568761","-2.0682e-05","0.0045","C"
"4","Trait5","mrMLM","PstI.TP374511","1","3576636","2.7835e-05","0.0061","A"
"4","Trait5","mrMLM","PstI.TP1267977","1","3576713","-9.4787e-06","0.0021","A"
"4","Trait5","mrMLM","PstI.TP210807","1","3577073","1.0492e-05","0.0023","A"
"4","Trait5","mrMLM","PstI.TP217326","1","3620492","-0.024","0.207","G"
"4","Trait5","mrMLM","PstI.TP1155202","1","3620639","-1.17e-05","0.0026","A"
"4","Trait5","mrMLM","GFSSContig18013_689","1","3623605","1.4595e-05","0.0032","A"
"4","Trait5","mrMLM","GFSSContig1730_934","1","3627877","-0.0827","1.0024","A"
"4","Trait5","mrMLM","PstI.TP227791","1","3658866","1.414e-05","0.0031","A"
"4","Trait5","mrMLM","PstI.TP669284","1","3667773","-3.8145e-06","8e-04","C"
"4","Trait5","mrMLM","PstI.TP972367","1","3682483","1.0728e-06","2e-04","A"
"4","Trait5","mrMLM","PstI.TP12228","1","3683456","2.0742e-05","0.0045","C"
"4","Trait5","mrMLM","PstI.TP374309","1","3692759","-4.8162e-06","0.001","C"
"4","Trait5","mrMLM","PstI.TP961085","1","3705536","0.0269","0.3423","A"
"4","Trait5","mrMLM","PstI.TP21889","1","3705780","0.076","0.7621","A"
"4","Trait5","mrMLM","PstI.TP236358","1","3737433","-0.0708","0.5723","A"
"4","Trait5","mrMLM","PstI.TP339980","1","3742769","-2.1406e-05","0.0047","C"
"4","Trait5","mrMLM","NsiI.TP177313","1","3751879","-1.2837e-05","0.0028","C"
"4","Trait5","mrMLM","PstI.TP15894","1","3778286","-0.1145","0.5933","A"
"4","Trait5","mrMLM","PstI.TP353084","1","3778381","-0.0608","0.4488","A"
"4","Trait5","mrMLM","NsiI.TP38024","1","3799851","-0.0412","0.5317","C"
"4","Trait5","mrMLM","PstI.TP1175821","1","3851577","-1.0545e-05","0.0023","A"
"4","Trait5","mrMLM","NsiI.TP670277","1","3855543","7.1325e-06","0.0016","A"
"4","Trait5","mrMLM","PstI.TP12252","1","3868495","0.1028","1.1471","G"
"4","Trait5","mrMLM","PstI.TP84946","1","3887760","-0.2579","1.9589","C"
"4","Trait5","mrMLM","NsiI.TP730040","1","3910389","0.0063","0.1301","C"
"4","Trait5","mrMLM","NsiI.TP221823","1","3948125","-0.0081","0.0779","A"
"4","Trait5","mrMLM","PstI.TP1053336","1","3955998","2.119e-05","0.0046","A"
"4","Trait5","mrMLM","NsiI.TP403662","1","3957731","-6.5762e-06","0.0014","A"
"4","Trait5","mrMLM","NsiI.TP591769","1","3965582","0.0399","0.4585","A"
"4","Trait5","mrMLM","PstI.TP343137","1","3988996","-0.042","0.2997","C"
"4","Trait5","mrMLM","PstI.TP51305","1","3991347","-2.5882e-05","0.0057","C"
"4","Trait5","mrMLM","PstI.TP184548","1","4015875","-5.8859e-06","0.0013","C"
"4","Trait5","mrMLM","NsiI.TP227654","1","4023324","6.5509e-07","1e-04","C"
"4","Trait5","mrMLM","PstI.TP891020","1","4033768","1.9064e-05","0.0042","G"
"4","Trait5","mrMLM","PstI.TP1114972","1","4045057","8.7629e-07","2e-04","C"
"4","Trait5","mrMLM","PstI.TP1146887","1","4048849","0.0111","0.1305","C"
"4","Trait5","mrMLM","PstI.TP1007615","1","4064445","3.8741e-06","8e-04","A"
"4","Trait5","mrMLM","NsiI.TP418157","1","4070487","0.055","0.7562","G"
"4","Trait5","mrMLM","PstI.TP1266866","1","4075813","5.1894e-06","0.0011","A"
"4","Trait5","mrMLM","NsiI.TP564528","1","4080985","8.1492e-06","0.0018","C"
"4","Trait5","mrMLM","PstI.TP231983","1","4083370","0.0533","0.3184","C"
"4","Trait5","mrMLM","NsiI.TP673754","1","4124063","1.5671e-05","0.0034","C"
"4","Trait5","mrMLM","PstI.TP384512","1","4144052","4.923e-06","0.0011","A"
"4","Trait5","mrMLM","PstI.TP48404","1","4196705","1.2805e-05","0.0028","C"
"4","Trait5","mrMLM","NsiI.TP495513","1","4196957","1.2844e-05","0.0028","C"
"4","Trait5","mrMLM","NsiI.TP748831","1","4198755","-1.9324e-05","0.0042","A"
"4","Trait5","mrMLM","PstI.TP1160229","1","4204691","0.2824","0.8942","A"
"4","Trait5","mrMLM","PstI.TP17940","1","4209698","-1.8906e-06","4e-04","A"
"4","Trait5","mrMLM","PstI.TP346636","1","4227896","-2.4646e-06","5e-04","C"
"4","Trait5","mrMLM","PstI.TP539908","1","4267394","3.2319e-05","0.0071","C"
"4","Trait5","mrMLM","PstI.TP629259","1","4276027","-8.4872e-07","2e-04","C"
"4","Trait5","mrMLM","PstI.TP629254","1","4276045","5.3867e-06","0.0012","A"
"4","Trait5","mrMLM","NsiI.TP225206","1","4278964","9.1592e-06","0.002","A"
"4","Trait5","mrMLM","PstI.TP599866","1","4279155","1.105e-05","0.0024","C"
"4","Trait5","mrMLM","PstI.TP704354","1","4298455","-1.7465e-05","0.0038","G"
"4","Trait5","mrMLM","PstI.TP736289","1","4314719","1.4001e-05","0.0031","A"
"4","Trait5","mrMLM","NsiI.TP497468","1","4342825","1.6553e-05","0.0036","A"
"4","Trait5","mrMLM","PstI.TP911466","1","4343935","0.1088","0.7963","C"
"4","Trait5","mrMLM","PstI.TP820611","1","4393513","-0.2091","1.1844","A"
"4","Trait5","mrMLM","NsiI.TP188114","1","4401488","0.0359","0.2313","A"
"4","Trait5","mrMLM","NsiI.TP235210","1","4408895","9.2047e-06","0.002","A"
"4","Trait5","mrMLM","PstI.TP222764","1","4421935","-0.0896","0.605","A"
"4","Trait5","mrMLM","GFSSContig12925_418","1","4422459","-9.5164e-06","0.0021","T"
"4","Trait5","mrMLM","NsiI.TP693921","1","4440364","1.2611e-05","0.0028","A"
"4","Trait5","mrMLM","PstI.TP1014212","1","4444231","6.6225e-06","0.0014","C"
"4","Trait5","mrMLM","PstI.TP1161147","1","4451923","-0.0977","0.5059","A"
"4","Trait5","mrMLM","NsiI.TP414259","1","4455947","3.7909e-06","8e-04","C"
"4","Trait5","mrMLM","PstI.TP140451","1","4460094","1.9171e-05","0.0042","G"
"4","Trait5","mrMLM","NsiI.TP467384","1","4465685","1.127e-05","0.0025","C"
"4","Trait5","mrMLM","NsiI.TP39399","1","4465777","2.5422e-05","0.0056","C"
"4","Trait5","mrMLM","NsiI.TP432788","1","4467622","0.0462","0.6296","A"
"4","Trait5","mrMLM","NsiI.TP601351","1","4467655","-0.122","0.8225","A"
"4","Trait5","mrMLM","NsiI.TP486661","1","4467735","2.662e-05","0.0058","A"
"4","Trait5","mrMLM","NsiI.TP414683","1","4485212","-3.0817e-05","0.0068","A"
"4","Trait5","mrMLM","NsiI.TP675939","1","4512107","3.0603e-05","0.0067","C"
"4","Trait5","mrMLM","NsiI.TP370249","1","4530033","-1.8004e-05","0.0039","A"
"4","Trait5","mrMLM","PstI.TP403796","1","4535758","-0.0073","0.0859","A"
"4","Trait5","mrMLM","PstI.TP403850","1","4535788","-1.2811e-05","0.0028","A"
"4","Trait5","mrMLM","PstI.TP403890","1","4535793","1.1956e-05","0.0026","C"
"4","Trait5","mrMLM","NsiI.TP199266","1","4536282","-0.0177","0.2551","G"
"4","Trait5","mrMLM","PstI.TP1181755","1","4538349","3.303e-05","0.0072","C"
"4","Trait5","mrMLM","PstI.TP1250346","1","4555696","1.2731e-05","0.0028","A"
"4","Trait5","mrMLM","NsiI.TP340740","1","4578881","0.0326","0.3567","A"
"4","Trait5","mrMLM","PstI.TP131557","1","4584058","1.8797e-06","4e-04","A"
"4","Trait5","mrMLM","PstI.TP426347","1","4584143","-0.1551","1.2382","A"
"4","Trait5","mrMLM","PstI.TP508233","1","4588529","-1.3688e-05","0.003","C"
"4","Trait5","mrMLM","NsiI.TP384361","1","4589554","7.3361e-06","0.0016","C"
"4","Trait5","mrMLM","PstI.TP214969","1","4591303","1.5178e-06","3e-04","C"
"4","Trait5","mrMLM","NsiI.TP44353","1","4593181","6.5657e-06","0.0014","C"
"4","Trait5","mrMLM","NsiI.TP301688","1","4594203","1.1022e-05","0.0024","A"
"4","Trait5","mrMLM","PstI.TP1022656","1","4620609","-7.647e-06","0.0017","C"
"4","Trait5","mrMLM","NsiI.TP468762","1","4620729","5.0197e-06","0.0011","A"
"4","Trait5","mrMLM","GFSSContig15281_3466","1","4622395","2.6702e-05","0.0059","T"
"4","Trait5","mrMLM","PstI.TP1284267","1","4623696","-3.0873e-05","0.0068","C"
"4","Trait5","mrMLM","PstI.TP1009631","1","4625223","-1.5547e-05","0.0034","A"
"4","Trait5","mrMLM","NsiI.TP82287","1","4640346","-0.0911","1.1437","C"
"4","Trait5","mrMLM","NsiI.TP348206","1","4668970","-1.4719e-05","0.0032","A"
"4","Trait5","mrMLM","PstI.TP1176986","1","4675228","2.441e-05","0.0053","C"
"4","Trait5","mrMLM","PstI.TP1038860","1","4677799","-0.0169","0.2571","C"
"4","Trait5","mrMLM","PstI.TP982823","1","4677828","-3.6648e-05","0.0081","C"
"4","Trait5","mrMLM","PstI.TP253046","1","4690705","1.9598e-05","0.0043","A"
"4","Trait5","mrMLM","NsiI.TP391090","1","4693160","-0.0484","0.2598","A"
"4","Trait5","mrMLM","PstI.TP456930","1","4693819","1.5198e-05","0.0033","C"
"4","Trait5","mrMLM","NsiI.TP450894","1","4698796","1.1941e-05","0.0026","C"
"4","Trait5","mrMLM","PstI.TP307588","1","4762662","-0.0654","0.5124","A"
"4","Trait5","mrMLM","PstI.TP920636","1","4777048","-1.7935e-05","0.0039","A"
"4","Trait5","mrMLM","PstI.TP1168479","1","4789991","2.1963e-05","0.0048","C"
"4","Trait5","mrMLM","NsiI.TP664576","1","4800417","-0.0135","0.2312","G"
"4","Trait5","mrMLM","PstI.TP395577","1","4836167","1.2057e-05","0.0026","A"
"4","Trait5","mrMLM","PstI.TP885531","1","4878428","6.4093e-07","1e-04","A"
"4","Trait5","mrMLM","PstI.TP947391","1","4891496","-5.1658e-06","0.0011","C"
"4","Trait5","mrMLM","PstI.TP360448","1","4892312","3.7396e-06","8e-04","A"
"4","Trait5","mrMLM","PstI.TP683907","1","4900973","-2.4786e-05","0.0054","A"
"4","Trait5","mrMLM","NsiI.TP31575","1","4926728","1.0433e-05","0.0023","C"
"4","Trait5","mrMLM","NsiI.TP12890","1","4931988","-1.062e-05","0.0023","C"
"4","Trait5","mrMLM","PstI.TP912651","1","4932459","-9.0771e-06","0.002","A"
"4","Trait5","mrMLM","NsiI.TP21698","1","4937940","7.4428e-06","0.0016","A"
"4","Trait5","mrMLM","NsiI.TP326387","1","4938046","-1.268e-06","3e-04","C"
"4","Trait5","mrMLM","PstI.TP1100793","1","4939667","-0.0596","0.6187","A"
"4","Trait5","mrMLM","PstI.TP1056729","1","4939994","0.03","0.2817","C"
"4","Trait5","mrMLM","NsiI.TP157838","1","4943014","-2.229e-06","5e-04","A"
"4","Trait5","mrMLM","PstI.TP129148","1","4989914","-5.0394e-05","0.0111","A"
"4","Trait5","mrMLM","PstI.TP402201","1","4990012","0.0566","0.6455","A"
"4","Trait5","mrMLM","PstI.TP402429","1","4990016","-2.2476e-05","0.0049","C"
"4","Trait5","mrMLM","GFSSContig12956_423","1","4994838","-0.0218","0.1492","A"
"4","Trait5","mrMLM","NsiI.TP327562","1","5014848","0.1384","1.0831","A"
"4","Trait5","mrMLM","PstI.TP748688","1","5063937","2.1654e-05","0.0047","C"
"4","Trait5","mrMLM","PstI.TP1139990","1","5067430","-4.4821e-07","9.7549e-05","G"
"4","Trait5","mrMLM","PstI.TP220219","1","5091614","1.0089e-05","0.0022","A"
"4","Trait5","mrMLM","PstI.TP1279200","1","5095401","1.0682e-05","0.0023","C"
"4","Trait5","mrMLM","PstI.TP408948","1","5101286","1.1922e-05","0.0026","C"
"4","Trait5","mrMLM","PstI.TP1126882","1","5115206","-1.6729e-05","0.0037","A"
"4","Trait5","mrMLM","NsiI.TP396103","1","5130670","5.143e-06","0.0011","G"
"4","Trait5","mrMLM","NsiI.TP104521","1","5158944","-3.5046e-05","0.0077","C"
"4","Trait5","mrMLM","NsiI.TP732230","1","5223682","-8.7043e-06","0.0019","G"
"4","Trait5","mrMLM","PstI.TP803325","1","5232863","0.2114","1.1265","A"
"4","Trait5","mrMLM","PstI.TP946324","1","5257596","0.0596","0.6552","C"
"4","Trait5","mrMLM","NsiI.TP207745","1","5280145","-0.1897","1.6941","A"
"4","Trait5","mrMLM","NsiI.TP694711","1","5307532","1.4225e-05","0.0031","C"
"4","Trait5","mrMLM","PstI.TP684655","1","5379329","5.5604e-06","0.0012","A"
"4","Trait5","mrMLM","PstI.TP833660","1","5379490","7.5383e-06","0.0016","C"
"4","Trait5","mrMLM","PstI.TP1245993","1","5381667","-1.6047e-05","0.0035","C"
"4","Trait5","mrMLM","PstI.TP818000","1","5383679","0.1372","1.0117","A"
"4","Trait5","mrMLM","NsiI.TP186834","1","5384525","-1.5453e-05","0.0034","C"
"4","Trait5","mrMLM","PstI.TP833532","1","5408760","0.0517","0.5864","C"
"4","Trait5","mrMLM","PstI.TP213596","1","5408780","2.3962e-05","0.0052","A"
"4","Trait5","mrMLM","NsiI.TP183355","1","5408909","2.6973e-05","0.0059","C"
"4","Trait5","mrMLM","PstI.TP33116","1","5454770","-2.4527e-05","0.0054","A"
"4","Trait5","mrMLM","NsiI.TP556033","1","5459542","1.0068e-05","0.0022","C"
"4","Trait5","mrMLM","NsiI.TP693304","1","5459602","-1.3556e-05","0.003","A"
"4","Trait5","mrMLM","NsiI.TP574665","1","5460544","0.1149","0.5989","C"
"4","Trait5","mrMLM","NsiI.TP367540","1","5460609","7.419e-06","0.0016","C"
"4","Trait5","mrMLM","PstI.TP297431","1","5461181","-1.1707e-05","0.0026","G"
"4","Trait5","mrMLM","PstI.TP364708","1","5483501","-4.1272e-05","0.0091","C"
"4","Trait5","mrMLM","PstI.TP1027235","1","5483548","-3.4866e-05","0.0077","C"
"4","Trait5","mrMLM","NsiI.TP66130","1","5486828","3.4596e-05","0.0076","A"
"4","Trait5","mrMLM","PstI.TP1250143","1","5493583","1.6958e-05","0.0037","C"
"4","Trait5","mrMLM","PstI.TP58802","1","5496161","1.7517e-05","0.0038","A"
"4","Trait5","mrMLM","PstI.TP928135","1","5502147","1.5255e-05","0.0033","A"
"4","Trait5","mrMLM","PstI.TP209171","1","5529947","-0.1071","0.6385","A"
"4","Trait5","mrMLM","NsiI.TP199612","1","5531684","-4.8321e-06","0.0011","C"
"4","Trait5","mrMLM","PstI.TP9547","1","5534818","-1.6374e-05","0.0036","C"
"4","Trait5","mrMLM","PstI.TP476949","1","5536792","4.4379e-05","0.0098","A"
"4","Trait5","mrMLM","PstI.TP118830","1","5536868","1.4117e-06","3e-04","C"
"4","Trait5","mrMLM","PstI.TP137261","1","5540981","-0.0288","0.2867","A"
"4","Trait5","mrMLM","PstI.TP44335","1","5558934","3.4938e-05","0.0077","A"
"4","Trait5","mrMLM","PstI.TP1113834","1","5559012","-0.0658","0.5087","C"
"4","Trait5","mrMLM","PstI.TP291849","1","5571398","-6.1521e-06","0.0013","G"
"4","Trait5","mrMLM","PstI.TP134953","1","5571436","-7.1302e-06","0.0016","G"
"4","Trait5","mrMLM","NsiI.TP421037","1","5571751","-7.9871e-06","0.0017","A"
"4","Trait5","mrMLM","GFSSContig20018_283","1","5572945","1.8619e-05","0.0041","T"
"4","Trait5","mrMLM","PstI.TP1152372","1","5586472","0.0123","0.1618","A"
"4","Trait5","mrMLM","NsiI.TP251927","1","5599747","4e-04","0.0226","A"
"4","Trait5","mrMLM","PstI.TP32476","1","5631986","3.0467e-05","0.0067","A"
"4","Trait5","mrMLM","NsiI.TP83219","1","5636529","-0.0574","0.5268","A"
"4","Trait5","mrMLM","PstI.TP627555","1","5638058","1.4926e-05","0.0033","A"
"4","Trait5","mrMLM","PstI.TP984423","1","5649219","-0.0167","0.1574","C"
"4","Trait5","mrMLM","NsiI.TP279301","1","5652100","-0.0681","0.2533","C"
"4","Trait5","mrMLM","PstI.TP584919","1","5663458","1.1821e-05","0.0026","G"
"4","Trait5","mrMLM","NsiI.TP308650","1","5669500","-1.8589e-06","4e-04","A"
"4","Trait5","mrMLM","PstI.TP1280528","1","5674758","1.0781e-05","0.0024","A"
"4","Trait5","mrMLM","PstI.TP125117","1","5706174","-4.487e-06","0.001","A"
"4","Trait5","mrMLM","PstI.TP125118","1","5706204","1.2256e-05","0.0027","C"
"4","Trait5","mrMLM","PstI.TP980790","1","5717059","2.573e-06","6e-04","C"
"4","Trait5","mrMLM","NsiI.TP522455","1","5717942","1.9221e-05","0.0042","C"
"4","Trait5","mrMLM","NsiI.TP420896","1","5726246","-0.012","0.1702","A"
"4","Trait5","mrMLM","NsiI.TP313532","1","5727346","-0.0489","0.347","C"
"4","Trait5","mrMLM","PstI.TP808948","1","5727878","-1.124e-05","0.0025","C"
"4","Trait5","mrMLM","NsiI.TP568156","1","5733174","-0.0754","0.5398","A"
"4","Trait5","mrMLM","PstI.TP677745","1","5751851","8.1864e-07","2e-04","C"
"4","Trait5","mrMLM","PstI.TP356699","1","5752437","-6.923e-06","0.0015","G"
"4","Trait5","mrMLM","NsiI.TP678859","1","5757606","-0.0849","0.4757","A"
"4","Trait5","mrMLM","NsiI.TP423569","1","5760102","2.9229e-06","6e-04","A"
"4","Trait5","mrMLM","PstI.TP491506","1","5763887","-7.1616e-06","0.0016","C"
"4","Trait5","mrMLM","PstI.TP43585","1","5767419","-3.8952e-06","8e-04","A"
"4","Trait5","mrMLM","PstI.TP159233","1","5767483","9.493e-06","0.0021","C"
"4","Trait5","mrMLM","PstI.TP224103","1","5770168","-1.0295e-05","0.0022","A"
"4","Trait5","mrMLM","NsiI.TP494167","1","5774178","-1.0279e-05","0.0022","A"
"4","Trait5","mrMLM","PstI.TP716030","1","5777867","2.0429e-05","0.0045","A"
"4","Trait5","mrMLM","PstI.TP174008","1","5805470","-1.0783e-05","0.0024","C"
"4","Trait5","mrMLM","NsiI.TP522559","1","5821306","-0.0069","0.1095","A"
"4","Trait5","mrMLM","PstI.TP705967","1","5858828","-1.4209e-06","3e-04","C"
"4","Trait5","mrMLM","PstI.TP771091","1","5868071","0.0964","1.3982","A"
"4","Trait5","mrMLM","NsiI.TP530879","1","5870811","3.4719e-05","0.0076","A"
"4","Trait5","mrMLM","NsiI.TP530878","1","5870812","-4.971e-06","0.0011","A"
"4","Trait5","mrMLM","PstI.TP869720","1","5871355","0.0986","1.411","C"
"4","Trait5","mrMLM","PstI.TP134289","1","5884192","0.0423","0.3368","A"
"4","Trait5","mrMLM","NsiI.TP327602","1","5891442","-9.2645e-06","0.002","A"
"4","Trait5","mrMLM","NsiI.TP560132","1","5891509","9.4815e-06","0.0021","C"
"4","Trait5","mrMLM","PstI.TP352750","1","5892417","3.7932e-05","0.0083","C"
"4","Trait5","mrMLM","PstI.TP68903","1","5898727","0.0887","0.8605","C"
"4","Trait5","mrMLM","PstI.TP751807","1","5899520","0.0601","0.5785","A"
"4","Trait5","mrMLM","PstI.TP109454","1","5900665","0.0565","0.4023","C"
"4","Trait5","mrMLM","NsiI.TP375193","1","5909674","4.3158e-06","9e-04","A"
"4","Trait5","mrMLM","PstI.TP1252197","1","5912854","0.1212","0.8453","C"
"4","Trait5","mrMLM","PstI.TP302812","1","5912934","3.1324e-05","0.0069","A"
"4","Trait5","mrMLM","NsiI.TP473756","1","5929291","0.0766","0.6168","A"
"4","Trait5","mrMLM","NsiI.TP745811","1","5929386","1.427e-05","0.0031","A"
"4","Trait5","mrMLM","NsiI.TP554788","1","5933733","-0.1092","0.6881","C"
"4","Trait5","mrMLM","NsiI.TP397166","1","5939378","-1.7756e-05","0.0039","C"
"4","Trait5","mrMLM","NsiI.TP757731","1","5956239","0.0173","0.1488","A"
"4","Trait5","mrMLM","NsiI.TP623439","1","5964413","8.5411e-06","0.0019","C"
"4","Trait5","mrMLM","PstI.TP116123","1","5967108","0.0804","0.4813","A"
"4","Trait5","mrMLM","PstI.TP804275","1","5979740","1.7328e-05","0.0038","A"
"4","Trait5","mrMLM","NsiI.TP735045","1","5984469","-1.007e-05","0.0022","A"
"4","Trait5","mrMLM","PstI.TP1004899","1","5995547","4.5713e-06","0.001","A"
"4","Trait5","mrMLM","PstI.TP882936","1","5999154","0.1049","1.486","C"
"4","Trait5","mrMLM","PstI.TP523933","1","6018181","-0.0489","0.5587","C"
"4","Trait5","mrMLM","PstI.TP537665","1","6031806","2.9048e-06","6e-04","G"
"4","Trait5","mrMLM","NsiI.TP503481","1","6032580","-1.1425e-05","0.0025","G"
"4","Trait5","mrMLM","PstI.TP942384","1","6032710","4.7952e-06","0.001","C"
"4","Trait5","mrMLM","PstI.TP635333","1","6032769","-0.0727","0.5097","A"
"4","Trait5","mrMLM","NsiI.TP390317","1","6033387","-1.035e-05","0.0023","A"
"4","Trait5","mrMLM","NsiI.TP408642","1","6033586","-2.4317e-05","0.0053","A"
"4","Trait5","mrMLM","PstI.TP263594","1","6035364","0.0344","0.2251","A"
"4","Trait5","mrMLM","NsiI.TP681096","1","6060428","-1.0525e-05","0.0023","C"
"4","Trait5","mrMLM","PstI.TP1238583","1","6062331","2.3888e-06","5e-04","A"
"4","Trait5","mrMLM","PstI.TP8949","1","6074946","3.1206e-06","7e-04","C"
"4","Trait5","mrMLM","NsiI.TP336946","1","6074946","-7.8241e-06","0.0017","C"
"4","Trait5","mrMLM","NsiI.TP7164","1","6094801","-1.5156e-05","0.0033","A"
"4","Trait5","mrMLM","PstI.TP314566","1","6098764","-2.1877e-05","0.0048","A"
"4","Trait5","mrMLM","NsiI.TP257077","1","6103539","-0.0453","0.5961","C"
"4","Trait5","mrMLM","NsiI.TP330880","1","6105246","9.4647e-06","0.0021","C"
"4","Trait5","mrMLM","NsiI.TP102967","1","6105258","4.0267e-05","0.0089","A"
"4","Trait5","mrMLM","PstI.TP1092752","1","6105280","-1.6537e-05","0.0036","C"
"4","Trait5","mrMLM","NsiI.TP416737","1","6114038","8.1423e-06","0.0018","A"
"4","Trait5","mrMLM","PstI.TP914278","1","6116355","-1.4986e-05","0.0033","C"
"4","Trait5","mrMLM","PstI.TP850835","1","6117705","6.7027e-06","0.0015","A"
"4","Trait5","mrMLM","NsiI.TP123095","1","6127379","-1.89e-06","4e-04","C"
"4","Trait5","mrMLM","NsiI.TP673329","1","6130409","1.2274e-05","0.0027","A"
"4","Trait5","mrMLM","NsiI.TP433049","1","6132851","0.0055","0.0895","C"
"4","Trait5","mrMLM","NsiI.TP715263","1","6134311","-7.4587e-06","0.0016","A"
"4","Trait5","mrMLM","NsiI.TP715272","1","6134318","-0.1691","0.7594","A"
"4","Trait5","mrMLM","PstI.TP476157","1","6155212","-8.6409e-06","0.0019","G"
"4","Trait5","mrMLM","PstI.TP1104113","1","6159260","-0.2802","0.9221","A"
"4","Trait5","mrMLM","NsiI.TP476261","1","6164220","1.2193e-05","0.0027","A"
"4","Trait5","mrMLM","PstI.TP897862","1","6177514","-0.1792","1.1104","G"
"4","Trait5","mrMLM","PstI.TP722242","1","6187691","0.2021","0.8643","A"
"4","Trait5","mrMLM","NsiI.TP618448","1","6195922","1.1258e-05","0.0025","A"
"4","Trait5","mrMLM","NsiI.TP662821","1","6196406","-1.3667e-05","0.003","C"
"4","Trait5","mrMLM","NsiI.TP655173","1","6196412","0.3488","1.3178","C"
"4","Trait5","mrMLM","NsiI.TP655174","1","6196438","-6.2384e-06","0.0014","A"
"4","Trait5","mrMLM","NsiI.TP16286","1","6224788","2.1639e-05","0.0047","C"
"4","Trait5","mrMLM","PstI.TP13958","1","6228644","-2.4725e-05","0.0054","A"
"4","Trait5","mrMLM","PstI.TP915815","1","6240832","-3.7369e-06","8e-04","C"
"4","Trait5","mrMLM","PstI.TP1060862","1","6247131","-0.0399","0.3225","C"
"4","Trait5","mrMLM","PstI.TP175883","1","6248759","-9.7021e-06","0.0021","C"
"4","Trait5","mrMLM","NsiI.TP502213","1","6312443","0.1011","0.5006","C"
"4","Trait5","mrMLM","PstI.TP103404","1","6316783","-0.0969","0.4465","A"
"4","Trait5","mrMLM","PstI.TP706227","1","6336683","-1.2403e-05","0.0027","A"
"4","Trait5","mrMLM","PstI.TP593353","1","6363225","0.0287","0.345","C"
"4","Trait5","mrMLM","PstI.TP338428","1","6379340","-0.0263","0.3003","C"
"4","Trait5","mrMLM","PstI.TP137290","1","6379384","-0.0479","0.437","A"
"4","Trait5","mrMLM","PstI.TP1242505","1","6406612","2.1073e-05","0.0046","A"
"4","Trait5","mrMLM","NsiI.TP488601","1","6409370","0.0814","0.9205","C"
"4","Trait5","mrMLM","PstI.TP27373","1","6447059","0.0472","0.4926","A"
"4","Trait5","mrMLM","PstI.TP147640","1","6450994","-0.0441","0.2623","C"
"4","Trait5","mrMLM","NsiI.TP722435","1","6467881","-0.0745","0.7563","C"
"4","Trait5","mrMLM","NsiI.TP338338","1","6473754","2.6207e-05","0.0057","C"
"4","Trait5","mrMLM","NsiI.TP18644","1","6476966","-6.3853e-06","0.0014","A"
"4","Trait5","mrMLM","PstI.TP1033113","1","6482846","-0.0537","0.5375","A"
"4","Trait5","mrMLM","NsiI.TP258679","1","6486741","1.0477e-05","0.0023","A"
"4","Trait5","mrMLM","NsiI.TP164772","1","6509668","-5.384e-06","0.0012","A"
"4","Trait5","mrMLM","NsiI.TP327780","1","6511617","2.5098e-05","0.0055","C"
"4","Trait5","mrMLM","PstI.TP1015835","1","6514843","-9.3542e-06","0.002","A"
"4","Trait5","mrMLM","NsiI.TP468565","1","6537903","1.0572e-06","2e-04","A"
"4","Trait5","mrMLM","NsiI.TP80518","1","6543207","-2.446e-05","0.0054","C"
"4","Trait5","mrMLM","NsiI.TP166380","1","6560443","0.0555","0.5715","C"
"4","Trait5","mrMLM","PstI.TP547229","1","6574881","-2.3843e-05","0.0052","C"
"4","Trait5","mrMLM","PstI.TP36571","1","6574933","6.832e-06","0.0015","C"
"4","Trait5","mrMLM","PstI.TP1129801","1","6608649","1.2404e-05","0.0027","C"
"4","Trait5","mrMLM","PstI.TP380773","1","6608677","-1.2281e-05","0.0027","A"
"4","Trait5","mrMLM","NsiI.TP15605","1","6652808","-0.0587","0.2941","A"
"4","Trait5","mrMLM","PstI.TP17591","1","6662448","0.0123","0.1918","A"
"4","Trait5","mrMLM","NsiI.TP432880","1","6678801","0.0779","0.8933","A"
"4","Trait5","mrMLM","PstI.TP272307","1","6679965","2.8852e-05","0.0063","A"
"4","Trait5","mrMLM","NsiI.TP495375","1","6686209","0.1368","0.7492","A"
"4","Trait5","mrMLM","NsiI.TP174370","1","6704694","-1.8608e-05","0.0041","C"
"4","Trait5","mrMLM","NsiI.TP35346","1","6729137","2.0694e-06","5e-04","C"
"4","Trait5","mrMLM","NsiI.TP435157","1","6730511","0.2948","1.0176","C"
"4","Trait5","mrMLM","PstI.TP841428","1","6731433","-0.1908","0.6207","A"
"4","Trait5","mrMLM","PstI.TP1260294","1","6732655","-0.046","0.3822","A"
"4","Trait5","mrMLM","PstI.TP233341","1","6737757","1.2e-05","0.0026","A"
"4","Trait5","mrMLM","PstI.TP1245357","1","6748280","-0.0796","0.4841","A"
"4","Trait5","mrMLM","PstI.TP1136661","1","6752030","-0.0979","0.3983","G"
"4","Trait5","mrMLM","PstI.TP788176","1","6772518","1.6125e-05","0.0035","G"
"4","Trait5","mrMLM","NsiI.TP15291","1","6803475","-2.6245e-05","0.0058","C"
"4","Trait5","mrMLM","PstI.TP952153","1","6826200","-6.9579e-06","0.0015","A"
"4","Trait5","mrMLM","PstI.TP174889","1","6831469","7.2919e-06","0.0016","C"
"4","Trait5","mrMLM","NsiI.TP755257","1","6847773","-2.9261e-05","0.0064","A"
"4","Trait5","mrMLM","NsiI.TP17656","1","6853064","-1.8832e-05","0.0041","A"
"4","Trait5","mrMLM","NsiI.TP524908","1","6864736","-1.2465e-05","0.0027","A"
"4","Trait5","mrMLM","NsiI.TP165034","1","6885772","-2.7882e-07","6.0685e-05","C"
"4","Trait5","mrMLM","NsiI.TP750756","1","6898016","-7.2511e-06","0.0016","G"
"4","Trait5","mrMLM","NsiI.TP742565","1","6918112","-0.1835","0.8346","C"
"4","Trait5","mrMLM","PstI.TP857707","1","6924500","-1.8238e-05","0.004","C"
"4","Trait5","mrMLM","PstI.TP444825","1","6930877","-0.0241","0.1588","C"
"4","Trait5","mrMLM","NsiI.TP350497","1","6933742","3.4481e-06","8e-04","C"
"4","Trait5","mrMLM","PstI.TP403985","1","6941718","-0.1093","0.5056","A"
"4","Trait5","mrMLM","NsiI.TP696604","1","6941882","-6.4167e-06","0.0014","C"
"4","Trait5","mrMLM","NsiI.TP800074","1","6979429","0.146","0.7585","C"
"4","Trait5","mrMLM","NsiI.TP699899","1","6980288","-3.2443e-06","7e-04","A"
"4","Trait5","mrMLM","NsiI.TP405440","1","6998861","-2.2195e-05","0.0049","A"
"4","Trait5","mrMLM","PstI.TP806450","1","7007771","-2.7158e-06","6e-04","C"
"4","Trait5","mrMLM","NsiI.TP431278","1","7013198","1.3758e-05","0.003","C"
"4","Trait5","mrMLM","PstI.TP77052","1","7028361","-0.1723","0.8981","A"
"4","Trait5","mrMLM","NsiI.TP552974","1","7084312","2.9395e-06","6e-04","C"
"4","Trait5","mrMLM","PstI.TP830642","1","7094544","-0.0125","0.124","A"
"4","Trait5","mrMLM","NsiI.TP697083","1","7095095","9.69e-06","0.0021","A"
"4","Trait5","mrMLM","PstI.TP490597","1","7096187","-1.4793e-05","0.0032","C"
"4","Trait5","mrMLM","PstI.TP283842","1","7099312","0.1085","0.8783","A"
"4","Trait5","mrMLM","PstI.TP917625","1","7104916","-1.0457e-05","0.0023","A"
"4","Trait5","mrMLM","PstI.TP763419","1","7119829","-2.3847e-05","0.0052","A"
"4","Trait5","mrMLM","GFSSContig3389_148","1","7132238","0.1286","0.5297","A"
"4","Trait5","mrMLM","GFSSContig3389_68","1","7132320","2.971e-05","0.0065","A"
"4","Trait5","mrMLM","NsiI.TP383926","1","7140839","1.8189e-06","4e-04","A"
"4","Trait5","mrMLM","NsiI.TP821685","1","7143597","4.9863e-05","0.011","C"
"4","Trait5","mrMLM","NsiI.TP587336","1","7189824","-0.0337","0.391","C"
"4","Trait5","mrMLM","NsiI.TP508091","1","7192741","0.0888","0.805","A"
"4","Trait5","mrMLM","PstI.TP295203","1","7196786","-0.0643","0.4028","C"
"4","Trait5","mrMLM","PstI.TP443586","1","7215893","-1.3429e-05","0.0029","A"
"4","Trait5","mrMLM","PstI.TP1064562","1","7218368","-1.5997e-05","0.0035","C"
"4","Trait5","mrMLM","PstI.TP270146","1","7218381","-1.4396e-05","0.0031","C"
"4","Trait5","mrMLM","PstI.TP488378","1","7260223","1.0679e-05","0.0023","C"
"4","Trait5","mrMLM","PstI.TP485051","1","7260226","0.0212","0.264","A"
"4","Trait5","mrMLM","PstI.TP356624","1","7268772","0.0022","0.0758","A"
"4","Trait5","mrMLM","PstI.TP523453","1","7269176","0.0876","0.9207","A"
"4","Trait5","mrMLM","PstI.TP864797","1","7318382","-1.6629e-05","0.0036","C"
"4","Trait5","mrMLM","NsiI.TP375218","1","7321465","1.0165e-05","0.0022","A"
"4","Trait5","mrMLM","PstI.TP1268689","1","7325012","-3.4495e-05","0.0076","A"
"4","Trait5","mrMLM","PstI.TP1166579","1","7326576","-0.0389","0.4562","A"
"4","Trait5","mrMLM","PstI.TP1164717","1","7326599","2.6174e-05","0.0057","A"
"4","Trait5","mrMLM","PstI.TP451905","1","7339832","-1.2189e-05","0.0027","A"
"4","Trait5","mrMLM","PstI.TP1272378","1","7340536","-0.0532","0.3356","A"
"4","Trait5","mrMLM","PstI.TP867155","1","7342618","1.8554e-05","0.0041","G"
"4","Trait5","mrMLM","PstI.TP1288486","1","7349710","9.8244e-06","0.0021","C"
"4","Trait5","mrMLM","NsiI.TP481176","1","7350098","-0.0111","0.1688","A"
"4","Trait5","mrMLM","PstI.TP227789","1","7378209","-0.0086","0.1642","A"
"4","Trait5","mrMLM","NsiI.TP693536","1","7378433","2.4054e-05","0.0053","C"
"4","Trait5","mrMLM","PstI.TP85559","1","7403508","3.1484e-06","7e-04","A"
"4","Trait5","mrMLM","NsiI.TP573749","1","7405642","4.5108e-07","9.8177e-05","A"
"4","Trait5","mrMLM","PstI.TP1223757","1","7405753","9.4653e-06","0.0021","A"
"4","Trait5","mrMLM","PstI.TP541656","1","7412397","1.5719e-05","0.0034","C"
"4","Trait5","mrMLM","PstI.TP131472","1","7412958","-0.1953","1.6359","A"
"4","Trait5","mrMLM","NsiI.TP711626","1","7413388","6.7535e-06","0.0015","A"
"4","Trait5","mrMLM","PstI.TP682958","1","7415360","-0.2318","0.8394","C"
"4","Trait5","mrMLM","NsiI.TP327206","1","7415373","3.9019e-07","8.493e-05","A"
"4","Trait5","mrMLM","NsiI.TP182523","1","7448300","-1.2907e-06","3e-04","C"
"4","Trait5","mrMLM","PstI.TP712786","1","7449325","-1.2211e-05","0.0027","C"
"4","Trait5","mrMLM","PstI.TP1253759","1","7461235","2.4959e-05","0.0055","C"
"4","Trait5","mrMLM","PstI.TP1187500","1","7475596","1.0491e-06","2e-04","C"
"4","Trait5","mrMLM","NsiI.TP136347","1","7481771","4.8344e-06","0.0011","C"
"4","Trait5","mrMLM","PstI.TP1137764","1","7486769","7.6937e-06","0.0017","A"
"4","Trait5","mrMLM","NsiI.TP753612","1","7487168","2.0577e-05","0.0045","C"
"4","Trait5","mrMLM","PstI.TP222720","1","7498619","1.946e-05","0.0043","A"
"4","Trait5","mrMLM","PstI.TP222721","1","7498625","1.194e-05","0.0026","A"
"4","Trait5","mrMLM","PstI.TP808037","1","7511635","4.1765e-06","9e-04","G"
"4","Trait5","mrMLM","NsiI.TP19429","1","7547599","0.0451","0.3637","A"
"4","Trait5","mrMLM","PstI.TP965574","1","7554758","5.9124e-06","0.0013","C"
"4","Trait5","mrMLM","PstI.TP132412","1","7566497","-2.6008e-05","0.0057","G"
"4","Trait5","mrMLM","PstI.TP1173447","1","7571007","-0.0468","0.3139","C"
"4","Trait5","mrMLM","PstI.TP997163","1","7572170","0.0525","0.2091","C"
"4","Trait5","mrMLM","PstI.TP478499","1","7597039","8.6364e-06","0.0019","A"
"4","Trait5","mrMLM","NsiI.TP362892","1","7605926","5.3396e-06","0.0012","C"
"4","Trait5","mrMLM","PstI.TP782688","1","7620667","-5.8341e-06","0.0013","A"
"4","Trait5","mrMLM","NsiI.TP80819","1","7639391","-2.0514e-05","0.0045","C"
"4","Trait5","mrMLM","NsiI.TP574677","1","7669097","-2.4336e-06","5e-04","A"
"4","Trait5","mrMLM","PstI.TP91633","1","7693586","0.0237","0.3266","A"
"4","Trait5","mrMLM","PstI.TP800858","1","7750707","-2.5619e-05","0.0056","A"
"4","Trait5","mrMLM","NsiI.TP439369","1","7767929","-0.0458","0.5103","G"
"4","Trait5","mrMLM","GFSSContig11950_1194","1","7790962","-2.372e-06","5e-04","A"
"4","Trait5","mrMLM","PstI.TP750814","1","7812784","0.2812","1.5087","C"
"4","Trait5","mrMLM","NsiI.TP441010","1","7822032","-1.2657e-05","0.0028","A"
"4","Trait5","mrMLM","NsiI.TP432315","1","7822652","0.0139","0.2308","A"
"4","Trait5","mrMLM","PstI.TP1180459","1","7823272","-1.9779e-05","0.0043","G"
"4","Trait5","mrMLM","NsiI.TP322696","1","7823312","-2.9221e-05","0.0064","A"
"4","Trait5","mrMLM","PstI.TP614866","1","7824409","0.1393","0.6171","A"
"4","Trait5","mrMLM","PstI.TP614858","1","7824443","1.8347e-05","0.004","A"
"4","Trait5","mrMLM","NsiI.TP716260","1","7827928","0.0192","0.235","C"
"4","Trait5","mrMLM","PstI.TP49145","1","7849275","-2.4785e-05","0.0054","A"
"4","Trait5","mrMLM","PstI.TP1018555","1","7893116","3.431e-05","0.0075","G"
"4","Trait5","mrMLM","PstI.TP973605","1","7933170","2.2048e-05","0.0048","G"
"4","Trait5","mrMLM","PstI.TP316058","1","7952093","-4.1913e-06","9e-04","A"
"4","Trait5","mrMLM","PstI.TP972953","1","7984963","0.0467","0.5492","C"
"4","Trait5","mrMLM","PstI.TP1047052","1","7985231","-6.7602e-06","0.0015","A"
"4","Trait5","mrMLM","PstI.TP516878","1","8001249","2.6103e-05","0.0057","C"
"4","Trait5","mrMLM","PstI.TP410206","1","8001262","-2.7328e-05","0.006","C"
"4","Trait5","mrMLM","PstI.TP815194","1","8017699","-9.4086e-06","0.0021","C"
"4","Trait5","mrMLM","NsiI.TP667968","1","8018554","0.0027","0.0413","A"
"4","Trait5","mrMLM","PstI.TP599293","1","8022382","-0.0335","0.3076","G"
"4","Trait5","mrMLM","PstI.TP351745","1","8023481","-5.4348e-06","0.0012","A"
"4","Trait5","mrMLM","PstI.TP215410","1","8027580","0.1245","0.6292","A"
"4","Trait5","mrMLM","PstI.TP36329","1","8029204","-0.1077","0.5145","A"
"4","Trait5","mrMLM","PstI.TP487966","1","8034394","2.3525e-06","5e-04","C"
"4","Trait5","mrMLM","NsiI.TP233805","1","8084301","1.464e-05","0.0032","A"
"4","Trait5","mrMLM","PstI.TP1289285","1","8099310","6.0914e-06","0.0013","C"
"4","Trait5","mrMLM","NsiI.TP273737","1","8121676","5.4314e-06","0.0012","C"
"4","Trait5","mrMLM","NsiI.TP137978","1","8153110","1.5441e-05","0.0034","C"
"4","Trait5","mrMLM","PstI.TP333544","1","8155694","7.2635e-06","0.0016","A"
"4","Trait5","mrMLM","NsiI.TP493332","1","8165777","-1.4614e-06","3e-04","C"
"4","Trait5","mrMLM","NsiI.TP681203","1","8181678","1.3003e-06","3e-04","A"
"4","Trait5","mrMLM","NsiI.TP293258","1","8225860","2.0108e-05","0.0044","C"
"4","Trait5","mrMLM","PstI.TP1183980","1","8236582","-9.4092e-06","0.0021","A"
"4","Trait5","mrMLM","PstI.TP1008494","1","8261177","2.3279e-05","0.0051","C"
"4","Trait5","mrMLM","NsiI.TP470387","1","8323609","-0.0657","0.4919","C"
"4","Trait5","mrMLM","NsiI.TP527730","1","8328407","-8.4844e-06","0.0019","A"
"4","Trait5","mrMLM","NsiI.TP416698","1","8330137","-3.7297e-06","8e-04","C"
"4","Trait5","mrMLM","NsiI.TP699098","1","8330261","0.0017","0.0469","C"
"4","Trait5","mrMLM","PstI.TP308053","1","8330660","-0.0581","0.4094","A"
"4","Trait5","mrMLM","PstI.TP402756","1","8332613","2.3936e-06","5e-04","A"
"4","Trait5","mrMLM","PstI.TP1246915","1","8333935","1.9353e-05","0.0042","C"
"4","Trait5","mrMLM","PstI.TP505448","1","8333987","0.0615","0.458","A"
"4","Trait5","mrMLM","PstI.TP235369","1","8337767","0.2082","1.0084","A"
"4","Trait5","mrMLM","PstI.TP158030","1","8374092","9.8229e-06","0.0021","G"
"4","Trait5","mrMLM","PstI.TP267968","1","8374215","-3.0906e-05","0.0068","C"
"4","Trait5","mrMLM","NsiI.TP439818","1","8391383","1.0713e-05","0.0023","C"
"4","Trait5","mrMLM","NsiI.TP229515","1","8404214","0.0445","0.3016","G"
"4","Trait5","mrMLM","PstI.TP749462","1","8424107","2.4046e-06","5e-04","C"
"4","Trait5","mrMLM","NsiI.TP8168","1","8446627","-5.8781e-06","0.0013","A"
"4","Trait5","mrMLM","PstI.TP623961","1","8461485","0.0286","0.1435","A"
"4","Trait5","mrMLM","PstI.TP944743","1","8504253","1.0483e-05","0.0023","C"
"4","Trait5","mrMLM","PstI.TP932750","1","8517660","-1.1817e-05","0.0026","A"
"4","Trait5","mrMLM","PstI.TP424566","1","8533790","0.0015","0.0491","C"
"4","Trait5","mrMLM","PstI.TP983141","1","8569458","-7.2241e-06","0.0016","C"
"4","Trait5","mrMLM","PstI.TP1199160","1","8608908","-4.0405e-06","9e-04","C"
"4","Trait5","mrMLM","PstI.TP453539","1","8609113","0.0525","0.4562","A"
"4","Trait5","mrMLM","PstI.TP426455","1","8609159","2.7296e-05","0.006","C"
"4","Trait5","mrMLM","PstI.TP422394","1","8609166","-1.2553e-05","0.0027","A"
"4","Trait5","mrMLM","NsiI.TP423962","1","8615505","1.0083e-05","0.0022","A"
"4","Trait5","mrMLM","PstI.TP207082","1","8617526","-0.1024","0.7453","A"
"4","Trait5","mrMLM","PstI.TP1126600","1","8679457","-2.732e-05","0.006","C"
"4","Trait5","mrMLM","NsiI.TP182744","1","8680205","-4.5974e-06","0.001","A"
"4","Trait5","mrMLM","NsiI.TP380223","1","8717061","1.5477e-05","0.0034","G"
"4","Trait5","mrMLM","PstI.TP226344","1","8781728","1.0286e-05","0.0022","A"
"4","Trait5","mrMLM","NsiI.TP470210","1","8785660","-1.4057e-05","0.0031","A"
"4","Trait5","mrMLM","NsiI.TP602586","1","8818270","3.6762e-06","8e-04","G"
"4","Trait5","mrMLM","PstI.TP545486","1","8870035","-5.1888e-06","0.0011","C"
"4","Trait5","mrMLM","NsiI.TP747813","1","8871075","-0.0169","0.2334","G"
"4","Trait5","mrMLM","GFSSContig64_325","1","8871969","-4.0628e-05","0.0089","C"
"4","Trait5","mrMLM","PstI.TP616681","1","8881601","-6.0172e-06","0.0013","A"
"4","Trait5","mrMLM","NsiI.TP164568","1","8896362","0.0208","0.1378","C"
"4","Trait5","mrMLM","NsiI.TP360890","1","8910052","-0.0781","0.6519","A"
"4","Trait5","mrMLM","PstI.TP1252518","1","8923236","4.7878e-07","1e-04","A"
"4","Trait5","mrMLM","PstI.TP302093","1","8923298","2.0775e-06","5e-04","C"
"4","Trait5","mrMLM","NsiI.TP811359","1","8934388","-1.3055e-05","0.0029","G"
"4","Trait5","mrMLM","NsiI.TP770403","1","8937989","-1.5847e-06","3e-04","C"
"4","Trait5","mrMLM","NsiI.TP519390","1","8948456","-0.0206","0.2785","A"
"4","Trait5","mrMLM","PstI.TP1141085","1","8948758","-3.6609e-05","0.008","A"
"4","Trait5","mrMLM","NsiI.TP195586","1","8957745","0.0171","0.2254","A"
"4","Trait5","mrMLM","NsiI.TP43893","1","8964777","-0.098","0.5705","C"
"4","Trait5","mrMLM","NsiI.TP556825","1","8977552","1.9651e-05","0.0043","A"
"4","Trait5","mrMLM","NsiI.TP31528","1","8991859","-2.3908e-05","0.0052","G"
"4","Trait5","mrMLM","PstI.TP1278633","1","8999171","1.8334e-05","0.004","A"
"4","Trait5","mrMLM","PstI.TP1278283","1","8999172","3.1506e-06","7e-04","C"
"4","Trait5","mrMLM","NsiI.TP323856","1","8999199","-0.0399","0.4096","A"
"4","Trait5","mrMLM","PstI.TP461927","1","9014162","-2.4016e-07","5.2267e-05","A"
"4","Trait5","mrMLM","PstI.TP13498","1","9028575","0.1012","0.5428","A"
"4","Trait5","mrMLM","PstI.TP691226","1","9036242","-3.241e-06","7e-04","C"
"4","Trait5","mrMLM","PstI.TP691225","1","9036250","-4.3607e-06","9e-04","G"
"4","Trait5","mrMLM","NsiI.TP820715","1","9036320","0.204","0.8187","C"
"4","Trait5","mrMLM","PstI.TP443245","1","9039678","-0.0366","0.2484","C"
"4","Trait5","mrMLM","PstI.TP294671","1","9046587","-0.0958","0.6704","C"
"4","Trait5","mrMLM","PstI.TP978811","1","9073364","-0.0012","0.0315","C"
"4","Trait5","mrMLM","NsiI.TP638869","1","9092999","-3.4337e-05","0.0075","C"
"4","Trait5","mrMLM","NsiI.TP370563","1","9097286","1.138e-06","2e-04","C"
"4","Trait5","mrMLM","NsiI.TP810588","1","9097347","2.9148e-05","0.0064","A"
"4","Trait5","mrMLM","PstI.TP306038","1","9108367","-0.0395","0.2409","G"
"4","Trait5","mrMLM","PstI.TP1170262","1","9115102","1.7941e-05","0.0039","C"
"4","Trait5","mrMLM","PstI.TP19191","1","9116254","-2.7085e-05","0.0059","C"
"4","Trait5","mrMLM","PstI.TP542649","1","9116308","-1.4679e-05","0.0032","C"
"4","Trait5","mrMLM","PstI.TP550784","1","9140137","-1.5552e-05","0.0034","A"
"4","Trait5","mrMLM","PstI.TP581769","1","9144035","-2.1405e-06","5e-04","A"
"4","Trait5","mrMLM","NsiI.TP7530","1","9158277","0.0905","0.5743","G"
"4","Trait5","mrMLM","NsiI.TP6770","1","9158281","-8.5328e-06","0.0019","C"
"4","Trait5","mrMLM","NsiI.TP359148","1","9159698","1.0391e-05","0.0023","A"
"4","Trait5","mrMLM","NsiI.TP728992","1","9172687","-9.383e-07","2e-04","A"
"4","Trait5","mrMLM","PstI.TP1044672","1","9184815","-0.0716","0.7001","G"
"4","Trait5","mrMLM","NsiI.TP268407","1","9186650","-8.1613e-06","0.0018","C"
"4","Trait5","mrMLM","NsiI.TP695856","1","9199595","8.5076e-06","0.0019","A"
"4","Trait5","mrMLM","NsiI.TP300557","1","9206508","-0.0177","0.1259","A"
"4","Trait5","mrMLM","NsiI.TP202476","1","9213658","0.1798","1.1618","C"
"4","Trait5","mrMLM","NsiI.TP689945","1","9238139","-5.2339e-06","0.0011","A"
"4","Trait5","mrMLM","NsiI.TP703710","1","9238146","1.127e-06","2e-04","A"
"4","Trait5","mrMLM","PstI.TP199606","1","9270277","-3.4732e-05","0.0076","A"
"4","Trait5","mrMLM","PstI.TP745827","1","9270379","-2.1104e-05","0.0046","A"
"4","Trait5","mrMLM","NsiI.TP634289","1","9273457","1.6016e-05","0.0035","C"
"4","Trait5","mrMLM","NsiI.TP564360","1","9273495","3.1642e-05","0.0069","C"
"4","Trait5","mrMLM","NsiI.TP528646","1","9273547","-1.9425e-05","0.0042","A"
"4","Trait5","mrMLM","PstI.TP199603","1","9274102","-0.1186","0.6876","A"
"4","Trait5","mrMLM","PstI.TP456141","1","9284445","-0.1741","1.1262","C"
"4","Trait5","mrMLM","PstI.TP874167","1","9284942","-9.6585e-06","0.0021","A"
"4","Trait5","mrMLM","PstI.TP107393","1","9287566","-0.1187","0.722","A"
"4","Trait5","mrMLM","PstI.TP1222623","1","9291501","2.1488e-05","0.0047","A"
"4","Trait5","mrMLM","NsiI.TP420080","1","9300080","-8.9967e-06","0.002","A"
"4","Trait5","mrMLM","NsiI.TP180655","1","9315536","1.9898e-05","0.0044","C"
"4","Trait5","mrMLM","PstI.TP1193907","1","9320037","-1.6919e-05","0.0037","A"
"4","Trait5","mrMLM","NsiI.TP769756","1","9322002","-0.7587","3.3481","A"
"4","Trait5","mrMLM","PstI.TP1094183","1","9329880","-1.5837e-05","0.0035","C"
"4","Trait5","mrMLM","NsiI.TP410576","1","9344162","4.7817e-06","0.001","C"
"4","Trait5","mrMLM","PstI.TP20556","1","9376087","7.4015e-06","0.0016","C"
"4","Trait5","mrMLM","PstI.TP662300","1","9383388","-1.3628e-05","0.003","A"
"4","Trait5","mrMLM","PstI.TP513098","1","9384357","4.5058e-07","9.8076e-05","C"
"4","Trait5","mrMLM","NsiI.TP757835","1","9414257","-2.5235e-05","0.0055","C"
"4","Trait5","mrMLM","PstI.TP56378","1","9447320","-2.1403e-05","0.0047","C"
"4","Trait5","mrMLM","PstI.TP122068","1","9447751","1.98e-05","0.0043","C"
"4","Trait5","mrMLM","PstI.TP180963","1","9447770","5.5999e-06","0.0012","C"
"4","Trait5","mrMLM","NsiI.TP793729","1","9458454","-4.6967e-06","0.001","C"
"4","Trait5","mrMLM","NsiI.TP620442","1","9479442","4.6584e-06","0.001","A"
"4","Trait5","mrMLM","NsiI.TP809833","1","9480634","1.536e-05","0.0034","A"
"4","Trait5","mrMLM","PstI.TP180524","1","9482127","-8.0803e-06","0.0018","A"
"4","Trait5","mrMLM","PstI.TP974726","1","9504539","2.7659e-05","0.0061","G"
"4","Trait5","mrMLM","NsiI.TP134750","1","9511955","-6.4152e-07","1e-04","A"
"4","Trait5","mrMLM","PstI.TP1221215","1","9512741","0.1207","1.611","C"
"4","Trait5","mrMLM","PstI.TP1102970","1","9514931","1.7015e-05","0.0037","C"
"4","Trait5","mrMLM","NsiI.TP523277","1","9547342","1.0822e-05","0.0024","C"
"4","Trait5","mrMLM","NsiI.TP237314","1","9552373","-2.8532e-07","6.2094e-05","C"
"4","Trait5","mrMLM","PstI.TP701371","1","9558859","-0.0425","0.2854","C"
"4","Trait5","mrMLM","PstI.TP1174311","1","9559149","0.0427","0.4103","A"
"4","Trait5","mrMLM","PstI.TP1174312","1","9559160","2.9525e-05","0.0065","C"
"4","Trait5","mrMLM","PstI.TP493750","1","9561853","-2.6415e-05","0.0058","C"
"4","Trait5","mrMLM","PstI.TP1193219","1","9570148","-0.0603","0.4005","C"
"4","Trait5","mrMLM","PstI.TP48695","1","9570766","-0.0675","0.637","A"
"4","Trait5","mrMLM","NsiI.TP424199","1","9579619","0.0273","0.1612","A"
"4","Trait5","mrMLM","PstI.TP1238244","1","9585113","7.6279e-06","0.0017","A"
"4","Trait5","mrMLM","NsiI.TP174012","1","9619772","-0.0239","0.1754","A"
"4","Trait5","mrMLM","PstI.TP1286999","1","9623485","-0.1865","2.0896","A"
"4","Trait5","mrMLM","PstI.TP336334","1","9630139","-4.524e-06","0.001","G"
"4","Trait5","mrMLM","NsiI.TP365904","1","9635266","-1.3711e-05","0.003","A"
"4","Trait5","mrMLM","PstI.TP932325","1","9693867","-2.7469e-05","0.006","C"
"4","Trait5","mrMLM","PstI.TP100031","1","9697446","-1.3519e-05","0.003","A"
"4","Trait5","mrMLM","SSk40ctg20422_195","1","9699984","3.5902e-05","0.0079","A"
"4","Trait5","mrMLM","PstI.TP53642","1","9729065","0.0471","0.3674","A"
"4","Trait5","mrMLM","PstI.TP1238044","1","9732355","2.2346e-05","0.0049","A"
"4","Trait5","mrMLM","NsiI.TP691823","1","9734131","2.0992e-05","0.0046","C"
"4","Trait5","mrMLM","NsiI.TP815976","1","9739609","1.4525e-05","0.0032","A"
"4","Trait5","mrMLM","PstI.TP390724","1","9756005","5.4726e-08","1.1911e-05","G"
"4","Trait5","mrMLM","PstI.TP258967","1","9761381","1.0111e-05","0.0022","C"
"4","Trait5","mrMLM","PstI.TP114839","1","9777039","2.3551e-05","0.0052","A"
"4","Trait5","mrMLM","NsiI.TP727325","1","9821700","7.7976e-06","0.0017","A"
"4","Trait5","mrMLM","PstI.TP1278278","1","9821711","3.8466e-05","0.0085","C"
"4","Trait5","mrMLM","PstI.TP362977","1","9822890","2.4702e-05","0.0054","C"
"4","Trait5","mrMLM","PstI.TP532216","1","9838175","2.5686e-05","0.0056","A"
"4","Trait5","mrMLM","PstI.TP377612","1","9851429","2.9137e-05","0.0064","A"
"4","Trait5","mrMLM","PstI.TP377610","1","9851445","-1.8628e-05","0.0041","C"
"4","Trait5","mrMLM","PstI.TP204849","1","9884152","-1.7243e-06","4e-04","A"
"4","Trait5","mrMLM","PstI.TP36013","1","9885650","9.0992e-06","0.002","A"
"4","Trait5","mrMLM","PstI.TP1201259","1","9906780","-1.8666e-05","0.0041","A"
"4","Trait5","mrMLM","PstI.TP900535","1","9917203","0.0717","1.0619","G"
"4","Trait5","mrMLM","PstI.TP900796","1","9917203","2.782e-05","0.0061","G"
"4","Trait5","mrMLM","PstI.TP900534","1","9917205","0.0756","0.9565","G"
"4","Trait5","mrMLM","NsiI.TP804217","1","9918277","0.0311","0.4301","A"
"4","Trait5","mrMLM","PstI.TP1001875","1","9929490","0.1605","0.5983","C"
"4","Trait5","mrMLM","PstI.TP120265","1","9929566","0.0201","0.2008","A"
"4","Trait5","mrMLM","NsiI.TP303399","1","9939496","-2.1393e-06","5e-04","A"
"4","Trait5","mrMLM","NsiI.TP833134","1","9946863","1.1189e-05","0.0024","A"
"4","Trait5","mrMLM","PstI.TP845850","1","9949636","1.0551e-05","0.0023","A"
"4","Trait5","mrMLM","PstI.TP860929","1","9985288","1.5311e-05","0.0033","C"
"4","Trait5","mrMLM","PstI.TP145867","1","9990979","-6.6289e-06","0.0014","C"
"4","Trait5","mrMLM","PstI.TP821356","1","10005335","0.0127","0.1428","C"
"4","Trait5","mrMLM","PstI.TP498398","1","10010021","-1.2903e-05","0.0028","A"
"4","Trait5","mrMLM","PstI.TP498402","1","10010025","2.6363e-05","0.0058","C"
"4","Trait5","mrMLM","PstI.TP474486","1","10028947","-2.3267e-05","0.0051","A"
"4","Trait5","mrMLM","PstI.TP456781","1","10088332","0.1884","0.9287","A"
"4","Trait5","mrMLM","PstI.TP1077323","1","10112795","1.0743e-05","0.0023","A"
"4","Trait5","mrMLM","PstI.TP1075817","1","10117174","1.0132e-05","0.0022","A"
"4","Trait5","mrMLM","NsiI.TP527775","1","10124859","0.0338","0.2371","A"
"4","Trait5","mrMLM","PstI.TP750529","1","10140721","0.273","1.0913","C"
"4","Trait5","mrMLM","PstI.TP1106149","1","10181736","-1.8313e-05","0.004","C"
"4","Trait5","mrMLM","PstI.TP308125","1","10181847","-1.5509e-05","0.0034","C"
"4","Trait5","mrMLM","NsiI.TP403625","1","10182616","2.1229e-05","0.0046","C"
"4","Trait5","mrMLM","NsiI.TP801059","1","10208217","-0.0259","0.2768","C"
"4","Trait5","mrMLM","NsiI.TP489786","1","10219250","0.1685","0.9684","C"
"4","Trait5","mrMLM","NsiI.TP66172","1","10224640","-0.2601","2.0139","A"
"4","Trait5","mrMLM","NsiI.TP678115","1","10277349","0.1277","0.718","A"
"4","Trait5","mrMLM","PstI.TP345581","1","10284848","-8.8642e-06","0.0019","C"
"4","Trait5","mrMLM","PstI.TP620724","1","10286545","-0.1134","0.7584","C"
"4","Trait5","mrMLM","NsiI.TP664565","1","10300447","1.2519e-05","0.0027","A"
"4","Trait5","mrMLM","PstI.TP156806","1","10317905","5.9827e-06","0.0013","C"
"4","Trait5","mrMLM","NsiI.TP12510","1","10383086","-1.9428e-05","0.0042","A"
"4","Trait5","mrMLM","PstI.TP593918","1","10465079","-1.5834e-06","3e-04","A"
"4","Trait5","mrMLM","NsiI.TP360999","1","10465743","-1.4764e-05","0.0032","C"
"4","Trait5","mrMLM","PstI.TP372465","1","10465762","5.9203e-07","1e-04","A"
"4","Trait5","mrMLM","PstI.TP1200480","1","10476925","2.0732e-06","5e-04","C"
"4","Trait5","mrMLM","PstI.TP91211","1","10530796","3.1388e-06","7e-04","G"
"4","Trait5","mrMLM","PstI.TP1079720","1","10565436","-3.5209e-05","0.0077","C"
"4","Trait5","mrMLM","PstI.TP488889","1","10576905","-0.0411","0.3375","G"
"4","Trait5","mrMLM","PstI.TP491075","1","10576908","-0.0344","0.1844","A"
"4","Trait5","mrMLM","NsiI.TP56378","1","10583216","-1.022e-05","0.0022","A"
"4","Trait5","mrMLM","PstI.TP851583","1","10583893","0.3234","1.8265","C"
"4","Trait5","mrMLM","PstI.TP166877","1","10607092","-1.1124e-05","0.0024","C"
"4","Trait5","mrMLM","NsiI.TP139766","1","10628670","2.9804e-06","6e-04","C"
"4","Trait5","mrMLM","PstI.TP948493","1","10639570","-0.0862","0.5566","A"
"4","Trait5","mrMLM","NsiI.TP714515","1","10649306","-2.6507e-05","0.0058","C"
"4","Trait5","mrMLM","PstI.TP931662","1","10651611","2.2803e-05","0.005","C"
"4","Trait5","mrMLM","NsiI.TP501783","1","10653579","7.0902e-07","2e-04","A"
"4","Trait5","mrMLM","NsiI.TP677128","1","10653848","1.6764e-05","0.0037","A"
"4","Trait5","mrMLM","PstI.TP201416","1","10678222","0.0644","0.3721","A"
"4","Trait5","mrMLM","PstI.TP980214","1","10687788","3.8003e-06","8e-04","G"
"4","Trait5","mrMLM","NsiI.TP671397","1","10714530","-5.8503e-06","0.0013","C"
"4","Trait5","mrMLM","NsiI.TP58669","1","10757346","-0.1551","0.8766","C"
"4","Trait5","mrMLM","NsiI.TP6201","1","10769170","-3.6947e-05","0.0081","A"
"4","Trait5","mrMLM","PstI.TP871348","1","10788683","-0.0761","0.716","C"
"4","Trait5","mrMLM","NsiI.TP676929","1","10800684","-0.1136","1.299","C"
"4","Trait5","mrMLM","NsiI.TP538616","1","10802958","5.7049e-06","0.0012","A"
"4","Trait5","mrMLM","NsiI.TP325802","1","10807304","-1.2203e-05","0.0027","A"
"4","Trait5","mrMLM","PstI.TP895107","1","10822750","0.0125","0.1396","C"
"4","Trait5","mrMLM","NsiI.TP300721","1","10823386","-0.0041","0.1155","A"
"4","Trait5","mrMLM","NsiI.TP229595","1","10839714","-0.0205","0.3066","A"
"4","Trait5","mrMLM","NsiI.TP201069","1","10876750","-2.4374e-05","0.0053","C"
"4","Trait5","mrMLM","PstI.TP784423","1","10894785","-0.0785","0.9659","C"
"4","Trait5","mrMLM","PstI.TP494040","1","10895583","-7.9149e-06","0.0017","C"
"4","Trait5","mrMLM","PstI.TP667320","1","10965394","0.2836","1.4092","C"
"4","Trait5","mrMLM","NsiI.TP509653","1","11013763","-3.6441e-06","8e-04","C"
"4","Trait5","mrMLM","NsiI.TP798310","1","11018598","-5.8751e-06","0.0013","A"
"4","Trait5","mrMLM","PstI.TP1244424","1","11026364","2.1096e-05","0.0046","C"
"4","Trait5","mrMLM","PstI.TP57864","1","11053835","-0.1849","1.4377","A"
"4","Trait5","mrMLM","PstI.TP927833","1","11059251","-0.0763","0.3731","A"
"4","Trait5","mrMLM","NsiI.TP205847","1","11081877","3.1754e-06","7e-04","A"
"4","Trait5","mrMLM","PstI.TP163797","1","11126733","0.0683","0.4434","A"
"4","Trait5","mrMLM","NsiI.TP636758","1","11134414","-3.2581e-05","0.0071","C"
"4","Trait5","mrMLM","PstI.TP850610","1","11151819","-3.1595e-05","0.0069","G"
"4","Trait5","mrMLM","NsiI.TP140899","1","11162813","-0.0928","0.85","C"
"4","Trait5","mrMLM","NsiI.TP142297","1","11162838","0.1531","1.3151","C"
"4","Trait5","mrMLM","NsiI.TP142244","1","11162862","-1.6002e-05","0.0035","A"
"4","Trait5","mrMLM","PstI.TP1164162","1","11169685","1.3518e-05","0.003","C"
"4","Trait5","mrMLM","NsiI.TP670864","1","11173569","-1.547e-06","3e-04","A"
"4","Trait5","mrMLM","PstI.TP632220","1","11173690","-3.3688e-06","7e-04","C"
"4","Trait5","mrMLM","NsiI.TP246551","1","11187178","0.0065","0.0859","A"
"4","Trait5","mrMLM","PstI.TP869093","1","11187262","-5.7979e-06","0.0013","C"
"4","Trait5","mrMLM","NsiI.TP446370","1","11187900","1.9564e-05","0.0043","C"
"4","Trait5","mrMLM","NsiI.TP158358","1","11191805","9.4434e-06","0.0021","C"
"4","Trait5","mrMLM","PstI.TP872356","1","11195895","-1.1963e-05","0.0026","C"
"4","Trait5","mrMLM","PstI.TP807135","1","11195899","1.8118e-05","0.004","A"
"4","Trait5","mrMLM","PstI.TP553201","1","11198433","-2.9375e-06","6e-04","C"
"4","Trait5","mrMLM","NsiI.TP58591","1","11198433","-1.5883e-07","3.4576e-05","A"
"4","Trait5","mrMLM","PstI.TP5049","1","11225331","0.0418","0.4738","A"
"4","Trait5","mrMLM","NsiI.TP279652","1","11238006","-0.0414","0.2496","C"
"4","Trait5","mrMLM","PstI.TP336105","1","11324961","-3.6636e-06","8e-04","C"
"4","Trait5","mrMLM","NsiI.TP48695","1","11325346","0.0692","0.5714","A"
"4","Trait5","mrMLM","NsiI.TP84300","1","11353410","8.2792e-07","2e-04","A"
"4","Trait5","mrMLM","NsiI.TP259521","1","11377749","-3.7507e-05","0.0082","A"
"4","Trait5","mrMLM","PstI.TP960636","1","11389834","-2.1161e-05","0.0046","C"
"4","Trait5","mrMLM","PstI.TP1095636","1","11402208","1.0889e-05","0.0024","C"
"4","Trait5","mrMLM","NsiI.TP758539","1","11418165","1.2496e-05","0.0027","A"
"4","Trait5","mrMLM","NsiI.TP286989","1","11423301","0.1536","0.8882","C"
"4","Trait5","mrMLM","NsiI.TP48159","1","11432982","-0.0515","0.5536","C"
"4","Trait5","mrMLM","PstI.TP835148","1","11456164","4.9589e-06","0.0011","A"
"4","Trait5","mrMLM","PstI.TP1144034","1","11465878","-1.1058e-05","0.0024","A"
"4","Trait5","mrMLM","NsiI.TP731670","1","11467794","0.0289","0.2897","A"
"4","Trait5","mrMLM","PstI.TP151028","1","11471426","-1.8122e-05","0.004","C"
"4","Trait5","mrMLM","NsiI.TP594672","1","11504246","-1.6344e-05","0.0036","A"
"4","Trait5","mrMLM","PstI.TP44118","1","11512341","-3.3267e-05","0.0073","A"
"4","Trait5","mrMLM","NsiI.TP159785","1","11512824","0.0887","1.6267","A"
"4","Trait5","mrMLM","PstI.TP871978","1","11515285","2.4893e-05","0.0055","A"
"4","Trait5","mrMLM","PstI.TP383048","1","11518318","-2.6862e-06","6e-04","C"
"4","Trait5","mrMLM","PstI.TP367643","1","11520154","3.7009e-05","0.0081","A"
"4","Trait5","mrMLM","PstI.TP794882","1","11532179","3.5904e-06","8e-04","A"
"4","Trait5","mrMLM","PstI.TP454776","1","11548005","1.0142e-05","0.0022","C"
"4","Trait5","mrMLM","PstI.TP850929","1","11599529","3.4904e-05","0.0077","G"
"4","Trait5","mrMLM","NsiI.TP441419","1","11624620","-4.4357e-06","0.001","A"
"4","Trait5","mrMLM","PstI.TP1169952","1","11630130","0.0902","0.3312","A"
"4","Trait5","mrMLM","NsiI.TP126127","1","11636563","0.0518","0.6836","A"
"4","Trait5","mrMLM","PstI.TP781647","1","11637565","-5.7945e-06","0.0013","A"
"4","Trait5","mrMLM","PstI.TP96286","1","11637643","-0.0459","0.5579","A"
"4","Trait5","mrMLM","NsiI.TP468813","1","11641735","1.1381e-05","0.0025","C"
"4","Trait5","mrMLM","NsiI.TP386974","1","11641779","-1.7423e-05","0.0038","C"
"4","Trait5","mrMLM","NsiI.TP507557","1","11673644","-1.6202e-05","0.0035","A"
"4","Trait5","mrMLM","PstI.TP883214","1","11685337","-1.8267e-05","0.004","A"
"4","Trait5","mrMLM","PstI.TP1045636","1","11697258","-0.1077","0.8989","A"
"4","Trait5","mrMLM","NsiI.TP65377","1","11706782","-0.318","1.5718","A"
"4","Trait5","mrMLM","PstI.TP458346","1","11754862","9.3125e-06","0.002","C"
"4","Trait5","mrMLM","PstI.TP269293","1","11759371","-2.0433e-05","0.0045","C"
"4","Trait5","mrMLM","PstI.TP671731","1","11762098","-0.2199","1.7331","C"
"4","Trait5","mrMLM","PstI.TP83573","1","11768205","0.0664","0.369","A"
"4","Trait5","mrMLM","PstI.TP280531","1","11808426","-1.283e-05","0.0028","C"
"4","Trait5","mrMLM","NsiI.TP83031","1","11814530","-0.0964","0.6212","G"
"4","Trait5","mrMLM","PstI.TP319571","1","11815150","2.578e-05","0.0056","A"
"4","Trait5","mrMLM","PstI.TP637734","1","11832551","-1.4137e-05","0.0031","A"
"4","Trait5","mrMLM","NsiI.TP693981","1","11914835","-2.032e-05","0.0044","C"
"4","Trait5","mrMLM","PstI.TP342646","1","11915252","0.0115","0.1434","C"
"4","Trait5","mrMLM","PstI.TP581040","1","11920166","-1.7584e-05","0.0038","A"
"4","Trait5","mrMLM","PstI.TP303581","1","11926685","0.0092","0.1688","A"
"4","Trait5","mrMLM","NsiI.TP151741","1","11927845","-5.3555e-07","1e-04","A"
"4","Trait5","mrMLM","PstI.TP969394","1","11931933","2.6171e-05","0.0057","C"
"4","Trait5","mrMLM","PstI.TP1288084","1","11935767","-1.5218e-05","0.0033","A"
"4","Trait5","mrMLM","NsiI.TP68480","1","11941858","-1.6498e-05","0.0036","C"
"4","Trait5","mrMLM","PstI.TP369891","1","11947502","-4.8019e-06","0.001","A"
"4","Trait5","mrMLM","NsiI.TP736839","1","11973561","-0.0143","0.1413","C"
"4","Trait5","mrMLM","NsiI.TP492306","1","11973621","1.6035e-05","0.0035","G"
"4","Trait5","mrMLM","PstI.TP939213","1","11990855","-0.0546","0.286","A"
"4","Trait5","mrMLM","NsiI.TP590006","1","11992102","-0.0254","0.3493","C"
"4","Trait5","mrMLM","GFSSContig8870_238","1","12002926","2.6198e-06","6e-04","T"
"4","Trait5","mrMLM","NsiI.TP324559","1","12011932","1.9269e-06","4e-04","C"
"4","Trait5","mrMLM","PstI.TP166900","1","12024794","1.8362e-06","4e-04","C"
"4","Trait5","mrMLM","NsiI.TP200262","1","12031128","-8.2394e-06","0.0018","A"
"4","Trait5","mrMLM","PstI.TP1016611","1","12066190","0.0034","0.0879","C"
"4","Trait5","mrMLM","NsiI.TP589787","1","12102248","1.3502e-06","3e-04","C"
"4","Trait5","mrMLM","PstI.TP301133","1","12137712","0.3574","1.4738","G"
"4","Trait5","mrMLM","NsiI.TP690036","1","12138480","1.7376e-05","0.0038","C"
"4","Trait5","mrMLM","PstI.TP824123","1","12146700","-6.9817e-06","0.0015","A"
"4","Trait5","mrMLM","NsiI.TP425091","1","12156938","0.0665","0.5151","A"
"4","Trait5","mrMLM","PstI.TP80196","1","12160063","5.5081e-06","0.0012","A"
"4","Trait5","mrMLM","NsiI.TP411644","1","12163725","0.0054","0.1084","C"
"4","Trait5","mrMLM","PstI.TP357827","1","12168818","0.0017","0.0469","C"
"4","Trait5","mrMLM","PstI.TP242530","1","12171110","-0.0592","0.7631","C"
"4","Trait5","mrMLM","PstI.TP419110","1","12172842","0.041","0.2895","A"
"4","Trait5","mrMLM","PstI.TP181460","1","12172878","-2.6356e-05","0.0058","C"
"4","Trait5","mrMLM","NsiI.TP336715","1","12172946","-0.1107","1.099","C"
"4","Trait5","mrMLM","PstI.TP852925","1","12176015","-0.2187","1.6311","A"
"4","Trait5","mrMLM","NsiI.TP627743","1","12178939","4.0661e-06","9e-04","A"
"4","Trait5","mrMLM","PstI.TP699351","1","12181552","-1.2528e-05","0.0027","C"
"4","Trait5","mrMLM","PstI.TP970608","1","12189706","-2.6903e-05","0.0059","C"
"4","Trait5","mrMLM","PstI.TP1244212","1","12194943","1.7586e-05","0.0038","A"
"4","Trait5","mrMLM","PstI.TP308387","1","12249163","-2.1596e-05","0.0047","A"
"4","Trait5","mrMLM","NsiI.TP388261","1","12277429","0.1758","0.5415","C"
"4","Trait5","mrMLM","NsiI.TP95821","1","12295395","-0.2218","0.9827","C"
"4","Trait5","mrMLM","NsiI.TP246433","1","12296148","-0.2242","0.6545","C"
"4","Trait5","mrMLM","PstI.TP1150967","1","12321648","0.0324","0.405","C"
"4","Trait5","mrMLM","NsiI.TP759008","1","12334143","-0.1099","0.6771","C"
"4","Trait5","mrMLM","PstI.TP372277","1","12338360","-0.0314","0.4537","C"
"4","Trait5","mrMLM","NsiI.TP343566","1","12339365","6.3902e-06","0.0014","C"
"4","Trait5","mrMLM","PstI.TP972335","1","12340082","-9.5625e-06","0.0021","C"
"4","Trait5","mrMLM","PstI.TP1129618","1","12340098","1.8855e-05","0.0041","A"
"4","Trait5","mrMLM","PstI.TP119895","1","12341093","-0.0128","0.1972","A"
"4","Trait5","mrMLM","PstI.TP120612","1","12347979","1.2954e-05","0.0028","A"
"4","Trait5","mrMLM","PstI.TP54196","1","12356926","-3.1649e-06","7e-04","C"
"4","Trait5","mrMLM","PstI.TP125663","1","12414541","1.6514e-05","0.0036","G"
"4","Trait5","mrMLM","PstI.TP1131247","1","12445082","-9.3353e-06","0.002","A"
"4","Trait5","mrMLM","GFSSContig14714_678","1","12449005","-1.2125e-06","3e-04","T"
"4","Trait5","mrMLM","PstI.TP533230","1","12546491","-1.1933e-05","0.0026","A"
"4","Trait5","mrMLM","PstI.TP470694","1","12548914","-7.1971e-06","0.0016","C"
"4","Trait5","mrMLM","NsiI.TP359250","1","12549769","1.3605e-05","0.003","C"
"4","Trait5","mrMLM","NsiI.TP162883","1","12569712","0.0311","0.2982","C"
"4","Trait5","mrMLM","PstI.TP1231592","1","12574939","0.0708","0.8605","C"
"4","Trait5","mrMLM","NsiI.TP104065","1","12578208","0.1829","1.0033","C"
"4","Trait5","mrMLM","PstI.TP233543","1","12604764","-9.0615e-06","0.002","C"
"4","Trait5","mrMLM","PstI.TP298322","1","12608614","-1.4524e-05","0.0032","A"
"4","Trait5","mrMLM","PstI.TP953256","1","12608761","0.052","0.6224","C"
"4","Trait5","mrMLM","PstI.TP869664","1","12608841","-0.0408","0.3181","A"
"4","Trait5","mrMLM","PstI.TP869661","1","12608858","-7.7484e-06","0.0017","A"
"4","Trait5","mrMLM","NsiI.TP130986","1","12609418","-0.1431","0.643","A"
"4","Trait5","mrMLM","NsiI.TP415957","1","12619054","3.0665e-05","0.0067","G"
"4","Trait5","mrMLM","NsiI.TP652852","1","12621421","-9.5341e-06","0.0021","A"
"4","Trait5","mrMLM","PstI.TP49650","1","12621450","2.751e-06","6e-04","A"
"4","Trait5","mrMLM","PstI.TP1120707","1","12628050","-1.1705e-05","0.0026","C"
"4","Trait5","mrMLM","PstI.TP544906","1","12628073","-0.1604","0.926","A"
"4","Trait5","mrMLM","NsiI.TP707511","1","12652994","8.2812e-07","2e-04","C"
"4","Trait5","mrMLM","NsiI.TP750615","1","12653027","2.5259e-05","0.0055","G"
"4","Trait5","mrMLM","PstI.TP335314","1","12658698","-0.0364","0.1784","C"
"4","Trait5","mrMLM","NsiI.TP487841","1","12659124","1.3637e-05","0.003","A"
"4","Trait5","mrMLM","PstI.TP862579","1","12701706","-0.1475","0.9846","A"
"4","Trait5","mrMLM","PstI.TP401102","1","12714512","-0.0015","0.0364","C"
"4","Trait5","mrMLM","NsiI.TP426892","1","12727995","1.3207e-05","0.0029","A"
"4","Trait5","mrMLM","NsiI.TP602440","1","12732883","-0.02","0.288","A"
"4","Trait5","mrMLM","PstI.TP949560","1","12735786","-3.1039e-05","0.0068","G"
"4","Trait5","mrMLM","NsiI.TP476800","1","12738693","-0.3316","1.6149","A"
"4","Trait5","mrMLM","NsiI.TP447210","1","12738793","8.1118e-06","0.0018","A"
"4","Trait5","mrMLM","NsiI.TP336894","1","12738987","0.0716","0.5766","C"
"4","Trait5","mrMLM","PstI.TP47447","1","12743038","0.2146","3.1687","A"
"4","Trait5","mrMLM","PstI.TP822515","1","12784656","3.3263e-05","0.0073","A"
"4","Trait5","mrMLM","PstI.TP323718","1","12814103","1.0629e-06","2e-04","C"
"4","Trait5","mrMLM","PstI.TP197754","1","12831519","2.4298e-05","0.0053","A"
"4","Trait5","mrMLM","NsiI.TP442488","1","12846248","0.2371","1.6223","C"
"4","Trait5","mrMLM","NsiI.TP195180","1","12857502","5.5726e-06","0.0012","A"
"4","Trait5","mrMLM","NsiI.TP636471","1","12863942","-0.1099","0.6422","G"
"4","Trait5","mrMLM","PstI.TP2212","1","12945153","8.3484e-06","0.0018","A"
"4","Trait5","mrMLM","PstI.TP787741","1","13021367","2.6594e-05","0.0058","A"
"4","Trait5","mrMLM","NsiI.TP127941","1","13028214","-1.3796e-05","0.003","C"
"4","Trait5","mrMLM","PstI.TP254268","1","13028392","-0.0922","0.4584","A"
"4","Trait5","mrMLM","NsiI.TP464642","1","13039779","3.5703e-05","0.0078","C"
"4","Trait5","mrMLM","PstI.TP20247","1","13067598","-0.0301","0.3351","C"
"4","Trait5","mrMLM","NsiI.TP415606","1","13074876","-1.1703e-05","0.0026","G"
"4","Trait5","mrMLM","NsiI.TP481934","1","13076221","-4.4477e-07","9.681e-05","G"
"4","Trait5","mrMLM","NsiI.TP647288","1","13079139","1.5032e-05","0.0033","A"
"4","Trait5","mrMLM","PstI.TP342493","1","13096228","-6.9005e-06","0.0015","C"
"4","Trait5","mrMLM","PstI.TP1051083","1","13150553","-1.3606e-06","3e-04","G"
"4","Trait5","mrMLM","PstI.TP225437","1","13150621","8.395e-06","0.0018","A"
"4","Trait5","mrMLM","PstI.TP1284231","1","13151323","2.16e-05","0.0047","A"
"4","Trait5","mrMLM","PstI.TP1284224","1","13151334","2.4127e-05","0.0053","G"
"4","Trait5","mrMLM","PstI.TP419952","1","13194145","-0.2109","1.103","C"
"4","Trait5","mrMLM","PstI.TP1041568","1","13234710","9.8176e-06","0.0021","C"
"4","Trait5","mrMLM","NsiI.TP193833","1","13245570","2.395e-05","0.0052","A"
"4","Trait5","mrMLM","PstI.TP770895","1","13263569","0.026","0.2351","A"
"4","Trait5","mrMLM","PstI.TP726878","1","13263594","-1.295e-05","0.0028","A"
"4","Trait5","mrMLM","NsiI.TP810853","1","13264665","-1.459e-05","0.0032","A"
"4","Trait5","mrMLM","PstI.TP297644","1","13299552","-9.1653e-06","0.002","A"
"4","Trait5","mrMLM","NsiI.TP99495","1","13300518","2.1023e-06","5e-04","C"
"4","Trait5","mrMLM","NsiI.TP442997","1","13359027","0.1045","1.0005","C"
"4","Trait5","mrMLM","NsiI.TP779201","1","13367144","-0.0285","0.3759","C"
"4","Trait5","mrMLM","NsiI.TP693115","1","13373622","-3.0063e-05","0.0066","C"
"4","Trait5","mrMLM","NsiI.TP690370","1","13378311","9.0664e-06","0.002","C"
"4","Trait5","mrMLM","PstI.TP15791","1","13382353","-0.105","1.1078","C"
"4","Trait5","mrMLM","NsiI.TP570918","1","13400968","-2.823e-05","0.0062","C"
"4","Trait5","mrMLM","PstI.TP1273474","1","13406210","-0.2697","1.4928","C"
"4","Trait5","mrMLM","NsiI.TP146220","1","13426299","1.0398e-06","2e-04","A"
"4","Trait5","mrMLM","PstI.TP437757","1","13444288","-2.1487e-05","0.0047","C"
"4","Trait5","mrMLM","PstI.TP1175215","1","13490079","4.6785e-06","0.001","C"
"4","Trait5","mrMLM","PstI.TP51186","1","13535076","1.071e-05","0.0023","A"
"4","Trait5","mrMLM","NsiI.TP461366","1","13535528","-1.3942e-05","0.003","G"
"4","Trait5","mrMLM","PstI.TP945515","1","13536404","9.1742e-06","0.002","C"
"4","Trait5","mrMLM","PstI.TP775845","1","13537099","-4.1395e-06","9e-04","C"
"4","Trait5","mrMLM","NsiI.TP214625","1","13537106","-2.6142e-05","0.0057","C"
"4","Trait5","mrMLM","NsiI.TP694123","1","13570229","-2.4856e-06","5e-04","C"
"4","Trait5","mrMLM","PstI.TP211414","1","13593203","-0.0012","0.0555","A"
"4","Trait5","mrMLM","PstI.TP154406","1","13601732","6.1645e-06","0.0013","A"
"4","Trait5","mrMLM","NsiI.TP367019","1","13622529","1.2417e-05","0.0027","C"
"4","Trait5","mrMLM","PstI.TP746755","1","13706401","0.0893","0.787","G"
"4","Trait5","mrMLM","PstI.TP21535","1","13757306","-4.5795e-07","9.9666e-05","A"
"4","Trait5","mrMLM","NsiI.TP771339","1","13768778","3.6303e-05","0.008","G"
"4","Trait5","mrMLM","PstI.TP177830","1","13784150","-0.1425","1.4006","G"
"4","Trait5","mrMLM","NsiI.TP499595","1","13794502","-1.0447e-05","0.0023","A"
"4","Trait5","mrMLM","NsiI.TP35556","1","13809932","-0.1177","0.5601","A"
"4","Trait5","mrMLM","PstI.TP120285","1","13839309","-3.3458e-06","7e-04","C"
"4","Trait5","mrMLM","PstI.TP1204396","1","13845263","4.1112e-06","9e-04","A"
"4","Trait5","mrMLM","PstI.TP1204395","1","13845267","2.7366e-05","0.006","C"
"4","Trait5","mrMLM","PstI.TP672785","1","13856592","-4.626e-06","0.001","C"
"4","Trait5","mrMLM","NsiI.TP495012","1","13858689","-0.1588","1.2525","A"
"4","Trait5","mrMLM","NsiI.TP300775","1","13891493","7.8644e-06","0.0017","C"
"4","Trait5","mrMLM","PstI.TP621859","1","13917133","4.5616e-05","0.01","C"
"4","Trait5","mrMLM","PstI.TP1224207","1","13917136","-1.4832e-05","0.0032","C"
"4","Trait5","mrMLM","PstI.TP703045","1","13942056","3.3262e-05","0.0073","A"
"4","Trait5","mrMLM","NsiI.TP766568","1","13943502","2.9697e-05","0.0065","C"
"4","Trait5","mrMLM","NsiI.TP501038","1","13956574","-2.5722e-08","5.5985e-06","A"
"4","Trait5","mrMLM","PstI.TP308922","1","14021607","0.2219","1.5443","C"
"4","Trait5","mrMLM","NsiI.TP819777","1","14025316","-0.0226","0.2862","C"
"4","Trait5","mrMLM","NsiI.TP266519","1","14038497","-2.1573e-05","0.0047","G"
"4","Trait5","mrMLM","NsiI.TP437992","1","14042838","-0.0062","0.1091","A"
"4","Trait5","mrMLM","PstI.TP125868","1","14057029","7.6883e-07","2e-04","A"
"4","Trait5","mrMLM","GFSSContig14643_563","1","14059551","-0.1795","2.5362","T"
"4","Trait5","mrMLM","NsiI.TP269042","1","14064552","0.0605","0.6221","C"
"4","Trait5","mrMLM","NsiI.TP303355","1","14151291","-2.7625e-05","0.0061","C"
"4","Trait5","mrMLM","PstI.TP843475","1","14155219","-8.4969e-06","0.0019","A"
"4","Trait5","mrMLM","PstI.TP981330","1","14205068","1.7023e-05","0.0037","A"
"4","Trait5","mrMLM","PstI.TP882042","1","14207905","-8.9524e-06","0.002","G"
"4","Trait5","mrMLM","NsiI.TP356917","1","14233628","0.0969","0.7809","C"
"4","Trait5","mrMLM","NsiI.TP119580","1","14256346","-0.0041","0.0892","C"
"4","Trait5","mrMLM","NsiI.TP825520","1","14262612","0.0826","0.6054","C"
"4","Trait5","mrMLM","NsiI.TP420386","1","14283502","-2.3861e-05","0.0052","A"
"4","Trait5","mrMLM","PstI.TP12544","1","14288002","1.2776e-05","0.0028","A"
"4","Trait5","mrMLM","PstI.TP37475","1","14297444","-2.9236e-05","0.0064","A"
"4","Trait5","mrMLM","PstI.TP37488","1","14297475","8.2209e-06","0.0018","C"
"4","Trait5","mrMLM","NsiI.TP717724","1","14304646","-3.8609e-06","8e-04","C"
"4","Trait5","mrMLM","PstI.TP1089523","1","14324920","-1.9933e-05","0.0044","A"
"4","Trait5","mrMLM","PstI.TP220389","1","14347637","0.0315","0.251","A"
"4","Trait5","mrMLM","PstI.TP225473","1","14398694","0.1858","1.432","A"
"4","Trait5","mrMLM","PstI.TP225478","1","14404245","0.029","0.2634","C"
"4","Trait5","mrMLM","PstI.TP784723","1","14438505","5.1358e-06","0.0011","A"
"4","Trait5","mrMLM","NsiI.TP467233","1","14455377","-1.2064e-05","0.0026","C"
"4","Trait5","mrMLM","NsiI.TP658424","1","14469572","-3.3826e-05","0.0074","G"
"4","Trait5","mrMLM","NsiI.TP410209","1","14510145","7.6773e-06","0.0017","G"
"4","Trait5","mrMLM","PstI.TP863368","1","14520797","-8.2998e-06","0.0018","C"
"4","Trait5","mrMLM","SSk50ctg225336_353","1","14558654","1.7353e-05","0.0038","T"
"4","Trait5","mrMLM","NsiI.TP423901","1","14565704","-1.8637e-05","0.0041","C"
"4","Trait5","mrMLM","PstI.TP152122","1","14611936","2.1412e-05","0.0047","C"
"4","Trait5","mrMLM","NsiI.TP482085","1","14660014","1.0137e-05","0.0022","C"
"4","Trait5","mrMLM","PstI.TP1070412","1","14662120","3.8496e-06","8e-04","A"
"4","Trait5","mrMLM","PstI.TP174141","1","14670362","-1.728e-05","0.0038","A"
"4","Trait5","mrMLM","PstI.TP1098610","1","14727981","2.3404e-05","0.0051","A"
"4","Trait5","mrMLM","PstI.TP271793","1","14742998","0.0622","0.8719","A"
"4","Trait5","mrMLM","PstI.TP282764","1","14743057","-6.922e-06","0.0015","C"
"4","Trait5","mrMLM","NsiI.TP25651","1","14867989","-2.2451e-05","0.0049","A"
"4","Trait5","mrMLM","PstI.TP155202","1","14875559","-0.0174","0.1411","A"
"4","Trait5","mrMLM","NsiI.TP380814","1","14893190","1.36e-05","0.003","C"
"4","Trait5","mrMLM","PstI.TP366230","1","14917814","-2.8526e-05","0.0063","C"
"4","Trait5","mrMLM","PstI.TP60778","1","14925987","1.4663e-05","0.0032","C"
"4","Trait5","mrMLM","PstI.TP389936","1","14968234","5.0617e-06","0.0011","A"
"4","Trait5","mrMLM","PstI.TP473065","1","14979768","-1.1694e-05","0.0026","C"
"4","Trait5","mrMLM","PstI.TP994295","1","15000089","-1.0429e-05","0.0023","C"
"4","Trait5","mrMLM","NsiI.TP430273","1","15009878","-2.139e-05","0.0047","G"
"4","Trait5","mrMLM","NsiI.TP173516","1","15009936","-1.8474e-05","0.004","A"
"4","Trait5","mrMLM","PstI.TP980794","1","15035098","-1.7475e-05","0.0038","C"
"4","Trait5","mrMLM","PstI.TP993599","1","15059302","1.3059e-05","0.0029","G"
"4","Trait5","mrMLM","NsiI.TP649739","1","15060402","1.3297e-05","0.0029","A"
"4","Trait5","mrMLM","NsiI.TP651148","1","15060420","1.9138e-05","0.0042","A"
"4","Trait5","mrMLM","NsiI.TP649742","1","15060446","0.0342","0.3399","A"
"4","Trait5","mrMLM","NsiI.TP258606","1","15160092","-3.4752e-05","0.0076","C"
"4","Trait5","mrMLM","PstI.TP311828","1","15160302","3.2565e-05","0.0071","C"
"4","Trait5","mrMLM","NsiI.TP453296","1","15160906","1.2854e-05","0.0028","G"
"4","Trait5","mrMLM","PstI.TP336162","1","15170686","-3.9842e-06","9e-04","A"
"4","Trait5","mrMLM","PstI.TP745600","1","15174350","0.1427","0.5421","A"
"4","Trait5","mrMLM","NsiI.TP51676","1","15234555","1.3485e-05","0.0029","A"
"4","Trait5","mrMLM","PstI.TP1015687","1","15247755","1.03e-05","0.0022","C"
"4","Trait5","mrMLM","PstI.TP1062718","1","15364899","-0.0105","0.1695","A"
"4","Trait5","mrMLM","PstI.TP1078239","1","15375816","-9.533e-06","0.0021","C"
"4","Trait5","mrMLM","PstI.TP698841","1","15386033","0.0184","0.168","G"
"4","Trait5","mrMLM","NsiI.TP190002","1","15394010","-2.1486e-05","0.0047","C"
"4","Trait5","mrMLM","NsiI.TP171506","1","15417277","-9.9784e-06","0.0022","A"
"4","Trait5","mrMLM","NsiI.TP255144","1","15433398","0.0752","0.7078","C"
"4","Trait5","mrMLM","NsiI.TP649951","1","15467141","5e-04","0.028","A"
"4","Trait5","mrMLM","PstI.TP800100","1","15471914","2.8075e-06","6e-04","A"
"4","Trait5","mrMLM","NsiI.TP746922","1","15479561","2.024e-05","0.0044","A"
"4","Trait5","mrMLM","NsiI.TP755310","1","15480859","1.0199e-05","0.0022","C"
"4","Trait5","mrMLM","NsiI.TP444665","1","15492552","2.8553e-05","0.0063","C"
"4","Trait5","mrMLM","PstI.TP932846","1","15517451","6.2952e-06","0.0014","C"
"4","Trait5","mrMLM","PstI.TP1256458","1","15517510","-2.2856e-06","5e-04","C"
"4","Trait5","mrMLM","PstI.TP375366","1","15556694","-1.3825e-05","0.003","C"
"4","Trait5","mrMLM","PstI.TP37494","1","15597809","-1.3532e-06","3e-04","C"
"4","Trait5","mrMLM","PstI.TP1092363","1","15638428","1.087e-05","0.0024","C"
"4","Trait5","mrMLM","PstI.TP571211","1","15648129","-4.4621e-06","0.001","A"
"4","Trait5","mrMLM","PstI.TP393750","1","15650792","1.0643e-05","0.0023","G"
"4","Trait5","mrMLM","PstI.TP147426","1","15718731","-1.7429e-05","0.0038","C"
"4","Trait5","mrMLM","NsiI.TP330148","1","15807421","0.0275","0.1473","A"
"4","Trait5","mrMLM","PstI.TP364469","1","15807512","8.8833e-06","0.0019","A"
"4","Trait5","mrMLM","PstI.TP597611","1","15812434","-5.4581e-06","0.0012","G"
"4","Trait5","mrMLM","NsiI.TP825699","1","15815917","-4.0315e-05","0.0089","C"
"4","Trait5","mrMLM","PstI.TP537488","1","15836219","3.4104e-05","0.0075","C"
"4","Trait5","mrMLM","PstI.TP31035","1","15851386","7.4205e-06","0.0016","A"
"4","Trait5","mrMLM","PstI.TP896922","1","15851610","-3.2506e-05","0.0071","C"
"4","Trait5","mrMLM","NsiI.TP618751","1","15855923","7.6655e-06","0.0017","C"
"4","Trait5","mrMLM","PstI.TP774779","1","15879997","1.2934e-05","0.0028","A"
"4","Trait5","mrMLM","PstI.TP775724","1","15890437","0.006","0.1215","C"
"4","Trait5","mrMLM","GFSSContig17245_347","1","15924838","-0.0094","0.152","A"
"4","Trait5","mrMLM","GFSSContig17245_481","1","15924972","6.1129e-06","0.0013","A"
"4","Trait5","mrMLM","PstI.TP256999","1","15936570","1.5819e-05","0.0035","C"
"4","Trait5","mrMLM","PstI.TP73792","1","16408882","-5.721e-06","0.0012","C"
"4","Trait5","mrMLM","PstI.TP548596","1","16432580","1.211e-05","0.0026","A"
"4","Trait5","mrMLM","PstI.TP1108027","1","16453688","-1.0817e-05","0.0024","C"
"4","Trait5","mrMLM","NsiI.TP210346","1","16604420","0.0596","0.3697","C"
"4","Trait5","mrMLM","NsiI.TP210345","1","16604421","1.6227e-05","0.0035","C"
"4","Trait5","mrMLM","PstI.TP312264","1","16641290","-1.7973e-05","0.0039","C"
"4","Trait5","mrMLM","NsiI.TP500717","1","16675031","2.1822e-05","0.0048","C"
"4","Trait5","mrMLM","PstI.TP475870","1","16694458","7.7467e-06","0.0017","A"
"4","Trait5","mrMLM","PstI.TP184964","1","16701416","-6.7129e-06","0.0015","A"
"4","Trait5","mrMLM","PstI.TP1150194","1","16733554","1.7623e-05","0.0039","A"
"4","Trait5","mrMLM","NsiI.TP452510","1","16761671","4.4325e-05","0.0098","C"
"4","Trait5","mrMLM","PstI.TP286374","1","16762028","0.1317","1.0111","G"
"4","Trait5","mrMLM","NsiI.TP137056","1","16781901","1.9685e-05","0.0043","A"
"4","Trait5","mrMLM","PstI.TP1062903","1","16796019","2.8536e-06","6e-04","A"
"4","Trait5","mrMLM","NsiI.TP829961","1","16799395","-0.0619","0.724","A"
"4","Trait5","mrMLM","NsiI.TP498832","1","16844150","0.0332","0.358","A"
"4","Trait5","mrMLM","PstI.TP772190","1","16854375","7.9069e-07","2e-04","G"
"4","Trait5","mrMLM","NsiI.TP253869","1","16894827","-2.6024e-06","6e-04","A"
"4","Trait5","mrMLM","PstI.TP351621","1","16931277","1.6391e-05","0.0036","G"
"4","Trait5","mrMLM","NsiI.TP34852","1","16931827","0.0504","0.5653","A"
"4","Trait5","mrMLM","NsiI.TP340676","1","16940162","1.1817e-05","0.0026","A"
"4","Trait5","mrMLM","GFSSContig19978_2050","1","16994300","-1.5814e-06","3e-04","T"
"4","Trait5","mrMLM","PstI.TP1202247","1","17001036","1.9075e-06","4e-04","C"
"4","Trait5","mrMLM","NsiI.TP598222","1","17012247","-2.3354e-05","0.0051","C"
"4","Trait5","mrMLM","GFk50ctg100382_211","1","17024823","-2.2897e-05","0.005","A"
"4","Trait5","mrMLM","GFSSContig10419_989","1","17026623","3.6433e-05","0.008","A"
"4","Trait5","mrMLM","GFSSContig18974_238","1","17068192","1.5591e-05","0.0034","A"
"4","Trait5","mrMLM","PstI.TP38431","1","17117695","1.3751e-05","0.003","G"
"4","Trait5","mrMLM","NsiI.TP759031","1","17129533","1.1906e-05","0.0026","A"
"4","Trait5","mrMLM","PstI.TP875497","1","17132096","-9.4736e-06","0.0021","G"
"4","Trait5","mrMLM","PstI.TP270063","1","17132801","1.2113e-05","0.0026","A"
"4","Trait5","mrMLM","NsiI.TP747614","1","17192351","-1.3395e-05","0.0029","G"
"4","Trait5","mrMLM","PstI.TP381954","1","17197451","-6.4935e-06","0.0014","A"
"4","Trait5","mrMLM","NsiI.TP347636","1","17221327","1.8948e-05","0.0041","G"
"4","Trait5","mrMLM","NsiI.TP301063","1","17242293","-1.7513e-05","0.0038","A"
"4","Trait5","mrMLM","PstI.TP272849","1","17249586","-1.0091e-05","0.0022","A"
"4","Trait5","mrMLM","NsiI.TP35382","1","17263489","-3.6046e-06","8e-04","C"
"4","Trait5","mrMLM","NsiI.TP458186","1","17286811","1.6992e-06","4e-04","G"
"4","Trait5","mrMLM","NsiI.TP641314","1","17429648","2.1306e-05","0.0047","A"
"4","Trait5","mrMLM","PstI.TP1129496","1","17451041","-0.1688","0.7999","A"
"4","Trait5","mrMLM","NsiI.TP229448","1","17457495","0.0741","0.577","C"
"4","Trait5","mrMLM","PstI.TP103232","1","17462250","-1.4479e-05","0.0032","A"
"4","Trait5","mrMLM","PstI.TP527404","1","17466495","0.1304","0.9435","A"
"4","Trait5","mrMLM","PstI.TP25758","1","17466771","1.73e-06","4e-04","C"
"4","Trait5","mrMLM","NsiI.TP462375","1","17470507","-0.0463","0.2848","A"
"4","Trait5","mrMLM","PstI.TP97518","1","17476051","5.176e-06","0.0011","C"
"4","Trait5","mrMLM","PstI.TP1024630","1","17476089","-0.0031","0.0521","C"
"4","Trait5","mrMLM","NsiI.TP525823","1","17484007","-1.0647e-05","0.0023","G"
"4","Trait5","mrMLM","PstI.TP55799","1","17484725","-0.0665","0.7336","G"
"4","Trait5","mrMLM","NsiI.TP474832","1","17489398","-7.387e-06","0.0016","G"
"4","Trait5","mrMLM","NsiI.TP466365","1","17489404","1.3565e-05","0.003","A"
"4","Trait5","mrMLM","PstI.TP1199193","1","17514474","-2.3145e-05","0.0051","A"
"4","Trait5","mrMLM","PstI.TP1199192","1","17514476","3.109e-05","0.0068","A"
"4","Trait5","mrMLM","PstI.TP155582","1","17577155","-5.3688e-06","0.0012","A"
"4","Trait5","mrMLM","NsiI.TP473032","1","17585225","-0.08","0.5335","G"
"4","Trait5","mrMLM","PstI.TP318302","1","17585680","1.5655e-05","0.0034","G"
"4","Trait5","mrMLM","NsiI.TP210953","1","17586467","-0.0117","0.1047","C"
"4","Trait5","mrMLM","NsiI.TP625844","1","17592650","-0.098","0.3625","C"
"4","Trait5","mrMLM","PstI.TP311967","1","17610629","1.4681e-05","0.0032","C"
"4","Trait5","mrMLM","PstI.TP392482","1","17611146","-0.5135","2.6285","A"
"4","Trait5","mrMLM","PstI.TP277421","1","17621133","-2.5461e-05","0.0056","C"
"4","Trait5","mrMLM","PstI.TP1219099","1","17631595","3.7272e-06","8e-04","A"
"4","Trait5","mrMLM","PstI.TP297269","1","17656465","-2.4391e-06","5e-04","A"
"4","Trait5","mrMLM","NsiI.TP594902","1","17688614","-2.6782e-05","0.0059","A"
"4","Trait5","mrMLM","NsiI.TP169607","1","17749425","-6.4269e-06","0.0014","A"
"4","Trait5","mrMLM","PstI.TP816389","1","17750979","2.1297e-05","0.0035","G"
"4","Trait5","mrMLM","PstI.TP1082699","1","17758802","-3.0748e-05","0.0067","A"
"4","Trait5","mrMLM","PstI.TP537181","1","17761519","2.1165e-05","0.0046","C"
"4","Trait5","mrMLM","PstI.TP537182","1","17761520","-0.2302","1.1159","C"
"4","Trait5","mrMLM","PstI.TP985298","1","17808711","-3.9661e-05","0.0087","C"
"4","Trait5","mrMLM","PstI.TP72214","1","17829896","-8.9067e-06","0.0019","A"
"4","Trait5","mrMLM","PstI.TP21667","1","17831114","-1.2352e-05","0.0027","A"
"4","Trait5","mrMLM","PstI.TP1096743","1","17902676","1.1106e-05","0.0024","A"
"4","Trait5","mrMLM","NsiI.TP224217","1","17932840","1.3831e-05","0.003","C"
"4","Trait5","mrMLM","NsiI.TP487331","1","17957458","5.0586e-06","0.0011","C"
"4","Trait5","mrMLM","NsiI.TP487330","1","17957461","6.7299e-06","0.0015","G"
"4","Trait5","mrMLM","PstI.TP213346","1","17977700","-0.0143","0.1609","C"
"4","Trait5","mrMLM","PstI.TP194240","1","18003561","4.9154e-06","0.0011","A"
"4","Trait5","mrMLM","PstI.TP907404","1","18035898","-0.1087","0.4957","A"
"4","Trait5","mrMLM","PstI.TP147052","1","18036670","-1.4475e-06","3e-04","A"
"4","Trait5","mrMLM","PstI.TP904357","1","18039419","0.1146","0.9787","C"
"4","Trait5","mrMLM","NsiI.TP446696","1","18054371","-2.3443e-05","0.0051","C"
"4","Trait5","mrMLM","NsiI.TP297192","1","18054455","1.5957e-05","0.0035","A"
"4","Trait5","mrMLM","PstI.TP115083","1","18065275","0.0173","0.2963","C"
"4","Trait5","mrMLM","NsiI.TP753912","1","18081527","-1.7369e-05","0.0038","G"
"4","Trait5","mrMLM","PstI.TP807298","1","18104978","6.8124e-06","0.0015","G"
"4","Trait5","mrMLM","PstI.TP909448","1","18163576","-7.6145e-06","0.0017","G"
"4","Trait5","mrMLM","PstI.TP353784","1","18167193","2.112e-05","0.0046","C"
"4","Trait5","mrMLM","PstI.TP510832","1","18167351","-1.3741e-05","0.003","A"
"4","Trait5","mrMLM","NsiI.TP32815","1","18169703","-0.2409","1.0705","A"
"4","Trait5","mrMLM","NsiI.TP20060","1","18191763","1.6534e-05","0.0036","A"
"4","Trait5","mrMLM","PstI.TP1245745","1","18203316","-0.0454","0.3832","C"
"4","Trait5","mrMLM","PstI.TP1245741","1","18203364","-2.5673e-05","0.0056","A"
"4","Trait5","mrMLM","PstI.TP1203527","1","18203746","0.0064","0.1322","C"
"4","Trait5","mrMLM","NsiI.TP792686","1","18214875","0.0096","0.1655","C"
"4","Trait5","mrMLM","NsiI.TP553582","1","18225047","4.0264e-06","9e-04","G"
"4","Trait5","mrMLM","NsiI.TP822399","1","18230052","-6.0416e-06","0.0013","A"
"4","Trait5","mrMLM","NsiI.TP465973","1","18243284","1.1682e-05","0.0025","A"
"4","Trait5","mrMLM","PstI.TP1183011","1","18308062","7.042e-06","0.0015","G"
"4","Trait5","mrMLM","PstI.TP399941","1","18308136","-1.9036e-05","0.0042","A"
"4","Trait5","mrMLM","PstI.TP460935","1","18308167","-5.1043e-06","0.0011","A"
"4","Trait5","mrMLM","PstI.TP389887","1","18317107","3.4985e-05","0.0077","C"
"4","Trait5","mrMLM","PstI.TP402944","1","18317931","-6.7787e-06","0.0015","C"
"4","Trait5","mrMLM","NsiI.TP496974","1","18321659","-2.3746e-05","0.0052","A"
"4","Trait5","mrMLM","PstI.TP1279895","1","18383885","1.2294e-05","0.0027","A"
"4","Trait5","mrMLM","PstI.TP126528","1","18396876","-1.5416e-05","0.0034","C"
"4","Trait5","mrMLM","PstI.TP102086","1","18402297","-0.108","1.3721","A"
"4","Trait5","mrMLM","PstI.TP910433","1","18407927","-6.8504e-06","0.0015","G"
"4","Trait5","mrMLM","PstI.TP840542","1","18414544","0.0477","0.4972","A"
"4","Trait5","mrMLM","PstI.TP446397","1","18421945","2.2319e-05","0.0049","A"
"4","Trait5","mrMLM","NsiI.TP694875","1","18437117","-0.0425","0.3543","C"
"4","Trait5","mrMLM","PstI.TP1126710","1","18437271","-0.0738","0.3455","G"
"4","Trait5","mrMLM","NsiI.TP772843","1","18447607","-0.1215","0.6271","G"
"4","Trait5","mrMLM","NsiI.TP168692","1","18509909","1.8622e-05","0.0041","C"
"4","Trait5","mrMLM","NsiI.TP375636","1","18514595","-0.0029","0.0639","C"
"4","Trait5","mrMLM","PstI.TP39503","1","18515765","3.9324e-06","9e-04","G"
"4","Trait5","mrMLM","PstI.TP782649","1","18524859","-5.7054e-06","0.0012","A"
"4","Trait5","mrMLM","NsiI.TP17757","1","18535555","1.7958e-05","0.0039","G"
"4","Trait5","mrMLM","NsiI.TP730814","1","18543570","0.3216","1.1594","C"
"4","Trait5","mrMLM","PstI.TP978920","1","18559835","-8e-04","0.0457","A"
"4","Trait5","mrMLM","NsiI.TP730116","1","18562747","5.2373e-06","0.0011","C"
"4","Trait5","mrMLM","PstI.TP590958","1","18570749","-6.727e-06","0.0015","C"
"4","Trait5","mrMLM","PstI.TP902375","1","18570894","1.1187e-05","0.0024","G"
"4","Trait5","mrMLM","PstI.TP1277242","1","18598884","-0.1124","1.0496","A"
"4","Trait5","mrMLM","PstI.TP207690","1","18619316","3.4759e-05","0.0076","A"
"4","Trait5","mrMLM","PstI.TP1124228","1","18619316","-1.114e-05","0.0024","C"
"4","Trait5","mrMLM","PstI.TP533117","1","18662889","-7.3409e-07","2e-04","G"
"4","Trait5","mrMLM","NsiI.TP227711","1","18774898","-7.3026e-06","0.0016","C"
"4","Trait5","mrMLM","PstI.TP1052160","1","18775996","1.3911e-05","0.003","C"
"4","Trait5","mrMLM","PstI.TP12832","1","18776455","-3.0068e-05","0.0066","A"
"4","Trait5","mrMLM","PstI.TP765167","1","18780449","-9.829e-06","0.0021","A"
"4","Trait5","mrMLM","PstI.TP166501","1","18793961","-7.3922e-06","0.0016","A"
"4","Trait5","mrMLM","PstI.TP164378","1","18794001","-5.0735e-06","0.0011","C"
"4","Trait5","mrMLM","NsiI.TP463409","1","18837893","1.5235e-05","0.0033","A"
"4","Trait5","mrMLM","PstI.TP1049351","1","18838580","-3.8037e-06","8e-04","A"
"4","Trait5","mrMLM","PstI.TP776099","1","18880730","-6.2975e-06","0.0014","A"
"4","Trait5","mrMLM","PstI.TP611399","1","18887226","-7.5391e-06","0.0016","C"
"4","Trait5","mrMLM","NsiI.TP632210","1","18891462","1.7398e-05","0.0038","A"
"4","Trait5","mrMLM","PstI.TP579656","1","18905212","-6.357e-06","0.0014","C"
"4","Trait5","mrMLM","NsiI.TP732577","1","18967273","-3.338e-05","0.0073","A"
"4","Trait5","mrMLM","PstI.TP933002","1","18980084","-1.1192e-05","0.0024","A"
"4","Trait5","mrMLM","NsiI.TP307600","1","19030036","4.2631e-05","0.0094","G"
"4","Trait5","mrMLM","PstI.TP259003","1","19053407","-0.0232","0.2413","C"
"4","Trait5","mrMLM","PstI.TP1140029","1","19067860","-7.4506e-06","0.0016","A"
"4","Trait5","mrMLM","NsiI.TP175150","1","19077723","-1.4313e-05","0.0031","A"
"4","Trait5","mrMLM","PstI.TP844462","1","19077913","-6.1066e-06","0.0013","A"
"4","Trait5","mrMLM","PstI.TP1188252","1","19077945","-2.8218e-05","0.0062","A"
"4","Trait5","mrMLM","NsiI.TP60355","1","19090165","-6.1281e-06","0.0013","C"
"4","Trait5","mrMLM","PstI.TP298371","1","19099334","-1.5728e-05","0.0034","A"
"4","Trait5","mrMLM","NsiI.TP673534","1","19100277","-2.1373e-05","0.0047","A"
"4","Trait5","mrMLM","NsiI.TP356370","1","19100329","-4.186e-05","0.0092","C"
"4","Trait5","mrMLM","PstI.TP458499","1","19100550","-1.1863e-05","0.0026","A"
"4","Trait5","mrMLM","PstI.TP32567","1","19196244","-0.0946","1.131","C"
"4","Trait5","mrMLM","PstI.TP402708","1","19244402","-0.0631","0.5824","A"
"4","Trait5","mrMLM","PstI.TP402677","1","19244412","-0.0907","0.4194","A"
"4","Trait5","mrMLM","PstI.TP216475","1","19256904","-2.8137e-06","6e-04","A"
"4","Trait5","mrMLM","PstI.TP700265","1","19260692","-2.4563e-05","0.0054","A"
"4","Trait5","mrMLM","NsiI.TP112078","1","19306902","-0.0717","0.5859","A"
"4","Trait5","mrMLM","PstI.TP1192096","1","19348919","-1.619e-05","0.0035","A"
"4","Trait5","mrMLM","NsiI.TP705647","1","19516496","-1.1993e-05","0.0026","G"
"4","Trait5","mrMLM","PstI.TP48535","1","19526877","0.0392","0.5196","G"
"4","Trait5","mrMLM","PstI.TP755111","1","19552506","0.1113","0.8342","C"
"4","Trait5","mrMLM","PstI.TP104009","1","19553232","0.1395","1.1692","C"
"4","Trait5","mrMLM","PstI.TP104004","1","19553251","8.7626e-06","0.0019","G"
"4","Trait5","mrMLM","PstI.TP64230","1","19553346","-4.4711e-05","0.0098","C"
"4","Trait5","mrMLM","NsiI.TP764230","1","19561377","-2.2767e-05","0.005","C"
"4","Trait5","mrMLM","NsiI.TP800691","1","19575278","-3.1126e-06","7e-04","A"
"4","Trait5","mrMLM","NsiI.TP113064","1","19596875","-0.0625","0.5496","C"
"4","Trait5","mrMLM","PstI.TP1217279","1","19627447","-0.0183","0.2274","C"
"4","Trait5","mrMLM","PstI.TP579186","1","19637965","-1.2656e-05","0.0028","C"
"4","Trait5","mrMLM","PstI.TP360710","1","19693851","-2.512e-06","5e-04","C"
"4","Trait5","mrMLM","PstI.TP250169","1","19758326","7.2701e-06","0.0016","G"
"4","Trait5","mrMLM","NsiI.TP213305","1","19768755","5.5826e-06","0.0012","A"
"4","Trait5","mrMLM","NsiI.TP131452","1","19869319","-5.4547e-06","0.0012","C"
"4","Trait5","mrMLM","NsiI.TP414865","1","19871236","-3.6782e-05","0.0081","A"
"4","Trait5","mrMLM","PstI.TP689624","1","19885525","1.1516e-05","0.0025","G"
"4","Trait5","mrMLM","NsiI.TP698381","1","19909703","1.8159e-05","0.004","C"
"4","Trait5","mrMLM","PstI.TP894707","1","19943755","-0.056","0.3668","A"
"4","Trait5","mrMLM","PstI.TP574132","1","19943823","0.1472","0.9415","A"
"4","Trait5","mrMLM","PstI.TP52776","1","19980086","1.643e-05","0.0036","A"
"4","Trait5","mrMLM","NsiI.TP576208","1","19994793","0.2746","2.7158","A"
"4","Trait5","mrMLM","PstI.TP598023","1","20000137","1.3713e-05","0.003","G"
"4","Trait5","mrMLM","PstI.TP1110165","1","20001173","0.0971","0.357","A"
"4","Trait5","mrMLM","PstI.TP890955","1","20013544","9.6627e-06","0.0021","A"
"4","Trait5","mrMLM","PstI.TP890977","1","20013575","-2.5115e-05","0.0055","C"
"4","Trait5","mrMLM","PstI.TP169317","1","20049961","0.0556","0.1875","C"
"4","Trait5","mrMLM","PstI.TP976118","1","20051732","1.2423e-05","0.0027","C"
"4","Trait5","mrMLM","PstI.TP933340","1","20057917","-0.0838","0.6693","G"
"4","Trait5","mrMLM","NsiI.TP416977","1","20058002","-2.3109e-05","0.0051","C"
"4","Trait5","mrMLM","PstI.TP1269238","1","20062856","-1.6111e-05","0.0035","A"
"4","Trait5","mrMLM","PstI.TP1162242","1","20076811","0.195","2.3212","A"
"4","Trait5","mrMLM","PstI.TP183711","1","20086049","-0.0468","0.365","A"
"4","Trait5","mrMLM","PstI.TP721601","1","20117900","1.809e-05","0.004","G"
"4","Trait5","mrMLM","PstI.TP1203204","1","20170473","-2.274e-06","5e-04","A"
"4","Trait5","mrMLM","NsiI.TP211576","1","20196980","3.3085e-05","0.0073","A"
"4","Trait5","mrMLM","PstI.TP581539","1","20198717","-0.0903","0.5089","C"
"4","Trait5","mrMLM","NsiI.TP319812","1","20221389","7.4932e-06","0.0016","C"
"4","Trait5","mrMLM","PstI.TP385421","1","20238710","-3.7921e-08","8.2523e-06","A"
"4","Trait5","mrMLM","NsiI.TP352570","1","20251715","-0.1091","0.3816","C"
"4","Trait5","mrMLM","NsiI.TP440927","1","20252244","1.1078e-05","0.0024","A"
"4","Trait5","mrMLM","PstI.TP119299","1","20256212","-2.5804e-05","0.0057","C"
"4","Trait5","mrMLM","NsiI.TP494369","1","20266459","0.1108","0.7637","C"
"4","Trait5","mrMLM","PstI.TP1221288","1","20300650","2.2912e-05","0.005","A"
"4","Trait5","mrMLM","NsiI.TP418168","1","20328405","-0.0408","0.2043","C"
"4","Trait5","mrMLM","PstI.TP71479","1","20431664","-5.0706e-07","1e-04","A"
"4","Trait5","mrMLM","PstI.TP14098","1","20563933","3.7803e-06","8e-04","C"
"4","Trait5","mrMLM","PstI.TP242889","1","20584686","1.8578e-05","0.0041","A"
"4","Trait5","mrMLM","NsiI.TP51631","1","20587907","1.5481e-05","0.0034","C"
"4","Trait5","mrMLM","NsiI.TP363937","1","20591680","-0.0117","0.1374","C"
"4","Trait5","mrMLM","NsiI.TP186723","1","20683744","2.301e-05","0.005","A"
"4","Trait5","mrMLM","PstI.TP1239144","1","20685889","-1.0442e-05","0.0023","C"
"4","Trait5","mrMLM","PstI.TP861963","1","20685949","0.0571","0.3941","C"
"4","Trait5","mrMLM","PstI.TP861964","1","20685961","0.1352","0.5643","A"
"4","Trait5","mrMLM","NsiI.TP221754","1","20732688","-0.0263","0.2129","C"
"4","Trait5","mrMLM","NsiI.TP396900","1","20733511","-2.0223e-05","0.0044","A"
"4","Trait5","mrMLM","PstI.TP692910","1","20750897","0.1388","1.0783","A"
"4","Trait5","mrMLM","GFSSContig4787_601","1","20799071","0.0379","0.2112","A"
"4","Trait5","mrMLM","PstI.TP187958","1","20807868","0.023","0.1891","A"
"4","Trait5","mrMLM","GFSSContig19471_685","1","20815453","0.0981","0.4267","C"
"4","Trait5","mrMLM","PstI.TP449104","1","20843899","-8.8019e-06","0.0019","A"
"4","Trait5","mrMLM","NsiI.TP665420","1","20878178","-0.1323","0.7194","C"
"4","Trait5","mrMLM","NsiI.TP502602","1","20932230","-8.815e-06","0.0019","A"
"4","Trait5","mrMLM","PstI.TP775660","1","20966649","-0.1199","0.6516","A"
"4","Trait5","mrMLM","PstI.TP980727","1","20986814","1.4113e-05","0.0031","A"
"4","Trait5","mrMLM","PstI.TP751380","1","21009178","1.0402e-05","0.0023","A"
"4","Trait5","mrMLM","NsiI.TP616011","1","21042200","-2.7166e-05","0.006","A"
"4","Trait5","mrMLM","NsiI.TP608895","1","21123105","-2.2012e-05","0.0048","C"
"4","Trait5","mrMLM","NsiI.TP562524","1","21213159","0.0184","0.2129","A"
"4","Trait5","mrMLM","PstI.TP851166","1","21305923","-5.367e-06","0.0012","C"
"4","Trait5","mrMLM","PstI.TP791712","1","21320307","-0.1109","0.7656","C"
"4","Trait5","mrMLM","NsiI.TP116456","1","21339197","-7e-04","0.032","G"
"4","Trait5","mrMLM","NsiI.TP181017","1","21440904","1.3367e-05","0.0029","C"
"4","Trait5","mrMLM","PstI.TP269661","1","21444393","2.8959e-05","0.0063","C"
"4","Trait5","mrMLM","PstI.TP804333","1","21450705","3.3951e-05","0.0075","C"
"4","Trait5","mrMLM","PstI.TP82406","1","21456943","-1.5917e-05","0.0035","A"
"4","Trait5","mrMLM","NsiI.TP813345","1","21499318","-2.1311e-05","0.0047","C"
"4","Trait5","mrMLM","PstI.TP265375","1","21509659","-2.7049e-05","0.0059","A"
"4","Trait5","mrMLM","NsiI.TP291566","1","21510033","-1.4777e-06","3e-04","A"
"4","Trait5","mrMLM","NsiI.TP41463","1","21517429","3.5888e-05","0.0079","C"
"4","Trait5","mrMLM","PstI.TP31180","1","21521967","0.1296","0.6873","A"
"4","Trait5","mrMLM","PstI.TP246926","1","21526787","-0.0665","0.7277","C"
"4","Trait5","mrMLM","PstI.TP265643","1","21534801","0.0682","0.3067","A"
"4","Trait5","mrMLM","PstI.TP733780","1","21534851","-7.5428e-06","0.0016","A"
"4","Trait5","mrMLM","PstI.TP31166","1","21535414","6.7048e-06","0.0015","A"
"4","Trait5","mrMLM","PstI.TP730593","1","21558474","-0.0876","0.4587","A"
"4","Trait5","mrMLM","NsiI.TP495000","1","21577084","-6.6317e-06","0.0014","A"
"4","Trait5","mrMLM","PstI.TP976681","1","21596763","2.7314e-05","0.006","A"
"4","Trait5","mrMLM","NsiI.TP509885","1","21597481","2.5854e-05","0.0057","A"
"4","Trait5","mrMLM","NsiI.TP331606","1","21598230","3.5498e-06","8e-04","A"
"4","Trait5","mrMLM","PstI.TP1222913","1","21606888","-2.6393e-05","0.0058","C"
"4","Trait5","mrMLM","PstI.TP343978","1","21606944","-1.373e-06","3e-04","G"
"4","Trait5","mrMLM","NsiI.TP717159","1","21610202","-0.0722","0.3431","G"
"4","Trait5","mrMLM","NsiI.TP171370","1","21618374","-0.2483","2.2017","A"
"4","Trait5","mrMLM","PstI.TP198890","1","21626192","1.3013e-06","3e-04","A"
"4","Trait5","mrMLM","NsiI.TP621849","1","21679396","0.1779","1.0509","C"
"4","Trait5","mrMLM","PstI.TP17760","1","21692123","1.3044e-05","0.0028","A"
"4","Trait5","mrMLM","NsiI.TP758628","1","21736568","-1.6286e-06","4e-04","A"
"4","Trait5","mrMLM","NsiI.TP626225","1","21785011","-1.4201e-05","0.0031","C"
"4","Trait5","mrMLM","NsiI.TP834121","1","21845560","0.2778","1.4965","A"
"4","Trait5","mrMLM","NsiI.TP698023","1","21880339","-1.7765e-05","0.0039","C"
"4","Trait5","mrMLM","PstI.TP1074331","1","21885836","-4.7703e-06","0.001","A"
"4","Trait5","mrMLM","PstI.TP119530","1","21888490","-3.5177e-05","0.0077","C"
"4","Trait5","mrMLM","NsiI.TP124898","1","21921051","-0.4439","2.1911","C"
"4","Trait5","mrMLM","NsiI.TP403194","1","21945850","8.5574e-06","0.0019","A"
"4","Trait5","mrMLM","PstI.TP1254328","1","22098030","-0.045","0.6248","C"
"4","Trait5","mrMLM","PstI.TP1254352","1","22098030","0.0953","0.7724","C"
"4","Trait5","mrMLM","PstI.TP1254439","1","22098030","-2.4088e-05","0.0053","C"
"4","Trait5","mrMLM","PstI.TP475168","1","22162401","4.4396e-05","0.0098","C"
"4","Trait5","mrMLM","PstI.TP667763","1","22192603","4.4402e-06","0.001","A"
"4","Trait5","mrMLM","NsiI.TP161413","1","22222480","-9.1597e-06","0.002","C"
"4","Trait5","mrMLM","PstI.TP998401","1","22233896","0.0332","0.2835","A"
"4","Trait5","mrMLM","PstI.TP493844","1","22248452","0.2508","1.0732","G"
"4","Trait5","mrMLM","PstI.TP761935","1","22258955","0.0403","0.2973","A"
"4","Trait5","mrMLM","PstI.TP90605","1","22269286","1.5304e-05","0.0033","A"
"4","Trait5","mrMLM","NsiI.TP760512","1","22274928","1.4415e-05","0.0031","C"
"4","Trait5","mrMLM","PstI.TP543648","1","22275588","-0.1399","0.9881","C"
"4","Trait5","mrMLM","PstI.TP686526","1","22331623","-1.217e-05","0.0027","C"
"4","Trait5","mrMLM","NsiI.TP736014","1","22331623","0.0474","0.3714","A"
"4","Trait5","mrMLM","PstI.TP686527","1","22331630","0.055","0.5098","A"
"4","Trait5","mrMLM","PstI.TP1123560","1","22335081","-6.8425e-06","0.0015","C"
"4","Trait5","mrMLM","NsiI.TP304101","1","22335385","1.2523e-05","0.0027","C"
"4","Trait5","mrMLM","NsiI.TP408788","1","22357510","3.2932e-06","7e-04","A"
"4","Trait5","mrMLM","NsiI.TP442728","1","22435882","1.5082e-05","0.0033","G"
"4","Trait5","mrMLM","NsiI.TP62704","1","22461830","3.6856e-07","8.0217e-05","C"
"4","Trait5","mrMLM","NsiI.TP62703","1","22461871","-5.241e-06","0.0011","A"
"4","Trait5","mrMLM","PstI.TP20840","1","22571279","1.2415e-05","0.0027","A"
"4","Trait5","mrMLM","PstI.TP884268","1","22671173","-8.8963e-06","0.0019","C"
"4","Trait5","mrMLM","NsiI.TP179553","1","22681787","0.2509","0.7092","C"
"4","Trait5","mrMLM","NsiI.TP212379","1","22730922","4.1418e-06","9e-04","C"
"4","Trait5","mrMLM","NsiI.TP503471","1","22798219","-0.2311","1.3077","C"
"4","Trait5","mrMLM","NsiI.TP246767","1","22815883","-3.5049e-06","8e-04","A"
"4","Trait5","mrMLM","PstI.TP1154991","1","22969451","-0.3041","1.7035","C"
"4","Trait5","mrMLM","PstI.TP1040925","1","23057306","-0.0328","0.3535","G"
"4","Trait5","mrMLM","PstI.TP726810","1","23057395","-4.7361e-05","0.0104","A"
"4","Trait5","mrMLM","PstI.TP1133775","1","23057893","3.6615e-06","8e-04","C"
"4","Trait5","mrMLM","PstI.TP1133741","1","23057929","-1.942e-05","0.0042","A"
"4","Trait5","mrMLM","PstI.TP663223","1","23095352","0.136","1.0275","A"
"4","Trait5","mrMLM","PstI.TP876768","1","23246197","-2.273e-05","0.005","G"
"4","Trait5","mrMLM","PstI.TP1020277","1","23246220","0.2358","1.0625","C"
"4","Trait5","mrMLM","PstI.TP1106448","1","23276548","-2.229e-05","0.0049","A"
"4","Trait5","mrMLM","NsiI.TP376615","1","23369581","4.9103e-06","0.0011","G"
"4","Trait5","mrMLM","PstI.TP413554","1","23370056","-1.433e-05","0.0031","A"
"4","Trait5","mrMLM","NsiI.TP831456","1","23512118","0.1091","0.3739","C"
"4","Trait5","mrMLM","PstI.TP1114341","1","23513036","-2.0484e-05","0.0045","A"
"4","Trait5","mrMLM","NsiI.TP521439","1","23513091","-6.2198e-06","0.0014","A"
"4","Trait5","mrMLM","PstI.TP1144827","1","23543304","-2.8255e-06","6e-04","C"
"4","Trait5","mrMLM","PstI.TP420365","1","23556111","-0.1406","1.3832","A"
"4","Trait5","mrMLM","NsiI.TP674958","1","23556185","-1.274e-05","0.0028","G"
"4","Trait5","mrMLM","PstI.TP13739","1","23745287","-3.5131e-06","8e-04","A"
"4","Trait5","mrMLM","PstI.TP13231","1","23745299","-6.4878e-06","0.0014","A"
"4","Trait5","mrMLM","PstI.TP484228","1","23745334","1.9311e-05","0.0042","C"
"4","Trait5","mrMLM","PstI.TP1256502","1","23777666","8.1562e-06","0.0018","A"
"4","Trait5","mrMLM","NsiI.TP814348","1","23854028","-0.0327","0.4448","A"
"4","Trait5","mrMLM","PstI.TP871493","1","23884762","0.0891","0.6324","A"
"4","Trait5","mrMLM","PstI.TP202565","1","23912623","0.0245","0.2666","A"
"4","Trait5","mrMLM","PstI.TP985212","1","23912680","-1.505e-05","0.0033","C"
"4","Trait5","mrMLM","PstI.TP696637","1","23943590","-1.0481e-05","0.0023","G"
"4","Trait5","mrMLM","NsiI.TP323761","1","23959003","-0.0806","0.6522","A"
"4","Trait5","mrMLM","GFSSContig17336_1550","1","23965526","-6.5603e-06","0.0014","T"
"4","Trait5","mrMLM","PstI.TP884909","1","23972025","7.0814e-06","0.0015","C"
"4","Trait5","mrMLM","NsiI.TP428122","1","24190942","3.0023e-05","0.0066","C"
"4","Trait5","mrMLM","NsiI.TP242000","1","24212453","-1.7278e-05","0.0038","A"
"4","Trait5","mrMLM","NsiI.TP539662","1","24405622","-0.0208","0.3039","C"
"4","Trait5","mrMLM","PstI.TP418337","1","24431944","-1.66e-05","0.0036","C"
"4","Trait5","mrMLM","PstI.TP418335","1","24431953","0.0568","0.4308","G"
"4","Trait5","mrMLM","NsiI.TP248674","1","24465369","8.5971e-06","0.0019","C"
"4","Trait5","mrMLM","NsiI.TP628006","1","24471377","-6.1594e-06","0.0013","C"
"4","Trait5","mrMLM","NsiI.TP643413","1","24476052","9.6996e-06","0.0021","C"
"4","Trait5","mrMLM","NsiI.TP812619","1","24481015","0.0275","0.1634","A"
"4","Trait5","mrMLM","NsiI.TP681323","1","24522622","0.0466","0.3098","C"
"4","Trait5","mrMLM","PstI.TP700409","1","24589061","1.8727e-05","0.0041","A"
"4","Trait5","mrMLM","PstI.TP283898","1","24589128","-5.9043e-06","0.0013","A"
"4","Trait5","mrMLM","PstI.TP789478","1","24608035","-0.0191","0.2497","A"
"4","Trait5","mrMLM","PstI.TP1051892","1","24680518","0.1329","0.588","C"
"4","Trait5","mrMLM","NsiI.TP354424","1","24696627","0.0725","0.6204","G"
"4","Trait5","mrMLM","PstI.TP136711","1","24697339","-3.9497e-05","0.0087","A"
"4","Trait5","mrMLM","PstI.TP477936","1","24765218","-7.4505e-06","0.0016","C"
"4","Trait5","mrMLM","NsiI.TP614612","1","24771257","0.1284","1.4909","C"
"4","Trait5","mrMLM","PstI.TP1165429","1","24780813","0.0088","0.1423","C"
"4","Trait5","mrMLM","NsiI.TP636354","1","24793038","-2.6601e-05","0.0058","A"
"4","Trait5","mrMLM","NsiI.TP792909","1","24793039","8.9074e-06","0.0019","A"
"4","Trait5","mrMLM","NsiI.TP754954","1","24793080","2.1987e-05","0.0048","A"
"4","Trait5","mrMLM","NsiI.TP792915","1","24793083","-1.4294e-06","3e-04","A"
"4","Trait5","mrMLM","PstI.TP583992","1","24802048","-0.0118","0.1053","C"
"4","Trait5","mrMLM","PstI.TP889430","1","24803164","3.0068e-05","0.0066","A"
"4","Trait5","mrMLM","PstI.TP1092153","1","24809634","2.4907e-05","0.0055","C"
"4","Trait5","mrMLM","NsiI.TP615699","1","24833300","1.1175e-05","0.0024","C"
"4","Trait5","mrMLM","PstI.TP197351","1","24876065","-2.0899e-05","0.0046","C"
"4","Trait5","mrMLM","NsiI.TP269540","1","24901828","1.1906e-05","0.0026","A"
"4","Trait5","mrMLM","NsiI.TP633763","1","25034365","0.0449","0.4156","C"
"4","Trait5","mrMLM","PstI.TP510443","1","25088662","0.0034","0.0675","G"
"4","Trait5","mrMLM","PstI.TP183213","1","25117469","-1.99e-05","0.0044","C"
"4","Trait5","mrMLM","PstI.TP98839","1","25165051","1.777e-05","0.0039","C"
"4","Trait5","mrMLM","NsiI.TP442212","1","25199008","7.6109e-07","2e-04","A"
"4","Trait5","mrMLM","PstI.TP53225","1","25200640","-1.3793e-05","0.003","G"
"4","Trait5","mrMLM","PstI.TP713933","1","25304804","1.5115e-05","0.0033","A"
"4","Trait5","mrMLM","PstI.TP412574","1","25335508","0.2011","1.2331","A"
"4","Trait5","mrMLM","PstI.TP175730","1","25373881","-2.4204e-05","0.0053","C"
"4","Trait5","mrMLM","PstI.TP455507","1","25454965","0.024","0.1973","A"
"4","Trait5","mrMLM","PstI.TP938342","1","25465702","4.0169e-06","9e-04","A"
"4","Trait5","mrMLM","PstI.TP543090","1","25480362","-1.1678e-05","0.0025","A"
"4","Trait5","mrMLM","NsiI.TP440783","1","25487685","5.2481e-06","0.0011","A"
"4","Trait5","mrMLM","GFSSContig14236_783","1","25490866","-1.5402e-05","0.0034","C"
"4","Trait5","mrMLM","PstI.TP370290","1","25497963","-7.3742e-06","0.0016","C"
"4","Trait5","mrMLM","PstI.TP796726","1","25509474","0.0193","0.2111","C"
"4","Trait5","mrMLM","NsiI.TP442344","1","25523877","-1.4205e-05","0.0031","C"
"4","Trait5","mrMLM","PstI.TP592887","1","25527443","5.4216e-07","1e-04","C"
"4","Trait5","mrMLM","NsiI.TP388888","1","25587993","3.0156e-05","0.0066","A"
"4","Trait5","mrMLM","NsiI.TP446582","1","25591237","-7.1494e-07","2e-04","A"
"4","Trait5","mrMLM","PstI.TP89975","1","25592124","1.5648e-05","0.0034","A"
"4","Trait5","mrMLM","NsiI.TP481995","1","25592128","1.8185e-06","4e-04","G"
"4","Trait5","mrMLM","NsiI.TP572024","1","25817159","5.8256e-06","0.0013","G"
"4","Trait5","mrMLM","PstI.TP942802","1","26010567","-2.1063e-05","0.0046","G"
"4","Trait5","mrMLM","PstI.TP47054","1","26095269","0.0741","0.5471","A"
"4","Trait5","mrMLM","PstI.TP1115586","1","26270446","0.028","0.2067","A"
"4","Trait5","mrMLM","NsiI.TP356169","1","26312357","0.0568","0.3924","C"
"4","Trait5","mrMLM","PstI.TP1239196","1","26316791","8.25e-06","0.0018","A"
"4","Trait5","mrMLM","NsiI.TP794858","1","26320711","0.126","0.8632","A"
"4","Trait5","mrMLM","PstI.TP1063835","1","26479377","1.5801e-06","3e-04","A"
"4","Trait5","mrMLM","NsiI.TP285879","1","26479498","-0.0772","1.0979","A"
"4","Trait5","mrMLM","NsiI.TP704474","1","26519309","1.2743e-05","0.0028","A"
"4","Trait5","mrMLM","NsiI.TP704475","1","26519314","0.0468","0.4654","G"
"4","Trait5","mrMLM","GFSSContig7729_683","1","26554524","1.1157e-05","0.0024","T"
"4","Trait5","mrMLM","PstI.TP905794","1","26554618","-1.0211e-05","0.0022","C"
"4","Trait5","mrMLM","NsiI.TP716491","1","26782151","-4.9554e-06","0.0011","C"
"4","Trait5","mrMLM","NsiI.TP424885","1","26846480","0.2203","0.7194","A"
"4","Trait5","mrMLM","PstI.TP21552","1","26847368","-0.2369","0.8467","A"
"4","Trait5","mrMLM","PstI.TP757921","1","26848011","0.0638","0.7666","A"
"4","Trait5","mrMLM","PstI.TP1217912","1","26851894","1.0827e-05","0.0024","C"
"4","Trait5","mrMLM","PstI.TP1235653","1","26856510","-7.2243e-06","0.0016","A"
"4","Trait5","mrMLM","NsiI.TP378252","1","26880821","0.0713","0.8323","A"
"4","Trait5","mrMLM","PstI.TP400020","1","26901825","1.2302e-05","0.0027","A"
"4","Trait5","mrMLM","PstI.TP19694","1","26927564","-0.1081","1.2403","A"
"4","Trait5","mrMLM","PstI.TP402314","1","26932166","-0.1285","0.8871","G"
"4","Trait5","mrMLM","PstI.TP400818","1","26932208","0.0651","0.8242","A"
"4","Trait5","mrMLM","PstI.TP320357","1","26934148","-0.1341","0.8144","A"
"4","Trait5","mrMLM","NsiI.TP344815","1","27077303","0.059","0.4517","A"
"4","Trait5","mrMLM","PstI.TP118116","1","27080557","1.7388e-05","0.0038","C"
"4","Trait5","mrMLM","PstI.TP483670","1","27130763","1.7552e-05","0.0038","A"
"4","Trait5","mrMLM","PstI.TP709296","1","27152329","-0.1738","0.9869","C"
"4","Trait5","mrMLM","PstI.TP288641","1","27158173","0.0033","0.0656","A"
"4","Trait5","mrMLM","PstI.TP364380","1","27181483","1.3316e-05","0.0029","A"
"4","Trait5","mrMLM","PstI.TP52665","1","27201505","4.2524e-05","0.0094","A"
"4","Trait5","mrMLM","NsiI.TP161949","1","27353507","2.0501e-05","0.0045","C"
"4","Trait5","mrMLM","NsiI.TP631800","1","27359405","-7.7933e-06","0.0017","A"
"4","Trait5","mrMLM","NsiI.TP682778","1","27363743","-2.8366e-05","0.0062","C"
"4","Trait5","mrMLM","NsiI.TP233987","1","27364229","2.771e-05","0.0061","A"
"4","Trait5","mrMLM","NsiI.TP622806","1","27365125","3.9466e-05","0.0087","C"
"4","Trait5","mrMLM","PstI.TP635703","1","27368323","-7.0785e-06","0.0015","A"
"4","Trait5","mrMLM","PstI.TP1227908","1","27374280","0.0909","0.6776","C"
"4","Trait5","mrMLM","NsiI.TP22822","1","27423923","1.4779e-05","0.0032","C"
"4","Trait5","mrMLM","PstI.TP308752","1","27449641","0.1063","0.8892","G"
"4","Trait5","mrMLM","PstI.TP626212","1","27543084","2.7043e-05","0.0059","C"
"4","Trait5","mrMLM","PstI.TP393655","1","27733652","1.1909e-05","0.0026","G"
"4","Trait5","mrMLM","NsiI.TP701632","1","27877395","0.0464","0.3566","A"
"4","Trait5","mrMLM","PstI.TP830920","1","27988897","0.1846","0.6627","C"
"4","Trait5","mrMLM","NsiI.TP303366","1","28076885","3.8955e-05","0.0086","A"
"4","Trait5","mrMLM","PstI.TP128835","1","28077998","-5.5892e-06","0.0012","C"
"4","Trait5","mrMLM","NsiI.TP303265","1","28198704","0.0363","0.2326","A"
"4","Trait5","mrMLM","PstI.TP176880","1","28241729","1.5868e-05","0.0035","A"
"4","Trait5","mrMLM","NsiI.TP787288","1","28276912","-1.7839e-05","0.0039","A"
"4","Trait5","mrMLM","NsiI.TP792352","1","28276916","3.7066e-06","8e-04","A"
"4","Trait5","mrMLM","NsiI.TP788658","1","28276918","2.5378e-05","0.0056","A"
"4","Trait5","mrMLM","NsiI.TP789014","1","28276920","1.9111e-05","0.0042","A"
"4","Trait5","mrMLM","NsiI.TP788860","1","28276960","1.0433e-05","0.0023","G"
"4","Trait5","mrMLM","NsiI.TP113555","1","28448779","-1.8885e-05","0.0041","A"
"4","Trait5","mrMLM","NsiI.TP499188","1","28678132","-6.1126e-06","0.0013","A"
"4","Trait5","mrMLM","PstI.TP376790","1","28681754","5.5704e-06","0.0012","C"
"4","Trait5","mrMLM","PstI.TP896979","1","28970255","-2.0776e-06","5e-04","G"
"4","Trait5","mrMLM","NsiI.TP117794","1","29000859","-2.0747e-05","0.0045","C"
"4","Trait5","mrMLM","PstI.TP45802","1","29365878","0.2252","1.6743","A"
"4","Trait5","mrMLM","PstI.TP736666","1","29404566","-2.1394e-05","0.0047","A"
"4","Trait5","mrMLM","NsiI.TP425431","1","29611471","0.0203","0.284","A"
"4","Trait5","mrMLM","PstI.TP835294","1","29611742","0.0739","0.5685","C"
"4","Trait5","mrMLM","NsiI.TP633588","1","29778455","1.1627e-06","3e-04","A"
"4","Trait5","mrMLM","NsiI.TP39290","1","30218094","3.0623e-05","0.0067","A"
"4","Trait5","mrMLM","NsiI.TP177297","1","30377847","1.0806e-05","0.0024","A"
"4","Trait5","mrMLM","PstI.TP150197","1","30650620","-2.0462e-05","0.0045","G"
"4","Trait5","mrMLM","PstI.TP58145","1","30654828","1.9512e-05","0.0043","C"
"4","Trait5","mrMLM","PstI.TP31070","1","30825121","-1.1192e-05","0.0024","C"
"4","Trait5","mrMLM","NsiI.TP61845","1","30836654","-1.7451e-05","0.0038","C"
"4","Trait5","mrMLM","PstI.TP1132123","1","31011863","-1.0195e-05","0.0022","C"
"4","Trait5","mrMLM","NsiI.TP420617","1","31035254","-6.1441e-07","1e-04","G"
"4","Trait5","mrMLM","PstI.TP510044","1","31327463","2.8329e-05","0.0062","C"
"4","Trait5","mrMLM","PstI.TP1161943","1","31327654","6.8571e-06","0.0015","G"
"4","Trait5","mrMLM","PstI.TP277079","1","31345380","4.4897e-06","0.001","A"
"4","Trait5","mrMLM","PstI.TP552564","1","31345670","0.1748","0.548","C"
"4","Trait5","mrMLM","NsiI.TP394009","1","33797640","8.0201e-06","0.0017","A"
"4","Trait5","mrMLM","PstI.TP711666","1","34470259","0.0875","0.6003","C"
"4","Trait5","mrMLM","PstI.TP447726","1","34500570","-2.7201e-05","0.006","A"
"4","Trait5","mrMLM","NsiI.TP142936","1","35940462","-3.1017e-05","0.0068","C"
"4","Trait5","mrMLM","PstI.TP1159015","1","36160534","1.5719e-05","0.0034","C"
"4","Trait5","mrMLM","NsiI.TP375233","1","37427919","-3.6086e-05","0.0079","A"
"4","Trait5","mrMLM","NsiI.TP725781","1","37725091","8.3103e-06","0.0018","C"
"4","Trait5","mrMLM","PstI.TP20869","1","39514067","-0.0694","0.8596","A"
"4","Trait5","mrMLM","NsiI.TP305483","1","39984940","-0.6226","3.827","G"
"4","Trait5","mrMLM","NsiI.TP678897","1","45967425","-2.447e-06","5e-04","C"
"4","Trait5","mrMLM","NsiI.TP217547","1","45967901","2.6745e-06","6e-04","A"
"4","Trait5","mrMLM","NsiI.TP414962","1","46184765","1.0944e-05","0.0024","C"
"4","Trait5","mrMLM","PstI.TP231608","1","46403489","2.3862e-05","0.0052","A"
"4","Trait5","mrMLM","PstI.TP1213378","1","46786394","1.0615e-05","0.0023","C"
"4","Trait5","mrMLM","PstI.TP925101","1","47183326","4.2415e-06","9e-04","C"
"4","Trait5","mrMLM","PstI.TP850652","1","49250616","2.5305e-06","6e-04","C"
"4","Trait5","mrMLM","NsiI.TP601373","1","49722390","-4.071e-05","0.009","C"
"4","Trait5","mrMLM","PstI.TP286748","1","49731278","-2.5086e-06","5e-04","A"
"4","Trait5","mrMLM","NsiI.TP783625","1","49738878","-2.358e-05","0.0052","C"
"4","Trait5","mrMLM","PstI.TP261824","1","50142562","1.3686e-05","0.003","A"
"4","Trait5","mrMLM","PstI.TP1189297","1","50142670","0.1056","0.7152","A"
"4","Trait5","mrMLM","PstI.TP1162168","1","50144561","-0.0547","0.4191","A"
"4","Trait5","mrMLM","NsiI.TP410418","1","50177681","2.0745e-05","0.0045","A"
"4","Trait5","mrMLM","PstI.TP122157","1","50223254","-1.1741e-05","0.0026","A"
"4","Trait5","mrMLM","PstI.TP757744","1","50223956","4.3811e-06","0.001","G"
"4","Trait5","mrMLM","PstI.TP109752","1","50256891","1.4325e-05","0.0031","A"
"4","Trait5","mrMLM","NsiI.TP95070","1","50298058","-0.0023","0.055","A"
"4","Trait5","mrMLM","NsiI.TP594451","1","50298081","2.3484e-06","5e-04","A"
"4","Trait5","mrMLM","NsiI.TP443000","1","50535023","-9.0594e-06","0.002","C"
"4","Trait5","mrMLM","PstI.TP1196177","1","50596952","3.062e-06","7e-04","A"
"4","Trait5","mrMLM","PstI.TP15026","1","50852743","0.0166","0.1666","A"
"4","Trait5","mrMLM","PstI.TP15027","1","50852753","-1.9299e-05","0.0042","C"
"4","Trait5","mrMLM","NsiI.TP558322","1","50863891","1.9298e-06","4e-04","C"
"4","Trait5","mrMLM","NsiI.TP717647","1","50889702","1.3862e-05","0.003","A"
"4","Trait5","mrMLM","NsiI.TP489333","1","50910297","-0.0865","0.4164","C"
"4","Trait5","mrMLM","NsiI.TP438157","1","51067369","1.0746e-06","2e-04","A"
"4","Trait5","mrMLM","PstI.TP1150172","1","51067431","-1.0983e-05","0.0024","A"
"4","Trait5","mrMLM","PstI.TP473185","1","51128441","2.3268e-05","0.0051","A"
"4","Trait5","mrMLM","NsiI.TP30868","1","51136397","1.4293e-05","0.0031","G"
"4","Trait5","mrMLM","PstI.TP387658","1","51186931","0.1654","0.9273","C"
"4","Trait5","mrMLM","NsiI.TP523435","1","51273694","0.088","0.7282","G"
"4","Trait5","mrMLM","NsiI.TP386556","1","51589796","-2.9492e-05","0.0065","A"
"4","Trait5","mrMLM","PstI.TP707940","1","51590033","-2.5879e-05","0.0057","C"
"4","Trait5","mrMLM","PstI.TP738167","1","51590112","-1.0281e-05","0.0022","A"
"4","Trait5","mrMLM","NsiI.TP436040","1","51631285","0.1244","0.777","C"
"4","Trait5","mrMLM","NsiI.TP659107","1","51888662","-8.5157e-06","0.0019","C"
"4","Trait5","mrMLM","PstI.TP1138376","1","51888724","-4.5873e-06","0.001","A"
"4","Trait5","mrMLM","PstI.TP616894","1","51889049","-3.1587e-05","0.0069","C"
"4","Trait5","mrMLM","PstI.TP481755","1","51889649","-1.7242e-05","0.0038","G"
"4","Trait5","mrMLM","NsiI.TP36031","1","51889699","-2.1721e-05","0.0048","C"
"4","Trait5","mrMLM","NsiI.TP325274","1","52033692","-0.2248","1.2958","G"
"4","Trait5","mrMLM","PstI.TP195721","1","52255702","0.0077","0.1211","C"
"4","Trait5","mrMLM","PstI.TP237512","1","52255782","3.0345e-05","0.0067","A"
"4","Trait5","mrMLM","NsiI.TP1182","1","52274424","-0.0797","0.4152","C"
"4","Trait5","mrMLM","NsiI.TP493667","1","52329021","1.1095e-05","0.0024","C"
"4","Trait5","mrMLM","NsiI.TP350556","1","52759595","4.9085e-06","0.0011","C"
"4","Trait5","mrMLM","NsiI.TP215254","1","52805646","6.6005e-06","0.0014","C"
"4","Trait5","mrMLM","PstI.TP452799","1","52828554","1.1777e-06","3e-04","A"
"4","Trait5","mrMLM","NsiI.TP754725","1","52870061","-1.6597e-06","4e-04","A"
"4","Trait5","mrMLM","PstI.TP434972","1","52873107","-0.1521","0.757","G"
"4","Trait5","mrMLM","NsiI.TP672641","1","52874403","-2.2999e-06","5e-04","C"
"4","Trait5","mrMLM","NsiI.TP672765","1","52874420","0.079","0.7657","A"
"4","Trait5","mrMLM","PstI.TP1041358","1","52903806","1.1001e-05","0.0024","G"
"4","Trait5","mrMLM","NsiI.TP124457","1","52929191","-5.8471e-06","0.0013","C"
"4","Trait5","mrMLM","NsiI.TP779723","1","53110208","-3.648e-06","8e-04","C"
"4","Trait5","mrMLM","PstI.TP1134497","1","53143016","3.7592e-05","0.0083","C"
"4","Trait5","mrMLM","PstI.TP506147","1","53144699","1.6802e-05","0.0037","C"
"4","Trait5","mrMLM","PstI.TP923960","1","53144705","-1.6793e-05","0.0037","C"
"4","Trait5","mrMLM","NsiI.TP67753","1","53203995","-5.7718e-07","1e-04","A"
"4","Trait5","mrMLM","PstI.TP132834","1","53395351","-3.6772e-07","8.0042e-05","A"
"4","Trait5","mrMLM","PstI.TP920319","1","53454385","1.8926e-05","0.0041","G"
"4","Trait5","mrMLM","NsiI.TP715565","1","53455190","0.147","1.1266","A"
"4","Trait5","mrMLM","PstI.TP643290","1","53455562","0.0814","0.6996","A"
"4","Trait5","mrMLM","PstI.TP692806","1","53793051","-1.801e-05","0.0039","A"
"4","Trait5","mrMLM","GFSSContig19568_1644","1","53884459","8.0597e-06","0.0018","T"
"4","Trait5","mrMLM","PstI.TP486350","1","53986066","-5.6211e-07","1e-04","C"
"4","Trait5","mrMLM","PstI.TP486349","1","53986102","1.4851e-05","0.0032","C"
"4","Trait5","mrMLM","NsiI.TP336194","1","54025268","-0.0619","0.362","A"
"4","Trait5","mrMLM","PstI.TP378778","1","54121051","2.2507e-06","5e-04","G"
"4","Trait5","mrMLM","NsiI.TP177228","1","54134389","-1.6958e-05","0.0037","A"
"4","Trait5","mrMLM","NsiI.TP157484","1","54192727","8.2379e-06","0.0018","C"
"4","Trait5","mrMLM","PstI.TP618473","1","54300788","4.7954e-06","0.001","C"
"4","Trait5","mrMLM","NsiI.TP22558","1","54384283","1.4982e-05","0.0033","C"
"4","Trait5","mrMLM","NsiI.TP650193","1","54384290","0.0431","0.2222","A"
"4","Trait5","mrMLM","NsiI.TP519581","1","54384302","1.2572e-05","0.0027","A"
"4","Trait5","mrMLM","NsiI.TP22553","1","54384316","-2.0198e-05","0.0044","C"
"4","Trait5","mrMLM","NsiI.TP586800","1","54384326","-1.7014e-05","0.0037","C"
"4","Trait5","mrMLM","PstI.TP1274651","1","54391000","3.1229e-05","0.0069","G"
"4","Trait5","mrMLM","NsiI.TP625965","1","54631020","4.6267e-05","0.0102","G"
"4","Trait5","mrMLM","PstI.TP506173","1","54722183","1.307e-05","0.0029","C"
"4","Trait5","mrMLM","NsiI.TP619862","1","54736785","0.1329","1.7095","C"
"4","Trait5","mrMLM","NsiI.TP120966","1","54752370","-1.2629e-06","3e-04","A"
"4","Trait5","mrMLM","NsiI.TP160863","1","54752388","2.6358e-05","0.0058","C"
"4","Trait5","mrMLM","PstI.TP665440","1","54999158","0.0874","0.8864","A"
"4","Trait5","mrMLM","PstI.TP665437","1","54999161","-0.0078","0.0795","C"
"4","Trait5","mrMLM","PstI.TP744195","1","54999176","-0.0748","0.4795","C"
"4","Trait5","mrMLM","PstI.TP1021663","1","55052456","0.0124","0.1013","A"
"4","Trait5","mrMLM","PstI.TP1262692","1","55104350","0.068","0.7433","C"
"4","Trait5","mrMLM","NsiI.TP421581","1","55104513","2.6539e-05","0.0058","A"
"4","Trait5","mrMLM","NsiI.TP432889","1","55125416","0.1017","0.9004","A"
"4","Trait5","mrMLM","NsiI.TP787179","1","55180451","2.0865e-05","0.0046","A"
"4","Trait5","mrMLM","NsiI.TP485052","1","55296514","1.2634e-05","0.0028","A"
"4","Trait5","mrMLM","NsiI.TP450087","1","55415304","1.5463e-05","0.0034","G"
"4","Trait5","mrMLM","PstI.TP729720","1","55464084","8.6658e-06","0.0019","A"
"4","Trait5","mrMLM","NsiI.TP797168","1","55471144","-2.76e-06","6e-04","A"
"4","Trait5","mrMLM","NsiI.TP642020","1","55483764","-5.198e-06","0.0011","A"
"4","Trait5","mrMLM","PstI.TP941231","1","55563415","0.1936","0.6368","C"
"4","Trait5","mrMLM","PstI.TP15074","1","55573654","1.1665e-05","0.0025","A"
"4","Trait5","mrMLM","NsiI.TP808101","1","55581036","-7.9948e-06","0.0017","A"
"4","Trait5","mrMLM","NsiI.TP45485","1","55585048","-1.5026e-05","0.0033","A"
"4","Trait5","mrMLM","NsiI.TP386711","1","55586122","0.2829","1.8007","A"
"4","Trait5","mrMLM","NsiI.TP386759","1","55589297","-0.1441","0.9585","G"
"4","Trait5","mrMLM","PstI.TP87709","1","55612897","-0.0814","0.6686","C"
"4","Trait5","mrMLM","PstI.TP301725","1","55683570","1.0134e-05","0.0022","A"
"4","Trait5","mrMLM","PstI.TP160672","1","55685308","-0.0822","1.0682","A"
"4","Trait5","mrMLM","NsiI.TP24945","1","55705522","3.4252e-05","0.0075","A"
"4","Trait5","mrMLM","NsiI.TP724007","1","55711703","7.6404e-06","0.0017","C"
"4","Trait5","mrMLM","NsiI.TP369163","1","55813566","-3.8856e-05","0.0085","C"
"4","Trait5","mrMLM","NsiI.TP369159","1","55813567","-1.1864e-05","0.0026","A"
"4","Trait5","mrMLM","PstI.TP21677","1","55813664","0.0193","0.1695","A"
"4","Trait5","mrMLM","NsiI.TP587390","1","55819070","-1.2041e-05","0.0026","A"
"4","Trait5","mrMLM","NsiI.TP110253","1","55824124","-0.1061","1.1255","C"
"4","Trait5","mrMLM","NsiI.TP212377","1","55830093","-4.6476e-07","1e-04","C"
"4","Trait5","mrMLM","PstI.TP687051","1","55830875","1.4693e-05","0.0032","C"
"4","Trait5","mrMLM","PstI.TP432584","1","55856314","-1.4767e-05","0.0032","C"
"4","Trait5","mrMLM","PstI.TP189059","1","55881763","-0.1263","1.3892","C"
"4","Trait5","mrMLM","NsiI.TP37840","1","55886039","3.055e-05","0.0067","A"
"4","Trait5","mrMLM","PstI.TP503707","1","55923841","1.1511e-05","0.0025","A"
"4","Trait5","mrMLM","NsiI.TP31929","1","55925238","6.8259e-06","0.0015","C"
"4","Trait5","mrMLM","NsiI.TP175336","1","56033904","2.2231e-05","0.0049","A"
"4","Trait5","mrMLM","PstI.TP292366","1","56035164","-6.4016e-06","0.0014","C"
"4","Trait5","mrMLM","PstI.TP1065657","1","56061646","-0.1234","0.6061","C"
"4","Trait5","mrMLM","PstI.TP1065658","1","56061666","-0.1558","0.7586","A"
"4","Trait5","mrMLM","NsiI.TP488682","1","56063834","2.2577e-05","0.0049","A"
"4","Trait5","mrMLM","NsiI.TP662909","1","56193172","-0.1231","0.9968","A"
"4","Trait5","mrMLM","NsiI.TP241069","1","56195369","-0.0708","0.4035","G"
"4","Trait5","mrMLM","NsiI.TP819478","1","56196947","-1.1951e-05","0.0026","C"
"4","Trait5","mrMLM","NsiI.TP110819","1","56199649","-0.0639","0.692","A"
"4","Trait5","mrMLM","PstI.TP1178077","1","56201122","-1.0617e-05","0.0023","C"
"4","Trait5","mrMLM","PstI.TP1224014","1","56225691","-1.7488e-05","0.0038","A"
"4","Trait5","mrMLM","PstI.TP164210","1","56226416","-8.8374e-06","0.0019","A"
"4","Trait5","mrMLM","NsiI.TP214374","1","56256265","-1.1488e-05","0.0025","G"
"4","Trait5","mrMLM","PstI.TP1167747","1","56262223","-0.1328","0.8402","A"
"4","Trait5","mrMLM","PstI.TP1007712","1","56295361","-0.0117","0.1469","A"
"4","Trait5","mrMLM","PstI.TP969427","1","56297222","-2.7958e-05","0.0061","C"
"4","Trait5","mrMLM","PstI.TP1255073","1","56318472","-8.7555e-06","0.0019","C"
"4","Trait5","mrMLM","PstI.TP868323","1","56319033","3.1405e-06","7e-04","A"
"4","Trait5","mrMLM","PstI.TP309283","1","56385216","0.0431","0.2284","A"
"4","Trait5","mrMLM","PstI.TP1275574","1","56412571","0.3075","1.7437","C"
"4","Trait5","mrMLM","NsiI.TP629408","1","56453536","-2.9678e-06","6e-04","G"
"4","Trait5","mrMLM","NsiI.TP742789","1","56568036","0.0144","0.1456","A"
"4","Trait5","mrMLM","NsiI.TP565063","1","56578610","1.8657e-05","0.0041","G"
"4","Trait5","mrMLM","PstI.TP375706","1","56627262","0.121","1.0762","A"
"4","Trait5","mrMLM","NsiI.TP341652","1","56679136","9.9598e-06","0.0022","C"
"4","Trait5","mrMLM","NsiI.TP201262","1","56730502","-0.0432","0.4451","A"
"4","Trait5","mrMLM","NsiI.TP326816","1","56731318","-8.1385e-06","0.0018","C"
"4","Trait5","mrMLM","NsiI.TP195507","1","56731722","-1.8782e-05","0.0041","C"
"4","Trait5","mrMLM","PstI.TP1016838","1","56734725","-1.6923e-05","0.0037","A"
"4","Trait5","mrMLM","PstI.TP131457","1","56735080","-2.7194e-05","0.006","C"
"4","Trait5","mrMLM","NsiI.TP824820","1","56735765","4.7604e-06","0.001","A"
"4","Trait5","mrMLM","GFSSContig10130_795","1","56767016","3.3385e-05","0.0073","A"
"4","Trait5","mrMLM","PstI.TP36444","1","56771106","-0.0372","0.3493","A"
"4","Trait5","mrMLM","NsiI.TP797918","1","56793400","-2.0065e-05","0.0044","A"
"4","Trait5","mrMLM","NsiI.TP770450","1","56795757","1.4823e-05","0.0032","C"
"4","Trait5","mrMLM","GFSSContig14911_734","1","56797111","3.499e-05","0.0077","A"
"4","Trait5","mrMLM","NsiI.TP42868","1","56808984","1.5242e-05","0.0033","C"
"4","Trait5","mrMLM","PstI.TP1060907","1","56815300","1.9521e-05","0.0043","A"
"4","Trait5","mrMLM","PstI.TP757895","1","56852520","0.0698","0.5776","A"
"4","Trait5","mrMLM","NsiI.TP530218","1","56852817","1.3284e-05","0.0029","A"
"4","Trait5","mrMLM","PstI.TP822327","1","56871868","0.0384","0.3645","A"
"4","Trait5","mrMLM","PstI.TP62793","1","56902432","-1.6512e-05","0.0036","C"
"4","Trait5","mrMLM","NsiI.TP273243","1","56909502","2.8253e-05","0.0062","A"
"4","Trait5","mrMLM","PstI.TP8983","1","56910028","0.071","0.6519","A"
"4","Trait5","mrMLM","PstI.TP377200","1","56910407","1.9657e-05","0.0043","G"
"4","Trait5","mrMLM","NsiI.TP367681","1","56912027","0.1582","0.967","A"
"4","Trait5","mrMLM","PstI.TP846532","1","56947153","-3.6267e-05","0.008","G"
"4","Trait5","mrMLM","NsiI.TP521486","1","56983058","-0.193","0.6066","G"
"4","Trait5","mrMLM","NsiI.TP521487","1","56983060","0.1949","0.979","G"
"4","Trait5","mrMLM","PstI.TP78286","1","56993333","-1.3928e-05","0.003","C"
"4","Trait5","mrMLM","PstI.TP1041006","1","57001520","-0.079","0.5211","C"
"4","Trait5","mrMLM","NsiI.TP640983","1","57076989","-0.011","0.1512","C"
"4","Trait5","mrMLM","PstI.TP736510","1","57078421","-9.6233e-06","0.0021","C"
"4","Trait5","mrMLM","NsiI.TP410076","1","57085643","3.4245e-06","7e-04","A"
"4","Trait5","mrMLM","NsiI.TP235916","1","57088539","-1.1133e-05","0.0024","C"
"4","Trait5","mrMLM","PstI.TP1106426","1","57091175","-5.9393e-06","0.0013","A"
"4","Trait5","mrMLM","NsiI.TP129226","1","57114013","-7.3222e-06","0.0016","A"
"4","Trait5","mrMLM","PstI.TP1282088","1","57117988","-1.2735e-05","0.0028","G"
"4","Trait5","mrMLM","PstI.TP330137","1","57129372","2.5672e-06","6e-04","A"
"4","Trait5","mrMLM","PstI.TP798526","1","57130081","-4.2008e-06","9e-04","C"
"4","Trait5","mrMLM","PstI.TP807213","1","57183105","-0.0727","0.465","C"
"4","Trait5","mrMLM","PstI.TP1165736","1","57192298","-6.5157e-06","0.0014","C"
"4","Trait5","mrMLM","SSk35ctg124514_137","1","57192302","1.2538e-05","0.0027","T"
"4","Trait5","mrMLM","NsiI.TP466224","1","57193737","1.275e-06","3e-04","C"
"4","Trait5","mrMLM","PstI.TP35482","1","57202156","7.1465e-06","0.0016","A"
"4","Trait5","mrMLM","PstI.TP814028","1","57202623","-2.497e-05","0.0055","C"
"4","Trait5","mrMLM","PstI.TP691006","1","57215615","-0.0194","0.2306","C"
"4","Trait5","mrMLM","NsiI.TP816328","1","57218194","4.658e-05","0.0103","A"
"4","Trait5","mrMLM","NsiI.TP204200","1","57218258","-2.1015e-05","0.0046","C"
"4","Trait5","mrMLM","PstI.TP7548","1","57222160","1.0897e-05","0.0024","C"
"4","Trait5","mrMLM","PstI.TP782114","1","57225536","1.0773e-05","0.0024","A"
"4","Trait5","mrMLM","PstI.TP352896","1","57282460","-0.0271","0.2918","A"
"4","Trait5","mrMLM","PstI.TP264010","1","57283338","1.3525e-05","0.003","A"
"4","Trait5","mrMLM","PstI.TP264009","1","57283379","0.1565","0.5758","A"
"4","Trait5","mrMLM","PstI.TP945756","1","57314106","-0.108","0.5457","A"
"4","Trait5","mrMLM","PstI.TP445858","1","57330069","-0.2589","1.0536","C"
"4","Trait5","mrMLM","PstI.TP1229332","1","57346693","-0.0498","0.3755","G"
"4","Trait5","mrMLM","PstI.TP1228785","1","57346707","4.3369e-06","9e-04","A"
"4","Trait5","mrMLM","PstI.TP550962","1","57353770","8.2979e-07","2e-04","A"
"4","Trait5","mrMLM","NsiI.TP673967","1","57364380","1.1443e-05","0.0025","A"
"4","Trait5","mrMLM","PstI.TP96755","1","57367730","1.4101e-06","3e-04","C"
"4","Trait5","mrMLM","PstI.TP210339","1","57367748","5.1244e-06","0.0011","C"
"4","Trait5","mrMLM","PstI.TP184844","1","57374590","9.7677e-06","0.0021","A"
"4","Trait5","mrMLM","PstI.TP1248141","1","57379416","-2.0191e-05","0.0044","C"
"4","Trait5","mrMLM","PstI.TP1081593","1","57396337","0.0964","0.4367","A"
"4","Trait5","mrMLM","NsiI.TP459313","1","57397568","0.2634","1.5292","A"
"4","Trait5","mrMLM","PstI.TP968463","1","57418406","1.1734e-05","0.0026","A"
"4","Trait5","mrMLM","NsiI.TP457313","1","57418702","2.9168e-06","6e-04","C"
"4","Trait5","mrMLM","NsiI.TP520920","1","57490898","-1.4937e-05","0.0033","A"
"4","Trait5","mrMLM","NsiI.TP749897","1","57496162","2.2525e-05","0.0049","A"
"4","Trait5","mrMLM","NsiI.TP758763","1","57499558","-0.1773","0.8964","G"
"4","Trait5","mrMLM","PstI.TP315329","1","57536015","1.8271e-05","0.004","A"
"4","Trait5","mrMLM","NsiI.TP105693","1","57577600","2.8269e-06","6e-04","C"
"4","Trait5","mrMLM","PstI.TP1152180","1","57665941","-9.2103e-06","0.002","C"
"4","Trait5","mrMLM","PstI.TP1152182","1","57665957","-7.5043e-06","0.0016","C"
"4","Trait5","mrMLM","PstI.TP213877","1","57679539","-0.0517","0.2439","C"
"4","Trait5","mrMLM","NsiI.TP755202","1","57718474","-1.7999e-05","0.0039","C"
"4","Trait5","mrMLM","PstI.TP990494","1","57720038","0.0468","0.2991","A"
"4","Trait5","mrMLM","NsiI.TP441589","1","57721177","-0.2159","1.7063","C"
"4","Trait5","mrMLM","PstI.TP32197","1","57776452","-0.0089","0.1169","A"
"4","Trait5","mrMLM","NsiI.TP46196","1","57778864","-0.1285","0.5215","C"
"4","Trait5","mrMLM","NsiI.TP345054","1","57816926","-1.5143e-07","3.2956e-05","A"
"4","Trait5","mrMLM","NsiI.TP489836","1","57849492","3.2829e-05","0.0072","C"
"4","Trait5","mrMLM","PstI.TP34270","1","57851637","-0.0174","0.2453","G"
"4","Trait5","mrMLM","NsiI.TP524987","1","57865941","-1.6154e-05","0.0035","A"
"4","Trait5","mrMLM","NsiI.TP56806","1","57874750","-9.0071e-06","0.002","C"
"4","Trait5","mrMLM","PstI.TP9065","1","57881166","-5.2726e-06","0.0011","A"
"4","Trait5","mrMLM","PstI.TP1290130","1","57881907","-0.0122","0.1786","C"
"4","Trait5","mrMLM","NsiI.TP467560","1","57895232","-3.8062e-05","0.0084","A"
"4","Trait5","mrMLM","NsiI.TP421863","1","57943909","-0.1366","2.0626","C"
"4","Trait5","mrMLM","PstI.TP382058","1","57952174","-8.6908e-06","0.0019","A"
"4","Trait5","mrMLM","PstI.TP708344","1","57964831","-2.4903e-05","0.0055","A"
"4","Trait5","mrMLM","NsiI.TP186149","1","58019864","-0.1086","0.3428","A"
"4","Trait5","mrMLM","PstI.TP1261332","1","58045052","-3.5205e-05","0.0077","A"
"4","Trait5","mrMLM","NsiI.TP413314","1","58050134","-4.3394e-06","9e-04","A"
"4","Trait5","mrMLM","NsiI.TP675235","1","58051745","0.4514","1.8097","A"
"4","Trait5","mrMLM","PstI.TP253036","1","58055728","-2.4623e-06","5e-04","A"
"4","Trait5","mrMLM","NsiI.TP427434","1","58058621","-4.6941e-06","0.001","C"
"4","Trait5","mrMLM","NsiI.TP211926","1","58061383","-2.1427e-05","0.0047","C"
"4","Trait5","mrMLM","PstI.TP801445","1","58073819","0.0869","0.7908","C"
"4","Trait5","mrMLM","NsiI.TP575795","1","58162267","0.062","0.5446","C"
"4","Trait5","mrMLM","PstI.TP720409","1","58165134","-2.169e-05","0.0047","C"
"4","Trait5","mrMLM","PstI.TP306310","1","58165810","7.1358e-06","0.0016","C"
"4","Trait5","mrMLM","PstI.TP499034","1","58167106","0.0926","0.9843","A"
"4","Trait5","mrMLM","NsiI.TP37952","1","58175407","3.3989e-06","7e-04","A"
"4","Trait5","mrMLM","NsiI.TP471887","1","58194653","4.3008e-06","9e-04","C"
"4","Trait5","mrMLM","PstI.TP1024616","1","58201435","7.5419e-06","0.0016","A"
"4","Trait5","mrMLM","PstI.TP144616","1","58204165","-0.064","0.6487","A"
"4","Trait5","mrMLM","PstI.TP1113029","1","58204202","-1.6827e-05","0.0037","C"
"4","Trait5","mrMLM","PstI.TP894259","1","58263461","-2.7464e-06","6e-04","C"
"4","Trait5","mrMLM","NsiI.TP20336","1","58285925","1.5546e-06","3e-04","C"
"4","Trait5","mrMLM","PstI.TP178720","1","58289912","0.0951","0.7153","C"
"4","Trait5","mrMLM","NsiI.TP121548","1","58302095","0.0295","0.2139","C"
"4","Trait5","mrMLM","GFSSContig240_200","1","58341822","-3.1066e-05","0.0068","A"
"4","Trait5","mrMLM","NsiI.TP326794","1","58346265","0.0223","0.1718","C"
"4","Trait5","mrMLM","PstI.TP607895","1","58398018","-3.2643e-05","0.0072","C"
"4","Trait5","mrMLM","PstI.TP178092","1","58465542","0.1221","1.1654","C"
"4","Trait5","mrMLM","PstI.TP1205830","1","58490873","-0.1807","0.6166","C"
"4","Trait5","mrMLM","NsiI.TP483075","1","58536723","0.1604","2.0648","A"
"4","Trait5","mrMLM","NsiI.TP432955","1","58612378","0.3915","1.6889","C"
"4","Trait5","mrMLM","NsiI.TP441879","1","58612386","0.008","0.1233","A"
"4","Trait5","mrMLM","NsiI.TP272368","1","58622242","0.0261","0.2651","G"
"4","Trait5","mrMLM","NsiI.TP224601","1","58622993","-1.4122e-05","0.0031","C"
"4","Trait5","mrMLM","NsiI.TP106508","1","58625824","8.097e-07","2e-04","A"
"4","Trait5","mrMLM","NsiI.TP75131","1","58631347","-1.651e-05","0.0036","C"
"4","Trait5","mrMLM","NsiI.TP518518","1","58631349","-4.173e-05","0.0092","A"
"4","Trait5","mrMLM","PstI.TP1261392","1","58631594","1.0637e-06","2e-04","A"
"4","Trait5","mrMLM","PstI.TP59473","1","58631638","1.3208e-05","0.0029","A"
"4","Trait5","mrMLM","NsiI.TP410402","1","58640538","-3.9879e-05","0.0088","C"
"4","Trait5","mrMLM","NsiI.TP800446","1","58656120","1.6888e-05","0.0037","A"
"4","Trait5","mrMLM","PstI.TP702563","1","58685555","4.9719e-06","0.0011","A"
"4","Trait5","mrMLM","PstI.TP268120","1","58685595","0.0974","0.5497","A"
"4","Trait5","mrMLM","PstI.TP223231","1","58701336","-3.1707e-06","7e-04","C"
"4","Trait5","mrMLM","NsiI.TP423377","1","58713829","1.4581e-05","0.0032","A"
"4","Trait5","mrMLM","PstI.TP734071","1","58717449","2.314e-06","5e-04","A"
"4","Trait5","mrMLM","NsiI.TP347457","1","58797125","2.2107e-05","0.0048","A"
"4","Trait5","mrMLM","PstI.TP866871","1","58819880","-2.5899e-06","6e-04","A"
"4","Trait5","mrMLM","NsiI.TP281550","1","58820625","-2.12e-05","0.0046","C"
"4","Trait5","mrMLM","PstI.TP1250492","1","58851534","2.4774e-06","5e-04","G"
"4","Trait5","mrMLM","NsiI.TP555152","1","58895190","2.3107e-06","5e-04","G"
"4","Trait5","mrMLM","PstI.TP208457","1","58918436","-2.3464e-05","0.0051","A"
"4","Trait5","mrMLM","PstI.TP264759","1","58964561","-4.7629e-07","1e-04","G"
"4","Trait5","mrMLM","PstI.TP528504","1","58987469","-0.0233","0.2162","C"
"4","Trait5","mrMLM","PstI.TP54004","1","58989607","3.1321e-05","0.0069","C"
"4","Trait5","mrMLM","PstI.TP1255723","1","58991896","-1.3601e-05","0.003","C"
"4","Trait5","mrMLM","NsiI.TP509280","1","58994548","5.8499e-06","0.0013","G"
"4","Trait5","mrMLM","PstI.TP57213","1","59006419","3.2223e-05","0.0071","C"
"4","Trait5","mrMLM","PstI.TP975092","1","59040624","-6.8157e-06","0.0015","C"
"4","Trait5","mrMLM","PstI.TP546331","1","59140499","-1.2142e-05","0.0027","A"
"4","Trait5","mrMLM","PstI.TP14371","1","59142447","-7.5519e-06","0.0016","A"
"4","Trait5","mrMLM","PstI.TP306288","1","59166326","-0.1966","2.0301","A"
"4","Trait5","mrMLM","PstI.TP238231","1","59166389","-4.2806e-06","9e-04","A"
"4","Trait5","mrMLM","PstI.TP652781","1","59167621","-0.1429","1.5762","C"
"4","Trait5","mrMLM","NsiI.TP170158","1","59168840","1.1242e-05","0.0025","C"
"4","Trait5","mrMLM","PstI.TP1163695","1","59313377","-4.11e-06","9e-04","A"
"4","Trait5","mrMLM","PstI.TP638286","1","59313458","0.0625","0.4549","A"
"4","Trait5","mrMLM","NsiI.TP361925","1","59330788","-0.1877","1.4073","G"
"4","Trait5","mrMLM","NsiI.TP83284","1","59364938","2.0458e-05","0.0045","G"
"4","Trait5","mrMLM","NsiI.TP430960","1","59369857","0.0118","0.1423","C"
"4","Trait5","mrMLM","PstI.TP242761","1","59386457","-3.1615e-05","0.0069","A"
"4","Trait5","mrMLM","PstI.TP721503","1","59394107","6.6278e-06","0.0014","G"
"4","Trait5","mrMLM","PstI.TP1215889","1","59426450","0.1352","0.7002","A"
"4","Trait5","mrMLM","PstI.TP502131","1","59426545","-7.6377e-06","0.0017","C"
"4","Trait5","mrMLM","PstI.TP94665","1","59444750","-0.1825","1.1792","C"
"4","Trait5","mrMLM","PstI.TP120121","1","59449088","-0.02","0.2339","G"
"4","Trait5","mrMLM","PstI.TP426507","1","59451800","-1.1256e-05","0.0025","C"
"4","Trait5","mrMLM","PstI.TP1211570","1","59455677","-4.8312e-06","0.0011","C"
"4","Trait5","mrMLM","PstI.TP77520","1","59457117","0.0039","0.0749","C"
"4","Trait5","mrMLM","PstI.TP460627","1","59468543","-0.0971","0.4151","A"
"4","Trait5","mrMLM","PstI.TP228354","1","59520320","-0.0315","0.381","C"
"4","Trait5","mrMLM","NsiI.TP615308","1","59529897","-1.3779e-05","0.003","A"
"4","Trait5","mrMLM","PstI.TP219854","1","59531357","-0.1538","1.8707","C"
"4","Trait5","mrMLM","NsiI.TP73500","1","59668068","-1.4954e-05","0.0033","G"
"4","Trait5","mrMLM","PstI.TP816116","1","59685970","1.0975e-05","0.0024","A"
"4","Trait5","mrMLM","NsiI.TP241959","1","59686555","9.4955e-06","0.0021","C"
"4","Trait5","mrMLM","PstI.TP96778","1","59686732","5.497e-06","0.0012","C"
"4","Trait5","mrMLM","PstI.TP244063","1","59701281","0.0953","0.6994","A"
"4","Trait5","mrMLM","NsiI.TP617618","1","59751346","-0.1054","1.3664","A"
"4","Trait5","mrMLM","PstI.TP211466","1","59817985","9.6169e-06","0.0021","A"
"4","Trait5","mrMLM","PstI.TP1082267","1","59821185","7.8787e-07","2e-04","A"
"4","Trait5","mrMLM","NsiI.TP520108","1","59835578","-1.6381e-05","0.0036","A"
"4","Trait5","mrMLM","PstI.TP450848","1","59835683","1.6057e-05","0.0035","A"
"4","Trait5","mrMLM","NsiI.TP672319","1","59838979","-1.7323e-06","4e-04","A"
"4","Trait5","mrMLM","PstI.TP524080","1","59840300","-3.7699e-05","0.0083","A"
"4","Trait5","mrMLM","NsiI.TP702210","1","59893984","-2.2133e-05","0.0048","G"
"4","Trait5","mrMLM","PstI.TP1160457","1","59990130","1.128e-06","2e-04","G"
"4","Trait5","mrMLM","PstI.TP1072427","1","59994659","3.9511e-05","0.0087","C"
"4","Trait5","mrMLM","NsiI.TP404884","1","60001597","8.0061e-06","0.0017","G"
"4","Trait5","mrMLM","PstI.TP867108","1","60024040","2.1274e-06","5e-04","C"
"4","Trait5","mrMLM","PstI.TP172501","1","60026566","0.0548","0.5385","A"
"4","Trait5","mrMLM","NsiI.TP45219","1","60042018","1.199e-05","0.0026","C"
"4","Trait5","mrMLM","GFSSContig14239_269","1","60082687","-2.6892e-05","0.0059","T"
"4","Trait5","mrMLM","PstI.TP179590","1","60086838","8.5525e-06","0.0019","A"
"4","Trait5","mrMLM","PstI.TP773822","1","60097008","0.1558","0.7487","C"
"4","Trait5","mrMLM","PstI.TP457393","1","60097068","-0.1857","2.2025","C"
"4","Trait5","mrMLM","PstI.TP375174","1","60098102","3.4861e-06","8e-04","A"
"4","Trait5","mrMLM","PstI.TP839280","1","60106488","-6.1991e-07","1e-04","G"
"4","Trait5","mrMLM","NsiI.TP831967","1","60135050","-1.9428e-05","0.0042","A"
"4","Trait5","mrMLM","PstI.TP1185674","1","60148122","0.0189","0.1667","A"
"4","Trait5","mrMLM","PstI.TP139515","1","60150577","0.0558","0.5258","A"
"4","Trait5","mrMLM","NsiI.TP811389","1","60163649","0.0952","0.4661","C"
"4","Trait5","mrMLM","NsiI.TP337751","1","60167980","3.0416e-05","0.0067","C"
"4","Trait5","mrMLM","PstI.TP477217","1","60186116","-0.0882","0.3826","A"
"4","Trait5","mrMLM","PstI.TP862381","1","60269299","-5.0729e-06","0.0011","C"
"4","Trait5","mrMLM","PstI.TP744749","1","60271574","0.0442","0.5245","C"
"4","Trait5","mrMLM","PstI.TP247788","1","60302111","9.151e-06","0.002","C"
"4","Trait5","mrMLM","NsiI.TP519801","1","60317592","1.0402e-05","0.0023","A"
"4","Trait5","mrMLM","PstI.TP437066","1","60318934","0.0617","0.6903","C"
"4","Trait5","mrMLM","PstI.TP78139","1","60348880","0.1259","0.8663","A"
"4","Trait5","mrMLM","PstI.TP308061","1","60402946","-3.8415e-06","8e-04","A"
"4","Trait5","mrMLM","PstI.TP519282","1","60412460","-0.0229","0.2913","G"
"4","Trait5","mrMLM","PstI.TP110030","1","60421130","1.3822e-05","0.003","A"
"4","Trait5","mrMLM","NsiI.TP364897","1","60433399","3.3599e-05","0.0074","A"
"4","Trait5","mrMLM","NsiI.TP786927","1","60469838","1.4461e-05","0.0032","A"
"4","Trait5","mrMLM","NsiI.TP322216","1","60505442","-3e-04","0.0208","A"
"4","Trait5","mrMLM","PstI.TP1081772","1","60516578","-1.1382e-05","0.0025","A"
"4","Trait5","mrMLM","PstI.TP56214","1","60520380","-0.2279","0.8985","A"
"4","Trait5","mrMLM","PstI.TP52146","1","60531162","7.2687e-06","0.0016","G"
"4","Trait5","mrMLM","NsiI.TP123778","1","60586278","-0.126","0.618","C"
"4","Trait5","mrMLM","NsiI.TP753426","1","60703192","-0.0206","0.2622","A"
"4","Trait5","mrMLM","NsiI.TP323681","1","60801737","0.2587","1.8997","C"
"4","Trait5","mrMLM","PstI.TP1254049","1","60803657","3.9967e-06","9e-04","C"
"4","Trait5","mrMLM","NsiI.TP555932","1","60807540","0.0327","0.3864","A"
"4","Trait5","mrMLM","NsiI.TP766483","1","60815221","4.4663e-06","0.001","A"
"4","Trait5","mrMLM","PstI.TP217751","1","60815278","9.4122e-06","0.0021","A"
"4","Trait5","mrMLM","NsiI.TP59822","1","60815330","-0.4293","1.3698","C"
"4","Trait5","mrMLM","PstI.TP1193326","1","60826784","-9.6984e-06","0.0021","A"
"4","Trait5","mrMLM","NsiI.TP370890","1","60850547","0.1171","0.6825","C"
"4","Trait5","mrMLM","NsiI.TP370868","1","60850564","-3.4076e-06","7e-04","C"
"4","Trait5","mrMLM","NsiI.TP123366","1","60882657","-0.0263","0.1337","C"
"4","Trait5","mrMLM","PstI.TP198152","1","60885969","-1.5845e-05","0.0035","A"
"4","Trait5","mrMLM","PstI.TP846215","1","60886180","-0.0256","0.1529","A"
"4","Trait5","mrMLM","PstI.TP334705","1","60887007","0.0702","0.5904","A"
"4","Trait5","mrMLM","PstI.TP504752","1","60890147","-5.8406e-06","0.0013","C"
"4","Trait5","mrMLM","PstI.TP238883","1","60897822","-4.594e-07","1e-04","A"
"4","Trait5","mrMLM","PstI.TP1149053","1","60902977","-1.8974e-05","0.0041","C"
"4","Trait5","mrMLM","PstI.TP883521","1","60919432","-8.9474e-06","0.002","C"
"4","Trait5","mrMLM","PstI.TP44230","1","60926782","0.1426","0.9129","C"
"4","Trait5","mrMLM","PstI.TP51171","1","60937899","-1.048e-05","0.0023","A"
"4","Trait5","mrMLM","PstI.TP1014707","1","60949616","-3.3226e-05","0.0073","C"
"4","Trait5","mrMLM","PstI.TP771763","1","60980007","0.0341","0.2841","A"
"4","Trait5","mrMLM","PstI.TP155487","1","60996990","-0.3134","2.5211","A"
"4","Trait5","mrMLM","PstI.TP1228712","1","60999459","-0.1183","0.7665","A"
"4","Trait5","mrMLM","PstI.TP1152227","1","60999485","0.0083","0.1493","C"
"4","Trait5","mrMLM","NsiI.TP173416","1","61000228","-2.3281e-05","0.0051","A"
"4","Trait5","mrMLM","NsiI.TP163696","1","61012621","9.2559e-06","0.002","C"
"4","Trait5","mrMLM","PstI.TP1193586","1","61024932","-8.0101e-06","0.0017","C"
"4","Trait5","mrMLM","PstI.TP1245285","1","61065478","2.2125e-05","0.0048","A"
"4","Trait5","mrMLM","NsiI.TP348897","1","61129322","2.2671e-06","5e-04","A"
"4","Trait5","mrMLM","PstI.TP1020492","1","61135975","-3.0343e-05","0.0067","C"
"4","Trait5","mrMLM","PstI.TP774975","1","61157443","-2.039e-05","0.0045","C"
"4","Trait5","mrMLM","PstI.TP194586","1","61165672","1.9003e-05","0.0042","C"
"4","Trait5","mrMLM","NsiI.TP458359","1","61221391","-3.3788e-05","0.0074","C"
"4","Trait5","mrMLM","PstI.TP237552","1","61243169","-0.1726","0.5598","A"
"4","Trait5","mrMLM","PstI.TP1246681","1","61289286","9.5266e-08","2.0732e-05","C"
"4","Trait5","mrMLM","PstI.TP256832","1","61315549","-0.0238","0.3029","A"
"4","Trait5","mrMLM","NsiI.TP707091","1","61336589","6.7531e-06","0.0015","C"
"4","Trait5","mrMLM","NsiI.TP707090","1","61336602","-7.9633e-06","0.0017","A"
"4","Trait5","mrMLM","PstI.TP365645","1","61353360","-0.007","0.1031","A"
"4","Trait5","mrMLM","PstI.TP54382","1","61364779","1.3946e-05","0.003","G"
"4","Trait5","mrMLM","PstI.TP734017","1","61378048","6.9023e-06","0.0015","A"
"4","Trait5","mrMLM","PstI.TP1226531","1","61378161","-9.6524e-06","0.0021","C"
"4","Trait5","mrMLM","PstI.TP629959","1","61380603","1.1808e-05","0.0026","A"
"4","Trait5","mrMLM","NsiI.TP293391","1","61462267","-1.8881e-05","0.0041","C"
"4","Trait5","mrMLM","PstI.TP534429","1","61462653","-0.0856","0.6425","C"
"4","Trait5","mrMLM","NsiI.TP119595","1","61467903","0.0783","0.3865","A"
"4","Trait5","mrMLM","PstI.TP1144230","1","61560525","0.0262","0.2752","C"
"4","Trait5","mrMLM","NsiI.TP706469","1","61560588","-0.0415","0.179","C"
"4","Trait5","mrMLM","PstI.TP547145","1","61639840","-0.1235","1.3774","C"
"4","Trait5","mrMLM","NsiI.TP20339","1","61641800","-0.0682","0.5288","A"
"4","Trait5","mrMLM","NsiI.TP20340","1","61641800","-1.304e-05","0.0028","A"
"4","Trait5","mrMLM","PstI.TP1040444","1","61649660","-0.2118","1.3609","C"
"4","Trait5","mrMLM","PstI.TP198615","1","61668610","-6.6387e-06","0.0014","C"
"4","Trait5","mrMLM","PstI.TP198614","1","61668612","-5.4932e-06","0.0012","A"
"4","Trait5","mrMLM","PstI.TP288841","1","61669378","1.5954e-05","0.0035","C"
"4","Trait5","mrMLM","PstI.TP1220377","1","61728924","2.4041e-05","0.0053","A"
"4","Trait5","mrMLM","PstI.TP1186183","1","61738157","-0.0759","0.4424","A"
"4","Trait5","mrMLM","PstI.TP1046140","1","61788461","1.1004e-06","2e-04","G"
"4","Trait5","mrMLM","PstI.TP513139","1","61807254","2.602e-05","0.0057","A"
"4","Trait5","mrMLM","PstI.TP630184","1","61807366","-3.322e-05","0.0073","C"
"4","Trait5","mrMLM","PstI.TP246100","1","61838454","-2.4042e-05","0.0053","C"
"4","Trait5","mrMLM","GFSSContig18538_1416","1","61838562","-0.0187","0.2811","T"
"4","Trait5","mrMLM","PstI.TP256210","1","61839639","-1.5042e-05","0.0033","G"
"4","Trait5","mrMLM","PstI.TP1115883","1","61846851","-3.3893e-05","0.0074","G"
"4","Trait5","mrMLM","NsiI.TP322953","1","61858424","-0.0069","0.1573","C"
"4","Trait5","mrMLM","PstI.TP266921","1","61897257","0.0589","0.6784","A"
"4","Trait5","mrMLM","PstI.TP111781","1","61899166","2.5507e-05","0.0056","A"
"4","Trait5","mrMLM","PstI.TP778849","1","61900805","-0.182","2.2356","G"
"4","Trait5","mrMLM","PstI.TP483846","1","61901448","-1.0312e-05","0.0022","C"
"4","Trait5","mrMLM","NsiI.TP615559","1","61907935","8.6299e-06","0.0019","A"
"4","Trait5","mrMLM","NsiI.TP125314","1","61907944","1.0921e-05","0.0024","C"
"4","Trait5","mrMLM","NsiI.TP440515","1","61908122","3.0481e-06","7e-04","A"
"4","Trait5","mrMLM","PstI.TP1144658","1","61920125","2.1754e-06","5e-04","A"
"4","Trait5","mrMLM","NsiI.TP315988","1","61920888","2.2157e-05","0.0048","A"
"4","Trait5","mrMLM","PstI.TP822017","1","62017236","0.1524","1.1616","A"
"4","Trait5","mrMLM","PstI.TP830761","1","62057598","-5.121e-06","0.0011","C"
"4","Trait5","mrMLM","PstI.TP288904","1","62080065","-1.6619e-05","0.0036","C"
"4","Trait5","mrMLM","NsiI.TP516245","1","62087738","-7.2124e-06","0.0016","A"
"4","Trait5","mrMLM","PstI.TP177740","1","62091552","7.5382e-06","0.0016","C"
"4","Trait5","mrMLM","NsiI.TP761443","1","62177665","-1.1922e-05","0.0026","C"
"4","Trait5","mrMLM","PstI.TP358518","1","62218187","1.5928e-05","0.0035","C"
"4","Trait5","mrMLM","PstI.TP153019","1","62238600","1.6807e-05","0.0037","A"
"4","Trait5","mrMLM","PstI.TP306917","1","62342500","-0.0869","0.7565","A"
"4","Trait5","mrMLM","PstI.TP775577","1","62350118","-0.0188","0.164","A"
"4","Trait5","mrMLM","PstI.TP394914","1","62355006","0.0676","0.6742","C"
"4","Trait5","mrMLM","PstI.TP279308","1","62362768","-0.2643","1.5916","A"
"4","Trait5","mrMLM","PstI.TP452332","1","62364666","0.0499","0.4584","A"
"4","Trait5","mrMLM","NsiI.TP474172","1","62376131","-9.957e-06","0.0022","C"
"4","Trait5","mrMLM","NsiI.TP362816","1","62376198","-0.0033","0.0761","C"
"4","Trait5","mrMLM","NsiI.TP161494","1","62385232","-0.2104","1.4988","G"
"4","Trait5","mrMLM","PstI.TP855562","1","62407408","0.0298","0.1554","C"
"4","Trait5","mrMLM","NsiI.TP25249","1","62407691","-0.0435","0.3712","A"
"4","Trait5","mrMLM","NsiI.TP62301","1","62433616","-6.2481e-06","0.0014","C"
"4","Trait5","mrMLM","NsiI.TP462536","1","62433879","-4.5059e-06","0.001","A"
"4","Trait5","mrMLM","PstI.TP1235985","1","62443684","7.5292e-06","0.0016","A"
"4","Trait5","mrMLM","NsiI.TP751488","1","62465306","-0.0632","0.7946","C"
"4","Trait5","mrMLM","PstI.TP884205","1","62465435","0.0394","0.3336","C"
"4","Trait5","mrMLM","NsiI.TP472404","1","62465693","6.4588e-06","0.0014","A"
"4","Trait5","mrMLM","NsiI.TP610817","1","62492981","5.3318e-06","0.0012","A"
"4","Trait5","mrMLM","NsiI.TP24994","1","62506034","-4.3153e-07","9.3946e-05","A"
"4","Trait5","mrMLM","PstI.TP720349","1","62536036","0.115","0.9624","A"
"4","Trait5","mrMLM","NsiI.TP240734","1","62546174","-7.3575e-06","0.0016","A"
"4","Trait5","mrMLM","PstI.TP116300","1","62579930","-5.3996e-06","0.0012","A"
"4","Trait5","mrMLM","PstI.TP180494","1","62604937","0.0781","0.8419","A"
"4","Trait5","mrMLM","PstI.TP463652","1","62607697","-1.9035e-05","0.0042","C"
"4","Trait5","mrMLM","PstI.TP445990","1","62623753","-0.0331","0.3133","A"
"4","Trait5","mrMLM","PstI.TP71345","1","62705763","2.5905e-05","0.0057","A"
"4","Trait5","mrMLM","NsiI.TP631899","1","62718159","-5.375e-06","0.0012","A"
"4","Trait5","mrMLM","PstI.TP972547","1","62729483","1.4439e-05","0.0032","C"
"4","Trait5","mrMLM","PstI.TP1150718","1","62729646","-1.6702e-05","0.0036","A"
"4","Trait5","mrMLM","NsiI.TP718594","1","62729719","1.2774e-05","0.0028","C"
"4","Trait5","mrMLM","PstI.TP263840","1","62735544","-2.0258e-05","0.0044","G"
"4","Trait5","mrMLM","PstI.TP116028","1","62738111","8.8204e-07","2e-04","G"
"4","Trait5","mrMLM","NsiI.TP431920","1","62770157","-0.0677","0.2896","A"
"4","Trait5","mrMLM","NsiI.TP776211","1","62780257","0.062","0.4933","A"
"4","Trait5","mrMLM","PstI.TP393494","1","62823011","-6.5685e-06","0.0014","C"
"4","Trait5","mrMLM","PstI.TP332665","1","62857264","-0.0145","0.1249","A"
"4","Trait5","mrMLM","PstI.TP320731","1","62857281","1.5048e-06","3e-04","A"
"4","Trait5","mrMLM","NsiI.TP29130","1","62888526","-8.5287e-06","0.0019","C"
"4","Trait5","mrMLM","PstI.TP1032405","1","62899325","-6.4822e-06","0.0014","G"
"4","Trait5","mrMLM","NsiI.TP432445","1","62916079","8.9015e-06","0.0019","A"
"4","Trait5","mrMLM","NsiI.TP549898","1","62918080","-0.0511","0.4935","A"
"4","Trait5","mrMLM","PstI.TP10464","1","62932369","-0.0886","0.6897","C"
"4","Trait5","mrMLM","PstI.TP834485","1","62936010","-3.6625e-06","8e-04","A"
"4","Trait5","mrMLM","PstI.TP420801","1","62946889","0.0644","0.4966","G"
"4","Trait5","mrMLM","PstI.TP240779","1","63011773","-1.4214e-05","0.0031","G"
"4","Trait5","mrMLM","PstI.TP238830","1","63011799","-2.3871e-06","5e-04","A"
"4","Trait5","mrMLM","PstI.TP855865","1","63015030","-1.2634e-05","0.0028","C"
"4","Trait5","mrMLM","NsiI.TP714442","1","63038096","-0.1452","0.6222","A"
"4","Trait5","mrMLM","NsiI.TP253868","1","63049278","-9.7183e-06","0.0021","C"
"4","Trait5","mrMLM","PstI.TP846324","1","63212381","0.083","0.6342","A"
"4","Trait5","mrMLM","PstI.TP303033","1","63224584","-1.5397e-05","0.0034","A"
"4","Trait5","mrMLM","NsiI.TP267487","1","63232309","-0.0848","0.5507","C"
"4","Trait5","mrMLM","PstI.TP929267","1","63290479","2.7216e-05","0.006","C"
"4","Trait5","mrMLM","NsiI.TP31850","1","63292131","2.0366e-05","0.0045","A"
"4","Trait5","mrMLM","NsiI.TP80907","1","63292579","1.3287e-05","0.0029","A"
"4","Trait5","mrMLM","PstI.TP350575","1","63306837","-7.1685e-06","0.0016","C"
"4","Trait5","mrMLM","PstI.TP428256","1","63323451","7.1011e-06","0.0015","C"
"4","Trait5","mrMLM","PstI.TP766024","1","63347100","-9.8053e-06","0.0021","A"
"4","Trait5","mrMLM","PstI.TP1168288","1","63355894","-1.9341e-05","0.0042","A"
"4","Trait5","mrMLM","PstI.TP1160645","1","63359101","1.5928e-05","0.0035","C"
"4","Trait5","mrMLM","NsiI.TP154359","1","63371844","9.1493e-06","0.002","C"
"4","Trait5","mrMLM","PstI.TP543091","1","63403226","-2.3067e-06","5e-04","A"
"4","Trait5","mrMLM","NsiI.TP504047","1","63405180","-1.7223e-05","0.0038","A"
"4","Trait5","mrMLM","NsiI.TP504046","1","63405202","-9.1153e-06","0.002","A"
"4","Trait5","mrMLM","PstI.TP424159","1","63417435","0.0221","0.2107","C"
"4","Trait5","mrMLM","NsiI.TP56624","1","63509426","-0.1572","0.7651","A"
"4","Trait5","mrMLM","GFSSContig2984_879","1","63572513","-1.7795e-05","0.0039","A"
"4","Trait5","mrMLM","PstI.TP88375","1","63599328","-1.8879e-05","0.0041","A"
"4","Trait5","mrMLM","PstI.TP927635","1","63621987","1.399e-05","0.0031","C"
"4","Trait5","mrMLM","PstI.TP1094705","1","63666206","-2.8143e-05","0.0062","A"
"4","Trait5","mrMLM","NsiI.TP123264","1","63666696","-0.0069","0.0795","G"
"4","Trait5","mrMLM","PstI.TP84880","1","63680478","-0.2099","1.5004","C"
"4","Trait5","mrMLM","PstI.TP550179","1","63729348","0.0465","0.62","A"
"4","Trait5","mrMLM","PstI.TP59594","1","63737514","6.0103e-06","0.0013","C"
"4","Trait5","mrMLM","NsiI.TP654975","1","63744460","0.0871","0.65","A"
"4","Trait5","mrMLM","NsiI.TP358092","1","63760591","-0.0128","0.2303","A"
"4","Trait5","mrMLM","NsiI.TP532191","1","63784495","-3.3102e-05","0.0073","A"
"4","Trait5","mrMLM","NsiI.TP280338","1","63802216","3.1074e-05","0.0068","A"
"4","Trait5","mrMLM","PstI.TP1213356","1","63804024","0.028","0.3487","A"
"4","Trait5","mrMLM","NsiI.TP267317","1","63808055","2.6745e-05","0.0059","C"
"4","Trait5","mrMLM","PstI.TP339315","1","63808218","-7.4761e-06","0.0016","C"
"4","Trait5","mrMLM","PstI.TP608352","1","63849910","3.621e-05","0.008","G"
"4","Trait5","mrMLM","PstI.TP622702","1","63849924","-2.3482e-05","0.0051","C"
"4","Trait5","mrMLM","PstI.TP22567","1","63856431","-3.055e-05","0.0067","C"
"4","Trait5","mrMLM","PstI.TP403217","1","63867116","6.1312e-07","1e-04","C"
"4","Trait5","mrMLM","PstI.TP975567","1","63867159","3.1517e-06","7e-04","A"
"4","Trait5","mrMLM","PstI.TP1041579","1","63867308","7.9413e-06","0.0017","A"
"4","Trait5","mrMLM","PstI.TP1150994","1","63892548","0.0026","0.0723","C"
"4","Trait5","mrMLM","PstI.TP315914","1","63952170","2.0272e-05","0.0044","A"
"4","Trait5","mrMLM","NsiI.TP484505","1","63970510","9.3622e-07","2e-04","A"
"4","Trait5","mrMLM","NsiI.TP380912","1","63973901","-1.9388e-05","0.0042","A"
"4","Trait5","mrMLM","PstI.TP125136","1","64015598","-1.3325e-05","0.0029","A"
"4","Trait5","mrMLM","PstI.TP528403","1","64043429","-0.0452","0.5726","C"
"4","Trait5","mrMLM","NsiI.TP213812","1","64055127","2.5261e-05","0.0055","A"
"4","Trait5","mrMLM","PstI.TP816739","1","64060896","2.6848e-06","6e-04","C"
"4","Trait5","mrMLM","NsiI.TP743726","1","64077289","-6.2616e-06","0.0014","C"
"4","Trait5","mrMLM","NsiI.TP188409","1","64102768","0.0293","0.1808","A"
"4","Trait5","mrMLM","NsiI.TP499343","1","64103746","0.2673","1.4151","A"
"4","Trait5","mrMLM","PstI.TP1252633","1","64114120","2.0869e-05","0.0046","A"
"4","Trait5","mrMLM","PstI.TP820348","1","64116607","-0.1995","0.956","A"
"4","Trait5","mrMLM","PstI.TP685350","1","64136832","0.1245","1.0076","G"
"4","Trait5","mrMLM","PstI.TP943825","1","64161087","5.9152e-06","0.0013","A"
"4","Trait5","mrMLM","NsiI.TP607192","1","64177308","1.5677e-05","0.0034","C"
"4","Trait5","mrMLM","NsiI.TP88778","1","64177819","-1.4358e-05","0.0031","A"
"4","Trait5","mrMLM","PstI.TP102719","1","64188323","1.8778e-05","0.0041","C"
"4","Trait5","mrMLM","PstI.TP1199682","1","64192657","-0.0484","0.5549","A"
"4","Trait5","mrMLM","PstI.TP255968","1","64202094","1.5854e-05","0.0035","A"
"4","Trait5","mrMLM","PstI.TP1011846","1","64301611","1.0631e-05","0.0023","A"
"4","Trait5","mrMLM","NsiI.TP431374","1","64340591","-0.496","1.6261","A"
"4","Trait5","mrMLM","PstI.TP217686","1","64354125","0.1066","1.0351","A"
"4","Trait5","mrMLM","PstI.TP8646","1","64361608","-2.1943e-06","5e-04","A"
"4","Trait5","mrMLM","NsiI.TP295105","1","64405737","6.7595e-06","0.0015","C"
"4","Trait5","mrMLM","NsiI.TP617088","1","64447244","-0.0519","0.5638","C"
"4","Trait5","mrMLM","PstI.TP71737","1","64450559","2.2844e-05","0.005","A"
"4","Trait5","mrMLM","NsiI.TP163212","1","64450959","-0.0305","0.3333","C"
"4","Trait5","mrMLM","NsiI.TP630648","1","64479438","-3.733e-06","8e-04","C"
"4","Trait5","mrMLM","NsiI.TP829814","1","64484061","1.1138e-05","0.0024","A"
"4","Trait5","mrMLM","PstI.TP1281541","1","64484981","9.3287e-06","0.002","A"
"4","Trait5","mrMLM","NsiI.TP39224","1","64511495","-1.2517e-05","0.0027","A"
"4","Trait5","mrMLM","PstI.TP219519","1","64515581","0.1173","0.964","C"
"4","Trait5","mrMLM","PstI.TP769786","1","64536453","-8.509e-06","0.0019","C"
"4","Trait5","mrMLM","PstI.TP623879","1","64552804","1.4644e-05","0.0032","C"
"4","Trait5","mrMLM","NsiI.TP552663","1","64553553","3.6237e-05","0.008","A"
"4","Trait5","mrMLM","NsiI.TP546327","1","64568428","-1.1823e-05","0.0026","G"
"4","Trait5","mrMLM","NsiI.TP688174","1","64621630","-1.5201e-05","0.0033","A"
"4","Trait5","mrMLM","NsiI.TP374015","1","64625827","-0.0883","0.4245","A"
"4","Trait5","mrMLM","NsiI.TP302840","1","64691519","9.3507e-07","2e-04","A"
"4","Trait5","mrMLM","PstI.TP801025","1","64710653","-3.7092e-05","0.0081","C"
"4","Trait5","mrMLM","PstI.TP98123","1","64733848","8.9497e-06","0.002","C"
"4","Trait5","mrMLM","PstI.TP1180674","1","64789171","3.045e-05","0.0067","A"
"4","Trait5","mrMLM","PstI.TP997652","1","64799296","0.0382","0.3979","C"
"4","Trait5","mrMLM","PstI.TP833589","1","64801253","-1.6371e-05","0.0036","A"
"4","Trait5","mrMLM","NsiI.TP824716","1","64821100","2.7967e-06","6e-04","A"
"4","Trait5","mrMLM","NsiI.TP222846","1","64856990","0.1029","1.0753","C"
"4","Trait5","mrMLM","NsiI.TP801530","1","64872973","-8.3406e-06","0.0018","C"
"4","Trait5","mrMLM","NsiI.TP534316","1","64880295","1.2735e-06","3e-04","G"
"4","Trait5","mrMLM","NsiI.TP539097","1","64882827","0.0463","0.315","A"
"4","Trait5","mrMLM","PstI.TP944748","1","64883503","1.5125e-05","0.0033","A"
"4","Trait5","mrMLM","PstI.TP892964","1","64884870","1.5204e-05","0.0033","A"
"4","Trait5","mrMLM","PstI.TP351385","1","64885906","-0.0322","0.2453","A"
"4","Trait5","mrMLM","PstI.TP252284","1","64895994","-0.1238","0.7511","A"
"4","Trait5","mrMLM","NsiI.TP740366","1","64896156","0.0274","0.2658","A"
"4","Trait5","mrMLM","PstI.TP1264364","1","64906860","3.1438e-05","0.0069","C"
"4","Trait5","mrMLM","NsiI.TP276145","1","64909332","2.2921e-05","0.005","C"
"4","Trait5","mrMLM","NsiI.TP408372","1","64909366","-1.2745e-06","3e-04","C"
"4","Trait5","mrMLM","PstI.TP964165","1","64928312","0.1266","1.5321","C"
"4","Trait5","mrMLM","NsiI.TP794834","1","64931896","-1.3841e-05","0.003","C"
"4","Trait5","mrMLM","NsiI.TP621081","1","64945731","0.2245","1.2304","C"
"4","Trait5","mrMLM","PstI.TP791089","1","64948753","-0.0759","0.4107","C"
"4","Trait5","mrMLM","PstI.TP365493","1","64949731","1.5588e-05","0.0034","G"
"4","Trait5","mrMLM","NsiI.TP488800","1","64951351","-1.3925e-05","0.003","C"
"4","Trait5","mrMLM","PstI.TP630324","1","64952328","2.811e-05","0.0062","A"
"4","Trait5","mrMLM","PstI.TP67631","1","65029760","-3.5611e-05","0.0078","C"
"4","Trait5","mrMLM","NsiI.TP735969","1","65030378","9.126e-06","0.002","A"
"4","Trait5","mrMLM","NsiI.TP717833","1","65030503","3.2402e-05","0.0071","A"
"4","Trait5","mrMLM","PstI.TP877289","1","65043651","6.0653e-06","0.0013","C"
"4","Trait5","mrMLM","PstI.TP876794","1","65066495","-0.0893","0.454","C"
"4","Trait5","mrMLM","PstI.TP974325","1","65069397","1.0107e-05","0.0022","A"
"4","Trait5","mrMLM","PstI.TP765900","1","65094935","-2.1328e-05","0.0047","C"
"4","Trait5","mrMLM","PstI.TP486244","1","65124857","-0.0634","0.4232","C"
"4","Trait5","mrMLM","NsiI.TP337189","1","65136624","-1.4345e-05","0.0031","C"
"4","Trait5","mrMLM","PstI.TP961110","1","65184135","0.2126","2.3133","C"
"4","Trait5","mrMLM","PstI.TP1245513","1","65197856","-5.5522e-06","0.0012","C"
"4","Trait5","mrMLM","GFSSContig1526_230","1","65227354","-0.0721","0.8333","C"
"4","Trait5","mrMLM","PstI.TP924682","1","65236847","-1.6208e-06","4e-04","A"
"4","Trait5","mrMLM","PstI.TP477722","1","65237049","-0.1013","0.6533","A"
"4","Trait5","mrMLM","PstI.TP477712","1","65237054","6.1721e-06","0.0013","C"
"4","Trait5","mrMLM","PstI.TP197677","1","65249144","-7.8687e-06","0.0017","C"
"4","Trait5","mrMLM","PstI.TP669936","1","65249574","-0.0897","0.9661","C"
"4","Trait5","mrMLM","PstI.TP44522","1","65255833","-7.7977e-06","0.0017","C"
"4","Trait5","mrMLM","PstI.TP358803","1","65256453","-9.087e-06","0.002","C"
"4","Trait5","mrMLM","PstI.TP208529","1","65256889","0.0745","0.6831","C"
"4","Trait5","mrMLM","PstI.TP924658","1","65264909","-1.6708e-05","0.0037","A"
"4","Trait5","mrMLM","NsiI.TP553344","1","65270679","-2.0636e-05","0.0045","A"
"4","Trait5","mrMLM","PstI.TP234242","1","65271315","9.5404e-06","0.0021","A"
"4","Trait5","mrMLM","NsiI.TP347041","1","65271359","-0.0042","0.0725","A"
"4","Trait5","mrMLM","PstI.TP931830","1","65273426","-0.0693","0.5967","A"
"4","Trait5","mrMLM","PstI.TP891410","1","65277770","-9.9089e-06","0.0022","C"
"4","Trait5","mrMLM","NsiI.TP615624","1","65289533","-2.5878e-05","0.0057","C"
"4","Trait5","mrMLM","NsiI.TP414439","1","65297722","0.0019","0.0675","C"
"4","Trait5","mrMLM","NsiI.TP777696","1","65354775","-0.0445","0.3636","A"
"4","Trait5","mrMLM","NsiI.TP99883","1","65402272","-0.0726","0.6111","A"
"4","Trait5","mrMLM","PstI.TP845409","1","65402932","6.9178e-06","0.0015","A"
"4","Trait5","mrMLM","NsiI.TP200164","1","65494239","-1.4089e-05","0.0031","G"
"4","Trait5","mrMLM","PstI.TP317977","1","65494643","-1.7467e-05","0.0038","A"
"4","Trait5","mrMLM","PstI.TP23116","1","65514877","5.6485e-06","0.0012","A"
"4","Trait5","mrMLM","PstI.TP105650","1","65552824","-1.574e-05","0.0034","C"
"4","Trait5","mrMLM","NsiI.TP545512","1","65564544","2.2386e-05","0.0049","A"
"4","Trait5","mrMLM","PstI.TP68682","1","65572744","-5.5824e-06","0.0012","C"
"4","Trait5","mrMLM","PstI.TP245229","1","65669958","-0.1161","0.6038","C"
"4","Trait5","mrMLM","NsiI.TP485264","1","65682187","0.1001","0.8171","A"
"4","Trait5","mrMLM","PstI.TP21658","1","65682514","0.1121","0.6168","A"
"4","Trait5","mrMLM","PstI.TP786567","1","65736737","0.1435","2.143","C"
"4","Trait5","mrMLM","NsiI.TP120353","1","65773705","3.4194e-05","0.0075","C"
"4","Trait5","mrMLM","PstI.TP966260","1","65795867","0.0712","0.5408","A"
"4","Trait5","mrMLM","PstI.TP997472","1","65795948","1.7791e-06","4e-04","A"
"4","Trait5","mrMLM","NsiI.TP216600","1","65827481","-0.2144","1.085","A"
"4","Trait5","mrMLM","NsiI.TP702989","1","65833452","3.2696e-05","0.0072","A"
"4","Trait5","mrMLM","PstI.TP530837","1","65836675","-1.8378e-06","4e-04","A"
"4","Trait5","mrMLM","NsiI.TP749989","1","65843473","-2.8339e-05","0.0062","A"
"4","Trait5","mrMLM","PstI.TP72269","1","65855513","-1.2929e-06","3e-04","A"
"4","Trait5","mrMLM","NsiI.TP407852","1","65928155","0.0681","0.7071","G"
"4","Trait5","mrMLM","PstI.TP408002","1","65930080","-0.004","0.0961","A"
"4","Trait5","mrMLM","PstI.TP864271","1","65984344","2.9518e-05","0.0065","C"
"4","Trait5","mrMLM","PstI.TP913826","1","65989098","1.5877e-07","3.4554e-05","C"
"4","Trait5","mrMLM","PstI.TP822028","1","65998612","-0.3496","1.0948","A"
"4","Trait5","mrMLM","NsiI.TP25518","1","66003290","6.0598e-06","0.0013","C"
"4","Trait5","mrMLM","PstI.TP1127188","1","66011964","3.5153e-05","0.0077","C"
"4","Trait5","mrMLM","PstI.TP1125918","1","66012040","5.0581e-06","0.0011","C"
"4","Trait5","mrMLM","PstI.TP973670","1","66012738","0.0988","0.4308","C"
"4","Trait5","mrMLM","PstI.TP696470","1","66023772","1.2622e-05","0.0028","A"
"4","Trait5","mrMLM","NsiI.TP67657","1","66035055","-6.9122e-06","0.0015","C"
"4","Trait5","mrMLM","NsiI.TP25448","1","66046325","0.0935","0.5594","C"
"4","Trait5","mrMLM","NsiI.TP403557","1","66046347","0.034","0.3787","G"
"4","Trait5","mrMLM","PstI.TP147009","1","66056156","-1.4513e-05","0.0032","A"
"4","Trait5","mrMLM","PstI.TP826778","1","66070899","-5.0963e-06","0.0011","A"
"4","Trait5","mrMLM","NsiI.TP591702","1","66071779","-4.1431e-06","9e-04","C"
"4","Trait5","mrMLM","PstI.TP481644","1","66087407","-7.6138e-06","0.0017","A"
"4","Trait5","mrMLM","NsiI.TP117758","1","66087512","-4.9112e-06","0.0011","A"
"4","Trait5","mrMLM","PstI.TP46198","1","66096584","2.9683e-06","6e-04","C"
"4","Trait5","mrMLM","NsiI.TP407754","1","66114304","-0.0154","0.1435","C"
"4","Trait5","mrMLM","PstI.TP14085","1","66170736","1.3256e-05","0.0029","A"
"4","Trait5","mrMLM","NsiI.TP394323","1","66177986","-0.0479","0.2764","C"
"4","Trait5","mrMLM","NsiI.TP401509","1","66178010","-1.7639e-06","4e-04","A"
"4","Trait5","mrMLM","PstI.TP230808","1","66203536","-0.0691","0.401","A"
"4","Trait5","mrMLM","PstI.TP69498","1","66230707","1.217e-05","0.0027","A"
"4","Trait5","mrMLM","PstI.TP203225","1","66234221","0.2896","1.7722","C"
"4","Trait5","mrMLM","NsiI.TP339716","1","66234686","-2.0098e-05","0.0044","C"
"4","Trait5","mrMLM","NsiI.TP66906","1","66339343","-1.248e-06","3e-04","A"
"4","Trait5","mrMLM","PstI.TP609610","1","66343811","-2.5331e-05","0.0055","A"
"4","Trait5","mrMLM","PstI.TP770722","1","66347924","2.1165e-05","0.0046","A"
"4","Trait5","mrMLM","PstI.TP357904","1","66348003","2.1623e-05","0.0047","C"
"4","Trait5","mrMLM","PstI.TP394916","1","66363202","0.1506","1.518","A"
"4","Trait5","mrMLM","NsiI.TP814944","1","66369934","-0.1889","0.9874","A"
"4","Trait5","mrMLM","NsiI.TP443374","1","66404106","1.0771e-05","0.0024","C"
"4","Trait5","mrMLM","NsiI.TP763661","1","66404133","0.0585","0.3781","A"
"4","Trait5","mrMLM","NsiI.TP763660","1","66404152","3.0188e-06","7e-04","G"
"4","Trait5","mrMLM","NsiI.TP753025","1","66460848","-0.1721","0.9641","C"
"4","Trait5","mrMLM","NsiI.TP482264","1","66520178","-2.0973e-05","0.0046","A"
"4","Trait5","mrMLM","NsiI.TP580929","1","66574512","1.5687e-05","0.0034","A"
"4","Trait5","mrMLM","PstI.TP1092854","1","66590767","-3.7339e-05","0.0082","A"
"4","Trait5","mrMLM","NsiI.TP3649","1","66621250","-1.7543e-05","0.0038","A"
"4","Trait5","mrMLM","NsiI.TP340092","1","66629766","0.1207","0.6456","A"
"4","Trait5","mrMLM","GFSSContig20558_126","1","66631596","7.3444e-06","0.0016","T"
"4","Trait5","mrMLM","GFSSContig20558_410","1","66632040","1.8921e-07","4.1178e-05","T"
"4","Trait5","mrMLM","PstI.TP393536","1","66632271","-0.0723","0.6642","C"
"4","Trait5","mrMLM","PstI.TP819380","1","66643342","-1.0815e-05","0.0024","G"
"4","Trait5","mrMLM","PstI.TP532012","1","66649568","-1.166e-05","0.0025","A"
"4","Trait5","mrMLM","NsiI.TP213349","1","66657439","-1.0727e-05","0.0023","A"
"4","Trait5","mrMLM","PstI.TP1065275","1","66657449","-8.5229e-06","0.0019","A"
"4","Trait5","mrMLM","PstI.TP7738","1","66709859","0.2051","1.7801","A"
"4","Trait5","mrMLM","PstI.TP861694","1","66718282","8.5477e-06","0.0019","A"
"4","Trait5","mrMLM","NsiI.TP459832","1","66718699","0.0424","0.5512","A"
"4","Trait5","mrMLM","PstI.TP865058","1","66719551","-9.101e-06","0.002","A"
"4","Trait5","mrMLM","PstI.TP1084761","1","66720416","0.0967","0.4116","C"
"4","Trait5","mrMLM","NsiI.TP313273","1","66723114","-1.147e-05","0.0025","C"
"4","Trait5","mrMLM","PstI.TP507937","1","66723275","0.044","0.4684","A"
"4","Trait5","mrMLM","PstI.TP295701","1","66729129","0.0843","0.5712","A"
"4","Trait5","mrMLM","NsiI.TP603222","1","66753937","0.215","1.1208","A"
"4","Trait5","mrMLM","NsiI.TP707198","1","66770322","0.0195","0.2277","A"
"4","Trait5","mrMLM","PstI.TP131297","1","66772958","-0.0649","0.6878","C"
"4","Trait5","mrMLM","NsiI.TP567785","1","66777195","-0.0484","0.3401","A"
"4","Trait5","mrMLM","NsiI.TP489965","1","66777217","1.4634e-05","0.0032","C"
"4","Trait5","mrMLM","NsiI.TP475064","1","66777724","-0.3821","2.1203","A"
"4","Trait5","mrMLM","NsiI.TP431993","1","66787450","0.0513","0.254","A"
"4","Trait5","mrMLM","PstI.TP873698","1","66791800","-1.6565e-05","0.0036","A"
"4","Trait5","mrMLM","NsiI.TP196008","1","66811641","-0.0378","0.4037","A"
"4","Trait5","mrMLM","NsiI.TP819242","1","66818631","-3.1084e-06","7e-04","C"
"4","Trait5","mrMLM","PstI.TP1174143","1","66832618","-0.0537","0.7774","C"
"4","Trait5","mrMLM","NsiI.TP575744","1","66841969","-0.2086","1.0781","A"
"4","Trait5","mrMLM","PstI.TP967164","1","66844557","-0.2606","2.3339","C"
"4","Trait5","mrMLM","PstI.TP932844","1","66844574","-1.1693e-05","0.0026","A"
"4","Trait5","mrMLM","PstI.TP54964","1","66860167","4.8217e-06","0.0011","A"
"4","Trait5","mrMLM","NsiI.TP43891","1","66864733","2.2083e-05","0.0048","A"
"4","Trait5","mrMLM","NsiI.TP502427","1","66876060","0.0055","0.0838","A"
"4","Trait5","mrMLM","NsiI.TP489423","1","66879621","0.1345","1.069","A"
"4","Trait5","mrMLM","PstI.TP1020853","1","66882875","2.8262e-05","0.0062","A"
"4","Trait5","mrMLM","PstI.TP755610","1","66892567","6.3945e-06","0.0014","A"
"4","Trait5","mrMLM","NsiI.TP283148","1","66893393","-1.2685e-05","0.0028","C"
"4","Trait5","mrMLM","PstI.TP28636","1","66901342","1.2254e-05","0.0027","C"
"4","Trait5","mrMLM","PstI.TP334609","1","66904074","-1.6709e-06","4e-04","C"
"4","Trait5","mrMLM","NsiI.TP214866","1","66931515","2.3476e-06","5e-04","A"
"4","Trait5","mrMLM","NsiI.TP665062","1","66973876","-8.5848e-06","0.0019","A"
"4","Trait5","mrMLM","PstI.TP1041030","1","66983381","8.5922e-06","0.0019","A"
"4","Trait5","mrMLM","PstI.TP300168","1","66985894","-2.9114e-05","0.0064","A"
"4","Trait5","mrMLM","NsiI.TP37099","1","66988505","0.0278","0.3287","A"
"4","Trait5","mrMLM","NsiI.TP718149","1","67002191","-3.3279e-05","0.0073","A"
"4","Trait5","mrMLM","NsiI.TP40378","1","67002235","-0.1592","0.8639","A"
"4","Trait5","mrMLM","PstI.TP1103405","1","67016993","0.0744","0.8636","A"
"4","Trait5","mrMLM","PstI.TP490103","1","67018899","-7.8444e-06","0.0017","G"
"4","Trait5","mrMLM","NsiI.TP395734","1","67052690","0.0718","0.6565","A"
"4","Trait5","mrMLM","NsiI.TP459012","1","67058618","-5.9058e-06","0.0013","A"
"4","Trait5","mrMLM","PstI.TP866810","1","67074583","-1.9446e-05","0.0043","A"
"4","Trait5","mrMLM","PstI.TP578717","1","67093042","-1.6408e-05","0.0036","C"
"4","Trait5","mrMLM","PstI.TP1102564","1","67094571","1.7789e-06","4e-04","A"
"4","Trait5","mrMLM","GFSSContig18772_497","1","67104443","0.1688","0.8358","T"
"4","Trait5","mrMLM","PstI.TP178139","1","67121193","-2.4348e-05","0.0053","A"
"4","Trait5","mrMLM","NsiI.TP458393","1","67134508","8.7111e-06","0.0019","A"
"4","Trait5","mrMLM","PstI.TP1094695","1","67135061","0.0406","0.4216","C"
"4","Trait5","mrMLM","NsiI.TP630315","1","67135447","1.0798e-05","0.0024","A"
"4","Trait5","mrMLM","NsiI.TP10293","1","67144524","-1.5553e-06","3e-04","C"
"4","Trait5","mrMLM","PstI.TP1099071","1","67147795","4.8917e-06","0.0011","C"
"4","Trait5","mrMLM","NsiI.TP344195","1","67163611","-3.1425e-05","0.0069","C"
"4","Trait5","mrMLM","NsiI.TP360952","1","67170243","-8.2536e-06","0.0018","A"
"4","Trait5","mrMLM","NsiI.TP466004","1","67193756","2.8177e-06","6e-04","C"
"4","Trait5","mrMLM","PstI.TP111833","1","67205643","-1.6645e-07","3.623e-05","A"
"4","Trait5","mrMLM","NsiI.TP705076","1","67211049","1.3771e-05","0.003","C"
"4","Trait5","mrMLM","NsiI.TP575559","1","67211133","-3.4341e-05","0.0075","G"
"4","Trait5","mrMLM","PstI.TP296060","1","67217900","0.0031","0.0809","C"
"4","Trait5","mrMLM","PstI.TP120060","1","67290007","-0.0282","0.3716","A"
"4","Trait5","mrMLM","PstI.TP873782","1","67300042","4.0485e-06","9e-04","A"
"4","Trait5","mrMLM","PstI.TP763741","1","67300114","-0.0647","0.8298","A"
"4","Trait5","mrMLM","NsiI.TP835430","1","67307091","0.0578","0.5711","G"
"4","Trait5","mrMLM","PstI.TP794784","1","67315648","-0.0055","0.1282","C"
"4","Trait5","mrMLM","PstI.TP809339","1","67315670","-2.502e-05","0.0055","A"
"4","Trait5","mrMLM","NsiI.TP205900","1","67315853","-1.849e-05","0.004","C"
"4","Trait5","mrMLM","PstI.TP94366","1","67316019","-1.4796e-05","0.0032","G"
"4","Trait5","mrMLM","NsiI.TP275058","1","67350592","1.0274e-05","0.0022","A"
"4","Trait5","mrMLM","NsiI.TP827946","1","67359033","-1.4904e-05","0.0033","C"
"4","Trait5","mrMLM","GFSSContig5332_531","1","67375972","0.1389","1.8887","T"
"4","Trait5","mrMLM","PstI.TP1171121","1","67376990","-2.2232e-05","0.0049","A"
"4","Trait5","mrMLM","NsiI.TP174290","1","67378678","-1.1856e-05","0.0026","A"
"4","Trait5","mrMLM","NsiI.TP175715","1","67381011","6.8263e-06","0.0015","A"
"4","Trait5","mrMLM","NsiI.TP812526","1","67384074","7.452e-06","0.0016","A"
"4","Trait5","mrMLM","PstI.TP243602","1","67384152","8.2559e-06","0.0018","A"
"4","Trait5","mrMLM","PstI.TP764441","1","67384225","-0.0913","0.8127","A"
"4","Trait5","mrMLM","NsiI.TP809452","1","67384231","-8.1773e-06","0.0018","C"
"4","Trait5","mrMLM","PstI.TP764446","1","67384233","2.6093e-05","0.0057","C"
"4","Trait5","mrMLM","PstI.TP884792","1","67384684","0.0612","0.3903","A"
"4","Trait5","mrMLM","PstI.TP1149851","1","67393273","-1.2611e-06","3e-04","A"
"4","Trait5","mrMLM","NsiI.TP751821","1","67393369","-7.7947e-07","2e-04","A"
"4","Trait5","mrMLM","PstI.TP1012261","1","67422499","2.7463e-05","0.006","C"
"4","Trait5","mrMLM","NsiI.TP438719","1","67426609","-0.0468","0.4409","C"
"4","Trait5","mrMLM","PstI.TP514114","1","67430601","-8.5348e-06","0.0019","A"
"4","Trait5","mrMLM","NsiI.TP416113","1","67435951","0.0438","0.2885","G"
"4","Trait5","mrMLM","PstI.TP714009","1","67445656","-7.6077e-06","0.0017","A"
"4","Trait5","mrMLM","PstI.TP182975","1","67454856","-3.6701e-06","8e-04","G"
"4","Trait5","mrMLM","PstI.TP842695","1","67465056","4.6406e-06","0.001","A"
"4","Trait5","mrMLM","PstI.TP787593","1","67474277","0.0676","0.5516","A"
"4","Trait5","mrMLM","PstI.TP443240","1","67519986","2.4407e-05","0.0053","C"
"4","Trait5","mrMLM","NsiI.TP744254","1","67529403","1.2785e-06","3e-04","A"
"4","Trait5","mrMLM","PstI.TP305008","1","67538854","-3.2616e-05","0.0072","A"
"4","Trait5","mrMLM","PstI.TP721763","1","67560203","1.0266e-05","0.0022","A"
"4","Trait5","mrMLM","NsiI.TP242098","1","67574019","-1.0465e-05","0.0023","C"
"4","Trait5","mrMLM","NsiI.TP419909","1","67589872","-1.3054e-05","0.0029","C"
"4","Trait5","mrMLM","NsiI.TP343843","1","67593055","5.3048e-06","0.0012","G"
"4","Trait5","mrMLM","NsiI.TP172212","1","67605060","3.5877e-07","7.8089e-05","A"
"4","Trait5","mrMLM","PstI.TP942368","1","67610309","2.2058e-05","0.0048","A"
"4","Trait5","mrMLM","PstI.TP1178467","1","67613746","0.057","0.4638","A"
"4","Trait5","mrMLM","PstI.TP216091","1","67620053","-0.0614","0.4783","A"
"4","Trait5","mrMLM","NsiI.TP665370","1","67621979","-1.9419e-05","0.0042","G"
"4","Trait5","mrMLM","NsiI.TP586320","1","67622023","0.2731","1.4032","A"
"4","Trait5","mrMLM","PstI.TP841826","1","67635003","1.2255e-05","0.0027","G"
"4","Trait5","mrMLM","PstI.TP1167044","1","67636497","7.1619e-06","0.0016","G"
"4","Trait5","mrMLM","NsiI.TP488628","1","67646173","0.0333","0.4112","C"
"4","Trait5","mrMLM","NsiI.TP92311","1","67646209","1.4174e-05","0.0031","C"
"4","Trait5","mrMLM","NsiI.TP54803","1","67661802","-0.2587","1.8126","G"
"4","Trait5","mrMLM","NsiI.TP754072","1","67675884","0.0133","0.196","A"
"4","Trait5","mrMLM","NsiI.TP699833","1","67681472","8.6298e-06","0.0019","A"
"4","Trait5","mrMLM","NsiI.TP186127","1","67708602","-0.0475","0.4823","A"
"4","Trait5","mrMLM","NsiI.TP186123","1","67708615","-2.5205e-05","0.0055","A"
"4","Trait5","mrMLM","PstI.TP221608","1","67709830","-0.2268","1.2215","G"
"4","Trait5","mrMLM","NsiI.TP50728","1","67713188","-5.8443e-06","0.0013","C"
"4","Trait5","mrMLM","NsiI.TP312767","1","67722161","0.0208","0.2184","C"
"4","Trait5","mrMLM","PstI.TP148680","1","67724801","1.2446e-05","0.0027","A"
"4","Trait5","mrMLM","PstI.TP678255","1","67745947","-1.4922e-06","3e-04","A"
"4","Trait5","mrMLM","PstI.TP42220","1","67767670","2.9268e-07","6.3714e-05","A"
"4","Trait5","mrMLM","PstI.TP467242","1","67768009","3.8052e-06","8e-04","G"
"4","Trait5","mrMLM","PstI.TP1238129","1","67778818","2.0273e-05","0.0044","A"
"4","Trait5","mrMLM","NsiI.TP666616","1","67782379","-0.1746","1.1736","G"
"4","Trait5","mrMLM","NsiI.TP240963","1","67782585","-0.1655","0.9596","G"
"4","Trait5","mrMLM","NsiI.TP507394","1","67791963","-5.2778e-06","0.0012","G"
"4","Trait5","mrMLM","PstI.TP646505","1","67798760","-4.094e-06","9e-04","A"
"4","Trait5","mrMLM","NsiI.TP243496","1","67824251","-0.2139","0.9101","A"
"4","Trait5","mrMLM","NsiI.TP776883","1","67828541","0.164","1.0185","G"
"4","Trait5","mrMLM","PstI.TP1128427","1","67833322","-4.6032e-06","0.001","C"
"4","Trait5","mrMLM","NsiI.TP385048","1","67840971","4.0615e-06","9e-04","C"
"4","Trait5","mrMLM","PstI.TP1287183","1","67842111","0.1143","1.0177","A"
"4","Trait5","mrMLM","PstI.TP209249","1","67863639","-7.6275e-06","0.0017","C"
"4","Trait5","mrMLM","PstI.TP1078708","1","67863796","-1.6292e-05","0.0036","C"
"4","Trait5","mrMLM","NsiI.TP770363","1","67899901","0.1767","0.6034","G"
"4","Trait5","mrMLM","NsiI.TP393087","1","67913643","-1.5722e-05","0.0034","A"
"4","Trait5","mrMLM","NsiI.TP121588","1","67922481","-3.2188e-06","7e-04","A"
"4","Trait5","mrMLM","PstI.TP841694","1","67926591","-2.191e-05","0.0048","C"
"4","Trait5","mrMLM","NsiI.TP401450","1","67928325","-1.7924e-05","0.0039","A"
"4","Trait5","mrMLM","NsiI.TP712037","1","67933970","-4.0095e-05","0.0088","G"
"4","Trait5","mrMLM","PstI.TP828045","1","67935078","8.7469e-06","0.0019","G"
"4","Trait5","mrMLM","NsiI.TP147902","1","67937825","-1.9375e-05","0.0042","C"
"4","Trait5","mrMLM","PstI.TP1242965","1","67938339","2.5166e-05","0.0055","A"
"4","Trait5","mrMLM","NsiI.TP628972","1","67938662","0.0411","0.4424","G"
"4","Trait5","mrMLM","PstI.TP234382","1","67947376","-3.0018e-05","0.0066","C"
"4","Trait5","mrMLM","PstI.TP726861","1","67952212","-2.076e-06","5e-04","C"
"4","Trait5","mrMLM","PstI.TP674379","1","67954429","-0.0642","0.7998","C"
"4","Trait5","mrMLM","PstI.TP962618","1","67954519","9.6189e-06","0.0021","A"
"4","Trait5","mrMLM","NsiI.TP348909","1","67965400","-0.1009","0.6776","A"
"4","Trait5","mrMLM","PstI.TP723610","1","67965618","-1.3851e-05","0.003","C"
"4","Trait5","mrMLM","PstI.TP1242678","1","67969747","-0.0582","0.6496","C"
"4","Trait5","mrMLM","PstI.TP1130916","1","67986030","1.3646e-05","0.003","A"
"4","Trait5","mrMLM","PstI.TP631738","1","68002718","9.8316e-06","0.0021","A"
"4","Trait5","mrMLM","NsiI.TP103520","1","68007355","0.0312","0.4301","C"
"4","Trait5","mrMLM","PstI.TP873668","1","68013493","1.5756e-05","0.0034","A"
"4","Trait5","mrMLM","PstI.TP1124482","1","68019981","6.5459e-06","0.0014","A"
"4","Trait5","mrMLM","NsiI.TP210174","1","68026224","2.64e-06","6e-04","A"
"4","Trait5","mrMLM","PstI.TP420086","1","68042057","-7.4818e-06","0.0016","A"
"4","Trait5","mrMLM","PstI.TP820370","1","68065605","0.1022","0.5728","G"
"4","Trait5","mrMLM","PstI.TP59532","1","68069679","-0.0466","0.4623","C"
"4","Trait5","mrMLM","PstI.TP94114","1","68081418","-4.6626e-07","1e-04","G"
"4","Trait5","mrMLM","PstI.TP1065325","1","68123704","-4.9342e-06","0.0011","A"
"4","Trait5","mrMLM","PstI.TP822050","1","68132274","6.2211e-06","0.0014","C"
"4","Trait5","mrMLM","PstI.TP618427","1","68135205","-1.0477e-05","0.0023","C"
"4","Trait5","mrMLM","PstI.TP114450","1","68143622","-1.1921e-05","0.0026","C"
"4","Trait5","mrMLM","NsiI.TP624683","1","68159137","1.8666e-05","0.0041","C"
"4","Trait5","mrMLM","GFSSContig14473_841","1","68163894","5.0822e-06","0.0011","A"
"4","Trait5","mrMLM","NsiI.TP700374","1","68176238","7.0911e-06","0.0015","C"
"4","Trait5","mrMLM","PstI.TP129411","1","68190029","1.6162e-06","4e-04","G"
"4","Trait5","mrMLM","PstI.TP1089809","1","68213813","-0.0959","0.7509","C"
"4","Trait5","mrMLM","PstI.TP410596","1","68214078","0.0039","0.0906","G"
"4","Trait5","mrMLM","PstI.TP1201434","1","68222181","2.6599e-05","0.0058","A"
"4","Trait5","mrMLM","PstI.TP497812","1","68250366","5.1476e-07","1e-04","A"
"4","Trait5","mrMLM","NsiI.TP827526","1","68255222","-1.4931e-06","3e-04","A"
"4","Trait5","mrMLM","PstI.TP502366","1","68255723","-1.6177e-05","0.0035","C"
"4","Trait5","mrMLM","NsiI.TP205429","1","68259081","8.9605e-06","0.002","C"
"4","Trait5","mrMLM","PstI.TP56908","1","68294067","0.1345","0.9975","C"
"4","Trait5","mrMLM","NsiI.TP460161","1","68300151","-0.06","0.7994","C"
"4","Trait5","mrMLM","PstI.TP878529","1","68301193","0.0929","0.6199","A"
"4","Trait5","mrMLM","NsiI.TP241500","1","68301853","-9.7561e-06","0.0021","G"
"4","Trait5","mrMLM","PstI.TP736706","1","68304011","0.0292","0.3252","C"
"4","Trait5","mrMLM","PstI.TP1105514","1","68304064","0.0442","0.259","A"
"4","Trait5","mrMLM","PstI.TP368152","1","68317162","6.4315e-06","0.0014","A"
"4","Trait5","mrMLM","NsiI.TP618444","1","68323274","-3.0938e-06","7e-04","A"
"4","Trait5","mrMLM","NsiI.TP563669","1","68344319","-7.2434e-06","0.0016","C"
"4","Trait5","mrMLM","PstI.TP2084","1","68344425","-6.0767e-07","1e-04","C"
"4","Trait5","mrMLM","PstI.TP1021466","1","68344473","-0.1982","1.6401","C"
"4","Trait5","mrMLM","PstI.TP1193705","1","68372210","1.9176e-06","4e-04","A"
"4","Trait5","mrMLM","NsiI.TP754784","1","68376094","-0.0172","0.1558","G"
"4","Trait5","mrMLM","NsiI.TP531395","1","68376259","1.6903e-05","0.0037","A"
"4","Trait5","mrMLM","NsiI.TP762644","1","68381925","2.0243e-06","4e-04","G"
"4","Trait5","mrMLM","PstI.TP1731","1","68388050","-0.0822","0.4185","C"
"4","Trait5","mrMLM","PstI.TP903595","1","68397652","2.393e-05","0.0052","C"
"4","Trait5","mrMLM","PstI.TP940838","1","68400152","-1.8241e-05","0.004","G"
"4","Trait5","mrMLM","PstI.TP345337","1","68412354","-1.6833e-05","0.0037","C"
"4","Trait5","mrMLM","NsiI.TP439936","1","68414441","0.0176","0.195","A"
"4","Trait5","mrMLM","NsiI.TP576771","1","68414794","0.2286","1.0929","A"
"4","Trait5","mrMLM","PstI.TP369743","1","68418598","1.0492e-05","0.0023","A"
"4","Trait5","mrMLM","NsiI.TP783076","1","68421456","-2.3701e-06","5e-04","C"
"4","Trait5","mrMLM","NsiI.TP654803","1","68424180","2.6692e-05","0.0059","A"
"4","Trait5","mrMLM","PstI.TP872396","1","68499251","-0.0543","0.5302","C"
"4","Trait5","mrMLM","NsiI.TP430940","1","68502125","-0.2167","1.443","A"
"4","Trait5","mrMLM","PstI.TP1131578","1","68512918","0.1299","0.7261","A"
"4","Trait5","mrMLM","PstI.TP914823","1","68524535","-0.0342","0.4333","C"
"4","Trait5","mrMLM","NsiI.TP372725","1","68527174","-5.1082e-05","0.0113","A"
"4","Trait5","mrMLM","PstI.TP784618","1","68529560","0.3889","1.3977","G"
"4","Trait5","mrMLM","PstI.TP23667","1","68558901","-6.6438e-06","0.0014","C"
"4","Trait5","mrMLM","PstI.TP929783","1","68577350","1.4528e-05","0.0032","A"
"4","Trait5","mrMLM","PstI.TP49463","1","68578559","1.4848e-05","0.0032","A"
"4","Trait5","mrMLM","PstI.TP577286","1","68698894","1.1275e-05","0.0025","C"
"4","Trait5","mrMLM","PstI.TP985998","1","68708312","0.0705","0.6918","A"
"4","Trait5","mrMLM","NsiI.TP609610","1","68718517","-2.4563e-05","0.0054","A"
"4","Trait5","mrMLM","PstI.TP940564","1","68737866","-2.8034e-05","0.0061","C"
"4","Trait5","mrMLM","NsiI.TP793799","1","68746767","0.1516","1.1693","A"
"4","Trait5","mrMLM","NsiI.TP79196","1","68759204","1.4916e-05","0.0033","G"
"4","Trait5","mrMLM","PstI.TP1051399","1","68769952","2.0929e-05","0.0046","C"
"4","Trait5","mrMLM","PstI.TP936112","1","68774678","1.4327e-05","0.0031","C"
"4","Trait5","mrMLM","PstI.TP944489","1","68774710","-6.3347e-06","0.0014","C"
"4","Trait5","mrMLM","NsiI.TP337383","1","68790731","1.8848e-05","0.0041","C"
"4","Trait5","mrMLM","NsiI.TP401442","1","68804945","0.1642","0.933","A"
"4","Trait5","mrMLM","NsiI.TP325760","1","68823651","4.9666e-06","0.0011","C"
"4","Trait5","mrMLM","NsiI.TP188906","1","68825109","-0.0605","0.8407","G"
"4","Trait5","mrMLM","NsiI.TP159049","1","68827687","-2.8489e-06","6e-04","A"
"4","Trait5","mrMLM","PstI.TP997692","1","68828195","-1.7404e-05","0.0038","A"
"4","Trait5","mrMLM","PstI.TP251999","1","68828244","1.346e-05","0.0029","G"
"4","Trait5","mrMLM","PstI.TP139934","1","68828445","-8.8419e-06","0.0019","A"
"4","Trait5","mrMLM","NsiI.TP732439","1","68828737","0.0306","0.3369","A"
"4","Trait5","mrMLM","PstI.TP986856","1","68829630","2.805e-06","6e-04","A"
"4","Trait5","mrMLM","NsiI.TP778060","1","68838686","2.2309e-05","0.0049","G"
"4","Trait5","mrMLM","NsiI.TP8686","1","68885051","7.1116e-06","0.0016","A"
"4","Trait5","mrMLM","NsiI.TP650033","1","68897272","-0.0636","0.6514","C"
"4","Trait5","mrMLM","NsiI.TP757455","1","68916800","-1.5021e-05","0.0033","C"
"4","Trait5","mrMLM","PstI.TP745183","1","68939948","0.0186","0.1708","A"
"4","Trait5","mrMLM","PstI.TP688823","1","68946521","0.1306","0.6096","C"
"4","Trait5","mrMLM","PstI.TP711436","1","68960434","-1.309e-05","0.0029","C"
"4","Trait5","mrMLM","PstI.TP707331","1","68960441","2.991e-06","7e-04","G"
"4","Trait5","mrMLM","PstI.TP1107867","1","68965774","-4.9128e-06","0.0011","A"
"4","Trait5","mrMLM","NsiI.TP205277","1","68965894","1.6655e-05","0.0036","C"
"4","Trait5","mrMLM","PstI.TP184531","1","68967801","-1.5491e-07","3.3711e-05","A"
"4","Trait5","mrMLM","NsiI.TP409392","1","68980705","4.5038e-06","0.001","C"
"4","Trait5","mrMLM","NsiI.TP286611","1","68980766","2.0904e-06","5e-04","C"
"4","Trait5","mrMLM","NsiI.TP276540","1","68981304","1.5534e-05","0.0034","G"
"4","Trait5","mrMLM","NsiI.TP252602","1","68982448","-1.0583e-05","0.0023","C"
"4","Trait5","mrMLM","PstI.TP287439","1","69014177","5.0061e-07","1e-04","C"
"4","Trait5","mrMLM","PstI.TP1198391","1","69016047","-1.363e-06","3e-04","A"
"4","Trait5","mrMLM","PstI.TP374675","1","69016680","-2.4034e-05","0.0053","G"
"4","Trait5","mrMLM","PstI.TP374673","1","69016692","-6.233e-06","0.0014","A"
"4","Trait5","mrMLM","PstI.TP287864","1","69016716","-1.3533e-05","0.003","C"
"4","Trait5","mrMLM","PstI.TP1045708","1","69041513","-1.4497e-05","0.0032","C"
"4","Trait5","mrMLM","PstI.TP794928","1","69043246","-8.7004e-07","2e-04","C"
"4","Trait5","mrMLM","NsiI.TP801056","1","69044428","1.8479e-05","0.004","C"
"4","Trait5","mrMLM","PstI.TP871336","1","69055455","1.2154e-05","0.0027","A"
"4","Trait5","mrMLM","PstI.TP29658","1","69057856","-4e-04","0.0235","A"
"4","Trait5","mrMLM","PstI.TP833197","1","69061947","-1.2802e-05","0.0028","C"
"4","Trait5","mrMLM","NsiI.TP674601","1","69112506","4.0616e-07","8.8405e-05","A"
"4","Trait5","mrMLM","PstI.TP884447","1","69119836","1.4242e-05","0.0031","A"
"4","Trait5","mrMLM","PstI.TP288323","1","69119899","-1.4112e-05","0.0031","C"
"4","Trait5","mrMLM","PstI.TP288321","1","69119924","-0.3563","1.8533","A"
"4","Trait5","mrMLM","PstI.TP521905","1","69121568","4.8857e-07","1e-04","C"
"4","Trait5","mrMLM","PstI.TP777165","1","69129454","-0.0273","0.2625","A"
"4","Trait5","mrMLM","PstI.TP468115","1","69143489","-2.1558e-05","0.0047","C"
"4","Trait5","mrMLM","NsiI.TP5701","1","69156484","-0.1055","1.2872","C"
"4","Trait5","mrMLM","NsiI.TP400429","1","69178656","-0.041","0.4788","G"
"4","Trait5","mrMLM","PstI.TP299690","1","69193739","-1.0762e-05","0.0023","C"
"4","Trait5","mrMLM","PstI.TP1069681","1","69204461","-3.425e-06","7e-04","C"
"4","Trait5","mrMLM","PstI.TP754866","1","69204551","-0.0119","0.1234","A"
"4","Trait5","mrMLM","PstI.TP489786","1","69233890","-2.5077e-05","0.0055","C"
"4","Trait5","mrMLM","PstI.TP473430","1","69239697","-0.0525","0.5223","C"
"4","Trait5","mrMLM","NsiI.TP127610","1","69282032","4.2489e-05","0.0093","G"
"4","Trait5","mrMLM","NsiI.TP333033","1","69283813","1.5216e-05","0.0033","A"
"4","Trait5","mrMLM","PstI.TP1026778","1","69284392","2.204e-06","5e-04","C"
"4","Trait5","mrMLM","NsiI.TP474277","1","69292516","-1.9886e-05","0.0044","G"
"4","Trait5","mrMLM","NsiI.TP228986","1","69292625","-3.0888e-06","7e-04","A"
"4","Trait5","mrMLM","PstI.TP345976","1","69318742","-1.973e-05","0.0043","A"
"4","Trait5","mrMLM","PstI.TP951992","1","69324980","2.5481e-05","0.0056","A"
"4","Trait5","mrMLM","PstI.TP688709","1","69327852","6.9927e-06","0.0015","A"
"4","Trait5","mrMLM","NsiI.TP19909","1","69328566","3.648e-05","0.008","A"
"4","Trait5","mrMLM","NsiI.TP327355","1","69331734","-0.2861","2.0815","A"
"4","Trait5","mrMLM","NsiI.TP294423","1","69386076","-7.632e-06","0.0017","A"
"4","Trait5","mrMLM","PstI.TP385376","1","69397412","0.0785","0.8272","C"
"4","Trait5","mrMLM","PstI.TP361742","1","69400386","1.3868e-05","0.003","C"
"4","Trait5","mrMLM","NsiI.TP444157","1","69418722","2.3039e-06","5e-04","C"
"4","Trait5","mrMLM","PstI.TP572603","1","69419938","-2.1197e-05","0.0046","C"
"4","Trait5","mrMLM","PstI.TP59721","1","69434073","-7.9589e-06","0.0017","C"
"4","Trait5","mrMLM","PstI.TP370271","1","69447386","-1.3792e-05","0.003","A"
"4","Trait5","mrMLM","PstI.TP182911","1","69491226","0.0354","0.3","A"
"4","Trait5","mrMLM","PstI.TP270796","1","69492296","-4.1745e-06","9e-04","C"
"4","Trait5","mrMLM","NsiI.TP239839","1","69493415","3.0454e-05","0.0067","A"
"4","Trait5","mrMLM","NsiI.TP493856","1","69496441","2.8156e-05","0.0062","A"
"4","Trait5","mrMLM","NsiI.TP487740","1","69506499","-1.8373e-05","0.004","A"
"4","Trait5","mrMLM","NsiI.TP487741","1","69506512","3.8094e-06","8e-04","C"
"4","Trait5","mrMLM","NsiI.TP197269","1","69517152","0.0403","0.2904","G"
"4","Trait5","mrMLM","NsiI.TP630503","1","69525007","-1.8035e-05","0.0039","A"
"4","Trait5","mrMLM","PstI.TP784346","1","69525687","-2.1445e-05","0.0047","G"
"4","Trait5","mrMLM","PstI.TP829877","1","69526201","-1.2705e-05","0.0028","C"
"4","Trait5","mrMLM","NsiI.TP580761","1","69530083","-1.2294e-05","0.0027","G"
"4","Trait5","mrMLM","NsiI.TP361622","1","69534233","2.5561e-06","6e-04","C"
"4","Trait5","mrMLM","PstI.TP1177969","1","69551175","-7.5025e-06","0.0016","A"
"4","Trait5","mrMLM","GFSSContig19996_653","1","69555622","-1.5707e-05","0.0034","A"
"4","Trait5","mrMLM","PstI.TP1134597","1","69556754","-0.0618","0.6005","G"
"4","Trait5","mrMLM","PstI.TP1006729","1","69556836","2.8672e-05","0.0063","A"
"4","Trait5","mrMLM","PstI.TP304122","1","69587801","-2.9701e-05","0.0065","A"
"4","Trait5","mrMLM","PstI.TP1241996","1","69588043","1.4488e-05","0.0032","A"
"4","Trait5","mrMLM","NsiI.TP176314","1","69598404","5.9418e-06","0.0013","A"
"4","Trait5","mrMLM","PstI.TP296282","1","69603963","-9.7488e-06","0.0021","C"
"4","Trait5","mrMLM","PstI.TP890694","1","69615049","1.8341e-06","4e-04","A"
"4","Trait5","mrMLM","NsiI.TP388683","1","69615225","2.8524e-05","0.0063","C"
"4","Trait5","mrMLM","NsiI.TP604920","1","69617612","8.318e-06","0.0018","C"
"4","Trait5","mrMLM","PstI.TP526428","1","69620298","-0.1343","1.0398","A"
"4","Trait5","mrMLM","PstI.TP232316","1","69645448","-0.0215","0.2866","A"
"4","Trait5","mrMLM","PstI.TP356750","1","69657306","-0.1759","1.1844","A"
"4","Trait5","mrMLM","PstI.TP250224","1","69664479","-8.7392e-06","0.0019","C"
"4","Trait5","mrMLM","PstI.TP515234","1","69680580","-0.1137","0.833","C"
"4","Trait5","mrMLM","PstI.TP183071","1","69688577","1.0481e-05","0.0023","A"
"4","Trait5","mrMLM","NsiI.TP693777","1","69767711","0.0119","0.1717","A"
"4","Trait5","mrMLM","PstI.TP327202","1","69771717","2.0742e-05","0.0045","A"
"4","Trait5","mrMLM","NsiI.TP716051","1","69775028","3.0071e-05","0.0066","A"
"4","Trait5","mrMLM","PstI.TP629836","1","69776626","0.0354","0.377","A"
"4","Trait5","mrMLM","PstI.TP629837","1","69776627","-2.2644e-05","0.005","C"
"4","Trait5","mrMLM","PstI.TP342373","1","69789077","-4.8231e-07","1e-04","C"
"4","Trait5","mrMLM","PstI.TP222462","1","69790547","-0.0205","0.2328","C"
"4","Trait5","mrMLM","PstI.TP317631","1","69806063","-0.0223","0.1752","C"
"4","Trait5","mrMLM","PstI.TP721511","1","69810929","-0.2082","1.323","G"
"4","Trait5","mrMLM","PstI.TP821118","1","69831632","6.5345e-06","0.0014","A"
"4","Trait5","mrMLM","PstI.TP1183728","1","69834022","-0.0877","0.8621","C"
"4","Trait5","mrMLM","NsiI.TP204318","1","69834030","0.0131","0.1962","A"
"4","Trait5","mrMLM","PstI.TP1007724","1","69846351","-1.1174e-06","2e-04","A"
"4","Trait5","mrMLM","PstI.TP957697","1","69861037","2.387e-06","5e-04","A"
"4","Trait5","mrMLM","PstI.TP1249688","1","69861277","0.1455","0.8103","A"
"4","Trait5","mrMLM","NsiI.TP553060","1","69868836","-6.0402e-06","0.0013","A"
"4","Trait5","mrMLM","PstI.TP669192","1","69877846","2.525e-05","0.0055","A"
"4","Trait5","mrMLM","PstI.TP130505","1","69885963","2.1262e-05","0.0047","C"
"4","Trait5","mrMLM","NsiI.TP283461","1","69907110","2.2305e-07","4.8542e-05","A"
"4","Trait5","mrMLM","NsiI.TP653916","1","69920064","-0.0796","1.1104","C"
"4","Trait5","mrMLM","PstI.TP1097347","1","69955856","-2.0825e-06","5e-04","A"
"4","Trait5","mrMLM","PstI.TP687743","1","69969234","1.6761e-05","0.0037","C"
"4","Trait5","mrMLM","PstI.TP363787","1","70069249","-0.0183","0.2868","C"
"4","Trait5","mrMLM","PstI.TP1260746","1","70070968","4.2073e-06","9e-04","C"
"4","Trait5","mrMLM","NsiI.TP675635","1","70082590","-1.0912e-05","0.0024","A"
"4","Trait5","mrMLM","GFSSContig20175_2257","1","70174294","1.4304e-05","0.0031","T"
"4","Trait5","mrMLM","PstI.TP812080","1","70190110","1.4245e-05","0.0031","A"
"4","Trait5","mrMLM","PstI.TP402410","1","70205528","-9.7525e-06","0.0021","A"
"4","Trait5","mrMLM","NsiI.TP340695","1","70223476","-0.0664","0.562","A"
"4","Trait5","mrMLM","PstI.TP977233","1","70272418","0.1087","0.586","A"
"4","Trait5","mrMLM","NsiI.TP442078","1","70293091","0.197","0.7363","A"
"4","Trait5","mrMLM","PstI.TP440583","1","70293723","0.0312","0.1825","A"
"4","Trait5","mrMLM","NsiI.TP758512","1","70300341","-8.4563e-06","0.0018","A"
"4","Trait5","mrMLM","PstI.TP489499","1","70307404","-0.0734","0.5867","A"
"4","Trait5","mrMLM","PstI.TP1241952","1","70307543","3.5366e-05","0.0078","C"
"4","Trait5","mrMLM","PstI.TP204294","1","70307594","7.263e-06","0.0016","C"
"4","Trait5","mrMLM","NsiI.TP10024","1","70308823","2.0591e-05","0.0045","A"
"4","Trait5","mrMLM","PstI.TP1292685","1","70326613","0.1386","1.6073","C"
"4","Trait5","mrMLM","PstI.TP372374","1","70331274","2.3555e-06","5e-04","A"
"4","Trait5","mrMLM","PstI.TP840130","1","70354222","-1.9285e-06","4e-04","C"
"4","Trait5","mrMLM","PstI.TP1041362","1","70355328","2.5483e-05","0.0056","A"
"4","Trait5","mrMLM","PstI.TP395640","1","70357867","5.2026e-06","0.0011","C"
"4","Trait5","mrMLM","NsiI.TP817262","1","70370783","1.0052e-05","0.0022","A"
"4","Trait5","mrMLM","PstI.TP1226177","1","70377230","-0.0058","0.0982","C"
"4","Trait5","mrMLM","PstI.TP921276","1","70382591","-0.1619","1.0019","A"
"4","Trait5","mrMLM","NsiI.TP159946","1","70402881","-0.032","0.2541","A"
"4","Trait5","mrMLM","GFSSContig10391_197","1","70404542","0.172","0.8472","T"
"4","Trait5","mrMLM","PstI.TP522146","1","70413087","-0.0768","0.9091","C"
"4","Trait5","mrMLM","PstI.TP459201","1","70416560","-2.5772e-05","0.0056","A"
"4","Trait5","mrMLM","NsiI.TP771629","1","70416577","0.0225","0.2979","G"
"4","Trait5","mrMLM","PstI.TP452364","1","70416615","-3.5758e-06","8e-04","C"
"4","Trait5","mrMLM","NsiI.TP508861","1","70417359","-5.6976e-06","0.0012","G"
"4","Trait5","mrMLM","NsiI.TP8655","1","70417916","1.0016e-06","2e-04","A"
"4","Trait5","mrMLM","PstI.TP1055999","1","70436408","-0.0371","0.3736","A"
"4","Trait5","mrMLM","NsiI.TP706847","1","70445342","-1.6654e-05","0.0036","A"
"4","Trait5","mrMLM","PstI.TP34700","1","70478756","1.5345e-06","3e-04","C"
"4","Trait5","mrMLM","NsiI.TP238067","1","70479021","-1.7176e-05","0.0038","A"
"4","Trait5","mrMLM","PstI.TP180949","1","70527436","-1.9244e-06","4e-04","A"
"4","Trait5","mrMLM","PstI.TP663427","1","70529598","-1.9084e-05","0.0042","C"
"4","Trait5","mrMLM","PstI.TP968118","1","70532598","-2.332e-06","5e-04","C"
"4","Trait5","mrMLM","PstI.TP488184","1","70532632","-1.1171e-05","0.0024","C"
"4","Trait5","mrMLM","PstI.TP158366","1","70536086","1.278e-06","3e-04","A"
"4","Trait5","mrMLM","NsiI.TP347314","1","70546948","-3.5604e-06","8e-04","A"
"4","Trait5","mrMLM","PstI.TP969142","1","70558586","-0.1086","0.9036","C"
"4","Trait5","mrMLM","NsiI.TP350489","1","70558900","-5.4097e-06","0.0012","A"
"4","Trait5","mrMLM","NsiI.TP551048","1","70577911","1.4134e-05","0.0031","G"
"4","Trait5","mrMLM","PstI.TP448080","1","70586488","-0.0137","0.1704","C"
"4","Trait5","mrMLM","PstI.TP351951","1","70589260","-0.0113","0.1412","G"
"4","Trait5","mrMLM","PstI.TP799393","1","70645621","-0.0697","0.562","C"
"4","Trait5","mrMLM","NsiI.TP586456","1","70676571","-2.1393e-05","0.0047","A"
"4","Trait5","mrMLM","PstI.TP494387","1","70689700","0.1702","0.8894","A"
"4","Trait5","mrMLM","PstI.TP1180659","1","70717978","1.2775e-05","0.0028","A"
"4","Trait5","mrMLM","PstI.TP718716","1","70718936","0.0049","0.1108","A"
"4","Trait5","mrMLM","GFSSContig11916_535","1","70719937","-3.5454e-05","0.0078","A"
"4","Trait5","mrMLM","PstI.TP33054","1","70724568","0.0302","0.2098","A"
"4","Trait5","mrMLM","PstI.TP1205408","1","70741243","-3.6864e-06","8e-04","C"
"4","Trait5","mrMLM","PstI.TP173623","1","70746071","-2.2662e-06","5e-04","C"
"4","Trait5","mrMLM","PstI.TP911544","1","70749500","-0.0575","0.3034","A"
"4","Trait5","mrMLM","PstI.TP790103","1","70752961","-1.2802e-05","0.0028","A"
"4","Trait5","mrMLM","PstI.TP549992","1","70753172","-1.5144e-08","3.2956e-06","C"
"4","Trait5","mrMLM","PstI.TP665587","1","70753604","0.0391","0.3176","C"
"4","Trait5","mrMLM","NsiI.TP353419","1","70763753","-1.6403e-05","0.0036","C"
"4","Trait5","mrMLM","PstI.TP530224","1","70772572","1.1711e-05","0.0026","A"
"4","Trait5","mrMLM","PstI.TP225232","1","70799952","0.2715","1.0702","A"
"4","Trait5","mrMLM","PstI.TP69823","1","70805200","2.9094e-05","0.0064","C"
"4","Trait5","mrMLM","PstI.TP1295242","1","70821690","5.4968e-06","0.0012","C"
"4","Trait5","mrMLM","PstI.TP711376","1","70838018","-2.7392e-06","6e-04","A"
"4","Trait5","mrMLM","NsiI.TP631996","1","70863806","2.3021e-05","0.005","C"
"4","Trait5","mrMLM","NsiI.TP632002","1","70863814","-4.3803e-05","0.0096","C"
"4","Trait5","mrMLM","NsiI.TP603054","1","70882642","1.0813e-05","0.0024","A"
"4","Trait5","mrMLM","PstI.TP133902","1","70891541","-1.2017e-05","0.0026","A"
"4","Trait5","mrMLM","NsiI.TP44825","1","70914156","-0.094","0.7965","A"
"4","Trait5","mrMLM","NsiI.TP828370","1","70923770","-1.2759e-05","0.0028","G"
"4","Trait5","mrMLM","PstI.TP135535","1","70955272","2.7515e-05","0.006","C"
"4","Trait5","mrMLM","PstI.TP1193640","1","70959491","-0.0976","0.824","C"
"4","Trait5","mrMLM","PstI.TP1046932","1","70959564","-2.4838e-05","0.0054","A"
"4","Trait5","mrMLM","NsiI.TP664650","1","71025558","-1.2506e-05","0.0027","A"
"4","Trait5","mrMLM","PstI.TP665902","1","71068001","2.4475e-05","0.0054","A"
"4","Trait5","mrMLM","PstI.TP853551","1","71069569","6.3569e-06","0.0014","C"
"4","Trait5","mrMLM","PstI.TP1113308","1","71070381","0.3099","1.6119","A"
"4","Trait5","mrMLM","NsiI.TP267059","1","71071057","-0.1388","1.1403","C"
"4","Trait5","mrMLM","NsiI.TP614856","1","71075654","0.0234","0.1602","C"
"4","Trait5","mrMLM","NsiI.TP64614","1","71079620","2.1011e-07","4.5727e-05","C"
"4","Trait5","mrMLM","PstI.TP548356","1","71082455","1.0232e-05","0.0022","G"
"4","Trait5","mrMLM","PstI.TP1172129","1","71086656","0.0317","0.2466","A"
"4","Trait5","mrMLM","PstI.TP1172162","1","71086658","-3.284e-06","7e-04","A"
"4","Trait5","mrMLM","PstI.TP1046209","1","71112715","4.5124e-06","0.001","A"
"4","Trait5","mrMLM","PstI.TP301362","1","71125764","-1.0818e-05","0.0024","A"
"4","Trait5","mrMLM","PstI.TP1260320","1","71135288","-2.0112e-06","4e-04","C"
"4","Trait5","mrMLM","PstI.TP698485","1","71153581","0.0876","0.5938","A"
"4","Trait5","mrMLM","NsiI.TP33811","1","71154148","2.8525e-05","0.0063","C"
"4","Trait5","mrMLM","PstI.TP301031","1","71156709","7.6577e-06","0.0017","A"
"4","Trait5","mrMLM","NsiI.TP338353","1","71156917","7.9165e-06","0.0017","A"
"4","Trait5","mrMLM","PstI.TP1260916","1","71157310","0.0221","0.1496","A"
"4","Trait5","mrMLM","PstI.TP38927","1","71163836","-1.7548e-05","0.0038","A"
"4","Trait5","mrMLM","PstI.TP713432","1","71174660","1.6418e-05","0.0036","C"
"4","Trait5","mrMLM","GFSSContig12526_606","1","71182923","2.1704e-06","5e-04","T"
"4","Trait5","mrMLM","GFSSContig18694_969","1","71184431","1.8026e-06","4e-04","T"
"4","Trait5","mrMLM","PstI.TP212855","1","71195899","-3.6387e-05","0.008","C"
"4","Trait5","mrMLM","NsiI.TP609079","1","71221775","0.0265","0.1973","A"
"4","Trait5","mrMLM","PstI.TP1052870","1","71227822","-1.5587e-05","0.0034","A"
"4","Trait5","mrMLM","PstI.TP218467","1","71228475","-1.7045e-05","0.0037","A"
"4","Trait5","mrMLM","PstI.TP380221","1","71235386","-4.6931e-06","0.001","A"
"4","Trait5","mrMLM","PstI.TP142395","1","71238859","-1.9785e-05","0.0043","A"
"4","Trait5","mrMLM","PstI.TP461821","1","71239180","1.1347e-05","0.0025","C"
"4","Trait5","mrMLM","NsiI.TP363847","1","71249684","9.4922e-06","0.0021","A"
"4","Trait5","mrMLM","NsiI.TP441114","1","71250822","-1.23e-05","0.0027","C"
"4","Trait5","mrMLM","PstI.TP754592","1","71251901","-1.261e-05","0.0028","A"
"4","Trait5","mrMLM","PstI.TP745772","1","71261629","1.3618e-05","0.003","A"
"4","Trait5","mrMLM","NsiI.TP227336","1","71286147","-1.6058e-05","0.0035","A"
"4","Trait5","mrMLM","NsiI.TP523695","1","71288051","1.6637e-05","0.0036","C"
"4","Trait5","mrMLM","NsiI.TP234211","1","71290395","-0.0521","0.3593","C"
"4","Trait5","mrMLM","PstI.TP1112721","1","71302602","-0.1095","0.6578","C"
"4","Trait5","mrMLM","PstI.TP669762","1","71322148","-2.8516e-05","0.0063","A"
"4","Trait5","mrMLM","NsiI.TP756804","1","71322389","-6.8765e-07","1e-04","A"
"4","Trait5","mrMLM","PstI.TP805461","1","71344044","3.065e-05","0.0067","C"
"4","Trait5","mrMLM","NsiI.TP693931","1","71370174","1.1568e-06","3e-04","C"
"4","Trait5","mrMLM","PstI.TP1177494","1","71370263","1.449e-05","0.0032","A"
"4","Trait5","mrMLM","NsiI.TP82540","1","71370263","1.2934e-05","0.0028","A"
"4","Trait5","mrMLM","PstI.TP805981","1","71371113","2.9245e-05","0.0064","G"
"4","Trait5","mrMLM","PstI.TP588686","1","71389933","1.5896e-05","0.0035","C"
"4","Trait5","mrMLM","NsiI.TP668636","1","71391032","4.2724e-06","9e-04","C"
"4","Trait5","mrMLM","PstI.TP901545","1","71391273","8.7592e-06","0.0019","G"
"4","Trait5","mrMLM","PstI.TP682187","1","71443578","-1.6317e-05","0.0036","A"
"4","Trait5","mrMLM","PstI.TP463661","1","71460631","1.5477e-05","0.0034","A"
"4","Trait5","mrMLM","NsiI.TP6232","1","71460901","-1.9963e-05","0.0044","C"
"4","Trait5","mrMLM","PstI.TP65793","1","71466825","-0.0546","0.5837","A"
"4","Trait5","mrMLM","PstI.TP881015","1","71469178","1.5075e-05","0.0033","A"
"4","Trait5","mrMLM","GFSSContig17622_639","1","71469331","1.0559e-06","2e-04","T"
"4","Trait5","mrMLM","NsiI.TP345789","1","71472888","1.8366e-05","0.004","A"
"4","Trait5","mrMLM","PstI.TP80","1","71496795","-0.0115","0.1738","A"
"4","Trait5","mrMLM","GFSSContig7317_190","1","71505138","-0.0345","0.268","A"
"4","Trait5","mrMLM","PstI.TP1265392","1","71506619","-0.0919","0.9321","C"
"4","Trait5","mrMLM","NsiI.TP456517","1","71506832","-3e-04","0.0156","C"
"4","Trait5","mrMLM","PstI.TP1160624","1","71507069","-1.0936e-05","0.0024","A"
"4","Trait5","mrMLM","PstI.TP826904","1","71509086","-2.6753e-05","0.0059","A"
"4","Trait5","mrMLM","PstI.TP635920","1","71525230","-0.0923","0.865","C"
"4","Trait5","mrMLM","PstI.TP773311","1","71563448","1.8234e-05","0.004","C"
"4","Trait5","mrMLM","NsiI.TP520596","1","71567399","-0.0324","0.4203","A"
"4","Trait5","mrMLM","NsiI.TP525740","1","71568891","-9.8655e-06","0.0022","G"
"4","Trait5","mrMLM","NsiI.TP225931","1","71600950","-0.0238","0.1858","A"
"4","Trait5","mrMLM","PstI.TP118924","1","71639905","-4.4439e-06","0.001","C"
"4","Trait5","mrMLM","NsiI.TP55442","1","71666996","0.046","0.4052","A"
"4","Trait5","mrMLM","PstI.TP998425","1","71688433","-2.3023e-05","0.005","G"
"4","Trait5","mrMLM","NsiI.TP432172","1","71698309","-0.1084","1.1181","G"
"4","Trait5","mrMLM","PstI.TP170189","1","71699333","-0.144","0.8637","A"
"4","Trait5","mrMLM","NsiI.TP742360","1","71702156","-1.2605e-06","3e-04","A"
"4","Trait5","mrMLM","NsiI.TP229180","1","71707969","2.2825e-06","5e-04","C"
"4","Trait5","mrMLM","NsiI.TP814565","1","71710260","1.9254e-05","0.0042","C"
"4","Trait5","mrMLM","NsiI.TP528559","1","71711055","9.6602e-06","0.0021","C"
"4","Trait5","mrMLM","PstI.TP352846","1","71717994","-3.0041e-05","0.0066","C"
"4","Trait5","mrMLM","NsiI.TP760095","1","71718657","-0.1144","0.6882","A"
"4","Trait5","mrMLM","PstI.TP352811","1","71729037","-1.329e-05","0.0029","A"
"4","Trait5","mrMLM","PstI.TP586874","1","71729101","-3.3114e-07","7.2087e-05","A"
"4","Trait5","mrMLM","PstI.TP397645","1","71731073","0.0677","0.583","A"
"4","Trait5","mrMLM","PstI.TP33981","1","71732178","6.799e-07","1e-04","C"
"4","Trait5","mrMLM","PstI.TP256584","1","71749251","-8.3912e-06","0.0018","C"
"4","Trait5","mrMLM","PstI.TP841306","1","71749339","0.2623","1.0742","A"
"4","Trait5","mrMLM","GFSSContig18963_787","1","71755080","-2.3229e-05","0.0051","T"
"4","Trait5","mrMLM","PstI.TP1094527","1","71782202","8.2342e-06","0.0018","A"
"4","Trait5","mrMLM","NsiI.TP20381","1","71795739","0.1528","1.1514","G"
"4","Trait5","mrMLM","NsiI.TP214519","1","71815536","0.0313","0.3685","A"
"4","Trait5","mrMLM","PstI.TP271687","1","71823399","-0.1099","1.2607","C"
"4","Trait5","mrMLM","NsiI.TP360063","1","71825840","2.9402e-05","0.0064","C"
"4","Trait5","mrMLM","PstI.TP224158","1","71831375","0.072","0.2926","C"
"4","Trait5","mrMLM","PstI.TP903662","1","71837908","0.0356","0.2819","C"
"4","Trait5","mrMLM","PstI.TP871065","1","71868564","6.7453e-06","0.0015","A"
"4","Trait5","mrMLM","NsiI.TP59960","1","71875702","-1.9499e-05","0.0043","A"
"4","Trait5","mrMLM","NsiI.TP59961","1","71875725","3.2678e-05","0.0072","C"
"4","Trait5","mrMLM","PstI.TP448714","1","71901069","0.2121","1.073","A"
"4","Trait5","mrMLM","PstI.TP436494","1","71906250","-0.0086","0.1605","C"
"4","Trait5","mrMLM","PstI.TP1259220","1","71924579","0.0558","0.318","C"
"4","Trait5","mrMLM","PstI.TP271813","1","71926599","5.6777e-06","0.0012","C"
"4","Trait5","mrMLM","PstI.TP590182","1","71928782","0.0501","0.3558","C"
"4","Trait5","mrMLM","NsiI.TP345468","1","71931769","1.4074e-05","0.0031","G"
"4","Trait5","mrMLM","PstI.TP283526","1","71936668","6.7998e-06","0.0015","C"
"4","Trait5","mrMLM","PstI.TP886622","1","71946280","-1.2201e-05","0.0027","A"
"4","Trait5","mrMLM","NsiI.TP351499","1","71949166","-0.0383","0.3194","A"
"4","Trait5","mrMLM","NsiI.TP267471","1","71949181","2.3472e-05","0.0051","G"
"4","Trait5","mrMLM","NsiI.TP799676","1","71955139","7.9691e-06","0.0017","A"
"4","Trait5","mrMLM","PstI.TP421406","1","71974654","-0.072","0.5191","C"
"4","Trait5","mrMLM","NsiI.TP576258","1","71984395","-0.0314","0.2826","C"
"4","Trait5","mrMLM","NsiI.TP367275","1","72012340","1.4847e-05","0.0032","A"
"4","Trait5","mrMLM","PstI.TP381598","1","72014976","1.6146e-05","0.0035","A"
"4","Trait5","mrMLM","PstI.TP215976","1","72027878","0.1191","0.7348","C"
"4","Trait5","mrMLM","NsiI.TP604843","1","72043861","-0.0161","0.2204","A"
"4","Trait5","mrMLM","NsiI.TP544201","1","72059833","2.8206e-05","0.0062","A"
"4","Trait5","mrMLM","NsiI.TP304452","1","72088732","1.478e-05","0.0032","C"
"4","Trait5","mrMLM","NsiI.TP259034","1","72098932","1.8758e-05","0.0041","C"
"4","Trait5","mrMLM","GFSSContig15477","1","72122767","0.1057","0.9715","T"
"4","Trait5","mrMLM","PstI.TP1168153","1","72122981","-2.5001e-06","5e-04","A"
"4","Trait5","mrMLM","PstI.TP1212724","1","72123046","9.8818e-06","0.0022","C"
"4","Trait5","mrMLM","NsiI.TP211798","1","72131324","0.1076","0.7169","A"
"4","Trait5","mrMLM","PstI.TP298274","1","72133723","-2.3975e-05","0.0052","C"
"4","Trait5","mrMLM","PstI.TP916434","1","72137966","-1.0776e-05","0.0024","A"
"4","Trait5","mrMLM","PstI.TP1184661","1","72144773","-0.1488","1.804","C"
"4","Trait5","mrMLM","PstI.TP55623","1","72147488","-0.0076","0.0931","A"
"4","Trait5","mrMLM","PstI.TP288856","1","72170357","-1.6433e-06","4e-04","G"
"4","Trait5","mrMLM","NsiI.TP499949","1","72170440","-0.0723","0.4568","A"
"4","Trait5","mrMLM","PstI.TP1178947","1","72170699","-4.9523e-06","0.0011","A"
"4","Trait5","mrMLM","PstI.TP324568","1","72175111","-0.1568","1.2929","C"
"4","Trait5","mrMLM","PstI.TP1025376","1","72186259","0.0143","0.2101","A"
"4","Trait5","mrMLM","PstI.TP963844","1","72204894","1.9093e-05","0.0042","A"
"4","Trait5","mrMLM","PstI.TP23506","1","72214314","-0.0147","0.2158","C"
"4","Trait5","mrMLM","GFSSContig19961_188","1","72220849","-2.219e-05","0.0049","C"
"4","Trait5","mrMLM","PstI.TP389192","1","72222738","-2.6969e-05","0.0059","A"
"4","Trait5","mrMLM","NsiI.TP10297","1","72232363","0.0951","0.447","A"
"4","Trait5","mrMLM","PstI.TP852297","1","72235992","0.0778","0.8018","A"
"4","Trait5","mrMLM","PstI.TP1168372","1","72238288","1.345e-05","0.0029","A"
"4","Trait5","mrMLM","PstI.TP1168619","1","72248681","8.9546e-07","2e-04","A"
"4","Trait5","mrMLM","PstI.TP106735","1","72248683","0.2309","1.6564","A"
"4","Trait5","mrMLM","PstI.TP198202","1","72248913","-6.3958e-06","0.0014","C"
"4","Trait5","mrMLM","PstI.TP163995","1","72261839","-2.4025e-06","5e-04","C"
"4","Trait5","mrMLM","NsiI.TP247746","1","72265162","-1.388e-06","3e-04","C"
"4","Trait5","mrMLM","NsiI.TP555342","1","72280607","0.0626","0.923","A"
"4","Trait5","mrMLM","PstI.TP843326","1","72291957","7.7581e-07","2e-04","A"
"4","Trait5","mrMLM","PstI.TP1143540","1","72294378","0.1302","1.1839","C"
"4","Trait5","mrMLM","PstI.TP1272710","1","72295373","2.9972e-05","0.0066","C"
"4","Trait5","mrMLM","NsiI.TP221927","1","72301205","-4.2064e-06","9e-04","A"
"4","Trait5","mrMLM","PstI.TP1177477","1","72302086","1.1244e-06","2e-04","C"
"4","Trait5","mrMLM","PstI.TP197060","1","72303333","-0.1352","0.6846","A"
"4","Trait5","mrMLM","PstI.TP1136034","1","72327412","-1.1974e-05","0.0026","C"
"4","Trait5","mrMLM","PstI.TP634894","1","72331899","0.1007","1.1722","C"
"4","Trait5","mrMLM","PstI.TP1035398","1","72342880","-0.0641","0.4699","A"
"4","Trait5","mrMLM","PstI.TP1150061","1","72347889","-8.8434e-07","2e-04","G"
"4","Trait5","mrMLM","NsiI.TP505177","1","72348319","-0.1557","0.4817","G"
"4","Trait5","mrMLM","PstI.TP650147","1","72348332","-3.9904e-06","9e-04","A"
"4","Trait5","mrMLM","NsiI.TP462844","1","72348521","-6.0438e-06","0.0013","A"
"4","Trait5","mrMLM","PstI.TP13354","1","72348985","8.7571e-06","0.0019","G"
"4","Trait5","mrMLM","PstI.TP13355","1","72349022","-1.937e-05","0.0042","C"
"4","Trait5","mrMLM","NsiI.TP568728","1","72350946","-0.0615","0.4093","A"
"4","Trait5","mrMLM","PstI.TP452929","1","72368447","-2.1503e-06","5e-04","A"
"4","Trait5","mrMLM","NsiI.TP607427","1","72380263","-1.7866e-06","4e-04","A"
"4","Trait5","mrMLM","NsiI.TP555321","1","72455894","2.815e-05","0.0062","C"
"4","Trait5","mrMLM","NsiI.TP811382","1","72464009","8.0334e-06","0.0018","C"
"4","Trait5","mrMLM","PstI.TP913771","1","72469518","-1.6287e-05","0.0036","C"
"4","Trait5","mrMLM","PstI.TP813982","1","72476178","-6.5026e-06","0.0014","C"
"4","Trait5","mrMLM","PstI.TP1028892","1","72476957","-3.2997e-05","0.0072","G"
"4","Trait5","mrMLM","PstI.TP1237469","1","72494540","-5.8117e-06","0.0013","C"
"4","Trait5","mrMLM","PstI.TP468706","1","72516014","7.0561e-06","0.0015","A"
"4","Trait5","mrMLM","PstI.TP1250869","1","72516911","1.4e-05","0.0031","A"
"4","Trait5","mrMLM","PstI.TP834002","1","72517077","0.0066","0.1328","A"
"4","Trait5","mrMLM","NsiI.TP145885","1","72524116","-0.1057","0.8267","A"
"4","Trait5","mrMLM","PstI.TP378462","1","72566191","1.6239e-05","0.0035","C"
"4","Trait5","mrMLM","PstI.TP91130","1","72585815","-6.7018e-06","0.0015","G"
"4","Trait5","mrMLM","NsiI.TP652520","1","72620519","-1.3452e-05","0.0029","A"
"4","Trait5","mrMLM","NsiI.TP508594","1","72623469","-0.0476","0.2907","C"
"4","Trait5","mrMLM","NsiI.TP132536","1","72623717","-0.0163","0.1376","C"
"4","Trait5","mrMLM","PstI.TP645994","1","72633618","3.024e-05","0.0066","A"
"4","Trait5","mrMLM","PstI.TP1222284","1","72660548","4.3706e-06","0.001","C"
"4","Trait5","mrMLM","PstI.TP49873","1","72661944","0.0624","0.8507","G"
"4","Trait5","mrMLM","NsiI.TP594207","1","72663556","-0.0773","0.5802","C"
"4","Trait5","mrMLM","PstI.TP1207347","1","72663921","-0.0345","0.355","C"
"4","Trait5","mrMLM","NsiI.TP388887","1","72666037","0.0205","0.1161","C"
"4","Trait5","mrMLM","PstI.TP412177","1","72673321","4.6954e-06","0.001","A"
"4","Trait5","mrMLM","NsiI.TP674263","1","72675641","-2.6884e-05","0.0059","A"
"4","Trait5","mrMLM","NsiI.TP469911","1","72682614","3.7178e-05","0.0082","C"
"4","Trait5","mrMLM","NsiI.TP786579","1","72682717","2.697e-06","6e-04","A"
"4","Trait5","mrMLM","NsiI.TP394481","1","72690463","-3.3004e-05","0.0072","A"
"4","Trait5","mrMLM","PstI.TP1267101","1","72690983","1.2316e-05","0.0027","C"
"4","Trait5","mrMLM","PstI.TP356352","1","72691347","3.2809e-05","0.0072","C"
"4","Trait5","mrMLM","PstI.TP1111001","1","72699767","0.1016","0.4133","A"
"4","Trait5","mrMLM","PstI.TP867217","1","72701068","0.1841","0.9179","C"
"4","Trait5","mrMLM","NsiI.TP6172","1","72725653","3.8879e-06","8e-04","A"
"4","Trait5","mrMLM","NsiI.TP81654","1","72734854","1.1714e-05","0.0026","A"
"4","Trait5","mrMLM","PstI.TP82716","1","72737215","2.3697e-06","5e-04","A"
"4","Trait5","mrMLM","NsiI.TP742458","1","72741549","-4.3299e-06","9e-04","C"
"4","Trait5","mrMLM","PstI.TP1104826","1","72744589","0.028","0.2967","C"
"4","Trait5","mrMLM","NsiI.TP670607","1","72759048","1.8805e-05","0.0041","A"
"4","Trait5","mrMLM","NsiI.TP87947","1","72759085","3.0658e-06","7e-04","A"
"4","Trait5","mrMLM","PstI.TP834572","1","72763177","-1.2214e-05","0.0027","A"
"4","Trait5","mrMLM","PstI.TP122384","1","72791843","0.0343","0.3888","C"
"4","Trait5","mrMLM","NsiI.TP760870","1","72814385","-2.745e-05","0.006","A"
"4","Trait5","mrMLM","PstI.TP990238","1","72830421","0.0389","0.5395","C"
"4","Trait5","mrMLM","PstI.TP69064","1","72841125","-4.6568e-07","1e-04","A"
"4","Trait5","mrMLM","NsiI.TP153110","1","72852234","-2.6686e-06","6e-04","A"
"4","Trait5","mrMLM","PstI.TP1158409","1","72860093","6.0709e-06","0.0013","A"
"4","Trait5","mrMLM","PstI.TP273518","1","72860991","-0.0698","0.4509","C"
"4","Trait5","mrMLM","PstI.TP365519","1","72860999","-1.1404e-07","2.4819e-05","G"
"4","Trait5","mrMLM","PstI.TP1164523","1","72861113","0.0558","0.3286","C"
"4","Trait5","mrMLM","PstI.TP708871","1","72868211","-0.0799","0.4188","C"
"4","Trait5","mrMLM","PstI.TP889862","1","72868614","1.8027e-05","0.0039","G"
"4","Trait5","mrMLM","NsiI.TP200059","1","72872198","4.9809e-06","0.0011","C"
"4","Trait5","mrMLM","PstI.TP1004938","1","72895372","1.4906e-05","0.0033","C"
"4","Trait5","mrMLM","PstI.TP195038","1","72903432","0.2421","1.141","G"
"4","Trait5","mrMLM","PstI.TP339412","1","72911521","0.2298","1.0391","G"
"4","Trait5","mrMLM","PstI.TP873401","1","72914676","-1.0749e-05","0.0023","C"
"4","Trait5","mrMLM","PstI.TP848433","1","72949385","-1.1861e-05","0.0026","C"
"4","Trait5","mrMLM","PstI.TP97512","1","72949822","2.0877e-06","5e-04","A"
"4","Trait5","mrMLM","PstI.TP735061","1","72976269","-3.2634e-07","7.1023e-05","C"
"4","Trait5","mrMLM","NsiI.TP613724","1","72976871","2.903e-05","0.0064","C"
"4","Trait5","mrMLM","PstI.TP587962","1","72984552","-2.4696e-05","0.0054","A"
"4","Trait5","mrMLM","NsiI.TP33363","1","72987528","0.0585","0.5657","C"
"4","Trait5","mrMLM","PstI.TP326325","1","72996509","-1.0798e-05","0.0024","A"
"4","Trait5","mrMLM","PstI.TP1277595","1","73013204","0.1785","0.7107","A"
"4","Trait5","mrMLM","NsiI.TP675729","1","73026878","-1.8341e-05","0.004","G"
"4","Trait5","mrMLM","NsiI.TP675727","1","73026885","0.0076","0.1381","A"
"4","Trait5","mrMLM","NsiI.TP453211","1","73034023","-1.0224e-05","0.0022","A"
"4","Trait5","mrMLM","PstI.TP1152951","1","73036679","-0.0977","0.8998","C"
"4","Trait5","mrMLM","PstI.TP1038172","1","73037380","5.0273e-06","0.0011","A"
"4","Trait5","mrMLM","NsiI.TP508753","1","73042701","-3.7897e-06","8e-04","A"
"4","Trait5","mrMLM","NsiI.TP507421","1","73059093","-2.4233e-05","0.0053","C"
"4","Trait5","mrMLM","PstI.TP180465","1","73062507","4.3104e-06","9e-04","G"
"4","Trait5","mrMLM","NsiI.TP274080","1","73064136","-4.8341e-06","0.0011","G"
"4","Trait5","mrMLM","GFSSContig8113_253","1","73087203","-2.7222e-05","0.006","A"
"4","Trait5","mrMLM","PstI.TP913272","1","73099596","2.8184e-05","0.0062","C"
"4","Trait5","mrMLM","NsiI.TP148166","1","73109471","-6.6802e-06","0.0015","A"
"4","Trait5","mrMLM","PstI.TP837057","1","73119677","-1.1603e-06","3e-04","C"
"4","Trait5","mrMLM","PstI.TP209975","1","73122812","-1.1705e-05","0.0026","A"
"4","Trait5","mrMLM","NsiI.TP151812","1","73122816","4.9513e-06","0.0011","A"
"4","Trait5","mrMLM","NsiI.TP216198","1","73125177","0.0704","0.4354","G"
"4","Trait5","mrMLM","PstI.TP927424","1","73127829","-0.3136","1.5887","A"
"4","Trait5","mrMLM","NsiI.TP422526","1","73137230","1.3766e-05","0.003","C"
"4","Trait5","mrMLM","PstI.TP666143","1","73143593","-2.5754e-06","6e-04","A"
"4","Trait5","mrMLM","PstI.TP1212476","1","73145262","2.8468e-08","6.1952e-06","A"
"4","Trait5","mrMLM","NsiI.TP156560","1","73170217","2.0724e-05","0.0045","C"
"4","Trait5","mrMLM","PstI.TP1181312","1","73170409","0.0406","0.253","A"
"4","Trait5","mrMLM","PstI.TP1047587","1","73170480","9.2379e-06","0.002","A"
"4","Trait5","mrMLM","NsiI.TP690845","1","73173149","2.8736e-06","6e-04","C"
"4","Trait5","mrMLM","PstI.TP408698","1","73181067","0.0844","0.7558","C"
"4","Trait5","mrMLM","PstI.TP360407","1","73181762","-0.039","0.3542","A"
"4","Trait5","mrMLM","PstI.TP880946","1","73182431","0.1801","0.849","C"
"4","Trait5","mrMLM","NsiI.TP397168","1","73183621","-0.0154","0.2668","G"
"4","Trait5","mrMLM","PstI.TP1187691","1","73183705","-1.3661e-05","0.003","C"
"4","Trait5","mrMLM","PstI.TP491291","1","73199290","-0.024","0.2029","C"
"4","Trait5","mrMLM","NsiI.TP611100","1","73210908","1.5694e-05","0.0034","A"
"4","Trait5","mrMLM","NsiI.TP552857","1","73216460","-7.4792e-06","0.0016","G"
"4","Trait5","mrMLM","NsiI.TP435271","1","73216515","7.0337e-06","0.0015","A"
"4","Trait5","mrMLM","NsiI.TP811866","1","73230480","0.0096","0.1328","C"
"4","Trait5","mrMLM","NsiI.TP620864","1","73234924","1.472e-05","0.0032","A"
"4","Trait5","mrMLM","PstI.TP827589","1","73240480","-2.5815e-06","6e-04","A"
"4","Trait5","mrMLM","NsiI.TP628928","1","73247122","2.5644e-06","6e-04","C"
"4","Trait5","mrMLM","PstI.TP354576","1","73254845","2.6032e-05","0.0057","C"
"4","Trait5","mrMLM","PstI.TP359705","1","73259173","-0.0787","0.4703","C"
"4","Trait5","mrMLM","NsiI.TP172096","1","73259271","2.0484e-06","4e-04","C"
"4","Trait5","mrMLM","PstI.TP745945","1","73261615","-0.0079","0.1033","G"
"4","Trait5","mrMLM","NsiI.TP813085","1","73266383","-5.3737e-06","0.0012","C"
"4","Trait5","mrMLM","NsiI.TP702993","1","73273481","5.4413e-06","0.0012","C"
"4","Trait5","mrMLM","PstI.TP5073","1","73274153","-2.9513e-06","6e-04","A"
"4","Trait5","mrMLM","NsiI.TP222587","1","73275339","-1.0332e-06","2e-04","A"
"4","Trait5","mrMLM","NsiI.TP146445","1","73316692","-2.6796e-06","6e-04","C"
"4","Trait5","mrMLM","PstI.TP448761","1","73324734","1.7482e-05","0.0038","C"
"4","Trait5","mrMLM","PstI.TP819173","1","73334962","-0.0206","0.2876","A"
"4","Trait5","mrMLM","PstI.TP637766","1","73335155","-2.4351e-06","5e-04","A"
"4","Trait5","mrMLM","PstI.TP757801","1","73392292","4.2878e-06","9e-04","C"
"4","Trait5","mrMLM","PstI.TP368239","1","73423927","-6.3364e-06","0.0014","A"
"4","Trait5","mrMLM","NsiI.TP485844","1","73429352","3.8464e-06","8e-04","A"
"4","Trait5","mrMLM","PstI.TP636334","1","73435857","0.1892","1.6424","A"
"4","Trait5","mrMLM","NsiI.TP319918","1","73448725","-0.2294","2.4774","A"
"4","Trait5","mrMLM","PstI.TP1254730","1","73475354","-1.1045e-05","0.0024","G"
"4","Trait5","mrMLM","PstI.TP76766","1","73479855","-0.1544","0.6651","G"
"4","Trait5","mrMLM","PstI.TP114424","1","73494664","0.0254","0.2354","A"
"4","Trait5","mrMLM","PstI.TP837664","1","73498170","-4.5702e-06","0.001","A"
"4","Trait5","mrMLM","NsiI.TP716117","1","73501589","0.0806","0.4462","C"
"4","Trait5","mrMLM","PstI.TP1243455","1","73504848","-5.2432e-07","1e-04","A"
"4","Trait5","mrMLM","PstI.TP160648","1","73515608","5.6283e-06","0.0012","A"
"4","Trait5","mrMLM","PstI.TP1087435","1","73516899","1.4715e-05","0.0032","A"
"4","Trait5","mrMLM","PstI.TP103448","1","73516989","2.4903e-06","5e-04","A"
"4","Trait5","mrMLM","PstI.TP274902","1","73517954","-0.0408","0.4591","C"
"4","Trait5","mrMLM","PstI.TP249057","1","73523293","-5.6972e-06","0.0012","A"
"4","Trait5","mrMLM","PstI.TP1007073","1","73532076","5.8517e-06","0.0013","C"
"4","Trait5","mrMLM","NsiI.TP282407","1","73542574","1.4367e-05","0.0031","C"
"4","Trait5","mrMLM","PstI.TP984008","1","73546683","-2.1865e-05","0.0048","A"
"4","Trait5","mrMLM","NsiI.TP324428","1","73547894","0.0969","1.2249","A"
"4","Trait5","mrMLM","PstI.TP130578","1","73563559","-0.0056","0.0745","A"
"4","Trait5","mrMLM","PstI.TP135889","1","73564522","-2.0395e-07","4.4383e-05","A"
"4","Trait5","mrMLM","NsiI.TP705804","1","73566158","-7.4116e-06","0.0016","C"
"4","Trait5","mrMLM","NsiI.TP222046","1","73576744","-0.0625","0.4988","A"
"4","Trait5","mrMLM","NsiI.TP131926","1","73580803","-1.1222e-05","0.0024","C"
"4","Trait5","mrMLM","NsiI.TP162391","1","73583086","4.5014e-05","0.0099","A"
"4","Trait5","mrMLM","PstI.TP1047511","1","73589498","-1.4412e-05","0.0031","A"
"4","Trait5","mrMLM","PstI.TP134743","1","73610397","-1.5778e-05","0.0034","A"
"4","Trait5","mrMLM","PstI.TP80388","1","73626823","3.8028e-05","0.0084","A"
"4","Trait5","mrMLM","PstI.TP46491","1","73639666","-0.0731","0.7493","A"
"4","Trait5","mrMLM","PstI.TP1027923","1","73654913","-0.1031","1.3182","A"
"4","Trait5","mrMLM","NsiI.TP60704","1","73654991","-0.012","0.2141","A"
"4","Trait5","mrMLM","NsiI.TP471231","1","73666304","-2.1456e-06","5e-04","A"
"4","Trait5","mrMLM","PstI.TP1252600","1","73666649","7.7663e-06","0.0017","C"
"4","Trait5","mrMLM","PstI.TP261875","1","73671392","0.0831","0.4567","A"
"4","Trait5","mrMLM","NsiI.TP325991","1","73682267","0.0201","0.2844","C"
"4","Trait5","mrMLM","NsiI.TP328467","1","73682346","-0.0538","0.5111","C"
"4","Trait5","mrMLM","NsiI.TP294842","1","73707059","-3.6842e-06","8e-04","A"
"4","Trait5","mrMLM","NsiI.TP426943","1","73733282","-0.0203","0.3245","C"
"4","Trait5","mrMLM","PstI.TP1013121","1","73737116","-0.3139","0.9109","A"
"4","Trait5","mrMLM","NsiI.TP337422","1","73740061","1.1955e-05","0.0026","A"
"4","Trait5","mrMLM","NsiI.TP510696","1","73756998","-1.5613e-05","0.0034","A"
"4","Trait5","mrMLM","PstI.TP1113794","1","73766782","3.6702e-05","0.0081","C"
"4","Trait5","mrMLM","NsiI.TP283831","1","73777901","-0.0365","0.4306","G"
"4","Trait5","mrMLM","NsiI.TP643306","1","73788367","0.003","0.0835","A"
"4","Trait5","mrMLM","NsiI.TP426850","1","73788816","2.6529e-06","6e-04","C"
"4","Trait5","mrMLM","PstI.TP1088043","1","73790447","2.4728e-06","5e-04","A"
"4","Trait5","mrMLM","NsiI.TP282971","1","73791421","2.7132e-06","6e-04","C"
"4","Trait5","mrMLM","PstI.TP544748","1","73791429","4.0329e-07","8.7772e-05","C"
"4","Trait5","mrMLM","PstI.TP645714","1","73791462","-0.0453","0.5207","A"
"4","Trait5","mrMLM","PstI.TP735774","1","73800485","1.1475e-05","0.0025","G"
"4","Trait5","mrMLM","PstI.TP975773","1","73806356","-0.0108","0.1407","A"
"4","Trait5","mrMLM","NsiI.TP462316","1","73808021","-1.1299e-05","0.0025","A"
"4","Trait5","mrMLM","PstI.TP717007","1","73811509","-9.0111e-06","0.002","A"
"4","Trait5","mrMLM","PstI.TP1166634","1","73811619","4.09e-06","9e-04","A"
"4","Trait5","mrMLM","PstI.TP256272","1","73827582","2.2805e-06","5e-04","C"
"4","Trait5","mrMLM","PstI.TP271167","1","73832777","0.047","0.4315","C"
"4","Trait5","mrMLM","NsiI.TP245879","1","73833901","-0.0627","0.5049","G"
"4","Trait5","mrMLM","PstI.TP843466","1","73836689","2.1111e-05","0.0046","A"
"4","Trait5","mrMLM","NsiI.TP206712","1","73837213","-1.5055e-05","0.0033","C"
"4","Trait5","mrMLM","NsiI.TP204124","1","73847223","-1.0557e-05","0.0023","A"
"4","Trait5","mrMLM","PstI.TP985325","1","73865257","0.0477","0.525","A"
"4","Trait5","mrMLM","NsiI.TP802001","1","73872069","7.519e-06","0.0016","A"
"4","Trait5","mrMLM","PstI.TP1241351","1","73878167","0.0087","0.0988","A"
"4","Trait5","mrMLM","PstI.TP491938","1","73887440","1.5178e-06","3e-04","C"
"4","Trait5","mrMLM","PstI.TP189129","1","73890221","-0.1179","0.6311","C"
"4","Trait5","mrMLM","NsiI.TP652715","1","73893279","4.0509e-06","9e-04","A"
"4","Trait5","mrMLM","NsiI.TP513596","1","73904640","3.1298e-05","0.0069","C"
"4","Trait5","mrMLM","PstI.TP998598","1","73910717","-0.193","1.0729","C"
"4","Trait5","mrMLM","PstI.TP187405","1","73910743","-7.4011e-06","0.0016","A"
"4","Trait5","mrMLM","NsiI.TP420405","1","73939946","-0.0919","0.8957","C"
"4","Trait5","mrMLM","GFSSContig11701_739","1","73953149","-3.0015e-05","0.0066","A"
"4","Trait5","mrMLM","NsiI.TP169818","1","73961280","-0.169","1.0327","G"
"4","Trait5","mrMLM","PstI.TP513006","1","73971974","2.5649e-07","5.5828e-05","C"
"4","Trait5","mrMLM","PstI.TP832974","1","73972161","0.0689","0.8064","C"
"4","Trait5","mrMLM","PstI.TP535893","1","73975816","-2.0718e-05","0.0045","C"
"4","Trait5","mrMLM","NsiI.TP162879","1","74026438","-0.0704","0.6718","C"
"4","Trait5","mrMLM","NsiI.TP488690","1","74031369","-2.0554e-05","0.0045","C"
"4","Trait5","mrMLM","PstI.TP326891","1","74036176","0.0436","0.55","A"
"4","Trait5","mrMLM","PstI.TP1167892","1","74037395","-0.1762","1.0801","A"
"4","Trait5","mrMLM","NsiI.TP566138","1","74069839","3.6068e-05","0.0079","A"
"4","Trait5","mrMLM","PstI.TP514329","1","74074227","0.0699","0.397","A"
"4","Trait5","mrMLM","PstI.TP926409","1","74097223","-8.214e-06","0.0018","C"
"4","Trait5","mrMLM","NsiI.TP244932","1","74100659","-7.2379e-06","0.0016","G"
"4","Trait5","mrMLM","PstI.TP393658","1","74108190","5.9582e-06","0.0013","A"
"4","Trait5","mrMLM","PstI.TP1242131","1","74121379","1.2574e-05","0.0027","G"
"4","Trait5","mrMLM","NsiI.TP486569","1","74123229","-2.5339e-06","6e-04","A"
"4","Trait5","mrMLM","NsiI.TP552932","1","74123343","1.5523e-05","0.0034","G"
"4","Trait5","mrMLM","NsiI.TP494970","1","74124026","-1.0652e-05","0.0023","A"
"4","Trait5","mrMLM","NsiI.TP282281","1","74127383","2.3385e-05","0.0051","C"
"4","Trait5","mrMLM","NsiI.TP370829","1","74129263","-7.8175e-06","0.0017","C"
"4","Trait5","mrMLM","PstI.TP914378","1","74129281","1.818e-05","0.004","C"
"4","Trait5","mrMLM","PstI.TP802577","1","74132587","1.5335e-05","0.0033","A"
"4","Trait5","mrMLM","PstI.TP335898","1","74135775","9.328e-06","0.002","G"
"4","Trait5","mrMLM","NsiI.TP86357","1","74157557","-3.4498e-06","8e-04","G"
"4","Trait5","mrMLM","PstI.TP87698","1","74157702","2.6423e-05","0.0058","A"
"4","Trait5","mrMLM","PstI.TP736136","1","74190367","3.4262e-05","0.0075","C"
"4","Trait5","mrMLM","PstI.TP468261","1","74190398","6.8685e-06","0.0015","A"
"4","Trait5","mrMLM","PstI.TP455140","1","74199572","-0.1114","0.7773","A"
"4","Trait5","mrMLM","NsiI.TP823283","1","74209914","0.0558","0.3717","C"
"4","Trait5","mrMLM","PstI.TP192308","1","74218508","-6.3047e-06","0.0014","A"
"4","Trait5","mrMLM","NsiI.TP570756","1","74225247","0.0112","0.1839","C"
"4","Trait5","mrMLM","PstI.TP130559","1","74240434","0.0124","0.1952","A"
"4","Trait5","mrMLM","PstI.TP546282","1","74246317","0.1059","0.8493","G"
"4","Trait5","mrMLM","PstI.TP544328","1","74290363","0.1303","0.6612","C"
"4","Trait5","mrMLM","NsiI.TP620972","1","74293861","-0.2736","1.1357","C"
"4","Trait5","mrMLM","PstI.TP880155","1","74294114","7.6124e-07","2e-04","C"
"4","Trait5","mrMLM","PstI.TP154471","1","74295208","-2.0909e-06","5e-04","A"
"4","Trait5","mrMLM","NsiI.TP406463","1","74297745","7.4234e-07","2e-04","C"
"4","Trait5","mrMLM","NsiI.TP371401","1","74298489","0.0106","0.1779","A"
"4","Trait5","mrMLM","NsiI.TP287157","1","74298562","0.0936","0.3543","A"
"4","Trait5","mrMLM","PstI.TP893899","1","74312919","-3.5448e-06","8e-04","C"
"4","Trait5","mrMLM","NsiI.TP653711","1","74336567","1.2925e-05","0.0028","C"
"4","Trait5","mrMLM","NsiI.TP156088","1","74340900","5.1445e-06","0.0011","C"
"4","Trait5","mrMLM","PstI.TP334182","1","74360210","4.8181e-06","0.001","C"
"4","Trait5","mrMLM","NsiI.TP346583","1","74361642","-4.0926e-05","0.009","A"
"4","Trait5","mrMLM","PstI.TP258621","1","74361721","0.0818","0.5091","A"
"4","Trait5","mrMLM","NsiI.TP807290","1","74362701","-1.3926e-05","0.003","A"
"4","Trait5","mrMLM","PstI.TP1196417","1","74370670","-0.1127","1.2333","A"
"4","Trait5","mrMLM","NsiI.TP470723","1","74378808","0.1672","0.5708","A"
"4","Trait5","mrMLM","PstI.TP1032632","1","74402757","-0.1006","0.3821","A"
"4","Trait5","mrMLM","NsiI.TP425253","1","74403091","9.7802e-06","0.0021","A"
"4","Trait5","mrMLM","PstI.TP670330","1","74404426","5.5921e-06","0.0012","A"
"4","Trait5","mrMLM","PstI.TP853328","1","74427611","1.4464e-05","0.0032","C"
"4","Trait5","mrMLM","PstI.TP609579","1","74441655","-3.222e-05","0.0071","C"
"4","Trait5","mrMLM","PstI.TP82865","1","74447451","-0.0305","0.2441","C"
"4","Trait5","mrMLM","PstI.TP795530","1","74447495","0.1366","1.6313","A"
"4","Trait5","mrMLM","NsiI.TP783071","1","74489443","-0.0672","0.6759","A"
"4","Trait5","mrMLM","NsiI.TP551538","1","74505630","1.7385e-05","0.0038","A"
"4","Trait5","mrMLM","PstI.TP220429","1","74527810","-8.3951e-06","0.0018","C"
"4","Trait5","mrMLM","NsiI.TP164686","1","74530342","-4.0281e-06","9e-04","A"
"4","Trait5","mrMLM","NsiI.TP665067","1","74533903","-1.0488e-05","0.0023","C"
"4","Trait5","mrMLM","PstI.TP214301","1","74533970","0.2612","1.1221","A"
"4","Trait5","mrMLM","PstI.TP706856","1","74539608","-1.8515e-05","0.004","C"
"4","Trait5","mrMLM","NsiI.TP501226","1","74548397","-8.9466e-06","0.002","G"
"4","Trait5","mrMLM","PstI.TP1203869","1","74588086","2.9366e-06","6e-04","G"
"4","Trait5","mrMLM","PstI.TP18789","1","74589455","0.0357","0.3286","A"
"4","Trait5","mrMLM","PstI.TP398108","1","74599097","-1.743e-06","4e-04","C"
"4","Trait5","mrMLM","NsiI.TP171470","1","74618657","-1.1464e-05","0.0025","C"
"4","Trait5","mrMLM","PstI.TP1167699","1","74628243","0.0256","0.3158","A"
"4","Trait5","mrMLM","PstI.TP505352","1","74651201","0.2642","0.9862","A"
"4","Trait5","mrMLM","NsiI.TP301475","1","74664233","5.2731e-06","0.0011","A"
"4","Trait5","mrMLM","PstI.TP302844","1","74664707","2.1114e-05","0.0046","C"
"4","Trait5","mrMLM","PstI.TP987252","1","74668478","-4.4524e-06","0.001","C"
"4","Trait5","mrMLM","PstI.TP512736","1","74671934","3.2679e-05","0.0072","A"
"4","Trait5","mrMLM","PstI.TP693726","1","74701328","2.5299e-05","0.0055","C"
"4","Trait5","mrMLM","PstI.TP95450","1","74768149","-0.1171","1.2303","C"
"4","Trait5","mrMLM","PstI.TP1029904","1","74770232","1.7196e-05","0.0038","C"
"4","Trait5","mrMLM","NsiI.TP323224","1","74770262","8.4717e-06","0.0018","C"
"4","Trait5","mrMLM","NsiI.TP323223","1","74770267","0.0891","0.8915","C"
"4","Trait5","mrMLM","NsiI.TP447130","1","74774494","1.3604e-05","0.003","A"
"4","Trait5","mrMLM","PstI.TP1187680","1","74780008","-5.9523e-06","0.0013","C"
"4","Trait5","mrMLM","PstI.TP1282620","1","74797102","-1.4809e-05","0.0032","A"
"4","Trait5","mrMLM","PstI.TP137469","1","74815207","-1.6235e-06","4e-04","A"
"4","Trait5","mrMLM","GFSSContig15931_175","1","74820300","-0.1056","1.4573","A"
"4","Trait5","mrMLM","NsiI.TP465791","1","74820948","-0.0185","0.1937","A"
"4","Trait5","mrMLM","PstI.TP1291324","1","74827939","3.044e-06","7e-04","C"
"4","Trait5","mrMLM","NsiI.TP77992","1","74837346","1.1691e-05","0.0026","C"
"4","Trait5","mrMLM","NsiI.TP781285","1","74837414","1.2782e-05","0.0028","C"
"4","Trait5","mrMLM","PstI.TP30857","1","74846682","0.0092","0.1596","A"
"4","Trait5","mrMLM","NsiI.TP635035","1","74846699","0.2385","1.5185","C"
"4","Trait5","mrMLM","PstI.TP13346","1","74849030","1.2988e-05","0.0028","A"
"4","Trait5","mrMLM","PstI.TP133988","1","74849338","-2.8296e-05","0.0062","A"
"4","Trait5","mrMLM","PstI.TP459113","1","74849398","7.8021e-06","0.0017","A"
"4","Trait5","mrMLM","PstI.TP180742","1","74850089","-3.0396e-07","6.6153e-05","A"
"4","Trait5","mrMLM","PstI.TP930223","1","74881486","0.0578","0.7685","G"
"4","Trait5","mrMLM","PstI.TP75596","1","74903267","1.1044e-05","0.0024","C"
"4","Trait5","mrMLM","PstI.TP304860","1","74969305","-0.407","1.5185","A"
"4","Trait5","mrMLM","NsiI.TP369014","1","74970143","8.1619e-06","0.0018","A"
"4","Trait5","mrMLM","PstI.TP174996","1","74974178","1.422e-05","0.0031","C"
"4","Trait5","mrMLM","NsiI.TP38202","1","74974320","-5.7583e-06","0.0013","A"
"4","Trait5","mrMLM","PstI.TP386089","1","74989741","-0.0313","0.2824","A"
"4","Trait5","mrMLM","NsiI.TP132498","1","74992153","-1.8503e-05","0.004","A"
"4","Trait5","mrMLM","NsiI.TP528055","1","74998042","6.6451e-06","0.0014","C"
"4","Trait5","mrMLM","PstI.TP320980","1","74998289","2.9145e-05","0.0064","C"
"4","Trait5","mrMLM","NsiI.TP108920","1","75045010","-6.0084e-06","0.0013","A"
"4","Trait5","mrMLM","PstI.TP373462","1","75068031","-0.011","0.2042","C"
"4","Trait5","mrMLM","PstI.TP418168","1","75078799","-1.0836e-05","0.0024","C"
"4","Trait5","mrMLM","NsiI.TP591143","1","75079868","-2.0059e-05","0.0044","C"
"4","Trait5","mrMLM","PstI.TP405184","1","75082559","-0.0167","0.1525","A"
"4","Trait5","mrMLM","PstI.TP867863","1","75084001","-0.0656","0.7309","C"
"4","Trait5","mrMLM","NsiI.TP352338","1","75094284","-1.4549e-05","0.0032","C"
"4","Trait5","mrMLM","NsiI.TP40810","1","75094392","2.1269e-06","5e-04","A"
"4","Trait5","mrMLM","PstI.TP113670","1","75122360","1.626e-05","0.0036","A"
"4","Trait5","mrMLM","NsiI.TP146007","1","75124467","8.7731e-06","0.0019","C"
"4","Trait5","mrMLM","NsiI.TP528837","1","75148612","2.1196e-05","0.0046","C"
"4","Trait5","mrMLM","PstI.TP710507","1","75154807","4.3352e-06","9e-04","C"
"4","Trait5","mrMLM","NsiI.TP368296","1","75154939","-1.7882e-05","0.0039","C"
"4","Trait5","mrMLM","NsiI.TP499245","1","75159916","8.8444e-07","2e-04","C"
"4","Trait5","mrMLM","NsiI.TP625136","1","75160822","-2.2447e-06","5e-04","A"
"4","Trait5","mrMLM","PstI.TP626222","1","75163481","-2.0185e-06","4e-04","A"
"4","Trait5","mrMLM","PstI.TP978043","1","75183592","8.7081e-06","0.0019","C"
"4","Trait5","mrMLM","PstI.TP1173107","1","75183658","3.5765e-07","7.7842e-05","C"
"4","Trait5","mrMLM","PstI.TP38227","1","75241998","-9.4437e-06","0.0021","A"
"4","Trait5","mrMLM","NsiI.TP78269","1","75282753","-1.7466e-05","0.0038","A"
"4","Trait5","mrMLM","NsiI.TP416550","1","75287127","3.509e-05","0.0077","C"
"4","Trait5","mrMLM","NsiI.TP418118","1","75287253","-4.0997e-06","9e-04","A"
"4","Trait5","mrMLM","PstI.TP124034","1","75313278","0.1522","0.8199","A"
"4","Trait5","mrMLM","PstI.TP241635","1","75313297","1.6706e-05","0.0037","A"
"4","Trait5","mrMLM","PstI.TP650884","1","75313903","8.8392e-06","0.0019","C"
"4","Trait5","mrMLM","NsiI.TP463976","1","75324039","-3.2374e-05","0.0071","C"
"4","Trait5","mrMLM","NsiI.TP629989","1","75324107","-2.1276e-06","5e-04","A"
"4","Trait5","mrMLM","PstI.TP451984","1","75334729","-2.4761e-06","5e-04","A"
"4","Trait5","mrMLM","NsiI.TP415654","1","75354964","0.1328","1.0608","A"
"4","Trait5","mrMLM","PstI.TP405299","1","75361286","-1.513e-05","0.0033","G"
"4","Trait5","mrMLM","NsiI.TP520447","1","75369197","-0.1258","0.8508","A"
"4","Trait5","mrMLM","NsiI.TP437356","1","75370023","-1.4458e-05","0.0032","A"
"4","Trait5","mrMLM","NsiI.TP641784","1","75379851","4.5607e-06","0.001","C"
"4","Trait5","mrMLM","NsiI.TP572807","1","75388349","2.3143e-05","0.0051","A"
"4","Trait5","mrMLM","NsiI.TP148803","1","75391839","-2.703e-05","0.0059","A"
"4","Trait5","mrMLM","PstI.TP606465","1","75416261","-2.5538e-05","0.0056","C"
"4","Trait5","mrMLM","NsiI.TP195403","1","75432709","-0.0245","0.3569","G"
"4","Trait5","mrMLM","PstI.TP336567","1","75434162","1.234e-05","0.0027","A"
"4","Trait5","mrMLM","NsiI.TP575406","1","75441102","0.0385","0.248","A"
"4","Trait5","mrMLM","NsiI.TP575405","1","75441125","-1.4596e-05","0.0032","C"
"4","Trait5","mrMLM","NsiI.TP387081","1","75463805","9.8799e-06","0.0022","C"
"4","Trait5","mrMLM","PstI.TP1004618","1","75467016","-1.7379e-05","0.0038","C"
"4","Trait5","mrMLM","PstI.TP860935","1","75475470","0.1084","1.7898","C"
"4","Trait5","mrMLM","PstI.TP116421","1","75487515","-0.0117","0.1447","A"
"4","Trait5","mrMLM","NsiI.TP421896","1","75490287","-0.0497","0.3123","A"
"4","Trait5","mrMLM","NsiI.TP621837","1","75531021","1.7995e-05","0.0039","A"
"4","Trait5","mrMLM","PstI.TP130057","1","75536936","3.2779e-06","7e-04","A"
"4","Trait5","mrMLM","PstI.TP705628","1","75537014","-0.0759","0.5983","C"
"4","Trait5","mrMLM","PstI.TP931247","1","75539044","7.3979e-06","0.0016","A"
"4","Trait5","mrMLM","PstI.TP263305","1","75579096","-8.6438e-07","2e-04","A"
"4","Trait5","mrMLM","PstI.TP1014264","1","75579176","0.0624","0.4395","C"
"4","Trait5","mrMLM","PstI.TP792380","1","75587459","-2.1587e-05","0.0047","A"
"4","Trait5","mrMLM","PstI.TP191410","1","75595577","-0.1957","1.0824","A"
"4","Trait5","mrMLM","NsiI.TP752080","1","75595902","-3.0932e-05","0.0068","A"
"4","Trait5","mrMLM","NsiI.TP454231","1","75616421","-1.9557e-05","0.0043","A"
"4","Trait5","mrMLM","NsiI.TP670301","1","75616619","0.0233","0.2769","C"
"4","Trait5","mrMLM","NsiI.TP670303","1","75616637","1.3147e-05","0.0029","G"
"4","Trait5","mrMLM","NsiI.TP426452","1","75617475","3.3425e-06","7e-04","C"
"4","Trait5","mrMLM","NsiI.TP74770","1","75620191","1.0082e-05","0.0022","A"
"4","Trait5","mrMLM","NsiI.TP625297","1","75638754","1.3618e-05","0.003","A"
"4","Trait5","mrMLM","PstI.TP1266924","1","75661597","-2.8796e-05","0.0063","A"
"4","Trait5","mrMLM","PstI.TP107268","1","75679602","3.7959e-07","8.2622e-05","C"
"4","Trait5","mrMLM","PstI.TP950922","1","75703487","-0.0318","0.4162","C"
"4","Trait5","mrMLM","PstI.TP1155269","1","75726570","5.8618e-06","0.0013","A"
"4","Trait5","mrMLM","PstI.TP697248","1","75745925","-0.0744","0.8828","A"
"4","Trait5","mrMLM","NsiI.TP506284","1","75748041","0.2126","3.5302","C"
"4","Trait5","mrMLM","PstI.TP1131100","1","75760470","1.2774e-05","0.0028","A"
"4","Trait5","mrMLM","PstI.TP998162","1","75764530","-4.5406e-06","0.001","A"
"4","Trait5","mrMLM","PstI.TP186953","1","75764897","-8.2215e-07","2e-04","A"
"4","Trait5","mrMLM","PstI.TP795152","1","75796894","1.0241e-06","2e-04","C"
"4","Trait5","mrMLM","PstI.TP1226590","1","75797707","-0.0199","0.1402","A"
"4","Trait5","mrMLM","NsiI.TP8476","1","75801815","-0.0615","0.7855","A"
"4","Trait5","mrMLM","NsiI.TP560501","1","75823861","0.1521","1.8726","A"
"4","Trait5","mrMLM","NsiI.TP560502","1","75823863","-0.0892","1.0337","A"
"4","Trait5","mrMLM","NsiI.TP506838","1","75823936","0.0234","0.2509","A"
"4","Trait5","mrMLM","NsiI.TP108819","1","75825158","3.4356e-05","0.0075","C"
"4","Trait5","mrMLM","PstI.TP1065133","1","75825553","1.1621e-05","0.0025","A"
"4","Trait5","mrMLM","PstI.TP36462","1","75827343","1.1077e-05","0.0024","A"
"4","Trait5","mrMLM","PstI.TP306856","1","75848833","-5.1391e-06","0.0011","A"
"4","Trait5","mrMLM","NsiI.TP575821","1","75862405","1.2154e-06","3e-04","G"
"4","Trait5","mrMLM","PstI.TP854771","1","75863530","-6.5537e-06","0.0014","A"
"4","Trait5","mrMLM","NsiI.TP424837","1","75863878","0.0314","0.4305","C"
"4","Trait5","mrMLM","PstI.TP761781","1","75871105","-0.2185","1.1775","G"
"4","Trait5","mrMLM","NsiI.TP446938","1","75897062","-3.0459e-05","0.0067","G"
"4","Trait5","mrMLM","NsiI.TP35373","1","75917930","-2.4232e-07","5.2736e-05","C"
"4","Trait5","mrMLM","PstI.TP243580","1","75922486","-3.1309e-05","0.0069","C"
"4","Trait5","mrMLM","PstI.TP1186136","1","75922898","-0.1196","0.5595","A"
"4","Trait5","mrMLM","NsiI.TP340348","1","75967143","0.005","0.0878","A"
"4","Trait5","mrMLM","PstI.TP149501","1","75982580","-0.07","0.6784","A"
"4","Trait5","mrMLM","PstI.TP455545","1","75986610","0.042","0.5222","A"
"4","Trait5","mrMLM","PstI.TP178749","1","75987001","0.0378","0.365","A"
"4","Trait5","mrMLM","PstI.TP786079","1","75991098","-0.0099","0.1414","C"
"4","Trait5","mrMLM","NsiI.TP522298","1","76000935","0.0852","0.3862","A"
"4","Trait5","mrMLM","NsiI.TP503926","1","76022515","-1.0619e-05","0.0023","C"
"4","Trait5","mrMLM","NsiI.TP716293","1","76063572","-2.207e-05","0.0048","A"
"4","Trait5","mrMLM","NsiI.TP716292","1","76063604","-1.5613e-05","0.0034","A"
"4","Trait5","mrMLM","NsiI.TP320748","1","76072042","1.4147e-05","0.0031","A"
"4","Trait5","mrMLM","NsiI.TP827059","1","76090300","-0.1191","0.9776","G"
"4","Trait5","mrMLM","GFSSContig19736_4089","1","76098390","-2.9225e-05","0.0064","A"
"4","Trait5","mrMLM","NsiI.TP352765","1","76099839","6.6774e-06","0.0015","A"
"4","Trait5","mrMLM","PstI.TP744556","1","76101544","-1.5419e-05","0.0034","A"
"4","Trait5","mrMLM","PstI.TP357677","1","76102511","-1.8983e-05","0.0042","A"
"4","Trait5","mrMLM","PstI.TP747261","1","76107837","-0.0143","0.1097","G"
"4","Trait5","mrMLM","PstI.TP628316","1","76113889","6.8555e-06","0.0015","C"
"4","Trait5","mrMLM","PstI.TP373008","1","76115111","-5.6484e-06","0.0012","A"
"4","Trait5","mrMLM","PstI.TP951802","1","76115163","-1.4582e-05","0.0032","C"
"4","Trait5","mrMLM","PstI.TP1117811","1","76155423","1.0343e-05","0.0023","C"
"4","Trait5","mrMLM","NsiI.TP422447","1","76155603","1.7558e-05","0.0038","A"
"4","Trait5","mrMLM","PstI.TP24084","1","76155984","3.3454e-06","7e-04","C"
"4","Trait5","mrMLM","NsiI.TP203794","1","76165231","-0.0492","0.5989","A"
"4","Trait5","mrMLM","NsiI.TP203790","1","76165257","-1.3197e-05","0.0029","A"
"4","Trait5","mrMLM","PstI.TP551527","1","76166616","-1.782e-06","4e-04","A"
"4","Trait5","mrMLM","PstI.TP742499","1","76179984","8.1043e-06","0.0018","C"
"4","Trait5","mrMLM","PstI.TP1263200","1","76180497","-2.4455e-05","0.0054","A"
"4","Trait5","mrMLM","NsiI.TP832364","1","76203935","-0.2152","2.0961","G"
"4","Trait5","mrMLM","PstI.TP1284754","1","76220168","3.694e-05","0.0081","C"
"4","Trait5","mrMLM","PstI.TP37460","1","76253040","0.0023","0.0395","G"
"4","Trait5","mrMLM","PstI.TP314244","1","76274649","1.3345e-05","0.0029","C"
"4","Trait5","mrMLM","GFk45ctg313733_129","1","76275239","-1.7544e-05","0.0038","A"
"4","Trait5","mrMLM","PstI.TP109458","1","76286790","2.549e-05","0.0056","C"
"4","Trait5","mrMLM","NsiI.TP511244","1","76291569","0.1055","0.8705","A"
"4","Trait5","mrMLM","NsiI.TP376365","1","76342208","-0.0637","0.7881","A"
"4","Trait5","mrMLM","NsiI.TP520952","1","76349249","6.2025e-06","0.0014","C"
"4","Trait5","mrMLM","PstI.TP1246078","1","76351578","-4.4829e-06","0.001","A"
"4","Trait5","mrMLM","PstI.TP197970","1","76351944","1.7541e-05","0.0038","A"
"4","Trait5","mrMLM","NsiI.TP499934","1","76362422","-0.0684","0.6115","G"
"4","Trait5","mrMLM","NsiI.TP499936","1","76362441","3.1419e-06","7e-04","C"
"4","Trait5","mrMLM","PstI.TP1071288","1","76388738","6.5234e-06","0.0014","C"
"4","Trait5","mrMLM","NsiI.TP404457","1","76403176","-8.7637e-06","0.0019","A"
"4","Trait5","mrMLM","PstI.TP297686","1","76403396","2.1182e-05","0.0046","C"
"4","Trait5","mrMLM","PstI.TP297682","1","76403420","-1.5474e-05","0.0034","C"
"4","Trait5","mrMLM","NsiI.TP439820","1","76415349","4.2284e-06","9e-04","C"
"4","Trait5","mrMLM","NsiI.TP528762","1","76435180","0.1269","0.5916","A"
"4","Trait5","mrMLM","NsiI.TP528742","1","76444423","0.0174","0.2776","A"
"4","Trait5","mrMLM","NsiI.TP528766","1","76444433","-0.298","2.024","C"
"4","Trait5","mrMLM","NsiI.TP328643","1","76478049","-0.0111","0.1413","C"
"4","Trait5","mrMLM","PstI.TP258997","1","76479804","1.605e-05","0.0035","A"
"4","Trait5","mrMLM","PstI.TP120913","1","76485023","-9.8185e-07","2e-04","A"
"4","Trait5","mrMLM","NsiI.TP420692","1","76527293","-9.5744e-06","0.0021","C"
"4","Trait5","mrMLM","NsiI.TP627670","1","76554738","-2.3904e-05","0.0052","A"
"4","Trait5","mrMLM","NsiI.TP488689","1","76564800","1.8487e-05","0.004","C"
"4","Trait5","mrMLM","PstI.TP413420","1","76642889","0.1775","1.4345","G"
"4","Trait5","mrMLM","PstI.TP910778","1","76643935","2.7827e-05","0.0061","A"
"4","Trait5","mrMLM","NsiI.TP258256","1","76660578","0.0283","0.3498","C"
"4","Trait5","mrMLM","NsiI.TP258257","1","76660602","-4.6873e-06","0.001","A"
"4","Trait5","mrMLM","NsiI.TP456169","1","76660988","1.1266e-05","0.0025","A"
"4","Trait5","mrMLM","PstI.TP87222","1","76670261","2.5828e-05","0.0057","C"
"4","Trait5","mrMLM","NsiI.TP332684","1","76671524","-0.0349","0.4517","A"
"4","Trait5","mrMLM","NsiI.TP237909","1","76673586","-8.2126e-07","2e-04","C"
"4","Trait5","mrMLM","PstI.TP104467","1","76678896","0.3291","1.5846","G"
"4","Trait5","mrMLM","NsiI.TP616725","1","76679493","-0.1064","0.8051","C"
"4","Trait5","mrMLM","NsiI.TP385607","1","76681155","-1.1352e-05","0.0025","A"
"4","Trait5","mrMLM","NsiI.TP798690","1","76683673","0.1326","0.7384","C"
"4","Trait5","mrMLM","NsiI.TP664435","1","76700674","2.2729e-06","5e-04","C"
"4","Trait5","mrMLM","NsiI.TP56048","1","76704148","-3.5672e-05","0.0078","A"
"4","Trait5","mrMLM","PstI.TP324439","1","76705670","1.5596e-05","0.0034","A"
"4","Trait5","mrMLM","PstI.TP143900","1","76721157","-0.0379","0.366","C"
"4","Trait5","mrMLM","NsiI.TP29120","1","76725881","3.9376e-06","9e-04","G"
"4","Trait5","mrMLM","NsiI.TP796587","1","76740694","2.0317e-05","0.0044","C"
"4","Trait5","mrMLM","NsiI.TP195045","1","76748463","0.0357","0.2943","C"
"4","Trait5","mrMLM","NsiI.TP221908","1","76748469","3.0474e-05","0.0067","C"
"4","Trait5","mrMLM","PstI.TP32939","1","76748752","-7.8136e-06","0.0017","A"
"4","Trait5","mrMLM","PstI.TP308534","1","76810876","-2.1184e-05","0.0046","A"
"4","Trait5","mrMLM","PstI.TP52592","1","76810927","2.113e-05","0.0046","A"
"4","Trait5","mrMLM","PstI.TP111007","1","76814269","9.1537e-06","0.002","A"
"4","Trait5","mrMLM","PstI.TP1042097","1","76818158","-0.0483","0.4617","G"
"4","Trait5","mrMLM","PstI.TP1063207","1","76849979","0.0293","0.2654","A"
"4","Trait5","mrMLM","NsiI.TP443683","1","76864567","-5.1616e-06","0.0011","A"
"4","Trait5","mrMLM","NsiI.TP386876","1","76865112","-0.0192","0.2433","A"
"4","Trait5","mrMLM","PstI.TP836894","1","76867148","1.5977e-05","0.0035","C"
"4","Trait5","mrMLM","NsiI.TP457548","1","76928921","-2.0768e-06","5e-04","C"
"4","Trait5","mrMLM","NsiI.TP158087","1","76933848","-0.1085","1.286","C"
"4","Trait5","mrMLM","PstI.TP638883","1","76935542","2.9865e-07","6.4998e-05","C"
"4","Trait5","mrMLM","PstI.TP113137","1","76935640","1.7239e-05","0.0038","C"
"4","Trait5","mrMLM","NsiI.TP457459","1","76936701","-0.0392","0.1927","C"
"4","Trait5","mrMLM","NsiI.TP612350","1","76936701","-1.2662e-05","0.0028","G"
"4","Trait5","mrMLM","NsiI.TP204672","1","76937185","0.1767","1.2287","C"
"4","Trait5","mrMLM","NsiI.TP674441","1","76937584","0.2681","1.237","A"
"4","Trait5","mrMLM","NsiI.TP56323","1","76939788","-0.1959","1.1054","C"
"4","Trait5","mrMLM","NsiI.TP631040","1","76939823","6.5669e-06","0.0014","G"
"4","Trait5","mrMLM","NsiI.TP738506","1","76983201","0.1776","0.6781","C"
"4","Trait5","mrMLM","PstI.TP214169","1","76984999","-3.1476e-05","0.0069","C"
"4","Trait5","mrMLM","NsiI.TP494537","1","76989799","-2.13e-06","5e-04","C"
"4","Trait5","mrMLM","PstI.TP111209","1","76999156","0.0802","0.649","A"
"4","Trait5","mrMLM","NsiI.TP577292","1","77013324","1.4251e-06","3e-04","A"
"4","Trait5","mrMLM","PstI.TP1166641","1","77042877","-0.2325","1.8348","A"
"4","Trait5","mrMLM","NsiI.TP742840","1","77051091","7.2269e-06","0.0016","G"
"4","Trait5","mrMLM","PstI.TP503339","1","77063375","1.2197e-05","0.0027","A"
"4","Trait5","mrMLM","NsiI.TP521277","1","77064058","1.1253e-06","2e-04","C"
"4","Trait5","mrMLM","PstI.TP864305","1","77077806","-4.8808e-06","0.0011","A"
"4","Trait5","mrMLM","PstI.TP80405","1","77077924","-3.2974e-05","0.0072","G"
"4","Trait5","mrMLM","PstI.TP737507","1","77078825","2.0269e-06","4e-04","A"
"4","Trait5","mrMLM","PstI.TP986105","1","77094369","-1.2304e-05","0.0027","A"
"4","Trait5","mrMLM","NsiI.TP680028","1","77098509","-9.9983e-06","0.0022","A"
"4","Trait5","mrMLM","PstI.TP911508","1","77105026","-2.0589e-05","0.0045","C"
"4","Trait5","mrMLM","NsiI.TP621083","1","77106321","-0.142","0.891","A"
"4","Trait5","mrMLM","NsiI.TP129502","1","77111324","-2.3581e-06","5e-04","A"
"4","Trait5","mrMLM","PstI.TP655019","1","77130678","-2.6035e-05","0.0057","C"
"4","Trait5","mrMLM","NsiI.TP726823","1","77132874","-9.2545e-06","0.002","C"
"4","Trait5","mrMLM","GFSSContig18881_588","1","77133165","3.3228e-05","0.0073","A"
"4","Trait5","mrMLM","NsiI.TP825202","1","77140704","0.0425","0.3019","C"
"4","Trait5","mrMLM","NsiI.TP41096","1","77143550","1.1642e-05","0.0025","A"
"4","Trait5","mrMLM","PstI.TP523598","1","77160468","-0.0367","0.2798","C"
"4","Trait5","mrMLM","PstI.TP1108372","1","77160525","-3.5136e-05","0.0077","C"
"4","Trait5","mrMLM","NsiI.TP475857","1","77164996","4.9771e-06","0.0011","A"
"4","Trait5","mrMLM","NsiI.TP475855","1","77165023","0.1162","0.5636","A"
"4","Trait5","mrMLM","PstI.TP739808","1","77165647","-2.8442e-06","6e-04","A"
"4","Trait5","mrMLM","PstI.TP543309","1","77166071","-9.9192e-06","0.0022","A"
"4","Trait5","mrMLM","NsiI.TP559086","1","77166683","-1.9827e-05","0.0043","G"
"4","Trait5","mrMLM","NsiI.TP696475","1","77183589","-1.5798e-05","0.0035","A"
"4","Trait5","mrMLM","PstI.TP221089","1","77184045","1.8177e-05","0.004","A"
"4","Trait5","mrMLM","PstI.TP858544","1","77208007","0.2099","0.9286","C"
"4","Trait5","mrMLM","PstI.TP1151255","1","77213117","0.1352","0.6462","A"
"4","Trait5","mrMLM","NsiI.TP501566","1","77214818","-1.4068e-05","0.0031","A"
"4","Trait5","mrMLM","NsiI.TP501565","1","77214831","0.093","0.7956","C"
"4","Trait5","mrMLM","PstI.TP815825","1","77215495","-4.7706e-06","0.001","A"
"4","Trait5","mrMLM","PstI.TP360170","1","77217924","0.2065","1.093","C"
"4","Trait5","mrMLM","PstI.TP226753","1","77218429","0.0256","0.2408","A"
"4","Trait5","mrMLM","PstI.TP189885","1","77223222","1.2559e-05","0.0027","G"
"4","Trait5","mrMLM","PstI.TP937800","1","77225298","0.056","0.5376","A"
"4","Trait5","mrMLM","PstI.TP833275","1","77225365","-1.4028e-05","0.0031","C"
"4","Trait5","mrMLM","NsiI.TP285396","1","77225474","-2.9909e-06","7e-04","A"
"4","Trait5","mrMLM","NsiI.TP550018","1","77225808","0.0629","0.6084","C"
"4","Trait5","mrMLM","PstI.TP7045","1","77244483","0.0492","0.4634","A"
"4","Trait5","mrMLM","PstI.TP375640","1","77251518","1.4381e-05","0.0031","A"
"4","Trait5","mrMLM","NsiI.TP323206","1","77278386","3.0866e-05","0.0068","C"
"4","Trait5","mrMLM","NsiI.TP277004","1","77284693","-9.4373e-06","0.0021","A"
"4","Trait5","mrMLM","NsiI.TP132718","1","77289381","-1.7325e-05","0.0038","G"
"4","Trait5","mrMLM","NsiI.TP73627","1","77311293","0.0738","0.6053","A"
"4","Trait5","mrMLM","GFSSContig17989_352","1","77311515","1.0287e-06","2e-04","A"
"4","Trait5","mrMLM","PstI.TP101269","1","77318955","-0.0287","0.194","A"
"4","Trait5","mrMLM","NsiI.TP434746","1","77326949","-2.5065e-05","0.0055","C"
"4","Trait5","mrMLM","PstI.TP1124337","1","77338610","-1.9624e-05","0.0043","C"
"4","Trait5","mrMLM","PstI.TP387304","1","77345403","-1.2333e-05","0.0027","C"
"4","Trait5","mrMLM","PstI.TP641814","1","77353564","-3.3133e-06","7e-04","A"
"4","Trait5","mrMLM","PstI.TP1013416","1","77366262","4.79e-06","0.001","G"
"4","Trait5","mrMLM","PstI.TP282710","1","77386644","-0.1997","1.1974","G"
"4","Trait5","mrMLM","PstI.TP315020","1","77386737","-5.3877e-06","0.0012","A"
"4","Trait5","mrMLM","PstI.TP89031","1","77412737","1.0456e-05","0.0023","G"
"4","Trait5","mrMLM","PstI.TP698125","1","77425641","-1.5347e-05","0.0034","A"
"4","Trait5","mrMLM","NsiI.TP621997","1","77441060","6.6583e-07","1e-04","A"
"4","Trait5","mrMLM","NsiI.TP66208","1","77488848","-2.7303e-05","0.006","C"
"4","Trait5","mrMLM","NsiI.TP549768","1","77494082","-0.0262","0.3525","C"
"4","Trait5","mrMLM","NsiI.TP474215","1","77512901","-1.9103e-05","0.0042","A"
"4","Trait5","mrMLM","NsiI.TP753450","1","77514681","-2.1798e-05","0.0048","A"
"4","Trait5","mrMLM","GFSSContig4708_491","1","77516952","0.1216","0.7181","C"
"4","Trait5","mrMLM","PstI.TP1263658","1","77519864","0.0206","0.2901","A"
"4","Trait5","mrMLM","NsiI.TP270372","1","77559480","-0.0314","0.3928","C"
"4","Trait5","mrMLM","PstI.TP14292","1","77560987","0.1987","1.4224","C"
"4","Trait5","mrMLM","NsiI.TP354390","1","77569036","-8.8781e-06","0.0019","C"
"4","Trait5","mrMLM","NsiI.TP761081","1","77596442","-9.4796e-06","0.0021","C"
"4","Trait5","mrMLM","NsiI.TP574233","1","77601585","-7.6573e-06","0.0017","C"
"4","Trait5","mrMLM","PstI.TP843008","1","77620090","3.0867e-05","0.0068","C"
"4","Trait5","mrMLM","PstI.TP470727","1","77637271","0.0881","1.0326","C"
"4","Trait5","mrMLM","NsiI.TP495134","1","77638188","-0.0013","0.0312","C"
"4","Trait5","mrMLM","NsiI.TP495133","1","77638200","-0.0177","0.1682","C"
"4","Trait5","mrMLM","NsiI.TP206581","1","77638270","0.0136","0.151","A"
"4","Trait5","mrMLM","NsiI.TP405417","1","77640407","-9.5336e-06","0.0021","C"
"4","Trait5","mrMLM","PstI.TP821655","1","77641643","-6.3262e-06","0.0014","C"
"4","Trait5","mrMLM","NsiI.TP662828","1","77642013","0.0121","0.1811","A"
"4","Trait5","mrMLM","PstI.TP553319","1","77643893","-9.3901e-07","2e-04","C"
"4","Trait5","mrMLM","PstI.TP1047055","1","77645405","-3.4849e-05","0.0077","G"
"4","Trait5","mrMLM","NsiI.TP552958","1","77651922","3.6385e-05","0.008","C"
"4","Trait5","mrMLM","PstI.TP482591","1","77666836","-1.6094e-05","0.0035","C"
"4","Trait5","mrMLM","PstI.TP773989","1","77725400","-1.2128e-05","0.0026","A"
"4","Trait5","mrMLM","PstI.TP1184423","1","77735174","0.1311","1.3431","A"
"4","Trait5","mrMLM","PstI.TP918165","1","77765111","-7.2924e-06","0.0016","A"
"4","Trait5","mrMLM","PstI.TP411298","1","77771698","-0.1129","0.6591","G"
"4","Trait5","mrMLM","PstI.TP378981","1","77781742","0.2972","2.208","C"
"4","Trait5","mrMLM","PstI.TP414687","1","77796873","0.0079","0.1545","A"
"4","Trait5","mrMLM","NsiI.TP307083","1","77812711","1.0592e-05","0.0023","C"
"4","Trait5","mrMLM","PstI.TP954227","1","77821138","2.4606e-05","0.0054","C"
"4","Trait5","mrMLM","PstI.TP1177236","1","77829112","2.2319e-06","5e-04","A"
"4","Trait5","mrMLM","PstI.TP952321","1","77832524","3.4783e-05","0.0076","A"
"4","Trait5","mrMLM","PstI.TP485326","1","77836863","9.1484e-06","0.002","A"
"4","Trait5","mrMLM","NsiI.TP218211","1","77848816","0.2134","0.6778","A"
"4","Trait5","mrMLM","PstI.TP381498","1","77850894","7.513e-06","0.0016","A"
"4","Trait5","mrMLM","NsiI.TP626984","1","77862304","-4.1981e-05","0.0092","C"
"4","Trait5","mrMLM","NsiI.TP549839","1","77866184","-0.1818","0.9628","A"
"4","Trait5","mrMLM","PstI.TP425825","1","77868398","0.0445","0.3359","A"
"4","Trait5","mrMLM","NsiI.TP570268","1","77869363","-6.7341e-06","0.0015","G"
"4","Trait5","mrMLM","NsiI.TP401941","1","77869366","-2.9593e-05","0.0065","A"
"4","Trait5","mrMLM","NsiI.TP401943","1","77869379","1.618e-05","0.0035","C"
"4","Trait5","mrMLM","NsiI.TP38070","1","77875322","-2.1039e-05","0.0046","A"
"4","Trait5","mrMLM","PstI.TP665919","1","77878301","-0.04","0.2146","A"
"4","Trait5","mrMLM","PstI.TP139187","1","77886529","4.6394e-06","0.001","C"
"4","Trait5","mrMLM","PstI.TP682618","1","77950613","3.2373e-05","0.0071","G"
"4","Trait5","mrMLM","NsiI.TP193091","1","77956626","2.7273e-05","0.006","A"
"4","Trait5","mrMLM","PstI.TP550591","1","77970267","-1.624e-05","0.0035","A"
"4","Trait5","mrMLM","PstI.TP546071","1","77974534","1.5629e-05","0.0034","A"
"4","Trait5","mrMLM","PstI.TP544254","1","77974580","-1.0428e-05","0.0023","A"
"4","Trait5","mrMLM","NsiI.TP116346","1","77978669","-2.8526e-05","0.0063","A"
"4","Trait5","mrMLM","PstI.TP1172052","1","77997430","-5.3168e-06","0.0012","C"
"4","Trait5","mrMLM","PstI.TP187975","1","78022358","0.1755","0.9415","C"
"4","Trait5","mrMLM","NsiI.TP120099","1","78025387","-6.2574e-06","0.0014","A"
"4","Trait5","mrMLM","NsiI.TP177029","1","78026896","0.0043","0.0854","A"
"4","Trait5","mrMLM","NsiI.TP800048","1","78038376","0.2286","1.3693","A"
"4","Trait5","mrMLM","NsiI.TP503757","1","78066361","-2.2227e-05","0.0049","C"
"4","Trait5","mrMLM","PstI.TP478966","1","78077218","-4.3246e-07","9.4125e-05","C"
"4","Trait5","mrMLM","NsiI.TP258948","1","78088375","-3.327e-06","7e-04","G"
"4","Trait5","mrMLM","PstI.TP71986","1","78100718","-0.0652","0.6812","A"
"4","Trait5","mrMLM","NsiI.TP379742","1","78106787","-2.6785e-05","0.0059","A"
"4","Trait5","mrMLM","PstI.TP942411","1","78121527","2.0275e-06","4e-04","C"
"4","Trait5","mrMLM","NsiI.TP505777","1","78121589","0.1115","0.5199","A"
"4","Trait5","mrMLM","PstI.TP726643","1","78132042","-4.5923e-05","0.0101","A"
"4","Trait5","mrMLM","PstI.TP197596","1","78145007","-5.4196e-06","0.0012","A"
"4","Trait5","mrMLM","NsiI.TP444533","1","78145150","-2.2247e-06","5e-04","A"
"4","Trait5","mrMLM","NsiI.TP69948","1","78146694","5.2542e-07","1e-04","C"
"4","Trait5","mrMLM","NsiI.TP590554","1","78156460","-2.0543e-06","4e-04","A"
"4","Trait5","mrMLM","PstI.TP130255","1","78156903","-1.9038e-05","0.0042","G"
"4","Trait5","mrMLM","PstI.TP831412","1","78156959","1.8989e-06","4e-04","A"
"4","Trait5","mrMLM","PstI.TP537292","1","78162057","-0.0317","0.4113","C"
"4","Trait5","mrMLM","PstI.TP459121","1","78162835","-0.3242","2.5272","C"
"4","Trait5","mrMLM","PstI.TP128144","1","78163072","7.342e-06","0.0016","C"
"4","Trait5","mrMLM","NsiI.TP566572","1","78181125","0.0631","0.561","C"
"4","Trait5","mrMLM","PstI.TP652837","1","78182401","-1.8588e-05","0.0041","C"
"4","Trait5","mrMLM","NsiI.TP196580","1","78183822","8.1769e-06","0.0018","C"
"4","Trait5","mrMLM","PstI.TP588109","1","78200524","-0.0067","0.1278","C"
"4","Trait5","mrMLM","PstI.TP946695","1","78239497","3.4981e-06","8e-04","A"
"4","Trait5","mrMLM","PstI.TP469636","1","78240594","8.3355e-06","0.0018","C"
"4","Trait5","mrMLM","PstI.TP168334","1","78240700","-1.1744e-05","0.0026","A"
"4","Trait5","mrMLM","PstI.TP1144768","1","78240904","-1.4283e-05","0.0031","A"
"4","Trait5","mrMLM","NsiI.TP623210","1","78255114","-1.0134e-05","0.0022","A"
"4","Trait5","mrMLM","NsiI.TP592449","1","78263344","-1.5289e-05","0.0033","A"
"4","Trait5","mrMLM","PstI.TP779651","1","78264274","7.8851e-06","0.0017","C"
"4","Trait5","mrMLM","NsiI.TP725109","1","78285548","1.8063e-05","0.0039","C"
"4","Trait5","mrMLM","NsiI.TP725115","1","78285558","-7.0208e-06","0.0015","A"
"4","Trait5","mrMLM","NsiI.TP450689","1","78324443","-1.8302e-05","0.004","C"
"4","Trait5","mrMLM","NsiI.TP52111","1","78326702","-0.0938","0.4958","C"
"4","Trait5","mrMLM","PstI.TP966300","1","78332944","-1.7168e-05","0.0038","A"
"4","Trait5","mrMLM","PstI.TP1027179","1","78340749","4.151e-06","9e-04","A"
"4","Trait5","mrMLM","NsiI.TP217249","1","78346901","-1.4039e-05","0.0031","C"
"4","Trait5","mrMLM","PstI.TP1166693","1","78346994","0.1106","1.247","A"
"4","Trait5","mrMLM","PstI.TP1198075","1","78377478","-7.2173e-06","0.0016","C"
"4","Trait5","mrMLM","PstI.TP1198077","1","78377504","-3.2096e-06","7e-04","A"
"4","Trait5","mrMLM","PstI.TP79407","1","78385917","1.6025e-05","0.0035","C"
"4","Trait5","mrMLM","NsiI.TP423755","1","78386749","2.3729e-06","5e-04","G"
"4","Trait5","mrMLM","PstI.TP217199","1","78396312","-0.0521","0.3631","A"
"4","Trait5","mrMLM","PstI.TP128807","1","78396392","-0.0553","0.6968","C"
"4","Trait5","mrMLM","PstI.TP445406","1","78397054","0.0494","0.5362","A"
"4","Trait5","mrMLM","PstI.TP942471","1","78400363","2.518e-05","0.0055","G"
"4","Trait5","mrMLM","PstI.TP215406","1","78409580","-1.4667e-05","0.0032","C"
"4","Trait5","mrMLM","NsiI.TP720755","1","78419419","1.2909e-05","0.0028","C"
"4","Trait5","mrMLM","NsiI.TP750745","1","78419426","9.8102e-07","2e-04","C"
"4","Trait5","mrMLM","PstI.TP1237450","1","78424713","-0.0045","0.0779","A"
"4","Trait5","mrMLM","PstI.TP387423","1","78425327","-0.0929","1.0567","C"
"4","Trait5","mrMLM","PstI.TP1120122","1","78429408","1.3289e-05","0.0029","A"
"4","Trait5","mrMLM","NsiI.TP617537","1","78452651","-0.0321","0.2964","C"
"4","Trait5","mrMLM","NsiI.TP567207","1","78452804","2.383e-06","5e-04","A"
"4","Trait5","mrMLM","PstI.TP674153","1","78459110","9.5565e-06","0.0021","G"
"4","Trait5","mrMLM","PstI.TP294664","1","78489046","4.668e-06","0.001","G"
"4","Trait5","mrMLM","PstI.TP1221179","1","78509132","1.2149e-05","0.0027","C"
"4","Trait5","mrMLM","NsiI.TP429188","1","78510261","-0.1296","0.6853","C"
"4","Trait5","mrMLM","NsiI.TP421785","1","78510321","0.14","0.9069","A"
"4","Trait5","mrMLM","PstI.TP79947","1","78516625","-0.4343","1.7929","C"
"4","Trait5","mrMLM","PstI.TP6273","1","78517337","-3.1842e-06","7e-04","C"
"4","Trait5","mrMLM","PstI.TP1084987","1","78521283","-3.2502e-06","7e-04","A"
"4","Trait5","mrMLM","NsiI.TP813731","1","78532783","1.2028e-06","3e-04","A"
"4","Trait5","mrMLM","NsiI.TP520618","1","78533009","-7.9517e-07","2e-04","C"
"4","Trait5","mrMLM","NsiI.TP423790","1","78556598","0.0939","0.3731","A"
"4","Trait5","mrMLM","PstI.TP856768","1","78557039","0.0335","0.3978","C"
"4","Trait5","mrMLM","NsiI.TP628522","1","78557741","-0.0402","0.2895","G"
"4","Trait5","mrMLM","NsiI.TP645019","1","78560876","-6.3724e-06","0.0014","C"
"4","Trait5","mrMLM","PstI.TP803259","1","78564283","1.4839e-07","3.2294e-05","C"
"4","Trait5","mrMLM","PstI.TP837802","1","78565577","1.0062e-05","0.0022","A"
"4","Trait5","mrMLM","PstI.TP835300","1","78565589","-7.0903e-07","2e-04","A"
"4","Trait5","mrMLM","PstI.TP639503","1","78579633","0.2592","0.9407","A"
"4","Trait5","mrMLM","NsiI.TP72985","1","78580487","-1.9115e-05","0.0042","A"
"4","Trait5","mrMLM","NsiI.TP669717","1","78593679","-0.1401","1.4367","A"
"4","Trait5","mrMLM","NsiI.TP669716","1","78593714","-2.0679e-05","0.0045","G"
"4","Trait5","mrMLM","NsiI.TP811453","1","78599597","-1.9979e-05","0.0044","A"
"4","Trait5","mrMLM","GFSSContig11183_265","1","78604057","-0.0297","0.2455","T"
"4","Trait5","mrMLM","NsiI.TP521511","1","78620772","-0.007","0.1278","A"
"4","Trait5","mrMLM","NsiI.TP257162","1","78648219","-1.3491e-05","0.0029","A"
"4","Trait5","mrMLM","PstI.TP525604","1","78648237","-3.2022e-05","0.007","G"
"4","Trait5","mrMLM","NsiI.TP259955","1","78724090","-1.9128e-05","0.0042","A"
"4","Trait5","mrMLM","PstI.TP151617","1","78724834","-2.0715e-05","0.0045","A"
"4","Trait5","mrMLM","NsiI.TP162258","1","78726606","-8.0386e-06","0.0018","A"
"4","Trait5","mrMLM","PstI.TP239867","1","78726610","-0.1835","0.8305","A"
"4","Trait5","mrMLM","PstI.TP96766","1","78742126","5.4963e-06","0.0012","A"
"4","Trait5","mrMLM","PstI.TP833273","1","78742149","7.8213e-06","0.0017","G"
"4","Trait5","mrMLM","PstI.TP185565","1","78747471","0.0741","0.4483","A"
"4","Trait5","mrMLM","PstI.TP31197","1","78757795","1.3197e-05","0.0029","C"
"4","Trait5","mrMLM","NsiI.TP450106","1","78775645","-2.0659e-05","0.0045","C"
"4","Trait5","mrMLM","NsiI.TP679895","1","78780694","0.0142","0.1985","G"
"4","Trait5","mrMLM","PstI.TP254193","1","78784358","-0.0464","0.322","A"
"4","Trait5","mrMLM","PstI.TP1072616","1","78788131","-1.8204e-05","0.004","C"
"4","Trait5","mrMLM","NsiI.TP746656","1","78795371","-2.4605e-05","0.0054","A"
"4","Trait5","mrMLM","NsiI.TP431330","1","78798313","-0.1174","0.6266","C"
"4","Trait5","mrMLM","PstI.TP860304","1","78798493","-0.0303","0.2415","A"
"4","Trait5","mrMLM","PstI.TP1252401","1","78811645","3.6658e-06","8e-04","G"
"4","Trait5","mrMLM","PstI.TP4803","1","78818384","-0.0241","0.1333","A"
"4","Trait5","mrMLM","PstI.TP463183","1","78828774","-0.0376","0.4392","G"
"4","Trait5","mrMLM","PstI.TP42896","1","78847640","-6.1906e-06","0.0013","A"
"4","Trait5","mrMLM","NsiI.TP820834","1","78863601","0.0472","0.5684","C"
"4","Trait5","mrMLM","NsiI.TP216578","1","78866090","3.3734e-05","0.0074","A"
"4","Trait5","mrMLM","PstI.TP1169781","1","78869856","2.8198e-05","0.0062","A"
"4","Trait5","mrMLM","PstI.TP76676","1","78875616","-1.0188e-05","0.0022","A"
"4","Trait5","mrMLM","PstI.TP1066379","1","78899176","4.1908e-05","0.0092","C"
"4","Trait5","mrMLM","NsiI.TP387064","1","78909565","-4.5896e-06","0.001","A"
"4","Trait5","mrMLM","NsiI.TP387106","1","78909568","-2.1088e-06","5e-04","A"
"4","Trait5","mrMLM","PstI.TP1195389","1","78926999","-6.1749e-06","0.0013","A"
"4","Trait5","mrMLM","PstI.TP1195390","1","78927004","-7.1805e-06","0.0016","C"
"4","Trait5","mrMLM","PstI.TP512519","1","78935006","0.0683","0.7463","C"
"4","Trait5","mrMLM","NsiI.TP743320","1","78939784","1.2544e-05","0.0027","A"
"4","Trait5","mrMLM","PstI.TP353803","1","78947488","0.1051","1.2582","C"
"4","Trait5","mrMLM","PstI.TP1276462","1","78952828","-1.5715e-05","0.0034","C"
"4","Trait5","mrMLM","PstI.TP803367","1","78963580","0.086","1.1241","C"
"4","Trait5","mrMLM","PstI.TP856970","1","78963659","-2.2637e-05","0.005","A"
"4","Trait5","mrMLM","PstI.TP1287058","1","78969745","0.1126","0.6487","A"
"4","Trait5","mrMLM","NsiI.TP630710","1","78991711","3.5397e-06","8e-04","C"
"4","Trait5","mrMLM","PstI.TP708980","1","78991790","0.0357","0.4248","C"
"4","Trait5","mrMLM","PstI.TP593279","1","78992355","1.1109e-05","0.0024","G"
"4","Trait5","mrMLM","NsiI.TP623899","1","79001152","3.8063e-05","0.0084","A"
"4","Trait5","mrMLM","PstI.TP819011","1","79004677","-1.0888e-05","0.0024","C"
"4","Trait5","mrMLM","NsiI.TP573897","1","79004865","2.7824e-05","0.0061","C"
"4","Trait5","mrMLM","PstI.TP539520","1","79006048","-0.1009","0.8786","A"
"4","Trait5","mrMLM","PstI.TP203485","1","79007913","-2.0746e-05","0.0045","C"
"4","Trait5","mrMLM","NsiI.TP25851","1","79021936","-0.0581","0.5207","A"
"4","Trait5","mrMLM","PstI.TP854386","1","79027395","1.1921e-05","0.0026","A"
"4","Trait5","mrMLM","PstI.TP987275","1","79035482","2.8987e-07","6.3089e-05","C"
"4","Trait5","mrMLM","PstI.TP1711","1","79037363","8.536e-06","0.0019","C"
"4","Trait5","mrMLM","NsiI.TP813592","1","79047838","0.0188","0.135","C"
"4","Trait5","mrMLM","PstI.TP970238","1","79048400","1.4024e-05","0.0031","C"
"4","Trait5","mrMLM","NsiI.TP492704","1","79052861","-1.4861e-05","0.0032","C"
"4","Trait5","mrMLM","NsiI.TP201472","1","79103427","3.631e-06","8e-04","C"
"4","Trait5","mrMLM","PstI.TP1013643","1","79126920","-0.113","0.6505","C"
"4","Trait5","mrMLM","PstI.TP315114","1","79156064","1.4826e-05","0.0032","A"
"4","Trait5","mrMLM","PstI.TP1084534","1","79162898","-2.1345e-05","0.0047","A"
"4","Trait5","mrMLM","PstI.TP434977","1","79165905","-2.7127e-05","0.0059","C"
"4","Trait5","mrMLM","PstI.TP6990","1","79172378","-8.3973e-06","0.0018","C"
"4","Trait5","mrMLM","PstI.TP47497","1","79181255","0.1033","0.6327","C"
"4","Trait5","mrMLM","PstI.TP62520","1","79185340","-0.164","0.8983","A"
"4","Trait5","mrMLM","PstI.TP1028829","1","79187692","-2.8679e-05","0.0063","A"
"4","Trait5","mrMLM","GFSSContig17152_572","1","79190136","5.8235e-06","0.0013","A"
"4","Trait5","mrMLM","PstI.TP373538","1","79191911","-1.9821e-05","0.0043","A"
"4","Trait5","mrMLM","PstI.TP546888","1","79200062","-0.1721","0.5267","C"
"4","Trait5","mrMLM","PstI.TP646523","1","79201450","-4.7733e-06","0.001","A"
"4","Trait5","mrMLM","NsiI.TP276241","1","79202469","4.7115e-06","0.001","A"
"4","Trait5","mrMLM","PstI.TP138600","1","79203439","2.2957e-05","0.005","A"
"4","Trait5","mrMLM","PstI.TP127200","1","79273113","-0.0866","0.5011","A"
"4","Trait5","mrMLM","PstI.TP1180192","1","79273197","2.5251e-05","0.0055","C"
"4","Trait5","mrMLM","NsiI.TP335330","1","79274389","-2.2243e-05","0.0049","C"
"4","Trait5","mrMLM","PstI.TP1122495","1","79282757","1.9151e-05","0.0042","A"
"4","Trait5","mrMLM","PstI.TP1122269","1","79282797","-2.2053e-06","5e-04","G"
"4","Trait5","mrMLM","PstI.TP334245","1","79301821","-1.1057e-05","0.0024","C"
"4","Trait5","mrMLM","PstI.TP19536","1","79302806","7.5112e-06","0.0016","A"
"4","Trait5","mrMLM","PstI.TP1277409","1","79353211","2.0114e-05","0.0044","G"
"4","Trait5","mrMLM","NsiI.TP369347","1","79354958","0.0254","0.269","A"
"4","Trait5","mrMLM","NsiI.TP356286","1","79361824","-0.2291","3.0033","C"
"4","Trait5","mrMLM","PstI.TP168893","1","79361956","4.1252e-06","9e-04","A"
"4","Trait5","mrMLM","PstI.TP128075","1","79363077","-0.0182","0.2849","C"
"4","Trait5","mrMLM","PstI.TP329415","1","79369869","-2.5636e-05","0.0056","C"
"4","Trait5","mrMLM","PstI.TP329417","1","79369878","0.0782","0.3855","A"
"4","Trait5","mrMLM","PstI.TP12145","1","79379948","1.6548e-05","0.0036","A"
"4","Trait5","mrMLM","NsiI.TP743891","1","79380852","-6.8498e-06","0.0015","C"
"4","Trait5","mrMLM","PstI.TP71849","1","79387348","-0.0278","0.3742","C"
"4","Trait5","mrMLM","NsiI.TP675994","1","79402322","-2.177e-05","0.0048","A"
"4","Trait5","mrMLM","PstI.TP13042","1","79426331","-7.8947e-06","0.0017","A"
"4","Trait5","mrMLM","PstI.TP404192","1","79434638","0.1023","0.5574","A"
"4","Trait5","mrMLM","PstI.TP1010512","1","79440784","-2.4518e-07","5.3357e-05","A"
"4","Trait5","mrMLM","PstI.TP898259","1","79442910","4.422e-06","0.001","A"
"4","Trait5","mrMLM","NsiI.TP621776","1","79466998","0.0488","0.4259","C"
"4","Trait5","mrMLM","PstI.TP291200","1","79471623","6.793e-08","1.4783e-05","C"
"4","Trait5","mrMLM","NsiI.TP437351","1","79473769","2.1374e-07","4.6525e-05","C"
"4","Trait5","mrMLM","NsiI.TP739570","1","79483934","-2.3055e-05","0.005","G"
"4","Trait5","mrMLM","PstI.TP172804","1","79485436","-9.9705e-06","0.0022","A"
"4","Trait5","mrMLM","PstI.TP619305","1","79505879","7.1061e-06","0.0015","A"
"4","Trait5","mrMLM","PstI.TP237030","1","79508787","-1.1487e-05","0.0025","A"
"4","Trait5","mrMLM","NsiI.TP713574","1","79510866","3.1737e-06","7e-04","G"
"4","Trait5","mrMLM","PstI.TP504128","1","79511194","1.4799e-05","0.0032","A"
"4","Trait5","mrMLM","NsiI.TP730267","1","79517382","0.1265","0.9023","C"
"4","Trait5","mrMLM","NsiI.TP680933","1","79528022","2.4349e-06","5e-04","A"
"4","Trait5","mrMLM","PstI.TP813497","1","79540010","-0.2383","1.1542","A"
"4","Trait5","mrMLM","NsiI.TP596087","1","79540913","-5.3731e-06","0.0012","G"
"4","Trait5","mrMLM","PstI.TP947447","1","79542486","-4.641e-06","0.001","G"
"4","Trait5","mrMLM","PstI.TP330560","1","79546617","-8.2553e-06","0.0018","C"
"4","Trait5","mrMLM","NsiI.TP441405","1","79566499","1.4337e-05","0.0031","A"
"4","Trait5","mrMLM","NsiI.TP671726","1","79566576","1.861e-06","4e-04","C"
"4","Trait5","mrMLM","NsiI.TP416851","1","79573410","7.8176e-06","0.0017","A"
"4","Trait5","mrMLM","NsiI.TP492031","1","79573880","0.0263","0.3053","C"
"4","Trait5","mrMLM","PstI.TP1008313","1","79584308","0.0114","0.113","C"
"4","Trait5","mrMLM","NsiI.TP415239","1","79586726","5.4412e-06","0.0012","A"
"4","Trait5","mrMLM","PstI.TP839435","1","79594246","-0.0359","0.3859","G"
"4","Trait5","mrMLM","GFSSContig14485_1273","1","79597601","1.7715e-05","0.0039","A"
"4","Trait5","mrMLM","PstI.TP1216566","1","79599777","-1.8537e-05","0.0041","A"
"4","Trait5","mrMLM","PstI.TP174211","1","79622662","0.1326","0.7202","A"
"4","Trait5","mrMLM","PstI.TP1115208","1","79624488","-1.1192e-05","0.0024","A"
"4","Trait5","mrMLM","PstI.TP277803","1","79649997","-7.9647e-06","0.0017","G"
"4","Trait5","mrMLM","PstI.TP277812","1","79649997","3.472e-05","0.0076","G"
"4","Trait5","mrMLM","PstI.TP277871","1","79649997","-0.1936","2.4339","G"
"4","Trait5","mrMLM","PstI.TP277954","1","79649997","0.0109","0.1726","G"
"4","Trait5","mrMLM","PstI.TP277955","1","79649997","-1.9902e-05","0.0044","G"
"4","Trait5","mrMLM","PstI.TP277963","1","79649997","-0.0665","0.562","G"
"4","Trait5","mrMLM","PstI.TP277973","1","79649997","-9.1708e-06","0.002","G"
"4","Trait5","mrMLM","PstI.TP77067","1","79664579","4.2474e-06","9e-04","A"
"4","Trait5","mrMLM","PstI.TP1025772","1","79665639","2.9901e-05","0.0066","C"
"4","Trait5","mrMLM","PstI.TP1040877","1","79678618","-4.1684e-06","9e-04","C"
"4","Trait5","mrMLM","PstI.TP897753","1","79685962","5.5926e-06","0.0012","C"
"4","Trait5","mrMLM","PstI.TP1003155","1","79688534","1.3235e-05","0.0029","C"
"4","Trait5","mrMLM","NsiI.TP454955","1","79688846","1.4382e-06","3e-04","A"
"4","Trait5","mrMLM","NsiI.TP450855","1","79721570","-5.4228e-06","0.0012","C"
"4","Trait5","mrMLM","NsiI.TP681651","1","79746417","1.7864e-06","4e-04","C"
"4","Trait5","mrMLM","NsiI.TP30148","1","79750238","-0.0256","0.2152","G"
"4","Trait5","mrMLM","NsiI.TP149985","1","79753157","-1.4845e-05","0.0032","C"
"4","Trait5","mrMLM","NsiI.TP539756","1","79753228","6.751e-06","0.0015","A"
"4","Trait5","mrMLM","PstI.TP964019","1","79753663","-3.2094e-06","7e-04","A"
"4","Trait5","mrMLM","NsiI.TP458805","1","79753663","-1.3113e-05","0.0029","A"
"4","Trait5","mrMLM","PstI.TP912371","1","79754777","6.2454e-06","0.0014","C"
"4","Trait5","mrMLM","NsiI.TP429155","1","79758909","-1.5995e-07","3.481e-05","C"
"4","Trait5","mrMLM","PstI.TP791681","1","79769824","3.2174e-05","0.0071","A"
"4","Trait5","mrMLM","PstI.TP1024215","1","79775287","-0.0125","0.0928","A"
"4","Trait5","mrMLM","PstI.TP964390","1","79775870","-0.1946","1.1867","C"
"4","Trait5","mrMLM","NsiI.TP336549","1","79775876","0.1926","1.1247","A"
"4","Trait5","mrMLM","NsiI.TP339645","1","79809479","2.4629e-06","5e-04","C"
"4","Trait5","mrMLM","PstI.TP224682","1","79810295","-0.15","0.9813","A"
"4","Trait5","mrMLM","PstI.TP402716","1","79822030","-0.0657","0.4797","A"
"4","Trait5","mrMLM","PstI.TP1113724","1","79826234","2.4196e-05","0.0053","A"
"4","Trait5","mrMLM","PstI.TP156101","1","79854996","0.0087","0.1006","A"
"4","Trait5","mrMLM","NsiI.TP575416","1","79857960","0.0656","0.8046","C"
"4","Trait5","mrMLM","NsiI.TP723729","1","79892230","2.1812e-06","5e-04","C"
"4","Trait5","mrMLM","PstI.TP1259171","1","79892318","-0.0969","0.6905","G"
"4","Trait5","mrMLM","NsiI.TP179387","1","79906287","-1.2298e-05","0.0027","C"
"4","Trait5","mrMLM","NsiI.TP56686","1","79930776","0.1226","0.7413","C"
"4","Trait5","mrMLM","PstI.TP1255744","1","79931387","-0.2613","1.7468","A"
"4","Trait5","mrMLM","PstI.TP95174","1","79947590","-2.2125e-05","0.0048","A"
"4","Trait5","mrMLM","PstI.TP245404","1","79960134","-0.018","0.2117","C"
"4","Trait5","mrMLM","PstI.TP934939","1","79968511","-0.0293","0.3473","C"
"4","Trait5","mrMLM","PstI.TP934946","1","79968521","-1.7615e-05","0.0039","A"
"4","Trait5","mrMLM","PstI.TP1110591","1","79975952","1.1003e-05","0.0024","C"
"4","Trait5","mrMLM","NsiI.TP373216","1","79976000","1.9885e-05","0.0043","G"
"4","Trait5","mrMLM","NsiI.TP409672","1","79988536","-1.6998e-05","0.0037","G"
"4","Trait5","mrMLM","NsiI.TP601750","1","79996217","7.358e-06","0.0016","C"
"4","Trait5","mrMLM","PstI.TP41109","1","80011442","3.7094e-05","0.0082","C"
"4","Trait5","mrMLM","PstI.TP1060233","1","80022372","-0.0174","0.2473","A"
"4","Trait5","mrMLM","NsiI.TP249856","1","80024446","1.9533e-05","0.0043","A"
"4","Trait5","mrMLM","NsiI.TP669050","1","80035622","-0.0211","0.2237","A"
"4","Trait5","mrMLM","NsiI.TP581823","1","80077073","9.1499e-06","0.002","C"
"4","Trait5","mrMLM","NsiI.TP487690","1","80077669","-2.2423e-05","0.0049","A"
"4","Trait5","mrMLM","PstI.TP1180966","1","80079077","-1.4113e-05","0.0031","G"
"4","Trait5","mrMLM","NsiI.TP667882","1","80090506","1.9009e-05","0.0042","A"
"4","Trait5","mrMLM","NsiI.TP612277","1","80090510","-4.4948e-06","0.001","A"
"4","Trait5","mrMLM","PstI.TP35904","1","80142097","-0.0939","0.8533","A"
"4","Trait5","mrMLM","PstI.TP35908","1","80142104","8.1579e-06","0.0018","A"
"4","Trait5","mrMLM","NsiI.TP249867","1","80147423","-4.038e-06","9e-04","A"
"4","Trait5","mrMLM","PstI.TP1224286","1","80188589","2.3787e-06","5e-04","A"
"4","Trait5","mrMLM","PstI.TP640960","1","80209769","-2.2227e-05","0.0049","C"
"4","Trait5","mrMLM","NsiI.TP422810","1","80212977","9.3669e-06","0.002","C"
"4","Trait5","mrMLM","PstI.TP1294472","1","80228389","-8.4021e-06","0.0018","A"
"4","Trait5","mrMLM","NsiI.TP811280","1","80229911","1.0113e-05","0.0022","A"
"4","Trait5","mrMLM","PstI.TP694031","1","80233157","4.5042e-06","0.001","A"
"4","Trait5","mrMLM","NsiI.TP507448","1","80310430","-1.1295e-05","0.0025","A"
"4","Trait5","mrMLM","PstI.TP892749","1","80310797","-0.1508","1.5956","C"
"4","Trait5","mrMLM","PstI.TP351402","1","80321028","-2.7821e-05","0.0061","A"
"4","Trait5","mrMLM","NsiI.TP745890","1","80331120","-4.2505e-05","0.0094","C"
"4","Trait5","mrMLM","PstI.TP491961","1","80394916","0.0427","0.3031","A"
"4","Trait5","mrMLM","PstI.TP709320","1","80397468","4.0245e-05","0.0088","C"
"4","Trait5","mrMLM","PstI.TP752522","1","80410183","-7.6044e-06","0.0017","A"
"4","Trait5","mrMLM","PstI.TP454518","1","80446510","-3.2206e-05","0.0071","A"
"4","Trait5","mrMLM","PstI.TP49139","1","80477608","8.9352e-06","0.0019","A"
"4","Trait5","mrMLM","PstI.TP851463","1","80479917","0.0349","0.2065","A"
"4","Trait5","mrMLM","PstI.TP532395","1","80511189","4.7522e-06","0.001","A"
"4","Trait5","mrMLM","NsiI.TP676199","1","80582463","-0.0259","0.2065","A"
"4","Trait5","mrMLM","NsiI.TP32249","1","80582554","-0.0379","0.5107","A"
"4","Trait5","mrMLM","PstI.TP829309","1","80621051","-2.3404e-05","0.0051","A"
"4","Trait5","mrMLM","PstI.TP276751","1","80694115","-2.1032e-06","5e-04","A"
"4","Trait5","mrMLM","NsiI.TP655257","1","80728948","6.473e-06","0.0014","A"
"4","Trait5","mrMLM","PstI.TP702373","1","80829183","-8.9694e-07","2e-04","A"
"4","Trait5","mrMLM","NsiI.TP418719","1","80872893","3.5021e-05","0.0077","A"
"4","Trait5","mrMLM","NsiI.TP404940","1","80876498","0.3091","1.0924","A"
"4","Trait5","mrMLM","PstI.TP703969","1","80877289","1.8799e-05","0.0041","C"
"4","Trait5","mrMLM","NsiI.TP358966","2","115225","-0.0016","0.0385","A"
"4","Trait5","mrMLM","PstI.TP477872","2","124621","-3.3254e-05","0.0073","A"
"4","Trait5","mrMLM","PstI.TP989477","2","124717","9.4304e-06","0.0021","A"
"4","Trait5","mrMLM","NsiI.TP39335","2","128242","-1.4916e-05","0.0033","C"
"4","Trait5","mrMLM","PstI.TP764680","2","128379","0.1365","0.5989","G"
"4","Trait5","mrMLM","NsiI.TP578895","2","130889","-4.2946e-06","9e-04","C"
"4","Trait5","mrMLM","PstI.TP77995","2","141925","1.5323e-05","0.0033","A"
"4","Trait5","mrMLM","NsiI.TP168250","2","153697","4.0094e-05","0.0088","A"
"4","Trait5","mrMLM","PstI.TP131273","2","155776","-3.2617e-06","7e-04","A"
"4","Trait5","mrMLM","PstI.TP457332","2","161081","1.0665e-05","0.0023","A"
"4","Trait5","mrMLM","NsiI.TP612404","2","168796","0.0499","0.4345","C"
"4","Trait5","mrMLM","NsiI.TP39740","2","186613","1.4537e-05","0.0032","C"
"4","Trait5","mrMLM","NsiI.TP515564","2","248930","-2.2757e-06","5e-04","A"
"4","Trait5","mrMLM","PstI.TP347169","2","250299","-0.1978","1.1221","C"
"4","Trait5","mrMLM","NsiI.TP611653","2","251575","-0.0869","0.4203","A"
"4","Trait5","mrMLM","NsiI.TP627578","2","262929","-1.8837e-05","0.0041","G"
"4","Trait5","mrMLM","NsiI.TP419921","2","263256","-0.1113","0.8044","A"
"4","Trait5","mrMLM","PstI.TP590797","2","275937","1.1262e-05","0.0025","A"
"4","Trait5","mrMLM","PstI.TP986476","2","275973","0.0713","0.6348","A"
"4","Trait5","mrMLM","NsiI.TP667407","2","318134","1.1155e-05","0.0024","C"
"4","Trait5","mrMLM","NsiI.TP667406","2","318138","-7.9859e-06","0.0017","A"
"4","Trait5","mrMLM","PstI.TP999714","2","327480","2.103e-06","5e-04","A"
"4","Trait5","mrMLM","PstI.TP846789","2","327961","-7.2328e-06","0.0016","G"
"4","Trait5","mrMLM","PstI.TP157588","2","329470","9.8497e-07","2e-04","A"
"4","Trait5","mrMLM","PstI.TP1124514","2","332407","1.2871e-05","0.0028","C"
"4","Trait5","mrMLM","PstI.TP748345","2","359987","0.0282","0.1941","G"
"4","Trait5","mrMLM","NsiI.TP681349","2","360225","-1.6733e-05","0.0037","G"
"4","Trait5","mrMLM","NsiI.TP681584","2","360235","-0.0136","0.2049","G"
"4","Trait5","mrMLM","PstI.TP576366","2","375350","0.0674","0.3782","A"
"4","Trait5","mrMLM","PstI.TP545286","2","380670","-0.0228","0.3454","A"
"4","Trait5","mrMLM","PstI.TP576394","2","382720","-9.0256e-06","0.002","C"
"4","Trait5","mrMLM","NsiI.TP296908","2","383531","0.0128","0.1412","A"
"4","Trait5","mrMLM","NsiI.TP332586","2","388635","-0.0263","0.3951","C"
"4","Trait5","mrMLM","NsiI.TP332585","2","388641","-2.5769e-06","6e-04","C"
"4","Trait5","mrMLM","PstI.TP707578","2","388643","-2.2159e-05","0.0049","C"
"4","Trait5","mrMLM","NsiI.TP571940","2","412759","-1.5268e-05","0.0033","A"
"4","Trait5","mrMLM","NsiI.TP571942","2","412794","-2.6924e-05","0.0059","A"
"4","Trait5","mrMLM","PstI.TP364924","2","417378","0.0728","0.6777","A"
"4","Trait5","mrMLM","PstI.TP260255","2","427741","6.8827e-07","1e-04","A"
"4","Trait5","mrMLM","NsiI.TP267424","2","445451","0.0602","0.621","C"
"4","Trait5","mrMLM","NsiI.TP124218","2","450339","5.0279e-06","0.0011","A"
"4","Trait5","mrMLM","NsiI.TP208586","2","451866","-2.1368e-06","5e-04","C"
"4","Trait5","mrMLM","PstI.TP199591","2","465963","-1.8947e-05","0.0041","A"
"4","Trait5","mrMLM","NsiI.TP619508","2","466269","4.0686e-05","0.0089","G"
"4","Trait5","mrMLM","NsiI.TP275785","2","516393","1.5462e-06","3e-04","A"
"4","Trait5","mrMLM","PstI.TP1174282","2","529141","0.1383","0.5952","A"
"4","Trait5","mrMLM","PstI.TP280889","2","544293","2.2783e-05","0.005","C"
"4","Trait5","mrMLM","NsiI.TP219720","2","552699","5.0669e-07","1e-04","A"
"4","Trait5","mrMLM","NsiI.TP216167","2","567991","-3.9736e-06","9e-04","C"
"4","Trait5","mrMLM","PstI.TP602587","2","568003","-5.2125e-06","0.0011","C"
"4","Trait5","mrMLM","PstI.TP42145","2","578489","4.991e-06","0.0011","A"
"4","Trait5","mrMLM","PstI.TP497131","2","583508","0.2428","1.3642","C"
"4","Trait5","mrMLM","PstI.TP850631","2","602280","-9.3256e-06","0.002","A"
"4","Trait5","mrMLM","PstI.TP1271376","2","630465","2.7833e-05","0.0061","A"
"4","Trait5","mrMLM","NsiI.TP282888","2","675031","-1.4977e-05","0.0033","C"
"4","Trait5","mrMLM","PstI.TP790069","2","699673","0.1577","1.1992","A"
"4","Trait5","mrMLM","PstI.TP168046","2","704382","-3.7652e-05","0.0083","A"
"4","Trait5","mrMLM","PstI.TP737528","2","709219","1.318e-05","0.0029","A"
"4","Trait5","mrMLM","PstI.TP762261","2","709232","-3.1088e-05","0.0068","A"
"4","Trait5","mrMLM","NsiI.TP102717","2","738120","2.3074e-06","5e-04","A"
"4","Trait5","mrMLM","PstI.TP667863","2","746281","-1.5832e-05","0.0035","A"
"4","Trait5","mrMLM","PstI.TP571203","2","749077","3.8334e-06","8e-04","C"
"4","Trait5","mrMLM","NsiI.TP588734","2","802971","2.8236e-05","0.0062","C"
"4","Trait5","mrMLM","NsiI.TP777595","2","852382","-0.1361","2.1782","A"
"4","Trait5","mrMLM","PstI.TP398716","2","890320","0.0395","0.2158","C"
"4","Trait5","mrMLM","PstI.TP359523","2","905371","5.4307e-06","0.0012","C"
"4","Trait5","mrMLM","PstI.TP669393","2","905422","0.0022","0.0704","G"
"4","Trait5","mrMLM","PstI.TP1200511","2","909362","0.0913","0.3511","C"
"4","Trait5","mrMLM","NsiI.TP182043","2","910605","-4.0028e-05","0.0088","C"
"4","Trait5","mrMLM","NsiI.TP123217","2","925324","-1.1152e-05","0.0024","A"
"4","Trait5","mrMLM","NsiI.TP374154","2","949746","3.5549e-06","8e-04","G"
"4","Trait5","mrMLM","PstI.TP1262414","2","960634","-3.5401e-06","8e-04","A"
"4","Trait5","mrMLM","NsiI.TP337168","2","960656","-1.3354e-05","0.0029","A"
"4","Trait5","mrMLM","PstI.TP1262412","2","960662","-2.6306e-05","0.0058","A"
"4","Trait5","mrMLM","PstI.TP204841","2","960687","0.0493","0.4431","A"
"4","Trait5","mrMLM","NsiI.TP215800","2","1008516","3.5792e-05","0.0079","C"
"4","Trait5","mrMLM","NsiI.TP635475","2","1032623","-3.6961e-05","0.0081","A"
"4","Trait5","mrMLM","NsiI.TP574474","2","1069691","0.1344","0.8479","C"
"4","Trait5","mrMLM","PstI.TP136428","2","1104696","2.611e-05","0.0057","C"
"4","Trait5","mrMLM","NsiI.TP487312","2","1105481","-1.3181e-05","0.0029","G"
"4","Trait5","mrMLM","NsiI.TP233465","2","1118892","-2.0684e-05","0.0045","C"
"4","Trait5","mrMLM","PstI.TP380456","2","1138018","2.8151e-06","6e-04","A"
"4","Trait5","mrMLM","NsiI.TP204392","2","1280426","-0.2493","2.6348","C"
"4","Trait5","mrMLM","NsiI.TP608979","2","1286110","-0.3804","1.4391","A"
"4","Trait5","mrMLM","PstI.TP1102575","2","1296644","-9.8357e-06","0.0021","A"
"4","Trait5","mrMLM","PstI.TP1211874","2","1299235","-2.05e-05","0.0045","A"
"4","Trait5","mrMLM","NsiI.TP134289","2","1384583","-4.0226e-06","9e-04","A"
"4","Trait5","mrMLM","NsiI.TP232028","2","1386181","-0.1692","0.6837","C"
"4","Trait5","mrMLM","PstI.TP401412","2","1393633","-0.1489","0.6613","G"
"4","Trait5","mrMLM","NsiI.TP153144","2","1393996","2.5271e-05","0.0055","C"
"4","Trait5","mrMLM","NsiI.TP204714","2","1424597","2.8461e-05","0.0062","A"
"4","Trait5","mrMLM","PstI.TP1263449","2","1474965","-1.0989e-05","0.0024","A"
"4","Trait5","mrMLM","PstI.TP1011736","2","1476653","-2.2939e-05","0.005","G"
"4","Trait5","mrMLM","NsiI.TP482106","2","1476701","-3.2869e-05","0.0072","C"
"4","Trait5","mrMLM","NsiI.TP482105","2","1476705","-0.0565","0.3911","C"
"4","Trait5","mrMLM","NsiI.TP12376","2","1488847","-2.5498e-06","6e-04","A"
"4","Trait5","mrMLM","PstI.TP747097","2","1573957","-5.0384e-06","0.0011","C"
"4","Trait5","mrMLM","PstI.TP635848","2","1585621","-0.1037","0.684","A"
"4","Trait5","mrMLM","NsiI.TP269436","2","1588997","-7.6757e-06","0.0017","A"
"4","Trait5","mrMLM","PstI.TP461232","2","1598553","-5.3783e-06","0.0012","A"
"4","Trait5","mrMLM","PstI.TP909928","2","1630374","0.2905","1.749","A"
"4","Trait5","mrMLM","PstI.TP361822","2","1673606","9.7573e-06","0.0021","A"
"4","Trait5","mrMLM","NsiI.TP18431","2","1702606","-0.0664","0.617","A"
"4","Trait5","mrMLM","PstI.TP1263450","2","1738753","2.3361e-05","0.0051","G"
"4","Trait5","mrMLM","PstI.TP140459","2","1744355","6.4886e-06","0.0014","C"
"4","Trait5","mrMLM","NsiI.TP54394","2","1780211","0.3234","1.0363","G"
"4","Trait5","mrMLM","PstI.TP869146","2","1820693","-1.2397e-05","0.0027","A"
"4","Trait5","mrMLM","PstI.TP107881","2","1829534","-2.687e-05","0.0059","A"
"4","Trait5","mrMLM","NsiI.TP594174","2","1893390","0.155","0.8333","A"
"4","Trait5","mrMLM","PstI.TP227983","2","1895497","2.0301e-05","0.0044","A"
"4","Trait5","mrMLM","PstI.TP153476","2","1907782","-0.0522","0.2856","A"
"4","Trait5","mrMLM","PstI.TP1276687","2","1909527","1.6054e-05","0.0035","C"
"4","Trait5","mrMLM","PstI.TP1050186","2","1911820","0.0659","0.4526","G"
"4","Trait5","mrMLM","PstI.TP24191","2","1913899","-0.0411","0.3431","A"
"4","Trait5","mrMLM","PstI.TP703873","2","1924222","-4.8113e-06","0.001","C"
"4","Trait5","mrMLM","PstI.TP1122810","2","1924249","-2.0766e-05","0.0045","G"
"4","Trait5","mrMLM","PstI.TP908081","2","1937968","-9.1883e-06","0.002","C"
"4","Trait5","mrMLM","PstI.TP282786","2","1950110","1.1071e-05","0.0024","A"
"4","Trait5","mrMLM","PstI.TP470160","2","1964484","1.4694e-05","0.0032","C"
"4","Trait5","mrMLM","PstI.TP469864","2","2030644","4.3129e-06","9e-04","C"
"4","Trait5","mrMLM","PstI.TP852002","2","2041108","0.0238","0.2588","C"
"4","Trait5","mrMLM","PstI.TP348342","2","2043793","-6.4141e-06","0.0014","A"
"4","Trait5","mrMLM","PstI.TP634560","2","2050815","6.4985e-06","0.0014","C"
"4","Trait5","mrMLM","PstI.TP772589","2","2064232","-1.5923e-05","0.0035","C"
"4","Trait5","mrMLM","PstI.TP1279013","2","2065396","3.3542e-05","0.0074","C"
"4","Trait5","mrMLM","PstI.TP24479","2","2073995","2.0578e-05","0.0045","C"
"4","Trait5","mrMLM","PstI.TP460897","2","2074034","-8.8552e-06","0.0019","C"
"4","Trait5","mrMLM","NsiI.TP801585","2","2076062","-0.1194","0.8974","A"
"4","Trait5","mrMLM","PstI.TP57504","2","2167249","2.0987e-05","0.0046","A"
"4","Trait5","mrMLM","NsiI.TP390743","2","2215082","9.6054e-06","0.0021","A"
"4","Trait5","mrMLM","NsiI.TP575555","2","2228424","-0.1278","0.6482","C"
"4","Trait5","mrMLM","NsiI.TP162018","2","2235441","-0.0111","0.1071","G"
"4","Trait5","mrMLM","NsiI.TP279944","2","2237229","3.241e-05","0.0071","A"
"4","Trait5","mrMLM","PstI.TP1095370","2","2322379","1.4424e-05","0.0032","G"
"4","Trait5","mrMLM","PstI.TP1095372","2","2322397","-6.9969e-07","2e-04","G"
"4","Trait5","mrMLM","GFSSContig17456_751","2","2367836","-5.4463e-06","0.0012","T"
"4","Trait5","mrMLM","PstI.TP21529","2","2371944","-0.0529","0.5043","A"
"4","Trait5","mrMLM","NsiI.TP32994","2","2526783","1.851e-05","0.004","A"
"4","Trait5","mrMLM","NsiI.TP442501","2","2526979","1.5467e-05","0.0034","A"
"4","Trait5","mrMLM","NsiI.TP428904","2","2527555","2.3753e-06","5e-04","G"
"4","Trait5","mrMLM","PstI.TP201505","2","2551861","1.0382e-05","0.0023","A"
"4","Trait5","mrMLM","PstI.TP1120910","2","2555547","1.587e-05","0.0035","A"
"4","Trait5","mrMLM","PstI.TP1202981","2","2606117","-0.0225","0.1401","C"
"4","Trait5","mrMLM","NsiI.TP661660","2","2656385","-6.115e-06","0.0013","A"
"4","Trait5","mrMLM","NsiI.TP514453","2","2742924","8.042e-07","2e-04","A"
"4","Trait5","mrMLM","NsiI.TP463718","2","2751608","0.1966","1.4445","C"
"4","Trait5","mrMLM","PstI.TP587883","2","2757798","-0.0098","0.118","C"
"4","Trait5","mrMLM","NsiI.TP423139","2","2758292","0.285","1.0046","C"
"4","Trait5","mrMLM","PstI.TP702408","2","2773923","1.5597e-05","0.0034","C"
"4","Trait5","mrMLM","GFSSContig11785_150","2","2791621","0.04","0.4158","T"
"4","Trait5","mrMLM","NsiI.TP418126","2","2821399","-9.9254e-06","0.0022","A"
"4","Trait5","mrMLM","PstI.TP360841","2","2832783","-1.902e-05","0.0042","C"
"4","Trait5","mrMLM","PstI.TP24974","2","2834442","-2.0358e-05","0.0045","A"
"4","Trait5","mrMLM","PstI.TP502677","2","2861066","0.0954","0.4633","C"
"4","Trait5","mrMLM","NsiI.TP571744","2","2865326","-1.1428e-05","0.0025","A"
"4","Trait5","mrMLM","PstI.TP1207144","2","2884287","-0.0139","0.1963","A"
"4","Trait5","mrMLM","PstI.TP312941","2","2888124","-0.0142","0.1813","A"
"4","Trait5","mrMLM","NsiI.TP491669","2","2894322","-3.3699e-06","7e-04","G"
"4","Trait5","mrMLM","NsiI.TP457092","2","2894409","0.171","1.2246","G"
"4","Trait5","mrMLM","NsiI.TP738686","2","2900091","-4.3824e-06","0.001","A"
"4","Trait5","mrMLM","NsiI.TP423518","2","2921270","-4.398e-06","0.001","C"
"4","Trait5","mrMLM","PstI.TP547941","2","2922308","-0.0035","0.0526","A"
"4","Trait5","mrMLM","NsiI.TP555591","2","2975750","3.3089e-05","0.0073","A"
"4","Trait5","mrMLM","NsiI.TP15815","2","2981573","0.0472","0.5239","A"
"4","Trait5","mrMLM","PstI.TP8678","2","2984246","-4.4061e-05","0.0097","A"
"4","Trait5","mrMLM","PstI.TP8679","2","2984264","5.2922e-06","0.0012","A"
"4","Trait5","mrMLM","PstI.TP122197","2","2990049","2.0257e-06","4e-04","C"
"4","Trait5","mrMLM","NsiI.TP439642","2","3008715","-1.8113e-05","0.004","C"
"4","Trait5","mrMLM","PstI.TP972096","2","3042190","-1.1663e-05","0.0025","A"
"4","Trait5","mrMLM","PstI.TP767919","2","3043607","1.2638e-05","0.0028","A"
"4","Trait5","mrMLM","PstI.TP102849","2","3058102","-0.0732","0.4994","A"
"4","Trait5","mrMLM","PstI.TP1242719","2","3058843","2.1964e-05","0.0048","C"
"4","Trait5","mrMLM","NsiI.TP797433","2","3066400","0.1524","0.6373","C"
"4","Trait5","mrMLM","PstI.TP582635","2","3104247","-2.3031e-06","5e-04","G"
"4","Trait5","mrMLM","NsiI.TP421022","2","3135537","-1.7358e-05","0.0038","A"
"4","Trait5","mrMLM","NsiI.TP489115","2","3180885","-0.1039","0.8865","A"
"4","Trait5","mrMLM","NsiI.TP570636","2","3195123","5.2617e-06","0.0011","A"
"4","Trait5","mrMLM","NsiI.TP238795","2","3213228","-7.4517e-07","2e-04","C"
"4","Trait5","mrMLM","PstI.TP887037","2","3218943","1.5425e-05","0.0034","C"
"4","Trait5","mrMLM","NsiI.TP87616","2","3252135","-2.1436e-05","0.0047","A"
"4","Trait5","mrMLM","NsiI.TP630885","2","3257537","1.0038e-05","0.0022","A"
"4","Trait5","mrMLM","NsiI.TP479909","2","3269231","-1.8635e-05","0.0041","G"
"4","Trait5","mrMLM","NsiI.TP567955","2","3314921","-2.2532e-05","0.0049","A"
"4","Trait5","mrMLM","NsiI.TP344418","2","3321098","-2.0501e-05","0.0045","C"
"4","Trait5","mrMLM","PstI.TP704596","2","3325739","-1.569e-05","0.0034","C"
"4","Trait5","mrMLM","NsiI.TP477328","2","3325739","1.9234e-05","0.0042","A"
"4","Trait5","mrMLM","NsiI.TP437716","2","3325805","-0.1438","0.8942","A"
"4","Trait5","mrMLM","NsiI.TP4997","2","3335341","-0.0696","0.7082","C"
"4","Trait5","mrMLM","PstI.TP156242","2","3343441","-7.4242e-06","0.0016","A"
"4","Trait5","mrMLM","PstI.TP229147","2","3390758","0.3569","2.1418","C"
"4","Trait5","mrMLM","PstI.TP219584","2","3429973","-2.5322e-05","0.0055","A"
"4","Trait5","mrMLM","NsiI.TP417974","2","3631692","1.271e-05","0.0028","C"
"4","Trait5","mrMLM","NsiI.TP615142","2","3637127","-2.4656e-05","0.0054","A"
"4","Trait5","mrMLM","NsiI.TP167949","2","3639209","-0.1712","1.0665","C"
"4","Trait5","mrMLM","NsiI.TP449369","2","3640582","-1.0105e-05","0.0022","C"
"4","Trait5","mrMLM","PstI.TP661261","2","3657127","-0.129","1.3571","A"
"4","Trait5","mrMLM","PstI.TP458571","2","3669039","6.3985e-06","0.0014","C"
"4","Trait5","mrMLM","NsiI.TP237452","2","3709448","-3.2807e-05","0.0072","C"
"4","Trait5","mrMLM","NsiI.TP404856","2","3714881","7.8814e-07","2e-04","C"
"4","Trait5","mrMLM","PstI.TP804429","2","3714956","3.8287e-06","8e-04","C"
"4","Trait5","mrMLM","PstI.TP815746","2","3715114","6.1265e-06","0.0013","C"
"4","Trait5","mrMLM","PstI.TP794569","2","3715278","0.226","1.6246","A"
"4","Trait5","mrMLM","PstI.TP203336","2","3720066","-0.0871","0.4191","A"
"4","Trait5","mrMLM","PstI.TP203335","2","3720075","0.067","0.492","A"
"4","Trait5","mrMLM","NsiI.TP391306","2","3760134","-1.2787e-05","0.0028","C"
"4","Trait5","mrMLM","NsiI.TP391602","2","3765100","-1.7519e-05","0.0038","C"
"4","Trait5","mrMLM","NsiI.TP555510","2","3766733","-0.1451","0.8492","A"
"4","Trait5","mrMLM","PstI.TP666999","2","3783531","-2.1683e-06","5e-04","C"
"4","Trait5","mrMLM","NsiI.TP505510","2","3810005","-5.3348e-06","0.0012","A"
"4","Trait5","mrMLM","PstI.TP1027999","2","3815242","-0.0818","0.8213","A"
"4","Trait5","mrMLM","PstI.TP1219165","2","3820233","1.8205e-06","4e-04","C"
"4","Trait5","mrMLM","PstI.TP312639","2","3911470","2.0004e-05","0.0044","A"
"4","Trait5","mrMLM","NsiI.TP428405","2","3912472","3.4707e-05","0.0076","A"
"4","Trait5","mrMLM","PstI.TP739775","2","3917222","-5.8473e-06","0.0013","C"
"4","Trait5","mrMLM","PstI.TP694473","2","3932203","-0.2195","1.1803","A"
"4","Trait5","mrMLM","PstI.TP421294","2","3942366","-1.0324e-05","0.0023","C"
"4","Trait5","mrMLM","NsiI.TP479847","2","3957268","3.8742e-05","0.0085","C"
"4","Trait5","mrMLM","GFSSContig6268_272","2","3959119","1.5722e-06","3e-04","T"
"4","Trait5","mrMLM","PstI.TP1132419","2","3988312","6.9808e-06","0.0015","C"
"4","Trait5","mrMLM","GFSSContig20611_1874","2","4006695","2.1357e-05","0.0047","C"
"4","Trait5","mrMLM","PstI.TP601806","2","4021548","-5.1241e-06","0.0011","C"
"4","Trait5","mrMLM","PstI.TP785151","2","4069035","-1.9967e-05","0.0044","A"
"4","Trait5","mrMLM","PstI.TP908566","2","4095448","-9.1614e-06","0.002","A"
"4","Trait5","mrMLM","PstI.TP415742","2","4098961","2.604e-05","0.0057","G"
"4","Trait5","mrMLM","PstI.TP35935","2","4118637","-1.4953e-05","0.0033","C"
"4","Trait5","mrMLM","PstI.TP826204","2","4127455","-1.5977e-05","0.0035","A"
"4","Trait5","mrMLM","PstI.TP51748","2","4127459","-0.0173","0.1955","A"
"4","Trait5","mrMLM","NsiI.TP560035","2","4136155","-3.9967e-06","9e-04","C"
"4","Trait5","mrMLM","NsiI.TP7672","2","4145630","1.0994e-05","0.0024","C"
"4","Trait5","mrMLM","NsiI.TP711715","2","4148416","-1.088e-05","0.0024","A"
"4","Trait5","mrMLM","PstI.TP782266","2","4173244","-1.2368e-05","0.0027","C"
"4","Trait5","mrMLM","PstI.TP370716","2","4270163","-1.0811e-05","0.0024","A"
"4","Trait5","mrMLM","PstI.TP1244466","2","4309777","-1.1693e-05","0.0026","A"
"4","Trait5","mrMLM","PstI.TP127545","2","4343917","-0.0755","0.7392","C"
"4","Trait5","mrMLM","PstI.TP493468","2","4347785","-1.2786e-05","0.0028","A"
"4","Trait5","mrMLM","PstI.TP1193525","2","4415350","-8.2122e-07","2e-04","C"
"4","Trait5","mrMLM","NsiI.TP129503","2","4424110","-6.1092e-06","0.0013","A"
"4","Trait5","mrMLM","PstI.TP361220","2","4474541","1.0133e-05","0.0022","A"
"4","Trait5","mrMLM","PstI.TP42080","2","4482472","-0.2297","1.3153","G"
"4","Trait5","mrMLM","PstI.TP16535","2","4499267","0.0721","0.7221","A"
"4","Trait5","mrMLM","NsiI.TP362814","2","4591437","2.3054e-05","0.005","A"
"4","Trait5","mrMLM","PstI.TP1145028","2","4612479","0.0465","0.5812","A"
"4","Trait5","mrMLM","PstI.TP773928","2","4635764","-7.6603e-06","0.0017","C"
"4","Trait5","mrMLM","PstI.TP665435","2","4646947","1.5527e-05","0.0034","C"
"4","Trait5","mrMLM","PstI.TP668842","2","4648949","5.6996e-06","0.0012","A"
"4","Trait5","mrMLM","PstI.TP981001","2","4681014","-0.1146","0.8425","A"
"4","Trait5","mrMLM","PstI.TP342466","2","4686314","3.2103e-07","6.9871e-05","A"
"4","Trait5","mrMLM","PstI.TP262331","2","4692065","5.2354e-06","0.0011","A"
"4","Trait5","mrMLM","PstI.TP318650","2","4705365","0.0922","0.8868","A"
"4","Trait5","mrMLM","NsiI.TP620431","2","4707723","-0.1007","0.6443","C"
"4","Trait5","mrMLM","PstI.TP663772","2","4768961","7.7382e-06","0.0017","C"
"4","Trait5","mrMLM","PstI.TP182549","2","4769024","6.3546e-07","1e-04","A"
"4","Trait5","mrMLM","PstI.TP487615","2","4774643","2.6647e-05","0.0058","A"
"4","Trait5","mrMLM","NsiI.TP756229","2","4779453","0.0047","0.0713","A"
"4","Trait5","mrMLM","PstI.TP985033","2","4786608","2.3455e-05","0.0051","A"
"4","Trait5","mrMLM","PstI.TP584875","2","4812441","0.032","0.2511","A"
"4","Trait5","mrMLM","NsiI.TP180361","2","4855817","0.2212","1.2285","A"
"4","Trait5","mrMLM","PstI.TP688729","2","4929876","-0.0719","0.2726","A"
"4","Trait5","mrMLM","PstI.TP1023443","2","4929930","8.5763e-06","0.0019","A"
"4","Trait5","mrMLM","PstI.TP1142871","2","4930821","-0.0916","0.8798","C"
"4","Trait5","mrMLM","NsiI.TP544486","2","4939850","-0.206","1.3059","C"
"4","Trait5","mrMLM","PstI.TP725609","2","4942696","0.3039","1.5443","G"
"4","Trait5","mrMLM","PstI.TP730974","2","4968872","-0.0974","0.4439","A"
"4","Trait5","mrMLM","NsiI.TP376675","2","5051419","-1.441e-05","0.0031","A"
"4","Trait5","mrMLM","PstI.TP1083606","2","5100645","0.0148","0.1404","C"
"4","Trait5","mrMLM","PstI.TP1294035","2","5163080","1.2334e-05","0.0027","C"
"4","Trait5","mrMLM","PstI.TP297282","2","5214604","-1.1526e-05","0.0025","A"
"4","Trait5","mrMLM","PstI.TP380157","2","5222953","-1.0585e-06","2e-04","A"
"4","Trait5","mrMLM","PstI.TP241219","2","5225650","-4.6229e-08","1.0061e-05","A"
"4","Trait5","mrMLM","NsiI.TP370497","2","5228620","0.0743","0.4908","A"
"4","Trait5","mrMLM","PstI.TP68478","2","5243180","-4.007e-06","9e-04","C"
"4","Trait5","mrMLM","NsiI.TP538517","2","5273866","-3.1707e-05","0.007","A"
"4","Trait5","mrMLM","PstI.TP539779","2","5282633","0.0974","0.5104","G"
"4","Trait5","mrMLM","PstI.TP292862","2","5295535","-1.0465e-06","2e-04","A"
"4","Trait5","mrMLM","PstI.TP44945","2","5312015","1.9164e-05","0.0042","A"
"4","Trait5","mrMLM","NsiI.TP275026","2","5321915","2.9601e-06","6e-04","C"
"4","Trait5","mrMLM","PstI.TP580104","2","5389101","0.0208","0.2015","A"
"4","Trait5","mrMLM","PstI.TP137903","2","5490554","-8.0292e-06","0.0018","A"
"4","Trait5","mrMLM","PstI.TP35716","2","5500236","1.9891e-05","0.0044","A"
"4","Trait5","mrMLM","PstI.TP838325","2","5507959","-4.2968e-06","9e-04","A"
"4","Trait5","mrMLM","PstI.TP168511","2","5511417","-1.0524e-05","0.0023","A"
"4","Trait5","mrMLM","PstI.TP198396","2","5516660","-3.9272e-05","0.0086","A"
"4","Trait5","mrMLM","NsiI.TP221707","2","5558392","1.1261e-05","0.0025","C"
"4","Trait5","mrMLM","NsiI.TP571566","2","5559193","-1.3655e-05","0.003","G"
"4","Trait5","mrMLM","NsiI.TP36895","2","5560647","-8.4035e-06","0.0018","A"
"4","Trait5","mrMLM","NsiI.TP144638","2","5562203","2.3631e-05","0.0052","A"
"4","Trait5","mrMLM","PstI.TP219162","2","5567905","-2.1247e-05","0.0046","C"
"4","Trait5","mrMLM","PstI.TP304979","2","5567971","-1.9859e-05","0.0043","A"
"4","Trait5","mrMLM","PstI.TP217237","2","5570708","-5.6125e-06","0.0012","C"
"4","Trait5","mrMLM","NsiI.TP529125","2","5630525","2.7485e-05","0.006","A"
"4","Trait5","mrMLM","PstI.TP851734","2","5649828","2.8435e-06","6e-04","C"
"4","Trait5","mrMLM","PstI.TP71456","2","5649876","-1.455e-06","3e-04","A"
"4","Trait5","mrMLM","PstI.TP741957","2","5655578","-8.5126e-06","0.0019","C"
"4","Trait5","mrMLM","PstI.TP383143","2","5722060","0.0595","0.3193","C"
"4","Trait5","mrMLM","PstI.TP259578","2","5808068","1.5952e-05","0.0035","G"
"4","Trait5","mrMLM","NsiI.TP767972","2","5837194","5.0138e-06","0.0011","A"
"4","Trait5","mrMLM","NsiI.TP487965","2","5838121","0.0144","0.2295","A"
"4","Trait5","mrMLM","PstI.TP814590","2","5879101","-8.9644e-06","0.002","C"
"4","Trait5","mrMLM","PstI.TP1102959","2","5884759","-0.2019","1.2628","A"
"4","Trait5","mrMLM","PstI.TP236859","2","5981510","-0.1946","1.2752","A"
"4","Trait5","mrMLM","PstI.TP208221","2","5983666","-3.4123e-05","0.0075","A"
"4","Trait5","mrMLM","PstI.TP749904","2","6008894","-7.4614e-06","0.0016","A"
"4","Trait5","mrMLM","PstI.TP749903","2","6008931","3.0274e-05","0.0066","C"
"4","Trait5","mrMLM","PstI.TP398618","2","6009711","-0.0376","0.4006","C"
"4","Trait5","mrMLM","NsiI.TP463421","2","6010875","-2.7984e-05","0.0061","A"
"4","Trait5","mrMLM","PstI.TP957946","2","6015319","3.9351e-05","0.0087","C"
"4","Trait5","mrMLM","NsiI.TP744444","2","6018062","1.2529e-05","0.0027","C"
"4","Trait5","mrMLM","NsiI.TP313952","2","6018124","1.5671e-05","0.0034","A"
"4","Trait5","mrMLM","NsiI.TP567453","2","6042585","-0.0123","0.166","A"
"4","Trait5","mrMLM","PstI.TP336124","2","6045000","0.0845","0.5297","G"
"4","Trait5","mrMLM","NsiI.TP783433","2","6091366","1.6917e-05","0.0037","C"
"4","Trait5","mrMLM","PstI.TP1034264","2","6135831","0.0643","0.4648","A"
"4","Trait5","mrMLM","PstI.TP308332","2","6238774","-1.3023e-05","0.0028","C"
"4","Trait5","mrMLM","NsiI.TP635661","2","6270373","-2.6747e-06","6e-04","A"
"4","Trait5","mrMLM","NsiI.TP423810","2","6291646","-2.6742e-05","0.0059","C"
"4","Trait5","mrMLM","PstI.TP794546","2","6395513","0.1037","0.662","A"
"4","Trait5","mrMLM","NsiI.TP750875","2","6430032","-1.3123e-06","3e-04","G"
"4","Trait5","mrMLM","PstI.TP509948","2","6460419","-0.1528","0.8921","G"
"4","Trait5","mrMLM","NsiI.TP361899","2","6469070","1.775e-05","0.0039","A"
"4","Trait5","mrMLM","NsiI.TP493686","2","6471155","8.6366e-06","0.0019","A"
"4","Trait5","mrMLM","PstI.TP892300","2","6572905","1.2549e-05","0.0027","A"
"4","Trait5","mrMLM","PstI.TP413223","2","6616604","-2.2208e-05","0.0049","A"
"4","Trait5","mrMLM","PstI.TP413226","2","6616612","1.3068e-05","0.0029","A"
"4","Trait5","mrMLM","NsiI.TP776540","2","6691211","-0.0386","0.3957","C"
"4","Trait5","mrMLM","GFSSContig14840_1377","2","6698083","-9.1241e-06","0.002","A"
"4","Trait5","mrMLM","PstI.TP176956","2","6740655","9.0653e-06","0.002","A"
"4","Trait5","mrMLM","NsiI.TP825543","2","6845244","-1.3466e-05","0.0029","C"
"4","Trait5","mrMLM","PstI.TP817616","2","6858746","1.6692e-05","0.0036","G"
"4","Trait5","mrMLM","PstI.TP1053389","2","6882567","0.0895","0.9946","A"
"4","Trait5","mrMLM","NsiI.TP383956","2","6882924","2.6714e-05","0.0059","A"
"4","Trait5","mrMLM","NsiI.TP351533","2","6998232","1.5871e-05","0.0035","G"
"4","Trait5","mrMLM","PstI.TP155981","2","7080756","0.1467","0.653","A"
"4","Trait5","mrMLM","NsiI.TP43011","2","7084573","1.4846e-05","0.0032","A"
"4","Trait5","mrMLM","PstI.TP316604","2","7089684","0.0409","0.4844","A"
"4","Trait5","mrMLM","PstI.TP669878","2","7105659","1.7758e-05","0.0039","C"
"4","Trait5","mrMLM","NsiI.TP331117","2","7123575","-6.1128e-06","0.0013","A"
"4","Trait5","mrMLM","PstI.TP506408","2","7240618","-4.4014e-06","0.001","C"
"4","Trait5","mrMLM","PstI.TP921414","2","7249958","-0.0059","0.1032","C"
"4","Trait5","mrMLM","PstI.TP297556","2","7251629","-3.0271e-05","0.0066","A"
"4","Trait5","mrMLM","PstI.TP1252533","2","7329384","9.223e-06","0.002","C"
"4","Trait5","mrMLM","PstI.TP144930","2","7329792","-1.3024e-05","0.0028","C"
"4","Trait5","mrMLM","PstI.TP901866","2","7365029","-2.6694e-05","0.0058","A"
"4","Trait5","mrMLM","PstI.TP841149","2","7377884","1.0504e-06","2e-04","A"
"4","Trait5","mrMLM","PstI.TP262290","2","7378306","9.3882e-08","2.043e-05","A"
"4","Trait5","mrMLM","NsiI.TP214321","2","7479442","7.4833e-06","0.0016","A"
"4","Trait5","mrMLM","PstI.TP848781","2","7553248","0.1988","0.8718","C"
"4","Trait5","mrMLM","PstI.TP507408","2","7561605","-0.1142","0.8409","A"
"4","Trait5","mrMLM","PstI.TP881382","2","7732506","-0.0798","0.3965","A"
"4","Trait5","mrMLM","NsiI.TP344402","2","7747119","1.5846e-05","0.0035","A"
"4","Trait5","mrMLM","PstI.TP401923","2","7767639","-0.0311","0.3058","C"
"4","Trait5","mrMLM","PstI.TP181926","2","7817398","0.1236","0.8001","C"
"4","Trait5","mrMLM","PstI.TP1264070","2","7827620","9.4724e-06","0.0021","A"
"4","Trait5","mrMLM","PstI.TP548378","2","7827689","-1.3802e-05","0.003","A"
"4","Trait5","mrMLM","PstI.TP1251590","2","7834748","-1.8413e-06","4e-04","A"
"4","Trait5","mrMLM","NsiI.TP340722","2","7835817","-3.4068e-06","7e-04","C"
"4","Trait5","mrMLM","NsiI.TP391268","2","7876397","-7.7169e-06","0.0017","G"
"4","Trait5","mrMLM","NsiI.TP61267","2","7889439","2.0107e-05","0.0044","C"
"4","Trait5","mrMLM","PstI.TP1209642","2","7903969","0.0049","0.1084","A"
"4","Trait5","mrMLM","PstI.TP1152019","2","7926717","4.174e-06","9e-04","A"
"4","Trait5","mrMLM","PstI.TP1015323","2","7941964","1.8827e-05","0.0041","C"
"4","Trait5","mrMLM","NsiI.TP634180","2","7958102","-5.944e-06","0.0013","A"
"4","Trait5","mrMLM","NsiI.TP666280","2","7962401","0.0585","0.3864","C"
"4","Trait5","mrMLM","PstI.TP542884","2","7975969","0.1651","1.2878","C"
"4","Trait5","mrMLM","NsiI.TP543497","2","7976217","-0.0195","0.2811","A"
"4","Trait5","mrMLM","NsiI.TP420988","2","7976608","-0.0632","0.3134","C"
"4","Trait5","mrMLM","NsiI.TP805756","2","7991960","2.7598e-05","0.006","A"
"4","Trait5","mrMLM","PstI.TP730455","2","8113277","0.2067","0.9815","C"
"4","Trait5","mrMLM","NsiI.TP7764","2","8133534","-3.4608e-05","0.0076","A"
"4","Trait5","mrMLM","PstI.TP725918","2","8160952","7.7748e-06","0.0017","A"
"4","Trait5","mrMLM","PstI.TP1043088","2","8205635","6.5814e-06","0.0014","C"
"4","Trait5","mrMLM","PstI.TP1043092","2","8205665","6.8939e-06","0.0015","A"
"4","Trait5","mrMLM","PstI.TP893925","2","8205911","1.2233e-05","0.0027","C"
"4","Trait5","mrMLM","NsiI.TP755123","2","8225139","0.0287","0.1867","G"
"4","Trait5","mrMLM","PstI.TP81471","2","8235709","2.7542e-05","0.006","C"
"4","Trait5","mrMLM","PstI.TP1186327","2","8257580","-1.3959e-05","0.003","C"
"4","Trait5","mrMLM","PstI.TP535942","2","8257610","2.5459e-06","6e-04","C"
"4","Trait5","mrMLM","PstI.TP8087","2","8265447","1.2558e-05","0.0027","A"
"4","Trait5","mrMLM","PstI.TP500549","2","8325489","2.3343e-06","5e-04","G"
"4","Trait5","mrMLM","NsiI.TP213203","2","8336167","2.5195e-05","0.0055","C"
"4","Trait5","mrMLM","PstI.TP1059373","2","8426061","-1.7463e-05","0.0038","A"
"4","Trait5","mrMLM","PstI.TP769403","2","8436637","-1.3333e-05","0.0029","A"
"4","Trait5","mrMLM","PstI.TP1168893","2","8450083","0.0924","0.7395","A"
"4","Trait5","mrMLM","NsiI.TP765459","2","8577674","0.0387","0.3082","A"
"4","Trait5","mrMLM","PstI.TP410821","2","8615723","-2.203e-05","0.0048","A"
"4","Trait5","mrMLM","PstI.TP238072","2","8660311","1.857e-05","0.0041","A"
"4","Trait5","mrMLM","PstI.TP923284","2","8668624","1.8027e-05","0.0039","C"
"4","Trait5","mrMLM","PstI.TP523895","2","8676195","-3.2652e-05","0.0072","A"
"4","Trait5","mrMLM","GFSSContig17916_723","2","8702027","1.1366e-05","0.0025","T"
"4","Trait5","mrMLM","PstI.TP220949","2","8703070","2.2017e-05","0.0048","A"
"4","Trait5","mrMLM","PstI.TP848601","2","8721933","3.8404e-05","0.0084","A"
"4","Trait5","mrMLM","PstI.TP146124","2","8785153","1.3872e-06","3e-04","C"
"4","Trait5","mrMLM","PstI.TP384707","2","8798159","-1.2717e-05","0.0028","A"
"4","Trait5","mrMLM","NsiI.TP411279","2","8810196","3.7419e-06","8e-04","C"
"4","Trait5","mrMLM","NsiI.TP411311","2","8810226","-2.2699e-05","0.005","C"
"4","Trait5","mrMLM","PstI.TP806349","2","8815136","1.7064e-05","0.0037","A"
"4","Trait5","mrMLM","PstI.TP286792","2","8823503","0.0055","0.0976","C"
"4","Trait5","mrMLM","PstI.TP915401","2","8871252","-1.8111e-06","4e-04","A"
"4","Trait5","mrMLM","PstI.TP745911","2","8890642","-7.8411e-06","0.0017","C"
"4","Trait5","mrMLM","PstI.TP970565","2","8917107","3.4424e-05","0.0076","C"
"4","Trait5","mrMLM","PstI.TP685253","2","8949707","0.0688","0.4471","A"
"4","Trait5","mrMLM","NsiI.TP545095","2","8978995","2.0115e-05","0.0044","C"
"4","Trait5","mrMLM","PstI.TP238302","2","9013203","-8.3176e-06","0.0018","A"
"4","Trait5","mrMLM","NsiI.TP438203","2","9025618","0.0279","0.4285","C"
"4","Trait5","mrMLM","PstI.TP347077","2","9052028","-7.7984e-06","0.0017","A"
"4","Trait5","mrMLM","PstI.TP101696","2","9065576","9.7456e-06","0.0021","A"
"4","Trait5","mrMLM","PstI.TP185100","2","9065988","4.8673e-07","1e-04","G"
"4","Trait5","mrMLM","PstI.TP71186","2","9177435","1.4972e-05","0.0033","G"
"4","Trait5","mrMLM","PstI.TP1096216","2","9204799","0.486","1.6756","A"
"4","Trait5","mrMLM","PstI.TP1135499","2","9250499","0.1469","0.9832","A"
"4","Trait5","mrMLM","PstI.TP577735","2","9251583","1.2607e-05","0.0028","A"
"4","Trait5","mrMLM","PstI.TP382744","2","9260485","0.107","0.6088","A"
"4","Trait5","mrMLM","NsiI.TP765496","2","9320924","-1.2357e-05","0.0027","C"
"4","Trait5","mrMLM","PstI.TP340360","2","9336954","-0.2823","1.4579","G"
"4","Trait5","mrMLM","PstI.TP38325","2","9348396","0.0859","0.5644","C"
"4","Trait5","mrMLM","NsiI.TP112876","2","9353395","1.7736e-05","0.0039","A"
"4","Trait5","mrMLM","NsiI.TP47841","2","9427275","2.8956e-05","0.0063","C"
"4","Trait5","mrMLM","PstI.TP48632","2","9434509","-3.2297e-05","0.0071","A"
"4","Trait5","mrMLM","PstI.TP810988","2","9437995","1.6763e-05","0.0037","A"
"4","Trait5","mrMLM","NsiI.TP373980","2","9439542","-3.1664e-05","0.0069","A"
"4","Trait5","mrMLM","PstI.TP422349","2","9464090","-7.5564e-06","0.0016","A"
"4","Trait5","mrMLM","PstI.TP100041","2","9497062","2.2181e-05","0.0049","A"
"4","Trait5","mrMLM","NsiI.TP483892","2","9521117","-5.6651e-06","0.0012","A"
"4","Trait5","mrMLM","NsiI.TP189127","2","9521211","0.0551","0.2585","A"
"4","Trait5","mrMLM","PstI.TP749310","2","9525754","2.6124e-05","0.0057","C"
"4","Trait5","mrMLM","PstI.TP620181","2","9565149","-8.7398e-06","0.0019","A"
"4","Trait5","mrMLM","PstI.TP906574","2","9567798","1.6172e-05","0.0035","G"
"4","Trait5","mrMLM","PstI.TP1065484","2","9592436","-1.8785e-05","0.0041","C"
"4","Trait5","mrMLM","PstI.TP767883","2","9601804","-0.1164","0.4843","A"
"4","Trait5","mrMLM","PstI.TP752035","2","9612569","2.7777e-06","6e-04","A"
"4","Trait5","mrMLM","PstI.TP374085","2","9617733","-7.0465e-06","0.0015","A"
"4","Trait5","mrMLM","PstI.TP1062938","2","9628038","1.1373e-05","0.0025","A"
"4","Trait5","mrMLM","PstI.TP941577","2","9663617","-1.7368e-05","0.0038","G"
"4","Trait5","mrMLM","PstI.TP772432","2","9820897","-8.3448e-07","2e-04","A"
"4","Trait5","mrMLM","PstI.TP366613","2","9834803","-0.0738","0.5843","A"
"4","Trait5","mrMLM","PstI.TP275110","2","9834807","-8.2663e-06","0.0018","A"
"4","Trait5","mrMLM","PstI.TP845869","2","9862801","0.1757","0.8915","A"
"4","Trait5","mrMLM","PstI.TP19752","2","9862947","1.9434e-05","0.0043","A"
"4","Trait5","mrMLM","PstI.TP931630","2","9892526","1.9584e-05","0.0043","A"
"4","Trait5","mrMLM","NsiI.TP669512","2","10009734","-2.8235e-06","6e-04","A"
"4","Trait5","mrMLM","NsiI.TP770335","2","10199450","-8.7379e-07","2e-04","A"
"4","Trait5","mrMLM","PstI.TP790795","2","10200111","-4.3835e-06","0.001","C"
"4","Trait5","mrMLM","PstI.TP1181576","2","10298312","-0.0398","0.3676","C"
"4","Trait5","mrMLM","PstI.TP788850","2","10401678","0.0508","0.686","G"
"4","Trait5","mrMLM","PstI.TP452173","2","10527282","-0.0912","1.0961","C"
"4","Trait5","mrMLM","PstI.TP80826","2","10542416","2.6217e-05","0.0057","A"
"4","Trait5","mrMLM","PstI.TP214696","2","10546371","1.739e-05","0.0038","A"
"4","Trait5","mrMLM","PstI.TP216314","2","10546412","-1.9274e-06","4e-04","C"
"4","Trait5","mrMLM","PstI.TP1031882","2","10618717","1.3681e-05","0.003","A"
"4","Trait5","mrMLM","PstI.TP1274664","2","10641196","1.4575e-05","0.0032","A"
"4","Trait5","mrMLM","PstI.TP1286086","2","10858840","0.0806","1.271","A"
"4","Trait5","mrMLM","PstI.TP1110260","2","10970034","-1.3043e-06","3e-04","A"
"4","Trait5","mrMLM","PstI.TP615083","2","11176998","1.6671e-05","0.0036","C"
"4","Trait5","mrMLM","GFSSContig19229_860","2","11550006","6.0381e-06","0.0013","T"
"4","Trait5","mrMLM","PstI.TP766482","2","11550091","-0.142","0.5389","A"
"4","Trait5","mrMLM","NsiI.TP304401","2","11963795","0.2104","1.4429","A"
"4","Trait5","mrMLM","NsiI.TP188522","2","12102013","-1.6521e-05","0.0036","C"
"4","Trait5","mrMLM","GFSSContig11545_976","2","12244116","2.5504e-05","0.0056","T"
"4","Trait5","mrMLM","PstI.TP1256743","2","12349536","-1.0905e-05","0.0024","C"
"4","Trait5","mrMLM","PstI.TP205566","2","12368592","-2.8777e-05","0.0063","C"
"4","Trait5","mrMLM","NsiI.TP371824","2","12388729","-1.7393e-06","4e-04","A"
"4","Trait5","mrMLM","NsiI.TP116106","2","12411022","-9.9555e-06","0.0022","A"
"4","Trait5","mrMLM","NsiI.TP358777","2","12478713","0.1508","0.7518","A"
"4","Trait5","mrMLM","PstI.TP87823","2","12499508","-1.6881e-05","0.0037","A"
"4","Trait5","mrMLM","NsiI.TP169987","2","12533440","-2.19e-05","0.0048","C"
"4","Trait5","mrMLM","NsiI.TP746331","2","12756538","2.7906e-05","0.0061","A"
"4","Trait5","mrMLM","PstI.TP814161","2","12758584","0.0959","0.5501","A"
"4","Trait5","mrMLM","NsiI.TP412927","2","12932233","1.573e-06","3e-04","A"
"4","Trait5","mrMLM","NsiI.TP42832","2","13066304","-9.9687e-06","0.0022","A"
"4","Trait5","mrMLM","PstI.TP743419","2","13067196","3.151e-05","0.0069","C"
"4","Trait5","mrMLM","PstI.TP51705","2","13076006","-0.1398","0.9551","A"
"4","Trait5","mrMLM","PstI.TP998112","2","13166227","0.0602","0.4011","C"
"4","Trait5","mrMLM","PstI.TP839560","2","13167754","5.1901e-06","0.0011","G"
"4","Trait5","mrMLM","NsiI.TP499956","2","13229256","2.45e-07","5.3318e-05","C"
"4","Trait5","mrMLM","PstI.TP669472","2","13247155","1.7798e-05","0.0039","A"
"4","Trait5","mrMLM","NsiI.TP441994","2","13270607","2.5577e-05","0.0056","G"
"4","Trait5","mrMLM","PstI.TP203615","2","13271675","3.6562e-06","8e-04","A"
"4","Trait5","mrMLM","NsiI.TP503252","2","13290797","0.0426","0.4923","A"
"4","Trait5","mrMLM","NsiI.TP202126","2","13358970","-1.7951e-05","0.0039","A"
"4","Trait5","mrMLM","NsiI.TP51047","2","13453548","-0.0862","0.513","A"
"4","Trait5","mrMLM","NsiI.TP6336","2","13499908","-1.5856e-05","0.0035","C"
"4","Trait5","mrMLM","PstI.TP1200270","2","13518060","-0.0643","0.4663","A"
"4","Trait5","mrMLM","NsiI.TP744737","2","13521067","0.0335","0.2052","A"
"4","Trait5","mrMLM","PstI.TP640452","2","13526708","2.8832e-06","6e-04","C"
"4","Trait5","mrMLM","NsiI.TP329056","2","13541116","1.1651e-05","0.0025","C"
"4","Trait5","mrMLM","PstI.TP898807","2","13546443","-0.1022","0.7259","G"
"4","Trait5","mrMLM","PstI.TP1164756","2","13547011","2.2584e-05","0.0049","A"
"4","Trait5","mrMLM","PstI.TP139749","2","13559614","-0.0086","0.1493","C"
"4","Trait5","mrMLM","PstI.TP200935","2","13608138","-3.6371e-05","0.008","C"
"4","Trait5","mrMLM","PstI.TP278903","2","13608360","1.3625e-05","0.003","A"
"4","Trait5","mrMLM","PstI.TP947087","2","13610693","2.459e-05","0.0054","A"
"4","Trait5","mrMLM","NsiI.TP438264","2","13681869","-0.0499","0.352","A"
"4","Trait5","mrMLM","NsiI.TP463738","2","13682540","2.2986e-06","5e-04","C"
"4","Trait5","mrMLM","NsiI.TP3476","2","13688466","-6.4298e-06","0.0014","A"
"4","Trait5","mrMLM","NsiI.TP784723","2","13689174","-2.7296e-05","0.006","A"
"4","Trait5","mrMLM","NsiI.TP793044","2","13689179","1.6826e-05","0.0037","C"
"4","Trait5","mrMLM","NsiI.TP786394","2","13689209","-5.3048e-06","0.0012","A"
"4","Trait5","mrMLM","NsiI.TP786094","2","13689212","-0.1656","1.6165","C"
"4","Trait5","mrMLM","NsiI.TP786059","2","13689217","-2.6132e-05","0.0057","C"
"4","Trait5","mrMLM","NsiI.TP697615","2","13689231","2.2394e-05","0.0049","A"
"4","Trait5","mrMLM","NsiI.TP32826","2","13691196","8.8491e-06","0.0019","A"
"4","Trait5","mrMLM","PstI.TP1086028","2","13702157","1.0273e-05","0.0022","C"
"4","Trait5","mrMLM","NsiI.TP465195","2","13702547","-1.2059e-05","0.0026","A"
"4","Trait5","mrMLM","NsiI.TP646776","2","13780096","1.1204e-05","0.0024","A"
"4","Trait5","mrMLM","NsiI.TP646777","2","13780108","1.069e-05","0.0023","C"
"4","Trait5","mrMLM","PstI.TP632422","2","13806534","-0.0915","0.3788","A"
"4","Trait5","mrMLM","PstI.TP117337","2","13824821","7.4747e-06","0.0016","C"
"4","Trait5","mrMLM","PstI.TP201411","2","14003821","-0.022","0.1779","A"
"4","Trait5","mrMLM","NsiI.TP293002","2","14123287","1.6279e-05","0.0036","A"
"4","Trait5","mrMLM","PstI.TP25701","2","14149405","-4.9028e-06","0.0011","C"
"4","Trait5","mrMLM","PstI.TP81487","2","14172195","-1.7921e-05","0.0039","C"
"4","Trait5","mrMLM","PstI.TP1138902","2","14219817","0.0777","0.4611","A"
"4","Trait5","mrMLM","NsiI.TP149172","2","14257478","-1.8871e-05","0.0041","C"
"4","Trait5","mrMLM","NsiI.TP493902","2","14260446","4.9394e-06","0.0011","C"
"4","Trait5","mrMLM","PstI.TP706479","2","14264983","1.2799e-05","0.0028","G"
"4","Trait5","mrMLM","PstI.TP259080","2","14265997","0.0441","0.3656","A"
"4","Trait5","mrMLM","PstI.TP259088","2","14266020","2.8342e-05","0.0062","C"
"4","Trait5","mrMLM","NsiI.TP42250","2","14266773","2.0663e-05","0.0045","C"
"4","Trait5","mrMLM","PstI.TP624006","2","14333414","-9.7169e-06","0.0021","C"
"4","Trait5","mrMLM","PstI.TP802029","2","14358830","-1.4753e-05","0.0032","A"
"4","Trait5","mrMLM","PstI.TP829526","2","14358912","6.5298e-06","0.0014","A"
"4","Trait5","mrMLM","PstI.TP749072","2","14359850","2.3021e-05","0.005","C"
"4","Trait5","mrMLM","PstI.TP995823","2","14368850","0.0479","0.3332","A"
"4","Trait5","mrMLM","PstI.TP723971","2","14394959","0.0547","0.6406","C"
"4","Trait5","mrMLM","NsiI.TP660683","2","14396862","-0.2451","1.3114","A"
"4","Trait5","mrMLM","PstI.TP1130306","2","14438079","1.8659e-05","0.0041","C"
"4","Trait5","mrMLM","PstI.TP478908","2","14478233","2.7878e-05","0.0061","A"
"4","Trait5","mrMLM","PstI.TP1078961","2","14481910","-0.1057","0.5428","C"
"4","Trait5","mrMLM","PstI.TP998491","2","14521096","-0.0376","0.4516","C"
"4","Trait5","mrMLM","NsiI.TP741434","2","14719335","0.0211","0.1652","A"
"4","Trait5","mrMLM","NsiI.TP700871","2","14748009","-1.6862e-05","0.0037","G"
"4","Trait5","mrMLM","NsiI.TP694083","2","14769883","0.0325","0.3756","A"
"4","Trait5","mrMLM","NsiI.TP65215","2","14799328","-2.8158e-06","6e-04","G"
"4","Trait5","mrMLM","NsiI.TP523212","2","14805387","-0.0317","0.2691","C"
"4","Trait5","mrMLM","PstI.TP743010","2","14880369","-8.3613e-07","2e-04","G"
"4","Trait5","mrMLM","PstI.TP23330","2","14890257","0.0106","0.1257","A"
"4","Trait5","mrMLM","NsiI.TP669128","2","14976284","1.6623e-05","0.0036","A"
"4","Trait5","mrMLM","NsiI.TP607578","2","15114940","-0.0966","0.5661","C"
"4","Trait5","mrMLM","PstI.TP1064795","2","15164316","-0.0528","0.2821","G"
"4","Trait5","mrMLM","NsiI.TP131334","2","15190023","-9.8967e-06","0.0022","A"
"4","Trait5","mrMLM","NsiI.TP485286","2","15201135","0.0572","0.5044","C"
"4","Trait5","mrMLM","PstI.TP607155","2","15373321","2.283e-05","0.005","A"
"4","Trait5","mrMLM","NsiI.TP730564","2","15407513","-8.8864e-07","2e-04","G"
"4","Trait5","mrMLM","NsiI.TP222535","2","15561544","-6.5145e-06","0.0014","A"
"4","Trait5","mrMLM","PstI.TP126486","2","15706808","8.7081e-07","2e-04","A"
"4","Trait5","mrMLM","PstI.TP1013077","2","15710121","0.1431","0.6979","C"
"4","Trait5","mrMLM","PstI.TP343649","2","15710706","1.3081e-05","0.0029","A"
"4","Trait5","mrMLM","NsiI.TP132105","2","15898008","-9.6702e-06","0.0021","A"
"4","Trait5","mrMLM","NsiI.TP77209","2","15957189","2.5545e-05","0.0056","A"
"4","Trait5","mrMLM","PstI.TP108652","2","15963619","-0.0391","0.4466","A"
"4","Trait5","mrMLM","NsiI.TP671715","2","15963992","1.9189e-05","0.0042","A"
"4","Trait5","mrMLM","NsiI.TP135552","2","15989917","-4.8857e-06","0.0011","C"
"4","Trait5","mrMLM","NsiI.TP51510","2","15994531","-3.7144e-05","0.0082","A"
"4","Trait5","mrMLM","NsiI.TP637405","2","16276164","1.4711e-05","0.0032","A"
"4","Trait5","mrMLM","NsiI.TP688808","2","16410862","0.0068","0.0868","A"
"4","Trait5","mrMLM","PstI.TP1096193","2","16420113","5.3873e-06","0.0012","A"
"4","Trait5","mrMLM","PstI.TP935823","2","16479925","0.1442","1.2285","G"
"4","Trait5","mrMLM","PstI.TP1133231","2","16502221","-2.6006e-05","0.0057","C"
"4","Trait5","mrMLM","NsiI.TP765685","2","16612091","0.3617","1.9605","A"
"4","Trait5","mrMLM","PstI.TP1029844","2","16673841","2.5447e-05","0.0056","A"
"4","Trait5","mrMLM","NsiI.TP338319","2","16850730","-4.6937e-06","0.001","A"
"4","Trait5","mrMLM","NsiI.TP620217","2","16850766","-0.0261","0.2228","A"
"4","Trait5","mrMLM","NsiI.TP640755","2","16850781","-0.1036","0.4756","G"
"4","Trait5","mrMLM","NsiI.TP697307","2","16857287","-8.8765e-06","0.0019","A"
"4","Trait5","mrMLM","PstI.TP1086412","2","16857975","-0.139","0.907","C"
"4","Trait5","mrMLM","PstI.TP201747","2","16880214","2.8461e-05","0.0062","C"
"4","Trait5","mrMLM","PstI.TP249017","2","16907392","0.1017","0.5512","C"
"4","Trait5","mrMLM","NsiI.TP689559","2","16908451","-5.1654e-06","0.0011","A"
"4","Trait5","mrMLM","PstI.TP326938","2","16984761","-1.585e-05","0.0035","A"
"4","Trait5","mrMLM","NsiI.TP636057","2","16986845","-6.7905e-06","0.0015","A"
"4","Trait5","mrMLM","GFSSContig10720_700","2","17049151","-1.7965e-05","0.0039","T"
"4","Trait5","mrMLM","NsiI.TP167999","2","17066870","-0.0219","0.2327","G"
"4","Trait5","mrMLM","PstI.TP1097650","2","17104324","-0.0279","0.2432","A"
"4","Trait5","mrMLM","GFSSContig3212_326","2","17269304","3.784e-05","0.0083","A"
"4","Trait5","mrMLM","NsiI.TP116105","2","17271954","1.5894e-05","0.0035","A"
"4","Trait5","mrMLM","NsiI.TP621350","2","17294324","1.0144e-05","0.0022","C"
"4","Trait5","mrMLM","PstI.TP636524","2","17304780","-1.8237e-05","0.004","G"
"4","Trait5","mrMLM","PstI.TP990758","2","17587135","-1.4214e-05","0.0031","C"
"4","Trait5","mrMLM","NsiI.TP30530","2","17708321","-0.0748","0.4097","A"
"4","Trait5","mrMLM","NsiI.TP551533","2","17708401","-1.8504e-06","4e-04","C"
"4","Trait5","mrMLM","PstI.TP1219300","2","17726808","6.9566e-07","2e-04","C"
"4","Trait5","mrMLM","NsiI.TP369993","2","17729968","-9.9084e-07","2e-04","C"
"4","Trait5","mrMLM","NsiI.TP185790","2","17764926","-6.9497e-07","2e-04","A"
"4","Trait5","mrMLM","PstI.TP26506","2","17982247","-1.099e-05","0.0024","G"
"4","Trait5","mrMLM","NsiI.TP343143","2","17982334","-2.0423e-05","0.0045","A"
"4","Trait5","mrMLM","NsiI.TP397189","2","17997205","1.2902e-05","0.0028","C"
"4","Trait5","mrMLM","PstI.TP873010","2","18318332","-2.1846e-05","0.0048","A"
"4","Trait5","mrMLM","PstI.TP116004","2","18318413","1.1524e-05","0.0025","A"
"4","Trait5","mrMLM","NsiI.TP501986","2","18533135","0.1321","0.8718","A"
"4","Trait5","mrMLM","PstI.TP197948","2","18537474","-1.7471e-05","0.0038","A"
"4","Trait5","mrMLM","NsiI.TP716628","2","18537633","0.0108","0.0804","C"
"4","Trait5","mrMLM","GFSSContig623_207","2","18538897","1.1577e-05","0.0025","A"
"4","Trait5","mrMLM","NsiI.TP729839","2","18540344","1.7589e-05","0.0038","C"
"4","Trait5","mrMLM","PstI.TP387372","2","18542714","-0.0093","0.1332","G"
"4","Trait5","mrMLM","NsiI.TP340298","2","18542990","-1.9292e-05","0.0042","C"
"4","Trait5","mrMLM","PstI.TP10310","2","18574283","0.1684","0.4758","C"
"4","Trait5","mrMLM","PstI.TP976703","2","18574379","1.5016e-05","0.0033","C"
"4","Trait5","mrMLM","PstI.TP905168","2","18578782","-9.962e-06","0.0022","G"
"4","Trait5","mrMLM","NsiI.TP462688","2","18776804","0.1161","0.8922","A"
"4","Trait5","mrMLM","PstI.TP843258","2","18785310","9.1554e-07","2e-04","G"
"4","Trait5","mrMLM","PstI.TP1284448","2","18810260","5.3692e-06","0.0012","G"
"4","Trait5","mrMLM","PstI.TP255230","2","18810670","-1.0411e-05","0.0023","A"
"4","Trait5","mrMLM","PstI.TP311508","2","18811212","-2.432e-06","5e-04","A"
"4","Trait5","mrMLM","PstI.TP715121","2","18844611","-0.0258","0.2096","C"
"4","Trait5","mrMLM","PstI.TP995869","2","18919482","-0.0042","0.0751","C"
"4","Trait5","mrMLM","PstI.TP77189","2","18920943","-0.0281","0.2247","C"
"4","Trait5","mrMLM","NsiI.TP61739","2","18920956","1.9634e-05","0.0043","A"
"4","Trait5","mrMLM","NsiI.TP227349","2","18921208","-6.3717e-07","1e-04","C"
"4","Trait5","mrMLM","PstI.TP1147178","2","19167828","0.0087","0.1642","A"
"4","Trait5","mrMLM","PstI.TP1097010","2","19533020","7.0111e-06","0.0015","A"
"4","Trait5","mrMLM","NsiI.TP820147","2","19537481","-1.3427e-05","0.0029","A"
"4","Trait5","mrMLM","PstI.TP364647","2","19726028","0.3628","2.8839","C"
"4","Trait5","mrMLM","PstI.TP612262","2","19764719","9.8808e-06","0.0022","C"
"4","Trait5","mrMLM","PstI.TP1294337","2","19795219","1.7862e-06","4e-04","A"
"4","Trait5","mrMLM","PstI.TP718762","2","19798138","-1.2686e-05","0.0028","A"
"4","Trait5","mrMLM","NsiI.TP487428","2","19803765","-4.3801e-06","0.001","A"
"4","Trait5","mrMLM","NsiI.TP624537","2","19826828","-0.0766","0.5663","A"
"4","Trait5","mrMLM","PstI.TP216305","2","19837768","-5.0227e-06","0.0011","A"
"4","Trait5","mrMLM","PstI.TP4837","2","19838374","2.149e-05","0.0047","A"
"4","Trait5","mrMLM","NsiI.TP417060","2","19859544","1.1437e-05","0.0025","A"
"4","Trait5","mrMLM","NsiI.TP253777","2","20124179","-2.2044e-05","0.0048","G"
"4","Trait5","mrMLM","NsiI.TP23308","2","20189145","8.4947e-06","0.0019","A"
"4","Trait5","mrMLM","PstI.TP613714","2","20235279","-1.908e-06","4e-04","A"
"4","Trait5","mrMLM","NsiI.TP120325","2","20239248","0.1135","0.7357","C"
"4","Trait5","mrMLM","NsiI.TP293938","2","20244831","1.4961e-05","0.0033","A"
"4","Trait5","mrMLM","NsiI.TP659539","2","20500478","-1.3105e-05","0.0029","A"
"4","Trait5","mrMLM","NsiI.TP144861","2","20500544","0.0047","0.1223","A"
"4","Trait5","mrMLM","NsiI.TP115800","2","20500579","-0.3593","1.8502","C"
"4","Trait5","mrMLM","NsiI.TP144864","2","20500585","1.0192e-06","2e-04","A"
"4","Trait5","mrMLM","PstI.TP294013","2","20558919","-0.0964","0.4333","A"
"4","Trait5","mrMLM","PstI.TP323280","2","20594752","-1.5271e-05","0.0033","A"
"4","Trait5","mrMLM","PstI.TP733506","2","20595082","-0.0748","0.5508","A"
"4","Trait5","mrMLM","NsiI.TP573065","2","20701878","7.7929e-07","2e-04","C"
"4","Trait5","mrMLM","NsiI.TP244612","2","20703525","-2.6929e-06","6e-04","C"
"4","Trait5","mrMLM","PstI.TP815699","2","20860666","0.0633","0.6195","G"
"4","Trait5","mrMLM","NsiI.TP161816","2","20891158","-0.1376","0.8224","C"
"4","Trait5","mrMLM","NsiI.TP407972","2","20899089","-0.0549","0.8059","C"
"4","Trait5","mrMLM","NsiI.TP619792","2","20972514","1.444e-05","0.0032","A"
"4","Trait5","mrMLM","PstI.TP1052134","2","20977582","-6.5828e-06","0.0014","A"
"4","Trait5","mrMLM","NsiI.TP496272","2","21104644","-3.5671e-06","8e-04","A"
"4","Trait5","mrMLM","NsiI.TP498857","2","21156558","1.1041e-05","0.0024","C"
"4","Trait5","mrMLM","PstI.TP982120","2","21428233","0.1519","0.7341","A"
"4","Trait5","mrMLM","PstI.TP333846","2","21429094","4.627e-06","0.001","A"
"4","Trait5","mrMLM","PstI.TP1146052","2","21430924","0.0602","0.5009","A"
"4","Trait5","mrMLM","PstI.TP941483","2","21521726","-1.7222e-05","0.0038","A"
"4","Trait5","mrMLM","NsiI.TP183334","2","21523636","0.0119","0.1292","A"
"4","Trait5","mrMLM","NsiI.TP40347","2","21595648","1.3294e-05","0.0029","C"
"4","Trait5","mrMLM","NsiI.TP282845","2","21883367","1.3659e-05","0.003","A"
"4","Trait5","mrMLM","NsiI.TP248959","2","21918992","-3.0689e-05","0.0067","C"
"4","Trait5","mrMLM","NsiI.TP132146","2","21919408","-1.4949e-05","0.0033","C"
"4","Trait5","mrMLM","PstI.TP1179426","2","22129951","-0.0896","1.0706","A"
"4","Trait5","mrMLM","PstI.TP455422","2","22139812","9.3582e-06","0.002","A"
"4","Trait5","mrMLM","NsiI.TP307324","2","22200701","-0.1386","1.5849","A"
"4","Trait5","mrMLM","NsiI.TP678341","2","22203749","-1.415e-05","0.0031","A"
"4","Trait5","mrMLM","PstI.TP205512","2","22342699","0.0327","0.3566","A"
"4","Trait5","mrMLM","NsiI.TP442920","2","22462507","-0.174","1.2528","A"
"4","Trait5","mrMLM","NsiI.TP56338","2","22463556","2.4607e-05","0.0054","A"
"4","Trait5","mrMLM","NsiI.TP487417","2","22482603","0.0276","0.2136","A"
"4","Trait5","mrMLM","PstI.TP700714","2","22951859","2.2272e-05","0.0049","C"
"4","Trait5","mrMLM","PstI.TP718032","2","23093745","-1.3577e-05","0.003","A"
"4","Trait5","mrMLM","PstI.TP595475","2","23185705","1.2706e-05","0.0028","C"
"4","Trait5","mrMLM","PstI.TP8007","2","23185884","-1.517e-05","0.0033","A"
"4","Trait5","mrMLM","PstI.TP549798","2","23212519","-1.1045e-05","0.0024","C"
"4","Trait5","mrMLM","PstI.TP118996","2","23316351","-5.4002e-06","0.0012","A"
"4","Trait5","mrMLM","PstI.TP833228","2","23342056","-1.3945e-05","0.003","G"
"4","Trait5","mrMLM","PstI.TP200327","2","23342582","0.0235","0.2668","C"
"4","Trait5","mrMLM","PstI.TP205500","2","23346653","2.9769e-05","0.0065","C"
"4","Trait5","mrMLM","PstI.TP926794","2","23346740","0.1418","0.7599","C"
"4","Trait5","mrMLM","NsiI.TP337093","2","23346740","1.0886e-05","0.0024","C"
"4","Trait5","mrMLM","PstI.TP1254847","2","23603100","-0.0379","0.408","C"
"4","Trait5","mrMLM","PstI.TP738286","2","23745418","0.1117","0.9013","C"
"4","Trait5","mrMLM","NsiI.TP628429","2","23760021","-2.0571e-05","0.0045","A"
"4","Trait5","mrMLM","PstI.TP18098","2","23769344","-0.1727","1.0979","A"
"4","Trait5","mrMLM","PstI.TP1277536","2","23996480","3.2377e-07","7.0466e-05","C"
"4","Trait5","mrMLM","PstI.TP380288","2","25348641","-1.8743e-05","0.0041","A"
"4","Trait5","mrMLM","NsiI.TP713800","2","25410985","1.5151e-05","0.0033","C"
"4","Trait5","mrMLM","PstI.TP776875","2","27154974","0.1968","0.7236","G"
"4","Trait5","mrMLM","NsiI.TP521139","2","27217250","5.9303e-07","1e-04","A"
"4","Trait5","mrMLM","NsiI.TP494189","2","27518717","-0.0586","0.4846","C"
"4","Trait5","mrMLM","PstI.TP506280","2","27578762","0.0585","0.3061","C"
"4","Trait5","mrMLM","PstI.TP949269","2","27614839","-1.8854e-05","0.0041","A"
"4","Trait5","mrMLM","PstI.TP402269","2","27615402","1.9595e-05","0.0043","C"
"4","Trait5","mrMLM","PstI.TP551509","2","27803104","-4.0257e-06","9e-04","C"
"4","Trait5","mrMLM","NsiI.TP199778","2","27804707","0.0791","0.3691","G"
"4","Trait5","mrMLM","PstI.TP982462","2","28670723","-0.0364","0.3328","A"
"4","Trait5","mrMLM","PstI.TP1184522","2","29037914","-0.1956","0.7854","A"
"4","Trait5","mrMLM","NsiI.TP522658","2","29235102","1.9091e-05","0.0042","A"
"4","Trait5","mrMLM","PstI.TP106192","2","29343010","1.759e-05","0.0038","G"
"4","Trait5","mrMLM","PstI.TP297158","2","29504947","-0.0157","0.1997","C"
"4","Trait5","mrMLM","NsiI.TP421742","2","29895267","-2.0316e-05","0.0044","A"
"4","Trait5","mrMLM","PstI.TP840565","2","31129874","0.1451","0.6981","A"
"4","Trait5","mrMLM","NsiI.TP532566","2","31135097","0.0384","0.3242","G"
"4","Trait5","mrMLM","NsiI.TP532563","2","31135123","-0.1328","0.644","A"
"4","Trait5","mrMLM","NsiI.TP6824","2","37081934","7.6495e-06","0.0017","A"
"4","Trait5","mrMLM","NsiI.TP136029","2","37088189","-0.1333","0.7633","A"
"4","Trait5","mrMLM","NsiI.TP780797","2","37090033","0.0119","0.1444","C"
"4","Trait5","mrMLM","GFSSContig16734_2201","2","37100980","-6.0359e-06","0.0013","A"
"4","Trait5","mrMLM","PstI.TP229922","2","37812716","0.0924","0.6915","G"
"4","Trait5","mrMLM","NsiI.TP499189","2","38534155","-0.0302","0.3676","A"
"4","Trait5","mrMLM","NsiI.TP712437","2","38534332","-1.8553e-05","0.0041","A"
"4","Trait5","mrMLM","NsiI.TP559984","2","38838004","7.438e-06","0.0016","A"
"4","Trait5","mrMLM","NsiI.TP559985","2","38838033","0.1527","0.689","C"
"4","Trait5","mrMLM","PstI.TP1060183","2","39474046","0.053","0.2548","A"
"4","Trait5","mrMLM","NsiI.TP185738","2","39952629","-7.7138e-06","0.0017","A"
"4","Trait5","mrMLM","PstI.TP115189","2","41366046","0.0156","0.2248","A"
"4","Trait5","mrMLM","PstI.TP152155","2","41366318","-0.0021","0.0776","C"
"4","Trait5","mrMLM","NsiI.TP38533","2","41373269","0.0582","0.3815","C"
"4","Trait5","mrMLM","NsiI.TP717742","2","42579868","-0.159","0.6672","A"
"4","Trait5","mrMLM","PstI.TP404373","2","44085849","4.6455e-06","0.001","G"
"4","Trait5","mrMLM","NsiI.TP139756","2","44968498","-1.1293e-05","0.0025","A"
"4","Trait5","mrMLM","PstI.TP198343","2","45081606","0.1536","1.2049","G"
"4","Trait5","mrMLM","PstI.TP50640","2","45441656","0.1895","1.3248","A"
"4","Trait5","mrMLM","NsiI.TP518409","2","45764088","-2.9975e-06","7e-04","C"
"4","Trait5","mrMLM","PstI.TP385678","2","45782629","1.8211e-05","0.004","C"
"4","Trait5","mrMLM","NsiI.TP119191","2","45878088","1.5624e-05","0.0034","A"
"4","Trait5","mrMLM","PstI.TP759980","2","45884147","-1.352e-05","0.003","C"
"4","Trait5","mrMLM","NsiI.TP258067","2","45969771","-0.1118","1.0034","A"
"4","Trait5","mrMLM","PstI.TP117081","2","45986549","0.3146","1.8114","C"
"4","Trait5","mrMLM","PstI.TP117089","2","45986595","1.7803e-06","4e-04","A"
"4","Trait5","mrMLM","PstI.TP666113","2","46660522","-0.0217","0.1439","G"
"4","Trait5","mrMLM","PstI.TP385344","2","46664405","5.3467e-06","0.0012","C"
"4","Trait5","mrMLM","NsiI.TP743201","2","46673454","-8.7314e-06","0.0019","A"
"4","Trait5","mrMLM","PstI.TP130960","2","46747557","-2.0698e-06","5e-04","G"
"4","Trait5","mrMLM","NsiI.TP534178","2","46769024","1.0089e-05","0.0022","A"
"4","Trait5","mrMLM","NsiI.TP629871","2","46790175","0.1651","1.2703","A"
"4","Trait5","mrMLM","PstI.TP1198748","2","46870734","9.7569e-06","0.0021","A"
"4","Trait5","mrMLM","PstI.TP826945","2","46930601","-1.8686e-07","4.0669e-05","C"
"4","Trait5","mrMLM","NsiI.TP750546","2","46939014","0.007","0.1334","C"
"4","Trait5","mrMLM","PstI.TP1154493","2","47054143","0.1782","2.2803","A"
"4","Trait5","mrMLM","PstI.TP785708","2","47159689","-8.1439e-06","0.0018","C"
"4","Trait5","mrMLM","PstI.TP689993","2","47160415","6.8524e-06","0.0015","A"
"4","Trait5","mrMLM","PstI.TP53443","2","47160491","-4.9027e-06","0.0011","A"
"4","Trait5","mrMLM","PstI.TP209906","2","47204337","2.4214e-05","0.0053","A"
"4","Trait5","mrMLM","NsiI.TP38709","2","47204347","1.8198e-06","4e-04","A"
"4","Trait5","mrMLM","PstI.TP54171","2","47254365","0.0419","0.5376","C"
"4","Trait5","mrMLM","NsiI.TP367697","2","47283706","-2.0305e-05","0.0044","G"
"4","Trait5","mrMLM","NsiI.TP321951","2","47382869","2.5068e-05","0.0055","C"
"4","Trait5","mrMLM","PstI.TP129992","2","47440033","-0.1787","0.8337","A"
"4","Trait5","mrMLM","PstI.TP1220879","2","47479697","-7.0851e-06","0.0015","A"
"4","Trait5","mrMLM","NsiI.TP385912","2","47485966","-1.6694e-05","0.0036","A"
"4","Trait5","mrMLM","PstI.TP654111","2","47489621","1.591e-05","0.0035","C"
"4","Trait5","mrMLM","NsiI.TP802075","2","47648652","-5.0213e-07","1e-04","C"
"4","Trait5","mrMLM","PstI.TP883579","2","47758114","-4.1674e-06","9e-04","C"
"4","Trait5","mrMLM","NsiI.TP326806","2","48437370","5.5246e-06","0.0012","C"
"4","Trait5","mrMLM","NsiI.TP458529","2","48714152","-2.3997e-05","0.0053","C"
"4","Trait5","mrMLM","PstI.TP842764","2","49079381","-0.1537","1.3864","C"
"4","Trait5","mrMLM","PstI.TP1198894","2","49090569","4.0814e-05","0.009","A"
"4","Trait5","mrMLM","PstI.TP377175","2","49470375","0.1208","0.6618","A"
"4","Trait5","mrMLM","PstI.TP510304","2","49519374","-1.1982e-05","0.0026","A"
"4","Trait5","mrMLM","PstI.TP483350","2","49522561","-0.2061","1.713","C"
"4","Trait5","mrMLM","PstI.TP238016","2","49531813","-2.4047e-05","0.0053","C"
"4","Trait5","mrMLM","NsiI.TP400530","2","49626564","-9.5941e-06","0.0021","C"
"4","Trait5","mrMLM","PstI.TP237380","2","49698711","-5.9813e-06","0.0013","A"
"4","Trait5","mrMLM","PstI.TP912290","2","49702186","1.7129e-05","0.0037","A"
"4","Trait5","mrMLM","PstI.TP427104","2","49743751","-2.2277e-05","0.0049","A"
"4","Trait5","mrMLM","GFSSContig17648_463","2","49751578","2.3949e-07","5.2122e-05","A"
"4","Trait5","mrMLM","GFSSContig17648_1410","2","49754931","7.1672e-06","0.0016","A"
"4","Trait5","mrMLM","NsiI.TP245065","2","49755024","0.0195","0.2496","A"
"4","Trait5","mrMLM","PstI.TP153473","2","49922484","3.4661e-05","0.0076","C"
"4","Trait5","mrMLM","NsiI.TP441740","2","49922532","-0.3195","1.7182","C"
"4","Trait5","mrMLM","NsiI.TP593469","2","49950560","0.0043","0.1103","A"
"4","Trait5","mrMLM","PstI.TP263467","2","49996422","-1.5921e-05","0.0035","A"
"4","Trait5","mrMLM","PstI.TP959729","2","49996496","-0.0979","0.5147","C"
"4","Trait5","mrMLM","PstI.TP607405","2","50007024","-5.4187e-07","1e-04","A"
"4","Trait5","mrMLM","PstI.TP478931","2","50018891","-6.6776e-06","0.0015","C"
"4","Trait5","mrMLM","PstI.TP159461","2","50019441","3.8934e-05","0.0086","C"
"4","Trait5","mrMLM","PstI.TP24205","2","50025261","0.1675","0.8928","C"
"4","Trait5","mrMLM","PstI.TP79885","2","50392385","0.2106","1.1967","A"
"4","Trait5","mrMLM","NsiI.TP102234","2","50518078","0.0918","1.2175","A"
"4","Trait5","mrMLM","PstI.TP745907","2","50691405","-3.0838e-06","7e-04","C"
"4","Trait5","mrMLM","PstI.TP220565","2","50694038","0.0159","0.1573","A"
"4","Trait5","mrMLM","NsiI.TP81632","2","50706705","-8.0614e-06","0.0018","A"
"4","Trait5","mrMLM","PstI.TP1235048","2","50897094","0.259","1.7269","A"
"4","Trait5","mrMLM","PstI.TP158204","2","51022027","-1.2938e-05","0.0028","A"
"4","Trait5","mrMLM","PstI.TP1012196","2","51185492","-0.0738","0.4706","C"
"4","Trait5","mrMLM","PstI.TP1292597","2","51189337","2.969e-06","6e-04","C"
"4","Trait5","mrMLM","NsiI.TP409668","2","51206932","1.3067e-05","0.0029","C"
"4","Trait5","mrMLM","PstI.TP327995","2","51251522","-1.9037e-05","0.0042","C"
"4","Trait5","mrMLM","PstI.TP989400","2","51253529","2.5881e-06","6e-04","C"
"4","Trait5","mrMLM","PstI.TP845124","2","51289268","6e-04","0.0238","A"
"4","Trait5","mrMLM","NsiI.TP532372","2","51294705","-4.2545e-06","9e-04","A"
"4","Trait5","mrMLM","NsiI.TP292897","2","51301122","-0.0786","0.3882","C"
"4","Trait5","mrMLM","NsiI.TP793341","2","51526245","3e-04","0.0207","C"
"4","Trait5","mrMLM","NsiI.TP804461","2","51561167","1.4244e-06","3e-04","C"
"4","Trait5","mrMLM","NsiI.TP825746","2","51562955","2.226e-06","5e-04","C"
"4","Trait5","mrMLM","PstI.TP62939","2","51630076","0.0203","0.2572","G"
"4","Trait5","mrMLM","PstI.TP1275139","2","51630604","-1.5584e-05","0.0034","G"
"4","Trait5","mrMLM","PstI.TP879159","2","51632459","-0.1342","0.624","C"
"4","Trait5","mrMLM","NsiI.TP420096","2","51633038","8.0562e-06","0.0018","A"
"4","Trait5","mrMLM","NsiI.TP783827","2","51637245","-6.1596e-06","0.0013","C"
"4","Trait5","mrMLM","PstI.TP837987","2","51707122","0.1586","0.9341","A"
"4","Trait5","mrMLM","NsiI.TP619900","2","51762633","6.0936e-06","0.0013","A"
"4","Trait5","mrMLM","PstI.TP334931","2","51848838","0.0895","0.8088","A"
"4","Trait5","mrMLM","NsiI.TP11642","2","51874620","-3.8275e-06","8e-04","C"
"4","Trait5","mrMLM","PstI.TP1002724","2","51880482","1.0465e-05","0.0023","C"
"4","Trait5","mrMLM","PstI.TP229716","2","52006699","-0.0343","0.2105","A"
"4","Trait5","mrMLM","NsiI.TP617177","2","52050200","-0.1043","0.7601","C"
"4","Trait5","mrMLM","NsiI.TP705057","2","52115207","-2.4404e-05","0.0053","A"
"4","Trait5","mrMLM","PstI.TP471158","2","52122110","-0.0092","0.158","A"
"4","Trait5","mrMLM","PstI.TP1248463","2","52122902","-1.9176e-06","4e-04","A"
"4","Trait5","mrMLM","PstI.TP74485","2","52125081","-1.8229e-05","0.004","A"
"4","Trait5","mrMLM","PstI.TP358466","2","52234585","8.5845e-06","0.0019","G"
"4","Trait5","mrMLM","PstI.TP700043","2","52251967","-7.1568e-06","0.0016","C"
"4","Trait5","mrMLM","NsiI.TP565148","2","52354916","-0.0378","0.3613","A"
"4","Trait5","mrMLM","NsiI.TP645364","2","52544015","-8.3626e-06","0.0018","C"
"4","Trait5","mrMLM","PstI.TP240292","2","52552645","1.7383e-05","0.0038","A"
"4","Trait5","mrMLM","NsiI.TP163051","2","53382177","-3.7914e-05","0.0083","C"
"4","Trait5","mrMLM","PstI.TP747313","2","53434843","-0.0053","0.0995","A"
"4","Trait5","mrMLM","PstI.TP774809","2","53479898","6.1576e-06","0.0013","C"
"4","Trait5","mrMLM","NsiI.TP690065","2","53640609","-0.3596","2.1053","A"
"4","Trait5","mrMLM","PstI.TP878368","2","54218608","0.0356","0.4485","C"
"4","Trait5","mrMLM","NsiI.TP486065","2","54246152","0.0742","0.3845","C"
"4","Trait5","mrMLM","NsiI.TP381075","2","54381275","0.0252","0.3495","C"
"4","Trait5","mrMLM","NsiI.TP139556","2","54466501","7.2683e-06","0.0016","A"
"4","Trait5","mrMLM","PstI.TP1174831","2","54474666","-1.1097e-05","0.0024","A"
"4","Trait5","mrMLM","PstI.TP607512","2","54493888","-6.9893e-07","2e-04","A"
"4","Trait5","mrMLM","PstI.TP1075290","2","54494001","-1.5719e-05","0.0034","A"
"4","Trait5","mrMLM","PstI.TP768419","2","54502818","0.0805","0.8668","C"
"4","Trait5","mrMLM","PstI.TP938200","2","54569410","-8.571e-06","0.0019","C"
"4","Trait5","mrMLM","PstI.TP671098","2","54577903","-0.0195","0.3188","C"
"4","Trait5","mrMLM","PstI.TP1087330","2","54591809","0.0699","0.9254","G"
"4","Trait5","mrMLM","PstI.TP695158","2","55008713","1.467e-05","0.0032","G"
"4","Trait5","mrMLM","PstI.TP552980","2","55009626","0.0433","0.2608","C"
"4","Trait5","mrMLM","NsiI.TP594342","2","55025553","-8.5564e-06","0.0019","A"
"4","Trait5","mrMLM","PstI.TP84097","2","55026074","-0.0172","0.2152","C"
"4","Trait5","mrMLM","PstI.TP541875","2","55037307","-1.7738e-05","0.0039","A"
"4","Trait5","mrMLM","PstI.TP541874","2","55037354","-2.2015e-05","0.0048","C"
"4","Trait5","mrMLM","PstI.TP330470","2","55037372","-1.1126e-05","0.0024","C"
"4","Trait5","mrMLM","NsiI.TP406836","2","55041475","0.0015","0.0397","A"
"4","Trait5","mrMLM","NsiI.TP369853","2","55063679","-1.8668e-05","0.0041","C"
"4","Trait5","mrMLM","NsiI.TP431965","2","55134748","-0.0868","0.3975","A"
"4","Trait5","mrMLM","PstI.TP718102","2","55136138","-5.3269e-06","0.0012","A"
"4","Trait5","mrMLM","PstI.TP306976","2","55357057","7.8389e-06","0.0017","C"
"4","Trait5","mrMLM","NsiI.TP11763","2","55368372","1.5812e-05","0.0035","A"
"4","Trait5","mrMLM","PstI.TP65472","2","55384747","-0.001","0.0401","A"
"4","Trait5","mrMLM","PstI.TP476886","2","55394288","-0.1222","1.0815","C"
"4","Trait5","mrMLM","NsiI.TP551763","2","55395571","1.1781e-05","0.0026","A"
"4","Trait5","mrMLM","NsiI.TP352028","2","55395652","1.1389e-06","2e-04","A"
"4","Trait5","mrMLM","PstI.TP951829","2","55414626","0.0335","0.4127","A"
"4","Trait5","mrMLM","PstI.TP45434","2","55477024","1.7706e-05","0.0039","C"
"4","Trait5","mrMLM","PstI.TP848956","2","55477082","6.9861e-07","2e-04","C"
"4","Trait5","mrMLM","PstI.TP848954","2","55477100","-1.4883e-07","3.239e-05","C"
"4","Trait5","mrMLM","PstI.TP545206","2","55587230","-3.5842e-05","0.0079","A"
"4","Trait5","mrMLM","PstI.TP697322","2","55713623","0.2576","1.372","A"
"4","Trait5","mrMLM","PstI.TP1223116","2","55714459","1.9332e-05","0.0042","A"
"4","Trait5","mrMLM","PstI.TP990928","2","55732686","-4.1484e-07","9.0299e-05","C"
"4","Trait5","mrMLM","NsiI.TP424496","2","55828224","-1.3643e-05","0.003","C"
"4","Trait5","mrMLM","NsiI.TP186725","2","56007971","-1.586e-05","0.0035","C"
"4","Trait5","mrMLM","PstI.TP74982","2","56009354","7.3741e-06","0.0016","A"
"4","Trait5","mrMLM","NsiI.TP593666","2","56047090","-2.424e-05","0.0053","A"
"4","Trait5","mrMLM","PstI.TP827126","2","56058934","-1.1001e-05","0.0024","G"
"4","Trait5","mrMLM","NsiI.TP231443","2","56076805","-2.7572e-05","0.006","C"
"4","Trait5","mrMLM","PstI.TP323444","2","56176337","-1.6134e-05","0.0035","A"
"4","Trait5","mrMLM","PstI.TP410091","2","56176361","-6.5918e-07","1e-04","A"
"4","Trait5","mrMLM","PstI.TP1084924","2","56227368","7.8173e-06","0.0017","A"
"4","Trait5","mrMLM","PstI.TP692281","2","56248202","0.1026","0.736","A"
"4","Trait5","mrMLM","PstI.TP933320","2","56250123","1.405e-05","0.0031","A"
"4","Trait5","mrMLM","PstI.TP1122752","2","56295956","-2.8951e-05","0.0063","A"
"4","Trait5","mrMLM","PstI.TP1155231","2","56342788","1.4875e-05","0.0032","A"
"4","Trait5","mrMLM","NsiI.TP661568","2","56475452","-1.4781e-06","3e-04","A"
"4","Trait5","mrMLM","NsiI.TP481604","2","56475480","2.2821e-05","0.005","C"
"4","Trait5","mrMLM","PstI.TP505880","2","56476216","2.2968e-05","0.005","C"
"4","Trait5","mrMLM","NsiI.TP694486","2","56476853","-4.9423e-06","0.0011","C"
"4","Trait5","mrMLM","PstI.TP1072104","2","56561012","-1.1098e-05","0.0024","A"
"4","Trait5","mrMLM","PstI.TP1179066","2","56564506","3.2668e-05","0.0072","A"
"4","Trait5","mrMLM","NsiI.TP392178","2","56585061","-0.0052","0.1069","A"
"4","Trait5","mrMLM","PstI.TP271878","2","56598718","0.093","1.1483","A"
"4","Trait5","mrMLM","NsiI.TP221709","2","56647453","0.007","0.1364","A"
"4","Trait5","mrMLM","PstI.TP886614","2","56651766","1.5012e-05","0.0033","A"
"4","Trait5","mrMLM","PstI.TP259066","2","56693726","-9.0806e-06","0.002","A"
"4","Trait5","mrMLM","NsiI.TP133661","2","56698805","0.0594","0.4616","A"
"4","Trait5","mrMLM","NsiI.TP443023","2","56699414","-0.2643","1.1965","C"
"4","Trait5","mrMLM","PstI.TP307262","2","56792254","1.7342e-05","0.0038","A"
"4","Trait5","mrMLM","PstI.TP109850","2","56793387","0.0341","0.1971","C"
"4","Trait5","mrMLM","PstI.TP305073","2","56794565","-0.0435","0.4004","G"
"4","Trait5","mrMLM","NsiI.TP238695","2","56851247","0.0127","0.2215","G"
"4","Trait5","mrMLM","PstI.TP210983","2","56861414","-7.0871e-06","0.0015","A"
"4","Trait5","mrMLM","NsiI.TP322881","2","56868573","-0.1605","0.9178","G"
"4","Trait5","mrMLM","NsiI.TP750600","2","56869336","-4.1504e-06","9e-04","C"
"4","Trait5","mrMLM","NsiI.TP729056","2","56870524","2.6639e-06","6e-04","A"
"4","Trait5","mrMLM","NsiI.TP433333","2","56870655","-0.0412","0.3506","C"
"4","Trait5","mrMLM","NsiI.TP654059","2","56877523","4.3307e-06","9e-04","C"
"4","Trait5","mrMLM","PstI.TP398347","2","56904120","-1.4369e-06","3e-04","A"
"4","Trait5","mrMLM","PstI.TP213333","2","56904758","0.0681","0.3493","C"
"4","Trait5","mrMLM","PstI.TP383939","2","56907410","-0.1162","0.5705","A"
"4","Trait5","mrMLM","NsiI.TP754822","2","56928503","-0.1334","1.1037","A"
"4","Trait5","mrMLM","PstI.TP141827","2","56954455","-7.3447e-06","0.0016","A"
"4","Trait5","mrMLM","PstI.TP199902","2","56957269","-4.1042e-06","9e-04","G"
"4","Trait5","mrMLM","PstI.TP1061896","2","56969155","0.3421","2.3122","A"
"4","Trait5","mrMLM","PstI.TP1062019","2","56969161","0.0388","0.4886","A"
"4","Trait5","mrMLM","NsiI.TP678319","2","56972682","9.844e-06","0.0021","C"
"4","Trait5","mrMLM","PstI.TP348729","2","56985174","-3.274e-05","0.0072","C"
"4","Trait5","mrMLM","PstI.TP371503","2","57085223","0.2839","1.0934","C"
"4","Trait5","mrMLM","NsiI.TP38620","2","57085297","1.6235e-05","0.0035","A"
"4","Trait5","mrMLM","NsiI.TP802662","2","57163430","1.9038e-05","0.0042","A"
"4","Trait5","mrMLM","PstI.TP86008","2","57163563","-0.0646","0.7461","C"
"4","Trait5","mrMLM","PstI.TP133700","2","57163911","-1.4341e-06","3e-04","A"
"4","Trait5","mrMLM","GFSSContig7165_442","2","57164692","4.7519e-06","0.001","A"
"4","Trait5","mrMLM","NsiI.TP801527","2","57166686","-0.0153","0.16","C"
"4","Trait5","mrMLM","PstI.TP1082141","2","57174602","-0.059","0.286","A"
"4","Trait5","mrMLM","NsiI.TP50533","2","57199808","8.7722e-06","0.0019","A"
"4","Trait5","mrMLM","PstI.TP325176","2","57255856","-1.2e-05","0.0026","C"
"4","Trait5","mrMLM","NsiI.TP286339","2","57264133","0.1346","1.6306","C"
"4","Trait5","mrMLM","NsiI.TP286341","2","57264141","-2.163e-05","0.0047","C"
"4","Trait5","mrMLM","PstI.TP971521","2","57267752","0.0573","0.4188","A"
"4","Trait5","mrMLM","NsiI.TP763261","2","57413137","4.2187e-06","9e-04","A"
"4","Trait5","mrMLM","NsiI.TP794833","2","57413788","-5.5049e-06","0.0012","C"
"4","Trait5","mrMLM","PstI.TP249296","2","57415075","0.0471","0.3474","A"
"4","Trait5","mrMLM","NsiI.TP49179","2","57415539","-1.091e-05","0.0024","A"
"4","Trait5","mrMLM","PstI.TP1215732","2","57449553","-3.0561e-06","7e-04","G"
"4","Trait5","mrMLM","PstI.TP738881","2","57512325","-1.3115e-05","0.0029","A"
"4","Trait5","mrMLM","PstI.TP697310","2","57512345","0.0151","0.2145","C"
"4","Trait5","mrMLM","NsiI.TP555571","2","57514367","2.0829e-06","5e-04","A"
"4","Trait5","mrMLM","PstI.TP47654","2","57514489","-0.186","0.9076","G"
"4","Trait5","mrMLM","NsiI.TP476367","2","57542179","3.2095e-05","0.007","G"
"4","Trait5","mrMLM","PstI.TP1114827","2","57544790","0.0196","0.2119","C"
"4","Trait5","mrMLM","PstI.TP806112","2","57558204","-4.216e-06","9e-04","A"
"4","Trait5","mrMLM","PstI.TP49910","2","57563536","-0.0024","0.0695","A"
"4","Trait5","mrMLM","NsiI.TP423584","2","57602883","-1.355e-05","0.003","A"
"4","Trait5","mrMLM","NsiI.TP83377","2","57603008","0.0755","0.4976","A"
"4","Trait5","mrMLM","PstI.TP808486","2","57607955","1.8598e-05","0.0041","A"
"4","Trait5","mrMLM","PstI.TP1256707","2","57679416","-2.2328e-05","0.0049","A"
"4","Trait5","mrMLM","NsiI.TP830166","2","57700835","0.0949","0.3311","C"
"4","Trait5","mrMLM","NsiI.TP775055","2","57703433","1.0272e-05","0.0022","G"
"4","Trait5","mrMLM","PstI.TP1179516","2","57731330","-2.3962e-06","5e-04","A"
"4","Trait5","mrMLM","NsiI.TP571735","2","57731371","8.7381e-06","0.0019","A"
"4","Trait5","mrMLM","PstI.TP753013","2","57739584","-6.4921e-06","0.0014","C"
"4","Trait5","mrMLM","PstI.TP309600","2","57862559","-2.2251e-05","0.0049","C"
"4","Trait5","mrMLM","PstI.TP773866","2","57873632","5.5398e-06","0.0012","A"
"4","Trait5","mrMLM","NsiI.TP773495","2","57875586","-3.3864e-06","7e-04","C"
"4","Trait5","mrMLM","NsiI.TP10089","2","57931643","-5.3428e-06","0.0012","A"
"4","Trait5","mrMLM","NsiI.TP608557","2","57932069","-0.0569","0.6195","C"
"4","Trait5","mrMLM","NsiI.TP233507","2","57932937","0.0199","0.2327","A"
"4","Trait5","mrMLM","PstI.TP395407","2","57933769","-0.1889","0.7368","A"
"4","Trait5","mrMLM","NsiI.TP179649","2","57951142","3.3234e-05","0.0073","A"
"4","Trait5","mrMLM","PstI.TP13843","2","57967122","0.1417","0.6845","A"
"4","Trait5","mrMLM","PstI.TP714241","2","58003649","-1.6695e-05","0.0036","C"
"4","Trait5","mrMLM","NsiI.TP742331","2","58004105","-7.4792e-06","0.0016","C"
"4","Trait5","mrMLM","NsiI.TP259427","2","58020841","5.9778e-06","0.0013","A"
"4","Trait5","mrMLM","NsiI.TP259429","2","58020858","3.9396e-05","0.0087","C"
"4","Trait5","mrMLM","NsiI.TP574518","2","58071652","-0.4296","2.7713","A"
"4","Trait5","mrMLM","NsiI.TP740562","2","58073889","-1.8304e-05","0.004","G"
"4","Trait5","mrMLM","PstI.TP1181945","2","58126432","-2.9716e-05","0.0065","C"
"4","Trait5","mrMLM","PstI.TP1181944","2","58126443","-0.0196","0.2118","A"
"4","Trait5","mrMLM","NsiI.TP485772","2","58129588","-2.4971e-05","0.0055","C"
"4","Trait5","mrMLM","PstI.TP820789","2","58131056","0.0541","0.4497","A"
"4","Trait5","mrMLM","NsiI.TP538867","2","58176491","-7.8678e-06","0.0017","G"
"4","Trait5","mrMLM","PstI.TP846031","2","58182383","2.6242e-05","0.0058","G"
"4","Trait5","mrMLM","NsiI.TP631274","2","58195717","2.9942e-05","0.0066","G"
"4","Trait5","mrMLM","NsiI.TP133232","2","58224541","0.0655","0.5966","A"
"4","Trait5","mrMLM","NsiI.TP560779","2","58238603","-1.2364e-05","0.0027","A"
"4","Trait5","mrMLM","PstI.TP454107","2","58284642","9.225e-06","0.002","C"
"4","Trait5","mrMLM","PstI.TP343061","2","58286580","-1.7433e-05","0.0038","C"
"4","Trait5","mrMLM","PstI.TP343044","2","58286600","-3.5391e-06","8e-04","A"
"4","Trait5","mrMLM","PstI.TP993272","2","58286678","-0.253","0.8804","C"
"4","Trait5","mrMLM","NsiI.TP716763","2","58287576","-2.2329e-05","0.0049","A"
"4","Trait5","mrMLM","NsiI.TP103487","2","58287864","-5.9868e-06","0.0013","A"
"4","Trait5","mrMLM","NsiI.TP763242","2","58287902","9.4124e-06","0.0021","C"
"4","Trait5","mrMLM","PstI.TP721827","2","58288607","1.8072e-05","0.004","A"
"4","Trait5","mrMLM","PstI.TP924334","2","58289021","-8.6923e-06","0.0019","A"
"4","Trait5","mrMLM","PstI.TP484921","2","58289099","0.0312","0.2713","C"
"4","Trait5","mrMLM","PstI.TP64046","2","58295714","1.1261e-05","0.0025","A"
"4","Trait5","mrMLM","NsiI.TP502909","2","58325149","-1.4525e-05","0.0032","C"
"4","Trait5","mrMLM","NsiI.TP432309","2","58331508","-0.0594","0.6444","C"
"4","Trait5","mrMLM","PstI.TP1173274","2","58331744","-3.337e-06","7e-04","G"
"4","Trait5","mrMLM","NsiI.TP514724","2","58333562","-0.0373","0.2528","C"
"4","Trait5","mrMLM","PstI.TP690744","2","58500961","5.21e-06","0.0011","A"
"4","Trait5","mrMLM","PstI.TP224038","2","58505863","1.1031e-05","0.0024","A"
"4","Trait5","mrMLM","PstI.TP1215799","2","58552434","6.3829e-06","0.0014","C"
"4","Trait5","mrMLM","NsiI.TP399950","2","58560990","-0.0509","0.3217","G"
"4","Trait5","mrMLM","PstI.TP1046643","2","58595318","-2.301e-05","0.005","A"
"4","Trait5","mrMLM","PstI.TP451020","2","58599188","2.2328e-05","0.0049","A"
"4","Trait5","mrMLM","NsiI.TP469708","2","58601187","0.001","0.0306","A"
"4","Trait5","mrMLM","NsiI.TP273150","2","58601969","-5.2536e-06","0.0011","C"
"4","Trait5","mrMLM","NsiI.TP205114","2","58611885","3.6485e-05","0.008","G"
"4","Trait5","mrMLM","PstI.TP1045265","2","58635988","1.9856e-05","0.0043","G"
"4","Trait5","mrMLM","PstI.TP1005335","2","58635995","0.0053","0.0856","C"
"4","Trait5","mrMLM","PstI.TP844985","2","58637331","-0.266","1.8155","G"
"4","Trait5","mrMLM","PstI.TP1109625","2","58639087","1.5837e-05","0.0035","A"
"4","Trait5","mrMLM","NsiI.TP592526","2","58642454","1.0773e-05","0.0024","A"
"4","Trait5","mrMLM","PstI.TP174184","2","58642963","-0.0392","0.3334","A"
"4","Trait5","mrMLM","PstI.TP123674","2","58648454","1.5411e-05","0.0034","G"
"4","Trait5","mrMLM","NsiI.TP651986","2","58656091","-0.0042","0.1129","C"
"4","Trait5","mrMLM","PstI.TP259827","2","58657047","-1.4635e-05","0.0032","C"
"4","Trait5","mrMLM","NsiI.TP140139","2","58660758","-1.9413e-05","0.0042","A"
"4","Trait5","mrMLM","PstI.TP243328","2","58674737","1.9554e-05","0.0043","A"
"4","Trait5","mrMLM","NsiI.TP754630","2","58680530","1.4178e-06","3e-04","A"
"4","Trait5","mrMLM","NsiI.TP466600","2","58716699","-0.0207","0.2908","C"
"4","Trait5","mrMLM","NsiI.TP466601","2","58716699","-8.8758e-06","0.0019","C"
"4","Trait5","mrMLM","NsiI.TP461483","2","58716875","2.2209e-05","0.0049","A"
"4","Trait5","mrMLM","PstI.TP76191","2","58722393","-1.6326e-05","0.0036","C"
"4","Trait5","mrMLM","PstI.TP201174","2","58722498","-5.4132e-06","0.0012","A"
"4","Trait5","mrMLM","PstI.TP79904","2","58722578","-3.4287e-05","0.0075","G"
"4","Trait5","mrMLM","PstI.TP185016","2","58722584","4.501e-06","0.001","C"
"4","Trait5","mrMLM","PstI.TP126450","2","58727657","0.1299","1.3429","C"
"4","Trait5","mrMLM","PstI.TP888435","2","58767569","-4.0207e-06","9e-04","A"
"4","Trait5","mrMLM","PstI.TP912712","2","58773993","0.106","0.567","C"
"4","Trait5","mrMLM","PstI.TP773670","2","58845474","2.1575e-05","0.0047","C"
"4","Trait5","mrMLM","PstI.TP104876","2","58864116","-0.11","1.4067","A"
"4","Trait5","mrMLM","NsiI.TP799647","2","58864452","-1.0175e-05","0.0022","A"
"4","Trait5","mrMLM","PstI.TP402771","2","58865612","6.7261e-06","0.0015","A"
"4","Trait5","mrMLM","NsiI.TP806172","2","58871698","-6.6973e-07","1e-04","C"
"4","Trait5","mrMLM","PstI.TP215008","2","58877475","7.6716e-06","0.0017","A"
"4","Trait5","mrMLM","PstI.TP864185","2","58881487","1.5356e-05","0.0034","A"
"4","Trait5","mrMLM","PstI.TP118564","2","58881859","3.4013e-05","0.0075","A"
"4","Trait5","mrMLM","NsiI.TP356149","2","58887355","1.372e-05","0.003","C"
"4","Trait5","mrMLM","NsiI.TP390195","2","58888149","-1.09e-05","0.0024","A"
"4","Trait5","mrMLM","NsiI.TP375523","2","58945573","-2.6798e-06","6e-04","G"
"4","Trait5","mrMLM","NsiI.TP228936","2","58958019","0.094","0.8396","A"
"4","Trait5","mrMLM","PstI.TP469917","2","58995360","6.801e-06","0.0015","A"
"4","Trait5","mrMLM","PstI.TP1283938","2","58996796","1.6967e-05","0.0037","C"
"4","Trait5","mrMLM","GFSSContig11918_395","2","58999886","-0.0837","0.8902","T"
"4","Trait5","mrMLM","PstI.TP14388","2","59005945","0.0517","0.4386","A"
"4","Trait5","mrMLM","NsiI.TP216964","2","59006273","9.1745e-06","0.002","A"
"4","Trait5","mrMLM","NsiI.TP741833","2","59012838","-1.1115e-07","2.419e-05","A"
"4","Trait5","mrMLM","NsiI.TP207553","2","59041997","7.5675e-06","0.0016","C"
"4","Trait5","mrMLM","NsiI.TP207554","2","59042033","-1.9355e-05","0.0042","A"
"4","Trait5","mrMLM","PstI.TP227318","2","59042482","-2.6026e-05","0.0057","A"
"4","Trait5","mrMLM","PstI.TP1283925","2","59043473","-7.6515e-06","0.0017","A"
"4","Trait5","mrMLM","PstI.TP1094982","2","59043617","1.6397e-06","4e-04","C"
"4","Trait5","mrMLM","GFSSContig19789_133","2","59043918","0.0918","0.3958","T"
"4","Trait5","mrMLM","PstI.TP382389","2","59073597","-1.2405e-05","0.0027","A"
"4","Trait5","mrMLM","PstI.TP584552","2","59081475","0.2278","2.0399","A"
"4","Trait5","mrMLM","NsiI.TP267232","2","59093589","-1.9488e-05","0.0043","A"
"4","Trait5","mrMLM","PstI.TP1161727","2","59132485","1.792e-05","0.0039","A"
"4","Trait5","mrMLM","NsiI.TP295313","2","59144611","-0.0118","0.1733","C"
"4","Trait5","mrMLM","PstI.TP1279506","2","59166866","0.0955","0.4516","A"
"4","Trait5","mrMLM","NsiI.TP489634","2","59179303","3.5793e-05","0.0079","G"
"4","Trait5","mrMLM","NsiI.TP754490","2","59182039","8.5417e-06","0.0019","G"
"4","Trait5","mrMLM","PstI.TP928866","2","59221226","-2.6276e-06","6e-04","C"
"4","Trait5","mrMLM","PstI.TP1210763","2","59225263","0.0127","0.2112","A"
"4","Trait5","mrMLM","PstI.TP1203393","2","59227258","-0.2055","0.8644","A"
"4","Trait5","mrMLM","PstI.TP908373","2","59228654","-2.0596e-05","0.0045","C"
"4","Trait5","mrMLM","PstI.TP1037372","2","59238183","0.0971","0.498","C"
"4","Trait5","mrMLM","NsiI.TP700242","2","59240348","-0.0808","0.4455","C"
"4","Trait5","mrMLM","NsiI.TP403597","2","59243975","-1.5203e-05","0.0033","A"
"4","Trait5","mrMLM","PstI.TP951624","2","59246898","1.7036e-05","0.0037","A"
"4","Trait5","mrMLM","PstI.TP664516","2","59247561","-1.8051e-06","4e-04","A"
"4","Trait5","mrMLM","NsiI.TP208724","2","59247744","-1.4292e-05","0.0031","C"
"4","Trait5","mrMLM","PstI.TP640454","2","59252808","-8.1064e-06","0.0018","C"
"4","Trait5","mrMLM","PstI.TP985315","2","59277191","0.0374","0.2442","C"
"4","Trait5","mrMLM","PstI.TP122680","2","59309858","1.1925e-05","0.0026","C"
"4","Trait5","mrMLM","NsiI.TP421790","2","59362040","0.0617","0.4656","C"
"4","Trait5","mrMLM","NsiI.TP152407","2","59441712","-0.1211","0.6577","A"
"4","Trait5","mrMLM","PstI.TP738023","2","59441982","0.001","0.0445","C"
"4","Trait5","mrMLM","NsiI.TP438769","2","59534222","7.0038e-06","0.0015","A"
"4","Trait5","mrMLM","NsiI.TP741199","2","59555953","-0.1302","2.0493","G"
"4","Trait5","mrMLM","PstI.TP343538","2","59561828","-4.8713e-06","0.0011","C"
"4","Trait5","mrMLM","PstI.TP1280475","2","59580166","-1.9991e-05","0.0044","C"
"4","Trait5","mrMLM","PstI.TP930435","2","59600248","7.8813e-05","0.0085","A"
"4","Trait5","mrMLM","PstI.TP1012416","2","59610846","-0.057","0.6628","C"
"4","Trait5","mrMLM","PstI.TP23562","2","59662045","-5.4721e-06","0.0012","C"
"4","Trait5","mrMLM","NsiI.TP101325","2","59698255","0.0418","0.2424","G"
"4","Trait5","mrMLM","PstI.TP810140","2","59709495","1.2785e-05","0.0028","A"
"4","Trait5","mrMLM","NsiI.TP811483","2","59722714","0.0738","0.5028","A"
"4","Trait5","mrMLM","PstI.TP1128002","2","59726913","-5.2414e-06","0.0011","C"
"4","Trait5","mrMLM","PstI.TP1128004","2","59726931","9.481e-06","0.0021","C"
"4","Trait5","mrMLM","PstI.TP118616","2","59730365","-4.7529e-06","0.001","A"
"4","Trait5","mrMLM","PstI.TP338856","2","59737782","-9.1408e-06","0.002","A"
"4","Trait5","mrMLM","PstI.TP285215","2","59740735","0.0248","0.2559","C"
"4","Trait5","mrMLM","PstI.TP666073","2","59740819","9.8677e-06","0.0022","A"
"4","Trait5","mrMLM","NsiI.TP356679","2","59751156","-2.8809e-05","0.0063","A"
"4","Trait5","mrMLM","PstI.TP1171359","2","59753397","-0.001","0.0444","G"
"4","Trait5","mrMLM","PstI.TP1171385","2","59753397","0.077","0.9284","G"
"4","Trait5","mrMLM","PstI.TP632941","2","59755581","6.009e-06","0.0013","C"
"4","Trait5","mrMLM","PstI.TP269313","2","59758000","7.3419e-06","0.0016","C"
"4","Trait5","mrMLM","NsiI.TP85097","2","59761786","1.2854e-05","0.0028","C"
"4","Trait5","mrMLM","PstI.TP136699","2","59796392","0.0415","0.4288","A"
"4","Trait5","mrMLM","PstI.TP146107","2","59799394","-5.5953e-07","1e-04","A"
"4","Trait5","mrMLM","PstI.TP359092","2","59864138","-1.9722e-05","0.0043","C"
"4","Trait5","mrMLM","PstI.TP1180051","2","59864175","9.7075e-06","0.0021","G"
"4","Trait5","mrMLM","PstI.TP1040786","2","59875096","-0.0011","0.0554","C"
"4","Trait5","mrMLM","PstI.TP987072","2","59915110","-2.1835e-05","0.0048","G"
"4","Trait5","mrMLM","PstI.TP987073","2","59915114","-1.3807e-05","0.003","C"
"4","Trait5","mrMLM","PstI.TP1142298","2","59921596","7.4894e-06","0.0016","C"
"4","Trait5","mrMLM","PstI.TP681957","2","59948360","0.0652","0.2746","G"
"4","Trait5","mrMLM","NsiI.TP424611","2","59949009","-3.1369e-05","0.0069","C"
"4","Trait5","mrMLM","NsiI.TP441529","2","59949437","1.2786e-05","0.0028","A"
"4","Trait5","mrMLM","NsiI.TP587079","2","59950301","0.0085","0.1175","G"
"4","Trait5","mrMLM","NsiI.TP120823","2","59953239","1.9839e-05","0.0043","C"
"4","Trait5","mrMLM","NsiI.TP619978","2","59970774","-0.0019","0.0602","A"
"4","Trait5","mrMLM","PstI.TP735538","2","59972522","-0.1849","0.6532","A"
"4","Trait5","mrMLM","NsiI.TP615628","2","59972569","-0.0405","0.2333","A"
"4","Trait5","mrMLM","PstI.TP663190","2","59985727","-3.7744e-06","8e-04","C"
"4","Trait5","mrMLM","PstI.TP53003","2","60034090","-4.8158e-08","1.0481e-05","G"
"4","Trait5","mrMLM","NsiI.TP277442","2","60088533","1.826e-05","0.004","A"
"4","Trait5","mrMLM","PstI.TP1004851","2","60096206","2.0964e-05","0.0046","C"
"4","Trait5","mrMLM","PstI.TP308187","2","60112794","0.0136","0.1688","A"
"4","Trait5","mrMLM","NsiI.TP201323","2","60117213","-1.9944e-05","0.0044","A"
"4","Trait5","mrMLM","NsiI.TP269369","2","60150244","0.0097","0.1435","A"
"4","Trait5","mrMLM","PstI.TP257906","2","60163776","-1.6399e-05","0.0036","A"
"4","Trait5","mrMLM","PstI.TP473818","2","60163852","-0.0273","0.2756","C"
"4","Trait5","mrMLM","PstI.TP911474","2","60165255","0.019","0.2015","C"
"4","Trait5","mrMLM","NsiI.TP549944","2","60184081","-2.982e-05","0.0065","C"
"4","Trait5","mrMLM","NsiI.TP545561","2","60187695","0.0535","0.5453","C"
"4","Trait5","mrMLM","PstI.TP811379","2","60190610","6.5196e-06","0.0014","G"
"4","Trait5","mrMLM","NsiI.TP473148","2","60191605","2.5219e-06","5e-04","A"
"4","Trait5","mrMLM","NsiI.TP473892","2","60191841","-1.5624e-06","3e-04","C"
"4","Trait5","mrMLM","NsiI.TP589678","2","60201181","8.2242e-06","0.0018","C"
"4","Trait5","mrMLM","PstI.TP911300","2","60279218","-0.048","0.5906","A"
"4","Trait5","mrMLM","PstI.TP323760","2","60296121","5.7775e-06","0.0013","C"
"4","Trait5","mrMLM","NsiI.TP441040","2","60296283","-0.0552","0.375","A"
"4","Trait5","mrMLM","PstI.TP249537","2","60321259","1.5569e-05","0.0034","A"
"4","Trait5","mrMLM","PstI.TP456074","2","60324862","-9.8945e-06","0.0022","C"
"4","Trait5","mrMLM","NsiI.TP662535","2","60332010","0.1024","0.5631","C"
"4","Trait5","mrMLM","NsiI.TP617484","2","60361299","-0.0253","0.2404","A"
"4","Trait5","mrMLM","PstI.TP631253","2","60385263","-2.361e-05","0.0052","A"
"4","Trait5","mrMLM","NsiI.TP452080","2","60386915","-9.515e-06","0.0021","C"
"4","Trait5","mrMLM","GFSSContig15605_1353","2","60429799","1.1334e-06","2e-04","T"
"4","Trait5","mrMLM","NsiI.TP255454","2","60432930","-0.2054","1.0498","C"
"4","Trait5","mrMLM","GFSSContig18119_1138","2","60451017","-6.8858e-06","0.0015","T"
"4","Trait5","mrMLM","PstI.TP359942","2","60451936","-0.2086","3.4159","A"
"4","Trait5","mrMLM","PstI.TP359943","2","60451946","4.3532e-06","9e-04","A"
"4","Trait5","mrMLM","PstI.TP769160","2","60455158","3.5686e-06","8e-04","A"
"4","Trait5","mrMLM","PstI.TP1209118","2","60455450","-6.0278e-06","0.0013","A"
"4","Trait5","mrMLM","NsiI.TP571768","2","60490930","-2.1976e-06","5e-04","G"
"4","Trait5","mrMLM","PstI.TP1178906","2","60492006","-0.095","0.5016","C"
"4","Trait5","mrMLM","PstI.TP1178908","2","60492013","-9.8528e-07","2e-04","C"
"4","Trait5","mrMLM","PstI.TP1129605","2","60533982","9.0151e-06","0.002","A"
"4","Trait5","mrMLM","PstI.TP52689","2","60543352","9.2406e-06","0.002","G"
"4","Trait5","mrMLM","NsiI.TP208275","2","60558624","-0.0792","0.7657","C"
"4","Trait5","mrMLM","PstI.TP111430","2","60561163","1.5237e-05","0.0033","C"
"4","Trait5","mrMLM","NsiI.TP127890","2","60576502","-0.1424","2.1312","A"
"4","Trait5","mrMLM","NsiI.TP445213","2","60586154","-0.153","0.7493","A"
"4","Trait5","mrMLM","PstI.TP1044904","2","60586200","0.0151","0.2379","A"
"4","Trait5","mrMLM","NsiI.TP452273","2","60589260","0.0493","0.4637","C"
"4","Trait5","mrMLM","NsiI.TP783461","2","60636561","2.147e-05","0.0047","C"
"4","Trait5","mrMLM","NsiI.TP298988","2","60640927","1.2476e-05","0.0027","C"
"4","Trait5","mrMLM","PstI.TP1087346","2","60652439","-2.0835e-05","0.0046","A"
"4","Trait5","mrMLM","NsiI.TP1092","2","60665930","-2.3281e-05","0.0051","C"
"4","Trait5","mrMLM","PstI.TP929497","2","60716322","1.8559e-05","0.0041","C"
"4","Trait5","mrMLM","PstI.TP1062048","2","60723870","-3.1905e-05","0.007","A"
"4","Trait5","mrMLM","PstI.TP65744","2","60726974","8.9271e-06","0.0019","G"
"4","Trait5","mrMLM","PstI.TP770208","2","60778556","-1.3634e-05","0.003","A"
"4","Trait5","mrMLM","NsiI.TP459772","2","60812297","-1.0367e-05","0.0023","C"
"4","Trait5","mrMLM","PstI.TP942284","2","60815396","0.0769","0.7054","C"
"4","Trait5","mrMLM","PstI.TP997600","2","60822373","-0.195","1.7728","G"
"4","Trait5","mrMLM","PstI.TP997608","2","60831371","0.0487","0.3583","A"
"4","Trait5","mrMLM","NsiI.TP481333","2","60854956","-1.1274e-05","0.0025","A"
"4","Trait5","mrMLM","PstI.TP242340","2","60864364","1.1276e-06","2e-04","C"
"4","Trait5","mrMLM","PstI.TP1008940","2","60904995","-2.646e-05","0.0058","G"
"4","Trait5","mrMLM","NsiI.TP771955","2","60922097","-0.2012","1.0117","A"
"4","Trait5","mrMLM","PstI.TP115071","2","60925527","7.2917e-06","0.0016","A"
"4","Trait5","mrMLM","PstI.TP401157","2","60957693","0.1275","0.5967","A"
"4","Trait5","mrMLM","PstI.TP1080568","2","60958321","-0.0193","0.1829","A"
"4","Trait5","mrMLM","PstI.TP761845","2","60973325","-0.1081","0.4244","A"
"4","Trait5","mrMLM","GFSSContig19987_1483","2","60975090","0.2783","1.2405","T"
"4","Trait5","mrMLM","NsiI.TP25459","2","61014638","0.0913","0.4943","C"
"4","Trait5","mrMLM","NsiI.TP755285","2","61017687","2.1905e-05","0.0048","C"
"4","Trait5","mrMLM","PstI.TP382088","2","61025046","-0.1296","1.0271","A"
"4","Trait5","mrMLM","PstI.TP736485","2","61059615","-2.1569e-05","0.0047","C"
"4","Trait5","mrMLM","PstI.TP162549","2","61066549","-0.1281","1.33","G"
"4","Trait5","mrMLM","NsiI.TP351136","2","61077854","0.088","0.5525","A"
"4","Trait5","mrMLM","NsiI.TP491655","2","61080220","-0.0563","0.4469","A"
"4","Trait5","mrMLM","NsiI.TP465300","2","61080507","1.7375e-05","0.0038","C"
"4","Trait5","mrMLM","NsiI.TP806962","2","61080595","-1.6308e-05","0.0036","A"
"4","Trait5","mrMLM","PstI.TP339634","2","61084238","-0.0235","0.218","A"
"4","Trait5","mrMLM","NsiI.TP829543","2","61092129","-2.5511e-05","0.0056","C"
"4","Trait5","mrMLM","PstI.TP1085697","2","61106761","0.2793","0.8185","A"
"4","Trait5","mrMLM","PstI.TP30748","2","61112102","-1.5003e-05","0.0033","C"
"4","Trait5","mrMLM","PstI.TP1187249","2","61152815","0.0801","0.7244","A"
"4","Trait5","mrMLM","PstI.TP155500","2","61159658","3.234e-05","0.0071","A"
"4","Trait5","mrMLM","PstI.TP694469","2","61192392","-3.2315e-05","0.0071","C"
"4","Trait5","mrMLM","NsiI.TP417423","2","61223513","-4.0278e-05","0.0089","C"
"4","Trait5","mrMLM","NsiI.TP632601","2","61233897","-0.1217","0.7437","G"
"4","Trait5","mrMLM","NsiI.TP513267","2","61239677","-0.0652","0.2497","A"
"4","Trait5","mrMLM","PstI.TP1228552","2","61269369","-2.3983e-05","0.0053","A"
"4","Trait5","mrMLM","NsiI.TP494603","2","61270017","-0.0169","0.2342","A"
"4","Trait5","mrMLM","NsiI.TP494604","2","61270017","-7.9322e-06","0.0017","C"
"4","Trait5","mrMLM","PstI.TP250202","2","61270945","0.015","0.1704","A"
"4","Trait5","mrMLM","NsiI.TP120225","2","61271227","-5.2477e-06","0.0011","C"
"4","Trait5","mrMLM","NsiI.TP548701","2","61303127","-2.1683e-05","0.0047","A"
"4","Trait5","mrMLM","NsiI.TP810561","2","61303139","-4.7795e-06","0.001","C"
"4","Trait5","mrMLM","NsiI.TP108018","2","61308777","-1.6371e-05","0.0036","G"
"4","Trait5","mrMLM","NsiI.TP293415","2","61309425","-0.0971","0.5616","C"
"4","Trait5","mrMLM","NsiI.TP666939","2","61311508","0.0277","0.2225","C"
"4","Trait5","mrMLM","NsiI.TP596484","2","61311528","-8.2889e-06","0.0018","A"
"4","Trait5","mrMLM","PstI.TP1160855","2","61313736","-1.0602e-05","0.0023","C"
"4","Trait5","mrMLM","NsiI.TP539730","2","61314598","1.8206e-05","0.004","A"
"4","Trait5","mrMLM","PstI.TP192390","2","61333913","-0.1841","0.8141","A"
"4","Trait5","mrMLM","PstI.TP548709","2","61335066","8.5731e-06","0.0019","A"
"4","Trait5","mrMLM","PstI.TP577552","2","61335361","0.4061","1.7253","A"
"4","Trait5","mrMLM","PstI.TP714477","2","61336251","8.8934e-06","0.0019","A"
"4","Trait5","mrMLM","PstI.TP346506","2","61336330","-5.2029e-06","0.0011","C"
"4","Trait5","mrMLM","NsiI.TP464287","2","61339842","-1.8339e-07","3.9912e-05","A"
"4","Trait5","mrMLM","PstI.TP762318","2","61355207","-0.0908","0.453","C"
"4","Trait5","mrMLM","NsiI.TP29448","2","61356571","1.7493e-05","0.0038","A"
"4","Trait5","mrMLM","PstI.TP1008253","2","61356637","-3.3626e-06","7e-04","C"
"4","Trait5","mrMLM","NsiI.TP435917","2","61357557","-0.092","0.5252","C"
"4","Trait5","mrMLM","NsiI.TP28163","2","61360517","0.0086","0.1416","C"
"4","Trait5","mrMLM","PstI.TP483705","2","61398652","2.6744e-05","0.0059","A"
"4","Trait5","mrMLM","NsiI.TP616591","2","61418890","-7.5158e-05","0.0123","A"
"4","Trait5","mrMLM","NsiI.TP508238","2","61419445","-2.2414e-05","0.0049","A"
"4","Trait5","mrMLM","NsiI.TP318111","2","61422929","-2.074e-05","0.0045","A"
"4","Trait5","mrMLM","PstI.TP110242","2","61430624","-7.6459e-06","0.0017","C"
"4","Trait5","mrMLM","PstI.TP25544","2","61439861","0.0817","0.6365","G"
"4","Trait5","mrMLM","PstI.TP929878","2","61445555","1.398e-06","3e-04","A"
"4","Trait5","mrMLM","PstI.TP181995","2","61452565","-0.157","1.1036","A"
"4","Trait5","mrMLM","PstI.TP1161045","2","61497818","-0.1692","0.8707","A"
"4","Trait5","mrMLM","PstI.TP643315","2","61513421","-5.7899e-06","0.0013","A"
"4","Trait5","mrMLM","NsiI.TP97000","2","61536303","2.111e-05","0.0046","C"
"4","Trait5","mrMLM","PstI.TP904659","2","61538991","-1.2283e-05","0.0027","A"
"4","Trait5","mrMLM","NsiI.TP636290","2","61546369","0.0502","0.3462","C"
"4","Trait5","mrMLM","PstI.TP815233","2","61560008","-1.2172e-05","0.0027","A"
"4","Trait5","mrMLM","PstI.TP732900","2","61561300","0.0408","0.3021","C"
"4","Trait5","mrMLM","PstI.TP1076494","2","61562100","-0.1539","1.4073","C"
"4","Trait5","mrMLM","NsiI.TP534153","2","61587794","-0.0391","0.4802","C"
"4","Trait5","mrMLM","PstI.TP812943","2","61589887","0.0056","0.0963","A"
"4","Trait5","mrMLM","PstI.TP1267959","2","61590108","-0.041","0.2434","A"
"4","Trait5","mrMLM","PstI.TP880682","2","61633625","-1.2929e-05","0.0028","C"
"4","Trait5","mrMLM","PstI.TP975023","2","61638010","0.1529","1.003","A"
"4","Trait5","mrMLM","PstI.TP1180897","2","61651592","8.6495e-06","0.0019","C"
"4","Trait5","mrMLM","PstI.TP929487","2","61654422","-3.3802e-05","0.0074","C"
"4","Trait5","mrMLM","PstI.TP44348","2","61688094","0.0068","0.0919","A"
"4","Trait5","mrMLM","PstI.TP1239894","2","61692152","-0.0654","0.5991","C"
"4","Trait5","mrMLM","PstI.TP1204709","2","61698217","-0.1314","1.5073","C"
"4","Trait5","mrMLM","PstI.TP408602","2","61706850","7.2041e-06","0.0016","C"
"4","Trait5","mrMLM","NsiI.TP215437","2","61709437","7.9769e-06","0.0017","C"
"4","Trait5","mrMLM","PstI.TP690728","2","61712420","-1.563e-05","0.0034","C"
"4","Trait5","mrMLM","NsiI.TP367324","2","61737709","-0.0589","0.633","A"
"4","Trait5","mrMLM","PstI.TP641744","2","61738293","2.9941e-05","0.0066","G"
"4","Trait5","mrMLM","NsiI.TP531832","2","61739202","-0.1009","0.4724","A"
"4","Trait5","mrMLM","PstI.TP1167243","2","61742988","1.1721e-05","0.0026","C"
"4","Trait5","mrMLM","PstI.TP1167244","2","61743010","-0.1603","0.9275","A"
"4","Trait5","mrMLM","PstI.TP663666","2","61773347","2.653e-05","0.0058","C"
"4","Trait5","mrMLM","NsiI.TP263189","2","61806281","-2.53e-06","6e-04","C"
"4","Trait5","mrMLM","PstI.TP13833","2","61808729","3.6092e-06","8e-04","A"
"4","Trait5","mrMLM","NsiI.TP340260","2","61822324","0.2257","2.2292","A"
"4","Trait5","mrMLM","PstI.TP642706","2","61823191","0.081","0.3189","G"
"4","Trait5","mrMLM","NsiI.TP181611","2","61824315","0.1565","1.2085","C"
"4","Trait5","mrMLM","NsiI.TP232276","2","61824334","-2.7093e-05","0.0059","C"
"4","Trait5","mrMLM","PstI.TP133791","2","61841472","-0.2286","2.0236","C"
"4","Trait5","mrMLM","NsiI.TP283766","2","61857548","-5.4026e-07","1e-04","C"
"4","Trait5","mrMLM","PstI.TP584034","2","61859803","-2.9832e-05","0.0065","A"
"4","Trait5","mrMLM","PstI.TP134453","2","61861955","0.0599","0.7644","C"
"4","Trait5","mrMLM","NsiI.TP539141","2","61862930","9.7546e-06","0.0021","G"
"4","Trait5","mrMLM","NsiI.TP113604","2","61863962","1.8734e-05","0.0041","A"
"4","Trait5","mrMLM","NsiI.TP179278","2","61874011","1.2721e-05","0.0028","C"
"4","Trait5","mrMLM","PstI.TP1151182","2","61931371","8.2111e-06","0.0018","C"
"4","Trait5","mrMLM","PstI.TP1144152","2","61957721","0.0907","1.0018","C"
"4","Trait5","mrMLM","NsiI.TP747108","2","61957721","0.0887","1.1123","C"
"4","Trait5","mrMLM","PstI.TP1123778","2","61958273","-0.0999","0.7137","C"
"4","Trait5","mrMLM","PstI.TP191169","2","61963533","1.4522e-05","0.0032","G"
"4","Trait5","mrMLM","PstI.TP141528","2","61974919","-0.2505","1.2621","A"
"4","Trait5","mrMLM","NsiI.TP705623","2","62012470","0.0317","0.4363","C"
"4","Trait5","mrMLM","NsiI.TP97850","2","62013315","-6.1049e-06","0.0013","C"
"4","Trait5","mrMLM","PstI.TP1148558","2","62049812","0.466","2.6123","A"
"4","Trait5","mrMLM","NsiI.TP209091","2","62052421","-2.1966e-05","0.0048","G"
"4","Trait5","mrMLM","NsiI.TP148533","2","62053428","-1.0257e-05","0.0022","A"
"4","Trait5","mrMLM","PstI.TP569602","2","62058125","0.0499","0.3403","C"
"4","Trait5","mrMLM","NsiI.TP331864","2","62081302","-8.2572e-06","0.0018","A"
"4","Trait5","mrMLM","NsiI.TP502956","2","62081342","1.1428e-05","0.0025","C"
"4","Trait5","mrMLM","NsiI.TP681249","2","62081360","-8.0399e-06","0.0018","A"
"4","Trait5","mrMLM","PstI.TP901447","2","62096442","0.0329","0.2275","A"
"4","Trait5","mrMLM","NsiI.TP548203","2","62096723","-0.0714","0.6407","A"
"4","Trait5","mrMLM","NsiI.TP252714","2","62096963","-0.1672","1.0135","A"
"4","Trait5","mrMLM","PstI.TP32136","2","62098551","-0.0105","0.165","C"
"4","Trait5","mrMLM","PstI.TP32135","2","62098576","0.0187","0.1853","C"
"4","Trait5","mrMLM","PstI.TP509122","2","62099032","1.1016e-05","0.0024","C"
"4","Trait5","mrMLM","NsiI.TP210634","2","62099387","-1.246e-05","0.0027","A"
"4","Trait5","mrMLM","NsiI.TP198536","2","62119499","-1.6705e-05","0.0037","A"
"4","Trait5","mrMLM","NsiI.TP326711","2","62124263","-0.0465","0.2393","C"
"4","Trait5","mrMLM","NsiI.TP825860","2","62131029","-1.69e-05","0.0037","A"
"4","Trait5","mrMLM","NsiI.TP438031","2","62133346","0.0359","0.3618","G"
"4","Trait5","mrMLM","NsiI.TP431056","2","62182837","-1.7918e-05","0.0039","C"
"4","Trait5","mrMLM","PstI.TP532736","2","62195730","3.0039e-05","0.0066","A"
"4","Trait5","mrMLM","PstI.TP397490","2","62195783","8.8058e-06","0.0019","C"
"4","Trait5","mrMLM","PstI.TP4106","2","62207704","-3.2249e-05","0.0071","A"
"4","Trait5","mrMLM","PstI.TP1168670","2","62220844","1.718e-05","0.0038","C"
"4","Trait5","mrMLM","PstI.TP923639","2","62221483","-0.1378","0.7586","G"
"4","Trait5","mrMLM","PstI.TP1073969","2","62221523","0.17","1.2326","A"
"4","Trait5","mrMLM","NsiI.TP337409","2","62229133","1.3452e-06","3e-04","A"
"4","Trait5","mrMLM","PstI.TP610851","2","62230111","-2.3805e-05","0.0052","A"
"4","Trait5","mrMLM","NsiI.TP429579","2","62232354","0.0404","0.2511","A"
"4","Trait5","mrMLM","NsiI.TP430697","2","62257725","1.2318e-05","0.0027","A"
"4","Trait5","mrMLM","PstI.TP80300","2","62263495","-2.1707e-05","0.0047","C"
"4","Trait5","mrMLM","NsiI.TP455424","2","62269512","5.3876e-06","0.0012","C"
"4","Trait5","mrMLM","PstI.TP185298","2","62297361","-0.0985","0.859","C"
"4","Trait5","mrMLM","PstI.TP1287076","2","62300556","-6.6371e-06","0.0014","G"
"4","Trait5","mrMLM","PstI.TP1194049","2","62331220","-9.4634e-06","0.0021","A"
"4","Trait5","mrMLM","NsiI.TP549004","2","62333756","-1.1725e-06","3e-04","C"
"4","Trait5","mrMLM","PstI.TP987666","2","62343916","-0.086","0.5524","G"
"4","Trait5","mrMLM","PstI.TP1181052","2","62344184","1.3349e-05","0.0029","G"
"4","Trait5","mrMLM","NsiI.TP594897","2","62344484","-0.3296","1.5523","A"
"4","Trait5","mrMLM","NsiI.TP594896","2","62344502","1.5023e-05","0.0033","C"
"4","Trait5","mrMLM","PstI.TP849126","2","62350163","0.1916","1.8207","C"
"4","Trait5","mrMLM","PstI.TP57056","2","62352260","7.7528e-07","2e-04","C"
"4","Trait5","mrMLM","NsiI.TP534510","2","62381607","0.0016","0.0409","C"
"4","Trait5","mrMLM","PstI.TP1245144","2","62399654","-2.1139e-05","0.0046","A"
"4","Trait5","mrMLM","GFSSContig7235_407","2","62400621","-1.1007e-05","0.0024","T"
"4","Trait5","mrMLM","PstI.TP331265","2","62408732","-1.8195e-05","0.004","C"
"4","Trait5","mrMLM","NsiI.TP614629","2","62417756","0.1223","0.4824","C"
"4","Trait5","mrMLM","NsiI.TP681001","2","62421010","1.0098e-05","0.0022","A"
"4","Trait5","mrMLM","PstI.TP944561","2","62421967","3.4109e-06","7e-04","A"
"4","Trait5","mrMLM","PstI.TP196396","2","62460198","0.073","0.9798","C"
"4","Trait5","mrMLM","GFSSContig19037_366","2","62477555","-0.0766","0.8946","C"
"4","Trait5","mrMLM","PstI.TP886589","2","62498521","3.3392e-05","0.0073","G"
"4","Trait5","mrMLM","PstI.TP1019672","2","62506577","0.0732","0.6757","A"
"4","Trait5","mrMLM","NsiI.TP774921","2","62506932","1.2747e-05","0.0028","C"
"4","Trait5","mrMLM","NsiI.TP618384","2","62507974","-3.2414e-05","0.0071","C"
"4","Trait5","mrMLM","PstI.TP967671","2","62512513","1.607e-05","0.0035","A"
"4","Trait5","mrMLM","NsiI.TP561171","2","62521030","-1.7314e-05","0.0038","C"
"4","Trait5","mrMLM","PstI.TP736170","2","62555396","-6.7814e-06","0.0015","A"
"4","Trait5","mrMLM","PstI.TP897958","2","62555400","2.2413e-05","0.0049","G"
"4","Trait5","mrMLM","PstI.TP710432","2","62555401","-0.18","1.1871","A"
"4","Trait5","mrMLM","NsiI.TP301992","2","62556164","0.0119","0.1508","A"
"4","Trait5","mrMLM","PstI.TP870640","2","62558309","-8.5026e-06","0.0019","C"
"4","Trait5","mrMLM","PstI.TP907626","2","62558318","4.4453e-07","9.6748e-05","C"
"4","Trait5","mrMLM","NsiI.TP68299","2","62560082","0.1362","0.9524","G"
"4","Trait5","mrMLM","PstI.TP1093135","2","62560841","2.1427e-06","5e-04","A"
"4","Trait5","mrMLM","NsiI.TP617907","2","62611787","-9.372e-06","0.002","A"
"4","Trait5","mrMLM","PstI.TP175097","2","62618411","0.0986","0.8163","A"
"4","Trait5","mrMLM","NsiI.TP783847","2","62628811","0.1581","0.8057","A"
"4","Trait5","mrMLM","PstI.TP418800","2","62653861","-0.0898","0.8894","C"
"4","Trait5","mrMLM","PstI.TP1160341","2","62653956","-2.4304e-05","0.0053","C"
"4","Trait5","mrMLM","PstI.TP631692","2","62659796","-0.121","1.7373","A"
"4","Trait5","mrMLM","PstI.TP6025","2","62661228","-0.1592","0.5972","G"
"4","Trait5","mrMLM","NsiI.TP111030","2","62661855","-0.1012","1.4121","A"
"4","Trait5","mrMLM","NsiI.TP267029","2","62662903","-0.0894","0.4059","A"
"4","Trait5","mrMLM","PstI.TP537473","2","62667234","-0.2516","1.5774","A"
"4","Trait5","mrMLM","PstI.TP479172","2","62668613","3.6912e-05","0.0081","A"
"4","Trait5","mrMLM","PstI.TP609818","2","62678485","5.0913e-05","0.0112","A"
"4","Trait5","mrMLM","PstI.TP178231","2","62690478","0.0413","0.4443","A"
"4","Trait5","mrMLM","NsiI.TP252815","2","62703324","-2.2048e-05","0.0048","G"
"4","Trait5","mrMLM","NsiI.TP779584","2","62705154","-1.4584e-05","0.0032","C"
"4","Trait5","mrMLM","PstI.TP1163017","2","62722944","0.0552","0.3618","C"
"4","Trait5","mrMLM","PstI.TP1287302","2","62726748","1.0361e-05","0.0023","C"
"4","Trait5","mrMLM","NsiI.TP127707","2","62735474","2.2051e-05","0.0048","G"
"4","Trait5","mrMLM","PstI.TP460623","2","62795899","1.5978e-06","3e-04","A"
"4","Trait5","mrMLM","PstI.TP662487","2","62795989","-0.0587","0.556","A"
"4","Trait5","mrMLM","PstI.TP387521","2","62798615","0.3063","1.0092","C"
"4","Trait5","mrMLM","NsiI.TP532253","2","62805809","0.1664","0.9105","C"
"4","Trait5","mrMLM","PstI.TP827408","2","62810980","0.011","0.1654","C"
"4","Trait5","mrMLM","PstI.TP808992","2","62812242","-7.7145e-06","0.0017","C"
"4","Trait5","mrMLM","GFSSContig14156_604","2","62826033","-0.0172","0.2179","A"
"4","Trait5","mrMLM","NsiI.TP747050","2","62826526","0.1021","0.688","A"
"4","Trait5","mrMLM","NsiI.TP566315","2","62850243","-1.3272e-05","0.0029","C"
"4","Trait5","mrMLM","NsiI.TP566314","2","62856978","1.077e-05","0.0023","C"
"4","Trait5","mrMLM","NsiI.TP762060","2","62872379","-0.2155","1.1487","A"
"4","Trait5","mrMLM","PstI.TP491361","2","62891449","0.191","0.9329","A"
"4","Trait5","mrMLM","PstI.TP389548","2","62919573","-1.1137e-06","2e-04","C"
"4","Trait5","mrMLM","PstI.TP1100383","2","62926860","-0.1156","0.6857","A"
"4","Trait5","mrMLM","PstI.TP1121003","2","62934564","-2.1712e-05","0.0048","A"
"4","Trait5","mrMLM","NsiI.TP682136","2","62939395","-0.1229","1.141","A"
"4","Trait5","mrMLM","NsiI.TP745005","2","62939927","-7.2737e-05","0.0082","A"
"4","Trait5","mrMLM","NsiI.TP682138","2","62951172","-0.0969","0.7831","C"
"4","Trait5","mrMLM","PstI.TP932636","2","62958734","-0.1999","1.4232","G"
"4","Trait5","mrMLM","PstI.TP1008178","2","62960839","-0.0732","0.8636","A"
"4","Trait5","mrMLM","PstI.TP465347","2","62972071","1.7281e-06","4e-04","C"
"4","Trait5","mrMLM","PstI.TP465335","2","62972110","-0.2572","1.2855","C"
"4","Trait5","mrMLM","PstI.TP470589","2","62972115","1.5459e-05","0.0034","G"
"4","Trait5","mrMLM","PstI.TP750514","2","62972310","9.8461e-06","0.0021","C"
"4","Trait5","mrMLM","PstI.TP1163880","2","62981202","-0.0898","0.6054","C"
"4","Trait5","mrMLM","NsiI.TP189008","2","63014257","1.4172e-06","3e-04","A"
"4","Trait5","mrMLM","PstI.TP214994","2","63068949","-6.1916e-06","0.0013","C"
"4","Trait5","mrMLM","PstI.TP477486","2","63077632","7.52e-06","0.0016","C"
"4","Trait5","mrMLM","NsiI.TP210176","2","63098520","1.1268e-05","0.0025","A"
"4","Trait5","mrMLM","PstI.TP651782","2","63115676","-9.2089e-06","0.002","C"
"4","Trait5","mrMLM","NsiI.TP758664","2","63124598","-0.1184","0.7609","C"
"4","Trait5","mrMLM","NsiI.TP545563","2","63124650","-2.7945e-06","6e-04","G"
"4","Trait5","mrMLM","NsiI.TP274692","2","63139646","-1.6697e-05","0.0036","C"
"4","Trait5","mrMLM","PstI.TP301756","2","63147071","-2.8072e-06","6e-04","A"
"4","Trait5","mrMLM","NsiI.TP153717","2","63150273","-0.2342","2.2019","C"
"4","Trait5","mrMLM","PstI.TP873482","2","63150410","-2.1653e-05","0.0047","G"
"4","Trait5","mrMLM","PstI.TP744225","2","63151267","1.3422e-05","0.0029","C"
"4","Trait5","mrMLM","PstI.TP454285","2","63153549","0.3397","2.4367","A"
"4","Trait5","mrMLM","PstI.TP460957","2","63153566","1.9846e-05","0.0043","A"
"4","Trait5","mrMLM","NsiI.TP824078","2","63156723","0.0097","0.1195","A"
"4","Trait5","mrMLM","PstI.TP1066894","2","63156865","0.1394","1.0949","A"
"4","Trait5","mrMLM","NsiI.TP415925","2","63174632","-1.0078e-05","0.0022","C"
"4","Trait5","mrMLM","PstI.TP903912","2","63218438","-0.0659","0.3976","A"
"4","Trait5","mrMLM","PstI.TP696515","2","63219644","-6.0009e-06","0.0013","C"
"4","Trait5","mrMLM","NsiI.TP506374","2","63219829","3.3329e-05","0.0073","C"
"4","Trait5","mrMLM","NsiI.TP506375","2","63219863","0.0043","0.1015","G"
"4","Trait5","mrMLM","PstI.TP181967","2","63225229","-1.8857e-05","0.0041","A"
"4","Trait5","mrMLM","GFSSContig20140_1961","2","63225419","3.7285e-05","0.0082","C"
"4","Trait5","mrMLM","PstI.TP1143527","2","63225703","-3.6145e-06","8e-04","C"
"4","Trait5","mrMLM","NsiI.TP236891","2","63252350","-0.0905","0.4432","A"
"4","Trait5","mrMLM","PstI.TP665885","2","63263725","0.1952","1.366","G"
"4","Trait5","mrMLM","NsiI.TP512453","2","63293916","1.7708e-05","0.0039","A"
"4","Trait5","mrMLM","PstI.TP418882","2","63294374","-0.0382","0.2425","A"
"4","Trait5","mrMLM","PstI.TP197766","2","63307829","-0.0214","0.2324","C"
"4","Trait5","mrMLM","PstI.TP1217033","2","63330699","-1.0443e-05","0.0023","A"
"4","Trait5","mrMLM","PstI.TP25138","2","63331179","-4.2625e-06","9e-04","A"
"4","Trait5","mrMLM","PstI.TP828177","2","63340448","-1.6231e-05","0.0035","C"
"4","Trait5","mrMLM","PstI.TP1100764","2","63346042","-0.1327","1.8528","A"
"4","Trait5","mrMLM","PstI.TP915623","2","63352609","-1.6028e-05","0.0035","A"
"4","Trait5","mrMLM","NsiI.TP819990","2","63379830","-8.764e-06","0.0019","C"
"4","Trait5","mrMLM","PstI.TP747312","2","63408848","1.1703e-05","0.0026","G"
"4","Trait5","mrMLM","PstI.TP957550","2","63408981","-3.9734e-07","8.6506e-05","G"
"4","Trait5","mrMLM","PstI.TP578565","2","63409175","0.1191","0.7871","A"
"4","Trait5","mrMLM","NsiI.TP434529","2","63427340","-1.5634e-05","0.0034","A"
"4","Trait5","mrMLM","PstI.TP821466","2","63495052","-0.1011","0.8401","C"
"4","Trait5","mrMLM","PstI.TP1003114","2","63495122","-1.5738e-05","0.0034","C"
"4","Trait5","mrMLM","NsiI.TP315522","2","63495356","-5.3522e-07","1e-04","C"
"4","Trait5","mrMLM","NsiI.TP364999","2","63498766","0.0828","0.5501","A"
"4","Trait5","mrMLM","PstI.TP1092483","2","63503448","-2.38e-05","0.0052","A"
"4","Trait5","mrMLM","PstI.TP18820","2","63515572","-0.0346","0.3193","C"
"4","Trait5","mrMLM","NsiI.TP630636","2","63520018","2.0077e-05","0.0044","C"
"4","Trait5","mrMLM","NsiI.TP510051","2","63529122","-3.0551e-06","7e-04","C"
"4","Trait5","mrMLM","NsiI.TP243290","2","63529374","-2.0306e-05","0.0044","A"
"4","Trait5","mrMLM","PstI.TP443783","2","63532872","-3.2877e-05","0.0072","A"
"4","Trait5","mrMLM","NsiI.TP166775","2","63533748","-3.6479e-06","8e-04","A"
"4","Trait5","mrMLM","PstI.TP214763","2","63534053","-3.7048e-06","8e-04","C"
"4","Trait5","mrMLM","NsiI.TP42976","2","63536185","-9.5602e-06","0.0021","C"
"4","Trait5","mrMLM","NsiI.TP679167","2","63536188","-1.5793e-05","0.0035","C"
"4","Trait5","mrMLM","NsiI.TP476269","2","63537225","1.9083e-05","0.0042","C"
"4","Trait5","mrMLM","PstI.TP742379","2","63540984","0.3791","1.8993","A"
"4","Trait5","mrMLM","NsiI.TP592387","2","63543316","-0.1568","1.7101","A"
"4","Trait5","mrMLM","NsiI.TP465879","2","63549697","-0.0023","0.0506","A"
"4","Trait5","mrMLM","NsiI.TP525508","2","63549776","0.0453","0.6086","A"
"4","Trait5","mrMLM","PstI.TP1021339","2","63565830","8.5687e-06","0.0019","C"
"4","Trait5","mrMLM","NsiI.TP1992","2","63568102","9.0062e-06","0.002","A"
"4","Trait5","mrMLM","PstI.TP957454","2","63568453","-9.1414e-06","0.002","G"
"4","Trait5","mrMLM","PstI.TP1022383","2","63575726","-8.8975e-07","2e-04","C"
"4","Trait5","mrMLM","PstI.TP33642","2","63632818","-0.0057","0.105","A"
"4","Trait5","mrMLM","PstI.TP1069784","2","63643324","-0.2471","1.0411","A"
"4","Trait5","mrMLM","PstI.TP210328","2","63643382","-6.0024e-06","0.0013","A"
"4","Trait5","mrMLM","PstI.TP251932","2","63653245","-2.5108e-05","0.0055","G"
"4","Trait5","mrMLM","PstI.TP1069781","2","63663252","-1.1131e-05","0.0024","C"
"4","Trait5","mrMLM","NsiI.TP110823","2","63663518","0.0769","1.0644","A"
"4","Trait5","mrMLM","PstI.TP944954","2","63670385","-1.506e-05","0.0033","A"
"4","Trait5","mrMLM","PstI.TP982615","2","63682812","2.277e-05","0.005","C"
"4","Trait5","mrMLM","PstI.TP173663","2","63685671","0.0885","0.5336","C"
"4","Trait5","mrMLM","GFSSContig11619_923","2","63686436","0.0153","0.1567","T"
"4","Trait5","mrMLM","NsiI.TP388428","2","63687309","-9.1065e-06","0.002","A"
"4","Trait5","mrMLM","PstI.TP388433","2","63692898","-1.0564e-05","0.0023","A"
"4","Trait5","mrMLM","PstI.TP449117","2","63692942","-0.0128","0.1801","A"
"4","Trait5","mrMLM","PstI.TP349067","2","63692960","-0.204","1.403","C"
"4","Trait5","mrMLM","PstI.TP62991","2","63693247","1.4211e-05","0.0031","C"
"4","Trait5","mrMLM","PstI.TP825683","2","63726337","-0.3499","1.1736","G"
"4","Trait5","mrMLM","PstI.TP1025950","2","63727163","-5.7946e-06","0.0013","C"
"4","Trait5","mrMLM","NsiI.TP401027","2","63727211","8.1142e-06","0.0018","A"
"4","Trait5","mrMLM","PstI.TP62977","2","63730349","1.2947e-05","0.0028","C"
"4","Trait5","mrMLM","NsiI.TP313019","2","63730600","0.0377","0.3874","C"
"4","Trait5","mrMLM","NsiI.TP264007","2","63732145","-1.2771e-05","0.0028","A"
"4","Trait5","mrMLM","NsiI.TP571832","2","63804104","0.0761","0.8413","G"
"4","Trait5","mrMLM","PstI.TP412743","2","63812090","-3.5126e-05","0.0077","C"
"4","Trait5","mrMLM","NsiI.TP188919","2","63812102","2.681e-05","0.0059","A"
"4","Trait5","mrMLM","NsiI.TP437484","2","63813676","2.7156e-05","0.006","A"
"4","Trait5","mrMLM","NsiI.TP336031","2","63813920","-2.1506e-05","0.0047","C"
"4","Trait5","mrMLM","PstI.TP528884","2","63869478","1.2012e-05","0.0026","C"
"4","Trait5","mrMLM","PstI.TP228545","2","63881407","6.8734e-07","1e-04","C"
"4","Trait5","mrMLM","PstI.TP164140","2","63905688","-0.0179","0.2225","A"
"4","Trait5","mrMLM","PstI.TP1265761","2","63924188","-0.0808","0.9116","C"
"4","Trait5","mrMLM","PstI.TP332893","2","63934460","-2.3027e-05","0.005","C"
"4","Trait5","mrMLM","NsiI.TP378899","2","63934773","-5.1678e-06","0.0011","A"
"4","Trait5","mrMLM","PstI.TP1201805","2","63964510","-1.5093e-06","3e-04","C"
"4","Trait5","mrMLM","PstI.TP213479","2","63992469","0.1585","1.0528","C"
"4","Trait5","mrMLM","PstI.TP680879","2","64067358","4.4377e-06","0.001","G"
"4","Trait5","mrMLM","NsiI.TP358144","2","64072836","1.2186e-08","2.6522e-06","C"
"4","Trait5","mrMLM","PstI.TP938598","2","64076779","-0.1716","1.085","G"
"4","Trait5","mrMLM","NsiI.TP26790","2","64083150","-2.4767e-05","0.0054","A"
"4","Trait5","mrMLM","PstI.TP602086","2","64120506","1.8037e-05","0.0039","G"
"4","Trait5","mrMLM","PstI.TP1015830","2","64144907","-0.1826","0.6159","A"
"4","Trait5","mrMLM","PstI.TP311369","2","64154564","-0.0687","0.3297","A"
"4","Trait5","mrMLM","PstI.TP511920","2","64154632","-1.1844e-06","3e-04","A"
"4","Trait5","mrMLM","PstI.TP692444","2","64173598","2.108e-06","5e-04","C"
"4","Trait5","mrMLM","PstI.TP199067","2","64174213","-9.3155e-06","0.002","C"
"4","Trait5","mrMLM","PstI.TP501670","2","64178029","8.1643e-06","0.0018","A"
"4","Trait5","mrMLM","PstI.TP903376","2","64182104","0.1515","1.1405","A"
"4","Trait5","mrMLM","NsiI.TP705530","2","64193242","0.2146","1.259","A"
"4","Trait5","mrMLM","NsiI.TP762102","2","64194218","-0.0154","0.2045","C"
"4","Trait5","mrMLM","PstI.TP1138813","2","64207351","-0.0384","0.3437","A"
"4","Trait5","mrMLM","PstI.TP48914","2","64219114","-1.2845e-05","0.0028","A"
"4","Trait5","mrMLM","PstI.TP944965","2","64230005","-2.0872e-05","0.0046","A"
"4","Trait5","mrMLM","PstI.TP632828","2","64238905","1.6368e-05","0.0036","A"
"4","Trait5","mrMLM","PstI.TP114021","2","64240526","3.3758e-06","7e-04","A"
"4","Trait5","mrMLM","PstI.TP53492","2","64246149","-0.0677","0.2681","A"
"4","Trait5","mrMLM","PstI.TP53494","2","64246189","1.202e-05","0.0026","A"
"4","Trait5","mrMLM","PstI.TP1279693","2","64246805","1.3102e-05","0.0029","A"
"4","Trait5","mrMLM","NsiI.TP206149","2","64247128","-8.3037e-06","0.0018","A"
"4","Trait5","mrMLM","NsiI.TP622588","2","64257542","-2.8983e-05","0.0064","C"
"4","Trait5","mrMLM","PstI.TP222154","2","64264460","-0.2129","0.727","G"
"4","Trait5","mrMLM","PstI.TP268085","2","64265265","0.1734","0.8625","A"
"4","Trait5","mrMLM","NsiI.TP59921","2","64266017","-0.0501","0.4345","A"
"4","Trait5","mrMLM","NsiI.TP723158","2","64303365","-1.4275e-05","0.0031","A"
"4","Trait5","mrMLM","PstI.TP385438","2","64341110","2.8016e-05","0.0061","A"
"4","Trait5","mrMLM","PstI.TP49826","2","64341378","0.0471","0.2735","C"
"4","Trait5","mrMLM","NsiI.TP399928","2","64359591","-1.3912e-05","0.003","G"
"4","Trait5","mrMLM","NsiI.TP715698","2","64378315","1.9973e-05","0.0044","G"
"4","Trait5","mrMLM","NsiI.TP435441","2","64379871","0.0489","0.5691","A"
"4","Trait5","mrMLM","PstI.TP31812","2","64382762","0.169","1.0693","A"
"4","Trait5","mrMLM","NsiI.TP126430","2","64382854","8.6825e-06","0.0019","A"
"4","Trait5","mrMLM","PstI.TP486783","2","64391613","-9.9111e-06","0.0022","C"
"4","Trait5","mrMLM","PstI.TP991232","2","64423119","-1.3525e-05","0.003","A"
"4","Trait5","mrMLM","PstI.TP136266","2","64424937","-0.0186","0.1092","A"
"4","Trait5","mrMLM","PstI.TP1213136","2","64427943","-0.0437","0.5032","A"
"4","Trait5","mrMLM","NsiI.TP103938","2","64448359","-3.2813e-05","0.0072","G"
"4","Trait5","mrMLM","NsiI.TP400737","2","64456259","1.2423e-06","3e-04","A"
"4","Trait5","mrMLM","PstI.TP843176","2","64461491","1.1865e-05","0.0026","A"
"4","Trait5","mrMLM","NsiI.TP36264","2","64464560","-2.261e-05","0.0049","C"
"4","Trait5","mrMLM","PstI.TP65909","2","64466663","1.0497e-05","0.0023","C"
"4","Trait5","mrMLM","PstI.TP1027360","2","64471256","-5.2743e-06","0.0011","A"
"4","Trait5","mrMLM","PstI.TP1046232","2","64504186","-1.3864e-06","3e-04","A"
"4","Trait5","mrMLM","PstI.TP1172157","2","64506673","0.1967","0.7952","C"
"4","Trait5","mrMLM","PstI.TP1187368","2","64507096","1.1353e-05","0.0025","G"
"4","Trait5","mrMLM","PstI.TP543346","2","64518197","-3.3059e-06","7e-04","C"
"4","Trait5","mrMLM","NsiI.TP635811","2","64519837","8.1422e-06","0.0018","C"
"4","Trait5","mrMLM","NsiI.TP596580","2","64526209","8.4738e-06","0.0018","C"
"4","Trait5","mrMLM","PstI.TP830420","2","64526827","-1.9282e-05","0.0042","C"
"4","Trait5","mrMLM","NsiI.TP624412","2","64546061","-0.0372","0.3291","C"
"4","Trait5","mrMLM","NsiI.TP218394","2","64546093","1.3292e-05","0.0029","A"
"4","Trait5","mrMLM","NsiI.TP431955","2","64564549","3.1832e-07","6.9282e-05","A"
"4","Trait5","mrMLM","NsiI.TP434031","2","64564572","-0.0585","0.3282","A"
"4","Trait5","mrMLM","PstI.TP764085","2","64577730","-5.345e-06","0.0012","A"
"4","Trait5","mrMLM","PstI.TP1285666","2","64593899","8.0413e-06","0.0018","C"
"4","Trait5","mrMLM","NsiI.TP795232","2","64626348","7.717e-06","0.0017","A"
"4","Trait5","mrMLM","NsiI.TP797224","2","64672541","-8.0542e-06","0.0018","A"
"4","Trait5","mrMLM","PstI.TP838455","2","64681502","-0.0166","0.2406","A"
"4","Trait5","mrMLM","PstI.TP793328","2","64714606","-6.9129e-06","0.0015","C"
"4","Trait5","mrMLM","NsiI.TP212769","2","64735173","-0.0755","0.5832","A"
"4","Trait5","mrMLM","PstI.TP1114725","2","64759859","0.0301","0.1999","G"
"4","Trait5","mrMLM","PstI.TP9341","2","64801185","1.6014e-06","3e-04","A"
"4","Trait5","mrMLM","NsiI.TP10006","2","64838541","0.0356","0.4448","C"
"4","Trait5","mrMLM","PstI.TP150789","2","64840814","-0.1799","1.5229","A"
"4","Trait5","mrMLM","PstI.TP1087230","2","64864287","-1.5658e-05","0.0034","C"
"4","Trait5","mrMLM","NsiI.TP411635","2","64873186","0.0136","0.1119","C"
"4","Trait5","mrMLM","PstI.TP287478","2","64900404","-0.036","0.3952","A"
"4","Trait5","mrMLM","PstI.TP143146","2","64924253","0.0222","0.1853","A"
"4","Trait5","mrMLM","NsiI.TP197880","2","64925797","2.005e-05","0.0044","A"
"4","Trait5","mrMLM","PstI.TP258152","2","64939805","-0.1038","0.9332","A"
"4","Trait5","mrMLM","NsiI.TP124988","2","64952087","7.8736e-06","0.0017","G"
"4","Trait5","mrMLM","NsiI.TP742769","2","64965783","1.2667e-05","0.0028","C"
"4","Trait5","mrMLM","NsiI.TP679514","2","65029064","3.2133e-05","0.0071","A"
"4","Trait5","mrMLM","PstI.TP384804","2","65029446","-0.1435","1.8493","C"
"4","Trait5","mrMLM","PstI.TP75674","2","65030494","-2.0791e-06","5e-04","C"
"4","Trait5","mrMLM","NsiI.TP313981","2","65045194","-1.1087e-06","2e-04","C"
"4","Trait5","mrMLM","PstI.TP662545","2","65075286","1.4217e-05","0.0031","G"
"4","Trait5","mrMLM","NsiI.TP485134","2","65083528","8.3233e-06","0.0018","C"
"4","Trait5","mrMLM","PstI.TP67765","2","65087402","2.7416e-05","0.006","A"
"4","Trait5","mrMLM","NsiI.TP11618","2","65089549","-2.3222e-06","5e-04","C"
"4","Trait5","mrMLM","NsiI.TP409721","2","65096533","-1.5652e-07","3.4063e-05","A"
"4","Trait5","mrMLM","PstI.TP269118","2","65111541","3.325e-05","0.0073","A"
"4","Trait5","mrMLM","PstI.TP688032","2","65120135","-9.9821e-06","0.0022","A"
"4","Trait5","mrMLM","PstI.TP687337","2","65120143","3.9453e-06","9e-04","A"
"4","Trait5","mrMLM","PstI.TP482751","2","65127319","2.6127e-05","0.0057","A"
"4","Trait5","mrMLM","NsiI.TP245312","2","65127626","-1.4051e-05","0.0031","G"
"4","Trait5","mrMLM","PstI.TP203172","2","65178529","6.5154e-06","0.0014","C"
"4","Trait5","mrMLM","PstI.TP1096753","2","65202956","0.1425","1.1925","A"
"4","Trait5","mrMLM","PstI.TP841003","2","65203283","2.6493e-05","0.0058","A"
"4","Trait5","mrMLM","PstI.TP245075","2","65206067","0.0769","0.5435","A"
"4","Trait5","mrMLM","NsiI.TP616806","2","65206179","0.0255","0.1924","C"
"4","Trait5","mrMLM","NsiI.TP827848","2","65213568","1.1677e-05","0.0025","A"
"4","Trait5","mrMLM","PstI.TP1048151","2","65222646","-0.0353","0.2349","A"
"4","Trait5","mrMLM","PstI.TP848799","2","65227208","-1.478e-05","0.0032","A"
"4","Trait5","mrMLM","NsiI.TP670716","2","65249451","0.185","1.1709","C"
"4","Trait5","mrMLM","PstI.TP212672","2","65281161","4.787e-06","0.001","C"
"4","Trait5","mrMLM","NsiI.TP43444","2","65281519","0.0277","0.1984","A"
"4","Trait5","mrMLM","PstI.TP142572","2","65284355","8.051e-07","2e-04","A"
"4","Trait5","mrMLM","PstI.TP596454","2","65323968","-2.6378e-06","6e-04","C"
"4","Trait5","mrMLM","PstI.TP803926","2","65327202","0.1494","0.95","A"
"4","Trait5","mrMLM","PstI.TP293151","2","65329772","-1.0168e-05","0.0022","A"
"4","Trait5","mrMLM","NsiI.TP432637","2","65336133","-0.0499","0.6033","A"
"4","Trait5","mrMLM","NsiI.TP286823","2","65354249","1.4487e-05","0.0032","C"
"4","Trait5","mrMLM","NsiI.TP588396","2","65356142","9.6066e-06","0.0021","A"
"4","Trait5","mrMLM","NsiI.TP417144","2","65360114","-1.9929e-05","0.0044","C"
"4","Trait5","mrMLM","NsiI.TP437492","2","65360815","6.8086e-06","0.0015","A"
"4","Trait5","mrMLM","NsiI.TP509444","2","65366375","-5.5368e-06","0.0012","A"
"4","Trait5","mrMLM","NsiI.TP335209","2","65367884","9.9801e-06","0.0022","A"
"4","Trait5","mrMLM","NsiI.TP588393","2","65367960","-3.2568e-06","7e-04","A"
"4","Trait5","mrMLM","NsiI.TP563232","2","65378339","0.0188","0.1619","A"
"4","Trait5","mrMLM","PstI.TP106244","2","65381904","-1.2672e-05","0.0028","A"
"4","Trait5","mrMLM","NsiI.TP411820","2","65384810","2.3913e-05","0.0052","C"
"4","Trait5","mrMLM","PstI.TP929174","2","65390153","4.3011e-05","0.0095","G"
"4","Trait5","mrMLM","PstI.TP550208","2","65391016","-0.0702","0.5077","A"
"4","Trait5","mrMLM","PstI.TP1096805","2","65392728","3.7092e-06","8e-04","A"
"4","Trait5","mrMLM","NsiI.TP593870","2","65398623","6.2171e-06","0.0014","A"
"4","Trait5","mrMLM","NsiI.TP555118","2","65424457","0.0025","0.0632","A"
"4","Trait5","mrMLM","NsiI.TP668518","2","65450703","0.014","0.1622","C"
"4","Trait5","mrMLM","NsiI.TP674760","2","65460909","9.752e-06","0.0021","A"
"4","Trait5","mrMLM","PstI.TP1080742","2","65475272","-3.664e-06","8e-04","A"
"4","Trait5","mrMLM","PstI.TP873911","2","65476325","1.153e-05","0.0025","A"
"4","Trait5","mrMLM","NsiI.TP596241","2","65479458","1.0475e-05","0.0023","C"
"4","Trait5","mrMLM","PstI.TP264545","2","65486230","0.0475","0.5161","A"
"4","Trait5","mrMLM","PstI.TP364783","2","65488173","-6.8367e-06","0.0015","A"
"4","Trait5","mrMLM","NsiI.TP394681","2","65531276","8.9783e-07","2e-04","A"
"4","Trait5","mrMLM","PstI.TP315378","2","65531306","-1.7402e-05","0.0038","A"
"4","Trait5","mrMLM","PstI.TP315509","2","65531314","1.312e-05","0.0029","A"
"4","Trait5","mrMLM","NsiI.TP510662","2","65563827","1.6232e-05","0.0035","C"
"4","Trait5","mrMLM","NsiI.TP81903","2","65571458","-9.0727e-06","0.002","C"
"4","Trait5","mrMLM","PstI.TP909443","2","65572055","-0.0168","0.2279","G"
"4","Trait5","mrMLM","PstI.TP1022511","2","65574264","0.0818","0.5861","C"
"4","Trait5","mrMLM","NsiI.TP532922","2","65588258","-2.6566e-05","0.0058","A"
"4","Trait5","mrMLM","NsiI.TP557474","2","65588261","2.3616e-05","0.0052","A"
"4","Trait5","mrMLM","PstI.TP529734","2","65604246","1.1125e-05","0.0024","C"
"4","Trait5","mrMLM","NsiI.TP243894","2","65614474","-6.612e-06","0.0014","C"
"4","Trait5","mrMLM","NsiI.TP411101","2","65617128","-1.6674e-05","0.0036","C"
"4","Trait5","mrMLM","NsiI.TP406740","2","65617702","-1.6206e-05","0.0035","A"
"4","Trait5","mrMLM","NsiI.TP406742","2","65617730","0.1405","0.998","C"
"4","Trait5","mrMLM","PstI.TP636397","2","65617813","0.0837","0.6462","A"
"4","Trait5","mrMLM","PstI.TP327234","2","65636263","-0.0295","0.2173","G"
"4","Trait5","mrMLM","PstI.TP1201147","2","65649739","-0.0254","0.2325","C"
"4","Trait5","mrMLM","PstI.TP393591","2","65650487","-1.362e-06","3e-04","A"
"4","Trait5","mrMLM","PstI.TP767430","2","65651169","1.2333e-05","0.0027","A"
"4","Trait5","mrMLM","PstI.TP1010215","2","65658184","2.0954e-05","0.0046","C"
"4","Trait5","mrMLM","PstI.TP682301","2","65662699","1.0962e-06","2e-04","A"
"4","Trait5","mrMLM","GFSSContig18367_562","2","65667566","0.0634","0.2968","T"
"4","Trait5","mrMLM","PstI.TP789863","2","65670320","0.2201","0.9696","A"
"4","Trait5","mrMLM","PstI.TP138117","2","65682250","1.768e-05","0.0039","A"
"4","Trait5","mrMLM","NsiI.TP260920","2","65684606","0.1203","0.7714","A"
"4","Trait5","mrMLM","NsiI.TP489879","2","65709062","2.706e-05","0.0059","C"
"4","Trait5","mrMLM","NsiI.TP534928","2","65715103","-0.0307","0.3344","C"
"4","Trait5","mrMLM","PstI.TP552084","2","65715849","0.0192","0.2238","A"
"4","Trait5","mrMLM","PstI.TP269244","2","65718488","0.2853","1.3006","G"
"4","Trait5","mrMLM","NsiI.TP484870","2","65718574","0.0016","0.0529","A"
"4","Trait5","mrMLM","PstI.TP849699","2","65719233","-0.0544","0.5047","A"
"4","Trait5","mrMLM","PstI.TP548326","2","65728112","-0.0436","0.3527","C"
"4","Trait5","mrMLM","NsiI.TP400850","2","65731215","2.9444e-05","0.0065","A"
"4","Trait5","mrMLM","PstI.TP1048016","2","65756715","-4.9209e-06","0.0011","C"
"4","Trait5","mrMLM","PstI.TP573905","2","65757565","-2.1341e-05","0.0047","A"
"4","Trait5","mrMLM","PstI.TP710730","2","65757843","-1.5309e-05","0.0033","C"
"4","Trait5","mrMLM","PstI.TP1114443","2","65763281","-1.0515e-05","0.0023","A"
"4","Trait5","mrMLM","NsiI.TP793884","2","65782279","1.0277e-05","0.0022","C"
"4","Trait5","mrMLM","GFSSContig20332_1836","2","65785646","0.1555","0.9188","A"
"4","Trait5","mrMLM","GFSSContig19618_2015","2","65785768","1.9789e-05","0.0043","A"
"4","Trait5","mrMLM","NsiI.TP550916","2","65807314","-2.235e-05","0.0049","C"
"4","Trait5","mrMLM","PstI.TP569150","2","65819445","-2.0402e-05","0.0045","A"
"4","Trait5","mrMLM","PstI.TP889642","2","65820815","-5.6717e-06","0.0012","C"
"4","Trait5","mrMLM","NsiI.TP315024","2","65833623","0.034","0.2614","A"
"4","Trait5","mrMLM","NsiI.TP30781","2","65845684","1.3377e-05","0.0029","A"
"4","Trait5","mrMLM","NsiI.TP36396","2","65918717","-4.2986e-06","9e-04","A"
"4","Trait5","mrMLM","PstI.TP772632","2","65920887","5.4729e-06","0.0012","A"
"4","Trait5","mrMLM","PstI.TP316167","2","65920981","-0.1819","1.5179","C"
"4","Trait5","mrMLM","PstI.TP863254","2","65930452","-0.1213","0.5728","G"
"4","Trait5","mrMLM","PstI.TP1212867","2","65932428","0.053","0.4514","C"
"4","Trait5","mrMLM","NsiI.TP741991","2","65962511","-0.2135","2.2483","C"
"4","Trait5","mrMLM","NsiI.TP204910","2","65965770","0.1323","0.6686","G"
"4","Trait5","mrMLM","NsiI.TP204911","2","65965773","-2.4933e-05","0.0055","C"
"4","Trait5","mrMLM","PstI.TP217528","2","65973956","0.0246","0.3397","A"
"4","Trait5","mrMLM","PstI.TP796064","2","65982048","-1.0635e-05","0.0023","A"
"4","Trait5","mrMLM","PstI.TP1164194","2","65989872","-1.3177e-05","0.0029","A"
"4","Trait5","mrMLM","PstI.TP1250919","2","66001645","-0.0946","0.7847","A"
"4","Trait5","mrMLM","PstI.TP1008678","2","66011517","-7.8088e-06","0.0017","A"
"4","Trait5","mrMLM","PstI.TP132033","2","66024864","9.3264e-06","0.002","C"
"4","Trait5","mrMLM","GFSSContig16759_1172","2","66025133","-2.0903e-05","0.0046","T"
"4","Trait5","mrMLM","PstI.TP665640","2","66034973","-3.6543e-06","8e-04","A"
"4","Trait5","mrMLM","PstI.TP585255","2","66036132","1.115e-05","0.0024","C"
"4","Trait5","mrMLM","PstI.TP585251","2","66036168","9.5276e-06","0.0021","A"
"4","Trait5","mrMLM","NsiI.TP429738","2","66036431","-0.04","0.3775","A"
"4","Trait5","mrMLM","PstI.TP448270","2","66044722","9.6025e-06","0.0021","C"
"4","Trait5","mrMLM","NsiI.TP583360","2","66047191","-2.0872e-05","0.0046","C"
"4","Trait5","mrMLM","PstI.TP832588","2","66061550","-5.6407e-06","0.0012","C"
"4","Trait5","mrMLM","PstI.TP1177162","2","66066858","6.5831e-06","0.0014","A"
"4","Trait5","mrMLM","NsiI.TP494594","2","66071640","9.6879e-06","0.0021","G"
"4","Trait5","mrMLM","NsiI.TP494593","2","66071660","-2.3683e-05","0.0052","G"
"4","Trait5","mrMLM","PstI.TP1162111","2","66075578","0.0378","0.3067","A"
"4","Trait5","mrMLM","NsiI.TP366067","2","66089943","-1.5996e-05","0.0035","G"
"4","Trait5","mrMLM","PstI.TP1268778","2","66105203","0.0292","0.2065","A"
"4","Trait5","mrMLM","PstI.TP451316","2","66105214","-2.2323e-05","0.0049","C"
"4","Trait5","mrMLM","NsiI.TP60744","2","66109409","2.3654e-05","0.0052","A"
"4","Trait5","mrMLM","PstI.TP688814","2","66114697","0.1226","1.7622","A"
"4","Trait5","mrMLM","PstI.TP805469","2","66116319","-0.1224","0.6236","C"
"4","Trait5","mrMLM","PstI.TP56299","2","66116392","0.0538","0.4","A"
"4","Trait5","mrMLM","PstI.TP302641","2","66124238","-0.0029","0.0655","A"
"4","Trait5","mrMLM","NsiI.TP566758","2","66134979","-1.1704e-05","0.0026","A"
"4","Trait5","mrMLM","PstI.TP678292","2","66137737","8.8621e-06","0.0019","C"
"4","Trait5","mrMLM","PstI.TP670751","2","66139115","1.0467e-05","0.0023","C"
"4","Trait5","mrMLM","PstI.TP155374","2","66143391","-3.9153e-06","9e-04","A"
"4","Trait5","mrMLM","PstI.TP1062801","2","66168895","-6.377e-06","0.0014","C"
"4","Trait5","mrMLM","PstI.TP269065","2","66188061","-1.6226e-05","0.0035","A"
"4","Trait5","mrMLM","PstI.TP976293","2","66188757","-2.384e-06","5e-04","A"
"4","Trait5","mrMLM","NsiI.TP409084","2","66252897","-5.2325e-06","0.0011","A"
"4","Trait5","mrMLM","PstI.TP304872","2","66253164","0.0213","0.253","A"
"4","Trait5","mrMLM","NsiI.TP183285","2","66272815","0.184","1.0166","A"
"4","Trait5","mrMLM","NsiI.TP176440","2","66284969","0.0347","0.2757","G"
"4","Trait5","mrMLM","PstI.TP139937","2","66298184","0.1232","1.9111","C"
"4","Trait5","mrMLM","PstI.TP277119","2","66298262","1.6122e-05","0.0035","A"
"4","Trait5","mrMLM","PstI.TP277120","2","66298305","-5.9345e-07","1e-04","A"
"4","Trait5","mrMLM","PstI.TP1117601","2","66314926","-1.2186e-05","0.0027","C"
"4","Trait5","mrMLM","PstI.TP1028185","2","66319586","-0.0021","0.0677","G"
"4","Trait5","mrMLM","PstI.TP208292","2","66325675","-1.7556e-05","0.0038","A"
"4","Trait5","mrMLM","PstI.TP1135284","2","66334242","-2.7798e-05","0.0061","A"
"4","Trait5","mrMLM","PstI.TP772685","2","66338128","9.6085e-06","0.0021","G"
"4","Trait5","mrMLM","PstI.TP772684","2","66338149","-2.8912e-06","6e-04","A"
"4","Trait5","mrMLM","PstI.TP1051210","2","66345717","-0.0496","0.4124","A"
"4","Trait5","mrMLM","NsiI.TP237430","2","66374519","-9.9251e-06","0.0022","A"
"4","Trait5","mrMLM","PstI.TP160192","2","66374866","1.0298e-05","0.0022","A"
"4","Trait5","mrMLM","PstI.TP965828","2","66424423","-0.0101","0.1269","C"
"4","Trait5","mrMLM","NsiI.TP305933","2","66473005","1.3928e-05","0.003","G"
"4","Trait5","mrMLM","NsiI.TP279812","2","66497329","-1.8833e-05","0.0041","A"
"4","Trait5","mrMLM","NsiI.TP203885","2","66511978","8.4713e-06","0.0018","A"
"4","Trait5","mrMLM","NsiI.TP691599","2","66513990","-7.3263e-06","0.0016","A"
"4","Trait5","mrMLM","PstI.TP800800","2","66545388","0.1784","1.4479","C"
"4","Trait5","mrMLM","PstI.TP724455","2","66559519","3.5189e-05","0.0077","A"
"4","Trait5","mrMLM","PstI.TP580905","2","66570918","-2.9445e-05","0.0065","A"
"4","Trait5","mrMLM","NsiI.TP661532","2","66573691","-2.5016e-06","5e-04","C"
"4","Trait5","mrMLM","NsiI.TP248367","2","66583258","-0.1258","0.777","C"
"4","Trait5","mrMLM","NsiI.TP444892","2","66583539","-1.3841e-05","0.003","A"
"4","Trait5","mrMLM","PstI.TP948986","2","66606743","2.5082e-05","0.0055","A"
"4","Trait5","mrMLM","PstI.TP631813","2","66615764","9.7166e-06","0.0021","A"
"4","Trait5","mrMLM","PstI.TP928628","2","66615911","1.1902e-05","0.0026","A"
"4","Trait5","mrMLM","PstI.TP1175594","2","66624144","9.2218e-06","0.002","A"
"4","Trait5","mrMLM","PstI.TP683583","2","66629362","-3.1149e-05","0.0068","G"
"4","Trait5","mrMLM","PstI.TP279091","2","66629856","-0.0144","0.2023","C"
"4","Trait5","mrMLM","PstI.TP290760","2","66629856","-0.0094","0.1935","C"
"4","Trait5","mrMLM","PstI.TP774715","2","66630116","-1.6804e-07","3.6568e-05","A"
"4","Trait5","mrMLM","NsiI.TP417329","2","66632931","2.0316e-05","0.0044","A"
"4","Trait5","mrMLM","PstI.TP541236","2","66633277","1.7582e-05","0.0038","A"
"4","Trait5","mrMLM","PstI.TP541274","2","66633323","-0.2677","0.7601","G"
"4","Trait5","mrMLM","NsiI.TP803994","2","66633362","-2.1739e-05","0.0048","A"
"4","Trait5","mrMLM","PstI.TP1140882","2","66633827","0.0803","0.7287","A"
"4","Trait5","mrMLM","PstI.TP912333","2","66641452","0.006","0.1011","G"
"4","Trait5","mrMLM","PstI.TP916617","2","66641704","-7.7128e-06","0.0017","A"
"4","Trait5","mrMLM","PstI.TP686048","2","66644480","-8.551e-06","0.0019","A"
"4","Trait5","mrMLM","PstI.TP1170287","2","66649970","-0.1027","1.2594","G"
"4","Trait5","mrMLM","NsiI.TP741168","2","66652960","1.2021e-05","0.0026","A"
"4","Trait5","mrMLM","NsiI.TP27574","2","66655212","1.4463e-05","0.0032","A"
"4","Trait5","mrMLM","PstI.TP211077","2","66658872","0.1043","0.6241","A"
"4","Trait5","mrMLM","NsiI.TP313543","2","66665393","6.6054e-06","0.0014","A"
"4","Trait5","mrMLM","PstI.TP214149","2","66672122","-0.0109","0.104","C"
"4","Trait5","mrMLM","NsiI.TP257125","2","66673374","2.5603e-05","0.0056","A"
"4","Trait5","mrMLM","PstI.TP773869","2","66744137","-1.7761e-05","0.0039","A"
"4","Trait5","mrMLM","PstI.TP35249","2","66802824","-2.2858e-05","0.005","C"
"4","Trait5","mrMLM","GFSSContig19031_267","2","66811225","-3.2965e-05","0.0072","A"
"4","Trait5","mrMLM","PstI.TP434461","2","66813498","-0.0771","0.8643","A"
"4","Trait5","mrMLM","GFSSContig10862_580","2","66813911","1.8093e-05","0.004","A"
"4","Trait5","mrMLM","NsiI.TP148747","2","66829935","0.0249","0.3309","C"
"4","Trait5","mrMLM","NsiI.TP412669","2","66830502","7.2109e-06","0.0016","A"
"4","Trait5","mrMLM","NsiI.TP237306","2","66849495","7.8452e-06","0.0017","C"
"4","Trait5","mrMLM","NsiI.TP169684","2","66900417","0.0606","0.769","A"
"4","Trait5","mrMLM","NsiI.TP505754","2","66915519","-1.4165e-05","0.0031","C"
"4","Trait5","mrMLM","PstI.TP1168506","2","66930815","-3.4458e-06","8e-04","A"
"4","Trait5","mrMLM","NsiI.TP164577","2","66970277","2.4202e-05","0.0053","A"
"4","Trait5","mrMLM","NsiI.TP125999","2","66980191","9.1304e-06","0.002","A"
"4","Trait5","mrMLM","NsiI.TP695317","2","66984343","1.9041e-05","0.0042","C"
"4","Trait5","mrMLM","NsiI.TP695008","2","66984378","-0.0768","0.4922","A"
"4","Trait5","mrMLM","PstI.TP139319","2","66985593","-3.4806e-06","8e-04","C"
"4","Trait5","mrMLM","PstI.TP512588","2","66988960","6.0548e-06","0.0013","C"
"4","Trait5","mrMLM","PstI.TP1186389","2","67000117","-4.6129e-06","0.001","A"
"4","Trait5","mrMLM","PstI.TP1186392","2","67000148","-7.876e-06","0.0017","A"
"4","Trait5","mrMLM","NsiI.TP707888","2","67002829","-1.3251e-07","2.8837e-05","C"
"4","Trait5","mrMLM","NsiI.TP39438","2","67004686","1.1529e-05","0.0025","A"
"4","Trait5","mrMLM","PstI.TP650798","2","67010862","0.1255","1.4972","C"
"4","Trait5","mrMLM","PstI.TP489940","2","67010937","1.2653e-05","0.0028","C"
"4","Trait5","mrMLM","NsiI.TP352560","2","67013461","-2.3769e-05","0.0052","C"
"4","Trait5","mrMLM","NsiI.TP661673","2","67033504","-1.3867e-05","0.003","A"
"4","Trait5","mrMLM","NsiI.TP25038","2","67058328","-0.1997","0.8125","A"
"4","Trait5","mrMLM","NsiI.TP434686","2","67063061","-7.436e-06","0.0016","G"
"4","Trait5","mrMLM","PstI.TP977916","2","67063264","-1.6029e-06","3e-04","A"
"4","Trait5","mrMLM","NsiI.TP449316","2","67107178","-8.0051e-06","0.0017","A"
"4","Trait5","mrMLM","PstI.TP1282105","2","67119674","1.9009e-05","0.0042","C"
"4","Trait5","mrMLM","PstI.TP925971","2","67121384","-1.1266e-05","0.0025","C"
"4","Trait5","mrMLM","PstI.TP538405","2","67140566","-8.1503e-06","0.0018","C"
"4","Trait5","mrMLM","PstI.TP1187163","2","67152220","2.3009e-05","0.005","C"
"4","Trait5","mrMLM","PstI.TP1179676","2","67153277","7.8844e-06","0.0017","A"
"4","Trait5","mrMLM","PstI.TP38946","2","67175662","-0.2324","1.0007","A"
"4","Trait5","mrMLM","PstI.TP1099442","2","67195902","-3.815e-06","8e-04","C"
"4","Trait5","mrMLM","NsiI.TP717168","2","67196094","2.5601e-06","6e-04","C"
"4","Trait5","mrMLM","PstI.TP209642","2","67215455","0.1563","0.7521","C"
"4","Trait5","mrMLM","PstI.TP96355","2","67215476","2.5977e-07","5.6533e-05","C"
"4","Trait5","mrMLM","PstI.TP323167","2","67215535","0.0186","0.1253","C"
"4","Trait5","mrMLM","PstI.TP324907","2","67222605","8.0042e-06","0.0017","A"
"4","Trait5","mrMLM","PstI.TP1186476","2","67229094","-5.9177e-06","0.0013","C"
"4","Trait5","mrMLM","PstI.TP1016823","2","67273075","-4.3528e-05","0.0096","C"
"4","Trait5","mrMLM","PstI.TP160109","2","67274463","8.482e-06","0.0018","C"
"4","Trait5","mrMLM","PstI.TP1227117","2","67279217","-2.7273e-05","0.006","A"
"4","Trait5","mrMLM","NsiI.TP578929","2","67287408","-1.7925e-05","0.0039","A"
"4","Trait5","mrMLM","PstI.TP438722","2","67288454","4.0827e-06","9e-04","A"
"4","Trait5","mrMLM","PstI.TP1123659","2","67288484","-0.0428","0.3192","C"
"4","Trait5","mrMLM","PstI.TP418451","2","67296949","-1.3317e-05","0.0029","A"
"4","Trait5","mrMLM","PstI.TP1231564","2","67297003","2.556e-05","0.0056","A"
"4","Trait5","mrMLM","NsiI.TP35357","2","67311248","2.8978e-06","6e-04","C"
"4","Trait5","mrMLM","NsiI.TP757789","2","67334730","1.0278e-05","0.0022","C"
"4","Trait5","mrMLM","PstI.TP152556","2","67340962","-0.1168","0.429","A"
"4","Trait5","mrMLM","PstI.TP1230363","2","67341370","-0.2181","1.2689","A"
"4","Trait5","mrMLM","PstI.TP967280","2","67346302","-1.7242e-05","0.0038","C"
"4","Trait5","mrMLM","PstI.TP57930","2","67346618","-2.6418e-05","0.0058","C"
"4","Trait5","mrMLM","PstI.TP1215048","2","67348111","-0.0347","0.2529","A"
"4","Trait5","mrMLM","NsiI.TP751924","2","67349192","-0.0068","0.1455","A"
"4","Trait5","mrMLM","PstI.TP223415","2","67353385","-0.0414","0.2922","A"
"4","Trait5","mrMLM","NsiI.TP344801","2","67361097","0.0474","0.4084","C"
"4","Trait5","mrMLM","PstI.TP282604","2","67364848","-5.6071e-06","0.0012","A"
"4","Trait5","mrMLM","NsiI.TP740457","2","67389846","7.4599e-06","0.0016","C"
"4","Trait5","mrMLM","NsiI.TP782473","2","67395458","-9.0205e-07","2e-04","A"
"4","Trait5","mrMLM","NsiI.TP242810","2","67395983","-6.6348e-06","0.0014","A"
"4","Trait5","mrMLM","PstI.TP697442","2","67420496","-9.8472e-06","0.0021","A"
"4","Trait5","mrMLM","NsiI.TP45545","2","67426599","-1.8625e-05","0.0041","C"
"4","Trait5","mrMLM","PstI.TP1020517","2","67480548","6.5703e-06","0.0014","C"
"4","Trait5","mrMLM","PstI.TP697441","2","67488263","-9.9177e-06","0.0022","A"
"4","Trait5","mrMLM","NsiI.TP421645","2","67548745","9.8747e-06","0.0022","C"
"4","Trait5","mrMLM","NsiI.TP597142","2","67557878","-4.7068e-06","0.001","A"
"4","Trait5","mrMLM","NsiI.TP811656","2","67574094","-0.0768","0.3283","A"
"4","Trait5","mrMLM","PstI.TP735902","2","67576566","-2.6019e-05","0.0057","C"
"4","Trait5","mrMLM","NsiI.TP535451","2","67583538","-1.2188e-05","0.0027","C"
"4","Trait5","mrMLM","PstI.TP270399","2","67586193","-1.9179e-05","0.0042","A"
"4","Trait5","mrMLM","PstI.TP832042","2","67594237","3.3005e-07","7.183e-05","A"
"4","Trait5","mrMLM","PstI.TP674426","2","67595892","-0.1924","1.1579","A"
"4","Trait5","mrMLM","NsiI.TP117620","2","67631513","-1.3993e-05","0.0031","A"
"4","Trait5","mrMLM","NsiI.TP328386","2","67659685","-2.2435e-05","0.0049","A"
"4","Trait5","mrMLM","PstI.TP965617","2","67664721","1.4568e-05","0.0032","A"
"4","Trait5","mrMLM","PstI.TP503632","2","67683883","-1.4805e-06","3e-04","G"
"4","Trait5","mrMLM","PstI.TP862581","2","67699153","-0.0368","0.3734","A"
"4","Trait5","mrMLM","PstI.TP1006464","2","67700769","1.0068e-05","0.0022","A"
"4","Trait5","mrMLM","NsiI.TP613825","2","67706432","-3.6786e-05","0.0081","A"
"4","Trait5","mrMLM","NsiI.TP316726","2","67706502","-0.186","0.9592","A"
"4","Trait5","mrMLM","NsiI.TP213158","2","67720379","-0.1547","1.898","A"
"4","Trait5","mrMLM","PstI.TP621010","2","67732843","-2.2975e-05","0.005","C"
"4","Trait5","mrMLM","PstI.TP1042982","2","67753919","0.019","0.1906","G"
"4","Trait5","mrMLM","PstI.TP205881","2","67763930","9.1505e-06","0.002","C"
"4","Trait5","mrMLM","PstI.TP1241127","2","67764066","0.1648","2.2017","G"
"4","Trait5","mrMLM","NsiI.TP829822","2","67765317","-0.0538","0.5765","C"
"4","Trait5","mrMLM","NsiI.TP375196","2","67765806","-0.0608","0.3041","A"
"4","Trait5","mrMLM","PstI.TP539833","2","67766569","1.4786e-05","0.0032","A"
"4","Trait5","mrMLM","NsiI.TP290587","2","67766572","1.4107e-05","0.0031","C"
"4","Trait5","mrMLM","PstI.TP320850","2","67769408","-0.1423","1.7601","A"
"4","Trait5","mrMLM","PstI.TP781835","2","67796926","3.121e-05","0.0068","A"
"4","Trait5","mrMLM","PstI.TP804018","2","67814862","-0.0428","0.3364","C"
"4","Trait5","mrMLM","PstI.TP1093731","2","67823974","0.1023","0.8949","C"
"4","Trait5","mrMLM","PstI.TP537688","2","67833294","-1.4903e-05","0.0033","A"
"4","Trait5","mrMLM","PstI.TP937496","2","67836820","1.3119e-06","3e-04","C"
"4","Trait5","mrMLM","PstI.TP511713","2","67844447","1.8183e-05","0.004","A"
"4","Trait5","mrMLM","PstI.TP731791","2","67846780","3.4827e-06","8e-04","A"
"4","Trait5","mrMLM","NsiI.TP128497","2","67877915","9.094e-06","0.002","A"
"4","Trait5","mrMLM","PstI.TP301846","2","67889412","-0.0023","0.0436","C"
"4","Trait5","mrMLM","NsiI.TP396284","2","67890160","-2.7642e-07","6.0165e-05","A"
"4","Trait5","mrMLM","NsiI.TP707927","2","67890709","-0.0826","1.1395","A"
"4","Trait5","mrMLM","NsiI.TP18700","2","67895505","0.1064","0.3776","A"
"4","Trait5","mrMLM","PstI.TP1238700","2","67899877","-1.469e-05","0.0032","C"
"4","Trait5","mrMLM","PstI.TP1078440","2","67902035","0.086","0.5874","A"
"4","Trait5","mrMLM","PstI.TP922393","2","67926136","-0.2298","1.5224","C"
"4","Trait5","mrMLM","PstI.TP672776","2","67927952","0.112","0.4845","A"
"4","Trait5","mrMLM","PstI.TP26764","2","67945480","-1.2165e-05","0.0027","A"
"4","Trait5","mrMLM","PstI.TP1157209","2","67952515","-4.2915e-06","9e-04","A"
"4","Trait5","mrMLM","GFSSContig17477_775","2","67954599","-8.7676e-06","0.0019","T"
"4","Trait5","mrMLM","PstI.TP1272570","2","67960359","-1.4621e-06","3e-04","A"
"4","Trait5","mrMLM","NsiI.TP315103","2","67963850","2.4592e-05","0.0054","C"
"4","Trait5","mrMLM","PstI.TP767739","2","67985738","2.0655e-06","4e-04","A"
"4","Trait5","mrMLM","PstI.TP969794","2","67990747","0.076","0.3195","G"
"4","Trait5","mrMLM","PstI.TP1193570","2","68003060","-2.6472e-05","0.0058","A"
"4","Trait5","mrMLM","PstI.TP963977","2","68012933","-1.9211e-05","0.0042","C"
"4","Trait5","mrMLM","PstI.TP835013","2","68055073","2.7264e-05","0.006","A"
"4","Trait5","mrMLM","PstI.TP750874","2","68062345","1.9686e-05","0.0043","A"
"4","Trait5","mrMLM","PstI.TP1151078","2","68069588","0.0428","0.3226","A"
"4","Trait5","mrMLM","PstI.TP282991","2","68080536","-1.2214e-05","0.0027","A"
"4","Trait5","mrMLM","NsiI.TP507550","2","68083311","-1.3673e-05","0.003","A"
"4","Trait5","mrMLM","PstI.TP14631","2","68127880","3.2502e-05","0.0071","C"
"4","Trait5","mrMLM","NsiI.TP551575","2","68146828","-1.1766e-05","0.0026","A"
"4","Trait5","mrMLM","PstI.TP258963","2","68162387","-0.0331","0.1834","A"
"4","Trait5","mrMLM","PstI.TP796611","2","68198347","-8.1246e-06","0.0018","A"
"4","Trait5","mrMLM","NsiI.TP208425","2","68199092","6.217e-06","0.0014","G"
"4","Trait5","mrMLM","NsiI.TP290165","2","68205802","0.1334","0.9876","A"
"4","Trait5","mrMLM","NsiI.TP293336","2","68209303","0.1493","0.7964","C"
"4","Trait5","mrMLM","NsiI.TP195995","2","68227771","-3.6094e-06","8e-04","C"
"4","Trait5","mrMLM","PstI.TP68170","2","68230580","9.3099e-06","0.002","C"
"4","Trait5","mrMLM","NsiI.TP414796","2","68231988","7.3794e-06","0.0016","G"
"4","Trait5","mrMLM","PstI.TP1194387","2","68240707","0.1232","0.7807","A"
"4","Trait5","mrMLM","NsiI.TP546513","2","68245421","-1.2181e-05","0.0027","A"
"4","Trait5","mrMLM","PstI.TP301623","2","68256626","3.5184e-06","8e-04","C"
"4","Trait5","mrMLM","PstI.TP73689","2","68257747","3.8214e-05","0.0084","C"
"4","Trait5","mrMLM","PstI.TP166590","2","68259502","-4.3015e-06","9e-04","G"
"4","Trait5","mrMLM","PstI.TP745383","2","68265224","1.0099e-05","0.0022","C"
"4","Trait5","mrMLM","NsiI.TP367901","2","68272385","-7.6662e-07","2e-04","C"
"4","Trait5","mrMLM","PstI.TP914756","2","68280991","-0.025","0.299","C"
"4","Trait5","mrMLM","PstI.TP1191760","2","68304097","2.5728e-05","0.0056","A"
"4","Trait5","mrMLM","NsiI.TP747943","2","68325910","-8.2129e-06","0.0018","C"
"4","Trait5","mrMLM","NsiI.TP129506","2","68346945","0.2077","0.9327","A"
"4","Trait5","mrMLM","PstI.TP936576","2","68359890","0.0339","0.4014","C"
"4","Trait5","mrMLM","PstI.TP662387","2","68410567","-1.2838e-05","0.0028","G"
"4","Trait5","mrMLM","PstI.TP396771","2","68414725","-1.6903e-05","0.0037","C"
"4","Trait5","mrMLM","PstI.TP1097795","2","68477159","1.5728e-05","0.0034","C"
"4","Trait5","mrMLM","NsiI.TP676260","2","68505176","-7.898e-07","2e-04","C"
"4","Trait5","mrMLM","GFSSContig9726_926","2","68556864","1.2582e-06","3e-04","A"
"4","Trait5","mrMLM","NsiI.TP41450","2","68574998","-1.5974e-05","0.0035","A"
"4","Trait5","mrMLM","NsiI.TP470514","2","68587414","3.7388e-06","8e-04","C"
"4","Trait5","mrMLM","NsiI.TP210110","2","68596691","-0.0887","0.3642","C"
"4","Trait5","mrMLM","NsiI.TP432109","2","68602175","4.7238e-06","0.001","C"
"4","Trait5","mrMLM","NsiI.TP741057","2","68613626","-9.4878e-06","0.0021","A"
"4","Trait5","mrMLM","PstI.TP948861","2","68614882","0.0195","0.2115","A"
"4","Trait5","mrMLM","NsiI.TP495984","2","68615777","-0.0368","0.2357","C"
"4","Trait5","mrMLM","PstI.TP920125","2","68619167","1.7263e-05","0.0038","A"
"4","Trait5","mrMLM","NsiI.TP615647","2","68626980","-0.0517","0.7498","A"
"4","Trait5","mrMLM","PstI.TP1022778","2","68642235","-0.0998","0.8269","A"
"4","Trait5","mrMLM","GFSSContig18443_1437","2","68677177","-1.5405e-05","0.0034","A"
"4","Trait5","mrMLM","PstI.TP241283","2","68685023","1.9398e-05","0.0042","C"
"4","Trait5","mrMLM","PstI.TP1194765","2","68696824","1.2337e-05","0.0027","G"
"4","Trait5","mrMLM","NsiI.TP208576","2","68701539","-1.2821e-05","0.0028","A"
"4","Trait5","mrMLM","NsiI.TP411551","2","68720764","5.7234e-06","0.0012","G"
"4","Trait5","mrMLM","NsiI.TP628730","2","68743166","3.1865e-06","7e-04","A"
"4","Trait5","mrMLM","NsiI.TP139560","2","68743190","2.1816e-06","5e-04","A"
"4","Trait5","mrMLM","PstI.TP150916","2","68747494","-1.8138e-05","0.004","A"
"4","Trait5","mrMLM","NsiI.TP549069","2","68751376","-2.0352e-06","4e-04","A"
"4","Trait5","mrMLM","PstI.TP681685","2","68785398","8.764e-06","0.0019","C"
"4","Trait5","mrMLM","NsiI.TP268955","2","68789448","-4.2403e-06","9e-04","C"
"4","Trait5","mrMLM","NsiI.TP250732","2","68789482","-0.1537","0.4781","A"
"4","Trait5","mrMLM","PstI.TP684973","2","68827380","9.9886e-06","0.0022","C"
"4","Trait5","mrMLM","PstI.TP56152","2","68829116","4.1489e-06","9e-04","A"
"4","Trait5","mrMLM","PstI.TP100118","2","68834374","1.3862e-05","0.003","C"
"4","Trait5","mrMLM","PstI.TP838341","2","68835106","-6.0782e-07","1e-04","C"
"4","Trait5","mrMLM","NsiI.TP269512","2","68836553","-6.9824e-07","2e-04","C"
"4","Trait5","mrMLM","NsiI.TP215611","2","68845939","-0.0879","0.8775","C"
"4","Trait5","mrMLM","PstI.TP455007","2","68850378","-4.2562e-06","9e-04","C"
"4","Trait5","mrMLM","NsiI.TP720246","2","68851174","1.5014e-05","0.0033","A"
"4","Trait5","mrMLM","PstI.TP117604","2","68868344","0.1941","0.82","A"
"4","Trait5","mrMLM","GFk25ctg2347921_248","2","68885011","-5.5495e-06","0.0012","T"
"4","Trait5","mrMLM","PstI.TP1239066","2","68885499","-3.4512e-05","0.0076","C"
"4","Trait5","mrMLM","NsiI.TP784624","2","68888010","0.012","0.1313","C"
"4","Trait5","mrMLM","PstI.TP177807","2","68900132","1.0623e-05","0.0023","C"
"4","Trait5","mrMLM","PstI.TP865937","2","68902948","0.0413","0.4772","A"
"4","Trait5","mrMLM","PstI.TP865938","2","68902990","1.8984e-05","0.0042","C"
"4","Trait5","mrMLM","NsiI.TP521849","2","68931250","-2.9024e-06","6e-04","A"
"4","Trait5","mrMLM","NsiI.TP522323","2","68931282","-2.8156e-05","0.0062","G"
"4","Trait5","mrMLM","NsiI.TP362028","2","68945769","0.1105","1.5718","A"
"4","Trait5","mrMLM","NsiI.TP309047","2","68947946","1.9353e-05","0.0042","A"
"4","Trait5","mrMLM","PstI.TP122987","2","68996190","-3.5258e-05","0.0077","C"
"4","Trait5","mrMLM","NsiI.TP833341","2","68997897","-3.2924e-06","7e-04","C"
"4","Trait5","mrMLM","NsiI.TP760901","2","69029581","-2.3687e-05","0.0052","C"
"4","Trait5","mrMLM","NsiI.TP633500","2","69036798","-1.922e-05","0.0042","A"
"4","Trait5","mrMLM","PstI.TP1077255","2","69041995","0.117","0.5012","A"
"4","Trait5","mrMLM","PstI.TP937273","2","69057036","-1.2122e-05","0.0026","A"
"4","Trait5","mrMLM","PstI.TP65639","2","69075318","6.224e-06","0.0014","G"
"4","Trait5","mrMLM","PstI.TP35116","2","69089968","-1.5435e-05","0.0034","A"
"4","Trait5","mrMLM","NsiI.TP736796","2","69108801","0.0475","0.3935","C"
"4","Trait5","mrMLM","PstI.TP253737","2","69121109","0.1981","1.2879","A"
"4","Trait5","mrMLM","PstI.TP813004","2","69147725","-1.2877e-06","3e-04","G"
"4","Trait5","mrMLM","NsiI.TP80604","2","69157092","0.1902","1.5455","A"
"4","Trait5","mrMLM","PstI.TP1196336","2","69173677","-0.0839","0.6857","C"
"4","Trait5","mrMLM","NsiI.TP540039","2","69176258","0.1136","1.1851","C"
"4","Trait5","mrMLM","NsiI.TP44621","2","69189479","-8.0987e-06","0.0018","G"
"4","Trait5","mrMLM","PstI.TP200848","2","69223364","4.5282e-06","0.001","C"
"4","Trait5","mrMLM","PstI.TP139651","2","69224467","0.0815","0.4856","C"
"4","Trait5","mrMLM","NsiI.TP25279","2","69225463","-7.1298e-06","0.0016","C"
"4","Trait5","mrMLM","NsiI.TP602190","2","69281568","-0.0706","0.6033","A"
"4","Trait5","mrMLM","NsiI.TP628132","2","69312977","1.0186e-06","2e-04","C"
"4","Trait5","mrMLM","NsiI.TP222432","2","69314559","0.048","0.3621","C"
"4","Trait5","mrMLM","PstI.TP548301","2","69315660","0.0926","0.4137","A"
"4","Trait5","mrMLM","PstI.TP1206060","2","69316419","0.0439","0.5538","G"
"4","Trait5","mrMLM","NsiI.TP437846","2","69316454","0.1095","0.5384","A"
"4","Trait5","mrMLM","NsiI.TP366836","2","69326833","1.5113e-05","0.0033","A"
"4","Trait5","mrMLM","NsiI.TP636234","2","69329441","1.5308e-05","0.0033","A"
"4","Trait5","mrMLM","PstI.TP343842","2","69334049","-4.9449e-06","0.0011","C"
"4","Trait5","mrMLM","NsiI.TP632544","2","69341988","-1.2121e-05","0.0026","C"
"4","Trait5","mrMLM","NsiI.TP609101","2","69347017","-6.2583e-06","0.0014","A"
"4","Trait5","mrMLM","NsiI.TP297190","2","69347483","-0.0165","0.2271","G"
"4","Trait5","mrMLM","NsiI.TP297195","2","69347500","-8.9813e-06","0.002","A"
"4","Trait5","mrMLM","PstI.TP887742","2","69350031","6.4244e-06","0.0014","C"
"4","Trait5","mrMLM","PstI.TP67611","2","69364189","7.3072e-06","0.0016","A"
"4","Trait5","mrMLM","PstI.TP851725","2","69365267","6.2538e-05","0.0082","A"
"4","Trait5","mrMLM","NsiI.TP775861","2","69418493","-0.1414","0.9632","A"
"4","Trait5","mrMLM","PstI.TP283787","2","69444034","-6.758e-06","0.0015","C"
"4","Trait5","mrMLM","NsiI.TP483806","2","69445706","-9.999e-06","0.0022","G"
"4","Trait5","mrMLM","NsiI.TP201276","2","69462910","-5.1602e-06","0.0011","A"
"4","Trait5","mrMLM","PstI.TP1241361","2","69481251","-1.3876e-05","0.003","C"
"4","Trait5","mrMLM","NsiI.TP420073","2","69490825","2.4152e-05","0.0053","A"
"4","Trait5","mrMLM","PstI.TP34573","2","69507595","0.0479","0.3928","A"
"4","Trait5","mrMLM","NsiI.TP486165","2","69565335","1.4377e-05","0.0031","C"
"4","Trait5","mrMLM","PstI.TP1276349","2","69568839","-3.9537e-05","0.0087","C"
"4","Trait5","mrMLM","PstI.TP550198","2","69597659","-0.0388","0.5081","A"
"4","Trait5","mrMLM","NsiI.TP91360","2","69599736","6.4287e-06","0.0014","A"
"4","Trait5","mrMLM","PstI.TP944857","2","69601395","-3.6698e-05","0.0081","C"
"4","Trait5","mrMLM","PstI.TP944858","2","69605822","0.0189","0.1487","C"
"4","Trait5","mrMLM","NsiI.TP177261","2","69619285","-9.017e-06","0.002","A"
"4","Trait5","mrMLM","PstI.TP260492","2","69620358","7.4062e-06","0.0016","G"
"4","Trait5","mrMLM","PstI.TP260494","2","69620378","-0.0328","0.304","C"
"4","Trait5","mrMLM","NsiI.TP444478","2","69620378","-0.0659","0.6618","C"
"4","Trait5","mrMLM","NsiI.TP444479","2","69620402","0.2652","1.7522","C"
"4","Trait5","mrMLM","PstI.TP1064497","2","69620927","8.141e-07","2e-04","C"
"4","Trait5","mrMLM","PstI.TP99294","2","69646921","-1.0252e-05","0.0022","C"
"4","Trait5","mrMLM","PstI.TP266022","2","69651260","-1.3122e-05","0.0029","G"
"4","Trait5","mrMLM","PstI.TP1067954","2","69723954","-0.0802","0.5394","C"
"4","Trait5","mrMLM","PstI.TP879034","2","69724022","1.3946e-05","0.003","C"
"4","Trait5","mrMLM","PstI.TP604270","2","69731343","6.4419e-06","0.0014","C"
"4","Trait5","mrMLM","PstI.TP304318","2","69746689","-2.0536e-05","0.0045","C"
"4","Trait5","mrMLM","PstI.TP893646","2","69747250","2.6646e-06","6e-04","C"
"4","Trait5","mrMLM","PstI.TP155898","2","69747938","4.7681e-06","0.001","A"
"4","Trait5","mrMLM","PstI.TP894296","2","69767427","-1.3315e-06","3e-04","C"
"4","Trait5","mrMLM","PstI.TP37276","2","69768497","2.8688e-06","6e-04","A"
"4","Trait5","mrMLM","PstI.TP869335","2","69787277","-0.0471","0.4191","C"
"4","Trait5","mrMLM","PstI.TP459708","2","69799922","-0.1175","1.5137","C"
"4","Trait5","mrMLM","PstI.TP1247330","2","69807171","-2.6185e-05","0.0057","C"
"4","Trait5","mrMLM","NsiI.TP660927","2","69816370","-3.0649e-06","7e-04","A"
"4","Trait5","mrMLM","PstI.TP872483","2","69831084","0.0603","0.5653","A"
"4","Trait5","mrMLM","NsiI.TP507400","2","69831121","-4.0812e-06","9e-04","C"
"4","Trait5","mrMLM","PstI.TP510785","2","69836275","0.0867","0.6043","C"
"4","Trait5","mrMLM","PstI.TP865869","2","69849794","-6.5599e-06","0.0014","C"
"4","Trait5","mrMLM","PstI.TP241112","2","69878337","-0.1257","0.656","G"
"4","Trait5","mrMLM","NsiI.TP436795","2","69883657","-9.9593e-06","0.0022","C"
"4","Trait5","mrMLM","NsiI.TP668904","2","69896491","8.5139e-08","1.8528e-05","G"
"4","Trait5","mrMLM","NsiI.TP62325","2","69899026","-5.2202e-06","0.0011","A"
"4","Trait5","mrMLM","PstI.TP663163","2","69910554","6.7014e-06","0.0015","A"
"4","Trait5","mrMLM","NsiI.TP129512","2","69942081","-2.0815e-05","0.0046","G"
"4","Trait5","mrMLM","PstI.TP962578","2","69945612","-4.8842e-05","0.0108","G"
"4","Trait5","mrMLM","PstI.TP1165391","2","69968329","8.7765e-07","2e-04","A"
"4","Trait5","mrMLM","PstI.TP60029","2","69972188","-0.3178","2.0828","A"
"4","Trait5","mrMLM","NsiI.TP732689","2","70033459","0.1014","0.8786","A"
"4","Trait5","mrMLM","NsiI.TP746893","2","70036236","-4e-04","0.0297","C"
"4","Trait5","mrMLM","PstI.TP157563","2","70093706","-1.4341e-05","0.0031","C"
"4","Trait5","mrMLM","PstI.TP305253","2","70153729","-0.0212","0.2534","A"
"4","Trait5","mrMLM","PstI.TP778374","2","70165447","1.4152e-05","0.0031","A"
"4","Trait5","mrMLM","NsiI.TP350482","2","70170433","1.2172e-05","0.0027","G"
"4","Trait5","mrMLM","PstI.TP995173","2","70172526","-0.0172","0.2489","C"
"4","Trait5","mrMLM","PstI.TP920933","2","70185045","-0.083","0.7237","C"
"4","Trait5","mrMLM","PstI.TP1059677","2","70210119","-1.02e-05","0.0022","C"
"4","Trait5","mrMLM","PstI.TP352629","2","70210441","2.8525e-05","0.0063","C"
"4","Trait5","mrMLM","PstI.TP649137","2","70210492","0.0966","1.0502","C"
"4","Trait5","mrMLM","PstI.TP550469","2","70228783","5.4434e-06","0.0012","G"
"4","Trait5","mrMLM","GFSSContig19146_697","2","70229911","-3.1059e-05","0.0068","C"
"4","Trait5","mrMLM","PstI.TP860893","2","70230959","-1.3592e-05","0.003","G"
"4","Trait5","mrMLM","NsiI.TP350239","2","70238391","1.5088e-05","0.0033","A"
"4","Trait5","mrMLM","PstI.TP127068","2","70239204","-1.9816e-05","0.0043","A"
"4","Trait5","mrMLM","PstI.TP735407","2","70242833","7.6906e-08","1.6736e-05","A"
"4","Trait5","mrMLM","PstI.TP108483","2","70256327","1.6584e-05","0.0036","A"
"4","Trait5","mrMLM","PstI.TP241746","2","70262681","3.8245e-06","8e-04","C"
"4","Trait5","mrMLM","PstI.TP125447","2","70300453","-1.9075e-05","0.0042","A"
"4","Trait5","mrMLM","PstI.TP233386","2","70302953","0.0851","1.1264","A"
"4","Trait5","mrMLM","PstI.TP825093","2","70340007","2.1103e-05","0.0046","A"
"4","Trait5","mrMLM","NsiI.TP669591","2","70346334","-1.4879e-06","3e-04","A"
"4","Trait5","mrMLM","PstI.TP251658","2","70372261","1.6663e-05","0.0036","C"
"4","Trait5","mrMLM","PstI.TP1014548","2","70376858","2.1338e-06","5e-04","C"
"4","Trait5","mrMLM","PstI.TP1050354","2","70383422","-0.1359","0.6801","C"
"4","Trait5","mrMLM","PstI.TP229160","2","70391771","-1.6622e-05","0.0036","C"
"4","Trait5","mrMLM","PstI.TP1147271","2","70407506","-5.006e-06","0.0011","C"
"4","Trait5","mrMLM","PstI.TP1146151","2","70407535","1.2713e-06","3e-04","G"
"4","Trait5","mrMLM","NsiI.TP437410","2","70409105","9.1615e-06","0.002","C"
"4","Trait5","mrMLM","PstI.TP788858","2","70424868","-6.961e-06","0.0015","A"
"4","Trait5","mrMLM","NsiI.TP507865","2","70439195","2.0382e-05","0.0045","C"
"4","Trait5","mrMLM","PstI.TP1016958","2","70458905","-0.2679","1.8258","G"
"4","Trait5","mrMLM","PstI.TP845278","2","70466190","0.0222","0.2101","A"
"4","Trait5","mrMLM","GFSSContig16002_345","2","70467850","1.036e-05","0.0023","A"
"4","Trait5","mrMLM","PstI.TP928851","2","70475419","-0.0566","0.2625","G"
"4","Trait5","mrMLM","NsiI.TP395768","2","70478699","3.8307e-05","0.0084","G"
"4","Trait5","mrMLM","PstI.TP521787","2","70479993","-2.7344e-07","5.9511e-05","A"
"4","Trait5","mrMLM","PstI.TP1092368","2","70489679","-7.5198e-06","0.0016","C"
"4","Trait5","mrMLM","NsiI.TP195426","2","70509073","0.0192","0.1397","A"
"4","Trait5","mrMLM","NsiI.TP688484","2","70530734","-1.1559e-05","0.0025","A"
"4","Trait5","mrMLM","NsiI.TP352557","2","70560039","-0.0146","0.1646","C"
"4","Trait5","mrMLM","PstI.TP1020661","2","70562442","-0.0321","0.3022","C"
"4","Trait5","mrMLM","PstI.TP859069","2","70562742","1.8476e-05","0.004","A"
"4","Trait5","mrMLM","PstI.TP706248","2","70564596","3.0192e-05","0.0066","C"
"4","Trait5","mrMLM","PstI.TP361176","2","70567397","-1.8124e-05","0.004","C"
"4","Trait5","mrMLM","NsiI.TP830335","2","70569713","-2.3404e-05","0.0051","C"
"4","Trait5","mrMLM","NsiI.TP580375","2","70579039","1.8255e-05","0.004","C"
"4","Trait5","mrMLM","PstI.TP275900","2","70592522","9.8574e-06","0.0022","C"
"4","Trait5","mrMLM","PstI.TP1224948","2","70592770","0.0103","0.1108","C"
"4","Trait5","mrMLM","PstI.TP623312","2","70592772","-6.2108e-06","0.0014","C"
"4","Trait5","mrMLM","PstI.TP126284","2","70593281","-1.6827e-05","0.0037","C"
"4","Trait5","mrMLM","NsiI.TP472192","2","70594449","0.1092","0.6531","A"
"4","Trait5","mrMLM","PstI.TP488000","2","70608583","5.2982e-06","0.0012","C"
"4","Trait5","mrMLM","NsiI.TP784047","2","70615250","-1.0837e-05","0.0024","A"
"4","Trait5","mrMLM","NsiI.TP366193","2","70615686","0.3176","1.2797","C"
"4","Trait5","mrMLM","PstI.TP1120688","2","70631924","1.6695e-05","0.0036","G"
"4","Trait5","mrMLM","PstI.TP689231","2","70634264","2.3649e-05","0.0052","A"
"4","Trait5","mrMLM","PstI.TP209410","2","70639586","-1.4456e-05","0.0032","A"
"4","Trait5","mrMLM","PstI.TP4149","2","70643378","2.171e-05","0.0048","A"
"4","Trait5","mrMLM","NsiI.TP774085","2","70680647","2.8273e-05","0.0062","C"
"4","Trait5","mrMLM","NsiI.TP20885","2","70680874","-1.4297e-05","0.0031","A"
"4","Trait5","mrMLM","NsiI.TP67925","2","70686406","5.7301e-06","0.0012","C"
"4","Trait5","mrMLM","PstI.TP1143879","2","70707227","4.3857e-06","0.001","A"
"4","Trait5","mrMLM","NsiI.TP771783","2","70714209","0.0431","0.42","C"
"4","Trait5","mrMLM","PstI.TP402235","2","70727485","-7.1897e-06","0.0016","A"
"4","Trait5","mrMLM","NsiI.TP226337","2","70734931","1.7108e-05","0.0037","A"
"4","Trait5","mrMLM","NsiI.TP313629","2","70760459","-8.4267e-06","0.0018","C"
"4","Trait5","mrMLM","NsiI.TP485492","2","70768145","3.4926e-06","8e-04","C"
"4","Trait5","mrMLM","PstI.TP799398","2","70792274","-2.721e-05","0.006","C"
"4","Trait5","mrMLM","PstI.TP1283713","2","70792323","0.0232","0.2867","A"
"4","Trait5","mrMLM","PstI.TP948464","2","70792950","0.1013","0.3605","C"
"4","Trait5","mrMLM","PstI.TP1053287","2","70803182","-1.2586e-05","0.0027","C"
"4","Trait5","mrMLM","PstI.TP548897","2","70835377","1.1279e-05","0.0025","A"
"4","Trait5","mrMLM","NsiI.TP441913","2","70836472","1.5316e-05","0.0033","A"
"4","Trait5","mrMLM","NsiI.TP179944","2","70843380","0.0961","0.7517","A"
"4","Trait5","mrMLM","PstI.TP58797","2","70845867","-1.8683e-05","0.0041","C"
"4","Trait5","mrMLM","PstI.TP308882","2","70861060","1.488e-05","0.0033","C"
"4","Trait5","mrMLM","PstI.TP1045751","2","70869265","-1.9975e-05","0.0044","A"
"4","Trait5","mrMLM","NsiI.TP441416","2","70869755","9.8239e-06","0.0021","C"
"4","Trait5","mrMLM","NsiI.TP506753","2","70871451","1.7048e-05","0.0037","A"
"4","Trait5","mrMLM","NsiI.TP214170","2","70879253","9.8173e-06","0.0021","A"
"4","Trait5","mrMLM","NsiI.TP431410","2","70880127","-1.0334e-05","0.0023","A"
"4","Trait5","mrMLM","PstI.TP380099","2","70908978","-8.4951e-06","0.0019","C"
"4","Trait5","mrMLM","NsiI.TP80859","2","70913962","1.1433e-05","0.0025","A"
"4","Trait5","mrMLM","NsiI.TP159783","2","70917617","1.5551e-05","0.0034","A"
"4","Trait5","mrMLM","PstI.TP391279","2","70925840","-2.246e-05","0.0049","C"
"4","Trait5","mrMLM","NsiI.TP3186","2","70926056","5.6269e-06","0.0012","A"
"4","Trait5","mrMLM","NsiI.TP269799","2","70926214","-3.9707e-05","0.0087","C"
"4","Trait5","mrMLM","NsiI.TP717199","2","70926266","-2.5882e-06","6e-04","A"
"4","Trait5","mrMLM","PstI.TP4086","2","70932438","-1.4915e-05","0.0033","A"
"4","Trait5","mrMLM","NsiI.TP179335","2","70933511","0.2396","1.5149","A"
"4","Trait5","mrMLM","PstI.TP785517","2","70940396","0.052","0.4099","A"
"4","Trait5","mrMLM","NsiI.TP346359","2","70972957","-0.2002","0.9965","C"
"4","Trait5","mrMLM","PstI.TP18451","2","70973688","-0.0703","0.4045","A"
"4","Trait5","mrMLM","NsiI.TP180407","2","70976820","4.9448e-06","0.0011","C"
"4","Trait5","mrMLM","PstI.TP1113849","2","70994925","1.6688e-05","0.0036","G"
"4","Trait5","mrMLM","NsiI.TP111392","2","71036593","-1.0224e-05","0.0022","A"
"4","Trait5","mrMLM","NsiI.TP618019","2","71092848","3.544e-05","0.0078","A"
"4","Trait5","mrMLM","PstI.TP804767","2","71102945","0.074","0.5099","C"
"4","Trait5","mrMLM","NsiI.TP435728","2","71103910","-1.2773e-05","0.0028","C"
"4","Trait5","mrMLM","PstI.TP636417","2","71118214","-4.0732e-06","9e-04","C"
"4","Trait5","mrMLM","PstI.TP227133","2","71118714","-1.998e-05","0.0044","C"
"4","Trait5","mrMLM","PstI.TP1081008","2","71118803","-0.1452","1.1563","C"
"4","Trait5","mrMLM","PstI.TP267051","2","71195963","4.7646e-06","0.001","C"
"4","Trait5","mrMLM","GFSSContig20018_1695","2","71215774","9.9316e-06","0.0022","C"
"4","Trait5","mrMLM","NsiI.TP194183","2","71215858","1.0934e-05","0.0024","C"
"4","Trait5","mrMLM","PstI.TP483917","2","71246092","-0.1902","1.1514","A"
"4","Trait5","mrMLM","PstI.TP483920","2","71246128","-1.2629e-05","0.0028","A"
"4","Trait5","mrMLM","PstI.TP48338","2","71250737","2.5763e-06","6e-04","A"
"4","Trait5","mrMLM","NsiI.TP136079","2","71254827","-2.4892e-05","0.0055","A"
"4","Trait5","mrMLM","PstI.TP250100","2","71256308","-2.6213e-05","0.0057","C"
"4","Trait5","mrMLM","NsiI.TP388907","2","71256645","-1.7564e-05","0.0038","A"
"4","Trait5","mrMLM","PstI.TP1295135","2","71260768","-0.0073","0.1255","C"
"4","Trait5","mrMLM","PstI.TP31701","2","71261586","2.4374e-05","0.0053","C"
"4","Trait5","mrMLM","PstI.TP1025634","2","71277610","0.1771","1.1801","G"
"4","Trait5","mrMLM","PstI.TP876687","2","71285534","-1.2571e-05","0.0027","C"
"4","Trait5","mrMLM","PstI.TP671654","2","71324361","3.814e-06","8e-04","A"
"4","Trait5","mrMLM","PstI.TP781971","2","71331724","-5.7704e-06","0.0013","C"
"4","Trait5","mrMLM","NsiI.TP214929","2","71351884","9.726e-06","0.0021","A"
"4","Trait5","mrMLM","NsiI.TP32273","2","71357596","0.0274","0.4008","A"
"4","Trait5","mrMLM","PstI.TP474225","2","71358734","-3.6787e-05","0.0081","G"
"4","Trait5","mrMLM","NsiI.TP625887","2","71362948","0.0681","0.6271","C"
"4","Trait5","mrMLM","PstI.TP356782","2","71378441","7.8185e-06","0.0017","A"
"4","Trait5","mrMLM","PstI.TP163375","2","71379619","1.3944e-05","0.003","C"
"4","Trait5","mrMLM","NsiI.TP450800","2","71382441","1.5073e-05","0.0033","G"
"4","Trait5","mrMLM","NsiI.TP507237","2","71382528","-6.8439e-06","0.0015","C"
"4","Trait5","mrMLM","PstI.TP893748","2","71384719","-5.8093e-06","0.0013","A"
"4","Trait5","mrMLM","PstI.TP1254958","2","71396781","-0.1131","0.6568","A"
"4","Trait5","mrMLM","NsiI.TP439898","2","71404337","0.1374","0.9207","A"
"4","Trait5","mrMLM","NsiI.TP82254","2","71408121","2.0887e-05","0.0046","A"
"4","Trait5","mrMLM","PstI.TP925474","2","71450209","-0.0611","0.73","C"
"4","Trait5","mrMLM","PstI.TP459624","2","71457905","-2.4658e-05","0.0054","A"
"4","Trait5","mrMLM","PstI.TP425751","2","71461615","1.2998e-05","0.0028","C"
"4","Trait5","mrMLM","PstI.TP1117116","2","71461640","1.8037e-06","4e-04","C"
"4","Trait5","mrMLM","PstI.TP1110867","2","71471291","-2.8383e-06","6e-04","G"
"4","Trait5","mrMLM","PstI.TP291234","2","71490880","-0.0249","0.2529","C"
"4","Trait5","mrMLM","PstI.TP291348","2","71490922","2.5994e-05","0.0057","C"
"4","Trait5","mrMLM","PstI.TP691242","2","71491341","-0.212","1.8063","A"
"4","Trait5","mrMLM","PstI.TP884754","2","71495745","0.0346","0.2418","C"
"4","Trait5","mrMLM","NsiI.TP8544","2","71503634","-0.0109","0.1577","A"
"4","Trait5","mrMLM","NsiI.TP547555","2","71520352","2.8471e-05","0.0062","C"
"4","Trait5","mrMLM","PstI.TP439012","2","71527319","-0.1939","1.5603","G"
"4","Trait5","mrMLM","NsiI.TP345583","2","71563186","0.1139","1.3815","G"
"4","Trait5","mrMLM","PstI.TP31397","2","71568807","4.5534e-05","0.01","G"
"4","Trait5","mrMLM","NsiI.TP444585","2","71581669","-0.1089","1.2136","A"
"4","Trait5","mrMLM","PstI.TP621469","2","71594764","8.96e-06","0.002","A"
"4","Trait5","mrMLM","NsiI.TP306005","2","71594815","0.0717","0.4643","A"
"4","Trait5","mrMLM","PstI.TP459634","2","71595601","7.3895e-07","2e-04","G"
"4","Trait5","mrMLM","NsiI.TP140285","2","71609172","1.7551e-05","0.0038","A"
"4","Trait5","mrMLM","NsiI.TP141969","2","71609177","0.0421","0.543","A"
"4","Trait5","mrMLM","NsiI.TP142630","2","71609177","-0.0386","0.2259","G"
"4","Trait5","mrMLM","NsiI.TP141999","2","71609178","-0.1129","0.4938","A"
"4","Trait5","mrMLM","PstI.TP921432","2","71640137","2.8788e-06","6e-04","A"
"4","Trait5","mrMLM","NsiI.TP126343","2","71669382","-0.0794","0.5884","A"
"4","Trait5","mrMLM","PstI.TP4051","2","71675375","1.1504e-05","0.0025","G"
"4","Trait5","mrMLM","PstI.TP1150271","2","71680683","0.181","0.864","G"
"4","Trait5","mrMLM","PstI.TP632746","2","71689525","4.2185e-06","9e-04","A"
"4","Trait5","mrMLM","NsiI.TP762041","2","71690501","1.9784e-05","0.0043","A"
"4","Trait5","mrMLM","NsiI.TP762042","2","71690505","0.1498","0.5611","A"
"4","Trait5","mrMLM","PstI.TP1113712","2","71692555","4.5815e-06","0.001","A"
"4","Trait5","mrMLM","PstI.TP1263302","2","71707680","1.3473e-05","0.0029","A"
"4","Trait5","mrMLM","PstI.TP596044","2","71708440","-0.0237","0.3184","G"
"4","Trait5","mrMLM","NsiI.TP101471","2","71708844","0.1336","1.1903","G"
"4","Trait5","mrMLM","NsiI.TP416000","2","71727096","-0.0533","0.5997","C"
"4","Trait5","mrMLM","PstI.TP229057","2","71728079","0.0066","0.145","C"
"4","Trait5","mrMLM","PstI.TP486560","2","71750001","0.0456","0.4363","C"
"4","Trait5","mrMLM","NsiI.TP56799","2","71751615","-2.2643e-05","0.005","C"
"4","Trait5","mrMLM","PstI.TP304739","2","71790900","-8.6003e-06","0.0019","C"
"4","Trait5","mrMLM","PstI.TP482377","2","71803501","-1.7351e-05","0.0038","A"
"4","Trait5","mrMLM","GFSSContig17549_819","2","71805649","0.0318","0.3247","T"
"4","Trait5","mrMLM","PstI.TP139822","2","71811481","-1.8051e-06","4e-04","A"
"4","Trait5","mrMLM","PstI.TP578158","2","71842980","-0.0055","0.0831","C"
"4","Trait5","mrMLM","PstI.TP217861","2","71848467","1.4634e-05","0.0032","C"
"4","Trait5","mrMLM","PstI.TP425840","2","71864917","-6.7177e-07","1e-04","A"
"4","Trait5","mrMLM","PstI.TP743029","2","71882739","-1.719e-05","0.0038","A"
"4","Trait5","mrMLM","PstI.TP1245004","2","71910973","-1.1198e-05","0.0024","A"
"4","Trait5","mrMLM","PstI.TP309757","2","71910998","-2.7324e-06","6e-04","A"
"4","Trait5","mrMLM","PstI.TP290330","2","71935391","0.1662","0.9435","A"
"4","Trait5","mrMLM","PstI.TP935052","2","71937638","-2.9113e-05","0.0064","C"
"4","Trait5","mrMLM","PstI.TP166155","2","71943540","-0.0336","0.3927","G"
"4","Trait5","mrMLM","PstI.TP857297","2","71950355","0.0266","0.2041","C"
"4","Trait5","mrMLM","NsiI.TP144822","2","71951415","3.3118e-05","0.0073","C"
"4","Trait5","mrMLM","NsiI.TP440910","2","71951512","-1.6148e-05","0.0035","A"
"4","Trait5","mrMLM","PstI.TP118776","2","71956309","-1.3524e-05","0.003","A"
"4","Trait5","mrMLM","PstI.TP1226157","2","71966862","-0.2041","1.0525","C"
"4","Trait5","mrMLM","PstI.TP767032","2","71966917","8.6297e-07","2e-04","A"
"4","Trait5","mrMLM","NsiI.TP16006","2","71985394","-8.2329e-06","0.0018","A"
"4","Trait5","mrMLM","NsiI.TP503023","2","71986338","-2.6319e-05","0.0058","A"
"4","Trait5","mrMLM","PstI.TP708099","2","71987708","4.2406e-06","9e-04","A"
"4","Trait5","mrMLM","NsiI.TP31010","2","72013712","-1.2532e-05","0.0027","A"
"4","Trait5","mrMLM","PstI.TP1167444","2","72022190","-0.0265","0.3893","C"
"4","Trait5","mrMLM","PstI.TP476507","2","72023153","0.483","1.9288","A"
"4","Trait5","mrMLM","NsiI.TP174448","2","72030473","-1.833e-05","0.004","C"
"4","Trait5","mrMLM","PstI.TP74603","2","72032620","-1.4288e-05","0.0031","A"
"4","Trait5","mrMLM","PstI.TP1146849","2","72036886","9.8726e-06","0.0022","A"
"4","Trait5","mrMLM","NsiI.TP438594","2","72037052","6.8458e-07","1e-04","C"
"4","Trait5","mrMLM","NsiI.TP156747","2","72037359","-2.1405e-05","0.0047","A"
"4","Trait5","mrMLM","NsiI.TP4874","2","72051499","-4.7982e-07","1e-04","A"
"4","Trait5","mrMLM","NsiI.TP4875","2","72051507","-9.5986e-06","0.0021","C"
"4","Trait5","mrMLM","NsiI.TP543408","2","72052989","1.0073e-05","0.0022","C"
"4","Trait5","mrMLM","NsiI.TP86315","2","72052998","0.0136","0.19","A"
"4","Trait5","mrMLM","NsiI.TP86948","2","72054087","2.2526e-05","0.0049","C"
"4","Trait5","mrMLM","PstI.TP741005","2","72058826","-0.0407","0.3858","A"
"4","Trait5","mrMLM","PstI.TP332110","2","72096377","2.8076e-05","0.0062","A"
"4","Trait5","mrMLM","PstI.TP820804","2","72096898","-1.8748e-05","0.0041","A"
"4","Trait5","mrMLM","PstI.TP197055","2","72096988","0.0083","0.1325","C"
"4","Trait5","mrMLM","PstI.TP39691","2","72097604","0.013","0.2229","C"
"4","Trait5","mrMLM","PstI.TP911720","2","72102883","-4.8019e-06","0.001","A"
"4","Trait5","mrMLM","PstI.TP911718","2","72102887","-9.8508e-06","0.0021","C"
"4","Trait5","mrMLM","PstI.TP453807","2","72125384","-0.0056","0.1072","A"
"4","Trait5","mrMLM","NsiI.TP283312","2","72153084","1.5097e-05","0.0033","G"
"4","Trait5","mrMLM","NsiI.TP609127","2","72163462","-0.0167","0.253","A"
"4","Trait5","mrMLM","PstI.TP1215202","2","72163551","-1.5494e-05","0.0034","A"
"4","Trait5","mrMLM","NsiI.TP59922","2","72170229","0.0139","0.1801","C"
"4","Trait5","mrMLM","PstI.TP736251","2","72190143","-2.4744e-05","0.0054","A"
"4","Trait5","mrMLM","NsiI.TP408031","2","72193245","-1.9337e-06","4e-04","C"
"4","Trait5","mrMLM","PstI.TP971693","2","72196985","-0.0802","0.7683","C"
"4","Trait5","mrMLM","PstI.TP940518","2","72206315","-0.2555","0.8068","A"
"4","Trait5","mrMLM","PstI.TP674170","2","72206365","-5.8015e-06","0.0013","C"
"4","Trait5","mrMLM","PstI.TP190631","2","72207342","0.0518","0.6488","A"
"4","Trait5","mrMLM","NsiI.TP427100","2","72211902","4.0189e-06","9e-04","C"
"4","Trait5","mrMLM","NsiI.TP530279","2","72212478","-0.0087","0.1514","A"
"4","Trait5","mrMLM","NsiI.TP611963","2","72221752","1.1711e-05","0.0026","C"
"4","Trait5","mrMLM","PstI.TP970991","2","72222252","-1.3567e-05","0.003","A"
"4","Trait5","mrMLM","PstI.TP674366","2","72225136","-0.0164","0.1417","A"
"4","Trait5","mrMLM","PstI.TP674364","2","72225142","7.788e-06","0.0017","C"
"4","Trait5","mrMLM","NsiI.TP25009","2","72225661","1.3776e-05","0.003","C"
"4","Trait5","mrMLM","NsiI.TP321743","2","72239402","-1.1541e-05","0.0025","G"
"4","Trait5","mrMLM","NsiI.TP772242","2","72242394","-2.3134e-05","0.0051","A"
"4","Trait5","mrMLM","NsiI.TP631439","2","72246697","-1.6086e-05","0.0035","C"
"4","Trait5","mrMLM","PstI.TP523535","2","72259109","2.4032e-05","0.0053","A"
"4","Trait5","mrMLM","PstI.TP71294","2","72259211","-7.0902e-06","0.0015","A"
"4","Trait5","mrMLM","PstI.TP1139713","2","72261109","-2.8059e-05","0.0061","C"
"4","Trait5","mrMLM","PstI.TP50939","2","72265591","9.5375e-06","0.0021","A"
"4","Trait5","mrMLM","PstI.TP1071968","2","72265698","-0.0487","0.5438","C"
"4","Trait5","mrMLM","PstI.TP1071969","2","72265725","-1.5653e-05","0.0034","G"
"4","Trait5","mrMLM","PstI.TP1197317","2","72276730","0.0333","0.2192","C"
"4","Trait5","mrMLM","PstI.TP279484","2","72288823","-1.5403e-05","0.0034","C"
"4","Trait5","mrMLM","PstI.TP944645","2","72305368","-1.4734e-05","0.0032","C"
"4","Trait5","mrMLM","PstI.TP681637","2","72313757","-1.4861e-05","0.0032","C"
"4","Trait5","mrMLM","PstI.TP671248","2","72313766","-0.0649","0.5938","A"
"4","Trait5","mrMLM","PstI.TP1000478","2","72314995","0.2682","1.4295","C"
"4","Trait5","mrMLM","NsiI.TP57066","2","72316913","1.6011e-05","0.0035","A"
"4","Trait5","mrMLM","PstI.TP645063","2","72322091","1.0406e-05","0.0023","A"
"4","Trait5","mrMLM","PstI.TP1274263","2","72323176","3.1188e-05","0.0068","A"
"4","Trait5","mrMLM","PstI.TP908782","2","72357451","-0.0562","0.28","A"
"4","Trait5","mrMLM","NsiI.TP818876","2","72357498","-0.0251","0.1831","A"
"4","Trait5","mrMLM","NsiI.TP265519","2","72361853","-1.3488e-05","0.0029","A"
"4","Trait5","mrMLM","NsiI.TP444103","2","72395635","-2.6501e-05","0.0058","A"
"4","Trait5","mrMLM","NsiI.TP601798","2","72417322","-7.8251e-06","0.0017","A"
"4","Trait5","mrMLM","PstI.TP951622","2","72433507","0.0131","0.2246","A"
"4","Trait5","mrMLM","PstI.TP729769","2","72439495","-9.9886e-06","0.0022","G"
"4","Trait5","mrMLM","GFSSContig17006_576","2","72443507","-1.5694e-06","3e-04","T"
"4","Trait5","mrMLM","PstI.TP778721","2","72456067","1.4129e-05","0.0031","C"
"4","Trait5","mrMLM","PstI.TP778717","2","72456107","-8.1218e-06","0.0018","A"
"4","Trait5","mrMLM","NsiI.TP759619","2","72462554","1.6638e-05","0.0036","A"
"4","Trait5","mrMLM","PstI.TP1059278","2","72486659","0.0233","0.2031","A"
"4","Trait5","mrMLM","NsiI.TP532390","2","72514246","0.0088","0.1339","C"
"4","Trait5","mrMLM","NsiI.TP530876","2","72514281","-1.6296e-05","0.0036","C"
"4","Trait5","mrMLM","PstI.TP383381","2","72517227","9.5899e-07","2e-04","A"
"4","Trait5","mrMLM","NsiI.TP523910","2","72531506","4.7993e-06","0.001","A"
"4","Trait5","mrMLM","PstI.TP727010","2","72532686","1.3223e-05","0.0029","C"
"4","Trait5","mrMLM","PstI.TP727016","2","72532686","2.4214e-05","0.0053","C"
"4","Trait5","mrMLM","PstI.TP727107","2","72532686","0.013","0.2246","C"
"4","Trait5","mrMLM","PstI.TP727161","2","72532686","-0.0029","0.0806","C"
"4","Trait5","mrMLM","PstI.TP727001","2","72532688","-0.0759","0.8975","C"
"4","Trait5","mrMLM","PstI.TP727092","2","72532688","-1.3029e-05","0.0028","C"
"4","Trait5","mrMLM","PstI.TP668465","2","72532742","-0.0446","0.634","A"
"4","Trait5","mrMLM","NsiI.TP655201","2","72534022","-1.3343e-05","0.0029","C"
"4","Trait5","mrMLM","NsiI.TP493169","2","72539660","-9.5392e-06","0.0021","A"
"4","Trait5","mrMLM","PstI.TP1235971","2","72541421","0.0668","0.9328","C"
"4","Trait5","mrMLM","NsiI.TP579877","2","72558498","4.8197e-06","0.0011","A"
"4","Trait5","mrMLM","PstI.TP52519","2","72565878","-0.1473","0.403","C"
"4","Trait5","mrMLM","PstI.TP305982","2","72575359","-1.1561e-05","0.0025","C"
"4","Trait5","mrMLM","PstI.TP478371","2","72594799","1.9266e-05","0.0042","G"
"4","Trait5","mrMLM","PstI.TP890801","2","72613106","-0.1042","0.7708","A"
"4","Trait5","mrMLM","NsiI.TP544028","2","72616788","-3.4568e-05","0.0076","C"
"4","Trait5","mrMLM","PstI.TP28499","2","72618880","4.3116e-06","9e-04","C"
"4","Trait5","mrMLM","PstI.TP210905","2","72650615","0.0259","0.3123","C"
"4","Trait5","mrMLM","PstI.TP432405","2","72662195","0.0815","0.5022","A"
"4","Trait5","mrMLM","NsiI.TP717252","2","72662923","-0.0936","0.6483","A"
"4","Trait5","mrMLM","NsiI.TP620094","2","72685163","-7.6801e-07","2e-04","A"
"4","Trait5","mrMLM","NsiI.TP773490","2","72685265","2.1527e-05","0.0047","A"
"4","Trait5","mrMLM","PstI.TP987734","2","72694881","4.0881e-06","9e-04","G"
"4","Trait5","mrMLM","PstI.TP208273","2","72705924","-4.4143e-06","0.001","C"
"4","Trait5","mrMLM","NsiI.TP6465","2","72708844","-0.0083","0.1144","A"
"4","Trait5","mrMLM","PstI.TP795095","2","72710649","-8.1092e-06","0.0018","A"
"4","Trait5","mrMLM","NsiI.TP753660","2","72714981","0.0633","0.8072","C"
"4","Trait5","mrMLM","PstI.TP1114754","2","72715985","-1.1214e-05","0.0024","C"
"4","Trait5","mrMLM","NsiI.TP503982","2","72721437","-8.7078e-07","2e-04","A"
"4","Trait5","mrMLM","NsiI.TP539242","2","72721874","0.0375","0.353","G"
"4","Trait5","mrMLM","NsiI.TP619492","2","72752987","-0.0598","0.5862","A"
"4","Trait5","mrMLM","NsiI.TP232331","2","72757508","-7.8563e-06","0.0017","C"
"4","Trait5","mrMLM","PstI.TP1071759","2","72760203","-0.0548","0.4328","C"
"4","Trait5","mrMLM","PstI.TP450294","2","72761555","2.013e-05","0.0044","C"
"4","Trait5","mrMLM","PstI.TP261926","2","72788934","0.123","1.0576","A"
"4","Trait5","mrMLM","PstI.TP105258","2","72804076","-1.6978e-06","4e-04","A"
"4","Trait5","mrMLM","PstI.TP1012808","2","72820597","0.0322","0.2783","A"
"4","Trait5","mrMLM","NsiI.TP563567","2","72884008","-3.4005e-05","0.0075","C"
"4","Trait5","mrMLM","PstI.TP452201","2","72888145","1.1631e-06","3e-04","A"
"4","Trait5","mrMLM","NsiI.TP14271","2","72918724","0.0237","0.3666","A"
"4","Trait5","mrMLM","PstI.TP875140","2","72930521","-0.1488","1.5488","A"
"4","Trait5","mrMLM","GFSSContig18404_380","2","72941797","-0.0535","0.5921","T"
"4","Trait5","mrMLM","NsiI.TP132109","2","72971977","-0.0169","0.1394","C"
"4","Trait5","mrMLM","PstI.TP1197267","2","72980167","-8.7157e-06","0.0019","A"
"4","Trait5","mrMLM","NsiI.TP759568","2","72981996","0.0908","0.5752","C"
"4","Trait5","mrMLM","PstI.TP239129","2","72983624","6.9578e-06","0.0015","A"
"4","Trait5","mrMLM","PstI.TP60395","2","73017155","-0.0492","0.2776","C"
"4","Trait5","mrMLM","PstI.TP845428","2","73021573","0.0309","0.4161","C"
"4","Trait5","mrMLM","NsiI.TP835221","2","73022807","2.5039e-05","0.0055","A"
"4","Trait5","mrMLM","PstI.TP1096440","2","73055036","-1.3087e-05","0.0029","C"
"4","Trait5","mrMLM","NsiI.TP223943","2","73061862","-2.7179e-06","6e-04","C"
"4","Trait5","mrMLM","PstI.TP119425","2","73077344","-0.0352","0.3487","C"
"4","Trait5","mrMLM","NsiI.TP349839","2","73083143","-6.3834e-06","0.0014","C"
"4","Trait5","mrMLM","PstI.TP503391","2","73095782","2.0385e-05","0.0045","C"
"4","Trait5","mrMLM","NsiI.TP307543","2","73096489","3.2399e-05","0.0071","C"
"4","Trait5","mrMLM","NsiI.TP506343","2","73096530","-2.1347e-05","0.0047","A"
"4","Trait5","mrMLM","PstI.TP124082","2","73100016","1.9466e-05","0.0043","G"
"4","Trait5","mrMLM","PstI.TP944726","2","73103112","9.9554e-06","0.0022","C"
"4","Trait5","mrMLM","PstI.TP1108387","2","73105706","9e-04","0.037","A"
"4","Trait5","mrMLM","PstI.TP577025","2","73118159","0.0095","0.1603","A"
"4","Trait5","mrMLM","PstI.TP65061","2","73159281","-2.3322e-05","0.0051","A"
"4","Trait5","mrMLM","PstI.TP163618","2","73163982","2.1844e-05","0.0048","G"
"4","Trait5","mrMLM","NsiI.TP450783","2","73164177","1.6944e-05","0.0037","A"
"4","Trait5","mrMLM","PstI.TP360015","2","73181318","0.239","0.9615","A"
"4","Trait5","mrMLM","NsiI.TP832286","2","73185615","-1.7652e-05","0.0039","C"
"4","Trait5","mrMLM","PstI.TP488926","2","73214655","0.1053","0.5229","G"
"4","Trait5","mrMLM","NsiI.TP485031","2","73215522","-6.4435e-06","0.0014","A"
"4","Trait5","mrMLM","PstI.TP1213861","2","73220469","2.6316e-05","0.0058","A"
"4","Trait5","mrMLM","NsiI.TP218162","2","73233162","-8.3859e-06","0.0018","C"
"4","Trait5","mrMLM","PstI.TP798652","2","73255657","3.2555e-05","0.0071","G"
"4","Trait5","mrMLM","NsiI.TP449902","2","73259064","0.0086","0.1002","C"
"4","Trait5","mrMLM","NsiI.TP128643","2","73262159","-5.5389e-06","0.0012","A"
"4","Trait5","mrMLM","NsiI.TP217295","2","73278952","-0.0611","0.3236","A"
"4","Trait5","mrMLM","PstI.TP39230","2","73281829","0.0507","0.5182","A"
"4","Trait5","mrMLM","NsiI.TP177467","2","73282771","0.0622","0.6963","A"
"4","Trait5","mrMLM","PstI.TP405253","2","73300771","6.6107e-06","0.0014","C"
"4","Trait5","mrMLM","NsiI.TP235005","2","73301064","3.2123e-05","0.007","C"
"4","Trait5","mrMLM","NsiI.TP381422","2","73301073","1.0687e-05","0.0023","C"
"4","Trait5","mrMLM","PstI.TP677208","2","73306633","8.0606e-06","0.0018","C"
"4","Trait5","mrMLM","NsiI.TP694621","2","73306694","1.2315e-05","0.0027","C"
"4","Trait5","mrMLM","PstI.TP1141184","2","73316224","-3.0066e-06","7e-04","C"
"4","Trait5","mrMLM","PstI.TP63776","2","73323191","-1.8225e-05","0.004","C"
"4","Trait5","mrMLM","PstI.TP637692","2","73332665","-4.7466e-06","0.001","C"
"4","Trait5","mrMLM","PstI.TP920295","2","73373373","-0.065","0.5528","C"
"4","Trait5","mrMLM","PstI.TP1215716","2","73397741","-2.1822e-05","0.0048","C"
"4","Trait5","mrMLM","PstI.TP360667","2","73427599","2.2182e-05","0.0049","A"
"4","Trait5","mrMLM","PstI.TP574317","2","73427677","0.0203","0.2253","A"
"4","Trait5","mrMLM","NsiI.TP404589","2","73446605","-1.3489e-05","0.0029","A"
"4","Trait5","mrMLM","PstI.TP883444","2","73448450","-1.0645e-05","0.0023","A"
"4","Trait5","mrMLM","NsiI.TP30367","2","73460629","0.1331","0.8912","C"
"4","Trait5","mrMLM","PstI.TP834285","2","73460645","0.1358","1.1498","C"
"4","Trait5","mrMLM","NsiI.TP130519","2","73476327","4.3179e-05","0.0095","G"
"4","Trait5","mrMLM","PstI.TP905685","2","73489863","-2.4568e-05","0.0054","A"
"4","Trait5","mrMLM","PstI.TP910279","2","73490064","-1.818e-05","0.004","G"
"4","Trait5","mrMLM","NsiI.TP300576","2","73492961","2.6448e-05","0.0058","C"
"4","Trait5","mrMLM","PstI.TP1066472","2","73495691","1.217e-05","0.0027","A"
"4","Trait5","mrMLM","NsiI.TP820576","2","73503160","-0.0095","0.1391","C"
"4","Trait5","mrMLM","PstI.TP237905","2","73515537","-0.0685","0.7678","G"
"4","Trait5","mrMLM","NsiI.TP763815","2","73556862","-0.0732","0.4772","C"
"4","Trait5","mrMLM","PstI.TP1049477","2","73562509","1.9623e-05","0.0043","A"
"4","Trait5","mrMLM","PstI.TP689286","2","73563234","-5.1095e-06","0.0011","C"
"4","Trait5","mrMLM","PstI.TP1232618","2","73564672","0.0817","0.4711","C"
"4","Trait5","mrMLM","PstI.TP391442","2","73566067","3.6523e-05","0.008","C"
"4","Trait5","mrMLM","PstI.TP387550","2","73605960","-5.9678e-06","0.0013","A"
"4","Trait5","mrMLM","PstI.TP425439","2","73607787","0.025","0.281","A"
"4","Trait5","mrMLM","NsiI.TP391289","2","73619415","1.2662e-06","3e-04","C"
"4","Trait5","mrMLM","PstI.TP218011","2","73633092","-1.9456e-05","0.0043","A"
"4","Trait5","mrMLM","PstI.TP336193","2","73663045","-0.0382","0.2381","C"
"4","Trait5","mrMLM","NsiI.TP504479","2","73713191","-2.9934e-06","7e-04","A"
"4","Trait5","mrMLM","NsiI.TP13267","2","73718309","1.31e-05","0.0029","A"
"4","Trait5","mrMLM","PstI.TP770044","2","73737012","0.038","0.347","A"
"4","Trait5","mrMLM","NsiI.TP655253","2","73773883","5.932e-06","0.0013","A"
"4","Trait5","mrMLM","PstI.TP1009658","2","73789690","-0.2191","1.8943","A"
"4","Trait5","mrMLM","NsiI.TP394376","2","73795096","6.4961e-06","0.0014","A"
"4","Trait5","mrMLM","NsiI.TP318539","2","73815438","-0.1281","0.9903","A"
"4","Trait5","mrMLM","NsiI.TP450366","2","73815537","0.1659","1.4321","A"
"4","Trait5","mrMLM","NsiI.TP622318","2","73833914","0.0289","0.302","A"
"4","Trait5","mrMLM","NsiI.TP355817","2","73882730","0.0975","0.4689","A"
"4","Trait5","mrMLM","NsiI.TP434582","2","73887451","-1.479e-05","0.0032","C"
"4","Trait5","mrMLM","PstI.TP698939","2","73889603","-4.9503e-06","0.0011","A"
"4","Trait5","mrMLM","PstI.TP828603","2","73889665","-2.0721e-05","0.0045","C"
"4","Trait5","mrMLM","NsiI.TP267353","2","73896405","2.1786e-05","0.0048","A"
"4","Trait5","mrMLM","PstI.TP875591","2","73899609","-1.95e-05","0.0043","A"
"4","Trait5","mrMLM","PstI.TP621386","2","73900604","-2.4253e-05","0.0053","C"
"4","Trait5","mrMLM","PstI.TP1231486","2","73904492","-2.8934e-05","0.0063","A"
"4","Trait5","mrMLM","PstI.TP1194820","2","73905813","0.1471","0.8118","A"
"4","Trait5","mrMLM","PstI.TP653588","2","73909840","-5.4831e-06","0.0012","A"
"4","Trait5","mrMLM","PstI.TP437086","2","73910094","-0.0434","0.5405","C"
"4","Trait5","mrMLM","PstI.TP86096","2","73912891","0.1231","0.5757","A"
"4","Trait5","mrMLM","PstI.TP673173","2","73925420","1.5556e-06","3e-04","G"
"4","Trait5","mrMLM","PstI.TP1124025","2","73928606","-7.49e-06","0.0016","C"
"4","Trait5","mrMLM","PstI.TP1171650","2","73930357","-1.924e-05","0.0042","G"
"4","Trait5","mrMLM","NsiI.TP241079","2","73951476","2.1369e-07","4.6506e-05","A"
"4","Trait5","mrMLM","PstI.TP368759","2","73973899","1.9137e-05","0.0042","A"
"4","Trait5","mrMLM","PstI.TP299144","2","73974614","0.0079","0.1143","A"
"4","Trait5","mrMLM","NsiI.TP777037","2","73985749","0.0376","0.2813","A"
"4","Trait5","mrMLM","PstI.TP627658","2","73988488","2.0252e-05","0.0044","C"
"4","Trait5","mrMLM","NsiI.TP131202","2","73995438","-2.1922e-05","0.0048","C"
"4","Trait5","mrMLM","PstI.TP1046882","2","74014248","1.7469e-05","0.0038","A"
"4","Trait5","mrMLM","NsiI.TP435423","2","74014463","-3.2901e-06","7e-04","A"
"4","Trait5","mrMLM","PstI.TP832728","2","74016042","-0.1805","1.0894","C"
"4","Trait5","mrMLM","NsiI.TP794351","2","74027441","-1.1763e-06","3e-04","A"
"4","Trait5","mrMLM","PstI.TP652075","2","74034354","6.2294e-06","0.0014","C"
"4","Trait5","mrMLM","NsiI.TP332537","2","74045155","0.0567","0.5149","A"
"4","Trait5","mrMLM","PstI.TP426606","2","74067576","-4.9768e-06","0.0011","A"
"4","Trait5","mrMLM","PstI.TP939943","2","74074703","1.0429e-05","0.0023","C"
"4","Trait5","mrMLM","PstI.TP366617","2","74102969","7.8439e-07","2e-04","A"
"4","Trait5","mrMLM","PstI.TP1018526","2","74108162","4.3599e-05","0.0096","A"
"4","Trait5","mrMLM","PstI.TP956112","2","74134866","1.9045e-05","0.0042","A"
"4","Trait5","mrMLM","PstI.TP1083210","2","74137420","2.5589e-05","0.0056","A"
"4","Trait5","mrMLM","GFSSContig3429_157","2","74145571","-0.0864","0.7036","A"
"4","Trait5","mrMLM","NsiI.TP632649","2","74155149","0.0255","0.2149","A"
"4","Trait5","mrMLM","NsiI.TP511048","2","74157361","-0.022","0.3073","A"
"4","Trait5","mrMLM","PstI.TP783653","2","74160306","-0.2195","1.1462","A"
"4","Trait5","mrMLM","PstI.TP1025461","2","74160371","-1.094e-05","0.0024","A"
"4","Trait5","mrMLM","PstI.TP667855","2","74180736","6.0288e-07","1e-04","A"
"4","Trait5","mrMLM","NsiI.TP485639","2","74181691","-5.022e-06","0.0011","G"
"4","Trait5","mrMLM","NsiI.TP44316","2","74181876","8.0425e-06","0.0018","A"
"4","Trait5","mrMLM","PstI.TP113808","2","74189742","-8.6766e-06","0.0019","G"
"4","Trait5","mrMLM","PstI.TP1115678","2","74207862","-2.6129e-05","0.0057","G"
"4","Trait5","mrMLM","PstI.TP229546","2","74208278","0.0234","0.1803","A"
"4","Trait5","mrMLM","PstI.TP98285","2","74208363","0.0602","0.482","C"
"4","Trait5","mrMLM","PstI.TP597315","2","74225334","-0.0857","0.5803","C"
"4","Trait5","mrMLM","PstI.TP470724","2","74233578","-0.0595","0.2279","A"
"4","Trait5","mrMLM","NsiI.TP333723","2","74239929","-0.0928","0.4288","C"
"4","Trait5","mrMLM","NsiI.TP436561","2","74244361","-1.9221e-05","0.0042","G"
"4","Trait5","mrMLM","NsiI.TP188428","2","74244645","0.0636","0.6838","G"
"4","Trait5","mrMLM","PstI.TP690716","2","74246727","2.5619e-05","0.0056","C"
"4","Trait5","mrMLM","NsiI.TP355804","2","74246894","2.2381e-05","0.0049","A"
"4","Trait5","mrMLM","PstI.TP318623","2","74247436","0.2319","1.2651","C"
"4","Trait5","mrMLM","NsiI.TP730806","2","74269636","-1.8327e-05","0.004","A"
"4","Trait5","mrMLM","PstI.TP1139105","2","74276092","9.3875e-06","0.002","C"
"4","Trait5","mrMLM","PstI.TP541575","2","74276308","0.015","0.1688","C"
"4","Trait5","mrMLM","PstI.TP253012","2","74284979","2.0244e-06","4e-04","C"
"4","Trait5","mrMLM","PstI.TP1201483","2","74285052","-3.6615e-06","8e-04","C"
"4","Trait5","mrMLM","NsiI.TP757015","2","74305571","0.1913","1.9849","A"
"4","Trait5","mrMLM","NsiI.TP98486","2","74337544","0.2839","1.1671","A"
"4","Trait5","mrMLM","PstI.TP628733","2","74339825","-1.4205e-05","0.0031","A"
"4","Trait5","mrMLM","NsiI.TP240682","2","74341499","7.1617e-06","0.0016","C"
"4","Trait5","mrMLM","PstI.TP963472","2","74365535","-0.0184","0.1536","A"
"4","Trait5","mrMLM","PstI.TP131041","2","74365562","-9.9641e-06","0.0022","C"
"4","Trait5","mrMLM","PstI.TP994553","2","74405508","0.0837","0.5817","C"
"4","Trait5","mrMLM","NsiI.TP667943","2","74406586","-0.0842","0.7216","C"
"4","Trait5","mrMLM","NsiI.TP421092","2","74418745","1.0529e-05","0.0023","A"
"4","Trait5","mrMLM","PstI.TP481651","2","74433538","-0.001","0.0303","A"
"4","Trait5","mrMLM","NsiI.TP630500","2","74435495","-0.1046","0.6261","C"
"4","Trait5","mrMLM","NsiI.TP7588","2","74438360","-0.0536","0.3569","A"
"4","Trait5","mrMLM","NsiI.TP665402","2","74460311","-5.4613e-06","0.0012","A"
"4","Trait5","mrMLM","PstI.TP16800","2","74460397","-1.1291e-06","2e-04","A"
"4","Trait5","mrMLM","NsiI.TP106851","2","74463789","2.6022e-05","0.0057","C"
"4","Trait5","mrMLM","NsiI.TP759023","2","74474776","-2.5675e-06","6e-04","A"
"4","Trait5","mrMLM","PstI.TP749093","2","74477521","0.1589","0.7146","A"
"4","Trait5","mrMLM","NsiI.TP50958","2","74502622","-0.3246","1.8241","C"
"4","Trait5","mrMLM","PstI.TP147859","2","74518389","-0.0316","0.2181","C"
"4","Trait5","mrMLM","NsiI.TP139942","2","74519273","-4.3693e-05","0.0096","G"
"4","Trait5","mrMLM","PstI.TP1225669","2","74521583","0.2546","1.5934","C"
"4","Trait5","mrMLM","PstI.TP1179090","2","74526134","0.1855","1.5191","C"
"4","Trait5","mrMLM","NsiI.TP514967","2","74529451","-0.203","0.9207","C"
"4","Trait5","mrMLM","PstI.TP899848","2","74532319","1.3214e-05","0.0029","G"
"4","Trait5","mrMLM","PstI.TP305275","2","74544938","0.0796","0.415","C"
"4","Trait5","mrMLM","PstI.TP972757","2","74544996","9.2149e-06","0.002","C"
"4","Trait5","mrMLM","PstI.TP750088","2","74551816","0.0553","0.5246","C"
"4","Trait5","mrMLM","PstI.TP617580","2","74592975","-9.6474e-06","0.0021","C"
"4","Trait5","mrMLM","PstI.TP263268","2","74593677","0.1146","0.9145","C"
"4","Trait5","mrMLM","PstI.TP5429","2","74605041","0.0702","0.4565","G"
"4","Trait5","mrMLM","NsiI.TP747508","2","74610627","-0.3506","1.3539","A"
"4","Trait5","mrMLM","NsiI.TP635643","2","74627072","1.5814e-05","0.0035","C"
"4","Trait5","mrMLM","NsiI.TP41841","2","74627859","-0.2731","3.5746","A"
"4","Trait5","mrMLM","PstI.TP476220","2","74636899","-1.7295e-05","0.0038","C"
"4","Trait5","mrMLM","GFSSContig12299_294","2","74657970","-6.1613e-06","0.0013","C"
"4","Trait5","mrMLM","NsiI.TP374646","2","74682302","-0.049","0.3522","C"
"4","Trait5","mrMLM","PstI.TP863693","2","74699135","3.4405e-06","7e-04","A"
"4","Trait5","mrMLM","NsiI.TP136162","2","74701703","0.0562","0.3325","C"
"4","Trait5","mrMLM","PstI.TP843926","2","74702611","-0.039","0.3472","A"
"4","Trait5","mrMLM","NsiI.TP335419","2","74707808","0.0484","0.3961","C"
"4","Trait5","mrMLM","PstI.TP13629","2","74748191","0.0941","0.4584","A"
"4","Trait5","mrMLM","NsiI.TP699560","2","74758879","3.4701e-05","0.0076","A"
"4","Trait5","mrMLM","NsiI.TP748304","2","74773992","-1.5586e-05","0.0034","C"
"4","Trait5","mrMLM","PstI.TP783172","2","74775056","8.361e-06","0.0018","A"
"4","Trait5","mrMLM","PstI.TP264141","2","74829513","-0.2027","0.668","A"
"4","Trait5","mrMLM","NsiI.TP43669","2","74830506","4.1373e-05","0.0091","G"
"4","Trait5","mrMLM","PstI.TP51995","2","74836619","2.858e-06","6e-04","A"
"4","Trait5","mrMLM","GFSSContig2383_483","2","74841918","0.0553","0.6388","A"
"4","Trait5","mrMLM","PstI.TP160077","2","74853246","-0.0256","0.3396","A"
"4","Trait5","mrMLM","PstI.TP103361","2","74859736","1.3842e-05","0.003","A"
"4","Trait5","mrMLM","NsiI.TP430233","2","74867064","-0.1009","0.8571","C"
"4","Trait5","mrMLM","NsiI.TP533181","2","74867953","1.7235e-05","0.0038","G"
"4","Trait5","mrMLM","PstI.TP803610","2","74889401","-1.1301e-05","0.0025","C"
"4","Trait5","mrMLM","NsiI.TP133835","2","74932493","0.0735","0.5294","A"
"4","Trait5","mrMLM","NsiI.TP241120","2","74944352","3.2463e-05","0.0071","C"
"4","Trait5","mrMLM","NsiI.TP126113","2","74966338","2.3898e-05","0.0052","C"
"4","Trait5","mrMLM","PstI.TP1101453","2","74966614","-0.1012","0.74","C"
"4","Trait5","mrMLM","PstI.TP1162079","2","74969881","0.0469","0.2773","C"
"4","Trait5","mrMLM","PstI.TP418762","2","74972183","0.1128","0.8356","C"
"4","Trait5","mrMLM","PstI.TP836656","2","74973104","1.5905e-05","0.0035","A"
"4","Trait5","mrMLM","PstI.TP836370","2","74973263","-2.5886e-05","0.0057","A"
"4","Trait5","mrMLM","PstI.TP40154","2","74988847","1.9304e-06","4e-04","C"
"4","Trait5","mrMLM","NsiI.TP167396","2","75013814","0.0774","0.8969","A"
"4","Trait5","mrMLM","NsiI.TP716920","2","75017730","-4e-04","0.0308","A"
"4","Trait5","mrMLM","PstI.TP732685","2","75019634","3.4705e-05","0.0076","A"
"4","Trait5","mrMLM","PstI.TP217373","2","75022093","3.7146e-06","8e-04","C"
"4","Trait5","mrMLM","PstI.TP215841","2","75022138","-0.0202","0.2613","A"
"4","Trait5","mrMLM","NsiI.TP424626","2","75047684","0.0513","0.341","A"
"4","Trait5","mrMLM","NsiI.TP429862","2","75047703","-1.0873e-05","0.0024","C"
"4","Trait5","mrMLM","NsiI.TP198676","2","75069959","1.758e-05","0.0038","G"
"4","Trait5","mrMLM","PstI.TP766006","2","75070517","-0.0209","0.2546","C"
"4","Trait5","mrMLM","NsiI.TP490519","2","75142389","-2.8459e-05","0.0062","A"
"4","Trait5","mrMLM","NsiI.TP482616","2","75179365","2.0019e-05","0.0044","C"
"4","Trait5","mrMLM","NsiI.TP502025","2","75191746","1.9953e-05","0.0044","A"
"4","Trait5","mrMLM","NsiI.TP458534","2","75191846","5.3728e-06","0.0012","A"
"4","Trait5","mrMLM","NsiI.TP532921","2","75209767","2.0369e-05","0.0045","A"
"4","Trait5","mrMLM","NsiI.TP703439","2","75214252","-0.0061","0.1069","C"
"4","Trait5","mrMLM","NsiI.TP686399","2","75214286","-2.1779e-05","0.0048","A"
"4","Trait5","mrMLM","PstI.TP936172","2","75217141","1.007e-05","0.0022","A"
"4","Trait5","mrMLM","NsiI.TP286304","2","75224496","-0.0152","0.2587","C"
"4","Trait5","mrMLM","PstI.TP426528","2","75226780","0.0604","0.6019","A"
"4","Trait5","mrMLM","NsiI.TP396238","2","75242223","1.0328e-05","0.0023","C"
"4","Trait5","mrMLM","NsiI.TP399251","2","75242266","-3.4808e-06","8e-04","C"
"4","Trait5","mrMLM","PstI.TP46038","2","75257343","-2.5157e-05","0.0055","A"
"4","Trait5","mrMLM","PstI.TP414297","2","75262594","3.9905e-05","0.0088","A"
"4","Trait5","mrMLM","GFSSContig17883_3292","2","75293222","-0.0277","0.2542","T"
"4","Trait5","mrMLM","PstI.TP91738","2","75325372","1.6964e-05","0.0037","C"
"4","Trait5","mrMLM","PstI.TP698852","2","75333362","-2.9406e-05","0.0064","C"
"4","Trait5","mrMLM","PstI.TP433676","2","75336590","1.1472e-05","0.0025","A"
"4","Trait5","mrMLM","PstI.TP484959","2","75347407","-8.9107e-07","2e-04","C"
"4","Trait5","mrMLM","PstI.TP1201365","2","75348824","-1.5738e-05","0.0034","C"
"4","Trait5","mrMLM","NsiI.TP530485","2","75356155","-2.0099e-05","0.0044","A"
"4","Trait5","mrMLM","PstI.TP1014870","2","75357159","-1.7389e-05","0.0038","A"
"4","Trait5","mrMLM","PstI.TP1270963","2","75367949","-0.1501","0.8214","A"
"4","Trait5","mrMLM","NsiI.TP464213","2","75413419","-8.2787e-06","0.0018","A"
"4","Trait5","mrMLM","NsiI.TP148238","2","75418608","-3.1101e-05","0.0068","A"
"4","Trait5","mrMLM","PstI.TP177130","2","75420404","0.013","0.1673","C"
"4","Trait5","mrMLM","NsiI.TP261212","2","75427990","0.1177","0.435","C"
"4","Trait5","mrMLM","PstI.TP668000","2","75429637","-0.0052","0.1221","C"
"4","Trait5","mrMLM","GFSSContig14716_1047","2","75444144","-1.7664e-05","0.0039","A"
"4","Trait5","mrMLM","PstI.TP1244481","2","75457518","-1.2349e-05","0.0027","A"
"4","Trait5","mrMLM","NsiI.TP557805","2","75471445","1.1366e-05","0.0025","A"
"4","Trait5","mrMLM","NsiI.TP77639","2","75493158","-0.0226","0.2025","C"
"4","Trait5","mrMLM","NsiI.TP89226","2","75495877","-1.8491e-05","0.004","A"
"4","Trait5","mrMLM","PstI.TP523465","2","75496167","0.0879","0.5534","A"
"4","Trait5","mrMLM","PstI.TP1272477","2","75556663","2.1727e-05","0.0048","A"
"4","Trait5","mrMLM","PstI.TP589928","2","75564388","4.5655e-07","9.9368e-05","G"
"4","Trait5","mrMLM","PstI.TP547023","2","75564773","0.1961","1.5831","C"
"4","Trait5","mrMLM","PstI.TP1084041","2","75593890","-0.362","1.4629","A"
"4","Trait5","mrMLM","NsiI.TP197655","2","75607433","-0.061","0.8048","C"
"4","Trait5","mrMLM","NsiI.TP421795","2","75631318","-1.7413e-05","0.0038","A"
"4","Trait5","mrMLM","NsiI.TP421794","2","75631332","-5.8026e-07","1e-04","A"
"4","Trait5","mrMLM","PstI.TP877840","2","75679813","-1.2271e-05","0.0027","C"
"4","Trait5","mrMLM","NsiI.TP592344","2","75689234","-6.3856e-06","0.0014","G"
"4","Trait5","mrMLM","PstI.TP124624","2","75731187","-0.0066","0.0835","A"
"4","Trait5","mrMLM","NsiI.TP144719","2","75734550","-1.2159e-05","0.0027","C"
"4","Trait5","mrMLM","NsiI.TP144720","2","75734552","0.0588","0.3281","C"
"4","Trait5","mrMLM","PstI.TP789962","2","75761816","2.259e-05","0.0049","A"
"4","Trait5","mrMLM","PstI.TP684616","2","75766042","0.138","0.8469","A"
"4","Trait5","mrMLM","NsiI.TP164112","2","75774037","-1.4925e-06","3e-04","A"
"4","Trait5","mrMLM","NsiI.TP621291","2","75792936","-7.8633e-06","0.0017","A"
"4","Trait5","mrMLM","PstI.TP1196760","2","75793874","1.952e-05","0.0043","G"
"4","Trait5","mrMLM","NsiI.TP345522","2","75795014","0.1291","1.2049","G"
"4","Trait5","mrMLM","NsiI.TP601663","2","75796926","-1.3695e-05","0.003","A"
"4","Trait5","mrMLM","NsiI.TP737776","2","75806835","-7.5786e-06","0.0017","A"
"4","Trait5","mrMLM","NsiI.TP557583","2","75812920","-0.0666","0.6893","C"
"4","Trait5","mrMLM","PstI.TP971823","2","75829543","-2.5019e-06","5e-04","C"
"4","Trait5","mrMLM","PstI.TP265153","2","75829578","-1.7826e-05","0.0039","A"
"4","Trait5","mrMLM","GFSSContig9424_249","2","75838782","1.528e-05","0.0033","T"
"4","Trait5","mrMLM","PstI.TP136412","2","75942141","2.8107e-05","0.0062","C"
"4","Trait5","mrMLM","NsiI.TP643544","2","75946500","-3.6833e-06","8e-04","G"
"4","Trait5","mrMLM","PstI.TP852382","2","75954470","-9.0485e-06","0.002","A"
"4","Trait5","mrMLM","PstI.TP1256498","2","75977176","0.002","0.0685","A"
"4","Trait5","mrMLM","NsiI.TP430472","2","76015342","1.0773e-06","2e-04","C"
"4","Trait5","mrMLM","PstI.TP1049469","2","76019458","-0.0754","0.5508","A"
"4","Trait5","mrMLM","NsiI.TP568758","2","76025770","2.0592e-05","0.0045","G"
"4","Trait5","mrMLM","PstI.TP377913","2","76045388","1.1896e-05","0.0026","C"
"4","Trait5","mrMLM","NsiI.TP367714","2","76046856","-0.0505","0.4573","A"
"4","Trait5","mrMLM","PstI.TP240569","2","76098555","1.3818e-05","0.003","A"
"4","Trait5","mrMLM","PstI.TP884600","2","76099857","1.0825e-06","2e-04","A"
"4","Trait5","mrMLM","PstI.TP879073","2","76104995","-6.1297e-06","0.0013","C"
"4","Trait5","mrMLM","NsiI.TP486731","2","76163097","1.0651e-05","0.0023","C"
"4","Trait5","mrMLM","PstI.TP542274","2","76164023","0.1547","0.8775","A"
"4","Trait5","mrMLM","PstI.TP888980","2","76169411","-1.5206e-05","0.0033","C"
"4","Trait5","mrMLM","NsiI.TP754476","2","76199690","-1.0626e-05","0.0023","A"
"4","Trait5","mrMLM","NsiI.TP504232","2","76200275","-3.5216e-05","0.0077","C"
"4","Trait5","mrMLM","NsiI.TP500086","2","76200338","1.4084e-05","0.0031","A"
"4","Trait5","mrMLM","NsiI.TP538641","2","76208251","2.573e-05","0.0056","A"
"4","Trait5","mrMLM","NsiI.TP729346","2","76241885","4.5382e-06","0.001","C"
"4","Trait5","mrMLM","PstI.TP988947","2","76243149","-0.1449","0.8014","C"
"4","Trait5","mrMLM","PstI.TP189657","2","76275837","0.1787","1.9482","A"
"4","Trait5","mrMLM","PstI.TP153500","2","76322220","0.1946","0.7857","A"
"4","Trait5","mrMLM","PstI.TP704538","2","76324550","-3.7717e-05","0.0083","C"
"4","Trait5","mrMLM","PstI.TP1027981","2","76324874","-1.0403e-06","2e-04","C"
"4","Trait5","mrMLM","NsiI.TP357145","2","76370252","3.7213e-05","0.0082","C"
"4","Trait5","mrMLM","NsiI.TP437870","2","76401588","-3.8207e-05","0.0084","A"
"4","Trait5","mrMLM","NsiI.TP39913","2","76409395","1.096e-05","0.0024","C"
"4","Trait5","mrMLM","NsiI.TP27442","2","76412261","-1.0334e-05","0.0023","A"
"4","Trait5","mrMLM","NsiI.TP631573","2","76412324","-2.0958e-05","0.0046","G"
"4","Trait5","mrMLM","NsiI.TP698937","2","76417589","-2.3134e-05","0.0051","A"
"4","Trait5","mrMLM","PstI.TP173053","2","76417730","-2.1879e-05","0.0048","C"
"4","Trait5","mrMLM","PstI.TP51270","2","76427354","-1.2286e-05","0.0027","A"
"4","Trait5","mrMLM","PstI.TP702471","2","76427378","1.182e-06","3e-04","A"
"4","Trait5","mrMLM","PstI.TP827535","2","76431310","1.1125e-05","0.0024","C"
"4","Trait5","mrMLM","NsiI.TP229104","2","76432095","3.7224e-05","0.0082","A"
"4","Trait5","mrMLM","PstI.TP211541","2","76435795","-1.1088e-05","0.0024","C"
"4","Trait5","mrMLM","NsiI.TP84709","2","76450766","-1.236e-06","3e-04","A"
"4","Trait5","mrMLM","NsiI.TP505147","2","76494500","1.4015e-05","0.0031","C"
"4","Trait5","mrMLM","NsiI.TP194036","2","76497332","4.6663e-06","0.001","C"
"4","Trait5","mrMLM","PstI.TP163131","2","76497375","-4.3911e-07","9.5581e-05","A"
"4","Trait5","mrMLM","PstI.TP1191737","2","76509702","4.8458e-06","0.0011","C"
"4","Trait5","mrMLM","PstI.TP1152304","2","76517421","4.5193e-05","0.01","A"
"4","Trait5","mrMLM","PstI.TP614480","2","76558600","-0.0317","0.4396","G"
"4","Trait5","mrMLM","NsiI.TP777122","2","76600394","6.4128e-07","1e-04","A"
"4","Trait5","mrMLM","NsiI.TP188998","2","76600741","-1.1709e-05","0.0026","A"
"4","Trait5","mrMLM","PstI.TP881184","2","76620224","-1.7918e-05","0.0039","A"
"4","Trait5","mrMLM","PstI.TP1171163","2","76656926","8.1996e-07","2e-04","C"
"4","Trait5","mrMLM","PstI.TP1226627","2","76679009","-0.1011","0.5185","A"
"4","Trait5","mrMLM","NsiI.TP521144","2","76682950","-0.0633","0.3854","C"
"4","Trait5","mrMLM","NsiI.TP413289","2","76684626","-8.307e-06","0.0018","A"
"4","Trait5","mrMLM","PstI.TP133896","2","76688457","-1.9929e-05","0.0044","A"
"4","Trait5","mrMLM","NsiI.TP439822","2","76701841","0.0467","0.1972","C"
"4","Trait5","mrMLM","NsiI.TP15808","2","76703925","-0.1289","0.8398","A"
"4","Trait5","mrMLM","PstI.TP669832","2","76707459","1.0774e-05","0.0024","C"
"4","Trait5","mrMLM","PstI.TP219830","2","76708479","-0.1914","1.1087","A"
"4","Trait5","mrMLM","PstI.TP255193","2","76708604","-0.0799","0.4339","A"
"4","Trait5","mrMLM","PstI.TP822549","2","76711758","3.088e-05","0.0068","C"
"4","Trait5","mrMLM","PstI.TP40831","2","76737443","2.9362e-05","0.0064","A"
"4","Trait5","mrMLM","PstI.TP360583","2","76751283","2.5356e-05","0.0056","A"
"4","Trait5","mrMLM","PstI.TP932728","2","76753489","9.1393e-06","0.002","C"
"4","Trait5","mrMLM","PstI.TP158137","2","76754889","-1.995e-05","0.0044","A"
"4","Trait5","mrMLM","PstI.TP159254","2","76754930","5.292e-06","0.0012","A"
"4","Trait5","mrMLM","NsiI.TP328196","2","76790121","-0.0153","0.1999","A"
"4","Trait5","mrMLM","NsiI.TP513342","2","76805949","0.0224","0.2522","C"
"4","Trait5","mrMLM","NsiI.TP662446","2","76810101","1.9626e-05","0.0043","C"
"4","Trait5","mrMLM","NsiI.TP431512","2","76812635","0.1149","1.4388","A"
"4","Trait5","mrMLM","PstI.TP378617","2","76813654","-2.3452e-05","0.0051","A"
"4","Trait5","mrMLM","NsiI.TP731576","2","76814620","-0.2679","1.569","C"
"4","Trait5","mrMLM","NsiI.TP523428","2","76817812","1.8471e-05","0.004","C"
"4","Trait5","mrMLM","NsiI.TP507453","2","76834675","0.0637","0.7081","G"
"4","Trait5","mrMLM","NsiI.TP111505","2","76892193","9.5536e-06","0.0021","A"
"4","Trait5","mrMLM","PstI.TP212651","2","76927155","-0.0487","0.3551","A"
"4","Trait5","mrMLM","NsiI.TP734809","2","76947994","0.0253","0.3328","C"
"4","Trait5","mrMLM","PstI.TP606677","2","76974488","-0.1056","0.8417","A"
"4","Trait5","mrMLM","PstI.TP684435","2","76993257","2.1362e-05","0.0047","A"
"4","Trait5","mrMLM","PstI.TP684437","2","76993284","-4.3543e-06","9e-04","A"
"4","Trait5","mrMLM","PstI.TP19604","2","77024130","-1.9694e-05","0.0043","G"
"4","Trait5","mrMLM","PstI.TP489365","2","77061474","0.0741","0.7551","A"
"4","Trait5","mrMLM","PstI.TP759089","2","77092893","-1.2492e-05","0.0027","G"
"4","Trait5","mrMLM","NsiI.TP773047","2","77106799","-3.6772e-06","8e-04","A"
"4","Trait5","mrMLM","NsiI.TP247457","2","77110708","1.6855e-05","0.0037","G"
"4","Trait5","mrMLM","NsiI.TP642629","2","77178723","-0.0825","0.4429","C"
"4","Trait5","mrMLM","PstI.TP309715","2","77178741","0.2012","0.9384","C"
"4","Trait5","mrMLM","PstI.TP247420","2","77186968","1.1627e-05","0.0025","C"
"4","Trait5","mrMLM","PstI.TP1102650","2","77204402","-1.4729e-05","0.0032","C"
"4","Trait5","mrMLM","NsiI.TP67391","2","77227185","-1.4039e-05","0.0031","A"
"4","Trait5","mrMLM","NsiI.TP267068","2","77239716","9.8401e-06","0.0021","G"
"4","Trait5","mrMLM","PstI.TP337812","2","77243776","2.9851e-05","0.0065","A"
"4","Trait5","mrMLM","NsiI.TP71273","2","77254780","1.6715e-05","0.0037","A"
"4","Trait5","mrMLM","PstI.TP682522","2","77263024","0.0359","0.358","C"
"4","Trait5","mrMLM","PstI.TP8259","2","77302082","-0.0507","0.4798","C"
"4","Trait5","mrMLM","PstI.TP270928","2","77316339","-1.4494e-05","0.0032","A"
"4","Trait5","mrMLM","NsiI.TP776707","2","77323616","-1.6084e-05","0.0035","A"
"4","Trait5","mrMLM","PstI.TP975510","2","77328545","0.0845","1.1533","A"
"4","Trait5","mrMLM","NsiI.TP415698","2","77335059","-1.8959e-05","0.0041","C"
"4","Trait5","mrMLM","PstI.TP1127936","2","77356479","-3.0448e-06","7e-04","C"
"4","Trait5","mrMLM","PstI.TP187879","2","77384233","-0.1623","0.8442","C"
"4","Trait5","mrMLM","NsiI.TP354396","2","77409816","-2.1683e-05","0.0047","C"
"4","Trait5","mrMLM","NsiI.TP556241","2","77429950","8.2817e-07","2e-04","C"
"4","Trait5","mrMLM","NsiI.TP254218","2","77444700","-1.2799e-05","0.0028","A"
"4","Trait5","mrMLM","PstI.TP1074694","2","77446111","-9.3445e-06","0.002","A"
"4","Trait5","mrMLM","NsiI.TP596373","2","77455296","-0.0863","0.8301","A"
"4","Trait5","mrMLM","PstI.TP915000","2","77458262","-2.0945e-05","0.0046","A"
"4","Trait5","mrMLM","NsiI.TP167690","2","77466163","-8.0741e-06","0.0018","C"
"4","Trait5","mrMLM","PstI.TP1249485","2","77478436","-1.6609e-06","4e-04","C"
"4","Trait5","mrMLM","NsiI.TP583078","2","77479141","-2.4731e-05","0.0054","A"
"4","Trait5","mrMLM","PstI.TP51382","2","77487440","-4.0857e-06","9e-04","A"
"4","Trait5","mrMLM","PstI.TP992580","2","77487725","-2.9933e-05","0.0066","G"
"4","Trait5","mrMLM","NsiI.TP29793","2","77504514","-1.2033e-05","0.0026","C"
"4","Trait5","mrMLM","PstI.TP1236628","2","77517498","2.5989e-05","0.0057","A"
"4","Trait5","mrMLM","PstI.TP40160","2","77518912","1.9398e-05","0.0042","G"
"4","Trait5","mrMLM","PstI.TP338015","2","77540960","9.5964e-06","0.0021","G"
"4","Trait5","mrMLM","PstI.TP819762","2","77563231","0.064","0.433","A"
"4","Trait5","mrMLM","PstI.TP208875","2","77571497","2.2062e-05","0.0048","C"
"4","Trait5","mrMLM","PstI.TP839994","2","77582128","5.2762e-06","0.0012","A"
"4","Trait5","mrMLM","PstI.TP1014630","2","77584126","1.1537e-06","3e-04","C"
"4","Trait5","mrMLM","NsiI.TP354177","2","77587295","-4.0081e-06","9e-04","A"
"4","Trait5","mrMLM","NsiI.TP363864","2","77610535","-1.622e-06","4e-04","C"
"4","Trait5","mrMLM","PstI.TP310027","2","77613740","-1.6295e-05","0.0036","G"
"4","Trait5","mrMLM","PstI.TP359102","2","77614014","-0.1259","0.6108","C"
"4","Trait5","mrMLM","NsiI.TP430643","2","77650726","1.4664e-05","0.0032","A"
"4","Trait5","mrMLM","PstI.TP1184179","3","25531","-1.6609e-05","0.0036","A"
"4","Trait5","mrMLM","PstI.TP1264040","3","25831","-0.0023","0.0389","C"
"4","Trait5","mrMLM","NsiI.TP340238","3","67622","1.0956e-05","0.0024","A"
"4","Trait5","mrMLM","PstI.TP238098","3","116442","2.6597e-05","0.0058","C"
"4","Trait5","mrMLM","NsiI.TP827492","3","136669","1.1428e-05","0.0025","G"
"4","Trait5","mrMLM","NsiI.TP421889","3","138526","-5.6703e-06","0.0012","A"
"4","Trait5","mrMLM","NsiI.TP578589","3","199949","-1.0327e-05","0.0023","A"
"4","Trait5","mrMLM","NsiI.TP436966","3","208286","4.9219e-07","1e-04","A"
"4","Trait5","mrMLM","NsiI.TP37195","3","231287","-1.3367e-05","0.0029","C"
"4","Trait5","mrMLM","GFSSContig12124_870","3","231933","-4.5018e-06","0.001","T"
"4","Trait5","mrMLM","PstI.TP813572","3","233118","3.8401e-07","8.3579e-05","C"
"4","Trait5","mrMLM","PstI.TP945778","3","233704","-2.6931e-05","0.0059","G"
"4","Trait5","mrMLM","PstI.TP1267260","3","273484","9.7319e-06","0.0021","A"
"4","Trait5","mrMLM","PstI.TP927956","3","304752","6.377e-06","0.0014","G"
"4","Trait5","mrMLM","NsiI.TP467042","3","307026","-1.295e-05","0.0028","C"
"4","Trait5","mrMLM","NsiI.TP388426","3","311330","3.8751e-06","8e-04","A"
"4","Trait5","mrMLM","PstI.TP1107212","3","326411","1.7323e-05","0.0038","G"
"4","Trait5","mrMLM","PstI.TP1273310","3","337611","1.5361e-05","0.0034","A"
"4","Trait5","mrMLM","PstI.TP899766","3","375733","0.0437","0.5316","A"
"4","Trait5","mrMLM","NsiI.TP307245","3","375733","1.1769e-05","0.0026","C"
"4","Trait5","mrMLM","NsiI.TP808690","3","387577","0.0413","0.2875","A"
"4","Trait5","mrMLM","NsiI.TP45036","3","389776","4.1216e-06","9e-04","A"
"4","Trait5","mrMLM","PstI.TP436194","3","390179","-3.4682e-07","7.5483e-05","A"
"4","Trait5","mrMLM","PstI.TP269152","3","390266","-1.9786e-05","0.0043","A"
"4","Trait5","mrMLM","PstI.TP889699","3","395043","7.6987e-06","0.0017","C"
"4","Trait5","mrMLM","NsiI.TP716235","3","401571","-0.377","2.2926","A"
"4","Trait5","mrMLM","GFSSContig4415_344","3","418331","-2.8478e-05","0.0062","A"
"4","Trait5","mrMLM","PstI.TP1283869","3","431620","-3.8913e-05","0.0086","C"
"4","Trait5","mrMLM","GFSSContig11879_277","3","432163","4.1015e-06","9e-04","A"
"4","Trait5","mrMLM","NsiI.TP378526","3","465733","-1.8505e-05","0.004","A"
"4","Trait5","mrMLM","NsiI.TP533643","3","471619","-4.1216e-06","9e-04","A"
"4","Trait5","mrMLM","PstI.TP624906","3","472608","-9.1448e-06","0.002","A"
"4","Trait5","mrMLM","NsiI.TP690773","3","474392","2.0054e-05","0.0044","A"
"4","Trait5","mrMLM","NsiI.TP39838","3","515389","8.4626e-06","0.0018","A"
"4","Trait5","mrMLM","PstI.TP817093","3","515909","-0.073","0.2704","A"
"4","Trait5","mrMLM","NsiI.TP107039","3","530352","-2.5857e-05","0.0057","G"
"4","Trait5","mrMLM","PstI.TP1102391","3","553598","0.0423","0.3658","C"
"4","Trait5","mrMLM","PstI.TP992560","3","554935","7.9774e-06","0.0017","C"
"4","Trait5","mrMLM","NsiI.TP743447","3","562900","1.9541e-05","0.0043","A"
"4","Trait5","mrMLM","NsiI.TP39892","3","574631","9e-04","0.0471","C"
"4","Trait5","mrMLM","NsiI.TP152677","3","602439","0.2023","1.5791","A"
"4","Trait5","mrMLM","NsiI.TP735814","3","634224","1.1401e-05","0.0025","C"
"4","Trait5","mrMLM","GFSSContig1614_738","3","645241","-0.0426","0.4065","T"
"4","Trait5","mrMLM","PstI.TP235775","3","671330","4.2321e-06","9e-04","C"
"4","Trait5","mrMLM","PstI.TP869606","3","671922","-3.0258e-05","0.0066","C"
"4","Trait5","mrMLM","PstI.TP858135","3","671946","-0.0748","0.8686","C"
"4","Trait5","mrMLM","PstI.TP987920","3","679807","-2.1342e-05","0.0047","C"
"4","Trait5","mrMLM","PstI.TP693626","3","692292","2.0501e-05","0.0045","A"
"4","Trait5","mrMLM","PstI.TP1049281","3","705558","2.8169e-06","6e-04","A"
"4","Trait5","mrMLM","PstI.TP620526","3","716710","0.0355","0.3304","C"
"4","Trait5","mrMLM","PstI.TP244561","3","727644","2.7195e-05","0.006","A"
"4","Trait5","mrMLM","PstI.TP910515","3","799187","3.0195e-05","0.0066","A"
"4","Trait5","mrMLM","NsiI.TP326716","3","808949","1.2849e-05","0.0028","A"
"4","Trait5","mrMLM","PstI.TP664741","3","811979","-0.008","0.1198","A"
"4","Trait5","mrMLM","NsiI.TP819455","3","863872","2.8386e-05","0.0062","C"
"4","Trait5","mrMLM","NsiI.TP622394","3","880552","-5.4487e-06","0.0012","A"
"4","Trait5","mrMLM","PstI.TP15204","3","912527","-2.9178e-05","0.0064","C"
"4","Trait5","mrMLM","PstI.TP922943","3","924284","1.4833e-05","0.0032","A"
"4","Trait5","mrMLM","NsiI.TP565172","3","944664","-4.2268e-05","0.0093","A"
"4","Trait5","mrMLM","NsiI.TP65419","3","945902","-2.1307e-05","0.0047","C"
"4","Trait5","mrMLM","PstI.TP424908","3","951072","-1.9364e-05","0.0042","C"
"4","Trait5","mrMLM","NsiI.TP715791","3","960930","-3.2041e-06","7e-04","A"
"4","Trait5","mrMLM","NsiI.TP409408","3","987525","-3.4236e-06","7e-04","C"
"4","Trait5","mrMLM","PstI.TP109994","3","998411","-5.1843e-07","1e-04","C"
"4","Trait5","mrMLM","PstI.TP1271315","3","1000218","1.1565e-05","0.0025","A"
"4","Trait5","mrMLM","PstI.TP1170092","3","1000269","1.7692e-06","4e-04","C"
"4","Trait5","mrMLM","PstI.TP12165","3","1009062","-2.1854e-05","0.0048","C"
"4","Trait5","mrMLM","PstI.TP1242958","3","1063940","-0.0978","1.0324","A"
"4","Trait5","mrMLM","PstI.TP506855","3","1076083","4.7203e-06","0.001","A"
"4","Trait5","mrMLM","NsiI.TP202398","3","1077848","1.1046e-05","0.0024","A"
"4","Trait5","mrMLM","NsiI.TP608366","3","1136404","-6.8113e-06","0.0015","C"
"4","Trait5","mrMLM","PstI.TP1203665","3","1140451","-1.4945e-05","0.0033","G"
"4","Trait5","mrMLM","PstI.TP1030217","3","1141809","0.0574","0.4876","G"
"4","Trait5","mrMLM","PstI.TP829848","3","1169406","-2.6759e-06","6e-04","A"
"4","Trait5","mrMLM","PstI.TP177818","3","1173132","6.7242e-07","1e-04","A"
"4","Trait5","mrMLM","PstI.TP150305","3","1174820","0.1083","0.6422","A"
"4","Trait5","mrMLM","PstI.TP222580","3","1218572","-0.0381","0.5537","A"
"4","Trait5","mrMLM","NsiI.TP636002","3","1219431","8.4884e-06","0.0019","C"
"4","Trait5","mrMLM","PstI.TP792213","3","1228699","3.3051e-06","7e-04","C"
"4","Trait5","mrMLM","NsiI.TP625668","3","1228713","1.7603e-05","0.0038","C"
"4","Trait5","mrMLM","NsiI.TP484790","3","1230186","-2.0679e-05","0.0045","A"
"4","Trait5","mrMLM","PstI.TP469036","3","1239679","-2.8921e-06","6e-04","A"
"4","Trait5","mrMLM","PstI.TP981662","3","1256836","3e-04","0.019","A"
"4","Trait5","mrMLM","PstI.TP864763","3","1256958","-1.2911e-05","0.0028","C"
"4","Trait5","mrMLM","NsiI.TP580217","3","1283470","-2.1457e-06","5e-04","C"
"4","Trait5","mrMLM","NsiI.TP233159","3","1290506","0.0376","0.2424","C"
"4","Trait5","mrMLM","PstI.TP851527","3","1292449","-1.0161e-05","0.0022","A"
"4","Trait5","mrMLM","NsiI.TP797203","3","1292686","0.2136","1.1617","C"
"4","Trait5","mrMLM","NsiI.TP307068","3","1307996","-5.8405e-07","1e-04","G"
"4","Trait5","mrMLM","PstI.TP799869","3","1332119","0.1041","0.931","A"
"4","Trait5","mrMLM","PstI.TP276179","3","1344299","0.0632","0.6558","C"
"4","Trait5","mrMLM","PstI.TP293017","3","1347786","0.0348","0.4624","A"
"4","Trait5","mrMLM","NsiI.TP34738","3","1405293","-0.0588","0.3238","G"
"4","Trait5","mrMLM","NsiI.TP439833","3","1409062","-2.0848e-05","0.0046","C"
"4","Trait5","mrMLM","PstI.TP320876","3","1436337","4.9846e-05","0.0103","A"
"4","Trait5","mrMLM","PstI.TP749748","3","1436383","3.1537e-05","0.0069","A"
"4","Trait5","mrMLM","PstI.TP875104","3","1447825","1.6106e-05","0.0035","A"
"4","Trait5","mrMLM","PstI.TP974423","3","1448580","-1.3774e-05","0.003","C"
"4","Trait5","mrMLM","NsiI.TP471154","3","1453865","-0.0279","0.2247","C"
"4","Trait5","mrMLM","PstI.TP993168","3","1456902","-1.22e-05","0.0027","G"
"4","Trait5","mrMLM","NsiI.TP521868","3","1462770","6.6846e-06","0.0015","C"
"4","Trait5","mrMLM","PstI.TP802117","3","1469017","-1.2676e-05","0.0028","A"
"4","Trait5","mrMLM","PstI.TP671650","3","1491598","-8.5669e-06","0.0019","G"
"4","Trait5","mrMLM","NsiI.TP681352","3","1496392","4.4922e-06","0.001","C"
"4","Trait5","mrMLM","NsiI.TP7824","3","1497822","0.1105","1.0198","G"
"4","Trait5","mrMLM","PstI.TP487778","3","1541283","8.3013e-06","0.0018","C"
"4","Trait5","mrMLM","PstI.TP1175375","3","1541888","-1.9455e-05","0.0043","A"
"4","Trait5","mrMLM","PstI.TP579357","3","1555869","-0.0187","0.2075","C"
"4","Trait5","mrMLM","GFSSContig5486_299","3","1574810","2.7583e-05","0.006","A"
"4","Trait5","mrMLM","PstI.TP1157898","3","1576323","0.1554","0.8944","A"
"4","Trait5","mrMLM","PstI.TP1004455","3","1576742","2.8576e-06","6e-04","C"
"4","Trait5","mrMLM","PstI.TP80558","3","1581858","-0.0166","0.18","C"
"4","Trait5","mrMLM","PstI.TP5709","3","1593159","1.4228e-06","3e-04","C"
"4","Trait5","mrMLM","PstI.TP675948","3","1596822","1.0334e-05","0.0023","A"
"4","Trait5","mrMLM","NsiI.TP36902","3","1611928","-1.4075e-06","3e-04","A"
"4","Trait5","mrMLM","NsiI.TP475463","3","1613406","-0.1703","1.047","A"
"4","Trait5","mrMLM","PstI.TP225552","3","1637273","-1.039e-05","0.0023","C"
"4","Trait5","mrMLM","NsiI.TP471227","3","1655623","-6.2687e-07","1e-04","A"
"4","Trait5","mrMLM","NsiI.TP471228","3","1655636","-3.4632e-05","0.0076","G"
"4","Trait5","mrMLM","PstI.TP387942","3","1681133","1.5493e-05","0.0034","C"
"4","Trait5","mrMLM","PstI.TP387943","3","1681135","2.5323e-06","6e-04","C"
"4","Trait5","mrMLM","PstI.TP933571","3","1703532","-3.9119e-06","9e-04","C"
"4","Trait5","mrMLM","NsiI.TP517340","3","1719309","-2.2585e-05","0.0049","A"
"4","Trait5","mrMLM","NsiI.TP493930","3","1747107","1.8565e-05","0.0041","C"
"4","Trait5","mrMLM","PstI.TP1224612","3","1747110","9.2135e-06","0.002","A"
"4","Trait5","mrMLM","NsiI.TP468338","3","1770761","-2.003e-05","0.0044","C"
"4","Trait5","mrMLM","NsiI.TP629723","3","1773449","0.1152","0.7346","C"
"4","Trait5","mrMLM","PstI.TP275635","3","1773752","0.1346","0.5807","A"
"4","Trait5","mrMLM","PstI.TP224541","3","1782299","0.1683","0.7022","A"
"4","Trait5","mrMLM","PstI.TP364848","3","1784739","-1.8147e-06","4e-04","C"
"4","Trait5","mrMLM","NsiI.TP391574","3","1786357","0.1034","1.0421","A"
"4","Trait5","mrMLM","PstI.TP1096280","3","1833730","0.0201","0.1843","A"
"4","Trait5","mrMLM","NsiI.TP304764","3","1836392","0.0741","0.5497","C"
"4","Trait5","mrMLM","NsiI.TP210276","3","1836480","-3.9416e-06","9e-04","A"
"4","Trait5","mrMLM","PstI.TP356238","3","1849836","-0.0447","0.5201","A"
"4","Trait5","mrMLM","NsiI.TP473363","3","1866168","-0.0668","0.4156","A"
"4","Trait5","mrMLM","NsiI.TP473364","3","1866183","0.0818","0.4771","A"
"4","Trait5","mrMLM","PstI.TP1064534","3","1870807","-0.0674","0.4179","G"
"4","Trait5","mrMLM","PstI.TP1064580","3","1870844","0.2139","1.4418","G"
"4","Trait5","mrMLM","PstI.TP26379","3","1904189","-9.8231e-07","2e-04","G"
"4","Trait5","mrMLM","PstI.TP877451","3","1927412","0.0143","0.132","C"
"4","Trait5","mrMLM","PstI.TP71583","3","1929402","0.1075","0.5905","C"
"4","Trait5","mrMLM","PstI.TP1253947","3","1935992","-8.3149e-06","0.0018","A"
"4","Trait5","mrMLM","NsiI.TP555693","3","1937329","-3.1601e-05","0.0069","A"
"4","Trait5","mrMLM","PstI.TP542244","3","1937468","-1.5634e-05","0.0034","C"
"4","Trait5","mrMLM","PstI.TP542404","3","1937470","-0.0504","0.3866","A"
"4","Trait5","mrMLM","NsiI.TP39366","3","1939898","-5.7461e-06","0.0013","A"
"4","Trait5","mrMLM","NsiI.TP634953","3","1945759","-1.0721e-05","0.0023","C"
"4","Trait5","mrMLM","PstI.TP166481","3","1960833","-2.2521e-05","0.0049","A"
"4","Trait5","mrMLM","PstI.TP707831","3","1962270","0.0971","1.1341","C"
"4","Trait5","mrMLM","NsiI.TP281134","3","1974705","-0.1727","0.9022","A"
"4","Trait5","mrMLM","PstI.TP195562","3","2002525","-0.0975","0.6237","A"
"4","Trait5","mrMLM","PstI.TP1289056","3","2011598","-1.7932e-05","0.0039","A"
"4","Trait5","mrMLM","NsiI.TP678565","3","2012974","3.4994e-05","0.0077","A"
"4","Trait5","mrMLM","PstI.TP481318","3","2024165","-0.1205","0.7411","G"
"4","Trait5","mrMLM","NsiI.TP213627","3","2064923","-1.6789e-05","0.0037","G"
"4","Trait5","mrMLM","PstI.TP124100","3","2071615","1.931e-05","0.0042","G"
"4","Trait5","mrMLM","NsiI.TP642503","3","2116537","1.1984e-05","0.0026","A"
"4","Trait5","mrMLM","NsiI.TP337762","3","2117374","0.1132","0.6892","A"
"4","Trait5","mrMLM","NsiI.TP213960","3","2122907","1.9148e-05","0.0042","C"
"4","Trait5","mrMLM","PstI.TP267556","3","2124660","5.1466e-06","0.0011","A"
"4","Trait5","mrMLM","NsiI.TP576394","3","2140335","-1.281e-05","0.0028","C"
"4","Trait5","mrMLM","NsiI.TP816454","3","2141105","-8.3421e-06","0.0018","A"
"4","Trait5","mrMLM","NsiI.TP624113","3","2144767","1.3844e-05","0.003","G"
"4","Trait5","mrMLM","PstI.TP1236623","3","2150758","0.0919","0.6103","C"
"4","Trait5","mrMLM","NsiI.TP144348","3","2152221","-1.624e-05","0.0035","A"
"4","Trait5","mrMLM","NsiI.TP144962","3","2170945","-7.5023e-07","2e-04","A"
"4","Trait5","mrMLM","PstI.TP444619","3","2190567","0.0719","0.7111","G"
"4","Trait5","mrMLM","PstI.TP629964","3","2191405","-9.31e-06","0.002","C"
"4","Trait5","mrMLM","PstI.TP459717","3","2206366","0.2388","1.8879","C"
"4","Trait5","mrMLM","PstI.TP463361","3","2206400","5.7788e-06","0.0013","C"
"4","Trait5","mrMLM","PstI.TP786016","3","2229779","1.3894e-06","3e-04","A"
"4","Trait5","mrMLM","PstI.TP705742","3","2247166","-0.0229","0.2074","A"
"4","Trait5","mrMLM","NsiI.TP574642","3","2257023","-3.2173e-06","7e-04","C"
"4","Trait5","mrMLM","PstI.TP630828","3","2257100","-0.1378","0.7388","C"
"4","Trait5","mrMLM","NsiI.TP280924","3","2257121","-1.3089e-05","0.0029","A"
"4","Trait5","mrMLM","PstI.TP232414","3","2271933","5.684e-06","0.0012","A"
"4","Trait5","mrMLM","PstI.TP365886","3","2326972","-1.3004e-05","0.0028","C"
"4","Trait5","mrMLM","NsiI.TP822804","3","2337899","2.3055e-05","0.005","A"
"4","Trait5","mrMLM","PstI.TP758501","3","2339350","-0.0067","0.0871","G"
"4","Trait5","mrMLM","PstI.TP1112030","3","2344602","-4.4297e-06","0.001","A"
"4","Trait5","mrMLM","NsiI.TP203846","3","2352210","-1.4699e-05","0.0032","A"
"4","Trait5","mrMLM","NsiI.TP291485","3","2359806","0.0091","0.1692","A"
"4","Trait5","mrMLM","PstI.TP473143","3","2361003","7.6255e-06","0.0017","C"
"4","Trait5","mrMLM","NsiI.TP499978","3","2384016","1.1007e-05","0.0024","G"
"4","Trait5","mrMLM","NsiI.TP136164","3","2387796","3.2975e-05","0.0072","G"
"4","Trait5","mrMLM","PstI.TP390367","3","2402925","0.0162","0.202","A"
"4","Trait5","mrMLM","PstI.TP774514","3","2411196","-0.1012","0.5615","A"
"4","Trait5","mrMLM","PstI.TP487081","3","2424586","0.0827","0.6274","C"
"4","Trait5","mrMLM","PstI.TP209814","3","2426320","-9.6155e-07","2e-04","A"
"4","Trait5","mrMLM","NsiI.TP530135","3","2432669","0.0244","0.1843","C"
"4","Trait5","mrMLM","NsiI.TP545362","3","2432670","-5.2607e-06","0.0011","A"
"4","Trait5","mrMLM","NsiI.TP571965","3","2432698","-8.1003e-06","0.0018","A"
"4","Trait5","mrMLM","NsiI.TP608855","3","2436065","-2.3373e-07","5.0874e-05","A"
"4","Trait5","mrMLM","NsiI.TP114895","3","2441296","-0.1085","0.6372","C"
"4","Trait5","mrMLM","PstI.TP162483","3","2449555","0.4631","1.9825","A"
"4","Trait5","mrMLM","NsiI.TP286990","3","2450030","2.1013e-05","0.0046","A"
"4","Trait5","mrMLM","PstI.TP718639","3","2454790","0.1059","0.4419","A"
"4","Trait5","mrMLM","PstI.TP718641","3","2454794","-0.0478","0.2936","C"
"4","Trait5","mrMLM","NsiI.TP239837","3","2466199","9.0518e-06","0.002","A"
"4","Trait5","mrMLM","PstI.TP1179525","3","2466208","0.0752","0.7718","A"
"4","Trait5","mrMLM","PstI.TP937639","3","2497513","0.026","0.2998","C"
"4","Trait5","mrMLM","PstI.TP1016514","3","2500893","1.7147e-07","3.7317e-05","C"
"4","Trait5","mrMLM","NsiI.TP429461","3","2501436","-0.0989","1.1344","A"
"4","Trait5","mrMLM","PstI.TP789303","3","2503265","0.0365","0.2867","A"
"4","Trait5","mrMLM","NsiI.TP361448","3","2513057","-0.0602","0.6139","C"
"4","Trait5","mrMLM","NsiI.TP653780","3","2515654","7.498e-06","0.0016","A"
"4","Trait5","mrMLM","PstI.TP545419","3","2528853","-2.974e-05","0.0065","C"
"4","Trait5","mrMLM","PstI.TP985611","3","2531572","-9.5104e-06","0.0021","A"
"4","Trait5","mrMLM","NsiI.TP450693","3","2531716","-2.4989e-05","0.0055","C"
"4","Trait5","mrMLM","NsiI.TP215469","3","2544043","-6.2879e-07","1e-04","C"
"4","Trait5","mrMLM","NsiI.TP828786","3","2547753","1.5691e-06","3e-04","A"
"4","Trait5","mrMLM","NsiI.TP35048","3","2574192","5.0188e-06","0.0011","C"
"4","Trait5","mrMLM","PstI.TP513843","3","2577255","0.1121","1.3833","A"
"4","Trait5","mrMLM","PstI.TP1264009","3","2578481","-0.0104","0.1955","A"
"4","Trait5","mrMLM","PstI.TP1264005","3","2578488","0.0822","0.595","C"
"4","Trait5","mrMLM","NsiI.TP4993","3","2582440","-4.7786e-06","0.001","C"
"4","Trait5","mrMLM","NsiI.TP474263","3","2590476","-0.0043","0.0914","C"
"4","Trait5","mrMLM","NsiI.TP137236","3","2590858","1.3245e-05","0.0029","G"
"4","Trait5","mrMLM","PstI.TP1237994","3","2598519","-1.3933e-05","0.003","A"
"4","Trait5","mrMLM","PstI.TP1026630","3","2602309","1.0873e-05","0.0024","C"
"4","Trait5","mrMLM","PstI.TP1010623","3","2603844","-0.0401","0.1816","C"
"4","Trait5","mrMLM","NsiI.TP176258","3","2605958","-1.1768e-06","3e-04","A"
"4","Trait5","mrMLM","PstI.TP209007","3","2643667","-0.3671","1.9319","A"
"4","Trait5","mrMLM","NsiI.TP631512","3","2655138","7.2512e-06","0.0016","A"
"4","Trait5","mrMLM","PstI.TP65271","3","2656013","-0.1229","0.9517","G"
"4","Trait5","mrMLM","NsiI.TP441693","3","2660294","-2.7961e-05","0.0061","C"
"4","Trait5","mrMLM","NsiI.TP328094","3","2696940","8.3303e-06","0.0018","A"
"4","Trait5","mrMLM","PstI.TP33762","3","2698512","-1.1109e-05","0.0024","C"
"4","Trait5","mrMLM","PstI.TP1227919","3","2709559","7.5556e-06","0.0016","C"
"4","Trait5","mrMLM","PstI.TP1248285","3","2715263","-1.1933e-05","0.0026","C"
"4","Trait5","mrMLM","PstI.TP1248288","3","2715385","-5.1814e-06","0.0011","A"
"4","Trait5","mrMLM","PstI.TP774685","3","2733446","2.6299e-06","6e-04","A"
"4","Trait5","mrMLM","NsiI.TP811577","3","2742014","0.0844","0.3487","A"
"4","Trait5","mrMLM","GFSSContig17910_784","3","2745496","0.0307","0.2539","T"
"4","Trait5","mrMLM","GFSSContig17910_1353","3","2746068","-0.0078","0.1131","T"
"4","Trait5","mrMLM","PstI.TP577228","3","2746408","-1.8243e-05","0.004","A"
"4","Trait5","mrMLM","PstI.TP300113","3","2789209","-4.3533e-06","9e-04","C"
"4","Trait5","mrMLM","PstI.TP1184603","3","2835614","2.0151e-06","4e-04","G"
"4","Trait5","mrMLM","NsiI.TP395621","3","2835995","1.577e-06","3e-04","C"
"4","Trait5","mrMLM","PstI.TP48802","3","2871140","0.0774","0.8376","A"
"4","Trait5","mrMLM","PstI.TP1154932","3","2876006","-3.9621e-07","8.6237e-05","A"
"4","Trait5","mrMLM","PstI.TP1244899","3","2879279","-5.2577e-06","0.0011","C"
"4","Trait5","mrMLM","NsiI.TP273494","3","2899907","0.0137","0.1057","C"
"4","Trait5","mrMLM","PstI.TP1257104","3","2916484","-3.3465e-05","0.0073","A"
"4","Trait5","mrMLM","PstI.TP372286","3","2927462","-1.8985e-05","0.0042","C"
"4","Trait5","mrMLM","NsiI.TP482724","3","2931654","0.186","0.9846","A"
"4","Trait5","mrMLM","NsiI.TP476437","3","2931662","3.5495e-06","8e-04","C"
"4","Trait5","mrMLM","NsiI.TP476438","3","2931700","0.0391","0.3898","C"
"4","Trait5","mrMLM","NsiI.TP633852","3","2933212","2.7138e-06","6e-04","A"
"4","Trait5","mrMLM","NsiI.TP279524","3","2933257","0.3204","1.799","A"
"4","Trait5","mrMLM","PstI.TP172254","3","2936250","0.3034","0.9315","C"
"4","Trait5","mrMLM","NsiI.TP145615","3","2940500","3.5216e-05","0.0077","C"
"4","Trait5","mrMLM","NsiI.TP291060","3","2944113","1.7583e-05","0.0038","A"
"4","Trait5","mrMLM","NsiI.TP583450","3","2956396","-1.6135e-05","0.0035","C"
"4","Trait5","mrMLM","PstI.TP452304","3","2977792","-8.5943e-06","0.0019","A"
"4","Trait5","mrMLM","NsiI.TP77263","3","2980178","-5.3107e-07","1e-04","A"
"4","Trait5","mrMLM","PstI.TP1237477","3","2980305","-0.1231","1.1294","A"
"4","Trait5","mrMLM","PstI.TP968973","3","2980616","-2.5454e-06","6e-04","A"
"4","Trait5","mrMLM","NsiI.TP702580","3","2998523","-3.9876e-05","0.0088","G"
"4","Trait5","mrMLM","PstI.TP1140972","3","3019093","8.0513e-06","0.0018","A"
"4","Trait5","mrMLM","PstI.TP1111956","3","3037451","-1.6548e-05","0.0036","C"
"4","Trait5","mrMLM","PstI.TP74282","3","3037521","-1.0542e-06","2e-04","C"
"4","Trait5","mrMLM","NsiI.TP412276","3","3066703","-1.7177e-05","0.0038","A"
"4","Trait5","mrMLM","NsiI.TP436526","3","3069793","-9.5772e-07","2e-04","C"
"4","Trait5","mrMLM","NsiI.TP747304","3","3069848","-1.7982e-05","0.0039","A"
"4","Trait5","mrMLM","PstI.TP698798","3","3070871","3.1602e-05","0.0069","G"
"4","Trait5","mrMLM","PstI.TP42309","3","3090020","4.9596e-06","0.0011","A"
"4","Trait5","mrMLM","PstI.TP688603","3","3090055","-1.833e-05","0.004","A"
"4","Trait5","mrMLM","NsiI.TP431155","3","3090982","-7.5842e-06","0.0017","G"
"4","Trait5","mrMLM","NsiI.TP431097","3","3091013","8.6573e-06","0.0019","A"
"4","Trait5","mrMLM","PstI.TP679708","3","3094454","1.9242e-05","0.0042","A"
"4","Trait5","mrMLM","NsiI.TP694670","3","3095021","0.0206","0.2907","C"
"4","Trait5","mrMLM","NsiI.TP654253","3","3101084","-2.1306e-05","0.0047","A"
"4","Trait5","mrMLM","PstI.TP995914","3","3105777","-1.1474e-05","0.0025","C"
"4","Trait5","mrMLM","NsiI.TP214429","3","3105834","7.5087e-07","2e-04","C"
"4","Trait5","mrMLM","PstI.TP51833","3","3112047","-2.4833e-05","0.0054","C"
"4","Trait5","mrMLM","NsiI.TP173065","3","3112906","-1.5978e-05","0.0035","A"
"4","Trait5","mrMLM","NsiI.TP151793","3","3127334","-0.1414","1.4178","C"
"4","Trait5","mrMLM","PstI.TP910330","3","3127837","-2.3245e-05","0.0051","C"
"4","Trait5","mrMLM","PstI.TP149809","3","3132048","-6.609e-07","1e-04","C"
"4","Trait5","mrMLM","NsiI.TP609368","3","3167228","-5.7488e-06","0.0013","C"
"4","Trait5","mrMLM","NsiI.TP601690","3","3202526","1.3862e-05","0.003","C"
"4","Trait5","mrMLM","NsiI.TP236682","3","3205785","-5.2152e-06","0.0011","A"
"4","Trait5","mrMLM","PstI.TP696999","3","3227877","0.142","1.0925","A"
"4","Trait5","mrMLM","NsiI.TP433606","3","3236633","2.9136e-05","0.0064","A"
"4","Trait5","mrMLM","PstI.TP190927","3","3236781","3.2023e-05","0.007","C"
"4","Trait5","mrMLM","NsiI.TP409255","3","3241188","-0.0211","0.13","A"
"4","Trait5","mrMLM","PstI.TP1114836","3","3245214","1.6817e-05","0.0037","C"
"4","Trait5","mrMLM","PstI.TP747046","3","3250215","0.0928","0.5802","A"
"4","Trait5","mrMLM","PstI.TP761602","3","3266703","-7.1366e-06","0.0016","C"
"4","Trait5","mrMLM","NsiI.TP331580","3","3282415","0.2481","1.6293","A"
"4","Trait5","mrMLM","PstI.TP1128689","3","3289133","-4.0345e-06","9e-04","A"
"4","Trait5","mrMLM","PstI.TP501227","3","3306422","0.0142","0.2067","A"
"4","Trait5","mrMLM","PstI.TP580141","3","3309801","-2.2847e-06","5e-04","C"
"4","Trait5","mrMLM","PstI.TP1140756","3","3314015","9.4803e-06","0.0021","A"
"4","Trait5","mrMLM","PstI.TP530763","3","3316912","0.018","0.2381","C"
"4","Trait5","mrMLM","PstI.TP1158544","3","3329218","-1.4295e-05","0.0031","A"
"4","Trait5","mrMLM","NsiI.TP331651","3","3354634","5.5199e-06","0.0012","C"
"4","Trait5","mrMLM","PstI.TP19139","3","3373248","-1.2003e-06","3e-04","C"
"4","Trait5","mrMLM","NsiI.TP596051","3","3373268","3.702e-05","0.0081","C"
"4","Trait5","mrMLM","PstI.TP603772","3","3389590","-2.6798e-05","0.0059","C"
"4","Trait5","mrMLM","PstI.TP207713","3","3436667","-0.0518","0.7209","C"
"4","Trait5","mrMLM","PstI.TP365053","3","3451546","-1.3014e-05","0.0028","C"
"4","Trait5","mrMLM","NsiI.TP560610","3","3458135","-1.5465e-06","3e-04","C"
"4","Trait5","mrMLM","NsiI.TP34748","3","3480743","-1.821e-05","0.004","A"
"4","Trait5","mrMLM","NsiI.TP493151","3","3481929","-1.3547e-05","0.003","C"
"4","Trait5","mrMLM","NsiI.TP796345","3","3481969","1.1623e-06","3e-04","C"
"4","Trait5","mrMLM","NsiI.TP796346","3","3481975","0.0141","0.1308","A"
"4","Trait5","mrMLM","PstI.TP1014785","3","3504439","0.2127","1.0182","A"
"4","Trait5","mrMLM","NsiI.TP83663","3","3507089","3.025e-05","0.0066","C"
"4","Trait5","mrMLM","PstI.TP19943","3","3508127","-1.4086e-05","0.0031","A"
"4","Trait5","mrMLM","NsiI.TP384364","3","3518092","-1.1304e-05","0.0025","G"
"4","Trait5","mrMLM","NsiI.TP560478","3","3520612","1.3965e-05","0.003","A"
"4","Trait5","mrMLM","PstI.TP926743","3","3522183","0.0296","0.2361","G"
"4","Trait5","mrMLM","NsiI.TP833923","3","3523257","6.3645e-06","0.0014","C"
"4","Trait5","mrMLM","PstI.TP1032333","3","3528771","0.0776","0.6889","G"
"4","Trait5","mrMLM","NsiI.TP178866","3","3528771","0.0607","0.4893","G"
"4","Trait5","mrMLM","NsiI.TP743545","3","3546784","2.3554e-05","0.0052","A"
"4","Trait5","mrMLM","PstI.TP1122217","3","3554938","1.6788e-05","0.0037","C"
"4","Trait5","mrMLM","NsiI.TP797217","3","3555708","-5.4616e-06","0.0012","C"
"4","Trait5","mrMLM","PstI.TP1123380","3","3557266","-0.174","1.2138","A"
"4","Trait5","mrMLM","PstI.TP1168316","3","3573386","0.0767","0.5588","A"
"4","Trait5","mrMLM","PstI.TP120517","3","3584004","-1.7922e-05","0.0039","G"
"4","Trait5","mrMLM","NsiI.TP217838","3","3586934","0.1735","1.0792","C"
"4","Trait5","mrMLM","NsiI.TP677022","3","3602878","0.0069","0.0822","G"
"4","Trait5","mrMLM","NsiI.TP139627","3","3612807","2.2487e-05","0.0049","A"
"4","Trait5","mrMLM","PstI.TP1080621","3","3657091","-7.6831e-06","0.0017","C"
"4","Trait5","mrMLM","PstI.TP638471","3","3671264","0.0299","0.1826","C"
"4","Trait5","mrMLM","PstI.TP831757","3","3676028","-0.1274","0.8389","A"
"4","Trait5","mrMLM","PstI.TP831752","3","3676042","6.8546e-06","0.0015","G"
"4","Trait5","mrMLM","PstI.TP676875","3","3702504","0.1249","1.6181","C"
"4","Trait5","mrMLM","NsiI.TP570976","3","3711018","0.0395","0.4363","G"
"4","Trait5","mrMLM","PstI.TP937953","3","3716534","0.0541","0.297","A"
"4","Trait5","mrMLM","PstI.TP906726","3","3716611","0.1298","0.774","C"
"4","Trait5","mrMLM","NsiI.TP47925","3","3717046","-2.7154e-06","6e-04","C"
"4","Trait5","mrMLM","PstI.TP1277784","3","3752097","2.6174e-07","5.6965e-05","A"
"4","Trait5","mrMLM","PstI.TP1289979","3","3775660","3.3038e-06","7e-04","C"
"4","Trait5","mrMLM","PstI.TP865836","3","3784055","8.3984e-06","0.0018","A"
"4","Trait5","mrMLM","NsiI.TP476794","3","3789076","1.0006e-05","0.0022","C"
"4","Trait5","mrMLM","NsiI.TP239366","3","3842671","1.6467e-05","0.0036","G"
"4","Trait5","mrMLM","NsiI.TP4640","3","3845881","-2.1357e-06","5e-04","C"
"4","Trait5","mrMLM","NsiI.TP17375","3","3866471","0.0872","0.7927","C"
"4","Trait5","mrMLM","NsiI.TP774307","3","3883631","1.7092e-05","0.0037","C"
"4","Trait5","mrMLM","PstI.TP822670","3","3886179","0.0543","0.3684","C"
"4","Trait5","mrMLM","NsiI.TP197261","3","3889136","5.9612e-06","0.0013","A"
"4","Trait5","mrMLM","NsiI.TP485637","3","3916651","-1.4631e-05","0.0032","A"
"4","Trait5","mrMLM","NsiI.TP134325","3","3938322","0.0218","0.2385","C"
"4","Trait5","mrMLM","NsiI.TP453263","3","3954963","0.027","0.2514","A"
"4","Trait5","mrMLM","NsiI.TP670947","3","3955978","0.0449","0.2127","G"
"4","Trait5","mrMLM","PstI.TP718114","3","3956286","-2.8557e-06","6e-04","C"
"4","Trait5","mrMLM","PstI.TP1044288","3","3988286","-3.1918e-05","0.007","A"
"4","Trait5","mrMLM","PstI.TP1044287","3","3988298","-2.8991e-06","6e-04","A"
"4","Trait5","mrMLM","PstI.TP217258","3","3992070","-0.1162","0.5682","C"
"4","Trait5","mrMLM","PstI.TP838943","3","4037471","0.2171","3.2939","C"
"4","Trait5","mrMLM","PstI.TP547839","3","4042596","0.0166","0.1848","C"
"4","Trait5","mrMLM","NsiI.TP683157","3","4058114","-0.0148","0.1892","C"
"4","Trait5","mrMLM","NsiI.TP726918","3","4064206","-1.6025e-05","0.0035","C"
"4","Trait5","mrMLM","PstI.TP1163496","3","4076649","0.0258","0.2697","A"
"4","Trait5","mrMLM","PstI.TP1207695","3","4076702","-7.1328e-06","0.0016","G"
"4","Trait5","mrMLM","NsiI.TP703627","3","4093586","-1.0982e-05","0.0024","G"
"4","Trait5","mrMLM","PstI.TP821347","3","4103679","1.4815e-05","0.0032","A"
"4","Trait5","mrMLM","PstI.TP1212070","3","4109029","-5.1639e-06","0.0011","C"
"4","Trait5","mrMLM","PstI.TP712210","3","4110373","0.0421","0.3943","A"
"4","Trait5","mrMLM","PstI.TP645810","3","4110555","1.9327e-05","0.0042","C"
"4","Trait5","mrMLM","NsiI.TP776601","3","4136498","-2.8974e-06","6e-04","A"
"4","Trait5","mrMLM","PstI.TP935008","3","4138343","0.0248","0.2764","A"
"4","Trait5","mrMLM","PstI.TP831238","3","4140006","1.8364e-05","0.004","A"
"4","Trait5","mrMLM","PstI.TP811351","3","4140044","-1.0079e-05","0.0022","A"
"4","Trait5","mrMLM","PstI.TP1006562","3","4149154","-7.1736e-06","0.0016","C"
"4","Trait5","mrMLM","NsiI.TP205740","3","4149845","0.0044","0.0862","C"
"4","Trait5","mrMLM","PstI.TP1159413","3","4158395","0.0872","1.2285","A"
"4","Trait5","mrMLM","PstI.TP952923","3","4165010","2.3527e-05","0.0052","A"
"4","Trait5","mrMLM","PstI.TP877331","3","4170047","-1.9443e-05","0.0043","A"
"4","Trait5","mrMLM","PstI.TP801530","3","4170257","-2.5037e-05","0.0055","A"
"4","Trait5","mrMLM","PstI.TP1060556","3","4173183","-8.8294e-06","0.0019","A"
"4","Trait5","mrMLM","PstI.TP677919","3","4173247","7.6138e-06","0.0017","A"
"4","Trait5","mrMLM","PstI.TP286131","3","4213473","-1.573e-05","0.0034","G"
"4","Trait5","mrMLM","PstI.TP792244","3","4214096","2.8171e-05","0.0062","C"
"4","Trait5","mrMLM","NsiI.TP472433","3","4214101","1.4675e-05","0.0032","A"
"4","Trait5","mrMLM","PstI.TP715411","3","4214133","1.7373e-05","0.0038","A"
"4","Trait5","mrMLM","NsiI.TP82479","3","4219472","1.7532e-05","0.0038","C"
"4","Trait5","mrMLM","NsiI.TP370942","3","4219616","-0.0715","0.3818","G"
"4","Trait5","mrMLM","NsiI.TP224586","3","4243452","5.9484e-07","1e-04","C"
"4","Trait5","mrMLM","NsiI.TP810860","3","4243647","-7.1218e-06","0.0016","A"
"4","Trait5","mrMLM","PstI.TP1027273","3","4274869","-0.1818","1.19","A"
"4","Trait5","mrMLM","NsiI.TP309730","3","4275108","-3.6685e-08","7.984e-06","A"
"4","Trait5","mrMLM","PstI.TP906047","3","4276001","0.0109","0.1195","C"
"4","Trait5","mrMLM","NsiI.TP467842","3","4276209","-2.6974e-05","0.0059","C"
"4","Trait5","mrMLM","NsiI.TP467841","3","4276212","-1.4576e-05","0.0032","C"
"4","Trait5","mrMLM","PstI.TP838373","3","4277724","2.22e-05","0.0049","A"
"4","Trait5","mrMLM","PstI.TP688344","3","4314042","4.6896e-06","0.001","C"
"4","Trait5","mrMLM","PstI.TP784632","3","4314116","0.1196","0.5562","C"
"4","Trait5","mrMLM","PstI.TP221816","3","4376021","-0.068","0.5641","C"
"4","Trait5","mrMLM","PstI.TP1124808","3","4381551","-9.9302e-06","0.0022","A"
"4","Trait5","mrMLM","PstI.TP40029","3","4393398","1.0192e-05","0.0022","C"
"4","Trait5","mrMLM","PstI.TP712350","3","4418750","-1.0992e-05","0.0024","C"
"4","Trait5","mrMLM","NsiI.TP443269","3","4418763","0.0193","0.1992","A"
"4","Trait5","mrMLM","NsiI.TP279366","3","4422791","-0.0397","0.4721","C"
"4","Trait5","mrMLM","PstI.TP96410","3","4423816","-9.0647e-06","0.002","C"
"4","Trait5","mrMLM","NsiI.TP349396","3","4440288","3.0605e-05","0.0067","C"
"4","Trait5","mrMLM","PstI.TP975239","3","4444258","-1.6e-05","0.0035","C"
"4","Trait5","mrMLM","PstI.TP405528","3","4444303","1.9024e-05","0.0042","G"
"4","Trait5","mrMLM","NsiI.TP619276","3","4447263","2.3063e-06","5e-04","A"
"4","Trait5","mrMLM","NsiI.TP793548","3","4447360","-4.3413e-07","9.4487e-05","C"
"4","Trait5","mrMLM","PstI.TP725292","3","4449847","-1.0525e-05","0.0023","A"
"4","Trait5","mrMLM","PstI.TP919429","3","4451711","1.1595e-05","0.0025","A"
"4","Trait5","mrMLM","PstI.TP633756","3","4477734","-0.0139","0.1599","A"
"4","Trait5","mrMLM","NsiI.TP675091","3","4478365","-2.7403e-05","0.006","A"
"4","Trait5","mrMLM","PstI.TP37313","3","4479720","0.074","0.6762","C"
"4","Trait5","mrMLM","PstI.TP653230","3","4507877","1.8751e-05","0.0041","C"
"4","Trait5","mrMLM","PstI.TP238545","3","4512269","-5.6306e-06","0.0012","C"
"4","Trait5","mrMLM","PstI.TP238549","3","4512275","0.0813","0.8578","A"
"4","Trait5","mrMLM","GFSSContig14090_244","3","4520006","8.2496e-06","0.0018","A"
"4","Trait5","mrMLM","PstI.TP1280049","3","4545043","-1.4069e-05","0.0031","A"
"4","Trait5","mrMLM","PstI.TP534942","3","4552949","5.4914e-08","1.195e-05","C"
"4","Trait5","mrMLM","NsiI.TP647360","3","4556265","-2.8457e-05","0.0062","A"
"4","Trait5","mrMLM","NsiI.TP644038","3","4556688","-1.6217e-07","3.5294e-05","A"
"4","Trait5","mrMLM","PstI.TP227360","3","4567287","-3.8015e-05","0.0084","C"
"4","Trait5","mrMLM","GFk50ctg173656_119","3","4572511","8.2937e-06","0.0018","A"
"4","Trait5","mrMLM","PstI.TP74252","3","4598161","1.1745e-05","0.0026","A"
"4","Trait5","mrMLM","NsiI.TP170276","3","4609165","-2.0851e-05","0.0046","A"
"4","Trait5","mrMLM","PstI.TP967109","3","4646186","-1.3836e-05","0.003","G"
"4","Trait5","mrMLM","PstI.TP262586","3","4654014","-9.7065e-06","0.0021","A"
"4","Trait5","mrMLM","NsiI.TP466604","3","4659120","1.0435e-05","0.0023","C"
"4","Trait5","mrMLM","PstI.TP1164205","3","4663279","-2.7437e-06","6e-04","C"
"4","Trait5","mrMLM","PstI.TP368020","3","4665593","-2.16e-05","0.0047","A"
"4","Trait5","mrMLM","NsiI.TP527015","3","4676752","9.9519e-06","0.0022","C"
"4","Trait5","mrMLM","PstI.TP1101584","3","4678577","2.8903e-05","0.0063","C"
"4","Trait5","mrMLM","NsiI.TP343268","3","4680930","5.0819e-06","0.0011","C"
"4","Trait5","mrMLM","NsiI.TP576783","3","4681015","0.0606","0.5941","A"
"4","Trait5","mrMLM","NsiI.TP654079","3","4682537","2.0237e-05","0.0044","C"
"4","Trait5","mrMLM","PstI.TP395203","3","4685664","-9.4252e-07","2e-04","C"
"4","Trait5","mrMLM","PstI.TP122566","3","4692206","1.2789e-05","0.0028","C"
"4","Trait5","mrMLM","PstI.TP967613","3","4724304","-1.4797e-05","0.0032","A"
"4","Trait5","mrMLM","NsiI.TP222784","3","4731384","-8.8778e-06","0.0019","A"
"4","Trait5","mrMLM","NsiI.TP563841","3","4781905","-3.7345e-05","0.0082","C"
"4","Trait5","mrMLM","PstI.TP415985","3","4782932","3.2021e-06","7e-04","G"
"4","Trait5","mrMLM","NsiI.TP145943","3","4782932","-1.3119e-06","3e-04","G"
"4","Trait5","mrMLM","NsiI.TP2769","3","4785844","4.9015e-07","1e-04","C"
"4","Trait5","mrMLM","NsiI.TP666624","3","4815277","2.3852e-05","0.0052","C"
"4","Trait5","mrMLM","NsiI.TP390095","3","4820799","-2.4298e-05","0.0053","A"
"4","Trait5","mrMLM","NsiI.TP261228","3","4847503","-1.3886e-05","0.003","A"
"4","Trait5","mrMLM","PstI.TP691334","3","4847914","2.3358e-06","5e-04","A"
"4","Trait5","mrMLM","PstI.TP1014621","3","4850582","-2.0503e-06","4e-04","A"
"4","Trait5","mrMLM","NsiI.TP106346","3","4853318","0.0294","0.3511","A"
"4","Trait5","mrMLM","PstI.TP179905","3","4869587","-0.0751","0.3362","A"
"4","Trait5","mrMLM","NsiI.TP87958","3","4877347","8.7465e-06","0.0019","G"
"4","Trait5","mrMLM","NsiI.TP647505","3","4885920","1.8504e-06","4e-04","C"
"4","Trait5","mrMLM","PstI.TP141330","3","4950107","1.775e-05","0.0039","A"
"4","Trait5","mrMLM","PstI.TP103626","3","4967649","-1.207e-06","3e-04","A"
"4","Trait5","mrMLM","NsiI.TP595381","3","4968162","-5.9692e-06","0.0013","A"
"4","Trait5","mrMLM","NsiI.TP609767","3","4968186","-2.4683e-05","0.0054","C"
"4","Trait5","mrMLM","NsiI.TP355114","3","4991404","1.9461e-05","0.0043","C"
"4","Trait5","mrMLM","PstI.TP687584","3","4995445","-0.0832","1.0788","C"
"4","Trait5","mrMLM","PstI.TP870698","3","4999757","1.9741e-05","0.0043","A"
"4","Trait5","mrMLM","PstI.TP931180","3","5004020","-8.5503e-06","0.0019","G"
"4","Trait5","mrMLM","PstI.TP1225677","3","5004476","-1.9043e-05","0.0042","A"
"4","Trait5","mrMLM","PstI.TP1095003","3","5015281","-1.0025e-06","2e-04","A"
"4","Trait5","mrMLM","NsiI.TP39297","3","5024001","1.37e-05","0.003","A"
"4","Trait5","mrMLM","PstI.TP439473","3","5026244","-0.0226","0.2433","A"
"4","Trait5","mrMLM","PstI.TP1230201","3","5047579","-2.2356e-06","5e-04","C"
"4","Trait5","mrMLM","PstI.TP38133","3","5048694","1.6825e-05","0.0037","C"
"4","Trait5","mrMLM","PstI.TP38134","3","5048721","3.6117e-06","8e-04","A"
"4","Trait5","mrMLM","PstI.TP287868","3","5064916","-2.0532e-06","4e-04","A"
"4","Trait5","mrMLM","PstI.TP60513","3","5066682","-0.107","0.6913","A"
"4","Trait5","mrMLM","PstI.TP1020748","3","5075521","3.5297e-06","8e-04","A"
"4","Trait5","mrMLM","PstI.TP242104","3","5088021","1.7664e-05","0.0039","A"
"4","Trait5","mrMLM","PstI.TP925141","3","5097722","6.43e-06","0.0014","A"
"4","Trait5","mrMLM","NsiI.TP351320","3","5126229","1.2339e-06","3e-04","A"
"4","Trait5","mrMLM","PstI.TP745959","3","5141381","0.0327","0.327","C"
"4","Trait5","mrMLM","PstI.TP643379","3","5147929","-2.3401e-05","0.0051","A"
"4","Trait5","mrMLM","PstI.TP931913","3","5176808","4.5001e-06","0.001","C"
"4","Trait5","mrMLM","NsiI.TP453794","3","5177334","1.2002e-06","3e-04","G"
"4","Trait5","mrMLM","PstI.TP680792","3","5190546","0.0646","0.4567","A"
"4","Trait5","mrMLM","PstI.TP213720","3","5231540","-1.9539e-06","4e-04","A"
"4","Trait5","mrMLM","PstI.TP49083","3","5274971","0.0901","0.4451","A"
"4","Trait5","mrMLM","PstI.TP636202","3","5280876","6.0576e-06","0.0013","C"
"4","Trait5","mrMLM","NsiI.TP264723","3","5284065","-1.6553e-06","4e-04","A"
"4","Trait5","mrMLM","NsiI.TP172972","3","5328512","-3.6079e-05","0.0079","A"
"4","Trait5","mrMLM","NsiI.TP430145","3","5430441","2.1448e-06","5e-04","G"
"4","Trait5","mrMLM","NsiI.TP570384","3","5432659","-5.1391e-06","0.0011","A"
"4","Trait5","mrMLM","PstI.TP278960","3","5435168","2.1378e-05","0.0047","G"
"4","Trait5","mrMLM","GFSSContig16256_300","3","5453936","1.9764e-05","0.0043","C"
"4","Trait5","mrMLM","PstI.TP426652","3","5481349","3.543e-05","0.0078","A"
"4","Trait5","mrMLM","PstI.TP174297","3","5563037","1.6298e-05","0.0036","A"
"4","Trait5","mrMLM","PstI.TP410173","3","5585945","0.0549","0.5535","A"
"4","Trait5","mrMLM","PstI.TP801907","3","5689993","-0.0882","0.9709","C"
"4","Trait5","mrMLM","NsiI.TP671951","3","5697929","-0.0542","0.3368","C"
"4","Trait5","mrMLM","NsiI.TP747165","3","5713329","2.5445e-06","6e-04","C"
"4","Trait5","mrMLM","PstI.TP482258","3","5713979","8.9947e-06","0.002","A"
"4","Trait5","mrMLM","PstI.TP721838","3","5714318","0.0484","0.5426","C"
"4","Trait5","mrMLM","PstI.TP115586","3","5715154","0.1076","1.1218","C"
"4","Trait5","mrMLM","PstI.TP8773","3","5715225","-3.9905e-06","9e-04","A"
"4","Trait5","mrMLM","NsiI.TP440766","3","5753690","-6.5447e-06","0.0014","A"
"4","Trait5","mrMLM","PstI.TP125376","3","5758206","-4.6952e-06","0.001","C"
"4","Trait5","mrMLM","NsiI.TP768975","3","5764222","-0.0735","0.3937","C"
"4","Trait5","mrMLM","PstI.TP785543","3","5771227","-0.0462","0.5256","A"
"4","Trait5","mrMLM","PstI.TP728172","3","5787468","-1.2636e-05","0.0028","G"
"4","Trait5","mrMLM","NsiI.TP7041","3","5991415","0.0476","0.415","A"
"4","Trait5","mrMLM","PstI.TP365407","3","6004710","6.9682e-07","2e-04","A"
"4","Trait5","mrMLM","PstI.TP992716","3","6017443","0.3193","1.2365","A"
"4","Trait5","mrMLM","PstI.TP48498","3","6041067","-1.095e-05","0.0024","A"
"4","Trait5","mrMLM","PstI.TP762772","3","6044042","-0.3603","1.7884","C"
"4","Trait5","mrMLM","PstI.TP1293611","3","6058621","-0.061","0.5322","C"
"4","Trait5","mrMLM","NsiI.TP529691","3","6082062","-1.7828e-05","0.0039","G"
"4","Trait5","mrMLM","PstI.TP188641","3","6088178","0.0969","0.7837","A"
"4","Trait5","mrMLM","PstI.TP186433","3","6088211","-3.2631e-06","7e-04","A"
"4","Trait5","mrMLM","PstI.TP308152","3","6124917","-0.1877","1.1519","A"
"4","Trait5","mrMLM","PstI.TP541764","3","6125111","3.3599e-06","7e-04","A"
"4","Trait5","mrMLM","PstI.TP1246489","3","6130583","3.6632e-06","8e-04","C"
"4","Trait5","mrMLM","PstI.TP1206934","3","6141050","0.0106","0.1343","A"
"4","Trait5","mrMLM","NsiI.TP326908","3","6141142","-5.2625e-06","0.0011","C"
"4","Trait5","mrMLM","NsiI.TP614930","3","6164151","4.384e-06","0.001","A"
"4","Trait5","mrMLM","PstI.TP1119160","3","6164715","-2.0234e-06","4e-04","A"
"4","Trait5","mrMLM","PstI.TP1119335","3","6164741","0.0904","0.356","C"
"4","Trait5","mrMLM","PstI.TP66802","3","6165211","0.0411","0.2817","G"
"4","Trait5","mrMLM","NsiI.TP255092","3","6170362","-1.272e-05","0.0028","C"
"4","Trait5","mrMLM","NsiI.TP594399","3","6173149","2.6741e-05","0.0059","C"
"4","Trait5","mrMLM","NsiI.TP572484","3","6188211","1.4019e-05","0.0031","C"
"4","Trait5","mrMLM","NsiI.TP120580","3","6191698","-1.1307e-05","0.0025","A"
"4","Trait5","mrMLM","PstI.TP852580","3","6204488","4.8484e-06","0.0011","A"
"4","Trait5","mrMLM","NsiI.TP810645","3","6232475","-1.9032e-06","4e-04","C"
"4","Trait5","mrMLM","NsiI.TP405337","3","6299247","-3.2094e-05","0.007","A"
"4","Trait5","mrMLM","PstI.TP904729","3","6306293","-0.0906","0.9463","A"
"4","Trait5","mrMLM","PstI.TP392273","3","6332867","-2.4058e-05","0.0053","A"
"4","Trait5","mrMLM","NsiI.TP195259","3","6332952","1.2685e-06","3e-04","A"
"4","Trait5","mrMLM","PstI.TP398580","3","6360865","-0.0046","0.0595","A"
"4","Trait5","mrMLM","PstI.TP930241","3","6360927","-0.0408","0.3292","G"
"4","Trait5","mrMLM","NsiI.TP694884","3","6382094","1.2813e-05","0.0028","A"
"4","Trait5","mrMLM","NsiI.TP634727","3","6399724","-6.2108e-06","0.0014","C"
"4","Trait5","mrMLM","PstI.TP663866","3","6410825","1.0739e-05","0.0023","G"
"4","Trait5","mrMLM","PstI.TP362829","3","6437246","0.1594","0.7752","A"
"4","Trait5","mrMLM","PstI.TP1291354","3","6437333","0.0954","1.3124","A"
"4","Trait5","mrMLM","PstI.TP153696","3","6482525","-6.6342e-06","0.0014","A"
"4","Trait5","mrMLM","PstI.TP58897","3","6511771","-1.4003e-05","0.0031","G"
"4","Trait5","mrMLM","PstI.TP443507","3","6515810","6.7021e-07","1e-04","A"
"4","Trait5","mrMLM","PstI.TP230552","3","6536193","-3.2211e-06","7e-04","A"
"4","Trait5","mrMLM","NsiI.TP621162","3","6536235","-3.5762e-06","8e-04","A"
"4","Trait5","mrMLM","NsiI.TP259359","3","6541132","-5.1897e-06","0.0011","C"
"4","Trait5","mrMLM","NsiI.TP257172","3","6560304","-0.0676","0.5132","A"
"4","Trait5","mrMLM","PstI.TP154327","3","6603820","-2.7688e-05","0.0061","A"
"4","Trait5","mrMLM","GFSSContig11465_504","3","6605990","-0.0925","1.0005","T"
"4","Trait5","mrMLM","PstI.TP431135","3","6609541","-1.4006e-05","0.0031","C"
"4","Trait5","mrMLM","NsiI.TP760192","3","6623356","-2.5482e-06","6e-04","A"
"4","Trait5","mrMLM","NsiI.TP773278","3","6632208","4.8653e-06","0.0011","A"
"4","Trait5","mrMLM","NsiI.TP420344","3","6635288","-3.2021e-06","7e-04","C"
"4","Trait5","mrMLM","PstI.TP433649","3","6644837","0.0967","0.6403","C"
"4","Trait5","mrMLM","NsiI.TP426185","3","6645847","-5.0771e-06","0.0011","C"
"4","Trait5","mrMLM","NsiI.TP523861","3","6688247","1.6185e-05","0.0035","G"
"4","Trait5","mrMLM","PstI.TP150879","3","6693048","-0.0484","0.4728","A"
"4","Trait5","mrMLM","PstI.TP1175503","3","6703848","-0.0115","0.1999","G"
"4","Trait5","mrMLM","NsiI.TP749172","3","6703859","-0.1244","0.6716","A"
"4","Trait5","mrMLM","NsiI.TP561476","3","6721083","-1.0167e-05","0.0022","C"
"4","Trait5","mrMLM","NsiI.TP453301","3","6733897","-1.361e-05","0.003","A"
"4","Trait5","mrMLM","PstI.TP1153192","3","6746550","0.296","1.6948","A"
"4","Trait5","mrMLM","NsiI.TP112463","3","6752843","1.9074e-05","0.0042","A"
"4","Trait5","mrMLM","NsiI.TP536712","3","6767531","2.9268e-05","0.0064","G"
"4","Trait5","mrMLM","NsiI.TP591503","3","6784461","-1.4086e-06","3e-04","A"
"4","Trait5","mrMLM","PstI.TP258827","3","6794341","5.1204e-06","0.0011","A"
"4","Trait5","mrMLM","PstI.TP29525","3","6810228","-1.0819e-05","0.0024","A"
"4","Trait5","mrMLM","PstI.TP1251703","3","6837058","-1.7276e-05","0.0038","A"
"4","Trait5","mrMLM","PstI.TP678449","3","6895124","-0.0629","0.4353","A"
"4","Trait5","mrMLM","PstI.TP377631","3","6940601","0.0058","0.0976","A"
"4","Trait5","mrMLM","NsiI.TP810809","3","6959086","-2.2951e-05","0.005","A"
"4","Trait5","mrMLM","PstI.TP1142314","3","6981311","3.2921e-05","0.0072","G"
"4","Trait5","mrMLM","PstI.TP786913","3","6996621","8.3167e-06","0.0018","A"
"4","Trait5","mrMLM","PstI.TP265208","3","7057209","-0.095","0.5359","C"
"4","Trait5","mrMLM","PstI.TP286294","3","7073229","2.9185e-05","0.0064","C"
"4","Trait5","mrMLM","PstI.TP1051109","3","7082779","-1.5039e-06","3e-04","C"
"4","Trait5","mrMLM","PstI.TP977013","3","7090045","-0.0232","0.3226","C"
"4","Trait5","mrMLM","NsiI.TP291065","3","7124215","0.0029","0.0877","A"
"4","Trait5","mrMLM","NsiI.TP444857","3","7126264","-2.8993e-06","6e-04","A"
"4","Trait5","mrMLM","PstI.TP911625","3","7132239","5.9148e-06","0.0013","C"
"4","Trait5","mrMLM","PstI.TP1027731","3","7144004","-1.2717e-05","0.0028","A"
"4","Trait5","mrMLM","PstI.TP65397","3","7162104","0.1354","1.0132","A"
"4","Trait5","mrMLM","PstI.TP476897","3","7193887","8.993e-06","0.002","A"
"4","Trait5","mrMLM","PstI.TP69148","3","7211746","-9.3603e-06","0.002","A"
"4","Trait5","mrMLM","PstI.TP101298","3","7218627","4.6236e-07","1e-04","C"
"4","Trait5","mrMLM","PstI.TP630492","3","7227693","0.0424","0.269","C"
"4","Trait5","mrMLM","NsiI.TP557979","3","7233715","-0.0928","1.4085","A"
"4","Trait5","mrMLM","NsiI.TP228391","3","7255373","6.6109e-07","1e-04","C"
"4","Trait5","mrMLM","NsiI.TP666753","3","7258282","1.2997e-05","0.0028","A"
"4","Trait5","mrMLM","NsiI.TP515361","3","7327286","-3.9611e-07","8.6212e-05","A"
"4","Trait5","mrMLM","PstI.TP238084","3","7339640","-0.0967","0.6461","C"
"4","Trait5","mrMLM","PstI.TP1226186","3","7342289","4.3098e-05","0.0095","C"
"4","Trait5","mrMLM","NsiI.TP420657","3","7345169","-1.174e-05","0.0026","A"
"4","Trait5","mrMLM","PstI.TP346513","3","7347907","-1.3067e-05","0.0029","G"
"4","Trait5","mrMLM","PstI.TP1246626","3","7356019","-1.2646e-06","3e-04","A"
"4","Trait5","mrMLM","NsiI.TP555534","3","7370035","-1.226e-05","0.0027","C"
"4","Trait5","mrMLM","PstI.TP889842","3","7384338","-4.6064e-06","0.001","C"
"4","Trait5","mrMLM","PstI.TP1280623","3","7412529","-6.2733e-06","0.0014","C"
"4","Trait5","mrMLM","PstI.TP202435","3","7414396","-2.6061e-05","0.0057","C"
"4","Trait5","mrMLM","GFSSContig12703_673","3","7426013","1.8778e-05","0.0041","T"
"4","Trait5","mrMLM","NsiI.TP462576","3","7449896","-5.6289e-06","0.0012","C"
"4","Trait5","mrMLM","NsiI.TP221520","3","7460639","0.0565","0.5859","A"
"4","Trait5","mrMLM","NsiI.TP461474","3","7462706","2.8922e-06","6e-04","C"
"4","Trait5","mrMLM","PstI.TP864108","3","7475336","1.561e-05","0.0034","A"
"4","Trait5","mrMLM","PstI.TP391194","3","7481176","2.6004e-05","0.0057","G"
"4","Trait5","mrMLM","NsiI.TP468961","3","7495751","-0.224","0.9525","C"
"4","Trait5","mrMLM","PstI.TP226226","3","7504729","0.0756","0.6172","A"
"4","Trait5","mrMLM","PstI.TP413820","3","7504817","-2.5221e-05","0.0055","G"
"4","Trait5","mrMLM","NsiI.TP503043","3","7505890","0.02","0.1799","C"
"4","Trait5","mrMLM","NsiI.TP41559","3","7520352","-0.0014","0.0477","C"
"4","Trait5","mrMLM","PstI.TP39746","3","7551318","0.0196","0.2675","A"
"4","Trait5","mrMLM","PstI.TP364785","3","7551383","-1.74e-05","0.0038","A"
"4","Trait5","mrMLM","PstI.TP170727","3","7559445","3.6659e-05","0.0081","C"
"4","Trait5","mrMLM","PstI.TP541042","3","7567947","1.1554e-05","0.0025","C"
"4","Trait5","mrMLM","PstI.TP796","3","7618646","1.8203e-05","0.004","G"
"4","Trait5","mrMLM","PstI.TP877625","3","7621796","3.9583e-06","9e-04","G"
"4","Trait5","mrMLM","PstI.TP492586","3","7659432","-1.3837e-05","0.003","C"
"4","Trait5","mrMLM","NsiI.TP527435","3","7664263","9.076e-06","0.002","A"
"4","Trait5","mrMLM","NsiI.TP520378","3","7666924","2.2681e-05","0.005","C"
"4","Trait5","mrMLM","PstI.TP736914","3","7689930","2.495e-05","0.0055","A"
"4","Trait5","mrMLM","PstI.TP115526","3","7689963","0.0912","0.423","A"
"4","Trait5","mrMLM","NsiI.TP502976","3","7719502","-0.0503","0.2236","A"
"4","Trait5","mrMLM","NsiI.TP815195","3","7719514","4.165e-06","9e-04","C"
"4","Trait5","mrMLM","PstI.TP247152","3","7734239","2.1361e-05","0.0047","A"
"4","Trait5","mrMLM","NsiI.TP26749","3","7739731","1.2994e-06","3e-04","G"
"4","Trait5","mrMLM","NsiI.TP682311","3","7752663","-0.0038","0.0835","A"
"4","Trait5","mrMLM","NsiI.TP619610","3","7784428","-3.53e-05","0.0078","A"
"4","Trait5","mrMLM","PstI.TP776290","3","7831939","1.2124e-05","0.0026","A"
"4","Trait5","mrMLM","PstI.TP9228","3","7843942","0.0441","0.2453","A"
"4","Trait5","mrMLM","NsiI.TP805734","3","7851544","-2.1336e-05","0.0047","C"
"4","Trait5","mrMLM","PstI.TP521455","3","7881226","0.1553","1.2635","C"
"4","Trait5","mrMLM","PstI.TP166748","3","7900736","-1.169e-05","0.0026","A"
"4","Trait5","mrMLM","PstI.TP625206","3","7926813","-1.7955e-06","4e-04","A"
"4","Trait5","mrMLM","PstI.TP320499","3","7930219","-0.0992","1.3219","A"
"4","Trait5","mrMLM","PstI.TP398799","3","7944638","2.3312e-06","5e-04","A"
"4","Trait5","mrMLM","PstI.TP1212954","3","7944653","1.211e-05","0.0026","G"
"4","Trait5","mrMLM","NsiI.TP188258","3","7978302","-6.365e-06","0.0014","G"
"4","Trait5","mrMLM","NsiI.TP227395","3","7991942","-7.9585e-06","0.0017","A"
"4","Trait5","mrMLM","NsiI.TP361163","3","8012389","-0.0259","0.2295","A"
"4","Trait5","mrMLM","PstI.TP865095","3","8019519","-1.7753e-05","0.0039","A"
"4","Trait5","mrMLM","PstI.TP1149566","3","8032699","5.2635e-06","0.0011","C"
"4","Trait5","mrMLM","NsiI.TP694488","3","8044879","-2.449e-06","5e-04","C"
"4","Trait5","mrMLM","NsiI.TP739448","3","8062502","-2.7644e-06","6e-04","C"
"4","Trait5","mrMLM","NsiI.TP713583","3","8063584","-5.5401e-06","0.0012","A"
"4","Trait5","mrMLM","PstI.TP756287","3","8078660","0.0052","0.1306","C"
"4","Trait5","mrMLM","NsiI.TP372565","3","8086953","-0.0581","0.3488","C"
"4","Trait5","mrMLM","NsiI.TP484594","3","8103903","-3.2792e-05","0.0072","A"
"4","Trait5","mrMLM","PstI.TP175787","3","8122423","-2.7691e-05","0.0061","G"
"4","Trait5","mrMLM","PstI.TP175786","3","8122431","-3.0246e-05","0.0066","G"
"4","Trait5","mrMLM","PstI.TP72853","3","8138919","-0.0356","0.3505","A"
"4","Trait5","mrMLM","NsiI.TP93299","3","8149998","-2.4315e-05","0.0053","C"
"4","Trait5","mrMLM","NsiI.TP825037","3","8167210","-5.5841e-06","0.0012","A"
"4","Trait5","mrMLM","PstI.TP1258336","3","8199860","8.2588e-06","0.0018","A"
"4","Trait5","mrMLM","NsiI.TP831870","3","8283766","0.2564","1.2678","C"
"4","Trait5","mrMLM","PstI.TP365495","3","8362234","-0.0112","0.1916","A"
"4","Trait5","mrMLM","NsiI.TP654742","3","8368746","-1.15e-05","0.0025","G"
"4","Trait5","mrMLM","PstI.TP1032548","3","8384565","2.0393e-06","4e-04","A"
"4","Trait5","mrMLM","PstI.TP312198","3","8384639","3.0508e-05","0.0067","C"
"4","Trait5","mrMLM","NsiI.TP416338","3","8397389","-0.1295","0.5188","A"
"4","Trait5","mrMLM","PstI.TP820558","3","8412197","8.0184e-06","0.0017","C"
"4","Trait5","mrMLM","PstI.TP740179","3","8414014","-0.079","0.3826","A"
"4","Trait5","mrMLM","NsiI.TP172900","3","8425723","1.0166e-05","0.0022","A"
"4","Trait5","mrMLM","NsiI.TP115044","3","8438259","7.4285e-06","0.0016","A"
"4","Trait5","mrMLM","PstI.TP854255","3","8438795","0.0138","0.1757","A"
"4","Trait5","mrMLM","NsiI.TP177270","3","8466701","1.031e-05","0.0023","A"
"4","Trait5","mrMLM","PstI.TP18321","3","8476005","-1.9964e-05","0.0044","C"
"4","Trait5","mrMLM","PstI.TP18322","3","8476007","-1.0976e-05","0.0024","A"
"4","Trait5","mrMLM","PstI.TP1107426","3","8476812","-0.1032","1.1979","G"
"4","Trait5","mrMLM","NsiI.TP458763","3","8481480","-0.0053","0.1209","C"
"4","Trait5","mrMLM","NsiI.TP673972","3","8500378","-0.1624","0.8499","G"
"4","Trait5","mrMLM","NsiI.TP672275","3","8500394","0.2749","0.7589","C"
"4","Trait5","mrMLM","PstI.TP1227132","3","8500895","-0.2257","0.8797","C"
"4","Trait5","mrMLM","PstI.TP788810","3","8503251","2.6255e-05","0.0058","G"
"4","Trait5","mrMLM","NsiI.TP536805","3","8503418","2.341e-05","0.0051","A"
"4","Trait5","mrMLM","PstI.TP734462","3","8515425","-0.0204","0.2387","C"
"4","Trait5","mrMLM","PstI.TP1193854","3","8521345","-1.4786e-06","3e-04","A"
"4","Trait5","mrMLM","PstI.TP991359","3","8535072","-9.7452e-06","0.0021","A"
"4","Trait5","mrMLM","PstI.TP466413","3","8627003","-3.1474e-07","6.8496e-05","A"
"4","Trait5","mrMLM","NsiI.TP718157","3","8632016","0.023","0.2257","A"
"4","Trait5","mrMLM","NsiI.TP520155","3","8650404","0.2972","1.1054","C"
"4","Trait5","mrMLM","NsiI.TP41268","3","8668358","-1.6623e-05","0.0036","A"
"4","Trait5","mrMLM","NsiI.TP179661","3","8669703","-0.0765","0.5855","G"
"4","Trait5","mrMLM","NsiI.TP590826","3","8669765","1.5088e-05","0.0033","A"
"4","Trait5","mrMLM","PstI.TP1251067","3","8677858","0.1328","0.4356","A"
"4","Trait5","mrMLM","PstI.TP132940","3","8690384","-8.2335e-06","0.0018","C"
"4","Trait5","mrMLM","NsiI.TP626418","3","8691415","5.5125e-06","0.0012","A"
"4","Trait5","mrMLM","NsiI.TP83855","3","8719140","-2.2773e-06","5e-04","C"
"4","Trait5","mrMLM","PstI.TP752859","3","8719958","-1.1095e-05","0.0024","C"
"4","Trait5","mrMLM","PstI.TP1098048","3","8729042","1.6071e-06","3e-04","A"
"4","Trait5","mrMLM","NsiI.TP298419","3","8739444","-3.1846e-05","0.007","G"
"4","Trait5","mrMLM","PstI.TP1208950","3","8740326","-7.619e-06","0.0017","C"
"4","Trait5","mrMLM","PstI.TP692200","3","8782578","1.4393e-05","0.0031","C"
"4","Trait5","mrMLM","PstI.TP842828","3","8783224","-8.5859e-06","0.0019","C"
"4","Trait5","mrMLM","NsiI.TP337348","3","8788016","1.5099e-05","0.0033","A"
"4","Trait5","mrMLM","PstI.TP810363","3","8828897","-7.1399e-06","0.0016","C"
"4","Trait5","mrMLM","PstI.TP913405","3","8829755","-9.0283e-06","0.002","G"
"4","Trait5","mrMLM","PstI.TP1023093","3","8895686","3.3526e-05","0.0074","A"
"4","Trait5","mrMLM","PstI.TP303642","3","8895952","-1.0645e-05","0.0023","A"
"4","Trait5","mrMLM","PstI.TP83629","3","8924840","0.0556","0.3857","A"
"4","Trait5","mrMLM","PstI.TP83631","3","8924840","0.0477","0.3238","G"
"4","Trait5","mrMLM","PstI.TP163530","3","8926322","0.2257","1.8759","C"
"4","Trait5","mrMLM","PstI.TP1080743","3","8926434","0.1394","0.7343","A"
"4","Trait5","mrMLM","PstI.TP629794","3","8934220","1.2794e-05","0.0028","A"
"4","Trait5","mrMLM","NsiI.TP112582","3","8984652","1.4274e-05","0.0031","G"
"4","Trait5","mrMLM","NsiI.TP202071","3","9002455","8.6838e-06","0.0019","C"
"4","Trait5","mrMLM","PstI.TP788471","3","9034927","5.6186e-06","0.0012","G"
"4","Trait5","mrMLM","PstI.TP223614","3","9044171","0.0918","1.0269","A"
"4","Trait5","mrMLM","NsiI.TP670689","3","9048290","-1.2655e-05","0.0028","C"
"4","Trait5","mrMLM","NsiI.TP426233","3","9066857","-2.4942e-05","0.0055","A"
"4","Trait5","mrMLM","PstI.TP587242","3","9088919","-2.1596e-06","5e-04","A"
"4","Trait5","mrMLM","PstI.TP490616","3","9155706","0.0953","0.7223","A"
"4","Trait5","mrMLM","NsiI.TP689916","3","9158804","1.7245e-05","0.0038","A"
"4","Trait5","mrMLM","NsiI.TP669791","3","9159334","0.1354","1.1932","G"
"4","Trait5","mrMLM","NsiI.TP669792","3","9159336","-1.7749e-05","0.0039","C"
"4","Trait5","mrMLM","NsiI.TP37587","3","9187241","-5.9989e-06","0.0013","A"
"4","Trait5","mrMLM","PstI.TP1127055","3","9190752","2.1359e-05","0.0047","C"
"4","Trait5","mrMLM","PstI.TP735684","3","9221825","0.0369","0.2485","A"
"4","Trait5","mrMLM","NsiI.TP794177","3","9313268","-2.5326e-05","0.0055","A"
"4","Trait5","mrMLM","PstI.TP1043154","3","9321488","-0.1193","0.6232","C"
"4","Trait5","mrMLM","PstI.TP241235","3","9336109","-4.4955e-06","0.001","A"
"4","Trait5","mrMLM","PstI.TP962023","3","9348960","1.3388e-05","0.0029","A"
"4","Trait5","mrMLM","PstI.TP177547","3","9427471","3.1462e-06","7e-04","A"
"4","Trait5","mrMLM","PstI.TP110121","3","9496981","-0.0078","0.1092","C"
"4","Trait5","mrMLM","PstI.TP12740","3","9502386","1.9917e-05","0.0044","C"
"4","Trait5","mrMLM","NsiI.TP797517","3","9504402","-0.0751","1.1613","C"
"4","Trait5","mrMLM","NsiI.TP616060","3","9505059","4.9089e-06","0.0011","C"
"4","Trait5","mrMLM","PstI.TP849003","3","9532818","2.0404e-05","0.0045","C"
"4","Trait5","mrMLM","PstI.TP788752","3","9543251","-1.342e-05","0.0029","A"
"4","Trait5","mrMLM","PstI.TP495915","3","9545050","-3.5197e-06","8e-04","G"
"4","Trait5","mrMLM","NsiI.TP241228","3","9570669","4.2673e-06","9e-04","C"
"4","Trait5","mrMLM","NsiI.TP191951","3","9570768","1.2045e-05","0.0026","A"
"4","Trait5","mrMLM","NsiI.TP497451","3","9571031","-0.0706","0.8757","C"
"4","Trait5","mrMLM","PstI.TP937546","3","9571551","-1.8927e-05","0.0041","G"
"4","Trait5","mrMLM","NsiI.TP401662","3","9571797","3.5501e-06","8e-04","C"
"4","Trait5","mrMLM","NsiI.TP394652","3","9571817","0.2738","0.9733","A"
"4","Trait5","mrMLM","PstI.TP909510","3","9589677","7.2273e-06","0.0016","A"
"4","Trait5","mrMLM","NsiI.TP404561","3","9590427","-1.0664e-05","0.0023","A"
"4","Trait5","mrMLM","PstI.TP99312","3","9601934","6.7293e-06","0.0015","A"
"4","Trait5","mrMLM","GFSSContig17769_257","3","9603539","-0.0191","0.2563","T"
"4","Trait5","mrMLM","PstI.TP1268817","3","9611335","-9.7029e-06","0.0021","C"
"4","Trait5","mrMLM","PstI.TP504482","3","9613005","3.5261e-05","0.0077","A"
"4","Trait5","mrMLM","PstI.TP1064081","3","9621573","8.7666e-06","0.0019","C"
"4","Trait5","mrMLM","PstI.TP1064078","3","9621608","4.5029e-07","9.8001e-05","C"
"4","Trait5","mrMLM","NsiI.TP771309","3","9646331","-1.7491e-05","0.0038","A"
"4","Trait5","mrMLM","PstI.TP735032","3","9654444","-9.5061e-06","0.0021","A"
"4","Trait5","mrMLM","PstI.TP944631","3","9661977","2.3925e-05","0.0052","A"
"4","Trait5","mrMLM","PstI.TP1127453","3","9694051","-2.6044e-06","6e-04","C"
"4","Trait5","mrMLM","PstI.TP1027916","3","9697919","1.6997e-05","0.0037","C"
"4","Trait5","mrMLM","NsiI.TP718128","3","9698802","-0.0513","0.5905","A"
"4","Trait5","mrMLM","NsiI.TP515271","3","9700583","-0.3104","1.3036","C"
"4","Trait5","mrMLM","PstI.TP1222764","3","9701990","9.6183e-06","0.0021","A"
"4","Trait5","mrMLM","PstI.TP1055594","3","9702203","-1.6169e-05","0.0035","C"
"4","Trait5","mrMLM","NsiI.TP287399","3","9710589","3.1632e-05","0.0069","A"
"4","Trait5","mrMLM","PstI.TP364404","3","9713912","9.1756e-06","0.002","G"
"4","Trait5","mrMLM","NsiI.TP580136","3","9714131","1.6263e-06","4e-04","A"
"4","Trait5","mrMLM","PstI.TP25906","3","9734512","1.7398e-06","4e-04","A"
"4","Trait5","mrMLM","PstI.TP913237","3","9787095","-5.9895e-06","0.0013","C"
"4","Trait5","mrMLM","PstI.TP56525","3","9789280","-4.0973e-06","9e-04","A"
"4","Trait5","mrMLM","PstI.TP1166832","3","9820668","1.7614e-06","4e-04","A"
"4","Trait5","mrMLM","PstI.TP115855","3","9836311","0.0072","0.1432","G"
"4","Trait5","mrMLM","PstI.TP885055","3","9863789","-1.7831e-05","0.0039","A"
"4","Trait5","mrMLM","PstI.TP422072","3","9885778","-8.9479e-06","0.002","C"
"4","Trait5","mrMLM","PstI.TP667305","3","9919030","0.0618","0.6613","A"
"4","Trait5","mrMLM","PstI.TP225921","3","9970806","-4.7134e-06","0.001","C"
"4","Trait5","mrMLM","PstI.TP225611","3","9970824","-1.5156e-05","0.0033","A"
"4","Trait5","mrMLM","PstI.TP183034","3","9973059","0.0972","0.6335","A"
"4","Trait5","mrMLM","NsiI.TP576056","3","9976848","-7.3414e-06","0.0016","C"
"4","Trait5","mrMLM","PstI.TP510262","3","10002322","-2.5253e-05","0.0055","C"
"4","Trait5","mrMLM","PstI.TP122691","3","10005408","-1.8775e-05","0.0041","C"
"4","Trait5","mrMLM","NsiI.TP532766","3","10008044","1.7294e-05","0.0038","C"
"4","Trait5","mrMLM","GFSSContig12794_648","3","10010768","0.0833","0.867","T"
"4","Trait5","mrMLM","PstI.TP803734","3","10034801","-5.3838e-06","0.0012","C"
"4","Trait5","mrMLM","PstI.TP256389","3","10043104","-1.7027e-05","0.0037","C"
"4","Trait5","mrMLM","NsiI.TP755529","3","10065212","-1.2347e-05","0.0027","C"
"4","Trait5","mrMLM","PstI.TP788512","3","10065778","1.2323e-05","0.0027","A"
"4","Trait5","mrMLM","NsiI.TP60998","3","10070529","-0.0156","0.2088","C"
"4","Trait5","mrMLM","PstI.TP1233098","3","10075325","0.0337","0.2798","C"
"4","Trait5","mrMLM","PstI.TP36054","3","10093232","-2.9436e-05","0.0065","A"
"4","Trait5","mrMLM","PstI.TP764611","3","10097873","0.0761","0.5081","A"
"4","Trait5","mrMLM","NsiI.TP238093","3","10105373","-1.4294e-05","0.0031","A"
"4","Trait5","mrMLM","PstI.TP808072","3","10105565","6.7221e-06","0.0015","C"
"4","Trait5","mrMLM","PstI.TP214139","3","10115683","-0.0336","0.2903","A"
"4","Trait5","mrMLM","NsiI.TP216204","3","10213700","-3.4496e-05","0.0076","A"
"4","Trait5","mrMLM","PstI.TP181227","3","10213933","0.022","0.3134","A"
"4","Trait5","mrMLM","NsiI.TP245352","3","10232945","8.8965e-06","0.0019","A"
"4","Trait5","mrMLM","PstI.TP461393","3","10232947","1.5745e-05","0.0034","A"
"4","Trait5","mrMLM","PstI.TP600909","3","10254363","1.6994e-06","4e-04","C"
"4","Trait5","mrMLM","PstI.TP218767","3","10270309","0.0775","0.8206","C"
"4","Trait5","mrMLM","PstI.TP402502","3","10299573","-1.8148e-05","0.004","G"
"4","Trait5","mrMLM","NsiI.TP698403","3","10302201","-2.3378e-05","0.0051","A"
"4","Trait5","mrMLM","PstI.TP849286","3","10316458","2.8801e-06","6e-04","G"
"4","Trait5","mrMLM","PstI.TP1198821","3","10317729","-1.2797e-05","0.0028","A"
"4","Trait5","mrMLM","NsiI.TP438949","3","10369781","1.9214e-05","0.0042","A"
"4","Trait5","mrMLM","PstI.TP417418","3","10369860","1.1728e-05","0.0026","A"
"4","Trait5","mrMLM","PstI.TP237435","3","10383816","0.0082","0.1072","C"
"4","Trait5","mrMLM","PstI.TP950949","3","10385762","6.8182e-06","0.0015","C"
"4","Trait5","mrMLM","PstI.TP300328","3","10399618","-0.0561","0.5957","A"
"4","Trait5","mrMLM","NsiI.TP364233","3","10442574","-5.7472e-06","0.0013","A"
"4","Trait5","mrMLM","PstI.TP691574","3","10455989","3.4176e-06","7e-04","A"
"4","Trait5","mrMLM","PstI.TP707848","3","10456060","2.7622e-05","0.0061","C"
"4","Trait5","mrMLM","PstI.TP932606","3","10490441","-2.4005e-05","0.0053","C"
"4","Trait5","mrMLM","PstI.TP1079651","3","10526525","0.0364","0.2343","C"
"4","Trait5","mrMLM","NsiI.TP403260","3","10532753","-0.1954","1.1055","A"
"4","Trait5","mrMLM","PstI.TP1237174","3","10547074","-1.0135e-05","0.0022","A"
"4","Trait5","mrMLM","PstI.TP15772","3","10547132","-4.252e-06","9e-04","A"
"4","Trait5","mrMLM","NsiI.TP217148","3","10559850","0.119","0.8307","A"
"4","Trait5","mrMLM","NsiI.TP137100","3","10611582","-1.8184e-06","4e-04","A"
"4","Trait5","mrMLM","NsiI.TP137099","3","10611590","-1.2594e-05","0.0028","C"
"4","Trait5","mrMLM","NsiI.TP591571","3","10614751","-0.0519","0.3273","C"
"4","Trait5","mrMLM","PstI.TP884257","3","10631587","7.4772e-07","2e-04","C"
"4","Trait5","mrMLM","PstI.TP20394","3","10668193","8.3547e-06","0.0018","C"
"4","Trait5","mrMLM","PstI.TP675793","3","10722066","-1.5145e-05","0.0033","A"
"4","Trait5","mrMLM","PstI.TP718531","3","10722354","-0.0502","0.3612","G"
"4","Trait5","mrMLM","NsiI.TP643016","3","10749174","-1.6139e-05","0.0035","A"
"4","Trait5","mrMLM","PstI.TP210857","3","10749271","0.0373","0.3301","A"
"4","Trait5","mrMLM","NsiI.TP297416","3","10749850","-0.0825","0.3982","C"
"4","Trait5","mrMLM","PstI.TP1079805","3","10764412","-9.1783e-06","0.002","A"
"4","Trait5","mrMLM","PstI.TP885273","3","10777425","-1.7346e-05","0.0038","C"
"4","Trait5","mrMLM","GFSSContig19553_1853","3","10802480","0.0647","0.7208","T"
"4","Trait5","mrMLM","PstI.TP1226324","3","10805986","-0.0065","0.1103","C"
"4","Trait5","mrMLM","PstI.TP187861","3","10814651","-0.065","0.356","A"
"4","Trait5","mrMLM","PstI.TP1084418","3","10906949","-1.9576e-05","0.0043","A"
"4","Trait5","mrMLM","PstI.TP433171","3","10952394","0.0306","0.2454","A"
"4","Trait5","mrMLM","NsiI.TP725467","3","10967015","1.0277e-05","0.0022","C"
"4","Trait5","mrMLM","PstI.TP862253","3","10977331","-4.2979e-05","0.0095","A"
"4","Trait5","mrMLM","PstI.TP1261979","3","10993379","4.9771e-06","0.0011","A"
"4","Trait5","mrMLM","PstI.TP575380","3","10993468","-0.0282","0.2823","A"
"4","Trait5","mrMLM","NsiI.TP449361","3","11015929","-1.2522e-05","0.0027","A"
"4","Trait5","mrMLM","PstI.TP1256117","3","11017293","-0.0805","0.4682","C"
"4","Trait5","mrMLM","NsiI.TP255959","3","11040031","9.026e-06","0.002","A"
"4","Trait5","mrMLM","PstI.TP782149","3","11041154","-3.0062e-06","7e-04","A"
"4","Trait5","mrMLM","PstI.TP178400","3","11041210","-0.3116","1.5406","A"
"4","Trait5","mrMLM","PstI.TP647008","3","11041234","-0.0583","0.222","C"
"4","Trait5","mrMLM","NsiI.TP131565","3","11085778","-6.264e-06","0.0014","C"
"4","Trait5","mrMLM","NsiI.TP225180","3","11100193","5.919e-06","0.0013","A"
"4","Trait5","mrMLM","NsiI.TP249405","3","11104348","1.019e-05","0.0022","G"
"4","Trait5","mrMLM","PstI.TP1102395","3","11109705","5.1312e-07","1e-04","C"
"4","Trait5","mrMLM","PstI.TP1126899","3","11139100","-6.0414e-06","0.0013","A"
"4","Trait5","mrMLM","NsiI.TP313537","3","11149200","-2.093e-05","0.0046","A"
"4","Trait5","mrMLM","PstI.TP1215110","3","11170159","1.7041e-05","0.0037","A"
"4","Trait5","mrMLM","NsiI.TP358308","3","11232963","1.2777e-05","0.0028","A"
"4","Trait5","mrMLM","PstI.TP108184","3","11234426","0.1192","0.675","A"
"4","Trait5","mrMLM","PstI.TP513105","3","11237478","9.4558e-06","0.0021","A"
"4","Trait5","mrMLM","PstI.TP910355","3","11278736","1.6283e-05","0.0036","A"
"4","Trait5","mrMLM","PstI.TP253967","3","11279127","0.0538","0.44","A"
"4","Trait5","mrMLM","NsiI.TP609355","3","11279977","1.5191e-05","0.0033","A"
"4","Trait5","mrMLM","PstI.TP46130","3","11289615","-5.8371e-06","0.0013","A"
"4","Trait5","mrMLM","PstI.TP1290066","3","11291286","0.0452","0.4349","A"
"4","Trait5","mrMLM","NsiI.TP107484","3","11301567","-2.3102e-05","0.0051","C"
"4","Trait5","mrMLM","NsiI.TP420176","3","11348401","-5.5873e-06","0.0012","G"
"4","Trait5","mrMLM","PstI.TP711381","3","11355125","1.3354e-05","0.0029","C"
"4","Trait5","mrMLM","PstI.TP1288470","3","11375569","-1.9837e-06","4e-04","C"
"4","Trait5","mrMLM","PstI.TP377249","3","11377265","1.4863e-05","0.0032","A"
"4","Trait5","mrMLM","NsiI.TP413615","3","11401977","0.0018","0.055","A"
"4","Trait5","mrMLM","PstI.TP853014","3","11408141","-1.9026e-05","0.0042","A"
"4","Trait5","mrMLM","PstI.TP1143613","3","11471096","2.685e-05","0.0059","C"
"4","Trait5","mrMLM","NsiI.TP184008","3","11490897","3.6337e-06","8e-04","A"
"4","Trait5","mrMLM","NsiI.TP619563","3","11513513","-2.0387e-05","0.0045","A"
"4","Trait5","mrMLM","PstI.TP1217016","3","11532831","0.0513","0.549","A"
"4","Trait5","mrMLM","NsiI.TP125550","3","11550598","1.7935e-05","0.0039","A"
"4","Trait5","mrMLM","PstI.TP115547","3","11558444","-2.5637e-05","0.0056","C"
"4","Trait5","mrMLM","PstI.TP840581","3","11558496","-0.0354","0.277","A"
"4","Trait5","mrMLM","PstI.TP1086017","3","11602118","-8.3928e-06","0.0018","C"
"4","Trait5","mrMLM","NsiI.TP249146","3","11611514","0.0832","0.5143","A"
"4","Trait5","mrMLM","NsiI.TP694899","3","11621467","2.3122e-06","5e-04","A"
"4","Trait5","mrMLM","NsiI.TP668937","3","11645348","-4.0071e-06","9e-04","A"
"4","Trait5","mrMLM","PstI.TP262333","3","11703052","-2.1686e-05","0.0047","A"
"4","Trait5","mrMLM","PstI.TP697323","3","11724725","2.6954e-06","6e-04","A"
"4","Trait5","mrMLM","PstI.TP412274","3","11727072","9.7613e-06","0.0021","C"
"4","Trait5","mrMLM","GFSSContig12271_165","3","11754183","6.5802e-06","0.0014","A"
"4","Trait5","mrMLM","PstI.TP1007552","3","11754660","-1.1945e-05","0.0026","C"
"4","Trait5","mrMLM","PstI.TP895240","3","11789978","2.7948e-05","0.0061","A"
"4","Trait5","mrMLM","PstI.TP1092235","3","11792122","-1.5159e-05","0.0033","A"
"4","Trait5","mrMLM","NsiI.TP108844","3","11797171","6.2727e-06","0.0014","A"
"4","Trait5","mrMLM","PstI.TP750640","3","11819956","-0.0485","0.636","C"
"4","Trait5","mrMLM","NsiI.TP434679","3","11842346","1.0662e-05","0.0023","C"
"4","Trait5","mrMLM","PstI.TP842954","3","11857444","-0.0243","0.2566","A"
"4","Trait5","mrMLM","NsiI.TP467984","3","11869759","-1.0822e-05","0.0024","C"
"4","Trait5","mrMLM","NsiI.TP642657","3","11869779","-2.4707e-05","0.0054","A"
"4","Trait5","mrMLM","NsiI.TP486680","3","11870201","-1.3024e-05","0.0028","G"
"4","Trait5","mrMLM","PstI.TP24971","3","11892571","0.0056","0.0908","A"
"4","Trait5","mrMLM","NsiI.TP807676","3","11959108","0.0228","0.28","C"
"4","Trait5","mrMLM","PstI.TP1073882","3","11959153","-3.6872e-06","8e-04","C"
"4","Trait5","mrMLM","PstI.TP340845","3","11967839","-0.5992","2.6513","C"
"4","Trait5","mrMLM","PstI.TP1292795","3","11984245","6.3362e-06","0.0014","A"
"4","Trait5","mrMLM","PstI.TP814395","3","12067947","-0.216","1.4977","C"
"4","Trait5","mrMLM","PstI.TP814397","3","12067993","0.0304","0.3912","C"
"4","Trait5","mrMLM","PstI.TP597894","3","12103125","3.8086e-06","8e-04","C"
"4","Trait5","mrMLM","PstI.TP350622","3","12106094","-0.0916","0.5935","A"
"4","Trait5","mrMLM","PstI.TP1266207","3","12109877","-4.8769e-06","0.0011","C"
"4","Trait5","mrMLM","GFSSContig19896_719","3","12136535","2.0116e-05","0.0044","T"
"4","Trait5","mrMLM","PstI.TP797446","3","12140520","1.3561e-05","0.003","A"
"4","Trait5","mrMLM","NsiI.TP645342","3","12164037","-2.3931e-05","0.0052","A"
"4","Trait5","mrMLM","NsiI.TP664405","3","12167133","-1.3112e-05","0.0029","C"
"4","Trait5","mrMLM","NsiI.TP422936","3","12174028","-2.6131e-05","0.0057","A"
"4","Trait5","mrMLM","PstI.TP370724","3","12222692","-1.5281e-05","0.0033","A"
"4","Trait5","mrMLM","PstI.TP68880","3","12222755","1.7843e-05","0.0039","A"
"4","Trait5","mrMLM","NsiI.TP199924","3","12234930","1.6064e-06","3e-04","A"
"4","Trait5","mrMLM","NsiI.TP181568","3","12237706","0.1255","0.7852","C"
"4","Trait5","mrMLM","PstI.TP1043865","3","12238339","-0.5879","2.1457","A"
"4","Trait5","mrMLM","NsiI.TP769803","3","12238811","-0.0793","0.8411","A"
"4","Trait5","mrMLM","PstI.TP413401","3","12299683","-5.9624e-06","0.0013","C"
"4","Trait5","mrMLM","PstI.TP302826","3","12312514","4.6325e-06","0.001","C"
"4","Trait5","mrMLM","PstI.TP1235051","3","12315286","2.3638e-05","0.0052","C"
"4","Trait5","mrMLM","PstI.TP273678","3","12316343","0.214","1.3309","A"
"4","Trait5","mrMLM","NsiI.TP519965","3","12385588","0.0395","0.2874","A"
"4","Trait5","mrMLM","PstI.TP140809","3","12430671","7.3195e-06","0.0016","A"
"4","Trait5","mrMLM","NsiI.TP817180","3","12436618","0.0049","0.0996","A"
"4","Trait5","mrMLM","PstI.TP154031","3","12467058","-2.1944e-05","0.0048","G"
"4","Trait5","mrMLM","PstI.TP460053","3","12467100","4.8053e-06","0.001","G"
"4","Trait5","mrMLM","PstI.TP111267","3","12467817","1.739e-05","0.0038","A"
"4","Trait5","mrMLM","PstI.TP948477","3","12469423","-3.3541e-07","7.2996e-05","A"
"4","Trait5","mrMLM","PstI.TP208155","3","12469663","-8.9153e-06","0.0019","A"
"4","Trait5","mrMLM","PstI.TP1182919","3","12471856","-0.1802","1.2048","C"
"4","Trait5","mrMLM","PstI.TP131729","3","12472832","4.2064e-06","9e-04","A"
"4","Trait5","mrMLM","PstI.TP799567","3","12474394","-0.0179","0.2468","G"
"4","Trait5","mrMLM","PstI.TP901193","3","12590444","1.3805e-05","0.003","G"
"4","Trait5","mrMLM","PstI.TP845682","3","12624260","1.671e-05","0.0037","C"
"4","Trait5","mrMLM","NsiI.TP113668","3","12624893","-3.5228e-05","0.0077","C"
"4","Trait5","mrMLM","NsiI.TP514380","3","12668487","1.3669e-05","0.003","C"
"4","Trait5","mrMLM","PstI.TP240327","3","12693160","1.2175e-05","0.0027","A"
"4","Trait5","mrMLM","PstI.TP211419","3","12715735","5.0472e-06","0.0011","C"
"4","Trait5","mrMLM","PstI.TP308412","3","12715828","1.516e-05","0.0033","A"
"4","Trait5","mrMLM","PstI.TP105023","3","12716065","-2.0642e-05","0.0045","A"
"4","Trait5","mrMLM","NsiI.TP327055","3","12746343","3.4837e-05","0.0076","A"
"4","Trait5","mrMLM","PstI.TP1025510","3","12856217","-1.5061e-06","3e-04","A"
"4","Trait5","mrMLM","NsiI.TP308651","3","12865039","-1.4343e-05","0.0031","A"
"4","Trait5","mrMLM","PstI.TP934416","3","12865830","-0.0977","1.0377","A"
"4","Trait5","mrMLM","NsiI.TP820115","3","12885820","0.1173","1.049","A"
"4","Trait5","mrMLM","PstI.TP794413","3","12896526","-1.8158e-05","0.004","G"
"4","Trait5","mrMLM","PstI.TP203633","3","12897920","0.0542","0.2707","C"
"4","Trait5","mrMLM","NsiI.TP156234","3","12904371","-0.1906","0.6042","C"
"4","Trait5","mrMLM","PstI.TP333090","3","12932645","1.818e-06","4e-04","A"
"4","Trait5","mrMLM","NsiI.TP824652","3","12949828","0.0426","0.3632","A"
"4","Trait5","mrMLM","PstI.TP861895","3","12987175","0.0017","0.0444","C"
"4","Trait5","mrMLM","NsiI.TP563229","3","13084031","-1.0357e-05","0.0023","A"
"4","Trait5","mrMLM","NsiI.TP779342","3","13084298","-1.2828e-06","3e-04","C"
"4","Trait5","mrMLM","PstI.TP53378","3","13096862","-0.0688","0.6737","C"
"4","Trait5","mrMLM","PstI.TP1034276","3","13098892","1.7803e-05","0.0039","A"
"4","Trait5","mrMLM","NsiI.TP35265","3","13099689","1.323e-06","3e-04","A"
"4","Trait5","mrMLM","NsiI.TP27544","3","13133154","-2.5997e-05","0.0057","A"
"4","Trait5","mrMLM","NsiI.TP65406","3","13181164","0.0309","0.4205","C"
"4","Trait5","mrMLM","NsiI.TP462384","3","13183947","-2.5344e-05","0.0056","A"
"4","Trait5","mrMLM","NsiI.TP550410","3","13199114","-3.3566e-06","7e-04","C"
"4","Trait5","mrMLM","NsiI.TP830575","3","13207047","1.3395e-06","3e-04","A"
"4","Trait5","mrMLM","NsiI.TP528401","3","13213249","0.1215","0.7063","A"
"4","Trait5","mrMLM","PstI.TP1200658","3","13213556","0.073","0.6358","A"
"4","Trait5","mrMLM","NsiI.TP439808","3","13233852","2.5749e-05","0.0056","A"
"4","Trait5","mrMLM","NsiI.TP389615","3","13358199","-5.7781e-06","0.0013","C"
"4","Trait5","mrMLM","NsiI.TP492954","3","13396004","-1.4364e-05","0.0031","A"
"4","Trait5","mrMLM","PstI.TP367196","3","13409311","-0.0692","0.7121","A"
"4","Trait5","mrMLM","PstI.TP1226727","3","13410875","1.976e-06","4e-04","C"
"4","Trait5","mrMLM","NsiI.TP218402","3","13422024","9.0444e-06","0.002","A"
"4","Trait5","mrMLM","PstI.TP287910","3","13439196","0.026","0.3356","C"
"4","Trait5","mrMLM","PstI.TP319819","3","13500198","9.7401e-06","0.0021","A"
"4","Trait5","mrMLM","NsiI.TP775735","3","13550015","-9.4248e-06","0.0021","C"
"4","Trait5","mrMLM","PstI.TP188785","3","13557905","0.0055","0.099","A"
"4","Trait5","mrMLM","NsiI.TP150286","3","13563733","0.0909","0.4468","A"
"4","Trait5","mrMLM","PstI.TP643018","3","13625505","5e-04","0.0192","A"
"4","Trait5","mrMLM","NsiI.TP442768","3","13681353","3.6603e-06","8e-04","A"
"4","Trait5","mrMLM","NsiI.TP388729","3","13703033","1.6684e-05","0.0036","A"
"4","Trait5","mrMLM","PstI.TP868090","3","13709410","0.0869","0.5612","A"
"4","Trait5","mrMLM","PstI.TP1289837","3","13768005","5.805e-06","0.0013","G"
"4","Trait5","mrMLM","NsiI.TP238541","3","13817896","1.7454e-05","0.0038","A"
"4","Trait5","mrMLM","PstI.TP89289","3","14045560","-3.2985e-07","7.179e-05","A"
"4","Trait5","mrMLM","NsiI.TP679326","3","14060060","9.7866e-06","0.0021","C"
"4","Trait5","mrMLM","NsiI.TP679336","3","14060064","1.6051e-05","0.0035","C"
"4","Trait5","mrMLM","PstI.TP51547","3","14061193","0.1637","2.4851","C"
"4","Trait5","mrMLM","NsiI.TP538185","3","14073186","-1.0696e-05","0.0023","C"
"4","Trait5","mrMLM","NsiI.TP380130","3","14124852","-6.1984e-06","0.0014","A"
"4","Trait5","mrMLM","NsiI.TP536543","3","14129295","-1.8561e-05","0.0041","C"
"4","Trait5","mrMLM","PstI.TP1038153","3","14204402","-0.1467","0.7496","A"
"4","Trait5","mrMLM","NsiI.TP193897","3","14207695","1.2611e-05","0.0028","C"
"4","Trait5","mrMLM","PstI.TP1048696","3","14214988","-9.4347e-06","0.0021","A"
"4","Trait5","mrMLM","GFSSContig20060_2192","3","14318717","1.4382e-05","0.0031","A"
"4","Trait5","mrMLM","NsiI.TP353977","3","14319235","-4.6034e-06","0.001","C"
"4","Trait5","mrMLM","GFSSContig13835_1414","3","14322039","-2.4001e-06","5e-04","A"
"4","Trait5","mrMLM","NsiI.TP339590","3","14330735","-6.891e-06","0.0015","A"
"4","Trait5","mrMLM","NsiI.TP351008","3","14399765","-0.0859","0.4754","C"
"4","Trait5","mrMLM","NsiI.TP222902","3","14444918","5.3278e-06","0.0012","C"
"4","Trait5","mrMLM","PstI.TP1215641","3","14451892","-0.0146","0.1407","A"
"4","Trait5","mrMLM","PstI.TP880132","3","14454738","2.4312e-05","0.0053","G"
"4","Trait5","mrMLM","PstI.TP867369","3","14568699","-2.0852e-05","0.0046","G"
"4","Trait5","mrMLM","PstI.TP867378","3","14568731","-1.4551e-05","0.0032","C"
"4","Trait5","mrMLM","PstI.TP1171725","3","14636294","0.0342","0.4251","A"
"4","Trait5","mrMLM","PstI.TP157488","3","14637148","7.1179e-06","0.0016","A"
"4","Trait5","mrMLM","PstI.TP778088","3","14656031","0.0304","0.3041","A"
"4","Trait5","mrMLM","NsiI.TP725316","3","14750214","-1.306e-05","0.0029","C"
"4","Trait5","mrMLM","PstI.TP487519","3","14750766","-0.1266","0.8999","A"
"4","Trait5","mrMLM","NsiI.TP311718","3","14840365","1.4469e-05","0.0032","A"
"4","Trait5","mrMLM","PstI.TP1220386","3","14873213","-7.4567e-06","0.0016","A"
"4","Trait5","mrMLM","PstI.TP841043","3","14943105","2.6538e-05","0.0058","C"
"4","Trait5","mrMLM","NsiI.TP440571","3","14960091","0.098","1.135","A"
"4","Trait5","mrMLM","NsiI.TP199264","3","14962697","-1.0509e-05","0.0023","A"
"4","Trait5","mrMLM","NsiI.TP231122","3","15007184","-1.5001e-06","3e-04","C"
"4","Trait5","mrMLM","PstI.TP163173","3","15054458","8.4006e-06","0.0018","A"
"4","Trait5","mrMLM","NsiI.TP485684","3","15106145","2.0635e-05","0.0045","C"
"4","Trait5","mrMLM","PstI.TP21992","3","15132086","-9.611e-06","0.0021","C"
"4","Trait5","mrMLM","PstI.TP1123006","3","15144093","-0.006","0.0919","A"
"4","Trait5","mrMLM","NsiI.TP221769","3","15194145","-6.7818e-06","0.0015","A"
"4","Trait5","mrMLM","PstI.TP356415","3","15356034","3.3401e-06","7e-04","A"
"4","Trait5","mrMLM","PstI.TP369571","3","15356314","-6.2086e-07","1e-04","C"
"4","Trait5","mrMLM","PstI.TP1024303","3","15413025","9.0442e-06","0.002","C"
"4","Trait5","mrMLM","PstI.TP876659","3","15413080","-0.0734","0.6108","C"
"4","Trait5","mrMLM","PstI.TP686919","3","15422502","2.331e-05","0.0051","A"
"4","Trait5","mrMLM","NsiI.TP302704","3","15424029","-0.0169","0.2652","C"
"4","Trait5","mrMLM","PstI.TP105118","3","15425067","2.8013e-05","0.0061","C"
"4","Trait5","mrMLM","NsiI.TP412511","3","15426781","-1.6345e-05","0.0036","A"
"4","Trait5","mrMLM","PstI.TP737313","3","15429136","0.0248","0.3063","A"
"4","Trait5","mrMLM","PstI.TP516117","3","15555143","1.2156e-06","3e-04","G"
"4","Trait5","mrMLM","PstI.TP169104","3","15672632","-8.6501e-06","0.0019","G"
"4","Trait5","mrMLM","PstI.TP1270439","3","15756535","2.3293e-05","0.0051","A"
"4","Trait5","mrMLM","NsiI.TP616451","3","15756558","4.7785e-08","1.0399e-05","A"
"4","Trait5","mrMLM","PstI.TP671700","3","15764634","-4.2641e-06","9e-04","A"
"4","Trait5","mrMLM","PstI.TP419523","3","15768751","-0.33","1.0536","C"
"4","Trait5","mrMLM","NsiI.TP571134","3","15778021","0.0566","0.6124","A"
"4","Trait5","mrMLM","PstI.TP264600","3","15802617","-2.2509e-05","0.0049","A"
"4","Trait5","mrMLM","PstI.TP679941","3","15834789","0.0395","0.3705","A"
"4","Trait5","mrMLM","PstI.TP1011738","3","15835687","-1.4467e-06","3e-04","A"
"4","Trait5","mrMLM","PstI.TP599654","3","15840870","1.4697e-05","0.0032","A"
"4","Trait5","mrMLM","NsiI.TP99982","3","15842723","0.079","0.6525","C"
"4","Trait5","mrMLM","PstI.TP1210684","3","15872813","5.4041e-06","0.0012","C"
"4","Trait5","mrMLM","PstI.TP1094069","3","15872941","1.963e-05","0.0043","A"
"4","Trait5","mrMLM","NsiI.TP36420","3","15881197","0.0094","0.139","C"
"4","Trait5","mrMLM","NsiI.TP679264","3","15889736","-1.9656e-05","0.0043","C"
"4","Trait5","mrMLM","PstI.TP295245","3","15915061","-8.2438e-06","0.0018","A"
"4","Trait5","mrMLM","PstI.TP295247","3","15915100","6.676e-06","0.0015","A"
"4","Trait5","mrMLM","NsiI.TP389874","3","15941283","8.0885e-06","0.0018","C"
"4","Trait5","mrMLM","NsiI.TP487878","3","16015288","5.9115e-06","0.0013","C"
"4","Trait5","mrMLM","PstI.TP933591","3","16034208","-0.439","3.2727","C"
"4","Trait5","mrMLM","NsiI.TP702959","3","16191811","8.1363e-06","0.0018","A"
"4","Trait5","mrMLM","NsiI.TP830904","3","16219824","-1.0835e-05","0.0024","A"
"4","Trait5","mrMLM","PstI.TP8468","3","16234278","2.156e-06","5e-04","C"
"4","Trait5","mrMLM","NsiI.TP602875","3","16331268","-4.7811e-06","0.001","A"
"4","Trait5","mrMLM","PstI.TP730744","3","16373477","2.0462e-05","0.0045","A"
"4","Trait5","mrMLM","PstI.TP662534","3","16373499","2.8342e-05","0.0062","C"
"4","Trait5","mrMLM","PstI.TP24724","3","16395774","-1.1868e-05","0.0026","G"
"4","Trait5","mrMLM","PstI.TP24722","3","16395923","0.0293","0.3833","C"
"4","Trait5","mrMLM","PstI.TP881144","3","16397608","-1.7404e-05","0.0038","C"
"4","Trait5","mrMLM","PstI.TP1263202","3","16424516","-2.3947e-05","0.0052","A"
"4","Trait5","mrMLM","NsiI.TP471929","3","16529771","8.2e-06","0.0018","C"
"4","Trait5","mrMLM","NsiI.TP471928","3","16529777","0.0087","0.1065","C"
"4","Trait5","mrMLM","NsiI.TP471927","3","16529794","-4.2363e-06","9e-04","A"
"4","Trait5","mrMLM","NsiI.TP272453","3","16542964","-0.117","0.5324","A"
"4","Trait5","mrMLM","NsiI.TP620951","3","16553842","-1.715e-05","0.0037","A"
"4","Trait5","mrMLM","NsiI.TP620953","3","16553842","2.0158e-05","0.0044","A"
"4","Trait5","mrMLM","NsiI.TP41073","3","16557308","-1.917e-06","4e-04","G"
"4","Trait5","mrMLM","PstI.TP65942","3","16722092","3.0312e-05","0.0066","A"
"4","Trait5","mrMLM","PstI.TP876556","3","16731447","-0.0105","0.1621","A"
"4","Trait5","mrMLM","NsiI.TP174240","3","16791229","0.1403","1.0012","C"
"4","Trait5","mrMLM","PstI.TP413521","3","16794353","-1.7959e-05","0.0039","C"
"4","Trait5","mrMLM","NsiI.TP620135","3","16826264","-0.2756","1.0333","A"
"4","Trait5","mrMLM","PstI.TP773027","3","16863797","-1.4871e-05","0.0032","A"
"4","Trait5","mrMLM","PstI.TP786831","3","16868831","-4.088e-06","9e-04","A"
"4","Trait5","mrMLM","PstI.TP1007253","3","16975651","-0.0262","0.1761","A"
"4","Trait5","mrMLM","NsiI.TP281455","3","17018250","0.0405","0.1951","G"
"4","Trait5","mrMLM","NsiI.TP15322","3","17021509","-2.7928e-06","6e-04","A"
"4","Trait5","mrMLM","NsiI.TP733536","3","17102485","-0.0756","0.3369","A"
"4","Trait5","mrMLM","PstI.TP232886","3","17142808","-8.538e-07","2e-04","C"
"4","Trait5","mrMLM","PstI.TP197187","3","17294454","-0.0929","0.6356","C"
"4","Trait5","mrMLM","PstI.TP1146105","3","17294985","-1.336e-05","0.0029","A"
"4","Trait5","mrMLM","PstI.TP1146103","3","17295026","-0.1189","0.8643","C"
"4","Trait5","mrMLM","NsiI.TP796663","3","17298671","-8.3259e-06","0.0018","A"
"4","Trait5","mrMLM","PstI.TP332313","3","17307698","7.4914e-07","2e-04","A"
"4","Trait5","mrMLM","NsiI.TP679308","3","17370119","-4.9976e-06","0.0011","G"
"4","Trait5","mrMLM","PstI.TP260508","3","17568419","-1.0831e-05","0.0024","A"
"4","Trait5","mrMLM","NsiI.TP420064","3","17591637","8.1586e-06","0.0018","A"
"4","Trait5","mrMLM","PstI.TP649427","3","17594522","4.5336e-05","0.01","A"
"4","Trait5","mrMLM","NsiI.TP735370","3","17759862","1.6765e-05","0.0037","A"
"4","Trait5","mrMLM","NsiI.TP467649","3","17996178","0.0406","0.2898","A"
"4","Trait5","mrMLM","NsiI.TP24515","3","17996842","0.1689","1.1705","C"
"4","Trait5","mrMLM","NsiI.TP580323","3","18001535","0.1244","0.9238","C"
"4","Trait5","mrMLM","PstI.TP1122932","3","18011135","0.0493","0.4709","A"
"4","Trait5","mrMLM","NsiI.TP475230","3","18203767","1.4623e-05","0.0032","A"
"4","Trait5","mrMLM","GFSSContig19723_735","3","18233976","1.6713e-05","0.0037","A"
"4","Trait5","mrMLM","NsiI.TP289586","3","18234531","-2.3558e-05","0.0052","A"
"4","Trait5","mrMLM","PstI.TP679532","3","18260932","-0.1693","0.7102","A"
"4","Trait5","mrMLM","NsiI.TP340767","3","18276477","1.972e-05","0.0043","G"
"4","Trait5","mrMLM","PstI.TP601752","3","18397840","1.5532e-05","0.0034","C"
"4","Trait5","mrMLM","NsiI.TP441969","3","18464066","2.2863e-05","0.005","C"
"4","Trait5","mrMLM","GFSSContig8275_336","3","18780871","2.0671e-05","0.0045","A"
"4","Trait5","mrMLM","PstI.TP898958","3","18783182","-8.6659e-06","0.0019","A"
"4","Trait5","mrMLM","NsiI.TP517346","3","18784331","1.3006e-05","0.0028","A"
"4","Trait5","mrMLM","PstI.TP60703","3","18784626","-1.4424e-05","0.0032","C"
"4","Trait5","mrMLM","PstI.TP513824","3","18798266","2.5242e-05","0.0055","A"
"4","Trait5","mrMLM","PstI.TP810408","3","18798269","-9.1808e-06","0.002","C"
"4","Trait5","mrMLM","PstI.TP1186559","3","18802983","-1.6344e-05","0.0036","G"
"4","Trait5","mrMLM","NsiI.TP374359","3","18829967","6.8322e-06","0.0015","A"
"4","Trait5","mrMLM","PstI.TP105421","3","19147994","-0.1395","1.5723","A"
"4","Trait5","mrMLM","NsiI.TP829016","3","19157041","2.7386e-05","0.006","C"
"4","Trait5","mrMLM","PstI.TP424396","3","19276647","-0.0936","1.1899","C"
"4","Trait5","mrMLM","NsiI.TP113393","3","19292462","-1.0086e-05","0.0022","A"
"4","Trait5","mrMLM","NsiI.TP420912","3","19319965","-1.1553e-06","3e-04","C"
"4","Trait5","mrMLM","PstI.TP308012","3","19320110","-1.9258e-06","4e-04","A"
"4","Trait5","mrMLM","PstI.TP49191","3","19403522","-0.203","0.9293","A"
"4","Trait5","mrMLM","PstI.TP1274885","3","19467449","2.8903e-05","0.0063","C"
"4","Trait5","mrMLM","PstI.TP830863","3","19467690","0.0791","0.6843","A"
"4","Trait5","mrMLM","PstI.TP246975","3","19673688","3.1555e-05","0.0069","A"
"4","Trait5","mrMLM","PstI.TP731882","3","19716780","0.0062","0.0875","C"
"4","Trait5","mrMLM","PstI.TP1038494","3","19716895","-0.067","0.5369","C"
"4","Trait5","mrMLM","PstI.TP50734","3","19717023","0.0297","0.2729","G"
"4","Trait5","mrMLM","GFSSContig17760_1991","3","19940061","-4.3388e-06","9e-04","A"
"4","Trait5","mrMLM","PstI.TP715461","3","20004205","0.0185","0.2217","C"
"4","Trait5","mrMLM","PstI.TP956119","3","20016642","-2.1209e-05","0.0046","C"
"4","Trait5","mrMLM","PstI.TP77540","3","20016862","1.5047e-05","0.0033","A"
"4","Trait5","mrMLM","NsiI.TP376064","3","20037868","1.619e-05","0.0035","G"
"4","Trait5","mrMLM","PstI.TP654145","3","20073167","4.1925e-06","9e-04","A"
"4","Trait5","mrMLM","PstI.TP765965","3","20259611","3.5448e-05","0.0078","C"
"4","Trait5","mrMLM","GFSSContig10593_69","3","20368364","-2.2981e-05","0.005","A"
"4","Trait5","mrMLM","NsiI.TP216176","3","20518674","-1.603e-06","3e-04","A"
"4","Trait5","mrMLM","PstI.TP958037","3","20518856","3.62e-06","8e-04","C"
"4","Trait5","mrMLM","PstI.TP42359","3","20536087","1.9882e-05","0.0043","C"
"4","Trait5","mrMLM","GFSSContig13202_231","3","20804060","6.0946e-06","0.0013","A"
"4","Trait5","mrMLM","PstI.TP485073","3","20881384","0.0634","0.4901","C"
"4","Trait5","mrMLM","NsiI.TP471510","3","20919773","-1.6115e-05","0.0035","G"
"4","Trait5","mrMLM","NsiI.TP120931","3","20921114","0.0187","0.148","C"
"4","Trait5","mrMLM","GFSSContig13702_411","3","23670210","2.5448e-05","0.0056","A"
"4","Trait5","mrMLM","PstI.TP933357","3","24835151","-0.1149","0.6756","G"
"4","Trait5","mrMLM","PstI.TP933353","3","24835175","-1.0869e-05","0.0024","C"
"4","Trait5","mrMLM","PstI.TP1109574","3","25892792","1.0804e-06","2e-04","A"
"4","Trait5","mrMLM","PstI.TP82997","3","26681365","-3.0672e-06","7e-04","C"
"4","Trait5","mrMLM","NsiI.TP187491","3","26963306","2.7985e-05","0.0061","C"
"4","Trait5","mrMLM","PstI.TP766646","3","27736431","1.1565e-06","3e-04","A"
"4","Trait5","mrMLM","NsiI.TP386998","3","27744393","-1.6825e-05","0.0037","C"
"4","Trait5","mrMLM","PstI.TP775215","3","27762023","-1.0881e-07","2.3683e-05","G"
"4","Trait5","mrMLM","PstI.TP1045559","3","27964225","-1.1608e-05","0.0025","C"
"4","Trait5","mrMLM","NsiI.TP454398","3","27980767","1.4311e-05","0.0031","A"
"4","Trait5","mrMLM","GFSSContig14674_1096","3","28457341","1.3896e-05","0.003","T"
"4","Trait5","mrMLM","PstI.TP242731","3","28459042","1.8177e-05","0.004","A"
"4","Trait5","mrMLM","NsiI.TP721989","3","28849579","-8.4118e-06","0.0018","A"
"4","Trait5","mrMLM","NsiI.TP165117","3","28937633","-1.1784e-05","0.0026","A"
"4","Trait5","mrMLM","PstI.TP1043493","3","29129522","-0.0555","0.2698","G"
"4","Trait5","mrMLM","PstI.TP461080","3","29174937","-4.924e-06","0.0011","A"
"4","Trait5","mrMLM","NsiI.TP672907","3","29368902","0.0527","0.4386","A"
"4","Trait5","mrMLM","PstI.TP50293","3","29381523","-1.8179e-05","0.004","A"
"4","Trait5","mrMLM","PstI.TP1026819","3","29389410","3.8363e-06","8e-04","C"
"4","Trait5","mrMLM","PstI.TP315998","3","29390832","-4.1163e-06","9e-04","A"
"4","Trait5","mrMLM","PstI.TP175027","3","30286779","1.7273e-05","0.0038","C"
"4","Trait5","mrMLM","PstI.TP176384","3","30293354","2.4924e-06","5e-04","C"
"4","Trait5","mrMLM","PstI.TP69787","3","30530582","-2.6195e-05","0.0057","G"
"4","Trait5","mrMLM","PstI.TP489540","3","30530607","0.0941","0.5779","C"
"4","Trait5","mrMLM","NsiI.TP573918","3","32132222","3.13e-05","0.0069","C"
"4","Trait5","mrMLM","NsiI.TP88373","3","36475016","-8.0159e-06","0.0017","C"
"4","Trait5","mrMLM","PstI.TP118856","3","37389858","0.1376","0.6706","G"
"4","Trait5","mrMLM","NsiI.TP29043","3","38303455","8.8453e-06","0.0019","C"
"4","Trait5","mrMLM","NsiI.TP118097","3","38372677","-5.7068e-06","0.0012","G"
"4","Trait5","mrMLM","NsiI.TP791854","3","38566702","-1.6364e-05","0.0036","C"
"4","Trait5","mrMLM","NsiI.TP790468","3","38566710","-0.1059","1.3433","A"
"4","Trait5","mrMLM","NsiI.TP636263","3","38566722","3.0689e-05","0.0067","A"
"4","Trait5","mrMLM","NsiI.TP168458","3","38768710","-5.6334e-06","0.0012","A"
"4","Trait5","mrMLM","PstI.TP210083","3","39389888","-0.2447","2.0941","A"
"4","Trait5","mrMLM","PstI.TP1277415","3","39391648","-5.1464e-06","0.0011","A"
"4","Trait5","mrMLM","NsiI.TP571751","3","39398206","-1.9409e-05","0.0042","C"
"4","Trait5","mrMLM","PstI.TP176124","3","41212630","-3.0454e-06","7e-04","C"
"4","Trait5","mrMLM","NsiI.TP514212","3","41353039","-6.0163e-06","0.0013","C"
"4","Trait5","mrMLM","NsiI.TP783209","3","41877564","-1.9736e-06","4e-04","C"
"4","Trait5","mrMLM","NsiI.TP434107","3","41984598","1.0254e-05","0.0022","C"
"4","Trait5","mrMLM","PstI.TP961429","3","42107327","2.3534e-05","0.0052","A"
"4","Trait5","mrMLM","NsiI.TP452197","3","42637106","-7.2636e-06","0.0016","A"
"4","Trait5","mrMLM","NsiI.TP713867","3","44528410","-1.453e-05","0.0032","A"
"4","Trait5","mrMLM","PstI.TP262720","3","44841430","3.978e-06","9e-04","C"
"4","Trait5","mrMLM","PstI.TP112648","3","44928201","2.4849e-05","0.0054","A"
"4","Trait5","mrMLM","PstI.TP482650","3","44928246","-1.0421e-05","0.0023","A"
"4","Trait5","mrMLM","PstI.TP1217918","3","44928959","1.474e-05","0.0032","C"
"4","Trait5","mrMLM","NsiI.TP375876","3","45274559","9.647e-06","0.0021","A"
"4","Trait5","mrMLM","PstI.TP530571","3","45538893","0.0215","0.1399","C"
"4","Trait5","mrMLM","NsiI.TP109767","3","45539191","-2.2135e-05","0.0048","C"
"4","Trait5","mrMLM","NsiI.TP499493","3","45563275","0.0515","0.6131","A"
"4","Trait5","mrMLM","PstI.TP156057","3","45564496","-0.0725","0.7979","A"
"4","Trait5","mrMLM","NsiI.TP603323","3","45571402","-1.5695e-05","0.0034","C"
"4","Trait5","mrMLM","PstI.TP898924","3","45627071","5.5362e-06","0.0012","G"
"4","Trait5","mrMLM","PstI.TP309206","3","45627127","1.5045e-06","3e-04","C"
"4","Trait5","mrMLM","NsiI.TP701706","3","45628159","5.9703e-06","0.0013","A"
"4","Trait5","mrMLM","NsiI.TP602866","3","45640292","-1e-04","0.0115","C"
"4","Trait5","mrMLM","PstI.TP1260663","3","46365943","-1.0392e-05","0.0023","G"
"4","Trait5","mrMLM","NsiI.TP411037","3","46590356","2.2733e-05","0.005","A"
"4","Trait5","mrMLM","NsiI.TP145844","3","46777098","0.1174","0.9127","A"
"4","Trait5","mrMLM","NsiI.TP689486","3","46809623","-1.3065e-05","0.0029","A"
"4","Trait5","mrMLM","PstI.TP275923","3","46818280","5.7871e-06","0.0013","A"
"4","Trait5","mrMLM","NsiI.TP436934","3","46864295","-0.0375","0.5265","A"
"4","Trait5","mrMLM","NsiI.TP823981","3","46941934","-2.591e-06","6e-04","C"
"4","Trait5","mrMLM","NsiI.TP328743","3","47606967","3.2157e-05","0.0071","C"
"4","Trait5","mrMLM","NsiI.TP415228","3","47610168","-0.0167","0.2377","A"
"4","Trait5","mrMLM","NsiI.TP62377","3","48524833","0.0771","0.6273","A"
"4","Trait5","mrMLM","NsiI.TP819503","3","48628844","-2.9449e-05","0.0065","G"
"4","Trait5","mrMLM","NsiI.TP546249","3","48691658","-3.4532e-05","0.0054","A"
"4","Trait5","mrMLM","NsiI.TP611089","3","48693616","1.1854e-06","3e-04","A"
"4","Trait5","mrMLM","PstI.TP1256120","3","48694888","-0.2002","1.7508","A"
"4","Trait5","mrMLM","NsiI.TP706994","3","48751967","1.3203e-05","0.0029","A"
"4","Trait5","mrMLM","NsiI.TP529810","3","48806886","-2.572e-05","0.0056","C"
"4","Trait5","mrMLM","NsiI.TP627000","3","48915039","-1.0686e-05","0.0023","A"
"4","Trait5","mrMLM","NsiI.TP425455","3","48959611","-1.0652e-05","0.0023","A"
"4","Trait5","mrMLM","NsiI.TP425456","3","48959639","-0.0045","0.0694","A"
"4","Trait5","mrMLM","PstI.TP643551","3","49027360","0.0856","0.6319","G"
"4","Trait5","mrMLM","NsiI.TP464599","3","49109508","-2.1643e-05","0.0047","C"
"4","Trait5","mrMLM","PstI.TP1189709","3","49508836","2.5787e-05","0.0056","A"
"4","Trait5","mrMLM","NsiI.TP481731","3","49592212","1.5514e-05","0.0034","A"
"4","Trait5","mrMLM","GFSSContig15237_626","3","49715414","-2.9946e-05","0.0066","A"
"4","Trait5","mrMLM","PstI.TP1005487","3","49717109","-1.1901e-05","0.0026","C"
"4","Trait5","mrMLM","PstI.TP643547","3","49717113","-0.0876","0.5471","A"
"4","Trait5","mrMLM","PstI.TP1030600","3","49719109","-1.6624e-05","0.0036","C"
"4","Trait5","mrMLM","NsiI.TP246083","3","49774550","-0.2312","0.7297","C"
"4","Trait5","mrMLM","PstI.TP1159254","3","50031209","-2.3566e-05","0.0052","C"
"4","Trait5","mrMLM","PstI.TP609001","3","50049992","1.085e-05","0.0024","C"
"4","Trait5","mrMLM","NsiI.TP737934","3","50050790","-1.137e-05","0.0025","A"
"4","Trait5","mrMLM","NsiI.TP101439","3","50050903","-1.6425e-05","0.0036","C"
"4","Trait5","mrMLM","NsiI.TP190013","3","50060923","0.5308","1.8559","A"
"4","Trait5","mrMLM","NsiI.TP707686","3","50280980","-6.9783e-06","0.0015","C"
"4","Trait5","mrMLM","PstI.TP1039693","3","50291092","-2.461e-05","0.0054","A"
"4","Trait5","mrMLM","PstI.TP308868","3","50361949","-1.8317e-05","0.004","A"
"4","Trait5","mrMLM","PstI.TP22049","3","50375809","0.1373","0.6178","C"
"4","Trait5","mrMLM","PstI.TP380502","3","50376181","-6.4984e-06","0.0014","A"
"4","Trait5","mrMLM","PstI.TP366877","3","50380522","1.7455e-05","0.0038","A"
"4","Trait5","mrMLM","PstI.TP885758","3","50408437","-3.0458e-07","6.6317e-05","C"
"4","Trait5","mrMLM","NsiI.TP570404","3","50549540","-8.396e-06","0.0018","C"
"4","Trait5","mrMLM","NsiI.TP554032","3","50563424","0.0322","0.4658","A"
"4","Trait5","mrMLM","NsiI.TP470421","3","50564096","0.0235","0.3336","C"
"4","Trait5","mrMLM","NsiI.TP470422","3","50564127","0.055","0.3341","C"
"4","Trait5","mrMLM","NsiI.TP125437","3","50564139","3.6181e-05","0.0079","C"
"4","Trait5","mrMLM","NsiI.TP123876","3","50564177","-0.055","0.3141","A"
"4","Trait5","mrMLM","NsiI.TP621554","3","50623569","-3.3907e-05","0.0074","G"
"4","Trait5","mrMLM","PstI.TP1112912","3","50623707","-1.6178e-05","0.0035","A"
"4","Trait5","mrMLM","NsiI.TP396295","3","50627087","-0.0211","0.3082","A"
"4","Trait5","mrMLM","PstI.TP646918","3","50666591","-1.5904e-05","0.0035","A"
"4","Trait5","mrMLM","PstI.TP704244","3","50687892","-0.24","1.9498","A"
"4","Trait5","mrMLM","NsiI.TP404012","3","50726629","-0.0997","0.4723","A"
"4","Trait5","mrMLM","PstI.TP48479","3","50764585","2.1759e-05","0.0048","A"
"4","Trait5","mrMLM","NsiI.TP173646","3","50768852","8.5688e-06","0.0019","A"
"4","Trait5","mrMLM","PstI.TP1230172","3","50775530","-5.8024e-07","1e-04","C"
"4","Trait5","mrMLM","PstI.TP1126954","3","50775750","1.8207e-05","0.004","A"
"4","Trait5","mrMLM","PstI.TP541336","3","50804241","1.3033e-05","0.0028","A"
"4","Trait5","mrMLM","NsiI.TP320222","3","50881942","0.1255","1.0244","A"
"4","Trait5","mrMLM","NsiI.TP425325","3","50885200","2.8226e-05","0.0062","G"
"4","Trait5","mrMLM","NsiI.TP174068","3","50891816","-1.6849e-05","0.0037","A"
"4","Trait5","mrMLM","PstI.TP840235","3","50897546","-2.2904e-05","0.005","G"
"4","Trait5","mrMLM","PstI.TP254515","3","50898097","-3.7845e-06","8e-04","C"
"4","Trait5","mrMLM","PstI.TP354335","3","50899095","-0.1223","0.4699","C"
"4","Trait5","mrMLM","PstI.TP1068006","3","51034769","5.8361e-06","0.0013","C"
"4","Trait5","mrMLM","PstI.TP983937","3","51061004","2.0497e-05","0.0045","C"
"4","Trait5","mrMLM","PstI.TP528708","3","51123508","0.0839","0.5769","A"
"4","Trait5","mrMLM","NsiI.TP819861","3","51143212","0.0136","0.2297","C"
"4","Trait5","mrMLM","PstI.TP229875","3","51162558","1.1159e-05","0.0024","C"
"4","Trait5","mrMLM","PstI.TP382498","3","51237483","4.273e-06","9e-04","A"
"4","Trait5","mrMLM","PstI.TP249697","3","51237492","0.0298","0.2707","A"
"4","Trait5","mrMLM","NsiI.TP287446","3","51237637","1.7996e-05","0.0039","C"
"4","Trait5","mrMLM","PstI.TP505936","3","51322827","2.0457e-05","0.0045","A"
"4","Trait5","mrMLM","PstI.TP789643","3","51322890","-3.1169e-05","0.0068","C"
"4","Trait5","mrMLM","PstI.TP236499","3","51323526","2.3669e-05","0.0052","A"
"4","Trait5","mrMLM","NsiI.TP241521","3","51401464","-0.0662","0.3987","C"
"4","Trait5","mrMLM","PstI.TP821727","3","51406610","-1.7698e-05","0.0039","A"
"4","Trait5","mrMLM","PstI.TP324481","3","51536521","-0.0403","0.2934","C"
"4","Trait5","mrMLM","PstI.TP722060","3","51617970","1.0306e-05","0.0022","A"
"4","Trait5","mrMLM","NsiI.TP85397","3","51623606","3.4861e-05","0.0077","C"
"4","Trait5","mrMLM","PstI.TP95870","3","51646220","1.27e-05","0.0028","C"
"4","Trait5","mrMLM","PstI.TP38299","3","51647164","-1.3335e-05","0.0029","C"
"4","Trait5","mrMLM","NsiI.TP442129","3","51657346","1.7634e-05","0.0039","C"
"4","Trait5","mrMLM","NsiI.TP556897","3","51657863","2.4143e-05","0.0053","A"
"4","Trait5","mrMLM","NsiI.TP779384","3","51680503","2.9383e-05","0.0064","A"
"4","Trait5","mrMLM","NsiI.TP779386","3","51680530","1.8715e-05","0.0041","C"
"4","Trait5","mrMLM","NsiI.TP520094","3","51791708","2.2722e-06","5e-04","A"
"4","Trait5","mrMLM","NsiI.TP218789","3","51796050","2.8419e-05","0.0062","G"
"4","Trait5","mrMLM","NsiI.TP218788","3","51796084","-4.8558e-06","0.0011","A"
"4","Trait5","mrMLM","NsiI.TP38808","3","51798536","-7.8501e-06","0.0017","G"
"4","Trait5","mrMLM","NsiI.TP89943","3","51800909","-4.4272e-06","0.001","C"
"4","Trait5","mrMLM","PstI.TP463155","3","51816930","2.0154e-05","0.0044","C"
"4","Trait5","mrMLM","PstI.TP21476","3","51831530","-2.3598e-07","5.1365e-05","C"
"4","Trait5","mrMLM","PstI.TP460467","3","51838826","0.0513","0.5433","C"
"4","Trait5","mrMLM","PstI.TP1169498","3","51898039","2.9994e-05","0.0066","C"
"4","Trait5","mrMLM","NsiI.TP40632","3","51898973","2.4988e-05","0.0055","C"
"4","Trait5","mrMLM","PstI.TP597478","3","51899678","-1.314e-08","2.8599e-06","A"
"4","Trait5","mrMLM","PstI.TP981287","3","51905432","0.0374","0.3208","A"
"4","Trait5","mrMLM","PstI.TP148151","3","51906026","-0.0459","0.3401","C"
"4","Trait5","mrMLM","PstI.TP1169049","3","51910083","0.0182","0.1927","A"
"4","Trait5","mrMLM","NsiI.TP568257","3","51913950","1.2617e-05","0.0028","C"
"4","Trait5","mrMLM","NsiI.TP641107","3","51931014","-1.2251e-05","0.0027","A"
"4","Trait5","mrMLM","NsiI.TP111578","3","51972260","-2.4611e-05","0.0054","A"
"4","Trait5","mrMLM","NsiI.TP412310","3","51975007","-0.2205","0.8682","A"
"4","Trait5","mrMLM","NsiI.TP360003","3","52004296","-7.7208e-06","0.0017","G"
"4","Trait5","mrMLM","PstI.TP346744","3","52014149","-0.0449","0.5244","A"
"4","Trait5","mrMLM","NsiI.TP217705","3","52086855","1.2574e-05","0.0027","C"
"4","Trait5","mrMLM","PstI.TP1266759","3","52149252","-8.4273e-07","2e-04","C"
"4","Trait5","mrMLM","PstI.TP1087177","3","52153001","0.0107","0.0971","A"
"4","Trait5","mrMLM","NsiI.TP27440","3","52246752","-9.6585e-06","0.0021","A"
"4","Trait5","mrMLM","PstI.TP178525","3","52262548","1.2359e-05","0.0027","A"
"4","Trait5","mrMLM","NsiI.TP778183","3","52267523","-5.8938e-06","0.0013","A"
"4","Trait5","mrMLM","PstI.TP465863","3","52270722","-0.0319","0.3113","C"
"4","Trait5","mrMLM","PstI.TP806693","3","52342115","1.0795e-05","0.0024","A"
"4","Trait5","mrMLM","PstI.TP793079","3","52368295","-2.1415e-05","0.0047","C"
"4","Trait5","mrMLM","PstI.TP209991","3","52373704","8.6248e-06","0.0019","C"
"4","Trait5","mrMLM","NsiI.TP375747","3","52422596","-5.4363e-06","0.0012","G"
"4","Trait5","mrMLM","PstI.TP74594","3","52427704","-2.8632e-06","6e-04","C"
"4","Trait5","mrMLM","NsiI.TP797788","3","52444465","0.053","0.5684","A"
"4","Trait5","mrMLM","NsiI.TP612104","3","52461118","1.5326e-05","0.0033","C"
"4","Trait5","mrMLM","PstI.TP218793","3","52473609","1.815e-05","0.004","C"
"4","Trait5","mrMLM","NsiI.TP772099","3","52480890","-2.3287e-06","5e-04","C"
"4","Trait5","mrMLM","PstI.TP232399","3","52637459","1.8906e-05","0.0041","A"
"4","Trait5","mrMLM","PstI.TP1274894","3","52668866","-9.9857e-06","0.0022","C"
"4","Trait5","mrMLM","GFSSContig10620_391","3","52780412","-8.7654e-06","0.0019","T"
"4","Trait5","mrMLM","GFSSContig10620_634","3","52781343","0.0313","0.3493","T"
"4","Trait5","mrMLM","PstI.TP73125","3","52783142","1.6094e-07","3.5028e-05","G"
"4","Trait5","mrMLM","PstI.TP1231136","3","52841481","0.0036","0.0705","C"
"4","Trait5","mrMLM","PstI.TP908229","3","52846575","0.0217","0.1642","C"
"4","Trait5","mrMLM","PstI.TP114373","3","52855853","-1.0472e-05","0.0023","A"
"4","Trait5","mrMLM","NsiI.TP184053","3","52975387","1.6419e-05","0.0036","G"
"4","Trait5","mrMLM","NsiI.TP612897","3","53000216","-1.8576e-06","4e-04","C"
"4","Trait5","mrMLM","NsiI.TP237414","3","53070218","-2.2438e-05","0.0049","A"
"4","Trait5","mrMLM","PstI.TP537424","3","53114444","-6.1166e-06","0.0013","C"
"4","Trait5","mrMLM","PstI.TP696439","3","53175188","-1.5325e-05","0.0033","C"
"4","Trait5","mrMLM","PstI.TP1178174","3","53189924","-0.1492","0.7983","C"
"4","Trait5","mrMLM","NsiI.TP390512","3","53191618","-2.1524e-05","0.0047","C"
"4","Trait5","mrMLM","PstI.TP1169991","3","53218048","-0.2295","1.6511","A"
"4","Trait5","mrMLM","NsiI.TP753682","3","53229241","1.4565e-05","0.0032","C"
"4","Trait5","mrMLM","NsiI.TP488350","3","53232085","-2.0099e-05","0.0044","A"
"4","Trait5","mrMLM","PstI.TP482477","3","53260098","1.4891e-06","3e-04","A"
"4","Trait5","mrMLM","PstI.TP282777","3","53278988","0.1152","0.7999","C"
"4","Trait5","mrMLM","NsiI.TP338771","3","53281012","0.2188","0.8714","C"
"4","Trait5","mrMLM","NsiI.TP668278","3","53284401","-2.8609e-05","0.0063","A"
"4","Trait5","mrMLM","PstI.TP1001126","3","53290416","1.3014e-05","0.0028","C"
"4","Trait5","mrMLM","NsiI.TP632251","3","53336761","1.1043e-05","0.0024","A"
"4","Trait5","mrMLM","PstI.TP62997","3","53375307","-2.8362e-06","6e-04","A"
"4","Trait5","mrMLM","NsiI.TP678203","3","53375307","9.444e-07","2e-04","C"
"4","Trait5","mrMLM","NsiI.TP751110","3","53391145","0.0594","0.5027","A"
"4","Trait5","mrMLM","NsiI.TP589727","3","53404125","7.1205e-07","2e-04","G"
"4","Trait5","mrMLM","NsiI.TP455635","3","53468049","5.5395e-06","0.0012","C"
"4","Trait5","mrMLM","PstI.TP920178","3","53498058","0.0596","0.3736","G"
"4","Trait5","mrMLM","PstI.TP120798","3","53516016","1.8953e-05","0.0041","G"
"4","Trait5","mrMLM","PstI.TP607503","3","53550832","-1.7198e-05","0.0038","C"
"4","Trait5","mrMLM","PstI.TP138896","3","53559658","-1.9137e-05","0.0042","A"
"4","Trait5","mrMLM","PstI.TP900003","3","53586609","-5.893e-06","0.0013","A"
"4","Trait5","mrMLM","NsiI.TP270392","3","53588941","-0.2017","0.8597","C"
"4","Trait5","mrMLM","NsiI.TP149575","3","53623427","1.6151e-06","4e-04","C"
"4","Trait5","mrMLM","GFSSContig20069_834","3","53623880","1.5677e-06","3e-04","A"
"4","Trait5","mrMLM","PstI.TP1184962","3","53633241","3.6912e-05","0.0081","A"
"4","Trait5","mrMLM","PstI.TP388577","3","53679201","-5.751e-06","0.0013","A"
"4","Trait5","mrMLM","NsiI.TP48583","3","53683290","3.4007e-06","7e-04","C"
"4","Trait5","mrMLM","NsiI.TP682055","3","53727323","-2.8883e-05","0.0063","A"
"4","Trait5","mrMLM","NsiI.TP181453","3","53736628","1.6141e-05","0.0035","A"
"4","Trait5","mrMLM","NsiI.TP174041","3","53753386","-0.0671","0.2469","A"
"4","Trait5","mrMLM","PstI.TP587275","3","53798725","1.2246e-05","0.0027","C"
"4","Trait5","mrMLM","PstI.TP951441","3","53917406","7.6348e-06","0.0017","C"
"4","Trait5","mrMLM","NsiI.TP468502","3","53945669","1.1454e-05","0.0025","C"
"4","Trait5","mrMLM","PstI.TP126937","3","53948314","-0.1572","1.1696","A"
"4","Trait5","mrMLM","PstI.TP35140","3","54088946","1.1532e-05","0.0025","C"
"4","Trait5","mrMLM","NsiI.TP709767","3","54092447","0.0372","0.3774","G"
"4","Trait5","mrMLM","NsiI.TP321318","3","54101895","3.4361e-05","0.0075","A"
"4","Trait5","mrMLM","PstI.TP325811","3","54129392","-3.9739e-06","9e-04","C"
"4","Trait5","mrMLM","PstI.TP325958","3","54129415","-1.7237e-05","0.0038","C"
"4","Trait5","mrMLM","PstI.TP661215","3","54129611","-1.7219e-05","0.0038","A"
"4","Trait5","mrMLM","PstI.TP343739","3","54134760","2.5288e-05","0.0055","C"
"4","Trait5","mrMLM","NsiI.TP809217","3","54180993","1.714e-06","4e-04","A"
"4","Trait5","mrMLM","NsiI.TP33438","3","54220318","5.1935e-06","0.0011","A"
"4","Trait5","mrMLM","NsiI.TP32394","3","54277373","-0.0056","0.08","C"
"4","Trait5","mrMLM","PstI.TP609245","3","54319663","2.2767e-06","5e-04","A"
"4","Trait5","mrMLM","PstI.TP318422","3","54362877","1.372e-05","0.003","A"
"4","Trait5","mrMLM","PstI.TP1291134","3","54363846","0.123","0.976","C"
"4","Trait5","mrMLM","PstI.TP550115","3","54367520","1.1971e-05","0.0026","G"
"4","Trait5","mrMLM","PstI.TP550121","3","54367525","0.2855","1.2526","C"
"4","Trait5","mrMLM","NsiI.TP59696","3","54391522","0.2485","0.819","A"
"4","Trait5","mrMLM","NsiI.TP662609","3","54492130","-6.1745e-06","0.0013","C"
"4","Trait5","mrMLM","GFSSContig18167_254","3","54614177","1.0463e-05","0.0023","A"
"4","Trait5","mrMLM","PstI.TP533617","3","54614431","-5.0368e-07","1e-04","A"
"4","Trait5","mrMLM","PstI.TP82542","3","54652150","-4.2282e-06","9e-04","A"
"4","Trait5","mrMLM","PstI.TP246552","3","54709176","-1.6932e-05","0.0037","C"
"4","Trait5","mrMLM","PstI.TP791833","3","54714868","6.3098e-06","0.0014","C"
"4","Trait5","mrMLM","PstI.TP141051","3","54726050","-0.0718","0.319","C"
"4","Trait5","mrMLM","NsiI.TP415908","3","54738061","0.0522","0.5068","A"
"4","Trait5","mrMLM","NsiI.TP640361","3","54738814","-0.0242","0.2944","A"
"4","Trait5","mrMLM","NsiI.TP640362","3","54738821","-1.904e-05","0.0042","G"
"4","Trait5","mrMLM","PstI.TP11080","3","54738867","1.1711e-05","0.0026","C"
"4","Trait5","mrMLM","PstI.TP475943","3","54779935","-0.1022","0.4345","G"
"4","Trait5","mrMLM","PstI.TP475958","3","54779957","1.3432e-05","0.0029","C"
"4","Trait5","mrMLM","PstI.TP342602","3","54780030","-1.6593e-05","0.0036","A"
"4","Trait5","mrMLM","PstI.TP1162288","3","54780033","-4.2039e-05","0.0092","C"
"4","Trait5","mrMLM","PstI.TP580928","3","54824392","-3.0686e-05","0.0067","A"
"4","Trait5","mrMLM","PstI.TP508387","3","54826011","-1.9427e-05","0.0042","A"
"4","Trait5","mrMLM","PstI.TP862971","3","54829131","-0.0636","0.3054","A"
"4","Trait5","mrMLM","PstI.TP105605","3","54845915","-0.0265","0.1648","G"
"4","Trait5","mrMLM","PstI.TP302301","3","54893826","1.16e-05","0.0025","A"
"4","Trait5","mrMLM","PstI.TP119200","3","54894448","-5.1885e-06","0.0011","A"
"4","Trait5","mrMLM","PstI.TP395597","3","54899385","-1.049e-05","0.0023","C"
"4","Trait5","mrMLM","PstI.TP21217","3","54903763","-2.8373e-06","6e-04","A"
"4","Trait5","mrMLM","PstI.TP545057","3","54934171","1.9782e-05","0.0043","C"
"4","Trait5","mrMLM","NsiI.TP402018","3","54935727","1.6351e-05","0.0036","A"
"4","Trait5","mrMLM","PstI.TP180781","3","54937150","1.6977e-05","0.0037","A"
"4","Trait5","mrMLM","PstI.TP802382","3","54961574","-5.7607e-07","1e-04","C"
"4","Trait5","mrMLM","NsiI.TP813726","3","54995836","-1.1223e-05","0.0024","C"
"4","Trait5","mrMLM","PstI.TP57881","3","55001488","-0.0399","0.284","A"
"4","Trait5","mrMLM","NsiI.TP148887","3","55003733","1.8701e-06","4e-04","A"
"4","Trait5","mrMLM","NsiI.TP180962","3","55022518","-0.1534","2.7513","C"
"4","Trait5","mrMLM","PstI.TP982467","3","55023479","2.2029e-05","0.0048","C"
"4","Trait5","mrMLM","PstI.TP110387","3","55061235","-1.2662e-05","0.0028","A"
"4","Trait5","mrMLM","PstI.TP773172","3","55061314","0.1769","3.218","A"
"4","Trait5","mrMLM","PstI.TP1027457","3","55061994","-0.0365","0.2479","A"
"4","Trait5","mrMLM","PstI.TP868137","3","55062786","-0.1433","0.732","C"
"4","Trait5","mrMLM","PstI.TP1201964","3","55064837","-4.0282e-06","9e-04","A"
"4","Trait5","mrMLM","PstI.TP1011116","3","55073374","0.0659","0.7304","A"
"4","Trait5","mrMLM","PstI.TP258402","3","55103333","-9.9591e-06","0.0022","C"
"4","Trait5","mrMLM","PstI.TP482340","3","55123583","-9.7642e-06","0.0021","G"
"4","Trait5","mrMLM","PstI.TP493463","3","55158212","-2.0675e-05","0.0045","C"
"4","Trait5","mrMLM","NsiI.TP21532","3","55159486","6.4955e-06","0.0014","C"
"4","Trait5","mrMLM","PstI.TP180056","3","55163564","-0.133","0.7216","C"
"4","Trait5","mrMLM","PstI.TP370692","3","55164432","1.8117e-05","0.004","C"
"4","Trait5","mrMLM","PstI.TP611035","3","55264003","-1.0681e-06","2e-04","C"
"4","Trait5","mrMLM","NsiI.TP572298","3","55282727","2.7802e-05","0.0061","A"
"4","Trait5","mrMLM","NsiI.TP134779","3","55282911","-3.2451e-06","7e-04","A"
"4","Trait5","mrMLM","PstI.TP732481","3","55304067","2.701e-05","0.0059","C"
"4","Trait5","mrMLM","NsiI.TP660703","3","55310103","-3.7384e-06","8e-04","A"
"4","Trait5","mrMLM","PstI.TP301582","3","55310171","2.4561e-05","0.0054","A"
"4","Trait5","mrMLM","NsiI.TP810259","3","55341510","-2.5853e-05","0.0057","G"
"4","Trait5","mrMLM","NsiI.TP63560","3","55345174","6.3017e-06","0.0014","A"
"4","Trait5","mrMLM","PstI.TP1020718","3","55345299","2.0725e-05","0.0045","C"
"4","Trait5","mrMLM","NsiI.TP299172","3","55365719","-0.0822","0.5827","C"
"4","Trait5","mrMLM","GFk40ctg540920_180","3","55373583","-0.0111","0.1724","A"
"4","Trait5","mrMLM","PstI.TP643851","3","55374705","0.0336","0.2996","C"
"4","Trait5","mrMLM","NsiI.TP799523","3","55381507","-0.0039","0.1042","C"
"4","Trait5","mrMLM","NsiI.TP634419","3","55382335","-1.9695e-06","4e-04","C"
"4","Trait5","mrMLM","NsiI.TP149005","3","55409152","-0.0833","0.7679","C"
"4","Trait5","mrMLM","PstI.TP951275","3","55414649","-1.9011e-05","0.0042","C"
"4","Trait5","mrMLM","PstI.TP345838","3","55454066","1.7585e-05","0.0038","C"
"4","Trait5","mrMLM","PstI.TP790301","3","55460621","0.147","0.7618","C"
"4","Trait5","mrMLM","PstI.TP780666","3","55474046","2.2339e-05","0.0049","A"
"4","Trait5","mrMLM","PstI.TP853696","3","55474054","1.1103e-06","2e-04","C"
"4","Trait5","mrMLM","NsiI.TP475307","3","55474106","-1.7748e-05","0.0039","A"
"4","Trait5","mrMLM","PstI.TP75872","3","55474631","2.4663e-06","5e-04","C"
"4","Trait5","mrMLM","PstI.TP165362","3","55480183","-8.3566e-06","0.0018","C"
"4","Trait5","mrMLM","PstI.TP321390","3","55497945","0.1593","2.3862","C"
"4","Trait5","mrMLM","NsiI.TP631468","3","55525552","-5.133e-06","0.0011","G"
"4","Trait5","mrMLM","PstI.TP1214992","3","55546977","-9.5148e-06","0.0021","C"
"4","Trait5","mrMLM","PstI.TP4797","3","55551419","1.8284e-05","0.004","G"
"4","Trait5","mrMLM","NsiI.TP522717","3","55554093","1.038e-05","0.0023","C"
"4","Trait5","mrMLM","NsiI.TP383174","3","55680036","2.3983e-05","0.0053","C"
"4","Trait5","mrMLM","NsiI.TP118327","3","55695034","-4.1065e-06","9e-04","G"
"4","Trait5","mrMLM","NsiI.TP319425","3","55713733","0.0194","0.2434","A"
"4","Trait5","mrMLM","NsiI.TP804310","3","55729178","-0.0704","1.0711","C"
"4","Trait5","mrMLM","NsiI.TP161884","3","55736166","2.4548e-05","0.0054","A"
"4","Trait5","mrMLM","NsiI.TP127103","3","55736173","4.9503e-06","0.0011","A"
"4","Trait5","mrMLM","PstI.TP142044","3","55736496","1.4683e-05","0.0032","A"
"4","Trait5","mrMLM","NsiI.TP776183","3","55747622","-8.65e-06","0.0019","A"
"4","Trait5","mrMLM","PstI.TP1211769","3","55780732","2.8376e-07","6.176e-05","A"
"4","Trait5","mrMLM","PstI.TP456039","3","55801419","-1.2829e-05","0.0028","C"
"4","Trait5","mrMLM","NsiI.TP354771","3","55802955","-1.4404e-06","3e-04","A"
"4","Trait5","mrMLM","PstI.TP170146","3","55802986","0.043","0.3313","A"
"4","Trait5","mrMLM","PstI.TP487527","3","55804343","-0.0631","0.7497","C"
"4","Trait5","mrMLM","PstI.TP890464","3","55804580","2.313e-05","0.0051","C"
"4","Trait5","mrMLM","PstI.TP105201","3","55869447","1.1533e-05","0.0025","A"
"4","Trait5","mrMLM","PstI.TP336268","3","55896402","0.0678","0.7009","C"
"4","Trait5","mrMLM","NsiI.TP521260","3","55904816","-3.4107e-05","0.0075","G"
"4","Trait5","mrMLM","PstI.TP415065","3","55917740","0.0339","0.1957","A"
"4","Trait5","mrMLM","PstI.TP415068","3","55917741","2.0738e-05","0.0045","C"
"4","Trait5","mrMLM","PstI.TP352561","3","55923085","1.0641e-05","0.0023","A"
"4","Trait5","mrMLM","NsiI.TP670240","3","55949544","8.3231e-06","0.0018","A"
"4","Trait5","mrMLM","NsiI.TP123780","3","55955099","-1.0933e-05","0.0024","C"
"4","Trait5","mrMLM","PstI.TP119054","3","55984046","-0.074","0.494","A"
"4","Trait5","mrMLM","PstI.TP465605","3","56004662","-2.4655e-05","0.0054","C"
"4","Trait5","mrMLM","PstI.TP285571","3","56007559","0.1807","1.0798","C"
"4","Trait5","mrMLM","NsiI.TP102008","3","56008137","-2.3538e-05","0.0052","A"
"4","Trait5","mrMLM","PstI.TP114049","3","56021694","-7.1018e-07","2e-04","A"
"4","Trait5","mrMLM","PstI.TP114052","3","56021734","0.3271","1.5811","C"
"4","Trait5","mrMLM","PstI.TP224318","3","56022652","6.8744e-07","1e-04","A"
"4","Trait5","mrMLM","NsiI.TP193343","3","56022966","-1.0576e-06","2e-04","C"
"4","Trait5","mrMLM","PstI.TP264109","3","56031041","2.9281e-05","0.0064","G"
"4","Trait5","mrMLM","NsiI.TP359161","3","56064439","-0.0577","0.6064","A"
"4","Trait5","mrMLM","NsiI.TP295930","3","56065690","0.0726","0.7342","C"
"4","Trait5","mrMLM","PstI.TP469090","3","56113852","-3.0936e-06","7e-04","C"
"4","Trait5","mrMLM","NsiI.TP325461","3","56147918","3.2856e-05","0.0072","C"
"4","Trait5","mrMLM","NsiI.TP465198","3","56187895","-3.4554e-05","0.0076","A"
"4","Trait5","mrMLM","PstI.TP1178595","3","56251660","2.3546e-06","5e-04","A"
"4","Trait5","mrMLM","PstI.TP1129138","3","56257265","-6.0395e-08","1.3146e-05","C"
"4","Trait5","mrMLM","PstI.TP1276499","3","56267571","-1.2539e-05","0.0027","A"
"4","Trait5","mrMLM","PstI.TP28134","3","56267653","-1.2123e-05","0.0026","A"
"4","Trait5","mrMLM","PstI.TP178929","3","56274485","2.4261e-05","0.0053","C"
"4","Trait5","mrMLM","PstI.TP170723","3","56275594","3.186e-06","7e-04","C"
"4","Trait5","mrMLM","PstI.TP624446","3","56276161","-2.6707e-05","0.0059","A"
"4","Trait5","mrMLM","PstI.TP24440","3","56292065","-0.0796","0.5641","A"
"4","Trait5","mrMLM","NsiI.TP281272","3","56294407","-2.9881e-05","0.0066","C"
"4","Trait5","mrMLM","NsiI.TP732985","3","56296715","-1.9378e-05","0.0042","A"
"4","Trait5","mrMLM","NsiI.TP700456","3","56313888","-0.1752","0.9524","C"
"4","Trait5","mrMLM","NsiI.TP215974","3","56338222","-5.201e-06","0.0011","C"
"4","Trait5","mrMLM","NsiI.TP630006","3","56338871","-0.0892","0.5981","G"
"4","Trait5","mrMLM","PstI.TP15910","3","56379124","0.351","1.1662","A"
"4","Trait5","mrMLM","NsiI.TP45503","3","56508929","-0.1074","0.99","A"
"4","Trait5","mrMLM","NsiI.TP821452","3","56522948","0.3503","1.7236","C"
"4","Trait5","mrMLM","PstI.TP825119","3","56557489","-3.1897e-06","7e-04","A"
"4","Trait5","mrMLM","NsiI.TP677854","3","56584848","1.58e-05","0.0035","A"
"4","Trait5","mrMLM","PstI.TP713079","3","56589564","1.1479e-06","2e-04","C"
"4","Trait5","mrMLM","PstI.TP882314","3","56647635","-8.8689e-06","0.0019","A"
"4","Trait5","mrMLM","PstI.TP1078271","3","56648383","-0.0828","0.541","C"
"4","Trait5","mrMLM","PstI.TP27715","3","56682004","-1.1623e-05","0.0025","A"
"4","Trait5","mrMLM","NsiI.TP91322","3","56683113","-0.1043","0.625","C"
"4","Trait5","mrMLM","PstI.TP827342","3","56694405","4.5014e-06","0.001","A"
"4","Trait5","mrMLM","NsiI.TP159029","3","56710759","-8.912e-06","0.0019","C"
"4","Trait5","mrMLM","NsiI.TP231976","3","56714737","-2.1296e-06","5e-04","C"
"4","Trait5","mrMLM","NsiI.TP231977","3","56714756","2.3396e-06","5e-04","A"
"4","Trait5","mrMLM","NsiI.TP268751","3","56723684","-0.0261","0.2014","C"
"4","Trait5","mrMLM","PstI.TP393188","3","56724811","-2.2605e-05","0.0049","C"
"4","Trait5","mrMLM","PstI.TP836166","3","56759327","2.1383e-05","0.0047","C"
"4","Trait5","mrMLM","PstI.TP1246172","3","56777602","-0.0195","0.117","G"
"4","Trait5","mrMLM","NsiI.TP596343","3","56942149","-2.3059e-06","5e-04","A"
"4","Trait5","mrMLM","GFSSContig18486_678","3","56952027","4.9839e-08","1.0846e-05","T"
"4","Trait5","mrMLM","PstI.TP48974","3","56955553","1.7902e-05","0.0039","C"
"4","Trait5","mrMLM","PstI.TP29613","3","56968925","1.1221e-05","0.0024","A"
"4","Trait5","mrMLM","PstI.TP923633","3","56983174","0.0645","0.6881","A"
"4","Trait5","mrMLM","PstI.TP1189360","3","56984785","0.2022","1.5487","G"
"4","Trait5","mrMLM","PstI.TP915109","3","56994292","-3.6869e-06","8e-04","A"
"4","Trait5","mrMLM","NsiI.TP546535","3","57018835","-0.0216","0.3206","C"
"4","Trait5","mrMLM","NsiI.TP669383","3","57019180","1.5317e-05","0.0033","C"
"4","Trait5","mrMLM","PstI.TP335135","3","57021984","-1.9371e-06","4e-04","A"
"4","Trait5","mrMLM","PstI.TP44697","3","57047248","-7.6114e-06","0.0017","A"
"4","Trait5","mrMLM","PstI.TP797783","3","57068036","-0.1425","1.1574","C"
"4","Trait5","mrMLM","PstI.TP119903","3","57121769","4.8851e-06","0.0011","A"
"4","Trait5","mrMLM","NsiI.TP445084","3","57122128","-6.5851e-06","0.0014","A"
"4","Trait5","mrMLM","NsiI.TP541334","3","57122620","0.2582","1.1729","C"
"4","Trait5","mrMLM","PstI.TP811968","3","57125961","0.2026","1.3052","G"
"4","Trait5","mrMLM","NsiI.TP224443","3","57138318","0.1205","1.7302","A"
"4","Trait5","mrMLM","PstI.TP1020099","3","57143742","-0.0436","0.2399","A"
"4","Trait5","mrMLM","PstI.TP632749","3","57143982","2.5815e-05","0.0057","C"
"4","Trait5","mrMLM","NsiI.TP545530","3","57167835","2.261e-05","0.0049","A"
"4","Trait5","mrMLM","NsiI.TP471939","3","57170153","-2.1766e-05","0.0048","A"
"4","Trait5","mrMLM","PstI.TP136600","3","57170778","1.3252e-05","0.0029","C"
"4","Trait5","mrMLM","NsiI.TP208614","3","57189309","-5.128e-06","0.0011","C"
"4","Trait5","mrMLM","PstI.TP870115","3","57193200","-2.5307e-06","6e-04","C"
"4","Trait5","mrMLM","NsiI.TP756058","3","57216597","6.1596e-06","0.0013","G"
"4","Trait5","mrMLM","NsiI.TP796137","3","57217346","0.0925","0.2865","A"
"4","Trait5","mrMLM","PstI.TP7752","3","57234377","6.4334e-06","0.0014","A"
"4","Trait5","mrMLM","PstI.TP1158271","3","57241454","-0.0462","0.547","C"
"4","Trait5","mrMLM","PstI.TP1278155","3","57243880","1.5586e-05","0.0034","C"
"4","Trait5","mrMLM","PstI.TP87010","3","57244014","-0.0874","0.7908","A"
"4","Trait5","mrMLM","PstI.TP1236277","3","57259501","0.1245","0.4288","G"
"4","Trait5","mrMLM","NsiI.TP441453","3","57267022","1.1465e-05","0.0025","C"
"4","Trait5","mrMLM","NsiI.TP631032","3","57267957","-2.0401e-05","0.0045","A"
"4","Trait5","mrMLM","PstI.TP504660","3","57295611","0.0066","0.0885","A"
"4","Trait5","mrMLM","PstI.TP868305","3","57307103","-1.9071e-05","0.0042","A"
"4","Trait5","mrMLM","PstI.TP433824","3","57313153","-0.0867","0.4969","C"
"4","Trait5","mrMLM","NsiI.TP457301","3","57315005","0.0568","0.7261","A"
"4","Trait5","mrMLM","PstI.TP9793","3","57316477","2.4615e-05","0.0054","A"
"4","Trait5","mrMLM","PstI.TP819138","3","57316499","-8.2526e-06","0.0018","C"
"4","Trait5","mrMLM","NsiI.TP234348","3","57334635","-0.0236","0.2223","A"
"4","Trait5","mrMLM","PstI.TP52888","3","57354305","-1.8129e-06","4e-04","A"
"4","Trait5","mrMLM","PstI.TP603308","3","57422067","1.3611e-05","0.003","A"
"4","Trait5","mrMLM","PstI.TP157801","3","57440051","-1.3425e-05","0.0029","C"
"4","Trait5","mrMLM","NsiI.TP588328","3","57440634","2.7876e-05","0.0061","A"
"4","Trait5","mrMLM","NsiI.TP129358","3","57453905","-2.1495e-05","0.0047","A"
"4","Trait5","mrMLM","PstI.TP71825","3","57464060","2.385e-05","0.0052","A"
"4","Trait5","mrMLM","PstI.TP892247","3","57467578","7.8814e-06","0.0017","C"
"4","Trait5","mrMLM","PstI.TP1154630","3","57496992","-0.1483","1.0276","A"
"4","Trait5","mrMLM","NsiI.TP457669","3","57602184","-0.0035","0.0696","G"
"4","Trait5","mrMLM","PstI.TP18242","3","57641887","-0.0979","0.5756","A"
"4","Trait5","mrMLM","PstI.TP366455","3","57645799","-1.1455e-06","2e-04","C"
"4","Trait5","mrMLM","NsiI.TP158277","3","57664073","-8.9543e-06","0.002","C"
"4","Trait5","mrMLM","PstI.TP1017531","3","57672209","-1.233e-05","0.0027","C"
"4","Trait5","mrMLM","PstI.TP577154","3","57696272","-0.4208","3.4088","A"
"4","Trait5","mrMLM","PstI.TP276416","3","57697475","1.284e-05","0.0028","A"
"4","Trait5","mrMLM","NsiI.TP101372","3","57704817","-1.2535e-05","0.0027","A"
"4","Trait5","mrMLM","PstI.TP759501","3","57715018","-6.9426e-06","0.0015","A"
"4","Trait5","mrMLM","PstI.TP1253977","3","57794776","-1.9398e-05","0.0042","C"
"4","Trait5","mrMLM","NsiI.TP778808","3","57796922","0.1089","1.2558","C"
"4","Trait5","mrMLM","PstI.TP1097142","3","57806695","0.187","0.8985","A"
"4","Trait5","mrMLM","GFSSContig11715_952","3","57807546","9.4366e-06","0.0021","T"
"4","Trait5","mrMLM","PstI.TP28954","3","57848808","-0.02","0.2549","C"
"4","Trait5","mrMLM","NsiI.TP586300","3","57849113","0.3235","2.1111","A"
"4","Trait5","mrMLM","PstI.TP835253","3","57856850","9.1544e-06","0.002","A"
"4","Trait5","mrMLM","NsiI.TP227338","3","57863248","-1.0801e-05","0.0024","A"
"4","Trait5","mrMLM","NsiI.TP671581","3","57864752","-4.0789e-05","0.009","A"
"4","Trait5","mrMLM","PstI.TP323960","3","57882671","-0.0072","0.1505","C"
"4","Trait5","mrMLM","PstI.TP323959","3","57882705","-0.0331","0.2202","A"
"4","Trait5","mrMLM","NsiI.TP78904","3","57894680","0.135","0.545","C"
"4","Trait5","mrMLM","NsiI.TP679867","3","57897228","0.1825","0.9776","C"
"4","Trait5","mrMLM","NsiI.TP681905","3","57898045","2.8612e-05","0.0063","C"
"4","Trait5","mrMLM","PstI.TP604077","3","57900751","0.2614","0.9821","A"
"4","Trait5","mrMLM","NsiI.TP377630","3","57920874","2.3651e-05","0.0052","A"
"4","Trait5","mrMLM","NsiI.TP491687","3","57924753","-1.5081e-05","0.0033","C"
"4","Trait5","mrMLM","GFSSContig473","3","57924993","1.1117e-05","0.0024","T"
"4","Trait5","mrMLM","PstI.TP43928","3","57930256","1.1346e-05","0.0025","A"
"4","Trait5","mrMLM","PstI.TP600974","3","57930822","4.347e-06","9e-04","C"
"4","Trait5","mrMLM","NsiI.TP557457","3","57953815","-0.0811","0.5851","A"
"4","Trait5","mrMLM","PstI.TP458283","3","58009717","-1.9536e-05","0.0043","A"
"4","Trait5","mrMLM","PstI.TP725868","3","58011270","7.0628e-06","0.0015","A"
"4","Trait5","mrMLM","NsiI.TP557945","3","58017482","-8.7326e-07","2e-04","A"
"4","Trait5","mrMLM","PstI.TP38512","3","58017498","-2.1095e-05","0.0046","G"
"4","Trait5","mrMLM","NsiI.TP597936","3","58027780","-1.847e-05","0.004","A"
"4","Trait5","mrMLM","NsiI.TP632717","3","58034049","0.0708","0.8163","C"
"4","Trait5","mrMLM","GFSSContig19953_1437","3","58043502","0.0103","0.1447","A"
"4","Trait5","mrMLM","NsiI.TP440012","3","58064648","0.155","0.7526","C"
"4","Trait5","mrMLM","NsiI.TP620642","3","58080278","1.2224e-05","0.0027","A"
"4","Trait5","mrMLM","NsiI.TP465150","3","58082517","-0.1052","0.7341","A"
"4","Trait5","mrMLM","NsiI.TP350962","3","58144077","1.5456e-05","0.0034","C"
"4","Trait5","mrMLM","NsiI.TP577815","3","58146871","0.1512","1.4527","G"
"4","Trait5","mrMLM","NsiI.TP446634","3","58146955","1.9781e-05","0.0043","G"
"4","Trait5","mrMLM","PstI.TP160730","3","58173764","0.0141","0.1858","A"
"4","Trait5","mrMLM","PstI.TP132492","3","58201719","-3.5984e-06","8e-04","A"
"4","Trait5","mrMLM","NsiI.TP480150","3","58208874","-2.343e-05","0.0051","C"
"4","Trait5","mrMLM","PstI.TP150272","3","58220072","1.3543e-05","0.003","G"
"4","Trait5","mrMLM","NsiI.TP416718","3","58255990","0.1443","1.0363","G"
"4","Trait5","mrMLM","PstI.TP749674","3","58268494","1.9314e-05","0.0042","A"
"4","Trait5","mrMLM","PstI.TP443483","3","58268518","0.0445","0.3149","A"
"4","Trait5","mrMLM","PstI.TP71471","3","58274545","2.8491e-05","0.0062","A"
"4","Trait5","mrMLM","PstI.TP796812","3","58281108","9.6835e-06","0.0021","A"
"4","Trait5","mrMLM","NsiI.TP453334","3","58281953","-1.9757e-05","0.0043","C"
"4","Trait5","mrMLM","NsiI.TP453333","3","58281964","-0.2183","0.9654","A"
"4","Trait5","mrMLM","PstI.TP883895","3","58300855","-0.0623","0.7186","G"
"4","Trait5","mrMLM","NsiI.TP18975","3","58318752","0.4601","2.0921","C"
"4","Trait5","mrMLM","NsiI.TP18976","3","58318774","0.0052","0.0811","A"
"4","Trait5","mrMLM","NsiI.TP433079","3","58320822","-2.65e-05","0.0058","C"
"4","Trait5","mrMLM","PstI.TP1171031","3","58321376","-1.1287e-05","0.0025","A"
"4","Trait5","mrMLM","NsiI.TP282541","3","58343684","-1.69e-05","0.0037","G"
"4","Trait5","mrMLM","PstI.TP863197","3","58349677","0.1085","0.6672","C"
"4","Trait5","mrMLM","NsiI.TP572651","3","58366862","1.1419e-05","0.0025","C"
"4","Trait5","mrMLM","PstI.TP696987","3","58367338","-1.933e-05","0.0042","C"
"4","Trait5","mrMLM","PstI.TP1014826","3","58370652","-1.2963e-05","0.0028","A"
"4","Trait5","mrMLM","PstI.TP1040438","3","58373947","-8.9825e-06","0.002","C"
"4","Trait5","mrMLM","PstI.TP352820","3","58380067","1.5884e-05","0.0035","A"
"4","Trait5","mrMLM","PstI.TP985838","3","58380810","1.3251e-05","0.0029","G"
"4","Trait5","mrMLM","NsiI.TP441920","3","58381381","1.422e-06","3e-04","C"
"4","Trait5","mrMLM","PstI.TP160687","3","58387902","-2.1421e-05","0.0047","G"
"4","Trait5","mrMLM","PstI.TP816960","3","58391663","-3.8791e-06","8e-04","A"
"4","Trait5","mrMLM","PstI.TP1227194","3","58398922","-1.3813e-05","0.003","A"
"4","Trait5","mrMLM","PstI.TP797083","3","58432596","-0.1499","1.0765","C"
"4","Trait5","mrMLM","NsiI.TP327447","3","58489021","-0.0718","0.7082","A"
"4","Trait5","mrMLM","PstI.TP125738","3","58495347","1.38e-05","0.003","A"
"4","Trait5","mrMLM","PstI.TP1249212","3","58498950","0.0839","0.7875","A"
"4","Trait5","mrMLM","NsiI.TP507759","3","58502007","7.3117e-06","0.0016","A"
"4","Trait5","mrMLM","PstI.TP671518","3","58508684","4.3597e-07","9.49e-05","A"
"4","Trait5","mrMLM","PstI.TP873609","3","58543129","-2.5817e-07","5.6186e-05","C"
"4","Trait5","mrMLM","NsiI.TP750854","3","58548924","0.0848","0.8108","G"
"4","Trait5","mrMLM","NsiI.TP452403","3","58551556","-0.0706","0.4552","G"
"4","Trait5","mrMLM","NsiI.TP146184","3","58570725","0.227","0.7641","A"
"4","Trait5","mrMLM","NsiI.TP146185","3","58570725","-0.0367","0.43","A"
"4","Trait5","mrMLM","NsiI.TP146180","3","58570743","-1.02e-05","0.0022","C"
"4","Trait5","mrMLM","NsiI.TP834411","3","58581179","0.0696","0.841","A"
"4","Trait5","mrMLM","GFSSContig14160_179","3","58588120","-0.032","0.4053","T"
"4","Trait5","mrMLM","GFSSContig14160_962","3","58590636","2.5753e-06","6e-04","A"
"4","Trait5","mrMLM","PstI.TP231001","3","58595847","-4.7849e-06","0.001","A"
"4","Trait5","mrMLM","NsiI.TP128543","3","58601953","1.6192e-05","0.0035","A"
"4","Trait5","mrMLM","PstI.TP1229898","3","58606079","1.6672e-05","0.0036","C"
"4","Trait5","mrMLM","PstI.TP1055459","3","58609425","8.6908e-06","0.0019","A"
"4","Trait5","mrMLM","NsiI.TP532383","3","58613393","-1.7428e-06","4e-04","A"
"4","Trait5","mrMLM","PstI.TP1199156","3","58613719","-0.1292","1.7977","C"
"4","Trait5","mrMLM","PstI.TP1199155","3","58613731","-2.2631e-06","5e-04","C"
"4","Trait5","mrMLM","PstI.TP19379","3","58618373","2.5459e-08","5.5408e-06","C"
"4","Trait5","mrMLM","PstI.TP1058701","3","58657937","-1.9152e-05","0.0042","A"
"4","Trait5","mrMLM","PstI.TP1058712","3","58657944","8.9578e-06","0.002","C"
"4","Trait5","mrMLM","NsiI.TP558749","3","58676234","-1.0887e-05","0.0024","G"
"4","Trait5","mrMLM","PstI.TP490438","3","58711141","1.3022e-05","0.0028","G"
"4","Trait5","mrMLM","NsiI.TP521086","3","58719283","-0.0954","0.8657","C"
"4","Trait5","mrMLM","PstI.TP307875","3","58719628","0.1171","1.4299","C"
"4","Trait5","mrMLM","NsiI.TP493750","3","58726735","-0.1179","0.4783","G"
"4","Trait5","mrMLM","PstI.TP679431","3","58735230","0.0259","0.3174","C"
"4","Trait5","mrMLM","PstI.TP429654","3","58736454","-1.1877e-05","0.0026","A"
"4","Trait5","mrMLM","PstI.TP44794","3","58769663","1.0062e-05","0.0022","G"
"4","Trait5","mrMLM","PstI.TP150005","3","58784404","-6.4456e-06","0.0014","A"
"4","Trait5","mrMLM","PstI.TP150004","3","58784416","-1.2021e-05","0.0026","A"
"4","Trait5","mrMLM","PstI.TP1036827","3","58816748","2.3817e-06","5e-04","G"
"4","Trait5","mrMLM","NsiI.TP687951","3","58829577","-6.1332e-06","0.0013","A"
"4","Trait5","mrMLM","PstI.TP704084","3","58839496","-1.2974e-05","0.0028","C"
"4","Trait5","mrMLM","NsiI.TP41323","3","58847374","-7.8522e-06","0.0017","C"
"4","Trait5","mrMLM","PstI.TP12619","3","58867746","-0.1143","0.8316","C"
"4","Trait5","mrMLM","PstI.TP110922","3","58873002","2.1709e-05","0.0048","C"
"4","Trait5","mrMLM","NsiI.TP630735","3","58889928","2.8416e-05","0.0062","C"
"4","Trait5","mrMLM","NsiI.TP468533","3","58896542","-3.5643e-05","0.0078","A"
"4","Trait5","mrMLM","NsiI.TP470490","3","58896575","1.8961e-05","0.0041","C"
"4","Trait5","mrMLM","NsiI.TP458576","3","58898481","-3.2031e-06","7e-04","C"
"4","Trait5","mrMLM","NsiI.TP351254","3","58898990","-1.08e-05","0.0024","C"
"4","Trait5","mrMLM","NsiI.TP660628","3","58910296","3.7725e-05","0.0083","A"
"4","Trait5","mrMLM","PstI.TP119376","3","58911203","-3.8329e-06","8e-04","C"
"4","Trait5","mrMLM","PstI.TP630950","3","58914609","5.3343e-06","0.0012","G"
"4","Trait5","mrMLM","PstI.TP851952","3","58933248","4.1463e-05","0.0091","C"
"4","Trait5","mrMLM","NsiI.TP403795","3","58936080","-0.0663","0.3055","A"
"4","Trait5","mrMLM","PstI.TP223164","3","58940865","3.3778e-05","0.0074","G"
"4","Trait5","mrMLM","PstI.TP223169","3","58940989","-0.3359","1.4282","A"
"4","Trait5","mrMLM","PstI.TP1153020","3","58977424","7.2458e-06","0.0016","A"
"4","Trait5","mrMLM","NsiI.TP817028","3","58982174","-5.5183e-06","0.0012","C"
"4","Trait5","mrMLM","NsiI.TP575286","3","58993922","-0.1012","0.7402","C"
"4","Trait5","mrMLM","NsiI.TP37006","3","58997441","-2.6998e-05","0.0059","C"
"4","Trait5","mrMLM","NsiI.TP466936","3","59005478","7.453e-06","0.0016","A"
"4","Trait5","mrMLM","NsiI.TP800848","3","59007084","-1.1876e-05","0.0026","G"
"4","Trait5","mrMLM","NsiI.TP44015","3","59016749","3.6794e-06","8e-04","C"
"4","Trait5","mrMLM","PstI.TP1151443","3","59082832","-0.0137","0.2015","A"
"4","Trait5","mrMLM","PstI.TP1163053","3","59117424","0.0058","0.116","C"
"4","Trait5","mrMLM","NsiI.TP338132","3","59218088","7.0118e-06","0.0015","C"
"4","Trait5","mrMLM","PstI.TP139224","3","59241408","-3.6135e-06","8e-04","C"
"4","Trait5","mrMLM","PstI.TP336233","3","59242216","1.2704e-05","0.0028","C"
"4","Trait5","mrMLM","PstI.TP1193031","3","59246520","-2.3802e-05","0.0052","G"
"4","Trait5","mrMLM","PstI.TP998988","3","59275358","9.23e-06","0.002","C"
"4","Trait5","mrMLM","PstI.TP847227","3","59292583","2.8704e-05","0.0063","A"
"4","Trait5","mrMLM","NsiI.TP231960","3","59292658","-0.0179","0.2401","C"
"4","Trait5","mrMLM","NsiI.TP680522","3","59306518","0.058","0.3465","C"
"4","Trait5","mrMLM","PstI.TP1213036","3","59319881","-0.1268","0.8061","A"
"4","Trait5","mrMLM","PstI.TP461527","3","59331702","-0.0875","0.3685","A"
"4","Trait5","mrMLM","NsiI.TP689034","3","59332537","2.2967e-05","0.005","A"
"4","Trait5","mrMLM","NsiI.TP311568","3","59344957","-1.174e-05","0.0026","C"
"4","Trait5","mrMLM","NsiI.TP196522","3","59358646","1.6851e-07","3.6675e-05","A"
"4","Trait5","mrMLM","NsiI.TP133171","3","59370384","0.207","1.8025","A"
"4","Trait5","mrMLM","PstI.TP828568","3","59387991","-0.0592","0.7063","C"
"4","Trait5","mrMLM","PstI.TP21924","3","59388087","-0.0473","0.3158","A"
"4","Trait5","mrMLM","NsiI.TP321365","3","59388397","-8.4321e-06","0.0018","C"
"4","Trait5","mrMLM","PstI.TP142391","3","59390022","-3.2074e-06","7e-04","G"
"4","Trait5","mrMLM","NsiI.TP59576","3","59392834","0.0546","0.4169","G"
"4","Trait5","mrMLM","NsiI.TP87500","3","59400736","-5.6631e-06","0.0012","A"
"4","Trait5","mrMLM","PstI.TP758077","3","59405974","0.0648","0.5699","A"
"4","Trait5","mrMLM","PstI.TP398454","3","59419188","-0.3485","3.1211","C"
"4","Trait5","mrMLM","PstI.TP431785","3","59423995","-0.6664","2.7754","C"
"4","Trait5","mrMLM","NsiI.TP460839","3","59424718","-0.0475","0.3135","A"
"4","Trait5","mrMLM","NsiI.TP462694","3","59432640","-2.927e-05","0.0064","C"
"4","Trait5","mrMLM","NsiI.TP110046","3","59456190","6.6651e-06","0.0015","A"
"4","Trait5","mrMLM","PstI.TP357448","3","59477841","-0.0598","0.7465","A"
"4","Trait5","mrMLM","NsiI.TP264976","3","59488140","-0.1453","0.8916","G"
"4","Trait5","mrMLM","PstI.TP80928","3","59496787","2.6148e-05","0.0057","C"
"4","Trait5","mrMLM","NsiI.TP716476","3","59497403","-5.0709e-06","0.0011","C"
"4","Trait5","mrMLM","PstI.TP322764","3","59497851","-0.0494","0.4509","G"
"4","Trait5","mrMLM","PstI.TP341272","3","59500037","0.0626","0.4009","A"
"4","Trait5","mrMLM","PstI.TP879017","3","59523730","3.5873e-05","0.0079","A"
"4","Trait5","mrMLM","PstI.TP134761","3","59529523","8.2923e-06","0.0018","A"
"4","Trait5","mrMLM","PstI.TP841525","3","59531363","-1.2466e-05","0.0027","C"
"4","Trait5","mrMLM","NsiI.TP134273","3","59544635","0.0154","0.2064","G"
"4","Trait5","mrMLM","NsiI.TP754718","3","59558542","2.6731e-05","0.0059","C"
"4","Trait5","mrMLM","PstI.TP87836","3","59575398","2.2541e-05","0.0049","C"
"4","Trait5","mrMLM","PstI.TP77306","3","59583483","8e-04","0.0378","A"
"4","Trait5","mrMLM","PstI.TP1049005","3","59604248","0.0301","0.3708","A"
"4","Trait5","mrMLM","NsiI.TP815896","3","59605669","-0.0186","0.1448","A"
"4","Trait5","mrMLM","NsiI.TP771064","3","59608432","0.0482","0.2416","C"
"4","Trait5","mrMLM","PstI.TP1253498","3","59619326","0.1041","0.7305","G"
"4","Trait5","mrMLM","NsiI.TP203010","3","59652589","-2.295e-05","0.005","C"
"4","Trait5","mrMLM","PstI.TP165961","3","59670260","0.3266","1.4435","C"
"4","Trait5","mrMLM","PstI.TP1216287","3","59670325","-0.3998","1.5309","A"
"4","Trait5","mrMLM","PstI.TP830207","3","59673885","3.3696e-05","0.0074","A"
"4","Trait5","mrMLM","NsiI.TP629158","3","59687349","0.0934","0.6867","A"
"4","Trait5","mrMLM","NsiI.TP13692","3","59687845","-4.2119e-06","9e-04","C"
"4","Trait5","mrMLM","NsiI.TP462873","3","59700623","-4e-04","0.033","C"
"4","Trait5","mrMLM","PstI.TP583118","3","59716925","-3.3277e-06","7e-04","G"
"4","Trait5","mrMLM","NsiI.TP489856","3","59746303","8.8588e-06","0.0019","C"
"4","Trait5","mrMLM","PstI.TP242719","3","59746767","-2.7418e-05","0.006","A"
"4","Trait5","mrMLM","NsiI.TP82159","3","59746898","-4.7919e-06","0.001","A"
"4","Trait5","mrMLM","NsiI.TP489963","3","59749074","0.2683","1.3249","A"
"4","Trait5","mrMLM","PstI.TP258589","3","59776102","-7.6198e-07","2e-04","A"
"4","Trait5","mrMLM","PstI.TP608629","3","59778528","6.5103e-06","0.0014","A"
"4","Trait5","mrMLM","PstI.TP864618","3","59785501","0.0302","0.1924","A"
"4","Trait5","mrMLM","PstI.TP612450","3","59785572","5.9771e-06","0.0013","A"
"4","Trait5","mrMLM","PstI.TP621399","3","59785579","2.4405e-06","5e-04","C"
"4","Trait5","mrMLM","PstI.TP925435","3","59813964","2.3174e-06","5e-04","C"
"4","Trait5","mrMLM","NsiI.TP134984","3","59816116","-0.0065","0.1408","C"
"4","Trait5","mrMLM","NsiI.TP756830","3","59816618","-1.6751e-05","0.0037","A"
"4","Trait5","mrMLM","NsiI.TP443563","3","59820878","2.3216e-06","5e-04","C"
"4","Trait5","mrMLM","PstI.TP1063373","3","59855371","1.6632e-05","0.0036","A"
"4","Trait5","mrMLM","PstI.TP1036003","3","59881138","0.1101","0.4221","C"
"4","Trait5","mrMLM","PstI.TP41440","3","59899767","1.6104e-06","4e-04","G"
"4","Trait5","mrMLM","NsiI.TP807819","3","59954776","-0.4408","2.0182","C"
"4","Trait5","mrMLM","PstI.TP667905","3","59988739","3.8389e-05","0.0084","A"
"4","Trait5","mrMLM","PstI.TP396748","3","59990539","0.01","0.1512","A"
"4","Trait5","mrMLM","PstI.TP156659","3","59996559","2.1114e-05","0.0046","C"
"4","Trait5","mrMLM","NsiI.TP138882","3","59997214","1.9588e-05","0.0043","A"
"4","Trait5","mrMLM","NsiI.TP669696","3","59997263","-0.0476","0.4033","C"
"4","Trait5","mrMLM","NsiI.TP350232","3","60012421","2.4907e-05","0.0055","A"
"4","Trait5","mrMLM","NsiI.TP502620","3","60014083","-1.2348e-05","0.0027","C"
"4","Trait5","mrMLM","PstI.TP51148","3","60052612","9.8804e-06","0.0022","C"
"4","Trait5","mrMLM","PstI.TP486816","3","60055704","3.3795e-05","0.0074","C"
"4","Trait5","mrMLM","NsiI.TP711144","3","60068524","-0.0071","0.1267","A"
"4","Trait5","mrMLM","PstI.TP489426","3","60118439","-0.0819","0.5719","A"
"4","Trait5","mrMLM","PstI.TP701332","3","60121147","4.2412e-07","9.2303e-05","A"
"4","Trait5","mrMLM","PstI.TP884163","3","60121398","0.0044","0.076","A"
"4","Trait5","mrMLM","NsiI.TP777929","3","60138967","2.8305e-06","6e-04","C"
"4","Trait5","mrMLM","PstI.TP1191807","3","60145417","3.8801e-05","0.0085","C"
"4","Trait5","mrMLM","PstI.TP541610","3","60150538","-3.4148e-05","0.0075","C"
"4","Trait5","mrMLM","NsiI.TP832685","3","60157538","6.0144e-06","0.0013","C"
"4","Trait5","mrMLM","NsiI.TP327985","3","60165319","0.0038","0.0993","C"
"4","Trait5","mrMLM","NsiI.TP301308","3","60166686","3.9441e-07","8.5871e-05","G"
"4","Trait5","mrMLM","PstI.TP133037","3","60188422","-6.865e-06","0.0015","A"
"4","Trait5","mrMLM","NsiI.TP552305","3","60198029","7.2035e-06","0.0016","C"
"4","Trait5","mrMLM","NsiI.TP807497","3","60223421","-0.0406","0.5475","A"
"4","Trait5","mrMLM","NsiI.TP736691","3","60245071","-2.71e-05","0.0059","C"
"4","Trait5","mrMLM","PstI.TP514040","3","60245354","9.0659e-06","0.002","C"
"4","Trait5","mrMLM","NsiI.TP755635","3","60252667","-1.7044e-05","0.0037","C"
"4","Trait5","mrMLM","PstI.TP136422","3","60253262","1.7418e-05","0.0038","A"
"4","Trait5","mrMLM","PstI.TP1268442","3","60280275","1.2946e-05","0.0028","A"
"4","Trait5","mrMLM","NsiI.TP214881","3","60293360","6.4606e-06","0.0014","A"
"4","Trait5","mrMLM","PstI.TP1092466","3","60325983","1.7621e-05","0.0039","A"
"4","Trait5","mrMLM","PstI.TP922309","3","60329739","1.1412e-05","0.0025","A"
"4","Trait5","mrMLM","NsiI.TP28705","3","60372807","7.8241e-06","0.0017","A"
"4","Trait5","mrMLM","PstI.TP246272","3","60373826","-1.9296e-05","0.0042","C"
"4","Trait5","mrMLM","PstI.TP223245","3","60398077","1.2125e-05","0.0026","C"
"4","Trait5","mrMLM","PstI.TP1103566","3","60411718","1.8404e-05","0.004","A"
"4","Trait5","mrMLM","NsiI.TP68122","3","60476259","-1.9892e-05","0.0044","C"
"4","Trait5","mrMLM","NsiI.TP364172","3","60493716","-8.7822e-06","0.0019","A"
"4","Trait5","mrMLM","NsiI.TP761970","3","60500820","3.8502e-06","8e-04","C"
"4","Trait5","mrMLM","NsiI.TP124152","3","60504298","0.0025","0.0469","A"
"4","Trait5","mrMLM","PstI.TP1210595","3","60504444","0.0157","0.1799","A"
"4","Trait5","mrMLM","NsiI.TP77326","3","60530476","3.6103e-06","8e-04","C"
"4","Trait5","mrMLM","NsiI.TP547937","3","60572795","0.0438","0.3967","C"
"4","Trait5","mrMLM","NsiI.TP472657","3","60599983","-5.3729e-07","1e-04","A"
"4","Trait5","mrMLM","PstI.TP237442","3","60602220","-0.0127","0.1584","A"
"4","Trait5","mrMLM","NsiI.TP769766","3","60610978","0.0796","0.3038","A"
"4","Trait5","mrMLM","NsiI.TP823995","3","60631433","0.0237","0.3274","A"
"4","Trait5","mrMLM","PstI.TP226912","3","60634411","2.2105e-05","0.0048","A"
"4","Trait5","mrMLM","PstI.TP934231","3","60634673","2.5724e-05","0.0056","A"
"4","Trait5","mrMLM","PstI.TP781083","3","60635010","-1.456e-05","0.0032","C"
"4","Trait5","mrMLM","NsiI.TP131280","3","60635010","1.9661e-05","0.0043","C"
"4","Trait5","mrMLM","NsiI.TP442162","3","60635535","-0.0259","0.3088","A"
"4","Trait5","mrMLM","NsiI.TP798736","3","60644451","-8.7874e-07","2e-04","A"
"4","Trait5","mrMLM","NsiI.TP798735","3","60644474","-1.2061e-05","0.0026","C"
"4","Trait5","mrMLM","PstI.TP753132","3","60649454","-9.0915e-06","0.002","C"
"4","Trait5","mrMLM","NsiI.TP822310","3","60656912","1.3702e-05","0.003","C"
"4","Trait5","mrMLM","PstI.TP744552","3","60666124","3.6249e-07","7.889e-05","A"
"4","Trait5","mrMLM","PstI.TP855345","3","60670818","-3.4224e-06","7e-04","A"
"4","Trait5","mrMLM","NsiI.TP522476","3","60687548","-3.0502e-05","0.0067","G"
"4","Trait5","mrMLM","NsiI.TP222427","3","60692215","5.1586e-05","0.0114","C"
"4","Trait5","mrMLM","NsiI.TP673320","3","60693609","2.3106e-05","0.0051","A"
"4","Trait5","mrMLM","NsiI.TP376618","3","60694341","-7.7868e-06","0.0017","C"
"4","Trait5","mrMLM","PstI.TP839954","3","60694468","2.3918e-05","0.0052","A"
"4","Trait5","mrMLM","PstI.TP321605","3","60695100","3.1841e-05","0.007","A"
"4","Trait5","mrMLM","PstI.TP784356","3","60719568","0.0937","0.7594","A"
"4","Trait5","mrMLM","NsiI.TP38859","3","60731093","-2.6946e-05","0.0059","A"
"4","Trait5","mrMLM","PstI.TP1242803","3","60735069","8.9494e-06","0.002","A"
"4","Trait5","mrMLM","NsiI.TP166838","3","60735782","-0.0054","0.1312","C"
"4","Trait5","mrMLM","PstI.TP1102757","3","60738907","0.1244","0.6609","A"
"4","Trait5","mrMLM","PstI.TP989802","3","60753871","-0.0794","0.4876","A"
"4","Trait5","mrMLM","PstI.TP620296","3","60788823","8.9074e-06","0.0019","A"
"4","Trait5","mrMLM","PstI.TP893323","3","60804145","-2.9664e-05","0.0065","G"
"4","Trait5","mrMLM","PstI.TP863565","3","60804522","0.0121","0.1225","A"
"4","Trait5","mrMLM","PstI.TP875573","3","60804814","-1.4708e-05","0.0032","C"
"4","Trait5","mrMLM","PstI.TP890825","3","60812107","-2.893e-05","0.0063","C"
"4","Trait5","mrMLM","NsiI.TP473140","3","60813315","-5.7661e-06","0.0013","A"
"4","Trait5","mrMLM","NsiI.TP67186","3","60823792","7.8003e-07","2e-04","G"
"4","Trait5","mrMLM","PstI.TP286022","3","60831142","0.1312","1.0774","A"
"4","Trait5","mrMLM","PstI.TP26378","3","60842946","0.1599","0.4937","C"
"4","Trait5","mrMLM","PstI.TP94692","3","60843174","-6.2795e-06","0.0014","A"
"4","Trait5","mrMLM","PstI.TP701649","3","60847329","-0.1071","0.8079","C"
"4","Trait5","mrMLM","PstI.TP1138485","3","60847391","-0.1362","0.4595","G"
"4","Trait5","mrMLM","PstI.TP236690","3","60908020","-1.607e-05","0.0035","C"
"4","Trait5","mrMLM","PstI.TP989764","3","60914605","-1.6486e-06","4e-04","A"
"4","Trait5","mrMLM","NsiI.TP425305","3","60919523","-0.1056","0.8929","C"
"4","Trait5","mrMLM","NsiI.TP395227","3","60920364","-2.758e-05","0.006","C"
"4","Trait5","mrMLM","NsiI.TP360142","3","60924217","-0.0883","0.7059","G"
"4","Trait5","mrMLM","NsiI.TP630557","3","60925767","2.169e-05","0.0047","C"
"4","Trait5","mrMLM","PstI.TP479064","3","60925871","-3.7125e-05","0.0082","A"
"4","Trait5","mrMLM","NsiI.TP635683","3","60926748","0.0475","0.2763","C"
"4","Trait5","mrMLM","PstI.TP17994","3","60977256","-1.3172e-05","0.0029","A"
"4","Trait5","mrMLM","NsiI.TP355222","3","60983118","-1.194e-05","0.0026","A"
"4","Trait5","mrMLM","PstI.TP1066422","3","60988993","1.9875e-06","4e-04","A"
"4","Trait5","mrMLM","NsiI.TP215912","3","61002449","0.0414","0.4523","A"
"4","Trait5","mrMLM","NsiI.TP179905","3","61013150","0.0792","0.961","C"
"4","Trait5","mrMLM","PstI.TP641175","3","61017020","-0.1283","1.2176","A"
"4","Trait5","mrMLM","PstI.TP694159","3","61030989","-4.7296e-06","0.001","C"
"4","Trait5","mrMLM","PstI.TP1027144","3","61037758","-3.6868e-06","8e-04","A"
"4","Trait5","mrMLM","PstI.TP1040466","3","61038224","-1.6026e-05","0.0035","A"
"4","Trait5","mrMLM","PstI.TP269016","3","61043666","8e-04","0.0437","C"
"4","Trait5","mrMLM","PstI.TP1226824","3","61052168","1.4736e-05","0.0032","A"
"4","Trait5","mrMLM","GFSSContig17612_773","3","61133785","-8.4097e-06","0.0018","T"
"4","Trait5","mrMLM","NsiI.TP772853","3","61175250","0.048","0.2668","C"
"4","Trait5","mrMLM","PstI.TP1092177","3","61213554","3.3179e-06","7e-04","A"
"4","Trait5","mrMLM","PstI.TP991622","3","61247052","5.2617e-06","0.0011","G"
"4","Trait5","mrMLM","PstI.TP433113","3","61260841","6.8567e-06","0.0015","G"
"4","Trait5","mrMLM","NsiI.TP496851","3","61267172","-0.0805","0.7253","C"
"4","Trait5","mrMLM","PstI.TP1183031","3","61268637","-1.3493e-05","0.0029","A"
"4","Trait5","mrMLM","PstI.TP770467","3","61279233","2.0652e-05","0.0045","A"
"4","Trait5","mrMLM","NsiI.TP741130","3","61288684","1.1181e-05","0.0024","C"
"4","Trait5","mrMLM","PstI.TP626189","3","61292587","0.0039","0.0605","G"
"4","Trait5","mrMLM","PstI.TP510088","3","61294512","9.3801e-06","0.002","A"
"4","Trait5","mrMLM","PstI.TP158463","3","61326761","1.1e-05","0.0024","A"
"4","Trait5","mrMLM","PstI.TP1229494","3","61329711","1.0814e-05","0.0024","C"
"4","Trait5","mrMLM","PstI.TP238422","3","61336314","-0.1046","1.1135","A"
"4","Trait5","mrMLM","NsiI.TP567629","3","61349073","-0.0738","0.361","A"
"4","Trait5","mrMLM","PstI.TP115576","3","61364669","1.6415e-05","0.0036","A"
"4","Trait5","mrMLM","PstI.TP513949","3","61369495","4.1522e-05","0.0091","A"
"4","Trait5","mrMLM","PstI.TP1022061","3","61377198","0.0213","0.2433","A"
"4","Trait5","mrMLM","NsiI.TP217016","3","61389742","-2.2202e-06","5e-04","A"
"4","Trait5","mrMLM","PstI.TP729345","3","61392711","1.7909e-05","0.0039","C"
"4","Trait5","mrMLM","NsiI.TP640814","3","61420634","8.8534e-06","0.0019","C"
"4","Trait5","mrMLM","PstI.TP205682","3","61421944","0.039","0.2999","A"
"4","Trait5","mrMLM","PstI.TP205683","3","61421946","-1.7424e-05","0.0038","A"
"4","Trait5","mrMLM","NsiI.TP219782","3","61442376","0.0707","0.5322","A"
"4","Trait5","mrMLM","NsiI.TP156140","3","61466152","3.7889e-05","0.0083","A"
"4","Trait5","mrMLM","NsiI.TP767976","3","61489172","-3.721e-05","0.0082","A"
"4","Trait5","mrMLM","NsiI.TP473101","3","61489556","-1.7166e-05","0.0038","C"
"4","Trait5","mrMLM","PstI.TP710312","3","61493650","8.1173e-06","0.0018","C"
"4","Trait5","mrMLM","NsiI.TP29647","3","61493987","-4.1862e-06","9e-04","C"
"4","Trait5","mrMLM","NsiI.TP807503","3","61522042","1.6252e-05","0.0036","C"
"4","Trait5","mrMLM","PstI.TP863870","3","61525095","8.6464e-06","0.0019","A"
"4","Trait5","mrMLM","PstI.TP1055454","3","61538301","6.2631e-06","0.0014","C"
"4","Trait5","mrMLM","NsiI.TP194161","3","61538308","-1.3298e-06","3e-04","A"
"4","Trait5","mrMLM","NsiI.TP494561","3","61541099","-0.098","0.6248","A"
"4","Trait5","mrMLM","PstI.TP477932","3","61551815","-0.0282","0.2965","A"
"4","Trait5","mrMLM","NsiI.TP704503","3","61556233","1.414e-05","0.0031","A"
"4","Trait5","mrMLM","NsiI.TP91904","3","61568869","6.5055e-06","0.0014","C"
"4","Trait5","mrMLM","PstI.TP1158211","3","61619462","-0.0843","0.8253","C"
"4","Trait5","mrMLM","NsiI.TP227264","3","61644071","3.6816e-06","8e-04","C"
"4","Trait5","mrMLM","NsiI.TP526301","3","61655465","0.1096","0.8214","A"
"4","Trait5","mrMLM","NsiI.TP767160","3","61668483","-1.2153e-05","0.0027","C"
"4","Trait5","mrMLM","PstI.TP682692","3","61669687","-0.0169","0.1807","C"
"4","Trait5","mrMLM","PstI.TP744473","3","61669976","-0.0297","0.3056","A"
"4","Trait5","mrMLM","PstI.TP181101","3","61672463","-5.7423e-06","0.0013","A"
"4","Trait5","mrMLM","GFSSContig3855_930","3","61675070","-2.7343e-05","0.006","T"
"4","Trait5","mrMLM","PstI.TP1123625","3","61680413","3.1816e-05","0.007","A"
"4","Trait5","mrMLM","PstI.TP1123622","3","61680445","2.4654e-05","0.0054","A"
"4","Trait5","mrMLM","NsiI.TP513368","3","61687792","-4.5863e-08","9.9804e-06","C"
"4","Trait5","mrMLM","NsiI.TP648145","3","61688849","1.3864e-05","0.003","C"
"4","Trait5","mrMLM","NsiI.TP137681","3","61691801","-9.0537e-06","0.002","C"
"4","Trait5","mrMLM","NsiI.TP754402","3","61695089","-1.622e-05","0.0035","G"
"4","Trait5","mrMLM","NsiI.TP601708","3","61708605","0.1781","0.6699","C"
"4","Trait5","mrMLM","NsiI.TP470920","3","61721599","-2.7615e-05","0.0061","G"
"4","Trait5","mrMLM","NsiI.TP29426","3","61721739","-1.0749e-05","0.0023","A"
"4","Trait5","mrMLM","PstI.TP1058684","3","61740645","9.4365e-06","0.0021","A"
"4","Trait5","mrMLM","NsiI.TP444971","3","61743262","2.2462e-05","0.0049","C"
"4","Trait5","mrMLM","NsiI.TP215631","3","61752529","0.1206","1.9088","A"
"4","Trait5","mrMLM","NsiI.TP561674","3","61754089","-8.0492e-06","0.0018","C"
"4","Trait5","mrMLM","NsiI.TP317101","3","61771383","2.8708e-06","6e-04","A"
"4","Trait5","mrMLM","PstI.TP1215679","3","61776795","2.9326e-05","0.0064","C"
"4","Trait5","mrMLM","PstI.TP1047233","3","61797601","9.5686e-06","0.0021","A"
"4","Trait5","mrMLM","PstI.TP1068378","3","61797657","3.2147e-05","0.0071","C"
"4","Trait5","mrMLM","PstI.TP47278","3","61828317","1.7285e-05","0.0038","G"
"4","Trait5","mrMLM","PstI.TP756650","3","61832560","-8.4275e-06","0.0018","A"
"4","Trait5","mrMLM","NsiI.TP127429","3","61847094","7.7349e-06","0.0017","C"
"4","Trait5","mrMLM","NsiI.TP65535","3","61868801","-1.1197e-05","0.0024","A"
"4","Trait5","mrMLM","NsiI.TP240686","3","61881616","-2.9092e-05","0.0064","A"
"4","Trait5","mrMLM","NsiI.TP411007","3","61881674","-3.0909e-05","0.0068","C"
"4","Trait5","mrMLM","NsiI.TP512189","3","61885782","2.2918e-05","0.005","C"
"4","Trait5","mrMLM","NsiI.TP348354","3","61890086","-0.052","0.3951","C"
"4","Trait5","mrMLM","NsiI.TP824702","3","61899474","2.3778e-05","0.0052","C"
"4","Trait5","mrMLM","NsiI.TP636075","3","61900461","6.7416e-06","0.0015","C"
"4","Trait5","mrMLM","NsiI.TP640913","3","61900470","3.779e-05","0.0083","A"
"4","Trait5","mrMLM","PstI.TP1002549","3","61933672","-1.5782e-05","0.0034","G"
"4","Trait5","mrMLM","NsiI.TP18199","3","61934242","-0.035","0.374","A"
"4","Trait5","mrMLM","NsiI.TP270205","3","61960163","-1.7988e-05","0.0039","C"
"4","Trait5","mrMLM","NsiI.TP188827","3","61962465","-6.789e-06","0.0015","G"
"4","Trait5","mrMLM","NsiI.TP490563","3","61962827","-1.306e-05","0.0029","G"
"4","Trait5","mrMLM","PstI.TP1206334","3","61963148","-1.7704e-06","4e-04","C"
"4","Trait5","mrMLM","NsiI.TP450432","3","61963697","2.0967e-05","0.0046","A"
"4","Trait5","mrMLM","NsiI.TP421367","3","61964857","1.5943e-06","3e-04","G"
"4","Trait5","mrMLM","PstI.TP1015557","3","61964858","-2.4501e-05","0.0054","G"
"4","Trait5","mrMLM","PstI.TP212330","3","61992139","-0.1616","0.6774","A"
"4","Trait5","mrMLM","PstI.TP606496","3","62018965","2.547e-06","6e-04","C"
"4","Trait5","mrMLM","PstI.TP118158","3","62028568","-3.5801e-06","8e-04","C"
"4","Trait5","mrMLM","PstI.TP1241806","3","62038117","1.4599e-05","0.0032","G"
"4","Trait5","mrMLM","NsiI.TP726681","3","62054481","-1.2355e-05","0.0027","A"
"4","Trait5","mrMLM","PstI.TP106632","3","62055462","-5.4047e-06","0.0012","A"
"4","Trait5","mrMLM","PstI.TP235538","3","62102611","0.269","1.4459","C"
"4","Trait5","mrMLM","PstI.TP1087876","3","62102839","-0.0499","0.5708","A"
"4","Trait5","mrMLM","PstI.TP1163825","3","62149566","2.0547e-05","0.0045","C"
"4","Trait5","mrMLM","PstI.TP620503","3","62167098","9.5839e-07","2e-04","A"
"4","Trait5","mrMLM","PstI.TP116867","3","62167764","1.2094e-05","0.0026","A"
"4","Trait5","mrMLM","NsiI.TP532124","3","62168115","-1.9807e-05","0.0043","C"
"4","Trait5","mrMLM","PstI.TP1100263","3","62171167","-0.0596","0.378","A"
"4","Trait5","mrMLM","PstI.TP1100260","3","62171188","1.7629e-06","4e-04","C"
"4","Trait5","mrMLM","PstI.TP1199619","3","62188472","-1.2068e-05","0.0026","C"
"4","Trait5","mrMLM","PstI.TP197088","3","62192090","6.7926e-06","0.0015","C"
"4","Trait5","mrMLM","PstI.TP688796","3","62196971","-3.2176e-05","0.0071","C"
"4","Trait5","mrMLM","NsiI.TP225884","3","62210775","0.0876","0.3542","A"
"4","Trait5","mrMLM","NsiI.TP717641","3","62218386","2.8703e-06","6e-04","A"
"4","Trait5","mrMLM","PstI.TP948881","3","62232654","0.0716","0.3086","C"
"4","Trait5","mrMLM","PstI.TP259912","3","62235611","7.8631e-06","0.0017","C"
"4","Trait5","mrMLM","NsiI.TP426936","3","62236290","-1.3076e-06","3e-04","A"
"4","Trait5","mrMLM","NsiI.TP669739","3","62236822","-0.0218","0.2563","A"
"4","Trait5","mrMLM","PstI.TP229860","3","62239983","2.8281e-05","0.0062","A"
"4","Trait5","mrMLM","PstI.TP1260683","3","62249445","-1.432e-05","0.0031","C"
"4","Trait5","mrMLM","NsiI.TP571441","3","62263730","5.5344e-06","0.0012","C"
"4","Trait5","mrMLM","NsiI.TP209279","3","62271200","8.3252e-06","0.0018","A"
"4","Trait5","mrMLM","NsiI.TP523526","3","62290466","-0.1424","1.0683","C"
"4","Trait5","mrMLM","PstI.TP197729","3","62304693","-1.322e-05","0.0029","C"
"4","Trait5","mrMLM","NsiI.TP700951","3","62304693","-1.2307e-05","0.0027","C"
"4","Trait5","mrMLM","NsiI.TP418114","3","62312084","1.6719e-05","0.0037","A"
"4","Trait5","mrMLM","NsiI.TP469506","3","62312511","3.3017e-06","7e-04","A"
"4","Trait5","mrMLM","NsiI.TP394538","3","62312606","0.0328","0.1817","C"
"4","Trait5","mrMLM","PstI.TP1248247","3","62346879","0.1483","0.8552","A"
"4","Trait5","mrMLM","PstI.TP375011","3","62352025","0.1844","1.3152","C"
"4","Trait5","mrMLM","NsiI.TP343521","3","62364335","-0.0111","0.1371","G"
"4","Trait5","mrMLM","PstI.TP28426","3","62364471","-3.4115e-05","0.0075","C"
"4","Trait5","mrMLM","NsiI.TP556661","3","62384966","-0.3629","1.3217","A"
"4","Trait5","mrMLM","PstI.TP1207401","3","62394167","-7.667e-06","0.0017","C"
"4","Trait5","mrMLM","PstI.TP1218442","3","62395382","8.2411e-06","0.0018","C"
"4","Trait5","mrMLM","NsiI.TP452428","3","62411078","0.0218","0.3102","A"
"4","Trait5","mrMLM","PstI.TP197785","3","62421321","-4.3541e-07","9.477e-05","C"
"4","Trait5","mrMLM","NsiI.TP305135","3","62446748","1.8722e-05","0.0041","C"
"4","Trait5","mrMLM","PstI.TP212363","3","62460226","-0.1128","0.6887","A"
"4","Trait5","mrMLM","PstI.TP88512","3","62462150","-0.0298","0.2319","A"
"4","Trait5","mrMLM","NsiI.TP490321","3","62472581","0.0577","0.3493","G"
"4","Trait5","mrMLM","NsiI.TP307317","3","62489784","1.2144e-05","0.0027","A"
"4","Trait5","mrMLM","NsiI.TP587502","3","62509726","-1.6119e-05","0.0035","G"
"4","Trait5","mrMLM","NsiI.TP795088","3","62532850","3.0838e-05","0.0068","C"
"4","Trait5","mrMLM","PstI.TP220172","3","62533241","1.2905e-05","0.0028","A"
"4","Trait5","mrMLM","NsiI.TP423105","3","62553166","-3.5802e-05","0.0079","C"
"4","Trait5","mrMLM","PstI.TP491926","3","62555932","-0.0317","0.3925","A"
"4","Trait5","mrMLM","PstI.TP784055","3","62556774","0.2021","2.9875","A"
"4","Trait5","mrMLM","PstI.TP167777","3","62571181","2.2432e-05","0.0049","C"
"4","Trait5","mrMLM","PstI.TP1154452","3","62582232","0.225","2.791","G"
"4","Trait5","mrMLM","PstI.TP1227898","3","62582412","-1.785e-05","0.0039","G"
"4","Trait5","mrMLM","NsiI.TP187535","3","62613185","2.2435e-05","0.0049","C"
"4","Trait5","mrMLM","NsiI.TP555265","3","62613271","-3.5175e-05","0.0077","A"
"4","Trait5","mrMLM","NsiI.TP532189","3","62620279","-5.8008e-07","1e-04","G"
"4","Trait5","mrMLM","PstI.TP315047","3","62632863","-1.4185e-05","0.0031","G"
"4","Trait5","mrMLM","PstI.TP315041","3","62632908","-1.1293e-05","0.0025","A"
"4","Trait5","mrMLM","PstI.TP981905","3","62633333","-1.9163e-05","0.0042","A"
"4","Trait5","mrMLM","PstI.TP1044788","3","62637358","-4.8754e-06","0.0011","G"
"4","Trait5","mrMLM","PstI.TP709539","3","62651637","-0.385","2.2596","C"
"4","Trait5","mrMLM","PstI.TP830193","3","62651722","0.2672","1.6924","C"
"4","Trait5","mrMLM","NsiI.TP373053","3","62688725","5.2599e-07","1e-04","A"
"4","Trait5","mrMLM","PstI.TP213377","3","62690207","-0.1535","0.9243","A"
"4","Trait5","mrMLM","PstI.TP894657","3","62690347","-7.6725e-06","0.0017","A"
"4","Trait5","mrMLM","PstI.TP1149685","3","62713314","0.0631","0.6595","G"
"4","Trait5","mrMLM","NsiI.TP457387","3","62713333","0.02","0.2601","G"
"4","Trait5","mrMLM","PstI.TP1119947","3","62720101","2.6165e-06","6e-04","A"
"4","Trait5","mrMLM","PstI.TP747371","3","62732304","0.2256","1.6724","A"
"4","Trait5","mrMLM","NsiI.TP590626","3","62733679","-2.2103e-05","0.0048","A"
"4","Trait5","mrMLM","NsiI.TP189403","3","62733721","5.6286e-06","0.0012","C"
"4","Trait5","mrMLM","PstI.TP396501","3","62733946","-0.0782","0.4914","A"
"4","Trait5","mrMLM","PstI.TP706848","3","62734689","-0.003","0.0556","C"
"4","Trait5","mrMLM","PstI.TP31362","3","62734726","-0.1486","0.8041","C"
"4","Trait5","mrMLM","NsiI.TP797585","3","62736855","-4.0574e-06","9e-04","C"
"4","Trait5","mrMLM","PstI.TP448424","3","62740930","0.1167","0.8835","A"
"4","Trait5","mrMLM","NsiI.TP723677","3","62767764","2.6113e-05","0.0057","C"
"4","Trait5","mrMLM","PstI.TP67232","3","62769011","0.1893","0.8524","C"
"4","Trait5","mrMLM","NsiI.TP268816","3","62797388","-4.9273e-06","0.0011","A"
"4","Trait5","mrMLM","NsiI.TP766808","3","62798622","-0.0715","0.8369","A"
"4","Trait5","mrMLM","PstI.TP793406","3","62798999","-1.7495e-05","0.0038","A"
"4","Trait5","mrMLM","GFSSContig775_598","3","62803541","-0.1231","1.3637","T"
"4","Trait5","mrMLM","NsiI.TP273716","3","62809987","1.9869e-05","0.0043","A"
"4","Trait5","mrMLM","NsiI.TP364661","3","62810648","-0.0382","0.2717","C"
"4","Trait5","mrMLM","PstI.TP731871","3","62811136","9.6236e-06","0.0021","C"
"4","Trait5","mrMLM","PstI.TP731868","3","62811145","-0.0781","0.8953","C"
"4","Trait5","mrMLM","PstI.TP852461","3","62811319","5.9026e-06","0.0013","A"
"4","Trait5","mrMLM","PstI.TP351473","3","62816493","1.1434e-05","0.0025","C"
"4","Trait5","mrMLM","NsiI.TP57497","3","62837378","-1.1268e-05","0.0025","G"
"4","Trait5","mrMLM","NsiI.TP57499","3","62837391","1.888e-05","0.0041","A"
"4","Trait5","mrMLM","NsiI.TP560698","3","62837431","5.1043e-07","1e-04","A"
"4","Trait5","mrMLM","PstI.TP252423","3","62843438","-1.4014e-05","0.0031","A"
"4","Trait5","mrMLM","NsiI.TP121610","3","62853580","1.6167e-05","0.0035","A"
"4","Trait5","mrMLM","NsiI.TP527955","3","62865681","-8.6939e-06","0.0019","C"
"4","Trait5","mrMLM","NsiI.TP589623","3","62870321","1.9495e-05","0.0043","A"
"4","Trait5","mrMLM","NsiI.TP194993","3","62870591","-1.1946e-05","0.0026","C"
"4","Trait5","mrMLM","NsiI.TP814805","3","62875271","7.6324e-07","2e-04","A"
"4","Trait5","mrMLM","PstI.TP513222","3","62897899","-1.0632e-05","0.0023","A"
"4","Trait5","mrMLM","PstI.TP1157196","3","62934362","1.6108e-05","0.0035","A"
"4","Trait5","mrMLM","PstI.TP10059","3","62988492","-0.0486","0.6349","A"
"4","Trait5","mrMLM","PstI.TP510694","3","63018633","4.5535e-06","0.001","A"
"4","Trait5","mrMLM","NsiI.TP36218","3","63029747","0.0631","0.5005","A"
"4","Trait5","mrMLM","NsiI.TP437742","3","63030426","3.7345e-05","0.0082","C"
"4","Trait5","mrMLM","NsiI.TP467606","3","63030544","8.5632e-06","0.0019","G"
"4","Trait5","mrMLM","NsiI.TP559855","3","63044172","0.0208","0.2556","A"
"4","Trait5","mrMLM","NsiI.TP207536","3","63061544","3.8685e-06","8e-04","C"
"4","Trait5","mrMLM","PstI.TP628687","3","63092385","-3.6069e-06","8e-04","G"
"4","Trait5","mrMLM","PstI.TP125277","3","63116909","0.0057","0.1037","A"
"4","Trait5","mrMLM","PstI.TP1110234","3","63126555","2.951e-06","6e-04","C"
"4","Trait5","mrMLM","PstI.TP714526","3","63126967","0.0228","0.2659","C"
"4","Trait5","mrMLM","NsiI.TP529124","3","63127607","0.1888","1.7754","C"
"4","Trait5","mrMLM","GFSSContig5557_72","3","63136908","-0.0142","0.1951","A"
"4","Trait5","mrMLM","PstI.TP907836","3","63143644","0.1283","1.0481","A"
"4","Trait5","mrMLM","NsiI.TP825350","3","63153710","1.4811e-05","0.0032","C"
"4","Trait5","mrMLM","NsiI.TP63915","3","63176148","-1.0249e-05","0.0022","C"
"4","Trait5","mrMLM","NsiI.TP271695","3","63181469","2.5369e-05","0.0056","C"
"4","Trait5","mrMLM","PstI.TP569829","3","63182435","-1.1347e-05","0.0025","A"
"4","Trait5","mrMLM","NsiI.TP726999","3","63190246","2.5084e-05","0.0055","C"
"4","Trait5","mrMLM","PstI.TP977801","3","63195590","-0.1973","1.2319","A"
"4","Trait5","mrMLM","NsiI.TP521093","3","63200633","-4.7481e-06","0.001","G"
"4","Trait5","mrMLM","NsiI.TP563437","3","63200954","0.0057","0.1267","A"
"4","Trait5","mrMLM","NsiI.TP428248","3","63202030","-0.0553","0.2394","A"
"4","Trait5","mrMLM","NsiI.TP438077","3","63207007","1.4132e-07","3.0753e-05","C"
"4","Trait5","mrMLM","PstI.TP218170","3","63210084","-0.0166","0.2248","C"
"4","Trait5","mrMLM","PstI.TP223388","3","63212857","0.0943","1.2623","C"
"4","Trait5","mrMLM","NsiI.TP286903","3","63225582","0.2409","1.3796","A"
"4","Trait5","mrMLM","PstI.TP27143","3","63237234","-0.017","0.2364","C"
"4","Trait5","mrMLM","PstI.TP51093","3","63237258","0.0218","0.335","A"
"4","Trait5","mrMLM","NsiI.TP121287","3","63237263","-0.0176","0.2969","C"
"4","Trait5","mrMLM","NsiI.TP458938","3","63243078","0.0193","0.2349","C"
"4","Trait5","mrMLM","PstI.TP901065","3","63246535","-2.1722e-05","0.0048","C"
"4","Trait5","mrMLM","NsiI.TP131543","3","63252906","-0.0728","0.2932","C"
"4","Trait5","mrMLM","NsiI.TP139027","3","63289950","5.5834e-06","0.0012","C"
"4","Trait5","mrMLM","PstI.TP993511","3","63295775","1.5743e-05","0.0034","A"
"4","Trait5","mrMLM","PstI.TP916840","3","63298133","-1.0795e-05","0.0024","A"
"4","Trait5","mrMLM","PstI.TP970049","3","63324423","-0.0458","0.2645","A"
"4","Trait5","mrMLM","PstI.TP816774","3","63324470","5.971e-06","0.0013","A"
"4","Trait5","mrMLM","PstI.TP816568","3","63324477","0.0147","0.1284","A"
"4","Trait5","mrMLM","NsiI.TP430186","3","63325030","1.3731e-05","0.003","A"
"4","Trait5","mrMLM","PstI.TP888368","3","63337334","-0.1216","0.7245","G"
"4","Trait5","mrMLM","PstI.TP918770","3","63337945","-0.1672","1.0177","C"
"4","Trait5","mrMLM","PstI.TP280346","3","63351343","-4.374e-06","0.001","A"
"4","Trait5","mrMLM","PstI.TP484738","3","63356049","0.0993","0.6032","C"
"4","Trait5","mrMLM","PstI.TP692240","3","63368255","2.0794e-05","0.0045","A"
"4","Trait5","mrMLM","PstI.TP1209805","3","63368307","-1.0567e-05","0.0023","A"
"4","Trait5","mrMLM","PstI.TP602861","3","63369361","-0.0657","0.4387","A"
"4","Trait5","mrMLM","NsiI.TP366671","3","63372521","-1.996e-06","4e-04","G"
"4","Trait5","mrMLM","NsiI.TP652660","3","63375523","5.6981e-06","0.0012","C"
"4","Trait5","mrMLM","PstI.TP654237","3","63375812","2.676e-05","0.0059","A"
"4","Trait5","mrMLM","PstI.TP798778","3","63375873","0.1289","0.5643","G"
"4","Trait5","mrMLM","PstI.TP1185597","3","63390455","1.9407e-05","0.0042","A"
"4","Trait5","mrMLM","PstI.TP528497","3","63408638","1.0959e-06","2e-04","A"
"4","Trait5","mrMLM","PstI.TP450478","3","63412067","-0.2577","1.2437","C"
"4","Trait5","mrMLM","PstI.TP987283","3","63426749","1.2321e-05","0.0027","A"
"4","Trait5","mrMLM","NsiI.TP465548","3","63446283","0.2709","1.617","A"
"4","Trait5","mrMLM","PstI.TP478050","3","63462498","-0.1309","0.822","C"
"4","Trait5","mrMLM","PstI.TP338993","3","63489864","-7.9718e-06","0.0017","A"
"4","Trait5","mrMLM","NsiI.TP176667","3","63492497","0.1174","1.4736","A"
"4","Trait5","mrMLM","NsiI.TP741429","3","63493065","-4.4352e-05","0.0098","C"
"4","Trait5","mrMLM","PstI.TP792442","3","63504938","-2.1029e-05","0.0046","A"
"4","Trait5","mrMLM","PstI.TP199791","3","63508120","-4.1651e-06","9e-04","A"
"4","Trait5","mrMLM","NsiI.TP433022","3","63510103","-0.0736","0.4729","A"
"4","Trait5","mrMLM","NsiI.TP252824","3","63519177","1.2125e-05","0.0026","G"
"4","Trait5","mrMLM","NsiI.TP631251","3","63519772","-2.4976e-06","5e-04","A"
"4","Trait5","mrMLM","NsiI.TP551480","3","63524894","-0.0253","0.287","A"
"4","Trait5","mrMLM","NsiI.TP349068","3","63530177","1.6488e-05","0.0036","A"
"4","Trait5","mrMLM","NsiI.TP86907","3","63530179","2.0183e-06","4e-04","A"
"4","Trait5","mrMLM","PstI.TP965825","3","63530528","-0.2128","1.1475","C"
"4","Trait5","mrMLM","NsiI.TP148399","3","63530653","-5.1157e-06","0.0011","A"
"4","Trait5","mrMLM","NsiI.TP447144","3","63530717","-0.2957","1.8447","A"
"4","Trait5","mrMLM","NsiI.TP800814","3","63540139","7.5438e-06","0.0016","C"
"4","Trait5","mrMLM","PstI.TP1098025","3","63567838","1.1026e-05","0.0024","A"
"4","Trait5","mrMLM","PstI.TP629983","3","63581607","-3.1646e-05","0.0069","C"
"4","Trait5","mrMLM","PstI.TP295024","3","63583771","0.0557","0.34","C"
"4","Trait5","mrMLM","NsiI.TP175445","3","63583785","0.015","0.2741","A"
"4","Trait5","mrMLM","PstI.TP1222662","3","63583875","-1.7272e-06","4e-04","C"
"4","Trait5","mrMLM","NsiI.TP540667","3","63587650","7.2109e-06","0.0016","G"
"4","Trait5","mrMLM","PstI.TP778793","3","63590224","-0.0542","0.3322","A"
"4","Trait5","mrMLM","NsiI.TP176480","3","63593277","-0.0082","0.1106","A"
"4","Trait5","mrMLM","GFSSContig14210_1233","3","63619163","1.3459e-05","0.0029","A"
"4","Trait5","mrMLM","NsiI.TP719571","3","63639298","1.8456e-05","0.004","C"
"4","Trait5","mrMLM","NsiI.TP465631","3","63640075","-4.8458e-06","0.0011","A"
"4","Trait5","mrMLM","NsiI.TP393786","3","63644097","8.1968e-06","0.0018","C"
"4","Trait5","mrMLM","PstI.TP269566","3","63644939","-1.3248e-05","0.0029","A"
"4","Trait5","mrMLM","PstI.TP1057917","3","63645828","0.0835","1.0582","C"
"4","Trait5","mrMLM","GFSSContig12527_197","3","63688831","1.1339e-05","0.0025","T"
"4","Trait5","mrMLM","PstI.TP265343","3","63692161","4.0022e-07","8.7126e-05","A"
"4","Trait5","mrMLM","PstI.TP374544","3","63699323","8.958e-06","0.002","A"
"4","Trait5","mrMLM","PstI.TP743018","3","63741852","9.3872e-06","0.002","C"
"4","Trait5","mrMLM","PstI.TP743016","3","63741878","-7.9749e-07","2e-04","C"
"4","Trait5","mrMLM","PstI.TP142505","3","63747083","1.6253e-05","0.0036","A"
"4","Trait5","mrMLM","NsiI.TP347549","3","63747331","-4.0548e-05","0.0089","G"
"4","Trait5","mrMLM","PstI.TP119815","3","63747743","-1.0446e-05","0.0023","A"
"4","Trait5","mrMLM","NsiI.TP595425","3","63763805","-4.3315e-06","9e-04","G"
"4","Trait5","mrMLM","PstI.TP1056199","3","63767546","0.0872","1.0329","A"
"4","Trait5","mrMLM","PstI.TP248861","3","63767565","2.1572e-06","5e-04","A"
"4","Trait5","mrMLM","GFSSContig10741_1216","3","63771306","-2.5047e-05","0.0055","A"
"4","Trait5","mrMLM","PstI.TP378140","3","63771773","-0.0183","0.189","C"
"4","Trait5","mrMLM","PstI.TP995236","3","63809440","-0.1141","1.3942","A"
"4","Trait5","mrMLM","PstI.TP683092","3","63809485","8.1638e-06","0.0018","C"
"4","Trait5","mrMLM","PstI.TP176936","3","63829208","-0.0866","1.1748","C"
"4","Trait5","mrMLM","NsiI.TP717162","3","63834924","-0.0659","0.4313","A"
"4","Trait5","mrMLM","NsiI.TP350448","3","63834942","6.2822e-06","0.0014","A"
"4","Trait5","mrMLM","NsiI.TP503413","3","63835388","-1.2976e-05","0.0028","A"
"4","Trait5","mrMLM","NsiI.TP414855","3","63835452","-3.4738e-06","8e-04","C"
"4","Trait5","mrMLM","NsiI.TP696434","3","63870524","3.767e-06","8e-04","A"
"4","Trait5","mrMLM","NsiI.TP755634","3","63871706","1.1172e-05","0.0024","A"
"4","Trait5","mrMLM","PstI.TP975358","3","63875437","0.0329","0.2538","A"
"4","Trait5","mrMLM","NsiI.TP625740","3","63928256","-0.3333","1.9131","C"
"4","Trait5","mrMLM","PstI.TP458650","3","63973238","3.1084e-05","0.0068","C"
"4","Trait5","mrMLM","PstI.TP815514","3","63973277","-1.6987e-05","0.0037","A"
"4","Trait5","mrMLM","PstI.TP973883","3","63986038","-6.318e-06","0.0014","C"
"4","Trait5","mrMLM","PstI.TP1273524","3","64005585","-3.1552e-07","6.8682e-05","A"
"4","Trait5","mrMLM","PstI.TP230402","3","64005631","-2.7979e-06","6e-04","A"
"4","Trait5","mrMLM","PstI.TP240142","3","64019572","-1.1404e-05","0.0025","C"
"4","Trait5","mrMLM","PstI.TP811969","3","64051653","0.017","0.1694","C"
"4","Trait5","mrMLM","NsiI.TP376933","3","64056069","1.1348e-05","0.0025","A"
"4","Trait5","mrMLM","PstI.TP795010","3","64056361","-1.1148e-05","0.0024","C"
"4","Trait5","mrMLM","PstI.TP899599","3","64061155","0.231","1.2602","C"
"4","Trait5","mrMLM","PstI.TP982685","3","64062314","-4.7973e-06","0.001","A"
"4","Trait5","mrMLM","NsiI.TP201870","3","64132657","9.7559e-06","0.0021","C"
"4","Trait5","mrMLM","NsiI.TP435805","3","64133076","-9.469e-07","2e-04","A"
"4","Trait5","mrMLM","NsiI.TP546613","3","64139071","-4.9163e-06","0.0011","A"
"4","Trait5","mrMLM","PstI.TP118304","3","64199565","-0.1164","0.4496","G"
"4","Trait5","mrMLM","PstI.TP681235","3","64200366","-1.489e-05","0.0033","A"
"4","Trait5","mrMLM","NsiI.TP440093","3","64205828","2.9965e-05","0.0066","A"
"4","Trait5","mrMLM","NsiI.TP308604","3","64205832","1.6809e-05","0.0037","C"
"4","Trait5","mrMLM","NsiI.TP624834","3","64214715","1.5979e-05","0.0035","A"
"4","Trait5","mrMLM","PstI.TP213483","3","64224454","-3.6067e-05","0.0079","C"
"4","Trait5","mrMLM","PstI.TP383715","3","64236301","-0.0156","0.2346","C"
"4","Trait5","mrMLM","NsiI.TP489618","3","64250401","1.045e-05","0.0023","A"
"4","Trait5","mrMLM","PstI.TP1179541","3","64258110","-0.0718","0.7646","C"
"4","Trait5","mrMLM","NsiI.TP386886","3","64281292","0.0161","0.2256","C"
"4","Trait5","mrMLM","NsiI.TP550459","3","64325444","0.0287","0.2427","C"
"4","Trait5","mrMLM","NsiI.TP393300","3","64334616","-5.4782e-06","0.0012","A"
"4","Trait5","mrMLM","NsiI.TP332475","3","64344627","-7.4787e-06","0.0016","C"
"4","Trait5","mrMLM","NsiI.TP738076","3","64378455","-0.0322","0.4141","A"
"4","Trait5","mrMLM","PstI.TP1157682","3","64398630","-2.2214e-05","0.0049","A"
"4","Trait5","mrMLM","PstI.TP131841","3","64461399","-7.5741e-06","0.0017","C"
"4","Trait5","mrMLM","PstI.TP763619","3","64466860","1.2899e-05","0.0028","C"
"4","Trait5","mrMLM","NsiI.TP602959","3","64466920","1.9275e-05","0.0042","C"
"4","Trait5","mrMLM","PstI.TP263277","3","64477115","2.5623e-05","0.0056","A"
"4","Trait5","mrMLM","PstI.TP932448","3","64479943","1.294e-05","0.0028","C"
"4","Trait5","mrMLM","PstI.TP1271715","3","64483560","-0.0737","0.7391","C"
"4","Trait5","mrMLM","PstI.TP981980","3","64500878","1.2711e-05","0.0028","A"
"4","Trait5","mrMLM","NsiI.TP102678","3","64512906","-0.0627","0.5564","C"
"4","Trait5","mrMLM","PstI.TP15431","3","64515813","-0.0134","0.2219","A"
"4","Trait5","mrMLM","NsiI.TP495410","3","64532359","-1.427e-05","0.0031","C"
"4","Trait5","mrMLM","NsiI.TP538686","3","64534125","0.0095","0.1716","A"
"4","Trait5","mrMLM","NsiI.TP55415","3","64630564","0.2327","0.8089","C"
"4","Trait5","mrMLM","NsiI.TP255391","3","64648824","-0.1814","1.1996","C"
"4","Trait5","mrMLM","PstI.TP710702","3","64702098","-2.3854e-05","0.0052","C"
"4","Trait5","mrMLM","PstI.TP433358","3","64702344","-0.1021","0.447","C"
"4","Trait5","mrMLM","NsiI.TP566814","3","64704540","0.0202","0.1566","A"
"4","Trait5","mrMLM","PstI.TP698","3","64710220","8.9526e-06","0.002","C"
"4","Trait5","mrMLM","NsiI.TP224401","3","64711918","-1.9683e-05","0.0043","A"
"4","Trait5","mrMLM","PstI.TP950567","3","64725335","8.744e-06","0.0019","G"
"4","Trait5","mrMLM","PstI.TP131990","3","64753470","-0.0269","0.1388","G"
"4","Trait5","mrMLM","PstI.TP892866","3","64754537","-4.6718e-07","1e-04","C"
"4","Trait5","mrMLM","PstI.TP942675","3","64754613","0.0513","0.711","G"
"4","Trait5","mrMLM","PstI.TP52306","3","64766194","2.3618e-05","0.0052","A"
"4","Trait5","mrMLM","NsiI.TP623459","3","64767434","-7.9929e-06","0.0017","C"
"4","Trait5","mrMLM","NsiI.TP661125","3","64767791","-3.0747e-06","7e-04","A"
"4","Trait5","mrMLM","PstI.TP964683","3","64769478","-0.0554","0.3942","C"
"4","Trait5","mrMLM","NsiI.TP144113","3","64770922","-2.4745e-05","0.0054","A"
"4","Trait5","mrMLM","PstI.TP642937","3","64771219","3.841e-05","0.0084","A"
"4","Trait5","mrMLM","PstI.TP1048748","3","64771307","0.1104","0.4619","C"
"4","Trait5","mrMLM","NsiI.TP173658","3","64787835","-2.6387e-05","0.0058","C"
"4","Trait5","mrMLM","NsiI.TP173657","3","64787865","-0.0038","0.08","A"
"4","Trait5","mrMLM","NsiI.TP408092","3","64787906","0.1672","1.2074","G"
"4","Trait5","mrMLM","NsiI.TP579718","3","64789626","-1.4647e-06","3e-04","A"
"4","Trait5","mrMLM","PstI.TP1105407","3","64790706","-5.0577e-06","0.0011","A"
"4","Trait5","mrMLM","PstI.TP1177182","3","64795342","6.6834e-06","0.0015","A"
"4","Trait5","mrMLM","PstI.TP1158338","3","64796586","0.0034","0.066","A"
"4","Trait5","mrMLM","PstI.TP1162938","3","64796788","-0.0798","0.7706","A"
"4","Trait5","mrMLM","PstI.TP944410","3","64807625","-2.6066e-05","0.0057","C"
"4","Trait5","mrMLM","PstI.TP106875","3","64830008","-8.3313e-07","2e-04","C"
"4","Trait5","mrMLM","NsiI.TP748755","3","64851266","2.3927e-06","5e-04","C"
"4","Trait5","mrMLM","NsiI.TP436975","3","64856441","-4.4205e-06","0.001","A"
"4","Trait5","mrMLM","PstI.TP834705","3","64875013","0.0411","0.4821","C"
"4","Trait5","mrMLM","NsiI.TP439596","3","64875036","-1.6487e-05","0.0036","A"
"4","Trait5","mrMLM","PstI.TP1210787","3","64877108","-0.0593","0.4253","C"
"4","Trait5","mrMLM","PstI.TP102370","3","64877170","0.176","1.7501","G"
"4","Trait5","mrMLM","SSk50ctg79047_102","3","64879201","2.2522e-06","5e-04","T"
"4","Trait5","mrMLM","PstI.TP29922","3","64880194","-1.5589e-05","0.0034","A"
"4","Trait5","mrMLM","NsiI.TP390204","3","64892556","6.5859e-06","0.0014","A"
"4","Trait5","mrMLM","GFSSContig5800_117","3","64906485","-0.0272","0.2612","C"
"4","Trait5","mrMLM","PstI.TP764077","3","64918104","2.1701e-05","0.0048","G"
"4","Trait5","mrMLM","PstI.TP700499","3","64918158","2.5685e-05","0.0056","A"
"4","Trait5","mrMLM","PstI.TP420029","3","64967488","-1.0732e-05","0.0023","A"
"4","Trait5","mrMLM","NsiI.TP732981","3","64967561","0.1704","1.3454","A"
"4","Trait5","mrMLM","PstI.TP521055","3","64969364","-0.0551","0.487","A"
"4","Trait5","mrMLM","PstI.TP548880","3","64984146","1.1979e-05","0.0026","C"
"4","Trait5","mrMLM","PstI.TP720500","3","64984304","2.2173e-05","0.0049","G"
"4","Trait5","mrMLM","PstI.TP1187104","3","64995440","-1.2241e-05","0.0027","G"
"4","Trait5","mrMLM","PstI.TP446300","3","65000613","-1.7841e-05","0.0039","G"
"4","Trait5","mrMLM","PstI.TP811780","3","65003112","-1.6552e-05","0.0036","C"
"4","Trait5","mrMLM","PstI.TP142597","3","65056640","1.172e-05","0.0026","A"
"4","Trait5","mrMLM","NsiI.TP8833","3","65063189","-2.0142e-06","4e-04","A"
"4","Trait5","mrMLM","NsiI.TP217021","3","65072693","-7.1024e-06","0.0015","G"
"4","Trait5","mrMLM","PstI.TP927942","3","65107992","2.297e-05","0.005","A"
"4","Trait5","mrMLM","PstI.TP40890","3","65111259","0.0551","0.3275","A"
"4","Trait5","mrMLM","NsiI.TP425378","3","65120251","0.1899","1.0684","C"
"4","Trait5","mrMLM","NsiI.TP423742","3","65124805","-0.3384","2.3543","A"
"4","Trait5","mrMLM","PstI.TP729855","3","65126133","-0.0462","0.2901","C"
"4","Trait5","mrMLM","PstI.TP622176","3","65129470","3.9511e-06","9e-04","C"
"4","Trait5","mrMLM","PstI.TP275295","3","65129510","-0.0736","0.4774","A"
"4","Trait5","mrMLM","PstI.TP924365","3","65140264","-0.0853","0.5113","C"
"4","Trait5","mrMLM","PstI.TP1129598","3","65151728","8.2104e-06","0.0018","A"
"4","Trait5","mrMLM","PstI.TP1057926","3","65160984","-1.1839e-05","0.0026","C"
"4","Trait5","mrMLM","NsiI.TP61883","3","65198128","-0.0786","0.7804","A"
"4","Trait5","mrMLM","PstI.TP1279695","3","65199639","-0.0314","0.2373","A"
"4","Trait5","mrMLM","NsiI.TP347674","3","65200177","0.0508","0.3175","C"
"4","Trait5","mrMLM","NsiI.TP128459","3","65210815","-8.24e-06","0.0018","A"
"4","Trait5","mrMLM","PstI.TP497176","3","65212174","2.538e-05","0.0056","A"
"4","Trait5","mrMLM","PstI.TP811397","3","65212504","-1.0925e-05","0.0024","A"
"4","Trait5","mrMLM","NsiI.TP499824","3","65221976","-0.0165","0.2094","G"
"4","Trait5","mrMLM","PstI.TP4963","3","65245788","2.9567e-05","0.0065","A"
"4","Trait5","mrMLM","PstI.TP796422","3","65263672","3.9526e-06","9e-04","C"
"4","Trait5","mrMLM","GFSSContig4458_856","3","65265916","-3.6598e-06","8e-04","A"
"4","Trait5","mrMLM","NsiI.TP131203","3","65279015","-0.2508","1.6163","A"
"4","Trait5","mrMLM","PstI.TP1146858","3","65279133","1.9228e-05","0.0042","A"
"4","Trait5","mrMLM","NsiI.TP25665","3","65286239","0.1027","0.6606","C"
"4","Trait5","mrMLM","PstI.TP736293","3","65301908","0.0924","0.6941","A"
"4","Trait5","mrMLM","PstI.TP1217152","3","65310010","0.0586","0.3828","A"
"4","Trait5","mrMLM","PstI.TP36373","3","65310791","-1.0906e-05","0.0024","A"
"4","Trait5","mrMLM","PstI.TP623942","3","65310848","-4.9652e-06","0.0011","C"
"4","Trait5","mrMLM","NsiI.TP634149","3","65311762","-5.1009e-06","0.0011","G"
"4","Trait5","mrMLM","PstI.TP619787","3","65315228","0.1865","1.0717","C"
"4","Trait5","mrMLM","PstI.TP679058","3","65318520","6.2457e-06","0.0014","C"
"4","Trait5","mrMLM","PstI.TP679069","3","65318520","-4.0401e-05","0.0089","C"
"4","Trait5","mrMLM","PstI.TP679099","3","65318520","-0.0073","0.1485","C"
"4","Trait5","mrMLM","PstI.TP679013","3","65318526","-6.5914e-06","0.0014","C"
"4","Trait5","mrMLM","NsiI.TP59803","3","65353258","0.1462","1.2508","A"
"4","Trait5","mrMLM","PstI.TP931133","3","65353554","2.2477e-06","5e-04","A"
"4","Trait5","mrMLM","NsiI.TP490676","3","65358322","0.0563","0.6368","C"
"4","Trait5","mrMLM","PstI.TP743168","3","65407735","-0.1291","1.5018","C"
"4","Trait5","mrMLM","NsiI.TP501941","3","65413138","0.3145","1.1997","C"
"4","Trait5","mrMLM","NsiI.TP281579","3","65419972","-6.4339e-06","0.0014","C"
"4","Trait5","mrMLM","PstI.TP1046523","3","65420012","-0.1902","1.038","C"
"4","Trait5","mrMLM","PstI.TP1181836","3","65443395","2.365e-05","0.0052","A"
"4","Trait5","mrMLM","PstI.TP1184037","3","65443424","-0.2666","1.7965","C"
"4","Trait5","mrMLM","PstI.TP909597","3","65465865","1.2709e-05","0.0028","C"
"4","Trait5","mrMLM","NsiI.TP133942","3","65486201","4.1603e-06","9e-04","C"
"4","Trait5","mrMLM","NsiI.TP754511","3","65486397","-0.0415","0.5273","A"
"4","Trait5","mrMLM","PstI.TP828420","3","65513671","-0.2941","1.6521","A"
"4","Trait5","mrMLM","NsiI.TP595895","3","65547562","2.7837e-06","6e-04","A"
"4","Trait5","mrMLM","PstI.TP873460","3","65589591","2.084e-06","5e-04","C"
"4","Trait5","mrMLM","PstI.TP1074627","3","65592157","-0.0143","0.134","C"
"4","Trait5","mrMLM","NsiI.TP348040","3","65611667","-0.1175","1.4777","C"
"4","Trait5","mrMLM","NsiI.TP409416","3","65615041","0.0462","0.2451","A"
"4","Trait5","mrMLM","NsiI.TP409418","3","65615069","2.4979e-05","0.0055","A"
"4","Trait5","mrMLM","PstI.TP131097","3","65620414","-4.0249e-05","0.0089","A"
"4","Trait5","mrMLM","PstI.TP56332","3","65620528","-2.4784e-06","5e-04","A"
"4","Trait5","mrMLM","NsiI.TP260534","3","65628707","1.1862e-05","0.0026","A"
"4","Trait5","mrMLM","NsiI.TP682243","3","65632416","-1.977e-05","0.0043","C"
"4","Trait5","mrMLM","PstI.TP226380","3","65660695","-2.0119e-05","0.0044","A"
"4","Trait5","mrMLM","NsiI.TP91174","3","65662130","1.766e-05","0.0039","A"
"4","Trait5","mrMLM","PstI.TP1128716","3","65668248","8.7133e-06","0.0019","C"
"4","Trait5","mrMLM","PstI.TP673750","3","65713273","-3.2605e-06","7e-04","C"
"4","Trait5","mrMLM","PstI.TP1248832","3","65713285","1.7811e-05","0.0039","C"
"4","Trait5","mrMLM","PstI.TP36798","3","65713716","-3.2598e-06","7e-04","C"
"4","Trait5","mrMLM","PstI.TP172654","3","65720000","0.1366","0.7643","C"
"4","Trait5","mrMLM","PstI.TP65197","3","65732857","0.1253","0.8397","G"
"4","Trait5","mrMLM","PstI.TP827144","3","65732872","-1.0395e-05","0.0023","C"
"4","Trait5","mrMLM","PstI.TP28652","3","65736798","1.0558e-05","0.0023","A"
"4","Trait5","mrMLM","PstI.TP305227","3","65741456","-0.1418","1.0332","A"
"4","Trait5","mrMLM","PstI.TP1212134","3","65768168","1.343e-05","0.0029","A"
"4","Trait5","mrMLM","SSk40ctg268352_219","3","65771848","-5.7593e-06","0.0013","T"
"4","Trait5","mrMLM","PstI.TP1065786","3","65773469","-5.7087e-06","0.0012","C"
"4","Trait5","mrMLM","NsiI.TP190228","3","65789712","-0.1154","0.6025","G"
"4","Trait5","mrMLM","PstI.TP185010","3","65791497","-8.3407e-07","2e-04","C"
"4","Trait5","mrMLM","PstI.TP1166904","3","65807719","1.8694e-05","0.0041","C"
"4","Trait5","mrMLM","PstI.TP179992","3","65808212","-3.0373e-05","0.0067","A"
"4","Trait5","mrMLM","NsiI.TP309040","3","65811802","8.8097e-06","0.0019","C"
"4","Trait5","mrMLM","NsiI.TP295308","3","65816539","2.9391e-05","0.0064","A"
"4","Trait5","mrMLM","NsiI.TP416816","3","65830742","-3.4745e-06","8e-04","C"
"4","Trait5","mrMLM","NsiI.TP432925","3","65857162","-2.509e-05","0.0055","A"
"4","Trait5","mrMLM","PstI.TP1147545","3","65865123","-7.0041e-06","0.0015","C"
"4","Trait5","mrMLM","NsiI.TP603545","3","65866973","-9.1071e-06","0.002","C"
"4","Trait5","mrMLM","PstI.TP39822","3","65876412","2.3752e-05","0.0052","A"
"4","Trait5","mrMLM","PstI.TP1257324","3","65916131","1.2424e-05","0.0027","C"
"4","Trait5","mrMLM","PstI.TP1217118","3","65927162","8.1138e-06","0.0018","C"
"4","Trait5","mrMLM","PstI.TP110007","3","65988708","1.3056e-05","0.0029","A"
"4","Trait5","mrMLM","PstI.TP169344","3","66006889","7.3917e-06","0.0016","A"
"4","Trait5","mrMLM","NsiI.TP244814","3","66011512","1.7957e-05","0.0039","C"
"4","Trait5","mrMLM","PstI.TP123984","3","66020334","1.4729e-05","0.0032","C"
"4","Trait5","mrMLM","NsiI.TP756465","3","66022257","-0.0169","0.1706","A"
"4","Trait5","mrMLM","PstI.TP256359","3","66030994","-5.3021e-06","0.0012","A"
"4","Trait5","mrMLM","PstI.TP1067985","3","66032016","-0.0542","0.2817","C"
"4","Trait5","mrMLM","PstI.TP1187375","3","66032128","2.4875e-06","5e-04","C"
"4","Trait5","mrMLM","NsiI.TP632148","3","66037707","3.7588e-05","0.0083","A"
"4","Trait5","mrMLM","PstI.TP52761","3","66042781","0.0293","0.1969","A"
"4","Trait5","mrMLM","PstI.TP1283404","3","66044380","-1.3361e-05","0.0029","C"
"4","Trait5","mrMLM","PstI.TP222395","3","66046453","-0.028","0.3216","C"
"4","Trait5","mrMLM","PstI.TP876849","3","66050191","0.0653","0.4834","C"
"4","Trait5","mrMLM","PstI.TP1004443","3","66051537","-9.1881e-06","0.002","G"
"4","Trait5","mrMLM","PstI.TP904259","3","66075604","-0.0971","0.6241","A"
"4","Trait5","mrMLM","NsiI.TP574459","3","66082861","-0.076","0.5977","C"
"4","Trait5","mrMLM","PstI.TP745674","3","66083753","-0.1459","0.9671","G"
"4","Trait5","mrMLM","NsiI.TP628317","3","66097269","-9.5969e-06","0.0021","G"
"4","Trait5","mrMLM","PstI.TP523998","3","66128752","5.8151e-06","0.0013","A"
"4","Trait5","mrMLM","PstI.TP909203","3","66137147","-3.3222e-05","0.0073","A"
"4","Trait5","mrMLM","NsiI.TP583428","3","66145490","1.4658e-05","0.0032","A"
"4","Trait5","mrMLM","NsiI.TP664567","3","66146735","0.2248","0.7348","A"
"4","Trait5","mrMLM","NsiI.TP521201","3","66148962","-0.2102","1.0348","C"
"4","Trait5","mrMLM","PstI.TP709334","3","66159458","0.0461","0.3988","A"
"4","Trait5","mrMLM","PstI.TP918301","3","66190813","-0.0193","0.2487","C"
"4","Trait5","mrMLM","NsiI.TP4703","3","66190950","3.0721e-05","0.0067","A"
"4","Trait5","mrMLM","PstI.TP1005755","3","66200815","0.1423","0.7144","A"
"4","Trait5","mrMLM","PstI.TP1178407","3","66215279","1.8488e-05","0.004","C"
"4","Trait5","mrMLM","NsiI.TP540514","3","66219776","2.9945e-06","7e-04","C"
"4","Trait5","mrMLM","PstI.TP937085","3","66223721","3.5068e-05","0.0077","C"
"4","Trait5","mrMLM","NsiI.TP254345","3","66226814","-9.5516e-06","0.0021","A"
"4","Trait5","mrMLM","PstI.TP647496","3","66241419","0.2801","1.0321","C"
"4","Trait5","mrMLM","PstI.TP1214174","3","66252363","0.0095","0.1362","A"
"4","Trait5","mrMLM","PstI.TP166965","3","66268685","-7.2297e-06","0.0016","A"
"4","Trait5","mrMLM","PstI.TP167312","3","66268712","-1.5282e-05","0.0033","A"
"4","Trait5","mrMLM","PstI.TP976503","3","66284631","0.0688","0.5286","G"
"4","Trait5","mrMLM","PstI.TP540206","3","66293725","-0.0226","0.1548","C"
"4","Trait5","mrMLM","NsiI.TP196578","3","66299465","-1.4508e-05","0.0032","A"
"4","Trait5","mrMLM","PstI.TP285269","3","66299606","-0.1469","0.5733","A"
"4","Trait5","mrMLM","PstI.TP852474","3","66325325","2.8218e-06","6e-04","A"
"4","Trait5","mrMLM","NsiI.TP10802","3","66346443","-8.8104e-06","0.0019","A"
"4","Trait5","mrMLM","PstI.TP997591","3","66347444","-3.8948e-06","8e-04","A"
"4","Trait5","mrMLM","PstI.TP469669","3","66350305","-1.5752e-05","0.0034","C"
"4","Trait5","mrMLM","NsiI.TP543749","3","66362318","8.018e-06","0.0017","C"
"4","Trait5","mrMLM","NsiI.TP414206","3","66369863","-0.0691","0.3374","C"
"4","Trait5","mrMLM","PstI.TP1101578","3","66383201","0.0755","0.3898","A"
"4","Trait5","mrMLM","PstI.TP934426","3","66383455","-1.1449e-05","0.0025","C"
"4","Trait5","mrMLM","NsiI.TP305392","3","66385587","-3.5958e-05","0.0079","A"
"4","Trait5","mrMLM","PstI.TP730549","3","66385660","1.037e-05","0.0023","A"
"4","Trait5","mrMLM","PstI.TP1284288","3","66387283","-4.8364e-06","0.0011","A"
"4","Trait5","mrMLM","PstI.TP7858","3","66409995","1.8029e-05","0.0039","A"
"4","Trait5","mrMLM","NsiI.TP133996","3","66414706","2.7388e-06","6e-04","A"
"4","Trait5","mrMLM","PstI.TP794667","3","66423576","2.089e-05","0.0046","A"
"4","Trait5","mrMLM","PstI.TP8762","3","66427331","8.0933e-06","0.0018","C"
"4","Trait5","mrMLM","PstI.TP402655","3","66433579","-1.5712e-06","3e-04","C"
"4","Trait5","mrMLM","NsiI.TP231887","3","66434838","-0.0769","0.4832","C"
"4","Trait5","mrMLM","PstI.TP1094666","3","66462116","-0.07","0.4577","A"
"4","Trait5","mrMLM","NsiI.TP487732","3","66464681","-0.0715","0.4001","C"
"4","Trait5","mrMLM","NsiI.TP45922","3","66483370","0.0405","0.4733","G"
"4","Trait5","mrMLM","PstI.TP24527","3","66501042","0.0168","0.154","A"
"4","Trait5","mrMLM","PstI.TP703640","3","66502775","-0.0286","0.1723","A"
"4","Trait5","mrMLM","NsiI.TP533591","3","66506853","0.1111","0.5368","G"
"4","Trait5","mrMLM","PstI.TP582861","3","66513476","4.8629e-06","0.0011","A"
"4","Trait5","mrMLM","PstI.TP229389","3","66525430","-0.0067","0.1457","C"
"4","Trait5","mrMLM","PstI.TP858716","3","66525528","6.8026e-07","1e-04","A"
"4","Trait5","mrMLM","PstI.TP218450","3","66526192","-0.1856","1.0565","A"
"4","Trait5","mrMLM","PstI.TP44472","3","66531786","1.8145e-05","0.004","C"
"4","Trait5","mrMLM","PstI.TP549811","3","66531825","2.7072e-05","0.0059","C"
"4","Trait5","mrMLM","PstI.TP960487","3","66532357","-1.1248e-05","0.0025","A"
"4","Trait5","mrMLM","PstI.TP694382","3","66532430","5.5221e-06","0.0012","A"
"4","Trait5","mrMLM","NsiI.TP119499","3","66557695","-1.5678e-05","0.0034","A"
"4","Trait5","mrMLM","PstI.TP1043570","3","66559337","-1.5781e-05","0.0034","C"
"4","Trait5","mrMLM","PstI.TP359762","3","66562641","1.2108e-05","0.0026","A"
"4","Trait5","mrMLM","NsiI.TP640901","3","66566153","-1.4504e-05","0.0032","C"
"4","Trait5","mrMLM","PstI.TP207141","3","66578246","0.2226","0.7204","A"
"4","Trait5","mrMLM","PstI.TP640318","3","66580470","0.0194","0.124","C"
"4","Trait5","mrMLM","PstI.TP91433","3","66583782","-1.0664e-05","0.0023","A"
"4","Trait5","mrMLM","PstI.TP640904","3","66602989","-5.9458e-06","0.0013","A"
"4","Trait5","mrMLM","PstI.TP1169461","3","66602998","0.072","0.3872","A"
"4","Trait5","mrMLM","NsiI.TP744870","3","66626788","0.1412","0.6136","C"
"4","Trait5","mrMLM","NsiI.TP104261","3","66627085","-1.43e-05","0.0031","A"
"4","Trait5","mrMLM","PstI.TP214386","3","66629978","-3.3161e-06","7e-04","A"
"4","Trait5","mrMLM","NsiI.TP682859","3","66632883","0.0782","0.7887","C"
"4","Trait5","mrMLM","PstI.TP875370","3","66640627","1.1669e-05","0.0025","C"
"4","Trait5","mrMLM","PstI.TP662488","3","66648878","-1.3101e-05","0.0029","G"
"4","Trait5","mrMLM","PstI.TP766097","3","66653828","-1.9147e-05","0.0042","A"
"4","Trait5","mrMLM","PstI.TP972363","3","66704307","-1.6826e-06","4e-04","C"
"4","Trait5","mrMLM","PstI.TP819018","3","66708924","0.1643","0.648","A"
"4","Trait5","mrMLM","PstI.TP932815","3","66708998","-9.072e-07","2e-04","A"
"4","Trait5","mrMLM","PstI.TP940999","3","66708999","0.1198","0.8247","G"
"4","Trait5","mrMLM","NsiI.TP826645","3","66710702","1.3403e-05","0.0029","C"
"4","Trait5","mrMLM","PstI.TP538549","3","66711537","-0.0251","0.2231","A"
"4","Trait5","mrMLM","PstI.TP391374","3","66712259","-2.8892e-06","6e-04","C"
"4","Trait5","mrMLM","PstI.TP854235","3","66715588","-1.3023e-05","0.0028","A"
"4","Trait5","mrMLM","NsiI.TP363461","3","66747247","2.5018e-05","0.0055","C"
"4","Trait5","mrMLM","NsiI.TP331333","3","66751080","1.9134e-05","0.0042","A"
"4","Trait5","mrMLM","PstI.TP1292760","3","66753576","0.0748","0.7636","A"
"4","Trait5","mrMLM","PstI.TP60621","3","66769645","4.1767e-06","9e-04","C"
"4","Trait5","mrMLM","PstI.TP192416","3","66769941","-0.0355","0.4087","C"
"4","Trait5","mrMLM","PstI.TP217593","3","66787516","-2.3624e-05","0.0052","C"
"4","Trait5","mrMLM","PstI.TP760678","3","66797316","-2.5086e-05","0.0055","G"
"4","Trait5","mrMLM","PstI.TP738731","3","66801099","4.3204e-06","9e-04","A"
"4","Trait5","mrMLM","NsiI.TP425346","3","66801989","0.0801","0.799","C"
"4","Trait5","mrMLM","NsiI.TP407822","3","66802785","1.5565e-05","0.0034","C"
"4","Trait5","mrMLM","PstI.TP60635","3","66807545","0.1118","0.4199","A"
"4","Trait5","mrMLM","PstI.TP1078343","3","66828688","-9.9306e-06","0.0022","C"
"4","Trait5","mrMLM","PstI.TP865412","3","66830234","9.7691e-06","0.0021","C"
"4","Trait5","mrMLM","PstI.TP858082","3","66830693","0.0479","0.5494","A"
"4","Trait5","mrMLM","PstI.TP180013","3","66851078","-0.096","0.459","A"
"4","Trait5","mrMLM","PstI.TP1042880","3","66870288","6.5761e-06","0.0014","C"
"4","Trait5","mrMLM","PstI.TP229000","3","66886730","-8.9854e-06","0.002","C"
"4","Trait5","mrMLM","PstI.TP807474","3","66888453","-2.1131e-05","0.0046","G"
"4","Trait5","mrMLM","PstI.TP1005244","3","66903579","1.9875e-05","0.0043","A"
"4","Trait5","mrMLM","NsiI.TP433024","3","66912165","-1.6845e-05","0.0037","C"
"4","Trait5","mrMLM","NsiI.TP580166","3","66912231","0.0656","0.3542","C"
"4","Trait5","mrMLM","NsiI.TP302732","3","66913444","8.482e-07","2e-04","A"
"4","Trait5","mrMLM","PstI.TP802166","3","66915037","0.0248","0.1884","C"
"4","Trait5","mrMLM","PstI.TP724939","3","66915295","6.4889e-06","0.0014","A"
"4","Trait5","mrMLM","NsiI.TP635611","3","66931431","1.4527e-06","3e-04","G"
"4","Trait5","mrMLM","NsiI.TP549966","3","66950266","4.7107e-06","0.001","A"
"4","Trait5","mrMLM","NsiI.TP757233","3","66951090","-3.2717e-05","0.0072","A"
"4","Trait5","mrMLM","PstI.TP111352","3","66952529","-5.1147e-06","0.0011","C"
"4","Trait5","mrMLM","PstI.TP867194","3","66952812","-0.1613","0.7725","A"
"4","Trait5","mrMLM","PstI.TP545135","3","66972327","-1.683e-05","0.0037","C"
"4","Trait5","mrMLM","PstI.TP10544","3","66976956","0.0432","0.2644","A"
"4","Trait5","mrMLM","PstI.TP172727","3","66983928","-0.2415","1.9683","A"
"4","Trait5","mrMLM","PstI.TP172726","3","66983971","0.2381","0.932","A"
"4","Trait5","mrMLM","PstI.TP1150886","3","66988881","6.6341e-06","0.0014","C"
"4","Trait5","mrMLM","PstI.TP87374","3","67022428","-8.7058e-06","0.0019","A"
"4","Trait5","mrMLM","PstI.TP1010078","3","67023433","7.7909e-06","0.0017","C"
"4","Trait5","mrMLM","PstI.TP318338","3","67023794","-2.1204e-05","0.0046","A"
"4","Trait5","mrMLM","PstI.TP337669","3","67023795","-0.0702","0.6006","C"
"4","Trait5","mrMLM","NsiI.TP326087","3","67026734","2.6157e-06","6e-04","C"
"4","Trait5","mrMLM","GFSSContig19880_1376","3","67026955","8.5507e-06","0.0019","T"
"4","Trait5","mrMLM","PstI.TP30572","3","67038111","3.1151e-05","0.0068","A"
"4","Trait5","mrMLM","NsiI.TP736788","3","67044233","3.8293e-05","0.0084","C"
"4","Trait5","mrMLM","NsiI.TP674265","3","67081454","0.0527","0.511","C"
"4","Trait5","mrMLM","PstI.TP780708","3","67081545","-0.1038","0.6578","C"
"4","Trait5","mrMLM","PstI.TP414211","3","67091316","-0.4065","1.2626","C"
"4","Trait5","mrMLM","PstI.TP916482","3","67091321","2.3453e-05","0.0051","A"
"4","Trait5","mrMLM","NsiI.TP580439","3","67091331","0.0645","0.3837","A"
"4","Trait5","mrMLM","PstI.TP613663","3","67097151","-0.0731","0.4021","A"
"4","Trait5","mrMLM","NsiI.TP152019","3","67104142","2.351e-05","0.0051","G"
"4","Trait5","mrMLM","NsiI.TP218990","3","67119017","0.168","0.9697","C"
"4","Trait5","mrMLM","PstI.TP917557","3","67125399","-0.1202","0.5228","A"
"4","Trait5","mrMLM","PstI.TP1087928","3","67150662","0.0033","0.0907","A"
"4","Trait5","mrMLM","PstI.TP454901","3","67156381","-9.1591e-06","0.002","G"
"4","Trait5","mrMLM","NsiI.TP285119","3","67157192","-2.3244e-05","0.0051","A"
"4","Trait5","mrMLM","NsiI.TP362322","3","67167078","-3.8798e-05","0.0085","A"
"4","Trait5","mrMLM","NsiI.TP823996","3","67170267","4.3034e-06","9e-04","A"
"4","Trait5","mrMLM","NsiI.TP823997","3","67170291","-2.2161e-05","0.0049","A"
"4","Trait5","mrMLM","NsiI.TP407460","3","67171779","-2.1203e-05","0.0046","C"
"4","Trait5","mrMLM","PstI.TP937129","3","67175086","-1.2497e-05","0.0027","C"
"4","Trait5","mrMLM","NsiI.TP442985","3","67177180","-0.0332","0.25","A"
"4","Trait5","mrMLM","PstI.TP911288","3","67183998","-2.159e-05","0.0047","C"
"4","Trait5","mrMLM","PstI.TP287525","3","67205597","-1.0128e-05","0.0022","A"
"4","Trait5","mrMLM","PstI.TP1013361","3","67211115","-3.1807e-06","7e-04","C"
"4","Trait5","mrMLM","NsiI.TP19729","3","67222888","-1.7369e-05","0.0038","C"
"4","Trait5","mrMLM","NsiI.TP506238","3","67233052","-2.0415e-05","0.0045","C"
"4","Trait5","mrMLM","NsiI.TP387878","3","67238400","1.1443e-05","0.0025","A"
"4","Trait5","mrMLM","PstI.TP668543","3","67241317","2.245e-06","5e-04","A"
"4","Trait5","mrMLM","PstI.TP166044","3","67244466","-2.0842e-05","0.0046","A"
"4","Trait5","mrMLM","PstI.TP86476","3","67246221","-3.4262e-06","7e-04","G"
"4","Trait5","mrMLM","NsiI.TP224257","3","67274437","5.3924e-06","0.0012","C"
"4","Trait5","mrMLM","NsiI.TP400051","3","67274500","4.3205e-07","9.403e-05","A"
"4","Trait5","mrMLM","PstI.TP895984","3","67274572","-2.2546e-05","0.0049","G"
"4","Trait5","mrMLM","PstI.TP896023","3","67274572","8.0632e-06","0.0018","G"
"4","Trait5","mrMLM","PstI.TP896072","3","67274572","-3.699e-05","0.0081","G"
"4","Trait5","mrMLM","PstI.TP896116","3","67274572","0.0355","0.437","G"
"4","Trait5","mrMLM","PstI.TP2261","3","67281275","6.5585e-06","0.0014","C"
"4","Trait5","mrMLM","NsiI.TP499362","3","67293391","7.6491e-06","0.0017","C"
"4","Trait5","mrMLM","PstI.TP457731","3","67295008","0.0569","0.6601","A"
"4","Trait5","mrMLM","NsiI.TP504298","3","67318022","-4.7131e-06","0.001","G"
"4","Trait5","mrMLM","PstI.TP790794","3","67323189","-1.2848e-05","0.0028","C"
"4","Trait5","mrMLM","NsiI.TP343137","3","67329902","-0.1543","1.6232","C"
"4","Trait5","mrMLM","PstI.TP43384","3","67394818","-2.4319e-05","0.0053","A"
"4","Trait5","mrMLM","NsiI.TP564007","3","67397849","3.8944e-07","8.4767e-05","C"
"4","Trait5","mrMLM","NsiI.TP635478","3","67401484","2.5054e-05","0.0055","A"
"4","Trait5","mrMLM","PstI.TP724829","3","67406291","-1.1512e-05","0.0025","C"
"4","Trait5","mrMLM","PstI.TP168043","3","67447162","2.9287e-07","6.3745e-05","C"
"4","Trait5","mrMLM","NsiI.TP443169","3","67453878","-0.021","0.1503","G"
"4","Trait5","mrMLM","NsiI.TP555329","3","67453921","-6.8646e-06","0.0015","C"
"4","Trait5","mrMLM","NsiI.TP609387","3","67454919","-1.5576e-05","0.0034","A"
"4","Trait5","mrMLM","NsiI.TP218743","3","67464206","0.0843","0.4987","A"
"4","Trait5","mrMLM","PstI.TP179234","3","67479874","-0.0384","0.3927","C"
"4","Trait5","mrMLM","NsiI.TP279817","3","67480573","-5.0628e-06","0.0011","C"
"4","Trait5","mrMLM","PstI.TP362641","3","67491541","-7.5788e-06","0.0017","C"
"4","Trait5","mrMLM","PstI.TP163155","3","67491624","5.7247e-06","0.0012","A"
"4","Trait5","mrMLM","PstI.TP696676","3","67503814","-6.4289e-06","0.0014","A"
"4","Trait5","mrMLM","PstI.TP770204","3","67523376","0.0524","0.3993","A"
"4","Trait5","mrMLM","NsiI.TP340538","3","67539099","-9.1105e-07","2e-04","A"
"4","Trait5","mrMLM","NsiI.TP931","3","67539143","0.0756","0.3454","A"
"4","Trait5","mrMLM","PstI.TP671156","3","67539818","5.8664e-06","0.0013","A"
"4","Trait5","mrMLM","PstI.TP671157","3","67539833","-1.0548e-05","0.0023","C"
"4","Trait5","mrMLM","PstI.TP446036","3","67572231","1.5633e-05","0.0034","C"
"4","Trait5","mrMLM","PstI.TP273897","3","67574112","-0.0283","0.2302","A"
"4","Trait5","mrMLM","NsiI.TP59062","3","67575213","0.0698","0.3465","C"
"4","Trait5","mrMLM","GFSSContig19818_1869","3","67580884","-1.8807e-05","0.0041","A"
"4","Trait5","mrMLM","NsiI.TP112410","3","67596486","-2.1578e-07","4.6959e-05","A"
"4","Trait5","mrMLM","PstI.TP482697","3","67603937","1.7509e-05","0.0038","C"
"4","Trait5","mrMLM","PstI.TP1013565","3","67604431","0.3645","1.872","A"
"4","Trait5","mrMLM","NsiI.TP353286","3","67614065","0.0327","0.4215","A"
"4","Trait5","mrMLM","NsiI.TP593280","3","67614075","-2.052e-06","4e-04","C"
"4","Trait5","mrMLM","NsiI.TP593504","3","67614104","-8.8124e-06","0.0019","C"
"4","Trait5","mrMLM","GFSSContig20515_639","3","67627021","1.5485e-05","0.0034","T"
"4","Trait5","mrMLM","NsiI.TP690648","3","67647392","-0.0916","0.5612","G"
"4","Trait5","mrMLM","PstI.TP688720","3","67647819","-4.5784e-06","0.001","A"
"4","Trait5","mrMLM","NsiI.TP411165","3","67648694","-2.4183e-05","0.0053","C"
"4","Trait5","mrMLM","GFk50ctg127857_253","3","67664843","-2.557e-06","6e-04","A"
"4","Trait5","mrMLM","PstI.TP982401","3","67694659","-6.8384e-06","0.0015","C"
"4","Trait5","mrMLM","NsiI.TP813774","3","67697426","5.4574e-06","0.0012","C"
"4","Trait5","mrMLM","PstI.TP195741","3","67699319","-1.7309e-06","4e-04","A"
"4","Trait5","mrMLM","PstI.TP1100831","3","67702485","-2.326e-05","0.0051","C"
"4","Trait5","mrMLM","PstI.TP264484","3","67703017","1.2889e-05","0.0028","A"
"4","Trait5","mrMLM","NsiI.TP351438","3","67707328","0.1253","0.9304","A"
"4","Trait5","mrMLM","NsiI.TP525457","3","67707475","7.2147e-06","0.0016","A"
"4","Trait5","mrMLM","PstI.TP205616","3","67708245","-0.2033","1.3414","C"
"4","Trait5","mrMLM","NsiI.TP758672","3","67708258","0.3788","1.8372","A"
"4","Trait5","mrMLM","NsiI.TP429077","3","67755561","-2.4849e-05","0.0054","C"
"4","Trait5","mrMLM","NsiI.TP614331","3","67760145","9.8618e-06","0.0022","A"
"4","Trait5","mrMLM","PstI.TP360305","3","67764027","1.0772e-05","0.0024","A"
"4","Trait5","mrMLM","PstI.TP759811","3","67775848","-1.0006e-05","0.0022","A"
"4","Trait5","mrMLM","NsiI.TP469622","3","67782273","-7.7127e-06","0.0017","A"
"4","Trait5","mrMLM","PstI.TP664936","3","67782484","-1.0492e-05","0.0023","A"
"4","Trait5","mrMLM","NsiI.TP555948","3","67784264","1.325e-05","0.0029","C"
"4","Trait5","mrMLM","NsiI.TP389990","3","67784770","-1.5472e-05","0.0034","C"
"4","Trait5","mrMLM","NsiI.TP236660","3","67796543","1.6679e-05","0.0036","A"
"4","Trait5","mrMLM","PstI.TP21445","3","67799827","1.6708e-05","0.0037","C"
"4","Trait5","mrMLM","PstI.TP706730","3","67810301","9.4549e-06","0.0021","C"
"4","Trait5","mrMLM","PstI.TP963405","3","67810374","-3.9473e-06","9e-04","A"
"4","Trait5","mrMLM","PstI.TP157314","3","67817635","-0.0439","0.3028","C"
"4","Trait5","mrMLM","NsiI.TP274880","3","67830852","-6.5223e-06","0.0014","A"
"4","Trait5","mrMLM","NsiI.TP274984","3","67830863","4.4738e-06","0.001","C"
"4","Trait5","mrMLM","PstI.TP102225","3","67856941","1.8677e-05","0.0041","C"
"4","Trait5","mrMLM","PstI.TP1160385","3","67858212","-0.0258","0.2922","C"
"4","Trait5","mrMLM","PstI.TP4521","3","67858261","0.1818","0.8609","C"
"4","Trait5","mrMLM","PstI.TP1144840","3","67858951","2.3365e-05","0.0051","C"
"4","Trait5","mrMLM","NsiI.TP476728","3","67867988","0.043","0.5323","C"
"4","Trait5","mrMLM","NsiI.TP55883","3","67872124","0.0316","0.426","G"
"4","Trait5","mrMLM","PstI.TP955356","3","67880743","-0.1177","1.1433","A"
"4","Trait5","mrMLM","PstI.TP198015","3","67910785","-3e-04","0.0161","C"
"4","Trait5","mrMLM","NsiI.TP583456","3","67916854","5.7952e-06","0.0013","C"
"4","Trait5","mrMLM","PstI.TP336333","3","67925080","-0.0492","0.603","C"
"4","Trait5","mrMLM","PstI.TP507793","3","67925892","-4.2371e-06","9e-04","C"
"4","Trait5","mrMLM","NsiI.TP586720","3","67938130","-0.0062","0.0923","C"
"4","Trait5","mrMLM","NsiI.TP257803","3","67938171","0.0027","0.0717","C"
"4","Trait5","mrMLM","NsiI.TP730312","3","67952404","-0.023","0.3138","G"
"4","Trait5","mrMLM","PstI.TP90901","3","67958171","-1.7648e-05","0.0039","A"
"4","Trait5","mrMLM","PstI.TP43035","3","67960309","1.8831e-05","0.0041","A"
"4","Trait5","mrMLM","NsiI.TP43111","3","67974359","1.1088e-05","0.0024","C"
"4","Trait5","mrMLM","PstI.TP787938","3","67980122","-6.3971e-06","0.0014","C"
"4","Trait5","mrMLM","PstI.TP968728","3","67983257","-9.2736e-06","0.002","C"
"4","Trait5","mrMLM","NsiI.TP354761","3","67983543","3.5525e-06","8e-04","A"
"4","Trait5","mrMLM","NsiI.TP296055","3","67991110","-2.056e-05","0.0045","A"
"4","Trait5","mrMLM","PstI.TP413531","3","67991446","-0.0801","0.5893","C"
"4","Trait5","mrMLM","PstI.TP282617","3","67991463","-1.1913e-06","3e-04","A"
"4","Trait5","mrMLM","PstI.TP777298","3","67992982","1.1087e-05","0.0024","A"
"4","Trait5","mrMLM","NsiI.TP10984","3","68015568","0.0293","0.2803","A"
"4","Trait5","mrMLM","PstI.TP1181392","3","68016268","0.171","0.5055","A"
"4","Trait5","mrMLM","PstI.TP629786","3","68029217","3.5656e-06","8e-04","C"
"4","Trait5","mrMLM","PstI.TP1009541","3","68035202","-0.0381","0.2005","A"
"4","Trait5","mrMLM","PstI.TP805312","3","68035215","1.465e-05","0.0032","A"
"4","Trait5","mrMLM","PstI.TP332845","3","68039381","7.0406e-06","0.0015","C"
"4","Trait5","mrMLM","PstI.TP975012","3","68051383","0.0648","0.5153","C"
"4","Trait5","mrMLM","NsiI.TP57103","3","68055813","-0.096","0.4996","G"
"4","Trait5","mrMLM","PstI.TP68926","3","68057123","6.8678e-06","0.0015","C"
"4","Trait5","mrMLM","NsiI.TP601366","3","68057917","9.6041e-06","0.0021","C"
"4","Trait5","mrMLM","PstI.TP1025557","3","68089507","1.1944e-05","0.0026","A"
"4","Trait5","mrMLM","PstI.TP673057","3","68094426","-1.5477e-06","3e-04","A"
"4","Trait5","mrMLM","NsiI.TP805840","3","68107951","-2.0684e-06","5e-04","C"
"4","Trait5","mrMLM","NsiI.TP45610","3","68108015","-7.3672e-06","0.0016","A"
"4","Trait5","mrMLM","PstI.TP354937","3","68110161","1.6282e-05","0.0036","G"
"4","Trait5","mrMLM","NsiI.TP292961","3","68110996","-5.3028e-06","0.0012","C"
"4","Trait5","mrMLM","NsiI.TP370880","3","68111215","-0.0051","0.1164","A"
"4","Trait5","mrMLM","NsiI.TP33360","3","68111513","-0.1191","0.7742","A"
"4","Trait5","mrMLM","PstI.TP703729","3","68112941","-0.0599","0.4617","A"
"4","Trait5","mrMLM","PstI.TP1075360","3","68128945","5.9799e-06","0.0013","C"
"4","Trait5","mrMLM","PstI.TP769101","3","68129008","-3.8288e-06","8e-04","C"
"4","Trait5","mrMLM","NsiI.TP756994","3","68130123","-1.042e-05","0.0023","C"
"4","Trait5","mrMLM","PstI.TP1066499","3","68152569","1.5906e-05","0.0035","A"
"4","Trait5","mrMLM","PstI.TP536900","3","68152590","0.0609","0.3411","C"
"4","Trait5","mrMLM","PstI.TP528865","3","68152597","0.0697","0.8373","C"
"4","Trait5","mrMLM","NsiI.TP252466","3","68154380","8.3608e-06","0.0018","A"
"4","Trait5","mrMLM","NsiI.TP592926","3","68161285","-8.2182e-06","0.0018","A"
"4","Trait5","mrMLM","NsiI.TP798004","3","68163863","0.152","1.1993","A"
"4","Trait5","mrMLM","PstI.TP112564","3","68180539","-0.0044","0.0928","C"
"4","Trait5","mrMLM","PstI.TP377456","3","68183917","-2.4178e-05","0.0053","C"
"4","Trait5","mrMLM","NsiI.TP589436","3","68184564","-0.1081","1.0532","A"
"4","Trait5","mrMLM","PstI.TP761879","3","68191140","1.9376e-05","0.0042","C"
"4","Trait5","mrMLM","PstI.TP991644","3","68199059","6.2145e-07","1e-04","A"
"4","Trait5","mrMLM","NsiI.TP441596","3","68205955","1.7549e-05","0.0038","C"
"4","Trait5","mrMLM","NsiI.TP666262","3","68207345","-7.8249e-06","0.0017","C"
"4","Trait5","mrMLM","PstI.TP1103696","3","68213353","-1.6148e-05","0.0035","C"
"4","Trait5","mrMLM","PstI.TP651788","3","68226452","6.879e-06","0.0015","A"
"4","Trait5","mrMLM","NsiI.TP780516","3","68227956","-3.1889e-06","7e-04","A"
"4","Trait5","mrMLM","PstI.TP600362","3","68229964","0.0193","0.2423","A"
"4","Trait5","mrMLM","NsiI.TP149023","3","68238709","-3.9906e-06","9e-04","C"
"4","Trait5","mrMLM","PstI.TP1014067","3","68239896","0.153","0.6599","C"
"4","Trait5","mrMLM","PstI.TP641439","3","68242861","7.04e-06","0.0015","A"
"4","Trait5","mrMLM","PstI.TP1060625","3","68250621","-0.0039","0.0821","A"
"4","Trait5","mrMLM","PstI.TP922261","3","68252406","0.2091","1.7406","A"
"4","Trait5","mrMLM","PstI.TP10645","3","68256494","8.2488e-06","0.0018","G"
"4","Trait5","mrMLM","PstI.TP372062","3","68259445","2.9604e-05","0.0065","A"
"4","Trait5","mrMLM","PstI.TP410505","3","68268137","-8.7968e-06","0.0019","C"
"4","Trait5","mrMLM","PstI.TP235450","3","68272072","0.1278","1.3306","C"
"4","Trait5","mrMLM","PstI.TP618913","3","68276528","-0.0343","0.2962","G"
"4","Trait5","mrMLM","NsiI.TP413522","3","68348495","-1.9075e-05","0.0042","A"
"4","Trait5","mrMLM","PstI.TP528513","3","68348954","0.1006","0.8174","C"
"4","Trait5","mrMLM","PstI.TP528515","3","68348992","-6.0672e-06","0.0013","C"
"4","Trait5","mrMLM","NsiI.TP39861","3","68368696","-6.0446e-06","0.0013","A"
"4","Trait5","mrMLM","PstI.TP807352","3","68371565","0.1242","0.552","A"
"4","Trait5","mrMLM","PstI.TP39682","3","68375421","-1.2696e-05","0.0028","A"
"4","Trait5","mrMLM","PstI.TP176839","3","68380476","-5.8839e-06","0.0013","G"
"4","Trait5","mrMLM","PstI.TP642813","3","68381004","-1.1252e-05","0.0025","C"
"4","Trait5","mrMLM","PstI.TP580065","3","68386473","1.38e-05","0.003","C"
"4","Trait5","mrMLM","NsiI.TP36102","3","68390413","-3.5947e-05","0.0079","A"
"4","Trait5","mrMLM","PstI.TP26384","3","68403932","0.0538","0.4657","G"
"4","Trait5","mrMLM","NsiI.TP623573","3","68430946","1.7066e-05","0.0037","A"
"4","Trait5","mrMLM","PstI.TP233495","3","68462863","0.0703","0.9552","C"
"4","Trait5","mrMLM","PstI.TP87057","3","68497158","1.2345e-06","3e-04","A"
"4","Trait5","mrMLM","NsiI.TP596594","3","68502450","-9.1427e-06","0.002","C"
"4","Trait5","mrMLM","PstI.TP167782","3","68567976","0.253","1.5462","A"
"4","Trait5","mrMLM","NsiI.TP706614","3","68575235","-0.0245","0.3052","A"
"4","Trait5","mrMLM","NsiI.TP175548","3","68629810","1.0579e-05","0.0023","A"
"4","Trait5","mrMLM","PstI.TP826996","3","68696850","0.1545","1.3529","A"
"4","Trait5","mrMLM","PstI.TP379031","3","68701578","-0.053","0.5868","C"
"4","Trait5","mrMLM","PstI.TP917218","3","68741261","1.6869e-06","4e-04","G"
"4","Trait5","mrMLM","NsiI.TP762238","3","68747242","-7.5536e-06","0.0016","C"
"4","Trait5","mrMLM","NsiI.TP229271","3","68761849","8.759e-06","0.0019","A"
"4","Trait5","mrMLM","PstI.TP86116","3","68775418","-1.4059e-05","0.0031","C"
"4","Trait5","mrMLM","PstI.TP1211760","3","68786408","0.1296","1.6085","C"
"4","Trait5","mrMLM","PstI.TP41367","3","68811405","-4.3561e-06","9e-04","G"
"4","Trait5","mrMLM","PstI.TP162332","3","68814269","4.5897e-06","0.001","A"
"4","Trait5","mrMLM","PstI.TP829117","3","68826630","1.9578e-05","0.0043","A"
"4","Trait5","mrMLM","NsiI.TP436762","3","68827121","0.1046","0.6894","C"
"4","Trait5","mrMLM","PstI.TP899075","3","68837126","-0.0186","0.1636","C"
"4","Trait5","mrMLM","NsiI.TP203687","3","68844144","-1.6963e-07","3.6914e-05","A"
"4","Trait5","mrMLM","PstI.TP77225","3","68857391","-8.0197e-06","0.0017","A"
"4","Trait5","mrMLM","PstI.TP770506","3","68857417","-7.0843e-06","0.0015","A"
"4","Trait5","mrMLM","NsiI.TP7603","3","68863364","-1.0181e-05","0.0022","A"
"4","Trait5","mrMLM","PstI.TP108450","3","68864180","-1.1734e-05","0.0026","A"
"4","Trait5","mrMLM","PstI.TP108449","3","68864209","-0.0674","0.4026","A"
"4","Trait5","mrMLM","PstI.TP1176205","3","68891880","5.5032e-06","0.0012","C"
"4","Trait5","mrMLM","NsiI.TP555938","3","68896134","-1.7345e-05","0.0038","G"
"4","Trait5","mrMLM","NsiI.TP580951","3","68897574","9.0132e-07","2e-04","A"
"4","Trait5","mrMLM","NsiI.TP548002","3","68898512","4.5321e-06","0.001","A"
"4","Trait5","mrMLM","PstI.TP189918","3","68900320","3.4622e-05","0.0076","A"
"4","Trait5","mrMLM","PstI.TP1001212","3","68900375","-6.404e-06","0.0014","G"
"4","Trait5","mrMLM","PstI.TP695075","3","68905151","0.0211","0.2839","A"
"4","Trait5","mrMLM","PstI.TP207042","3","68906982","6.1931e-06","0.0013","A"
"4","Trait5","mrMLM","NsiI.TP642960","3","68906982","0.1226","0.6863","A"
"4","Trait5","mrMLM","PstI.TP1276364","3","68920540","-1.1049e-05","0.0024","A"
"4","Trait5","mrMLM","NsiI.TP815246","3","68931243","-8.8444e-06","0.0019","C"
"4","Trait5","mrMLM","NsiI.TP815245","3","68931295","4.8653e-06","0.0011","C"
"4","Trait5","mrMLM","NsiI.TP771511","3","68941941","-0.0987","0.8566","C"
"4","Trait5","mrMLM","NsiI.TP624365","3","68942331","0.0593","0.4672","C"
"4","Trait5","mrMLM","NsiI.TP406126","3","68942911","-2.2763e-06","5e-04","G"
"4","Trait5","mrMLM","PstI.TP670845","3","68951426","-4.3164e-06","9e-04","A"
"4","Trait5","mrMLM","PstI.TP1020519","3","68956928","9.0635e-06","0.002","A"
"4","Trait5","mrMLM","PstI.TP544527","3","68956971","-0.0814","0.7136","G"
"4","Trait5","mrMLM","PstI.TP45087","3","68980488","0.0223","0.2875","A"
"4","Trait5","mrMLM","PstI.TP439834","3","68981832","9.2006e-06","0.002","C"
"4","Trait5","mrMLM","PstI.TP1008089","3","68982816","-1.3014e-05","0.0028","A"
"4","Trait5","mrMLM","NsiI.TP203023","3","68985411","-0.0719","0.3797","A"
"4","Trait5","mrMLM","NsiI.TP777924","3","68985687","6.2828e-06","0.0014","A"
"4","Trait5","mrMLM","NsiI.TP128678","3","69000501","0.0764","0.9504","C"
"4","Trait5","mrMLM","NsiI.TP381737","3","69008243","-0.0182","0.1355","A"
"4","Trait5","mrMLM","PstI.TP382734","3","69008837","7.7207e-06","0.0017","A"
"4","Trait5","mrMLM","PstI.TP1226997","3","69008840","4.0412e-06","9e-04","G"
"4","Trait5","mrMLM","PstI.TP1270826","3","69010637","2.0762e-05","0.0045","A"
"4","Trait5","mrMLM","NsiI.TP306151","3","69029612","-5.7663e-06","0.0013","C"
"4","Trait5","mrMLM","PstI.TP922053","3","69032046","-5.5066e-06","0.0012","C"
"4","Trait5","mrMLM","NsiI.TP733063","3","69036149","-0.0264","0.2547","C"
"4","Trait5","mrMLM","PstI.TP782213","3","69036409","3.7878e-06","8e-04","C"
"4","Trait5","mrMLM","PstI.TP1237556","3","69042473","-0.0813","0.6679","A"
"4","Trait5","mrMLM","NsiI.TP50689","3","69048183","-2.6698e-06","6e-04","A"
"4","Trait5","mrMLM","NsiI.TP437437","3","69051959","1.9655e-05","0.0043","C"
"4","Trait5","mrMLM","PstI.TP423361","3","69052893","0.0383","0.2428","A"
"4","Trait5","mrMLM","GFSSContig20112_1572","3","69060121","3.4462e-06","8e-04","A"
"4","Trait5","mrMLM","PstI.TP489977","3","69072955","-2.2026e-05","0.0048","A"
"4","Trait5","mrMLM","PstI.TP133198","3","69073422","1.3889e-05","0.003","A"
"4","Trait5","mrMLM","PstI.TP162371","3","69081917","-1.1269e-05","0.0025","C"
"4","Trait5","mrMLM","PstI.TP919660","3","69086087","1.1764e-05","0.0026","C"
"4","Trait5","mrMLM","PstI.TP853706","3","69087896","-2.3377e-05","0.0051","G"
"4","Trait5","mrMLM","NsiI.TP471856","3","69099934","-0.1143","0.6542","A"
"4","Trait5","mrMLM","NsiI.TP715156","3","69101453","-9.4834e-06","0.0021","A"
"4","Trait5","mrMLM","NsiI.TP229245","3","69107555","-2.1849e-05","0.0048","C"
"4","Trait5","mrMLM","NsiI.TP469147","3","69125120","7.0692e-06","0.0015","C"
"4","Trait5","mrMLM","NsiI.TP22847","3","69137402","6.708e-06","0.0015","C"
"4","Trait5","mrMLM","NsiI.TP392116","3","69146730","1.0768e-06","2e-04","A"
"4","Trait5","mrMLM","NsiI.TP277189","3","69146923","0.1009","0.7213","C"
"4","Trait5","mrMLM","PstI.TP851515","3","69195343","-1.5659e-05","0.0034","A"
"4","Trait5","mrMLM","PstI.TP271370","3","69195668","-0.1042","0.7076","A"
"4","Trait5","mrMLM","NsiI.TP39018","3","69197876","-1.4716e-05","0.0032","A"
"4","Trait5","mrMLM","NsiI.TP779339","3","69209657","-0.2444","1.2071","A"
"4","Trait5","mrMLM","NsiI.TP163378","3","69210201","4.1409e-07","9.0125e-05","A"
"4","Trait5","mrMLM","NsiI.TP314456","3","69216184","-1.8923e-05","0.0041","A"
"4","Trait5","mrMLM","PstI.TP1249095","3","69250097","0.0362","0.2818","C"
"4","Trait5","mrMLM","PstI.TP37249","3","69253360","-2.9757e-05","0.0065","A"
"4","Trait5","mrMLM","PstI.TP911396","3","69255975","0.0184","0.2364","C"
"4","Trait5","mrMLM","PstI.TP772377","3","69256488","1.8946e-05","0.0041","A"
"4","Trait5","mrMLM","PstI.TP210361","3","69263449","0.2843","1.4334","A"
"4","Trait5","mrMLM","PstI.TP272901","3","69265677","8.6325e-06","0.0019","C"
"4","Trait5","mrMLM","NsiI.TP144405","3","69339750","-6.8743e-06","0.0015","A"
"4","Trait5","mrMLM","PstI.TP1228813","3","69340079","0.1339","2.0858","A"
"4","Trait5","mrMLM","NsiI.TP422975","3","69354411","1.0591e-06","2e-04","A"
"4","Trait5","mrMLM","PstI.TP789647","3","69354547","0.1642","2.7372","A"
"4","Trait5","mrMLM","NsiI.TP61945","3","69368364","-6.6936e-06","0.0015","A"
"4","Trait5","mrMLM","NsiI.TP491811","3","69368373","-2.0095e-05","0.0044","A"
"4","Trait5","mrMLM","PstI.TP366766","3","69394739","3.1167e-06","7e-04","C"
"4","Trait5","mrMLM","PstI.TP1095590","3","69404347","-0.056","0.657","G"
"4","Trait5","mrMLM","NsiI.TP150749","3","69413427","4.3366e-07","9.4393e-05","C"
"4","Trait5","mrMLM","PstI.TP845726","3","69416301","0.0599","0.3902","A"
"4","Trait5","mrMLM","NsiI.TP208563","3","69417868","-2.8024e-06","6e-04","A"
"4","Trait5","mrMLM","PstI.TP620142","3","69421198","2.0314e-05","0.0044","C"
"4","Trait5","mrMLM","NsiI.TP437493","3","69421292","2.6972e-06","6e-04","A"
"4","Trait5","mrMLM","PstI.TP1158098","3","69421824","-1.5212e-05","0.0033","A"
"4","Trait5","mrMLM","NsiI.TP678374","3","69487068","0.1718","0.9105","C"
"4","Trait5","mrMLM","PstI.TP1105795","3","69521595","-4.7243e-06","0.001","A"
"4","Trait5","mrMLM","PstI.TP907726","3","69552487","-0.0803","0.3937","A"
"4","Trait5","mrMLM","PstI.TP933083","3","69570297","3.7927e-05","0.0083","A"
"4","Trait5","mrMLM","NsiI.TP510361","3","69577386","-1.7907e-05","0.0039","C"
"4","Trait5","mrMLM","NsiI.TP190131","3","69587339","-2.0481e-06","4e-04","C"
"4","Trait5","mrMLM","NsiI.TP190132","3","69587364","-0.0683","0.4991","A"
"4","Trait5","mrMLM","PstI.TP24505","3","69594648","6.0283e-06","0.0013","A"
"4","Trait5","mrMLM","NsiI.TP43469","3","69599897","-1.3445e-05","0.0029","A"
"4","Trait5","mrMLM","PstI.TP403406","3","69602313","-0.2013","0.7305","A"
"4","Trait5","mrMLM","PstI.TP410209","3","69602329","-0.0447","0.3675","A"
"4","Trait5","mrMLM","PstI.TP466638","3","69604087","0.0938","0.7836","A"
"4","Trait5","mrMLM","PstI.TP220651","3","69605754","3.0172e-05","0.0066","A"
"4","Trait5","mrMLM","NsiI.TP443413","3","69606017","-1.7478e-05","0.0038","A"
"4","Trait5","mrMLM","PstI.TP764852","3","69624934","-0.0208","0.317","C"
"4","Trait5","mrMLM","PstI.TP168553","3","69628062","2.8975e-05","0.0064","C"
"4","Trait5","mrMLM","NsiI.TP223028","3","69634696","0.0214","0.1799","A"
"4","Trait5","mrMLM","NsiI.TP824277","3","69658477","2.2517e-05","0.0049","A"
"4","Trait5","mrMLM","PstI.TP930911","3","69663440","-0.0025","0.0672","G"
"4","Trait5","mrMLM","PstI.TP984914","3","69664430","-6.139e-06","0.0013","A"
"4","Trait5","mrMLM","PstI.TP1072874","3","69666223","6.9419e-06","0.0015","C"
"4","Trait5","mrMLM","NsiI.TP417407","3","69669814","0.0993","1.2452","A"
"4","Trait5","mrMLM","PstI.TP794298","3","69685699","3.1676e-05","0.0069","A"
"4","Trait5","mrMLM","PstI.TP946383","3","69685699","2.338e-05","0.0051","C"
"4","Trait5","mrMLM","PstI.TP1116745","3","69692317","0.4139","1.5923","A"
"4","Trait5","mrMLM","PstI.TP1180811","3","69708786","2.3988e-05","0.0053","A"
"4","Trait5","mrMLM","NsiI.TP466518","3","69709166","1.7302e-05","0.0038","A"
"4","Trait5","mrMLM","NsiI.TP466791","3","69709229","1.1389e-05","0.0025","A"
"4","Trait5","mrMLM","NsiI.TP547242","3","69709305","-8.6114e-06","0.0019","A"
"4","Trait5","mrMLM","GFSSContig11128_893","3","69715214","2.4064e-05","0.0053","T"
"4","Trait5","mrMLM","NsiI.TP404545","3","69729678","0.0125","0.137","A"
"4","Trait5","mrMLM","NsiI.TP520018","3","69748306","-0.2734","1.1822","A"
"4","Trait5","mrMLM","NsiI.TP520017","3","69748335","0.0615","0.797","A"
"4","Trait5","mrMLM","PstI.TP143961","3","69764873","2.0353e-05","0.0045","A"
"4","Trait5","mrMLM","PstI.TP1245442","3","69765933","0.0559","0.3664","A"
"4","Trait5","mrMLM","NsiI.TP389021","3","69802051","-0.1903","1.3299","A"
"4","Trait5","mrMLM","PstI.TP900560","3","69827943","4.179e-05","0.0092","G"
"4","Trait5","mrMLM","PstI.TP288798","3","69828015","1.9034e-05","0.0042","G"
"4","Trait5","mrMLM","PstI.TP1002422","3","69835392","-5.5168e-06","0.0012","A"
"4","Trait5","mrMLM","NsiI.TP282725","3","69846519","-2.0661e-05","0.0045","A"
"4","Trait5","mrMLM","PstI.TP1053697","3","69900965","1.362e-05","0.003","G"
"4","Trait5","mrMLM","PstI.TP107814","3","69906793","0.0582","0.3339","C"
"4","Trait5","mrMLM","PstI.TP887107","3","69906836","2.5664e-05","0.0056","C"
"4","Trait5","mrMLM","PstI.TP388391","3","69918190","-2.1766e-05","0.0048","C"
"4","Trait5","mrMLM","PstI.TP1139294","3","69919085","-0.0658","0.4602","A"
"4","Trait5","mrMLM","PstI.TP1060709","3","69926348","3.1249e-06","7e-04","A"
"4","Trait5","mrMLM","NsiI.TP76242","3","69937083","1.777e-05","0.0039","C"
"4","Trait5","mrMLM","PstI.TP987636","3","69944092","-3.5038e-05","0.0077","G"
"4","Trait5","mrMLM","PstI.TP45881","3","69950174","-0.033","0.3236","C"
"4","Trait5","mrMLM","PstI.TP479605","3","69960347","3.7011e-05","0.0081","C"
"4","Trait5","mrMLM","PstI.TP479581","3","69960351","-0.0904","1.3331","C"
"4","Trait5","mrMLM","PstI.TP77411","3","69966036","9.9601e-07","2e-04","G"
"4","Trait5","mrMLM","PstI.TP1085254","3","69969350","-8.2349e-06","0.0018","A"
"4","Trait5","mrMLM","PstI.TP14623","3","69969364","0.0698","0.4089","A"
"4","Trait5","mrMLM","NsiI.TP725036","3","70014821","-3.837e-06","8e-04","C"
"4","Trait5","mrMLM","PstI.TP376273","3","70018629","-8.4622e-06","0.0018","A"
"4","Trait5","mrMLM","NsiI.TP690863","3","70040297","1.944e-05","0.0043","A"
"4","Trait5","mrMLM","NsiI.TP360954","3","70051979","-1.0849e-05","0.0024","C"
"4","Trait5","mrMLM","NsiI.TP625894","3","70088553","1.4618e-05","0.0032","G"
"4","Trait5","mrMLM","PstI.TP629013","3","70101916","5.5923e-06","0.0012","G"
"4","Trait5","mrMLM","PstI.TP367205","3","70105914","4.5766e-07","9.9605e-05","A"
"4","Trait5","mrMLM","PstI.TP366699","3","70105955","-1.4436e-05","0.0032","C"
"4","Trait5","mrMLM","PstI.TP1058693","3","70141291","1.8477e-06","4e-04","C"
"4","Trait5","mrMLM","PstI.TP143125","3","70169985","-2.1466e-06","5e-04","A"
"4","Trait5","mrMLM","NsiI.TP468343","3","70187996","0.0823","1.1346","A"
"4","Trait5","mrMLM","NsiI.TP238264","3","70195305","-1.9136e-05","0.0042","C"
"4","Trait5","mrMLM","NsiI.TP121013","3","70201421","5.4334e-06","0.0012","A"
"4","Trait5","mrMLM","PstI.TP991444","3","70205397","1.648e-05","0.0036","C"
"4","Trait5","mrMLM","NsiI.TP128994","3","70221019","3.8297e-06","8e-04","C"
"4","Trait5","mrMLM","PstI.TP1032610","3","70290026","1.963e-05","0.0043","A"
"4","Trait5","mrMLM","PstI.TP53351","3","70312778","1.2323e-05","0.0027","A"
"4","Trait5","mrMLM","PstI.TP998085","3","70312802","-0.1337","0.7684","C"
"4","Trait5","mrMLM","PstI.TP991667","3","70339975","0.0201","0.2294","A"
"4","Trait5","mrMLM","PstI.TP1143155","3","70340091","-1.9506e-05","0.0043","C"
"4","Trait5","mrMLM","NsiI.TP418817","3","70373036","-3.3529e-05","0.0074","A"
"4","Trait5","mrMLM","PstI.TP1027117","3","70383646","2.1807e-05","0.0048","C"
"4","Trait5","mrMLM","GFSSContig10511_296","3","70392889","-0.0637","0.6119","T"
"4","Trait5","mrMLM","PstI.TP1284786","3","70425831","-6.9551e-06","0.0015","C"
"4","Trait5","mrMLM","PstI.TP57935","3","70455343","-2.1351e-05","0.0047","C"
"4","Trait5","mrMLM","NsiI.TP367017","3","70458887","1.4834e-05","0.0032","C"
"4","Trait5","mrMLM","PstI.TP1137071","3","70461261","1.1805e-05","0.0026","A"
"4","Trait5","mrMLM","NsiI.TP250630","3","70473811","-1.8072e-06","4e-04","A"
"4","Trait5","mrMLM","GFSSContig18141_379","3","70486999","-1.5135e-06","3e-04","T"
"4","Trait5","mrMLM","PstI.TP489028","3","70489937","1.956e-05","0.0043","A"
"4","Trait5","mrMLM","PstI.TP1229866","3","70515532","1.2229e-05","0.0027","A"
"4","Trait5","mrMLM","NsiI.TP448700","3","70521931","-1.4304e-05","0.0031","C"
"4","Trait5","mrMLM","PstI.TP271302","3","70522473","-2.1841e-06","5e-04","G"
"4","Trait5","mrMLM","GFSSContig18394_720","3","70524519","-2.9115e-05","0.0064","T"
"4","Trait5","mrMLM","NsiI.TP609769","3","70540310","1.7154e-05","0.0037","A"
"4","Trait5","mrMLM","NsiI.TP692636","3","70540355","-7.7743e-06","0.0017","A"
"4","Trait5","mrMLM","PstI.TP1033109","3","70540648","-1.4347e-05","0.0031","C"
"4","Trait5","mrMLM","PstI.TP445558","3","70545848","-1.9203e-05","0.0042","A"
"4","Trait5","mrMLM","NsiI.TP60465","3","70558159","-2.0193e-06","4e-04","A"
"4","Trait5","mrMLM","NsiI.TP428565","3","70558346","-0.0412","0.1772","A"
"4","Trait5","mrMLM","PstI.TP212044","3","70558808","0.0269","0.2115","A"
"4","Trait5","mrMLM","NsiI.TP466040","3","70574097","1.1526e-05","0.0025","C"
"4","Trait5","mrMLM","PstI.TP773708","3","70577510","-2.6976e-05","0.0059","C"
"4","Trait5","mrMLM","PstI.TP778261","3","70577518","2.1944e-05","0.0048","G"
"4","Trait5","mrMLM","NsiI.TP602441","3","70582246","-0.0169","0.2418","C"
"4","Trait5","mrMLM","PstI.TP542225","3","70594490","0.0367","0.3872","C"
"4","Trait5","mrMLM","PstI.TP621980","3","70598290","-0.0874","0.6572","C"
"4","Trait5","mrMLM","PstI.TP461219","3","70619341","1.2843e-05","0.0028","G"
"4","Trait5","mrMLM","PstI.TP838362","3","70636567","-1.3408e-05","0.0029","A"
"4","Trait5","mrMLM","NsiI.TP213365","3","70670633","8.2825e-07","2e-04","C"
"4","Trait5","mrMLM","NsiI.TP75624","3","70673787","-0.0356","0.2575","G"
"4","Trait5","mrMLM","PstI.TP598237","3","70678696","0.0892","0.949","A"
"4","Trait5","mrMLM","PstI.TP1022814","3","70684115","7.2503e-06","0.0016","C"
"4","Trait5","mrMLM","PstI.TP733612","3","70684605","-4e-04","0.0287","A"
"4","Trait5","mrMLM","NsiI.TP700512","3","70684944","2.9811e-06","6e-04","C"
"4","Trait5","mrMLM","PstI.TP444388","3","70694014","2.6458e-06","6e-04","G"
"4","Trait5","mrMLM","NsiI.TP767318","3","70696250","-1.5231e-06","3e-04","C"
"4","Trait5","mrMLM","NsiI.TP241810","3","70721934","3.0685e-06","7e-04","A"
"4","Trait5","mrMLM","PstI.TP868070","3","70725307","-1.5273e-08","3.3235e-06","G"
"4","Trait5","mrMLM","NsiI.TP597035","3","70761336","-0.1495","0.7106","G"
"4","Trait5","mrMLM","NsiI.TP431746","3","70764675","-7.7167e-06","0.0017","C"
"4","Trait5","mrMLM","NsiI.TP145721","3","70764680","0.1369","0.4806","C"
"4","Trait5","mrMLM","PstI.TP317655","3","70764880","0.0331","0.2518","A"
"4","Trait5","mrMLM","PstI.TP217009","3","70775556","3.5474e-06","8e-04","A"
"4","Trait5","mrMLM","PstI.TP641952","3","70790894","-1.9671e-05","0.0043","G"
"4","Trait5","mrMLM","PstI.TP1151127","3","70806259","2.1372e-06","5e-04","G"
"4","Trait5","mrMLM","PstI.TP923008","3","70806537","0.0965","0.5001","A"
"4","Trait5","mrMLM","PstI.TP955526","3","70806559","1.128e-05","0.0025","A"
"4","Trait5","mrMLM","NsiI.TP730441","3","70813388","-1.6892e-05","0.0037","C"
"4","Trait5","mrMLM","PstI.TP76102","3","70821927","1.2453e-06","3e-04","A"
"4","Trait5","mrMLM","PstI.TP367511","3","70822259","-0.0065","0.0887","A"
"4","Trait5","mrMLM","PstI.TP1187570","3","70827569","-0.0758","1.0222","A"
"4","Trait5","mrMLM","NsiI.TP422411","3","70832262","-6.4322e-06","0.0014","C"
"4","Trait5","mrMLM","NsiI.TP234267","3","70840629","-2.8587e-06","6e-04","A"
"4","Trait5","mrMLM","NsiI.TP510843","3","70844265","-0.1322","0.9478","C"
"4","Trait5","mrMLM","NsiI.TP634457","3","70856596","-1.1706e-05","0.0026","A"
"4","Trait5","mrMLM","NsiI.TP552770","3","70860989","0.0304","0.2906","C"
"4","Trait5","mrMLM","PstI.TP44584","3","70870928","1.4051e-05","0.0031","A"
"4","Trait5","mrMLM","NsiI.TP659581","3","70887842","-2.9918e-05","0.0066","A"
"4","Trait5","mrMLM","PstI.TP490777","3","70896479","-1.1449e-06","2e-04","A"
"4","Trait5","mrMLM","PstI.TP906687","3","70914410","-1.3776e-05","0.003","C"
"4","Trait5","mrMLM","PstI.TP821085","3","70914465","2.7188e-05","0.006","A"
"4","Trait5","mrMLM","PstI.TP338917","3","70919217","-7.4434e-06","0.0016","G"
"4","Trait5","mrMLM","PstI.TP115281","3","70931458","2.9945e-05","0.0066","A"
"4","Trait5","mrMLM","PstI.TP384626","3","70941292","6.1812e-06","0.0013","A"
"4","Trait5","mrMLM","PstI.TP918908","3","70942837","-8.8639e-06","0.0019","C"
"4","Trait5","mrMLM","PstI.TP203440","3","70956921","-0.0867","0.7829","A"
"4","Trait5","mrMLM","PstI.TP169765","3","70960737","0.0012","0.0545","C"
"4","Trait5","mrMLM","PstI.TP650369","3","70976262","-0.0346","0.3241","G"
"4","Trait5","mrMLM","GFk45ctg47373_237","3","71014549","-4e-04","0.0272","A"
"4","Trait5","mrMLM","PstI.TP916678","3","71023065","-0.002","0.0725","C"
"4","Trait5","mrMLM","PstI.TP1206","3","71046047","-6.7192e-06","0.0015","A"
"4","Trait5","mrMLM","PstI.TP1195326","3","71068169","0.1055","0.9732","C"
"4","Trait5","mrMLM","PstI.TP505540","3","71068246","-0.032","0.2159","A"
"4","Trait5","mrMLM","PstI.TP9469","3","71068756","3.6239e-05","0.008","C"
"4","Trait5","mrMLM","NsiI.TP402300","3","71093583","-0.0604","0.6482","A"
"4","Trait5","mrMLM","NsiI.TP601400","3","71108213","1.8606e-05","0.0041","A"
"4","Trait5","mrMLM","NsiI.TP377122","3","71109414","0.0331","0.3622","C"
"4","Trait5","mrMLM","PstI.TP773795","3","71115536","-8.6943e-07","2e-04","C"
"4","Trait5","mrMLM","PstI.TP946836","3","71116942","2.9461e-05","0.0065","A"
"4","Trait5","mrMLM","PstI.TP1102186","3","71118933","-2.8603e-06","6e-04","A"
"4","Trait5","mrMLM","NsiI.TP327757","3","71119897","3.4248e-05","0.0075","A"
"4","Trait5","mrMLM","PstI.TP74962","3","71137238","-0.0061","0.0721","C"
"4","Trait5","mrMLM","PstI.TP683006","3","71138581","2.7505e-06","6e-04","C"
"4","Trait5","mrMLM","NsiI.TP499448","3","71138864","1.2386e-06","3e-04","A"
"4","Trait5","mrMLM","PstI.TP737101","3","71170506","-0.0523","0.3768","A"
"4","Trait5","mrMLM","PstI.TP698562","3","71173232","-1.2011e-05","0.0026","A"
"4","Trait5","mrMLM","PstI.TP572438","3","71178778","1.1339e-05","0.0025","A"
"4","Trait5","mrMLM","PstI.TP396457","3","71181418","-0.0258","0.3664","G"
"4","Trait5","mrMLM","PstI.TP1011271","3","71182556","-1.3287e-06","3e-04","C"
"4","Trait5","mrMLM","NsiI.TP777241","3","71199343","1.5618e-05","0.0034","C"
"4","Trait5","mrMLM","PstI.TP822650","3","71202560","0.0123","0.1232","G"
"4","Trait5","mrMLM","PstI.TP759529","3","71215407","-7.2208e-06","0.0016","A"
"4","Trait5","mrMLM","PstI.TP306737","3","71220834","0.1093","0.698","A"
"4","Trait5","mrMLM","PstI.TP118279","3","71225099","-2.6281e-05","0.0058","A"
"4","Trait5","mrMLM","PstI.TP330349","3","71225123","-2.3841e-05","0.0052","C"
"4","Trait5","mrMLM","PstI.TP883563","3","71236884","0.041","0.3934","C"
"4","Trait5","mrMLM","PstI.TP329326","3","71243176","0.0625","0.655","A"
"4","Trait5","mrMLM","NsiI.TP322598","3","71278455","0.0763","0.7447","A"
"4","Trait5","mrMLM","PstI.TP845977","3","71280773","-6.2371e-06","0.0014","A"
"4","Trait5","mrMLM","PstI.TP403752","3","71284384","-1.9305e-05","0.0042","C"
"4","Trait5","mrMLM","PstI.TP24470","3","71284933","-4.4397e-06","0.001","C"
"4","Trait5","mrMLM","PstI.TP113250","3","71287731","-3.7501e-06","8e-04","A"
"4","Trait5","mrMLM","NsiI.TP328854","3","71291896","0.0543","0.3426","A"
"4","Trait5","mrMLM","PstI.TP995093","3","71293277","-2.9521e-06","6e-04","A"
"4","Trait5","mrMLM","NsiI.TP570570","3","71299631","-0.0115","0.2214","A"
"4","Trait5","mrMLM","NsiI.TP778810","3","71299961","0.0759","0.4159","C"
"4","Trait5","mrMLM","NsiI.TP359075","3","71301013","-1.1828e-06","3e-04","A"
"4","Trait5","mrMLM","PstI.TP579004","3","71313289","-7.7069e-06","0.0017","A"
"4","Trait5","mrMLM","PstI.TP532668","3","71313378","1.2347e-05","0.0027","A"
"4","Trait5","mrMLM","PstI.TP921434","3","71315794","8.8376e-06","0.0019","G"
"4","Trait5","mrMLM","NsiI.TP292301","3","71320423","0.0271","0.3773","A"
"4","Trait5","mrMLM","NsiI.TP295096","3","71320519","-9.4318e-06","0.0021","C"
"4","Trait5","mrMLM","PstI.TP759583","3","71370495","-0.0766","0.7331","G"
"4","Trait5","mrMLM","NsiI.TP323773","3","71375672","-1.2638e-05","0.0028","A"
"4","Trait5","mrMLM","PstI.TP346735","3","71414448","-1.4879e-05","0.0033","A"
"4","Trait5","mrMLM","PstI.TP1043971","3","71414485","-5.0464e-06","0.0011","A"
"4","Trait5","mrMLM","PstI.TP1047513","3","71419164","0.0762","0.4493","C"
"4","Trait5","mrMLM","NsiI.TP510537","3","71420877","0.1348","0.4646","A"
"4","Trait5","mrMLM","PstI.TP386255","3","71429224","3.7466e-05","0.0082","A"
"4","Trait5","mrMLM","PstI.TP853213","3","71458543","0.1032","0.6219","C"
"4","Trait5","mrMLM","PstI.TP56127","3","71484332","0.0343","0.4817","A"
"4","Trait5","mrMLM","PstI.TP795416","3","71488115","1.1932e-05","0.0026","C"
"4","Trait5","mrMLM","PstI.TP1179281","3","71493798","1.1603e-05","0.0025","A"
"4","Trait5","mrMLM","PstI.TP200587","3","71494724","0.1304","0.6428","G"
"4","Trait5","mrMLM","NsiI.TP532123","3","71504956","-3.0751e-06","7e-04","A"
"4","Trait5","mrMLM","NsiI.TP67105","3","71507776","0.1271","1.3993","C"
"4","Trait5","mrMLM","NsiI.TP678482","3","71517833","1.4175e-05","0.0031","A"
"4","Trait5","mrMLM","NsiI.TP533289","3","71518206","-5.9199e-06","0.0013","C"
"4","Trait5","mrMLM","NsiI.TP232832","3","71523567","-0.0516","0.3151","A"
"4","Trait5","mrMLM","PstI.TP745087","3","71534823","-3.209e-05","0.007","C"
"4","Trait5","mrMLM","NsiI.TP522504","3","71564566","1.0762e-05","0.0023","A"
"4","Trait5","mrMLM","PstI.TP1159441","3","71573471","1.7455e-05","0.0038","A"
"4","Trait5","mrMLM","PstI.TP145562","3","71581008","1.615e-05","0.0035","A"
"4","Trait5","mrMLM","PstI.TP974045","3","71607310","1.0066e-05","0.0022","A"
"4","Trait5","mrMLM","PstI.TP973509","3","71631915","-7.9634e-06","0.0017","A"
"4","Trait5","mrMLM","NsiI.TP390199","3","71648489","-2.4599e-05","0.0054","A"
"4","Trait5","mrMLM","NsiI.TP490460","3","71670676","-0.0019","0.071","A"
"4","Trait5","mrMLM","NsiI.TP547469","3","71674129","-1.6646e-05","0.0036","A"
"4","Trait5","mrMLM","PstI.TP770377","3","71680305","-1.5943e-05","0.0035","C"
"4","Trait5","mrMLM","NsiI.TP250795","3","71690375","1.4842e-05","0.0032","C"
"4","Trait5","mrMLM","PstI.TP1223764","3","71709912","-1.7836e-05","0.0039","C"
"4","Trait5","mrMLM","NsiI.TP526435","3","71717358","-0.073","0.8512","C"
"4","Trait5","mrMLM","NsiI.TP187793","3","71720682","-2.5287e-05","0.0055","C"
"4","Trait5","mrMLM","NsiI.TP189210","3","71744409","3.9781e-05","0.0087","G"
"4","Trait5","mrMLM","PstI.TP1198874","3","71767172","-3.3916e-05","0.0074","A"
"4","Trait5","mrMLM","NsiI.TP509790","3","71778076","0.0514","0.273","A"
"4","Trait5","mrMLM","PstI.TP639082","3","71815374","1.5256e-05","0.0033","A"
"4","Trait5","mrMLM","NsiI.TP391322","3","71825154","2.7546e-05","0.006","G"
"4","Trait5","mrMLM","PstI.TP161974","3","71850539","0.0383","0.4627","A"
"4","Trait5","mrMLM","PstI.TP1040904","3","71853195","-0.1806","0.9226","C"
"4","Trait5","mrMLM","PstI.TP908813","3","71853833","-1.4329e-05","0.0031","C"
"4","Trait5","mrMLM","NsiI.TP29345","3","71859785","1.3976e-05","0.0031","A"
"4","Trait5","mrMLM","PstI.TP5918","3","71874492","0.0379","0.3415","C"
"4","Trait5","mrMLM","NsiI.TP616371","3","71876871","0.0106","0.1385","A"
"4","Trait5","mrMLM","PstI.TP505819","3","71878953","0.0588","0.4993","C"
"4","Trait5","mrMLM","NsiI.TP471432","3","71881964","-2.0804e-05","0.0046","A"
"4","Trait5","mrMLM","NsiI.TP452027","3","71895534","3.377e-07","7.3497e-05","A"
"4","Trait5","mrMLM","PstI.TP584814","3","71926708","5.3369e-07","1e-04","C"
"4","Trait5","mrMLM","PstI.TP612491","3","71936195","3.713e-05","0.0082","C"
"4","Trait5","mrMLM","NsiI.TP56826","3","71937864","0.0306","0.3931","A"
"4","Trait5","mrMLM","PstI.TP234599","3","71941464","2.7166e-05","0.006","A"
"4","Trait5","mrMLM","NsiI.TP204873","3","71949110","-0.309","1.1171","G"
"4","Trait5","mrMLM","PstI.TP1132567","3","71972612","-2.9837e-05","0.0065","A"
"4","Trait5","mrMLM","NsiI.TP64589","3","71972732","2.9976e-05","0.0066","A"
"4","Trait5","mrMLM","PstI.TP906694","3","71997518","-0.1206","0.663","C"
"4","Trait5","mrMLM","PstI.TP27753","3","72063176","0.0888","1.1584","A"
"4","Trait5","mrMLM","NsiI.TP198450","3","72064311","8.2105e-06","0.0018","A"
"4","Trait5","mrMLM","PstI.TP421793","3","72066807","-1.5497e-05","0.0034","C"
"4","Trait5","mrMLM","PstI.TP421792","3","72066843","0.0285","0.2775","A"
"4","Trait5","mrMLM","PstI.TP626140","3","72087552","0.0918","1.0148","C"
"4","Trait5","mrMLM","NsiI.TP668633","3","72087795","4.1631e-06","9e-04","C"
"4","Trait5","mrMLM","PstI.TP704102","3","72097083","-4.4292e-05","0.0097","C"
"4","Trait5","mrMLM","NsiI.TP280625","3","72097579","-1.6882e-05","0.0037","A"
"4","Trait5","mrMLM","NsiI.TP396040","3","72109079","-0.0032","0.0743","A"
"4","Trait5","mrMLM","NsiI.TP83920","3","72112802","-0.0477","0.4581","C"
"4","Trait5","mrMLM","PstI.TP1046316","3","72119163","-1.2705e-05","0.0028","A"
"4","Trait5","mrMLM","PstI.TP1241108","3","72141013","3.7985e-05","0.0083","A"
"4","Trait5","mrMLM","PstI.TP898136","3","72148923","2.7619e-08","6.0114e-06","C"
"4","Trait5","mrMLM","NsiI.TP127064","3","72149010","0.1426","0.6291","A"
"4","Trait5","mrMLM","PstI.TP204092","3","72149469","0.0985","0.995","A"
"4","Trait5","mrMLM","PstI.TP145862","3","72157475","1.7948e-05","0.0039","G"
"4","Trait5","mrMLM","PstI.TP262789","3","72159095","-1.4797e-05","0.0032","A"
"4","Trait5","mrMLM","NsiI.TP171909","3","72216197","-2.2396e-06","5e-04","C"
"4","Trait5","mrMLM","NsiI.TP177413","3","72216222","0.1768","0.8264","A"
"4","Trait5","mrMLM","PstI.TP754993","3","72228785","-5.7087e-06","0.0012","C"
"4","Trait5","mrMLM","NsiI.TP163434","3","72233817","0.0446","0.4773","A"
"4","Trait5","mrMLM","PstI.TP1153923","3","72256661","-1.2265e-05","0.0027","C"
"4","Trait5","mrMLM","GFSSContig6446_373","3","72296527","8.5562e-06","0.0019","T"
"4","Trait5","mrMLM","NsiI.TP73322","3","72308329","1.0457e-05","0.0023","C"
"4","Trait5","mrMLM","NsiI.TP250160","3","72327869","1.3454e-05","0.0029","A"
"4","Trait5","mrMLM","PstI.TP329796","3","72330956","-0.0024","0.0527","C"
"4","Trait5","mrMLM","PstI.TP279809","3","72330993","-9.0735e-06","0.002","A"
"4","Trait5","mrMLM","NsiI.TP218730","3","72336467","-0.0321","0.3015","C"
"4","Trait5","mrMLM","PstI.TP682612","3","72341823","5.5954e-06","0.0012","A"
"4","Trait5","mrMLM","NsiI.TP475401","3","72357250","0.148","1.1441","A"
"4","Trait5","mrMLM","PstI.TP806771","3","72365455","-2.2915e-05","0.005","A"
"4","Trait5","mrMLM","PstI.TP233305","3","72380511","0.14","1.032","A"
"4","Trait5","mrMLM","PstI.TP664073","3","72380597","2.3931e-05","0.0052","C"
"4","Trait5","mrMLM","NsiI.TP645635","3","72384458","-0.0533","0.3779","C"
"4","Trait5","mrMLM","NsiI.TP630701","3","72384480","-6.4238e-06","0.0014","A"
"4","Trait5","mrMLM","PstI.TP155675","3","72392047","-4.945e-06","0.0011","A"
"4","Trait5","mrMLM","NsiI.TP421594","3","72392349","8.4762e-06","0.0018","A"
"4","Trait5","mrMLM","NsiI.TP253420","3","72398140","2.4803e-05","0.0054","A"
"4","Trait5","mrMLM","NsiI.TP211589","3","72398492","0.1449","0.7081","C"
"4","Trait5","mrMLM","PstI.TP799973","3","72401926","-1.3364e-05","0.0029","A"
"4","Trait5","mrMLM","PstI.TP81443","3","72402402","6.1245e-06","0.0013","C"
"4","Trait5","mrMLM","NsiI.TP770208","3","72404689","-1.2515e-06","3e-04","C"
"4","Trait5","mrMLM","PstI.TP668030","3","72408331","-9.6165e-06","0.0021","A"
"4","Trait5","mrMLM","NsiI.TP244372","3","72408680","-0.0418","0.4878","A"
"4","Trait5","mrMLM","PstI.TP942393","3","72444465","-1.1943e-06","3e-04","A"
"4","Trait5","mrMLM","PstI.TP5232","3","72451142","-7.2245e-06","0.0016","C"
"4","Trait5","mrMLM","PstI.TP351441","3","72475949","-0.0072","0.1154","A"
"4","Trait5","mrMLM","NsiI.TP778547","3","72499499","-5.4343e-06","0.0012","A"
"4","Trait5","mrMLM","PstI.TP753532","3","72504255","-2.8132e-05","0.0062","G"
"4","Trait5","mrMLM","PstI.TP178192","3","72519537","-1.1787e-05","0.0026","G"
"4","Trait5","mrMLM","PstI.TP178194","3","72519583","4.9343e-06","0.0011","A"
"4","Trait5","mrMLM","PstI.TP187280","3","72520423","7.1879e-06","0.0016","C"
"4","Trait5","mrMLM","PstI.TP795371","3","72534871","2.6243e-05","0.0058","C"
"4","Trait5","mrMLM","PstI.TP1248796","3","72560557","-5.8772e-06","0.0013","A"
"4","Trait5","mrMLM","PstI.TP1198599","3","72561086","3.2635e-05","0.0072","C"
"4","Trait5","mrMLM","PstI.TP68420","3","72562123","-0.1283","0.6489","A"
"4","Trait5","mrMLM","NsiI.TP823075","3","72605095","-0.0431","0.3513","C"
"4","Trait5","mrMLM","NsiI.TP815078","3","72615887","-7.3627e-06","0.0016","A"
"4","Trait5","mrMLM","NsiI.TP4650","3","72617483","-2.7391e-05","0.006","A"
"4","Trait5","mrMLM","PstI.TP338489","3","72629780","-3.9626e-05","0.0087","A"
"4","Trait5","mrMLM","NsiI.TP428251","3","72635092","0.0324","0.2546","C"
"4","Trait5","mrMLM","NsiI.TP176283","3","72635877","-0.0392","0.2109","G"
"4","Trait5","mrMLM","PstI.TP1144421","3","72644550","1.0593e-05","0.0023","A"
"4","Trait5","mrMLM","PstI.TP1144762","3","72644583","-4.3052e-05","0.0095","C"
"4","Trait5","mrMLM","NsiI.TP195396","3","72661661","-0.1578","1.1008","A"
"4","Trait5","mrMLM","PstI.TP762612","3","72663785","1.7119e-06","4e-04","A"
"4","Trait5","mrMLM","NsiI.TP263500","3","72673824","1.2329e-05","0.0027","C"
"4","Trait5","mrMLM","PstI.TP1270458","3","72678410","-0.0378","0.4198","G"
"4","Trait5","mrMLM","NsiI.TP737521","3","72694500","-3.5364e-05","0.0078","C"
"4","Trait5","mrMLM","NsiI.TP442195","3","72697158","1.6421e-05","0.0036","A"
"4","Trait5","mrMLM","PstI.TP647653","3","72697701","0.0631","0.7083","C"
"4","Trait5","mrMLM","NsiI.TP41276","3","72703220","-1.5273e-06","3e-04","A"
"4","Trait5","mrMLM","PstI.TP1107761","3","72704680","6.9586e-06","0.0015","A"
"4","Trait5","mrMLM","NsiI.TP513666","3","72716471","0.1458","1.3569","A"
"4","Trait5","mrMLM","PstI.TP505588","3","72716537","3.0755e-06","7e-04","C"
"4","Trait5","mrMLM","PstI.TP428584","3","72723527","-0.1152","0.7084","C"
"4","Trait5","mrMLM","NsiI.TP502933","3","72742685","0.0287","0.3469","C"
"4","Trait5","mrMLM","NsiI.TP224530","3","72743117","0.1108","0.3496","A"
"4","Trait5","mrMLM","NsiI.TP553613","3","72745621","-1.6504e-05","0.0036","G"
"4","Trait5","mrMLM","NsiI.TP615894","3","72754264","0.0552","0.3624","A"
"4","Trait5","mrMLM","PstI.TP338258","3","72759792","9.522e-06","0.0021","G"
"4","Trait5","mrMLM","NsiI.TP822394","3","72776168","-2.3526e-05","0.0052","A"
"4","Trait5","mrMLM","PstI.TP314655","3","72791842","-7.7847e-06","0.0017","A"
"4","Trait5","mrMLM","NsiI.TP17480","3","72792213","-1.4711e-05","0.0032","A"
"4","Trait5","mrMLM","PstI.TP986205","3","72802717","-2.3618e-06","5e-04","C"
"4","Trait5","mrMLM","PstI.TP1124223","3","72814129","0.0539","0.3455","C"
"4","Trait5","mrMLM","NsiI.TP460223","3","72815501","-2.4171e-05","0.0053","A"
"4","Trait5","mrMLM","NsiI.TP64069","3","72817675","0.2162","1.0143","C"
"4","Trait5","mrMLM","NsiI.TP751897","3","72836667","1.9564e-05","0.0043","A"
"4","Trait5","mrMLM","NsiI.TP263217","3","72840362","-2.4042e-05","0.0053","A"
"4","Trait5","mrMLM","PstI.TP1206536","3","72840397","0.1727","1.4996","A"
"4","Trait5","mrMLM","PstI.TP1250074","3","72840429","-0.1442","0.735","C"
"4","Trait5","mrMLM","NsiI.TP693881","3","72845855","2.279e-05","0.005","A"
"4","Trait5","mrMLM","PstI.TP495912","3","72850069","-1.1199e-05","0.0024","A"
"4","Trait5","mrMLM","PstI.TP457576","3","72854766","-5.6501e-06","0.0012","A"
"4","Trait5","mrMLM","PstI.TP426801","3","72873242","-0.0318","0.3494","C"
"4","Trait5","mrMLM","NsiI.TP409467","3","72878819","1.2605e-06","3e-04","C"
"4","Trait5","mrMLM","PstI.TP59482","3","72881051","1.2397e-05","0.0027","C"
"4","Trait5","mrMLM","PstI.TP891165","3","72909897","2.0986e-06","5e-04","A"
"4","Trait5","mrMLM","PstI.TP133012","3","72913190","1.6027e-05","0.0035","C"
"4","Trait5","mrMLM","NsiI.TP473026","3","72913418","1.3512e-05","0.003","A"
"4","Trait5","mrMLM","PstI.TP720237","3","72913450","-0.1027","0.6678","A"
"4","Trait5","mrMLM","NsiI.TP66607","3","72925427","-2.2349e-05","0.0049","A"
"4","Trait5","mrMLM","NsiI.TP152796","3","72941657","-0.0036","0.0999","C"
"4","Trait5","mrMLM","PstI.TP924470","3","72950968","-9.645e-06","0.0021","A"
"4","Trait5","mrMLM","NsiI.TP392536","3","72995483","2.3493e-05","0.0051","A"
"4","Trait5","mrMLM","PstI.TP540228","3","73006322","-8.7075e-06","0.0019","C"
"4","Trait5","mrMLM","NsiI.TP442084","3","73011596","3.9586e-05","0.0087","A"
"4","Trait5","mrMLM","NsiI.TP376338","3","73019311","1.8575e-05","0.0041","A"
"4","Trait5","mrMLM","PstI.TP264349","3","73030966","4.9255e-06","0.0011","A"
"4","Trait5","mrMLM","PstI.TP318195","3","73032713","-1.8964e-05","0.0041","C"
"4","Trait5","mrMLM","PstI.TP456192","3","73032770","0.13","0.6761","A"
"4","Trait5","mrMLM","PstI.TP37723","3","73045620","-2.2827e-05","0.005","C"
"4","Trait5","mrMLM","PstI.TP922855","3","73053768","-2.1618e-05","0.0047","A"
"4","Trait5","mrMLM","PstI.TP1270259","3","73055182","2.0978e-05","0.0046","A"
"4","Trait5","mrMLM","NsiI.TP689859","3","73077435","0.0423","0.4239","A"
"4","Trait5","mrMLM","PstI.TP42625","3","73083763","0.0091","0.1552","C"
"4","Trait5","mrMLM","PstI.TP872193","3","73084011","-4.7943e-06","0.001","C"
"4","Trait5","mrMLM","PstI.TP798238","3","73087364","2.6033e-05","0.0057","C"
"4","Trait5","mrMLM","PstI.TP936850","3","73106932","1.7519e-05","0.0038","C"
"4","Trait5","mrMLM","PstI.TP981152","3","73114919","-4.8168e-07","1e-04","A"
"4","Trait5","mrMLM","NsiI.TP615300","3","73120136","0.1005","0.5573","A"
"4","Trait5","mrMLM","PstI.TP99861","3","73138767","7.0753e-06","0.0015","A"
"4","Trait5","mrMLM","NsiI.TP430210","3","73142543","6.0811e-06","0.0013","C"
"4","Trait5","mrMLM","PstI.TP1271938","3","73149860","-1.5927e-05","0.0035","C"
"4","Trait5","mrMLM","GFSSContig2914_315","3","73150306","0.0812","0.7675","T"
"4","Trait5","mrMLM","PstI.TP343944","3","73164839","-2.515e-06","5e-04","G"
"4","Trait5","mrMLM","PstI.TP1062251","3","73165084","-3.1642e-05","0.0069","A"
"4","Trait5","mrMLM","PstI.TP1062252","3","73165103","-0.0167","0.1639","A"
"4","Trait5","mrMLM","NsiI.TP356712","3","73168456","-0.0598","0.3899","G"
"4","Trait5","mrMLM","PstI.TP1079502","3","73170955","1.433e-05","0.0031","C"
"4","Trait5","mrMLM","PstI.TP248986","3","73178542","-0.1798","1.4181","C"
"4","Trait5","mrMLM","PstI.TP173195","3","73184477","-0.0769","0.5146","C"
"4","Trait5","mrMLM","PstI.TP135129","3","73200688","1.4004e-06","3e-04","C"
"4","Trait5","mrMLM","NsiI.TP530822","3","73205140","1.3671e-05","0.003","C"
"4","Trait5","mrMLM","NsiI.TP197829","3","73223691","0.0245","0.2743","C"
"4","Trait5","mrMLM","PstI.TP601322","3","73231445","1.4433e-05","0.0032","C"
"4","Trait5","mrMLM","PstI.TP908088","3","73239870","-3.6046e-05","0.0079","A"
"4","Trait5","mrMLM","NsiI.TP329929","3","73241123","-2.1618e-05","0.0047","A"
"4","Trait5","mrMLM","PstI.TP190216","3","73241576","0.0027","0.089","A"
"4","Trait5","mrMLM","NsiI.TP802657","3","73241783","0.011","0.1823","C"
"4","Trait5","mrMLM","PstI.TP749398","3","73262747","0.0693","0.4724","A"
"4","Trait5","mrMLM","PstI.TP261417","3","73269489","-0.0479","0.3589","C"
"4","Trait5","mrMLM","NsiI.TP303398","3","73301221","-3.294e-06","7e-04","A"
"4","Trait5","mrMLM","NsiI.TP588258","3","73310107","2.682e-06","6e-04","A"
"4","Trait5","mrMLM","PstI.TP435484","3","73310470","-2.9891e-06","7e-04","C"
"4","Trait5","mrMLM","PstI.TP1256343","3","73319224","9.4431e-06","0.0021","A"
"4","Trait5","mrMLM","NsiI.TP244617","3","73319930","-1.2852e-05","0.0028","A"
"4","Trait5","mrMLM","NsiI.TP554929","3","73321437","0.2644","2.6526","C"
"4","Trait5","mrMLM","PstI.TP967803","3","73321934","1.6702e-06","4e-04","G"
"4","Trait5","mrMLM","NsiI.TP550959","3","73321962","-0.0372","0.4932","G"
"4","Trait5","mrMLM","NsiI.TP480919","3","73344597","9.9944e-06","0.0022","G"
"4","Trait5","mrMLM","NsiI.TP454481","3","73353862","1.4361e-05","0.0031","C"
"4","Trait5","mrMLM","PstI.TP1059288","3","73376494","2.7518e-05","0.006","G"
"4","Trait5","mrMLM","NsiI.TP661879","3","73421724","0.1121","1.642","C"
"4","Trait5","mrMLM","NsiI.TP136567","3","73427286","5.5742e-06","0.0012","C"
"4","Trait5","mrMLM","NsiI.TP672558","3","73427308","-2.7244e-06","6e-04","C"
"4","Trait5","mrMLM","NsiI.TP136698","3","73427320","-1.1223e-05","0.0024","G"
"4","Trait5","mrMLM","NsiI.TP163982","3","73427335","2.7428e-06","6e-04","A"
"4","Trait5","mrMLM","NsiI.TP669481","3","73429735","2.0228e-05","0.0044","C"
"4","Trait5","mrMLM","NsiI.TP540545","3","73442407","-0.3064","2.1903","C"
"4","Trait5","mrMLM","PstI.TP996188","3","73444130","6.1832e-06","0.0013","G"
"4","Trait5","mrMLM","PstI.TP439066","3","73445402","0.1561","0.5897","C"
"4","Trait5","mrMLM","PstI.TP439065","3","73445409","0.074","0.465","A"
"4","Trait5","mrMLM","NsiI.TP533200","3","73448428","1.202e-05","0.0026","C"
"4","Trait5","mrMLM","PstI.TP195257","3","73454659","-3.1203e-06","7e-04","A"
"4","Trait5","mrMLM","PstI.TP1014699","3","73502246","-4.1188e-06","9e-04","A"
"4","Trait5","mrMLM","NsiI.TP473257","3","73502806","0.0123","0.1384","A"
"4","Trait5","mrMLM","PstI.TP765244","3","73539517","-1.2876e-05","0.0028","A"
"4","Trait5","mrMLM","NsiI.TP801841","3","73553633","-0.0761","0.4089","A"
"4","Trait5","mrMLM","PstI.TP1023531","3","73557384","-0.0776","0.5991","C"
"4","Trait5","mrMLM","PstI.TP755163","3","73580364","1.6729e-05","0.0037","C"
"4","Trait5","mrMLM","PstI.TP1332","3","73617488","0.0814","0.4101","A"
"4","Trait5","mrMLM","PstI.TP286801","3","73633053","-6.3839e-06","0.0014","C"
"4","Trait5","mrMLM","PstI.TP1131250","3","73634827","0.0169","0.244","C"
"4","Trait5","mrMLM","GFSSContig14223_306","3","73649965","2.7178e-05","0.006","T"
"4","Trait5","mrMLM","PstI.TP323081","3","73665845","3.6315e-06","8e-04","C"
"4","Trait5","mrMLM","PstI.TP323101","3","73665851","-6.9199e-06","0.0015","C"
"4","Trait5","mrMLM","PstI.TP1294611","3","73704669","3.797e-05","0.0083","C"
"4","Trait5","mrMLM","PstI.TP233282","3","73735479","-1.9943e-05","0.0044","A"
"4","Trait5","mrMLM","PstI.TP1100905","3","73743770","2.9994e-06","7e-04","G"
"4","Trait5","mrMLM","PstI.TP477812","3","73744508","1.5975e-05","0.0035","C"
"4","Trait5","mrMLM","NsiI.TP144440","3","73756470","-0.0929","0.511","A"
"4","Trait5","mrMLM","NsiI.TP144436","3","73756484","-0.2302","1.2821","C"
"4","Trait5","mrMLM","NsiI.TP251016","3","73789751","2.073e-05","0.0045","A"
"4","Trait5","mrMLM","PstI.TP1146475","3","73807045","-0.0356","0.3255","G"
"4","Trait5","mrMLM","NsiI.TP515499","3","73834383","-0.0253","0.1899","A"
"4","Trait5","mrMLM","NsiI.TP515498","3","73834433","-1.0647e-05","0.0023","C"
"4","Trait5","mrMLM","NsiI.TP195520","3","73836019","1.0016e-05","0.0022","G"
"4","Trait5","mrMLM","NsiI.TP685527","3","73884192","4.6981e-05","0.0103","A"
"4","Trait5","mrMLM","NsiI.TP685474","3","73884202","0.0821","0.6507","A"
"4","Trait5","mrMLM","PstI.TP1004277","3","73886342","-9.0042e-06","0.002","C"
"4","Trait5","mrMLM","PstI.TP1004248","3","73886346","3.2788e-06","7e-04","C"
"4","Trait5","mrMLM","PstI.TP115378","3","73935711","0.1203","1.6938","A"
"4","Trait5","mrMLM","PstI.TP485188","3","73943256","-2.3516e-05","0.0051","C"
"4","Trait5","mrMLM","NsiI.TP426299","3","73949400","-2.0246e-06","4e-04","C"
"4","Trait5","mrMLM","PstI.TP1031256","3","73960143","4.4029e-06","0.001","C"
"4","Trait5","mrMLM","PstI.TP1178079","3","74031494","-9.3795e-06","0.002","C"
"4","Trait5","mrMLM","NsiI.TP392823","3","74032182","1.1113e-05","0.0024","C"
"4","Trait5","mrMLM","PstI.TP639987","3","74052057","-3.2363e-06","7e-04","C"
"4","Trait5","mrMLM","NsiI.TP414","3","74056366","-2.7118e-05","0.0059","A"
"4","Trait5","mrMLM","NsiI.TP804051","3","74083102","-9.1771e-06","0.002","C"
"4","Trait5","mrMLM","PstI.TP1249457","3","74100631","0.0479","0.2957","A"
"4","Trait5","mrMLM","NsiI.TP117152","3","74104438","-1.1508e-05","0.0025","C"
"4","Trait5","mrMLM","PstI.TP180348","3","74109186","7.6984e-06","0.0017","A"
"4","Trait5","mrMLM","NsiI.TP436820","3","74118413","-0.0561","0.6347","A"
"4","Trait5","mrMLM","NsiI.TP423114","3","74119294","-0.0387","0.3741","C"
"4","Trait5","mrMLM","PstI.TP732464","3","74132330","2.3253e-05","0.0051","A"
"4","Trait5","mrMLM","NsiI.TP716447","3","74142751","0.0977","1.2448","C"
"4","Trait5","mrMLM","NsiI.TP703205","3","74196970","-1.5087e-05","0.0033","C"
"4","Trait5","mrMLM","PstI.TP930877","3","74253026","0.0372","0.2882","A"
"4","Trait5","mrMLM","NsiI.TP151264","3","74264365","1.8987e-05","0.0042","A"
"4","Trait5","mrMLM","NsiI.TP694210","3","74274384","0.0211","0.2329","C"
"4","Trait5","mrMLM","NsiI.TP353958","3","74302874","-4.3047e-06","9e-04","C"
"4","Trait5","mrMLM","PstI.TP706641","3","74303182","-1.5599e-05","0.0034","C"
"4","Trait5","mrMLM","PstI.TP1223187","3","74310960","-0.2359","0.7781","A"
"4","Trait5","mrMLM","PstI.TP568461","3","74315454","-6.8452e-06","0.0015","A"
"4","Trait5","mrMLM","PstI.TP7926","3","74328750","-1.0041e-05","0.0022","G"
"4","Trait5","mrMLM","PstI.TP744909","3","74341871","-1.9403e-06","4e-04","A"
"4","Trait5","mrMLM","PstI.TP1060094","3","74361925","2.7387e-05","0.006","A"
"4","Trait5","mrMLM","NsiI.TP10232","3","74376488","-3.1101e-05","0.0046","A"
"4","Trait5","mrMLM","PstI.TP621994","3","74383503","1.1267e-05","0.0025","G"
"4","Trait5","mrMLM","PstI.TP1178670","4","54185","-9.4153e-06","0.0021","A"
"4","Trait5","mrMLM","NsiI.TP744165","4","55823","1.0168e-05","0.0022","G"
"4","Trait5","mrMLM","NsiI.TP515938","4","63106","5.4349e-06","0.0012","C"
"4","Trait5","mrMLM","NsiI.TP801135","4","63162","9.5914e-06","0.0021","C"
"4","Trait5","mrMLM","PstI.TP1119191","4","72019","-1.118e-05","0.0024","A"
"4","Trait5","mrMLM","NsiI.TP76340","4","72467","2.0319e-05","0.0044","G"
"4","Trait5","mrMLM","PstI.TP358092","4","78246","-6.0703e-06","0.0013","C"
"4","Trait5","mrMLM","PstI.TP358095","4","78261","-2.9265e-05","0.0064","G"
"4","Trait5","mrMLM","NsiI.TP112859","4","112373","-1.3355e-05","0.0029","C"
"4","Trait5","mrMLM","PstI.TP128224","4","119123","-1.2789e-05","0.0028","G"
"4","Trait5","mrMLM","PstI.TP257531","4","120954","7.0113e-06","0.0015","A"
"4","Trait5","mrMLM","NsiI.TP374846","4","121049","-0.0268","0.2224","C"
"4","Trait5","mrMLM","PstI.TP172702","4","135426","0.0587","0.5278","C"
"4","Trait5","mrMLM","PstI.TP1280524","4","135529","7.1104e-06","0.0016","G"
"4","Trait5","mrMLM","PstI.TP894344","4","148931","0.1086","1.1656","C"
"4","Trait5","mrMLM","GFSSContig17930_1907","4","176618","-7.6696e-06","0.0017","A"
"4","Trait5","mrMLM","PstI.TP704363","4","180971","-8.5849e-06","0.0019","G"
"4","Trait5","mrMLM","PstI.TP777325","4","184981","-1.0476e-05","0.0023","A"
"4","Trait5","mrMLM","PstI.TP934142","4","194652","0.0086","0.1319","A"
"4","Trait5","mrMLM","PstI.TP744500","4","207873","1.4024e-06","3e-04","A"
"4","Trait5","mrMLM","PstI.TP718962","4","252030","1.8154e-05","0.004","A"
"4","Trait5","mrMLM","PstI.TP713541","4","274858","-6.1587e-06","0.0013","A"
"4","Trait5","mrMLM","PstI.TP1193006","4","373781","-1.1015e-05","0.0024","A"
"4","Trait5","mrMLM","PstI.TP1003955","4","393469","-0.2168","1.3079","A"
"4","Trait5","mrMLM","NsiI.TP203425","4","416511","-0.3762","1.2765","A"
"4","Trait5","mrMLM","PstI.TP509367","4","420393","-1.8175e-06","4e-04","C"
"4","Trait5","mrMLM","PstI.TP984365","4","420529","0.3703","1.0544","C"
"4","Trait5","mrMLM","NsiI.TP412948","4","420625","-2.0166e-05","0.0044","A"
"4","Trait5","mrMLM","PstI.TP1202955","4","421405","-3.1749e-06","7e-04","A"
"4","Trait5","mrMLM","PstI.TP287066","4","421567","-7.3511e-07","2e-04","G"
"4","Trait5","mrMLM","NsiI.TP519733","4","421752","1.6792e-05","0.0037","A"
"4","Trait5","mrMLM","NsiI.TP12005","4","443266","1.0698e-05","0.0023","A"
"4","Trait5","mrMLM","PstI.TP1229853","4","446677","3.0678e-06","7e-04","A"
"4","Trait5","mrMLM","NsiI.TP200263","4","525550","-2.5831e-05","0.0057","A"
"4","Trait5","mrMLM","NsiI.TP688400","4","530630","3.1804e-06","7e-04","A"
"4","Trait5","mrMLM","PstI.TP1010357","4","571391","-1.0623e-05","0.0023","C"
"4","Trait5","mrMLM","PstI.TP149283","4","660442","-7.6202e-06","0.0017","A"
"4","Trait5","mrMLM","NsiI.TP364708","4","663022","0.0865","0.7046","A"
"4","Trait5","mrMLM","PstI.TP189469","4","665915","8.2834e-06","0.0018","C"
"4","Trait5","mrMLM","PstI.TP189474","4","665951","-1.0587e-05","0.0023","C"
"4","Trait5","mrMLM","PstI.TP1250993","4","666401","2.9009e-05","0.0064","A"
"4","Trait5","mrMLM","PstI.TP338799","4","666525","8.5596e-06","0.0019","A"
"4","Trait5","mrMLM","NsiI.TP395809","4","675900","6.473e-06","0.0014","G"
"4","Trait5","mrMLM","NsiI.TP684349","4","684636","-4.2817e-06","9e-04","A"
"4","Trait5","mrMLM","NsiI.TP684348","4","684662","-0.3365","0.9984","C"
"4","Trait5","mrMLM","PstI.TP219514","4","691478","3.1935e-05","0.007","C"
"4","Trait5","mrMLM","PstI.TP1227785","4","692003","-0.1127","0.6453","G"
"4","Trait5","mrMLM","PstI.TP929440","4","697214","-0.0424","0.356","C"
"4","Trait5","mrMLM","PstI.TP1021884","4","738112","-1.573e-05","0.0034","C"
"4","Trait5","mrMLM","PstI.TP235956","4","743591","-0.0143","0.2128","A"
"4","Trait5","mrMLM","PstI.TP161537","4","745375","2.796e-05","0.0061","A"
"4","Trait5","mrMLM","PstI.TP161583","4","745375","6.5085e-06","0.0014","A"
"4","Trait5","mrMLM","PstI.TP207794","4","746946","8.2499e-06","0.0018","C"
"4","Trait5","mrMLM","PstI.TP343524","4","750739","-0.0417","0.2477","A"
"4","Trait5","mrMLM","NsiI.TP120973","4","763707","-2.4353e-05","0.0053","C"
"4","Trait5","mrMLM","NsiI.TP120962","4","763742","0.0248","0.2018","A"
"4","Trait5","mrMLM","NsiI.TP415605","4","763962","6.9174e-06","0.0015","A"
"4","Trait5","mrMLM","NsiI.TP100753","4","777737","6.0132e-07","1e-04","A"
"4","Trait5","mrMLM","PstI.TP1276029","4","795438","-6.3669e-06","0.0014","C"
"4","Trait5","mrMLM","NsiI.TP316163","4","813552","0.1367","0.8475","C"
"4","Trait5","mrMLM","NsiI.TP826544","4","820136","1.6312e-05","0.0036","A"
"4","Trait5","mrMLM","NsiI.TP275870","4","820523","-4.4019e-06","0.001","A"
"4","Trait5","mrMLM","GFSSContig19151_2029","4","821892","0.0109","0.1044","T"
"4","Trait5","mrMLM","NsiI.TP403496","4","824979","1.3623e-05","0.003","A"
"4","Trait5","mrMLM","PstI.TP922777","4","829116","-0.1505","0.9668","C"
"4","Trait5","mrMLM","NsiI.TP191068","4","829116","-0.1035","0.583","C"
"4","Trait5","mrMLM","PstI.TP264938","4","829188","3.4786e-06","8e-04","A"
"4","Trait5","mrMLM","NsiI.TP226095","4","829188","9.7773e-06","0.0021","A"
"4","Trait5","mrMLM","NsiI.TP469730","4","834771","-2.1418e-05","0.0047","A"
"4","Trait5","mrMLM","NsiI.TP681423","4","835074","0.0513","0.678","C"
"4","Trait5","mrMLM","NsiI.TP627351","4","837334","-0.0869","0.8764","C"
"4","Trait5","mrMLM","PstI.TP471512","4","838209","0.2993","1.8368","C"
"4","Trait5","mrMLM","PstI.TP1027744","4","838258","0.0587","0.5667","C"
"4","Trait5","mrMLM","PstI.TP52512","4","914648","-7.0277e-06","0.0015","A"
"4","Trait5","mrMLM","NsiI.TP337589","4","923915","-0.0408","0.2837","C"
"4","Trait5","mrMLM","NsiI.TP755316","4","982821","6.8223e-06","0.0015","G"
"4","Trait5","mrMLM","PstI.TP345173","4","1007674","1.5012e-06","3e-04","C"
"4","Trait5","mrMLM","NsiI.TP340042","4","1007876","-3.4215e-06","7e-04","A"
"4","Trait5","mrMLM","PstI.TP132713","4","1009711","-0.2561","1.356","A"
"4","Trait5","mrMLM","PstI.TP1194458","4","1033220","-3.2832e-05","0.0072","A"
"4","Trait5","mrMLM","PstI.TP994702","4","1044228","-2.4933e-05","0.0055","C"
"4","Trait5","mrMLM","PstI.TP219303","4","1052705","2.1036e-06","5e-04","A"
"4","Trait5","mrMLM","NsiI.TP676052","4","1055463","-9.6962e-06","0.0021","C"
"4","Trait5","mrMLM","NsiI.TP50387","4","1055492","-0.0011","0.0481","A"
"4","Trait5","mrMLM","PstI.TP138714","4","1056939","2.5773e-06","6e-04","C"
"4","Trait5","mrMLM","NsiI.TP274184","4","1065229","-1.1504e-05","0.0025","C"
"4","Trait5","mrMLM","NsiI.TP4941","4","1071933","9.7711e-06","0.0021","C"
"4","Trait5","mrMLM","PstI.TP1046495","4","1086787","6.7851e-06","0.0015","A"
"4","Trait5","mrMLM","NsiI.TP67307","4","1095544","0.1071","0.8725","A"
"4","Trait5","mrMLM","NsiI.TP800527","4","1112622","0.0604","0.6081","A"
"4","Trait5","mrMLM","PstI.TP478177","4","1115646","1.1776e-05","0.0026","A"
"4","Trait5","mrMLM","PstI.TP383572","4","1121106","6.7413e-06","0.0015","C"
"4","Trait5","mrMLM","NsiI.TP666365","4","1124172","0.2179","1.5346","A"
"4","Trait5","mrMLM","PstI.TP1250411","4","1145072","-0.0635","0.7456","A"
"4","Trait5","mrMLM","PstI.TP77040","4","1147463","0.3342","2.1754","A"
"4","Trait5","mrMLM","NsiI.TP533294","4","1147786","-0.0453","0.261","C"
"4","Trait5","mrMLM","PstI.TP12754","4","1184144","2.6456e-06","6e-04","A"
"4","Trait5","mrMLM","PstI.TP716830","4","1195696","-2.2755e-05","0.005","C"
"4","Trait5","mrMLM","NsiI.TP100088","4","1265369","-0.1428","0.4946","C"
"4","Trait5","mrMLM","PstI.TP106235","4","1307357","-0.3352","0.9566","C"
"4","Trait5","mrMLM","PstI.TP583331","4","1337875","-0.0414","0.3526","C"
"4","Trait5","mrMLM","PstI.TP583332","4","1337909","-1.3738e-05","0.003","C"
"4","Trait5","mrMLM","NsiI.TP345799","4","1359670","-2.2627e-05","0.005","A"
"4","Trait5","mrMLM","NsiI.TP182518","4","1371109","0.0642","0.3438","C"
"4","Trait5","mrMLM","PstI.TP217551","4","1371186","0.036","0.1828","A"
"4","Trait5","mrMLM","PstI.TP1252901","4","1372858","-0.0228","0.1526","A"
"4","Trait5","mrMLM","PstI.TP875232","4","1379976","-2.075e-05","0.0045","G"
"4","Trait5","mrMLM","PstI.TP442449","4","1386178","7.7011e-07","2e-04","C"
"4","Trait5","mrMLM","PstI.TP848855","4","1420176","-0.0839","0.5616","A"
"4","Trait5","mrMLM","NsiI.TP410126","4","1427603","0.2362","1.4511","C"
"4","Trait5","mrMLM","NsiI.TP324394","4","1436115","0.1773","0.7635","C"
"4","Trait5","mrMLM","PstI.TP100405","4","1454906","-0.0772","0.7164","C"
"4","Trait5","mrMLM","PstI.TP47294","4","1457368","1.5239e-05","0.0033","C"
"4","Trait5","mrMLM","PstI.TP262567","4","1479003","1.5521e-05","0.0034","A"
"4","Trait5","mrMLM","NsiI.TP635021","4","1491524","1.5771e-05","0.0034","C"
"4","Trait5","mrMLM","PstI.TP350585","4","1509412","-2.4772e-05","0.0054","C"
"4","Trait5","mrMLM","NsiI.TP684170","4","1520200","-2.612e-06","6e-04","A"
"4","Trait5","mrMLM","NsiI.TP173630","4","1520212","-0.0363","0.228","C"
"4","Trait5","mrMLM","PstI.TP1019463","4","1525044","9.0247e-07","2e-04","C"
"4","Trait5","mrMLM","NsiI.TP46244","4","1540278","1.8421e-05","0.004","C"
"4","Trait5","mrMLM","PstI.TP1069273","4","1570159","-0.1692","1.7247","C"
"4","Trait5","mrMLM","PstI.TP160183","4","1580413","-0.2755","1.4308","A"
"4","Trait5","mrMLM","PstI.TP494672","4","1583739","-0.073","0.6623","C"
"4","Trait5","mrMLM","PstI.TP385231","4","1587194","8.9459e-06","0.002","A"
"4","Trait5","mrMLM","PstI.TP1117511","4","1590390","1.4043e-05","0.0031","A"
"4","Trait5","mrMLM","PstI.TP1005096","4","1608243","-1.47e-05","0.0032","C"
"4","Trait5","mrMLM","NsiI.TP340936","4","1635314","-1.0715e-05","0.0023","C"
"4","Trait5","mrMLM","PstI.TP1251","4","1637098","0.0988","0.9556","A"
"4","Trait5","mrMLM","NsiI.TP429824","4","1665285","1.0269e-06","2e-04","A"
"4","Trait5","mrMLM","PstI.TP542628","4","1690566","5.5171e-06","0.0012","A"
"4","Trait5","mrMLM","PstI.TP106029","4","1757035","1.6124e-05","0.0035","C"
"4","Trait5","mrMLM","PstI.TP17078","4","1779295","-1.6369e-05","0.0036","A"
"4","Trait5","mrMLM","PstI.TP314326","4","1792445","-2.533e-06","6e-04","C"
"4","Trait5","mrMLM","NsiI.TP636470","4","1801601","-1.2139e-05","0.0026","A"
"4","Trait5","mrMLM","NsiI.TP616318","4","1844961","-1.6207e-05","0.0035","C"
"4","Trait5","mrMLM","PstI.TP704692","4","1863881","2.6178e-05","0.0057","C"
"4","Trait5","mrMLM","PstI.TP1286323","4","1881541","-1.6113e-05","0.0035","C"
"4","Trait5","mrMLM","PstI.TP1036080","4","1894451","0.1628","1.6919","C"
"4","Trait5","mrMLM","PstI.TP1137612","4","1936764","0.2605","1.813","C"
"4","Trait5","mrMLM","PstI.TP597841","4","1943404","-0.1229","1.0176","A"
"4","Trait5","mrMLM","NsiI.TP823759","4","1947839","-1.1168e-05","0.0024","A"
"4","Trait5","mrMLM","NsiI.TP443522","4","1949621","3.0936e-05","0.0068","C"
"4","Trait5","mrMLM","NsiI.TP348716","4","2007111","7.6227e-06","0.0017","A"
"4","Trait5","mrMLM","PstI.TP845769","4","2010929","1.6765e-05","0.0037","A"
"4","Trait5","mrMLM","NsiI.TP668182","4","2035506","-1.6649e-05","0.0036","A"
"4","Trait5","mrMLM","PstI.TP753697","4","2038364","1.7761e-05","0.0039","A"
"4","Trait5","mrMLM","PstI.TP797882","4","2038467","-0.0641","0.8728","C"
"4","Trait5","mrMLM","PstI.TP708955","4","2043677","0.0158","0.1721","C"
"4","Trait5","mrMLM","NsiI.TP319805","4","2048414","-1.7868e-06","4e-04","A"
"4","Trait5","mrMLM","NsiI.TP547633","4","2054665","-1.9609e-05","0.0043","A"
"4","Trait5","mrMLM","PstI.TP1192938","4","2074508","3.495e-06","8e-04","C"
"4","Trait5","mrMLM","PstI.TP1180325","4","2075190","0.0209","0.2013","C"
"4","Trait5","mrMLM","PstI.TP458006","4","2078229","-4.3546e-06","9e-04","C"
"4","Trait5","mrMLM","PstI.TP1198406","4","2136493","6.4478e-06","0.0014","A"
"4","Trait5","mrMLM","PstI.TP411672","4","2137647","-0.0322","0.3575","A"
"4","Trait5","mrMLM","PstI.TP97507","4","2151212","1.1937e-05","0.0026","A"
"4","Trait5","mrMLM","PstI.TP881801","4","2152103","-6.01e-06","0.0013","A"
"4","Trait5","mrMLM","NsiI.TP421539","4","2153793","-2.7105e-05","0.0059","A"
"4","Trait5","mrMLM","NsiI.TP313761","4","2177668","-1.4797e-05","0.0032","C"
"4","Trait5","mrMLM","NsiI.TP369405","4","2234375","0.0195","0.2654","A"
"4","Trait5","mrMLM","PstI.TP117522","4","2241087","-1.992e-06","4e-04","A"
"4","Trait5","mrMLM","PstI.TP1257939","4","2246447","2.189e-05","0.0048","C"
"4","Trait5","mrMLM","NsiI.TP524000","4","2250308","-1.2624e-05","0.0028","C"
"4","Trait5","mrMLM","PstI.TP1168717","4","2253724","1.0937e-05","0.0024","A"
"4","Trait5","mrMLM","NsiI.TP736858","4","2281889","-2.0899e-05","0.0046","G"
"4","Trait5","mrMLM","PstI.TP587376","4","2288697","-0.0257","0.3476","C"
"4","Trait5","mrMLM","PstI.TP767760","4","2305970","-0.0036","0.0654","A"
"4","Trait5","mrMLM","PstI.TP336253","4","2308455","5.1948e-06","0.0011","G"
"4","Trait5","mrMLM","NsiI.TP460741","4","2309395","1.4579e-05","0.0032","A"
"4","Trait5","mrMLM","PstI.TP256804","4","2309598","1.8019e-05","0.0039","C"
"4","Trait5","mrMLM","PstI.TP256801","4","2309609","2.0449e-06","4e-04","C"
"4","Trait5","mrMLM","NsiI.TP395816","4","2310125","-2.4691e-06","5e-04","C"
"4","Trait5","mrMLM","NsiI.TP402634","4","2310133","0.1232","0.9337","A"
"4","Trait5","mrMLM","PstI.TP1115006","4","2397430","-0.0918","0.7886","C"
"4","Trait5","mrMLM","NsiI.TP618409","4","2405730","7.7617e-06","0.0017","A"
"4","Trait5","mrMLM","PstI.TP952501","4","2430240","4.6742e-07","1e-04","C"
"4","Trait5","mrMLM","PstI.TP1038729","4","2475346","3.7511e-06","8e-04","A"
"4","Trait5","mrMLM","PstI.TP253271","4","2475378","0.1033","0.8767","A"
"4","Trait5","mrMLM","NsiI.TP459409","4","2496748","3.0307e-05","0.0066","A"
"4","Trait5","mrMLM","PstI.TP396850","4","2511406","-1.117e-05","0.0024","C"
"4","Trait5","mrMLM","PstI.TP404712","4","2511431","0.0526","0.3561","A"
"4","Trait5","mrMLM","PstI.TP1198803","4","2512141","-0.0111","0.1955","A"
"4","Trait5","mrMLM","PstI.TP679698","4","2532042","2.358e-05","0.0052","A"
"4","Trait5","mrMLM","NsiI.TP164832","4","2581253","2.6692e-05","0.0058","C"
"4","Trait5","mrMLM","NsiI.TP545330","4","2584742","2.0447e-05","0.0045","C"
"4","Trait5","mrMLM","NsiI.TP346702","4","2590299","0.0371","0.3133","C"
"4","Trait5","mrMLM","PstI.TP20145","4","2594879","6.1227e-06","0.0013","C"
"4","Trait5","mrMLM","PstI.TP1026957","4","2601687","2.0082e-05","0.0044","G"
"4","Trait5","mrMLM","PstI.TP106294","4","2604377","5.4794e-06","0.0012","C"
"4","Trait5","mrMLM","NsiI.TP643859","4","2616618","0.0038","0.0594","C"
"4","Trait5","mrMLM","PstI.TP534854","4","2623672","0.0806","0.6354","C"
"4","Trait5","mrMLM","NsiI.TP434355","4","2627126","-1.686e-05","0.0037","C"
"4","Trait5","mrMLM","PstI.TP414313","4","2641289","-2.4476e-05","0.0054","C"
"4","Trait5","mrMLM","NsiI.TP501659","4","2656242","-1.2295e-05","0.0027","C"
"4","Trait5","mrMLM","NsiI.TP750458","4","2658745","-2.3905e-05","0.0052","A"
"4","Trait5","mrMLM","PstI.TP242436","4","2670410","-4.0546e-07","8.8285e-05","A"
"4","Trait5","mrMLM","PstI.TP771597","4","2670433","0.1232","1.4179","A"
"4","Trait5","mrMLM","NsiI.TP187166","4","2675078","1.8152e-05","0.004","A"
"4","Trait5","mrMLM","NsiI.TP187140","4","2675121","-0.0793","0.3506","C"
"4","Trait5","mrMLM","NsiI.TP415166","4","2743039","1.409e-05","0.0031","G"
"4","Trait5","mrMLM","PstI.TP156810","4","2774722","-0.049","0.2618","A"
"4","Trait5","mrMLM","GFSSContig16982_1242","4","2786738","5.2058e-06","0.0011","A"
"4","Trait5","mrMLM","GFSSContig15731_814","4","2794172","0.0751","0.6971","A"
"4","Trait5","mrMLM","GFSSContig15731_680","4","2794306","-6.0079e-06","0.0013","C"
"4","Trait5","mrMLM","PstI.TP727705","4","2828636","-1.5866e-05","0.0035","C"
"4","Trait5","mrMLM","PstI.TP599396","4","2836730","2.6114e-06","6e-04","C"
"4","Trait5","mrMLM","PstI.TP347648","4","2836741","-2.2645e-05","0.005","A"
"4","Trait5","mrMLM","PstI.TP19970","4","2839309","1.1804e-05","0.0026","A"
"4","Trait5","mrMLM","NsiI.TP314432","4","2842632","-1.8233e-05","0.004","A"
"4","Trait5","mrMLM","PstI.TP812906","4","2889246","-0.0288","0.3648","A"
"4","Trait5","mrMLM","PstI.TP923980","4","2893769","4.7637e-06","0.001","A"
"4","Trait5","mrMLM","PstI.TP899837","4","2894449","2.743e-07","5.971e-05","G"
"4","Trait5","mrMLM","PstI.TP326882","4","2901954","0.0852","0.8971","C"
"4","Trait5","mrMLM","NsiI.TP630102","4","2902616","-9.2195e-06","0.002","A"
"4","Trait5","mrMLM","NsiI.TP42758","4","2918479","-9.9797e-06","0.0022","G"
"4","Trait5","mrMLM","PstI.TP997878","4","2944707","0.0432","0.2933","A"
"4","Trait5","mrMLM","NsiI.TP161169","4","2955612","-3.9649e-06","9e-04","A"
"4","Trait5","mrMLM","PstI.TP453168","4","2961097","1.1348e-05","0.0025","C"
"4","Trait5","mrMLM","PstI.TP1149784","4","2961156","-0.1387","0.6786","C"
"4","Trait5","mrMLM","PstI.TP270489","4","3028995","-2.2089e-05","0.0048","A"
"4","Trait5","mrMLM","PstI.TP687323","4","3040159","0.0298","0.247","A"
"4","Trait5","mrMLM","PstI.TP58487","4","3094074","-3.4966e-05","0.0077","A"
"4","Trait5","mrMLM","PstI.TP385361","4","3192655","2.7903e-05","0.0061","A"
"4","Trait5","mrMLM","PstI.TP132222","4","3227883","-1.1267e-05","0.0025","A"
"4","Trait5","mrMLM","PstI.TP539951","4","3227883","0.0489","0.5104","C"
"4","Trait5","mrMLM","PstI.TP34983","4","3227919","-1.3948e-05","0.003","C"
"4","Trait5","mrMLM","GFSSContig19333_2734","4","3228803","2.1818e-05","0.0048","C"
"4","Trait5","mrMLM","NsiI.TP753313","4","3235012","2.6748e-05","0.0059","C"
"4","Trait5","mrMLM","PstI.TP993480","4","3235053","4.2773e-06","9e-04","C"
"4","Trait5","mrMLM","PstI.TP76409","4","3286176","0.0694","0.5581","A"
"4","Trait5","mrMLM","PstI.TP911826","4","3293902","2.5175e-05","0.0055","A"
"4","Trait5","mrMLM","PstI.TP960878","4","3301312","-0.02","0.1559","A"
"4","Trait5","mrMLM","PstI.TP1272556","4","3340800","0.2481","0.9718","G"
"4","Trait5","mrMLM","PstI.TP11835","4","3358955","-2.8273e-05","0.0062","A"
"4","Trait5","mrMLM","NsiI.TP234225","4","3371419","7.2021e-06","0.0016","C"
"4","Trait5","mrMLM","PstI.TP18693","4","3373673","4.6285e-06","0.001","A"
"4","Trait5","mrMLM","PstI.TP39944","4","3373898","-0.1124","1.1696","A"
"4","Trait5","mrMLM","NsiI.TP753431","4","3374106","-0.3171","2.0365","C"
"4","Trait5","mrMLM","PstI.TP1151448","4","3402389","-1.8356e-06","4e-04","A"
"4","Trait5","mrMLM","NsiI.TP31471","4","3409345","-1.337e-05","0.0029","C"
"4","Trait5","mrMLM","NsiI.TP473998","4","3432503","9.3306e-07","2e-04","A"
"4","Trait5","mrMLM","NsiI.TP355261","4","3433941","2.0761e-05","0.0045","C"
"4","Trait5","mrMLM","NsiI.TP355255","4","3433952","-9.7778e-06","0.0021","A"
"4","Trait5","mrMLM","PstI.TP137486","4","3458570","0.0957","1.1728","C"
"4","Trait5","mrMLM","PstI.TP18130","4","3460810","-0.0138","0.1263","A"
"4","Trait5","mrMLM","PstI.TP358578","4","3464049","0.0738","0.6835","C"
"4","Trait5","mrMLM","PstI.TP77606","4","3464848","2e-04","0.0202","A"
"4","Trait5","mrMLM","GFSSContig20076_2471","4","3467004","4.5608e-06","0.001","T"
"4","Trait5","mrMLM","PstI.TP801303","4","3494190","1.0737e-05","0.0023","A"
"4","Trait5","mrMLM","PstI.TP532669","4","3498516","-3.5103e-05","0.0077","A"
"4","Trait5","mrMLM","PstI.TP79716","4","3504452","-2.9719e-05","0.0065","G"
"4","Trait5","mrMLM","NsiI.TP757902","4","3504983","-9.1019e-06","0.002","A"
"4","Trait5","mrMLM","PstI.TP777320","4","3534524","-0.346","1.987","A"
"4","Trait5","mrMLM","PstI.TP1059365","4","3535002","8.0605e-06","0.0018","A"
"4","Trait5","mrMLM","PstI.TP314411","4","3574691","-1.4874e-06","3e-04","A"
"4","Trait5","mrMLM","NsiI.TP503606","4","3579673","1.4607e-05","0.0032","C"
"4","Trait5","mrMLM","NsiI.TP385100","4","3586471","0.0199","0.2273","A"
"4","Trait5","mrMLM","PstI.TP219671","4","3615787","-0.0914","1.0442","A"
"4","Trait5","mrMLM","PstI.TP219998","4","3615834","-1.7884e-05","0.0039","A"
"4","Trait5","mrMLM","NsiI.TP414700","4","3616213","-0.0118","0.189","A"
"4","Trait5","mrMLM","NsiI.TP414699","4","3616221","-0.1632","0.8744","A"
"4","Trait5","mrMLM","PstI.TP311401","4","3634353","-1.8874e-06","4e-04","A"
"4","Trait5","mrMLM","PstI.TP831615","4","3669760","2.1444e-05","0.0047","C"
"4","Trait5","mrMLM","PstI.TP79215","4","3678101","-0.1195","0.7547","C"
"4","Trait5","mrMLM","PstI.TP1131447","4","3684040","0.0991","0.8922","A"
"4","Trait5","mrMLM","PstI.TP1083403","4","3687293","-0.0178","0.2587","A"
"4","Trait5","mrMLM","PstI.TP25653","4","3716470","2.0619e-05","0.0045","A"
"4","Trait5","mrMLM","GFSSContig14712_247","4","3728550","0.0377","0.407","A"
"4","Trait5","mrMLM","PstI.TP318895","4","3757902","-0.1313","0.7148","C"
"4","Trait5","mrMLM","PstI.TP682412","4","3761104","-0.1162","1.0898","A"
"4","Trait5","mrMLM","PstI.TP757321","4","3761248","8.3172e-06","0.0018","A"
"4","Trait5","mrMLM","PstI.TP1020861","4","3763358","3.8524e-07","8.385e-05","A"
"4","Trait5","mrMLM","PstI.TP1160968","4","3780549","1.1157e-05","0.0024","A"
"4","Trait5","mrMLM","NsiI.TP814129","4","3780711","3.0401e-05","0.0067","G"
"4","Trait5","mrMLM","NsiI.TP827086","4","3796469","3.6987e-05","0.0081","C"
"4","Trait5","mrMLM","NsiI.TP308739","4","3797554","-3.9811e-05","0.0088","A"
"4","Trait5","mrMLM","NsiI.TP311867","4","3839971","8.645e-06","0.0019","A"
"4","Trait5","mrMLM","NsiI.TP835756","4","3851644","0.166","1.1759","A"
"4","Trait5","mrMLM","PstI.TP581457","4","3856550","6.7646e-07","1e-04","G"
"4","Trait5","mrMLM","PstI.TP963117","4","3856619","1.0831e-06","2e-04","A"
"4","Trait5","mrMLM","PstI.TP1033696","4","3858549","-0.0728","0.6955","A"
"4","Trait5","mrMLM","PstI.TP840657","4","3859798","0.0655","0.8415","A"
"4","Trait5","mrMLM","NsiI.TP360544","4","3865251","1.5575e-05","0.0034","A"
"4","Trait5","mrMLM","NsiI.TP704265","4","3869168","-2.1275e-05","0.0047","A"
"4","Trait5","mrMLM","PstI.TP897080","4","3870643","-2.9609e-06","6e-04","A"
"4","Trait5","mrMLM","PstI.TP133948","4","3870704","2.0145e-05","0.0044","A"
"4","Trait5","mrMLM","PstI.TP535302","4","3877724","-6.4546e-06","0.0014","C"
"4","Trait5","mrMLM","NsiI.TP470493","4","3950522","-0.2182","1.2087","C"
"4","Trait5","mrMLM","NsiI.TP333357","4","3951479","-1.3382e-05","0.0029","A"
"4","Trait5","mrMLM","PstI.TP154644","4","3958832","-4.205e-06","9e-04","A"
"4","Trait5","mrMLM","NsiI.TP465543","4","3980092","1.0943e-05","0.0024","A"
"4","Trait5","mrMLM","PstI.TP437411","4","3981971","-1.2551e-05","0.0027","C"
"4","Trait5","mrMLM","NsiI.TP250912","4","3998887","-0.0688","0.2974","C"
"4","Trait5","mrMLM","NsiI.TP32701","4","3999466","-1.431e-07","3.1141e-05","C"
"4","Trait5","mrMLM","PstI.TP699178","4","4004689","-8.5532e-06","0.0019","A"
"4","Trait5","mrMLM","PstI.TP322575","4","4009543","-0.1514","0.6682","A"
"4","Trait5","mrMLM","PstI.TP1142192","4","4021373","-5.9946e-06","0.0013","C"
"4","Trait5","mrMLM","NsiI.TP577006","4","4026576","-5.6241e-06","0.0012","A"
"4","Trait5","mrMLM","PstI.TP223312","4","4035768","1.3807e-05","0.003","C"
"4","Trait5","mrMLM","NsiI.TP56457","4","4041209","2.1997e-05","0.0048","A"
"4","Trait5","mrMLM","NsiI.TP561148","4","4054896","-4.2971e-06","9e-04","A"
"4","Trait5","mrMLM","NsiI.TP55441","4","4075447","-0.159","0.7058","C"
"4","Trait5","mrMLM","PstI.TP129326","4","4098608","0.1665","1.1393","C"
"4","Trait5","mrMLM","PstI.TP795407","4","4101064","-0.1538","1.3968","A"
"4","Trait5","mrMLM","PstI.TP653805","4","4153738","0.0037","0.0964","A"
"4","Trait5","mrMLM","NsiI.TP726995","4","4161844","1.3726e-05","0.003","C"
"4","Trait5","mrMLM","PstI.TP226605","4","4198409","8.0906e-06","0.0018","A"
"4","Trait5","mrMLM","PstI.TP57846","4","4201581","0.1652","1.5055","C"
"4","Trait5","mrMLM","PstI.TP479309","4","4213046","1.5239e-05","0.0033","C"
"4","Trait5","mrMLM","NsiI.TP501674","4","4215268","1.2614e-05","0.0028","G"
"4","Trait5","mrMLM","PstI.TP947758","4","4216183","9.6578e-06","0.0021","G"
"4","Trait5","mrMLM","NsiI.TP717615","4","4230526","-0.1521","0.9396","A"
"4","Trait5","mrMLM","PstI.TP1204447","4","4235135","-2.2355e-06","5e-04","C"
"4","Trait5","mrMLM","NsiI.TP715482","4","4235638","0.0273","0.2773","G"
"4","Trait5","mrMLM","NsiI.TP237994","4","4237089","-0.013","0.213","A"
"4","Trait5","mrMLM","NsiI.TP475316","4","4321977","3.725e-05","0.0082","C"
"4","Trait5","mrMLM","PstI.TP417186","4","4327410","4.5982e-06","0.001","A"
"4","Trait5","mrMLM","NsiI.TP504221","4","4339312","-1.6551e-06","4e-04","G"
"4","Trait5","mrMLM","PstI.TP570804","4","4364673","-2.7844e-05","0.0061","C"
"4","Trait5","mrMLM","PstI.TP297382","4","4364885","-0.0179","0.1496","C"
"4","Trait5","mrMLM","NsiI.TP276562","4","4364939","1.1173e-05","0.0024","C"
"4","Trait5","mrMLM","PstI.TP364323","4","4365011","-1.2968e-05","0.0028","C"
"4","Trait5","mrMLM","NsiI.TP221887","4","4366444","3.2556e-05","0.0071","A"
"4","Trait5","mrMLM","NsiI.TP345318","4","4395027","-9.7118e-06","0.0021","A"
"4","Trait5","mrMLM","NsiI.TP189010","4","4413580","0.0844","0.9571","C"
"4","Trait5","mrMLM","NsiI.TP493269","4","4423181","-3.0318e-06","7e-04","A"
"4","Trait5","mrMLM","PstI.TP156065","4","4423262","-0.295","1.0199","G"
"4","Trait5","mrMLM","PstI.TP778311","4","4451472","-1.0802e-05","0.0024","C"
"4","Trait5","mrMLM","PstI.TP31684","4","4484293","-3.793e-05","0.0083","A"
"4","Trait5","mrMLM","PstI.TP1146365","4","4495695","-9.9289e-06","0.0022","A"
"4","Trait5","mrMLM","NsiI.TP175677","4","4506541","-1.8626e-05","0.0041","A"
"4","Trait5","mrMLM","NsiI.TP410766","4","4507132","3.3548e-06","7e-04","C"
"4","Trait5","mrMLM","NsiI.TP146761","4","4509992","-0.2101","1.3234","C"
"4","Trait5","mrMLM","PstI.TP248797","4","4510425","0.003","0.0938","C"
"4","Trait5","mrMLM","NsiI.TP663602","4","4513363","-3.1063e-05","0.0068","C"
"4","Trait5","mrMLM","NsiI.TP333580","4","4514060","-9.6557e-06","0.0021","A"
"4","Trait5","mrMLM","PstI.TP339832","4","4521807","-0.0586","0.5693","A"
"4","Trait5","mrMLM","PstI.TP688010","4","4574449","0.0912","0.6558","C"
"4","Trait5","mrMLM","NsiI.TP421051","4","4576830","8.9378e-06","0.0019","A"
"4","Trait5","mrMLM","PstI.TP246674","4","4598220","-2.4019e-05","0.0053","C"
"4","Trait5","mrMLM","NsiI.TP675518","4","4604486","-3.1132e-05","0.0068","A"
"4","Trait5","mrMLM","NsiI.TP437991","4","4610453","-9.0866e-06","0.002","C"
"4","Trait5","mrMLM","PstI.TP913145","4","4637956","0.0923","1.1757","A"
"4","Trait5","mrMLM","PstI.TP78031","4","4644130","0.0205","0.3001","C"
"4","Trait5","mrMLM","PstI.TP596020","4","4676035","-3.7991e-06","8e-04","C"
"4","Trait5","mrMLM","PstI.TP390783","4","4679102","1.942e-05","0.0042","C"
"4","Trait5","mrMLM","NsiI.TP797595","4","4693672","4.4578e-06","0.001","G"
"4","Trait5","mrMLM","PstI.TP652183","4","4695059","2.4172e-05","0.0053","A"
"4","Trait5","mrMLM","NsiI.TP363879","4","4702929","-7.5321e-06","0.0016","A"
"4","Trait5","mrMLM","PstI.TP636059","4","4704009","-0.1656","0.7154","C"
"4","Trait5","mrMLM","PstI.TP140856","4","4704020","2.9254e-06","6e-04","A"
"4","Trait5","mrMLM","PstI.TP335787","4","4738410","-6.96e-07","2e-04","A"
"4","Trait5","mrMLM","PstI.TP871097","4","4753682","-0.0488","0.3717","C"
"4","Trait5","mrMLM","NsiI.TP289776","4","4806117","-0.0013","0.0581","G"
"4","Trait5","mrMLM","PstI.TP941508","4","4806466","-0.174","1.4093","C"
"4","Trait5","mrMLM","PstI.TP293926","4","4835466","-0.0037","0.0459","A"
"4","Trait5","mrMLM","NsiI.TP49915","4","4877425","0.1146","0.9834","A"
"4","Trait5","mrMLM","PstI.TP1148728","4","4899557","-0.0549","0.6925","C"
"4","Trait5","mrMLM","NsiI.TP183869","4","4904863","9.4305e-07","2e-04","C"
"4","Trait5","mrMLM","PstI.TP736193","4","4905282","-4.2425e-06","9e-04","A"
"4","Trait5","mrMLM","PstI.TP1040489","4","4932783","-1.349e-05","0.0029","A"
"4","Trait5","mrMLM","PstI.TP692956","4","4934545","0.0746","0.8735","A"
"4","Trait5","mrMLM","NsiI.TP363641","4","4961259","0.1908","1.1568","A"
"4","Trait5","mrMLM","PstI.TP392200","4","4963210","-1.0807e-05","0.0024","A"
"4","Trait5","mrMLM","PstI.TP1277764","4","5002492","-0.1554","0.9696","A"
"4","Trait5","mrMLM","PstI.TP743134","4","5007166","1.1589e-05","0.0025","A"
"4","Trait5","mrMLM","NsiI.TP465470","4","5007205","-7.2252e-06","0.0016","C"
"4","Trait5","mrMLM","PstI.TP913522","4","5007225","-1.7181e-05","0.0038","C"
"4","Trait5","mrMLM","NsiI.TP154371","4","5011408","-4.9591e-06","0.0011","G"
"4","Trait5","mrMLM","NsiI.TP329204","4","5014755","-0.0533","0.326","A"
"4","Trait5","mrMLM","NsiI.TP761374","4","5016621","-0.0466","0.5184","A"
"4","Trait5","mrMLM","NsiI.TP533738","4","5022934","-4.3163e-06","9e-04","A"
"4","Trait5","mrMLM","PstI.TP332919","4","5031605","1.1597e-05","0.0025","G"
"4","Trait5","mrMLM","PstI.TP641042","4","5044546","3.453e-06","8e-04","A"
"4","Trait5","mrMLM","PstI.TP573508","4","5044971","-1.8943e-06","4e-04","C"
"4","Trait5","mrMLM","NsiI.TP771441","4","5082432","5.0868e-06","0.0011","C"
"4","Trait5","mrMLM","PstI.TP742556","4","5083145","-0.147","1.7103","C"
"4","Trait5","mrMLM","NsiI.TP345302","4","5096541","6.7737e-06","0.0015","A"
"4","Trait5","mrMLM","PstI.TP888847","4","5102874","1.4659e-06","3e-04","A"
"4","Trait5","mrMLM","NsiI.TP133333","4","5108256","0.0324","0.222","A"
"4","Trait5","mrMLM","PstI.TP1093857","4","5108666","0.0246","0.2605","A"
"4","Trait5","mrMLM","PstI.TP993154","4","5112823","0.044","0.1612","C"
"4","Trait5","mrMLM","PstI.TP595680","4","5121773","0.0349","0.2031","A"
"4","Trait5","mrMLM","PstI.TP504809","4","5155593","4e-04","0.022","G"
"4","Trait5","mrMLM","PstI.TP506830","4","5166890","-2.5755e-05","0.0056","G"
"4","Trait5","mrMLM","NsiI.TP27599","4","5167845","6.1032e-06","0.0013","A"
"4","Trait5","mrMLM","PstI.TP776140","4","5169040","-9.4646e-07","2e-04","A"
"4","Trait5","mrMLM","PstI.TP1072365","4","5178713","0.102","0.8785","C"
"4","Trait5","mrMLM","PstI.TP942081","4","5194632","1.0268e-05","0.0022","C"
"4","Trait5","mrMLM","PstI.TP237468","4","5204815","0.088","0.3498","G"
"4","Trait5","mrMLM","NsiI.TP664450","4","5206028","-2.8446e-05","0.0062","A"
"4","Trait5","mrMLM","PstI.TP677757","4","5206037","-1.4741e-05","0.0032","C"
"4","Trait5","mrMLM","PstI.TP1082013","4","5219400","-0.0272","0.2257","C"
"4","Trait5","mrMLM","NsiI.TP407798","4","5228531","7.8633e-06","0.0017","A"
"4","Trait5","mrMLM","PstI.TP72666","4","5260522","-0.089","0.6307","C"
"4","Trait5","mrMLM","PstI.TP761159","4","5265528","-1.6513e-05","0.0036","A"
"4","Trait5","mrMLM","PstI.TP1062105","4","5286510","0.1393","0.6997","A"
"4","Trait5","mrMLM","NsiI.TP349126","4","5290870","-2.21e-05","0.0048","C"
"4","Trait5","mrMLM","PstI.TP1215015","4","5297310","2.2164e-05","0.0049","A"
"4","Trait5","mrMLM","PstI.TP1152170","4","5308498","1.5107e-06","3e-04","A"
"4","Trait5","mrMLM","NsiI.TP237564","4","5346242","-1.889e-05","0.0041","C"
"4","Trait5","mrMLM","NsiI.TP196718","4","5356993","-1.2802e-05","0.0028","C"
"4","Trait5","mrMLM","NsiI.TP611500","4","5359861","6.4046e-06","0.0014","A"
"4","Trait5","mrMLM","NsiI.TP317055","4","5415114","3.4948e-07","7.6066e-05","A"
"4","Trait5","mrMLM","PstI.TP110355","4","5419560","-5.7804e-06","0.0013","G"
"4","Trait5","mrMLM","PstI.TP976834","4","5425135","3.4545e-05","0.0076","C"
"4","Trait5","mrMLM","PstI.TP973471","4","5426016","0.0415","0.4812","C"
"4","Trait5","mrMLM","NsiI.TP782812","4","5441032","1.0886e-05","0.0024","C"
"4","Trait5","mrMLM","PstI.TP703574","4","5441522","-7.185e-06","0.0016","A"
"4","Trait5","mrMLM","PstI.TP1163770","4","5468905","-0.0978","0.4508","C"
"4","Trait5","mrMLM","NsiI.TP268111","4","5478148","0.0091","0.1636","A"
"4","Trait5","mrMLM","NsiI.TP624358","4","5496874","5.4816e-07","1e-04","C"
"4","Trait5","mrMLM","NsiI.TP497578","4","5504529","-3.8686e-05","0.0085","C"
"4","Trait5","mrMLM","PstI.TP167013","4","5509627","9.6826e-06","0.0021","A"
"4","Trait5","mrMLM","PstI.TP618634","4","5510030","7.7146e-06","0.0017","C"
"4","Trait5","mrMLM","PstI.TP1149268","4","5513690","1.1073e-06","2e-04","A"
"4","Trait5","mrMLM","NsiI.TP523128","4","5528813","-0.0192","0.2922","C"
"4","Trait5","mrMLM","NsiI.TP701921","4","5537452","0.0959","0.7418","C"
"4","Trait5","mrMLM","PstI.TP1210079","4","5549399","0.0713","0.3838","A"
"4","Trait5","mrMLM","PstI.TP1210085","4","5549411","0.4386","2.0734","C"
"4","Trait5","mrMLM","NsiI.TP406028","4","5561041","0.0302","0.2508","C"
"4","Trait5","mrMLM","PstI.TP70014","4","5572416","5.9025e-06","0.0013","C"
"4","Trait5","mrMLM","GFSSContig15080_288","4","5578470","-1.5682e-07","3.4129e-05","A"
"4","Trait5","mrMLM","NsiI.TP269239","4","5603488","1.8285e-06","4e-04","G"
"4","Trait5","mrMLM","NsiI.TP548714","4","5711468","-1.7154e-06","4e-04","A"
"4","Trait5","mrMLM","PstI.TP981814","4","5731357","0.1681","1.5021","G"
"4","Trait5","mrMLM","PstI.TP866942","4","5761973","-2.2586e-05","0.0049","C"
"4","Trait5","mrMLM","PstI.TP707693","4","5818754","-0.0333","0.2494","A"
"4","Trait5","mrMLM","PstI.TP934996","4","5828380","-3.1625e-06","7e-04","A"
"4","Trait5","mrMLM","PstI.TP751851","4","5829145","-1.0221e-05","0.0022","A"
"4","Trait5","mrMLM","PstI.TP818107","4","5840211","0.0728","0.27","A"
"4","Trait5","mrMLM","PstI.TP156419","4","5873463","-5.2026e-06","0.0011","A"
"4","Trait5","mrMLM","PstI.TP416502","4","5879613","-2.283e-05","0.005","C"
"4","Trait5","mrMLM","PstI.TP740426","4","5881765","1.4049e-05","0.0031","A"
"4","Trait5","mrMLM","PstI.TP133468","4","5883959","1.0116e-05","0.0022","C"
"4","Trait5","mrMLM","GFSSContig20589_1320","4","5924218","3.5596e-05","0.0078","T"
"4","Trait5","mrMLM","NsiI.TP235617","4","5928214","0.1024","0.6671","A"
"4","Trait5","mrMLM","PstI.TP543247","4","5947998","1.1472e-05","0.0025","C"
"4","Trait5","mrMLM","NsiI.TP153287","4","5948448","-9.9455e-06","0.0022","C"
"4","Trait5","mrMLM","NsiI.TP83459","4","5948863","0.118","0.5675","C"
"4","Trait5","mrMLM","NsiI.TP55213","4","5964307","4.4169e-06","0.001","C"
"4","Trait5","mrMLM","NsiI.TP472754","4","5966031","8.5919e-06","0.0019","A"
"4","Trait5","mrMLM","NsiI.TP355398","4","5978801","-0.0712","0.5531","G"
"4","Trait5","mrMLM","NsiI.TP762801","4","5993134","4.4576e-06","0.001","C"
"4","Trait5","mrMLM","NsiI.TP513270","4","6005209","2.9692e-05","0.0065","A"
"4","Trait5","mrMLM","PstI.TP1124519","4","6022906","-0.0224","0.1664","C"
"4","Trait5","mrMLM","PstI.TP828372","4","6034380","5.7821e-06","0.0013","C"
"4","Trait5","mrMLM","NsiI.TP592247","4","6079213","9.7457e-06","0.0021","A"
"4","Trait5","mrMLM","PstI.TP1074057","4","6087533","0.0218","0.304","C"
"4","Trait5","mrMLM","NsiI.TP358286","4","6118094","-7.0918e-06","0.0015","A"
"4","Trait5","mrMLM","NsiI.TP815368","4","6125138","-2.3256e-05","0.0051","A"
"4","Trait5","mrMLM","PstI.TP1079356","4","6128789","-2.4534e-05","0.0054","C"
"4","Trait5","mrMLM","PstI.TP308806","4","6140413","6.6827e-06","0.0015","C"
"4","Trait5","mrMLM","NsiI.TP160480","4","6157813","3.9156e-06","9e-04","A"
"4","Trait5","mrMLM","NsiI.TP260139","4","6192733","-4.0244e-06","9e-04","C"
"4","Trait5","mrMLM","PstI.TP621865","4","6195722","1.8431e-06","4e-04","C"
"4","Trait5","mrMLM","NsiI.TP664612","4","6238305","-1.3256e-05","0.0029","C"
"4","Trait5","mrMLM","NsiI.TP617572","4","6326142","-0.0741","0.3558","G"
"4","Trait5","mrMLM","NsiI.TP206517","4","6364737","-1.6396e-05","0.0036","A"
"4","Trait5","mrMLM","PstI.TP728315","4","6366039","-0.037","0.2487","A"
"4","Trait5","mrMLM","PstI.TP995875","4","6370917","-1.069e-05","0.0023","C"
"4","Trait5","mrMLM","PstI.TP248632","4","6371322","1.434e-05","0.0031","A"
"4","Trait5","mrMLM","PstI.TP1182815","4","6372875","-0.029","0.2149","A"
"4","Trait5","mrMLM","PstI.TP1182813","4","6372876","-6.0284e-06","0.0013","C"
"4","Trait5","mrMLM","PstI.TP480760","4","6374848","-2.69e-06","6e-04","A"
"4","Trait5","mrMLM","PstI.TP300986","4","6397397","1.9959e-05","0.0044","A"
"4","Trait5","mrMLM","PstI.TP724332","4","6400749","0.0181","0.1463","C"
"4","Trait5","mrMLM","PstI.TP1104632","4","6400816","7.5327e-07","2e-04","A"
"4","Trait5","mrMLM","PstI.TP53141","4","6406176","-0.0399","0.4845","C"
"4","Trait5","mrMLM","PstI.TP841688","4","6408410","-6.2812e-06","0.0014","A"
"4","Trait5","mrMLM","PstI.TP173141","4","6415166","-9.0025e-06","0.002","A"
"4","Trait5","mrMLM","PstI.TP414736","4","6415216","7.0912e-06","0.0015","A"
"4","Trait5","mrMLM","PstI.TP10713","4","6438194","-0.2658","1.1775","C"
"4","Trait5","mrMLM","NsiI.TP313635","4","6444390","0.027","0.3111","C"
"4","Trait5","mrMLM","NsiI.TP71977","4","6453611","0.0771","0.8897","A"
"4","Trait5","mrMLM","PstI.TP1001032","4","6463834","-0.0859","0.7133","C"
"4","Trait5","mrMLM","NsiI.TP540558","4","6464719","-2.4374e-05","0.0053","A"
"4","Trait5","mrMLM","PstI.TP1166205","4","6470898","2.6732e-05","0.0059","A"
"4","Trait5","mrMLM","PstI.TP1119493","4","6481328","0.0101","0.1654","A"
"4","Trait5","mrMLM","NsiI.TP752912","4","6500341","0.3227","1.9353","A"
"4","Trait5","mrMLM","NsiI.TP407119","4","6500382","6.9719e-07","2e-04","C"
"4","Trait5","mrMLM","NsiI.TP34695","4","6508508","1.8969e-05","0.0041","A"
"4","Trait5","mrMLM","PstI.TP466586","4","6549959","-0.001","0.0292","A"
"4","Trait5","mrMLM","NsiI.TP550180","4","6574579","-0.14","0.8399","C"
"4","Trait5","mrMLM","NsiI.TP242906","4","6575020","-0.064","0.4124","A"
"4","Trait5","mrMLM","NsiI.TP466532","4","6576780","-0.1896","0.6869","C"
"4","Trait5","mrMLM","NsiI.TP36864","4","6582638","-0.1107","0.6808","C"
"4","Trait5","mrMLM","NsiI.TP534247","4","6601698","3.7007e-05","0.0081","A"
"4","Trait5","mrMLM","PstI.TP1283613","4","6636109","-0.007","0.1263","C"
"4","Trait5","mrMLM","PstI.TP1194018","4","6641201","-0.0433","0.3714","A"
"4","Trait5","mrMLM","PstI.TP443103","4","6659195","-8.7221e-06","0.0019","A"
"4","Trait5","mrMLM","PstI.TP1108681","4","6664032","0.0711","0.8338","C"
"4","Trait5","mrMLM","PstI.TP846678","4","6665204","-3.4323e-05","0.0075","A"
"4","Trait5","mrMLM","NsiI.TP438283","4","6666391","-1.7261e-05","0.0038","A"
"4","Trait5","mrMLM","PstI.TP1180566","4","6703480","-3.667e-06","8e-04","A"
"4","Trait5","mrMLM","NsiI.TP177429","4","6727944","0.0576","0.5335","G"
"4","Trait5","mrMLM","PstI.TP739865","4","6799738","-1.4235e-05","0.0031","C"
"4","Trait5","mrMLM","NsiI.TP451101","4","6840216","-0.0185","0.2826","A"
"4","Trait5","mrMLM","NsiI.TP109422","4","6859402","2.9759e-05","0.0065","C"
"4","Trait5","mrMLM","PstI.TP876839","4","6887064","0.2279","1.7122","C"
"4","Trait5","mrMLM","NsiI.TP765606","4","6898244","1.3895e-05","0.003","A"
"4","Trait5","mrMLM","PstI.TP171713","4","6902976","1.0441e-05","0.0023","A"
"4","Trait5","mrMLM","PstI.TP318112","4","6903074","2.9369e-05","0.0064","A"
"4","Trait5","mrMLM","NsiI.TP34726","4","6940594","-1.2272e-05","0.0027","C"
"4","Trait5","mrMLM","PstI.TP586654","4","6987623","-1.0854e-05","0.0024","A"
"4","Trait5","mrMLM","PstI.TP89664","4","6990475","-0.012","0.1837","A"
"4","Trait5","mrMLM","NsiI.TP620550","4","7018968","-4.5542e-05","0.01","C"
"4","Trait5","mrMLM","NsiI.TP744160","4","7019026","0.0526","0.3286","A"
"4","Trait5","mrMLM","PstI.TP705826","4","7071172","0.0999","0.821","C"
"4","Trait5","mrMLM","PstI.TP168538","4","7112151","-7.619e-07","2e-04","C"
"4","Trait5","mrMLM","PstI.TP949089","4","7121992","1.3236e-05","0.0029","A"
"4","Trait5","mrMLM","PstI.TP949077","4","7122037","0.0085","0.1306","A"
"4","Trait5","mrMLM","PstI.TP379728","4","7125702","-2.462e-05","0.0054","A"
"4","Trait5","mrMLM","PstI.TP262688","4","7128828","9.4597e-06","0.0021","A"
"4","Trait5","mrMLM","NsiI.TP195660","4","7129189","-1.6801e-06","4e-04","C"
"4","Trait5","mrMLM","PstI.TP1196454","4","7130689","-9.3225e-06","0.002","A"
"4","Trait5","mrMLM","GFSSContig15044_1090","4","7164817","-0.0484","0.3414","A"
"4","Trait5","mrMLM","NsiI.TP48357","4","7166088","-1.7e-06","4e-04","A"
"4","Trait5","mrMLM","NsiI.TP424006","4","7186102","-4.0296e-06","9e-04","C"
"4","Trait5","mrMLM","NsiI.TP590588","4","7187181","-2.2971e-05","0.005","C"
"4","Trait5","mrMLM","PstI.TP216958","4","7196463","0.1027","1.1473","C"
"4","Trait5","mrMLM","NsiI.TP126939","4","7198403","-0.0345","0.4443","G"
"4","Trait5","mrMLM","NsiI.TP766407","4","7198620","-0.1588","0.6308","C"
"4","Trait5","mrMLM","PstI.TP163692","4","7198941","-6.8313e-06","0.0015","C"
"4","Trait5","mrMLM","NsiI.TP65983","4","7204395","-0.0541","0.7429","C"
"4","Trait5","mrMLM","PstI.TP63386","4","7213974","-0.1463","0.5595","A"
"4","Trait5","mrMLM","PstI.TP352508","4","7219729","1.2623e-06","3e-04","A"
"4","Trait5","mrMLM","NsiI.TP602136","4","7246831","-0.0433","0.5442","C"
"4","Trait5","mrMLM","NsiI.TP699643","4","7280492","-0.1277","1.4038","A"
"4","Trait5","mrMLM","PstI.TP993038","4","7335919","-5.0609e-06","0.0011","A"
"4","Trait5","mrMLM","PstI.TP625512","4","7338212","3.072e-05","0.0067","C"
"4","Trait5","mrMLM","NsiI.TP810319","4","7410126","2.7655e-05","0.0061","A"
"4","Trait5","mrMLM","PstI.TP1230335","4","7437222","-0.1472","1.0054","A"
"4","Trait5","mrMLM","PstI.TP1184148","4","7441818","-0.0724","0.6842","C"
"4","Trait5","mrMLM","NsiI.TP346423","4","7445840","1.6836e-05","0.0037","C"
"4","Trait5","mrMLM","NsiI.TP127729","4","7462596","1.6818e-05","0.0037","A"
"4","Trait5","mrMLM","PstI.TP1286870","4","7464111","2.9324e-05","0.0064","C"
"4","Trait5","mrMLM","PstI.TP774504","4","7549373","-0.1167","1.5534","C"
"4","Trait5","mrMLM","PstI.TP778226","4","7580398","0.0417","0.2634","C"
"4","Trait5","mrMLM","NsiI.TP246728","4","7580471","-0.0316","0.3681","C"
"4","Trait5","mrMLM","NsiI.TP775775","4","7624650","0.0176","0.2406","A"
"4","Trait5","mrMLM","NsiI.TP276665","4","7631123","0.012","0.1949","C"
"4","Trait5","mrMLM","PstI.TP644898","4","7646282","9.769e-06","0.0021","C"
"4","Trait5","mrMLM","NsiI.TP813788","4","7692768","0.0726","0.4714","A"
"4","Trait5","mrMLM","NsiI.TP590308","4","7740268","-3.4279e-06","7e-04","A"
"4","Trait5","mrMLM","PstI.TP1289936","4","7771909","1.3293e-05","0.0029","G"
"4","Trait5","mrMLM","PstI.TP1289934","4","7771912","-9.863e-06","0.0022","A"
"4","Trait5","mrMLM","NsiI.TP273129","4","7775164","0.0154","0.1755","A"
"4","Trait5","mrMLM","PstI.TP1201120","4","7779628","-4.0296e-06","9e-04","A"
"4","Trait5","mrMLM","PstI.TP71094","4","7781131","-1.7459e-06","4e-04","A"
"4","Trait5","mrMLM","GFSSContig13121_533","4","7835251","-2.3088e-05","0.0051","A"
"4","Trait5","mrMLM","PstI.TP324574","4","7865493","-1.2683e-05","0.0028","A"
"4","Trait5","mrMLM","PstI.TP324616","4","7865494","-0.0203","0.1692","C"
"4","Trait5","mrMLM","NsiI.TP151909","4","7942828","-9.0598e-06","0.002","C"
"4","Trait5","mrMLM","NsiI.TP626772","4","7948509","-4.8915e-06","0.0011","C"
"4","Trait5","mrMLM","PstI.TP285429","4","7961079","1.7798e-06","4e-04","A"
"4","Trait5","mrMLM","PstI.TP1164337","4","7965976","-0.1387","0.8097","A"
"4","Trait5","mrMLM","PstI.TP1164364","4","7965997","0.0237","0.2848","A"
"4","Trait5","mrMLM","PstI.TP181058","4","7967268","1.4749e-05","0.0032","A"
"4","Trait5","mrMLM","PstI.TP1167685","4","7967341","6.4656e-06","0.0014","C"
"4","Trait5","mrMLM","PstI.TP868925","4","7967759","1.8912e-05","0.0041","C"
"4","Trait5","mrMLM","NsiI.TP504681","4","7975380","3.4323e-05","0.0075","A"
"4","Trait5","mrMLM","NsiI.TP552630","4","8029248","0.0482","0.4603","C"
"4","Trait5","mrMLM","NsiI.TP551540","4","8029273","0.0259","0.3255","A"
"4","Trait5","mrMLM","PstI.TP229107","4","8064474","-0.0306","0.2842","C"
"4","Trait5","mrMLM","NsiI.TP632099","4","8064916","-0.1259","1.5374","A"
"4","Trait5","mrMLM","PstI.TP1227618","4","8072394","1.8652e-05","0.0041","C"
"4","Trait5","mrMLM","PstI.TP901169","4","8078963","-1.5675e-06","3e-04","A"
"4","Trait5","mrMLM","NsiI.TP452731","4","8178075","0.1885","0.8985","A"
"4","Trait5","mrMLM","NsiI.TP379635","4","8185872","3.3701e-06","7e-04","A"
"4","Trait5","mrMLM","NsiI.TP379634","4","8185919","-0.0188","0.2618","C"
"4","Trait5","mrMLM","PstI.TP1185195","4","8186278","-1.0581e-05","0.0023","A"
"4","Trait5","mrMLM","NsiI.TP307737","4","8225054","1.9781e-05","0.0043","A"
"4","Trait5","mrMLM","PstI.TP1137040","4","8230646","-1.8064e-05","0.0039","C"
"4","Trait5","mrMLM","NsiI.TP254738","4","8251029","0.0682","0.6139","C"
"4","Trait5","mrMLM","PstI.TP865707","4","8265404","4.2753e-06","9e-04","A"
"4","Trait5","mrMLM","PstI.TP1148710","4","8271532","0.0152","0.1873","C"
"4","Trait5","mrMLM","PstI.TP391349","4","8271997","-2.329e-05","0.0051","C"
"4","Trait5","mrMLM","PstI.TP403553","4","8282587","2.4904e-05","0.0055","C"
"4","Trait5","mrMLM","NsiI.TP690234","4","8289431","-0.1977","1.2278","A"
"4","Trait5","mrMLM","GFSSContig17278_2352","4","8294542","-1.4075e-05","0.0031","A"
"4","Trait5","mrMLM","PstI.TP226371","4","8306488","1.4177e-05","0.0031","A"
"4","Trait5","mrMLM","PstI.TP1104527","4","8439326","-3.3798e-06","7e-04","A"
"4","Trait5","mrMLM","PstI.TP65649","4","8460692","6.4469e-06","0.0014","A"
"4","Trait5","mrMLM","NsiI.TP239848","4","8514485","0.1537","1.8202","A"
"4","Trait5","mrMLM","NsiI.TP618758","4","8518791","-3.1024e-05","0.0068","A"
"4","Trait5","mrMLM","NsiI.TP25504","4","8530577","9.6013e-06","0.0021","A"
"4","Trait5","mrMLM","PstI.TP311861","4","8539842","-2.0499e-06","4e-04","C"
"4","Trait5","mrMLM","PstI.TP624796","4","8543926","-2.5517e-05","0.0056","C"
"4","Trait5","mrMLM","PstI.TP1127508","4","8586112","0.2921","1.7521","A"
"4","Trait5","mrMLM","PstI.TP445258","4","8590503","-0.247","0.9877","A"
"4","Trait5","mrMLM","PstI.TP1089453","4","8592955","1.4573e-05","0.0032","A"
"4","Trait5","mrMLM","PstI.TP835676","4","8640214","0.1332","1.1708","C"
"4","Trait5","mrMLM","GFSSContig8400_100","4","8648906","-9.5465e-06","0.0021","A"
"4","Trait5","mrMLM","PstI.TP700770","4","8669855","-3.5914e-05","0.0079","G"
"4","Trait5","mrMLM","PstI.TP111622","4","8673504","-0.1222","1.1696","C"
"4","Trait5","mrMLM","PstI.TP882736","4","8674165","1.0494e-05","0.0023","A"
"4","Trait5","mrMLM","PstI.TP185167","4","8674666","2.2003e-05","0.0048","A"
"4","Trait5","mrMLM","PstI.TP168674","4","8676929","-9.3496e-06","0.002","C"
"4","Trait5","mrMLM","PstI.TP482536","4","8679868","4.1522e-06","9e-04","A"
"4","Trait5","mrMLM","PstI.TP1130618","4","8720351","2.7743e-05","0.0061","A"
"4","Trait5","mrMLM","NsiI.TP61562","4","8722331","1.7575e-06","4e-04","A"
"4","Trait5","mrMLM","PstI.TP31122","4","8772983","-0.032","0.3026","A"
"4","Trait5","mrMLM","PstI.TP1172638","4","8815887","1.2199e-05","0.0027","A"
"4","Trait5","mrMLM","PstI.TP3877","4","8823434","3.227e-06","7e-04","A"
"4","Trait5","mrMLM","GFSSContig20368_1202","4","8831180","0.0022","0.0694","C"
"4","Trait5","mrMLM","GFSSContig20368_1365","4","8831343","-1.629e-05","0.0036","T"
"4","Trait5","mrMLM","PstI.TP1060800","4","8862892","3.8073e-06","8e-04","A"
"4","Trait5","mrMLM","NsiI.TP113486","4","8888772","1.8759e-05","0.0041","A"
"4","Trait5","mrMLM","NsiI.TP670199","4","8932265","0.0341","0.3302","C"
"4","Trait5","mrMLM","PstI.TP1007974","4","8934721","1.0923e-05","0.0024","A"
"4","Trait5","mrMLM","NsiI.TP633951","4","8936437","1.9971e-05","0.0044","A"
"4","Trait5","mrMLM","PstI.TP784208","4","8959349","-1.7335e-05","0.0038","A"
"4","Trait5","mrMLM","NsiI.TP385136","4","9122952","1.239e-05","0.0027","A"
"4","Trait5","mrMLM","PstI.TP320430","4","9160176","0.1008","1.2065","C"
"4","Trait5","mrMLM","PstI.TP408444","4","9160208","0.1862","1.1318","A"
"4","Trait5","mrMLM","PstI.TP171628","4","9274753","-2.4098e-05","0.0053","C"
"4","Trait5","mrMLM","PstI.TP454159","4","9277223","-3.1606e-05","0.0069","C"
"4","Trait5","mrMLM","NsiI.TP148049","4","9277691","0.0027","0.0444","A"
"4","Trait5","mrMLM","NsiI.TP474301","4","9312729","1.9379e-05","0.0042","A"
"4","Trait5","mrMLM","PstI.TP852731","4","9317191","2.0173e-05","0.0044","C"
"4","Trait5","mrMLM","NsiI.TP391547","4","9374567","4.8121e-06","0.001","A"
"4","Trait5","mrMLM","PstI.TP1128259","4","9388344","-0.0662","0.7413","A"
"4","Trait5","mrMLM","PstI.TP682160","4","9425789","-0.1836","1.0325","C"
"4","Trait5","mrMLM","NsiI.TP731097","4","9434143","-7.3903e-06","0.0016","G"
"4","Trait5","mrMLM","PstI.TP369888","4","9447472","4.5997e-05","0.0101","C"
"4","Trait5","mrMLM","NsiI.TP799952","4","9492712","-0.0554","0.3887","G"
"4","Trait5","mrMLM","NsiI.TP241487","4","9493588","0.0621","0.6312","A"
"4","Trait5","mrMLM","PstI.TP482092","4","9565568","-2.7407e-05","0.006","C"
"4","Trait5","mrMLM","NsiI.TP310178","4","9568402","1.9008e-05","0.0042","A"
"4","Trait5","mrMLM","NsiI.TP615697","4","9585672","0.1136","0.4572","A"
"4","Trait5","mrMLM","PstI.TP757431","4","9630255","4.7016e-06","0.001","C"
"4","Trait5","mrMLM","PstI.TP1285647","4","9641335","-0.128","0.8895","A"
"4","Trait5","mrMLM","PstI.TP813144","4","9651032","0.0153","0.1223","A"
"4","Trait5","mrMLM","PstI.TP1180066","4","9693303","0.0576","0.3791","C"
"4","Trait5","mrMLM","PstI.TP998275","4","9701801","-5.0793e-06","0.0011","G"
"4","Trait5","mrMLM","PstI.TP295985","4","9739196","-0.1853","0.7695","C"
"4","Trait5","mrMLM","PstI.TP374327","4","9802521","-1.7896e-05","0.0039","A"
"4","Trait5","mrMLM","NsiI.TP452697","4","9830298","0.0061","0.1058","C"
"4","Trait5","mrMLM","NsiI.TP630645","4","9861795","0.158","1.2109","G"
"4","Trait5","mrMLM","NsiI.TP718499","4","9862101","1.4093e-05","0.0031","C"
"4","Trait5","mrMLM","NsiI.TP50062","4","9875887","0.122","0.8464","A"
"4","Trait5","mrMLM","NsiI.TP624146","4","9903498","-1.3966e-05","0.0031","A"
"4","Trait5","mrMLM","PstI.TP1257840","4","9913802","-2.4839e-06","5e-04","C"
"4","Trait5","mrMLM","PstI.TP1257834","4","9913833","-0.0314","0.1598","A"
"4","Trait5","mrMLM","NsiI.TP588890","4","9914641","3.8347e-05","0.0084","C"
"4","Trait5","mrMLM","PstI.TP387625","4","9914701","0.0501","0.3093","A"
"4","Trait5","mrMLM","NsiI.TP423505","4","9914914","-1.7689e-05","0.0039","A"
"4","Trait5","mrMLM","PstI.TP697156","4","9915378","-0.0778","0.8464","C"
"4","Trait5","mrMLM","NsiI.TP487745","4","9920334","-4.6372e-06","0.001","A"
"4","Trait5","mrMLM","PstI.TP1259253","4","9921203","1.52e-05","0.0033","A"
"4","Trait5","mrMLM","NsiI.TP415883","4","9939446","-3.7845e-06","8e-04","A"
"4","Trait5","mrMLM","PstI.TP61690","4","9949386","-1.0634e-05","0.0023","A"
"4","Trait5","mrMLM","GFSSContig19193_773","4","10061255","-1.481e-05","0.0032","A"
"4","Trait5","mrMLM","PstI.TP1120613","4","10061427","-5.7439e-06","0.0013","C"
"4","Trait5","mrMLM","NsiI.TP163805","4","10120148","-2.8619e-07","6.2283e-05","C"
"4","Trait5","mrMLM","PstI.TP1025308","4","10123474","-7.3128e-06","0.0016","C"
"4","Trait5","mrMLM","NsiI.TP61238","4","10125832","-1.3646e-05","0.003","A"
"4","Trait5","mrMLM","PstI.TP346289","4","10178525","-1.0148e-05","0.0022","A"
"4","Trait5","mrMLM","PstI.TP7735","4","10191482","-0.0793","0.7866","C"
"4","Trait5","mrMLM","PstI.TP1043816","4","10208138","2.0629e-05","0.0045","G"
"4","Trait5","mrMLM","PstI.TP706841","4","10213298","2.2763e-05","0.005","A"
"4","Trait5","mrMLM","NsiI.TP703676","4","10234015","0.1048","0.9586","A"
"4","Trait5","mrMLM","PstI.TP259360","4","10246962","3.2434e-05","0.0071","A"
"4","Trait5","mrMLM","NsiI.TP696486","4","10248885","2.2927e-05","0.005","A"
"4","Trait5","mrMLM","PstI.TP1110331","4","10252693","6.0268e-06","0.0013","A"
"4","Trait5","mrMLM","PstI.TP738123","4","10269389","1.5522e-06","3e-04","C"
"4","Trait5","mrMLM","PstI.TP621042","4","10273186","-9.8168e-06","0.0021","C"
"4","Trait5","mrMLM","PstI.TP691263","4","10278351","5.1731e-06","0.0011","C"
"4","Trait5","mrMLM","NsiI.TP580906","4","10305150","-2.8713e-05","0.0063","C"
"4","Trait5","mrMLM","NsiI.TP633323","4","10331179","0.0797","0.855","C"
"4","Trait5","mrMLM","PstI.TP263612","4","10364819","-0.0675","0.9871","A"
"4","Trait5","mrMLM","NsiI.TP453309","4","10367633","2.1837e-05","0.0048","C"
"4","Trait5","mrMLM","NsiI.TP561726","4","10367714","0.1737","1.0137","C"
"4","Trait5","mrMLM","NsiI.TP238554","4","10368613","1.2148e-05","0.0027","C"
"4","Trait5","mrMLM","PstI.TP128236","4","10368754","-0.0472","0.2721","C"
"4","Trait5","mrMLM","PstI.TP706576","4","10368828","-3.2052e-05","0.007","A"
"4","Trait5","mrMLM","NsiI.TP420667","4","10371653","-9.0855e-06","0.002","C"
"4","Trait5","mrMLM","PstI.TP345423","4","10479763","-0.1488","0.5684","A"
"4","Trait5","mrMLM","NsiI.TP457948","4","10479967","-0.0492","0.4115","C"
"4","Trait5","mrMLM","NsiI.TP240693","4","10495861","-3.7448e-05","0.0082","C"
"4","Trait5","mrMLM","PstI.TP171745","4","10542305","-2.6657e-05","0.0058","C"
"4","Trait5","mrMLM","NsiI.TP358798","4","10635613","0.0922","0.5496","G"
"4","Trait5","mrMLM","PstI.TP146575","4","10635659","3.4118e-05","0.0075","C"
"4","Trait5","mrMLM","PstI.TP135739","4","10636104","-0.0178","0.1758","C"
"4","Trait5","mrMLM","PstI.TP449164","4","10636146","-0.0122","0.2064","A"
"4","Trait5","mrMLM","PstI.TP1293746","4","10710177","-2.1411e-06","5e-04","C"
"4","Trait5","mrMLM","PstI.TP855651","4","10722059","-2.7936e-06","6e-04","A"
"4","Trait5","mrMLM","PstI.TP189219","4","10805775","-3.9342e-06","9e-04","A"
"4","Trait5","mrMLM","NsiI.TP488648","4","10810212","-8.8597e-06","0.0019","A"
"4","Trait5","mrMLM","NsiI.TP519535","4","10839592","6.3229e-06","0.0014","A"
"4","Trait5","mrMLM","PstI.TP844534","4","10905321","-0.0079","0.0881","A"
"4","Trait5","mrMLM","PstI.TP158812","4","10951684","-6.0018e-06","0.0013","C"
"4","Trait5","mrMLM","NsiI.TP795009","4","11005104","2.2486e-05","0.0049","A"
"4","Trait5","mrMLM","PstI.TP280290","4","11044267","-2.6431e-06","6e-04","C"
"4","Trait5","mrMLM","NsiI.TP78058","4","11075063","0.3037","2.4527","A"
"4","Trait5","mrMLM","NsiI.TP435168","4","11084171","9.8557e-06","0.0022","A"
"4","Trait5","mrMLM","NsiI.TP151814","4","11087805","-1.0185e-05","0.0022","C"
"4","Trait5","mrMLM","PstI.TP105120","4","11122087","1.3599e-06","3e-04","A"
"4","Trait5","mrMLM","GFSSContig12613_658","4","11187274","-3.4721e-05","0.0076","A"
"4","Trait5","mrMLM","PstI.TP1257615","4","11197584","0.0122","0.2039","A"
"4","Trait5","mrMLM","PstI.TP552926","4","11236461","-7.8511e-06","0.0017","C"
"4","Trait5","mrMLM","NsiI.TP592666","4","11294572","0.0415","0.3924","A"
"4","Trait5","mrMLM","NsiI.TP325661","4","11406452","8.1096e-06","0.0018","A"
"4","Trait5","mrMLM","PstI.TP839848","4","11496748","-2.4229e-05","0.0053","C"
"4","Trait5","mrMLM","PstI.TP839656","4","11496765","8.4542e-06","0.0018","G"
"4","Trait5","mrMLM","PstI.TP1251359","4","11514879","-0.0056","0.116","C"
"4","Trait5","mrMLM","PstI.TP382139","4","11514958","2.9032e-05","0.0064","C"
"4","Trait5","mrMLM","PstI.TP1215962","4","11574895","1.1934e-05","0.0026","G"
"4","Trait5","mrMLM","PstI.TP815058","4","11586452","8.6048e-06","0.0019","A"
"4","Trait5","mrMLM","NsiI.TP494269","4","11587228","-2.5138e-05","0.0055","A"
"4","Trait5","mrMLM","PstI.TP352020","4","11667140","-1.959e-05","0.0043","C"
"4","Trait5","mrMLM","NsiI.TP308600","4","11755266","1.1688e-05","0.0026","A"
"4","Trait5","mrMLM","PstI.TP979025","4","11818176","8e-04","0.0365","G"
"4","Trait5","mrMLM","NsiI.TP782860","4","11860254","0.0913","0.5559","A"
"4","Trait5","mrMLM","PstI.TP1036535","4","12005514","-3.4478e-05","0.0076","A"
"4","Trait5","mrMLM","NsiI.TP501984","4","12012343","-2.4846e-05","0.0054","C"
"4","Trait5","mrMLM","PstI.TP373489","4","12025790","9.0851e-06","0.002","A"
"4","Trait5","mrMLM","PstI.TP760954","4","12028150","-7.7841e-08","1.6941e-05","C"
"4","Trait5","mrMLM","PstI.TP548545","4","12028244","9.3348e-06","0.002","C"
"4","Trait5","mrMLM","NsiI.TP813500","4","12070767","-0.0066","0.138","C"
"4","Trait5","mrMLM","NsiI.TP102705","4","12103867","-0.0217","0.2295","C"
"4","Trait5","mrMLM","NsiI.TP701740","4","12166406","-3.5081e-05","0.0077","A"
"4","Trait5","mrMLM","NsiI.TP262304","4","12176511","2.4807e-07","5.3988e-05","C"
"4","Trait5","mrMLM","NsiI.TP734475","4","12179795","-0.2258","1.6842","C"
"4","Trait5","mrMLM","NsiI.TP504595","4","12191381","-0.1166","1.015","G"
"4","Trait5","mrMLM","GFSSContig2301_308","4","12207433","1.6718e-05","0.0037","T"
"4","Trait5","mrMLM","PstI.TP542480","4","12258849","1.7482e-05","0.0038","A"
"4","Trait5","mrMLM","NsiI.TP827851","4","12330408","0.3149","1.8867","G"
"4","Trait5","mrMLM","PstI.TP1204465","4","12361335","-1.1956e-05","0.0026","C"
"4","Trait5","mrMLM","PstI.TP1155622","4","12369378","-0.1182","0.6043","G"
"4","Trait5","mrMLM","PstI.TP1146985","4","12387246","-3.4026e-05","0.0075","C"
"4","Trait5","mrMLM","NsiI.TP595695","4","12413777","0.047","0.3631","C"
"4","Trait5","mrMLM","NsiI.TP560976","4","12413786","2.8737e-05","0.0063","C"
"4","Trait5","mrMLM","PstI.TP854112","4","12454467","0.3124","1.6806","C"
"4","Trait5","mrMLM","PstI.TP1075951","4","12476645","-0.085","0.8782","C"
"4","Trait5","mrMLM","NsiI.TP199725","4","12480788","-1.7216e-05","0.0038","A"
"4","Trait5","mrMLM","PstI.TP364032","4","12575906","0.1226","0.697","C"
"4","Trait5","mrMLM","NsiI.TP35466","4","12633998","-1.944e-05","0.0043","C"
"4","Trait5","mrMLM","PstI.TP306851","4","12639614","2.9644e-05","0.0065","A"
"4","Trait5","mrMLM","PstI.TP662108","4","12702463","-2.9585e-05","0.0065","A"
"4","Trait5","mrMLM","PstI.TP1043803","4","12818841","3.746e-06","8e-04","A"
"4","Trait5","mrMLM","PstI.TP106489","4","12822062","0.0767","0.732","A"
"4","Trait5","mrMLM","GFSSContig18299_1838","4","12995724","-3.1446e-05","0.0069","A"
"4","Trait5","mrMLM","NsiI.TP533252","4","13323444","-2.3124e-05","0.0051","G"
"4","Trait5","mrMLM","PstI.TP375423","4","13324419","0.1599","0.9011","C"
"4","Trait5","mrMLM","NsiI.TP225219","4","13324426","0.0752","0.5402","C"
"4","Trait5","mrMLM","PstI.TP94581","4","13330311","1.3643e-05","0.003","C"
"4","Trait5","mrMLM","PstI.TP489918","4","13490772","0.1579","1.0597","C"
"4","Trait5","mrMLM","NsiI.TP48579","4","13590250","-2.405e-06","5e-04","C"
"4","Trait5","mrMLM","PstI.TP163651","4","13684038","0.1249","0.6293","C"
"4","Trait5","mrMLM","PstI.TP1160572","4","13700890","0.1317","1.0686","A"
"4","Trait5","mrMLM","NsiI.TP151463","4","13768195","-8.5428e-06","0.0019","A"
"4","Trait5","mrMLM","NsiI.TP701627","4","13835368","-2.7688e-06","6e-04","A"
"4","Trait5","mrMLM","NsiI.TP265079","4","13841233","3.0077e-06","7e-04","C"
"4","Trait5","mrMLM","PstI.TP356199","4","13903738","-0.1693","1.0989","A"
"4","Trait5","mrMLM","NsiI.TP2816","4","13910479","-1.3506e-05","0.0029","A"
"4","Trait5","mrMLM","PstI.TP751172","4","14003120","-1.0937e-06","2e-04","C"
"4","Trait5","mrMLM","NsiI.TP345980","4","14132815","1.6329e-05","0.0036","G"
"4","Trait5","mrMLM","NsiI.TP701029","4","14147787","0.123","0.4343","G"
"4","Trait5","mrMLM","NsiI.TP823582","4","14166177","-1.5071e-05","0.0033","C"
"4","Trait5","mrMLM","PstI.TP43515","4","14189966","-1.6155e-05","0.0035","A"
"4","Trait5","mrMLM","NsiI.TP307116","4","14204562","-2.3338e-05","0.0051","C"
"4","Trait5","mrMLM","PstI.TP257951","4","14228269","-0.0371","0.3544","A"
"4","Trait5","mrMLM","NsiI.TP575629","4","14235179","-0.1642","1.9454","G"
"4","Trait5","mrMLM","PstI.TP937938","4","14237548","-1.1245e-05","0.0025","C"
"4","Trait5","mrMLM","PstI.TP438135","4","14593222","-2.088e-05","0.0046","A"
"4","Trait5","mrMLM","NsiI.TP468483","4","14594461","0.1288","0.7817","A"
"4","Trait5","mrMLM","PstI.TP1022338","4","14596942","0.1489","0.9115","G"
"4","Trait5","mrMLM","NsiI.TP219993","4","14690742","0.0416","0.3797","A"
"4","Trait5","mrMLM","NsiI.TP509099","4","14692852","-0.0176","0.2593","C"
"4","Trait5","mrMLM","NsiI.TP458405","4","14905579","-1.9216e-05","0.0042","A"
"4","Trait5","mrMLM","PstI.TP228807","4","14920308","1.0353e-05","0.0023","C"
"4","Trait5","mrMLM","PstI.TP267591","4","14921131","-2.956e-05","0.0065","C"
"4","Trait5","mrMLM","NsiI.TP641163","4","14924363","3.9762e-06","9e-04","A"
"4","Trait5","mrMLM","PstI.TP224340","4","14926882","0.1314","1.1665","C"
"4","Trait5","mrMLM","PstI.TP978122","4","14930204","-1.0642e-06","2e-04","C"
"4","Trait5","mrMLM","PstI.TP100146","4","15152517","-1.316e-05","0.0029","A"
"4","Trait5","mrMLM","PstI.TP110920","4","15319956","4.7424e-07","1e-04","C"
"4","Trait5","mrMLM","PstI.TP1194303","4","15320890","2.0746e-06","5e-04","C"
"4","Trait5","mrMLM","PstI.TP1045192","4","15594452","1.5901e-06","3e-04","A"
"4","Trait5","mrMLM","PstI.TP457434","4","15595824","9.174e-06","0.002","C"
"4","Trait5","mrMLM","PstI.TP128291","4","15659539","0.0506","0.4265","A"
"4","Trait5","mrMLM","PstI.TP324007","4","15684128","-6.7221e-06","0.0015","C"
"4","Trait5","mrMLM","PstI.TP324014","4","15684136","2.2521e-05","0.0049","C"
"4","Trait5","mrMLM","PstI.TP1062473","4","15709616","-3.8316e-07","8.3387e-05","C"
"4","Trait5","mrMLM","NsiI.TP801221","4","15709616","6.0493e-06","0.0013","C"
"4","Trait5","mrMLM","PstI.TP1062471","4","15709646","0.002","0.0702","C"
"4","Trait5","mrMLM","GFSSContig15381_363","4","15710002","8.769e-06","0.0019","T"
"4","Trait5","mrMLM","PstI.TP1211962","4","15710410","2.268e-05","0.005","A"
"4","Trait5","mrMLM","PstI.TP490502","4","15891050","0.0454","0.2901","C"
"4","Trait5","mrMLM","PstI.TP478429","4","15891301","1.2836e-05","0.0028","C"
"4","Trait5","mrMLM","PstI.TP23761","4","15893812","-9.7537e-06","0.0021","C"
"4","Trait5","mrMLM","PstI.TP1087220","4","16035555","-0.1853","1.0426","A"
"4","Trait5","mrMLM","NsiI.TP468188","4","16051806","1.2389e-05","0.0027","C"
"4","Trait5","mrMLM","NsiI.TP461374","4","16055208","0.0312","0.2484","C"
"4","Trait5","mrMLM","NsiI.TP573867","4","16208827","0.0568","0.6018","C"
"4","Trait5","mrMLM","PstI.TP411059","4","16250998","3.4298e-06","7e-04","A"
"4","Trait5","mrMLM","PstI.TP191324","4","16297801","2.386e-06","5e-04","C"
"4","Trait5","mrMLM","PstI.TP71331","4","16297873","-8.4353e-06","0.0018","G"
"4","Trait5","mrMLM","GFSSContig19297_2392","4","16366431","-0.0985","0.5673","T"
"4","Trait5","mrMLM","PstI.TP97820","4","16367813","-9.6043e-06","0.0021","A"
"4","Trait5","mrMLM","PstI.TP423828","4","16477754","-0.0738","0.6853","C"
"4","Trait5","mrMLM","PstI.TP603951","4","16499951","2.7052e-06","6e-04","A"
"4","Trait5","mrMLM","PstI.TP254648","4","16500015","0.096","0.4654","A"
"4","Trait5","mrMLM","PstI.TP605734","4","16501301","3.635e-05","0.008","A"
"4","Trait5","mrMLM","NsiI.TP32958","4","16508052","2.2634e-05","0.005","A"
"4","Trait5","mrMLM","NsiI.TP690791","4","16551464","0.1517","0.7827","C"
"4","Trait5","mrMLM","PstI.TP173583","4","16551946","2.0428e-05","0.0045","G"
"4","Trait5","mrMLM","NsiI.TP102128","4","16552385","-1.7496e-05","0.0038","C"
"4","Trait5","mrMLM","NsiI.TP830716","4","18311149","1.3524e-05","0.003","A"
"4","Trait5","mrMLM","PstI.TP680311","4","18313480","5.7322e-06","0.0012","A"
"4","Trait5","mrMLM","PstI.TP1237511","4","18890758","-1.3652e-05","0.003","C"
"4","Trait5","mrMLM","PstI.TP1169104","4","19508414","-0.0867","1.0126","A"
"4","Trait5","mrMLM","PstI.TP1095693","4","19512189","-6.7482e-06","0.0015","A"
"4","Trait5","mrMLM","NsiI.TP11597","4","19528444","2.0603e-05","0.0045","A"
"4","Trait5","mrMLM","PstI.TP340344","4","19667066","-1.0211e-05","0.0022","C"
"4","Trait5","mrMLM","PstI.TP31583","4","19670544","1.4527e-05","0.0032","A"
"4","Trait5","mrMLM","PstI.TP621493","4","19796948","0.1517","0.7692","C"
"4","Trait5","mrMLM","NsiI.TP157332","4","19902560","-0.1169","0.8825","A"
"4","Trait5","mrMLM","NsiI.TP396265","4","20185440","-0.111","0.5235","A"
"4","Trait5","mrMLM","NsiI.TP396263","4","20185447","0.0339","0.3163","A"
"4","Trait5","mrMLM","PstI.TP1239257","4","20365947","0.0196","0.2523","A"
"4","Trait5","mrMLM","PstI.TP1096983","4","20708817","-0.0248","0.2398","C"
"4","Trait5","mrMLM","PstI.TP134536","4","20754069","-0.1143","0.6559","A"
"4","Trait5","mrMLM","PstI.TP225325","4","20955190","-0.1878","0.8355","G"
"4","Trait5","mrMLM","NsiI.TP570512","4","20959424","6.8218e-06","0.0015","G"
"4","Trait5","mrMLM","NsiI.TP503037","4","21144799","-0.0951","0.5953","C"
"4","Trait5","mrMLM","PstI.TP1054573","4","21150389","2.0726e-05","0.0045","G"
"4","Trait5","mrMLM","PstI.TP1009593","4","21150455","1.1349e-06","2e-04","A"
"4","Trait5","mrMLM","PstI.TP390069","4","21847241","0.0537","0.4706","A"
"4","Trait5","mrMLM","PstI.TP83195","4","22466628","-0.0209","0.2903","A"
"4","Trait5","mrMLM","GFk45ctg179201_418","4","22559183","0.1555","0.9647","A"
"4","Trait5","mrMLM","PstI.TP339012","4","23730556","-9.3257e-06","0.002","C"
"4","Trait5","mrMLM","NsiI.TP620347","4","27291851","2.4069e-05","0.0053","A"
"4","Trait5","mrMLM","PstI.TP1219768","4","27303290","-4.4194e-06","0.001","C"
"4","Trait5","mrMLM","NsiI.TP495634","4","32803678","-3.1e-06","7e-04","C"
"4","Trait5","mrMLM","NsiI.TP427488","4","34032051","1.0645e-05","0.0023","G"
"4","Trait5","mrMLM","PstI.TP388798","4","34703211","2.1234e-05","0.0046","C"
"4","Trait5","mrMLM","NsiI.TP18194","4","34703332","0.0815","0.4128","C"
"4","Trait5","mrMLM","PstI.TP1211804","4","34712354","0.118","1.1616","C"
"4","Trait5","mrMLM","PstI.TP1076652","4","34857099","3.2415e-06","7e-04","A"
"4","Trait5","mrMLM","NsiI.TP490188","4","35132045","0.0464","0.3876","C"
"4","Trait5","mrMLM","PstI.TP120638","4","35323656","-2.5333e-05","0.0055","A"
"4","Trait5","mrMLM","NsiI.TP671673","4","35758840","1.1768e-05","0.0026","A"
"4","Trait5","mrMLM","NsiI.TP739519","4","35759871","3.9128e-06","9e-04","A"
"4","Trait5","mrMLM","PstI.TP1045968","4","37910344","-1.3453e-05","0.0029","A"
"4","Trait5","mrMLM","NsiI.TP315575","4","38384766","-0.1453","0.5431","A"
"4","Trait5","mrMLM","NsiI.TP676973","4","38389441","-1.954e-06","4e-04","G"
"4","Trait5","mrMLM","NsiI.TP230537","4","38900044","-4.783e-06","0.001","C"
"4","Trait5","mrMLM","NsiI.TP494925","4","38912027","-1.0825e-05","0.0024","G"
"4","Trait5","mrMLM","PstI.TP667600","4","39529579","-1.6384e-05","0.0036","C"
"4","Trait5","mrMLM","PstI.TP1244182","4","40221879","-3.9753e-05","0.0087","C"
"4","Trait5","mrMLM","PstI.TP337951","4","40615943","3.9701e-06","9e-04","A"
"4","Trait5","mrMLM","PstI.TP1006395","4","41120868","3.5158e-06","8e-04","C"
"4","Trait5","mrMLM","PstI.TP1249107","4","41378631","-0.0139","0.219","C"
"4","Trait5","mrMLM","PstI.TP982139","4","41445278","7.0627e-06","0.0015","A"
"4","Trait5","mrMLM","PstI.TP7916","4","41445749","-2.2641e-05","0.005","C"
"4","Trait5","mrMLM","PstI.TP714267","4","41525523","-1.3866e-05","0.003","G"
"4","Trait5","mrMLM","PstI.TP1119498","4","41538677","0.1886","0.9631","A"
"4","Trait5","mrMLM","PstI.TP384419","4","41626482","1.5314e-05","0.0033","A"
"4","Trait5","mrMLM","PstI.TP934991","4","41846979","-4.9059e-06","0.0011","A"
"4","Trait5","mrMLM","NsiI.TP796361","4","42127688","5.6495e-08","1.2296e-05","C"
"4","Trait5","mrMLM","PstI.TP498043","4","42143441","-3.2287e-07","7.0276e-05","C"
"4","Trait5","mrMLM","NsiI.TP391227","4","42698388","1.3899e-05","0.003","C"
"4","Trait5","mrMLM","PstI.TP1084308","4","42752899","-1.2495e-05","0.0027","A"
"4","Trait5","mrMLM","PstI.TP1193195","4","42910683","-0.0223","0.263","C"
"4","Trait5","mrMLM","PstI.TP39227","4","42910747","-0.0143","0.1345","G"
"4","Trait5","mrMLM","PstI.TP39226","4","42910794","-3.2554e-05","0.0071","C"
"4","Trait5","mrMLM","PstI.TP335891","4","42916499","-3.9058e-06","9e-04","A"
"4","Trait5","mrMLM","PstI.TP24825","4","43525001","0.0456","0.4444","A"
"4","Trait5","mrMLM","PstI.TP1038856","4","43731538","-0.3875","1.8872","C"
"4","Trait5","mrMLM","PstI.TP28557","4","43964717","2.3795e-05","0.0052","A"
"4","Trait5","mrMLM","PstI.TP1227932","4","44102303","5.1131e-06","0.0011","C"
"4","Trait5","mrMLM","NsiI.TP670897","4","44102679","-3.3264e-06","7e-04","G"
"4","Trait5","mrMLM","PstI.TP143333","4","44467739","-1.3395e-05","0.0029","C"
"4","Trait5","mrMLM","NsiI.TP101671","4","44686469","0.0487","0.3679","C"
"4","Trait5","mrMLM","NsiI.TP671815","4","44692869","0.031","0.1864","A"
"4","Trait5","mrMLM","PstI.TP379812","4","44732427","-1.7613e-05","0.0038","A"
"4","Trait5","mrMLM","NsiI.TP69352","4","44818346","1.5214e-05","0.0033","A"
"4","Trait5","mrMLM","PstI.TP662376","4","44844832","-0.1072","1.1902","A"
"4","Trait5","mrMLM","NsiI.TP735199","4","45035039","-1.4902e-06","3e-04","C"
"4","Trait5","mrMLM","PstI.TP170658","4","45392020","-1.8387e-05","0.004","C"
"4","Trait5","mrMLM","NsiI.TP695171","4","45394796","-1.2111e-05","0.0026","C"
"4","Trait5","mrMLM","NsiI.TP111500","4","45765430","-0.0553","0.4884","A"
"4","Trait5","mrMLM","NsiI.TP457214","4","45834089","3.0774e-05","0.0068","C"
"4","Trait5","mrMLM","NsiI.TP587782","4","45876240","-1.2612e-05","0.0028","C"
"4","Trait5","mrMLM","NsiI.TP514975","4","45876590","1.2491e-05","0.0027","C"
"4","Trait5","mrMLM","PstI.TP371552","4","45884872","1.0571e-05","0.0023","C"
"4","Trait5","mrMLM","NsiI.TP668888","4","46350881","-7.3349e-06","0.0016","A"
"4","Trait5","mrMLM","NsiI.TP756490","4","46354437","0.1766","0.6239","A"
"4","Trait5","mrMLM","PstI.TP1153375","4","46355433","2.3443e-05","0.0051","A"
"4","Trait5","mrMLM","NsiI.TP382222","4","46359513","0.0433","0.2483","A"
"4","Trait5","mrMLM","PstI.TP65828","4","46538766","-0.1061","0.5759","A"
"4","Trait5","mrMLM","NsiI.TP356110","4","46657472","7.4173e-06","0.0016","A"
"4","Trait5","mrMLM","PstI.TP645452","4","46698558","0.3517","2.6645","C"
"4","Trait5","mrMLM","PstI.TP129466","4","46872452","1.7196e-05","0.0038","G"
"4","Trait5","mrMLM","PstI.TP229656","4","46914021","3.209e-05","0.007","A"
"4","Trait5","mrMLM","NsiI.TP457162","4","46961378","-9.0864e-06","0.002","C"
"4","Trait5","mrMLM","PstI.TP1058832","4","46982758","6.4686e-06","0.0014","G"
"4","Trait5","mrMLM","NsiI.TP660","4","47532159","0.033","0.3202","C"
"4","Trait5","mrMLM","NsiI.TP661","4","47532167","0.0561","0.376","C"
"4","Trait5","mrMLM","NsiI.TP753138","4","47705467","6.696e-06","0.0015","A"
"4","Trait5","mrMLM","NsiI.TP771022","4","47845770","0.1031","0.6596","C"
"4","Trait5","mrMLM","NsiI.TP81944","4","47846954","-9.3539e-06","0.002","A"
"4","Trait5","mrMLM","PstI.TP908401","4","47909121","-1.0303e-05","0.0022","C"
"4","Trait5","mrMLM","NsiI.TP635034","4","47911863","0.2659","1.1971","A"
"4","Trait5","mrMLM","NsiI.TP628614","4","47937476","3.3612e-05","0.0074","A"
"4","Trait5","mrMLM","PstI.TP765640","4","48027712","1.4357e-05","0.0031","A"
"4","Trait5","mrMLM","PstI.TP232395","4","48031995","-1.367e-05","0.003","A"
"4","Trait5","mrMLM","PstI.TP1265926","4","48033598","-1.7488e-06","4e-04","A"
"4","Trait5","mrMLM","PstI.TP31281","4","48075879","-2.3935e-05","0.0052","C"
"4","Trait5","mrMLM","PstI.TP744262","4","48092727","0.1801","0.6602","C"
"4","Trait5","mrMLM","NsiI.TP609845","4","48352833","9.4104e-06","0.0021","G"
"4","Trait5","mrMLM","PstI.TP1148487","4","48397503","-0.1279","0.7572","G"
"4","Trait5","mrMLM","PstI.TP1142732","4","48400591","5.1039e-06","0.0011","C"
"4","Trait5","mrMLM","GFSSContig16567_1127","4","48426666","1.2767e-05","0.0028","A"
"4","Trait5","mrMLM","GFSSContig1697_227","4","48426930","-3.109e-05","0.0068","T"
"4","Trait5","mrMLM","NsiI.TP821811","4","48427329","-1.8632e-05","0.0041","A"
"4","Trait5","mrMLM","PstI.TP768230","4","48611784","-0.0752","0.6172","A"
"4","Trait5","mrMLM","PstI.TP1002701","4","48613681","0.1149","0.5432","C"
"4","Trait5","mrMLM","NsiI.TP520835","4","48697029","7.0207e-06","0.0015","A"
"4","Trait5","mrMLM","PstI.TP1002453","4","48704152","-0.0986","0.5163","A"
"4","Trait5","mrMLM","NsiI.TP62800","4","48704161","5.1544e-06","0.0011","A"
"4","Trait5","mrMLM","PstI.TP973972","4","48704215","2.6684e-06","6e-04","C"
"4","Trait5","mrMLM","NsiI.TP830798","4","48851837","-0.215","1.3432","C"
"4","Trait5","mrMLM","NsiI.TP356397","4","48854231","1.4864e-06","3e-04","A"
"4","Trait5","mrMLM","PstI.TP936606","4","49135392","-2.2916e-05","0.005","A"
"4","Trait5","mrMLM","PstI.TP920502","4","49225685","-0.3053","1.472","C"
"4","Trait5","mrMLM","PstI.TP333205","4","49231325","1.048e-05","0.0023","C"
"4","Trait5","mrMLM","GFk45ctg296738_328","4","49235742","2.0087e-05","0.0044","T"
"4","Trait5","mrMLM","PstI.TP718982","4","49258260","3.5758e-06","8e-04","A"
"4","Trait5","mrMLM","NsiI.TP312454","4","49292509","1.0291e-05","0.0022","A"
"4","Trait5","mrMLM","PstI.TP198316","4","49293313","-0.2193","0.8494","A"
"4","Trait5","mrMLM","NsiI.TP164780","4","49447515","-0.248","0.8048","A"
"4","Trait5","mrMLM","PstI.TP182297","4","49450299","-0.0095","0.1","C"
"4","Trait5","mrMLM","NsiI.TP135323","4","49456476","3.0911e-05","0.0068","C"
"4","Trait5","mrMLM","PstI.TP793792","4","49516153","1.1167e-05","0.0024","A"
"4","Trait5","mrMLM","PstI.TP1095630","4","49522511","-0.0631","0.3922","G"
"4","Trait5","mrMLM","NsiI.TP423735","4","49526655","-4.3223e-06","9e-04","A"
"4","Trait5","mrMLM","PstI.TP1269911","4","49585404","-0.0567","0.5765","C"
"4","Trait5","mrMLM","NsiI.TP30913","4","49805444","-6.2245e-06","0.0014","A"
"4","Trait5","mrMLM","NsiI.TP9667","4","49805812","-2.3343e-08","5.0797e-06","A"
"4","Trait5","mrMLM","NsiI.TP9710","4","49805830","-1.7762e-05","0.0039","C"
"4","Trait5","mrMLM","NsiI.TP715437","4","49813047","-1.1636e-05","0.0025","A"
"4","Trait5","mrMLM","NsiI.TP42348","4","49820590","-0.0995","0.5973","A"
"4","Trait5","mrMLM","NsiI.TP151057","4","49824243","7.7507e-07","2e-04","C"
"4","Trait5","mrMLM","NsiI.TP131428","4","49830030","1.8831e-05","0.0041","C"
"4","Trait5","mrMLM","PstI.TP1250734","4","49904627","-8.9387e-06","0.0019","C"
"4","Trait5","mrMLM","NsiI.TP622430","4","49908847","-0.0941","0.6606","A"
"4","Trait5","mrMLM","NsiI.TP331108","4","49980904","0.076","0.5068","A"
"4","Trait5","mrMLM","NsiI.TP245903","4","50112731","2.275e-05","0.005","A"
"4","Trait5","mrMLM","PstI.TP1269743","4","50113990","-0.042","0.2884","C"
"4","Trait5","mrMLM","NsiI.TP427762","4","50118560","-1.8722e-07","4.0748e-05","A"
"4","Trait5","mrMLM","PstI.TP748785","4","50119001","8.4937e-06","0.0019","A"
"4","Trait5","mrMLM","PstI.TP299340","4","50252276","3.845e-06","8e-04","A"
"4","Trait5","mrMLM","NsiI.TP77318","4","50254697","-2.7643e-06","6e-04","A"
"4","Trait5","mrMLM","NsiI.TP412067","4","50327763","-1.1121e-05","0.0024","A"
"4","Trait5","mrMLM","NsiI.TP477424","4","50327964","1.146e-05","0.0025","A"
"4","Trait5","mrMLM","NsiI.TP13066","4","50511117","-0.0576","0.3512","C"
"4","Trait5","mrMLM","NsiI.TP125439","4","50516044","-3.8274e-06","8e-04","A"
"4","Trait5","mrMLM","PstI.TP365959","4","50569786","-0.071","0.5472","C"
"4","Trait5","mrMLM","NsiI.TP634743","4","50670050","4.9921e-06","0.0011","C"
"4","Trait5","mrMLM","NsiI.TP481272","4","50672323","-1.4367e-05","0.0031","C"
"4","Trait5","mrMLM","PstI.TP705712","4","50769897","-0.0554","0.2973","C"
"4","Trait5","mrMLM","PstI.TP411131","4","50796187","-1.5507e-05","0.0034","A"
"4","Trait5","mrMLM","GFSSContig18484_975","4","50798293","-0.0409","0.2037","T"
"4","Trait5","mrMLM","PstI.TP806204","4","50917548","6.5382e-06","0.0014","A"
"4","Trait5","mrMLM","NsiI.TP497377","4","50966704","7.4788e-06","0.0016","C"
"4","Trait5","mrMLM","NsiI.TP378250","4","50966772","-0.1039","0.4165","A"
"4","Trait5","mrMLM","NsiI.TP536725","4","50982107","-2.4518e-05","0.0054","C"
"4","Trait5","mrMLM","PstI.TP1097424","4","51077609","7.1098e-06","0.0016","C"
"4","Trait5","mrMLM","NsiI.TP566474","4","51081160","0.1354","1.7833","A"
"4","Trait5","mrMLM","PstI.TP1242812","4","51104367","-1.7321e-05","0.0038","A"
"4","Trait5","mrMLM","PstI.TP1010525","4","51111345","-0.0169","0.1429","A"
"4","Trait5","mrMLM","NsiI.TP555814","4","51117245","1.0061e-05","0.0022","G"
"4","Trait5","mrMLM","PstI.TP852023","4","51121423","0.2845","2.3525","C"
"4","Trait5","mrMLM","PstI.TP112091","4","51152855","0.0027","0.0681","C"
"4","Trait5","mrMLM","NsiI.TP165212","4","51172902","6.4955e-06","0.0014","A"
"4","Trait5","mrMLM","NsiI.TP165213","4","51172928","-4.8448e-06","0.0011","A"
"4","Trait5","mrMLM","NsiI.TP435919","4","51192809","4.349e-05","0.0096","C"
"4","Trait5","mrMLM","PstI.TP343186","4","51207966","-7.3155e-06","0.0016","A"
"4","Trait5","mrMLM","PstI.TP802133","4","51215387","2.64e-08","5.746e-06","A"
"4","Trait5","mrMLM","PstI.TP802170","4","51215407","7.6874e-06","0.0017","C"
"4","Trait5","mrMLM","PstI.TP193499","4","51228237","0.1056","0.5136","C"
"4","Trait5","mrMLM","PstI.TP940948","4","51244722","0.099","0.8496","C"
"4","Trait5","mrMLM","PstI.TP186284","4","51270491","-3.1285e-05","0.0069","A"
"4","Trait5","mrMLM","NsiI.TP510788","4","51309466","-2.5563e-05","0.0056","A"
"4","Trait5","mrMLM","PstI.TP1070447","4","51373922","1.3585e-06","3e-04","G"
"4","Trait5","mrMLM","PstI.TP348903","4","51423533","-3.3396e-05","0.0073","C"
"4","Trait5","mrMLM","PstI.TP258000","4","51424322","-0.0768","0.6114","C"
"4","Trait5","mrMLM","NsiI.TP653848","4","51429984","1.0004e-05","0.0022","A"
"4","Trait5","mrMLM","PstI.TP453257","4","51431216","-0.1841","0.558","G"
"4","Trait5","mrMLM","PstI.TP1165594","4","51435097","-9.6717e-06","0.0021","C"
"4","Trait5","mrMLM","NsiI.TP744805","4","51441275","5.795e-06","0.0013","C"
"4","Trait5","mrMLM","PstI.TP264541","4","51454302","-5.8156e-06","0.0013","A"
"4","Trait5","mrMLM","NsiI.TP487552","4","51467824","0.0833","0.4529","C"
"4","Trait5","mrMLM","PstI.TP68012","4","51475577","-3.8569e-07","8.3954e-05","A"
"4","Trait5","mrMLM","PstI.TP824743","4","51495892","1.2621e-05","0.0028","C"
"4","Trait5","mrMLM","PstI.TP1064467","4","51514364","0.0049","0.107","C"
"4","Trait5","mrMLM","PstI.TP683573","4","51515338","0.1297","0.8149","A"
"4","Trait5","mrMLM","PstI.TP313639","4","51533595","-6.1818e-06","0.0013","A"
"4","Trait5","mrMLM","NsiI.TP568456","4","51585680","0.0811","0.9216","C"
"4","Trait5","mrMLM","PstI.TP24804","4","51590266","-0.2613","2.0885","G"
"4","Trait5","mrMLM","PstI.TP718411","4","51590334","-0.1893","0.942","G"
"4","Trait5","mrMLM","PstI.TP114846","4","51608962","-2.0508e-05","0.0045","G"
"4","Trait5","mrMLM","NsiI.TP298862","4","51651085","9.0347e-06","0.002","C"
"4","Trait5","mrMLM","PstI.TP157346","4","51651443","4.724e-07","1e-04","C"
"4","Trait5","mrMLM","NsiI.TP641187","4","51655402","-1.5762e-05","0.0034","C"
"4","Trait5","mrMLM","PstI.TP1004265","4","51656140","-0.1202","0.8818","A"
"4","Trait5","mrMLM","PstI.TP801959","4","51656199","0.0261","0.2075","C"
"4","Trait5","mrMLM","PstI.TP549664","4","51714036","-8.8817e-06","0.0019","C"
"4","Trait5","mrMLM","PstI.TP349355","4","51739537","-0.1791","1.3609","A"
"4","Trait5","mrMLM","NsiI.TP211613","4","51742137","0.0123","0.0983","A"
"4","Trait5","mrMLM","PstI.TP1131201","4","51779943","-2.6725e-06","6e-04","A"
"4","Trait5","mrMLM","NsiI.TP348593","4","51813277","0.0217","0.2517","A"
"4","Trait5","mrMLM","PstI.TP183270","4","51849104","-6.9778e-06","0.0015","C"
"4","Trait5","mrMLM","PstI.TP529540","4","51912921","-1.3571e-05","0.003","C"
"4","Trait5","mrMLM","PstI.TP1248818","4","51912991","-0.0507","0.6993","A"
"4","Trait5","mrMLM","NsiI.TP351614","4","51915777","6.5164e-06","0.0014","C"
"4","Trait5","mrMLM","NsiI.TP283254","4","51916229","0.0347","0.376","A"
"4","Trait5","mrMLM","PstI.TP738277","4","51919117","0.0247","0.3233","C"
"4","Trait5","mrMLM","PstI.TP1133379","4","51922694","-3.1751e-06","7e-04","A"
"4","Trait5","mrMLM","NsiI.TP125425","4","51923859","-0.0747","0.8841","A"
"4","Trait5","mrMLM","NsiI.TP149269","4","51951868","-2.9536e-05","0.0065","A"
"4","Trait5","mrMLM","PstI.TP712933","4","51959766","-9.6178e-06","0.0021","A"
"4","Trait5","mrMLM","PstI.TP253849","4","51966861","-0.1441","1.1684","C"
"4","Trait5","mrMLM","PstI.TP534958","4","51967347","0.0346","0.3356","G"
"4","Trait5","mrMLM","PstI.TP1284384","4","51973695","-2.5538e-05","0.0056","C"
"4","Trait5","mrMLM","NsiI.TP172767","4","51980537","3.0706e-05","0.0067","A"
"4","Trait5","mrMLM","NsiI.TP213961","4","52007715","2.1109e-05","0.0046","A"
"4","Trait5","mrMLM","PstI.TP486220","4","52088795","9.4436e-06","0.0021","A"
"4","Trait5","mrMLM","NsiI.TP754585","4","52092240","1.3198e-05","0.0029","A"
"4","Trait5","mrMLM","NsiI.TP470206","4","52133121","0.0264","0.326","A"
"4","Trait5","mrMLM","NsiI.TP799120","4","52139636","-0.0396","0.2962","A"
"4","Trait5","mrMLM","NsiI.TP443125","4","52156961","3.3315e-05","0.0073","C"
"4","Trait5","mrMLM","PstI.TP1278246","4","52239505","-0.1101","0.4705","C"
"4","Trait5","mrMLM","PstI.TP853588","4","52241476","0.1372","0.3971","C"
"4","Trait5","mrMLM","NsiI.TP587023","4","52287799","6.3589e-06","0.0014","G"
"4","Trait5","mrMLM","PstI.TP339319","4","52332747","0.3764","1.7594","A"
"4","Trait5","mrMLM","NsiI.TP412502","4","52349074","-0.1715","1.4266","C"
"4","Trait5","mrMLM","PstI.TP831969","4","52358433","-1.0353e-05","0.0023","A"
"4","Trait5","mrMLM","NsiI.TP499370","4","52358612","6.0577e-06","0.0013","A"
"4","Trait5","mrMLM","PstI.TP949990","4","52404605","-1.8242e-05","0.004","C"
"4","Trait5","mrMLM","PstI.TP248582","4","52409374","0.062","0.6816","A"
"4","Trait5","mrMLM","PstI.TP175667","4","52410299","0.1225","0.8347","A"
"4","Trait5","mrMLM","NsiI.TP503329","4","52418045","-8.9709e-07","2e-04","A"
"4","Trait5","mrMLM","PstI.TP492170","4","52421551","1.2049e-05","0.0026","A"
"4","Trait5","mrMLM","PstI.TP1148759","4","52423453","1.7677e-06","4e-04","A"
"4","Trait5","mrMLM","NsiI.TP574675","4","52424685","0.0971","0.6979","G"
"4","Trait5","mrMLM","PstI.TP845494","4","52425318","3.7021e-07","8.0578e-05","A"
"4","Trait5","mrMLM","PstI.TP1036129","4","52433390","-0.0909","0.6497","G"
"4","Trait5","mrMLM","PstI.TP965479","4","52472251","-0.1082","1.1285","A"
"4","Trait5","mrMLM","PstI.TP1197361","4","52473553","-0.1414","0.7536","A"
"4","Trait5","mrMLM","PstI.TP1261275","4","52583838","-3.3659e-06","7e-04","A"
"4","Trait5","mrMLM","NsiI.TP110486","4","52625759","0.0438","0.4268","A"
"4","Trait5","mrMLM","PstI.TP36018","4","52630073","5.8186e-06","0.0013","A"
"4","Trait5","mrMLM","NsiI.TP388811","4","52645190","-3.1114e-05","0.0068","A"
"4","Trait5","mrMLM","PstI.TP244021","4","52647780","0.0641","0.6504","A"
"4","Trait5","mrMLM","PstI.TP786333","4","52701234","-1.5504e-05","0.0034","G"
"4","Trait5","mrMLM","PstI.TP139731","4","52706534","8.1663e-06","0.0018","A"
"4","Trait5","mrMLM","PstI.TP993409","4","52708520","-9.4538e-06","0.0021","C"
"4","Trait5","mrMLM","PstI.TP470432","4","52709206","-0.169","0.6349","A"
"4","Trait5","mrMLM","NsiI.TP338590","4","52709492","9.6127e-06","0.0021","C"
"4","Trait5","mrMLM","PstI.TP208913","4","52776627","-0.0346","0.3769","C"
"4","Trait5","mrMLM","PstI.TP978417","4","52815794","9.8074e-07","2e-04","A"
"4","Trait5","mrMLM","PstI.TP418823","4","52874753","8.3087e-07","2e-04","C"
"4","Trait5","mrMLM","PstI.TP1260649","4","52875541","6.2089e-06","0.0014","C"
"4","Trait5","mrMLM","NsiI.TP344696","4","52876283","7.2078e-06","0.0016","A"
"4","Trait5","mrMLM","PstI.TP629590","4","52879245","2.2134e-05","0.0048","A"
"4","Trait5","mrMLM","NsiI.TP407173","4","52879944","1.3074e-05","0.0029","C"
"4","Trait5","mrMLM","NsiI.TP485929","4","52927802","3.6487e-05","0.008","A"
"4","Trait5","mrMLM","NsiI.TP589563","4","52932175","4.7335e-06","0.001","C"
"4","Trait5","mrMLM","NsiI.TP635932","4","52941463","1.6684e-05","0.0036","G"
"4","Trait5","mrMLM","PstI.TP1211792","4","52941499","-0.0544","0.4446","A"
"4","Trait5","mrMLM","PstI.TP187643","4","52943944","-0.1632","1.5182","C"
"4","Trait5","mrMLM","NsiI.TP341648","4","52954085","-9.3166e-06","0.002","G"
"4","Trait5","mrMLM","NsiI.TP821634","4","52966946","-1.0432e-05","0.0023","C"
"4","Trait5","mrMLM","PstI.TP24110","4","52990968","-1.9432e-05","0.0042","A"
"4","Trait5","mrMLM","NsiI.TP438956","4","53041908","-7.1451e-06","0.0016","G"
"4","Trait5","mrMLM","NsiI.TP362006","4","53046565","-0.1451","0.6755","G"
"4","Trait5","mrMLM","PstI.TP918645","4","53049022","2.2712e-05","0.005","G"
"4","Trait5","mrMLM","NsiI.TP794756","4","53049429","1.0124e-05","0.0022","A"
"4","Trait5","mrMLM","NsiI.TP113107","4","53058647","3.7628e-06","8e-04","A"
"4","Trait5","mrMLM","NsiI.TP324695","4","53060137","-2.1826e-05","0.0048","C"
"4","Trait5","mrMLM","PstI.TP982477","4","53079952","-1.6146e-07","3.5138e-05","C"
"4","Trait5","mrMLM","PstI.TP1094441","4","53080201","-1.7379e-05","0.0038","C"
"4","Trait5","mrMLM","NsiI.TP800522","4","53081363","-0.1616","0.7628","A"
"4","Trait5","mrMLM","NsiI.TP672","4","53084075","-3.723e-06","8e-04","A"
"4","Trait5","mrMLM","PstI.TP222317","4","53112242","-0.0785","0.9059","A"
"4","Trait5","mrMLM","NsiI.TP134728","4","53153983","-1.7335e-05","0.0038","A"
"4","Trait5","mrMLM","GFSSContig19061_572","4","53216116","2.2562e-05","0.0049","C"
"4","Trait5","mrMLM","PstI.TP12358","4","53221076","-1.9165e-05","0.0042","A"
"4","Trait5","mrMLM","NsiI.TP71134","4","53235715","-2.5103e-05","0.0055","A"
"4","Trait5","mrMLM","PstI.TP414824","4","53239247","1.3062e-05","0.0029","G"
"4","Trait5","mrMLM","NsiI.TP308895","4","53256231","2.9405e-05","0.0064","A"
"4","Trait5","mrMLM","PstI.TP1045651","4","53258401","-1.2432e-05","0.0027","A"
"4","Trait5","mrMLM","NsiI.TP179280","4","53278030","-1.0157e-05","0.0022","C"
"4","Trait5","mrMLM","PstI.TP332839","4","53286029","1.5195e-05","0.0033","A"
"4","Trait5","mrMLM","PstI.TP282518","4","53315539","-0.1296","0.8049","C"
"4","Trait5","mrMLM","PstI.TP637947","4","53318565","-2.2172e-06","5e-04","A"
"4","Trait5","mrMLM","NsiI.TP510742","4","53319802","0.0955","0.8443","C"
"4","Trait5","mrMLM","NsiI.TP426339","4","53336949","5.3723e-06","0.0012","C"
"4","Trait5","mrMLM","PstI.TP1135965","4","53376085","1.2553e-05","0.0027","A"
"4","Trait5","mrMLM","PstI.TP643305","4","53381612","-1.9618e-05","0.0043","A"
"4","Trait5","mrMLM","NsiI.TP752819","4","53384492","1.2249e-05","0.0027","A"
"4","Trait5","mrMLM","GFSSContig7525_157","4","53538697","9.7067e-06","0.0021","A"
"4","Trait5","mrMLM","PstI.TP664261","4","53614493","-1.9528e-06","4e-04","C"
"4","Trait5","mrMLM","NsiI.TP3008","4","53631292","-1.2382e-05","0.0027","A"
"4","Trait5","mrMLM","NsiI.TP412850","4","53649638","4.6369e-06","0.001","C"
"4","Trait5","mrMLM","NsiI.TP625960","4","53651156","4.2748e-06","9e-04","C"
"4","Trait5","mrMLM","NsiI.TP312081","4","53667684","-2.5878e-05","0.0057","C"
"4","Trait5","mrMLM","NsiI.TP525580","4","53732679","-1.476e-05","0.0032","A"
"4","Trait5","mrMLM","PstI.TP212989","4","53734894","-7.7988e-06","0.0017","G"
"4","Trait5","mrMLM","NsiI.TP251873","4","53735546","-1.4094e-05","0.0031","C"
"4","Trait5","mrMLM","PstI.TP983713","4","53739075","4.9017e-06","0.0011","A"
"4","Trait5","mrMLM","NsiI.TP388861","4","53760575","3.5495e-05","0.0078","A"
"4","Trait5","mrMLM","PstI.TP12056","4","53765578","8.0621e-06","0.0018","A"
"4","Trait5","mrMLM","PstI.TP283482","4","53765906","-6.657e-06","0.0015","A"
"4","Trait5","mrMLM","PstI.TP854535","4","53779010","5.4845e-06","0.0012","A"
"4","Trait5","mrMLM","PstI.TP30575","4","53784300","8.4201e-06","0.0018","A"
"4","Trait5","mrMLM","PstI.TP1065771","4","53786884","-1.876e-05","0.0041","A"
"4","Trait5","mrMLM","NsiI.TP773756","4","53789013","0.0192","0.139","C"
"4","Trait5","mrMLM","NsiI.TP411261","4","53789060","7.3792e-06","0.0016","C"
"4","Trait5","mrMLM","PstI.TP852425","4","53801587","7.7472e-07","2e-04","A"
"4","Trait5","mrMLM","PstI.TP758217","4","53816542","0.0287","0.3427","C"
"4","Trait5","mrMLM","NsiI.TP442164","4","53817049","0.1375","0.436","G"
"4","Trait5","mrMLM","PstI.TP321647","4","53852701","0.0231","0.15","A"
"4","Trait5","mrMLM","PstI.TP4546","4","53857017","2.5099e-05","0.0055","A"
"4","Trait5","mrMLM","PstI.TP539355","4","53869628","0.1523","0.6322","A"
"4","Trait5","mrMLM","PstI.TP478290","4","53890123","2.1068e-05","0.0046","C"
"4","Trait5","mrMLM","PstI.TP121503","4","53891622","-0.1952","1.0144","A"
"4","Trait5","mrMLM","PstI.TP988008","4","53910327","-1.8091e-05","0.004","A"
"4","Trait5","mrMLM","NsiI.TP356904","4","53921144","2.2854e-05","0.005","C"
"4","Trait5","mrMLM","PstI.TP521834","4","53924496","0.0105","0.1338","G"
"4","Trait5","mrMLM","PstI.TP1068462","4","53925785","2.4885e-05","0.0054","C"
"4","Trait5","mrMLM","PstI.TP65504","4","53926304","-9.7864e-06","0.0021","A"
"4","Trait5","mrMLM","NsiI.TP88838","4","53926304","1.5159e-05","0.0033","C"
"4","Trait5","mrMLM","NsiI.TP656364","4","53975459","3.6149e-05","0.0079","A"
"4","Trait5","mrMLM","NsiI.TP266817","4","54015019","-0.0636","0.5756","A"
"4","Trait5","mrMLM","PstI.TP397988","4","54041708","-0.0136","0.1749","A"
"4","Trait5","mrMLM","PstI.TP827038","4","54042262","-0.1189","0.4756","A"
"4","Trait5","mrMLM","PstI.TP1166700","4","54042535","-7.1831e-06","0.0016","C"
"4","Trait5","mrMLM","PstI.TP163763","4","54075916","2.963e-06","6e-04","C"
"4","Trait5","mrMLM","NsiI.TP153146","4","54084605","-3.3165e-06","7e-04","C"
"4","Trait5","mrMLM","NsiI.TP136638","4","54093457","2.2538e-06","5e-04","A"
"4","Trait5","mrMLM","NsiI.TP587937","4","54101000","-5.6327e-06","0.0012","C"
"4","Trait5","mrMLM","NsiI.TP291856","4","54111681","0.0688","0.2926","A"
"4","Trait5","mrMLM","NsiI.TP533453","4","54189630","-0.1264","0.9292","A"
"4","Trait5","mrMLM","NsiI.TP418285","4","54194966","-0.0568","0.6589","A"
"4","Trait5","mrMLM","PstI.TP26232","4","54197890","-0.0845","0.6721","G"
"4","Trait5","mrMLM","NsiI.TP459541","4","54209493","-6.1729e-07","1e-04","A"
"4","Trait5","mrMLM","PstI.TP50261","4","54312494","0.0159","0.1994","C"
"4","Trait5","mrMLM","PstI.TP1291249","4","54350182","-0.0948","0.8748","C"
"4","Trait5","mrMLM","PstI.TP279630","4","54350227","1.5829e-05","0.0035","A"
"4","Trait5","mrMLM","NsiI.TP673957","4","54354320","0.1705","1.1558","A"
"4","Trait5","mrMLM","PstI.TP547059","4","54363094","2.4041e-06","5e-04","A"
"4","Trait5","mrMLM","PstI.TP1119155","4","54364765","-1.8155e-05","0.004","A"
"4","Trait5","mrMLM","PstI.TP1287189","4","54422890","-0.0627","0.4848","G"
"4","Trait5","mrMLM","GFSSContig10781_370","4","54423680","-4.1959e-06","9e-04","A"
"4","Trait5","mrMLM","NsiI.TP545458","4","54424654","0.3501","1.7825","A"
"4","Trait5","mrMLM","NsiI.TP24716","4","54439315","-0.0352","0.2458","G"
"4","Trait5","mrMLM","PstI.TP804706","4","54445856","8.2405e-06","0.0018","G"
"4","Trait5","mrMLM","PstI.TP989059","4","54451954","-1.0635e-05","0.0023","A"
"4","Trait5","mrMLM","PstI.TP901989","4","54463784","-0.03","0.229","C"
"4","Trait5","mrMLM","NsiI.TP62383","4","54490647","-2.1166e-05","0.0046","A"
"4","Trait5","mrMLM","PstI.TP521327","4","54492451","1.1552e-05","0.0025","A"
"4","Trait5","mrMLM","PstI.TP385432","4","54494375","-0.0309","0.2733","C"
"4","Trait5","mrMLM","PstI.TP185395","4","54512209","-1.0453e-05","0.0023","A"
"4","Trait5","mrMLM","NsiI.TP59931","4","54523789","-2.437e-07","5.3048e-05","C"
"4","Trait5","mrMLM","PstI.TP1078082","4","54527792","7.0483e-08","1.5344e-05","C"
"4","Trait5","mrMLM","NsiI.TP407755","4","54528290","2.4413e-05","0.0053","A"
"4","Trait5","mrMLM","NsiI.TP580707","4","54531341","0.3144","1.0025","C"
"4","Trait5","mrMLM","PstI.TP626100","4","54531804","-0.0361","0.4214","A"
"4","Trait5","mrMLM","NsiI.TP208434","4","54533329","3.8668e-05","0.0085","A"
"4","Trait5","mrMLM","NsiI.TP694236","4","54534121","-6.9412e-06","0.0015","A"
"4","Trait5","mrMLM","PstI.TP402694","4","54538389","-2.2206e-05","0.0049","A"
"4","Trait5","mrMLM","NsiI.TP409219","4","54558752","1.1027e-05","0.0024","A"
"4","Trait5","mrMLM","NsiI.TP202440","4","54558796","1.3262e-05","0.0029","A"
"4","Trait5","mrMLM","NsiI.TP719737","4","54591602","-1.6902e-05","0.0037","C"
"4","Trait5","mrMLM","NsiI.TP204537","4","54614608","-1.9268e-06","4e-04","C"
"4","Trait5","mrMLM","PstI.TP777730","4","54650938","1.39e-05","0.003","A"
"4","Trait5","mrMLM","NsiI.TP630442","4","54684529","-7.2834e-06","0.0016","G"
"4","Trait5","mrMLM","NsiI.TP237940","4","54719275","-7.1607e-06","0.0016","C"
"4","Trait5","mrMLM","PstI.TP318872","4","54744673","0.0197","0.26","A"
"4","Trait5","mrMLM","PstI.TP310601","4","54744696","6.3291e-06","0.0014","A"
"4","Trait5","mrMLM","NsiI.TP127922","4","54754163","2.6455e-07","5.7588e-05","C"
"4","Trait5","mrMLM","NsiI.TP442640","4","54754468","-0.0235","0.2956","G"
"4","Trait5","mrMLM","PstI.TP166433","4","54754497","-2.1612e-05","0.0047","G"
"4","Trait5","mrMLM","PstI.TP628745","4","54755272","1.8246e-05","0.004","C"
"4","Trait5","mrMLM","PstI.TP26965","4","54759684","-1.033e-05","0.0023","A"
"4","Trait5","mrMLM","PstI.TP27002","4","54759695","1.1895e-05","0.0026","G"
"4","Trait5","mrMLM","PstI.TP751813","4","54760723","0.0089","0.1344","A"
"4","Trait5","mrMLM","PstI.TP40183","4","54789393","-4.0499e-06","9e-04","A"
"4","Trait5","mrMLM","NsiI.TP217847","4","54804621","1.2901e-05","0.0028","C"
"4","Trait5","mrMLM","NsiI.TP403906","4","54810023","-6.6748e-06","0.0015","A"
"4","Trait5","mrMLM","PstI.TP1040729","4","54844080","0.1239","1.2781","A"
"4","Trait5","mrMLM","NsiI.TP395143","4","54866305","1.2182e-06","3e-04","C"
"4","Trait5","mrMLM","NsiI.TP597273","4","54884967","3.5141e-05","0.0077","A"
"4","Trait5","mrMLM","PstI.TP1226806","4","54902573","1.3851e-05","0.003","C"
"4","Trait5","mrMLM","NsiI.TP324593","4","54954569","4.1165e-06","9e-04","C"
"4","Trait5","mrMLM","PstI.TP40093","4","55013388","-2.5632e-05","0.0056","C"
"4","Trait5","mrMLM","PstI.TP40101","4","55013427","2.911e-06","6e-04","C"
"4","Trait5","mrMLM","NsiI.TP813337","4","55039972","1.3823e-05","0.003","A"
"4","Trait5","mrMLM","PstI.TP604906","4","55054625","-0.1565","1.2276","C"
"4","Trait5","mrMLM","PstI.TP780370","4","55054662","8.8057e-06","0.0019","A"
"4","Trait5","mrMLM","PstI.TP372007","4","55074516","2.7276e-06","6e-04","A"
"4","Trait5","mrMLM","PstI.TP775097","4","55076823","-1.682e-05","0.0037","C"
"4","Trait5","mrMLM","GFSSContig16978_83","4","55080043","0.1166","0.7546","T"
"4","Trait5","mrMLM","PstI.TP758451","4","55085325","-0.041","0.4763","C"
"4","Trait5","mrMLM","PstI.TP1037118","4","55087787","-8.0988e-06","0.0018","A"
"4","Trait5","mrMLM","NsiI.TP750468","4","55101918","-2.0831e-05","0.0046","A"
"4","Trait5","mrMLM","NsiI.TP424175","4","55105534","-6.6703e-06","0.0015","C"
"4","Trait5","mrMLM","PstI.TP1127790","4","55131412","-1.9893e-05","0.0044","C"
"4","Trait5","mrMLM","NsiI.TP386956","4","55174516","2.9967e-07","6.5228e-05","A"
"4","Trait5","mrMLM","NsiI.TP17176","4","55259103","1.0935e-05","0.0024","C"
"4","Trait5","mrMLM","NsiI.TP112317","4","55262593","0.0419","0.4017","A"
"4","Trait5","mrMLM","PstI.TP514943","4","55295093","-9.44e-06","0.0021","C"
"4","Trait5","mrMLM","NsiI.TP206420","4","55297776","0.0627","0.3196","G"
"4","Trait5","mrMLM","NsiI.TP217924","4","55298870","1.1754e-06","3e-04","C"
"4","Trait5","mrMLM","NsiI.TP392502","4","55307417","-3.25e-05","0.0071","C"
"4","Trait5","mrMLM","PstI.TP503153","4","55308637","-1.1723e-05","0.0026","A"
"4","Trait5","mrMLM","PstI.TP927411","4","55321457","-0.1632","0.9213","A"
"4","Trait5","mrMLM","NsiI.TP591747","4","55411050","-0.1177","0.6156","A"
"4","Trait5","mrMLM","PstI.TP1022401","4","55466707","-3.4639e-06","8e-04","A"
"4","Trait5","mrMLM","PstI.TP1011973","4","55469393","-0.034","0.2476","G"
"4","Trait5","mrMLM","GFSSContig19043","4","55469831","0.127","0.5213","A"
"4","Trait5","mrMLM","PstI.TP401135","4","55470390","1.5445e-06","3e-04","C"
"4","Trait5","mrMLM","NsiI.TP588670","4","55483421","0.1551","0.7444","A"
"4","Trait5","mrMLM","NsiI.TP650437","4","55508870","8.6404e-06","0.0019","C"
"4","Trait5","mrMLM","PstI.TP1150046","4","55510631","0.1198","1.1865","A"
"4","Trait5","mrMLM","NsiI.TP296271","4","55524370","6.6343e-06","0.0014","C"
"4","Trait5","mrMLM","PstI.TP121918","4","55525353","1.9568e-05","0.0043","A"
"4","Trait5","mrMLM","PstI.TP407752","4","55527280","1.5794e-05","0.0035","A"
"4","Trait5","mrMLM","NsiI.TP608930","4","55551213","-0.0476","0.3954","C"
"4","Trait5","mrMLM","NsiI.TP566965","4","55551277","-7.237e-07","2e-04","C"
"4","Trait5","mrMLM","NsiI.TP624540","4","55565785","2.189e-05","0.0048","A"
"4","Trait5","mrMLM","NsiI.TP113283","4","55572326","-1.2776e-05","0.0028","C"
"4","Trait5","mrMLM","PstI.TP133743","4","55575218","0.0835","0.5092","C"
"4","Trait5","mrMLM","PstI.TP698016","4","55582726","0.0228","0.2849","A"
"4","Trait5","mrMLM","PstI.TP89038","4","55585143","1.8623e-05","0.0041","A"
"4","Trait5","mrMLM","NsiI.TP200649","4","55598688","2.4632e-05","0.0054","A"
"4","Trait5","mrMLM","PstI.TP107082","4","55600630","0.0248","0.3509","A"
"4","Trait5","mrMLM","PstI.TP857726","4","55633086","5.1507e-06","0.0011","C"
"4","Trait5","mrMLM","NsiI.TP57615","4","55639401","1.7747e-05","0.0039","C"
"4","Trait5","mrMLM","PstI.TP418472","4","55643598","-1.6033e-05","0.0035","A"
"4","Trait5","mrMLM","PstI.TP802412","4","55643788","-0.0163","0.1582","A"
"4","Trait5","mrMLM","PstI.TP939643","4","55645936","1.0387e-06","2e-04","A"
"4","Trait5","mrMLM","PstI.TP660995","4","55647037","7.9358e-06","0.0017","A"
"4","Trait5","mrMLM","PstI.TP602657","4","55651202","-4.1039e-06","9e-04","C"
"4","Trait5","mrMLM","PstI.TP602651","4","55651212","-8.6698e-07","2e-04","A"
"4","Trait5","mrMLM","PstI.TP678405","4","55658378","1.0715e-05","0.0023","C"
"4","Trait5","mrMLM","PstI.TP203169","4","55660397","-5.8373e-06","0.0013","A"
"4","Trait5","mrMLM","PstI.TP707030","4","55665489","2.5304e-05","0.0055","A"
"4","Trait5","mrMLM","PstI.TP178862","4","55666948","0.2369","1.324","A"
"4","Trait5","mrMLM","PstI.TP290288","4","55674649","-1.9763e-05","0.0043","C"
"4","Trait5","mrMLM","PstI.TP1253111","4","55679808","3.6975e-07","8.0472e-05","C"
"4","Trait5","mrMLM","PstI.TP875578","4","55697620","-3.6998e-05","0.0081","A"
"4","Trait5","mrMLM","PstI.TP708511","4","55697742","0.0086","0.1418","C"
"4","Trait5","mrMLM","PstI.TP821899","4","55702019","-1.4799e-05","0.0032","A"
"4","Trait5","mrMLM","NsiI.TP466323","4","55723833","9.5305e-06","0.0021","C"
"4","Trait5","mrMLM","PstI.TP757342","4","55744110","1.7536e-05","0.0038","C"
"4","Trait5","mrMLM","PstI.TP1173954","4","55755095","-0.0504","0.5653","G"
"4","Trait5","mrMLM","PstI.TP705428","4","55764125","-0.0837","0.3491","C"
"4","Trait5","mrMLM","PstI.TP982503","4","55764847","-0.0814","0.4965","C"
"4","Trait5","mrMLM","PstI.TP187778","4","55772813","0.0548","0.4043","A"
"4","Trait5","mrMLM","PstI.TP109564","4","55773938","-1.5149e-05","0.0033","C"
"4","Trait5","mrMLM","PstI.TP108360","4","55774145","-2.7782e-05","0.0061","C"
"4","Trait5","mrMLM","NsiI.TP521175","4","55787564","6.5236e-06","0.0014","A"
"4","Trait5","mrMLM","PstI.TP813352","4","55845291","-0.0809","0.298","C"
"4","Trait5","mrMLM","PstI.TP625384","4","55852841","0.0175","0.213","A"
"4","Trait5","mrMLM","PstI.TP625381","4","55852860","-3.9056e-05","0.0086","G"
"4","Trait5","mrMLM","PstI.TP182752","4","55853968","-0.0655","0.4269","A"
"4","Trait5","mrMLM","PstI.TP13949","4","55862152","0.0014","0.0475","A"
"4","Trait5","mrMLM","NsiI.TP217643","4","55878743","-5.5735e-06","0.0012","A"
"4","Trait5","mrMLM","PstI.TP1083079","4","55888724","-1.4871e-07","3.2363e-05","A"
"4","Trait5","mrMLM","NsiI.TP237950","4","55919595","-0.022","0.3228","A"
"4","Trait5","mrMLM","PstI.TP1125751","4","55945964","-0.1331","0.8048","A"
"4","Trait5","mrMLM","NsiI.TP204816","4","55963666","0.0346","0.4633","A"
"4","Trait5","mrMLM","NsiI.TP554609","4","56082851","3.118e-06","7e-04","A"
"4","Trait5","mrMLM","NsiI.TP99994","4","56086231","-0.0645","0.4856","A"
"4","Trait5","mrMLM","NsiI.TP732849","4","56102329","-1.3396e-05","0.0029","A"
"4","Trait5","mrMLM","NsiI.TP198067","4","56102584","0.0726","0.6057","C"
"4","Trait5","mrMLM","NsiI.TP810754","4","56124520","-1.8254e-06","4e-04","C"
"4","Trait5","mrMLM","NsiI.TP416600","4","56131191","4.446e-05","0.0098","C"
"4","Trait5","mrMLM","PstI.TP1179806","4","56133595","2.3953e-05","0.0052","A"
"4","Trait5","mrMLM","PstI.TP1218307","4","56133612","-0.042","0.4014","A"
"4","Trait5","mrMLM","NsiI.TP470601","4","56135094","9.9024e-06","0.0022","G"
"4","Trait5","mrMLM","NsiI.TP691950","4","56141002","2.0329e-05","0.0044","A"
"4","Trait5","mrMLM","PstI.TP1175207","4","56142630","-6.5358e-07","1e-04","C"
"4","Trait5","mrMLM","PstI.TP1264968","4","56143169","0.0886","0.8564","A"
"4","Trait5","mrMLM","PstI.TP147765","4","56150442","-1.1224e-06","2e-04","C"
"4","Trait5","mrMLM","PstI.TP256442","4","56152747","2.7896e-05","0.0061","A"
"4","Trait5","mrMLM","NsiI.TP179124","4","56161726","-4.5263e-07","9.8506e-05","C"
"4","Trait5","mrMLM","NsiI.TP132618","4","56193856","8.6433e-06","0.0019","C"
"4","Trait5","mrMLM","PstI.TP464052","4","56200094","-0.0446","0.4525","C"
"4","Trait5","mrMLM","GFSSContig19730_2443","4","56302274","2.3441e-05","0.0051","T"
"4","Trait5","mrMLM","PstI.TP1243427","4","56369065","-8e-04","0.0419","G"
"4","Trait5","mrMLM","NsiI.TP550188","4","56371920","-1.0434e-05","0.0023","C"
"4","Trait5","mrMLM","NsiI.TP433986","4","56373599","-0.0505","0.3714","A"
"4","Trait5","mrMLM","NsiI.TP426915","4","56389145","0.1337","0.896","A"
"4","Trait5","mrMLM","NsiI.TP555561","4","56400621","-5.6302e-06","0.0012","C"
"4","Trait5","mrMLM","NsiI.TP379289","4","56401529","7.0561e-06","0.0015","A"
"4","Trait5","mrMLM","PstI.TP832300","4","56401593","-1.0015e-05","0.0022","C"
"4","Trait5","mrMLM","NsiI.TP234341","4","56427882","-1.4087e-06","3e-04","C"
"4","Trait5","mrMLM","PstI.TP840797","4","56428585","-0.0763","0.8394","A"
"4","Trait5","mrMLM","PstI.TP157958","4","56507042","-0.0413","0.4113","A"
"4","Trait5","mrMLM","PstI.TP1169832","4","56534152","0.0509","0.356","A"
"4","Trait5","mrMLM","NsiI.TP775348","4","56542069","0.0523","0.4893","C"
"4","Trait5","mrMLM","PstI.TP460173","4","56593478","-0.0811","0.5428","A"
"4","Trait5","mrMLM","PstI.TP856657","4","56609629","1.1087e-05","0.0024","A"
"4","Trait5","mrMLM","PstI.TP605026","4","56611049","0.0465","0.4002","A"
"4","Trait5","mrMLM","PstI.TP75445","4","56611410","2.8144e-06","6e-04","A"
"4","Trait5","mrMLM","PstI.TP186480","4","56626102","6.2061e-06","0.0014","A"
"4","Trait5","mrMLM","PstI.TP1018894","4","56669759","-8.2176e-06","0.0018","G"
"4","Trait5","mrMLM","PstI.TP1018975","4","56669759","-2.7596e-05","0.006","G"
"4","Trait5","mrMLM","PstI.TP1019073","4","56669759","1.9623e-05","0.0043","G"
"4","Trait5","mrMLM","PstI.TP1246441","4","56669780","-9.0408e-06","0.002","A"
"4","Trait5","mrMLM","PstI.TP1245422","4","56669797","0.0208","0.1849","A"
"4","Trait5","mrMLM","NsiI.TP180967","4","56671369","5.1501e-06","0.0011","C"
"4","Trait5","mrMLM","NsiI.TP434311","4","56687690","0.0119","0.1929","C"
"4","Trait5","mrMLM","NsiI.TP620299","4","56693404","0.161","0.5946","C"
"4","Trait5","mrMLM","PstI.TP950526","4","56694751","1.1333e-05","0.0025","A"
"4","Trait5","mrMLM","PstI.TP335471","4","56710032","6.1699e-06","0.0013","C"
"4","Trait5","mrMLM","NsiI.TP530838","4","56713302","0.2394","1.4218","C"
"4","Trait5","mrMLM","PstI.TP1222649","4","56726014","1.1997e-05","0.0026","C"
"4","Trait5","mrMLM","PstI.TP754044","4","56745945","4.1837e-06","9e-04","C"
"4","Trait5","mrMLM","NsiI.TP766387","4","56757009","-5.9996e-06","0.0013","C"
"4","Trait5","mrMLM","NsiI.TP777871","4","56773942","-0.145","0.8604","C"
"4","Trait5","mrMLM","NsiI.TP810765","4","56795945","8.1447e-06","0.0018","C"
"4","Trait5","mrMLM","NsiI.TP589249","4","56797515","-3.831e-06","8e-04","A"
"4","Trait5","mrMLM","PstI.TP80572","4","56807066","1.655e-05","0.0036","A"
"4","Trait5","mrMLM","PstI.TP80571","4","56807073","-0.1285","0.9137","A"
"4","Trait5","mrMLM","NsiI.TP108055","4","56826013","-1.3867e-05","0.003","A"
"4","Trait5","mrMLM","NsiI.TP515918","4","56841413","-2.6176e-05","0.0057","A"
"4","Trait5","mrMLM","PstI.TP809774","4","56844386","-0.0752","0.5182","C"
"4","Trait5","mrMLM","PstI.TP708002","4","56844475","0.0978","1.0297","A"
"4","Trait5","mrMLM","NsiI.TP333074","4","56847259","2.3054e-06","5e-04","A"
"4","Trait5","mrMLM","PstI.TP8024","4","56870656","3.3928e-06","7e-04","A"
"4","Trait5","mrMLM","NsiI.TP281265","4","56904318","7.3321e-06","0.0016","A"
"4","Trait5","mrMLM","NsiI.TP331423","4","56913396","-2.018e-05","0.0044","C"
"4","Trait5","mrMLM","NsiI.TP438747","4","56934691","-0.0448","0.5649","C"
"4","Trait5","mrMLM","PstI.TP159466","4","56954317","-3.342e-05","0.0073","A"
"4","Trait5","mrMLM","PstI.TP6513","4","56964095","0.0482","0.486","A"
"4","Trait5","mrMLM","NsiI.TP176730","4","56998426","-3.6997e-06","8e-04","A"
"4","Trait5","mrMLM","NsiI.TP206148","4","56998438","1.3727e-05","0.003","A"
"4","Trait5","mrMLM","NsiI.TP439687","4","57063788","-0.045","0.3343","A"
"4","Trait5","mrMLM","PstI.TP128515","4","57065304","-0.0865","0.38","A"
"4","Trait5","mrMLM","PstI.TP421127","4","57085377","-7.6386e-06","0.0017","C"
"4","Trait5","mrMLM","NsiI.TP759572","4","57095849","0.1602","0.8103","G"
"4","Trait5","mrMLM","PstI.TP661203","4","57100807","-0.0645","0.5788","A"
"4","Trait5","mrMLM","PstI.TP73198","4","57132612","3.1847e-05","0.007","A"
"4","Trait5","mrMLM","NsiI.TP503145","4","57153113","-0.0245","0.3525","A"
"4","Trait5","mrMLM","NsiI.TP71603","4","57156396","1.3882e-05","0.003","A"
"4","Trait5","mrMLM","PstI.TP641006","4","57157671","0.0065","0.1026","A"
"4","Trait5","mrMLM","PstI.TP858505","4","57158801","-2.9779e-06","6e-04","C"
"4","Trait5","mrMLM","PstI.TP137179","4","57159505","0.0018","0.0393","A"
"4","Trait5","mrMLM","PstI.TP572234","4","57174114","-1.5535e-05","0.0034","A"
"4","Trait5","mrMLM","NsiI.TP389841","4","57182535","-0.1646","1.4139","A"
"4","Trait5","mrMLM","NsiI.TP553449","4","57182560","1.6545e-05","0.0036","G"
"4","Trait5","mrMLM","PstI.TP818006","4","57188936","1.0061e-05","0.0022","A"
"4","Trait5","mrMLM","NsiI.TP175967","4","57203178","-2.9213e-05","0.0064","A"
"4","Trait5","mrMLM","NsiI.TP717913","4","57224161","0.1143","1.166","G"
"4","Trait5","mrMLM","NsiI.TP752454","4","57230163","0.1141","0.4732","C"
"4","Trait5","mrMLM","NsiI.TP615669","4","57235730","-0.0212","0.2478","C"
"4","Trait5","mrMLM","PstI.TP663261","4","57247758","-1.0911e-05","0.0024","C"
"4","Trait5","mrMLM","NsiI.TP100469","4","57248732","-0.0607","0.404","C"
"4","Trait5","mrMLM","PstI.TP41450","4","57358739","-0.0873","0.5689","A"
"4","Trait5","mrMLM","PstI.TP41452","4","57358774","1.0006e-05","0.0022","A"
"4","Trait5","mrMLM","PstI.TP121942","4","57360370","-0.1069","0.8212","C"
"4","Trait5","mrMLM","PstI.TP441794","4","57386478","-0.1846","1.0079","A"
"4","Trait5","mrMLM","NsiI.TP637476","4","57403726","-2.119e-05","0.0046","A"
"4","Trait5","mrMLM","NsiI.TP41461","4","57410522","1.0168e-05","0.0022","A"
"4","Trait5","mrMLM","PstI.TP807820","4","57467261","-0.1821","1.0127","G"
"4","Trait5","mrMLM","NsiI.TP113086","4","57482039","0.1277","0.8491","C"
"4","Trait5","mrMLM","PstI.TP122369","4","57517903","-8.4899e-07","2e-04","A"
"4","Trait5","mrMLM","PstI.TP150013","4","57517927","-5.8553e-06","0.0013","C"
"4","Trait5","mrMLM","NsiI.TP735602","4","57518876","-9.4328e-06","0.0021","C"
"4","Trait5","mrMLM","PstI.TP1225296","4","57521701","-6.8117e-06","0.0015","C"
"4","Trait5","mrMLM","PstI.TP213688","4","57521992","-0.0468","0.3292","C"
"4","Trait5","mrMLM","PstI.TP1019779","4","57524658","1.6429e-05","0.0036","C"
"4","Trait5","mrMLM","PstI.TP98675","4","57524900","-6.4503e-06","0.0014","C"
"4","Trait5","mrMLM","GFSSContig15964_682","4","57538403","3.5928e-05","0.0079","T"
"4","Trait5","mrMLM","NsiI.TP59983","4","57547883","1.7475e-05","0.0038","A"
"4","Trait5","mrMLM","PstI.TP1070026","4","57558817","-1.1469e-05","0.0025","A"
"4","Trait5","mrMLM","PstI.TP1211202","4","57572558","1.0284e-05","0.0022","C"
"4","Trait5","mrMLM","PstI.TP771187","4","57601178","-1.4478e-06","3e-04","A"
"4","Trait5","mrMLM","NsiI.TP447213","4","57609104","-8.6282e-06","0.0019","A"
"4","Trait5","mrMLM","NsiI.TP420372","4","57623143","-2.1825e-05","0.0048","A"
"4","Trait5","mrMLM","PstI.TP469343","4","57648841","1.0834e-05","0.0024","C"
"4","Trait5","mrMLM","NsiI.TP821316","4","57659865","-1.0343e-05","0.0023","C"
"4","Trait5","mrMLM","NsiI.TP360192","4","57666407","3.5252e-05","0.0077","C"
"4","Trait5","mrMLM","NsiI.TP360542","4","57671826","1.059e-05","0.0023","C"
"4","Trait5","mrMLM","NsiI.TP333586","4","57671856","1.6524e-05","0.0036","A"
"4","Trait5","mrMLM","NsiI.TP661404","4","57708595","-0.0041","0.0998","A"
"4","Trait5","mrMLM","NsiI.TP473787","4","57709868","1.062e-05","0.0023","C"
"4","Trait5","mrMLM","NsiI.TP475513","4","57709886","0.0091","0.105","C"
"4","Trait5","mrMLM","PstI.TP1179779","4","57733259","-8.0573e-06","0.0018","C"
"4","Trait5","mrMLM","GFSSContig12142_295","4","57734882","4.9067e-06","0.0011","A"
"4","Trait5","mrMLM","PstI.TP1199069","4","57736484","-4.8518e-06","0.0011","C"
"4","Trait5","mrMLM","NsiI.TP528737","4","57746048","-0.1614","0.9675","C"
"4","Trait5","mrMLM","PstI.TP894258","4","57750214","-2.0803e-05","0.0046","C"
"4","Trait5","mrMLM","PstI.TP527159","4","57766844","0.0325","0.4235","C"
"4","Trait5","mrMLM","PstI.TP998558","4","57766875","-1.9983e-05","0.0044","A"
"4","Trait5","mrMLM","PstI.TP998613","4","57808215","-1.1457e-05","0.0025","A"
"4","Trait5","mrMLM","PstI.TP310740","4","57809441","-0.1688","1.1019","A"
"4","Trait5","mrMLM","NsiI.TP676678","4","57809690","6.6617e-06","0.0015","A"
"4","Trait5","mrMLM","NsiI.TP146448","4","57810772","0.1436","1.8628","C"
"4","Trait5","mrMLM","NsiI.TP276799","4","57812210","0.0461","0.3964","A"
"4","Trait5","mrMLM","PstI.TP1133387","4","57821028","-0.1436","1.2388","C"
"4","Trait5","mrMLM","PstI.TP1133385","4","57821066","0.0277","0.169","C"
"4","Trait5","mrMLM","NsiI.TP625251","4","57822346","0.2677","2.5755","C"
"4","Trait5","mrMLM","PstI.TP1149922","4","57832152","-1.117e-05","0.0024","G"
"4","Trait5","mrMLM","NsiI.TP162922","4","57856165","2.4723e-05","0.0054","A"
"4","Trait5","mrMLM","PstI.TP1148070","4","57865747","-5.8473e-06","0.0013","G"
"4","Trait5","mrMLM","PstI.TP768574","4","57878359","-3.6724e-06","8e-04","A"
"4","Trait5","mrMLM","NsiI.TP329488","4","57907146","1.5433e-05","0.0034","A"
"4","Trait5","mrMLM","PstI.TP530627","4","57907294","0.0893","0.5268","A"
"4","Trait5","mrMLM","NsiI.TP668767","4","57917211","-0.0354","0.3517","C"
"4","Trait5","mrMLM","NsiI.TP690515","4","57942423","-1.7987e-06","4e-04","C"
"4","Trait5","mrMLM","NsiI.TP408344","4","57943493","-1.1236e-05","0.0025","A"
"4","Trait5","mrMLM","PstI.TP331765","4","58025299","0.0146","0.1585","A"
"4","Trait5","mrMLM","PstI.TP771799","4","58026767","-5.877e-06","0.0013","A"
"4","Trait5","mrMLM","PstI.TP17148","4","58030737","-0.0538","0.3619","A"
"4","Trait5","mrMLM","NsiI.TP752426","4","58049068","-7.7305e-06","0.0017","A"
"4","Trait5","mrMLM","NsiI.TP830164","4","58049149","-6.5861e-06","0.0014","C"
"4","Trait5","mrMLM","PstI.TP808392","4","58052669","1.297e-05","0.0028","C"
"4","Trait5","mrMLM","PstI.TP345727","4","58070330","0.0306","0.4117","G"
"4","Trait5","mrMLM","PstI.TP12395","4","58075868","0.0766","0.7813","C"
"4","Trait5","mrMLM","PstI.TP376858","4","58079172","2.996e-05","0.0066","A"
"4","Trait5","mrMLM","PstI.TP882163","4","58087026","-1.3762e-05","0.003","C"
"4","Trait5","mrMLM","PstI.TP1012823","4","58094495","-0.0812","0.4208","A"
"4","Trait5","mrMLM","NsiI.TP402511","4","58096507","-9.3493e-06","0.002","C"
"4","Trait5","mrMLM","PstI.TP107349","4","58096875","1.9626e-06","4e-04","C"
"4","Trait5","mrMLM","NsiI.TP407503","4","58103386","-0.0274","0.3672","A"
"4","Trait5","mrMLM","PstI.TP553056","4","58107085","-4.9901e-06","0.0011","A"
"4","Trait5","mrMLM","PstI.TP132481","4","58123979","-1.8812e-05","0.0041","A"
"4","Trait5","mrMLM","NsiI.TP374862","4","58138458","0.0661","0.5856","C"
"4","Trait5","mrMLM","NsiI.TP426364","4","58143413","-1.3458e-05","0.0029","A"
"4","Trait5","mrMLM","NsiI.TP437100","4","58143606","1.6552e-05","0.0036","C"
"4","Trait5","mrMLM","PstI.TP475894","4","58148297","1.0923e-05","0.0024","A"
"4","Trait5","mrMLM","PstI.TP578751","4","58148374","-3.0781e-06","7e-04","A"
"4","Trait5","mrMLM","PstI.TP105629","4","58160218","-2.2051e-05","0.0048","A"
"4","Trait5","mrMLM","NsiI.TP6022","4","58163548","0.0963","0.4921","C"
"4","Trait5","mrMLM","NsiI.TP6292","4","58163559","-1.4578e-06","3e-04","C"
"4","Trait5","mrMLM","PstI.TP283944","4","58233546","1.2654e-05","0.0028","A"
"4","Trait5","mrMLM","PstI.TP283938","4","58233574","-2.887e-05","0.0063","G"
"4","Trait5","mrMLM","PstI.TP1022079","4","58234076","5.0362e-06","0.0011","A"
"4","Trait5","mrMLM","PstI.TP344793","4","58236912","7.7209e-06","0.0017","C"
"4","Trait5","mrMLM","NsiI.TP191074","4","58245094","-0.0525","0.3537","A"
"4","Trait5","mrMLM","PstI.TP223112","4","58245905","0.1779","0.6237","C"
"4","Trait5","mrMLM","PstI.TP767797","4","58249883","0.0596","0.4076","A"
"4","Trait5","mrMLM","NsiI.TP711986","4","58255334","-1.6538e-05","0.0036","A"
"4","Trait5","mrMLM","PstI.TP1173293","4","58270518","-2.4257e-06","5e-04","A"
"4","Trait5","mrMLM","PstI.TP729563","4","58271354","-0.0262","0.273","A"
"4","Trait5","mrMLM","NsiI.TP543370","4","58291205","-1.7619e-05","0.0039","C"
"4","Trait5","mrMLM","NsiI.TP403179","4","58329230","-0.1085","0.719","A"
"4","Trait5","mrMLM","PstI.TP181902","4","58331067","-9.284e-06","0.002","C"
"4","Trait5","mrMLM","NsiI.TP493726","4","58337940","-3.4141e-06","7e-04","C"
"4","Trait5","mrMLM","PstI.TP1114565","4","58337982","0.1426","0.8072","C"
"4","Trait5","mrMLM","NsiI.TP19151","4","58369381","2.4218e-05","0.0053","A"
"4","Trait5","mrMLM","PstI.TP1153086","4","58369423","0.2754","1.2753","A"
"4","Trait5","mrMLM","NsiI.TP139268","4","58370316","3.1547e-06","7e-04","C"
"4","Trait5","mrMLM","NsiI.TP139195","4","58370330","-1.1268e-05","0.0025","A"
"4","Trait5","mrMLM","PstI.TP170114","4","58371291","6.4279e-07","1e-04","A"
"4","Trait5","mrMLM","NsiI.TP444747","4","58371791","0.1086","1.0969","A"
"4","Trait5","mrMLM","NsiI.TP241832","4","58375476","-3.1148e-06","7e-04","C"
"4","Trait5","mrMLM","NsiI.TP59139","4","58380615","-4.5842e-06","0.001","C"
"4","Trait5","mrMLM","NsiI.TP59138","4","58380619","1.1766e-05","0.0026","C"
"4","Trait5","mrMLM","NsiI.TP629330","4","58381232","0.0316","0.2368","A"
"4","Trait5","mrMLM","NsiI.TP428830","4","58381654","-9.3886e-06","0.002","A"
"4","Trait5","mrMLM","PstI.TP41983","4","58381864","6.5584e-06","0.0014","A"
"4","Trait5","mrMLM","NsiI.TP249784","4","58390897","-5.9253e-06","0.0013","C"
"4","Trait5","mrMLM","PstI.TP356948","4","58406481","-1.5803e-05","0.0035","A"
"4","Trait5","mrMLM","PstI.TP440219","4","58416696","1.6014e-05","0.0035","A"
"4","Trait5","mrMLM","PstI.TP440217","4","58416727","1.039e-05","0.0023","A"
"4","Trait5","mrMLM","NsiI.TP431852","4","58431342","-5e-04","0.0232","C"
"4","Trait5","mrMLM","NsiI.TP544401","4","58458296","1.6407e-05","0.0036","C"
"4","Trait5","mrMLM","PstI.TP818620","4","58464945","0.2095","0.8063","A"
"4","Trait5","mrMLM","PstI.TP1274767","4","58467805","1.1933e-05","0.0026","C"
"4","Trait5","mrMLM","NsiI.TP589251","4","58471749","-2.1029e-05","0.0046","A"
"4","Trait5","mrMLM","NsiI.TP801233","4","58471794","9.7819e-06","0.0021","A"
"4","Trait5","mrMLM","PstI.TP865092","4","58472121","-0.0572","0.4829","C"
"4","Trait5","mrMLM","PstI.TP1163104","4","58482437","-0.05","0.4711","A"
"4","Trait5","mrMLM","NsiI.TP467426","4","58486163","-0.0315","0.3638","C"
"4","Trait5","mrMLM","NsiI.TP390224","4","58488769","0.1349","1.1834","C"
"4","Trait5","mrMLM","NsiI.TP390222","4","58488770","7.072e-06","0.0015","A"
"4","Trait5","mrMLM","PstI.TP760763","4","58494111","7.4115e-06","0.0016","G"
"4","Trait5","mrMLM","PstI.TP1213902","4","58497692","2.8043e-06","6e-04","A"
"4","Trait5","mrMLM","PstI.TP789324","4","58498356","-0.0202","0.1578","A"
"4","Trait5","mrMLM","PstI.TP31016","4","58501198","0.0281","0.167","C"
"4","Trait5","mrMLM","PstI.TP1049411","4","58511842","8.6203e-06","0.0019","A"
"4","Trait5","mrMLM","NsiI.TP676964","4","58512473","-1.9567e-06","4e-04","A"
"4","Trait5","mrMLM","NsiI.TP467061","4","58518519","2.1539e-05","0.0047","A"
"4","Trait5","mrMLM","PstI.TP41263","4","58519406","0.0953","0.6509","A"
"4","Trait5","mrMLM","PstI.TP1159006","4","58521262","-3.8308e-05","0.0084","C"
"4","Trait5","mrMLM","NsiI.TP804256","4","58532779","0.0288","0.3177","C"
"4","Trait5","mrMLM","NsiI.TP632000","4","58540893","-1.2612e-05","0.0028","G"
"4","Trait5","mrMLM","NsiI.TP586387","4","58541190","-7.7242e-06","0.0017","C"
"4","Trait5","mrMLM","GFSSContig18615_2488","4","58572773","0.0622","0.6484","A"
"4","Trait5","mrMLM","PstI.TP176835","4","58581800","0.0946","0.3866","A"
"4","Trait5","mrMLM","PstI.TP64510","4","58593795","0.0632","0.4361","A"
"4","Trait5","mrMLM","NsiI.TP187242","4","58615128","1.535e-05","0.0034","G"
"4","Trait5","mrMLM","PstI.TP894366","4","58615196","0.0318","0.3891","G"
"4","Trait5","mrMLM","NsiI.TP203346","4","58617229","4.2493e-05","0.0094","C"
"4","Trait5","mrMLM","GFSSContig20528_2057","4","58643549","-1.7324e-05","0.0038","T"
"4","Trait5","mrMLM","PstI.TP745595","4","58645655","0.0488","0.2632","A"
"4","Trait5","mrMLM","PstI.TP888658","4","58646358","-2.9593e-05","0.0065","C"
"4","Trait5","mrMLM","PstI.TP888662","4","58646372","-2.7798e-07","6.0497e-05","C"
"4","Trait5","mrMLM","PstI.TP1175195","4","58665507","-1.1718e-06","3e-04","A"
"4","Trait5","mrMLM","NsiI.TP630448","4","58676426","-4.1574e-06","9e-04","A"
"4","Trait5","mrMLM","PstI.TP381646","4","58721377","9.8129e-06","0.0021","A"
"4","Trait5","mrMLM","PstI.TP224720","4","58736754","-1.5678e-05","0.0034","A"
"4","Trait5","mrMLM","PstI.TP231570","4","58786116","-0.2512","1.6493","C"
"4","Trait5","mrMLM","PstI.TP969702","4","58874917","7.0023e-06","0.0015","C"
"4","Trait5","mrMLM","PstI.TP1200707","4","58878410","-9.7235e-06","0.0021","A"
"4","Trait5","mrMLM","PstI.TP43507","4","58903757","-6.0211e-06","0.0013","A"
"4","Trait5","mrMLM","PstI.TP787312","4","58905175","6.6379e-06","0.0014","A"
"4","Trait5","mrMLM","NsiI.TP384648","4","58917263","0.0204","0.2825","C"
"4","Trait5","mrMLM","PstI.TP1162372","4","58920213","4.8576e-06","0.0011","G"
"4","Trait5","mrMLM","NsiI.TP626952","4","58960873","-1.3933e-06","3e-04","A"
"4","Trait5","mrMLM","PstI.TP296039","4","58971059","7.1982e-06","0.0016","A"
"4","Trait5","mrMLM","PstI.TP33069","4","58971457","0.1788","1.2178","G"
"4","Trait5","mrMLM","PstI.TP705780","4","58975673","-9.8341e-06","0.0021","C"
"4","Trait5","mrMLM","PstI.TP1021425","4","58989180","-4.8298e-06","0.0011","C"
"4","Trait5","mrMLM","NsiI.TP453307","4","59001286","-4.9074e-05","0.0108","C"
"4","Trait5","mrMLM","PstI.TP1108219","4","59036645","-0.1042","1.3174","C"
"4","Trait5","mrMLM","PstI.TP1057462","4","59054044","-0.0863","0.7489","A"
"4","Trait5","mrMLM","NsiI.TP328235","4","59067949","-3.8372e-06","8e-04","C"
"4","Trait5","mrMLM","PstI.TP1000572","4","59072057","0.0921","0.4986","A"
"4","Trait5","mrMLM","PstI.TP1000573","4","59072069","7.8674e-06","0.0017","A"
"4","Trait5","mrMLM","PstI.TP923206","4","59076673","9.4192e-06","0.0021","G"
"4","Trait5","mrMLM","NsiI.TP109547","4","59112228","1.0873e-05","0.0024","A"
"4","Trait5","mrMLM","PstI.TP1029730","4","59112616","-6.8364e-06","0.0015","A"
"4","Trait5","mrMLM","PstI.TP901062","4","59125009","-1.247e-05","0.0027","A"
"4","Trait5","mrMLM","NsiI.TP468336","4","59130465","-2.1712e-06","5e-04","C"
"4","Trait5","mrMLM","NsiI.TP267647","4","59132258","-2.5858e-05","0.0057","A"
"4","Trait5","mrMLM","PstI.TP501004","4","59141781","-0.0187","0.2902","C"
"4","Trait5","mrMLM","NsiI.TP260079","4","59160888","-0.1701","0.9099","C"
"4","Trait5","mrMLM","NsiI.TP613588","4","59168705","-4.6378e-06","0.001","A"
"4","Trait5","mrMLM","PstI.TP195932","4","59194807","2.1698e-06","5e-04","A"
"4","Trait5","mrMLM","PstI.TP647611","4","59195320","-0.1295","0.9974","C"
"4","Trait5","mrMLM","PstI.TP267459","4","59203688","9.9219e-06","0.0022","C"
"4","Trait5","mrMLM","NsiI.TP504601","4","59208633","-0.0888","0.7103","A"
"4","Trait5","mrMLM","PstI.TP991511","4","59220862","1.6491e-05","0.0036","C"
"4","Trait5","mrMLM","PstI.TP1140574","4","59227314","-1.8481e-05","0.004","C"
"4","Trait5","mrMLM","PstI.TP115496","4","59238628","-2.1314e-05","0.0047","A"
"4","Trait5","mrMLM","NsiI.TP632086","4","59238758","-1.3555e-06","3e-04","C"
"4","Trait5","mrMLM","PstI.TP100567","4","59239060","7.1894e-06","0.0016","A"
"4","Trait5","mrMLM","PstI.TP1185839","4","59245310","-2.8042e-06","6e-04","C"
"4","Trait5","mrMLM","PstI.TP934679","4","59260103","-3.4127e-06","7e-04","C"
"4","Trait5","mrMLM","PstI.TP807231","4","59272271","-1.1227e-05","0.0025","A"
"4","Trait5","mrMLM","PstI.TP452167","4","59301639","0.0161","0.2017","A"
"4","Trait5","mrMLM","PstI.TP1291730","4","59303538","-0.0168","0.2577","A"
"4","Trait5","mrMLM","NsiI.TP603172","4","59306929","1.2784e-05","0.0028","A"
"4","Trait5","mrMLM","PstI.TP10691","4","59317132","-7.8772e-06","0.0017","A"
"4","Trait5","mrMLM","NsiI.TP603267","4","59317315","-0.2145","1.1207","A"
"4","Trait5","mrMLM","NsiI.TP608014","4","59335265","-8.4719e-06","0.0018","A"
"4","Trait5","mrMLM","NsiI.TP119362","4","59335977","0.1889","0.5278","G"
"4","Trait5","mrMLM","PstI.TP1281114","4","59340580","-0.015","0.1717","A"
"4","Trait5","mrMLM","PstI.TP1146516","4","59340595","1.8719e-05","0.0041","C"
"4","Trait5","mrMLM","NsiI.TP118046","4","59348212","5.0288e-05","0.0111","A"
"4","Trait5","mrMLM","PstI.TP48949","4","59372371","2.0823e-05","0.0046","C"
"4","Trait5","mrMLM","PstI.TP8376","4","59384691","-5.4927e-06","0.0012","A"
"4","Trait5","mrMLM","NsiI.TP527269","4","59397197","1.94e-05","0.0042","A"
"4","Trait5","mrMLM","NsiI.TP494824","4","59406806","0.2003","0.7032","C"
"4","Trait5","mrMLM","PstI.TP1121237","4","59420333","-1.2506e-05","0.0027","C"
"4","Trait5","mrMLM","PstI.TP392945","4","59422177","1.4813e-05","0.0032","A"
"4","Trait5","mrMLM","PstI.TP210056","4","59447080","-0.1248","0.605","A"
"4","Trait5","mrMLM","PstI.TP1231044","4","59447790","0.1058","0.5237","A"
"4","Trait5","mrMLM","PstI.TP539447","4","59448338","4.9746e-06","0.0011","A"
"4","Trait5","mrMLM","GFSSContig18947_1253","4","59454585","8.8156e-07","2e-04","A"
"4","Trait5","mrMLM","NsiI.TP21186","4","59459111","0.0617","0.5484","A"
"4","Trait5","mrMLM","NsiI.TP702438","4","59465826","-1.5881e-05","0.0035","A"
"4","Trait5","mrMLM","NsiI.TP175226","4","59482030","0.0014","0.0364","C"
"4","Trait5","mrMLM","PstI.TP840334","4","59482155","0.0447","0.6314","A"
"4","Trait5","mrMLM","PstI.TP77737","4","59482294","0.0427","0.3783","C"
"4","Trait5","mrMLM","PstI.TP87622","4","59482310","8.0913e-06","0.0018","C"
"4","Trait5","mrMLM","NsiI.TP746666","4","59482378","-0.0366","0.1654","C"
"4","Trait5","mrMLM","PstI.TP1082692","4","59482597","-2.6213e-05","0.0057","C"
"4","Trait5","mrMLM","PstI.TP185694","4","59489411","4.5224e-06","0.001","C"
"4","Trait5","mrMLM","NsiI.TP449941","4","59505111","-0.0979","0.558","C"
"4","Trait5","mrMLM","PstI.TP39923","4","59505323","0.0107","0.1421","A"
"4","Trait5","mrMLM","NsiI.TP452950","4","59507302","-0.0269","0.2903","G"
"4","Trait5","mrMLM","PstI.TP291303","4","59509576","-0.0368","0.2246","C"
"4","Trait5","mrMLM","PstI.TP291227","4","59509607","1.0498e-06","2e-04","A"
"4","Trait5","mrMLM","NsiI.TP102127","4","59509671","1.9404e-05","0.0042","C"
"4","Trait5","mrMLM","PstI.TP174245","4","59512386","0.0394","0.2002","C"
"4","Trait5","mrMLM","NsiI.TP503770","4","59512647","1.5783e-05","0.0034","A"
"4","Trait5","mrMLM","NsiI.TP619861","4","59517946","-6.9157e-06","0.0015","A"
"4","Trait5","mrMLM","NsiI.TP576814","4","59518004","0.2681","0.8948","C"
"4","Trait5","mrMLM","NsiI.TP534092","4","59519031","-1.442e-05","0.0031","G"
"4","Trait5","mrMLM","NsiI.TP42801","4","59521749","9.9801e-06","0.0022","A"
"4","Trait5","mrMLM","PstI.TP1022311","4","59536613","3.1515e-06","7e-04","C"
"4","Trait5","mrMLM","PstI.TP931588","4","59539332","4.5912e-06","0.001","A"
"4","Trait5","mrMLM","PstI.TP548830","4","59544955","2.2693e-05","0.005","A"
"4","Trait5","mrMLM","PstI.TP152315","4","59547005","-1.3377e-05","0.0029","A"
"4","Trait5","mrMLM","PstI.TP396492","4","59554328","0.006","0.084","C"
"4","Trait5","mrMLM","PstI.TP217578","4","59554604","3.2297e-06","7e-04","A"
"4","Trait5","mrMLM","NsiI.TP244760","4","59561182","1.2969e-05","0.0028","C"
"4","Trait5","mrMLM","PstI.TP690745","4","59576775","-0.3118","1.6077","A"
"4","Trait5","mrMLM","NsiI.TP508264","4","59577573","1.5954e-06","3e-04","G"
"4","Trait5","mrMLM","PstI.TP344528","4","59577900","0.0124","0.1549","A"
"4","Trait5","mrMLM","PstI.TP116978","4","59577988","-0.0491","0.2786","A"
"4","Trait5","mrMLM","NsiI.TP410387","4","59580800","3.1094e-06","7e-04","A"
"4","Trait5","mrMLM","NsiI.TP746479","4","59599658","-6.1491e-06","0.0013","C"
"4","Trait5","mrMLM","PstI.TP839365","4","59601391","-7.6459e-06","0.0017","A"
"4","Trait5","mrMLM","PstI.TP1135443","4","59606529","-0.0892","0.7234","A"
"4","Trait5","mrMLM","PstI.TP200453","4","59613518","-0.2064","1.0059","A"
"4","Trait5","mrMLM","NsiI.TP625413","4","59613955","-0.0495","0.3661","A"
"4","Trait5","mrMLM","PstI.TP1127121","4","59618985","6.9731e-06","0.0015","A"
"4","Trait5","mrMLM","NsiI.TP530590","4","59619375","1.783e-05","0.0039","C"
"4","Trait5","mrMLM","PstI.TP1024604","4","59621675","-2.2265e-05","0.0049","C"
"4","Trait5","mrMLM","PstI.TP1024605","4","59621675","0.0414","0.2024","C"
"4","Trait5","mrMLM","NsiI.TP60459","4","59680771","-2.038e-05","0.0045","C"
"4","Trait5","mrMLM","PstI.TP216124","4","59692055","0.3301","1.3468","A"
"4","Trait5","mrMLM","PstI.TP792995","4","59703546","1.7965e-05","0.0039","C"
"4","Trait5","mrMLM","NsiI.TP259121","4","59703643","0.1232","0.3567","C"
"4","Trait5","mrMLM","PstI.TP802068","4","59707017","-0.022","0.2975","C"
"4","Trait5","mrMLM","PstI.TP805955","4","59707035","3.0156e-05","0.0066","A"
"4","Trait5","mrMLM","NsiI.TP511131","4","59713499","-2.8573e-05","0.0063","C"
"4","Trait5","mrMLM","PstI.TP277085","4","59747654","-0.053","0.3801","A"
"4","Trait5","mrMLM","GFSSContig11593_662","4","59751649","2.5743e-06","6e-04","T"
"4","Trait5","mrMLM","NsiI.TP373714","4","59755477","-1.3434e-05","0.0029","G"
"4","Trait5","mrMLM","PstI.TP802287","4","59758032","-3.4238e-05","0.0075","A"
"4","Trait5","mrMLM","PstI.TP790981","4","59791803","-0.0988","0.5442","C"
"4","Trait5","mrMLM","PstI.TP932477","4","59793526","-1.5301e-05","0.0033","A"
"4","Trait5","mrMLM","PstI.TP87821","4","59804517","1.9827e-05","0.0043","C"
"4","Trait5","mrMLM","NsiI.TP253993","4","59812661","4.7139e-06","0.001","A"
"4","Trait5","mrMLM","PstI.TP79118","4","59823158","0.4303","2.0604","G"
"4","Trait5","mrMLM","PstI.TP769987","4","59859528","1.4028e-05","0.0031","C"
"4","Trait5","mrMLM","PstI.TP1227428","4","59859537","0.0306","0.3504","A"
"4","Trait5","mrMLM","PstI.TP52859","4","59863827","-1.4563e-05","0.0032","A"
"4","Trait5","mrMLM","NsiI.TP753767","4","59866757","-0.2106","0.9503","A"
"4","Trait5","mrMLM","NsiI.TP338274","4","59872530","4.1724e-06","9e-04","C"
"4","Trait5","mrMLM","NsiI.TP207636","4","59877323","0.1069","0.7574","A"
"4","Trait5","mrMLM","PstI.TP327603","4","59881403","-0.0752","0.8761","C"
"4","Trait5","mrMLM","PstI.TP428409","4","59891984","0.0645","0.7008","C"
"4","Trait5","mrMLM","PstI.TP1101756","4","59896542","2.2878e-05","0.005","A"
"4","Trait5","mrMLM","NsiI.TP172625","4","59908584","-2.5656e-06","6e-04","C"
"4","Trait5","mrMLM","PstI.TP1287384","4","59909017","0.0411","0.5034","C"
"4","Trait5","mrMLM","PstI.TP1012985","4","59909080","-0.0637","0.517","A"
"4","Trait5","mrMLM","PstI.TP301125","4","59910841","7.2932e-06","0.0016","C"
"4","Trait5","mrMLM","PstI.TP581044","4","59910918","0.0116","0.1661","A"
"4","Trait5","mrMLM","NsiI.TP748864","4","59921430","-1.2659e-05","0.0028","A"
"4","Trait5","mrMLM","NsiI.TP748865","4","59921478","1.8423e-05","0.004","C"
"4","Trait5","mrMLM","PstI.TP978310","4","60023803","2.2138e-06","5e-04","C"
"4","Trait5","mrMLM","NsiI.TP719008","4","60028257","2.0867e-06","5e-04","C"
"4","Trait5","mrMLM","NsiI.TP359016","4","60033427","0.1418","1.0655","A"
"4","Trait5","mrMLM","NsiI.TP396954","4","60072885","-8e-04","0.0348","G"
"4","Trait5","mrMLM","NsiI.TP328929","4","60078057","-0.0359","0.2776","A"
"4","Trait5","mrMLM","NsiI.TP654012","4","60099769","1.9653e-06","4e-04","C"
"4","Trait5","mrMLM","PstI.TP226867","4","60106689","-1.2671e-05","0.0028","A"
"4","Trait5","mrMLM","PstI.TP648736","4","60109935","0.0807","0.4332","A"
"4","Trait5","mrMLM","PstI.TP79115","4","60133712","-1.3332e-05","0.0029","A"
"4","Trait5","mrMLM","NsiI.TP169339","4","60146192","0.1158","1.1716","A"
"4","Trait5","mrMLM","NsiI.TP588659","4","60147038","2.0913e-05","0.0046","A"
"4","Trait5","mrMLM","NsiI.TP668689","4","60150849","-0.0981","0.5361","A"
"4","Trait5","mrMLM","PstI.TP1089393","4","60151282","1.1014e-05","0.0024","A"
"4","Trait5","mrMLM","PstI.TP769015","4","60173826","-6.829e-06","0.0015","A"
"4","Trait5","mrMLM","PstI.TP1160","4","60173873","-1.2721e-05","0.0028","A"
"4","Trait5","mrMLM","NsiI.TP457671","4","60173879","7.0853e-06","0.0015","C"
"4","Trait5","mrMLM","PstI.TP1189383","4","60173881","1.7971e-05","0.0039","A"
"4","Trait5","mrMLM","NsiI.TP458371","4","60173927","-7.495e-06","0.0016","C"
"4","Trait5","mrMLM","NsiI.TP200598","4","60181523","8.5046e-06","0.0019","A"
"4","Trait5","mrMLM","PstI.TP242775","4","60186249","2.3669e-06","5e-04","A"
"4","Trait5","mrMLM","PstI.TP247895","4","60186344","0.0733","0.4701","A"
"4","Trait5","mrMLM","PstI.TP244376","4","60186375","-1.2408e-05","0.0027","A"
"4","Trait5","mrMLM","PstI.TP250307","4","60200974","0.0249","0.2017","A"
"4","Trait5","mrMLM","PstI.TP1077643","4","60212035","1.7783e-05","0.0039","A"
"4","Trait5","mrMLM","NsiI.TP371546","4","60259433","-3.4598e-06","8e-04","C"
"4","Trait5","mrMLM","PstI.TP147741","4","60281845","-5.5383e-06","0.0012","A"
"4","Trait5","mrMLM","GFSSContig3341_337","4","60287468","1.9189e-05","0.0042","A"
"4","Trait5","mrMLM","PstI.TP1197296","4","60313267","-2.664e-05","0.0058","A"
"4","Trait5","mrMLM","NsiI.TP59894","4","60313467","1.7887e-06","4e-04","A"
"4","Trait5","mrMLM","PstI.TP259005","4","60322060","-2.3177e-06","5e-04","A"
"4","Trait5","mrMLM","NsiI.TP379544","4","60322608","-0.0247","0.2106","A"
"4","Trait5","mrMLM","NsiI.TP784131","4","60322804","0.0898","0.7226","A"
"4","Trait5","mrMLM","PstI.TP410557","4","60353279","3.619e-06","8e-04","A"
"4","Trait5","mrMLM","PstI.TP227212","4","60353571","1.9705e-05","0.0043","C"
"4","Trait5","mrMLM","NsiI.TP379280","4","60356162","-1.0879e-06","2e-04","C"
"4","Trait5","mrMLM","NsiI.TP6762","4","60357138","1.4644e-05","0.0032","C"
"4","Trait5","mrMLM","NsiI.TP176156","4","60360407","1.969e-05","0.0043","C"
"4","Trait5","mrMLM","GFSSContig9551_264","4","60420224","0.0441","0.2835","T"
"4","Trait5","mrMLM","PstI.TP644096","4","60430104","3.4828e-06","8e-04","A"
"4","Trait5","mrMLM","PstI.TP170030","4","60437496","-0.0316","0.3386","A"
"4","Trait5","mrMLM","NsiI.TP624872","4","60455775","-5.5844e-06","0.0012","G"
"4","Trait5","mrMLM","PstI.TP187149","4","60457007","-2.9615e-05","0.0065","C"
"4","Trait5","mrMLM","PstI.TP548630","4","60474887","0.1033","0.5024","A"
"4","Trait5","mrMLM","PstI.TP697705","4","60476665","-7.9667e-06","0.0017","C"
"4","Trait5","mrMLM","PstI.TP697701","4","60476700","-0.0233","0.2227","C"
"4","Trait5","mrMLM","NsiI.TP617869","4","60503897","-0.0783","0.6049","A"
"4","Trait5","mrMLM","PstI.TP1091447","4","60531817","9.4796e-07","2e-04","A"
"4","Trait5","mrMLM","PstI.TP665836","4","60532632","0.0133","0.1202","C"
"4","Trait5","mrMLM","NsiI.TP334060","4","60538602","-2.2559e-05","0.0049","C"
"4","Trait5","mrMLM","NsiI.TP114115","4","60563069","-0.0536","0.3912","C"
"4","Trait5","mrMLM","NsiI.TP210548","4","60571656","-1.6799e-05","0.0037","C"
"4","Trait5","mrMLM","PstI.TP469498","4","60622173","1.4782e-05","0.0032","A"
"4","Trait5","mrMLM","NsiI.TP526093","4","60623887","2.4066e-05","0.0053","C"
"4","Trait5","mrMLM","PstI.TP405116","4","60667768","0.0143","0.186","C"
"4","Trait5","mrMLM","NsiI.TP224655","4","60669109","0.0945","0.9034","C"
"4","Trait5","mrMLM","PstI.TP496749","4","60669113","-1.6539e-05","0.0036","C"
"4","Trait5","mrMLM","NsiI.TP702380","4","60669175","0.0697","0.6336","A"
"4","Trait5","mrMLM","PstI.TP921631","4","60685387","3.5251e-06","8e-04","C"
"4","Trait5","mrMLM","PstI.TP285863","4","60698941","1.6996e-05","0.0037","C"
"4","Trait5","mrMLM","PstI.TP94963","4","60699101","0.0566","0.4886","A"
"4","Trait5","mrMLM","PstI.TP460796","4","60714463","2.1737e-06","5e-04","A"
"4","Trait5","mrMLM","PstI.TP988094","4","60716553","-3.7172e-05","0.0082","C"
"4","Trait5","mrMLM","NsiI.TP113606","4","60730934","-0.302","1.6625","C"
"4","Trait5","mrMLM","PstI.TP295724","4","60732160","1.9852e-05","0.0043","A"
"4","Trait5","mrMLM","NsiI.TP343430","4","60742222","1.9671e-05","0.0043","A"
"4","Trait5","mrMLM","PstI.TP298106","4","60749631","-1.1351e-06","2e-04","C"
"4","Trait5","mrMLM","PstI.TP2449","4","60762576","-1.9251e-05","0.0042","A"
"4","Trait5","mrMLM","NsiI.TP695268","4","60804262","0.1561","0.672","A"
"4","Trait5","mrMLM","NsiI.TP554568","4","60805746","-3.9495e-07","8.5953e-05","A"
"4","Trait5","mrMLM","NsiI.TP299102","4","60808910","-1.2074e-05","0.0026","C"
"4","Trait5","mrMLM","NsiI.TP751462","4","60813193","1.4379e-05","0.0031","C"
"4","Trait5","mrMLM","PstI.TP95875","4","60823379","2.0661e-05","0.0045","C"
"4","Trait5","mrMLM","PstI.TP374326","4","60827920","-1.0085e-05","0.0022","C"
"4","Trait5","mrMLM","NsiI.TP36284","4","60829214","-8.9116e-06","0.0019","A"
"4","Trait5","mrMLM","NsiI.TP190623","4","60835548","-6.3305e-06","0.0014","A"
"4","Trait5","mrMLM","PstI.TP675318","4","60844616","0.2637","1.6515","A"
"4","Trait5","mrMLM","NsiI.TP643172","4","60879734","0.0144","0.2059","C"
"4","Trait5","mrMLM","PstI.TP444376","4","60881210","1.3166e-05","0.0029","A"
"4","Trait5","mrMLM","NsiI.TP421277","4","60882690","1.6029e-05","0.0035","C"
"4","Trait5","mrMLM","PstI.TP1050629","4","60884477","-0.1376","1.481","A"
"4","Trait5","mrMLM","PstI.TP1060464","4","60920381","-7.8993e-06","0.0017","A"
"4","Trait5","mrMLM","NsiI.TP287007","4","60929712","-2.0365e-05","0.0045","C"
"4","Trait5","mrMLM","NsiI.TP287006","4","60929713","-0.1807","1.0899","C"
"4","Trait5","mrMLM","GFSSContig17394_1831","4","60942233","5.0802e-06","0.0011","A"
"4","Trait5","mrMLM","PstI.TP1263866","4","60944506","-1.835e-05","0.004","A"
"4","Trait5","mrMLM","NsiI.TP631291","4","60953300","1.5001e-05","0.0033","C"
"4","Trait5","mrMLM","PstI.TP994052","4","60973347","5.9555e-06","0.0013","A"
"4","Trait5","mrMLM","NsiI.TP312212","4","61016293","2.101e-05","0.0046","C"
"4","Trait5","mrMLM","GFSSContig20426_150","4","61025190","7.1076e-06","0.0015","T"
"4","Trait5","mrMLM","PstI.TP170725","4","61053149","-1.0038e-05","0.0022","C"
"4","Trait5","mrMLM","PstI.TP464751","4","61061436","8.2802e-06","0.0018","C"
"4","Trait5","mrMLM","NsiI.TP541233","4","61063682","2.4626e-05","0.0054","A"
"4","Trait5","mrMLM","PstI.TP480983","4","61064043","0.1002","1.1958","C"
"4","Trait5","mrMLM","NsiI.TP293331","4","61065423","0.0389","0.2327","A"
"4","Trait5","mrMLM","PstI.TP737691","4","61070148","8.9103e-06","0.0019","A"
"4","Trait5","mrMLM","NsiI.TP145698","4","61071356","-0.0528","0.5719","C"
"4","Trait5","mrMLM","NsiI.TP750593","4","61084375","-0.077","0.4992","A"
"4","Trait5","mrMLM","PstI.TP217994","4","61088428","-0.3048","2.8179","A"
"4","Trait5","mrMLM","PstI.TP712689","4","61106711","1.2336e-05","0.0027","C"
"4","Trait5","mrMLM","NsiI.TP715248","4","61107311","1.8485e-06","4e-04","C"
"4","Trait5","mrMLM","NsiI.TP458626","4","61107458","5.0109e-06","0.0011","G"
"4","Trait5","mrMLM","PstI.TP336004","4","61112310","5.3056e-06","0.0012","G"
"4","Trait5","mrMLM","NsiI.TP629133","4","61115450","-9.6907e-06","0.0021","A"
"4","Trait5","mrMLM","GFSSContig19603_1415","4","61145386","0.061","0.6293","T"
"4","Trait5","mrMLM","PstI.TP396906","4","61156766","-2.8334e-05","0.0062","C"
"4","Trait5","mrMLM","PstI.TP526621","4","61169939","2.9415e-05","0.0064","C"
"4","Trait5","mrMLM","NsiI.TP16281","4","61179621","-8.4259e-06","0.0018","C"
"4","Trait5","mrMLM","PstI.TP999900","4","61190544","-0.0311","0.2023","A"
"4","Trait5","mrMLM","NsiI.TP763434","4","61191002","3.5366e-06","8e-04","C"
"4","Trait5","mrMLM","PstI.TP29333","4","61203009","-9.5481e-07","2e-04","C"
"4","Trait5","mrMLM","PstI.TP968747","4","61216267","8.4487e-06","0.0018","C"
"4","Trait5","mrMLM","PstI.TP704667","4","61217694","9.1989e-06","0.002","C"
"4","Trait5","mrMLM","PstI.TP704663","4","61217704","-6.4867e-06","0.0014","A"
"4","Trait5","mrMLM","PstI.TP704666","4","61217735","0.0834","0.5271","A"
"4","Trait5","mrMLM","NsiI.TP270169","4","61265271","0.1827","0.5848","C"
"4","Trait5","mrMLM","NsiI.TP271552","4","61273300","-1.1536e-05","0.0025","C"
"4","Trait5","mrMLM","NsiI.TP200630","4","61273341","-1.254e-05","0.0027","C"
"4","Trait5","mrMLM","PstI.TP253362","4","61274756","1.6839e-05","0.0037","C"
"4","Trait5","mrMLM","PstI.TP599580","4","61276191","0.0091","0.1688","A"
"4","Trait5","mrMLM","NsiI.TP287334","4","61276545","-0.0379","0.3165","C"
"4","Trait5","mrMLM","PstI.TP202583","4","61281950","1.9351e-05","0.0042","A"
"4","Trait5","mrMLM","PstI.TP865157","4","61282441","0.0017","0.0561","C"
"4","Trait5","mrMLM","NsiI.TP503808","4","61283501","3.6396e-06","8e-04","A"
"4","Trait5","mrMLM","NsiI.TP503726","4","61283509","-9.0099e-06","0.002","C"
"4","Trait5","mrMLM","NsiI.TP455745","4","61290284","2.761e-05","0.0061","C"
"4","Trait5","mrMLM","NsiI.TP244413","4","61290361","2.2399e-05","0.0049","C"
"4","Trait5","mrMLM","PstI.TP404112","4","61296221","8.6409e-06","0.0019","A"
"4","Trait5","mrMLM","PstI.TP1201755","4","61297635","-6.4583e-06","0.0014","A"
"4","Trait5","mrMLM","PstI.TP581597","4","61297644","-6.9022e-06","0.0015","C"
"4","Trait5","mrMLM","PstI.TP861790","4","61306266","5.2775e-06","0.0012","A"
"4","Trait5","mrMLM","NsiI.TP707273","4","61317293","-6.7637e-06","0.0015","C"
"4","Trait5","mrMLM","NsiI.TP707272","4","61317343","-1.3509e-05","0.0029","G"
"4","Trait5","mrMLM","PstI.TP115113","4","61331043","-0.015","0.1312","A"
"4","Trait5","mrMLM","PstI.TP539740","4","61346184","1.0817e-05","0.0024","C"
"4","Trait5","mrMLM","PstI.TP637804","4","61347042","0.0535","0.2976","A"
"4","Trait5","mrMLM","NsiI.TP244633","4","61361014","0.0695","0.3968","A"
"4","Trait5","mrMLM","PstI.TP955433","4","61375204","-2.7085e-05","0.0059","A"
"4","Trait5","mrMLM","NsiI.TP416267","4","61378609","-4.7449e-06","0.001","C"
"4","Trait5","mrMLM","PstI.TP1044887","4","61384101","9.233e-06","0.002","A"
"4","Trait5","mrMLM","PstI.TP1044893","4","61384104","9.8057e-06","0.0021","C"
"4","Trait5","mrMLM","PstI.TP235909","4","61384168","-0.0088","0.1669","A"
"4","Trait5","mrMLM","PstI.TP269077","4","61390441","-0.1656","1.1863","G"
"4","Trait5","mrMLM","NsiI.TP367824","4","61405317","-0.1189","1.0488","G"
"4","Trait5","mrMLM","PstI.TP1046112","4","61413444","-0.132","1.0872","G"
"4","Trait5","mrMLM","NsiI.TP341531","4","61418251","-3.4463e-05","0.0076","C"
"4","Trait5","mrMLM","NsiI.TP145668","4","61422783","0.0414","0.4484","C"
"4","Trait5","mrMLM","NsiI.TP113037","4","61433519","-0.0153","0.2446","A"
"4","Trait5","mrMLM","NsiI.TP70946","4","61433570","-0.0229","0.2543","G"
"4","Trait5","mrMLM","NsiI.TP617196","4","61433598","-3.4608e-06","8e-04","A"
"4","Trait5","mrMLM","PstI.TP694168","4","61440975","-0.0659","0.5173","C"
"4","Trait5","mrMLM","NsiI.TP172534","4","61446612","-3.4714e-05","0.0076","A"
"4","Trait5","mrMLM","PstI.TP1200828","4","61449110","-7.8358e-06","0.0017","C"
"4","Trait5","mrMLM","PstI.TP141081","4","61449187","-1.5025e-06","3e-04","A"
"4","Trait5","mrMLM","PstI.TP287023","4","61471174","-4.7368e-06","0.001","C"
"4","Trait5","mrMLM","NsiI.TP587887","4","61482931","-8.0636e-06","0.0018","C"
"4","Trait5","mrMLM","NsiI.TP530370","4","61483182","1.5013e-06","3e-04","G"
"4","Trait5","mrMLM","NsiI.TP530922","4","61483186","-0.1778","1.2819","A"
"4","Trait5","mrMLM","PstI.TP756125","4","61483542","1.3256e-05","0.0029","G"
"4","Trait5","mrMLM","NsiI.TP647722","4","61485044","-3.2476e-05","0.0071","A"
"4","Trait5","mrMLM","NsiI.TP245966","4","61489797","-8.0069e-06","0.0017","G"
"4","Trait5","mrMLM","NsiI.TP245967","4","61489840","9.3503e-06","0.002","C"
"4","Trait5","mrMLM","PstI.TP819930","4","61490425","1.0726e-05","0.0023","A"
"4","Trait5","mrMLM","PstI.TP1023007","4","61508395","1.1666e-05","0.0025","A"
"4","Trait5","mrMLM","PstI.TP528554","4","61547343","-8.2017e-06","0.0018","A"
"4","Trait5","mrMLM","NsiI.TP428448","4","61575191","3.3229e-06","7e-04","A"
"4","Trait5","mrMLM","NsiI.TP501409","4","61584139","-1.8441e-05","0.004","A"
"4","Trait5","mrMLM","PstI.TP132951","4","61588969","-2.2607e-05","0.0049","A"
"4","Trait5","mrMLM","NsiI.TP386644","4","61598292","-0.3235","2.5776","A"
"4","Trait5","mrMLM","NsiI.TP121209","4","61601883","-1.3734e-05","0.003","A"
"4","Trait5","mrMLM","PstI.TP217361","4","61636102","2.6814e-05","0.0059","A"
"4","Trait5","mrMLM","PstI.TP31970","4","61637545","0.2807","1.2893","C"
"4","Trait5","mrMLM","PstI.TP215160","4","61674199","-0.0239","0.163","C"
"4","Trait5","mrMLM","PstI.TP312268","4","61681291","3.6659e-05","0.0081","C"
"4","Trait5","mrMLM","NsiI.TP616449","4","61697542","-0.0228","0.3133","A"
"4","Trait5","mrMLM","PstI.TP735408","4","61699435","-6.8468e-06","0.0015","C"
"4","Trait5","mrMLM","NsiI.TP411153","4","61701069","0.0978","0.7805","C"
"4","Trait5","mrMLM","PstI.TP418753","4","61701153","3.9721e-06","9e-04","G"
"4","Trait5","mrMLM","PstI.TP489911","4","61715101","-1.1854e-05","0.0026","C"
"4","Trait5","mrMLM","NsiI.TP272884","4","61723781","5.355e-06","0.0012","C"
"4","Trait5","mrMLM","PstI.TP62485","4","61781548","-1.519e-05","0.0033","C"
"4","Trait5","mrMLM","PstI.TP921956","4","61812706","-0.0629","0.2526","A"
"4","Trait5","mrMLM","PstI.TP225948","4","61822195","-2.5267e-05","0.0055","A"
"4","Trait5","mrMLM","NsiI.TP428123","4","61822701","0.0055","0.077","A"
"4","Trait5","mrMLM","PstI.TP904927","4","61826204","-0.0076","0.0962","A"
"4","Trait5","mrMLM","PstI.TP640478","4","61836372","2.0225e-06","4e-04","C"
"4","Trait5","mrMLM","NsiI.TP754826","4","61865843","3.4716e-06","8e-04","A"
"4","Trait5","mrMLM","PstI.TP148299","4","61873463","-0.0425","0.3428","A"
"4","Trait5","mrMLM","PstI.TP1070522","4","61873549","2.0904e-05","0.0046","C"
"4","Trait5","mrMLM","NsiI.TP274412","4","61884326","-0.2142","1.0899","A"
"4","Trait5","mrMLM","NsiI.TP422414","4","61888068","-1.139e-05","0.0025","A"
"4","Trait5","mrMLM","NsiI.TP465080","4","61888499","0.1245","0.5884","A"
"4","Trait5","mrMLM","PstI.TP1018329","4","61899900","-1.1797e-05","0.0026","C"
"4","Trait5","mrMLM","PstI.TP1018327","4","61899904","-1.5844e-05","0.0035","A"
"4","Trait5","mrMLM","PstI.TP329049","4","61906990","2.0151e-05","0.0044","C"
"4","Trait5","mrMLM","PstI.TP135159","4","61910558","-1.2339e-05","0.0027","A"
"4","Trait5","mrMLM","PstI.TP82085","4","61916933","0.0281","0.2584","C"
"4","Trait5","mrMLM","PstI.TP17501","4","61933860","-0.0664","0.812","C"
"4","Trait5","mrMLM","NsiI.TP187220","4","61962061","-0.229","1.0358","G"
"4","Trait5","mrMLM","PstI.TP271864","4","61963597","-1.0781e-05","0.0024","A"
"4","Trait5","mrMLM","NsiI.TP406314","4","61971757","0.2842","1.3089","C"
"4","Trait5","mrMLM","PstI.TP253405","4","61972491","0.2697","1.963","G"
"4","Trait5","mrMLM","PstI.TP306248","4","62016244","-2.5193e-05","0.0055","C"
"4","Trait5","mrMLM","NsiI.TP421648","4","62016412","3.8599e-06","8e-04","A"
"4","Trait5","mrMLM","NsiI.TP421649","4","62016431","-7.4225e-06","0.0016","C"
"4","Trait5","mrMLM","NsiI.TP470652","4","62039284","-1.5816e-05","0.0035","C"
"4","Trait5","mrMLM","PstI.TP1280568","4","62064362","-3.0796e-06","7e-04","A"
"4","Trait5","mrMLM","PstI.TP385172","4","62066420","-1.8753e-05","0.0041","G"
"4","Trait5","mrMLM","NsiI.TP477452","4","62086792","6.9879e-06","0.0015","C"
"4","Trait5","mrMLM","NsiI.TP431359","4","62086798","-1.1039e-05","0.0024","C"
"4","Trait5","mrMLM","NsiI.TP223397","4","62086809","-5.6513e-07","1e-04","G"
"4","Trait5","mrMLM","PstI.TP183796","4","62086895","-2.3559e-05","0.0052","G"
"4","Trait5","mrMLM","NsiI.TP245516","4","62088290","-4.916e-07","1e-04","A"
"4","Trait5","mrMLM","PstI.TP18847","4","62088357","-1.0159e-05","0.0022","A"
"4","Trait5","mrMLM","PstI.TP1234257","4","62088432","-9.375e-06","0.002","A"
"4","Trait5","mrMLM","NsiI.TP516860","4","62091963","-0.1455","0.8992","C"
"4","Trait5","mrMLM","NsiI.TP720441","4","62093773","4.5549e-06","0.001","A"
"4","Trait5","mrMLM","PstI.TP124955","4","62104155","-0.0668","0.5576","A"
"4","Trait5","mrMLM","NsiI.TP426566","4","62107460","-0.1353","0.7797","C"
"4","Trait5","mrMLM","NsiI.TP232571","4","62107475","6.6264e-06","0.0014","C"
"4","Trait5","mrMLM","NsiI.TP652791","4","62117782","5.0198e-06","0.0011","C"
"4","Trait5","mrMLM","NsiI.TP57571","4","62124296","-1.1245e-05","0.0025","C"
"4","Trait5","mrMLM","NsiI.TP809203","4","62124617","2.6377e-05","0.0058","A"
"4","Trait5","mrMLM","NsiI.TP465122","4","62164029","0.1625","0.8091","A"
"4","Trait5","mrMLM","PstI.TP97948","4","62169074","-9.9897e-06","0.0022","C"
"4","Trait5","mrMLM","PstI.TP530075","4","62172111","2.1606e-05","0.0047","C"
"4","Trait5","mrMLM","NsiI.TP764690","4","62188869","2.6076e-05","0.0057","A"
"4","Trait5","mrMLM","PstI.TP1026977","4","62207098","-0.0692","0.7859","C"
"4","Trait5","mrMLM","PstI.TP1191815","4","62207485","-0.0709","0.427","A"
"4","Trait5","mrMLM","PstI.TP1191619","4","62207517","0.0891","0.3319","A"
"4","Trait5","mrMLM","NsiI.TP77592","4","62215488","-1.712e-05","0.0037","C"
"4","Trait5","mrMLM","PstI.TP1206314","4","62217549","1.8929e-06","4e-04","C"
"4","Trait5","mrMLM","NsiI.TP460633","4","62266318","-0.106","0.7796","C"
"4","Trait5","mrMLM","NsiI.TP344858","4","62266493","1.2365e-05","0.0027","C"
"4","Trait5","mrMLM","NsiI.TP231428","4","62267165","-8.1325e-06","0.0018","C"
"4","Trait5","mrMLM","NsiI.TP534892","4","62270547","7.8823e-06","0.0017","G"
"4","Trait5","mrMLM","PstI.TP912316","4","62270706","-8.5906e-07","2e-04","A"
"4","Trait5","mrMLM","NsiI.TP41627","4","62271201","1.6462e-08","3.5824e-06","A"
"4","Trait5","mrMLM","NsiI.TP567481","4","62273436","5.0197e-07","1e-04","A"
"4","Trait5","mrMLM","NsiI.TP629858","4","62278205","1.25e-06","3e-04","C"
"4","Trait5","mrMLM","NsiI.TP756597","4","62292852","1.0838e-06","2e-04","A"
"4","Trait5","mrMLM","PstI.TP879592","4","62334370","9.1502e-06","0.002","A"
"4","Trait5","mrMLM","PstI.TP47906","4","62352139","-4.3244e-06","9e-04","C"
"4","Trait5","mrMLM","PstI.TP47907","4","62352140","-9.2544e-06","0.002","G"
"4","Trait5","mrMLM","PstI.TP515773","4","62359619","2.1415e-06","5e-04","A"
"4","Trait5","mrMLM","NsiI.TP520297","4","62377512","0.0781","0.4756","A"
"4","Trait5","mrMLM","PstI.TP292445","4","62388173","-1.1974e-05","0.0026","C"
"4","Trait5","mrMLM","PstI.TP616383","4","62388178","-2.0991e-06","5e-04","A"
"4","Trait5","mrMLM","PstI.TP24650","4","62388602","3.7612e-06","8e-04","G"
"4","Trait5","mrMLM","PstI.TP261685","4","62397167","-7.7494e-07","2e-04","A"
"4","Trait5","mrMLM","PstI.TP714069","4","62405613","-1.32e-05","0.0029","C"
"4","Trait5","mrMLM","PstI.TP714065","4","62405622","2.8313e-05","0.0062","C"
"4","Trait5","mrMLM","NsiI.TP420166","4","62406653","-5.5673e-06","0.0012","A"
"4","Trait5","mrMLM","PstI.TP363720","4","62413852","2.8104e-06","6e-04","G"
"4","Trait5","mrMLM","NsiI.TP353877","4","62416407","0.025","0.2811","A"
"4","Trait5","mrMLM","PstI.TP897735","4","62426082","2.0001e-05","0.0044","C"
"4","Trait5","mrMLM","PstI.TP1106834","4","62465168","-0.046","0.5273","A"
"4","Trait5","mrMLM","PstI.TP291533","4","62487724","-1.0998e-05","0.0024","A"
"4","Trait5","mrMLM","NsiI.TP346002","4","62491522","-2.6619e-05","0.0058","C"
"4","Trait5","mrMLM","NsiI.TP383201","4","62497766","0.161","1.3914","C"
"4","Trait5","mrMLM","PstI.TP355955","4","62502762","2.1823e-05","0.0048","C"
"4","Trait5","mrMLM","PstI.TP800568","4","62556502","4.8867e-06","0.0011","C"
"4","Trait5","mrMLM","PstI.TP1110074","4","62567501","0.0973","1.1359","C"
"4","Trait5","mrMLM","NsiI.TP391506","4","62592587","-0.0737","0.7452","A"
"4","Trait5","mrMLM","NsiI.TP171356","4","62601440","-7.7005e-06","0.0017","A"
"4","Trait5","mrMLM","NsiI.TP88290","4","62601518","1.0657e-05","0.0023","A"
"4","Trait5","mrMLM","PstI.TP1158722","4","62602099","-4.4076e-06","0.001","G"
"4","Trait5","mrMLM","NsiI.TP444979","4","62604307","-5.1117e-06","0.0011","G"
"4","Trait5","mrMLM","NsiI.TP523625","4","62611853","1.3912e-05","0.003","C"
"4","Trait5","mrMLM","NsiI.TP596690","4","62618686","8.6888e-06","0.0019","G"
"4","Trait5","mrMLM","NsiI.TP628965","4","62618725","-0.2073","0.7371","C"
"4","Trait5","mrMLM","PstI.TP316265","4","62619548","7.999e-06","0.0017","C"
"4","Trait5","mrMLM","NsiI.TP667819","4","62655413","1.6259e-05","0.0036","C"
"4","Trait5","mrMLM","NsiI.TP667820","4","62655425","-1.5777e-05","0.0034","G"
"4","Trait5","mrMLM","PstI.TP902808","4","62660624","1.0128e-06","2e-04","C"
"4","Trait5","mrMLM","PstI.TP872370","4","62660710","6.4999e-06","0.0014","C"
"4","Trait5","mrMLM","NsiI.TP241418","4","62661277","6.3425e-06","0.0014","C"
"4","Trait5","mrMLM","NsiI.TP481245","4","62661836","-0.0247","0.244","A"
"4","Trait5","mrMLM","PstI.TP326062","4","62667190","-0.1331","0.9494","A"
"4","Trait5","mrMLM","PstI.TP752552","4","62667853","1.6451e-05","0.0036","C"
"4","Trait5","mrMLM","NsiI.TP300949","4","62679645","1.9829e-05","0.0043","C"
"4","Trait5","mrMLM","NsiI.TP654063","4","62694556","-9.3487e-07","2e-04","C"
"4","Trait5","mrMLM","NsiI.TP619966","4","62715383","-0.1158","0.6461","C"
"4","Trait5","mrMLM","NsiI.TP470480","4","62718987","0.006","0.0871","C"
"4","Trait5","mrMLM","PstI.TP581762","4","62741281","-2.4225e-06","5e-04","C"
"4","Trait5","mrMLM","NsiI.TP401725","4","62781794","2.2493e-06","5e-04","C"
"4","Trait5","mrMLM","PstI.TP399260","4","62782438","-0.0734","0.8933","A"
"4","Trait5","mrMLM","NsiI.TP441624","4","62793167","-0.0172","0.1747","C"
"4","Trait5","mrMLM","NsiI.TP30738","4","62801457","6.6011e-06","0.0014","A"
"4","Trait5","mrMLM","PstI.TP1005159","4","62806684","-9.1555e-06","0.002","A"
"4","Trait5","mrMLM","NsiI.TP142535","4","62807443","-3.0526e-05","0.0067","C"
"4","Trait5","mrMLM","NsiI.TP142716","4","62807443","1.9248e-05","0.0042","C"
"4","Trait5","mrMLM","PstI.TP140632","4","62818821","-2.6672e-05","0.0058","G"
"4","Trait5","mrMLM","NsiI.TP380963","4","62821952","1.0912e-05","0.0024","G"
"4","Trait5","mrMLM","PstI.TP116169","4","62823977","-2.0517e-05","0.0045","A"
"4","Trait5","mrMLM","NsiI.TP554532","4","62835732","8.4617e-06","0.0018","A"
"4","Trait5","mrMLM","PstI.TP445315","4","62847241","1.0567e-05","0.0023","C"
"4","Trait5","mrMLM","NsiI.TP362903","4","62857325","-8.2414e-06","0.0018","C"
"4","Trait5","mrMLM","PstI.TP96116","4","62857346","-1.4321e-06","3e-04","C"
"4","Trait5","mrMLM","PstI.TP935978","4","62874103","-1.5587e-05","0.0034","A"
"4","Trait5","mrMLM","PstI.TP20198","4","62878068","7.6562e-06","0.0017","C"
"4","Trait5","mrMLM","PstI.TP148721","4","62908145","-0.0443","0.5557","G"
"4","Trait5","mrMLM","NsiI.TP131578","4","62909243","-5.2713e-06","0.0011","A"
"4","Trait5","mrMLM","PstI.TP779762","4","62919374","-2.2183e-05","0.0049","A"
"4","Trait5","mrMLM","PstI.TP1079197","4","62919447","-6.2746e-06","0.0014","A"
"4","Trait5","mrMLM","PstI.TP1079268","4","62919464","-1.3579e-05","0.003","C"
"4","Trait5","mrMLM","PstI.TP851529","4","62928718","1.0589e-06","2e-04","A"
"4","Trait5","mrMLM","PstI.TP1116864","4","62936275","8.9281e-07","2e-04","C"
"4","Trait5","mrMLM","NsiI.TP38876","4","62961181","-6.0104e-06","0.0013","G"
"4","Trait5","mrMLM","NsiI.TP772698","4","62962801","0.0156","0.122","A"
"4","Trait5","mrMLM","PstI.TP255790","4","62973709","0.0766","0.5474","A"
"4","Trait5","mrMLM","PstI.TP323364","4","62975018","-1.9455e-05","0.0043","C"
"4","Trait5","mrMLM","NsiI.TP653888","4","62981225","1.5393e-05","0.0034","C"
"4","Trait5","mrMLM","PstI.TP907753","4","63007722","-1.3844e-06","3e-04","A"
"4","Trait5","mrMLM","PstI.TP1049433","4","63028581","3.836e-06","8e-04","C"
"4","Trait5","mrMLM","PstI.TP202256","4","63030148","0.0874","0.8975","G"
"4","Trait5","mrMLM","NsiI.TP418754","4","63031223","1.8678e-06","4e-04","G"
"4","Trait5","mrMLM","NsiI.TP381385","4","63048705","-0.119","0.6635","A"
"4","Trait5","mrMLM","PstI.TP998493","4","63061332","-1.6836e-05","0.0037","A"
"4","Trait5","mrMLM","NsiI.TP293204","4","63136741","2.8052e-05","0.0061","G"
"4","Trait5","mrMLM","PstI.TP372292","4","63140103","-0.0902","0.9003","G"
"4","Trait5","mrMLM","PstI.TP1281337","4","63140625","1.1966e-05","0.0026","A"
"4","Trait5","mrMLM","PstI.TP851036","4","63147239","3.5426e-06","8e-04","A"
"4","Trait5","mrMLM","NsiI.TP291097","4","63153796","-0.0179","0.2804","C"
"4","Trait5","mrMLM","NsiI.TP89701","4","63161916","0.255","2.0629","C"
"4","Trait5","mrMLM","PstI.TP1060177","4","63162311","-1.2991e-05","0.0028","A"
"4","Trait5","mrMLM","PstI.TP218681","4","63185459","-1.1095e-05","0.0024","A"
"4","Trait5","mrMLM","PstI.TP1013203","4","63222160","1.5455e-05","0.0034","A"
"4","Trait5","mrMLM","NsiI.TP746204","4","63241357","1.1396e-05","0.0025","C"
"4","Trait5","mrMLM","PstI.TP795013","4","63258422","2.4574e-05","0.0054","C"
"4","Trait5","mrMLM","NsiI.TP275198","4","63331598","-0.0182","0.2356","A"
"4","Trait5","mrMLM","NsiI.TP19220","4","63342908","-2.4131e-06","5e-04","A"
"4","Trait5","mrMLM","PstI.TP1177728","4","63343156","-2.858e-05","0.0063","A"
"4","Trait5","mrMLM","NsiI.TP497285","4","63347883","0.1485","0.9114","A"
"4","Trait5","mrMLM","PstI.TP539017","4","63389349","-0.3014","2.0367","C"
"4","Trait5","mrMLM","NsiI.TP615944","4","63403477","5.0361e-06","0.0011","A"
"4","Trait5","mrMLM","PstI.TP743400","4","63406186","-1.0442e-05","0.0023","A"
"4","Trait5","mrMLM","NsiI.TP535034","4","63433832","0.0244","0.2135","C"
"4","Trait5","mrMLM","PstI.TP148548","4","63450033","0.1228","0.5184","A"
"4","Trait5","mrMLM","NsiI.TP37233","4","63459238","-1.5417e-05","0.0034","A"
"4","Trait5","mrMLM","NsiI.TP16887","4","63498944","-0.2482","1.8955","C"
"4","Trait5","mrMLM","NsiI.TP523920","4","63502663","4.1025e-06","9e-04","C"
"4","Trait5","mrMLM","PstI.TP90759","4","63508658","2.7533e-05","0.006","A"
"4","Trait5","mrMLM","NsiI.TP621625","4","63520679","8.9327e-06","0.0019","C"
"4","Trait5","mrMLM","NsiI.TP621627","4","63520710","1.2968e-05","0.0028","C"
"4","Trait5","mrMLM","NsiI.TP616138","4","63524148","-3.333e-06","7e-04","A"
"4","Trait5","mrMLM","NsiI.TP547744","4","63524404","4.069e-05","0.0089","G"
"4","Trait5","mrMLM","NsiI.TP557441","4","63526272","-9.8723e-06","0.0022","C"
"4","Trait5","mrMLM","NsiI.TP602426","4","63529057","-1.0035e-05","0.0022","A"
"4","Trait5","mrMLM","PstI.TP210346","4","63537333","1.6917e-05","0.0037","G"
"4","Trait5","mrMLM","PstI.TP124241","4","63545264","1.8208e-05","0.004","C"
"4","Trait5","mrMLM","NsiI.TP832907","4","63546866","1.7441e-05","0.0038","C"
"4","Trait5","mrMLM","PstI.TP1061810","4","63549278","2.4417e-05","0.0053","A"
"4","Trait5","mrMLM","NsiI.TP702311","4","63557488","0.0247","0.2663","A"
"4","Trait5","mrMLM","NsiI.TP205252","4","63574731","-1.2884e-05","0.0028","A"
"4","Trait5","mrMLM","NsiI.TP532588","4","63590845","4.9537e-06","0.0011","A"
"4","Trait5","mrMLM","PstI.TP481636","4","63595070","2.3649e-05","0.0052","G"
"4","Trait5","mrMLM","PstI.TP231439","4","63596389","2.7486e-05","0.006","A"
"4","Trait5","mrMLM","NsiI.TP747739","4","63612185","3.5637e-06","8e-04","C"
"4","Trait5","mrMLM","PstI.TP446782","4","63627667","7.5754e-07","2e-04","C"
"4","Trait5","mrMLM","PstI.TP446786","4","63627688","-0.095","0.5243","C"
"4","Trait5","mrMLM","PstI.TP192937","4","63645869","-2.9382e-05","0.0064","C"
"4","Trait5","mrMLM","PstI.TP1132955","4","63683010","0.1265","1.5247","C"
"4","Trait5","mrMLM","PstI.TP730739","4","63686611","0.0632","0.6798","A"
"4","Trait5","mrMLM","GFSSContig6638_165","4","63701520","-2.6426e-05","0.0058","C"
"4","Trait5","mrMLM","PstI.TP76584","4","63703400","-0.001","0.0325","A"
"4","Trait5","mrMLM","NsiI.TP814389","4","63710676","-0.0605","0.6232","C"
"4","Trait5","mrMLM","NsiI.TP427564","4","63741434","-4.3885e-06","0.001","C"
"4","Trait5","mrMLM","PstI.TP191152","4","63743393","0.0375","0.4445","A"
"4","Trait5","mrMLM","PstI.TP360206","4","63745993","-2.1971e-05","0.0048","A"
"4","Trait5","mrMLM","PstI.TP607276","4","63756227","-8.263e-06","0.0018","A"
"4","Trait5","mrMLM","PstI.TP846457","4","63756305","2.6557e-05","0.0058","A"
"4","Trait5","mrMLM","NsiI.TP623340","4","63759899","0.0717","0.2984","C"
"4","Trait5","mrMLM","NsiI.TP779177","4","63763133","-2.393e-05","0.0052","A"
"4","Trait5","mrMLM","NsiI.TP486035","4","63767057","8.1643e-06","0.0018","A"
"4","Trait5","mrMLM","NsiI.TP213953","4","63777162","-1.8699e-05","0.0041","C"
"4","Trait5","mrMLM","NsiI.TP423113","4","63778159","0.1151","1.535","A"
"4","Trait5","mrMLM","PstI.TP34781","4","63779010","1.1968e-05","0.0026","A"
"4","Trait5","mrMLM","PstI.TP508410","4","63781975","0.0326","0.3141","A"
"4","Trait5","mrMLM","PstI.TP1091010","4","63784704","-1.5186e-05","0.0033","A"
"4","Trait5","mrMLM","NsiI.TP235140","4","63809795","-0.0857","0.7028","A"
"4","Trait5","mrMLM","PstI.TP1109460","4","63813642","1.2853e-05","0.0028","C"
"4","Trait5","mrMLM","PstI.TP15439","4","63831550","-0.0672","0.2605","C"
"4","Trait5","mrMLM","GFSSContig11762_328","4","63855105","1.4184e-05","0.0031","A"
"4","Trait5","mrMLM","NsiI.TP458777","4","63858606","1.946e-06","4e-04","G"
"4","Trait5","mrMLM","PstI.TP782757","4","63864528","-8.6989e-06","0.0019","A"
"4","Trait5","mrMLM","PstI.TP848725","4","63867493","-2.0195e-05","0.0044","A"
"4","Trait5","mrMLM","PstI.TP124910","4","63868777","-0.0247","0.192","C"
"4","Trait5","mrMLM","PstI.TP543421","4","63884177","-1.6939e-05","0.0037","A"
"4","Trait5","mrMLM","NsiI.TP17889","4","63914135","-2.1849e-06","5e-04","C"
"4","Trait5","mrMLM","PstI.TP1032679","4","63918789","5.9889e-06","0.0013","A"
"4","Trait5","mrMLM","PstI.TP204533","4","63925012","1.444e-05","0.0032","A"
"4","Trait5","mrMLM","PstI.TP204536","4","63925016","0.1102","1.3969","C"
"4","Trait5","mrMLM","PstI.TP716545","4","63930854","0.1164","0.7952","A"
"4","Trait5","mrMLM","PstI.TP617376","4","63931951","-2.364e-05","0.0052","C"
"4","Trait5","mrMLM","PstI.TP624185","4","63940317","-2.5864e-06","6e-04","A"
"4","Trait5","mrMLM","NsiI.TP60358","4","63943796","-9.9604e-06","0.0022","G"
"4","Trait5","mrMLM","PstI.TP63901","4","63947762","-6.1856e-06","0.0013","A"
"4","Trait5","mrMLM","GFSSContig20291_500","4","63959499","-0.1163","0.7576","C"
"4","Trait5","mrMLM","PstI.TP133435","4","63963901","0.1052","0.6671","A"
"4","Trait5","mrMLM","NsiI.TP216444","4","63995427","-0.1184","0.6298","C"
"4","Trait5","mrMLM","PstI.TP375918","4","64036837","-1.9425e-07","4.2282e-05","C"
"4","Trait5","mrMLM","PstI.TP1069480","4","64046844","-1.8062e-05","0.0039","G"
"4","Trait5","mrMLM","NsiI.TP178484","4","64046844","-1.0731e-06","2e-04","G"
"4","Trait5","mrMLM","PstI.TP972577","4","64049091","-5.9315e-06","0.0013","C"
"4","Trait5","mrMLM","PstI.TP1107345","4","64050951","0.249","1.2814","C"
"4","Trait5","mrMLM","PstI.TP755744","4","64052471","-0.078","0.962","A"
"4","Trait5","mrMLM","NsiI.TP630293","4","64053024","0.0534","0.2227","G"
"4","Trait5","mrMLM","PstI.TP1210805","4","64071904","-2.3098e-05","0.0051","C"
"4","Trait5","mrMLM","NsiI.TP454370","4","64079408","4.0309e-06","9e-04","C"
"4","Trait5","mrMLM","PstI.TP733544","4","64088527","2.1312e-05","0.0047","C"
"4","Trait5","mrMLM","PstI.TP709703","4","64095455","-1.077e-05","0.0024","G"
"4","Trait5","mrMLM","NsiI.TP671416","4","64104208","2.9282e-05","0.0064","C"
"4","Trait5","mrMLM","PstI.TP709133","4","64107407","-0.03","0.2182","A"
"4","Trait5","mrMLM","PstI.TP1010975","4","64109456","5.6029e-06","0.0012","A"
"4","Trait5","mrMLM","NsiI.TP10339","4","64117829","1.7883e-05","0.0039","C"
"4","Trait5","mrMLM","PstI.TP704986","4","64139599","-3.7706e-05","0.0083","C"
"4","Trait5","mrMLM","NsiI.TP256639","4","64139724","1.2193e-05","0.0027","A"
"4","Trait5","mrMLM","NsiI.TP752299","4","64144367","-0.0421","0.5518","C"
"4","Trait5","mrMLM","PstI.TP1065024","4","64144622","-6.0666e-08","1.3205e-05","C"
"4","Trait5","mrMLM","NsiI.TP102411","4","64145764","0.0691","0.3975","C"
"4","Trait5","mrMLM","PstI.TP456924","4","64155752","0.0303","0.3382","A"
"4","Trait5","mrMLM","PstI.TP781181","4","64170054","0.02","0.2493","A"
"4","Trait5","mrMLM","PstI.TP957692","4","64171859","-0.2176","0.753","G"
"4","Trait5","mrMLM","PstI.TP927803","4","64177739","-0.1365","0.9621","A"
"4","Trait5","mrMLM","GFSSContig11905_521","4","64195928","-1.917e-06","4e-04","T"
"4","Trait5","mrMLM","PstI.TP623528","4","64207059","2.0512e-05","0.0045","G"
"4","Trait5","mrMLM","PstI.TP1087387","4","64217108","1.2726e-05","0.0028","C"
"4","Trait5","mrMLM","PstI.TP1201717","4","64220983","-1.3572e-05","0.003","G"
"4","Trait5","mrMLM","NsiI.TP39840","4","64225966","8.5578e-06","0.0019","C"
"4","Trait5","mrMLM","NsiI.TP628490","4","64226012","-7.1319e-06","0.0016","G"
"4","Trait5","mrMLM","PstI.TP1027083","4","64254345","-3.6863e-06","8e-04","C"
"4","Trait5","mrMLM","PstI.TP443858","4","64255779","0.0162","0.2487","C"
"4","Trait5","mrMLM","NsiI.TP764307","4","64259805","0.1844","1.7316","C"
"4","Trait5","mrMLM","PstI.TP1235909","4","64295006","-2.5656e-08","5.5834e-06","A"
"4","Trait5","mrMLM","PstI.TP1103515","4","64317592","-1.0236e-05","0.0022","C"
"4","Trait5","mrMLM","NsiI.TP749891","4","64319527","-0.113","1.1078","A"
"4","Trait5","mrMLM","PstI.TP168720","4","64338756","-7.3486e-07","2e-04","A"
"4","Trait5","mrMLM","PstI.TP1105523","4","64345645","2.8407e-06","6e-04","A"
"4","Trait5","mrMLM","PstI.TP540398","4","64345790","8.9237e-06","0.0019","A"
"4","Trait5","mrMLM","NsiI.TP114999","4","64349557","2.1827e-05","0.0048","A"
"4","Trait5","mrMLM","PstI.TP666378","4","64361282","-3.0784e-05","0.0068","C"
"4","Trait5","mrMLM","PstI.TP269711","4","64361312","0.0036","0.0631","C"
"4","Trait5","mrMLM","NsiI.TP769746","4","64369918","0.0069","0.149","A"
"4","Trait5","mrMLM","PstI.TP606269","4","64391752","0.0434","0.5348","A"
"4","Trait5","mrMLM","NsiI.TP173071","4","64391873","1.7026e-06","4e-04","A"
"4","Trait5","mrMLM","PstI.TP807286","4","64392835","1.0565e-05","0.0023","A"
"4","Trait5","mrMLM","PstI.TP807742","4","64392862","6.4703e-06","0.0014","C"
"4","Trait5","mrMLM","NsiI.TP55777","4","64398950","-2.201e-05","0.0048","A"
"4","Trait5","mrMLM","PstI.TP661482","4","64403950","-0.0474","0.2072","A"
"4","Trait5","mrMLM","PstI.TP120297","4","64404036","-4.7656e-06","0.001","C"
"4","Trait5","mrMLM","NsiI.TP720736","4","64408736","-0.1224","0.7781","A"
"4","Trait5","mrMLM","PstI.TP30876","4","64417508","-0.1484","0.8676","A"
"4","Trait5","mrMLM","PstI.TP43749","4","64417921","-8.8053e-06","0.0019","A"
"4","Trait5","mrMLM","NsiI.TP810817","4","64419229","-9.1946e-06","0.002","A"
"4","Trait5","mrMLM","PstI.TP689316","4","64420154","0.1164","0.6211","C"
"4","Trait5","mrMLM","PstI.TP1129300","4","64425706","2.5864e-05","0.0057","A"
"4","Trait5","mrMLM","PstI.TP1129303","4","64425723","-0.1304","1.1904","G"
"4","Trait5","mrMLM","PstI.TP13393","4","64426621","-0.0208","0.1427","A"
"4","Trait5","mrMLM","PstI.TP213208","4","64429744","0.0998","0.9253","A"
"4","Trait5","mrMLM","PstI.TP1076410","4","64432131","-0.0896","0.8803","C"
"4","Trait5","mrMLM","PstI.TP1098484","4","64432193","2.012e-05","0.0044","A"
"4","Trait5","mrMLM","PstI.TP205600","4","64440680","-2.1125e-05","0.0046","A"
"4","Trait5","mrMLM","PstI.TP175653","4","64445662","2.2675e-05","0.005","C"
"4","Trait5","mrMLM","PstI.TP6534","4","64452246","-0.0594","0.7179","A"
"4","Trait5","mrMLM","PstI.TP183256","4","64453319","3.5219e-06","8e-04","A"
"4","Trait5","mrMLM","PstI.TP606388","4","64492249","1.7889e-05","0.0039","C"
"4","Trait5","mrMLM","PstI.TP1250174","4","64499932","-6.5783e-06","0.0014","A"
"4","Trait5","mrMLM","PstI.TP647174","4","64522319","-7.1945e-06","0.0016","C"
"4","Trait5","mrMLM","NsiI.TP545793","4","64534540","-6.6908e-07","1e-04","C"
"4","Trait5","mrMLM","NsiI.TP645275","4","64546160","-0.2523","1.4384","A"
"4","Trait5","mrMLM","NsiI.TP68061","4","64559181","0.0453","0.1964","A"
"4","Trait5","mrMLM","NsiI.TP222294","4","64581473","4.2748e-06","9e-04","A"
"4","Trait5","mrMLM","PstI.TP1149954","4","64598680","8.2101e-06","0.0018","C"
"4","Trait5","mrMLM","GFSSContig19131_53","4","64612554","-0.0062","0.1178","A"
"4","Trait5","mrMLM","PstI.TP875356","4","64648230","1.0953e-05","0.0024","G"
"4","Trait5","mrMLM","NsiI.TP687498","4","64651017","0.0687","0.3449","A"
"4","Trait5","mrMLM","PstI.TP796634","4","64652977","0.2234","1.1454","A"
"4","Trait5","mrMLM","PstI.TP876384","4","64653053","-9.3669e-07","2e-04","C"
"4","Trait5","mrMLM","PstI.TP1152688","4","64664726","1.9231e-05","0.0042","G"
"4","Trait5","mrMLM","PstI.TP215577","4","64665510","0.0431","0.3694","A"
"4","Trait5","mrMLM","PstI.TP846992","4","64699401","-6.2153e-06","0.0014","A"
"4","Trait5","mrMLM","PstI.TP1072632","4","64699457","0.1194","0.5448","C"
"4","Trait5","mrMLM","NsiI.TP631515","4","64699461","-0.0483","0.2355","A"
"4","Trait5","mrMLM","PstI.TP450151","4","64705272","-0.2924","2.5095","A"
"4","Trait5","mrMLM","PstI.TP654201","4","64705707","7.1292e-06","0.0016","C"
"4","Trait5","mrMLM","PstI.TP574508","4","64705794","0.1948","0.9771","C"
"4","Trait5","mrMLM","PstI.TP182812","4","64721625","-1.9494e-06","4e-04","A"
"4","Trait5","mrMLM","NsiI.TP690321","4","64728981","-2.5907e-05","0.0057","A"
"4","Trait5","mrMLM","PstI.TP324145","4","64728984","-2.9259e-05","0.0064","A"
"4","Trait5","mrMLM","NsiI.TP331069","4","64730604","-1.8793e-05","0.0041","G"
"4","Trait5","mrMLM","NsiI.TP205268","4","64749541","1.5059e-05","0.0033","C"
"4","Trait5","mrMLM","NsiI.TP205267","4","64749548","-0.0228","0.2177","C"
"4","Trait5","mrMLM","PstI.TP343382","4","64752255","0.0183","0.2086","A"
"4","Trait5","mrMLM","PstI.TP721355","4","64776340","5.7217e-06","0.0012","C"
"4","Trait5","mrMLM","NsiI.TP549397","4","64780624","-0.2299","0.7494","C"
"4","Trait5","mrMLM","PstI.TP1238248","4","64784268","3.0164e-06","7e-04","G"
"4","Trait5","mrMLM","NsiI.TP353761","4","64800026","-6.9274e-06","0.0015","A"
"4","Trait5","mrMLM","NsiI.TP381787","4","64818074","5.1502e-06","0.0011","C"
"4","Trait5","mrMLM","NsiI.TP615492","4","64860373","4.2202e-05","0.0093","A"
"4","Trait5","mrMLM","PstI.TP864688","4","64861717","-1.8797e-06","4e-04","G"
"4","Trait5","mrMLM","PstI.TP55216","4","64877815","-0.1047","0.9318","A"
"4","Trait5","mrMLM","PstI.TP117569","4","64900260","-0.0857","0.5764","A"
"4","Trait5","mrMLM","PstI.TP1103944","4","64923940","4.0248e-06","9e-04","C"
"4","Trait5","mrMLM","PstI.TP1224835","4","64944826","-0.2305","1.5381","A"
"4","Trait5","mrMLM","NsiI.TP472284","4","64948254","0.0956","0.6079","A"
"4","Trait5","mrMLM","NsiI.TP474637","4","64956610","-2.2549e-05","0.0049","A"
"4","Trait5","mrMLM","NsiI.TP809077","4","64960361","2.9013e-06","6e-04","C"
"4","Trait5","mrMLM","PstI.TP51816","4","64961913","-1.3007e-05","0.0028","C"
"4","Trait5","mrMLM","PstI.TP51796","4","64961942","1.7994e-05","0.0039","C"
"4","Trait5","mrMLM","PstI.TP797042","4","64966171","-1.5306e-05","0.0033","A"
"4","Trait5","mrMLM","PstI.TP827666","4","64986110","0.0998","0.7293","A"
"4","Trait5","mrMLM","PstI.TP166376","4","64988711","-0.1683","1.3978","C"
"4","Trait5","mrMLM","PstI.TP875866","4","64992383","-0.0271","0.2064","C"
"4","Trait5","mrMLM","PstI.TP715604","4","64992446","1.5864e-05","0.0035","G"
"4","Trait5","mrMLM","PstI.TP715597","4","64992470","-1.9929e-05","0.0044","C"
"4","Trait5","mrMLM","PstI.TP509234","4","64995821","0.0826","0.4728","C"
"4","Trait5","mrMLM","NsiI.TP731079","4","65001493","3.5749e-05","0.0079","A"
"4","Trait5","mrMLM","PstI.TP893116","4","65009518","-1.8139e-05","0.004","C"
"4","Trait5","mrMLM","PstI.TP10284","4","65014285","-1.3958e-05","0.003","A"
"4","Trait5","mrMLM","PstI.TP841394","4","65018974","1.0748e-05","0.0023","G"
"4","Trait5","mrMLM","NsiI.TP54335","4","65033704","-4.9265e-06","0.0011","G"
"4","Trait5","mrMLM","NsiI.TP54334","4","65033748","-3.0585e-05","0.0067","A"
"4","Trait5","mrMLM","NsiI.TP515628","4","65040640","1.7365e-05","0.0038","A"
"4","Trait5","mrMLM","NsiI.TP570942","4","65042109","-0.0235","0.1295","C"
"4","Trait5","mrMLM","PstI.TP8057","4","65042663","1.5594e-06","3e-04","A"
"4","Trait5","mrMLM","PstI.TP329984","4","65045602","-9.5353e-06","0.0021","C"
"4","Trait5","mrMLM","PstI.TP830140","4","65047024","-3.5458e-06","8e-04","A"
"4","Trait5","mrMLM","PstI.TP438893","4","65055676","-0.1125","1.3686","C"
"4","Trait5","mrMLM","NsiI.TP483843","4","65064996","8.8359e-06","0.0019","C"
"4","Trait5","mrMLM","PstI.TP673282","4","65067106","-0.2082","1.386","A"
"4","Trait5","mrMLM","NsiI.TP464299","4","65071799","1.5613e-05","0.0034","G"
"4","Trait5","mrMLM","NsiI.TP463935","4","65072268","5.4026e-07","1e-04","C"
"4","Trait5","mrMLM","NsiI.TP390287","4","65096478","0.1306","0.7142","A"
"4","Trait5","mrMLM","NsiI.TP501032","4","65120511","-1.2393e-05","0.0027","G"
"4","Trait5","mrMLM","NsiI.TP678700","4","65155148","-6.5443e-06","0.0014","C"
"4","Trait5","mrMLM","NsiI.TP299775","4","65160395","-6.2888e-06","0.0014","G"
"4","Trait5","mrMLM","NsiI.TP536533","4","65163032","-0.056","0.2914","A"
"4","Trait5","mrMLM","NsiI.TP287507","4","65166149","-1.4188e-05","0.0031","A"
"4","Trait5","mrMLM","PstI.TP1098463","4","65166320","-0.1707","0.8992","C"
"4","Trait5","mrMLM","PstI.TP1281372","4","65195494","-0.0816","1.0784","G"
"4","Trait5","mrMLM","PstI.TP298216","4","65195870","3.2975e-05","0.0072","A"
"4","Trait5","mrMLM","PstI.TP1145771","4","65196190","2.2121e-05","0.0048","A"
"4","Trait5","mrMLM","NsiI.TP218126","4","65196236","2.4251e-05","0.0053","A"
"4","Trait5","mrMLM","NsiI.TP218127","4","65196239","-0.0213","0.145","A"
"4","Trait5","mrMLM","PstI.TP930698","4","65199203","1.7574e-06","4e-04","C"
"4","Trait5","mrMLM","NsiI.TP378254","4","65205428","-7.3139e-07","2e-04","C"
"4","Trait5","mrMLM","NsiI.TP11817","4","65206130","2.7467e-05","0.006","A"
"4","Trait5","mrMLM","PstI.TP1127458","4","65207621","8.1837e-06","0.0018","A"
"4","Trait5","mrMLM","NsiI.TP92361","4","65221775","-9.2064e-06","0.002","C"
"4","Trait5","mrMLM","PstI.TP927030","4","65223900","-1.019e-06","2e-04","A"
"4","Trait5","mrMLM","PstI.TP775998","4","65225463","0.2133","0.7666","A"
"4","Trait5","mrMLM","PstI.TP927018","4","65225492","-2.1783e-06","5e-04","A"
"4","Trait5","mrMLM","NsiI.TP510102","4","65229551","-1.3095e-06","3e-04","C"
"4","Trait5","mrMLM","NsiI.TP439138","4","65249763","-3.9982e-06","9e-04","C"
"4","Trait5","mrMLM","PstI.TP249032","4","65257396","0.0466","0.5372","C"
"4","Trait5","mrMLM","PstI.TP547430","4","65269364","1.8824e-06","4e-04","A"
"4","Trait5","mrMLM","PstI.TP545187","4","65279537","-5.9957e-06","0.0013","G"
"4","Trait5","mrMLM","NsiI.TP529669","4","65280845","1.9562e-05","0.0043","C"
"4","Trait5","mrMLM","NsiI.TP218187","4","65282034","3.5585e-06","8e-04","C"
"4","Trait5","mrMLM","PstI.TP817671","4","65282642","2.6031e-05","0.0057","A"
"4","Trait5","mrMLM","PstI.TP444295","4","65282850","1.7018e-05","0.0037","G"
"4","Trait5","mrMLM","NsiI.TP753474","4","65338075","-0.23","0.8101","C"
"4","Trait5","mrMLM","NsiI.TP699660","4","65339323","6.8117e-06","0.0015","A"
"4","Trait5","mrMLM","NsiI.TP36159","4","65339391","1.9704e-05","0.0043","A"
"4","Trait5","mrMLM","PstI.TP424929","4","65348596","-0.2374","1.044","C"
"4","Trait5","mrMLM","PstI.TP821395","4","65350082","-1.6869e-05","0.0037","C"
"4","Trait5","mrMLM","PstI.TP1293053","4","65354699","-1.131e-05","0.0025","A"
"4","Trait5","mrMLM","PstI.TP927409","4","65365468","3.6519e-05","0.008","A"
"4","Trait5","mrMLM","PstI.TP713801","4","65367669","0.0849","0.861","C"
"4","Trait5","mrMLM","PstI.TP1266802","4","65367682","-0.0499","0.3104","A"
"4","Trait5","mrMLM","PstI.TP160378","4","65368583","-1.3521e-05","0.003","A"
"4","Trait5","mrMLM","PstI.TP1263227","4","65385802","1.8237e-05","0.004","A"
"4","Trait5","mrMLM","NsiI.TP242896","4","65404391","1.2798e-05","0.0028","A"
"4","Trait5","mrMLM","NsiI.TP760683","4","65427186","0.0353","0.1993","C"
"4","Trait5","mrMLM","PstI.TP844593","4","65436056","-7.3134e-06","0.0016","C"
"4","Trait5","mrMLM","NsiI.TP67561","4","65452237","0.0643","0.7903","A"
"4","Trait5","mrMLM","PstI.TP945926","4","65455515","2.2281e-05","0.0049","A"
"4","Trait5","mrMLM","NsiI.TP241821","4","65458789","0.097","0.6169","A"
"4","Trait5","mrMLM","PstI.TP926962","4","65459162","0.0751","0.6147","A"
"4","Trait5","mrMLM","NsiI.TP60849","4","65462387","4.2554e-06","9e-04","A"
"4","Trait5","mrMLM","NsiI.TP722533","4","65465199","5e-04","0.0251","A"
"4","Trait5","mrMLM","NsiI.TP603534","4","65475031","-0.0226","0.1696","A"
"4","Trait5","mrMLM","PstI.TP792448","4","65475955","-7.2699e-06","0.0016","A"
"4","Trait5","mrMLM","NsiI.TP102269","4","65482716","-3.8379e-07","8.3532e-05","C"
"4","Trait5","mrMLM","NsiI.TP470793","4","65501776","-0.1241","0.4694","C"
"4","Trait5","mrMLM","NsiI.TP470794","4","65501807","-0.1068","0.4006","A"
"4","Trait5","mrMLM","PstI.TP460772","4","65508906","0.0129","0.1611","C"
"4","Trait5","mrMLM","PstI.TP582531","4","65531245","-0.0238","0.1758","G"
"4","Trait5","mrMLM","PstI.TP22951","4","65533284","-1.3588e-05","0.003","G"
"4","Trait5","mrMLM","PstI.TP1011675","4","65546006","1.4397e-05","0.0031","A"
"4","Trait5","mrMLM","NsiI.TP360887","4","65663698","0.2082","1.3373","A"
"4","Trait5","mrMLM","PstI.TP568504","4","65671693","-5.6534e-08","1.2304e-05","C"
"4","Trait5","mrMLM","PstI.TP1243385","4","65676400","-0.0974","0.5643","C"
"4","Trait5","mrMLM","PstI.TP1052000","4","65689284","0.0342","0.274","A"
"4","Trait5","mrMLM","NsiI.TP661055","4","65689979","-9.6064e-07","2e-04","C"
"4","Trait5","mrMLM","PstI.TP466010","4","65695724","-1.2069e-05","0.0026","A"
"4","Trait5","mrMLM","PstI.TP931336","4","65707584","4.1488e-06","9e-04","A"
"4","Trait5","mrMLM","PstI.TP501803","4","65734128","-3.2538e-06","7e-04","A"
"4","Trait5","mrMLM","NsiI.TP589075","4","65757592","-0.1298","1.2023","C"
"4","Trait5","mrMLM","NsiI.TP338821","4","65759269","0.219","0.8424","G"
"4","Trait5","mrMLM","PstI.TP769595","4","65760736","1.901e-05","0.0042","C"
"4","Trait5","mrMLM","PstI.TP908584","4","65762666","0.0506","0.4711","A"
"4","Trait5","mrMLM","NsiI.TP590281","4","65765015","9.0901e-07","2e-04","G"
"4","Trait5","mrMLM","PstI.TP909352","4","65766411","-0.0914","0.4572","C"
"4","Trait5","mrMLM","PstI.TP447008","4","65767007","-6.0795e-06","0.0013","A"
"4","Trait5","mrMLM","PstI.TP271636","4","65801267","-1.1373e-05","0.0025","C"
"4","Trait5","mrMLM","PstI.TP236632","4","65801734","2.3327e-05","0.0051","A"
"4","Trait5","mrMLM","PstI.TP224919","4","65818108","-0.0937","0.8859","C"
"4","Trait5","mrMLM","NsiI.TP444504","4","65825367","3.1001e-06","7e-04","G"
"4","Trait5","mrMLM","NsiI.TP502752","4","65830950","4.4192e-06","0.001","G"
"4","Trait5","mrMLM","PstI.TP356184","4","65833734","-0.0383","0.5551","C"
"4","Trait5","mrMLM","GFSSContig16654_1653","4","65844426","3.6509e-06","8e-04","T"
"4","Trait5","mrMLM","NsiI.TP541365","4","65860362","-0.0965","0.5316","A"
"4","Trait5","mrMLM","NsiI.TP609213","4","65861882","-0.0931","0.4217","G"
"4","Trait5","mrMLM","PstI.TP544512","4","65864502","-1.4173e-05","0.0031","G"
"4","Trait5","mrMLM","PstI.TP69916","4","66027326","3.3883e-07","7.3759e-05","C"
"4","Trait5","mrMLM","NsiI.TP275833","4","66037289","-0.0562","0.4287","A"
"4","Trait5","mrMLM","PstI.TP317521","4","66042591","6.381e-06","0.0014","C"
"4","Trait5","mrMLM","PstI.TP979646","4","66046858","-0.0905","0.9398","C"
"4","Trait5","mrMLM","NsiI.TP231423","4","66046920","9.1418e-06","0.002","A"
"4","Trait5","mrMLM","PstI.TP191275","4","66047625","-0.0306","0.4544","A"
"4","Trait5","mrMLM","NsiI.TP176414","4","66050889","3.1229e-05","0.0069","A"
"4","Trait5","mrMLM","NsiI.TP472191","4","66059704","-0.0524","0.2873","C"
"4","Trait5","mrMLM","PstI.TP1127482","4","66065155","-2.0838e-06","5e-04","A"
"4","Trait5","mrMLM","PstI.TP1127994","4","66065200","-4.1731e-06","9e-04","C"
"4","Trait5","mrMLM","PstI.TP1203674","4","66069720","3.6641e-06","8e-04","C"
"4","Trait5","mrMLM","PstI.TP836107","4","66098764","2.5047e-05","0.0055","A"
"4","Trait5","mrMLM","PstI.TP445474","4","66099229","2.1156e-05","0.0046","A"
"4","Trait5","mrMLM","NsiI.TP689550","4","66104547","-1.6583e-05","0.0036","A"
"4","Trait5","mrMLM","NsiI.TP37346","4","66109262","6.4294e-06","0.0014","C"
"4","Trait5","mrMLM","NsiI.TP619316","4","66117995","-0.116","0.5743","C"
"4","Trait5","mrMLM","NsiI.TP520995","4","66119777","-4.0514e-05","0.0089","A"
"4","Trait5","mrMLM","PstI.TP774045","4","66123753","1.8158e-05","0.004","C"
"4","Trait5","mrMLM","NsiI.TP578970","4","66129633","3.0441e-05","0.0067","G"
"4","Trait5","mrMLM","PstI.TP858902","4","66143706","0.0705","0.7769","A"
"4","Trait5","mrMLM","PstI.TP143872","4","66156681","-1.2885e-05","0.0028","C"
"4","Trait5","mrMLM","PstI.TP710573","4","66157234","-0.0587","0.3446","A"
"4","Trait5","mrMLM","NsiI.TP470457","4","66158677","0.0112","0.0875","A"
"4","Trait5","mrMLM","NsiI.TP423262","4","66158933","5.9095e-06","0.0013","C"
"4","Trait5","mrMLM","PstI.TP971832","4","66161848","1.3199e-05","0.0029","A"
"4","Trait5","mrMLM","NsiI.TP654021","4","66163559","0.0519","0.3141","C"
"4","Trait5","mrMLM","NsiI.TP653993","4","66163560","4.5898e-05","0.0101","C"
"4","Trait5","mrMLM","PstI.TP735556","4","66188019","0.0109","0.1665","A"
"4","Trait5","mrMLM","NsiI.TP470906","4","66239282","-0.5061","2.2368","A"
"4","Trait5","mrMLM","PstI.TP1174601","4","66239860","6.944e-06","0.0015","A"
"4","Trait5","mrMLM","PstI.TP229333","4","66255009","2.3799e-06","5e-04","C"
"4","Trait5","mrMLM","NsiI.TP61616","4","66255188","0.2303","1.5303","A"
"4","Trait5","mrMLM","NsiI.TP89421","4","66265364","-5.0359e-06","0.0011","A"
"4","Trait5","mrMLM","PstI.TP694134","4","66267705","-7.0693e-06","0.0015","C"
"4","Trait5","mrMLM","NsiI.TP194835","4","66309406","1.9204e-05","0.0042","A"
"4","Trait5","mrMLM","NsiI.TP627122","4","66312551","7.7336e-06","0.0017","A"
"4","Trait5","mrMLM","NsiI.TP829993","4","66312608","-0.1884","1.422","C"
"4","Trait5","mrMLM","NsiI.TP453156","4","66318126","-3.4261e-06","7e-04","C"
"4","Trait5","mrMLM","PstI.TP42302","4","66319158","8.0152e-07","2e-04","C"
"4","Trait5","mrMLM","NsiI.TP492937","4","66321453","-3.1898e-05","0.007","A"
"4","Trait5","mrMLM","PstI.TP391335","4","66322013","0.0318","0.3434","A"
"4","Trait5","mrMLM","PstI.TP1179338","4","66322061","1.9289e-06","4e-04","A"
"4","Trait5","mrMLM","PstI.TP781859","4","66322904","-7.1909e-06","0.0016","A"
"4","Trait5","mrMLM","NsiI.TP181122","4","66323136","0.0573","0.7475","G"
"4","Trait5","mrMLM","PstI.TP1069650","4","66325475","-0.2318","0.6916","A"
"4","Trait5","mrMLM","PstI.TP83740","4","66329319","1.6425e-05","0.0036","A"
"4","Trait5","mrMLM","PstI.TP469630","4","66331466","-1.3552e-05","0.003","A"
"4","Trait5","mrMLM","PstI.TP750065","4","66331732","0.1605","1.366","A"
"4","Trait5","mrMLM","NsiI.TP676373","4","66359127","0.0637","0.3052","G"
"4","Trait5","mrMLM","PstI.TP1010638","4","66370705","-1.606e-06","3e-04","A"
"4","Trait5","mrMLM","PstI.TP935651","4","66370793","1.3905e-05","0.003","A"
"4","Trait5","mrMLM","PstI.TP641183","4","66373992","-0.0285","0.2478","G"
"4","Trait5","mrMLM","NsiI.TP17220","4","66378850","-2.713e-06","6e-04","C"
"4","Trait5","mrMLM","PstI.TP267810","4","66382450","-2.119e-05","0.0046","A"
"4","Trait5","mrMLM","PstI.TP481716","4","66430705","-1.6914e-05","0.0037","A"
"4","Trait5","mrMLM","PstI.TP853971","4","66451616","0.0133","0.1882","A"
"4","Trait5","mrMLM","NsiI.TP661865","4","66453165","5.4689e-06","0.0012","A"
"4","Trait5","mrMLM","PstI.TP169422","4","66458228","1.8756e-05","0.0041","A"
"4","Trait5","mrMLM","NsiI.TP378088","4","66469706","-1.7841e-05","0.0039","A"
"4","Trait5","mrMLM","NsiI.TP532702","4","66469726","-3.1525e-06","7e-04","C"
"4","Trait5","mrMLM","PstI.TP371513","4","66474576","-1.6978e-05","0.0037","A"
"4","Trait5","mrMLM","GFSSContig20159_1535","4","66481522","-4.5663e-06","0.001","A"
"4","Trait5","mrMLM","PstI.TP382386","4","66482237","1.1956e-05","0.0026","A"
"4","Trait5","mrMLM","GFSSContig20159_876","4","66483005","2.7989e-06","6e-04","A"
"4","Trait5","mrMLM","NsiI.TP716669","4","66487921","-0.162","0.7313","A"
"4","Trait5","mrMLM","NsiI.TP173882","4","66496537","-0.1148","0.6908","C"
"4","Trait5","mrMLM","NsiI.TP173881","4","66496546","-1.5804e-05","0.0035","C"
"4","Trait5","mrMLM","NsiI.TP652655","4","66508806","3.294e-06","7e-04","G"
"4","Trait5","mrMLM","PstI.TP160726","4","66518475","6.0677e-06","0.0013","C"
"4","Trait5","mrMLM","PstI.TP1105643","4","66521669","5.9756e-06","0.0013","G"
"4","Trait5","mrMLM","NsiI.TP546263","4","66565622","1.1463e-05","0.0025","A"
"4","Trait5","mrMLM","PstI.TP451734","4","66619550","1.0782e-05","0.0024","G"
"4","Trait5","mrMLM","NsiI.TP328528","4","66639620","4.5787e-06","0.001","A"
"4","Trait5","mrMLM","NsiI.TP520621","4","66641853","1.3078e-05","0.0029","A"
"4","Trait5","mrMLM","NsiI.TP520620","4","66641857","2.1071e-05","0.0046","C"
"4","Trait5","mrMLM","PstI.TP852034","4","66658485","0.1845","0.8626","C"
"4","Trait5","mrMLM","PstI.TP890178","4","66659196","-3.1822e-05","0.007","C"
"4","Trait5","mrMLM","PstI.TP1184559","4","66662200","2.1983e-06","5e-04","G"
"4","Trait5","mrMLM","NsiI.TP608933","4","66667415","-1.0419e-05","0.0023","C"
"4","Trait5","mrMLM","PstI.TP701364","4","66677817","-8.851e-06","0.0019","C"
"4","Trait5","mrMLM","PstI.TP1270411","4","66707413","3.3475e-06","7e-04","A"
"4","Trait5","mrMLM","PstI.TP568490","4","66712615","-6.0249e-06","0.0013","C"
"4","Trait5","mrMLM","PstI.TP1251654","4","66716644","-6.3539e-06","0.0014","A"
"4","Trait5","mrMLM","PstI.TP35387","4","66721925","0.1116","0.8469","A"
"4","Trait5","mrMLM","PstI.TP1149640","4","66724836","-0.1304","0.741","G"
"4","Trait5","mrMLM","NsiI.TP635010","4","66724994","-4.259e-06","9e-04","C"
"4","Trait5","mrMLM","PstI.TP754555","4","66726283","-2.2989e-05","0.005","A"
"4","Trait5","mrMLM","PstI.TP389081","4","66729742","-4.3384e-06","9e-04","C"
"4","Trait5","mrMLM","NsiI.TP346142","4","66734494","5.3288e-06","0.0012","A"
"4","Trait5","mrMLM","NsiI.TP688992","4","66776482","-2.7029e-06","6e-04","G"
"4","Trait5","mrMLM","NsiI.TP402812","4","66777635","0.158","0.9847","C"
"4","Trait5","mrMLM","NsiI.TP129714","4","66781470","-2.3222e-06","5e-04","A"
"4","Trait5","mrMLM","PstI.TP689551","4","66782495","0.0588","0.3801","C"
"4","Trait5","mrMLM","PstI.TP627632","4","66846272","-2.8995e-05","0.0064","G"
"4","Trait5","mrMLM","NsiI.TP431103","4","66846378","-2.3958e-05","0.0052","A"
"4","Trait5","mrMLM","PstI.TP964613","4","66846629","1.1136e-05","0.0024","A"
"4","Trait5","mrMLM","PstI.TP67723","4","66855372","-1.3852e-05","0.003","C"
"4","Trait5","mrMLM","PstI.TP950889","4","66869945","-1.9798e-05","0.0043","A"
"4","Trait5","mrMLM","PstI.TP352002","4","66870956","0.0178","0.2711","A"
"4","Trait5","mrMLM","PstI.TP154924","4","66870962","-8.4206e-06","0.0018","A"
"4","Trait5","mrMLM","NsiI.TP148994","4","66874533","1.1237e-05","0.0025","A"
"4","Trait5","mrMLM","PstI.TP943442","4","66884330","-0.2152","0.8442","A"
"4","Trait5","mrMLM","PstI.TP74347","4","66891346","-3.5005e-05","0.0077","A"
"4","Trait5","mrMLM","PstI.TP1282132","4","66897884","0.1451","0.6992","G"
"4","Trait5","mrMLM","NsiI.TP247819","4","66898086","-3.0418e-08","6.6196e-06","A"
"4","Trait5","mrMLM","NsiI.TP412042","4","66915036","-4.0821e-06","9e-04","A"
"4","Trait5","mrMLM","PstI.TP637619","4","66924449","-2.5729e-05","0.0056","A"
"4","Trait5","mrMLM","PstI.TP805691","4","66925540","2.1872e-05","0.0048","A"
"4","Trait5","mrMLM","PstI.TP844042","4","66926772","-4.026e-05","0.0089","A"
"4","Trait5","mrMLM","PstI.TP730140","4","66928932","7.3874e-06","0.0016","G"
"4","Trait5","mrMLM","NsiI.TP420913","4","66929585","0.1292","0.8005","C"
"4","Trait5","mrMLM","NsiI.TP70645","4","66938804","3.0361e-06","7e-04","A"
"4","Trait5","mrMLM","NsiI.TP154599","4","66958448","9.2387e-06","0.002","A"
"4","Trait5","mrMLM","GFSSContig4839_373","4","66959900","6.8735e-06","0.0015","A"
"4","Trait5","mrMLM","NsiI.TP227812","4","66970326","-1.649e-05","0.0036","C"
"4","Trait5","mrMLM","NsiI.TP809459","4","66978288","-4.0118e-06","9e-04","C"
"4","Trait5","mrMLM","PstI.TP918966","4","66990232","-3.585e-05","0.0079","C"
"4","Trait5","mrMLM","PstI.TP807617","4","67012766","1.0062e-05","0.0022","A"
"4","Trait5","mrMLM","GFSSContig15802_503","4","67018449","3.7953e-06","8e-04","A"
"4","Trait5","mrMLM","NsiI.TP507777","4","67027562","-0.0848","0.5251","C"
"4","Trait5","mrMLM","NsiI.TP375661","4","67032072","-3.2036e-05","0.007","A"
"4","Trait5","mrMLM","NsiI.TP549928","4","67042322","-8.296e-07","2e-04","A"
"4","Trait5","mrMLM","NsiI.TP530682","4","67084059","-1.0426e-05","0.0023","A"
"4","Trait5","mrMLM","NsiI.TP132721","4","67087473","0.1083","0.7095","C"
"4","Trait5","mrMLM","PstI.TP1182728","4","67094031","-0.04","0.3943","A"
"4","Trait5","mrMLM","PstI.TP422858","4","67124242","0.0368","0.5204","A"
"4","Trait5","mrMLM","PstI.TP325669","4","67124681","4e-04","0.0322","A"
"4","Trait5","mrMLM","NsiI.TP16285","4","67127791","-1.7614e-05","0.0039","C"
"4","Trait5","mrMLM","NsiI.TP513653","4","67137697","-1.2886e-05","0.0028","C"
"4","Trait5","mrMLM","PstI.TP1025686","4","67150435","7.4039e-06","0.0016","C"
"4","Trait5","mrMLM","NsiI.TP346040","4","67151194","-7.3513e-07","2e-04","A"
"4","Trait5","mrMLM","PstI.TP1098875","4","67156223","4.1391e-06","9e-04","A"
"4","Trait5","mrMLM","NsiI.TP710154","4","67157586","6.9304e-06","0.0015","A"
"4","Trait5","mrMLM","PstI.TP1105458","4","67168937","0.0762","0.5873","A"
"4","Trait5","mrMLM","PstI.TP543197","4","67169531","0.066","0.6789","C"
"4","Trait5","mrMLM","NsiI.TP337243","4","67169550","-2.7256e-05","0.006","C"
"4","Trait5","mrMLM","NsiI.TP752837","4","67177516","-5.3493e-06","0.0012","A"
"4","Trait5","mrMLM","NsiI.TP504649","4","67177683","-0.004","0.1006","C"
"4","Trait5","mrMLM","PstI.TP1219628","4","67178417","6.1752e-08","1.3444e-05","G"
"4","Trait5","mrMLM","NsiI.TP816754","4","67182118","2.1415e-05","0.0047","A"
"4","Trait5","mrMLM","PstI.TP787868","4","67183742","0.0167","0.105","A"
"4","Trait5","mrMLM","PstI.TP749079","4","67198085","-1.4891e-05","0.0033","C"
"4","Trait5","mrMLM","PstI.TP989212","4","67198309","2.9696e-05","0.0065","A"
"4","Trait5","mrMLM","NsiI.TP432798","4","67201052","0.0131","0.1509","C"
"4","Trait5","mrMLM","NsiI.TP436265","4","67201075","1.1825e-05","0.0026","A"
"4","Trait5","mrMLM","PstI.TP740689","4","67204274","1.686e-05","0.0037","A"
"4","Trait5","mrMLM","PstI.TP101509","4","67219277","0.0164","0.1743","C"
"4","Trait5","mrMLM","PstI.TP820282","4","67230832","0.1418","1.4343","C"
"4","Trait5","mrMLM","NsiI.TP182766","4","67248768","8.5709e-06","0.0019","A"
"4","Trait5","mrMLM","PstI.TP51175","4","67254631","2.2783e-05","0.005","G"
"4","Trait5","mrMLM","PstI.TP86963","4","67258891","-5.9625e-06","0.0013","A"
"4","Trait5","mrMLM","PstI.TP1265296","4","67263001","-7.5955e-06","0.0017","C"
"4","Trait5","mrMLM","NsiI.TP182237","4","67264024","-0.036","0.423","C"
"4","Trait5","mrMLM","NsiI.TP120901","4","67265395","-6.8899e-06","0.0015","C"
"4","Trait5","mrMLM","NsiI.TP465658","4","67266508","8.6414e-06","0.0019","A"
"4","Trait5","mrMLM","NsiI.TP494590","4","67266536","6.5222e-06","0.0014","A"
"4","Trait5","mrMLM","PstI.TP794253","4","67319866","0.0089","0.122","A"
"4","Trait5","mrMLM","NsiI.TP432863","4","67320729","1.653e-05","0.0036","C"
"4","Trait5","mrMLM","PstI.TP574704","4","67332679","0.0279","0.3367","A"
"4","Trait5","mrMLM","NsiI.TP239255","4","67341173","1.1018e-05","0.0024","A"
"4","Trait5","mrMLM","PstI.TP247650","4","67343889","-1.0167e-05","0.0022","A"
"4","Trait5","mrMLM","NsiI.TP264637","4","67348707","-3.2367e-05","0.0071","A"
"4","Trait5","mrMLM","PstI.TP221080","4","67361456","-3.5313e-05","0.0078","C"
"4","Trait5","mrMLM","PstI.TP1262851","4","67370507","-3.7518e-06","8e-04","A"
"4","Trait5","mrMLM","PstI.TP668636","4","67371462","-8.4808e-06","0.0018","A"
"4","Trait5","mrMLM","NsiI.TP211144","4","67377179","-1.4557e-05","0.0032","C"
"4","Trait5","mrMLM","PstI.TP122077","4","67379354","-0.0702","0.3958","A"
"4","Trait5","mrMLM","PstI.TP840281","4","67386976","-0.296","2.3163","A"
"4","Trait5","mrMLM","PstI.TP1206557","4","67408124","-2.7907e-06","6e-04","C"
"4","Trait5","mrMLM","PstI.TP719661","4","67408751","1.1407e-05","0.0025","A"
"4","Trait5","mrMLM","PstI.TP637499","4","67417904","-2.078e-05","0.0045","A"
"4","Trait5","mrMLM","NsiI.TP166237","4","67423385","0.0502","0.3905","C"
"4","Trait5","mrMLM","PstI.TP1142987","4","67430948","4.9916e-05","0.011","A"
"4","Trait5","mrMLM","PstI.TP1071033","4","67432928","0.1004","1.2146","A"
"4","Trait5","mrMLM","NsiI.TP438910","4","67451505","-0.1897","2.7023","C"
"4","Trait5","mrMLM","PstI.TP944387","4","67452505","-2.278e-05","0.005","A"
"4","Trait5","mrMLM","PstI.TP1177553","4","67453726","0.011","0.1948","C"
"4","Trait5","mrMLM","PstI.TP1267480","4","67459513","6.6573e-06","0.0015","A"
"4","Trait5","mrMLM","PstI.TP1172281","4","67469657","1.7998e-05","0.0039","A"
"4","Trait5","mrMLM","PstI.TP853042","4","67477477","-2.0828e-05","0.0046","C"
"4","Trait5","mrMLM","PstI.TP733743","4","67477528","0.1089","1.1829","A"
"4","Trait5","mrMLM","NsiI.TP772878","4","67490268","1.403e-05","0.0031","A"
"4","Trait5","mrMLM","NsiI.TP237392","4","67496142","0.4135","1.7794","C"
"4","Trait5","mrMLM","PstI.TP766869","4","67496208","-0.0545","0.3102","A"
"4","Trait5","mrMLM","PstI.TP20885","4","67506359","-0.1536","0.9108","A"
"4","Trait5","mrMLM","PstI.TP320294","4","67516783","2.2477e-05","0.0049","C"
"4","Trait5","mrMLM","PstI.TP1042199","4","67549280","-0.1154","0.9944","A"
"4","Trait5","mrMLM","PstI.TP44157","4","67560728","-1.1362e-06","2e-04","C"
"4","Trait5","mrMLM","PstI.TP1158976","4","67567545","0.0302","0.2406","A"
"4","Trait5","mrMLM","PstI.TP1257813","4","67567999","-4.0366e-05","0.0089","A"
"4","Trait5","mrMLM","NsiI.TP173663","4","67574698","-0.1484","1.1189","G"
"4","Trait5","mrMLM","PstI.TP1094885","4","67578515","-0.047","0.3259","A"
"4","Trait5","mrMLM","PstI.TP364809","4","67585082","2.1386e-05","0.0047","A"
"4","Trait5","mrMLM","NsiI.TP388724","4","67612207","0.027","0.1752","C"
"4","Trait5","mrMLM","NsiI.TP476667","4","67612515","-1.2448e-05","0.0027","A"
"4","Trait5","mrMLM","NsiI.TP104723","4","67612532","-0.0123","0.1485","A"
"4","Trait5","mrMLM","NsiI.TP467964","4","67612635","7.065e-06","0.0015","A"
"4","Trait5","mrMLM","NsiI.TP508887","4","67612649","-0.0607","0.4048","G"
"4","Trait5","mrMLM","PstI.TP1243155","4","67650452","-1.1792e-05","0.0026","A"
"4","Trait5","mrMLM","NsiI.TP438242","4","67673031","-0.0642","0.7352","A"
"4","Trait5","mrMLM","PstI.TP857720","4","67675201","6.9538e-06","0.0015","C"
"4","Trait5","mrMLM","NsiI.TP251856","4","67678472","-2.8112e-05","0.0062","A"
"4","Trait5","mrMLM","PstI.TP373817","4","67681409","-1.7126e-05","0.0037","C"
"4","Trait5","mrMLM","PstI.TP126357","4","67684706","4.8839e-06","0.0011","A"
"4","Trait5","mrMLM","PstI.TP1226629","4","67705893","-0.3832","1.4263","C"
"4","Trait5","mrMLM","PstI.TP1133605","4","67715088","2.1702e-06","5e-04","C"
"4","Trait5","mrMLM","NsiI.TP126890","4","67726788","0.088","0.6732","A"
"4","Trait5","mrMLM","PstI.TP421182","4","67729112","-0.0463","0.3031","C"
"4","Trait5","mrMLM","NsiI.TP335912","4","67755385","-4.2877e-05","0.0094","A"
"4","Trait5","mrMLM","PstI.TP875361","4","67756864","-7.8664e-06","0.0017","A"
"4","Trait5","mrMLM","PstI.TP940228","4","67759601","0.0681","0.4551","C"
"4","Trait5","mrMLM","PstI.TP1051412","4","67767731","0.2159","1.2272","A"
"4","Trait5","mrMLM","PstI.TP510836","4","67776005","-5.154e-06","0.0011","C"
"4","Trait5","mrMLM","PstI.TP748623","4","67777205","-0.0152","0.2472","A"
"4","Trait5","mrMLM","PstI.TP749866","4","67777206","6.2751e-06","0.0014","C"
"4","Trait5","mrMLM","PstI.TP335325","4","67812875","0.034","0.1933","A"
"4","Trait5","mrMLM","PstI.TP21610","4","67814140","-1.9851e-06","4e-04","A"
"4","Trait5","mrMLM","NsiI.TP713906","4","67817580","9.7241e-06","0.0021","C"
"4","Trait5","mrMLM","NsiI.TP635586","4","67823561","-0.0077","0.1568","G"
"4","Trait5","mrMLM","PstI.TP613483","4","67835675","1.2588e-05","0.0027","A"
"4","Trait5","mrMLM","PstI.TP753660","4","67859176","1.7284e-05","0.0038","A"
"4","Trait5","mrMLM","PstI.TP820496","4","67866589","2.2094e-05","0.0048","C"
"4","Trait5","mrMLM","NsiI.TP826938","4","67882990","-0.0584","0.5657","A"
"4","Trait5","mrMLM","NsiI.TP578258","4","67918600","4.7964e-06","0.001","A"
"4","Trait5","mrMLM","PstI.TP1190905","4","67932031","1.6316e-05","0.0036","C"
"4","Trait5","mrMLM","NsiI.TP346008","4","67938088","0.1588","1.1807","A"
"4","Trait5","mrMLM","PstI.TP1209906","4","67965163","-1.56e-06","3e-04","A"
"4","Trait5","mrMLM","PstI.TP820953","4","67965784","1.8515e-05","0.004","A"
"4","Trait5","mrMLM","NsiI.TP816685","4","67966873","3.7861e-06","8e-04","C"
"4","Trait5","mrMLM","NsiI.TP402670","4","67966956","-0.0244","0.1929","C"
"4","Trait5","mrMLM","PstI.TP272042","4","68007097","8.2612e-06","0.0018","G"
"4","Trait5","mrMLM","PstI.TP930933","4","68012745","0.1543","1.0511","A"
"4","Trait5","mrMLM","NsiI.TP66558","4","68022364","0.0852","1.0593","A"
"4","Trait5","mrMLM","NsiI.TP515167","4","68022596","-3.5562e-06","8e-04","C"
"4","Trait5","mrMLM","PstI.TP1118321","4","68025903","-9.1552e-06","0.002","A"
"4","Trait5","mrMLM","PstI.TP1223191","4","68054674","1.7887e-05","0.0039","A"
"4","Trait5","mrMLM","PstI.TP148033","4","68054990","2.5167e-06","5e-04","A"
"4","Trait5","mrMLM","PstI.TP131306","4","68055459","1.9164e-05","0.0042","A"
"4","Trait5","mrMLM","NsiI.TP521197","4","68070774","-3.1691e-05","0.007","A"
"4","Trait5","mrMLM","NsiI.TP497386","4","68085981","-1.6362e-05","0.0036","C"
"4","Trait5","mrMLM","NsiI.TP442524","4","68087077","1.8454e-05","0.004","A"
"4","Trait5","mrMLM","NsiI.TP76080","4","68102679","2.7053e-06","6e-04","C"
"4","Trait5","mrMLM","NsiI.TP724799","4","68146066","1.1609e-05","0.0025","C"
"4","Trait5","mrMLM","PstI.TP1253306","4","68169687","2.9181e-05","0.0064","A"
"4","Trait5","mrMLM","NsiI.TP38420","4","68173226","2.328e-05","0.0051","C"
"4","Trait5","mrMLM","PstI.TP144683","4","68197743","-0.2118","1.6894","C"
"4","Trait5","mrMLM","PstI.TP938367","4","68199598","4.5826e-06","0.001","A"
"4","Trait5","mrMLM","PstI.TP788878","4","68208164","2.0401e-05","0.0045","C"
"4","Trait5","mrMLM","GFSSContig16380_877","4","68208350","0.0173","0.1792","T"
"4","Trait5","mrMLM","PstI.TP344513","4","68212618","2.7248e-05","0.006","C"
"4","Trait5","mrMLM","PstI.TP917245","4","68214314","1.5175e-05","0.0033","A"
"4","Trait5","mrMLM","PstI.TP917299","4","68214345","3.0235e-06","7e-04","A"
"4","Trait5","mrMLM","NsiI.TP165703","4","68238160","4.3714e-05","0.0096","C"
"4","Trait5","mrMLM","NsiI.TP717243","4","68249333","-0.0017","0.052","C"
"4","Trait5","mrMLM","NsiI.TP616572","4","68250027","-0.004","0.0962","A"
"4","Trait5","mrMLM","PstI.TP789428","4","68272076","-0.0645","0.6958","A"
"4","Trait5","mrMLM","NsiI.TP482469","4","68283147","-2.6199e-05","0.0057","A"
"4","Trait5","mrMLM","NsiI.TP485472","4","68283223","1.0856e-05","0.0024","A"
"4","Trait5","mrMLM","PstI.TP118170","4","68304229","-0.0417","0.4431","A"
"4","Trait5","mrMLM","PstI.TP743824","4","68341653","0.043","0.2831","A"
"4","Trait5","mrMLM","NsiI.TP743302","4","68354909","-0.0154","0.1937","A"
"4","Trait5","mrMLM","NsiI.TP800782","4","68355002","1.6996e-06","4e-04","A"
"4","Trait5","mrMLM","NsiI.TP216149","4","68365730","1.7314e-05","0.0038","C"
"4","Trait5","mrMLM","PstI.TP1033169","4","68372412","-0.1244","0.4815","A"
"4","Trait5","mrMLM","PstI.TP551013","4","68380690","2.28e-05","0.005","A"
"4","Trait5","mrMLM","NsiI.TP795757","4","68397931","-0.0652","0.2418","G"
"4","Trait5","mrMLM","NsiI.TP415662","4","68398657","0.0149","0.1941","C"
"4","Trait5","mrMLM","PstI.TP1022236","4","68398724","-5.5101e-06","0.0012","A"
"4","Trait5","mrMLM","NsiI.TP779718","4","68422236","-0.0207","0.2137","A"
"4","Trait5","mrMLM","PstI.TP591523","4","68425352","-0.1224","1.1397","C"
"4","Trait5","mrMLM","NsiI.TP315876","4","68429980","1.9104e-05","0.0042","A"
"4","Trait5","mrMLM","PstI.TP107665","4","68430765","1.732e-06","4e-04","G"
"4","Trait5","mrMLM","PstI.TP812148","4","68432061","-0.1016","0.6827","A"
"4","Trait5","mrMLM","NsiI.TP818996","4","68434250","0.0416","0.2292","C"
"4","Trait5","mrMLM","PstI.TP911698","4","68458607","-0.1423","0.9456","C"
"4","Trait5","mrMLM","PstI.TP933689","4","68479830","-0.0298","0.2477","C"
"4","Trait5","mrMLM","PstI.TP358871","4","68481066","-3.8238e-06","8e-04","A"
"4","Trait5","mrMLM","PstI.TP1175433","4","68487120","-1.2138e-05","0.0026","G"
"4","Trait5","mrMLM","PstI.TP1014704","4","68495682","-1.8934e-05","0.0041","C"
"4","Trait5","mrMLM","PstI.TP898020","4","68518674","1.5032e-05","0.0033","G"
"4","Trait5","mrMLM","NsiI.TP738063","4","68529775","-3.4685e-05","0.0076","A"
"4","Trait5","mrMLM","PstI.TP1060456","4","68541141","-2.1623e-05","0.0047","C"
"4","Trait5","mrMLM","PstI.TP56482","4","68544225","2.5655e-06","6e-04","A"
"4","Trait5","mrMLM","NsiI.TP259300","4","68562524","-1.3029e-05","0.0028","A"
"4","Trait5","mrMLM","PstI.TP1024663","4","68567854","5.6318e-06","0.0012","C"
"4","Trait5","mrMLM","PstI.TP1269599","4","68592536","6.7054e-06","0.0015","A"
"4","Trait5","mrMLM","NsiI.TP371727","4","68628261","1.3937e-05","0.003","A"
"4","Trait5","mrMLM","PstI.TP209776","4","68630234","5.6075e-06","0.0012","C"
"4","Trait5","mrMLM","NsiI.TP189044","5","34971","-0.1909","0.9076","A"
"4","Trait5","mrMLM","PstI.TP1271472","5","48316","1.3339e-05","0.0029","C"
"4","Trait5","mrMLM","NsiI.TP33138","5","57403","0.0882","0.7218","A"
"4","Trait5","mrMLM","PstI.TP877515","5","101877","5.4184e-06","0.0012","A"
"4","Trait5","mrMLM","PstI.TP1281889","5","137021","-0.0032","0.1033","C"
"4","Trait5","mrMLM","PstI.TP1281974","5","137021","-0.1152","1.5179","C"
"4","Trait5","mrMLM","PstI.TP1177814","5","153512","-4.3618e-06","0.001","A"
"4","Trait5","mrMLM","NsiI.TP699693","5","166878","-2.1168e-06","5e-04","A"
"4","Trait5","mrMLM","PstI.TP747686","5","191126","2.115e-05","0.0046","C"
"4","Trait5","mrMLM","NsiI.TP655195","5","220029","-1.5029e-05","0.0033","A"
"4","Trait5","mrMLM","NsiI.TP466667","5","240475","0.0587","0.3359","A"
"4","Trait5","mrMLM","NsiI.TP620586","5","250820","3.5927e-06","8e-04","G"
"4","Trait5","mrMLM","PstI.TP1007196","5","250889","-1.7399e-05","0.0038","A"
"4","Trait5","mrMLM","PstI.TP1007241","5","250902","9.2138e-06","0.002","C"
"4","Trait5","mrMLM","NsiI.TP86935","5","278009","0.1126","0.5705","A"
"4","Trait5","mrMLM","PstI.TP114214","5","334098","2.2351e-06","5e-04","C"
"4","Trait5","mrMLM","PstI.TP19665","5","349977","0.0559","0.2868","A"
"4","Trait5","mrMLM","PstI.TP1000033","5","372561","-1.2938e-05","0.0028","C"
"4","Trait5","mrMLM","PstI.TP119386","5","372761","-0.0982","0.5287","A"
"4","Trait5","mrMLM","NsiI.TP431027","5","422171","6.5239e-06","0.0014","A"
"4","Trait5","mrMLM","PstI.TP222177","5","426909","-0.116","0.8062","A"
"4","Trait5","mrMLM","PstI.TP741307","5","430550","-0.0338","0.2557","C"
"4","Trait5","mrMLM","NsiI.TP463004","5","447657","3.1734e-06","7e-04","A"
"4","Trait5","mrMLM","PstI.TP859797","5","579449","-1.7223e-05","0.0038","C"
"4","Trait5","mrMLM","PstI.TP123668","5","633788","3.3746e-05","0.0074","C"
"4","Trait5","mrMLM","PstI.TP773764","5","636301","1.4236e-05","0.0031","G"
"4","Trait5","mrMLM","PstI.TP335062","5","638703","-6.5189e-07","1e-04","A"
"4","Trait5","mrMLM","PstI.TP1208174","5","650322","-9.4799e-06","0.0021","C"
"4","Trait5","mrMLM","PstI.TP106614","5","654315","-0.0189","0.28","A"
"4","Trait5","mrMLM","PstI.TP639375","5","655773","-1.6372e-05","0.0036","A"
"4","Trait5","mrMLM","NsiI.TP813164","5","748176","0.0165","0.2109","C"
"4","Trait5","mrMLM","PstI.TP63816","5","748461","5.5662e-07","1e-04","A"
"4","Trait5","mrMLM","NsiI.TP828942","5","782336","-3.6056e-06","8e-04","C"
"4","Trait5","mrMLM","PstI.TP1129060","5","878667","-0.0404","0.2246","A"
"4","Trait5","mrMLM","NsiI.TP642086","5","931901","-0.0287","0.4064","A"
"4","Trait5","mrMLM","PstI.TP183980","5","1005140","-0.0036","0.0992","G"
"4","Trait5","mrMLM","NsiI.TP501039","5","1019910","0.1005","0.3774","C"
"4","Trait5","mrMLM","PstI.TP377550","5","1024161","2.443e-05","0.0053","A"
"4","Trait5","mrMLM","NsiI.TP678744","5","1030092","-1.4639e-05","0.0032","A"
"4","Trait5","mrMLM","NsiI.TP443673","5","1122933","3.7549e-06","8e-04","C"
"4","Trait5","mrMLM","PstI.TP1105900","5","1125720","-6.0064e-06","0.0013","A"
"4","Trait5","mrMLM","NsiI.TP115761","5","1127186","-4.647e-06","0.001","C"
"4","Trait5","mrMLM","PstI.TP1215192","5","1159864","-0.0843","0.3716","C"
"4","Trait5","mrMLM","PstI.TP86277","5","1169525","0.0994","0.6893","C"
"4","Trait5","mrMLM","PstI.TP912569","5","1225681","-5.0017e-06","0.0011","A"
"4","Trait5","mrMLM","PstI.TP1039563","5","1229267","0.1696","0.8741","A"
"4","Trait5","mrMLM","NsiI.TP115929","5","1251543","-0.0513","0.4153","C"
"4","Trait5","mrMLM","PstI.TP569914","5","1262747","5.5883e-06","0.0012","C"
"4","Trait5","mrMLM","PstI.TP118458","5","1314515","0.1811","1.0069","G"
"4","Trait5","mrMLM","PstI.TP957152","5","1316094","-1.4486e-05","0.0032","A"
"4","Trait5","mrMLM","PstI.TP799542","5","1321222","0.1073","0.9103","A"
"4","Trait5","mrMLM","PstI.TP457541","5","1349853","1.5227e-05","0.0033","C"
"4","Trait5","mrMLM","PstI.TP706285","5","1400466","-2.4391e-05","0.0053","C"
"4","Trait5","mrMLM","NsiI.TP208555","5","1400561","1.2238e-05","0.0027","C"
"4","Trait5","mrMLM","PstI.TP581911","5","1401801","-3.6025e-07","7.8404e-05","A"
"4","Trait5","mrMLM","NsiI.TP573042","5","1401861","0.0576","0.2989","C"
"4","Trait5","mrMLM","PstI.TP990614","5","1419463","-5.0162e-06","0.0011","C"
"4","Trait5","mrMLM","PstI.TP1120850","5","1476861","-1.6885e-05","0.0037","A"
"4","Trait5","mrMLM","NsiI.TP539246","5","1479103","1.4738e-05","0.0032","A"
"4","Trait5","mrMLM","NsiI.TP85637","5","1479114","0.0089","0.113","A"
"4","Trait5","mrMLM","PstI.TP159365","5","1487968","2.1508e-06","5e-04","C"
"4","Trait5","mrMLM","PstI.TP496795","5","1513135","8.445e-06","0.0018","C"
"4","Trait5","mrMLM","PstI.TP496793","5","1513166","-2.3102e-06","5e-04","C"
"4","Trait5","mrMLM","PstI.TP1245708","5","1545967","-1.5298e-05","0.0033","C"
"4","Trait5","mrMLM","PstI.TP1186531","5","1575450","1.2021e-05","0.0026","C"
"4","Trait5","mrMLM","NsiI.TP225231","5","1576837","-0.1251","0.7387","G"
"4","Trait5","mrMLM","PstI.TP129347","5","1582143","-1.0552e-05","0.0023","A"
"4","Trait5","mrMLM","PstI.TP240799","5","1609097","1.8079e-05","0.004","A"
"4","Trait5","mrMLM","PstI.TP746826","5","1609271","0.155","0.7077","C"
"4","Trait5","mrMLM","PstI.TP572510","5","1619655","-0.0491","0.6184","A"
"4","Trait5","mrMLM","NsiI.TP328498","5","1641741","1.5203e-05","0.0033","C"
"4","Trait5","mrMLM","NsiI.TP337706","5","1641803","-2.4308e-05","0.0053","C"
"4","Trait5","mrMLM","PstI.TP70890","5","1642047","-1.4101e-05","0.0031","C"
"4","Trait5","mrMLM","NsiI.TP303297","5","1649566","-2.1066e-05","0.0046","A"
"4","Trait5","mrMLM","PstI.TP505573","5","1676272","-8.4335e-06","0.0018","C"
"4","Trait5","mrMLM","NsiI.TP138322","5","1726879","1.9166e-05","0.0042","G"
"4","Trait5","mrMLM","NsiI.TP138641","5","1726880","1.6561e-05","0.0036","A"
"4","Trait5","mrMLM","NsiI.TP110686","5","1726885","-5.072e-06","0.0011","C"
"4","Trait5","mrMLM","PstI.TP1024558","5","1729067","2.4884e-06","5e-04","A"
"4","Trait5","mrMLM","PstI.TP285166","5","1732994","-2.3543e-05","0.0052","C"
"4","Trait5","mrMLM","NsiI.TP271317","5","1744857","-2.5355e-05","0.0056","G"
"4","Trait5","mrMLM","PstI.TP1163866","5","1762545","8.7154e-06","0.0019","A"
"4","Trait5","mrMLM","NsiI.TP493777","5","1825844","-1.8016e-05","0.0039","A"
"4","Trait5","mrMLM","PstI.TP28136","5","1839902","-1.7556e-05","0.0038","A"
"4","Trait5","mrMLM","NsiI.TP8637","5","1876766","-0.108","0.6552","A"
"4","Trait5","mrMLM","GFSSContig12774_2120","5","1894188","-0.0045","0.066","A"
"4","Trait5","mrMLM","PstI.TP1060586","5","1906260","-1.1852e-05","0.0026","A"
"4","Trait5","mrMLM","PstI.TP851503","5","1907162","-1.0307e-05","0.0022","A"
"4","Trait5","mrMLM","GFSSContig19830_1349","5","1918096","2.1174e-05","0.0046","A"
"4","Trait5","mrMLM","PstI.TP729378","5","1918244","0.0061","0.134","C"
"4","Trait5","mrMLM","PstI.TP118594","5","1927814","0.009","0.1162","A"
"4","Trait5","mrMLM","PstI.TP9129","5","1938138","-2.5057e-06","5e-04","A"
"4","Trait5","mrMLM","NsiI.TP361648","5","1940829","-8.4631e-06","0.0018","C"
"4","Trait5","mrMLM","PstI.TP222086","5","1973055","-0.02","0.2622","A"
"4","Trait5","mrMLM","NsiI.TP669564","5","1976446","-0.2365","0.9845","A"
"4","Trait5","mrMLM","NsiI.TP669673","5","1976459","7.3388e-06","0.0016","A"
"4","Trait5","mrMLM","PstI.TP1248423","5","1988487","0.0223","0.262","C"
"4","Trait5","mrMLM","PstI.TP754277","5","1988689","-5.8654e-06","0.0013","A"
"4","Trait5","mrMLM","NsiI.TP199620","5","2004904","6.6026e-08","1.4368e-05","C"
"4","Trait5","mrMLM","NsiI.TP19841","5","2023636","0.1486","0.4668","C"
"4","Trait5","mrMLM","PstI.TP1241335","5","2029179","3.1909e-07","6.9451e-05","C"
"4","Trait5","mrMLM","PstI.TP108340","5","2034366","5.6392e-06","0.0012","A"
"4","Trait5","mrMLM","PstI.TP979536","5","2060722","-0.1001","0.5678","A"
"4","Trait5","mrMLM","NsiI.TP516857","5","2120536","-0.0574","0.4899","A"
"4","Trait5","mrMLM","NsiI.TP318830","5","2140051","1.4262e-05","0.0031","A"
"4","Trait5","mrMLM","PstI.TP687256","5","2145144","-9.8187e-06","0.0021","A"
"4","Trait5","mrMLM","PstI.TP349864","5","2155348","-0.0669","0.2856","A"
"4","Trait5","mrMLM","NsiI.TP487663","5","2156288","1.1231e-05","0.0025","A"
"4","Trait5","mrMLM","NsiI.TP438841","5","2162309","-0.0211","0.2472","C"
"4","Trait5","mrMLM","NsiI.TP243637","5","2162335","-0.4548","1.6506","C"
"4","Trait5","mrMLM","PstI.TP1093878","5","2162510","5.4199e-06","0.0012","C"
"4","Trait5","mrMLM","NsiI.TP153449","5","2182877","7.5576e-06","0.0016","A"
"4","Trait5","mrMLM","NsiI.TP195030","5","2196961","2.1809e-06","5e-04","A"
"4","Trait5","mrMLM","PstI.TP386900","5","2219345","6.291e-06","0.0014","C"
"4","Trait5","mrMLM","PstI.TP386901","5","2219357","-4.4521e-06","0.001","A"
"4","Trait5","mrMLM","NsiI.TP124926","5","2242133","0.0048","0.1208","C"
"4","Trait5","mrMLM","PstI.TP1135154","5","2249476","-0.0489","0.4637","C"
"4","Trait5","mrMLM","PstI.TP450309","5","2299918","-0.0417","0.4751","A"
"4","Trait5","mrMLM","PstI.TP1181476","5","2299991","-0.1468","1.4703","A"
"4","Trait5","mrMLM","NsiI.TP766019","5","2301214","-9.0066e-06","0.002","G"
"4","Trait5","mrMLM","PstI.TP10501","5","2382399","-0.0062","0.1047","C"
"4","Trait5","mrMLM","PstI.TP937259","5","2439852","-1.2206e-05","0.0027","A"
"4","Trait5","mrMLM","NsiI.TP169154","5","2479134","1.7699e-05","0.0039","G"
"4","Trait5","mrMLM","NsiI.TP618712","5","2604562","-2.2916e-05","0.005","A"
"4","Trait5","mrMLM","PstI.TP605565","5","2619193","0.1212","0.6682","C"
"4","Trait5","mrMLM","PstI.TP445802","5","2626506","-6.1322e-06","0.0013","G"
"4","Trait5","mrMLM","NsiI.TP494540","5","2626519","-2.1769e-05","0.0048","A"
"4","Trait5","mrMLM","NsiI.TP479986","5","2631528","1.5973e-05","0.0035","C"
"4","Trait5","mrMLM","PstI.TP39347","5","2639610","-1.1969e-05","0.0026","A"
"4","Trait5","mrMLM","NsiI.TP494600","5","2639770","8.9641e-06","0.002","A"
"4","Trait5","mrMLM","NsiI.TP494601","5","2639782","-2.0778e-05","0.0045","G"
"4","Trait5","mrMLM","PstI.TP714651","5","2641756","-0.0493","0.4627","C"
"4","Trait5","mrMLM","NsiI.TP820145","5","2648201","0.2044","2.0833","C"
"4","Trait5","mrMLM","NsiI.TP176095","5","2684969","2.2685e-05","0.005","C"
"4","Trait5","mrMLM","PstI.TP751361","5","2689053","-9.9006e-06","0.0022","A"
"4","Trait5","mrMLM","PstI.TP680646","5","2703309","-6.268e-06","0.0014","C"
"4","Trait5","mrMLM","PstI.TP1256617","5","2741599","-2.6144e-05","0.0057","A"
"4","Trait5","mrMLM","NsiI.TP16868","5","2746218","9.3384e-06","0.002","A"
"4","Trait5","mrMLM","NsiI.TP403206","5","2753956","-0.2062","0.9969","A"
"4","Trait5","mrMLM","PstI.TP33747","5","2770988","-1.365e-05","0.003","A"
"4","Trait5","mrMLM","PstI.TP313195","5","2774798","-1.6798e-05","0.0037","C"
"4","Trait5","mrMLM","PstI.TP1178902","5","2776062","-0.2462","1.0392","C"
"4","Trait5","mrMLM","NsiI.TP282232","5","2776833","3.8341e-06","8e-04","A"
"4","Trait5","mrMLM","PstI.TP412468","5","2785213","6.6065e-06","0.0014","C"
"4","Trait5","mrMLM","PstI.TP863745","5","2785635","-0.0513","0.4272","G"
"4","Trait5","mrMLM","PstI.TP929794","5","2785978","2.8289e-06","6e-04","C"
"4","Trait5","mrMLM","PstI.TP1002681","5","2792124","-0.136","1.0075","A"
"4","Trait5","mrMLM","NsiI.TP306924","5","2844053","-2.4517e-05","0.0054","C"
"4","Trait5","mrMLM","NsiI.TP306926","5","2844091","-2.4445e-07","5.3199e-05","A"
"4","Trait5","mrMLM","PstI.TP324754","5","2879002","0.0083","0.153","C"
"4","Trait5","mrMLM","PstI.TP187122","5","2879937","0.1233","0.683","A"
"4","Trait5","mrMLM","PstI.TP800184","5","2883814","-0.1001","0.3735","C"
"4","Trait5","mrMLM","PstI.TP523847","5","2883860","-2.4587e-05","0.0054","A"
"4","Trait5","mrMLM","NsiI.TP561542","5","2897010","-1.7357e-05","0.0038","C"
"4","Trait5","mrMLM","NsiI.TP549012","5","2898184","-0.0135","0.1682","A"
"4","Trait5","mrMLM","PstI.TP912731","5","2928036","0.0264","0.2489","A"
"4","Trait5","mrMLM","PstI.TP786781","5","2964099","-1.6156e-05","0.0035","A"
"4","Trait5","mrMLM","PstI.TP144070","5","2971536","-1.4387e-05","0.0031","A"
"4","Trait5","mrMLM","PstI.TP795525","5","3041076","-2.6272e-06","6e-04","C"
"4","Trait5","mrMLM","PstI.TP477831","5","3086131","2.0787e-06","5e-04","C"
"4","Trait5","mrMLM","PstI.TP832581","5","3120567","1.6589e-05","0.0036","C"
"4","Trait5","mrMLM","PstI.TP639947","5","3135429","1.7186e-06","4e-04","C"
"4","Trait5","mrMLM","PstI.TP639945","5","3135436","0.0723","0.4505","G"
"4","Trait5","mrMLM","PstI.TP478987","5","3153914","-0.0574","0.4048","A"
"4","Trait5","mrMLM","PstI.TP1263815","5","3266215","6.3635e-06","0.0014","C"
"4","Trait5","mrMLM","PstI.TP719448","5","3266252","2.0102e-05","0.0044","A"
"4","Trait5","mrMLM","PstI.TP719377","5","3266267","0.0142","0.1547","C"
"4","Trait5","mrMLM","NsiI.TP339003","5","3276964","0.0011","0.0433","A"
"4","Trait5","mrMLM","PstI.TP140685","5","3279128","-8.524e-06","0.0019","A"
"4","Trait5","mrMLM","PstI.TP788525","5","3305798","-0.0214","0.1763","A"
"4","Trait5","mrMLM","NsiI.TP262322","5","3317209","3.1296e-06","7e-04","C"
"4","Trait5","mrMLM","PstI.TP1110118","5","3321439","0.1515","0.9282","A"
"4","Trait5","mrMLM","NsiI.TP775231","5","3335500","7.3194e-06","0.0016","G"
"4","Trait5","mrMLM","PstI.TP251988","5","3374175","-0.1099","0.8191","C"
"4","Trait5","mrMLM","NsiI.TP75744","5","3422968","1.5371e-05","0.0034","A"
"4","Trait5","mrMLM","PstI.TP292268","5","3450082","0.0842","0.5079","A"
"4","Trait5","mrMLM","PstI.TP433162","5","3452552","1.6731e-06","4e-04","G"
"4","Trait5","mrMLM","PstI.TP1093542","5","3453093","2.9399e-06","6e-04","A"
"4","Trait5","mrMLM","PstI.TP897370","5","3460663","-0.0525","0.3637","G"
"4","Trait5","mrMLM","PstI.TP877249","5","3460680","0.1395","1.1058","A"
"4","Trait5","mrMLM","PstI.TP69759","5","3473479","2.303e-05","0.005","A"
"4","Trait5","mrMLM","NsiI.TP732838","5","3498002","2.3786e-05","0.0052","A"
"4","Trait5","mrMLM","PstI.TP97245","5","3516531","-0.017","0.2647","C"
"4","Trait5","mrMLM","NsiI.TP800919","5","3517153","-0.1079","0.7194","A"
"4","Trait5","mrMLM","NsiI.TP38182","5","3527953","7.2179e-06","0.0016","A"
"4","Trait5","mrMLM","NsiI.TP48850","5","3566666","1.7037e-05","0.0037","C"
"4","Trait5","mrMLM","PstI.TP741054","5","3590095","0.0965","0.6057","C"
"4","Trait5","mrMLM","PstI.TP1224807","5","3620091","-4.359e-06","9e-04","A"
"4","Trait5","mrMLM","NsiI.TP245128","5","3645750","-1.2326e-05","0.0027","A"
"4","Trait5","mrMLM","PstI.TP990362","5","3683281","-2.5349e-05","0.0056","C"
"4","Trait5","mrMLM","PstI.TP140068","5","3687747","-0.0697","0.8987","A"
"4","Trait5","mrMLM","PstI.TP972256","5","3704345","-2.0951e-05","0.0046","C"
"4","Trait5","mrMLM","PstI.TP1275205","5","3704999","-7.3001e-06","0.0016","A"
"4","Trait5","mrMLM","PstI.TP338854","5","3716969","0.0965","1.0419","C"
"4","Trait5","mrMLM","NsiI.TP362324","5","3795833","3.3355e-05","0.0073","A"
"4","Trait5","mrMLM","PstI.TP116947","5","3824723","-0.0566","0.2858","A"
"4","Trait5","mrMLM","PstI.TP72814","5","3830199","0.0641","0.4222","A"
"4","Trait5","mrMLM","NsiI.TP521884","5","3858576","1.3012e-05","0.0028","G"
"4","Trait5","mrMLM","NsiI.TP471892","5","3881744","0.0142","0.1549","A"
"4","Trait5","mrMLM","PstI.TP194747","5","3889552","-0.0446","0.2933","C"
"4","Trait5","mrMLM","NsiI.TP439545","5","3890021","-0.0435","0.2668","C"
"4","Trait5","mrMLM","PstI.TP1236128","5","3894203","0.0402","0.2569","C"
"4","Trait5","mrMLM","NsiI.TP440832","5","3928642","0.0334","0.2573","C"
"4","Trait5","mrMLM","PstI.TP56862","5","3992184","4.5492e-06","0.001","A"
"4","Trait5","mrMLM","PstI.TP735313","5","4023386","0.0852","0.6195","C"
"4","Trait5","mrMLM","PstI.TP408712","5","4024144","-0.0247","0.2861","G"
"4","Trait5","mrMLM","NsiI.TP418436","5","4095705","-3.6078e-06","8e-04","A"
"4","Trait5","mrMLM","PstI.TP214151","5","4095852","-3.2902e-06","7e-04","A"
"4","Trait5","mrMLM","NsiI.TP427581","5","4171782","-0.1031","0.5786","C"
"4","Trait5","mrMLM","PstI.TP414184","5","4258207","0.0729","0.2598","A"
"4","Trait5","mrMLM","PstI.TP1060691","5","4274706","-1.0296e-06","2e-04","A"
"4","Trait5","mrMLM","NsiI.TP439626","5","4276162","2.4242e-05","0.0053","C"
"4","Trait5","mrMLM","PstI.TP1080634","5","4276257","1.2868e-05","0.0028","C"
"4","Trait5","mrMLM","NsiI.TP68212","5","4325930","0.0649","0.3257","A"
"4","Trait5","mrMLM","NsiI.TP370896","5","4376082","3.0315e-06","7e-04","C"
"4","Trait5","mrMLM","PstI.TP17778","5","4383905","5.9048e-06","0.0013","C"
"4","Trait5","mrMLM","PstI.TP321392","5","4384094","1.4219e-05","0.0031","A"
"4","Trait5","mrMLM","PstI.TP305018","5","4408757","1.3706e-05","0.003","G"
"4","Trait5","mrMLM","NsiI.TP732267","5","4411879","2.0741e-06","5e-04","A"
"4","Trait5","mrMLM","NsiI.TP107345","5","4458388","-5.5679e-08","1.2117e-05","C"
"4","Trait5","mrMLM","PstI.TP987803","5","4464515","3.7389e-06","8e-04","C"
"4","Trait5","mrMLM","NsiI.TP360516","5","4477314","4.3654e-06","0.001","A"
"4","Trait5","mrMLM","PstI.TP59329","5","4497697","-0.0574","0.5631","C"
"4","Trait5","mrMLM","NsiI.TP335598","5","4668356","0.058","0.2842","C"
"4","Trait5","mrMLM","PstI.TP252618","5","4686232","-1.0555e-05","0.0023","A"
"4","Trait5","mrMLM","PstI.TP694238","5","4770924","-0.002","0.057","A"
"4","Trait5","mrMLM","PstI.TP1110883","5","4919425","3.7977e-06","8e-04","A"
"4","Trait5","mrMLM","NsiI.TP198900","5","4928046","-7.1593e-06","0.0016","C"
"4","Trait5","mrMLM","PstI.TP126248","5","4936742","-0.0878","0.6786","A"
"4","Trait5","mrMLM","PstI.TP552005","5","5249040","0.0323","0.2796","A"
"4","Trait5","mrMLM","NsiI.TP149019","5","5285024","4.7522e-06","0.001","C"
"4","Trait5","mrMLM","NsiI.TP22393","5","5285397","-2.2008e-05","0.0048","A"
"4","Trait5","mrMLM","PstI.TP1148380","5","5292261","-2.8168e-06","6e-04","C"
"4","Trait5","mrMLM","NsiI.TP42972","5","5293168","-0.2331","0.7282","C"
"4","Trait5","mrMLM","NsiI.TP111645","5","5418687","-1.1335e-05","0.0025","A"
"4","Trait5","mrMLM","NsiI.TP655345","5","5523775","1.5032e-05","0.0033","A"
"4","Trait5","mrMLM","NsiI.TP488716","5","5554725","0.168","0.852","C"
"4","Trait5","mrMLM","PstI.TP269348","5","5556404","-0.1438","1.0412","A"
"4","Trait5","mrMLM","PstI.TP794464","5","5581475","-0.0186","0.1432","C"
"4","Trait5","mrMLM","NsiI.TP411234","5","5584072","-0.3123","1.7328","C"
"4","Trait5","mrMLM","PstI.TP1071004","5","5625232","1.7581e-05","0.0038","A"
"4","Trait5","mrMLM","NsiI.TP17670","5","5655482","-1.8525e-05","0.0041","A"
"4","Trait5","mrMLM","PstI.TP72251","5","5669318","8.1799e-06","0.0018","G"
"4","Trait5","mrMLM","PstI.TP854372","5","5715417","0.1209","1.0483","C"
"4","Trait5","mrMLM","NsiI.TP99588","5","5819451","0.0715","0.2578","G"
"4","Trait5","mrMLM","PstI.TP700543","5","5913842","-0.2753","2.0783","A"
"4","Trait5","mrMLM","PstI.TP666961","5","5923904","-3.0429e-05","0.0067","C"
"4","Trait5","mrMLM","NsiI.TP251172","5","5927783","-1.466e-05","0.0032","A"
"4","Trait5","mrMLM","PstI.TP96435","5","5986201","-1.7473e-05","0.0038","A"
"4","Trait5","mrMLM","PstI.TP636283","5","6002222","-1.1355e-05","0.0025","A"
"4","Trait5","mrMLM","PstI.TP431319","5","6008439","1.6667e-05","0.0036","C"
"4","Trait5","mrMLM","NsiI.TP119442","5","6038931","2.339e-05","0.0051","C"
"4","Trait5","mrMLM","NsiI.TP119446","5","6038936","4.0306e-05","0.0089","G"
"4","Trait5","mrMLM","PstI.TP1119788","5","6060199","0.007","0.0827","C"
"4","Trait5","mrMLM","PstI.TP289996","5","6060235","-0.2706","1.1813","A"
"4","Trait5","mrMLM","NsiI.TP523007","5","6076518","-2.4419e-06","5e-04","C"
"4","Trait5","mrMLM","NsiI.TP480192","5","6094257","-3.8014e-05","0.0084","C"
"4","Trait5","mrMLM","NsiI.TP455634","5","6162519","-1.299e-05","0.0028","C"
"4","Trait5","mrMLM","PstI.TP256203","5","6171099","-1.2588e-05","0.0027","A"
"4","Trait5","mrMLM","NsiI.TP413842","5","6397494","0.0764","0.6652","A"
"4","Trait5","mrMLM","NsiI.TP608766","5","6496104","1.0991e-05","0.0024","A"
"4","Trait5","mrMLM","PstI.TP157962","5","6518356","-4.7633e-06","0.001","A"
"4","Trait5","mrMLM","NsiI.TP411115","5","6582632","4.6935e-06","0.001","C"
"4","Trait5","mrMLM","NsiI.TP504478","5","6610387","-1.5635e-05","0.0034","A"
"4","Trait5","mrMLM","NsiI.TP172553","5","6678430","-6.2888e-06","0.0014","A"
"4","Trait5","mrMLM","PstI.TP441462","5","6715614","-0.1946","1.1986","A"
"4","Trait5","mrMLM","NsiI.TP666169","5","6761208","1.0322e-05","0.0023","A"
"4","Trait5","mrMLM","NsiI.TP467514","5","6773470","2.5539e-05","0.0056","A"
"4","Trait5","mrMLM","NsiI.TP414851","5","6779516","-1.3752e-05","0.003","A"
"4","Trait5","mrMLM","PstI.TP698749","5","6782266","-0.1032","0.7429","A"
"4","Trait5","mrMLM","PstI.TP626088","5","6783019","0.1253","0.7326","C"
"4","Trait5","mrMLM","NsiI.TP383990","5","6944020","-1.0586e-05","0.0023","C"
"4","Trait5","mrMLM","NsiI.TP534973","5","6944254","-1.6754e-05","0.0037","C"
"4","Trait5","mrMLM","PstI.TP536272","5","6990535","6.8583e-06","0.0015","C"
"4","Trait5","mrMLM","NsiI.TP146025","5","7076566","-6.9517e-06","0.0015","A"
"4","Trait5","mrMLM","PstI.TP245053","5","7136212","5.6774e-06","0.0012","C"
"4","Trait5","mrMLM","PstI.TP267165","5","7242913","2.1925e-05","0.0048","C"
"4","Trait5","mrMLM","PstI.TP1020895","5","7257842","-2.1484e-05","0.0047","A"
"4","Trait5","mrMLM","PstI.TP271552","5","7352876","1.149e-05","0.0025","C"
"4","Trait5","mrMLM","PstI.TP1177761","5","7376697","-1.1494e-05","0.0025","A"
"4","Trait5","mrMLM","PstI.TP234256","5","7599335","7.4552e-06","0.0016","C"
"4","Trait5","mrMLM","NsiI.TP117760","5","7613955","-0.0729","0.7656","C"
"4","Trait5","mrMLM","NsiI.TP74196","5","7614006","-9.9503e-06","0.0022","A"
"4","Trait5","mrMLM","PstI.TP275443","5","7624362","0.0703","0.4426","C"
"4","Trait5","mrMLM","PstI.TP874309","5","7657496","1.748e-05","0.0038","A"
"4","Trait5","mrMLM","PstI.TP886903","5","7699285","0.0301","0.2286","A"
"4","Trait5","mrMLM","NsiI.TP420780","5","7699515","1.0105e-05","0.0022","C"
"4","Trait5","mrMLM","PstI.TP899108","5","7770956","-5.6828e-07","1e-04","A"
"4","Trait5","mrMLM","PstI.TP899098","5","7770985","6.922e-06","0.0015","A"
"4","Trait5","mrMLM","NsiI.TP435687","5","7920477","1.0167e-05","0.0022","A"
"4","Trait5","mrMLM","PstI.TP1062164","5","7943106","1.8004e-05","0.0039","G"
"4","Trait5","mrMLM","GFSSContig15624_913","5","7944953","3.1913e-06","7e-04","T"
"4","Trait5","mrMLM","PstI.TP294846","5","8062551","-4.6038e-06","0.001","A"
"4","Trait5","mrMLM","PstI.TP272293","5","8068636","2.4409e-06","5e-04","A"
"4","Trait5","mrMLM","NsiI.TP630949","5","8069729","1.3466e-05","0.0029","C"
"4","Trait5","mrMLM","PstI.TP737250","5","8145902","-8.7875e-06","0.0019","C"
"4","Trait5","mrMLM","NsiI.TP502978","5","8221871","-0.2883","1.566","C"
"4","Trait5","mrMLM","PstI.TP138495","5","8332076","9.0107e-06","0.002","A"
"4","Trait5","mrMLM","PstI.TP383081","5","8439486","-9.8091e-06","0.0021","C"
"4","Trait5","mrMLM","PstI.TP1180096","5","8666173","-1.958e-05","0.0043","A"
"4","Trait5","mrMLM","PstI.TP1193816","5","8668694","0.0027","0.0826","A"
"4","Trait5","mrMLM","PstI.TP229729","5","8702801","1.2167e-05","0.0027","C"
"4","Trait5","mrMLM","PstI.TP880884","5","8724121","-0.023","0.1771","A"
"4","Trait5","mrMLM","NsiI.TP561424","5","8833869","-6.5667e-07","1e-04","C"
"4","Trait5","mrMLM","PstI.TP742879","5","8865203","-8.4209e-06","0.0018","A"
"4","Trait5","mrMLM","PstI.TP1231789","5","8890329","3.9979e-06","9e-04","C"
"4","Trait5","mrMLM","PstI.TP112449","5","8894727","0.0548","0.2597","A"
"4","Trait5","mrMLM","NsiI.TP792799","5","8987708","0.0848","0.7187","A"
"4","Trait5","mrMLM","PstI.TP509886","5","8995207","6.2505e-06","0.0014","C"
"4","Trait5","mrMLM","NsiI.TP19374","5","8995620","-1.0578e-05","0.0023","C"
"4","Trait5","mrMLM","NsiI.TP775329","5","9234788","-8.1357e-06","0.0018","A"
"4","Trait5","mrMLM","PstI.TP192306","5","9235205","2.2615e-06","5e-04","G"
"4","Trait5","mrMLM","PstI.TP385178","5","9340420","-0.0448","0.4496","A"
"4","Trait5","mrMLM","NsiI.TP346723","5","9422087","-2.3536e-06","5e-04","C"
"4","Trait5","mrMLM","NsiI.TP237","5","9520936","-3.3803e-05","0.0074","A"
"4","Trait5","mrMLM","PstI.TP290409","5","10196072","0.2636","2.7619","C"
"4","Trait5","mrMLM","PstI.TP1029819","5","10196113","-1.2018e-05","0.0026","C"
"4","Trait5","mrMLM","PstI.TP748221","5","10228330","0.0626","0.7234","A"
"4","Trait5","mrMLM","PstI.TP955731","5","10358624","0.03","0.2914","A"
"4","Trait5","mrMLM","PstI.TP410756","5","10490332","8.9006e-06","0.0019","A"
"4","Trait5","mrMLM","PstI.TP680939","5","10598206","3.1095e-05","0.0068","C"
"4","Trait5","mrMLM","NsiI.TP796687","5","10645312","-1.7917e-05","0.0039","C"
"4","Trait5","mrMLM","NsiI.TP795133","5","10655601","0.0103","0.1008","A"
"4","Trait5","mrMLM","PstI.TP1003709","5","10657204","0.036","0.2775","A"
"4","Trait5","mrMLM","PstI.TP982606","5","10759453","-4.006e-06","9e-04","A"
"4","Trait5","mrMLM","NsiI.TP635574","5","10846526","2.5097e-05","0.0055","C"
"4","Trait5","mrMLM","NsiI.TP603192","5","10993052","-2.8209e-06","6e-04","A"
"4","Trait5","mrMLM","PstI.TP1195335","5","11006945","-1.3797e-06","3e-04","A"
"4","Trait5","mrMLM","PstI.TP829722","5","11155989","-1.6037e-05","0.0035","A"
"4","Trait5","mrMLM","NsiI.TP33348","5","11365693","-1.8618e-07","4.0522e-05","A"
"4","Trait5","mrMLM","NsiI.TP2631","5","11412411","-3.3854e-05","0.0074","A"
"4","Trait5","mrMLM","NsiI.TP233710","5","11471466","-1.2762e-05","0.0028","A"
"4","Trait5","mrMLM","NsiI.TP672741","5","11505960","-9.4545e-06","0.0021","C"
"4","Trait5","mrMLM","PstI.TP1017110","5","11514770","-1.688e-05","0.0037","A"
"4","Trait5","mrMLM","NsiI.TP307384","5","11516562","-1.6598e-05","0.0036","C"
"4","Trait5","mrMLM","NsiI.TP585975","5","11530695","1.3858e-05","0.003","A"
"4","Trait5","mrMLM","PstI.TP321068","5","11582646","-1.5891e-05","0.0035","C"
"4","Trait5","mrMLM","PstI.TP1001738","5","11586700","-2.9665e-05","0.0065","C"
"4","Trait5","mrMLM","PstI.TP698952","5","11616579","-1.0505e-05","0.0023","C"
"4","Trait5","mrMLM","NsiI.TP705542","5","11798160","-1.7916e-05","0.0039","G"
"4","Trait5","mrMLM","NsiI.TP136359","5","11923222","-2.5167e-06","5e-04","C"
"4","Trait5","mrMLM","PstI.TP516385","5","12032688","-5.6694e-06","0.0012","A"
"4","Trait5","mrMLM","NsiI.TP484005","5","12053525","6.7715e-06","0.0015","C"
"4","Trait5","mrMLM","NsiI.TP613128","5","12094356","-2.754e-05","0.006","A"
"4","Trait5","mrMLM","PstI.TP336954","5","12142061","-9.8535e-06","0.0021","G"
"4","Trait5","mrMLM","PstI.TP886522","5","12142747","-8.6573e-06","0.0019","C"
"4","Trait5","mrMLM","PstI.TP38199","5","12145311","3.3983e-05","0.0075","A"
"4","Trait5","mrMLM","NsiI.TP54464","5","12196169","1.8623e-05","0.0041","C"
"4","Trait5","mrMLM","PstI.TP612686","5","12297222","1.3785e-05","0.003","A"
"4","Trait5","mrMLM","NsiI.TP151699","5","12373387","-8.6262e-06","0.0019","A"
"4","Trait5","mrMLM","PstI.TP952139","5","12454386","-0.051","0.3057","C"
"4","Trait5","mrMLM","GFSSContig12176_444","5","12496833","-2.2853e-05","0.005","T"
"4","Trait5","mrMLM","PstI.TP336053","5","12614170","-2.6779e-05","0.0059","C"
"4","Trait5","mrMLM","NsiI.TP55689","5","12614769","-3.1722e-05","0.007","C"
"4","Trait5","mrMLM","PstI.TP469353","5","12741229","-1.3493e-05","0.0029","A"
"4","Trait5","mrMLM","PstI.TP298093","5","12772922","4.0999e-06","9e-04","A"
"4","Trait5","mrMLM","PstI.TP760568","5","12773371","1.7938e-06","4e-04","C"
"4","Trait5","mrMLM","PstI.TP800418","5","12779891","3.5439e-05","0.0078","A"
"4","Trait5","mrMLM","PstI.TP747280","5","12790396","-0.0874","0.5533","C"
"4","Trait5","mrMLM","PstI.TP576497","5","12791280","-1.213e-05","0.0026","A"
"4","Trait5","mrMLM","PstI.TP800413","5","12791316","2.0416e-05","0.0045","G"
"4","Trait5","mrMLM","PstI.TP876085","5","12857869","9.6371e-06","0.0021","C"
"4","Trait5","mrMLM","PstI.TP966301","5","13005870","-4.3851e-06","0.001","A"
"4","Trait5","mrMLM","PstI.TP923354","5","13005905","0.0688","0.6124","A"
"4","Trait5","mrMLM","NsiI.TP243799","5","13014314","-2.7814e-06","6e-04","C"
"4","Trait5","mrMLM","PstI.TP644170","5","13189719","0.0459","0.2734","G"
"4","Trait5","mrMLM","NsiI.TP484899","5","13192407","2.7686e-05","0.0061","A"
"4","Trait5","mrMLM","PstI.TP306460","5","13194806","1.2847e-05","0.0028","A"
"4","Trait5","mrMLM","NsiI.TP695575","5","13207424","1.9578e-05","0.0043","A"
"4","Trait5","mrMLM","PstI.TP1064686","5","13320382","0.016","0.1045","A"
"4","Trait5","mrMLM","NsiI.TP766990","5","13327390","5.1628e-06","0.0011","A"
"4","Trait5","mrMLM","PstI.TP482453","5","13381050","-1.6288e-05","0.0036","A"
"4","Trait5","mrMLM","NsiI.TP762729","5","13386033","2.204e-05","0.0048","G"
"4","Trait5","mrMLM","NsiI.TP624549","5","13393040","1.7027e-05","0.0037","C"
"4","Trait5","mrMLM","PstI.TP1200721","5","13409840","-1.6676e-06","4e-04","A"
"4","Trait5","mrMLM","NsiI.TP416420","5","13410392","0.1121","0.8491","A"
"4","Trait5","mrMLM","NsiI.TP692511","5","13515562","2.1987e-06","5e-04","C"
"4","Trait5","mrMLM","PstI.TP315886","5","13551211","1.9059e-05","0.0042","C"
"4","Trait5","mrMLM","PstI.TP535684","5","13584812","-3.2169e-05","0.0071","C"
"4","Trait5","mrMLM","PstI.TP290629","5","13602322","-5.3177e-06","0.0012","A"
"4","Trait5","mrMLM","NsiI.TP148633","5","14092932","0.0778","0.6753","C"
"4","Trait5","mrMLM","NsiI.TP740453","5","14277196","0.0119","0.185","A"
"4","Trait5","mrMLM","PstI.TP1132676","5","14529610","2.311e-05","0.0051","A"
"4","Trait5","mrMLM","NsiI.TP212828","5","14570389","-0.0326","0.2605","A"
"4","Trait5","mrMLM","PstI.TP115552","5","14740973","-2.5859e-05","0.0057","A"
"4","Trait5","mrMLM","PstI.TP1201217","5","14742752","-8.0586e-06","0.0018","C"
"4","Trait5","mrMLM","PstI.TP843092","5","14746414","-0.3656","2.3974","A"
"4","Trait5","mrMLM","PstI.TP389984","5","14746564","3.3851e-06","7e-04","G"
"4","Trait5","mrMLM","PstI.TP314812","5","14746703","2.5882e-06","6e-04","A"
"4","Trait5","mrMLM","PstI.TP649157","5","14889227","-8.9312e-06","0.0019","A"
"4","Trait5","mrMLM","PstI.TP1086927","5","15015645","1.7122e-06","4e-04","A"
"4","Trait5","mrMLM","PstI.TP980216","5","15015690","2.0341e-05","0.0044","A"
"4","Trait5","mrMLM","PstI.TP174425","5","15088676","-9.862e-06","0.0022","A"
"4","Trait5","mrMLM","PstI.TP1284475","5","15093792","-0.0407","0.2815","A"
"4","Trait5","mrMLM","NsiI.TP30992","5","15094431","1.8385e-05","0.004","C"
"4","Trait5","mrMLM","PstI.TP1274338","5","15100348","0.2136","1.0974","C"
"4","Trait5","mrMLM","PstI.TP1274320","5","15100359","-2.6721e-05","0.0059","C"
"4","Trait5","mrMLM","NsiI.TP587624","5","15100364","-2.3995e-06","5e-04","C"
"4","Trait5","mrMLM","NsiI.TP426168","5","15111964","4.1962e-06","9e-04","A"
"4","Trait5","mrMLM","PstI.TP1117188","5","15115089","9.5012e-06","0.0021","A"
"4","Trait5","mrMLM","PstI.TP645694","5","15118699","-0.044","0.3455","A"
"4","Trait5","mrMLM","NsiI.TP727162","5","15122057","0.0225","0.2328","G"
"4","Trait5","mrMLM","PstI.TP1191302","5","15122235","-1.1296e-05","0.0025","G"
"4","Trait5","mrMLM","PstI.TP987131","5","15122270","0.0896","0.6318","A"
"4","Trait5","mrMLM","PstI.TP1181762","5","15205403","0.0381","0.2214","C"
"4","Trait5","mrMLM","PstI.TP474896","5","15206420","-2.6627e-06","6e-04","G"
"4","Trait5","mrMLM","NsiI.TP689413","5","15376291","-2.4231e-08","5.2732e-06","C"
"4","Trait5","mrMLM","NsiI.TP360947","5","15431975","0.0171","0.2635","A"
"4","Trait5","mrMLM","NsiI.TP690621","5","15578156","0.073","0.6063","A"
"4","Trait5","mrMLM","PstI.TP342506","5","15673619","-1.3227e-05","0.0029","C"
"4","Trait5","mrMLM","PstI.TP335861","5","15698460","8.0767e-06","0.0018","C"
"4","Trait5","mrMLM","NsiI.TP33200","5","15793739","-2.4333e-06","5e-04","A"
"4","Trait5","mrMLM","PstI.TP852930","5","15890397","0.1325","0.9343","G"
"4","Trait5","mrMLM","NsiI.TP586149","5","16081479","-2.1391e-05","0.0047","C"
"4","Trait5","mrMLM","PstI.TP98333","5","16130526","0.1178","0.9851","C"
"4","Trait5","mrMLM","PstI.TP632203","5","16147728","-1.2315e-05","0.0027","A"
"4","Trait5","mrMLM","NsiI.TP148603","5","16159167","-1.4711e-05","0.0032","A"
"4","Trait5","mrMLM","PstI.TP749759","5","16162509","-1.6886e-05","0.0037","C"
"4","Trait5","mrMLM","PstI.TP648723","5","16409323","4.1342e-06","9e-04","C"
"4","Trait5","mrMLM","NsiI.TP796495","5","16450180","-1.8193e-05","0.004","A"
"4","Trait5","mrMLM","NsiI.TP499551","5","16709577","1.8862e-05","0.0041","C"
"4","Trait5","mrMLM","PstI.TP1096194","5","16711165","6.3817e-06","0.0014","C"
"4","Trait5","mrMLM","PstI.TP285225","5","16857442","-1.0052e-05","0.0022","C"
"4","Trait5","mrMLM","PstI.TP34453","5","16892570","1.6184e-05","0.0035","C"
"4","Trait5","mrMLM","PstI.TP1275425","5","16902247","-1.1385e-05","0.0025","C"
"4","Trait5","mrMLM","PstI.TP1117910","5","16910013","-3.8958e-06","8e-04","C"
"4","Trait5","mrMLM","PstI.TP1117916","5","16910015","8.1626e-06","0.0018","A"
"4","Trait5","mrMLM","PstI.TP894695","5","17179622","-1.4051e-05","0.0031","C"
"4","Trait5","mrMLM","PstI.TP957381","5","18052739","3.7416e-06","8e-04","C"
"4","Trait5","mrMLM","PstI.TP364209","5","18054571","-0.1038","1.1618","C"
"4","Trait5","mrMLM","NsiI.TP821208","5","18055820","0.1233","0.5414","G"
"4","Trait5","mrMLM","PstI.TP523812","5","18073563","-0.3137","1.4876","C"
"4","Trait5","mrMLM","PstI.TP751322","5","18102691","3.1689e-06","7e-04","A"
"4","Trait5","mrMLM","PstI.TP617204","5","18199075","-3.0628e-05","0.0067","C"
"4","Trait5","mrMLM","NsiI.TP551038","5","18628294","4.8695e-06","0.0011","A"
"4","Trait5","mrMLM","NsiI.TP482815","5","18629097","0.0102","0.1546","C"
"4","Trait5","mrMLM","NsiI.TP604518","5","18763426","-9.5242e-06","0.0021","C"
"4","Trait5","mrMLM","PstI.TP532325","5","18806244","-3.2048e-05","0.007","C"
"4","Trait5","mrMLM","NsiI.TP152452","5","18948809","-6.8109e-06","0.0015","A"
"4","Trait5","mrMLM","NsiI.TP674913","5","19113681","0.1586","1.0353","A"
"4","Trait5","mrMLM","NsiI.TP68094","5","19248780","-2.9066e-05","0.0064","C"
"4","Trait5","mrMLM","NsiI.TP5995","5","19295823","-2.4111e-05","0.0053","C"
"4","Trait5","mrMLM","PstI.TP746991","5","19407287","0.1276","0.8321","C"
"4","Trait5","mrMLM","PstI.TP314170","5","19407372","-2.4874e-05","0.0054","A"
"4","Trait5","mrMLM","PstI.TP970657","5","19411206","-0.0841","0.7201","C"
"4","Trait5","mrMLM","PstI.TP48264","5","19538605","3.8151e-05","0.0084","A"
"4","Trait5","mrMLM","PstI.TP1063025","5","19892321","-1.6e-05","0.0035","A"
"4","Trait5","mrMLM","PstI.TP159269","5","20096056","9.9124e-06","0.0022","A"
"4","Trait5","mrMLM","NsiI.TP751401","5","20096245","-1.2739e-05","0.0028","C"
"4","Trait5","mrMLM","PstI.TP13814","5","20169630","-6.6871e-06","0.0015","G"
"4","Trait5","mrMLM","PstI.TP1257596","5","20212765","-0.0501","0.2686","A"
"4","Trait5","mrMLM","NsiI.TP417080","5","20213590","-1.6344e-05","0.0036","C"
"4","Trait5","mrMLM","NsiI.TP793792","5","20444173","2.7466e-06","6e-04","A"
"4","Trait5","mrMLM","PstI.TP1118790","5","21005060","-3.9408e-06","9e-04","A"
"4","Trait5","mrMLM","NsiI.TP407739","5","21059582","8.5884e-06","0.0019","A"
"4","Trait5","mrMLM","NsiI.TP356659","5","21066056","-4.7355e-06","0.001","A"
"4","Trait5","mrMLM","NsiI.TP125687","5","21256861","-1.6338e-06","4e-04","A"
"4","Trait5","mrMLM","GFSSContig16952_694","5","21260380","5.6805e-06","0.0012","T"
"4","Trait5","mrMLM","PstI.TP645353","5","22012485","0.0946","0.8494","C"
"4","Trait5","mrMLM","NsiI.TP341038","5","23088353","-3.2588e-06","7e-04","A"
"4","Trait5","mrMLM","PstI.TP820541","5","24766902","-9.3816e-06","0.002","A"
"4","Trait5","mrMLM","PstI.TP649005","5","24767427","0.0339","0.2026","C"
"4","Trait5","mrMLM","NsiI.TP396297","5","25952867","3.7953e-05","0.0083","A"
"4","Trait5","mrMLM","PstI.TP425850","5","26364229","-0.0341","0.2752","C"
"4","Trait5","mrMLM","PstI.TP1195300","5","26364321","0.0574","0.3725","G"
"4","Trait5","mrMLM","PstI.TP34418","5","27056703","7.8777e-07","2e-04","C"
"4","Trait5","mrMLM","PstI.TP1039449","5","27195987","2.1068e-05","0.0046","C"
"4","Trait5","mrMLM","NsiI.TP681228","5","30589098","1.8655e-05","0.0041","A"
"4","Trait5","mrMLM","NsiI.TP364116","5","32735375","0.0678","0.6164","A"
"4","Trait5","mrMLM","PstI.TP19976","5","34318188","0.0144","0.1982","A"
"4","Trait5","mrMLM","NsiI.TP259100","5","34428290","0.0375","0.2277","C"
"4","Trait5","mrMLM","PstI.TP774852","5","34438178","-0.121","0.7339","G"
"4","Trait5","mrMLM","PstI.TP107548","5","34438208","-3.1429e-05","0.0069","A"
"4","Trait5","mrMLM","NsiI.TP757","5","34839955","8.5533e-06","0.0019","A"
"4","Trait5","mrMLM","NsiI.TP771574","5","35005966","-3.7633e-05","0.0083","A"
"4","Trait5","mrMLM","NsiI.TP243330","5","35358519","0.0246","0.2393","A"
"4","Trait5","mrMLM","PstI.TP1174221","5","35411754","-3.2017e-05","0.007","C"
"4","Trait5","mrMLM","PstI.TP651320","5","35481232","-0.0092","0.137","A"
"4","Trait5","mrMLM","PstI.TP287063","5","36574210","3.6402e-07","7.9227e-05","A"
"4","Trait5","mrMLM","PstI.TP875223","5","36574288","8.3342e-06","0.0018","A"
"4","Trait5","mrMLM","PstI.TP1117113","5","36720345","-2.1278e-06","5e-04","A"
"4","Trait5","mrMLM","PstI.TP675995","5","36723521","-3.4595e-06","8e-04","G"
"4","Trait5","mrMLM","PstI.TP236631","5","36765187","5.866e-07","1e-04","A"
"4","Trait5","mrMLM","NsiI.TP270508","5","36765256","2.1029e-06","5e-04","C"
"4","Trait5","mrMLM","NsiI.TP270506","5","36765260","-1.5696e-06","3e-04","G"
"4","Trait5","mrMLM","PstI.TP375433","5","36765267","6.0492e-06","0.0013","G"
"4","Trait5","mrMLM","PstI.TP1218796","5","37170960","-8.5451e-06","0.0019","A"
"4","Trait5","mrMLM","PstI.TP804790","5","37368088","-9.9756e-06","0.0022","A"
"4","Trait5","mrMLM","NsiI.TP83643","5","37495191","-1.398e-05","0.0031","A"
"4","Trait5","mrMLM","NsiI.TP825124","5","37496274","0.0184","0.2222","A"
"4","Trait5","mrMLM","PstI.TP742833","5","38427579","2.1785e-05","0.0048","C"
"4","Trait5","mrMLM","NsiI.TP635575","5","38567770","2.9665e-06","6e-04","C"
"4","Trait5","mrMLM","PstI.TP419260","5","38567844","2.2877e-06","5e-04","C"
"4","Trait5","mrMLM","PstI.TP149695","5","38567914","-0.3235","1.3017","G"
"4","Trait5","mrMLM","GFSSContig18633_1798","5","40187624","8.3451e-07","2e-04","A"
"4","Trait5","mrMLM","PstI.TP124945","5","41255313","-0.0954","0.757","A"
"4","Trait5","mrMLM","PstI.TP766823","5","41255601","-6.8717e-06","0.0015","A"
"4","Trait5","mrMLM","PstI.TP1021393","5","41615776","-0.1577","0.8444","A"
"4","Trait5","mrMLM","PstI.TP162592","5","50611871","-1.8185e-05","0.004","C"
"4","Trait5","mrMLM","PstI.TP819981","5","50650386","0.0229","0.2431","C"
"4","Trait5","mrMLM","PstI.TP414172","5","50674507","2.0945e-05","0.0046","C"
"4","Trait5","mrMLM","NsiI.TP547375","5","50727832","-1.5019e-05","0.0033","C"
"4","Trait5","mrMLM","NsiI.TP123360","5","50852843","-4.1426e-05","0.0091","A"
"4","Trait5","mrMLM","NsiI.TP665652","5","50852882","-9.8311e-06","0.0021","C"
"4","Trait5","mrMLM","PstI.TP1028937","5","50852897","-6.3413e-06","0.0014","A"
"4","Trait5","mrMLM","NsiI.TP830795","5","50853004","2.2302e-05","0.0049","A"
"4","Trait5","mrMLM","PstI.TP134218","5","50856738","-2.3248e-05","0.0051","C"
"4","Trait5","mrMLM","NsiI.TP563031","5","50864258","-1.9138e-05","0.0042","C"
"4","Trait5","mrMLM","NsiI.TP298578","5","51161190","-8.2636e-06","0.0018","C"
"4","Trait5","mrMLM","PstI.TP1284034","5","51318749","-0.2841","1.1644","A"
"4","Trait5","mrMLM","NsiI.TP522657","5","51607848","0.0822","0.6751","A"
"4","Trait5","mrMLM","PstI.TP1014148","5","51656308","0.0141","0.2202","C"
"4","Trait5","mrMLM","NsiI.TP433667","5","51656485","-3.7586e-06","8e-04","A"
"4","Trait5","mrMLM","GFSSContig8931_556","5","51659977","-0.0086","0.1117","A"
"4","Trait5","mrMLM","PstI.TP873801","5","51776313","0.1128","0.9183","A"
"4","Trait5","mrMLM","PstI.TP603196","5","51808127","0.171","1.1523","A"
"4","Trait5","mrMLM","PstI.TP65868","5","51808727","-0.0936","0.7981","A"
"4","Trait5","mrMLM","PstI.TP977809","5","51809124","-0.133","1.1178","A"
"4","Trait5","mrMLM","PstI.TP197570","5","51810245","0.035","0.3371","A"
"4","Trait5","mrMLM","NsiI.TP686137","5","51810961","0.1121","1.2638","A"
"4","Trait5","mrMLM","PstI.TP80081","5","51832467","-4.0022e-05","0.0088","C"
"4","Trait5","mrMLM","PstI.TP815740","5","51894254","1.5842e-05","0.0035","A"
"4","Trait5","mrMLM","PstI.TP994181","5","52027718","3.0203e-05","0.0066","C"
"4","Trait5","mrMLM","PstI.TP196076","5","52033156","-7.7767e-06","0.0017","A"
"4","Trait5","mrMLM","PstI.TP571010","5","52141168","0.0334","0.2554","C"
"4","Trait5","mrMLM","PstI.TP273553","5","52197136","1.7784e-05","0.0039","A"
"4","Trait5","mrMLM","NsiI.TP759107","5","52226346","2.3502e-05","0.0051","C"
"4","Trait5","mrMLM","PstI.TP541808","5","52531297","1.6842e-06","4e-04","A"
"4","Trait5","mrMLM","NsiI.TP397081","5","52924241","0.0658","0.4841","A"
"4","Trait5","mrMLM","NsiI.TP834285","5","52986053","-7.6149e-06","0.0017","A"
"4","Trait5","mrMLM","NsiI.TP835144","5","52986053","1.7077e-05","0.0037","A"
"4","Trait5","mrMLM","NsiI.TP543464","5","53287493","9.0867e-08","1.9775e-05","A"
"4","Trait5","mrMLM","PstI.TP246677","5","53370221","-9.0698e-06","0.002","A"
"4","Trait5","mrMLM","NsiI.TP612588","5","53387876","-4.2702e-06","9e-04","A"
"4","Trait5","mrMLM","NsiI.TP731160","5","53395390","-2.741e-05","0.006","C"
"4","Trait5","mrMLM","PstI.TP234335","5","53477940","0.2089","1.0259","A"
"4","Trait5","mrMLM","NsiI.TP501821","5","53570195","7.7391e-06","0.0017","G"
"4","Trait5","mrMLM","NsiI.TP516915","5","53710006","0.0691","0.6237","A"
"4","Trait5","mrMLM","NsiI.TP554272","5","53844850","-0.3077","2.1033","C"
"4","Trait5","mrMLM","PstI.TP706555","5","53845438","0.0769","0.3391","A"
"4","Trait5","mrMLM","NsiI.TP642362","5","53894023","0.0018","0.059","C"
"4","Trait5","mrMLM","NsiI.TP404567","5","53894672","1.6938e-05","0.0037","A"
"4","Trait5","mrMLM","NsiI.TP805614","5","53899195","1.2921e-05","0.0028","C"
"4","Trait5","mrMLM","PstI.TP609962","5","53907385","-1.4867e-05","0.0032","C"
"4","Trait5","mrMLM","NsiI.TP188795","5","53911914","-0.0619","0.7731","A"
"4","Trait5","mrMLM","PstI.TP883533","5","54035801","-8.2972e-06","0.0018","A"
"4","Trait5","mrMLM","NsiI.TP132535","5","54113170","2.0712e-05","0.0045","C"
"4","Trait5","mrMLM","NsiI.TP350558","5","54490720","-0.0691","0.9074","A"
"4","Trait5","mrMLM","PstI.TP794004","5","54648750","-4.5657e-06","0.001","G"
"4","Trait5","mrMLM","NsiI.TP671488","5","54680052","-5.902e-06","0.0013","C"
"4","Trait5","mrMLM","NsiI.TP306136","5","54721299","0.0099","0.1633","C"
"4","Trait5","mrMLM","NsiI.TP810911","5","54969913","-0.0586","0.5345","A"
"4","Trait5","mrMLM","PstI.TP270923","5","55034742","-0.0475","0.5624","C"
"4","Trait5","mrMLM","NsiI.TP497560","5","55034742","7.5746e-06","0.0017","A"
"4","Trait5","mrMLM","NsiI.TP37291","5","55043704","1.3414e-05","0.0029","A"
"4","Trait5","mrMLM","PstI.TP175125","5","55044735","0.1033","1.141","A"
"4","Trait5","mrMLM","PstI.TP942859","5","55074903","-9.0884e-06","0.002","C"
"4","Trait5","mrMLM","PstI.TP552695","5","55075154","0.0812","0.5232","A"
"4","Trait5","mrMLM","NsiI.TP386593","5","55135760","-0.0326","0.4236","A"
"4","Trait5","mrMLM","NsiI.TP245163","5","55180573","-2.3469e-05","0.0051","A"
"4","Trait5","mrMLM","PstI.TP221109","5","55180794","-0.0428","0.3784","C"
"4","Trait5","mrMLM","PstI.TP232008","5","55205152","-0.0317","0.2133","A"
"4","Trait5","mrMLM","NsiI.TP735487","5","55213405","-0.1651","0.7406","A"
"4","Trait5","mrMLM","PstI.TP1220022","5","55219391","6.2094e-06","0.0014","C"
"4","Trait5","mrMLM","PstI.TP613138","5","55234589","-6.3768e-06","0.0014","A"
"4","Trait5","mrMLM","PstI.TP730777","5","55592667","2.0239e-06","4e-04","A"
"4","Trait5","mrMLM","PstI.TP1069523","5","55621669","-0.1869","0.9261","C"
"4","Trait5","mrMLM","PstI.TP1150316","5","55625160","-2.7451e-05","0.006","A"
"4","Trait5","mrMLM","NsiI.TP811653","5","56042998","1.5493e-05","0.0034","A"
"4","Trait5","mrMLM","NsiI.TP673917","5","56046719","-0.0131","0.1306","A"
"4","Trait5","mrMLM","PstI.TP641096","5","56088879","-2.2697e-06","5e-04","C"
"4","Trait5","mrMLM","PstI.TP83640","5","56109668","-3.1365e-06","7e-04","A"
"4","Trait5","mrMLM","PstI.TP349704","5","56109694","0.0276","0.3291","A"
"4","Trait5","mrMLM","NsiI.TP22762","5","56121403","-2.2507e-05","0.0049","C"
"4","Trait5","mrMLM","PstI.TP464164","5","56125233","-1.0986e-07","2.3907e-05","A"
"4","Trait5","mrMLM","NsiI.TP573755","5","56168573","2.6353e-05","0.0058","A"
"4","Trait5","mrMLM","PstI.TP373849","5","56176306","-0.0912","0.3228","C"
"4","Trait5","mrMLM","PstI.TP373688","5","56176323","2.0317e-05","0.0044","A"
"4","Trait5","mrMLM","PstI.TP63427","5","56596771","-0.0989","0.4404","A"
"4","Trait5","mrMLM","NsiI.TP145912","5","56652841","8.2357e-09","1.7925e-06","G"
"4","Trait5","mrMLM","PstI.TP845378","5","56748199","1.5453e-05","0.0034","C"
"4","Trait5","mrMLM","PstI.TP782314","5","57125958","-1.2062e-05","0.0026","A"
"4","Trait5","mrMLM","NsiI.TP85076","5","57132238","-9.2028e-06","0.002","A"
"4","Trait5","mrMLM","NsiI.TP492159","5","57167602","-1.3305e-05","0.0029","C"
"4","Trait5","mrMLM","NsiI.TP276094","5","57224119","4.7797e-06","0.001","A"
"4","Trait5","mrMLM","PstI.TP335122","5","57381095","1.7265e-05","0.0038","C"
"4","Trait5","mrMLM","NsiI.TP10169","5","57381378","3.7886e-06","8e-04","A"
"4","Trait5","mrMLM","PstI.TP1291839","5","57383051","2.2746e-05","0.005","A"
"4","Trait5","mrMLM","PstI.TP1009093","5","57385246","9.6296e-06","0.0021","C"
"4","Trait5","mrMLM","GFSSContig11759_1658","5","57388122","-6.5164e-06","0.0014","T"
"4","Trait5","mrMLM","PstI.TP809814","5","57394336","0.1212","0.5654","A"
"4","Trait5","mrMLM","NsiI.TP162601","5","57789332","1.9377e-05","0.0042","C"
"4","Trait5","mrMLM","NsiI.TP233512","5","57993921","0.0342","0.3344","A"
"4","Trait5","mrMLM","PstI.TP1247409","5","58035472","-1.6049e-05","0.0035","C"
"4","Trait5","mrMLM","GFk40ctg430575_109","5","58040226","2.744e-05","0.006","A"
"4","Trait5","mrMLM","PstI.TP1211183","5","58088010","-6.1674e-07","1e-04","C"
"4","Trait5","mrMLM","NsiI.TP521254","5","58096704","0.0727","0.3305","A"
"4","Trait5","mrMLM","PstI.TP1053657","5","58388929","1.5713e-05","0.0034","C"
"4","Trait5","mrMLM","PstI.TP836308","5","58856297","1.4989e-05","0.0033","G"
"4","Trait5","mrMLM","NsiI.TP364121","5","58856331","-0.0499","0.5463","A"
"4","Trait5","mrMLM","NsiI.TP168149","5","58857133","-0.2418","0.9333","C"
"4","Trait5","mrMLM","NsiI.TP83984","5","58913591","-0.0506","0.6219","C"
"4","Trait5","mrMLM","PstI.TP735761","5","59043238","-1.1056e-05","0.0024","C"
"4","Trait5","mrMLM","PstI.TP469939","5","59145329","-5.6262e-06","0.0012","A"
"4","Trait5","mrMLM","PstI.TP1154308","5","59145584","-0.0066","0.134","A"
"4","Trait5","mrMLM","PstI.TP576996","5","59153497","-7.7073e-06","0.0017","A"
"4","Trait5","mrMLM","PstI.TP375285","5","59153579","1.8009e-06","4e-04","A"
"4","Trait5","mrMLM","PstI.TP343962","5","59194428","-0.0702","0.9129","C"
"4","Trait5","mrMLM","PstI.TP1249478","5","59204979","-0.1944","0.9874","G"
"4","Trait5","mrMLM","PstI.TP830726","5","59210102","1.4453e-05","0.0032","A"
"4","Trait5","mrMLM","PstI.TP67934","5","59262469","1.8587e-05","0.0041","C"
"4","Trait5","mrMLM","PstI.TP317589","5","59272686","-1.3575e-06","3e-04","C"
"4","Trait5","mrMLM","NsiI.TP592207","5","59286495","0.1938","1.37","G"
"4","Trait5","mrMLM","PstI.TP293036","5","59316972","-1.3862e-05","0.003","C"
"4","Trait5","mrMLM","PstI.TP219904","5","59317766","1.0458e-05","0.0023","G"
"4","Trait5","mrMLM","PstI.TP181773","5","59325606","-9.3242e-06","0.002","A"
"4","Trait5","mrMLM","NsiI.TP390489","5","59329782","-9.279e-06","0.002","A"
"4","Trait5","mrMLM","NsiI.TP609535","5","59379806","-1.631e-05","0.0036","A"
"4","Trait5","mrMLM","NsiI.TP439779","5","59379830","-9.1172e-06","0.002","A"
"4","Trait5","mrMLM","NsiI.TP376741","5","59444925","-0.2423","0.8427","C"
"4","Trait5","mrMLM","PstI.TP184945","5","59446393","7.6722e-06","0.0017","A"
"4","Trait5","mrMLM","PstI.TP975361","5","59446518","-2.8382e-05","0.0062","A"
"4","Trait5","mrMLM","PstI.TP256298","5","59456213","0.013","0.1588","A"
"4","Trait5","mrMLM","NsiI.TP429205","5","59496987","-0.0756","0.9032","C"
"4","Trait5","mrMLM","NsiI.TP246986","5","59498524","1.7623e-05","0.0039","A"
"4","Trait5","mrMLM","PstI.TP901","5","59519135","2.5242e-05","0.0055","C"
"4","Trait5","mrMLM","NsiI.TP520225","5","59841403","-6.7645e-06","0.0015","C"
"4","Trait5","mrMLM","NsiI.TP494981","5","59856350","-0.0572","0.3728","G"
"4","Trait5","mrMLM","NsiI.TP188688","5","60387932","-0.0054","0.0884","A"
"4","Trait5","mrMLM","NsiI.TP242835","5","60524133","-4.0929e-06","9e-04","C"
"4","Trait5","mrMLM","NsiI.TP187233","5","60546927","-1.5058e-05","0.0033","A"
"4","Trait5","mrMLM","NsiI.TP56980","5","60556567","1.1684e-05","0.0026","A"
"4","Trait5","mrMLM","NsiI.TP414565","5","60592001","0.0615","0.5202","A"
"4","Trait5","mrMLM","NsiI.TP387877","5","60596110","-0.0257","0.2158","A"
"4","Trait5","mrMLM","PstI.TP938338","5","60615990","-0.1251","0.9236","C"
"4","Trait5","mrMLM","PstI.TP768126","5","60675923","4.3429e-05","0.0096","A"
"4","Trait5","mrMLM","PstI.TP358317","5","60687568","0.0059","0.1125","C"
"4","Trait5","mrMLM","NsiI.TP163851","5","60724490","1.2222e-05","0.0027","C"
"4","Trait5","mrMLM","NsiI.TP795143","5","60727542","0.0461","0.5444","A"
"4","Trait5","mrMLM","NsiI.TP152613","5","60733292","1.3733e-05","0.003","A"
"4","Trait5","mrMLM","NsiI.TP234137","5","60745046","1.795e-05","0.0039","C"
"4","Trait5","mrMLM","PstI.TP668187","5","60851906","-0.1241","1.1373","C"
"4","Trait5","mrMLM","PstI.TP739640","5","60881011","-9.5708e-06","0.0021","A"
"4","Trait5","mrMLM","NsiI.TP78597","5","60894143","-7.8418e-06","0.0017","A"
"4","Trait5","mrMLM","NsiI.TP19635","5","60976358","2.5905e-05","0.0057","A"
"4","Trait5","mrMLM","NsiI.TP437531","5","61053980","8.856e-06","0.0019","C"
"4","Trait5","mrMLM","NsiI.TP721775","5","61059006","2.8125e-05","0.0062","C"
"4","Trait5","mrMLM","NsiI.TP615566","5","61061030","1.5052e-05","0.0033","A"
"4","Trait5","mrMLM","PstI.TP170602","5","61247827","7.9649e-06","0.0017","A"
"4","Trait5","mrMLM","PstI.TP1126795","5","61332766","0.1637","1.0823","G"
"4","Trait5","mrMLM","NsiI.TP111617","5","61371701","-0.0309","0.3079","C"
"4","Trait5","mrMLM","NsiI.TP60435","5","61407093","-0.068","0.6276","C"
"4","Trait5","mrMLM","NsiI.TP349864","5","61576850","0.0018","0.0587","A"
"4","Trait5","mrMLM","NsiI.TP713636","5","61642341","0.0765","0.7318","A"
"4","Trait5","mrMLM","NsiI.TP618225","5","61660372","0.0867","0.4497","A"
"4","Trait5","mrMLM","PstI.TP56338","5","61669298","-1.4223e-06","3e-04","C"
"4","Trait5","mrMLM","NsiI.TP42021","5","61669453","0.099","0.6535","A"
"4","Trait5","mrMLM","NsiI.TP689477","5","61671974","-0.0361","0.3225","A"
"4","Trait5","mrMLM","NsiI.TP692531","5","61671985","2.1758e-05","0.0048","C"
"4","Trait5","mrMLM","PstI.TP332939","5","61681179","-2.4821e-05","0.0054","C"
"4","Trait5","mrMLM","PstI.TP854053","5","61741051","0.1086","0.57","C"
"4","Trait5","mrMLM","PstI.TP65678","5","61773243","0.07","0.5513","A"
"4","Trait5","mrMLM","NsiI.TP109480","5","61776399","2.1786e-05","0.0048","A"
"4","Trait5","mrMLM","NsiI.TP403009","5","61778797","0.0156","0.1809","A"
"4","Trait5","mrMLM","NsiI.TP436579","5","61778828","0.0602","0.37","C"
"4","Trait5","mrMLM","NsiI.TP782187","5","61778844","0.1247","0.7926","C"
"4","Trait5","mrMLM","PstI.TP1162742","5","61778851","0.37","1.8393","A"
"4","Trait5","mrMLM","PstI.TP31939","5","61779535","-0.1233","1.3654","C"
"4","Trait5","mrMLM","NsiI.TP413858","5","61802968","1.6254e-05","0.0036","C"
"4","Trait5","mrMLM","PstI.TP1205896","5","61802997","-1.4499e-05","0.0032","C"
"4","Trait5","mrMLM","NsiI.TP632035","5","61932326","0.4322","2.8065","C"
"4","Trait5","mrMLM","PstI.TP502261","5","61966149","-7.4968e-06","0.0016","A"
"4","Trait5","mrMLM","NsiI.TP521795","5","61971746","-9.5215e-06","0.0021","A"
"4","Trait5","mrMLM","PstI.TP1227306","5","61985475","-0.1042","1.0726","C"
"4","Trait5","mrMLM","NsiI.TP271046","5","62000762","-2.354e-05","0.0052","C"
"4","Trait5","mrMLM","PstI.TP298653","5","62014607","1.8464e-05","0.004","A"
"4","Trait5","mrMLM","NsiI.TP812190","5","62096939","-9.9138e-07","2e-04","A"
"4","Trait5","mrMLM","NsiI.TP370978","5","62150520","9.698e-06","0.0021","C"
"4","Trait5","mrMLM","PstI.TP327087","5","62198303","3.8926e-05","0.0086","A"
"4","Trait5","mrMLM","PstI.TP8132","5","62322828","-8.533e-06","0.0019","C"
"4","Trait5","mrMLM","NsiI.TP313008","5","62324344","-3.3771e-05","0.0074","A"
"4","Trait5","mrMLM","NsiI.TP604676","5","62326679","0.0393","0.4383","A"
"4","Trait5","mrMLM","NsiI.TP608741","5","62326703","-8.9109e-06","0.0019","A"
"4","Trait5","mrMLM","NsiI.TP644207","5","62326713","-0.1067","0.5131","G"
"4","Trait5","mrMLM","NsiI.TP644188","5","62326716","-3.3879e-06","7e-04","G"
"4","Trait5","mrMLM","NsiI.TP630774","5","62326717","3.1219e-05","0.0068","G"
"4","Trait5","mrMLM","NsiI.TP521930","5","62346838","1.5601e-05","0.0034","A"
"4","Trait5","mrMLM","PstI.TP852484","5","62346904","-0.0143","0.1407","A"
"4","Trait5","mrMLM","NsiI.TP637437","5","62492247","8.9146e-06","0.0019","C"
"4","Trait5","mrMLM","NsiI.TP757931","5","62493941","-0.0865","0.8365","A"
"4","Trait5","mrMLM","PstI.TP927461","5","62500257","6.3878e-06","0.0014","C"
"4","Trait5","mrMLM","NsiI.TP778188","5","62598307","-1.673e-05","0.0037","A"
"4","Trait5","mrMLM","PstI.TP164439","5","62616627","-4.0259e-07","8.7618e-05","C"
"4","Trait5","mrMLM","PstI.TP1117644","5","62669180","2.3607e-05","0.0052","A"
"4","Trait5","mrMLM","PstI.TP862178","5","62717791","-6.2185e-06","0.0014","C"
"4","Trait5","mrMLM","NsiI.TP824880","5","62746534","-7.1719e-06","0.0016","C"
"4","Trait5","mrMLM","PstI.TP731518","5","62754867","-0.0093","0.1776","A"
"4","Trait5","mrMLM","GFSSContig13634_134","5","62897134","-7.0104e-06","0.0015","T"
"4","Trait5","mrMLM","PstI.TP210825","5","62921968","3.1312e-06","7e-04","A"
"4","Trait5","mrMLM","NsiI.TP450884","5","62950295","0.0064","0.0912","A"
"4","Trait5","mrMLM","NsiI.TP728904","5","62959785","-5.5086e-06","0.0012","A"
"4","Trait5","mrMLM","NsiI.TP697095","5","63230472","0.0305","0.3073","A"
"4","Trait5","mrMLM","NsiI.TP768355","5","63235486","1.1847e-05","0.0026","A"
"4","Trait5","mrMLM","NsiI.TP653959","5","63238642","1.2607e-05","0.0028","A"
"4","Trait5","mrMLM","PstI.TP664692","5","63294074","8.0639e-06","0.0018","C"
"4","Trait5","mrMLM","PstI.TP459035","5","63339873","-0.0085","0.0953","C"
"4","Trait5","mrMLM","PstI.TP854919","5","63393112","-4.2057e-06","9e-04","C"
"4","Trait5","mrMLM","PstI.TP1255657","5","63399714","0.1383","1.1747","C"
"4","Trait5","mrMLM","PstI.TP763585","5","63406997","0.2234","1.9294","A"
"4","Trait5","mrMLM","PstI.TP25299","5","63419016","0.0756","0.428","A"
"4","Trait5","mrMLM","PstI.TP45125","5","63468915","0.1114","0.819","A"
"4","Trait5","mrMLM","NsiI.TP522935","5","63469064","0.0125","0.1905","A"
"4","Trait5","mrMLM","NsiI.TP636887","5","63469122","0.0794","0.9238","C"
"4","Trait5","mrMLM","NsiI.TP390350","5","63501337","3.8526e-06","8e-04","C"
"4","Trait5","mrMLM","NsiI.TP693271","5","63605130","1.4477e-05","0.0032","A"
"4","Trait5","mrMLM","NsiI.TP175057","5","63614460","-2.3138e-05","0.0051","G"
"4","Trait5","mrMLM","PstI.TP1122910","5","63812048","1.1702e-06","3e-04","A"
"4","Trait5","mrMLM","PstI.TP142535","5","63816176","6.9464e-06","0.0015","A"
"4","Trait5","mrMLM","NsiI.TP312416","5","63829769","-0.0924","0.5723","A"
"4","Trait5","mrMLM","PstI.TP1068612","5","63878988","9.0842e-06","0.002","A"
"4","Trait5","mrMLM","NsiI.TP628362","5","63888810","7.87e-06","0.0017","A"
"4","Trait5","mrMLM","PstI.TP201172","5","63911469","-1.5095e-05","0.0033","A"
"4","Trait5","mrMLM","PstI.TP152056","5","64031521","0.0938","0.6118","C"
"4","Trait5","mrMLM","PstI.TP189803","5","64031814","-9.2243e-06","0.002","C"
"4","Trait5","mrMLM","NsiI.TP122942","5","64059316","-2.1829e-05","0.0048","A"
"4","Trait5","mrMLM","PstI.TP548871","5","64106769","1.7773e-05","0.0039","C"
"4","Trait5","mrMLM","NsiI.TP216165","5","64139740","-5.2855e-06","0.0012","G"
"4","Trait5","mrMLM","NsiI.TP516554","5","64206494","3.5099e-06","8e-04","C"
"4","Trait5","mrMLM","NsiI.TP811153","5","64281863","-9.0108e-06","0.002","A"
"4","Trait5","mrMLM","NsiI.TP535292","5","64298331","2.2557e-05","0.0049","G"
"4","Trait5","mrMLM","PstI.TP605612","5","64299274","0.0748","0.6028","C"
"4","Trait5","mrMLM","PstI.TP357486","5","64299284","-1.1267e-05","0.0025","A"
"4","Trait5","mrMLM","PstI.TP924020","5","64302242","9.4756e-06","0.0021","G"
"4","Trait5","mrMLM","PstI.TP36913","5","64311588","0.0207","0.2284","A"
"4","Trait5","mrMLM","PstI.TP1263962","5","64333980","0.0975","0.7667","C"
"4","Trait5","mrMLM","NsiI.TP592929","5","64413792","-5.3548e-06","0.0012","G"
"4","Trait5","mrMLM","NsiI.TP199319","5","64413905","-7.1913e-06","0.0016","C"
"4","Trait5","mrMLM","PstI.TP7230","5","64430635","-4.3271e-05","0.0095","C"
"4","Trait5","mrMLM","PstI.TP213522","5","64517341","6.2817e-06","0.0014","C"
"4","Trait5","mrMLM","NsiI.TP302449","5","64583097","2.2697e-07","4.9397e-05","A"
"4","Trait5","mrMLM","PstI.TP1092686","5","64639644","-3.4489e-06","8e-04","A"
"4","Trait5","mrMLM","PstI.TP719892","5","64652954","-8.2311e-06","0.0018","A"
"4","Trait5","mrMLM","NsiI.TP126282","5","64674886","2.806e-05","0.0062","A"
"4","Trait5","mrMLM","PstI.TP187197","5","64682817","0.1204","0.6576","C"
"4","Trait5","mrMLM","NsiI.TP621317","5","64690979","1.5473e-05","0.0034","A"
"4","Trait5","mrMLM","NsiI.TP381262","5","64698856","6.4224e-06","0.0014","G"
"4","Trait5","mrMLM","NsiI.TP555236","5","64722170","1.5874e-05","0.0035","A"
"4","Trait5","mrMLM","NsiI.TP130440","5","64727219","-0.0204","0.2273","A"
"4","Trait5","mrMLM","PstI.TP158929","5","64728593","0.0852","1.0833","G"
"4","Trait5","mrMLM","PstI.TP861953","5","64737000","-1.7885e-05","0.0039","G"
"4","Trait5","mrMLM","PstI.TP254043","5","64737772","-1.1234e-05","0.0025","C"
"4","Trait5","mrMLM","PstI.TP426723","5","64757923","-4.6517e-06","0.001","A"
"4","Trait5","mrMLM","NsiI.TP601381","5","64818468","-1.4209e-05","0.0031","A"
"4","Trait5","mrMLM","NsiI.TP436946","5","64821564","0.0467","0.2885","A"
"4","Trait5","mrMLM","NsiI.TP400078","5","64823015","0.0459","0.5041","C"
"4","Trait5","mrMLM","NsiI.TP200421","5","64844415","-3.541e-05","0.0078","A"
"4","Trait5","mrMLM","NsiI.TP251311","5","64933354","2.6299e-05","0.0058","C"
"4","Trait5","mrMLM","PstI.TP930695","5","64934169","3.9336e-05","0.0086","A"
"4","Trait5","mrMLM","NsiI.TP4586","5","64942655","0.0303","0.2335","A"
"4","Trait5","mrMLM","NsiI.TP193346","5","64953236","5.6757e-06","0.0012","A"
"4","Trait5","mrMLM","NsiI.TP63121","5","64973950","-2.0733e-06","5e-04","C"
"4","Trait5","mrMLM","NsiI.TP218627","5","64986248","8.1496e-06","0.0018","C"
"4","Trait5","mrMLM","PstI.TP1132926","5","65112789","-0.2938","1.7992","A"
"4","Trait5","mrMLM","NsiI.TP420943","5","65125368","0.0231","0.1986","A"
"4","Trait5","mrMLM","PstI.TP220627","5","65142255","-3.7228e-06","8e-04","C"
"4","Trait5","mrMLM","PstI.TP993370","5","65205991","-0.0825","0.9673","C"
"4","Trait5","mrMLM","PstI.TP18186","5","65208422","4.5043e-06","0.001","A"
"4","Trait5","mrMLM","NsiI.TP485193","5","65211116","-1.1318e-05","0.0025","A"
"4","Trait5","mrMLM","NsiI.TP227911","5","65236276","4.9414e-06","0.0011","C"
"4","Trait5","mrMLM","PstI.TP436512","5","65297246","-3.6002e-05","0.0079","G"
"4","Trait5","mrMLM","PstI.TP133136","5","65324990","-0.034","0.3799","C"
"4","Trait5","mrMLM","NsiI.TP159664","5","65415109","1.1391e-05","0.0025","C"
"4","Trait5","mrMLM","NsiI.TP612384","5","65439681","1.0829e-05","0.0024","C"
"4","Trait5","mrMLM","NsiI.TP131130","5","65561660","-2.6779e-05","0.0059","C"
"4","Trait5","mrMLM","NsiI.TP677214","5","65565584","1.487e-05","0.0032","A"
"4","Trait5","mrMLM","NsiI.TP523851","5","65759718","6.9671e-06","0.0015","C"
"4","Trait5","mrMLM","PstI.TP506643","5","65759915","2.515e-06","5e-04","A"
"4","Trait5","mrMLM","NsiI.TP485736","5","65762198","-4.0902e-06","9e-04","C"
"4","Trait5","mrMLM","NsiI.TP774383","5","65775209","0.0128","0.1235","C"
"4","Trait5","mrMLM","NsiI.TP774382","5","65775221","-0.0637","0.3986","G"
"4","Trait5","mrMLM","PstI.TP109233","5","65839836","-2.7557e-05","0.006","G"
"4","Trait5","mrMLM","PstI.TP974067","5","65842503","-2.0394e-06","4e-04","A"
"4","Trait5","mrMLM","PstI.TP343780","5","65872069","-2.931e-05","0.0064","A"
"4","Trait5","mrMLM","NsiI.TP8556","5","65958362","1.3962e-05","0.003","G"
"4","Trait5","mrMLM","NsiI.TP19128","5","66054677","8.15e-07","2e-04","A"
"4","Trait5","mrMLM","NsiI.TP267327","5","66109578","0.0309","0.1514","G"
"4","Trait5","mrMLM","PstI.TP744734","5","66118812","0.07","0.5777","A"
"4","Trait5","mrMLM","NsiI.TP413805","5","66186490","1.2906e-05","0.0028","A"
"4","Trait5","mrMLM","PstI.TP441981","5","66246036","-1.9515e-05","0.0043","C"
"4","Trait5","mrMLM","PstI.TP646971","5","66287911","0.1038","1.1142","C"
"4","Trait5","mrMLM","PstI.TP100836","5","66355299","1.6253e-06","4e-04","C"
"4","Trait5","mrMLM","PstI.TP56167","5","66355886","-2.6698e-06","6e-04","C"
"4","Trait5","mrMLM","PstI.TP938208","5","66503760","0.0874","0.4199","C"
"4","Trait5","mrMLM","NsiI.TP136752","5","66581861","0.1719","2.7941","A"
"4","Trait5","mrMLM","NsiI.TP672511","5","66582158","0.001","0.0369","A"
"4","Trait5","mrMLM","NsiI.TP672856","5","66582167","-2.6895e-05","0.0059","A"
"4","Trait5","mrMLM","NsiI.TP673543","5","66634619","-3.3913e-05","0.0074","C"
"4","Trait5","mrMLM","NsiI.TP269417","5","66662923","8.9479e-06","0.002","A"
"4","Trait5","mrMLM","PstI.TP256814","5","66682279","-0.0192","0.1892","A"
"4","Trait5","mrMLM","PstI.TP222648","5","66913366","2.3573e-05","0.0052","A"
"4","Trait5","mrMLM","PstI.TP991736","5","66915728","-6.7866e-06","0.0015","C"
"4","Trait5","mrMLM","NsiI.TP736993","5","66921979","0.0378","0.2413","A"
"4","Trait5","mrMLM","PstI.TP1157410","5","66965973","1.9757e-05","0.0043","A"
"4","Trait5","mrMLM","PstI.TP247986","5","66966119","-0.1134","0.981","C"
"4","Trait5","mrMLM","PstI.TP723937","5","67174126","-3.5599e-05","0.0078","A"
"4","Trait5","mrMLM","NsiI.TP511255","5","67182945","-1.3414e-05","0.0029","C"
"4","Trait5","mrMLM","NsiI.TP441388","5","67184956","0.0013","0.0385","A"
"4","Trait5","mrMLM","PstI.TP1006882","5","67185682","5.0905e-06","0.0011","A"
"4","Trait5","mrMLM","NsiI.TP821305","5","67214261","0.1578","1.1899","G"
"4","Trait5","mrMLM","PstI.TP1003032","5","67237553","-0.073","0.4096","C"
"4","Trait5","mrMLM","NsiI.TP710238","5","67239670","-2.754e-06","6e-04","G"
"4","Trait5","mrMLM","NsiI.TP401641","5","67269122","3.3425e-06","7e-04","C"
"4","Trait5","mrMLM","PstI.TP270259","5","67269901","-0.2774","1.3391","A"
"4","Trait5","mrMLM","NsiI.TP166218","5","67270929","-8.7655e-06","0.0019","C"
"4","Trait5","mrMLM","NsiI.TP35810","5","67271008","5.1464e-06","0.0011","A"
"4","Trait5","mrMLM","NsiI.TP206388","5","67298037","4.1903e-06","9e-04","A"
"4","Trait5","mrMLM","PstI.TP403247","5","67327824","0.0083","0.1502","C"
"4","Trait5","mrMLM","NsiI.TP597253","5","67333295","1.7162e-05","0.0038","A"
"4","Trait5","mrMLM","NsiI.TP611508","5","67361698","-4.9009e-06","0.0011","C"
"4","Trait5","mrMLM","PstI.TP525850","5","67376547","3.2788e-05","0.0072","C"
"4","Trait5","mrMLM","PstI.TP701290","5","67409618","4.8191e-06","0.0011","A"
"4","Trait5","mrMLM","NsiI.TP294013","5","67419185","-2.4265e-06","5e-04","C"
"4","Trait5","mrMLM","NsiI.TP760324","5","67444185","7.2099e-06","0.0016","C"
"4","Trait5","mrMLM","PstI.TP181332","5","67518317","-2.7088e-06","6e-04","A"
"4","Trait5","mrMLM","NsiI.TP607449","5","67524058","1.0108e-05","0.0022","A"
"4","Trait5","mrMLM","NsiI.TP835392","5","67530709","9.3845e-06","0.002","A"
"4","Trait5","mrMLM","NsiI.TP321896","5","67569701","1.642e-05","0.0036","A"
"4","Trait5","mrMLM","PstI.TP51756","5","67599254","-1.0827e-05","0.0024","A"
"4","Trait5","mrMLM","PstI.TP508921","5","67634160","-2.5476e-06","6e-04","A"
"4","Trait5","mrMLM","PstI.TP32062","5","67677464","1.7811e-06","4e-04","G"
"4","Trait5","mrMLM","PstI.TP1045209","5","67682690","-0.1201","0.6409","A"
"4","Trait5","mrMLM","PstI.TP1258511","5","67710146","-0.1647","0.7158","C"
"4","Trait5","mrMLM","PstI.TP175391","5","67756988","-3.2194e-05","0.0071","C"
"4","Trait5","mrMLM","PstI.TP958148","5","67776513","-9.0681e-06","0.002","A"
"4","Trait5","mrMLM","NsiI.TP27223","5","67793443","3.0569e-05","0.0067","C"
"4","Trait5","mrMLM","PstI.TP74030","5","67800454","4.1562e-06","9e-04","C"
"4","Trait5","mrMLM","PstI.TP246652","5","67840769","-9.1437e-07","2e-04","C"
"4","Trait5","mrMLM","PstI.TP1120231","5","67965222","2.6308e-06","6e-04","C"
"4","Trait5","mrMLM","PstI.TP1159438","5","67972364","1.6523e-05","0.0036","A"
"4","Trait5","mrMLM","PstI.TP923636","5","68167190","-0.2421","1.9691","G"
"4","Trait5","mrMLM","PstI.TP1096883","5","68187306","-0.0561","0.2552","A"
"4","Trait5","mrMLM","NsiI.TP629725","5","68224235","-1.6362e-05","0.0036","G"
"4","Trait5","mrMLM","PstI.TP1267469","5","68261688","5.5439e-06","0.0012","C"
"4","Trait5","mrMLM","NsiI.TP515603","5","68269240","4.5697e-06","0.001","A"
"4","Trait5","mrMLM","NsiI.TP609151","5","68282440","-1.4555e-05","0.0032","C"
"4","Trait5","mrMLM","NsiI.TP3581","5","68467677","0.4275","1.5877","C"
"4","Trait5","mrMLM","PstI.TP270940","5","68495452","-7.6207e-06","0.0017","C"
"4","Trait5","mrMLM","NsiI.TP222275","5","68535802","-0.0348","0.2144","C"
"4","Trait5","mrMLM","NsiI.TP314190","5","68583576","-3.6906e-05","0.0081","A"
"4","Trait5","mrMLM","NsiI.TP117166","5","68593912","-0.0057","0.1084","A"
"4","Trait5","mrMLM","PstI.TP1295325","5","68616839","-0.0557","0.3473","A"
"4","Trait5","mrMLM","PstI.TP570769","5","68622754","-1.6568e-05","0.0036","C"
"4","Trait5","mrMLM","PstI.TP882242","5","68630849","-1.0329e-05","0.0023","A"
"4","Trait5","mrMLM","NsiI.TP738230","5","68631442","-1.1151e-05","0.0024","A"
"4","Trait5","mrMLM","PstI.TP129544","5","68632419","-0.0997","0.5201","A"
"4","Trait5","mrMLM","NsiI.TP411030","5","68741703","-3.1592e-06","7e-04","G"
"4","Trait5","mrMLM","PstI.TP144815","5","68804843","-1.3326e-05","0.0029","C"
"4","Trait5","mrMLM","NsiI.TP25852","5","68972497","2.2993e-05","0.005","A"
"4","Trait5","mrMLM","PstI.TP1186248","5","68988195","-0.0665","0.8457","C"
"4","Trait5","mrMLM","PstI.TP1162518","5","69033440","1.7459e-05","0.0038","C"
"4","Trait5","mrMLM","PstI.TP1162520","5","69033478","-1.2403e-05","0.0027","C"
"4","Trait5","mrMLM","PstI.TP1013561","5","69038793","-0.05","0.2951","A"
"4","Trait5","mrMLM","NsiI.TP832252","5","69038989","-1.6444e-05","0.0036","A"
"4","Trait5","mrMLM","PstI.TP1275880","5","69063426","-0.2029","1.2899","C"
"4","Trait5","mrMLM","PstI.TP868739","5","69064644","3.8242e-06","8e-04","A"
"4","Trait5","mrMLM","PstI.TP372461","5","69064710","-2.5981e-05","0.0057","C"
"4","Trait5","mrMLM","PstI.TP1245451","5","69088208","-2.4673e-05","0.0054","A"
"4","Trait5","mrMLM","PstI.TP1172391","5","69210194","-4.4803e-06","0.001","G"
"4","Trait5","mrMLM","NsiI.TP536293","5","69211610","7.4623e-06","0.0016","A"
"4","Trait5","mrMLM","NsiI.TP458666","5","69213602","0.0707","0.4721","A"
"4","Trait5","mrMLM","PstI.TP841498","5","69228848","0.0866","0.6425","A"
"4","Trait5","mrMLM","PstI.TP1145813","5","69264081","-0.1798","1.9882","C"
"4","Trait5","mrMLM","GFSSContig18919_2493","5","69363598","6.6374e-06","0.0014","A"
"4","Trait5","mrMLM","NsiI.TP283606","5","69364030","0.3778","1.3461","A"
"4","Trait5","mrMLM","PstI.TP506442","5","69364986","-1.3596e-05","0.003","C"
"4","Trait5","mrMLM","PstI.TP26068","5","69540365","-1.2229e-07","2.6614e-05","C"
"4","Trait5","mrMLM","PstI.TP289092","5","69565529","-0.0297","0.1714","C"
"4","Trait5","mrMLM","NsiI.TP522698","5","69591371","-5.845e-07","1e-04","C"
"4","Trait5","mrMLM","PstI.TP1204556","5","69610803","-1.2944e-05","0.0028","A"
"4","Trait5","mrMLM","PstI.TP254423","5","69610847","0.0746","0.9544","G"
"4","Trait5","mrMLM","PstI.TP131046","5","69611273","-3.5334e-05","0.0078","A"
"4","Trait5","mrMLM","PstI.TP48729","5","69611894","1.0415e-05","0.0023","C"
"4","Trait5","mrMLM","PstI.TP629767","5","69639113","-1.0598e-05","0.0023","C"
"4","Trait5","mrMLM","PstI.TP926766","5","69640057","-9.7474e-06","0.0021","C"
"4","Trait5","mrMLM","PstI.TP130801","5","69682003","0.0294","0.182","C"
"4","Trait5","mrMLM","PstI.TP210050","5","69692496","1.7821e-05","0.0039","G"
"4","Trait5","mrMLM","PstI.TP998896","5","69692529","-0.0071","0.1084","C"
"4","Trait5","mrMLM","PstI.TP875202","5","69773265","-0.0074","0.1346","G"
"4","Trait5","mrMLM","PstI.TP305301","5","69774402","0.1556","1.5901","A"
"4","Trait5","mrMLM","PstI.TP821892","5","69798058","-7.9926e-06","0.0017","A"
"4","Trait5","mrMLM","PstI.TP445366","5","69943620","0.0782","1.0656","C"
"4","Trait5","mrMLM","NsiI.TP316126","5","70029072","3.4688e-05","0.0076","A"
"4","Trait5","mrMLM","PstI.TP982613","5","70110986","-5.8933e-06","0.0013","C"
"4","Trait5","mrMLM","PstI.TP943636","5","70133582","1.9901e-05","0.0044","C"
"4","Trait5","mrMLM","PstI.TP416141","5","70134153","-0.0716","0.2876","A"
"4","Trait5","mrMLM","NsiI.TP428694","5","70138556","-2.9145e-05","0.0064","G"
"4","Trait5","mrMLM","PstI.TP1269176","5","70203514","1.8946e-06","4e-04","A"
"4","Trait5","mrMLM","NsiI.TP360765","5","70204599","-0.0097","0.1929","C"
"4","Trait5","mrMLM","NsiI.TP349857","5","70209392","-0.2","0.6963","C"
"4","Trait5","mrMLM","PstI.TP791230","5","70209926","0.031","0.1961","A"
"4","Trait5","mrMLM","NsiI.TP350023","5","70215717","-1.8905e-05","0.0041","C"
"4","Trait5","mrMLM","PstI.TP120033","5","70216600","-4.4435e-05","0.0098","A"
"4","Trait5","mrMLM","NsiI.TP442160","5","70281600","3.7847e-06","8e-04","C"
"4","Trait5","mrMLM","PstI.TP610513","5","70330274","1.7819e-05","0.0039","C"
"4","Trait5","mrMLM","NsiI.TP316781","5","70559371","1.5654e-05","0.0034","C"
"4","Trait5","mrMLM","PstI.TP141262","5","70617576","-7.9937e-06","0.0017","C"
"4","Trait5","mrMLM","PstI.TP970530","5","70619912","-0.05","0.4984","A"
"4","Trait5","mrMLM","PstI.TP81102","5","70638358","1.6773e-06","4e-04","A"
"4","Trait5","mrMLM","PstI.TP842690","5","70657940","-9.4189e-06","0.0021","A"
"4","Trait5","mrMLM","PstI.TP122763","5","70686010","0.0261","0.2879","C"
"4","Trait5","mrMLM","NsiI.TP38643","5","70762469","8.0321e-06","0.0018","A"
"4","Trait5","mrMLM","PstI.TP55109","5","70778339","0.1381","2.4722","C"
"4","Trait5","mrMLM","PstI.TP447845","5","70823654","-4.0904e-06","9e-04","C"
"4","Trait5","mrMLM","PstI.TP742466","5","70851257","-0.2842","3.2315","A"
"4","Trait5","mrMLM","PstI.TP946087","5","71135217","0.0881","1.0369","A"
"4","Trait5","mrMLM","NsiI.TP293307","5","71207684","-0.0338","0.4201","C"
"4","Trait5","mrMLM","PstI.TP880890","5","71220345","-4.7832e-07","1e-04","G"
"4","Trait5","mrMLM","NsiI.TP421034","5","71242059","8.1702e-06","0.0018","A"
"4","Trait5","mrMLM","PstI.TP1165929","5","71293274","-2.5428e-05","0.0056","A"
"4","Trait5","mrMLM","NsiI.TP219395","5","71337038","5.6893e-06","0.0012","C"
"4","Trait5","mrMLM","PstI.TP755723","5","71342674","-1.6511e-05","0.0036","C"
"4","Trait5","mrMLM","PstI.TP742343","5","71343142","-0.0152","0.181","A"
"4","Trait5","mrMLM","NsiI.TP33290","5","71366997","-3.1236e-06","7e-04","A"
"4","Trait5","mrMLM","NsiI.TP420042","5","71373521","-0.0378","0.247","A"
"4","Trait5","mrMLM","NsiI.TP593472","5","71516137","8.8609e-06","0.0019","A"
"4","Trait5","mrMLM","PstI.TP1022824","5","71540728","0.1087","0.866","G"
"4","Trait5","mrMLM","NsiI.TP27467","5","71540730","-1.9222e-05","0.0042","A"
"4","Trait5","mrMLM","PstI.TP1247114","5","71577485","-0.1043","0.5803","A"
"4","Trait5","mrMLM","NsiI.TP252876","5","71578357","-1.4127e-05","0.0031","C"
"4","Trait5","mrMLM","PstI.TP319342","5","71584607","1.506e-06","3e-04","A"
"4","Trait5","mrMLM","PstI.TP724345","5","71593518","-1.0087e-05","0.0022","C"
"4","Trait5","mrMLM","PstI.TP712192","5","71599707","-1.1103e-05","0.0024","C"
"4","Trait5","mrMLM","NsiI.TP130543","5","71599733","-5.9655e-06","0.0013","C"
"4","Trait5","mrMLM","NsiI.TP134222","5","71599752","6.9219e-06","0.0015","A"
"4","Trait5","mrMLM","PstI.TP45563","5","71604519","-0.0985","0.5721","A"
"4","Trait5","mrMLM","NsiI.TP591612","5","71627751","0.0099","0.0895","A"
"4","Trait5","mrMLM","PstI.TP908809","5","71667156","0.3233","1.606","A"
"4","Trait5","mrMLM","PstI.TP241461","5","71687514","0.0803","0.8958","A"
"4","Trait5","mrMLM","PstI.TP387793","5","71688131","1.5864e-05","0.0035","C"
"4","Trait5","mrMLM","PstI.TP1039463","5","71695051","0.1093","0.4872","A"
"4","Trait5","mrMLM","NsiI.TP624216","5","71711064","1.9222e-05","0.0042","A"
"4","Trait5","mrMLM","NsiI.TP673962","5","71715889","5.0134e-06","0.0011","C"
"4","Trait5","mrMLM","NsiI.TP661680","5","71728830","0.01","0.1324","C"
"4","Trait5","mrMLM","PstI.TP575715","5","71730598","2.4101e-05","0.0053","A"
"4","Trait5","mrMLM","PstI.TP575738","5","71730598","5.5166e-06","0.0012","A"
"4","Trait5","mrMLM","PstI.TP575882","5","71730598","1.4444e-05","0.0032","A"
"4","Trait5","mrMLM","NsiI.TP121022","5","71744727","-4.0112e-05","0.0088","A"
"4","Trait5","mrMLM","NsiI.TP169322","5","71759480","0.063","0.285","A"
"4","Trait5","mrMLM","PstI.TP700084","5","71759520","-5.6531e-07","1e-04","C"
"4","Trait5","mrMLM","PstI.TP489102","5","71762278","0.0126","0.1624","C"
"4","Trait5","mrMLM","NsiI.TP436044","5","71762287","0.0433","0.3504","C"
"4","Trait5","mrMLM","NsiI.TP496857","5","71788801","-2.6815e-05","0.0059","A"
"4","Trait5","mrMLM","PstI.TP461600","5","71789531","-0.0553","0.3392","A"
"4","Trait5","mrMLM","PstI.TP67872","5","71823060","-1.1334e-05","0.0025","G"
"4","Trait5","mrMLM","PstI.TP460758","5","71830960","7.7717e-06","0.0017","C"
"4","Trait5","mrMLM","PstI.TP935895","5","71850074","-8.2972e-06","0.0018","A"
"4","Trait5","mrMLM","PstI.TP390249","6","18421","-0.1662","0.6498","A"
"4","Trait5","mrMLM","NsiI.TP127144","6","35696","-3.1873e-05","0.007","A"
"4","Trait5","mrMLM","NsiI.TP13915","6","74720","-0.1003","0.4498","A"
"4","Trait5","mrMLM","PstI.TP986934","6","96946","4.3127e-06","9e-04","G"
"4","Trait5","mrMLM","PstI.TP953356","6","96974","-1.926e-05","0.0042","G"
"4","Trait5","mrMLM","NsiI.TP440856","6","107701","-1.6333e-05","0.0036","G"
"4","Trait5","mrMLM","PstI.TP273083","6","177337","0.094","1.2103","A"
"4","Trait5","mrMLM","NsiI.TP120820","6","195244","4.5222e-06","0.001","A"
"4","Trait5","mrMLM","PstI.TP1286135","6","255728","-1.898e-05","0.0042","A"
"4","Trait5","mrMLM","PstI.TP959936","6","303312","-2.3745e-05","0.0052","A"
"4","Trait5","mrMLM","PstI.TP41227","6","384882","-4.5758e-05","0.0101","C"
"4","Trait5","mrMLM","PstI.TP372159","6","397980","4.6167e-06","0.001","A"
"4","Trait5","mrMLM","NsiI.TP39503","6","432073","1.3039e-05","0.0028","A"
"4","Trait5","mrMLM","PstI.TP426779","6","445806","2.0243e-06","4e-04","A"
"4","Trait5","mrMLM","PstI.TP355315","6","456604","0.0811","0.8475","A"
"4","Trait5","mrMLM","PstI.TP1255794","6","462268","0.1509","1.2849","A"
"4","Trait5","mrMLM","PstI.TP780124","6","469198","-7.5943e-06","0.0017","A"
"4","Trait5","mrMLM","PstI.TP381857","6","486129","0.0809","0.3966","A"
"4","Trait5","mrMLM","PstI.TP1022225","6","509897","-1.6408e-05","0.0036","C"
"4","Trait5","mrMLM","NsiI.TP63547","6","527651","1.4481e-05","0.0032","A"
"4","Trait5","mrMLM","NsiI.TP352027","6","536599","-0.08","0.6197","C"
"4","Trait5","mrMLM","NsiI.TP595534","6","549674","-1.2167e-05","0.0027","A"
"4","Trait5","mrMLM","NsiI.TP352026","6","555824","-0.0714","0.6663","C"
"4","Trait5","mrMLM","PstI.TP607222","6","627440","2.0667e-05","0.0045","G"
"4","Trait5","mrMLM","PstI.TP828408","6","661825","-8.7052e-06","0.0019","C"
"4","Trait5","mrMLM","PstI.TP893993","6","796417","9.983e-06","0.0022","A"
"4","Trait5","mrMLM","PstI.TP131208","6","799658","-5.0774e-07","1e-04","C"
"4","Trait5","mrMLM","PstI.TP457236","6","808796","-1.5575e-06","3e-04","C"
"4","Trait5","mrMLM","PstI.TP115100","6","808926","1.6532e-05","0.0036","A"
"4","Trait5","mrMLM","PstI.TP617664","6","869486","1.1435e-05","0.0025","A"
"4","Trait5","mrMLM","PstI.TP1262893","6","983689","0.0818","0.5821","G"
"4","Trait5","mrMLM","PstI.TP1262907","6","983691","0.1674","0.7507","A"
"4","Trait5","mrMLM","PstI.TP197311","6","984033","-2.9695e-05","0.0065","G"
"4","Trait5","mrMLM","PstI.TP1271081","6","1003618","-2.5691e-06","6e-04","G"
"4","Trait5","mrMLM","NsiI.TP628256","6","1027945","0.1171","1.6182","A"
"4","Trait5","mrMLM","PstI.TP625061","6","1050314","-0.1124","0.5502","A"
"4","Trait5","mrMLM","NsiI.TP219039","6","1233541","0.2465","0.9221","G"
"4","Trait5","mrMLM","PstI.TP1273759","6","1250118","0.01","0.1343","C"
"4","Trait5","mrMLM","PstI.TP1251861","6","1326750","-1.1077e-05","0.0024","A"
"4","Trait5","mrMLM","PstI.TP96447","6","1371354","-2.0866e-05","0.0046","C"
"4","Trait5","mrMLM","PstI.TP298201","6","1375822","0.0372","0.2782","C"
"4","Trait5","mrMLM","PstI.TP940785","6","1379236","4.8944e-06","0.0011","A"
"4","Trait5","mrMLM","NsiI.TP436473","6","1386687","-1.4688e-05","0.0032","C"
"4","Trait5","mrMLM","NsiI.TP615501","6","1436061","-1.9849e-06","4e-04","G"
"4","Trait5","mrMLM","NsiI.TP591474","6","1519184","-1.1198e-06","2e-04","A"
"4","Trait5","mrMLM","NsiI.TP226618","6","1519416","-0.0024","0.0709","C"
"4","Trait5","mrMLM","NsiI.TP441583","6","1520280","-0.0506","0.4858","C"
"4","Trait5","mrMLM","NsiI.TP360056","6","1535888","0.0958","0.6592","C"
"4","Trait5","mrMLM","NsiI.TP211940","6","1544107","0.0543","0.3939","A"
"4","Trait5","mrMLM","PstI.TP1212201","6","1555366","-1.1818e-05","0.0026","A"
"4","Trait5","mrMLM","GFSSContig20569_1650","6","1588235","0.0364","0.4671","T"
"4","Trait5","mrMLM","PstI.TP35902","6","1610136","0.0602","0.727","C"
"4","Trait5","mrMLM","PstI.TP106584","6","1659121","-6.9735e-06","0.0015","A"
"4","Trait5","mrMLM","NsiI.TP147734","6","1671628","-0.0011","0.037","C"
"4","Trait5","mrMLM","NsiI.TP782379","6","1780130","0.0318","0.3228","A"
"4","Trait5","mrMLM","PstI.TP60284","6","1845370","-1.6402e-05","0.0036","A"
"4","Trait5","mrMLM","NsiI.TP175436","6","1850626","-2.439e-05","0.0053","G"
"4","Trait5","mrMLM","PstI.TP84489","6","1850636","1.9893e-05","0.0044","A"
"4","Trait5","mrMLM","PstI.TP84561","6","1850636","1.1864e-06","3e-04","C"
"4","Trait5","mrMLM","NsiI.TP121308","6","1857305","1.2499e-05","0.0027","C"
"4","Trait5","mrMLM","PstI.TP828009","6","1861553","-0.0316","0.3293","G"
"4","Trait5","mrMLM","PstI.TP708834","6","1910148","0.037","0.3383","A"
"4","Trait5","mrMLM","PstI.TP774963","6","1911989","-0.1992","1.9494","A"
"4","Trait5","mrMLM","PstI.TP160013","6","1913467","1.2981e-05","0.0028","A"
"4","Trait5","mrMLM","PstI.TP409573","6","1934495","-0.0576","0.6111","G"
"4","Trait5","mrMLM","PstI.TP470569","6","1961291","0.029","0.3109","C"
"4","Trait5","mrMLM","PstI.TP83171","6","1961375","-2.529e-05","0.0055","A"
"4","Trait5","mrMLM","PstI.TP988627","6","1967395","6.7168e-06","0.0015","C"
"4","Trait5","mrMLM","PstI.TP314240","6","1992492","-1.486e-05","0.0032","A"
"4","Trait5","mrMLM","NsiI.TP203570","6","2078276","0.0801","0.411","C"
"4","Trait5","mrMLM","PstI.TP1243819","6","2081638","-8.4761e-06","0.0018","G"
"4","Trait5","mrMLM","PstI.TP847161","6","2152129","9.2511e-06","0.002","C"
"4","Trait5","mrMLM","PstI.TP236931","6","2153286","-0.1109","0.7439","A"
"4","Trait5","mrMLM","PstI.TP166492","6","2200069","1.6604e-05","0.0036","A"
"4","Trait5","mrMLM","PstI.TP544549","6","2226986","-0.2889","1.2329","C"
"4","Trait5","mrMLM","PstI.TP497885","6","2229119","1.2376e-05","0.0027","C"
"4","Trait5","mrMLM","PstI.TP834194","6","2364305","-7.8355e-06","0.0017","A"
"4","Trait5","mrMLM","PstI.TP1069097","6","2377541","4.5013e-06","0.001","A"
"4","Trait5","mrMLM","NsiI.TP830794","6","2409573","7.8116e-06","0.0017","A"
"4","Trait5","mrMLM","PstI.TP6439","6","2462612","2.3574e-05","0.0052","A"
"4","Trait5","mrMLM","PstI.TP1271833","6","2485726","1.7406e-05","0.0038","C"
"4","Trait5","mrMLM","PstI.TP372403","6","2500952","-8.7487e-06","0.0019","A"
"4","Trait5","mrMLM","NsiI.TP813329","6","2519447","-4.084e-06","9e-04","C"
"4","Trait5","mrMLM","NsiI.TP265897","6","2642130","-6.7295e-06","0.0015","A"
"4","Trait5","mrMLM","NsiI.TP634153","6","2671374","1.4801e-05","0.0032","A"
"4","Trait5","mrMLM","NsiI.TP373425","6","2804111","-1.5831e-05","0.0035","A"
"4","Trait5","mrMLM","NsiI.TP373335","6","2804121","-0.0318","0.2258","A"
"4","Trait5","mrMLM","NsiI.TP67832","6","2929664","-0.0126","0.2029","A"
"4","Trait5","mrMLM","NsiI.TP429477","6","3007296","1.8999e-05","0.0042","A"
"4","Trait5","mrMLM","PstI.TP288752","6","3050548","-2.7594e-05","0.006","A"
"4","Trait5","mrMLM","NsiI.TP615657","6","3081160","-2e-04","0.013","C"
"4","Trait5","mrMLM","PstI.TP33096","6","3180162","-1.9598e-06","4e-04","C"
"4","Trait5","mrMLM","NsiI.TP762935","6","3182336","0.2497","1.7261","C"
"4","Trait5","mrMLM","PstI.TP240804","6","3194811","2.5582e-05","0.0056","A"
"4","Trait5","mrMLM","PstI.TP362447","6","3260933","-5e-04","0.0215","A"
"4","Trait5","mrMLM","NsiI.TP245202","6","3260933","1.5934e-05","0.0035","C"
"4","Trait5","mrMLM","NsiI.TP281124","6","3260939","-6.2403e-06","0.0014","A"
"4","Trait5","mrMLM","PstI.TP262348","6","3334629","1.3517e-05","0.003","C"
"4","Trait5","mrMLM","PstI.TP744252","6","3334644","1.4703e-05","0.0032","A"
"4","Trait5","mrMLM","PstI.TP339994","6","3571650","5.0037e-06","0.0011","C"
"4","Trait5","mrMLM","NsiI.TP150021","6","3606893","-0.1619","0.8277","C"
"4","Trait5","mrMLM","NsiI.TP512362","6","3628759","-1.8463e-05","0.004","A"
"4","Trait5","mrMLM","PstI.TP1092694","6","3754118","-3.0838e-05","0.0068","C"
"4","Trait5","mrMLM","PstI.TP1094055","6","3834577","-8.9313e-06","0.0019","A"
"4","Trait5","mrMLM","PstI.TP533938","6","3839549","-2.9142e-06","6e-04","C"
"4","Trait5","mrMLM","PstI.TP1172225","6","3890042","6.6066e-06","0.0014","C"
"4","Trait5","mrMLM","PstI.TP512560","6","3895073","-1.8006e-05","0.0039","C"
"4","Trait5","mrMLM","PstI.TP758998","6","3899613","-7.1846e-07","2e-04","C"
"4","Trait5","mrMLM","PstI.TP434866","6","3914949","0.14","1.5227","A"
"4","Trait5","mrMLM","PstI.TP901714","6","3915493","3.1472e-05","0.0069","C"
"4","Trait5","mrMLM","PstI.TP683635","6","3936964","-2.027e-05","0.0044","C"
"4","Trait5","mrMLM","NsiI.TP144537","6","3960734","-2.7722e-05","0.0061","G"
"4","Trait5","mrMLM","NsiI.TP797191","6","3979673","-2.4338e-05","0.0053","A"
"4","Trait5","mrMLM","NsiI.TP499923","6","3981325","0.2137","0.8492","C"
"4","Trait5","mrMLM","PstI.TP360245","6","4260794","-4.0889e-05","0.009","G"
"4","Trait5","mrMLM","PstI.TP817955","6","4266645","-2.3001e-05","0.005","C"
"4","Trait5","mrMLM","PstI.TP5904","6","4272324","-0.0782","1.0363","C"
"4","Trait5","mrMLM","NsiI.TP580268","6","4463658","9.6194e-06","0.0021","C"
"4","Trait5","mrMLM","PstI.TP75435","6","4525964","8.0998e-06","0.0018","G"
"4","Trait5","mrMLM","PstI.TP950372","6","4589125","0.0784","0.8861","C"
"4","Trait5","mrMLM","NsiI.TP452162","6","4678822","-0.0028","0.081","C"
"4","Trait5","mrMLM","PstI.TP847907","6","4721495","-0.0928","0.5613","C"
"4","Trait5","mrMLM","NsiI.TP576558","6","4722794","1.1439e-05","0.0025","A"
"4","Trait5","mrMLM","NsiI.TP391270","6","4872841","1.0897e-05","0.0024","A"
"4","Trait5","mrMLM","NsiI.TP345981","6","4907495","0.0447","0.4826","A"
"4","Trait5","mrMLM","PstI.TP1089540","6","5328843","8.1873e-06","0.0018","A"
"4","Trait5","mrMLM","PstI.TP1040960","6","5575670","-0.0939","0.7941","C"
"4","Trait5","mrMLM","NsiI.TP38028","6","5645718","9.5055e-06","0.0021","A"
"4","Trait5","mrMLM","PstI.TP805729","6","5877749","2.2364e-05","0.0049","A"
"4","Trait5","mrMLM","NsiI.TP108822","6","5886763","1.7522e-05","0.0038","G"
"4","Trait5","mrMLM","PstI.TP15282","6","6025251","1.3158e-05","0.0029","C"
"4","Trait5","mrMLM","NsiI.TP32455","6","6026230","3.3327e-05","0.0073","A"
"4","Trait5","mrMLM","PstI.TP202889","6","6077060","-1.391e-05","0.003","A"
"4","Trait5","mrMLM","PstI.TP202899","6","6077089","-5.652e-06","0.0012","A"
"4","Trait5","mrMLM","NsiI.TP15687","6","6110612","-1.4531e-05","0.0032","A"
"4","Trait5","mrMLM","PstI.TP365986","6","6142813","0.0186","0.1092","C"
"4","Trait5","mrMLM","PstI.TP989730","6","6156150","0.0016","0.0517","A"
"4","Trait5","mrMLM","NsiI.TP690223","6","6293609","1.6043e-05","0.0035","A"
"4","Trait5","mrMLM","PstI.TP853662","6","6296581","2.1315e-05","0.0047","C"
"4","Trait5","mrMLM","PstI.TP250403","6","6308579","1.7397e-05","0.0038","A"
"4","Trait5","mrMLM","NsiI.TP2518","6","6381083","1.5412e-05","0.0034","A"
"4","Trait5","mrMLM","NsiI.TP322203","6","6388055","0.0492","0.6537","A"
"4","Trait5","mrMLM","PstI.TP842028","6","6405059","1.1628e-05","0.0025","C"
"4","Trait5","mrMLM","NsiI.TP171942","6","6451184","-1.7377e-05","0.0038","C"
"4","Trait5","mrMLM","PstI.TP1010394","6","6506839","1.4117e-05","0.0031","A"
"4","Trait5","mrMLM","NsiI.TP250793","6","6506931","-9.587e-06","0.0021","C"
"4","Trait5","mrMLM","PstI.TP216597","6","6514552","0.0296","0.3642","G"
"4","Trait5","mrMLM","PstI.TP825113","6","6585758","-9.7123e-07","2e-04","C"
"4","Trait5","mrMLM","NsiI.TP664991","6","6587181","0.0622","0.2486","G"
"4","Trait5","mrMLM","PstI.TP142272","6","6590379","0.0567","0.3108","A"
"4","Trait5","mrMLM","PstI.TP819907","6","6739141","1.8542e-05","0.0041","C"
"4","Trait5","mrMLM","PstI.TP1136919","6","6739369","2.397e-06","5e-04","A"
"4","Trait5","mrMLM","PstI.TP726865","6","6744838","1.1852e-05","0.0026","C"
"4","Trait5","mrMLM","NsiI.TP440146","6","6888755","-8.6114e-06","0.0019","A"
"4","Trait5","mrMLM","PstI.TP105291","6","7005695","5.9857e-06","0.0013","C"
"4","Trait5","mrMLM","NsiI.TP84447","6","7006918","-0.0272","0.2621","A"
"4","Trait5","mrMLM","PstI.TP52142","6","7011541","-1.6904e-05","0.0037","C"
"4","Trait5","mrMLM","NsiI.TP113973","6","7161190","-3.359e-05","0.0074","A"
"4","Trait5","mrMLM","PstI.TP1120842","6","7488157","0.0755","1.0433","C"
"4","Trait5","mrMLM","NsiI.TP33079","6","7777434","1.2667e-06","3e-04","A"
"4","Trait5","mrMLM","NsiI.TP423257","6","8209105","-2.3908e-05","0.0052","C"
"4","Trait5","mrMLM","PstI.TP335793","6","8209847","0.059","0.4935","C"
"4","Trait5","mrMLM","PstI.TP685274","6","8211306","-1.3883e-06","3e-04","C"
"4","Trait5","mrMLM","NsiI.TP592783","6","8700530","-0.2033","1.3262","A"
"4","Trait5","mrMLM","NsiI.TP427296","6","8765381","1.4358e-05","0.0031","C"
"4","Trait5","mrMLM","PstI.TP202209","6","9086296","-1.3843e-05","0.003","C"
"4","Trait5","mrMLM","PstI.TP867592","6","9086550","-1.6589e-05","0.0036","C"
"4","Trait5","mrMLM","PstI.TP1071406","6","9087147","-0.3167","2.2311","A"
"4","Trait5","mrMLM","NsiI.TP206563","6","9088761","-0.2682","1.6009","A"
"4","Trait5","mrMLM","NsiI.TP206564","6","9088774","1.8261e-05","0.004","C"
"4","Trait5","mrMLM","GFSSContig18408_1087","6","11445945","2.3939e-05","0.0052","T"
"4","Trait5","mrMLM","NsiI.TP697503","6","11491757","-2.0604e-05","0.0045","G"
"4","Trait5","mrMLM","PstI.TP373881","6","12195747","0.0024","0.0809","A"
"4","Trait5","mrMLM","PstI.TP1157659","6","12195814","4.3906e-06","0.001","C"
"4","Trait5","mrMLM","PstI.TP794382","6","14220994","1.0853e-05","0.0024","A"
"4","Trait5","mrMLM","NsiI.TP835775","6","14520824","-0.0015","0.0393","C"
"4","Trait5","mrMLM","PstI.TP40238","6","14544576","-0.0805","0.9744","C"
"4","Trait5","mrMLM","PstI.TP1009946","6","15106417","0.0098","0.1635","C"
"4","Trait5","mrMLM","PstI.TP1207958","6","15385980","0.0035","0.0807","A"
"4","Trait5","mrMLM","PstI.TP50915","6","15657170","-0.1104","0.6904","G"
"4","Trait5","mrMLM","NsiI.TP501449","6","16162674","0.0441","0.3995","A"
"4","Trait5","mrMLM","NsiI.TP60207","6","16164076","0.0106","0.1495","A"
"4","Trait5","mrMLM","NsiI.TP449965","6","16393907","-0.1172","1.1301","A"
"4","Trait5","mrMLM","NsiI.TP519233","6","16395072","0.6085","3.3534","A"
"4","Trait5","mrMLM","PstI.TP366287","6","16432946","3.7128e-06","8e-04","A"
"4","Trait5","mrMLM","PstI.TP1194166","6","16697809","-3.1721e-06","7e-04","A"
"4","Trait5","mrMLM","PstI.TP381807","6","17522416","-1.6519e-07","3.5958e-05","A"
"4","Trait5","mrMLM","NsiI.TP609140","6","18911509","9.3053e-06","0.002","A"
"4","Trait5","mrMLM","NsiI.TP308732","6","18912392","5.9409e-06","0.0013","A"
"4","Trait5","mrMLM","PstI.TP1052140","6","19137861","5.1975e-07","1e-04","A"
"4","Trait5","mrMLM","PstI.TP455534","6","19162276","-2.3946e-05","0.0052","C"
"4","Trait5","mrMLM","NsiI.TP35778","6","19403997","-3.6568e-07","7.9599e-05","C"
"4","Trait5","mrMLM","NsiI.TP569149","6","19410429","-0.0047","0.0968","C"
"4","Trait5","mrMLM","NsiI.TP493388","6","24222351","-9.6676e-06","0.0021","C"
"4","Trait5","mrMLM","NsiI.TP665696","6","25554677","1.125e-05","0.0025","A"
"4","Trait5","mrMLM","PstI.TP884637","6","26390736","1.9195e-05","0.0042","C"
"4","Trait5","mrMLM","PstI.TP820851","6","26699344","4.2439e-06","9e-04","C"
"4","Trait5","mrMLM","PstI.TP879675","6","26700655","-0.0108","0.183","C"
"4","Trait5","mrMLM","NsiI.TP10104","6","26705522","5.6096e-06","0.0012","G"
"4","Trait5","mrMLM","PstI.TP1183353","6","27281401","-1.8151e-05","0.004","C"
"4","Trait5","mrMLM","NsiI.TP13312","6","27281599","-9.8157e-06","0.0021","G"
"4","Trait5","mrMLM","NsiI.TP615807","6","27281645","1.7146e-05","0.0037","A"
"4","Trait5","mrMLM","NsiI.TP286041","6","27293557","9.5698e-06","0.0021","A"
"4","Trait5","mrMLM","NsiI.TP181929","6","28159639","-7.9291e-06","0.0017","A"
"4","Trait5","mrMLM","NsiI.TP121941","6","29564687","3.4076e-05","0.0075","C"
"4","Trait5","mrMLM","GFSSContig15446_474","6","30284338","-1.6615e-05","0.0036","T"
"4","Trait5","mrMLM","NsiI.TP177947","6","30579084","1.8596e-05","0.0041","A"
"4","Trait5","mrMLM","NsiI.TP659536","6","30839490","-1.2971e-05","0.0028","A"
"4","Trait5","mrMLM","NsiI.TP370001","6","30938923","-0.0842","0.6878","C"
"4","Trait5","mrMLM","NsiI.TP291404","6","30971596","0.1034","0.4074","A"
"4","Trait5","mrMLM","PstI.TP775204","6","30979435","1.1308e-05","0.0025","A"
"4","Trait5","mrMLM","PstI.TP756558","6","30981116","-0.1059","0.7007","C"
"4","Trait5","mrMLM","PstI.TP756560","6","30981137","-0.0725","0.8523","A"
"4","Trait5","mrMLM","PstI.TP494450","6","31057422","-3.1304e-05","0.0069","A"
"4","Trait5","mrMLM","PstI.TP773343","6","31243845","3.4221e-06","7e-04","A"
"4","Trait5","mrMLM","NsiI.TP741968","6","31451097","1.1546e-05","0.0025","A"
"4","Trait5","mrMLM","PstI.TP746300","6","31581228","-0.1263","0.6465","C"
"4","Trait5","mrMLM","PstI.TP1091883","6","31723113","-0.0033","0.0574","A"
"4","Trait5","mrMLM","PstI.TP831813","6","31743102","4.6181e-06","0.001","A"
"4","Trait5","mrMLM","NsiI.TP125561","6","31800881","1.8118e-05","0.004","A"
"4","Trait5","mrMLM","PstI.TP853901","6","31993390","-1.2097e-05","0.0026","A"
"4","Trait5","mrMLM","NsiI.TP565309","6","32077727","-2.1863e-05","0.0048","G"
"4","Trait5","mrMLM","PstI.TP830704","6","32107877","9.0458e-06","0.002","A"
"4","Trait5","mrMLM","NsiI.TP613787","6","32127824","1.6456e-06","4e-04","C"
"4","Trait5","mrMLM","NsiI.TP336759","6","32130377","-0.0162","0.2129","C"
"4","Trait5","mrMLM","NsiI.TP470719","6","32130393","0.0831","1.0256","G"
"4","Trait5","mrMLM","NsiI.TP241864","6","32130505","2.5931e-05","0.0057","A"
"4","Trait5","mrMLM","NsiI.TP624770","6","32133975","1.8013e-05","0.0039","C"
"4","Trait5","mrMLM","PstI.TP1037022","6","32135690","1.6833e-05","0.0037","C"
"4","Trait5","mrMLM","NsiI.TP558835","6","32218478","0.0764","0.4524","G"
"4","Trait5","mrMLM","PstI.TP178160","6","32265913","-2.6837e-05","0.0059","C"
"4","Trait5","mrMLM","PstI.TP4230","6","32265956","1.0234e-05","0.0022","A"
"4","Trait5","mrMLM","NsiI.TP211131","6","32284894","2.2593e-05","0.0049","C"
"4","Trait5","mrMLM","NsiI.TP312592","6","32294349","1.1021e-05","0.0024","A"
"4","Trait5","mrMLM","PstI.TP1281008","6","32355072","-1.4469e-05","0.0032","A"
"4","Trait5","mrMLM","PstI.TP1281007","6","32355079","2.7996e-05","0.0061","A"
"4","Trait5","mrMLM","NsiI.TP691722","6","32359330","3.1461e-07","6.8471e-05","G"
"4","Trait5","mrMLM","PstI.TP326856","6","32359770","7.1196e-06","0.0016","A"
"4","Trait5","mrMLM","NsiI.TP467283","6","32373926","2.3801e-05","0.0052","C"
"4","Trait5","mrMLM","PstI.TP829666","6","32732045","-3.8856e-06","8e-04","A"
"4","Trait5","mrMLM","NsiI.TP495179","6","32754357","-1.4311e-06","3e-04","A"
"4","Trait5","mrMLM","PstI.TP885274","6","32755389","1.1986e-05","0.0026","A"
"4","Trait5","mrMLM","PstI.TP1040839","6","32755413","1.9673e-06","4e-04","C"
"4","Trait5","mrMLM","PstI.TP219642","6","32755456","0.0674","0.5283","C"
"4","Trait5","mrMLM","PstI.TP591413","6","32813463","-0.0462","0.4624","C"
"4","Trait5","mrMLM","PstI.TP471541","6","32814749","3.9548e-05","0.0087","A"
"4","Trait5","mrMLM","PstI.TP1163120","6","33557723","-4.2767e-06","9e-04","C"
"4","Trait5","mrMLM","PstI.TP758900","6","33980922","0.0755","0.8803","C"
"4","Trait5","mrMLM","PstI.TP724579","6","33982965","3.8687e-06","8e-04","A"
"4","Trait5","mrMLM","PstI.TP664696","6","35667088","-1.5984e-06","3e-04","C"
"4","Trait5","mrMLM","NsiI.TP350532","6","35787836","0.3405","1.8354","C"
"4","Trait5","mrMLM","NsiI.TP733229","6","37254775","-0.0122","0.1293","C"
"4","Trait5","mrMLM","NsiI.TP616158","6","37699034","-3.504e-08","7.6251e-06","G"
"4","Trait5","mrMLM","NsiI.TP370584","6","37709850","1.1789e-05","0.0026","C"
"4","Trait5","mrMLM","NsiI.TP686277","6","37871772","2.2164e-05","0.0049","C"
"4","Trait5","mrMLM","PstI.TP1181438","6","37901903","-0.0104","0.1436","A"
"4","Trait5","mrMLM","PstI.TP985988","6","37923853","-0.0914","0.5695","C"
"4","Trait5","mrMLM","PstI.TP247109","6","37932672","-3.2868e-05","0.0072","A"
"4","Trait5","mrMLM","NsiI.TP266103","6","38025469","0.068","0.7872","G"
"4","Trait5","mrMLM","PstI.TP96720","6","38025522","-0.1291","2.2612","A"
"4","Trait5","mrMLM","GFSSContig8940_858","6","38182942","-0.1444","1.0554","T"
"4","Trait5","mrMLM","GFSSContig18771_265","6","38353973","1.7045e-05","0.0037","T"
"4","Trait5","mrMLM","PstI.TP318041","6","38400018","-0.1644","0.8468","A"
"4","Trait5","mrMLM","NsiI.TP682861","6","38405790","-0.2233","2.2611","A"
"4","Trait5","mrMLM","PstI.TP55548","6","38407576","1.3494e-05","0.0029","A"
"4","Trait5","mrMLM","NsiI.TP115194","6","38607620","-4.0051e-06","9e-04","C"
"4","Trait5","mrMLM","NsiI.TP334029","6","38616479","-0.128","0.5386","A"
"4","Trait5","mrMLM","NsiI.TP664471","6","38617163","-1.1897e-05","0.0026","A"
"4","Trait5","mrMLM","PstI.TP1173215","6","38685708","-0.1263","0.7216","G"
"4","Trait5","mrMLM","PstI.TP879632","6","38733916","-1.2629e-05","0.0028","C"
"4","Trait5","mrMLM","PstI.TP18402","6","38768691","2.482e-06","5e-04","G"
"4","Trait5","mrMLM","NsiI.TP457104","6","38776414","0.0056","0.1249","A"
"4","Trait5","mrMLM","NsiI.TP125447","6","39125990","-2.7775e-05","0.0061","A"
"4","Trait5","mrMLM","NsiI.TP403262","6","39335553","1.5094e-06","3e-04","A"
"4","Trait5","mrMLM","PstI.TP363651","6","39417522","8.2104e-06","0.0018","A"
"4","Trait5","mrMLM","PstI.TP1284635","6","39548001","8.9318e-06","0.0019","A"
"4","Trait5","mrMLM","NsiI.TP511529","6","39548759","7.9569e-06","0.0017","A"
"4","Trait5","mrMLM","PstI.TP515323","6","39552988","-0.2595","1.7417","A"
"4","Trait5","mrMLM","PstI.TP246958","6","39553053","1.1148e-06","2e-04","A"
"4","Trait5","mrMLM","NsiI.TP505866","6","39558375","8.1647e-07","2e-04","A"
"4","Trait5","mrMLM","NsiI.TP549539","6","39558413","1.7921e-05","0.0039","C"
"4","Trait5","mrMLM","PstI.TP179452","6","39644530","-0.0043","0.0885","A"
"4","Trait5","mrMLM","PstI.TP439725","6","39651393","-0.0324","0.4274","C"
"4","Trait5","mrMLM","PstI.TP776270","6","39667672","-9.4174e-06","0.0021","A"
"4","Trait5","mrMLM","PstI.TP776266","6","39667698","-2.3891e-05","0.0052","C"
"4","Trait5","mrMLM","PstI.TP968168","6","39726388","-0.0526","0.3299","A"
"4","Trait5","mrMLM","NsiI.TP748969","6","39811283","-1.0392e-05","0.0023","C"
"4","Trait5","mrMLM","NsiI.TP245830","6","39888459","-0.0023","0.0618","A"
"4","Trait5","mrMLM","PstI.TP256025","6","39923562","4.1028e-05","0.009","A"
"4","Trait5","mrMLM","NsiI.TP45288","6","39928368","0.0435","0.3278","C"
"4","Trait5","mrMLM","PstI.TP1054001","6","39939459","1.1566e-05","0.0025","A"
"4","Trait5","mrMLM","NsiI.TP188663","6","39968309","9.8792e-06","0.0022","A"
"4","Trait5","mrMLM","PstI.TP922479","6","39968872","0.1458","0.8923","A"
"4","Trait5","mrMLM","PstI.TP42245","6","40021147","2.2107e-05","0.0048","A"
"4","Trait5","mrMLM","PstI.TP752706","6","40067328","1.1282e-05","0.0025","G"
"4","Trait5","mrMLM","PstI.TP168788","6","40077241","-1.2373e-05","0.0027","A"
"4","Trait5","mrMLM","PstI.TP113896","6","40079998","3.5755e-06","8e-04","G"
"4","Trait5","mrMLM","PstI.TP922796","6","40080039","-0.0278","0.2072","G"
"4","Trait5","mrMLM","NsiI.TP436761","6","40087954","-3.7743e-06","8e-04","A"
"4","Trait5","mrMLM","PstI.TP835176","6","40091853","0.1409","1.312","C"
"4","Trait5","mrMLM","PstI.TP271183","6","40095596","-8.4463e-06","0.0018","A"
"4","Trait5","mrMLM","NsiI.TP443889","6","40146428","-1.919e-05","0.0042","A"
"4","Trait5","mrMLM","PstI.TP11154","6","40235072","6.2533e-06","0.0014","A"
"4","Trait5","mrMLM","PstI.TP150034","6","40237133","9.7745e-06","0.0021","G"
"4","Trait5","mrMLM","PstI.TP629514","6","40243524","-0.0313","0.2307","A"
"4","Trait5","mrMLM","PstI.TP501240","6","40247059","0.1028","1.0171","A"
"4","Trait5","mrMLM","PstI.TP980475","6","40423530","-5.5189e-06","0.0012","A"
"4","Trait5","mrMLM","NsiI.TP466399","6","40423716","-1.9992e-05","0.0044","A"
"4","Trait5","mrMLM","GFSSContig18860_1155","6","40433938","9.6604e-06","0.0021","A"
"4","Trait5","mrMLM","PstI.TP919510","6","40436896","-0.0176","0.1173","A"
"4","Trait5","mrMLM","NsiI.TP353897","6","40582617","-2.0286e-06","4e-04","A"
"4","Trait5","mrMLM","NsiI.TP112542","6","40650279","1.5976e-05","0.0035","C"
"4","Trait5","mrMLM","NsiI.TP798346","6","40779780","0.0956","0.8011","A"
"4","Trait5","mrMLM","PstI.TP745749","6","40814158","0.0608","0.4971","C"
"4","Trait5","mrMLM","PstI.TP833447","6","40944592","1.0843e-05","0.0024","A"
"4","Trait5","mrMLM","PstI.TP170897","6","40981188","1.1398e-05","0.0025","C"
"4","Trait5","mrMLM","NsiI.TP29250","6","41087844","-3.7999e-05","0.0084","C"
"4","Trait5","mrMLM","NsiI.TP547767","6","41106599","2.3435e-06","5e-04","A"
"4","Trait5","mrMLM","PstI.TP502335","6","41106600","0.0062","0.1388","A"
"4","Trait5","mrMLM","PstI.TP577602","6","41219403","1.4081e-05","0.0031","A"
"4","Trait5","mrMLM","PstI.TP1121276","6","41250808","-0.0271","0.1948","A"
"4","Trait5","mrMLM","NsiI.TP13053","6","41270995","0.1549","0.8121","C"
"4","Trait5","mrMLM","PstI.TP280104","6","41273549","-1.8851e-05","0.0041","G"
"4","Trait5","mrMLM","NsiI.TP416050","6","41273550","-1.2565e-05","0.0027","G"
"4","Trait5","mrMLM","PstI.TP867312","6","41300079","6.9232e-06","0.0015","A"
"4","Trait5","mrMLM","NsiI.TP311705","6","41370971","-1.375e-05","0.003","C"
"4","Trait5","mrMLM","NsiI.TP631689","6","41449669","3.2261e-05","0.0071","C"
"4","Trait5","mrMLM","PstI.TP832496","6","41449812","-0.0258","0.3632","C"
"4","Trait5","mrMLM","PstI.TP523336","6","41456424","-0.1332","1.1369","G"
"4","Trait5","mrMLM","NsiI.TP336652","6","41462007","-1.6843e-05","0.0037","C"
"4","Trait5","mrMLM","NsiI.TP513210","6","41544102","3.1351e-05","0.0069","A"
"4","Trait5","mrMLM","NsiI.TP301610","6","41544222","-1.2257e-05","0.0027","C"
"4","Trait5","mrMLM","PstI.TP358897","6","41706673","-7.7019e-06","0.0017","C"
"4","Trait5","mrMLM","NsiI.TP755464","6","41733451","1.3099e-05","0.0029","A"
"4","Trait5","mrMLM","NsiI.TP180436","6","41765606","1.0869e-05","0.0024","C"
"4","Trait5","mrMLM","NsiI.TP324342","6","41843060","6.4732e-06","0.0014","A"
"4","Trait5","mrMLM","NsiI.TP310713","6","41884338","0.1574","1.6381","A"
"4","Trait5","mrMLM","PstI.TP1200633","6","41933949","2.5992e-05","0.0057","A"
"4","Trait5","mrMLM","PstI.TP1261238","6","41933973","2.3054e-05","0.005","C"
"4","Trait5","mrMLM","PstI.TP85901","6","42012849","2.9101e-05","0.0064","A"
"4","Trait5","mrMLM","PstI.TP359861","6","42016593","-0.0267","0.2367","A"
"4","Trait5","mrMLM","NsiI.TP540037","6","42047898","-9.1875e-06","0.002","C"
"4","Trait5","mrMLM","NsiI.TP691111","6","42051054","0.0939","0.6898","A"
"4","Trait5","mrMLM","NsiI.TP102730","6","42053875","1.3847e-05","0.003","G"
"4","Trait5","mrMLM","PstI.TP888989","6","42084993","0.0554","0.4512","A"
"4","Trait5","mrMLM","NsiI.TP625490","6","42246544","-9.4479e-06","0.0021","C"
"4","Trait5","mrMLM","PstI.TP1108461","6","42385778","-4.5475e-07","9.8976e-05","C"
"4","Trait5","mrMLM","NsiI.TP498858","6","42412563","0.1053","0.6231","C"
"4","Trait5","mrMLM","GFSSContig18151_375","6","42479383","-1.2604e-05","0.0028","T"
"4","Trait5","mrMLM","PstI.TP33525","6","42479865","-2.1028e-05","0.0046","A"
"4","Trait5","mrMLM","PstI.TP1092536","6","42480830","1.0212e-05","0.0022","A"
"4","Trait5","mrMLM","PstI.TP1009816","6","42489177","2.8241e-05","0.0062","A"
"4","Trait5","mrMLM","NsiI.TP620157","6","42490333","-3.8931e-05","0.0086","A"
"4","Trait5","mrMLM","NsiI.TP112465","6","42506943","0.0477","0.3553","G"
"4","Trait5","mrMLM","PstI.TP880423","6","42511235","-0.0834","0.4947","A"
"4","Trait5","mrMLM","NsiI.TP494505","6","42537010","0.0325","0.2307","C"
"4","Trait5","mrMLM","PstI.TP901855","6","42551665","0.0591","0.3627","A"
"4","Trait5","mrMLM","NsiI.TP280889","6","42580386","7.5834e-07","2e-04","C"
"4","Trait5","mrMLM","PstI.TP1017094","6","42583981","-1.906e-05","0.0042","C"
"4","Trait5","mrMLM","PstI.TP449018","6","42584107","0.0272","0.2481","A"
"4","Trait5","mrMLM","PstI.TP181807","6","42585857","-1.125e-05","0.0025","A"
"4","Trait5","mrMLM","PstI.TP972670","6","42586289","1.6545e-05","0.0036","G"
"4","Trait5","mrMLM","PstI.TP165796","6","42586298","0.0538","0.4171","C"
"4","Trait5","mrMLM","NsiI.TP391403","6","42597140","2.3395e-05","0.0051","C"
"4","Trait5","mrMLM","PstI.TP483837","6","42661011","-2.2507e-05","0.0049","G"
"4","Trait5","mrMLM","PstI.TP773490","6","42681604","-1.0554e-05","0.0023","A"
"4","Trait5","mrMLM","NsiI.TP267098","6","42683323","1.6199e-05","0.0035","C"
"4","Trait5","mrMLM","PstI.TP1021885","6","42685825","0.0525","0.6786","C"
"4","Trait5","mrMLM","PstI.TP1056514","6","42715763","1.6682e-06","4e-04","C"
"4","Trait5","mrMLM","PstI.TP686915","6","42725521","-9.1407e-06","0.002","C"
"4","Trait5","mrMLM","NsiI.TP775439","6","42757918","-7.5749e-06","0.0017","A"
"4","Trait5","mrMLM","NsiI.TP358081","6","42784766","0.0811","0.8302","A"
"4","Trait5","mrMLM","PstI.TP921535","6","42803758","-2.5793e-05","0.0057","C"
"4","Trait5","mrMLM","PstI.TP921533","6","42803791","-4.1381e-05","0.0091","A"
"4","Trait5","mrMLM","PstI.TP1245299","6","42806057","1.3039e-05","0.0028","C"
"4","Trait5","mrMLM","PstI.TP1240618","6","42806074","0.0586","0.2727","C"
"4","Trait5","mrMLM","NsiI.TP241135","6","42818797","0.0919","0.5777","A"
"4","Trait5","mrMLM","PstI.TP309929","6","42823781","-1.3335e-05","0.0029","A"
"4","Trait5","mrMLM","PstI.TP187234","6","42835275","0.3369","3.2976","A"
"4","Trait5","mrMLM","NsiI.TP426465","6","42845479","1.7336e-05","0.0038","A"
"4","Trait5","mrMLM","PstI.TP664080","6","42854573","1.7354e-05","0.0038","C"
"4","Trait5","mrMLM","PstI.TP944699","6","43235510","1.0218e-06","2e-04","C"
"4","Trait5","mrMLM","PstI.TP1023385","6","43243324","-7.4315e-06","0.0016","C"
"4","Trait5","mrMLM","NsiI.TP799028","6","43278083","-1.9481e-06","4e-04","A"
"4","Trait5","mrMLM","NsiI.TP825138","6","43278106","-2.8593e-05","0.0063","C"
"4","Trait5","mrMLM","PstI.TP1195541","6","43320392","2.4346e-05","0.0053","G"
"4","Trait5","mrMLM","NsiI.TP44978","6","43320860","0.0074","0.1196","G"
"4","Trait5","mrMLM","PstI.TP255164","6","43339822","-3.3403e-05","0.0073","A"
"4","Trait5","mrMLM","PstI.TP337856","6","43347995","-1.723e-05","0.0038","G"
"4","Trait5","mrMLM","NsiI.TP471155","6","43353277","1.4024e-05","0.0031","C"
"4","Trait5","mrMLM","NsiI.TP471156","6","43353284","-0.4187","4.3505","G"
"4","Trait5","mrMLM","PstI.TP742440","6","43553447","0.1417","1.0787","A"
"4","Trait5","mrMLM","PstI.TP212348","6","43562624","-0.0617","0.4588","C"
"4","Trait5","mrMLM","PstI.TP766304","6","43596279","-0.0965","0.6619","A"
"4","Trait5","mrMLM","NsiI.TP17682","6","43602171","4.322e-06","9e-04","C"
"4","Trait5","mrMLM","NsiI.TP129464","6","43607339","2.6925e-05","0.0059","A"
"4","Trait5","mrMLM","NsiI.TP747787","6","43607666","-6.3407e-06","0.0014","A"
"4","Trait5","mrMLM","PstI.TP1219132","6","43635407","-1.0513e-06","2e-04","A"
"4","Trait5","mrMLM","PstI.TP601347","6","43747613","0.1085","0.7403","A"
"4","Trait5","mrMLM","NsiI.TP632058","6","43749583","-1.3589e-05","0.003","C"
"4","Trait5","mrMLM","NsiI.TP634719","6","43810287","2.6656e-06","6e-04","A"
"4","Trait5","mrMLM","NsiI.TP822498","6","43811592","0.094","0.9711","A"
"4","Trait5","mrMLM","NsiI.TP345679","6","43828310","-1.9866e-05","0.0043","A"
"4","Trait5","mrMLM","PstI.TP918664","6","43828815","9.3821e-06","0.002","A"
"4","Trait5","mrMLM","NsiI.TP593125","6","43878408","0.1418","0.6309","A"
"4","Trait5","mrMLM","NsiI.TP687844","6","43941205","-0.1002","0.7618","A"
"4","Trait5","mrMLM","PstI.TP1240508","6","43966244","-7.6367e-06","0.0017","A"
"4","Trait5","mrMLM","NsiI.TP1320","6","43984533","2.0719e-05","0.0045","G"
"4","Trait5","mrMLM","PstI.TP310691","6","43996986","1.0985e-05","0.0024","A"
"4","Trait5","mrMLM","NsiI.TP451922","6","44002291","-6.0053e-06","0.0013","G"
"4","Trait5","mrMLM","NsiI.TP738936","6","44072862","-0.0411","0.3453","C"
"4","Trait5","mrMLM","NsiI.TP474488","6","44081885","-0.0416","0.5477","C"
"4","Trait5","mrMLM","PstI.TP538932","6","44092519","3.2722e-07","7.1215e-05","C"
"4","Trait5","mrMLM","NsiI.TP260037","6","44124620","2.4067e-05","0.0053","A"
"4","Trait5","mrMLM","NsiI.TP359497","6","44142274","-6.7735e-06","0.0015","C"
"4","Trait5","mrMLM","PstI.TP794254","6","44191829","0.0446","0.47","C"
"4","Trait5","mrMLM","PstI.TP648989","6","44191915","4.9144e-06","0.0011","A"
"4","Trait5","mrMLM","PstI.TP75301","6","44312976","-0.0566","0.6352","A"
"4","Trait5","mrMLM","PstI.TP1040682","6","44323080","0.0055","0.1226","C"
"4","Trait5","mrMLM","PstI.TP148872","6","44364576","-3.2141e-05","0.0071","G"
"4","Trait5","mrMLM","PstI.TP148873","6","44364580","1.5634e-05","0.0034","G"
"4","Trait5","mrMLM","PstI.TP489416","6","44368168","-5.5899e-06","0.0012","C"
"4","Trait5","mrMLM","NsiI.TP819867","6","44387743","-1.3882e-05","0.003","A"
"4","Trait5","mrMLM","NsiI.TP671349","6","44398519","-1.1973e-06","3e-04","A"
"4","Trait5","mrMLM","NsiI.TP605883","6","44409188","2.5422e-05","0.0056","C"
"4","Trait5","mrMLM","NsiI.TP530364","6","44529396","0.0389","0.2725","G"
"4","Trait5","mrMLM","NsiI.TP621239","6","44529405","-5.4984e-06","0.0012","A"
"4","Trait5","mrMLM","PstI.TP932609","6","44540431","4.9626e-06","0.0011","A"
"4","Trait5","mrMLM","PstI.TP643087","6","44550822","3.5864e-06","8e-04","C"
"4","Trait5","mrMLM","PstI.TP163348","6","44550868","0.0071","0.1051","A"
"4","Trait5","mrMLM","NsiI.TP829002","6","44552192","0.1012","1.2108","A"
"4","Trait5","mrMLM","PstI.TP1187561","6","44561048","7.6e-06","0.0017","A"
"4","Trait5","mrMLM","PstI.TP104645","6","44593939","-0.0112","0.188","A"
"4","Trait5","mrMLM","NsiI.TP133105","6","44619518","1.5408e-06","3e-04","C"
"4","Trait5","mrMLM","NsiI.TP679333","6","44752291","0.0701","0.7678","A"
"4","Trait5","mrMLM","PstI.TP80834","6","44836419","0.0382","0.1893","A"
"4","Trait5","mrMLM","NsiI.TP38422","6","44909480","2.2254e-05","0.0049","C"
"4","Trait5","mrMLM","PstI.TP109649","6","44909657","9.2267e-06","0.002","A"
"4","Trait5","mrMLM","PstI.TP1109966","6","44916540","6.1074e-06","0.0013","A"
"4","Trait5","mrMLM","PstI.TP884463","6","44916672","-0.0038","0.0887","A"
"4","Trait5","mrMLM","PstI.TP78611","6","44917420","-0.053","0.518","C"
"4","Trait5","mrMLM","PstI.TP805017","6","44960916","1.1752e-05","0.0026","C"
"4","Trait5","mrMLM","PstI.TP919699","6","44983942","-2.7241e-05","0.006","A"
"4","Trait5","mrMLM","PstI.TP170014","6","44983997","-5.7697e-06","0.0013","A"
"4","Trait5","mrMLM","PstI.TP448135","6","44994939","-9.6284e-07","2e-04","A"
"4","Trait5","mrMLM","PstI.TP101544","6","45004051","3.8869e-05","0.0085","C"
"4","Trait5","mrMLM","PstI.TP1185472","6","45032097","-1.2598e-05","0.0028","A"
"4","Trait5","mrMLM","PstI.TP33049","6","45032271","8.525e-06","0.0019","A"
"4","Trait5","mrMLM","PstI.TP609213","6","45036906","-7.9605e-06","0.0017","A"
"4","Trait5","mrMLM","PstI.TP460781","6","45048522","5.0925e-06","0.0011","C"
"4","Trait5","mrMLM","NsiI.TP203017","6","45061306","1.7735e-06","4e-04","C"
"4","Trait5","mrMLM","NsiI.TP17846","6","45061369","-0.2668","1.469","G"
"4","Trait5","mrMLM","NsiI.TP511231","6","45079964","0.0063","0.1269","A"
"4","Trait5","mrMLM","NsiI.TP511232","6","45079965","1.6002e-05","0.0035","A"
"4","Trait5","mrMLM","NsiI.TP619311","6","45081314","4.6352e-06","0.001","C"
"4","Trait5","mrMLM","PstI.TP834476","6","45093123","-1.3931e-05","0.003","A"
"4","Trait5","mrMLM","PstI.TP29028","6","45093133","-0.1275","0.6811","C"
"4","Trait5","mrMLM","PstI.TP794793","6","45093426","1.557e-05","0.0034","A"
"4","Trait5","mrMLM","NsiI.TP499208","6","45098054","2.6577e-05","0.0058","C"
"4","Trait5","mrMLM","PstI.TP1006958","6","45098773","-1.293e-05","0.0028","C"
"4","Trait5","mrMLM","NsiI.TP362418","6","45099381","1.567e-05","0.0034","A"
"4","Trait5","mrMLM","PstI.TP1040714","6","45146697","-6.6762e-06","0.0015","C"
"4","Trait5","mrMLM","PstI.TP43190","6","45153462","4.2947e-06","9e-04","C"
"4","Trait5","mrMLM","PstI.TP661829","6","45153734","5.2153e-06","0.0011","A"
"4","Trait5","mrMLM","PstI.TP747987","6","45163900","6.5988e-06","0.0014","A"
"4","Trait5","mrMLM","PstI.TP805477","6","45164041","-1.0669e-05","0.0023","A"
"4","Trait5","mrMLM","NsiI.TP555417","6","45167930","-0.0533","0.4195","C"
"4","Trait5","mrMLM","PstI.TP850055","6","45243566","0.0547","0.3637","C"
"4","Trait5","mrMLM","NsiI.TP622933","6","45274196","1.3612e-05","0.003","A"
"4","Trait5","mrMLM","PstI.TP1043738","6","45290608","9.0927e-06","0.002","A"
"4","Trait5","mrMLM","PstI.TP1047437","6","45290619","-0.0348","0.2895","A"
"4","Trait5","mrMLM","PstI.TP775205","6","45300652","1.0369e-05","0.0023","A"
"4","Trait5","mrMLM","PstI.TP516342","6","45321807","-1.019e-06","2e-04","A"
"4","Trait5","mrMLM","NsiI.TP241826","6","45324775","-0.083","0.479","G"
"4","Trait5","mrMLM","NsiI.TP414260","6","45325118","-0.0865","0.4293","C"
"4","Trait5","mrMLM","PstI.TP846649","6","45326059","0.1508","0.8531","C"
"4","Trait5","mrMLM","NsiI.TP386800","6","45331665","3.3455e-06","7e-04","C"
"4","Trait5","mrMLM","PstI.TP210880","6","45332094","0.1524","0.7766","A"
"4","Trait5","mrMLM","PstI.TP934265","6","45346802","-1.4295e-05","0.0031","A"
"4","Trait5","mrMLM","PstI.TP239979","6","45365415","0.0102","0.1053","A"
"4","Trait5","mrMLM","NsiI.TP770078","6","45371834","-8.8016e-06","0.0019","A"
"4","Trait5","mrMLM","NsiI.TP820264","6","45410240","-9.1329e-06","0.002","A"
"4","Trait5","mrMLM","NsiI.TP351306","6","45410287","-2.1059e-06","5e-04","G"
"4","Trait5","mrMLM","PstI.TP164417","6","45489615","1.8916e-05","0.0041","A"
"4","Trait5","mrMLM","PstI.TP683602","6","45501379","2.4164e-05","0.0053","A"
"4","Trait5","mrMLM","PstI.TP1054980","6","45502374","1.3302e-05","0.0029","C"
"4","Trait5","mrMLM","PstI.TP381935","6","45505493","1.8585e-05","0.0041","A"
"4","Trait5","mrMLM","PstI.TP998975","6","45505565","-0.0766","0.6939","C"
"4","Trait5","mrMLM","PstI.TP1139333","6","45513904","8.2292e-06","0.0018","A"
"4","Trait5","mrMLM","PstI.TP460975","6","45513961","-2.169e-05","0.0047","C"
"4","Trait5","mrMLM","PstI.TP598440","6","45513961","-0.1243","0.9562","A"
"4","Trait5","mrMLM","PstI.TP250739","6","45518943","-7.7054e-06","0.0017","A"
"4","Trait5","mrMLM","NsiI.TP653790","6","45520213","0.2469","1.5765","C"
"4","Trait5","mrMLM","PstI.TP727392","6","45571871","2.0269e-05","0.0044","C"
"4","Trait5","mrMLM","PstI.TP727393","6","45571927","4.2234e-06","9e-04","A"
"4","Trait5","mrMLM","NsiI.TP673740","6","45572194","2.5044e-06","5e-04","C"
"4","Trait5","mrMLM","NsiI.TP276243","6","45582124","5.5376e-07","1e-04","C"
"4","Trait5","mrMLM","NsiI.TP248936","6","45582428","-0.0681","0.5112","C"
"4","Trait5","mrMLM","PstI.TP1105986","6","45582438","-0.1359","1.3491","C"
"4","Trait5","mrMLM","NsiI.TP248704","6","45582438","0.0611","0.5867","A"
"4","Trait5","mrMLM","PstI.TP455987","6","45591084","1.8473e-05","0.004","C"
"4","Trait5","mrMLM","NsiI.TP319596","6","45608528","-2.3142e-05","0.0051","C"
"4","Trait5","mrMLM","PstI.TP745785","6","45615805","-0.0918","1.0222","C"
"4","Trait5","mrMLM","PstI.TP494662","6","45633903","6.8637e-06","0.0015","C"
"4","Trait5","mrMLM","PstI.TP1078191","6","45638523","-0.1048","1.2638","A"
"4","Trait5","mrMLM","NsiI.TP572327","6","45639604","-5.9994e-06","0.0013","C"
"4","Trait5","mrMLM","NsiI.TP614958","6","45639721","1.477e-05","0.0032","A"
"4","Trait5","mrMLM","PstI.TP188432","6","45727130","-0.0768","0.3601","A"
"4","Trait5","mrMLM","PstI.TP1117462","6","45727155","-0.1371","0.7382","A"
"4","Trait5","mrMLM","PstI.TP1124121","6","45727170","-4.8328e-06","0.0011","A"
"4","Trait5","mrMLM","NsiI.TP329595","6","45790815","-2.1337e-05","0.0047","A"
"4","Trait5","mrMLM","PstI.TP180607","6","45798620","-0.1794","1.1068","C"
"4","Trait5","mrMLM","PstI.TP374430","6","45810654","-0.1307","0.6487","A"
"4","Trait5","mrMLM","NsiI.TP388746","6","45893518","1.984e-05","0.0043","A"
"4","Trait5","mrMLM","NsiI.TP617213","6","45893583","0.1673","0.8834","C"
"4","Trait5","mrMLM","PstI.TP710636","6","45894338","0.2029","2.0371","A"
"4","Trait5","mrMLM","NsiI.TP552534","6","45903612","-3.985e-06","9e-04","C"
"4","Trait5","mrMLM","NsiI.TP496520","6","45938098","-5.2537e-06","0.0011","A"
"4","Trait5","mrMLM","PstI.TP144479","6","45948462","-0.0063","0.1021","A"
"4","Trait5","mrMLM","PstI.TP843913","6","45984633","-0.0044","0.0895","A"
"4","Trait5","mrMLM","PstI.TP915189","6","45984834","3.8565e-06","8e-04","G"
"4","Trait5","mrMLM","NsiI.TP495914","6","46034504","-0.097","0.7198","A"
"4","Trait5","mrMLM","NsiI.TP494122","6","46034520","-3.3701e-06","7e-04","C"
"4","Trait5","mrMLM","PstI.TP608689","6","46036408","-0.0515","0.5619","C"
"4","Trait5","mrMLM","PstI.TP1063185","6","46041526","9.6476e-06","0.0021","A"
"4","Trait5","mrMLM","NsiI.TP766454","6","46052400","-1.5011e-05","0.0033","A"
"4","Trait5","mrMLM","NsiI.TP451406","6","46074387","4.9157e-06","0.0011","A"
"4","Trait5","mrMLM","PstI.TP123221","6","46076756","-2.8532e-05","0.0063","C"
"4","Trait5","mrMLM","PstI.TP1253114","6","46078619","-3.7614e-05","0.0083","C"
"4","Trait5","mrMLM","NsiI.TP269608","6","46078712","9.6969e-06","0.0021","A"
"4","Trait5","mrMLM","NsiI.TP225262","6","46079426","-3.6006e-05","0.0079","C"
"4","Trait5","mrMLM","PstI.TP1044360","6","46082788","-5.1289e-05","0.0113","C"
"4","Trait5","mrMLM","PstI.TP35598","6","46082886","-0.1958","1.2242","C"
"4","Trait5","mrMLM","PstI.TP322890","6","46091816","2.6812e-05","0.0059","A"
"4","Trait5","mrMLM","NsiI.TP170020","6","46100038","5.5487e-07","1e-04","A"
"4","Trait5","mrMLM","NsiI.TP43031","6","46115038","-0.0497","0.4134","C"
"4","Trait5","mrMLM","NsiI.TP470523","6","46119639","-0.3379","1.1566","A"
"4","Trait5","mrMLM","NsiI.TP307556","6","46121681","-0.1307","1.2582","G"
"4","Trait5","mrMLM","PstI.TP480040","6","46122577","2.1647e-06","5e-04","G"
"4","Trait5","mrMLM","PstI.TP351899","6","46132630","3.0346e-05","0.0067","A"
"4","Trait5","mrMLM","PstI.TP783400","6","46199418","1.1003e-06","2e-04","A"
"4","Trait5","mrMLM","PstI.TP783398","6","46199419","0.0287","0.2754","A"
"4","Trait5","mrMLM","NsiI.TP628976","6","46224819","-9.4892e-06","0.0021","C"
"4","Trait5","mrMLM","NsiI.TP675623","6","46224826","1.9273e-05","0.0042","C"
"4","Trait5","mrMLM","PstI.TP426827","6","46225600","1.1936e-06","3e-04","A"
"4","Trait5","mrMLM","NsiI.TP482200","6","46227532","-5.7156e-06","0.0012","A"
"4","Trait5","mrMLM","NsiI.TP244950","6","46228157","-0.1141","1.0907","A"
"4","Trait5","mrMLM","PstI.TP1071411","6","46252009","-0.0206","0.1341","A"
"4","Trait5","mrMLM","PstI.TP759023","6","46253378","-0.1307","0.4197","C"
"4","Trait5","mrMLM","PstI.TP222832","6","46262431","2.8175e-05","0.0062","C"
"4","Trait5","mrMLM","PstI.TP73194","6","46284417","-9.2634e-06","0.002","A"
"4","Trait5","mrMLM","PstI.TP1174523","6","46287096","0.0192","0.151","A"
"4","Trait5","mrMLM","NsiI.TP499326","6","46287409","0.0987","0.5472","G"
"4","Trait5","mrMLM","PstI.TP138954","6","46290497","4.0984e-06","9e-04","A"
"4","Trait5","mrMLM","PstI.TP1184761","6","46290735","0.0212","0.1481","A"
"4","Trait5","mrMLM","PstI.TP695626","6","46297528","3.2969e-06","7e-04","C"
"4","Trait5","mrMLM","PstI.TP695683","6","46297528","0.0588","0.5466","C"
"4","Trait5","mrMLM","PstI.TP695764","6","46297528","-1.646e-05","0.0036","C"
"4","Trait5","mrMLM","PstI.TP695827","6","46297528","-1.8029e-05","0.0039","C"
"4","Trait5","mrMLM","PstI.TP38210","6","46381031","-5.0965e-07","1e-04","A"
"4","Trait5","mrMLM","PstI.TP349853","6","46386872","1.7675e-05","0.0039","C"
"4","Trait5","mrMLM","NsiI.TP687447","6","46493677","1.2041e-05","0.0026","C"
"4","Trait5","mrMLM","PstI.TP542446","6","46569308","-0.0328","0.3726","C"
"4","Trait5","mrMLM","PstI.TP683021","6","46570220","-5.576e-06","0.0012","A"
"4","Trait5","mrMLM","PstI.TP682615","6","46570239","-0.0417","0.3094","G"
"4","Trait5","mrMLM","GFSSContig12466_180","6","46574607","2.6792e-05","0.0059","A"
"4","Trait5","mrMLM","PstI.TP121274","6","46658492","-0.0403","0.1799","A"
"4","Trait5","mrMLM","NsiI.TP554617","6","46665120","-0.0231","0.1666","C"
"4","Trait5","mrMLM","NsiI.TP678474","6","46665378","-3.8535e-05","0.0085","A"
"4","Trait5","mrMLM","PstI.TP422864","6","46696012","6.6374e-06","0.0014","A"
"4","Trait5","mrMLM","NsiI.TP521763","6","46713176","2.1543e-05","0.0047","A"
"4","Trait5","mrMLM","PstI.TP696873","6","46715953","-0.0769","0.7998","C"
"4","Trait5","mrMLM","PstI.TP701431","6","46722672","0.1912","0.7521","A"
"4","Trait5","mrMLM","PstI.TP1125803","6","46724112","4.2363e-05","0.0093","A"
"4","Trait5","mrMLM","PstI.TP374046","6","46772955","0.0184","0.2029","C"
"4","Trait5","mrMLM","NsiI.TP347965","6","46789066","1.4843e-05","0.0032","A"
"4","Trait5","mrMLM","NsiI.TP433944","6","46797642","-8.4607e-06","0.0018","A"
"4","Trait5","mrMLM","PstI.TP169008","6","47055626","1.0677e-05","0.0023","A"
"4","Trait5","mrMLM","PstI.TP748847","6","47055676","-1.2985e-05","0.0028","A"
"4","Trait5","mrMLM","PstI.TP224908","6","47071016","-0.0916","0.759","C"
"4","Trait5","mrMLM","PstI.TP408422","6","47145859","-1.1157e-05","0.0024","A"
"4","Trait5","mrMLM","PstI.TP630858","6","47185090","1.5921e-05","0.0035","G"
"4","Trait5","mrMLM","PstI.TP110885","6","47190301","1.401e-05","0.0031","A"
"4","Trait5","mrMLM","PstI.TP365389","6","47206060","-1.0385e-05","0.0023","C"
"4","Trait5","mrMLM","PstI.TP981594","6","47209307","0.0358","0.2906","A"
"4","Trait5","mrMLM","NsiI.TP429998","6","47210707","-7.1965e-06","0.0016","A"
"4","Trait5","mrMLM","PstI.TP102454","6","47217913","-1.1641e-05","0.0025","A"
"4","Trait5","mrMLM","PstI.TP1225039","6","47233454","1.3415e-05","0.0029","G"
"4","Trait5","mrMLM","NsiI.TP235676","6","47234083","0.0209","0.2468","C"
"4","Trait5","mrMLM","PstI.TP1226052","6","47253762","-4.1709e-06","9e-04","A"
"4","Trait5","mrMLM","NsiI.TP310382","6","47272723","1.0261e-05","0.0022","A"
"4","Trait5","mrMLM","NsiI.TP598187","6","47279597","6.0187e-06","0.0013","A"
"4","Trait5","mrMLM","NsiI.TP598191","6","47279604","1.3685e-05","0.003","A"
"4","Trait5","mrMLM","PstI.TP736646","6","47305818","3.2881e-06","7e-04","A"
"4","Trait5","mrMLM","GFSSContig17884_1449","6","47319820","1.7232e-05","0.0038","T"
"4","Trait5","mrMLM","PstI.TP1090311","6","47330022","-9.0288e-06","0.002","C"
"4","Trait5","mrMLM","PstI.TP1146572","6","47403273","0.0387","0.2939","A"
"4","Trait5","mrMLM","NsiI.TP762010","6","47409491","5.9295e-06","0.0013","G"
"4","Trait5","mrMLM","NsiI.TP392794","6","47420347","1.1373e-05","0.0025","C"
"4","Trait5","mrMLM","GFSSContig7101_918","6","47443303","-2.8748e-05","0.0063","C"
"4","Trait5","mrMLM","NsiI.TP290715","6","47443303","-3.9129e-05","0.0086","C"
"4","Trait5","mrMLM","NsiI.TP679068","6","47443420","1.1072e-05","0.0024","C"
"4","Trait5","mrMLM","NsiI.TP456539","6","47477262","-3.8287e-06","8e-04","C"
"4","Trait5","mrMLM","NsiI.TP503516","6","47512324","4.0716e-05","0.009","C"
"4","Trait5","mrMLM","NsiI.TP633622","6","47535070","-0.0881","0.8213","G"
"4","Trait5","mrMLM","NsiI.TP724112","6","47535361","1.4602e-05","0.0032","A"
"4","Trait5","mrMLM","NsiI.TP389836","6","47537718","5.4868e-06","0.0012","A"
"4","Trait5","mrMLM","PstI.TP469469","6","47572273","1.5051e-05","0.0033","G"
"4","Trait5","mrMLM","PstI.TP827726","6","47573240","1.2357e-05","0.0027","A"
"4","Trait5","mrMLM","PstI.TP487745","6","47618306","1.4932e-06","3e-04","A"
"4","Trait5","mrMLM","PstI.TP1076182","6","47618418","-2.95e-06","6e-04","A"
"4","Trait5","mrMLM","NsiI.TP274765","6","47625849","1.9348e-05","0.0042","A"
"4","Trait5","mrMLM","PstI.TP137334","6","47640488","9.983e-06","0.0022","G"
"4","Trait5","mrMLM","PstI.TP310237","6","47646564","-1.3118e-05","0.0029","A"
"4","Trait5","mrMLM","NsiI.TP805914","6","47675176","-1.7671e-06","4e-04","A"
"4","Trait5","mrMLM","PstI.TP716101","6","47677795","-2.277e-05","0.005","A"
"4","Trait5","mrMLM","PstI.TP842014","6","47677920","0.0071","0.0819","A"
"4","Trait5","mrMLM","PstI.TP1177670","6","47695859","1.1447e-05","0.0025","A"
"4","Trait5","mrMLM","PstI.TP803468","6","47699983","-5.7674e-06","0.0013","A"
"4","Trait5","mrMLM","NsiI.TP632480","6","47707162","-0.0837","0.423","C"
"4","Trait5","mrMLM","PstI.TP11764","6","47759215","-4.0631e-06","9e-04","C"
"4","Trait5","mrMLM","PstI.TP1095833","6","47759295","0.0173","0.2238","C"
"4","Trait5","mrMLM","PstI.TP1094542","6","47759301","-0.061","0.6296","A"
"4","Trait5","mrMLM","NsiI.TP382122","6","47785906","6.7326e-06","0.0015","C"
"4","Trait5","mrMLM","NsiI.TP390846","6","47791638","0.095","0.5523","G"
"4","Trait5","mrMLM","PstI.TP580644","6","47793342","6.9231e-06","0.0015","C"
"4","Trait5","mrMLM","PstI.TP41761","6","47799081","0.1337","1.6699","A"
"4","Trait5","mrMLM","PstI.TP226392","6","47819825","-5.6864e-06","0.0012","C"
"4","Trait5","mrMLM","NsiI.TP219141","6","47825491","-1.3011e-05","0.0028","A"
"4","Trait5","mrMLM","GFSSContig12235_573","6","47836830","-3.4938e-05","0.0077","A"
"4","Trait5","mrMLM","PstI.TP12746","6","47840509","-0.0025","0.051","C"
"4","Trait5","mrMLM","NsiI.TP187013","6","47846843","1.1989e-05","0.0026","A"
"4","Trait5","mrMLM","PstI.TP1126445","6","47892176","0.0193","0.2823","A"
"4","Trait5","mrMLM","PstI.TP570060","6","47899753","-0.2646","1.0018","C"
"4","Trait5","mrMLM","NsiI.TP34193","6","47900218","0.0539","0.4794","A"
"4","Trait5","mrMLM","PstI.TP148994","6","47930110","0.0029","0.0741","A"
"4","Trait5","mrMLM","PstI.TP419608","6","47935167","-6.2714e-06","0.0014","G"
"4","Trait5","mrMLM","NsiI.TP416783","6","47943271","-1.1999e-05","0.0026","A"
"4","Trait5","mrMLM","NsiI.TP26791","6","47946418","-1.2274e-05","0.0027","C"
"4","Trait5","mrMLM","PstI.TP250434","6","47959136","0.0044","0.1048","A"
"4","Trait5","mrMLM","NsiI.TP128585","6","47959263","-8.9432e-06","0.002","G"
"4","Trait5","mrMLM","PstI.TP353735","6","47966962","6.8015e-06","0.0015","A"
"4","Trait5","mrMLM","PstI.TP54654","6","47981828","-0.0074","0.1392","A"
"4","Trait5","mrMLM","PstI.TP813929","6","48009958","-3.2462e-05","0.0071","A"
"4","Trait5","mrMLM","NsiI.TP509686","6","48033398","7.3731e-06","0.0016","A"
"4","Trait5","mrMLM","PstI.TP1166917","6","48079196","2.269e-05","0.005","A"
"4","Trait5","mrMLM","NsiI.TP741553","6","48088743","-1.2508e-05","0.0027","C"
"4","Trait5","mrMLM","PstI.TP710752","6","48096840","0.0161","0.1584","C"
"4","Trait5","mrMLM","PstI.TP605148","6","48096901","2.7953e-06","6e-04","A"
"4","Trait5","mrMLM","PstI.TP118810","6","48110626","1.4144e-05","0.0031","A"
"4","Trait5","mrMLM","NsiI.TP191874","6","48111112","-0.0755","0.9261","A"
"4","Trait5","mrMLM","PstI.TP833099","6","48119831","2.403e-05","0.0053","C"
"4","Trait5","mrMLM","PstI.TP998144","6","48121588","-1.2431e-06","3e-04","C"
"4","Trait5","mrMLM","NsiI.TP538662","6","48159780","-4.2883e-06","9e-04","C"
"4","Trait5","mrMLM","PstI.TP41092","6","48167163","-2.2915e-05","0.005","C"
"4","Trait5","mrMLM","PstI.TP244881","6","48168019","1.64e-07","3.5691e-05","A"
"4","Trait5","mrMLM","NsiI.TP26838","6","48172496","0.0989","0.6036","A"
"4","Trait5","mrMLM","PstI.TP330321","6","48212587","-0.0329","0.3517","A"
"4","Trait5","mrMLM","PstI.TP330320","6","48212606","-0.0141","0.1721","C"
"4","Trait5","mrMLM","PstI.TP127421","6","48212669","-4.6231e-06","0.001","A"
"4","Trait5","mrMLM","PstI.TP795263","6","48216537","-1.5069e-05","0.0033","A"
"4","Trait5","mrMLM","PstI.TP1259857","6","48220858","-0.3175","1.1202","A"
"4","Trait5","mrMLM","NsiI.TP528315","6","48230740","-1.7451e-05","0.0038","C"
"4","Trait5","mrMLM","NsiI.TP156527","6","48231181","-1.2868e-05","0.0028","A"
"4","Trait5","mrMLM","NsiI.TP417213","6","48238069","-8.3338e-06","0.0018","C"
"4","Trait5","mrMLM","PstI.TP1087314","6","48240132","1.0594e-06","2e-04","C"
"4","Trait5","mrMLM","PstI.TP1188398","6","48246652","-0.0215","0.2246","A"
"4","Trait5","mrMLM","GFSSContig16289_1017","6","48251524","-3.066e-06","7e-04","A"
"4","Trait5","mrMLM","GFSSContig7649_1236","6","48289335","0.037","0.2917","A"
"4","Trait5","mrMLM","PstI.TP1046125","6","48289644","3.6891e-07","8.0298e-05","C"
"4","Trait5","mrMLM","PstI.TP1251851","6","48290909","1.3816e-05","0.003","C"
"4","Trait5","mrMLM","NsiI.TP726616","6","48292469","-1.1603e-06","3e-04","C"
"4","Trait5","mrMLM","PstI.TP62392","6","48319900","0.0592","0.3599","A"
"4","Trait5","mrMLM","PstI.TP1135019","6","48321116","2.0614e-05","0.0045","A"
"4","Trait5","mrMLM","PstI.TP67032","6","48324940","1.4578e-05","0.0032","A"
"4","Trait5","mrMLM","PstI.TP1095585","6","48333230","-1.7719e-05","0.0039","A"
"4","Trait5","mrMLM","PstI.TP126989","6","48333549","-1.6633e-05","0.0036","A"
"4","Trait5","mrMLM","PstI.TP13077","6","48336818","1.7479e-05","0.0038","C"
"4","Trait5","mrMLM","PstI.TP1063866","6","48356544","-2.6193e-05","0.0057","A"
"4","Trait5","mrMLM","PstI.TP806114","6","48361852","-1.2011e-05","0.0026","A"
"4","Trait5","mrMLM","PstI.TP303544","6","48368263","1.9687e-05","0.0043","C"
"4","Trait5","mrMLM","PstI.TP988157","6","48368305","-2.5474e-05","0.0056","A"
"4","Trait5","mrMLM","PstI.TP698304","6","48379168","0.0975","0.5576","A"
"4","Trait5","mrMLM","PstI.TP356132","6","48384374","0.098","0.5612","C"
"4","Trait5","mrMLM","NsiI.TP444122","6","48384897","-5.0471e-06","0.0011","A"
"4","Trait5","mrMLM","PstI.TP1128911","6","48388936","0.0452","0.218","A"
"4","Trait5","mrMLM","PstI.TP884055","6","48400058","1.9109e-05","0.0042","C"
"4","Trait5","mrMLM","PstI.TP925452","6","48400679","-1.9458e-05","0.0043","A"
"4","Trait5","mrMLM","PstI.TP791620","6","48400730","-3.7747e-05","0.0083","A"
"4","Trait5","mrMLM","PstI.TP1293632","6","48402986","3.0807e-05","0.0068","G"
"4","Trait5","mrMLM","PstI.TP490849","6","48413744","0.0209","0.1519","A"
"4","Trait5","mrMLM","PstI.TP14152","6","48432787","2.9585e-05","0.0065","A"
"4","Trait5","mrMLM","PstI.TP14186","6","48432827","1.1487e-06","3e-04","A"
"4","Trait5","mrMLM","PstI.TP131423","6","48432895","-0.0523","0.3577","A"
"4","Trait5","mrMLM","NsiI.TP40837","6","48435571","5.1167e-06","0.0011","C"
"4","Trait5","mrMLM","NsiI.TP440756","6","48438007","3.5066e-05","0.0077","C"
"4","Trait5","mrMLM","PstI.TP824467","6","48440964","3.6425e-05","0.008","C"
"4","Trait5","mrMLM","NsiI.TP684430","6","48443160","-9.8905e-06","0.0022","C"
"4","Trait5","mrMLM","PstI.TP268859","6","48450824","5.9761e-07","1e-04","C"
"4","Trait5","mrMLM","PstI.TP105079","6","48450884","-0.062","0.6636","G"
"4","Trait5","mrMLM","PstI.TP357318","6","48450955","1.0814e-05","0.0024","C"
"4","Trait5","mrMLM","PstI.TP1266869","6","48545495","3.3502e-05","0.0074","G"
"4","Trait5","mrMLM","PstI.TP209932","6","48547587","-9.6895e-06","0.0021","G"
"4","Trait5","mrMLM","PstI.TP858165","6","48555209","-2.4599e-05","0.0054","G"
"4","Trait5","mrMLM","NsiI.TP721918","6","48593469","-8.2335e-06","0.0018","A"
"4","Trait5","mrMLM","PstI.TP33120","6","48595912","0.1334","1.4195","C"
"4","Trait5","mrMLM","NsiI.TP631902","6","48612935","1.2128e-05","0.0026","A"
"4","Trait5","mrMLM","PstI.TP203950","6","48616479","1.3975e-06","3e-04","C"
"4","Trait5","mrMLM","PstI.TP361031","6","48622395","-1.2556e-05","0.0027","A"
"4","Trait5","mrMLM","PstI.TP87284","6","48635604","0.0187","0.2699","C"
"4","Trait5","mrMLM","GFSSContig1840_351","6","48669653","6.6828e-06","0.0015","A"
"4","Trait5","mrMLM","PstI.TP228477","6","48681172","-3.2324e-05","0.0071","A"
"4","Trait5","mrMLM","PstI.TP803512","6","48683384","-1.0349e-05","0.0023","C"
"4","Trait5","mrMLM","PstI.TP1261486","6","48690084","1.3731e-06","3e-04","A"
"4","Trait5","mrMLM","PstI.TP235002","6","48701905","7.6972e-06","0.0017","A"
"4","Trait5","mrMLM","PstI.TP801278","6","48713165","1.0353e-05","0.0023","A"
"4","Trait5","mrMLM","PstI.TP153865","6","48713292","-3.0057e-05","0.0066","C"
"4","Trait5","mrMLM","PstI.TP108648","6","48723726","1.7286e-06","4e-04","A"
"4","Trait5","mrMLM","PstI.TP82465","6","48731934","0.0201","0.2985","C"
"4","Trait5","mrMLM","PstI.TP428451","6","48787560","4e-04","0.0214","C"
"4","Trait5","mrMLM","PstI.TP1010083","6","48787600","-1.6133e-06","4e-04","C"
"4","Trait5","mrMLM","NsiI.TP83928","6","48792860","-3.3437e-05","0.0073","G"
"4","Trait5","mrMLM","NsiI.TP807800","6","48855197","-2.0333e-06","4e-04","A"
"4","Trait5","mrMLM","PstI.TP1120157","6","48858471","0.1183","0.816","C"
"4","Trait5","mrMLM","PstI.TP640585","6","48873899","-9.3516e-06","0.002","A"
"4","Trait5","mrMLM","PstI.TP778519","6","48881133","-3.7129e-06","8e-04","C"
"4","Trait5","mrMLM","NsiI.TP474338","6","48893680","1.6251e-05","0.0036","A"
"4","Trait5","mrMLM","PstI.TP307611","6","48920516","-5.7682e-07","1e-04","A"
"4","Trait5","mrMLM","PstI.TP250900","6","48938060","-1.2354e-05","0.0027","C"
"4","Trait5","mrMLM","NsiI.TP350174","6","49012190","-1.3844e-05","0.003","C"
"4","Trait5","mrMLM","NsiI.TP134220","6","49012829","-0.0942","0.8746","A"
"4","Trait5","mrMLM","PstI.TP938333","6","49024208","5.4989e-07","1e-04","A"
"4","Trait5","mrMLM","PstI.TP348037","6","49036917","0.0515","0.5934","A"
"4","Trait5","mrMLM","GFSSContig13754_1668","6","49038043","3.0229e-05","0.0066","A"
"4","Trait5","mrMLM","NsiI.TP530842","6","49049039","-0.0228","0.3131","A"
"4","Trait5","mrMLM","PstI.TP781433","6","49076529","-0.0564","0.4146","A"
"4","Trait5","mrMLM","NsiI.TP82718","6","49084359","-2.043e-06","4e-04","G"
"4","Trait5","mrMLM","PstI.TP309985","6","49088053","1.9769e-05","0.0043","A"
"4","Trait5","mrMLM","PstI.TP1260252","6","49157741","1.7837e-06","4e-04","A"
"4","Trait5","mrMLM","PstI.TP884728","6","49181624","3.1985e-05","0.007","A"
"4","Trait5","mrMLM","PstI.TP576587","6","49188679","1.0044e-06","2e-04","A"
"4","Trait5","mrMLM","PstI.TP427397","6","49196509","1.7768e-08","3.8668e-06","A"
"4","Trait5","mrMLM","PstI.TP194136","6","49203102","2.7977e-05","0.0061","A"
"4","Trait5","mrMLM","PstI.TP1194753","6","49206882","-1.3576e-05","0.003","A"
"4","Trait5","mrMLM","NsiI.TP617325","6","49219174","3.3334e-06","7e-04","A"
"4","Trait5","mrMLM","NsiI.TP216098","6","49221683","0.0237","0.3134","A"
"4","Trait5","mrMLM","PstI.TP815225","6","49235314","-0.1186","0.517","C"
"4","Trait5","mrMLM","PstI.TP815226","6","49235315","-0.0419","0.3374","A"
"4","Trait5","mrMLM","PstI.TP613165","6","49235513","-1.1723e-05","0.0026","C"
"4","Trait5","mrMLM","PstI.TP240199","6","49236042","-0.0456","0.4823","A"
"4","Trait5","mrMLM","PstI.TP163721","6","49248981","-1.0877e-05","0.0024","A"
"4","Trait5","mrMLM","PstI.TP907937","6","49284562","-5.6919e-06","0.0012","C"
"4","Trait5","mrMLM","NsiI.TP452437","6","49292672","-1.8753e-05","0.0041","C"
"4","Trait5","mrMLM","NsiI.TP493791","6","49296317","-2.8308e-06","6e-04","A"
"4","Trait5","mrMLM","NsiI.TP534214","6","49318521","0.0756","0.5013","C"
"4","Trait5","mrMLM","NsiI.TP534213","6","49318555","0.0413","0.465","C"
"4","Trait5","mrMLM","NsiI.TP145909","6","49335335","-3.236e-05","0.0071","C"
"4","Trait5","mrMLM","PstI.TP212596","6","49341140","0.1452","0.7592","A"
"4","Trait5","mrMLM","PstI.TP744800","6","49370163","-0.0944","0.797","A"
"4","Trait5","mrMLM","PstI.TP174313","6","49371036","-6.6227e-06","0.0014","G"
"4","Trait5","mrMLM","PstI.TP1152159","6","49371422","1.4059e-05","0.0031","A"
"4","Trait5","mrMLM","NsiI.TP514160","6","49377118","-0.0472","0.2011","A"
"4","Trait5","mrMLM","PstI.TP1081498","6","49383762","2.6674e-05","0.0058","A"
"4","Trait5","mrMLM","PstI.TP438105","6","49383809","-0.2193","1.6728","C"
"4","Trait5","mrMLM","PstI.TP903994","6","49388451","1.7122e-05","0.0037","A"
"4","Trait5","mrMLM","PstI.TP840679","6","49388605","0.3011","3.8435","A"
"4","Trait5","mrMLM","PstI.TP1090948","6","49395206","-3.659e-06","8e-04","A"
"4","Trait5","mrMLM","NsiI.TP594466","6","49428638","0.0073","0.1379","C"
"4","Trait5","mrMLM","PstI.TP1167987","6","49444643","-0.0844","1.2366","C"
"4","Trait5","mrMLM","PstI.TP316612","6","49448168","2.4625e-06","5e-04","C"
"4","Trait5","mrMLM","PstI.TP850689","6","49449385","-7.5933e-06","0.0017","C"
"4","Trait5","mrMLM","PstI.TP143262","6","49459934","2.1952e-05","0.0048","C"
"4","Trait5","mrMLM","PstI.TP922341","6","49462238","-0.0065","0.1001","C"
"4","Trait5","mrMLM","PstI.TP1112974","6","49485124","4.1844e-06","9e-04","A"
"4","Trait5","mrMLM","NsiI.TP16989","6","49503966","0.0133","0.1803","A"
"4","Trait5","mrMLM","NsiI.TP57283","6","49505312","-0.0621","0.5258","C"
"4","Trait5","mrMLM","NsiI.TP225772","6","49546988","3.0339e-05","0.0067","C"
"4","Trait5","mrMLM","NsiI.TP674468","6","49590276","-8.42e-06","0.0018","G"
"4","Trait5","mrMLM","PstI.TP106960","6","49595187","1.3356e-05","0.0029","A"
"4","Trait5","mrMLM","NsiI.TP559019","6","49621651","5.0183e-06","0.0011","A"
"4","Trait5","mrMLM","NsiI.TP673519","6","49637725","-0.0157","0.2183","C"
"4","Trait5","mrMLM","PstI.TP597642","6","49643334","0.0257","0.2775","C"
"4","Trait5","mrMLM","PstI.TP256859","6","49643801","0.002","0.065","C"
"4","Trait5","mrMLM","PstI.TP256850","6","49643828","9.2577e-06","0.002","C"
"4","Trait5","mrMLM","PstI.TP597663","6","49655494","-0.0029","0.0503","C"
"4","Trait5","mrMLM","PstI.TP382640","6","49658306","0.0675","0.4463","C"
"4","Trait5","mrMLM","PstI.TP142101","6","49660572","-0.0355","0.3508","C"
"4","Trait5","mrMLM","NsiI.TP205550","6","49661014","0.029","0.3361","C"
"4","Trait5","mrMLM","PstI.TP329852","6","49681600","-4.0383e-06","9e-04","A"
"4","Trait5","mrMLM","PstI.TP1101404","6","49695019","0.0796","0.8147","A"
"4","Trait5","mrMLM","NsiI.TP222447","6","49698622","4.7766e-06","0.001","A"
"4","Trait5","mrMLM","NsiI.TP304563","6","49699007","0.1369","1.8368","A"
"4","Trait5","mrMLM","PstI.TP137972","6","49743515","0.0223","0.1798","A"
"4","Trait5","mrMLM","NsiI.TP637438","6","49745214","0.0257","0.2617","C"
"4","Trait5","mrMLM","PstI.TP1018061","6","49747202","-2.1252e-05","0.0047","C"
"4","Trait5","mrMLM","PstI.TP1082646","6","49755942","3.3795e-05","0.0074","G"
"4","Trait5","mrMLM","PstI.TP1009267","6","49760525","-8.109e-06","0.0018","A"
"4","Trait5","mrMLM","PstI.TP998753","6","49762735","-4.6029e-08","1.0019e-05","A"
"4","Trait5","mrMLM","PstI.TP463777","6","49764132","1.8184e-05","0.004","C"
"4","Trait5","mrMLM","NsiI.TP11860","6","49777378","0.1276","1.3046","C"
"4","Trait5","mrMLM","GFSSContig14725_908","6","49803002","-0.0197","0.2431","A"
"4","Trait5","mrMLM","NsiI.TP823356","6","49820945","2.6478e-05","0.0058","C"
"4","Trait5","mrMLM","PstI.TP1099047","6","49825270","0.0222","0.337","A"
"4","Trait5","mrMLM","PstI.TP1045605","6","49825862","-0.0066","0.1054","G"
"4","Trait5","mrMLM","NsiI.TP367670","6","49828546","-8.7558e-06","0.0019","A"
"4","Trait5","mrMLM","PstI.TP855227","6","49887106","7.772e-06","0.0017","A"
"4","Trait5","mrMLM","PstI.TP133210","6","49890952","-7.2558e-06","0.0016","A"
"4","Trait5","mrMLM","PstI.TP1175455","6","49891048","0.2401","1.4005","A"
"4","Trait5","mrMLM","PstI.TP1204977","6","49891240","2.4825e-05","0.0054","A"
"4","Trait5","mrMLM","PstI.TP1204980","6","49891266","-1.6473e-05","0.0036","A"
"4","Trait5","mrMLM","GFSSContig12810_225","6","49893447","0.0773","0.7823","A"
"4","Trait5","mrMLM","GFSSContig17265_1038","6","49927748","0.1875","2.4657","A"
"4","Trait5","mrMLM","GFSSContig17265_575","6","49928199","-0.2579","2.2103","T"
"4","Trait5","mrMLM","NsiI.TP116399","6","49944745","2.804e-05","0.0061","C"
"4","Trait5","mrMLM","PstI.TP509524","6","49949448","-0.0786","0.3951","A"
"4","Trait5","mrMLM","PstI.TP515276","6","49967030","0.0475","0.447","A"
"4","Trait5","mrMLM","PstI.TP403345","6","50006396","0.3009","1.4238","A"
"4","Trait5","mrMLM","NsiI.TP774672","6","50023938","-4.7076e-06","0.001","A"
"4","Trait5","mrMLM","PstI.TP684314","6","50024425","-2.6549e-05","0.0058","A"
"4","Trait5","mrMLM","NsiI.TP212183","6","50043944","-0.123","0.4368","G"
"4","Trait5","mrMLM","GFk40ctg9752_150","6","50048605","0.0625","0.6461","A"
"4","Trait5","mrMLM","PstI.TP836386","6","50063933","-9.4981e-06","0.0021","A"
"4","Trait5","mrMLM","NsiI.TP634450","6","50065596","-2.6741e-05","0.0059","A"
"4","Trait5","mrMLM","PstI.TP1149860","6","50090646","0.0022","0.0623","C"
"4","Trait5","mrMLM","PstI.TP840974","6","50101488","-5.0647e-06","0.0011","G"
"4","Trait5","mrMLM","PstI.TP279803","6","50110990","-3.7275e-06","8e-04","A"
"4","Trait5","mrMLM","PstI.TP1053929","6","50130625","-1.3794e-05","0.003","A"
"4","Trait5","mrMLM","PstI.TP814438","6","50194797","0.0287","0.2458","C"
"4","Trait5","mrMLM","PstI.TP941941","6","50199458","-0.1628","1.2729","C"
"4","Trait5","mrMLM","PstI.TP805323","6","50210059","-5.7867e-06","0.0013","A"
"4","Trait5","mrMLM","NsiI.TP780170","6","50211929","-3.7584e-05","0.0083","C"
"4","Trait5","mrMLM","NsiI.TP225346","6","50229745","0.0632","0.3188","C"
"4","Trait5","mrMLM","NsiI.TP234967","6","50238765","-2.0943e-05","0.0046","C"
"4","Trait5","mrMLM","PstI.TP1168321","6","50245555","0.0891","0.4122","G"
"4","Trait5","mrMLM","PstI.TP853186","6","50263119","-4.2451e-05","0.0093","A"
"4","Trait5","mrMLM","PstI.TP681148","6","50286389","2.3974e-06","5e-04","A"
"4","Trait5","mrMLM","PstI.TP903006","6","50304141","-0.0617","0.5355","A"
"4","Trait5","mrMLM","PstI.TP1015112","6","50304186","-6.0795e-06","0.0013","C"
"4","Trait5","mrMLM","PstI.TP1015113","6","50304233","-2.9242e-05","0.0064","A"
"4","Trait5","mrMLM","NsiI.TP488730","6","50310213","0.1427","1.3587","C"
"4","Trait5","mrMLM","NsiI.TP592655","6","50333660","-7.2357e-06","0.0016","A"
"4","Trait5","mrMLM","PstI.TP623560","6","50333858","-7.4689e-06","0.0016","C"
"4","Trait5","mrMLM","NsiI.TP430226","6","50355502","-0.0167","0.2243","A"
"4","Trait5","mrMLM","NsiI.TP810122","6","50355604","0.0105","0.1698","A"
"4","Trait5","mrMLM","PstI.TP595889","6","50364549","-0.1261","0.696","C"
"4","Trait5","mrMLM","NsiI.TP395591","6","50382392","3.1562e-05","0.0069","C"
"4","Trait5","mrMLM","PstI.TP1034808","6","50384753","0.1017","0.8603","A"
"4","Trait5","mrMLM","PstI.TP665684","6","50394914","-0.0125","0.1972","C"
"4","Trait5","mrMLM","PstI.TP691281","6","50395718","-0.0136","0.1858","C"
"4","Trait5","mrMLM","NsiI.TP193365","6","50405862","6.2247e-06","0.0014","C"
"4","Trait5","mrMLM","PstI.TP985993","6","50461167","-0.0358","0.2226","C"
"4","Trait5","mrMLM","NsiI.TP225768","6","50462978","-2.3146e-05","0.0051","A"
"4","Trait5","mrMLM","NsiI.TP226390","6","50462978","0.1022","0.8121","A"
"4","Trait5","mrMLM","PstI.TP782250","6","50471615","-2.1913e-06","5e-04","A"
"4","Trait5","mrMLM","PstI.TP526422","6","50557773","-0.0735","0.5896","A"
"4","Trait5","mrMLM","PstI.TP383692","6","50563048","1.805e-06","4e-04","A"
"4","Trait5","mrMLM","PstI.TP114829","6","50569784","-1.4265e-05","0.0031","G"
"4","Trait5","mrMLM","PstI.TP949988","6","50576836","0.0173","0.1908","C"
"4","Trait5","mrMLM","PstI.TP18079","6","50586809","2.7506e-05","0.006","G"
"4","Trait5","mrMLM","PstI.TP1227925","6","50604731","1.997e-05","0.0044","A"
"4","Trait5","mrMLM","PstI.TP1249751","6","50605938","9.6119e-06","0.0021","C"
"4","Trait5","mrMLM","PstI.TP88913","6","50606419","-1.7369e-05","0.0038","A"
"4","Trait5","mrMLM","PstI.TP746780","6","50607025","-2.0264e-06","4e-04","C"
"4","Trait5","mrMLM","NsiI.TP751024","6","50620696","0.1721","1.2277","C"
"4","Trait5","mrMLM","NsiI.TP248222","6","50636931","1.1317e-05","0.0025","A"
"4","Trait5","mrMLM","PstI.TP1041731","6","50651771","-4.6961e-06","0.001","C"
"4","Trait5","mrMLM","PstI.TP1225118","6","50659454","1.8532e-05","0.0041","C"
"4","Trait5","mrMLM","NsiI.TP343501","6","50674685","1.3615e-05","0.003","A"
"4","Trait5","mrMLM","PstI.TP1187427","6","50717397","-0.0307","0.2981","A"
"4","Trait5","mrMLM","PstI.TP842596","6","50718992","0.114","0.969","A"
"4","Trait5","mrMLM","PstI.TP1153555","6","50719036","7.4358e-06","0.0016","A"
"4","Trait5","mrMLM","NsiI.TP731603","6","50725152","0.1743","0.664","A"
"4","Trait5","mrMLM","PstI.TP991419","6","50741907","-1.563e-05","0.0034","C"
"4","Trait5","mrMLM","PstI.TP246520","6","50756101","0.1823","1.2789","C"
"4","Trait5","mrMLM","PstI.TP246519","6","50756116","-1.2622e-05","0.0028","G"
"4","Trait5","mrMLM","NsiI.TP679263","6","50786122","-5.8011e-06","0.0013","A"
"4","Trait5","mrMLM","NsiI.TP731345","6","50796587","3.9664e-05","0.0087","C"
"4","Trait5","mrMLM","PstI.TP258461","6","50806018","-2.4463e-05","0.0054","A"
"4","Trait5","mrMLM","NsiI.TP338802","6","50829506","4.3056e-05","0.0095","A"
"4","Trait5","mrMLM","NsiI.TP726637","6","50830512","-1.4282e-05","0.0031","A"
"4","Trait5","mrMLM","PstI.TP879271","6","50839476","5.6032e-06","0.0012","G"
"4","Trait5","mrMLM","NsiI.TP713936","6","50840708","2.7541e-05","0.006","C"
"4","Trait5","mrMLM","NsiI.TP14721","6","50852353","-1.9104e-05","0.0042","A"
"4","Trait5","mrMLM","PstI.TP366965","6","50852622","3.9801e-06","9e-04","A"
"4","Trait5","mrMLM","PstI.TP469702","6","50857851","1.622e-05","0.0035","A"
"4","Trait5","mrMLM","PstI.TP25770","6","50857912","9.541e-06","0.0021","A"
"4","Trait5","mrMLM","NsiI.TP316955","6","50868928","-2.2685e-05","0.005","A"
"4","Trait5","mrMLM","PstI.TP892524","6","50881643","-1.5314e-05","0.0033","G"
"4","Trait5","mrMLM","PstI.TP126255","6","50898138","-3.127e-05","0.0069","C"
"4","Trait5","mrMLM","PstI.TP1270543","6","50902738","9.8091e-06","0.0021","A"
"4","Trait5","mrMLM","NsiI.TP55728","6","50916115","3.9364e-06","9e-04","A"
"4","Trait5","mrMLM","PstI.TP307695","6","50924396","-5e-04","0.0326","A"
"4","Trait5","mrMLM","NsiI.TP633969","6","50924460","-2.74e-05","0.006","C"
"4","Trait5","mrMLM","PstI.TP443768","6","50933118","1.123e-05","0.0025","C"
"4","Trait5","mrMLM","PstI.TP312541","6","50942101","1.6397e-05","0.0036","A"
"4","Trait5","mrMLM","PstI.TP1238303","6","50987036","2.5663e-05","0.0056","A"
"4","Trait5","mrMLM","PstI.TP1068503","6","51040875","5.6824e-06","0.0012","C"
"4","Trait5","mrMLM","PstI.TP681191","6","51040947","-0.0572","0.479","C"
"4","Trait5","mrMLM","PstI.TP440018","6","51066310","2.5151e-05","0.0055","A"
"4","Trait5","mrMLM","PstI.TP714411","6","51076791","0.0131","0.1852","C"
"4","Trait5","mrMLM","NsiI.TP219814","6","51089072","-2.4317e-06","5e-04","C"
"4","Trait5","mrMLM","NsiI.TP340582","6","51089131","-1.2355e-05","0.0027","C"
"4","Trait5","mrMLM","PstI.TP71730","6","51102537","-1.4107e-05","0.0031","C"
"4","Trait5","mrMLM","PstI.TP1003821","6","51107432","-7.0307e-07","2e-04","G"
"4","Trait5","mrMLM","PstI.TP1199415","6","51107457","4.7927e-06","0.001","A"
"4","Trait5","mrMLM","PstI.TP836136","6","51107618","-0.0953","0.4041","A"
"4","Trait5","mrMLM","PstI.TP850973","6","51109376","0.058","0.4487","C"
"4","Trait5","mrMLM","NsiI.TP13523","6","51113711","-5.3907e-06","0.0012","G"
"4","Trait5","mrMLM","NsiI.TP819237","6","51119337","-2.2468e-06","5e-04","G"
"4","Trait5","mrMLM","NsiI.TP592440","6","51119810","0.0017","0.0626","A"
"4","Trait5","mrMLM","PstI.TP55941","6","51146867","-0.0732","0.7399","C"
"4","Trait5","mrMLM","PstI.TP480160","6","51153057","1.6231e-06","4e-04","A"
"4","Trait5","mrMLM","PstI.TP1064193","6","51162364","7.3106e-06","0.0016","A"
"4","Trait5","mrMLM","NsiI.TP460532","6","51172499","-2.6175e-06","6e-04","A"
"4","Trait5","mrMLM","PstI.TP347563","6","51192256","-0.06","0.6836","C"
"4","Trait5","mrMLM","PstI.TP404885","6","51199851","3.1115e-06","7e-04","A"
"4","Trait5","mrMLM","PstI.TP163135","6","51199921","-7.4537e-06","0.0016","A"
"4","Trait5","mrMLM","NsiI.TP433903","6","51207945","2.3122e-06","5e-04","C"
"4","Trait5","mrMLM","NsiI.TP475060","6","51218869","-3.9334e-06","9e-04","A"
"4","Trait5","mrMLM","PstI.TP820982","6","51231752","1.3211e-05","0.0029","C"
"4","Trait5","mrMLM","PstI.TP20137","6","51236802","1.0318e-05","0.0023","C"
"4","Trait5","mrMLM","PstI.TP475426","6","51284047","-4.0721e-06","9e-04","A"
"4","Trait5","mrMLM","PstI.TP993917","6","51291746","3.722e-06","8e-04","A"
"4","Trait5","mrMLM","NsiI.TP48582","6","51307361","-0.0296","0.231","A"
"4","Trait5","mrMLM","NsiI.TP672241","6","51315716","-3.5285e-06","8e-04","C"
"4","Trait5","mrMLM","PstI.TP649912","6","51348089","-0.0246","0.261","A"
"4","Trait5","mrMLM","PstI.TP1193354","6","51349381","-1.3348e-05","0.0029","C"
"4","Trait5","mrMLM","PstI.TP995004","6","51365761","-2.1443e-05","0.0047","C"
"4","Trait5","mrMLM","PstI.TP778067","6","51371811","-1.525e-05","0.0033","A"
"4","Trait5","mrMLM","PstI.TP986730","6","51371856","-6.7959e-06","0.0015","C"
"4","Trait5","mrMLM","PstI.TP169157","6","51410234","-1.8772e-06","4e-04","G"
"4","Trait5","mrMLM","PstI.TP871031","6","51418353","9.6649e-06","0.0021","A"
"4","Trait5","mrMLM","PstI.TP871221","6","51418361","-4.7284e-06","0.001","A"
"4","Trait5","mrMLM","PstI.TP852932","6","51418844","-6.3743e-07","1e-04","C"
"4","Trait5","mrMLM","PstI.TP190034","6","51418895","-2.1798e-05","0.0048","A"
"4","Trait5","mrMLM","PstI.TP186746","6","51425899","1.1094e-05","0.0024","A"
"4","Trait5","mrMLM","PstI.TP887215","6","51434149","7.5467e-06","0.0016","C"
"4","Trait5","mrMLM","PstI.TP887249","6","51434179","-7.0095e-07","2e-04","C"
"4","Trait5","mrMLM","PstI.TP1048409","6","51452539","2.6188e-05","0.0057","A"
"4","Trait5","mrMLM","PstI.TP121294","6","51465767","-7.6529e-06","0.0017","C"
"4","Trait5","mrMLM","PstI.TP712677","6","51466151","-9.3165e-06","0.002","A"
"4","Trait5","mrMLM","NsiI.TP662292","6","51468327","-3.2704e-06","7e-04","A"
"4","Trait5","mrMLM","PstI.TP715170","6","51477432","-2.0416e-05","0.0045","C"
"4","Trait5","mrMLM","PstI.TP668820","6","51477907","-1.8789e-05","0.0041","C"
"4","Trait5","mrMLM","PstI.TP908097","6","51483559","-1.3389e-05","0.0029","C"
"4","Trait5","mrMLM","PstI.TP981154","6","51492713","-3.8559e-06","8e-04","A"
"4","Trait5","mrMLM","PstI.TP1201184","6","51500444","-2.3247e-05","0.0051","A"
"4","Trait5","mrMLM","PstI.TP16576","6","51508909","-5.4982e-06","0.0012","A"
"4","Trait5","mrMLM","PstI.TP569629","6","51517308","-2.2559e-05","0.0049","A"
"4","Trait5","mrMLM","PstI.TP857301","6","51532579","2.0423e-05","0.0045","A"
"4","Trait5","mrMLM","PstI.TP134805","6","51534276","1.3783e-05","0.003","C"
"4","Trait5","mrMLM","NsiI.TP747778","6","51534879","3.222e-05","0.0071","C"
"4","Trait5","mrMLM","NsiI.TP521871","6","51536242","8.7553e-06","0.0019","C"
"4","Trait5","mrMLM","NsiI.TP407405","6","51544211","8.5879e-06","0.0019","A"
"4","Trait5","mrMLM","PstI.TP1076425","6","51544246","2.0789e-05","0.0045","C"
"4","Trait5","mrMLM","PstI.TP945188","6","51544818","0.0421","0.3231","C"
"4","Trait5","mrMLM","PstI.TP220189","6","51554075","0.04","0.3124","A"
"4","Trait5","mrMLM","PstI.TP249621","6","51555200","0.1379","1.4678","C"
"4","Trait5","mrMLM","NsiI.TP655380","6","51570982","-2.502e-05","0.0055","A"
"4","Trait5","mrMLM","GFSSContig12763_195","6","51595863","-6.7759e-06","0.0015","A"
"4","Trait5","mrMLM","NsiI.TP215656","6","51625467","1.6911e-05","0.0037","A"
"4","Trait5","mrMLM","NsiI.TP356506","6","51645664","-0.0373","0.3654","C"
"4","Trait5","mrMLM","NsiI.TP500719","6","51662264","0.1775","1.3713","C"
"4","Trait5","mrMLM","PstI.TP943663","6","51672811","-7.22e-06","0.0016","C"
"4","Trait5","mrMLM","PstI.TP891455","6","51677486","-0.1485","0.6549","A"
"4","Trait5","mrMLM","NsiI.TP101967","6","51681658","-1.9686e-05","0.0043","A"
"4","Trait5","mrMLM","NsiI.TP686169","6","51683190","-1.981e-06","4e-04","A"
"4","Trait5","mrMLM","NsiI.TP760524","6","51683874","1.0441e-05","0.0023","C"
"4","Trait5","mrMLM","NsiI.TP345067","6","51684719","-1.648e-05","0.0036","A"
"4","Trait5","mrMLM","PstI.TP65187","6","51685319","-3.0639e-05","0.0067","A"
"4","Trait5","mrMLM","PstI.TP65189","6","51685338","-1.5569e-05","0.0034","G"
"4","Trait5","mrMLM","NsiI.TP444093","6","51719029","-6.4853e-06","0.0014","C"
"4","Trait5","mrMLM","NsiI.TP732074","6","51754135","-4.8289e-06","0.0011","C"
"4","Trait5","mrMLM","NsiI.TP271266","6","51789514","-0.1457","1.022","C"
"4","Trait5","mrMLM","PstI.TP494963","6","51798597","0.0088","0.1482","C"
"4","Trait5","mrMLM","PstI.TP86408","6","51800225","-1.5407e-05","0.0034","A"
"4","Trait5","mrMLM","PstI.TP1295715","6","51800663","-9.6263e-07","2e-04","A"
"4","Trait5","mrMLM","PstI.TP958269","6","51804504","1.6946e-05","0.0037","C"
"4","Trait5","mrMLM","PstI.TP523226","6","51848443","-1.529e-05","0.0033","A"
"4","Trait5","mrMLM","NsiI.TP41019","6","51864695","0.0857","0.7195","C"
"4","Trait5","mrMLM","PstI.TP942201","6","51864974","1.6597e-05","0.0036","A"
"4","Trait5","mrMLM","PstI.TP585000","6","51865026","-2.6692e-06","6e-04","A"
"4","Trait5","mrMLM","PstI.TP684139","6","51865090","3.1578e-05","0.0069","A"
"4","Trait5","mrMLM","PstI.TP486999","6","51865961","-5.4264e-06","0.0012","G"
"4","Trait5","mrMLM","NsiI.TP34195","6","51866048","5.4721e-06","0.0012","A"
"4","Trait5","mrMLM","NsiI.TP503258","6","51868615","0.0634","0.4659","G"
"4","Trait5","mrMLM","NsiI.TP716559","6","51868667","1.6678e-05","0.0036","C"
"4","Trait5","mrMLM","PstI.TP449476","6","51870296","1.5487e-05","0.0034","A"
"4","Trait5","mrMLM","PstI.TP104721","6","51870344","-2.9002e-06","6e-04","A"
"4","Trait5","mrMLM","NsiI.TP173400","6","51870471","-4.8336e-06","0.0011","A"
"4","Trait5","mrMLM","PstI.TP1025940","6","51870695","0.0433","0.453","C"
"4","Trait5","mrMLM","PstI.TP638558","6","51870866","-2.0778e-06","5e-04","A"
"4","Trait5","mrMLM","PstI.TP966469","6","51873093","1.1801e-05","0.0026","A"
"4","Trait5","mrMLM","PstI.TP839649","6","51874085","-0.0609","0.4411","G"
"4","Trait5","mrMLM","PstI.TP532588","6","51874123","-2.005e-05","0.0044","A"
"4","Trait5","mrMLM","PstI.TP830821","6","51874136","2.6008e-06","6e-04","C"
"4","Trait5","mrMLM","NsiI.TP42726","6","51878486","0.1282","1.4605","C"
"4","Trait5","mrMLM","PstI.TP66012","6","51878553","-9.8074e-06","0.0021","A"
"4","Trait5","mrMLM","NsiI.TP222368","6","51878605","0.0556","0.4225","A"
"4","Trait5","mrMLM","NsiI.TP408746","6","51882283","-8.7871e-06","0.0019","A"
"4","Trait5","mrMLM","NsiI.TP215547","6","51882366","1.5508e-05","0.0034","A"
"4","Trait5","mrMLM","PstI.TP533582","6","51887320","-1.8778e-05","0.0041","A"
"4","Trait5","mrMLM","PstI.TP171590","6","51900644","1.2803e-05","0.0028","C"
"4","Trait5","mrMLM","PstI.TP316808","6","51911205","5.5746e-06","0.0012","A"
"4","Trait5","mrMLM","NsiI.TP830728","6","51913016","-0.1523","0.988","C"
"4","Trait5","mrMLM","NsiI.TP530730","6","51917233","-4.3183e-06","9e-04","C"
"4","Trait5","mrMLM","PstI.TP1010538","6","51920059","4.2422e-07","9.2337e-05","C"
"4","Trait5","mrMLM","PstI.TP114435","6","51935989","1.1554e-05","0.0025","A"
"4","Trait5","mrMLM","PstI.TP114440","6","51936004","-1.2295e-06","3e-04","A"
"4","Trait5","mrMLM","PstI.TP377968","6","51952510","-0.0394","0.2743","A"
"4","Trait5","mrMLM","PstI.TP255344","6","51975189","-1.0261e-05","0.0022","C"
"4","Trait5","mrMLM","PstI.TP888818","6","51991433","1.2475e-05","0.0027","C"
"4","Trait5","mrMLM","PstI.TP1123529","6","52002355","2.2665e-05","0.005","A"
"4","Trait5","mrMLM","PstI.TP266628","6","52008542","-1.7187e-05","0.0038","A"
"4","Trait5","mrMLM","PstI.TP296200","6","52008547","1.7896e-05","0.0039","C"
"4","Trait5","mrMLM","PstI.TP924149","6","52031747","-0.035","0.2522","A"
"4","Trait5","mrMLM","NsiI.TP571773","6","52036524","-1.346e-05","0.0029","A"
"4","Trait5","mrMLM","PstI.TP504094","6","52090786","0.0542","0.4859","G"
"4","Trait5","mrMLM","NsiI.TP312196","6","52107659","-0.0651","0.4462","C"
"4","Trait5","mrMLM","PstI.TP633796","6","52110966","-0.0664","0.779","A"
"4","Trait5","mrMLM","PstI.TP10427","6","52112058","9.0734e-06","0.002","C"
"4","Trait5","mrMLM","NsiI.TP469440","6","52124712","0.3871","2.0451","A"
"4","Trait5","mrMLM","NsiI.TP469438","6","52124718","-2.5322e-05","0.0055","C"
"4","Trait5","mrMLM","PstI.TP526907","6","52143728","0.07","0.3807","A"
"4","Trait5","mrMLM","PstI.TP77119","6","52143791","5.8804e-06","0.0013","C"
"4","Trait5","mrMLM","GFSSContig13409_253","6","52159760","3.0373e-05","0.0067","A"
"4","Trait5","mrMLM","GFSSContig9469_436","6","52187471","2.4048e-05","0.0053","A"
"4","Trait5","mrMLM","GFSSContig9469_613","6","52187648","2.2781e-05","0.005","A"
"4","Trait5","mrMLM","GFSSContig9469_821","6","52187856","-3.31e-05","0.0073","A"
"4","Trait5","mrMLM","NsiI.TP201378","6","52187948","-0.1634","0.7103","C"
"4","Trait5","mrMLM","PstI.TP1197982","6","52196793","-0.0012","0.0463","A"
"4","Trait5","mrMLM","NsiI.TP360462","6","52212449","-5.6346e-06","0.0012","C"
"4","Trait5","mrMLM","NsiI.TP705986","6","52282662","3.3333e-06","7e-04","A"
"4","Trait5","mrMLM","PstI.TP639577","6","52285273","-5.3856e-06","0.0012","A"
"4","Trait5","mrMLM","NsiI.TP825036","6","52294145","3.0567e-05","0.0067","C"
"4","Trait5","mrMLM","PstI.TP1131586","6","52294517","1.5005e-05","0.0033","C"
"4","Trait5","mrMLM","NsiI.TP488986","6","52297793","3.5769e-05","0.0079","A"
"4","Trait5","mrMLM","PstI.TP1192071","6","52303000","4.0625e-06","9e-04","G"
"4","Trait5","mrMLM","PstI.TP843955","6","52307437","-0.1997","0.6684","C"
"4","Trait5","mrMLM","PstI.TP1268195","6","52307532","-8.8044e-06","0.0019","C"
"4","Trait5","mrMLM","PstI.TP222082","6","52323612","-0.0456","0.5453","C"
"4","Trait5","mrMLM","NsiI.TP426330","6","52325878","0.1343","1.1928","A"
"4","Trait5","mrMLM","PstI.TP52046","6","52358725","3.2864e-06","7e-04","A"
"4","Trait5","mrMLM","NsiI.TP66301","6","52369682","1.4685e-05","0.0032","C"
"4","Trait5","mrMLM","PstI.TP195322","6","52370018","0.1442","0.7773","C"
"4","Trait5","mrMLM","NsiI.TP550662","6","52420127","1.5933e-05","0.0035","C"
"4","Trait5","mrMLM","PstI.TP695119","6","52429938","-5.1173e-07","1e-04","C"
"4","Trait5","mrMLM","NsiI.TP27541","6","52440356","-3.4175e-05","0.0075","G"
"4","Trait5","mrMLM","NsiI.TP825923","6","52448208","1.1876e-05","0.0026","C"
"4","Trait5","mrMLM","PstI.TP1150940","6","52448226","1.0127e-05","0.0022","C"
"4","Trait5","mrMLM","PstI.TP295987","6","52453564","0.0016","0.0437","A"
"4","Trait5","mrMLM","NsiI.TP711779","6","52472448","0.0723","0.5197","C"
"4","Trait5","mrMLM","PstI.TP706276","6","52495459","-5.7548e-06","0.0013","A"
"4","Trait5","mrMLM","NsiI.TP428790","6","52511790","1.2875e-05","0.0028","C"
"4","Trait5","mrMLM","NsiI.TP230929","6","52517473","-1.6731e-05","0.0037","A"
"4","Trait5","mrMLM","NsiI.TP240695","6","52520872","-7.3748e-06","0.0016","C"
"4","Trait5","mrMLM","PstI.TP1062830","6","52551820","-0.0258","0.2669","C"
"4","Trait5","mrMLM","NsiI.TP547695","6","52565577","-1.0654e-05","0.0023","A"
"4","Trait5","mrMLM","PstI.TP781623","6","52573298","-3.2773e-05","0.0072","C"
"4","Trait5","mrMLM","GFSSContig6121_100","6","52583057","1.2431e-05","0.0027","T"
"4","Trait5","mrMLM","NsiI.TP258449","6","52586789","9.811e-06","0.0021","A"
"4","Trait5","mrMLM","PstI.TP120497","6","52619918","0.053","0.3849","G"
"4","Trait5","mrMLM","PstI.TP1229909","6","52622926","7.0727e-06","0.0015","G"
"4","Trait5","mrMLM","PstI.TP662149","6","52628267","1.34e-05","0.0029","C"
"4","Trait5","mrMLM","PstI.TP530773","6","52628269","2.1006e-05","0.0046","A"
"4","Trait5","mrMLM","PstI.TP344327","6","52628333","-2.0008e-05","0.0044","C"
"4","Trait5","mrMLM","PstI.TP991117","6","52632284","-0.0318","0.2686","C"
"4","Trait5","mrMLM","PstI.TP172920","6","52640026","0.1369","1.1903","A"
"4","Trait5","mrMLM","PstI.TP172918","6","52640073","1.6993e-05","0.0037","C"
"4","Trait5","mrMLM","NsiI.TP484068","6","52664567","-0.024","0.3094","C"
"4","Trait5","mrMLM","PstI.TP438569","6","52665117","0.0427","0.4395","A"
"4","Trait5","mrMLM","PstI.TP983468","6","52676712","1.2467e-05","0.0027","A"
"4","Trait5","mrMLM","NsiI.TP127225","6","52679482","2.446e-06","5e-04","A"
"4","Trait5","mrMLM","PstI.TP985277","6","52682783","-1.0624e-05","0.0023","A"
"4","Trait5","mrMLM","NsiI.TP665675","6","52689372","8.8469e-06","0.0019","C"
"4","Trait5","mrMLM","NsiI.TP586371","6","52721733","-2.8235e-05","0.0062","C"
"4","Trait5","mrMLM","PstI.TP802301","6","52723072","-0.0578","0.5111","A"
"4","Trait5","mrMLM","NsiI.TP167249","6","52723638","-1.4781e-05","0.0032","C"
"4","Trait5","mrMLM","PstI.TP1238728","6","52736395","-2.5952e-06","6e-04","A"
"4","Trait5","mrMLM","NsiI.TP439440","6","52740884","-2.2562e-05","0.0049","C"
"4","Trait5","mrMLM","NsiI.TP439466","6","52740911","-2.7839e-05","0.0061","C"
"4","Trait5","mrMLM","NsiI.TP514947","6","52754787","-0.125","0.4561","A"
"4","Trait5","mrMLM","PstI.TP160815","6","52755961","3.2704e-06","7e-04","A"
"4","Trait5","mrMLM","PstI.TP537230","6","52756362","-2.7573e-06","6e-04","C"
"4","Trait5","mrMLM","PstI.TP496074","6","52784258","-0.107","0.5295","C"
"4","Trait5","mrMLM","PstI.TP435100","6","52788813","1.1841e-05","0.0026","C"
"4","Trait5","mrMLM","NsiI.TP269670","6","52795046","7.4631e-06","0.0016","C"
"4","Trait5","mrMLM","NsiI.TP573685","6","52797540","1.244e-05","0.0027","A"
"4","Trait5","mrMLM","PstI.TP1223585","6","52808467","1.2668e-05","0.0028","A"
"4","Trait5","mrMLM","PstI.TP9330","6","52834357","-3.4217e-06","7e-04","A"
"4","Trait5","mrMLM","PstI.TP139094","6","52834413","2.1439e-05","0.0047","G"
"4","Trait5","mrMLM","NsiI.TP442321","6","52858148","-1.5765e-05","0.0034","A"
"4","Trait5","mrMLM","PstI.TP529562","6","52861619","-5.605e-06","0.0012","G"
"4","Trait5","mrMLM","NsiI.TP489469","6","52865180","0.0087","0.1343","G"
"4","Trait5","mrMLM","NsiI.TP338128","6","52871236","9.2656e-06","0.002","C"
"4","Trait5","mrMLM","NsiI.TP810468","6","52878123","-3.9597e-06","9e-04","A"
"4","Trait5","mrMLM","PstI.TP716078","6","52929303","9.4296e-06","0.0021","A"
"4","Trait5","mrMLM","NsiI.TP625243","6","52943175","2.6683e-05","0.0058","G"
"4","Trait5","mrMLM","NsiI.TP397548","6","52965346","-0.0028","0.066","C"
"4","Trait5","mrMLM","NsiI.TP153092","6","52972826","1.5169e-05","0.0033","A"
"4","Trait5","mrMLM","PstI.TP851309","6","52995974","1.3605e-05","0.003","C"
"4","Trait5","mrMLM","PstI.TP362917","6","53015143","2.1464e-05","0.0047","C"
"4","Trait5","mrMLM","PstI.TP88922","6","53024337","-8.3812e-06","0.0018","A"
"4","Trait5","mrMLM","NsiI.TP219","6","53036374","-1.7343e-05","0.0038","A"
"4","Trait5","mrMLM","PstI.TP1256104","6","53049386","-8.2249e-06","0.0018","A"
"4","Trait5","mrMLM","PstI.TP1152363","6","53062666","-5.1964e-06","0.0011","C"
"4","Trait5","mrMLM","NsiI.TP359278","6","53064783","0.143","0.918","C"
"4","Trait5","mrMLM","PstI.TP1094597","6","53079396","-6.8052e-06","0.0015","A"
"4","Trait5","mrMLM","PstI.TP1234396","6","53098321","0.0052","0.0663","A"
"4","Trait5","mrMLM","NsiI.TP51476","6","53107093","0.0068","0.0721","A"
"4","Trait5","mrMLM","PstI.TP858345","6","53110950","-2.4711e-05","0.0054","G"
"4","Trait5","mrMLM","PstI.TP479087","6","53129189","-2.8015e-05","0.0061","A"
"4","Trait5","mrMLM","PstI.TP246126","6","53131353","-0.0488","0.5491","G"
"4","Trait5","mrMLM","PstI.TP1242416","6","53158527","1.1039e-05","0.0024","A"
"4","Trait5","mrMLM","PstI.TP515787","6","53158567","1.284e-05","0.0028","A"
"4","Trait5","mrMLM","PstI.TP824845","6","53159275","6.6143e-06","0.0014","A"
"4","Trait5","mrMLM","PstI.TP302384","6","53169269","8.7908e-06","0.0019","C"
"4","Trait5","mrMLM","PstI.TP684828","6","53177527","-0.1028","0.7593","A"
"4","Trait5","mrMLM","NsiI.TP229745","6","53177812","-0.176","0.8653","A"
"4","Trait5","mrMLM","PstI.TP228722","6","53186052","-0.0384","0.4371","C"
"4","Trait5","mrMLM","NsiI.TP272116","6","53187069","-1.009e-06","2e-04","C"
"4","Trait5","mrMLM","NsiI.TP628684","6","53188407","-6.1599e-06","0.0013","A"
"4","Trait5","mrMLM","NsiI.TP428410","6","53197285","-3.2519e-05","0.0071","A"
"4","Trait5","mrMLM","PstI.TP637885","6","53197341","4.846e-06","0.0011","A"
"4","Trait5","mrMLM","PstI.TP638277","6","53197341","-1.0344e-05","0.0023","A"
"4","Trait5","mrMLM","NsiI.TP520478","6","53224494","-1.3306e-05","0.0029","C"
"4","Trait5","mrMLM","PstI.TP743713","6","53247540","1.0352e-05","0.0023","C"
"4","Trait5","mrMLM","PstI.TP58590","6","53247747","1.3364e-05","0.0029","A"
"4","Trait5","mrMLM","PstI.TP928840","6","53247769","1.9371e-05","0.0042","A"
"4","Trait5","mrMLM","PstI.TP308464","6","53266751","-1.024e-05","0.0022","A"
"4","Trait5","mrMLM","PstI.TP579760","6","53267780","-1.463e-05","0.0032","A"
"4","Trait5","mrMLM","NsiI.TP328860","6","53267974","1.5881e-05","0.0035","A"
"4","Trait5","mrMLM","NsiI.TP737742","6","53268435","2.1091e-06","5e-04","G"
"4","Trait5","mrMLM","PstI.TP357347","6","53284826","0.0439","0.4005","A"
"4","Trait5","mrMLM","PstI.TP798331","6","53285573","6.1423e-06","0.0013","C"
"4","Trait5","mrMLM","PstI.TP1191515","6","53298402","-5.3236e-06","0.0012","A"
"4","Trait5","mrMLM","PstI.TP788128","6","53306322","1.4016e-05","0.0031","A"
"4","Trait5","mrMLM","PstI.TP788121","6","53306350","-2.4459e-05","0.0054","A"
"4","Trait5","mrMLM","PstI.TP788125","6","53306351","-8.036e-06","0.0018","C"
"4","Trait5","mrMLM","NsiI.TP646964","6","53312727","0.0176","0.1566","C"
"4","Trait5","mrMLM","PstI.TP272941","6","53317238","-1.7217e-05","0.0038","A"
"4","Trait5","mrMLM","PstI.TP598190","6","53317495","-0.1566","0.8179","C"
"4","Trait5","mrMLM","NsiI.TP497344","6","53336116","1.4761e-06","3e-04","C"
"4","Trait5","mrMLM","PstI.TP1085374","6","53340884","-2.8633e-05","0.0063","A"
"4","Trait5","mrMLM","PstI.TP237025","6","53343945","1.7492e-05","0.0038","A"
"4","Trait5","mrMLM","NsiI.TP448754","6","53389461","9.1775e-06","0.002","C"
"4","Trait5","mrMLM","PstI.TP893577","6","53399705","-1.3967e-05","0.0031","A"
"4","Trait5","mrMLM","NsiI.TP344884","6","53402487","-0.1284","0.8805","A"
"4","Trait5","mrMLM","PstI.TP1039032","6","53403067","1.3467e-05","0.0029","C"
"4","Trait5","mrMLM","PstI.TP1178662","6","53411929","-1.2166e-05","0.0027","C"
"4","Trait5","mrMLM","NsiI.TP291476","6","53416065","-1.0787e-05","0.0024","A"
"4","Trait5","mrMLM","PstI.TP939005","6","53424207","6.8199e-06","0.0015","A"
"4","Trait5","mrMLM","PstI.TP346925","6","53442213","-2.9262e-05","0.0064","A"
"4","Trait5","mrMLM","PstI.TP794676","6","53505874","-1.0213e-05","0.0022","A"
"4","Trait5","mrMLM","PstI.TP210723","6","53519176","0.0395","0.453","C"
"4","Trait5","mrMLM","PstI.TP197038","6","53519320","-2.4336e-05","0.0053","A"
"4","Trait5","mrMLM","PstI.TP1286435","6","53545770","1.6374e-05","0.0036","A"
"4","Trait5","mrMLM","PstI.TP1292230","6","53549743","6.8197e-06","0.0015","C"
"4","Trait5","mrMLM","NsiI.TP762132","6","53557628","4.4022e-06","0.001","A"
"4","Trait5","mrMLM","NsiI.TP11579","6","53559605","-8.0276e-06","0.0018","C"
"4","Trait5","mrMLM","PstI.TP897043","6","53627507","-1.0131e-05","0.0022","G"
"4","Trait5","mrMLM","PstI.TP856178","6","53627563","5.2082e-06","0.0011","G"
"4","Trait5","mrMLM","PstI.TP1234581","6","53627805","-0.0508","0.6234","C"
"4","Trait5","mrMLM","PstI.TP596305","6","53628119","2.3188e-07","5.0462e-05","A"
"4","Trait5","mrMLM","PstI.TP779645","6","53639810","-0.1479","0.6633","C"
"4","Trait5","mrMLM","NsiI.TP581948","6","53644505","-0.1094","0.4789","A"
"4","Trait5","mrMLM","NsiI.TP762234","6","53672648","-0.0396","0.3014","A"
"4","Trait5","mrMLM","NsiI.TP258072","6","53673268","0.0228","0.2023","A"
"4","Trait5","mrMLM","PstI.TP208272","6","53679758","-2.4001e-05","0.0053","A"
"4","Trait5","mrMLM","NsiI.TP575998","6","53682293","0.0982","0.3836","C"
"4","Trait5","mrMLM","NsiI.TP306861","6","53689717","-0.0805","0.6965","C"
"4","Trait5","mrMLM","PstI.TP720344","6","53705499","-1.4954e-05","0.0033","C"
"4","Trait5","mrMLM","PstI.TP525574","6","53705599","8.468e-06","0.0018","A"
"4","Trait5","mrMLM","PstI.TP883892","6","53713879","0.0243","0.297","A"
"4","Trait5","mrMLM","NsiI.TP540658","6","53721369","-0.0614","0.3689","A"
"4","Trait5","mrMLM","PstI.TP1245956","6","53760660","-0.2023","1.1513","G"
"4","Trait5","mrMLM","NsiI.TP81900","6","53761576","1.9879e-05","0.0043","A"
"4","Trait5","mrMLM","NsiI.TP760131","6","53763092","-1.2891e-05","0.0028","A"
"4","Trait5","mrMLM","PstI.TP873339","6","53763609","0.033","0.3952","C"
"4","Trait5","mrMLM","NsiI.TP301504","6","53764942","3.3208e-05","0.0073","C"
"4","Trait5","mrMLM","PstI.TP399838","6","53796730","-0.086","0.3661","A"
"4","Trait5","mrMLM","PstI.TP469520","6","53807168","1.7238e-05","0.0038","A"
"4","Trait5","mrMLM","NsiI.TP729815","6","53813524","0.1675","0.955","G"
"4","Trait5","mrMLM","PstI.TP404038","6","53848452","-1.5877e-05","0.0035","A"
"4","Trait5","mrMLM","NsiI.TP416262","6","53863661","-4.6064e-05","0.0101","C"
"4","Trait5","mrMLM","PstI.TP439429","6","53870612","6.5969e-06","0.0014","C"
"4","Trait5","mrMLM","PstI.TP56699","6","53871362","9.8466e-06","0.0021","A"
"4","Trait5","mrMLM","PstI.TP743110","6","53873580","0.1785","0.5772","C"
"4","Trait5","mrMLM","NsiI.TP218830","6","53878800","0.049","0.4804","A"
"4","Trait5","mrMLM","PstI.TP614890","6","53887963","-1.8079e-05","0.004","C"
"4","Trait5","mrMLM","NsiI.TP171912","6","53905973","-1.6201e-05","0.0035","A"
"4","Trait5","mrMLM","NsiI.TP400628","6","53906451","-1.7071e-05","0.0037","A"
"4","Trait5","mrMLM","NsiI.TP35251","6","53938007","3.0002e-05","0.0066","A"
"4","Trait5","mrMLM","NsiI.TP183807","6","53940404","1.9643e-05","0.0043","C"
"4","Trait5","mrMLM","PstI.TP704464","6","53941417","-2.1182e-05","0.0046","A"
"4","Trait5","mrMLM","NsiI.TP557030","6","53942913","0.1042","1.3701","C"
"4","Trait5","mrMLM","NsiI.TP120412","6","53945605","-2.2255e-05","0.0049","A"
"4","Trait5","mrMLM","PstI.TP318643","6","53946053","-9.6498e-06","0.0021","C"
"4","Trait5","mrMLM","NsiI.TP626321","6","53948965","-0.0286","0.2927","A"
"4","Trait5","mrMLM","PstI.TP65243","6","53953020","0.089","0.5454","A"
"4","Trait5","mrMLM","NsiI.TP338280","6","53961287","-2.4971e-05","0.0055","C"
"4","Trait5","mrMLM","NsiI.TP802181","6","53987187","-1.5134e-05","0.0033","A"
"4","Trait5","mrMLM","PstI.TP329023","6","54015333","1.1082e-05","0.0024","G"
"4","Trait5","mrMLM","NsiI.TP750432","6","54020453","-1.7437e-05","0.0038","A"
"4","Trait5","mrMLM","PstI.TP904090","6","54037026","-2.9857e-06","7e-04","A"
"4","Trait5","mrMLM","NsiI.TP344126","6","54048340","1.8115e-05","0.004","C"
"4","Trait5","mrMLM","NsiI.TP330359","6","54050434","-4.6136e-06","0.001","A"
"4","Trait5","mrMLM","PstI.TP76770","6","54052803","-1.9704e-05","0.0043","A"
"4","Trait5","mrMLM","PstI.TP810203","6","54055375","2.4548e-05","0.0054","A"
"4","Trait5","mrMLM","PstI.TP810202","6","54055376","2.5969e-05","0.0057","A"
"4","Trait5","mrMLM","NsiI.TP433054","6","54071547","-0.0183","0.1853","C"
"4","Trait5","mrMLM","NsiI.TP755095","6","54072481","-1.3698e-05","0.003","A"
"4","Trait5","mrMLM","GFSSContig10367_393","6","54082286","-3.6546e-05","0.008","T"
"4","Trait5","mrMLM","PstI.TP634541","6","54097354","-2.3419e-05","0.0051","C"
"4","Trait5","mrMLM","PstI.TP508946","6","54123016","-0.0406","0.3195","C"
"4","Trait5","mrMLM","PstI.TP772243","6","54123487","0.278","1.1431","A"
"4","Trait5","mrMLM","PstI.TP851322","6","54127710","0.0341","0.4066","A"
"4","Trait5","mrMLM","PstI.TP21221","6","54141313","0.0021","0.0635","A"
"4","Trait5","mrMLM","PstI.TP295375","6","54155182","-1.6561e-05","0.0036","A"
"4","Trait5","mrMLM","NsiI.TP367055","6","54157808","-2.8595e-05","0.0063","C"
"4","Trait5","mrMLM","PstI.TP631340","6","54158095","1.8233e-05","0.004","C"
"4","Trait5","mrMLM","PstI.TP622020","6","54188391","-1.2711e-05","0.0028","A"
"4","Trait5","mrMLM","PstI.TP325884","6","54190678","-2.3126e-06","5e-04","C"
"4","Trait5","mrMLM","PstI.TP1222031","6","54195551","-0.0088","0.1383","A"
"4","Trait5","mrMLM","PstI.TP644926","6","54202311","-8.538e-06","0.0019","A"
"4","Trait5","mrMLM","NsiI.TP411473","6","54202838","3.3697e-05","0.0074","A"
"4","Trait5","mrMLM","NsiI.TP770846","6","54209613","1.4931e-05","0.0033","C"
"4","Trait5","mrMLM","NsiI.TP770845","6","54209651","-0.0931","0.9108","C"
"4","Trait5","mrMLM","NsiI.TP67724","6","54210139","0.0732","0.579","C"
"4","Trait5","mrMLM","NsiI.TP722912","6","54210308","-6.4439e-06","0.0014","A"
"4","Trait5","mrMLM","PstI.TP966312","6","54237208","1.8332e-06","4e-04","C"
"4","Trait5","mrMLM","PstI.TP1103210","6","54246679","-1.9042e-05","0.0042","C"
"4","Trait5","mrMLM","NsiI.TP816689","6","54249219","-2.4702e-05","0.0054","A"
"4","Trait5","mrMLM","NsiI.TP172355","6","54256756","0.0663","0.6872","C"
"4","Trait5","mrMLM","PstI.TP945766","6","54258844","-5.5596e-06","0.0012","C"
"4","Trait5","mrMLM","PstI.TP815094","6","54259955","-4.6626e-06","0.001","G"
"4","Trait5","mrMLM","PstI.TP168418","6","54268199","1.2624e-05","0.0028","A"
"4","Trait5","mrMLM","PstI.TP166168","6","54279658","-1.5894e-05","0.0035","A"
"4","Trait5","mrMLM","PstI.TP263495","6","54279732","1.7811e-06","4e-04","A"
"4","Trait5","mrMLM","PstI.TP738790","6","54282001","-0.0392","0.3176","A"
"4","Trait5","mrMLM","NsiI.TP459094","6","54308423","0.0462","0.4978","C"
"4","Trait5","mrMLM","PstI.TP721446","6","54310020","-8.2351e-06","0.0018","A"
"4","Trait5","mrMLM","GFSSContig7996_485","6","54332713","0.1079","1.2973","T"
"4","Trait5","mrMLM","NsiI.TP756872","6","54332821","7.7213e-06","0.0017","C"
"4","Trait5","mrMLM","PstI.TP694211","6","54345892","2.1379e-05","0.0047","A"
"4","Trait5","mrMLM","PstI.TP331302","6","54347113","8.5402e-06","0.0019","A"
"4","Trait5","mrMLM","PstI.TP478997","6","54359646","-3.8155e-05","0.0084","C"
"4","Trait5","mrMLM","PstI.TP373371","6","54361174","-1.6247e-05","0.0036","C"
"4","Trait5","mrMLM","PstI.TP270543","6","54368545","-1.0476e-05","0.0023","C"
"4","Trait5","mrMLM","PstI.TP1080029","6","54377110","2.1658e-05","0.0047","A"
"4","Trait5","mrMLM","NsiI.TP776836","6","54390021","-1.4965e-05","0.0033","A"
"4","Trait5","mrMLM","NsiI.TP339640","6","54390868","3.9606e-05","0.0087","C"
"4","Trait5","mrMLM","NsiI.TP59381","6","54443739","-6.9117e-06","0.0015","A"
"4","Trait5","mrMLM","PstI.TP915398","6","54443820","0.0216","0.2113","A"
"4","Trait5","mrMLM","PstI.TP262001","6","54443824","-2.0436e-06","4e-04","A"
"4","Trait5","mrMLM","PstI.TP347106","6","54444929","9.1503e-06","0.002","C"
"4","Trait5","mrMLM","NsiI.TP463939","6","54461185","1.0579e-05","0.0023","C"
"4","Trait5","mrMLM","NsiI.TP246795","6","54469372","-3.5673e-05","0.0078","G"
"4","Trait5","mrMLM","NsiI.TP6023","6","54469492","-0.1618","0.9506","C"
"4","Trait5","mrMLM","NsiI.TP64836","6","54475016","0.0535","0.5879","C"
"4","Trait5","mrMLM","PstI.TP275896","6","54476019","1.6733e-05","0.0037","C"
"4","Trait5","mrMLM","PstI.TP226763","6","54544255","8.5556e-06","0.0019","A"
"4","Trait5","mrMLM","PstI.TP732598","6","54563191","-0.0237","0.1913","C"
"4","Trait5","mrMLM","PstI.TP850814","6","54574014","2.5387e-05","0.0056","A"
"4","Trait5","mrMLM","NsiI.TP407534","6","54594690","0.0568","0.4203","A"
"4","Trait5","mrMLM","PstI.TP353846","6","54600911","-7.5087e-06","0.0016","A"
"4","Trait5","mrMLM","NsiI.TP760559","6","54602763","-5.6657e-06","0.0012","A"
"4","Trait5","mrMLM","PstI.TP835351","6","54605130","-0.0119","0.1305","C"
"4","Trait5","mrMLM","PstI.TP192180","6","54606330","1.5619e-05","0.0034","A"
"4","Trait5","mrMLM","NsiI.TP63095","6","54615764","-9.9546e-06","0.0022","C"
"4","Trait5","mrMLM","PstI.TP256301","6","54625457","-0.0242","0.2662","C"
"4","Trait5","mrMLM","PstI.TP709057","6","54629080","0.0926","1.0604","A"
"4","Trait5","mrMLM","NsiI.TP717045","6","54629613","0.0179","0.1556","C"
"4","Trait5","mrMLM","PstI.TP329058","6","54630469","-0.1241","0.6912","G"
"4","Trait5","mrMLM","NsiI.TP458860","6","54631251","-0.1167","0.8167","G"
"4","Trait5","mrMLM","PstI.TP316231","6","54638219","-1.92e-05","0.0042","A"
"4","Trait5","mrMLM","GFSSContig16360_390","6","54639185","3.2723e-05","0.0072","T"
"4","Trait5","mrMLM","PstI.TP775891","6","54654209","-0.0376","0.2834","G"
"4","Trait5","mrMLM","PstI.TP1171578","6","54654272","0.0126","0.1807","C"
"4","Trait5","mrMLM","NsiI.TP60018","6","54656433","-0.0115","0.1967","A"
"4","Trait5","mrMLM","PstI.TP627662","6","54656496","0.0883","0.9293","A"
"4","Trait5","mrMLM","PstI.TP931302","6","54662454","-3.0282e-05","0.0066","A"
"4","Trait5","mrMLM","GFSSContig20506_2030","6","54676069","2.3801e-05","0.0052","T"
"4","Trait5","mrMLM","NsiI.TP439324","6","54693400","-3.5485e-05","0.0078","C"
"4","Trait5","mrMLM","PstI.TP622467","6","54696934","-0.0214","0.1922","C"
"4","Trait5","mrMLM","PstI.TP289559","6","54709070","1.4322e-05","0.0031","A"
"4","Trait5","mrMLM","PstI.TP289558","6","54709097","-0.0723","0.7264","G"
"4","Trait5","mrMLM","PstI.TP30317","6","54709438","0.0389","0.4019","A"
"4","Trait5","mrMLM","PstI.TP30319","6","54709444","-8.898e-06","0.0019","C"
"4","Trait5","mrMLM","PstI.TP30142","6","54712768","3.7693e-08","8.2039e-06","C"
"4","Trait5","mrMLM","PstI.TP516914","6","54724469","1.4774e-05","0.0032","C"
"4","Trait5","mrMLM","NsiI.TP5016","6","54733699","-0.1536","0.9826","C"
"4","Trait5","mrMLM","PstI.TP955227","6","54733918","0.0309","0.2339","C"
"4","Trait5","mrMLM","PstI.TP516554","6","54750679","-9.4343e-07","2e-04","A"
"4","Trait5","mrMLM","PstI.TP493741","6","54776616","-0.0571","0.5045","C"
"4","Trait5","mrMLM","NsiI.TP523022","6","54782206","-2.1452e-05","0.0047","C"
"4","Trait5","mrMLM","PstI.TP202015","6","54802741","1.897e-05","0.0041","C"
"4","Trait5","mrMLM","PstI.TP549516","6","54825151","-0.1375","0.4696","C"
"4","Trait5","mrMLM","PstI.TP1288424","6","54838200","-2.3615e-05","0.0052","A"
"4","Trait5","mrMLM","PstI.TP1103361","6","54841469","4.65e-05","0.0102","G"
"4","Trait5","mrMLM","NsiI.TP744399","6","54887237","-1.4859e-05","0.0032","C"
"4","Trait5","mrMLM","PstI.TP1042728","6","54916919","-3.406e-05","0.0075","A"
"4","Trait5","mrMLM","NsiI.TP95031","6","54950661","1.1141e-06","2e-04","A"
"4","Trait5","mrMLM","NsiI.TP408453","6","54958791","-0.1481","0.7133","C"
"4","Trait5","mrMLM","PstI.TP7761","6","54965432","1.2204e-05","0.0027","C"
"4","Trait5","mrMLM","PstI.TP62382","6","54965440","-3.5573e-05","0.0078","A"
"4","Trait5","mrMLM","PstI.TP379893","6","54972372","-9.6318e-06","0.0021","C"
"4","Trait5","mrMLM","PstI.TP338681","6","54973469","5.9964e-06","0.0013","A"
"4","Trait5","mrMLM","PstI.TP607402","6","54989967","-9.6373e-06","0.0021","C"
"4","Trait5","mrMLM","PstI.TP134392","6","55007516","0.0137","0.157","C"
"4","Trait5","mrMLM","PstI.TP271888","6","55007560","1.0909e-05","0.0024","A"
"4","Trait5","mrMLM","NsiI.TP286148","6","55028559","1.5776e-06","3e-04","A"
"4","Trait5","mrMLM","PstI.TP1223085","6","55029740","-0.0545","0.4146","C"
"4","Trait5","mrMLM","NsiI.TP825531","6","55030505","1.5685e-05","0.0034","C"
"4","Trait5","mrMLM","PstI.TP352726","6","55046323","0.0491","0.6865","A"
"4","Trait5","mrMLM","PstI.TP1137821","6","55048587","1.8737e-05","0.0041","A"
"4","Trait5","mrMLM","NsiI.TP728934","6","55077747","-3.8425e-05","0.0084","C"
"4","Trait5","mrMLM","NsiI.TP716882","6","55082772","-6.8818e-06","0.0015","A"
"4","Trait5","mrMLM","PstI.TP157290","6","55093992","0.111","1.0277","G"
"4","Trait5","mrMLM","NsiI.TP54936","6","55095977","2.8446e-05","0.0062","C"
"4","Trait5","mrMLM","PstI.TP929514","6","55096318","-2.4543e-05","0.0054","C"
"4","Trait5","mrMLM","PstI.TP776110","6","55103901","2.7318e-05","0.006","A"
"4","Trait5","mrMLM","NsiI.TP488545","6","55115639","-3.8462e-07","8.372e-05","A"
"4","Trait5","mrMLM","NsiI.TP536402","6","55118386","1.2611e-05","0.0028","C"
"4","Trait5","mrMLM","PstI.TP1291499","6","55120060","0.0783","0.8506","C"
"4","Trait5","mrMLM","NsiI.TP812481","6","55138519","0.1151","0.5515","C"
"4","Trait5","mrMLM","NsiI.TP282767","6","55154575","-0.0949","0.7072","C"
"4","Trait5","mrMLM","NsiI.TP609801","6","55160759","0.0484","0.3866","C"
"4","Trait5","mrMLM","PstI.TP222514","6","55162389","2.4141e-05","0.0053","C"
"4","Trait5","mrMLM","PstI.TP222511","6","55162398","-7.9033e-06","0.0017","C"
"4","Trait5","mrMLM","NsiI.TP615980","6","55176342","0.1332","0.7738","A"
"4","Trait5","mrMLM","NsiI.TP287196","6","55201795","-1.1288e-05","0.0025","C"
"4","Trait5","mrMLM","PstI.TP316253","6","55219570","-2.0286e-06","4e-04","A"
"4","Trait5","mrMLM","NsiI.TP194619","6","55228277","-7.5418e-06","0.0016","C"
"4","Trait5","mrMLM","PstI.TP1149999","6","55242644","0.0707","0.4138","C"
"4","Trait5","mrMLM","PstI.TP119523","6","55245677","-3.7326e-05","0.0082","C"
"4","Trait5","mrMLM","NsiI.TP459377","6","55247660","-1.9612e-05","0.0043","A"
"4","Trait5","mrMLM","PstI.TP330115","6","55251100","-0.0702","0.3786","A"
"4","Trait5","mrMLM","PstI.TP58769","6","55251739","-2.0366e-05","0.0045","A"
"4","Trait5","mrMLM","PstI.TP1003470","6","55262974","-1.7429e-05","0.0038","A"
"4","Trait5","mrMLM","PstI.TP891127","6","55263071","-6.4763e-06","0.0014","C"
"4","Trait5","mrMLM","PstI.TP579587","6","55264365","6.8908e-06","0.0015","C"
"4","Trait5","mrMLM","PstI.TP617275","6","55265681","-2.2062e-05","0.0048","C"
"4","Trait5","mrMLM","NsiI.TP449581","6","55265741","9.1547e-06","0.002","C"
"4","Trait5","mrMLM","NsiI.TP450057","6","55265742","0.0138","0.2249","G"
"4","Trait5","mrMLM","PstI.TP173318","6","55278182","-0.0082","0.1084","C"
"4","Trait5","mrMLM","PstI.TP466807","6","55278259","-0.0822","0.5752","C"
"4","Trait5","mrMLM","NsiI.TP265343","6","55286018","0.0104","0.1146","C"
"4","Trait5","mrMLM","PstI.TP254505","6","55306841","-0.0797","0.7518","A"
"4","Trait5","mrMLM","PstI.TP477057","6","55309870","3.6725e-05","0.0081","C"
"4","Trait5","mrMLM","PstI.TP307787","6","55339671","1.131e-05","0.0025","A"
"4","Trait5","mrMLM","PstI.TP387467","6","55340504","1.6664e-05","0.0036","A"
"4","Trait5","mrMLM","PstI.TP16537","6","55341361","-4.179e-05","0.0092","A"
"4","Trait5","mrMLM","PstI.TP935926","6","55352294","-0.0175","0.2531","C"
"4","Trait5","mrMLM","NsiI.TP416058","6","55359915","-2.7965e-06","6e-04","A"
"4","Trait5","mrMLM","NsiI.TP530238","6","55382570","-6.7626e-06","0.0015","A"
"4","Trait5","mrMLM","NsiI.TP616913","6","55383483","4.1998e-06","9e-04","A"
"4","Trait5","mrMLM","PstI.TP237306","6","55385832","-2.4898e-06","5e-04","A"
"4","Trait5","mrMLM","NsiI.TP500617","6","55386702","-1.7583e-05","0.0038","C"
"4","Trait5","mrMLM","PstI.TP1102210","6","55405319","0.043","0.547","A"
"4","Trait5","mrMLM","NsiI.TP496665","6","55406045","-2.7754e-05","0.0061","C"
"4","Trait5","mrMLM","NsiI.TP71874","6","55407061","1.1939e-05","0.0026","A"
"4","Trait5","mrMLM","PstI.TP936062","6","55408463","-1.0405e-05","0.0023","C"
"4","Trait5","mrMLM","PstI.TP964708","6","55409617","1.3015e-05","0.0028","C"
"4","Trait5","mrMLM","PstI.TP160093","6","55428028","1.8173e-06","4e-04","C"
"4","Trait5","mrMLM","PstI.TP209022","6","55438463","2.214e-05","0.0048","C"
"4","Trait5","mrMLM","NsiI.TP769989","6","55440097","6e-04","0.0218","A"
"4","Trait5","mrMLM","PstI.TP1267274","6","55447141","-2.4503e-07","5.3329e-05","C"
"4","Trait5","mrMLM","NsiI.TP19630","6","55447973","-2.1569e-05","0.0047","A"
"4","Trait5","mrMLM","NsiI.TP458713","6","55448289","-2.9242e-05","0.0064","G"
"4","Trait5","mrMLM","GFSSContig13208_795","6","55448701","-3.6663e-06","8e-04","A"
"4","Trait5","mrMLM","PstI.TP1080556","6","55449036","2.7834e-06","6e-04","A"
"4","Trait5","mrMLM","PstI.TP530513","6","55454149","-0.0274","0.1853","C"
"4","Trait5","mrMLM","PstI.TP902823","6","55457739","7.6779e-06","0.0017","A"
"4","Trait5","mrMLM","NsiI.TP239934","6","55478715","-1.087e-05","0.0024","A"
"4","Trait5","mrMLM","GFSSContig17173_502","6","55484935","3.2629e-05","0.0072","A"
"4","Trait5","mrMLM","NsiI.TP555153","6","55494758","0.0971","0.832","A"
"4","Trait5","mrMLM","PstI.TP738636","6","55501746","8.1648e-06","0.0018","A"
"4","Trait5","mrMLM","PstI.TP773474","6","55503143","-1.5442e-05","0.0034","C"
"4","Trait5","mrMLM","PstI.TP774114","6","55503162","-0.0733","0.4138","C"
"4","Trait5","mrMLM","GFSSContig13400_323","6","55506640","-2.3316e-05","0.0051","T"
"4","Trait5","mrMLM","PstI.TP423103","6","55519159","-2.269e-05","0.005","G"
"4","Trait5","mrMLM","PstI.TP1244399","6","55539267","7.6319e-06","0.0017","A"
"4","Trait5","mrMLM","NsiI.TP398462","6","55546078","1.2269e-05","0.0027","A"
"4","Trait5","mrMLM","NsiI.TP296282","6","55547385","-0.0229","0.2966","A"
"4","Trait5","mrMLM","NsiI.TP59425","6","55557420","0.0095","0.1195","A"
"4","Trait5","mrMLM","PstI.TP317453","6","55573202","-1.1082e-05","0.0024","C"
"4","Trait5","mrMLM","NsiI.TP139479","6","55622881","-1.5812e-05","0.0035","C"
"4","Trait5","mrMLM","NsiI.TP832466","6","55647123","2.5779e-05","0.0056","G"
"4","Trait5","mrMLM","PstI.TP385089","6","55648894","5.6722e-06","0.0012","A"
"4","Trait5","mrMLM","NsiI.TP54629","6","55658489","0.013","0.2289","A"
"4","Trait5","mrMLM","NsiI.TP407146","6","55685615","2.1949e-05","0.0048","C"
"4","Trait5","mrMLM","PstI.TP907221","6","55690492","-2.7235e-05","0.006","G"
"4","Trait5","mrMLM","PstI.TP996306","6","55699621","3.545e-06","8e-04","A"
"4","Trait5","mrMLM","PstI.TP829285","6","55699643","-0.0603","0.7493","C"
"4","Trait5","mrMLM","NsiI.TP188280","6","55729447","1.0485e-05","0.0023","A"
"4","Trait5","mrMLM","PstI.TP351546","6","55750207","0.0256","0.2887","G"
"4","Trait5","mrMLM","NsiI.TP133971","6","55772757","-0.1181","0.533","A"
"4","Trait5","mrMLM","NsiI.TP560766","6","55789662","3.1027e-05","0.0068","G"
"4","Trait5","mrMLM","NsiI.TP332930","6","55794187","-1.682e-05","0.0037","C"
"4","Trait5","mrMLM","NsiI.TP336711","6","55794227","-0.0067","0.1437","A"
"4","Trait5","mrMLM","PstI.TP1147046","6","55801899","-4.7149e-06","0.001","C"
"4","Trait5","mrMLM","NsiI.TP360318","6","55830336","-4.6788e-06","0.001","G"
"4","Trait5","mrMLM","PstI.TP1163760","6","55832271","-1.0039e-05","0.0022","C"
"4","Trait5","mrMLM","PstI.TP743868","6","55864324","0.0283","0.2628","A"
"4","Trait5","mrMLM","NsiI.TP401025","6","55865568","1.5827e-06","3e-04","A"
"4","Trait5","mrMLM","PstI.TP372913","6","55869275","-2.9605e-06","6e-04","C"
"4","Trait5","mrMLM","PstI.TP403112","6","55878438","1.8846e-05","0.0041","C"
"4","Trait5","mrMLM","PstI.TP539634","6","55893141","-0.0273","0.3654","A"
"4","Trait5","mrMLM","PstI.TP697171","6","55902205","-1.4593e-05","0.0032","C"
"4","Trait5","mrMLM","NsiI.TP336628","6","55915483","1.5904e-05","0.0035","C"
"4","Trait5","mrMLM","PstI.TP1054687","6","55917022","-1.1548e-05","0.0025","C"
"4","Trait5","mrMLM","PstI.TP853495","6","55969223","1.1127e-05","0.0024","A"
"4","Trait5","mrMLM","PstI.TP5871","6","55973620","-3.7521e-05","0.0082","A"
"4","Trait5","mrMLM","GFSSContig12512_154","6","55977814","0.0275","0.3445","T"
"4","Trait5","mrMLM","PstI.TP235452","6","55978697","1.7932e-05","0.0039","A"
"4","Trait5","mrMLM","PstI.TP229971","6","55979638","1.034e-05","0.0023","C"
"4","Trait5","mrMLM","PstI.TP30746","6","55996095","0.1555","0.7392","A"
"4","Trait5","mrMLM","PstI.TP154255","6","56004010","5.6517e-06","0.0012","A"
"4","Trait5","mrMLM","NsiI.TP432616","6","56023651","1.4074e-05","0.0031","C"
"4","Trait5","mrMLM","NsiI.TP131991","6","56039035","-1.3202e-05","0.0029","A"
"4","Trait5","mrMLM","NsiI.TP660389","6","56043099","1.9649e-05","0.0043","A"
"4","Trait5","mrMLM","PstI.TP108770","6","56043307","-2.108e-05","0.0046","C"
"4","Trait5","mrMLM","NsiI.TP367958","6","56046595","-4.5218e-06","0.001","A"
"4","Trait5","mrMLM","PstI.TP264665","6","56048899","7.8251e-06","0.0017","A"
"4","Trait5","mrMLM","PstI.TP1131191","6","56067093","1.3711e-05","0.003","C"
"4","Trait5","mrMLM","PstI.TP1013387","6","56067170","0.0839","1.0832","A"
"4","Trait5","mrMLM","NsiI.TP615883","6","56093448","-2.3653e-05","0.0052","A"
"4","Trait5","mrMLM","NsiI.TP443172","6","56095890","-0.0488","0.3276","A"
"4","Trait5","mrMLM","NsiI.TP571378","6","56103799","6.5046e-07","1e-04","C"
"4","Trait5","mrMLM","PstI.TP521219","6","56106355","1.528e-05","0.0033","A"
"4","Trait5","mrMLM","NsiI.TP83350","6","56113020","-9.8483e-07","2e-04","A"
"4","Trait5","mrMLM","PstI.TP196517","6","56113157","1.2804e-07","2.7863e-05","A"
"4","Trait5","mrMLM","PstI.TP842850","6","56119362","1.1271e-05","0.0025","A"
"4","Trait5","mrMLM","PstI.TP1170896","6","56121480","-1.6382e-05","0.0036","C"
"4","Trait5","mrMLM","NsiI.TP283328","6","56124259","9.2744e-06","0.002","A"
"4","Trait5","mrMLM","PstI.TP1202189","6","56136214","-6.2188e-06","0.0014","A"
"4","Trait5","mrMLM","PstI.TP952007","6","56158074","1.9906e-05","0.0044","C"
"4","Trait5","mrMLM","NsiI.TP245378","6","56161630","0.0059","0.13","C"
"4","Trait5","mrMLM","PstI.TP970458","6","56171483","1.4609e-05","0.0032","G"
"4","Trait5","mrMLM","NsiI.TP68205","6","56171848","0.1208","0.5445","C"
"4","Trait5","mrMLM","PstI.TP5079","6","56176224","6.2693e-06","0.0014","A"
"4","Trait5","mrMLM","PstI.TP82893","6","56176686","-7.0301e-06","0.0015","A"
"4","Trait5","mrMLM","PstI.TP69798","6","56178299","8.9333e-06","0.0019","A"
"4","Trait5","mrMLM","PstI.TP69799","6","56178336","1.815e-05","0.004","C"
"4","Trait5","mrMLM","NsiI.TP730098","6","56179482","6.0044e-06","0.0013","A"
"4","Trait5","mrMLM","PstI.TP403732","6","56190535","-2.0645e-05","0.0045","C"
"4","Trait5","mrMLM","NsiI.TP128897","6","56190559","-0.2151","2.4359","C"
"4","Trait5","mrMLM","GFSSContig14690_690","6","56194502","9.1997e-06","0.002","A"
"4","Trait5","mrMLM","PstI.TP1215322","6","56200436","3.2325e-05","0.0071","A"
"4","Trait5","mrMLM","NsiI.TP199905","6","56200562","-0.0122","0.1815","A"
"4","Trait5","mrMLM","NsiI.TP731587","6","56203927","-4.896e-06","0.0011","C"
"4","Trait5","mrMLM","PstI.TP857105","6","56223965","-2.9895e-05","0.0066","G"
"4","Trait5","mrMLM","PstI.TP117406","6","56228223","1.2965e-05","0.0028","A"
"4","Trait5","mrMLM","PstI.TP1256411","6","56228259","1.524e-05","0.0033","A"
"4","Trait5","mrMLM","PstI.TP1010827","6","56256098","3.2029e-05","0.007","C"
"4","Trait5","mrMLM","NsiI.TP622027","6","56256137","0.0016","0.045","A"
"4","Trait5","mrMLM","PstI.TP1010825","6","56256138","-1.8625e-05","0.0041","G"
"4","Trait5","mrMLM","PstI.TP1133583","6","56256168","3.5821e-05","0.0079","C"
"4","Trait5","mrMLM","PstI.TP1107436","6","56260418","-0.1213","0.6585","A"
"4","Trait5","mrMLM","PstI.TP537170","6","56260618","-1.0897e-05","0.0024","A"
"4","Trait5","mrMLM","PstI.TP84004","6","56277919","1.0352e-05","0.0023","A"
"4","Trait5","mrMLM","NsiI.TP511316","6","56292095","-1.6559e-05","0.0036","C"
"4","Trait5","mrMLM","NsiI.TP812442","6","56292258","-0.1708","0.7337","C"
"4","Trait5","mrMLM","NsiI.TP732154","6","56292268","0.098","0.567","A"
"4","Trait5","mrMLM","PstI.TP836523","6","56292271","1.4808e-05","0.0032","A"
"4","Trait5","mrMLM","PstI.TP836507","6","56292310","3.1424e-05","0.0069","C"
"4","Trait5","mrMLM","PstI.TP974629","6","56299436","-1.8298e-05","0.004","A"
"4","Trait5","mrMLM","PstI.TP493717","6","56319564","4.3376e-06","9e-04","A"
"4","Trait5","mrMLM","PstI.TP1164091","6","56319647","0.0899","0.7424","A"
"4","Trait5","mrMLM","PstI.TP1005417","6","56320362","-0.0194","0.2521","A"
"4","Trait5","mrMLM","PstI.TP198433","6","56321576","-0.093","0.7605","A"
"4","Trait5","mrMLM","NsiI.TP752189","6","56322309","-4.4083e-06","0.001","A"
"4","Trait5","mrMLM","PstI.TP1040715","6","56335665","8.1946e-06","0.0018","C"
"4","Trait5","mrMLM","NsiI.TP430289","6","56339001","1.1414e-05","0.0025","A"
"4","Trait5","mrMLM","NsiI.TP456562","6","56339426","5.517e-06","0.0012","C"
"4","Trait5","mrMLM","NsiI.TP647736","6","56339998","2.5734e-06","6e-04","A"
"4","Trait5","mrMLM","NsiI.TP331107","6","56415654","-1.7208e-05","0.0038","C"
"4","Trait5","mrMLM","NsiI.TP578154","6","56423273","-3.7949e-05","0.0083","C"
"4","Trait5","mrMLM","NsiI.TP330082","6","56441570","3.571e-05","0.0078","G"
"4","Trait5","mrMLM","PstI.TP332925","6","56453716","-3.195e-06","7e-04","A"
"4","Trait5","mrMLM","PstI.TP131622","6","56461955","-4.6208e-07","1e-04","G"
"4","Trait5","mrMLM","PstI.TP835664","6","56464407","-1.6478e-05","0.0036","A"
"4","Trait5","mrMLM","NsiI.TP242153","6","56468194","1.3916e-05","0.003","C"
"4","Trait5","mrMLM","NsiI.TP500009","6","56480966","0.0282","0.1759","A"
"4","Trait5","mrMLM","PstI.TP961191","6","56487641","1.966e-05","0.0043","C"
"4","Trait5","mrMLM","NsiI.TP753334","6","56495826","2.1215e-07","4.6169e-05","A"
"4","Trait5","mrMLM","PstI.TP1253662","6","56499485","-0.014","0.1996","C"
"4","Trait5","mrMLM","PstI.TP56712","6","56500535","0.2616","1.1416","C"
"4","Trait5","mrMLM","PstI.TP1210034","6","56500922","-0.1132","0.6367","A"
"4","Trait5","mrMLM","PstI.TP664921","6","56510699","-0.2839","1.0996","A"
"4","Trait5","mrMLM","PstI.TP1282294","6","56518735","5.942e-07","1e-04","C"
"4","Trait5","mrMLM","NsiI.TP652621","6","56522972","-1.0362e-05","0.0023","C"
"4","Trait5","mrMLM","NsiI.TP328077","6","56523479","0.0342","0.2826","A"
"4","Trait5","mrMLM","PstI.TP998608","6","56527592","-0.0014","0.0611","C"
"4","Trait5","mrMLM","PstI.TP352738","6","56528676","-9.3702e-06","0.002","A"
"4","Trait5","mrMLM","PstI.TP935857","6","56529731","1.8375e-05","0.004","C"
"4","Trait5","mrMLM","PstI.TP14771","6","56530647","-3.0869e-06","7e-04","A"
"4","Trait5","mrMLM","NsiI.TP828108","6","56534503","-5.8135e-06","0.0013","A"
"4","Trait5","mrMLM","PstI.TP1022791","6","56560248","0.0428","0.3946","C"
"4","Trait5","mrMLM","PstI.TP194993","6","56572355","-0.0237","0.3002","C"
"4","Trait5","mrMLM","PstI.TP486413","6","56576701","4.7892e-06","0.001","C"
"4","Trait5","mrMLM","NsiI.TP350425","6","56577810","-0.1742","1.0242","C"
"4","Trait5","mrMLM","PstI.TP1188867","6","56603345","-1.4177e-05","0.0031","A"
"4","Trait5","mrMLM","PstI.TP397515","6","56605689","-0.0364","0.2622","A"
"4","Trait5","mrMLM","NsiI.TP467289","6","56607462","7.1701e-06","0.0016","A"
"4","Trait5","mrMLM","NsiI.TP364137","6","56610072","-0.0813","0.3299","C"
"4","Trait5","mrMLM","PstI.TP905698","6","56616715","0.0213","0.2802","C"
"4","Trait5","mrMLM","PstI.TP530320","6","56616921","2.3274e-05","0.0051","A"
"4","Trait5","mrMLM","PstI.TP897409","6","56637189","0.1408","0.484","C"
"4","Trait5","mrMLM","PstI.TP1225179","6","56654494","0.1762","1.3796","A"
"4","Trait5","mrMLM","NsiI.TP681396","6","56663345","1.1795e-05","0.0026","C"
"4","Trait5","mrMLM","NsiI.TP301278","6","56670885","0.0876","1.0494","C"
"4","Trait5","mrMLM","PstI.TP53152","6","56671658","0.0077","0.0997","A"
"4","Trait5","mrMLM","PstI.TP193787","6","56675267","-6.2068e-06","0.0014","G"
"4","Trait5","mrMLM","PstI.TP6170","6","56702797","-0.0785","0.8408","G"
"4","Trait5","mrMLM","PstI.TP903637","6","56715605","-2.1712e-05","0.0048","C"
"4","Trait5","mrMLM","NsiI.TP800703","6","56715605","-0.0013","0.0439","C"
"4","Trait5","mrMLM","PstI.TP792037","6","56716329","-2.5209e-05","0.0055","C"
"4","Trait5","mrMLM","PstI.TP372251","6","56722681","-9.4313e-06","0.0021","G"
"4","Trait5","mrMLM","PstI.TP55892","6","56726428","2.1648e-05","0.0047","A"
"4","Trait5","mrMLM","PstI.TP501218","6","56728483","-0.1915","1.5693","A"
"4","Trait5","mrMLM","NsiI.TP720449","6","56750628","0.0867","0.546","C"
"4","Trait5","mrMLM","PstI.TP76178","6","56764350","0.1332","0.7586","A"
"4","Trait5","mrMLM","PstI.TP1265941","6","56770599","1.6597e-05","0.0036","A"
"4","Trait5","mrMLM","PstI.TP372961","6","56802643","-1.867e-05","0.0041","C"
"4","Trait5","mrMLM","PstI.TP548429","6","56821011","-1.936e-05","0.0042","C"
"4","Trait5","mrMLM","PstI.TP56944","6","56848150","7.8463e-06","0.0017","G"
"4","Trait5","mrMLM","NsiI.TP316300","6","56863026","0.2632","1.978","A"
"4","Trait5","mrMLM","PstI.TP83264","6","56897554","-1.9636e-06","4e-04","A"
"4","Trait5","mrMLM","PstI.TP1197337","6","56902060","0.1335","0.7145","A"
"4","Trait5","mrMLM","PstI.TP1184327","6","56902841","1.615e-05","0.0035","C"
"4","Trait5","mrMLM","PstI.TP844119","6","56933495","-0.0242","0.2932","C"
"4","Trait5","mrMLM","NsiI.TP591402","6","56944734","-0.009","0.1614","A"
"4","Trait5","mrMLM","PstI.TP651659","6","56962308","0.1023","0.5001","C"
"4","Trait5","mrMLM","NsiI.TP734796","6","56964434","2.9873e-05","0.0066","G"
"4","Trait5","mrMLM","PstI.TP663240","6","56975360","0.1992","2.3068","A"
"4","Trait5","mrMLM","NsiI.TP280522","6","56981689","1.2053e-05","0.0026","C"
"4","Trait5","mrMLM","NsiI.TP421851","6","57002172","2.1993e-06","5e-04","A"
"4","Trait5","mrMLM","NsiI.TP18594","6","57003801","-2.4552e-05","0.0054","G"
"4","Trait5","mrMLM","NsiI.TP102642","6","57016013","-2.5981e-05","0.0057","A"
"4","Trait5","mrMLM","NsiI.TP128060","6","57028559","-1.3104e-05","0.0029","A"
"4","Trait5","mrMLM","PstI.TP1117602","6","57030813","-1.506e-05","0.0033","C"
"4","Trait5","mrMLM","PstI.TP600278","6","57031081","0.1318","0.7463","G"
"4","Trait5","mrMLM","PstI.TP724661","6","57031083","-4.0998e-06","9e-04","A"
"4","Trait5","mrMLM","PstI.TP106962","6","57047383","1.2002e-05","0.0026","C"
"4","Trait5","mrMLM","PstI.TP483709","6","57047399","-5.6818e-06","0.0012","A"
"4","Trait5","mrMLM","NsiI.TP634468","6","57074553","2.275e-05","0.005","G"
"4","Trait5","mrMLM","NsiI.TP616137","6","57075072","-1.5249e-05","0.0033","A"
"4","Trait5","mrMLM","PstI.TP438189","6","57093743","-6.5013e-06","0.0014","G"
"4","Trait5","mrMLM","PstI.TP140016","6","57096158","0.0154","0.2088","A"
"4","Trait5","mrMLM","PstI.TP642933","6","57096182","-2.1136e-05","0.0046","A"
"4","Trait5","mrMLM","NsiI.TP820139","6","57131130","0.0383","0.1748","A"
"4","Trait5","mrMLM","PstI.TP771790","6","57132937","0.1026","1.408","A"
"4","Trait5","mrMLM","PstI.TP1241719","6","57149401","0.0787","0.4596","A"
"4","Trait5","mrMLM","SSk45ctg267941_175","6","57153800","1.2571e-05","0.0027","A"
"4","Trait5","mrMLM","NsiI.TP594033","6","57171741","1.3927e-07","3.0311e-05","A"
"4","Trait5","mrMLM","PstI.TP456356","6","57185583","-2.018e-06","4e-04","A"
"4","Trait5","mrMLM","NsiI.TP643397","6","57185862","0.0439","0.2662","A"
"4","Trait5","mrMLM","PstI.TP891306","6","57198891","-0.0181","0.2308","C"
"4","Trait5","mrMLM","PstI.TP609012","6","57199915","-1.1961e-05","0.0026","A"
"4","Trait5","mrMLM","PstI.TP1001095","6","57206618","-0.03","0.3229","A"
"4","Trait5","mrMLM","PstI.TP935379","6","57279614","0.0942","1.2869","C"
"4","Trait5","mrMLM","PstI.TP880089","6","57279976","9.3248e-06","0.002","C"
"4","Trait5","mrMLM","NsiI.TP481486","6","57288094","5.2425e-06","0.0011","A"
"4","Trait5","mrMLM","PstI.TP1000965","6","57296544","-0.1503","1.2266","C"
"4","Trait5","mrMLM","NsiI.TP439033","6","57296595","1.5869e-05","0.0035","C"
"4","Trait5","mrMLM","NsiI.TP414848","6","57312459","1.0247e-05","0.0022","C"
"4","Trait5","mrMLM","PstI.TP320848","6","57315388","4.1277e-06","9e-04","A"
"4","Trait5","mrMLM","PstI.TP288528","6","57341720","0.0608","0.7387","C"
"4","Trait5","mrMLM","PstI.TP288453","6","57341759","0.1223","0.4878","G"
"4","Trait5","mrMLM","PstI.TP107481","6","57341977","2.4796e-05","0.0054","C"
"4","Trait5","mrMLM","NsiI.TP673140","6","57348362","-0.0153","0.202","A"
"4","Trait5","mrMLM","PstI.TP9748","6","57348418","-2.1417e-05","0.0047","A"
"4","Trait5","mrMLM","NsiI.TP525123","6","57352236","-1.1695e-05","0.0026","C"
"4","Trait5","mrMLM","PstI.TP32618","6","57366854","-1.3948e-05","0.003","C"
"4","Trait5","mrMLM","PstI.TP712389","6","57378555","-2.4883e-05","0.0054","A"
"4","Trait5","mrMLM","PstI.TP712566","6","57378569","1.5471e-06","3e-04","C"
"4","Trait5","mrMLM","PstI.TP23606","6","57378629","0.1139","0.516","C"
"4","Trait5","mrMLM","NsiI.TP632931","6","57382133","-1.9532e-05","0.0043","C"
"4","Trait5","mrMLM","PstI.TP18829","6","57385425","-2.8586e-05","0.0063","C"
"4","Trait5","mrMLM","PstI.TP524872","6","57399018","-0.0072","0.0942","C"
"4","Trait5","mrMLM","PstI.TP205597","6","57407618","1.6017e-05","0.0035","A"
"4","Trait5","mrMLM","NsiI.TP717026","6","57407622","-1.2932e-05","0.0028","A"
"4","Trait5","mrMLM","PstI.TP109119","6","57407699","-0.1037","0.5115","A"
"4","Trait5","mrMLM","NsiI.TP336960","6","57407699","-4.5481e-06","0.001","A"
"4","Trait5","mrMLM","NsiI.TP195495","6","57418687","-0.3123","0.9264","A"
"4","Trait5","mrMLM","NsiI.TP282469","6","57439454","-0.0698","0.7167","C"
"4","Trait5","mrMLM","PstI.TP788586","6","57442567","-1.6223e-05","0.0035","A"
"4","Trait5","mrMLM","PstI.TP1207780","6","57442628","1.578e-05","0.0034","C"
"4","Trait5","mrMLM","NsiI.TP247932","6","57457942","0.037","0.3389","A"
"4","Trait5","mrMLM","NsiI.TP20067","6","57479677","-0.0113","0.1565","C"
"4","Trait5","mrMLM","PstI.TP747216","6","57493875","5.6338e-06","0.0012","C"
"4","Trait5","mrMLM","NsiI.TP738234","6","57506161","-0.0784","0.9127","A"
"4","Trait5","mrMLM","NsiI.TP626412","6","57511085","-0.0625","0.4305","C"
"4","Trait5","mrMLM","NsiI.TP744039","6","57524182","-0.078","0.3383","C"
"4","Trait5","mrMLM","PstI.TP237028","6","57528957","-2.0913e-05","0.0046","A"
"4","Trait5","mrMLM","PstI.TP466683","6","57529741","5.5225e-06","0.0012","A"
"4","Trait5","mrMLM","NsiI.TP72858","6","57534669","-0.032","0.4222","C"
"4","Trait5","mrMLM","PstI.TP1194392","6","57534861","-7.4409e-06","0.0016","C"
"4","Trait5","mrMLM","PstI.TP788844","6","57545165","-0.0114","0.1602","A"
"4","Trait5","mrMLM","PstI.TP795258","6","57545226","-0.0902","0.933","A"
"4","Trait5","mrMLM","PstI.TP1259489","6","57549455","8.2056e-07","2e-04","C"
"4","Trait5","mrMLM","PstI.TP247320","6","57564285","-1.0364e-05","0.0023","A"
"4","Trait5","mrMLM","PstI.TP740799","6","57584847","0.0244","0.2958","A"
"4","Trait5","mrMLM","NsiI.TP669710","6","57585057","1.0451e-06","2e-04","A"
"4","Trait5","mrMLM","NsiI.TP675931","6","57613603","-3.6572e-06","8e-04","A"
"4","Trait5","mrMLM","NsiI.TP371517","6","57614035","0.0451","0.3668","C"
"4","Trait5","mrMLM","PstI.TP1158253","6","57627001","1.7237e-06","4e-04","A"
"4","Trait5","mrMLM","PstI.TP287609","6","57643302","-1.0814e-05","0.0024","C"
"4","Trait5","mrMLM","PstI.TP835411","6","57648141","1.7571e-05","0.0038","C"
"4","Trait5","mrMLM","NsiI.TP776185","6","57649718","-0.1692","0.4823","A"
"4","Trait5","mrMLM","NsiI.TP194622","6","57652913","-0.02","0.2825","A"
"4","Trait5","mrMLM","NsiI.TP194623","6","57652918","-5.1215e-07","1e-04","G"
"4","Trait5","mrMLM","PstI.TP129838","6","57654210","-7.2718e-06","0.0016","A"
"4","Trait5","mrMLM","PstI.TP905212","6","57657570","2.2987e-05","0.005","G"
"4","Trait5","mrMLM","PstI.TP905211","6","57657581","-7.4494e-06","0.0016","A"
"4","Trait5","mrMLM","PstI.TP237934","6","57700343","1.2342e-05","0.0027","A"
"4","Trait5","mrMLM","PstI.TP326929","6","57706235","1.7683e-05","0.0039","C"
"4","Trait5","mrMLM","PstI.TP548366","6","57715874","3.8576e-06","8e-04","G"
"4","Trait5","mrMLM","PstI.TP939692","6","57716221","-8.7239e-08","1.8985e-05","A"
"4","Trait5","mrMLM","PstI.TP591218","6","57716962","-9.2901e-06","0.002","A"
"4","Trait5","mrMLM","NsiI.TP490318","6","57719810","0.2561","1.1604","A"
"4","Trait5","mrMLM","NsiI.TP259318","6","57753357","-3.5288e-05","0.0078","A"
"4","Trait5","mrMLM","NsiI.TP485455","6","57754665","0.2251","1.4508","A"
"4","Trait5","mrMLM","PstI.TP159519","6","57755767","-1.2649e-05","0.0028","C"
"4","Trait5","mrMLM","PstI.TP737551","6","57757179","-5.0996e-06","0.0011","C"
"4","Trait5","mrMLM","PstI.TP730580","6","57757185","0.1208","0.9499","A"
"4","Trait5","mrMLM","NsiI.TP242133","6","57757400","0.133","0.6917","G"
"4","Trait5","mrMLM","PstI.TP992224","6","57775119","5.4146e-06","0.0012","A"
"4","Trait5","mrMLM","NsiI.TP512198","6","57793820","6.2948e-06","0.0014","A"
"4","Trait5","mrMLM","NsiI.TP232524","6","57802011","-0.1426","1.7599","C"
"4","Trait5","mrMLM","PstI.TP390264","6","57802308","1.3411e-06","3e-04","A"
"4","Trait5","mrMLM","PstI.TP851761","6","57802693","1.6669e-05","0.0036","C"
"4","Trait5","mrMLM","NsiI.TP413526","6","57806042","-0.0621","0.6604","A"
"4","Trait5","mrMLM","NsiI.TP224461","6","57810264","-1.6991e-05","0.0037","C"
"4","Trait5","mrMLM","PstI.TP790771","6","57810483","-2.4848e-05","0.0054","C"
"4","Trait5","mrMLM","PstI.TP834327","6","57817600","-0.0337","0.4597","C"
"4","Trait5","mrMLM","NsiI.TP159695","6","57820247","-1.3865e-05","0.003","A"
"4","Trait5","mrMLM","NsiI.TP79476","6","57820819","-9.5915e-06","0.0021","C"
"4","Trait5","mrMLM","NsiI.TP216248","6","57834939","8.1506e-06","0.0018","A"
"4","Trait5","mrMLM","PstI.TP768241","6","57836173","1.872e-05","0.0041","C"
"4","Trait5","mrMLM","NsiI.TP273928","6","57836261","0.0704","0.4871","A"
"4","Trait5","mrMLM","PstI.TP793980","6","57836411","7.8552e-06","0.0017","A"
"4","Trait5","mrMLM","PstI.TP76339","6","57878144","0.1078","0.8031","A"
"4","Trait5","mrMLM","PstI.TP1220431","6","57879530","-1.9117e-05","0.0042","A"
"4","Trait5","mrMLM","PstI.TP1220434","6","57879537","-8.1689e-06","0.0018","A"
"4","Trait5","mrMLM","PstI.TP849929","6","57879722","2.3669e-05","0.0052","C"
"4","Trait5","mrMLM","NsiI.TP453821","6","57882402","-1.7233e-05","0.0038","C"
"4","Trait5","mrMLM","NsiI.TP162594","6","57886523","3.358e-06","7e-04","A"
"4","Trait5","mrMLM","NsiI.TP476290","6","57889422","9.2809e-07","2e-04","G"
"4","Trait5","mrMLM","PstI.TP702574","6","57893505","0.2965","1.6982","C"
"4","Trait5","mrMLM","PstI.TP702632","6","57893518","0.0842","0.6129","C"
"4","Trait5","mrMLM","PstI.TP800283","6","57893572","-1.0788e-06","2e-04","C"
"4","Trait5","mrMLM","PstI.TP190788","6","57896394","2.0386e-05","0.0045","A"
"4","Trait5","mrMLM","PstI.TP39954","6","57909583","0.0221","0.2126","A"
"4","Trait5","mrMLM","NsiI.TP435787","6","57913412","-0.023","0.3269","C"
"4","Trait5","mrMLM","PstI.TP1291741","6","57936813","7.6193e-06","0.0017","A"
"4","Trait5","mrMLM","NsiI.TP801132","6","57947391","-0.0141","0.1419","C"
"4","Trait5","mrMLM","PstI.TP1116298","6","57959042","-3.9821e-06","9e-04","C"
"4","Trait5","mrMLM","PstI.TP142291","6","57969879","2.6463e-06","6e-04","C"
"4","Trait5","mrMLM","PstI.TP10996","6","57974096","-0.2823","2.9425","A"
"4","Trait5","mrMLM","PstI.TP10997","6","57974142","1.7548e-05","0.0038","A"
"4","Trait5","mrMLM","PstI.TP948183","6","57978635","-0.1652","1.227","C"
"4","Trait5","mrMLM","PstI.TP303598","6","57983184","-2.9872e-06","7e-04","C"
"4","Trait5","mrMLM","NsiI.TP519695","6","57983728","2.2439e-05","0.0049","C"
"4","Trait5","mrMLM","NsiI.TP241455","6","57988621","-0.0114","0.148","C"
"4","Trait5","mrMLM","PstI.TP607682","6","57995101","1.5335e-06","3e-04","A"
"4","Trait5","mrMLM","PstI.TP813035","6","57995196","0.0458","0.3994","G"
"4","Trait5","mrMLM","PstI.TP631293","6","58004328","-0.0648","0.7442","A"
"4","Trait5","mrMLM","PstI.TP60298","6","58056016","-1.7865e-06","4e-04","A"
"4","Trait5","mrMLM","PstI.TP705829","6","58061911","0.0282","0.3018","G"
"4","Trait5","mrMLM","NsiI.TP501677","6","58064943","-3.4204e-05","0.0075","A"
"4","Trait5","mrMLM","PstI.TP521010","6","58082275","-1.2107e-05","0.0026","C"
"4","Trait5","mrMLM","NsiI.TP521192","6","58082292","1.9207e-05","0.0042","A"
"4","Trait5","mrMLM","NsiI.TP458010","6","58086518","2.6208e-05","0.0057","A"
"4","Trait5","mrMLM","PstI.TP488800","6","58115358","9.5228e-06","0.0021","C"
"4","Trait5","mrMLM","NsiI.TP588611","6","58134205","-5.0437e-06","0.0011","A"
"4","Trait5","mrMLM","PstI.TP1042254","6","58135093","8.9734e-06","0.002","C"
"4","Trait5","mrMLM","PstI.TP1034013","6","58135751","1.1864e-05","0.0026","A"
"4","Trait5","mrMLM","PstI.TP314564","6","58138664","3.418e-05","0.0075","C"
"4","Trait5","mrMLM","NsiI.TP715879","6","58155283","2.9189e-06","6e-04","C"
"4","Trait5","mrMLM","NsiI.TP601716","6","58162144","0.1392","1.0451","G"
"4","Trait5","mrMLM","GFSSContig14923_586","6","58168888","-1.2415e-05","0.0027","A"
"4","Trait5","mrMLM","PstI.TP504281","6","58184660","1.0674e-05","0.0023","C"
"4","Trait5","mrMLM","PstI.TP778451","6","58206490","9.8543e-07","2e-04","A"
"4","Trait5","mrMLM","PstI.TP778256","6","58228399","-0.0289","0.3212","C"
"4","Trait5","mrMLM","NsiI.TP2617","6","58243864","-0.0066","0.0814","C"
"4","Trait5","mrMLM","NsiI.TP633832","6","58255579","-0.058","0.3901","A"
"4","Trait5","mrMLM","PstI.TP170349","6","58256776","0.0372","0.3335","A"
"4","Trait5","mrMLM","PstI.TP170346","6","58256823","-1.5354e-05","0.0034","G"
"4","Trait5","mrMLM","NsiI.TP765052","6","58268710","1.7336e-05","0.0038","A"
"4","Trait5","mrMLM","PstI.TP370440","6","58289933","-5.3235e-06","0.0012","C"
"4","Trait5","mrMLM","NsiI.TP719023","6","58296666","3.06e-05","0.0067","A"
"4","Trait5","mrMLM","PstI.TP399236","6","58316655","-9.7448e-06","0.0021","A"
"4","Trait5","mrMLM","NsiI.TP588279","6","58376163","-6.0055e-06","0.0013","A"
"4","Trait5","mrMLM","NsiI.TP643792","6","58379549","-0.1174","0.6624","C"
"4","Trait5","mrMLM","PstI.TP30555","6","58396527","0.0322","0.3033","C"
"4","Trait5","mrMLM","NsiI.TP336547","6","58396661","0.0379","0.3471","C"
"4","Trait5","mrMLM","NsiI.TP159993","6","58398203","-9.343e-06","0.002","C"
"4","Trait5","mrMLM","PstI.TP334179","6","58406668","-1.0164e-05","0.0022","C"
"4","Trait5","mrMLM","PstI.TP726225","6","58406812","-1.4828e-05","0.0032","C"
"4","Trait5","mrMLM","NsiI.TP438129","6","58406971","-1.9498e-05","0.0043","A"
"4","Trait5","mrMLM","NsiI.TP145987","6","58406977","6.2615e-06","0.0014","C"
"4","Trait5","mrMLM","PstI.TP775944","6","58413507","-0.2028","1.5002","G"
"4","Trait5","mrMLM","PstI.TP775950","6","58413533","-0.1473","1.8487","A"
"4","Trait5","mrMLM","NsiI.TP501261","6","58413535","0.0613","0.6871","C"
"4","Trait5","mrMLM","NsiI.TP76464","6","58424359","0.0075","0.0847","C"
"4","Trait5","mrMLM","NsiI.TP619911","6","58429666","-5.1953e-06","0.0011","A"
"4","Trait5","mrMLM","PstI.TP1217836","6","58435510","-0.0675","0.3623","C"
"4","Trait5","mrMLM","NsiI.TP86762","6","58436008","-1.746e-05","0.0038","C"
"4","Trait5","mrMLM","PstI.TP801880","6","58436104","3.7338e-06","8e-04","C"
"4","Trait5","mrMLM","PstI.TP489074","6","58436504","9.3594e-06","0.002","C"
"4","Trait5","mrMLM","PstI.TP1066372","6","58439886","-6.069e-06","0.0013","A"
"4","Trait5","mrMLM","NsiI.TP405534","6","58523762","1.2963e-05","0.0028","C"
"4","Trait5","mrMLM","NsiI.TP778102","6","58528060","-0.0426","0.3694","A"
"4","Trait5","mrMLM","PstI.TP439021","6","58540159","1.0198e-05","0.0022","A"
"4","Trait5","mrMLM","NsiI.TP574391","6","58545403","1.1769e-06","3e-04","A"
"4","Trait5","mrMLM","PstI.TP275507","6","58569479","-5.5875e-06","0.0012","A"
"4","Trait5","mrMLM","PstI.TP175840","6","58592000","-1.1612e-05","0.0025","A"
"4","Trait5","mrMLM","NsiI.TP386809","6","58595512","3.5113e-05","0.0077","A"
"4","Trait5","mrMLM","NsiI.TP155253","6","58595723","-8.1755e-07","2e-04","C"
"4","Trait5","mrMLM","PstI.TP1157605","6","58609671","9.5745e-06","0.0021","A"
"4","Trait5","mrMLM","NsiI.TP507668","6","58610975","-0.4716","1.7687","A"
"4","Trait5","mrMLM","PstI.TP835397","6","58667504","-1.3606e-05","0.003","A"
"4","Trait5","mrMLM","PstI.TP852670","6","58714613","-2.6519e-06","6e-04","G"
"4","Trait5","mrMLM","PstI.TP72792","6","58724525","6.3955e-06","0.0014","A"
"4","Trait5","mrMLM","NsiI.TP738186","6","58739865","-1.3539e-05","0.003","C"
"4","Trait5","mrMLM","PstI.TP4385","6","58740341","-0.4998","2.6659","C"
"4","Trait5","mrMLM","PstI.TP817774","6","58758257","-3.3826e-06","7e-04","A"
"4","Trait5","mrMLM","PstI.TP238093","6","58773636","-6.4034e-06","0.0014","A"
"4","Trait5","mrMLM","NsiI.TP819619","6","58811249","-0.093","0.5749","C"
"4","Trait5","mrMLM","NsiI.TP832911","6","58867494","2.1711e-06","5e-04","A"
"4","Trait5","mrMLM","NsiI.TP82490","6","58904524","-2.106e-05","0.0046","C"
"4","Trait5","mrMLM","NsiI.TP82489","6","58904532","2.6035e-05","0.0057","C"
"4","Trait5","mrMLM","PstI.TP478785","6","58929159","-0.1829","1.6101","C"
"4","Trait5","mrMLM","NsiI.TP649727","6","58930501","1.4337e-05","0.0031","A"
"4","Trait5","mrMLM","PstI.TP633833","6","58948452","-0.0106","0.1063","C"
"4","Trait5","mrMLM","PstI.TP213773","6","58954159","1.1506e-05","0.0025","C"
"4","Trait5","mrMLM","PstI.TP470333","6","58970821","1.1137e-05","0.0024","A"
"4","Trait5","mrMLM","NsiI.TP427077","6","58976715","1.869e-05","0.0041","G"
"4","Trait5","mrMLM","NsiI.TP632222","6","58978800","-2.4337e-05","0.0053","A"
"4","Trait5","mrMLM","PstI.TP276388","6","59032815","0.0261","0.2768","A"
"4","Trait5","mrMLM","PstI.TP915148","6","59035373","1.2966e-05","0.0028","A"
"4","Trait5","mrMLM","PstI.TP335168","6","59035662","1.0276e-05","0.0022","A"
"4","Trait5","mrMLM","NsiI.TP632245","6","59042785","1.381e-06","3e-04","C"
"4","Trait5","mrMLM","NsiI.TP270625","6","59050895","-1.349e-05","0.0029","C"
"4","Trait5","mrMLM","NsiI.TP513068","6","59061092","2.5574e-06","6e-04","A"
"4","Trait5","mrMLM","PstI.TP481162","6","59078996","0.0112","0.1772","C"
"4","Trait5","mrMLM","PstI.TP1052406","6","59086414","0.0134","0.1968","A"
"4","Trait5","mrMLM","PstI.TP103610","6","59105747","0.1827","1.2656","C"
"4","Trait5","mrMLM","PstI.TP331343","6","59149622","4.4965e-06","0.001","C"
"4","Trait5","mrMLM","PstI.TP227295","6","59150201","-4.8872e-06","0.0011","A"
"4","Trait5","mrMLM","PstI.TP227292","6","59150219","-8.6547e-06","0.0019","A"
"4","Trait5","mrMLM","NsiI.TP488846","6","59151683","-2.1893e-05","0.0048","A"
"4","Trait5","mrMLM","NsiI.TP496491","6","59152519","-3.9728e-05","0.0087","C"
"4","Trait5","mrMLM","NsiI.TP84456","6","59154178","-1.1278e-06","2e-04","C"
"4","Trait5","mrMLM","PstI.TP988737","6","59154787","-2.9076e-05","0.0064","A"
"4","Trait5","mrMLM","PstI.TP794003","6","59161184","-1.0405e-05","0.0023","C"
"4","Trait5","mrMLM","PstI.TP321563","6","59162064","1.4098e-06","3e-04","C"
"4","Trait5","mrMLM","NsiI.TP759309","6","59162760","5.003e-06","0.0011","A"
"4","Trait5","mrMLM","PstI.TP1277861","6","59200808","4.2053e-06","9e-04","A"
"4","Trait5","mrMLM","PstI.TP1177266","6","59202858","-7.3519e-06","0.0016","C"
"4","Trait5","mrMLM","NsiI.TP603010","6","59204334","0.1309","0.8897","A"
"4","Trait5","mrMLM","PstI.TP842278","6","59205393","-5.2958e-06","0.0012","A"
"4","Trait5","mrMLM","PstI.TP397762","6","59210882","-3.6559e-06","8e-04","A"
"4","Trait5","mrMLM","NsiI.TP190313","6","59215135","7.139e-06","0.0016","C"
"4","Trait5","mrMLM","NsiI.TP190393","6","59215148","-0.0959","0.8649","C"
"4","Trait5","mrMLM","PstI.TP338409","6","59229037","2.1369e-05","0.0047","A"
"4","Trait5","mrMLM","PstI.TP777906","6","59229689","-7.1178e-06","0.0016","G"
"4","Trait5","mrMLM","NsiI.TP661719","6","59229805","2.6382e-05","0.0058","A"
"4","Trait5","mrMLM","NsiI.TP753524","6","59244046","-1.1399e-05","0.0025","A"
"4","Trait5","mrMLM","PstI.TP486374","6","59260024","-0.0418","0.306","C"
"4","Trait5","mrMLM","PstI.TP129534","6","59260056","-0.0414","0.25","A"
"4","Trait5","mrMLM","PstI.TP730230","6","59266399","-0.1994","0.6627","C"
"4","Trait5","mrMLM","PstI.TP869361","6","59266531","-5.5063e-06","0.0012","A"
"4","Trait5","mrMLM","NsiI.TP470727","6","59267751","1.3712e-05","0.003","C"
"4","Trait5","mrMLM","NsiI.TP470728","6","59267758","8.1602e-06","0.0018","C"
"4","Trait5","mrMLM","NsiI.TP194597","6","59271134","-0.0168","0.1172","C"
"4","Trait5","mrMLM","PstI.TP892086","6","59280417","-2.7401e-06","6e-04","C"
"4","Trait5","mrMLM","PstI.TP892085","6","59280431","4.863e-06","0.0011","A"
"4","Trait5","mrMLM","PstI.TP329481","6","59280530","0.0414","0.4575","C"
"4","Trait5","mrMLM","PstI.TP185495","6","59285400","-4.8383e-06","0.0011","A"
"4","Trait5","mrMLM","PstI.TP38843","6","59303111","-0.1564","0.7384","A"
"4","Trait5","mrMLM","PstI.TP1047519","6","59303243","-6.8354e-06","0.0015","A"
"4","Trait5","mrMLM","PstI.TP991294","6","59307100","-0.2529","0.9054","C"
"4","Trait5","mrMLM","NsiI.TP237305","6","59308123","-0.0958","0.5691","C"
"4","Trait5","mrMLM","PstI.TP445226","6","59322753","1.289e-05","0.0028","C"
"4","Trait5","mrMLM","NsiI.TP492150","6","59336161","0.0492","0.2955","C"
"4","Trait5","mrMLM","PstI.TP141574","6","59338202","1.7013e-05","0.0037","A"
"4","Trait5","mrMLM","NsiI.TP482309","6","59367337","-0.0206","0.18","A"
"4","Trait5","mrMLM","PstI.TP45951","6","59395812","-0.0888","0.5483","A"
"4","Trait5","mrMLM","PstI.TP235381","6","59397846","0.1112","1.2009","C"
"4","Trait5","mrMLM","NsiI.TP489265","6","59398588","1.5146e-06","3e-04","A"
"4","Trait5","mrMLM","PstI.TP1214647","6","59411717","-3.649e-06","8e-04","C"
"4","Trait5","mrMLM","NsiI.TP9954","6","59437948","-0.2143","1.0263","C"
"4","Trait5","mrMLM","PstI.TP479153","6","59457053","9.9847e-06","0.0022","C"
"4","Trait5","mrMLM","PstI.TP1130612","6","59457930","0.1265","0.7146","G"
"4","Trait5","mrMLM","NsiI.TP255006","6","59462133","-2.4331e-06","5e-04","G"
"4","Trait5","mrMLM","PstI.TP87734","6","59462232","3.4974e-07","7.6116e-05","C"
"4","Trait5","mrMLM","PstI.TP1138111","6","59474252","4.1251e-06","9e-04","C"
"4","Trait5","mrMLM","PstI.TP136466","6","59486334","2.6651e-05","0.0058","C"
"4","Trait5","mrMLM","NsiI.TP704131","6","59491352","0.0064","0.1268","C"
"4","Trait5","mrMLM","PstI.TP369771","6","59498070","0.0059","0.0687","A"
"4","Trait5","mrMLM","PstI.TP1026640","6","59504271","-1.4751e-05","0.0032","G"
"4","Trait5","mrMLM","PstI.TP764580","6","59535314","7.5815e-07","2e-04","C"
"4","Trait5","mrMLM","PstI.TP1056646","6","59557295","-0.0229","0.2808","A"
"4","Trait5","mrMLM","PstI.TP987182","6","59584031","-2.6084e-05","0.0057","C"
"4","Trait5","mrMLM","PstI.TP734120","6","59587728","-3.0636e-08","6.6682e-06","C"
"4","Trait5","mrMLM","NsiI.TP466689","6","59609489","-0.0906","0.5325","A"
"4","Trait5","mrMLM","PstI.TP512318","6","59662141","-1.6066e-05","0.0035","C"
"4","Trait5","mrMLM","PstI.TP526605","6","59665185","-0.0229","0.3044","C"
"4","Trait5","mrMLM","NsiI.TP432803","6","59676430","-0.3711","1.9822","C"
"4","Trait5","mrMLM","PstI.TP336379","6","59676748","4.5053e-07","9.806e-05","G"
"4","Trait5","mrMLM","NsiI.TP814519","6","59730617","-6.2619e-06","0.0014","C"
"4","Trait5","mrMLM","PstI.TP991905","6","59754229","2.8522e-06","6e-04","C"
"4","Trait5","mrMLM","PstI.TP875252","6","59755110","-1.3441e-05","0.0029","C"
"4","Trait5","mrMLM","PstI.TP542042","6","59774160","-8.1799e-06","0.0018","C"
"4","Trait5","mrMLM","PstI.TP339221","6","59779202","0.0966","0.469","A"
"4","Trait5","mrMLM","PstI.TP891088","6","59779244","3.4117e-05","0.0075","A"
"4","Trait5","mrMLM","PstI.TP109212","6","59782352","2.6407e-05","0.0058","A"
"4","Trait5","mrMLM","NsiI.TP315856","6","59791041","-3.6072e-05","0.0079","A"
"4","Trait5","mrMLM","NsiI.TP355898","6","59799004","0.0691","0.4648","A"
"4","Trait5","mrMLM","NsiI.TP213093","6","59804743","-4.5826e-06","0.001","C"
"4","Trait5","mrMLM","PstI.TP12840","6","59806368","9.6519e-06","0.0021","A"
"4","Trait5","mrMLM","NsiI.TP314107","6","59809134","-0.0836","0.789","C"
"4","Trait5","mrMLM","PstI.TP865112","6","59811074","4.5131e-06","0.001","A"
"4","Trait5","mrMLM","PstI.TP535662","6","59819342","9.3324e-06","0.002","A"
"4","Trait5","mrMLM","NsiI.TP402599","6","59824065","-2.2969e-05","0.005","C"
"4","Trait5","mrMLM","PstI.TP391109","6","59848588","0.0518","0.4327","C"
"4","Trait5","mrMLM","PstI.TP1238644","6","59852352","-6.687e-06","0.0015","A"
"4","Trait5","mrMLM","NsiI.TP182282","6","59883321","0.076","0.5404","A"
"4","Trait5","mrMLM","NsiI.TP401041","6","59883335","-1.2402e-05","0.0027","C"
"4","Trait5","mrMLM","NsiI.TP41313","6","59886024","-1.7334e-05","0.0038","C"
"4","Trait5","mrMLM","NsiI.TP177667","6","59886394","-9.1902e-06","0.002","G"
"4","Trait5","mrMLM","PstI.TP1076395","6","59888575","-2.7492e-05","0.006","A"
"4","Trait5","mrMLM","PstI.TP1150436","6","59888830","6.1688e-06","0.0013","A"
"4","Trait5","mrMLM","PstI.TP143719","6","59895028","-5.9894e-06","0.0013","A"
"4","Trait5","mrMLM","PstI.TP363146","6","59896427","1.0057e-05","0.0022","A"
"4","Trait5","mrMLM","PstI.TP505868","6","59912704","1.8222e-05","0.004","G"
"4","Trait5","mrMLM","NsiI.TP423163","6","59915726","0.0301","0.2229","C"
"4","Trait5","mrMLM","PstI.TP617763","6","59944553","1.4137e-05","0.0031","A"
"4","Trait5","mrMLM","PstI.TP418863","6","59970341","5.3529e-06","0.0012","C"
"4","Trait5","mrMLM","PstI.TP129599","6","59971682","7.4597e-06","0.0016","C"
"4","Trait5","mrMLM","PstI.TP442698","6","59971726","-1.8518e-05","0.0041","G"
"4","Trait5","mrMLM","PstI.TP1057198","6","59986445","-2.3127e-05","0.0051","A"
"4","Trait5","mrMLM","NsiI.TP560218","6","59987875","0.0086","0.1735","A"
"4","Trait5","mrMLM","NsiI.TP546343","6","59988582","4.3229e-05","0.0095","A"
"4","Trait5","mrMLM","PstI.TP1102166","6","59992695","-0.0428","0.4061","G"
"4","Trait5","mrMLM","NsiI.TP495563","6","59994547","-2.4706e-06","5e-04","A"
"4","Trait5","mrMLM","NsiI.TP467799","6","59995545","-3.0099e-05","0.0066","A"
"4","Trait5","mrMLM","PstI.TP468154","6","60014973","-1.8093e-05","0.004","C"
"4","Trait5","mrMLM","PstI.TP868802","6","60027130","4.7033e-06","0.001","C"
"4","Trait5","mrMLM","NsiI.TP484026","6","60029432","-1.5378e-05","0.0034","A"
"4","Trait5","mrMLM","NsiI.TP653986","6","60029500","-0.2045","1.241","C"
"4","Trait5","mrMLM","NsiI.TP420308","6","60032693","-5.235e-06","0.0011","G"
"4","Trait5","mrMLM","NsiI.TP38472","6","60033879","0.0216","0.2329","A"
"4","Trait5","mrMLM","NsiI.TP439076","6","60033895","1.0343e-05","0.0023","C"
"4","Trait5","mrMLM","NsiI.TP319156","6","60040387","-0.0542","0.5159","A"
"4","Trait5","mrMLM","PstI.TP318365","6","60042786","0.129","1.4335","C"
"4","Trait5","mrMLM","PstI.TP1215769","6","60047342","1.1828e-05","0.0026","A"
"4","Trait5","mrMLM","NsiI.TP260863","6","60088479","0.2476","0.7969","A"
"4","Trait5","mrMLM","PstI.TP847186","6","60089588","-5.7697e-06","0.0013","A"
"4","Trait5","mrMLM","PstI.TP715177","6","60091046","-5.4502e-06","0.0012","A"
"4","Trait5","mrMLM","PstI.TP1083831","6","60095067","4.3282e-06","9e-04","C"
"4","Trait5","mrMLM","PstI.TP341197","6","60102603","-9.3862e-06","0.002","A"
"4","Trait5","mrMLM","PstI.TP852912","6","60106545","0.0886","0.9215","C"
"4","Trait5","mrMLM","PstI.TP378126","6","60113569","0.0403","0.233","C"
"4","Trait5","mrMLM","PstI.TP602730","6","60118411","2.8439e-05","0.0062","C"
"4","Trait5","mrMLM","PstI.TP1189353","6","60148665","-9.9937e-06","0.0022","C"
"4","Trait5","mrMLM","PstI.TP104263","6","60154805","5.1147e-06","0.0011","A"
"4","Trait5","mrMLM","PstI.TP230384","6","60169404","0.0817","0.8427","A"
"4","Trait5","mrMLM","PstI.TP230539","6","60169420","0.0125","0.183","A"
"4","Trait5","mrMLM","PstI.TP416435","6","60209749","-3.4798e-05","0.0076","A"
"4","Trait5","mrMLM","PstI.TP1149778","6","60214816","1.5158e-05","0.0033","C"
"4","Trait5","mrMLM","PstI.TP1149043","6","60216688","6.6658e-07","1e-04","A"
"4","Trait5","mrMLM","NsiI.TP781","6","60217819","-1.2334e-05","0.0027","C"
"4","Trait5","mrMLM","PstI.TP241352","6","60244644","-0.0464","0.2669","A"
"4","Trait5","mrMLM","NsiI.TP832308","6","60249745","4.6069e-05","0.0101","C"
"4","Trait5","mrMLM","NsiI.TP208703","6","60262934","0.0117","0.1802","G"
"4","Trait5","mrMLM","PstI.TP345529","6","60263361","-8.8412e-06","0.0019","C"
"4","Trait5","mrMLM","PstI.TP1063220","6","60291900","-7.4833e-06","0.0016","A"
"4","Trait5","mrMLM","NsiI.TP462327","6","60309461","1.7671e-05","0.0039","A"
"4","Trait5","mrMLM","NsiI.TP798937","6","60315548","-2.0418e-05","0.0045","C"
"4","Trait5","mrMLM","PstI.TP197872","6","60334759","-1.6196e-05","0.0035","A"
"4","Trait5","mrMLM","PstI.TP57877","6","60339998","-0.1147","0.742","A"
"4","Trait5","mrMLM","PstI.TP694243","6","60342369","-1.6036e-05","0.0035","C"
"4","Trait5","mrMLM","NsiI.TP515368","6","60343446","9.2079e-06","0.002","A"
"4","Trait5","mrMLM","PstI.TP842838","6","60343852","3.0324e-05","0.0067","C"
"4","Trait5","mrMLM","PstI.TP869627","6","60343900","-1.3161e-05","0.0029","C"
"4","Trait5","mrMLM","PstI.TP635120","6","60367190","3.5387e-05","0.0078","A"
"4","Trait5","mrMLM","PstI.TP970427","6","60381753","1.1069e-05","0.0024","C"
"4","Trait5","mrMLM","PstI.TP1123906","6","60391907","0.0739","0.4409","A"
"4","Trait5","mrMLM","PstI.TP9243","6","60399770","9.5484e-06","0.0021","A"
"4","Trait5","mrMLM","NsiI.TP553287","6","60412595","-2.9708e-05","0.0065","C"
"4","Trait5","mrMLM","NsiI.TP701438","6","60419610","1.3646e-05","0.003","C"
"4","Trait5","mrMLM","PstI.TP849641","6","60429835","-1.9473e-06","4e-04","C"
"4","Trait5","mrMLM","PstI.TP265313","6","60430462","8.2547e-06","0.0018","G"
"4","Trait5","mrMLM","PstI.TP265310","6","60430494","-0.2722","1.512","A"
"4","Trait5","mrMLM","NsiI.TP566468","6","60434717","-2.0008e-05","0.0044","C"
"4","Trait5","mrMLM","PstI.TP575261","6","60436204","0.053","0.5066","C"
"4","Trait5","mrMLM","PstI.TP1198766","6","60436257","-9.6349e-06","0.0021","A"
"4","Trait5","mrMLM","NsiI.TP377463","6","60436934","1.6999e-05","0.0037","A"
"4","Trait5","mrMLM","NsiI.TP530594","6","60462758","1.3539e-05","0.003","A"
"4","Trait5","mrMLM","NsiI.TP447267","6","60469529","0.3471","1.3696","A"
"4","Trait5","mrMLM","PstI.TP596173","6","60494225","4.8538e-06","0.0011","A"
"4","Trait5","mrMLM","PstI.TP126085","6","60503682","-0.1542","1.8712","A"
"4","Trait5","mrMLM","PstI.TP689277","6","60532782","1.2093e-05","0.0026","C"
"4","Trait5","mrMLM","NsiI.TP120969","6","60535359","5.2807e-08","1.1492e-05","A"
"4","Trait5","mrMLM","NsiI.TP29303","6","60535449","1.3258e-05","0.0029","C"
"4","Trait5","mrMLM","NsiI.TP487191","6","60542053","0.0346","0.3068","G"
"4","Trait5","mrMLM","PstI.TP270919","6","60547387","-0.1093","0.8934","A"
"4","Trait5","mrMLM","PstI.TP367854","6","60552256","2.0653e-05","0.0045","A"
"4","Trait5","mrMLM","NsiI.TP716304","6","60564615","-0.0507","0.3626","C"
"4","Trait5","mrMLM","NsiI.TP354992","6","60567551","-1.393e-05","0.003","C"
"4","Trait5","mrMLM","PstI.TP1129524","6","60568508","0.0227","0.1953","C"
"4","Trait5","mrMLM","NsiI.TP755117","6","60605057","9.8696e-06","0.0022","A"
"4","Trait5","mrMLM","PstI.TP850678","6","60613447","1.2746e-05","0.0028","A"
"4","Trait5","mrMLM","PstI.TP508638","6","60618174","3.0151e-06","7e-04","C"
"4","Trait5","mrMLM","PstI.TP1097898","6","60631235","-0.1151","0.5014","C"
"4","Trait5","mrMLM","NsiI.TP198104","6","60637596","0.2424","1.5646","C"
"4","Trait5","mrMLM","PstI.TP328075","6","60646349","-6.14e-06","0.0013","A"
"4","Trait5","mrMLM","PstI.TP940966","6","60646441","4.4898e-06","0.001","C"
"4","Trait5","mrMLM","PstI.TP972848","6","60648409","-1.9952e-05","0.0044","C"
"4","Trait5","mrMLM","NsiI.TP438846","6","60651214","-0.026","0.2191","A"
"4","Trait5","mrMLM","NsiI.TP281038","6","60652088","-0.0082","0.1722","C"
"4","Trait5","mrMLM","PstI.TP122561","6","60674270","-1.3972e-05","0.0031","C"
"4","Trait5","mrMLM","PstI.TP26581","6","60674367","-2.7843e-06","6e-04","A"
"4","Trait5","mrMLM","PstI.TP980534","6","60689389","-0.0045","0.1022","A"
"4","Trait5","mrMLM","PstI.TP980540","6","60689401","-0.2376","1.6531","C"
"4","Trait5","mrMLM","PstI.TP66649","6","60694093","1.066e-05","0.0023","A"
"4","Trait5","mrMLM","PstI.TP710627","6","60713934","0.0911","0.9736","A"
"4","Trait5","mrMLM","PstI.TP639463","6","60717357","9.3823e-06","0.002","C"
"4","Trait5","mrMLM","NsiI.TP119888","6","60728366","1.5439e-05","0.0034","C"
"4","Trait5","mrMLM","NsiI.TP108795","6","60742462","0.0077","0.1369","A"
"4","Trait5","mrMLM","NsiI.TP618390","6","60751309","3.7806e-06","8e-04","A"
"4","Trait5","mrMLM","NsiI.TP687408","6","60752823","-1.7186e-05","0.0038","A"
"4","Trait5","mrMLM","NsiI.TP113749","6","60754309","1.5621e-05","0.0034","G"
"4","Trait5","mrMLM","NsiI.TP554250","6","60761230","-0.0169","0.1659","C"
"4","Trait5","mrMLM","PstI.TP189668","6","60778232","2.6053e-05","0.0057","C"
"4","Trait5","mrMLM","NsiI.TP385601","6","60780427","5.0271e-06","0.0011","A"
"4","Trait5","mrMLM","NsiI.TP622761","6","60784944","6.782e-06","0.0015","G"
"4","Trait5","mrMLM","NsiI.TP462904","6","60785010","0.0411","0.232","C"
"4","Trait5","mrMLM","NsiI.TP462905","6","60785058","-1.3094e-05","0.0029","A"
"4","Trait5","mrMLM","NsiI.TP493318","6","60799416","3.6345e-06","8e-04","A"
"4","Trait5","mrMLM","PstI.TP1193013","6","60825902","0.2381","1.3432","C"
"4","Trait5","mrMLM","PstI.TP239479","6","60863430","-1.2187e-06","3e-04","A"
"4","Trait5","mrMLM","PstI.TP239480","6","60863471","-0.0184","0.2084","G"
"4","Trait5","mrMLM","NsiI.TP414274","6","60875029","-8.7249e-06","0.0019","G"
"4","Trait5","mrMLM","PstI.TP337023","6","60875356","2.4983e-05","0.0055","A"
"4","Trait5","mrMLM","PstI.TP537490","6","60875735","-3.3375e-07","7.2634e-05","A"
"4","Trait5","mrMLM","NsiI.TP612406","6","60875790","-0.1693","1.0109","C"
"4","Trait5","mrMLM","NsiI.TP35284","6","60880292","-1.9517e-05","0.0043","A"
"4","Trait5","mrMLM","NsiI.TP130499","6","60880934","5.8967e-06","0.0013","C"
"4","Trait5","mrMLM","PstI.TP957846","6","60884941","-0.1112","0.4419","C"
"4","Trait5","mrMLM","PstI.TP969397","6","60888114","-5.7388e-07","1e-04","C"
"4","Trait5","mrMLM","PstI.TP1056336","6","60888540","2.8671e-07","6.2399e-05","A"
"4","Trait5","mrMLM","NsiI.TP441356","6","60900720","-1.4679e-05","0.0032","A"
"4","Trait5","mrMLM","PstI.TP143356","6","60904975","6.5385e-06","0.0014","A"
"4","Trait5","mrMLM","NsiI.TP723118","6","60909505","-1.4114e-05","0.0031","C"
"4","Trait5","mrMLM","PstI.TP786113","6","60914620","-8.9105e-06","0.0019","G"
"4","Trait5","mrMLM","PstI.TP882117","6","60916924","2.0082e-05","0.0044","A"
"4","Trait5","mrMLM","NsiI.TP463510","6","60917451","-2.297e-05","0.005","A"
"4","Trait5","mrMLM","PstI.TP931840","6","60969038","-1.8108e-05","0.004","A"
"4","Trait5","mrMLM","NsiI.TP593220","6","60969842","0.0105","0.1715","A"
"4","Trait5","mrMLM","NsiI.TP352630","6","61001540","-1.681e-05","0.0037","A"
"4","Trait5","mrMLM","NsiI.TP6145","6","61036028","0.0153","0.2405","C"
"4","Trait5","mrMLM","NsiI.TP370740","6","61057670","1.7487e-05","0.0038","C"
"4","Trait5","mrMLM","NsiI.TP521456","6","61057730","-1.3113e-05","0.0029","G"
"4","Trait5","mrMLM","PstI.TP180297","6","61058221","-2.8045e-06","6e-04","A"
"4","Trait5","mrMLM","PstI.TP1091418","6","61060394","0.0484","0.3624","A"
"4","Trait5","mrMLM","PstI.TP1091422","6","61060401","-0.0639","0.7465","A"
"4","Trait5","mrMLM","PstI.TP377002","6","61062556","-8.6588e-06","0.0019","A"
"4","Trait5","mrMLM","PstI.TP18970","6","61062915","3.7375e-05","0.0082","C"
"4","Trait5","mrMLM","PstI.TP53078","6","61063893","3.9298e-06","9e-04","A"
"4","Trait5","mrMLM","PstI.TP781185","6","61093857","1.2679e-05","0.0028","C"
"4","Trait5","mrMLM","GFSSContig19719_251","6","61112395","0.0074","0.1302","T"
"4","Trait5","mrMLM","NsiI.TP291101","6","61129114","0.1665","1.8459","A"
"4","Trait5","mrMLM","NsiI.TP414216","6","61141240","0.0514","0.2887","G"
"4","Trait5","mrMLM","PstI.TP737762","6","61153494","-9.4908e-06","0.0021","A"
"4","Trait5","mrMLM","PstI.TP120908","6","61169728","5.1257e-06","0.0011","A"
"4","Trait5","mrMLM","NsiI.TP815226","6","61195375","-2.9565e-05","0.0065","A"
"4","Trait5","mrMLM","NsiI.TP494652","6","61215782","-0.1364","0.4931","A"
"4","Trait5","mrMLM","NsiI.TP481611","6","61215825","-0.0357","0.4496","C"
"4","Trait5","mrMLM","NsiI.TP311723","6","61255833","3.0081e-05","0.0066","A"
"4","Trait5","mrMLM","GFSSContig19690_2175","6","61270516","-5.6824e-06","0.0012","A"
"4","Trait5","mrMLM","NsiI.TP150595","6","61271173","0.0218","0.2849","C"
"4","Trait5","mrMLM","NsiI.TP304335","6","61272905","1.8461e-05","0.004","A"
"4","Trait5","mrMLM","NsiI.TP233877","7","31517","0.0325","0.3233","A"
"4","Trait5","mrMLM","PstI.TP362309","7","71318","7.1361e-06","0.0016","A"
"4","Trait5","mrMLM","NsiI.TP454446","7","78212","-2.0113e-05","0.0044","G"
"4","Trait5","mrMLM","PstI.TP76154","7","78270","7.268e-07","2e-04","C"
"4","Trait5","mrMLM","PstI.TP630774","7","78389","-1.7081e-05","0.0037","C"
"4","Trait5","mrMLM","NsiI.TP503227","7","87451","-0.1159","0.9606","C"
"4","Trait5","mrMLM","PstI.TP1291023","7","106971","-0.4886","2.2861","A"
"4","Trait5","mrMLM","PstI.TP116696","7","122728","-1.8857e-05","0.0041","C"
"4","Trait5","mrMLM","PstI.TP1196894","7","124663","2.5645e-05","0.0056","G"
"4","Trait5","mrMLM","PstI.TP89020","7","147527","0.2472","0.7924","A"
"4","Trait5","mrMLM","NsiI.TP522662","7","218157","1.5337e-05","0.0034","A"
"4","Trait5","mrMLM","NsiI.TP616438","7","220037","0.0246","0.2362","G"
"4","Trait5","mrMLM","NsiI.TP135109","7","234266","3.8205e-06","8e-04","C"
"4","Trait5","mrMLM","PstI.TP161281","7","277773","-2.85e-06","6e-04","A"
"4","Trait5","mrMLM","PstI.TP149030","7","321322","-0.1775","0.9785","C"
"4","Trait5","mrMLM","NsiI.TP414779","7","321443","0.0044","0.0868","A"
"4","Trait5","mrMLM","PstI.TP71420","7","342781","7.653e-06","0.0017","A"
"4","Trait5","mrMLM","NsiI.TP687419","7","367431","-1.5322e-06","3e-04","A"
"4","Trait5","mrMLM","PstI.TP549777","7","410234","1.3935e-05","0.003","A"
"4","Trait5","mrMLM","NsiI.TP383667","7","419094","-0.0852","0.5363","A"
"4","Trait5","mrMLM","NsiI.TP360855","7","438208","2.246e-05","0.0049","C"
"4","Trait5","mrMLM","GFk35ctg307257_202","7","454127","0.1636","1.0484","C"
"4","Trait5","mrMLM","NsiI.TP368808","7","460393","0.165","0.7399","C"
"4","Trait5","mrMLM","NsiI.TP780103","7","462996","-3.086e-05","0.0068","A"
"4","Trait5","mrMLM","NsiI.TP559899","7","468069","-3.4221e-06","7e-04","A"
"4","Trait5","mrMLM","PstI.TP1016898","7","469707","-0.3194","1.0928","C"
"4","Trait5","mrMLM","PstI.TP72122","7","476104","1.2383e-05","0.0027","G"
"4","Trait5","mrMLM","NsiI.TP520570","7","545180","1.3407e-05","0.0029","A"
"4","Trait5","mrMLM","NsiI.TP525038","7","581686","-2.3734e-05","0.0052","G"
"4","Trait5","mrMLM","PstI.TP718858","7","651781","-4.2385e-05","0.0093","C"
"4","Trait5","mrMLM","PstI.TP997226","7","651806","-9.2912e-07","2e-04","C"
"4","Trait5","mrMLM","PstI.TP892511","7","657459","-7.1489e-06","0.0016","C"
"4","Trait5","mrMLM","NsiI.TP426016","7","737647","0.0839","0.6638","A"
"4","Trait5","mrMLM","NsiI.TP406194","7","747515","7.9235e-07","2e-04","C"
"4","Trait5","mrMLM","PstI.TP59203","7","749733","7.6473e-06","0.0017","A"
"4","Trait5","mrMLM","PstI.TP821402","7","756601","-2.2945e-05","0.005","C"
"4","Trait5","mrMLM","NsiI.TP437012","7","773307","-2.2229e-05","0.0049","C"
"4","Trait5","mrMLM","PstI.TP788417","7","776026","3.6719e-07","7.9915e-05","C"
"4","Trait5","mrMLM","NsiI.TP504300","7","797624","-6.2686e-06","0.0014","C"
"4","Trait5","mrMLM","NsiI.TP795154","7","797632","-0.0411","0.2951","A"
"4","Trait5","mrMLM","PstI.TP985052","7","798011","0.1182","0.9927","A"
"4","Trait5","mrMLM","NsiI.TP499460","7","798923","-1.1686e-05","0.0026","C"
"4","Trait5","mrMLM","NsiI.TP762015","7","823818","5.3693e-06","0.0012","A"
"4","Trait5","mrMLM","PstI.TP433372","7","840822","1.4913e-05","0.0033","A"
"4","Trait5","mrMLM","PstI.TP643786","7","854183","8.5479e-06","0.0019","G"
"4","Trait5","mrMLM","PstI.TP1182515","7","1054816","-0.008","0.1163","C"
"4","Trait5","mrMLM","PstI.TP543910","7","1085478","3.2979e-05","0.0072","A"
"4","Trait5","mrMLM","PstI.TP712552","7","1086282","0.0883","0.6568","G"
"4","Trait5","mrMLM","PstI.TP981064","7","1089957","-3.9624e-05","0.0087","C"
"4","Trait5","mrMLM","NsiI.TP264302","7","1095474","-5.0881e-08","1.1074e-05","A"
"4","Trait5","mrMLM","NsiI.TP187645","7","1097793","-2.556e-05","0.0056","A"
"4","Trait5","mrMLM","NsiI.TP746335","7","1106834","-7.922e-06","0.0017","A"
"4","Trait5","mrMLM","NsiI.TP512240","7","1162933","-1.0908e-05","0.0024","C"
"4","Trait5","mrMLM","NsiI.TP110876","7","1168364","1.1386e-05","0.0025","C"
"4","Trait5","mrMLM","PstI.TP1216346","7","1189753","6.9052e-06","0.0015","C"
"4","Trait5","mrMLM","NsiI.TP235215","7","1216516","-2.2472e-06","5e-04","A"
"4","Trait5","mrMLM","NsiI.TP222605","7","1240431","-7.0543e-06","0.0015","A"
"4","Trait5","mrMLM","NsiI.TP172100","7","1240905","2.6747e-05","0.0059","C"
"4","Trait5","mrMLM","PstI.TP400705","7","1246953","-0.0228","0.1577","C"
"4","Trait5","mrMLM","PstI.TP1251020","7","1288842","-1.8915e-05","0.0041","C"
"4","Trait5","mrMLM","PstI.TP1028796","7","1303319","8.2002e-06","0.0018","A"
"4","Trait5","mrMLM","PstI.TP1031122","7","1303332","-0.2149","1.2863","G"
"4","Trait5","mrMLM","PstI.TP1142585","7","1313266","-4.714e-06","0.001","G"
"4","Trait5","mrMLM","PstI.TP1064114","7","1325659","1.003e-05","0.0022","A"
"4","Trait5","mrMLM","NsiI.TP472028","7","1360842","-7.6526e-06","0.0017","G"
"4","Trait5","mrMLM","NsiI.TP467189","7","1360879","0.085","0.5389","C"
"4","Trait5","mrMLM","PstI.TP768360","7","1380504","2.8577e-05","0.0063","G"
"4","Trait5","mrMLM","NsiI.TP808619","7","1383551","-0.0053","0.1164","C"
"4","Trait5","mrMLM","NsiI.TP612238","7","1383894","0.0993","0.4662","A"
"4","Trait5","mrMLM","NsiI.TP612137","7","1383916","-0.0484","0.536","A"
"4","Trait5","mrMLM","PstI.TP633054","7","1390154","0.1568","1.0748","G"
"4","Trait5","mrMLM","PstI.TP215636","7","1402504","-1.5051e-05","0.0033","G"
"4","Trait5","mrMLM","PstI.TP834052","7","1418418","-6.4088e-06","0.0014","C"
"4","Trait5","mrMLM","PstI.TP1211451","7","1420994","1.4851e-05","0.0032","G"
"4","Trait5","mrMLM","PstI.TP1061605","7","1432552","-0.1816","0.9003","A"
"4","Trait5","mrMLM","PstI.TP229796","7","1433957","1.5917e-05","0.0035","C"
"4","Trait5","mrMLM","PstI.TP77165","7","1443983","-1.826e-06","4e-04","G"
"4","Trait5","mrMLM","PstI.TP977648","7","1460970","3.1546e-05","0.0069","A"
"4","Trait5","mrMLM","NsiI.TP519707","7","1494744","1.9362e-05","0.0042","C"
"4","Trait5","mrMLM","PstI.TP454165","7","1503587","9.9081e-06","0.0022","A"
"4","Trait5","mrMLM","NsiI.TP41929","7","1503935","-1.3407e-05","0.0029","C"
"4","Trait5","mrMLM","PstI.TP141762","7","1604759","-0.0475","0.546","A"
"4","Trait5","mrMLM","NsiI.TP475190","7","1627543","8.908e-06","0.0019","G"
"4","Trait5","mrMLM","NsiI.TP243634","7","1646153","3.8386e-06","8e-04","A"
"4","Trait5","mrMLM","NsiI.TP503868","7","1648689","-1.82e-05","0.004","A"
"4","Trait5","mrMLM","PstI.TP643470","7","1653536","2.2729e-05","0.005","A"
"4","Trait5","mrMLM","NsiI.TP362274","7","1658453","-1.5881e-05","0.0035","A"
"4","Trait5","mrMLM","PstI.TP1061318","7","1661194","0.0075","0.0965","C"
"4","Trait5","mrMLM","PstI.TP1061319","7","1661199","2.4398e-05","0.0053","C"
"4","Trait5","mrMLM","NsiI.TP568639","7","1664330","-5.143e-06","0.0011","A"
"4","Trait5","mrMLM","NsiI.TP150181","7","1675157","1.024e-05","0.0022","C"
"4","Trait5","mrMLM","NsiI.TP533478","7","1678358","-7.6122e-06","0.0017","A"
"4","Trait5","mrMLM","NsiI.TP643463","7","1680615","-0.019","0.1811","A"
"4","Trait5","mrMLM","PstI.TP1286770","7","1680833","5.3437e-06","0.0012","A"
"4","Trait5","mrMLM","PstI.TP474961","7","1691478","-9.9152e-08","2.1578e-05","A"
"4","Trait5","mrMLM","PstI.TP706482","7","1754790","0.1437","1.1952","A"
"4","Trait5","mrMLM","PstI.TP79465","7","1754896","-0.1431","0.8469","A"
"4","Trait5","mrMLM","PstI.TP1045547","7","1778675","9.8932e-06","0.0022","C"
"4","Trait5","mrMLM","PstI.TP1076746","7","1802206","0.0229","0.2236","A"
"4","Trait5","mrMLM","NsiI.TP113035","7","1804303","-1.5008e-05","0.0033","A"
"4","Trait5","mrMLM","NsiI.TP115247","7","1804354","-2.3779e-05","0.0052","G"
"4","Trait5","mrMLM","GFSSContig11513_84","7","1805729","-2.2856e-05","0.005","T"
"4","Trait5","mrMLM","PstI.TP271997","7","1839611","-0.0512","0.4814","C"
"4","Trait5","mrMLM","NsiI.TP588631","7","1873557","0.0211","0.2001","A"
"4","Trait5","mrMLM","PstI.TP1191431","7","1883676","-0.0622","0.7997","A"
"4","Trait5","mrMLM","NsiI.TP525180","7","1891440","5e-04","0.0262","A"
"4","Trait5","mrMLM","NsiI.TP102210","7","1894315","-0.2542","2.148","A"
"4","Trait5","mrMLM","NsiI.TP469149","7","1901285","1.7657e-05","0.0039","C"
"4","Trait5","mrMLM","NsiI.TP375383","7","1908008","-0.0208","0.2249","A"
"4","Trait5","mrMLM","NsiI.TP374410","7","1908019","2.0555e-05","0.0045","C"
"4","Trait5","mrMLM","NsiI.TP286650","7","1933432","-4.0353e-06","9e-04","A"
"4","Trait5","mrMLM","NsiI.TP692534","7","1937765","1.2563e-05","0.0027","A"
"4","Trait5","mrMLM","NsiI.TP229958","7","1960867","-0.023","0.3048","C"
"4","Trait5","mrMLM","NsiI.TP440843","7","1968005","-0.1996","1.0568","A"
"4","Trait5","mrMLM","PstI.TP293085","7","1972073","0.1832","1.2021","C"
"4","Trait5","mrMLM","PstI.TP934985","7","1982705","1.5363e-05","0.0034","A"
"4","Trait5","mrMLM","PstI.TP340330","7","1987572","-3.4329e-06","7e-04","G"
"4","Trait5","mrMLM","PstI.TP340301","7","1987573","1.3894e-05","0.003","A"
"4","Trait5","mrMLM","PstI.TP138735","7","2001327","-5.3533e-06","0.0012","C"
"4","Trait5","mrMLM","PstI.TP270769","7","2063094","-2.1597e-06","5e-04","C"
"4","Trait5","mrMLM","PstI.TP1199809","7","2082784","7.9351e-06","0.0017","A"
"4","Trait5","mrMLM","NsiI.TP812159","7","2098680","-3.4375e-05","0.0075","A"
"4","Trait5","mrMLM","NsiI.TP812160","7","2098697","0.1477","1.3845","A"
"4","Trait5","mrMLM","NsiI.TP67521","7","2099707","3.9629e-05","0.0087","C"
"4","Trait5","mrMLM","PstI.TP197681","7","2110172","-3.7319e-05","0.0082","G"
"4","Trait5","mrMLM","NsiI.TP28773","7","2117187","-5.0118e-05","0.011","C"
"4","Trait5","mrMLM","PstI.TP825666","7","2131382","1.17e-05","0.0026","A"
"4","Trait5","mrMLM","PstI.TP253544","7","2187253","-0.1321","0.9438","C"
"4","Trait5","mrMLM","PstI.TP1057472","7","2187272","0.053","0.4903","C"
"4","Trait5","mrMLM","PstI.TP793646","7","2187750","-0.0218","0.2357","A"
"4","Trait5","mrMLM","PstI.TP1028128","7","2201611","1.5635e-05","0.0034","C"
"4","Trait5","mrMLM","PstI.TP1055204","7","2203532","-4.2058e-05","0.0093","A"
"4","Trait5","mrMLM","PstI.TP678719","7","2276860","0.0624","0.2731","C"
"4","Trait5","mrMLM","PstI.TP1154051","7","2281224","9.3504e-06","0.002","G"
"4","Trait5","mrMLM","PstI.TP870845","7","2284440","0.1114","0.6855","C"
"4","Trait5","mrMLM","NsiI.TP420886","7","2343364","-3.7225e-06","8e-04","C"
"4","Trait5","mrMLM","NsiI.TP420885","7","2343371","1.1541e-05","0.0025","A"
"4","Trait5","mrMLM","NsiI.TP402503","7","2347078","-1.4755e-05","0.0032","C"
"4","Trait5","mrMLM","NsiI.TP402502","7","2347086","-6.5135e-07","1e-04","C"
"4","Trait5","mrMLM","NsiI.TP256534","7","2351793","-0.0344","0.4259","G"
"4","Trait5","mrMLM","PstI.TP1137413","7","2359416","5.3371e-07","1e-04","C"
"4","Trait5","mrMLM","PstI.TP679208","7","2374884","-8.6302e-07","2e-04","C"
"4","Trait5","mrMLM","PstI.TP387668","7","2383299","-2.4829e-05","0.0054","A"
"4","Trait5","mrMLM","PstI.TP198419","7","2405340","4.6563e-06","0.001","C"
"4","Trait5","mrMLM","NsiI.TP812695","7","2433148","1.0174e-05","0.0022","G"
"4","Trait5","mrMLM","NsiI.TP724650","7","2502364","-2.3814e-05","0.0052","A"
"4","Trait5","mrMLM","PstI.TP1283465","7","2512207","-2.4113e-05","0.0053","C"
"4","Trait5","mrMLM","NsiI.TP298234","7","2512364","-1.8329e-05","0.004","A"
"4","Trait5","mrMLM","PstI.TP1059264","7","2513181","-0.0275","0.3364","A"
"4","Trait5","mrMLM","NsiI.TP831201","7","2520021","0.0477","0.2347","A"
"4","Trait5","mrMLM","NsiI.TP770977","7","2522487","9.433e-06","0.0021","A"
"4","Trait5","mrMLM","PstI.TP805642","7","2565264","4.1107e-05","0.009","C"
"4","Trait5","mrMLM","PstI.TP1172762","7","2566095","-0.1045","1.0877","A"
"4","Trait5","mrMLM","NsiI.TP624098","7","2572891","-6.9151e-06","0.0015","G"
"4","Trait5","mrMLM","NsiI.TP575452","7","2617552","-2.0099e-05","0.0044","G"
"4","Trait5","mrMLM","PstI.TP261556","7","2620886","6.4786e-06","0.0014","A"
"4","Trait5","mrMLM","PstI.TP1188914","7","2692610","0.0378","0.2368","A"
"4","Trait5","mrMLM","PstI.TP990600","7","2692966","2.2787e-05","0.005","A"
"4","Trait5","mrMLM","PstI.TP321113","7","2693846","-0.0565","0.482","A"
"4","Trait5","mrMLM","NsiI.TP572114","7","2703023","6.1447e-06","0.0013","A"
"4","Trait5","mrMLM","NsiI.TP188498","7","2709638","1.0402e-05","0.0023","C"
"4","Trait5","mrMLM","NsiI.TP191300","7","2725364","-9.1901e-06","0.002","A"
"4","Trait5","mrMLM","NsiI.TP830102","7","2763961","0.0306","0.4353","C"
"4","Trait5","mrMLM","PstI.TP982772","7","2764158","-0.0335","0.3753","A"
"4","Trait5","mrMLM","PstI.TP16677","7","2767454","0.0197","0.2317","C"
"4","Trait5","mrMLM","NsiI.TP362255","7","2774902","-1.2263e-05","0.0027","A"
"4","Trait5","mrMLM","NsiI.TP578097","7","2775569","2.134e-05","0.0047","A"
"4","Trait5","mrMLM","PstI.TP1008394","7","2791574","0.0832","1.1044","G"
"4","Trait5","mrMLM","NsiI.TP242033","7","2792990","-3.3663e-06","7e-04","A"
"4","Trait5","mrMLM","PstI.TP808876","7","2795951","-1.4107e-05","0.0031","C"
"4","Trait5","mrMLM","PstI.TP932019","7","2799041","1.9433e-05","0.0043","A"
"4","Trait5","mrMLM","PstI.TP862286","7","2806490","9.7351e-06","0.0021","A"
"4","Trait5","mrMLM","PstI.TP18359","7","2813374","2.8227e-05","0.0062","A"
"4","Trait5","mrMLM","NsiI.TP778360","7","2837055","-1.3079e-05","0.0029","C"
"4","Trait5","mrMLM","PstI.TP672745","7","2844559","0.0378","0.3627","A"
"4","Trait5","mrMLM","NsiI.TP476441","7","2882399","0.0184","0.2274","G"
"4","Trait5","mrMLM","NsiI.TP208644","7","2948394","-1.0768e-05","0.0023","C"
"4","Trait5","mrMLM","PstI.TP1067806","7","2948785","-3.1783e-05","0.007","A"
"4","Trait5","mrMLM","PstI.TP197493","7","2953287","-0.3508","2.7488","G"
"4","Trait5","mrMLM","NsiI.TP115575","7","2958932","-6.7537e-06","0.0015","C"
"4","Trait5","mrMLM","NsiI.TP610620","7","3000759","2.3184e-05","0.0051","G"
"4","Trait5","mrMLM","NsiI.TP266866","7","3010837","0.0284","0.2954","A"
"4","Trait5","mrMLM","PstI.TP516306","7","3117265","4.7924e-06","0.001","C"
"4","Trait5","mrMLM","PstI.TP508326","7","3173871","1.6688e-05","0.0036","A"
"4","Trait5","mrMLM","PstI.TP199462","7","3195826","1.7735e-05","0.0039","A"
"4","Trait5","mrMLM","NsiI.TP42443","7","3203753","-1.3216e-05","0.0029","C"
"4","Trait5","mrMLM","PstI.TP617554","7","3245920","0.0466","0.4315","A"
"4","Trait5","mrMLM","NsiI.TP321901","7","3317128","0.0376","0.1877","G"
"4","Trait5","mrMLM","NsiI.TP563423","7","3323269","3.1787e-05","0.007","A"
"4","Trait5","mrMLM","PstI.TP761628","7","3375479","0.2851","2.5288","A"
"4","Trait5","mrMLM","PstI.TP307620","7","3459049","-3.8827e-05","0.0085","G"
"4","Trait5","mrMLM","NsiI.TP135237","7","3464514","2.6978e-05","0.0059","C"
"4","Trait5","mrMLM","NsiI.TP163308","7","3585363","1.6602e-05","0.0036","A"
"4","Trait5","mrMLM","PstI.TP1032634","7","3707711","-0.0263","0.3388","A"
"4","Trait5","mrMLM","PstI.TP818807","7","3709239","-0.0118","0.1665","A"
"4","Trait5","mrMLM","NsiI.TP619101","7","3733987","-1.8427e-05","0.004","C"
"4","Trait5","mrMLM","NsiI.TP497487","7","3742908","-3.3901e-05","0.0074","A"
"4","Trait5","mrMLM","NsiI.TP184294","7","3743094","-2.4209e-05","0.0053","C"
"4","Trait5","mrMLM","NsiI.TP491807","7","3757837","-0.075","0.5398","C"
"4","Trait5","mrMLM","PstI.TP676397","7","3778096","-0.098","0.8706","A"
"4","Trait5","mrMLM","NsiI.TP575618","7","3778581","1.2019e-06","3e-04","C"
"4","Trait5","mrMLM","PstI.TP858615","7","3805095","1.6611e-05","0.0036","A"
"4","Trait5","mrMLM","NsiI.TP440107","7","3814317","-2.0317e-05","0.0044","A"
"4","Trait5","mrMLM","NsiI.TP414360","7","3815515","0.08","0.7676","G"
"4","Trait5","mrMLM","PstI.TP1046409","7","3827558","0.0154","0.1732","C"
"4","Trait5","mrMLM","PstI.TP529013","7","3866800","1.5839e-05","0.0035","G"
"4","Trait5","mrMLM","NsiI.TP572132","7","3872965","-1.3048e-05","0.0028","A"
"4","Trait5","mrMLM","PstI.TP1048303","7","4207039","1.6752e-05","0.0037","A"
"4","Trait5","mrMLM","PstI.TP222845","7","4213355","-3.7462e-06","8e-04","A"
"4","Trait5","mrMLM","PstI.TP18650","7","4219728","-4.0524e-06","9e-04","A"
"4","Trait5","mrMLM","NsiI.TP33518","7","4232211","-1.8414e-05","0.004","C"
"4","Trait5","mrMLM","NsiI.TP327378","7","4233888","1.3428e-06","3e-04","A"
"4","Trait5","mrMLM","PstI.TP37788","7","4234692","-3.3559e-05","0.0074","C"
"4","Trait5","mrMLM","PstI.TP649675","7","4260480","-0.0708","0.5019","A"
"4","Trait5","mrMLM","PstI.TP1118508","7","4264151","-0.2755","1.8436","C"
"4","Trait5","mrMLM","PstI.TP1234008","7","4337276","-0.0923","0.4664","G"
"4","Trait5","mrMLM","PstI.TP838393","7","4341737","-4.1655e-06","9e-04","C"
"4","Trait5","mrMLM","NsiI.TP161248","7","4355203","-1.181e-05","0.0026","A"
"4","Trait5","mrMLM","PstI.TP1275567","7","4355483","-1.1647e-05","0.0025","C"
"4","Trait5","mrMLM","NsiI.TP82440","7","4441537","0.1078","0.5178","A"
"4","Trait5","mrMLM","PstI.TP98639","7","4445067","1.1739e-05","0.0026","C"
"4","Trait5","mrMLM","PstI.TP251038","7","4460512","2.1562e-05","0.0047","C"
"4","Trait5","mrMLM","PstI.TP1222532","7","4461797","-3.5804e-05","0.0079","A"
"4","Trait5","mrMLM","NsiI.TP670736","7","4463852","0.0189","0.1577","C"
"4","Trait5","mrMLM","NsiI.TP607142","7","4496807","-1.1457e-05","0.0025","A"
"4","Trait5","mrMLM","PstI.TP517078","7","4508915","-3.1318e-05","0.0069","C"
"4","Trait5","mrMLM","PstI.TP22684","7","4514928","-3.2691e-05","0.0072","A"
"4","Trait5","mrMLM","PstI.TP365456","7","4526507","-0.1286","1.2844","C"
"4","Trait5","mrMLM","NsiI.TP149192","7","4567227","9.6019e-06","0.0021","G"
"4","Trait5","mrMLM","PstI.TP1273751","7","4585882","-1.7749e-06","4e-04","A"
"4","Trait5","mrMLM","NsiI.TP70660","7","4588624","-6.8555e-06","0.0015","A"
"4","Trait5","mrMLM","NsiI.TP786537","7","4589376","-0.193","0.9293","A"
"4","Trait5","mrMLM","NsiI.TP744132","7","4622929","0.0593","0.317","A"
"4","Trait5","mrMLM","PstI.TP24175","7","4627972","-0.0597","0.2493","C"
"4","Trait5","mrMLM","PstI.TP487749","7","4632089","4.3166e-06","9e-04","A"
"4","Trait5","mrMLM","NsiI.TP431299","7","4635446","0.12","0.9665","C"
"4","Trait5","mrMLM","PstI.TP893142","7","4656547","-7.5447e-07","2e-04","A"
"4","Trait5","mrMLM","PstI.TP1072201","7","4673781","0.1014","0.9398","A"
"4","Trait5","mrMLM","PstI.TP619771","7","4685825","0.0685","0.8326","C"
"4","Trait5","mrMLM","NsiI.TP762220","7","4688178","0.0052","0.0948","A"
"4","Trait5","mrMLM","NsiI.TP783360","7","4757878","8.8732e-06","0.0019","G"
"4","Trait5","mrMLM","PstI.TP1008862","7","4759370","6.0258e-06","0.0013","A"
"4","Trait5","mrMLM","PstI.TP987135","7","4761936","4.8653e-06","0.0011","C"
"4","Trait5","mrMLM","PstI.TP392695","7","4841795","-3.6405e-05","0.008","A"
"4","Trait5","mrMLM","PstI.TP443088","7","4845121","5.2863e-06","0.0012","C"
"4","Trait5","mrMLM","NsiI.TP724149","7","4865239","1.9505e-05","0.0043","C"
"4","Trait5","mrMLM","PstI.TP27579","7","4882106","9.7452e-06","0.0021","A"
"4","Trait5","mrMLM","NsiI.TP243323","7","4885561","-2.3701e-07","5.158e-05","C"
"4","Trait5","mrMLM","PstI.TP452642","7","4935849","-2.4412e-05","0.0053","C"
"4","Trait5","mrMLM","PstI.TP381943","7","4942526","0.0583","0.464","C"
"4","Trait5","mrMLM","PstI.TP145834","7","4944531","5.2937e-06","0.0012","A"
"4","Trait5","mrMLM","NsiI.TP199797","7","5020538","-7.766e-06","0.0017","A"
"4","Trait5","mrMLM","PstI.TP68667","7","5024644","-0.0649","0.4027","A"
"4","Trait5","mrMLM","PstI.TP1284101","7","5030821","-3.5794e-06","8e-04","G"
"4","Trait5","mrMLM","NsiI.TP621021","7","5038099","3.008e-05","0.0066","C"
"4","Trait5","mrMLM","NsiI.TP765320","7","5038310","0.0963","0.812","C"
"4","Trait5","mrMLM","NsiI.TP765322","7","5038316","-0.1146","1.1576","A"
"4","Trait5","mrMLM","NsiI.TP776591","7","5090878","0.2102","1.1302","C"
"4","Trait5","mrMLM","GFSSContig5034_412","7","5102124","0.1069","1.3296","A"
"4","Trait5","mrMLM","GFSSContig18858_1415","7","5102640","-1.9465e-05","0.0043","T"
"4","Trait5","mrMLM","NsiI.TP830371","7","5114739","7.9187e-06","0.0017","A"
"4","Trait5","mrMLM","PstI.TP344118","7","5120238","-0.0686","0.8083","G"
"4","Trait5","mrMLM","PstI.TP791522","7","5120518","0.0747","0.4225","G"
"4","Trait5","mrMLM","PstI.TP550467","7","5142246","1.2191e-08","2.6531e-06","C"
"4","Trait5","mrMLM","NsiI.TP669661","7","5145108","9.5504e-06","0.0021","A"
"4","Trait5","mrMLM","NsiI.TP225062","7","5145257","0.1357","0.5441","C"
"4","Trait5","mrMLM","PstI.TP587863","7","5156022","1.0099e-05","0.0022","C"
"4","Trait5","mrMLM","PstI.TP1168534","7","5203859","0.0358","0.3003","C"
"4","Trait5","mrMLM","NsiI.TP476849","7","5258285","5.5696e-07","1e-04","G"
"4","Trait5","mrMLM","NsiI.TP593367","7","5258717","2.1029e-05","0.0046","A"
"4","Trait5","mrMLM","PstI.TP864426","7","5264645","0.054","0.4419","A"
"4","Trait5","mrMLM","PstI.TP297547","7","5291285","-1.1995e-05","0.0026","A"
"4","Trait5","mrMLM","PstI.TP370736","7","5301778","0.4036","2.26","A"
"4","Trait5","mrMLM","PstI.TP772665","7","5307446","3.2662e-05","0.0072","C"
"4","Trait5","mrMLM","NsiI.TP348281","7","5308882","-1.7076e-05","0.0037","G"
"4","Trait5","mrMLM","PstI.TP1194691","7","5357683","-1.4355e-05","0.0031","C"
"4","Trait5","mrMLM","PstI.TP862970","7","5359846","-1.0512e-05","0.0023","A"
"4","Trait5","mrMLM","NsiI.TP761207","7","5360231","6.3956e-06","0.0014","A"
"4","Trait5","mrMLM","PstI.TP485183","7","5360417","-6.1389e-06","0.0013","A"
"4","Trait5","mrMLM","PstI.TP453014","7","5368522","-0.1416","1.5129","A"
"4","Trait5","mrMLM","PstI.TP1166626","7","5373971","-0.0655","0.5104","A"
"4","Trait5","mrMLM","GFSSContig18221_1150","7","5395966","0.065","0.8138","T"
"4","Trait5","mrMLM","PstI.TP510683","7","5435496","0.0337","0.4112","A"
"4","Trait5","mrMLM","PstI.TP525905","7","5435503","2.0345e-05","0.0045","C"
"4","Trait5","mrMLM","NsiI.TP632759","7","5447703","-1.7123e-05","0.0037","A"
"4","Trait5","mrMLM","PstI.TP403432","7","5449505","1.0227e-05","0.0022","G"
"4","Trait5","mrMLM","NsiI.TP390395","7","5462820","-5.5173e-06","0.0012","A"
"4","Trait5","mrMLM","NsiI.TP726735","7","5462871","9.1052e-06","0.002","C"
"4","Trait5","mrMLM","NsiI.TP428660","7","5530889","1.1345e-05","0.0025","A"
"4","Trait5","mrMLM","PstI.TP100728","7","5577148","5.1971e-06","0.0011","A"
"4","Trait5","mrMLM","NsiI.TP352047","7","5611318","0.0068","0.1515","A"
"4","Trait5","mrMLM","NsiI.TP504944","7","5647121","0.1455","0.656","G"
"4","Trait5","mrMLM","NsiI.TP276085","7","5655992","-0.0379","0.3007","A"
"4","Trait5","mrMLM","PstI.TP587798","7","5790365","-1.3422e-05","0.0029","C"
"4","Trait5","mrMLM","PstI.TP1105337","7","5792076","1.1005e-05","0.0024","A"
"4","Trait5","mrMLM","PstI.TP327359","7","5810514","0.0069","0.1472","C"
"4","Trait5","mrMLM","PstI.TP636369","7","5813087","0.0168","0.1562","G"
"4","Trait5","mrMLM","NsiI.TP34704","7","5818983","-2.1532e-05","0.0047","C"
"4","Trait5","mrMLM","NsiI.TP38899","7","5819006","2.3016e-05","0.005","A"
"4","Trait5","mrMLM","NsiI.TP811136","7","5846389","0.2328","1.0024","C"
"4","Trait5","mrMLM","PstI.TP803393","7","5903063","-1.3444e-05","0.0029","C"
"4","Trait5","mrMLM","NsiI.TP595012","7","5923519","-8.1879e-06","0.0018","A"
"4","Trait5","mrMLM","PstI.TP1259163","7","5944323","1.7112e-05","0.0037","G"
"4","Trait5","mrMLM","NsiI.TP642549","7","5994953","0.0288","0.2585","C"
"4","Trait5","mrMLM","NsiI.TP77051","7","6197408","-5.0598e-06","0.0011","C"
"4","Trait5","mrMLM","PstI.TP577355","7","6234319","1.66e-05","0.0036","C"
"4","Trait5","mrMLM","PstI.TP172441","7","6253903","-2.1436e-05","0.0047","A"
"4","Trait5","mrMLM","PstI.TP1284091","7","6259508","-0.3339","0.8994","C"
"4","Trait5","mrMLM","PstI.TP1284103","7","6259535","1.8177e-05","0.004","C"
"4","Trait5","mrMLM","PstI.TP998076","7","6406069","1.0863e-05","0.0024","A"
"4","Trait5","mrMLM","PstI.TP538671","7","6414433","-1.8517e-06","4e-04","C"
"4","Trait5","mrMLM","PstI.TP130412","7","6431474","-0.0254","0.2199","C"
"4","Trait5","mrMLM","NsiI.TP322262","7","6431603","0.0767","0.9504","C"
"4","Trait5","mrMLM","NsiI.TP322515","7","6434376","-0.0569","0.5185","A"
"4","Trait5","mrMLM","NsiI.TP180210","7","6437383","7.6064e-06","0.0017","G"
"4","Trait5","mrMLM","PstI.TP158706","7","6454658","8.0705e-06","0.0018","C"
"4","Trait5","mrMLM","PstI.TP158709","7","6454688","-1.6043e-05","0.0035","C"
"4","Trait5","mrMLM","PstI.TP105959","7","6455739","-0.3594","1.4546","C"
"4","Trait5","mrMLM","PstI.TP77448","7","6462447","-1.7706e-05","0.0039","A"
"4","Trait5","mrMLM","NsiI.TP62391","7","6506750","-0.112","0.7752","A"
"4","Trait5","mrMLM","NsiI.TP31742","7","6509038","-4.877e-06","0.0011","C"
"4","Trait5","mrMLM","NsiI.TP671584","7","6531509","1.1407e-05","0.0025","G"
"4","Trait5","mrMLM","PstI.TP32870","7","6626432","-2.9511e-06","6e-04","A"
"4","Trait5","mrMLM","PstI.TP853675","7","6629374","0.1001","0.7601","A"
"4","Trait5","mrMLM","PstI.TP1147564","7","6633613","9.1665e-06","0.002","G"
"4","Trait5","mrMLM","NsiI.TP711942","7","6687297","2.0934e-05","0.0046","G"
"4","Trait5","mrMLM","NsiI.TP320847","7","6699044","-1.9036e-05","0.0042","C"
"4","Trait5","mrMLM","NsiI.TP36702","7","6804549","-0.0552","0.4277","C"
"4","Trait5","mrMLM","PstI.TP512607","7","6804761","1.4477e-05","0.0032","C"
"4","Trait5","mrMLM","PstI.TP383246","7","6823625","-9.5042e-06","0.0021","C"
"4","Trait5","mrMLM","NsiI.TP668487","7","6826335","-5.2738e-06","0.0011","C"
"4","Trait5","mrMLM","NsiI.TP668488","7","6826349","2.0437e-05","0.0045","C"
"4","Trait5","mrMLM","PstI.TP228342","7","6854623","0.2194","0.6752","A"
"4","Trait5","mrMLM","NsiI.TP199853","7","6924493","7.5211e-07","2e-04","A"
"4","Trait5","mrMLM","PstI.TP1207720","7","6941790","-9.6135e-06","0.0021","A"
"4","Trait5","mrMLM","PstI.TP1252920","7","6943481","2.0657e-06","4e-04","A"
"4","Trait5","mrMLM","PstI.TP118537","7","6968017","-0.0435","0.2386","A"
"4","Trait5","mrMLM","PstI.TP153612","7","6994138","1.7102e-05","0.0037","C"
"4","Trait5","mrMLM","PstI.TP1016498","7","7015284","1.2739e-05","0.0028","C"
"4","Trait5","mrMLM","NsiI.TP515789","7","7020475","-2.9591e-06","6e-04","C"
"4","Trait5","mrMLM","PstI.TP252899","7","7025556","6.2966e-06","0.0014","C"
"4","Trait5","mrMLM","NsiI.TP769416","7","7047398","0.1363","0.6441","G"
"4","Trait5","mrMLM","NsiI.TP417553","7","7196443","1.5153e-05","0.0033","A"
"4","Trait5","mrMLM","PstI.TP1287230","7","7558451","8.1617e-06","0.0018","C"
"4","Trait5","mrMLM","PstI.TP915394","7","7565364","4.6481e-06","0.001","C"
"4","Trait5","mrMLM","PstI.TP121587","7","7568149","-1.2722e-05","0.0028","A"
"4","Trait5","mrMLM","PstI.TP237169","7","7588667","-2.1831e-05","0.0048","A"
"4","Trait5","mrMLM","PstI.TP543083","7","7619505","1.4265e-05","0.0031","C"
"4","Trait5","mrMLM","PstI.TP700622","7","7629673","3.7281e-06","8e-04","C"
"4","Trait5","mrMLM","PstI.TP715410","7","7688318","4.6731e-06","0.001","C"
"4","Trait5","mrMLM","PstI.TP217370","7","7697522","1.4992e-05","0.0033","C"
"4","Trait5","mrMLM","PstI.TP470138","7","7700783","1.1996e-06","3e-04","A"
"4","Trait5","mrMLM","PstI.TP1138232","7","7717330","-5.5075e-06","0.0012","G"
"4","Trait5","mrMLM","PstI.TP59966","7","7754399","0.0838","0.4242","A"
"4","Trait5","mrMLM","PstI.TP691886","7","7801705","-0.037","0.3921","C"
"4","Trait5","mrMLM","PstI.TP988116","7","7806809","9.0736e-06","0.002","G"
"4","Trait5","mrMLM","PstI.TP540042","7","7896616","4.9059e-06","0.0011","A"
"4","Trait5","mrMLM","PstI.TP50794","7","7897926","-5.7804e-06","0.0013","C"
"4","Trait5","mrMLM","PstI.TP839556","7","7898486","0.0113","0.144","A"
"4","Trait5","mrMLM","NsiI.TP414907","7","8063785","0.0817","0.9698","A"
"4","Trait5","mrMLM","PstI.TP176464","7","8111489","1.7041e-05","0.0037","C"
"4","Trait5","mrMLM","PstI.TP822493","7","8114551","0.064","0.4929","A"
"4","Trait5","mrMLM","PstI.TP847369","7","8209705","2.8886e-06","6e-04","A"
"4","Trait5","mrMLM","PstI.TP450060","7","8209747","-3.1643e-06","7e-04","C"
"4","Trait5","mrMLM","PstI.TP944548","7","8285238","1.251e-05","0.0027","G"
"4","Trait5","mrMLM","PstI.TP948276","7","8285239","-1.0815e-05","0.0024","C"
"4","Trait5","mrMLM","PstI.TP39204","7","8302668","7.1344e-06","0.0016","A"
"4","Trait5","mrMLM","PstI.TP740770","7","8648631","-1.0152e-05","0.0022","C"
"4","Trait5","mrMLM","PstI.TP1228497","7","8678847","2.3049e-05","0.005","C"
"4","Trait5","mrMLM","PstI.TP744725","7","8678937","0.0125","0.1073","A"
"4","Trait5","mrMLM","PstI.TP347850","7","8702241","0.0336","0.3235","G"
"4","Trait5","mrMLM","PstI.TP1247076","7","8702749","4.418e-05","0.0097","A"
"4","Trait5","mrMLM","NsiI.TP79108","7","8703463","0.0116","0.193","C"
"4","Trait5","mrMLM","PstI.TP63076","7","8703466","3.1034e-05","0.0068","C"
"4","Trait5","mrMLM","PstI.TP402598","7","8718958","-2.6602e-05","0.0058","A"
"4","Trait5","mrMLM","PstI.TP401749","7","8817658","0.1784","1.6645","A"
"4","Trait5","mrMLM","PstI.TP24247","7","8824249","-0.0488","0.2882","A"
"4","Trait5","mrMLM","NsiI.TP695356","7","8824473","0.0035","0.0837","A"
"4","Trait5","mrMLM","PstI.TP761687","7","8826633","-0.1041","0.4964","A"
"4","Trait5","mrMLM","NsiI.TP48654","7","8937885","0.0733","0.4439","C"
"4","Trait5","mrMLM","PstI.TP1123713","7","8942775","0.1509","1.5575","A"
"4","Trait5","mrMLM","PstI.TP899949","7","8945779","0.0349","0.4539","A"
"4","Trait5","mrMLM","PstI.TP735532","7","8949190","1.5854e-06","3e-04","C"
"4","Trait5","mrMLM","PstI.TP283576","7","9134542","-0.0798","0.419","A"
"4","Trait5","mrMLM","PstI.TP232331","7","9157097","1.0878e-05","0.0024","A"
"4","Trait5","mrMLM","PstI.TP140076","7","9159806","0.058","0.645","G"
"4","Trait5","mrMLM","NsiI.TP799862","7","9188295","1.3663e-05","0.003","C"
"4","Trait5","mrMLM","GFSSContig16422_1031","7","9195659","-1.2289e-05","0.0027","T"
"4","Trait5","mrMLM","PstI.TP250211","7","9203961","-4.0886e-05","0.009","A"
"4","Trait5","mrMLM","PstI.TP989535","7","9289972","-0.2102","0.8606","G"
"4","Trait5","mrMLM","PstI.TP1228107","7","9290637","1.8238e-07","3.969e-05","A"
"4","Trait5","mrMLM","PstI.TP180979","7","9386068","0.0493","0.4412","C"
"4","Trait5","mrMLM","NsiI.TP400654","7","9400878","-0.0628","0.9004","A"
"4","Trait5","mrMLM","NsiI.TP43718","7","9445788","0.063","0.5599","A"
"4","Trait5","mrMLM","PstI.TP413296","7","9446773","-2.2286e-05","0.0049","C"
"4","Trait5","mrMLM","PstI.TP239694","7","9517259","-8.9561e-06","0.002","A"
"4","Trait5","mrMLM","PstI.TP1145998","7","9559332","-2.2402e-05","0.0049","C"
"4","Trait5","mrMLM","PstI.TP886832","7","9690416","-0.0845","0.5804","A"
"4","Trait5","mrMLM","NsiI.TP241171","7","9691080","0.1468","1.0305","G"
"4","Trait5","mrMLM","PstI.TP101125","7","9695663","-0.0043","0.0942","A"
"4","Trait5","mrMLM","PstI.TP1207218","7","9698054","0.0133","0.1678","A"
"4","Trait5","mrMLM","PstI.TP1137066","7","9698067","1.4936e-05","0.0033","C"
"4","Trait5","mrMLM","PstI.TP337500","7","9707149","-9.9569e-07","2e-04","A"
"4","Trait5","mrMLM","NsiI.TP731232","7","9723481","0.036","0.3407","C"
"4","Trait5","mrMLM","NsiI.TP703461","7","9747046","0.0907","0.8404","C"
"4","Trait5","mrMLM","NsiI.TP361940","7","9790824","2.447e-05","0.0054","A"
"4","Trait5","mrMLM","NsiI.TP234160","7","9893196","1.7001e-06","4e-04","C"
"4","Trait5","mrMLM","PstI.TP1137784","7","10078994","2.1688e-05","0.0047","A"
"4","Trait5","mrMLM","NsiI.TP739521","7","10267232","4.428e-06","0.001","C"
"4","Trait5","mrMLM","PstI.TP887302","7","10269451","0.1002","1.1898","C"
"4","Trait5","mrMLM","PstI.TP912307","7","10559659","3.1873e-06","7e-04","A"
"4","Trait5","mrMLM","PstI.TP602287","7","10755063","-4.7303e-06","0.001","C"
"4","Trait5","mrMLM","PstI.TP446073","7","10755390","-0.2902","1.3697","G"
"4","Trait5","mrMLM","PstI.TP1114325","7","10792273","-0.3975","3.1072","G"
"4","Trait5","mrMLM","NsiI.TP188730","7","10813151","-0.1532","0.9401","A"
"4","Trait5","mrMLM","NsiI.TP764406","7","10813413","1.7318e-05","0.0038","A"
"4","Trait5","mrMLM","PstI.TP58746","7","10828082","-1.1963e-05","0.0026","G"
"4","Trait5","mrMLM","PstI.TP58742","7","10828090","1.4107e-05","0.0031","C"
"4","Trait5","mrMLM","PstI.TP33591","7","10952239","1.6186e-06","4e-04","C"
"4","Trait5","mrMLM","NsiI.TP677809","7","10961566","1.0529e-05","0.0023","A"
"4","Trait5","mrMLM","NsiI.TP152467","7","11384064","-1.331e-05","0.0029","C"
"4","Trait5","mrMLM","PstI.TP1226596","7","11708406","-0.2008","0.7656","A"
"4","Trait5","mrMLM","NsiI.TP70251","7","11709877","2.1419e-06","5e-04","C"
"4","Trait5","mrMLM","PstI.TP35977","7","11767566","-1.9935e-05","0.0044","G"
"4","Trait5","mrMLM","NsiI.TP87279","7","11961683","3.0071e-05","0.0066","C"
"4","Trait5","mrMLM","PstI.TP1284378","7","12008675","-4.3347e-07","9.4339e-05","C"
"4","Trait5","mrMLM","PstI.TP716056","7","12018520","0.0544","0.5631","A"
"4","Trait5","mrMLM","NsiI.TP488504","7","12062174","2.9169e-05","0.0064","A"
"4","Trait5","mrMLM","PstI.TP266940","7","12109586","-0.1537","0.9024","C"
"4","Trait5","mrMLM","PstI.TP700924","7","12391574","0.1549","1.3212","A"
"4","Trait5","mrMLM","PstI.TP928180","7","12399666","-2.5131e-06","5e-04","A"
"4","Trait5","mrMLM","NsiI.TP167605","7","12611091","0.0545","0.4656","A"
"4","Trait5","mrMLM","PstI.TP167920","7","12624717","9.7954e-06","0.0021","A"
"4","Trait5","mrMLM","PstI.TP919718","7","12653581","-3.0715e-05","0.0067","A"
"4","Trait5","mrMLM","NsiI.TP192954","7","12685152","-4.3123e-06","9e-04","C"
"4","Trait5","mrMLM","PstI.TP1084981","7","12791528","-0.1987","0.8541","A"
"4","Trait5","mrMLM","NsiI.TP652458","7","12799337","1.4144e-05","0.0031","A"
"4","Trait5","mrMLM","NsiI.TP644610","7","12799372","2.4184e-05","0.0053","C"
"4","Trait5","mrMLM","NsiI.TP644325","7","12799384","5.2213e-06","0.0011","A"
"4","Trait5","mrMLM","NsiI.TP644424","7","12799384","0.081","0.6511","A"
"4","Trait5","mrMLM","NsiI.TP644492","7","12799384","-1.7433e-05","0.0038","A"
"4","Trait5","mrMLM","NsiI.TP644649","7","12799385","-5.5943e-06","0.0012","A"
"4","Trait5","mrMLM","NsiI.TP644570","7","12799390","8.3966e-06","0.0018","A"
"4","Trait5","mrMLM","NsiI.TP644536","7","12799392","-0.3556","2.2622","A"
"4","Trait5","mrMLM","NsiI.TP644911","7","12799392","0.0198","0.2273","A"
"4","Trait5","mrMLM","NsiI.TP644967","7","12799393","-0.0132","0.0871","A"
"4","Trait5","mrMLM","NsiI.TP644715","7","12799400","0.1551","1.346","C"
"4","Trait5","mrMLM","NsiI.TP644722","7","12799400","-0.1197","0.8526","A"
"4","Trait5","mrMLM","NsiI.TP149920","7","12799401","5.7106e-06","0.0012","A"
"4","Trait5","mrMLM","NsiI.TP644719","7","12799405","1.1418e-05","0.0025","G"
"4","Trait5","mrMLM","NsiI.TP149775","7","12799410","0.0426","0.516","A"
"4","Trait5","mrMLM","NsiI.TP149774","7","12799420","-6.4925e-06","0.0014","A"
"4","Trait5","mrMLM","NsiI.TP134593","7","13192735","2.1541e-05","0.0047","A"
"4","Trait5","mrMLM","PstI.TP1086623","7","13315373","5.3705e-06","0.0012","C"
"4","Trait5","mrMLM","PstI.TP787396","7","13795101","4.8293e-06","0.0011","C"
"4","Trait5","mrMLM","PstI.TP69157","7","13795104","-0.0883","0.6558","C"
"4","Trait5","mrMLM","NsiI.TP404612","7","13814188","-1.2929e-05","0.0028","A"
"4","Trait5","mrMLM","NsiI.TP86210","7","13825106","-0.0728","0.6161","A"
"4","Trait5","mrMLM","NsiI.TP484762","7","14001263","-5.3042e-06","0.0012","C"
"4","Trait5","mrMLM","PstI.TP1112588","7","14020303","0.0285","0.2848","A"
"4","Trait5","mrMLM","NsiI.TP146169","7","14058863","2.2738e-05","0.005","C"
"4","Trait5","mrMLM","NsiI.TP563049","7","14066325","1.8955e-05","0.0041","A"
"4","Trait5","mrMLM","PstI.TP842149","7","14135085","0.1317","1.037","C"
"4","Trait5","mrMLM","PstI.TP24478","7","14232528","0.2659","1.5544","A"
"4","Trait5","mrMLM","NsiI.TP578300","7","14235011","4.5024e-06","0.001","G"
"4","Trait5","mrMLM","NsiI.TP11666","7","14339016","0.0548","0.6413","A"
"4","Trait5","mrMLM","NsiI.TP330797","7","14364216","-9.9433e-06","0.0022","C"
"4","Trait5","mrMLM","PstI.TP104998","7","14398091","2.8299e-06","6e-04","A"
"4","Trait5","mrMLM","GFSSContig19414_135","7","14457079","0.2708","1.251","A"
"4","Trait5","mrMLM","PstI.TP601232","7","14457389","-1.946e-07","4.2351e-05","A"
"4","Trait5","mrMLM","GFSSContig16458_1714","7","14458877","1.3958e-05","0.003","T"
"4","Trait5","mrMLM","NsiI.TP774534","7","14459745","-2.7659e-05","0.0061","C"
"4","Trait5","mrMLM","NsiI.TP579653","7","14462462","2.7035e-05","0.0059","C"
"4","Trait5","mrMLM","PstI.TP548549","7","14481905","-1.2734e-05","0.0028","A"
"4","Trait5","mrMLM","PstI.TP972498","7","14780032","0.0352","0.2876","C"
"4","Trait5","mrMLM","NsiI.TP382187","7","15361809","-4.7399e-06","0.001","A"
"4","Trait5","mrMLM","NsiI.TP437480","7","15545466","3.1626e-06","7e-04","C"
"4","Trait5","mrMLM","NsiI.TP437479","7","15545472","-1.3975e-05","0.0031","A"
"4","Trait5","mrMLM","NsiI.TP489329","7","15546842","1.0191e-05","0.0022","A"
"4","Trait5","mrMLM","NsiI.TP489330","7","15546857","0.1425","1.172","C"
"4","Trait5","mrMLM","NsiI.TP530157","7","15548371","8.1553e-06","0.0018","C"
"4","Trait5","mrMLM","PstI.TP502465","7","15565493","-8.9619e-06","0.002","C"
"4","Trait5","mrMLM","PstI.TP474390","7","15569290","-6.3822e-06","0.0014","C"
"4","Trait5","mrMLM","PstI.TP409479","7","15656481","-6.7075e-06","0.0015","A"
"4","Trait5","mrMLM","PstI.TP319371","7","15663160","6.0577e-06","0.0013","A"
"4","Trait5","mrMLM","PstI.TP691322","7","15663756","-2.3864e-05","0.0052","C"
"4","Trait5","mrMLM","NsiI.TP755539","7","15663779","0.0968","1.2564","A"
"4","Trait5","mrMLM","NsiI.TP830621","7","15904501","-1.7495e-05","0.0038","A"
"4","Trait5","mrMLM","NsiI.TP25406","7","17140636","-0.0166","0.1927","A"
"4","Trait5","mrMLM","NsiI.TP660829","7","17160315","1.4887e-05","0.0033","A"
"4","Trait5","mrMLM","NsiI.TP481298","7","17165108","-9.0015e-07","2e-04","A"
"4","Trait5","mrMLM","NsiI.TP469606","7","17216176","0.0251","0.2991","G"
"4","Trait5","mrMLM","PstI.TP480204","7","17216627","1.9745e-05","0.0043","A"
"4","Trait5","mrMLM","PstI.TP103690","7","17217896","4.5011e-06","0.001","C"
"4","Trait5","mrMLM","NsiI.TP595681","7","17302054","-3.2507e-05","0.0071","A"
"4","Trait5","mrMLM","NsiI.TP625771","7","17302829","-9.5712e-06","0.0021","G"
"4","Trait5","mrMLM","NsiI.TP468924","7","17424673","0.06","0.4032","C"
"4","Trait5","mrMLM","PstI.TP213361","7","17493439","4.1902e-05","0.0092","A"
"4","Trait5","mrMLM","NsiI.TP770804","7","17560824","0.0898","1.0152","A"
"4","Trait5","mrMLM","NsiI.TP327527","7","17564233","-4.5744e-05","0.0101","C"
"4","Trait5","mrMLM","PstI.TP631325","7","17639037","0.0388","0.2242","C"
"4","Trait5","mrMLM","PstI.TP631326","7","17639054","-0.1647","1.3141","C"
"4","Trait5","mrMLM","PstI.TP907968","7","17670232","-0.0629","0.7964","C"
"4","Trait5","mrMLM","PstI.TP370815","7","17670266","-0.0511","0.661","A"
"4","Trait5","mrMLM","NsiI.TP229816","7","17682209","-0.0243","0.2308","A"
"4","Trait5","mrMLM","PstI.TP122110","7","17914847","0.0471","0.3093","A"
"4","Trait5","mrMLM","PstI.TP1275741","7","17945221","1.3242e-05","0.0029","C"
"4","Trait5","mrMLM","PstI.TP1014400","7","18109261","0.1154","0.8163","G"
"4","Trait5","mrMLM","NsiI.TP488629","7","18111854","1.1097e-05","0.0024","C"
"4","Trait5","mrMLM","NsiI.TP491724","7","18112322","0.1913","1.4882","A"
"4","Trait5","mrMLM","NsiI.TP491723","7","18112354","1.3348e-05","0.0029","C"
"4","Trait5","mrMLM","NsiI.TP490535","7","18112433","3.1916e-05","0.007","A"
"4","Trait5","mrMLM","PstI.TP892128","7","19319888","-2.026e-05","0.0044","A"
"4","Trait5","mrMLM","PstI.TP7177","7","19883599","0.2482","1.1479","A"
"4","Trait5","mrMLM","PstI.TP1271149","7","19896261","0.0762","0.5511","A"
"4","Trait5","mrMLM","GFSSContig2952_216","7","19899207","-1.7854e-05","0.0039","T"
"4","Trait5","mrMLM","NsiI.TP717074","7","19904018","-2.8455e-06","6e-04","C"
"4","Trait5","mrMLM","GFSSContig19005_876","7","19906054","0.113","0.4757","C"
"4","Trait5","mrMLM","NsiI.TP125422","7","20096050","5.3629e-06","0.0012","G"
"4","Trait5","mrMLM","PstI.TP753861","7","20618873","0.1099","0.62","C"
"4","Trait5","mrMLM","PstI.TP764130","7","20619268","-0.1238","0.6195","C"
"4","Trait5","mrMLM","NsiI.TP389580","7","20897063","-1.0935e-05","0.0024","C"
"4","Trait5","mrMLM","PstI.TP1059901","7","21055196","-0.0907","1.0107","C"
"4","Trait5","mrMLM","NsiI.TP32788","7","23381869","3.4376e-05","0.0075","C"
"4","Trait5","mrMLM","PstI.TP49280","7","23746497","-7.5027e-06","0.0016","C"
"4","Trait5","mrMLM","PstI.TP719645","7","23758133","-0.226","0.9612","A"
"4","Trait5","mrMLM","PstI.TP390797","7","23761848","4.2836e-06","9e-04","A"
"4","Trait5","mrMLM","PstI.TP1013004","7","23934216","-5.4858e-06","0.0012","A"
"4","Trait5","mrMLM","NsiI.TP525744","7","23934235","-1.4719e-05","0.0032","A"
"4","Trait5","mrMLM","PstI.TP771674","7","23935231","-2.7201e-05","0.006","A"
"4","Trait5","mrMLM","NsiI.TP42145","7","25365041","-3.0339e-05","0.0067","C"
"4","Trait5","mrMLM","NsiI.TP135332","7","25713963","-0.0023","0.0599","C"
"4","Trait5","mrMLM","PstI.TP1243215","7","26362268","9.0539e-06","0.002","A"
"4","Trait5","mrMLM","NsiI.TP775018","7","27544515","-0.1156","0.4395","C"
"4","Trait5","mrMLM","PstI.TP1060579","7","28563180","6.3601e-06","0.0014","A"
"4","Trait5","mrMLM","PstI.TP930201","7","30412154","-2.9823e-06","6e-04","A"
"4","Trait5","mrMLM","PstI.TP1149152","7","30412784","-6.5484e-07","1e-04","A"
"4","Trait5","mrMLM","PstI.TP274398","7","32018464","-6.7187e-06","0.0015","A"
"4","Trait5","mrMLM","PstI.TP750538","7","36807368","8.9017e-06","0.0019","C"
"4","Trait5","mrMLM","NsiI.TP33859","7","36901210","7.8198e-06","0.0017","A"
"4","Trait5","mrMLM","NsiI.TP248364","7","36902705","9.8331e-06","0.0021","C"
"4","Trait5","mrMLM","PstI.TP1021940","7","37610633","-2.2306e-05","0.0049","C"
"4","Trait5","mrMLM","PstI.TP829843","7","37611088","3.7461e-05","0.0082","C"
"4","Trait5","mrMLM","PstI.TP913067","7","37614298","-0.1021","0.5037","C"
"4","Trait5","mrMLM","PstI.TP913069","7","37614334","-0.0025","0.0596","A"
"4","Trait5","mrMLM","PstI.TP601187","7","37614674","-8.4788e-06","0.0018","C"
"4","Trait5","mrMLM","PstI.TP728669","7","37735277","0.1678","1.6093","A"
"4","Trait5","mrMLM","PstI.TP728699","7","37735277","0.0515","0.4364","A"
"4","Trait5","mrMLM","PstI.TP728711","7","37735277","-6.5163e-06","0.0014","A"
"4","Trait5","mrMLM","PstI.TP728732","7","37735277","-7.5181e-06","0.0016","A"
"4","Trait5","mrMLM","PstI.TP728733","7","37735277","0.0481","0.4207","A"
"4","Trait5","mrMLM","PstI.TP728734","7","37735277","0.0817","0.6586","A"
"4","Trait5","mrMLM","PstI.TP728736","7","37735277","0.1874","1.459","A"
"4","Trait5","mrMLM","PstI.TP728746","7","37735277","0.0158","0.1811","A"
"4","Trait5","mrMLM","PstI.TP728749","7","37735277","1.1506e-06","3e-04","A"
"4","Trait5","mrMLM","PstI.TP728805","7","37735277","0.0185","0.2077","A"
"4","Trait5","mrMLM","PstI.TP728878","7","37735277","-1.0795e-06","2e-04","A"
"4","Trait5","mrMLM","PstI.TP728889","7","37735277","0.0389","0.341","A"
"4","Trait5","mrMLM","PstI.TP728979","7","37735277","2.617e-05","0.0057","A"
"4","Trait5","mrMLM","PstI.TP729120","7","37735277","2.1551e-05","0.0047","A"
"4","Trait5","mrMLM","PstI.TP729129","7","37735277","0.1013","0.8008","A"
"4","Trait5","mrMLM","PstI.TP729133","7","37735277","-6.6985e-06","0.0015","A"
"4","Trait5","mrMLM","PstI.TP729189","7","37735277","1.6291e-05","0.0036","A"
"4","Trait5","mrMLM","PstI.TP1253835","7","37748571","1.1229e-05","0.0025","C"
"4","Trait5","mrMLM","PstI.TP1220133","7","38049088","-0.0508","0.3395","C"
"4","Trait5","mrMLM","PstI.TP642845","7","38620200","2.6652e-05","0.0058","C"
"4","Trait5","mrMLM","PstI.TP481809","7","38620322","-8.322e-06","0.0018","A"
"4","Trait5","mrMLM","NsiI.TP767568","7","38656685","1.1456e-05","0.0025","C"
"4","Trait5","mrMLM","NsiI.TP784581","7","38825773","-2.4848e-05","0.0054","C"
"4","Trait5","mrMLM","NsiI.TP758683","7","38825793","1.0142e-05","0.0022","G"
"4","Trait5","mrMLM","NsiI.TP498847","7","38844939","1.983e-05","0.0043","C"
"4","Trait5","mrMLM","NsiI.TP262182","7","38847042","-0.1322","1.1451","A"
"4","Trait5","mrMLM","PstI.TP1113083","7","38922544","2.2871e-05","0.005","A"
"4","Trait5","mrMLM","PstI.TP280388","7","38997134","0.0885","0.734","C"
"4","Trait5","mrMLM","PstI.TP1068306","7","38997173","-0.007","0.095","C"
"4","Trait5","mrMLM","PstI.TP650956","7","39090261","8.3742e-07","2e-04","A"
"4","Trait5","mrMLM","PstI.TP473558","7","39095635","-3.3278e-05","0.0073","A"
"4","Trait5","mrMLM","PstI.TP513624","7","39095958","1.0452e-05","0.0023","A"
"4","Trait5","mrMLM","PstI.TP786393","7","39096773","-1.2672e-05","0.0028","C"
"4","Trait5","mrMLM","PstI.TP1151756","7","39232025","0.1018","1.0999","A"
"4","Trait5","mrMLM","PstI.TP1244814","7","39448732","-1.2721e-05","0.0028","A"
"4","Trait5","mrMLM","NsiI.TP459288","7","39656372","-3.6821e-05","0.0081","A"
"4","Trait5","mrMLM","NsiI.TP459297","7","39656373","1.3777e-05","0.003","G"
"4","Trait5","mrMLM","NsiI.TP304995","7","39656753","-0.1534","1.3487","C"
"4","Trait5","mrMLM","PstI.TP1237165","7","39960538","8.0006e-06","0.0017","A"
"4","Trait5","mrMLM","NsiI.TP432582","7","40023470","-1.7665e-05","0.0039","A"
"4","Trait5","mrMLM","PstI.TP235832","7","40076244","3.6975e-06","8e-04","A"
"4","Trait5","mrMLM","PstI.TP1005929","7","40209050","-0.0026","0.076","A"
"4","Trait5","mrMLM","PstI.TP1005964","7","40209050","3.8604e-05","0.0085","A"
"4","Trait5","mrMLM","PstI.TP1021321","7","40225707","-1.1621e-05","0.0025","C"
"4","Trait5","mrMLM","NsiI.TP579169","7","40226521","-0.0176","0.1389","G"
"4","Trait5","mrMLM","NsiI.TP146523","7","41170101","-0.0914","0.8782","A"
"4","Trait5","mrMLM","NsiI.TP691412","7","41275105","-1.2153e-05","0.0027","A"
"4","Trait5","mrMLM","NsiI.TP296058","7","41533730","-0.0276","0.2066","A"
"4","Trait5","mrMLM","PstI.TP220192","7","42063325","-9.7217e-07","2e-04","C"
"4","Trait5","mrMLM","PstI.TP41097","7","42065116","-2.1715e-05","0.0048","G"
"4","Trait5","mrMLM","PstI.TP811239","7","42565625","0.0599","0.5537","A"
"4","Trait5","mrMLM","PstI.TP40335","7","42744775","-1.8587e-05","0.0041","A"
"4","Trait5","mrMLM","GFSSContig12567_692","7","42744908","0.1078","0.4308","C"
"4","Trait5","mrMLM","PstI.TP691815","7","42746558","0.0862","0.4783","A"
"4","Trait5","mrMLM","NsiI.TP436536","7","43226289","8.845e-06","0.0019","C"
"4","Trait5","mrMLM","PstI.TP1147160","7","44396170","0.0606","0.3629","A"
"4","Trait5","mrMLM","PstI.TP1000389","7","44396572","1.2722e-05","0.0028","A"
"4","Trait5","mrMLM","PstI.TP734933","7","44399101","-2.5541e-06","6e-04","C"
"4","Trait5","mrMLM","PstI.TP1267238","7","44914615","2.9019e-05","0.0064","C"
"4","Trait5","mrMLM","PstI.TP1068244","7","46112945","1.6976e-05","0.0037","C"
"4","Trait5","mrMLM","PstI.TP835038","7","46234035","-1.3102e-05","0.0029","A"
"4","Trait5","mrMLM","PstI.TP1109286","7","47351131","1.6694e-05","0.0036","A"
"4","Trait5","mrMLM","PstI.TP442891","7","48896460","1.9239e-05","0.0042","A"
"4","Trait5","mrMLM","PstI.TP408513","7","49786135","-2.5545e-05","0.0056","A"
"4","Trait5","mrMLM","PstI.TP376982","7","49974909","0.1899","1.0045","A"
"4","Trait5","mrMLM","NsiI.TP137073","7","49983000","0.0508","0.4633","A"
"4","Trait5","mrMLM","NsiI.TP219767","7","49984697","-0.036","0.2898","C"
"4","Trait5","mrMLM","PstI.TP1227472","7","50008737","0.0533","0.4744","G"
"4","Trait5","mrMLM","NsiI.TP151514","7","50015487","0.1133","1.2263","A"
"4","Trait5","mrMLM","PstI.TP1253890","7","50123451","1.1515e-05","0.0025","A"
"4","Trait5","mrMLM","PstI.TP1159801","7","50126038","-2.2459e-05","0.0049","C"
"4","Trait5","mrMLM","PstI.TP450448","7","50290469","-1.7727e-05","0.0039","A"
"4","Trait5","mrMLM","NsiI.TP673085","7","50723110","0.1291","0.5495","A"
"4","Trait5","mrMLM","PstI.TP963389","7","50724093","-4.2734e-07","9.3009e-05","C"
"4","Trait5","mrMLM","NsiI.TP444823","7","50728299","-1.8169e-05","0.004","A"
"4","Trait5","mrMLM","NsiI.TP492278","7","50851095","0.0955","0.6623","A"
"4","Trait5","mrMLM","PstI.TP676701","7","51193143","-4.4929e-07","9.7784e-05","C"
"4","Trait5","mrMLM","PstI.TP676885","7","51193149","0.1029","0.7262","C"
"4","Trait5","mrMLM","NsiI.TP684195","7","51496026","-1.6146e-05","0.0035","A"
"4","Trait5","mrMLM","PstI.TP776050","7","51497686","-0.0893","0.4849","C"
"4","Trait5","mrMLM","PstI.TP548274","7","51500731","-1.0464e-05","0.0023","A"
"4","Trait5","mrMLM","NsiI.TP540512","7","51941929","-3.4514e-05","0.0076","A"
"4","Trait5","mrMLM","NsiI.TP575584","7","52071718","0.0857","0.4851","A"
"4","Trait5","mrMLM","PstI.TP700737","7","52170610","3.1419e-06","7e-04","C"
"4","Trait5","mrMLM","PstI.TP220835","7","52243610","-0.0091","0.1643","C"
"4","Trait5","mrMLM","NsiI.TP394177","7","52264373","0.0639","0.4452","C"
"4","Trait5","mrMLM","PstI.TP541319","7","52302738","0.1009","0.5312","A"
"4","Trait5","mrMLM","PstI.TP1223069","7","52650366","-2.2503e-05","0.0049","A"
"4","Trait5","mrMLM","PstI.TP868849","7","52655700","0.0212","0.2903","C"
"4","Trait5","mrMLM","NsiI.TP331163","7","52684356","0.1753","0.8481","C"
"4","Trait5","mrMLM","NsiI.TP232537","7","52687503","-0.0419","0.3082","C"
"4","Trait5","mrMLM","NsiI.TP57522","7","52802385","2.6615e-05","0.0058","A"
"4","Trait5","mrMLM","NsiI.TP463488","7","52910352","-0.0833","0.5643","C"
"4","Trait5","mrMLM","PstI.TP1105907","7","53011045","0.0673","0.4416","A"
"4","Trait5","mrMLM","NsiI.TP31455","7","53170144","0.1381","0.7939","C"
"4","Trait5","mrMLM","NsiI.TP480200","7","53174073","-2.0635e-05","0.0045","A"
"4","Trait5","mrMLM","NsiI.TP471799","7","53212289","0.0244","0.1995","C"
"4","Trait5","mrMLM","PstI.TP810546","7","53213668","0.2003","1.3616","C"
"4","Trait5","mrMLM","NsiI.TP609515","7","53214491","-4.8319e-06","0.0011","C"
"4","Trait5","mrMLM","NsiI.TP798841","7","53220568","-0.0557","0.3903","C"
"4","Trait5","mrMLM","NsiI.TP272229","7","53277019","2.3634e-06","5e-04","C"
"4","Trait5","mrMLM","NsiI.TP148438","7","53280734","1.3344e-05","0.0029","G"
"4","Trait5","mrMLM","NsiI.TP138963","7","53280749","0.0214","0.3433","C"
"4","Trait5","mrMLM","PstI.TP115639","7","53288591","0.003","0.0612","A"
"4","Trait5","mrMLM","PstI.TP844489","7","53426621","-2.1682e-05","0.0047","C"
"4","Trait5","mrMLM","PstI.TP226513","7","53473777","5.3732e-06","0.0012","C"
"4","Trait5","mrMLM","PstI.TP746464","7","53509977","-3.895e-05","0.0086","G"
"4","Trait5","mrMLM","NsiI.TP153657","7","53655931","1.8154e-05","0.004","C"
"4","Trait5","mrMLM","PstI.TP860964","7","53711161","-2.0665e-05","0.0045","C"
"4","Trait5","mrMLM","PstI.TP29147","7","53719976","1.4032e-05","0.0031","A"
"4","Trait5","mrMLM","PstI.TP935585","7","53727698","0.0532","0.3746","C"
"4","Trait5","mrMLM","PstI.TP1077450","7","53747324","0.0127","0.1383","A"
"4","Trait5","mrMLM","PstI.TP51830","7","53846835","0.0103","0.1157","G"
"4","Trait5","mrMLM","PstI.TP713758","7","53864081","2.2421e-06","5e-04","C"
"4","Trait5","mrMLM","NsiI.TP560389","7","53864117","-1.1423e-05","0.0025","C"
"4","Trait5","mrMLM","NsiI.TP629658","7","53868905","-0.0101","0.1109","C"
"4","Trait5","mrMLM","PstI.TP773880","7","53899356","0.0408","0.3139","C"
"4","Trait5","mrMLM","NsiI.TP707982","7","53914763","-5.3898e-06","0.0012","C"
"4","Trait5","mrMLM","PstI.TP1042685","7","53939931","-0.0064","0.1238","A"
"4","Trait5","mrMLM","PstI.TP191402","7","53943006","-5.2851e-06","0.0012","A"
"4","Trait5","mrMLM","PstI.TP363821","7","53943057","-9.424e-07","2e-04","C"
"4","Trait5","mrMLM","PstI.TP636898","7","54089980","-1.0586e-06","2e-04","C"
"4","Trait5","mrMLM","PstI.TP676625","7","54092826","0.14","1.1201","A"
"4","Trait5","mrMLM","PstI.TP677046","7","54092854","-5.0943e-06","0.0011","A"
"4","Trait5","mrMLM","PstI.TP357029","7","54216876","0.2205","1.7397","C"
"4","Trait5","mrMLM","PstI.TP1182490","7","54283820","1.2323e-05","0.0027","C"
"4","Trait5","mrMLM","PstI.TP256340","7","54329519","0.108","0.8567","A"
"4","Trait5","mrMLM","PstI.TP780884","7","54360893","-1.5064e-05","0.0033","C"
"4","Trait5","mrMLM","PstI.TP846454","7","54554537","-8.9806e-06","0.002","A"
"4","Trait5","mrMLM","PstI.TP129446","7","54572687","8.5021e-06","0.0019","A"
"4","Trait5","mrMLM","PstI.TP1268451","7","54575794","-1.8959e-05","0.0041","A"
"4","Trait5","mrMLM","PstI.TP38206","7","54578842","1.6428e-05","0.0036","C"
"4","Trait5","mrMLM","NsiI.TP177068","7","54680887","-2.2907e-06","5e-04","A"
"4","Trait5","mrMLM","NsiI.TP26827","7","54682777","2.5539e-07","5.5579e-05","A"
"4","Trait5","mrMLM","PstI.TP134198","7","54703609","-4.7615e-07","1e-04","A"
"4","Trait5","mrMLM","PstI.TP455365","7","54748339","9.0179e-06","0.002","A"
"4","Trait5","mrMLM","PstI.TP1261475","7","54756916","-1.7567e-06","4e-04","A"
"4","Trait5","mrMLM","GFSSContig16049_1267","7","54759355","1.3973e-05","0.0031","A"
"4","Trait5","mrMLM","PstI.TP936263","7","54764739","-2.5113e-06","5e-04","C"
"4","Trait5","mrMLM","NsiI.TP167775","7","54814473","-2.0921e-05","0.0046","A"
"4","Trait5","mrMLM","PstI.TP475955","7","54849325","0.1134","1.4719","C"
"4","Trait5","mrMLM","PstI.TP740447","7","54863441","-3.2074e-05","0.007","C"
"4","Trait5","mrMLM","NsiI.TP760653","7","54864586","-0.1752","1.4075","C"
"4","Trait5","mrMLM","PstI.TP914188","7","54888340","-1.3143e-06","3e-04","C"
"4","Trait5","mrMLM","NsiI.TP702393","7","54899243","3.8475e-05","0.0085","A"
"4","Trait5","mrMLM","NsiI.TP812205","7","54948640","-5.7125e-06","0.0012","A"
"4","Trait5","mrMLM","NsiI.TP565032","7","55113105","0.1159","0.7587","A"
"4","Trait5","mrMLM","NsiI.TP464936","7","55113329","-2.9864e-06","7e-04","G"
"4","Trait5","mrMLM","PstI.TP681468","7","55205095","-3.5054e-06","8e-04","A"
"4","Trait5","mrMLM","PstI.TP522628","7","55214011","-2.874e-05","0.0063","G"
"4","Trait5","mrMLM","NsiI.TP57471","7","55271098","1.0647e-05","0.0023","A"
"4","Trait5","mrMLM","PstI.TP811361","7","55272171","-0.3428","1.3225","C"
"4","Trait5","mrMLM","NsiI.TP743125","7","55289077","0.0692","0.6679","C"
"4","Trait5","mrMLM","PstI.TP33606","7","55343420","-0.0423","0.2944","A"
"4","Trait5","mrMLM","PstI.TP67962","7","55448827","8.405e-06","0.0018","A"
"4","Trait5","mrMLM","PstI.TP478078","7","55522438","7.19e-06","0.0016","A"
"4","Trait5","mrMLM","GFSSContig18047_927","7","55538778","-0.0797","0.3452","A"
"4","Trait5","mrMLM","NsiI.TP413768","7","55565747","1.5673e-05","0.0034","A"
"4","Trait5","mrMLM","NsiI.TP544241","7","55634342","2.4603e-05","0.0054","A"
"4","Trait5","mrMLM","NsiI.TP430978","7","55642388","-2.1903e-05","0.0048","A"
"4","Trait5","mrMLM","NsiI.TP634824","7","55643367","-1.8322e-05","0.004","G"
"4","Trait5","mrMLM","NsiI.TP621359","7","55651858","3.5619e-05","0.0078","A"
"4","Trait5","mrMLM","PstI.TP673993","7","55674206","2.0508e-06","4e-04","A"
"4","Trait5","mrMLM","PstI.TP44125","7","55681656","-0.1172","0.545","G"
"4","Trait5","mrMLM","PstI.TP265440","7","55685759","0.0395","0.2878","C"
"4","Trait5","mrMLM","PstI.TP544535","7","55750564","-0.0485","0.5114","A"
"4","Trait5","mrMLM","PstI.TP44973","7","55874288","3.7223e-07","8.1011e-05","A"
"4","Trait5","mrMLM","PstI.TP1180704","7","55904008","-3.1032e-06","7e-04","C"
"4","Trait5","mrMLM","NsiI.TP226284","7","55938781","2.5442e-05","0.0056","A"
"4","Trait5","mrMLM","NsiI.TP692200","7","55971020","0.0061","0.07","A"
"4","Trait5","mrMLM","PstI.TP323434","7","55981680","8.1764e-06","0.0018","C"
"4","Trait5","mrMLM","PstI.TP156629","7","55982356","4.5514e-06","0.001","A"
"4","Trait5","mrMLM","PstI.TP716758","7","55988135","7.2514e-06","0.0016","A"
"4","Trait5","mrMLM","PstI.TP725380","7","56007421","-1.071e-05","0.0023","C"
"4","Trait5","mrMLM","PstI.TP628852","7","56019584","1.6057e-05","0.0035","A"
"4","Trait5","mrMLM","NsiI.TP796401","7","56037041","-1.4243e-05","0.0031","A"
"4","Trait5","mrMLM","PstI.TP436226","7","56156649","3.4586e-05","0.0076","C"
"4","Trait5","mrMLM","NsiI.TP465482","7","56232682","0.0415","0.3858","A"
"4","Trait5","mrMLM","NsiI.TP465867","7","56232703","-2.5763e-05","0.0056","G"
"4","Trait5","mrMLM","PstI.TP1029191","7","56232874","-9.5467e-06","0.0021","A"
"4","Trait5","mrMLM","PstI.TP873747","7","56234464","-2.2644e-05","0.005","A"
"4","Trait5","mrMLM","PstI.TP342447","7","56234504","0.0034","0.0629","C"
"4","Trait5","mrMLM","PstI.TP342418","7","56234517","-8.7867e-06","0.0019","C"
"4","Trait5","mrMLM","PstI.TP251030","7","56275748","1.7157e-05","0.0038","G"
"4","Trait5","mrMLM","PstI.TP838226","7","56380657","8.605e-06","0.0019","A"
"4","Trait5","mrMLM","PstI.TP73012","7","56426566","-3.9091e-05","0.0086","A"
"4","Trait5","mrMLM","PstI.TP840517","7","56447630","-3.673e-05","0.0081","A"
"4","Trait5","mrMLM","PstI.TP1083673","7","56447700","0.1281","2.2016","A"
"4","Trait5","mrMLM","PstI.TP701128","7","56465332","-0.0256","0.319","A"
"4","Trait5","mrMLM","PstI.TP1033890","7","56467931","0.0575","0.7274","C"
"4","Trait5","mrMLM","NsiI.TP487967","7","56473747","-1.5275e-05","0.0033","C"
"4","Trait5","mrMLM","NsiI.TP634702","7","56479723","3.0449e-06","7e-04","A"
"4","Trait5","mrMLM","NsiI.TP634700","7","56479768","0.0876","0.4266","A"
"4","Trait5","mrMLM","NsiI.TP549210","7","56480307","-0.009","0.1506","C"
"4","Trait5","mrMLM","NsiI.TP181815","7","56481882","0.0059","0.0944","C"
"4","Trait5","mrMLM","NsiI.TP607330","7","56482165","0.0492","0.5647","A"
"4","Trait5","mrMLM","PstI.TP6837","7","56482179","-1.9656e-05","0.0043","C"
"4","Trait5","mrMLM","NsiI.TP426620","7","56485654","5.8383e-07","1e-04","C"
"4","Trait5","mrMLM","PstI.TP951821","7","56486258","1.1097e-05","0.0024","G"
"4","Trait5","mrMLM","PstI.TP226865","7","56497320","0.0617","0.4013","A"
"4","Trait5","mrMLM","NsiI.TP454840","7","56498572","-1.3929e-05","0.003","C"
"4","Trait5","mrMLM","PstI.TP624170","7","56509983","-0.0616","0.4569","C"
"4","Trait5","mrMLM","NsiI.TP831720","7","56522539","2.7332e-05","0.006","A"
"4","Trait5","mrMLM","PstI.TP770515","7","56528709","1.7472e-05","0.0038","A"
"4","Trait5","mrMLM","PstI.TP195819","7","56569496","0.0902","0.8638","C"
"4","Trait5","mrMLM","PstI.TP1254872","7","56573064","-2.5214e-05","0.0055","C"
"4","Trait5","mrMLM","PstI.TP1254873","7","56573089","2.2822e-05","0.005","C"
"4","Trait5","mrMLM","PstI.TP824501","7","56584998","1.728e-06","4e-04","C"
"4","Trait5","mrMLM","NsiI.TP216966","7","56618572","-1.2789e-06","3e-04","C"
"4","Trait5","mrMLM","PstI.TP96437","7","56660900","0.1597","0.7786","A"
"4","Trait5","mrMLM","NsiI.TP399470","7","56697288","-2.1831e-05","0.0048","G"
"4","Trait5","mrMLM","NsiI.TP587792","7","56733492","1.3209e-05","0.0029","C"
"4","Trait5","mrMLM","NsiI.TP629280","7","56770797","2.1679e-05","0.0047","C"
"4","Trait5","mrMLM","NsiI.TP234353","7","56772484","-3.0784e-05","0.0068","A"
"4","Trait5","mrMLM","PstI.TP42608","7","56772896","0.0245","0.3243","C"
"4","Trait5","mrMLM","NsiI.TP348632","7","56779391","-1.3673e-05","0.003","A"
"4","Trait5","mrMLM","PstI.TP702779","7","56779453","1.7777e-06","4e-04","C"
"4","Trait5","mrMLM","PstI.TP223928","7","56820316","0.1388","0.5313","A"
"4","Trait5","mrMLM","PstI.TP224040","7","56820318","0.0619","0.2545","A"
"4","Trait5","mrMLM","NsiI.TP87484","7","56822871","-1.7649e-05","0.0039","A"
"4","Trait5","mrMLM","PstI.TP116516","7","56890296","-9.6027e-06","0.0021","A"
"4","Trait5","mrMLM","PstI.TP1261869","7","56914589","3.1382e-06","7e-04","C"
"4","Trait5","mrMLM","PstI.TP895191","7","56933640","0.1064","0.8672","A"
"4","Trait5","mrMLM","PstI.TP594044","7","56948044","-3.2791e-05","0.0072","G"
"4","Trait5","mrMLM","PstI.TP275480","7","56994178","0.0342","0.4512","C"
"4","Trait5","mrMLM","PstI.TP924356","7","56999276","-1.9527e-05","0.0043","A"
"4","Trait5","mrMLM","PstI.TP1042774","7","57064853","5.9379e-08","1.2926e-05","C"
"4","Trait5","mrMLM","NsiI.TP121554","7","57067418","-0.0147","0.2157","A"
"4","Trait5","mrMLM","NsiI.TP463292","7","57067462","1.2302e-05","0.0027","A"
"4","Trait5","mrMLM","NsiI.TP810281","7","57111956","2.4418e-05","0.0053","A"
"4","Trait5","mrMLM","NsiI.TP729776","7","57144100","-3.6999e-05","0.0081","C"
"4","Trait5","mrMLM","GFSSContig1966_308","7","57169069","0.024","0.2986","A"
"4","Trait5","mrMLM","PstI.TP986436","7","57194553","0.109","0.4642","C"
"4","Trait5","mrMLM","PstI.TP190549","7","57197488","0.0413","0.4466","G"
"4","Trait5","mrMLM","PstI.TP109425","7","57224512","-8.7251e-06","0.0019","C"
"4","Trait5","mrMLM","PstI.TP179103","7","57227560","0.1461","0.7054","C"
"4","Trait5","mrMLM","PstI.TP157794","7","57230682","0.0046","0.0865","A"
"4","Trait5","mrMLM","PstI.TP1005240","7","57259216","-0.008","0.1363","C"
"4","Trait5","mrMLM","PstI.TP271772","7","57259256","2.4415e-05","0.0053","A"
"4","Trait5","mrMLM","PstI.TP706342","7","57259564","-8.2271e-06","0.0018","C"
"4","Trait5","mrMLM","NsiI.TP693353","7","57290725","-0.1","1.2154","C"
"4","Trait5","mrMLM","PstI.TP893480","7","57292032","-3.3332e-05","0.0073","G"
"4","Trait5","mrMLM","PstI.TP893479","7","57292079","0.2404","0.9018","C"
"4","Trait5","mrMLM","NsiI.TP338725","7","57292523","1.4184e-05","0.0031","C"
"4","Trait5","mrMLM","NsiI.TP411298","7","57292592","0.0021","0.0519","G"
"4","Trait5","mrMLM","NsiI.TP480061","7","57292632","3.0415e-05","0.0067","C"
"4","Trait5","mrMLM","PstI.TP326785","7","57293650","0.155","1.0929","A"
"4","Trait5","mrMLM","PstI.TP729433","7","57293984","-4.1929e-06","9e-04","A"
"4","Trait5","mrMLM","PstI.TP967103","7","57294054","-9e-04","0.0338","A"
"4","Trait5","mrMLM","PstI.TP369708","7","57294526","-1.1e-05","0.0024","A"
"4","Trait5","mrMLM","PstI.TP1242684","7","57357914","6.4438e-06","0.0014","G"
"4","Trait5","mrMLM","PstI.TP476019","7","57380412","9.6575e-06","0.0021","A"
"4","Trait5","mrMLM","PstI.TP116834","7","57400292","-1.0826e-05","0.0024","C"
"4","Trait5","mrMLM","PstI.TP116829","7","57400327","-1.0282e-05","0.0022","A"
"4","Trait5","mrMLM","NsiI.TP12446","7","57406240","-8.704e-07","2e-04","A"
"4","Trait5","mrMLM","PstI.TP1000873","7","57426488","-0.0266","0.196","G"
"4","Trait5","mrMLM","PstI.TP1000608","7","57426510","0.0012","0.0364","A"
"4","Trait5","mrMLM","NsiI.TP571413","7","57436870","0.1498","0.6942","A"
"4","Trait5","mrMLM","PstI.TP1231482","7","57442040","-5.3108e-06","0.0012","C"
"4","Trait5","mrMLM","NsiI.TP216625","7","57473921","0.1901","0.5949","A"
"4","Trait5","mrMLM","PstI.TP1104428","7","57492231","-0.0148","0.2194","A"
"4","Trait5","mrMLM","NsiI.TP416768","7","57494905","7.012e-06","0.0015","A"
"4","Trait5","mrMLM","NsiI.TP250341","7","57502270","-2.1888e-05","0.0048","C"
"4","Trait5","mrMLM","PstI.TP365158","7","57521179","0.0028","0.0711","C"
"4","Trait5","mrMLM","PstI.TP38489","7","57547747","-7.1754e-07","2e-04","C"
"4","Trait5","mrMLM","PstI.TP663882","7","57555118","7.6986e-06","0.0017","A"
"4","Trait5","mrMLM","NsiI.TP738676","7","57559338","4.157e-05","0.0091","C"
"4","Trait5","mrMLM","NsiI.TP428791","7","57559399","0.0018","0.0655","A"
"4","Trait5","mrMLM","PstI.TP988411","7","57566112","0.0215","0.3099","A"
"4","Trait5","mrMLM","NsiI.TP509063","7","57597239","2.325e-05","0.0051","C"
"4","Trait5","mrMLM","PstI.TP905759","7","57631203","-0.0819","0.5509","C"
"4","Trait5","mrMLM","PstI.TP217587","7","57680078","-1.9053e-05","0.0042","A"
"4","Trait5","mrMLM","NsiI.TP408285","7","57692604","6.1058e-06","0.0013","C"
"4","Trait5","mrMLM","NsiI.TP467298","7","57692693","9.4516e-06","0.0021","C"
"4","Trait5","mrMLM","PstI.TP585747","7","57701465","-0.0388","0.3498","A"
"4","Trait5","mrMLM","PstI.TP179753","7","57741054","3.8855e-05","0.0085","A"
"4","Trait5","mrMLM","NsiI.TP71608","7","57789465","0.2511","0.8245","A"
"4","Trait5","mrMLM","PstI.TP158199","7","57792676","2.6162e-05","0.0057","C"
"4","Trait5","mrMLM","NsiI.TP420489","7","57825447","0.0473","0.3971","A"
"4","Trait5","mrMLM","PstI.TP1000323","7","57848687","9.2026e-06","0.002","A"
"4","Trait5","mrMLM","PstI.TP578151","7","57848739","0.0396","0.3198","A"
"4","Trait5","mrMLM","NsiI.TP575759","7","57906159","-1.8319e-05","0.004","C"
"4","Trait5","mrMLM","PstI.TP73041","7","57916229","7.8992e-06","0.0017","A"
"4","Trait5","mrMLM","NsiI.TP519727","7","57918621","-3.1071e-05","0.0068","A"
"4","Trait5","mrMLM","PstI.TP808266","7","57918873","0.0275","0.2575","A"
"4","Trait5","mrMLM","PstI.TP808264","7","57918885","1.2855e-05","0.0028","C"
"4","Trait5","mrMLM","NsiI.TP677131","7","57930920","-5e-04","0.0351","A"
"4","Trait5","mrMLM","NsiI.TP111742","7","57934282","-2.8202e-05","0.0062","C"
"4","Trait5","mrMLM","NsiI.TP242759","7","57945470","1.4352e-06","3e-04","C"
"4","Trait5","mrMLM","NsiI.TP754752","7","57952206","-1.5296e-05","0.0033","A"
"4","Trait5","mrMLM","NsiI.TP430718","7","57959816","-0.0102","0.1451","C"
"4","Trait5","mrMLM","PstI.TP596502","7","58014009","-1.7083e-05","0.0037","A"
"4","Trait5","mrMLM","NsiI.TP546382","7","58039037","-0.1455","1.0171","A"
"4","Trait5","mrMLM","PstI.TP1027912","7","58053493","4.0565e-06","9e-04","A"
"4","Trait5","mrMLM","PstI.TP454080","7","58131274","0.0572","0.6989","C"
"4","Trait5","mrMLM","NsiI.TP616059","7","58178309","1.0647e-05","0.0023","A"
"4","Trait5","mrMLM","PstI.TP218045","7","58191388","-1.4577e-05","0.0032","A"
"4","Trait5","mrMLM","NsiI.TP312687","7","58197899","0.0234","0.3076","C"
"4","Trait5","mrMLM","PstI.TP665062","7","58208506","-0.0027","0.0578","C"
"4","Trait5","mrMLM","PstI.TP924967","7","58209852","9.3388e-06","0.002","A"
"4","Trait5","mrMLM","NsiI.TP307351","7","58210133","6.9635e-06","0.0015","A"
"4","Trait5","mrMLM","NsiI.TP414923","7","58216713","1.846e-05","0.004","A"
"4","Trait5","mrMLM","PstI.TP364169","7","58263144","-1.6334e-06","4e-04","A"
"4","Trait5","mrMLM","PstI.TP131166","7","58269471","0.0034","0.0862","A"
"4","Trait5","mrMLM","PstI.TP115692","7","58269670","-0.0583","0.2751","C"
"4","Trait5","mrMLM","PstI.TP323746","7","58295300","-0.0168","0.1685","C"
"4","Trait5","mrMLM","PstI.TP385032","7","58296331","-6.3809e-07","1e-04","A"
"4","Trait5","mrMLM","PstI.TP420819","7","58322117","2.3661e-05","0.0052","C"
"4","Trait5","mrMLM","PstI.TP191342","7","58325056","-1.4758e-05","0.0032","A"
"4","Trait5","mrMLM","NsiI.TP533884","7","58332744","-0.0076","0.1373","C"
"4","Trait5","mrMLM","NsiI.TP456696","7","58332939","-6.4766e-06","0.0014","C"
"4","Trait5","mrMLM","NsiI.TP39321","7","58385536","-0.0243","0.328","G"
"4","Trait5","mrMLM","NsiI.TP522931","7","58428470","7.2764e-06","0.0016","C"
"4","Trait5","mrMLM","NsiI.TP115192","7","58481149","-0.0545","0.4064","A"
"4","Trait5","mrMLM","NsiI.TP794832","7","58498700","-1.6448e-05","0.0036","C"
"4","Trait5","mrMLM","GFSSContig12698_1019","7","58530011","0.032","0.3554","T"
"4","Trait5","mrMLM","PstI.TP79499","7","58548407","-1.0472e-05","0.0023","G"
"4","Trait5","mrMLM","PstI.TP871500","7","58552200","2.6776e-05","0.0059","C"
"4","Trait5","mrMLM","PstI.TP397160","7","58561163","-2.1221e-05","0.0046","C"
"4","Trait5","mrMLM","PstI.TP814593","7","58562479","2.7248e-05","0.006","A"
"4","Trait5","mrMLM","PstI.TP1191610","7","58563269","-5.7378e-06","0.0013","C"
"4","Trait5","mrMLM","PstI.TP1023559","7","58580474","-0.0212","0.1594","C"
"4","Trait5","mrMLM","NsiI.TP629722","7","58591866","-7.9268e-06","0.0017","C"
"4","Trait5","mrMLM","NsiI.TP546538","7","58603015","0.067","0.3774","C"
"4","Trait5","mrMLM","PstI.TP214720","7","58614835","-0.0032","0.0811","C"
"4","Trait5","mrMLM","PstI.TP63012","7","58654217","-5.1088e-06","0.0011","A"
"4","Trait5","mrMLM","NsiI.TP746266","7","58668606","-0.0365","0.3257","A"
"4","Trait5","mrMLM","PstI.TP1017687","7","58691088","-3.4049e-05","0.0075","A"
"4","Trait5","mrMLM","PstI.TP777464","7","58712241","3.9534e-05","0.0087","C"
"4","Trait5","mrMLM","NsiI.TP487796","7","58728277","-6.2059e-06","0.0014","G"
"4","Trait5","mrMLM","PstI.TP1213015","7","58731766","0.1732","0.4728","A"
"4","Trait5","mrMLM","PstI.TP866561","7","58745570","0.0529","0.6328","G"
"4","Trait5","mrMLM","PstI.TP623688","7","58748937","3.5667e-05","0.0078","A"
"4","Trait5","mrMLM","PstI.TP277532","7","58749000","-2.8292e-05","0.0062","C"
"4","Trait5","mrMLM","PstI.TP580690","7","58775427","-1.0034e-05","0.0022","A"
"4","Trait5","mrMLM","PstI.TP740114","7","58776559","0.0838","0.5717","C"
"4","Trait5","mrMLM","PstI.TP378727","7","58839899","1.659e-05","0.0036","A"
"4","Trait5","mrMLM","NsiI.TP745662","7","58841348","2.5304e-05","0.0055","G"
"4","Trait5","mrMLM","NsiI.TP424775","7","58843264","2.6284e-06","6e-04","A"
"4","Trait5","mrMLM","NsiI.TP433825","7","58843407","-1.6766e-05","0.0037","A"
"4","Trait5","mrMLM","PstI.TP87333","7","58848641","-0.0098","0.135","A"
"4","Trait5","mrMLM","PstI.TP119185","7","58848721","-4.6379e-06","0.001","C"
"4","Trait5","mrMLM","NsiI.TP197944","7","58850635","1.5461e-05","0.0034","A"
"4","Trait5","mrMLM","PstI.TP1269097","7","58852083","1.7778e-05","0.0039","A"
"4","Trait5","mrMLM","PstI.TP5927","7","58863404","1.6343e-05","0.0036","A"
"4","Trait5","mrMLM","PstI.TP835882","7","58925507","2.43e-05","0.0053","A"
"4","Trait5","mrMLM","PstI.TP850924","7","59003159","-4.0546e-06","9e-04","C"
"4","Trait5","mrMLM","PstI.TP192722","7","59027066","-8.0825e-06","0.0018","A"
"4","Trait5","mrMLM","PstI.TP292237","7","59035766","-3.2535e-05","0.0071","A"
"4","Trait5","mrMLM","PstI.TP1190013","7","59047024","-1.6241e-05","0.0035","C"
"4","Trait5","mrMLM","NsiI.TP825871","7","59052108","-2.0032e-05","0.0044","A"
"4","Trait5","mrMLM","NsiI.TP598138","7","59052335","2.8898e-07","6.29e-05","C"
"4","Trait5","mrMLM","PstI.TP1035670","7","59054724","-1.461e-05","0.0032","C"
"4","Trait5","mrMLM","NsiI.TP391649","7","59055541","0.1121","0.7149","C"
"4","Trait5","mrMLM","PstI.TP748629","7","59056781","0.0138","0.1332","A"
"4","Trait5","mrMLM","NsiI.TP830101","7","59062333","-0.0877","0.8758","G"
"4","Trait5","mrMLM","NsiI.TP562566","7","59064166","-4.8857e-07","1e-04","A"
"4","Trait5","mrMLM","NsiI.TP829500","7","59064484","-3.8465e-06","8e-04","C"
"4","Trait5","mrMLM","NsiI.TP283358","7","59084611","-1.4759e-05","0.0032","A"
"4","Trait5","mrMLM","PstI.TP486630","7","59118365","-1.8116e-05","0.004","G"
"4","Trait5","mrMLM","PstI.TP683785","7","59120880","-1.9793e-05","0.0043","A"
"4","Trait5","mrMLM","NsiI.TP123858","7","59134535","0.0244","0.3604","A"
"4","Trait5","mrMLM","NsiI.TP70557","7","59141689","0.1398","0.6137","A"
"4","Trait5","mrMLM","PstI.TP799583","7","59177504","-2.1002e-05","0.0046","C"
"4","Trait5","mrMLM","PstI.TP1033295","7","59177533","-0.0348","0.3897","C"
"4","Trait5","mrMLM","PstI.TP1241013","7","59177544","0.3185","2.0324","A"
"4","Trait5","mrMLM","NsiI.TP737997","7","59215280","-0.0491","0.2199","C"
"4","Trait5","mrMLM","NsiI.TP623870","7","59224628","0.1174","1.2391","A"
"4","Trait5","mrMLM","NsiI.TP499780","7","59224983","2.5707e-05","0.0056","A"
"4","Trait5","mrMLM","PstI.TP113627","7","59244287","-4.2326e-05","0.0093","A"
"4","Trait5","mrMLM","NsiI.TP766552","7","59244968","-3.3504e-06","7e-04","C"
"4","Trait5","mrMLM","PstI.TP68223","7","59248949","2.1097e-06","5e-04","A"
"4","Trait5","mrMLM","NsiI.TP554810","7","59256576","1.0197e-05","0.0022","C"
"4","Trait5","mrMLM","NsiI.TP144859","7","59278722","-4.3468e-06","9e-04","C"
"4","Trait5","mrMLM","NsiI.TP124287","7","59312232","-1.2858e-05","0.0028","A"
"4","Trait5","mrMLM","NsiI.TP269983","7","59312249","-5.907e-06","0.0013","C"
"4","Trait5","mrMLM","PstI.TP628049","7","59389398","0.0919","0.5346","G"
"4","Trait5","mrMLM","PstI.TP643020","7","59404074","0.0434","0.384","C"
"4","Trait5","mrMLM","NsiI.TP534927","7","59412485","1.4305e-05","0.0031","G"
"4","Trait5","mrMLM","GFk35ctg648025_353","7","59425994","1.2735e-05","0.0028","A"
"4","Trait5","mrMLM","PstI.TP918435","7","59430806","-0.2447","1.9338","A"
"4","Trait5","mrMLM","NsiI.TP364834","7","59457867","-0.0708","0.564","A"
"4","Trait5","mrMLM","PstI.TP973796","7","59458876","5.957e-06","0.0013","A"
"4","Trait5","mrMLM","PstI.TP1262139","7","59498480","1.255e-05","0.0027","A"
"4","Trait5","mrMLM","NsiI.TP470567","7","59511802","-4.3743e-06","0.001","G"
"4","Trait5","mrMLM","NsiI.TP556252","7","59512838","0.0013","0.0414","A"
"4","Trait5","mrMLM","PstI.TP488970","7","59514670","0.1507","0.7935","C"
"4","Trait5","mrMLM","PstI.TP312554","7","59519130","2.9225e-05","0.0064","A"
"4","Trait5","mrMLM","PstI.TP1159603","7","59528202","-1.0133e-05","0.0022","A"
"4","Trait5","mrMLM","NsiI.TP471509","7","59529100","-8.5083e-06","0.0019","C"
"4","Trait5","mrMLM","PstI.TP525683","7","59541764","4.6894e-06","0.001","A"
"4","Trait5","mrMLM","PstI.TP778693","7","59556998","-1.3664e-05","0.003","C"
"4","Trait5","mrMLM","PstI.TP39263","7","59558295","6.2936e-06","0.0014","A"
"4","Trait5","mrMLM","PstI.TP1287869","7","59558537","-2.2763e-05","0.005","C"
"4","Trait5","mrMLM","PstI.TP86735","7","59567585","-0.0718","0.3538","A"
"4","Trait5","mrMLM","NsiI.TP244525","7","59589584","0.1009","0.4468","C"
"4","Trait5","mrMLM","NsiI.TP441490","7","59592830","3.3214e-05","0.0073","C"
"4","Trait5","mrMLM","NsiI.TP470250","7","59593272","1.587e-05","0.0035","A"
"4","Trait5","mrMLM","NsiI.TP641514","7","59609216","1.6346e-05","0.0036","C"
"4","Trait5","mrMLM","NsiI.TP649966","7","59633633","0.1399","0.7765","A"
"4","Trait5","mrMLM","NsiI.TP628872","7","59653460","0.0016","0.0543","A"
"4","Trait5","mrMLM","NsiI.TP735491","7","59667638","-7.345e-06","0.0016","A"
"4","Trait5","mrMLM","PstI.TP953640","7","59672491","4.0176e-06","9e-04","A"
"4","Trait5","mrMLM","PstI.TP953477","7","59672539","0.0104","0.1636","C"
"4","Trait5","mrMLM","PstI.TP1027445","7","59682194","0.0725","0.6596","A"
"4","Trait5","mrMLM","PstI.TP1027446","7","59682207","-0.0502","0.3238","C"
"4","Trait5","mrMLM","PstI.TP1027438","7","59682242","-1.4396e-05","0.0031","C"
"4","Trait5","mrMLM","PstI.TP871773","7","59683171","-1.0708e-05","0.0023","C"
"4","Trait5","mrMLM","NsiI.TP201900","7","59739247","1.8817e-05","0.0041","C"
"4","Trait5","mrMLM","NsiI.TP201899","7","59739252","8.4537e-06","0.0018","C"
"4","Trait5","mrMLM","PstI.TP177009","7","59744545","1.4487e-05","0.0032","A"
"4","Trait5","mrMLM","NsiI.TP216417","7","59750308","-1.2035e-05","0.0026","G"
"4","Trait5","mrMLM","PstI.TP68744","7","59752869","1.2295e-05","0.0027","A"
"4","Trait5","mrMLM","PstI.TP1022732","7","59785708","8.7643e-07","2e-04","A"
"4","Trait5","mrMLM","PstI.TP605948","7","59802366","-0.1265","0.8217","A"
"4","Trait5","mrMLM","PstI.TP90331","7","59803308","1.7271e-05","0.0038","A"
"4","Trait5","mrMLM","PstI.TP290738","7","59825579","-1.8173e-05","0.004","C"
"4","Trait5","mrMLM","PstI.TP543989","7","59827838","-9.8468e-06","0.0021","A"
"4","Trait5","mrMLM","PstI.TP13666","7","59849546","-8.2783e-06","0.0018","A"
"4","Trait5","mrMLM","GFSSContig18052_1167","7","59859208","-0.0942","0.4355","T"
"4","Trait5","mrMLM","NsiI.TP753390","7","59900776","-1.4392e-05","0.0031","A"
"4","Trait5","mrMLM","NsiI.TP380750","7","59931296","2.123e-05","0.0046","C"
"4","Trait5","mrMLM","NsiI.TP338604","7","59944646","1.5134e-05","0.0033","G"
"4","Trait5","mrMLM","PstI.TP1022641","7","59945448","-2.1367e-05","0.0047","A"
"4","Trait5","mrMLM","PstI.TP1022640","7","59945466","1.0606e-05","0.0023","A"
"4","Trait5","mrMLM","PstI.TP285646","7","59945480","-1.7688e-05","0.0039","C"
"4","Trait5","mrMLM","PstI.TP990989","7","59970444","-7.0457e-06","0.0015","C"
"4","Trait5","mrMLM","PstI.TP1234839","7","59971069","-2.7014e-05","0.0059","A"
"4","Trait5","mrMLM","NsiI.TP493682","7","59972191","-0.0925","1.4157","A"
"4","Trait5","mrMLM","NsiI.TP436828","7","59977729","1.2066e-05","0.0026","C"
"4","Trait5","mrMLM","PstI.TP806019","7","59977734","-6.3478e-06","0.0014","A"
"4","Trait5","mrMLM","PstI.TP806020","7","59977749","-0.1539","0.6681","A"
"4","Trait5","mrMLM","PstI.TP132153","7","59986710","0.0396","0.3559","A"
"4","Trait5","mrMLM","PstI.TP544110","7","59986998","-4.6894e-06","0.001","A"
"4","Trait5","mrMLM","PstI.TP964648","7","60011939","2.5903e-05","0.0057","C"
"4","Trait5","mrMLM","PstI.TP622431","7","60027444","-0.0176","0.2292","C"
"4","Trait5","mrMLM","NsiI.TP415728","7","60028222","-0.0093","0.1312","A"
"4","Trait5","mrMLM","PstI.TP920681","7","60036755","-4.091e-05","0.009","A"
"4","Trait5","mrMLM","PstI.TP855773","7","60046043","2.3488e-05","0.0051","A"
"4","Trait5","mrMLM","PstI.TP345161","7","60104752","-7.1484e-06","0.0016","A"
"4","Trait5","mrMLM","PstI.TP535050","7","60105007","2.3285e-06","5e-04","A"
"4","Trait5","mrMLM","PstI.TP898065","7","60146587","-0.0731","0.578","C"
"4","Trait5","mrMLM","NsiI.TP371392","7","60147605","2.1188e-05","0.0046","A"
"4","Trait5","mrMLM","NsiI.TP10980","7","60171001","2.2582e-05","0.0049","A"
"4","Trait5","mrMLM","NsiI.TP427864","7","60174590","-0.0228","0.2517","G"
"4","Trait5","mrMLM","PstI.TP577702","7","60177130","8.3255e-06","0.0018","C"
"4","Trait5","mrMLM","PstI.TP780069","7","60189505","-9.0292e-06","0.002","A"
"4","Trait5","mrMLM","PstI.TP1251115","7","60189734","-9.9288e-06","0.0022","A"
"4","Trait5","mrMLM","PstI.TP534885","7","60189766","-0.0092","0.1672","C"
"4","Trait5","mrMLM","NsiI.TP438738","7","60211072","0.0092","0.145","C"
"4","Trait5","mrMLM","PstI.TP1015272","7","60211549","0.148","1.2021","G"
"4","Trait5","mrMLM","NsiI.TP466674","7","60213549","2.9896e-06","7e-04","A"
"4","Trait5","mrMLM","PstI.TP355903","7","60227274","-7.185e-06","0.0016","A"
"4","Trait5","mrMLM","PstI.TP393128","7","60228191","-0.0989","0.3958","C"
"4","Trait5","mrMLM","PstI.TP856277","7","60248536","-3.7856e-06","8e-04","G"
"4","Trait5","mrMLM","NsiI.TP620627","7","60248640","-1.0377e-05","0.0023","A"
"4","Trait5","mrMLM","NsiI.TP687921","7","60250138","1.5921e-05","0.0035","A"
"4","Trait5","mrMLM","PstI.TP128737","7","60263902","2.3329e-06","5e-04","G"
"4","Trait5","mrMLM","PstI.TP364124","7","60271640","4.6396e-06","0.001","G"
"4","Trait5","mrMLM","PstI.TP945872","7","60295761","-1.1503e-05","0.0025","G"
"4","Trait5","mrMLM","PstI.TP1135700","7","60388517","-1.6015e-05","0.0035","C"
"4","Trait5","mrMLM","NsiI.TP184013","7","60389409","-4.0729e-07","8.8638e-05","C"
"4","Trait5","mrMLM","PstI.TP385006","7","60397799","-7.8411e-06","0.0017","C"
"4","Trait5","mrMLM","PstI.TP630827","7","60398016","0.0582","0.6195","C"
"4","Trait5","mrMLM","NsiI.TP374199","7","60453634","-2.24e-05","0.0049","G"
"4","Trait5","mrMLM","NsiI.TP328684","7","60454264","-0.1024","0.7994","A"
"4","Trait5","mrMLM","NsiI.TP503474","7","60458156","-6.4766e-06","0.0014","C"
"4","Trait5","mrMLM","PstI.TP597899","7","60464166","-5.7943e-06","0.0013","C"
"4","Trait5","mrMLM","PstI.TP868115","7","60464262","0.3393","2.0552","A"
"4","Trait5","mrMLM","NsiI.TP462648","7","60470338","-0.0345","0.342","C"
"4","Trait5","mrMLM","NsiI.TP666506","7","60526773","9.5362e-06","0.0021","A"
"4","Trait5","mrMLM","NsiI.TP666511","7","60526787","0.054","0.3679","C"
"4","Trait5","mrMLM","PstI.TP683429","7","60598528","1.6322e-05","0.0036","A"
"4","Trait5","mrMLM","PstI.TP681978","7","60598598","-2.6575e-05","0.0058","C"
"4","Trait5","mrMLM","NsiI.TP431873","7","60641707","-6.4715e-06","0.0014","C"
"4","Trait5","mrMLM","PstI.TP791692","7","60643897","1.8114e-05","0.004","C"
"4","Trait5","mrMLM","NsiI.TP15360","7","60668804","2.1265e-06","5e-04","G"
"4","Trait5","mrMLM","PstI.TP544830","7","60675631","0.0116","0.1524","A"
"4","Trait5","mrMLM","GFSSContig18799_764","7","60681019","-0.0186","0.1227","A"
"4","Trait5","mrMLM","PstI.TP713994","7","60699922","-8e-04","0.0383","C"
"4","Trait5","mrMLM","PstI.TP929954","7","60756603","0.0734","0.8163","C"
"4","Trait5","mrMLM","NsiI.TP24323","7","60763690","0.0926","0.7693","C"
"4","Trait5","mrMLM","NsiI.TP86013","7","60786487","0.0501","0.5363","A"
"4","Trait5","mrMLM","PstI.TP117811","7","60820156","-1.2387e-05","0.0027","A"
"4","Trait5","mrMLM","PstI.TP176210","7","60820249","-1.9712e-05","0.0043","C"
"4","Trait5","mrMLM","NsiI.TP241650","7","60822403","0.1084","0.6295","C"
"4","Trait5","mrMLM","NsiI.TP241648","7","60822434","0.0766","0.5287","C"
"4","Trait5","mrMLM","NsiI.TP78149","7","60848651","-1.9983e-06","4e-04","A"
"4","Trait5","mrMLM","PstI.TP811219","7","60849704","3.3514e-05","0.0074","A"
"4","Trait5","mrMLM","PstI.TP751820","7","60849775","9.5881e-06","0.0021","C"
"4","Trait5","mrMLM","PstI.TP693975","7","60850221","-1.4775e-05","0.0032","A"
"4","Trait5","mrMLM","PstI.TP117898","7","60858193","0.0297","0.3237","C"
"4","Trait5","mrMLM","NsiI.TP404460","7","60859940","1.9823e-05","0.0043","A"
"4","Trait5","mrMLM","GFSSContig18994_311","7","60872367","-2.955e-06","6e-04","A"
"4","Trait5","mrMLM","NsiI.TP764522","7","60882296","-7.3907e-06","0.0016","C"
"4","Trait5","mrMLM","PstI.TP737966","7","60883367","0.0633","0.5118","A"
"4","Trait5","mrMLM","PstI.TP737968","7","60883389","0.0036","0.0923","A"
"4","Trait5","mrMLM","NsiI.TP723734","7","60927387","1.4604e-05","0.0032","A"
"4","Trait5","mrMLM","PstI.TP195822","7","60945564","-9.2123e-06","0.002","A"
"4","Trait5","mrMLM","PstI.TP507771","7","60945817","8.6954e-06","0.0019","C"
"4","Trait5","mrMLM","NsiI.TP270280","7","60957592","-5.0793e-06","0.0011","C"
"4","Trait5","mrMLM","PstI.TP862169","7","60979712","1.9798e-05","0.0043","A"
"4","Trait5","mrMLM","NsiI.TP14349","7","61007185","0.0743","0.6391","A"
"4","Trait5","mrMLM","PstI.TP939255","7","61030767","-1.7394e-05","0.0038","C"
"4","Trait5","mrMLM","NsiI.TP533562","7","61030798","0.0025","0.0811","C"
"4","Trait5","mrMLM","PstI.TP1214350","7","61060930","0.0315","0.2822","A"
"4","Trait5","mrMLM","PstI.TP1151420","7","61070494","-0.1451","0.7787","C"
"4","Trait5","mrMLM","NsiI.TP406584","7","61077834","0.0097","0.1418","C"
"4","Trait5","mrMLM","PstI.TP595821","7","61081873","-5.302e-06","0.0012","G"
"4","Trait5","mrMLM","PstI.TP1095090","7","61081987","1.0342e-05","0.0023","C"
"4","Trait5","mrMLM","NsiI.TP718999","7","61082635","-0.0562","0.4374","A"
"4","Trait5","mrMLM","PstI.TP79964","7","61089423","-2.6934e-06","6e-04","C"
"4","Trait5","mrMLM","NsiI.TP59148","7","61109311","-0.104","0.5452","A"
"4","Trait5","mrMLM","PstI.TP1113486","7","61111271","-6.6451e-07","1e-04","A"
"4","Trait5","mrMLM","NsiI.TP457913","7","61111340","-7.8694e-06","0.0017","C"
"4","Trait5","mrMLM","NsiI.TP500961","7","61111458","2.5303e-05","0.0055","C"
"4","Trait5","mrMLM","NsiI.TP452094","7","61112576","1.5875e-05","0.0035","G"
"4","Trait5","mrMLM","PstI.TP641895","7","61137103","-1.4443e-05","0.0032","C"
"4","Trait5","mrMLM","NsiI.TP818956","7","61141558","0.1103","0.6502","G"
"4","Trait5","mrMLM","PstI.TP940968","7","61142166","0.2372","0.861","A"
"4","Trait5","mrMLM","NsiI.TP274146","7","61147472","-0.0943","0.6191","C"
"4","Trait5","mrMLM","PstI.TP195797","7","61163063","-4.1608e-07","9.0554e-05","A"
"4","Trait5","mrMLM","PstI.TP954037","7","61167285","7.0405e-06","0.0015","C"
"4","Trait5","mrMLM","NsiI.TP525477","7","61208838","-0.0689","0.4443","A"
"4","Trait5","mrMLM","PstI.TP169762","7","61212199","1.6057e-05","0.0035","C"
"4","Trait5","mrMLM","NsiI.TP577131","7","61216038","8.8438e-06","0.0019","A"
"4","Trait5","mrMLM","NsiI.TP685823","7","61226735","8.2609e-07","2e-04","A"
"4","Trait5","mrMLM","PstI.TP530077","7","61233587","-2.2209e-06","5e-04","C"
"4","Trait5","mrMLM","PstI.TP638532","7","61268472","-0.2658","1.8807","A"
"4","Trait5","mrMLM","NsiI.TP590314","7","61269970","2.1915e-05","0.0048","A"
"4","Trait5","mrMLM","PstI.TP716538","7","61274322","-5.6513e-06","0.0012","C"
"4","Trait5","mrMLM","NsiI.TP162754","7","61283335","0.2507","0.6967","A"
"4","Trait5","mrMLM","PstI.TP616981","7","61366988","1.421e-05","0.0031","C"
"4","Trait5","mrMLM","PstI.TP510665","7","61380291","0.1858","0.644","A"
"4","Trait5","mrMLM","PstI.TP905958","7","61390457","-2.5574e-05","0.0056","C"
"4","Trait5","mrMLM","NsiI.TP555117","7","61397592","-4.1154e-06","9e-04","C"
"4","Trait5","mrMLM","PstI.TP1274931","7","61404400","3.0549e-05","0.0067","A"
"4","Trait5","mrMLM","NsiI.TP477964","7","61407388","1.5563e-05","0.0034","G"
"4","Trait5","mrMLM","PstI.TP337718","7","61408443","0.0361","0.4443","A"
"4","Trait5","mrMLM","NsiI.TP439307","7","61419849","4.2291e-06","9e-04","G"
"4","Trait5","mrMLM","PstI.TP1171876","7","61425666","-7.4781e-07","2e-04","A"
"4","Trait5","mrMLM","PstI.TP244410","7","61435906","-0.0504","0.2791","C"
"4","Trait5","mrMLM","PstI.TP139310","7","61471163","-0.0116","0.0888","A"
"4","Trait5","mrMLM","PstI.TP344899","7","61484903","-2.1809e-05","0.0048","C"
"4","Trait5","mrMLM","NsiI.TP511059","7","61487480","2.1981e-05","0.0048","C"
"4","Trait5","mrMLM","PstI.TP44037","7","61502693","-6.2333e-06","0.0014","A"
"4","Trait5","mrMLM","PstI.TP1103713","7","61506813","0.0547","0.6439","A"
"4","Trait5","mrMLM","PstI.TP812672","7","61524159","-2.3245e-06","5e-04","A"
"4","Trait5","mrMLM","PstI.TP868312","7","61529395","4.2896e-07","9.336e-05","C"
"4","Trait5","mrMLM","PstI.TP927042","7","61530514","1.4804e-05","0.0032","A"
"4","Trait5","mrMLM","NsiI.TP164128","7","61541744","-0.065","0.5727","C"
"4","Trait5","mrMLM","PstI.TP890805","7","61659863","-0.0479","0.5946","C"
"4","Trait5","mrMLM","PstI.TP1004796","7","61672859","-1.1514e-05","0.0025","A"
"4","Trait5","mrMLM","PstI.TP1183327","7","61677029","0.1678","0.7309","A"
"4","Trait5","mrMLM","NsiI.TP557668","7","61677173","1.6848e-05","0.0037","C"
"4","Trait5","mrMLM","NsiI.TP758054","7","61677217","-2.3209e-05","0.0051","A"
"4","Trait5","mrMLM","PstI.TP738055","7","61683923","-2.039e-05","0.0045","C"
"4","Trait5","mrMLM","PstI.TP1155358","7","61684580","-2.2511e-05","0.0049","C"
"4","Trait5","mrMLM","NsiI.TP573856","7","61702041","1.2566e-05","0.0027","G"
"4","Trait5","mrMLM","NsiI.TP766057","7","61710211","-0.1612","1.1278","A"
"4","Trait5","mrMLM","GFSSContig8643_492","7","61711565","1.8477e-05","0.004","A"
"4","Trait5","mrMLM","NsiI.TP756863","7","61751368","9.746e-06","0.0021","A"
"4","Trait5","mrMLM","PstI.TP637513","7","61758322","-0.0806","0.8488","C"
"4","Trait5","mrMLM","PstI.TP1056511","7","61774591","-4.8854e-07","1e-04","C"
"4","Trait5","mrMLM","PstI.TP515294","7","61776176","9.4588e-06","0.0021","A"
"4","Trait5","mrMLM","PstI.TP515295","7","61776197","-2.1922e-06","5e-04","C"
"4","Trait5","mrMLM","PstI.TP946951","7","61799723","-0.2968","1.6598","C"
"4","Trait5","mrMLM","PstI.TP1278819","7","61813699","-1.5102e-05","0.0033","C"
"4","Trait5","mrMLM","PstI.TP1278820","7","61813715","-4.8302e-06","0.0011","C"
"4","Trait5","mrMLM","NsiI.TP467361","7","61840286","8.6577e-06","0.0019","C"
"4","Trait5","mrMLM","NsiI.TP436962","7","61863894","0.062","0.2392","A"
"4","Trait5","mrMLM","NsiI.TP441283","7","61864491","0.001","0.0357","C"
"4","Trait5","mrMLM","PstI.TP1064537","7","61871668","1.1569e-05","0.0025","C"
"4","Trait5","mrMLM","PstI.TP810944","7","61876950","6.3017e-08","1.3717e-05","C"
"4","Trait5","mrMLM","PstI.TP202537","7","61951696","0.0429","0.2485","A"
"4","Trait5","mrMLM","PstI.TP133617","7","61951755","9.4765e-07","2e-04","A"
"4","Trait5","mrMLM","PstI.TP681964","7","61958235","4.9505e-06","0.0011","C"
"4","Trait5","mrMLM","PstI.TP152700","7","61976017","-0.0045","0.1092","C"
"4","Trait5","mrMLM","PstI.TP877723","7","61990259","-1.8528e-05","0.0041","C"
"4","Trait5","mrMLM","PstI.TP877722","7","61990281","9.8482e-07","2e-04","G"
"4","Trait5","mrMLM","PstI.TP372436","7","61991133","2.7992e-05","0.0061","C"
"4","Trait5","mrMLM","PstI.TP483278","7","61991444","0.0184","0.2468","G"
"4","Trait5","mrMLM","NsiI.TP703103","7","61993694","2.4426e-05","0.0053","A"
"4","Trait5","mrMLM","PstI.TP77161","7","62007705","-9.8923e-06","0.0022","A"
"4","Trait5","mrMLM","PstI.TP1158956","7","62010736","2.0583e-05","0.0045","A"
"4","Trait5","mrMLM","PstI.TP862004","7","62011344","-8.5128e-06","0.0019","A"
"4","Trait5","mrMLM","NsiI.TP631604","7","62023275","-3.7984e-08","8.2657e-06","A"
"4","Trait5","mrMLM","NsiI.TP676974","7","62034862","0.0495","0.7109","A"
"4","Trait5","mrMLM","PstI.TP167190","7","62053736","2.9082e-06","6e-04","C"
"4","Trait5","mrMLM","NsiI.TP662406","7","62055550","0.1878","1.399","C"
"4","Trait5","mrMLM","PstI.TP1108598","7","62058332","9.087e-06","0.002","A"
"4","Trait5","mrMLM","NsiI.TP375631","7","62067548","-3.7078e-05","0.0081","A"
"4","Trait5","mrMLM","PstI.TP1068347","7","62120815","-0.0309","0.2709","A"
"4","Trait5","mrMLM","NsiI.TP204532","7","62126624","-1.7654e-05","0.0039","C"
"4","Trait5","mrMLM","NsiI.TP204506","7","62126630","-5.6557e-06","0.0012","A"
"4","Trait5","mrMLM","PstI.TP801619","7","62135290","2.2286e-05","0.0049","A"
"4","Trait5","mrMLM","PstI.TP1012960","7","62157197","1.5539e-05","0.0034","A"
"4","Trait5","mrMLM","PstI.TP104754","7","62160006","-2.6958e-06","6e-04","A"
"4","Trait5","mrMLM","PstI.TP75114","7","62191262","1.3196e-05","0.0029","G"
"4","Trait5","mrMLM","PstI.TP972470","7","62197695","0.1786","1.4853","A"
"4","Trait5","mrMLM","NsiI.TP40402","7","62207879","-0.0399","0.4389","A"
"4","Trait5","mrMLM","NsiI.TP85455","7","62207996","-0.0146","0.134","A"
"4","Trait5","mrMLM","NsiI.TP123377","7","62208476","1.5109e-05","0.0033","C"
"4","Trait5","mrMLM","NsiI.TP331619","7","62232374","-2.4115e-05","0.0053","A"
"4","Trait5","mrMLM","PstI.TP36233","7","62232379","-1.5923e-05","0.0035","A"
"4","Trait5","mrMLM","NsiI.TP480124","7","62254344","2.3677e-05","0.0052","G"
"4","Trait5","mrMLM","NsiI.TP809755","7","62255010","-1.4659e-05","0.0032","C"
"4","Trait5","mrMLM","NsiI.TP409780","7","62261032","-8.8994e-07","2e-04","A"
"4","Trait5","mrMLM","NsiI.TP643527","7","62274730","1.6746e-05","0.0037","C"
"4","Trait5","mrMLM","PstI.TP696674","7","62275424","0.018","0.1491","C"
"4","Trait5","mrMLM","NsiI.TP571352","7","62275992","5.7008e-06","0.0012","A"
"4","Trait5","mrMLM","PstI.TP1036644","7","62276526","-1.3289e-05","0.0029","A"
"4","Trait5","mrMLM","NsiI.TP280405","7","62276910","5.3423e-06","0.0012","C"
"4","Trait5","mrMLM","NsiI.TP160913","7","62277250","2.8392e-06","6e-04","G"
"4","Trait5","mrMLM","GFSSContig16609_920","7","62292107","-0.005","0.0759","T"
"4","Trait5","mrMLM","PstI.TP1165782","7","62294402","1.5255e-05","0.0033","C"
"4","Trait5","mrMLM","NsiI.TP167355","7","62310552","-0.0064","0.0647","C"
"4","Trait5","mrMLM","NsiI.TP715258","7","62318365","-1.1996e-05","0.0026","A"
"4","Trait5","mrMLM","PstI.TP1042853","7","62319934","9.6508e-06","0.0021","A"
"4","Trait5","mrMLM","PstI.TP1019265","7","62320408","1.29e-05","0.0028","C"
"4","Trait5","mrMLM","PstI.TP175766","7","62320486","0.1447","1.0687","G"
"4","Trait5","mrMLM","PstI.TP530402","7","62371410","0.0584","0.3975","A"
"4","Trait5","mrMLM","NsiI.TP456171","7","62372028","-1.6117e-05","0.0035","C"
"4","Trait5","mrMLM","PstI.TP1272574","7","62373472","-1.2842e-06","3e-04","A"
"4","Trait5","mrMLM","PstI.TP235061","7","62394616","2.5213e-05","0.0055","C"
"4","Trait5","mrMLM","PstI.TP235062","7","62394665","0.0316","0.4721","C"
"4","Trait5","mrMLM","NsiI.TP248464","7","62394840","-1.1059e-05","0.0024","A"
"4","Trait5","mrMLM","PstI.TP123741","7","62401761","-1.8186e-05","0.004","C"
"4","Trait5","mrMLM","PstI.TP175816","7","62405249","-1.2779e-05","0.0028","C"
"4","Trait5","mrMLM","NsiI.TP534847","7","62418546","7.3067e-06","0.0016","A"
"4","Trait5","mrMLM","NsiI.TP601984","7","62422917","-5.9697e-06","0.0013","C"
"4","Trait5","mrMLM","NsiI.TP729034","7","62472151","-7.5263e-06","0.0016","C"
"4","Trait5","mrMLM","PstI.TP419897","7","62489480","5.0903e-06","0.0011","G"
"4","Trait5","mrMLM","PstI.TP116046","7","62490129","0.0659","0.5464","A"
"4","Trait5","mrMLM","PstI.TP544436","7","62494319","1.0681e-05","0.0023","G"
"4","Trait5","mrMLM","NsiI.TP344191","7","62595703","-0.0172","0.1294","G"
"4","Trait5","mrMLM","PstI.TP784046","7","62598267","-1.5575e-05","0.0034","A"
"4","Trait5","mrMLM","PstI.TP768741","7","62606511","1.7052e-05","0.0037","G"
"4","Trait5","mrMLM","NsiI.TP432237","7","62615093","2.7484e-05","0.006","C"
"4","Trait5","mrMLM","NsiI.TP422354","7","62617991","1.6857e-05","0.0037","A"
"4","Trait5","mrMLM","NsiI.TP450695","7","62633905","1.438e-05","0.0031","A"
"4","Trait5","mrMLM","NsiI.TP450839","7","62633956","-3.4765e-05","0.0076","C"
"4","Trait5","mrMLM","NsiI.TP246788","7","62644166","-2.3532e-06","5e-04","C"
"4","Trait5","mrMLM","PstI.TP1059637","7","62666562","-0.1592","1.7572","G"
"4","Trait5","mrMLM","PstI.TP43769","7","62666670","0.104","0.7231","G"
"4","Trait5","mrMLM","PstI.TP719780","7","62671594","0.0014","0.0358","C"
"4","Trait5","mrMLM","PstI.TP174694","7","62702371","1.4695e-05","0.0032","A"
"4","Trait5","mrMLM","PstI.TP378769","7","62720950","1.9585e-05","0.0043","C"
"4","Trait5","mrMLM","NsiI.TP825779","7","62721059","-1.1413e-05","0.0025","C"
"4","Trait5","mrMLM","PstI.TP71671","7","62722352","-1.328e-05","0.0029","A"
"4","Trait5","mrMLM","NsiI.TP547776","7","62746195","0.0232","0.3704","A"
"4","Trait5","mrMLM","NsiI.TP179643","7","62773912","1.1095e-06","2e-04","C"
"4","Trait5","mrMLM","PstI.TP700927","7","62831400","2.102e-05","0.0046","A"
"4","Trait5","mrMLM","PstI.TP927961","7","62832456","2.2484e-05","0.0049","G"
"4","Trait5","mrMLM","NsiI.TP632871","7","62841691","-1.2989e-05","0.0028","A"
"4","Trait5","mrMLM","NsiI.TP441346","7","62861283","-1.6265e-05","0.0036","C"
"4","Trait5","mrMLM","PstI.TP1228116","7","62882618","1.5684e-05","0.0034","C"
"4","Trait5","mrMLM","NsiI.TP621902","7","62903684","-2.3477e-06","5e-04","A"
"4","Trait5","mrMLM","PstI.TP96259","7","62904480","-1.8175e-05","0.004","A"
"4","Trait5","mrMLM","NsiI.TP499993","7","62913963","0.0961","0.7877","A"
"4","Trait5","mrMLM","PstI.TP929811","7","62914025","-1.8474e-05","0.004","G"
"4","Trait5","mrMLM","NsiI.TP668140","7","62916182","-2.789e-05","0.0061","A"
"4","Trait5","mrMLM","NsiI.TP558760","7","62957243","-1.4335e-05","0.0031","C"
"4","Trait5","mrMLM","PstI.TP522215","7","62960479","0.0648","0.8427","C"
"4","Trait5","mrMLM","NsiI.TP744257","7","62971104","2.1873e-06","5e-04","A"
"4","Trait5","mrMLM","PstI.TP998392","7","62975949","-4.6646e-05","0.0103","C"
"4","Trait5","mrMLM","NsiI.TP233599","7","62979220","0.01","0.1415","A"
"4","Trait5","mrMLM","PstI.TP619768","7","63048502","-5.0457e-06","0.0011","G"
"4","Trait5","mrMLM","PstI.TP908994","7","63048533","0.1417","0.6878","C"
"4","Trait5","mrMLM","PstI.TP31389","7","63065812","6.1171e-06","0.0013","A"
"4","Trait5","mrMLM","NsiI.TP36858","7","63070253","4.3352e-06","9e-04","C"
"4","Trait5","mrMLM","NsiI.TP62479","7","63070283","-1.1864e-05","0.0026","A"
"4","Trait5","mrMLM","NsiI.TP394367","7","63072937","-0.1285","0.6808","G"
"4","Trait5","mrMLM","NsiI.TP615927","7","63073956","0.0493","0.4361","A"
"4","Trait5","mrMLM","PstI.TP12971","7","63081914","-4.1509e-07","9.0354e-05","C"
"4","Trait5","mrMLM","NsiI.TP340134","7","63082166","0.028","0.1554","C"
"4","Trait5","mrMLM","NsiI.TP269834","7","63113567","0.0012","0.0425","C"
"4","Trait5","mrMLM","PstI.TP1183580","7","63127725","2.2602e-05","0.0049","G"
"4","Trait5","mrMLM","PstI.TP175303","7","63151935","2.7052e-05","0.0059","A"
"4","Trait5","mrMLM","PstI.TP1225727","7","63190971","0.0273","0.3787","C"
"4","Trait5","mrMLM","NsiI.TP627015","7","63220926","5.2297e-06","0.0011","C"
"4","Trait5","mrMLM","PstI.TP852075","7","63221771","-1.061e-05","0.0023","C"
"4","Trait5","mrMLM","PstI.TP587504","7","63222407","-1.5579e-05","0.0034","C"
"4","Trait5","mrMLM","NsiI.TP627366","7","63222583","-0.1041","1.2407","C"
"4","Trait5","mrMLM","PstI.TP180322","7","63225174","-4.3202e-06","9e-04","A"
"4","Trait5","mrMLM","PstI.TP250392","7","63225290","6.6582e-06","0.0015","A"
"4","Trait5","mrMLM","NsiI.TP378253","7","63225298","-1.2716e-05","0.0028","A"
"4","Trait5","mrMLM","NsiI.TP64861","7","63229109","-2.4076e-05","0.0053","A"
"4","Trait5","mrMLM","PstI.TP733717","7","63292349","-1.2306e-05","0.0027","A"
"4","Trait5","mrMLM","PstI.TP418786","7","63307386","8.2046e-06","0.0018","C"
"4","Trait5","mrMLM","PstI.TP307021","7","63314237","2.2382e-05","0.0049","A"
"4","Trait5","mrMLM","PstI.TP669291","7","63322472","-0.0683","0.4335","A"
"4","Trait5","mrMLM","NsiI.TP402696","7","63332379","-7.7452e-06","0.0017","A"
"4","Trait5","mrMLM","PstI.TP196308","7","63372153","-3.8857e-06","8e-04","C"
"4","Trait5","mrMLM","PstI.TP979344","7","63380406","-2.8822e-05","0.0063","C"
"4","Trait5","mrMLM","PstI.TP186657","7","63404265","-7.0839e-07","2e-04","G"
"4","Trait5","mrMLM","PstI.TP428953","7","63406622","1.1465e-05","0.0025","A"
"4","Trait5","mrMLM","PstI.TP361165","7","63446798","1.5226e-05","0.0033","A"
"4","Trait5","mrMLM","PstI.TP535733","7","63452948","-1.1016e-06","2e-04","C"
"4","Trait5","mrMLM","NsiI.TP806213","7","63491736","6.7914e-06","0.0015","C"
"4","Trait5","mrMLM","NsiI.TP172037","7","63511911","-1.5852e-06","3e-04","C"
"4","Trait5","mrMLM","PstI.TP100872","7","63522689","1.5862e-05","0.0035","C"
"4","Trait5","mrMLM","NsiI.TP123140","7","63528899","0.0036","0.062","A"
"4","Trait5","mrMLM","NsiI.TP38744","7","63536657","0.0307","0.4048","A"
"4","Trait5","mrMLM","NsiI.TP441058","7","63536657","1.7908e-05","0.0039","C"
"4","Trait5","mrMLM","PstI.TP677077","7","63537213","-0.1978","1.22","C"
"4","Trait5","mrMLM","PstI.TP1213704","7","63540574","-0.0736","0.3762","A"
"4","Trait5","mrMLM","NsiI.TP39550","7","63550655","-2.1481e-05","0.0047","A"
"4","Trait5","mrMLM","NsiI.TP57466","7","63556952","1.0815e-05","0.0024","C"
"4","Trait5","mrMLM","NsiI.TP519945","7","63563357","5.9806e-06","0.0013","A"
"4","Trait5","mrMLM","PstI.TP1221188","7","63582423","-3.1059e-05","0.0068","C"
"4","Trait5","mrMLM","PstI.TP670190","7","63604320","1.6703e-05","0.0037","A"
"4","Trait5","mrMLM","PstI.TP143988","7","63604417","1.4968e-05","0.0033","A"
"4","Trait5","mrMLM","NsiI.TP421336","7","63608511","-0.0351","0.4455","A"
"4","Trait5","mrMLM","PstI.TP622318","7","63611772","-0.0844","0.7018","A"
"4","Trait5","mrMLM","PstI.TP770946","7","63612212","1.1924e-06","3e-04","A"
"4","Trait5","mrMLM","PstI.TP777213","7","63617032","-0.0848","0.4716","G"
"4","Trait5","mrMLM","NsiI.TP420312","7","63620394","-2.0536e-05","0.0045","A"
"4","Trait5","mrMLM","NsiI.TP149154","7","63638573","-1.9309e-05","0.0042","C"
"4","Trait5","mrMLM","PstI.TP767870","7","63639615","-2.044e-05","0.0045","A"
"4","Trait5","mrMLM","PstI.TP442367","7","63660913","-0.0277","0.331","G"
"4","Trait5","mrMLM","PstI.TP1109343","7","63682270","-0.1041","0.4359","C"
"4","Trait5","mrMLM","NsiI.TP726969","7","63683749","-0.0622","0.5755","C"
"4","Trait5","mrMLM","NsiI.TP30721","7","63692949","-0.1028","0.6577","A"
"4","Trait5","mrMLM","PstI.TP97145","7","63694613","3.3199e-06","7e-04","C"
"4","Trait5","mrMLM","PstI.TP97147","7","63694630","3.1247e-05","0.0069","G"
"4","Trait5","mrMLM","GFSSContig18109_864","7","63697288","1.2687e-05","0.0028","A"
"4","Trait5","mrMLM","PstI.TP545153","7","63711734","5.6545e-06","0.0012","C"
"4","Trait5","mrMLM","PstI.TP16066","7","63715053","-2.003e-05","0.0044","G"
"4","Trait5","mrMLM","PstI.TP1063266","7","63732338","-3.0496e-05","0.0067","C"
"4","Trait5","mrMLM","NsiI.TP359285","7","63733199","-2.9671e-05","0.0065","C"
"4","Trait5","mrMLM","PstI.TP195962","7","63734553","-3.6605e-06","8e-04","A"
"4","Trait5","mrMLM","NsiI.TP728397","7","63735500","2.4722e-05","0.0054","A"
"4","Trait5","mrMLM","PstI.TP29929","7","63742031","2.7672e-06","6e-04","C"
"4","Trait5","mrMLM","PstI.TP661320","7","63742444","-1.8028e-05","0.0039","C"
"4","Trait5","mrMLM","NsiI.TP204683","7","63746517","4.4511e-06","0.001","A"
"4","Trait5","mrMLM","NsiI.TP748486","7","63746564","9.5704e-06","0.0021","A"
"4","Trait5","mrMLM","PstI.TP416521","7","63746658","-1.676e-05","0.0037","C"
"4","Trait5","mrMLM","PstI.TP370148","7","63756885","-1.8878e-05","0.0041","C"
"4","Trait5","mrMLM","NsiI.TP421280","7","63757956","-1.2202e-05","0.0027","C"
"4","Trait5","mrMLM","NsiI.TP521432","7","63757970","1.6968e-05","0.0037","A"
"4","Trait5","mrMLM","NsiI.TP396267","7","63764542","7.8699e-06","0.0017","C"
"4","Trait5","mrMLM","PstI.TP582556","7","63768946","1.0511e-05","0.0023","A"
"4","Trait5","mrMLM","NsiI.TP8543","7","63770894","-4.2352e-07","9.2172e-05","A"
"4","Trait5","mrMLM","NsiI.TP509771","7","63795912","7.7062e-07","2e-04","A"
"4","Trait5","mrMLM","NsiI.TP746676","7","63800582","0.0154","0.1655","C"
"4","Trait5","mrMLM","PstI.TP292181","7","63803602","-3.593e-06","8e-04","A"
"4","Trait5","mrMLM","NsiI.TP443564","7","63805273","-1.594e-05","0.0035","A"
"4","Trait5","mrMLM","PstI.TP894633","7","63851283","-1.6469e-05","0.0036","G"
"4","Trait5","mrMLM","NsiI.TP118122","7","63855927","0.0423","0.256","A"
"4","Trait5","mrMLM","PstI.TP125348","7","63881820","-2.0088e-05","0.0044","A"
"4","Trait5","mrMLM","PstI.TP1040833","7","63896724","4.1292e-06","9e-04","A"
"4","Trait5","mrMLM","PstI.TP306048","7","63911751","-3.4635e-06","8e-04","A"
"4","Trait5","mrMLM","PstI.TP1175391","7","63911802","-0.0891","0.3715","A"
"4","Trait5","mrMLM","NsiI.TP320652","7","63936291","1.533e-05","0.0033","C"
"4","Trait5","mrMLM","PstI.TP336967","7","63960044","0.2015","0.7062","C"
"4","Trait5","mrMLM","NsiI.TP115306","7","63989810","9.4078e-06","0.0021","C"
"4","Trait5","mrMLM","PstI.TP234444","7","63993635","-8.4818e-06","0.0019","A"
"4","Trait5","mrMLM","PstI.TP814417","7","63993858","0.1573","1.2286","C"
"4","Trait5","mrMLM","NsiI.TP228172","7","63997711","-0.0178","0.2279","A"
"4","Trait5","mrMLM","NsiI.TP208427","7","64002268","1.1841e-05","0.0026","A"
"4","Trait5","mrMLM","NsiI.TP388807","7","64020446","7.1743e-06","0.0016","C"
"4","Trait5","mrMLM","PstI.TP133639","7","64025573","-0.184","0.8632","C"
"4","Trait5","mrMLM","NsiI.TP520341","7","64051632","0.0995","0.5593","C"
"4","Trait5","mrMLM","NsiI.TP695219","7","64060965","3.0563e-06","7e-04","C"
"4","Trait5","mrMLM","NsiI.TP333672","7","64061849","3.0347e-05","0.0067","C"
"4","Trait5","mrMLM","NsiI.TP572123","7","64064587","-1.1814e-05","0.0026","A"
"4","Trait5","mrMLM","PstI.TP1129550","7","64064610","-1.5021e-05","0.0033","A"
"4","Trait5","mrMLM","PstI.TP757615","7","64070952","6.5086e-06","0.0014","C"
"4","Trait5","mrMLM","PstI.TP932956","7","64071440","-5.8517e-06","0.0013","C"
"4","Trait5","mrMLM","PstI.TP756165","7","64072184","-1.851e-05","0.004","C"
"4","Trait5","mrMLM","PstI.TP1059426","7","64073475","2.1792e-06","5e-04","A"
"4","Trait5","mrMLM","NsiI.TP449489","7","64098895","2.4653e-05","0.0054","C"
"4","Trait5","mrMLM","NsiI.TP833101","7","64098970","1.4389e-05","0.0031","G"
"4","Trait5","mrMLM","PstI.TP1183458","7","64102705","0.0338","0.2808","C"
"4","Trait5","mrMLM","GFSSContig1405_481","7","64118787","-8.7674e-06","0.0019","T"
"4","Trait5","mrMLM","NsiI.TP4948","7","64126283","-2.1199e-05","0.0046","A"
"4","Trait5","mrMLM","NsiI.TP561892","7","64131912","3.7715e-05","0.0083","A"
"4","Trait5","mrMLM","NsiI.TP432746","7","64137311","0.0719","0.2681","A"
"4","Trait5","mrMLM","NsiI.TP752803","7","64142691","-3.0708e-05","0.0067","C"
"4","Trait5","mrMLM","NsiI.TP481436","7","64142755","6.7435e-06","0.0015","A"
"4","Trait5","mrMLM","PstI.TP216792","7","64143020","-3.6544e-06","8e-04","A"
"4","Trait5","mrMLM","NsiI.TP561173","7","64182183","-0.107","0.751","A"
"4","Trait5","mrMLM","PstI.TP834155","7","64193319","6.6775e-06","0.0015","A"
"4","Trait5","mrMLM","GFSSContig13612_465","7","64197614","5.0332e-06","0.0011","T"
"4","Trait5","mrMLM","PstI.TP532330","7","64203986","0.0868","0.8266","A"
"4","Trait5","mrMLM","PstI.TP871926","7","64204163","-8.6793e-06","0.0019","G"
"4","Trait5","mrMLM","PstI.TP105625","7","64210615","0.0416","0.337","C"
"4","Trait5","mrMLM","PstI.TP82727","7","64210634","1.9146e-05","0.0042","G"
"4","Trait5","mrMLM","PstI.TP1016623","7","64210878","-9.0815e-06","0.002","C"
"4","Trait5","mrMLM","PstI.TP1013473","7","64211381","-0.1664","0.5524","A"
"4","Trait5","mrMLM","PstI.TP312567","7","64215545","-0.0121","0.186","A"
"4","Trait5","mrMLM","NsiI.TP555585","7","64220464","2e-07","4.3531e-05","C"
"4","Trait5","mrMLM","PstI.TP292777","7","64227793","0.0106","0.1278","A"
"4","Trait5","mrMLM","NsiI.TP412439","7","64228805","-4.6446e-06","0.001","G"
"4","Trait5","mrMLM","NsiI.TP653777","7","64267370","-1.6395e-05","0.0036","A"
"4","Trait5","mrMLM","PstI.TP245449","7","64290861","-1.5277e-05","0.0033","C"
"4","Trait5","mrMLM","PstI.TP687359","7","64303520","0.0063","0.1224","A"
"4","Trait5","mrMLM","NsiI.TP356096","7","64308526","1.3619e-05","0.003","C"
"4","Trait5","mrMLM","PstI.TP1207293","7","64314130","0.0934","0.8651","C"
"4","Trait5","mrMLM","PstI.TP847211","7","64315939","-0.0214","0.3235","A"
"4","Trait5","mrMLM","NsiI.TP406078","7","64325834","2.3921e-05","0.0052","A"
"4","Trait5","mrMLM","NsiI.TP3207","7","64348054","1.2812e-05","0.0028","A"
"4","Trait5","mrMLM","PstI.TP383122","7","64348908","-0.0235","0.3515","A"
"4","Trait5","mrMLM","PstI.TP1132574","7","64353059","8.0271e-07","2e-04","C"
"4","Trait5","mrMLM","PstI.TP856074","7","64359017","6e-04","0.0194","A"
"4","Trait5","mrMLM","NsiI.TP272666","7","64359188","-8.8152e-07","2e-04","A"
"4","Trait5","mrMLM","PstI.TP1021253","7","64417622","8.2192e-06","0.0018","A"
"4","Trait5","mrMLM","NsiI.TP298594","7","64449719","0.1517","0.7752","A"
"4","Trait5","mrMLM","PstI.TP181497","7","64455318","-2.4395e-05","0.0053","A"
"4","Trait5","mrMLM","PstI.TP195373","7","64455324","4.2852e-05","0.0094","C"
"4","Trait5","mrMLM","PstI.TP195372","7","64455354","-1.2789e-05","0.0028","A"
"4","Trait5","mrMLM","NsiI.TP287625","7","64487648","-1.6883e-07","3.6751e-05","A"
"4","Trait5","mrMLM","NsiI.TP118018","7","64488609","8.9821e-06","0.002","A"
"4","Trait5","mrMLM","GFSSContig18384_1020","7","64525213","-2.4327e-05","0.0053","A"
"4","Trait5","mrMLM","NsiI.TP832714","7","64527821","2.4e-05","0.0053","C"
"4","Trait5","mrMLM","NsiI.TP492710","7","64546903","1.8016e-05","0.0039","C"
"4","Trait5","mrMLM","PstI.TP1026956","7","64557440","-1.6511e-05","0.0036","A"
"4","Trait5","mrMLM","PstI.TP305053","7","64568885","-1.3255e-06","3e-04","A"
"4","Trait5","mrMLM","NsiI.TP560490","7","64601488","-0.2504","1.1436","A"
"4","Trait5","mrMLM","NsiI.TP487676","7","64601519","0.0139","0.1722","A"
"4","Trait5","mrMLM","NsiI.TP19266","7","64606348","-0.0702","0.4992","C"
"4","Trait5","mrMLM","PstI.TP1141410","7","64617396","-8.5912e-06","0.0019","C"
"4","Trait5","mrMLM","PstI.TP938468","7","64619181","9.2811e-06","0.002","C"
"4","Trait5","mrMLM","NsiI.TP685748","7","64648456","4.6205e-06","0.001","C"
"4","Trait5","mrMLM","PstI.TP859981","7","64719101","0.0473","0.4087","C"
"4","Trait5","mrMLM","PstI.TP860055","7","64719148","8.7265e-06","0.0019","A"
"4","Trait5","mrMLM","GFSSContig4757_256","7","64751316","-2.1199e-05","0.0046","A"
"4","Trait5","mrMLM","NsiI.TP512254","7","64772511","6.8789e-06","0.0015","A"
"4","Trait5","mrMLM","NsiI.TP488114","7","64773896","5.0444e-06","0.0011","C"
"4","Trait5","mrMLM","PstI.TP124186","7","64789657","4.4348e-06","0.001","A"
"4","Trait5","mrMLM","GFSSContig17337_2234","7","64806352","-0.0433","0.4908","T"
"4","Trait5","mrMLM","PstI.TP83416","7","64822306","0.0394","0.369","C"
"4","Trait5","mrMLM","PstI.TP97278","7","64822354","-1.6433e-05","0.0036","C"
"4","Trait5","mrMLM","PstI.TP773940","7","64822434","5.8081e-06","0.0013","A"
"4","Trait5","mrMLM","NsiI.TP247827","7","64830742","1.5789e-05","0.0034","C"
"4","Trait5","mrMLM","NsiI.TP668117","7","64834893","-1.8557e-05","0.0041","A"
"4","Trait5","mrMLM","NsiI.TP161433","7","64834912","6.6767e-06","0.0015","C"
"4","Trait5","mrMLM","PstI.TP58391","7","64850518","-3.6103e-06","8e-04","A"
"4","Trait5","mrMLM","PstI.TP774033","7","64851531","0.0833","0.5199","A"
"4","Trait5","mrMLM","PstI.TP690665","7","64852622","3.7546e-05","0.0083","A"
"4","Trait5","mrMLM","PstI.TP1039351","7","64861322","5.4566e-06","0.0012","C"
"4","Trait5","mrMLM","PstI.TP209765","7","64863239","1.939e-05","0.0042","A"
"4","Trait5","mrMLM","PstI.TP18946","7","64870868","4.0508e-06","9e-04","A"
"4","Trait5","mrMLM","PstI.TP853332","7","64959288","2.3218e-06","5e-04","C"
"4","Trait5","mrMLM","PstI.TP5387","7","64961261","-4.2261e-06","9e-04","A"
"4","Trait5","mrMLM","PstI.TP532426","7","64966356","3.352e-05","0.0074","C"
"4","Trait5","mrMLM","NsiI.TP728055","7","64974048","6.4541e-06","0.0014","A"
"4","Trait5","mrMLM","NsiI.TP71163","7","65061807","-1.2069e-06","3e-04","A"
"4","Trait5","mrMLM","PstI.TP319558","7","65079693","-8.0816e-06","0.0018","A"
"4","Trait5","mrMLM","PstI.TP21657","7","65083763","-3.8141e-06","8e-04","A"
"4","Trait5","mrMLM","PstI.TP669233","7","65085026","-1.196e-05","0.0026","C"
"4","Trait5","mrMLM","PstI.TP466696","7","65099577","-0.2873","1.2677","C"
"4","Trait5","mrMLM","PstI.TP777596","7","65099913","-8.9373e-06","0.0019","C"
"4","Trait5","mrMLM","PstI.TP461455","7","65100491","-0.1493","0.6474","A"
"4","Trait5","mrMLM","PstI.TP461457","7","65100502","-9.9964e-06","0.0022","C"
"4","Trait5","mrMLM","PstI.TP196226","7","65121284","-1.432e-05","0.0031","A"
"4","Trait5","mrMLM","GFSSContig19936_919","7","65170043","-5.8241e-06","0.0013","C"
"4","Trait5","mrMLM","PstI.TP1012440","7","65173129","-1.1915e-05","0.0026","A"
"4","Trait5","mrMLM","NsiI.TP804131","7","65184494","-8.0162e-06","0.0017","A"
"4","Trait5","mrMLM","NsiI.TP327314","7","65197970","-0.0701","0.4726","A"
"4","Trait5","mrMLM","NsiI.TP218546","7","65199992","-3.8178e-05","0.0084","A"
"4","Trait5","mrMLM","NsiI.TP501510","7","65224766","-1.0284e-05","0.0022","G"
"4","Trait5","mrMLM","NsiI.TP501512","7","65224792","0.2432","3.4235","A"
"4","Trait5","mrMLM","NsiI.TP556083","7","65244652","-1.1075e-05","0.0024","A"
"4","Trait5","mrMLM","PstI.TP297697","7","65274615","-0.0406","0.2401","C"
"4","Trait5","mrMLM","NsiI.TP10592","7","65278458","0.0062","0.1331","A"
"4","Trait5","mrMLM","PstI.TP485331","7","65312385","0.0275","0.3214","A"
"4","Trait5","mrMLM","PstI.TP76617","7","65323384","-2.2401e-05","0.0049","A"
"4","Trait5","mrMLM","PstI.TP119764","7","65336650","4.568e-06","0.001","A"
"4","Trait5","mrMLM","PstI.TP817327","7","65354956","3.318e-05","0.0073","G"
"4","Trait5","mrMLM","PstI.TP817334","7","65354962","0.0414","0.3953","A"
"4","Trait5","mrMLM","PstI.TP753650","7","65355452","-1.3783e-05","0.003","C"
"4","Trait5","mrMLM","PstI.TP683570","7","65361793","-1.0988e-06","2e-04","A"
"4","Trait5","mrMLM","NsiI.TP562946","7","65362140","2.5749e-06","6e-04","C"
"4","Trait5","mrMLM","NsiI.TP337239","7","65401168","0.0925","0.5554","C"
"4","Trait5","mrMLM","PstI.TP394799","7","65402036","1.5457e-05","0.0034","C"
"4","Trait5","mrMLM","NsiI.TP470396","7","65424581","-1.9547e-05","0.0043","A"
"4","Trait5","mrMLM","PstI.TP593962","8","38369","-6.8031e-06","0.0015","C"
"4","Trait5","mrMLM","PstI.TP618070","8","39449","-1.1891e-05","0.0026","C"
"4","Trait5","mrMLM","PstI.TP618104","8","39501","-2.2044e-05","0.0048","C"
"4","Trait5","mrMLM","PstI.TP618044","8","39506","-2.8336e-06","6e-04","A"
"4","Trait5","mrMLM","PstI.TP1219843","8","96333","-6.3098e-06","0.0014","C"
"4","Trait5","mrMLM","NsiI.TP293804","8","161971","-2.4984e-07","5.4381e-05","A"
"4","Trait5","mrMLM","PstI.TP717339","8","162336","3.7624e-05","0.0083","C"
"4","Trait5","mrMLM","PstI.TP717531","8","162336","7.0783e-06","0.0015","C"
"4","Trait5","mrMLM","PstI.TP717722","8","162336","0.028","0.3371","C"
"4","Trait5","mrMLM","NsiI.TP121320","8","193796","-3.0188e-06","7e-04","A"
"4","Trait5","mrMLM","NsiI.TP110006","8","193809","-2.1315e-05","0.0047","A"
"4","Trait5","mrMLM","NsiI.TP276630","8","201473","-0.0062","0.0905","C"
"4","Trait5","mrMLM","NsiI.TP821519","8","214880","7.0639e-07","2e-04","C"
"4","Trait5","mrMLM","PstI.TP897034","8","223056","-0.0364","0.435","C"
"4","Trait5","mrMLM","NsiI.TP659048","8","235859","-1.592e-05","0.0035","C"
"4","Trait5","mrMLM","NsiI.TP659051","8","235877","0.0795","0.804","A"
"4","Trait5","mrMLM","NsiI.TP335639","8","240355","-0.2837","1.6772","C"
"4","Trait5","mrMLM","NsiI.TP335640","8","240374","1.2899e-05","0.0028","G"
"4","Trait5","mrMLM","PstI.TP1243137","8","241410","0.025","0.1776","A"
"4","Trait5","mrMLM","NsiI.TP762857","8","242339","0.1168","0.9819","C"
"4","Trait5","mrMLM","PstI.TP731804","8","245236","-0.0432","0.2904","A"
"4","Trait5","mrMLM","PstI.TP411939","8","256033","4.7242e-06","0.001","A"
"4","Trait5","mrMLM","NsiI.TP251142","8","281269","1.9438e-05","0.0043","G"
"4","Trait5","mrMLM","NsiI.TP251147","8","281308","-0.1663","0.5272","A"
"4","Trait5","mrMLM","PstI.TP1071629","8","381311","2.8352e-05","0.0062","A"
"4","Trait5","mrMLM","NsiI.TP622623","8","389180","-1.021e-05","0.0022","A"
"4","Trait5","mrMLM","PstI.TP33445","8","397805","0.0279","0.3792","A"
"4","Trait5","mrMLM","NsiI.TP423933","8","457190","-3.8102e-05","0.0084","G"
"4","Trait5","mrMLM","NsiI.TP670392","8","503419","-1.0983e-07","2.3909e-05","C"
"4","Trait5","mrMLM","NsiI.TP112759","8","510178","-9.6884e-06","0.0021","A"
"4","Trait5","mrMLM","PstI.TP455089","8","513576","-2.6809e-05","0.0059","A"
"4","Trait5","mrMLM","PstI.TP693644","8","517053","1.0561e-05","0.0023","C"
"4","Trait5","mrMLM","PstI.TP116841","8","526402","9.5092e-06","0.0021","A"
"4","Trait5","mrMLM","PstI.TP795667","8","528900","1.3579e-05","0.003","C"
"4","Trait5","mrMLM","PstI.TP901904","8","570863","3.8637e-07","8.4089e-05","C"
"4","Trait5","mrMLM","PstI.TP335225","8","571209","1.7679e-06","4e-04","C"
"4","Trait5","mrMLM","PstI.TP209652","8","593940","0.0649","0.6242","A"
"4","Trait5","mrMLM","PstI.TP771477","8","599949","0.0297","0.2639","C"
"4","Trait5","mrMLM","PstI.TP118183","8","606032","0.0929","0.7389","G"
"4","Trait5","mrMLM","PstI.TP967092","8","608851","-1.3284e-05","0.0029","A"
"4","Trait5","mrMLM","PstI.TP498607","8","609295","-0.2025","1.0539","A"
"4","Trait5","mrMLM","NsiI.TP135318","8","610966","1.0779e-07","2.3457e-05","A"
"4","Trait5","mrMLM","PstI.TP1043286","8","626827","1.7631e-05","0.0039","C"
"4","Trait5","mrMLM","PstI.TP1251787","8","640290","-3.6294e-06","8e-04","A"
"4","Trait5","mrMLM","PstI.TP1274066","8","658317","-1.0185e-06","2e-04","A"
"4","Trait5","mrMLM","PstI.TP1134722","8","658352","0.0136","0.1971","C"
"4","Trait5","mrMLM","PstI.TP826982","8","664718","-2.8683e-05","0.0063","C"
"4","Trait5","mrMLM","PstI.TP130440","8","685337","2.6885e-05","0.0059","C"
"4","Trait5","mrMLM","NsiI.TP748346","8","690767","6.7996e-06","0.0015","C"
"4","Trait5","mrMLM","PstI.TP1174922","8","771149","2.1967e-06","5e-04","C"
"4","Trait5","mrMLM","PstI.TP907830","8","810319","0.0618","0.2617","A"
"4","Trait5","mrMLM","PstI.TP182422","8","810404","2.6038e-05","0.0057","C"
"4","Trait5","mrMLM","NsiI.TP831921","8","823191","2.7402e-06","6e-04","C"
"4","Trait5","mrMLM","PstI.TP1291488","8","830344","1.2851e-05","0.0028","C"
"4","Trait5","mrMLM","NsiI.TP720497","8","866814","-0.0373","0.2779","C"
"4","Trait5","mrMLM","NsiI.TP524800","8","874876","-4.2732e-05","0.0094","A"
"4","Trait5","mrMLM","NsiI.TP561942","8","877058","1.4003e-05","0.0031","C"
"4","Trait5","mrMLM","PstI.TP126559","8","879217","1.392e-05","0.003","A"
"4","Trait5","mrMLM","NsiI.TP612033","8","893486","2.062e-05","0.0045","A"
"4","Trait5","mrMLM","NsiI.TP635336","8","904099","-0.1247","1.2038","A"
"4","Trait5","mrMLM","NsiI.TP349133","8","916874","3.16e-05","0.0069","A"
"4","Trait5","mrMLM","PstI.TP318978","8","917514","-0.0359","0.3912","C"
"4","Trait5","mrMLM","PstI.TP23944","8","918822","-1.6152e-05","0.0035","C"
"4","Trait5","mrMLM","PstI.TP1194751","8","919457","-0.1139","0.7658","G"
"4","Trait5","mrMLM","PstI.TP797067","8","921595","0.2046","1.0535","A"
"4","Trait5","mrMLM","NsiI.TP472909","8","939487","1.0422e-05","0.0023","C"
"4","Trait5","mrMLM","NsiI.TP430869","8","974033","8.5454e-06","0.0019","A"
"4","Trait5","mrMLM","PstI.TP797051","8","990939","-7.9949e-06","0.0017","C"
"4","Trait5","mrMLM","PstI.TP1248844","8","1028461","0.2382","3.5155","G"
"4","Trait5","mrMLM","PstI.TP543019","8","1028538","1.5005e-05","0.0033","A"
"4","Trait5","mrMLM","PstI.TP526900","8","1029552","-9.8323e-06","0.0021","C"
"4","Trait5","mrMLM","NsiI.TP575518","8","1057055","7.2359e-06","0.0016","G"
"4","Trait5","mrMLM","NsiI.TP153699","8","1057785","2.5459e-05","0.0056","A"
"4","Trait5","mrMLM","PstI.TP687377","8","1062861","-3.7305e-06","8e-04","A"
"4","Trait5","mrMLM","NsiI.TP581625","8","1071025","3.2163e-07","7.0015e-05","C"
"4","Trait5","mrMLM","PstI.TP643578","8","1072881","-0.0189","0.2495","C"
"4","Trait5","mrMLM","PstI.TP419801","8","1077354","-2.6335e-05","0.0058","A"
"4","Trait5","mrMLM","NsiI.TP343813","8","1087213","-3.1557e-05","0.0069","A"
"4","Trait5","mrMLM","PstI.TP624280","8","1089442","4.1552e-05","0.0091","A"
"4","Trait5","mrMLM","PstI.TP321509","8","1118726","-1.2664e-07","2.7561e-05","A"
"4","Trait5","mrMLM","PstI.TP321512","8","1118730","-1.6682e-05","0.0036","A"
"4","Trait5","mrMLM","PstI.TP266853","8","1157144","-8.0135e-06","0.0017","A"
"4","Trait5","mrMLM","NsiI.TP536795","8","1158154","3.7761e-06","8e-04","A"
"4","Trait5","mrMLM","PstI.TP793499","8","1158189","-0.0207","0.2385","C"
"4","Trait5","mrMLM","PstI.TP991040","8","1163254","-2.1445e-05","0.0047","A"
"4","Trait5","mrMLM","PstI.TP1182297","8","1190793","4.9247e-06","0.0011","A"
"4","Trait5","mrMLM","PstI.TP482062","8","1214681","1.186e-05","0.0026","G"
"4","Trait5","mrMLM","PstI.TP1139645","8","1245839","-1.9943e-05","0.0044","A"
"4","Trait5","mrMLM","PstI.TP546725","8","1252132","7.1563e-06","0.0016","C"
"4","Trait5","mrMLM","NsiI.TP662391","8","1257032","-0.0851","0.5834","C"
"4","Trait5","mrMLM","PstI.TP1287863","8","1280103","6.6976e-06","0.0015","A"
"4","Trait5","mrMLM","PstI.TP1279212","8","1303042","2.259e-06","5e-04","G"
"4","Trait5","mrMLM","NsiI.TP667008","8","1326292","0.2084","2.3573","G"
"4","Trait5","mrMLM","PstI.TP349809","8","1346084","5.0329e-06","0.0011","A"
"4","Trait5","mrMLM","PstI.TP277569","8","1355359","-3.474e-07","7.5609e-05","A"
"4","Trait5","mrMLM","NsiI.TP403390","8","1392652","0.0437","0.3689","A"
"4","Trait5","mrMLM","PstI.TP156550","8","1426799","-1.0637e-05","0.0023","C"
"4","Trait5","mrMLM","PstI.TP1086268","8","1439139","-9.0073e-08","1.9604e-05","A"
"4","Trait5","mrMLM","PstI.TP54880","8","1461814","-0.129","0.7792","A"
"4","Trait5","mrMLM","NsiI.TP38752","8","1515454","2.1533e-05","0.0047","A"
"4","Trait5","mrMLM","NsiI.TP586156","8","1515699","0.0776","0.4128","C"
"4","Trait5","mrMLM","PstI.TP260488","8","1534038","0.0144","0.2048","C"
"4","Trait5","mrMLM","PstI.TP600799","8","1589675","-4.9826e-06","0.0011","C"
"4","Trait5","mrMLM","PstI.TP340057","8","1622074","-0.1201","1.1216","C"
"4","Trait5","mrMLM","NsiI.TP460164","8","1640282","0.0181","0.1952","A"
"4","Trait5","mrMLM","NsiI.TP134176","8","1644283","-9.2172e-07","2e-04","C"
"4","Trait5","mrMLM","PstI.TP1145187","8","1657999","-2.0362e-05","0.0045","A"
"4","Trait5","mrMLM","PstI.TP306783","8","1665347","-8.721e-06","0.0019","C"
"4","Trait5","mrMLM","NsiI.TP607068","8","1666575","0.0086","0.1608","C"
"4","Trait5","mrMLM","PstI.TP532492","8","1748194","-1.9752e-05","0.0043","C"
"4","Trait5","mrMLM","NsiI.TP617788","8","1749199","-4.9181e-06","0.0011","A"
"4","Trait5","mrMLM","NsiI.TP677966","8","1755758","0.2834","0.8922","A"
"4","Trait5","mrMLM","PstI.TP217531","8","1760734","0.0779","0.7594","A"
"4","Trait5","mrMLM","NsiI.TP481977","8","1804062","-1.086e-05","0.0024","A"
"4","Trait5","mrMLM","NsiI.TP56129","8","1804188","1.1576e-05","0.0025","C"
"4","Trait5","mrMLM","NsiI.TP669032","8","1805368","1.5463e-05","0.0034","C"
"4","Trait5","mrMLM","PstI.TP730818","8","1882026","1.2437e-05","0.0027","A"
"4","Trait5","mrMLM","NsiI.TP733102","8","1893974","-7.0232e-06","0.0015","C"
"4","Trait5","mrMLM","NsiI.TP281298","8","1929495","-0.0751","0.7238","A"
"4","Trait5","mrMLM","PstI.TP239180","8","1960178","9.1227e-06","0.002","A"
"4","Trait5","mrMLM","PstI.TP979383","8","1964087","5.1273e-06","0.0011","A"
"4","Trait5","mrMLM","PstI.TP1080895","8","1966937","1.7419e-05","0.0038","A"
"4","Trait5","mrMLM","PstI.TP87462","8","1985725","0.2668","1.8898","A"
"4","Trait5","mrMLM","NsiI.TP336727","8","1992850","-0.186","0.8871","C"
"4","Trait5","mrMLM","NsiI.TP431863","8","2001437","5.1369e-06","0.0011","A"
"4","Trait5","mrMLM","PstI.TP203977","8","2031282","-0.0466","0.3227","C"
"4","Trait5","mrMLM","PstI.TP344333","8","2070606","3.8194e-06","8e-04","G"
"4","Trait5","mrMLM","NsiI.TP161012","8","2099567","2.4782e-05","0.0054","C"
"4","Trait5","mrMLM","PstI.TP493862","8","2177180","7.6795e-06","0.0017","A"
"4","Trait5","mrMLM","PstI.TP946402","8","2177280","-0.2049","1.6357","G"
"4","Trait5","mrMLM","PstI.TP949864","8","2177312","-3.4396e-05","0.0076","A"
"4","Trait5","mrMLM","PstI.TP585779","8","2182452","1.8914e-05","0.0041","C"
"4","Trait5","mrMLM","NsiI.TP629106","8","2183052","-2.3775e-05","0.0052","A"
"4","Trait5","mrMLM","PstI.TP1173514","8","2183157","-0.0309","0.2407","C"
"4","Trait5","mrMLM","PstI.TP905918","8","2300871","1.3967e-06","3e-04","A"
"4","Trait5","mrMLM","PstI.TP989117","8","2306367","1.1115e-05","0.0024","A"
"4","Trait5","mrMLM","PstI.TP786862","8","2323963","3.6368e-06","8e-04","C"
"4","Trait5","mrMLM","PstI.TP961941","8","2374451","2.2916e-05","0.005","A"
"4","Trait5","mrMLM","PstI.TP699168","8","2542291","-0.1425","0.6657","C"
"4","Trait5","mrMLM","NsiI.TP50219","8","2549988","-7.707e-06","0.0017","C"
"4","Trait5","mrMLM","NsiI.TP810192","8","2563502","0.0324","0.3802","C"
"4","Trait5","mrMLM","PstI.TP627988","8","2569671","-0.0532","0.6552","C"
"4","Trait5","mrMLM","NsiI.TP136113","8","2605087","-0.0873","0.8111","G"
"4","Trait5","mrMLM","NsiI.TP144538","8","2605496","1.0093e-05","0.0022","A"
"4","Trait5","mrMLM","NsiI.TP800471","8","2617127","9.4682e-06","0.0021","A"
"4","Trait5","mrMLM","PstI.TP859405","8","2625652","9.7037e-06","0.0021","G"
"4","Trait5","mrMLM","PstI.TP934874","8","2629476","1.9471e-05","0.0043","A"
"4","Trait5","mrMLM","PstI.TP111757","8","2670162","-0.0775","0.3189","A"
"4","Trait5","mrMLM","NsiI.TP581890","8","2671501","0.0084","0.1434","C"
"4","Trait5","mrMLM","PstI.TP181697","8","2683686","5.4395e-06","0.0012","G"
"4","Trait5","mrMLM","NsiI.TP722362","8","2701955","7.265e-06","0.0016","G"
"4","Trait5","mrMLM","PstI.TP340060","8","2798401","2.6469e-06","6e-04","A"
"4","Trait5","mrMLM","PstI.TP179766","8","2802335","3.0495e-06","7e-04","A"
"4","Trait5","mrMLM","NsiI.TP199379","8","2813196","-0.0653","0.7218","A"
"4","Trait5","mrMLM","PstI.TP1184560","8","2834923","-0.0467","0.4572","A"
"4","Trait5","mrMLM","PstI.TP135750","8","2838380","0.1413","0.8159","C"
"4","Trait5","mrMLM","PstI.TP399514","8","2841467","8.2403e-06","0.0018","A"
"4","Trait5","mrMLM","PstI.TP815581","8","2866196","-0.1851","0.9115","A"
"4","Trait5","mrMLM","PstI.TP477590","8","2890995","-0.045","0.4068","A"
"4","Trait5","mrMLM","PstI.TP1046565","8","2899982","-4.8857e-06","0.0011","A"
"4","Trait5","mrMLM","GFSSContig19668_777","8","2904941","1.9741e-05","0.0043","C"
"4","Trait5","mrMLM","PstI.TP350264","8","2905610","-0.0401","0.2269","C"
"4","Trait5","mrMLM","PstI.TP350262","8","2905616","0.0699","0.7592","A"
"4","Trait5","mrMLM","NsiI.TP668315","8","2916350","1.9173e-05","0.0042","G"
"4","Trait5","mrMLM","NsiI.TP729790","8","2954904","-4.2538e-05","0.0094","C"
"4","Trait5","mrMLM","NsiI.TP326890","8","2971455","-2.7018e-05","0.0059","C"
"4","Trait5","mrMLM","PstI.TP87454","8","3017300","0.216","2.1988","A"
"4","Trait5","mrMLM","PstI.TP1167812","8","3018018","-0.1062","1.1575","A"
"4","Trait5","mrMLM","NsiI.TP431386","8","3018435","-0.1065","0.7768","A"
"4","Trait5","mrMLM","PstI.TP929298","8","3029918","0.0463","0.2811","G"
"4","Trait5","mrMLM","PstI.TP223028","8","3037045","2.2698e-05","0.005","A"
"4","Trait5","mrMLM","PstI.TP68953","8","3037119","1.8804e-06","4e-04","C"
"4","Trait5","mrMLM","PstI.TP16273","8","3057043","-1.5718e-05","0.0034","C"
"4","Trait5","mrMLM","PstI.TP1029725","8","3066716","-3.5033e-06","8e-04","A"
"4","Trait5","mrMLM","PstI.TP366462","8","3072318","-5.8641e-07","1e-04","A"
"4","Trait5","mrMLM","PstI.TP521447","8","3072937","3.0251e-05","0.0066","C"
"4","Trait5","mrMLM","PstI.TP667673","8","3073031","1.3656e-06","3e-04","G"
"4","Trait5","mrMLM","PstI.TP653886","8","3133140","-0.0331","0.3112","A"
"4","Trait5","mrMLM","PstI.TP504724","8","3133646","-0.0764","0.4505","G"
"4","Trait5","mrMLM","PstI.TP315072","8","3139123","0.0817","1.0327","C"
"4","Trait5","mrMLM","PstI.TP1118313","8","3139823","0.0075","0.1464","G"
"4","Trait5","mrMLM","PstI.TP646103","8","3160310","6.0261e-06","0.0013","C"
"4","Trait5","mrMLM","PstI.TP184393","8","3177689","6.7139e-07","1e-04","A"
"4","Trait5","mrMLM","NsiI.TP668177","8","3206859","-6.0205e-06","0.0013","C"
"4","Trait5","mrMLM","PstI.TP753678","8","3216415","1.3781e-05","0.003","C"
"4","Trait5","mrMLM","NsiI.TP624345","8","3218025","-1.4661e-05","0.0032","C"
"4","Trait5","mrMLM","PstI.TP114861","8","3221081","0.0238","0.3076","G"
"4","Trait5","mrMLM","PstI.TP1263768","8","3231578","-2.771e-06","6e-04","G"
"4","Trait5","mrMLM","NsiI.TP56635","8","3233971","1.2754e-05","0.0028","C"
"4","Trait5","mrMLM","PstI.TP335275","8","3237002","0.0679","0.4597","A"
"4","Trait5","mrMLM","NsiI.TP151030","8","3260609","1.084e-05","0.0024","G"
"4","Trait5","mrMLM","PstI.TP301893","8","3260628","4.0552e-06","9e-04","A"
"4","Trait5","mrMLM","PstI.TP188073","8","3318513","-6.3975e-06","0.0014","A"
"4","Trait5","mrMLM","PstI.TP382892","8","3383353","-3.7124e-06","8e-04","C"
"4","Trait5","mrMLM","NsiI.TP216354","8","3457735","-0.0207","0.2232","A"
"4","Trait5","mrMLM","PstI.TP602294","8","3512238","0.142","1.2081","C"
"4","Trait5","mrMLM","PstI.TP247179","8","3524863","-1.7513e-05","0.0038","C"
"4","Trait5","mrMLM","NsiI.TP462634","8","3541565","0.004","0.0712","C"
"4","Trait5","mrMLM","PstI.TP323684","8","3543129","-4.8758e-06","0.0011","A"
"4","Trait5","mrMLM","GFSSContig19372_585","8","3609225","0.0601","0.711","T"
"4","Trait5","mrMLM","PstI.TP413410","8","3610019","-0.1105","1.01","A"
"4","Trait5","mrMLM","NsiI.TP168056","8","3614623","0.0202","0.2462","A"
"4","Trait5","mrMLM","PstI.TP533654","8","3636502","1.5992e-05","0.0035","C"
"4","Trait5","mrMLM","PstI.TP533627","8","3636526","-3.4887e-05","0.0077","A"
"4","Trait5","mrMLM","PstI.TP977270","8","3639716","1.5654e-05","0.0034","C"
"4","Trait5","mrMLM","PstI.TP1108801","8","3643740","1.0445e-05","0.0023","A"
"4","Trait5","mrMLM","PstI.TP943534","8","3701223","0.0707","0.6508","A"
"4","Trait5","mrMLM","NsiI.TP362896","8","3701558","4.9165e-06","0.0011","C"
"4","Trait5","mrMLM","PstI.TP356253","8","3819223","-1.6317e-05","0.0036","A"
"4","Trait5","mrMLM","PstI.TP750527","8","3822988","5.5664e-06","0.0012","C"
"4","Trait5","mrMLM","PstI.TP883066","8","3823118","1.9017e-05","0.0042","A"
"4","Trait5","mrMLM","NsiI.TP668170","8","3864905","-6.9312e-06","0.0015","A"
"4","Trait5","mrMLM","NsiI.TP690089","8","3875798","-0.0442","0.546","A"
"4","Trait5","mrMLM","NsiI.TP509824","8","3884472","1.6858e-05","0.0037","A"
"4","Trait5","mrMLM","PstI.TP417854","8","3908674","-9.2329e-06","0.002","C"
"4","Trait5","mrMLM","PstI.TP700867","8","3927882","0.0565","0.4856","C"
"4","Trait5","mrMLM","NsiI.TP520529","8","3928951","1.4509e-05","0.0032","A"
"4","Trait5","mrMLM","NsiI.TP336434","8","3929035","0.0506","0.3821","G"
"4","Trait5","mrMLM","PstI.TP1235009","8","3930310","-0.0097","0.1128","A"
"4","Trait5","mrMLM","PstI.TP2006","8","3930378","0.0502","0.3867","A"
"4","Trait5","mrMLM","PstI.TP851","8","3930406","0.0269","0.2726","A"
"4","Trait5","mrMLM","PstI.TP1236551","8","3930412","0.0645","0.3912","C"
"4","Trait5","mrMLM","PstI.TP858496","8","3962393","-4.6227e-06","0.001","A"
"4","Trait5","mrMLM","PstI.TP858495","8","3962414","4.9687e-06","0.0011","A"
"4","Trait5","mrMLM","PstI.TP1011934","8","3975044","1.0577e-05","0.0023","A"
"4","Trait5","mrMLM","PstI.TP1011931","8","3975049","4.6541e-06","0.001","A"
"4","Trait5","mrMLM","NsiI.TP82767","8","3976574","-1.182e-05","0.0026","A"
"4","Trait5","mrMLM","NsiI.TP541382","8","3977539","1.0787e-05","0.0024","C"
"4","Trait5","mrMLM","PstI.TP1009084","8","3978036","-3.6441e-05","0.008","A"
"4","Trait5","mrMLM","NsiI.TP635032","8","3980154","-7.0808e-06","0.0015","A"
"4","Trait5","mrMLM","PstI.TP1010140","8","3986222","3.9342e-06","9e-04","A"
"4","Trait5","mrMLM","NsiI.TP630005","8","4002693","-0.2396","0.8013","C"
"4","Trait5","mrMLM","PstI.TP65519","8","4042259","0.063","0.9217","A"
"4","Trait5","mrMLM","PstI.TP173534","8","4042419","-3.5833e-05","0.0079","A"
"4","Trait5","mrMLM","NsiI.TP575765","8","4042701","-2.2625e-05","0.005","A"
"4","Trait5","mrMLM","NsiI.TP589743","8","4095384","-1.4294e-05","0.0031","C"
"4","Trait5","mrMLM","PstI.TP708588","8","4104678","0.1948","1.3872","C"
"4","Trait5","mrMLM","NsiI.TP520001","8","4120515","6.3455e-06","0.0014","G"
"4","Trait5","mrMLM","NsiI.TP520012","8","4120531","2.1709e-05","0.0048","C"
"4","Trait5","mrMLM","PstI.TP1056318","8","4137459","-8.5122e-06","0.0019","A"
"4","Trait5","mrMLM","NsiI.TP371441","8","4140344","6.4022e-07","1e-04","A"
"4","Trait5","mrMLM","NsiI.TP266954","8","4177407","1.7329e-05","0.0038","C"
"4","Trait5","mrMLM","NsiI.TP354928","8","4180244","-7.9532e-06","0.0017","C"
"4","Trait5","mrMLM","PstI.TP272031","8","4185086","7.2955e-06","0.0016","A"
"4","Trait5","mrMLM","PstI.TP1004798","8","4209603","6.7275e-06","0.0015","C"
"4","Trait5","mrMLM","NsiI.TP573470","8","4215891","1.6303e-05","0.0036","A"
"4","Trait5","mrMLM","PstI.TP976454","8","4215895","-3.2078e-05","0.007","C"
"4","Trait5","mrMLM","NsiI.TP147666","8","4251146","-1.1336e-05","0.0025","A"
"4","Trait5","mrMLM","PstI.TP506122","8","4275838","-0.0585","0.4905","C"
"4","Trait5","mrMLM","NsiI.TP433267","8","4282549","-1.7379e-05","0.0038","A"
"4","Trait5","mrMLM","NsiI.TP287101","8","4282562","2.7778e-06","6e-04","C"
"4","Trait5","mrMLM","PstI.TP1192026","8","4310207","1.2218e-06","3e-04","C"
"4","Trait5","mrMLM","NsiI.TP630608","8","4341332","3.8756e-06","8e-04","C"
"4","Trait5","mrMLM","PstI.TP769590","8","4354986","-5.8282e-06","0.0013","G"
"4","Trait5","mrMLM","PstI.TP287893","8","4363737","-5.2637e-06","0.0011","C"
"4","Trait5","mrMLM","NsiI.TP282798","8","4363870","-5.8251e-06","0.0013","A"
"4","Trait5","mrMLM","NsiI.TP283230","8","4363875","0.0902","0.9055","A"
"4","Trait5","mrMLM","PstI.TP971267","8","4377082","-7.6854e-06","0.0017","A"
"4","Trait5","mrMLM","PstI.TP327632","8","4390844","1.7144e-05","0.0037","A"
"4","Trait5","mrMLM","NsiI.TP728861","8","4394661","-2.8537e-05","0.0063","C"
"4","Trait5","mrMLM","PstI.TP1265794","8","4427894","-0.0102","0.1684","C"
"4","Trait5","mrMLM","NsiI.TP409617","8","4453851","-0.0135","0.1577","C"
"4","Trait5","mrMLM","NsiI.TP121743","8","4453874","-1.9821e-05","0.0043","A"
"4","Trait5","mrMLM","NsiI.TP742731","8","4460101","8.7256e-06","0.0019","A"
"4","Trait5","mrMLM","NsiI.TP145906","8","4491021","-1.2583e-06","3e-04","C"
"4","Trait5","mrMLM","NsiI.TP423893","8","4532993","-3.9205e-07","8.5324e-05","G"
"4","Trait5","mrMLM","NsiI.TP353127","8","4560146","1.5331e-06","3e-04","A"
"4","Trait5","mrMLM","PstI.TP172399","8","4581710","-1.3929e-05","0.003","C"
"4","Trait5","mrMLM","PstI.TP315056","8","4586317","-0.053","0.3154","A"
"4","Trait5","mrMLM","PstI.TP788388","8","4586323","-1.2952e-05","0.0028","A"
"4","Trait5","mrMLM","PstI.TP491141","8","4595705","0.1907","2.1126","A"
"4","Trait5","mrMLM","PstI.TP868969","8","4595975","-2.1723e-05","0.0048","C"
"4","Trait5","mrMLM","NsiI.TP17246","8","4596187","-1.1844e-05","0.0026","A"
"4","Trait5","mrMLM","PstI.TP1207554","8","4596356","-0.0443","0.3611","A"
"4","Trait5","mrMLM","NsiI.TP241542","8","4599805","-5.8901e-08","1.2818e-05","C"
"4","Trait5","mrMLM","PstI.TP4851","8","4619632","-1.8636e-06","4e-04","A"
"4","Trait5","mrMLM","PstI.TP71941","8","4640568","0.1848","1.3679","C"
"4","Trait5","mrMLM","NsiI.TP374616","8","4647232","-0.0147","0.1046","C"
"4","Trait5","mrMLM","NsiI.TP374617","8","4647237","0.0158","0.2524","C"
"4","Trait5","mrMLM","PstI.TP415419","8","4657420","1.5791e-05","0.0035","A"
"4","Trait5","mrMLM","PstI.TP966761","8","4674732","-0.2454","0.856","A"
"4","Trait5","mrMLM","PstI.TP1165816","8","4690368","1.4962e-06","3e-04","C"
"4","Trait5","mrMLM","PstI.TP1137758","8","4728795","-0.057","0.2949","C"
"4","Trait5","mrMLM","PstI.TP27497","8","4736106","-1.759e-05","0.0038","A"
"4","Trait5","mrMLM","NsiI.TP406743","8","4745690","-0.0857","0.743","A"
"4","Trait5","mrMLM","PstI.TP17225","8","4814896","1.4907e-05","0.0033","A"
"4","Trait5","mrMLM","PstI.TP45902","8","4833814","-2.0412e-06","4e-04","A"
"4","Trait5","mrMLM","PstI.TP17003","8","4885715","1.5754e-05","0.0034","A"
"4","Trait5","mrMLM","PstI.TP31321","8","5004218","9.3378e-06","0.002","C"
"4","Trait5","mrMLM","PstI.TP1157187","8","5056792","-0.1365","0.9145","A"
"4","Trait5","mrMLM","NsiI.TP108529","8","5070480","-0.0958","0.8822","A"
"4","Trait5","mrMLM","PstI.TP933949","8","5070896","-2.0359e-05","0.0045","A"
"4","Trait5","mrMLM","NsiI.TP312278","8","5075706","-1.2775e-05","0.0028","A"
"4","Trait5","mrMLM","PstI.TP171844","8","5085866","4.107e-06","9e-04","C"
"4","Trait5","mrMLM","PstI.TP901651","8","5095603","0.1251","0.5332","C"
"4","Trait5","mrMLM","PstI.TP771300","8","5124822","-1.9235e-05","0.0042","C"
"4","Trait5","mrMLM","NsiI.TP615700","8","5240241","-3.8007e-05","0.0084","G"
"4","Trait5","mrMLM","NsiI.TP491689","8","5299189","-1.1559e-05","0.0025","C"
"4","Trait5","mrMLM","NsiI.TP827827","8","5301715","0.1485","0.7728","A"
"4","Trait5","mrMLM","PstI.TP1215552","8","5365282","-0.0029","0.0749","A"
"4","Trait5","mrMLM","PstI.TP1215535","8","5365293","1.9151e-05","0.0042","A"
"4","Trait5","mrMLM","PstI.TP22473","8","5375523","-2.2695e-05","0.005","C"
"4","Trait5","mrMLM","NsiI.TP283121","8","5375943","-1.193e-05","0.0026","C"
"4","Trait5","mrMLM","NsiI.TP439536","8","5376141","1.825e-06","4e-04","A"
"4","Trait5","mrMLM","NsiI.TP526010","8","5514036","0.2408","0.8969","C"
"4","Trait5","mrMLM","PstI.TP352616","8","5554669","0.1034","0.882","A"
"4","Trait5","mrMLM","NsiI.TP567757","8","5569573","-1.2445e-05","0.0027","A"
"4","Trait5","mrMLM","NsiI.TP35649","8","5592567","-2.2943e-05","0.005","A"
"4","Trait5","mrMLM","NsiI.TP347651","8","5593382","-0.043","0.2585","C"
"4","Trait5","mrMLM","PstI.TP1097455","8","5603533","3.2897e-05","0.0072","A"
"4","Trait5","mrMLM","NsiI.TP266644","8","5639458","-0.0475","0.3369","C"
"4","Trait5","mrMLM","PstI.TP1247319","8","5651637","1.986e-05","0.0043","A"
"4","Trait5","mrMLM","PstI.TP359078","8","5715938","0.0112","0.1421","A"
"4","Trait5","mrMLM","PstI.TP743506","8","5825388","-0.1354","1.0465","A"
"4","Trait5","mrMLM","NsiI.TP524211","8","5936113","-1.8538e-05","0.0041","G"
"4","Trait5","mrMLM","PstI.TP425461","8","5980021","-1.5834e-05","0.0035","C"
"4","Trait5","mrMLM","PstI.TP141491","8","5989344","-1.7752e-05","0.0039","A"
"4","Trait5","mrMLM","NsiI.TP126963","8","5997988","-0.0407","0.4698","G"
"4","Trait5","mrMLM","NsiI.TP523272","8","5999489","1.5745e-05","0.0034","A"
"4","Trait5","mrMLM","PstI.TP73962","8","6017334","-2.4015e-08","5.2262e-06","G"
"4","Trait5","mrMLM","PstI.TP142202","8","6017377","2.1018e-05","0.0046","G"
"4","Trait5","mrMLM","NsiI.TP443036","8","6017852","1.0115e-05","0.0022","C"
"4","Trait5","mrMLM","PstI.TP748644","8","6174836","1.1781e-05","0.0026","A"
"4","Trait5","mrMLM","NsiI.TP667243","8","6189880","0.0106","0.0973","A"
"4","Trait5","mrMLM","PstI.TP1112566","8","6218537","-0.1107","0.9439","G"
"4","Trait5","mrMLM","PstI.TP577712","8","6219464","-8.0513e-06","0.0018","C"
"4","Trait5","mrMLM","PstI.TP1004253","8","6233868","9.9251e-06","0.0022","C"
"4","Trait5","mrMLM","PstI.TP365688","8","6247566","-0.097","1.1234","C"
"4","Trait5","mrMLM","PstI.TP976712","8","6325153","-6.0738e-06","0.0013","C"
"4","Trait5","mrMLM","NsiI.TP23184","8","6325358","4.4984e-05","0.0099","A"
"4","Trait5","mrMLM","PstI.TP1112563","8","6325389","1.6518e-05","0.0036","G"
"4","Trait5","mrMLM","NsiI.TP410210","8","6343732","8.3157e-06","0.0018","A"
"4","Trait5","mrMLM","PstI.TP113702","8","6470565","-0.1967","1.2755","A"
"4","Trait5","mrMLM","PstI.TP1226826","8","6470631","-1.6902e-05","0.0037","C"
"4","Trait5","mrMLM","PstI.TP761586","8","6471380","-1.6184e-05","0.0035","C"
"4","Trait5","mrMLM","NsiI.TP367673","8","6502035","-7.7152e-06","0.0017","C"
"4","Trait5","mrMLM","PstI.TP1164530","8","6526897","-0.018","0.1495","A"
"4","Trait5","mrMLM","PstI.TP390010","8","6537248","3.8988e-06","8e-04","A"
"4","Trait5","mrMLM","PstI.TP389979","8","6537289","8.0532e-06","0.0018","A"
"4","Trait5","mrMLM","PstI.TP700678","8","6588597","0.0755","0.6159","C"
"4","Trait5","mrMLM","NsiI.TP170191","8","6622452","3.422e-06","7e-04","A"
"4","Trait5","mrMLM","NsiI.TP678778","8","6637285","0.1904","1.2873","A"
"4","Trait5","mrMLM","PstI.TP222101","8","6724752","-1.1479e-05","0.0025","A"
"4","Trait5","mrMLM","NsiI.TP443106","8","6798654","-0.0367","0.2995","G"
"4","Trait5","mrMLM","PstI.TP848204","8","6824356","3.8418e-05","0.0084","C"
"4","Trait5","mrMLM","NsiI.TP391412","8","6879162","-3.1397e-06","7e-04","C"
"4","Trait5","mrMLM","PstI.TP140437","8","7095885","-0.0046","0.0955","C"
"4","Trait5","mrMLM","NsiI.TP307845","8","7233444","-0.0985","0.5716","A"
"4","Trait5","mrMLM","NsiI.TP27246","8","7425702","-1.0387e-05","0.0023","A"
"4","Trait5","mrMLM","PstI.TP1172099","8","7427733","-0.0924","1.2685","A"
"4","Trait5","mrMLM","NsiI.TP626081","8","7435438","0.0181","0.1951","A"
"4","Trait5","mrMLM","NsiI.TP588209","8","7469475","7.1749e-06","0.0016","A"
"4","Trait5","mrMLM","PstI.TP745916","8","7557437","1.0249e-05","0.0022","C"
"4","Trait5","mrMLM","PstI.TP480723","8","7574456","3.1978e-06","7e-04","A"
"4","Trait5","mrMLM","NsiI.TP237549","8","7869112","-4.9163e-06","0.0011","C"
"4","Trait5","mrMLM","NsiI.TP403997","8","7869135","-0.0119","0.1514","C"
"4","Trait5","mrMLM","GFk45ctg342913_247","8","7952120","-0.0442","0.3814","A"
"4","Trait5","mrMLM","NsiI.TP546430","8","8125401","-1.0328e-05","0.0023","G"
"4","Trait5","mrMLM","PstI.TP1249113","8","8167554","-1.9056e-05","0.0042","C"
"4","Trait5","mrMLM","PstI.TP1086804","8","8194886","-0.0617","0.821","C"
"4","Trait5","mrMLM","PstI.TP341152","8","8206970","-1.2746e-05","0.0028","A"
"4","Trait5","mrMLM","PstI.TP1158870","8","8368163","0.0959","0.3476","C"
"4","Trait5","mrMLM","NsiI.TP446561","8","8614599","1.2965e-05","0.0028","A"
"4","Trait5","mrMLM","NsiI.TP781556","8","9183794","-1.6457e-06","4e-04","A"
"4","Trait5","mrMLM","GFk40ctg229781_98","8","9196332","1.9166e-05","0.0042","A"
"4","Trait5","mrMLM","NsiI.TP745105","8","9200382","-3.4938e-05","0.0077","A"
"4","Trait5","mrMLM","PstI.TP293934","8","9295351","0.1709","1.0876","A"
"4","Trait5","mrMLM","NsiI.TP687555","8","9504792","4.3753e-06","0.001","C"
"4","Trait5","mrMLM","PstI.TP930486","8","9513856","2.0325e-06","4e-04","C"
"4","Trait5","mrMLM","NsiI.TP29119","8","9683827","-3.2005e-05","0.007","A"
"4","Trait5","mrMLM","PstI.TP805347","8","9707412","0.1608","0.7157","A"
"4","Trait5","mrMLM","PstI.TP897141","8","9711467","0.1233","0.9272","C"
"4","Trait5","mrMLM","PstI.TP1125548","8","9735387","-1.3284e-05","0.0029","A"
"4","Trait5","mrMLM","PstI.TP1161009","8","9840641","2.7292e-05","0.006","G"
"4","Trait5","mrMLM","NsiI.TP632462","8","10083104","0.0283","0.3732","A"
"4","Trait5","mrMLM","PstI.TP1068321","8","10103459","-9.8861e-07","2e-04","A"
"4","Trait5","mrMLM","NsiI.TP517825","8","10119262","-1.0771e-05","0.0024","A"
"4","Trait5","mrMLM","PstI.TP309333","8","10157122","-0.1153","1.0233","C"
"4","Trait5","mrMLM","NsiI.TP393031","8","10161729","2.2655e-06","5e-04","G"
"4","Trait5","mrMLM","PstI.TP214844","8","10199088","0.0965","1.259","A"
"4","Trait5","mrMLM","NsiI.TP681322","8","10554261","0.3103","1.3289","C"
"4","Trait5","mrMLM","NsiI.TP770186","8","10752025","-0.2884","0.8094","A"
"4","Trait5","mrMLM","PstI.TP125339","8","10914403","0.0682","0.3449","A"
"4","Trait5","mrMLM","PstI.TP701435","8","11378576","-4.6673e-06","0.001","A"
"4","Trait5","mrMLM","PstI.TP339093","8","11573678","-6.1189e-06","0.0013","G"
"4","Trait5","mrMLM","PstI.TP987367","8","11932078","-0.0112","0.1763","C"
"4","Trait5","mrMLM","PstI.TP908397","8","11934752","-0.0677","0.3158","A"
"4","Trait5","mrMLM","PstI.TP905220","8","12065870","-4.7506e-06","0.001","C"
"4","Trait5","mrMLM","PstI.TP867026","8","12068040","0.1588","0.5545","C"
"4","Trait5","mrMLM","NsiI.TP441951","8","12115756","-0.1629","0.6728","A"
"4","Trait5","mrMLM","NsiI.TP686077","8","12156324","3.697e-05","0.0081","A"
"4","Trait5","mrMLM","NsiI.TP782036","8","12156326","-1.3502e-05","0.0029","A"
"4","Trait5","mrMLM","NsiI.TP782065","8","12156326","0.1342","0.4939","A"
"4","Trait5","mrMLM","NsiI.TP791763","8","12156326","-1.2474e-05","0.0027","G"
"4","Trait5","mrMLM","NsiI.TP785040","8","12156327","2.0137e-05","0.0044","A"
"4","Trait5","mrMLM","NsiI.TP785118","8","12156327","1.2283e-05","0.0027","A"
"4","Trait5","mrMLM","NsiI.TP785613","8","12156329","-0.0051","0.0826","A"
"4","Trait5","mrMLM","NsiI.TP785982","8","12156329","9.1935e-06","0.002","G"
"4","Trait5","mrMLM","NsiI.TP786169","8","12156330","-4.0767e-06","9e-04","C"
"4","Trait5","mrMLM","NsiI.TP787358","8","12156330","-1.357e-05","0.003","A"
"4","Trait5","mrMLM","NsiI.TP19681","8","12156332","1.2265e-05","0.0027","G"
"4","Trait5","mrMLM","NsiI.TP788650","8","12156336","-0.1404","0.6387","A"
"4","Trait5","mrMLM","NsiI.TP787649","8","12156337","2.4072e-06","5e-04","A"
"4","Trait5","mrMLM","NsiI.TP787708","8","12156337","2.7538e-05","0.006","A"
"4","Trait5","mrMLM","NsiI.TP791604","8","12156341","-1.7615e-05","0.0039","C"
"4","Trait5","mrMLM","NsiI.TP783950","8","12156345","8.5331e-06","0.0019","A"
"4","Trait5","mrMLM","NsiI.TP789304","8","12156345","3.4133e-06","7e-04","A"
"4","Trait5","mrMLM","NsiI.TP786376","8","12156376","0.0075","0.1188","A"
"4","Trait5","mrMLM","NsiI.TP802513","8","12156376","-2.041e-05","0.0045","A"
"4","Trait5","mrMLM","NsiI.TP787488","8","12156383","-2.1924e-05","0.0048","C"
"4","Trait5","mrMLM","NsiI.TP786113","8","12156390","-7.4024e-06","0.0016","A"
"4","Trait5","mrMLM","PstI.TP1162398","8","12165733","7.3982e-06","0.0016","C"
"4","Trait5","mrMLM","PstI.TP624956","8","12192304","0.034","0.3938","G"
"4","Trait5","mrMLM","PstI.TP934678","8","12192398","-0.1045","1.3152","A"
"4","Trait5","mrMLM","NsiI.TP132857","8","12304649","-0.0457","0.3137","G"
"4","Trait5","mrMLM","PstI.TP627128","8","12587199","0.0588","0.5243","C"
"4","Trait5","mrMLM","NsiI.TP13142","8","12629379","0.0342","0.2174","G"
"4","Trait5","mrMLM","PstI.TP498377","8","12652764","0.0049","0.073","C"
"4","Trait5","mrMLM","PstI.TP1088168","8","12690309","1.2848e-05","0.0028","C"
"4","Trait5","mrMLM","NsiI.TP744668","8","13866107","2.4069e-05","0.0053","A"
"4","Trait5","mrMLM","NsiI.TP524933","8","14257061","1.009e-05","0.0022","C"
"4","Trait5","mrMLM","PstI.TP1061654","8","14258720","2.0541e-05","0.0045","A"
"4","Trait5","mrMLM","PstI.TP477367","8","14259231","-2.4393e-05","0.0053","C"
"4","Trait5","mrMLM","NsiI.TP119059","8","14314036","-0.1292","1.02","A"
"4","Trait5","mrMLM","PstI.TP550512","8","14483570","-0.018","0.1905","G"
"4","Trait5","mrMLM","NsiI.TP406640","8","14642962","1.6041e-05","0.0035","C"
"4","Trait5","mrMLM","PstI.TP346129","8","14643029","-4.8506e-06","0.0011","A"
"4","Trait5","mrMLM","NsiI.TP103859","8","15213871","2.3912e-05","0.0052","A"
"4","Trait5","mrMLM","PstI.TP842409","8","15301244","-0.1183","1.0908","A"
"4","Trait5","mrMLM","NsiI.TP666914","8","15301751","1.4617e-05","0.0032","A"
"4","Trait5","mrMLM","NsiI.TP134488","8","15304565","4.9843e-05","0.011","A"
"4","Trait5","mrMLM","PstI.TP922367","8","15434001","-0.066","0.5337","C"
"4","Trait5","mrMLM","PstI.TP479306","8","15452536","0.0882","0.8158","C"
"4","Trait5","mrMLM","PstI.TP63002","8","15748641","2.3601e-05","0.0052","C"
"4","Trait5","mrMLM","PstI.TP53685","8","15754213","-8.6358e-06","0.0019","C"
"4","Trait5","mrMLM","PstI.TP705575","8","15768297","-6.9143e-06","0.0015","A"
"4","Trait5","mrMLM","PstI.TP353721","8","15836971","-1.3889e-05","0.003","C"
"4","Trait5","mrMLM","PstI.TP831876","8","15839243","-1.8419e-05","0.004","A"
"4","Trait5","mrMLM","NsiI.TP744537","8","15911288","-4.9217e-06","0.0011","A"
"4","Trait5","mrMLM","NsiI.TP475814","8","15919288","-0.0504","0.3906","A"
"4","Trait5","mrMLM","PstI.TP845583","8","15926794","-1.488e-05","0.0033","C"
"4","Trait5","mrMLM","PstI.TP1110631","8","15927556","3.5501e-05","0.0078","A"
"4","Trait5","mrMLM","PstI.TP1160771","8","15929940","9.0558e-06","0.002","A"
"4","Trait5","mrMLM","PstI.TP623632","8","15930657","-4.8806e-06","0.0011","A"
"4","Trait5","mrMLM","NsiI.TP308953","8","16086302","0.0618","0.4976","A"
"4","Trait5","mrMLM","PstI.TP290055","8","16103749","0.378","1.9159","A"
"4","Trait5","mrMLM","PstI.TP292987","8","16103762","3.532e-06","8e-04","C"
"4","Trait5","mrMLM","PstI.TP432243","8","16103800","1.1282e-05","0.0025","C"
"4","Trait5","mrMLM","PstI.TP1051394","8","16104677","8.0741e-06","0.0018","C"
"4","Trait5","mrMLM","PstI.TP750467","8","16300896","-2.179e-05","0.0048","A"
"4","Trait5","mrMLM","NsiI.TP279197","8","16347194","1.5122e-06","3e-04","C"
"4","Trait5","mrMLM","PstI.TP453095","8","16696578","8.057e-07","2e-04","A"
"4","Trait5","mrMLM","PstI.TP120061","8","17255694","0.3143","1.8818","C"
"4","Trait5","mrMLM","NsiI.TP503161","8","17399941","1.179e-05","0.0026","C"
"4","Trait5","mrMLM","PstI.TP366929","8","17543761","-3.2296e-05","0.0071","A"
"4","Trait5","mrMLM","PstI.TP411836","8","17596165","-0.0524","0.4373","A"
"4","Trait5","mrMLM","PstI.TP18696","8","17966945","-2.6402e-05","0.0058","C"
"4","Trait5","mrMLM","NsiI.TP693783","8","17983565","-4.3444e-06","9e-04","A"
"4","Trait5","mrMLM","PstI.TP1106767","8","18038551","-1.4933e-05","0.0033","A"
"4","Trait5","mrMLM","PstI.TP1099682","8","18511385","1.8304e-05","0.004","A"
"4","Trait5","mrMLM","PstI.TP1156547","8","18779009","-6.356e-06","0.0014","G"
"4","Trait5","mrMLM","PstI.TP822245","8","18802031","6.8566e-06","0.0015","C"
"4","Trait5","mrMLM","NsiI.TP407779","8","18802079","-2.4721e-05","0.0054","C"
"4","Trait5","mrMLM","NsiI.TP411016","8","19266931","-0.089","0.3606","C"
"4","Trait5","mrMLM","PstI.TP1196315","8","19296994","-1.0987e-05","0.0024","A"
"4","Trait5","mrMLM","PstI.TP1064216","8","19305443","0.0238","0.1574","A"
"4","Trait5","mrMLM","PstI.TP945656","8","20338622","-1.0241e-06","2e-04","A"
"4","Trait5","mrMLM","NsiI.TP799947","8","23541424","-1.4002e-05","0.0031","C"
"4","Trait5","mrMLM","NsiI.TP737772","8","24539132","-0.0568","0.5471","A"
"4","Trait5","mrMLM","PstI.TP928133","8","32503964","0.1544","1.3973","C"
"4","Trait5","mrMLM","NsiI.TP707836","8","32823644","-1.7261e-05","0.0038","C"
"4","Trait5","mrMLM","NsiI.TP23792","8","32833530","1.156e-05","0.0025","A"
"4","Trait5","mrMLM","NsiI.TP25505","8","34777692","2.8595e-05","0.0063","A"
"4","Trait5","mrMLM","GFSSContig16447_152","8","34780579","-0.0258","0.2235","A"
"4","Trait5","mrMLM","PstI.TP34693","8","34812555","-0.1162","0.6504","A"
"4","Trait5","mrMLM","PstI.TP273901","8","35229349","-1.4503e-05","0.0032","G"
"4","Trait5","mrMLM","NsiI.TP416253","8","37899215","0.0562","0.3591","A"
"4","Trait5","mrMLM","PstI.TP1265023","8","37905668","-2.4302e-05","0.0053","C"
"4","Trait5","mrMLM","PstI.TP755740","8","39471866","0.2316","1.1982","A"
"4","Trait5","mrMLM","NsiI.TP336256","8","39684118","0.0413","0.4503","C"
"4","Trait5","mrMLM","NsiI.TP607315","8","39690501","-5.2389e-06","0.0011","C"
"4","Trait5","mrMLM","GFSSContig19900_1921","8","41355641","-0.1224","1.1298","T"
"4","Trait5","mrMLM","NsiI.TP165847","8","41367312","1.9392e-06","4e-04","C"
"4","Trait5","mrMLM","PstI.TP772416","8","41490786","1.1464e-05","0.0025","A"
"4","Trait5","mrMLM","PstI.TP1065040","8","41491760","5.7688e-06","0.0013","C"
"4","Trait5","mrMLM","NsiI.TP778390","8","41575587","1.0844e-06","2e-04","C"
"4","Trait5","mrMLM","NsiI.TP127297","8","41587305","-1.2712e-05","0.0028","A"
"4","Trait5","mrMLM","PstI.TP389528","8","42232733","-0.0199","0.1711","A"
"4","Trait5","mrMLM","NsiI.TP136484","8","42989874","-1.6826e-05","0.0037","C"
"4","Trait5","mrMLM","PstI.TP89153","8","43917729","1.4793e-05","0.0032","C"
"4","Trait5","mrMLM","NsiI.TP644078","8","44666450","2.647e-05","0.0058","C"
"4","Trait5","mrMLM","PstI.TP207812","8","44672544","-3.7816e-06","8e-04","A"
"4","Trait5","mrMLM","NsiI.TP501314","8","44674673","1.0375e-05","0.0023","C"
"4","Trait5","mrMLM","PstI.TP486345","8","44848552","0.0108","0.1835","A"
"4","Trait5","mrMLM","PstI.TP507422","8","44877842","0.0783","0.4409","C"
"4","Trait5","mrMLM","NsiI.TP123799","8","44970294","-2.4003e-05","0.0053","C"
"4","Trait5","mrMLM","NsiI.TP357019","8","45000450","1.0083e-06","2e-04","C"
"4","Trait5","mrMLM","PstI.TP859420","8","45434614","0.0358","0.3133","G"
"4","Trait5","mrMLM","NsiI.TP420187","8","45512433","0.1131","0.8697","C"
"4","Trait5","mrMLM","PstI.TP649919","8","45771383","0.0099","0.1549","G"
"4","Trait5","mrMLM","GFSSContig12663_1010","8","45897743","2.0197e-05","0.0044","A"
"4","Trait5","mrMLM","PstI.TP212298","8","45920553","-2.4704e-05","0.0054","G"
"4","Trait5","mrMLM","PstI.TP1075478","8","45927014","0.1352","1.14","C"
"4","Trait5","mrMLM","GFSSContig19170_462","8","46319632","0.1545","0.5626","T"
"4","Trait5","mrMLM","PstI.TP205765","8","46363312","0.1679","1.0258","A"
"4","Trait5","mrMLM","NsiI.TP500446","8","46431395","-4.2624e-05","0.0094","A"
"4","Trait5","mrMLM","PstI.TP570629","8","46689144","-4.579e-06","0.001","A"
"4","Trait5","mrMLM","NsiI.TP66060","8","46691190","0.0668","0.5558","C"
"4","Trait5","mrMLM","NsiI.TP459009","8","46710241","-7.8022e-06","0.0017","C"
"4","Trait5","mrMLM","PstI.TP863519","8","46919744","4.2839e-06","9e-04","C"
"4","Trait5","mrMLM","NsiI.TP804368","8","47075359","6.8692e-06","0.0015","A"
"4","Trait5","mrMLM","NsiI.TP241831","8","47079973","-0.1123","0.8672","A"
"4","Trait5","mrMLM","NsiI.TP337453","8","47521807","-2.3794e-05","0.0052","C"
"4","Trait5","mrMLM","PstI.TP124803","8","47522090","-0.0258","0.3879","C"
"4","Trait5","mrMLM","PstI.TP861191","8","47530500","-1.4375e-05","0.0031","C"
"4","Trait5","mrMLM","NsiI.TP369007","8","47686515","-8.9807e-06","0.002","A"
"4","Trait5","mrMLM","NsiI.TP121246","8","47692039","0.1504","1.0995","A"
"4","Trait5","mrMLM","NsiI.TP487812","8","47694404","-0.2753","1.6378","A"
"4","Trait5","mrMLM","PstI.TP178651","8","47696621","0.0382","0.3939","C"
"4","Trait5","mrMLM","PstI.TP815977","8","47698137","0.058","0.6599","A"
"4","Trait5","mrMLM","PstI.TP1078088","8","47774155","-0.0509","0.3714","C"
"4","Trait5","mrMLM","PstI.TP407978","8","47979692","-6.2968e-06","0.0014","C"
"4","Trait5","mrMLM","PstI.TP169816","8","48457109","0.1066","0.828","A"
"4","Trait5","mrMLM","NsiI.TP489620","8","48741814","-0.0321","0.3164","A"
"4","Trait5","mrMLM","PstI.TP863282","8","48957896","0.0482","0.6229","C"
"4","Trait5","mrMLM","PstI.TP453393","8","48982721","-0.1422","0.9226","A"
"4","Trait5","mrMLM","PstI.TP944086","8","48985039","-2.36e-05","0.0052","A"
"4","Trait5","mrMLM","NsiI.TP218727","8","48988269","5.5678e-06","0.0012","A"
"4","Trait5","mrMLM","NsiI.TP832330","8","48988648","4.2451e-06","9e-04","C"
"4","Trait5","mrMLM","NsiI.TP811343","8","49059069","-5.2825e-06","0.0012","C"
"4","Trait5","mrMLM","NsiI.TP724020","8","49070414","2.7115e-05","0.0059","G"
"4","Trait5","mrMLM","GFSSContig10135_1021","8","49121915","0.0394","0.3298","A"
"4","Trait5","mrMLM","PstI.TP53735","8","49122688","0.0453","0.3088","C"
"4","Trait5","mrMLM","PstI.TP53736","8","49122699","1.0071e-05","0.0022","C"
"4","Trait5","mrMLM","NsiI.TP224547","8","49124442","7.5552e-06","0.0016","C"
"4","Trait5","mrMLM","NsiI.TP260623","8","49124523","-0.1616","0.5482","A"
"4","Trait5","mrMLM","PstI.TP1226481","8","49678662","-2.804e-05","0.0061","A"
"4","Trait5","mrMLM","NsiI.TP235787","8","49761291","-6.6416e-06","0.0014","A"
"4","Trait5","mrMLM","NsiI.TP628293","8","49762943","4.2968e-05","0.0095","C"
"4","Trait5","mrMLM","NsiI.TP499109","8","49890615","-2.8601e-05","0.0063","A"
"4","Trait5","mrMLM","NsiI.TP65306","8","49983148","-1.941e-05","0.0042","C"
"4","Trait5","mrMLM","NsiI.TP228260","8","50158922","0.1528","0.5374","A"
"4","Trait5","mrMLM","PstI.TP360351","8","50194161","-1.1201e-05","0.0024","A"
"4","Trait5","mrMLM","NsiI.TP392781","8","50346713","0.1009","0.4805","G"
"4","Trait5","mrMLM","PstI.TP178455","8","50346825","0.2651","1.0244","C"
"4","Trait5","mrMLM","PstI.TP1108122","8","50347208","-3.4212e-05","0.0075","A"
"4","Trait5","mrMLM","NsiI.TP208625","8","50606712","1.125e-05","0.0025","A"
"4","Trait5","mrMLM","NsiI.TP676878","8","50607404","-3.392e-05","0.0074","C"
"4","Trait5","mrMLM","PstI.TP689954","8","50611826","0.0396","0.4563","A"
"4","Trait5","mrMLM","NsiI.TP63371","8","50627335","-1.7973e-05","0.0039","G"
"4","Trait5","mrMLM","PstI.TP1289421","8","50630889","-2.1473e-05","0.0047","C"
"4","Trait5","mrMLM","PstI.TP1125574","8","50631722","-1.2846e-05","0.0028","G"
"4","Trait5","mrMLM","PstI.TP375957","8","50687141","0.069","0.3472","A"
"4","Trait5","mrMLM","PstI.TP831849","8","50730794","1.0133e-05","0.0022","A"
"4","Trait5","mrMLM","PstI.TP458366","8","50730872","-0.1191","0.9943","A"
"4","Trait5","mrMLM","NsiI.TP574010","8","50730876","-0.002","0.061","A"
"4","Trait5","mrMLM","PstI.TP584246","8","51322122","-1.1654e-05","0.0025","A"
"4","Trait5","mrMLM","NsiI.TP173754","8","51330011","1.9158e-05","0.0042","A"
"4","Trait5","mrMLM","NsiI.TP5031","8","51347501","8.1391e-06","0.0018","A"
"4","Trait5","mrMLM","NsiI.TP701042","8","51499141","-2.1964e-05","0.0048","C"
"4","Trait5","mrMLM","PstI.TP685814","8","51520152","0.0594","0.337","C"
"4","Trait5","mrMLM","NsiI.TP756857","8","51668349","6.779e-07","1e-04","C"
"4","Trait5","mrMLM","PstI.TP570269","8","51714946","2.6918e-05","0.0059","C"
"4","Trait5","mrMLM","PstI.TP332628","8","51800257","7.9546e-06","0.0017","G"
"4","Trait5","mrMLM","PstI.TP936559","8","51918863","-1.0283e-05","0.0022","A"
"4","Trait5","mrMLM","PstI.TP944343","8","51918904","-8.9204e-06","0.0019","C"
"4","Trait5","mrMLM","PstI.TP833247","8","51922061","-2.1139e-05","0.0046","C"
"4","Trait5","mrMLM","NsiI.TP44417","8","52057205","1.3222e-05","0.0029","C"
"4","Trait5","mrMLM","PstI.TP343415","8","52058191","-1.2825e-06","3e-04","C"
"4","Trait5","mrMLM","PstI.TP1264166","8","52135359","0.0342","0.2649","C"
"4","Trait5","mrMLM","PstI.TP831262","8","52135579","3.0697e-05","0.0067","G"
"4","Trait5","mrMLM","NsiI.TP19314","8","52151314","-1.1017e-05","0.0024","G"
"4","Trait5","mrMLM","PstI.TP136055","8","52178335","0.0503","0.4716","A"
"4","Trait5","mrMLM","GFSSContig12706_492","8","52197611","1.8291e-05","0.004","T"
"4","Trait5","mrMLM","PstI.TP1251025","8","52202923","-4.7348e-06","0.001","C"
"4","Trait5","mrMLM","PstI.TP611046","8","52216133","-4.9147e-06","0.0011","A"
"4","Trait5","mrMLM","NsiI.TP500741","8","52307630","1.1796e-05","0.0026","C"
"4","Trait5","mrMLM","PstI.TP173042","8","52310772","0.0823","0.8718","A"
"4","Trait5","mrMLM","GFSSContig19750_4048","8","52320872","-3.1099e-06","7e-04","T"
"4","Trait5","mrMLM","NsiI.TP420038","8","52379885","1.4625e-06","3e-04","G"
"4","Trait5","mrMLM","PstI.TP542055","8","52386796","-7.7773e-07","2e-04","C"
"4","Trait5","mrMLM","PstI.TP12517","8","52387781","-1.8438e-05","0.004","A"
"4","Trait5","mrMLM","PstI.TP464577","8","52589502","2.9614e-06","6e-04","C"
"4","Trait5","mrMLM","PstI.TP640613","8","52638446","-0.248","1.0687","A"
"4","Trait5","mrMLM","PstI.TP1247830","8","52647209","0.1293","0.8582","C"
"4","Trait5","mrMLM","PstI.TP113313","8","52654110","1.6017e-05","0.0035","A"
"4","Trait5","mrMLM","NsiI.TP589984","8","52737990","2.0725e-06","5e-04","C"
"4","Trait5","mrMLM","PstI.TP1053971","8","52739079","-2.2784e-05","0.005","C"
"4","Trait5","mrMLM","NsiI.TP367023","8","52741869","-1.3544e-05","0.003","A"
"4","Trait5","mrMLM","NsiI.TP423749","8","52745949","1.0246e-05","0.0022","A"
"4","Trait5","mrMLM","NsiI.TP128448","8","52808209","9.9463e-06","0.0022","C"
"4","Trait5","mrMLM","NsiI.TP110527","8","52811298","0.0955","0.5974","A"
"4","Trait5","mrMLM","PstI.TP49251","8","52811353","-1.1967e-05","0.0026","A"
"4","Trait5","mrMLM","NsiI.TP393858","8","52979195","1.7349e-05","0.0038","A"
"4","Trait5","mrMLM","NsiI.TP486637","8","53006859","-0.0079","0.1079","G"
"4","Trait5","mrMLM","PstI.TP1148284","8","53065566","-0.224","1.5318","C"
"4","Trait5","mrMLM","PstI.TP933806","8","53107674","0.0281","0.2183","A"
"4","Trait5","mrMLM","PstI.TP397717","8","53109537","3.6124e-05","0.0079","A"
"4","Trait5","mrMLM","PstI.TP847961","8","53109574","-2.8698e-05","0.0063","C"
"4","Trait5","mrMLM","PstI.TP164514","8","53126380","-1.0187e-05","0.0022","A"
"4","Trait5","mrMLM","NsiI.TP751617","8","53129682","2.133e-05","0.0047","A"
"4","Trait5","mrMLM","NsiI.TP254355","8","53206605","-4.1401e-06","9e-04","A"
"4","Trait5","mrMLM","PstI.TP1142498","8","53214814","-0.0732","0.899","C"
"4","Trait5","mrMLM","PstI.TP1135651","8","53214855","-2.6325e-05","0.0058","A"
"4","Trait5","mrMLM","PstI.TP427055","8","53245772","5.0465e-06","0.0011","A"
"4","Trait5","mrMLM","NsiI.TP20016","8","53807812","-0.012","0.1853","A"
"4","Trait5","mrMLM","NsiI.TP828499","8","53841838","5.7496e-06","0.0013","A"
"4","Trait5","mrMLM","NsiI.TP424863","8","53932720","2.8907e-05","0.0063","A"
"4","Trait5","mrMLM","NsiI.TP777378","8","54520904","0.1257","1.3257","C"
"4","Trait5","mrMLM","NsiI.TP392845","8","54528007","-0.0543","0.431","G"
"4","Trait5","mrMLM","PstI.TP17427","8","54597919","-1.2258e-05","0.0027","C"
"4","Trait5","mrMLM","PstI.TP1060593","8","54599599","1.9676e-05","0.0043","A"
"4","Trait5","mrMLM","PstI.TP544297","8","54628382","9.0878e-06","0.002","C"
"4","Trait5","mrMLM","PstI.TP763524","8","54655315","-0.0337","0.2907","G"
"4","Trait5","mrMLM","NsiI.TP794363","8","54703413","-6.0997e-06","0.0013","C"
"4","Trait5","mrMLM","NsiI.TP320294","8","54742718","3.2634e-05","0.0072","C"
"4","Trait5","mrMLM","PstI.TP220441","8","54813165","1.8585e-06","4e-04","A"
"4","Trait5","mrMLM","NsiI.TP465341","8","54917648","0.0603","0.4827","A"
"4","Trait5","mrMLM","PstI.TP264414","8","54921126","1.2909e-05","0.0028","A"
"4","Trait5","mrMLM","PstI.TP41816","8","54937285","8.4013e-06","0.0018","A"
"4","Trait5","mrMLM","PstI.TP847070","8","55141890","-1.7526e-05","0.0038","C"
"4","Trait5","mrMLM","PstI.TP1000334","8","55283247","0.1071","0.5765","A"
"4","Trait5","mrMLM","NsiI.TP494113","8","55286114","-0.0823","0.7549","C"
"4","Trait5","mrMLM","NsiI.TP181198","8","55572072","-1.7258e-05","0.0038","A"
"4","Trait5","mrMLM","PstI.TP585913","8","55579533","2.1065e-05","0.0046","C"
"4","Trait5","mrMLM","PstI.TP687707","8","55625815","-2.5696e-05","0.0056","C"
"4","Trait5","mrMLM","PstI.TP99563","8","55637394","-0.0447","0.3081","A"
"4","Trait5","mrMLM","PstI.TP216273","8","55690936","-0.0612","0.3153","A"
"4","Trait5","mrMLM","PstI.TP986861","8","55695452","-1.5014e-05","0.0033","A"
"4","Trait5","mrMLM","NsiI.TP442125","8","55700456","-1.9919e-06","4e-04","A"
"4","Trait5","mrMLM","NsiI.TP264570","8","55717875","1.8983e-06","4e-04","A"
"4","Trait5","mrMLM","NsiI.TP262378","8","55743978","2.6835e-05","0.0059","C"
"4","Trait5","mrMLM","NsiI.TP373497","8","55796786","-0.1346","0.742","A"
"4","Trait5","mrMLM","PstI.TP1009308","8","55801809","7.9683e-06","0.0017","A"
"4","Trait5","mrMLM","NsiI.TP634834","8","55897345","0.0262","0.3049","A"
"4","Trait5","mrMLM","NsiI.TP254052","8","55900499","7.3493e-07","2e-04","C"
"4","Trait5","mrMLM","PstI.TP860970","8","55903772","-9.8669e-06","0.0022","C"
"4","Trait5","mrMLM","PstI.TP860968","8","55903811","7.4976e-06","0.0016","C"
"4","Trait5","mrMLM","PstI.TP71898","8","55904365","0.0321","0.2905","A"
"4","Trait5","mrMLM","NsiI.TP363120","8","55917435","4.4101e-06","0.001","C"
"4","Trait5","mrMLM","NsiI.TP271217","8","55922463","2.4252e-05","0.0053","A"
"4","Trait5","mrMLM","NsiI.TP45965","8","55945350","1.7921e-05","0.0039","C"
"4","Trait5","mrMLM","NsiI.TP179941","8","55948810","1.7423e-05","0.0038","C"
"4","Trait5","mrMLM","NsiI.TP175698","8","55948858","-0.1186","0.607","G"
"4","Trait5","mrMLM","NsiI.TP678261","8","55967248","-0.2161","1.0527","A"
"4","Trait5","mrMLM","PstI.TP874941","8","55971396","-2.8891e-05","0.0063","C"
"4","Trait5","mrMLM","NsiI.TP358258","8","55971705","0.0539","0.5077","A"
"4","Trait5","mrMLM","NsiI.TP467446","8","56050946","-0.0964","1.2191","C"
"4","Trait5","mrMLM","NsiI.TP458362","8","56176010","-1.2526e-05","0.0027","C"
"4","Trait5","mrMLM","NsiI.TP196872","8","56177605","5.8138e-06","0.0013","C"
"4","Trait5","mrMLM","PstI.TP1241299","8","56273280","-0.0506","0.2516","A"
"4","Trait5","mrMLM","NsiI.TP66884","8","56275140","-0.054","0.4244","C"
"4","Trait5","mrMLM","PstI.TP1046943","8","56285552","-1.7559e-05","0.0038","G"
"4","Trait5","mrMLM","NsiI.TP602850","8","56304098","1.5169e-05","0.0033","A"
"4","Trait5","mrMLM","NsiI.TP2523","8","56306112","0.0686","0.891","A"
"4","Trait5","mrMLM","NsiI.TP367243","8","56347231","-1.1643e-05","0.0025","G"
"4","Trait5","mrMLM","GFSSContig19351_2904","8","56396738","3.1181e-06","7e-04","A"
"4","Trait5","mrMLM","PstI.TP365898","8","56419528","-7.4927e-06","0.0016","C"
"4","Trait5","mrMLM","NsiI.TP50068","8","56455112","1.918e-05","0.0042","A"
"4","Trait5","mrMLM","PstI.TP311827","8","56474277","4.1336e-06","9e-04","A"
"4","Trait5","mrMLM","PstI.TP549180","8","56484836","-1.4556e-05","0.0032","G"
"4","Trait5","mrMLM","NsiI.TP150977","8","56487771","-3.659e-06","8e-04","A"
"4","Trait5","mrMLM","NsiI.TP778055","8","56489107","2.8006e-06","6e-04","C"
"4","Trait5","mrMLM","NsiI.TP57147","8","56500375","-3.466e-05","0.0076","C"
"4","Trait5","mrMLM","PstI.TP1042211","8","56502467","0.0189","0.2227","C"
"4","Trait5","mrMLM","PstI.TP704438","8","56506680","5.7099e-06","0.0012","C"
"4","Trait5","mrMLM","PstI.TP627287","8","56538667","-0.0468","0.4464","C"
"4","Trait5","mrMLM","NsiI.TP394597","8","56568502","-4.416e-06","0.001","A"
"4","Trait5","mrMLM","PstI.TP722041","8","56604235","0.227","1.2597","A"
"4","Trait5","mrMLM","PstI.TP1251472","8","56640077","2.2393e-05","0.0049","C"
"4","Trait5","mrMLM","PstI.TP1247814","8","56640130","0.22","1.5013","C"
"4","Trait5","mrMLM","PstI.TP103614","8","56666806","0.2046","1.134","A"
"4","Trait5","mrMLM","PstI.TP141062","8","56700078","1.1225e-05","0.0024","A"
"4","Trait5","mrMLM","PstI.TP1187266","8","56708490","-2.1673e-05","0.0047","C"
"4","Trait5","mrMLM","PstI.TP836303","8","56711260","0.1658","1.6142","C"
"4","Trait5","mrMLM","PstI.TP801271","8","56733365","-1.9176e-05","0.0042","C"
"4","Trait5","mrMLM","PstI.TP962832","8","56756625","-7.647e-06","0.0017","A"
"4","Trait5","mrMLM","PstI.TP902321","8","56813101","0.1594","1.5366","A"
"4","Trait5","mrMLM","NsiI.TP332492","8","56933043","5.6865e-06","0.0012","A"
"4","Trait5","mrMLM","PstI.TP631994","8","56933241","0.1392","1.5247","A"
"4","Trait5","mrMLM","PstI.TP700381","8","56933270","6.5653e-06","0.0014","A"
"4","Trait5","mrMLM","PstI.TP140115","8","57059484","1.0775e-05","0.0024","A"
"4","Trait5","mrMLM","PstI.TP140116","8","57059501","0.1799","1.1163","A"
"4","Trait5","mrMLM","PstI.TP534174","8","57069014","0.1152","0.6384","G"
"4","Trait5","mrMLM","PstI.TP570599","8","57084424","1.4592e-05","0.0032","A"
"4","Trait5","mrMLM","NsiI.TP10770","8","57087566","0.0452","0.3707","A"
"4","Trait5","mrMLM","PstI.TP166135","8","57118094","1.8889e-06","4e-04","A"
"4","Trait5","mrMLM","NsiI.TP624056","8","57193287","0.0886","0.8481","C"
"4","Trait5","mrMLM","PstI.TP218368","8","57214730","8.6218e-06","0.0019","C"
"4","Trait5","mrMLM","NsiI.TP201200","8","57224391","-0.0035","0.0897","A"
"4","Trait5","mrMLM","NsiI.TP200401","8","57224404","4.6396e-06","0.001","A"
"4","Trait5","mrMLM","PstI.TP787571","8","57225074","-1.6234e-05","0.0035","C"
"4","Trait5","mrMLM","NsiI.TP149439","8","57282588","-0.1833","1.045","C"
"4","Trait5","mrMLM","PstI.TP461226","8","57300091","-3.4946e-05","0.0077","A"
"4","Trait5","mrMLM","PstI.TP152342","8","57310803","-3.5724e-06","8e-04","A"
"4","Trait5","mrMLM","PstI.TP1172237","8","57337766","-0.1753","0.7518","G"
"4","Trait5","mrMLM","NsiI.TP166221","8","57373291","7.5772e-06","0.0017","C"
"4","Trait5","mrMLM","PstI.TP179063","8","57415268","-7.9203e-06","0.0017","A"
"4","Trait5","mrMLM","PstI.TP790891","8","57423805","-2.5908e-05","0.0057","A"
"4","Trait5","mrMLM","NsiI.TP718915","8","57429561","-0.1403","0.6902","A"
"4","Trait5","mrMLM","NsiI.TP718893","8","57429584","2.9733e-05","0.0065","A"
"4","Trait5","mrMLM","PstI.TP935722","8","57435831","3.9519e-05","0.0087","C"
"4","Trait5","mrMLM","PstI.TP488540","8","57438838","-7.9135e-06","0.0017","C"
"4","Trait5","mrMLM","PstI.TP510530","8","57442003","2.6702e-05","0.0059","A"
"4","Trait5","mrMLM","PstI.TP806308","8","57451498","0.0876","1.1149","A"
"4","Trait5","mrMLM","PstI.TP1156625","8","57451842","5.0277e-06","0.0011","C"
"4","Trait5","mrMLM","NsiI.TP443141","8","57486959","0.1307","0.8199","G"
"4","Trait5","mrMLM","NsiI.TP359166","8","57535658","1.4335e-05","0.0031","C"
"4","Trait5","mrMLM","NsiI.TP222982","8","57536177","-1.1134e-05","0.0024","A"
"4","Trait5","mrMLM","NsiI.TP174720","8","57540284","-1.3579e-05","0.003","C"
"4","Trait5","mrMLM","PstI.TP394489","8","57588598","-6.1364e-06","0.0013","A"
"4","Trait5","mrMLM","NsiI.TP816488","8","57630595","1.2644e-05","0.0028","C"
"4","Trait5","mrMLM","NsiI.TP593462","8","57647375","-2.2694e-05","0.005","C"
"4","Trait5","mrMLM","PstI.TP758435","8","57647996","-0.2317","1.992","A"
"4","Trait5","mrMLM","NsiI.TP128638","8","57652608","-0.0792","0.8868","C"
"4","Trait5","mrMLM","PstI.TP589392","8","57653861","-0.0115","0.1192","A"
"4","Trait5","mrMLM","PstI.TP1041621","8","57654131","-0.0559","0.5492","A"
"4","Trait5","mrMLM","NsiI.TP51421","8","57671019","-0.045","0.3852","A"
"4","Trait5","mrMLM","PstI.TP777340","8","57671132","-0.0172","0.2408","C"
"4","Trait5","mrMLM","NsiI.TP820289","8","57687842","0.0412","0.5237","C"
"4","Trait5","mrMLM","NsiI.TP485141","8","57723465","-2.0695e-05","0.0045","C"
"4","Trait5","mrMLM","PstI.TP364176","8","57726614","-0.1527","0.5371","A"
"4","Trait5","mrMLM","NsiI.TP663775","8","57726614","1.441e-06","3e-04","G"
"4","Trait5","mrMLM","NsiI.TP411207","8","57749131","0.0557","0.5025","C"
"4","Trait5","mrMLM","NsiI.TP800506","8","57760179","3.3378e-05","0.0073","A"
"4","Trait5","mrMLM","PstI.TP51172","8","57841480","8.3563e-06","0.0018","G"
"4","Trait5","mrMLM","NsiI.TP592818","8","58043130","-1.6463e-05","0.0036","C"
"4","Trait5","mrMLM","PstI.TP1264521","8","58068924","-4.2312e-05","0.0093","A"
"4","Trait5","mrMLM","PstI.TP615521","8","58093270","1.3321e-05","0.0029","C"
"4","Trait5","mrMLM","PstI.TP496475","8","58094286","-0.0449","0.397","A"
"4","Trait5","mrMLM","NsiI.TP364363","8","58098847","1.0538e-05","0.0023","A"
"4","Trait5","mrMLM","NsiI.TP152740","8","58108475","-2.7867e-06","6e-04","A"
"4","Trait5","mrMLM","PstI.TP320444","8","58110822","8.5814e-06","0.0019","A"
"4","Trait5","mrMLM","PstI.TP701952","8","58111611","0.0183","0.2383","G"
"4","Trait5","mrMLM","PstI.TP908198","8","58116048","-0.0352","0.3195","A"
"4","Trait5","mrMLM","PstI.TP103845","8","58125692","4.556e-06","0.001","C"
"4","Trait5","mrMLM","PstI.TP18189","8","58139203","0.0108","0.1637","A"
"4","Trait5","mrMLM","PstI.TP1263036","8","58155778","0.0384","0.5476","G"
"4","Trait5","mrMLM","NsiI.TP523439","8","58182874","-0.1229","1.24","G"
"4","Trait5","mrMLM","NsiI.TP1005","8","58192884","-2.1509e-05","0.0047","C"
"4","Trait5","mrMLM","PstI.TP801096","8","58209473","0.086","0.488","C"
"4","Trait5","mrMLM","PstI.TP753385","8","58262070","-3.605e-06","8e-04","A"
"4","Trait5","mrMLM","PstI.TP350583","8","58267076","0.0187","0.2048","A"
"4","Trait5","mrMLM","PstI.TP37199","8","58277845","0.2827","0.8592","A"
"4","Trait5","mrMLM","PstI.TP1218945","8","58295318","0.1294","0.5246","C"
"4","Trait5","mrMLM","PstI.TP641992","8","58295430","-4.1282e-05","0.0091","C"
"4","Trait5","mrMLM","PstI.TP522065","8","58295434","-0.0492","0.2641","A"
"4","Trait5","mrMLM","NsiI.TP218922","8","58297852","-2.1697e-06","5e-04","G"
"4","Trait5","mrMLM","NsiI.TP452227","8","58350505","-0.0396","0.401","C"
"4","Trait5","mrMLM","PstI.TP785585","8","58358776","5.0197e-06","0.0011","C"
"4","Trait5","mrMLM","PstI.TP255387","8","58411554","-0.1663","0.9625","A"
"4","Trait5","mrMLM","PstI.TP79095","8","58420064","1.4962e-06","3e-04","A"
"4","Trait5","mrMLM","NsiI.TP133271","8","58436161","-0.1702","0.9481","C"
"4","Trait5","mrMLM","PstI.TP411604","8","58455418","-2.4606e-05","0.0054","A"
"4","Trait5","mrMLM","PstI.TP1015126","8","58477747","-0.0328","0.4245","C"
"4","Trait5","mrMLM","PstI.TP315643","8","58488043","1.2596e-05","0.0028","C"
"4","Trait5","mrMLM","PstI.TP1055308","8","58520672","1.3312e-05","0.0029","C"
"4","Trait5","mrMLM","NsiI.TP197576","8","58527013","-3.3898e-05","0.0074","C"
"4","Trait5","mrMLM","NsiI.TP32638","8","58529578","1.4774e-05","0.0032","C"
"4","Trait5","mrMLM","NsiI.TP473357","8","58543286","2.2793e-05","0.005","G"
"4","Trait5","mrMLM","PstI.TP1101384","8","58544035","1.0416e-05","0.0023","C"
"4","Trait5","mrMLM","PstI.TP544270","8","58554756","6.7644e-06","0.0015","C"
"4","Trait5","mrMLM","NsiI.TP167296","8","58557615","1.1498e-05","0.0025","C"
"4","Trait5","mrMLM","PstI.TP609957","8","58571401","2.7597e-06","6e-04","A"
"4","Trait5","mrMLM","PstI.TP824282","8","58573215","-1.1039e-05","0.0024","G"
"4","Trait5","mrMLM","PstI.TP836276","8","58576029","7.9043e-06","0.0017","C"
"4","Trait5","mrMLM","PstI.TP239022","8","58605820","-1.5532e-05","0.0034","A"
"4","Trait5","mrMLM","PstI.TP758934","8","58616074","-2.3254e-06","5e-04","A"
"4","Trait5","mrMLM","NsiI.TP779420","8","58629300","-0.2832","2.6734","C"
"4","Trait5","mrMLM","PstI.TP727957","8","58629331","-4.7769e-06","0.001","A"
"4","Trait5","mrMLM","PstI.TP135047","8","58631343","7.9068e-06","0.0017","A"
"4","Trait5","mrMLM","PstI.TP904898","8","58688823","0.0576","0.6229","A"
"4","Trait5","mrMLM","NsiI.TP773399","8","58699707","-4.1657e-06","9e-04","C"
"4","Trait5","mrMLM","PstI.TP223037","8","58738274","-3.054e-06","7e-04","A"
"4","Trait5","mrMLM","PstI.TP239767","8","58756406","-0.1057","0.5982","A"
"4","Trait5","mrMLM","PstI.TP1239930","8","58760724","1.6327e-05","0.0036","G"
"4","Trait5","mrMLM","PstI.TP1038754","8","58785840","5.6177e-06","0.0012","C"
"4","Trait5","mrMLM","NsiI.TP570387","8","58823674","0.0302","0.3281","A"
"4","Trait5","mrMLM","PstI.TP740995","8","58841632","1.6295e-05","0.0036","C"
"4","Trait5","mrMLM","PstI.TP798504","8","58863921","-5.6625e-06","0.0012","C"
"4","Trait5","mrMLM","PstI.TP846611","8","58864921","-7.9889e-06","0.0017","A"
"4","Trait5","mrMLM","PstI.TP1046729","8","58888202","7.6486e-06","0.0017","A"
"4","Trait5","mrMLM","PstI.TP69228","8","58891020","2.0217e-05","0.0044","C"
"4","Trait5","mrMLM","PstI.TP724051","8","58905865","9.8421e-06","0.0021","C"
"4","Trait5","mrMLM","NsiI.TP556010","8","58927792","-0.2014","1.1175","C"
"4","Trait5","mrMLM","NsiI.TP431959","8","58928827","1.6928e-05","0.0037","A"
"4","Trait5","mrMLM","NsiI.TP396956","8","58998596","2.6111e-05","0.0057","A"
"4","Trait5","mrMLM","NsiI.TP622191","8","59033567","0.0609","0.3761","G"
"4","Trait5","mrMLM","NsiI.TP622196","8","59033570","-3.7069e-06","8e-04","A"
"4","Trait5","mrMLM","NsiI.TP622194","8","59033582","1.4572e-05","0.0032","C"
"4","Trait5","mrMLM","PstI.TP976352","8","59033995","3.9485e-06","9e-04","G"
"4","Trait5","mrMLM","PstI.TP212156","8","59034088","-0.0866","0.9048","A"
"4","Trait5","mrMLM","NsiI.TP630003","8","59036123","1.7514e-06","4e-04","C"
"4","Trait5","mrMLM","NsiI.TP257798","8","59104697","0.0297","0.1914","C"
"4","Trait5","mrMLM","PstI.TP1003726","8","59144857","2.4148e-05","0.0053","G"
"4","Trait5","mrMLM","NsiI.TP494632","8","59177350","0.1576","1.0915","C"
"4","Trait5","mrMLM","PstI.TP920988","8","59203441","-0.2846","1.1148","C"
"4","Trait5","mrMLM","PstI.TP985980","8","59210713","0.047","0.5351","A"
"4","Trait5","mrMLM","NsiI.TP59680","8","59227997","-2.9429e-05","0.0065","C"
"4","Trait5","mrMLM","NsiI.TP539019","8","59248152","0.0636","0.5477","G"
"4","Trait5","mrMLM","PstI.TP315933","8","59252998","-0.0542","0.7158","A"
"4","Trait5","mrMLM","NsiI.TP84196","8","59254148","0.0301","0.2823","C"
"4","Trait5","mrMLM","NsiI.TP438632","8","59267115","7.8755e-06","0.0017","C"
"4","Trait5","mrMLM","PstI.TP1271311","8","59289474","-8.5563e-06","0.0019","A"
"4","Trait5","mrMLM","NsiI.TP226562","8","59296270","-0.1954","1.2554","A"
"4","Trait5","mrMLM","NsiI.TP301935","8","59296322","2.9201e-05","0.0064","A"
"4","Trait5","mrMLM","NsiI.TP505190","8","59308030","0.0105","0.1588","C"
"4","Trait5","mrMLM","NsiI.TP378120","8","59325702","2.4132e-05","0.0053","G"
"4","Trait5","mrMLM","PstI.TP683086","8","59329399","0.0058","0.0767","G"
"4","Trait5","mrMLM","PstI.TP22607","8","59337811","2.469e-05","0.0054","A"
"4","Trait5","mrMLM","NsiI.TP592764","8","59351959","2.1305e-06","5e-04","C"
"4","Trait5","mrMLM","PstI.TP325668","8","59365700","2.697e-05","0.0059","A"
"4","Trait5","mrMLM","PstI.TP12356","8","59365995","-1.0061e-05","0.0022","C"
"4","Trait5","mrMLM","PstI.TP1269511","8","59384751","1.4942e-05","0.0033","C"
"4","Trait5","mrMLM","PstI.TP1156894","8","59426470","0.1232","1.3178","A"
"4","Trait5","mrMLM","PstI.TP1131319","8","59436386","1.0489e-05","0.0023","G"
"4","Trait5","mrMLM","NsiI.TP741538","8","59582552","-1.3742e-05","0.003","A"
"4","Trait5","mrMLM","PstI.TP140089","8","59598122","-6.3332e-06","0.0014","A"
"4","Trait5","mrMLM","PstI.TP320596","8","59673184","1.3372e-05","0.0029","C"
"4","Trait5","mrMLM","PstI.TP1286083","8","59701772","2.8717e-05","0.0063","C"
"4","Trait5","mrMLM","PstI.TP734535","8","59703274","0.0047","0.0906","C"
"4","Trait5","mrMLM","NsiI.TP452471","8","59709291","1.6785e-05","0.0037","C"
"4","Trait5","mrMLM","PstI.TP937088","8","59762667","-1.7426e-05","0.0038","A"
"4","Trait5","mrMLM","NsiI.TP368038","8","59783912","-6.883e-06","0.0015","C"
"4","Trait5","mrMLM","NsiI.TP671942","8","59803876","7.4282e-07","2e-04","A"
"4","Trait5","mrMLM","PstI.TP487012","8","59804023","0.0226","0.2865","C"
"4","Trait5","mrMLM","NsiI.TP435608","8","59829349","-1.7518e-05","0.0038","C"
"4","Trait5","mrMLM","PstI.TP45420","8","59829645","1.295e-05","0.0028","A"
"4","Trait5","mrMLM","NsiI.TP623283","8","59831129","-8.8696e-06","0.0019","A"
"4","Trait5","mrMLM","PstI.TP799676","8","59836522","1.167e-05","0.0025","A"
"4","Trait5","mrMLM","PstI.TP961842","8","59838089","1.1107e-05","0.0024","C"
"4","Trait5","mrMLM","PstI.TP150888","8","59838098","-5.7329e-06","0.0012","A"
"4","Trait5","mrMLM","NsiI.TP769208","8","59861321","0.0584","0.2929","A"
"4","Trait5","mrMLM","PstI.TP686737","8","59901113","-0.0297","0.3253","C"
"4","Trait5","mrMLM","PstI.TP589468","8","59940785","-8.1573e-07","2e-04","A"
"4","Trait5","mrMLM","PstI.TP487316","8","59968292","-0.0641","0.7809","C"
"4","Trait5","mrMLM","NsiI.TP719727","8","59975326","0.0601","0.6836","A"
"4","Trait5","mrMLM","PstI.TP287194","8","59983699","-4.215e-06","9e-04","A"
"4","Trait5","mrMLM","PstI.TP1121090","8","60010525","1.1355e-05","0.0025","G"
"4","Trait5","mrMLM","NsiI.TP102916","8","60081027","0.0998","0.592","C"
"4","Trait5","mrMLM","PstI.TP794364","8","60136310","-1.465e-05","0.0032","C"
"4","Trait5","mrMLM","PstI.TP1030608","8","60202298","-2.1067e-05","0.0046","G"
"4","Trait5","mrMLM","PstI.TP43108","8","60204357","-0.3271","2.4803","C"
"4","Trait5","mrMLM","NsiI.TP704487","8","60204843","-8.3563e-06","0.0018","A"
"4","Trait5","mrMLM","PstI.TP112916","8","60207153","1.7309e-05","0.0038","A"
"4","Trait5","mrMLM","NsiI.TP454340","8","60214669","-1.9254e-05","0.0042","A"
"4","Trait5","mrMLM","NsiI.TP511017","8","60244153","-1.0503e-05","0.0023","C"
"4","Trait5","mrMLM","PstI.TP689237","8","60251186","-6.7148e-06","0.0015","A"
"4","Trait5","mrMLM","NsiI.TP228828","8","60310078","0.1717","0.8196","C"
"4","Trait5","mrMLM","PstI.TP704813","8","60344076","9.6608e-06","0.0021","C"
"4","Trait5","mrMLM","PstI.TP863552","8","60368284","1.4886e-05","0.0033","C"
"4","Trait5","mrMLM","PstI.TP172448","8","60371662","0.3175","2.1016","G"
"4","Trait5","mrMLM","NsiI.TP701217","8","60371664","-0.0866","1.0599","A"
"4","Trait5","mrMLM","GFSSContig18297_1609","8","60382973","-2.4897e-05","0.0055","A"
"4","Trait5","mrMLM","NsiI.TP208536","8","60383927","0.0655","0.4635","C"
"4","Trait5","mrMLM","PstI.TP481860","8","60385095","-0.0427","0.2438","C"
"4","Trait5","mrMLM","PstI.TP962582","8","60385171","-1.6036e-05","0.0035","A"
"4","Trait5","mrMLM","PstI.TP1160800","8","60392457","-2.3304e-05","0.0051","C"
"4","Trait5","mrMLM","PstI.TP693475","8","60446485","0.1084","0.6819","A"
"4","Trait5","mrMLM","NsiI.TP341043","8","60447845","0.0639","0.6549","A"
"4","Trait5","mrMLM","NsiI.TP182496","8","60472469","1.6666e-05","0.0036","C"
"4","Trait5","mrMLM","PstI.TP268135","8","60518710","0.3326","1.3521","A"
"4","Trait5","mrMLM","PstI.TP993788","8","60518710","-1.1605e-05","0.0025","A"
"4","Trait5","mrMLM","PstI.TP90015","8","60529365","-2.0617e-05","0.0045","C"
"4","Trait5","mrMLM","NsiI.TP763865","8","60532558","-0.0263","0.2539","C"
"4","Trait5","mrMLM","PstI.TP342343","8","60537164","0.0899","1.0773","A"
"4","Trait5","mrMLM","PstI.TP284188","8","60547814","1.9418e-05","0.0042","A"
"4","Trait5","mrMLM","PstI.TP706588","8","60552786","8.5249e-06","0.0019","A"
"4","Trait5","mrMLM","PstI.TP319721","8","60552966","-3.0721e-05","0.0067","C"
"4","Trait5","mrMLM","NsiI.TP474157","8","60565783","1.6731e-05","0.0037","A"
"4","Trait5","mrMLM","PstI.TP1146884","8","60576491","-1.3696e-05","0.003","G"
"4","Trait5","mrMLM","PstI.TP924996","8","60586341","0.059","0.416","C"
"4","Trait5","mrMLM","PstI.TP171838","8","60587089","0.0805","0.6586","A"
"4","Trait5","mrMLM","NsiI.TP275998","8","60590249","-2.1205e-05","0.0046","A"
"4","Trait5","mrMLM","PstI.TP197033","8","60597236","-2.7756e-05","0.0061","C"
"4","Trait5","mrMLM","NsiI.TP493585","8","60598424","-2.0276e-05","0.0044","A"
"4","Trait5","mrMLM","NsiI.TP131252","8","60623726","8.732e-06","0.0019","C"
"4","Trait5","mrMLM","PstI.TP759758","8","60633782","-2.2439e-06","5e-04","G"
"4","Trait5","mrMLM","PstI.TP1228265","8","60633843","-0.0684","0.818","C"
"4","Trait5","mrMLM","NsiI.TP406260","8","60654562","7.1536e-06","0.0016","A"
"4","Trait5","mrMLM","PstI.TP48145","8","60687073","-6.1064e-06","0.0013","A"
"4","Trait5","mrMLM","NsiI.TP214131","8","60694487","1.25e-06","3e-04","A"
"4","Trait5","mrMLM","NsiI.TP214130","8","60694496","-1.3922e-05","0.003","C"
"4","Trait5","mrMLM","PstI.TP964132","8","60714664","0.0549","0.5073","C"
"4","Trait5","mrMLM","NsiI.TP616980","8","60729375","-0.0376","0.3539","C"
"4","Trait5","mrMLM","NsiI.TP26918","8","60734022","-3.1946e-05","0.007","A"
"4","Trait5","mrMLM","PstI.TP324363","8","60762429","1.0886e-05","0.0024","C"
"4","Trait5","mrMLM","NsiI.TP716462","8","60815356","-0.1523","1.7124","A"
"4","Trait5","mrMLM","PstI.TP528243","8","60828178","-0.2263","1.6833","A"
"4","Trait5","mrMLM","PstI.TP429557","8","60828792","1.7716e-05","0.0039","A"
"4","Trait5","mrMLM","NsiI.TP571708","8","60835702","2.0947e-05","0.0046","G"
"4","Trait5","mrMLM","PstI.TP779403","8","60876705","-1.9726e-05","0.0043","A"
"4","Trait5","mrMLM","PstI.TP815324","8","60883297","9.6134e-06","0.0021","G"
"4","Trait5","mrMLM","PstI.TP1156402","8","60893348","3.9054e-06","9e-04","C"
"4","Trait5","mrMLM","PstI.TP475576","8","60894163","-1.375e-05","0.003","G"
"4","Trait5","mrMLM","PstI.TP884723","8","60911298","-1.1125e-05","0.0024","C"
"4","Trait5","mrMLM","PstI.TP339875","8","60926839","1.5759e-05","0.0034","A"
"4","Trait5","mrMLM","PstI.TP1143423","8","60930617","2.8019e-05","0.0061","G"
"4","Trait5","mrMLM","PstI.TP1166146","8","60933540","1.4322e-05","0.0031","C"
"4","Trait5","mrMLM","PstI.TP158752","8","60936949","0.0396","0.5181","G"
"4","Trait5","mrMLM","PstI.TP158750","8","60936959","2.2308e-05","0.0049","A"
"4","Trait5","mrMLM","NsiI.TP735482","8","60948492","5.0555e-06","0.0011","C"
"4","Trait5","mrMLM","NsiI.TP429138","8","60948780","-2.1378e-05","0.0047","G"
"4","Trait5","mrMLM","PstI.TP249196","8","60970122","1.9541e-05","0.0043","A"
"4","Trait5","mrMLM","PstI.TP654187","8","60983341","0.045","0.2408","A"
"4","Trait5","mrMLM","PstI.TP1064239","8","61023249","-0.0616","0.5009","C"
"4","Trait5","mrMLM","NsiI.TP438961","8","61043810","-0.0277","0.3829","C"
"4","Trait5","mrMLM","NsiI.TP20023","8","61059097","-1.8946e-05","0.0041","A"
"4","Trait5","mrMLM","PstI.TP226110","8","61063703","-0.0699","0.7407","A"
"4","Trait5","mrMLM","PstI.TP647641","8","61103675","2.1112e-06","5e-04","C"
"4","Trait5","mrMLM","NsiI.TP536274","8","61103728","-3.8155e-06","8e-04","C"
"4","Trait5","mrMLM","NsiI.TP693905","8","61137759","1.7336e-06","4e-04","A"
"4","Trait5","mrMLM","PstI.TP253397","8","61142703","-5.1055e-06","0.0011","A"
"4","Trait5","mrMLM","PstI.TP1163604","8","61174936","1.666e-05","0.0036","A"
"4","Trait5","mrMLM","NsiI.TP128535","8","61175162","1.5457e-05","0.0034","C"
"4","Trait5","mrMLM","PstI.TP358099","8","61209299","-6.1581e-06","0.0013","A"
"4","Trait5","mrMLM","NsiI.TP819141","8","61304672","-7.637e-06","0.0017","C"
"4","Trait5","mrMLM","PstI.TP302747","8","61307098","-0.0083","0.1422","C"
"4","Trait5","mrMLM","PstI.TP576556","8","61385245","-4.377e-06","0.001","C"
"4","Trait5","mrMLM","NsiI.TP475135","8","61404239","-3.3709e-05","0.0074","A"
"4","Trait5","mrMLM","NsiI.TP812827","8","61410483","0.1047","0.6245","C"
"4","Trait5","mrMLM","NsiI.TP464573","8","61413790","8.0091e-06","0.0017","C"
"4","Trait5","mrMLM","PstI.TP417818","8","61424776","-4.1575e-07","9.0487e-05","C"
"4","Trait5","mrMLM","PstI.TP417816","8","61424780","-8.0245e-06","0.0018","C"
"4","Trait5","mrMLM","NsiI.TP416351","8","61500905","-9.6386e-06","0.0021","A"
"4","Trait5","mrMLM","PstI.TP585059","8","61577589","0.0094","0.1227","C"
"4","Trait5","mrMLM","PstI.TP802322","8","61606875","-3.5184e-06","8e-04","C"
"4","Trait5","mrMLM","NsiI.TP778061","8","61612068","0.0157","0.215","G"
"4","Trait5","mrMLM","PstI.TP746562","8","61612541","1.02e-05","0.0022","A"
"4","Trait5","mrMLM","NsiI.TP465375","8","61636057","-8.6721e-07","2e-04","A"
"4","Trait5","mrMLM","PstI.TP174587","8","61645695","-9.2157e-06","0.002","A"
"4","Trait5","mrMLM","NsiI.TP729036","8","61645703","-1.2247e-06","3e-04","A"
"4","Trait5","mrMLM","NsiI.TP779391","8","61651324","2.6389e-05","0.0058","C"
"4","Trait5","mrMLM","NsiI.TP164779","8","61655114","-1.7573e-05","0.0038","A"
"4","Trait5","mrMLM","PstI.TP692921","8","61811541","-2.8438e-05","0.0062","A"
"4","Trait5","mrMLM","PstI.TP848616","8","61821597","-1.3894e-07","3.0236e-05","A"
"4","Trait5","mrMLM","NsiI.TP323020","8","61834042","0.2067","0.9441","C"
"4","Trait5","mrMLM","PstI.TP400053","8","61865024","2.2746e-05","0.005","C"
"4","Trait5","mrMLM","NsiI.TP139706","8","61912434","8.2044e-06","0.0018","A"
"4","Trait5","mrMLM","PstI.TP161086","8","61954442","-3.2403e-06","7e-04","A"
"4","Trait5","mrMLM","PstI.TP223655","8","61982392","-7.2017e-06","0.0016","A"
"4","Trait5","mrMLM","GFSSContig20436_3127","8","61985219","4.2412e-05","0.0093","T"
"4","Trait5","mrMLM","PstI.TP522019","8","61986159","0.0924","0.5666","C"
"4","Trait5","mrMLM","PstI.TP522018","8","61986171","0.0371","0.2848","A"
"4","Trait5","mrMLM","NsiI.TP558275","8","61989511","3.0779e-06","7e-04","C"
"4","Trait5","mrMLM","NsiI.TP489532","8","62012376","-2.3563e-05","0.0052","A"
"4","Trait5","mrMLM","NsiI.TP555789","8","62057877","2.9827e-06","6e-04","G"
"4","Trait5","mrMLM","PstI.TP1074320","8","62110700","4.2523e-07","9.2548e-05","A"
"4","Trait5","mrMLM","PstI.TP1043204","8","62111437","9.3324e-06","0.002","A"
"4","Trait5","mrMLM","PstI.TP990909","8","62111760","0.0041","0.0956","C"
"4","Trait5","mrMLM","PstI.TP42823","8","62111805","-7.1749e-06","0.0016","C"
"4","Trait5","mrMLM","NsiI.TP489338","8","62113415","-1.6988e-05","0.0037","A"
"4","Trait5","mrMLM","NsiI.TP552877","8","62121059","-0.1166","1.0628","A"
"4","Trait5","mrMLM","PstI.TP434206","8","62133236","0.0489","0.4007","C"
"4","Trait5","mrMLM","PstI.TP156491","8","62158572","2.1242e-08","4.6226e-06","A"
"4","Trait5","mrMLM","PstI.TP179472","8","62166818","-7.7602e-06","0.0017","A"
"4","Trait5","mrMLM","NsiI.TP616628","8","62167326","2.2729e-05","0.005","G"
"4","Trait5","mrMLM","PstI.TP247595","8","62171086","0.0273","0.2355","A"
"4","Trait5","mrMLM","NsiI.TP203685","8","62171235","-3.9644e-05","0.0087","A"
"4","Trait5","mrMLM","PstI.TP186223","8","62187948","3.0164e-05","0.0066","A"
"4","Trait5","mrMLM","NsiI.TP374610","8","62192435","4e-04","0.0277","C"
"4","Trait5","mrMLM","PstI.TP416974","8","62207607","-1.4718e-05","0.0032","A"
"4","Trait5","mrMLM","NsiI.TP424080","8","62210912","-2.7284e-06","6e-04","A"
"4","Trait5","mrMLM","PstI.TP646559","8","62211239","-2.0199e-05","0.0044","A"
"4","Trait5","mrMLM","NsiI.TP738649","8","62216976","0.063","0.6111","A"
"4","Trait5","mrMLM","NsiI.TP415547","8","62220173","3.2683e-05","0.0072","A"
"4","Trait5","mrMLM","NsiI.TP415548","8","62220184","-1.1235e-05","0.0025","A"
"4","Trait5","mrMLM","NsiI.TP533978","8","62224635","0.3298","1.051","C"
"4","Trait5","mrMLM","NsiI.TP370742","8","62258814","3.7402e-05","0.0082","A"
"4","Trait5","mrMLM","PstI.TP881035","8","62310101","-2.5919e-06","6e-04","C"
"4","Trait5","mrMLM","PstI.TP428924","8","62311991","-1.1519e-05","0.0025","C"
"4","Trait5","mrMLM","PstI.TP112712","8","62314513","-0.0177","0.1434","C"
"4","Trait5","mrMLM","PstI.TP112716","8","62314520","3.3724e-06","7e-04","G"
"4","Trait5","mrMLM","PstI.TP1179013","8","62322978","2.2384e-07","4.8717e-05","A"
"4","Trait5","mrMLM","NsiI.TP48231","8","62326534","-0.0539","0.4009","C"
"4","Trait5","mrMLM","PstI.TP319520","8","62331057","-8.6311e-06","0.0019","C"
"4","Trait5","mrMLM","PstI.TP891016","8","62380437","0.2352","0.8579","A"
"4","Trait5","mrMLM","NsiI.TP719971","8","62397917","-1.1379e-05","0.0025","A"
"4","Trait5","mrMLM","NsiI.TP244432","8","62444212","-0.0383","0.5092","C"
"4","Trait5","mrMLM","PstI.TP920118","8","62445057","0.0591","0.3243","A"
"4","Trait5","mrMLM","PstI.TP112608","8","62470205","2.3599e-06","5e-04","A"
"4","Trait5","mrMLM","PstI.TP119781","8","62470210","-0.0048","0.0935","C"
"4","Trait5","mrMLM","NsiI.TP90528","8","62471416","-1.4132e-05","0.0031","A"
"4","Trait5","mrMLM","NsiI.TP38074","8","62478575","-1.0848e-05","0.0024","G"
"4","Trait5","mrMLM","PstI.TP280688","8","62498952","1.4353e-05","0.0031","A"
"4","Trait5","mrMLM","NsiI.TP255668","8","62512133","0.0581","0.363","A"
"4","Trait5","mrMLM","PstI.TP675693","8","62523888","-2.1394e-05","0.0047","A"
"4","Trait5","mrMLM","NsiI.TP529352","8","62523888","2.221e-07","4.834e-05","A"
"4","Trait5","mrMLM","PstI.TP151443","8","62526310","0.0921","0.7746","C"
"4","Trait5","mrMLM","NsiI.TP463242","8","62535183","1.0081e-05","0.0022","C"
"4","Trait5","mrMLM","NsiI.TP42003","8","62544570","0.0122","0.1578","A"
"4","Trait5","mrMLM","NsiI.TP442700","8","62545114","-1.4687e-05","0.0032","A"
"4","Trait5","mrMLM","NsiI.TP321679","8","62552422","-0.0029","0.0857","A"
"4","Trait5","mrMLM","NsiI.TP232290","8","62560851","-0.0494","0.3365","A"
"4","Trait5","mrMLM","NsiI.TP337194","8","62573170","-0.0253","0.2689","A"
"4","Trait5","mrMLM","PstI.TP176223","8","62588546","-1.2924e-05","0.0028","C"
"4","Trait5","mrMLM","PstI.TP107240","8","62622087","-1.9123e-07","4.1623e-05","A"
"4","Trait5","mrMLM","PstI.TP988785","8","62628832","-1.2284e-05","0.0027","A"
"4","Trait5","mrMLM","PstI.TP988781","8","62628857","-1.5793e-06","3e-04","C"
"4","Trait5","mrMLM","PstI.TP205788","8","62641561","-0.0505","0.3","C"
"4","Trait5","mrMLM","NsiI.TP709938","8","62649664","-0.0779","1.1016","C"
"4","Trait5","mrMLM","PstI.TP731358","8","62664658","-0.0138","0.1823","A"
"4","Trait5","mrMLM","PstI.TP373660","8","62666468","-0.0155","0.1672","A"
"4","Trait5","mrMLM","NsiI.TP402981","9","30092","-4.9992e-06","0.0011","C"
"4","Trait5","mrMLM","GFSSContig16444_1496","9","46388","0.0125","0.1976","C"
"4","Trait5","mrMLM","NsiI.TP349989","9","48138","-0.1264","1.5045","A"
"4","Trait5","mrMLM","NsiI.TP358628","9","48507","-1.7839e-05","0.0039","G"
"4","Trait5","mrMLM","GFSSContig17231_501","9","56978","1.8714e-05","0.0041","T"
"4","Trait5","mrMLM","PstI.TP419246","9","86787","-0.0439","0.2593","C"
"4","Trait5","mrMLM","NsiI.TP769922","9","87640","-2.6921e-05","0.0059","C"
"4","Trait5","mrMLM","NsiI.TP369364","9","89651","-5.5989e-07","1e-04","C"
"4","Trait5","mrMLM","PstI.TP646044","9","89652","0.0215","0.2203","C"
"4","Trait5","mrMLM","NsiI.TP687111","9","89753","2.2423e-05","0.0049","A"
"4","Trait5","mrMLM","NsiI.TP687112","9","89767","0.0793","0.4207","A"
"4","Trait5","mrMLM","PstI.TP826556","9","108117","5.9408e-06","0.0013","C"
"4","Trait5","mrMLM","PstI.TP626274","9","149728","-5.9669e-06","0.0013","A"
"4","Trait5","mrMLM","PstI.TP731328","9","150056","-8.7567e-06","0.0019","A"
"4","Trait5","mrMLM","NsiI.TP608372","9","152998","-4.057e-06","9e-04","G"
"4","Trait5","mrMLM","NsiI.TP519457","9","153010","-2.2558e-05","0.0049","C"
"4","Trait5","mrMLM","PstI.TP1144529","9","169987","-0.068","0.83","G"
"4","Trait5","mrMLM","PstI.TP22734","9","179300","1.1886e-06","3e-04","G"
"4","Trait5","mrMLM","PstI.TP477735","9","181369","-9.3641e-06","0.002","A"
"4","Trait5","mrMLM","PstI.TP477750","9","181388","6.5584e-06","0.0014","C"
"4","Trait5","mrMLM","PstI.TP301385","9","195894","3.1164e-05","0.0068","A"
"4","Trait5","mrMLM","PstI.TP116851","9","200152","-1.6175e-05","0.0035","C"
"4","Trait5","mrMLM","NsiI.TP663116","9","209310","0.0922","0.7723","A"
"4","Trait5","mrMLM","NsiI.TP737833","9","220456","3.1737e-05","0.007","C"
"4","Trait5","mrMLM","NsiI.TP39864","9","223824","-0.1378","1.0317","A"
"4","Trait5","mrMLM","NsiI.TP16754","9","232741","0.1179","0.7372","C"
"4","Trait5","mrMLM","PstI.TP237266","9","233777","-0.156","1.5891","A"
"4","Trait5","mrMLM","NsiI.TP190125","9","242395","-0.0323","0.2888","C"
"4","Trait5","mrMLM","PstI.TP774948","9","243415","-9.0159e-06","0.002","C"
"4","Trait5","mrMLM","NsiI.TP130578","9","371128","-6.226e-06","0.0014","A"
"4","Trait5","mrMLM","PstI.TP28567","9","378356","3.839e-05","0.0084","G"
"4","Trait5","mrMLM","PstI.TP485486","9","389559","1.6967e-05","0.0037","C"
"4","Trait5","mrMLM","PstI.TP1261817","9","475687","-1.7619e-05","0.0039","C"
"4","Trait5","mrMLM","PstI.TP295455","9","513546","-0.1669","1.3137","A"
"4","Trait5","mrMLM","PstI.TP811441","9","514654","3.2856e-05","0.0072","C"
"4","Trait5","mrMLM","NsiI.TP121601","9","553894","9.1709e-06","0.002","A"
"4","Trait5","mrMLM","PstI.TP795071","9","558879","-1.0815e-05","0.0024","C"
"4","Trait5","mrMLM","PstI.TP795074","9","564192","1.1608e-05","0.0025","G"
"4","Trait5","mrMLM","NsiI.TP740510","9","565077","-2.0239e-05","0.0044","G"
"4","Trait5","mrMLM","PstI.TP26215","9","583262","0.3287","2.0568","C"
"4","Trait5","mrMLM","PstI.TP642882","9","584474","-1.1747e-05","0.0026","A"
"4","Trait5","mrMLM","PstI.TP51332","9","718674","-1.3071e-06","3e-04","A"
"4","Trait5","mrMLM","PstI.TP79751","9","748032","-1.4197e-05","0.0031","A"
"4","Trait5","mrMLM","NsiI.TP426369","9","759492","0.052","0.6365","C"
"4","Trait5","mrMLM","NsiI.TP808261","9","769198","5.5919e-06","0.0012","C"
"4","Trait5","mrMLM","PstI.TP862775","9","773151","0.2739","1.6012","A"
"4","Trait5","mrMLM","PstI.TP1050510","9","775588","-3.4458e-05","0.0076","A"
"4","Trait5","mrMLM","NsiI.TP747730","9","779226","7.9806e-06","0.0017","A"
"4","Trait5","mrMLM","PstI.TP1171678","9","784913","2.3124e-06","5e-04","G"
"4","Trait5","mrMLM","PstI.TP404485","9","787361","3.2662e-05","0.0072","C"
"4","Trait5","mrMLM","PstI.TP58832","9","814396","5.8802e-06","0.0013","C"
"4","Trait5","mrMLM","PstI.TP1114932","9","815088","0.0253","0.2991","C"
"4","Trait5","mrMLM","PstI.TP277254","9","815106","1.2471e-05","0.0027","C"
"4","Trait5","mrMLM","PstI.TP106000","9","850812","-0.0133","0.182","C"
"4","Trait5","mrMLM","PstI.TP987932","9","903489","1.2832e-05","0.0028","C"
"4","Trait5","mrMLM","NsiI.TP707682","9","903653","0.1246","0.5292","A"
"4","Trait5","mrMLM","NsiI.TP361676","9","917380","0.2911","1.2081","C"
"4","Trait5","mrMLM","PstI.TP67551","9","971562","-2.6753e-06","6e-04","A"
"4","Trait5","mrMLM","NsiI.TP497627","9","978343","7.5836e-06","0.0017","A"
"4","Trait5","mrMLM","PstI.TP1011137","9","991795","0.028","0.3834","A"
"4","Trait5","mrMLM","PstI.TP458238","9","991884","-5.3242e-06","0.0012","A"
"4","Trait5","mrMLM","NsiI.TP386703","9","994615","-8.4085e-06","0.0018","G"
"4","Trait5","mrMLM","PstI.TP1234433","9","1002662","-0.0145","0.1826","G"
"4","Trait5","mrMLM","PstI.TP1155926","9","1005275","-0.0591","0.3836","A"
"4","Trait5","mrMLM","NsiI.TP315437","9","1033850","-0.0118","0.1613","C"
"4","Trait5","mrMLM","PstI.TP300118","9","1044393","-6.4159e-06","0.0014","C"
"4","Trait5","mrMLM","NsiI.TP417103","9","1044754","0.0242","0.3331","A"
"4","Trait5","mrMLM","PstI.TP256852","9","1065898","1.6693e-05","0.0036","C"
"4","Trait5","mrMLM","PstI.TP611342","9","1071399","-2.2707e-06","5e-04","A"
"4","Trait5","mrMLM","PstI.TP611180","9","1071409","-2.1004e-05","0.0046","C"
"4","Trait5","mrMLM","NsiI.TP773851","9","1073327","0.0153","0.187","C"
"4","Trait5","mrMLM","PstI.TP387322","9","1080184","-0.0983","0.7538","C"
"4","Trait5","mrMLM","PstI.TP719095","9","1109109","-1.0891e-05","0.0024","C"
"4","Trait5","mrMLM","PstI.TP1147849","9","1182503","-0.0118","0.1166","C"
"4","Trait5","mrMLM","PstI.TP19542","9","1182550","-1.2976e-05","0.0028","A"
"4","Trait5","mrMLM","NsiI.TP369415","9","1188421","-1.016e-05","0.0022","A"
"4","Trait5","mrMLM","NsiI.TP38108","9","1190976","-1.7088e-06","4e-04","A"
"4","Trait5","mrMLM","PstI.TP71323","9","1196322","2.8178e-06","6e-04","A"
"4","Trait5","mrMLM","PstI.TP109379","9","1199640","-0.0878","0.8829","A"
"4","Trait5","mrMLM","PstI.TP175561","9","1207330","1.7225e-05","0.0038","C"
"4","Trait5","mrMLM","NsiI.TP434931","9","1216196","4.3196e-06","9e-04","A"
"4","Trait5","mrMLM","NsiI.TP582366","9","1238023","1.891e-05","0.0041","A"
"4","Trait5","mrMLM","PstI.TP671834","9","1241779","-0.1083","0.4845","C"
"4","Trait5","mrMLM","NsiI.TP164111","9","1252209","6.9934e-06","0.0015","C"
"4","Trait5","mrMLM","PstI.TP1084687","9","1258085","2.1665e-05","0.0047","A"
"4","Trait5","mrMLM","NsiI.TP659393","9","1282551","1.199e-05","0.0026","A"
"4","Trait5","mrMLM","PstI.TP97264","9","1289669","-0.1041","0.5989","A"
"4","Trait5","mrMLM","PstI.TP189035","9","1311048","-0.0522","0.616","C"
"4","Trait5","mrMLM","GFSSContig20039_958","9","1321687","0.0064","0.1135","A"
"4","Trait5","mrMLM","NsiI.TP268905","9","1323864","-0.0313","0.4437","A"
"4","Trait5","mrMLM","PstI.TP890773","9","1435661","2.1126e-07","4.5975e-05","A"
"4","Trait5","mrMLM","PstI.TP1276949","9","1475938","-0.3281","1.5693","C"
"4","Trait5","mrMLM","PstI.TP1038684","9","1477821","0.1012","0.6655","C"
"4","Trait5","mrMLM","NsiI.TP145547","9","1500965","-8.0634e-06","0.0018","G"
"4","Trait5","mrMLM","PstI.TP740140","9","1528558","0.1344","0.8402","G"
"4","Trait5","mrMLM","PstI.TP146435","9","1542296","9.2021e-06","0.002","C"
"4","Trait5","mrMLM","NsiI.TP396646","9","1557391","-8.0751e-06","0.0018","G"
"4","Trait5","mrMLM","GFSSContig9146_190","9","1619434","8.4073e-06","0.0018","A"
"4","Trait5","mrMLM","PstI.TP463129","9","1621136","2.3835e-05","0.0052","C"
"4","Trait5","mrMLM","PstI.TP419219","9","1650258","1.6293e-06","4e-04","A"
"4","Trait5","mrMLM","PstI.TP1150566","9","1671674","-0.0827","0.8449","C"
"4","Trait5","mrMLM","PstI.TP723650","9","1697929","-1.7565e-05","0.0038","C"
"4","Trait5","mrMLM","PstI.TP1013450","9","1698881","-0.1591","0.7802","C"
"4","Trait5","mrMLM","GFSSContig15396_715","9","1730629","-0.0058","0.125","A"
"4","Trait5","mrMLM","PstI.TP904714","9","1730741","1.7451e-05","0.0038","C"
"4","Trait5","mrMLM","PstI.TP1236808","9","1739350","1.8934e-05","0.0041","A"
"4","Trait5","mrMLM","PstI.TP331576","9","1757096","0.0904","0.7739","A"
"4","Trait5","mrMLM","PstI.TP1069381","9","1785690","9.1747e-06","0.002","G"
"4","Trait5","mrMLM","PstI.TP227932","9","1786301","-9.2108e-06","0.002","C"
"4","Trait5","mrMLM","PstI.TP173250","9","1824633","-0.3038","1.46","G"
"4","Trait5","mrMLM","PstI.TP12920","9","1839818","1.0272e-05","0.0022","C"
"4","Trait5","mrMLM","PstI.TP30938","9","1841846","2.6686e-05","0.0058","C"
"4","Trait5","mrMLM","PstI.TP338249","9","1847859","-0.1146","0.4133","C"
"4","Trait5","mrMLM","PstI.TP974644","9","1852263","-1.5782e-05","0.0034","C"
"4","Trait5","mrMLM","PstI.TP688753","9","1861171","0.2925","1.5736","A"
"4","Trait5","mrMLM","NsiI.TP40541","9","1908949","-0.0059","0.0599","C"
"4","Trait5","mrMLM","PstI.TP1077282","9","1942939","-0.1619","1.6736","A"
"4","Trait5","mrMLM","PstI.TP723544","9","1942972","-0.2587","3.841","A"
"4","Trait5","mrMLM","NsiI.TP655390","9","1948713","-3.5633e-05","0.0078","G"
"4","Trait5","mrMLM","PstI.TP28660","9","1970845","-1.0598e-05","0.0023","A"
"4","Trait5","mrMLM","NsiI.TP189113","9","1975571","-0.0172","0.1756","A"
"4","Trait5","mrMLM","PstI.TP345357","9","1992147","-8.3474e-06","0.0018","G"
"4","Trait5","mrMLM","PstI.TP385757","9","2049103","1.6248e-05","0.0036","A"
"4","Trait5","mrMLM","PstI.TP499508","9","2049109","-1.5515e-06","3e-04","A"
"4","Trait5","mrMLM","PstI.TP385794","9","2049128","1.8785e-05","0.0041","A"
"4","Trait5","mrMLM","PstI.TP613754","9","2094002","1.3578e-05","0.003","G"
"4","Trait5","mrMLM","PstI.TP343617","9","2097217","0.1213","0.9909","C"
"4","Trait5","mrMLM","PstI.TP350614","9","2097298","0.002","0.0582","A"
"4","Trait5","mrMLM","PstI.TP1056346","9","2101986","1.1764e-05","0.0026","A"
"4","Trait5","mrMLM","NsiI.TP146498","9","2108493","9.55e-06","0.0021","C"
"4","Trait5","mrMLM","PstI.TP638760","9","2126340","1.6369e-05","0.0036","A"
"4","Trait5","mrMLM","NsiI.TP412626","9","2130077","-1.8953e-05","0.0041","C"
"4","Trait5","mrMLM","GFSSContig14673_1168","9","2134478","0.1691","1.1711","T"
"4","Trait5","mrMLM","PstI.TP298458","9","2136149","1.5199e-05","0.0033","A"
"4","Trait5","mrMLM","GFk25ctg2814516_120","9","2137098","-3.4046e-05","0.0075","A"
"4","Trait5","mrMLM","PstI.TP682870","9","2146242","1.5595e-05","0.0034","C"
"4","Trait5","mrMLM","PstI.TP1279660","9","2170508","-2.9407e-05","0.0064","C"
"4","Trait5","mrMLM","NsiI.TP364774","9","2221495","0.2764","1.2475","C"
"4","Trait5","mrMLM","PstI.TP36816","9","2230929","8.0954e-06","0.0018","G"
"4","Trait5","mrMLM","PstI.TP36829","9","2230946","1.402e-05","0.0031","A"
"4","Trait5","mrMLM","PstI.TP1293171","9","2255602","-7.5443e-07","2e-04","C"
"4","Trait5","mrMLM","PstI.TP1202850","9","2285434","-2.1982e-06","5e-04","C"
"4","Trait5","mrMLM","PstI.TP40602","9","2295429","-1.5324e-05","0.0033","C"
"4","Trait5","mrMLM","NsiI.TP115634","9","2310475","2.7339e-05","0.006","A"
"4","Trait5","mrMLM","PstI.TP1069978","9","2327403","-2.186e-05","0.0048","G"
"4","Trait5","mrMLM","PstI.TP1185359","9","2350553","0.0172","0.1072","A"
"4","Trait5","mrMLM","PstI.TP215460","9","2357008","0.1461","0.8883","C"
"4","Trait5","mrMLM","PstI.TP654004","9","2357362","1.9359e-05","0.0042","C"
"4","Trait5","mrMLM","PstI.TP968019","9","2402808","0.043","0.212","C"
"4","Trait5","mrMLM","NsiI.TP217014","9","2409071","-1.2239e-05","0.0027","C"
"4","Trait5","mrMLM","NsiI.TP243369","9","2410704","-8.7141e-06","0.0019","G"
"4","Trait5","mrMLM","PstI.TP765034","9","2434575","0.1026","1.0468","A"
"4","Trait5","mrMLM","PstI.TP769847","9","2435845","5.7593e-06","0.0013","A"
"4","Trait5","mrMLM","PstI.TP393539","9","2442283","-3.0303e-05","0.0066","A"
"4","Trait5","mrMLM","NsiI.TP393480","9","2444316","9.1022e-06","0.002","A"
"4","Trait5","mrMLM","NsiI.TP521146","9","2480204","-1.5086e-05","0.0033","C"
"4","Trait5","mrMLM","NsiI.TP709887","9","2527994","-3.1651e-05","0.0069","C"
"4","Trait5","mrMLM","NsiI.TP749716","9","2551477","1.2354e-05","0.0027","A"
"4","Trait5","mrMLM","PstI.TP950431","9","2552110","-2.082e-05","0.0046","A"
"4","Trait5","mrMLM","NsiI.TP146512","9","2562923","-8.5665e-06","0.0019","C"
"4","Trait5","mrMLM","NsiI.TP773754","9","2569351","0.0111","0.1815","A"
"4","Trait5","mrMLM","PstI.TP1055889","9","2604586","-6.4781e-06","0.0014","A"
"4","Trait5","mrMLM","PstI.TP18963","9","2617306","0.1504","1.1137","C"
"4","Trait5","mrMLM","PstI.TP18961","9","2617311","-0.103","0.9253","A"
"4","Trait5","mrMLM","PstI.TP1293335","9","2621340","1.0272e-05","0.0022","A"
"4","Trait5","mrMLM","GFSSContig13472_457","9","2633667","-0.1217","1.4899","A"
"4","Trait5","mrMLM","PstI.TP856433","9","2644237","1.5545e-05","0.0034","G"
"4","Trait5","mrMLM","PstI.TP533205","9","2659092","9.7148e-06","0.0021","A"
"4","Trait5","mrMLM","NsiI.TP38877","9","2690819","-9.8146e-06","0.0021","A"
"4","Trait5","mrMLM","PstI.TP1170746","9","2697292","-2.2432e-05","0.0049","C"
"4","Trait5","mrMLM","NsiI.TP78835","9","2710143","-0.0098","0.1375","A"
"4","Trait5","mrMLM","PstI.TP783031","9","2715261","1.1606e-05","0.0025","A"
"4","Trait5","mrMLM","PstI.TP966738","9","2715568","1.3682e-05","0.003","A"
"4","Trait5","mrMLM","PstI.TP217628","9","2723162","5.07e-06","0.0011","A"
"4","Trait5","mrMLM","PstI.TP377620","9","2735069","1.5257e-05","0.0033","A"
"4","Trait5","mrMLM","NsiI.TP759466","9","2750007","-5.2143e-06","0.0011","A"
"4","Trait5","mrMLM","NsiI.TP426590","9","2752496","1.0704e-05","0.0023","A"
"4","Trait5","mrMLM","PstI.TP87305","9","2769065","-0.1767","0.6255","A"
"4","Trait5","mrMLM","NsiI.TP564085","9","2823579","0.072","0.7244","A"
"4","Trait5","mrMLM","PstI.TP862144","9","2857100","-3.7194e-05","0.0082","A"
"4","Trait5","mrMLM","PstI.TP30429","9","2858068","9.433e-06","0.0021","G"
"4","Trait5","mrMLM","NsiI.TP753852","9","2876948","-0.0819","1.0868","C"
"4","Trait5","mrMLM","PstI.TP19433","9","2889851","0.113","0.6893","G"
"4","Trait5","mrMLM","NsiI.TP619168","9","2902011","3.4366e-05","0.0075","C"
"4","Trait5","mrMLM","PstI.TP892917","9","2929664","7.1185e-06","0.0016","G"
"4","Trait5","mrMLM","PstI.TP869432","9","2930135","6.6739e-06","0.0015","C"
"4","Trait5","mrMLM","PstI.TP309471","9","2930833","-2.09e-05","0.0046","A"
"4","Trait5","mrMLM","PstI.TP299521","9","2932954","0.009","0.1445","C"
"4","Trait5","mrMLM","NsiI.TP6019","9","2939838","0.0335","0.3093","G"
"4","Trait5","mrMLM","PstI.TP344585","9","2944956","-2.5541e-05","0.0056","G"
"4","Trait5","mrMLM","PstI.TP860380","9","2948855","1.1465e-05","0.0025","C"
"4","Trait5","mrMLM","NsiI.TP217319","9","2951300","-0.0161","0.2131","A"
"4","Trait5","mrMLM","PstI.TP299726","9","2970040","-0.2208","1.6652","A"
"4","Trait5","mrMLM","PstI.TP1125765","9","3017168","0.0422","0.3452","C"
"4","Trait5","mrMLM","NsiI.TP23072","9","3025468","3.6611e-05","0.008","A"
"4","Trait5","mrMLM","PstI.TP722093","9","3026606","-0.0286","0.1719","A"
"4","Trait5","mrMLM","NsiI.TP149327","9","3030965","-1.9406e-05","0.0042","A"
"4","Trait5","mrMLM","PstI.TP1203096","9","3048818","0.0058","0.1085","G"
"4","Trait5","mrMLM","NsiI.TP799645","9","3055749","-1.9164e-05","0.0042","C"
"4","Trait5","mrMLM","PstI.TP470540","9","3083248","1.8445e-05","0.004","A"
"4","Trait5","mrMLM","PstI.TP23124","9","3087102","2.28e-05","0.005","A"
"4","Trait5","mrMLM","PstI.TP1010641","9","3138386","-1.1882e-05","0.0026","C"
"4","Trait5","mrMLM","NsiI.TP408143","9","3139194","-1.0631e-05","0.0023","A"
"4","Trait5","mrMLM","PstI.TP697306","9","3161603","0.0658","0.5209","C"
"4","Trait5","mrMLM","PstI.TP167522","9","3164781","-0.0635","0.424","A"
"4","Trait5","mrMLM","PstI.TP418657","9","3167458","0.2311","0.9635","A"
"4","Trait5","mrMLM","PstI.TP933055","9","3167487","7.2871e-06","0.0016","C"
"4","Trait5","mrMLM","NsiI.TP363869","9","3175815","-4.2942e-05","0.0094","A"
"4","Trait5","mrMLM","PstI.TP550408","9","3176103","0.0535","0.2943","C"
"4","Trait5","mrMLM","PstI.TP1218530","9","3177849","-5.3137e-06","0.0012","A"
"4","Trait5","mrMLM","PstI.TP75281","9","3177941","-1.4923e-05","0.0033","A"
"4","Trait5","mrMLM","NsiI.TP126131","9","3184582","3e-04","0.0244","A"
"4","Trait5","mrMLM","NsiI.TP39617","9","3185748","0.1114","0.8688","C"
"4","Trait5","mrMLM","NsiI.TP76301","9","3185801","-3.2053e-05","0.007","G"
"4","Trait5","mrMLM","PstI.TP67754","9","3194000","0.0936","1.3215","G"
"4","Trait5","mrMLM","NsiI.TP805484","9","3215088","-0.0382","0.5955","A"
"4","Trait5","mrMLM","PstI.TP857242","9","3217600","-0.0876","1.1587","C"
"4","Trait5","mrMLM","NsiI.TP687239","9","3224330","1.1329e-05","0.0025","G"
"4","Trait5","mrMLM","NsiI.TP566316","9","3226677","-7.0256e-06","0.0015","A"
"4","Trait5","mrMLM","PstI.TP189568","9","3236820","-2.2924e-06","5e-04","A"
"4","Trait5","mrMLM","NsiI.TP121347","9","3259334","0.0507","0.4393","C"
"4","Trait5","mrMLM","PstI.TP779630","9","3265778","2.5441e-05","0.0056","C"
"4","Trait5","mrMLM","PstI.TP901954","9","3265857","-9.8381e-07","2e-04","C"
"4","Trait5","mrMLM","NsiI.TP454424","9","3272400","1.1305e-05","0.0025","C"
"4","Trait5","mrMLM","NsiI.TP83538","9","3301367","-0.0499","0.473","C"
"4","Trait5","mrMLM","PstI.TP290387","9","3312855","9.2543e-06","0.002","A"
"4","Trait5","mrMLM","PstI.TP1107519","9","3315165","9.4056e-06","0.0021","A"
"4","Trait5","mrMLM","PstI.TP312141","9","3384285","7.7443e-06","0.0017","C"
"4","Trait5","mrMLM","NsiI.TP350980","9","3390077","1.0911e-05","0.0024","A"
"4","Trait5","mrMLM","NsiI.TP224100","9","3423752","2.0294e-06","4e-04","A"
"4","Trait5","mrMLM","NsiI.TP224099","9","3423764","1.1995e-05","0.0026","G"
"4","Trait5","mrMLM","PstI.TP183781","9","3473483","-0.0431","0.5481","C"
"4","Trait5","mrMLM","NsiI.TP266616","9","3490506","1.0191e-06","2e-04","A"
"4","Trait5","mrMLM","PstI.TP647115","9","3490723","0.0427","0.3672","A"
"4","Trait5","mrMLM","PstI.TP1044719","9","3508289","-0.2314","1.0507","A"
"4","Trait5","mrMLM","NsiI.TP282949","9","3514826","-1.4438e-05","0.0032","C"
"4","Trait5","mrMLM","PstI.TP882078","9","3541070","2.517e-05","0.0055","A"
"4","Trait5","mrMLM","NsiI.TP12009","9","3549965","3.079e-06","7e-04","A"
"4","Trait5","mrMLM","NsiI.TP228708","9","3571182","-3.8147e-05","0.0084","G"
"4","Trait5","mrMLM","NsiI.TP593377","9","3592144","0.1416","1.2091","A"
"4","Trait5","mrMLM","PstI.TP227114","9","3606281","2.6342e-05","0.0058","A"
"4","Trait5","mrMLM","PstI.TP1072337","9","3619179","2.6739e-06","6e-04","A"
"4","Trait5","mrMLM","PstI.TP256718","9","3619750","1.2357e-05","0.0027","A"
"4","Trait5","mrMLM","NsiI.TP65376","9","3620487","-1.8154e-06","4e-04","A"
"4","Trait5","mrMLM","PstI.TP320459","9","3620967","-7.3047e-06","0.0016","C"
"4","Trait5","mrMLM","PstI.TP224586","9","3713116","5.0528e-06","0.0011","A"
"4","Trait5","mrMLM","PstI.TP29067","9","3713177","0.0767","0.8131","G"
"4","Trait5","mrMLM","PstI.TP797425","9","3765647","-2.4514e-05","0.0054","C"
"4","Trait5","mrMLM","PstI.TP324509","9","3767476","-4.7779e-06","0.001","C"
"4","Trait5","mrMLM","PstI.TP444737","9","3780798","2.2104e-05","0.0048","C"
"4","Trait5","mrMLM","NsiI.TP653645","9","3806620","0.2128","1.8101","C"
"4","Trait5","mrMLM","NsiI.TP662115","9","3816187","5.2683e-06","0.0011","C"
"4","Trait5","mrMLM","PstI.TP752361","9","3829005","-0.1879","1.0871","A"
"4","Trait5","mrMLM","PstI.TP799988","9","3884844","6.4821e-06","0.0014","C"
"4","Trait5","mrMLM","PstI.TP742405","9","3885435","2.5456e-05","0.0056","A"
"4","Trait5","mrMLM","NsiI.TP302715","9","3923583","-0.0606","0.4788","A"
"4","Trait5","mrMLM","NsiI.TP694043","9","3946549","-0.0625","0.6931","A"
"4","Trait5","mrMLM","NsiI.TP497959","9","3959044","0.0254","0.2885","A"
"4","Trait5","mrMLM","NsiI.TP122648","9","3961903","0.0047","0.1056","C"
"4","Trait5","mrMLM","PstI.TP41403","9","4058520","0.2485","1.0441","C"
"4","Trait5","mrMLM","PstI.TP128126","9","4072720","-5.796e-06","0.0013","A"
"4","Trait5","mrMLM","NsiI.TP759778","9","4087435","-2.1249e-05","0.0046","C"
"4","Trait5","mrMLM","NsiI.TP705857","9","4088264","-0.2207","0.9652","A"
"4","Trait5","mrMLM","NsiI.TP450118","9","4094047","3.537e-06","8e-04","A"
"4","Trait5","mrMLM","NsiI.TP826143","9","4096521","1.2688e-06","3e-04","G"
"4","Trait5","mrMLM","PstI.TP545376","9","4103280","1.1882e-05","0.0026","C"
"4","Trait5","mrMLM","PstI.TP905096","9","4104506","-0.0189","0.2421","A"
"4","Trait5","mrMLM","PstI.TP1060525","9","4128439","-2.0741e-05","0.0045","G"
"4","Trait5","mrMLM","NsiI.TP444393","9","4172907","0.08","1.1419","C"
"4","Trait5","mrMLM","PstI.TP439847","9","4241689","-5.5912e-06","0.0012","C"
"4","Trait5","mrMLM","PstI.TP1194081","9","4306668","-1.8921e-05","0.0041","C"
"4","Trait5","mrMLM","PstI.TP256431","9","4309732","2.3229e-05","0.0051","A"
"4","Trait5","mrMLM","PstI.TP177089","9","4313013","1.2931e-05","0.0028","C"
"4","Trait5","mrMLM","PstI.TP49785","9","4315931","1.1897e-05","0.0026","C"
"4","Trait5","mrMLM","PstI.TP696150","9","4319353","-6.5489e-06","0.0014","A"
"4","Trait5","mrMLM","PstI.TP1135752","9","4356430","-2.148e-05","0.0047","A"
"4","Trait5","mrMLM","NsiI.TP697295","9","4358529","1.1689e-05","0.0026","A"
"4","Trait5","mrMLM","PstI.TP114105","9","4369305","-2.3834e-05","0.0052","A"
"4","Trait5","mrMLM","PstI.TP738611","9","4388277","-1.0379e-05","0.0023","C"
"4","Trait5","mrMLM","NsiI.TP503955","9","4436931","-0.0634","0.3075","G"
"4","Trait5","mrMLM","NsiI.TP739070","9","4438373","-2.097e-05","0.0046","A"
"4","Trait5","mrMLM","PstI.TP682608","9","4453195","2.4539e-06","5e-04","A"
"4","Trait5","mrMLM","PstI.TP237224","9","4555349","0.1676","0.6346","A"
"4","Trait5","mrMLM","PstI.TP1244293","9","4559347","-1.6008e-05","0.0035","A"
"4","Trait5","mrMLM","NsiI.TP127048","9","4573547","-1.0946e-05","0.0024","C"
"4","Trait5","mrMLM","GFSSContig17529_775","9","4574299","0.0468","0.4936","T"
"4","Trait5","mrMLM","PstI.TP310516","9","4647665","0.0023","0.0732","C"
"4","Trait5","mrMLM","NsiI.TP160573","9","4892069","1.4018e-05","0.0031","A"
"4","Trait5","mrMLM","PstI.TP282989","9","4902407","-1.8069e-05","0.004","G"
"4","Trait5","mrMLM","NsiI.TP439610","9","5000093","-0.0011","0.0364","A"
"4","Trait5","mrMLM","PstI.TP1012615","9","5002012","4.3704e-06","0.001","C"
"4","Trait5","mrMLM","PstI.TP748876","9","5028186","-0.1564","0.9161","A"
"4","Trait5","mrMLM","NsiI.TP250072","9","5056498","-0.0023","0.0627","G"
"4","Trait5","mrMLM","NsiI.TP786568","9","5067200","-7.0622e-06","0.0015","C"
"4","Trait5","mrMLM","PstI.TP49078","9","5271102","0.0649","0.4418","C"
"4","Trait5","mrMLM","PstI.TP803901","9","5321633","3.7193e-06","8e-04","G"
"4","Trait5","mrMLM","NsiI.TP249634","9","5342948","0.1277","1.6365","A"
"4","Trait5","mrMLM","NsiI.TP421186","9","5411634","-1.3096e-06","3e-04","C"
"4","Trait5","mrMLM","PstI.TP145860","9","5433952","2.9434e-05","0.0065","A"
"4","Trait5","mrMLM","NsiI.TP520157","9","5438777","-1.4354e-05","0.0031","A"
"4","Trait5","mrMLM","PstI.TP262989","9","5460616","-1.713e-05","0.0037","C"
"4","Trait5","mrMLM","NsiI.TP629417","9","5487685","-9.1926e-06","0.002","A"
"4","Trait5","mrMLM","PstI.TP30528","9","5498766","-0.2087","0.6347","A"
"4","Trait5","mrMLM","PstI.TP23273","9","5498815","-3.2825e-05","0.0072","C"
"4","Trait5","mrMLM","NsiI.TP834365","9","5524875","-0.0266","0.2791","A"
"4","Trait5","mrMLM","NsiI.TP179235","9","5534350","7.6773e-06","0.0017","A"
"4","Trait5","mrMLM","PstI.TP1128508","9","5550157","-3.1559e-06","7e-04","G"
"4","Trait5","mrMLM","PstI.TP909599","9","5551615","-1.5024e-05","0.0033","A"
"4","Trait5","mrMLM","PstI.TP307692","9","5552283","-0.0327","0.239","A"
"4","Trait5","mrMLM","PstI.TP971650","9","5562614","1.8495e-06","4e-04","C"
"4","Trait5","mrMLM","NsiI.TP236846","9","5564156","-6.2681e-06","0.0014","C"
"4","Trait5","mrMLM","NsiI.TP121128","9","5575706","-1.9819e-05","0.0043","G"
"4","Trait5","mrMLM","NsiI.TP201146","9","5579803","9.1292e-06","0.002","A"
"4","Trait5","mrMLM","PstI.TP253902","9","5579947","9.2922e-07","2e-04","G"
"4","Trait5","mrMLM","NsiI.TP636278","9","5624719","-5.1788e-06","0.0011","A"
"4","Trait5","mrMLM","NsiI.TP117971","9","5624767","3.1385e-05","0.0069","A"
"4","Trait5","mrMLM","NsiI.TP225189","9","5645696","5.0451e-05","0.0111","A"
"4","Trait5","mrMLM","NsiI.TP353800","9","5721693","-0.3408","1.7935","C"
"4","Trait5","mrMLM","NsiI.TP596715","9","5732661","-1.7194e-05","0.0038","A"
"4","Trait5","mrMLM","PstI.TP256769","9","5734712","-0.0696","0.7841","A"
"4","Trait5","mrMLM","NsiI.TP425330","9","5781127","0.099","0.4975","A"
"4","Trait5","mrMLM","PstI.TP901549","9","5858688","2.5503e-05","0.0056","C"
"4","Trait5","mrMLM","GFSSContig15761_607","9","5864453","0.0037","0.08","T"
"4","Trait5","mrMLM","NsiI.TP664594","9","5872862","4.0637e-06","9e-04","C"
"4","Trait5","mrMLM","PstI.TP185225","9","5936124","8.5017e-06","0.0019","C"
"4","Trait5","mrMLM","NsiI.TP257799","9","5974560","-1.4643e-05","0.0032","A"
"4","Trait5","mrMLM","PstI.TP1266158","9","6052809","2.3723e-05","0.0052","C"
"4","Trait5","mrMLM","NsiI.TP383484","9","6111601","5.2849e-06","0.0012","C"
"4","Trait5","mrMLM","PstI.TP319528","9","6127592","-1.1359e-05","0.0025","A"
"4","Trait5","mrMLM","PstI.TP448143","9","6230587","2.4331e-05","0.0053","C"
"4","Trait5","mrMLM","PstI.TP440080","9","6234995","0.0177","0.2168","G"
"4","Trait5","mrMLM","PstI.TP1131098","9","6268055","-0.1546","0.7977","A"
"4","Trait5","mrMLM","NsiI.TP813289","9","6306908","0.0423","0.3064","G"
"4","Trait5","mrMLM","PstI.TP863625","9","6337862","1.0118e-05","0.0022","A"
"4","Trait5","mrMLM","PstI.TP190790","9","6340215","-0.0402","0.4959","A"
"4","Trait5","mrMLM","PstI.TP270570","9","6356809","7.0708e-06","0.0015","C"
"4","Trait5","mrMLM","NsiI.TP271841","9","6362931","1.4677e-05","0.0032","C"
"4","Trait5","mrMLM","PstI.TP57586","9","6363323","-4.871e-06","0.0011","C"
"4","Trait5","mrMLM","PstI.TP120247","9","6373532","-1.0582e-05","0.0023","A"
"4","Trait5","mrMLM","PstI.TP125060","9","6374194","0.1847","1.3531","A"
"4","Trait5","mrMLM","PstI.TP747243","9","6400439","1.5216e-05","0.0033","A"
"4","Trait5","mrMLM","PstI.TP689574","9","6407115","0.024","0.1701","C"
"4","Trait5","mrMLM","PstI.TP744116","9","6407222","6.2033e-06","0.0014","G"
"4","Trait5","mrMLM","PstI.TP264532","9","6408123","-4.7513e-05","0.0105","C"
"4","Trait5","mrMLM","PstI.TP304003","9","6409609","0.0543","0.41","A"
"4","Trait5","mrMLM","NsiI.TP200612","9","6434685","1.1078e-05","0.0024","A"
"4","Trait5","mrMLM","GFSSContig12642_472","9","6635495","-2.4218e-05","0.0053","A"
"4","Trait5","mrMLM","PstI.TP1032114","9","6641840","1.3023e-05","0.0028","C"
"4","Trait5","mrMLM","PstI.TP61741","9","6693911","0.0032","0.0625","C"
"4","Trait5","mrMLM","NsiI.TP691913","9","6694469","0.0029","0.0715","C"
"4","Trait5","mrMLM","PstI.TP223371","9","6695165","6.7296e-06","0.0015","A"
"4","Trait5","mrMLM","NsiI.TP346385","9","6735422","-0.0292","0.3427","A"
"4","Trait5","mrMLM","NsiI.TP481480","9","6736402","2.7067e-05","0.0059","C"
"4","Trait5","mrMLM","NsiI.TP532466","9","6736967","-0.0154","0.2357","C"
"4","Trait5","mrMLM","NsiI.TP195691","9","6737035","-9.7562e-06","0.0021","C"
"4","Trait5","mrMLM","PstI.TP142984","9","6749522","2.2352e-05","0.0049","C"
"4","Trait5","mrMLM","PstI.TP601016","9","6752101","0.0396","0.3478","G"
"4","Trait5","mrMLM","NsiI.TP313098","9","6752240","-2.9338e-05","0.0064","A"
"4","Trait5","mrMLM","PstI.TP940701","9","6861549","3.2373e-06","7e-04","A"
"4","Trait5","mrMLM","NsiI.TP470673","9","6888652","-0.059","0.4795","A"
"4","Trait5","mrMLM","NsiI.TP226720","9","6900151","-1.5092e-05","0.0033","A"
"4","Trait5","mrMLM","PstI.TP423175","9","7031252","-1.8094e-05","0.004","A"
"4","Trait5","mrMLM","NsiI.TP107041","9","7074565","-1.3484e-05","0.0029","A"
"4","Trait5","mrMLM","PstI.TP601676","9","7077349","0.0134","0.1422","C"
"4","Trait5","mrMLM","PstI.TP665432","9","7133721","2.0812e-05","0.0046","C"
"4","Trait5","mrMLM","PstI.TP752507","9","7133970","1.8838e-05","0.0041","C"
"4","Trait5","mrMLM","PstI.TP96607","9","7134017","-1.0703e-06","2e-04","C"
"4","Trait5","mrMLM","NsiI.TP616247","9","7224805","0.0349","0.2438","A"
"4","Trait5","mrMLM","NsiI.TP601639","9","7224820","-3.5365e-06","8e-04","C"
"4","Trait5","mrMLM","NsiI.TP423888","9","7279333","-1.4112e-05","0.0031","A"
"4","Trait5","mrMLM","PstI.TP609740","9","7287080","0.1506","2.1499","C"
"4","Trait5","mrMLM","PstI.TP1140435","9","7294217","-0.0301","0.2523","A"
"4","Trait5","mrMLM","NsiI.TP699435","9","7343022","1.2015e-05","0.0026","C"
"4","Trait5","mrMLM","PstI.TP808182","9","7345615","2.4626e-06","5e-04","C"
"4","Trait5","mrMLM","GFSSContig9297_330","9","7346338","-2.5052e-05","0.0055","T"
"4","Trait5","mrMLM","PstI.TP8881","9","7349401","2.5445e-05","0.0056","A"
"4","Trait5","mrMLM","PstI.TP146654","9","7350920","3.337e-05","0.0073","A"
"4","Trait5","mrMLM","PstI.TP523908","9","7350962","-3.3989e-05","0.0075","C"
"4","Trait5","mrMLM","PstI.TP1200570","9","7452354","-5.3648e-07","1e-04","G"
"4","Trait5","mrMLM","PstI.TP25440","9","7484632","6.0911e-06","0.0013","A"
"4","Trait5","mrMLM","PstI.TP876655","9","7539080","-0.0017","0.0386","C"
"4","Trait5","mrMLM","PstI.TP775346","9","7539132","-1.269e-06","3e-04","A"
"4","Trait5","mrMLM","PstI.TP95475","9","7541008","0.2157","1.0699","C"
"4","Trait5","mrMLM","NsiI.TP493666","9","7567930","3.3228e-05","0.0073","C"
"4","Trait5","mrMLM","NsiI.TP739882","9","7572408","-0.1109","0.4574","G"
"4","Trait5","mrMLM","NsiI.TP219890","9","7738944","6.8655e-06","0.0015","C"
"4","Trait5","mrMLM","NsiI.TP813925","9","7828467","0.1238","0.9209","A"
"4","Trait5","mrMLM","NsiI.TP288852","9","8015102","-1.2197e-05","0.0027","C"
"4","Trait5","mrMLM","NsiI.TP323047","9","8031946","8.4045e-06","0.0018","C"
"4","Trait5","mrMLM","PstI.TP861162","9","8035460","-0.1553","0.7077","A"
"4","Trait5","mrMLM","PstI.TP1184713","9","8036705","-3.8867e-05","0.0085","A"
"4","Trait5","mrMLM","PstI.TP674554","9","8037401","-1.7446e-05","0.0038","A"
"4","Trait5","mrMLM","PstI.TP957972","9","8038312","-0.2131","0.9828","A"
"4","Trait5","mrMLM","NsiI.TP484572","9","8065918","-0.0364","0.3433","A"
"4","Trait5","mrMLM","NsiI.TP484573","9","8065960","-1.0506e-05","0.0023","C"
"4","Trait5","mrMLM","NsiI.TP476297","9","8104643","-0.2473","1.1337","A"
"4","Trait5","mrMLM","PstI.TP264705","9","8115854","-0.0345","0.4051","A"
"4","Trait5","mrMLM","PstI.TP311761","9","8115873","0.2312","1.3952","C"
"4","Trait5","mrMLM","PstI.TP1221436","9","8117840","-1.0369e-05","0.0023","C"
"4","Trait5","mrMLM","PstI.TP422786","9","8162946","-0.0396","0.3498","A"
"4","Trait5","mrMLM","PstI.TP772271","9","8171541","-0.1487","0.9774","A"
"4","Trait5","mrMLM","PstI.TP622376","9","8185273","0.0927","0.4151","C"
"4","Trait5","mrMLM","NsiI.TP438944","9","8191469","-0.1462","0.8439","G"
"4","Trait5","mrMLM","NsiI.TP811997","9","8192109","0.159","0.4929","A"
"4","Trait5","mrMLM","PstI.TP130587","9","8286735","-0.0216","0.2501","C"
"4","Trait5","mrMLM","PstI.TP1068351","9","8336557","3.9463e-06","9e-04","C"
"4","Trait5","mrMLM","NsiI.TP227821","9","8359774","-3.3753e-06","7e-04","A"
"4","Trait5","mrMLM","NsiI.TP261002","9","8398398","-0.0701","0.3845","C"
"4","Trait5","mrMLM","PstI.TP1272318","9","8556158","-0.0118","0.1411","C"
"4","Trait5","mrMLM","PstI.TP1263163","9","8556161","-0.0827","0.7874","G"
"4","Trait5","mrMLM","PstI.TP1256911","9","8597891","-0.0354","0.3112","C"
"4","Trait5","mrMLM","NsiI.TP491714","9","8598377","2.1764e-05","0.0048","A"
"4","Trait5","mrMLM","NsiI.TP612030","9","8705752","-0.0179","0.1413","C"
"4","Trait5","mrMLM","PstI.TP121453","9","8810283","2.7549e-06","6e-04","C"
"4","Trait5","mrMLM","PstI.TP989358","9","8810513","0.1136","0.6703","C"
"4","Trait5","mrMLM","PstI.TP67592","9","8822211","2.6955e-05","0.0059","A"
"4","Trait5","mrMLM","PstI.TP368084","9","8882427","1.171e-06","3e-04","C"
"4","Trait5","mrMLM","PstI.TP836794","9","8886043","2.0652e-05","0.0045","A"
"4","Trait5","mrMLM","PstI.TP1009692","9","8887110","-0.1731","1.3683","A"
"4","Trait5","mrMLM","PstI.TP1245006","9","8954777","-2.0813e-05","0.0046","C"
"4","Trait5","mrMLM","PstI.TP796715","9","8954879","-4.8649e-06","0.0011","C"
"4","Trait5","mrMLM","PstI.TP1057124","9","9148132","1.1444e-05","0.0025","C"
"4","Trait5","mrMLM","PstI.TP693497","9","9186057","-2.6592e-05","0.0058","C"
"4","Trait5","mrMLM","NsiI.TP633109","9","9191830","-0.0886","0.6157","G"
"4","Trait5","mrMLM","NsiI.TP332557","9","9218110","9.7058e-06","0.0021","C"
"4","Trait5","mrMLM","NsiI.TP531549","9","9292222","-1.9759e-05","0.0043","C"
"4","Trait5","mrMLM","PstI.TP351258","9","9320430","-1.8511e-05","0.004","C"
"4","Trait5","mrMLM","PstI.TP932567","9","9361407","1.7485e-05","0.0038","C"
"4","Trait5","mrMLM","PstI.TP1026660","9","9363180","-3.2937e-06","7e-04","A"
"4","Trait5","mrMLM","PstI.TP1076388","9","9403021","-9.3727e-06","0.002","A"
"4","Trait5","mrMLM","NsiI.TP433543","9","9611249","-3.2506e-06","7e-04","A"
"4","Trait5","mrMLM","NsiI.TP430999","9","9620980","-5.105e-06","0.0011","C"
"4","Trait5","mrMLM","NsiI.TP4921","9","9641990","-4.6742e-06","0.001","A"
"4","Trait5","mrMLM","PstI.TP1147607","9","9647411","1.5172e-05","0.0033","A"
"4","Trait5","mrMLM","NsiI.TP161456","9","9793365","-2.6275e-05","0.0058","G"
"4","Trait5","mrMLM","PstI.TP1142592","9","9807640","1.9666e-05","0.0043","A"
"4","Trait5","mrMLM","NsiI.TP297433","9","9812470","-6.8761e-07","1e-04","A"
"4","Trait5","mrMLM","NsiI.TP783384","9","9888204","1.498e-06","3e-04","A"
"4","Trait5","mrMLM","NsiI.TP423717","9","9908292","-2.2636e-05","0.005","A"
"4","Trait5","mrMLM","NsiI.TP61019","9","9952836","-3.8119e-06","8e-04","C"
"4","Trait5","mrMLM","PstI.TP22149","9","9967484","-1.7749e-05","0.0039","C"
"4","Trait5","mrMLM","PstI.TP416016","9","9994604","-1.4951e-05","0.0033","C"
"4","Trait5","mrMLM","NsiI.TP814761","9","9994604","-6.4189e-06","0.0014","C"
"4","Trait5","mrMLM","PstI.TP530566","9","9994665","-9.4088e-06","0.0021","A"
"4","Trait5","mrMLM","NsiI.TP416268","9","9997452","-1.8065e-05","0.0039","A"
"4","Trait5","mrMLM","NsiI.TP292806","9","10113735","-0.0253","0.1675","A"
"4","Trait5","mrMLM","NsiI.TP354716","9","10258988","2.1997e-05","0.0048","A"
"4","Trait5","mrMLM","PstI.TP1042909","9","10342620","-2.3742e-05","0.0052","C"
"4","Trait5","mrMLM","NsiI.TP493599","9","10366980","-1.1442e-05","0.0025","A"
"4","Trait5","mrMLM","NsiI.TP491932","9","10453757","0.0204","0.3259","A"
"4","Trait5","mrMLM","NsiI.TP434349","9","10458989","-0.4633","2.0868","C"
"4","Trait5","mrMLM","NsiI.TP576061","9","10459096","-1.3683e-05","0.003","C"
"4","Trait5","mrMLM","NsiI.TP494856","9","10541760","2.231e-05","0.0049","A"
"4","Trait5","mrMLM","NsiI.TP494858","9","10541784","-1.5877e-05","0.0035","A"
"4","Trait5","mrMLM","PstI.TP1232653","9","10591858","0.0178","0.1757","G"
"4","Trait5","mrMLM","PstI.TP997632","9","10600783","-7.1862e-06","0.0016","A"
"4","Trait5","mrMLM","PstI.TP1185975","9","10602785","3.666e-05","0.0081","A"
"4","Trait5","mrMLM","NsiI.TP323332","9","10640100","2.5531e-05","0.0056","A"
"4","Trait5","mrMLM","PstI.TP276102","9","10664729","0.1292","0.5628","A"
"4","Trait5","mrMLM","NsiI.TP673205","9","10729713","5.5947e-06","0.0012","A"
"4","Trait5","mrMLM","PstI.TP451587","9","10744155","1.3749e-05","0.003","A"
"4","Trait5","mrMLM","NsiI.TP799836","9","10853985","-3.1411e-05","0.0069","A"
"4","Trait5","mrMLM","PstI.TP984285","9","11318249","1.3873e-05","0.003","C"
"4","Trait5","mrMLM","NsiI.TP442106","9","11643086","-9.169e-06","0.002","C"
"4","Trait5","mrMLM","PstI.TP640186","9","11674414","-9.386e-07","2e-04","G"
"4","Trait5","mrMLM","NsiI.TP148435","9","11676485","-2e-04","0.0174","A"
"4","Trait5","mrMLM","PstI.TP1211835","9","11677192","-0.0882","0.8834","G"
"4","Trait5","mrMLM","PstI.TP662999","9","11921750","2.9393e-06","6e-04","C"
"4","Trait5","mrMLM","NsiI.TP367879","9","11922751","3.6101e-05","0.0079","A"
"4","Trait5","mrMLM","NsiI.TP818836","9","12575402","2.1952e-05","0.0048","C"
"4","Trait5","mrMLM","PstI.TP1245112","9","12576025","-0.0694","0.6533","A"
"4","Trait5","mrMLM","NsiI.TP375907","9","12578098","5.1603e-06","0.0011","G"
"4","Trait5","mrMLM","NsiI.TP414858","9","12589668","0.093","0.9623","A"
"4","Trait5","mrMLM","NsiI.TP395093","9","12589694","6.7608e-06","0.0015","A"
"4","Trait5","mrMLM","PstI.TP447781","9","12669967","-6.9464e-06","0.0015","C"
"4","Trait5","mrMLM","PstI.TP1057397","9","12729675","0.1352","1.534","G"
"4","Trait5","mrMLM","GFSSContig8210_372","9","12791799","-0.0139","0.2135","T"
"4","Trait5","mrMLM","PstI.TP533660","9","13375469","-0.0663","0.6886","C"
"4","Trait5","mrMLM","PstI.TP1007011","9","13376975","0.033","0.4387","A"
"4","Trait5","mrMLM","NsiI.TP683931","9","13395763","-0.0831","0.9836","C"
"4","Trait5","mrMLM","NsiI.TP499674","9","13711065","2.2365e-05","0.0049","A"
"4","Trait5","mrMLM","PstI.TP912734","9","13711537","2.4586e-06","5e-04","A"
"4","Trait5","mrMLM","PstI.TP1266699","9","13714262","0.136","0.7552","C"
"4","Trait5","mrMLM","NsiI.TP163169","9","13714382","-3.7934e-06","8e-04","A"
"4","Trait5","mrMLM","NsiI.TP497406","9","13714860","-0.228","2.1332","A"
"4","Trait5","mrMLM","NsiI.TP354190","9","13837403","0.1957","1.2159","A"
"4","Trait5","mrMLM","NsiI.TP126933","9","14133245","-7.899e-06","0.0017","G"
"4","Trait5","mrMLM","PstI.TP207634","9","14193340","-2.171e-05","0.0048","A"
"4","Trait5","mrMLM","NsiI.TP285540","9","14193674","-2.0535e-05","0.0045","C"
"4","Trait5","mrMLM","NsiI.TP637506","9","14292724","0.1743","0.8914","G"
"4","Trait5","mrMLM","PstI.TP68258","9","14385841","1.34e-07","2.9162e-05","C"
"4","Trait5","mrMLM","NsiI.TP575804","9","14461835","-1.5576e-06","3e-04","A"
"4","Trait5","mrMLM","PstI.TP817629","9","14509114","0.1084","0.4171","A"
"4","Trait5","mrMLM","PstI.TP873907","9","14568689","2.3514e-06","5e-04","C"
"4","Trait5","mrMLM","PstI.TP1156689","9","14570213","-0.1563","1.3907","G"
"4","Trait5","mrMLM","PstI.TP365199","9","14572462","-7.9929e-06","0.0017","A"
"4","Trait5","mrMLM","PstI.TP1182033","9","14585751","-1.1203e-05","0.0024","A"
"4","Trait5","mrMLM","PstI.TP1160032","9","14600158","0.0447","0.3685","C"
"4","Trait5","mrMLM","PstI.TP1230786","9","14648171","5.0718e-07","1e-04","A"
"4","Trait5","mrMLM","NsiI.TP36285","9","14687254","-0.0584","0.4909","C"
"4","Trait5","mrMLM","NsiI.TP10088","9","14687436","2.623e-05","0.0057","A"
"4","Trait5","mrMLM","NsiI.TP441297","9","14687852","2.3505e-05","0.0051","C"
"4","Trait5","mrMLM","PstI.TP635651","9","14689398","-1.2776e-05","0.0028","C"
"4","Trait5","mrMLM","PstI.TP1035449","9","14829073","-7.6612e-06","0.0017","A"
"4","Trait5","mrMLM","PstI.TP1282314","9","15059279","-0.0529","0.6359","A"
"4","Trait5","mrMLM","PstI.TP301248","9","15075647","1.1088e-05","0.0024","C"
"4","Trait5","mrMLM","NsiI.TP73870","9","15075647","-3.4408e-05","0.0076","C"
"4","Trait5","mrMLM","PstI.TP866736","9","15103421","-2.8537e-06","6e-04","A"
"4","Trait5","mrMLM","PstI.TP1206919","9","15107149","2.8848e-05","0.0063","A"
"4","Trait5","mrMLM","NsiI.TP176150","9","15265266","-1.7881e-05","0.0039","C"
"4","Trait5","mrMLM","PstI.TP1216208","9","15330729","-4.708e-07","1e-04","A"
"4","Trait5","mrMLM","PstI.TP644111","9","15378257","1.49e-05","0.0033","A"
"4","Trait5","mrMLM","NsiI.TP440421","9","15394068","5e-04","0.0335","C"
"4","Trait5","mrMLM","NsiI.TP601791","9","16650050","1.3126e-05","0.0029","C"
"4","Trait5","mrMLM","PstI.TP1112712","9","16971697","-0.0591","0.3893","C"
"4","Trait5","mrMLM","NsiI.TP249724","9","17437220","1.2446e-05","0.0027","A"
"4","Trait5","mrMLM","PstI.TP552875","9","18428383","-1.6804e-05","0.0037","A"
"4","Trait5","mrMLM","NsiI.TP118239","9","18428819","2.2422e-05","0.0049","C"
"4","Trait5","mrMLM","NsiI.TP19223","9","18882168","-9.1881e-06","0.002","C"
"4","Trait5","mrMLM","PstI.TP679306","9","19457038","1.109e-05","0.0024","C"
"4","Trait5","mrMLM","PstI.TP200576","9","20067239","-2.8361e-05","0.0062","A"
"4","Trait5","mrMLM","PstI.TP939350","9","20082917","-1.8733e-05","0.0041","C"
"4","Trait5","mrMLM","NsiI.TP571656","9","20083093","-1.3854e-05","0.003","A"
"4","Trait5","mrMLM","PstI.TP813066","9","20880481","7.144e-06","0.0016","A"
"4","Trait5","mrMLM","PstI.TP19510","9","22875990","0.1686","1.1479","A"
"4","Trait5","mrMLM","NsiI.TP115599","9","22877672","-1.1979e-05","0.0026","G"
"4","Trait5","mrMLM","NsiI.TP241125","9","23004182","4.8677e-06","0.0011","A"
"4","Trait5","mrMLM","NsiI.TP378130","9","23414746","-0.0734","0.4124","C"
"4","Trait5","mrMLM","PstI.TP1218708","9","25625413","0.2552","1.2551","A"
"4","Trait5","mrMLM","PstI.TP637271","9","25840398","1.5655e-05","0.0034","C"
"4","Trait5","mrMLM","GFk40ctg144164_473","9","26595413","-9.9571e-06","0.0022","T"
"4","Trait5","mrMLM","PstI.TP957775","9","27506778","-1.5062e-05","0.0033","C"
"4","Trait5","mrMLM","PstI.TP68785","9","30736272","-1.3016e-05","0.0028","C"
"4","Trait5","mrMLM","NsiI.TP811743","9","32806387","-1.7864e-05","0.0039","A"
"4","Trait5","mrMLM","PstI.TP417225","9","33578196","1.5277e-05","0.0033","C"
"4","Trait5","mrMLM","NsiI.TP784627","9","34120871","0.1431","0.9648","A"
"4","Trait5","mrMLM","NsiI.TP719487","9","35071230","1.3276e-05","0.0029","A"
"4","Trait5","mrMLM","NsiI.TP702464","9","35794474","2.2916e-05","0.005","C"
"4","Trait5","mrMLM","PstI.TP76645","9","36846569","2.3798e-05","0.0052","C"
"4","Trait5","mrMLM","PstI.TP1058071","9","36867773","0.0383","0.3552","A"
"4","Trait5","mrMLM","NsiI.TP594691","9","37217461","-0.209","1.2233","A"
"4","Trait5","mrMLM","NsiI.TP147881","9","37353755","-4.5652e-06","0.001","C"
"4","Trait5","mrMLM","NsiI.TP97466","9","37982249","-3.9997e-05","0.0088","A"
"4","Trait5","mrMLM","NsiI.TP502194","9","38258741","-0.0335","0.417","A"
"4","Trait5","mrMLM","PstI.TP901974","9","38264015","-3.4495e-05","0.0076","A"
"4","Trait5","mrMLM","PstI.TP834767","9","38274989","-1.3907e-05","0.003","A"
"4","Trait5","mrMLM","PstI.TP532345","9","38275195","-0.1634","0.9518","A"
"4","Trait5","mrMLM","PstI.TP522980","9","38365528","-6.2202e-06","0.0014","C"
"4","Trait5","mrMLM","PstI.TP352986","9","38365548","1.8731e-05","0.0041","G"
"4","Trait5","mrMLM","NsiI.TP549426","9","38861272","2.6748e-05","0.0059","A"
"4","Trait5","mrMLM","PstI.TP68770","9","38861291","0.0274","0.282","A"
"4","Trait5","mrMLM","NsiI.TP602532","9","39020064","-1.1024e-05","0.0024","A"
"4","Trait5","mrMLM","PstI.TP140367","9","39139457","2.7371e-05","0.006","A"
"4","Trait5","mrMLM","PstI.TP700698","9","39264332","5.4172e-06","0.0012","A"
"4","Trait5","mrMLM","PstI.TP691953","9","39371814","0.0756","0.5301","A"
"4","Trait5","mrMLM","PstI.TP938963","9","39755480","-0.0422","0.5615","C"
"4","Trait5","mrMLM","NsiI.TP805839","9","39777832","6.9499e-06","0.0015","G"
"4","Trait5","mrMLM","PstI.TP1039836","9","39785322","-8.5431e-06","0.0019","A"
"4","Trait5","mrMLM","NsiI.TP627393","9","40046797","-0.0755","0.5948","A"
"4","Trait5","mrMLM","PstI.TP1026031","9","40051025","3.135e-06","7e-04","C"
"4","Trait5","mrMLM","NsiI.TP64202","9","40060320","-2.5553e-06","6e-04","A"
"4","Trait5","mrMLM","PstI.TP917569","9","40688795","-9.4583e-06","0.0021","A"
"4","Trait5","mrMLM","NsiI.TP286805","9","40752680","-6.2344e-06","0.0014","C"
"4","Trait5","mrMLM","PstI.TP145796","9","40783563","1.3174e-05","0.0029","A"
"4","Trait5","mrMLM","NsiI.TP708247","9","40798721","0.0331","0.2918","C"
"4","Trait5","mrMLM","NsiI.TP753743","9","41089177","4.3413e-06","9e-04","A"
"4","Trait5","mrMLM","PstI.TP1235826","9","41258170","-5.1745e-07","1e-04","A"
"4","Trait5","mrMLM","NsiI.TP102287","9","41271971","6.4351e-06","0.0014","C"
"4","Trait5","mrMLM","PstI.TP669303","9","41278273","0.1293","0.5049","G"
"4","Trait5","mrMLM","PstI.TP606936","9","41549576","-0.1331","0.5723","A"
"4","Trait5","mrMLM","PstI.TP953364","9","41929468","6.4539e-06","0.0014","A"
"4","Trait5","mrMLM","NsiI.TP123108","9","41930293","8.8431e-06","0.0019","C"
"4","Trait5","mrMLM","PstI.TP787829","9","41932983","1.0821e-05","0.0024","A"
"4","Trait5","mrMLM","PstI.TP637680","9","42252247","-0.0089","0.1545","A"
"4","Trait5","mrMLM","NsiI.TP207507","9","42261341","-1.3947e-05","0.003","A"
"4","Trait5","mrMLM","PstI.TP1059831","9","42337221","-0.051","0.4112","G"
"4","Trait5","mrMLM","PstI.TP1054397","9","42375267","-2.6068e-05","0.0057","C"
"4","Trait5","mrMLM","NsiI.TP296014","9","42399220","3.8575e-05","0.0085","G"
"4","Trait5","mrMLM","NsiI.TP532742","9","42788761","-2.3931e-05","0.0052","A"
"4","Trait5","mrMLM","NsiI.TP454960","9","42841922","2.146e-06","5e-04","A"
"4","Trait5","mrMLM","NsiI.TP315814","9","42849540","0.0452","0.237","A"
"4","Trait5","mrMLM","PstI.TP294179","9","42894413","-1.276e-05","0.0028","C"
"4","Trait5","mrMLM","NsiI.TP123420","9","42929644","-1.8587e-05","0.0041","A"
"4","Trait5","mrMLM","NsiI.TP616450","9","42951318","-0.0092","0.0982","C"
"4","Trait5","mrMLM","PstI.TP343925","9","42951872","-5.8779e-07","1e-04","C"
"4","Trait5","mrMLM","PstI.TP578998","9","42996080","1.1257e-05","0.0025","C"
"4","Trait5","mrMLM","PstI.TP1286575","9","42996723","-6.3285e-06","0.0014","A"
"4","Trait5","mrMLM","PstI.TP30964","9","43000407","-1.0151e-06","2e-04","C"
"4","Trait5","mrMLM","NsiI.TP751278","9","43020633","-0.089","0.4875","A"
"4","Trait5","mrMLM","PstI.TP180218","9","43290884","4.6563e-06","0.001","C"
"4","Trait5","mrMLM","PstI.TP1203017","9","43360526","1.6755e-05","0.0037","C"
"4","Trait5","mrMLM","NsiI.TP610913","9","43526425","1.7373e-05","0.0038","C"
"4","Trait5","mrMLM","NsiI.TP371928","9","43542907","-8.356e-06","0.0018","A"
"4","Trait5","mrMLM","PstI.TP469115","9","43546280","-0.0223","0.1808","A"
"4","Trait5","mrMLM","PstI.TP993119","9","43764890","2.4171e-05","0.0053","A"
"4","Trait5","mrMLM","NsiI.TP168159","9","44052122","-0.0779","0.4895","C"
"4","Trait5","mrMLM","NsiI.TP701609","9","44167653","-0.0978","1.0806","G"
"4","Trait5","mrMLM","PstI.TP1252358","9","44187954","-2.5326e-06","6e-04","A"
"4","Trait5","mrMLM","PstI.TP1166043","9","44191069","-1.118e-05","0.0024","A"
"4","Trait5","mrMLM","NsiI.TP408712","9","44202740","-1.8694e-05","0.0041","C"
"4","Trait5","mrMLM","NsiI.TP449040","9","44409088","5.778e-06","0.0013","C"
"4","Trait5","mrMLM","PstI.TP845297","9","44426344","-7.9172e-06","0.0017","C"
"4","Trait5","mrMLM","PstI.TP1207841","9","44561661","2.3862e-06","5e-04","C"
"4","Trait5","mrMLM","PstI.TP957163","9","44644697","0.062","0.4799","A"
"4","Trait5","mrMLM","PstI.TP466257","9","44644886","-3.7932e-05","0.0083","A"
"4","Trait5","mrMLM","PstI.TP876546","9","44646384","-1.2679e-05","0.0028","A"
"4","Trait5","mrMLM","PstI.TP833440","9","44785613","-3.8077e-05","0.0084","G"
"4","Trait5","mrMLM","NsiI.TP208719","9","44786084","-2.9896e-05","0.0066","C"
"4","Trait5","mrMLM","NsiI.TP129565","9","44786093","0.1401","1.6562","A"
"4","Trait5","mrMLM","NsiI.TP347216","9","44790414","-2.9206e-05","0.0064","A"
"4","Trait5","mrMLM","PstI.TP305311","9","44819890","2.0994e-07","4.5697e-05","C"
"4","Trait5","mrMLM","PstI.TP40733","9","44975573","1.7087e-06","4e-04","A"
"4","Trait5","mrMLM","PstI.TP52028","9","44975610","6.0217e-06","0.0013","G"
"4","Trait5","mrMLM","NsiI.TP468330","9","45257052","1.8603e-05","0.0041","C"
"4","Trait5","mrMLM","NsiI.TP469903","9","45311713","-0.0801","0.4692","A"
"4","Trait5","mrMLM","PstI.TP197436","9","45312455","-5.1935e-06","0.0011","A"
"4","Trait5","mrMLM","PstI.TP350243","9","45321870","0.0176","0.2188","C"
"4","Trait5","mrMLM","NsiI.TP499976","9","45326088","1.6345e-05","0.0036","C"
"4","Trait5","mrMLM","NsiI.TP139051","9","45354277","0.0093","0.1661","A"
"4","Trait5","mrMLM","NsiI.TP675190","9","45430030","5.2955e-06","0.0012","C"
"4","Trait5","mrMLM","PstI.TP785457","9","45493185","-4.508e-05","0.0099","C"
"4","Trait5","mrMLM","PstI.TP745179","9","45518452","-1.2476e-05","0.0027","A"
"4","Trait5","mrMLM","PstI.TP1134573","9","45626034","1.1412e-05","0.0025","C"
"4","Trait5","mrMLM","NsiI.TP691930","9","45766037","-0.0572","0.3913","A"
"4","Trait5","mrMLM","PstI.TP481697","9","45849856","-2.9167e-06","6e-04","G"
"4","Trait5","mrMLM","PstI.TP916762","9","45861595","0.1061","0.5841","A"
"4","Trait5","mrMLM","NsiI.TP504572","9","45861749","-1.336e-05","0.0029","C"
"4","Trait5","mrMLM","PstI.TP1234082","9","45899524","-9.5554e-06","0.0021","C"
"4","Trait5","mrMLM","NsiI.TP452761","9","45915539","-5.3277e-06","0.0012","C"
"4","Trait5","mrMLM","PstI.TP383705","9","46040507","-0.0053","0.0798","A"
"4","Trait5","mrMLM","PstI.TP1073524","9","46091564","-3.7567e-06","8e-04","A"
"4","Trait5","mrMLM","PstI.TP154137","9","46091568","-3.1474e-06","7e-04","A"
"4","Trait5","mrMLM","PstI.TP70600","9","46098921","-0.0718","0.7069","A"
"4","Trait5","mrMLM","PstI.TP852713","9","46143054","-2.6573e-05","0.0058","C"
"4","Trait5","mrMLM","PstI.TP866778","9","46230348","-0.0052","0.102","A"
"4","Trait5","mrMLM","PstI.TP975495","9","46275702","0.1998","1.0754","A"
"4","Trait5","mrMLM","NsiI.TP408204","9","46327607","7.7615e-06","0.0017","C"
"4","Trait5","mrMLM","PstI.TP508473","9","46328541","-0.0456","0.3784","C"
"4","Trait5","mrMLM","PstI.TP33741","9","46341723","4.2367e-06","9e-04","A"
"4","Trait5","mrMLM","PstI.TP434991","9","46360203","-1.2145e-06","3e-04","G"
"4","Trait5","mrMLM","NsiI.TP619567","9","46467310","-2.1529e-06","5e-04","A"
"4","Trait5","mrMLM","NsiI.TP539541","9","46496438","0.0143","0.1255","C"
"4","Trait5","mrMLM","PstI.TP1146048","9","46647057","-3.7375e-05","0.0082","C"
"4","Trait5","mrMLM","NsiI.TP681624","9","46649323","1.3425e-05","0.0029","A"
"4","Trait5","mrMLM","PstI.TP545574","9","46822842","-5.8204e-06","0.0013","C"
"4","Trait5","mrMLM","PstI.TP693783","9","46824280","-1.0652e-06","2e-04","C"
"4","Trait5","mrMLM","PstI.TP261479","9","46853698","-0.0119","0.1702","A"
"4","Trait5","mrMLM","NsiI.TP545476","9","46957798","0.1129","0.421","C"
"4","Trait5","mrMLM","PstI.TP608480","9","46997895","-2.4449e-06","5e-04","A"
"4","Trait5","mrMLM","PstI.TP362402","9","46997904","-0.0296","0.218","A"
"4","Trait5","mrMLM","PstI.TP871734","9","47005479","1.7723e-05","0.0039","G"
"4","Trait5","mrMLM","PstI.TP1286119","9","47045067","3.1164e-06","7e-04","C"
"4","Trait5","mrMLM","NsiI.TP385334","9","47075550","-1.4772e-07","3.2147e-05","A"
"4","Trait5","mrMLM","NsiI.TP206546","9","47078266","-1.2498e-05","0.0027","C"
"4","Trait5","mrMLM","PstI.TP458205","9","47103166","1.0378e-05","0.0023","C"
"4","Trait5","mrMLM","NsiI.TP568568","9","47105186","8.4355e-06","0.0018","G"
"4","Trait5","mrMLM","NsiI.TP327022","9","47105593","8.9195e-06","0.0019","C"
"4","Trait5","mrMLM","NsiI.TP628231","9","47107660","-8.2459e-06","0.0018","A"
"4","Trait5","mrMLM","NsiI.TP466140","9","47128319","1.0414e-06","2e-04","C"
"4","Trait5","mrMLM","PstI.TP506593","9","47168647","-2.7005e-05","0.0059","A"
"4","Trait5","mrMLM","PstI.TP5394","9","47168921","-5.5247e-06","0.0012","A"
"4","Trait5","mrMLM","PstI.TP380226","9","47171000","-2.3099e-05","0.0051","A"
"4","Trait5","mrMLM","PstI.TP148437","9","47179901","-1.1861e-05","0.0026","A"
"4","Trait5","mrMLM","PstI.TP1050094","9","47249166","0.1816","1.3003","A"
"4","Trait5","mrMLM","PstI.TP1086009","9","47254131","-1.3225e-06","3e-04","C"
"4","Trait5","mrMLM","PstI.TP464875","9","47280176","-0.0993","0.4887","A"
"4","Trait5","mrMLM","PstI.TP300359","9","47338854","-1.2203e-05","0.0027","C"
"4","Trait5","mrMLM","PstI.TP178315","9","47506928","0.1248","0.5839","C"
"4","Trait5","mrMLM","PstI.TP1016227","9","47520282","0.0232","0.1794","A"
"4","Trait5","mrMLM","PstI.TP249109","9","47522889","4.8605e-06","0.0011","C"
"4","Trait5","mrMLM","NsiI.TP44398","9","47577782","3.0766e-06","7e-04","C"
"4","Trait5","mrMLM","PstI.TP98766","9","47604426","-0.0338","0.4048","A"
"4","Trait5","mrMLM","PstI.TP466464","9","47604450","2.046e-05","0.0045","A"
"4","Trait5","mrMLM","PstI.TP201295","9","47612492","-8.6458e-06","0.0019","C"
"4","Trait5","mrMLM","PstI.TP384871","9","47612549","-0.162","0.8727","C"
"4","Trait5","mrMLM","PstI.TP1131895","9","47679355","0.1537","1.4325","A"
"4","Trait5","mrMLM","NsiI.TP214052","9","47684954","1.3683e-05","0.003","C"
"4","Trait5","mrMLM","PstI.TP210621","9","47711703","5.631e-06","0.0012","A"
"4","Trait5","mrMLM","PstI.TP312559","9","47715592","1.0898e-06","2e-04","C"
"4","Trait5","mrMLM","PstI.TP227055","9","47738761","-2.1392e-05","0.0047","A"
"4","Trait5","mrMLM","PstI.TP1094077","9","47740265","0.1406","1.07","A"
"4","Trait5","mrMLM","PstI.TP21102","9","47823531","0.0995","0.3963","A"
"4","Trait5","mrMLM","PstI.TP21092","9","47823547","-1.304e-05","0.0028","C"
"4","Trait5","mrMLM","GFSSContig11849_357","9","47860186","-1.9481e-05","0.0043","A"
"4","Trait5","mrMLM","NsiI.TP509742","9","47862370","-1.449e-05","0.0032","A"
"4","Trait5","mrMLM","NsiI.TP571982","9","47881000","-0.0352","0.3845","A"
"4","Trait5","mrMLM","NsiI.TP155880","9","47896936","7.0934e-06","0.0015","C"
"4","Trait5","mrMLM","NsiI.TP363016","9","47900777","2.0591e-07","4.4812e-05","A"
"4","Trait5","mrMLM","NsiI.TP539658","9","47903190","3.3075e-05","0.0073","A"
"4","Trait5","mrMLM","PstI.TP1286469","9","47904234","-0.0273","0.3782","A"
"4","Trait5","mrMLM","NsiI.TP445258","9","47925296","-3.989e-05","0.0088","A"
"4","Trait5","mrMLM","PstI.TP1155996","9","47941906","2.3458e-05","0.0051","A"
"4","Trait5","mrMLM","NsiI.TP307574","9","47972438","-1.253e-05","0.0027","G"
"4","Trait5","mrMLM","NsiI.TP353816","9","47972452","0.0557","0.4262","A"
"4","Trait5","mrMLM","PstI.TP797211","9","47975853","3.3122e-05","0.0073","C"
"4","Trait5","mrMLM","PstI.TP134958","9","47976468","-3.4878e-06","8e-04","A"
"4","Trait5","mrMLM","NsiI.TP776853","9","47991784","0.1228","0.8708","C"
"4","Trait5","mrMLM","PstI.TP252453","9","48033749","-2.9192e-06","6e-04","C"
"4","Trait5","mrMLM","PstI.TP903764","9","48057413","-1.1131e-05","0.0024","C"
"4","Trait5","mrMLM","NsiI.TP677734","9","48074093","-0.0255","0.2909","C"
"4","Trait5","mrMLM","NsiI.TP595528","9","48088449","-3.0736e-05","0.0067","A"
"4","Trait5","mrMLM","PstI.TP266635","9","48104553","2.5517e-05","0.0056","A"
"4","Trait5","mrMLM","PstI.TP983537","9","48175909","5.5262e-06","0.0012","A"
"4","Trait5","mrMLM","PstI.TP257192","9","48176770","-1.7494e-05","0.0038","A"
"4","Trait5","mrMLM","PstI.TP39343","9","48209168","2.2682e-05","0.005","A"
"4","Trait5","mrMLM","NsiI.TP117785","9","48238458","2.0897e-05","0.0046","C"
"4","Trait5","mrMLM","PstI.TP778881","9","48260943","-4.1189e-06","9e-04","A"
"4","Trait5","mrMLM","PstI.TP662455","9","48286647","6.3485e-06","0.0014","A"
"4","Trait5","mrMLM","NsiI.TP352166","9","48292691","-0.1687","0.9082","A"
"4","Trait5","mrMLM","NsiI.TP19960","9","48309325","4.3478e-06","9e-04","A"
"4","Trait5","mrMLM","PstI.TP1173316","9","48311669","-1.2991e-05","0.0028","C"
"4","Trait5","mrMLM","PstI.TP453846","9","48311706","-0.1904","1.9394","A"
"4","Trait5","mrMLM","PstI.TP393502","9","48311733","-1.224e-06","3e-04","A"
"4","Trait5","mrMLM","PstI.TP1118900","9","48313838","-4.4898e-05","0.0099","C"
"4","Trait5","mrMLM","NsiI.TP578267","9","48379677","2.7779e-06","6e-04","C"
"4","Trait5","mrMLM","NsiI.TP486611","9","48408751","-1.6022e-05","0.0035","A"
"4","Trait5","mrMLM","PstI.TP791118","9","48427888","9.9545e-06","0.0022","G"
"4","Trait5","mrMLM","PstI.TP4455","9","48453113","1.1606e-05","0.0025","A"
"4","Trait5","mrMLM","GFSSContig18320_993","9","48478654","1.0092e-05","0.0022","T"
"4","Trait5","mrMLM","PstI.TP1126664","9","48498325","-1.2172e-05","0.0027","G"
"4","Trait5","mrMLM","PstI.TP1249539","9","48498622","0.0344","0.452","A"
"4","Trait5","mrMLM","GFSSContig8648_564","9","48525805","2.0071e-06","4e-04","A"
"4","Trait5","mrMLM","NsiI.TP362447","9","48537952","4.4017e-06","0.001","A"
"4","Trait5","mrMLM","PstI.TP1154007","9","48549592","6.2423e-07","1e-04","C"
"4","Trait5","mrMLM","PstI.TP1227790","9","48696731","0.3245","1.3594","A"
"4","Trait5","mrMLM","NsiI.TP770402","9","48714255","-0.022","0.2763","A"
"4","Trait5","mrMLM","NsiI.TP128976","9","48726795","3.1079e-06","7e-04","A"
"4","Trait5","mrMLM","PstI.TP1251961","9","48731998","9.8163e-06","0.0021","A"
"4","Trait5","mrMLM","PstI.TP1099478","9","48732312","0.1123","1.2369","A"
"4","Trait5","mrMLM","GFSSContig4481_255","9","48773122","4.572e-07","9.9503e-05","A"
"4","Trait5","mrMLM","PstI.TP1087685","9","48793191","0.0596","0.2538","A"
"4","Trait5","mrMLM","NsiI.TP694982","9","48824969","-9.065e-06","0.002","C"
"4","Trait5","mrMLM","PstI.TP1067903","9","48843269","-3.4592e-05","0.0076","C"
"4","Trait5","mrMLM","PstI.TP1226288","9","48863065","-0.2008","0.9781","A"
"4","Trait5","mrMLM","PstI.TP1192081","9","48933732","5.8721e-06","0.0013","G"
"4","Trait5","mrMLM","PstI.TP1258850","9","48996326","-3.4395e-05","0.0076","A"
"4","Trait5","mrMLM","PstI.TP480819","9","49003112","2.7464e-06","6e-04","A"
"4","Trait5","mrMLM","NsiI.TP47960","9","49040401","-1.4202e-05","0.0031","A"
"4","Trait5","mrMLM","NsiI.TP452199","9","49043508","-4.7056e-06","0.001","A"
"4","Trait5","mrMLM","NsiI.TP682000","9","49047259","-3.7348e-06","8e-04","A"
"4","Trait5","mrMLM","PstI.TP34649","9","49049252","2.0522e-06","4e-04","A"
"4","Trait5","mrMLM","PstI.TP1248879","9","49145841","3.439e-07","7.4854e-05","A"
"4","Trait5","mrMLM","PstI.TP1039539","9","49145938","-0.045","0.5913","A"
"4","Trait5","mrMLM","PstI.TP765460","9","49146041","0.0654","0.6441","A"
"4","Trait5","mrMLM","NsiI.TP778586","9","49180575","-2.6887e-06","6e-04","A"
"4","Trait5","mrMLM","PstI.TP665697","9","49242210","-0.2026","1.2233","A"
"4","Trait5","mrMLM","PstI.TP870602","9","49267255","-3.5889e-06","8e-04","A"
"4","Trait5","mrMLM","PstI.TP226172","9","49337347","0.0468","0.6201","C"
"4","Trait5","mrMLM","PstI.TP1134201","9","49341921","-0.0195","0.1432","C"
"4","Trait5","mrMLM","NsiI.TP146509","9","49399953","-0.17","0.9592","G"
"4","Trait5","mrMLM","NsiI.TP320265","9","49405177","-3.6746e-05","0.0081","C"
"4","Trait5","mrMLM","PstI.TP160468","9","49412675","2.3746e-05","0.0052","C"
"4","Trait5","mrMLM","NsiI.TP645049","9","49424046","-8.6995e-06","0.0019","C"
"4","Trait5","mrMLM","PstI.TP763172","9","49435659","1.0051e-05","0.0022","A"
"4","Trait5","mrMLM","PstI.TP345799","9","49444468","-2.4433e-06","5e-04","C"
"4","Trait5","mrMLM","PstI.TP160981","9","49459667","1.8512e-05","0.004","A"
"4","Trait5","mrMLM","NsiI.TP585493","9","49488954","2.0701e-05","0.0045","C"
"4","Trait5","mrMLM","PstI.TP1123350","9","49499779","-1.5089e-05","0.0033","A"
"4","Trait5","mrMLM","GFSSContig16403_979","9","49499892","-4.253e-05","0.0094","A"
"4","Trait5","mrMLM","GFSSContig9415_98","9","49511963","-2.2813e-05","0.005","A"
"4","Trait5","mrMLM","PstI.TP913466","9","49530064","1.2711e-05","0.0028","C"
"4","Trait5","mrMLM","PstI.TP753847","9","49596781","-8.6584e-07","2e-04","G"
"4","Trait5","mrMLM","NsiI.TP538386","9","49620065","-0.2965","0.8584","C"
"4","Trait5","mrMLM","NsiI.TP784632","9","49628256","0.1135","0.902","C"
"4","Trait5","mrMLM","PstI.TP521591","9","49641986","0.0635","0.916","G"
"4","Trait5","mrMLM","PstI.TP342546","9","49647227","-0.0074","0.1473","G"
"4","Trait5","mrMLM","NsiI.TP311989","9","49682483","1.8887e-05","0.0041","C"
"4","Trait5","mrMLM","PstI.TP633284","9","49691080","-2.7712e-05","0.0061","A"
"4","Trait5","mrMLM","PstI.TP916444","9","49693033","7.7223e-06","0.0017","A"
"4","Trait5","mrMLM","NsiI.TP624201","9","49718231","0.1126","0.7764","A"
"4","Trait5","mrMLM","PstI.TP70629","9","49718801","0.0902","0.9608","A"
"4","Trait5","mrMLM","NsiI.TP35880","9","49718979","2.8061e-05","0.0062","G"
"4","Trait5","mrMLM","NsiI.TP407440","9","49734945","-2.5409e-05","0.0056","A"
"4","Trait5","mrMLM","NsiI.TP596826","9","49741727","-3.3987e-05","0.0075","A"
"4","Trait5","mrMLM","NsiI.TP520504","9","49747057","1.4209e-05","0.0031","A"
"4","Trait5","mrMLM","NsiI.TP653939","9","49789425","-3.0955e-07","6.7375e-05","A"
"4","Trait5","mrMLM","NsiI.TP361194","9","49800959","-2.3162e-05","0.0051","C"
"4","Trait5","mrMLM","PstI.TP862743","9","49806389","0.1638","0.8555","C"
"4","Trait5","mrMLM","PstI.TP329065","9","49852629","-9.2453e-06","0.002","A"
"4","Trait5","mrMLM","PstI.TP1192034","9","49864656","-0.1271","1.0492","A"
"4","Trait5","mrMLM","NsiI.TP313287","9","49875376","0.003","0.0822","C"
"4","Trait5","mrMLM","PstI.TP154414","9","49932803","5.839e-06","0.0013","A"
"4","Trait5","mrMLM","NsiI.TP296932","9","49933625","-0.2382","2.4744","A"
"4","Trait5","mrMLM","NsiI.TP474968","9","49935487","0.1398","0.6043","A"
"4","Trait5","mrMLM","NsiI.TP572650","9","49947849","-0.0858","0.7872","A"
"4","Trait5","mrMLM","NsiI.TP400406","9","49962984","-0.0115","0.189","C"
"4","Trait5","mrMLM","NsiI.TP406100","9","49964804","4.9817e-06","0.0011","C"
"4","Trait5","mrMLM","PstI.TP1154962","9","49965464","-0.2517","1.3257","A"
"4","Trait5","mrMLM","PstI.TP340970","9","49975829","8.6388e-06","0.0019","C"
"4","Trait5","mrMLM","NsiI.TP521965","9","49976024","0.0967","0.6709","C"
"4","Trait5","mrMLM","PstI.TP425366","9","49984710","9.5605e-06","0.0021","A"
"4","Trait5","mrMLM","PstI.TP1155086","9","50004653","0.1825","1.4092","C"
"4","Trait5","mrMLM","PstI.TP778331","9","50006602","-1.2607e-05","0.0028","A"
"4","Trait5","mrMLM","PstI.TP911393","9","50007070","-1.4637e-05","0.0032","G"
"4","Trait5","mrMLM","PstI.TP892130","9","50014851","-0.0103","0.166","A"
"4","Trait5","mrMLM","PstI.TP787129","9","50019163","0.1299","1.8534","A"
"4","Trait5","mrMLM","PstI.TP882507","9","50040367","3.5605e-05","0.0078","C"
"4","Trait5","mrMLM","PstI.TP1012849","9","50040368","2.93e-06","6e-04","C"
"4","Trait5","mrMLM","PstI.TP76217","9","50041027","0.0454","0.3319","A"
"4","Trait5","mrMLM","PstI.TP690902","9","50043034","9.3471e-06","0.002","C"
"4","Trait5","mrMLM","PstI.TP813285","9","50046884","2.6997e-05","0.0048","A"
"4","Trait5","mrMLM","NsiI.TP705085","9","50086479","0.0714","0.5352","A"
"4","Trait5","mrMLM","PstI.TP393957","9","50088097","0.1247","0.582","C"
"4","Trait5","mrMLM","NsiI.TP459037","9","50088687","0.0315","0.456","A"
"4","Trait5","mrMLM","PstI.TP857316","9","50092050","-7e-04","0.0393","A"
"4","Trait5","mrMLM","NsiI.TP441897","9","50092564","1.8101e-05","0.004","A"
"4","Trait5","mrMLM","PstI.TP1180999","9","50103229","0.0936","1.1218","G"
"4","Trait5","mrMLM","PstI.TP713389","9","50123722","1.4878e-05","0.0033","C"
"4","Trait5","mrMLM","GFSSContig18335_922","9","50132778","1.0902e-05","0.0024","T"
"4","Trait5","mrMLM","PstI.TP415346","9","50139927","2.2728e-06","5e-04","A"
"4","Trait5","mrMLM","NsiI.TP611864","9","50140050","-0.1762","0.7871","C"
"4","Trait5","mrMLM","NsiI.TP369013","9","50141112","-0.0036","0.0564","C"
"4","Trait5","mrMLM","NsiI.TP653952","9","50177925","1.3124e-06","3e-04","A"
"4","Trait5","mrMLM","NsiI.TP557688","9","50179164","2.4685e-05","0.0054","C"
"4","Trait5","mrMLM","PstI.TP835388","9","50235152","1.0347e-05","0.0023","A"
"4","Trait5","mrMLM","PstI.TP866959","9","50250813","-0.2746","2.4244","G"
"4","Trait5","mrMLM","PstI.TP1107958","9","50254652","0.1464","0.7842","A"
"4","Trait5","mrMLM","NsiI.TP520601","9","50274216","-8.8997e-06","0.0019","C"
"4","Trait5","mrMLM","NsiI.TP720528","9","50301855","1.0855e-05","0.0024","C"
"4","Trait5","mrMLM","NsiI.TP254399","9","50301983","0.0707","0.447","C"
"4","Trait5","mrMLM","NsiI.TP686705","9","50308346","-1.2673e-05","0.0028","C"
"4","Trait5","mrMLM","PstI.TP977969","9","50324920","-8.7768e-06","0.0019","A"
"4","Trait5","mrMLM","PstI.TP977714","9","50324952","-1.1997e-05","0.0026","A"
"4","Trait5","mrMLM","PstI.TP118716","9","50325026","-0.0327","0.4301","C"
"4","Trait5","mrMLM","NsiI.TP538667","9","50328716","-0.0126","0.112","A"
"4","Trait5","mrMLM","NsiI.TP798461","9","50389049","1.1976e-05","0.0026","A"
"4","Trait5","mrMLM","PstI.TP947095","9","50451925","-1.1251e-05","0.0025","G"
"4","Trait5","mrMLM","PstI.TP36514","9","50484677","-1.2074e-05","0.0026","A"
"4","Trait5","mrMLM","PstI.TP855370","9","50505142","-0.0081","0.1709","A"
"4","Trait5","mrMLM","PstI.TP182896","9","50513017","-0.2215","0.9075","A"
"4","Trait5","mrMLM","PstI.TP751721","9","50513395","0.1132","1.0447","C"
"4","Trait5","mrMLM","PstI.TP393933","9","50520157","1.0946e-05","0.0024","A"
"4","Trait5","mrMLM","PstI.TP192491","9","50524748","-8.8733e-06","0.0019","C"
"4","Trait5","mrMLM","PstI.TP209987","9","50529695","2.0505e-05","0.0045","A"
"4","Trait5","mrMLM","NsiI.TP390517","9","50542783","1.0885e-06","2e-04","C"
"4","Trait5","mrMLM","PstI.TP1116131","9","50580835","-6.8974e-06","0.0015","A"
"4","Trait5","mrMLM","PstI.TP1193672","9","50596012","0.0787","0.5019","C"
"4","Trait5","mrMLM","PstI.TP1193674","9","50596040","0.0073","0.0649","C"
"4","Trait5","mrMLM","PstI.TP1218461","9","50599178","0.4677","1.3581","A"
"4","Trait5","mrMLM","PstI.TP532337","9","50600056","-1.6917e-05","0.0037","C"
"4","Trait5","mrMLM","PstI.TP488613","9","50600406","1.3895e-05","0.003","C"
"4","Trait5","mrMLM","PstI.TP1268722","9","50614856","0.0332","0.4084","C"
"4","Trait5","mrMLM","PstI.TP995394","9","50625938","-0.093","1.2086","G"
"4","Trait5","mrMLM","PstI.TP1172675","9","50663851","3.1124e-05","0.0068","C"
"4","Trait5","mrMLM","NsiI.TP113280","9","50676837","6.5101e-06","0.0014","A"
"4","Trait5","mrMLM","NsiI.TP202381","9","50726429","1.9408e-05","0.0042","G"
"4","Trait5","mrMLM","PstI.TP321854","9","50726896","-1.3505e-05","0.0029","A"
"4","Trait5","mrMLM","NsiI.TP834319","9","50736040","-0.0781","0.9539","C"
"4","Trait5","mrMLM","NsiI.TP423956","9","50742807","-1.5038e-05","0.0033","C"
"4","Trait5","mrMLM","NsiI.TP767285","9","50742838","0.0851","0.7053","A"
"4","Trait5","mrMLM","NsiI.TP75166","9","50752225","-1.6045e-05","0.0035","A"
"4","Trait5","mrMLM","NsiI.TP735068","9","50754621","-0.1101","1.0119","A"
"4","Trait5","mrMLM","PstI.TP924331","9","50766409","0.2717","2.3635","A"
"4","Trait5","mrMLM","NsiI.TP366774","9","50766418","0.1553","0.8256","A"
"4","Trait5","mrMLM","PstI.TP173026","9","50773008","0.1134","0.4985","A"
"4","Trait5","mrMLM","NsiI.TP110776","9","50782403","0.1296","0.6882","A"
"4","Trait5","mrMLM","PstI.TP1137175","9","50799391","-0.0068","0.1329","A"
"4","Trait5","mrMLM","NsiI.TP10551","9","50848539","1.6931e-05","0.0037","A"
"4","Trait5","mrMLM","PstI.TP932874","9","50854706","-3.1453e-05","0.0069","A"
"4","Trait5","mrMLM","PstI.TP94065","9","50855553","-1.4685e-05","0.0032","A"
"4","Trait5","mrMLM","PstI.TP768487","9","50926190","2.6872e-05","0.0059","A"
"4","Trait5","mrMLM","PstI.TP548046","9","50929335","0.0437","0.2724","C"
"4","Trait5","mrMLM","PstI.TP1209022","9","50956605","1.0804e-05","0.0024","C"
"4","Trait5","mrMLM","PstI.TP1063172","9","50965879","1.73e-05","0.0038","A"
"4","Trait5","mrMLM","PstI.TP136026","9","50973667","-1.3295e-05","0.0029","A"
"4","Trait5","mrMLM","PstI.TP345416","9","50974975","-2.1445e-05","0.0047","A"
"4","Trait5","mrMLM","PstI.TP465401","9","50982670","-2.0202e-05","0.0044","C"
"4","Trait5","mrMLM","NsiI.TP695803","9","51001405","-0.0907","0.6207","C"
"4","Trait5","mrMLM","PstI.TP705332","9","51063738","7.8452e-06","0.0017","C"
"4","Trait5","mrMLM","NsiI.TP501582","9","51064133","-8.7819e-06","0.0019","C"
"4","Trait5","mrMLM","PstI.TP1191847","9","51073443","0.0313","0.2322","C"
"4","Trait5","mrMLM","NsiI.TP772999","9","51080454","-2.1457e-05","0.0047","A"
"4","Trait5","mrMLM","NsiI.TP531516","9","51107015","-0.0164","0.2634","C"
"4","Trait5","mrMLM","PstI.TP255406","9","51108960","-2.4384e-05","0.0053","A"
"4","Trait5","mrMLM","GFSSContig4096_351","9","51127800","-0.0348","0.407","T"
"4","Trait5","mrMLM","PstI.TP781872","9","51135280","9.5169e-07","2e-04","A"
"4","Trait5","mrMLM","NsiI.TP503930","9","51136467","-2.5805e-05","0.0057","C"
"4","Trait5","mrMLM","NsiI.TP99767","9","51154417","1.7896e-05","0.0039","A"
"4","Trait5","mrMLM","PstI.TP90991","9","51173645","-7.1769e-06","0.0016","A"
"4","Trait5","mrMLM","PstI.TP249888","9","51255577","0.065","0.367","C"
"4","Trait5","mrMLM","NsiI.TP640903","9","51286952","2.9583e-05","0.0065","C"
"4","Trait5","mrMLM","PstI.TP373596","9","51293924","-1.4921e-05","0.0033","A"
"4","Trait5","mrMLM","PstI.TP1291952","9","51297891","-0.0817","1.0922","C"
"4","Trait5","mrMLM","PstI.TP291541","9","51410096","-1.5689e-05","0.0034","A"
"4","Trait5","mrMLM","PstI.TP752476","9","51411583","-3.148e-06","7e-04","C"
"4","Trait5","mrMLM","NsiI.TP554331","9","51417216","1.5691e-07","3.4147e-05","C"
"4","Trait5","mrMLM","PstI.TP677215","9","51441411","1.4562e-05","0.0032","G"
"4","Trait5","mrMLM","NsiI.TP691041","9","51442336","-7.0767e-07","2e-04","C"
"4","Trait5","mrMLM","NsiI.TP581148","9","51447543","2.0715e-05","0.0045","C"
"4","Trait5","mrMLM","PstI.TP669168","9","51448783","-5.5665e-06","0.0012","A"
"4","Trait5","mrMLM","PstI.TP1072081","9","51458018","3.3765e-06","7e-04","C"
"4","Trait5","mrMLM","PstI.TP382266","9","51459127","-1.3311e-05","0.0029","A"
"4","Trait5","mrMLM","NsiI.TP712514","9","51459886","0.1082","0.9491","C"
"4","Trait5","mrMLM","PstI.TP78387","9","51474982","0.0251","0.2193","C"
"4","Trait5","mrMLM","PstI.TP687426","9","51483973","0.1203","0.4434","A"
"4","Trait5","mrMLM","PstI.TP939993","9","51488504","1.0799e-05","0.0024","C"
"4","Trait5","mrMLM","NsiI.TP264788","9","51508750","-0.0207","0.1561","A"
"4","Trait5","mrMLM","NsiI.TP520926","9","51508797","-0.2925","0.9157","C"
"4","Trait5","mrMLM","NsiI.TP466683","9","51529848","1.0346e-05","0.0023","A"
"4","Trait5","mrMLM","PstI.TP1247492","9","51543870","0.1146","1.7452","A"
"4","Trait5","mrMLM","NsiI.TP735819","9","51548408","-3.3784e-06","7e-04","C"
"4","Trait5","mrMLM","NsiI.TP703068","9","51552970","0.1529","1.3728","C"
"4","Trait5","mrMLM","PstI.TP1285","9","51564139","0.1983","1.2553","A"
"4","Trait5","mrMLM","PstI.TP134129","9","51572610","7.9907e-06","0.0017","G"
"4","Trait5","mrMLM","PstI.TP1143802","9","51610090","-3.539e-05","0.0078","A"
"4","Trait5","mrMLM","NsiI.TP714443","9","51614765","0.0506","0.2672","A"
"4","Trait5","mrMLM","PstI.TP998803","9","51615898","-1.9779e-05","0.0043","C"
"4","Trait5","mrMLM","PstI.TP267509","9","51633931","-2.1113e-06","5e-04","A"
"4","Trait5","mrMLM","PstI.TP421924","9","51656310","9.1904e-06","0.002","C"
"4","Trait5","mrMLM","NsiI.TP456960","9","51661430","0.0543","0.3841","A"
"4","Trait5","mrMLM","NsiI.TP427325","9","51662082","2.958e-06","6e-04","A"
"4","Trait5","mrMLM","PstI.TP515917","9","51717669","-1.0272e-05","0.0022","A"
"4","Trait5","mrMLM","NsiI.TP215639","9","51726896","-4.3152e-06","9e-04","A"
"4","Trait5","mrMLM","NsiI.TP764543","9","51738817","-6.6844e-06","0.0015","G"
"4","Trait5","mrMLM","NsiI.TP577259","9","51743559","1.9729e-05","0.0043","G"
"4","Trait5","mrMLM","PstI.TP34641","9","51765933","-0.0906","0.7241","C"
"4","Trait5","mrMLM","PstI.TP34702","9","51765934","-2.179e-06","5e-04","A"
"4","Trait5","mrMLM","NsiI.TP264472","9","51767889","-0.0436","0.3072","A"
"4","Trait5","mrMLM","PstI.TP1181821","9","51786135","0.113","0.5735","C"
"4","Trait5","mrMLM","NsiI.TP94982","9","51808831","0.0352","0.306","C"
"4","Trait5","mrMLM","PstI.TP1005008","9","51832050","-2.6993e-05","0.0059","A"
"4","Trait5","mrMLM","PstI.TP1004186","9","51832083","2.2166e-05","0.0049","C"
"4","Trait5","mrMLM","PstI.TP1178013","9","51832241","0.0979","0.9671","C"
"4","Trait5","mrMLM","PstI.TP684831","9","51848233","4.6234e-06","0.001","C"
"4","Trait5","mrMLM","NsiI.TP601151","9","51879871","1.2584e-05","0.0027","A"
"4","Trait5","mrMLM","PstI.TP1038963","9","51887439","0.4521","1.6762","A"
"4","Trait5","mrMLM","NsiI.TP16817","9","51906788","-3.1281e-05","0.0069","A"
"4","Trait5","mrMLM","PstI.TP98115","9","51912899","0.2525","1.3239","A"
"4","Trait5","mrMLM","PstI.TP355250","9","51923709","6.6498e-06","0.0014","A"
"4","Trait5","mrMLM","NsiI.TP102846","9","51962085","4.376e-06","0.001","C"
"4","Trait5","mrMLM","NsiI.TP529235","9","51966549","3.969e-06","9e-04","C"
"4","Trait5","mrMLM","PstI.TP329296","9","51967630","-8.1581e-06","0.0018","A"
"4","Trait5","mrMLM","PstI.TP787361","9","51967865","7.7669e-07","2e-04","G"
"4","Trait5","mrMLM","NsiI.TP362226","9","51968115","9.4773e-06","0.0021","C"
"4","Trait5","mrMLM","NsiI.TP362227","9","51968133","2.0589e-05","0.0045","C"
"4","Trait5","mrMLM","NsiI.TP773094","9","51968182","-3.2103e-05","0.007","A"
"4","Trait5","mrMLM","NsiI.TP136631","9","51988933","4.5643e-06","0.001","A"
"4","Trait5","mrMLM","PstI.TP1136227","9","52020995","1.3979e-05","0.0031","C"
"4","Trait5","mrMLM","NsiI.TP521872","9","52023089","0.0405","0.5331","C"
"4","Trait5","mrMLM","PstI.TP913414","9","52042408","0.0557","0.4284","C"
"4","Trait5","mrMLM","PstI.TP1067511","9","52058611","4.1967e-06","9e-04","G"
"4","Trait5","mrMLM","PstI.TP1263335","9","52066045","1.2894e-05","0.0028","A"
"4","Trait5","mrMLM","NsiI.TP762621","9","52070981","4.4673e-06","0.001","C"
"4","Trait5","mrMLM","NsiI.TP506875","9","52079488","-1.299e-05","0.0028","C"
"4","Trait5","mrMLM","PstI.TP117431","9","52082422","-1.2996e-05","0.0028","A"
"4","Trait5","mrMLM","NsiI.TP146","9","52120597","0.0728","0.9305","A"
"4","Trait5","mrMLM","NsiI.TP348","9","52120613","-2.452e-05","0.0054","A"
"4","Trait5","mrMLM","NsiI.TP785688","9","52130944","-1.0388e-05","0.0023","A"
"4","Trait5","mrMLM","PstI.TP891554","9","52132580","-6.0571e-06","0.0013","C"
"4","Trait5","mrMLM","PstI.TP1071480","9","52135888","1.3062e-05","0.0029","C"
"4","Trait5","mrMLM","NsiI.TP732026","9","52137435","3.0781e-05","0.0068","C"
"4","Trait5","mrMLM","NsiI.TP668028","9","52144147","-1.6746e-05","0.0037","A"
"4","Trait5","mrMLM","NsiI.TP157917","9","52144591","-2.6313e-06","6e-04","C"
"4","Trait5","mrMLM","PstI.TP549788","9","52144783","0.0226","0.2505","C"
"4","Trait5","mrMLM","PstI.TP1031364","9","52144937","-0.0856","0.4643","C"
"4","Trait5","mrMLM","NsiI.TP596828","9","52145388","-1.2441e-06","3e-04","C"
"4","Trait5","mrMLM","NsiI.TP693863","9","52158703","-5.6123e-06","0.0012","C"
"4","Trait5","mrMLM","PstI.TP179275","9","52171543","5.9936e-06","0.0013","C"
"4","Trait5","mrMLM","NsiI.TP541300","9","52203191","-1.1532e-05","0.0025","C"
"4","Trait5","mrMLM","NsiI.TP541301","9","52203210","-1.7938e-05","0.0039","C"
"4","Trait5","mrMLM","NsiI.TP65505","9","52233385","-2.4334e-05","0.0053","C"
"4","Trait5","mrMLM","NsiI.TP704438","9","52241118","3.8201e-05","0.0084","C"
"4","Trait5","mrMLM","NsiI.TP256711","9","52241363","-1.3906e-05","0.003","A"
"4","Trait5","mrMLM","PstI.TP67564","9","52265247","2.4346e-06","5e-04","A"
"4","Trait5","mrMLM","PstI.TP880519","9","52296770","-2.8476e-05","0.0062","C"
"4","Trait5","mrMLM","PstI.TP880520","9","52296793","-8.8764e-06","0.0019","A"
"4","Trait5","mrMLM","PstI.TP880444","9","52296812","-1.7012e-05","0.0037","C"
"4","Trait5","mrMLM","PstI.TP1129420","9","52303719","1.3449e-07","2.9269e-05","A"
"4","Trait5","mrMLM","PstI.TP1281273","9","52305676","1.9574e-05","0.0043","C"
"4","Trait5","mrMLM","NsiI.TP619126","9","52326186","-0.0829","0.4001","G"
"4","Trait5","mrMLM","PstI.TP312006","9","52326342","-0.0583","0.7763","A"
"4","Trait5","mrMLM","PstI.TP919066","9","52327480","-0.0497","0.3061","C"
"4","Trait5","mrMLM","NsiI.TP783486","9","52329246","2.0365e-05","0.0045","A"
"4","Trait5","mrMLM","PstI.TP596434","9","52339801","-2.4864e-05","0.0054","A"
"4","Trait5","mrMLM","PstI.TP1064864","9","52345415","-9.2949e-06","0.002","C"
"4","Trait5","mrMLM","NsiI.TP695307","9","52349662","-7.7371e-06","0.0017","G"
"4","Trait5","mrMLM","NsiI.TP695306","9","52349679","8.3529e-06","0.0018","A"
"4","Trait5","mrMLM","PstI.TP1179994","9","52362266","-0.0062","0.0814","C"
"4","Trait5","mrMLM","PstI.TP754297","9","52383960","-0.0662","0.7435","A"
"4","Trait5","mrMLM","PstI.TP837130","9","52384153","-0.0116","0.2004","C"
"4","Trait5","mrMLM","PstI.TP52433","9","52386077","-8.2802e-06","0.0018","A"
"4","Trait5","mrMLM","NsiI.TP705009","9","52389956","2.0489e-05","0.0045","A"
"4","Trait5","mrMLM","PstI.TP643371","9","52393822","0.0939","0.716","A"
"4","Trait5","mrMLM","NsiI.TP497327","9","52476585","-3.5187e-06","8e-04","C"
"4","Trait5","mrMLM","PstI.TP841898","9","52479196","0.0387","0.3063","A"
"4","Trait5","mrMLM","NsiI.TP25470","9","52479816","0.0414","0.358","A"
"4","Trait5","mrMLM","NsiI.TP663012","9","52480175","-2.6169e-05","0.0057","A"
"4","Trait5","mrMLM","NsiI.TP482734","9","52481252","-1.8008e-05","0.0039","A"
"4","Trait5","mrMLM","GFSSContig19578_877","9","52518574","1.4019e-05","0.0031","C"
"4","Trait5","mrMLM","PstI.TP67877","9","52522521","-0.0149","0.168","A"
"4","Trait5","mrMLM","NsiI.TP116172","9","52530739","-1.6569e-05","0.0036","A"
"4","Trait5","mrMLM","PstI.TP495698","9","52545209","-1.0198e-05","0.0022","C"
"4","Trait5","mrMLM","PstI.TP446342","9","52579755","9.9128e-06","0.0022","G"
"4","Trait5","mrMLM","GFSSContig18701_954","9","52590869","1.7752e-05","0.0039","T"
"4","Trait5","mrMLM","GFSSContig18701_2097","9","52593409","0.038","0.3557","A"
"4","Trait5","mrMLM","PstI.TP1009070","9","52613327","1.3951e-05","0.003","A"
"4","Trait5","mrMLM","NsiI.TP151058","9","52613984","3.2249e-06","7e-04","C"
"4","Trait5","mrMLM","PstI.TP1209352","9","52651436","9.6908e-07","2e-04","A"
"4","Trait5","mrMLM","PstI.TP641471","9","52683606","-0.0231","0.2068","C"
"4","Trait5","mrMLM","PstI.TP571307","9","52687086","8.5212e-06","0.0019","A"
"4","Trait5","mrMLM","GFSSContig16774_1273","9","52752657","2.4295e-05","0.0053","A"
"4","Trait5","mrMLM","PstI.TP1113085","9","52754125","-7.3165e-06","0.0016","A"
"4","Trait5","mrMLM","PstI.TP314580","9","52763254","5.4362e-06","0.0012","A"
"4","Trait5","mrMLM","NsiI.TP97042","9","52768241","-9.2632e-06","0.002","C"
"4","Trait5","mrMLM","NsiI.TP195450","9","52776251","0.0304","0.2079","C"
"4","Trait5","mrMLM","PstI.TP860983","9","52777064","6.6224e-06","0.0014","A"
"4","Trait5","mrMLM","NsiI.TP406192","9","52788519","-1.78e-05","0.0039","A"
"4","Trait5","mrMLM","NsiI.TP293152","9","52810599","-1.4584e-05","0.0032","C"
"4","Trait5","mrMLM","PstI.TP788695","9","52824939","-3.1816e-05","0.007","A"
"4","Trait5","mrMLM","NsiI.TP235467","9","52826863","0.0254","0.1592","A"
"4","Trait5","mrMLM","NsiI.TP235466","9","52826872","-0.1392","1.1771","C"
"4","Trait5","mrMLM","PstI.TP206983","9","52832216","1.3115e-05","0.0029","A"
"4","Trait5","mrMLM","PstI.TP701465","9","52833370","-2.3456e-07","5.1057e-05","C"
"4","Trait5","mrMLM","PstI.TP726787","9","52836747","1.8572e-05","0.0041","C"
"4","Trait5","mrMLM","PstI.TP1017493","9","52843173","-4.629e-06","0.001","G"
"4","Trait5","mrMLM","NsiI.TP588588","9","52851454","2.8123e-05","0.0062","A"
"4","Trait5","mrMLM","PstI.TP1147706","9","52889343","0.0846","0.379","C"
"4","Trait5","mrMLM","PstI.TP489437","9","52907842","-3.5542e-06","8e-04","A"
"4","Trait5","mrMLM","NsiI.TP578484","9","52925912","-3.5447e-06","8e-04","C"
"4","Trait5","mrMLM","NsiI.TP275227","9","52933109","5.6923e-06","0.0012","A"
"4","Trait5","mrMLM","PstI.TP641679","9","52933819","1.7503e-06","4e-04","A"
"4","Trait5","mrMLM","PstI.TP1004977","9","52938222","4.5921e-05","0.0101","A"
"4","Trait5","mrMLM","PstI.TP1198035","9","52938506","-5.7005e-06","0.0012","C"
"4","Trait5","mrMLM","PstI.TP5140","9","52939618","1.1733e-05","0.0026","C"
"4","Trait5","mrMLM","NsiI.TP429966","9","52949610","1.0839e-05","0.0024","A"
"4","Trait5","mrMLM","NsiI.TP355117","9","52955678","3.3243e-05","0.0073","C"
"4","Trait5","mrMLM","PstI.TP1211930","9","52966496","-5.2471e-06","0.0011","C"
"4","Trait5","mrMLM","PstI.TP768018","9","52980297","5.4254e-06","0.0012","C"
"4","Trait5","mrMLM","PstI.TP586642","9","52998327","0.1134","0.4736","C"
"4","Trait5","mrMLM","NsiI.TP248789","9","53034373","0.133","1.2245","A"
"4","Trait5","mrMLM","PstI.TP685673","9","53035339","6.575e-06","0.0014","A"
"4","Trait5","mrMLM","PstI.TP767679","9","53036244","8.6103e-06","0.0019","C"
"4","Trait5","mrMLM","PstI.TP552780","9","53037576","-2.7098e-05","0.0059","G"
"4","Trait5","mrMLM","NsiI.TP440978","9","53064246","0.0761","0.4966","A"
"4","Trait5","mrMLM","NsiI.TP21428","9","53077117","2.2633e-05","0.005","A"
"4","Trait5","mrMLM","NsiI.TP150952","9","53077121","1.0782e-05","0.0024","C"
"4","Trait5","mrMLM","GFSSContig2426_408","9","53089900","-1.1397e-05","0.0025","T"
"4","Trait5","mrMLM","PstI.TP9123","9","53093393","0.0523","0.351","A"
"4","Trait5","mrMLM","PstI.TP9117","9","53093415","6.3718e-06","0.0014","C"
"4","Trait5","mrMLM","PstI.TP1218439","9","53101439","0.1344","1.2292","A"
"4","Trait5","mrMLM","NsiI.TP247905","9","53101525","-0.0419","0.3315","A"
"4","Trait5","mrMLM","NsiI.TP240187","9","53101667","1.2649e-05","0.0028","A"
"4","Trait5","mrMLM","PstI.TP338880","9","53111075","0.0613","0.5158","C"
"4","Trait5","mrMLM","NsiI.TP333806","9","53114295","9.4896e-08","2.0652e-05","A"
"4","Trait5","mrMLM","NsiI.TP547580","9","53139357","-2.3259e-05","0.0051","C"
"4","Trait5","mrMLM","NsiI.TP362007","9","53141465","-1.2199e-05","0.0027","A"
"4","Trait5","mrMLM","NsiI.TP201278","9","53141700","-2.5709e-05","0.0056","A"
"4","Trait5","mrMLM","NsiI.TP192811","9","53143156","-1.397e-05","0.0031","C"
"4","Trait5","mrMLM","NsiI.TP319877","9","53143182","-8.4858e-06","0.0019","C"
"4","Trait5","mrMLM","PstI.TP989741","9","53145062","0.1526","0.7472","A"
"4","Trait5","mrMLM","PstI.TP726312","9","53145659","-0.0126","0.1844","C"
"4","Trait5","mrMLM","PstI.TP588448","9","53165297","-2.8119e-05","0.0062","A"
"4","Trait5","mrMLM","PstI.TP901693","9","53170468","1.4064e-05","0.0031","C"
"4","Trait5","mrMLM","PstI.TP869199","9","53173205","3.1544e-05","0.0069","C"
"4","Trait5","mrMLM","PstI.TP1043501","9","53184229","1.0723e-05","0.0023","C"
"4","Trait5","mrMLM","PstI.TP991301","9","53203869","0.0071","0.1","C"
"4","Trait5","mrMLM","PstI.TP624271","9","53221888","2.7033e-06","6e-04","A"
"4","Trait5","mrMLM","NsiI.TP436585","9","53222437","-4.6096e-06","0.001","A"
"4","Trait5","mrMLM","PstI.TP475191","9","53225889","0.0062","0.0789","C"
"4","Trait5","mrMLM","NsiI.TP135102","9","53254265","-2.2559e-05","0.0049","G"
"4","Trait5","mrMLM","NsiI.TP530198","9","53263981","-2.7943e-05","0.0061","C"
"4","Trait5","mrMLM","NsiI.TP530130","9","53263991","3.2643e-05","0.0072","C"
"4","Trait5","mrMLM","PstI.TP1170086","9","53284975","4.1295e-06","9e-04","C"
"4","Trait5","mrMLM","NsiI.TP326708","9","53318303","-4.5925e-06","0.001","A"
"4","Trait5","mrMLM","NsiI.TP113042","9","53350666","-1.4141e-05","0.0031","C"
"4","Trait5","mrMLM","NsiI.TP617090","9","53350831","-9.4206e-06","0.0021","C"
"4","Trait5","mrMLM","GFSSmeganDLF1_1","9","53351508","-0.0337","0.2914","A"
"4","Trait5","mrMLM","PstI.TP1275388","9","53353489","-1.2883e-05","0.0028","A"
"4","Trait5","mrMLM","NsiI.TP427151","9","53356975","0.0406","0.5168","G"
"4","Trait5","mrMLM","PstI.TP315129","9","53365878","-1.7411e-05","0.0038","A"
"4","Trait5","mrMLM","NsiI.TP706779","9","53384298","-0.07","0.6892","C"
"4","Trait5","mrMLM","NsiI.TP29399","9","53384394","-1.5785e-05","0.0035","A"
"4","Trait5","mrMLM","PstI.TP418489","9","53405123","5.7782e-06","0.0013","A"
"4","Trait5","mrMLM","PstI.TP347484","9","53405188","0.1476","0.4867","C"
"4","Trait5","mrMLM","PstI.TP441583","9","53407603","-1.0724e-05","0.0023","C"
"4","Trait5","mrMLM","PstI.TP151034","9","53410367","-1.6926e-05","0.0037","C"
"4","Trait5","mrMLM","PstI.TP463048","9","53410626","1.7853e-05","0.0039","C"
"4","Trait5","mrMLM","PstI.TP86224","9","53450196","6.1804e-06","0.0013","A"
"4","Trait5","mrMLM","NsiI.TP232283","9","53454523","-3.0553e-05","0.0067","C"
"4","Trait5","mrMLM","PstI.TP442963","9","53454619","-3.5727e-06","8e-04","C"
"4","Trait5","mrMLM","NsiI.TP362277","9","53457058","-9.5873e-06","0.0021","C"
"4","Trait5","mrMLM","PstI.TP940934","9","53457229","-1.2728e-05","0.0028","A"
"4","Trait5","mrMLM","PstI.TP1248938","9","53493152","-4.6018e-05","0.0101","A"
"4","Trait5","mrMLM","PstI.TP336030","9","53516923","-0.0287","0.3873","C"
"4","Trait5","mrMLM","PstI.TP761235","9","53550546","2.3432e-05","0.0051","C"
"4","Trait5","mrMLM","PstI.TP938528","9","53559180","-2.6395e-05","0.0058","C"
"4","Trait5","mrMLM","NsiI.TP316582","9","53570893","-2.0946e-05","0.0046","C"
"4","Trait5","mrMLM","PstI.TP1124231","9","53588686","6.4034e-06","0.0014","A"
"4","Trait5","mrMLM","PstI.TP752400","9","53594886","0.0998","0.5619","G"
"4","Trait5","mrMLM","PstI.TP109453","9","53603794","0.0783","0.4402","A"
"4","Trait5","mrMLM","GFSSContig9550_549","9","53611339","-0.0242","0.3303","A"
"4","Trait5","mrMLM","NsiI.TP33300","9","53629039","0.0729","0.4426","C"
"4","Trait5","mrMLM","PstI.TP1062288","9","53633852","0.0135","0.1221","C"
"4","Trait5","mrMLM","PstI.TP457883","9","53634352","-0.3707","1.3222","C"
"4","Trait5","mrMLM","PstI.TP1293871","9","53653485","-2.5475e-05","0.0056","C"
"4","Trait5","mrMLM","NsiI.TP820407","9","53692617","1.8727e-06","4e-04","G"
"4","Trait5","mrMLM","NsiI.TP742076","9","53699996","-4.245e-06","9e-04","C"
"4","Trait5","mrMLM","NsiI.TP589781","9","53713876","0.0698","0.5161","A"
"4","Trait5","mrMLM","PstI.TP77625","9","53718156","0.0421","0.3548","C"
"4","Trait5","mrMLM","NsiI.TP56324","9","53718156","2.3333e-05","0.0051","C"
"4","Trait5","mrMLM","NsiI.TP115244","9","53718178","-4.1362e-06","9e-04","A"
"4","Trait5","mrMLM","PstI.TP1052445","9","53720191","-7.0991e-06","0.0015","C"
"4","Trait5","mrMLM","PstI.TP77620","9","53720938","-1.1874e-05","0.0026","C"
"4","Trait5","mrMLM","NsiI.TP749247","9","53722269","7.729e-06","0.0017","A"
"4","Trait5","mrMLM","PstI.TP77203","9","53724314","-1.5482e-05","0.0034","A"
"4","Trait5","mrMLM","PstI.TP1087403","9","53780487","3.5388e-06","8e-04","C"
"4","Trait5","mrMLM","PstI.TP983746","9","53781414","-0.0697","0.6038","A"
"4","Trait5","mrMLM","NsiI.TP285280","9","53781422","1.1371e-05","0.0025","G"
"4","Trait5","mrMLM","PstI.TP513010","9","53784174","-0.0035","0.062","A"
"4","Trait5","mrMLM","PstI.TP746782","9","53784279","-1.234e-05","0.0027","G"
"4","Trait5","mrMLM","NsiI.TP75791","9","53787793","-0.2088","0.7256","C"
"4","Trait5","mrMLM","NsiI.TP666612","9","53820139","3.8743e-05","0.0085","G"
"4","Trait5","mrMLM","PstI.TP901443","9","53856845","8.3544e-08","1.818e-05","C"
"4","Trait5","mrMLM","NsiI.TP746835","9","53858582","0.0326","0.1555","A"
"4","Trait5","mrMLM","NsiI.TP660935","9","53860930","2.2081e-06","5e-04","A"
"4","Trait5","mrMLM","PstI.TP1006754","9","53881407","1.7264e-05","0.0038","C"
"4","Trait5","mrMLM","NsiI.TP802879","9","53902419","0.0721","0.3092","A"
"4","Trait5","mrMLM","NsiI.TP415575","9","53923129","-1.151e-05","0.0025","A"
"4","Trait5","mrMLM","NsiI.TP760315","9","53934386","-7.4137e-06","0.0016","C"
"4","Trait5","mrMLM","NsiI.TP439784","9","53941229","-6.0489e-06","0.0013","C"
"4","Trait5","mrMLM","NsiI.TP356113","9","53944532","-1.7115e-05","0.0037","A"
"4","Trait5","mrMLM","PstI.TP464518","9","53964579","0.008","0.0953","A"
"4","Trait5","mrMLM","GFSSContig18315_975","9","53976945","9.5262e-06","0.0021","A"
"4","Trait5","mrMLM","NsiI.TP278723","9","53982466","-1.1645e-05","0.0025","A"
"4","Trait5","mrMLM","PstI.TP1203832","9","53986817","0.3941","1.1056","G"
"4","Trait5","mrMLM","NsiI.TP288582","9","53997783","-0.0706","0.825","C"
"4","Trait5","mrMLM","NsiI.TP352175","9","54010856","3.5924e-05","0.0079","C"
"4","Trait5","mrMLM","NsiI.TP39634","9","54033606","1.8929e-05","0.0041","C"
"4","Trait5","mrMLM","PstI.TP909243","9","54033928","-6.5194e-06","0.0014","C"
"4","Trait5","mrMLM","PstI.TP65398","9","54033986","1.8713e-06","4e-04","A"
"4","Trait5","mrMLM","PstI.TP1109274","9","54046897","-0.0684","0.2801","A"
"4","Trait5","mrMLM","PstI.TP1090503","9","54050222","-1.2465e-05","0.0027","A"
"4","Trait5","mrMLM","NsiI.TP687392","9","54071911","4.2608e-06","9e-04","G"
"4","Trait5","mrMLM","NsiI.TP256580","9","54079974","7.5712e-06","0.0017","C"
"4","Trait5","mrMLM","NsiI.TP678884","9","54090202","-1.041e-05","0.0023","A"
"4","Trait5","mrMLM","NsiI.TP350445","9","54098227","-0.208","0.6436","C"
"4","Trait5","mrMLM","PstI.TP487645","9","54136565","3.1701e-05","0.007","A"
"4","Trait5","mrMLM","PstI.TP688054","9","54142346","-0.1137","1.1192","C"
"4","Trait5","mrMLM","NsiI.TP561393","9","54150213","0.1175","0.418","G"
"4","Trait5","mrMLM","NsiI.TP757359","9","54204595","-0.1015","0.5889","C"
"4","Trait5","mrMLM","NsiI.TP173283","9","54219726","5.1232e-06","0.0011","G"
"4","Trait5","mrMLM","NsiI.TP70796","9","54232781","9.1677e-09","1.9951e-06","A"
"4","Trait5","mrMLM","PstI.TP1271986","9","54248799","0.0293","0.1626","C"
"4","Trait5","mrMLM","NsiI.TP830777","9","54252440","-0.0415","0.2559","A"
"4","Trait5","mrMLM","PstI.TP437245","9","54288726","-0.2198","0.9664","G"
"4","Trait5","mrMLM","PstI.TP412441","9","54289082","-8.706e-06","0.0019","A"
"4","Trait5","mrMLM","PstI.TP709528","9","54335088","1.1222e-05","0.0024","C"
"4","Trait5","mrMLM","PstI.TP947509","9","54343222","-3.3689e-06","7e-04","A"
"4","Trait5","mrMLM","PstI.TP1085708","9","54359783","-7.6548e-06","0.0017","C"
"4","Trait5","mrMLM","PstI.TP386310","9","54361924","-7.8389e-06","0.0017","G"
"4","Trait5","mrMLM","PstI.TP1104713","9","54364050","-5.4098e-06","0.0012","A"
"4","Trait5","mrMLM","PstI.TP420293","9","54366209","-1.6482e-05","0.0036","A"
"4","Trait5","mrMLM","PstI.TP42622","9","54369155","0.1403","1.4828","A"
"4","Trait5","mrMLM","PstI.TP834958","9","54418483","0.1062","0.5721","A"
"4","Trait5","mrMLM","NsiI.TP229297","9","54424678","-0.0256","0.3257","C"
"4","Trait5","mrMLM","NsiI.TP229964","9","54430662","-1.8511e-05","0.004","A"
"4","Trait5","mrMLM","NsiI.TP159022","9","54432220","1.3851e-06","3e-04","A"
"4","Trait5","mrMLM","NsiI.TP257488","9","54504491","-0.0245","0.1714","A"
"4","Trait5","mrMLM","NsiI.TP89977","9","54524378","-0.0917","0.7859","A"
"4","Trait5","mrMLM","PstI.TP135686","9","54553835","0.0562","0.4389","G"
"4","Trait5","mrMLM","PstI.TP1079684","9","54555012","-7.0505e-06","0.0015","A"
"4","Trait5","mrMLM","PstI.TP1248173","9","54556422","-0.0596","0.6076","C"
"4","Trait5","mrMLM","NsiI.TP168490","9","54573492","0.0206","0.1673","C"
"4","Trait5","mrMLM","PstI.TP201664","9","54577782","-2.0812e-06","5e-04","A"
"4","Trait5","mrMLM","PstI.TP898128","9","54591637","7.631e-06","0.0017","A"
"4","Trait5","mrMLM","PstI.TP255262","9","54591717","-0.0301","0.3635","A"
"4","Trait5","mrMLM","PstI.TP780145","9","54592677","0.1455","1.1238","C"
"4","Trait5","mrMLM","PstI.TP217742","9","54604984","1.1617e-05","0.0025","A"
"4","Trait5","mrMLM","NsiI.TP375743","9","54606833","1.1883e-06","3e-04","A"
"4","Trait5","mrMLM","PstI.TP853729","9","54621737","-1.0518e-05","0.0023","G"
"4","Trait5","mrMLM","PstI.TP921352","9","54669959","1.32e-05","0.0029","A"
"4","Trait5","mrMLM","PstI.TP829896","9","54677553","-0.2137","1.1082","C"
"4","Trait5","mrMLM","PstI.TP853037","9","54680500","-3.3024e-05","0.0072","A"
"4","Trait5","mrMLM","NsiI.TP491821","9","54680676","-6.2482e-06","0.0014","A"
"4","Trait5","mrMLM","PstI.TP1150243","9","54680742","-0.1795","0.9954","A"
"4","Trait5","mrMLM","NsiI.TP450715","9","54698454","1.8793e-05","0.0041","A"
"4","Trait5","mrMLM","NsiI.TP85450","9","54712296","0.0191","0.2398","C"
"4","Trait5","mrMLM","PstI.TP1089712","9","54712297","1.5027e-05","0.0033","C"
"4","Trait5","mrMLM","GFSSContig15868_1101","9","54734181","2.0542e-07","4.4708e-05","A"
"4","Trait5","mrMLM","NsiI.TP228007","9","54740899","-5.994e-06","0.0013","A"
"4","Trait5","mrMLM","PstI.TP1008128","9","54742077","9.1409e-06","0.002","A"
"4","Trait5","mrMLM","NsiI.TP516114","9","54849994","-1.2599e-05","0.0028","G"
"4","Trait5","mrMLM","NsiI.TP219856","9","54876769","-0.024","0.1826","C"
"4","Trait5","mrMLM","NsiI.TP125412","9","54877907","0.0796","0.6053","A"
"4","Trait5","mrMLM","PstI.TP162864","9","54890132","-0.0531","0.2771","A"
"4","Trait5","mrMLM","PstI.TP622011","9","54905298","-2.9077e-05","0.0064","A"
"4","Trait5","mrMLM","PstI.TP349173","9","54946366","-2.8605e-06","6e-04","A"
"4","Trait5","mrMLM","PstI.TP997136","9","54968532","-1.4795e-05","0.0032","A"
"4","Trait5","mrMLM","PstI.TP1172350","9","54973289","1.0639e-05","0.0023","A"
"4","Trait5","mrMLM","NsiI.TP662991","9","54983575","-2.1359e-05","0.0047","C"
"4","Trait5","mrMLM","NsiI.TP700854","9","54986378","-0.023","0.2167","G"
"4","Trait5","mrMLM","NsiI.TP558740","9","54998510","-1.8875e-06","4e-04","G"
"4","Trait5","mrMLM","PstI.TP1101676","9","55031033","2.0066e-05","0.0044","A"
"4","Trait5","mrMLM","PstI.TP1234999","9","55047113","7.9163e-06","0.0017","C"
"4","Trait5","mrMLM","PstI.TP363961","9","55058810","-0.1395","1.6502","C"
"4","Trait5","mrMLM","NsiI.TP465043","9","55071750","0.1086","0.8838","A"
"4","Trait5","mrMLM","PstI.TP1114512","9","55075636","0.0806","0.8724","C"
"4","Trait5","mrMLM","PstI.TP593877","9","55077360","1.1842e-05","0.0026","C"
"4","Trait5","mrMLM","PstI.TP335710","9","55077385","1.1697e-05","0.0026","A"
"4","Trait5","mrMLM","PstI.TP1022725","9","55077420","-6.5228e-06","0.0014","A"
"4","Trait5","mrMLM","PstI.TP1159197","9","55082361","-0.1057","0.3971","C"
"4","Trait5","mrMLM","NsiI.TP260145","9","55098373","3.4981e-05","0.0077","A"
"4","Trait5","mrMLM","NsiI.TP20561","9","55108236","0.1021","1.2211","A"
"4","Trait5","mrMLM","NsiI.TP769339","9","55116830","8.6234e-06","0.0019","A"
"4","Trait5","mrMLM","PstI.TP1042727","9","55140806","-0.2061","1.1128","C"
"4","Trait5","mrMLM","NsiI.TP685931","9","55143621","2.2582e-05","0.0049","A"
"4","Trait5","mrMLM","NsiI.TP362960","9","55155806","3.3447e-06","7e-04","C"
"4","Trait5","mrMLM","PstI.TP39196","9","55156577","2.4762e-06","5e-04","C"
"4","Trait5","mrMLM","PstI.TP349797","9","55168888","-0.029","0.393","G"
"4","Trait5","mrMLM","PstI.TP828064","9","55177255","0.0591","0.5134","C"
"4","Trait5","mrMLM","PstI.TP858068","9","55189679","1.502e-05","0.0033","A"
"4","Trait5","mrMLM","PstI.TP676098","9","55190791","-2.4099e-07","5.2449e-05","G"
"4","Trait5","mrMLM","PstI.TP162813","9","55195809","-8.0579e-07","2e-04","A"
"4","Trait5","mrMLM","PstI.TP1126093","9","55207278","-1.4188e-05","0.0031","A"
"4","Trait5","mrMLM","PstI.TP832007","9","55211792","2.6972e-05","0.0059","A"
"4","Trait5","mrMLM","PstI.TP996763","9","55211916","-0.0202","0.2645","C"
"4","Trait5","mrMLM","NsiI.TP374891","9","55211916","2.5622e-05","0.0056","C"
"4","Trait5","mrMLM","PstI.TP890036","9","55215176","0.0132","0.1738","C"
"4","Trait5","mrMLM","PstI.TP774050","9","55216182","-0.0367","0.4643","C"
"4","Trait5","mrMLM","PstI.TP355049","9","55239543","2.0049e-05","0.0044","A"
"4","Trait5","mrMLM","PstI.TP210243","9","55242138","-1.9896e-05","0.0044","A"
"4","Trait5","mrMLM","PstI.TP661936","9","55242138","-2.5332e-05","0.0055","C"
"4","Trait5","mrMLM","PstI.TP1218441","9","55242950","5.2008e-06","0.0011","C"
"4","Trait5","mrMLM","NsiI.TP377191","9","55246694","-7.6954e-06","0.0017","A"
"4","Trait5","mrMLM","PstI.TP249214","9","55279888","1.7685e-05","0.0039","A"
"4","Trait5","mrMLM","GFSSContig10339_597","9","55306752","-0.0071","0.1064","T"
"4","Trait5","mrMLM","NsiI.TP213759","9","55306858","-1.7832e-05","0.0039","A"
"4","Trait5","mrMLM","PstI.TP117042","9","55442463","-2.1627e-05","0.0047","C"
"4","Trait5","mrMLM","NsiI.TP99626","9","55446767","2.562e-05","0.0056","C"
"4","Trait5","mrMLM","NsiI.TP815402","9","55446804","9.1579e-07","2e-04","A"
"4","Trait5","mrMLM","PstI.TP1094509","9","55453914","-0.3541","1.9294","A"
"4","Trait5","mrMLM","PstI.TP1181986","9","55454428","-5.6448e-06","0.0012","C"
"4","Trait5","mrMLM","PstI.TP979514","9","55476690","2.1e-05","0.0046","A"
"4","Trait5","mrMLM","NsiI.TP329755","9","55493512","-0.0156","0.2351","C"
"4","Trait5","mrMLM","PstI.TP1270744","9","55493679","-0.098","0.7627","C"
"4","Trait5","mrMLM","PstI.TP940076","9","55493743","-2.0878e-05","0.0046","G"
"4","Trait5","mrMLM","PstI.TP43738","9","55505029","-2.5709e-05","0.0056","A"
"4","Trait5","mrMLM","PstI.TP879863","9","55525793","-2.1221e-05","0.0046","A"
"4","Trait5","mrMLM","NsiI.TP738747","9","55526594","0.0156","0.189","A"
"4","Trait5","mrMLM","NsiI.TP315150","9","55537080","2.2782e-05","0.005","A"
"4","Trait5","mrMLM","PstI.TP74852","9","55541743","-0.1467","1.5291","C"
"4","Trait5","mrMLM","PstI.TP1203944","9","55564969","-1.8316e-05","0.004","C"
"4","Trait5","mrMLM","PstI.TP717887","9","55603832","-1.1309e-05","0.0025","C"
"4","Trait5","mrMLM","PstI.TP861016","9","55625558","-0.0817","0.7603","C"
"4","Trait5","mrMLM","PstI.TP1078499","9","55635125","-0.0546","0.6384","A"
"4","Trait5","mrMLM","NsiI.TP436773","9","55672294","2.2801e-05","0.005","C"
"4","Trait5","mrMLM","NsiI.TP409959","9","55673183","-0.0348","0.3972","C"
"4","Trait5","mrMLM","NsiI.TP391447","9","55681002","3.8411e-06","8e-04","A"
"4","Trait5","mrMLM","PstI.TP160694","9","55685356","0.0813","0.8219","G"
"4","Trait5","mrMLM","PstI.TP36312","9","55727069","-2.7605e-05","0.0061","C"
"4","Trait5","mrMLM","NsiI.TP169382","9","55737180","0.0901","0.9228","C"
"4","Trait5","mrMLM","PstI.TP1250399","9","55741541","0.0422","0.4278","G"
"4","Trait5","mrMLM","NsiI.TP793368","9","55750615","-4.3374e-06","9e-04","C"
"4","Trait5","mrMLM","PstI.TP622091","9","55791548","-1.953e-06","4e-04","A"
"4","Trait5","mrMLM","NsiI.TP602982","9","55813609","0.1172","0.6048","A"
"4","Trait5","mrMLM","NsiI.TP673924","9","55816185","-0.0665","0.491","C"
"4","Trait5","mrMLM","PstI.TP844978","9","55816855","3.5681e-05","0.0078","A"
"4","Trait5","mrMLM","PstI.TP1014075","9","55826719","5.252e-06","0.0011","C"
"4","Trait5","mrMLM","PstI.TP1014074","9","55826724","-0.017","0.2421","A"
"4","Trait5","mrMLM","PstI.TP1102644","9","55827134","3.2625e-05","0.0072","C"
"4","Trait5","mrMLM","NsiI.TP662499","9","55877436","-4.9495e-07","1e-04","A"
"4","Trait5","mrMLM","PstI.TP80391","9","55886281","-0.0156","0.275","C"
"4","Trait5","mrMLM","NsiI.TP336251","9","55892419","-0.055","0.2842","A"
"4","Trait5","mrMLM","PstI.TP1250588","9","55892819","-0.0256","0.348","A"
"4","Trait5","mrMLM","NsiI.TP445017","9","55901846","0.0731","0.9256","A"
"4","Trait5","mrMLM","GFk40ctg123299_208","9","55923478","-6.9942e-06","0.0015","A"
"4","Trait5","mrMLM","PstI.TP256775","9","55929912","0.2314","1.0256","A"
"4","Trait5","mrMLM","NsiI.TP833315","9","55930379","-7.9911e-06","0.0017","C"
"4","Trait5","mrMLM","PstI.TP270319","9","55939557","-7.8247e-06","0.0017","C"
"4","Trait5","mrMLM","NsiI.TP762353","9","55946371","1.8781e-05","0.0041","A"
"4","Trait5","mrMLM","PstI.TP316648","9","55957859","2.7575e-05","0.006","C"
"4","Trait5","mrMLM","NsiI.TP200783","9","55961133","-1.1372e-05","0.0025","C"
"4","Trait5","mrMLM","NsiI.TP670962","9","55961210","2.5407e-06","6e-04","G"
"4","Trait5","mrMLM","PstI.TP387329","9","55961556","-0.1272","1.3011","C"
"4","Trait5","mrMLM","PstI.TP116355","9","55967635","-7.5364e-06","0.0016","A"
"4","Trait5","mrMLM","PstI.TP1153301","9","55968975","0.2051","0.8933","A"
"4","Trait5","mrMLM","NsiI.TP328169","9","55972214","1.8061e-05","0.0039","G"
"4","Trait5","mrMLM","PstI.TP483035","9","55972290","0.0484","0.6248","C"
"4","Trait5","mrMLM","PstI.TP784135","9","55979967","-2.2814e-05","0.005","C"
"4","Trait5","mrMLM","NsiI.TP738487","9","55984582","-1.3766e-05","0.003","C"
"4","Trait5","mrMLM","PstI.TP1099841","9","55993675","0.0452","0.5415","A"
"4","Trait5","mrMLM","PstI.TP1102724","9","56001461","-8.5522e-06","0.0019","C"
"4","Trait5","mrMLM","NsiI.TP119506","9","56029837","2.7951e-05","0.0061","A"
"4","Trait5","mrMLM","PstI.TP551551","9","56031713","-5.7237e-06","0.0012","C"
"4","Trait5","mrMLM","NsiI.TP616446","9","56031936","-4.2499e-05","0.0094","C"
"4","Trait5","mrMLM","PstI.TP1158085","9","56043796","0.0612","0.5511","A"
"4","Trait5","mrMLM","PstI.TP811568","9","56079716","-8.0604e-06","0.0018","A"
"4","Trait5","mrMLM","NsiI.TP153764","9","56101225","-3.221e-05","0.0071","A"
"4","Trait5","mrMLM","PstI.TP132499","9","56107884","-0.096","0.5007","A"
"4","Trait5","mrMLM","PstI.TP265054","9","56115773","-0.0873","1.0097","G"
"4","Trait5","mrMLM","NsiI.TP281398","9","56116743","9.4027e-06","0.0021","A"
"4","Trait5","mrMLM","NsiI.TP225064","9","56118866","2.4022e-06","5e-04","C"
"4","Trait5","mrMLM","NsiI.TP153193","9","56125250","7.5215e-06","0.0016","A"
"4","Trait5","mrMLM","PstI.TP285940","9","56125591","8.6292e-06","0.0019","A"
"4","Trait5","mrMLM","PstI.TP943613","9","56125618","1.9656e-05","0.0043","A"
"4","Trait5","mrMLM","PstI.TP1292650","9","56135356","-7.7224e-06","0.0017","A"
"4","Trait5","mrMLM","PstI.TP788169","9","56135810","0.0286","0.3544","A"
"4","Trait5","mrMLM","NsiI.TP86299","9","56152259","0.113","0.8467","A"
"4","Trait5","mrMLM","PstI.TP700182","9","56152423","0.032","0.3897","A"
"4","Trait5","mrMLM","NsiI.TP161693","9","56152528","0.1102","0.4588","A"
"4","Trait5","mrMLM","NsiI.TP43089","9","56153157","-1.1323e-05","0.0025","A"
"4","Trait5","mrMLM","NsiI.TP798663","9","56154443","7.1056e-06","0.0015","C"
"4","Trait5","mrMLM","PstI.TP58213","9","56165441","1.3451e-05","0.0029","A"
"4","Trait5","mrMLM","PstI.TP106522","9","56178557","6.5549e-06","0.0014","A"
"4","Trait5","mrMLM","PstI.TP265377","9","56178766","0.0221","0.1975","C"
"4","Trait5","mrMLM","PstI.TP1139936","9","56179529","2.0094e-05","0.0044","C"
"4","Trait5","mrMLM","PstI.TP512904","9","56180672","1.0627e-05","0.0023","C"
"4","Trait5","mrMLM","NsiI.TP535068","9","56202511","1.8545e-05","0.0041","A"
"4","Trait5","mrMLM","NsiI.TP424328","9","56202884","0.2789","0.9701","A"
"4","Trait5","mrMLM","PstI.TP349556","9","56207028","1.4312e-05","0.0031","C"
"4","Trait5","mrMLM","PstI.TP731038","9","56211492","-0.0686","0.2994","C"
"4","Trait5","mrMLM","PstI.TP15780","9","56211895","-0.1547","1.714","A"
"4","Trait5","mrMLM","NsiI.TP94109","9","56225184","0.0952","0.7662","C"
"4","Trait5","mrMLM","NsiI.TP86640","9","56225218","2.2321e-05","0.0049","C"
"4","Trait5","mrMLM","PstI.TP901852","9","56232688","0.1803","1.1843","A"
"4","Trait5","mrMLM","PstI.TP994584","9","56234158","1.3907e-05","0.003","C"
"4","Trait5","mrMLM","PstI.TP794116","9","56234362","-2.4942e-05","0.0055","A"
"4","Trait5","mrMLM","PstI.TP476170","9","56238781","0.0072","0.1506","A"
"4","Trait5","mrMLM","PstI.TP189676","9","56252422","0.0606","0.4911","C"
"4","Trait5","mrMLM","NsiI.TP422978","9","56358200","-9.2544e-06","0.002","C"
"4","Trait5","mrMLM","NsiI.TP425145","9","56358205","2.0861e-05","0.0046","C"
"4","Trait5","mrMLM","NsiI.TP722875","9","56359384","2.1697e-05","0.0047","C"
"4","Trait5","mrMLM","PstI.TP1140331","9","56361768","1.0645e-05","0.0023","C"
"4","Trait5","mrMLM","NsiI.TP170146","9","56362512","-0.074","0.7847","A"
"4","Trait5","mrMLM","NsiI.TP259324","9","56371349","9.379e-06","0.002","A"
"4","Trait5","mrMLM","PstI.TP827439","9","56440541","-2.6249e-07","5.7128e-05","C"
"4","Trait5","mrMLM","NsiI.TP687131","9","56454890","-9.4644e-07","2e-04","A"
"4","Trait5","mrMLM","NsiI.TP293596","9","56460884","1.8125e-06","4e-04","C"
"4","Trait5","mrMLM","PstI.TP688386","9","56467765","0.0172","0.1002","A"
"4","Trait5","mrMLM","PstI.TP346820","9","56488908","2.0155e-05","0.0044","A"
"4","Trait5","mrMLM","PstI.TP757368","9","56488908","0.0644","0.6433","C"
"4","Trait5","mrMLM","PstI.TP589168","9","56497674","-0.0214","0.2166","A"
"4","Trait5","mrMLM","PstI.TP90857","9","56499923","-0.1783","0.7911","A"
"4","Trait5","mrMLM","PstI.TP1025701","9","56524084","2.2113e-05","0.0048","C"
"4","Trait5","mrMLM","NsiI.TP436544","9","56552803","-1.2562e-05","0.0027","C"
"4","Trait5","mrMLM","PstI.TP94534","9","56597128","-1.8318e-05","0.004","G"
"4","Trait5","mrMLM","PstI.TP613511","9","56599721","-0.0669","0.3982","A"
"4","Trait5","mrMLM","PstI.TP613512","9","56599740","-0.0176","0.1322","C"
"4","Trait5","mrMLM","PstI.TP442690","9","56608067","-4.6447e-07","1e-04","A"
"4","Trait5","mrMLM","PstI.TP1104589","9","56629291","-2.6332e-05","0.0058","A"
"4","Trait5","mrMLM","PstI.TP1188178","9","56631268","1.736e-05","0.0038","A"
"4","Trait5","mrMLM","PstI.TP492129","9","56657586","0.0488","0.4599","C"
"4","Trait5","mrMLM","PstI.TP783096","9","56666756","-2.6658e-05","0.0058","A"
"4","Trait5","mrMLM","NsiI.TP73011","9","56668753","-0.0698","0.6905","A"
"4","Trait5","mrMLM","NsiI.TP453320","9","56671327","0.0714","0.4142","C"
"4","Trait5","mrMLM","PstI.TP700009","9","56703166","0.0342","0.2305","A"
"4","Trait5","mrMLM","NsiI.TP492284","9","56712348","-0.0574","0.4574","A"
"4","Trait5","mrMLM","NsiI.TP559522","9","56728211","4.9631e-08","1.0802e-05","A"
"4","Trait5","mrMLM","PstI.TP45924","9","56733003","3.4858e-05","0.0077","A"
"4","Trait5","mrMLM","PstI.TP644332","9","56733035","3.4997e-05","0.0077","C"
"4","Trait5","mrMLM","PstI.TP760791","9","56736412","-2.3778e-05","0.0052","C"
"4","Trait5","mrMLM","PstI.TP191047","9","56779772","7.8832e-06","0.0017","A"
"4","Trait5","mrMLM","PstI.TP1293272","9","56781703","-0.3042","1.5271","A"
"4","Trait5","mrMLM","NsiI.TP158222","9","56790425","0.06","0.3674","G"
"4","Trait5","mrMLM","PstI.TP862620","9","56791733","-0.307","1.3516","C"
"4","Trait5","mrMLM","NsiI.TP571380","9","56796723","-1.5349e-06","3e-04","C"
"4","Trait5","mrMLM","NsiI.TP31280","9","56802717","-1.2363e-05","0.0027","C"
"4","Trait5","mrMLM","PstI.TP1149819","9","56805113","-1.3019e-05","0.0028","A"
"4","Trait5","mrMLM","PstI.TP728267","9","56809992","-9.7799e-06","0.0021","C"
"4","Trait5","mrMLM","NsiI.TP707549","9","56825848","1.5843e-05","0.0035","C"
"4","Trait5","mrMLM","PstI.TP805819","9","56839160","1.1117e-05","0.0024","C"
"4","Trait5","mrMLM","PstI.TP572213","9","56840292","2.1023e-05","0.0046","A"
"4","Trait5","mrMLM","PstI.TP173688","9","56840311","-5.0394e-06","0.0011","A"
"4","Trait5","mrMLM","PstI.TP821331","9","56852823","-0.0963","1.0782","C"
"4","Trait5","mrMLM","NsiI.TP529142","9","56879095","1.1695e-05","0.0026","G"
"4","Trait5","mrMLM","NsiI.TP198719","9","56879144","0.0756","0.4085","G"
"4","Trait5","mrMLM","PstI.TP1157052","9","56882603","-0.2063","0.9885","A"
"4","Trait5","mrMLM","PstI.TP546009","9","56888557","2.9778e-05","0.0065","A"
"4","Trait5","mrMLM","PstI.TP546003","9","56888573","-5.5448e-06","0.0012","G"
"4","Trait5","mrMLM","NsiI.TP336795","9","56890558","1.3288e-05","0.0029","C"
"4","Trait5","mrMLM","PstI.TP904238","9","56890594","-2.5322e-06","6e-04","A"
"4","Trait5","mrMLM","PstI.TP759517","9","56896624","-7.6324e-06","0.0017","A"
"4","Trait5","mrMLM","PstI.TP1140456","9","56897529","-2.1626e-06","5e-04","A"
"4","Trait5","mrMLM","PstI.TP261689","9","56906362","-0.0866","0.4357","A"
"4","Trait5","mrMLM","PstI.TP930653","9","56906789","-2.2999e-05","0.005","A"
"4","Trait5","mrMLM","PstI.TP1023013","9","56906861","6.3597e-06","0.0014","A"
"4","Trait5","mrMLM","PstI.TP884095","9","56925631","-0.03","0.376","A"
"4","Trait5","mrMLM","NsiI.TP676889","9","56927943","0.0328","0.1959","A"
"4","Trait5","mrMLM","PstI.TP364228","9","56945624","0.0071","0.1123","G"
"4","Trait5","mrMLM","PstI.TP1265645","9","56989922","-1.1644e-05","0.0025","C"
"4","Trait5","mrMLM","NsiI.TP769436","9","56990084","7.5684e-06","0.0017","C"
"4","Trait5","mrMLM","PstI.TP635461","9","56995495","8.203e-07","2e-04","C"
"4","Trait5","mrMLM","PstI.TP75909","9","56999108","0.1552","1.1518","A"
"4","Trait5","mrMLM","NsiI.TP488526","9","57014578","0.0726","0.9605","A"
"4","Trait5","mrMLM","PstI.TP485114","9","57032697","-0.0845","0.8186","A"
"4","Trait5","mrMLM","PstI.TP485111","9","57032699","2.1221e-05","0.0046","A"
"4","Trait5","mrMLM","NsiI.TP90699","9","57043017","-4.034e-06","9e-04","G"
"4","Trait5","mrMLM","PstI.TP538688","9","57046696","-2.1908e-05","0.0048","A"
"4","Trait5","mrMLM","PstI.TP948867","9","57048243","-0.009","0.0851","C"
"4","Trait5","mrMLM","PstI.TP91283","9","57061948","7.3676e-06","0.0016","C"
"4","Trait5","mrMLM","PstI.TP801703","9","57064562","-1.3755e-05","0.003","A"
"4","Trait5","mrMLM","NsiI.TP459743","9","57066644","1.2598e-05","0.0028","A"
"4","Trait5","mrMLM","PstI.TP667551","9","57073646","-2.7224e-05","0.006","C"
"4","Trait5","mrMLM","NsiI.TP233204","9","57081211","1.5076e-05","0.0033","C"
"4","Trait5","mrMLM","NsiI.TP771030","9","57088018","-1.0891e-06","2e-04","C"
"4","Trait5","mrMLM","NsiI.TP128959","9","57088886","-4.0274e-06","9e-04","C"
"4","Trait5","mrMLM","PstI.TP319583","9","57094022","1.2082e-05","0.0026","C"
"4","Trait5","mrMLM","NsiI.TP600021","9","57108715","2.0137e-05","0.0044","G"
"4","Trait5","mrMLM","GFSSContig5277_533","9","57114604","2.8655e-05","0.0063","T"
"4","Trait5","mrMLM","GFSSContig16921_632","9","57129703","-2.9475e-05","0.0065","A"
"4","Trait5","mrMLM","PstI.TP72432","9","57164171","1.0339e-05","0.0023","C"
"4","Trait5","mrMLM","NsiI.TP25653","9","57197546","-6.4916e-06","0.0014","A"
"4","Trait5","mrMLM","NsiI.TP280878","9","57240472","-0.0641","0.6552","A"
"4","Trait5","mrMLM","PstI.TP632102","9","57259141","3.0984e-06","7e-04","A"
"4","Trait5","mrMLM","NsiI.TP489710","9","57260202","-1.4318e-06","3e-04","C"
"4","Trait5","mrMLM","PstI.TP426705","9","57264223","0.1659","0.8307","C"
"4","Trait5","mrMLM","NsiI.TP66114","9","57265279","-1.3437e-05","0.0029","C"
"4","Trait5","mrMLM","PstI.TP539272","9","57266122","1.6908e-06","4e-04","A"
"4","Trait5","mrMLM","PstI.TP122734","9","57273792","0.0382","0.48","C"
"4","Trait5","mrMLM","NsiI.TP459860","9","57273897","-1.9206e-06","4e-04","C"
"4","Trait5","mrMLM","PstI.TP1096253","9","57274214","-2.6198e-05","0.0057","C"
"4","Trait5","mrMLM","NsiI.TP390209","9","57275619","2.584e-06","6e-04","A"
"4","Trait5","mrMLM","PstI.TP140364","9","57283110","-1.0016e-05","0.0022","C"
"4","Trait5","mrMLM","NsiI.TP325358","9","57305963","0.0097","0.1255","A"
"4","Trait5","mrMLM","PstI.TP203450","9","57308183","1.1684e-05","0.0026","G"
"4","Trait5","mrMLM","PstI.TP923634","9","57313718","-1.7162e-05","0.0038","A"
"4","Trait5","mrMLM","PstI.TP595651","9","57313799","-8.0273e-06","0.0018","C"
"4","Trait5","mrMLM","PstI.TP794726","9","57314009","0.1167","0.7841","C"
"4","Trait5","mrMLM","NsiI.TP82848","9","57323154","2.1924e-05","0.0048","C"
"4","Trait5","mrMLM","PstI.TP287945","9","57331874","-1.3706e-05","0.003","C"
"4","Trait5","mrMLM","NsiI.TP779142","9","57332823","-2.0607e-05","0.0045","C"
"4","Trait5","mrMLM","PstI.TP176238","9","57334019","-1.2049e-05","0.0026","A"
"4","Trait5","mrMLM","PstI.TP761246","9","57334989","1.9415e-05","0.0042","A"
"4","Trait5","mrMLM","PstI.TP1225212","9","57339349","-2.2323e-05","0.0049","A"
"4","Trait5","mrMLM","PstI.TP824522","9","57344908","-1.1446e-05","0.0025","C"
"4","Trait5","mrMLM","PstI.TP790135","9","57345247","1.2665e-06","3e-04","A"
"4","Trait5","mrMLM","NsiI.TP303630","9","57347465","0.0606","0.6071","G"
"4","Trait5","mrMLM","PstI.TP1155814","9","57370598","7.5146e-06","0.0016","C"
"4","Trait5","mrMLM","PstI.TP703892","9","57371671","-0.0218","0.2836","A"
"4","Trait5","mrMLM","PstI.TP625412","9","57388113","1.0646e-05","0.0023","A"
"4","Trait5","mrMLM","PstI.TP526711","9","57410674","2.8044e-05","0.0061","A"
"4","Trait5","mrMLM","NsiI.TP20508","9","57433691","3.7624e-05","0.0083","C"
"4","Trait5","mrMLM","PstI.TP91666","9","57446168","0.1507","0.899","C"
"4","Trait5","mrMLM","NsiI.TP149533","9","57452872","9.5454e-06","0.0021","A"
"4","Trait5","mrMLM","PstI.TP184836","9","57455010","4.2179e-05","0.0093","A"
"4","Trait5","mrMLM","PstI.TP19582","9","57455094","-5.8426e-06","0.0013","A"
"4","Trait5","mrMLM","PstI.TP289185","9","57455890","6.2906e-06","0.0014","C"
"4","Trait5","mrMLM","NsiI.TP626669","9","57473372","-3.4145e-06","7e-04","C"
"4","Trait5","mrMLM","PstI.TP438261","9","57473962","-2.6448e-05","0.0058","C"
"4","Trait5","mrMLM","PstI.TP368869","9","57480443","3.0231e-06","7e-04","A"
"4","Trait5","mrMLM","PstI.TP1042921","9","57481010","-8.4848e-06","0.0019","A"
"4","Trait5","mrMLM","PstI.TP1040911","9","57488127","-0.0525","0.314","C"
"4","Trait5","mrMLM","PstI.TP407487","9","57491188","-3.7135e-06","8e-04","A"
"4","Trait5","mrMLM","NsiI.TP338218","9","57500243","8.3117e-06","0.0018","A"
"4","Trait5","mrMLM","PstI.TP177327","9","57530862","-0.123","1.1466","A"
"4","Trait5","mrMLM","PstI.TP1051979","9","57531618","-8.8432e-06","0.0019","A"
"4","Trait5","mrMLM","NsiI.TP221830","9","57581468","3.0921e-07","6.7298e-05","C"
"4","Trait5","mrMLM","PstI.TP26223","9","57585487","0.0194","0.1776","G"
"4","Trait5","mrMLM","PstI.TP888965","9","57620981","1.0103e-06","2e-04","A"
"4","Trait5","mrMLM","PstI.TP976305","9","57621267","3.2576e-06","7e-04","C"
"4","Trait5","mrMLM","PstI.TP674522","9","57629722","0.0568","0.4116","A"
"4","Trait5","mrMLM","PstI.TP69959","9","57639787","-1.1522e-05","0.0025","A"
"4","Trait5","mrMLM","PstI.TP676134","9","57652835","-6.9197e-06","0.0015","C"
"4","Trait5","mrMLM","PstI.TP676131","9","57652842","8.7987e-06","0.0019","C"
"4","Trait5","mrMLM","PstI.TP382448","9","57654128","-6.0417e-06","0.0013","G"
"4","Trait5","mrMLM","NsiI.TP699818","9","57654624","-1.0304e-05","0.0022","A"
"4","Trait5","mrMLM","PstI.TP483645","9","57663513","0.091","0.4845","A"
"4","Trait5","mrMLM","NsiI.TP762397","9","57667975","1.6579e-06","4e-04","A"
"4","Trait5","mrMLM","PstI.TP365531","9","57670331","0.0667","0.5098","C"
"4","Trait5","mrMLM","PstI.TP1291479","9","57670398","1.8395e-05","0.004","C"
"4","Trait5","mrMLM","PstI.TP1151057","9","57675917","-0.347","1.398","A"
"4","Trait5","mrMLM","PstI.TP486217","9","57682477","-0.0393","0.46","C"
"4","Trait5","mrMLM","PstI.TP1047497","9","57724716","-0.1764","0.8014","A"
"4","Trait5","mrMLM","PstI.TP1047489","9","57724750","0.0651","0.4596","C"
"4","Trait5","mrMLM","PstI.TP1040183","9","57730404","-7.0163e-06","0.0015","A"
"4","Trait5","mrMLM","PstI.TP190834","9","57732406","-1.2694e-05","0.0028","G"
"4","Trait5","mrMLM","NsiI.TP377187","9","57735169","-1.2221e-06","3e-04","A"
"4","Trait5","mrMLM","NsiI.TP431718","9","57738826","-0.0243","0.3331","G"
"4","Trait5","mrMLM","NsiI.TP447040","9","57741730","1.0392e-05","0.0023","C"
"4","Trait5","mrMLM","NsiI.TP164494","9","57742210","3.6527e-06","8e-04","G"
"4","Trait5","mrMLM","PstI.TP122055","9","57748273","-7.2469e-06","0.0016","C"
"4","Trait5","mrMLM","PstI.TP4279","9","57771592","0.0402","0.3685","C"
"4","Trait5","mrMLM","PstI.TP833752","9","57773023","1.7588e-05","0.0038","C"
"4","Trait5","mrMLM","PstI.TP14229","9","57790410","0.1653","2.3185","C"
"4","Trait5","mrMLM","NsiI.TP84088","9","57791211","1.4203e-05","0.0031","A"
"4","Trait5","mrMLM","NsiI.TP458692","9","57793966","-8.0834e-06","0.0018","A"
"4","Trait5","mrMLM","NsiI.TP509108","9","57826627","8.9718e-06","0.002","A"
"4","Trait5","mrMLM","PstI.TP693592","9","57832644","-2.5637e-05","0.0056","C"
"4","Trait5","mrMLM","NsiI.TP216880","9","57840413","6.1142e-06","0.0013","A"
"4","Trait5","mrMLM","NsiI.TP471012","9","57843502","-4.7576e-07","1e-04","A"
"4","Trait5","mrMLM","NsiI.TP463819","9","57843563","-0.3971","2.644","C"
"4","Trait5","mrMLM","PstI.TP228440","9","57856522","1.5783e-05","0.0034","A"
"4","Trait5","mrMLM","NsiI.TP219707","9","57857861","2.3583e-05","0.0052","G"
"4","Trait5","mrMLM","GFSSContig20403_1940","9","57872748","-0.0043","0.1005","T"
"4","Trait5","mrMLM","NsiI.TP106682","9","57902317","-1.8245e-05","0.004","A"
"4","Trait5","mrMLM","NsiI.TP159365","9","57904175","-2.9053e-05","0.0064","A"
"4","Trait5","mrMLM","PstI.TP63807","9","57917093","-1.5419e-05","0.0034","A"
"4","Trait5","mrMLM","PstI.TP405385","9","57943486","-0.0746","0.869","C"
"4","Trait5","mrMLM","NsiI.TP350536","9","57944235","1.3378e-05","0.0029","C"
"4","Trait5","mrMLM","PstI.TP1155480","9","57950063","-0.0784","0.6029","A"
"4","Trait5","mrMLM","PstI.TP590734","9","57975412","0.0156","0.1367","A"
"4","Trait5","mrMLM","PstI.TP1264479","9","57983782","-1.7545e-05","0.0038","C"
"4","Trait5","mrMLM","PstI.TP166774","9","57999545","0.2334","1.652","G"
"4","Trait5","mrMLM","PstI.TP131043","9","58001360","-0.0107","0.1677","A"
"4","Trait5","mrMLM","PstI.TP435476","9","58021087","-1.6044e-05","0.0035","C"
"4","Trait5","mrMLM","PstI.TP1225498","9","58030547","-0.004","0.0897","A"
"4","Trait5","mrMLM","PstI.TP1259561","9","58030636","-0.2024","0.9531","A"
"4","Trait5","mrMLM","NsiI.TP494124","9","58038457","3.0132e-05","0.0066","C"
"4","Trait5","mrMLM","NsiI.TP430928","9","58038636","-8.6333e-06","0.0019","C"
"4","Trait5","mrMLM","PstI.TP483756","9","58041481","0.3582","1.7471","A"
"4","Trait5","mrMLM","PstI.TP314886","9","58046123","-1.1871e-05","0.0026","C"
"4","Trait5","mrMLM","NsiI.TP156918","9","58048359","-7.8093e-06","0.0017","A"
"4","Trait5","mrMLM","PstI.TP537403","9","58063178","-1.409e-06","3e-04","C"
"4","Trait5","mrMLM","PstI.TP217205","9","58075202","-3.2345e-06","7e-04","C"
"4","Trait5","mrMLM","NsiI.TP438150","9","58114148","0.2628","1.262","C"
"4","Trait5","mrMLM","NsiI.TP134866","9","58154864","0.0912","0.6192","G"
"4","Trait5","mrMLM","PstI.TP1246543","9","58154950","0.0061","0.1016","A"
"4","Trait5","mrMLM","GFSSContig16226_576","9","58164825","0.0635","0.37","A"
"4","Trait5","mrMLM","PstI.TP204727","9","58169531","-5.6749e-06","0.0012","C"
"4","Trait5","mrMLM","PstI.TP1168580","9","58174360","-1.3755e-06","3e-04","A"
"4","Trait5","mrMLM","NsiI.TP386681","9","58177204","-3.8344e-06","8e-04","A"
"4","Trait5","mrMLM","GFSSContig18763_1001","9","58194426","-3.5807e-06","8e-04","T"
"4","Trait5","mrMLM","NsiI.TP410861","9","58197838","8.0548e-06","0.0018","C"
"4","Trait5","mrMLM","PstI.TP1185054","9","58198396","-1.8022e-05","0.0039","C"
"4","Trait5","mrMLM","PstI.TP548121","9","58253929","1.262e-05","0.0028","C"
"4","Trait5","mrMLM","PstI.TP458448","9","58254242","0.0555","0.3571","C"
"4","Trait5","mrMLM","PstI.TP24815","9","58254322","0.093","0.4159","A"
"4","Trait5","mrMLM","PstI.TP541399","9","58259418","0.1169","0.8196","A"
"4","Trait5","mrMLM","PstI.TP989976","9","58265171","-0.0599","0.3534","C"
"4","Trait5","mrMLM","NsiI.TP436632","9","58295073","-1.4124e-05","0.0031","A"
"4","Trait5","mrMLM","PstI.TP487973","9","58309669","0.0361","0.512","C"
"4","Trait5","mrMLM","PstI.TP94377","9","58316006","8.8088e-07","2e-04","C"
"4","Trait5","mrMLM","PstI.TP736554","9","58320217","-1.2221e-05","0.0027","G"
"4","Trait5","mrMLM","PstI.TP1280120","9","58329797","2.9036e-05","0.0064","C"
"4","Trait5","mrMLM","NsiI.TP288606","9","58335440","0.0057","0.0746","C"
"4","Trait5","mrMLM","NsiI.TP636038","9","58336860","5.5323e-06","0.0012","A"
"4","Trait5","mrMLM","PstI.TP982126","9","58344631","-9.4663e-06","0.0021","C"
"4","Trait5","mrMLM","PstI.TP523328","9","58344870","0.0899","0.8222","C"
"4","Trait5","mrMLM","NsiI.TP492534","9","58366610","1.0005e-05","0.0022","A"
"4","Trait5","mrMLM","PstI.TP1137706","9","58368202","-0.1121","0.554","G"
"4","Trait5","mrMLM","PstI.TP274075","9","58385522","-0.005","0.0571","C"
"4","Trait5","mrMLM","NsiI.TP426355","9","58388987","0.0047","0.1118","A"
"4","Trait5","mrMLM","NsiI.TP373338","9","58393375","7.838e-06","0.0017","C"
"4","Trait5","mrMLM","NsiI.TP675233","9","58409914","-1.4739e-05","0.0032","A"
"4","Trait5","mrMLM","NsiI.TP161889","9","58409923","-0.0713","0.8818","C"
"4","Trait5","mrMLM","NsiI.TP287087","9","58431565","2.2691e-06","5e-04","C"
"4","Trait5","mrMLM","NsiI.TP379046","9","58431629","-0.0818","0.7043","A"
"4","Trait5","mrMLM","PstI.TP928184","9","58431631","2.1184e-05","0.0046","A"
"4","Trait5","mrMLM","NsiI.TP589125","9","58446363","-1.9067e-05","0.0042","A"
"4","Trait5","mrMLM","PstI.TP176380","9","58460036","-1.7232e-05","0.0038","A"
"4","Trait5","mrMLM","NsiI.TP339860","9","58465814","-2.8274e-05","0.0062","A"
"4","Trait5","mrMLM","PstI.TP759796","9","58490903","-0.0225","0.2829","A"
"4","Trait5","mrMLM","NsiI.TP161913","9","58496317","3.3633e-06","7e-04","A"
"4","Trait5","mrMLM","PstI.TP95118","9","58539170","-0.0078","0.116","A"
"4","Trait5","mrMLM","PstI.TP1284756","9","58597331","1.9145e-05","0.0042","C"
"4","Trait5","mrMLM","NsiI.TP780156","9","58637084","-9.1489e-06","0.002","A"
"4","Trait5","mrMLM","PstI.TP1040667","9","58669059","-1.5318e-05","0.0033","C"
"4","Trait5","mrMLM","NsiI.TP550504","9","58670175","-2.2436e-05","0.0049","C"
"4","Trait5","mrMLM","NsiI.TP126966","9","58673456","4.1702e-05","0.0092","C"
"4","Trait5","mrMLM","NsiI.TP699969","9","58701502","0.041","0.3256","A"
"4","Trait5","mrMLM","NsiI.TP124711","9","58704849","1.2307e-05","0.0027","A"
"4","Trait5","mrMLM","NsiI.TP324407","9","58737240","-9.6955e-06","0.0021","A"
"4","Trait5","mrMLM","NsiI.TP90957","9","58754094","3.8306e-06","8e-04","C"
"4","Trait5","mrMLM","PstI.TP780644","9","58756246","1.6284e-05","0.0036","C"
"4","Trait5","mrMLM","PstI.TP678666","9","58776115","-2.0495e-05","0.0045","A"
"4","Trait5","mrMLM","PstI.TP276765","9","58777670","1.5466e-05","0.0034","C"
"4","Trait5","mrMLM","NsiI.TP36165","9","58838416","0.118","0.535","G"
"4","Trait5","mrMLM","NsiI.TP36166","9","58838434","-0.1077","0.5109","A"
"4","Trait5","mrMLM","NsiI.TP812328","9","58887871","9.1626e-06","0.002","A"
"4","Trait5","mrMLM","NsiI.TP828000","9","58887920","-8.9386e-06","0.0019","C"
"4","Trait5","mrMLM","NsiI.TP746317","9","58908225","-3.176e-05","0.007","C"
"4","Trait5","mrMLM","NsiI.TP177056","9","58910846","-6.6675e-06","0.0015","A"
"4","Trait5","mrMLM","PstI.TP948386","9","58911041","-1.5862e-05","0.0035","C"
"4","Trait5","mrMLM","GFSSContig15563_263","9","58912474","-2.0293e-05","0.0044","T"
"4","Trait5","mrMLM","PstI.TP673331","9","58920138","-0.0276","0.1852","C"
"4","Trait5","mrMLM","NsiI.TP199584","9","58950916","-9.4445e-06","0.0021","A"
"4","Trait5","mrMLM","PstI.TP703807","9","58969546","1.1254e-05","0.0025","A"
"4","Trait5","mrMLM","PstI.TP970556","9","58981556","-2.1249e-05","0.0046","A"
"4","Trait5","mrMLM","NsiI.TP810114","9","58991997","-5.1605e-06","0.0011","A"
"4","Trait5","mrMLM","NsiI.TP739117","9","59004735","0.0026","0.0749","C"
"4","Trait5","mrMLM","GFSSContig3933_570","9","59006166","2.0421e-05","0.0045","A"
"4","Trait5","mrMLM","PstI.TP428592","9","59017930","0.1393","0.5581","C"
"4","Trait5","mrMLM","PstI.TP1054767","9","59022402","-0.0903","0.5891","A"
"4","Trait5","mrMLM","PstI.TP63042","9","59079217","-9.5879e-06","0.0021","A"
"4","Trait5","mrMLM","PstI.TP780771","9","59133543","0.0106","0.164","G"
"4","Trait5","mrMLM","PstI.TP199286","9","59138734","0.2077","1.0366","A"
"4","Trait5","mrMLM","PstI.TP325968","9","59160642","-0.1636","0.6384","C"
"4","Trait5","mrMLM","PstI.TP374255","9","59171415","0.0491","0.1967","A"
"4","Trait5","mrMLM","PstI.TP1062021","9","59189842","1.4499e-05","0.0032","C"
"4","Trait5","mrMLM","NsiI.TP588315","9","59190931","2.8284e-05","0.0062","C"
"4","Trait5","mrMLM","NsiI.TP233983","9","59200153","3.8766e-06","8e-04","A"
"4","Trait5","mrMLM","PstI.TP992430","9","59206611","-1.1926e-06","3e-04","C"
"4","Trait5","mrMLM","PstI.TP314288","9","59208232","8.961e-07","2e-04","A"
"4","Trait5","mrMLM","NsiI.TP441053","9","59208294","3.1383e-05","0.0069","C"
"4","Trait5","mrMLM","NsiI.TP431624","9","59218147","-0.0268","0.1848","A"
"4","Trait5","mrMLM","NsiI.TP431621","9","59218148","0.1629","0.8105","A"
"4","Trait5","mrMLM","NsiI.TP472511","9","59219250","-1.5435e-06","3e-04","C"
"4","Trait5","mrMLM","NsiI.TP312191","9","59221334","-1.3073e-05","0.0029","A"
"4","Trait5","mrMLM","PstI.TP114097","9","59221807","-1.9416e-05","0.0042","C"
"4","Trait5","mrMLM","NsiI.TP95062","9","59225886","1.9661e-05","0.0043","A"
"4","Trait5","mrMLM","NsiI.TP756979","9","59227233","-7.8847e-06","0.0017","A"
"4","Trait5","mrMLM","NsiI.TP633477","9","59231156","-1.3667e-06","3e-04","C"
"4","Trait5","mrMLM","NsiI.TP26982","9","59252682","-0.0861","0.6947","G"
"4","Trait5","mrMLM","NsiI.TP147617","9","59264034","0.0647","0.4088","A"
"4","Trait5","mrMLM","NsiI.TP147616","9","59264040","-0.0417","0.3547","A"
"4","Trait5","mrMLM","NsiI.TP108187","9","59271952","-0.1152","1.0659","C"
"4","Trait5","mrMLM","PstI.TP647358","9","59273127","0.0248","0.2199","A"
"4","Trait5","mrMLM","NsiI.TP193822","9","59281104","7.0848e-06","0.0015","C"
"4","Trait5","mrMLM","PstI.TP345830","9","59281758","5.7878e-06","0.0013","C"
"4","Trait5","mrMLM","PstI.TP951210","9","59291799","-0.1375","0.917","C"
"4","Trait5","mrMLM","NsiI.TP440500","9","59299455","-0.1949","1.1152","C"
"4","Trait5","mrMLM","PstI.TP836522","9","59301044","-1.692e-05","0.0037","G"
"4","Trait5","mrMLM","PstI.TP183451","9","59303421","-0.0181","0.2342","C"
"4","Trait5","mrMLM","NsiI.TP724130","9","59312440","-0.2318","1.5391","C"
"4","Trait5","mrMLM","PstI.TP53013","9","59327122","1.0015e-05","0.0022","G"
"4","Trait5","mrMLM","NsiI.TP625606","9","59339849","-0.1094","0.5939","A"
"4","Trait5","mrMLM","NsiI.TP122854","9","59340916","-1.2674e-06","3e-04","A"
"4","Trait5","mrMLM","PstI.TP126127","9","59366615","-0.1653","0.9934","A"
"4","Trait5","mrMLM","NsiI.TP679096","9","59374905","-4.9151e-06","0.0011","C"
"4","Trait5","mrMLM","PstI.TP1038828","9","59381929","-1.1641e-05","0.0025","C"
"4","Trait5","mrMLM","PstI.TP595948","9","59408528","-0.0732","0.4072","G"
"4","Trait5","mrMLM","PstI.TP595915","9","59408533","5.3978e-06","0.0012","A"
"4","Trait5","mrMLM","PstI.TP312460","9","59408883","-5.2491e-07","1e-04","C"
"4","Trait5","mrMLM","PstI.TP851106","9","59409435","-9.8184e-06","0.0021","C"
"4","Trait5","mrMLM","PstI.TP132767","9","59409499","-3.8416e-06","8e-04","A"
"4","Trait5","mrMLM","NsiI.TP761406","10","14964","-1.8008e-05","0.0039","A"
"4","Trait5","mrMLM","PstI.TP356169","10","19381","-4.1298e-07","8.9914e-05","C"
"4","Trait5","mrMLM","PstI.TP347988","10","19420","4.08e-05","0.009","A"
"4","Trait5","mrMLM","PstI.TP1086817","10","46074","-1.2888e-06","3e-04","A"
"4","Trait5","mrMLM","NsiI.TP791054","10","66112","1.9554e-05","0.0043","C"
"4","Trait5","mrMLM","NsiI.TP589841","10","84009","-2.479e-06","5e-04","G"
"4","Trait5","mrMLM","NsiI.TP668684","10","91477","6.1255e-06","0.0013","C"
"4","Trait5","mrMLM","PstI.TP711759","10","98552","1.6754e-05","0.0037","C"
"4","Trait5","mrMLM","NsiI.TP696123","10","100028","-0.0434","0.2814","A"
"4","Trait5","mrMLM","PstI.TP320774","10","115892","1.7853e-05","0.0039","G"
"4","Trait5","mrMLM","PstI.TP806716","10","140556","0.2962","3.0648","A"
"4","Trait5","mrMLM","NsiI.TP551076","10","147042","-1.3508e-05","0.003","C"
"4","Trait5","mrMLM","NsiI.TP435871","10","150436","3.0133e-06","7e-04","A"
"4","Trait5","mrMLM","PstI.TP698346","10","150848","-2.1973e-05","0.0048","G"
"4","Trait5","mrMLM","NsiI.TP660811","10","157001","0.0068","0.1513","C"
"4","Trait5","mrMLM","NsiI.TP420329","10","157728","-2.2471e-06","5e-04","A"
"4","Trait5","mrMLM","NsiI.TP619841","10","164267","3.5474e-05","0.0078","A"
"4","Trait5","mrMLM","NsiI.TP227369","10","177463","0.0634","0.3779","A"
"4","Trait5","mrMLM","GFk50ctg317996_319","10","181025","4.5391e-07","9.881e-05","T"
"4","Trait5","mrMLM","NsiI.TP741442","10","221459","8.7289e-06","0.0019","A"
"4","Trait5","mrMLM","NsiI.TP304778","10","233718","-1.8904e-05","0.0041","A"
"4","Trait5","mrMLM","PstI.TP971769","10","254784","0.0591","0.5251","A"
"4","Trait5","mrMLM","PstI.TP401430","10","261208","6.8731e-06","0.0015","A"
"4","Trait5","mrMLM","NsiI.TP390203","10","267682","-0.0329","0.172","A"
"4","Trait5","mrMLM","PstI.TP106347","10","268264","1.0323e-05","0.0023","A"
"4","Trait5","mrMLM","PstI.TP1283968","10","284941","-3.592e-05","0.0079","A"
"4","Trait5","mrMLM","GFSSContig13484_518","10","292362","1.6321e-05","0.0036","T"
"4","Trait5","mrMLM","PstI.TP666628","10","312922","-1.2325e-05","0.0027","A"
"4","Trait5","mrMLM","NsiI.TP193015","10","352165","-2.1596e-05","0.0047","A"
"4","Trait5","mrMLM","NsiI.TP429720","10","403456","0.1352","0.6181","A"
"4","Trait5","mrMLM","PstI.TP254433","10","413248","-4.4795e-06","0.001","C"
"4","Trait5","mrMLM","PstI.TP849273","10","415317","0.0374","0.4029","G"
"4","Trait5","mrMLM","PstI.TP995253","10","421853","-2.6096e-06","6e-04","C"
"4","Trait5","mrMLM","PstI.TP259396","10","423292","0.0605","0.4538","C"
"4","Trait5","mrMLM","PstI.TP797248","10","438998","-4.6637e-06","0.001","A"
"4","Trait5","mrMLM","NsiI.TP120833","10","449853","-0.1604","0.6333","A"
"4","Trait5","mrMLM","NsiI.TP525011","10","450727","-6.1346e-06","0.0013","G"
"4","Trait5","mrMLM","PstI.TP1223981","10","451139","-3.2294e-05","0.0071","A"
"4","Trait5","mrMLM","NsiI.TP781284","10","474217","0.2743","2.1466","C"
"4","Trait5","mrMLM","PstI.TP993622","10","486193","0.023","0.1984","C"
"4","Trait5","mrMLM","NsiI.TP716066","10","486380","-0.0753","0.5036","A"
"4","Trait5","mrMLM","NsiI.TP459060","10","497104","1.9056e-05","0.0042","A"
"4","Trait5","mrMLM","PstI.TP32081","10","516124","2.0274e-05","0.0044","A"
"4","Trait5","mrMLM","PstI.TP943645","10","536366","1.1821e-05","0.0026","A"
"4","Trait5","mrMLM","PstI.TP542899","10","548717","2.8666e-05","0.0063","A"
"4","Trait5","mrMLM","PstI.TP802084","10","555823","0.122","0.78","A"
"4","Trait5","mrMLM","PstI.TP669887","10","582343","-3.3852e-06","7e-04","A"
"4","Trait5","mrMLM","PstI.TP276669","10","582355","2.0584e-05","0.0045","A"
"4","Trait5","mrMLM","NsiI.TP428380","10","599011","1.3921e-05","0.003","C"
"4","Trait5","mrMLM","NsiI.TP724214","10","605785","9.8073e-10","2.1345e-07","A"
"4","Trait5","mrMLM","PstI.TP996253","10","642804","-2.2123e-05","0.0048","C"
"4","Trait5","mrMLM","GFSSContig11810_723","10","664006","2.58e-05","0.0057","T"
"4","Trait5","mrMLM","PstI.TP842589","10","679777","-2.8175e-05","0.0062","G"
"4","Trait5","mrMLM","PstI.TP1031077","10","689016","2.6004e-05","0.0057","C"
"4","Trait5","mrMLM","PstI.TP689523","10","705089","-4.23e-05","0.0093","A"
"4","Trait5","mrMLM","NsiI.TP233640","10","730011","-1.4551e-05","0.0032","C"
"4","Trait5","mrMLM","PstI.TP942405","10","730543","-0.008","0.096","C"
"4","Trait5","mrMLM","PstI.TP1128550","10","731651","2.7158e-05","0.006","A"
"4","Trait5","mrMLM","PstI.TP215151","10","737870","-3.381e-06","7e-04","A"
"4","Trait5","mrMLM","PstI.TP636509","10","765968","-0.0394","0.2197","A"
"4","Trait5","mrMLM","PstI.TP198253","10","765989","-8.6649e-06","0.0019","A"
"4","Trait5","mrMLM","GFSSContig10247_485","10","766952","-0.0489","0.3852","A"
"4","Trait5","mrMLM","PstI.TP371092","10","781117","-1.4398e-05","0.0031","A"
"4","Trait5","mrMLM","PstI.TP1044533","10","781197","0.031","0.3244","C"
"4","Trait5","mrMLM","PstI.TP268066","10","827154","5.8706e-06","0.0013","A"
"4","Trait5","mrMLM","GFSSContig16519_974","10","959088","1.744e-05","0.0038","A"
"4","Trait5","mrMLM","GFSSContig16519_1139","10","959253","1.2454e-06","3e-04","C"
"4","Trait5","mrMLM","GFSSContig18533_925","10","959373","6.383e-07","1e-04","A"
"4","Trait5","mrMLM","PstI.TP1073806","10","964803","-0.0288","0.2767","A"
"4","Trait5","mrMLM","PstI.TP478568","10","1035796","1.1921e-05","0.0026","G"
"4","Trait5","mrMLM","PstI.TP164398","10","1046240","-0.0057","0.1143","A"
"4","Trait5","mrMLM","PstI.TP533756","10","1050714","-3.5956e-05","0.0079","A"
"4","Trait5","mrMLM","PstI.TP220787","10","1055307","0.0486","0.2842","A"
"4","Trait5","mrMLM","PstI.TP744946","10","1055316","-1.2156e-05","0.0027","A"
"4","Trait5","mrMLM","PstI.TP190442","10","1055795","0.0637","0.47","C"
"4","Trait5","mrMLM","PstI.TP251362","10","1088477","-0.0174","0.2371","C"
"4","Trait5","mrMLM","PstI.TP892558","10","1094568","2.6433e-05","0.0058","A"
"4","Trait5","mrMLM","PstI.TP176663","10","1133877","0.129","0.6021","A"
"4","Trait5","mrMLM","NsiI.TP98659","10","1137506","-0.2028","0.6216","A"
"4","Trait5","mrMLM","PstI.TP1117123","10","1206568","-6.4402e-06","0.0014","A"
"4","Trait5","mrMLM","PstI.TP79272","10","1217485","-5.7506e-06","0.0013","C"
"4","Trait5","mrMLM","NsiI.TP174659","10","1235809","-8.8065e-06","0.0019","A"
"4","Trait5","mrMLM","PstI.TP1102697","10","1245874","-1.2501e-05","0.0027","A"
"4","Trait5","mrMLM","NsiI.TP502082","10","1262753","3.7104e-06","8e-04","A"
"4","Trait5","mrMLM","NsiI.TP602839","10","1263762","-8.5404e-06","0.0019","C"
"4","Trait5","mrMLM","PstI.TP226414","10","1264236","1.1395e-05","0.0025","C"
"4","Trait5","mrMLM","PstI.TP202392","10","1264334","-0.0343","0.2731","A"
"4","Trait5","mrMLM","NsiI.TP415887","10","1266495","-3.9024e-05","0.0086","A"
"4","Trait5","mrMLM","PstI.TP1095597","10","1269949","0.0612","0.3615","A"
"4","Trait5","mrMLM","NsiI.TP83428","10","1272908","-8.3528e-06","0.0018","C"
"4","Trait5","mrMLM","PstI.TP549546","10","1280519","1.4974e-06","3e-04","A"
"4","Trait5","mrMLM","PstI.TP908250","10","1283043","4.1532e-05","0.0091","A"
"4","Trait5","mrMLM","PstI.TP293210","10","1285219","2.0983e-06","5e-04","A"
"4","Trait5","mrMLM","PstI.TP1143547","10","1288364","9.3807e-06","0.002","C"
"4","Trait5","mrMLM","PstI.TP134025","10","1309082","1.0605e-05","0.0023","A"
"4","Trait5","mrMLM","PstI.TP724992","10","1310286","2.0513e-05","0.0045","C"
"4","Trait5","mrMLM","PstI.TP894508","10","1363109","-7.2614e-09","1.581e-06","A"
"4","Trait5","mrMLM","NsiI.TP667322","10","1372755","-8.3011e-06","0.0018","C"
"4","Trait5","mrMLM","PstI.TP337849","10","1406820","-6.8248e-09","1.4855e-06","A"
"4","Trait5","mrMLM","NsiI.TP798784","10","1473161","-3.5562e-05","0.0078","A"
"4","Trait5","mrMLM","PstI.TP284290","10","1529382","0.0801","0.4041","A"
"4","Trait5","mrMLM","PstI.TP466283","10","1540417","-3.2336e-06","7e-04","A"
"4","Trait5","mrMLM","PstI.TP1164097","10","1543675","-0.0289","0.3657","A"
"4","Trait5","mrMLM","PstI.TP88378","10","1544377","-8.4307e-06","0.0018","C"
"4","Trait5","mrMLM","NsiI.TP128700","10","1548048","-2.9816e-06","6e-04","C"
"4","Trait5","mrMLM","GFSSContig16121_677","10","1555189","6.3025e-06","0.0014","A"
"4","Trait5","mrMLM","PstI.TP1124404","10","1580128","6.3809e-06","0.0014","A"
"4","Trait5","mrMLM","PstI.TP107255","10","1588745","8.9842e-06","0.002","A"
"4","Trait5","mrMLM","PstI.TP320192","10","1610743","0.1331","0.6436","A"
"4","Trait5","mrMLM","NsiI.TP391832","10","1658190","-1.1049e-05","0.0024","A"
"4","Trait5","mrMLM","PstI.TP260686","10","1659270","6.2661e-06","0.0014","A"
"4","Trait5","mrMLM","PstI.TP933601","10","1659429","-2.0211e-05","0.0044","A"
"4","Trait5","mrMLM","PstI.TP1025360","10","1666960","2.4948e-05","0.0055","C"
"4","Trait5","mrMLM","NsiI.TP193636","10","1673963","-5.8746e-06","0.0013","A"
"4","Trait5","mrMLM","NsiI.TP813814","10","1675406","-1.3058e-05","0.0029","C"
"4","Trait5","mrMLM","PstI.TP223695","10","1701745","-5.9167e-06","0.0013","C"
"4","Trait5","mrMLM","NsiI.TP595555","10","1711075","-8.6062e-06","0.0019","G"
"4","Trait5","mrMLM","PstI.TP819087","10","1719798","-0.1315","0.838","C"
"4","Trait5","mrMLM","PstI.TP19828","10","1728644","-0.146","0.5648","C"
"4","Trait5","mrMLM","PstI.TP767241","10","1740725","-1.1202e-05","0.0024","A"
"4","Trait5","mrMLM","PstI.TP799857","10","1782915","-8.1589e-06","0.0018","C"
"4","Trait5","mrMLM","NsiI.TP536477","10","1790769","2.2046e-05","0.0048","A"
"4","Trait5","mrMLM","PstI.TP724037","10","1796215","-0.1201","0.6907","C"
"4","Trait5","mrMLM","NsiI.TP753615","10","1797308","2.7216e-05","0.006","C"
"4","Trait5","mrMLM","NsiI.TP466654","10","1815915","0.1418","1.7783","C"
"4","Trait5","mrMLM","NsiI.TP193314","10","1816060","-3.2177e-05","0.0071","C"
"4","Trait5","mrMLM","PstI.TP963261","10","1822091","-0.0564","0.5395","G"
"4","Trait5","mrMLM","NsiI.TP204572","10","1827268","1.532e-06","3e-04","C"
"4","Trait5","mrMLM","PstI.TP315862","10","1833455","3.1947e-06","7e-04","G"
"4","Trait5","mrMLM","PstI.TP1258181","10","1834339","0.0715","0.6796","A"
"4","Trait5","mrMLM","PstI.TP397512","10","1839154","0.1367","1.1566","C"
"4","Trait5","mrMLM","NsiI.TP756304","10","1841138","1.8054e-05","0.0039","G"
"4","Trait5","mrMLM","PstI.TP182392","10","1843527","-0.1513","0.8341","C"
"4","Trait5","mrMLM","NsiI.TP507958","10","1844689","-0.1149","0.8453","A"
"4","Trait5","mrMLM","PstI.TP703138","10","1846104","5.3899e-06","0.0012","A"
"4","Trait5","mrMLM","NsiI.TP825160","10","1851025","1.7347e-06","4e-04","A"
"4","Trait5","mrMLM","NsiI.TP527370","10","1854322","2.2292e-05","0.0049","C"
"4","Trait5","mrMLM","NsiI.TP527371","10","1854340","1.0115e-05","0.0022","C"
"4","Trait5","mrMLM","NsiI.TP438249","10","1862378","-1.1681e-05","0.0025","A"
"4","Trait5","mrMLM","NsiI.TP47311","10","1863474","1.7917e-06","4e-04","C"
"4","Trait5","mrMLM","NsiI.TP136442","10","1881385","-2.7306e-08","5.9425e-06","G"
"4","Trait5","mrMLM","PstI.TP757619","10","1899465","-1.3691e-05","0.003","A"
"4","Trait5","mrMLM","PstI.TP32128","10","1899578","-4.8131e-06","0.001","A"
"4","Trait5","mrMLM","GFSSContig20421_1653","10","1961492","-1.1987e-05","0.0026","A"
"4","Trait5","mrMLM","NsiI.TP105903","10","1987687","-4.5184e-05","0.0099","A"
"4","Trait5","mrMLM","PstI.TP21876","10","1989773","0.0274","0.3439","C"
"4","Trait5","mrMLM","PstI.TP14830","10","1993063","9.8112e-06","0.0021","C"
"4","Trait5","mrMLM","PstI.TP916983","10","2026118","-0.0211","0.2223","A"
"4","Trait5","mrMLM","PstI.TP613935","10","2029148","-0.1352","1.9506","C"
"4","Trait5","mrMLM","NsiI.TP254691","10","2029465","-0.102","0.7816","A"
"4","Trait5","mrMLM","PstI.TP437799","10","2064417","0.0406","0.2969","A"
"4","Trait5","mrMLM","PstI.TP523580","10","2081219","-9.2899e-06","0.002","A"
"4","Trait5","mrMLM","PstI.TP1165034","10","2123837","0.081","0.4836","A"
"4","Trait5","mrMLM","PstI.TP507351","10","2133212","8.2225e-06","0.0018","A"
"4","Trait5","mrMLM","PstI.TP203554","10","2133696","1.5319e-05","0.0033","A"
"4","Trait5","mrMLM","PstI.TP167471","10","2134826","1.6131e-06","4e-04","C"
"4","Trait5","mrMLM","PstI.TP1102180","10","2149353","0.105","0.5312","A"
"4","Trait5","mrMLM","PstI.TP1022193","10","2165921","0.1277","0.7002","A"
"4","Trait5","mrMLM","PstI.TP257242","10","2168584","-2.0277e-05","0.0044","A"
"4","Trait5","mrMLM","PstI.TP1152580","10","2171249","1.9231e-08","4.1853e-06","C"
"4","Trait5","mrMLM","PstI.TP362642","10","2176937","-0.0373","0.3046","A"
"4","Trait5","mrMLM","NsiI.TP291142","10","2192290","7.9159e-06","0.0017","G"
"4","Trait5","mrMLM","PstI.TP368198","10","2195865","-0.229","0.948","A"
"4","Trait5","mrMLM","NsiI.TP443558","10","2204552","-5.1082e-06","0.0011","C"
"4","Trait5","mrMLM","NsiI.TP207262","10","2214360","-1.6985e-05","0.0037","C"
"4","Trait5","mrMLM","PstI.TP1276704","10","2214996","-1.5313e-05","0.0033","A"
"4","Trait5","mrMLM","PstI.TP174448","10","2252170","2e-04","0.0221","A"
"4","Trait5","mrMLM","NsiI.TP610495","10","2254926","0.0063","0.0968","A"
"4","Trait5","mrMLM","NsiI.TP276200","10","2263544","-4.8348e-06","0.0011","C"
"4","Trait5","mrMLM","PstI.TP645546","10","2263742","1.2454e-06","3e-04","A"
"4","Trait5","mrMLM","PstI.TP987589","10","2263777","0.0162","0.2206","C"
"4","Trait5","mrMLM","NsiI.TP59121","10","2271140","-0.1562","1.1643","A"
"4","Trait5","mrMLM","NsiI.TP426456","10","2273344","1.6504e-05","0.0036","A"
"4","Trait5","mrMLM","NsiI.TP763298","10","2275483","0.0362","0.3795","C"
"4","Trait5","mrMLM","NsiI.TP524893","10","2275695","2.6243e-06","6e-04","A"
"4","Trait5","mrMLM","PstI.TP228842","10","2290712","-0.0369","0.2843","A"
"4","Trait5","mrMLM","PstI.TP114769","10","2313178","-0.1365","0.5214","C"
"4","Trait5","mrMLM","NsiI.TP655447","10","2329034","8.7866e-06","0.0019","A"
"4","Trait5","mrMLM","NsiI.TP180041","10","2334305","-1.0303e-05","0.0022","A"
"4","Trait5","mrMLM","PstI.TP5324","10","2342904","4.5196e-06","0.001","A"
"4","Trait5","mrMLM","PstI.TP1270127","10","2383697","0.0185","0.2524","C"
"4","Trait5","mrMLM","PstI.TP221989","10","2396470","-1.819e-05","0.004","A"
"4","Trait5","mrMLM","PstI.TP291142","10","2431434","0.021","0.1464","C"
"4","Trait5","mrMLM","NsiI.TP702587","10","2441199","0.1189","0.7672","C"
"4","Trait5","mrMLM","PstI.TP29423","10","2444372","5.3274e-07","1e-04","C"
"4","Trait5","mrMLM","NsiI.TP825361","10","2444869","-7.3063e-06","0.0016","G"
"4","Trait5","mrMLM","NsiI.TP51794","10","2493746","2.9917e-06","7e-04","G"
"4","Trait5","mrMLM","PstI.TP815294","10","2507322","2.3671e-05","0.0052","C"
"4","Trait5","mrMLM","NsiI.TP80630","10","2514340","0.0961","0.4471","A"
"4","Trait5","mrMLM","PstI.TP1246574","10","2518921","-9.7237e-06","0.0021","A"
"4","Trait5","mrMLM","NsiI.TP206374","10","2519076","-0.3416","3.4655","A"
"4","Trait5","mrMLM","NsiI.TP153411","10","2523010","4.8526e-06","0.0011","A"
"4","Trait5","mrMLM","PstI.TP1275628","10","2570632","0.1036","0.9094","C"
"4","Trait5","mrMLM","PstI.TP1275632","10","2570635","6.5123e-06","0.0014","C"
"4","Trait5","mrMLM","NsiI.TP213329","10","2582794","-3.1383e-06","7e-04","A"
"4","Trait5","mrMLM","PstI.TP408356","10","2582830","1.5608e-05","0.0034","A"
"4","Trait5","mrMLM","PstI.TP1038470","10","2596422","-1.8739e-05","0.0041","A"
"4","Trait5","mrMLM","PstI.TP1049354","10","2621811","-3.4565e-05","0.0076","G"
"4","Trait5","mrMLM","NsiI.TP502444","10","2623450","-2.9167e-05","0.0064","A"
"4","Trait5","mrMLM","PstI.TP1210063","10","2641652","-2.5415e-05","0.0056","A"
"4","Trait5","mrMLM","NsiI.TP113145","10","2711069","0.0942","0.6708","A"
"4","Trait5","mrMLM","PstI.TP1010603","10","2711515","-0.0548","0.8027","C"
"4","Trait5","mrMLM","PstI.TP287434","10","2711554","6.7383e-06","0.0015","C"
"4","Trait5","mrMLM","PstI.TP343474","10","2711603","1.0013e-05","0.0022","A"
"4","Trait5","mrMLM","NsiI.TP764823","10","2714822","-9.1222e-06","0.002","C"
"4","Trait5","mrMLM","NsiI.TP427013","10","2715156","0.0601","0.6033","A"
"4","Trait5","mrMLM","NsiI.TP131057","10","2772083","-2.9059e-05","0.0064","C"
"4","Trait5","mrMLM","PstI.TP620517","10","2806022","1.6075e-05","0.0035","C"
"4","Trait5","mrMLM","PstI.TP914732","10","2832324","5.8685e-06","0.0013","G"
"4","Trait5","mrMLM","PstI.TP786563","10","2881825","-0.0197","0.2091","A"
"4","Trait5","mrMLM","NsiI.TP626888","10","2882779","0.0279","0.2074","A"
"4","Trait5","mrMLM","NsiI.TP647378","10","2899276","1.882e-05","0.0041","C"
"4","Trait5","mrMLM","NsiI.TP673360","10","2902628","3.346e-06","7e-04","A"
"4","Trait5","mrMLM","PstI.TP1100036","10","2927257","9.3356e-06","0.002","A"
"4","Trait5","mrMLM","NsiI.TP328323","10","2968652","0.0952","0.7481","C"
"4","Trait5","mrMLM","NsiI.TP159943","10","2996596","-1.0839e-05","0.0024","A"
"4","Trait5","mrMLM","NsiI.TP348280","10","2996774","-1.3724e-05","0.003","C"
"4","Trait5","mrMLM","NsiI.TP249293","10","3006315","-1.4634e-05","0.0032","A"
"4","Trait5","mrMLM","PstI.TP326019","10","3011971","4e-04","0.0284","C"
"4","Trait5","mrMLM","PstI.TP735348","10","3073327","-4.7395e-06","0.001","C"
"4","Trait5","mrMLM","PstI.TP583995","10","3085156","-2.1246e-06","5e-04","A"
"4","Trait5","mrMLM","PstI.TP981281","10","3085207","-9.9506e-06","0.0022","A"
"4","Trait5","mrMLM","PstI.TP981390","10","3085250","2.0987e-05","0.0046","C"
"4","Trait5","mrMLM","PstI.TP742540","10","3085391","3.2007e-05","0.007","A"
"4","Trait5","mrMLM","PstI.TP471711","10","3085436","-0.0579","0.4644","C"
"4","Trait5","mrMLM","PstI.TP904837","10","3103074","2.2843e-05","0.005","C"
"4","Trait5","mrMLM","PstI.TP14467","10","3103147","-1.0123e-05","0.0022","A"
"4","Trait5","mrMLM","NsiI.TP722119","10","3107962","4.9566e-06","0.0011","A"
"4","Trait5","mrMLM","PstI.TP121030","10","3107964","-0.0887","0.6056","A"
"4","Trait5","mrMLM","PstI.TP904839","10","3116773","-1.7588e-05","0.0038","A"
"4","Trait5","mrMLM","PstI.TP955694","10","3123370","1.0312e-05","0.0022","A"
"4","Trait5","mrMLM","PstI.TP979341","10","3133345","-1.4074e-05","0.0031","C"
"4","Trait5","mrMLM","PstI.TP483610","10","3169049","-1.5884e-06","3e-04","C"
"4","Trait5","mrMLM","PstI.TP724256","10","3169797","2.5456e-05","0.0056","A"
"4","Trait5","mrMLM","PstI.TP969406","10","3207980","-0.1245","0.6872","A"
"4","Trait5","mrMLM","NsiI.TP29432","10","3212653","-1.7663e-05","0.0039","G"
"4","Trait5","mrMLM","PstI.TP403739","10","3217467","-6.1542e-06","0.0013","A"
"4","Trait5","mrMLM","NsiI.TP736628","10","3220056","1.6486e-05","0.0036","A"
"4","Trait5","mrMLM","PstI.TP1057582","10","3233249","-0.0694","0.5572","G"
"4","Trait5","mrMLM","GFSSContig18342_909","10","3233637","-1.2022e-05","0.0026","A"
"4","Trait5","mrMLM","PstI.TP977650","10","3236503","-7.5297e-06","0.0016","A"
"4","Trait5","mrMLM","PstI.TP977649","10","3236506","-0.3531","1.3147","A"
"4","Trait5","mrMLM","NsiI.TP783302","10","3253711","-2.4159e-06","5e-04","C"
"4","Trait5","mrMLM","NsiI.TP32689","10","3254905","-2.1261e-07","4.6279e-05","A"
"4","Trait5","mrMLM","NsiI.TP248664","10","3270915","-0.0658","0.8941","C"
"4","Trait5","mrMLM","PstI.TP896365","10","3291473","0.0081","0.1551","A"
"4","Trait5","mrMLM","NsiI.TP73032","10","3314569","-1.1231e-05","0.0025","C"
"4","Trait5","mrMLM","NsiI.TP73031","10","3314572","-0.068","0.6619","A"
"4","Trait5","mrMLM","NsiI.TP179386","10","3314649","1.1402e-05","0.0025","C"
"4","Trait5","mrMLM","NsiI.TP825346","10","3317249","3.308e-05","0.0073","A"
"4","Trait5","mrMLM","NsiI.TP521308","10","3327112","-1.3718e-06","3e-04","C"
"4","Trait5","mrMLM","NsiI.TP406783","10","3329382","-1.9266e-05","0.0042","A"
"4","Trait5","mrMLM","PstI.TP1275061","10","3392910","-0.0795","0.7148","G"
"4","Trait5","mrMLM","NsiI.TP494705","10","3473173","-1.33e-05","0.0029","A"
"4","Trait5","mrMLM","PstI.TP130605","10","3473673","0.1142","0.4814","A"
"4","Trait5","mrMLM","NsiI.TP54524","10","3482987","-0.0748","0.7902","A"
"4","Trait5","mrMLM","NsiI.TP522318","10","3483785","-0.1013","0.9927","G"
"4","Trait5","mrMLM","PstI.TP752945","10","3490096","-6.1868e-07","1e-04","G"
"4","Trait5","mrMLM","NsiI.TP510014","10","3497449","6.3094e-07","1e-04","A"
"4","Trait5","mrMLM","NsiI.TP515229","10","3516607","1.7299e-05","0.0038","A"
"4","Trait5","mrMLM","NsiI.TP137264","10","3527878","-1.1295e-05","0.0025","C"
"4","Trait5","mrMLM","NsiI.TP220241","10","3561444","2.2277e-05","0.0049","G"
"4","Trait5","mrMLM","PstI.TP276899","10","3566207","0.0578","0.2998","C"
"4","Trait5","mrMLM","PstI.TP114014","10","3591855","1.0704e-05","0.0023","A"
"4","Trait5","mrMLM","PstI.TP681549","10","3614188","1.5823e-05","0.0035","C"
"4","Trait5","mrMLM","PstI.TP933399","10","3629328","-2.6354e-05","0.0058","C"
"4","Trait5","mrMLM","PstI.TP295647","10","3634905","1.0248e-05","0.0022","A"
"4","Trait5","mrMLM","GFSSContig20177_2650","10","3636801","-1.6601e-05","0.0036","C"
"4","Trait5","mrMLM","PstI.TP818751","10","3663758","-1.4583e-05","0.0032","C"
"4","Trait5","mrMLM","PstI.TP548015","10","3664296","0.0857","0.632","A"
"4","Trait5","mrMLM","PstI.TP221910","10","3675003","1.4101e-06","3e-04","C"
"4","Trait5","mrMLM","NsiI.TP21395","10","3686578","2.4426e-05","0.0053","C"
"4","Trait5","mrMLM","PstI.TP766214","10","3686675","-8.442e-06","0.0018","A"
"4","Trait5","mrMLM","PstI.TP793558","10","3692995","-2.0972e-06","5e-04","A"
"4","Trait5","mrMLM","NsiI.TP799897","10","3719844","9.997e-07","2e-04","C"
"4","Trait5","mrMLM","PstI.TP123912","10","3735433","-0.0293","0.354","A"
"4","Trait5","mrMLM","NsiI.TP590979","10","3740761","0.2028","1.4575","G"
"4","Trait5","mrMLM","NsiI.TP768203","10","3746144","-6.795e-07","1e-04","A"
"4","Trait5","mrMLM","NsiI.TP768204","10","3746144","-0.0349","0.1646","A"
"4","Trait5","mrMLM","NsiI.TP230677","10","3772506","-0.0598","0.7031","G"
"4","Trait5","mrMLM","PstI.TP522026","10","3778532","-5.1007e-06","0.0011","A"
"4","Trait5","mrMLM","NsiI.TP222544","10","3827470","-9.038e-06","0.002","C"
"4","Trait5","mrMLM","NsiI.TP475692","10","3858966","-0.065","0.5782","C"
"4","Trait5","mrMLM","PstI.TP835929","10","3862305","-4.5218e-06","0.001","A"
"4","Trait5","mrMLM","PstI.TP797318","10","3862344","9.1817e-06","0.002","C"
"4","Trait5","mrMLM","PstI.TP692582","10","3863701","8e-04","0.0213","A"
"4","Trait5","mrMLM","PstI.TP342724","10","3898496","-3.1711e-05","0.007","A"
"4","Trait5","mrMLM","PstI.TP418768","10","3927551","2.3547e-05","0.0052","A"
"4","Trait5","mrMLM","NsiI.TP633021","10","3938528","1.0671e-05","0.0023","C"
"4","Trait5","mrMLM","PstI.TP1031675","10","3939805","-2.2196e-06","5e-04","A"
"4","Trait5","mrMLM","PstI.TP221021","10","3957228","1.6151e-05","0.0035","A"
"4","Trait5","mrMLM","PstI.TP174387","10","3977294","1.8326e-05","0.004","C"
"4","Trait5","mrMLM","NsiI.TP237501","10","3978732","-0.0447","0.3902","C"
"4","Trait5","mrMLM","NsiI.TP799097","10","3986921","-0.1984","1.1645","A"
"4","Trait5","mrMLM","NsiI.TP353198","10","4010629","-8.9835e-06","0.002","A"
"4","Trait5","mrMLM","PstI.TP542812","10","4048134","-0.1465","0.59","A"
"4","Trait5","mrMLM","PstI.TP1118642","10","4048282","2.0283e-05","0.0044","A"
"4","Trait5","mrMLM","PstI.TP1269843","10","4058222","-0.0026","0.0759","A"
"4","Trait5","mrMLM","PstI.TP1102550","10","4061091","-2.4997e-06","5e-04","A"
"4","Trait5","mrMLM","PstI.TP946244","10","4075442","-0.0912","0.4546","A"
"4","Trait5","mrMLM","PstI.TP1179217","10","4121517","7.1743e-06","0.0016","A"
"4","Trait5","mrMLM","PstI.TP823178","10","4123148","0.0395","0.4583","C"
"4","Trait5","mrMLM","PstI.TP1285661","10","4172212","-1.7099e-05","0.0037","G"
"4","Trait5","mrMLM","PstI.TP218468","10","4195799","1.3338e-05","0.0029","A"
"4","Trait5","mrMLM","NsiI.TP322932","10","4207320","1.1942e-05","0.0026","A"
"4","Trait5","mrMLM","NsiI.TP188814","10","4222455","5.0055e-06","0.0011","C"
"4","Trait5","mrMLM","PstI.TP289780","10","4227965","-8.6081e-06","0.0019","C"
"4","Trait5","mrMLM","PstI.TP844654","10","4228048","2.8909e-05","0.0063","C"
"4","Trait5","mrMLM","PstI.TP1106154","10","4229336","5.3553e-06","0.0012","C"
"4","Trait5","mrMLM","PstI.TP1173584","10","4234171","-2.3781e-05","0.0052","A"
"4","Trait5","mrMLM","PstI.TP118419","10","4244880","1.1012e-05","0.0024","A"
"4","Trait5","mrMLM","NsiI.TP776416","10","4253367","-2.4431e-05","0.0054","C"
"4","Trait5","mrMLM","NsiI.TP565087","10","4268807","-1.2499e-05","0.0027","G"
"4","Trait5","mrMLM","PstI.TP1294713","10","4269426","-2.1443e-06","5e-04","C"
"4","Trait5","mrMLM","NsiI.TP635657","10","4289511","-7.3169e-06","0.0016","A"
"4","Trait5","mrMLM","PstI.TP698926","10","4293924","-1.7832e-05","0.0039","A"
"4","Trait5","mrMLM","PstI.TP494123","10","4301743","-2.2602e-05","0.0049","A"
"4","Trait5","mrMLM","PstI.TP838076","10","4315606","9.9544e-07","2e-04","A"
"4","Trait5","mrMLM","PstI.TP798247","10","4317874","3.6285e-05","0.008","C"
"4","Trait5","mrMLM","PstI.TP143955","10","4325304","-0.1707","1.6446","A"
"4","Trait5","mrMLM","NsiI.TP150290","10","4327574","0.0092","0.1421","G"
"4","Trait5","mrMLM","PstI.TP113599","10","4339527","0.104","0.5479","C"
"4","Trait5","mrMLM","NsiI.TP821710","10","4340547","-6.7249e-06","0.0015","C"
"4","Trait5","mrMLM","NsiI.TP190637","10","4354965","-2.245e-05","0.0049","A"
"4","Trait5","mrMLM","NsiI.TP3674","10","4355656","0.1886","1.024","C"
"4","Trait5","mrMLM","PstI.TP69953","10","4380070","9.3948e-06","0.002","A"
"4","Trait5","mrMLM","NsiI.TP520722","10","4380167","3.2309e-05","0.0071","A"
"4","Trait5","mrMLM","NsiI.TP307113","10","4465764","0.0079","0.1595","C"
"4","Trait5","mrMLM","NsiI.TP288846","10","4465774","8.7336e-06","0.0019","A"
"4","Trait5","mrMLM","NsiI.TP433094","10","4470964","-0.1435","0.6306","C"
"4","Trait5","mrMLM","PstI.TP939013","10","4472938","8.1379e-06","0.0018","A"
"4","Trait5","mrMLM","PstI.TP692809","10","4475068","2.6174e-05","0.0057","C"
"4","Trait5","mrMLM","PstI.TP780019","10","4475781","4.644e-06","0.001","A"
"4","Trait5","mrMLM","PstI.TP723923","10","4478246","-8.9985e-06","0.002","A"
"4","Trait5","mrMLM","NsiI.TP109159","10","4481016","-0.0103","0.1832","C"
"4","Trait5","mrMLM","PstI.TP517739","10","4487252","-1.5997e-05","0.0035","A"
"4","Trait5","mrMLM","PstI.TP340122","10","4495848","3.4973e-05","0.0077","C"
"4","Trait5","mrMLM","NsiI.TP761430","10","4591979","8.9302e-06","0.0019","A"
"4","Trait5","mrMLM","PstI.TP372327","10","4603364","-0.08","0.8599","C"
"4","Trait5","mrMLM","PstI.TP929770","10","4612901","-1.597e-05","0.0035","C"
"4","Trait5","mrMLM","PstI.TP730560","10","4637084","0.1456","0.9902","A"
"4","Trait5","mrMLM","PstI.TP1129352","10","4682258","4.2657e-06","9e-04","C"
"4","Trait5","mrMLM","PstI.TP422970","10","4700550","-0.0312","0.3834","C"
"4","Trait5","mrMLM","NsiI.TP426726","10","4706369","-0.304","2.0018","A"
"4","Trait5","mrMLM","NsiI.TP62729","10","4707002","2.1459e-05","0.0047","A"
"4","Trait5","mrMLM","PstI.TP1036810","10","4707282","0.0354","0.2776","C"
"4","Trait5","mrMLM","PstI.TP671936","10","4740860","6.1357e-07","1e-04","C"
"4","Trait5","mrMLM","NsiI.TP645258","10","4741412","-1.3364e-05","0.0029","G"
"4","Trait5","mrMLM","PstI.TP538321","10","4746362","-1.7835e-06","4e-04","A"
"4","Trait5","mrMLM","PstI.TP1052203","10","4773286","-3.0746e-06","7e-04","A"
"4","Trait5","mrMLM","NsiI.TP551597","10","4780251","5.5919e-06","0.0012","C"
"4","Trait5","mrMLM","PstI.TP507239","10","4780432","-1.244e-05","0.0027","A"
"4","Trait5","mrMLM","NsiI.TP218853","10","4813740","-2.8188e-06","6e-04","C"
"4","Trait5","mrMLM","PstI.TP130434","10","4822323","-0.0734","0.6538","C"
"4","Trait5","mrMLM","PstI.TP51555","10","4842549","1.1615e-05","0.0025","C"
"4","Trait5","mrMLM","PstI.TP143189","10","4870950","-3.1139e-06","7e-04","A"
"4","Trait5","mrMLM","PstI.TP143690","10","4870981","1.6356e-05","0.0036","A"
"4","Trait5","mrMLM","PstI.TP1029829","10","4875238","-0.0797","0.5574","A"
"4","Trait5","mrMLM","PstI.TP1156107","10","4914081","1.3377e-05","0.0029","G"
"4","Trait5","mrMLM","NsiI.TP150799","10","4922940","9.4933e-05","0.0128","C"
"4","Trait5","mrMLM","NsiI.TP54706","10","4933944","-8.3537e-06","0.0018","A"
"4","Trait5","mrMLM","NsiI.TP692702","10","4991168","6.1364e-06","0.0013","A"
"4","Trait5","mrMLM","PstI.TP65588","10","5002506","2.1979e-05","0.0048","A"
"4","Trait5","mrMLM","PstI.TP1049155","10","5002819","-4.9569e-06","0.0011","A"
"4","Trait5","mrMLM","PstI.TP464868","10","5032593","-4.2263e-06","9e-04","A"
"4","Trait5","mrMLM","PstI.TP1181232","10","5037186","0.011","0.1481","C"
"4","Trait5","mrMLM","PstI.TP488112","10","5048135","-2.7654e-05","0.0061","C"
"4","Trait5","mrMLM","PstI.TP645361","10","5054133","-1.8236e-05","0.004","A"
"4","Trait5","mrMLM","PstI.TP1242439","10","5072276","0.0238","0.2755","A"
"4","Trait5","mrMLM","NsiI.TP519668","10","5077889","9.1957e-07","2e-04","C"
"4","Trait5","mrMLM","PstI.TP13101","10","5083417","-9.4972e-06","0.0021","G"
"4","Trait5","mrMLM","GFSSContig12758_758","10","5104462","-2.3152e-05","0.0051","A"
"4","Trait5","mrMLM","PstI.TP831544","10","5137704","0.1097","1.0313","C"
"4","Trait5","mrMLM","PstI.TP1139226","10","5138549","-5.1794e-06","0.0011","G"
"4","Trait5","mrMLM","PstI.TP531549","10","5158579","-2.3964e-06","5e-04","A"
"4","Trait5","mrMLM","NsiI.TP500416","10","5199264","1.6804e-06","4e-04","C"
"4","Trait5","mrMLM","PstI.TP815303","10","5200343","3.766e-06","8e-04","C"
"4","Trait5","mrMLM","PstI.TP751889","10","5209918","-1.8863e-05","0.0041","A"
"4","Trait5","mrMLM","PstI.TP386698","10","5216216","3.3414e-05","0.0073","A"
"4","Trait5","mrMLM","NsiI.TP404859","10","5224705","-0.0281","0.179","C"
"4","Trait5","mrMLM","NsiI.TP440924","10","5257622","0.1587","0.7042","C"
"4","Trait5","mrMLM","PstI.TP8793","10","5273014","0.0739","0.4031","A"
"4","Trait5","mrMLM","NsiI.TP826229","10","5278945","-1.4806e-05","0.0032","C"
"4","Trait5","mrMLM","NsiI.TP415542","10","5279174","5.9354e-06","0.0013","C"
"4","Trait5","mrMLM","NsiI.TP437981","10","5340957","-2.6101e-05","0.0057","A"
"4","Trait5","mrMLM","NsiI.TP422808","10","5343480","7.4249e-06","0.0016","A"
"4","Trait5","mrMLM","PstI.TP916570","10","5348366","0.148","0.6365","A"
"4","Trait5","mrMLM","PstI.TP231978","10","5373474","0.1647","1.2358","C"
"4","Trait5","mrMLM","NsiI.TP237545","10","5377137","0.0078","0.1537","A"
"4","Trait5","mrMLM","PstI.TP203273","10","5396538","7.8643e-06","0.0017","A"
"4","Trait5","mrMLM","NsiI.TP272474","10","5399501","-2.0323e-05","0.0044","A"
"4","Trait5","mrMLM","PstI.TP1027226","10","5400847","9.581e-06","0.0021","C"
"4","Trait5","mrMLM","PstI.TP1185402","10","5448657","0.3046","1.6036","A"
"4","Trait5","mrMLM","PstI.TP1264238","10","5451657","0.0183","0.192","C"
"4","Trait5","mrMLM","PstI.TP112231","10","5464565","-1.2277e-05","0.0027","A"
"4","Trait5","mrMLM","PstI.TP353963","10","5509582","8.9783e-06","0.002","A"
"4","Trait5","mrMLM","PstI.TP177753","10","5524764","-1.3752e-05","0.003","A"
"4","Trait5","mrMLM","PstI.TP177752","10","5524783","-2.0021e-05","0.0044","C"
"4","Trait5","mrMLM","NsiI.TP553463","10","5531853","-0.2427","1.4119","A"
"4","Trait5","mrMLM","PstI.TP594857","10","5544594","3.256e-05","0.0071","G"
"4","Trait5","mrMLM","PstI.TP99687","10","5558897","0.0378","0.3586","C"
"4","Trait5","mrMLM","PstI.TP467105","10","5623737","-3.0643e-05","0.0067","C"
"4","Trait5","mrMLM","PstI.TP467100","10","5623750","8.9338e-06","0.0019","A"
"4","Trait5","mrMLM","PstI.TP604956","10","5628757","0.0118","0.155","A"
"4","Trait5","mrMLM","NsiI.TP435665","10","5628899","-0.0452","0.4858","C"
"4","Trait5","mrMLM","NsiI.TP549926","10","5654689","5.0268e-06","0.0011","C"
"4","Trait5","mrMLM","NsiI.TP369408","10","5657699","-1.1327e-05","0.0025","A"
"4","Trait5","mrMLM","NsiI.TP543845","10","5657990","7.7463e-06","0.0017","A"
"4","Trait5","mrMLM","NsiI.TP243846","10","5688536","0.0861","0.5454","C"
"4","Trait5","mrMLM","NsiI.TP476127","10","5702052","-0.0315","0.4097","A"
"4","Trait5","mrMLM","NsiI.TP730788","10","5707639","8.6545e-06","0.0019","A"
"4","Trait5","mrMLM","PstI.TP299543","10","5718886","-0.1207","0.5174","A"
"4","Trait5","mrMLM","NsiI.TP620943","10","5743005","1.7782e-06","4e-04","C"
"4","Trait5","mrMLM","PstI.TP1126063","10","5769848","-0.1308","0.8654","A"
"4","Trait5","mrMLM","PstI.TP1276468","10","5770472","1.4758e-05","0.0032","C"
"4","Trait5","mrMLM","PstI.TP829793","10","5798289","-0.0381","0.2458","A"
"4","Trait5","mrMLM","PstI.TP708539","10","5883045","-1.954e-06","4e-04","A"
"4","Trait5","mrMLM","NsiI.TP432157","10","5919237","7.6162e-06","0.0017","C"
"4","Trait5","mrMLM","NsiI.TP218143","10","5920460","-5.9061e-06","0.0013","A"
"4","Trait5","mrMLM","PstI.TP673587","10","5920586","-1.7541e-05","0.0038","G"
"4","Trait5","mrMLM","PstI.TP860862","10","5931116","2.2146e-05","0.0048","G"
"4","Trait5","mrMLM","PstI.TP235577","10","5940234","-9.3567e-07","2e-04","C"
"4","Trait5","mrMLM","PstI.TP1045077","10","5945708","0.0456","0.3903","A"
"4","Trait5","mrMLM","PstI.TP833712","10","5951604","0.0869","0.4642","C"
"4","Trait5","mrMLM","PstI.TP58120","10","5955314","-2.0537e-05","0.0045","A"
"4","Trait5","mrMLM","NsiI.TP473803","10","5957133","9.1328e-06","0.002","A"
"4","Trait5","mrMLM","PstI.TP14516","10","5964783","8.6626e-06","0.0019","A"
"4","Trait5","mrMLM","NsiI.TP557415","10","6012466","-0.0453","0.3601","A"
"4","Trait5","mrMLM","NsiI.TP433359","10","6012505","-0.0961","0.498","C"
"4","Trait5","mrMLM","PstI.TP903649","10","6013128","0.1206","0.8412","G"
"4","Trait5","mrMLM","PstI.TP748634","10","6028124","9.7186e-06","0.0021","A"
"4","Trait5","mrMLM","PstI.TP534002","10","6039846","0.0715","0.5907","C"
"4","Trait5","mrMLM","PstI.TP186628","10","6039925","-9.3915e-06","0.002","C"
"4","Trait5","mrMLM","PstI.TP21799","10","6041147","-9.7817e-06","0.0021","C"
"4","Trait5","mrMLM","PstI.TP447641","10","6043610","-2.3623e-06","5e-04","A"
"4","Trait5","mrMLM","GFSSContig18577_709","10","6058951","-1.2518e-05","0.0027","T"
"4","Trait5","mrMLM","PstI.TP169712","10","6068006","-7.5257e-07","2e-04","C"
"4","Trait5","mrMLM","PstI.TP1212372","10","6070004","-0.0356","0.3074","A"
"4","Trait5","mrMLM","PstI.TP235460","10","6083141","0.0088","0.1147","A"
"4","Trait5","mrMLM","PstI.TP1165721","10","6185272","-1.0947e-05","0.0024","C"
"4","Trait5","mrMLM","PstI.TP752015","10","6283799","2.2079e-06","5e-04","C"
"4","Trait5","mrMLM","PstI.TP409313","10","6298595","-0.0279","0.2032","A"
"4","Trait5","mrMLM","PstI.TP114415","10","6298864","4.1216e-05","0.0091","A"
"4","Trait5","mrMLM","NsiI.TP391697","10","6300358","3.5761e-05","0.0079","C"
"4","Trait5","mrMLM","NsiI.TP152872","10","6300840","4.6486e-05","0.0102","A"
"4","Trait5","mrMLM","PstI.TP265447","10","6324176","-6.4119e-06","0.0014","C"
"4","Trait5","mrMLM","PstI.TP275384","10","6327741","0.0084","0.167","C"
"4","Trait5","mrMLM","PstI.TP289975","10","6356180","-0.062","0.4267","A"
"4","Trait5","mrMLM","NsiI.TP413162","10","6375149","6.8539e-07","1e-04","C"
"4","Trait5","mrMLM","PstI.TP835414","10","6396000","-6.5471e-06","0.0014","C"
"4","Trait5","mrMLM","PstI.TP1086230","10","6420846","0.0117","0.2069","A"
"4","Trait5","mrMLM","NsiI.TP457252","10","6438481","1.6136e-05","0.0035","C"
"4","Trait5","mrMLM","PstI.TP49615","10","6452458","0.0705","0.7102","C"
"4","Trait5","mrMLM","PstI.TP402304","10","6466659","-1.1776e-05","0.0026","A"
"4","Trait5","mrMLM","PstI.TP1128037","10","6472705","0.0795","0.4165","A"
"4","Trait5","mrMLM","NsiI.TP411721","10","6477592","5.2442e-06","0.0011","C"
"4","Trait5","mrMLM","NsiI.TP440694","10","6482395","0.2521","1.1703","C"
"4","Trait5","mrMLM","PstI.TP450983","10","6486207","-1.8835e-05","0.0041","A"
"4","Trait5","mrMLM","PstI.TP250354","10","6510934","1.0514e-05","0.0023","A"
"4","Trait5","mrMLM","NsiI.TP394246","10","6514301","6.3097e-06","0.0014","A"
"4","Trait5","mrMLM","NsiI.TP216159","10","6514871","5.3046e-06","0.0012","C"
"4","Trait5","mrMLM","PstI.TP915789","10","6528089","-2.1164e-05","0.0046","A"
"4","Trait5","mrMLM","NsiI.TP362207","10","6556039","-1.947e-05","0.0043","A"
"4","Trait5","mrMLM","PstI.TP738082","10","6556740","-0.5923","2.0765","C"
"4","Trait5","mrMLM","NsiI.TP130101","10","6564191","4.0439e-06","9e-04","G"
"4","Trait5","mrMLM","NsiI.TP528304","10","6564489","-0.2723","1.564","A"
"4","Trait5","mrMLM","PstI.TP976107","10","6564660","-2.0619e-05","0.0045","A"
"4","Trait5","mrMLM","PstI.TP347454","10","6564726","0.0204","0.228","C"
"4","Trait5","mrMLM","PstI.TP419718","10","6605033","2.2669e-05","0.005","C"
"4","Trait5","mrMLM","PstI.TP265395","10","6606861","4.0886e-06","9e-04","A"
"4","Trait5","mrMLM","PstI.TP1078214","10","6639662","0.0127","0.1561","G"
"4","Trait5","mrMLM","NsiI.TP443003","10","6643993","3.227e-07","7.0231e-05","C"
"4","Trait5","mrMLM","PstI.TP179163","10","6653472","2.3234e-06","5e-04","C"
"4","Trait5","mrMLM","NsiI.TP212273","10","6661119","-0.1771","0.9002","A"
"4","Trait5","mrMLM","PstI.TP1194079","10","6667861","-0.064","0.6626","A"
"4","Trait5","mrMLM","NsiI.TP386688","10","6695957","-2.7859e-05","0.0061","C"
"4","Trait5","mrMLM","PstI.TP700311","10","6704749","-1.9507e-05","0.0043","C"
"4","Trait5","mrMLM","PstI.TP797039","10","6739376","-0.0732","0.5087","G"
"4","Trait5","mrMLM","PstI.TP852620","10","6797132","0.0274","0.1446","C"
"4","Trait5","mrMLM","PstI.TP759029","10","6797717","1.908e-05","0.0042","C"
"4","Trait5","mrMLM","PstI.TP10379","10","6798646","0.0449","0.5633","C"
"4","Trait5","mrMLM","NsiI.TP160941","10","6807667","0.2235","1.3251","A"
"4","Trait5","mrMLM","NsiI.TP430635","10","6817921","8.1138e-06","0.0018","G"
"4","Trait5","mrMLM","NsiI.TP222743","10","6819373","2.9903e-05","0.0066","G"
"4","Trait5","mrMLM","NsiI.TP25493","10","6857854","-1.7418e-05","0.0038","A"
"4","Trait5","mrMLM","PstI.TP802153","10","6858193","0.1498","1.188","C"
"4","Trait5","mrMLM","NsiI.TP571386","10","6868370","0.0959","1.0444","C"
"4","Trait5","mrMLM","NsiI.TP347022","10","6891033","-0.0023","0.0768","C"
"4","Trait5","mrMLM","NsiI.TP710122","10","6910876","4.3866e-05","0.0097","G"
"4","Trait5","mrMLM","PstI.TP32222","10","6922453","0.0133","0.1869","C"
"4","Trait5","mrMLM","PstI.TP675074","10","6938520","-1.0391e-05","0.0023","A"
"4","Trait5","mrMLM","PstI.TP795847","10","6944290","0.0575","0.6955","A"
"4","Trait5","mrMLM","PstI.TP1110378","10","7024377","0.0408","0.3947","A"
"4","Trait5","mrMLM","NsiI.TP285360","10","7040908","-1.9637e-05","0.0043","A"
"4","Trait5","mrMLM","PstI.TP1140202","10","7042617","-8.8239e-06","0.0019","C"
"4","Trait5","mrMLM","PstI.TP291795","10","7053222","6.1304e-06","0.0013","C"
"4","Trait5","mrMLM","PstI.TP673266","10","7053304","7.1038e-06","0.0015","A"
"4","Trait5","mrMLM","PstI.TP193150","10","7074117","-1.7902e-05","0.0039","A"
"4","Trait5","mrMLM","PstI.TP510424","10","7091437","-0.047","0.3928","A"
"4","Trait5","mrMLM","PstI.TP709777","10","7096820","-0.0305","0.2735","A"
"4","Trait5","mrMLM","PstI.TP594696","10","7119016","-1.5348e-05","0.0034","G"
"4","Trait5","mrMLM","PstI.TP19278","10","7138937","1.589e-05","0.0035","C"
"4","Trait5","mrMLM","NsiI.TP299143","10","7147645","-1.1093e-05","0.0024","A"
"4","Trait5","mrMLM","NsiI.TP123073","10","7170270","4.394e-07","9.5629e-05","C"
"4","Trait5","mrMLM","PstI.TP123530","10","7243969","-2.6591e-06","6e-04","A"
"4","Trait5","mrMLM","GFSSContig11002_434","10","7263424","-1.6321e-05","0.0036","T"
"4","Trait5","mrMLM","NsiI.TP121207","10","7304029","-8.9196e-06","0.0019","A"
"4","Trait5","mrMLM","PstI.TP626338","10","7419457","-5.1555e-06","0.0011","C"
"4","Trait5","mrMLM","NsiI.TP752201","10","7427130","-0.073","0.4098","C"
"4","Trait5","mrMLM","PstI.TP192975","10","7433028","-3.6864e-05","0.0081","G"
"4","Trait5","mrMLM","NsiI.TP55214","10","7438176","0.1702","0.8077","C"
"4","Trait5","mrMLM","NsiI.TP56711","10","7438210","0.0414","0.3264","A"
"4","Trait5","mrMLM","PstI.TP49215","10","7440436","-5.9241e-06","0.0013","C"
"4","Trait5","mrMLM","NsiI.TP139512","10","7445722","-2.3225e-05","0.0051","G"
"4","Trait5","mrMLM","NsiI.TP465277","10","7478080","-9.9974e-06","0.0022","A"
"4","Trait5","mrMLM","PstI.TP204175","10","7481307","7.2182e-06","0.0016","C"
"4","Trait5","mrMLM","NsiI.TP296881","10","7488785","-0.2203","1.54","G"
"4","Trait5","mrMLM","PstI.TP751867","10","7495716","-0.0364","0.2633","A"
"4","Trait5","mrMLM","PstI.TP1231727","10","7512201","1.6434e-05","0.0036","G"
"4","Trait5","mrMLM","PstI.TP205915","10","7512309","0.0327","0.3945","C"
"4","Trait5","mrMLM","PstI.TP100648","10","7512918","2.7699e-08","6.0277e-06","A"
"4","Trait5","mrMLM","PstI.TP4865","10","7516648","6.3738e-07","1e-04","C"
"4","Trait5","mrMLM","PstI.TP149587","10","7615825","-5.9889e-06","0.0013","G"
"4","Trait5","mrMLM","PstI.TP147227","10","7615847","0.2086","2.1679","A"
"4","Trait5","mrMLM","PstI.TP31446","10","7616306","-9.1988e-06","0.002","C"
"4","Trait5","mrMLM","NsiI.TP439343","10","7616533","-1.1678e-06","3e-04","A"
"4","Trait5","mrMLM","NsiI.TP237844","10","7616535","0.1187","0.6033","A"
"4","Trait5","mrMLM","PstI.TP474246","10","7694364","-8.9067e-06","0.0019","A"
"4","Trait5","mrMLM","PstI.TP922420","10","7725684","-9.6478e-06","0.0021","A"
"4","Trait5","mrMLM","NsiI.TP371534","10","7725684","3.0961e-05","0.0068","G"
"4","Trait5","mrMLM","PstI.TP937644","10","7725693","-0.033","0.2446","C"
"4","Trait5","mrMLM","NsiI.TP429917","10","7770797","7.6875e-06","0.0017","A"
"4","Trait5","mrMLM","NsiI.TP622136","10","7771224","0.2109","1.1558","C"
"4","Trait5","mrMLM","PstI.TP241242","10","7791807","-0.1314","0.8778","A"
"4","Trait5","mrMLM","PstI.TP688236","10","7799795","7.0298e-06","0.0015","C"
"4","Trait5","mrMLM","PstI.TP17559","10","7841596","-2.7212e-05","0.006","A"
"4","Trait5","mrMLM","NsiI.TP388522","10","7860549","1.2878e-05","0.0028","A"
"4","Trait5","mrMLM","NsiI.TP388524","10","7860569","0.0029","0.0815","A"
"4","Trait5","mrMLM","NsiI.TP830477","10","7872459","0.155","0.4999","A"
"4","Trait5","mrMLM","PstI.TP479159","10","7872886","-0.0384","0.3426","G"
"4","Trait5","mrMLM","NsiI.TP215678","10","7915314","-1.7468e-05","0.0038","A"
"4","Trait5","mrMLM","PstI.TP22678","10","7915405","1.6813e-06","4e-04","A"
"4","Trait5","mrMLM","PstI.TP780806","10","7917626","-0.0649","0.683","C"
"4","Trait5","mrMLM","PstI.TP1099085","10","7953720","-1.2702e-05","0.0028","C"
"4","Trait5","mrMLM","NsiI.TP27348","10","8026434","-2.087e-05","0.0046","C"
"4","Trait5","mrMLM","NsiI.TP591509","10","8034703","-9.32e-06","0.002","A"
"4","Trait5","mrMLM","PstI.TP429801","10","8035175","-9.1962e-06","0.002","G"
"4","Trait5","mrMLM","NsiI.TP800779","10","8054128","-0.0616","0.5931","C"
"4","Trait5","mrMLM","NsiI.TP811878","10","8054180","-2.6974e-05","0.0059","A"
"4","Trait5","mrMLM","PstI.TP877857","10","8054551","-1.9119e-05","0.0042","A"
"4","Trait5","mrMLM","NsiI.TP425321","10","8054763","-4.5594e-05","0.01","A"
"4","Trait5","mrMLM","PstI.TP261995","10","8063942","-1.0512e-06","2e-04","A"
"4","Trait5","mrMLM","NsiI.TP41781","10","8068211","1.007e-05","0.0022","G"
"4","Trait5","mrMLM","NsiI.TP41783","10","8068214","-2.0606e-05","0.0045","A"
"4","Trait5","mrMLM","NsiI.TP301361","10","8099842","2.5243e-05","0.0055","G"
"4","Trait5","mrMLM","NsiI.TP301356","10","8099855","-0.0161","0.2287","A"
"4","Trait5","mrMLM","PstI.TP628495","10","8110349","0.0447","0.5333","A"
"4","Trait5","mrMLM","PstI.TP1081624","10","8144011","2.2813e-06","5e-04","C"
"4","Trait5","mrMLM","NsiI.TP430625","10","8144012","0.006","0.1355","C"
"4","Trait5","mrMLM","PstI.TP166292","10","8150237","1.1045e-05","0.0024","C"
"4","Trait5","mrMLM","PstI.TP501971","10","8186495","-0.0347","0.2334","A"
"4","Trait5","mrMLM","PstI.TP297485","10","8192714","0.0337","0.2047","C"
"4","Trait5","mrMLM","PstI.TP297484","10","8192724","-0.0261","0.3285","G"
"4","Trait5","mrMLM","PstI.TP386356","10","8196990","-0.1415","0.9376","C"
"4","Trait5","mrMLM","NsiI.TP228522","10","8197919","-3.0372e-05","0.0067","C"
"4","Trait5","mrMLM","NsiI.TP60801","10","8233136","-0.1011","0.725","A"
"4","Trait5","mrMLM","NsiI.TP697049","10","8233222","-9.2177e-06","0.002","A"
"4","Trait5","mrMLM","PstI.TP1134755","10","8233530","9.6655e-06","0.0021","G"
"4","Trait5","mrMLM","NsiI.TP54714","10","8255635","-0.0095","0.1754","A"
"4","Trait5","mrMLM","NsiI.TP492189","10","8261222","-1.3872e-05","0.003","A"
"4","Trait5","mrMLM","PstI.TP341083","10","8262385","0.056","0.3985","A"
"4","Trait5","mrMLM","NsiI.TP16145","10","8279132","1.6197e-05","0.0035","A"
"4","Trait5","mrMLM","NsiI.TP716131","10","8297014","-0.1805","0.9447","A"
"4","Trait5","mrMLM","PstI.TP750230","10","8308664","-8.0343e-06","0.0018","C"
"4","Trait5","mrMLM","NsiI.TP745333","10","8344908","-0.0701","0.3617","C"
"4","Trait5","mrMLM","NsiI.TP166636","10","8349937","8.601e-07","2e-04","C"
"4","Trait5","mrMLM","NsiI.TP493402","10","8423090","1.4201e-05","0.0031","A"
"4","Trait5","mrMLM","PstI.TP863248","10","8480238","0.1038","0.4094","A"
"4","Trait5","mrMLM","NsiI.TP31391","10","8519156","-0.004","0.068","A"
"4","Trait5","mrMLM","PstI.TP808887","10","8526597","3.4167e-06","7e-04","C"
"4","Trait5","mrMLM","PstI.TP507502","10","8533811","1.1601e-05","0.0025","C"
"4","Trait5","mrMLM","NsiI.TP409443","10","8533811","1.0262e-05","0.0022","A"
"4","Trait5","mrMLM","NsiI.TP409444","10","8533812","0.139","0.7457","G"
"4","Trait5","mrMLM","PstI.TP809778","10","8543510","1.4082e-05","0.0031","C"
"4","Trait5","mrMLM","NsiI.TP433256","10","8543717","-1.8189e-06","4e-04","C"
"4","Trait5","mrMLM","NsiI.TP279591","10","8549506","0.0859","1.1897","C"
"4","Trait5","mrMLM","NsiI.TP254930","10","8549734","5.044e-06","0.0011","G"
"4","Trait5","mrMLM","PstI.TP516137","10","8551151","2.4171e-05","0.0053","A"
"4","Trait5","mrMLM","PstI.TP464693","10","8551223","4.2181e-05","0.0093","C"
"4","Trait5","mrMLM","NsiI.TP82763","10","8616434","-0.0068","0.1186","C"
"4","Trait5","mrMLM","PstI.TP1128792","10","8617211","0.0574","0.5965","A"
"4","Trait5","mrMLM","NsiI.TP336962","10","8617263","8e-04","0.0315","C"
"4","Trait5","mrMLM","NsiI.TP565045","10","8617526","0.095","0.4376","C"
"4","Trait5","mrMLM","NsiI.TP548285","10","8628263","-0.0027","0.0593","A"
"4","Trait5","mrMLM","NsiI.TP417126","10","8628335","0.0742","0.8288","A"
"4","Trait5","mrMLM","PstI.TP49597","10","8632574","-0.169","0.9242","C"
"4","Trait5","mrMLM","PstI.TP262665","10","8641591","-2.4013e-05","0.0053","A"
"4","Trait5","mrMLM","NsiI.TP292110","10","8663562","-0.1682","1.7001","C"
"4","Trait5","mrMLM","NsiI.TP51580","10","8685676","-8.8792e-06","0.0019","A"
"4","Trait5","mrMLM","NsiI.TP476564","10","8685679","2.0023e-05","0.0044","A"
"4","Trait5","mrMLM","NsiI.TP573145","10","8686075","-7.2506e-06","0.0016","A"
"4","Trait5","mrMLM","NsiI.TP123409","10","8686160","-8.4036e-06","0.0018","A"
"4","Trait5","mrMLM","PstI.TP401956","10","8717831","1.4911e-05","0.0033","G"
"4","Trait5","mrMLM","NsiI.TP365793","10","8727407","2.4922e-05","0.0055","A"
"4","Trait5","mrMLM","NsiI.TP35043","10","8752420","-2.2269e-05","0.0049","A"
"4","Trait5","mrMLM","PstI.TP1091471","10","8754120","-1.265e-05","0.0028","C"
"4","Trait5","mrMLM","NsiI.TP426577","10","8815676","-2.1915e-05","0.0048","C"
"4","Trait5","mrMLM","PstI.TP459746","10","8827429","2.0826e-06","5e-04","C"
"4","Trait5","mrMLM","NsiI.TP135574","10","8830491","2.1673e-05","0.0047","A"
"4","Trait5","mrMLM","PstI.TP805227","10","8847055","-0.0711","0.4757","C"
"4","Trait5","mrMLM","PstI.TP221027","10","8848286","-1.598e-05","0.0035","A"
"4","Trait5","mrMLM","PstI.TP221311","10","8848295","-1.7631e-05","0.0039","A"
"4","Trait5","mrMLM","PstI.TP819775","10","8850880","-0.0698","0.4596","A"
"4","Trait5","mrMLM","PstI.TP495406","10","8851249","2.0353e-05","0.0041","C"
"4","Trait5","mrMLM","NsiI.TP500976","10","8853491","2.5135e-05","0.0055","A"
"4","Trait5","mrMLM","NsiI.TP416047","10","8859230","2.6326e-05","0.0058","A"
"4","Trait5","mrMLM","PstI.TP51516","10","8861492","-4.942e-06","0.0011","A"
"4","Trait5","mrMLM","PstI.TP1038591","10","8867029","-7.7842e-06","0.0017","C"
"4","Trait5","mrMLM","NsiI.TP700791","10","8869373","8.7236e-06","0.0019","A"
"4","Trait5","mrMLM","NsiI.TP800005","10","8894644","-2.2695e-05","0.005","C"
"4","Trait5","mrMLM","NsiI.TP767862","10","8899879","1.8339e-06","4e-04","A"
"4","Trait5","mrMLM","NsiI.TP274179","10","8900947","-0.0136","0.1525","A"
"4","Trait5","mrMLM","NsiI.TP417967","10","8969078","0.1328","0.6776","C"
"4","Trait5","mrMLM","PstI.TP381362","10","8977784","3.042e-05","0.0067","C"
"4","Trait5","mrMLM","PstI.TP398038","10","9055053","-5.3159e-06","0.0012","A"
"4","Trait5","mrMLM","PstI.TP20602","10","9056902","-0.042","0.435","C"
"4","Trait5","mrMLM","PstI.TP1001443","10","9270817","2.6381e-05","0.0058","C"
"4","Trait5","mrMLM","NsiI.TP284854","10","9278751","-9.5124e-06","0.0021","A"
"4","Trait5","mrMLM","PstI.TP1115007","10","9284878","0.023","0.1793","C"
"4","Trait5","mrMLM","PstI.TP476180","10","9295344","-2.2894e-05","0.005","A"
"4","Trait5","mrMLM","NsiI.TP545832","10","9313785","-0.0257","0.4146","C"
"4","Trait5","mrMLM","NsiI.TP763164","10","9416753","-0.0064","0.1393","A"
"4","Trait5","mrMLM","NsiI.TP408213","10","9426875","-1.1949e-05","0.0026","C"
"4","Trait5","mrMLM","PstI.TP1022538","10","9427594","0.0447","0.5086","A"
"4","Trait5","mrMLM","PstI.TP1023898","10","9617333","-1.9741e-05","0.0043","G"
"4","Trait5","mrMLM","NsiI.TP813084","10","9642683","-1.0629e-05","0.0023","C"
"4","Trait5","mrMLM","NsiI.TP88833","10","9660835","5.2208e-06","0.0011","A"
"4","Trait5","mrMLM","PstI.TP196905","10","9690816","1.8074e-05","0.004","A"
"4","Trait5","mrMLM","NsiI.TP168987","10","9691816","-2.5663e-05","0.0056","A"
"4","Trait5","mrMLM","PstI.TP902020","10","9692380","0.0717","0.5839","C"
"4","Trait5","mrMLM","PstI.TP155962","10","9704983","-0.1861","1.1186","A"
"4","Trait5","mrMLM","PstI.TP1165410","10","9711519","-2.6189e-05","0.0057","A"
"4","Trait5","mrMLM","PstI.TP126897","10","9757479","6.258e-06","0.0014","G"
"4","Trait5","mrMLM","PstI.TP1104477","10","9762760","2.5187e-05","0.0055","A"
"4","Trait5","mrMLM","PstI.TP706096","10","9764879","4.7936e-06","0.001","C"
"4","Trait5","mrMLM","PstI.TP759626","10","9765073","0.0582","0.3114","G"
"4","Trait5","mrMLM","NsiI.TP722937","10","9791748","-5.7389e-06","0.0013","G"
"4","Trait5","mrMLM","PstI.TP1218068","10","9839582","-3.1915e-05","0.007","A"
"4","Trait5","mrMLM","PstI.TP433043","10","9848590","-4.2405e-06","9e-04","C"
"4","Trait5","mrMLM","NsiI.TP340287","10","9859660","-2.1342e-05","0.0047","C"
"4","Trait5","mrMLM","PstI.TP317730","10","9880258","-9.3075e-06","0.002","C"
"4","Trait5","mrMLM","PstI.TP110898","10","9880843","0.2828","2.2735","C"
"4","Trait5","mrMLM","PstI.TP863318","10","9897610","-1.6691e-05","0.0036","A"
"4","Trait5","mrMLM","PstI.TP1007652","10","9980333","-1.0462e-05","0.0023","A"
"4","Trait5","mrMLM","PstI.TP1263443","10","9988092","-5.6799e-06","0.0012","C"
"4","Trait5","mrMLM","NsiI.TP333996","10","9989985","-0.0343","0.4185","A"
"4","Trait5","mrMLM","NsiI.TP131804","10","10020665","2.9978e-05","0.0066","C"
"4","Trait5","mrMLM","PstI.TP951021","10","10044851","-0.0995","0.6133","G"
"4","Trait5","mrMLM","PstI.TP330917","10","10161498","0.0448","0.5614","A"
"4","Trait5","mrMLM","PstI.TP893838","10","10167865","0.1618","1.0175","C"
"4","Trait5","mrMLM","PstI.TP947118","10","10171416","9.1695e-06","0.002","C"
"4","Trait5","mrMLM","NsiI.TP467269","10","10171432","-2.2885e-06","5e-04","C"
"4","Trait5","mrMLM","PstI.TP920685","10","10258102","1.3139e-05","0.0029","A"
"4","Trait5","mrMLM","PstI.TP348121","10","10315566","-1.0987e-05","0.0024","C"
"4","Trait5","mrMLM","PstI.TP475831","10","10323419","-0.2763","1.0689","A"
"4","Trait5","mrMLM","PstI.TP76555","10","10323786","-0.0542","0.3622","C"
"4","Trait5","mrMLM","PstI.TP77980","10","10346907","-5.3872e-06","0.0012","A"
"4","Trait5","mrMLM","NsiI.TP725160","10","10348715","-4.5487e-06","0.001","G"
"4","Trait5","mrMLM","PstI.TP1188915","10","10377851","2.0825e-05","0.0046","C"
"4","Trait5","mrMLM","NsiI.TP539232","10","10539823","-0.1022","0.94","A"
"4","Trait5","mrMLM","PstI.TP530550","10","10541144","3.8181e-06","8e-04","C"
"4","Trait5","mrMLM","PstI.TP683701","10","10614565","2.8132e-05","0.0062","A"
"4","Trait5","mrMLM","PstI.TP483070","10","10615158","1.0041e-05","0.0022","A"
"4","Trait5","mrMLM","PstI.TP1059761","10","10652959","-8.7606e-06","0.0019","C"
"4","Trait5","mrMLM","NsiI.TP337654","10","10682671","-5.4648e-06","0.0012","A"
"4","Trait5","mrMLM","NsiI.TP764847","10","10693125","0.1469","1.1867","C"
"4","Trait5","mrMLM","PstI.TP1277808","10","10697678","1.7593e-05","0.0038","C"
"4","Trait5","mrMLM","PstI.TP605708","10","10701072","5.9613e-06","0.0013","A"
"4","Trait5","mrMLM","PstI.TP862042","10","10751789","0.0909","0.8483","C"
"4","Trait5","mrMLM","PstI.TP623813","10","10751887","0.212","1.3804","A"
"4","Trait5","mrMLM","PstI.TP758246","10","10804856","4.4642e-06","0.001","C"
"4","Trait5","mrMLM","NsiI.TP371913","10","10846478","-1.9025e-05","0.0042","C"
"4","Trait5","mrMLM","PstI.TP784042","10","10903117","1.7122e-05","0.0037","G"
"4","Trait5","mrMLM","PstI.TP1172871","10","11004222","1.1336e-05","0.0025","C"
"4","Trait5","mrMLM","PstI.TP942342","10","11005138","6.8233e-06","0.0015","C"
"4","Trait5","mrMLM","NsiI.TP751081","10","11035186","1.0175e-05","0.0022","A"
"4","Trait5","mrMLM","NsiI.TP751079","10","11035201","1.3307e-05","0.0029","C"
"4","Trait5","mrMLM","NsiI.TP4741","10","11063964","1.3094e-05","0.0029","C"
"4","Trait5","mrMLM","GFSSContig13376_1381","10","11113161","3.3837e-05","0.0074","C"
"4","Trait5","mrMLM","NsiI.TP715495","10","11131538","0.0796","1.0779","A"
"4","Trait5","mrMLM","PstI.TP351531","10","11195219","5.5755e-06","0.0012","A"
"4","Trait5","mrMLM","NsiI.TP30979","10","11314701","-1.9844e-05","0.0043","A"
"4","Trait5","mrMLM","PstI.TP1225697","10","11451257","-0.069","0.6662","A"
"4","Trait5","mrMLM","PstI.TP651505","10","11456346","-9.5186e-06","0.0021","G"
"4","Trait5","mrMLM","PstI.TP184667","10","11463853","2.0233e-05","0.0044","A"
"4","Trait5","mrMLM","NsiI.TP767912","10","11482583","-4.0486e-05","0.0089","C"
"4","Trait5","mrMLM","NsiI.TP661676","10","11560410","-1.2139e-06","3e-04","C"
"4","Trait5","mrMLM","NsiI.TP620432","10","11561274","-2.7634e-05","0.0061","C"
"4","Trait5","mrMLM","PstI.TP219020","10","11589463","2.9947e-06","7e-04","A"
"4","Trait5","mrMLM","NsiI.TP120355","10","11637749","-9.3973e-06","0.0021","C"
"4","Trait5","mrMLM","NsiI.TP406247","10","11637888","-0.0816","0.4889","C"
"4","Trait5","mrMLM","PstI.TP668263","10","11638919","-1.4604e-06","3e-04","C"
"4","Trait5","mrMLM","PstI.TP1050247","10","11665673","1.683e-05","0.0037","A"
"4","Trait5","mrMLM","NsiI.TP816010","10","11668119","1.0591e-05","0.0023","C"
"4","Trait5","mrMLM","NsiI.TP621881","10","11760179","2.9484e-05","0.0065","C"
"4","Trait5","mrMLM","PstI.TP722220","10","11801957","-0.0378","0.443","A"
"4","Trait5","mrMLM","PstI.TP1286414","10","12122103","-0.3356","2.0447","A"
"4","Trait5","mrMLM","PstI.TP596276","10","12187839","-3.7999e-06","8e-04","A"
"4","Trait5","mrMLM","PstI.TP32813","10","12190030","0.0641","0.6546","A"
"4","Trait5","mrMLM","PstI.TP140838","10","12197044","1.5378e-05","0.0034","A"
"4","Trait5","mrMLM","PstI.TP425440","10","12294838","-0.0031","0.0583","A"
"4","Trait5","mrMLM","PstI.TP383553","10","12321978","-9.8212e-06","0.0021","A"
"4","Trait5","mrMLM","PstI.TP23726","10","12333330","0.0666","0.4559","A"
"4","Trait5","mrMLM","PstI.TP161329","10","12333702","0.0056","0.0685","A"
"4","Trait5","mrMLM","PstI.TP934421","10","12341138","0.0268","0.3621","A"
"4","Trait5","mrMLM","PstI.TP764716","10","12341394","-3.5321e-05","0.0078","C"
"4","Trait5","mrMLM","NsiI.TP613667","10","12349055","-3.3235e-05","0.0073","A"
"4","Trait5","mrMLM","PstI.TP1014598","10","12353077","-0.1346","1.0538","A"
"4","Trait5","mrMLM","PstI.TP632281","10","12354082","6.363e-07","1e-04","C"
"4","Trait5","mrMLM","PstI.TP1272211","10","12354639","-6.3905e-06","0.0014","A"
"4","Trait5","mrMLM","NsiI.TP782775","10","12356439","0.0078","0.1635","A"
"4","Trait5","mrMLM","PstI.TP622235","10","12390554","-5.6933e-06","0.0012","A"
"4","Trait5","mrMLM","PstI.TP967841","10","12648652","-1.178e-05","0.0026","A"
"4","Trait5","mrMLM","NsiI.TP39761","10","12650214","-0.0197","0.2085","C"
"4","Trait5","mrMLM","PstI.TP133764","10","12653332","1.7609e-05","0.0038","C"
"4","Trait5","mrMLM","PstI.TP497652","10","12797368","2.7478e-05","0.006","C"
"4","Trait5","mrMLM","NsiI.TP363897","10","12797377","3.1115e-05","0.0068","C"
"4","Trait5","mrMLM","PstI.TP279159","10","12810728","1.4721e-05","0.0032","A"
"4","Trait5","mrMLM","PstI.TP455755","10","12824467","-1.9528e-05","0.0043","C"
"4","Trait5","mrMLM","NsiI.TP265706","10","13430597","8.8476e-06","0.0019","C"
"4","Trait5","mrMLM","PstI.TP1108451","10","13441531","-0.048","0.3406","C"
"4","Trait5","mrMLM","NsiI.TP500616","10","13480882","-4.093e-06","9e-04","C"
"4","Trait5","mrMLM","PstI.TP740155","10","13562155","-2.9323e-05","0.0064","C"
"4","Trait5","mrMLM","PstI.TP397772","10","13563411","2.2978e-05","0.005","G"
"4","Trait5","mrMLM","PstI.TP353347","10","13577246","-0.0866","0.3472","A"
"4","Trait5","mrMLM","PstI.TP143503","10","13577827","0.0515","0.5396","C"
"4","Trait5","mrMLM","PstI.TP682043","10","13623885","1.3186e-05","0.0029","A"
"4","Trait5","mrMLM","NsiI.TP42596","10","13677577","-0.124","0.6627","A"
"4","Trait5","mrMLM","NsiI.TP662730","10","13828430","0.0778","0.505","A"
"4","Trait5","mrMLM","PstI.TP460851","10","13913516","-0.0298","0.3282","C"
"4","Trait5","mrMLM","PstI.TP103029","10","13929819","0.0119","0.1787","A"
"4","Trait5","mrMLM","PstI.TP802099","10","13941831","-0.0273","0.1805","C"
"4","Trait5","mrMLM","PstI.TP817893","10","13941832","-0.0533","0.3087","C"
"4","Trait5","mrMLM","PstI.TP1230584","10","13971676","-0.1013","0.6052","C"
"4","Trait5","mrMLM","PstI.TP210816","10","13971892","-1.8295e-05","0.004","C"
"4","Trait5","mrMLM","PstI.TP1009372","10","13973490","1.1958e-05","0.0026","A"
"4","Trait5","mrMLM","NsiI.TP742900","10","14131252","2.0933e-05","0.0046","A"
"4","Trait5","mrMLM","NsiI.TP436387","10","14147070","2.9088e-05","0.0064","C"
"4","Trait5","mrMLM","NsiI.TP654024","10","14151751","-8.3125e-06","0.0018","A"
"4","Trait5","mrMLM","NsiI.TP39805","10","14167073","2.4251e-05","0.0053","A"
"4","Trait5","mrMLM","NsiI.TP125272","10","14170796","2.6458e-06","6e-04","A"
"4","Trait5","mrMLM","NsiI.TP71157","10","14183186","-1.9585e-05","0.0043","C"
"4","Trait5","mrMLM","PstI.TP803776","10","14183585","1.1619e-05","0.0025","A"
"4","Trait5","mrMLM","PstI.TP68222","10","14185453","2.1646e-05","0.0047","C"
"4","Trait5","mrMLM","PstI.TP779693","10","14193657","-4.3979e-06","0.001","A"
"4","Trait5","mrMLM","PstI.TP338966","10","14326318","-0.0243","0.2182","G"
"4","Trait5","mrMLM","PstI.TP1002770","10","14447848","1.2496e-05","0.0027","A"
"4","Trait5","mrMLM","PstI.TP362171","10","14449905","-2.5534e-06","6e-04","A"
"4","Trait5","mrMLM","PstI.TP782320","10","14452159","1.0549e-05","0.0023","A"
"4","Trait5","mrMLM","PstI.TP842679","10","14456709","5.2586e-06","0.0011","A"
"4","Trait5","mrMLM","PstI.TP360337","10","14458765","0.3096","2.5958","A"
"4","Trait5","mrMLM","NsiI.TP620171","10","14533666","0.0557","0.3617","A"
"4","Trait5","mrMLM","PstI.TP1035815","10","14825546","0.0761","0.6495","A"
"4","Trait5","mrMLM","NsiI.TP574749","10","14924952","-4.1244e-05","0.0091","A"
"4","Trait5","mrMLM","NsiI.TP464239","10","14979911","0.0832","0.4991","A"
"4","Trait5","mrMLM","PstI.TP512346","10","14980131","-8.3767e-06","0.0018","A"
"4","Trait5","mrMLM","PstI.TP111431","10","15183743","0.0939","0.4462","A"
"4","Trait5","mrMLM","PstI.TP864793","10","15183846","1.0177e-05","0.0022","A"
"4","Trait5","mrMLM","PstI.TP119015","10","15276227","-9.6e-06","0.0021","G"
"4","Trait5","mrMLM","PstI.TP269037","10","15276368","0.1932","0.965","G"
"4","Trait5","mrMLM","NsiI.TP391026","10","15278206","0.0969","0.6461","A"
"4","Trait5","mrMLM","PstI.TP883992","10","15306166","1.4923e-05","0.0033","A"
"4","Trait5","mrMLM","NsiI.TP831705","10","15327296","-8.951e-06","0.002","A"
"4","Trait5","mrMLM","NsiI.TP594640","10","15479473","-1.5647e-05","0.0034","C"
"4","Trait5","mrMLM","PstI.TP38455","10","15482507","0.1385","1.375","A"
"4","Trait5","mrMLM","NsiI.TP824717","10","15776222","7.4997e-06","0.0016","C"
"4","Trait5","mrMLM","NsiI.TP245242","10","15872817","-1.8116e-05","0.004","A"
"4","Trait5","mrMLM","NsiI.TP578202","10","15907907","1.1185e-05","0.0024","A"
"4","Trait5","mrMLM","NsiI.TP634012","10","15996271","-9.1722e-06","0.002","C"
"4","Trait5","mrMLM","NsiI.TP95654","10","16460698","-2.6068e-05","0.0057","A"
"4","Trait5","mrMLM","NsiI.TP671047","10","16860433","0.085","0.6914","C"
"4","Trait5","mrMLM","PstI.TP407356","10","16885163","-7.0733e-06","0.0015","A"
"4","Trait5","mrMLM","NsiI.TP257948","10","16901572","-0.0936","1.2522","C"
"4","Trait5","mrMLM","NsiI.TP236384","10","17510539","-1.1519e-05","0.0025","A"
"4","Trait5","mrMLM","PstI.TP313625","10","17540181","-1.039e-05","0.0023","C"
"4","Trait5","mrMLM","PstI.TP374911","10","17540639","1.3746e-05","0.003","A"
"4","Trait5","mrMLM","PstI.TP1160897","10","17579080","0.3089","1.4335","G"
"4","Trait5","mrMLM","PstI.TP460030","10","17602799","-0.4823","2.2542","A"
"4","Trait5","mrMLM","PstI.TP301713","10","17608454","8.519e-07","2e-04","C"
"4","Trait5","mrMLM","PstI.TP759834","10","17626374","1.1919e-05","0.0026","A"
"4","Trait5","mrMLM","PstI.TP220176","10","17845786","-1.0035e-05","0.0022","C"
"4","Trait5","mrMLM","NsiI.TP241181","10","17849663","2.8611e-06","6e-04","C"
"4","Trait5","mrMLM","NsiI.TP548154","10","17958544","-0.481","2.6808","C"
"4","Trait5","mrMLM","PstI.TP295935","10","17959897","6.0854e-06","0.0013","C"
"4","Trait5","mrMLM","PstI.TP109908","10","17977412","0.2844","2.8197","C"
"4","Trait5","mrMLM","NsiI.TP426470","10","18004374","0.0551","0.4276","C"
"4","Trait5","mrMLM","NsiI.TP73117","10","18049336","0.0403","0.3192","C"
"4","Trait5","mrMLM","PstI.TP33090","10","18057043","-2.3947e-05","0.0052","G"
"4","Trait5","mrMLM","PstI.TP1052144","10","18057443","7.7967e-06","0.0017","A"
"4","Trait5","mrMLM","PstI.TP166160","10","18059383","0.0577","0.5513","C"
"4","Trait5","mrMLM","NsiI.TP204462","10","18062040","-0.0033","0.0898","C"
"4","Trait5","mrMLM","PstI.TP464114","10","18062318","0.0365","0.448","A"
"4","Trait5","mrMLM","PstI.TP482461","10","18074296","0.0819","0.4138","C"
"4","Trait5","mrMLM","PstI.TP824259","10","18098319","0.0879","0.4182","A"
"4","Trait5","mrMLM","PstI.TP1059268","10","18152385","-0.05","0.6457","C"
"4","Trait5","mrMLM","PstI.TP1075940","10","18152462","4.6466e-06","0.001","A"
"4","Trait5","mrMLM","NsiI.TP83036","10","18275796","-0.1212","1.0955","A"
"4","Trait5","mrMLM","NsiI.TP819468","10","18283573","1.0607e-05","0.0023","C"
"4","Trait5","mrMLM","NsiI.TP146031","10","19314576","2.9612e-05","0.0065","A"
"4","Trait5","mrMLM","PstI.TP1046291","10","19409455","-4.099e-06","9e-04","A"
"4","Trait5","mrMLM","PstI.TP446471","10","19412076","-9.9906e-06","0.0022","C"
"4","Trait5","mrMLM","PstI.TP846064","10","19421525","-0.0529","0.3283","A"
"4","Trait5","mrMLM","NsiI.TP71264","10","19454163","3.0878e-05","0.0068","A"
"4","Trait5","mrMLM","NsiI.TP86658","10","19510044","9.3415e-07","2e-04","C"
"4","Trait5","mrMLM","NsiI.TP304719","10","19529607","-0.1144","1.3403","G"
"4","Trait5","mrMLM","NsiI.TP67759","10","19531315","-1.7753e-05","0.0039","C"
"4","Trait5","mrMLM","NsiI.TP375871","10","19665156","1.0617e-05","0.0023","A"
"4","Trait5","mrMLM","NsiI.TP801924","10","19665487","0.1377","0.6617","C"
"4","Trait5","mrMLM","NsiI.TP258117","10","19843178","3.8017e-06","8e-04","A"
"4","Trait5","mrMLM","NsiI.TP87772","10","19843229","-5.6342e-06","0.0012","A"
"4","Trait5","mrMLM","PstI.TP502430","10","19879226","1.093e-06","2e-04","A"
"4","Trait5","mrMLM","PstI.TP783212","10","19879750","-1.077e-05","0.0023","A"
"4","Trait5","mrMLM","NsiI.TP482914","10","19899150","-2.6337e-05","0.0058","C"
"4","Trait5","mrMLM","PstI.TP713417","10","19939847","0.1149","1.3405","C"
"4","Trait5","mrMLM","PstI.TP343293","10","19939931","1.0548e-05","0.0023","A"
"4","Trait5","mrMLM","PstI.TP1105684","10","20024192","5.6738e-06","0.0012","A"
"4","Trait5","mrMLM","NsiI.TP5647","10","20032426","1.9172e-05","0.0042","C"
"4","Trait5","mrMLM","PstI.TP601454","10","20272687","-1.3826e-06","3e-04","A"
"4","Trait5","mrMLM","PstI.TP579907","10","20280502","-4.074e-06","9e-04","C"
"4","Trait5","mrMLM","NsiI.TP415930","10","20420558","-0.134","0.9376","C"
"4","Trait5","mrMLM","PstI.TP769916","10","20422502","4.7712e-05","0.0105","C"
"4","Trait5","mrMLM","NsiI.TP483347","10","20424293","-8.8639e-06","0.0019","G"
"4","Trait5","mrMLM","GFk40ctg349904_126","10","20536471","0.0644","0.5548","T"
"4","Trait5","mrMLM","PstI.TP730575","10","20915636","0.1176","0.552","A"
"4","Trait5","mrMLM","PstI.TP1162502","10","21500434","2.4086e-06","5e-04","C"
"4","Trait5","mrMLM","PstI.TP278923","10","21876858","9.6334e-06","0.0021","C"
"4","Trait5","mrMLM","NsiI.TP775403","10","22580641","-1.0259e-05","0.0022","A"
"4","Trait5","mrMLM","NsiI.TP510039","10","22582018","1.9012e-05","0.0042","A"
"4","Trait5","mrMLM","GFSSContig19948_1337","10","22951373","-9.2155e-06","0.002","T"
"4","Trait5","mrMLM","NsiI.TP247823","10","23030267","2.0078e-05","0.0044","A"
"4","Trait5","mrMLM","NsiI.TP148527","10","23033991","2.3761e-05","0.0052","C"
"4","Trait5","mrMLM","NsiI.TP189115","10","23034003","3.2344e-05","0.0071","C"
"4","Trait5","mrMLM","PstI.TP1048569","10","23207714","6.2874e-06","0.0014","A"
"4","Trait5","mrMLM","PstI.TP707735","10","23213734","2.569e-05","0.0056","C"
"4","Trait5","mrMLM","PstI.TP707736","10","23213736","1.0229e-05","0.0022","A"
"4","Trait5","mrMLM","PstI.TP750772","10","23214478","-6.1744e-06","0.0013","A"
"4","Trait5","mrMLM","NsiI.TP522916","10","23383793","-3.5335e-06","8e-04","A"
"4","Trait5","mrMLM","PstI.TP29667","10","24021925","0.0421","0.6416","C"
"4","Trait5","mrMLM","PstI.TP1116668","10","27152478","-1.2365e-05","0.0027","A"
"4","Trait5","mrMLM","PstI.TP886120","10","27922100","0.2182","1.1305","A"
"4","Trait5","mrMLM","PstI.TP634858","10","35389695","-2.6769e-05","0.0059","A"
"4","Trait5","mrMLM","PstI.TP1239613","10","35395182","-1.8866e-05","0.0041","G"
"4","Trait5","mrMLM","PstI.TP1057956","10","35503126","7.2046e-06","0.0016","A"
"4","Trait5","mrMLM","NsiI.TP713656","10","38000507","5.791e-06","0.0013","A"
"4","Trait5","mrMLM","PstI.TP309325","10","38000517","-2.4119e-05","0.0053","G"
"4","Trait5","mrMLM","NsiI.TP741971","10","38000626","0.0146","0.1521","A"
"4","Trait5","mrMLM","NsiI.TP241689","10","38083479","-1.3771e-06","3e-04","C"
"4","Trait5","mrMLM","NsiI.TP13401","10","40149838","-0.1678","1.3011","C"
"4","Trait5","mrMLM","PstI.TP1132274","10","40908893","5.064e-06","0.0011","C"
"4","Trait5","mrMLM","NsiI.TP649797","10","41050624","0.006","0.1076","A"
"4","Trait5","mrMLM","PstI.TP775752","10","41350986","1.0703e-05","0.0023","A"
"4","Trait5","mrMLM","PstI.TP912658","10","41352948","-1.2229e-05","0.0027","G"
"4","Trait5","mrMLM","NsiI.TP648509","10","41353679","-0.173","1.27","A"
"4","Trait5","mrMLM","PstI.TP733651","10","41397788","-0.0902","1.2853","A"
"4","Trait5","mrMLM","PstI.TP125708","10","41661129","-2.7758e-05","0.0061","C"
"4","Trait5","mrMLM","NsiI.TP698768","10","41665601","1.063e-05","0.0023","C"
"4","Trait5","mrMLM","PstI.TP56287","10","41894307","-0.0123","0.1793","A"
"4","Trait5","mrMLM","PstI.TP56286","10","41894311","1.0774e-05","0.0024","G"
"4","Trait5","mrMLM","PstI.TP764239","10","41894376","-1.1135e-06","2e-04","C"
"4","Trait5","mrMLM","NsiI.TP485133","10","41897122","5.6884e-06","0.0012","A"
"4","Trait5","mrMLM","NsiI.TP146026","10","42012400","7.2619e-06","0.0016","A"
"4","Trait5","mrMLM","NsiI.TP437362","10","42012960","1.1184e-05","0.0024","C"
"4","Trait5","mrMLM","NsiI.TP291102","10","42086595","-0.0811","0.5621","A"
"4","Trait5","mrMLM","NsiI.TP176368","10","42087324","-0.0314","0.3297","A"
"4","Trait5","mrMLM","PstI.TP290867","10","42087325","6.8003e-06","0.0015","A"
"4","Trait5","mrMLM","PstI.TP238297","10","42087384","1.6586e-05","0.0036","A"
"4","Trait5","mrMLM","NsiI.TP737202","10","42296677","-2.7965e-06","6e-04","A"
"4","Trait5","mrMLM","NsiI.TP330989","10","42330737","-9.7894e-06","0.0021","C"
"4","Trait5","mrMLM","NsiI.TP704450","10","42341657","0.0103","0.198","G"
"4","Trait5","mrMLM","PstI.TP47826","10","42568848","-9.9254e-06","0.0022","C"
"4","Trait5","mrMLM","PstI.TP1241607","10","42592216","5.5839e-06","0.0012","A"
"4","Trait5","mrMLM","NsiI.TP261602","10","42658680","-0.01","0.1898","G"
"4","Trait5","mrMLM","NsiI.TP377607","10","42659248","-0.0844","0.9097","C"
"4","Trait5","mrMLM","NsiI.TP436362","10","42830229","0.0039","0.0823","C"
"4","Trait5","mrMLM","PstI.TP846172","10","42875099","1.3449e-05","0.0029","A"
"4","Trait5","mrMLM","NsiI.TP485232","10","42875099","0.0665","0.3763","A"
"4","Trait5","mrMLM","PstI.TP31228","10","42901768","2.1585e-05","0.0047","A"
"4","Trait5","mrMLM","PstI.TP702993","10","42907827","-4.0206e-05","0.0088","C"
"4","Trait5","mrMLM","PstI.TP1247477","10","42908115","0.1029","0.5284","A"
"4","Trait5","mrMLM","PstI.TP1294907","10","42944116","-0.031","0.3093","A"
"4","Trait5","mrMLM","PstI.TP1133587","10","42973263","0.3031","1.1593","C"
"4","Trait5","mrMLM","GFSSContig4510_767","10","43025569","0.0121","0.1882","T"
"4","Trait5","mrMLM","PstI.TP807137","10","43038231","-6.9719e-06","0.0015","C"
"4","Trait5","mrMLM","NsiI.TP795589","10","43096196","-2.2277e-06","5e-04","C"
"4","Trait5","mrMLM","NsiI.TP785960","10","43096197","-2.3616e-05","0.0052","C"
"4","Trait5","mrMLM","NsiI.TP820119","10","43096208","-2.7269e-05","0.006","A"
"4","Trait5","mrMLM","NsiI.TP697563","10","43096211","0.2224","0.756","A"
"4","Trait5","mrMLM","NsiI.TP795551","10","43096212","0.0588","0.5057","A"
"4","Trait5","mrMLM","NsiI.TP793208","10","43096213","0.0193","0.226","A"
"4","Trait5","mrMLM","NsiI.TP792774","10","43096214","1.4014e-05","0.0031","A"
"4","Trait5","mrMLM","NsiI.TP798760","10","43096214","-4.5264e-06","0.001","G"
"4","Trait5","mrMLM","NsiI.TP321836","10","43096218","1.7001e-05","0.0037","A"
"4","Trait5","mrMLM","NsiI.TP785310","10","43096218","3.4946e-06","8e-04","A"
"4","Trait5","mrMLM","NsiI.TP785526","10","43096218","8.7387e-06","0.0019","A"
"4","Trait5","mrMLM","NsiI.TP786038","10","43096218","1.6592e-05","0.0036","A"
"4","Trait5","mrMLM","NsiI.TP788462","10","43096218","-8.5826e-07","2e-04","A"
"4","Trait5","mrMLM","NsiI.TP795565","10","43096218","-1.1359e-05","0.0025","A"
"4","Trait5","mrMLM","NsiI.TP787118","10","43096219","9.052e-06","0.002","A"
"4","Trait5","mrMLM","NsiI.TP787987","10","43096219","6.0166e-06","0.0013","A"
"4","Trait5","mrMLM","NsiI.TP788518","10","43096221","-9.6937e-06","0.0021","A"
"4","Trait5","mrMLM","NsiI.TP788405","10","43096222","7.9986e-06","0.0017","A"
"4","Trait5","mrMLM","NsiI.TP608429","10","43096224","-1.6484e-05","0.0036","A"
"4","Trait5","mrMLM","NsiI.TP686066","10","43096224","5.0048e-06","0.0011","A"
"4","Trait5","mrMLM","NsiI.TP790895","10","43096227","-3.3217e-05","0.0073","A"
"4","Trait5","mrMLM","NsiI.TP792016","10","43096227","0.1795","0.8385","C"
"4","Trait5","mrMLM","NsiI.TP792017","10","43096227","0.082","0.8763","C"
"4","Trait5","mrMLM","NsiI.TP792060","10","43096227","1.1166e-05","0.0024","C"
"4","Trait5","mrMLM","NsiI.TP790986","10","43096228","8.314e-06","0.0018","C"
"4","Trait5","mrMLM","NsiI.TP792293","10","43096228","3.6925e-06","8e-04","C"
"4","Trait5","mrMLM","NsiI.TP790354","10","43096229","-2.0749e-05","0.0045","C"
"4","Trait5","mrMLM","NsiI.TP791532","10","43096229","-1.853e-05","0.0041","C"
"4","Trait5","mrMLM","NsiI.TP791865","10","43096229","-2.6083e-05","0.0057","C"
"4","Trait5","mrMLM","NsiI.TP791946","10","43096229","0.1427","0.9691","C"
"4","Trait5","mrMLM","NsiI.TP792177","10","43096229","-5.9043e-06","0.0013","C"
"4","Trait5","mrMLM","NsiI.TP792303","10","43096229","-0.1938","1.6238","C"
"4","Trait5","mrMLM","NsiI.TP793213","10","43096229","-0.0581","0.5606","A"
"4","Trait5","mrMLM","NsiI.TP790795","10","43096230","-0.0621","0.6593","A"
"4","Trait5","mrMLM","NsiI.TP790889","10","43096230","0.0144","0.1688","A"
"4","Trait5","mrMLM","NsiI.TP791898","10","43096231","-2.0884e-06","5e-04","C"
"4","Trait5","mrMLM","NsiI.TP792198","10","43096231","-8.5438e-06","0.0019","C"
"4","Trait5","mrMLM","NsiI.TP785795","10","43096232","3.3389e-06","7e-04","A"
"4","Trait5","mrMLM","NsiI.TP791431","10","43096232","1.9188e-05","0.0042","C"
"4","Trait5","mrMLM","NsiI.TP786326","10","43096233","9.3672e-06","0.002","A"
"4","Trait5","mrMLM","NsiI.TP790769","10","43096233","9.9809e-07","2e-04","G"
"4","Trait5","mrMLM","NsiI.TP685563","10","43096235","1.4543e-05","0.0032","A"
"4","Trait5","mrMLM","NsiI.TP790761","10","43096236","-1.4747e-05","0.0032","C"
"4","Trait5","mrMLM","NsiI.TP790541","10","43096237","0.1428","0.5767","A"
"4","Trait5","mrMLM","NsiI.TP789052","10","43096238","-0.1934","1.0349","A"
"4","Trait5","mrMLM","NsiI.TP790014","10","43096238","1.8591e-05","0.0041","A"
"4","Trait5","mrMLM","NsiI.TP790027","10","43096238","-0.0101","0.1308","A"
"4","Trait5","mrMLM","NsiI.TP790039","10","43096238","1.8036e-05","0.0039","A"
"4","Trait5","mrMLM","NsiI.TP790112","10","43096238","-3.8503e-05","0.0085","A"
"4","Trait5","mrMLM","NsiI.TP790455","10","43096238","2.6895e-05","0.0059","A"
"4","Trait5","mrMLM","NsiI.TP788535","10","43096240","-2.2133e-05","0.0048","A"
"4","Trait5","mrMLM","NsiI.TP789113","10","43096240","-7.6077e-06","0.0017","A"
"4","Trait5","mrMLM","NsiI.TP788065","10","43096241","1.513e-05","0.0033","A"
"4","Trait5","mrMLM","NsiI.TP788341","10","43096241","-1.3329e-05","0.0029","A"
"4","Trait5","mrMLM","NsiI.TP788572","10","43096241","0.0155","0.132","A"
"4","Trait5","mrMLM","NsiI.TP790435","10","43096241","1.7508e-06","4e-04","A"
"4","Trait5","mrMLM","NsiI.TP787484","10","43096242","3.6143e-05","0.0079","C"
"4","Trait5","mrMLM","NsiI.TP788164","10","43096242","0.0118","0.1405","A"
"4","Trait5","mrMLM","NsiI.TP787720","10","43096243","-2.6442e-06","6e-04","A"
"4","Trait5","mrMLM","NsiI.TP788100","10","43096243","6.373e-06","0.0014","A"
"4","Trait5","mrMLM","NsiI.TP788407","10","43096244","7.1628e-06","0.0016","A"
"4","Trait5","mrMLM","NsiI.TP785868","10","43096246","-1.7844e-05","0.0039","G"
"4","Trait5","mrMLM","NsiI.TP787274","10","43096247","-3.016e-05","0.0066","A"
"4","Trait5","mrMLM","NsiI.TP787305","10","43096247","-0.1757","1.2464","A"
"4","Trait5","mrMLM","NsiI.TP791210","10","43096247","-2.7789e-05","0.0061","C"
"4","Trait5","mrMLM","NsiI.TP785011","10","43096249","3.7475e-05","0.0082","A"
"4","Trait5","mrMLM","NsiI.TP785032","10","43096249","-0.48","3.5333","A"
"4","Trait5","mrMLM","NsiI.TP785307","10","43096249","0.0643","0.6586","A"
"4","Trait5","mrMLM","NsiI.TP787086","10","43096249","1.4116e-05","0.0031","A"
"4","Trait5","mrMLM","NsiI.TP788816","10","43096249","-0.0024","0.0641","G"
"4","Trait5","mrMLM","NsiI.TP791526","10","43096249","4.0935e-06","9e-04","C"
"4","Trait5","mrMLM","NsiI.TP785104","10","43096250","7.4853e-06","0.0016","A"
"4","Trait5","mrMLM","NsiI.TP785144","10","43096250","1.0495e-05","0.0023","A"
"4","Trait5","mrMLM","NsiI.TP697423","10","43096252","-1.5342e-05","0.0034","A"
"4","Trait5","mrMLM","NsiI.TP686073","10","43096253","-6.3121e-06","0.0014","A"
"4","Trait5","mrMLM","NsiI.TP785234","10","43096253","5.8201e-06","0.0013","A"
"4","Trait5","mrMLM","NsiI.TP116443","10","43096254","-5.5246e-06","0.0012","A"
"4","Trait5","mrMLM","NsiI.TP113422","10","43190461","9.5242e-06","0.0021","A"
"4","Trait5","mrMLM","NsiI.TP545621","10","43191875","-1.21e-05","0.0026","A"
"4","Trait5","mrMLM","NsiI.TP491670","10","43191937","-0.1395","0.832","A"
"4","Trait5","mrMLM","PstI.TP588767","10","43265382","0.2618","1.0493","A"
"4","Trait5","mrMLM","GFSSContig19122_1111","10","43265449","8.9242e-06","0.0019","T"
"4","Trait5","mrMLM","PstI.TP818925","10","43270529","-3.9631e-06","9e-04","C"
"4","Trait5","mrMLM","PstI.TP999448","10","43390550","-9.9062e-06","0.0022","C"
"4","Trait5","mrMLM","PstI.TP80327","10","43584666","-1.1892e-05","0.0026","C"
"4","Trait5","mrMLM","PstI.TP609691","10","43585880","-4.9793e-06","0.0011","A"
"4","Trait5","mrMLM","PstI.TP1244469","10","43593344","-1.7427e-05","0.0038","C"
"4","Trait5","mrMLM","NsiI.TP523957","10","43623816","0.1479","0.5007","C"
"4","Trait5","mrMLM","NsiI.TP149075","10","43627492","-0.1283","0.7565","A"
"4","Trait5","mrMLM","NsiI.TP180912","10","44006976","0.0743","0.4994","A"
"4","Trait5","mrMLM","NsiI.TP230109","10","44049162","1.2228e-05","0.0027","A"
"4","Trait5","mrMLM","PstI.TP1149010","10","44084466","0.1948","0.8609","A"
"4","Trait5","mrMLM","PstI.TP1029976","10","44209597","1.4982e-05","0.0033","C"
"4","Trait5","mrMLM","PstI.TP1263313","10","44292608","0.0761","1.0168","G"
"4","Trait5","mrMLM","PstI.TP401597","10","44302651","-0.0823","0.525","A"
"4","Trait5","mrMLM","NsiI.TP760134","10","44538115","3.4859e-06","8e-04","A"
"4","Trait5","mrMLM","NsiI.TP750719","10","44561838","-0.1102","0.4712","C"
"4","Trait5","mrMLM","PstI.TP724544","10","44646516","-4.5397e-06","0.001","C"
"4","Trait5","mrMLM","PstI.TP911974","10","44646981","4.665e-06","0.001","A"
"4","Trait5","mrMLM","PstI.TP483931","10","44671427","-0.0622","0.8787","A"
"4","Trait5","mrMLM","NsiI.TP388715","10","44723018","1.3164e-05","0.0029","C"
"4","Trait5","mrMLM","PstI.TP439176","10","44789600","5.7218e-06","0.0012","A"
"4","Trait5","mrMLM","PstI.TP1088864","10","44896338","1.1125e-05","0.0024","A"
"4","Trait5","mrMLM","PstI.TP787723","10","44898405","0.0354","0.3904","C"
"4","Trait5","mrMLM","NsiI.TP254282","10","44907856","-1.3319e-05","0.0029","A"
"4","Trait5","mrMLM","NsiI.TP178513","10","44909091","-1.2967e-05","0.0028","C"
"4","Trait5","mrMLM","NsiI.TP574966","10","44910434","0.1328","1.7949","A"
"4","Trait5","mrMLM","NsiI.TP624166","10","45032070","1.9562e-05","0.0043","A"
"4","Trait5","mrMLM","NsiI.TP245006","10","45254995","-0.11","0.3497","A"
"4","Trait5","mrMLM","PstI.TP698787","10","45535333","-2.1711e-05","0.0048","C"
"4","Trait5","mrMLM","NsiI.TP412071","10","45535361","0.0451","0.4985","A"
"4","Trait5","mrMLM","PstI.TP399961","10","45567849","2.9368e-06","6e-04","G"
"4","Trait5","mrMLM","PstI.TP1042178","10","45568289","-7.6642e-09","1.668e-06","C"
"4","Trait5","mrMLM","NsiI.TP426638","10","45607378","-9.4236e-06","0.0021","C"
"4","Trait5","mrMLM","PstI.TP1068213","10","45622136","2.6431e-05","0.0058","A"
"4","Trait5","mrMLM","NsiI.TP25674","10","45652932","9.5536e-06","0.0021","A"
"4","Trait5","mrMLM","PstI.TP369575","10","45701260","1.6986e-05","0.0037","C"
"4","Trait5","mrMLM","PstI.TP369573","10","45701263","-4.5147e-06","0.001","A"
"4","Trait5","mrMLM","PstI.TP1273879","10","45758156","1.9677e-05","0.0043","A"
"4","Trait5","mrMLM","NsiI.TP554380","10","45829362","-2.0889e-05","0.0046","G"
"4","Trait5","mrMLM","NsiI.TP435960","10","45929366","-1.4603e-05","0.0032","A"
"4","Trait5","mrMLM","NsiI.TP772600","10","45937264","-1.5058e-05","0.0033","C"
"4","Trait5","mrMLM","PstI.TP335808","10","45938674","-0.0519","0.3437","A"
"4","Trait5","mrMLM","PstI.TP1001260","10","45938748","2.0511e-05","0.0045","C"
"4","Trait5","mrMLM","PstI.TP283594","10","45984425","-1.9887e-05","0.0044","C"
"4","Trait5","mrMLM","NsiI.TP586108","10","46106566","1.6748e-07","3.6448e-05","A"
"4","Trait5","mrMLM","NsiI.TP656527","10","46196813","1.8709e-06","4e-04","C"
"4","Trait5","mrMLM","NsiI.TP88555","10","46276593","0.1499","2.0483","C"
"4","Trait5","mrMLM","NsiI.TP417725","10","46567951","2.2612e-06","5e-04","C"
"4","Trait5","mrMLM","PstI.TP538998","10","46586113","0.0217","0.3039","A"
"4","Trait5","mrMLM","PstI.TP485067","10","46676286","-1.7643e-06","4e-04","A"
"4","Trait5","mrMLM","PstI.TP732906","10","46733798","-0.0259","0.3053","G"
"4","Trait5","mrMLM","NsiI.TP193447","10","46836678","0.5121","2.2402","C"
"4","Trait5","mrMLM","NsiI.TP331853","10","47067364","8.8308e-06","0.0019","C"
"4","Trait5","mrMLM","PstI.TP94147","10","47073115","0.1107","1.1065","C"
"4","Trait5","mrMLM","NsiI.TP674198","10","47105613","-2.0692e-05","0.0045","C"
"4","Trait5","mrMLM","NsiI.TP704562","10","47224010","4.5551e-06","0.001","A"
"4","Trait5","mrMLM","PstI.TP238558","10","47224962","4.7432e-06","0.001","A"
"4","Trait5","mrMLM","PstI.TP117168","10","47248380","1.3213e-05","0.0029","C"
"4","Trait5","mrMLM","PstI.TP118395","10","47252349","-2.6077e-05","0.0057","A"
"4","Trait5","mrMLM","NsiI.TP441983","10","47252955","-0.1531","1.3469","C"
"4","Trait5","mrMLM","NsiI.TP588173","10","47360278","0.1129","0.6955","A"
"4","Trait5","mrMLM","NsiI.TP396215","10","47631955","-1.9583e-05","0.0043","A"
"4","Trait5","mrMLM","NsiI.TP161186","10","47673257","-0.0655","0.5761","C"
"4","Trait5","mrMLM","NsiI.TP79028","10","47723717","4.035e-05","0.0089","A"
"4","Trait5","mrMLM","NsiI.TP673758","10","47726448","7.6119e-06","0.0017","C"
"4","Trait5","mrMLM","NsiI.TP506550","10","47749845","2.3765e-06","5e-04","A"
"4","Trait5","mrMLM","NsiI.TP704429","10","47749872","0.0858","0.3884","C"
"4","Trait5","mrMLM","NsiI.TP704428","10","47749877","0.0049","0.1033","C"
"4","Trait5","mrMLM","PstI.TP947173","10","47750996","0.0258","0.3557","C"
"4","Trait5","mrMLM","PstI.TP1256552","10","47768031","-1.9493e-05","0.0043","C"
"4","Trait5","mrMLM","PstI.TP198356","10","47853704","-2.8229e-05","0.0062","C"
"4","Trait5","mrMLM","PstI.TP1044741","10","47877662","-2.2014e-06","5e-04","A"
"4","Trait5","mrMLM","NsiI.TP381289","10","47883792","1.0597e-05","0.0023","A"
"4","Trait5","mrMLM","NsiI.TP440179","10","47915317","1.8823e-05","0.0041","A"
"4","Trait5","mrMLM","NsiI.TP182738","10","47915476","1.4777e-05","0.0032","C"
"4","Trait5","mrMLM","PstI.TP753228","10","47979677","0.3449","2.5001","A"
"4","Trait5","mrMLM","PstI.TP1181425","10","48075031","2.9508e-05","0.0065","C"
"4","Trait5","mrMLM","PstI.TP1181427","10","48075047","9.1349e-06","0.002","A"
"4","Trait5","mrMLM","NsiI.TP594844","10","48078802","-1.6273e-05","0.0036","A"
"4","Trait5","mrMLM","PstI.TP1292481","10","48091420","9.8666e-06","0.0022","C"
"4","Trait5","mrMLM","PstI.TP1017298","10","48092206","3.9364e-06","9e-04","A"
"4","Trait5","mrMLM","PstI.TP408419","10","48095053","1.8513e-05","0.004","A"
"4","Trait5","mrMLM","PstI.TP636619","10","48115927","1.5401e-05","0.0034","A"
"4","Trait5","mrMLM","PstI.TP1054374","10","48195172","-0.2325","1.2085","A"
"4","Trait5","mrMLM","NsiI.TP17747","10","48218808","0.0711","0.6197","C"
"4","Trait5","mrMLM","PstI.TP923118","10","48227826","-1.6558e-05","0.0036","A"
"4","Trait5","mrMLM","PstI.TP348548","10","48227847","-6.7681e-06","0.0015","A"
"4","Trait5","mrMLM","PstI.TP990897","10","48403417","3.5191e-06","8e-04","A"
"4","Trait5","mrMLM","PstI.TP362387","10","48567060","-3.2158e-05","0.0071","C"
"4","Trait5","mrMLM","PstI.TP81733","10","48652307","-0.0051","0.0797","A"
"4","Trait5","mrMLM","PstI.TP1121704","10","48681607","9.1054e-06","0.002","A"
"4","Trait5","mrMLM","PstI.TP1064041","10","48701317","2.3814e-05","0.0052","A"
"4","Trait5","mrMLM","NsiI.TP550329","10","48791640","1.2231e-06","3e-04","C"
"4","Trait5","mrMLM","NsiI.TP550330","10","48791647","-6.6081e-06","0.0014","C"
"4","Trait5","mrMLM","NsiI.TP243833","10","48792578","4.6713e-06","0.001","C"
"4","Trait5","mrMLM","PstI.TP597210","10","48918066","-1.2024e-05","0.0026","C"
"4","Trait5","mrMLM","NsiI.TP523850","10","48928341","3.0226e-05","0.0066","C"
"4","Trait5","mrMLM","GFSSContig18986_1716","10","49027903","-0.0839","0.8277","T"
"4","Trait5","mrMLM","PstI.TP1157813","10","49027931","-1.1582e-06","3e-04","A"
"4","Trait5","mrMLM","PstI.TP1054459","10","49042852","-2.255e-05","0.0049","C"
"4","Trait5","mrMLM","NsiI.TP383980","10","49049781","-0.0813","1.2326","A"
"4","Trait5","mrMLM","NsiI.TP304798","10","49051120","-0.129","1.8451","G"
"4","Trait5","mrMLM","PstI.TP94918","10","49051709","-1.0095e-05","0.0022","A"
"4","Trait5","mrMLM","NsiI.TP683334","10","49077545","0.0326","0.2853","A"
"4","Trait5","mrMLM","NsiI.TP348074","10","49079706","0.211","1.1223","A"
"4","Trait5","mrMLM","PstI.TP229182","10","49082934","-8.1786e-06","0.0018","A"
"4","Trait5","mrMLM","NsiI.TP493861","10","49331454","1.8986e-05","0.0042","C"
"4","Trait5","mrMLM","NsiI.TP580742","10","49332236","-1.9788e-06","4e-04","A"
"4","Trait5","mrMLM","NsiI.TP34667","10","49333873","2.9253e-05","0.0064","C"
"4","Trait5","mrMLM","NsiI.TP514025","10","49495452","2.2129e-05","0.0048","A"
"4","Trait5","mrMLM","NsiI.TP631772","10","49543233","0.3015","1.5026","A"
"4","Trait5","mrMLM","PstI.TP1053547","10","49637118","2.9943e-05","0.0066","A"
"4","Trait5","mrMLM","PstI.TP522438","10","49677682","-3.2625e-06","7e-04","A"
"4","Trait5","mrMLM","PstI.TP1253448","10","49715585","2.783e-05","0.0061","C"
"4","Trait5","mrMLM","NsiI.TP678754","10","49764272","-3.1273e-07","6.8067e-05","A"
"4","Trait5","mrMLM","PstI.TP1235656","10","49764509","5.4999e-06","0.0012","C"
"4","Trait5","mrMLM","NsiI.TP523565","10","49766809","1.3934e-05","0.003","C"
"4","Trait5","mrMLM","NsiI.TP315151","10","49812738","1.0366e-05","0.0023","A"
"4","Trait5","mrMLM","NsiI.TP510581","10","49892388","3.5147e-05","0.0077","C"
"4","Trait5","mrMLM","PstI.TP529698","10","49892865","-1.5902e-05","0.0035","A"
"4","Trait5","mrMLM","PstI.TP1173737","10","49903323","2.0078e-05","0.0044","C"
"4","Trait5","mrMLM","NsiI.TP509957","10","49922070","1.5826e-05","0.0035","C"
"4","Trait5","mrMLM","NsiI.TP668598","10","49924782","1.2271e-05","0.0027","C"
"4","Trait5","mrMLM","NsiI.TP23197","10","49925074","0.1462","0.6809","G"
"4","Trait5","mrMLM","NsiI.TP293944","10","49957137","2.2562e-06","5e-04","A"
"4","Trait5","mrMLM","NsiI.TP213164","10","50013318","0.1285","0.6468","C"
"4","Trait5","mrMLM","NsiI.TP178869","10","50023115","-0.1327","0.4312","A"
"4","Trait5","mrMLM","NsiI.TP667560","10","50051366","-2.7068e-07","5.8912e-05","A"
"4","Trait5","mrMLM","NsiI.TP397975","10","50051424","-1.479e-05","0.0032","C"
"4","Trait5","mrMLM","PstI.TP937634","10","50089066","-0.0012","0.0437","C"
"4","Trait5","mrMLM","PstI.TP61778","10","50177946","-1.4575e-06","3e-04","A"
"4","Trait5","mrMLM","PstI.TP417311","10","50180152","0.1619","0.7878","A"
"4","Trait5","mrMLM","PstI.TP682257","10","50183864","-2.4873e-05","0.0054","C"
"4","Trait5","mrMLM","PstI.TP1121953","10","50199090","-1.6641e-05","0.0036","A"
"4","Trait5","mrMLM","PstI.TP1292743","10","50234337","-1.7645e-05","0.0039","A"
"4","Trait5","mrMLM","NsiI.TP778479","10","50273616","-8.0005e-06","0.0017","A"
"4","Trait5","mrMLM","NsiI.TP156616","10","50274388","-1.5098e-05","0.0033","A"
"4","Trait5","mrMLM","PstI.TP244212","10","50286739","1.227e-05","0.0027","A"
"4","Trait5","mrMLM","PstI.TP532263","10","50312279","-0.0826","0.5182","A"
"4","Trait5","mrMLM","PstI.TP464711","10","50362823","1.0296e-05","0.0022","C"
"4","Trait5","mrMLM","NsiI.TP820120","10","50382237","0.0736","0.6241","C"
"4","Trait5","mrMLM","PstI.TP125419","10","50424324","8.5953e-06","0.0019","G"
"4","Trait5","mrMLM","PstI.TP646511","10","50425404","2.0659e-07","4.4966e-05","A"
"4","Trait5","mrMLM","PstI.TP24930","10","50426851","1.8043e-05","0.0039","A"
"4","Trait5","mrMLM","PstI.TP1136756","10","50427433","0.159","1.2334","C"
"4","Trait5","mrMLM","NsiI.TP707136","10","50427602","-1.0566e-05","0.0023","C"
"4","Trait5","mrMLM","PstI.TP868239","10","50612298","-4.264e-06","9e-04","C"
"4","Trait5","mrMLM","PstI.TP219735","10","50659048","-3.5835e-05","0.0079","C"
"4","Trait5","mrMLM","PstI.TP570326","10","50662192","-4.5177e-07","9.8325e-05","A"
"4","Trait5","mrMLM","NsiI.TP225571","10","50691656","-1.3103e-05","0.0029","C"
"4","Trait5","mrMLM","PstI.TP15443","10","50810258","-0.0439","0.326","A"
"4","Trait5","mrMLM","PstI.TP53904","10","50834979","1.2894e-05","0.0028","C"
"4","Trait5","mrMLM","GFSSContig7223_314","10","50837810","1.8176e-05","0.004","A"
"4","Trait5","mrMLM","PstI.TP1185926","10","50927108","0.0947","0.4296","C"
"4","Trait5","mrMLM","PstI.TP723879","10","51006962","-0.0179","0.1904","C"
"4","Trait5","mrMLM","PstI.TP335022","10","51006983","2.6717e-06","6e-04","C"
"4","Trait5","mrMLM","PstI.TP109328","10","51013976","6.6002e-06","0.0014","A"
"4","Trait5","mrMLM","NsiI.TP272109","10","51085262","0.0479","0.3762","A"
"4","Trait5","mrMLM","PstI.TP5755","10","51085432","-1.5068e-05","0.0033","G"
"4","Trait5","mrMLM","NsiI.TP470842","10","51130928","-2.4144e-05","0.0053","A"
"4","Trait5","mrMLM","GFSSContig8083_743","10","51337378","2.5046e-05","0.0055","C"
"4","Trait5","mrMLM","NsiI.TP193372","10","51340112","0.185","0.8164","A"
"4","Trait5","mrMLM","NsiI.TP520626","10","51364757","-1.724e-05","0.0038","C"
"4","Trait5","mrMLM","NsiI.TP423891","10","51417287","-0.1429","0.4702","C"
"4","Trait5","mrMLM","PstI.TP1170241","10","51421895","-6.5188e-06","0.0014","A"
"4","Trait5","mrMLM","PstI.TP20263","10","51463261","-2.6448e-05","0.0058","A"
"4","Trait5","mrMLM","PstI.TP674218","10","51514209","3.613e-05","0.0079","A"
"4","Trait5","mrMLM","NsiI.TP6280","10","51530400","0.1942","1.1444","C"
"4","Trait5","mrMLM","PstI.TP87052","10","51531585","-2.2264e-05","0.0049","C"
"4","Trait5","mrMLM","NsiI.TP458691","10","51540116","1.6668e-05","0.0036","A"
"4","Trait5","mrMLM","NsiI.TP112386","10","51547588","-9.5329e-07","2e-04","A"
"4","Trait5","mrMLM","PstI.TP1273141","10","51595380","0.1913","0.9218","A"
"4","Trait5","mrMLM","PstI.TP1013228","10","51619016","1.8762e-05","0.0041","A"
"4","Trait5","mrMLM","NsiI.TP410719","10","51647624","-1.2728e-05","0.0028","C"
"4","Trait5","mrMLM","PstI.TP178843","10","51681279","-0.0634","0.5366","A"
"4","Trait5","mrMLM","PstI.TP195926","10","51681294","-3.2105e-06","7e-04","G"
"4","Trait5","mrMLM","NsiI.TP679802","10","51705906","-2.3742e-05","0.0052","C"
"4","Trait5","mrMLM","PstI.TP433469","10","51737515","-1.6102e-05","0.0035","C"
"4","Trait5","mrMLM","NsiI.TP254325","10","51767969","-0.104","0.5058","C"
"4","Trait5","mrMLM","NsiI.TP760284","10","51789361","0.0337","0.2288","C"
"4","Trait5","mrMLM","NsiI.TP290905","10","51924216","-0.0824","0.7225","G"
"4","Trait5","mrMLM","PstI.TP11868","10","52014085","-1.9982e-06","4e-04","A"
"4","Trait5","mrMLM","PstI.TP720120","10","52017270","-4.3743e-06","0.001","A"
"4","Trait5","mrMLM","PstI.TP1053992","10","52019277","-0.0141","0.1519","A"
"4","Trait5","mrMLM","NsiI.TP470298","10","52026025","4.9254e-06","0.0011","A"
"4","Trait5","mrMLM","NsiI.TP149236","10","52051989","-0.2228","1.1047","C"
"4","Trait5","mrMLM","PstI.TP260371","10","52056932","0.0142","0.1361","C"
"4","Trait5","mrMLM","PstI.TP426262","10","52072704","-5.6457e-06","0.0012","C"
"4","Trait5","mrMLM","GFSSContig17850_1447","10","52073322","-5.0049e-06","0.0011","A"
"4","Trait5","mrMLM","NsiI.TP437450","10","52074699","-1.5172e-05","0.0033","A"
"4","Trait5","mrMLM","NsiI.TP261624","10","52084028","0.0113","0.1765","A"
"4","Trait5","mrMLM","PstI.TP1292807","10","52092909","-1.0426e-05","0.0023","C"
"4","Trait5","mrMLM","PstI.TP661854","10","52095010","1.6432e-06","4e-04","A"
"4","Trait5","mrMLM","NsiI.TP751992","10","52214487","-1.2151e-05","0.0027","A"
"4","Trait5","mrMLM","NsiI.TP703441","10","52233441","-0.213","1.1984","C"
"4","Trait5","mrMLM","NsiI.TP387042","10","52233954","-2.1963e-05","0.0048","C"
"4","Trait5","mrMLM","PstI.TP771967","10","52242723","0.0424","0.4047","C"
"4","Trait5","mrMLM","PstI.TP106723","10","52247586","0.1342","1.0176","A"
"4","Trait5","mrMLM","NsiI.TP218696","10","52279503","-1.7259e-05","0.0038","A"
"4","Trait5","mrMLM","NsiI.TP437409","10","52282583","0.018","0.2325","A"
"4","Trait5","mrMLM","NsiI.TP631452","10","52286358","-0.1445","1.5605","A"
"4","Trait5","mrMLM","PstI.TP486850","10","52287586","3.9329e-07","8.5591e-05","A"
"4","Trait5","mrMLM","PstI.TP38763","10","52306839","7.8908e-06","0.0017","A"
"4","Trait5","mrMLM","PstI.TP42898","10","52309781","1.3929e-05","0.003","A"
"4","Trait5","mrMLM","PstI.TP50860","10","52412919","-0.2562","1.3471","A"
"4","Trait5","mrMLM","PstI.TP709257","10","52450199","1.1404e-05","0.0025","A"
"4","Trait5","mrMLM","NsiI.TP367228","10","52451029","0.0331","0.4031","A"
"4","Trait5","mrMLM","NsiI.TP705997","10","52485176","-1.3619e-05","0.003","A"
"4","Trait5","mrMLM","PstI.TP700255","10","52485631","6.6432e-06","0.0014","A"
"4","Trait5","mrMLM","NsiI.TP128214","10","52490885","0.0655","0.4181","G"
"4","Trait5","mrMLM","NsiI.TP389583","10","52493178","-0.0336","0.4671","C"
"4","Trait5","mrMLM","GFSSContig20137_812","10","52495932","0.0792","0.8271","A"
"4","Trait5","mrMLM","NsiI.TP798136","10","52520928","1.9082e-05","0.0042","C"
"4","Trait5","mrMLM","NsiI.TP218071","10","52522488","-0.0434","0.2568","C"
"4","Trait5","mrMLM","NsiI.TP241550","10","52523125","-1.0087e-05","0.0022","C"
"4","Trait5","mrMLM","PstI.TP1076856","10","52560923","-1.9142e-06","4e-04","C"
"4","Trait5","mrMLM","PstI.TP831823","10","52577215","-2.102e-05","0.0046","A"
"4","Trait5","mrMLM","NsiI.TP260208","10","52582112","-3.6598e-06","8e-04","A"
"4","Trait5","mrMLM","PstI.TP361697","10","52585189","0.0487","0.5399","A"
"4","Trait5","mrMLM","PstI.TP263035","10","52618156","6.3393e-06","0.0014","A"
"4","Trait5","mrMLM","PstI.TP1228414","10","52632905","-1.2706e-05","0.0028","C"
"4","Trait5","mrMLM","NsiI.TP238741","10","52633058","0.053","0.49","C"
"4","Trait5","mrMLM","NsiI.TP238740","10","52633081","-1.0299e-05","0.0022","A"
"4","Trait5","mrMLM","NsiI.TP717229","10","52682882","0.0216","0.2324","C"
"4","Trait5","mrMLM","PstI.TP1086849","10","52687006","-1.3828e-05","0.003","A"
"4","Trait5","mrMLM","PstI.TP1021967","10","52703098","0.0297","0.2338","A"
"4","Trait5","mrMLM","NsiI.TP495272","10","52726073","2.9299e-06","6e-04","A"
"4","Trait5","mrMLM","NsiI.TP329333","10","52726189","-1.1941e-05","0.0026","A"
"4","Trait5","mrMLM","NsiI.TP70408","10","52743822","-8.2065e-06","0.0018","A"
"4","Trait5","mrMLM","NsiI.TP521924","10","52812906","-0.1241","0.817","C"
"4","Trait5","mrMLM","NsiI.TP42778","10","52815086","0.0297","0.2907","C"
"4","Trait5","mrMLM","GFk50ctg18383_265","10","52816775","1.6635e-05","0.0036","A"
"4","Trait5","mrMLM","NsiI.TP124896","10","52888347","-0.0426","0.2326","A"
"4","Trait5","mrMLM","PstI.TP475850","10","52909822","-1.8709e-05","0.0041","C"
"4","Trait5","mrMLM","PstI.TP107358","10","52917794","-1.5698e-05","0.0034","C"
"4","Trait5","mrMLM","PstI.TP223986","10","52958855","1.8013e-05","0.0039","C"
"4","Trait5","mrMLM","NsiI.TP669484","10","52962837","-1.6678e-05","0.0036","A"
"4","Trait5","mrMLM","NsiI.TP780557","10","53001221","7.2282e-06","0.0016","A"
"4","Trait5","mrMLM","PstI.TP350445","10","53018395","0.0299","0.378","G"
"4","Trait5","mrMLM","PstI.TP350443","10","53018412","-0.1248","1.2279","A"
"4","Trait5","mrMLM","PstI.TP134017","10","53064853","0.44","1.4434","G"
"4","Trait5","mrMLM","NsiI.TP320769","10","53068823","1.0825e-06","2e-04","C"
"4","Trait5","mrMLM","PstI.TP814682","10","53107040","-0.1108","0.5571","A"
"4","Trait5","mrMLM","NsiI.TP36667","10","53111578","1.7562e-05","0.0038","C"
"4","Trait5","mrMLM","NsiI.TP183747","10","53127914","-5.7835e-06","0.0013","C"
"4","Trait5","mrMLM","PstI.TP532535","10","53161445","-0.0191","0.2352","C"
"4","Trait5","mrMLM","NsiI.TP486343","10","53163806","-9.1524e-06","0.002","A"
"4","Trait5","mrMLM","PstI.TP212091","10","53165592","0.1074","0.377","C"
"4","Trait5","mrMLM","PstI.TP727385","10","53174224","-0.1325","0.8598","C"
"4","Trait5","mrMLM","PstI.TP727388","10","53174248","-2.1506e-06","5e-04","C"
"4","Trait5","mrMLM","NsiI.TP321761","10","53175522","-2.8495e-05","0.0062","A"
"4","Trait5","mrMLM","PstI.TP1143983","10","53211387","1.8157e-05","0.004","A"
"4","Trait5","mrMLM","PstI.TP778560","10","53212680","5.1395e-06","0.0011","C"
"4","Trait5","mrMLM","PstI.TP459190","10","53216840","9.2255e-06","0.002","C"
"4","Trait5","mrMLM","PstI.TP906303","10","53220537","-0.074","0.3478","A"
"4","Trait5","mrMLM","PstI.TP1028013","10","53221437","0.0757","0.5301","A"
"4","Trait5","mrMLM","PstI.TP308255","10","53225710","-1.6327e-05","0.0036","A"
"4","Trait5","mrMLM","PstI.TP930317","10","53226414","-4.4053e-06","0.001","A"
"4","Trait5","mrMLM","PstI.TP319628","10","53231492","-1.5953e-05","0.0035","C"
"4","Trait5","mrMLM","NsiI.TP705624","10","53232940","1.8729e-05","0.0041","A"
"4","Trait5","mrMLM","NsiI.TP249362","10","53235875","-7.207e-06","0.0016","A"
"4","Trait5","mrMLM","NsiI.TP249383","10","53235878","0.0037","0.086","C"
"4","Trait5","mrMLM","NsiI.TP622267","10","53237415","-0.0212","0.3348","C"
"4","Trait5","mrMLM","NsiI.TP798062","10","53247076","-2.5459e-05","0.0056","A"
"4","Trait5","mrMLM","PstI.TP1133476","10","53345019","1.3361e-05","0.0029","C"
"4","Trait5","mrMLM","PstI.TP84709","10","53386370","1.0379e-05","0.0023","A"
"4","Trait5","mrMLM","PstI.TP784128","10","53394716","2.14e-06","5e-04","C"
"4","Trait5","mrMLM","NsiI.TP438012","10","53454878","8.106e-06","0.0018","C"
"4","Trait5","mrMLM","PstI.TP1176094","10","53461215","0.0705","0.6381","C"
"4","Trait5","mrMLM","NsiI.TP229385","10","53463564","-1.807e-06","4e-04","A"
"4","Trait5","mrMLM","PstI.TP1136731","10","53464697","1.3176e-05","0.0029","A"
"4","Trait5","mrMLM","PstI.TP1009027","10","53467120","1.2509e-05","0.0027","A"
"4","Trait5","mrMLM","PstI.TP541255","10","53477961","1.6265e-05","0.0036","C"
"4","Trait5","mrMLM","PstI.TP541249","10","53477972","0.118","0.6242","A"
"4","Trait5","mrMLM","PstI.TP187548","10","53478010","8.9699e-06","0.002","A"
"4","Trait5","mrMLM","NsiI.TP413516","10","53483683","5.0052e-07","1e-04","C"
"4","Trait5","mrMLM","PstI.TP186522","10","53486270","2.4919e-05","0.0055","A"
"4","Trait5","mrMLM","NsiI.TP105243","10","53510064","2.324e-05","0.0051","A"
"4","Trait5","mrMLM","PstI.TP168634","10","53533349","-0.0173","0.2223","C"
"4","Trait5","mrMLM","NsiI.TP716232","10","53533726","1.6316e-05","0.0036","C"
"4","Trait5","mrMLM","NsiI.TP234431","10","53539520","2.1194e-05","0.0046","C"
"4","Trait5","mrMLM","NsiI.TP3054","10","53587522","-8.4842e-06","0.0019","C"
"4","Trait5","mrMLM","PstI.TP1228267","10","53617994","0.0774","0.8807","A"
"4","Trait5","mrMLM","PstI.TP63573","10","53647194","-4.9158e-06","0.0011","C"
"4","Trait5","mrMLM","PstI.TP1069101","10","53708362","-6.0248e-06","0.0013","A"
"4","Trait5","mrMLM","PstI.TP1027534","10","53709062","-1.021e-05","0.0022","C"
"4","Trait5","mrMLM","PstI.TP790645","10","53743947","7.4626e-06","0.0016","A"
"4","Trait5","mrMLM","NsiI.TP760710","10","53746143","5.5546e-06","0.0012","G"
"4","Trait5","mrMLM","PstI.TP1236840","10","53749636","-1.721e-05","0.0038","G"
"4","Trait5","mrMLM","PstI.TP1232675","10","53781797","-2.2988e-05","0.005","A"
"4","Trait5","mrMLM","PstI.TP863480","10","53788550","-1.6912e-05","0.0037","C"
"4","Trait5","mrMLM","NsiI.TP561668","10","53807106","1.0621e-05","0.0023","A"
"4","Trait5","mrMLM","PstI.TP340987","10","53814983","0.1735","1.0308","A"
"4","Trait5","mrMLM","PstI.TP449108","10","53846567","0.1023","0.6342","C"
"4","Trait5","mrMLM","PstI.TP330860","10","53846633","-0.0101","0.1601","A"
"4","Trait5","mrMLM","PstI.TP1164010","10","53853086","2.1919e-05","0.0048","C"
"4","Trait5","mrMLM","PstI.TP62759","10","53860104","-5.6289e-06","0.0012","A"
"4","Trait5","mrMLM","NsiI.TP754861","10","53872441","8.4769e-06","0.0018","A"
"4","Trait5","mrMLM","NsiI.TP105348","10","53884381","2.0217e-05","0.0044","A"
"4","Trait5","mrMLM","NsiI.TP458676","10","53897116","0.1718","1.1412","A"
"4","Trait5","mrMLM","NsiI.TP825662","10","53913974","-0.0441","0.4412","C"
"4","Trait5","mrMLM","PstI.TP410728","10","54017261","1.6893e-05","0.0037","C"
"4","Trait5","mrMLM","PstI.TP1245284","10","54019996","1.5151e-05","0.0033","A"
"4","Trait5","mrMLM","NsiI.TP255034","10","54041136","2.9506e-05","0.0065","C"
"4","Trait5","mrMLM","NsiI.TP753115","10","54052527","0.0644","0.3152","A"
"4","Trait5","mrMLM","NsiI.TP681586","10","54070078","-7.9821e-06","0.0017","C"
"4","Trait5","mrMLM","PstI.TP271639","10","54081292","-0.0151","0.1906","C"
"4","Trait5","mrMLM","NsiI.TP622418","10","54090606","-6.7907e-06","0.0015","A"
"4","Trait5","mrMLM","PstI.TP1109485","10","54131399","-0.0844","0.8499","A"
"4","Trait5","mrMLM","NsiI.TP580116","10","54131962","0.0394","0.2545","A"
"4","Trait5","mrMLM","NsiI.TP436910","10","54134148","0.0228","0.2668","A"
"4","Trait5","mrMLM","NsiI.TP652320","10","54138549","1.3754e-05","0.003","A"
"4","Trait5","mrMLM","PstI.TP487850","10","54139344","-0.0274","0.3047","G"
"4","Trait5","mrMLM","NsiI.TP64744","10","54154567","-0.0082","0.1389","C"
"4","Trait5","mrMLM","PstI.TP1047126","10","54157586","0.1647","0.735","A"
"4","Trait5","mrMLM","NsiI.TP619174","10","54171747","5.0806e-06","0.0011","G"
"4","Trait5","mrMLM","PstI.TP1125186","10","54186772","7.1568e-06","0.0016","A"
"4","Trait5","mrMLM","PstI.TP998956","10","54190123","1.6986e-05","0.0037","C"
"4","Trait5","mrMLM","PstI.TP364058","10","54205221","1.833e-05","0.004","C"
"4","Trait5","mrMLM","PstI.TP277515","10","54227481","-1.0382e-05","0.0023","C"
"4","Trait5","mrMLM","NsiI.TP229740","10","54228950","-1.0108e-05","0.0022","A"
"4","Trait5","mrMLM","GFSSContig19588_253","10","54235621","3.1452e-05","0.0069","A"
"4","Trait5","mrMLM","NsiI.TP117346","10","54240359","-1.0811e-05","0.0024","A"
"4","Trait5","mrMLM","NsiI.TP264370","10","54257349","-1.5792e-05","0.0035","A"
"4","Trait5","mrMLM","NsiI.TP302379","10","54262037","-0.0523","0.6725","A"
"4","Trait5","mrMLM","PstI.TP891669","10","54262693","-0.035","0.345","A"
"4","Trait5","mrMLM","PstI.TP1137650","10","54284844","-1.1921e-05","0.0026","A"
"4","Trait5","mrMLM","NsiI.TP40744","10","54312080","1.9015e-05","0.0042","A"
"4","Trait5","mrMLM","NsiI.TP122771","10","54336741","-2.0552e-05","0.0045","C"
"4","Trait5","mrMLM","NsiI.TP820403","10","54341408","-7.913e-06","0.0017","A"
"4","Trait5","mrMLM","PstI.TP256742","10","54367407","3.0902e-06","7e-04","C"
"4","Trait5","mrMLM","PstI.TP256752","10","54367437","-1.2667e-06","3e-04","C"
"4","Trait5","mrMLM","PstI.TP996719","10","54374523","3.6812e-05","0.0081","C"
"4","Trait5","mrMLM","PstI.TP147719","10","54379653","-0.0718","0.5484","C"
"4","Trait5","mrMLM","NsiI.TP186828","10","54379826","0.1934","1.2747","A"
"4","Trait5","mrMLM","NsiI.TP521085","10","54384414","3.8295e-06","8e-04","A"
"4","Trait5","mrMLM","NsiI.TP413239","10","54391868","-2.6923e-06","6e-04","A"
"4","Trait5","mrMLM","NsiI.TP467872","10","54393096","-5.89e-06","0.0013","C"
"4","Trait5","mrMLM","PstI.TP1114752","10","54445382","5.6698e-06","0.0012","A"
"4","Trait5","mrMLM","PstI.TP451916","10","54445697","-3.7377e-06","8e-04","G"
"4","Trait5","mrMLM","NsiI.TP540208","10","54455601","-2.069e-06","5e-04","A"
"4","Trait5","mrMLM","NsiI.TP782526","10","54462449","8.0848e-06","0.0018","C"
"4","Trait5","mrMLM","PstI.TP128322","10","54480297","-2.6629e-05","0.0058","A"
"4","Trait5","mrMLM","PstI.TP269547","10","54491009","-0.0564","0.3452","C"
"4","Trait5","mrMLM","PstI.TP450204","10","54493143","0.0795","0.5797","C"
"4","Trait5","mrMLM","PstI.TP117838","10","54500517","-0.1367","1.315","C"
"4","Trait5","mrMLM","PstI.TP320710","10","54501313","4.4083e-06","0.001","A"
"4","Trait5","mrMLM","NsiI.TP124066","10","54511960","0.1277","1.031","A"
"4","Trait5","mrMLM","PstI.TP180687","10","54518367","-2.019e-05","0.0044","C"
"4","Trait5","mrMLM","PstI.TP1211738","10","54530196","-1.0105e-05","0.0022","G"
"4","Trait5","mrMLM","NsiI.TP672230","10","54530526","1.032e-05","0.0023","A"
"4","Trait5","mrMLM","NsiI.TP672068","10","54530527","0.0615","0.5511","A"
"4","Trait5","mrMLM","PstI.TP79348","10","54544206","0.024","0.1627","A"
"4","Trait5","mrMLM","NsiI.TP534513","10","54553122","-0.0308","0.3825","C"
"4","Trait5","mrMLM","NsiI.TP63304","10","54553278","-0.0828","0.7658","A"
"4","Trait5","mrMLM","PstI.TP992016","10","54553654","-0.3316","2.137","A"
"4","Trait5","mrMLM","NsiI.TP152015","10","54557245","-0.3098","2.7959","C"
"4","Trait5","mrMLM","PstI.TP865404","10","54566399","-1.2807e-05","0.0028","C"
"4","Trait5","mrMLM","PstI.TP908452","10","54570890","1.5605e-05","0.0034","C"
"4","Trait5","mrMLM","NsiI.TP313260","10","54588906","-1.1448e-05","0.0025","C"
"4","Trait5","mrMLM","PstI.TP172232","10","54590551","1.0329e-05","0.0023","C"
"4","Trait5","mrMLM","NsiI.TP577880","10","54611174","1.752e-05","0.0038","A"
"4","Trait5","mrMLM","PstI.TP1281465","10","54613487","0.0495","0.3932","A"
"4","Trait5","mrMLM","PstI.TP994161","10","54613589","0.0869","0.9898","A"
"4","Trait5","mrMLM","PstI.TP1051000","10","54674360","-2.4403e-05","0.0053","A"
"4","Trait5","mrMLM","PstI.TP151981","10","54680742","9.5537e-06","0.0021","A"
"4","Trait5","mrMLM","NsiI.TP831422","10","54817510","1.0912e-05","0.0024","A"
"4","Trait5","mrMLM","PstI.TP602402","10","54941931","-0.1376","1.0073","C"
"4","Trait5","mrMLM","PstI.TP64096","10","54947050","0.0385","0.4592","C"
"4","Trait5","mrMLM","PstI.TP1191774","10","54951396","2.2503e-05","0.0049","C"
"4","Trait5","mrMLM","PstI.TP585117","10","54951950","2.2417e-05","0.0049","A"
"4","Trait5","mrMLM","NsiI.TP452570","10","54952925","0.0574","0.6111","A"
"4","Trait5","mrMLM","PstI.TP818976","10","54967968","2.33e-05","0.0051","C"
"4","Trait5","mrMLM","NsiI.TP236391","10","54968940","-0.0159","0.265","A"
"4","Trait5","mrMLM","PstI.TP719659","10","54993631","1.2599e-05","0.0028","A"
"4","Trait5","mrMLM","PstI.TP135674","10","54993857","0.232","2.0035","C"
"4","Trait5","mrMLM","PstI.TP917636","10","55007339","1.298e-05","0.0028","A"
"4","Trait5","mrMLM","NsiI.TP739298","10","55018597","0.0438","0.5136","A"
"4","Trait5","mrMLM","NsiI.TP521504","10","55033397","-1.3946e-05","0.003","C"
"4","Trait5","mrMLM","PstI.TP1190408","10","55038705","0.0676","0.5591","A"
"4","Trait5","mrMLM","PstI.TP581881","10","55053502","6.9432e-06","0.0015","A"
"4","Trait5","mrMLM","PstI.TP49353","10","55083551","0.1064","1.2614","A"
"4","Trait5","mrMLM","PstI.TP832276","10","55089669","-3.1771e-05","0.007","C"
"4","Trait5","mrMLM","NsiI.TP305193","10","55090385","-4.1698e-06","9e-04","C"
"4","Trait5","mrMLM","PstI.TP735357","10","55100759","-0.031","0.1568","A"
"4","Trait5","mrMLM","PstI.TP1149056","10","55108061","0.0525","0.4189","A"
"4","Trait5","mrMLM","NsiI.TP177223","10","55118084","1.7091e-05","0.0037","A"
"4","Trait5","mrMLM","NsiI.TP557652","10","55121411","0.1205","0.9599","C"
"4","Trait5","mrMLM","PstI.TP200760","10","55128780","-1.601e-05","0.0035","A"
"4","Trait5","mrMLM","PstI.TP768105","10","55157500","-4.8998e-06","0.0011","A"
"4","Trait5","mrMLM","NsiI.TP471077","10","55159986","-7.5971e-06","0.0017","G"
"4","Trait5","mrMLM","PstI.TP625029","10","55191714","-1.3174e-05","0.0029","A"
"4","Trait5","mrMLM","PstI.TP1250260","10","55217909","-0.0189","0.1547","C"
"4","Trait5","mrMLM","PstI.TP1164355","10","55218000","-3.8745e-05","0.0085","C"
"4","Trait5","mrMLM","PstI.TP675605","10","55218060","2.1163e-06","5e-04","G"
"4","Trait5","mrMLM","NsiI.TP423103","10","55244356","-1.0109e-05","0.0022","C"
"4","Trait5","mrMLM","NsiI.TP669504","10","55252025","0.0554","0.5894","C"
"4","Trait5","mrMLM","PstI.TP152882","10","55270489","-0.0495","0.3152","C"
"4","Trait5","mrMLM","PstI.TP986652","10","55293480","3.0229e-06","7e-04","A"
"4","Trait5","mrMLM","NsiI.TP757582","10","55323042","3.9636e-06","9e-04","A"
"4","Trait5","mrMLM","PstI.TP177199","10","55333311","1.3793e-05","0.003","A"
"4","Trait5","mrMLM","PstI.TP293694","10","55334702","-7.1267e-06","0.0016","C"
"4","Trait5","mrMLM","PstI.TP1088104","10","55370727","-0.0105","0.1462","A"
"4","Trait5","mrMLM","PstI.TP747497","10","55416870","-1.7734e-05","0.0039","A"
"4","Trait5","mrMLM","PstI.TP762031","10","55416903","1.0584e-05","0.0023","A"
"4","Trait5","mrMLM","PstI.TP745357","10","55417244","1.2184e-06","3e-04","C"
"4","Trait5","mrMLM","NsiI.TP277396","10","55425765","-0.0349","0.2913","A"
"4","Trait5","mrMLM","PstI.TP1012886","10","55426376","-1.5917e-05","0.0035","C"
"4","Trait5","mrMLM","PstI.TP1157962","10","55436512","-9.3229e-06","0.002","C"
"4","Trait5","mrMLM","PstI.TP43644","10","55462944","3.4155e-05","0.0075","A"
"4","Trait5","mrMLM","PstI.TP1207922","10","55463410","0.0863","0.6873","G"
"4","Trait5","mrMLM","NsiI.TP31999","10","55493115","1.6997e-05","0.0037","A"
"4","Trait5","mrMLM","NsiI.TP466119","10","55494510","-8.3661e-06","0.0018","A"
"4","Trait5","mrMLM","PstI.TP707759","10","55544501","-1.6762e-05","0.0037","G"
"4","Trait5","mrMLM","NsiI.TP60000","10","55575212","-1.131e-05","0.0025","C"
"4","Trait5","mrMLM","NsiI.TP527741","10","55575641","-0.0886","0.4913","C"
"4","Trait5","mrMLM","PstI.TP1276738","10","55582929","-2.8689e-05","0.0063","A"
"4","Trait5","mrMLM","NsiI.TP802016","10","55584117","0.0281","0.2511","C"
"4","Trait5","mrMLM","PstI.TP880922","10","55606004","0.3184","1.1035","A"
"4","Trait5","mrMLM","NsiI.TP437839","10","55680934","-1.2153e-05","0.0027","C"
"4","Trait5","mrMLM","PstI.TP45187","10","55707500","7.8083e-06","0.0017","A"
"4","Trait5","mrMLM","NsiI.TP139501","10","55716297","1.8104e-05","0.004","A"
"4","Trait5","mrMLM","PstI.TP887121","10","55720067","-2.5113e-05","0.0055","G"
"4","Trait5","mrMLM","NsiI.TP419906","10","55733127","0.0612","0.5479","A"
"4","Trait5","mrMLM","NsiI.TP473372","10","55734255","-0.1737","0.5303","A"
"4","Trait5","mrMLM","PstI.TP282598","10","55748349","-0.3056","1.6067","C"
"4","Trait5","mrMLM","PstI.TP714039","10","55773042","-0.0448","0.4787","A"
"4","Trait5","mrMLM","PstI.TP962151","10","55776127","-0.0682","0.6356","C"
"4","Trait5","mrMLM","NsiI.TP134955","10","55781876","0.316","0.9671","A"
"4","Trait5","mrMLM","NsiI.TP450419","10","55791832","1.9314e-05","0.0042","C"
"4","Trait5","mrMLM","NsiI.TP482991","10","55800492","-0.0206","0.23","A"
"4","Trait5","mrMLM","NsiI.TP62289","10","55801034","-0.1323","1.0138","A"
"4","Trait5","mrMLM","NsiI.TP386617","10","55802096","-2.0901e-06","5e-04","A"
"4","Trait5","mrMLM","NsiI.TP386616","10","55802123","-3.5237e-05","0.0077","A"
"4","Trait5","mrMLM","PstI.TP10115","10","55846940","-8.6801e-06","0.0019","A"
"4","Trait5","mrMLM","PstI.TP568763","10","55874415","2.5924e-05","0.0057","A"
"4","Trait5","mrMLM","PstI.TP539853","10","55903817","-2.0245e-05","0.0044","C"
"4","Trait5","mrMLM","PstI.TP494764","10","55904701","1.4496e-06","3e-04","A"
"4","Trait5","mrMLM","PstI.TP237199","10","55905397","-0.0338","0.3512","C"
"4","Trait5","mrMLM","NsiI.TP441998","10","55908462","2.0315e-05","0.0044","A"
"4","Trait5","mrMLM","PstI.TP738290","10","55921908","-0.0787","0.9497","A"
"4","Trait5","mrMLM","PstI.TP1075367","10","55922964","0.0223","0.1633","A"
"4","Trait5","mrMLM","NsiI.TP467422","10","55949323","-0.0503","0.3687","G"
"4","Trait5","mrMLM","PstI.TP898421","10","55967041","2.1062e-05","0.0046","C"
"4","Trait5","mrMLM","PstI.TP198426","10","55973218","-0.1665","0.792","C"
"4","Trait5","mrMLM","PstI.TP1191273","10","55973245","-7.436e-06","0.0016","A"
"4","Trait5","mrMLM","PstI.TP467914","10","55974804","-1.3193e-05","0.0029","C"
"4","Trait5","mrMLM","PstI.TP338483","10","55977800","0.0147","0.0947","G"
"4","Trait5","mrMLM","PstI.TP1120718","10","55997546","-1.7185e-05","0.0038","A"
"4","Trait5","mrMLM","PstI.TP891978","10","55999175","0.0778","0.6547","C"
"4","Trait5","mrMLM","PstI.TP905642","10","56002134","4.1289e-05","0.0091","C"
"4","Trait5","mrMLM","NsiI.TP305158","10","56037527","-0.0138","0.2376","A"
"4","Trait5","mrMLM","NsiI.TP305157","10","56037561","1.2227e-05","0.0027","A"
"4","Trait5","mrMLM","NsiI.TP350028","10","56058607","-2.1351e-05","0.0047","A"
"4","Trait5","mrMLM","PstI.TP243672","10","56062196","-8.7355e-06","0.0019","G"
"4","Trait5","mrMLM","NsiI.TP54576","10","56092565","4.1488e-05","0.0091","A"
"4","Trait5","mrMLM","PstI.TP1127363","10","56099029","-3.6187e-05","0.0079","G"
"4","Trait5","mrMLM","PstI.TP101438","10","56101348","-6.7506e-06","0.0015","C"
"4","Trait5","mrMLM","PstI.TP177678","10","56115246","-0.0651","0.2787","A"
"4","Trait5","mrMLM","NsiI.TP825176","10","56124622","1.3696e-06","3e-04","C"
"4","Trait5","mrMLM","PstI.TP712918","10","56125218","1.6953e-05","0.0037","A"
"4","Trait5","mrMLM","PstI.TP271541","10","56172761","-2.5542e-05","0.0056","C"
"4","Trait5","mrMLM","NsiI.TP795502","10","56173028","-0.0229","0.3197","A"
"4","Trait5","mrMLM","PstI.TP202284","10","56175041","-1.7562e-05","0.0038","C"
"4","Trait5","mrMLM","PstI.TP1009563","10","56175139","-0.0521","0.2646","A"
"4","Trait5","mrMLM","PstI.TP124195","10","56177761","1.2505e-05","0.0027","A"
"4","Trait5","mrMLM","PstI.TP1222468","10","56178068","6.0513e-06","0.0013","A"
"4","Trait5","mrMLM","PstI.TP263994","10","56183296","1.0869e-05","0.0024","A"
"4","Trait5","mrMLM","PstI.TP804730","10","56184709","-0.0014","0.0466","A"
"4","Trait5","mrMLM","PstI.TP162536","10","56188930","1.2959e-06","3e-04","A"
"4","Trait5","mrMLM","NsiI.TP337624","10","56201507","9.3495e-06","0.002","A"
"4","Trait5","mrMLM","NsiI.TP780583","10","56223197","0.0526","0.3127","A"
"4","Trait5","mrMLM","PstI.TP1123265","10","56230428","-3.744e-06","8e-04","A"
"4","Trait5","mrMLM","PstI.TP299682","10","56230477","-4.3159e-06","9e-04","A"
"4","Trait5","mrMLM","NsiI.TP36278","10","56255147","-0.0521","0.3465","A"
"4","Trait5","mrMLM","PstI.TP140535","10","56266608","8.1714e-06","0.0018","A"
"4","Trait5","mrMLM","PstI.TP269318","10","56276045","2.7196e-05","0.006","A"
"4","Trait5","mrMLM","NsiI.TP108840","10","56283539","-0.0253","0.2913","A"
"4","Trait5","mrMLM","PstI.TP1159632","10","56290471","1.3252e-05","0.0029","A"
"4","Trait5","mrMLM","NsiI.TP330963","10","56296082","0.0165","0.1413","A"
"4","Trait5","mrMLM","NsiI.TP545316","10","56300203","-3.686e-05","0.0081","A"
"4","Trait5","mrMLM","NsiI.TP602515","10","56300282","-2.5961e-05","0.0057","C"
"4","Trait5","mrMLM","PstI.TP409507","10","56313003","-0.0043","0.0712","G"
"4","Trait5","mrMLM","NsiI.TP385611","10","56337243","1.2633e-05","0.0028","G"
"4","Trait5","mrMLM","PstI.TP1042925","10","56340320","2.9319e-05","0.0064","A"
"4","Trait5","mrMLM","NsiI.TP328184","10","56346502","-0.0648","0.2875","A"
"4","Trait5","mrMLM","NsiI.TP559543","10","56346801","-0.1279","0.9904","G"
"4","Trait5","mrMLM","NsiI.TP669502","10","56357081","-5.756e-06","0.0013","C"
"4","Trait5","mrMLM","NsiI.TP574007","10","56359003","0.0786","0.865","C"
"4","Trait5","mrMLM","PstI.TP642159","10","56363399","6.0276e-07","1e-04","A"
"4","Trait5","mrMLM","PstI.TP1187290","10","56390260","-6.4767e-06","0.0014","C"
"4","Trait5","mrMLM","NsiI.TP302923","10","56419615","-2.1021e-05","0.0046","A"
"4","Trait5","mrMLM","NsiI.TP476148","10","56419668","0.1294","0.6405","A"
"4","Trait5","mrMLM","NsiI.TP660871","10","56470218","8.0397e-06","0.0018","C"
"4","Trait5","mrMLM","NsiI.TP434715","10","56495741","1.0232e-05","0.0022","G"
"4","Trait5","mrMLM","NsiI.TP592469","10","56527885","-0.007","0.1405","A"
"4","Trait5","mrMLM","NsiI.TP723334","10","56532435","-0.0389","0.485","A"
"4","Trait5","mrMLM","NsiI.TP235501","10","56547987","7.8128e-06","0.0017","C"
"4","Trait5","mrMLM","PstI.TP942427","10","56551535","1.6401e-05","0.0036","A"
"4","Trait5","mrMLM","PstI.TP193753","10","56570665","1.7789e-05","0.0039","C"
"4","Trait5","mrMLM","NsiI.TP531585","10","56578639","7.5297e-06","0.0016","A"
"4","Trait5","mrMLM","PstI.TP740299","10","56585445","-1.8141e-05","0.004","C"
"4","Trait5","mrMLM","NsiI.TP577274","10","56588401","-0.0339","0.227","A"
"4","Trait5","mrMLM","NsiI.TP499775","10","56599343","-3.7264e-05","0.0082","C"
"4","Trait5","mrMLM","NsiI.TP322549","10","56604294","-0.0189","0.1961","G"
"4","Trait5","mrMLM","PstI.TP683199","10","56630287","-1.6063e-05","0.0035","C"
"4","Trait5","mrMLM","PstI.TP977353","10","56640763","-1.011e-05","0.0022","G"
"4","Trait5","mrMLM","NsiI.TP133718","10","56652488","-6.9815e-06","0.0015","A"
"4","Trait5","mrMLM","NsiI.TP766058","10","56739907","5.4052e-06","0.0012","C"
"4","Trait5","mrMLM","NsiI.TP279148","10","56770513","-9.3911e-06","0.002","A"
"4","Trait5","mrMLM","PstI.TP453443","10","56793256","0.0168","0.145","A"
"4","Trait5","mrMLM","NsiI.TP71856","10","56824424","-1.6645e-05","0.0036","C"
"4","Trait5","mrMLM","NsiI.TP400095","10","56834344","1.9481e-05","0.0043","A"
"4","Trait5","mrMLM","PstI.TP838518","10","56835723","1.1375e-05","0.0025","C"
"4","Trait5","mrMLM","PstI.TP49052","10","56847524","-0.0198","0.258","C"
"4","Trait5","mrMLM","PstI.TP809215","10","56847671","-9.8161e-06","0.0021","G"
"4","Trait5","mrMLM","PstI.TP297694","10","56908050","-0.0569","0.3692","A"
"4","Trait5","mrMLM","PstI.TP1230374","10","56908185","0.0663","0.6511","C"
"4","Trait5","mrMLM","NsiI.TP521066","10","56914882","0.0282","0.265","A"
"4","Trait5","mrMLM","PstI.TP363270","10","56918488","1.5092e-05","0.0033","A"
"4","Trait5","mrMLM","PstI.TP363271","10","56918504","7.9144e-06","0.0017","A"
"4","Trait5","mrMLM","PstI.TP965698","10","56922517","-1.0491e-05","0.0023","C"
"4","Trait5","mrMLM","PstI.TP1257254","10","56955563","-1.0886e-05","0.0024","C"
"4","Trait5","mrMLM","NsiI.TP507755","10","56991253","-1.1006e-05","0.0024","A"
"4","Trait5","mrMLM","PstI.TP201134","10","56993003","-3.1022e-06","7e-04","A"
"4","Trait5","mrMLM","NsiI.TP701950","10","56995150","5.3548e-06","0.0012","G"
"4","Trait5","mrMLM","NsiI.TP673123","10","56995729","-2.2435e-05","0.0049","A"
"4","Trait5","mrMLM","PstI.TP59054","10","56995730","-0.0379","0.3361","C"
"4","Trait5","mrMLM","PstI.TP620676","10","56996317","0.2765","1.3685","A"
"4","Trait5","mrMLM","NsiI.TP740855","10","57038703","-0.0326","0.3384","C"
"4","Trait5","mrMLM","PstI.TP334670","10","57097496","-5.2483e-06","0.0011","C"
"4","Trait5","mrMLM","NsiI.TP411009","10","57098164","0.0096","0.0951","A"
"4","Trait5","mrMLM","PstI.TP1047537","10","57105280","-8.2285e-06","0.0018","G"
"4","Trait5","mrMLM","PstI.TP1047533","10","57105290","-5.5952e-07","1e-04","C"
"4","Trait5","mrMLM","NsiI.TP415745","10","57122222","0.0394","0.2632","G"
"4","Trait5","mrMLM","PstI.TP606311","10","57135062","3.6743e-05","0.0081","A"
"4","Trait5","mrMLM","NsiI.TP348626","10","57137466","-0.0075","0.138","G"
"4","Trait5","mrMLM","NsiI.TP11670","10","57162910","7.0919e-06","0.0015","A"
"4","Trait5","mrMLM","PstI.TP7632","10","57163611","2.5759e-06","6e-04","A"
"4","Trait5","mrMLM","NsiI.TP266544","10","57183595","-0.1128","1.195","C"
"4","Trait5","mrMLM","PstI.TP987903","10","57187336","-0.0487","0.2582","C"
"4","Trait5","mrMLM","NsiI.TP557502","10","57196967","4.7775e-06","0.001","C"
"4","Trait5","mrMLM","NsiI.TP557496","10","57196993","-2.278e-05","0.005","A"
"4","Trait5","mrMLM","PstI.TP374182","10","57199593","-1.3169e-05","0.0029","G"
"4","Trait5","mrMLM","PstI.TP179166","10","57199840","-1.5171e-05","0.0033","G"
"4","Trait5","mrMLM","PstI.TP1244156","10","57206520","1.5265e-05","0.0033","C"
"4","Trait5","mrMLM","NsiI.TP420480","10","57227913","4.9783e-06","0.0011","C"
"4","Trait5","mrMLM","NsiI.TP181876","10","57276158","6.4626e-06","0.0014","C"
"4","Trait5","mrMLM","NsiI.TP465270","10","57290741","0.3842","1.9141","C"
"4","Trait5","mrMLM","NsiI.TP184002","10","57336998","0.0074","0.1007","G"
"4","Trait5","mrMLM","NsiI.TP801903","10","57368510","2.3644e-05","0.0052","C"
"4","Trait5","mrMLM","PstI.TP435004","10","57409712","2.5567e-06","6e-04","A"
"4","Trait5","mrMLM","PstI.TP248498","10","57422064","0.0837","0.4231","A"
"4","Trait5","mrMLM","NsiI.TP239784","10","57422222","2.0113e-06","4e-04","A"
"4","Trait5","mrMLM","PstI.TP977259","10","57435024","8.5455e-06","0.0019","C"
"4","Trait5","mrMLM","PstI.TP256494","10","57442492","-0.034","0.4925","G"
"4","Trait5","mrMLM","NsiI.TP426553","10","57449737","-3.9377e-06","9e-04","A"
"4","Trait5","mrMLM","PstI.TP879651","10","57455167","-0.0459","0.2757","C"
"4","Trait5","mrMLM","NsiI.TP346917","10","57456364","2.2418e-06","5e-04","A"
"4","Trait5","mrMLM","PstI.TP185809","10","57504686","-7.4669e-06","0.0016","A"
"4","Trait5","mrMLM","NsiI.TP49920","10","57511809","-1.2191e-05","0.0027","G"
"4","Trait5","mrMLM","NsiI.TP819128","10","57516100","-9.4606e-06","0.0021","G"
"4","Trait5","mrMLM","PstI.TP1189247","10","57554144","-1.2236e-05","0.0027","A"
"4","Trait5","mrMLM","NsiI.TP427254","10","57555604","-2.2328e-05","0.0049","A"
"4","Trait5","mrMLM","PstI.TP103381","10","57562553","-0.1588","0.8563","A"
"4","Trait5","mrMLM","NsiI.TP686147","10","57609368","8.9786e-06","0.002","C"
"4","Trait5","mrMLM","PstI.TP776136","10","57640851","-3.1848e-05","0.007","A"
"4","Trait5","mrMLM","NsiI.TP620239","10","57650638","-1.0598e-05","0.0023","C"
"4","Trait5","mrMLM","PstI.TP740525","10","57651326","-0.022","0.1311","G"
"4","Trait5","mrMLM","PstI.TP630830","10","57652475","-1.9752e-05","0.0043","A"
"4","Trait5","mrMLM","PstI.TP309603","10","57653642","5.6691e-06","0.0012","A"
"4","Trait5","mrMLM","PstI.TP309605","10","57653642","-2.6044e-05","0.0057","A"
"4","Trait5","mrMLM","PstI.TP694310","10","57658733","-0.0461","0.2972","C"
"4","Trait5","mrMLM","PstI.TP1044398","10","57687904","-0.208","0.8801","G"
"4","Trait5","mrMLM","PstI.TP463299","10","57692462","-2.5141e-05","0.0055","A"
"4","Trait5","mrMLM","PstI.TP408230","10","57718955","8.0474e-06","0.0018","G"
"4","Trait5","mrMLM","PstI.TP998630","10","57725140","-0.0364","0.3495","C"
"4","Trait5","mrMLM","PstI.TP914537","10","57752412","1.0967e-05","0.0024","A"
"4","Trait5","mrMLM","PstI.TP103307","10","57752572","1.75e-05","0.0038","C"
"4","Trait5","mrMLM","PstI.TP311770","10","57774357","-2.1249e-05","0.0047","A"
"4","Trait5","mrMLM","PstI.TP124631","10","57809558","-0.1657","1.4758","C"
"4","Trait5","mrMLM","NsiI.TP507276","10","57819129","4.8677e-06","0.0011","A"
"4","Trait5","mrMLM","PstI.TP356244","10","57837092","-4.3866e-06","0.001","A"
"4","Trait5","mrMLM","NsiI.TP191051","10","57843418","1.8199e-05","0.004","C"
"4","Trait5","mrMLM","PstI.TP209198","10","57847766","2.2519e-05","0.0049","A"
"4","Trait5","mrMLM","PstI.TP696186","10","57848314","9.3426e-06","0.002","A"
"4","Trait5","mrMLM","PstI.TP897599","10","57879300","-0.0588","0.4012","A"
"4","Trait5","mrMLM","PstI.TP1132484","10","57883541","6.7534e-06","0.0015","A"
"4","Trait5","mrMLM","PstI.TP1000550","10","57945113","9.1351e-06","0.002","C"
"4","Trait5","mrMLM","PstI.TP541885","10","57947224","-2.0238e-06","4e-04","A"
"4","Trait5","mrMLM","PstI.TP594635","10","57947466","8.9732e-06","0.002","G"
"4","Trait5","mrMLM","PstI.TP297863","10","57956117","2.6568e-05","0.0058","C"
"4","Trait5","mrMLM","PstI.TP1255957","10","57956794","1.0237e-05","0.0022","C"
"4","Trait5","mrMLM","PstI.TP193465","10","57962068","-0.0659","0.4841","A"
"4","Trait5","mrMLM","PstI.TP48077","10","57984303","-2.0967e-06","5e-04","A"
"4","Trait5","mrMLM","PstI.TP841570","10","57984409","-0.0113","0.1958","G"
"4","Trait5","mrMLM","PstI.TP217791","10","57985816","-1.511e-05","0.0033","A"
"4","Trait5","mrMLM","PstI.TP1245021","10","57989538","3.4145e-05","0.0075","A"
"4","Trait5","mrMLM","PstI.TP133190","10","57991199","7.9477e-06","0.0017","C"
"4","Trait5","mrMLM","PstI.TP816550","10","57991288","-0.0049","0.0761","G"
"4","Trait5","mrMLM","NsiI.TP573981","10","57998219","-7.2612e-06","0.0016","C"
"4","Trait5","mrMLM","NsiI.TP194773","10","58001061","-0.1671","0.9193","A"
"4","Trait5","mrMLM","PstI.TP835320","10","58023893","-1.3911e-08","3.0272e-06","C"
"4","Trait5","mrMLM","NsiI.TP717578","10","58023898","5.1783e-06","0.0011","C"
"4","Trait5","mrMLM","PstI.TP10852","10","58028954","0.0196","0.1898","C"
"4","Trait5","mrMLM","NsiI.TP506601","10","58036028","6.1373e-06","0.0013","C"
"4","Trait5","mrMLM","PstI.TP710301","10","58042630","7.7357e-06","0.0017","C"
"4","Trait5","mrMLM","NsiI.TP430259","10","58051523","-1.2667e-05","0.0028","C"
"4","Trait5","mrMLM","PstI.TP1121282","10","58066144","1.2118e-05","0.0026","A"
"4","Trait5","mrMLM","NsiI.TP177685","10","58071665","-1.45e-08","3.1567e-06","A"
"4","Trait5","mrMLM","GFSSContig5387_711","10","58083210","-0.0457","0.5774","A"
"4","Trait5","mrMLM","PstI.TP608953","10","58098899","-1.5422e-05","0.0034","G"
"4","Trait5","mrMLM","NsiI.TP630075","10","58104159","-1.1618e-05","0.0025","A"
"4","Trait5","mrMLM","PstI.TP106443","10","58115913","3.5003e-05","0.0077","A"
"4","Trait5","mrMLM","NsiI.TP247163","10","58137647","1.0642e-05","0.0023","C"
"4","Trait5","mrMLM","PstI.TP282657","10","58159508","9.2455e-06","0.002","C"
"4","Trait5","mrMLM","GFSSContig20006_1334","10","58161744","1.0503e-05","0.0023","A"
"4","Trait5","mrMLM","PstI.TP1033517","10","58165351","-1.61e-05","0.0035","G"
"4","Trait5","mrMLM","PstI.TP1123051","10","58183845","0.1476","1.3155","C"
"4","Trait5","mrMLM","PstI.TP237773","10","58184327","0.0189","0.1678","A"
"4","Trait5","mrMLM","PstI.TP6645","10","58193019","-1.7386e-06","4e-04","A"
"4","Trait5","mrMLM","NsiI.TP314957","10","58216554","-0.1656","0.7308","C"
"4","Trait5","mrMLM","PstI.TP614291","10","58224972","-0.0222","0.1595","C"
"4","Trait5","mrMLM","PstI.TP1122182","10","58269182","2.5052e-05","0.0055","A"
"4","Trait5","mrMLM","PstI.TP1167993","10","58303417","1.0641e-05","0.0023","A"
"4","Trait5","mrMLM","GFSSContig13679_522","10","58314982","-1.3824e-05","0.003","A"
"4","Trait5","mrMLM","PstI.TP874275","10","58320876","-0.0183","0.2677","A"
"4","Trait5","mrMLM","PstI.TP624732","10","58322395","-0.0944","0.7943","A"
"4","Trait5","mrMLM","PstI.TP953647","10","58327094","-6.362e-06","0.0014","C"
"4","Trait5","mrMLM","PstI.TP837318","10","58334573","-1.2428e-05","0.0027","A"
"4","Trait5","mrMLM","NsiI.TP826976","10","58339212","-2.6842e-05","0.0059","A"
"4","Trait5","mrMLM","PstI.TP31645","10","58342331","5.5646e-06","0.0012","A"
"4","Trait5","mrMLM","PstI.TP835061","10","58345184","-0.0068","0.0968","A"
"4","Trait5","mrMLM","PstI.TP460194","10","58346238","6.7345e-06","0.0015","C"
"4","Trait5","mrMLM","PstI.TP710861","10","58347300","-0.1848","1.6545","C"
"4","Trait5","mrMLM","NsiI.TP35119","10","58385252","-1.278e-06","3e-04","A"
"4","Trait5","mrMLM","PstI.TP830410","10","58385319","-1.1921e-05","0.0026","A"
"4","Trait5","mrMLM","NsiI.TP530610","10","58487000","-0.0962","0.9845","C"
"4","Trait5","mrMLM","NsiI.TP150218","10","58487041","0.0421","0.418","A"
"4","Trait5","mrMLM","NsiI.TP324486","10","58500616","0.104","0.4643","C"
"4","Trait5","mrMLM","PstI.TP622832","10","58505390","-3.5236e-06","8e-04","C"
"4","Trait5","mrMLM","PstI.TP251561","10","58512107","2.4424e-05","0.0053","A"
"4","Trait5","mrMLM","PstI.TP344771","10","58518729","-1.1106e-05","0.0024","C"
"4","Trait5","mrMLM","GFSSContig13073_887","10","58519712","-3.2287e-07","7.0273e-05","A"
"4","Trait5","mrMLM","PstI.TP984525","10","58519750","5.3581e-06","0.0012","A"
"4","Trait5","mrMLM","PstI.TP991057","10","58519754","0.1307","1.9134","A"
"4","Trait5","mrMLM","PstI.TP1135567","10","58527374","1.1739e-05","0.0026","C"
"4","Trait5","mrMLM","PstI.TP1172046","10","58527764","-1.5818e-06","3e-04","A"
"4","Trait5","mrMLM","NsiI.TP472627","10","58539297","8.6638e-06","0.0019","A"
"4","Trait5","mrMLM","NsiI.TP436743","10","58539618","0.1677","0.8463","A"
"4","Trait5","mrMLM","PstI.TP930398","10","58540105","-6.3793e-06","0.0014","A"
"4","Trait5","mrMLM","PstI.TP780634","10","58540112","3.2912e-06","7e-04","A"
"4","Trait5","mrMLM","NsiI.TP442238","10","58588151","-0.0832","1.079","C"
"4","Trait5","mrMLM","PstI.TP1021190","10","58588164","5.6234e-06","0.0012","G"
"4","Trait5","mrMLM","PstI.TP926141","10","58598953","2.4805e-05","0.0054","C"
"4","Trait5","mrMLM","PstI.TP137221","10","58604051","1.4299e-05","0.0031","A"
"4","Trait5","mrMLM","PstI.TP1073707","10","58606049","0.0767","0.3764","A"
"4","Trait5","mrMLM","PstI.TP1114104","10","58620739","2.7546e-06","6e-04","C"
"4","Trait5","mrMLM","PstI.TP851906","10","58624598","-0.0527","0.3761","C"
"4","Trait5","mrMLM","PstI.TP924871","10","58628021","-8.3083e-06","0.0018","C"
"4","Trait5","mrMLM","PstI.TP1141035","10","58664328","-0.1103","1.3428","G"
"4","Trait5","mrMLM","NsiI.TP416677","10","58670412","-5.7953e-06","0.0013","C"
"4","Trait5","mrMLM","NsiI.TP623561","10","58695603","1.3889e-05","0.003","C"
"4","Trait5","mrMLM","NsiI.TP596468","10","58704389","0.0268","0.2276","A"
"4","Trait5","mrMLM","NsiI.TP101365","10","58707662","-1.4584e-05","0.0032","C"
"4","Trait5","mrMLM","PstI.TP925206","10","58730377","2.4584e-05","0.0054","A"
"4","Trait5","mrMLM","NsiI.TP590482","10","58734764","-9.9488e-06","0.0022","C"
"4","Trait5","mrMLM","PstI.TP1198960","10","58745110","0.0745","0.4722","A"
"4","Trait5","mrMLM","PstI.TP523742","10","58752161","-1.1811e-06","3e-04","A"
"4","Trait5","mrMLM","PstI.TP332933","10","58767502","8.7669e-06","0.0019","A"
"4","Trait5","mrMLM","NsiI.TP511109","10","58780153","0.0935","0.7331","A"
"4","Trait5","mrMLM","PstI.TP922440","10","58806673","1.686e-05","0.0037","C"
"4","Trait5","mrMLM","NsiI.TP576231","10","58809304","-4.2541e-06","9e-04","G"
"4","Trait5","mrMLM","PstI.TP175221","10","58836257","-0.1036","1.1156","C"
"4","Trait5","mrMLM","NsiI.TP409901","10","58840468","0.1609","0.8042","G"
"4","Trait5","mrMLM","PstI.TP1093124","10","58840758","-5.5359e-06","0.0012","G"
"4","Trait5","mrMLM","PstI.TP340427","10","58897511","-9.1103e-06","0.002","A"
"4","Trait5","mrMLM","PstI.TP117701","10","58898407","-0.2324","1.2011","C"
"4","Trait5","mrMLM","PstI.TP32557","10","58906622","5.9196e-06","0.0013","A"
"4","Trait5","mrMLM","PstI.TP767664","10","58907220","-1.9203e-05","0.0042","C"
"4","Trait5","mrMLM","GFSSContig20378_1618","10","58910029","1.4194e-05","0.0031","A"
"4","Trait5","mrMLM","NsiI.TP74711","10","58910118","1.3038e-06","3e-04","C"
"4","Trait5","mrMLM","NsiI.TP398441","10","58918774","1.8397e-05","0.004","A"
"4","Trait5","mrMLM","NsiI.TP717065","10","58945595","0.0338","0.418","A"
"4","Trait5","mrMLM","PstI.TP651715","10","58956886","-0.0498","0.5913","A"
"4","Trait5","mrMLM","NsiI.TP571544","10","58959373","6.4543e-06","0.0014","A"
"4","Trait5","mrMLM","PstI.TP360715","10","58959795","-0.0807","0.7589","C"
"4","Trait5","mrMLM","PstI.TP890733","10","58967729","0.1018","0.6598","C"
"4","Trait5","mrMLM","PstI.TP351081","10","58968087","-1.8039e-05","0.0039","C"
"4","Trait5","mrMLM","PstI.TP608972","10","58983719","-1.6e-05","0.0035","C"
"4","Trait5","mrMLM","PstI.TP619929","10","58984044","-5.5404e-06","0.0012","A"
"4","Trait5","mrMLM","NsiI.TP596601","10","58990372","-1.4014e-05","0.0031","A"
"4","Trait5","mrMLM","NsiI.TP707375","10","58994311","4.2877e-05","0.0094","G"
"4","Trait5","mrMLM","NsiI.TP347871","10","58997976","0.2252","1.9742","G"
"4","Trait5","mrMLM","PstI.TP1272828","10","59027538","7.3811e-06","0.0016","C"
"4","Trait5","mrMLM","NsiI.TP40426","10","59093728","-4.6029e-06","0.001","C"
"4","Trait5","mrMLM","PstI.TP545548","10","59100551","0.094","0.4742","C"
"4","Trait5","mrMLM","PstI.TP545552","10","59100566","2.4748e-05","0.0054","C"
"4","Trait5","mrMLM","PstI.TP860074","10","59104580","-0.0039","0.0567","A"
"4","Trait5","mrMLM","NsiI.TP389133","10","59115241","-7.8047e-06","0.0017","A"
"4","Trait5","mrMLM","PstI.TP1049135","10","59119911","1.3998e-06","3e-04","A"
"4","Trait5","mrMLM","NsiI.TP363618","10","59138949","0.0082","0.124","C"
"4","Trait5","mrMLM","PstI.TP144888","10","59140226","-2.7586e-05","0.006","C"
"4","Trait5","mrMLM","PstI.TP36101","10","59141310","-3.0143e-05","0.0066","A"
"4","Trait5","mrMLM","PstI.TP36102","10","59141312","-1.035e-05","0.0023","A"
"4","Trait5","mrMLM","PstI.TP1260292","10","59157715","-2.454e-05","0.0054","A"
"4","Trait5","mrMLM","NsiI.TP41855","10","59162920","-1.487e-05","0.0032","A"
"4","Trait5","mrMLM","PstI.TP534866","10","59187610","-8.1997e-06","0.0018","A"
"4","Trait5","mrMLM","NsiI.TP436535","10","59201341","-0.0844","0.82","A"
"4","Trait5","mrMLM","NsiI.TP82850","10","59221386","-3.4129e-05","0.0075","A"
"4","Trait5","mrMLM","NsiI.TP436800","10","59248274","-7.0988e-06","0.0015","A"
"4","Trait5","mrMLM","PstI.TP1112609","10","59256851","0.0248","0.3012","A"
"4","Trait5","mrMLM","NsiI.TP86701","10","59264268","-0.1134","0.5511","G"
"4","Trait5","mrMLM","PstI.TP399073","10","59270394","-2.0545e-05","0.0045","C"
"4","Trait5","mrMLM","NsiI.TP722187","10","59294468","-1.099e-05","0.0024","C"
"4","Trait5","mrMLM","NsiI.TP422390","10","59294517","0.0207","0.1635","A"
"4","Trait5","mrMLM","NsiI.TP86280","10","59308792","0.0083","0.1411","C"
"4","Trait5","mrMLM","NsiI.TP128483","10","59308875","0.0995","1.2238","C"
"4","Trait5","mrMLM","PstI.TP1230372","10","59309250","-0.1385","0.9913","A"
"4","Trait5","mrMLM","PstI.TP691123","10","59325638","-1.6852e-05","0.0037","A"
"4","Trait5","mrMLM","PstI.TP424337","10","59336379","-1.8055e-05","0.0039","C"
"4","Trait5","mrMLM","PstI.TP775667","10","59344209","2.211e-05","0.0048","C"
"4","Trait5","mrMLM","NsiI.TP123418","10","59359310","1.4081e-05","0.0031","A"
"4","Trait5","mrMLM","NsiI.TP368323","10","59421910","-0.2848","1.4175","A"
"4","Trait5","mrMLM","PstI.TP477347","10","59427629","0.0638","0.6962","C"
"4","Trait5","mrMLM","NsiI.TP660965","10","59435519","-2.5062e-05","0.0055","A"
"4","Trait5","mrMLM","PstI.TP1142775","10","59444663","-0.1599","0.9869","A"
"4","Trait5","mrMLM","PstI.TP984726","10","59446670","6.7122e-06","0.0015","A"
"4","Trait5","mrMLM","NsiI.TP579850","10","59454139","0.0751","0.332","G"
"4","Trait5","mrMLM","PstI.TP347009","10","59492534","-2.5887e-06","6e-04","C"
"4","Trait5","mrMLM","PstI.TP1151109","10","59550166","0.1904","0.6366","A"
"4","Trait5","mrMLM","NsiI.TP5731","10","59553714","2.5028e-06","5e-04","A"
"4","Trait5","mrMLM","PstI.TP83188","10","59560474","-0.103","0.504","A"
"4","Trait5","mrMLM","NsiI.TP804035","10","59560652","-4.2242e-05","0.0093","G"
"4","Trait5","mrMLM","PstI.TP1204456","10","59574064","-1.7142e-06","4e-04","A"
"4","Trait5","mrMLM","NsiI.TP269555","10","59593348","0.0222","0.2954","A"
"4","Trait5","mrMLM","PstI.TP771256","10","59597858","8.9268e-06","0.0019","A"
"4","Trait5","mrMLM","PstI.TP1261100","10","59613969","1.4938e-05","0.0033","A"
"4","Trait5","mrMLM","NsiI.TP174837","10","59618927","-2.1271e-05","0.0047","A"
"4","Trait5","mrMLM","NsiI.TP522982","10","59633055","-9.8319e-06","0.0021","C"
"4","Trait5","mrMLM","PstI.TP294461","10","59637613","-0.007","0.0986","A"
"4","Trait5","mrMLM","PstI.TP173369","10","59649220","-0.2006","3.5856","G"
"4","Trait5","mrMLM","PstI.TP759675","10","59672253","2.1676e-05","0.0047","A"
"4","Trait5","mrMLM","PstI.TP759680","10","59672256","-0.046","0.2727","A"
"4","Trait5","mrMLM","PstI.TP932502","10","59687232","6.0854e-06","0.0013","A"
"4","Trait5","mrMLM","NsiI.TP65555","10","59702115","-3.5795e-06","8e-04","G"
"4","Trait5","mrMLM","GFSSContig17419_591","10","59706968","-0.0262","0.3645","A"
"4","Trait5","mrMLM","NsiI.TP632738","10","59708885","-0.0343","0.2911","A"
"4","Trait5","mrMLM","PstI.TP157241","10","59711903","-0.0247","0.187","C"
"4","Trait5","mrMLM","PstI.TP1286321","10","59730724","8.7665e-06","0.0019","C"
"4","Trait5","mrMLM","PstI.TP1222659","10","59748797","-4.4005e-06","0.001","A"
"4","Trait5","mrMLM","PstI.TP901498","10","59750699","1.2631e-05","0.0028","C"
"4","Trait5","mrMLM","PstI.TP699094","10","59761201","-2.5685e-05","0.0056","A"
"4","Trait5","mrMLM","PstI.TP1231079","10","59773578","-0.0041","0.0944","C"
"4","Trait5","mrMLM","PstI.TP571625","10","59784856","-4.932e-06","0.0011","A"
"4","Trait5","mrMLM","PstI.TP311752","10","59788353","0.0351","0.4907","A"
"4","Trait5","mrMLM","NsiI.TP581057","10","59791540","-0.4614","1.38","G"
"4","Trait5","mrMLM","PstI.TP1190143","10","59802312","-0.3906","1.4485","A"
"4","Trait5","mrMLM","NsiI.TP640953","10","59802374","-7.5922e-06","0.0017","C"
"4","Trait5","mrMLM","NsiI.TP640954","10","59802406","-1.4654e-05","0.0032","C"
"4","Trait5","mrMLM","NsiI.TP310793","10","59802622","-0.0777","0.6567","C"
"4","Trait5","mrMLM","NsiI.TP637304","10","59828351","3.2923e-05","0.0072","C"
"4","Trait5","mrMLM","NsiI.TP539696","10","59830931","0.419","2.2184","A"
"4","Trait5","mrMLM","NsiI.TP762469","10","59831302","8.7699e-06","0.0019","G"
"4","Trait5","mrMLM","NsiI.TP440309","10","59839481","2.3743e-05","0.0052","A"
"4","Trait5","mrMLM","PstI.TP115257","10","59841571","-0.0122","0.191","A"
"4","Trait5","mrMLM","PstI.TP115256","10","59841579","9.4578e-06","0.0021","C"
"4","Trait5","mrMLM","NsiI.TP259454","10","59842717","2.8018e-06","6e-04","C"
"4","Trait5","mrMLM","NsiI.TP756808","10","59848770","-3.0778e-05","0.0068","C"
"4","Trait5","mrMLM","PstI.TP216730","10","59855054","0.2074","1.2672","A"
"4","Trait5","mrMLM","NsiI.TP272845","10","59865006","-0.0474","0.264","C"
"4","Trait5","mrMLM","PstI.TP371473","10","59883760","-0.2861","1.1816","C"
"4","Trait5","mrMLM","NsiI.TP119709","10","59896350","-2.2621e-05","0.005","A"
"4","Trait5","mrMLM","NsiI.TP742448","10","59968132","0.0194","0.2438","C"
"4","Trait5","mrMLM","PstI.TP175732","10","60072413","0.0184","0.1855","A"
"4","Trait5","mrMLM","PstI.TP140831","10","60088273","8.8656e-06","0.0019","A"
"4","Trait5","mrMLM","NsiI.TP432854","10","60099526","0.0563","0.5099","A"
"4","Trait5","mrMLM","NsiI.TP627077","10","60121241","6.886e-06","0.0015","A"
"4","Trait5","mrMLM","PstI.TP993513","10","60122723","0.0719","0.4454","A"
"4","Trait5","mrMLM","PstI.TP65527","10","60139620","2.7662e-05","0.0061","A"
"4","Trait5","mrMLM","PstI.TP890926","10","60146452","2.9751e-05","0.0065","A"
"4","Trait5","mrMLM","NsiI.TP479822","10","60147462","1.5811e-06","3e-04","G"
"4","Trait5","mrMLM","PstI.TP302687","10","60161829","5.2187e-06","0.0011","G"
"4","Trait5","mrMLM","NsiI.TP590407","10","60163639","7.4532e-06","0.0016","G"
"4","Trait5","mrMLM","NsiI.TP12416","10","60177735","-3.3684e-05","0.0074","C"
"4","Trait5","mrMLM","PstI.TP210851","10","60214653","0.0181","0.2578","A"
"4","Trait5","mrMLM","PstI.TP587513","10","60215855","2.0956e-05","0.0046","G"
"4","Trait5","mrMLM","PstI.TP1234552","10","60231357","0.0712","0.7555","C"
"4","Trait5","mrMLM","NsiI.TP202281","10","60249425","2.3269e-06","5e-04","A"
"4","Trait5","mrMLM","PstI.TP19863","10","60278801","2.037e-05","0.0045","A"
"4","Trait5","mrMLM","PstI.TP1176340","10","60292206","-2.5952e-06","6e-04","A"
"4","Trait5","mrMLM","PstI.TP886917","10","60308678","-1.4872e-05","0.0032","A"
"4","Trait5","mrMLM","PstI.TP123271","10","60309221","5.7519e-06","0.0013","C"
"4","Trait5","mrMLM","PstI.TP994751","10","60309696","0.1579","1.1226","C"
"4","Trait5","mrMLM","PstI.TP22664","10","60311066","1.4886e-05","0.0033","C"
"4","Trait5","mrMLM","NsiI.TP453818","10","60332466","1.8194e-05","0.004","G"
"4","Trait5","mrMLM","PstI.TP1192387","10","60338751","0.0782","0.5033","C"
"4","Trait5","mrMLM","PstI.TP621902","10","60345809","1.687e-05","0.0037","C"
"4","Trait5","mrMLM","PstI.TP80503","10","60350746","-1.0965e-05","0.0024","A"
"4","Trait5","mrMLM","PstI.TP828270","10","60361221","-8.9358e-07","2e-04","C"
"4","Trait5","mrMLM","PstI.TP214213","10","60370676","-0.064","0.3796","A"
"4","Trait5","mrMLM","NsiI.TP118177","10","60389528","-1.8225e-05","0.004","G"
"4","Trait5","mrMLM","PstI.TP1097750","10","60426697","0.0207","0.2603","A"
"4","Trait5","mrMLM","PstI.TP1191080","10","60427178","-1.0317e-05","0.0023","G"
"4","Trait5","mrMLM","PstI.TP347117","10","60460469","-6.8935e-06","0.0015","A"
"4","Trait5","mrMLM","NsiI.TP637025","10","60487236","-1.1698e-06","3e-04","A"
"4","Trait5","mrMLM","NsiI.TP679357","10","60492068","-1.6928e-05","0.0037","A"
"4","Trait5","mrMLM","PstI.TP133650","10","60497170","1.6866e-05","0.0037","G"
"4","Trait5","mrMLM","NsiI.TP812275","10","60511218","2.4584e-05","0.0054","A"
"4","Trait5","mrMLM","NsiI.TP4616","10","60516686","-0.0053","0.1171","G"
"4","Trait5","mrMLM","NsiI.TP808638","10","60530212","-3.995e-06","9e-04","C"
"4","Trait5","mrMLM","NsiI.TP475686","10","60551560","-0.0299","0.2185","A"
"4","Trait5","mrMLM","PstI.TP1108784","10","60551645","0.0879","0.5966","C"
"4","Trait5","mrMLM","PstI.TP320330","10","60557051","-2.3648e-05","0.0052","G"
"4","Trait5","mrMLM","PstI.TP371722","10","60560620","-7.771e-06","0.0017","C"
"4","Trait5","mrMLM","PstI.TP670245","10","60567000","3.4333e-05","0.0075","A"
"4","Trait5","mrMLM","PstI.TP670583","10","60567004","0.0453","0.4627","C"
"4","Trait5","mrMLM","PstI.TP670242","10","60567027","-1.6706e-05","0.0037","C"
"4","Trait5","mrMLM","NsiI.TP631174","10","60575378","-0.039","0.3481","A"
"4","Trait5","mrMLM","PstI.TP131122","10","60582165","-2.343e-05","0.0051","C"
"4","Trait5","mrMLM","NsiI.TP356168","10","60603306","-1.4221e-05","0.0031","A"
"4","Trait5","mrMLM","PstI.TP244060","10","60631936","1.3352e-05","0.0029","C"
"4","Trait5","mrMLM","PstI.TP674085","10","60652012","-2.1933e-05","0.0048","C"
"4","Trait5","mrMLM","NsiI.TP307455","10","60684596","-1.885e-05","0.0041","C"
"4","Trait5","mrMLM","GFSSContig20549_800","10","60693077","-2.1405e-06","5e-04","A"
"4","Trait5","mrMLM","PstI.TP1083462","10","60705978","-2.2744e-05","0.005","A"
"4","Trait5","mrMLM","PstI.TP12981","10","60710836","9.7473e-07","2e-04","C"
"4","Trait5","mrMLM","PstI.TP29798","10","60733525","1.0914e-05","0.0024","C"
"4","Trait5","mrMLM","PstI.TP717975","10","60741952","-7.7526e-06","0.0017","A"
"4","Trait5","mrMLM","NsiI.TP727404","10","60764600","-3.4604e-06","8e-04","A"
"4","Trait5","mrMLM","PstI.TP742913","10","60764603","-0.0341","0.4004","A"
"4","Trait5","mrMLM","NsiI.TP742480","10","60782657","-1.6432e-05","0.0036","A"
"4","Trait5","mrMLM","PstI.TP577412","10","60793591","4.7529e-06","0.001","A"
"4","Trait5","mrMLM","PstI.TP1185018","10","60798067","3.5755e-05","0.0079","C"
"4","Trait5","mrMLM","PstI.TP256734","10","60799113","0.1643","1.0972","A"
"4","Trait5","mrMLM","PstI.TP256738","10","60799162","4.0664e-06","9e-04","C"
"4","Trait5","mrMLM","PstI.TP841513","10","60831378","-9.4097e-08","2.0479e-05","A"
"4","Trait5","mrMLM","PstI.TP127981","10","60834836","-0.2395","2.3121","A"
"4","Trait5","mrMLM","PstI.TP913689","10","60835984","1.1806e-05","0.0026","C"
"4","Trait5","mrMLM","NsiI.TP665061","10","60841511","1.7339e-05","0.0038","C"
"4","Trait5","mrMLM","PstI.TP942676","10","60847194","-1.7229e-05","0.0038","C"
"4","Trait5","mrMLM","PstI.TP1054932","10","60872117","-5.4613e-06","0.0012","A"
"4","Trait5","mrMLM","PstI.TP978427","10","60874497","-1.3886e-05","0.003","A"
"4","Trait5","mrMLM","NsiI.TP417585","10","60886468","0.0171","0.2002","G"
"4","Trait5","mrMLM","PstI.TP85647","10","60886778","4.0627e-06","9e-04","A"
"4","Trait5","mrMLM","PstI.TP85651","10","60886806","7.9138e-06","0.0017","C"
"4","Trait5","mrMLM","PstI.TP1114246","10","60920794","5.4853e-06","0.0012","A"
"4","Trait5","mrMLM","PstI.TP833426","10","60924843","0.0628","0.7283","A"
"4","Trait5","mrMLM","NsiI.TP441858","10","60928769","1.9635e-05","0.0043","C"
"4","Trait5","mrMLM","PstI.TP1224944","10","60962010","-1.2388e-05","0.0027","C"
"4","Trait5","mrMLM","PstI.TP226277","10","60979471","-0.3777","3.7117","A"
"4","Trait5","mrMLM","PstI.TP752700","10","60982018","1.53e-05","0.0033","A"
"4","Trait5","mrMLM","NsiI.TP701854","10","60982272","-6.7483e-06","0.0015","C"
"4","Trait5","mrMLM","PstI.TP16436","10","60984161","0.2448","2.2097","C"
"4","Trait5","mrMLM","PstI.TP457783","10","61002711","-1.7929e-06","4e-04","C"
"4","Trait5","mrMLM","PstI.TP878228","10","61021453","-0.1266","0.8919","A"
"4","Trait5","mrMLM","NsiI.TP760848","10","61039702","1.4906e-05","0.0033","A"
"4","Trait5","mrMLM","NsiI.TP760847","10","61039739","-4.8107e-06","0.001","A"
"4","Trait5","mrMLM","NsiI.TP445219","10","61039770","-2.8039e-05","0.0061","C"
"4","Trait5","mrMLM","PstI.TP496496","10","61042378","0.1721","1.3403","C"
"4","Trait5","mrMLM","NsiI.TP741167","10","61042428","0.0864","0.6004","C"
"4","Trait5","mrMLM","NsiI.TP652838","10","61064369","-1.3166e-07","2.8652e-05","C"
"4","Trait5","mrMLM","PstI.TP215024","10","61071521","-1.7248e-05","0.0038","A"
"4","Trait5","mrMLM","PstI.TP1229725","10","61072728","9.7722e-06","0.0021","C"
"4","Trait5","mrMLM","PstI.TP25388","10","61086106","-1.3325e-05","0.0029","C"
"4","Trait5","mrMLM","PstI.TP574201","10","61087268","8.2025e-06","0.0018","A"
"4","Trait5","mrMLM","PstI.TP386615","10","61090966","8.265e-06","0.0018","A"
"4","Trait5","mrMLM","PstI.TP237680","10","61114356","1.0871e-05","0.0024","G"
"4","Trait5","mrMLM","PstI.TP1181279","10","61156077","-0.0034","0.0794","A"
"4","Trait5","mrMLM","NsiI.TP765657","10","61168589","0.5065","1.6025","A"
"4","Trait5","mrMLM","PstI.TP1087908","10","61172374","-6.4629e-06","0.0014","A"
"4","Trait5","mrMLM","PstI.TP1280478","10","61172993","-3.133e-05","0.0069","C"
"4","Trait5","mrMLM","PstI.TP1280479","10","61173000","1.2868e-05","0.0028","A"
"4","Trait5","mrMLM","NsiI.TP515482","10","61193105","0.0138","0.1556","C"
"4","Trait5","mrMLM","PstI.TP736477","10","61193367","-0.1004","1.2186","C"
"4","Trait5","mrMLM","PstI.TP1192541","10","61210996","-3.3861e-06","7e-04","C"
"4","Trait5","mrMLM","PstI.TP506923","10","61222603","9.6974e-06","0.0021","C"
"4","Trait5","mrMLM","PstI.TP1024760","10","61222672","-0.1534","1.0475","A"
"4","Trait5","mrMLM","PstI.TP846605","10","61222842","-1.9588e-05","0.0043","C"
"4","Trait5","mrMLM","NsiI.TP277339","10","61223170","-0.0118","0.2328","G"
"4","Trait5","mrMLM","PstI.TP111","11","1","2.3857e-05","0.0052","A"
"4","Trait5","mrMLM","PstI.TP210","11","2","1.7999e-05","0.0039","A"
"4","Trait5","mrMLM","PstI.TP272","11","3","2.5758e-05","0.0056","A"
"4","Trait5","mrMLM","PstI.TP309","11","4","-2.3422e-06","5e-04","G"
"4","Trait5","mrMLM","PstI.TP539","11","5","-2.3669e-06","5e-04","A"
"4","Trait5","mrMLM","PstI.TP666","11","7","-1.6295e-05","0.0036","A"
"4","Trait5","mrMLM","PstI.TP784","11","8","-0.0303","0.1937","A"
"4","Trait5","mrMLM","PstI.TP829","11","9","-1.7548e-05","0.0038","C"
"4","Trait5","mrMLM","PstI.TP1061","11","10","-1.8485e-05","0.004","A"
"4","Trait5","mrMLM","PstI.TP1221","11","11","-0.0292","0.3171","A"
"4","Trait5","mrMLM","PstI.TP1588","11","12","-0.0323","0.3166","C"
"4","Trait5","mrMLM","PstI.TP2175","11","13","-2.4451e-05","0.0054","A"
"4","Trait5","mrMLM","PstI.TP2196","11","14","1.0578e-05","0.0023","A"
"4","Trait5","mrMLM","PstI.TP2338","11","15","-1.4997e-06","3e-04","A"
"4","Trait5","mrMLM","PstI.TP2513","11","16","-6.2441e-06","0.0014","C"
"4","Trait5","mrMLM","PstI.TP3955","11","17","4.6636e-06","0.001","A"
"4","Trait5","mrMLM","PstI.TP4061","11","18","0.2157","1.3427","A"
"4","Trait5","mrMLM","PstI.TP4553","11","20","-1.0205e-05","0.0022","A"
"4","Trait5","mrMLM","PstI.TP4570","11","21","-0.0219","0.2672","C"
"4","Trait5","mrMLM","PstI.TP4742","11","22","-0.2354","1.2158","C"
"4","Trait5","mrMLM","PstI.TP4743","11","23","5.0132e-06","0.0011","A"
"4","Trait5","mrMLM","PstI.TP5164","11","27","0.0214","0.1585","C"
"4","Trait5","mrMLM","PstI.TP5181","11","28","1.7738e-05","0.0039","A"
"4","Trait5","mrMLM","PstI.TP5327","11","29","1.318e-05","0.0029","A"
"4","Trait5","mrMLM","PstI.TP5441","11","30","1.0682e-05","0.0023","A"
"4","Trait5","mrMLM","PstI.TP5539","11","31","-1.1878e-05","0.0026","A"
"4","Trait5","mrMLM","PstI.TP5619","11","32","-0.1746","1.1712","C"
"4","Trait5","mrMLM","PstI.TP5650","11","33","1.0843e-05","0.0024","A"
"4","Trait5","mrMLM","PstI.TP5684","11","34","-5.5654e-06","0.0012","G"
"4","Trait5","mrMLM","PstI.TP5857","11","35","6.2262e-06","0.0014","A"
"4","Trait5","mrMLM","PstI.TP6027","11","36","-1.8647e-05","0.0041","A"
"4","Trait5","mrMLM","PstI.TP6058","11","37","0.3108","2.3211","G"
"4","Trait5","mrMLM","PstI.TP6191","11","39","-0.1598","0.9211","A"
"4","Trait5","mrMLM","PstI.TP6271","11","40","-0.1344","1.066","A"
"4","Trait5","mrMLM","PstI.TP6727","11","44","-0.1927","1.3353","A"
"4","Trait5","mrMLM","PstI.TP7100","11","45","0.0494","0.3065","A"
"4","Trait5","mrMLM","PstI.TP7115","11","46","0.0958","0.7205","A"
"4","Trait5","mrMLM","PstI.TP7148","11","48","-4.0168e-05","0.0088","A"
"4","Trait5","mrMLM","PstI.TP7355","11","51","0.0277","0.2804","A"
"4","Trait5","mrMLM","PstI.TP7401","11","52","0.3039","1.4197","C"
"4","Trait5","mrMLM","PstI.TP7528","11","53","2.2706e-05","0.005","C"
"4","Trait5","mrMLM","PstI.TP7533","11","54","3.4173e-05","0.0075","C"
"4","Trait5","mrMLM","PstI.TP8220","11","57","0.0572","0.3539","C"
"4","Trait5","mrMLM","PstI.TP8566","11","58","-2.678e-05","0.0059","A"
"4","Trait5","mrMLM","PstI.TP8667","11","59","0.0713","0.9224","A"
"4","Trait5","mrMLM","PstI.TP9082","11","61","-1.8291e-05","0.004","A"
"4","Trait5","mrMLM","PstI.TP9218","11","63","-1.8107e-05","0.004","A"
"4","Trait5","mrMLM","PstI.TP9255","11","64","-1.2488e-05","0.0027","G"
"4","Trait5","mrMLM","PstI.TP9257","11","65","0.1125","0.6525","A"
"4","Trait5","mrMLM","PstI.TP9355","11","66","3.9745e-06","9e-04","A"
"4","Trait5","mrMLM","PstI.TP9509","11","67","-0.0573","0.3714","A"
"4","Trait5","mrMLM","PstI.TP9549","11","68","0.0041","0.091","A"
"4","Trait5","mrMLM","PstI.TP9697","11","69","0.0461","0.5362","G"
"4","Trait5","mrMLM","PstI.TP9732","11","70","1.2694e-05","0.0028","A"
"4","Trait5","mrMLM","PstI.TP9753","11","71","-1.3118e-05","0.0029","A"
"4","Trait5","mrMLM","PstI.TP9799","11","72","1.2356e-05","0.0027","A"
"4","Trait5","mrMLM","PstI.TP9838","11","73","-0.0136","0.1478","A"
"4","Trait5","mrMLM","PstI.TP10045","11","74","2.3251e-05","0.0051","C"
"4","Trait5","mrMLM","PstI.TP10109","11","75","-0.0435","0.5486","A"
"4","Trait5","mrMLM","PstI.TP10237","11","76","1.1268e-06","2e-04","C"
"4","Trait5","mrMLM","PstI.TP10244","11","77","2.2467e-05","0.0049","A"
"4","Trait5","mrMLM","PstI.TP10552","11","79","-0.1333","1.6476","A"
"4","Trait5","mrMLM","PstI.TP10553","11","80","-1.3281e-05","0.0029","C"
"4","Trait5","mrMLM","PstI.TP10616","11","82","-0.0255","0.3123","A"
"4","Trait5","mrMLM","PstI.TP10692","11","83","0.0922","0.5973","C"
"4","Trait5","mrMLM","PstI.TP10820","11","84","-0.0019","0.0666","A"
"4","Trait5","mrMLM","PstI.TP10834","11","85","0.0816","0.6722","A"
"4","Trait5","mrMLM","PstI.TP10936","11","87","-9.6222e-06","0.0021","A"
"4","Trait5","mrMLM","PstI.TP11042","11","88","2.4068e-05","0.0053","A"
"4","Trait5","mrMLM","PstI.TP11070","11","89","-9.8095e-06","0.0021","A"
"4","Trait5","mrMLM","PstI.TP11248","11","90","8.8393e-06","0.0019","C"
"4","Trait5","mrMLM","PstI.TP11786","11","91","-2.5869e-05","0.0057","A"
"4","Trait5","mrMLM","PstI.TP11812","11","92","-3.5697e-05","0.0078","A"
"4","Trait5","mrMLM","PstI.TP11880","11","93","-2.1306e-05","0.0047","C"
"4","Trait5","mrMLM","PstI.TP12300","11","95","0.1088","0.699","A"
"4","Trait5","mrMLM","PstI.TP12347","11","97","6.5331e-06","0.0014","A"
"4","Trait5","mrMLM","PstI.TP12508","11","100","-7.5194e-06","0.0016","A"
"4","Trait5","mrMLM","PstI.TP12521","11","101","3.4283e-05","0.0075","C"
"4","Trait5","mrMLM","PstI.TP12670","11","102","3.6525e-06","8e-04","C"
"4","Trait5","mrMLM","PstI.TP12718","11","103","-2.5082e-06","5e-04","A"
"4","Trait5","mrMLM","PstI.TP12767","11","104","1.0703e-05","0.0023","C"
"4","Trait5","mrMLM","PstI.TP12783","11","105","-1.1616e-05","0.0025","A"
"4","Trait5","mrMLM","PstI.TP13205","11","107","0.0827","0.5424","C"
"4","Trait5","mrMLM","PstI.TP13311","11","108","-6.6223e-06","0.0014","A"
"4","Trait5","mrMLM","PstI.TP13330","11","109","-1.7296e-05","0.0038","C"
"4","Trait5","mrMLM","PstI.TP13397","11","111","6.6977e-06","0.0015","A"
"4","Trait5","mrMLM","PstI.TP13436","11","112","-0.0459","0.4369","A"
"4","Trait5","mrMLM","PstI.TP13618","11","114","-0.1581","1.0933","A"
"4","Trait5","mrMLM","PstI.TP13656","11","115","0.0556","0.3651","A"
"4","Trait5","mrMLM","PstI.TP14048","11","117","3.7447e-05","0.0082","C"
"4","Trait5","mrMLM","PstI.TP14094","11","118","2.7709e-06","6e-04","A"
"4","Trait5","mrMLM","PstI.TP14296","11","119","-3.3255e-07","7.2379e-05","A"
"4","Trait5","mrMLM","PstI.TP14413","11","120","7.0775e-06","0.0015","C"
"4","Trait5","mrMLM","PstI.TP14788","11","121","-1.9347e-05","0.0042","C"
"4","Trait5","mrMLM","PstI.TP14886","11","122","4.8717e-06","0.0011","A"
"4","Trait5","mrMLM","PstI.TP15613","11","123","3.8981e-05","0.0086","A"
"4","Trait5","mrMLM","PstI.TP15637","11","124","-6.5774e-06","0.0014","C"
"4","Trait5","mrMLM","PstI.TP15646","11","125","-1.2337e-05","0.0027","C"
"4","Trait5","mrMLM","PstI.TP15787","11","126","-0.0606","0.3174","A"
"4","Trait5","mrMLM","PstI.TP15873","11","127","1.4615e-05","0.0032","A"
"4","Trait5","mrMLM","PstI.TP15960","11","128","6.2822e-06","0.0014","C"
"4","Trait5","mrMLM","PstI.TP16079","11","129","-4.8629e-06","0.0011","C"
"4","Trait5","mrMLM","PstI.TP16284","11","131","9.574e-08","2.0843e-05","C"
"4","Trait5","mrMLM","PstI.TP16372","11","132","6.587e-06","0.0014","C"
"4","Trait5","mrMLM","PstI.TP17045","11","135","1.6988e-05","0.0037","C"
"4","Trait5","mrMLM","PstI.TP17575","11","139","-1.4892e-05","0.0033","A"
"4","Trait5","mrMLM","PstI.TP17606","11","140","-1.325e-05","0.0029","A"
"4","Trait5","mrMLM","PstI.TP17717","11","141","-4.3058e-06","9e-04","C"
"4","Trait5","mrMLM","PstI.TP17972","11","142","-3.4178e-07","7.4398e-05","C"
"4","Trait5","mrMLM","PstI.TP18291","11","143","0.0517","0.6387","C"
"4","Trait5","mrMLM","PstI.TP18454","11","144","-1.7136e-05","0.0037","A"
"4","Trait5","mrMLM","PstI.TP18541","11","146","2.5156e-05","0.0055","C"
"4","Trait5","mrMLM","PstI.TP18563","11","147","8.4569e-06","0.0018","C"
"4","Trait5","mrMLM","PstI.TP18565","11","148","2.5156e-05","0.0055","A"
"4","Trait5","mrMLM","PstI.TP18569","11","149","2.0512e-05","0.0045","A"
"4","Trait5","mrMLM","PstI.TP18605","11","150","-5.8543e-06","0.0013","A"
"4","Trait5","mrMLM","PstI.TP19123","11","154","0.0159","0.2311","A"
"4","Trait5","mrMLM","PstI.TP19142","11","155","-2.5173e-05","0.0055","G"
"4","Trait5","mrMLM","PstI.TP19319","11","156","-1.0593e-05","0.0023","A"
"4","Trait5","mrMLM","PstI.TP19553","11","157","1.738e-05","0.0038","A"
"4","Trait5","mrMLM","PstI.TP19921","11","159","8.3643e-06","0.0018","A"
"4","Trait5","mrMLM","PstI.TP20208","11","161","1.7825e-05","0.0039","C"
"4","Trait5","mrMLM","PstI.TP20357","11","163","0.0621","0.7987","C"
"4","Trait5","mrMLM","PstI.TP20884","11","164","-0.1121","0.7942","A"
"4","Trait5","mrMLM","PstI.TP20955","11","166","0.0354","0.399","A"
"4","Trait5","mrMLM","PstI.TP21082","11","167","0.0734","0.718","A"
"4","Trait5","mrMLM","PstI.TP21121","11","168","3.351e-05","0.0074","C"
"4","Trait5","mrMLM","PstI.TP21349","11","169","-1.0131e-05","0.0022","C"
"4","Trait5","mrMLM","PstI.TP21379","11","170","-4.1547e-05","0.0091","A"
"4","Trait5","mrMLM","PstI.TP21423","11","171","-1.7748e-06","4e-04","A"
"4","Trait5","mrMLM","PstI.TP21438","11","172","-0.0786","0.9426","A"
"4","Trait5","mrMLM","PstI.TP21461","11","173","0.0718","0.716","C"
"4","Trait5","mrMLM","PstI.TP21462","11","174","3.9528e-05","0.0087","C"
"4","Trait5","mrMLM","PstI.TP21734","11","175","8.7394e-06","0.0019","A"
"4","Trait5","mrMLM","PstI.TP22085","11","177","-1.2985e-05","0.0028","C"
"4","Trait5","mrMLM","PstI.TP22169","11","180","-7.8785e-06","0.0017","A"
"4","Trait5","mrMLM","PstI.TP22403","11","181","-8.6978e-06","0.0019","C"
"4","Trait5","mrMLM","PstI.TP22528","11","182","-1.3798e-05","0.003","A"
"4","Trait5","mrMLM","PstI.TP22620","11","184","-1.4301e-06","3e-04","A"
"4","Trait5","mrMLM","PstI.TP22949","11","185","0.2135","3.154","A"
"4","Trait5","mrMLM","PstI.TP23524","11","187","-0.0072","0.1511","A"
"4","Trait5","mrMLM","PstI.TP23658","11","188","-1.4913e-05","0.0033","C"
"4","Trait5","mrMLM","PstI.TP24758","11","189","4.8713e-06","0.0011","A"
"4","Trait5","mrMLM","PstI.TP24775","11","190","0.0074","0.1096","C"
"4","Trait5","mrMLM","PstI.TP24783","11","191","-4.5907e-06","0.001","A"
"4","Trait5","mrMLM","PstI.TP25058","11","192","-0.0205","0.2274","A"
"4","Trait5","mrMLM","PstI.TP25085","11","193","-2.3813e-05","0.0052","A"
"4","Trait5","mrMLM","PstI.TP25268","11","194","9.16e-06","0.002","G"
"4","Trait5","mrMLM","PstI.TP25408","11","196","-5.0178e-06","0.0011","C"
"4","Trait5","mrMLM","PstI.TP25471","11","197","-0.0259","0.3367","C"
"4","Trait5","mrMLM","PstI.TP25647","11","198","1.3249e-05","0.0029","C"
"4","Trait5","mrMLM","PstI.TP25651","11","199","0.3927","1.7917","C"
"4","Trait5","mrMLM","PstI.TP25993","11","202","-1.6589e-05","0.0036","A"
"4","Trait5","mrMLM","PstI.TP26012","11","203","2.0267e-05","0.0044","A"
"4","Trait5","mrMLM","PstI.TP26112","11","204","-0.0659","0.7924","C"
"4","Trait5","mrMLM","PstI.TP26586","11","205","-0.0077","0.1445","C"
"4","Trait5","mrMLM","PstI.TP26727","11","206","-5.7826e-06","0.0013","C"
"4","Trait5","mrMLM","PstI.TP26837","11","207","-3.0518e-05","0.0067","C"
"4","Trait5","mrMLM","PstI.TP27140","11","208","-0.154","1.1821","C"
"4","Trait5","mrMLM","PstI.TP27310","11","209","6.0977e-06","0.0013","C"
"4","Trait5","mrMLM","PstI.TP27334","11","210","7.7234e-06","0.0017","A"
"4","Trait5","mrMLM","PstI.TP27379","11","211","-0.0815","1.1425","G"
"4","Trait5","mrMLM","PstI.TP27888","11","213","-7.3909e-07","2e-04","C"
"4","Trait5","mrMLM","PstI.TP27950","11","214","-0.078","0.7204","A"
"4","Trait5","mrMLM","PstI.TP27966","11","215","0.0827","0.9899","A"
"4","Trait5","mrMLM","PstI.TP28147","11","216","6.7409e-07","1e-04","C"
"4","Trait5","mrMLM","PstI.TP28325","11","217","3.0522e-06","7e-04","A"
"4","Trait5","mrMLM","PstI.TP28921","11","220","-0.0301","0.297","C"
"4","Trait5","mrMLM","PstI.TP28935","11","221","-3.7295e-06","8e-04","A"
"4","Trait5","mrMLM","PstI.TP28989","11","222","1.6974e-05","0.0037","C"
"4","Trait5","mrMLM","PstI.TP29226","11","224","-0.133","1.1184","A"
"4","Trait5","mrMLM","PstI.TP29253","11","225","-9.1026e-07","2e-04","C"
"4","Trait5","mrMLM","PstI.TP29269","11","226","0.0524","0.5181","A"
"4","Trait5","mrMLM","PstI.TP29396","11","227","8.1753e-06","0.0018","G"
"4","Trait5","mrMLM","PstI.TP29402","11","228","-1.1887e-05","0.0026","C"
"4","Trait5","mrMLM","PstI.TP29599","11","229","-2.3371e-05","0.0051","A"
"4","Trait5","mrMLM","PstI.TP29818","11","230","1.1514e-05","0.0025","C"
"4","Trait5","mrMLM","PstI.TP29837","11","231","-5.5727e-06","0.0012","C"
"4","Trait5","mrMLM","PstI.TP30419","11","232","0.022","0.2503","A"
"4","Trait5","mrMLM","PstI.TP30427","11","233","0.1627","0.9948","A"
"4","Trait5","mrMLM","PstI.TP30564","11","234","6.4101e-06","0.0014","C"
"4","Trait5","mrMLM","PstI.TP30682","11","236","-0.0947","0.6449","C"
"4","Trait5","mrMLM","PstI.TP30726","11","237","0.1713","0.6974","C"
"4","Trait5","mrMLM","PstI.TP30835","11","238","-0.0492","0.2855","A"
"4","Trait5","mrMLM","PstI.TP30853","11","239","0.096","0.4948","C"
"4","Trait5","mrMLM","PstI.TP31022","11","240","-1.4692e-05","0.0032","C"
"4","Trait5","mrMLM","PstI.TP31023","11","241","-1.9931e-05","0.0044","C"
"4","Trait5","mrMLM","PstI.TP31141","11","242","-0.0885","1.3699","A"
"4","Trait5","mrMLM","PstI.TP31208","11","245","0.0834","0.2963","A"
"4","Trait5","mrMLM","PstI.TP31333","11","246","2.5067e-05","0.0055","A"
"4","Trait5","mrMLM","PstI.TP31615","11","248","0.0343","0.3842","A"
"4","Trait5","mrMLM","PstI.TP31637","11","249","1.5704e-05","0.0034","C"
"4","Trait5","mrMLM","PstI.TP31685","11","250","6.8921e-06","0.0015","C"
"4","Trait5","mrMLM","PstI.TP31817","11","252","-0.0013","0.052","C"
"4","Trait5","mrMLM","PstI.TP31819","11","253","2.8034e-06","6e-04","A"
"4","Trait5","mrMLM","PstI.TP31823","11","254","-0.0404","0.3121","A"
"4","Trait5","mrMLM","PstI.TP31825","11","255","-7.1993e-06","0.0016","C"
"4","Trait5","mrMLM","PstI.TP31859","11","256","-2.4557e-05","0.0054","A"
"4","Trait5","mrMLM","PstI.TP31891","11","258","-5.7838e-06","0.0013","A"
"4","Trait5","mrMLM","PstI.TP31983","11","259","-0.0075","0.139","C"
"4","Trait5","mrMLM","PstI.TP32026","11","260","0.0716","0.5789","A"
"4","Trait5","mrMLM","PstI.TP32146","11","261","-9.9149e-06","0.0022","A"
"4","Trait5","mrMLM","PstI.TP32321","11","262","-0.2172","0.9977","C"
"4","Trait5","mrMLM","PstI.TP32343","11","263","-0.0253","0.1504","C"
"4","Trait5","mrMLM","PstI.TP32347","11","264","-1.8662e-05","0.0041","A"
"4","Trait5","mrMLM","PstI.TP32390","11","265","-9.8353e-06","0.0021","A"
"4","Trait5","mrMLM","PstI.TP32559","11","269","4.06e-05","0.0089","G"
"4","Trait5","mrMLM","PstI.TP33156","11","271","-6.9268e-06","0.0015","A"
"4","Trait5","mrMLM","PstI.TP33340","11","272","0.1646","1.1832","G"
"4","Trait5","mrMLM","PstI.TP33885","11","274","-0.1132","1.1147","A"
"4","Trait5","mrMLM","PstI.TP33944","11","276","0.1278","1.1952","C"
"4","Trait5","mrMLM","PstI.TP34246","11","277","7.8379e-06","0.0017","A"
"4","Trait5","mrMLM","PstI.TP34324","11","278","-0.0043","0.0733","C"
"4","Trait5","mrMLM","PstI.TP34509","11","279","0.4305","1.5959","A"
"4","Trait5","mrMLM","PstI.TP34662","11","281","-2.9042e-06","6e-04","C"
"4","Trait5","mrMLM","PstI.TP34873","11","284","-0.2133","1.5032","A"
"4","Trait5","mrMLM","PstI.TP34986","11","286","2.268e-05","0.005","C"
"4","Trait5","mrMLM","PstI.TP35024","11","287","-1.2795e-05","0.0028","A"
"4","Trait5","mrMLM","PstI.TP35050","11","288","-8.7355e-06","0.0019","A"
"4","Trait5","mrMLM","PstI.TP35103","11","289","-2.5017e-05","0.0055","A"
"4","Trait5","mrMLM","PstI.TP35152","11","290","-1.1968e-05","0.0026","G"
"4","Trait5","mrMLM","PstI.TP35356","11","291","-2.2889e-06","5e-04","C"
"4","Trait5","mrMLM","PstI.TP35420","11","292","0.2739","0.8364","C"
"4","Trait5","mrMLM","PstI.TP35504","11","294","1.7353e-05","0.0038","A"
"4","Trait5","mrMLM","PstI.TP35555","11","295","1.2193e-05","0.0027","A"
"4","Trait5","mrMLM","PstI.TP35952","11","297","-7.7128e-06","0.0017","A"
"4","Trait5","mrMLM","PstI.TP36125","11","299","0.1005","0.5017","C"
"4","Trait5","mrMLM","PstI.TP36138","11","300","0.1294","1.138","A"
"4","Trait5","mrMLM","PstI.TP36509","11","303","-7.886e-07","2e-04","G"
"4","Trait5","mrMLM","PstI.TP37052","11","304","-0.0842","0.4895","A"
"4","Trait5","mrMLM","PstI.TP37228","11","305","0.0916","0.9055","C"
"4","Trait5","mrMLM","PstI.TP37787","11","308","0.0852","0.9313","A"
"4","Trait5","mrMLM","PstI.TP37827","11","309","-2.084e-05","0.0046","A"
"4","Trait5","mrMLM","PstI.TP37942","11","310","-3.6837e-05","0.0081","A"
"4","Trait5","mrMLM","PstI.TP38016","11","311","-0.0277","0.2826","A"
"4","Trait5","mrMLM","PstI.TP38223","11","313","1.0363e-05","0.0023","C"
"4","Trait5","mrMLM","PstI.TP38518","11","314","-0.0996","1.1532","C"
"4","Trait5","mrMLM","PstI.TP38637","11","315","2.2959e-05","0.005","C"
"4","Trait5","mrMLM","PstI.TP38676","11","316","1.3114e-05","0.0029","C"
"4","Trait5","mrMLM","PstI.TP38773","11","317","5.0017e-07","1e-04","C"
"4","Trait5","mrMLM","PstI.TP38986","11","318","0.1444","0.7175","G"
"4","Trait5","mrMLM","PstI.TP39150","11","319","2.7264e-05","0.006","A"
"4","Trait5","mrMLM","PstI.TP39378","11","320","-1.5356e-05","0.0034","A"
"4","Trait5","mrMLM","PstI.TP39647","11","322","6.632e-06","0.0014","A"
"4","Trait5","mrMLM","PstI.TP39660","11","323","4.1659e-05","0.0092","C"
"4","Trait5","mrMLM","PstI.TP39687","11","324","-1.4749e-05","0.0032","A"
"4","Trait5","mrMLM","PstI.TP39688","11","325","0.18","0.9798","A"
"4","Trait5","mrMLM","PstI.TP39730","11","326","0.0814","0.8308","C"
"4","Trait5","mrMLM","PstI.TP39747","11","327","0.0394","0.3521","A"
"4","Trait5","mrMLM","PstI.TP39987","11","329","-0.0385","0.4552","A"
"4","Trait5","mrMLM","PstI.TP40026","11","331","0.1586","1.2707","C"
"4","Trait5","mrMLM","PstI.TP40045","11","332","-5.3993e-06","0.0012","G"
"4","Trait5","mrMLM","PstI.TP40244","11","333","2.2928e-05","0.005","A"
"4","Trait5","mrMLM","PstI.TP40292","11","334","-1.8794e-05","0.0041","A"
"4","Trait5","mrMLM","PstI.TP40306","11","335","0.0328","0.3762","C"
"4","Trait5","mrMLM","PstI.TP40328","11","336","-1.4176e-05","0.0031","A"
"4","Trait5","mrMLM","PstI.TP40393","11","337","-1.5221e-06","3e-04","C"
"4","Trait5","mrMLM","PstI.TP40429","11","338","1.9286e-05","0.0042","C"
"4","Trait5","mrMLM","PstI.TP40627","11","339","-2.9183e-06","6e-04","A"
"4","Trait5","mrMLM","PstI.TP40631","11","340","1.5846e-05","0.0035","A"
"4","Trait5","mrMLM","PstI.TP40658","11","341","2.8237e-07","6.1453e-05","G"
"4","Trait5","mrMLM","PstI.TP40792","11","342","1.8665e-06","4e-04","A"
"4","Trait5","mrMLM","PstI.TP40916","11","343","0.0179","0.1253","G"
"4","Trait5","mrMLM","PstI.TP40922","11","344","1.3919e-06","3e-04","C"
"4","Trait5","mrMLM","PstI.TP40961","11","345","-2.0664e-05","0.0045","A"
"4","Trait5","mrMLM","PstI.TP41180","11","346","2.0458e-05","0.0045","A"
"4","Trait5","mrMLM","PstI.TP41285","11","347","-7.197e-06","0.0016","A"
"4","Trait5","mrMLM","PstI.TP41409","11","351","-1.4234e-05","0.0031","A"
"4","Trait5","mrMLM","PstI.TP42106","11","352","1.1602e-05","0.0025","A"
"4","Trait5","mrMLM","PstI.TP42146","11","353","3.0072e-05","0.0066","A"
"4","Trait5","mrMLM","PstI.TP42350","11","354","0.0531","0.622","C"
"4","Trait5","mrMLM","PstI.TP42492","11","355","-8.5598e-07","2e-04","A"
"4","Trait5","mrMLM","PstI.TP42722","11","357","-0.0789","0.425","C"
"4","Trait5","mrMLM","PstI.TP42776","11","358","-2.1932e-06","5e-04","A"
"4","Trait5","mrMLM","PstI.TP43003","11","359","-1.8072e-05","0.004","A"
"4","Trait5","mrMLM","PstI.TP43258","11","361","-0.0439","0.36","C"
"4","Trait5","mrMLM","PstI.TP43277","11","362","0.0184","0.2414","C"
"4","Trait5","mrMLM","PstI.TP43328","11","363","-0.1389","1.1309","A"
"4","Trait5","mrMLM","PstI.TP43758","11","364","3.6845e-06","8e-04","C"
"4","Trait5","mrMLM","PstI.TP43876","11","365","1.3687e-05","0.003","A"
"4","Trait5","mrMLM","PstI.TP43916","11","366","7.3789e-06","0.0016","A"
"4","Trait5","mrMLM","PstI.TP43957","11","367","0.1101","1.6149","A"
"4","Trait5","mrMLM","PstI.TP44013","11","368","-0.0294","0.3243","C"
"4","Trait5","mrMLM","PstI.TP44035","11","369","-0.0781","0.7535","C"
"4","Trait5","mrMLM","PstI.TP44111","11","370","-9.3566e-06","0.002","A"
"4","Trait5","mrMLM","PstI.TP44229","11","371","-0.0161","0.2483","A"
"4","Trait5","mrMLM","PstI.TP44270","11","372","0.0174","0.2744","A"
"4","Trait5","mrMLM","PstI.TP44345","11","373","0.2481","1.7746","A"
"4","Trait5","mrMLM","PstI.TP44418","11","374","-2.2845e-05","0.005","A"
"4","Trait5","mrMLM","PstI.TP44423","11","375","1.8654e-05","0.0041","C"
"4","Trait5","mrMLM","PstI.TP44448","11","377","-2.7909e-06","6e-04","A"
"4","Trait5","mrMLM","PstI.TP44531","11","378","5.2664e-06","0.0011","C"
"4","Trait5","mrMLM","PstI.TP44533","11","379","-2.3325e-05","0.0051","A"
"4","Trait5","mrMLM","PstI.TP44763","11","380","3.9546e-05","0.0087","A"
"4","Trait5","mrMLM","PstI.TP44802","11","381","-2.6993e-05","0.0059","C"
"4","Trait5","mrMLM","PstI.TP44840","11","382","-1.3951e-05","0.003","C"
"4","Trait5","mrMLM","PstI.TP44900","11","383","0.2021","1.3343","A"
"4","Trait5","mrMLM","PstI.TP44998","11","384","1.2306e-06","3e-04","A"
"4","Trait5","mrMLM","PstI.TP45154","11","386","2.578e-06","6e-04","C"
"4","Trait5","mrMLM","PstI.TP45584","11","388","-0.0536","0.2359","A"
"4","Trait5","mrMLM","PstI.TP45703","11","389","-4.3542e-05","0.0096","A"
"4","Trait5","mrMLM","PstI.TP45791","11","391","0.0337","0.2147","A"
"4","Trait5","mrMLM","PstI.TP46032","11","392","-0.1568","1.1045","A"
"4","Trait5","mrMLM","PstI.TP46107","11","393","-0.1354","0.5974","A"
"4","Trait5","mrMLM","PstI.TP46166","11","394","1.9173e-05","0.0042","A"
"4","Trait5","mrMLM","PstI.TP46177","11","395","2.0994e-05","0.0046","A"
"4","Trait5","mrMLM","PstI.TP46411","11","396","-0.0585","0.4831","A"
"4","Trait5","mrMLM","PstI.TP46444","11","397","8.2492e-06","0.0018","C"
"4","Trait5","mrMLM","PstI.TP46457","11","398","-2.4994e-05","0.0055","G"
"4","Trait5","mrMLM","PstI.TP47013","11","400","1.5548e-05","0.0034","C"
"4","Trait5","mrMLM","PstI.TP47302","11","401","-1.347e-05","0.0029","C"
"4","Trait5","mrMLM","PstI.TP47357","11","402","-9.0608e-06","0.002","A"
"4","Trait5","mrMLM","PstI.TP47389","11","403","-1.355e-05","0.003","A"
"4","Trait5","mrMLM","PstI.TP47535","11","404","0.126","0.5949","C"
"4","Trait5","mrMLM","PstI.TP47669","11","405","-0.1538","0.8621","C"
"4","Trait5","mrMLM","PstI.TP47743","11","406","-0.066","0.7654","G"
"4","Trait5","mrMLM","PstI.TP47808","11","407","2.4017e-05","0.0053","A"
"4","Trait5","mrMLM","PstI.TP47847","11","408","2.308e-05","0.0051","A"
"4","Trait5","mrMLM","PstI.TP48113","11","409","0.0213","0.2448","C"
"4","Trait5","mrMLM","PstI.TP48643","11","411","0.0912","0.7313","A"
"4","Trait5","mrMLM","PstI.TP48991","11","412","1.0723e-05","0.0023","C"
"4","Trait5","mrMLM","PstI.TP49184","11","415","-1.9093e-06","4e-04","A"
"4","Trait5","mrMLM","PstI.TP49186","11","416","2.0689e-05","0.0045","C"
"4","Trait5","mrMLM","PstI.TP49713","11","419","3.9144e-07","8.5192e-05","A"
"4","Trait5","mrMLM","PstI.TP49822","11","420","-0.1998","1.0026","A"
"4","Trait5","mrMLM","PstI.TP49894","11","421","-0.0295","0.2236","A"
"4","Trait5","mrMLM","PstI.TP49907","11","422","2.2796e-05","0.005","C"
"4","Trait5","mrMLM","PstI.TP49984","11","423","0.0296","0.3798","A"
"4","Trait5","mrMLM","PstI.TP50012","11","424","-1.3118e-05","0.0029","A"
"4","Trait5","mrMLM","PstI.TP50033","11","425","-2.4378e-05","0.0053","A"
"4","Trait5","mrMLM","PstI.TP50363","11","426","0.013","0.2338","A"
"4","Trait5","mrMLM","PstI.TP50381","11","427","0.0072","0.0854","C"
"4","Trait5","mrMLM","PstI.TP50401","11","428","-1.1895e-05","0.0026","A"
"4","Trait5","mrMLM","PstI.TP51079","11","429","-0.1432","1.3788","A"
"4","Trait5","mrMLM","PstI.TP51242","11","430","-9.4119e-06","0.0021","A"
"4","Trait5","mrMLM","PstI.TP51380","11","431","6.821e-06","0.0015","A"
"4","Trait5","mrMLM","PstI.TP51875","11","432","-1.6035e-05","0.0035","A"
"4","Trait5","mrMLM","PstI.TP51884","11","433","0.4422","1.6215","G"
"4","Trait5","mrMLM","PstI.TP51908","11","435","-1.5834e-06","3e-04","A"
"4","Trait5","mrMLM","PstI.TP51961","11","436","0.1407","1.073","A"
"4","Trait5","mrMLM","PstI.TP52604","11","438","1.3278e-05","0.0029","A"
"4","Trait5","mrMLM","PstI.TP52673","11","440","-0.0655","0.7489","G"
"4","Trait5","mrMLM","PstI.TP52862","11","441","-1.2626e-05","0.0028","G"
"4","Trait5","mrMLM","PstI.TP53451","11","444","0.0925","0.5611","A"
"4","Trait5","mrMLM","PstI.TP53843","11","446","-4.4484e-06","0.001","C"
"4","Trait5","mrMLM","PstI.TP53914","11","447","-0.0068","0.1268","A"
"4","Trait5","mrMLM","PstI.TP53971","11","448","-1.6482e-05","0.0036","C"
"4","Trait5","mrMLM","PstI.TP54033","11","449","-0.0837","0.3415","A"
"4","Trait5","mrMLM","PstI.TP54176","11","450","-1.0068e-05","0.0022","A"
"4","Trait5","mrMLM","PstI.TP54210","11","451","-8.4313e-06","0.0018","A"
"4","Trait5","mrMLM","PstI.TP54585","11","452","-2.3994e-05","0.0053","A"
"4","Trait5","mrMLM","PstI.TP54669","11","453","-2.3001e-07","5.0059e-05","A"
"4","Trait5","mrMLM","PstI.TP54867","11","454","1.1885e-05","0.0026","A"
"4","Trait5","mrMLM","PstI.TP55209","11","456","-0.2193","1.0321","C"
"4","Trait5","mrMLM","PstI.TP55312","11","458","1.2318e-05","0.0027","C"
"4","Trait5","mrMLM","PstI.TP55348","11","459","-1.9586e-05","0.0043","A"
"4","Trait5","mrMLM","PstI.TP55565","11","461","0.1186","1.4317","A"
"4","Trait5","mrMLM","PstI.TP55683","11","463","-0.0772","0.811","C"
"4","Trait5","mrMLM","PstI.TP55750","11","464","-2.3754e-06","5e-04","A"
"4","Trait5","mrMLM","PstI.TP55771","11","465","-3.6559e-06","8e-04","A"
"4","Trait5","mrMLM","PstI.TP55781","11","466","0.1676","0.8049","A"
"4","Trait5","mrMLM","PstI.TP55980","11","467","-0.0987","0.8577","A"
"4","Trait5","mrMLM","PstI.TP56268","11","469","0.0382","0.2822","A"
"4","Trait5","mrMLM","PstI.TP56651","11","470","-1.7184e-05","0.0038","C"
"4","Trait5","mrMLM","PstI.TP56692","11","471","2.9294e-06","6e-04","C"
"4","Trait5","mrMLM","PstI.TP56825","11","472","-2.9035e-05","0.0064","A"
"4","Trait5","mrMLM","PstI.TP57121","11","475","1.1967e-05","0.0026","C"
"4","Trait5","mrMLM","PstI.TP57427","11","477","0.2075","1.1698","C"
"4","Trait5","mrMLM","PstI.TP57493","11","478","0.1198","0.6856","A"
"4","Trait5","mrMLM","PstI.TP57859","11","479","-5.4073e-06","0.0012","A"
"4","Trait5","mrMLM","PstI.TP57980","11","481","5.2817e-07","1e-04","A"
"4","Trait5","mrMLM","PstI.TP58050","11","483","-6.6433e-06","0.0014","A"
"4","Trait5","mrMLM","PstI.TP58051","11","484","-4.8923e-06","0.0011","C"
"4","Trait5","mrMLM","PstI.TP58088","11","485","-1.6127e-05","0.0035","G"
"4","Trait5","mrMLM","PstI.TP58373","11","486","3.9311e-05","0.0086","C"
"4","Trait5","mrMLM","PstI.TP58429","11","488","0.0199","0.221","C"
"4","Trait5","mrMLM","PstI.TP58464","11","489","1.8241e-06","4e-04","C"
"4","Trait5","mrMLM","PstI.TP58484","11","490","0.2399","3.5429","C"
"4","Trait5","mrMLM","PstI.TP58505","11","491","-2.0581e-05","0.0045","C"
"4","Trait5","mrMLM","PstI.TP58732","11","494","-6.6869e-06","0.0015","A"
"4","Trait5","mrMLM","PstI.TP58821","11","495","1.3925e-05","0.003","A"
"4","Trait5","mrMLM","PstI.TP58885","11","496","0.039","0.4677","A"
"4","Trait5","mrMLM","PstI.TP58916","11","497","1.9778e-05","0.0043","C"
"4","Trait5","mrMLM","PstI.TP58942","11","498","-2.8347e-07","6.1706e-05","C"
"4","Trait5","mrMLM","PstI.TP58986","11","499","2.8774e-05","0.0063","A"
"4","Trait5","mrMLM","PstI.TP58992","11","500","8.6876e-06","0.0019","C"
"4","Trait5","mrMLM","PstI.TP59340","11","501","6.228e-06","0.0014","C"
"4","Trait5","mrMLM","PstI.TP59530","11","503","-0.0766","0.3596","G"
"4","Trait5","mrMLM","PstI.TP59564","11","504","-0.299","2.0313","C"
"4","Trait5","mrMLM","PstI.TP60187","11","505","-2.2486e-05","0.0049","A"
"4","Trait5","mrMLM","PstI.TP60231","11","506","0.1268","1.1985","A"
"4","Trait5","mrMLM","PstI.TP60254","11","507","-1.4358e-05","0.0031","C"
"4","Trait5","mrMLM","PstI.TP60269","11","509","-2.3394e-05","0.0051","A"
"4","Trait5","mrMLM","PstI.TP60536","11","511","1.1085e-05","0.0024","A"
"4","Trait5","mrMLM","PstI.TP60784","11","512","-1.1105e-05","0.0024","A"
"4","Trait5","mrMLM","PstI.TP61032","11","513","2.6059e-05","0.0057","A"
"4","Trait5","mrMLM","PstI.TP61828","11","514","-1.0268e-05","0.0022","A"
"4","Trait5","mrMLM","PstI.TP61862","11","515","-2.7852e-06","6e-04","A"
"4","Trait5","mrMLM","PstI.TP62314","11","516","2.3021e-05","0.005","A"
"4","Trait5","mrMLM","PstI.TP62388","11","517","0.0348","0.3414","G"
"4","Trait5","mrMLM","PstI.TP62509","11","518","4.3411e-06","9e-04","C"
"4","Trait5","mrMLM","PstI.TP62536","11","519","7.0692e-07","2e-04","A"
"4","Trait5","mrMLM","PstI.TP62942","11","520","-0.009","0.1636","A"
"4","Trait5","mrMLM","PstI.TP62962","11","521","1.8328e-05","0.004","C"
"4","Trait5","mrMLM","PstI.TP63272","11","523","-0.0394","0.5534","C"
"4","Trait5","mrMLM","PstI.TP63310","11","524","0.0191","0.1937","A"
"4","Trait5","mrMLM","PstI.TP63317","11","525","0.0149","0.2377","A"
"4","Trait5","mrMLM","PstI.TP63489","11","526","3.0921e-05","0.0068","C"
"4","Trait5","mrMLM","PstI.TP63542","11","527","1.1755e-05","0.0026","A"
"4","Trait5","mrMLM","PstI.TP63642","11","528","-1.5743e-05","0.0034","G"
"4","Trait5","mrMLM","PstI.TP63666","11","529","2.9983e-05","0.0066","C"
"4","Trait5","mrMLM","PstI.TP63668","11","530","2.6396e-05","0.0058","C"
"4","Trait5","mrMLM","PstI.TP63829","11","533","8.5103e-06","0.0019","A"
"4","Trait5","mrMLM","PstI.TP63995","11","534","7.7642e-06","0.0017","C"
"4","Trait5","mrMLM","PstI.TP64172","11","535","-2.3062e-05","0.005","A"
"4","Trait5","mrMLM","PstI.TP64227","11","536","-1.2647e-05","0.0028","A"
"4","Trait5","mrMLM","PstI.TP64429","11","538","8.5284e-06","0.0019","C"
"4","Trait5","mrMLM","PstI.TP64433","11","539","8.9685e-06","0.002","C"
"4","Trait5","mrMLM","PstI.TP64469","11","540","-1.7202e-05","0.0038","G"
"4","Trait5","mrMLM","PstI.TP64879","11","542","0.0801","0.6187","A"
"4","Trait5","mrMLM","PstI.TP65492","11","545","-0.0554","0.4331","A"
"4","Trait5","mrMLM","PstI.TP65497","11","546","5.4883e-06","0.0012","G"
"4","Trait5","mrMLM","PstI.TP65501","11","547","-0.1513","0.9107","C"
"4","Trait5","mrMLM","PstI.TP65832","11","549","5.7612e-06","0.0013","C"
"4","Trait5","mrMLM","PstI.TP65972","11","551","1.9215e-05","0.0042","A"
"4","Trait5","mrMLM","PstI.TP66164","11","552","3.3282e-05","0.0073","C"
"4","Trait5","mrMLM","PstI.TP66363","11","553","-0.043","0.2566","G"
"4","Trait5","mrMLM","PstI.TP66685","11","555","-1.7752e-05","0.0039","A"
"4","Trait5","mrMLM","PstI.TP66732","11","556","-0.0526","0.651","A"
"4","Trait5","mrMLM","PstI.TP67429","11","559","-0.0299","0.198","A"
"4","Trait5","mrMLM","PstI.TP67512","11","560","2.1719e-05","0.0048","A"
"4","Trait5","mrMLM","PstI.TP67547","11","561","-1.0336e-05","0.0023","A"
"4","Trait5","mrMLM","PstI.TP67899","11","562","0.0451","0.3064","G"
"4","Trait5","mrMLM","PstI.TP67917","11","563","0.0461","0.5176","A"
"4","Trait5","mrMLM","PstI.TP68052","11","564","-1.5765e-05","0.0034","C"
"4","Trait5","mrMLM","PstI.TP68263","11","567","1.6589e-05","0.0036","G"
"4","Trait5","mrMLM","PstI.TP68287","11","568","-1.0914e-05","0.0024","A"
"4","Trait5","mrMLM","PstI.TP68441","11","569","-4.7836e-06","0.001","C"
"4","Trait5","mrMLM","PstI.TP68751","11","570","6.7087e-06","0.0015","A"
"4","Trait5","mrMLM","PstI.TP68889","11","571","2.656e-05","0.0058","A"
"4","Trait5","mrMLM","PstI.TP68941","11","572","1.2738e-05","0.0028","A"
"4","Trait5","mrMLM","PstI.TP68960","11","573","0.0091","0.1094","C"
"4","Trait5","mrMLM","PstI.TP69104","11","574","-0.1856","3.2824","C"
"4","Trait5","mrMLM","PstI.TP69359","11","575","-3.6488e-06","8e-04","A"
"4","Trait5","mrMLM","PstI.TP69372","11","576","0.0915","0.7863","A"
"4","Trait5","mrMLM","PstI.TP69394","11","577","0.0401","0.2282","A"
"4","Trait5","mrMLM","PstI.TP69454","11","578","-6.3199e-06","0.0014","A"
"4","Trait5","mrMLM","PstI.TP69599","11","579","-5.2949e-06","0.0012","C"
"4","Trait5","mrMLM","PstI.TP69938","11","581","0.0199","0.2763","A"
"4","Trait5","mrMLM","PstI.TP69950","11","582","-1.2439e-05","0.0027","G"
"4","Trait5","mrMLM","PstI.TP70244","11","585","-2.902e-05","0.0064","C"
"4","Trait5","mrMLM","PstI.TP70359","11","586","-0.0994","0.9482","C"
"4","Trait5","mrMLM","PstI.TP70371","11","587","-2.1581e-05","0.0047","C"
"4","Trait5","mrMLM","PstI.TP70597","11","588","-0.0473","0.4843","C"
"4","Trait5","mrMLM","PstI.TP70963","11","591","1.4061e-05","0.0031","A"
"4","Trait5","mrMLM","PstI.TP71003","11","592","1.432e-05","0.0031","C"
"4","Trait5","mrMLM","PstI.TP71008","11","593","1.588e-05","0.0035","A"
"4","Trait5","mrMLM","PstI.TP71096","11","594","7.7252e-06","0.0017","A"
"4","Trait5","mrMLM","PstI.TP71382","11","596","-1.5113e-05","0.0033","A"
"4","Trait5","mrMLM","PstI.TP71449","11","597","-3.4264e-06","7e-04","A"
"4","Trait5","mrMLM","PstI.TP71572","11","598","0.2292","1.4635","C"
"4","Trait5","mrMLM","PstI.TP71579","11","599","-7.8047e-06","0.0017","A"
"4","Trait5","mrMLM","PstI.TP71771","11","600","0.0148","0.144","C"
"4","Trait5","mrMLM","PstI.TP71775","11","601","-1.3402e-05","0.0029","A"
"4","Trait5","mrMLM","PstI.TP71879","11","602","1.3461e-06","3e-04","C"
"4","Trait5","mrMLM","PstI.TP71893","11","603","2.2715e-05","0.005","A"
"4","Trait5","mrMLM","PstI.TP71937","11","604","-3.0568e-05","0.0067","A"
"4","Trait5","mrMLM","PstI.TP71951","11","605","-2.157e-05","0.0047","A"
"4","Trait5","mrMLM","PstI.TP72046","11","607","8.0318e-06","0.0018","C"
"4","Trait5","mrMLM","PstI.TP72235","11","608","-8.1867e-06","0.0018","A"
"4","Trait5","mrMLM","PstI.TP72398","11","609","0.046","0.2335","A"
"4","Trait5","mrMLM","PstI.TP72590","11","610","-9.2104e-07","2e-04","C"
"4","Trait5","mrMLM","PstI.TP72608","11","612","1.0642e-05","0.0023","A"
"4","Trait5","mrMLM","PstI.TP72613","11","613","-5.4936e-06","0.0012","G"
"4","Trait5","mrMLM","PstI.TP72798","11","614","8.0545e-06","0.0018","G"
"4","Trait5","mrMLM","PstI.TP73126","11","615","-1.4165e-06","3e-04","C"
"4","Trait5","mrMLM","PstI.TP73560","11","616","1.0057e-05","0.0022","C"
"4","Trait5","mrMLM","PstI.TP73665","11","618","-5.4456e-06","0.0012","C"
"4","Trait5","mrMLM","PstI.TP73777","11","620","-0.0604","0.3198","C"
"4","Trait5","mrMLM","PstI.TP73847","11","621","-0.0247","0.1767","C"
"4","Trait5","mrMLM","PstI.TP73916","11","622","2.5762e-05","0.0056","C"
"4","Trait5","mrMLM","PstI.TP74242","11","623","-0.0522","0.569","C"
"4","Trait5","mrMLM","PstI.TP74795","11","626","4.2464e-05","0.0093","C"
"4","Trait5","mrMLM","PstI.TP74836","11","627","1.3606e-05","0.003","C"
"4","Trait5","mrMLM","PstI.TP74868","11","628","0.1393","1.0999","A"
"4","Trait5","mrMLM","PstI.TP74931","11","629","1.1911e-06","3e-04","C"
"4","Trait5","mrMLM","PstI.TP75043","11","630","-2.6922e-05","0.0059","C"
"4","Trait5","mrMLM","PstI.TP75222","11","631","0.0081","0.1322","A"
"4","Trait5","mrMLM","PstI.TP75401","11","632","-3.1464e-06","7e-04","C"
"4","Trait5","mrMLM","PstI.TP75643","11","633","-2.6687e-06","6e-04","A"
"4","Trait5","mrMLM","PstI.TP75657","11","634","1.1259e-06","2e-04","A"
"4","Trait5","mrMLM","PstI.TP75668","11","635","-8.4546e-06","0.0018","C"
"4","Trait5","mrMLM","PstI.TP75720","11","636","-3.8259e-06","8e-04","A"
"4","Trait5","mrMLM","PstI.TP75731","11","637","3.8315e-06","8e-04","A"
"4","Trait5","mrMLM","PstI.TP75769","11","638","0.0233","0.1876","C"
"4","Trait5","mrMLM","PstI.TP75777","11","639","2.1974e-05","0.0048","A"
"4","Trait5","mrMLM","PstI.TP75877","11","640","3.4353e-05","0.0075","A"
"4","Trait5","mrMLM","PstI.TP76147","11","642","-0.0604","0.2961","A"
"4","Trait5","mrMLM","PstI.TP76280","11","643","0.1463","1.0412","C"
"4","Trait5","mrMLM","PstI.TP76678","11","644","-0.0276","0.3461","G"
"4","Trait5","mrMLM","PstI.TP77108","11","645","-6.8751e-06","0.0015","A"
"4","Trait5","mrMLM","PstI.TP77264","11","647","-7.4762e-06","0.0016","C"
"4","Trait5","mrMLM","PstI.TP77674","11","648","-3.8746e-06","8e-04","C"
"4","Trait5","mrMLM","PstI.TP77950","11","651","-2.2319e-05","0.0049","G"
"4","Trait5","mrMLM","PstI.TP78045","11","652","-1.4114e-05","0.0031","A"
"4","Trait5","mrMLM","PstI.TP78127","11","653","-1.3413e-07","2.9192e-05","C"
"4","Trait5","mrMLM","PstI.TP78165","11","654","1.1569e-05","0.0025","G"
"4","Trait5","mrMLM","PstI.TP78202","11","655","-1.8777e-05","0.0041","A"
"4","Trait5","mrMLM","PstI.TP78546","11","657","-1.2257e-05","0.0027","A"
"4","Trait5","mrMLM","PstI.TP78729","11","658","-7.2081e-06","0.0016","C"
"4","Trait5","mrMLM","PstI.TP78983","11","660","0.0642","0.6582","A"
"4","Trait5","mrMLM","PstI.TP79276","11","662","1.149e-05","0.0025","A"
"4","Trait5","mrMLM","PstI.TP79279","11","663","-1.1991e-05","0.0026","A"
"4","Trait5","mrMLM","PstI.TP79300","11","664","-3.9847e-06","9e-04","A"
"4","Trait5","mrMLM","PstI.TP79302","11","665","3.1475e-05","0.0069","G"
"4","Trait5","mrMLM","PstI.TP79327","11","666","-0.0791","0.8983","A"
"4","Trait5","mrMLM","PstI.TP79567","11","667","-0.0851","0.6245","A"
"4","Trait5","mrMLM","PstI.TP79741","11","668","1.0205e-05","0.0022","G"
"4","Trait5","mrMLM","PstI.TP79812","11","669","-9.9721e-07","2e-04","G"
"4","Trait5","mrMLM","PstI.TP79878","11","671","-6.7087e-06","0.0015","C"
"4","Trait5","mrMLM","PstI.TP79883","11","672","-0.1197","1.232","A"
"4","Trait5","mrMLM","PstI.TP80015","11","673","0.038","0.3323","G"
"4","Trait5","mrMLM","PstI.TP80251","11","674","0.0448","0.2954","C"
"4","Trait5","mrMLM","PstI.TP80912","11","676","1.4056e-05","0.0031","A"
"4","Trait5","mrMLM","PstI.TP81008","11","677","-0.1198","1.806","A"
"4","Trait5","mrMLM","PstI.TP81460","11","678","0.2529","0.8038","G"
"4","Trait5","mrMLM","PstI.TP81678","11","679","-0.0202","0.2891","C"
"4","Trait5","mrMLM","PstI.TP81757","11","680","5.1574e-06","0.0011","C"
"4","Trait5","mrMLM","PstI.TP81973","11","681","7.3833e-07","2e-04","A"
"4","Trait5","mrMLM","PstI.TP81983","11","682","7.5969e-06","0.0017","C"
"4","Trait5","mrMLM","PstI.TP82009","11","683","-3.0268e-05","0.0066","A"
"4","Trait5","mrMLM","PstI.TP82247","11","686","1.6434e-05","0.0036","A"
"4","Trait5","mrMLM","PstI.TP82277","11","687","-1.4965e-05","0.0033","A"
"4","Trait5","mrMLM","PstI.TP82280","11","688","-1.5784e-05","0.0034","C"
"4","Trait5","mrMLM","PstI.TP82780","11","693","1.0376e-05","0.0023","C"
"4","Trait5","mrMLM","PstI.TP82908","11","694","-0.0425","0.4072","A"
"4","Trait5","mrMLM","PstI.TP82969","11","695","0.0928","0.7316","A"
"4","Trait5","mrMLM","PstI.TP82984","11","696","1.0832e-05","0.0024","A"
"4","Trait5","mrMLM","PstI.TP83038","11","698","-1.2678e-05","0.0028","A"
"4","Trait5","mrMLM","PstI.TP83588","11","699","-0.1646","1.0633","A"
"4","Trait5","mrMLM","PstI.TP83978","11","701","-2.9178e-08","6.351e-06","A"
"4","Trait5","mrMLM","PstI.TP83987","11","702","-0.0376","0.4591","C"
"4","Trait5","mrMLM","PstI.TP84020","11","703","2.1026e-05","0.0046","A"
"4","Trait5","mrMLM","PstI.TP84140","11","704","4.5259e-06","0.001","A"
"4","Trait5","mrMLM","PstI.TP84170","11","705","1.9326e-05","0.0042","C"
"4","Trait5","mrMLM","PstI.TP84278","11","706","-6.3904e-06","0.0014","A"
"4","Trait5","mrMLM","PstI.TP84350","11","708","1.5179e-05","0.0033","C"
"4","Trait5","mrMLM","PstI.TP84550","11","710","0.0095","0.149","C"
"4","Trait5","mrMLM","PstI.TP84606","11","711","-1.2139e-05","0.0026","A"
"4","Trait5","mrMLM","PstI.TP84697","11","713","1.3414e-05","0.0029","C"
"4","Trait5","mrMLM","PstI.TP84780","11","714","-0.1055","0.6937","A"
"4","Trait5","mrMLM","PstI.TP84808","11","715","9.586e-06","0.0021","C"
"4","Trait5","mrMLM","PstI.TP84850","11","716","-1.439e-05","0.0031","A"
"4","Trait5","mrMLM","PstI.TP85413","11","718","-1.6721e-05","0.0037","C"
"4","Trait5","mrMLM","PstI.TP85717","11","720","-0.0255","0.2668","C"
"4","Trait5","mrMLM","PstI.TP85803","11","722","1.5348e-07","3.3402e-05","C"
"4","Trait5","mrMLM","PstI.TP85872","11","723","1.8281e-05","0.004","C"
"4","Trait5","mrMLM","PstI.TP85914","11","724","-0.0838","0.776","A"
"4","Trait5","mrMLM","PstI.TP86153","11","725","7.3275e-06","0.0016","A"
"4","Trait5","mrMLM","PstI.TP86184","11","726","2.1184e-05","0.0046","C"
"4","Trait5","mrMLM","PstI.TP86604","11","728","-0.0551","0.5896","C"
"4","Trait5","mrMLM","PstI.TP86685","11","729","-0.087","0.5167","C"
"4","Trait5","mrMLM","PstI.TP86751","11","730","1.3732e-06","3e-04","A"
"4","Trait5","mrMLM","PstI.TP86826","11","731","4.2674e-05","0.0094","A"
"4","Trait5","mrMLM","PstI.TP86865","11","732","9.7989e-06","0.0021","G"
"4","Trait5","mrMLM","PstI.TP87244","11","733","-5.162e-06","0.0011","C"
"4","Trait5","mrMLM","PstI.TP87293","11","734","-2.038e-05","0.0045","C"
"4","Trait5","mrMLM","PstI.TP87397","11","735","-0.0153","0.2479","A"
"4","Trait5","mrMLM","PstI.TP87694","11","736","5.9575e-06","0.0013","A"
"4","Trait5","mrMLM","PstI.TP87853","11","737","7.6356e-06","0.0017","A"
"4","Trait5","mrMLM","PstI.TP87872","11","738","3.2012e-05","0.007","A"
"4","Trait5","mrMLM","PstI.TP88263","11","739","2.6035e-05","0.0057","A"
"4","Trait5","mrMLM","PstI.TP88428","11","740","3.6769e-06","8e-04","A"
"4","Trait5","mrMLM","PstI.TP88536","11","742","-1.2405e-05","0.0027","C"
"4","Trait5","mrMLM","PstI.TP88567","11","743","9.1087e-07","2e-04","A"
"4","Trait5","mrMLM","PstI.TP88597","11","744","0.0539","0.5475","A"
"4","Trait5","mrMLM","PstI.TP88917","11","745","4.9584e-06","0.0011","C"
"4","Trait5","mrMLM","PstI.TP89007","11","746","-0.1367","0.6424","C"
"4","Trait5","mrMLM","PstI.TP89076","11","749","-0.0838","0.4012","C"
"4","Trait5","mrMLM","PstI.TP89212","11","750","8.9464e-06","0.002","A"
"4","Trait5","mrMLM","PstI.TP89261","11","751","-1.7722e-05","0.0039","A"
"4","Trait5","mrMLM","PstI.TP89282","11","752","-1.2238e-05","0.0027","C"
"4","Trait5","mrMLM","PstI.TP89427","11","753","-6.3393e-07","1e-04","C"
"4","Trait5","mrMLM","PstI.TP89495","11","754","8.1959e-06","0.0018","A"
"4","Trait5","mrMLM","PstI.TP89657","11","755","-1.4369e-05","0.0031","C"
"4","Trait5","mrMLM","PstI.TP89708","11","756","-0.0038","0.0871","C"
"4","Trait5","mrMLM","PstI.TP89743","11","757","-3.4054e-06","7e-04","C"
"4","Trait5","mrMLM","PstI.TP89900","11","758","-2.6459e-05","0.0058","A"
"4","Trait5","mrMLM","PstI.TP90125","11","759","-0.0472","0.4287","A"
"4","Trait5","mrMLM","PstI.TP90184","11","760","0.1813","1.0636","C"
"4","Trait5","mrMLM","PstI.TP90718","11","762","-8.6971e-06","0.0019","C"
"4","Trait5","mrMLM","PstI.TP90840","11","764","0.0735","0.4666","A"
"4","Trait5","mrMLM","PstI.TP90906","11","766","-0.0451","0.3998","A"
"4","Trait5","mrMLM","PstI.TP90907","11","767","-1.4089e-05","0.0031","C"
"4","Trait5","mrMLM","PstI.TP90936","11","768","-1.2797e-06","3e-04","A"
"4","Trait5","mrMLM","PstI.TP91067","11","769","1.7912e-07","3.8986e-05","A"
"4","Trait5","mrMLM","PstI.TP91271","11","770","2.4705e-06","5e-04","A"
"4","Trait5","mrMLM","PstI.TP91371","11","771","-1.1466e-05","0.0025","A"
"4","Trait5","mrMLM","PstI.TP91449","11","772","-0.0832","0.4612","A"
"4","Trait5","mrMLM","PstI.TP91552","11","775","6.9659e-06","0.0015","G"
"4","Trait5","mrMLM","PstI.TP91606","11","776","-2.7735e-05","0.0061","C"
"4","Trait5","mrMLM","PstI.TP91758","11","777","2.653e-05","0.0058","C"
"4","Trait5","mrMLM","PstI.TP91767","11","778","-2.0659e-05","0.0045","A"
"4","Trait5","mrMLM","PstI.TP94103","11","779","-0.0507","0.4771","C"
"4","Trait5","mrMLM","PstI.TP94250","11","780","1.2952e-05","0.0028","G"
"4","Trait5","mrMLM","PstI.TP94378","11","781","2.2104e-05","0.0048","C"
"4","Trait5","mrMLM","PstI.TP94390","11","782","3.0857e-05","0.0068","A"
"4","Trait5","mrMLM","PstI.TP94742","11","786","2.5098e-06","5e-04","C"
"4","Trait5","mrMLM","PstI.TP94756","11","787","-9.9174e-06","0.0022","A"
"4","Trait5","mrMLM","PstI.TP94813","11","788","1.6694e-05","0.0036","A"
"4","Trait5","mrMLM","PstI.TP94935","11","789","-0.0902","0.7971","A"
"4","Trait5","mrMLM","PstI.TP95469","11","790","1.1228e-05","0.0025","C"
"4","Trait5","mrMLM","PstI.TP95612","11","791","-0.0502","0.377","C"
"4","Trait5","mrMLM","PstI.TP96206","11","793","0.0831","0.7668","A"
"4","Trait5","mrMLM","PstI.TP96398","11","794","4.9706e-06","0.0011","C"
"4","Trait5","mrMLM","PstI.TP96611","11","796","0.0142","0.1513","A"
"4","Trait5","mrMLM","PstI.TP96919","11","797","1.152e-05","0.0025","A"
"4","Trait5","mrMLM","PstI.TP96953","11","798","0.1346","0.8389","A"
"4","Trait5","mrMLM","PstI.TP97114","11","799","3.6831e-06","8e-04","A"
"4","Trait5","mrMLM","PstI.TP97410","11","801","-1.6272e-05","0.0036","C"
"4","Trait5","mrMLM","PstI.TP97708","11","802","0.2148","1.2092","C"
"4","Trait5","mrMLM","PstI.TP97883","11","803","0.2887","1.1095","A"
"4","Trait5","mrMLM","PstI.TP97927","11","804","5.4857e-06","0.0012","A"
"4","Trait5","mrMLM","PstI.TP97986","11","805","-1.1137e-05","0.0024","A"
"4","Trait5","mrMLM","PstI.TP98014","11","806","0.0171","0.2203","C"
"4","Trait5","mrMLM","PstI.TP98480","11","808","8.1145e-06","0.0018","A"
"4","Trait5","mrMLM","PstI.TP98560","11","809","0.0031","0.0692","A"
"4","Trait5","mrMLM","PstI.TP98683","11","810","8.7318e-06","0.0019","C"
"4","Trait5","mrMLM","PstI.TP98827","11","811","2.5066e-05","0.0055","C"
"4","Trait5","mrMLM","PstI.TP99018","11","812","1.0312e-05","0.0022","A"
"4","Trait5","mrMLM","PstI.TP99608","11","815","-0.0186","0.2401","G"
"4","Trait5","mrMLM","PstI.TP100020","11","817","1.8876e-05","0.0041","C"
"4","Trait5","mrMLM","PstI.TP100426","11","819","1.0547e-05","0.0023","C"
"4","Trait5","mrMLM","PstI.TP100539","11","820","0.0883","0.4925","C"
"4","Trait5","mrMLM","PstI.TP100651","11","821","1.9379e-05","0.0042","C"
"4","Trait5","mrMLM","PstI.TP100708","11","822","3.4169e-06","7e-04","A"
"4","Trait5","mrMLM","PstI.TP100735","11","823","0.0833","0.9478","A"
"4","Trait5","mrMLM","PstI.TP100806","11","824","-0.2428","0.7861","G"
"4","Trait5","mrMLM","PstI.TP100842","11","825","-5.4089e-06","0.0012","C"
"4","Trait5","mrMLM","PstI.TP100912","11","826","-1.6238e-06","4e-04","C"
"4","Trait5","mrMLM","PstI.TP101180","11","827","1.029e-05","0.0022","C"
"4","Trait5","mrMLM","PstI.TP101188","11","828","5.0457e-06","0.0011","A"
"4","Trait5","mrMLM","PstI.TP101533","11","831","0.0237","0.2637","C"
"4","Trait5","mrMLM","PstI.TP101546","11","832","-1.5345e-06","3e-04","A"
"4","Trait5","mrMLM","PstI.TP101772","11","833","-7.1542e-06","0.0016","C"
"4","Trait5","mrMLM","PstI.TP101889","11","835","0.0299","0.2868","A"
"4","Trait5","mrMLM","PstI.TP101937","11","837","0.0354","0.3109","C"
"4","Trait5","mrMLM","PstI.TP102149","11","838","-0.2264","0.7703","G"
"4","Trait5","mrMLM","PstI.TP102317","11","839","2.2613e-05","0.005","A"
"4","Trait5","mrMLM","PstI.TP102517","11","840","-7.8696e-06","0.0017","C"
"4","Trait5","mrMLM","PstI.TP102747","11","841","4.9048e-06","0.0011","A"
"4","Trait5","mrMLM","PstI.TP103400","11","843","-2.474e-06","5e-04","A"
"4","Trait5","mrMLM","PstI.TP103499","11","844","-0.055","0.7296","A"
"4","Trait5","mrMLM","PstI.TP103523","11","845","-0.151","0.6891","A"
"4","Trait5","mrMLM","PstI.TP103677","11","848","7.8748e-06","0.0017","A"
"4","Trait5","mrMLM","PstI.TP103806","11","849","-1.6049e-05","0.0035","C"
"4","Trait5","mrMLM","PstI.TP103840","11","850","-9.3388e-06","0.002","A"
"4","Trait5","mrMLM","PstI.TP103912","11","852","-0.1988","0.8802","C"
"4","Trait5","mrMLM","PstI.TP104021","11","854","7.7042e-06","0.0017","C"
"4","Trait5","mrMLM","PstI.TP104053","11","856","0.078","0.8797","A"
"4","Trait5","mrMLM","PstI.TP104310","11","857","-0.0753","0.3104","C"
"4","Trait5","mrMLM","PstI.TP104324","11","858","-2.7684e-06","6e-04","A"
"4","Trait5","mrMLM","PstI.TP104358","11","859","-3.8778e-05","0.0085","G"
"4","Trait5","mrMLM","PstI.TP104391","11","860","-2.0572e-05","0.0045","C"
"4","Trait5","mrMLM","PstI.TP104475","11","861","-0.1308","0.5085","A"
"4","Trait5","mrMLM","PstI.TP104764","11","862","-2.2473e-05","0.0049","G"
"4","Trait5","mrMLM","PstI.TP104779","11","863","1.1055e-05","0.0024","C"
"4","Trait5","mrMLM","PstI.TP104953","11","864","7.4128e-06","0.0016","A"
"4","Trait5","mrMLM","PstI.TP104967","11","865","-0.0558","0.4835","G"
"4","Trait5","mrMLM","PstI.TP105142","11","867","0.0256","0.3693","A"
"4","Trait5","mrMLM","PstI.TP105310","11","868","-1.4467e-05","0.0032","A"
"4","Trait5","mrMLM","PstI.TP105363","11","869","1.3109e-05","0.0029","A"
"4","Trait5","mrMLM","PstI.TP105609","11","870","7.5855e-06","0.0017","G"
"4","Trait5","mrMLM","PstI.TP105610","11","871","3.9729e-05","0.0087","A"
"4","Trait5","mrMLM","PstI.TP105678","11","872","-1.9766e-06","4e-04","A"
"4","Trait5","mrMLM","PstI.TP105705","11","873","1.9073e-05","0.0042","C"
"4","Trait5","mrMLM","PstI.TP105717","11","874","-1.0007e-05","0.0022","C"
"4","Trait5","mrMLM","PstI.TP105737","11","875","3.6887e-06","8e-04","G"
"4","Trait5","mrMLM","PstI.TP105778","11","876","5.5998e-06","0.0012","C"
"4","Trait5","mrMLM","PstI.TP106170","11","877","-6.4036e-06","0.0014","A"
"4","Trait5","mrMLM","PstI.TP106369","11","879","-1.4765e-05","0.0032","A"
"4","Trait5","mrMLM","PstI.TP106433","11","880","1.2858e-06","3e-04","C"
"4","Trait5","mrMLM","PstI.TP106471","11","881","-1.3079e-05","0.0029","C"
"4","Trait5","mrMLM","PstI.TP106499","11","882","1.6802e-05","0.0037","A"
"4","Trait5","mrMLM","PstI.TP106573","11","883","0.028","0.3103","A"
"4","Trait5","mrMLM","PstI.TP106713","11","884","0.0498","0.2795","C"
"4","Trait5","mrMLM","PstI.TP106794","11","885","-3.3937e-05","0.0074","A"
"4","Trait5","mrMLM","PstI.TP106852","11","886","-3.4207e-05","0.0075","A"
"4","Trait5","mrMLM","PstI.TP106951","11","887","9.0999e-06","0.002","C"
"4","Trait5","mrMLM","PstI.TP107412","11","888","7.4722e-06","0.0016","A"
"4","Trait5","mrMLM","PstI.TP107716","11","890","4.2883e-06","9e-04","A"
"4","Trait5","mrMLM","PstI.TP107878","11","891","1.549e-05","0.0034","G"
"4","Trait5","mrMLM","PstI.TP107950","11","892","-0.0771","0.5821","C"
"4","Trait5","mrMLM","PstI.TP108124","11","893","-0.0623","0.4691","C"
"4","Trait5","mrMLM","PstI.TP108126","11","894","-2.9477e-05","0.0065","A"
"4","Trait5","mrMLM","PstI.TP108163","11","895","0.0334","0.2573","A"
"4","Trait5","mrMLM","PstI.TP108332","11","896","-1.6205e-05","0.0035","A"
"4","Trait5","mrMLM","PstI.TP108563","11","898","0.0453","0.4608","A"
"4","Trait5","mrMLM","PstI.TP108730","11","899","2.0303e-05","0.0044","G"
"4","Trait5","mrMLM","PstI.TP108863","11","900","0.3009","1.8937","A"
"4","Trait5","mrMLM","PstI.TP109054","11","901","-0.1092","0.8171","A"
"4","Trait5","mrMLM","PstI.TP109393","11","902","-1.545e-05","0.0034","G"
"4","Trait5","mrMLM","PstI.TP109421","11","903","8.8492e-06","0.0019","G"
"4","Trait5","mrMLM","PstI.TP109544","11","904","-0.0265","0.3654","C"
"4","Trait5","mrMLM","PstI.TP109581","11","905","-2.2231e-05","0.0049","C"
"4","Trait5","mrMLM","PstI.TP109827","11","908","-0.219","1.5021","C"
"4","Trait5","mrMLM","PstI.TP110022","11","909","1.0477e-05","0.0023","A"
"4","Trait5","mrMLM","PstI.TP110203","11","910","4.9495e-06","0.0011","C"
"4","Trait5","mrMLM","PstI.TP110497","11","912","1.0637e-06","2e-04","C"
"4","Trait5","mrMLM","PstI.TP110541","11","913","-3.0221e-05","0.0066","C"
"4","Trait5","mrMLM","PstI.TP111598","11","919","-1.411e-05","0.0031","C"
"4","Trait5","mrMLM","PstI.TP111739","11","920","-0.0623","0.4056","A"
"4","Trait5","mrMLM","PstI.TP111914","11","921","-9.5634e-06","0.0021","A"
"4","Trait5","mrMLM","PstI.TP111960","11","922","1.5912e-05","0.0035","C"
"4","Trait5","mrMLM","PstI.TP111965","11","923","-1.3482e-05","0.0029","A"
"4","Trait5","mrMLM","PstI.TP112048","11","924","-3.5764e-05","0.0079","C"
"4","Trait5","mrMLM","PstI.TP112175","11","925","-2.4892e-05","0.0055","C"
"4","Trait5","mrMLM","PstI.TP112214","11","926","7.665e-06","0.0017","C"
"4","Trait5","mrMLM","PstI.TP112233","11","928","-1.0206e-05","0.0022","C"
"4","Trait5","mrMLM","PstI.TP112555","11","931","-1.159e-05","0.0025","C"
"4","Trait5","mrMLM","PstI.TP112609","11","932","-2.4473e-05","0.0054","A"
"4","Trait5","mrMLM","PstI.TP112874","11","933","-3.7355e-05","0.0082","C"
"4","Trait5","mrMLM","PstI.TP113001","11","934","0.3398","1.2061","A"
"4","Trait5","mrMLM","PstI.TP113043","11","935","0.1403","1.3369","A"
"4","Trait5","mrMLM","PstI.TP113226","11","936","-0.0225","0.205","A"
"4","Trait5","mrMLM","PstI.TP113275","11","937","4.7084e-06","0.001","G"
"4","Trait5","mrMLM","PstI.TP113408","11","938","4.0283e-06","9e-04","A"
"4","Trait5","mrMLM","PstI.TP113536","11","939","-5.596e-06","0.0012","C"
"4","Trait5","mrMLM","PstI.TP113541","11","940","0.0873","0.6041","A"
"4","Trait5","mrMLM","PstI.TP113607","11","942","1.7618e-05","0.0039","A"
"4","Trait5","mrMLM","PstI.TP113683","11","943","2.3377e-06","5e-04","A"
"4","Trait5","mrMLM","PstI.TP113758","11","944","-6.1492e-06","0.0013","G"
"4","Trait5","mrMLM","PstI.TP113912","11","945","-0.0202","0.2927","C"
"4","Trait5","mrMLM","PstI.TP114009","11","946","-0.0163","0.1423","A"
"4","Trait5","mrMLM","PstI.TP114158","11","949","-7.2247e-06","0.0016","A"
"4","Trait5","mrMLM","PstI.TP114371","11","951","-0.1278","0.4958","C"
"4","Trait5","mrMLM","PstI.TP114913","11","952","-1.2282e-05","0.0027","A"
"4","Trait5","mrMLM","PstI.TP115244","11","953","7.674e-06","0.0017","A"
"4","Trait5","mrMLM","PstI.TP115390","11","954","2.4038e-05","0.0053","A"
"4","Trait5","mrMLM","PstI.TP115601","11","957","-0.0566","0.663","A"
"4","Trait5","mrMLM","PstI.TP115642","11","958","1.7491e-05","0.0038","A"
"4","Trait5","mrMLM","PstI.TP115865","11","960","0.0368","0.3359","A"
"4","Trait5","mrMLM","PstI.TP115915","11","961","-0.0118","0.1184","G"
"4","Trait5","mrMLM","PstI.TP116033","11","962","0.4004","2.5651","G"
"4","Trait5","mrMLM","PstI.TP116328","11","965","-0.0928","0.7642","C"
"4","Trait5","mrMLM","PstI.TP116450","11","967","1.0544e-05","0.0023","C"
"4","Trait5","mrMLM","PstI.TP116482","11","968","1.2866e-05","0.0028","A"
"4","Trait5","mrMLM","PstI.TP116626","11","969","1.1362e-06","2e-04","A"
"4","Trait5","mrMLM","PstI.TP116998","11","971","1.9368e-05","0.0042","C"
"4","Trait5","mrMLM","PstI.TP117305","11","972","5.7709e-06","0.0013","C"
"4","Trait5","mrMLM","PstI.TP117396","11","973","2.9515e-05","0.0065","C"
"4","Trait5","mrMLM","PstI.TP118104","11","974","-1.6446e-05","0.0036","C"
"4","Trait5","mrMLM","PstI.TP118121","11","975","2.6672e-05","0.0058","A"
"4","Trait5","mrMLM","PstI.TP118266","11","976","0.1003","0.9258","A"
"4","Trait5","mrMLM","PstI.TP118367","11","977","-0.0222","0.2591","C"
"4","Trait5","mrMLM","PstI.TP118441","11","979","-2.4451e-06","5e-04","G"
"4","Trait5","mrMLM","PstI.TP118720","11","980","-1.6386e-05","0.0036","A"
"4","Trait5","mrMLM","PstI.TP118807","11","981","-2.7799e-06","6e-04","C"
"4","Trait5","mrMLM","PstI.TP118821","11","982","-0.0079","0.1487","C"
"4","Trait5","mrMLM","PstI.TP118848","11","983","-1.0288e-05","0.0022","A"
"4","Trait5","mrMLM","PstI.TP119098","11","986","4.2147e-06","9e-04","C"
"4","Trait5","mrMLM","PstI.TP119231","11","988","1.3054e-05","0.0029","A"
"4","Trait5","mrMLM","PstI.TP119327","11","989","-0.0241","0.2237","A"
"4","Trait5","mrMLM","PstI.TP119343","11","990","0.0263","0.3023","G"
"4","Trait5","mrMLM","PstI.TP119441","11","991","-0.0292","0.311","A"
"4","Trait5","mrMLM","PstI.TP119485","11","992","-7.8881e-08","1.7168e-05","C"
"4","Trait5","mrMLM","PstI.TP119497","11","993","-2.2542e-05","0.0049","A"
"4","Trait5","mrMLM","PstI.TP119537","11","994","-0.0043","0.1076","C"
"4","Trait5","mrMLM","PstI.TP119772","11","996","-1.7764e-05","0.0039","C"
"4","Trait5","mrMLM","PstI.TP119835","11","997","-1.6912e-05","0.0037","G"
"4","Trait5","mrMLM","PstI.TP120115","11","999","0.0137","0.1606","A"
"4","Trait5","mrMLM","PstI.TP120320","11","1001","9.6282e-06","0.0021","A"
"4","Trait5","mrMLM","PstI.TP120486","11","1002","-1.1316e-05","0.0025","C"
"4","Trait5","mrMLM","PstI.TP120545","11","1003","0.0303","0.2974","A"
"4","Trait5","mrMLM","PstI.TP120646","11","1005","2.0672e-05","0.0045","G"
"4","Trait5","mrMLM","PstI.TP120947","11","1007","-2.762e-05","0.0061","A"
"4","Trait5","mrMLM","PstI.TP121400","11","1008","-2.5693e-05","0.0056","A"
"4","Trait5","mrMLM","PstI.TP121637","11","1009","2.082e-06","5e-04","A"
"4","Trait5","mrMLM","PstI.TP121878","11","1010","-0.0467","0.4273","A"
"4","Trait5","mrMLM","PstI.TP122141","11","1011","-4.0529e-05","0.0089","A"
"4","Trait5","mrMLM","PstI.TP122236","11","1012","4.9661e-06","0.0011","A"
"4","Trait5","mrMLM","PstI.TP122257","11","1013","-1.6241e-05","0.0035","A"
"4","Trait5","mrMLM","PstI.TP122268","11","1014","-6.5419e-06","0.0014","C"
"4","Trait5","mrMLM","PstI.TP122894","11","1015","-0.0188","0.2394","C"
"4","Trait5","mrMLM","PstI.TP122999","11","1017","-0.2373","1.0697","A"
"4","Trait5","mrMLM","PstI.TP123078","11","1018","-1.1318e-05","0.0025","A"
"4","Trait5","mrMLM","PstI.TP123329","11","1019","0.1915","1.5145","A"
"4","Trait5","mrMLM","PstI.TP123344","11","1020","-5.1083e-06","0.0011","A"
"4","Trait5","mrMLM","PstI.TP123465","11","1021","1.9043e-05","0.0042","C"
"4","Trait5","mrMLM","PstI.TP123616","11","1022","9.5449e-06","0.0021","A"
"4","Trait5","mrMLM","PstI.TP123646","11","1023","0.0971","0.3592","A"
"4","Trait5","mrMLM","PstI.TP123869","11","1025","-3.1207e-05","0.0068","G"
"4","Trait5","mrMLM","PstI.TP123884","11","1026","2.7667e-05","0.0061","A"
"4","Trait5","mrMLM","PstI.TP123918","11","1027","1.6736e-05","0.0037","A"
"4","Trait5","mrMLM","PstI.TP123922","11","1028","3.4423e-05","0.0076","C"
"4","Trait5","mrMLM","PstI.TP123976","11","1029","0.0292","0.257","A"
"4","Trait5","mrMLM","PstI.TP124053","11","1030","-0.1242","0.9358","C"
"4","Trait5","mrMLM","PstI.TP124123","11","1032","-1.0274e-05","0.0022","C"
"4","Trait5","mrMLM","PstI.TP124210","11","1033","0.0266","0.2995","A"
"4","Trait5","mrMLM","PstI.TP124314","11","1034","-2.3139e-05","0.0051","G"
"4","Trait5","mrMLM","PstI.TP124648","11","1037","1.2985e-05","0.0028","G"
"4","Trait5","mrMLM","PstI.TP124716","11","1038","-1.6831e-05","0.0037","G"
"4","Trait5","mrMLM","PstI.TP124742","11","1039","-0.1851","1.3374","C"
"4","Trait5","mrMLM","PstI.TP124890","11","1040","0.1376","1.6483","A"
"4","Trait5","mrMLM","PstI.TP124986","11","1041","0.0336","0.4143","G"
"4","Trait5","mrMLM","PstI.TP125121","11","1042","-2.2125e-05","0.0048","C"
"4","Trait5","mrMLM","PstI.TP125194","11","1043","-6.1636e-07","1e-04","C"
"4","Trait5","mrMLM","PstI.TP125214","11","1044","-7.2032e-07","2e-04","A"
"4","Trait5","mrMLM","PstI.TP125251","11","1045","-7.899e-06","0.0017","G"
"4","Trait5","mrMLM","PstI.TP125282","11","1046","-8.0143e-06","0.0017","C"
"4","Trait5","mrMLM","PstI.TP125484","11","1047","-2.4129e-05","0.0053","C"
"4","Trait5","mrMLM","PstI.TP125552","11","1048","1.8704e-05","0.0041","A"
"4","Trait5","mrMLM","PstI.TP125619","11","1049","0.1394","1.9318","C"
"4","Trait5","mrMLM","PstI.TP125644","11","1050","-0.015","0.2407","A"
"4","Trait5","mrMLM","PstI.TP125699","11","1051","3.0623e-05","0.0067","A"
"4","Trait5","mrMLM","PstI.TP125821","11","1052","2.0274e-07","4.4129e-05","A"
"4","Trait5","mrMLM","PstI.TP125880","11","1053","1.8989e-05","0.0042","A"
"4","Trait5","mrMLM","PstI.TP125992","11","1054","6.5764e-06","0.0014","C"
"4","Trait5","mrMLM","PstI.TP126054","11","1055","-8.42e-06","0.0018","A"
"4","Trait5","mrMLM","PstI.TP126133","11","1057","0.0728","0.3998","A"
"4","Trait5","mrMLM","PstI.TP126211","11","1059","1.7169e-05","0.0038","A"
"4","Trait5","mrMLM","PstI.TP126351","11","1060","-4.4162e-06","0.001","G"
"4","Trait5","mrMLM","PstI.TP126508","11","1061","2.7625e-05","0.0061","C"
"4","Trait5","mrMLM","PstI.TP126605","11","1062","1.2193e-05","0.0027","G"
"4","Trait5","mrMLM","PstI.TP126813","11","1064","0.0199","0.1454","C"
"4","Trait5","mrMLM","PstI.TP126916","11","1065","0.0432","0.521","A"
"4","Trait5","mrMLM","PstI.TP127213","11","1066","0.0116","0.0965","C"
"4","Trait5","mrMLM","PstI.TP127331","11","1069","1.6238e-05","0.0035","A"
"4","Trait5","mrMLM","PstI.TP127343","11","1070","0.2061","0.9335","A"
"4","Trait5","mrMLM","PstI.TP127482","11","1071","-8.3931e-06","0.0018","C"
"4","Trait5","mrMLM","PstI.TP127739","11","1072","0.0227","0.3231","C"
"4","Trait5","mrMLM","PstI.TP127748","11","1073","3.4817e-05","0.0076","A"
"4","Trait5","mrMLM","PstI.TP127764","11","1074","-2.4133e-06","5e-04","A"
"4","Trait5","mrMLM","PstI.TP128168","11","1076","5.3337e-06","0.0012","C"
"4","Trait5","mrMLM","PstI.TP128432","11","1077","9.1786e-06","0.002","C"
"4","Trait5","mrMLM","PstI.TP128471","11","1078","-9.201e-06","0.002","A"
"4","Trait5","mrMLM","PstI.TP128663","11","1079","0.0106","0.1272","C"
"4","Trait5","mrMLM","PstI.TP128846","11","1080","0.11","1.1555","A"
"4","Trait5","mrMLM","PstI.TP128994","11","1081","1.6524e-05","0.0036","C"
"4","Trait5","mrMLM","PstI.TP129025","11","1082","-6.3394e-07","1e-04","A"
"4","Trait5","mrMLM","PstI.TP129098","11","1085","-1.4458e-05","0.0032","A"
"4","Trait5","mrMLM","PstI.TP129437","11","1088","-0.2023","1.56","A"
"4","Trait5","mrMLM","PstI.TP129649","11","1089","0.069","0.6178","C"
"4","Trait5","mrMLM","PstI.TP129831","11","1090","0.0344","0.4358","G"
"4","Trait5","mrMLM","PstI.TP130295","11","1092","-3.515e-05","0.0077","A"
"4","Trait5","mrMLM","PstI.TP130337","11","1093","0.0978","0.4933","G"
"4","Trait5","mrMLM","PstI.TP130356","11","1094","4.4506e-06","0.001","C"
"4","Trait5","mrMLM","PstI.TP130468","11","1096","0.2591","1.2706","G"
"4","Trait5","mrMLM","PstI.TP130480","11","1097","-4.2048e-06","9e-04","A"
"4","Trait5","mrMLM","PstI.TP130496","11","1098","-1.0889e-05","0.0024","A"
"4","Trait5","mrMLM","PstI.TP130695","11","1099","-0.1921","0.9483","C"
"4","Trait5","mrMLM","PstI.TP130976","11","1101","1.7939e-05","0.0039","A"
"4","Trait5","mrMLM","PstI.TP131020","11","1103","3.8835e-05","0.0085","A"
"4","Trait5","mrMLM","PstI.TP131562","11","1105","-0.2841","1.2419","A"
"4","Trait5","mrMLM","PstI.TP131738","11","1106","5.9971e-07","1e-04","A"
"4","Trait5","mrMLM","PstI.TP131788","11","1107","-1.9855e-05","0.0043","A"
"4","Trait5","mrMLM","PstI.TP131821","11","1108","7.5714e-06","0.0017","C"
"4","Trait5","mrMLM","PstI.TP132021","11","1110","-1.5438e-05","0.0034","A"
"4","Trait5","mrMLM","PstI.TP132096","11","1111","0.0361","0.3505","G"
"4","Trait5","mrMLM","PstI.TP132132","11","1112","0.0242","0.3147","C"
"4","Trait5","mrMLM","PstI.TP132651","11","1113","-0.0307","0.1931","C"
"4","Trait5","mrMLM","PstI.TP132895","11","1115","6.4427e-06","0.0014","A"
"4","Trait5","mrMLM","PstI.TP133069","11","1116","-7.8377e-06","0.0017","C"
"4","Trait5","mrMLM","PstI.TP133358","11","1117","-8.2586e-06","0.0018","C"
"4","Trait5","mrMLM","PstI.TP133402","11","1118","8.2758e-06","0.0018","A"
"4","Trait5","mrMLM","PstI.TP133767","11","1119","-9.4586e-06","0.0021","A"
"4","Trait5","mrMLM","PstI.TP134049","11","1120","1.4477e-05","0.0032","A"
"4","Trait5","mrMLM","PstI.TP134303","11","1121","0.3927","2.339","A"
"4","Trait5","mrMLM","PstI.TP134343","11","1122","0.0983","1.152","C"
"4","Trait5","mrMLM","PstI.TP135027","11","1124","1.4233e-05","0.0031","C"
"4","Trait5","mrMLM","PstI.TP135455","11","1125","0.0704","0.7089","A"
"4","Trait5","mrMLM","PstI.TP135488","11","1126","4.5992e-07","1e-04","C"
"4","Trait5","mrMLM","PstI.TP135868","11","1127","-0.2169","1.5644","G"
"4","Trait5","mrMLM","PstI.TP136088","11","1129","4.6902e-06","0.001","C"
"4","Trait5","mrMLM","PstI.TP136209","11","1131","2.0006e-05","0.0044","A"
"4","Trait5","mrMLM","PstI.TP136256","11","1132","3.6202e-06","8e-04","A"
"4","Trait5","mrMLM","PstI.TP136275","11","1133","0.0045","0.061","A"
"4","Trait5","mrMLM","PstI.TP136362","11","1134","-0.0408","0.2224","C"
"4","Trait5","mrMLM","PstI.TP136445","11","1135","9.2288e-06","0.002","A"
"4","Trait5","mrMLM","PstI.TP136780","11","1137","1.5494e-05","0.0034","G"
"4","Trait5","mrMLM","PstI.TP137200","11","1139","6.4574e-06","0.0014","A"
"4","Trait5","mrMLM","PstI.TP137425","11","1140","-6.454e-06","0.0014","C"
"4","Trait5","mrMLM","PstI.TP137772","11","1142","1.5134e-05","0.0033","A"
"4","Trait5","mrMLM","PstI.TP138681","11","1144","-1.2237e-06","3e-04","A"
"4","Trait5","mrMLM","PstI.TP138690","11","1145","0.0569","0.5887","C"
"4","Trait5","mrMLM","PstI.TP138830","11","1146","-0.0624","0.2358","A"
"4","Trait5","mrMLM","PstI.TP138953","11","1147","1.2503e-05","0.0027","C"
"4","Trait5","mrMLM","PstI.TP139046","11","1148","-8.5814e-06","0.0019","G"
"4","Trait5","mrMLM","PstI.TP139250","11","1151","1.9495e-05","0.0043","A"
"4","Trait5","mrMLM","PstI.TP139285","11","1152","-9.3828e-07","2e-04","A"
"4","Trait5","mrMLM","PstI.TP139391","11","1153","-0.1163","0.6966","G"
"4","Trait5","mrMLM","PstI.TP139507","11","1154","-0.005","0.1013","A"
"4","Trait5","mrMLM","PstI.TP139554","11","1155","0.0423","0.5254","A"
"4","Trait5","mrMLM","PstI.TP139596","11","1156","4.2693e-05","0.0094","A"
"4","Trait5","mrMLM","PstI.TP139713","11","1157","2.3118e-06","5e-04","A"
"4","Trait5","mrMLM","PstI.TP139726","11","1158","0.0918","0.5503","A"
"4","Trait5","mrMLM","PstI.TP139839","11","1159","0.0713","0.6256","C"
"4","Trait5","mrMLM","PstI.TP139915","11","1160","-5.6153e-06","0.0012","A"
"4","Trait5","mrMLM","PstI.TP139975","11","1162","0.0801","0.6175","A"
"4","Trait5","mrMLM","PstI.TP140195","11","1163","-0.0482","0.3128","A"
"4","Trait5","mrMLM","PstI.TP140312","11","1164","-1.3544e-05","0.003","A"
"4","Trait5","mrMLM","PstI.TP140488","11","1166","9.0802e-06","0.002","C"
"4","Trait5","mrMLM","PstI.TP140508","11","1167","-2.5205e-06","5e-04","C"
"4","Trait5","mrMLM","PstI.TP140570","11","1168","2.073e-08","4.5116e-06","A"
"4","Trait5","mrMLM","PstI.TP140594","11","1169","-0.1706","1.1025","A"
"4","Trait5","mrMLM","PstI.TP140710","11","1170","-2.6314e-06","6e-04","C"
"4","Trait5","mrMLM","PstI.TP140756","11","1171","-0.0328","0.3574","A"
"4","Trait5","mrMLM","PstI.TP141009","11","1174","2.1096e-05","0.0046","C"
"4","Trait5","mrMLM","PstI.TP141152","11","1175","0.0207","0.1353","A"
"4","Trait5","mrMLM","PstI.TP141160","11","1176","5.3648e-06","0.0012","A"
"4","Trait5","mrMLM","PstI.TP141173","11","1177","-1.8047e-06","4e-04","A"
"4","Trait5","mrMLM","PstI.TP141454","11","1178","6.5478e-06","0.0014","C"
"4","Trait5","mrMLM","PstI.TP141494","11","1179","-0.1984","0.7885","A"
"4","Trait5","mrMLM","PstI.TP141949","11","1180","-1.0913e-05","0.0024","G"
"4","Trait5","mrMLM","PstI.TP142011","11","1181","-0.0865","0.6402","A"
"4","Trait5","mrMLM","PstI.TP142024","11","1182","-0.053","0.5312","C"
"4","Trait5","mrMLM","PstI.TP142050","11","1183","1.3432e-06","3e-04","A"
"4","Trait5","mrMLM","PstI.TP142059","11","1184","-1.7716e-05","0.0039","C"
"4","Trait5","mrMLM","PstI.TP142106","11","1185","-1.6017e-07","3.4856e-05","C"
"4","Trait5","mrMLM","PstI.TP142130","11","1186","-1.3745e-05","0.003","C"
"4","Trait5","mrMLM","PstI.TP142256","11","1187","-0.0328","0.3324","C"
"4","Trait5","mrMLM","PstI.TP142379","11","1189","8.3636e-06","0.0018","A"
"4","Trait5","mrMLM","PstI.TP142614","11","1193","-1.4154e-05","0.0031","A"
"4","Trait5","mrMLM","PstI.TP142684","11","1194","4e-04","0.0303","A"
"4","Trait5","mrMLM","PstI.TP142685","11","1195","0.0386","0.4477","A"
"4","Trait5","mrMLM","PstI.TP142755","11","1196","-0.0292","0.2506","A"
"4","Trait5","mrMLM","PstI.TP142946","11","1198","-1.6224e-05","0.0035","A"
"4","Trait5","mrMLM","PstI.TP142964","11","1199","1.8438e-06","4e-04","A"
"4","Trait5","mrMLM","PstI.TP142986","11","1200","1.6879e-05","0.0037","A"
"4","Trait5","mrMLM","PstI.TP143038","11","1201","1.939e-05","0.0042","A"
"4","Trait5","mrMLM","PstI.TP143068","11","1203","7.317e-07","2e-04","A"
"4","Trait5","mrMLM","PstI.TP143220","11","1205","-0.3265","1.1541","C"
"4","Trait5","mrMLM","PstI.TP143384","11","1206","-9.3969e-07","2e-04","G"
"4","Trait5","mrMLM","PstI.TP143506","11","1207","2.1156e-05","0.0046","C"
"4","Trait5","mrMLM","PstI.TP143572","11","1209","1.481e-05","0.0032","A"
"4","Trait5","mrMLM","PstI.TP143644","11","1211","-4.4787e-06","0.001","G"
"4","Trait5","mrMLM","PstI.TP143749","11","1212","1.8095e-05","0.004","A"
"4","Trait5","mrMLM","PstI.TP143773","11","1214","1.3491e-05","0.0029","G"
"4","Trait5","mrMLM","PstI.TP143805","11","1215","2.0997e-05","0.0046","A"
"4","Trait5","mrMLM","PstI.TP143857","11","1216","2.1037e-05","0.0046","C"
"4","Trait5","mrMLM","PstI.TP143894","11","1217","0.0825","0.3552","A"
"4","Trait5","mrMLM","PstI.TP144140","11","1218","-0.0714","0.6262","A"
"4","Trait5","mrMLM","PstI.TP144181","11","1219","1.3495e-05","0.0029","A"
"4","Trait5","mrMLM","PstI.TP144413","11","1220","3.4281e-05","0.0075","G"
"4","Trait5","mrMLM","PstI.TP144622","11","1221","-0.0298","0.3272","A"
"4","Trait5","mrMLM","PstI.TP144650","11","1222","0.0773","0.6456","A"
"4","Trait5","mrMLM","PstI.TP145003","11","1223","-3.2737e-05","0.0072","G"
"4","Trait5","mrMLM","PstI.TP145177","11","1224","-0.0681","0.6469","A"
"4","Trait5","mrMLM","PstI.TP145538","11","1225","2.282e-05","0.005","C"
"4","Trait5","mrMLM","PstI.TP145809","11","1227","1.1419e-05","0.0025","C"
"4","Trait5","mrMLM","PstI.TP145934","11","1228","-0.1263","1.075","C"
"4","Trait5","mrMLM","PstI.TP146062","11","1230","1.1946e-05","0.0026","C"
"4","Trait5","mrMLM","PstI.TP146096","11","1231","1.5221e-05","0.0033","A"
"4","Trait5","mrMLM","PstI.TP146456","11","1232","-8.901e-06","0.0019","A"
"4","Trait5","mrMLM","PstI.TP146695","11","1233","-0.0213","0.2309","A"
"4","Trait5","mrMLM","PstI.TP146774","11","1234","0.0185","0.2357","A"
"4","Trait5","mrMLM","PstI.TP147075","11","1235","0.2158","0.7898","C"
"4","Trait5","mrMLM","PstI.TP147905","11","1237","-4.8831e-06","0.0011","G"
"4","Trait5","mrMLM","PstI.TP148431","11","1238","-1.3755e-05","0.003","C"
"4","Trait5","mrMLM","PstI.TP148658","11","1240","-0.1617","0.8077","G"
"4","Trait5","mrMLM","PstI.TP148762","11","1241","4.8445e-07","1e-04","C"
"4","Trait5","mrMLM","PstI.TP148918","11","1242","-1.7084e-07","3.7188e-05","A"
"4","Trait5","mrMLM","PstI.TP148984","11","1243","7.4404e-06","0.0016","G"
"4","Trait5","mrMLM","PstI.TP149053","11","1244","-0.032","0.2743","A"
"4","Trait5","mrMLM","PstI.TP150156","11","1246","-0.1083","1.4098","A"
"4","Trait5","mrMLM","PstI.TP150827","11","1249","-1.8102e-05","0.004","A"
"4","Trait5","mrMLM","PstI.TP151071","11","1250","-1.3883e-05","0.003","G"
"4","Trait5","mrMLM","PstI.TP151124","11","1251","0.0114","0.1773","A"
"4","Trait5","mrMLM","PstI.TP151939","11","1254","-3.5985e-06","8e-04","A"
"4","Trait5","mrMLM","PstI.TP152329","11","1257","-4.2963e-06","9e-04","A"
"4","Trait5","mrMLM","PstI.TP152409","11","1258","2.4703e-05","0.0054","A"
"4","Trait5","mrMLM","PstI.TP152505","11","1259","0.0865","1.0426","A"
"4","Trait5","mrMLM","PstI.TP152511","11","1260","1.4659e-05","0.0032","C"
"4","Trait5","mrMLM","PstI.TP152709","11","1261","1.8635e-06","4e-04","A"
"4","Trait5","mrMLM","PstI.TP152718","11","1262","1.3928e-05","0.003","C"
"4","Trait5","mrMLM","PstI.TP152995","11","1264","-9.823e-06","0.0021","C"
"4","Trait5","mrMLM","PstI.TP153213","11","1265","0.1422","0.8867","A"
"4","Trait5","mrMLM","PstI.TP153239","11","1266","-1.0653e-05","0.0023","C"
"4","Trait5","mrMLM","PstI.TP153481","11","1267","-0.1386","0.7614","G"
"4","Trait5","mrMLM","PstI.TP153533","11","1270","1.594e-05","0.0035","A"
"4","Trait5","mrMLM","PstI.TP153683","11","1271","7.5274e-06","0.0016","A"
"4","Trait5","mrMLM","PstI.TP154510","11","1273","-2.1086e-05","0.0046","A"
"4","Trait5","mrMLM","PstI.TP154672","11","1274","-0.0259","0.2234","A"
"4","Trait5","mrMLM","PstI.TP154805","11","1275","-1.4128e-05","0.0031","C"
"4","Trait5","mrMLM","PstI.TP154842","11","1277","-0.0118","0.1481","G"
"4","Trait5","mrMLM","PstI.TP154932","11","1278","-0.0933","0.4134","G"
"4","Trait5","mrMLM","PstI.TP155191","11","1279","1.742e-05","0.0038","C"
"4","Trait5","mrMLM","PstI.TP155357","11","1280","9.6222e-06","0.0021","C"
"4","Trait5","mrMLM","PstI.TP155404","11","1281","-2.1345e-05","0.0047","A"
"4","Trait5","mrMLM","PstI.TP156037","11","1285","-0.4382","1.4238","C"
"4","Trait5","mrMLM","PstI.TP156090","11","1286","-1.1528e-06","3e-04","C"
"4","Trait5","mrMLM","PstI.TP156136","11","1287","0.0189","0.1893","C"
"4","Trait5","mrMLM","PstI.TP156223","11","1288","3.7949e-05","0.0083","A"
"4","Trait5","mrMLM","PstI.TP156548","11","1289","1.4754e-05","0.0032","C"
"4","Trait5","mrMLM","PstI.TP157003","11","1290","3.8434e-07","8.3672e-05","C"
"4","Trait5","mrMLM","PstI.TP157942","11","1293","1.0759e-05","0.0023","C"
"4","Trait5","mrMLM","PstI.TP157965","11","1294","-1.7456e-05","0.0038","A"
"4","Trait5","mrMLM","PstI.TP158011","11","1295","-1.9092e-05","0.0042","G"
"4","Trait5","mrMLM","PstI.TP158297","11","1297","-2.7061e-05","0.0059","C"
"4","Trait5","mrMLM","PstI.TP158576","11","1299","0.3077","2.4552","G"
"4","Trait5","mrMLM","PstI.TP158728","11","1301","-0.0823","0.688","A"
"4","Trait5","mrMLM","PstI.TP158844","11","1302","-0.1557","1.1882","A"
"4","Trait5","mrMLM","PstI.TP158908","11","1303","-6.9669e-06","0.0015","C"
"4","Trait5","mrMLM","PstI.TP159179","11","1304","-1.9544e-05","0.0043","A"
"4","Trait5","mrMLM","PstI.TP159185","11","1305","1.3692e-05","0.003","C"
"4","Trait5","mrMLM","PstI.TP159372","11","1308","2.5499e-05","0.0056","A"
"4","Trait5","mrMLM","PstI.TP159460","11","1309","-0.0597","0.3975","C"
"4","Trait5","mrMLM","PstI.TP159505","11","1310","7.5199e-06","0.0016","A"
"4","Trait5","mrMLM","PstI.TP159682","11","1311","0.0105","0.1776","A"
"4","Trait5","mrMLM","PstI.TP159748","11","1312","-1.5413e-05","0.0034","A"
"4","Trait5","mrMLM","PstI.TP159779","11","1313","2.876e-05","0.0063","A"
"4","Trait5","mrMLM","PstI.TP159827","11","1314","-2.1357e-05","0.0047","G"
"4","Trait5","mrMLM","PstI.TP159873","11","1316","-1.2296e-05","0.0027","A"
"4","Trait5","mrMLM","PstI.TP160620","11","1319","0.3019","3.0059","A"
"4","Trait5","mrMLM","PstI.TP160736","11","1321","-1.6162e-05","0.0035","A"
"4","Trait5","mrMLM","PstI.TP160752","11","1322","-2.8118e-05","0.0062","C"
"4","Trait5","mrMLM","PstI.TP160805","11","1323","0.1232","0.6618","G"
"4","Trait5","mrMLM","PstI.TP160845","11","1324","-0.2244","2.2185","C"
"4","Trait5","mrMLM","PstI.TP161018","11","1326","0.2199","0.7853","A"
"4","Trait5","mrMLM","PstI.TP161021","11","1327","-7.7084e-07","2e-04","C"
"4","Trait5","mrMLM","PstI.TP161059","11","1328","-1.9263e-05","0.0042","C"
"4","Trait5","mrMLM","PstI.TP161178","11","1329","-0.025","0.2592","C"
"4","Trait5","mrMLM","PstI.TP161436","11","1332","1.3746e-05","0.003","A"
"4","Trait5","mrMLM","PstI.TP162241","11","1333","-1.9815e-05","0.0043","C"
"4","Trait5","mrMLM","PstI.TP162263","11","1334","0.0847","0.5734","C"
"4","Trait5","mrMLM","PstI.TP162301","11","1335","0.0054","0.1148","A"
"4","Trait5","mrMLM","PstI.TP162310","11","1336","1.612e-05","0.0035","A"
"4","Trait5","mrMLM","PstI.TP162397","11","1337","9.1213e-06","0.002","A"
"4","Trait5","mrMLM","PstI.TP162401","11","1338","4.0361e-06","9e-04","C"
"4","Trait5","mrMLM","PstI.TP162632","11","1339","-1.3643e-05","0.003","A"
"4","Trait5","mrMLM","PstI.TP162697","11","1340","5.1663e-06","0.0011","C"
"4","Trait5","mrMLM","PstI.TP163230","11","1342","-0.0403","0.2856","C"
"4","Trait5","mrMLM","PstI.TP163772","11","1345","-1.1611e-05","0.0025","A"
"4","Trait5","mrMLM","PstI.TP163860","11","1347","3.0898e-06","7e-04","A"
"4","Trait5","mrMLM","PstI.TP163923","11","1348","3.1003e-05","0.0068","A"
"4","Trait5","mrMLM","PstI.TP163929","11","1349","-0.1052","0.6513","C"
"4","Trait5","mrMLM","PstI.TP164016","11","1350","-0.0315","0.3514","A"
"4","Trait5","mrMLM","PstI.TP164060","11","1351","-1.4812e-05","0.0032","C"
"4","Trait5","mrMLM","PstI.TP164133","11","1352","0.0449","0.4224","A"
"4","Trait5","mrMLM","PstI.TP164155","11","1353","-0.0229","0.2733","A"
"4","Trait5","mrMLM","PstI.TP164605","11","1356","1.1396e-06","2e-04","A"
"4","Trait5","mrMLM","PstI.TP164661","11","1357","9.92e-06","0.0022","G"
"4","Trait5","mrMLM","PstI.TP165585","11","1359","0.0053","0.1201","G"
"4","Trait5","mrMLM","PstI.TP165587","11","1360","-7.3098e-06","0.0016","A"
"4","Trait5","mrMLM","PstI.TP165648","11","1361","3.186e-05","0.007","A"
"4","Trait5","mrMLM","PstI.TP166018","11","1363","-7.4482e-06","0.0016","A"
"4","Trait5","mrMLM","PstI.TP166331","11","1366","-0.1221","0.7772","A"
"4","Trait5","mrMLM","PstI.TP166904","11","1367","-8.7995e-06","0.0019","C"
"4","Trait5","mrMLM","PstI.TP166938","11","1368","-2.4195e-05","0.0053","C"
"4","Trait5","mrMLM","PstI.TP167040","11","1369","0.025","0.3706","C"
"4","Trait5","mrMLM","PstI.TP167287","11","1370","2.7575e-07","6.0018e-05","A"
"4","Trait5","mrMLM","PstI.TP167467","11","1371","5.3767e-06","0.0012","A"
"4","Trait5","mrMLM","PstI.TP167831","11","1372","-0.0562","0.3298","C"
"4","Trait5","mrMLM","PstI.TP167893","11","1373","0.0241","0.3369","A"
"4","Trait5","mrMLM","PstI.TP168139","11","1375","1.3399e-05","0.0029","C"
"4","Trait5","mrMLM","PstI.TP168162","11","1376","8.2547e-06","0.0018","C"
"4","Trait5","mrMLM","PstI.TP168207","11","1377","3.7865e-06","8e-04","A"
"4","Trait5","mrMLM","PstI.TP168281","11","1379","-8.9184e-06","0.0019","C"
"4","Trait5","mrMLM","PstI.TP168319","11","1380","-2.2426e-06","5e-04","C"
"4","Trait5","mrMLM","PstI.TP168441","11","1381","-2.4525e-05","0.0054","C"
"4","Trait5","mrMLM","PstI.TP168491","11","1382","-0.2032","0.6055","G"
"4","Trait5","mrMLM","PstI.TP168592","11","1384","2.353e-05","0.0052","C"
"4","Trait5","mrMLM","PstI.TP168885","11","1386","1.9556e-05","0.0043","A"
"4","Trait5","mrMLM","PstI.TP169069","11","1387","-0.075","0.4871","A"
"4","Trait5","mrMLM","PstI.TP169118","11","1388","2.4062e-05","0.0053","A"
"4","Trait5","mrMLM","PstI.TP169172","11","1389","1.3386e-05","0.0029","C"
"4","Trait5","mrMLM","PstI.TP169478","11","1390","0.0675","0.7983","A"
"4","Trait5","mrMLM","PstI.TP169528","11","1391","-1.4632e-05","0.0032","A"
"4","Trait5","mrMLM","PstI.TP169892","11","1393","-0.1783","0.5816","C"
"4","Trait5","mrMLM","PstI.TP169954","11","1394","-3.7239e-06","8e-04","A"
"4","Trait5","mrMLM","PstI.TP169985","11","1395","-0.1494","2.2984","A"
"4","Trait5","mrMLM","PstI.TP170025","11","1396","-2.1858e-05","0.0048","A"
"4","Trait5","mrMLM","PstI.TP170196","11","1398","-3.6925e-05","0.0081","C"
"4","Trait5","mrMLM","PstI.TP170278","11","1399","-0.0163","0.2074","C"
"4","Trait5","mrMLM","PstI.TP170647","11","1402","2.13e-05","0.0047","C"
"4","Trait5","mrMLM","PstI.TP170887","11","1403","-9.7357e-06","0.0021","A"
"4","Trait5","mrMLM","PstI.TP171414","11","1405","2.4366e-06","5e-04","A"
"4","Trait5","mrMLM","PstI.TP171418","11","1406","2.021e-05","0.0044","G"
"4","Trait5","mrMLM","PstI.TP171747","11","1409","-1.2773e-05","0.0028","A"
"4","Trait5","mrMLM","PstI.TP171760","11","1410","-2.682e-05","0.0059","C"
"4","Trait5","mrMLM","PstI.TP172351","11","1412","1.9994e-05","0.0044","A"
"4","Trait5","mrMLM","PstI.TP172569","11","1414","-0.1759","0.9645","A"
"4","Trait5","mrMLM","PstI.TP172746","11","1415","-0.1393","0.8185","C"
"4","Trait5","mrMLM","PstI.TP172766","11","1416","-1.1946e-05","0.0026","C"
"4","Trait5","mrMLM","PstI.TP172842","11","1417","-8.1497e-06","0.0018","A"
"4","Trait5","mrMLM","PstI.TP172948","11","1418","1.0244e-05","0.0022","C"
"4","Trait5","mrMLM","PstI.TP173114","11","1419","-0.3855","2.2216","A"
"4","Trait5","mrMLM","PstI.TP173458","11","1420","-1.4407e-05","0.0031","A"
"4","Trait5","mrMLM","PstI.TP173467","11","1421","2.677e-06","6e-04","C"
"4","Trait5","mrMLM","PstI.TP173578","11","1424","-0.062","0.6827","C"
"4","Trait5","mrMLM","PstI.TP173646","11","1425","2.0652e-05","0.0045","C"
"4","Trait5","mrMLM","PstI.TP173678","11","1427","-1.3638e-05","0.003","G"
"4","Trait5","mrMLM","PstI.TP173774","11","1428","2.5569e-05","0.0056","A"
"4","Trait5","mrMLM","PstI.TP174000","11","1429","-2.2953e-05","0.005","A"
"4","Trait5","mrMLM","PstI.TP174477","11","1430","-2.6268e-05","0.0058","C"
"4","Trait5","mrMLM","PstI.TP174556","11","1431","0.0739","0.579","C"
"4","Trait5","mrMLM","PstI.TP174949","11","1432","9.5504e-06","0.0021","A"
"4","Trait5","mrMLM","PstI.TP175143","11","1435","0.0278","0.2442","C"
"4","Trait5","mrMLM","PstI.TP175170","11","1436","1.2028e-05","0.0026","C"
"4","Trait5","mrMLM","PstI.TP175236","11","1438","-1.0605e-05","0.0023","G"
"4","Trait5","mrMLM","PstI.TP175521","11","1439","5.2544e-06","0.0011","G"
"4","Trait5","mrMLM","PstI.TP175593","11","1440","2.1558e-05","0.0047","C"
"4","Trait5","mrMLM","PstI.TP175620","11","1441","-4.9227e-06","0.0011","C"
"4","Trait5","mrMLM","PstI.TP175634","11","1442","-0.0115","0.1776","C"
"4","Trait5","mrMLM","PstI.TP175702","11","1443","0.0726","0.3534","A"
"4","Trait5","mrMLM","PstI.TP175721","11","1444","4.8338e-06","0.0011","G"
"4","Trait5","mrMLM","PstI.TP175806","11","1446","0.1773","1.2353","C"
"4","Trait5","mrMLM","PstI.TP175927","11","1448","-0.075","0.327","G"
"4","Trait5","mrMLM","PstI.TP176035","11","1449","-4.5235e-06","0.001","A"
"4","Trait5","mrMLM","PstI.TP176062","11","1450","0.0726","0.8752","A"
"4","Trait5","mrMLM","PstI.TP176186","11","1451","-3.6994e-06","8e-04","A"
"4","Trait5","mrMLM","PstI.TP176307","11","1452","6e-04","0.0345","A"
"4","Trait5","mrMLM","PstI.TP176798","11","1453","-1.4149e-05","0.0031","A"
"4","Trait5","mrMLM","PstI.TP177101","11","1454","-2.5684e-05","0.0056","C"
"4","Trait5","mrMLM","PstI.TP177166","11","1456","3.0877e-06","7e-04","C"
"4","Trait5","mrMLM","PstI.TP177440","11","1457","-0.0381","0.3362","A"
"4","Trait5","mrMLM","PstI.TP177523","11","1458","0.0822","0.6497","A"
"4","Trait5","mrMLM","PstI.TP177901","11","1459","-1.8613e-05","0.0041","A"
"4","Trait5","mrMLM","PstI.TP178216","11","1460","5.649e-06","0.0012","C"
"4","Trait5","mrMLM","PstI.TP178301","11","1461","1.0894e-05","0.0024","C"
"4","Trait5","mrMLM","PstI.TP178349","11","1462","3.3534e-05","0.0074","C"
"4","Trait5","mrMLM","PstI.TP178386","11","1463","8.6199e-06","0.0019","A"
"4","Trait5","mrMLM","PstI.TP178437","11","1464","-1.2585e-06","3e-04","G"
"4","Trait5","mrMLM","PstI.TP178438","11","1465","-1.3282e-05","0.0029","A"
"4","Trait5","mrMLM","PstI.TP178503","11","1466","-0.2378","1.2272","G"
"4","Trait5","mrMLM","PstI.TP178620","11","1467","-1.7048e-05","0.0037","C"
"4","Trait5","mrMLM","PstI.TP178993","11","1468","6.5519e-06","0.0014","A"
"4","Trait5","mrMLM","PstI.TP179464","11","1469","0.1257","0.5688","A"
"4","Trait5","mrMLM","PstI.TP179522","11","1470","1.0856e-06","2e-04","A"
"4","Trait5","mrMLM","PstI.TP179859","11","1472","0.0293","0.3021","C"
"4","Trait5","mrMLM","PstI.TP179883","11","1473","3.588e-06","8e-04","A"
"4","Trait5","mrMLM","PstI.TP179937","11","1476","9.1436e-06","0.002","A"
"4","Trait5","mrMLM","PstI.TP180007","11","1477","0.2304","0.8165","C"
"4","Trait5","mrMLM","PstI.TP180163","11","1479","-5.6056e-06","0.0012","A"
"4","Trait5","mrMLM","PstI.TP180517","11","1480","-0.1853","1.1296","A"
"4","Trait5","mrMLM","PstI.TP180600","11","1481","-5.4809e-06","0.0012","A"
"4","Trait5","mrMLM","PstI.TP180894","11","1482","-1.9013e-06","4e-04","A"
"4","Trait5","mrMLM","PstI.TP180929","11","1483","-0.0647","0.8707","A"
"4","Trait5","mrMLM","PstI.TP181122","11","1484","-0.0106","0.1703","C"
"4","Trait5","mrMLM","PstI.TP181127","11","1485","-0.0421","0.4059","A"
"4","Trait5","mrMLM","PstI.TP181250","11","1487","0.0249","0.1768","C"
"4","Trait5","mrMLM","PstI.TP181252","11","1488","-5.2892e-06","0.0012","C"
"4","Trait5","mrMLM","PstI.TP181457","11","1490","0.0785","0.763","A"
"4","Trait5","mrMLM","PstI.TP181796","11","1492","1.1877e-05","0.0026","C"
"4","Trait5","mrMLM","PstI.TP181854","11","1493","1.552e-06","3e-04","C"
"4","Trait5","mrMLM","PstI.TP181916","11","1495","2.2918e-05","0.005","C"
"4","Trait5","mrMLM","PstI.TP181983","11","1496","-1.571e-05","0.0034","C"
"4","Trait5","mrMLM","PstI.TP182059","11","1497","1.0619e-05","0.0023","C"
"4","Trait5","mrMLM","PstI.TP182489","11","1499","-0.0523","0.3803","A"
"4","Trait5","mrMLM","PstI.TP182621","11","1500","-0.0528","0.6301","A"
"4","Trait5","mrMLM","PstI.TP183004","11","1501","-0.0037","0.0973","A"
"4","Trait5","mrMLM","PstI.TP183135","11","1502","3.3619e-06","7e-04","C"
"4","Trait5","mrMLM","PstI.TP183151","11","1503","1.4297e-05","0.0031","A"
"4","Trait5","mrMLM","PstI.TP183739","11","1504","4.7929e-05","0.0106","C"
"4","Trait5","mrMLM","PstI.TP183967","11","1505","2.2377e-06","5e-04","A"
"4","Trait5","mrMLM","PstI.TP184058","11","1506","-2.3284e-05","0.0051","G"
"4","Trait5","mrMLM","PstI.TP184375","11","1508","-1.0141e-05","0.0022","A"
"4","Trait5","mrMLM","PstI.TP184391","11","1509","-1.0089e-06","2e-04","A"
"4","Trait5","mrMLM","PstI.TP184407","11","1510","2.0825e-05","0.0046","C"
"4","Trait5","mrMLM","PstI.TP184516","11","1511","-0.0177","0.2658","A"
"4","Trait5","mrMLM","PstI.TP184692","11","1512","-0.0051","0.1263","C"
"4","Trait5","mrMLM","PstI.TP184799","11","1513","8.1222e-06","0.0018","C"
"4","Trait5","mrMLM","PstI.TP184849","11","1514","1.022e-05","0.0022","A"
"4","Trait5","mrMLM","PstI.TP185252","11","1516","1.3245e-05","0.0029","A"
"4","Trait5","mrMLM","PstI.TP185309","11","1517","-2.6111e-06","6e-04","A"
"4","Trait5","mrMLM","PstI.TP185310","11","1518","8.5248e-07","2e-04","A"
"4","Trait5","mrMLM","PstI.TP185501","11","1519","-4.7776e-06","0.001","A"
"4","Trait5","mrMLM","PstI.TP185653","11","1520","1.8537e-05","0.0041","C"
"4","Trait5","mrMLM","PstI.TP185658","11","1521","1.6707e-06","4e-04","A"
"4","Trait5","mrMLM","PstI.TP185897","11","1522","8.0931e-06","0.0018","A"
"4","Trait5","mrMLM","PstI.TP185917","11","1523","2.0689e-06","5e-04","A"
"4","Trait5","mrMLM","PstI.TP185939","11","1524","2.2957e-05","0.005","C"
"4","Trait5","mrMLM","PstI.TP186419","11","1526","-1.6832e-05","0.0037","A"
"4","Trait5","mrMLM","PstI.TP186444","11","1527","2.0135e-05","0.0044","C"
"4","Trait5","mrMLM","PstI.TP186469","11","1528","-3.7599e-06","8e-04","C"
"4","Trait5","mrMLM","PstI.TP187087","11","1529","-6.8243e-06","0.0015","A"
"4","Trait5","mrMLM","PstI.TP187258","11","1530","-2.6385e-05","0.0058","C"
"4","Trait5","mrMLM","PstI.TP187918","11","1532","2.0622e-05","0.0045","G"
"4","Trait5","mrMLM","PstI.TP187994","11","1533","-6.4284e-06","0.0014","C"
"4","Trait5","mrMLM","PstI.TP188052","11","1534","0.1833","0.7154","C"
"4","Trait5","mrMLM","PstI.TP188414","11","1535","1.7771e-05","0.0039","A"
"4","Trait5","mrMLM","PstI.TP188797","11","1536","-2.1869e-05","0.0048","A"
"4","Trait5","mrMLM","PstI.TP188877","11","1537","-1.6822e-05","0.0037","A"
"4","Trait5","mrMLM","PstI.TP188943","11","1538","8.7624e-06","0.0019","A"
"4","Trait5","mrMLM","PstI.TP189065","11","1539","0.068","0.5071","C"
"4","Trait5","mrMLM","PstI.TP189070","11","1540","-1.1982e-05","0.0026","C"
"4","Trait5","mrMLM","PstI.TP189102","11","1542","3.4861e-06","8e-04","A"
"4","Trait5","mrMLM","PstI.TP189198","11","1543","-3.1215e-05","0.0068","G"
"4","Trait5","mrMLM","PstI.TP189313","11","1544","3.1338e-05","0.0069","C"
"4","Trait5","mrMLM","PstI.TP189379","11","1545","1.2037e-05","0.0026","C"
"4","Trait5","mrMLM","PstI.TP189419","11","1546","0.1477","0.9934","G"
"4","Trait5","mrMLM","PstI.TP189633","11","1547","-0.1053","0.5213","C"
"4","Trait5","mrMLM","PstI.TP189665","11","1548","1.4773e-05","0.0032","C"
"4","Trait5","mrMLM","PstI.TP190009","11","1549","-0.0862","0.9928","G"
"4","Trait5","mrMLM","PstI.TP190033","11","1550","3.8821e-06","8e-04","C"
"4","Trait5","mrMLM","PstI.TP190150","11","1552","-0.0983","1.3103","A"
"4","Trait5","mrMLM","PstI.TP190242","11","1553","1.1654e-05","0.0025","A"
"4","Trait5","mrMLM","PstI.TP190296","11","1554","0.0853","0.2778","A"
"4","Trait5","mrMLM","PstI.TP190318","11","1555","-1.5774e-05","0.0034","C"
"4","Trait5","mrMLM","PstI.TP190492","11","1556","1.2633e-05","0.0028","C"
"4","Trait5","mrMLM","PstI.TP190688","11","1558","-0.1009","0.4009","A"
"4","Trait5","mrMLM","PstI.TP190814","11","1559","0.0216","0.3111","G"
"4","Trait5","mrMLM","PstI.TP191200","11","1561","0.0753","0.5672","A"
"4","Trait5","mrMLM","PstI.TP191335","11","1562","-1.7568e-05","0.0038","G"
"4","Trait5","mrMLM","PstI.TP191364","11","1563","0.0124","0.172","C"
"4","Trait5","mrMLM","PstI.TP191369","11","1564","-1.8663e-06","4e-04","C"
"4","Trait5","mrMLM","PstI.TP191455","11","1565","6.5767e-06","0.0014","A"
"4","Trait5","mrMLM","PstI.TP191473","11","1566","0.1167","0.7368","A"
"4","Trait5","mrMLM","PstI.TP191510","11","1567","-0.044","0.4567","A"
"4","Trait5","mrMLM","PstI.TP191520","11","1568","-1.4246e-05","0.0031","A"
"4","Trait5","mrMLM","PstI.TP191591","11","1569","-1.9896e-05","0.0044","C"
"4","Trait5","mrMLM","PstI.TP191608","11","1570","-2.4037e-05","0.0053","C"
"4","Trait5","mrMLM","PstI.TP191619","11","1571","-2.2216e-06","5e-04","C"
"4","Trait5","mrMLM","PstI.TP191688","11","1572","-2.893e-06","6e-04","C"
"4","Trait5","mrMLM","PstI.TP192044","11","1573","0.0975","1.5393","A"
"4","Trait5","mrMLM","PstI.TP192234","11","1574","-2.5429e-05","0.0056","A"
"4","Trait5","mrMLM","PstI.TP192620","11","1575","0.1624","0.6759","C"
"4","Trait5","mrMLM","PstI.TP192794","11","1577","1.7676e-05","0.0039","A"
"4","Trait5","mrMLM","PstI.TP193244","11","1578","0.072","0.4572","A"
"4","Trait5","mrMLM","PstI.TP193392","11","1579","-3.5738e-05","0.0078","A"
"4","Trait5","mrMLM","PstI.TP194177","11","1582","0.205","0.886","C"
"4","Trait5","mrMLM","PstI.TP194654","11","1584","-3.0663e-05","0.0067","A"
"4","Trait5","mrMLM","PstI.TP194797","11","1585","-1.2159e-05","0.0027","C"
"4","Trait5","mrMLM","PstI.TP194815","11","1586","1.4019e-05","0.0031","C"
"4","Trait5","mrMLM","PstI.TP194887","11","1587","0.1362","0.8375","C"
"4","Trait5","mrMLM","PstI.TP194988","11","1588","-2.7854e-05","0.0061","A"
"4","Trait5","mrMLM","PstI.TP195218","11","1591","-0.0114","0.1468","C"
"4","Trait5","mrMLM","PstI.TP195327","11","1592","-3.7029e-06","8e-04","A"
"4","Trait5","mrMLM","PstI.TP195367","11","1593","-3.5617e-06","8e-04","G"
"4","Trait5","mrMLM","PstI.TP195491","11","1594","-0.0397","0.4168","G"
"4","Trait5","mrMLM","PstI.TP195838","11","1595","-0.1468","1.8345","G"
"4","Trait5","mrMLM","PstI.TP196061","11","1597","9.5546e-07","2e-04","A"
"4","Trait5","mrMLM","PstI.TP196073","11","1598","-3.8222e-06","8e-04","G"
"4","Trait5","mrMLM","PstI.TP196133","11","1599","-1.7658e-05","0.0039","G"
"4","Trait5","mrMLM","PstI.TP196590","11","1601","0.1125","0.6003","G"
"4","Trait5","mrMLM","PstI.TP196680","11","1602","-1.2189e-05","0.0027","A"
"4","Trait5","mrMLM","PstI.TP196691","11","1603","0.0026","0.0855","C"
"4","Trait5","mrMLM","PstI.TP196733","11","1604","1.0677e-05","0.0023","A"
"4","Trait5","mrMLM","PstI.TP197124","11","1607","-1.8787e-06","4e-04","G"
"4","Trait5","mrMLM","PstI.TP197174","11","1608","0.1077","0.6305","C"
"4","Trait5","mrMLM","PstI.TP198056","11","1612","0.4667","3.8539","A"
"4","Trait5","mrMLM","PstI.TP198126","11","1613","-9.0139e-06","0.002","A"
"4","Trait5","mrMLM","PstI.TP198374","11","1614","0.0076","0.1375","A"
"4","Trait5","mrMLM","PstI.TP198603","11","1615","-8.2781e-06","0.0018","A"
"4","Trait5","mrMLM","PstI.TP198630","11","1616","0.0655","0.7109","A"
"4","Trait5","mrMLM","PstI.TP198647","11","1617","1.7581e-05","0.0038","A"
"4","Trait5","mrMLM","PstI.TP198662","11","1618","1.6301e-05","0.0036","A"
"4","Trait5","mrMLM","PstI.TP198822","11","1619","-0.0239","0.1932","G"
"4","Trait5","mrMLM","PstI.TP199027","11","1620","-0.0071","0.1028","G"
"4","Trait5","mrMLM","PstI.TP199075","11","1621","-7.3693e-06","0.0016","A"
"4","Trait5","mrMLM","PstI.TP199096","11","1622","1.2326e-07","2.6829e-05","G"
"4","Trait5","mrMLM","PstI.TP199264","11","1623","0.0708","0.6125","A"
"4","Trait5","mrMLM","PstI.TP199490","11","1624","2.5172e-07","5.4779e-05","C"
"4","Trait5","mrMLM","PstI.TP199641","11","1625","-8e-04","0.0356","C"
"4","Trait5","mrMLM","PstI.TP199807","11","1626","2.7708e-05","0.0061","C"
"4","Trait5","mrMLM","PstI.TP199817","11","1628","0.2105","1.9719","A"
"4","Trait5","mrMLM","PstI.TP199859","11","1629","1.4553e-05","0.0032","A"
"4","Trait5","mrMLM","PstI.TP199866","11","1630","0.0476","0.5545","A"
"4","Trait5","mrMLM","PstI.TP199887","11","1631","2.4759e-06","5e-04","A"
"4","Trait5","mrMLM","PstI.TP199951","11","1632","-0.005","0.0799","A"
"4","Trait5","mrMLM","PstI.TP200108","11","1633","0.1144","0.6665","C"
"4","Trait5","mrMLM","PstI.TP200259","11","1634","1.3385e-05","0.0029","A"
"4","Trait5","mrMLM","PstI.TP200261","11","1635","-9.8452e-06","0.0021","A"
"4","Trait5","mrMLM","PstI.TP200472","11","1636","5.9244e-06","0.0013","C"
"4","Trait5","mrMLM","PstI.TP200675","11","1637","0.0891","0.4889","A"
"4","Trait5","mrMLM","PstI.TP200776","11","1638","-4.6336e-06","0.001","A"
"4","Trait5","mrMLM","PstI.TP200865","11","1639","-8.5063e-06","0.0019","A"
"4","Trait5","mrMLM","PstI.TP200892","11","1640","6.5399e-06","0.0014","C"
"4","Trait5","mrMLM","PstI.TP201108","11","1641","1.9866e-05","0.0043","A"
"4","Trait5","mrMLM","PstI.TP201406","11","1644","1.4142e-05","0.0031","A"
"4","Trait5","mrMLM","PstI.TP201408","11","1645","3.0759e-06","7e-04","C"
"4","Trait5","mrMLM","PstI.TP201489","11","1646","-9.3304e-06","0.002","A"
"4","Trait5","mrMLM","PstI.TP201539","11","1647","0.1676","1.2227","A"
"4","Trait5","mrMLM","PstI.TP201653","11","1648","-3.4888e-06","8e-04","A"
"4","Trait5","mrMLM","PstI.TP201678","11","1649","-3.9943e-06","9e-04","C"
"4","Trait5","mrMLM","PstI.TP201683","11","1650","0.0268","0.1881","A"
"4","Trait5","mrMLM","PstI.TP201752","11","1651","0.1578","0.92","C"
"4","Trait5","mrMLM","PstI.TP202060","11","1652","1.4158e-05","0.0031","C"
"4","Trait5","mrMLM","PstI.TP202104","11","1653","-1.4881e-05","0.0033","A"
"4","Trait5","mrMLM","PstI.TP202221","11","1654","0.101","1.0494","A"
"4","Trait5","mrMLM","PstI.TP203196","11","1657","-5.0368e-06","0.0011","A"
"4","Trait5","mrMLM","PstI.TP203214","11","1658","2.1726e-05","0.0048","G"
"4","Trait5","mrMLM","PstI.TP203344","11","1659","-0.0558","0.6428","C"
"4","Trait5","mrMLM","PstI.TP203477","11","1660","1.0924e-05","0.0024","C"
"4","Trait5","mrMLM","PstI.TP203581","11","1662","-0.0249","0.2582","C"
"4","Trait5","mrMLM","PstI.TP203815","11","1664","-1.0948e-05","0.0024","A"
"4","Trait5","mrMLM","PstI.TP204191","11","1666","-0.0983","0.8438","A"
"4","Trait5","mrMLM","PstI.TP204231","11","1667","1.1146e-05","0.0024","A"
"4","Trait5","mrMLM","PstI.TP204357","11","1668","-0.2871","1.2957","C"
"4","Trait5","mrMLM","PstI.TP204579","11","1669","-4.271e-06","9e-04","A"
"4","Trait5","mrMLM","PstI.TP204842","11","1672","7.5972e-06","0.0017","A"
"4","Trait5","mrMLM","PstI.TP204888","11","1673","-1.0408e-05","0.0023","A"
"4","Trait5","mrMLM","PstI.TP204901","11","1674","8e-04","0.0343","A"
"4","Trait5","mrMLM","PstI.TP205009","11","1675","-0.1288","0.6559","C"
"4","Trait5","mrMLM","PstI.TP205095","11","1676","2.558e-05","0.0056","C"
"4","Trait5","mrMLM","PstI.TP205136","11","1677","6.4866e-07","1e-04","C"
"4","Trait5","mrMLM","PstI.TP205179","11","1678","3.0539e-05","0.0067","C"
"4","Trait5","mrMLM","PstI.TP205190","11","1679","1.5426e-05","0.0034","C"
"4","Trait5","mrMLM","PstI.TP205344","11","1680","0.0432","0.4557","C"
"4","Trait5","mrMLM","PstI.TP205385","11","1681","-1.7811e-05","0.0039","C"
"4","Trait5","mrMLM","PstI.TP205391","11","1682","2.5392e-05","0.0056","C"
"4","Trait5","mrMLM","PstI.TP205746","11","1683","9.357e-06","0.002","A"
"4","Trait5","mrMLM","PstI.TP205888","11","1684","-3.8632e-05","0.0085","A"
"4","Trait5","mrMLM","PstI.TP205923","11","1686","0.1049","0.5495","A"
"4","Trait5","mrMLM","PstI.TP205979","11","1687","-3.869e-06","8e-04","A"
"4","Trait5","mrMLM","PstI.TP206335","11","1688","-0.0351","0.3344","C"
"4","Trait5","mrMLM","PstI.TP206338","11","1689","-0.0371","0.2192","A"
"4","Trait5","mrMLM","PstI.TP206754","11","1690","1.1203e-05","0.0024","A"
"4","Trait5","mrMLM","PstI.TP206787","11","1691","-0.0916","0.4423","A"
"4","Trait5","mrMLM","PstI.TP207008","11","1693","-4.089e-06","9e-04","C"
"4","Trait5","mrMLM","PstI.TP207203","11","1694","1.4254e-06","3e-04","A"
"4","Trait5","mrMLM","PstI.TP207551","11","1695","-2.6115e-05","0.0057","A"
"4","Trait5","mrMLM","PstI.TP207593","11","1696","2.0877e-05","0.0046","C"
"4","Trait5","mrMLM","PstI.TP207745","11","1697","1.778e-05","0.0039","C"
"4","Trait5","mrMLM","PstI.TP207910","11","1698","-1.2549e-05","0.0027","A"
"4","Trait5","mrMLM","PstI.TP207916","11","1699","5.4293e-06","0.0012","A"
"4","Trait5","mrMLM","PstI.TP208551","11","1702","3.3101e-05","0.0073","A"
"4","Trait5","mrMLM","PstI.TP208634","11","1703","-1.7404e-05","0.0038","G"
"4","Trait5","mrMLM","PstI.TP208641","11","1704","0.0308","0.3747","A"
"4","Trait5","mrMLM","PstI.TP208761","11","1705","0.0467","0.5813","A"
"4","Trait5","mrMLM","PstI.TP209164","11","1706","2.5134e-06","5e-04","A"
"4","Trait5","mrMLM","PstI.TP209176","11","1707","-8.8627e-06","0.0019","A"
"4","Trait5","mrMLM","PstI.TP209252","11","1709","6.5714e-06","0.0014","C"
"4","Trait5","mrMLM","PstI.TP209435","11","1713","2.0208e-05","0.0044","C"
"4","Trait5","mrMLM","PstI.TP209473","11","1714","0.0514","0.3302","A"
"4","Trait5","mrMLM","PstI.TP209491","11","1715","1.8361e-05","0.004","A"
"4","Trait5","mrMLM","PstI.TP209609","11","1716","0.1355","0.7719","G"
"4","Trait5","mrMLM","PstI.TP209958","11","1718","-2.1397e-05","0.0047","C"
"4","Trait5","mrMLM","PstI.TP210200","11","1720","-1.0715e-05","0.0023","C"
"4","Trait5","mrMLM","PstI.TP210434","11","1721","-4.5189e-06","0.001","A"
"4","Trait5","mrMLM","PstI.TP210533","11","1722","8.191e-06","0.0018","A"
"4","Trait5","mrMLM","PstI.TP210560","11","1723","1.8824e-05","0.0041","A"
"4","Trait5","mrMLM","PstI.TP210602","11","1724","3.2719e-05","0.0072","A"
"4","Trait5","mrMLM","PstI.TP210734","11","1725","-0.1814","0.7577","A"
"4","Trait5","mrMLM","PstI.TP210761","11","1726","0.0815","0.5115","C"
"4","Trait5","mrMLM","PstI.TP210802","11","1727","-0.1085","1.5346","A"
"4","Trait5","mrMLM","PstI.TP211134","11","1728","0.3454","2.652","A"
"4","Trait5","mrMLM","PstI.TP211163","11","1729","2.3175e-05","0.0051","A"
"4","Trait5","mrMLM","PstI.TP211841","11","1731","-0.2759","1.3144","C"
"4","Trait5","mrMLM","PstI.TP211934","11","1732","-0.0416","0.5543","C"
"4","Trait5","mrMLM","PstI.TP212060","11","1733","2.201e-05","0.0048","C"
"4","Trait5","mrMLM","PstI.TP212110","11","1734","-1.9858e-05","0.0043","A"
"4","Trait5","mrMLM","PstI.TP212301","11","1735","-0.2132","1.1428","C"
"4","Trait5","mrMLM","PstI.TP212400","11","1736","1.0065e-05","0.0022","A"
"4","Trait5","mrMLM","PstI.TP212428","11","1737","6.4499e-06","0.0014","A"
"4","Trait5","mrMLM","PstI.TP212432","11","1738","-0.1169","0.7825","G"
"4","Trait5","mrMLM","PstI.TP212455","11","1739","-0.009","0.1037","C"
"4","Trait5","mrMLM","PstI.TP212690","11","1740","0.0018","0.0555","C"
"4","Trait5","mrMLM","PstI.TP212816","11","1741","-4.7783e-06","0.001","G"
"4","Trait5","mrMLM","PstI.TP212882","11","1742","-2.0319e-06","4e-04","A"
"4","Trait5","mrMLM","PstI.TP212936","11","1743","2.2717e-05","0.005","A"
"4","Trait5","mrMLM","PstI.TP213011","11","1745","-0.1105","0.4947","A"
"4","Trait5","mrMLM","PstI.TP213462","11","1747","5.1755e-06","0.0011","C"
"4","Trait5","mrMLM","PstI.TP213670","11","1748","-0.1179","0.921","G"
"4","Trait5","mrMLM","PstI.TP213714","11","1750","2.0511e-06","4e-04","C"
"4","Trait5","mrMLM","PstI.TP214632","11","1752","0.0888","0.8273","C"
"4","Trait5","mrMLM","PstI.TP214637","11","1753","4.484e-05","0.0099","C"
"4","Trait5","mrMLM","PstI.TP214870","11","1756","9e-04","0.0343","A"
"4","Trait5","mrMLM","PstI.TP214911","11","1757","9.4402e-06","0.0021","A"
"4","Trait5","mrMLM","PstI.TP215342","11","1758","-1.5771e-05","0.0034","A"
"4","Trait5","mrMLM","PstI.TP215389","11","1759","-1.6141e-05","0.0035","A"
"4","Trait5","mrMLM","PstI.TP215425","11","1760","3.8268e-05","0.0084","G"
"4","Trait5","mrMLM","PstI.TP216135","11","1761","2.469e-05","0.0054","C"
"4","Trait5","mrMLM","PstI.TP216465","11","1763","1.5508e-05","0.0034","C"
"4","Trait5","mrMLM","PstI.TP216489","11","1764","0.079","0.9345","A"
"4","Trait5","mrMLM","PstI.TP216583","11","1765","-7.0567e-06","0.0015","G"
"4","Trait5","mrMLM","PstI.TP216668","11","1766","2.8839e-05","0.0063","A"
"4","Trait5","mrMLM","PstI.TP216873","11","1767","-0.03","0.2482","C"
"4","Trait5","mrMLM","PstI.TP217064","11","1768","0.0179","0.2563","A"
"4","Trait5","mrMLM","PstI.TP217095","11","1769","-0.099","0.4299","A"
"4","Trait5","mrMLM","PstI.TP217175","11","1770","0.1353","0.5659","A"
"4","Trait5","mrMLM","PstI.TP217336","11","1771","-2.1582e-05","0.0047","C"
"4","Trait5","mrMLM","PstI.TP217446","11","1772","1.3928e-05","0.003","A"
"4","Trait5","mrMLM","PstI.TP217462","11","1773","-0.0352","0.448","G"
"4","Trait5","mrMLM","PstI.TP217555","11","1774","4.2115e-05","0.0093","C"
"4","Trait5","mrMLM","PstI.TP217765","11","1775","-3.1401e-05","0.0069","A"
"4","Trait5","mrMLM","PstI.TP218048","11","1776","-0.0019","0.0502","C"
"4","Trait5","mrMLM","PstI.TP218134","11","1777","-2.1446e-05","0.0047","A"
"4","Trait5","mrMLM","PstI.TP218242","11","1778","0.0628","0.5314","A"
"4","Trait5","mrMLM","PstI.TP218291","11","1779","-1.4742e-05","0.0032","C"
"4","Trait5","mrMLM","PstI.TP218473","11","1782","0.0349","0.4333","C"
"4","Trait5","mrMLM","PstI.TP218530","11","1783","1.8069e-05","0.004","C"
"4","Trait5","mrMLM","PstI.TP218698","11","1784","5.5793e-06","0.0012","A"
"4","Trait5","mrMLM","PstI.TP218722","11","1786","-2.2702e-05","0.005","C"
"4","Trait5","mrMLM","PstI.TP218751","11","1787","-4.7692e-05","0.0105","A"
"4","Trait5","mrMLM","PstI.TP218805","11","1788","5.532e-06","0.0012","A"
"4","Trait5","mrMLM","PstI.TP218891","11","1789","3.5807e-05","0.0079","C"
"4","Trait5","mrMLM","PstI.TP219359","11","1790","8.7624e-06","0.0019","G"
"4","Trait5","mrMLM","PstI.TP219505","11","1791","0.0864","0.3912","A"
"4","Trait5","mrMLM","PstI.TP219629","11","1793","-0.1352","1.2914","C"
"4","Trait5","mrMLM","PstI.TP219747","11","1794","-1.5122e-06","3e-04","C"
"4","Trait5","mrMLM","PstI.TP219786","11","1796","8.979e-07","2e-04","C"
"4","Trait5","mrMLM","PstI.TP219843","11","1797","2.8964e-05","0.0064","A"
"4","Trait5","mrMLM","PstI.TP219866","11","1798","7e-04","0.0206","A"
"4","Trait5","mrMLM","PstI.TP219955","11","1799","-1.5094e-05","0.0033","A"
"4","Trait5","mrMLM","PstI.TP220092","11","1800","-2.3518e-05","0.0051","C"
"4","Trait5","mrMLM","PstI.TP220287","11","1801","2.6402e-05","0.0058","A"
"4","Trait5","mrMLM","PstI.TP220394","11","1803","-0.0611","0.4038","A"
"4","Trait5","mrMLM","PstI.TP220576","11","1806","-0.0834","0.6828","C"
"4","Trait5","mrMLM","PstI.TP220828","11","1807","2.3525e-05","0.0051","C"
"4","Trait5","mrMLM","PstI.TP221100","11","1809","7.2376e-06","0.0016","A"
"4","Trait5","mrMLM","PstI.TP221104","11","1810","1.6025e-05","0.0035","A"
"4","Trait5","mrMLM","PstI.TP221128","11","1812","-1.3692e-05","0.003","A"
"4","Trait5","mrMLM","PstI.TP221253","11","1814","9.5679e-06","0.0021","G"
"4","Trait5","mrMLM","PstI.TP221302","11","1815","2.7545e-06","6e-04","A"
"4","Trait5","mrMLM","PstI.TP221413","11","1816","-1.482e-06","3e-04","C"
"4","Trait5","mrMLM","PstI.TP221794","11","1818","4.2022e-06","9e-04","C"
"4","Trait5","mrMLM","PstI.TP221824","11","1819","0.0972","1.3314","A"
"4","Trait5","mrMLM","PstI.TP221885","11","1820","0.0215","0.2701","G"
"4","Trait5","mrMLM","PstI.TP222106","11","1821","-0.1831","1.0385","C"
"4","Trait5","mrMLM","PstI.TP222110","11","1822","3.7429e-06","8e-04","G"
"4","Trait5","mrMLM","PstI.TP222872","11","1823","-9.8661e-06","0.0022","A"
"4","Trait5","mrMLM","PstI.TP222909","11","1824","0.0631","0.4454","C"
"4","Trait5","mrMLM","PstI.TP222976","11","1826","-2.8131e-06","6e-04","C"
"4","Trait5","mrMLM","PstI.TP222991","11","1827","-8.235e-06","0.0018","C"
"4","Trait5","mrMLM","PstI.TP223156","11","1828","-4.1538e-06","9e-04","A"
"4","Trait5","mrMLM","PstI.TP223198","11","1829","1.3892e-05","0.003","A"
"4","Trait5","mrMLM","PstI.TP223236","11","1830","-3.0967e-05","0.0068","A"
"4","Trait5","mrMLM","PstI.TP223261","11","1831","-9.4391e-06","0.0021","C"
"4","Trait5","mrMLM","PstI.TP223348","11","1832","0.1137","1.2853","A"
"4","Trait5","mrMLM","PstI.TP223423","11","1834","-0.0506","0.6107","A"
"4","Trait5","mrMLM","PstI.TP223445","11","1835","-0.3182","1.5411","G"
"4","Trait5","mrMLM","PstI.TP223643","11","1838","3.6364e-06","8e-04","A"
"4","Trait5","mrMLM","PstI.TP223925","11","1839","-9.9433e-07","2e-04","C"
"4","Trait5","mrMLM","PstI.TP224049","11","1840","0.1144","0.4746","A"
"4","Trait5","mrMLM","PstI.TP224107","11","1841","-0.007","0.0949","A"
"4","Trait5","mrMLM","PstI.TP224188","11","1842","1.4556e-06","3e-04","A"
"4","Trait5","mrMLM","PstI.TP224672","11","1845","3.5203e-06","8e-04","C"
"4","Trait5","mrMLM","PstI.TP224905","11","1847","0.0365","0.2639","C"
"4","Trait5","mrMLM","PstI.TP224941","11","1848","-0.0038","0.0911","G"
"4","Trait5","mrMLM","PstI.TP225347","11","1850","-3.5134e-06","8e-04","C"
"4","Trait5","mrMLM","PstI.TP225656","11","1851","1.701e-05","0.0037","G"
"4","Trait5","mrMLM","PstI.TP225696","11","1852","-7.5599e-06","0.0016","A"
"4","Trait5","mrMLM","PstI.TP225746","11","1853","0.0891","0.5336","C"
"4","Trait5","mrMLM","PstI.TP225790","11","1854","3.1904e-06","7e-04","C"
"4","Trait5","mrMLM","PstI.TP225964","11","1857","6.3111e-06","0.0014","C"
"4","Trait5","mrMLM","PstI.TP226426","11","1858","-3.3579e-06","7e-04","A"
"4","Trait5","mrMLM","PstI.TP226488","11","1859","8.1491e-06","0.0018","A"
"4","Trait5","mrMLM","PstI.TP226506","11","1860","3.8101e-06","8e-04","C"
"4","Trait5","mrMLM","PstI.TP226509","11","1861","0.0223","0.1945","C"
"4","Trait5","mrMLM","PstI.TP226527","11","1862","-1e-04","0.0129","C"
"4","Trait5","mrMLM","PstI.TP226901","11","1863","-0.1205","0.7797","C"
"4","Trait5","mrMLM","PstI.TP227229","11","1866","-0.0389","0.4202","C"
"4","Trait5","mrMLM","PstI.TP227748","11","1867","-1.7483e-05","0.0038","C"
"4","Trait5","mrMLM","PstI.TP227782","11","1868","1.0797e-05","0.0024","A"
"4","Trait5","mrMLM","PstI.TP227989","11","1871","-3.1253e-05","0.0069","A"
"4","Trait5","mrMLM","PstI.TP228025","11","1872","-1.0094e-05","0.0022","A"
"4","Trait5","mrMLM","PstI.TP228136","11","1873","-0.0312","0.3636","A"
"4","Trait5","mrMLM","PstI.TP228250","11","1876","1.1013e-06","2e-04","A"
"4","Trait5","mrMLM","PstI.TP228768","11","1880","-1.2578e-05","0.0027","A"
"4","Trait5","mrMLM","PstI.TP229079","11","1881","3.0699e-06","7e-04","A"
"4","Trait5","mrMLM","PstI.TP229229","11","1883","-1.4769e-05","0.0032","A"
"4","Trait5","mrMLM","PstI.TP229256","11","1884","2.3839e-05","0.0052","A"
"4","Trait5","mrMLM","PstI.TP229265","11","1885","-1.2895e-05","0.0028","A"
"4","Trait5","mrMLM","PstI.TP229360","11","1886","1.1304e-05","0.0025","A"
"4","Trait5","mrMLM","PstI.TP229407","11","1887","0.3345","1.0352","A"
"4","Trait5","mrMLM","PstI.TP229433","11","1888","-0.0395","0.2423","A"
"4","Trait5","mrMLM","PstI.TP229461","11","1889","1.4125e-05","0.0031","A"
"4","Trait5","mrMLM","PstI.TP229486","11","1890","1.1232e-05","0.0025","C"
"4","Trait5","mrMLM","PstI.TP229497","11","1891","3.0355e-05","0.0067","C"
"4","Trait5","mrMLM","PstI.TP229583","11","1892","2.122e-05","0.0046","A"
"4","Trait5","mrMLM","PstI.TP229641","11","1893","-0.1798","0.7901","A"
"4","Trait5","mrMLM","PstI.TP229878","11","1895","1.6358e-05","0.0036","C"
"4","Trait5","mrMLM","PstI.TP230049","11","1896","-2.1124e-05","0.0046","A"
"4","Trait5","mrMLM","PstI.TP230112","11","1898","2.0249e-05","0.0044","C"
"4","Trait5","mrMLM","PstI.TP230121","11","1899","0.1963","1.1535","G"
"4","Trait5","mrMLM","PstI.TP230367","11","1900","0.03","0.2379","C"
"4","Trait5","mrMLM","PstI.TP230418","11","1901","-8.9447e-06","0.002","C"
"4","Trait5","mrMLM","PstI.TP230626","11","1904","-2.4585e-05","0.0054","C"
"4","Trait5","mrMLM","PstI.TP230668","11","1905","0.0538","0.3078","G"
"4","Trait5","mrMLM","PstI.TP230688","11","1906","3.1858e-05","0.007","A"
"4","Trait5","mrMLM","PstI.TP231049","11","1907","1.1793e-05","0.0026","A"
"4","Trait5","mrMLM","PstI.TP231090","11","1908","0.0528","0.4071","A"
"4","Trait5","mrMLM","PstI.TP231364","11","1909","-0.0162","0.1401","A"
"4","Trait5","mrMLM","PstI.TP231365","11","1910","-0.0535","0.4816","A"
"4","Trait5","mrMLM","PstI.TP231550","11","1912","1.3392e-05","0.0029","G"
"4","Trait5","mrMLM","PstI.TP231933","11","1913","-1.9577e-05","0.0043","G"
"4","Trait5","mrMLM","PstI.TP231999","11","1914","2.5e-06","5e-04","A"
"4","Trait5","mrMLM","PstI.TP232042","11","1915","0.0136","0.1766","A"
"4","Trait5","mrMLM","PstI.TP233017","11","1916","-2.6076e-05","0.0057","A"
"4","Trait5","mrMLM","PstI.TP233034","11","1917","-0.0185","0.2402","A"
"4","Trait5","mrMLM","PstI.TP233044","11","1918","1.6508e-05","0.0036","G"
"4","Trait5","mrMLM","PstI.TP233770","11","1919","-1.7844e-05","0.0039","A"
"4","Trait5","mrMLM","PstI.TP233991","11","1920","-4.9521e-06","0.0011","A"
"4","Trait5","mrMLM","PstI.TP234053","11","1921","1.0358e-05","0.0023","A"
"4","Trait5","mrMLM","PstI.TP234104","11","1922","1.6808e-05","0.0037","A"
"4","Trait5","mrMLM","PstI.TP234214","11","1923","0.021","0.2085","C"
"4","Trait5","mrMLM","PstI.TP234364","11","1924","0.0161","0.1646","A"
"4","Trait5","mrMLM","PstI.TP234520","11","1925","-6.2901e-06","0.0014","A"
"4","Trait5","mrMLM","PstI.TP234651","11","1926","-1.0983e-05","0.0024","A"
"4","Trait5","mrMLM","PstI.TP234782","11","1927","-2.2943e-05","0.005","A"
"4","Trait5","mrMLM","PstI.TP234825","11","1928","-0.0274","0.2751","A"
"4","Trait5","mrMLM","PstI.TP234996","11","1929","4.9639e-06","0.0011","C"
"4","Trait5","mrMLM","PstI.TP235160","11","1931","0.0322","0.3869","A"
"4","Trait5","mrMLM","PstI.TP235636","11","1933","0.2171","2.5998","A"
"4","Trait5","mrMLM","PstI.TP235874","11","1935","2.2904e-05","0.005","A"
"4","Trait5","mrMLM","PstI.TP236137","11","1936","0.0731","0.3912","A"
"4","Trait5","mrMLM","PstI.TP236166","11","1937","-1.7603e-05","0.0038","A"
"4","Trait5","mrMLM","PstI.TP236537","11","1939","1.7055e-05","0.0037","C"
"4","Trait5","mrMLM","PstI.TP236647","11","1940","6.6889e-06","0.0015","A"
"4","Trait5","mrMLM","PstI.TP236684","11","1941","1.1127e-05","0.0024","A"
"4","Trait5","mrMLM","PstI.TP237212","11","1942","4.2294e-06","9e-04","A"
"4","Trait5","mrMLM","PstI.TP237244","11","1943","5.8822e-06","0.0013","C"
"4","Trait5","mrMLM","PstI.TP237440","11","1946","2.7333e-05","0.006","A"
"4","Trait5","mrMLM","PstI.TP237739","11","1948","0.1681","1.0371","A"
"4","Trait5","mrMLM","PstI.TP237881","11","1949","-1.3558e-05","0.003","A"
"4","Trait5","mrMLM","PstI.TP237971","11","1950","2.3032e-05","0.005","A"
"4","Trait5","mrMLM","PstI.TP238110","11","1952","-0.0403","0.4998","A"
"4","Trait5","mrMLM","PstI.TP238823","11","1954","-3.1717e-05","0.007","A"
"4","Trait5","mrMLM","PstI.TP238859","11","1956","-0.0263","0.2934","A"
"4","Trait5","mrMLM","PstI.TP239002","11","1957","-8.9405e-06","0.002","C"
"4","Trait5","mrMLM","PstI.TP239033","11","1958","0.1625","0.5578","C"
"4","Trait5","mrMLM","PstI.TP239042","11","1959","-1.4424e-05","0.0032","A"
"4","Trait5","mrMLM","PstI.TP239598","11","1961","1.2512e-06","3e-04","C"
"4","Trait5","mrMLM","PstI.TP239636","11","1962","0.1059","0.9453","A"
"4","Trait5","mrMLM","PstI.TP239778","11","1963","-0.2492","1.6908","A"
"4","Trait5","mrMLM","PstI.TP239791","11","1964","1.5077e-06","3e-04","A"
"4","Trait5","mrMLM","PstI.TP240230","11","1966","9.6865e-06","0.0021","C"
"4","Trait5","mrMLM","PstI.TP240322","11","1967","-1.274e-06","3e-04","A"
"4","Trait5","mrMLM","PstI.TP240869","11","1968","1.4832e-05","0.0032","G"
"4","Trait5","mrMLM","PstI.TP240889","11","1969","0.0987","0.5333","A"
"4","Trait5","mrMLM","PstI.TP241340","11","1971","1.9343e-05","0.0042","C"
"4","Trait5","mrMLM","PstI.TP241591","11","1972","-6.7586e-06","0.0015","C"
"4","Trait5","mrMLM","PstI.TP241647","11","1973","8.4599e-06","0.0018","A"
"4","Trait5","mrMLM","PstI.TP241720","11","1974","-9.8712e-06","0.0022","G"
"4","Trait5","mrMLM","PstI.TP241855","11","1975","0.4549","2.0586","C"
"4","Trait5","mrMLM","PstI.TP241902","11","1976","1.5652e-06","3e-04","A"
"4","Trait5","mrMLM","PstI.TP241977","11","1977","0.1799","1.255","C"
"4","Trait5","mrMLM","PstI.TP242268","11","1979","3.1042e-06","7e-04","A"
"4","Trait5","mrMLM","PstI.TP242983","11","1983","-2.6213e-06","6e-04","C"
"4","Trait5","mrMLM","PstI.TP243181","11","1984","1.2152e-05","0.0027","A"
"4","Trait5","mrMLM","PstI.TP243246","11","1985","2.3184e-05","0.0051","C"
"4","Trait5","mrMLM","PstI.TP243305","11","1987","8.1489e-06","0.0018","C"
"4","Trait5","mrMLM","PstI.TP243379","11","1988","-0.0495","0.6068","A"
"4","Trait5","mrMLM","PstI.TP244086","11","1990","7.1103e-06","0.0016","A"
"4","Trait5","mrMLM","PstI.TP244109","11","1992","-4.527e-06","0.001","C"
"4","Trait5","mrMLM","PstI.TP244133","11","1993","1.4651e-05","0.0032","C"
"4","Trait5","mrMLM","PstI.TP244431","11","1994","0.208","1.7008","C"
"4","Trait5","mrMLM","PstI.TP244578","11","1995","6.7098e-06","0.0015","A"
"4","Trait5","mrMLM","PstI.TP244587","11","1996","-0.1562","1.0618","C"
"4","Trait5","mrMLM","PstI.TP244901","11","1997","-1.9872e-05","0.0043","C"
"4","Trait5","mrMLM","PstI.TP245124","11","1999","0.0475","0.4215","A"
"4","Trait5","mrMLM","PstI.TP245148","11","2000","-1.5296e-05","0.0033","C"
"4","Trait5","mrMLM","PstI.TP245202","11","2001","1.4647e-05","0.0032","C"
"4","Trait5","mrMLM","PstI.TP245298","11","2003","2.299e-05","0.005","C"
"4","Trait5","mrMLM","PstI.TP245979","11","2004","0.0975","0.329","A"
"4","Trait5","mrMLM","PstI.TP245992","11","2005","1.8635e-05","0.0041","A"
"4","Trait5","mrMLM","PstI.TP246072","11","2006","-2.9581e-06","6e-04","C"
"4","Trait5","mrMLM","PstI.TP246413","11","2008","0.0464","0.551","A"
"4","Trait5","mrMLM","PstI.TP246622","11","2009","1.4495e-05","0.0032","A"
"4","Trait5","mrMLM","PstI.TP247007","11","2011","0.1503","1.4441","C"
"4","Trait5","mrMLM","PstI.TP247627","11","2014","0.0336","0.345","A"
"4","Trait5","mrMLM","PstI.TP247926","11","2015","-0.0398","0.483","G"
"4","Trait5","mrMLM","PstI.TP248071","11","2016","0.0038","0.097","C"
"4","Trait5","mrMLM","PstI.TP248137","11","2017","0.037","0.3919","C"
"4","Trait5","mrMLM","PstI.TP248625","11","2018","-7.0282e-06","0.0015","A"
"4","Trait5","mrMLM","PstI.TP248791","11","2020","3.1111e-05","0.0068","A"
"4","Trait5","mrMLM","PstI.TP248887","11","2021","1.0799e-05","0.0024","A"
"4","Trait5","mrMLM","PstI.TP248973","11","2023","-1.3898e-05","0.003","G"
"4","Trait5","mrMLM","PstI.TP249023","11","2024","5.816e-06","0.0013","A"
"4","Trait5","mrMLM","PstI.TP249283","11","2025","-2.4466e-05","0.0054","C"
"4","Trait5","mrMLM","PstI.TP249319","11","2026","7.6633e-06","0.0017","A"
"4","Trait5","mrMLM","PstI.TP249357","11","2027","0.1315","1.5599","A"
"4","Trait5","mrMLM","PstI.TP249591","11","2028","-0.0217","0.157","A"
"4","Trait5","mrMLM","PstI.TP249756","11","2031","-1.0303e-05","0.0022","A"
"4","Trait5","mrMLM","PstI.TP249835","11","2032","0.2051","1.4062","G"
"4","Trait5","mrMLM","PstI.TP250138","11","2033","-0.2549","2.2666","G"
"4","Trait5","mrMLM","PstI.TP250191","11","2035","-1.2006e-06","3e-04","G"
"4","Trait5","mrMLM","PstI.TP250385","11","2036","-9.4316e-08","2.0525e-05","A"
"4","Trait5","mrMLM","PstI.TP250830","11","2038","-8.4008e-07","2e-04","C"
"4","Trait5","mrMLM","PstI.TP250849","11","2039","2.3749e-07","5.1686e-05","A"
"4","Trait5","mrMLM","PstI.TP250949","11","2040","-0.1218","1.4526","C"
"4","Trait5","mrMLM","PstI.TP251108","11","2041","1.3915e-05","0.003","A"
"4","Trait5","mrMLM","PstI.TP251137","11","2043","4.4421e-06","0.001","C"
"4","Trait5","mrMLM","PstI.TP251270","11","2044","2.8494e-05","0.0062","A"
"4","Trait5","mrMLM","PstI.TP251365","11","2045","1.0817e-05","0.0024","A"
"4","Trait5","mrMLM","PstI.TP251740","11","2046","-1.4347e-05","0.0031","C"
"4","Trait5","mrMLM","PstI.TP251851","11","2047","2.2798e-05","0.005","A"
"4","Trait5","mrMLM","PstI.TP251975","11","2049","0.1827","0.8662","C"
"4","Trait5","mrMLM","PstI.TP251993","11","2050","-2.7209e-05","0.006","A"
"4","Trait5","mrMLM","PstI.TP252500","11","2052","6.6853e-06","0.0015","C"
"4","Trait5","mrMLM","PstI.TP252508","11","2053","-2.0329e-05","0.0044","A"
"4","Trait5","mrMLM","PstI.TP252564","11","2054","1.7975e-06","4e-04","C"
"4","Trait5","mrMLM","PstI.TP252584","11","2055","-0.0369","0.4554","A"
"4","Trait5","mrMLM","PstI.TP252911","11","2058","-2.5503e-06","6e-04","A"
"4","Trait5","mrMLM","PstI.TP253082","11","2059","-1.1111e-05","0.0024","C"
"4","Trait5","mrMLM","PstI.TP253210","11","2060","2.699e-06","6e-04","G"
"4","Trait5","mrMLM","PstI.TP253457","11","2062","0.1791","0.7294","A"
"4","Trait5","mrMLM","PstI.TP253832","11","2065","-0.0084","0.1316","A"
"4","Trait5","mrMLM","PstI.TP254032","11","2066","2.4888e-06","5e-04","A"
"4","Trait5","mrMLM","PstI.TP254081","11","2067","1.4039e-05","0.0031","A"
"4","Trait5","mrMLM","PstI.TP254128","11","2068","5.0517e-06","0.0011","C"
"4","Trait5","mrMLM","PstI.TP254188","11","2069","-3.5902e-05","0.0079","A"
"4","Trait5","mrMLM","PstI.TP254230","11","2070","-3.4793e-05","0.0076","A"
"4","Trait5","mrMLM","PstI.TP254236","11","2071","-1.3163e-05","0.0029","A"
"4","Trait5","mrMLM","PstI.TP254242","11","2072","6.8799e-06","0.0015","A"
"4","Trait5","mrMLM","PstI.TP254443","11","2074","3.8995e-06","8e-04","C"
"4","Trait5","mrMLM","PstI.TP254953","11","2076","0.0196","0.2589","G"
"4","Trait5","mrMLM","PstI.TP255001","11","2077","1.7387e-05","0.0038","A"
"4","Trait5","mrMLM","PstI.TP255296","11","2078","-0.1061","1.4942","A"
"4","Trait5","mrMLM","PstI.TP255599","11","2079","-9.5829e-07","2e-04","C"
"4","Trait5","mrMLM","PstI.TP255725","11","2080","4.0532e-05","0.0089","C"
"4","Trait5","mrMLM","PstI.TP255778","11","2081","1.2639e-05","0.0028","A"
"4","Trait5","mrMLM","PstI.TP255821","11","2083","-4.9553e-05","0.0109","G"
"4","Trait5","mrMLM","PstI.TP255867","11","2084","1.5848e-05","0.0035","C"
"4","Trait5","mrMLM","PstI.TP255892","11","2085","-0.0818","0.6408","A"
"4","Trait5","mrMLM","PstI.TP256007","11","2086","0.0888","0.565","A"
"4","Trait5","mrMLM","PstI.TP256040","11","2087","-6.3196e-06","0.0014","A"
"4","Trait5","mrMLM","PstI.TP256221","11","2088","0.0489","0.7434","A"
"4","Trait5","mrMLM","PstI.TP256240","11","2089","-1.7911e-05","0.0039","C"
"4","Trait5","mrMLM","PstI.TP256241","11","2090","-3.7966e-06","8e-04","A"
"4","Trait5","mrMLM","PstI.TP256291","11","2091","-0.0556","0.6873","A"
"4","Trait5","mrMLM","PstI.TP256342","11","2092","-0.0116","0.1824","A"
"4","Trait5","mrMLM","PstI.TP256348","11","2093","0.0559","0.4416","C"
"4","Trait5","mrMLM","PstI.TP256959","11","2095","-0.1424","0.9974","A"
"4","Trait5","mrMLM","PstI.TP257290","11","2097","-0.0918","0.8302","C"
"4","Trait5","mrMLM","PstI.TP257582","11","2099","7.396e-06","0.0016","A"
"4","Trait5","mrMLM","PstI.TP257587","11","2100","-0.0552","0.5604","C"
"4","Trait5","mrMLM","PstI.TP258249","11","2102","-1.9098e-05","0.0042","C"
"4","Trait5","mrMLM","PstI.TP258307","11","2104","-2.5227e-06","5e-04","A"
"4","Trait5","mrMLM","PstI.TP258711","11","2106","-0.0608","0.3809","G"
"4","Trait5","mrMLM","PstI.TP258800","11","2107","-3.9102e-06","9e-04","A"
"4","Trait5","mrMLM","PstI.TP258803","11","2108","-8.8436e-06","0.0019","A"
"4","Trait5","mrMLM","PstI.TP258928","11","2109","-1.6116e-05","0.0035","A"
"4","Trait5","mrMLM","PstI.TP259004","11","2110","8.3348e-06","0.0018","C"
"4","Trait5","mrMLM","PstI.TP259507","11","2111","0.1074","1.4056","A"
"4","Trait5","mrMLM","PstI.TP259628","11","2112","-0.0173","0.2817","A"
"4","Trait5","mrMLM","PstI.TP260138","11","2113","1.605e-05","0.0035","C"
"4","Trait5","mrMLM","PstI.TP260153","11","2114","-1.4644e-05","0.0032","C"
"4","Trait5","mrMLM","PstI.TP260181","11","2115","-1.4009e-05","0.0031","C"
"4","Trait5","mrMLM","PstI.TP260223","11","2116","-1.0527e-05","0.0023","A"
"4","Trait5","mrMLM","PstI.TP260268","11","2117","-0.0563","0.2862","C"
"4","Trait5","mrMLM","PstI.TP260295","11","2118","0.1126","0.9578","A"
"4","Trait5","mrMLM","PstI.TP261431","11","2120","0.0752","0.5383","C"
"4","Trait5","mrMLM","PstI.TP261581","11","2121","-1.7773e-05","0.0039","G"
"4","Trait5","mrMLM","PstI.TP262227","11","2123","-1.5537e-05","0.0034","C"
"4","Trait5","mrMLM","PstI.TP262343","11","2124","1.8324e-05","0.004","C"
"4","Trait5","mrMLM","PstI.TP262487","11","2125","5.3332e-06","0.0012","A"
"4","Trait5","mrMLM","PstI.TP262493","11","2126","1.1014e-05","0.0024","A"
"4","Trait5","mrMLM","PstI.TP262611","11","2127","3.1376e-05","0.0069","C"
"4","Trait5","mrMLM","PstI.TP262734","11","2128","0.0847","0.686","A"
"4","Trait5","mrMLM","PstI.TP263036","11","2130","-1.9483e-05","0.0043","C"
"4","Trait5","mrMLM","PstI.TP263096","11","2133","-3.7607e-05","0.0083","C"
"4","Trait5","mrMLM","PstI.TP263163","11","2134","-0.1211","0.8216","C"
"4","Trait5","mrMLM","PstI.TP263510","11","2135","-3.5518e-05","0.0078","A"
"4","Trait5","mrMLM","PstI.TP263565","11","2137","-0.0354","0.4827","C"
"4","Trait5","mrMLM","PstI.TP263755","11","2140","0.1062","0.6191","A"
"4","Trait5","mrMLM","PstI.TP263822","11","2141","-1.4747e-05","0.0032","A"
"4","Trait5","mrMLM","PstI.TP264152","11","2142","-1.9304e-05","0.0042","C"
"4","Trait5","mrMLM","PstI.TP264306","11","2143","-0.0038","0.0595","A"
"4","Trait5","mrMLM","PstI.TP264386","11","2144","-1.1891e-05","0.0026","C"
"4","Trait5","mrMLM","PstI.TP264408","11","2145","6.9172e-06","0.0015","A"
"4","Trait5","mrMLM","PstI.TP264488","11","2146","-1.1262e-05","0.0025","A"
"4","Trait5","mrMLM","PstI.TP264507","11","2147","0.0701","0.5161","A"
"4","Trait5","mrMLM","PstI.TP264946","11","2151","0.0503","0.2557","A"
"4","Trait5","mrMLM","PstI.TP264949","11","2152","0.3181","2.0656","A"
"4","Trait5","mrMLM","PstI.TP265163","11","2153","-5.1709e-05","0.0073","C"
"4","Trait5","mrMLM","PstI.TP265353","11","2155","1.3154e-06","3e-04","A"
"4","Trait5","mrMLM","PstI.TP265446","11","2157","-0.085","0.9942","G"
"4","Trait5","mrMLM","PstI.TP265603","11","2159","-8.3463e-07","2e-04","A"
"4","Trait5","mrMLM","PstI.TP265718","11","2160","-1.7822e-06","4e-04","A"
"4","Trait5","mrMLM","PstI.TP266388","11","2162","3.9108e-05","0.0086","C"
"4","Trait5","mrMLM","PstI.TP266465","11","2163","0.0034","0.0849","C"
"4","Trait5","mrMLM","PstI.TP266556","11","2164","-0.0851","0.5473","C"
"4","Trait5","mrMLM","PstI.TP266574","11","2165","-0.0413","0.4963","A"
"4","Trait5","mrMLM","PstI.TP267263","11","2166","-3.455e-05","0.0076","C"
"4","Trait5","mrMLM","PstI.TP267341","11","2168","-0.0318","0.215","A"
"4","Trait5","mrMLM","PstI.TP267454","11","2169","-2.4323e-05","0.0053","A"
"4","Trait5","mrMLM","PstI.TP267544","11","2170","-3.2079e-05","0.007","A"
"4","Trait5","mrMLM","PstI.TP267743","11","2171","4.2362e-05","0.0093","A"
"4","Trait5","mrMLM","PstI.TP267873","11","2174","0.1118","0.5315","C"
"4","Trait5","mrMLM","PstI.TP268088","11","2176","1.3524e-06","3e-04","A"
"4","Trait5","mrMLM","PstI.TP268129","11","2177","-2.7325e-06","6e-04","C"
"4","Trait5","mrMLM","PstI.TP268577","11","2179","-0.0386","0.2693","C"
"4","Trait5","mrMLM","PstI.TP268595","11","2180","0.1125","0.8024","C"
"4","Trait5","mrMLM","PstI.TP268740","11","2181","4.5338e-05","0.01","A"
"4","Trait5","mrMLM","PstI.TP268917","11","2182","-3.2989e-06","7e-04","C"
"4","Trait5","mrMLM","PstI.TP269193","11","2184","-4.4533e-06","0.001","C"
"4","Trait5","mrMLM","PstI.TP269338","11","2185","0.0669","0.5225","A"
"4","Trait5","mrMLM","PstI.TP269382","11","2186","-1.1319e-05","0.0025","A"
"4","Trait5","mrMLM","PstI.TP269498","11","2187","1.3389e-05","0.0029","A"
"4","Trait5","mrMLM","PstI.TP269598","11","2189","1.3154e-05","0.0029","C"
"4","Trait5","mrMLM","PstI.TP269611","11","2190","-0.053","0.4051","A"
"4","Trait5","mrMLM","PstI.TP269815","11","2191","2.5161e-05","0.0055","A"
"4","Trait5","mrMLM","PstI.TP269969","11","2194","9.7491e-06","0.0021","A"
"4","Trait5","mrMLM","PstI.TP270099","11","2195","-0.0104","0.1552","A"
"4","Trait5","mrMLM","PstI.TP270115","11","2196","5.3885e-06","0.0012","C"
"4","Trait5","mrMLM","PstI.TP270250","11","2197","0.002","0.0517","C"
"4","Trait5","mrMLM","PstI.TP270269","11","2198","-3.8104e-05","0.0084","C"
"4","Trait5","mrMLM","PstI.TP270346","11","2200","8.5205e-06","0.0019","A"
"4","Trait5","mrMLM","PstI.TP270445","11","2201","0.1363","0.7186","G"
"4","Trait5","mrMLM","PstI.TP271140","11","2202","0.0054","0.1119","A"
"4","Trait5","mrMLM","PstI.TP271270","11","2205","5.9438e-06","0.0013","A"
"4","Trait5","mrMLM","PstI.TP271407","11","2207","2.0457e-05","0.0045","A"
"4","Trait5","mrMLM","PstI.TP271519","11","2208","-0.0333","0.438","G"
"4","Trait5","mrMLM","PstI.TP271669","11","2209","-1.6507e-05","0.0036","A"
"4","Trait5","mrMLM","PstI.TP272048","11","2210","-1.6416e-05","0.0036","C"
"4","Trait5","mrMLM","PstI.TP272164","11","2212","2.9613e-05","0.0065","A"
"4","Trait5","mrMLM","PstI.TP272439","11","2215","2.6628e-06","6e-04","C"
"4","Trait5","mrMLM","PstI.TP272794","11","2217","-1.4589e-05","0.0032","A"
"4","Trait5","mrMLM","PstI.TP273013","11","2218","-0.1915","2.2199","A"
"4","Trait5","mrMLM","PstI.TP273285","11","2219","-6.0594e-06","0.0013","A"
"4","Trait5","mrMLM","PstI.TP273316","11","2220","4.1741e-06","9e-04","C"
"4","Trait5","mrMLM","PstI.TP273323","11","2221","1.1426e-05","0.0025","G"
"4","Trait5","mrMLM","PstI.TP273441","11","2222","0.0459","0.5186","A"
"4","Trait5","mrMLM","PstI.TP273522","11","2223","-1.1869e-05","0.0026","C"
"4","Trait5","mrMLM","PstI.TP273563","11","2224","-6.4417e-06","0.0014","A"
"4","Trait5","mrMLM","PstI.TP273969","11","2227","-0.0346","0.2336","C"
"4","Trait5","mrMLM","PstI.TP274072","11","2228","1.3996e-05","0.0031","C"
"4","Trait5","mrMLM","PstI.TP274427","11","2230","-0.0268","0.1801","C"
"4","Trait5","mrMLM","PstI.TP274477","11","2231","-3.9164e-05","0.0086","A"
"4","Trait5","mrMLM","PstI.TP274727","11","2235","-8.2353e-06","0.0018","A"
"4","Trait5","mrMLM","PstI.TP275021","11","2236","-1.0699e-05","0.0023","G"
"4","Trait5","mrMLM","PstI.TP275023","11","2237","-1.2517e-05","0.0027","C"
"4","Trait5","mrMLM","PstI.TP275126","11","2238","1.7772e-05","0.0039","C"
"4","Trait5","mrMLM","PstI.TP275205","11","2239","-1.8592e-06","4e-04","A"
"4","Trait5","mrMLM","PstI.TP275425","11","2240","0.1633","1.0034","C"
"4","Trait5","mrMLM","PstI.TP275926","11","2242","1.3833e-05","0.003","C"
"4","Trait5","mrMLM","PstI.TP276130","11","2243","0.0016","0.0629","C"
"4","Trait5","mrMLM","PstI.TP276492","11","2244","0.016","0.126","C"
"4","Trait5","mrMLM","PstI.TP276524","11","2245","2.4914e-05","0.0055","C"
"4","Trait5","mrMLM","PstI.TP276732","11","2247","0.0711","0.3201","A"
"4","Trait5","mrMLM","PstI.TP276796","11","2248","-9.1928e-06","0.002","A"
"4","Trait5","mrMLM","PstI.TP276987","11","2249","-2.736e-05","0.006","C"
"4","Trait5","mrMLM","PstI.TP278850","11","2250","-0.0787","0.5776","C"
"4","Trait5","mrMLM","PstI.TP278956","11","2251","1.3859e-05","0.003","C"
"4","Trait5","mrMLM","PstI.TP279107","11","2252","0.1491","0.7911","C"
"4","Trait5","mrMLM","PstI.TP279179","11","2253","0.0045","0.1015","A"
"4","Trait5","mrMLM","PstI.TP279884","11","2256","-5.3503e-06","0.0012","A"
"4","Trait5","mrMLM","PstI.TP279993","11","2257","4.4568e-06","0.001","C"
"4","Trait5","mrMLM","PstI.TP280351","11","2258","0.0676","0.4248","C"
"4","Trait5","mrMLM","PstI.TP280352","11","2259","3.4857e-05","0.0077","C"
"4","Trait5","mrMLM","PstI.TP280696","11","2260","2.0231e-05","0.0044","A"
"4","Trait5","mrMLM","PstI.TP282525","11","2261","7.6764e-06","0.0017","C"
"4","Trait5","mrMLM","PstI.TP282814","11","2263","0.0039","0.0564","A"
"4","Trait5","mrMLM","PstI.TP283408","11","2264","-1.4378e-05","0.0031","A"
"4","Trait5","mrMLM","PstI.TP283868","11","2265","-3.7835e-06","8e-04","A"
"4","Trait5","mrMLM","PstI.TP283964","11","2266","0.2137","1.5629","C"
"4","Trait5","mrMLM","PstI.TP284091","11","2267","-9.5987e-06","0.0021","C"
"4","Trait5","mrMLM","PstI.TP284241","11","2268","1.5546e-05","0.0034","C"
"4","Trait5","mrMLM","PstI.TP284281","11","2269","3.1184e-06","7e-04","A"
"4","Trait5","mrMLM","PstI.TP285137","11","2271","9.9216e-06","0.0022","A"
"4","Trait5","mrMLM","PstI.TP285776","11","2272","-7.2816e-06","0.0016","A"
"4","Trait5","mrMLM","PstI.TP285954","11","2273","1.4935e-05","0.0033","A"
"4","Trait5","mrMLM","PstI.TP286251","11","2274","2.1105e-05","0.0046","C"
"4","Trait5","mrMLM","PstI.TP286296","11","2275","0.1631","0.8417","A"
"4","Trait5","mrMLM","PstI.TP287009","11","2276","-1.2071e-05","0.0026","C"
"4","Trait5","mrMLM","PstI.TP287185","11","2277","2.4e-05","0.0053","A"
"4","Trait5","mrMLM","PstI.TP287411","11","2280","-4.6083e-05","0.0101","C"
"4","Trait5","mrMLM","PstI.TP287532","11","2281","0.0492","0.3345","A"
"4","Trait5","mrMLM","PstI.TP287729","11","2282","4.581e-06","0.001","A"
"4","Trait5","mrMLM","PstI.TP287754","11","2283","2.5698e-05","0.0056","A"
"4","Trait5","mrMLM","PstI.TP287825","11","2284","8.7777e-06","0.0019","A"
"4","Trait5","mrMLM","PstI.TP287897","11","2285","0.0946","0.7734","G"
"4","Trait5","mrMLM","PstI.TP287962","11","2286","0.0064","0.1065","G"
"4","Trait5","mrMLM","PstI.TP287973","11","2287","-1.06e-05","0.0023","A"
"4","Trait5","mrMLM","PstI.TP288023","11","2288","4.1667e-06","9e-04","C"
"4","Trait5","mrMLM","PstI.TP288092","11","2289","0.0561","0.4476","A"
"4","Trait5","mrMLM","PstI.TP288176","11","2290","1.0177e-05","0.0022","A"
"4","Trait5","mrMLM","PstI.TP288284","11","2291","-2.3468e-06","5e-04","A"
"4","Trait5","mrMLM","PstI.TP288651","11","2292","5.7723e-06","0.0013","A"
"4","Trait5","mrMLM","PstI.TP288701","11","2293","-2.7426e-07","5.9687e-05","C"
"4","Trait5","mrMLM","PstI.TP288886","11","2295","-4.2577e-06","9e-04","A"
"4","Trait5","mrMLM","PstI.TP289179","11","2296","2.9696e-06","6e-04","A"
"4","Trait5","mrMLM","PstI.TP289250","11","2297","2.4474e-06","5e-04","G"
"4","Trait5","mrMLM","PstI.TP289307","11","2298","-2.6495e-05","0.0058","A"
"4","Trait5","mrMLM","PstI.TP289352","11","2299","-0.2424","2.2306","G"
"4","Trait5","mrMLM","PstI.TP289449","11","2300","-0.0032","0.0738","A"
"4","Trait5","mrMLM","PstI.TP289682","11","2301","2.1971e-06","5e-04","C"
"4","Trait5","mrMLM","PstI.TP289788","11","2302","1.7123e-05","0.0037","C"
"4","Trait5","mrMLM","PstI.TP289825","11","2303","-1.3981e-05","0.0031","C"
"4","Trait5","mrMLM","PstI.TP290439","11","2305","1.3088e-05","0.0029","C"
"4","Trait5","mrMLM","PstI.TP290625","11","2306","0.0112","0.1569","C"
"4","Trait5","mrMLM","PstI.TP290680","11","2307","1.7765e-05","0.0039","A"
"4","Trait5","mrMLM","PstI.TP290890","11","2308","-1.1071e-05","0.0024","G"
"4","Trait5","mrMLM","PstI.TP291418","11","2309","-0.024","0.2817","C"
"4","Trait5","mrMLM","PstI.TP291634","11","2310","-1.9525e-05","0.0043","C"
"4","Trait5","mrMLM","PstI.TP291675","11","2311","0.0122","0.1727","A"
"4","Trait5","mrMLM","PstI.TP292029","11","2312","4.688e-06","0.001","A"
"4","Trait5","mrMLM","PstI.TP292262","11","2313","2.9897e-05","0.0066","A"
"4","Trait5","mrMLM","PstI.TP292291","11","2314","-6.9197e-06","0.0015","C"
"4","Trait5","mrMLM","PstI.TP292313","11","2315","-2.9055e-05","0.0064","A"
"4","Trait5","mrMLM","PstI.TP292353","11","2316","-0.0251","0.1967","A"
"4","Trait5","mrMLM","PstI.TP292938","11","2320","-1.436e-05","0.0031","C"
"4","Trait5","mrMLM","PstI.TP292939","11","2321","-8.367e-06","0.0018","C"
"4","Trait5","mrMLM","PstI.TP292972","11","2322","7.9281e-06","0.0017","A"
"4","Trait5","mrMLM","PstI.TP293016","11","2323","0.0678","0.4459","C"
"4","Trait5","mrMLM","PstI.TP293124","11","2324","-3.2556e-05","0.0071","A"
"4","Trait5","mrMLM","PstI.TP293376","11","2325","0.1874","1.7085","C"
"4","Trait5","mrMLM","PstI.TP293442","11","2326","-0.037","0.4033","C"
"4","Trait5","mrMLM","PstI.TP293680","11","2327","-9.1526e-06","0.002","A"
"4","Trait5","mrMLM","PstI.TP293813","11","2329","-1.0177e-05","0.0022","A"
"4","Trait5","mrMLM","PstI.TP293826","11","2330","7.414e-06","0.0016","C"
"4","Trait5","mrMLM","PstI.TP293832","11","2331","0.0029","0.0476","G"
"4","Trait5","mrMLM","PstI.TP294071","11","2334","-1.0652e-05","0.0023","A"
"4","Trait5","mrMLM","PstI.TP294151","11","2335","5.6281e-06","0.0012","C"
"4","Trait5","mrMLM","PstI.TP294168","11","2336","0.1717","0.6843","C"
"4","Trait5","mrMLM","PstI.TP294236","11","2338","-8.7032e-06","0.0019","A"
"4","Trait5","mrMLM","PstI.TP294320","11","2339","8.6312e-06","0.0019","A"
"4","Trait5","mrMLM","PstI.TP297307","11","2346","-5.607e-06","0.0012","C"
"4","Trait5","mrMLM","PstI.TP297698","11","2348","7.487e-06","0.0016","C"
"4","Trait5","mrMLM","PstI.TP297702","11","2349","-6.0334e-06","0.0013","A"
"4","Trait5","mrMLM","PstI.TP297771","11","2350","-1.702e-05","0.0037","C"
"4","Trait5","mrMLM","PstI.TP297855","11","2351","-5.2503e-06","0.0011","A"
"4","Trait5","mrMLM","PstI.TP297884","11","2352","1.207e-05","0.0026","A"
"4","Trait5","mrMLM","PstI.TP298231","11","2353","-3.5076e-05","0.0077","A"
"4","Trait5","mrMLM","PstI.TP298340","11","2355","1.6153e-06","4e-04","A"
"4","Trait5","mrMLM","PstI.TP298620","11","2356","-1.5381e-05","0.0034","A"
"4","Trait5","mrMLM","PstI.TP298835","11","2358","-1.5745e-05","0.0034","A"
"4","Trait5","mrMLM","PstI.TP299137","11","2359","3.4546e-06","8e-04","G"
"4","Trait5","mrMLM","PstI.TP299464","11","2362","-0.1401","0.8384","A"
"4","Trait5","mrMLM","PstI.TP299595","11","2363","0.0363","0.3071","G"
"4","Trait5","mrMLM","PstI.TP299602","11","2364","-2.3466e-05","0.0051","A"
"4","Trait5","mrMLM","PstI.TP299614","11","2366","1.01e-05","0.0022","A"
"4","Trait5","mrMLM","PstI.TP299731","11","2368","-1.9113e-05","0.0042","C"
"4","Trait5","mrMLM","PstI.TP300300","11","2369","1.3213e-05","0.0029","A"
"4","Trait5","mrMLM","PstI.TP300340","11","2370","-0.2032","0.9056","A"
"4","Trait5","mrMLM","PstI.TP300667","11","2371","-0.006","0.1181","G"
"4","Trait5","mrMLM","PstI.TP300823","11","2372","1.1107e-05","0.0024","A"
"4","Trait5","mrMLM","PstI.TP300995","11","2373","-2.5017e-05","0.0055","C"
"4","Trait5","mrMLM","PstI.TP301119","11","2374","-1.595e-05","0.0035","A"
"4","Trait5","mrMLM","PstI.TP301179","11","2375","4.6206e-06","0.001","A"
"4","Trait5","mrMLM","PstI.TP301181","11","2376","-2.06e-05","0.0045","C"
"4","Trait5","mrMLM","PstI.TP301183","11","2377","-0.0286","0.1969","C"
"4","Trait5","mrMLM","PstI.TP301300","11","2378","5.6161e-06","0.0012","C"
"4","Trait5","mrMLM","PstI.TP301432","11","2382","0.0344","0.3298","C"
"4","Trait5","mrMLM","PstI.TP301480","11","2383","-0.1099","0.7926","A"
"4","Trait5","mrMLM","PstI.TP301527","11","2384","-1.6924e-06","4e-04","A"
"4","Trait5","mrMLM","PstI.TP301708","11","2386","7.9401e-07","2e-04","A"
"4","Trait5","mrMLM","PstI.TP302137","11","2387","-3.0758e-06","7e-04","A"
"4","Trait5","mrMLM","PstI.TP302202","11","2388","0.1227","0.5436","C"
"4","Trait5","mrMLM","PstI.TP302415","11","2390","-1.6129e-05","0.0035","A"
"4","Trait5","mrMLM","PstI.TP302470","11","2391","3.1414e-05","0.0069","G"
"4","Trait5","mrMLM","PstI.TP302909","11","2392","-2.1275e-06","5e-04","C"
"4","Trait5","mrMLM","PstI.TP303120","11","2393","-0.1295","0.5999","C"
"4","Trait5","mrMLM","PstI.TP303171","11","2394","2.836e-05","0.0062","A"
"4","Trait5","mrMLM","PstI.TP303241","11","2395","-0.1018","0.7021","A"
"4","Trait5","mrMLM","PstI.TP303248","11","2396","-0.0716","0.554","C"
"4","Trait5","mrMLM","PstI.TP303339","11","2397","-0.0675","0.6816","G"
"4","Trait5","mrMLM","PstI.TP303355","11","2398","-0.0141","0.1365","A"
"4","Trait5","mrMLM","PstI.TP303396","11","2399","-0.0674","0.433","A"
"4","Trait5","mrMLM","PstI.TP303412","11","2400","2.7011e-07","5.879e-05","A"
"4","Trait5","mrMLM","PstI.TP303420","11","2401","5.8897e-06","0.0013","A"
"4","Trait5","mrMLM","PstI.TP303586","11","2402","-1.4318e-06","3e-04","C"
"4","Trait5","mrMLM","PstI.TP303869","11","2403","-0.068","0.4063","A"
"4","Trait5","mrMLM","PstI.TP303875","11","2404","0.1448","0.828","A"
"4","Trait5","mrMLM","PstI.TP303950","11","2405","1.3143e-05","0.0029","A"
"4","Trait5","mrMLM","PstI.TP304170","11","2406","3.5476e-05","0.0078","A"
"4","Trait5","mrMLM","PstI.TP304387","11","2407","0.1051","0.7278","C"
"4","Trait5","mrMLM","PstI.TP304449","11","2408","-2.0389e-05","0.0045","A"
"4","Trait5","mrMLM","PstI.TP304578","11","2409","-1.365e-05","0.003","C"
"4","Trait5","mrMLM","PstI.TP304690","11","2410","-1.1151e-05","0.0024","A"
"4","Trait5","mrMLM","PstI.TP304758","11","2411","7.9927e-06","0.0017","A"
"4","Trait5","mrMLM","PstI.TP304955","11","2412","-1.6314e-05","0.0036","A"
"4","Trait5","mrMLM","PstI.TP304960","11","2413","2.1419e-05","0.0047","A"
"4","Trait5","mrMLM","PstI.TP305103","11","2415","-1.7325e-05","0.0038","C"
"4","Trait5","mrMLM","PstI.TP305125","11","2416","0.0218","0.2674","A"
"4","Trait5","mrMLM","PstI.TP306148","11","2420","2.1275e-05","0.0047","C"
"4","Trait5","mrMLM","PstI.TP306344","11","2423","-0.1397","1.2576","A"
"4","Trait5","mrMLM","PstI.TP306425","11","2424","-1.9746e-05","0.0043","A"
"4","Trait5","mrMLM","PstI.TP306442","11","2425","0.0505","0.5127","A"
"4","Trait5","mrMLM","PstI.TP306456","11","2426","-4.9786e-06","0.0011","A"
"4","Trait5","mrMLM","PstI.TP306510","11","2427","0.04","0.3939","C"
"4","Trait5","mrMLM","PstI.TP306579","11","2428","-1.8741e-06","4e-04","A"
"4","Trait5","mrMLM","PstI.TP306806","11","2430","2.7481e-05","0.006","A"
"4","Trait5","mrMLM","PstI.TP306928","11","2431","-2.2536e-05","0.0049","C"
"4","Trait5","mrMLM","PstI.TP307668","11","2432","0.0337","0.2644","G"
"4","Trait5","mrMLM","PstI.TP307921","11","2435","0.0764","0.6784","C"
"4","Trait5","mrMLM","PstI.TP307991","11","2436","-1.1478e-05","0.0025","A"
"4","Trait5","mrMLM","PstI.TP308002","11","2437","-0.2111","1.3112","A"
"4","Trait5","mrMLM","PstI.TP308202","11","2440","8.7481e-06","0.0019","C"
"4","Trait5","mrMLM","PstI.TP308309","11","2441","2.8251e-06","6e-04","C"
"4","Trait5","mrMLM","PstI.TP308557","11","2443","0.0677","0.4179","A"
"4","Trait5","mrMLM","PstI.TP308563","11","2444","0.2095","1.8687","C"
"4","Trait5","mrMLM","PstI.TP308617","11","2445","0.0409","0.4995","A"
"4","Trait5","mrMLM","PstI.TP308822","11","2446","1.9835e-05","0.0043","A"
"4","Trait5","mrMLM","PstI.TP308853","11","2447","5.4713e-06","0.0012","G"
"4","Trait5","mrMLM","PstI.TP308962","11","2448","-1.3146e-05","0.0029","C"
"4","Trait5","mrMLM","PstI.TP308974","11","2449","1.5331e-05","0.0033","A"
"4","Trait5","mrMLM","PstI.TP309015","11","2450","-7e-04","0.0347","A"
"4","Trait5","mrMLM","PstI.TP309197","11","2451","5.4955e-06","0.0012","A"
"4","Trait5","mrMLM","PstI.TP310033","11","2454","-0.0218","0.1999","A"
"4","Trait5","mrMLM","PstI.TP310118","11","2455","-1.5769e-05","0.0034","A"
"4","Trait5","mrMLM","PstI.TP310149","11","2456","0.0679","0.5943","C"
"4","Trait5","mrMLM","PstI.TP310156","11","2457","-4.2459e-06","9e-04","A"
"4","Trait5","mrMLM","PstI.TP310303","11","2458","-1.2412e-05","0.0027","A"
"4","Trait5","mrMLM","PstI.TP310319","11","2459","7.9294e-06","0.0017","C"
"4","Trait5","mrMLM","PstI.TP310451","11","2460","-3.1755e-06","7e-04","A"
"4","Trait5","mrMLM","PstI.TP310503","11","2461","-2.0361e-05","0.0045","A"
"4","Trait5","mrMLM","PstI.TP310513","11","2462","-0.0758","0.5897","G"
"4","Trait5","mrMLM","PstI.TP310539","11","2463","-0.0424","0.4023","A"
"4","Trait5","mrMLM","PstI.TP310596","11","2464","-0.1952","0.805","A"
"4","Trait5","mrMLM","PstI.TP310597","11","2465","-2.6978e-06","6e-04","A"
"4","Trait5","mrMLM","PstI.TP310634","11","2466","-2.9627e-05","0.0065","A"
"4","Trait5","mrMLM","PstI.TP310731","11","2467","-1.1079e-05","0.0024","A"
"4","Trait5","mrMLM","PstI.TP310838","11","2468","-1.1934e-05","0.0026","C"
"4","Trait5","mrMLM","PstI.TP311802","11","2471","-0.1045","0.9861","A"
"4","Trait5","mrMLM","PstI.TP312094","11","2472","0.0223","0.2436","G"
"4","Trait5","mrMLM","PstI.TP312970","11","2475","-0.0633","0.562","C"
"4","Trait5","mrMLM","PstI.TP312980","11","2476","1.9761e-05","0.0043","A"
"4","Trait5","mrMLM","PstI.TP313085","11","2478","-0.2242","0.8752","C"
"4","Trait5","mrMLM","PstI.TP313213","11","2479","9.5055e-06","0.0021","A"
"4","Trait5","mrMLM","PstI.TP313628","11","2480","0.0314","0.3869","C"
"4","Trait5","mrMLM","PstI.TP314040","11","2481","-0.1334","0.4715","A"
"4","Trait5","mrMLM","PstI.TP314157","11","2482","2.5721e-06","6e-04","C"
"4","Trait5","mrMLM","PstI.TP314188","11","2483","-5.5283e-06","0.0012","C"
"4","Trait5","mrMLM","PstI.TP314213","11","2484","9.4962e-07","2e-04","A"
"4","Trait5","mrMLM","PstI.TP314354","11","2485","0.0088","0.1409","A"
"4","Trait5","mrMLM","PstI.TP314431","11","2486","3.3566e-06","7e-04","G"
"4","Trait5","mrMLM","PstI.TP314454","11","2487","0.0682","0.6501","A"
"4","Trait5","mrMLM","PstI.TP314578","11","2488","0.1689","0.7718","A"
"4","Trait5","mrMLM","PstI.TP314846","11","2489","1.9241e-05","0.0042","A"
"4","Trait5","mrMLM","PstI.TP315152","11","2490","1.3092e-05","0.0029","G"
"4","Trait5","mrMLM","PstI.TP315223","11","2491","-6.5101e-06","0.0014","C"
"4","Trait5","mrMLM","PstI.TP315270","11","2492","-3.2585e-05","0.0072","C"
"4","Trait5","mrMLM","PstI.TP315350","11","2493","9.2742e-06","0.002","C"
"4","Trait5","mrMLM","PstI.TP315364","11","2494","5.9422e-06","0.0013","C"
"4","Trait5","mrMLM","PstI.TP315674","11","2495","-3.2418e-05","0.0071","C"
"4","Trait5","mrMLM","PstI.TP315679","11","2496","1.0426e-05","0.0023","A"
"4","Trait5","mrMLM","PstI.TP315802","11","2497","-5.7719e-06","0.0013","G"
"4","Trait5","mrMLM","PstI.TP315827","11","2498","1.0683e-05","0.0023","C"
"4","Trait5","mrMLM","PstI.TP316237","11","2499","-0.0124","0.125","A"
"4","Trait5","mrMLM","PstI.TP316243","11","2500","-2.3008e-05","0.005","A"
"4","Trait5","mrMLM","PstI.TP316318","11","2501","-3.4224e-05","0.0075","A"
"4","Trait5","mrMLM","PstI.TP316368","11","2502","0.0066","0.1125","G"
"4","Trait5","mrMLM","PstI.TP316438","11","2503","-5.9824e-06","0.0013","A"
"4","Trait5","mrMLM","PstI.TP316449","11","2504","2.2101e-05","0.0048","C"
"4","Trait5","mrMLM","PstI.TP316488","11","2505","4.892e-06","0.0011","C"
"4","Trait5","mrMLM","PstI.TP316504","11","2506","8.2012e-06","0.0018","A"
"4","Trait5","mrMLM","PstI.TP316592","11","2507","0.1318","0.7557","A"
"4","Trait5","mrMLM","PstI.TP316640","11","2508","1.7031e-05","0.0037","C"
"4","Trait5","mrMLM","PstI.TP316731","11","2510","-0.0507","0.4253","C"
"4","Trait5","mrMLM","PstI.TP317610","11","2514","2.3551e-05","0.0052","G"
"4","Trait5","mrMLM","PstI.TP318033","11","2515","-0.1396","0.6353","A"
"4","Trait5","mrMLM","PstI.TP318276","11","2517","-0.1093","0.9888","A"
"4","Trait5","mrMLM","PstI.TP318306","11","2518","-2.7462e-05","0.006","C"
"4","Trait5","mrMLM","PstI.TP318374","11","2519","0.0287","0.3106","A"
"4","Trait5","mrMLM","PstI.TP318526","11","2522","2.0764e-05","0.0045","G"
"4","Trait5","mrMLM","PstI.TP318749","11","2524","-1.7217e-05","0.0038","C"
"4","Trait5","mrMLM","PstI.TP319062","11","2525","2.6454e-05","0.0058","C"
"4","Trait5","mrMLM","PstI.TP319263","11","2526","-6.025e-06","0.0013","A"
"4","Trait5","mrMLM","PstI.TP319324","11","2527","-0.1513","0.951","A"
"4","Trait5","mrMLM","PstI.TP319579","11","2529","-3.531e-06","8e-04","A"
"4","Trait5","mrMLM","PstI.TP319690","11","2530","-1.8723e-05","0.0041","A"
"4","Trait5","mrMLM","PstI.TP319776","11","2531","-2.2795e-06","5e-04","C"
"4","Trait5","mrMLM","PstI.TP319778","11","2532","5.0331e-07","1e-04","C"
"4","Trait5","mrMLM","PstI.TP319792","11","2533","-1.8403e-05","0.004","G"
"4","Trait5","mrMLM","PstI.TP319826","11","2534","0.0258","0.31","C"
"4","Trait5","mrMLM","PstI.TP320216","11","2535","-0.046","0.3266","A"
"4","Trait5","mrMLM","PstI.TP320220","11","2536","5.0061e-06","0.0011","C"
"4","Trait5","mrMLM","PstI.TP320230","11","2537","0.1567","1.0351","A"
"4","Trait5","mrMLM","PstI.TP320351","11","2538","8.9721e-06","0.002","G"
"4","Trait5","mrMLM","PstI.TP320495","11","2539","-2.3128e-05","0.0051","A"
"4","Trait5","mrMLM","PstI.TP320532","11","2540","9.6007e-06","0.0021","G"
"4","Trait5","mrMLM","PstI.TP320947","11","2541","-0.0371","0.417","C"
"4","Trait5","mrMLM","PstI.TP320970","11","2542","9.4679e-06","0.0021","A"
"4","Trait5","mrMLM","PstI.TP321156","11","2544","-8.2638e-06","0.0018","C"
"4","Trait5","mrMLM","PstI.TP321158","11","2545","-2.64e-05","0.0058","G"
"4","Trait5","mrMLM","PstI.TP321406","11","2547","-6.3347e-06","0.0014","C"
"4","Trait5","mrMLM","PstI.TP321591","11","2548","4.7343e-06","0.001","A"
"4","Trait5","mrMLM","PstI.TP321657","11","2549","-1.9889e-06","4e-04","A"
"4","Trait5","mrMLM","PstI.TP321745","11","2550","0.1158","1.3513","C"
"4","Trait5","mrMLM","PstI.TP321804","11","2551","0.1594","1.0821","C"
"4","Trait5","mrMLM","PstI.TP322607","11","2552","0.0828","0.3545","A"
"4","Trait5","mrMLM","PstI.TP322652","11","2553","-2.0368e-05","0.0045","C"
"4","Trait5","mrMLM","PstI.TP322847","11","2554","1.0748e-05","0.0023","A"
"4","Trait5","mrMLM","PstI.TP322951","11","2556","0.0768","0.3246","A"
"4","Trait5","mrMLM","PstI.TP323001","11","2558","-4.1218e-07","8.9736e-05","C"
"4","Trait5","mrMLM","PstI.TP323149","11","2559","0.0222","0.2529","A"
"4","Trait5","mrMLM","PstI.TP323188","11","2560","-7.341e-06","0.0016","A"
"4","Trait5","mrMLM","PstI.TP323198","11","2561","-0.0159","0.2199","C"
"4","Trait5","mrMLM","PstI.TP323240","11","2562","2.3669e-05","0.0052","C"
"4","Trait5","mrMLM","PstI.TP323256","11","2563","1.2095e-06","3e-04","A"
"4","Trait5","mrMLM","PstI.TP323391","11","2564","-8.6017e-06","0.0019","G"
"4","Trait5","mrMLM","PstI.TP323449","11","2565","-0.0326","0.2768","A"
"4","Trait5","mrMLM","PstI.TP323642","11","2566","-0.1795","1.0304","C"
"4","Trait5","mrMLM","PstI.TP323843","11","2568","1.6619e-05","0.0036","C"
"4","Trait5","mrMLM","PstI.TP323980","11","2569","0.0569","0.7477","A"
"4","Trait5","mrMLM","PstI.TP324057","11","2570","-6.5373e-06","0.0014","A"
"4","Trait5","mrMLM","PstI.TP324397","11","2571","-3.2329e-05","0.0071","A"
"4","Trait5","mrMLM","PstI.TP324715","11","2573","-0.05","0.3851","A"
"4","Trait5","mrMLM","PstI.TP324749","11","2574","0.2651","1.1345","G"
"4","Trait5","mrMLM","PstI.TP324767","11","2575","0.072","0.6159","A"
"4","Trait5","mrMLM","PstI.TP324899","11","2577","-2.4859e-05","0.0054","C"
"4","Trait5","mrMLM","PstI.TP325000","11","2578","1.1889e-05","0.0026","C"
"4","Trait5","mrMLM","PstI.TP325104","11","2580","-2.1491e-05","0.0047","A"
"4","Trait5","mrMLM","PstI.TP325126","11","2581","-4.9292e-06","0.0011","C"
"4","Trait5","mrMLM","PstI.TP325158","11","2582","2.4615e-05","0.0054","C"
"4","Trait5","mrMLM","PstI.TP325938","11","2583","-0.0762","0.5701","A"
"4","Trait5","mrMLM","PstI.TP326030","11","2584","0.0187","0.1771","A"
"4","Trait5","mrMLM","PstI.TP326515","11","2587","1.1421e-05","0.0025","A"
"4","Trait5","mrMLM","PstI.TP326537","11","2588","-0.1132","0.7179","C"
"4","Trait5","mrMLM","PstI.TP326546","11","2589","-1.4424e-05","0.0032","C"
"4","Trait5","mrMLM","PstI.TP326645","11","2590","-3.4134e-06","7e-04","C"
"4","Trait5","mrMLM","PstI.TP326969","11","2591","1.9449e-05","0.0043","A"
"4","Trait5","mrMLM","PstI.TP327099","11","2593","4.3931e-06","0.001","C"
"4","Trait5","mrMLM","PstI.TP327376","11","2595","-1.268e-05","0.0028","C"
"4","Trait5","mrMLM","PstI.TP327439","11","2596","0.1093","0.9128","C"
"4","Trait5","mrMLM","PstI.TP327748","11","2597","0.051","0.4676","A"
"4","Trait5","mrMLM","PstI.TP327921","11","2598","5.5813e-06","0.0012","C"
"4","Trait5","mrMLM","PstI.TP328246","11","2599","0.0111","0.0995","C"
"4","Trait5","mrMLM","PstI.TP328259","11","2600","-5.264e-06","0.0011","C"
"4","Trait5","mrMLM","PstI.TP328277","11","2601","-1.6437e-05","0.0036","G"
"4","Trait5","mrMLM","PstI.TP328749","11","2602","-8.9433e-06","0.002","A"
"4","Trait5","mrMLM","PstI.TP328765","11","2603","-0.1474","2.0538","A"
"4","Trait5","mrMLM","PstI.TP329215","11","2604","-1.7684e-05","0.0039","A"
"4","Trait5","mrMLM","PstI.TP329239","11","2605","1.0675e-06","2e-04","A"
"4","Trait5","mrMLM","PstI.TP329282","11","2606","1.6263e-05","0.0036","A"
"4","Trait5","mrMLM","PstI.TP329312","11","2607","-0.076","0.5267","A"
"4","Trait5","mrMLM","PstI.TP329411","11","2608","1.3876e-05","0.003","G"
"4","Trait5","mrMLM","PstI.TP329692","11","2611","-1.2694e-05","0.0028","C"
"4","Trait5","mrMLM","PstI.TP329699","11","2612","-1.1902e-06","3e-04","C"
"4","Trait5","mrMLM","PstI.TP329726","11","2613","3.5854e-05","0.0079","G"
"4","Trait5","mrMLM","PstI.TP330180","11","2614","3.331e-05","0.0073","A"
"4","Trait5","mrMLM","PstI.TP330461","11","2615","1.075e-05","0.0023","G"
"4","Trait5","mrMLM","PstI.TP330756","11","2616","4.0589e-06","9e-04","A"
"4","Trait5","mrMLM","PstI.TP330897","11","2617","0.0941","0.6547","C"
"4","Trait5","mrMLM","PstI.TP331009","11","2618","6.166e-06","0.0013","C"
"4","Trait5","mrMLM","PstI.TP331390","11","2619","-0.0149","0.174","A"
"4","Trait5","mrMLM","PstI.TP331989","11","2620","0.0974","1.009","A"
"4","Trait5","mrMLM","PstI.TP332006","11","2621","-2.6351e-05","0.0058","C"
"4","Trait5","mrMLM","PstI.TP332281","11","2622","1.6231e-05","0.0035","A"
"4","Trait5","mrMLM","PstI.TP332492","11","2623","-4.7698e-06","0.001","C"
"4","Trait5","mrMLM","PstI.TP332672","11","2624","-3.1284e-06","7e-04","A"
"4","Trait5","mrMLM","PstI.TP332716","11","2625","-1.2927e-05","0.0028","C"
"4","Trait5","mrMLM","PstI.TP332896","11","2626","1.5292e-06","3e-04","A"
"4","Trait5","mrMLM","PstI.TP333031","11","2627","-0.0147","0.1956","C"
"4","Trait5","mrMLM","PstI.TP333033","11","2628","2.738e-05","0.006","C"
"4","Trait5","mrMLM","PstI.TP333071","11","2629","-5.9177e-06","0.0013","A"
"4","Trait5","mrMLM","PstI.TP333165","11","2630","3.0914e-05","0.0068","A"
"4","Trait5","mrMLM","PstI.TP333190","11","2631","-0.0718","0.5905","C"
"4","Trait5","mrMLM","PstI.TP333228","11","2632","-1.7192e-06","4e-04","A"
"4","Trait5","mrMLM","PstI.TP333310","11","2633","4.4285e-06","0.001","A"
"4","Trait5","mrMLM","PstI.TP333616","11","2634","-0.0112","0.1915","C"
"4","Trait5","mrMLM","PstI.TP333726","11","2635","6.6259e-06","0.0014","A"
"4","Trait5","mrMLM","PstI.TP333768","11","2636","-2.1237e-05","0.0046","C"
"4","Trait5","mrMLM","PstI.TP333778","11","2637","-0.1818","0.9714","A"
"4","Trait5","mrMLM","PstI.TP333880","11","2639","1.4692e-05","0.0032","A"
"4","Trait5","mrMLM","PstI.TP333883","11","2640","0.1299","0.8313","C"
"4","Trait5","mrMLM","PstI.TP334138","11","2642","-4.0456e-06","9e-04","A"
"4","Trait5","mrMLM","PstI.TP334261","11","2643","9.4521e-06","0.0021","A"
"4","Trait5","mrMLM","PstI.TP334601","11","2644","-1.8093e-05","0.004","A"
"4","Trait5","mrMLM","PstI.TP334769","11","2645","0.0068","0.0961","C"
"4","Trait5","mrMLM","PstI.TP334880","11","2646","1.0303e-05","0.0022","C"
"4","Trait5","mrMLM","PstI.TP334940","11","2647","-3.8607e-06","8e-04","A"
"4","Trait5","mrMLM","PstI.TP335155","11","2648","1.6652e-05","0.0036","A"
"4","Trait5","mrMLM","PstI.TP335586","11","2649","3.477e-05","0.0076","A"
"4","Trait5","mrMLM","PstI.TP335876","11","2650","-5.7246e-07","1e-04","A"
"4","Trait5","mrMLM","PstI.TP336323","11","2653","-0.2223","1.7715","A"
"4","Trait5","mrMLM","PstI.TP336398","11","2654","3.0527e-05","0.0067","C"
"4","Trait5","mrMLM","PstI.TP336765","11","2655","1.4547e-05","0.0032","A"
"4","Trait5","mrMLM","PstI.TP337383","11","2657","2.4209e-05","0.0053","A"
"4","Trait5","mrMLM","PstI.TP337608","11","2658","-0.0256","0.2284","A"
"4","Trait5","mrMLM","PstI.TP337631","11","2659","3.4952e-05","0.0077","A"
"4","Trait5","mrMLM","PstI.TP337973","11","2662","7.0646e-06","0.0015","C"
"4","Trait5","mrMLM","PstI.TP338192","11","2664","1.7322e-05","0.0038","C"
"4","Trait5","mrMLM","PstI.TP338352","11","2665","-0.0255","0.3205","G"
"4","Trait5","mrMLM","PstI.TP338365","11","2666","-0.0447","0.4599","C"
"4","Trait5","mrMLM","PstI.TP338402","11","2667","1.4649e-05","0.0032","A"
"4","Trait5","mrMLM","PstI.TP338468","11","2668","1.2622e-05","0.0028","A"
"4","Trait5","mrMLM","PstI.TP338556","11","2669","2.4347e-05","0.0053","A"
"4","Trait5","mrMLM","PstI.TP338693","11","2670","-2.0323e-05","0.0044","C"
"4","Trait5","mrMLM","PstI.TP338711","11","2671","4.8336e-06","0.0011","C"
"4","Trait5","mrMLM","PstI.TP338959","11","2672","1.2783e-05","0.0028","C"
"4","Trait5","mrMLM","PstI.TP339006","11","2674","5.0837e-06","0.0011","C"
"4","Trait5","mrMLM","PstI.TP339262","11","2676","0.0514","0.5431","C"
"4","Trait5","mrMLM","PstI.TP339321","11","2677","0.0625","0.3892","C"
"4","Trait5","mrMLM","PstI.TP339490","11","2679","0.025","0.2274","A"
"4","Trait5","mrMLM","PstI.TP339843","11","2683","1.5489e-06","3e-04","C"
"4","Trait5","mrMLM","PstI.TP339880","11","2684","0.0079","0.12","A"
"4","Trait5","mrMLM","PstI.TP339933","11","2685","-0.0095","0.1498","A"
"4","Trait5","mrMLM","PstI.TP339945","11","2686","-0.2546","1.3853","A"
"4","Trait5","mrMLM","PstI.TP339976","11","2688","1.0281e-05","0.0022","A"
"4","Trait5","mrMLM","PstI.TP340105","11","2691","7.5346e-06","0.0016","A"
"4","Trait5","mrMLM","PstI.TP340194","11","2692","0.0542","0.2877","A"
"4","Trait5","mrMLM","PstI.TP340277","11","2693","-1.8677e-05","0.0041","G"
"4","Trait5","mrMLM","PstI.TP340636","11","2694","-7.5966e-06","0.0017","A"
"4","Trait5","mrMLM","PstI.TP341013","11","2695","0.0487","0.3272","C"
"4","Trait5","mrMLM","PstI.TP341298","11","2697","2.3512e-05","0.0051","A"
"4","Trait5","mrMLM","PstI.TP342311","11","2698","7.1398e-06","0.0016","A"
"4","Trait5","mrMLM","PstI.TP342709","11","2700","-1.1729e-05","0.0026","C"
"4","Trait5","mrMLM","PstI.TP343043","11","2701","1.6171e-05","0.0035","A"
"4","Trait5","mrMLM","PstI.TP343389","11","2703","-7.9206e-05","0.0111","A"
"4","Trait5","mrMLM","PstI.TP343669","11","2706","1.0582e-06","2e-04","A"
"4","Trait5","mrMLM","PstI.TP343679","11","2707","-0.0566","0.4465","G"
"4","Trait5","mrMLM","PstI.TP344006","11","2710","-0.3313","1.8522","A"
"4","Trait5","mrMLM","PstI.TP344062","11","2711","2.8461e-05","0.0062","A"
"4","Trait5","mrMLM","PstI.TP344362","11","2713","-2.529e-05","0.0055","C"
"4","Trait5","mrMLM","PstI.TP344471","11","2714","-0.0295","0.1436","A"
"4","Trait5","mrMLM","PstI.TP344604","11","2716","-0.209","1.2976","C"
"4","Trait5","mrMLM","PstI.TP344707","11","2717","0.026","0.213","C"
"4","Trait5","mrMLM","PstI.TP344944","11","2718","-0.1596","1.1305","A"
"4","Trait5","mrMLM","PstI.TP345018","11","2719","0.183","1.211","A"
"4","Trait5","mrMLM","PstI.TP345199","11","2720","3.3784e-05","0.0074","A"
"4","Trait5","mrMLM","PstI.TP345375","11","2721","-3.3048e-05","0.0073","C"
"4","Trait5","mrMLM","PstI.TP345524","11","2722","5.3368e-06","0.0012","C"
"4","Trait5","mrMLM","PstI.TP345564","11","2723","3.2795e-05","0.0072","A"
"4","Trait5","mrMLM","PstI.TP345636","11","2725","1.3781e-05","0.003","C"
"4","Trait5","mrMLM","PstI.TP345738","11","2726","1.1353e-05","0.0025","A"
"4","Trait5","mrMLM","PstI.TP345895","11","2727","-0.0429","0.4905","C"
"4","Trait5","mrMLM","PstI.TP345904","11","2728","5.1609e-07","1e-04","A"
"4","Trait5","mrMLM","PstI.TP346633","11","2731","2.3606e-06","5e-04","A"
"4","Trait5","mrMLM","PstI.TP347015","11","2733","-6.9315e-06","0.0015","G"
"4","Trait5","mrMLM","PstI.TP347161","11","2734","0.2407","1.1987","A"
"4","Trait5","mrMLM","PstI.TP347207","11","2735","0.1776","1.565","A"
"4","Trait5","mrMLM","PstI.TP347218","11","2736","2.0076e-06","4e-04","C"
"4","Trait5","mrMLM","PstI.TP347634","11","2737","-2.0109e-05","0.0044","A"
"4","Trait5","mrMLM","PstI.TP347789","11","2738","-0.0636","0.4992","C"
"4","Trait5","mrMLM","PstI.TP347863","11","2739","-1.3336e-05","0.0029","C"
"4","Trait5","mrMLM","PstI.TP347899","11","2740","-2.1329e-06","5e-04","A"
"4","Trait5","mrMLM","PstI.TP348113","11","2741","0.0276","0.3645","C"
"4","Trait5","mrMLM","PstI.TP348199","11","2742","-4.1304e-06","9e-04","C"
"4","Trait5","mrMLM","PstI.TP348304","11","2743","-1.273e-05","0.0028","C"
"4","Trait5","mrMLM","PstI.TP348609","11","2744","-4.0736e-05","0.009","A"
"4","Trait5","mrMLM","PstI.TP348639","11","2745","0.1488","1.1196","C"
"4","Trait5","mrMLM","PstI.TP348904","11","2746","-0.0383","0.4228","A"
"4","Trait5","mrMLM","PstI.TP349073","11","2747","-1.6569e-05","0.0036","A"
"4","Trait5","mrMLM","PstI.TP349163","11","2748","-0.0733","0.69","A"
"4","Trait5","mrMLM","PstI.TP349380","11","2749","-8.2465e-06","0.0018","A"
"4","Trait5","mrMLM","PstI.TP349411","11","2751","-1.082e-05","0.0024","C"
"4","Trait5","mrMLM","PstI.TP349610","11","2752","0.0679","0.812","G"
"4","Trait5","mrMLM","PstI.TP350074","11","2754","6.8428e-06","0.0015","C"
"4","Trait5","mrMLM","PstI.TP350131","11","2755","-7.4771e-06","0.0016","C"
"4","Trait5","mrMLM","PstI.TP350272","11","2756","-1.6808e-05","0.0037","C"
"4","Trait5","mrMLM","PstI.TP350290","11","2757","-0.0251","0.2128","A"
"4","Trait5","mrMLM","PstI.TP350508","11","2759","-0.0078","0.1369","A"
"4","Trait5","mrMLM","PstI.TP350552","11","2761","-1.0384e-05","0.0023","A"
"4","Trait5","mrMLM","PstI.TP350671","11","2762","1.7415e-05","0.0038","A"
"4","Trait5","mrMLM","PstI.TP350689","11","2763","1.5207e-05","0.0033","A"
"4","Trait5","mrMLM","PstI.TP350692","11","2764","-0.0786","1.065","G"
"4","Trait5","mrMLM","PstI.TP350940","11","2765","-0.1185","0.9488","C"
"4","Trait5","mrMLM","PstI.TP350959","11","2766","-9.0593e-06","0.002","A"
"4","Trait5","mrMLM","PstI.TP351433","11","2768","-0.0662","0.3647","C"
"4","Trait5","mrMLM","PstI.TP351601","11","2770","-0.0607","0.7084","A"
"4","Trait5","mrMLM","PstI.TP351635","11","2771","-0.0319","0.3937","A"
"4","Trait5","mrMLM","PstI.TP351851","11","2772","3.6135e-06","8e-04","C"
"4","Trait5","mrMLM","PstI.TP351985","11","2773","0.1006","0.6184","C"
"4","Trait5","mrMLM","PstI.TP352065","11","2774","4.2799e-05","0.0094","C"
"4","Trait5","mrMLM","PstI.TP352360","11","2775","-4.6208e-06","0.001","A"
"4","Trait5","mrMLM","PstI.TP352395","11","2776","3.3107e-05","0.0073","G"
"4","Trait5","mrMLM","PstI.TP352424","11","2777","-2.8209e-05","0.0062","C"
"4","Trait5","mrMLM","PstI.TP352559","11","2778","-1.3234e-05","0.0029","A"
"4","Trait5","mrMLM","PstI.TP352580","11","2779","-2.2498e-05","0.0049","C"
"4","Trait5","mrMLM","PstI.TP352655","11","2781","6.9396e-07","2e-04","C"
"4","Trait5","mrMLM","PstI.TP352760","11","2782","2.0831e-05","0.0046","A"
"4","Trait5","mrMLM","PstI.TP352836","11","2783","1.8167e-06","4e-04","A"
"4","Trait5","mrMLM","PstI.TP352987","11","2784","-0.0501","0.5561","C"
"4","Trait5","mrMLM","PstI.TP353127","11","2785","0.0175","0.1216","C"
"4","Trait5","mrMLM","PstI.TP353173","11","2786","1.7539e-05","0.0038","C"
"4","Trait5","mrMLM","PstI.TP353268","11","2787","-0.0923","0.7575","A"
"4","Trait5","mrMLM","PstI.TP353301","11","2788","1.8514e-05","0.004","C"
"4","Trait5","mrMLM","PstI.TP353762","11","2790","-1.6484e-07","3.5875e-05","C"
"4","Trait5","mrMLM","PstI.TP354086","11","2791","1.0485e-09","2.2816e-07","C"
"4","Trait5","mrMLM","PstI.TP354117","11","2792","-0.2984","1.6881","G"
"4","Trait5","mrMLM","PstI.TP354339","11","2794","2.9825e-06","6e-04","A"
"4","Trait5","mrMLM","PstI.TP354547","11","2795","1.2686e-05","0.0028","A"
"4","Trait5","mrMLM","PstI.TP354809","11","2797","1.1003e-05","0.0024","C"
"4","Trait5","mrMLM","PstI.TP354834","11","2798","-3.2011e-05","0.007","C"
"4","Trait5","mrMLM","PstI.TP354968","11","2799","0.1997","1.7736","A"
"4","Trait5","mrMLM","PstI.TP354970","11","2800","-6.8044e-06","0.0015","A"
"4","Trait5","mrMLM","PstI.TP355004","11","2801","6.5688e-06","0.0014","C"
"4","Trait5","mrMLM","PstI.TP355154","11","2802","-2.4895e-07","5.4189e-05","C"
"4","Trait5","mrMLM","PstI.TP355242","11","2803","-2.3372e-05","0.0051","C"
"4","Trait5","mrMLM","PstI.TP355345","11","2804","-3.7058e-05","0.0081","C"
"4","Trait5","mrMLM","PstI.TP355533","11","2805","-0.0075","0.12","C"
"4","Trait5","mrMLM","PstI.TP355540","11","2806","4.2289e-06","9e-04","C"
"4","Trait5","mrMLM","PstI.TP355788","11","2807","-0.0435","0.4142","A"
"4","Trait5","mrMLM","PstI.TP355789","11","2808","-2.9493e-05","0.0065","G"
"4","Trait5","mrMLM","PstI.TP355877","11","2809","-7.0173e-06","0.0015","A"
"4","Trait5","mrMLM","PstI.TP355907","11","2810","-0.0629","0.5048","C"
"4","Trait5","mrMLM","PstI.TP355931","11","2811","0.0832","0.5101","G"
"4","Trait5","mrMLM","PstI.TP355964","11","2812","3.1018e-05","0.0068","C"
"4","Trait5","mrMLM","PstI.TP355988","11","2813","-0.0819","1.0297","C"
"4","Trait5","mrMLM","PstI.TP356174","11","2816","0.0744","1.1149","A"
"4","Trait5","mrMLM","PstI.TP356195","11","2817","1.0542e-05","0.0023","C"
"4","Trait5","mrMLM","PstI.TP356223","11","2818","0.0377","0.2545","A"
"4","Trait5","mrMLM","PstI.TP356628","11","2820","-3.6536e-05","0.008","A"
"4","Trait5","mrMLM","PstI.TP356830","11","2821","-0.0287","0.4138","A"
"4","Trait5","mrMLM","PstI.TP356857","11","2822","9.7131e-06","0.0021","C"
"4","Trait5","mrMLM","PstI.TP357369","11","2823","-0.1092","0.8919","C"
"4","Trait5","mrMLM","PstI.TP357552","11","2824","8.4874e-06","0.0019","C"
"4","Trait5","mrMLM","PstI.TP357808","11","2826","0.1737","1.1263","A"
"4","Trait5","mrMLM","PstI.TP357886","11","2827","-0.044","0.5074","C"
"4","Trait5","mrMLM","PstI.TP357910","11","2828","2.0419e-05","0.0045","A"
"4","Trait5","mrMLM","PstI.TP357928","11","2829","-3.3268e-05","0.0073","A"
"4","Trait5","mrMLM","PstI.TP358103","11","2830","1.3337e-05","0.0029","G"
"4","Trait5","mrMLM","PstI.TP358553","11","2831","3.2621e-05","0.0072","A"
"4","Trait5","mrMLM","PstI.TP358559","11","2832","-1.6191e-05","0.0035","A"
"4","Trait5","mrMLM","PstI.TP358570","11","2833","-3.4296e-05","0.0075","A"
"4","Trait5","mrMLM","PstI.TP358610","11","2834","-0.0112","0.136","C"
"4","Trait5","mrMLM","PstI.TP358632","11","2835","-1.3732e-05","0.003","C"
"4","Trait5","mrMLM","PstI.TP358798","11","2836","0.1193","0.6135","A"
"4","Trait5","mrMLM","PstI.TP359009","11","2837","-2.362e-05","0.0052","C"
"4","Trait5","mrMLM","PstI.TP359324","11","2840","-1.8852e-05","0.0041","A"
"4","Trait5","mrMLM","PstI.TP359578","11","2842","-2.9614e-05","0.0065","C"
"4","Trait5","mrMLM","PstI.TP359700","11","2843","-0.0846","0.8674","A"
"4","Trait5","mrMLM","PstI.TP359715","11","2844","-0.0788","0.5787","G"
"4","Trait5","mrMLM","PstI.TP359851","11","2846","0.0459","0.4033","G"
"4","Trait5","mrMLM","PstI.TP360129","11","2848","-2.6205e-05","0.0057","A"
"4","Trait5","mrMLM","PstI.TP360233","11","2850","2.8041e-06","6e-04","C"
"4","Trait5","mrMLM","PstI.TP360315","11","2851","6.1592e-06","0.0013","A"
"4","Trait5","mrMLM","PstI.TP360343","11","2852","-0.0665","0.5573","A"
"4","Trait5","mrMLM","PstI.TP360538","11","2853","1.7811e-05","0.0039","A"
"4","Trait5","mrMLM","PstI.TP360832","11","2855","0.2309","1.4635","C"
"4","Trait5","mrMLM","PstI.TP361016","11","2859","0.0653","0.674","C"
"4","Trait5","mrMLM","PstI.TP361410","11","2860","-2.0803e-05","0.0046","A"
"4","Trait5","mrMLM","PstI.TP361925","11","2861","1.1729e-05","0.0026","C"
"4","Trait5","mrMLM","PstI.TP362095","11","2863","1.4194e-05","0.0031","C"
"4","Trait5","mrMLM","PstI.TP362797","11","2864","-0.0123","0.1545","C"
"4","Trait5","mrMLM","PstI.TP362826","11","2865","0.1521","1.1907","C"
"4","Trait5","mrMLM","PstI.TP363053","11","2867","-3.0105e-06","7e-04","A"
"4","Trait5","mrMLM","PstI.TP363116","11","2868","0.0559","0.7493","A"
"4","Trait5","mrMLM","PstI.TP363291","11","2870","-0.1015","0.6082","A"
"4","Trait5","mrMLM","PstI.TP363357","11","2872","8.3492e-07","2e-04","C"
"4","Trait5","mrMLM","PstI.TP363545","11","2873","-1.2982e-05","0.0028","A"
"4","Trait5","mrMLM","PstI.TP363900","11","2874","6.3069e-06","0.0014","A"
"4","Trait5","mrMLM","PstI.TP364010","11","2875","-1.5067e-05","0.0033","A"
"4","Trait5","mrMLM","PstI.TP364192","11","2876","1.4172e-05","0.0031","C"
"4","Trait5","mrMLM","PstI.TP364261","11","2877","-7.7085e-06","0.0017","A"
"4","Trait5","mrMLM","PstI.TP364816","11","2880","0.1319","1.0236","C"
"4","Trait5","mrMLM","PstI.TP364873","11","2882","-1.4859e-05","0.0032","A"
"4","Trait5","mrMLM","PstI.TP364909","11","2883","-3.7881e-06","8e-04","A"
"4","Trait5","mrMLM","PstI.TP364953","11","2884","5.624e-06","0.0012","C"
"4","Trait5","mrMLM","PstI.TP365115","11","2886","1.7215e-05","0.0038","C"
"4","Trait5","mrMLM","PstI.TP365432","11","2887","-1.0721e-05","0.0023","C"
"4","Trait5","mrMLM","PstI.TP365468","11","2888","-3.5583e-05","0.0078","C"
"4","Trait5","mrMLM","PstI.TP365618","11","2889","3.544e-06","8e-04","C"
"4","Trait5","mrMLM","PstI.TP365666","11","2890","-1.1394e-05","0.0025","A"
"4","Trait5","mrMLM","PstI.TP365677","11","2891","2.4916e-05","0.0055","C"
"4","Trait5","mrMLM","PstI.TP365991","11","2892","-1.2993e-05","0.0028","C"
"4","Trait5","mrMLM","PstI.TP366350","11","2893","3.4656e-05","0.0076","C"
"4","Trait5","mrMLM","PstI.TP366392","11","2894","2.3983e-05","0.0053","C"
"4","Trait5","mrMLM","PstI.TP366456","11","2895","-7.8878e-07","2e-04","A"
"4","Trait5","mrMLM","PstI.TP366885","11","2897","1.6524e-05","0.0036","A"
"4","Trait5","mrMLM","PstI.TP366962","11","2898","-2.2178e-05","0.0049","C"
"4","Trait5","mrMLM","PstI.TP367546","11","2899","0.0288","0.3145","C"
"4","Trait5","mrMLM","PstI.TP367568","11","2900","-0.0242","0.2378","C"
"4","Trait5","mrMLM","PstI.TP367618","11","2901","-0.1943","1.1487","A"
"4","Trait5","mrMLM","PstI.TP367630","11","2902","1.3982e-05","0.0031","A"
"4","Trait5","mrMLM","PstI.TP368325","11","2905","4.5867e-06","0.001","C"
"4","Trait5","mrMLM","PstI.TP369019","11","2906","0.0251","0.146","A"
"4","Trait5","mrMLM","PstI.TP369603","11","2907","-0.064","0.6426","A"
"4","Trait5","mrMLM","PstI.TP369634","11","2908","1.7713e-05","0.0039","A"
"4","Trait5","mrMLM","PstI.TP369656","11","2909","-0.1989","1.6751","A"
"4","Trait5","mrMLM","PstI.TP369895","11","2910","-2.7711e-06","6e-04","A"
"4","Trait5","mrMLM","PstI.TP370052","11","2911","2.9417e-05","0.0064","G"
"4","Trait5","mrMLM","PstI.TP370442","11","2913","-8.8737e-06","0.0019","A"
"4","Trait5","mrMLM","PstI.TP370682","11","2914","-1.212e-05","0.0026","G"
"4","Trait5","mrMLM","PstI.TP371413","11","2915","-0.091","0.4322","C"
"4","Trait5","mrMLM","PstI.TP371649","11","2916","2.11e-05","0.0046","A"
"4","Trait5","mrMLM","PstI.TP372279","11","2917","-0.0538","0.3555","C"
"4","Trait5","mrMLM","PstI.TP372417","11","2918","3.2008e-06","7e-04","C"
"4","Trait5","mrMLM","PstI.TP372455","11","2919","-7.262e-06","0.0016","A"
"4","Trait5","mrMLM","PstI.TP373097","11","2921","5.4194e-06","0.0012","C"
"4","Trait5","mrMLM","PstI.TP373132","11","2922","1.9689e-05","0.0043","A"
"4","Trait5","mrMLM","PstI.TP373577","11","2924","-0.1167","0.6524","A"
"4","Trait5","mrMLM","PstI.TP373767","11","2926","-3.2909e-05","0.0072","A"
"4","Trait5","mrMLM","PstI.TP374056","11","2927","1.2185e-05","0.0027","A"
"4","Trait5","mrMLM","PstI.TP374113","11","2928","0.0576","0.3097","A"
"4","Trait5","mrMLM","PstI.TP374751","11","2930","1.0294e-05","0.0022","A"
"4","Trait5","mrMLM","PstI.TP374784","11","2931","-2.0598e-05","0.0045","A"
"4","Trait5","mrMLM","PstI.TP374846","11","2932","2.5197e-05","0.0055","A"
"4","Trait5","mrMLM","PstI.TP374944","11","2933","-0.2198","0.777","A"
"4","Trait5","mrMLM","PstI.TP375021","11","2934","-1.192e-05","0.0026","A"
"4","Trait5","mrMLM","PstI.TP375085","11","2935","0.0577","0.2933","C"
"4","Trait5","mrMLM","PstI.TP375140","11","2936","0.2734","1.0748","A"
"4","Trait5","mrMLM","PstI.TP375331","11","2937","-3.1518e-05","0.0069","G"
"4","Trait5","mrMLM","PstI.TP375377","11","2938","-0.0596","0.4973","A"
"4","Trait5","mrMLM","PstI.TP375752","11","2941","-4.7311e-07","1e-04","C"
"4","Trait5","mrMLM","PstI.TP375816","11","2942","-4.756e-07","1e-04","C"
"4","Trait5","mrMLM","PstI.TP376194","11","2943","-2.0404e-05","0.0045","C"
"4","Trait5","mrMLM","PstI.TP376315","11","2944","0.0707","1.0199","A"
"4","Trait5","mrMLM","PstI.TP376326","11","2945","-1.6161e-05","0.0035","G"
"4","Trait5","mrMLM","PstI.TP376363","11","2946","-2.4109e-06","5e-04","A"
"4","Trait5","mrMLM","PstI.TP376473","11","2947","3.0213e-05","0.0066","C"
"4","Trait5","mrMLM","PstI.TP376567","11","2948","7.5725e-06","0.0017","C"
"4","Trait5","mrMLM","PstI.TP376595","11","2950","-0.0122","0.1711","G"
"4","Trait5","mrMLM","PstI.TP376724","11","2951","1.0356e-05","0.0023","A"
"4","Trait5","mrMLM","PstI.TP376926","11","2952","-1.2932e-05","0.0028","C"
"4","Trait5","mrMLM","PstI.TP377001","11","2953","-0.0094","0.1451","C"
"4","Trait5","mrMLM","PstI.TP377080","11","2954","4.2293e-05","0.0093","C"
"4","Trait5","mrMLM","PstI.TP377694","11","2955","1.9118e-06","4e-04","C"
"4","Trait5","mrMLM","PstI.TP377784","11","2956","-2.6101e-05","0.0057","C"
"4","Trait5","mrMLM","PstI.TP378297","11","2959","-2.1704e-06","5e-04","A"
"4","Trait5","mrMLM","PstI.TP378319","11","2960","0.0762","0.4447","A"
"4","Trait5","mrMLM","PstI.TP378766","11","2961","2.4333e-07","5.2961e-05","C"
"4","Trait5","mrMLM","PstI.TP378839","11","2963","-3.3437e-05","0.0073","C"
"4","Trait5","mrMLM","PstI.TP378849","11","2964","-1.2085e-05","0.0026","C"
"4","Trait5","mrMLM","PstI.TP379265","11","2966","0.2735","1.0546","A"
"4","Trait5","mrMLM","PstI.TP379292","11","2967","-5.858e-06","0.0013","C"
"4","Trait5","mrMLM","PstI.TP379298","11","2968","2.7823e-06","6e-04","A"
"4","Trait5","mrMLM","PstI.TP379369","11","2969","0.0081","0.1165","G"
"4","Trait5","mrMLM","PstI.TP379844","11","2972","0.0419","0.3775","C"
"4","Trait5","mrMLM","PstI.TP379850","11","2973","0.0728","0.5678","C"
"4","Trait5","mrMLM","PstI.TP379973","11","2974","-2.5565e-05","0.0056","A"
"4","Trait5","mrMLM","PstI.TP380369","11","2976","5.7677e-06","0.0013","A"
"4","Trait5","mrMLM","PstI.TP380417","11","2977","-1.2971e-05","0.0028","A"
"4","Trait5","mrMLM","PstI.TP380564","11","2978","1.7378e-05","0.0038","A"
"4","Trait5","mrMLM","PstI.TP380596","11","2980","-1.1631e-05","0.0025","C"
"4","Trait5","mrMLM","PstI.TP380604","11","2981","1.5006e-05","0.0033","A"
"4","Trait5","mrMLM","PstI.TP380788","11","2982","-7.595e-06","0.0017","A"
"4","Trait5","mrMLM","PstI.TP380791","11","2983","1.1157e-05","0.0024","A"
"4","Trait5","mrMLM","PstI.TP381085","11","2985","6.6636e-06","0.0015","G"
"4","Trait5","mrMLM","PstI.TP381197","11","2986","-0.3117","1.506","C"
"4","Trait5","mrMLM","PstI.TP381388","11","2987","1.4535e-05","0.0032","A"
"4","Trait5","mrMLM","PstI.TP381443","11","2988","1.9404e-06","4e-04","A"
"4","Trait5","mrMLM","PstI.TP381567","11","2989","-0.0372","0.3755","C"
"4","Trait5","mrMLM","PstI.TP381685","11","2990","-7.5315e-06","0.0016","A"
"4","Trait5","mrMLM","PstI.TP381995","11","2992","2.2788e-05","0.005","A"
"4","Trait5","mrMLM","PstI.TP382259","11","2993","2.0307e-05","0.0044","A"
"4","Trait5","mrMLM","PstI.TP382656","11","2995","0.1295","0.7389","C"
"4","Trait5","mrMLM","PstI.TP382933","11","2997","-9.5332e-06","0.0021","A"
"4","Trait5","mrMLM","PstI.TP383042","11","2998","1.7024e-06","4e-04","A"
"4","Trait5","mrMLM","PstI.TP383286","11","3000","-0.0214","0.2162","A"
"4","Trait5","mrMLM","PstI.TP383464","11","3001","4.0624e-06","9e-04","A"
"4","Trait5","mrMLM","PstI.TP383609","11","3002","2.506e-06","5e-04","A"
"4","Trait5","mrMLM","PstI.TP383749","11","3004","4.1422e-06","9e-04","A"
"4","Trait5","mrMLM","PstI.TP384214","11","3005","-0.0157","0.2124","G"
"4","Trait5","mrMLM","PstI.TP384307","11","3006","-0.0072","0.1297","G"
"4","Trait5","mrMLM","PstI.TP384341","11","3007","-1.8414e-05","0.004","A"
"4","Trait5","mrMLM","PstI.TP384599","11","3009","-4.3636e-06","0.001","C"
"4","Trait5","mrMLM","PstI.TP384803","11","3010","-0.0239","0.2582","A"
"4","Trait5","mrMLM","PstI.TP385048","11","3011","-0.2123","1.4937","A"
"4","Trait5","mrMLM","PstI.TP385119","11","3012","2.9681e-05","0.0065","C"
"4","Trait5","mrMLM","PstI.TP385537","11","3013","0.2066","1.8252","C"
"4","Trait5","mrMLM","PstI.TP385544","11","3014","1.3699e-05","0.003","C"
"4","Trait5","mrMLM","PstI.TP386010","11","3016","8.8796e-06","0.0019","A"
"4","Trait5","mrMLM","PstI.TP386260","11","3017","-7.8586e-06","0.0017","G"
"4","Trait5","mrMLM","PstI.TP386406","11","3018","-1.4364e-05","0.0031","A"
"4","Trait5","mrMLM","PstI.TP386442","11","3019","-3.0463e-06","7e-04","A"
"4","Trait5","mrMLM","PstI.TP386476","11","3020","0.0115","0.1891","G"
"4","Trait5","mrMLM","PstI.TP386967","11","3022","1.9614e-05","0.0043","A"
"4","Trait5","mrMLM","PstI.TP387158","11","3023","-0.2507","2.3433","A"
"4","Trait5","mrMLM","PstI.TP387187","11","3024","2.9975e-06","7e-04","A"
"4","Trait5","mrMLM","PstI.TP387504","11","3025","0.1834","0.7685","A"
"4","Trait5","mrMLM","PstI.TP387724","11","3028","0.0149","0.1973","A"
"4","Trait5","mrMLM","PstI.TP387838","11","3029","3e-04","0.0132","C"
"4","Trait5","mrMLM","PstI.TP388878","11","3031","2.0608e-06","4e-04","A"
"4","Trait5","mrMLM","PstI.TP388969","11","3032","1.7723e-05","0.0039","A"
"4","Trait5","mrMLM","PstI.TP389033","11","3033","0.0886","0.48","C"
"4","Trait5","mrMLM","PstI.TP389040","11","3034","-4.7637e-06","0.001","A"
"4","Trait5","mrMLM","PstI.TP389168","11","3035","0.2283","1.2858","A"
"4","Trait5","mrMLM","PstI.TP389415","11","3036","1.8215e-05","0.004","C"
"4","Trait5","mrMLM","PstI.TP389445","11","3037","-0.0206","0.2322","A"
"4","Trait5","mrMLM","PstI.TP389870","11","3038","2.2442e-06","5e-04","C"
"4","Trait5","mrMLM","PstI.TP390120","11","3039","-3.8037e-05","0.0084","A"
"4","Trait5","mrMLM","PstI.TP390161","11","3040","-1.9671e-05","0.0043","G"
"4","Trait5","mrMLM","PstI.TP390223","11","3042","1.1304e-05","0.0025","A"
"4","Trait5","mrMLM","PstI.TP390237","11","3043","-0.0932","0.4611","A"
"4","Trait5","mrMLM","PstI.TP390273","11","3044","0.0063","0.0769","C"
"4","Trait5","mrMLM","PstI.TP390282","11","3045","-0.1184","0.8308","C"
"4","Trait5","mrMLM","PstI.TP390327","11","3046","-5.7979e-06","0.0013","A"
"4","Trait5","mrMLM","PstI.TP390975","11","3049","1.8381e-06","4e-04","A"
"4","Trait5","mrMLM","PstI.TP391260","11","3050","-0.1272","0.4711","C"
"4","Trait5","mrMLM","PstI.TP391414","11","3052","-2.8882e-05","0.0063","A"
"4","Trait5","mrMLM","PstI.TP391696","11","3053","-0.0067","0.1322","A"
"4","Trait5","mrMLM","PstI.TP392243","11","3054","5.2376e-06","0.0011","A"
"4","Trait5","mrMLM","PstI.TP392580","11","3055","0.1068","0.5433","C"
"4","Trait5","mrMLM","PstI.TP392821","11","3056","-9.1233e-06","0.002","A"
"4","Trait5","mrMLM","PstI.TP393010","11","3057","6.0475e-06","0.0013","A"
"4","Trait5","mrMLM","PstI.TP393060","11","3059","-3.0087e-05","0.0066","A"
"4","Trait5","mrMLM","PstI.TP393202","11","3062","-1.9936e-05","0.0044","C"
"4","Trait5","mrMLM","PstI.TP393272","11","3063","0.0226","0.2235","C"
"4","Trait5","mrMLM","PstI.TP393341","11","3064","1.5652e-05","0.0034","A"
"4","Trait5","mrMLM","PstI.TP393396","11","3065","0.1015","1.0102","C"
"4","Trait5","mrMLM","PstI.TP393487","11","3066","-0.1351","2.1778","A"
"4","Trait5","mrMLM","PstI.TP393669","11","3067","-7.5363e-06","0.0016","A"
"4","Trait5","mrMLM","PstI.TP393690","11","3068","9.7824e-06","0.0021","A"
"4","Trait5","mrMLM","PstI.TP393705","11","3069","0.0862","0.685","C"
"4","Trait5","mrMLM","PstI.TP393757","11","3070","-3.0191e-07","6.5712e-05","A"
"4","Trait5","mrMLM","PstI.TP393995","11","3071","-8.1559e-06","0.0018","A"
"4","Trait5","mrMLM","PstI.TP394132","11","3072","-0.0084","0.087","A"
"4","Trait5","mrMLM","PstI.TP394191","11","3073","1.0252e-05","0.0022","A"
"4","Trait5","mrMLM","PstI.TP394246","11","3074","0.0873","1.0522","C"
"4","Trait5","mrMLM","PstI.TP394271","11","3075","1.6297e-05","0.0036","C"
"4","Trait5","mrMLM","PstI.TP394317","11","3076","-1.1575e-05","0.0025","C"
"4","Trait5","mrMLM","PstI.TP394472","11","3077","0.0305","0.3873","A"
"4","Trait5","mrMLM","PstI.TP394783","11","3078","-2.018e-05","0.0044","G"
"4","Trait5","mrMLM","PstI.TP394915","11","3079","2.5324e-05","0.0055","C"
"4","Trait5","mrMLM","PstI.TP394950","11","3080","-0.1386","1.9536","C"
"4","Trait5","mrMLM","PstI.TP394955","11","3081","2.2391e-06","5e-04","A"
"4","Trait5","mrMLM","PstI.TP395118","11","3082","-0.0397","0.3942","C"
"4","Trait5","mrMLM","PstI.TP395169","11","3083","-3.4236e-06","7e-04","C"
"4","Trait5","mrMLM","PstI.TP395278","11","3084","1.1378e-05","0.0025","A"
"4","Trait5","mrMLM","PstI.TP395625","11","3086","-6.3939e-06","0.0014","C"
"4","Trait5","mrMLM","PstI.TP396204","11","3088","7.9464e-06","0.0017","A"
"4","Trait5","mrMLM","PstI.TP396649","11","3089","-0.325","1.328","A"
"4","Trait5","mrMLM","PstI.TP396662","11","3090","-9.6046e-06","0.0021","G"
"4","Trait5","mrMLM","PstI.TP396811","11","3092","9.4435e-06","0.0021","A"
"4","Trait5","mrMLM","PstI.TP396871","11","3093","-0.0266","0.2056","A"
"4","Trait5","mrMLM","PstI.TP396934","11","3094","0.2479","1.3276","C"
"4","Trait5","mrMLM","PstI.TP397295","11","3096","0.0378","0.3234","C"
"4","Trait5","mrMLM","PstI.TP397322","11","3097","0.3369","1.7226","A"
"4","Trait5","mrMLM","PstI.TP397378","11","3098","-9.7827e-06","0.0021","C"
"4","Trait5","mrMLM","PstI.TP397567","11","3099","-5.7729e-06","0.0013","A"
"4","Trait5","mrMLM","PstI.TP397569","11","3100","0.4197","2.4865","A"
"4","Trait5","mrMLM","PstI.TP397628","11","3101","6.4698e-06","0.0014","C"
"4","Trait5","mrMLM","PstI.TP397673","11","3102","1.0751e-07","2.3398e-05","C"
"4","Trait5","mrMLM","PstI.TP397940","11","3103","-0.0028","0.071","A"
"4","Trait5","mrMLM","PstI.TP398042","11","3104","-0.0734","0.8277","A"
"4","Trait5","mrMLM","PstI.TP398239","11","3105","-2.8103e-05","0.0062","A"
"4","Trait5","mrMLM","PstI.TP398337","11","3106","-1.0234e-05","0.0022","G"
"4","Trait5","mrMLM","PstI.TP398345","11","3107","8.2807e-06","0.0018","A"
"4","Trait5","mrMLM","PstI.TP398624","11","3109","-4.0348e-06","9e-04","A"
"4","Trait5","mrMLM","PstI.TP398739","11","3111","-3.5744e-05","0.0079","G"
"4","Trait5","mrMLM","PstI.TP399247","11","3112","-3.2708e-05","0.0072","C"
"4","Trait5","mrMLM","PstI.TP399389","11","3113","0.0623","0.7286","A"
"4","Trait5","mrMLM","PstI.TP399602","11","3114","2.7924e-05","0.0061","A"
"4","Trait5","mrMLM","PstI.TP400103","11","3115","1.9364e-05","0.0042","C"
"4","Trait5","mrMLM","PstI.TP400205","11","3116","1.0973e-05","0.0024","C"
"4","Trait5","mrMLM","PstI.TP400329","11","3117","-9.9807e-08","2.1722e-05","C"
"4","Trait5","mrMLM","PstI.TP400476","11","3118","-5.6491e-06","0.0012","A"
"4","Trait5","mrMLM","PstI.TP401147","11","3119","-0.1048","0.7883","A"
"4","Trait5","mrMLM","PstI.TP401473","11","3120","0.0818","0.8289","A"
"4","Trait5","mrMLM","PstI.TP401669","11","3121","2.0032e-05","0.0044","G"
"4","Trait5","mrMLM","PstI.TP401701","11","3122","-3.915e-05","0.0086","A"
"4","Trait5","mrMLM","PstI.TP401855","11","3123","-0.0874","1.1127","A"
"4","Trait5","mrMLM","PstI.TP402092","11","3125","7.695e-06","0.0017","A"
"4","Trait5","mrMLM","PstI.TP402188","11","3126","-2.8774e-06","6e-04","C"
"4","Trait5","mrMLM","PstI.TP402784","11","3127","0.0153","0.2467","A"
"4","Trait5","mrMLM","PstI.TP402932","11","3128","0.2979","0.9299","C"
"4","Trait5","mrMLM","PstI.TP403201","11","3129","-4.6302e-06","0.001","A"
"4","Trait5","mrMLM","PstI.TP403269","11","3130","-7.2651e-06","0.0016","A"
"4","Trait5","mrMLM","PstI.TP403290","11","3132","2.2413e-05","0.0049","A"
"4","Trait5","mrMLM","PstI.TP403307","11","3133","-3.0527e-05","0.0067","C"
"4","Trait5","mrMLM","PstI.TP404167","11","3138","-7.9552e-07","2e-04","C"
"4","Trait5","mrMLM","PstI.TP404190","11","3139","-2.4592e-05","0.0054","A"
"4","Trait5","mrMLM","PstI.TP404606","11","3140","2.9984e-05","0.0066","A"
"4","Trait5","mrMLM","PstI.TP404668","11","3141","2.6002e-06","6e-04","A"
"4","Trait5","mrMLM","PstI.TP404827","11","3144","1.1595e-05","0.0025","C"
"4","Trait5","mrMLM","PstI.TP404861","11","3145","0.0765","0.4558","A"
"4","Trait5","mrMLM","PstI.TP404920","11","3146","-1.5788e-05","0.0034","A"
"4","Trait5","mrMLM","PstI.TP404996","11","3147","2.6417e-05","0.0058","C"
"4","Trait5","mrMLM","PstI.TP405108","11","3148","-0.0643","0.5381","A"
"4","Trait5","mrMLM","PstI.TP405283","11","3150","3.6859e-06","8e-04","C"
"4","Trait5","mrMLM","PstI.TP405335","11","3151","-3.8697e-05","0.0085","A"
"4","Trait5","mrMLM","PstI.TP407292","11","3152","-4.702e-05","0.0104","C"
"4","Trait5","mrMLM","PstI.TP407410","11","3154","2.0331e-05","0.0044","A"
"4","Trait5","mrMLM","PstI.TP407773","11","3155","0.0262","0.2583","G"
"4","Trait5","mrMLM","PstI.TP407989","11","3156","-1.3041e-05","0.0028","C"
"4","Trait5","mrMLM","PstI.TP408001","11","3157","-1.9948e-05","0.0044","C"
"4","Trait5","mrMLM","PstI.TP408101","11","3159","5.8901e-07","1e-04","C"
"4","Trait5","mrMLM","PstI.TP408343","11","3160","1.4931e-05","0.0033","C"
"4","Trait5","mrMLM","PstI.TP408495","11","3162","1.9341e-05","0.0042","C"
"4","Trait5","mrMLM","PstI.TP408719","11","3164","1.6653e-05","0.0036","A"
"4","Trait5","mrMLM","PstI.TP408924","11","3165","-0.0819","0.5023","G"
"4","Trait5","mrMLM","PstI.TP409082","11","3166","1.9677e-05","0.0043","C"
"4","Trait5","mrMLM","PstI.TP409277","11","3168","-1.6279e-05","0.0036","C"
"4","Trait5","mrMLM","PstI.TP409444","11","3169","-0.0667","0.4451","C"
"4","Trait5","mrMLM","PstI.TP409904","11","3170","-1.2036e-05","0.0026","C"
"4","Trait5","mrMLM","PstI.TP409967","11","3171","-0.0565","0.2761","A"
"4","Trait5","mrMLM","PstI.TP410069","11","3172","-0.0219","0.2001","C"
"4","Trait5","mrMLM","PstI.TP410249","11","3173","-1.865e-05","0.0041","C"
"4","Trait5","mrMLM","PstI.TP410397","11","3175","0.1681","1.3055","A"
"4","Trait5","mrMLM","PstI.TP410531","11","3177","-3.976e-06","9e-04","A"
"4","Trait5","mrMLM","PstI.TP410532","11","3178","-2.2007e-05","0.0048","C"
"4","Trait5","mrMLM","PstI.TP410616","11","3179","6.3974e-06","0.0014","A"
"4","Trait5","mrMLM","PstI.TP410682","11","3180","2.3545e-05","0.0052","A"
"4","Trait5","mrMLM","PstI.TP410927","11","3181","-1.2776e-05","0.0028","C"
"4","Trait5","mrMLM","PstI.TP411066","11","3182","-9.271e-06","0.002","A"
"4","Trait5","mrMLM","PstI.TP411074","11","3183","-9.4943e-06","0.0021","C"
"4","Trait5","mrMLM","PstI.TP411274","11","3184","-1.3091e-05","0.0029","A"
"4","Trait5","mrMLM","PstI.TP411518","11","3185","-2.1855e-05","0.0048","C"
"4","Trait5","mrMLM","PstI.TP411817","11","3187","-2.8567e-05","0.0063","C"
"4","Trait5","mrMLM","PstI.TP411848","11","3188","-0.1216","1.7099","G"
"4","Trait5","mrMLM","PstI.TP412003","11","3189","0.2385","2.1731","G"
"4","Trait5","mrMLM","PstI.TP412317","11","3190","-1.9534e-05","0.0043","C"
"4","Trait5","mrMLM","PstI.TP412333","11","3191","-1.3686e-05","0.003","A"
"4","Trait5","mrMLM","PstI.TP412952","11","3193","7.5254e-06","0.0016","C"
"4","Trait5","mrMLM","PstI.TP413112","11","3196","1.4808e-05","0.0032","A"
"4","Trait5","mrMLM","PstI.TP413219","11","3197","-1.286e-05","0.0028","A"
"4","Trait5","mrMLM","PstI.TP413289","11","3198","-3.3886e-05","0.0074","A"
"4","Trait5","mrMLM","PstI.TP413677","11","3201","-1.8726e-05","0.0041","A"
"4","Trait5","mrMLM","PstI.TP413714","11","3202","-2.2956e-05","0.005","A"
"4","Trait5","mrMLM","PstI.TP413792","11","3203","-1.1162e-05","0.0024","A"
"4","Trait5","mrMLM","PstI.TP413966","11","3204","2.6546e-06","6e-04","C"
"4","Trait5","mrMLM","PstI.TP414130","11","3205","-6.098e-06","0.0013","C"
"4","Trait5","mrMLM","PstI.TP414753","11","3208","0.0697","0.8162","A"
"4","Trait5","mrMLM","PstI.TP414818","11","3210","0.1128","1.4001","C"
"4","Trait5","mrMLM","PstI.TP414892","11","3211","0.0106","0.1842","A"
"4","Trait5","mrMLM","PstI.TP415034","11","3213","2.9898e-05","0.0066","C"
"4","Trait5","mrMLM","PstI.TP415223","11","3214","-7.3705e-06","0.0016","C"
"4","Trait5","mrMLM","PstI.TP415331","11","3215","-0.0395","0.4287","C"
"4","Trait5","mrMLM","PstI.TP415401","11","3216","-6.6416e-06","0.0014","A"
"4","Trait5","mrMLM","PstI.TP415431","11","3217","-0.0937","0.5635","C"
"4","Trait5","mrMLM","PstI.TP415676","11","3218","-2.6058e-06","6e-04","C"
"4","Trait5","mrMLM","PstI.TP415684","11","3219","-5.8602e-06","0.0013","C"
"4","Trait5","mrMLM","PstI.TP415754","11","3220","1.9111e-05","0.0042","A"
"4","Trait5","mrMLM","PstI.TP415755","11","3221","-7.683e-06","0.0017","A"
"4","Trait5","mrMLM","PstI.TP415787","11","3222","1.0328e-05","0.0023","A"
"4","Trait5","mrMLM","PstI.TP415965","11","3223","-1.9387e-06","4e-04","C"
"4","Trait5","mrMLM","PstI.TP415974","11","3224","1.0429e-05","0.0023","C"
"4","Trait5","mrMLM","PstI.TP416069","11","3225","0.0565","0.349","C"
"4","Trait5","mrMLM","PstI.TP416126","11","3226","0.0159","0.1305","C"
"4","Trait5","mrMLM","PstI.TP416210","11","3227","-1.8118e-05","0.004","G"
"4","Trait5","mrMLM","PstI.TP416352","11","3228","0.2086","0.7539","A"
"4","Trait5","mrMLM","PstI.TP416422","11","3229","-1.2423e-05","0.0027","A"
"4","Trait5","mrMLM","PstI.TP416576","11","3230","2.0032e-05","0.0044","A"
"4","Trait5","mrMLM","PstI.TP416705","11","3232","-2.4511e-06","5e-04","A"
"4","Trait5","mrMLM","PstI.TP416866","11","3233","7.9184e-06","0.0017","C"
"4","Trait5","mrMLM","PstI.TP416913","11","3235","0.0702","0.3818","C"
"4","Trait5","mrMLM","PstI.TP417374","11","3236","-0.0769","0.9299","A"
"4","Trait5","mrMLM","PstI.TP417462","11","3237","0.1188","1.5123","C"
"4","Trait5","mrMLM","PstI.TP417668","11","3238","-1.5258e-05","0.0033","C"
"4","Trait5","mrMLM","PstI.TP417758","11","3239","-0.0954","1.1736","A"
"4","Trait5","mrMLM","PstI.TP418429","11","3241","1.7242e-05","0.0038","A"
"4","Trait5","mrMLM","PstI.TP418463","11","3242","-0.2901","1.7392","A"
"4","Trait5","mrMLM","PstI.TP418632","11","3243","-0.1072","0.5819","C"
"4","Trait5","mrMLM","PstI.TP418643","11","3244","8.1795e-06","0.0018","A"
"4","Trait5","mrMLM","PstI.TP418645","11","3245","5.9886e-06","0.0013","C"
"4","Trait5","mrMLM","PstI.TP418745","11","3247","-1.5557e-06","3e-04","C"
"4","Trait5","mrMLM","PstI.TP418787","11","3248","2.3286e-05","0.0051","C"
"4","Trait5","mrMLM","PstI.TP418813","11","3249","0.0506","0.556","A"
"4","Trait5","mrMLM","PstI.TP418970","11","3252","-2.9311e-05","0.0064","C"
"4","Trait5","mrMLM","PstI.TP418989","11","3253","1.1234e-05","0.0025","C"
"4","Trait5","mrMLM","PstI.TP419116","11","3255","3.0139e-06","7e-04","C"
"4","Trait5","mrMLM","PstI.TP419923","11","3257","-3.9728e-06","9e-04","A"
"4","Trait5","mrMLM","PstI.TP420791","11","3259","-3.1168e-05","0.0068","A"
"4","Trait5","mrMLM","PstI.TP420996","11","3261","0.0235","0.2026","C"
"4","Trait5","mrMLM","PstI.TP421297","11","3262","0.1493","0.5395","A"
"4","Trait5","mrMLM","PstI.TP421643","11","3264","1.8585e-05","0.0041","A"
"4","Trait5","mrMLM","PstI.TP421703","11","3265","3.8748e-06","8e-04","A"
"4","Trait5","mrMLM","PstI.TP421743","11","3266","-0.1678","0.9617","C"
"4","Trait5","mrMLM","PstI.TP421998","11","3269","-0.1437","0.9666","C"
"4","Trait5","mrMLM","PstI.TP422365","11","3270","4.9002e-05","0.0108","C"
"4","Trait5","mrMLM","PstI.TP422698","11","3272","-1.2608e-05","0.0028","G"
"4","Trait5","mrMLM","PstI.TP422756","11","3273","6.5989e-06","0.0014","C"
"4","Trait5","mrMLM","PstI.TP423482","11","3275","2.0299e-06","4e-04","A"
"4","Trait5","mrMLM","PstI.TP423653","11","3276","-0.0183","0.1307","A"
"4","Trait5","mrMLM","PstI.TP423745","11","3277","2.2156e-05","0.0048","A"
"4","Trait5","mrMLM","PstI.TP424393","11","3279","0.0938","0.8958","A"
"4","Trait5","mrMLM","PstI.TP424478","11","3280","0.0565","0.3549","C"
"4","Trait5","mrMLM","PstI.TP424722","11","3281","5.5846e-06","0.0012","A"
"4","Trait5","mrMLM","PstI.TP425034","11","3282","5.4771e-06","0.0012","C"
"4","Trait5","mrMLM","PstI.TP425481","11","3284","3.2152e-05","0.0071","A"
"4","Trait5","mrMLM","PstI.TP425496","11","3285","2.0447e-05","0.0045","C"
"4","Trait5","mrMLM","PstI.TP425511","11","3286","-4.365e-05","0.0096","A"
"4","Trait5","mrMLM","PstI.TP425692","11","3287","-3.0363e-06","7e-04","C"
"4","Trait5","mrMLM","PstI.TP425754","11","3288","-0.0561","0.5533","C"
"4","Trait5","mrMLM","PstI.TP426523","11","3290","1.8384e-05","0.004","A"
"4","Trait5","mrMLM","PstI.TP426591","11","3291","-0.0884","0.444","A"
"4","Trait5","mrMLM","PstI.TP426633","11","3292","1.0079e-05","0.0022","C"
"4","Trait5","mrMLM","PstI.TP426669","11","3293","0.0023","0.0753","C"
"4","Trait5","mrMLM","PstI.TP426774","11","3294","-0.3316","2.6931","A"
"4","Trait5","mrMLM","PstI.TP426783","11","3295","2.7564e-06","6e-04","G"
"4","Trait5","mrMLM","PstI.TP426818","11","3296","-1.2813e-05","0.0028","A"
"4","Trait5","mrMLM","PstI.TP426975","11","3297","1.1243e-05","0.0025","C"
"4","Trait5","mrMLM","PstI.TP427133","11","3298","-2.8779e-05","0.0063","G"
"4","Trait5","mrMLM","PstI.TP427350","11","3299","6.2831e-06","0.0014","C"
"4","Trait5","mrMLM","PstI.TP427528","11","3301","3.1236e-05","0.0069","A"
"4","Trait5","mrMLM","PstI.TP428140","11","3303","1.5403e-05","0.0034","A"
"4","Trait5","mrMLM","PstI.TP428141","11","3304","-1.1856e-05","0.0026","A"
"4","Trait5","mrMLM","PstI.TP428467","11","3305","-1.1113e-05","0.0024","A"
"4","Trait5","mrMLM","PstI.TP428568","11","3306","-0.2108","1.0356","C"
"4","Trait5","mrMLM","PstI.TP428574","11","3307","1.543e-05","0.0034","C"
"4","Trait5","mrMLM","PstI.TP428834","11","3309","6.85e-06","0.0015","G"
"4","Trait5","mrMLM","PstI.TP428843","11","3310","5.3924e-06","0.0012","C"
"4","Trait5","mrMLM","PstI.TP429340","11","3311","0.0014","0.0392","A"
"4","Trait5","mrMLM","PstI.TP429501","11","3312","-3.598e-05","0.0079","C"
"4","Trait5","mrMLM","PstI.TP429798","11","3313","2.0513e-05","0.0045","C"
"4","Trait5","mrMLM","PstI.TP429888","11","3314","2.549e-05","0.0056","A"
"4","Trait5","mrMLM","PstI.TP429929","11","3315","1.8384e-05","0.004","C"
"4","Trait5","mrMLM","PstI.TP432782","11","3317","-0.052","0.5916","A"
"4","Trait5","mrMLM","PstI.TP432918","11","3318","-3.3016e-06","7e-04","C"
"4","Trait5","mrMLM","PstI.TP433110","11","3319","-2.904e-05","0.0064","A"
"4","Trait5","mrMLM","PstI.TP433234","11","3320","-0.1437","1.4235","G"
"4","Trait5","mrMLM","PstI.TP433397","11","3321","-9.4848e-06","0.0021","G"
"4","Trait5","mrMLM","PstI.TP433625","11","3323","-0.207","1.2324","C"
"4","Trait5","mrMLM","PstI.TP433679","11","3324","0.1484","1.7444","C"
"4","Trait5","mrMLM","PstI.TP433998","11","3325","-1.7618e-05","0.0039","A"
"4","Trait5","mrMLM","PstI.TP434010","11","3326","8.2773e-06","0.0018","A"
"4","Trait5","mrMLM","PstI.TP434247","11","3327","0.0977","0.9796","C"
"4","Trait5","mrMLM","PstI.TP434277","11","3328","2.5099e-06","5e-04","A"
"4","Trait5","mrMLM","PstI.TP434344","11","3329","0.0361","0.3757","C"
"4","Trait5","mrMLM","PstI.TP435453","11","3331","-1.6534e-05","0.0036","C"
"4","Trait5","mrMLM","PstI.TP435478","11","3332","7.6816e-06","0.0017","A"
"4","Trait5","mrMLM","PstI.TP435891","11","3336","0.1176","1.6701","C"
"4","Trait5","mrMLM","PstI.TP435913","11","3337","0.1761","1.2666","C"
"4","Trait5","mrMLM","PstI.TP435923","11","3338","0.1443","1.1478","A"
"4","Trait5","mrMLM","PstI.TP435933","11","3339","-5.0266e-07","1e-04","G"
"4","Trait5","mrMLM","PstI.TP436519","11","3341","-2.0288e-05","0.0044","C"
"4","Trait5","mrMLM","PstI.TP436643","11","3344","2.4625e-05","0.0054","C"
"4","Trait5","mrMLM","PstI.TP436753","11","3346","-1.5168e-06","3e-04","A"
"4","Trait5","mrMLM","PstI.TP436899","11","3347","-9.6629e-06","0.0021","A"
"4","Trait5","mrMLM","PstI.TP437599","11","3350","-2.895e-05","0.0063","C"
"4","Trait5","mrMLM","PstI.TP437620","11","3351","-0.0714","0.7612","C"
"4","Trait5","mrMLM","PstI.TP437628","11","3352","2.6804e-05","0.0059","C"
"4","Trait5","mrMLM","PstI.TP437672","11","3353","-1.5721e-05","0.0034","C"
"4","Trait5","mrMLM","PstI.TP437905","11","3354","9.0058e-06","0.002","A"
"4","Trait5","mrMLM","PstI.TP438019","11","3355","-0.0797","0.691","G"
"4","Trait5","mrMLM","PstI.TP438228","11","3357","1.5336e-06","3e-04","C"
"4","Trait5","mrMLM","PstI.TP438416","11","3358","1.4907e-05","0.0033","C"
"4","Trait5","mrMLM","PstI.TP438529","11","3359","-0.0899","0.7532","G"
"4","Trait5","mrMLM","PstI.TP438663","11","3360","3.0038e-05","0.0066","G"
"4","Trait5","mrMLM","PstI.TP439138","11","3362","0.0539","0.4558","C"
"4","Trait5","mrMLM","PstI.TP439372","11","3363","2.3827e-05","0.0052","C"
"4","Trait5","mrMLM","PstI.TP439492","11","3364","-3.0308e-05","0.0066","A"
"4","Trait5","mrMLM","PstI.TP439519","11","3365","9.5916e-06","0.0021","C"
"4","Trait5","mrMLM","PstI.TP439968","11","3366","-0.0724","0.6952","C"
"4","Trait5","mrMLM","PstI.TP440030","11","3367","-1.8629e-05","0.0041","A"
"4","Trait5","mrMLM","PstI.TP440255","11","3368","-2.5388e-05","0.0056","A"
"4","Trait5","mrMLM","PstI.TP440570","11","3369","2.0604e-05","0.0045","A"
"4","Trait5","mrMLM","PstI.TP440578","11","3370","-0.0095","0.1241","A"
"4","Trait5","mrMLM","PstI.TP440662","11","3372","-1.4105e-05","0.0031","C"
"4","Trait5","mrMLM","PstI.TP440714","11","3373","4.0785e-05","0.009","A"
"4","Trait5","mrMLM","PstI.TP440785","11","3374","2.9913e-05","0.0066","A"
"4","Trait5","mrMLM","PstI.TP441162","11","3375","6.818e-06","0.0015","A"
"4","Trait5","mrMLM","PstI.TP441587","11","3379","1.5067e-05","0.0033","A"
"4","Trait5","mrMLM","PstI.TP441793","11","3380","2.4345e-05","0.0053","C"
"4","Trait5","mrMLM","PstI.TP441943","11","3381","1.3018e-05","0.0028","A"
"4","Trait5","mrMLM","PstI.TP442135","11","3383","-0.0594","0.4241","A"
"4","Trait5","mrMLM","PstI.TP442473","11","3384","-8.5356e-06","0.0019","A"
"4","Trait5","mrMLM","PstI.TP442578","11","3386","1.1143e-05","0.0024","C"
"4","Trait5","mrMLM","PstI.TP442918","11","3388","-1.0147e-05","0.0022","C"
"4","Trait5","mrMLM","PstI.TP443155","11","3389","2.6142e-05","0.0057","A"
"4","Trait5","mrMLM","PstI.TP443504","11","3391","2.1632e-05","0.0047","C"
"4","Trait5","mrMLM","PstI.TP443535","11","3392","-4.1307e-06","9e-04","A"
"4","Trait5","mrMLM","PstI.TP443635","11","3393","0.0801","0.7105","C"
"4","Trait5","mrMLM","PstI.TP443650","11","3394","-1.7068e-05","0.0037","A"
"4","Trait5","mrMLM","PstI.TP443694","11","3395","-1.1805e-05","0.0026","C"
"4","Trait5","mrMLM","PstI.TP443719","11","3396","-1.7152e-06","4e-04","A"
"4","Trait5","mrMLM","PstI.TP443759","11","3397","1.6162e-06","4e-04","C"
"4","Trait5","mrMLM","PstI.TP443810","11","3398","0.0961","0.7826","C"
"4","Trait5","mrMLM","PstI.TP443846","11","3399","2.2728e-06","5e-04","C"
"4","Trait5","mrMLM","PstI.TP443974","11","3403","-7.6512e-06","0.0017","A"
"4","Trait5","mrMLM","PstI.TP444076","11","3404","-3.345e-05","0.0073","A"
"4","Trait5","mrMLM","PstI.TP444102","11","3406","-1.0675e-05","0.0023","C"
"4","Trait5","mrMLM","PstI.TP444137","11","3407","-4.822e-06","0.0011","A"
"4","Trait5","mrMLM","PstI.TP444248","11","3408","-2.9191e-05","0.0064","A"
"4","Trait5","mrMLM","PstI.TP444282","11","3410","2.0474e-05","0.0045","C"
"4","Trait5","mrMLM","PstI.TP444440","11","3411","-1.3454e-07","2.9278e-05","A"
"4","Trait5","mrMLM","PstI.TP444675","11","3412","-4.1822e-06","9e-04","A"
"4","Trait5","mrMLM","PstI.TP444729","11","3413","-2.7949e-06","6e-04","C"
"4","Trait5","mrMLM","PstI.TP444753","11","3414","1.3949e-05","0.003","A"
"4","Trait5","mrMLM","PstI.TP444813","11","3415","-3.172e-05","0.007","C"
"4","Trait5","mrMLM","PstI.TP445381","11","3416","0.3232","1.1204","A"
"4","Trait5","mrMLM","PstI.TP445606","11","3417","-2.032e-06","4e-04","A"
"4","Trait5","mrMLM","PstI.TP445713","11","3418","1.324e-05","0.0029","C"
"4","Trait5","mrMLM","PstI.TP445836","11","3419","0.4489","1.7085","C"
"4","Trait5","mrMLM","PstI.TP445909","11","3420","0.0721","0.603","G"
"4","Trait5","mrMLM","PstI.TP445964","11","3421","1.1445e-06","2e-04","C"
"4","Trait5","mrMLM","PstI.TP446408","11","3424","-1.0299e-05","0.0022","A"
"4","Trait5","mrMLM","PstI.TP446572","11","3426","-5.7825e-06","0.0013","A"
"4","Trait5","mrMLM","PstI.TP446629","11","3427","4.912e-06","0.0011","C"
"4","Trait5","mrMLM","PstI.TP446652","11","3428","-2.8166e-05","0.0062","A"
"4","Trait5","mrMLM","PstI.TP446790","11","3429","0.1191","1.3141","C"
"4","Trait5","mrMLM","PstI.TP447632","11","3431","1.2549e-05","0.0027","C"
"4","Trait5","mrMLM","PstI.TP447831","11","3432","1.4712e-05","0.0032","A"
"4","Trait5","mrMLM","PstI.TP447981","11","3433","-0.2814","1.5306","A"
"4","Trait5","mrMLM","PstI.TP448357","11","3434","2.536e-05","0.0056","A"
"4","Trait5","mrMLM","PstI.TP448414","11","3435","1.0351e-05","0.0023","C"
"4","Trait5","mrMLM","PstI.TP448477","11","3436","-1.3201e-05","0.0029","C"
"4","Trait5","mrMLM","PstI.TP448699","11","3438","8.3649e-06","0.0018","C"
"4","Trait5","mrMLM","PstI.TP448792","11","3439","3.4579e-06","8e-04","C"
"4","Trait5","mrMLM","PstI.TP449089","11","3441","5.6271e-06","0.0012","G"
"4","Trait5","mrMLM","PstI.TP449209","11","3442","0.0717","0.8399","A"
"4","Trait5","mrMLM","PstI.TP449252","11","3443","-3.385e-05","0.0074","C"
"4","Trait5","mrMLM","PstI.TP449531","11","3444","0.0789","0.3517","C"
"4","Trait5","mrMLM","PstI.TP449599","11","3445","3.5319e-05","0.0078","A"
"4","Trait5","mrMLM","PstI.TP449951","11","3446","2.1953e-05","0.0048","C"
"4","Trait5","mrMLM","PstI.TP450500","11","3448","1.7042e-05","0.0037","G"
"4","Trait5","mrMLM","PstI.TP450610","11","3449","3.1646e-05","0.0069","G"
"4","Trait5","mrMLM","PstI.TP450913","11","3450","0.0849","0.5776","A"
"4","Trait5","mrMLM","PstI.TP450940","11","3451","5.2453e-06","0.0011","C"
"4","Trait5","mrMLM","PstI.TP451164","11","3454","-0.0315","0.2824","A"
"4","Trait5","mrMLM","PstI.TP451280","11","3455","-0.0666","0.6919","C"
"4","Trait5","mrMLM","PstI.TP451421","11","3456","9.8951e-06","0.0022","C"
"4","Trait5","mrMLM","PstI.TP451532","11","3457","-0.0285","0.2503","C"
"4","Trait5","mrMLM","PstI.TP451663","11","3458","3.4576e-05","0.0076","A"
"4","Trait5","mrMLM","PstI.TP451776","11","3459","1.9438e-05","0.0043","C"
"4","Trait5","mrMLM","PstI.TP451853","11","3460","-0.0831","0.9147","C"
"4","Trait5","mrMLM","PstI.TP452061","11","3461","3.5049e-06","8e-04","A"
"4","Trait5","mrMLM","PstI.TP452142","11","3462","-8.8428e-06","0.0019","G"
"4","Trait5","mrMLM","PstI.TP452151","11","3463","0.1183","0.4923","A"
"4","Trait5","mrMLM","PstI.TP452465","11","3464","-1.467e-05","0.0032","C"
"4","Trait5","mrMLM","PstI.TP452924","11","3465","6.5535e-06","0.0014","A"
"4","Trait5","mrMLM","PstI.TP452961","11","3466","0.0215","0.3201","A"
"4","Trait5","mrMLM","PstI.TP453074","11","3468","2.8609e-05","0.0063","A"
"4","Trait5","mrMLM","PstI.TP453103","11","3469","-1.2648e-05","0.0028","C"
"4","Trait5","mrMLM","PstI.TP453160","11","3470","-1.2966e-05","0.0028","C"
"4","Trait5","mrMLM","PstI.TP453182","11","3471","-1.2696e-05","0.0028","A"
"4","Trait5","mrMLM","PstI.TP453411","11","3472","-8.8057e-06","0.0019","A"
"4","Trait5","mrMLM","PstI.TP453426","11","3473","-1.4964e-05","0.0033","A"
"4","Trait5","mrMLM","PstI.TP453485","11","3475","-1.8386e-05","0.004","C"
"4","Trait5","mrMLM","PstI.TP453578","11","3476","-1.5899e-05","0.0035","A"
"4","Trait5","mrMLM","PstI.TP453580","11","3477","-1.0525e-06","2e-04","A"
"4","Trait5","mrMLM","PstI.TP453721","11","3478","2.3944e-05","0.0052","C"
"4","Trait5","mrMLM","PstI.TP453722","11","3479","0.0357","0.3238","C"
"4","Trait5","mrMLM","PstI.TP454066","11","3480","-5.5217e-07","1e-04","G"
"4","Trait5","mrMLM","PstI.TP454197","11","3481","-2.1209e-05","0.0046","C"
"4","Trait5","mrMLM","PstI.TP454344","11","3482","3.3679e-06","7e-04","A"
"4","Trait5","mrMLM","PstI.TP454650","11","3483","2.6265e-05","0.0058","C"
"4","Trait5","mrMLM","PstI.TP454878","11","3484","-0.0375","0.4106","C"
"4","Trait5","mrMLM","PstI.TP454907","11","3485","-2.7946e-05","0.0061","A"
"4","Trait5","mrMLM","PstI.TP455498","11","3486","0.1065","0.3424","G"
"4","Trait5","mrMLM","PstI.TP455544","11","3487","-2.5653e-05","0.0056","C"
"4","Trait5","mrMLM","PstI.TP455766","11","3488","4.3894e-06","0.001","G"
"4","Trait5","mrMLM","PstI.TP455986","11","3490","-1.0232e-05","0.0022","A"
"4","Trait5","mrMLM","PstI.TP456103","11","3491","-3.0627e-05","0.0067","G"
"4","Trait5","mrMLM","PstI.TP457038","11","3493","1.9445e-05","0.0043","C"
"4","Trait5","mrMLM","PstI.TP457321","11","3495","-0.0172","0.2268","G"
"4","Trait5","mrMLM","PstI.TP457399","11","3496","5.0356e-06","0.0011","A"
"4","Trait5","mrMLM","PstI.TP457407","11","3497","1.0458e-05","0.0023","G"
"4","Trait5","mrMLM","PstI.TP457659","11","3498","-5.2325e-06","0.0011","C"
"4","Trait5","mrMLM","PstI.TP457972","11","3499","-8.4451e-06","0.0018","C"
"4","Trait5","mrMLM","PstI.TP458032","11","3500","-1.192e-05","0.0026","C"
"4","Trait5","mrMLM","PstI.TP458316","11","3501","1.0892e-05","0.0024","A"
"4","Trait5","mrMLM","PstI.TP458335","11","3502","-0.1055","0.951","C"
"4","Trait5","mrMLM","PstI.TP459082","11","3504","-0.074","0.6771","A"
"4","Trait5","mrMLM","PstI.TP459158","11","3505","-2.4127e-05","0.0053","A"
"4","Trait5","mrMLM","PstI.TP459430","11","3506","1.7549e-05","0.0038","A"
"4","Trait5","mrMLM","PstI.TP459505","11","3507","-1.4926e-05","0.0033","A"
"4","Trait5","mrMLM","PstI.TP459565","11","3508","-1.7272e-05","0.0038","A"
"4","Trait5","mrMLM","PstI.TP459584","11","3509","-0.1446","0.6096","C"
"4","Trait5","mrMLM","PstI.TP459896","11","3510","1.0582e-05","0.0023","C"
"4","Trait5","mrMLM","PstI.TP459900","11","3511","1.7364e-06","4e-04","A"
"4","Trait5","mrMLM","PstI.TP460035","11","3512","-2.1842e-05","0.0048","C"
"4","Trait5","mrMLM","PstI.TP460037","11","3513","-1.1399e-05","0.0025","C"
"4","Trait5","mrMLM","PstI.TP460090","11","3514","0.1114","0.7392","A"
"4","Trait5","mrMLM","PstI.TP460107","11","3515","-8.4018e-06","0.0018","A"
"4","Trait5","mrMLM","PstI.TP460472","11","3517","0.0806","0.3553","A"
"4","Trait5","mrMLM","PstI.TP460679","11","3519","-1.2504e-05","0.0027","A"
"4","Trait5","mrMLM","PstI.TP460814","11","3520","4.6457e-06","0.001","G"
"4","Trait5","mrMLM","PstI.TP460830","11","3521","0.0805","0.4193","C"
"4","Trait5","mrMLM","PstI.TP460863","11","3522","-0.0991","0.5799","A"
"4","Trait5","mrMLM","PstI.TP460941","11","3523","-5.2403e-06","0.0011","C"
"4","Trait5","mrMLM","PstI.TP460989","11","3524","-0.0371","0.2324","C"
"4","Trait5","mrMLM","PstI.TP461194","11","3525","1.6516e-06","4e-04","C"
"4","Trait5","mrMLM","PstI.TP461447","11","3527","0.0562","0.2686","A"
"4","Trait5","mrMLM","PstI.TP461801","11","3528","-1.9922e-05","0.0044","A"
"4","Trait5","mrMLM","PstI.TP463088","11","3529","2.401e-05","0.0053","C"
"4","Trait5","mrMLM","PstI.TP463211","11","3530","1.0643e-05","0.0023","C"
"4","Trait5","mrMLM","PstI.TP463329","11","3531","1.692e-05","0.0037","C"
"4","Trait5","mrMLM","PstI.TP463648","11","3532","9.9129e-06","0.0022","C"
"4","Trait5","mrMLM","PstI.TP464095","11","3533","1.9628e-05","0.0043","G"
"4","Trait5","mrMLM","PstI.TP464186","11","3534","-4.9161e-06","0.0011","C"
"4","Trait5","mrMLM","PstI.TP464241","11","3535","-6.7008e-06","0.0015","A"
"4","Trait5","mrMLM","PstI.TP464435","11","3536","-1.4481e-06","3e-04","C"
"4","Trait5","mrMLM","PstI.TP464460","11","3537","-1.7401e-05","0.0038","A"
"4","Trait5","mrMLM","PstI.TP464630","11","3538","-5.3008e-06","0.0012","A"
"4","Trait5","mrMLM","PstI.TP464884","11","3541","-1.344e-05","0.0029","C"
"4","Trait5","mrMLM","PstI.TP464910","11","3542","2.6809e-05","0.0059","A"
"4","Trait5","mrMLM","PstI.TP464920","11","3543","0.0812","0.8563","A"
"4","Trait5","mrMLM","PstI.TP465425","11","3545","-6.9353e-06","0.0015","A"
"4","Trait5","mrMLM","PstI.TP465891","11","3546","-0.0048","0.0858","G"
"4","Trait5","mrMLM","PstI.TP466360","11","3547","3.0478e-05","0.0067","C"
"4","Trait5","mrMLM","PstI.TP466877","11","3549","1.4956e-06","3e-04","C"
"4","Trait5","mrMLM","PstI.TP466878","11","3550","0.0499","0.5304","C"
"4","Trait5","mrMLM","PstI.TP467138","11","3552","0.04","0.5087","A"
"4","Trait5","mrMLM","PstI.TP467145","11","3553","4.368e-06","0.001","A"
"4","Trait5","mrMLM","PstI.TP467352","11","3554","7.4935e-06","0.0016","A"
"4","Trait5","mrMLM","PstI.TP467396","11","3555","-1.6192e-05","0.0035","A"
"4","Trait5","mrMLM","PstI.TP467512","11","3556","1.3078e-06","3e-04","C"
"4","Trait5","mrMLM","PstI.TP467821","11","3557","-0.1117","0.9419","C"
"4","Trait5","mrMLM","PstI.TP468243","11","3559","-0.0504","0.3124","C"
"4","Trait5","mrMLM","PstI.TP468410","11","3560","1.6964e-05","0.0037","A"
"4","Trait5","mrMLM","PstI.TP468651","11","3561","-2.1319e-05","0.0047","C"
"4","Trait5","mrMLM","PstI.TP468700","11","3562","-0.0278","0.3219","C"
"4","Trait5","mrMLM","PstI.TP468958","11","3564","4.1516e-06","9e-04","C"
"4","Trait5","mrMLM","PstI.TP469094","11","3565","1.0033e-06","2e-04","A"
"4","Trait5","mrMLM","PstI.TP469119","11","3566","-3.9477e-05","0.0087","C"
"4","Trait5","mrMLM","PstI.TP469162","11","3567","0.1668","1.1394","C"
"4","Trait5","mrMLM","PstI.TP469475","11","3568","1.5429e-05","0.0034","C"
"4","Trait5","mrMLM","PstI.TP469533","11","3570","1.1119e-05","0.0024","C"
"4","Trait5","mrMLM","PstI.TP469587","11","3571","3.145e-06","7e-04","G"
"4","Trait5","mrMLM","PstI.TP469722","11","3572","0.4556","2.8667","C"
"4","Trait5","mrMLM","PstI.TP469898","11","3573","-4.8973e-06","0.0011","A"
"4","Trait5","mrMLM","PstI.TP470111","11","3574","9.3494e-06","0.002","A"
"4","Trait5","mrMLM","PstI.TP470828","11","3576","0.0595","0.5026","A"
"4","Trait5","mrMLM","PstI.TP470855","11","3577","-2.4503e-06","5e-04","C"
"4","Trait5","mrMLM","PstI.TP471390","11","3579","1.1869e-05","0.0026","C"
"4","Trait5","mrMLM","PstI.TP471554","11","3580","-0.0504","0.3481","A"
"4","Trait5","mrMLM","PstI.TP471768","11","3581","4.2393e-06","9e-04","C"
"4","Trait5","mrMLM","PstI.TP471808","11","3582","-2.0417e-05","0.0045","A"
"4","Trait5","mrMLM","PstI.TP471886","11","3583","-1.9371e-05","0.0042","A"
"4","Trait5","mrMLM","PstI.TP472030","11","3584","-0.1929","1.2501","C"
"4","Trait5","mrMLM","PstI.TP472049","11","3585","1.7049e-05","0.0037","C"
"4","Trait5","mrMLM","PstI.TP472116","11","3587","0.0282","0.2342","G"
"4","Trait5","mrMLM","PstI.TP472201","11","3588","-1.9064e-06","4e-04","A"
"4","Trait5","mrMLM","PstI.TP472234","11","3589","-0.0755","0.3895","C"
"4","Trait5","mrMLM","PstI.TP472247","11","3590","0.0898","0.9111","C"
"4","Trait5","mrMLM","PstI.TP473003","11","3592","9.3473e-06","0.002","C"
"4","Trait5","mrMLM","PstI.TP473021","11","3593","-2.7327e-05","0.006","A"
"4","Trait5","mrMLM","PstI.TP473090","11","3594","0.0653","0.389","A"
"4","Trait5","mrMLM","PstI.TP473452","11","3597","-1.5369e-06","3e-04","A"
"4","Trait5","mrMLM","PstI.TP473508","11","3598","1.624e-05","0.0035","A"
"4","Trait5","mrMLM","PstI.TP473628","11","3599","-1.2544e-05","0.0027","A"
"4","Trait5","mrMLM","PstI.TP474063","11","3601","1.8662e-05","0.0041","C"
"4","Trait5","mrMLM","PstI.TP474150","11","3602","-0.0287","0.2159","A"
"4","Trait5","mrMLM","PstI.TP474720","11","3603","1.884e-05","0.0041","A"
"4","Trait5","mrMLM","PstI.TP475178","11","3604","-0.1197","1.2076","A"
"4","Trait5","mrMLM","PstI.TP475415","11","3605","-0.0952","1.0335","A"
"4","Trait5","mrMLM","PstI.TP475534","11","3607","1.0626e-06","2e-04","C"
"4","Trait5","mrMLM","PstI.TP475806","11","3608","8.6322e-06","0.0019","C"
"4","Trait5","mrMLM","PstI.TP475852","11","3609","0.0889","0.5337","C"
"4","Trait5","mrMLM","PstI.TP475936","11","3610","-2.6007e-05","0.0057","C"
"4","Trait5","mrMLM","PstI.TP475953","11","3611","0.1579","0.898","C"
"4","Trait5","mrMLM","PstI.TP475981","11","3612","-1.1054e-05","0.0024","C"
"4","Trait5","mrMLM","PstI.TP475994","11","3613","0.0242","0.2753","C"
"4","Trait5","mrMLM","PstI.TP476029","11","3615","7.6531e-06","0.0017","A"
"4","Trait5","mrMLM","PstI.TP476206","11","3616","5.3861e-06","0.0012","C"
"4","Trait5","mrMLM","PstI.TP476212","11","3617","-1.8818e-05","0.0041","A"
"4","Trait5","mrMLM","PstI.TP476360","11","3618","8.2836e-06","0.0018","C"
"4","Trait5","mrMLM","PstI.TP476562","11","3619","2.0287e-05","0.0044","C"
"4","Trait5","mrMLM","PstI.TP477226","11","3621","0.0564","0.4273","A"
"4","Trait5","mrMLM","PstI.TP477293","11","3622","-1.4157e-05","0.0031","A"
"4","Trait5","mrMLM","PstI.TP477471","11","3623","-7.5512e-06","0.0016","A"
"4","Trait5","mrMLM","PstI.TP477500","11","3624","2.5107e-05","0.0055","A"
"4","Trait5","mrMLM","PstI.TP477501","11","3625","-1.5478e-05","0.0034","C"
"4","Trait5","mrMLM","PstI.TP477505","11","3626","2.5216e-05","0.0055","A"
"4","Trait5","mrMLM","PstI.TP477611","11","3627","-1.5139e-05","0.0033","A"
"4","Trait5","mrMLM","PstI.TP477641","11","3628","-2.9579e-05","0.0065","C"
"4","Trait5","mrMLM","PstI.TP477939","11","3629","-1.5422e-05","0.0034","A"
"4","Trait5","mrMLM","PstI.TP478207","11","3630","2.59e-05","0.0057","A"
"4","Trait5","mrMLM","PstI.TP478241","11","3631","3.7031e-05","0.0081","A"
"4","Trait5","mrMLM","PstI.TP478418","11","3633","0.2878","1.5314","G"
"4","Trait5","mrMLM","PstI.TP478815","11","3634","0.0253","0.2947","A"
"4","Trait5","mrMLM","PstI.TP478844","11","3635","1.6071e-05","0.0035","G"
"4","Trait5","mrMLM","PstI.TP479081","11","3636","-9.8691e-06","0.0022","C"
"4","Trait5","mrMLM","PstI.TP479083","11","3637","-6.3194e-06","0.0014","A"
"4","Trait5","mrMLM","PstI.TP479093","11","3638","-0.0089","0.0896","A"
"4","Trait5","mrMLM","PstI.TP479356","11","3639","-1.7981e-05","0.0039","C"
"4","Trait5","mrMLM","PstI.TP479968","11","3641","-1.4204e-05","0.0031","C"
"4","Trait5","mrMLM","PstI.TP480358","11","3642","-0.0159","0.2617","C"
"4","Trait5","mrMLM","PstI.TP480563","11","3643","-4.4954e-05","0.0099","A"
"4","Trait5","mrMLM","PstI.TP480771","11","3644","7.1668e-06","0.0016","C"
"4","Trait5","mrMLM","PstI.TP480911","11","3645","4.0302e-05","0.0089","C"
"4","Trait5","mrMLM","PstI.TP481157","11","3646","-1.3403e-05","0.0029","C"
"4","Trait5","mrMLM","PstI.TP481484","11","3647","7.6799e-06","0.0017","A"
"4","Trait5","mrMLM","PstI.TP481507","11","3648","-1.6879e-05","0.0037","C"
"4","Trait5","mrMLM","PstI.TP481610","11","3649","-3.1291e-05","0.0069","A"
"4","Trait5","mrMLM","PstI.TP481850","11","3651","0.014","0.1992","A"
"4","Trait5","mrMLM","PstI.TP482128","11","3652","-0.0049","0.0825","C"
"4","Trait5","mrMLM","PstI.TP482374","11","3655","-2.6142e-05","0.0057","C"
"4","Trait5","mrMLM","PstI.TP482485","11","3656","-9.5776e-06","0.0021","A"
"4","Trait5","mrMLM","PstI.TP482786","11","3658","2.2091e-05","0.0048","G"
"4","Trait5","mrMLM","PstI.TP482851","11","3659","-2.9795e-05","0.0065","C"
"4","Trait5","mrMLM","PstI.TP483019","11","3660","-0.0696","0.3909","G"
"4","Trait5","mrMLM","PstI.TP483021","11","3661","-0.1314","0.7484","C"
"4","Trait5","mrMLM","PstI.TP483332","11","3662","0.1042","0.4491","A"
"4","Trait5","mrMLM","PstI.TP483562","11","3663","-1.5719e-05","0.0034","A"
"4","Trait5","mrMLM","PstI.TP483603","11","3664","-9.5152e-06","0.0021","C"
"4","Trait5","mrMLM","PstI.TP483619","11","3665","-4.8564e-06","0.0011","C"
"4","Trait5","mrMLM","PstI.TP483713","11","3666","-5.9097e-06","0.0013","C"
"4","Trait5","mrMLM","PstI.TP483726","11","3667","1.4411e-05","0.0031","A"
"4","Trait5","mrMLM","PstI.TP483748","11","3668","0.145","0.9951","A"
"4","Trait5","mrMLM","PstI.TP483928","11","3669","-1.3865e-05","0.003","C"
"4","Trait5","mrMLM","PstI.TP483938","11","3670","-0.0243","0.3067","C"
"4","Trait5","mrMLM","PstI.TP483940","11","3671","-0.0479","0.4697","C"
"4","Trait5","mrMLM","PstI.TP484104","11","3672","-1.8825e-05","0.0041","C"
"4","Trait5","mrMLM","PstI.TP485423","11","3675","1.7304e-06","4e-04","C"
"4","Trait5","mrMLM","PstI.TP485510","11","3676","-2.1838e-05","0.0048","C"
"4","Trait5","mrMLM","PstI.TP486255","11","3678","-1.6269e-05","0.0036","A"
"4","Trait5","mrMLM","PstI.TP486260","11","3679","3.1632e-06","7e-04","A"
"4","Trait5","mrMLM","PstI.TP683339","11","3679","-0.0305","0.3117","A"
"4","Trait5","mrMLM","PstI.TP486314","11","3680","0.2535","1.0381","C"
"4","Trait5","mrMLM","PstI.TP486321","11","3681","1.9422e-06","4e-04","A"
"4","Trait5","mrMLM","PstI.TP486337","11","3682","2.3723e-05","0.0052","A"
"4","Trait5","mrMLM","PstI.TP486383","11","3683","0.1434","0.7868","A"
"4","Trait5","mrMLM","PstI.TP486408","11","3684","-0.0408","0.5268","C"
"4","Trait5","mrMLM","PstI.TP486535","11","3685","-3.592e-05","0.0079","A"
"4","Trait5","mrMLM","PstI.TP486556","11","3686","-0.0515","0.2265","A"
"4","Trait5","mrMLM","PstI.TP486577","11","3687","1.4639e-07","3.1863e-05","A"
"4","Trait5","mrMLM","PstI.TP486582","11","3688","2.7058e-05","0.0059","G"
"4","Trait5","mrMLM","PstI.TP486622","11","3689","1.8223e-05","0.004","C"
"4","Trait5","mrMLM","PstI.TP486941","11","3690","2.8891e-07","6.2874e-05","C"
"4","Trait5","mrMLM","PstI.TP487027","11","3691","-1.8235e-07","3.9686e-05","C"
"4","Trait5","mrMLM","PstI.TP487244","11","3692","1.9692e-05","0.0043","A"
"4","Trait5","mrMLM","PstI.TP487376","11","3693","-0.169","1.3174","C"
"4","Trait5","mrMLM","PstI.TP487491","11","3694","6.9288e-06","0.0015","A"
"4","Trait5","mrMLM","PstI.TP487648","11","3695","1.9079e-05","0.0042","A"
"4","Trait5","mrMLM","PstI.TP487710","11","3697","-1.632e-06","4e-04","C"
"4","Trait5","mrMLM","PstI.TP487776","11","3698","3.6429e-06","8e-04","C"
"4","Trait5","mrMLM","PstI.TP488416","11","3701","2.3079e-05","0.0051","C"
"4","Trait5","mrMLM","PstI.TP488827","11","3703","-6.4849e-06","0.0014","C"
"4","Trait5","mrMLM","PstI.TP488963","11","3705","2.8194e-05","0.0062","C"
"4","Trait5","mrMLM","PstI.TP489019","11","3706","-1.0226e-05","0.0022","C"
"4","Trait5","mrMLM","PstI.TP489301","11","3708","4.5316e-06","0.001","A"
"4","Trait5","mrMLM","PstI.TP489313","11","3709","-0.0057","0.1149","A"
"4","Trait5","mrMLM","PstI.TP489471","11","3710","1.2655e-05","0.0028","A"
"4","Trait5","mrMLM","PstI.TP489507","11","3711","0.0491","0.5176","G"
"4","Trait5","mrMLM","PstI.TP489768","11","3713","0.0316","0.2794","C"
"4","Trait5","mrMLM","PstI.TP489845","11","3714","-1.2344e-05","0.0027","A"
"4","Trait5","mrMLM","PstI.TP489938","11","3716","1.4766e-05","0.0032","C"
"4","Trait5","mrMLM","PstI.TP490102","11","3717","1.5232e-06","3e-04","G"
"4","Trait5","mrMLM","PstI.TP490113","11","3718","1.4271e-06","3e-04","A"
"4","Trait5","mrMLM","PstI.TP490145","11","3719","-0.0543","0.5746","A"
"4","Trait5","mrMLM","PstI.TP490506","11","3721","-8.0392e-06","0.0018","G"
"4","Trait5","mrMLM","PstI.TP490688","11","3722","-0.075","0.5214","C"
"4","Trait5","mrMLM","PstI.TP490707","11","3723","5.4003e-06","0.0012","C"
"4","Trait5","mrMLM","PstI.TP490731","11","3724","0.1135","1.151","A"
"4","Trait5","mrMLM","PstI.TP490779","11","3725","2.7513e-06","6e-04","C"
"4","Trait5","mrMLM","PstI.TP490964","11","3726","-2.9455e-06","6e-04","A"
"4","Trait5","mrMLM","PstI.TP491101","11","3727","1.2576e-05","0.0027","A"
"4","Trait5","mrMLM","PstI.TP491206","11","3728","0.0147","0.1768","A"
"4","Trait5","mrMLM","PstI.TP491243","11","3729","4.1816e-05","0.0092","G"
"4","Trait5","mrMLM","PstI.TP491245","11","3730","-2.9004e-05","0.0064","G"
"4","Trait5","mrMLM","PstI.TP491452","11","3731","-3.2683e-06","7e-04","A"
"4","Trait5","mrMLM","PstI.TP491688","11","3732","1.9545e-05","0.0043","A"
"4","Trait5","mrMLM","PstI.TP491689","11","3733","-0.0035","0.0769","C"
"4","Trait5","mrMLM","PstI.TP491703","11","3734","0.101","1.2704","C"
"4","Trait5","mrMLM","PstI.TP492052","11","3735","0.002","0.0687","A"
"4","Trait5","mrMLM","PstI.TP492152","11","3736","-1.2903e-05","0.0028","C"
"4","Trait5","mrMLM","PstI.TP492157","11","3737","-1.1138e-05","0.0024","C"
"4","Trait5","mrMLM","PstI.TP492185","11","3738","0.2244","2.2994","A"
"4","Trait5","mrMLM","PstI.TP492299","11","3739","0.323","3.3809","G"
"4","Trait5","mrMLM","PstI.TP493510","11","3740","3.1902e-06","7e-04","C"
"4","Trait5","mrMLM","PstI.TP493785","11","3741","7.8735e-06","0.0017","A"
"4","Trait5","mrMLM","PstI.TP494076","11","3742","-1.0537e-05","0.0023","A"
"4","Trait5","mrMLM","PstI.TP494085","11","3743","-1.0959e-06","2e-04","A"
"4","Trait5","mrMLM","PstI.TP494133","11","3744","-2.0624e-05","0.0045","A"
"4","Trait5","mrMLM","PstI.TP494252","11","3745","1.2205e-05","0.0027","A"
"4","Trait5","mrMLM","PstI.TP494571","11","3746","-6.0221e-06","0.0013","C"
"4","Trait5","mrMLM","PstI.TP494701","11","3747","-3.2009e-05","0.007","A"
"4","Trait5","mrMLM","PstI.TP494967","11","3749","-1.4487e-05","0.0032","A"
"4","Trait5","mrMLM","PstI.TP494979","11","3750","-0.2148","0.7314","C"
"4","Trait5","mrMLM","PstI.TP495241","11","3751","-1.1579e-06","3e-04","A"
"4","Trait5","mrMLM","PstI.TP495303","11","3752","-0.1257","0.8002","C"
"4","Trait5","mrMLM","PstI.TP495357","11","3753","-0.0427","0.3985","A"
"4","Trait5","mrMLM","PstI.TP495423","11","3754","8.8135e-06","0.0019","A"
"4","Trait5","mrMLM","PstI.TP495506","11","3755","-3.3457e-05","0.0073","C"
"4","Trait5","mrMLM","PstI.TP496101","11","3758","1.3984e-05","0.0031","C"
"4","Trait5","mrMLM","PstI.TP496119","11","3759","1.3096e-05","0.0029","C"
"4","Trait5","mrMLM","PstI.TP496252","11","3761","0.0097","0.1244","C"
"4","Trait5","mrMLM","PstI.TP496256","11","3762","5.7517e-07","1e-04","A"
"4","Trait5","mrMLM","PstI.TP496814","11","3764","-0.0326","0.3987","C"
"4","Trait5","mrMLM","PstI.TP497168","11","3766","0.1019","0.6339","A"
"4","Trait5","mrMLM","PstI.TP497226","11","3767","-0.1129","0.7042","G"
"4","Trait5","mrMLM","PstI.TP497284","11","3768","-7.0744e-06","0.0015","A"
"4","Trait5","mrMLM","PstI.TP497329","11","3769","-0.3496","2.0203","A"
"4","Trait5","mrMLM","PstI.TP497572","11","3771","-9.0212e-06","0.002","C"
"4","Trait5","mrMLM","PstI.TP497649","11","3772","-0.1253","0.73","A"
"4","Trait5","mrMLM","PstI.TP497711","11","3773","2.433e-05","0.0053","G"
"4","Trait5","mrMLM","PstI.TP497788","11","3774","0.2431","0.8159","A"
"4","Trait5","mrMLM","PstI.TP497792","11","3775","-0.0992","1.4054","C"
"4","Trait5","mrMLM","PstI.TP497823","11","3776","0.0115","0.1164","G"
"4","Trait5","mrMLM","PstI.TP498020","11","3778","4.2665e-07","9.2854e-05","A"
"4","Trait5","mrMLM","PstI.TP498363","11","3779","-2.8128e-05","0.0062","C"
"4","Trait5","mrMLM","PstI.TP498475","11","3780","-4.2659e-05","0.0094","A"
"4","Trait5","mrMLM","PstI.TP498478","11","3781","-3.401e-06","7e-04","G"
"4","Trait5","mrMLM","PstI.TP498552","11","3782","-0.018","0.1935","C"
"4","Trait5","mrMLM","PstI.TP498600","11","3783","1.6703e-05","0.0037","C"
"4","Trait5","mrMLM","PstI.TP498648","11","3784","-2.8715e-06","6e-04","A"
"4","Trait5","mrMLM","PstI.TP498655","11","3785","-0.0144","0.226","C"
"4","Trait5","mrMLM","PstI.TP498962","11","3786","-2.1745e-05","0.0048","C"
"4","Trait5","mrMLM","PstI.TP499343","11","3787","1.7559e-05","0.0038","A"
"4","Trait5","mrMLM","PstI.TP500543","11","3788","-1.9531e-05","0.0043","A"
"4","Trait5","mrMLM","PstI.TP500993","11","3790","0.0922","0.77","A"
"4","Trait5","mrMLM","PstI.TP501044","11","3791","2.6157e-05","0.0057","A"
"4","Trait5","mrMLM","PstI.TP501801","11","3792","-0.0425","0.4792","C"
"4","Trait5","mrMLM","PstI.TP502309","11","3794","-1.0237e-05","0.0022","C"
"4","Trait5","mrMLM","PstI.TP502400","11","3795","1.4548e-05","0.0032","G"
"4","Trait5","mrMLM","PstI.TP502457","11","3796","-0.1558","0.6654","C"
"4","Trait5","mrMLM","PstI.TP502534","11","3797","9.8e-06","0.0021","A"
"4","Trait5","mrMLM","PstI.TP502614","11","3798","4.0846e-06","9e-04","A"
"4","Trait5","mrMLM","PstI.TP502917","11","3800","-0.191","1.1313","C"
"4","Trait5","mrMLM","PstI.TP503042","11","3801","-1.1187e-05","0.0024","A"
"4","Trait5","mrMLM","PstI.TP503217","11","3803","-2.2029e-05","0.0048","A"
"4","Trait5","mrMLM","PstI.TP503283","11","3804","2.4683e-05","0.0054","A"
"4","Trait5","mrMLM","PstI.TP503296","11","3805","5.4589e-07","1e-04","A"
"4","Trait5","mrMLM","PstI.TP503304","11","3806","7.7304e-06","0.0017","A"
"4","Trait5","mrMLM","PstI.TP503346","11","3807","1.2923e-05","0.0028","C"
"4","Trait5","mrMLM","PstI.TP503865","11","3809","0.2444","0.8427","C"
"4","Trait5","mrMLM","PstI.TP504045","11","3810","3.6384e-05","0.008","C"
"4","Trait5","mrMLM","PstI.TP504306","11","3811","-1.0625e-05","0.0023","A"
"4","Trait5","mrMLM","PstI.TP504380","11","3812","3.1657e-05","0.0069","A"
"4","Trait5","mrMLM","PstI.TP504430","11","3813","-1.2284e-05","0.0027","C"
"4","Trait5","mrMLM","PstI.TP504532","11","3814","0.1908","0.7568","C"
"4","Trait5","mrMLM","PstI.TP504873","11","3815","-5.2021e-06","0.0011","C"
"4","Trait5","mrMLM","PstI.TP505079","11","3817","-2.0088e-05","0.0044","A"
"4","Trait5","mrMLM","PstI.TP505395","11","3818","4.7677e-06","0.001","C"
"4","Trait5","mrMLM","PstI.TP505412","11","3819","7.4184e-06","0.0016","G"
"4","Trait5","mrMLM","PstI.TP505534","11","3820","-1.876e-07","4.0827e-05","C"
"4","Trait5","mrMLM","PstI.TP505800","11","3821","1.3253e-05","0.0029","A"
"4","Trait5","mrMLM","PstI.TP505977","11","3823","1.5888e-06","3e-04","A"
"4","Trait5","mrMLM","PstI.TP506126","11","3824","-2.2572e-05","0.0049","C"
"4","Trait5","mrMLM","PstI.TP506446","11","3826","0.0242","0.1815","G"
"4","Trait5","mrMLM","PstI.TP506638","11","3827","-6.483e-06","0.0014","C"
"4","Trait5","mrMLM","PstI.TP507006","11","3829","-1.2229e-06","3e-04","A"
"4","Trait5","mrMLM","PstI.TP507073","11","3830","2.4754e-05","0.0054","A"
"4","Trait5","mrMLM","PstI.TP507126","11","3831","-1.8109e-05","0.004","A"
"4","Trait5","mrMLM","PstI.TP507172","11","3832","-4.1672e-06","9e-04","A"
"4","Trait5","mrMLM","PstI.TP507267","11","3833","-1.5099e-05","0.0033","A"
"4","Trait5","mrMLM","PstI.TP507515","11","3834","0.0775","0.8264","C"
"4","Trait5","mrMLM","PstI.TP507814","11","3836","1.2672e-05","0.0028","C"
"4","Trait5","mrMLM","PstI.TP507933","11","3837","-2.2335e-06","5e-04","C"
"4","Trait5","mrMLM","PstI.TP508209","11","3838","0.1817","2.1092","C"
"4","Trait5","mrMLM","PstI.TP508232","11","3839","-1.4371e-05","0.0031","G"
"4","Trait5","mrMLM","PstI.TP508253","11","3840","7.8935e-06","0.0017","C"
"4","Trait5","mrMLM","PstI.TP508753","11","3842","-2.9024e-06","6e-04","A"
"4","Trait5","mrMLM","PstI.TP508911","11","3843","-0.0279","0.3387","A"
"4","Trait5","mrMLM","PstI.TP508963","11","3844","-2.3305e-05","0.0051","A"
"4","Trait5","mrMLM","PstI.TP509047","11","3846","-0.178","0.5471","C"
"4","Trait5","mrMLM","PstI.TP509552","11","3848","7.5753e-06","0.0017","G"
"4","Trait5","mrMLM","PstI.TP509584","11","3849","1.1302e-05","0.0025","A"
"4","Trait5","mrMLM","PstI.TP509764","11","3850","2.0053e-05","0.0044","A"
"4","Trait5","mrMLM","PstI.TP510204","11","3851","0.0617","0.4207","A"
"4","Trait5","mrMLM","PstI.TP510308","11","3852","-7.3764e-06","0.0016","A"
"4","Trait5","mrMLM","PstI.TP511205","11","3854","0.0104","0.1719","A"
"4","Trait5","mrMLM","PstI.TP511311","11","3855","-1.7424e-05","0.0038","A"
"4","Trait5","mrMLM","PstI.TP511515","11","3856","1.0343e-05","0.0023","A"
"4","Trait5","mrMLM","PstI.TP511523","11","3857","-1.0079e-05","0.0022","A"
"4","Trait5","mrMLM","PstI.TP511612","11","3858","1.785e-05","0.0039","A"
"4","Trait5","mrMLM","PstI.TP511695","11","3859","-0.1258","0.5723","C"
"4","Trait5","mrMLM","PstI.TP511947","11","3860","1.9755e-05","0.0043","C"
"4","Trait5","mrMLM","PstI.TP511957","11","3861","1.6964e-05","0.0037","G"
"4","Trait5","mrMLM","PstI.TP512067","11","3863","0.2019","1.7128","C"
"4","Trait5","mrMLM","PstI.TP512700","11","3866","2.8433e-05","0.0062","A"
"4","Trait5","mrMLM","PstI.TP512725","11","3867","0.1076","0.8649","G"
"4","Trait5","mrMLM","PstI.TP512755","11","3868","0.1391","0.7454","A"
"4","Trait5","mrMLM","PstI.TP513297","11","3871","-3.5078e-06","8e-04","A"
"4","Trait5","mrMLM","PstI.TP513834","11","3872","-2.8242e-05","0.0062","C"
"4","Trait5","mrMLM","PstI.TP514153","11","3873","2.0311e-05","0.0044","G"
"4","Trait5","mrMLM","PstI.TP514170","11","3874","7.6224e-07","2e-04","A"
"4","Trait5","mrMLM","PstI.TP514216","11","3875","-1.2332e-05","0.0027","A"
"4","Trait5","mrMLM","PstI.TP514680","11","3877","2.5184e-05","0.0055","C"
"4","Trait5","mrMLM","PstI.TP514742","11","3878","-6.35e-06","0.0014","A"
"4","Trait5","mrMLM","PstI.TP514752","11","3879","1.4431e-05","0.0032","C"
"4","Trait5","mrMLM","PstI.TP514838","11","3880","7.8768e-06","0.0017","G"
"4","Trait5","mrMLM","PstI.TP514845","11","3881","2.8005e-05","0.0061","C"
"4","Trait5","mrMLM","PstI.TP515339","11","3882","-0.0352","0.3595","A"
"4","Trait5","mrMLM","PstI.TP515539","11","3884","1.8038e-05","0.0039","A"
"4","Trait5","mrMLM","PstI.TP515758","11","3885","9.4469e-06","0.0021","C"
"4","Trait5","mrMLM","PstI.TP516159","11","3887","0.1017","0.8156","A"
"4","Trait5","mrMLM","PstI.TP516426","11","3889","-0.0729","0.8085","G"
"4","Trait5","mrMLM","PstI.TP516626","11","3890","0.0397","0.3993","A"
"4","Trait5","mrMLM","PstI.TP516632","11","3891","0.0937","0.674","C"
"4","Trait5","mrMLM","PstI.TP516660","11","3892","3.3427e-05","0.0073","A"
"4","Trait5","mrMLM","PstI.TP516939","11","3893","-3.7123e-05","0.0082","G"
"4","Trait5","mrMLM","PstI.TP517195","11","3894","2.4093e-06","5e-04","A"
"4","Trait5","mrMLM","PstI.TP520958","11","3895","-3.7898e-06","8e-04","A"
"4","Trait5","mrMLM","PstI.TP521385","11","3896","2.8131e-05","0.0062","A"
"4","Trait5","mrMLM","PstI.TP521411","11","3897","1.1063e-05","0.0024","A"
"4","Trait5","mrMLM","PstI.TP521576","11","3898","-1.7881e-05","0.0039","A"
"4","Trait5","mrMLM","PstI.TP521628","11","3899","0.1216","1.218","C"
"4","Trait5","mrMLM","PstI.TP521809","11","3900","-3.157e-05","0.0069","A"
"4","Trait5","mrMLM","PstI.TP522119","11","3902","-3.8457e-06","8e-04","C"
"4","Trait5","mrMLM","PstI.TP522635","11","3904","3.0741e-05","0.0067","C"
"4","Trait5","mrMLM","PstI.TP522637","11","3905","2.3098e-05","0.0051","A"
"4","Trait5","mrMLM","PstI.TP522715","11","3906","0.1727","1.8354","A"
"4","Trait5","mrMLM","PstI.TP523224","11","3909","2.2454e-05","0.0049","A"
"4","Trait5","mrMLM","PstI.TP523876","11","3913","-6.9527e-06","0.0015","A"
"4","Trait5","mrMLM","PstI.TP523962","11","3914","-8.783e-06","0.0019","C"
"4","Trait5","mrMLM","PstI.TP524216","11","3915","0.1246","0.659","A"
"4","Trait5","mrMLM","PstI.TP524595","11","3916","-1.9777e-05","0.0043","C"
"4","Trait5","mrMLM","PstI.TP524601","11","3917","-9.3866e-06","0.002","C"
"4","Trait5","mrMLM","PstI.TP524841","11","3918","-1.1964e-06","3e-04","C"
"4","Trait5","mrMLM","PstI.TP524871","11","3919","-1.449e-05","0.0032","C"
"4","Trait5","mrMLM","PstI.TP525046","11","3920","0.0282","0.2475","C"
"4","Trait5","mrMLM","PstI.TP525199","11","3921","0.0324","0.321","A"
"4","Trait5","mrMLM","PstI.TP525648","11","3922","-0.0561","0.6426","C"
"4","Trait5","mrMLM","PstI.TP525810","11","3923","-3.7614e-07","8.1868e-05","A"
"4","Trait5","mrMLM","PstI.TP525928","11","3925","0.2081","0.9081","A"
"4","Trait5","mrMLM","PstI.TP526012","11","3926","-1.658e-05","0.0036","C"
"4","Trait5","mrMLM","PstI.TP526424","11","3929","-1.2383e-05","0.0027","G"
"4","Trait5","mrMLM","PstI.TP526501","11","3930","1.191e-05","0.0026","A"
"4","Trait5","mrMLM","PstI.TP526552","11","3931","0.0041","0.0831","A"
"4","Trait5","mrMLM","PstI.TP527087","11","3933","3.6296e-06","8e-04","G"
"4","Trait5","mrMLM","PstI.TP527171","11","3934","0.1804","0.7404","C"
"4","Trait5","mrMLM","PstI.TP527265","11","3935","-8.6684e-06","0.0019","A"
"4","Trait5","mrMLM","PstI.TP527434","11","3936","-0.056","0.4799","C"
"4","Trait5","mrMLM","PstI.TP527543","11","3937","0.1935","1.2821","C"
"4","Trait5","mrMLM","PstI.TP528159","11","3939","1.0611e-05","0.0023","C"
"4","Trait5","mrMLM","PstI.TP528163","11","3940","-0.1552","1.1272","A"
"4","Trait5","mrMLM","PstI.TP528276","11","3941","-2.6073e-05","0.0057","C"
"4","Trait5","mrMLM","PstI.TP528362","11","3942","2.2992e-05","0.005","C"
"4","Trait5","mrMLM","PstI.TP528440","11","3943","-0.0505","0.5047","C"
"4","Trait5","mrMLM","PstI.TP528506","11","3945","-0.0837","0.7625","A"
"4","Trait5","mrMLM","PstI.TP529090","11","3947","8.4434e-06","0.0018","C"
"4","Trait5","mrMLM","PstI.TP529236","11","3948","-1.4225e-05","0.0031","A"
"4","Trait5","mrMLM","PstI.TP529373","11","3949","2.2113e-07","4.8125e-05","C"
"4","Trait5","mrMLM","PstI.TP529677","11","3950","-2.7369e-05","0.006","C"
"4","Trait5","mrMLM","PstI.TP530069","11","3952","-0.1389","0.7949","C"
"4","Trait5","mrMLM","PstI.TP530112","11","3953","-2.0996e-07","4.5693e-05","C"
"4","Trait5","mrMLM","PstI.TP530291","11","3954","-2.6221e-05","0.0057","G"
"4","Trait5","mrMLM","PstI.TP530459","11","3955","0.0846","0.5328","C"
"4","Trait5","mrMLM","PstI.TP530559","11","3956","-0.0283","0.342","A"
"4","Trait5","mrMLM","PstI.TP530582","11","3957","2.5497e-05","0.0056","C"
"4","Trait5","mrMLM","PstI.TP530613","11","3959","0.1013","0.5597","G"
"4","Trait5","mrMLM","PstI.TP530615","11","3960","-4.4057e-07","9.5901e-05","C"
"4","Trait5","mrMLM","PstI.TP530646","11","3961","-6.4132e-06","0.0014","C"
"4","Trait5","mrMLM","PstI.TP530661","11","3962","-1.5522e-06","3e-04","A"
"4","Trait5","mrMLM","PstI.TP530663","11","3963","-1.6023e-05","0.0035","A"
"4","Trait5","mrMLM","PstI.TP530722","11","3964","-1.1065e-05","0.0024","C"
"4","Trait5","mrMLM","PstI.TP530830","11","3966","-1.5614e-06","3e-04","C"
"4","Trait5","mrMLM","PstI.TP530991","11","3967","1.0775e-05","0.0024","A"
"4","Trait5","mrMLM","PstI.TP531226","11","3968","2.383e-05","0.0052","C"
"4","Trait5","mrMLM","PstI.TP531297","11","3969","0.0197","0.2824","C"
"4","Trait5","mrMLM","PstI.TP531337","11","3970","-1.3953e-05","0.003","C"
"4","Trait5","mrMLM","PstI.TP531340","11","3971","-2.668e-05","0.0058","C"
"4","Trait5","mrMLM","PstI.TP531506","11","3972","0.0603","0.7489","C"
"4","Trait5","mrMLM","PstI.TP531801","11","3973","-1.4998e-05","0.0033","G"
"4","Trait5","mrMLM","PstI.TP531814","11","3974","0.1024","0.59","A"
"4","Trait5","mrMLM","PstI.TP532131","11","3976","1.0566e-05","0.0023","A"
"4","Trait5","mrMLM","PstI.TP532260","11","3977","-0.0265","0.2192","A"
"4","Trait5","mrMLM","PstI.TP532500","11","3979","3.8264e-06","8e-04","A"
"4","Trait5","mrMLM","PstI.TP532556","11","3980","2.3952e-06","5e-04","A"
"4","Trait5","mrMLM","PstI.TP532624","11","3981","1.7334e-05","0.0038","C"
"4","Trait5","mrMLM","PstI.TP532633","11","3982","0.083","0.763","G"
"4","Trait5","mrMLM","PstI.TP532665","11","3983","-0.1029","0.6029","A"
"4","Trait5","mrMLM","PstI.TP532915","11","3984","-0.1153","1.0658","G"
"4","Trait5","mrMLM","PstI.TP533080","11","3986","-5.3711e-06","0.0012","C"
"4","Trait5","mrMLM","PstI.TP533267","11","3988","0.0257","0.3073","C"
"4","Trait5","mrMLM","PstI.TP533375","11","3989","8.6203e-06","0.0019","C"
"4","Trait5","mrMLM","PstI.TP533670","11","3991","0.0421","0.4244","C"
"4","Trait5","mrMLM","PstI.TP534090","11","3992","-0.0124","0.2094","C"
"4","Trait5","mrMLM","PstI.TP534278","11","3993","6e-04","0.0298","C"
"4","Trait5","mrMLM","PstI.TP534281","11","3994","-7.3115e-06","0.0016","A"
"4","Trait5","mrMLM","PstI.TP534282","11","3995","-1.315e-06","3e-04","C"
"4","Trait5","mrMLM","PstI.TP534619","11","3996","7.943e-06","0.0017","A"
"4","Trait5","mrMLM","PstI.TP534647","11","3997","-0.0512","0.2814","A"
"4","Trait5","mrMLM","PstI.TP534952","11","3998","-7.6186e-07","2e-04","C"
"4","Trait5","mrMLM","PstI.TP536209","11","4000","8.9307e-06","0.0019","C"
"4","Trait5","mrMLM","PstI.TP536343","11","4001","0.0029","0.0678","A"
"4","Trait5","mrMLM","PstI.TP536488","11","4002","1.4056e-05","0.0031","A"
"4","Trait5","mrMLM","PstI.TP536670","11","4003","-0.3043","1.4352","C"
"4","Trait5","mrMLM","PstI.TP536701","11","4004","9.6011e-07","2e-04","C"
"4","Trait5","mrMLM","PstI.TP537330","11","4005","-3.0813e-05","0.0068","G"
"4","Trait5","mrMLM","PstI.TP537429","11","4006","1.9381e-05","0.0042","A"
"4","Trait5","mrMLM","PstI.TP538176","11","4007","0.0358","0.237","C"
"4","Trait5","mrMLM","PstI.TP538260","11","4008","0.0234","0.2615","A"
"4","Trait5","mrMLM","PstI.TP538261","11","4009","-1.7144e-05","0.0037","A"
"4","Trait5","mrMLM","PstI.TP539015","11","4010","-0.2029","0.8266","G"
"4","Trait5","mrMLM","PstI.TP539131","11","4011","0.095","0.7453","G"
"4","Trait5","mrMLM","PstI.TP539149","11","4012","-0.0776","0.7597","A"
"4","Trait5","mrMLM","PstI.TP539324","11","4013","0.062","0.5099","C"
"4","Trait5","mrMLM","PstI.TP539500","11","4014","1.1861e-05","0.0026","A"
"4","Trait5","mrMLM","PstI.TP539556","11","4015","-1.2954e-05","0.0028","A"
"4","Trait5","mrMLM","PstI.TP539637","11","4016","1.0417e-06","2e-04","C"
"4","Trait5","mrMLM","PstI.TP539751","11","4017","-3.662e-07","7.9724e-05","A"
"4","Trait5","mrMLM","PstI.TP539857","11","4018","-0.1124","0.876","A"
"4","Trait5","mrMLM","PstI.TP540176","11","4021","-0.07","0.4559","A"
"4","Trait5","mrMLM","PstI.TP540645","11","4022","-7.6375e-06","0.0017","C"
"4","Trait5","mrMLM","PstI.TP540839","11","4023","1.5084e-05","0.0033","C"
"4","Trait5","mrMLM","PstI.TP541015","11","4024","3.767e-05","0.0083","A"
"4","Trait5","mrMLM","PstI.TP541800","11","4028","-1.5655e-05","0.0034","C"
"4","Trait5","mrMLM","PstI.TP541901","11","4029","-3.1542e-05","0.0069","A"
"4","Trait5","mrMLM","PstI.TP542102","11","4030","-0.3932","1.1976","C"
"4","Trait5","mrMLM","PstI.TP542180","11","4031","2.0724e-05","0.0045","C"
"4","Trait5","mrMLM","PstI.TP542460","11","4032","-7.0932e-06","0.0015","A"
"4","Trait5","mrMLM","PstI.TP542542","11","4033","-0.071","0.4512","A"
"4","Trait5","mrMLM","PstI.TP542717","11","4034","1.3899e-05","0.003","C"
"4","Trait5","mrMLM","PstI.TP543102","11","4035","8.3319e-06","0.0018","C"
"4","Trait5","mrMLM","PstI.TP543485","11","4036","0.1709","1.0883","A"
"4","Trait5","mrMLM","PstI.TP543643","11","4037","-1.0456e-05","0.0023","A"
"4","Trait5","mrMLM","PstI.TP544149","11","4038","-0.0796","0.8728","G"
"4","Trait5","mrMLM","PstI.TP544899","11","4039","-3.5493e-06","8e-04","A"
"4","Trait5","mrMLM","PstI.TP545170","11","4040","1.027e-05","0.0022","C"
"4","Trait5","mrMLM","PstI.TP545644","11","4041","0.0922","0.7892","A"
"4","Trait5","mrMLM","PstI.TP545718","11","4042","-6.7363e-06","0.0015","C"
"4","Trait5","mrMLM","PstI.TP545864","11","4043","1.7855e-05","0.0039","A"
"4","Trait5","mrMLM","PstI.TP546203","11","4045","5.3446e-06","0.0012","A"
"4","Trait5","mrMLM","PstI.TP546545","11","4046","-1.2303e-05","0.0027","C"
"4","Trait5","mrMLM","PstI.TP546941","11","4049","-0.0378","0.3768","G"
"4","Trait5","mrMLM","PstI.TP547659","11","4051","4.989e-06","0.0011","A"
"4","Trait5","mrMLM","PstI.TP547728","11","4052","-7.4344e-06","0.0016","A"
"4","Trait5","mrMLM","PstI.TP547968","11","4053","-1.0488e-05","0.0023","G"
"4","Trait5","mrMLM","PstI.TP547988","11","4054","0.1422","0.6135","G"
"4","Trait5","mrMLM","PstI.TP548010","11","4055","-4.1191e-05","0.0091","A"
"4","Trait5","mrMLM","PstI.TP548251","11","4057","6.8057e-06","0.0015","C"
"4","Trait5","mrMLM","PstI.TP548255","11","4058","1.923e-05","0.0042","C"
"4","Trait5","mrMLM","PstI.TP548698","11","4060","-9.2422e-06","0.002","G"
"4","Trait5","mrMLM","PstI.TP548699","11","4061","-3.883e-05","0.0085","C"
"4","Trait5","mrMLM","PstI.TP548769","11","4062","-0.075","0.6143","C"
"4","Trait5","mrMLM","PstI.TP549115","11","4063","-1.5068e-05","0.0033","C"
"4","Trait5","mrMLM","PstI.TP549117","11","4064","-0.0191","0.2768","C"
"4","Trait5","mrMLM","PstI.TP549377","11","4066","0.1043","1.4904","C"
"4","Trait5","mrMLM","PstI.TP549489","11","4067","0.1585","0.9011","C"
"4","Trait5","mrMLM","PstI.TP550228","11","4069","0.1858","1.2792","C"
"4","Trait5","mrMLM","PstI.TP550234","11","4070","1.7515e-05","0.0038","A"
"4","Trait5","mrMLM","PstI.TP550459","11","4071","8.637e-06","0.0019","A"
"4","Trait5","mrMLM","PstI.TP550490","11","4072","-0.051","0.4011","A"
"4","Trait5","mrMLM","PstI.TP550522","11","4074","0.0621","0.4937","A"
"4","Trait5","mrMLM","PstI.TP550640","11","4075","0.0441","0.4679","C"
"4","Trait5","mrMLM","PstI.TP550642","11","4076","-9.6302e-06","0.0021","C"
"4","Trait5","mrMLM","PstI.TP550663","11","4077","-1.333e-05","0.0029","C"
"4","Trait5","mrMLM","PstI.TP551396","11","4078","-0.1612","0.77","A"
"4","Trait5","mrMLM","PstI.TP551690","11","4079","-2.7693e-05","0.0061","G"
"4","Trait5","mrMLM","PstI.TP551866","11","4080","1.1415e-05","0.0025","G"
"4","Trait5","mrMLM","PstI.TP551918","11","4081","-4.493e-06","0.001","A"
"4","Trait5","mrMLM","PstI.TP552132","11","4082","-1.407e-05","0.0031","G"
"4","Trait5","mrMLM","PstI.TP552335","11","4083","0.0772","0.6229","A"
"4","Trait5","mrMLM","PstI.TP552656","11","4084","-0.0776","0.4429","A"
"4","Trait5","mrMLM","PstI.TP552676","11","4085","0.075","0.477","A"
"4","Trait5","mrMLM","PstI.TP552710","11","4086","1.0005e-05","0.0022","G"
"4","Trait5","mrMLM","PstI.TP553292","11","4088","-0.0124","0.2173","C"
"4","Trait5","mrMLM","PstI.TP553309","11","4089","1.6503e-05","0.0036","C"
"4","Trait5","mrMLM","PstI.TP553409","11","4090","-2.8157e-06","6e-04","C"
"4","Trait5","mrMLM","PstI.TP553436","11","4091","-1.3449e-05","0.0029","A"
"4","Trait5","mrMLM","PstI.TP568316","11","4093","-8.5344e-06","0.0019","C"
"4","Trait5","mrMLM","PstI.TP568515","11","4094","3.6664e-06","8e-04","A"
"4","Trait5","mrMLM","PstI.TP568587","11","4095","-1.3538e-06","3e-04","A"
"4","Trait5","mrMLM","PstI.TP568894","11","4096","-6.0731e-06","0.0013","C"
"4","Trait5","mrMLM","PstI.TP569155","11","4097","-3.6319e-06","8e-04","C"
"4","Trait5","mrMLM","PstI.TP569209","11","4098","2.905e-05","0.0064","C"
"4","Trait5","mrMLM","PstI.TP569234","11","4099","1.1384e-05","0.0025","C"
"4","Trait5","mrMLM","PstI.TP569964","11","4101","9.8656e-06","0.0022","A"
"4","Trait5","mrMLM","PstI.TP570071","11","4102","-0.0123","0.1651","A"
"4","Trait5","mrMLM","PstI.TP570332","11","4104","2.3997e-05","0.0053","A"
"4","Trait5","mrMLM","PstI.TP570499","11","4105","1.0876e-05","0.0024","A"
"4","Trait5","mrMLM","PstI.TP571018","11","4106","-0.025","0.283","A"
"4","Trait5","mrMLM","PstI.TP571142","11","4108","-1.6201e-05","0.0035","A"
"4","Trait5","mrMLM","PstI.TP571386","11","4109","-3.3109e-06","7e-04","C"
"4","Trait5","mrMLM","PstI.TP571400","11","4110","-1.2715e-05","0.0028","A"
"4","Trait5","mrMLM","PstI.TP571522","11","4111","-1.0393e-05","0.0023","G"
"4","Trait5","mrMLM","PstI.TP571614","11","4112","-0.0989","0.5754","C"
"4","Trait5","mrMLM","PstI.TP571935","11","4114","0.1041","0.4992","G"
"4","Trait5","mrMLM","PstI.TP572025","11","4115","-0.1005","0.5847","G"
"4","Trait5","mrMLM","PstI.TP572042","11","4116","0.0455","0.3711","A"
"4","Trait5","mrMLM","PstI.TP572581","11","4118","6.2595e-06","0.0014","A"
"4","Trait5","mrMLM","PstI.TP572605","11","4119","2.6912e-05","0.0059","C"
"4","Trait5","mrMLM","PstI.TP572651","11","4120","7.4314e-06","0.0016","A"
"4","Trait5","mrMLM","PstI.TP573481","11","4122","2.4036e-05","0.0053","A"
"4","Trait5","mrMLM","PstI.TP573755","11","4123","-3.0886e-06","7e-04","A"
"4","Trait5","mrMLM","PstI.TP573786","11","4124","-3.1019e-06","7e-04","A"
"4","Trait5","mrMLM","PstI.TP573804","11","4125","-0.2098","1.7865","G"
"4","Trait5","mrMLM","PstI.TP573838","11","4126","-1.2573e-05","0.0027","C"
"4","Trait5","mrMLM","PstI.TP573931","11","4127","1.5822e-05","0.0035","C"
"4","Trait5","mrMLM","PstI.TP573942","11","4128","1.2211e-05","0.0027","C"
"4","Trait5","mrMLM","PstI.TP573952","11","4129","-0.0921","0.893","C"
"4","Trait5","mrMLM","PstI.TP574024","11","4130","1.4597e-05","0.0032","C"
"4","Trait5","mrMLM","PstI.TP574038","11","4131","1.1463e-05","0.0025","A"
"4","Trait5","mrMLM","PstI.TP574429","11","4133","-1.6543e-05","0.0036","G"
"4","Trait5","mrMLM","PstI.TP574507","11","4134","9.6923e-06","0.0021","G"
"4","Trait5","mrMLM","PstI.TP574763","11","4135","0.4435","2.1646","C"
"4","Trait5","mrMLM","PstI.TP574881","11","4136","1.0671e-05","0.0023","A"
"4","Trait5","mrMLM","PstI.TP574906","11","4137","-2.5985e-05","0.0057","A"
"4","Trait5","mrMLM","PstI.TP574989","11","4138","-8.9946e-06","0.002","A"
"4","Trait5","mrMLM","PstI.TP575020","11","4139","0.2952","1.9793","C"
"4","Trait5","mrMLM","PstI.TP575033","11","4140","-9.4904e-06","0.0021","C"
"4","Trait5","mrMLM","PstI.TP576693","11","4142","-2.1731e-05","0.0048","C"
"4","Trait5","mrMLM","PstI.TP577221","11","4144","9.244e-06","0.002","C"
"4","Trait5","mrMLM","PstI.TP577408","11","4145","0.1275","0.6092","C"
"4","Trait5","mrMLM","PstI.TP577596","11","4146","-2.1083e-06","5e-04","A"
"4","Trait5","mrMLM","PstI.TP577613","11","4147","0.0669","0.4024","A"
"4","Trait5","mrMLM","PstI.TP578035","11","4149","-0.0077","0.0883","A"
"4","Trait5","mrMLM","PstI.TP578343","11","4153","-1.9415e-05","0.0042","A"
"4","Trait5","mrMLM","PstI.TP578451","11","4154","1.1155e-06","2e-04","C"
"4","Trait5","mrMLM","PstI.TP578631","11","4156","1.9195e-05","0.0042","C"
"4","Trait5","mrMLM","PstI.TP578777","11","4158","-0.1403","1.0943","C"
"4","Trait5","mrMLM","PstI.TP579609","11","4161","-1.8256e-05","0.004","A"
"4","Trait5","mrMLM","PstI.TP579713","11","4162","-4.6556e-06","0.001","C"
"4","Trait5","mrMLM","PstI.TP579734","11","4164","1.0749e-05","0.0023","A"
"4","Trait5","mrMLM","PstI.TP579772","11","4166","2.3366e-05","0.0051","C"
"4","Trait5","mrMLM","PstI.TP580096","11","4167","-1.7168e-05","0.0038","C"
"4","Trait5","mrMLM","PstI.TP580204","11","4168","1.5188e-05","0.0033","C"
"4","Trait5","mrMLM","PstI.TP580243","11","4169","-1.0401e-05","0.0023","A"
"4","Trait5","mrMLM","PstI.TP580270","11","4170","2.9716e-05","0.0065","C"
"4","Trait5","mrMLM","PstI.TP580776","11","4171","-0.1006","0.8772","A"
"4","Trait5","mrMLM","PstI.TP581260","11","4172","7.4955e-06","0.0016","A"
"4","Trait5","mrMLM","PstI.TP581321","11","4173","-0.0457","0.2046","A"
"4","Trait5","mrMLM","PstI.TP581475","11","4174","-0.0648","0.8274","C"
"4","Trait5","mrMLM","PstI.TP581786","11","4175","-2.3277e-06","5e-04","G"
"4","Trait5","mrMLM","PstI.TP581839","11","4176","1.9361e-05","0.0042","C"
"4","Trait5","mrMLM","PstI.TP581920","11","4177","0.1842","0.9558","C"
"4","Trait5","mrMLM","PstI.TP582023","11","4178","1.52e-05","0.0033","G"
"4","Trait5","mrMLM","PstI.TP582186","11","4180","-0.1609","0.5602","A"
"4","Trait5","mrMLM","PstI.TP582194","11","4181","-9.4589e-06","0.0021","C"
"4","Trait5","mrMLM","PstI.TP582421","11","4182","-0.0401","0.1694","C"
"4","Trait5","mrMLM","PstI.TP582448","11","4183","0.1332","0.8144","C"
"4","Trait5","mrMLM","PstI.TP582842","11","4184","1.1223e-05","0.0024","A"
"4","Trait5","mrMLM","PstI.TP583043","11","4186","6.1746e-06","0.0013","G"
"4","Trait5","mrMLM","PstI.TP583125","11","4187","0.2165","1.6473","A"
"4","Trait5","mrMLM","PstI.TP583520","11","4188","-0.0063","0.1051","A"
"4","Trait5","mrMLM","PstI.TP583773","11","4189","-0.0951","0.8884","A"
"4","Trait5","mrMLM","PstI.TP583791","11","4191","-0.0363","0.2606","G"
"4","Trait5","mrMLM","PstI.TP584412","11","4192","1.362e-05","0.003","A"
"4","Trait5","mrMLM","PstI.TP584473","11","4193","0.0158","0.2533","C"
"4","Trait5","mrMLM","PstI.TP584580","11","4194","1.6524e-05","0.0036","C"
"4","Trait5","mrMLM","PstI.TP584593","11","4195","-2.4862e-05","0.0054","A"
"4","Trait5","mrMLM","PstI.TP584707","11","4196","0.3049","2.0523","A"
"4","Trait5","mrMLM","PstI.TP584906","11","4197","-3.9771e-05","0.0087","A"
"4","Trait5","mrMLM","PstI.TP584960","11","4198","0.1264","1.3671","C"
"4","Trait5","mrMLM","PstI.TP585052","11","4199","-0.1012","0.4717","A"
"4","Trait5","mrMLM","PstI.TP585670","11","4200","-1.9227e-05","0.0042","C"
"4","Trait5","mrMLM","PstI.TP585734","11","4201","1.1617e-05","0.0025","C"
"4","Trait5","mrMLM","PstI.TP585921","11","4202","-2.1167e-05","0.0046","C"
"4","Trait5","mrMLM","PstI.TP586000","11","4203","-1.0136e-05","0.0022","A"
"4","Trait5","mrMLM","PstI.TP586733","11","4204","2.7603e-06","6e-04","G"
"4","Trait5","mrMLM","PstI.TP586859","11","4205","2.7489e-06","6e-04","A"
"4","Trait5","mrMLM","PstI.TP587490","11","4206","2.3548e-05","0.0052","G"
"4","Trait5","mrMLM","PstI.TP587792","11","4207","-3.0833e-06","7e-04","C"
"4","Trait5","mrMLM","PstI.TP587840","11","4208","0.0112","0.1816","A"
"4","Trait5","mrMLM","PstI.TP587876","11","4209","-1.0412e-05","0.0023","A"
"4","Trait5","mrMLM","PstI.TP588135","11","4210","-9.7464e-06","0.0021","A"
"4","Trait5","mrMLM","PstI.TP588220","11","4211","0.0523","0.6816","A"
"4","Trait5","mrMLM","PstI.TP588590","11","4212","7.1289e-06","0.0016","A"
"4","Trait5","mrMLM","PstI.TP588782","11","4213","7.522e-06","0.0016","A"
"4","Trait5","mrMLM","PstI.TP589050","11","4214","1.4272e-05","0.0031","C"
"4","Trait5","mrMLM","PstI.TP589093","11","4215","0.1312","0.8359","C"
"4","Trait5","mrMLM","PstI.TP589466","11","4216","-0.0825","0.7457","G"
"4","Trait5","mrMLM","PstI.TP589499","11","4217","1.3393e-05","0.0029","A"
"4","Trait5","mrMLM","PstI.TP590827","11","4218","-4.3187e-06","9e-04","A"
"4","Trait5","mrMLM","PstI.TP590998","11","4219","0.0503","0.3756","C"
"4","Trait5","mrMLM","PstI.TP591101","11","4220","1.1441e-06","2e-04","C"
"4","Trait5","mrMLM","PstI.TP591170","11","4221","-0.0254","0.3175","G"
"4","Trait5","mrMLM","PstI.TP591525","11","4222","-1.0735e-05","0.0023","C"
"4","Trait5","mrMLM","PstI.TP591950","11","4223","-1.4295e-05","0.0031","A"
"4","Trait5","mrMLM","PstI.TP592808","11","4225","1.0895e-05","0.0024","C"
"4","Trait5","mrMLM","PstI.TP594236","11","4229","-1.3209e-05","0.0029","A"
"4","Trait5","mrMLM","PstI.TP596006","11","4233","1.8639e-05","0.0041","A"
"4","Trait5","mrMLM","PstI.TP596050","11","4234","-1.3213e-05","0.0029","A"
"4","Trait5","mrMLM","PstI.TP596876","11","4237","-1.8402e-05","0.004","A"
"4","Trait5","mrMLM","PstI.TP597057","11","4238","-0.0109","0.0916","G"
"4","Trait5","mrMLM","PstI.TP597359","11","4239","0.0627","0.2821","A"
"4","Trait5","mrMLM","PstI.TP597372","11","4240","4.3036e-06","9e-04","C"
"4","Trait5","mrMLM","PstI.TP597397","11","4241","9.7962e-06","0.0021","G"
"4","Trait5","mrMLM","PstI.TP597541","11","4243","-7.3479e-06","0.0016","C"
"4","Trait5","mrMLM","PstI.TP597877","11","4246","-0.2467","1.0787","A"
"4","Trait5","mrMLM","PstI.TP597890","11","4247","2.4389e-05","0.0053","C"
"4","Trait5","mrMLM","PstI.TP598281","11","4248","7.5887e-06","0.0017","A"
"4","Trait5","mrMLM","PstI.TP598337","11","4249","0.1349","0.6912","C"
"4","Trait5","mrMLM","PstI.TP599162","11","4250","-0.064","0.7349","C"
"4","Trait5","mrMLM","PstI.TP599272","11","4251","0.2005","1.2063","C"
"4","Trait5","mrMLM","PstI.TP599643","11","4252","-0.0564","0.3438","A"
"4","Trait5","mrMLM","PstI.TP599713","11","4253","-0.0361","0.208","C"
"4","Trait5","mrMLM","PstI.TP600107","11","4254","-2.3193e-05","0.0051","A"
"4","Trait5","mrMLM","PstI.TP600316","11","4255","1.1999e-05","0.0026","C"
"4","Trait5","mrMLM","PstI.TP600639","11","4256","-1.937e-05","0.0042","A"
"4","Trait5","mrMLM","PstI.TP601126","11","4257","0.0391","0.3849","A"
"4","Trait5","mrMLM","PstI.TP601149","11","4258","6.7348e-06","0.0015","G"
"4","Trait5","mrMLM","PstI.TP601295","11","4259","6.8007e-06","0.0015","C"
"4","Trait5","mrMLM","PstI.TP601317","11","4260","-1.4888e-08","3.2399e-06","G"
"4","Trait5","mrMLM","PstI.TP601485","11","4262","5.134e-06","0.0011","C"
"4","Trait5","mrMLM","PstI.TP601609","11","4263","-0.0031","0.0972","G"
"4","Trait5","mrMLM","PstI.TP601748","11","4264","-7.707e-07","2e-04","C"
"4","Trait5","mrMLM","PstI.TP601995","11","4265","-8.1812e-06","0.0018","A"
"4","Trait5","mrMLM","PstI.TP602334","11","4267","-5.386e-06","0.0012","A"
"4","Trait5","mrMLM","PstI.TP602532","11","4268","-1.7299e-05","0.0038","C"
"4","Trait5","mrMLM","PstI.TP602900","11","4269","-8.7608e-06","0.0019","C"
"4","Trait5","mrMLM","PstI.TP604284","11","4271","1.1608e-05","0.0025","A"
"4","Trait5","mrMLM","PstI.TP604308","11","4272","0.1572","0.682","C"
"4","Trait5","mrMLM","PstI.TP604549","11","4274","0.0052","0.1021","A"
"4","Trait5","mrMLM","PstI.TP604949","11","4275","0.0971","0.9229","C"
"4","Trait5","mrMLM","PstI.TP605421","11","4281","-1.254e-05","0.0027","A"
"4","Trait5","mrMLM","PstI.TP605833","11","4282","6.8419e-06","0.0015","G"
"4","Trait5","mrMLM","PstI.TP605891","11","4283","6.1306e-07","1e-04","A"
"4","Trait5","mrMLM","PstI.TP605931","11","4284","0.1663","0.5873","C"
"4","Trait5","mrMLM","PstI.TP605976","11","4285","0.0332","0.3885","A"
"4","Trait5","mrMLM","PstI.TP606114","11","4286","-1.916e-06","4e-04","G"
"4","Trait5","mrMLM","PstI.TP606218","11","4287","-5.3988e-06","0.0012","A"
"4","Trait5","mrMLM","PstI.TP607122","11","4288","4.8037e-06","0.001","C"
"4","Trait5","mrMLM","PstI.TP607350","11","4289","0.2175","2.0905","G"
"4","Trait5","mrMLM","PstI.TP607438","11","4290","0.1258","1.0783","C"
"4","Trait5","mrMLM","PstI.TP607450","11","4291","-2.3051e-05","0.005","A"
"4","Trait5","mrMLM","PstI.TP607656","11","4292","-6.4289e-06","0.0014","A"
"4","Trait5","mrMLM","PstI.TP607810","11","4293","8.5062e-06","0.0019","C"
"4","Trait5","mrMLM","PstI.TP608118","11","4294","1.1314e-05","0.0025","A"
"4","Trait5","mrMLM","PstI.TP608139","11","4295","-0.0881","0.443","C"
"4","Trait5","mrMLM","PstI.TP608232","11","4296","0.0056","0.1157","A"
"4","Trait5","mrMLM","PstI.TP608650","11","4297","-9.1107e-06","0.002","C"
"4","Trait5","mrMLM","PstI.TP608676","11","4298","2.3996e-05","0.0053","A"
"4","Trait5","mrMLM","PstI.TP608698","11","4299","0.0423","0.2182","A"
"4","Trait5","mrMLM","PstI.TP609049","11","4301","4.2585e-06","9e-04","C"
"4","Trait5","mrMLM","PstI.TP609155","11","4302","6.5099e-06","0.0014","C"
"4","Trait5","mrMLM","PstI.TP609692","11","4304","-7.2827e-06","0.0016","A"
"4","Trait5","mrMLM","PstI.TP609726","11","4305","-1.4815e-05","0.0032","A"
"4","Trait5","mrMLM","PstI.TP609737","11","4306","2.4639e-06","5e-04","C"
"4","Trait5","mrMLM","PstI.TP610480","11","4308","-0.042","0.3204","C"
"4","Trait5","mrMLM","PstI.TP610743","11","4310","-1.5732e-05","0.0034","A"
"4","Trait5","mrMLM","PstI.TP610745","11","4311","1.4951e-06","3e-04","C"
"4","Trait5","mrMLM","PstI.TP610776","11","4312","-0.1152","0.7968","A"
"4","Trait5","mrMLM","PstI.TP610867","11","4314","-4.2695e-06","9e-04","C"
"4","Trait5","mrMLM","PstI.TP611080","11","4315","0.034","0.2982","G"
"4","Trait5","mrMLM","PstI.TP611456","11","4317","2.7503e-06","6e-04","C"
"4","Trait5","mrMLM","PstI.TP612214","11","4318","-6.2e-06","0.0014","A"
"4","Trait5","mrMLM","PstI.TP613367","11","4321","0.0681","0.5222","A"
"4","Trait5","mrMLM","PstI.TP613492","11","4322","1.3381e-05","0.0029","C"
"4","Trait5","mrMLM","PstI.TP613604","11","4323","7.8663e-06","0.0017","C"
"4","Trait5","mrMLM","PstI.TP613809","11","4324","-2.0347e-05","0.0045","C"
"4","Trait5","mrMLM","PstI.TP613855","11","4325","-1.6078e-05","0.0035","A"
"4","Trait5","mrMLM","PstI.TP614273","11","4327","-1.6427e-05","0.0036","C"
"4","Trait5","mrMLM","PstI.TP614282","11","4328","-2.9005e-06","6e-04","C"
"4","Trait5","mrMLM","PstI.TP615093","11","4329","0.0591","0.4547","A"
"4","Trait5","mrMLM","PstI.TP615107","11","4330","-1.2843e-05","0.0028","C"
"4","Trait5","mrMLM","PstI.TP615623","11","4332","2.3834e-06","5e-04","A"
"4","Trait5","mrMLM","PstI.TP616772","11","4333","0.0263","0.2679","A"
"4","Trait5","mrMLM","PstI.TP616773","11","4334","-0.2191","0.8451","G"
"4","Trait5","mrMLM","PstI.TP616950","11","4335","0.3321","2.2381","A"
"4","Trait5","mrMLM","PstI.TP617522","11","4337","-2.3185e-05","0.0051","C"
"4","Trait5","mrMLM","PstI.TP618740","11","4338","-0.0463","0.4432","C"
"4","Trait5","mrMLM","PstI.TP619281","11","4341","-7.4546e-06","0.0016","A"
"4","Trait5","mrMLM","PstI.TP619311","11","4342","0.1593","1.5733","C"
"4","Trait5","mrMLM","PstI.TP619468","11","4343","6.2618e-06","0.0014","C"
"4","Trait5","mrMLM","PstI.TP619580","11","4344","-1.9378e-05","0.0042","C"
"4","Trait5","mrMLM","PstI.TP619609","11","4345","-2.8822e-05","0.0063","A"
"4","Trait5","mrMLM","PstI.TP620079","11","4348","-6.5334e-06","0.0014","A"
"4","Trait5","mrMLM","PstI.TP620173","11","4350","-4.3103e-06","9e-04","C"
"4","Trait5","mrMLM","PstI.TP620236","11","4351","-0.0762","0.62","C"
"4","Trait5","mrMLM","PstI.TP620257","11","4352","-0.2808","1.3448","C"
"4","Trait5","mrMLM","PstI.TP620357","11","4354","-2.404e-05","0.0053","C"
"4","Trait5","mrMLM","PstI.TP620719","11","4355","-1.4234e-05","0.0031","G"
"4","Trait5","mrMLM","PstI.TP620764","11","4356","1.1501e-05","0.0025","G"
"4","Trait5","mrMLM","PstI.TP620861","11","4357","1.1807e-05","0.0026","C"
"4","Trait5","mrMLM","PstI.TP621165","11","4359","-0.0447","0.3423","C"
"4","Trait5","mrMLM","PstI.TP621310","11","4360","2.7173e-05","0.006","A"
"4","Trait5","mrMLM","PstI.TP621381","11","4361","-8.6821e-06","0.0019","C"
"4","Trait5","mrMLM","PstI.TP621404","11","4362","-0.0355","0.4765","A"
"4","Trait5","mrMLM","PstI.TP621527","11","4364","-0.1023","1.1292","A"
"4","Trait5","mrMLM","PstI.TP621649","11","4365","9.3574e-06","0.002","C"
"4","Trait5","mrMLM","PstI.TP621756","11","4367","-0.1036","0.5512","A"
"4","Trait5","mrMLM","PstI.TP621778","11","4368","-0.1512","0.7512","C"
"4","Trait5","mrMLM","PstI.TP621782","11","4369","-1e-04","0.0143","G"
"4","Trait5","mrMLM","PstI.TP622021","11","4371","1.5731e-05","0.0034","A"
"4","Trait5","mrMLM","PstI.TP622105","11","4372","1.6177e-05","0.0035","A"
"4","Trait5","mrMLM","PstI.TP622354","11","4373","-1.075e-05","0.0023","C"
"4","Trait5","mrMLM","PstI.TP622738","11","4375","-0.1034","0.3662","A"
"4","Trait5","mrMLM","PstI.TP622861","11","4376","0.0837","0.7783","C"
"4","Trait5","mrMLM","PstI.TP623428","11","4377","-1.1567e-05","0.0025","C"
"4","Trait5","mrMLM","PstI.TP624207","11","4380","1.3978e-05","0.0031","A"
"4","Trait5","mrMLM","PstI.TP624372","11","4381","-3.0839e-06","7e-04","G"
"4","Trait5","mrMLM","PstI.TP624488","11","4383","-1.7864e-05","0.0039","C"
"4","Trait5","mrMLM","PstI.TP624890","11","4384","-0.011","0.1666","A"
"4","Trait5","mrMLM","PstI.TP624914","11","4385","-1.8925e-05","0.0041","A"
"4","Trait5","mrMLM","PstI.TP625486","11","4386","9.5471e-06","0.0021","C"
"4","Trait5","mrMLM","PstI.TP625591","11","4387","-1.471e-05","0.0032","C"
"4","Trait5","mrMLM","PstI.TP625608","11","4388","-7e-04","0.0356","C"
"4","Trait5","mrMLM","PstI.TP625782","11","4389","0.0374","0.4134","C"
"4","Trait5","mrMLM","PstI.TP626179","11","4390","1.307e-05","0.0029","G"
"4","Trait5","mrMLM","PstI.TP626260","11","4392","-0.068","0.2925","C"
"4","Trait5","mrMLM","PstI.TP626596","11","4394","-6.4879e-06","0.0014","G"
"4","Trait5","mrMLM","PstI.TP626786","11","4396","2.1154e-05","0.0046","C"
"4","Trait5","mrMLM","PstI.TP626794","11","4397","0.0356","0.3639","A"
"4","Trait5","mrMLM","PstI.TP626997","11","4398","8.0218e-06","0.0017","A"
"4","Trait5","mrMLM","PstI.TP627151","11","4399","4.1213e-06","9e-04","A"
"4","Trait5","mrMLM","PstI.TP627185","11","4400","-2.6801e-06","6e-04","G"
"4","Trait5","mrMLM","PstI.TP627295","11","4401","-2.1382e-05","0.0047","C"
"4","Trait5","mrMLM","PstI.TP627822","11","4403","-1.0814e-05","0.0024","G"
"4","Trait5","mrMLM","PstI.TP628022","11","4405","2.9278e-06","6e-04","A"
"4","Trait5","mrMLM","PstI.TP628026","11","4406","5.1756e-06","0.0011","C"
"4","Trait5","mrMLM","PstI.TP628073","11","4407","-3.1407e-05","0.0069","C"
"4","Trait5","mrMLM","PstI.TP628241","11","4409","-0.102","0.7841","A"
"4","Trait5","mrMLM","PstI.TP628571","11","4411","-0.0649","0.4485","A"
"4","Trait5","mrMLM","PstI.TP628649","11","4412","0.2756","1.4253","C"
"4","Trait5","mrMLM","PstI.TP628792","11","4413","-1.0414e-05","0.0023","A"
"4","Trait5","mrMLM","PstI.TP628958","11","4414","-1.4885e-05","0.0033","A"
"4","Trait5","mrMLM","PstI.TP629553","11","4418","9.1849e-06","0.002","A"
"4","Trait5","mrMLM","PstI.TP629601","11","4419","0.1115","0.4192","G"
"4","Trait5","mrMLM","PstI.TP629716","11","4420","-0.1052","0.6189","A"
"4","Trait5","mrMLM","PstI.TP629726","11","4421","5e-04","0.0322","C"
"4","Trait5","mrMLM","PstI.TP629804","11","4422","-0.0145","0.2101","A"
"4","Trait5","mrMLM","PstI.TP629845","11","4423","-3.4022e-06","7e-04","A"
"4","Trait5","mrMLM","PstI.TP630010","11","4424","5.1432e-06","0.0011","C"
"4","Trait5","mrMLM","PstI.TP630572","11","4427","5.5709e-06","0.0012","A"
"4","Trait5","mrMLM","PstI.TP630673","11","4428","-2.9613e-05","0.0065","C"
"4","Trait5","mrMLM","PstI.TP631036","11","4430","1.1127e-06","2e-04","A"
"4","Trait5","mrMLM","PstI.TP631220","11","4431","0.0856","0.5298","G"
"4","Trait5","mrMLM","PstI.TP631239","11","4432","1.2585e-05","0.0027","C"
"4","Trait5","mrMLM","PstI.TP631320","11","4433","-0.0122","0.1822","C"
"4","Trait5","mrMLM","PstI.TP631330","11","4434","-1.1202e-07","2.4378e-05","C"
"4","Trait5","mrMLM","PstI.TP631697","11","4436","-1.1305e-06","2e-04","C"
"4","Trait5","mrMLM","PstI.TP631928","11","4437","0.0609","0.5944","C"
"4","Trait5","mrMLM","PstI.TP631937","11","4438","-8.2959e-07","2e-04","A"
"4","Trait5","mrMLM","PstI.TP631982","11","4439","-8.8677e-07","2e-04","C"
"4","Trait5","mrMLM","PstI.TP632245","11","4440","-0.0841","0.6166","A"
"4","Trait5","mrMLM","PstI.TP632573","11","4441","-2.2832e-05","0.005","A"
"4","Trait5","mrMLM","PstI.TP632675","11","4443","0.0046","0.085","A"
"4","Trait5","mrMLM","PstI.TP632681","11","4444","-8.9065e-06","0.0019","A"
"4","Trait5","mrMLM","PstI.TP632737","11","4445","1.216e-06","3e-04","A"
"4","Trait5","mrMLM","PstI.TP632774","11","4446","1.5653e-05","0.0034","C"
"4","Trait5","mrMLM","PstI.TP633008","11","4447","-1.2734e-05","0.0028","A"
"4","Trait5","mrMLM","PstI.TP633023","11","4448","-3.3476e-07","7.286e-05","A"
"4","Trait5","mrMLM","PstI.TP633145","11","4450","2.7168e-05","0.006","A"
"4","Trait5","mrMLM","PstI.TP633241","11","4451","-0.0743","0.7493","A"
"4","Trait5","mrMLM","PstI.TP633243","11","4452","-1.4243e-05","0.0031","A"
"4","Trait5","mrMLM","PstI.TP633324","11","4453","4.7367e-06","0.001","C"
"4","Trait5","mrMLM","PstI.TP633359","11","4454","-0.0669","0.3861","C"
"4","Trait5","mrMLM","PstI.TP633761","11","4457","-1.2907e-05","0.0028","C"
"4","Trait5","mrMLM","PstI.TP633862","11","4458","-0.0139","0.1969","A"
"4","Trait5","mrMLM","PstI.TP634405","11","4459","1.0126e-05","0.0022","A"
"4","Trait5","mrMLM","PstI.TP634544","11","4461","2.2984e-05","0.005","A"
"4","Trait5","mrMLM","PstI.TP634577","11","4463","-1.0767e-05","0.0023","C"
"4","Trait5","mrMLM","PstI.TP634699","11","4464","0.0649","0.4482","C"
"4","Trait5","mrMLM","PstI.TP635406","11","4468","0.1747","1.556","A"
"4","Trait5","mrMLM","PstI.TP635969","11","4469","-1.9101e-05","0.0042","A"
"4","Trait5","mrMLM","PstI.TP636093","11","4470","9.0923e-06","0.002","G"
"4","Trait5","mrMLM","PstI.TP636384","11","4471","-2.1608e-05","0.0047","A"
"4","Trait5","mrMLM","PstI.TP636457","11","4473","3.8242e-07","8.3229e-05","A"
"4","Trait5","mrMLM","PstI.TP636511","11","4474","-2.3381e-05","0.0051","C"
"4","Trait5","mrMLM","PstI.TP636784","11","4475","-1.025e-05","0.0022","C"
"4","Trait5","mrMLM","PstI.TP636805","11","4476","-1.5471e-05","0.0034","A"
"4","Trait5","mrMLM","PstI.TP637156","11","4477","-8.7042e-06","0.0019","A"
"4","Trait5","mrMLM","PstI.TP637221","11","4478","8.7024e-06","0.0019","A"
"4","Trait5","mrMLM","PstI.TP637242","11","4479","5.047e-06","0.0011","A"
"4","Trait5","mrMLM","PstI.TP637282","11","4480","2.8506e-05","0.0062","C"
"4","Trait5","mrMLM","PstI.TP637347","11","4481","-1.8038e-05","0.0039","A"
"4","Trait5","mrMLM","PstI.TP637641","11","4483","-1.0094e-05","0.0022","A"
"4","Trait5","mrMLM","PstI.TP638347","11","4486","-9.4524e-06","0.0021","A"
"4","Trait5","mrMLM","PstI.TP639108","11","4489","-5.782e-06","0.0013","A"
"4","Trait5","mrMLM","PstI.TP639199","11","4490","6.4069e-06","0.0014","A"
"4","Trait5","mrMLM","PstI.TP639494","11","4491","-0.0106","0.1847","C"
"4","Trait5","mrMLM","PstI.TP639955","11","4493","1.5822e-06","3e-04","C"
"4","Trait5","mrMLM","PstI.TP640205","11","4494","-0.1052","0.8192","A"
"4","Trait5","mrMLM","PstI.TP640416","11","4495","8.6174e-07","2e-04","A"
"4","Trait5","mrMLM","PstI.TP640446","11","4496","-1.9845e-06","4e-04","A"
"4","Trait5","mrMLM","PstI.TP640503","11","4497","1.6008e-05","0.0035","C"
"4","Trait5","mrMLM","PstI.TP640607","11","4498","0.0159","0.2577","A"
"4","Trait5","mrMLM","PstI.TP640879","11","4500","-0.05","0.4213","G"
"4","Trait5","mrMLM","PstI.TP640880","11","4501","-8.1646e-06","0.0018","G"
"4","Trait5","mrMLM","PstI.TP640933","11","4502","0.0337","0.3255","C"
"4","Trait5","mrMLM","PstI.TP640936","11","4503","0.0886","0.6458","A"
"4","Trait5","mrMLM","PstI.TP640983","11","4504","3.9847e-05","0.0088","C"
"4","Trait5","mrMLM","PstI.TP641067","11","4505","3.0602e-05","0.0067","A"
"4","Trait5","mrMLM","PstI.TP641433","11","4506","2.1771e-05","0.0048","C"
"4","Trait5","mrMLM","PstI.TP641518","11","4507","0.1017","0.8404","C"
"4","Trait5","mrMLM","PstI.TP641529","11","4508","1.6695e-05","0.0036","C"
"4","Trait5","mrMLM","PstI.TP641877","11","4509","2.4478e-05","0.0054","C"
"4","Trait5","mrMLM","PstI.TP642111","11","4511","1.5901e-05","0.0035","C"
"4","Trait5","mrMLM","PstI.TP642179","11","4512","-4.0911e-06","9e-04","A"
"4","Trait5","mrMLM","PstI.TP642281","11","4513","0.0137","0.1312","C"
"4","Trait5","mrMLM","PstI.TP642620","11","4514","2.5545e-05","0.0056","G"
"4","Trait5","mrMLM","PstI.TP642761","11","4516","-4.79e-07","1e-04","C"
"4","Trait5","mrMLM","PstI.TP642819","11","4517","0.0566","0.4108","C"
"4","Trait5","mrMLM","PstI.TP642834","11","4518","-6.6515e-06","0.0015","C"
"4","Trait5","mrMLM","PstI.TP642844","11","4519","0.0946","0.6788","G"
"4","Trait5","mrMLM","PstI.TP643059","11","4521","0.0359","0.1849","C"
"4","Trait5","mrMLM","PstI.TP643433","11","4524","-0.0408","0.4587","A"
"4","Trait5","mrMLM","PstI.TP643444","11","4525","-5.2464e-06","0.0011","A"
"4","Trait5","mrMLM","PstI.TP643562","11","4526","-9.4998e-06","0.0021","C"
"4","Trait5","mrMLM","PstI.TP643641","11","4527","-1.556e-05","0.0034","G"
"4","Trait5","mrMLM","PstI.TP643842","11","4529","-1.3929e-05","0.003","A"
"4","Trait5","mrMLM","PstI.TP643937","11","4530","-1.3555e-05","0.003","C"
"4","Trait5","mrMLM","PstI.TP644394","11","4531","-9.9484e-06","0.0022","G"
"4","Trait5","mrMLM","PstI.TP644437","11","4532","2.2966e-05","0.005","A"
"4","Trait5","mrMLM","PstI.TP644883","11","4534","0.0701","0.5178","G"
"4","Trait5","mrMLM","PstI.TP644930","11","4535","-0.018","0.2257","G"
"4","Trait5","mrMLM","PstI.TP644982","11","4536","-0.003","0.0933","A"
"4","Trait5","mrMLM","PstI.TP645080","11","4537","-0.1153","0.6274","C"
"4","Trait5","mrMLM","PstI.TP645172","11","4539","6.4634e-06","0.0014","A"
"4","Trait5","mrMLM","PstI.TP645285","11","4541","-1.2962e-05","0.0028","C"
"4","Trait5","mrMLM","PstI.TP645363","11","4542","1.6122e-06","4e-04","A"
"4","Trait5","mrMLM","PstI.TP645496","11","4544","0.0763","0.4096","C"
"4","Trait5","mrMLM","PstI.TP645502","11","4545","-7.143e-06","0.0016","A"
"4","Trait5","mrMLM","PstI.TP645574","11","4546","6.7362e-06","0.0015","C"
"4","Trait5","mrMLM","PstI.TP645700","11","4547","-7.0977e-06","0.0015","A"
"4","Trait5","mrMLM","PstI.TP645724","11","4548","7.2204e-06","0.0016","A"
"4","Trait5","mrMLM","PstI.TP645744","11","4549","3.4878e-05","0.0077","A"
"4","Trait5","mrMLM","PstI.TP645944","11","4550","0.1844","0.8411","A"
"4","Trait5","mrMLM","PstI.TP645987","11","4552","-1.1044e-05","0.0024","C"
"4","Trait5","mrMLM","PstI.TP645990","11","4553","0.0128","0.19","A"
"4","Trait5","mrMLM","PstI.TP646012","11","4554","-1.9691e-05","0.0043","G"
"4","Trait5","mrMLM","PstI.TP646574","11","4557","-8.2658e-06","0.0018","C"
"4","Trait5","mrMLM","PstI.TP646910","11","4558","0.2412","1.6327","C"
"4","Trait5","mrMLM","PstI.TP647118","11","4560","0.1833","1.2145","A"
"4","Trait5","mrMLM","PstI.TP647473","11","4561","-1.0724e-05","0.0023","A"
"4","Trait5","mrMLM","PstI.TP647499","11","4562","0.1247","0.8578","A"
"4","Trait5","mrMLM","PstI.TP647534","11","4563","8.2717e-06","0.0018","C"
"4","Trait5","mrMLM","PstI.TP647553","11","4564","0.0293","0.334","A"
"4","Trait5","mrMLM","PstI.TP647632","11","4565","-0.168","0.9672","A"
"4","Trait5","mrMLM","PstI.TP647717","11","4566","0.1242","1.5083","A"
"4","Trait5","mrMLM","PstI.TP647824","11","4567","0.06","0.7535","A"
"4","Trait5","mrMLM","PstI.TP647861","11","4568","2.228e-06","5e-04","C"
"4","Trait5","mrMLM","PstI.TP647908","11","4569","-1.1902e-05","0.0026","A"
"4","Trait5","mrMLM","PstI.TP648051","11","4570","-1.7169e-05","0.0038","A"
"4","Trait5","mrMLM","PstI.TP648083","11","4571","-5.0833e-06","0.0011","C"
"4","Trait5","mrMLM","PstI.TP648204","11","4573","-0.1177","0.6877","A"
"4","Trait5","mrMLM","PstI.TP648569","11","4574","-0.0385","0.2712","C"
"4","Trait5","mrMLM","PstI.TP648583","11","4575","0.1083","0.5605","C"
"4","Trait5","mrMLM","PstI.TP648632","11","4576","2.6701e-05","0.0059","C"
"4","Trait5","mrMLM","PstI.TP648679","11","4577","1.4617e-05","0.0032","C"
"4","Trait5","mrMLM","PstI.TP648846","11","4578","-0.0342","0.2953","A"
"4","Trait5","mrMLM","PstI.TP648892","11","4579","1.1276e-05","0.0025","C"
"4","Trait5","mrMLM","PstI.TP648992","11","4580","6.7022e-07","1e-04","A"
"4","Trait5","mrMLM","PstI.TP649010","11","4581","1.4446e-05","0.0032","C"
"4","Trait5","mrMLM","PstI.TP649149","11","4582","-2.4842e-05","0.0054","A"
"4","Trait5","mrMLM","PstI.TP649485","11","4583","-0.0287","0.1786","C"
"4","Trait5","mrMLM","PstI.TP649769","11","4584","1.4993e-05","0.0033","C"
"4","Trait5","mrMLM","PstI.TP650434","11","4587","-0.2693","1.681","C"
"4","Trait5","mrMLM","PstI.TP650599","11","4588","1.7725e-05","0.0039","G"
"4","Trait5","mrMLM","PstI.TP650759","11","4589","0.2105","1.8907","C"
"4","Trait5","mrMLM","PstI.TP651415","11","4591","-0.0537","0.3502","A"
"4","Trait5","mrMLM","PstI.TP651654","11","4592","1.9967e-05","0.0044","C"
"4","Trait5","mrMLM","PstI.TP651686","11","4593","0.0545","0.3122","G"
"4","Trait5","mrMLM","PstI.TP651762","11","4594","-8.0435e-06","0.0018","A"
"4","Trait5","mrMLM","PstI.TP651907","11","4596","-0.1359","1.1245","C"
"4","Trait5","mrMLM","PstI.TP651992","11","4597","1.333e-05","0.0029","C"
"4","Trait5","mrMLM","PstI.TP652161","11","4599","5.9672e-07","1e-04","C"
"4","Trait5","mrMLM","PstI.TP652190","11","4600","-1.1722e-06","3e-04","A"
"4","Trait5","mrMLM","PstI.TP652290","11","4601","1.4444e-05","0.0032","C"
"4","Trait5","mrMLM","PstI.TP652323","11","4602","-1.666e-05","0.0036","C"
"4","Trait5","mrMLM","PstI.TP652723","11","4603","-2.365e-05","0.0052","G"
"4","Trait5","mrMLM","PstI.TP652759","11","4604","1.8275e-06","4e-04","C"
"4","Trait5","mrMLM","PstI.TP653238","11","4605","4.2608e-07","9.2741e-05","A"
"4","Trait5","mrMLM","PstI.TP653791","11","4607","-0.0658","0.5035","C"
"4","Trait5","mrMLM","PstI.TP654162","11","4608","-5.0125e-06","0.0011","C"
"4","Trait5","mrMLM","PstI.TP654167","11","4609","-0.1687","0.8313","C"
"4","Trait5","mrMLM","PstI.TP656528","11","4611","5.718e-06","0.0012","A"
"4","Trait5","mrMLM","PstI.TP656559","11","4612","6.3259e-06","0.0014","A"
"4","Trait5","mrMLM","PstI.TP661073","11","4613","1.6339e-05","0.0036","C"
"4","Trait5","mrMLM","PstI.TP661173","11","4614","-2.9605e-06","6e-04","A"
"4","Trait5","mrMLM","PstI.TP661364","11","4615","4.3712e-07","9.5133e-05","A"
"4","Trait5","mrMLM","PstI.TP661430","11","4616","1.171e-05","0.0026","G"
"4","Trait5","mrMLM","PstI.TP662465","11","4621","1.3161e-05","0.0029","A"
"4","Trait5","mrMLM","PstI.TP662634","11","4622","-1.1869e-05","0.0026","A"
"4","Trait5","mrMLM","PstI.TP662651","11","4623","-1.294e-05","0.0028","A"
"4","Trait5","mrMLM","PstI.TP662789","11","4624","-1.5745e-05","0.0034","C"
"4","Trait5","mrMLM","PstI.TP662830","11","4625","-1.0479e-05","0.0023","C"
"4","Trait5","mrMLM","PstI.TP662876","11","4626","-1.2146e-08","2.6431e-06","C"
"4","Trait5","mrMLM","PstI.TP662975","11","4627","0.1515","0.7719","C"
"4","Trait5","mrMLM","PstI.TP662987","11","4628","0.0577","0.4559","C"
"4","Trait5","mrMLM","PstI.TP663014","11","4629","-9.8684e-06","0.0022","A"
"4","Trait5","mrMLM","PstI.TP663107","11","4630","0.0284","0.256","C"
"4","Trait5","mrMLM","PstI.TP663492","11","4631","-1.0793e-06","2e-04","A"
"4","Trait5","mrMLM","PstI.TP663815","11","4632","-0.0731","0.6259","C"
"4","Trait5","mrMLM","PstI.TP664215","11","4634","-0.0935","0.6686","C"
"4","Trait5","mrMLM","PstI.TP664355","11","4635","-0.1135","0.7202","A"
"4","Trait5","mrMLM","PstI.TP664543","11","4636","-0.0688","0.5683","C"
"4","Trait5","mrMLM","PstI.TP664847","11","4637","0.0998","0.4223","A"
"4","Trait5","mrMLM","PstI.TP666274","11","4641","-7.8699e-07","2e-04","G"
"4","Trait5","mrMLM","PstI.TP666677","11","4642","-0.1309","1.7595","G"
"4","Trait5","mrMLM","PstI.TP666982","11","4643","-1.6744e-05","0.0037","C"
"4","Trait5","mrMLM","PstI.TP667089","11","4644","-2.3372e-05","0.0051","A"
"4","Trait5","mrMLM","PstI.TP667202","11","4646","0.0454","0.5442","G"
"4","Trait5","mrMLM","PstI.TP667264","11","4647","-3.3133e-05","0.0073","C"
"4","Trait5","mrMLM","PstI.TP667509","11","4648","-1.0163e-05","0.0022","C"
"4","Trait5","mrMLM","PstI.TP667574","11","4649","-6.3689e-06","0.0014","C"
"4","Trait5","mrMLM","PstI.TP667910","11","4651","-4.9834e-06","0.0011","A"
"4","Trait5","mrMLM","PstI.TP668043","11","4652","-5.7609e-06","0.0013","A"
"4","Trait5","mrMLM","PstI.TP668118","11","4653","-4.6219e-06","0.001","C"
"4","Trait5","mrMLM","PstI.TP668337","11","4654","1.1031e-05","0.0024","A"
"4","Trait5","mrMLM","PstI.TP668393","11","4655","-3.4666e-06","8e-04","A"
"4","Trait5","mrMLM","PstI.TP668431","11","4656","7.6989e-06","0.0017","A"
"4","Trait5","mrMLM","PstI.TP668732","11","4657","-4.5913e-07","9.9927e-05","G"
"4","Trait5","mrMLM","PstI.TP669543","11","4661","0.0152","0.1941","C"
"4","Trait5","mrMLM","PstI.TP669547","11","4663","0.0245","0.2175","A"
"4","Trait5","mrMLM","PstI.TP669630","11","4665","-0.0014","0.0541","C"
"4","Trait5","mrMLM","PstI.TP670118","11","4668","7.4126e-06","0.0016","C"
"4","Trait5","mrMLM","PstI.TP670870","11","4670","-1.9988e-05","0.0044","A"
"4","Trait5","mrMLM","PstI.TP671428","11","4671","4.6737e-06","0.001","A"
"4","Trait5","mrMLM","PstI.TP671672","11","4672","-0.0126","0.1621","C"
"4","Trait5","mrMLM","PstI.TP671829","11","4673","1.1444e-05","0.0025","C"
"4","Trait5","mrMLM","PstI.TP673327","11","4677","-0.017","0.1435","A"
"4","Trait5","mrMLM","PstI.TP673652","11","4679","-0.2431","1.0899","A"
"4","Trait5","mrMLM","PstI.TP673783","11","4680","-8.5076e-06","0.0019","G"
"4","Trait5","mrMLM","PstI.TP674163","11","4681","-1.093e-05","0.0024","C"
"4","Trait5","mrMLM","PstI.TP674386","11","4684","-2.3435e-05","0.0051","C"
"4","Trait5","mrMLM","PstI.TP674424","11","4685","-0.012","0.179","A"
"4","Trait5","mrMLM","PstI.TP674472","11","4686","-3.0656e-05","0.0067","C"
"4","Trait5","mrMLM","PstI.TP674499","11","4687","0.0348","0.4115","C"
"4","Trait5","mrMLM","PstI.TP674882","11","4689","-3.7403e-06","8e-04","C"
"4","Trait5","mrMLM","PstI.TP675084","11","4690","1.8965e-05","0.0041","C"
"4","Trait5","mrMLM","PstI.TP675116","11","4691","-0.0446","0.4776","C"
"4","Trait5","mrMLM","PstI.TP675261","11","4692","-0.0979","0.748","C"
"4","Trait5","mrMLM","PstI.TP675307","11","4693","-0.0181","0.256","C"
"4","Trait5","mrMLM","PstI.TP675635","11","4694","6.8529e-06","0.0015","A"
"4","Trait5","mrMLM","PstI.TP675743","11","4695","0.0497","0.4522","A"
"4","Trait5","mrMLM","PstI.TP675802","11","4696","-1.8253e-05","0.004","A"
"4","Trait5","mrMLM","PstI.TP676041","11","4697","3.4094e-05","0.0075","G"
"4","Trait5","mrMLM","PstI.TP676572","11","4698","-7.6421e-07","2e-04","C"
"4","Trait5","mrMLM","PstI.TP676649","11","4699","-1.3812e-05","0.003","A"
"4","Trait5","mrMLM","PstI.TP676829","11","4700","-8.3026e-06","0.0018","C"
"4","Trait5","mrMLM","PstI.TP676837","11","4701","-0.0518","0.3328","C"
"4","Trait5","mrMLM","PstI.TP676888","11","4702","-3.6042e-05","0.0079","A"
"4","Trait5","mrMLM","PstI.TP677463","11","4705","0.1232","0.6409","C"
"4","Trait5","mrMLM","PstI.TP677490","11","4706","-2.6573e-06","6e-04","A"
"4","Trait5","mrMLM","PstI.TP677900","11","4708","0.0513","0.4104","C"
"4","Trait5","mrMLM","PstI.TP679407","11","4710","1.4209e-05","0.0031","A"
"4","Trait5","mrMLM","PstI.TP679776","11","4711","0.1975","1.1018","A"
"4","Trait5","mrMLM","PstI.TP679845","11","4712","4.2502e-06","9e-04","A"
"4","Trait5","mrMLM","PstI.TP680030","11","4714","1.208e-05","0.0026","C"
"4","Trait5","mrMLM","PstI.TP680562","11","4715","1.5397e-07","3.3517e-05","A"
"4","Trait5","mrMLM","PstI.TP680915","11","4717","-1.021e-05","0.0022","C"
"4","Trait5","mrMLM","PstI.TP680958","11","4718","2.0709e-05","0.0045","C"
"4","Trait5","mrMLM","PstI.TP681031","11","4719","9.3095e-06","0.002","G"
"4","Trait5","mrMLM","PstI.TP681216","11","4720","1.9219e-05","0.0042","A"
"4","Trait5","mrMLM","PstI.TP681258","11","4721","0.0226","0.245","C"
"4","Trait5","mrMLM","PstI.TP682076","11","4722","4.3405e-06","9e-04","C"
"4","Trait5","mrMLM","PstI.TP683077","11","4723","9.2957e-06","0.002","A"
"4","Trait5","mrMLM","PstI.TP683207","11","4724","-2.5235e-05","0.0055","C"
"4","Trait5","mrMLM","PstI.TP683345","11","4725","1.2174e-05","0.0027","G"
"4","Trait5","mrMLM","PstI.TP683502","11","4726","-9.0044e-06","0.002","C"
"4","Trait5","mrMLM","PstI.TP683530","11","4727","-1.1988e-05","0.0026","G"
"4","Trait5","mrMLM","PstI.TP683903","11","4730","-2.6406e-05","0.0058","A"
"4","Trait5","mrMLM","PstI.TP684381","11","4732","-0.2619","1.8401","A"
"4","Trait5","mrMLM","PstI.TP684409","11","4733","6.8209e-06","0.0015","A"
"4","Trait5","mrMLM","PstI.TP684509","11","4734","-1.8181e-05","0.004","A"
"4","Trait5","mrMLM","PstI.TP684592","11","4735","4.7224e-06","0.001","A"
"4","Trait5","mrMLM","PstI.TP684774","11","4736","2.3079e-05","0.0051","C"
"4","Trait5","mrMLM","PstI.TP685303","11","4738","-0.1722","0.935","A"
"4","Trait5","mrMLM","PstI.TP685319","11","4739","0.0311","0.3694","A"
"4","Trait5","mrMLM","PstI.TP685360","11","4740","-5.1259e-06","0.0011","C"
"4","Trait5","mrMLM","PstI.TP686087","11","4741","0.042","0.2923","G"
"4","Trait5","mrMLM","PstI.TP686182","11","4742","0.0548","0.4675","A"
"4","Trait5","mrMLM","PstI.TP686637","11","4743","-8.4804e-06","0.0018","C"
"4","Trait5","mrMLM","PstI.TP686828","11","4744","6.5516e-06","0.0014","A"
"4","Trait5","mrMLM","PstI.TP686847","11","4745","3.6213e-06","8e-04","C"
"4","Trait5","mrMLM","PstI.TP686856","11","4746","9.1835e-06","0.002","C"
"4","Trait5","mrMLM","PstI.TP687150","11","4748","-1.0271e-05","0.0022","C"
"4","Trait5","mrMLM","PstI.TP687247","11","4749","6.6648e-06","0.0015","G"
"4","Trait5","mrMLM","PstI.TP687364","11","4750","-0.0644","0.3952","C"
"4","Trait5","mrMLM","PstI.TP687504","11","4751","-1.7979e-05","0.0039","G"
"4","Trait5","mrMLM","PstI.TP687576","11","4752","-1.6549e-05","0.0036","C"
"4","Trait5","mrMLM","PstI.TP687765","11","4753","2.2303e-05","0.0049","C"
"4","Trait5","mrMLM","PstI.TP687894","11","4754","2.791e-06","6e-04","A"
"4","Trait5","mrMLM","PstI.TP688005","11","4755","-6.9309e-06","0.0015","A"
"4","Trait5","mrMLM","PstI.TP688053","11","4756","2.4173e-06","5e-04","C"
"4","Trait5","mrMLM","PstI.TP688240","11","4757","-0.0245","0.1783","A"
"4","Trait5","mrMLM","PstI.TP688265","11","4758","-0.129","0.6899","C"
"4","Trait5","mrMLM","PstI.TP688629","11","4759","8.5725e-06","0.0019","A"
"4","Trait5","mrMLM","PstI.TP688671","11","4760","1.9745e-05","0.0043","G"
"4","Trait5","mrMLM","PstI.TP688811","11","4761","-0.018","0.1625","A"
"4","Trait5","mrMLM","PstI.TP689039","11","4762","-2.5197e-05","0.0055","C"
"4","Trait5","mrMLM","PstI.TP689136","11","4763","-1.9641e-05","0.0043","C"
"4","Trait5","mrMLM","PstI.TP689241","11","4764","2.6869e-05","0.0059","G"
"4","Trait5","mrMLM","PstI.TP689267","11","4765","2.1466e-05","0.0047","C"
"4","Trait5","mrMLM","PstI.TP689331","11","4766","-0.0733","0.2848","A"
"4","Trait5","mrMLM","PstI.TP689339","11","4767","-0.0755","0.7075","C"
"4","Trait5","mrMLM","PstI.TP689492","11","4768","4.1311e-05","0.0091","C"
"4","Trait5","mrMLM","PstI.TP690066","11","4769","0.0164","0.2316","C"
"4","Trait5","mrMLM","PstI.TP690148","11","4770","-2.5645e-05","0.0056","A"
"4","Trait5","mrMLM","PstI.TP690511","11","4772","-1.1417e-05","0.0025","G"
"4","Trait5","mrMLM","PstI.TP690527","11","4773","0.1195","0.8526","A"
"4","Trait5","mrMLM","PstI.TP690591","11","4774","-1.492e-05","0.0033","C"
"4","Trait5","mrMLM","PstI.TP690712","11","4775","1.8101e-06","4e-04","A"
"4","Trait5","mrMLM","PstI.TP690791","11","4776","-0.0647","0.8171","C"
"4","Trait5","mrMLM","PstI.TP691048","11","4777","-1.4638e-05","0.0032","C"
"4","Trait5","mrMLM","PstI.TP691171","11","4778","1.1399e-05","0.0025","A"
"4","Trait5","mrMLM","PstI.TP691472","11","4780","1.1498e-05","0.0025","C"
"4","Trait5","mrMLM","PstI.TP691554","11","4781","-7.4138e-06","0.0016","A"
"4","Trait5","mrMLM","PstI.TP691668","11","4782","-0.1021","0.3822","G"
"4","Trait5","mrMLM","PstI.TP691691","11","4783","-2.6275e-05","0.0058","C"
"4","Trait5","mrMLM","PstI.TP691743","11","4784","-1.071e-05","0.0023","A"
"4","Trait5","mrMLM","PstI.TP691752","11","4785","-3.8767e-06","8e-04","C"
"4","Trait5","mrMLM","PstI.TP691761","11","4786","1.6141e-05","0.0035","A"
"4","Trait5","mrMLM","PstI.TP691817","11","4787","-0.1718","0.941","C"
"4","Trait5","mrMLM","PstI.TP691935","11","4789","-0.02","0.2372","C"
"4","Trait5","mrMLM","PstI.TP692048","11","4790","-4.2483e-07","9.2462e-05","C"
"4","Trait5","mrMLM","PstI.TP692191","11","4791","-0.0505","0.3254","C"
"4","Trait5","mrMLM","PstI.TP692195","11","4792","-3.5884e-05","0.0079","A"
"4","Trait5","mrMLM","PstI.TP692299","11","4794","0.0944","0.4731","A"
"4","Trait5","mrMLM","PstI.TP692394","11","4795","-8.6079e-06","0.0019","A"
"4","Trait5","mrMLM","PstI.TP692656","11","4799","7.2455e-06","0.0016","C"
"4","Trait5","mrMLM","PstI.TP692748","11","4800","-1.1371e-05","0.0025","A"
"4","Trait5","mrMLM","PstI.TP693190","11","4801","1.4886e-05","0.0033","A"
"4","Trait5","mrMLM","PstI.TP693329","11","4802","-1.1818e-05","0.0026","A"
"4","Trait5","mrMLM","PstI.TP693480","11","4803","3.5655e-07","7.7605e-05","G"
"4","Trait5","mrMLM","PstI.TP693499","11","4804","5.6929e-07","1e-04","A"
"4","Trait5","mrMLM","PstI.TP694315","11","4807","-1.088e-05","0.0024","C"
"4","Trait5","mrMLM","PstI.TP694479","11","4809","-4.4875e-06","0.001","C"
"4","Trait5","mrMLM","PstI.TP697077","11","4814","-9.1424e-06","0.002","A"
"4","Trait5","mrMLM","PstI.TP697231","11","4815","-8.048e-06","0.0018","C"
"4","Trait5","mrMLM","PstI.TP697263","11","4816","2.1334e-05","0.0047","A"
"4","Trait5","mrMLM","PstI.TP697467","11","4818","-5.8719e-06","0.0013","G"
"4","Trait5","mrMLM","PstI.TP697981","11","4819","-1.4497e-06","3e-04","G"
"4","Trait5","mrMLM","PstI.TP697993","11","4820","-2.7712e-05","0.0061","A"
"4","Trait5","mrMLM","PstI.TP698025","11","4821","1.9527e-06","4e-04","C"
"4","Trait5","mrMLM","PstI.TP698135","11","4822","-3.3517e-05","0.0074","A"
"4","Trait5","mrMLM","PstI.TP698154","11","4823","-1.7183e-05","0.0038","A"
"4","Trait5","mrMLM","PstI.TP698300","11","4824","5.6001e-06","0.0012","C"
"4","Trait5","mrMLM","PstI.TP698613","11","4826","-5.3888e-06","0.0012","A"
"4","Trait5","mrMLM","PstI.TP698636","11","4827","1.5935e-05","0.0035","A"
"4","Trait5","mrMLM","PstI.TP698805","11","4829","-0.0441","0.4988","C"
"4","Trait5","mrMLM","PstI.TP698835","11","4830","-0.0262","0.1825","C"
"4","Trait5","mrMLM","PstI.TP698941","11","4832","0.1812","0.6643","A"
"4","Trait5","mrMLM","PstI.TP698973","11","4833","0.2536","1.1461","A"
"4","Trait5","mrMLM","PstI.TP698977","11","4834","0.0097","0.1239","A"
"4","Trait5","mrMLM","PstI.TP698981","11","4835","-8.5593e-06","0.0019","A"
"4","Trait5","mrMLM","PstI.TP698994","11","4836","-2.2933e-05","0.005","C"
"4","Trait5","mrMLM","PstI.TP698997","11","4837","1.5236e-06","3e-04","C"
"4","Trait5","mrMLM","PstI.TP699506","11","4840","0.1026","0.4893","A"
"4","Trait5","mrMLM","PstI.TP699515","11","4841","0.1326","0.7695","A"
"4","Trait5","mrMLM","PstI.TP699747","11","4842","0.1514","0.9381","A"
"4","Trait5","mrMLM","PstI.TP699758","11","4843","0.2174","1.2333","A"
"4","Trait5","mrMLM","PstI.TP700039","11","4845","-0.0564","0.5248","A"
"4","Trait5","mrMLM","PstI.TP700315","11","4846","-1.2985e-05","0.0028","A"
"4","Trait5","mrMLM","PstI.TP700559","11","4847","-3.4957e-06","8e-04","A"
"4","Trait5","mrMLM","PstI.TP700730","11","4848","-2.7759e-05","0.0061","A"
"4","Trait5","mrMLM","PstI.TP700800","11","4849","3.1512e-05","0.0069","G"
"4","Trait5","mrMLM","PstI.TP700816","11","4850","-1.7454e-05","0.0038","C"
"4","Trait5","mrMLM","PstI.TP701035","11","4852","-1.2075e-05","0.0026","A"
"4","Trait5","mrMLM","PstI.TP701142","11","4853","-1.2602e-06","3e-04","C"
"4","Trait5","mrMLM","PstI.TP701234","11","4855","-1.939e-05","0.0042","A"
"4","Trait5","mrMLM","PstI.TP701473","11","4856","-1.1011e-05","0.0024","A"
"4","Trait5","mrMLM","PstI.TP701577","11","4858","5.1532e-07","1e-04","C"
"4","Trait5","mrMLM","PstI.TP701596","11","4859","-7.0229e-07","2e-04","A"
"4","Trait5","mrMLM","PstI.TP701610","11","4860","0.0282","0.3831","C"
"4","Trait5","mrMLM","PstI.TP701641","11","4862","2.764e-05","0.0061","G"
"4","Trait5","mrMLM","PstI.TP701699","11","4863","1.6855e-05","0.0037","A"
"4","Trait5","mrMLM","PstI.TP701806","11","4864","1.1107e-05","0.0024","A"
"4","Trait5","mrMLM","PstI.TP702115","11","4865","-1.3441e-05","0.0029","G"
"4","Trait5","mrMLM","PstI.TP702120","11","4866","-1.0531e-06","2e-04","A"
"4","Trait5","mrMLM","PstI.TP702483","11","4867","0.2489","0.8086","A"
"4","Trait5","mrMLM","PstI.TP702612","11","4868","0.0404","0.241","A"
"4","Trait5","mrMLM","PstI.TP702711","11","4869","-0.2257","1.4576","C"
"4","Trait5","mrMLM","PstI.TP702740","11","4870","-8.8964e-06","0.0019","A"
"4","Trait5","mrMLM","PstI.TP702922","11","4872","-0.0346","0.3175","A"
"4","Trait5","mrMLM","PstI.TP702968","11","4873","1.091e-05","0.0024","A"
"4","Trait5","mrMLM","PstI.TP703027","11","4874","-9.4927e-07","2e-04","A"
"4","Trait5","mrMLM","PstI.TP703425","11","4876","3.0179e-05","0.0066","A"
"4","Trait5","mrMLM","PstI.TP703594","11","4877","-0.2415","2.5815","C"
"4","Trait5","mrMLM","PstI.TP703889","11","4878","0.146","1.3725","A"
"4","Trait5","mrMLM","PstI.TP704563","11","4879","3.3143e-05","0.0073","C"
"4","Trait5","mrMLM","PstI.TP704615","11","4880","-0.0953","0.523","C"
"4","Trait5","mrMLM","PstI.TP704648","11","4881","-2.214e-06","5e-04","C"
"4","Trait5","mrMLM","PstI.TP704687","11","4882","-1.6231e-05","0.0035","C"
"4","Trait5","mrMLM","PstI.TP704818","11","4883","-1.5734e-06","3e-04","C"
"4","Trait5","mrMLM","PstI.TP704895","11","4884","-1.1206e-06","2e-04","A"
"4","Trait5","mrMLM","PstI.TP705125","11","4885","3.6983e-07","8.0488e-05","A"
"4","Trait5","mrMLM","PstI.TP705137","11","4886","-0.061","0.5071","A"
"4","Trait5","mrMLM","PstI.TP705353","11","4887","-1.4089e-05","0.0031","A"
"4","Trait5","mrMLM","PstI.TP705377","11","4888","-0.0658","0.6712","C"
"4","Trait5","mrMLM","PstI.TP705948","11","4890","-7.3014e-06","0.0016","A"
"4","Trait5","mrMLM","PstI.TP705958","11","4891","0.1633","1.6093","C"
"4","Trait5","mrMLM","PstI.TP706026","11","4892","7.8213e-07","2e-04","C"
"4","Trait5","mrMLM","PstI.TP706281","11","4894","-8.7894e-06","0.0019","A"
"4","Trait5","mrMLM","PstI.TP706401","11","4895","-1.1101e-05","0.0024","A"
"4","Trait5","mrMLM","PstI.TP706415","11","4896","1.1395e-05","0.0025","A"
"4","Trait5","mrMLM","PstI.TP706451","11","4897","0.0954","0.518","C"
"4","Trait5","mrMLM","PstI.TP706596","11","4898","-0.0181","0.2391","A"
"4","Trait5","mrMLM","PstI.TP706666","11","4900","-0.123","0.789","C"
"4","Trait5","mrMLM","PstI.TP706687","11","4901","-9.3914e-06","0.002","A"
"4","Trait5","mrMLM","PstI.TP707014","11","4902","3.8771e-05","0.0085","C"
"4","Trait5","mrMLM","PstI.TP707547","11","4904","2.7501e-05","0.006","C"
"4","Trait5","mrMLM","PstI.TP707700","11","4905","3.1196e-05","0.0068","A"
"4","Trait5","mrMLM","PstI.TP707947","11","4908","-1.5345e-05","0.0034","C"
"4","Trait5","mrMLM","PstI.TP708407","11","4909","3.6764e-05","0.0081","A"
"4","Trait5","mrMLM","PstI.TP708473","11","4910","4.9658e-06","0.0011","C"
"4","Trait5","mrMLM","PstI.TP708504","11","4911","2.3457e-05","0.0051","A"
"4","Trait5","mrMLM","PstI.TP708524","11","4912","-0.1989","1.1865","C"
"4","Trait5","mrMLM","PstI.TP708548","11","4913","-2.1463e-05","0.0047","A"
"4","Trait5","mrMLM","PstI.TP708580","11","4914","-0.0612","0.3038","C"
"4","Trait5","mrMLM","PstI.TP708745","11","4915","2.0317e-05","0.0044","C"
"4","Trait5","mrMLM","PstI.TP709029","11","4916","-6.5034e-06","0.0014","G"
"4","Trait5","mrMLM","PstI.TP709060","11","4917","-4.1612e-06","9e-04","A"
"4","Trait5","mrMLM","PstI.TP709086","11","4918","-2.8641e-06","6e-04","C"
"4","Trait5","mrMLM","PstI.TP709097","11","4919","-0.1092","0.7894","A"
"4","Trait5","mrMLM","PstI.TP709310","11","4920","-3.0263e-06","7e-04","C"
"4","Trait5","mrMLM","PstI.TP709313","11","4921","-9.8632e-06","0.0022","C"
"4","Trait5","mrMLM","PstI.TP709752","11","4923","3.7232e-05","0.0082","A"
"4","Trait5","mrMLM","PstI.TP710226","11","4924","-2.5489e-05","0.0056","A"
"4","Trait5","mrMLM","PstI.TP710614","11","4925","-2.3423e-06","5e-04","C"
"4","Trait5","mrMLM","PstI.TP710823","11","4927","0.0231","0.3222","C"
"4","Trait5","mrMLM","PstI.TP711286","11","4928","2.5058e-05","0.0055","C"
"4","Trait5","mrMLM","PstI.TP711670","11","4929","1.0497e-06","2e-04","A"
"4","Trait5","mrMLM","PstI.TP712352","11","4930","-4.5905e-06","0.001","C"
"4","Trait5","mrMLM","PstI.TP712711","11","4932","7.2323e-06","0.0016","A"
"4","Trait5","mrMLM","PstI.TP712774","11","4933","1.682e-05","0.0037","A"
"4","Trait5","mrMLM","PstI.TP712883","11","4934","-0.1125","1.0173","C"
"4","Trait5","mrMLM","PstI.TP712963","11","4936","-0.0639","0.7112","C"
"4","Trait5","mrMLM","PstI.TP713037","11","4937","-0.2017","0.6639","C"
"4","Trait5","mrMLM","PstI.TP713465","11","4939","2.4757e-06","5e-04","A"
"4","Trait5","mrMLM","PstI.TP714149","11","4941","-2.9297e-06","6e-04","C"
"4","Trait5","mrMLM","PstI.TP714290","11","4942","0.083","1.0368","C"
"4","Trait5","mrMLM","PstI.TP714416","11","4943","0.0943","1.2074","A"
"4","Trait5","mrMLM","PstI.TP715191","11","4947","1.6907e-05","0.0037","C"
"4","Trait5","mrMLM","PstI.TP715527","11","4949","6.1032e-06","0.0013","G"
"4","Trait5","mrMLM","PstI.TP715640","11","4950","0.0365","0.2127","A"
"4","Trait5","mrMLM","PstI.TP715984","11","4951","1.2718e-05","0.0028","C"
"4","Trait5","mrMLM","PstI.TP716120","11","4952","2.0275e-05","0.0044","C"
"4","Trait5","mrMLM","PstI.TP716541","11","4955","-7.7466e-06","0.0017","A"
"4","Trait5","mrMLM","PstI.TP716553","11","4956","2.8779e-07","6.2643e-05","A"
"4","Trait5","mrMLM","PstI.TP716571","11","4957","-1.3396e-05","0.0029","G"
"4","Trait5","mrMLM","PstI.TP716669","11","4958","-9.8554e-06","0.0022","A"
"4","Trait5","mrMLM","PstI.TP718192","11","4959","0.1416","0.8649","C"
"4","Trait5","mrMLM","PstI.TP718215","11","4961","2.699e-05","0.0059","A"
"4","Trait5","mrMLM","PstI.TP718243","11","4962","-8.6241e-06","0.0019","A"
"4","Trait5","mrMLM","PstI.TP718438","11","4963","5.8787e-06","0.0013","C"
"4","Trait5","mrMLM","PstI.TP718528","11","4964","-3.9111e-05","0.0086","C"
"4","Trait5","mrMLM","PstI.TP718552","11","4965","0.0304","0.1973","A"
"4","Trait5","mrMLM","PstI.TP718792","11","4966","-7.0419e-07","2e-04","C"
"4","Trait5","mrMLM","PstI.TP718840","11","4967","2.8103e-05","0.0062","A"
"4","Trait5","mrMLM","PstI.TP719262","11","4968","0.0864","0.9182","C"
"4","Trait5","mrMLM","PstI.TP719742","11","4969","0.0105","0.1521","A"
"4","Trait5","mrMLM","PstI.TP719900","11","4970","-0.071","0.3316","C"
"4","Trait5","mrMLM","PstI.TP719928","11","4971","-1.6575e-05","0.0036","C"
"4","Trait5","mrMLM","PstI.TP720017","11","4972","-1.141e-05","0.0025","G"
"4","Trait5","mrMLM","PstI.TP720110","11","4973","3.7146e-05","0.0082","A"
"4","Trait5","mrMLM","PstI.TP720214","11","4974","0.157","0.8376","C"
"4","Trait5","mrMLM","PstI.TP720229","11","4975","1.4401e-06","3e-04","A"
"4","Trait5","mrMLM","PstI.TP720296","11","4976","-3.5998e-06","8e-04","C"
"4","Trait5","mrMLM","PstI.TP720502","11","4977","-0.0356","0.3326","C"
"4","Trait5","mrMLM","PstI.TP720591","11","4978","-1.9127e-05","0.0042","C"
"4","Trait5","mrMLM","PstI.TP720765","11","4979","0.1593","0.7279","G"
"4","Trait5","mrMLM","PstI.TP720767","11","4980","6.8132e-06","0.0015","C"
"4","Trait5","mrMLM","PstI.TP720893","11","4981","0.1181","0.7881","A"
"4","Trait5","mrMLM","PstI.TP720919","11","4982","1.0311e-05","0.0023","A"
"4","Trait5","mrMLM","PstI.TP721525","11","4984","-2.8689e-05","0.0063","C"
"4","Trait5","mrMLM","PstI.TP721585","11","4985","-5e-04","0.0249","C"
"4","Trait5","mrMLM","PstI.TP722033","11","4987","-2.2165e-06","5e-04","C"
"4","Trait5","mrMLM","PstI.TP723433","11","4990","-2.7655e-05","0.0061","A"
"4","Trait5","mrMLM","PstI.TP723452","11","4991","3.2399e-05","0.0071","C"
"4","Trait5","mrMLM","PstI.TP723526","11","4992","-1.1658e-05","0.0025","A"
"4","Trait5","mrMLM","PstI.TP723584","11","4994","1.8982e-05","0.0042","A"
"4","Trait5","mrMLM","PstI.TP724007","11","4995","1.6987e-05","0.0037","A"
"4","Trait5","mrMLM","PstI.TP724056","11","4996","3.4634e-05","0.0076","G"
"4","Trait5","mrMLM","PstI.TP724158","11","4997","4.6421e-06","0.001","C"
"4","Trait5","mrMLM","PstI.TP724187","11","4998","-0.2214","1.0368","A"
"4","Trait5","mrMLM","PstI.TP724300","11","4999","-1.6815e-05","0.0037","A"
"4","Trait5","mrMLM","PstI.TP724399","11","5000","-2.0904e-05","0.0046","C"
"4","Trait5","mrMLM","PstI.TP724436","11","5001","-1.785e-05","0.0039","C"
"4","Trait5","mrMLM","PstI.TP724444","11","5002","-0.0191","0.2242","C"
"4","Trait5","mrMLM","PstI.TP724562","11","5003","-1.3125e-05","0.0029","A"
"4","Trait5","mrMLM","PstI.TP724567","11","5004","7.9849e-06","0.0017","G"
"4","Trait5","mrMLM","PstI.TP724677","11","5005","1.9656e-05","0.0043","A"
"4","Trait5","mrMLM","PstI.TP724701","11","5006","0.0565","0.5526","C"
"4","Trait5","mrMLM","PstI.TP725955","11","5010","0.0432","0.4618","C"
"4","Trait5","mrMLM","PstI.TP725975","11","5011","1.3294e-05","0.0029","C"
"4","Trait5","mrMLM","PstI.TP726235","11","5012","-1.1058e-05","0.0024","C"
"4","Trait5","mrMLM","PstI.TP726297","11","5013","0.107","0.6522","C"
"4","Trait5","mrMLM","PstI.TP726864","11","5014","-0.022","0.2864","C"
"4","Trait5","mrMLM","PstI.TP727316","11","5015","1.1729e-05","0.0026","A"
"4","Trait5","mrMLM","PstI.TP727464","11","5016","5.1082e-06","0.0011","A"
"4","Trait5","mrMLM","PstI.TP727468","11","5017","1.934e-05","0.0042","G"
"4","Trait5","mrMLM","PstI.TP727839","11","5019","-4.002e-06","9e-04","G"
"4","Trait5","mrMLM","PstI.TP727994","11","5020","-3.9126e-05","0.0086","C"
"4","Trait5","mrMLM","PstI.TP728020","11","5021","4.2696e-06","9e-04","C"
"4","Trait5","mrMLM","PstI.TP728082","11","5022","6.0151e-06","0.0013","C"
"4","Trait5","mrMLM","PstI.TP728330","11","5023","-3.5755e-05","0.0079","C"
"4","Trait5","mrMLM","PstI.TP728365","11","5024","-2.3442e-05","0.0051","A"
"4","Trait5","mrMLM","PstI.TP729285","11","5025","4.9816e-06","0.0011","C"
"4","Trait5","mrMLM","PstI.TP729343","11","5026","3.6284e-06","8e-04","C"
"4","Trait5","mrMLM","PstI.TP729511","11","5027","0.0964","0.7579","C"
"4","Trait5","mrMLM","PstI.TP729894","11","5029","1.1323e-07","2.4642e-05","A"
"4","Trait5","mrMLM","PstI.TP730168","11","5030","-0.0525","0.3161","A"
"4","Trait5","mrMLM","PstI.TP730365","11","5031","-1.783e-05","0.0039","G"
"4","Trait5","mrMLM","PstI.TP730410","11","5032","1.3537e-05","0.003","C"
"4","Trait5","mrMLM","PstI.TP730438","11","5033","1.8894e-05","0.0041","A"
"4","Trait5","mrMLM","PstI.TP730477","11","5034","-6.0878e-06","0.0013","G"
"4","Trait5","mrMLM","PstI.TP730687","11","5036","-1.2913e-05","0.0028","A"
"4","Trait5","mrMLM","PstI.TP730976","11","5037","-0.1401","1.2517","A"
"4","Trait5","mrMLM","PstI.TP731067","11","5038","1.1206e-05","0.0024","C"
"4","Trait5","mrMLM","PstI.TP731126","11","5039","1.0406e-05","0.0023","G"
"4","Trait5","mrMLM","PstI.TP731286","11","5040","-2.3626e-06","5e-04","A"
"4","Trait5","mrMLM","PstI.TP731332","11","5041","-3.205e-05","0.007","A"
"4","Trait5","mrMLM","PstI.TP731425","11","5043","1.1119e-05","0.0024","C"
"4","Trait5","mrMLM","PstI.TP731477","11","5044","-0.2631","1.7823","A"
"4","Trait5","mrMLM","PstI.TP731608","11","5045","2.25e-05","0.0049","A"
"4","Trait5","mrMLM","PstI.TP731949","11","5046","-0.0836","1.0266","A"
"4","Trait5","mrMLM","PstI.TP731968","11","5047","-9.4971e-07","2e-04","A"
"4","Trait5","mrMLM","PstI.TP732014","11","5048","1.679e-05","0.0037","A"
"4","Trait5","mrMLM","PstI.TP732544","11","5049","0.0842","1.0375","A"
"4","Trait5","mrMLM","PstI.TP732599","11","5050","-0.0767","0.687","G"
"4","Trait5","mrMLM","PstI.TP732707","11","5051","-1.6016e-05","0.0035","A"
"4","Trait5","mrMLM","PstI.TP732951","11","5054","-2.2009e-05","0.0048","A"
"4","Trait5","mrMLM","PstI.TP732959","11","5055","2.809e-06","6e-04","A"
"4","Trait5","mrMLM","PstI.TP733086","11","5056","0.0199","0.3019","C"
"4","Trait5","mrMLM","PstI.TP733089","11","5057","-2.2914e-05","0.005","C"
"4","Trait5","mrMLM","PstI.TP733316","11","5058","0.1131","0.6753","A"
"4","Trait5","mrMLM","PstI.TP733510","11","5059","-1.2179e-05","0.0027","A"
"4","Trait5","mrMLM","PstI.TP733607","11","5060","-2.9298e-05","0.0064","A"
"4","Trait5","mrMLM","PstI.TP733771","11","5061","0.2483","1.6822","A"
"4","Trait5","mrMLM","PstI.TP733958","11","5062","-7.7538e-06","0.0017","C"
"4","Trait5","mrMLM","PstI.TP734725","11","5065","9.8762e-06","0.0022","C"
"4","Trait5","mrMLM","PstI.TP734808","11","5067","-8e-04","0.0353","A"
"4","Trait5","mrMLM","PstI.TP734880","11","5068","-6.2882e-06","0.0014","A"
"4","Trait5","mrMLM","PstI.TP735086","11","5069","-1.3054e-05","0.0029","A"
"4","Trait5","mrMLM","PstI.TP735421","11","5070","1.5815e-05","0.0035","A"
"4","Trait5","mrMLM","PstI.TP735474","11","5071","3.0525e-05","0.0067","C"
"4","Trait5","mrMLM","PstI.TP735528","11","5072","3.2198e-06","7e-04","A"
"4","Trait5","mrMLM","PstI.TP735554","11","5073","1.9928e-05","0.0044","G"
"4","Trait5","mrMLM","PstI.TP735727","11","5074","1.9509e-05","0.0043","A"
"4","Trait5","mrMLM","PstI.TP735757","11","5075","-2.9334e-05","0.0064","A"
"4","Trait5","mrMLM","PstI.TP736106","11","5078","0.1241","0.8543","C"
"4","Trait5","mrMLM","PstI.TP736128","11","5079","1.5603e-05","0.0034","C"
"4","Trait5","mrMLM","PstI.TP736378","11","5082","0.0219","0.2605","C"
"4","Trait5","mrMLM","PstI.TP736465","11","5084","-2.177e-05","0.0048","A"
"4","Trait5","mrMLM","PstI.TP736501","11","5085","-2.2384e-05","0.0049","C"
"4","Trait5","mrMLM","PstI.TP736678","11","5087","2.6984e-05","0.0059","A"
"4","Trait5","mrMLM","PstI.TP736729","11","5088","-1.7643e-05","0.0039","C"
"4","Trait5","mrMLM","PstI.TP736894","11","5089","9.3808e-06","0.002","A"
"4","Trait5","mrMLM","PstI.TP736975","11","5091","2.9475e-06","6e-04","A"
"4","Trait5","mrMLM","PstI.TP737431","11","5092","0.0401","0.3124","A"
"4","Trait5","mrMLM","PstI.TP737746","11","5095","-1.0066e-05","0.0022","C"
"4","Trait5","mrMLM","PstI.TP737962","11","5096","0.163","2.2698","C"
"4","Trait5","mrMLM","PstI.TP738688","11","5098","-2.2095e-05","0.0048","C"
"4","Trait5","mrMLM","PstI.TP738822","11","5099","-0.0512","0.4078","A"
"4","Trait5","mrMLM","PstI.TP739117","11","5100","-0.0106","0.1534","C"
"4","Trait5","mrMLM","PstI.TP739179","11","5101","-0.2806","1.7918","A"
"4","Trait5","mrMLM","PstI.TP739202","11","5102","-0.1498","1.1483","A"
"4","Trait5","mrMLM","PstI.TP739206","11","5103","-0.0454","0.2528","C"
"4","Trait5","mrMLM","PstI.TP739620","11","5105","1.9046e-05","0.0042","C"
"4","Trait5","mrMLM","PstI.TP739746","11","5106","0.0372","0.3016","A"
"4","Trait5","mrMLM","PstI.TP740119","11","5107","-8.7647e-06","0.0019","C"
"4","Trait5","mrMLM","PstI.TP740138","11","5109","-0.0122","0.1197","A"
"4","Trait5","mrMLM","PstI.TP740326","11","5110","2.6763e-05","0.0059","A"
"4","Trait5","mrMLM","PstI.TP740473","11","5111","-3.8847e-06","8e-04","A"
"4","Trait5","mrMLM","PstI.TP740583","11","5112","1.6356e-05","0.0036","C"
"4","Trait5","mrMLM","PstI.TP740638","11","5113","-2.3822e-05","0.0052","A"
"4","Trait5","mrMLM","PstI.TP740664","11","5114","2.8558e-05","0.0063","C"
"4","Trait5","mrMLM","PstI.TP740679","11","5115","0.0384","0.4648","C"
"4","Trait5","mrMLM","PstI.TP740983","11","5116","-0.0583","0.3727","A"
"4","Trait5","mrMLM","PstI.TP740984","11","5117","1.9333e-05","0.0042","A"
"4","Trait5","mrMLM","PstI.TP741039","11","5118","-6.9767e-06","0.0015","A"
"4","Trait5","mrMLM","PstI.TP741500","11","5120","-0.148","0.578","C"
"4","Trait5","mrMLM","PstI.TP741672","11","5123","-3.1535e-05","0.0069","C"
"4","Trait5","mrMLM","PstI.TP741725","11","5125","9.917e-06","0.0022","A"
"4","Trait5","mrMLM","PstI.TP741889","11","5126","9.7484e-06","0.0021","C"
"4","Trait5","mrMLM","PstI.TP742004","11","5127","0.0886","0.9268","G"
"4","Trait5","mrMLM","PstI.TP742174","11","5128","-1.4857e-05","0.0032","A"
"4","Trait5","mrMLM","PstI.TP742360","11","5129","-6.3352e-06","0.0014","A"
"4","Trait5","mrMLM","PstI.TP742374","11","5130","-0.1757","0.6782","C"
"4","Trait5","mrMLM","PstI.TP742631","11","5131","-9.163e-07","2e-04","C"
"4","Trait5","mrMLM","PstI.TP742974","11","5132","-2.7766e-05","0.0061","C"
"4","Trait5","mrMLM","PstI.TP743263","11","5133","1.1271e-05","0.0025","C"
"4","Trait5","mrMLM","PstI.TP743317","11","5134","1.0032e-05","0.0022","A"
"4","Trait5","mrMLM","PstI.TP743474","11","5135","-0.0776","0.8614","A"
"4","Trait5","mrMLM","PstI.TP743566","11","5137","2.7935e-05","0.0061","C"
"4","Trait5","mrMLM","PstI.TP743589","11","5138","-0.0459","0.541","C"
"4","Trait5","mrMLM","PstI.TP744880","11","5139","8.7713e-06","0.0019","A"
"4","Trait5","mrMLM","PstI.TP744920","11","5140","0.5106","2.1396","A"
"4","Trait5","mrMLM","PstI.TP744959","11","5141","1.4661e-05","0.0032","C"
"4","Trait5","mrMLM","PstI.TP744999","11","5142","2.2747e-05","0.005","A"
"4","Trait5","mrMLM","PstI.TP745101","11","5143","0.0077","0.1208","A"
"4","Trait5","mrMLM","PstI.TP745177","11","5144","-0.1727","0.7606","A"
"4","Trait5","mrMLM","PstI.TP745331","11","5146","9.8001e-06","0.0021","G"
"4","Trait5","mrMLM","PstI.TP745710","11","5150","3.1462e-05","0.0069","C"
"4","Trait5","mrMLM","PstI.TP745929","11","5151","3.7609e-06","8e-04","C"
"4","Trait5","mrMLM","PstI.TP745952","11","5152","5.5449e-06","0.0012","A"
"4","Trait5","mrMLM","PstI.TP746004","11","5153","0.0345","0.4552","A"
"4","Trait5","mrMLM","PstI.TP746042","11","5154","-5.9634e-07","1e-04","A"
"4","Trait5","mrMLM","PstI.TP746184","11","5155","-2.4466e-05","0.0054","A"
"4","Trait5","mrMLM","PstI.TP746189","11","5156","2.2846e-05","0.005","C"
"4","Trait5","mrMLM","PstI.TP746279","11","5157","1.3476e-05","0.0029","A"
"4","Trait5","mrMLM","PstI.TP746433","11","5158","0.0861","0.4032","G"
"4","Trait5","mrMLM","PstI.TP746821","11","5159","-2.0394e-05","0.0045","G"
"4","Trait5","mrMLM","PstI.TP746834","11","5160","-0.0804","0.8185","C"
"4","Trait5","mrMLM","PstI.TP746902","11","5161","-4.9731e-06","0.0011","A"
"4","Trait5","mrMLM","PstI.TP747417","11","5163","-1.367e-05","0.003","C"
"4","Trait5","mrMLM","PstI.TP747659","11","5164","-1.884e-06","4e-04","C"
"4","Trait5","mrMLM","PstI.TP747907","11","5165","-0.0118","0.1922","A"
"4","Trait5","mrMLM","PstI.TP747917","11","5166","4.4517e-06","0.001","A"
"4","Trait5","mrMLM","PstI.TP747990","11","5167","1.4707e-05","0.0032","C"
"4","Trait5","mrMLM","PstI.TP748134","11","5169","1.2226e-05","0.0027","C"
"4","Trait5","mrMLM","PstI.TP748172","11","5170","-3.1961e-06","7e-04","A"
"4","Trait5","mrMLM","PstI.TP748187","11","5171","2.3748e-05","0.0052","C"
"4","Trait5","mrMLM","PstI.TP748278","11","5172","-7.1579e-06","0.0016","G"
"4","Trait5","mrMLM","PstI.TP748286","11","5173","-1.1308e-05","0.0025","A"
"4","Trait5","mrMLM","PstI.TP748445","11","5174","-6.9053e-06","0.0015","A"
"4","Trait5","mrMLM","PstI.TP748481","11","5175","-1.0051e-05","0.0022","C"
"4","Trait5","mrMLM","PstI.TP748540","11","5176","0.1066","0.8491","A"
"4","Trait5","mrMLM","PstI.TP748874","11","5177","-0.1831","1.3112","A"
"4","Trait5","mrMLM","PstI.TP748919","11","5178","0.0513","0.349","A"
"4","Trait5","mrMLM","PstI.TP749153","11","5180","-3.0982e-05","0.0068","A"
"4","Trait5","mrMLM","PstI.TP749183","11","5181","1.4469e-05","0.0032","A"
"4","Trait5","mrMLM","PstI.TP749918","11","5182","0.1718","1.2018","A"
"4","Trait5","mrMLM","PstI.TP749968","11","5184","0.0659","0.8074","A"
"4","Trait5","mrMLM","PstI.TP750047","11","5185","-5.786e-06","0.0013","C"
"4","Trait5","mrMLM","PstI.TP750394","11","5187","-6.7486e-06","0.0015","G"
"4","Trait5","mrMLM","PstI.TP750399","11","5188","-1.0914e-05","0.0024","A"
"4","Trait5","mrMLM","PstI.TP750432","11","5189","-5.5181e-06","0.0012","A"
"4","Trait5","mrMLM","PstI.TP750520","11","5190","2.6292e-06","6e-04","C"
"4","Trait5","mrMLM","PstI.TP750926","11","5191","7.4515e-06","0.0016","A"
"4","Trait5","mrMLM","PstI.TP750988","11","5192","2.4269e-05","0.0053","A"
"4","Trait5","mrMLM","PstI.TP751026","11","5193","0.0396","0.509","C"
"4","Trait5","mrMLM","PstI.TP751201","11","5194","-0.0699","0.6588","A"
"4","Trait5","mrMLM","PstI.TP751437","11","5195","6.4529e-06","0.0014","G"
"4","Trait5","mrMLM","PstI.TP751870","11","5196","0.1311","0.5581","G"
"4","Trait5","mrMLM","PstI.TP752309","11","5197","-2.2809e-05","0.005","C"
"4","Trait5","mrMLM","PstI.TP752615","11","5198","9.947e-06","0.0022","A"
"4","Trait5","mrMLM","PstI.TP753183","11","5199","-3.4881e-05","0.0077","A"
"4","Trait5","mrMLM","PstI.TP753727","11","5201","3.6176e-05","0.0079","C"
"4","Trait5","mrMLM","PstI.TP753775","11","5202","-2.8374e-05","0.0062","C"
"4","Trait5","mrMLM","PstI.TP753879","11","5203","-2.7337e-06","6e-04","G"
"4","Trait5","mrMLM","PstI.TP754021","11","5204","1.294e-05","0.0028","G"
"4","Trait5","mrMLM","PstI.TP754221","11","5205","0.1956","0.7707","C"
"4","Trait5","mrMLM","PstI.TP754254","11","5206","-0.1563","0.7898","C"
"4","Trait5","mrMLM","PstI.TP754708","11","5207","3.585e-06","8e-04","A"
"4","Trait5","mrMLM","PstI.TP754972","11","5209","-0.0128","0.2067","A"
"4","Trait5","mrMLM","PstI.TP755087","11","5210","-0.1868","0.6496","A"
"4","Trait5","mrMLM","PstI.TP755453","11","5212","-5.2602e-06","0.0011","A"
"4","Trait5","mrMLM","PstI.TP755492","11","5213","-2.4504e-06","5e-04","C"
"4","Trait5","mrMLM","PstI.TP755613","11","5215","-1.1899e-05","0.0026","C"
"4","Trait5","mrMLM","PstI.TP755615","11","5216","0.0607","0.3832","A"
"4","Trait5","mrMLM","PstI.TP755646","11","5218","0.0246","0.2501","C"
"4","Trait5","mrMLM","PstI.TP755790","11","5219","-1.2444e-05","0.0027","C"
"4","Trait5","mrMLM","PstI.TP755840","11","5220","-2.8461e-05","0.0062","A"
"4","Trait5","mrMLM","PstI.TP755963","11","5221","-4.308e-06","9e-04","C"
"4","Trait5","mrMLM","PstI.TP756164","11","5222","0.0742","1.0616","A"
"4","Trait5","mrMLM","PstI.TP756240","11","5223","0.088","0.6253","C"
"4","Trait5","mrMLM","PstI.TP756298","11","5224","3.9653e-05","0.0087","C"
"4","Trait5","mrMLM","PstI.TP756404","11","5225","-2.6075e-05","0.0057","A"
"4","Trait5","mrMLM","PstI.TP756530","11","5226","1.6457e-05","0.0036","C"
"4","Trait5","mrMLM","PstI.TP757402","11","5228","-3.7893e-05","0.0083","C"
"4","Trait5","mrMLM","PstI.TP757560","11","5229","1.1148e-05","0.0024","C"
"4","Trait5","mrMLM","PstI.TP757711","11","5230","-1.8832e-05","0.0041","C"
"4","Trait5","mrMLM","PstI.TP758091","11","5231","-0.2582","2.4585","A"
"4","Trait5","mrMLM","PstI.TP758191","11","5232","-3.7325e-06","8e-04","C"
"4","Trait5","mrMLM","PstI.TP758288","11","5234","0.1487","1.1225","C"
"4","Trait5","mrMLM","PstI.TP758494","11","5236","3.7412e-06","8e-04","A"
"4","Trait5","mrMLM","PstI.TP758591","11","5237","-0.0165","0.1719","A"
"4","Trait5","mrMLM","PstI.TP758596","11","5238","-2.4819e-06","5e-04","C"
"4","Trait5","mrMLM","PstI.TP758624","11","5239","-1.8883e-05","0.0041","C"
"4","Trait5","mrMLM","PstI.TP758835","11","5240","-7.3567e-06","0.0016","A"
"4","Trait5","mrMLM","PstI.TP758872","11","5241","-1.3927e-05","0.003","A"
"4","Trait5","mrMLM","PstI.TP759292","11","5243","-1.4042e-05","0.0031","C"
"4","Trait5","mrMLM","PstI.TP759365","11","5245","-2.6099e-05","0.0057","G"
"4","Trait5","mrMLM","PstI.TP759988","11","5246","-1.2729e-06","3e-04","C"
"4","Trait5","mrMLM","PstI.TP760074","11","5247","0.1368","0.9678","C"
"4","Trait5","mrMLM","PstI.TP760353","11","5249","2.6192e-05","0.0057","G"
"4","Trait5","mrMLM","PstI.TP760702","11","5252","-0.4298","1.5252","C"
"4","Trait5","mrMLM","PstI.TP761024","11","5253","3.4887e-06","8e-04","A"
"4","Trait5","mrMLM","PstI.TP761453","11","5254","6.6547e-06","0.0015","A"
"4","Trait5","mrMLM","PstI.TP761550","11","5255","0.0584","0.6061","A"
"4","Trait5","mrMLM","PstI.TP761571","11","5256","-2.0737e-05","0.0045","A"
"4","Trait5","mrMLM","PstI.TP761757","11","5257","0.0188","0.1433","A"
"4","Trait5","mrMLM","PstI.TP761913","11","5258","-7.5776e-06","0.0017","A"
"4","Trait5","mrMLM","PstI.TP761979","11","5259","-2.2269e-05","0.0049","A"
"4","Trait5","mrMLM","PstI.TP762075","11","5260","4.2453e-06","9e-04","C"
"4","Trait5","mrMLM","PstI.TP762327","11","5261","7.5097e-06","0.0016","C"
"4","Trait5","mrMLM","PstI.TP762555","11","5262","0.0862","1.1426","C"
"4","Trait5","mrMLM","PstI.TP762573","11","5263","-2.5989e-05","0.0057","C"
"4","Trait5","mrMLM","PstI.TP762792","11","5266","-4.0353e-08","8.782e-06","C"
"4","Trait5","mrMLM","PstI.TP762923","11","5267","0.0926","0.6788","A"
"4","Trait5","mrMLM","PstI.TP762971","11","5268","6.8316e-06","0.0015","C"
"4","Trait5","mrMLM","PstI.TP763045","11","5269","-1.7027e-05","0.0037","A"
"4","Trait5","mrMLM","PstI.TP763166","11","5270","1.7825e-05","0.0039","G"
"4","Trait5","mrMLM","PstI.TP763566","11","5271","-4.9248e-06","0.0011","C"
"4","Trait5","mrMLM","PstI.TP763699","11","5272","1.6673e-05","0.0036","A"
"4","Trait5","mrMLM","PstI.TP763802","11","5273","1.0161e-05","0.0022","A"
"4","Trait5","mrMLM","PstI.TP764114","11","5274","1.0866e-05","0.0024","A"
"4","Trait5","mrMLM","PstI.TP764265","11","5275","3.0511e-05","0.0067","C"
"4","Trait5","mrMLM","PstI.TP764534","11","5276","8.3345e-06","0.0018","C"
"4","Trait5","mrMLM","PstI.TP764888","11","5278","1.174e-05","0.0026","C"
"4","Trait5","mrMLM","PstI.TP764929","11","5279","-8.8114e-06","0.0019","C"
"4","Trait5","mrMLM","PstI.TP764933","11","5280","6.3341e-06","0.0014","A"
"4","Trait5","mrMLM","PstI.TP765192","11","5281","-6.7139e-06","0.0015","A"
"4","Trait5","mrMLM","PstI.TP765220","11","5283","2.5806e-05","0.0057","G"
"4","Trait5","mrMLM","PstI.TP765245","11","5284","1.075e-05","0.0023","A"
"4","Trait5","mrMLM","PstI.TP765282","11","5285","1.1628e-05","0.0025","A"
"4","Trait5","mrMLM","PstI.TP765987","11","5287","-0.0029","0.0558","A"
"4","Trait5","mrMLM","PstI.TP765988","11","5288","2.0137e-05","0.0044","G"
"4","Trait5","mrMLM","PstI.TP766165","11","5289","-1.2302e-05","0.0027","C"
"4","Trait5","mrMLM","PstI.TP766216","11","5290","-1.5639e-05","0.0034","C"
"4","Trait5","mrMLM","PstI.TP766314","11","5291","3.0455e-06","7e-04","A"
"4","Trait5","mrMLM","PstI.TP766812","11","5293","6.2665e-06","0.0014","C"
"4","Trait5","mrMLM","PstI.TP767203","11","5298","-0.0071","0.1195","A"
"4","Trait5","mrMLM","PstI.TP767409","11","5299","-0.1795","1.6542","C"
"4","Trait5","mrMLM","PstI.TP767653","11","5301","1.8082e-05","0.004","C"
"4","Trait5","mrMLM","PstI.TP767995","11","5302","2.2371e-05","0.0049","A"
"4","Trait5","mrMLM","PstI.TP768189","11","5303","5.1431e-06","0.0011","A"
"4","Trait5","mrMLM","PstI.TP768449","11","5304","-1.6682e-05","0.0036","C"
"4","Trait5","mrMLM","PstI.TP768661","11","5306","-2.0132e-05","0.0044","C"
"4","Trait5","mrMLM","PstI.TP769243","11","5307","-0.0364","0.3363","A"
"4","Trait5","mrMLM","PstI.TP769320","11","5308","0.0063","0.1205","C"
"4","Trait5","mrMLM","PstI.TP769359","11","5309","-1.8282e-05","0.004","A"
"4","Trait5","mrMLM","PstI.TP769654","11","5311","-1.3904e-05","0.003","C"
"4","Trait5","mrMLM","PstI.TP769719","11","5313","0.103","0.917","A"
"4","Trait5","mrMLM","PstI.TP770020","11","5314","-2.1494e-05","0.0047","A"
"4","Trait5","mrMLM","PstI.TP770028","11","5315","0.1025","0.6372","A"
"4","Trait5","mrMLM","PstI.TP770188","11","5317","-1.6212e-05","0.0035","C"
"4","Trait5","mrMLM","PstI.TP770283","11","5318","-0.1177","0.7544","A"
"4","Trait5","mrMLM","PstI.TP770341","11","5320","0.0783","0.5478","C"
"4","Trait5","mrMLM","PstI.TP770459","11","5322","0.0167","0.1398","A"
"4","Trait5","mrMLM","PstI.TP771656","11","5325","-1.4009e-05","0.0031","A"
"4","Trait5","mrMLM","PstI.TP771928","11","5326","-0.0211","0.2781","C"
"4","Trait5","mrMLM","PstI.TP772316","11","5327","0.0311","0.4194","C"
"4","Trait5","mrMLM","PstI.TP772551","11","5330","8.5655e-06","0.0019","A"
"4","Trait5","mrMLM","PstI.TP772558","11","5331","1.1036e-05","0.0024","C"
"4","Trait5","mrMLM","PstI.TP772648","11","5332","2.0452e-05","0.0045","C"
"4","Trait5","mrMLM","PstI.TP772793","11","5333","1.0998e-05","0.0024","G"
"4","Trait5","mrMLM","PstI.TP772838","11","5334","-0.0169","0.1712","A"
"4","Trait5","mrMLM","PstI.TP772842","11","5335","3.2779e-05","0.0072","A"
"4","Trait5","mrMLM","PstI.TP772843","11","5336","8.4976e-06","0.0019","C"
"4","Trait5","mrMLM","PstI.TP772845","11","5337","-8.179e-06","0.0018","C"
"4","Trait5","mrMLM","PstI.TP772847","11","5338","2.9511e-06","6e-04","C"
"4","Trait5","mrMLM","PstI.TP773041","11","5339","-0.0962","1.2696","A"
"4","Trait5","mrMLM","PstI.TP773122","11","5340","2.6725e-05","0.0059","C"
"4","Trait5","mrMLM","PstI.TP773496","11","5341","-0.0389","0.3863","C"
"4","Trait5","mrMLM","PstI.TP773510","11","5342","-1.2211e-05","0.0027","A"
"4","Trait5","mrMLM","PstI.TP773777","11","5343","-8.7304e-07","2e-04","A"
"4","Trait5","mrMLM","PstI.TP774041","11","5344","9.3202e-07","2e-04","A"
"4","Trait5","mrMLM","PstI.TP774443","11","5346","-1.3944e-05","0.003","A"
"4","Trait5","mrMLM","PstI.TP774822","11","5348","-0.057","0.5637","A"
"4","Trait5","mrMLM","PstI.TP775027","11","5349","-1.6212e-05","0.0035","G"
"4","Trait5","mrMLM","PstI.TP775182","11","5350","-0.041","0.243","G"
"4","Trait5","mrMLM","PstI.TP775417","11","5351","-2.9607e-05","0.0065","A"
"4","Trait5","mrMLM","PstI.TP775572","11","5352","1.4192e-07","3.0887e-05","G"
"4","Trait5","mrMLM","PstI.TP775614","11","5353","-1.8445e-05","0.004","A"
"4","Trait5","mrMLM","PstI.TP775860","11","5357","-0.0362","0.2306","C"
"4","Trait5","mrMLM","PstI.TP776059","11","5358","-4.0787e-05","0.009","C"
"4","Trait5","mrMLM","PstI.TP776063","11","5359","2.152e-05","0.0047","A"
"4","Trait5","mrMLM","PstI.TP776101","11","5360","-0.0087","0.1722","A"
"4","Trait5","mrMLM","PstI.TP776389","11","5361","4.6229e-06","0.001","A"
"4","Trait5","mrMLM","PstI.TP776760","11","5363","-6.7091e-06","0.0015","A"
"4","Trait5","mrMLM","PstI.TP776971","11","5364","-0.006","0.0933","A"
"4","Trait5","mrMLM","PstI.TP777254","11","5366","-6.5685e-06","0.0014","A"
"4","Trait5","mrMLM","PstI.TP777696","11","5367","3.9265e-06","9e-04","C"
"4","Trait5","mrMLM","PstI.TP777753","11","5368","-8.4622e-06","0.0018","A"
"4","Trait5","mrMLM","PstI.TP777795","11","5369","1.6424e-05","0.0036","A"
"4","Trait5","mrMLM","PstI.TP777812","11","5370","3.0571e-06","7e-04","A"
"4","Trait5","mrMLM","PstI.TP777829","11","5371","-0.1749","0.7262","G"
"4","Trait5","mrMLM","PstI.TP778072","11","5373","3.462e-05","0.0076","A"
"4","Trait5","mrMLM","PstI.TP778083","11","5374","-1.6886e-05","0.0037","C"
"4","Trait5","mrMLM","PstI.TP778193","11","5375","8.8728e-06","0.0019","G"
"4","Trait5","mrMLM","PstI.TP778231","11","5376","0.016","0.1819","A"
"4","Trait5","mrMLM","PstI.TP778291","11","5377","4.2446e-06","9e-04","C"
"4","Trait5","mrMLM","PstI.TP778351","11","5378","-1.2444e-05","0.0027","A"
"4","Trait5","mrMLM","PstI.TP778926","11","5379","7.2015e-06","0.0016","A"
"4","Trait5","mrMLM","PstI.TP779824","11","5380","4.5558e-06","0.001","A"
"4","Trait5","mrMLM","PstI.TP779898","11","5381","-0.0242","0.2296","C"
"4","Trait5","mrMLM","PstI.TP780122","11","5382","1.2674e-05","0.0028","A"
"4","Trait5","mrMLM","PstI.TP780329","11","5383","0.1117","0.6852","A"
"4","Trait5","mrMLM","PstI.TP780359","11","5384","0.1943","0.9271","A"
"4","Trait5","mrMLM","PstI.TP780415","11","5385","0.12","1.2095","C"
"4","Trait5","mrMLM","PstI.TP780471","11","5386","0.0087","0.1755","C"
"4","Trait5","mrMLM","PstI.TP781593","11","5390","-0.2149","1.1253","C"
"4","Trait5","mrMLM","PstI.TP781629","11","5392","6.3868e-06","0.0014","C"
"4","Trait5","mrMLM","PstI.TP781717","11","5393","0.0928","1.0042","C"
"4","Trait5","mrMLM","PstI.TP781837","11","5395","-1.7924e-05","0.0039","A"
"4","Trait5","mrMLM","PstI.TP781847","11","5396","0.0604","0.6392","C"
"4","Trait5","mrMLM","PstI.TP782089","11","5397","0.1624","1.9309","G"
"4","Trait5","mrMLM","PstI.TP782194","11","5398","0.0325","0.2526","C"
"4","Trait5","mrMLM","PstI.TP782285","11","5400","1.0015e-05","0.0022","C"
"4","Trait5","mrMLM","PstI.TP782696","11","5401","-0.0198","0.2283","A"
"4","Trait5","mrMLM","PstI.TP783534","11","5406","-0.2585","2.5487","C"
"4","Trait5","mrMLM","PstI.TP783561","11","5407","2.3581e-05","0.0052","C"
"4","Trait5","mrMLM","PstI.TP783714","11","5408","0.0817","1.0339","A"
"4","Trait5","mrMLM","PstI.TP783734","11","5409","2.1328e-05","0.0047","A"
"4","Trait5","mrMLM","PstI.TP783781","11","5410","2.5744e-06","6e-04","C"
"4","Trait5","mrMLM","PstI.TP783959","11","5411","1.2923e-05","0.0028","A"
"4","Trait5","mrMLM","PstI.TP783969","11","5412","5.7698e-06","0.0013","C"
"4","Trait5","mrMLM","PstI.TP784063","11","5413","1.3256e-05","0.0029","G"
"4","Trait5","mrMLM","PstI.TP784809","11","5416","0.0519","0.2205","A"
"4","Trait5","mrMLM","PstI.TP784815","11","5417","-7.4442e-06","0.0016","C"
"4","Trait5","mrMLM","PstI.TP784855","11","5418","9.078e-06","0.002","A"
"4","Trait5","mrMLM","PstI.TP785012","11","5419","-6.7765e-06","0.0015","A"
"4","Trait5","mrMLM","PstI.TP785178","11","5421","0.1019","0.6126","A"
"4","Trait5","mrMLM","PstI.TP785259","11","5422","-5.742e-06","0.0013","C"
"4","Trait5","mrMLM","PstI.TP785663","11","5424","1.5336e-07","3.3381e-05","A"
"4","Trait5","mrMLM","PstI.TP785740","11","5425","2.2269e-05","0.0049","C"
"4","Trait5","mrMLM","PstI.TP785762","11","5426","-7.5841e-06","0.0017","A"
"4","Trait5","mrMLM","PstI.TP785834","11","5427","0.0368","0.2076","G"
"4","Trait5","mrMLM","PstI.TP785838","11","5428","-1.211e-05","0.0026","A"
"4","Trait5","mrMLM","PstI.TP785868","11","5429","6.6672e-06","0.0015","G"
"4","Trait5","mrMLM","PstI.TP785896","11","5430","-0.0255","0.2239","A"
"4","Trait5","mrMLM","PstI.TP786071","11","5431","0.019","0.3094","A"
"4","Trait5","mrMLM","PstI.TP786169","11","5432","6.6053e-06","0.0014","A"
"4","Trait5","mrMLM","PstI.TP786274","11","5433","-3.7352e-05","0.0082","A"
"4","Trait5","mrMLM","PstI.TP786408","11","5434","2.001e-05","0.0044","G"
"4","Trait5","mrMLM","PstI.TP786555","11","5436","1.6827e-05","0.0037","C"
"4","Trait5","mrMLM","PstI.TP786649","11","5437","-2.6827e-05","0.0059","A"
"4","Trait5","mrMLM","PstI.TP786919","11","5439","-3.6896e-06","8e-04","A"
"4","Trait5","mrMLM","PstI.TP786986","11","5440","1.358e-05","0.003","C"
"4","Trait5","mrMLM","PstI.TP787000","11","5441","-3.5241e-06","8e-04","A"
"4","Trait5","mrMLM","PstI.TP787108","11","5442","6.4668e-06","0.0014","C"
"4","Trait5","mrMLM","PstI.TP787236","11","5443","1.2934e-05","0.0028","A"
"4","Trait5","mrMLM","PstI.TP787540","11","5445","-2.5741e-05","0.0056","G"
"4","Trait5","mrMLM","PstI.TP787885","11","5446","2.7666e-05","0.0061","A"
"4","Trait5","mrMLM","PstI.TP787897","11","5447","-1.1748e-05","0.0026","G"
"4","Trait5","mrMLM","PstI.TP788085","11","5448","0.0108","0.1011","A"
"4","Trait5","mrMLM","PstI.TP788306","11","5450","0.1208","1.5348","C"
"4","Trait5","mrMLM","PstI.TP788376","11","5451","-3.7415e-06","8e-04","C"
"4","Trait5","mrMLM","PstI.TP788460","11","5452","-3.8515e-06","8e-04","C"
"4","Trait5","mrMLM","PstI.TP788468","11","5453","5.4957e-07","1e-04","G"
"4","Trait5","mrMLM","PstI.TP788496","11","5455","-0.0039","0.0908","A"
"4","Trait5","mrMLM","PstI.TP788533","11","5456","-7.9558e-06","0.0017","A"
"4","Trait5","mrMLM","PstI.TP789239","11","5457","3.1836e-05","0.007","C"
"4","Trait5","mrMLM","PstI.TP789496","11","5458","-1.7227e-05","0.0038","A"
"4","Trait5","mrMLM","PstI.TP789502","11","5459","0.0031","0.0589","A"
"4","Trait5","mrMLM","PstI.TP789573","11","5460","-2.0244e-05","0.0044","C"
"4","Trait5","mrMLM","PstI.TP789686","11","5461","-6.6637e-06","0.0015","A"
"4","Trait5","mrMLM","PstI.TP789849","11","5463","-2.5939e-08","5.645e-06","C"
"4","Trait5","mrMLM","PstI.TP789881","11","5465","0.0024","0.0783","A"
"4","Trait5","mrMLM","PstI.TP790153","11","5467","6.2316e-06","0.0014","C"
"4","Trait5","mrMLM","PstI.TP790211","11","5468","-2.4279e-06","5e-04","A"
"4","Trait5","mrMLM","PstI.TP790509","11","5469","3.9164e-06","9e-04","A"
"4","Trait5","mrMLM","PstI.TP790525","11","5470","1.0977e-05","0.0024","A"
"4","Trait5","mrMLM","PstI.TP790783","11","5472","-1.2916e-05","0.0028","C"
"4","Trait5","mrMLM","PstI.TP790810","11","5474","3.4926e-05","0.0077","A"
"4","Trait5","mrMLM","PstI.TP790986","11","5475","1.8287e-05","0.004","C"
"4","Trait5","mrMLM","PstI.TP791036","11","5476","-2.2532e-05","0.0049","A"
"4","Trait5","mrMLM","PstI.TP791364","11","5478","0.0334","0.272","A"
"4","Trait5","mrMLM","PstI.TP791664","11","5479","-1.4386e-05","0.0031","A"
"4","Trait5","mrMLM","PstI.TP791721","11","5480","-0.2933","1.5521","A"
"4","Trait5","mrMLM","PstI.TP792091","11","5481","-3.1265e-06","7e-04","C"
"4","Trait5","mrMLM","PstI.TP792229","11","5482","-2.0296e-05","0.0044","C"
"4","Trait5","mrMLM","PstI.TP792836","11","5483","1.094e-05","0.0024","C"
"4","Trait5","mrMLM","PstI.TP793039","11","5486","0.0296","0.2405","A"
"4","Trait5","mrMLM","PstI.TP793391","11","5488","-2.1509e-05","0.0047","C"
"4","Trait5","mrMLM","PstI.TP793469","11","5489","-0.033","0.2214","C"
"4","Trait5","mrMLM","PstI.TP793898","11","5491","-2.1207e-05","0.0046","C"
"4","Trait5","mrMLM","PstI.TP793934","11","5492","0.0181","0.2094","A"
"4","Trait5","mrMLM","PstI.TP794138","11","5493","0.0699","0.6433","C"
"4","Trait5","mrMLM","PstI.TP794410","11","5494","0.128","1.1351","C"
"4","Trait5","mrMLM","PstI.TP794443","11","5495","0.0425","0.4572","C"
"4","Trait5","mrMLM","PstI.TP794484","11","5496","0.0062","0.1265","A"
"4","Trait5","mrMLM","PstI.TP794672","11","5497","2.8674e-05","0.0063","C"
"4","Trait5","mrMLM","PstI.TP794701","11","5498","-1.7003e-05","0.0037","A"
"4","Trait5","mrMLM","PstI.TP794708","11","5499","2.6396e-06","6e-04","A"
"4","Trait5","mrMLM","PstI.TP795301","11","5501","0.1192","0.7636","A"
"4","Trait5","mrMLM","PstI.TP795437","11","5502","0.0249","0.2217","A"
"4","Trait5","mrMLM","PstI.TP795556","11","5504","7.3392e-06","0.0016","C"
"4","Trait5","mrMLM","PstI.TP795560","11","5505","0.003","0.0762","C"
"4","Trait5","mrMLM","PstI.TP795642","11","5506","0.1046","1.0007","A"
"4","Trait5","mrMLM","PstI.TP796006","11","5507","0.0732","0.6767","C"
"4","Trait5","mrMLM","PstI.TP796391","11","5508","-3.5369e-06","8e-04","A"
"4","Trait5","mrMLM","PstI.TP796524","11","5509","9.378e-06","0.002","C"
"4","Trait5","mrMLM","PstI.TP796707","11","5511","-1.1028e-05","0.0024","A"
"4","Trait5","mrMLM","PstI.TP796712","11","5512","-1.1689e-05","0.0026","G"
"4","Trait5","mrMLM","PstI.TP797001","11","5514","6.1675e-06","0.0013","A"
"4","Trait5","mrMLM","PstI.TP797079","11","5515","-1.0669e-05","0.0023","C"
"4","Trait5","mrMLM","PstI.TP797090","11","5516","0.0783","0.7706","A"
"4","Trait5","mrMLM","PstI.TP797125","11","5517","0.0052","0.063","C"
"4","Trait5","mrMLM","PstI.TP797126","11","5518","-1.3308e-05","0.0029","C"
"4","Trait5","mrMLM","PstI.TP797273","11","5519","-0.3359","2.1498","A"
"4","Trait5","mrMLM","PstI.TP797415","11","5520","0.1446","1.5329","G"
"4","Trait5","mrMLM","PstI.TP797450","11","5522","-0.216","1.2335","C"
"4","Trait5","mrMLM","PstI.TP797528","11","5523","-2.4462e-05","0.0054","A"
"4","Trait5","mrMLM","PstI.TP797611","11","5524","2.3657e-05","0.0052","G"
"4","Trait5","mrMLM","PstI.TP798583","11","5529","2.2906e-05","0.005","A"
"4","Trait5","mrMLM","PstI.TP798665","11","5530","0.0452","0.4353","A"
"4","Trait5","mrMLM","PstI.TP798836","11","5531","5.0571e-06","0.0011","A"
"4","Trait5","mrMLM","PstI.TP799489","11","5532","-2.5177e-05","0.0055","A"
"4","Trait5","mrMLM","PstI.TP799587","11","5533","-2.4499e-06","5e-04","C"
"4","Trait5","mrMLM","PstI.TP799706","11","5534","1.235e-05","0.0027","A"
"4","Trait5","mrMLM","PstI.TP799767","11","5535","-2.8296e-05","0.0062","A"
"4","Trait5","mrMLM","PstI.TP799993","11","5537","-1.1622e-05","0.0025","A"
"4","Trait5","mrMLM","PstI.TP800106","11","5538","1.499e-05","0.0033","C"
"4","Trait5","mrMLM","PstI.TP800162","11","5540","-2.7996e-06","6e-04","A"
"4","Trait5","mrMLM","PstI.TP800169","11","5541","-0.0952","0.6882","C"
"4","Trait5","mrMLM","PstI.TP800231","11","5542","1.2645e-05","0.0028","A"
"4","Trait5","mrMLM","PstI.TP800600","11","5543","1.692e-05","0.0037","C"
"4","Trait5","mrMLM","PstI.TP800952","11","5544","2.002e-05","0.0044","A"
"4","Trait5","mrMLM","PstI.TP801188","11","5546","-0.0868","0.7718","C"
"4","Trait5","mrMLM","PstI.TP801370","11","5547","-0.0838","0.6342","G"
"4","Trait5","mrMLM","PstI.TP801546","11","5548","-6.2921e-06","0.0014","A"
"4","Trait5","mrMLM","PstI.TP801687","11","5549","1.1155e-05","0.0024","G"
"4","Trait5","mrMLM","PstI.TP801760","11","5551","-1.2649e-05","0.0028","A"
"4","Trait5","mrMLM","PstI.TP801916","11","5553","-9.8383e-06","0.0021","G"
"4","Trait5","mrMLM","PstI.TP801941","11","5554","-0.1611","0.7089","A"
"4","Trait5","mrMLM","PstI.TP801991","11","5555","1.1289e-05","0.0025","A"
"4","Trait5","mrMLM","PstI.TP802013","11","5556","-0.0367","0.3615","A"
"4","Trait5","mrMLM","PstI.TP802077","11","5557","0.0843","0.6662","G"
"4","Trait5","mrMLM","PstI.TP802137","11","5558","-1.5931e-05","0.0035","C"
"4","Trait5","mrMLM","PstI.TP802672","11","5559","1.8761e-06","4e-04","A"
"4","Trait5","mrMLM","PstI.TP802799","11","5560","-9.9846e-06","0.0022","A"
"4","Trait5","mrMLM","PstI.TP802937","11","5562","0.1697","1.2027","A"
"4","Trait5","mrMLM","PstI.TP802973","11","5563","1.5546e-05","0.0034","C"
"4","Trait5","mrMLM","PstI.TP803048","11","5564","-0.006","0.0882","C"
"4","Trait5","mrMLM","PstI.TP803239","11","5565","2.5066e-05","0.0055","C"
"4","Trait5","mrMLM","PstI.TP803333","11","5566","0.0565","0.362","C"
"4","Trait5","mrMLM","PstI.TP803637","11","5567","-1.2091e-05","0.0026","A"
"4","Trait5","mrMLM","PstI.TP803662","11","5568","-1.6638e-05","0.0036","C"
"4","Trait5","mrMLM","PstI.TP803669","11","5569","-0.1173","0.5666","A"
"4","Trait5","mrMLM","PstI.TP803702","11","5570","-8.4969e-06","0.0019","C"
"4","Trait5","mrMLM","PstI.TP803779","11","5571","0.1619","1.4779","A"
"4","Trait5","mrMLM","PstI.TP804108","11","5572","0.1732","0.8495","A"
"4","Trait5","mrMLM","PstI.TP804124","11","5573","6.3467e-06","0.0014","A"
"4","Trait5","mrMLM","PstI.TP804144","11","5574","0.0163","0.2307","A"
"4","Trait5","mrMLM","PstI.TP804248","11","5575","0.1011","0.8159","A"
"4","Trait5","mrMLM","PstI.TP804528","11","5576","-1.9716e-05","0.0043","A"
"4","Trait5","mrMLM","PstI.TP804573","11","5577","-1.4518e-05","0.0032","A"
"4","Trait5","mrMLM","PstI.TP804846","11","5579","0.1748","1.1873","A"
"4","Trait5","mrMLM","PstI.TP805024","11","5580","-2.0633e-05","0.0045","C"
"4","Trait5","mrMLM","PstI.TP805208","11","5581","-0.0556","0.6613","G"
"4","Trait5","mrMLM","PstI.TP805420","11","5582","0.2398","0.9278","C"
"4","Trait5","mrMLM","PstI.TP806054","11","5585","0.1954","1.2184","G"
"4","Trait5","mrMLM","PstI.TP806145","11","5586","8.8059e-06","0.0019","A"
"4","Trait5","mrMLM","PstI.TP806311","11","5587","0.0216","0.2604","G"
"4","Trait5","mrMLM","PstI.TP806728","11","5588","-1.1393e-05","0.0025","A"
"4","Trait5","mrMLM","PstI.TP806753","11","5589","-3.4872e-06","8e-04","A"
"4","Trait5","mrMLM","PstI.TP806776","11","5590","-8.6831e-06","0.0019","C"
"4","Trait5","mrMLM","PstI.TP806817","11","5591","-0.0017","0.0548","A"
"4","Trait5","mrMLM","PstI.TP807076","11","5592","-1.18e-06","3e-04","A"
"4","Trait5","mrMLM","PstI.TP807301","11","5593","3.1321e-05","0.0069","A"
"4","Trait5","mrMLM","PstI.TP807327","11","5594","0.1106","0.5666","C"
"4","Trait5","mrMLM","PstI.TP807374","11","5595","-1.1773e-05","0.0026","A"
"4","Trait5","mrMLM","PstI.TP807456","11","5596","-2.8315e-06","6e-04","C"
"4","Trait5","mrMLM","PstI.TP807469","11","5597","-2.1536e-05","0.0047","A"
"4","Trait5","mrMLM","PstI.TP807476","11","5598","-7.9494e-06","0.0017","C"
"4","Trait5","mrMLM","PstI.TP807834","11","5599","-0.0732","0.4447","C"
"4","Trait5","mrMLM","PstI.TP807843","11","5600","0.0647","0.495","C"
"4","Trait5","mrMLM","PstI.TP807962","11","5602","8.9094e-06","0.0019","A"
"4","Trait5","mrMLM","PstI.TP808057","11","5603","-0.001","0.0448","A"
"4","Trait5","mrMLM","PstI.TP808211","11","5604","3.5562e-06","8e-04","C"
"4","Trait5","mrMLM","PstI.TP808425","11","5605","-0.0037","0.0437","A"
"4","Trait5","mrMLM","PstI.TP808539","11","5606","1.2901e-05","0.0028","A"
"4","Trait5","mrMLM","PstI.TP808595","11","5607","1.787e-05","0.0039","C"
"4","Trait5","mrMLM","PstI.TP808677","11","5608","0.0679","0.8026","A"
"4","Trait5","mrMLM","PstI.TP808856","11","5609","-9.5656e-06","0.0021","G"
"4","Trait5","mrMLM","PstI.TP809486","11","5611","1.5528e-05","0.0034","A"
"4","Trait5","mrMLM","PstI.TP809492","11","5612","-2.4025e-05","0.0053","C"
"4","Trait5","mrMLM","PstI.TP809789","11","5613","1.3378e-05","0.0029","A"
"4","Trait5","mrMLM","PstI.TP810424","11","5614","0.1867","1.7636","A"
"4","Trait5","mrMLM","PstI.TP810489","11","5615","2.9129e-06","6e-04","G"
"4","Trait5","mrMLM","PstI.TP810575","11","5616","-2.1676e-05","0.0047","A"
"4","Trait5","mrMLM","PstI.TP810977","11","5619","1.2265e-05","0.0027","A"
"4","Trait5","mrMLM","PstI.TP811128","11","5620","4.3392e-06","9e-04","C"
"4","Trait5","mrMLM","PstI.TP811157","11","5621","1.518e-06","3e-04","C"
"4","Trait5","mrMLM","PstI.TP811183","11","5622","-1.3587e-05","0.003","C"
"4","Trait5","mrMLM","PstI.TP811767","11","5624","8.1274e-06","0.0018","C"
"4","Trait5","mrMLM","PstI.TP812468","11","5625","1.6894e-05","0.0037","C"
"4","Trait5","mrMLM","PstI.TP812631","11","5627","-8.2881e-06","0.0018","C"
"4","Trait5","mrMLM","PstI.TP812898","11","5628","-1.8303e-05","0.004","C"
"4","Trait5","mrMLM","PstI.TP813014","11","5630","-5.0329e-06","0.0011","A"
"4","Trait5","mrMLM","PstI.TP813186","11","5632","-1.18e-05","0.0026","A"
"4","Trait5","mrMLM","PstI.TP813210","11","5633","0.1626","1.1281","C"
"4","Trait5","mrMLM","PstI.TP814331","11","5634","-0.0196","0.1302","C"
"4","Trait5","mrMLM","PstI.TP815112","11","5636","1.4187e-05","0.0031","C"
"4","Trait5","mrMLM","PstI.TP815213","11","5637","6.532e-06","0.0014","C"
"4","Trait5","mrMLM","PstI.TP815540","11","5639","5.1497e-07","1e-04","C"
"4","Trait5","mrMLM","PstI.TP815553","11","5640","1.4755e-05","0.0032","A"
"4","Trait5","mrMLM","PstI.TP815804","11","5641","9.619e-06","0.0021","G"
"4","Trait5","mrMLM","PstI.TP815907","11","5642","-1.9809e-06","4e-04","A"
"4","Trait5","mrMLM","PstI.TP815910","11","5643","9.3069e-06","0.002","G"
"4","Trait5","mrMLM","PstI.TP816066","11","5644","1.2034e-05","0.0026","A"
"4","Trait5","mrMLM","PstI.TP816075","11","5645","-0.029","0.2603","G"
"4","Trait5","mrMLM","PstI.TP816096","11","5646","4.2101e-06","9e-04","G"
"4","Trait5","mrMLM","PstI.TP816241","11","5647","-7.0659e-06","0.0015","C"
"4","Trait5","mrMLM","PstI.TP816515","11","5649","-0.0648","0.3332","A"
"4","Trait5","mrMLM","PstI.TP816588","11","5650","-2.3738e-05","0.0052","G"
"4","Trait5","mrMLM","PstI.TP816663","11","5651","-0.0392","0.2526","A"
"4","Trait5","mrMLM","PstI.TP816821","11","5652","2.9999e-05","0.0066","A"
"4","Trait5","mrMLM","PstI.TP816953","11","5653","0.1534","2.7643","A"
"4","Trait5","mrMLM","PstI.TP817132","11","5654","-2.4585e-05","0.0054","A"
"4","Trait5","mrMLM","PstI.TP817164","11","5655","-0.1202","0.7664","A"
"4","Trait5","mrMLM","PstI.TP817265","11","5656","-6.7097e-07","1e-04","C"
"4","Trait5","mrMLM","PstI.TP817578","11","5658","2.3253e-05","0.0051","A"
"4","Trait5","mrMLM","PstI.TP817687","11","5659","-9.114e-06","0.002","C"
"4","Trait5","mrMLM","PstI.TP818049","11","5660","1.141e-05","0.0025","C"
"4","Trait5","mrMLM","PstI.TP818076","11","5661","0.0621","0.3407","C"
"4","Trait5","mrMLM","PstI.TP818100","11","5662","3.0172e-05","0.0066","A"
"4","Trait5","mrMLM","PstI.TP818146","11","5663","1.8159e-05","0.004","A"
"4","Trait5","mrMLM","PstI.TP818406","11","5664","-3.0409e-05","0.0067","C"
"4","Trait5","mrMLM","PstI.TP818500","11","5666","-0.0604","0.6506","C"
"4","Trait5","mrMLM","PstI.TP818502","11","5667","-0.1405","0.7257","A"
"4","Trait5","mrMLM","PstI.TP818611","11","5668","2.1779e-05","0.0048","C"
"4","Trait5","mrMLM","PstI.TP818854","11","5669","1.3542e-05","0.003","A"
"4","Trait5","mrMLM","PstI.TP819103","11","5670","1.0819e-05","0.0024","C"
"4","Trait5","mrMLM","PstI.TP819171","11","5671","1.1365e-05","0.0025","A"
"4","Trait5","mrMLM","PstI.TP819214","11","5672","-9.3255e-06","0.002","A"
"4","Trait5","mrMLM","PstI.TP819446","11","5673","1.6837e-05","0.0037","A"
"4","Trait5","mrMLM","PstI.TP819584","11","5674","9.8681e-07","2e-04","C"
"4","Trait5","mrMLM","PstI.TP819619","11","5675","9.8752e-06","0.0022","A"
"4","Trait5","mrMLM","PstI.TP819667","11","5676","-7.9802e-06","0.0017","A"
"4","Trait5","mrMLM","PstI.TP820455","11","5678","-2.8422e-05","0.0062","A"
"4","Trait5","mrMLM","PstI.TP820779","11","5679","-3.0754e-06","7e-04","A"
"4","Trait5","mrMLM","PstI.TP820790","11","5680","-7.1041e-06","0.0015","A"
"4","Trait5","mrMLM","PstI.TP821232","11","5682","1.4452e-05","0.0032","A"
"4","Trait5","mrMLM","PstI.TP821397","11","5683","1.6546e-05","0.0036","A"
"4","Trait5","mrMLM","PstI.TP821459","11","5684","-0.0257","0.3091","G"
"4","Trait5","mrMLM","PstI.TP821945","11","5685","3.6085e-05","0.0079","A"
"4","Trait5","mrMLM","PstI.TP822051","11","5686","-5.0936e-06","0.0011","A"
"4","Trait5","mrMLM","PstI.TP822564","11","5689","1.018e-05","0.0022","A"
"4","Trait5","mrMLM","PstI.TP822737","11","5690","-0.004","0.0924","A"
"4","Trait5","mrMLM","PstI.TP822848","11","5691","-6.6519e-06","0.0015","C"
"4","Trait5","mrMLM","PstI.TP823005","11","5693","0.2049","2.7975","A"
"4","Trait5","mrMLM","PstI.TP823057","11","5694","-0.0375","0.2794","C"
"4","Trait5","mrMLM","PstI.TP823107","11","5695","0.0221","0.2418","A"
"4","Trait5","mrMLM","PstI.TP823115","11","5696","-8.2241e-06","0.0018","C"
"4","Trait5","mrMLM","PstI.TP823292","11","5698","6.2882e-06","0.0014","A"
"4","Trait5","mrMLM","PstI.TP823383","11","5699","-3.2087e-05","0.007","G"
"4","Trait5","mrMLM","PstI.TP824682","11","5701","-1.6185e-05","0.0035","A"
"4","Trait5","mrMLM","PstI.TP824939","11","5702","9.4175e-06","0.0021","C"
"4","Trait5","mrMLM","PstI.TP825182","11","5703","0.2784","0.9627","C"
"4","Trait5","mrMLM","PstI.TP825319","11","5704","-1.5005e-05","0.0033","A"
"4","Trait5","mrMLM","PstI.TP825325","11","5705","-7.8293e-06","0.0017","A"
"4","Trait5","mrMLM","PstI.TP825351","11","5706","0.1616","0.8936","C"
"4","Trait5","mrMLM","PstI.TP825387","11","5708","-0.0151","0.1355","C"
"4","Trait5","mrMLM","PstI.TP825674","11","5710","0.0092","0.1781","A"
"4","Trait5","mrMLM","PstI.TP825696","11","5711","-1.3928e-05","0.003","C"
"4","Trait5","mrMLM","PstI.TP826117","11","5712","-1.3072e-05","0.0029","A"
"4","Trait5","mrMLM","PstI.TP826133","11","5713","1.1114e-05","0.0024","A"
"4","Trait5","mrMLM","PstI.TP826403","11","5715","1.1141e-05","0.0024","A"
"4","Trait5","mrMLM","PstI.TP826484","11","5716","-2.4864e-05","0.0054","A"
"4","Trait5","mrMLM","PstI.TP826843","11","5718","-0.0525","0.3283","C"
"4","Trait5","mrMLM","PstI.TP826892","11","5719","0.0751","0.7081","C"
"4","Trait5","mrMLM","PstI.TP827155","11","5720","-2.7779e-05","0.0061","C"
"4","Trait5","mrMLM","PstI.TP827330","11","5723","4.2472e-07","9.2436e-05","A"
"4","Trait5","mrMLM","PstI.TP827388","11","5724","-0.102","0.7229","A"
"4","Trait5","mrMLM","PstI.TP827959","11","5726","6.062e-06","0.0013","C"
"4","Trait5","mrMLM","PstI.TP828055","11","5727","0.0336","0.237","A"
"4","Trait5","mrMLM","PstI.TP828385","11","5729","-1.8116e-05","0.004","C"
"4","Trait5","mrMLM","PstI.TP828499","11","5732","8.3893e-07","2e-04","A"
"4","Trait5","mrMLM","PstI.TP828768","11","5734","-0.0112","0.1799","A"
"4","Trait5","mrMLM","PstI.TP829095","11","5736","1.4218e-05","0.0031","A"
"4","Trait5","mrMLM","PstI.TP829191","11","5737","1.1512e-05","0.0025","C"
"4","Trait5","mrMLM","PstI.TP829377","11","5738","1.5914e-05","0.0035","A"
"4","Trait5","mrMLM","PstI.TP829443","11","5739","6.6634e-06","0.0015","A"
"4","Trait5","mrMLM","PstI.TP829498","11","5740","-1.7327e-06","4e-04","C"
"4","Trait5","mrMLM","PstI.TP829685","11","5741","-1.4138e-05","0.0031","A"
"4","Trait5","mrMLM","PstI.TP829817","11","5742","-0.0094","0.175","C"
"4","Trait5","mrMLM","PstI.TP830055","11","5743","-0.0727","0.6312","C"
"4","Trait5","mrMLM","PstI.TP830787","11","5747","-0.0391","0.2348","A"
"4","Trait5","mrMLM","PstI.TP830793","11","5748","-3.8461e-06","8e-04","A"
"4","Trait5","mrMLM","PstI.TP830857","11","5749","0.0105","0.1059","A"
"4","Trait5","mrMLM","PstI.TP830864","11","5750","-0.0709","0.5605","A"
"4","Trait5","mrMLM","PstI.TP831129","11","5751","1.2698e-06","3e-04","A"
"4","Trait5","mrMLM","PstI.TP831228","11","5753","-6.072e-06","0.0013","C"
"4","Trait5","mrMLM","PstI.TP831306","11","5754","1.8993e-06","4e-04","C"
"4","Trait5","mrMLM","PstI.TP831947","11","5755","2.113e-05","0.0046","A"
"4","Trait5","mrMLM","PstI.TP832204","11","5758","4.1364e-06","9e-04","A"
"4","Trait5","mrMLM","PstI.TP832349","11","5759","0.1094","0.3746","C"
"4","Trait5","mrMLM","PstI.TP832697","11","5760","-1.117e-05","0.0024","A"
"4","Trait5","mrMLM","PstI.TP832830","11","5761","-9.0659e-06","0.002","A"
"4","Trait5","mrMLM","PstI.TP833186","11","5762","-0.1252","0.5869","C"
"4","Trait5","mrMLM","PstI.TP833210","11","5763","-2.63e-05","0.0058","C"
"4","Trait5","mrMLM","PstI.TP833318","11","5765","-6.6267e-06","0.0014","A"
"4","Trait5","mrMLM","PstI.TP833383","11","5766","2.8216e-06","6e-04","C"
"4","Trait5","mrMLM","PstI.TP833387","11","5767","1.0709e-05","0.0023","A"
"4","Trait5","mrMLM","PstI.TP833535","11","5768","0.0167","0.1654","C"
"4","Trait5","mrMLM","PstI.TP833822","11","5769","9.4176e-06","0.0021","A"
"4","Trait5","mrMLM","PstI.TP833857","11","5770","2.0161e-05","0.0044","C"
"4","Trait5","mrMLM","PstI.TP833897","11","5771","2.0391e-05","0.0045","A"
"4","Trait5","mrMLM","PstI.TP834119","11","5772","0.2553","0.9453","G"
"4","Trait5","mrMLM","PstI.TP834205","11","5773","2.388e-05","0.0052","A"
"4","Trait5","mrMLM","PstI.TP834222","11","5774","-2.3562e-06","5e-04","A"
"4","Trait5","mrMLM","PstI.TP834249","11","5775","-1.3348e-05","0.0029","A"
"4","Trait5","mrMLM","PstI.TP834454","11","5776","-0.21","1.2662","C"
"4","Trait5","mrMLM","PstI.TP834509","11","5777","0.0468","0.4055","A"
"4","Trait5","mrMLM","PstI.TP834553","11","5778","5.7674e-06","0.0013","C"
"4","Trait5","mrMLM","PstI.TP834740","11","5779","-0.0703","0.5001","G"
"4","Trait5","mrMLM","PstI.TP834844","11","5780","3.961e-05","0.0087","G"
"4","Trait5","mrMLM","PstI.TP834959","11","5781","0.1074","0.7382","C"
"4","Trait5","mrMLM","PstI.TP834967","11","5782","0.1927","1.864","A"
"4","Trait5","mrMLM","PstI.TP835040","11","5784","-2.5521e-05","0.0056","A"
"4","Trait5","mrMLM","PstI.TP835886","11","5786","-8.5604e-06","0.0019","C"
"4","Trait5","mrMLM","PstI.TP835911","11","5788","-1.0202e-06","2e-04","C"
"4","Trait5","mrMLM","PstI.TP835957","11","5789","-1.175e-05","0.0026","A"
"4","Trait5","mrMLM","PstI.TP835958","11","5790","-9.4152e-06","0.0021","C"
"4","Trait5","mrMLM","PstI.TP836115","11","5792","-2.0007e-05","0.0044","A"
"4","Trait5","mrMLM","PstI.TP836173","11","5793","0.0102","0.1595","C"
"4","Trait5","mrMLM","PstI.TP836193","11","5794","1.1589e-06","3e-04","A"
"4","Trait5","mrMLM","PstI.TP836290","11","5795","0.0079","0.147","G"
"4","Trait5","mrMLM","PstI.TP836485","11","5797","-1.1288e-05","0.0025","C"
"4","Trait5","mrMLM","PstI.TP836677","11","5798","4.2818e-05","0.0094","C"
"4","Trait5","mrMLM","PstI.TP836762","11","5799","-0.1934","1.4065","A"
"4","Trait5","mrMLM","PstI.TP836924","11","5800","1.0175e-05","0.0022","C"
"4","Trait5","mrMLM","PstI.TP837104","11","5801","-1.2616e-05","0.0028","A"
"4","Trait5","mrMLM","PstI.TP837284","11","5802","-0.0357","0.4341","A"
"4","Trait5","mrMLM","PstI.TP837431","11","5803","3.2936e-06","7e-04","C"
"4","Trait5","mrMLM","PstI.TP837448","11","5804","-1.5203e-05","0.0033","A"
"4","Trait5","mrMLM","PstI.TP837653","11","5806","2.09e-05","0.0046","A"
"4","Trait5","mrMLM","PstI.TP838063","11","5808","1.367e-05","0.003","C"
"4","Trait5","mrMLM","PstI.TP838309","11","5809","-4.9877e-07","1e-04","A"
"4","Trait5","mrMLM","PstI.TP838694","11","5810","4.9416e-06","0.0011","A"
"4","Trait5","mrMLM","PstI.TP839289","11","5811","-1.2316e-05","0.0027","A"
"4","Trait5","mrMLM","PstI.TP839519","11","5813","1.2912e-05","0.0028","A"
"4","Trait5","mrMLM","PstI.TP839543","11","5814","0.1216","1.0381","A"
"4","Trait5","mrMLM","PstI.TP839549","11","5815","0.0021","0.0706","C"
"4","Trait5","mrMLM","PstI.TP839918","11","5816","-1.3106e-05","0.0029","G"
"4","Trait5","mrMLM","PstI.TP840083","11","5817","-4.8282e-06","0.0011","A"
"4","Trait5","mrMLM","PstI.TP840392","11","5819","-0.0337","0.2597","C"
"4","Trait5","mrMLM","PstI.TP840841","11","5822","1.5866e-05","0.0035","A"
"4","Trait5","mrMLM","PstI.TP841180","11","5823","-2.4638e-05","0.0054","C"
"4","Trait5","mrMLM","PstI.TP841420","11","5824","-7.3926e-06","0.0016","A"
"4","Trait5","mrMLM","PstI.TP841627","11","5825","2.8846e-05","0.0063","A"
"4","Trait5","mrMLM","PstI.TP841981","11","5827","-0.0918","0.9394","A"
"4","Trait5","mrMLM","PstI.TP842010","11","5828","-4.0049e-06","9e-04","G"
"4","Trait5","mrMLM","PstI.TP842236","11","5829","0.0825","0.443","A"
"4","Trait5","mrMLM","PstI.TP842253","11","5830","0.25","1.2337","C"
"4","Trait5","mrMLM","PstI.TP842387","11","5832","1.1823e-05","0.0026","C"
"4","Trait5","mrMLM","PstI.TP842611","11","5834","-1.5471e-05","0.0034","G"
"4","Trait5","mrMLM","PstI.TP843002","11","5836","3.4439e-06","8e-04","A"
"4","Trait5","mrMLM","PstI.TP843396","11","5839","8.3322e-06","0.0018","C"
"4","Trait5","mrMLM","PstI.TP843493","11","5840","-0.0561","0.5999","C"
"4","Trait5","mrMLM","PstI.TP843632","11","5841","-0.0694","0.3188","G"
"4","Trait5","mrMLM","PstI.TP843666","11","5842","-5.8452e-06","0.0013","A"
"4","Trait5","mrMLM","PstI.TP843718","11","5843","7.9947e-08","1.7398e-05","C"
"4","Trait5","mrMLM","PstI.TP843962","11","5845","7.425e-06","0.0016","G"
"4","Trait5","mrMLM","PstI.TP844060","11","5847","0.0871","1.1346","A"
"4","Trait5","mrMLM","PstI.TP844435","11","5848","-1.3112e-05","0.0029","A"
"4","Trait5","mrMLM","PstI.TP845014","11","5850","-1.0145e-05","0.0022","A"
"4","Trait5","mrMLM","PstI.TP845126","11","5851","1.1259e-05","0.0025","C"
"4","Trait5","mrMLM","PstI.TP845160","11","5852","2.5759e-05","0.0056","C"
"4","Trait5","mrMLM","PstI.TP845323","11","5854","-1.1734e-05","0.0026","A"
"4","Trait5","mrMLM","PstI.TP845579","11","5855","-0.0124","0.2149","A"
"4","Trait5","mrMLM","PstI.TP845794","11","5856","6.8477e-06","0.0015","A"
"4","Trait5","mrMLM","PstI.TP845853","11","5857","-0.2295","1.079","A"
"4","Trait5","mrMLM","PstI.TP846057","11","5858","1.3734e-05","0.003","A"
"4","Trait5","mrMLM","PstI.TP846261","11","5859","-1.7769e-05","0.0039","C"
"4","Trait5","mrMLM","PstI.TP846295","11","5860","-0.0196","0.2542","A"
"4","Trait5","mrMLM","PstI.TP846392","11","5862","-1.246e-05","0.0027","C"
"4","Trait5","mrMLM","PstI.TP846428","11","5863","2.0554e-05","0.0045","A"
"4","Trait5","mrMLM","PstI.TP846472","11","5864","-1.2015e-06","3e-04","G"
"4","Trait5","mrMLM","PstI.TP846491","11","5865","1.6985e-05","0.0037","C"
"4","Trait5","mrMLM","PstI.TP846504","11","5866","4.3307e-06","9e-04","A"
"4","Trait5","mrMLM","PstI.TP846513","11","5867","-0.1395","0.6761","A"
"4","Trait5","mrMLM","PstI.TP846889","11","5868","-0.1164","0.4973","C"
"4","Trait5","mrMLM","PstI.TP846894","11","5869","1.9422e-06","4e-04","C"
"4","Trait5","mrMLM","PstI.TP846975","11","5870","-3.7218e-05","0.0082","A"
"4","Trait5","mrMLM","PstI.TP847050","11","5871","-1.3532e-05","0.003","C"
"4","Trait5","mrMLM","PstI.TP847298","11","5872","-3.4726e-06","8e-04","A"
"4","Trait5","mrMLM","PstI.TP847354","11","5873","-0.0049","0.0937","A"
"4","Trait5","mrMLM","PstI.TP847969","11","5876","-2.4028e-05","0.0053","G"
"4","Trait5","mrMLM","PstI.TP847989","11","5877","-2.4002e-05","0.0053","A"
"4","Trait5","mrMLM","PstI.TP848034","11","5878","-2.3819e-05","0.0052","A"
"4","Trait5","mrMLM","PstI.TP848049","11","5879","-0.0025","0.0641","C"
"4","Trait5","mrMLM","PstI.TP848458","11","5880","0.0875","0.4017","A"
"4","Trait5","mrMLM","PstI.TP848505","11","5881","-2.4835e-05","0.0054","A"
"4","Trait5","mrMLM","PstI.TP848774","11","5882","-1.5362e-05","0.0034","A"
"4","Trait5","mrMLM","PstI.TP848810","11","5883","1.1139e-05","0.0024","A"
"4","Trait5","mrMLM","PstI.TP848834","11","5884","9.7438e-06","0.0021","G"
"4","Trait5","mrMLM","PstI.TP848946","11","5885","2.331e-05","0.0051","A"
"4","Trait5","mrMLM","PstI.TP849015","11","5886","-9.9591e-06","0.0022","A"
"4","Trait5","mrMLM","PstI.TP849262","11","5889","0.0425","0.2722","A"
"4","Trait5","mrMLM","PstI.TP849452","11","5892","-0.0271","0.2711","C"
"4","Trait5","mrMLM","PstI.TP849936","11","5893","-6.7621e-06","0.0015","A"
"4","Trait5","mrMLM","PstI.TP850021","11","5894","1.7996e-05","0.0039","C"
"4","Trait5","mrMLM","PstI.TP850648","11","5895","3.8567e-06","8e-04","A"
"4","Trait5","mrMLM","PstI.TP850878","11","5896","6.2959e-06","0.0014","G"
"4","Trait5","mrMLM","PstI.TP850999","11","5898","5.0374e-06","0.0011","C"
"4","Trait5","mrMLM","PstI.TP851114","11","5901","-5.6498e-06","0.0012","A"
"4","Trait5","mrMLM","PstI.TP851163","11","5902","0.1225","0.7275","A"
"4","Trait5","mrMLM","PstI.TP851203","11","5903","-1.9113e-05","0.0042","A"
"4","Trait5","mrMLM","PstI.TP851231","11","5904","-0.0301","0.3886","C"
"4","Trait5","mrMLM","PstI.TP851537","11","5907","-0.033","0.2396","C"
"4","Trait5","mrMLM","PstI.TP851663","11","5909","0.0061","0.1076","C"
"4","Trait5","mrMLM","PstI.TP851709","11","5910","-1.2738e-05","0.0028","A"
"4","Trait5","mrMLM","PstI.TP852117","11","5914","2.5224e-05","0.0055","G"
"4","Trait5","mrMLM","PstI.TP852125","11","5915","1.7694e-05","0.0039","C"
"4","Trait5","mrMLM","PstI.TP852128","11","5916","-8.3573e-06","0.0018","C"
"4","Trait5","mrMLM","PstI.TP852471","11","5918","0.1682","0.7382","C"
"4","Trait5","mrMLM","PstI.TP852506","11","5920","-1.6592e-06","4e-04","A"
"4","Trait5","mrMLM","PstI.TP852593","11","5921","-1.5589e-06","3e-04","C"
"4","Trait5","mrMLM","PstI.TP852665","11","5922","-0.118","0.6537","C"
"4","Trait5","mrMLM","PstI.TP852688","11","5923","2.3335e-06","5e-04","C"
"4","Trait5","mrMLM","PstI.TP852913","11","5927","2.8003e-05","0.0061","C"
"4","Trait5","mrMLM","PstI.TP852935","11","5928","1.5726e-05","0.0034","A"
"4","Trait5","mrMLM","PstI.TP852946","11","5929","-0.1244","1.5259","A"
"4","Trait5","mrMLM","PstI.TP853033","11","5930","-0.1075","0.6198","C"
"4","Trait5","mrMLM","PstI.TP853182","11","5931","7.3225e-06","0.0016","C"
"4","Trait5","mrMLM","PstI.TP853184","11","5932","-1.095e-05","0.0024","C"
"4","Trait5","mrMLM","PstI.TP853245","11","5933","0.0032","0.0732","A"
"4","Trait5","mrMLM","PstI.TP853400","11","5934","-5.9661e-06","0.0013","A"
"4","Trait5","mrMLM","PstI.TP853516","11","5935","-0.2196","1.3308","C"
"4","Trait5","mrMLM","PstI.TP853569","11","5936","0.2657","2.0633","A"
"4","Trait5","mrMLM","PstI.TP853852","11","5938","2.3968e-06","5e-04","A"
"4","Trait5","mrMLM","PstI.TP853956","11","5940","-2.2845e-05","0.005","A"
"4","Trait5","mrMLM","PstI.TP854126","11","5942","-5.9422e-06","0.0013","A"
"4","Trait5","mrMLM","PstI.TP854157","11","5943","-4.2789e-06","9e-04","A"
"4","Trait5","mrMLM","PstI.TP854160","11","5944","-0.1109","1.0213","A"
"4","Trait5","mrMLM","PstI.TP854186","11","5945","-3.0281e-05","0.0066","C"
"4","Trait5","mrMLM","PstI.TP854571","11","5946","-2.8887e-06","6e-04","C"
"4","Trait5","mrMLM","PstI.TP854592","11","5947","0.1226","0.8785","C"
"4","Trait5","mrMLM","PstI.TP854660","11","5948","5.5029e-06","0.0012","A"
"4","Trait5","mrMLM","PstI.TP854774","11","5949","1.618e-05","0.0035","C"
"4","Trait5","mrMLM","PstI.TP854797","11","5950","-7.0647e-06","0.0015","C"
"4","Trait5","mrMLM","PstI.TP854917","11","5951","0.0569","0.7501","A"
"4","Trait5","mrMLM","PstI.TP854988","11","5952","0.0403","0.5104","C"
"4","Trait5","mrMLM","PstI.TP855156","11","5953","-0.0355","0.2293","C"
"4","Trait5","mrMLM","PstI.TP855419","11","5954","-1.5983e-05","0.0035","A"
"4","Trait5","mrMLM","PstI.TP855509","11","5956","-8.6698e-07","2e-04","A"
"4","Trait5","mrMLM","PstI.TP855549","11","5957","1.8238e-05","0.004","A"
"4","Trait5","mrMLM","PstI.TP855559","11","5958","1.6496e-05","0.0036","C"
"4","Trait5","mrMLM","PstI.TP855628","11","5959","-0.0593","0.4101","C"
"4","Trait5","mrMLM","PstI.TP855643","11","5960","-4.3087e-06","9e-04","A"
"4","Trait5","mrMLM","PstI.TP855659","11","5961","4.4176e-06","0.001","A"
"4","Trait5","mrMLM","PstI.TP856013","11","5962","0.2516","1.3614","C"
"4","Trait5","mrMLM","PstI.TP856174","11","5963","-0.0569","0.4992","G"
"4","Trait5","mrMLM","PstI.TP856388","11","5964","0.0537","0.652","C"
"4","Trait5","mrMLM","PstI.TP856598","11","5965","-3.4347e-05","0.0075","C"
"4","Trait5","mrMLM","PstI.TP856692","11","5966","-1.6064e-06","3e-04","C"
"4","Trait5","mrMLM","PstI.TP856859","11","5967","1.5776e-05","0.0034","C"
"4","Trait5","mrMLM","PstI.TP856910","11","5968","5.7335e-07","1e-04","A"
"4","Trait5","mrMLM","PstI.TP856988","11","5970","-4.1743e-05","0.0092","A"
"4","Trait5","mrMLM","PstI.TP857012","11","5971","0.0344","0.4352","A"
"4","Trait5","mrMLM","PstI.TP857062","11","5972","-2.2743e-06","5e-04","A"
"4","Trait5","mrMLM","PstI.TP857256","11","5973","1.0051e-05","0.0022","C"
"4","Trait5","mrMLM","PstI.TP857335","11","5974","0.1875","1.8302","A"
"4","Trait5","mrMLM","PstI.TP857413","11","5975","0.0015","0.0397","C"
"4","Trait5","mrMLM","PstI.TP857437","11","5976","-2.6343e-05","0.0058","A"
"4","Trait5","mrMLM","PstI.TP857842","11","5977","-4.9131e-06","0.0011","A"
"4","Trait5","mrMLM","PstI.TP858245","11","5978","-6.5322e-06","0.0014","C"
"4","Trait5","mrMLM","PstI.TP858463","11","5979","-1.9554e-05","0.0043","A"
"4","Trait5","mrMLM","PstI.TP858927","11","5981","1.4033e-06","3e-04","C"
"4","Trait5","mrMLM","PstI.TP859115","11","5983","-0.0694","0.4796","C"
"4","Trait5","mrMLM","PstI.TP859207","11","5984","1.6649e-05","0.0036","C"
"4","Trait5","mrMLM","PstI.TP859276","11","5985","0.058","0.3324","G"
"4","Trait5","mrMLM","PstI.TP859320","11","5986","8.9432e-06","0.002","C"
"4","Trait5","mrMLM","PstI.TP859565","11","5990","-3.1257e-06","7e-04","A"
"4","Trait5","mrMLM","PstI.TP859581","11","5993","-0.0342","0.2945","C"
"4","Trait5","mrMLM","PstI.TP859893","11","5996","-9.249e-06","0.002","A"
"4","Trait5","mrMLM","PstI.TP860014","11","5997","2.6474e-05","0.0058","A"
"4","Trait5","mrMLM","PstI.TP860210","11","5999","-0.0039","0.0916","A"
"4","Trait5","mrMLM","PstI.TP860396","11","6000","-1.9774e-05","0.0043","A"
"4","Trait5","mrMLM","PstI.TP860633","11","6001","3.4016e-05","0.0075","A"
"4","Trait5","mrMLM","PstI.TP860748","11","6002","-0.1408","2.4328","C"
"4","Trait5","mrMLM","PstI.TP861309","11","6003","0.2048","1.1762","A"
"4","Trait5","mrMLM","PstI.TP861447","11","6004","1.2279e-06","3e-04","A"
"4","Trait5","mrMLM","PstI.TP861526","11","6005","-7.3427e-06","0.0016","A"
"4","Trait5","mrMLM","PstI.TP861686","11","6006","2.0737e-05","0.0045","C"
"4","Trait5","mrMLM","PstI.TP861818","11","6007","-2.8782e-07","6.2641e-05","C"
"4","Trait5","mrMLM","PstI.TP862075","11","6010","-1.5895e-05","0.0035","C"
"4","Trait5","mrMLM","PstI.TP862299","11","6013","-1.1624e-05","0.0025","C"
"4","Trait5","mrMLM","PstI.TP862456","11","6014","0.1126","0.4494","C"
"4","Trait5","mrMLM","PstI.TP862541","11","6015","2.7493e-05","0.006","G"
"4","Trait5","mrMLM","PstI.TP862880","11","6017","1.0505e-05","0.0023","A"
"4","Trait5","mrMLM","PstI.TP863093","11","6018","0.0747","0.8126","C"
"4","Trait5","mrMLM","PstI.TP863191","11","6019","-0.1203","0.9043","A"
"4","Trait5","mrMLM","PstI.TP863269","11","6020","-2.3563e-05","0.0052","A"
"4","Trait5","mrMLM","PstI.TP863575","11","6021","-1.9456e-05","0.0043","C"
"4","Trait5","mrMLM","PstI.TP863638","11","6022","-1.0791e-05","0.0024","A"
"4","Trait5","mrMLM","PstI.TP863716","11","6023","2.7787e-05","0.0061","A"
"4","Trait5","mrMLM","PstI.TP863905","11","6024","1.2109e-05","0.0026","C"
"4","Trait5","mrMLM","PstI.TP863984","11","6025","-2.0204e-05","0.0044","C"
"4","Trait5","mrMLM","PstI.TP864233","11","6026","0.2762","1.1669","C"
"4","Trait5","mrMLM","PstI.TP864234","11","6027","2.7196e-05","0.006","C"
"4","Trait5","mrMLM","PstI.TP864322","11","6028","-0.1587","1.3097","A"
"4","Trait5","mrMLM","PstI.TP864685","11","6031","-1.7347e-05","0.0038","C"
"4","Trait5","mrMLM","PstI.TP864689","11","6032","-4.1128e-06","9e-04","C"
"4","Trait5","mrMLM","PstI.TP864728","11","6033","-0.0535","0.2594","C"
"4","Trait5","mrMLM","PstI.TP864877","11","6034","6.4587e-06","0.0014","G"
"4","Trait5","mrMLM","PstI.TP865072","11","6035","-1.4286e-05","0.0031","C"
"4","Trait5","mrMLM","PstI.TP865416","11","6037","1.4959e-05","0.0033","A"
"4","Trait5","mrMLM","PstI.TP865678","11","6039","-1.6299e-05","0.0036","C"
"4","Trait5","mrMLM","PstI.TP865711","11","6040","0.0088","0.1701","A"
"4","Trait5","mrMLM","PstI.TP865965","11","6041","-2.0499e-05","0.0045","C"
"4","Trait5","mrMLM","PstI.TP866461","11","6042","1.3114e-05","0.0029","A"
"4","Trait5","mrMLM","PstI.TP866553","11","6043","-1.8844e-06","4e-04","A"
"4","Trait5","mrMLM","PstI.TP866769","11","6044","1.4126e-05","0.0031","A"
"4","Trait5","mrMLM","PstI.TP866977","11","6046","4.5896e-06","0.001","A"
"4","Trait5","mrMLM","PstI.TP867080","11","6047","7.8229e-06","0.0017","A"
"4","Trait5","mrMLM","PstI.TP867146","11","6048","-0.187","1.7369","A"
"4","Trait5","mrMLM","PstI.TP867186","11","6049","-5.6667e-06","0.0012","A"
"4","Trait5","mrMLM","PstI.TP867353","11","6051","0.0096","0.1381","A"
"4","Trait5","mrMLM","PstI.TP867532","11","6052","8.1615e-07","2e-04","A"
"4","Trait5","mrMLM","PstI.TP867717","11","6054","5.7722e-06","0.0013","C"
"4","Trait5","mrMLM","PstI.TP867778","11","6055","3.8918e-05","0.0086","A"
"4","Trait5","mrMLM","PstI.TP867840","11","6056","-1.1876e-05","0.0026","A"
"4","Trait5","mrMLM","PstI.TP867855","11","6057","-2.5337e-05","0.0055","A"
"4","Trait5","mrMLM","PstI.TP868037","11","6059","-7.1704e-07","2e-04","A"
"4","Trait5","mrMLM","PstI.TP868524","11","6061","2.4596e-05","0.0054","C"
"4","Trait5","mrMLM","PstI.TP868583","11","6062","-1.1814e-05","0.0026","A"
"4","Trait5","mrMLM","PstI.TP868771","11","6063","0.0371","0.3736","A"
"4","Trait5","mrMLM","PstI.TP868867","11","6064","-1.772e-05","0.0039","A"
"4","Trait5","mrMLM","PstI.TP869036","11","6066","-1.3543e-05","0.003","C"
"4","Trait5","mrMLM","PstI.TP869354","11","6068","-0.2651","1.5963","A"
"4","Trait5","mrMLM","PstI.TP869572","11","6069","-1.7467e-05","0.0038","C"
"4","Trait5","mrMLM","PstI.TP869637","11","6070","3.0783e-05","0.0068","G"
"4","Trait5","mrMLM","PstI.TP869751","11","6071","0.1017","0.5362","C"
"4","Trait5","mrMLM","PstI.TP869950","11","6072","0.1273","1.0955","C"
"4","Trait5","mrMLM","PstI.TP869964","11","6073","-2.3428e-05","0.0051","A"
"4","Trait5","mrMLM","PstI.TP870007","11","6074","-0.0725","0.3527","A"
"4","Trait5","mrMLM","PstI.TP870049","11","6075","-0.1196","0.5521","A"
"4","Trait5","mrMLM","PstI.TP870162","11","6076","-1.7861e-05","0.0039","A"
"4","Trait5","mrMLM","PstI.TP870173","11","6077","0.0267","0.2187","A"
"4","Trait5","mrMLM","PstI.TP870191","11","6078","-8.2929e-07","2e-04","C"
"4","Trait5","mrMLM","PstI.TP870317","11","6079","-1.987e-05","0.0043","A"
"4","Trait5","mrMLM","PstI.TP870401","11","6080","1.3191e-05","0.0029","C"
"4","Trait5","mrMLM","PstI.TP870479","11","6081","-3.8331e-06","8e-04","C"
"4","Trait5","mrMLM","PstI.TP870827","11","6082","7.3893e-06","0.0016","C"
"4","Trait5","mrMLM","PstI.TP870837","11","6083","-2.555e-05","0.0056","C"
"4","Trait5","mrMLM","PstI.TP871722","11","6084","1.8432e-05","0.004","A"
"4","Trait5","mrMLM","PstI.TP871820","11","6085","1.3388e-05","0.0029","C"
"4","Trait5","mrMLM","PstI.TP871873","11","6086","-9.9524e-06","0.0022","C"
"4","Trait5","mrMLM","PstI.TP871892","11","6087","5.1322e-06","0.0011","A"
"4","Trait5","mrMLM","PstI.TP872659","11","6090","0.1229","0.9686","A"
"4","Trait5","mrMLM","PstI.TP873116","11","6091","0.0079","0.1405","A"
"4","Trait5","mrMLM","PstI.TP873491","11","6092","-2.4229e-05","0.0053","C"
"4","Trait5","mrMLM","PstI.TP873674","11","6093","-2.527e-05","0.0055","A"
"4","Trait5","mrMLM","PstI.TP873716","11","6094","-0.1086","1.3421","C"
"4","Trait5","mrMLM","PstI.TP873850","11","6095","-9.0113e-06","0.002","A"
"4","Trait5","mrMLM","PstI.TP873929","11","6096","-1.0824e-05","0.0024","A"
"4","Trait5","mrMLM","PstI.TP874115","11","6097","-2.5385e-05","0.0056","C"
"4","Trait5","mrMLM","PstI.TP874146","11","6098","-0.0524","0.3765","A"
"4","Trait5","mrMLM","PstI.TP874248","11","6099","1.433e-05","0.0031","A"
"4","Trait5","mrMLM","PstI.TP874561","11","6100","-1.8353e-05","0.004","A"
"4","Trait5","mrMLM","PstI.TP874708","11","6103","-1.2633e-05","0.0028","A"
"4","Trait5","mrMLM","PstI.TP875036","11","6105","-0.0606","0.2775","A"
"4","Trait5","mrMLM","PstI.TP875292","11","6106","0.0436","0.4868","A"
"4","Trait5","mrMLM","PstI.TP875443","11","6107","1.2728e-05","0.0028","C"
"4","Trait5","mrMLM","PstI.TP875447","11","6108","-1.8544e-05","0.0041","G"
"4","Trait5","mrMLM","PstI.TP875529","11","6110","0.1324","0.9032","A"
"4","Trait5","mrMLM","PstI.TP876037","11","6111","3.4126e-05","0.0075","C"
"4","Trait5","mrMLM","PstI.TP876293","11","6112","0.1283","1.2485","A"
"4","Trait5","mrMLM","PstI.TP876310","11","6113","0.0504","0.5918","A"
"4","Trait5","mrMLM","PstI.TP876330","11","6114","-2.0813e-06","5e-04","C"
"4","Trait5","mrMLM","PstI.TP876478","11","6115","-4.4107e-06","0.001","A"
"4","Trait5","mrMLM","PstI.TP876864","11","6117","1.4762e-06","3e-04","A"
"4","Trait5","mrMLM","PstI.TP876877","11","6118","8e-04","0.0313","A"
"4","Trait5","mrMLM","PstI.TP877080","11","6119","-1.7662e-05","0.0039","C"
"4","Trait5","mrMLM","PstI.TP877093","11","6120","-1.0665e-05","0.0023","A"
"4","Trait5","mrMLM","PstI.TP877370","11","6121","-0.1027","0.6219","C"
"4","Trait5","mrMLM","PstI.TP877509","11","6123","-5.356e-06","0.0012","C"
"4","Trait5","mrMLM","PstI.TP877747","11","6124","-1.0025e-05","0.0022","A"
"4","Trait5","mrMLM","PstI.TP878425","11","6126","-0.0239","0.2266","A"
"4","Trait5","mrMLM","PstI.TP878433","11","6127","0.039","0.4883","C"
"4","Trait5","mrMLM","PstI.TP878450","11","6128","6.8693e-06","0.0015","G"
"4","Trait5","mrMLM","PstI.TP878500","11","6129","-3.216e-06","7e-04","G"
"4","Trait5","mrMLM","PstI.TP878542","11","6131","-0.0063","0.0697","A"
"4","Trait5","mrMLM","PstI.TP878715","11","6132","-1.5504e-05","0.0034","G"
"4","Trait5","mrMLM","PstI.TP878834","11","6134","4.0782e-06","9e-04","C"
"4","Trait5","mrMLM","PstI.TP878858","11","6135","1.1438e-06","2e-04","C"
"4","Trait5","mrMLM","PstI.TP878996","11","6136","-3.6482e-05","0.008","C"
"4","Trait5","mrMLM","PstI.TP879201","11","6139","3.4602e-06","8e-04","C"
"4","Trait5","mrMLM","PstI.TP879569","11","6140","7.5447e-07","2e-04","G"
"4","Trait5","mrMLM","PstI.TP879718","11","6142","-3.2515e-06","7e-04","C"
"4","Trait5","mrMLM","PstI.TP879786","11","6143","0.0677","0.5347","C"
"4","Trait5","mrMLM","PstI.TP879976","11","6144","-0.4162","2.6501","C"
"4","Trait5","mrMLM","PstI.TP880208","11","6145","3.3627e-05","0.0074","G"
"4","Trait5","mrMLM","PstI.TP880258","11","6146","-0.0919","1.0642","C"
"4","Trait5","mrMLM","PstI.TP880487","11","6147","-0.1413","1.0336","A"
"4","Trait5","mrMLM","PstI.TP880653","11","6148","-0.2702","1.3367","C"
"4","Trait5","mrMLM","PstI.TP880858","11","6149","-3.5157e-05","0.0077","A"
"4","Trait5","mrMLM","PstI.TP881000","11","6150","1.55e-05","0.0034","A"
"4","Trait5","mrMLM","PstI.TP881282","11","6152","1.1459e-05","0.0025","C"
"4","Trait5","mrMLM","PstI.TP881453","11","6153","-0.1613","1.8742","C"
"4","Trait5","mrMLM","PstI.TP881678","11","6154","-0.0955","0.4545","A"
"4","Trait5","mrMLM","PstI.TP881695","11","6155","1.6982e-05","0.0037","A"
"4","Trait5","mrMLM","PstI.TP881941","11","6157","0.0817","1.0363","A"
"4","Trait5","mrMLM","PstI.TP881948","11","6158","-2.4495e-05","0.0054","A"
"4","Trait5","mrMLM","PstI.TP882016","11","6159","-0.0788","0.534","G"
"4","Trait5","mrMLM","PstI.TP882172","11","6160","-0.1458","0.575","A"
"4","Trait5","mrMLM","PstI.TP882240","11","6161","1.6758e-05","0.0037","C"
"4","Trait5","mrMLM","PstI.TP882541","11","6163","-1.0546e-05","0.0023","A"
"4","Trait5","mrMLM","PstI.TP882802","11","6164","0.0798","0.5828","A"
"4","Trait5","mrMLM","PstI.TP883374","11","6166","-0.114","1.7533","C"
"4","Trait5","mrMLM","PstI.TP883382","11","6167","1.6092e-05","0.0035","A"
"4","Trait5","mrMLM","PstI.TP883421","11","6168","-1.8986e-06","4e-04","C"
"4","Trait5","mrMLM","PstI.TP883439","11","6169","-3.6726e-06","8e-04","C"
"4","Trait5","mrMLM","PstI.TP883745","11","6171","-2.8631e-05","0.0063","C"
"4","Trait5","mrMLM","PstI.TP883809","11","6172","-2.0228e-05","0.0044","C"
"4","Trait5","mrMLM","PstI.TP883908","11","6173","-0.0331","0.2526","A"
"4","Trait5","mrMLM","PstI.TP884105","11","6176","-0.3421","2.3547","G"
"4","Trait5","mrMLM","PstI.TP884326","11","6177","-4.1588e-05","0.0091","C"
"4","Trait5","mrMLM","PstI.TP884591","11","6179","1.9479e-05","0.0043","A"
"4","Trait5","mrMLM","PstI.TP884634","11","6180","-7.5014e-06","0.0016","A"
"4","Trait5","mrMLM","PstI.TP884717","11","6182","-0.0979","0.4365","C"
"4","Trait5","mrMLM","PstI.TP884826","11","6183","-7.1174e-06","0.0016","A"
"4","Trait5","mrMLM","PstI.TP884962","11","6184","-2.6285e-06","6e-04","G"
"4","Trait5","mrMLM","PstI.TP885027","11","6185","-1.9875e-06","4e-04","A"
"4","Trait5","mrMLM","PstI.TP885120","11","6187","0.108","0.7453","C"
"4","Trait5","mrMLM","PstI.TP885164","11","6188","-9.6501e-07","2e-04","C"
"4","Trait5","mrMLM","PstI.TP885747","11","6189","3.7381e-07","8.1375e-05","A"
"4","Trait5","mrMLM","PstI.TP885854","11","6190","-5.4409e-06","0.0012","C"
"4","Trait5","mrMLM","PstI.TP886053","11","6191","-0.284","1.1698","C"
"4","Trait5","mrMLM","PstI.TP886077","11","6192","2.3052e-05","0.005","A"
"4","Trait5","mrMLM","PstI.TP886185","11","6193","-3.0352e-06","7e-04","C"
"4","Trait5","mrMLM","PstI.TP886258","11","6194","9.9075e-06","0.0022","A"
"4","Trait5","mrMLM","PstI.TP886436","11","6196","7.1339e-06","0.0016","A"
"4","Trait5","mrMLM","PstI.TP886545","11","6197","6.2503e-06","0.0014","A"
"4","Trait5","mrMLM","PstI.TP886557","11","6198","-2.4868e-05","0.0054","C"
"4","Trait5","mrMLM","PstI.TP886677","11","6199","5.9028e-06","0.0013","A"
"4","Trait5","mrMLM","PstI.TP886907","11","6200","7.7029e-06","0.0017","C"
"4","Trait5","mrMLM","PstI.TP887025","11","6201","5.6082e-06","0.0012","A"
"4","Trait5","mrMLM","PstI.TP887325","11","6202","-0.002","0.052","C"
"4","Trait5","mrMLM","PstI.TP887622","11","6203","-4.0182e-05","0.0088","C"
"4","Trait5","mrMLM","PstI.TP887648","11","6204","0.0199","0.2436","A"
"4","Trait5","mrMLM","PstI.TP887664","11","6205","-3.3982e-05","0.0075","G"
"4","Trait5","mrMLM","PstI.TP887760","11","6207","-0.2674","1.3727","C"
"4","Trait5","mrMLM","PstI.TP888077","11","6208","-0.1456","1.1905","A"
"4","Trait5","mrMLM","PstI.TP888098","11","6209","-0.0213","0.1529","A"
"4","Trait5","mrMLM","PstI.TP888254","11","6211","7.628e-06","0.0017","A"
"4","Trait5","mrMLM","PstI.TP888861","11","6214","0.079","1.0759","C"
"4","Trait5","mrMLM","PstI.TP889563","11","6217","-7.8157e-06","0.0017","G"
"4","Trait5","mrMLM","PstI.TP889703","11","6218","0.0295","0.1783","G"
"4","Trait5","mrMLM","PstI.TP889836","11","6219","1.9978e-05","0.0044","A"
"4","Trait5","mrMLM","PstI.TP890020","11","6220","-2.6514e-06","6e-04","A"
"4","Trait5","mrMLM","PstI.TP890950","11","6221","0.0362","0.4798","C"
"4","Trait5","mrMLM","PstI.TP891433","11","6223","0.0289","0.4062","A"
"4","Trait5","mrMLM","PstI.TP891608","11","6224","0.065","0.3957","C"
"4","Trait5","mrMLM","PstI.TP891613","11","6225","1.482e-06","3e-04","A"
"4","Trait5","mrMLM","PstI.TP892116","11","6226","-0.0613","0.5086","A"
"4","Trait5","mrMLM","PstI.TP892152","11","6227","-0.0819","0.3664","C"
"4","Trait5","mrMLM","PstI.TP892799","11","6229","0.0924","0.653","C"
"4","Trait5","mrMLM","PstI.TP892979","11","6230","1.4681e-05","0.0032","C"
"4","Trait5","mrMLM","PstI.TP893141","11","6231","1.2262e-05","0.0027","C"
"4","Trait5","mrMLM","PstI.TP893273","11","6232","2.4701e-05","0.0054","C"
"4","Trait5","mrMLM","PstI.TP893595","11","6233","1.1837e-05","0.0026","C"
"4","Trait5","mrMLM","PstI.TP893602","11","6234","2.3517e-05","0.0051","A"
"4","Trait5","mrMLM","PstI.TP894331","11","6236","-3.8042e-05","0.0084","G"
"4","Trait5","mrMLM","PstI.TP894630","11","6237","0.0116","0.1233","C"
"4","Trait5","mrMLM","PstI.TP894843","11","6239","1.6903e-05","0.0037","G"
"4","Trait5","mrMLM","PstI.TP895071","11","6241","-0.1203","1.5439","C"
"4","Trait5","mrMLM","PstI.TP895079","11","6242","3.9069e-06","9e-04","G"
"4","Trait5","mrMLM","PstI.TP895159","11","6243","-2.4945e-05","0.0055","C"
"4","Trait5","mrMLM","PstI.TP895335","11","6245","0.0439","0.3839","A"
"4","Trait5","mrMLM","PstI.TP895422","11","6247","-0.1062","0.9272","A"
"4","Trait5","mrMLM","PstI.TP895461","11","6248","-0.1815","1.4827","A"
"4","Trait5","mrMLM","PstI.TP896264","11","6249","1.8578e-05","0.0041","G"
"4","Trait5","mrMLM","PstI.TP896600","11","6250","1.8263e-06","4e-04","G"
"4","Trait5","mrMLM","PstI.TP896832","11","6251","-3.7164e-06","8e-04","A"
"4","Trait5","mrMLM","PstI.TP896950","11","6252","-1.345e-06","3e-04","C"
"4","Trait5","mrMLM","PstI.TP897101","11","6253","-1.5451e-05","0.0034","A"
"4","Trait5","mrMLM","PstI.TP897332","11","6254","-8.2309e-06","0.0018","G"
"4","Trait5","mrMLM","PstI.TP897375","11","6255","0.1274","0.7225","A"
"4","Trait5","mrMLM","PstI.TP897604","11","6256","-9.5987e-06","0.0021","A"
"4","Trait5","mrMLM","PstI.TP898033","11","6259","-9.0894e-06","0.002","A"
"4","Trait5","mrMLM","PstI.TP898114","11","6260","1.0025e-05","0.0022","G"
"4","Trait5","mrMLM","PstI.TP898366","11","6261","1.0254e-05","0.0022","A"
"4","Trait5","mrMLM","PstI.TP898428","11","6262","1.4554e-05","0.0032","C"
"4","Trait5","mrMLM","PstI.TP898582","11","6263","-2.8324e-05","0.0062","C"
"4","Trait5","mrMLM","PstI.TP898705","11","6264","-2.5523e-05","0.0056","G"
"4","Trait5","mrMLM","PstI.TP898747","11","6265","-7.2547e-07","2e-04","C"
"4","Trait5","mrMLM","PstI.TP898766","11","6266","2.2509e-05","0.0049","C"
"4","Trait5","mrMLM","PstI.TP898796","11","6267","3.4848e-05","0.0077","C"
"4","Trait5","mrMLM","PstI.TP898944","11","6268","-2.2421e-05","0.0049","A"
"4","Trait5","mrMLM","PstI.TP899120","11","6269","-3.1936e-05","0.007","C"
"4","Trait5","mrMLM","PstI.TP899123","11","6270","0.1107","0.7343","A"
"4","Trait5","mrMLM","PstI.TP899214","11","6271","-1.6981e-05","0.0037","C"
"4","Trait5","mrMLM","PstI.TP900092","11","6273","3.6222e-06","8e-04","G"
"4","Trait5","mrMLM","PstI.TP900167","11","6274","2.0014e-05","0.0044","G"
"4","Trait5","mrMLM","PstI.TP900230","11","6275","-1.0788e-06","2e-04","C"
"4","Trait5","mrMLM","PstI.TP901091","11","6276","1.5809e-05","0.0035","A"
"4","Trait5","mrMLM","PstI.TP901740","11","6278","-9.5666e-06","0.0021","C"
"4","Trait5","mrMLM","PstI.TP901895","11","6279","-1.6037e-05","0.0035","A"
"4","Trait5","mrMLM","PstI.TP901979","11","6280","-0.1397","1.0618","C"
"4","Trait5","mrMLM","PstI.TP901984","11","6281","9.9758e-06","0.0022","C"
"4","Trait5","mrMLM","PstI.TP902107","11","6284","9.6092e-06","0.0021","C"
"4","Trait5","mrMLM","PstI.TP902242","11","6285","-0.026","0.2971","A"
"4","Trait5","mrMLM","PstI.TP902300","11","6286","0.1194","0.7849","C"
"4","Trait5","mrMLM","PstI.TP902444","11","6287","2.3389e-05","0.0051","C"
"4","Trait5","mrMLM","PstI.TP902470","11","6288","1.6021e-05","0.0035","A"
"4","Trait5","mrMLM","PstI.TP902502","11","6289","-0.092","1.3723","C"
"4","Trait5","mrMLM","PstI.TP902674","11","6291","-2.285e-05","0.005","A"
"4","Trait5","mrMLM","PstI.TP903161","11","6295","-1.0037e-05","0.0022","A"
"4","Trait5","mrMLM","PstI.TP903169","11","6296","1.6623e-05","0.0036","A"
"4","Trait5","mrMLM","PstI.TP903284","11","6298","2.8381e-05","0.0062","A"
"4","Trait5","mrMLM","PstI.TP903635","11","6300","8.0881e-06","0.0018","C"
"4","Trait5","mrMLM","PstI.TP903713","11","6301","-1.1109e-05","0.0024","A"
"4","Trait5","mrMLM","PstI.TP903828","11","6302","0.0263","0.1994","G"
"4","Trait5","mrMLM","PstI.TP904124","11","6303","0.0261","0.2174","C"
"4","Trait5","mrMLM","PstI.TP904371","11","6304","-6.7645e-07","1e-04","A"
"4","Trait5","mrMLM","PstI.TP904509","11","6305","5.6215e-06","0.0012","A"
"4","Trait5","mrMLM","PstI.TP904576","11","6306","1.2984e-05","0.0028","C"
"4","Trait5","mrMLM","PstI.TP904728","11","6307","6.3786e-06","0.0014","C"
"4","Trait5","mrMLM","PstI.TP904730","11","6308","1.53e-06","3e-04","C"
"4","Trait5","mrMLM","PstI.TP904739","11","6309","0.1462","0.4688","C"
"4","Trait5","mrMLM","PstI.TP904740","11","6310","-0.0364","0.2879","C"
"4","Trait5","mrMLM","PstI.TP904786","11","6311","0.0173","0.2541","A"
"4","Trait5","mrMLM","PstI.TP905000","11","6312","-2.4998e-05","0.0055","C"
"4","Trait5","mrMLM","PstI.TP905427","11","6314","-0.0032","0.061","A"
"4","Trait5","mrMLM","PstI.TP905563","11","6315","-0.0058","0.1246","C"
"4","Trait5","mrMLM","PstI.TP905683","11","6316","-1.679e-05","0.0037","A"
"4","Trait5","mrMLM","PstI.TP905996","11","6318","-1.1529e-05","0.0025","G"
"4","Trait5","mrMLM","PstI.TP906016","11","6319","0.1609","1.3454","A"
"4","Trait5","mrMLM","PstI.TP906049","11","6320","8.6081e-06","0.0019","A"
"4","Trait5","mrMLM","PstI.TP906089","11","6322","-1.7449e-05","0.0038","A"
"4","Trait5","mrMLM","PstI.TP906105","11","6323","5.6942e-06","0.0012","C"
"4","Trait5","mrMLM","PstI.TP906541","11","6324","2.6157e-06","6e-04","A"
"4","Trait5","mrMLM","PstI.TP906573","11","6325","-2.3471e-06","5e-04","A"
"4","Trait5","mrMLM","PstI.TP906714","11","6326","1.4146e-05","0.0031","C"
"4","Trait5","mrMLM","PstI.TP906905","11","6327","0.089","0.3103","G"
"4","Trait5","mrMLM","PstI.TP906993","11","6329","1.0716e-05","0.0023","A"
"4","Trait5","mrMLM","PstI.TP907331","11","6330","-7.8964e-06","0.0017","C"
"4","Trait5","mrMLM","PstI.TP907530","11","6331","-0.0311","0.2579","C"
"4","Trait5","mrMLM","PstI.TP907766","11","6332","8.5928e-07","2e-04","C"
"4","Trait5","mrMLM","PstI.TP907938","11","6333","-0.0465","0.2203","G"
"4","Trait5","mrMLM","PstI.TP907949","11","6334","2.3887e-05","0.0052","C"
"4","Trait5","mrMLM","PstI.TP907970","11","6335","-7.0429e-06","0.0015","C"
"4","Trait5","mrMLM","PstI.TP907985","11","6336","1.2437e-05","0.0027","A"
"4","Trait5","mrMLM","PstI.TP908061","11","6337","-0.0616","0.5245","A"
"4","Trait5","mrMLM","PstI.TP908064","11","6338","0.1952","1.225","G"
"4","Trait5","mrMLM","PstI.TP908127","11","6339","-1.079e-05","0.0024","A"
"4","Trait5","mrMLM","PstI.TP908149","11","6340","-0.1131","1.2714","A"
"4","Trait5","mrMLM","PstI.TP908187","11","6341","-1.2654e-05","0.0028","C"
"4","Trait5","mrMLM","PstI.TP908218","11","6342","-1.5204e-05","0.0033","A"
"4","Trait5","mrMLM","PstI.TP908981","11","6345","-3e-04","0.0157","A"
"4","Trait5","mrMLM","PstI.TP908983","11","6346","-0.0932","0.6287","C"
"4","Trait5","mrMLM","PstI.TP909123","11","6347","9.8056e-06","0.0021","C"
"4","Trait5","mrMLM","PstI.TP909180","11","6348","-0.0227","0.2185","A"
"4","Trait5","mrMLM","PstI.TP909463","11","6351","7.3138e-06","0.0016","A"
"4","Trait5","mrMLM","PstI.TP909576","11","6352","3.4818e-05","0.0076","G"
"4","Trait5","mrMLM","PstI.TP910161","11","6355","-2.4947e-05","0.0055","G"
"4","Trait5","mrMLM","PstI.TP910221","11","6356","-1.8172e-05","0.004","A"
"4","Trait5","mrMLM","PstI.TP910534","11","6357","-7.174e-06","0.0016","A"
"4","Trait5","mrMLM","PstI.TP910585","11","6358","-0.0099","0.116","C"
"4","Trait5","mrMLM","PstI.TP910616","11","6359","-2.5174e-06","5e-04","A"
"4","Trait5","mrMLM","PstI.TP910813","11","6360","0.0444","0.2679","C"
"4","Trait5","mrMLM","PstI.TP911654","11","6361","-1.3912e-06","3e-04","C"
"4","Trait5","mrMLM","PstI.TP911805","11","6362","-0.0201","0.1798","C"
"4","Trait5","mrMLM","PstI.TP911810","11","6363","-0.0491","0.3869","G"
"4","Trait5","mrMLM","PstI.TP911878","11","6364","1.7189e-05","0.0038","C"
"4","Trait5","mrMLM","PstI.TP911949","11","6365","1.9141e-05","0.0042","A"
"4","Trait5","mrMLM","PstI.TP912081","11","6366","-0.083","0.3759","A"
"4","Trait5","mrMLM","PstI.TP912107","11","6367","-9.0397e-06","0.002","C"
"4","Trait5","mrMLM","PstI.TP912135","11","6368","-2.0492e-05","0.0045","C"
"4","Trait5","mrMLM","PstI.TP912551","11","6370","9.7051e-06","0.0021","C"
"4","Trait5","mrMLM","PstI.TP912560","11","6371","-1.8889e-05","0.0041","A"
"4","Trait5","mrMLM","PstI.TP912578","11","6372","-2.8947e-05","0.0063","A"
"4","Trait5","mrMLM","PstI.TP912708","11","6373","-8.7302e-06","0.0019","A"
"4","Trait5","mrMLM","PstI.TP912729","11","6374","-1.4094e-05","0.0031","A"
"4","Trait5","mrMLM","PstI.TP912861","11","6375","-2.9202e-06","6e-04","G"
"4","Trait5","mrMLM","PstI.TP913114","11","6376","0.0411","0.5044","A"
"4","Trait5","mrMLM","PstI.TP913158","11","6378","0.0955","0.5101","A"
"4","Trait5","mrMLM","PstI.TP913169","11","6379","-0.0128","0.1262","C"
"4","Trait5","mrMLM","PstI.TP913711","11","6381","1.6361e-05","0.0036","A"
"4","Trait5","mrMLM","PstI.TP913847","11","6382","-1.0383e-05","0.0023","C"
"4","Trait5","mrMLM","PstI.TP913978","11","6383","-0.041","0.3828","G"
"4","Trait5","mrMLM","PstI.TP914241","11","6384","6.7843e-06","0.0015","A"
"4","Trait5","mrMLM","PstI.TP914596","11","6387","-6.3897e-06","0.0014","A"
"4","Trait5","mrMLM","PstI.TP914774","11","6388","4.7456e-06","0.001","A"
"4","Trait5","mrMLM","PstI.TP914914","11","6389","2.7672e-05","0.0061","A"
"4","Trait5","mrMLM","PstI.TP915068","11","6390","-0.1238","1.3292","A"
"4","Trait5","mrMLM","PstI.TP915084","11","6391","-0.0479","0.3892","A"
"4","Trait5","mrMLM","PstI.TP915106","11","6392","-1.5989e-06","3e-04","G"
"4","Trait5","mrMLM","PstI.TP915198","11","6393","4.3029e-05","0.0095","A"
"4","Trait5","mrMLM","PstI.TP915238","11","6394","1.4748e-05","0.0032","C"
"4","Trait5","mrMLM","PstI.TP915405","11","6395","-1.5248e-05","0.0033","A"
"4","Trait5","mrMLM","PstI.TP915441","11","6396","0.0174","0.1758","A"
"4","Trait5","mrMLM","PstI.TP915531","11","6397","-7.4083e-06","0.0016","G"
"4","Trait5","mrMLM","PstI.TP915538","11","6398","5.4107e-06","0.0012","A"
"4","Trait5","mrMLM","PstI.TP915608","11","6399","1.1344e-05","0.0025","A"
"4","Trait5","mrMLM","PstI.TP915698","11","6400","-6.9754e-06","0.0015","A"
"4","Trait5","mrMLM","PstI.TP915962","11","6401","-0.1146","1.7498","A"
"4","Trait5","mrMLM","PstI.TP916242","11","6402","1.5292e-05","0.0033","A"
"4","Trait5","mrMLM","PstI.TP916472","11","6403","-0.0648","0.6069","A"
"4","Trait5","mrMLM","PstI.TP916576","11","6404","0.1062","0.7733","G"
"4","Trait5","mrMLM","PstI.TP916669","11","6405","-2.2265e-07","4.8464e-05","A"
"4","Trait5","mrMLM","PstI.TP916727","11","6406","2.1293e-05","0.0047","C"
"4","Trait5","mrMLM","PstI.TP916844","11","6407","-0.0473","0.3061","G"
"4","Trait5","mrMLM","PstI.TP916930","11","6408","-2.8396e-05","0.0062","G"
"4","Trait5","mrMLM","PstI.TP916996","11","6409","1.1896e-05","0.0026","C"
"4","Trait5","mrMLM","PstI.TP917018","11","6410","-1.4573e-05","0.0032","G"
"4","Trait5","mrMLM","PstI.TP917385","11","6411","1.6591e-05","0.0036","A"
"4","Trait5","mrMLM","PstI.TP917420","11","6412","-1.6023e-05","0.0035","C"
"4","Trait5","mrMLM","PstI.TP917602","11","6413","-0.0136","0.1968","A"
"4","Trait5","mrMLM","PstI.TP918154","11","6414","-1.2618e-06","3e-04","A"
"4","Trait5","mrMLM","PstI.TP918163","11","6415","-1.8638e-05","0.0041","C"
"4","Trait5","mrMLM","PstI.TP918254","11","6416","-0.1395","1.0135","C"
"4","Trait5","mrMLM","PstI.TP918390","11","6417","-1.7111e-05","0.0037","G"
"4","Trait5","mrMLM","PstI.TP918424","11","6418","-0.089","0.7957","A"
"4","Trait5","mrMLM","PstI.TP918652","11","6419","-5.7596e-06","0.0013","A"
"4","Trait5","mrMLM","PstI.TP918657","11","6420","1.1038e-05","0.0024","G"
"4","Trait5","mrMLM","PstI.TP918869","11","6421","5.004e-06","0.0011","A"
"4","Trait5","mrMLM","PstI.TP918913","11","6422","1.4114e-05","0.0031","C"
"4","Trait5","mrMLM","PstI.TP918944","11","6423","9.8991e-06","0.0022","C"
"4","Trait5","mrMLM","PstI.TP919407","11","6426","-4.4369e-06","0.001","C"
"4","Trait5","mrMLM","PstI.TP919581","11","6429","1.7159e-05","0.0038","A"
"4","Trait5","mrMLM","PstI.TP919595","11","6430","0.0426","0.3884","A"
"4","Trait5","mrMLM","PstI.TP919648","11","6431","1.3128e-06","3e-04","C"
"4","Trait5","mrMLM","PstI.TP920301","11","6432","-4.8845e-06","0.0011","A"
"4","Trait5","mrMLM","PstI.TP920762","11","6433","0.2863","1.0139","A"
"4","Trait5","mrMLM","PstI.TP920773","11","6434","-0.0676","0.5883","C"
"4","Trait5","mrMLM","PstI.TP920824","11","6435","-1.0782e-05","0.0024","C"
"4","Trait5","mrMLM","PstI.TP920856","11","6436","-1.4269e-05","0.0031","G"
"4","Trait5","mrMLM","PstI.TP920857","11","6437","-1.2239e-05","0.0027","A"
"4","Trait5","mrMLM","PstI.TP920939","11","6438","0.0537","0.3671","G"
"4","Trait5","mrMLM","PstI.TP920980","11","6439","-1.3132e-05","0.0029","A"
"4","Trait5","mrMLM","PstI.TP921033","11","6440","-0.1104","1.2179","A"
"4","Trait5","mrMLM","PstI.TP921635","11","6441","3.1262e-05","0.0069","A"
"4","Trait5","mrMLM","PstI.TP921749","11","6443","4.8893e-06","0.0011","G"
"4","Trait5","mrMLM","PstI.TP921767","11","6444","1.8954e-05","0.0041","C"
"4","Trait5","mrMLM","PstI.TP921900","11","6445","1.5302e-05","0.0033","A"
"4","Trait5","mrMLM","PstI.TP922050","11","6446","-0.0294","0.2965","C"
"4","Trait5","mrMLM","PstI.TP922102","11","6447","-0.1784","0.6345","A"
"4","Trait5","mrMLM","PstI.TP922498","11","6450","7.2885e-06","0.0016","C"
"4","Trait5","mrMLM","PstI.TP922501","11","6451","-5.2969e-06","0.0012","C"
"4","Trait5","mrMLM","PstI.TP922546","11","6452","2.2621e-06","5e-04","A"
"4","Trait5","mrMLM","PstI.TP922622","11","6453","-2.8551e-05","0.0063","C"
"4","Trait5","mrMLM","PstI.TP922645","11","6454","-0.0842","0.4544","A"
"4","Trait5","mrMLM","PstI.TP922902","11","6455","-0.0385","0.2843","C"
"4","Trait5","mrMLM","PstI.TP922904","11","6456","0.0299","0.2937","A"
"4","Trait5","mrMLM","PstI.TP923013","11","6457","0.3665","2.3817","A"
"4","Trait5","mrMLM","PstI.TP923325","11","6459","-3.5962e-06","8e-04","A"
"4","Trait5","mrMLM","PstI.TP923610","11","6464","-0.094","1.1103","C"
"4","Trait5","mrMLM","PstI.TP923687","11","6465","-2.8809e-06","6e-04","C"
"4","Trait5","mrMLM","PstI.TP923694","11","6466","3.735e-05","0.0082","A"
"4","Trait5","mrMLM","PstI.TP923806","11","6467","-2.2703e-05","0.005","C"
"4","Trait5","mrMLM","PstI.TP924038","11","6468","-1.7588e-05","0.0038","G"
"4","Trait5","mrMLM","PstI.TP924162","11","6469","0.0718","0.4229","C"
"4","Trait5","mrMLM","PstI.TP924394","11","6470","-1.3554e-05","0.003","A"
"4","Trait5","mrMLM","PstI.TP924625","11","6473","1.819e-05","0.004","A"
"4","Trait5","mrMLM","PstI.TP924933","11","6475","1.5226e-05","0.0033","G"
"4","Trait5","mrMLM","PstI.TP925340","11","6479","0.1749","1.1253","A"
"4","Trait5","mrMLM","PstI.TP925484","11","6480","-4.035e-06","9e-04","C"
"4","Trait5","mrMLM","PstI.TP925502","11","6481","9.0846e-06","0.002","A"
"4","Trait5","mrMLM","PstI.TP925849","11","6482","4.4755e-06","0.001","C"
"4","Trait5","mrMLM","PstI.TP926038","11","6484","-6.8422e-06","0.0015","C"
"4","Trait5","mrMLM","PstI.TP926161","11","6485","-1.1733e-06","3e-04","A"
"4","Trait5","mrMLM","PstI.TP926621","11","6486","0.2045","1.487","G"
"4","Trait5","mrMLM","PstI.TP926680","11","6487","0.0165","0.1491","G"
"4","Trait5","mrMLM","PstI.TP926722","11","6488","2.3806e-05","0.0052","C"
"4","Trait5","mrMLM","PstI.TP927088","11","6489","-0.0627","0.5303","C"
"4","Trait5","mrMLM","PstI.TP927154","11","6490","1.9886e-05","0.0043","A"
"4","Trait5","mrMLM","PstI.TP927272","11","6491","1.36e-05","0.003","A"
"4","Trait5","mrMLM","PstI.TP927867","11","6492","0.0535","0.4078","A"
"4","Trait5","mrMLM","PstI.TP928020","11","6494","6.7414e-06","0.0015","C"
"4","Trait5","mrMLM","PstI.TP928028","11","6495","0.1197","0.8041","A"
"4","Trait5","mrMLM","PstI.TP928131","11","6496","-1.3869e-05","0.003","A"
"4","Trait5","mrMLM","PstI.TP928877","11","6497","3.3127e-06","7e-04","A"
"4","Trait5","mrMLM","PstI.TP928960","11","6498","-0.1191","1.6657","C"
"4","Trait5","mrMLM","PstI.TP928995","11","6499","-1.6614e-05","0.0036","A"
"4","Trait5","mrMLM","PstI.TP929049","11","6500","0.0293","0.2158","A"
"4","Trait5","mrMLM","PstI.TP929069","11","6501","0.1274","0.6629","A"
"4","Trait5","mrMLM","PstI.TP929213","11","6503","-0.0243","0.2479","A"
"4","Trait5","mrMLM","PstI.TP929345","11","6504","2.0348e-05","0.0045","C"
"4","Trait5","mrMLM","PstI.TP929366","11","6505","-0.021","0.2787","A"
"4","Trait5","mrMLM","PstI.TP929592","11","6506","0.175","0.7294","G"
"4","Trait5","mrMLM","PstI.TP930028","11","6509","-0.0073","0.0835","G"
"4","Trait5","mrMLM","PstI.TP930121","11","6510","-2.3212e-05","0.0051","A"
"4","Trait5","mrMLM","PstI.TP930445","11","6511","-1.4259e-06","3e-04","A"
"4","Trait5","mrMLM","PstI.TP930450","11","6512","-2.8485e-05","0.0062","C"
"4","Trait5","mrMLM","PstI.TP931258","11","6516","1.135e-05","0.0025","A"
"4","Trait5","mrMLM","PstI.TP931579","11","6517","2.7355e-06","6e-04","A"
"4","Trait5","mrMLM","PstI.TP931592","11","6518","-5.9574e-06","0.0013","C"
"4","Trait5","mrMLM","PstI.TP931874","11","6520","-1.8369e-05","0.004","C"
"4","Trait5","mrMLM","PstI.TP932081","11","6521","1.3044e-05","0.0028","A"
"4","Trait5","mrMLM","PstI.TP932117","11","6522","0.0352","0.3779","C"
"4","Trait5","mrMLM","PstI.TP932175","11","6523","-2.7607e-05","0.0061","C"
"4","Trait5","mrMLM","PstI.TP932230","11","6524","0.1607","0.9489","C"
"4","Trait5","mrMLM","PstI.TP932361","11","6525","-1.3027e-05","0.0028","A"
"4","Trait5","mrMLM","PstI.TP932367","11","6526","-0.058","0.5927","G"
"4","Trait5","mrMLM","PstI.TP932689","11","6527","-2.9963e-05","0.0066","C"
"4","Trait5","mrMLM","PstI.TP932850","11","6532","-7.193e-06","0.0016","A"
"4","Trait5","mrMLM","PstI.TP933142","11","6533","-0.0803","1.1097","A"
"4","Trait5","mrMLM","PstI.TP933502","11","6534","-0.2315","1.785","A"
"4","Trait5","mrMLM","PstI.TP933579","11","6536","-0.1084","0.3587","C"
"4","Trait5","mrMLM","PstI.TP933695","11","6537","3.2496e-06","7e-04","C"
"4","Trait5","mrMLM","PstI.TP934024","11","6539","2.4989e-05","0.0055","C"
"4","Trait5","mrMLM","PstI.TP934147","11","6541","-0.2146","1.5703","A"
"4","Trait5","mrMLM","PstI.TP934503","11","6542","-0.056","0.3249","A"
"4","Trait5","mrMLM","PstI.TP934504","11","6543","0.119","0.7824","A"
"4","Trait5","mrMLM","PstI.TP934590","11","6544","-1.2643e-05","0.0028","A"
"4","Trait5","mrMLM","PstI.TP934670","11","6545","0.1341","1.8829","C"
"4","Trait5","mrMLM","PstI.TP934998","11","6547","0.0413","0.297","C"
"4","Trait5","mrMLM","PstI.TP935398","11","6548","-8.563e-06","0.0019","A"
"4","Trait5","mrMLM","PstI.TP936135","11","6549","-3.9938e-06","9e-04","C"
"4","Trait5","mrMLM","PstI.TP936322","11","6550","-9.3808e-06","0.002","C"
"4","Trait5","mrMLM","PstI.TP936448","11","6552","0.0295","0.1596","A"
"4","Trait5","mrMLM","PstI.TP936449","11","6553","-3.5178e-06","8e-04","G"
"4","Trait5","mrMLM","PstI.TP936513","11","6554","4.907e-06","0.0011","A"
"4","Trait5","mrMLM","PstI.TP936824","11","6555","0.1245","0.4152","C"
"4","Trait5","mrMLM","PstI.TP937213","11","6556","-3.9905e-06","9e-04","A"
"4","Trait5","mrMLM","PstI.TP937352","11","6557","-1.0656e-05","0.0023","C"
"4","Trait5","mrMLM","PstI.TP937371","11","6558","0.1222","0.7021","G"
"4","Trait5","mrMLM","PstI.TP937446","11","6559","-9.2264e-06","0.002","C"
"4","Trait5","mrMLM","PstI.TP937647","11","6560","6.4281e-06","0.0014","C"
"4","Trait5","mrMLM","PstI.TP937847","11","6561","-6.731e-06","0.0015","G"
"4","Trait5","mrMLM","PstI.TP938416","11","6563","-0.1438","0.8067","C"
"4","Trait5","mrMLM","PstI.TP938691","11","6564","-1.6839e-05","0.0037","A"
"4","Trait5","mrMLM","PstI.TP938965","11","6565","-1.8043e-05","0.0039","C"
"4","Trait5","mrMLM","PstI.TP939079","11","6566","5.4156e-06","0.0012","A"
"4","Trait5","mrMLM","PstI.TP939178","11","6567","1.81e-06","4e-04","C"
"4","Trait5","mrMLM","PstI.TP939194","11","6568","-1.1423e-05","0.0025","C"
"4","Trait5","mrMLM","PstI.TP939292","11","6569","2.8266e-05","0.0062","A"
"4","Trait5","mrMLM","PstI.TP939360","11","6570","-0.0864","0.6859","A"
"4","Trait5","mrMLM","PstI.TP939402","11","6571","-3.6322e-06","8e-04","A"
"4","Trait5","mrMLM","PstI.TP939504","11","6572","3.5893e-05","0.0079","A"
"4","Trait5","mrMLM","PstI.TP939600","11","6573","-1.6796e-05","0.0037","A"
"4","Trait5","mrMLM","PstI.TP939773","11","6574","5.935e-06","0.0013","C"
"4","Trait5","mrMLM","PstI.TP939825","11","6575","-2.5476e-06","6e-04","A"
"4","Trait5","mrMLM","PstI.TP940057","11","6577","0.1853","1.6211","A"
"4","Trait5","mrMLM","PstI.TP940219","11","6578","0.0416","0.3167","C"
"4","Trait5","mrMLM","PstI.TP940243","11","6579","0.0207","0.2974","C"
"4","Trait5","mrMLM","PstI.TP940344","11","6581","0.0178","0.2608","A"
"4","Trait5","mrMLM","PstI.TP940609","11","6582","3.3264e-05","0.0073","C"
"4","Trait5","mrMLM","PstI.TP940660","11","6583","-0.1383","0.691","A"
"4","Trait5","mrMLM","PstI.TP940921","11","6584","-2.8031e-05","0.0061","C"
"4","Trait5","mrMLM","PstI.TP941012","11","6585","-2.6469e-06","6e-04","C"
"4","Trait5","mrMLM","PstI.TP941023","11","6586","-4.5179e-06","0.001","A"
"4","Trait5","mrMLM","PstI.TP941024","11","6587","4.1086e-05","0.009","C"
"4","Trait5","mrMLM","PstI.TP941070","11","6588","1.059e-05","0.0023","C"
"4","Trait5","mrMLM","PstI.TP941802","11","6589","4.2739e-06","9e-04","C"
"4","Trait5","mrMLM","PstI.TP941904","11","6590","3.6106e-05","0.0079","A"
"4","Trait5","mrMLM","PstI.TP942193","11","6591","2.8659e-05","0.0063","A"
"4","Trait5","mrMLM","PstI.TP942536","11","6592","-0.0196","0.2648","A"
"4","Trait5","mrMLM","PstI.TP942574","11","6593","1.3282e-05","0.0029","A"
"4","Trait5","mrMLM","PstI.TP942718","11","6594","0.1007","0.9198","C"
"4","Trait5","mrMLM","PstI.TP942890","11","6595","1.2092e-05","0.0026","G"
"4","Trait5","mrMLM","PstI.TP942909","11","6596","-6.4907e-06","0.0014","A"
"4","Trait5","mrMLM","PstI.TP944522","11","6600","1.8269e-06","4e-04","C"
"4","Trait5","mrMLM","PstI.TP944589","11","6602","6.3335e-06","0.0014","C"
"4","Trait5","mrMLM","PstI.TP945781","11","6603","-1.6697e-05","0.0036","C"
"4","Trait5","mrMLM","PstI.TP945784","11","6604","-9.0909e-06","0.002","C"
"4","Trait5","mrMLM","PstI.TP946062","11","6607","-0.1621","1.0457","C"
"4","Trait5","mrMLM","PstI.TP946355","11","6609","-1.3145e-05","0.0029","C"
"4","Trait5","mrMLM","PstI.TP946396","11","6610","1.4678e-05","0.0032","A"
"4","Trait5","mrMLM","PstI.TP946578","11","6611","-1.0198e-05","0.0022","C"
"4","Trait5","mrMLM","PstI.TP946775","11","6612","-0.0383","0.4424","G"
"4","Trait5","mrMLM","PstI.TP946826","11","6613","1.9911e-06","4e-04","C"
"4","Trait5","mrMLM","PstI.TP946831","11","6614","-1.7503e-05","0.0038","G"
"4","Trait5","mrMLM","PstI.TP947067","11","6615","1.1661e-05","0.0025","A"
"4","Trait5","mrMLM","PstI.TP947420","11","6618","-0.0866","1.0531","C"
"4","Trait5","mrMLM","PstI.TP947731","11","6619","-0.1578","1.1758","C"
"4","Trait5","mrMLM","PstI.TP947797","11","6620","0.1673","1.0471","A"
"4","Trait5","mrMLM","PstI.TP947829","11","6621","1.7434e-05","0.0038","G"
"4","Trait5","mrMLM","PstI.TP948061","11","6623","-0.0633","0.324","A"
"4","Trait5","mrMLM","PstI.TP948255","11","6624","-0.0952","0.9346","C"
"4","Trait5","mrMLM","PstI.TP948427","11","6625","0.0131","0.2048","G"
"4","Trait5","mrMLM","PstI.TP948744","11","6626","-5.263e-06","0.0011","A"
"4","Trait5","mrMLM","PstI.TP948994","11","6627","2.493e-05","0.0055","A"
"4","Trait5","mrMLM","PstI.TP949022","11","6628","-5.6971e-07","1e-04","A"
"4","Trait5","mrMLM","PstI.TP949429","11","6631","-4.9967e-06","0.0011","C"
"4","Trait5","mrMLM","PstI.TP950232","11","6634","6.1844e-06","0.0013","C"
"4","Trait5","mrMLM","PstI.TP950847","11","6636","6.1396e-06","0.0013","A"
"4","Trait5","mrMLM","PstI.TP951026","11","6637","2.6284e-05","0.0058","A"
"4","Trait5","mrMLM","PstI.TP951028","11","6638","-0.0117","0.1849","C"
"4","Trait5","mrMLM","PstI.TP951176","11","6640","6.7383e-06","0.0015","A"
"4","Trait5","mrMLM","PstI.TP951357","11","6641","0.1549","0.6763","A"
"4","Trait5","mrMLM","PstI.TP951844","11","6642","-8.2205e-07","2e-04","A"
"4","Trait5","mrMLM","PstI.TP951950","11","6643","0.0438","0.3916","A"
"4","Trait5","mrMLM","PstI.TP952060","11","6644","-1.3522e-05","0.003","C"
"4","Trait5","mrMLM","PstI.TP952096","11","6645","3.8693e-05","0.0085","A"
"4","Trait5","mrMLM","PstI.TP952316","11","6647","1.8713e-05","0.0041","A"
"4","Trait5","mrMLM","PstI.TP952442","11","6648","2.2829e-06","5e-04","C"
"4","Trait5","mrMLM","PstI.TP952488","11","6649","3.6747e-06","8e-04","A"
"4","Trait5","mrMLM","PstI.TP952805","11","6650","-0.0237","0.2972","A"
"4","Trait5","mrMLM","PstI.TP952818","11","6651","1.6911e-05","0.0037","A"
"4","Trait5","mrMLM","PstI.TP952869","11","6652","-2.4527e-06","5e-04","G"
"4","Trait5","mrMLM","PstI.TP953233","11","6653","1.5608e-05","0.0034","A"
"4","Trait5","mrMLM","PstI.TP953267","11","6654","-7.4348e-07","2e-04","A"
"4","Trait5","mrMLM","PstI.TP953399","11","6655","-1.8781e-05","0.0041","A"
"4","Trait5","mrMLM","PstI.TP953838","11","6656","0.096","0.7012","C"
"4","Trait5","mrMLM","PstI.TP954118","11","6658","2.3711e-05","0.0052","A"
"4","Trait5","mrMLM","PstI.TP954144","11","6659","0.3075","0.9166","A"
"4","Trait5","mrMLM","PstI.TP954446","11","6660","2.1732e-05","0.0048","A"
"4","Trait5","mrMLM","PstI.TP955327","11","6661","-3.4333e-06","7e-04","G"
"4","Trait5","mrMLM","PstI.TP955372","11","6663","1.5832e-05","0.0035","A"
"4","Trait5","mrMLM","PstI.TP955472","11","6664","0.0264","0.2081","A"
"4","Trait5","mrMLM","PstI.TP955488","11","6665","2.5058e-06","5e-04","G"
"4","Trait5","mrMLM","PstI.TP955866","11","6666","-2.1917e-06","5e-04","A"
"4","Trait5","mrMLM","PstI.TP956054","11","6668","-5.457e-06","0.0012","A"
"4","Trait5","mrMLM","PstI.TP956101","11","6669","0.0625","0.5195","A"
"4","Trait5","mrMLM","PstI.TP956432","11","6670","-0.0766","0.8916","A"
"4","Trait5","mrMLM","PstI.TP956956","11","6671","-0.1661","0.9995","A"
"4","Trait5","mrMLM","PstI.TP957265","11","6672","1.1262e-05","0.0025","C"
"4","Trait5","mrMLM","PstI.TP957297","11","6673","-0.0447","0.3957","C"
"4","Trait5","mrMLM","PstI.TP957477","11","6674","2.1329e-06","5e-04","C"
"4","Trait5","mrMLM","PstI.TP957486","11","6675","0.1324","0.7965","A"
"4","Trait5","mrMLM","PstI.TP957674","11","6676","-3.3489e-08","7.2884e-06","A"
"4","Trait5","mrMLM","PstI.TP958090","11","6679","-4.3249e-07","9.4129e-05","C"
"4","Trait5","mrMLM","PstI.TP958319","11","6681","-0.1248","0.7792","A"
"4","Trait5","mrMLM","PstI.TP958383","11","6682","0.0338","0.3911","A"
"4","Trait5","mrMLM","PstI.TP958475","11","6683","3.0609e-05","0.0067","G"
"4","Trait5","mrMLM","PstI.TP958641","11","6684","-0.1457","0.7209","C"
"4","Trait5","mrMLM","PstI.TP959429","11","6686","1.0469e-05","0.0023","A"
"4","Trait5","mrMLM","PstI.TP959839","11","6687","-2.207e-05","0.0048","C"
"4","Trait5","mrMLM","PstI.TP960127","11","6688","-1.604e-06","3e-04","G"
"4","Trait5","mrMLM","PstI.TP960827","11","6689","5.8259e-07","1e-04","G"
"4","Trait5","mrMLM","PstI.TP961116","11","6690","0.2148","1.4413","A"
"4","Trait5","mrMLM","PstI.TP961173","11","6691","1.1585e-05","0.0025","A"
"4","Trait5","mrMLM","PstI.TP961505","11","6692","1.2754e-05","0.0028","A"
"4","Trait5","mrMLM","PstI.TP961539","11","6693","-1.3892e-05","0.003","C"
"4","Trait5","mrMLM","PstI.TP962162","11","6695","2.4622e-05","0.0054","A"
"4","Trait5","mrMLM","PstI.TP962612","11","6697","4.8564e-06","0.0011","G"
"4","Trait5","mrMLM","PstI.TP962915","11","6699","-1.8192e-06","4e-04","A"
"4","Trait5","mrMLM","PstI.TP963456","11","6700","-4.5724e-05","0.0101","A"
"4","Trait5","mrMLM","PstI.TP963526","11","6701","-1.6676e-06","4e-04","C"
"4","Trait5","mrMLM","PstI.TP963828","11","6702","-1.9924e-06","4e-04","A"
"4","Trait5","mrMLM","PstI.TP963885","11","6703","-0.061","0.7283","C"
"4","Trait5","mrMLM","PstI.TP964136","11","6705","0.0116","0.1266","A"
"4","Trait5","mrMLM","PstI.TP964857","11","6708","-2.2316e-06","5e-04","C"
"4","Trait5","mrMLM","PstI.TP965300","11","6709","-0.0415","0.3499","G"
"4","Trait5","mrMLM","PstI.TP965408","11","6710","-4.6125e-06","0.001","A"
"4","Trait5","mrMLM","PstI.TP965846","11","6711","3.0606e-06","7e-04","C"
"4","Trait5","mrMLM","PstI.TP966203","11","6712","3.0709e-05","0.0067","A"
"4","Trait5","mrMLM","PstI.TP966266","11","6713","-2.7697e-05","0.0061","A"
"4","Trait5","mrMLM","PstI.TP966405","11","6715","0.0294","0.276","C"
"4","Trait5","mrMLM","PstI.TP967303","11","6716","-1.0527e-05","0.0023","C"
"4","Trait5","mrMLM","PstI.TP967602","11","6717","2.9332e-05","0.0064","A"
"4","Trait5","mrMLM","PstI.TP967817","11","6718","1.3546e-05","0.003","A"
"4","Trait5","mrMLM","PstI.TP968085","11","6719","-9.4115e-06","0.0021","C"
"4","Trait5","mrMLM","PstI.TP968217","11","6720","0.1197","0.475","A"
"4","Trait5","mrMLM","PstI.TP968586","11","6721","3.6843e-05","0.0081","A"
"4","Trait5","mrMLM","PstI.TP968740","11","6722","-0.0265","0.2083","A"
"4","Trait5","mrMLM","PstI.TP969082","11","6723","-0.1155","0.9653","C"
"4","Trait5","mrMLM","PstI.TP969110","11","6724","0.058","0.3888","C"
"4","Trait5","mrMLM","PstI.TP969551","11","6727","-0.132","1.0115","C"
"4","Trait5","mrMLM","PstI.TP969556","11","6728","-7.2698e-06","0.0016","C"
"4","Trait5","mrMLM","PstI.TP969628","11","6729","-0.0427","0.2573","C"
"4","Trait5","mrMLM","PstI.TP969692","11","6730","-1.2065e-05","0.0026","C"
"4","Trait5","mrMLM","PstI.TP969694","11","6731","0.0681","0.8467","C"
"4","Trait5","mrMLM","PstI.TP969736","11","6732","7.1946e-06","0.0016","A"
"4","Trait5","mrMLM","PstI.TP969818","11","6733","2.414e-06","5e-04","G"
"4","Trait5","mrMLM","PstI.TP970192","11","6735","1.2245e-05","0.0027","C"
"4","Trait5","mrMLM","PstI.TP971132","11","6737","1.8494e-05","0.004","A"
"4","Trait5","mrMLM","PstI.TP971148","11","6738","3.9139e-06","9e-04","C"
"4","Trait5","mrMLM","PstI.TP971268","11","6739","0.0647","0.5803","C"
"4","Trait5","mrMLM","PstI.TP971959","11","6742","-0.0039","0.0995","A"
"4","Trait5","mrMLM","PstI.TP971985","11","6743","0.0951","0.7459","C"
"4","Trait5","mrMLM","PstI.TP972077","11","6744","-0.0012","0.061","C"
"4","Trait5","mrMLM","PstI.TP972211","11","6745","1.6101e-05","0.0035","G"
"4","Trait5","mrMLM","PstI.TP972614","11","6747","-0.0957","0.6747","C"
"4","Trait5","mrMLM","PstI.TP972893","11","6749","-2.408e-05","0.0053","A"
"4","Trait5","mrMLM","PstI.TP972948","11","6750","-5.0166e-06","0.0011","A"
"4","Trait5","mrMLM","PstI.TP973620","11","6751","-7.56e-06","0.0016","C"
"4","Trait5","mrMLM","PstI.TP974026","11","6753","1.4212e-05","0.0031","G"
"4","Trait5","mrMLM","PstI.TP974291","11","6756","7.027e-06","0.0015","C"
"4","Trait5","mrMLM","PstI.TP974381","11","6757","-1.1386e-05","0.0025","A"
"4","Trait5","mrMLM","PstI.TP974500","11","6759","-1.0239e-05","0.0022","C"
"4","Trait5","mrMLM","PstI.TP974653","11","6761","0.0427","0.3243","C"
"4","Trait5","mrMLM","PstI.TP974703","11","6762","0.1891","0.6004","C"
"4","Trait5","mrMLM","PstI.TP974799","11","6763","-1.3636e-05","0.003","C"
"4","Trait5","mrMLM","PstI.TP974888","11","6764","0.0812","0.7379","A"
"4","Trait5","mrMLM","PstI.TP975447","11","6767","-2.9472e-05","0.0065","A"
"4","Trait5","mrMLM","PstI.TP975677","11","6768","-5.5317e-06","0.0012","C"
"4","Trait5","mrMLM","PstI.TP975764","11","6770","-1.2559e-06","3e-04","C"
"4","Trait5","mrMLM","PstI.TP976048","11","6771","1.9243e-05","0.0042","A"
"4","Trait5","mrMLM","PstI.TP976164","11","6772","3.5662e-06","8e-04","A"
"4","Trait5","mrMLM","PstI.TP976281","11","6773","1.6139e-05","0.0035","C"
"4","Trait5","mrMLM","PstI.TP976336","11","6774","0.0672","0.6208","G"
"4","Trait5","mrMLM","PstI.TP976552","11","6775","-0.1301","0.6745","C"
"4","Trait5","mrMLM","PstI.TP976749","11","6776","1.8811e-06","4e-04","C"
"4","Trait5","mrMLM","PstI.TP977109","11","6778","-1.2852e-05","0.0028","A"
"4","Trait5","mrMLM","PstI.TP977165","11","6779","-0.1417","2.0109","A"
"4","Trait5","mrMLM","PstI.TP977299","11","6780","-7.2185e-06","0.0016","A"
"4","Trait5","mrMLM","PstI.TP977586","11","6781","5.7403e-06","0.0013","G"
"4","Trait5","mrMLM","PstI.TP977688","11","6782","-4.0493e-05","0.0089","A"
"4","Trait5","mrMLM","PstI.TP977751","11","6783","-0.1452","0.9532","C"
"4","Trait5","mrMLM","PstI.TP977902","11","6784","-3.1249e-05","0.0069","A"
"4","Trait5","mrMLM","PstI.TP978245","11","6785","9.4618e-06","0.0021","C"
"4","Trait5","mrMLM","PstI.TP978433","11","6786","0.1412","0.7939","C"
"4","Trait5","mrMLM","PstI.TP978874","11","6787","-0.057","0.6903","A"
"4","Trait5","mrMLM","PstI.TP979528","11","6789","4.2454e-06","9e-04","A"
"4","Trait5","mrMLM","PstI.TP979574","11","6790","9.1084e-06","0.002","A"
"4","Trait5","mrMLM","PstI.TP979641","11","6791","-0.0507","0.3676","C"
"4","Trait5","mrMLM","PstI.TP979656","11","6792","-0.0755","0.3712","C"
"4","Trait5","mrMLM","PstI.TP980067","11","6793","0.1071","0.9811","C"
"4","Trait5","mrMLM","PstI.TP980573","11","6795","-0.0197","0.2162","A"
"4","Trait5","mrMLM","PstI.TP981003","11","6797","7.27e-06","0.0016","C"
"4","Trait5","mrMLM","PstI.TP981187","11","6800","-0.0565","0.5741","C"
"4","Trait5","mrMLM","PstI.TP981232","11","6801","-4.2055e-05","0.0093","C"
"4","Trait5","mrMLM","PstI.TP981233","11","6802","7.2697e-06","0.0016","A"
"4","Trait5","mrMLM","PstI.TP981237","11","6803","0.0754","0.59","A"
"4","Trait5","mrMLM","PstI.TP981260","11","6804","1.6913e-06","4e-04","A"
"4","Trait5","mrMLM","PstI.TP981538","11","6805","3.8416e-06","8e-04","A"
"4","Trait5","mrMLM","PstI.TP981616","11","6807","1.8392e-05","0.004","A"
"4","Trait5","mrMLM","PstI.TP981731","11","6808","0.2124","1.2955","A"
"4","Trait5","mrMLM","PstI.TP982016","11","6809","0.0397","0.3062","A"
"4","Trait5","mrMLM","PstI.TP982072","11","6810","1.4269e-05","0.0031","A"
"4","Trait5","mrMLM","PstI.TP982074","11","6811","-0.0284","0.3057","A"
"4","Trait5","mrMLM","PstI.TP982415","11","6812","2.2511e-05","0.0049","A"
"4","Trait5","mrMLM","PstI.TP982419","11","6813","2.3546e-05","0.0052","A"
"4","Trait5","mrMLM","PstI.TP982997","11","6817","-1.0401e-05","0.0023","A"
"4","Trait5","mrMLM","PstI.TP983069","11","6818","5.1757e-07","1e-04","C"
"4","Trait5","mrMLM","PstI.TP983538","11","6819","5.3634e-07","1e-04","A"
"4","Trait5","mrMLM","PstI.TP983670","11","6820","-1.5479e-05","0.0034","G"
"4","Trait5","mrMLM","PstI.TP983705","11","6821","0.308","0.8554","A"
"4","Trait5","mrMLM","PstI.TP983709","11","6822","-8.0577e-06","0.0018","C"
"4","Trait5","mrMLM","PstI.TP983948","11","6824","1.2928e-05","0.0028","A"
"4","Trait5","mrMLM","PstI.TP983959","11","6825","1.0951e-05","0.0024","C"
"4","Trait5","mrMLM","PstI.TP984199","11","6827","-1.9257e-07","4.1919e-05","C"
"4","Trait5","mrMLM","PstI.TP984326","11","6828","-0.1155","1.0438","A"
"4","Trait5","mrMLM","PstI.TP984391","11","6829","-4e-04","0.0252","C"
"4","Trait5","mrMLM","PstI.TP984537","11","6830","1.725e-05","0.0038","C"
"4","Trait5","mrMLM","PstI.TP984618","11","6831","1.4097e-05","0.0031","C"
"4","Trait5","mrMLM","PstI.TP984642","11","6832","1.6052e-05","0.0035","C"
"4","Trait5","mrMLM","PstI.TP984907","11","6834","-1.8179e-06","4e-04","C"
"4","Trait5","mrMLM","PstI.TP984923","11","6835","0.0696","0.4039","C"
"4","Trait5","mrMLM","PstI.TP985047","11","6836","0.0226","0.3576","A"
"4","Trait5","mrMLM","PstI.TP985069","11","6837","9.1801e-06","0.002","C"
"4","Trait5","mrMLM","PstI.TP985404","11","6838","1.4592e-05","0.0032","A"
"4","Trait5","mrMLM","PstI.TP985976","11","6839","-4.2924e-05","0.0094","C"
"4","Trait5","mrMLM","PstI.TP986004","11","6840","0.0467","0.3784","A"
"4","Trait5","mrMLM","PstI.TP986163","11","6841","0.1162","0.5841","A"
"4","Trait5","mrMLM","PstI.TP986639","11","6842","-3.9253e-06","9e-04","A"
"4","Trait5","mrMLM","PstI.TP987022","11","6844","0.006","0.0904","A"
"4","Trait5","mrMLM","PstI.TP987102","11","6845","0.1317","0.6339","C"
"4","Trait5","mrMLM","PstI.TP987105","11","6846","0.0452","0.2951","A"
"4","Trait5","mrMLM","PstI.TP987266","11","6848","5.6488e-06","0.0012","A"
"4","Trait5","mrMLM","PstI.TP987403","11","6850","1.3728e-05","0.003","C"
"4","Trait5","mrMLM","PstI.TP987500","11","6851","-0.3057","1.7222","A"
"4","Trait5","mrMLM","PstI.TP987594","11","6852","-0.0431","0.2364","A"
"4","Trait5","mrMLM","PstI.TP987709","11","6853","6.8157e-06","0.0015","A"
"4","Trait5","mrMLM","PstI.TP987840","11","6854","-1.0187e-05","0.0022","C"
"4","Trait5","mrMLM","PstI.TP987853","11","6855","-2.6496e-06","6e-04","C"
"4","Trait5","mrMLM","PstI.TP987941","11","6857","-2.8117e-05","0.0062","A"
"4","Trait5","mrMLM","PstI.TP987977","11","6858","-0.1649","1.0345","A"
"4","Trait5","mrMLM","PstI.TP988015","11","6859","-2.3758e-06","5e-04","G"
"4","Trait5","mrMLM","PstI.TP988112","11","6860","0.0149","0.1339","C"
"4","Trait5","mrMLM","PstI.TP988228","11","6862","0.0984","0.723","C"
"4","Trait5","mrMLM","PstI.TP988377","11","6864","0.0296","0.3258","C"
"4","Trait5","mrMLM","PstI.TP988557","11","6865","0.0533","0.2429","A"
"4","Trait5","mrMLM","PstI.TP988806","11","6866","0.026","0.1536","A"
"4","Trait5","mrMLM","PstI.TP988870","11","6867","-0.1217","0.8373","C"
"4","Trait5","mrMLM","PstI.TP989055","11","6869","-1.6359e-05","0.0036","C"
"4","Trait5","mrMLM","PstI.TP989136","11","6871","0.0551","0.377","A"
"4","Trait5","mrMLM","PstI.TP989364","11","6872","-0.027","0.3083","A"
"4","Trait5","mrMLM","PstI.TP989410","11","6873","-1.2108e-05","0.0026","C"
"4","Trait5","mrMLM","PstI.TP989816","11","6875","7.0045e-06","0.0015","C"
"4","Trait5","mrMLM","PstI.TP989912","11","6876","3.5202e-05","0.0077","A"
"4","Trait5","mrMLM","PstI.TP990339","11","6877","-0.0228","0.1836","A"
"4","Trait5","mrMLM","PstI.TP990482","11","6879","-3.8783e-05","0.0085","A"
"4","Trait5","mrMLM","PstI.TP990802","11","6881","0.0126","0.1604","A"
"4","Trait5","mrMLM","PstI.TP990845","11","6882","-4.0697e-05","0.009","C"
"4","Trait5","mrMLM","PstI.TP991026","11","6883","0.1188","0.9416","A"
"4","Trait5","mrMLM","PstI.TP991542","11","6885","-1.6737e-06","4e-04","A"
"4","Trait5","mrMLM","PstI.TP991685","11","6886","1.5713e-05","0.0034","A"
"4","Trait5","mrMLM","PstI.TP991776","11","6887","1.9589e-05","0.0043","A"
"4","Trait5","mrMLM","PstI.TP991811","11","6888","-0.0526","0.5657","C"
"4","Trait5","mrMLM","PstI.TP991967","11","6890","-2.7943e-06","6e-04","C"
"4","Trait5","mrMLM","PstI.TP992343","11","6891","-2.5188e-06","5e-04","G"
"4","Trait5","mrMLM","PstI.TP992537","11","6892","0.0463","0.486","C"
"4","Trait5","mrMLM","PstI.TP992836","11","6894","-2.0386e-05","0.0045","A"
"4","Trait5","mrMLM","PstI.TP992848","11","6895","-0.0738","0.3481","A"
"4","Trait5","mrMLM","PstI.TP992870","11","6896","-2.0208e-05","0.0044","C"
"4","Trait5","mrMLM","PstI.TP993455","11","6897","1.3332e-05","0.0029","A"
"4","Trait5","mrMLM","PstI.TP993457","11","6898","2.3233e-05","0.0051","C"
"4","Trait5","mrMLM","PstI.TP993881","11","6902","0.0929","0.6884","C"
"4","Trait5","mrMLM","PstI.TP993934","11","6903","3.1785e-05","0.007","C"
"4","Trait5","mrMLM","PstI.TP994472","11","6904","2.3408e-05","0.0051","G"
"4","Trait5","mrMLM","PstI.TP994523","11","6906","-0.2116","1.2459","A"
"4","Trait5","mrMLM","PstI.TP995075","11","6910","-6.4586e-06","0.0014","A"
"4","Trait5","mrMLM","PstI.TP995115","11","6911","0.0252","0.3237","C"
"4","Trait5","mrMLM","PstI.TP995219","11","6912","3.0808e-06","7e-04","A"
"4","Trait5","mrMLM","PstI.TP995845","11","6913","-0.0688","0.7033","C"
"4","Trait5","mrMLM","PstI.TP996140","11","6915","-4.0644e-06","9e-04","A"
"4","Trait5","mrMLM","PstI.TP996314","11","6916","0.1002","0.502","A"
"4","Trait5","mrMLM","PstI.TP996550","11","6917","3.4819e-06","8e-04","C"
"4","Trait5","mrMLM","PstI.TP996642","11","6918","0.0462","0.4845","A"
"4","Trait5","mrMLM","PstI.TP996740","11","6919","4.3375e-06","9e-04","A"
"4","Trait5","mrMLM","PstI.TP996826","11","6920","-0.1866","1.1768","A"
"4","Trait5","mrMLM","PstI.TP996866","11","6921","5.7217e-06","0.0012","A"
"4","Trait5","mrMLM","PstI.TP996907","11","6923","4.2026e-06","9e-04","C"
"4","Trait5","mrMLM","PstI.TP996918","11","6924","-1.9825e-05","0.0043","A"
"4","Trait5","mrMLM","PstI.TP997319","11","6927","8.7048e-06","0.0019","C"
"4","Trait5","mrMLM","PstI.TP997350","11","6928","-0.1617","1.5799","C"
"4","Trait5","mrMLM","PstI.TP997362","11","6929","-1.438e-05","0.0031","C"
"4","Trait5","mrMLM","PstI.TP997548","11","6930","-1.0889e-05","0.0024","C"
"4","Trait5","mrMLM","PstI.TP997573","11","6931","1.3466e-05","0.0029","A"
"4","Trait5","mrMLM","PstI.TP998433","11","6937","0.0521","0.3631","A"
"4","Trait5","mrMLM","PstI.TP998695","11","6938","-9.977e-06","0.0022","A"
"4","Trait5","mrMLM","PstI.TP998730","11","6939","0.0287","0.2784","A"
"4","Trait5","mrMLM","PstI.TP998778","11","6940","-0.0244","0.2131","C"
"4","Trait5","mrMLM","PstI.TP999288","11","6941","1.9707e-05","0.0043","A"
"4","Trait5","mrMLM","PstI.TP999446","11","6942","-0.2154","0.624","C"
"4","Trait5","mrMLM","PstI.TP999920","11","6944","1.4914e-05","0.0033","C"
"4","Trait5","mrMLM","PstI.TP1000030","11","6945","2.4934e-05","0.0055","C"
"4","Trait5","mrMLM","PstI.TP1000304","11","6947","2.5173e-05","0.0055","C"
"4","Trait5","mrMLM","PstI.TP1000430","11","6948","-0.1149","0.8111","G"
"4","Trait5","mrMLM","PstI.TP1000463","11","6949","0.0158","0.1795","A"
"4","Trait5","mrMLM","PstI.TP1000498","11","6950","1.7112e-06","4e-04","A"
"4","Trait5","mrMLM","PstI.TP1000868","11","6952","3.0837e-05","0.0068","C"
"4","Trait5","mrMLM","PstI.TP1001272","11","6954","6.02e-06","0.0013","A"
"4","Trait5","mrMLM","PstI.TP1001888","11","6955","3.2096e-06","7e-04","G"
"4","Trait5","mrMLM","PstI.TP1002094","11","6956","0.1309","1.4789","C"
"4","Trait5","mrMLM","PstI.TP1002457","11","6957","-1.6395e-05","0.0036","A"
"4","Trait5","mrMLM","PstI.TP1002539","11","6958","-0.1388","0.6611","A"
"4","Trait5","mrMLM","PstI.TP1002850","11","6959","-4.2405e-06","9e-04","G"
"4","Trait5","mrMLM","PstI.TP1003200","11","6960","-0.0086","0.115","A"
"4","Trait5","mrMLM","PstI.TP1003385","11","6961","5.7039e-07","1e-04","C"
"4","Trait5","mrMLM","PstI.TP1003529","11","6963","1.9497e-06","4e-04","C"
"4","Trait5","mrMLM","PstI.TP1003919","11","6966","4.7357e-06","0.001","A"
"4","Trait5","mrMLM","PstI.TP1004013","11","6967","1.4427e-05","0.0032","A"
"4","Trait5","mrMLM","PstI.TP1004016","11","6968","8.6968e-06","0.0019","A"
"4","Trait5","mrMLM","PstI.TP1004876","11","6970","-1.6793e-05","0.0037","C"
"4","Trait5","mrMLM","PstI.TP1005058","11","6971","-1.6971e-05","0.0037","C"
"4","Trait5","mrMLM","PstI.TP1005750","11","6973","1.915e-05","0.0042","C"
"4","Trait5","mrMLM","PstI.TP1006432","11","6974","-6.3541e-06","0.0014","G"
"4","Trait5","mrMLM","PstI.TP1006590","11","6975","-0.0898","0.5125","A"
"4","Trait5","mrMLM","PstI.TP1006806","11","6976","3.2947e-05","0.0072","C"
"4","Trait5","mrMLM","PstI.TP1007075","11","6980","-0.0279","0.1984","A"
"4","Trait5","mrMLM","PstI.TP1007102","11","6981","4.9458e-06","0.0011","C"
"4","Trait5","mrMLM","PstI.TP1007306","11","6982","-0.0396","0.2763","G"
"4","Trait5","mrMLM","PstI.TP1007648","11","6984","0.0096","0.1309","G"
"4","Trait5","mrMLM","PstI.TP1007773","11","6986","1.4714e-05","0.0032","C"
"4","Trait5","mrMLM","PstI.TP1007862","11","6987","5.2706e-07","1e-04","C"
"4","Trait5","mrMLM","PstI.TP1008094","11","6988","-0.2657","1.4051","A"
"4","Trait5","mrMLM","PstI.TP1008549","11","6990","-1.9629e-05","0.0043","A"
"4","Trait5","mrMLM","PstI.TP1008688","11","6993","1.6703e-05","0.0037","C"
"4","Trait5","mrMLM","PstI.TP1008843","11","6994","6.9149e-06","0.0015","C"
"4","Trait5","mrMLM","PstI.TP1008887","11","6995","-0.1773","1.004","A"
"4","Trait5","mrMLM","PstI.TP1009078","11","6996","0.1877","1.8214","A"
"4","Trait5","mrMLM","PstI.TP1009395","11","6997","-0.0737","0.4872","C"
"4","Trait5","mrMLM","PstI.TP1009440","11","7000","-3.9743e-08","8.6492e-06","C"
"4","Trait5","mrMLM","PstI.TP1009452","11","7001","-0.0124","0.1403","C"
"4","Trait5","mrMLM","PstI.TP1009550","11","7002","-2.2942e-05","0.005","C"
"4","Trait5","mrMLM","PstI.TP1009573","11","7003","9.7394e-07","2e-04","A"
"4","Trait5","mrMLM","PstI.TP1009665","11","7004","-0.1148","0.6036","A"
"4","Trait5","mrMLM","PstI.TP1009755","11","7005","-0.1569","0.6969","A"
"4","Trait5","mrMLM","PstI.TP1009802","11","7006","-0.1881","0.7363","A"
"4","Trait5","mrMLM","PstI.TP1009864","11","7007","-1.8067e-05","0.0039","A"
"4","Trait5","mrMLM","PstI.TP1009966","11","7008","4.5164e-06","0.001","A"
"4","Trait5","mrMLM","PstI.TP1010032","11","7010","3.2654e-06","7e-04","A"
"4","Trait5","mrMLM","PstI.TP1010043","11","7011","0.0858","0.4386","A"
"4","Trait5","mrMLM","PstI.TP1010077","11","7013","-3.9631e-06","9e-04","C"
"4","Trait5","mrMLM","PstI.TP1010266","11","7015","0.0607","0.7123","C"
"4","Trait5","mrMLM","PstI.TP1010359","11","7016","-0.0053","0.106","C"
"4","Trait5","mrMLM","PstI.TP1010376","11","7017","-0.0533","0.5573","C"
"4","Trait5","mrMLM","PstI.TP1010464","11","7018","-9.1375e-06","0.002","A"
"4","Trait5","mrMLM","PstI.TP1010988","11","7019","0.0012","0.0527","A"
"4","Trait5","mrMLM","PstI.TP1011171","11","7020","-3.2527e-05","0.0071","A"
"4","Trait5","mrMLM","PstI.TP1011747","11","7021","1.2974e-05","0.0028","A"
"4","Trait5","mrMLM","PstI.TP1012432","11","7025","-9.9823e-06","0.0022","C"
"4","Trait5","mrMLM","PstI.TP1012704","11","7027","2.0285e-05","0.0044","A"
"4","Trait5","mrMLM","PstI.TP1012859","11","7028","-1.9257e-05","0.0042","A"
"4","Trait5","mrMLM","PstI.TP1013438","11","7029","5.5083e-06","0.0012","C"
"4","Trait5","mrMLM","PstI.TP1013445","11","7030","3.7052e-05","0.0081","C"
"4","Trait5","mrMLM","PstI.TP1013455","11","7031","1.5323e-05","0.0033","A"
"4","Trait5","mrMLM","PstI.TP1013797","11","7033","-0.0329","0.4818","A"
"4","Trait5","mrMLM","PstI.TP1013956","11","7037","-2.8661e-06","6e-04","A"
"4","Trait5","mrMLM","PstI.TP1014052","11","7038","3.7875e-06","8e-04","C"
"4","Trait5","mrMLM","PstI.TP1014150","11","7039","-9.87e-06","0.0022","A"
"4","Trait5","mrMLM","PstI.TP1014210","11","7040","2.1021e-05","0.0046","A"
"4","Trait5","mrMLM","PstI.TP1014489","11","7043","4.1432e-05","0.0091","G"
"4","Trait5","mrMLM","PstI.TP1014541","11","7044","0.1251","1.1217","A"
"4","Trait5","mrMLM","PstI.TP1015078","11","7047","-0.0945","0.4942","A"
"4","Trait5","mrMLM","PstI.TP1015225","11","7048","-8.5025e-06","0.0019","C"
"4","Trait5","mrMLM","PstI.TP1015748","11","7049","0.1271","1.4","A"
"4","Trait5","mrMLM","PstI.TP1015896","11","7050","-0.1166","0.6545","C"
"4","Trait5","mrMLM","PstI.TP1015910","11","7051","-2.3109e-05","0.0051","C"
"4","Trait5","mrMLM","PstI.TP1015929","11","7052","-1.9926e-05","0.0044","C"
"4","Trait5","mrMLM","PstI.TP1016155","11","7054","-1.6208e-05","0.0035","C"
"4","Trait5","mrMLM","PstI.TP1016212","11","7055","-1.1199e-05","0.0024","C"
"4","Trait5","mrMLM","PstI.TP1016675","11","7059","0.0096","0.0768","G"
"4","Trait5","mrMLM","PstI.TP1016686","11","7060","4.3827e-06","0.001","C"
"4","Trait5","mrMLM","PstI.TP1016825","11","7061","-8.7843e-06","0.0019","G"
"4","Trait5","mrMLM","PstI.TP1016955","11","7062","2.1622e-05","0.0047","C"
"4","Trait5","mrMLM","PstI.TP1017446","11","7063","1.0024e-05","0.0022","C"
"4","Trait5","mrMLM","PstI.TP1017641","11","7064","-7.7635e-06","0.0017","G"
"4","Trait5","mrMLM","PstI.TP1017741","11","7066","-1.8816e-05","0.0041","C"
"4","Trait5","mrMLM","PstI.TP1017750","11","7067","1.8842e-05","0.0041","A"
"4","Trait5","mrMLM","PstI.TP1018027","11","7068","0.0797","0.5596","A"
"4","Trait5","mrMLM","PstI.TP1018063","11","7069","-5.7296e-06","0.0012","G"
"4","Trait5","mrMLM","PstI.TP1019197","11","7072","0.2309","1.1175","C"
"4","Trait5","mrMLM","PstI.TP1019450","11","7074","0.0305","0.1645","C"
"4","Trait5","mrMLM","PstI.TP1019805","11","7075","4.9654e-06","0.0011","A"
"4","Trait5","mrMLM","PstI.TP1020074","11","7077","1.366e-06","3e-04","C"
"4","Trait5","mrMLM","PstI.TP1020545","11","7078","3.8326e-05","0.0084","A"
"4","Trait5","mrMLM","PstI.TP1020623","11","7079","-2.4696e-05","0.0054","A"
"4","Trait5","mrMLM","PstI.TP1021103","11","7082","2.0589e-05","0.0045","A"
"4","Trait5","mrMLM","PstI.TP1021151","11","7083","0.0746","0.4772","A"
"4","Trait5","mrMLM","PstI.TP1021221","11","7084","2.3195e-05","0.0051","C"
"4","Trait5","mrMLM","PstI.TP1021330","11","7085","-1.4904e-05","0.0033","A"
"4","Trait5","mrMLM","PstI.TP1021441","11","7086","-9.9928e-06","0.0022","C"
"4","Trait5","mrMLM","PstI.TP1021581","11","7088","-3.5493e-05","0.0078","A"
"4","Trait5","mrMLM","PstI.TP1021814","11","7090","0.0811","0.9995","C"
"4","Trait5","mrMLM","PstI.TP1021828","11","7091","-1.4667e-05","0.0032","A"
"4","Trait5","mrMLM","PstI.TP1022071","11","7092","-1.343e-05","0.0029","A"
"4","Trait5","mrMLM","PstI.TP1022098","11","7094","2.112e-05","0.0046","A"
"4","Trait5","mrMLM","PstI.TP1022497","11","7096","1.0738e-05","0.0023","G"
"4","Trait5","mrMLM","PstI.TP1022626","11","7097","0.1314","0.6853","C"
"4","Trait5","mrMLM","PstI.TP1022713","11","7099","1.3167e-05","0.0029","A"
"4","Trait5","mrMLM","PstI.TP1022770","11","7100","0.1698","1.5938","A"
"4","Trait5","mrMLM","PstI.TP1022872","11","7101","4.1859e-06","9e-04","C"
"4","Trait5","mrMLM","PstI.TP1023028","11","7103","-1.7528e-05","0.0038","A"
"4","Trait5","mrMLM","PstI.TP1023146","11","7104","0.18","1.0437","A"
"4","Trait5","mrMLM","PstI.TP1023354","11","7106","-0.0086","0.1657","A"
"4","Trait5","mrMLM","PstI.TP1023458","11","7107","-3.044e-05","0.0067","G"
"4","Trait5","mrMLM","PstI.TP1023721","11","7108","-1.5498e-05","0.0034","A"
"4","Trait5","mrMLM","PstI.TP1023748","11","7109","-1.075e-05","0.0023","C"
"4","Trait5","mrMLM","PstI.TP1023758","11","7110","-0.0202","0.2629","C"
"4","Trait5","mrMLM","PstI.TP1023787","11","7111","-0.1174","0.6132","A"
"4","Trait5","mrMLM","PstI.TP1023809","11","7112","0.0541","0.5366","C"
"4","Trait5","mrMLM","PstI.TP1024109","11","7113","0.0892","0.4219","C"
"4","Trait5","mrMLM","PstI.TP1024688","11","7115","-1.542e-06","3e-04","C"
"4","Trait5","mrMLM","PstI.TP1024938","11","7117","2.8033e-05","0.0061","C"
"4","Trait5","mrMLM","PstI.TP1025082","11","7118","2.4107e-05","0.0053","C"
"4","Trait5","mrMLM","PstI.TP1025367","11","7121","-0.053","0.6268","C"
"4","Trait5","mrMLM","PstI.TP1025387","11","7122","3.9276e-06","9e-04","C"
"4","Trait5","mrMLM","PstI.TP1025405","11","7123","-6.1383e-06","0.0013","C"
"4","Trait5","mrMLM","PstI.TP1025425","11","7124","0.0332","0.3689","A"
"4","Trait5","mrMLM","PstI.TP1025493","11","7125","0.0654","0.3402","A"
"4","Trait5","mrMLM","PstI.TP1025656","11","7127","-2.8692e-05","0.0063","C"
"4","Trait5","mrMLM","PstI.TP1025746","11","7128","-0.1082","1.2498","C"
"4","Trait5","mrMLM","PstI.TP1026261","11","7130","-1.1571e-05","0.0025","A"
"4","Trait5","mrMLM","PstI.TP1026367","11","7131","3.5901e-06","8e-04","C"
"4","Trait5","mrMLM","PstI.TP1026724","11","7132","-1.4057e-05","0.0031","C"
"4","Trait5","mrMLM","PstI.TP1026763","11","7133","-0.0196","0.2028","C"
"4","Trait5","mrMLM","PstI.TP1026818","11","7134","-0.1172","1.1628","A"
"4","Trait5","mrMLM","PstI.TP1026837","11","7135","-0.0025","0.07","C"
"4","Trait5","mrMLM","PstI.TP1026873","11","7136","6.0716e-06","0.0013","A"
"4","Trait5","mrMLM","PstI.TP1026958","11","7137","-3.2628e-05","0.0072","A"
"4","Trait5","mrMLM","PstI.TP1027140","11","7140","0.1226","0.5411","A"
"4","Trait5","mrMLM","PstI.TP1027354","11","7141","1.172e-05","0.0026","C"
"4","Trait5","mrMLM","PstI.TP1027384","11","7142","0.0078","0.1243","A"
"4","Trait5","mrMLM","PstI.TP1027402","11","7143","-7.4542e-07","2e-04","C"
"4","Trait5","mrMLM","PstI.TP1027663","11","7144","-7.7521e-06","0.0017","A"
"4","Trait5","mrMLM","PstI.TP1027664","11","7145","-2.7996e-06","6e-04","A"
"4","Trait5","mrMLM","PstI.TP1027676","11","7146","-6.2418e-06","0.0014","C"
"4","Trait5","mrMLM","PstI.TP1027760","11","7147","9.0548e-07","2e-04","A"
"4","Trait5","mrMLM","PstI.TP1027831","11","7148","1.7025e-05","0.0037","A"
"4","Trait5","mrMLM","PstI.TP1027970","11","7149","4.5589e-06","0.001","C"
"4","Trait5","mrMLM","PstI.TP1028005","11","7150","1.201e-05","0.0026","G"
"4","Trait5","mrMLM","PstI.TP1028179","11","7151","7.0988e-06","0.0015","A"
"4","Trait5","mrMLM","PstI.TP1028718","11","7152","-1.384e-05","0.003","A"
"4","Trait5","mrMLM","PstI.TP1028942","11","7153","-1.9797e-05","0.0043","A"
"4","Trait5","mrMLM","PstI.TP1029157","11","7154","-0.0449","0.4108","C"
"4","Trait5","mrMLM","PstI.TP1029228","11","7155","-1.9438e-05","0.0043","C"
"4","Trait5","mrMLM","PstI.TP1029531","11","7156","1.9278e-05","0.0042","A"
"4","Trait5","mrMLM","PstI.TP1029642","11","7158","-1.853e-05","0.0041","C"
"4","Trait5","mrMLM","PstI.TP1029808","11","7159","-0.2782","1.9332","C"
"4","Trait5","mrMLM","PstI.TP1030085","11","7161","-4.5481e-05","0.01","C"
"4","Trait5","mrMLM","PstI.TP1030382","11","7163","-1.1223e-05","0.0024","A"
"4","Trait5","mrMLM","PstI.TP1030502","11","7164","0.2467","1.5036","C"
"4","Trait5","mrMLM","PstI.TP1030531","11","7165","0.0906","1.1308","A"
"4","Trait5","mrMLM","PstI.TP1030559","11","7166","3.824e-06","8e-04","C"
"4","Trait5","mrMLM","PstI.TP1031387","11","7167","3.3011e-06","7e-04","A"
"4","Trait5","mrMLM","PstI.TP1031412","11","7168","-1.7831e-05","0.0039","A"
"4","Trait5","mrMLM","PstI.TP1031456","11","7169","2.0189e-05","0.0044","C"
"4","Trait5","mrMLM","PstI.TP1031770","11","7170","-2.3339e-05","0.0051","A"
"4","Trait5","mrMLM","PstI.TP1032241","11","7171","8.5269e-06","0.0019","C"
"4","Trait5","mrMLM","PstI.TP1032344","11","7173","-1.4648e-05","0.0032","A"
"4","Trait5","mrMLM","PstI.TP1032370","11","7175","0.0278","0.3748","C"
"4","Trait5","mrMLM","PstI.TP1033001","11","7176","0.0625","0.5005","A"
"4","Trait5","mrMLM","PstI.TP1033004","11","7177","-2.7911e-07","6.0741e-05","A"
"4","Trait5","mrMLM","PstI.TP1033215","11","7179","-0.0555","0.4239","A"
"4","Trait5","mrMLM","PstI.TP1033471","11","7180","-2.6487e-05","0.0058","C"
"4","Trait5","mrMLM","PstI.TP1033706","11","7181","0.0419","0.4607","A"
"4","Trait5","mrMLM","PstI.TP1033768","11","7182","0.0768","0.4324","A"
"4","Trait5","mrMLM","PstI.TP1033896","11","7183","5.5687e-06","0.0012","C"
"4","Trait5","mrMLM","PstI.TP1033987","11","7184","-1.0921e-05","0.0024","C"
"4","Trait5","mrMLM","PstI.TP1034819","11","7187","-3.06e-05","0.0067","C"
"4","Trait5","mrMLM","PstI.TP1034905","11","7188","7.9939e-06","0.0017","A"
"4","Trait5","mrMLM","PstI.TP1035165","11","7190","2.8043e-06","6e-04","A"
"4","Trait5","mrMLM","PstI.TP1035561","11","7191","0.0823","0.6038","C"
"4","Trait5","mrMLM","PstI.TP1035639","11","7192","6.2947e-07","1e-04","A"
"4","Trait5","mrMLM","PstI.TP1035870","11","7195","-1.2079e-06","3e-04","G"
"4","Trait5","mrMLM","PstI.TP1035906","11","7196","0.0484","0.6817","A"
"4","Trait5","mrMLM","PstI.TP1036421","11","7197","0.0347","0.3861","A"
"4","Trait5","mrMLM","PstI.TP1036707","11","7198","2.7447e-05","0.006","A"
"4","Trait5","mrMLM","PstI.TP1036910","11","7200","0.0133","0.2255","A"
"4","Trait5","mrMLM","PstI.TP1036997","11","7201","-1.2772e-05","0.0028","A"
"4","Trait5","mrMLM","PstI.TP1036999","11","7202","2.1126e-05","0.0046","A"
"4","Trait5","mrMLM","PstI.TP1037009","11","7203","-1.2639e-05","0.0028","A"
"4","Trait5","mrMLM","PstI.TP1037084","11","7204","1.4042e-05","0.0031","A"
"4","Trait5","mrMLM","PstI.TP1037387","11","7205","8.6876e-06","0.0019","A"
"4","Trait5","mrMLM","PstI.TP1037440","11","7206","-0.0411","0.4311","C"
"4","Trait5","mrMLM","PstI.TP1037500","11","7207","1.0495e-05","0.0023","C"
"4","Trait5","mrMLM","PstI.TP1038124","11","7209","0.1191","1.0006","C"
"4","Trait5","mrMLM","PstI.TP1038131","11","7210","2.1799e-05","0.0048","C"
"4","Trait5","mrMLM","PstI.TP1038157","11","7211","5.5428e-06","0.0012","C"
"4","Trait5","mrMLM","PstI.TP1038708","11","7212","-8.7064e-06","0.0019","A"
"4","Trait5","mrMLM","PstI.TP1038719","11","7213","-2.2827e-06","5e-04","C"
"4","Trait5","mrMLM","PstI.TP1038914","11","7214","3.4744e-07","7.5624e-05","C"
"4","Trait5","mrMLM","PstI.TP1038955","11","7215","-0.0558","0.7461","C"
"4","Trait5","mrMLM","PstI.TP1039573","11","7216","-1.1028e-05","0.0024","C"
"4","Trait5","mrMLM","PstI.TP1039604","11","7217","-0.1221","0.8308","A"
"4","Trait5","mrMLM","PstI.TP1040229","11","7220","-1.1623e-05","0.0025","C"
"4","Trait5","mrMLM","PstI.TP1040358","11","7221","-3.8124e-08","8.2963e-06","C"
"4","Trait5","mrMLM","PstI.TP1040856","11","7222","3.4014e-06","7e-04","C"
"4","Trait5","mrMLM","PstI.TP1040866","11","7223","5.471e-06","0.0012","A"
"4","Trait5","mrMLM","PstI.TP1041336","11","7225","7.3833e-06","0.0016","G"
"4","Trait5","mrMLM","PstI.TP1041394","11","7226","3.6384e-05","0.008","C"
"4","Trait5","mrMLM","PstI.TP1041422","11","7227","0.0271","0.3","A"
"4","Trait5","mrMLM","PstI.TP1041609","11","7228","4.1387e-05","0.0091","A"
"4","Trait5","mrMLM","PstI.TP1041693","11","7229","9.4658e-06","0.0021","A"
"4","Trait5","mrMLM","PstI.TP1042065","11","7230","-2.364e-05","0.0052","A"
"4","Trait5","mrMLM","PstI.TP1042290","11","7231","7.1373e-06","0.0016","A"
"4","Trait5","mrMLM","PstI.TP1042298","11","7232","-3.7226e-06","8e-04","C"
"4","Trait5","mrMLM","PstI.TP1042354","11","7233","9.8116e-06","0.0021","A"
"4","Trait5","mrMLM","PstI.TP1042699","11","7234","-0.0461","0.3585","A"
"4","Trait5","mrMLM","PstI.TP1042742","11","7236","-2.906e-05","0.0064","C"
"4","Trait5","mrMLM","PstI.TP1042791","11","7237","1.7297e-05","0.0038","C"
"4","Trait5","mrMLM","PstI.TP1043030","11","7238","-0.0634","0.4984","A"
"4","Trait5","mrMLM","PstI.TP1043051","11","7239","-2.2874e-06","5e-04","A"
"4","Trait5","mrMLM","PstI.TP1043165","11","7240","9.7187e-06","0.0021","G"
"4","Trait5","mrMLM","PstI.TP1043424","11","7241","2.538e-05","0.0056","C"
"4","Trait5","mrMLM","PstI.TP1043657","11","7242","2.3356e-05","0.0051","A"
"4","Trait5","mrMLM","PstI.TP1043746","11","7243","-0.0961","0.4407","A"
"4","Trait5","mrMLM","PstI.TP1043749","11","7244","1.1013e-05","0.0024","G"
"4","Trait5","mrMLM","PstI.TP1044116","11","7245","-0.0507","0.2959","A"
"4","Trait5","mrMLM","PstI.TP1044200","11","7246","2.3788e-05","0.0052","A"
"4","Trait5","mrMLM","PstI.TP1044258","11","7247","1.9956e-05","0.0044","A"
"4","Trait5","mrMLM","PstI.TP1044428","11","7248","-6.6031e-06","0.0014","C"
"4","Trait5","mrMLM","PstI.TP1044618","11","7249","-0.166","1.0065","A"
"4","Trait5","mrMLM","PstI.TP1044744","11","7252","2.5505e-05","0.0056","A"
"4","Trait5","mrMLM","PstI.TP1044757","11","7253","2.4108e-06","5e-04","G"
"4","Trait5","mrMLM","PstI.TP1045319","11","7255","-0.0578","0.5817","A"
"4","Trait5","mrMLM","PstI.TP1045835","11","7256","3.3243e-06","7e-04","C"
"4","Trait5","mrMLM","PstI.TP1045837","11","7257","7.9328e-06","0.0017","C"
"4","Trait5","mrMLM","PstI.TP1046021","11","7259","-5.5022e-06","0.0012","A"
"4","Trait5","mrMLM","PstI.TP1046468","11","7261","-1.6183e-05","0.0035","A"
"4","Trait5","mrMLM","PstI.TP1046722","11","7262","-1.6211e-05","0.0035","C"
"4","Trait5","mrMLM","PstI.TP1046792","11","7263","1.4853e-05","0.0032","G"
"4","Trait5","mrMLM","PstI.TP1046877","11","7265","-9.4289e-06","0.0021","G"
"4","Trait5","mrMLM","PstI.TP1047121","11","7266","1.5033e-05","0.0033","A"
"4","Trait5","mrMLM","PstI.TP1047221","11","7267","-0.0053","0.0871","A"
"4","Trait5","mrMLM","PstI.TP1047326","11","7268","0.0709","0.6148","A"
"4","Trait5","mrMLM","PstI.TP1047379","11","7269","-0.0484","0.5745","C"
"4","Trait5","mrMLM","PstI.TP1047434","11","7270","-4.4452e-05","0.0098","A"
"4","Trait5","mrMLM","PstI.TP1047608","11","7271","-0.113","0.735","A"
"4","Trait5","mrMLM","PstI.TP1047764","11","7272","-0.0117","0.1346","A"
"4","Trait5","mrMLM","PstI.TP1047925","11","7273","-0.0728","0.6745","A"
"4","Trait5","mrMLM","PstI.TP1047940","11","7274","3.0555e-05","0.0067","C"
"4","Trait5","mrMLM","PstI.TP1048078","11","7275","0.0378","0.2751","A"
"4","Trait5","mrMLM","PstI.TP1048109","11","7276","4.1398e-06","9e-04","A"
"4","Trait5","mrMLM","PstI.TP1048145","11","7277","1.0845e-05","0.0024","C"
"4","Trait5","mrMLM","PstI.TP1048416","11","7278","2.3169e-05","0.0051","A"
"4","Trait5","mrMLM","PstI.TP1048490","11","7279","-1.6074e-05","0.0035","A"
"4","Trait5","mrMLM","PstI.TP1048742","11","7281","-0.1766","0.6842","A"
"4","Trait5","mrMLM","PstI.TP1048808","11","7282","0.2672","1.3564","A"
"4","Trait5","mrMLM","PstI.TP1049009","11","7283","0.1932","1.6631","A"
"4","Trait5","mrMLM","PstI.TP1049364","11","7286","-4.4406e-06","0.001","C"
"4","Trait5","mrMLM","PstI.TP1049590","11","7287","0.0357","0.1633","A"
"4","Trait5","mrMLM","PstI.TP1049979","11","7289","0.1206","1.1066","A"
"4","Trait5","mrMLM","PstI.TP1050043","11","7290","-0.2136","1.1696","A"
"4","Trait5","mrMLM","PstI.TP1050720","11","7292","0.0027","0.0778","A"
"4","Trait5","mrMLM","PstI.TP1050787","11","7293","0.1333","0.5517","A"
"4","Trait5","mrMLM","PstI.TP1050835","11","7294","1.1757e-05","0.0026","C"
"4","Trait5","mrMLM","PstI.TP1050927","11","7295","-1.0406e-05","0.0023","A"
"4","Trait5","mrMLM","PstI.TP1051045","11","7298","-7.9458e-06","0.0017","A"
"4","Trait5","mrMLM","PstI.TP1051333","11","7299","0.2537","2.6586","C"
"4","Trait5","mrMLM","PstI.TP1052012","11","7301","1.5884e-05","0.0035","A"
"4","Trait5","mrMLM","PstI.TP1052041","11","7302","-2.0754e-05","0.0045","C"
"4","Trait5","mrMLM","PstI.TP1052171","11","7303","2.6754e-06","6e-04","A"
"4","Trait5","mrMLM","PstI.TP1052207","11","7304","1.3888e-05","0.003","A"
"4","Trait5","mrMLM","PstI.TP1052247","11","7305","3.995e-06","9e-04","C"
"4","Trait5","mrMLM","PstI.TP1052359","11","7306","-2.6966e-05","0.0059","C"
"4","Trait5","mrMLM","PstI.TP1052416","11","7307","-2.1349e-05","0.0047","A"
"4","Trait5","mrMLM","PstI.TP1052479","11","7310","-7.6379e-06","0.0017","C"
"4","Trait5","mrMLM","PstI.TP1053156","11","7312","-0.0609","0.562","A"
"4","Trait5","mrMLM","PstI.TP1053379","11","7313","4.4496e-06","0.001","A"
"4","Trait5","mrMLM","PstI.TP1053528","11","7315","0.0999","0.7786","A"
"4","Trait5","mrMLM","PstI.TP1053561","11","7316","0.0448","0.2583","A"
"4","Trait5","mrMLM","PstI.TP1053664","11","7317","-0.0171","0.1151","G"
"4","Trait5","mrMLM","PstI.TP1053692","11","7318","2.219e-05","0.0049","A"
"4","Trait5","mrMLM","PstI.TP1053731","11","7319","-9.3066e-06","0.002","A"
"4","Trait5","mrMLM","PstI.TP1053740","11","7321","-0.0598","0.7661","C"
"4","Trait5","mrMLM","PstI.TP1053935","11","7325","2.6758e-05","0.0059","A"
"4","Trait5","mrMLM","PstI.TP1053948","11","7326","-0.0087","0.1487","C"
"4","Trait5","mrMLM","PstI.TP1054049","11","7328","1.866e-06","4e-04","A"
"4","Trait5","mrMLM","PstI.TP1054061","11","7329","3.8154e-06","8e-04","A"
"4","Trait5","mrMLM","PstI.TP1054223","11","7330","-1.0163e-06","2e-04","A"
"4","Trait5","mrMLM","PstI.TP1054267","11","7331","-2.3675e-06","5e-04","C"
"4","Trait5","mrMLM","PstI.TP1054353","11","7333","4e-04","0.0264","A"
"4","Trait5","mrMLM","PstI.TP1054357","11","7334","1.2784e-05","0.0028","C"
"4","Trait5","mrMLM","PstI.TP1054721","11","7335","0.2127","1.3214","A"
"4","Trait5","mrMLM","PstI.TP1054839","11","7336","9.2616e-06","0.002","C"
"4","Trait5","mrMLM","PstI.TP1054843","11","7337","-0.0253","0.3584","A"
"4","Trait5","mrMLM","PstI.TP1055177","11","7341","1.133e-05","0.0025","C"
"4","Trait5","mrMLM","PstI.TP1055181","11","7342","-7.8865e-06","0.0017","A"
"4","Trait5","mrMLM","PstI.TP1055381","11","7344","-1.0838e-05","0.0024","A"
"4","Trait5","mrMLM","PstI.TP1055511","11","7345","-6.7762e-06","0.0015","A"
"4","Trait5","mrMLM","PstI.TP1055532","11","7347","6.1313e-06","0.0013","A"
"4","Trait5","mrMLM","PstI.TP1055830","11","7348","-2.2231e-05","0.0049","C"
"4","Trait5","mrMLM","PstI.TP1055947","11","7349","0.0481","0.576","A"
"4","Trait5","mrMLM","PstI.TP1055971","11","7350","-0.067","0.5601","G"
"4","Trait5","mrMLM","PstI.TP1056069","11","7351","-0.0649","0.4115","A"
"4","Trait5","mrMLM","PstI.TP1056322","11","7354","3.6967e-06","8e-04","A"
"4","Trait5","mrMLM","PstI.TP1056508","11","7356","-1.6218e-05","0.0035","C"
"4","Trait5","mrMLM","PstI.TP1056582","11","7357","1.7275e-05","0.0038","C"
"4","Trait5","mrMLM","PstI.TP1056618","11","7358","1.1801e-05","0.0026","A"
"4","Trait5","mrMLM","PstI.TP1057007","11","7360","-0.0155","0.1768","A"
"4","Trait5","mrMLM","PstI.TP1057039","11","7361","-2.5872e-05","0.0057","C"
"4","Trait5","mrMLM","PstI.TP1057670","11","7365","0.0704","0.8634","G"
"4","Trait5","mrMLM","PstI.TP1057943","11","7366","-1.8414e-05","0.004","C"
"4","Trait5","mrMLM","PstI.TP1058517","11","7367","1.2793e-05","0.0028","A"
"4","Trait5","mrMLM","PstI.TP1058739","11","7368","-6.9072e-06","0.0015","C"
"4","Trait5","mrMLM","PstI.TP1058810","11","7369","1.7139e-05","0.0037","C"
"4","Trait5","mrMLM","PstI.TP1058867","11","7370","0.077","0.4226","A"
"4","Trait5","mrMLM","PstI.TP1059192","11","7372","0.0549","0.5783","C"
"4","Trait5","mrMLM","PstI.TP1059224","11","7374","-1.2919e-05","0.0028","A"
"4","Trait5","mrMLM","PstI.TP1059540","11","7375","1.688e-05","0.0037","C"
"4","Trait5","mrMLM","PstI.TP1059541","11","7376","-1.0394e-05","0.0023","A"
"4","Trait5","mrMLM","PstI.TP1059562","11","7377","1.1293e-05","0.0025","A"
"4","Trait5","mrMLM","PstI.TP1059564","11","7378","0.0796","0.4311","A"
"4","Trait5","mrMLM","PstI.TP1059825","11","7379","-5.9698e-06","0.0013","A"
"4","Trait5","mrMLM","PstI.TP1059902","11","7380","3.3993e-06","7e-04","A"
"4","Trait5","mrMLM","PstI.TP1059910","11","7381","-8.8616e-06","0.0019","A"
"4","Trait5","mrMLM","PstI.TP1060055","11","7383","-0.1773","0.5657","A"
"4","Trait5","mrMLM","PstI.TP1060073","11","7384","-3.3195e-06","7e-04","A"
"4","Trait5","mrMLM","PstI.TP1060171","11","7385","-9.5468e-06","0.0021","A"
"4","Trait5","mrMLM","PstI.TP1060488","11","7386","5e-04","0.033","A"
"4","Trait5","mrMLM","PstI.TP1060680","11","7387","2.9561e-05","0.0065","G"
"4","Trait5","mrMLM","PstI.TP1060721","11","7388","-4.0749e-05","0.009","C"
"4","Trait5","mrMLM","PstI.TP1060763","11","7389","-0.0238","0.2368","A"
"4","Trait5","mrMLM","PstI.TP1060830","11","7390","1.1006e-05","0.0024","G"
"4","Trait5","mrMLM","PstI.TP1060947","11","7391","0.1878","1.2846","A"
"4","Trait5","mrMLM","PstI.TP1061303","11","7392","1.8949e-05","0.0041","C"
"4","Trait5","mrMLM","PstI.TP1061874","11","7393","0.0261","0.172","A"
"4","Trait5","mrMLM","PstI.TP1061914","11","7394","-4.4824e-06","0.001","C"
"4","Trait5","mrMLM","PstI.TP1061935","11","7395","-5.009e-06","0.0011","C"
"4","Trait5","mrMLM","PstI.TP1062084","11","7397","-0.2194","1.7349","A"
"4","Trait5","mrMLM","PstI.TP1062268","11","7398","6.1445e-06","0.0013","A"
"4","Trait5","mrMLM","PstI.TP1062425","11","7399","-0.0443","0.3334","A"
"4","Trait5","mrMLM","PstI.TP1062476","11","7400","-0.2808","1.5852","A"
"4","Trait5","mrMLM","PstI.TP1062625","11","7402","2.5535e-05","0.0056","C"
"4","Trait5","mrMLM","PstI.TP1062918","11","7403","1.4819e-05","0.0032","C"
"4","Trait5","mrMLM","PstI.TP1063019","11","7404","0.0553","0.3834","C"
"4","Trait5","mrMLM","PstI.TP1063157","11","7405","-0.0272","0.2896","A"
"4","Trait5","mrMLM","PstI.TP1063390","11","7407","4.8669e-06","0.0011","C"
"4","Trait5","mrMLM","PstI.TP1063463","11","7409","2.0388e-05","0.0045","C"
"4","Trait5","mrMLM","PstI.TP1064102","11","7412","3.1981e-05","0.007","G"
"4","Trait5","mrMLM","PstI.TP1064206","11","7413","0.0319","0.2502","A"
"4","Trait5","mrMLM","PstI.TP1064229","11","7414","0.1685","0.6112","C"
"4","Trait5","mrMLM","PstI.TP1064311","11","7415","-4.9294e-06","0.0011","C"
"4","Trait5","mrMLM","PstI.TP1064748","11","7418","3.5452e-05","0.0078","A"
"4","Trait5","mrMLM","PstI.TP1065187","11","7419","2.2774e-05","0.005","G"
"4","Trait5","mrMLM","PstI.TP1065202","11","7420","-0.0194","0.2444","C"
"4","Trait5","mrMLM","PstI.TP1065335","11","7422","1.4074e-07","3.0628e-05","C"
"4","Trait5","mrMLM","PstI.TP1065437","11","7424","1.4119e-05","0.0031","A"
"4","Trait5","mrMLM","PstI.TP1065600","11","7425","0.1535","0.7837","C"
"4","Trait5","mrMLM","PstI.TP1065949","11","7426","-4.7483e-06","0.001","A"
"4","Trait5","mrMLM","PstI.TP1066094","11","7427","-1.1328e-05","0.0025","A"
"4","Trait5","mrMLM","PstI.TP1066171","11","7428","-2.0687e-05","0.0045","C"
"4","Trait5","mrMLM","PstI.TP1066544","11","7429","-3.5899e-06","8e-04","C"
"4","Trait5","mrMLM","PstI.TP1066588","11","7430","-1.3397e-05","0.0029","A"
"4","Trait5","mrMLM","PstI.TP1066774","11","7431","0.039","0.3146","A"
"4","Trait5","mrMLM","PstI.TP1067065","11","7432","3.0554e-06","7e-04","C"
"4","Trait5","mrMLM","PstI.TP1067317","11","7433","-2.0153e-05","0.0044","C"
"4","Trait5","mrMLM","PstI.TP1067575","11","7434","-5.7099e-06","0.0012","A"
"4","Trait5","mrMLM","PstI.TP1067674","11","7435","-8.3674e-06","0.0018","C"
"4","Trait5","mrMLM","PstI.TP1068317","11","7437","-0.0841","0.6901","C"
"4","Trait5","mrMLM","PstI.TP1068412","11","7438","-1.978e-06","4e-04","A"
"4","Trait5","mrMLM","PstI.TP1069050","11","7440","-2.0727e-07","4.5111e-05","C"
"4","Trait5","mrMLM","PstI.TP1069375","11","7443","2.5129e-05","0.0055","A"
"4","Trait5","mrMLM","PstI.TP1069500","11","7445","1.474e-05","0.0032","C"
"4","Trait5","mrMLM","PstI.TP1069612","11","7446","-0.0598","0.4292","C"
"4","Trait5","mrMLM","PstI.TP1069729","11","7448","3.5765e-05","0.0079","A"
"4","Trait5","mrMLM","PstI.TP1069991","11","7449","2e-04","0.0119","G"
"4","Trait5","mrMLM","PstI.TP1069998","11","7450","0.2507","2.0668","C"
"4","Trait5","mrMLM","PstI.TP1070109","11","7451","-6.4793e-06","0.0014","A"
"4","Trait5","mrMLM","PstI.TP1070143","11","7452","-7.5574e-06","0.0016","C"
"4","Trait5","mrMLM","PstI.TP1070277","11","7453","0.0382","0.2896","C"
"4","Trait5","mrMLM","PstI.TP1070341","11","7454","0.0635","0.3816","A"
"4","Trait5","mrMLM","PstI.TP1070416","11","7455","-1.7643e-05","0.0039","C"
"4","Trait5","mrMLM","PstI.TP1070528","11","7456","0.0647","0.5351","C"
"4","Trait5","mrMLM","PstI.TP1070567","11","7457","3.2646e-05","0.0072","A"
"4","Trait5","mrMLM","PstI.TP1070665","11","7458","-0.0153","0.2396","A"
"4","Trait5","mrMLM","PstI.TP1070733","11","7459","0.2165","1.3211","C"
"4","Trait5","mrMLM","PstI.TP1070781","11","7460","-3.7539e-06","8e-04","A"
"4","Trait5","mrMLM","PstI.TP1070913","11","7461","2.0675e-05","0.0045","C"
"4","Trait5","mrMLM","PstI.TP1071073","11","7463","1.9287e-05","0.0042","A"
"4","Trait5","mrMLM","PstI.TP1071178","11","7464","0.0075","0.1569","C"
"4","Trait5","mrMLM","PstI.TP1071296","11","7466","0.1235","1.1147","C"
"4","Trait5","mrMLM","PstI.TP1071340","11","7467","-0.0744","0.4801","A"
"4","Trait5","mrMLM","PstI.TP1071477","11","7469","-0.0928","0.5055","C"
"4","Trait5","mrMLM","PstI.TP1071502","11","7470","-0.2183","1.0171","A"
"4","Trait5","mrMLM","PstI.TP1071605","11","7472","9.9024e-06","0.0022","G"
"4","Trait5","mrMLM","PstI.TP1071655","11","7473","-6.8298e-06","0.0015","C"
"4","Trait5","mrMLM","PstI.TP1072193","11","7475","-1.9086e-05","0.0042","A"
"4","Trait5","mrMLM","PstI.TP1072225","11","7476","-0.0068","0.1045","C"
"4","Trait5","mrMLM","PstI.TP1072231","11","7477","0.0419","0.2234","A"
"4","Trait5","mrMLM","PstI.TP1072474","11","7479","-1.1518e-05","0.0025","A"
"4","Trait5","mrMLM","PstI.TP1072724","11","7481","-0.0149","0.1769","C"
"4","Trait5","mrMLM","PstI.TP1072839","11","7482","-8.4174e-06","0.0018","C"
"4","Trait5","mrMLM","PstI.TP1072937","11","7483","1.158e-05","0.0025","C"
"4","Trait5","mrMLM","PstI.TP1072979","11","7484","0.0281","0.35","A"
"4","Trait5","mrMLM","PstI.TP1073089","11","7485","2.9931e-05","0.0066","C"
"4","Trait5","mrMLM","PstI.TP1073318","11","7486","-5.6612e-06","0.0012","A"
"4","Trait5","mrMLM","PstI.TP1074015","11","7489","-6.7251e-06","0.0015","A"
"4","Trait5","mrMLM","PstI.TP1074130","11","7490","-8.8064e-06","0.0019","C"
"4","Trait5","mrMLM","PstI.TP1074153","11","7491","0.0556","0.6061","C"
"4","Trait5","mrMLM","PstI.TP1074232","11","7492","-0.0466","0.2029","C"
"4","Trait5","mrMLM","PstI.TP1074299","11","7494","1.1889e-05","0.0026","A"
"4","Trait5","mrMLM","PstI.TP1074300","11","7495","5.0873e-06","0.0011","C"
"4","Trait5","mrMLM","PstI.TP1074519","11","7497","-0.0349","0.274","G"
"4","Trait5","mrMLM","PstI.TP1074620","11","7499","9.0194e-06","0.002","A"
"4","Trait5","mrMLM","PstI.TP1074637","11","7500","0.05","0.3157","C"
"4","Trait5","mrMLM","PstI.TP1074812","11","7501","7.3772e-06","0.0016","A"
"4","Trait5","mrMLM","PstI.TP1074983","11","7502","1.8929e-05","0.0041","C"
"4","Trait5","mrMLM","PstI.TP1075510","11","7503","3.2469e-05","0.0071","A"
"4","Trait5","mrMLM","PstI.TP1075605","11","7505","-9.4874e-08","2.0646e-05","A"
"4","Trait5","mrMLM","PstI.TP1075783","11","7506","-0.0189","0.2707","C"
"4","Trait5","mrMLM","PstI.TP1075828","11","7507","-0.0409","0.4266","A"
"4","Trait5","mrMLM","PstI.TP1076020","11","7508","0.2445","1.5889","C"
"4","Trait5","mrMLM","PstI.TP1076989","11","7509","-2.2897e-06","5e-04","C"
"4","Trait5","mrMLM","PstI.TP1077279","11","7511","-3.3084e-06","7e-04","A"
"4","Trait5","mrMLM","PstI.TP1077481","11","7512","-0.2008","1.2464","C"
"4","Trait5","mrMLM","PstI.TP1077538","11","7514","-0.074","0.6717","C"
"4","Trait5","mrMLM","PstI.TP1077765","11","7515","-0.2058","1.5437","G"
"4","Trait5","mrMLM","PstI.TP1077788","11","7516","0.1086","0.5368","A"
"4","Trait5","mrMLM","PstI.TP1077834","11","7517","-0.021","0.1985","A"
"4","Trait5","mrMLM","PstI.TP1077920","11","7518","2.1319e-05","0.0047","C"
"4","Trait5","mrMLM","PstI.TP1078053","11","7520","5.804e-06","0.0013","G"
"4","Trait5","mrMLM","PstI.TP1078154","11","7521","-7.6742e-06","0.0017","A"
"4","Trait5","mrMLM","PstI.TP1078202","11","7522","-1.7398e-05","0.0038","C"
"4","Trait5","mrMLM","PstI.TP1078209","11","7523","5.8564e-06","0.0013","C"
"4","Trait5","mrMLM","PstI.TP1078219","11","7524","1.7636e-05","0.0039","A"
"4","Trait5","mrMLM","PstI.TP1078281","11","7525","-9.6924e-06","0.0021","C"
"4","Trait5","mrMLM","PstI.TP1078384","11","7527","6.8606e-06","0.0015","C"
"4","Trait5","mrMLM","PstI.TP1078392","11","7528","3.0713e-06","7e-04","A"
"4","Trait5","mrMLM","PstI.TP1078462","11","7529","1.833e-05","0.004","C"
"4","Trait5","mrMLM","PstI.TP1078544","11","7530","-0.0735","0.9152","C"
"4","Trait5","mrMLM","PstI.TP1078578","11","7531","9.7279e-06","0.0021","A"
"4","Trait5","mrMLM","PstI.TP1079130","11","7533","8.7063e-06","0.0019","C"
"4","Trait5","mrMLM","PstI.TP1079248","11","7534","4.4755e-09","9.74e-07","C"
"4","Trait5","mrMLM","PstI.TP1079579","11","7537","-5.6144e-06","0.0012","A"
"4","Trait5","mrMLM","PstI.TP1079869","11","7539","-0.0518","0.3644","A"
"4","Trait5","mrMLM","PstI.TP1079926","11","7540","2.7627e-06","6e-04","A"
"4","Trait5","mrMLM","PstI.TP1079952","11","7541","0.0479","0.4914","A"
"4","Trait5","mrMLM","PstI.TP1079991","11","7542","0.0586","0.5972","A"
"4","Trait5","mrMLM","PstI.TP1080085","11","7543","-7.8652e-06","0.0017","A"
"4","Trait5","mrMLM","PstI.TP1080106","11","7544","9.9111e-06","0.0022","A"
"4","Trait5","mrMLM","PstI.TP1080135","11","7545","9.7283e-06","0.0021","A"
"4","Trait5","mrMLM","PstI.TP1080168","11","7546","-1.2173e-05","0.0027","G"
"4","Trait5","mrMLM","PstI.TP1080476","11","7547","0.111","0.5237","C"
"4","Trait5","mrMLM","PstI.TP1080725","11","7548","-2.2001e-05","0.0048","G"
"4","Trait5","mrMLM","PstI.TP1080799","11","7549","1.9061e-05","0.0042","C"
"4","Trait5","mrMLM","PstI.TP1081584","11","7551","-8.5345e-06","0.0019","A"
"4","Trait5","mrMLM","PstI.TP1081718","11","7552","-0.1229","0.9674","A"
"4","Trait5","mrMLM","PstI.TP1081719","11","7553","1.239e-05","0.0027","C"
"4","Trait5","mrMLM","PstI.TP1081774","11","7554","-2.8652e-06","6e-04","A"
"4","Trait5","mrMLM","PstI.TP1082042","11","7555","2.5494e-06","6e-04","A"
"4","Trait5","mrMLM","PstI.TP1082413","11","7556","-0.317","1.6988","C"
"4","Trait5","mrMLM","PstI.TP1082638","11","7557","3.4055e-06","7e-04","C"
"4","Trait5","mrMLM","PstI.TP1082731","11","7558","4.1142e-06","9e-04","A"
"4","Trait5","mrMLM","PstI.TP1082780","11","7559","-1.2161e-05","0.0027","G"
"4","Trait5","mrMLM","PstI.TP1083012","11","7560","-0.0082","0.0905","A"
"4","Trait5","mrMLM","PstI.TP1083312","11","7562","-0.116","0.576","G"
"4","Trait5","mrMLM","PstI.TP1083569","11","7563","1.0775e-05","0.0024","C"
"4","Trait5","mrMLM","PstI.TP1083935","11","7564","0.016","0.224","C"
"4","Trait5","mrMLM","PstI.TP1084158","11","7565","-0.1096","1.1473","C"
"4","Trait5","mrMLM","PstI.TP1084246","11","7566","6.5466e-06","0.0014","A"
"4","Trait5","mrMLM","PstI.TP1084297","11","7567","-1.0915e-05","0.0024","G"
"4","Trait5","mrMLM","PstI.TP1084530","11","7569","0.2542","1.5727","C"
"4","Trait5","mrMLM","PstI.TP1084627","11","7570","0.033","0.2327","C"
"4","Trait5","mrMLM","PstI.TP1084644","11","7571","-2.8969e-06","6e-04","A"
"4","Trait5","mrMLM","PstI.TP1084700","11","7572","-2.2303e-05","0.0049","C"
"4","Trait5","mrMLM","PstI.TP1085371","11","7577","0.1198","0.661","C"
"4","Trait5","mrMLM","PstI.TP1086389","11","7579","-7.2389e-06","0.0016","C"
"4","Trait5","mrMLM","PstI.TP1086505","11","7580","1.0918e-05","0.0024","C"
"4","Trait5","mrMLM","PstI.TP1086510","11","7581","-8.0896e-06","0.0018","C"
"4","Trait5","mrMLM","PstI.TP1086543","11","7582","-0.1224","1.2078","A"
"4","Trait5","mrMLM","PstI.TP1086739","11","7583","-0.0015","0.047","A"
"4","Trait5","mrMLM","PstI.TP1086763","11","7584","1.8674e-05","0.0041","C"
"4","Trait5","mrMLM","PstI.TP1087179","11","7585","-1.8905e-06","4e-04","A"
"4","Trait5","mrMLM","PstI.TP1087180","11","7586","0.0388","0.3351","C"
"4","Trait5","mrMLM","PstI.TP1087235","11","7587","0.0833","0.4806","A"
"4","Trait5","mrMLM","PstI.TP1087551","11","7589","-1.3607e-05","0.003","G"
"4","Trait5","mrMLM","PstI.TP1087763","11","7590","0.005","0.0883","A"
"4","Trait5","mrMLM","PstI.TP1087906","11","7591","3.1663e-05","0.0069","A"
"4","Trait5","mrMLM","PstI.TP1088009","11","7593","-3.8299e-06","8e-04","A"
"4","Trait5","mrMLM","PstI.TP1088018","11","7594","3.6999e-06","8e-04","A"
"4","Trait5","mrMLM","PstI.TP1088038","11","7595","-3.6214e-06","8e-04","A"
"4","Trait5","mrMLM","PstI.TP1088058","11","7596","1.9345e-05","0.0042","A"
"4","Trait5","mrMLM","PstI.TP1088064","11","7597","-0.0867","0.9634","A"
"4","Trait5","mrMLM","PstI.TP1088574","11","7599","0.0479","0.3538","C"
"4","Trait5","mrMLM","PstI.TP1088710","11","7600","0.026","0.3247","A"
"4","Trait5","mrMLM","PstI.TP1088829","11","7601","1.0349e-05","0.0023","A"
"4","Trait5","mrMLM","PstI.TP1089091","11","7602","3.5068e-05","0.0077","A"
"4","Trait5","mrMLM","PstI.TP1089275","11","7603","-0.4172","3.1696","A"
"4","Trait5","mrMLM","PstI.TP1089362","11","7604","-1.0794e-05","0.0024","G"
"4","Trait5","mrMLM","PstI.TP1089490","11","7605","-1.0468e-05","0.0023","C"
"4","Trait5","mrMLM","PstI.TP1089516","11","7606","4.164e-05","0.0092","A"
"4","Trait5","mrMLM","PstI.TP1089520","11","7607","0.009","0.1094","A"
"4","Trait5","mrMLM","PstI.TP1089530","11","7608","7.6555e-07","2e-04","A"
"4","Trait5","mrMLM","PstI.TP1089756","11","7610","0.0295","0.3123","A"
"4","Trait5","mrMLM","PstI.TP1089868","11","7611","-2.7937e-05","0.0061","C"
"4","Trait5","mrMLM","PstI.TP1090440","11","7612","4.6134e-07","1e-04","A"
"4","Trait5","mrMLM","PstI.TP1090522","11","7613","-1.4988e-05","0.0033","A"
"4","Trait5","mrMLM","PstI.TP1090634","11","7614","7.9027e-06","0.0017","A"
"4","Trait5","mrMLM","PstI.TP1090692","11","7615","-0.0488","0.357","G"
"4","Trait5","mrMLM","PstI.TP1090755","11","7616","-2.4774e-05","0.0054","G"
"4","Trait5","mrMLM","PstI.TP1090776","11","7617","-3.6623e-06","8e-04","C"
"4","Trait5","mrMLM","PstI.TP1091168","11","7618","-2.9598e-06","6e-04","G"
"4","Trait5","mrMLM","PstI.TP1091563","11","7620","0.0268","0.3051","C"
"4","Trait5","mrMLM","PstI.TP1091711","11","7622","2.4754e-05","0.0054","A"
"4","Trait5","mrMLM","PstI.TP1091731","11","7624","1.3289e-05","0.0029","A"
"4","Trait5","mrMLM","PstI.TP1091804","11","7625","-0.0068","0.0953","A"
"4","Trait5","mrMLM","PstI.TP1091870","11","7627","2.3621e-06","5e-04","G"
"4","Trait5","mrMLM","PstI.TP1092068","11","7628","3.2349e-05","0.0071","C"
"4","Trait5","mrMLM","PstI.TP1092123","11","7629","-0.067","0.3908","A"
"4","Trait5","mrMLM","PstI.TP1092146","11","7630","-3.5709e-05","0.0078","G"
"4","Trait5","mrMLM","PstI.TP1092406","11","7631","-2.3778e-07","5.1752e-05","C"
"4","Trait5","mrMLM","PstI.TP1092594","11","7633","-0.115","1.0613","A"
"4","Trait5","mrMLM","PstI.TP1092614","11","7634","-0.0652","0.7005","A"
"4","Trait5","mrMLM","PstI.TP1092641","11","7635","1.4373e-05","0.0031","C"
"4","Trait5","mrMLM","PstI.TP1092701","11","7636","-3.4233e-05","0.0075","G"
"4","Trait5","mrMLM","PstI.TP1092851","11","7637","-6.9281e-06","0.0015","C"
"4","Trait5","mrMLM","PstI.TP1092900","11","7638","0.0371","0.2116","C"
"4","Trait5","mrMLM","PstI.TP1092931","11","7639","-1.439e-05","0.0031","A"
"4","Trait5","mrMLM","PstI.TP1092934","11","7640","0.043","0.4093","A"
"4","Trait5","mrMLM","PstI.TP1092945","11","7641","-2.302e-05","0.005","A"
"4","Trait5","mrMLM","PstI.TP1093037","11","7642","-1.4554e-05","0.0032","C"
"4","Trait5","mrMLM","PstI.TP1093421","11","7643","1.6536e-05","0.0036","C"
"4","Trait5","mrMLM","PstI.TP1093605","11","7645","-0.158","0.5347","A"
"4","Trait5","mrMLM","PstI.TP1093711","11","7647","0.0409","0.4068","A"
"4","Trait5","mrMLM","PstI.TP1093749","11","7648","-5.586e-06","0.0012","A"
"4","Trait5","mrMLM","PstI.TP1093776","11","7649","-4.8724e-07","1e-04","A"
"4","Trait5","mrMLM","PstI.TP1094459","11","7653","0.1039","0.791","A"
"4","Trait5","mrMLM","PstI.TP1094699","11","7654","-1.9021e-07","4.1403e-05","C"
"4","Trait5","mrMLM","PstI.TP1094772","11","7655","5.6397e-06","0.0012","A"
"4","Trait5","mrMLM","PstI.TP1094844","11","7656","-0.0283","0.3652","A"
"4","Trait5","mrMLM","PstI.TP1094875","11","7657","-3.3642e-05","0.0074","A"
"4","Trait5","mrMLM","PstI.TP1095011","11","7660","0.0293","0.31","A"
"4","Trait5","mrMLM","PstI.TP1095030","11","7661","-0.0266","0.3189","C"
"4","Trait5","mrMLM","PstI.TP1095306","11","7662","1.4984e-05","0.0033","C"
"4","Trait5","mrMLM","PstI.TP1095393","11","7663","1.1731e-06","3e-04","C"
"4","Trait5","mrMLM","PstI.TP1095675","11","7664","-0.0505","0.2012","C"
"4","Trait5","mrMLM","PstI.TP1095751","11","7665","1.6002e-05","0.0035","C"
"4","Trait5","mrMLM","PstI.TP1095770","11","7666","1.855e-05","0.0041","G"
"4","Trait5","mrMLM","PstI.TP1096323","11","7667","-5.1614e-06","0.0011","C"
"4","Trait5","mrMLM","PstI.TP1096552","11","7668","6.0283e-07","1e-04","C"
"4","Trait5","mrMLM","PstI.TP1097099","11","7671","-2.9322e-05","0.0064","A"
"4","Trait5","mrMLM","PstI.TP1097115","11","7672","-4.6795e-06","0.001","A"
"4","Trait5","mrMLM","PstI.TP1097162","11","7673","-0.1097","0.6845","G"
"4","Trait5","mrMLM","PstI.TP1097359","11","7675","9.7664e-06","0.0021","A"
"4","Trait5","mrMLM","PstI.TP1097429","11","7676","9.8054e-06","0.0021","A"
"4","Trait5","mrMLM","PstI.TP1097463","11","7677","-7.0328e-06","0.0015","A"
"4","Trait5","mrMLM","PstI.TP1097474","11","7678","1.0693e-05","0.0023","C"
"4","Trait5","mrMLM","PstI.TP1097479","11","7679","2.0114e-05","0.0044","C"
"4","Trait5","mrMLM","PstI.TP1097617","11","7680","-2.1112e-05","0.0046","C"
"4","Trait5","mrMLM","PstI.TP1097728","11","7681","1.3625e-05","0.003","C"
"4","Trait5","mrMLM","PstI.TP1098439","11","7683","2.0374e-05","0.0045","A"
"4","Trait5","mrMLM","PstI.TP1098700","11","7684","-2.2741e-05","0.005","A"
"4","Trait5","mrMLM","PstI.TP1098749","11","7686","-1.9806e-05","0.0043","C"
"4","Trait5","mrMLM","PstI.TP1098788","11","7687","3.2023e-05","0.007","C"
"4","Trait5","mrMLM","PstI.TP1098978","11","7690","6.1334e-06","0.0013","A"
"4","Trait5","mrMLM","PstI.TP1099377","11","7691","-0.1667","0.7978","C"
"4","Trait5","mrMLM","PstI.TP1099688","11","7692","1.3776e-05","0.003","A"
"4","Trait5","mrMLM","PstI.TP1099792","11","7693","1.4915e-06","3e-04","A"
"4","Trait5","mrMLM","PstI.TP1099972","11","7694","0.0604","0.5456","C"
"4","Trait5","mrMLM","PstI.TP1100017","11","7695","-9.8303e-06","0.0021","A"
"4","Trait5","mrMLM","PstI.TP1100364","11","7697","-0.1712","1.9944","A"
"4","Trait5","mrMLM","PstI.TP1100378","11","7698","0.0215","0.2578","G"
"4","Trait5","mrMLM","PstI.TP1100532","11","7699","-2.4567e-05","0.0054","A"
"4","Trait5","mrMLM","PstI.TP1100745","11","7701","-1.9409e-05","0.0042","A"
"4","Trait5","mrMLM","PstI.TP1100995","11","7703","4.9504e-06","0.0011","C"
"4","Trait5","mrMLM","PstI.TP1101021","11","7704","-0.0845","0.9125","A"
"4","Trait5","mrMLM","PstI.TP1101430","11","7706","1.7501e-05","0.0038","C"
"4","Trait5","mrMLM","PstI.TP1101631","11","7707","-2.6632e-06","6e-04","G"
"4","Trait5","mrMLM","PstI.TP1101910","11","7708","-1.2629e-05","0.0028","A"
"4","Trait5","mrMLM","PstI.TP1102206","11","7711","-3.6038e-06","8e-04","C"
"4","Trait5","mrMLM","PstI.TP1102261","11","7712","-0.0153","0.243","C"
"4","Trait5","mrMLM","PstI.TP1102451","11","7714","-2.7844e-06","6e-04","C"
"4","Trait5","mrMLM","PstI.TP1102598","11","7715","-0.1303","1.1438","C"
"4","Trait5","mrMLM","PstI.TP1102606","11","7716","0.3164","1.675","A"
"4","Trait5","mrMLM","PstI.TP1103348","11","7717","0.037","0.3275","A"
"4","Trait5","mrMLM","PstI.TP1103456","11","7721","4.1182e-07","8.9645e-05","A"
"4","Trait5","mrMLM","PstI.TP1103719","11","7722","-0.0901","0.5163","A"
"4","Trait5","mrMLM","PstI.TP1103883","11","7723","0.0167","0.1579","A"
"4","Trait5","mrMLM","PstI.TP1104096","11","7724","-0.181","1.4603","G"
"4","Trait5","mrMLM","PstI.TP1104168","11","7725","0.0012","0.0464","C"
"4","Trait5","mrMLM","PstI.TP1104209","11","7726","-6.7663e-06","0.0015","A"
"4","Trait5","mrMLM","PstI.TP1104392","11","7727","3.0535e-05","0.0067","C"
"4","Trait5","mrMLM","PstI.TP1104522","11","7730","-5.1406e-06","0.0011","C"
"4","Trait5","mrMLM","PstI.TP1104539","11","7731","0.0555","0.6378","A"
"4","Trait5","mrMLM","PstI.TP1104616","11","7732","2.3464e-05","0.0051","C"
"4","Trait5","mrMLM","PstI.TP1104643","11","7733","-0.0797","0.8863","C"
"4","Trait5","mrMLM","PstI.TP1104730","11","7734","0.0915","0.3879","A"
"4","Trait5","mrMLM","PstI.TP1104816","11","7736","-0.4086","3.2671","C"
"4","Trait5","mrMLM","PstI.TP1104827","11","7737","-3.7727e-06","8e-04","A"
"4","Trait5","mrMLM","PstI.TP1104967","11","7738","-0.0411","0.492","A"
"4","Trait5","mrMLM","PstI.TP1105170","11","7739","1.227e-05","0.0027","A"
"4","Trait5","mrMLM","PstI.TP1105223","11","7740","1.4907e-05","0.0033","C"
"4","Trait5","mrMLM","PstI.TP1105386","11","7742","0.0887","0.8997","C"
"4","Trait5","mrMLM","PstI.TP1105417","11","7743","-2.1612e-05","0.0047","C"
"4","Trait5","mrMLM","PstI.TP1105691","11","7745","-0.0384","0.4196","C"
"4","Trait5","mrMLM","PstI.TP1105889","11","7746","2.242e-05","0.0049","C"
"4","Trait5","mrMLM","PstI.TP1105906","11","7747","-5.2203e-06","0.0011","A"
"4","Trait5","mrMLM","PstI.TP1105951","11","7748","-4.3543e-06","9e-04","C"
"4","Trait5","mrMLM","PstI.TP1106131","11","7749","8.5212e-06","0.0019","A"
"4","Trait5","mrMLM","PstI.TP1106286","11","7750","-3.7901e-08","8.2512e-06","A"
"4","Trait5","mrMLM","PstI.TP1107169","11","7752","0.0999","0.5594","G"
"4","Trait5","mrMLM","PstI.TP1107629","11","7755","0.0514","0.2522","G"
"4","Trait5","mrMLM","PstI.TP1107833","11","7757","-8.6241e-06","0.0019","C"
"4","Trait5","mrMLM","PstI.TP1108069","11","7758","-7.8696e-06","0.0017","C"
"4","Trait5","mrMLM","PstI.TP1108114","11","7759","0.1654","1.8987","A"
"4","Trait5","mrMLM","PstI.TP1108229","11","7760","2.7658e-05","0.0061","C"
"4","Trait5","mrMLM","PstI.TP1108304","11","7761","-0.0658","0.5084","G"
"4","Trait5","mrMLM","PstI.TP1108344","11","7762","-1.1554e-05","0.0025","A"
"4","Trait5","mrMLM","PstI.TP1108404","11","7763","2.4975e-05","0.0055","C"
"4","Trait5","mrMLM","PstI.TP1108547","11","7764","0.0062","0.1148","C"
"4","Trait5","mrMLM","PstI.TP1108796","11","7766","-3.0351e-05","0.0067","C"
"4","Trait5","mrMLM","PstI.TP1109180","11","7768","-6.903e-06","0.0015","C"
"4","Trait5","mrMLM","PstI.TP1109641","11","7771","-1.5593e-05","0.0034","A"
"4","Trait5","mrMLM","PstI.TP1110236","11","7772","-0.133","0.6842","C"
"4","Trait5","mrMLM","PstI.TP1110489","11","7773","0.0832","0.5272","A"
"4","Trait5","mrMLM","PstI.TP1110544","11","7774","-0.0618","0.6193","A"
"4","Trait5","mrMLM","PstI.TP1110764","11","7776","-5.9396e-06","0.0013","C"
"4","Trait5","mrMLM","PstI.TP1111251","11","7778","-9.3078e-06","0.002","A"
"4","Trait5","mrMLM","PstI.TP1111691","11","7779","-1.4783e-05","0.0032","A"
"4","Trait5","mrMLM","PstI.TP1111766","11","7780","7.3117e-06","0.0016","A"
"4","Trait5","mrMLM","PstI.TP1111777","11","7781","-1.7377e-05","0.0038","C"
"4","Trait5","mrMLM","PstI.TP1112209","11","7783","2.3549e-05","0.0052","A"
"4","Trait5","mrMLM","PstI.TP1112303","11","7784","-7.425e-06","0.0016","C"
"4","Trait5","mrMLM","PstI.TP1112578","11","7787","-1.2645e-05","0.0028","A"
"4","Trait5","mrMLM","PstI.TP1112621","11","7789","-2.7748e-05","0.0061","C"
"4","Trait5","mrMLM","PstI.TP1112734","11","7790","2.0174e-05","0.0044","C"
"4","Trait5","mrMLM","PstI.TP1113065","11","7791","-3.0882e-05","0.0068","A"
"4","Trait5","mrMLM","PstI.TP1113107","11","7792","-0.0673","0.6247","A"
"4","Trait5","mrMLM","PstI.TP1113201","11","7794","-2.3112e-05","0.0051","A"
"4","Trait5","mrMLM","PstI.TP1113424","11","7797","0.0018","0.0601","A"
"4","Trait5","mrMLM","PstI.TP1113610","11","7798","-7.709e-06","0.0017","C"
"4","Trait5","mrMLM","PstI.TP1113615","11","7799","-7.557e-06","0.0016","C"
"4","Trait5","mrMLM","PstI.TP1113732","11","7800","6.9293e-06","0.0015","C"
"4","Trait5","mrMLM","PstI.TP1113836","11","7801","-9.9341e-06","0.0022","C"
"4","Trait5","mrMLM","PstI.TP1114007","11","7802","2.9836e-05","0.0065","C"
"4","Trait5","mrMLM","PstI.TP1114127","11","7803","-1.6957e-05","0.0037","C"
"4","Trait5","mrMLM","PstI.TP1114142","11","7804","4.7257e-06","0.001","A"
"4","Trait5","mrMLM","PstI.TP1114187","11","7805","-1.1236e-05","0.0025","G"
"4","Trait5","mrMLM","PstI.TP1114362","11","7807","-0.0649","0.3903","A"
"4","Trait5","mrMLM","PstI.TP1114610","11","7809","9.0541e-06","0.002","C"
"4","Trait5","mrMLM","PstI.TP1114613","11","7810","-8.3841e-06","0.0018","C"
"4","Trait5","mrMLM","PstI.TP1114695","11","7811","7.8339e-06","0.0017","G"
"4","Trait5","mrMLM","PstI.TP1114719","11","7812","5.1857e-06","0.0011","A"
"4","Trait5","mrMLM","PstI.TP1114850","11","7813","-1.3204e-05","0.0029","A"
"4","Trait5","mrMLM","PstI.TP1115283","11","7816","-5.3886e-06","0.0012","A"
"4","Trait5","mrMLM","PstI.TP1115285","11","7817","1.2152e-05","0.0027","A"
"4","Trait5","mrMLM","PstI.TP1115398","11","7818","-7.5629e-06","0.0016","G"
"4","Trait5","mrMLM","PstI.TP1115634","11","7820","-3.0569e-05","0.0067","C"
"4","Trait5","mrMLM","PstI.TP1115683","11","7821","0.1214","0.7532","C"
"4","Trait5","mrMLM","PstI.TP1115849","11","7823","0.1544","0.8031","A"
"4","Trait5","mrMLM","PstI.TP1115853","11","7824","1.1373e-05","0.0025","A"
"4","Trait5","mrMLM","PstI.TP1115875","11","7825","-0.0579","0.5761","A"
"4","Trait5","mrMLM","PstI.TP1115898","11","7826","2.4642e-05","0.0054","C"
"4","Trait5","mrMLM","PstI.TP1116215","11","7827","-1.7785e-05","0.0039","A"
"4","Trait5","mrMLM","PstI.TP1116419","11","7828","-3.5954e-06","8e-04","A"
"4","Trait5","mrMLM","PstI.TP1116437","11","7829","-1.0305e-06","2e-04","A"
"4","Trait5","mrMLM","PstI.TP1116487","11","7830","-2.2317e-06","5e-04","A"
"4","Trait5","mrMLM","PstI.TP1116491","11","7831","1.4416e-05","0.0031","A"
"4","Trait5","mrMLM","PstI.TP1116493","11","7832","-0.2713","2.7037","C"
"4","Trait5","mrMLM","PstI.TP1116623","11","7833","1.114e-05","0.0024","A"
"4","Trait5","mrMLM","PstI.TP1116747","11","7834","-1.1384e-05","0.0025","A"
"4","Trait5","mrMLM","PstI.TP1117181","11","7837","4.7461e-06","0.001","A"
"4","Trait5","mrMLM","PstI.TP1117297","11","7838","0.0026","0.0518","C"
"4","Trait5","mrMLM","PstI.TP1117304","11","7839","2.9824e-05","0.0065","C"
"4","Trait5","mrMLM","PstI.TP1117461","11","7842","1.1017e-05","0.0024","A"
"4","Trait5","mrMLM","PstI.TP1117554","11","7844","0.0094","0.1624","A"
"4","Trait5","mrMLM","PstI.TP1117569","11","7845","1.8557e-05","0.0041","A"
"4","Trait5","mrMLM","PstI.TP1117908","11","7846","0.0995","1.0149","A"
"4","Trait5","mrMLM","PstI.TP1118065","11","7847","-6.6964e-06","0.0015","A"
"4","Trait5","mrMLM","PstI.TP1118498","11","7852","-2.4534e-05","0.0054","A"
"4","Trait5","mrMLM","PstI.TP1118524","11","7853","-0.0238","0.2757","C"
"4","Trait5","mrMLM","PstI.TP1118556","11","7854","2.5103e-05","0.0055","G"
"4","Trait5","mrMLM","PstI.TP1118684","11","7855","0.0327","0.3751","A"
"4","Trait5","mrMLM","PstI.TP1118727","11","7856","1.6516e-05","0.0036","A"
"4","Trait5","mrMLM","PstI.TP1118734","11","7857","2.5987e-05","0.0057","A"
"4","Trait5","mrMLM","PstI.TP1119422","11","7860","0.0183","0.1906","C"
"4","Trait5","mrMLM","PstI.TP1119548","11","7861","1.0793e-05","0.0024","G"
"4","Trait5","mrMLM","PstI.TP1120028","11","7862","1.4618e-05","0.0032","A"
"4","Trait5","mrMLM","PstI.TP1120091","11","7864","0.1302","0.9669","C"
"4","Trait5","mrMLM","PstI.TP1120171","11","7865","-1.25e-05","0.0027","C"
"4","Trait5","mrMLM","PstI.TP1120317","11","7867","-2.5497e-05","0.0056","C"
"4","Trait5","mrMLM","PstI.TP1120630","11","7868","-1.8453e-05","0.004","C"
"4","Trait5","mrMLM","PstI.TP1120784","11","7869","3.3921e-05","0.0074","A"
"4","Trait5","mrMLM","PstI.TP1120883","11","7870","-0.064","0.3652","A"
"4","Trait5","mrMLM","PstI.TP1121083","11","7872","-5.4908e-06","0.0012","A"
"4","Trait5","mrMLM","PstI.TP1121842","11","7873","0.0265","0.3474","A"
"4","Trait5","mrMLM","PstI.TP1121933","11","7875","6.0853e-06","0.0013","C"
"4","Trait5","mrMLM","PstI.TP1122952","11","7877","-0.0206","0.2204","A"
"4","Trait5","mrMLM","PstI.TP1123085","11","7878","-0.0277","0.3269","A"
"4","Trait5","mrMLM","PstI.TP1123176","11","7879","4.1115e-06","9e-04","A"
"4","Trait5","mrMLM","PstI.TP1123232","11","7880","-7.3784e-06","0.0016","C"
"4","Trait5","mrMLM","PstI.TP1123426","11","7881","7.0432e-08","1.5329e-05","G"
"4","Trait5","mrMLM","PstI.TP1123526","11","7883","-5.6667e-06","0.0012","C"
"4","Trait5","mrMLM","PstI.TP1123565","11","7884","-0.2099","0.8185","G"
"4","Trait5","mrMLM","PstI.TP1123581","11","7885","6.4263e-06","0.0014","A"
"4","Trait5","mrMLM","PstI.TP1123892","11","7887","-1.0132e-05","0.0022","C"
"4","Trait5","mrMLM","PstI.TP1123937","11","7888","-2.2074e-07","4.8041e-05","A"
"4","Trait5","mrMLM","PstI.TP1124076","11","7889","-9.9139e-06","0.0022","C"
"4","Trait5","mrMLM","PstI.TP1124175","11","7890","1.4043e-05","0.0031","A"
"4","Trait5","mrMLM","PstI.TP1124199","11","7891","-1.7283e-05","0.0038","A"
"4","Trait5","mrMLM","PstI.TP1124649","11","7892","-2.2597e-05","0.0049","A"
"4","Trait5","mrMLM","PstI.TP1125627","11","7894","0.0018","0.0566","A"
"4","Trait5","mrMLM","PstI.TP1125669","11","7895","9.6391e-06","0.0021","C"
"4","Trait5","mrMLM","PstI.TP1125774","11","7896","0.0658","0.5004","G"
"4","Trait5","mrMLM","PstI.TP1126117","11","7898","3.32e-05","0.0073","A"
"4","Trait5","mrMLM","PstI.TP1126134","11","7899","0.0912","0.7653","A"
"4","Trait5","mrMLM","PstI.TP1126158","11","7900","8.1787e-06","0.0018","C"
"4","Trait5","mrMLM","PstI.TP1126293","11","7902","0.0052","0.0709","C"
"4","Trait5","mrMLM","PstI.TP1126574","11","7903","-1.8849e-05","0.0041","A"
"4","Trait5","mrMLM","PstI.TP1126952","11","7904","-3.7212e-06","8e-04","C"
"4","Trait5","mrMLM","PstI.TP1127105","11","7905","-0.0093","0.1234","A"
"4","Trait5","mrMLM","PstI.TP1127146","11","7907","9.174e-06","0.002","A"
"4","Trait5","mrMLM","PstI.TP1127198","11","7909","0.0667","0.7886","A"
"4","Trait5","mrMLM","PstI.TP1127564","11","7910","1.7277e-05","0.0038","C"
"4","Trait5","mrMLM","PstI.TP1127708","11","7911","-3.263e-05","0.0072","C"
"4","Trait5","mrMLM","PstI.TP1127725","11","7912","-0.0032","0.069","C"
"4","Trait5","mrMLM","PstI.TP1127833","11","7913","8.386e-06","0.0018","C"
"4","Trait5","mrMLM","PstI.TP1128300","11","7914","-2.9322e-05","0.0064","A"
"4","Trait5","mrMLM","PstI.TP1128342","11","7916","9.7702e-06","0.0021","C"
"4","Trait5","mrMLM","PstI.TP1128346","11","7917","-3.3373e-05","0.0073","A"
"4","Trait5","mrMLM","PstI.TP1128541","11","7921","0.0788","0.6443","C"
"4","Trait5","mrMLM","PstI.TP1128591","11","7922","1.7982e-05","0.0039","C"
"4","Trait5","mrMLM","PstI.TP1128649","11","7923","2.0666e-05","0.0045","A"
"4","Trait5","mrMLM","PstI.TP1128710","11","7924","9.1796e-06","0.002","A"
"4","Trait5","mrMLM","PstI.TP1128938","11","7925","4.5523e-06","0.001","G"
"4","Trait5","mrMLM","PstI.TP1128970","11","7926","0.1095","1.1259","C"
"4","Trait5","mrMLM","PstI.TP1129375","11","7927","-8.045e-06","0.0018","C"
"4","Trait5","mrMLM","PstI.TP1129399","11","7928","-1.8285e-05","0.004","C"
"4","Trait5","mrMLM","PstI.TP1130370","11","7930","-0.0725","0.6159","C"
"4","Trait5","mrMLM","PstI.TP1130832","11","7932","0.0043","0.0747","C"
"4","Trait5","mrMLM","PstI.TP1130877","11","7933","1.1731e-05","0.0026","A"
"4","Trait5","mrMLM","PstI.TP1130898","11","7934","-0.1075","0.6289","A"
"4","Trait5","mrMLM","PstI.TP1131607","11","7935","-0.1385","1.3384","A"
"4","Trait5","mrMLM","PstI.TP1131780","11","7936","3.3154e-05","0.0073","C"
"4","Trait5","mrMLM","PstI.TP1131784","11","7937","0.0847","0.5933","A"
"4","Trait5","mrMLM","PstI.TP1131811","11","7939","-0.0679","0.517","C"
"4","Trait5","mrMLM","PstI.TP1131988","11","7940","0.0245","0.2546","A"
"4","Trait5","mrMLM","PstI.TP1132089","11","7941","7.6255e-06","0.0017","C"
"4","Trait5","mrMLM","PstI.TP1132204","11","7942","-8.1859e-06","0.0018","C"
"4","Trait5","mrMLM","PstI.TP1132320","11","7943","-8.0702e-06","0.0018","G"
"4","Trait5","mrMLM","PstI.TP1132479","11","7944","3.56e-05","0.0078","A"
"4","Trait5","mrMLM","PstI.TP1132607","11","7945","2.0815e-05","0.0046","A"
"4","Trait5","mrMLM","PstI.TP1132608","11","7946","-9.779e-06","0.0021","A"
"4","Trait5","mrMLM","PstI.TP1132619","11","7947","-1.6196e-05","0.0035","C"
"4","Trait5","mrMLM","PstI.TP1134001","11","7951","8.4545e-07","2e-04","C"
"4","Trait5","mrMLM","PstI.TP1134033","11","7952","-1.422e-05","0.0031","C"
"4","Trait5","mrMLM","PstI.TP1134151","11","7953","0.0315","0.3154","G"
"4","Trait5","mrMLM","PstI.TP1134469","11","7954","-9.9569e-06","0.0022","A"
"4","Trait5","mrMLM","PstI.TP1134670","11","7955","1.1621e-06","3e-04","A"
"4","Trait5","mrMLM","PstI.TP1134689","11","7956","-4.4713e-06","0.001","A"
"4","Trait5","mrMLM","PstI.TP1134942","11","7957","3.2483e-05","0.0071","A"
"4","Trait5","mrMLM","PstI.TP1135050","11","7959","-2.3599e-05","0.0052","C"
"4","Trait5","mrMLM","PstI.TP1135116","11","7960","0.0216","0.269","A"
"4","Trait5","mrMLM","PstI.TP1135308","11","7962","6.9073e-06","0.0015","A"
"4","Trait5","mrMLM","PstI.TP1135347","11","7963","1.4567e-05","0.0032","C"
"4","Trait5","mrMLM","PstI.TP1135693","11","7964","-0.2082","0.8405","C"
"4","Trait5","mrMLM","PstI.TP1135748","11","7965","-0.0054","0.1321","A"
"4","Trait5","mrMLM","PstI.TP1135804","11","7966","4.412e-06","0.001","C"
"4","Trait5","mrMLM","PstI.TP1135827","11","7967","1.0383e-05","0.0023","A"
"4","Trait5","mrMLM","PstI.TP1136115","11","7968","-1.3116e-05","0.0029","C"
"4","Trait5","mrMLM","PstI.TP1137393","11","7970","8.9988e-06","0.002","A"
"4","Trait5","mrMLM","PstI.TP1137624","11","7971","-2.1624e-05","0.0047","C"
"4","Trait5","mrMLM","PstI.TP1137886","11","7974","2.6633e-05","0.0058","A"
"4","Trait5","mrMLM","PstI.TP1137900","11","7975","9.7398e-06","0.0021","C"
"4","Trait5","mrMLM","PstI.TP1138067","11","7976","0.0184","0.2848","A"
"4","Trait5","mrMLM","PstI.TP1138359","11","7977","-0.0178","0.2579","C"
"4","Trait5","mrMLM","PstI.TP1138510","11","7978","0.0925","0.4839","G"
"4","Trait5","mrMLM","PstI.TP1138810","11","7980","-1.7134e-05","0.0037","A"
"4","Trait5","mrMLM","PstI.TP1139023","11","7981","-0.0674","0.6762","A"
"4","Trait5","mrMLM","PstI.TP1139109","11","7982","0.008","0.1025","C"
"4","Trait5","mrMLM","PstI.TP1139236","11","7983","7.9398e-06","0.0017","C"
"4","Trait5","mrMLM","PstI.TP1139280","11","7984","-1.3571e-05","0.003","A"
"4","Trait5","mrMLM","PstI.TP1139421","11","7987","-1.4541e-05","0.0032","A"
"4","Trait5","mrMLM","PstI.TP1140031","11","7988","-2.4968e-05","0.0055","C"
"4","Trait5","mrMLM","PstI.TP1140067","11","7989","0.0054","0.1241","C"
"4","Trait5","mrMLM","PstI.TP1140275","11","7990","-5.2691e-06","0.0011","A"
"4","Trait5","mrMLM","PstI.TP1140544","11","7991","-0.1923","1.8309","C"
"4","Trait5","mrMLM","PstI.TP1140556","11","7992","5.882e-06","0.0013","C"
"4","Trait5","mrMLM","PstI.TP1140805","11","7994","7.8306e-06","0.0017","A"
"4","Trait5","mrMLM","PstI.TP1141068","11","7995","5.5535e-06","0.0012","A"
"4","Trait5","mrMLM","PstI.TP1141161","11","7996","3.2486e-06","7e-04","C"
"4","Trait5","mrMLM","PstI.TP1141406","11","7997","-1.6416e-05","0.0036","C"
"4","Trait5","mrMLM","PstI.TP1141531","11","7998","-0.027","0.3177","C"
"4","Trait5","mrMLM","PstI.TP1141852","11","8000","-5.8562e-06","0.0013","A"
"4","Trait5","mrMLM","PstI.TP1142252","11","8002","0.1306","1.7295","A"
"4","Trait5","mrMLM","PstI.TP1142495","11","8003","-1.804e-06","4e-04","A"
"4","Trait5","mrMLM","PstI.TP1142561","11","8004","-0.0316","0.4234","A"
"4","Trait5","mrMLM","PstI.TP1142567","11","8005","1.4282e-05","0.0031","C"
"4","Trait5","mrMLM","PstI.TP1142647","11","8006","1.0419e-05","0.0023","A"
"4","Trait5","mrMLM","PstI.TP1142887","11","8007","-0.0428","0.2414","C"
"4","Trait5","mrMLM","PstI.TP1143289","11","8009","1.8679e-05","0.0041","A"
"4","Trait5","mrMLM","PstI.TP1143715","11","8011","1.0445e-05","0.0023","C"
"4","Trait5","mrMLM","PstI.TP1143724","11","8012","2.4626e-07","5.3592e-05","C"
"4","Trait5","mrMLM","PstI.TP1144149","11","8013","-0.023","0.205","A"
"4","Trait5","mrMLM","PstI.TP1144174","11","8014","-7.772e-06","0.0017","C"
"4","Trait5","mrMLM","PstI.TP1144286","11","8017","2.0535e-05","0.0045","G"
"4","Trait5","mrMLM","PstI.TP1144400","11","8018","3.3801e-05","0.0074","C"
"4","Trait5","mrMLM","PstI.TP1144847","11","8019","-4.2882e-06","9e-04","A"
"4","Trait5","mrMLM","PstI.TP1144855","11","8020","-3.5905e-06","8e-04","C"
"4","Trait5","mrMLM","PstI.TP1144918","11","8021","-6.8058e-06","0.0015","G"
"4","Trait5","mrMLM","PstI.TP1144993","11","8022","5.0854e-06","0.0011","C"
"4","Trait5","mrMLM","PstI.TP1145373","11","8024","-3.6847e-06","8e-04","C"
"4","Trait5","mrMLM","PstI.TP1145577","11","8026","0.0319","0.349","C"
"4","Trait5","mrMLM","PstI.TP1145679","11","8027","-2.9401e-06","6e-04","C"
"4","Trait5","mrMLM","PstI.TP1146063","11","8029","-0.012","0.1503","C"
"4","Trait5","mrMLM","PstI.TP1146142","11","8031","-3.6684e-06","8e-04","C"
"4","Trait5","mrMLM","PstI.TP1146237","11","8032","2.5877e-05","0.0057","C"
"4","Trait5","mrMLM","PstI.TP1146473","11","8034","0.0038","0.084","C"
"4","Trait5","mrMLM","PstI.TP1146504","11","8036","-2.4572e-05","0.0054","C"
"4","Trait5","mrMLM","PstI.TP1146668","11","8037","0.0271","0.2276","C"
"4","Trait5","mrMLM","PstI.TP1146793","11","8038","-7.2221e-06","0.0016","A"
"4","Trait5","mrMLM","PstI.TP1146821","11","8039","-1.2898e-05","0.0028","C"
"4","Trait5","mrMLM","PstI.TP1147267","11","8040","-0.0751","0.4572","A"
"4","Trait5","mrMLM","PstI.TP1147318","11","8041","0.1256","0.9413","A"
"4","Trait5","mrMLM","PstI.TP1147319","11","8042","2.5189e-05","0.0055","C"
"4","Trait5","mrMLM","PstI.TP1147495","11","8044","5.0518e-06","0.0011","A"
"4","Trait5","mrMLM","PstI.TP1147891","11","8046","-1.6491e-06","4e-04","A"
"4","Trait5","mrMLM","PstI.TP1148069","11","8047","-0.1045","1.4635","A"
"4","Trait5","mrMLM","PstI.TP1148150","11","8048","0.1117","0.5565","A"
"4","Trait5","mrMLM","PstI.TP1148245","11","8050","1.2562e-05","0.0027","C"
"4","Trait5","mrMLM","PstI.TP1148320","11","8051","0.0947","0.4297","A"
"4","Trait5","mrMLM","PstI.TP1148368","11","8053","0.0212","0.2067","G"
"4","Trait5","mrMLM","PstI.TP1148444","11","8055","-0.0357","0.4024","A"
"4","Trait5","mrMLM","PstI.TP1148584","11","8057","-1.2478e-05","0.0027","C"
"4","Trait5","mrMLM","PstI.TP1149039","11","8059","-4.7972e-05","0.0106","C"
"4","Trait5","mrMLM","PstI.TP1149137","11","8061","-1.7412e-05","0.0038","C"
"4","Trait5","mrMLM","PstI.TP1149275","11","8063","1.8086e-06","4e-04","A"
"4","Trait5","mrMLM","PstI.TP1149311","11","8064","-0.155","0.846","A"
"4","Trait5","mrMLM","PstI.TP1149529","11","8065","-1.0098e-06","2e-04","C"
"4","Trait5","mrMLM","PstI.TP1149663","11","8066","1.6114e-05","0.0035","C"
"4","Trait5","mrMLM","PstI.TP1149720","11","8067","-0.1832","1.5819","C"
"4","Trait5","mrMLM","PstI.TP1149728","11","8068","-1.7294e-06","4e-04","C"
"4","Trait5","mrMLM","PstI.TP1149744","11","8069","0.145","0.5234","C"
"4","Trait5","mrMLM","PstI.TP1150072","11","8070","1.2451e-05","0.0027","G"
"4","Trait5","mrMLM","PstI.TP1150130","11","8071","0.069","0.7473","A"
"4","Trait5","mrMLM","PstI.TP1150227","11","8072","-7.0899e-07","2e-04","A"
"4","Trait5","mrMLM","PstI.TP1150298","11","8073","-1.6596e-05","0.0036","A"
"4","Trait5","mrMLM","PstI.TP1150303","11","8074","-2.3983e-05","0.0053","A"
"4","Trait5","mrMLM","PstI.TP1150405","11","8075","0.1084","0.7781","A"
"4","Trait5","mrMLM","PstI.TP1150451","11","8076","-7.7182e-06","0.0017","C"
"4","Trait5","mrMLM","PstI.TP1150621","11","8077","1.1496e-05","0.0025","A"
"4","Trait5","mrMLM","PstI.TP1150876","11","8079","-9.3346e-06","0.002","A"
"4","Trait5","mrMLM","PstI.TP1151011","11","8080","-0.2006","3.2315","C"
"4","Trait5","mrMLM","PstI.TP1151240","11","8081","1.0149e-05","0.0022","C"
"4","Trait5","mrMLM","PstI.TP1151341","11","8082","-3.2596e-06","7e-04","G"
"4","Trait5","mrMLM","PstI.TP1151415","11","8084","2.1663e-05","0.0047","G"
"4","Trait5","mrMLM","PstI.TP1151495","11","8085","0.1069","0.4522","C"
"4","Trait5","mrMLM","PstI.TP1151934","11","8086","-0.0827","0.8567","C"
"4","Trait5","mrMLM","PstI.TP1152009","11","8087","2.7011e-05","0.0059","A"
"4","Trait5","mrMLM","PstI.TP1152046","11","8089","1.3782e-05","0.003","C"
"4","Trait5","mrMLM","PstI.TP1152171","11","8091","-3.1313e-06","7e-04","A"
"4","Trait5","mrMLM","PstI.TP1152333","11","8093","-0.0966","0.7865","C"
"4","Trait5","mrMLM","PstI.TP1152455","11","8094","-6.7653e-06","0.0015","A"
"4","Trait5","mrMLM","PstI.TP1152541","11","8096","-0.0525","0.597","A"
"4","Trait5","mrMLM","PstI.TP1152554","11","8097","1.3509e-05","0.003","C"
"4","Trait5","mrMLM","PstI.TP1152925","11","8098","-1.3174e-05","0.0029","C"
"4","Trait5","mrMLM","PstI.TP1153026","11","8099","-3.2068e-06","7e-04","C"
"4","Trait5","mrMLM","PstI.TP1153902","11","8100","0.0544","0.4185","C"
"4","Trait5","mrMLM","PstI.TP1154071","11","8101","-4.7172e-06","0.001","A"
"4","Trait5","mrMLM","PstI.TP1154406","11","8102","0.0965","1.0781","C"
"4","Trait5","mrMLM","PstI.TP1154415","11","8103","0.0038","0.0903","A"
"4","Trait5","mrMLM","PstI.TP1154429","11","8104","9.1847e-06","0.002","C"
"4","Trait5","mrMLM","PstI.TP1154447","11","8105","1.5977e-06","3e-04","C"
"4","Trait5","mrMLM","PstI.TP1154805","11","8107","1.4733e-05","0.0032","A"
"4","Trait5","mrMLM","PstI.TP1154811","11","8108","3.4776e-06","8e-04","G"
"4","Trait5","mrMLM","PstI.TP1154847","11","8110","-3.0126e-06","7e-04","A"
"4","Trait5","mrMLM","PstI.TP1155810","11","8114","4.8719e-06","0.0011","G"
"4","Trait5","mrMLM","PstI.TP1156206","11","8116","0.1997","1.252","A"
"4","Trait5","mrMLM","PstI.TP1156641","11","8119","0.0651","0.3985","C"
"4","Trait5","mrMLM","PstI.TP1156839","11","8120","9.0467e-06","0.002","A"
"4","Trait5","mrMLM","PstI.TP1156877","11","8121","-2.784e-06","6e-04","C"
"4","Trait5","mrMLM","PstI.TP1157239","11","8122","-1.2138e-05","0.0027","C"
"4","Trait5","mrMLM","PstI.TP1157245","11","8123","-0.0135","0.1532","C"
"4","Trait5","mrMLM","PstI.TP1157254","11","8124","0.0607","0.4753","C"
"4","Trait5","mrMLM","PstI.TP1157255","11","8125","-5.5018e-06","0.0012","C"
"4","Trait5","mrMLM","PstI.TP1157433","11","8126","0.1029","0.8171","A"
"4","Trait5","mrMLM","PstI.TP1157609","11","8127","-0.0572","0.6078","C"
"4","Trait5","mrMLM","PstI.TP1157714","11","8128","1.2745e-05","0.0028","A"
"4","Trait5","mrMLM","PstI.TP1158042","11","8129","1.4317e-05","0.0031","A"
"4","Trait5","mrMLM","PstI.TP1158178","11","8130","-1.5392e-05","0.0034","C"
"4","Trait5","mrMLM","PstI.TP1158265","11","8131","0.1719","1.7871","C"
"4","Trait5","mrMLM","PstI.TP1158509","11","8132","-1.4063e-05","0.0031","G"
"4","Trait5","mrMLM","PstI.TP1158639","11","8133","0.0922","0.5886","C"
"4","Trait5","mrMLM","PstI.TP1158808","11","8134","7.3058e-07","2e-04","A"
"4","Trait5","mrMLM","PstI.TP1158983","11","8136","5.6891e-06","0.0012","A"
"4","Trait5","mrMLM","PstI.TP1159137","11","8138","0.0711","0.5177","A"
"4","Trait5","mrMLM","PstI.TP1159160","11","8139","-1.5231e-05","0.0033","A"
"4","Trait5","mrMLM","PstI.TP1159423","11","8140","0.032","0.3788","C"
"4","Trait5","mrMLM","PstI.TP1159424","11","8141","0.1792","0.7522","C"
"4","Trait5","mrMLM","PstI.TP1159854","11","8142","-2.2084e-05","0.0048","A"
"4","Trait5","mrMLM","PstI.TP1159860","11","8143","2.7168e-05","0.006","C"
"4","Trait5","mrMLM","PstI.TP1159924","11","8144","-1.2337e-05","0.0027","A"
"4","Trait5","mrMLM","PstI.TP1160322","11","8146","-1.3955e-05","0.003","G"
"4","Trait5","mrMLM","PstI.TP1160577","11","8148","0.0225","0.2922","C"
"4","Trait5","mrMLM","PstI.TP1160606","11","8149","-4.2244e-05","0.0093","A"
"4","Trait5","mrMLM","PstI.TP1160878","11","8151","1.0281e-05","0.0022","A"
"4","Trait5","mrMLM","PstI.TP1161254","11","8152","-3.7719e-06","8e-04","A"
"4","Trait5","mrMLM","PstI.TP1161418","11","8153","-4.3231e-06","9e-04","A"
"4","Trait5","mrMLM","PstI.TP1161540","11","8155","0.1173","0.4251","A"
"4","Trait5","mrMLM","PstI.TP1161603","11","8156","-3.8957e-06","8e-04","A"
"4","Trait5","mrMLM","PstI.TP1161687","11","8158","-0.0615","0.5289","G"
"4","Trait5","mrMLM","PstI.TP1161742","11","8159","-0.0065","0.1024","C"
"4","Trait5","mrMLM","PstI.TP1161929","11","8161","5.1274e-06","0.0011","C"
"4","Trait5","mrMLM","PstI.TP1162023","11","8162","8.1657e-06","0.0018","A"
"4","Trait5","mrMLM","PstI.TP1162073","11","8163","2.3387e-05","0.0051","A"
"4","Trait5","mrMLM","PstI.TP1162215","11","8164","0.0069","0.1031","C"
"4","Trait5","mrMLM","PstI.TP1162877","11","8166","1.2305e-05","0.0027","A"
"4","Trait5","mrMLM","PstI.TP1162951","11","8168","1.0512e-05","0.0023","A"
"4","Trait5","mrMLM","PstI.TP1162955","11","8169","-0.106","0.9084","C"
"4","Trait5","mrMLM","PstI.TP1163003","11","8170","-0.0466","0.4176","A"
"4","Trait5","mrMLM","PstI.TP1163084","11","8171","0.0618","0.4418","C"
"4","Trait5","mrMLM","PstI.TP1163151","11","8173","3.6409e-05","0.008","A"
"4","Trait5","mrMLM","PstI.TP1163161","11","8174","-0.1983","1.69","A"
"4","Trait5","mrMLM","PstI.TP1163170","11","8175","0.1837","0.9919","C"
"4","Trait5","mrMLM","PstI.TP1163178","11","8176","7.0042e-06","0.0015","G"
"4","Trait5","mrMLM","PstI.TP1163307","11","8177","1.8186e-05","0.004","A"
"4","Trait5","mrMLM","PstI.TP1163546","11","8178","1.0789e-05","0.0024","C"
"4","Trait5","mrMLM","PstI.TP1163628","11","8179","-3.4986e-06","8e-04","A"
"4","Trait5","mrMLM","PstI.TP1163826","11","8181","1.6995e-05","0.0037","G"
"4","Trait5","mrMLM","PstI.TP1163884","11","8182","0.0751","0.8405","G"
"4","Trait5","mrMLM","PstI.TP1164169","11","8183","1.8898e-05","0.0041","C"
"4","Trait5","mrMLM","PstI.TP1164301","11","8184","6.8985e-07","2e-04","C"
"4","Trait5","mrMLM","PstI.TP1164478","11","8185","0.0357","0.1936","C"
"4","Trait5","mrMLM","PstI.TP1164576","11","8187","5.0267e-06","0.0011","A"
"4","Trait5","mrMLM","PstI.TP1164686","11","8188","-1.4005e-05","0.0031","C"
"4","Trait5","mrMLM","PstI.TP1164803","11","8190","1.3957e-05","0.003","A"
"4","Trait5","mrMLM","PstI.TP1164990","11","8191","0.0093","0.1933","G"
"4","Trait5","mrMLM","PstI.TP1165514","11","8192","3.1123e-05","0.0068","C"
"4","Trait5","mrMLM","PstI.TP1165702","11","8193","2.9178e-06","6e-04","G"
"4","Trait5","mrMLM","PstI.TP1165814","11","8194","0.0241","0.2465","A"
"4","Trait5","mrMLM","PstI.TP1165956","11","8196","2.504e-06","5e-04","A"
"4","Trait5","mrMLM","PstI.TP1166120","11","8197","-2.1574e-05","0.0047","C"
"4","Trait5","mrMLM","PstI.TP1166185","11","8198","1.585e-05","0.0035","A"
"4","Trait5","mrMLM","PstI.TP1166684","11","8202","-0.0534","0.4465","A"
"4","Trait5","mrMLM","PstI.TP1166781","11","8203","-2.4497e-06","5e-04","C"
"4","Trait5","mrMLM","PstI.TP1167261","11","8204","6.5957e-07","1e-04","A"
"4","Trait5","mrMLM","PstI.TP1167599","11","8206","-2.1679e-05","0.0047","A"
"4","Trait5","mrMLM","PstI.TP1167654","11","8207","9.6271e-06","0.0021","A"
"4","Trait5","mrMLM","PstI.TP1167705","11","8208","2.7229e-06","6e-04","A"
"4","Trait5","mrMLM","PstI.TP1167792","11","8209","-0.0104","0.1284","A"
"4","Trait5","mrMLM","PstI.TP1167983","11","8210","3.4409e-05","0.0076","A"
"4","Trait5","mrMLM","PstI.TP1167998","11","8211","-2.7339e-05","0.006","C"
"4","Trait5","mrMLM","PstI.TP1168062","11","8212","-0.0686","0.9104","C"
"4","Trait5","mrMLM","PstI.TP1168212","11","8213","1.9978e-05","0.0044","C"
"4","Trait5","mrMLM","PstI.TP1168531","11","8214","-0.0314","0.2413","C"
"4","Trait5","mrMLM","PstI.TP1168860","11","8215","-1.9808e-05","0.0043","C"
"4","Trait5","mrMLM","PstI.TP1169013","11","8216","2.7728e-06","6e-04","C"
"4","Trait5","mrMLM","PstI.TP1169376","11","8218","1.6029e-06","3e-04","A"
"4","Trait5","mrMLM","PstI.TP1169556","11","8219","-0.1039","1.261","G"
"4","Trait5","mrMLM","PstI.TP1169636","11","8220","1.5809e-05","0.0035","A"
"4","Trait5","mrMLM","PstI.TP1169909","11","8221","0.0891","0.5017","G"
"4","Trait5","mrMLM","PstI.TP1170228","11","8222","1.1718e-05","0.0026","C"
"4","Trait5","mrMLM","PstI.TP1170703","11","8223","-1.0451e-05","0.0023","A"
"4","Trait5","mrMLM","PstI.TP1170814","11","8224","-0.0705","0.7085","C"
"4","Trait5","mrMLM","PstI.TP1170856","11","8225","-1.4913e-05","0.0033","C"
"4","Trait5","mrMLM","PstI.TP1170910","11","8226","2.8393e-06","6e-04","A"
"4","Trait5","mrMLM","PstI.TP1170969","11","8228","1.4828e-05","0.0032","A"
"4","Trait5","mrMLM","PstI.TP1171017","11","8229","0.2188","2.2609","C"
"4","Trait5","mrMLM","PstI.TP1171019","11","8230","-0.2007","0.6854","C"
"4","Trait5","mrMLM","PstI.TP1171486","11","8231","-1.574e-05","0.0034","G"
"4","Trait5","mrMLM","PstI.TP1171514","11","8232","-9.4796e-06","0.0021","G"
"4","Trait5","mrMLM","PstI.TP1171718","11","8233","0.0661","0.6575","A"
"4","Trait5","mrMLM","PstI.TP1171815","11","8234","1.8678e-05","0.0041","A"
"4","Trait5","mrMLM","PstI.TP1171896","11","8235","1.4696e-05","0.0032","C"
"4","Trait5","mrMLM","PstI.TP1171981","11","8238","-0.0363","0.3724","C"
"4","Trait5","mrMLM","PstI.TP1172032","11","8240","0.2121","0.9586","A"
"4","Trait5","mrMLM","PstI.TP1172215","11","8242","0.0759","0.5686","G"
"4","Trait5","mrMLM","PstI.TP1172252","11","8243","-0.1217","0.5141","A"
"4","Trait5","mrMLM","PstI.TP1172327","11","8244","-3.4398e-07","7.4862e-05","C"
"4","Trait5","mrMLM","PstI.TP1172386","11","8246","-4.2583e-06","9e-04","C"
"4","Trait5","mrMLM","PstI.TP1172771","11","8249","0.165","1.1148","A"
"4","Trait5","mrMLM","PstI.TP1172912","11","8250","3.0981e-06","7e-04","C"
"4","Trait5","mrMLM","PstI.TP1173305","11","8252","-0.0172","0.2705","A"
"4","Trait5","mrMLM","PstI.TP1173442","11","8253","-2.0037e-05","0.0044","C"
"4","Trait5","mrMLM","PstI.TP1173990","11","8256","3.797e-08","8.2628e-06","A"
"4","Trait5","mrMLM","PstI.TP1174169","11","8257","2.3081e-05","0.0051","C"
"4","Trait5","mrMLM","PstI.TP1174195","11","8259","-0.1091","1.1041","C"
"4","Trait5","mrMLM","PstI.TP1174223","11","8260","0.064","0.3294","A"
"4","Trait5","mrMLM","PstI.TP1174341","11","8261","-9.0625e-06","0.002","A"
"4","Trait5","mrMLM","PstI.TP1174398","11","8263","1.6909e-05","0.0037","A"
"4","Trait5","mrMLM","PstI.TP1174505","11","8265","-0.1704","0.9336","A"
"4","Trait5","mrMLM","PstI.TP1174582","11","8266","1.1317e-05","0.0025","C"
"4","Trait5","mrMLM","PstI.TP1174617","11","8267","-2.0553e-05","0.0045","A"
"4","Trait5","mrMLM","PstI.TP1174833","11","8269","0.0678","0.3826","A"
"4","Trait5","mrMLM","PstI.TP1174881","11","8270","1.4819e-05","0.0032","A"
"4","Trait5","mrMLM","PstI.TP1174936","11","8271","-1.6089e-05","0.0035","A"
"4","Trait5","mrMLM","PstI.TP1175015","11","8272","3.4756e-06","8e-04","C"
"4","Trait5","mrMLM","PstI.TP1175036","11","8273","0.1121","0.837","A"
"4","Trait5","mrMLM","PstI.TP1175096","11","8274","-4.3263e-06","9e-04","A"
"4","Trait5","mrMLM","PstI.TP1175101","11","8275","-1.1452e-05","0.0025","C"
"4","Trait5","mrMLM","PstI.TP1175107","11","8276","-3.5869e-06","8e-04","A"
"4","Trait5","mrMLM","PstI.TP1175135","11","8277","-0.1197","0.9964","A"
"4","Trait5","mrMLM","PstI.TP1175142","11","8278","-1.4914e-05","0.0033","A"
"4","Trait5","mrMLM","PstI.TP1175252","11","8279","-0.1111","0.8555","C"
"4","Trait5","mrMLM","PstI.TP1175461","11","8280","-0.0063","0.1294","C"
"4","Trait5","mrMLM","PstI.TP1175604","11","8282","-0.0772","0.7502","A"
"4","Trait5","mrMLM","PstI.TP1176376","11","8285","-1.8219e-05","0.004","C"
"4","Trait5","mrMLM","PstI.TP1176448","11","8287","0.0287","0.1706","A"
"4","Trait5","mrMLM","PstI.TP1176681","11","8289","2.2097e-05","0.0048","C"
"4","Trait5","mrMLM","PstI.TP1176683","11","8290","-1.4747e-05","0.0032","G"
"4","Trait5","mrMLM","PstI.TP1176715","11","8291","0.0042","0.1049","A"
"4","Trait5","mrMLM","PstI.TP1176793","11","8292","0.0392","0.3243","A"
"4","Trait5","mrMLM","PstI.TP1176910","11","8293","4.628e-06","0.001","A"
"4","Trait5","mrMLM","PstI.TP1177173","11","8294","-2.3727e-05","0.0052","A"
"4","Trait5","mrMLM","PstI.TP1177181","11","8295","-2.6684e-05","0.0058","A"
"4","Trait5","mrMLM","PstI.TP1177200","11","8297","0.0853","0.859","A"
"4","Trait5","mrMLM","PstI.TP1177506","11","8298","-1.0129e-05","0.0022","C"
"4","Trait5","mrMLM","PstI.TP1177625","11","8299","-0.1302","0.904","C"
"4","Trait5","mrMLM","PstI.TP1177675","11","8300","1.093e-05","0.0024","A"
"4","Trait5","mrMLM","PstI.TP1177795","11","8301","0.0958","1.1389","A"
"4","Trait5","mrMLM","PstI.TP1177996","11","8302","-2.0155e-05","0.0044","C"
"4","Trait5","mrMLM","PstI.TP1178181","11","8303","0.3048","1.3335","A"
"4","Trait5","mrMLM","PstI.TP1178552","11","8304","-7.0217e-06","0.0015","A"
"4","Trait5","mrMLM","PstI.TP1178578","11","8306","-0.0111","0.1794","C"
"4","Trait5","mrMLM","PstI.TP1178652","11","8307","-1.9884e-05","0.0044","A"
"4","Trait5","mrMLM","PstI.TP1178981","11","8308","-0.1911","0.5561","A"
"4","Trait5","mrMLM","PstI.TP1179075","11","8309","0.0247","0.1939","C"
"4","Trait5","mrMLM","PstI.TP1179212","11","8310","-1.371e-05","0.003","G"
"4","Trait5","mrMLM","PstI.TP1179246","11","8311","5.1223e-07","1e-04","G"
"4","Trait5","mrMLM","PstI.TP1179459","11","8312","-0.1956","1.4785","A"
"4","Trait5","mrMLM","PstI.TP1179606","11","8313","-0.0229","0.3501","C"
"4","Trait5","mrMLM","PstI.TP1179650","11","8314","1.9149e-05","0.0042","A"
"4","Trait5","mrMLM","PstI.TP1179881","11","8315","-3.2635e-05","0.0072","C"
"4","Trait5","mrMLM","PstI.TP1179945","11","8317","-1.8482e-06","4e-04","A"
"4","Trait5","mrMLM","PstI.TP1180385","11","8319","9.5992e-06","0.0021","A"
"4","Trait5","mrMLM","PstI.TP1180478","11","8320","3.2627e-05","0.0072","A"
"4","Trait5","mrMLM","PstI.TP1180583","11","8321","6.8758e-06","0.0015","C"
"4","Trait5","mrMLM","PstI.TP1180648","11","8322","-2.1699e-05","0.0047","A"
"4","Trait5","mrMLM","PstI.TP1180859","11","8323","-0.064","0.4356","A"
"4","Trait5","mrMLM","PstI.TP1180967","11","8324","-3.0398e-05","0.0067","A"
"4","Trait5","mrMLM","PstI.TP1180982","11","8325","-0.2177","1.0164","A"
"4","Trait5","mrMLM","PstI.TP1181013","11","8326","1.3062e-05","0.0029","A"
"4","Trait5","mrMLM","PstI.TP1181103","11","8327","-1.1129e-05","0.0024","C"
"4","Trait5","mrMLM","PstI.TP1181161","11","8328","1.4397e-05","0.0031","C"
"4","Trait5","mrMLM","PstI.TP1181511","11","8331","-0.0376","0.3665","C"
"4","Trait5","mrMLM","PstI.TP1181734","11","8332","1.7188e-06","4e-04","A"
"4","Trait5","mrMLM","PstI.TP1181998","11","8335","0.0602","0.348","C"
"4","Trait5","mrMLM","PstI.TP1182001","11","8336","-0.0404","0.3114","C"
"4","Trait5","mrMLM","PstI.TP1182387","11","8337","-1.4261e-05","0.0031","C"
"4","Trait5","mrMLM","PstI.TP1182414","11","8338","1.0297e-05","0.0022","C"
"4","Trait5","mrMLM","PstI.TP1182748","11","8339","-0.0447","0.3946","A"
"4","Trait5","mrMLM","PstI.TP1182788","11","8341","1.291e-06","3e-04","A"
"4","Trait5","mrMLM","PstI.TP1182890","11","8342","5.472e-06","0.0012","A"
"4","Trait5","mrMLM","PstI.TP1183040","11","8343","-1.5233e-05","0.0033","C"
"4","Trait5","mrMLM","PstI.TP1183122","11","8345","0.0121","0.1088","A"
"4","Trait5","mrMLM","PstI.TP1183195","11","8346","-0.2349","1.7722","C"
"4","Trait5","mrMLM","PstI.TP1183292","11","8347","0.0223","0.3201","C"
"4","Trait5","mrMLM","PstI.TP1183302","11","8348","0.0877","0.5922","G"
"4","Trait5","mrMLM","PstI.TP1183342","11","8350","-3.8989e-05","0.0086","C"
"4","Trait5","mrMLM","PstI.TP1183488","11","8352","6.8598e-06","0.0015","A"
"4","Trait5","mrMLM","PstI.TP1183491","11","8353","1.1041e-05","0.0024","C"
"4","Trait5","mrMLM","PstI.TP1183807","11","8355","-1.3091e-05","0.0029","C"
"4","Trait5","mrMLM","PstI.TP1184007","11","8357","-1.867e-05","0.0041","G"
"4","Trait5","mrMLM","PstI.TP1184069","11","8359","0.0452","0.3348","C"
"4","Trait5","mrMLM","PstI.TP1184245","11","8361","9.0062e-06","0.002","A"
"4","Trait5","mrMLM","PstI.TP1184368","11","8362","7.4171e-06","0.0016","A"
"4","Trait5","mrMLM","PstI.TP1184377","11","8363","-0.0443","0.5502","C"
"4","Trait5","mrMLM","PstI.TP1184385","11","8364","-2.31e-05","0.0051","G"
"4","Trait5","mrMLM","PstI.TP1184478","11","8365","1.6461e-05","0.0036","G"
"4","Trait5","mrMLM","PstI.TP1184907","11","8367","-1.8212e-06","4e-04","A"
"4","Trait5","mrMLM","PstI.TP1184930","11","8368","0.1018","1.1978","G"
"4","Trait5","mrMLM","PstI.TP1185012","11","8369","-2.3485e-05","0.0051","A"
"4","Trait5","mrMLM","PstI.TP1185087","11","8371","9.6603e-06","0.0021","A"
"4","Trait5","mrMLM","PstI.TP1185093","11","8372","0.0033","0.0598","C"
"4","Trait5","mrMLM","PstI.TP1185183","11","8373","-0.0467","0.4412","C"
"4","Trait5","mrMLM","PstI.TP1185245","11","8374","-1.0328e-05","0.0023","C"
"4","Trait5","mrMLM","PstI.TP1185454","11","8376","1.472e-05","0.0032","A"
"4","Trait5","mrMLM","PstI.TP1186005","11","8382","-3.7669e-07","8.199e-05","A"
"4","Trait5","mrMLM","PstI.TP1186047","11","8383","-7.1878e-06","0.0016","A"
"4","Trait5","mrMLM","PstI.TP1186124","11","8384","7.9971e-06","0.0017","C"
"4","Trait5","mrMLM","PstI.TP1186542","11","8386","-3.6767e-06","8e-04","G"
"4","Trait5","mrMLM","PstI.TP1186549","11","8387","-0.069","0.4085","A"
"4","Trait5","mrMLM","PstI.TP1187093","11","8389","-0.0086","0.1161","A"
"4","Trait5","mrMLM","PstI.TP1187517","11","8390","-3.3327e-05","0.0073","A"
"4","Trait5","mrMLM","PstI.TP1187813","11","8391","1.5265e-05","0.0033","C"
"4","Trait5","mrMLM","PstI.TP1188065","11","8392","-2.3546e-06","5e-04","C"
"4","Trait5","mrMLM","PstI.TP1188323","11","8394","-0.0389","0.2421","A"
"4","Trait5","mrMLM","PstI.TP1188697","11","8395","1.0999e-06","2e-04","A"
"4","Trait5","mrMLM","PstI.TP1188741","11","8396","-1.7961e-06","4e-04","G"
"4","Trait5","mrMLM","PstI.TP1188827","11","8397","3.8832e-07","8.4522e-05","C"
"4","Trait5","mrMLM","PstI.TP1188882","11","8398","-0.0694","0.7767","G"
"4","Trait5","mrMLM","PstI.TP1188898","11","8399","-0.1322","1.023","A"
"4","Trait5","mrMLM","PstI.TP1188917","11","8400","3.796e-05","0.0083","C"
"4","Trait5","mrMLM","PstI.TP1189013","11","8402","1.2263e-05","0.0027","A"
"4","Trait5","mrMLM","PstI.TP1189138","11","8403","2.4257e-06","5e-04","A"
"4","Trait5","mrMLM","PstI.TP1189355","11","8404","-2.0623e-05","0.0045","G"
"4","Trait5","mrMLM","PstI.TP1189433","11","8405","-1.2242e-05","0.0027","A"
"4","Trait5","mrMLM","PstI.TP1189602","11","8406","0.1621","1.1054","A"
"4","Trait5","mrMLM","PstI.TP1189845","11","8407","0.1888","0.6669","A"
"4","Trait5","mrMLM","PstI.TP1190452","11","8410","-0.1939","0.7726","C"
"4","Trait5","mrMLM","PstI.TP1190483","11","8411","3.4314e-05","0.0075","A"
"4","Trait5","mrMLM","PstI.TP1190717","11","8412","7.0283e-06","0.0015","C"
"4","Trait5","mrMLM","PstI.TP1190924","11","8414","-0.0241","0.2192","A"
"4","Trait5","mrMLM","PstI.TP1191208","11","8417","3.735e-05","0.0082","A"
"4","Trait5","mrMLM","PstI.TP1191243","11","8418","-9.4023e-06","0.0021","A"
"4","Trait5","mrMLM","PstI.TP1191282","11","8419","-1.4638e-05","0.0032","A"
"4","Trait5","mrMLM","PstI.TP1191293","11","8421","2.7449e-05","0.006","A"
"4","Trait5","mrMLM","PstI.TP1191340","11","8422","1.1679e-05","0.0025","G"
"4","Trait5","mrMLM","PstI.TP1191444","11","8423","1.9492e-05","0.0043","C"
"4","Trait5","mrMLM","PstI.TP1191629","11","8424","-2.1938e-05","0.0048","C"
"4","Trait5","mrMLM","PstI.TP1191682","11","8426","-1.2692e-05","0.0028","C"
"4","Trait5","mrMLM","PstI.TP1191750","11","8427","1.1141e-05","0.0024","A"
"4","Trait5","mrMLM","PstI.TP1191859","11","8428","-4.2236e-06","9e-04","A"
"4","Trait5","mrMLM","PstI.TP1191975","11","8430","8.2659e-06","0.0018","A"
"4","Trait5","mrMLM","PstI.TP1192515","11","8431","-0.0534","0.4874","A"
"4","Trait5","mrMLM","PstI.TP1192546","11","8432","-3.5493e-05","0.0078","C"
"4","Trait5","mrMLM","PstI.TP1192610","11","8433","0.0267","0.3576","A"
"4","Trait5","mrMLM","PstI.TP1192919","11","8434","5.6911e-06","0.0012","G"
"4","Trait5","mrMLM","PstI.TP1192927","11","8435","1.5253e-05","0.0033","A"
"4","Trait5","mrMLM","PstI.TP1193318","11","8436","2.7179e-05","0.006","A"
"4","Trait5","mrMLM","PstI.TP1193383","11","8437","1.1479e-05","0.0025","A"
"4","Trait5","mrMLM","PstI.TP1193511","11","8438","1.0004e-05","0.0022","C"
"4","Trait5","mrMLM","PstI.TP1193562","11","8439","-0.0789","0.8504","A"
"4","Trait5","mrMLM","PstI.TP1193608","11","8440","-0.0511","0.4105","A"
"4","Trait5","mrMLM","PstI.TP1193653","11","8441","-0.0129","0.0977","C"
"4","Trait5","mrMLM","PstI.TP1193743","11","8442","-0.2412","1.6157","C"
"4","Trait5","mrMLM","PstI.TP1193826","11","8443","0.1825","1.343","A"
"4","Trait5","mrMLM","PstI.TP1193860","11","8444","-1.8258e-06","4e-04","A"
"4","Trait5","mrMLM","PstI.TP1193905","11","8445","-1.1458e-05","0.0025","C"
"4","Trait5","mrMLM","PstI.TP1193927","11","8446","1.909e-05","0.0042","A"
"4","Trait5","mrMLM","PstI.TP1193959","11","8447","1.559e-06","3e-04","A"
"4","Trait5","mrMLM","PstI.TP1193997","11","8448","-2.448e-05","0.0054","A"
"4","Trait5","mrMLM","PstI.TP1194132","11","8449","1.5056e-05","0.0033","A"
"4","Trait5","mrMLM","PstI.TP1194898","11","8450","9.7701e-07","2e-04","A"
"4","Trait5","mrMLM","PstI.TP1195369","11","8454","-0.0569","0.4553","C"
"4","Trait5","mrMLM","PstI.TP1195402","11","8455","2.2814e-05","0.005","A"
"4","Trait5","mrMLM","PstI.TP1195693","11","8456","1.1174e-05","0.0024","A"
"4","Trait5","mrMLM","PstI.TP1195695","11","8457","1.8899e-05","0.0041","A"
"4","Trait5","mrMLM","PstI.TP1196190","11","8459","0.6289","2.8289","A"
"4","Trait5","mrMLM","PstI.TP1196344","11","8461","0.1026","0.4932","C"
"4","Trait5","mrMLM","PstI.TP1196374","11","8462","1.0192e-07","2.2183e-05","C"
"4","Trait5","mrMLM","PstI.TP1196614","11","8463","-9.0678e-06","0.002","G"
"4","Trait5","mrMLM","PstI.TP1197358","11","8464","9.1528e-06","0.002","C"
"4","Trait5","mrMLM","PstI.TP1198055","11","8465","-7.0115e-06","0.0015","C"
"4","Trait5","mrMLM","PstI.TP1198228","11","8466","-9.8859e-06","0.0022","A"
"4","Trait5","mrMLM","PstI.TP1198416","11","8467","-7.9191e-06","0.0017","C"
"4","Trait5","mrMLM","PstI.TP1198511","11","8468","0.124","0.8889","A"
"4","Trait5","mrMLM","PstI.TP1198706","11","8469","0.0288","0.3016","A"
"4","Trait5","mrMLM","PstI.TP1198735","11","8470","-0.0315","0.2691","A"
"4","Trait5","mrMLM","PstI.TP1198797","11","8471","-8.6825e-07","2e-04","C"
"4","Trait5","mrMLM","PstI.TP1199221","11","8472","0.0407","0.252","A"
"4","Trait5","mrMLM","PstI.TP1199268","11","8473","8.3691e-06","0.0018","A"
"4","Trait5","mrMLM","PstI.TP1199324","11","8474","-1.8534e-05","0.0041","G"
"4","Trait5","mrMLM","PstI.TP1199327","11","8475","-1.8028e-05","0.0039","G"
"4","Trait5","mrMLM","PstI.TP1200110","11","8477","-9.4654e-06","0.0021","A"
"4","Trait5","mrMLM","PstI.TP1200648","11","8479","2.2284e-05","0.0049","A"
"4","Trait5","mrMLM","PstI.TP1200684","11","8480","-1.7487e-05","0.0038","A"
"4","Trait5","mrMLM","PstI.TP1200719","11","8481","-0.0316","0.2782","C"
"4","Trait5","mrMLM","PstI.TP1201075","11","8484","6.0041e-06","0.0013","C"
"4","Trait5","mrMLM","PstI.TP1201238","11","8485","1.6228e-07","3.5317e-05","A"
"4","Trait5","mrMLM","PstI.TP1201445","11","8486","0.1137","1.2546","A"
"4","Trait5","mrMLM","PstI.TP1201826","11","8487","-0.0959","0.5799","A"
"4","Trait5","mrMLM","PstI.TP1202406","11","8488","-0.0354","0.4602","C"
"4","Trait5","mrMLM","PstI.TP1202714","11","8490","0.0889","0.922","C"
"4","Trait5","mrMLM","PstI.TP1203044","11","8491","-2.3785e-05","0.0052","C"
"4","Trait5","mrMLM","PstI.TP1203227","11","8492","-9.3834e-06","0.002","G"
"4","Trait5","mrMLM","PstI.TP1203500","11","8493","-3.9842e-05","0.0088","G"
"4","Trait5","mrMLM","PstI.TP1203650","11","8494","-8.4866e-06","0.0019","A"
"4","Trait5","mrMLM","PstI.TP1203741","11","8496","1.1691e-05","0.0026","C"
"4","Trait5","mrMLM","PstI.TP1204045","11","8497","1.3388e-05","0.0029","C"
"4","Trait5","mrMLM","PstI.TP1204344","11","8498","0.0314","0.3483","C"
"4","Trait5","mrMLM","PstI.TP1204390","11","8499","-2.4107e-05","0.0053","A"
"4","Trait5","mrMLM","PstI.TP1204692","11","8501","2.7208e-05","0.006","C"
"4","Trait5","mrMLM","PstI.TP1204787","11","8502","-0.077","0.7699","A"
"4","Trait5","mrMLM","PstI.TP1205180","11","8503","-4.3681e-06","0.001","C"
"4","Trait5","mrMLM","PstI.TP1205276","11","8504","-2.4694e-05","0.0054","G"
"4","Trait5","mrMLM","PstI.TP1205395","11","8505","-9.366e-06","0.002","C"
"4","Trait5","mrMLM","PstI.TP1206488","11","8506","2.412e-05","0.0053","C"
"4","Trait5","mrMLM","PstI.TP1206996","11","8508","0.1215","1.18","A"
"4","Trait5","mrMLM","PstI.TP1207283","11","8509","0.0403","0.3805","C"
"4","Trait5","mrMLM","PstI.TP1207451","11","8510","1.597e-05","0.0035","C"
"4","Trait5","mrMLM","PstI.TP1207496","11","8511","1.1081e-05","0.0024","A"
"4","Trait5","mrMLM","PstI.TP1207589","11","8512","6.347e-06","0.0014","C"
"4","Trait5","mrMLM","PstI.TP1207636","11","8513","1.1978e-05","0.0026","G"
"4","Trait5","mrMLM","PstI.TP1207707","11","8514","0.0073","0.1373","A"
"4","Trait5","mrMLM","PstI.TP1207737","11","8515","9.6362e-06","0.0021","A"
"4","Trait5","mrMLM","PstI.TP1207763","11","8516","0.015","0.2143","A"
"4","Trait5","mrMLM","PstI.TP1207929","11","8518","0.0582","0.4386","A"
"4","Trait5","mrMLM","PstI.TP1208060","11","8519","-1.8606e-05","0.0041","A"
"4","Trait5","mrMLM","PstI.TP1208068","11","8520","-0.0044","0.0716","A"
"4","Trait5","mrMLM","PstI.TP1208082","11","8521","-1.4709e-05","0.0032","C"
"4","Trait5","mrMLM","PstI.TP1208142","11","8522","0.0508","0.3213","A"
"4","Trait5","mrMLM","PstI.TP1208646","11","8526","1.3441e-05","0.0029","A"
"4","Trait5","mrMLM","PstI.TP1209436","11","8529","1.0082e-05","0.0022","A"
"4","Trait5","mrMLM","PstI.TP1210578","11","8532","1.694e-06","4e-04","C"
"4","Trait5","mrMLM","PstI.TP1210713","11","8533","-1.6274e-05","0.0036","C"
"4","Trait5","mrMLM","PstI.TP1210955","11","8534","0.1104","1.1501","C"
"4","Trait5","mrMLM","PstI.TP1211045","11","8535","-0.2479","0.981","C"
"4","Trait5","mrMLM","PstI.TP1211657","11","8538","5.1302e-06","0.0011","C"
"4","Trait5","mrMLM","PstI.TP1211752","11","8539","-0.2274","1.0425","G"
"4","Trait5","mrMLM","PstI.TP1211937","11","8540","0.0166","0.1424","G"
"4","Trait5","mrMLM","PstI.TP1212087","11","8541","-1.0022e-05","0.0022","A"
"4","Trait5","mrMLM","PstI.TP1212297","11","8542","-3.1751e-05","0.007","C"
"4","Trait5","mrMLM","PstI.TP1212450","11","8543","-1.7898e-05","0.0039","C"
"4","Trait5","mrMLM","PstI.TP1212904","11","8545","-9.4588e-06","0.0021","A"
"4","Trait5","mrMLM","PstI.TP1213111","11","8546","-3.2666e-05","0.0072","G"
"4","Trait5","mrMLM","PstI.TP1213357","11","8547","0.0609","0.5532","A"
"4","Trait5","mrMLM","PstI.TP1213404","11","8548","-4.7829e-07","1e-04","A"
"4","Trait5","mrMLM","PstI.TP1213759","11","8549","-2.6359e-05","0.0058","C"
"4","Trait5","mrMLM","PstI.TP1213777","11","8551","-1.4134e-05","0.0031","A"
"4","Trait5","mrMLM","PstI.TP1213921","11","8552","-0.0198","0.2296","C"
"4","Trait5","mrMLM","PstI.TP1213962","11","8553","0.1206","0.8091","C"
"4","Trait5","mrMLM","PstI.TP1214266","11","8554","0.2054","1.3486","A"
"4","Trait5","mrMLM","PstI.TP1214465","11","8555","-0.047","0.3221","A"
"4","Trait5","mrMLM","PstI.TP1214643","11","8556","-3.2916e-08","7.1646e-06","C"
"4","Trait5","mrMLM","PstI.TP1214827","11","8557","1.7383e-05","0.0038","C"
"4","Trait5","mrMLM","PstI.TP1215143","11","8559","-1.3146e-05","0.0029","A"
"4","Trait5","mrMLM","PstI.TP1215306","11","8560","-1.7299e-05","0.0038","A"
"4","Trait5","mrMLM","PstI.TP1215356","11","8561","2.8981e-06","6e-04","A"
"4","Trait5","mrMLM","PstI.TP1215484","11","8562","3.7789e-06","8e-04","A"
"4","Trait5","mrMLM","PstI.TP1215579","11","8563","1.0523e-05","0.0023","A"
"4","Trait5","mrMLM","PstI.TP1216035","11","8564","2.5663e-05","0.0056","A"
"4","Trait5","mrMLM","PstI.TP1216244","11","8565","-1.3652e-05","0.003","C"
"4","Trait5","mrMLM","PstI.TP1216716","11","8566","1.2687e-05","0.0028","A"
"4","Trait5","mrMLM","PstI.TP1216933","11","8568","9.1881e-06","0.002","G"
"4","Trait5","mrMLM","PstI.TP1216947","11","8569","-8.8244e-06","0.0019","G"
"4","Trait5","mrMLM","PstI.TP1217147","11","8570","7.4521e-06","0.0016","C"
"4","Trait5","mrMLM","PstI.TP1217202","11","8571","-0.0421","0.3258","A"
"4","Trait5","mrMLM","PstI.TP1217428","11","8572","-1.003e-05","0.0022","C"
"4","Trait5","mrMLM","PstI.TP1217667","11","8574","-1.3548e-05","0.003","C"
"4","Trait5","mrMLM","PstI.TP1217714","11","8576","-1.6968e-05","0.0037","A"
"4","Trait5","mrMLM","PstI.TP1217739","11","8577","3.6176e-05","0.0079","C"
"4","Trait5","mrMLM","PstI.TP1217885","11","8578","-2.2072e-05","0.0048","A"
"4","Trait5","mrMLM","PstI.TP1218059","11","8579","9.9244e-07","2e-04","A"
"4","Trait5","mrMLM","PstI.TP1218298","11","8580","-6.1685e-06","0.0013","A"
"4","Trait5","mrMLM","PstI.TP1218371","11","8581","1.1644e-05","0.0025","A"
"4","Trait5","mrMLM","PstI.TP1218726","11","8582","-2.2422e-07","4.8795e-05","A"
"4","Trait5","mrMLM","PstI.TP1218869","11","8583","7.9577e-06","0.0017","C"
"4","Trait5","mrMLM","PstI.TP1218934","11","8584","-1.1857e-05","0.0026","G"
"4","Trait5","mrMLM","PstI.TP1219194","11","8585","-0.1908","0.8022","A"
"4","Trait5","mrMLM","PstI.TP1219311","11","8586","7.846e-06","0.0017","A"
"4","Trait5","mrMLM","PstI.TP1219457","11","8587","0.0278","0.1752","C"
"4","Trait5","mrMLM","PstI.TP1219491","11","8588","-1.0334e-05","0.0023","A"
"4","Trait5","mrMLM","PstI.TP1219510","11","8589","4.9038e-06","0.0011","C"
"4","Trait5","mrMLM","PstI.TP1219577","11","8590","0.0594","0.5239","A"
"4","Trait5","mrMLM","PstI.TP1219743","11","8591","0.0086","0.1021","C"
"4","Trait5","mrMLM","PstI.TP1220154","11","8592","0.0659","0.4383","C"
"4","Trait5","mrMLM","PstI.TP1220222","11","8593","-0.0122","0.1057","C"
"4","Trait5","mrMLM","PstI.TP1220538","11","8594","-0.0284","0.3599","C"
"4","Trait5","mrMLM","PstI.TP1220590","11","8595","0.0932","0.4637","C"
"4","Trait5","mrMLM","PstI.TP1220698","11","8596","-7.022e-06","0.0015","C"
"4","Trait5","mrMLM","PstI.TP1220795","11","8597","-9.5013e-06","0.0021","C"
"4","Trait5","mrMLM","PstI.TP1220820","11","8598","0.0013","0.0398","A"
"4","Trait5","mrMLM","PstI.TP1220899","11","8599","-8.1205e-07","2e-04","G"
"4","Trait5","mrMLM","PstI.TP1220940","11","8600","1.3263e-05","0.0029","A"
"4","Trait5","mrMLM","PstI.TP1221206","11","8601","-5.0719e-06","0.0011","C"
"4","Trait5","mrMLM","PstI.TP1221281","11","8602","4.3517e-06","9e-04","G"
"4","Trait5","mrMLM","PstI.TP1221498","11","8603","-2.3983e-07","5.2194e-05","C"
"4","Trait5","mrMLM","PstI.TP1221704","11","8604","2.578e-06","6e-04","C"
"4","Trait5","mrMLM","PstI.TP1221706","11","8605","0.0447","0.3948","C"
"4","Trait5","mrMLM","PstI.TP1221763","11","8606","-3.8367e-06","8e-04","G"
"4","Trait5","mrMLM","PstI.TP1221905","11","8607","-0.0196","0.2388","C"
"4","Trait5","mrMLM","PstI.TP1221960","11","8608","2.4666e-05","0.0054","C"
"4","Trait5","mrMLM","PstI.TP1221987","11","8610","0.0706","0.675","A"
"4","Trait5","mrMLM","PstI.TP1222562","11","8613","-9.2187e-06","0.002","A"
"4","Trait5","mrMLM","PstI.TP1222704","11","8614","-0.0482","0.661","G"
"4","Trait5","mrMLM","PstI.TP1223092","11","8616","-2.3148e-05","0.0051","G"
"4","Trait5","mrMLM","PstI.TP1223273","11","8617","4.113e-06","9e-04","G"
"4","Trait5","mrMLM","PstI.TP1223298","11","8618","0.073","0.9554","C"
"4","Trait5","mrMLM","PstI.TP1223336","11","8620","0.0352","0.2539","A"
"4","Trait5","mrMLM","PstI.TP1223366","11","8621","-2.2104e-05","0.0048","C"
"4","Trait5","mrMLM","PstI.TP1223894","11","8623","-0.0599","0.599","A"
"4","Trait5","mrMLM","PstI.TP1224088","11","8624","0.0431","0.3211","G"
"4","Trait5","mrMLM","PstI.TP1224138","11","8625","-1.2498e-05","0.0027","A"
"4","Trait5","mrMLM","PstI.TP1224154","11","8626","2.095e-05","0.0046","A"
"4","Trait5","mrMLM","PstI.TP1224594","11","8629","-3.3457e-06","7e-04","A"
"4","Trait5","mrMLM","PstI.TP1224651","11","8631","2.2718e-05","0.005","G"
"4","Trait5","mrMLM","PstI.TP1224879","11","8632","0.0311","0.2001","C"
"4","Trait5","mrMLM","PstI.TP1225236","11","8633","-0.0675","0.6908","A"
"4","Trait5","mrMLM","PstI.TP1225250","11","8634","1.2875e-05","0.0028","A"
"4","Trait5","mrMLM","PstI.TP1225567","11","8635","-1.1866e-05","0.0026","A"
"4","Trait5","mrMLM","PstI.TP1225854","11","8636","-4.7501e-06","0.001","A"
"4","Trait5","mrMLM","PstI.TP1225885","11","8637","7e-04","0.042","G"
"4","Trait5","mrMLM","PstI.TP1225942","11","8638","-5.1684e-06","0.0011","A"
"4","Trait5","mrMLM","PstI.TP1226000","11","8639","-0.0647","0.4518","A"
"4","Trait5","mrMLM","PstI.TP1226051","11","8640","-6.3846e-06","0.0014","A"
"4","Trait5","mrMLM","PstI.TP1226108","11","8641","1.5542e-05","0.0034","A"
"4","Trait5","mrMLM","PstI.TP1226122","11","8642","-0.0658","0.5093","A"
"4","Trait5","mrMLM","PstI.TP1226294","11","8643","-0.0327","0.1908","C"
"4","Trait5","mrMLM","PstI.TP1226356","11","8644","1.664e-05","0.0036","A"
"4","Trait5","mrMLM","PstI.TP1226733","11","8645","7.8072e-06","0.0017","C"
"4","Trait5","mrMLM","PstI.TP1227243","11","8647","-1.8622e-05","0.0041","C"
"4","Trait5","mrMLM","PstI.TP1227244","11","8648","-1.9392e-06","4e-04","C"
"4","Trait5","mrMLM","PstI.TP1227477","11","8649","-0.042","0.3715","A"
"4","Trait5","mrMLM","PstI.TP1227640","11","8650","-0.0012","0.0541","C"
"4","Trait5","mrMLM","PstI.TP1227746","11","8651","-0.0998","0.4897","A"
"4","Trait5","mrMLM","PstI.TP1227857","11","8652","2.3703e-05","0.0052","C"
"4","Trait5","mrMLM","PstI.TP1227976","11","8653","-1.6728e-05","0.0037","A"
"4","Trait5","mrMLM","PstI.TP1228047","11","8654","0.1855","0.799","A"
"4","Trait5","mrMLM","PstI.TP1228708","11","8656","2.8998e-05","0.0064","A"
"4","Trait5","mrMLM","PstI.TP1228725","11","8657","0.0367","0.3515","C"
"4","Trait5","mrMLM","PstI.TP1228762","11","8658","-0.0021","0.0518","A"
"4","Trait5","mrMLM","PstI.TP1228819","11","8659","-0.0778","0.3853","A"
"4","Trait5","mrMLM","PstI.TP1228954","11","8661","6.7612e-06","0.0015","A"
"4","Trait5","mrMLM","PstI.TP1229175","11","8662","1.2908e-05","0.0028","A"
"4","Trait5","mrMLM","PstI.TP1229285","11","8663","-3.0784e-05","0.0068","C"
"4","Trait5","mrMLM","PstI.TP1229446","11","8664","2.3407e-05","0.0051","C"
"4","Trait5","mrMLM","PstI.TP1229591","11","8665","-7.0798e-06","0.0015","C"
"4","Trait5","mrMLM","PstI.TP1229865","11","8666","-0.0926","0.8039","G"
"4","Trait5","mrMLM","PstI.TP1229912","11","8667","-2.2633e-05","0.005","A"
"4","Trait5","mrMLM","PstI.TP1229946","11","8668","-4.3062e-06","9e-04","G"
"4","Trait5","mrMLM","PstI.TP1230473","11","8670","-8.1655e-06","0.0018","C"
"4","Trait5","mrMLM","PstI.TP1230532","11","8671","9e-06","0.002","C"
"4","Trait5","mrMLM","PstI.TP1230551","11","8672","1.8112e-05","0.004","A"
"4","Trait5","mrMLM","PstI.TP1230709","11","8673","-1.7577e-07","3.8258e-05","C"
"4","Trait5","mrMLM","PstI.TP1230739","11","8674","1.4733e-06","3e-04","A"
"4","Trait5","mrMLM","PstI.TP1230769","11","8675","6.293e-06","0.0014","A"
"4","Trait5","mrMLM","PstI.TP1230984","11","8677","-7.837e-06","0.0017","C"
"4","Trait5","mrMLM","PstI.TP1231139","11","8679","0.1338","1.0929","A"
"4","Trait5","mrMLM","PstI.TP1231305","11","8681","2.0624e-05","0.0045","C"
"4","Trait5","mrMLM","PstI.TP1231356","11","8682","3.7409e-05","0.0082","C"
"4","Trait5","mrMLM","PstI.TP1231364","11","8683","5.1327e-06","0.0011","C"
"4","Trait5","mrMLM","PstI.TP1231619","11","8685","-0.1412","1.292","C"
"4","Trait5","mrMLM","PstI.TP1231684","11","8686","8.5348e-06","0.0019","A"
"4","Trait5","mrMLM","PstI.TP1232706","11","8687","-2.1115e-05","0.0046","C"
"4","Trait5","mrMLM","PstI.TP1232861","11","8688","-3.0086e-05","0.0066","A"
"4","Trait5","mrMLM","PstI.TP1233147","11","8689","-0.2652","1.3141","A"
"4","Trait5","mrMLM","PstI.TP1233150","11","8690","-3.0317e-05","0.0066","A"
"4","Trait5","mrMLM","PstI.TP1233984","11","8691","3.9549e-05","0.0087","A"
"4","Trait5","mrMLM","PstI.TP1234011","11","8692","-0.0142","0.2028","A"
"4","Trait5","mrMLM","PstI.TP1234048","11","8693","-0.1455","1.4445","C"
"4","Trait5","mrMLM","PstI.TP1234154","11","8694","-0.1702","1.1851","C"
"4","Trait5","mrMLM","PstI.TP1234221","11","8695","0.0011","0.0479","A"
"4","Trait5","mrMLM","PstI.TP1234285","11","8696","-0.1083","1.1371","C"
"4","Trait5","mrMLM","PstI.TP1234406","11","8697","1.6403e-05","0.0036","A"
"4","Trait5","mrMLM","PstI.TP1234441","11","8698","1.5945e-05","0.0035","A"
"4","Trait5","mrMLM","PstI.TP1234527","11","8699","-0.0585","0.4173","A"
"4","Trait5","mrMLM","PstI.TP1234687","11","8701","-2.2186e-06","5e-04","C"
"4","Trait5","mrMLM","PstI.TP1234710","11","8702","1.3915e-05","0.003","A"
"4","Trait5","mrMLM","PstI.TP1234830","11","8703","6.8502e-06","0.0015","A"
"4","Trait5","mrMLM","PstI.TP1235069","11","8704","1.798e-05","0.0039","A"
"4","Trait5","mrMLM","PstI.TP1235521","11","8705","-0.1674","2.5752","G"
"4","Trait5","mrMLM","PstI.TP1235702","11","8706","-1.5213e-05","0.0033","A"
"4","Trait5","mrMLM","PstI.TP1235706","11","8707","6.24e-06","0.0014","G"
"4","Trait5","mrMLM","PstI.TP1236507","11","8708","1.9417e-05","0.0042","A"
"4","Trait5","mrMLM","PstI.TP1236766","11","8710","-0.0693","0.6689","G"
"4","Trait5","mrMLM","PstI.TP1237542","11","8713","1.3825e-05","0.003","G"
"4","Trait5","mrMLM","PstI.TP1237734","11","8714","-2.8771e-06","6e-04","A"
"4","Trait5","mrMLM","PstI.TP1237889","11","8715","0.335","1.9434","A"
"4","Trait5","mrMLM","PstI.TP1237941","11","8716","0.181","1.0018","G"
"4","Trait5","mrMLM","PstI.TP1237979","11","8717","-2.7035e-06","6e-04","A"
"4","Trait5","mrMLM","PstI.TP1238123","11","8718","6.6346e-06","0.0014","C"
"4","Trait5","mrMLM","PstI.TP1238399","11","8719","-4.8231e-06","0.0011","A"
"4","Trait5","mrMLM","PstI.TP1238555","11","8720","3.4744e-06","8e-04","A"
"4","Trait5","mrMLM","PstI.TP1238719","11","8722","-1.8272e-05","0.004","G"
"4","Trait5","mrMLM","PstI.TP1238825","11","8723","-5.6693e-06","0.0012","G"
"4","Trait5","mrMLM","PstI.TP1239032","11","8724","-0.0548","0.4453","A"
"4","Trait5","mrMLM","PstI.TP1239133","11","8725","0.0407","0.3076","A"
"4","Trait5","mrMLM","PstI.TP1239394","11","8726","3.7594e-05","0.0083","A"
"4","Trait5","mrMLM","PstI.TP1239800","11","8727","0.0395","0.4476","C"
"4","Trait5","mrMLM","PstI.TP1239821","11","8728","3.5998e-05","0.0079","A"
"4","Trait5","mrMLM","PstI.TP1239973","11","8729","-0.0657","0.3531","A"
"4","Trait5","mrMLM","PstI.TP1239977","11","8730","-0.0273","0.2534","C"
"4","Trait5","mrMLM","PstI.TP1240105","11","8733","2.8146e-05","0.0062","A"
"4","Trait5","mrMLM","PstI.TP1240142","11","8734","-1.8351e-06","4e-04","A"
"4","Trait5","mrMLM","PstI.TP1240155","11","8735","0.0026","0.0874","A"
"4","Trait5","mrMLM","PstI.TP1240171","11","8736","-1.9479e-05","0.0043","G"
"4","Trait5","mrMLM","PstI.TP1240544","11","8737","0.0589","0.7269","C"
"4","Trait5","mrMLM","PstI.TP1240613","11","8738","-3.0928e-05","0.0068","A"
"4","Trait5","mrMLM","PstI.TP1240798","11","8739","-3.8982e-06","8e-04","A"
"4","Trait5","mrMLM","PstI.TP1240799","11","8740","-4.2567e-05","0.0094","C"
"4","Trait5","mrMLM","PstI.TP1241040","11","8741","-2.5181e-05","0.0055","G"
"4","Trait5","mrMLM","PstI.TP1241157","11","8742","0.006","0.0639","C"
"4","Trait5","mrMLM","PstI.TP1241248","11","8743","-3.678e-05","0.0081","A"
"4","Trait5","mrMLM","PstI.TP1241738","11","8744","0.0082","0.1532","A"
"4","Trait5","mrMLM","PstI.TP1241930","11","8746","-0.1099","0.6425","G"
"4","Trait5","mrMLM","PstI.TP1242125","11","8747","-7.3867e-06","0.0016","A"
"4","Trait5","mrMLM","PstI.TP1242596","11","8750","1.7328e-05","0.0038","C"
"4","Trait5","mrMLM","PstI.TP1242628","11","8751","0.1161","1.3525","A"
"4","Trait5","mrMLM","PstI.TP1242757","11","8753","3.9236e-05","0.0086","A"
"4","Trait5","mrMLM","PstI.TP1242773","11","8754","-1.8751e-07","4.0806e-05","C"
"4","Trait5","mrMLM","PstI.TP1242858","11","8755","-2.1076e-06","5e-04","A"
"4","Trait5","mrMLM","PstI.TP1242881","11","8756","0.1691","1.1538","C"
"4","Trait5","mrMLM","PstI.TP1242917","11","8758","-0.007","0.1095","A"
"4","Trait5","mrMLM","PstI.TP1243010","11","8760","-5.849e-06","0.0013","A"
"4","Trait5","mrMLM","PstI.TP1243013","11","8761","0.0414","0.1637","C"
"4","Trait5","mrMLM","PstI.TP1243037","11","8762","0.1036","0.9445","A"
"4","Trait5","mrMLM","PstI.TP1243209","11","8763","5.0208e-06","0.0011","C"
"4","Trait5","mrMLM","PstI.TP1243630","11","8766","-1.2896e-05","0.0028","A"
"4","Trait5","mrMLM","PstI.TP1243783","11","8767","3.8324e-05","0.0084","A"
"4","Trait5","mrMLM","PstI.TP1243965","11","8768","-1.5539e-05","0.0034","A"
"4","Trait5","mrMLM","PstI.TP1244093","11","8770","-0.0293","0.4297","A"
"4","Trait5","mrMLM","PstI.TP1244661","11","8773","-0.1994","0.7493","A"
"4","Trait5","mrMLM","PstI.TP1245447","11","8776","0.256","0.8568","A"
"4","Trait5","mrMLM","PstI.TP1245564","11","8777","-0.0568","0.5515","A"
"4","Trait5","mrMLM","PstI.TP1245595","11","8778","6.7374e-06","0.0015","C"
"4","Trait5","mrMLM","PstI.TP1246102","11","8779","0.1741","1.3864","C"
"4","Trait5","mrMLM","PstI.TP1246310","11","8780","-1.0187e-05","0.0022","C"
"4","Trait5","mrMLM","PstI.TP1247760","11","8782","-1.2697e-05","0.0028","C"
"4","Trait5","mrMLM","PstI.TP1247796","11","8783","-5.0545e-06","0.0011","C"
"4","Trait5","mrMLM","PstI.TP1247924","11","8784","-2.7204e-05","0.006","C"
"4","Trait5","mrMLM","PstI.TP1247989","11","8785","-2.2918e-05","0.005","C"
"4","Trait5","mrMLM","PstI.TP1248001","11","8786","-5.9949e-06","0.0013","A"
"4","Trait5","mrMLM","PstI.TP1248038","11","8787","-1.6209e-05","0.0035","C"
"4","Trait5","mrMLM","PstI.TP1248039","11","8788","-0.0061","0.1023","C"
"4","Trait5","mrMLM","PstI.TP1248391","11","8789","0.0371","0.2869","A"
"4","Trait5","mrMLM","PstI.TP1248507","11","8790","-3.9813e-06","9e-04","A"
"4","Trait5","mrMLM","PstI.TP1248873","11","8791","-2.998e-05","0.0066","G"
"4","Trait5","mrMLM","PstI.TP1249096","11","8793","4.2424e-05","0.0093","C"
"4","Trait5","mrMLM","PstI.TP1249414","11","8796","-6.6813e-06","0.0015","A"
"4","Trait5","mrMLM","PstI.TP1250021","11","8798","-9.334e-06","0.002","C"
"4","Trait5","mrMLM","PstI.TP1250222","11","8799","-0.1446","1.0278","C"
"4","Trait5","mrMLM","PstI.TP1250317","11","8800","-3.5393e-05","0.0078","A"
"4","Trait5","mrMLM","PstI.TP1250446","11","8801","7.9458e-06","0.0017","C"
"4","Trait5","mrMLM","PstI.TP1250648","11","8802","0.1403","1.3915","C"
"4","Trait5","mrMLM","PstI.TP1251275","11","8804","-0.0861","0.7047","A"
"4","Trait5","mrMLM","PstI.TP1251376","11","8805","-2.2273e-05","0.0049","C"
"4","Trait5","mrMLM","PstI.TP1251415","11","8806","-0.2283","1.5083","G"
"4","Trait5","mrMLM","PstI.TP1251494","11","8807","1.4742e-05","0.0032","C"
"4","Trait5","mrMLM","PstI.TP1251568","11","8808","1.5501e-06","3e-04","A"
"4","Trait5","mrMLM","PstI.TP1252100","11","8809","-5.3231e-06","0.0012","A"
"4","Trait5","mrMLM","PstI.TP1252106","11","8810","-0.0186","0.139","C"
"4","Trait5","mrMLM","PstI.TP1252152","11","8811","1.1152e-05","0.0024","C"
"4","Trait5","mrMLM","PstI.TP1252188","11","8812","1.2961e-05","0.0028","C"
"4","Trait5","mrMLM","PstI.TP1252344","11","8813","4.7543e-06","0.001","A"
"4","Trait5","mrMLM","PstI.TP1252756","11","8816","2.5365e-05","0.0056","G"
"4","Trait5","mrMLM","PstI.TP1252871","11","8817","0.0594","0.3536","G"
"4","Trait5","mrMLM","PstI.TP1253009","11","8818","-6.4891e-06","0.0014","C"
"4","Trait5","mrMLM","PstI.TP1253160","11","8819","1.4728e-05","0.0032","A"
"4","Trait5","mrMLM","PstI.TP1253170","11","8820","0.0159","0.2727","A"
"4","Trait5","mrMLM","PstI.TP1253172","11","8821","0.0506","0.453","A"
"4","Trait5","mrMLM","PstI.TP1253514","11","8822","0.0677","0.6798","C"
"4","Trait5","mrMLM","PstI.TP1253765","11","8823","-2.0547e-06","4e-04","A"
"4","Trait5","mrMLM","PstI.TP1253843","11","8824","3.2929e-06","7e-04","A"
"4","Trait5","mrMLM","PstI.TP1254106","11","8826","-1.3191e-05","0.0029","A"
"4","Trait5","mrMLM","PstI.TP1254648","11","8827","-1.0572e-05","0.0023","C"
"4","Trait5","mrMLM","PstI.TP1254766","11","8828","-0.0365","0.2115","C"
"4","Trait5","mrMLM","PstI.TP1254810","11","8829","1.2707e-05","0.0028","A"
"4","Trait5","mrMLM","PstI.TP1254833","11","8830","8.2537e-06","0.0018","C"
"4","Trait5","mrMLM","PstI.TP1254866","11","8831","-0.1488","0.5884","C"
"4","Trait5","mrMLM","PstI.TP1254973","11","8832","-4.1134e-07","8.9528e-05","C"
"4","Trait5","mrMLM","PstI.TP1255136","11","8834","4.6773e-07","1e-04","A"
"4","Trait5","mrMLM","PstI.TP1255297","11","8835","-0.0433","0.4826","C"
"4","Trait5","mrMLM","PstI.TP1255453","11","8836","-0.0333","0.3481","C"
"4","Trait5","mrMLM","PstI.TP1255816","11","8839","-0.1013","0.5141","C"
"4","Trait5","mrMLM","PstI.TP1255868","11","8840","-6.2708e-06","0.0014","A"
"4","Trait5","mrMLM","PstI.TP1255945","11","8841","2.392e-05","0.0052","A"
"4","Trait5","mrMLM","PstI.TP1256235","11","8842","1.375e-05","0.003","C"
"4","Trait5","mrMLM","PstI.TP1256455","11","8843","-7.0992e-06","0.0015","C"
"4","Trait5","mrMLM","PstI.TP1256578","11","8844","-0.0735","0.3371","A"
"4","Trait5","mrMLM","PstI.TP1256600","11","8845","-0.0381","0.2921","C"
"4","Trait5","mrMLM","PstI.TP1256830","11","8846","-0.0549","0.5143","C"
"4","Trait5","mrMLM","PstI.TP1256881","11","8847","-1.7288e-06","4e-04","G"
"4","Trait5","mrMLM","PstI.TP1256959","11","8848","-1.8706e-05","0.0041","A"
"4","Trait5","mrMLM","PstI.TP1257087","11","8849","-0.0546","0.2686","A"
"4","Trait5","mrMLM","PstI.TP1257130","11","8850","-1.3106e-05","0.0029","A"
"4","Trait5","mrMLM","PstI.TP1257198","11","8851","-1.4751e-05","0.0032","C"
"4","Trait5","mrMLM","PstI.TP1257269","11","8852","-0.1925","1.776","C"
"4","Trait5","mrMLM","PstI.TP1257271","11","8853","-5.3557e-06","0.0012","G"
"4","Trait5","mrMLM","PstI.TP1257405","11","8854","-0.1005","0.599","C"
"4","Trait5","mrMLM","PstI.TP1257460","11","8855","0.0222","0.2436","C"
"4","Trait5","mrMLM","PstI.TP1257673","11","8856","3.2948e-07","7.1706e-05","A"
"4","Trait5","mrMLM","PstI.TP1257679","11","8857","-0.0742","0.9747","A"
"4","Trait5","mrMLM","PstI.TP1257809","11","8858","0.0163","0.2159","A"
"4","Trait5","mrMLM","PstI.TP1257881","11","8859","1.2922e-05","0.0028","C"
"4","Trait5","mrMLM","PstI.TP1258017","11","8860","-1.9255e-05","0.0042","A"
"4","Trait5","mrMLM","PstI.TP1258024","11","8861","-7.7396e-06","0.0017","A"
"4","Trait5","mrMLM","PstI.TP1258605","11","8862","-6.8689e-06","0.0015","C"
"4","Trait5","mrMLM","PstI.TP1258817","11","8864","2.7812e-06","6e-04","C"
"4","Trait5","mrMLM","PstI.TP1258947","11","8866","1.0772e-05","0.0024","C"
"4","Trait5","mrMLM","PstI.TP1259050","11","8867","-9.7688e-06","0.0021","A"
"4","Trait5","mrMLM","PstI.TP1259062","11","8868","0.008","0.1055","A"
"4","Trait5","mrMLM","PstI.TP1259214","11","8871","1.0621e-05","0.0023","A"
"4","Trait5","mrMLM","PstI.TP1259566","11","8872","-0.0199","0.2743","C"
"4","Trait5","mrMLM","PstI.TP1259821","11","8873","-0.008","0.1269","C"
"4","Trait5","mrMLM","PstI.TP1260029","11","8875","-2.1831e-05","0.0048","A"
"4","Trait5","mrMLM","PstI.TP1260138","11","8876","-2.4198e-05","0.0053","G"
"4","Trait5","mrMLM","PstI.TP1260287","11","8877","0.059","0.4886","A"
"4","Trait5","mrMLM","PstI.TP1260668","11","8878","0.0759","0.7056","G"
"4","Trait5","mrMLM","PstI.TP1260688","11","8879","0.0603","0.57","A"
"4","Trait5","mrMLM","PstI.TP1261043","11","8880","9.6669e-06","0.0021","A"
"4","Trait5","mrMLM","PstI.TP1261057","11","8881","1.3649e-05","0.003","C"
"4","Trait5","mrMLM","PstI.TP1261185","11","8882","1.7566e-05","0.0038","G"
"4","Trait5","mrMLM","PstI.TP1261963","11","8883","3.7853e-05","0.0083","A"
"4","Trait5","mrMLM","PstI.TP1262153","11","8884","-0.0535","0.3919","C"
"4","Trait5","mrMLM","PstI.TP1262210","11","8885","0.079","0.9767","A"
"4","Trait5","mrMLM","PstI.TP1262355","11","8887","-0.1343","0.6841","C"
"4","Trait5","mrMLM","PstI.TP1262452","11","8888","3e-04","0.022","C"
"4","Trait5","mrMLM","PstI.TP1262623","11","8889","-0.188","0.9093","C"
"4","Trait5","mrMLM","PstI.TP1262624","11","8890","-2.1291e-06","5e-04","C"
"4","Trait5","mrMLM","PstI.TP1262700","11","8891","2.0645e-05","0.0045","A"
"4","Trait5","mrMLM","PstI.TP1262719","11","8892","-0.005","0.0827","G"
"4","Trait5","mrMLM","PstI.TP1262872","11","8893","2.3383e-05","0.0051","A"
"4","Trait5","mrMLM","PstI.TP1262915","11","8894","1.1782e-05","0.0026","A"
"4","Trait5","mrMLM","PstI.TP1263025","11","8895","-2.2295e-05","0.0049","C"
"4","Trait5","mrMLM","PstI.TP1263276","11","8896","-2.481e-05","0.0054","G"
"4","Trait5","mrMLM","PstI.TP1263377","11","8898","0.0405","0.2754","C"
"4","Trait5","mrMLM","PstI.TP1263585","11","8899","-0.0695","0.6335","C"
"4","Trait5","mrMLM","PstI.TP1263751","11","8900","2.21e-05","0.0048","C"
"4","Trait5","mrMLM","PstI.TP1263934","11","8901","-0.0049","0.0914","C"
"4","Trait5","mrMLM","PstI.TP1264059","11","8902","0.1005","0.421","C"
"4","Trait5","mrMLM","PstI.TP1264311","11","8903","-1.1803e-05","0.0026","A"
"4","Trait5","mrMLM","PstI.TP1264398","11","8904","-2.1604e-05","0.0047","A"
"4","Trait5","mrMLM","PstI.TP1264624","11","8907","-2.4394e-05","0.0053","C"
"4","Trait5","mrMLM","PstI.TP1265015","11","8908","0.0028","0.0655","C"
"4","Trait5","mrMLM","PstI.TP1265020","11","8909","-2.9151e-05","0.0064","A"
"4","Trait5","mrMLM","PstI.TP1265659","11","8910","-7.2682e-06","0.0016","G"
"4","Trait5","mrMLM","PstI.TP1265666","11","8911","-0.2813","2.0655","G"
"4","Trait5","mrMLM","PstI.TP1265743","11","8912","1.2803e-05","0.0028","C"
"4","Trait5","mrMLM","PstI.TP1265922","11","8914","-1.783e-05","0.0039","A"
"4","Trait5","mrMLM","PstI.TP1266055","11","8916","0.1929","1.0828","G"
"4","Trait5","mrMLM","PstI.TP1266357","11","8917","0.0523","0.3294","G"
"4","Trait5","mrMLM","PstI.TP1266373","11","8918","-8.0601e-06","0.0018","A"
"4","Trait5","mrMLM","PstI.TP1266907","11","8920","-5.8105e-06","0.0013","G"
"4","Trait5","mrMLM","PstI.TP1266950","11","8921","-4.6714e-06","0.001","G"
"4","Trait5","mrMLM","PstI.TP1267198","11","8922","2.8769e-05","0.0063","A"
"4","Trait5","mrMLM","PstI.TP1267202","11","8923","2.1109e-05","0.0046","C"
"4","Trait5","mrMLM","PstI.TP1267349","11","8924","2.2131e-06","5e-04","A"
"4","Trait5","mrMLM","PstI.TP1268112","11","8928","1.2409e-05","0.0027","C"
"4","Trait5","mrMLM","PstI.TP1268120","11","8929","-0.1342","0.8815","C"
"4","Trait5","mrMLM","PstI.TP1268541","11","8931","0.0126","0.1416","A"
"4","Trait5","mrMLM","PstI.TP1268571","11","8932","-1.0323e-05","0.0023","A"
"4","Trait5","mrMLM","PstI.TP1268630","11","8933","-8.9638e-06","0.002","C"
"4","Trait5","mrMLM","PstI.TP1268638","11","8934","-2.5007e-07","5.4436e-05","C"
"4","Trait5","mrMLM","PstI.TP1268750","11","8936","0.0709","0.4286","A"
"4","Trait5","mrMLM","PstI.TP1268841","11","8938","0.1627","2.0624","A"
"4","Trait5","mrMLM","PstI.TP1269391","11","8939","-0.286","2.4854","G"
"4","Trait5","mrMLM","PstI.TP1269904","11","8940","-9.2564e-06","0.002","A"
"4","Trait5","mrMLM","PstI.TP1270360","11","8941","0.0399","0.4612","A"
"4","Trait5","mrMLM","PstI.TP1270448","11","8942","-0.0036","0.1009","C"
"4","Trait5","mrMLM","PstI.TP1270627","11","8943","1.4768e-06","3e-04","G"
"4","Trait5","mrMLM","PstI.TP1270884","11","8945","-0.0605","0.7574","A"
"4","Trait5","mrMLM","PstI.TP1270956","11","8946","2.5813e-05","0.0057","A"
"4","Trait5","mrMLM","PstI.TP1270999","11","8947","-0.1261","1.361","C"
"4","Trait5","mrMLM","PstI.TP1271004","11","8948","-1.2605e-06","3e-04","G"
"4","Trait5","mrMLM","PstI.TP1271055","11","8949","1.6402e-05","0.0036","C"
"4","Trait5","mrMLM","PstI.TP1271062","11","8950","-1.4748e-05","0.0032","C"
"4","Trait5","mrMLM","PstI.TP1271222","11","8951","-0.408","2.4465","C"
"4","Trait5","mrMLM","PstI.TP1271325","11","8952","0.0887","0.7908","G"
"4","Trait5","mrMLM","PstI.TP1271338","11","8953","-0.1596","2.1353","A"
"4","Trait5","mrMLM","PstI.TP1271482","11","8955","1.2893e-06","3e-04","C"
"4","Trait5","mrMLM","PstI.TP1271799","11","8956","-0.0286","0.263","A"
"4","Trait5","mrMLM","PstI.TP1271892","11","8957","-4.951e-06","0.0011","A"
"4","Trait5","mrMLM","PstI.TP1272009","11","8958","2.5315e-05","0.0055","C"
"4","Trait5","mrMLM","PstI.TP1272031","11","8959","0.0489","0.356","C"
"4","Trait5","mrMLM","PstI.TP1272138","11","8960","-2.2498e-05","0.0049","C"
"4","Trait5","mrMLM","PstI.TP1272264","11","8962","-0.0408","0.3936","A"
"4","Trait5","mrMLM","PstI.TP1272338","11","8963","-2.4288e-05","0.0053","C"
"4","Trait5","mrMLM","PstI.TP1272344","11","8964","0.3665","1.8092","C"
"4","Trait5","mrMLM","PstI.TP1272351","11","8965","-2.4216e-05","0.0053","A"
"4","Trait5","mrMLM","PstI.TP1272417","11","8966","-7.8783e-06","0.0017","G"
"4","Trait5","mrMLM","PstI.TP1272419","11","8967","2.5438e-05","0.0056","A"
"4","Trait5","mrMLM","PstI.TP1272933","11","8969","-0.0877","0.6076","G"
"4","Trait5","mrMLM","PstI.TP1273314","11","8970","-1.3011e-05","0.0028","A"
"4","Trait5","mrMLM","PstI.TP1273592","11","8971","1.6629e-06","4e-04","A"
"4","Trait5","mrMLM","PstI.TP1273872","11","8972","-0.1646","1.1311","A"
"4","Trait5","mrMLM","PstI.TP1274016","11","8974","-1.2653e-05","0.0028","A"
"4","Trait5","mrMLM","PstI.TP1274254","11","8975","-0.038","0.3784","A"
"4","Trait5","mrMLM","PstI.TP1274341","11","8976","0.1053","0.7866","A"
"4","Trait5","mrMLM","PstI.TP1274580","11","8977","3.9576e-06","9e-04","A"
"4","Trait5","mrMLM","PstI.TP1274787","11","8978","3.829e-05","0.0084","C"
"4","Trait5","mrMLM","PstI.TP1274954","11","8979","3.1857e-06","7e-04","A"
"4","Trait5","mrMLM","PstI.TP1275124","11","8980","2.7341e-05","0.006","A"
"4","Trait5","mrMLM","PstI.TP1275167","11","8981","-8.3106e-06","0.0018","A"
"4","Trait5","mrMLM","PstI.TP1275218","11","8982","-0.1221","0.8347","A"
"4","Trait5","mrMLM","PstI.TP1275363","11","8983","2.3877e-05","0.0052","C"
"4","Trait5","mrMLM","PstI.TP1275638","11","8984","-3.1535e-05","0.0069","G"
"4","Trait5","mrMLM","PstI.TP1275640","11","8985","0.1191","1.1887","A"
"4","Trait5","mrMLM","PstI.TP1275689","11","8986","2.0503e-05","0.0045","C"
"4","Trait5","mrMLM","PstI.TP1275729","11","8987","2.844e-05","0.0062","A"
"4","Trait5","mrMLM","PstI.TP1275746","11","8988","-3.2403e-05","0.0071","C"
"4","Trait5","mrMLM","PstI.TP1275752","11","8989","-0.0771","0.4846","G"
"4","Trait5","mrMLM","PstI.TP1275889","11","8990","-3.4471e-06","8e-04","A"
"4","Trait5","mrMLM","PstI.TP1276178","11","8991","4.6624e-06","0.001","A"
"4","Trait5","mrMLM","PstI.TP1276771","11","8993","-0.1371","0.9838","A"
"4","Trait5","mrMLM","PstI.TP1276787","11","8994","-0.0512","0.6561","A"
"4","Trait5","mrMLM","PstI.TP1277202","11","8995","0.1469","1.0296","C"
"4","Trait5","mrMLM","PstI.TP1277330","11","8996","0.0641","0.5926","C"
"4","Trait5","mrMLM","PstI.TP1277768","11","8997","-1.6286e-05","0.0036","C"
"4","Trait5","mrMLM","PstI.TP1277774","11","8998","0.0749","0.6922","A"
"4","Trait5","mrMLM","PstI.TP1277966","11","8999","0.0936","0.3566","A"
"4","Trait5","mrMLM","PstI.TP1278000","11","9001","-2.2453e-07","4.8863e-05","C"
"4","Trait5","mrMLM","PstI.TP1278036","11","9002","-0.0032","0.0666","A"
"4","Trait5","mrMLM","PstI.TP1278150","11","9003","2.2825e-05","0.005","A"
"4","Trait5","mrMLM","PstI.TP1278187","11","9004","-0.0348","0.3841","A"
"4","Trait5","mrMLM","PstI.TP1278398","11","9006","1.7887e-05","0.0039","C"
"4","Trait5","mrMLM","PstI.TP1278414","11","9007","-8.9921e-07","2e-04","C"
"4","Trait5","mrMLM","PstI.TP1278606","11","9008","-1.1671e-05","0.0025","A"
"4","Trait5","mrMLM","PstI.TP1278865","11","9009","9.1376e-06","0.002","A"
"4","Trait5","mrMLM","PstI.TP1279035","11","9011","-0.2651","1.3715","A"
"4","Trait5","mrMLM","PstI.TP1279411","11","9014","-1.0723e-05","0.0023","C"
"4","Trait5","mrMLM","PstI.TP1279586","11","9015","1.8774e-05","0.0041","A"
"4","Trait5","mrMLM","PstI.TP1279985","11","9017","2.4219e-06","5e-04","A"
"4","Trait5","mrMLM","PstI.TP1280018","11","9018","-1.8499e-05","0.004","C"
"4","Trait5","mrMLM","PstI.TP1280039","11","9019","5.0304e-06","0.0011","C"
"4","Trait5","mrMLM","PstI.TP1280111","11","9021","0.0583","0.4442","A"
"4","Trait5","mrMLM","PstI.TP1280126","11","9022","-0.118","0.7514","A"
"4","Trait5","mrMLM","PstI.TP1280274","11","9025","-1.248e-05","0.0027","A"
"4","Trait5","mrMLM","PstI.TP1280405","11","9027","-4.7376e-06","0.001","A"
"4","Trait5","mrMLM","PstI.TP1280757","11","9028","8.6578e-06","0.0019","C"
"4","Trait5","mrMLM","PstI.TP1280779","11","9029","1.3247e-05","0.0029","C"
"4","Trait5","mrMLM","PstI.TP1280946","11","9030","1.9839e-07","4.3177e-05","C"
"4","Trait5","mrMLM","PstI.TP1281179","11","9031","1.0567e-05","0.0023","C"
"4","Trait5","mrMLM","PstI.TP1281313","11","9032","-1.1105e-05","0.0024","C"
"4","Trait5","mrMLM","PstI.TP1281534","11","9033","3.1916e-05","0.007","A"
"4","Trait5","mrMLM","PstI.TP1282127","11","9034","-5.3583e-06","0.0012","A"
"4","Trait5","mrMLM","PstI.TP1282519","11","9035","4.4351e-06","0.001","C"
"4","Trait5","mrMLM","PstI.TP1282815","11","9036","0.0045","0.1046","G"
"4","Trait5","mrMLM","PstI.TP1283330","11","9037","3.5077e-05","0.0077","C"
"4","Trait5","mrMLM","PstI.TP1283425","11","9038","0.1017","1.2057","A"
"4","Trait5","mrMLM","PstI.TP1283654","11","9039","2.4793e-05","0.0054","A"
"4","Trait5","mrMLM","PstI.TP1283661","11","9040","-1.4073e-05","0.0031","G"
"4","Trait5","mrMLM","PstI.TP1283668","11","9041","-5.4224e-06","0.0012","C"
"4","Trait5","mrMLM","PstI.TP1283811","11","9042","0.0549","0.3952","C"
"4","Trait5","mrMLM","PstI.TP1283881","11","9043","-1.713e-05","0.0037","C"
"4","Trait5","mrMLM","PstI.TP1284141","11","9044","9.4301e-06","0.0021","A"
"4","Trait5","mrMLM","PstI.TP1284145","11","9045","-1.9382e-05","0.0042","C"
"4","Trait5","mrMLM","PstI.TP1284260","11","9046","-3.3755e-05","0.0074","A"
"4","Trait5","mrMLM","PstI.TP1284294","11","9047","-0.2794","0.9319","C"
"4","Trait5","mrMLM","PstI.TP1284503","11","9049","-2.894e-05","0.0063","A"
"4","Trait5","mrMLM","PstI.TP1284520","11","9050","0.1107","0.6671","C"
"4","Trait5","mrMLM","PstI.TP1284595","11","9051","2.1088e-05","0.0046","A"
"4","Trait5","mrMLM","PstI.TP1284628","11","9052","-5.5619e-06","0.0012","C"
"4","Trait5","mrMLM","PstI.TP1285583","11","9053","5.8937e-06","0.0013","A"
"4","Trait5","mrMLM","PstI.TP1285846","11","9054","9.264e-06","0.002","A"
"4","Trait5","mrMLM","PstI.TP1285941","11","9055","3.175e-05","0.007","A"
"4","Trait5","mrMLM","PstI.TP1286055","11","9056","-1.1642e-05","0.0025","C"
"4","Trait5","mrMLM","PstI.TP1286312","11","9058","0.1523","1.3016","A"
"4","Trait5","mrMLM","PstI.TP1286344","11","9059","0.0277","0.3573","A"
"4","Trait5","mrMLM","PstI.TP1286426","11","9060","8.2455e-06","0.0018","C"
"4","Trait5","mrMLM","PstI.TP1286429","11","9061","1.7436e-05","0.0038","G"
"4","Trait5","mrMLM","PstI.TP1286446","11","9062","-5.3965e-07","1e-04","A"
"4","Trait5","mrMLM","PstI.TP1286540","11","9063","-7.7953e-06","0.0017","C"
"4","Trait5","mrMLM","PstI.TP1286631","11","9064","-0.2147","0.8056","C"
"4","Trait5","mrMLM","PstI.TP1286655","11","9065","5.1762e-06","0.0011","A"
"4","Trait5","mrMLM","PstI.TP1286748","11","9066","1.1636e-05","0.0025","C"
"4","Trait5","mrMLM","PstI.TP1286824","11","9067","0.0695","0.8402","A"
"4","Trait5","mrMLM","PstI.TP1286871","11","9068","-4.0899e-06","9e-04","C"
"4","Trait5","mrMLM","PstI.TP1286978","11","9069","1.4633e-05","0.0032","C"
"4","Trait5","mrMLM","PstI.TP1287436","11","9072","0.0779","0.4183","C"
"4","Trait5","mrMLM","PstI.TP1287455","11","9073","-9.9458e-06","0.0022","C"
"4","Trait5","mrMLM","PstI.TP1287678","11","9075","-3.364e-06","7e-04","C"
"4","Trait5","mrMLM","PstI.TP1287778","11","9076","0.0252","0.264","A"
"4","Trait5","mrMLM","PstI.TP1287907","11","9077","-0.0432","0.4329","C"
"4","Trait5","mrMLM","PstI.TP1287938","11","9078","-8.4545e-06","0.0018","C"
"4","Trait5","mrMLM","PstI.TP1288091","11","9080","0.0597","0.3408","C"
"4","Trait5","mrMLM","PstI.TP1288099","11","9081","-0.0901","0.7561","A"
"4","Trait5","mrMLM","PstI.TP1288264","11","9082","-6.934e-06","0.0015","A"
"4","Trait5","mrMLM","PstI.TP1288348","11","9083","0.0245","0.2336","C"
"4","Trait5","mrMLM","PstI.TP1288567","11","9085","-1.8203e-05","0.004","A"
"4","Trait5","mrMLM","PstI.TP1288597","11","9086","3.4175e-05","0.0075","C"
"4","Trait5","mrMLM","PstI.TP1288798","11","9087","1.5788e-05","0.0034","G"
"4","Trait5","mrMLM","PstI.TP1288800","11","9088","-5.4694e-06","0.0012","G"
"4","Trait5","mrMLM","PstI.TP1289681","11","9089","1.08e-05","0.0024","C"
"4","Trait5","mrMLM","PstI.TP1290175","11","9090","-1.7055e-05","0.0037","C"
"4","Trait5","mrMLM","PstI.TP1290291","11","9091","0.0073","0.083","A"
"4","Trait5","mrMLM","PstI.TP1290454","11","9092","-1.1868e-05","0.0026","A"
"4","Trait5","mrMLM","PstI.TP1290645","11","9093","-0.1215","1.1701","G"
"4","Trait5","mrMLM","PstI.TP1290654","11","9094","-0.1636","1.7353","G"
"4","Trait5","mrMLM","PstI.TP1290670","11","9095","-0.1161","1.0242","G"
"4","Trait5","mrMLM","PstI.TP1291010","11","9097","0.036","0.2526","A"
"4","Trait5","mrMLM","PstI.TP1291386","11","9099","1.5341e-05","0.0034","C"
"4","Trait5","mrMLM","PstI.TP1291754","11","9100","-3.2552e-05","0.0071","A"
"4","Trait5","mrMLM","PstI.TP1291768","11","9101","-0.0364","0.2431","G"
"4","Trait5","mrMLM","PstI.TP1291800","11","9103","2.505e-05","0.0055","A"
"4","Trait5","mrMLM","PstI.TP1292045","11","9104","-5.2124e-07","1e-04","A"
"4","Trait5","mrMLM","PstI.TP1292069","11","9105","-1.7678e-05","0.0039","C"
"4","Trait5","mrMLM","PstI.TP1292123","11","9106","-2.2348e-05","0.0049","C"
"4","Trait5","mrMLM","PstI.TP1292142","11","9107","1.8182e-05","0.004","A"
"4","Trait5","mrMLM","PstI.TP1292532","11","9108","-0.0209","0.2294","A"
"4","Trait5","mrMLM","PstI.TP1292543","11","9109","0.0887","0.6792","A"
"4","Trait5","mrMLM","PstI.TP1292604","11","9110","2.8966e-06","6e-04","A"
"4","Trait5","mrMLM","PstI.TP1292609","11","9111","0.0981","0.8954","C"
"4","Trait5","mrMLM","PstI.TP1292782","11","9114","7.66e-06","0.0017","C"
"4","Trait5","mrMLM","PstI.TP1292933","11","9116","1.3676e-05","0.003","A"
"4","Trait5","mrMLM","PstI.TP1293011","11","9117","-2.3449e-05","0.0051","C"
"4","Trait5","mrMLM","PstI.TP1293089","11","9118","0.0739","0.6068","A"
"4","Trait5","mrMLM","PstI.TP1293090","11","9119","0.0508","0.3538","A"
"4","Trait5","mrMLM","PstI.TP1293114","11","9120","2.2349e-06","5e-04","G"
"4","Trait5","mrMLM","PstI.TP1293308","11","9121","1.2655e-05","0.0028","C"
"4","Trait5","mrMLM","PstI.TP1293547","11","9124","-0.0432","0.5455","A"
"4","Trait5","mrMLM","PstI.TP1293900","11","9126","-1.7804e-05","0.0039","A"
"4","Trait5","mrMLM","PstI.TP1293961","11","9127","-1.4656e-05","0.0032","C"
"4","Trait5","mrMLM","PstI.TP1294113","11","9129","2.8904e-05","0.0063","C"
"4","Trait5","mrMLM","PstI.TP1294195","11","9130","0.3498","1.8705","A"
"4","Trait5","mrMLM","PstI.TP1294242","11","9131","-0.0795","0.6889","A"
"4","Trait5","mrMLM","PstI.TP1294344","11","9132","0.1124","1.0662","A"
"4","Trait5","mrMLM","PstI.TP1294374","11","9133","1.3042e-05","0.0028","G"
"4","Trait5","mrMLM","PstI.TP1294837","11","9134","0.0901","1.1305","A"
"4","Trait5","mrMLM","PstI.TP1294996","11","9135","-1.9166e-05","0.0042","C"
"4","Trait5","mrMLM","PstI.TP1295314","11","9137","0.0216","0.2148","C"
"4","Trait5","mrMLM","NsiI.TP224","11","9139","0.0717","0.8273","A"
"4","Trait5","mrMLM","NsiI.TP568","11","9143","-0.0085","0.1382","A"
"4","Trait5","mrMLM","NsiI.TP578","11","9144","-9.8444e-06","0.0021","C"
"4","Trait5","mrMLM","NsiI.TP932","11","9145","-1.6909e-05","0.0037","C"
"4","Trait5","mrMLM","NsiI.TP985","11","9146","2.7478e-05","0.006","C"
"4","Trait5","mrMLM","NsiI.TP1016","11","9147","-2.8447e-05","0.0062","A"
"4","Trait5","mrMLM","NsiI.TP1051","11","9148","2.6989e-05","0.0059","A"
"4","Trait5","mrMLM","NsiI.TP1064","11","9150","-4.3494e-06","9e-04","A"
"4","Trait5","mrMLM","NsiI.TP1295","11","9152","-0.0905","0.4266","A"
"4","Trait5","mrMLM","NsiI.TP1465","11","9153","-2.6383e-07","5.7416e-05","A"
"4","Trait5","mrMLM","NsiI.TP1720","11","9155","-2.5753e-05","0.0056","C"
"4","Trait5","mrMLM","NsiI.TP1783","11","9157","0.1384","0.8242","C"
"4","Trait5","mrMLM","NsiI.TP1993","11","9158","1.7941e-06","4e-04","A"
"4","Trait5","mrMLM","NsiI.TP2176","11","9159","1.6561e-05","0.0036","C"
"4","Trait5","mrMLM","NsiI.TP2370","11","9160","-3.9796e-06","9e-04","C"
"4","Trait5","mrMLM","NsiI.TP2469","11","9161","1.3825e-05","0.003","A"
"4","Trait5","mrMLM","NsiI.TP2645","11","9163","-8.2243e-06","0.0018","A"
"4","Trait5","mrMLM","NsiI.TP2849","11","9165","-3.3325e-05","0.0073","A"
"4","Trait5","mrMLM","NsiI.TP3078","11","9168","-0.0051","0.0913","C"
"4","Trait5","mrMLM","NsiI.TP3214","11","9170","-7.3049e-06","0.0016","A"
"4","Trait5","mrMLM","NsiI.TP3524","11","9171","-1.4064e-05","0.0031","A"
"4","Trait5","mrMLM","NsiI.TP3530","11","9172","0.0816","0.8154","C"
"4","Trait5","mrMLM","NsiI.TP4635","11","9175","0.0016","0.0488","A"
"4","Trait5","mrMLM","NsiI.TP4692","11","9176","-2.0946e-06","5e-04","A"
"4","Trait5","mrMLM","NsiI.TP4824","11","9179","-3.4093e-05","0.0075","A"
"4","Trait5","mrMLM","NsiI.TP4829","11","9180","-5.4878e-06","0.0012","C"
"4","Trait5","mrMLM","NsiI.TP4902","11","9181","-0.0545","0.3547","A"
"4","Trait5","mrMLM","NsiI.TP4937","11","9182","-9.5082e-06","0.0021","A"
"4","Trait5","mrMLM","NsiI.TP5013","11","9183","-2.3102e-05","0.0051","C"
"4","Trait5","mrMLM","NsiI.TP5059","11","9184","-0.0209","0.2471","A"
"4","Trait5","mrMLM","NsiI.TP5147","11","9186","0.1315","1.622","A"
"4","Trait5","mrMLM","NsiI.TP5216","11","9187","-0.099","1.1558","C"
"4","Trait5","mrMLM","NsiI.TP5257","11","9189","-0.0257","0.1994","A"
"4","Trait5","mrMLM","NsiI.TP5349","11","9190","-0.0229","0.2153","A"
"4","Trait5","mrMLM","NsiI.TP5409","11","9191","1.261e-05","0.0028","C"
"4","Trait5","mrMLM","NsiI.TP5485","11","9192","1.2226e-05","0.0027","C"
"4","Trait5","mrMLM","NsiI.TP5622","11","9194","8.9507e-06","0.002","C"
"4","Trait5","mrMLM","NsiI.TP5718","11","9195","-0.0416","0.57","C"
"4","Trait5","mrMLM","NsiI.TP5842","11","9196","1.1431e-05","0.0025","A"
"4","Trait5","mrMLM","NsiI.TP5949","11","9198","4.2341e-06","9e-04","A"
"4","Trait5","mrMLM","NsiI.TP6029","11","9200","0.1083","0.3929","A"
"4","Trait5","mrMLM","NsiI.TP6363","11","9203","0.355","1.322","A"
"4","Trait5","mrMLM","NsiI.TP6507","11","9204","-0.0977","1.286","C"
"4","Trait5","mrMLM","NsiI.TP6525","11","9205","-9.7615e-06","0.0021","C"
"4","Trait5","mrMLM","NsiI.TP6637","11","9206","-2.8921e-05","0.0063","A"
"4","Trait5","mrMLM","NsiI.TP6801","11","9208","1.5487e-05","0.0034","A"
"4","Trait5","mrMLM","NsiI.TP7140","11","9212","-2.9306e-06","6e-04","A"
"4","Trait5","mrMLM","NsiI.TP7309","11","9214","-0.0257","0.3053","C"
"4","Trait5","mrMLM","NsiI.TP7390","11","9215","-7.2449e-06","0.0016","G"
"4","Trait5","mrMLM","NsiI.TP7461","11","9216","1.008e-05","0.0022","C"
"4","Trait5","mrMLM","NsiI.TP7568","11","9217","3.0756e-07","6.6939e-05","C"
"4","Trait5","mrMLM","NsiI.TP8035","11","9220","1.0115e-05","0.0022","C"
"4","Trait5","mrMLM","NsiI.TP8243","11","9221","1.6335e-05","0.0036","A"
"4","Trait5","mrMLM","NsiI.TP8276","11","9222","6.3052e-06","0.0014","A"
"4","Trait5","mrMLM","NsiI.TP8416","11","9224","1.8402e-05","0.004","A"
"4","Trait5","mrMLM","NsiI.TP8541","11","9225","-1.2906e-05","0.0028","G"
"4","Trait5","mrMLM","NsiI.TP8744","11","9226","-0.0718","0.7795","A"
"4","Trait5","mrMLM","NsiI.TP8981","11","9227","2.8629e-05","0.0063","C"
"4","Trait5","mrMLM","NsiI.TP9250","11","9229","-2.8969e-05","0.0064","A"
"4","Trait5","mrMLM","NsiI.TP9939","11","9230","4.1181e-06","9e-04","G"
"4","Trait5","mrMLM","NsiI.TP10149","11","9232","-1.7359e-05","0.0038","A"
"4","Trait5","mrMLM","NsiI.TP10202","11","9233","-3.9954e-05","0.0088","A"
"4","Trait5","mrMLM","NsiI.TP10253","11","9235","-5.112e-06","0.0011","C"
"4","Trait5","mrMLM","NsiI.TP10279","11","9237","1.9847e-05","0.0043","A"
"4","Trait5","mrMLM","NsiI.TP10565","11","9242","-6.4353e-06","0.0014","A"
"4","Trait5","mrMLM","NsiI.TP10855","11","9245","3.2802e-06","7e-04","A"
"4","Trait5","mrMLM","NsiI.TP10979","11","9246","2.303e-05","0.005","A"
"4","Trait5","mrMLM","NsiI.TP11108","11","9247","0.0074","0.1302","C"
"4","Trait5","mrMLM","NsiI.TP11267","11","9250","7.8458e-06","0.0017","C"
"4","Trait5","mrMLM","NsiI.TP11887","11","9256","-1.9126e-05","0.0042","C"
"4","Trait5","mrMLM","NsiI.TP11968","11","9257","1.6932e-05","0.0037","A"
"4","Trait5","mrMLM","NsiI.TP12172","11","9258","-1.5681e-05","0.0034","G"
"4","Trait5","mrMLM","NsiI.TP12252","11","9259","-3.0077e-07","6.5456e-05","A"
"4","Trait5","mrMLM","NsiI.TP12272","11","9260","-4.2574e-05","0.0094","A"
"4","Trait5","mrMLM","NsiI.TP12645","11","9261","-2.347e-05","0.0051","C"
"4","Trait5","mrMLM","NsiI.TP12820","11","9262","0.2129","1.5585","G"
"4","Trait5","mrMLM","NsiI.TP13118","11","9264","-2.1016e-05","0.0046","A"
"4","Trait5","mrMLM","NsiI.TP13124","11","9265","2.7978e-05","0.0061","A"
"4","Trait5","mrMLM","NsiI.TP13441","11","9266","-2.062e-06","4e-04","C"
"4","Trait5","mrMLM","NsiI.TP13472","11","9267","-2.2106e-05","0.0048","A"
"4","Trait5","mrMLM","NsiI.TP13678","11","9269","0.3071","2.6929","A"
"4","Trait5","mrMLM","NsiI.TP13689","11","9270","-5.4368e-06","0.0012","C"
"4","Trait5","mrMLM","NsiI.TP13700","11","9271","-1.3753e-05","0.003","A"
"4","Trait5","mrMLM","NsiI.TP13900","11","9274","-3.6628e-05","0.008","G"
"4","Trait5","mrMLM","NsiI.TP14071","11","9277","-1.9379e-05","0.0042","C"
"4","Trait5","mrMLM","NsiI.TP14098","11","9278","-1.2196e-05","0.0027","A"
"4","Trait5","mrMLM","NsiI.TP14129","11","9279","-2.1207e-05","0.0046","A"
"4","Trait5","mrMLM","NsiI.TP14156","11","9280","3.6141e-05","0.0079","C"
"4","Trait5","mrMLM","NsiI.TP14385","11","9281","-2.3289e-05","0.0051","C"
"4","Trait5","mrMLM","NsiI.TP14409","11","9282","0.0301","0.295","A"
"4","Trait5","mrMLM","NsiI.TP14441","11","9283","-1.1184e-05","0.0024","C"
"4","Trait5","mrMLM","NsiI.TP14532","11","9284","2.0098e-05","0.0044","A"
"4","Trait5","mrMLM","NsiI.TP15087","11","9287","3.2607e-05","0.0072","C"
"4","Trait5","mrMLM","NsiI.TP15255","11","9290","-7.5557e-06","0.0016","A"
"4","Trait5","mrMLM","NsiI.TP15268","11","9292","-1.0782e-05","0.0024","C"
"4","Trait5","mrMLM","NsiI.TP15532","11","9296","2.5251e-05","0.0055","C"
"4","Trait5","mrMLM","NsiI.TP15549","11","9297","0.1206","1.1565","A"
"4","Trait5","mrMLM","NsiI.TP15662","11","9298","-5.1045e-06","0.0011","A"
"4","Trait5","mrMLM","NsiI.TP15741","11","9300","0.2516","1.4819","A"
"4","Trait5","mrMLM","NsiI.TP15785","11","9301","0.2426","0.8191","C"
"4","Trait5","mrMLM","NsiI.TP15890","11","9303","0.0961","0.626","A"
"4","Trait5","mrMLM","NsiI.TP15926","11","9304","8.9918e-07","2e-04","G"
"4","Trait5","mrMLM","NsiI.TP15929","11","9306","1.7095e-05","0.0037","A"
"4","Trait5","mrMLM","NsiI.TP16233","11","9309","-3.1567e-05","0.0069","A"
"4","Trait5","mrMLM","NsiI.TP16385","11","9310","-3.254e-05","0.0071","C"
"4","Trait5","mrMLM","NsiI.TP16416","11","9311","-0.0953","0.5623","A"
"4","Trait5","mrMLM","NsiI.TP16515","11","9312","1.1426e-06","2e-04","A"
"4","Trait5","mrMLM","NsiI.TP16621","11","9315","2.6188e-05","0.0057","C"
"4","Trait5","mrMLM","NsiI.TP16824","11","9316","-2.555e-05","0.0056","G"
"4","Trait5","mrMLM","NsiI.TP16847","11","9317","1.2497e-05","0.0027","C"
"4","Trait5","mrMLM","NsiI.TP16950","11","9318","2.4012e-05","0.0053","G"
"4","Trait5","mrMLM","NsiI.TP17209","11","9320","0.1276","1.176","A"
"4","Trait5","mrMLM","NsiI.TP17357","11","9322","1.0954e-05","0.0024","A"
"4","Trait5","mrMLM","NsiI.TP17675","11","9326","-9.7781e-07","2e-04","C"
"4","Trait5","mrMLM","NsiI.TP17799","11","9328","-6.2353e-06","0.0014","A"
"4","Trait5","mrMLM","NsiI.TP18074","11","9329","6.2355e-06","0.0014","C"
"4","Trait5","mrMLM","NsiI.TP18720","11","9336","2.7055e-05","0.0059","G"
"4","Trait5","mrMLM","NsiI.TP18758","11","9337","-1.7348e-05","0.0038","A"
"4","Trait5","mrMLM","NsiI.TP18856","11","9338","0.0343","0.3493","A"
"4","Trait5","mrMLM","NsiI.TP18985","11","9339","-0.2052","1.8169","A"
"4","Trait5","mrMLM","NsiI.TP19031","11","9340","9.5705e-06","0.0021","C"
"4","Trait5","mrMLM","NsiI.TP19086","11","9342","-1.0221e-05","0.0022","G"
"4","Trait5","mrMLM","NsiI.TP19327","11","9345","-1.1704e-05","0.0026","C"
"4","Trait5","mrMLM","NsiI.TP19780","11","9347","0.0473","0.3949","A"
"4","Trait5","mrMLM","NsiI.TP19898","11","9348","1.4355e-05","0.0031","C"
"4","Trait5","mrMLM","NsiI.TP20006","11","9349","2.438e-06","5e-04","C"
"4","Trait5","mrMLM","NsiI.TP20090","11","9350","1.6232e-05","0.0035","C"
"4","Trait5","mrMLM","NsiI.TP20096","11","9351","1.3279e-05","0.0029","C"
"4","Trait5","mrMLM","NsiI.TP20148","11","9353","-3.0076e-07","6.5474e-05","C"
"4","Trait5","mrMLM","NsiI.TP20276","11","9354","2.3634e-06","5e-04","A"
"4","Trait5","mrMLM","NsiI.TP20478","11","9356","-1.7152e-05","0.0037","G"
"4","Trait5","mrMLM","NsiI.TP20534","11","9357","1.5835e-05","0.0035","A"
"4","Trait5","mrMLM","NsiI.TP21130","11","9360","-1.1542e-05","0.0025","C"
"4","Trait5","mrMLM","NsiI.TP21982","11","9362","1.0057e-05","0.0022","C"
"4","Trait5","mrMLM","NsiI.TP22036","11","9363","-1.6523e-05","0.0036","C"
"4","Trait5","mrMLM","NsiI.TP22197","11","9366","3.9637e-06","9e-04","C"
"4","Trait5","mrMLM","NsiI.TP22324","11","9367","2.3239e-05","0.0051","A"
"4","Trait5","mrMLM","NsiI.TP22693","11","9369","-1.4002e-05","0.0031","C"
"4","Trait5","mrMLM","NsiI.TP22761","11","9370","-0.0404","0.4591","A"
"4","Trait5","mrMLM","NsiI.TP22801","11","9372","9.2142e-06","0.002","A"
"4","Trait5","mrMLM","NsiI.TP22867","11","9374","1.0131e-05","0.0022","A"
"4","Trait5","mrMLM","NsiI.TP23087","11","9375","-2.2449e-05","0.0049","C"
"4","Trait5","mrMLM","NsiI.TP23128","11","9377","1.2353e-05","0.0027","A"
"4","Trait5","mrMLM","NsiI.TP23230","11","9378","-0.1258","0.5687","A"
"4","Trait5","mrMLM","NsiI.TP23333","11","9380","2.1566e-05","0.0047","A"
"4","Trait5","mrMLM","NsiI.TP23487","11","9381","-7.2225e-06","0.0016","A"
"4","Trait5","mrMLM","NsiI.TP23511","11","9383","-7.7955e-07","2e-04","A"
"4","Trait5","mrMLM","NsiI.TP23515","11","9384","-1.2484e-05","0.0027","C"
"4","Trait5","mrMLM","NsiI.TP23912","11","9387","-0.075","1.1994","A"
"4","Trait5","mrMLM","NsiI.TP24289","11","9392","-9.4543e-06","0.0021","A"
"4","Trait5","mrMLM","NsiI.TP24725","11","9395","0.1883","2.0203","A"
"4","Trait5","mrMLM","NsiI.TP24748","11","9396","3.1084e-06","7e-04","A"
"4","Trait5","mrMLM","NsiI.TP24783","11","9397","1.0884e-05","0.0024","A"
"4","Trait5","mrMLM","NsiI.TP24942","11","9398","0.0581","0.6829","G"
"4","Trait5","mrMLM","NsiI.TP24973","11","9399","0.1462","2.4658","A"
"4","Trait5","mrMLM","NsiI.TP25045","11","9400","1.5323e-05","0.0033","A"
"4","Trait5","mrMLM","NsiI.TP25384","11","9404","1.2319e-05","0.0027","C"
"4","Trait5","mrMLM","NsiI.TP25900","11","9407","3.0621e-05","0.0067","A"
"4","Trait5","mrMLM","NsiI.TP25965","11","9408","-1.3458e-06","3e-04","C"
"4","Trait5","mrMLM","NsiI.TP26077","11","9409","1.179e-05","0.0026","A"
"4","Trait5","mrMLM","NsiI.TP26503","11","9411","-0.1233","1.1914","G"
"4","Trait5","mrMLM","NsiI.TP26517","11","9412","-0.0319","0.2619","A"
"4","Trait5","mrMLM","NsiI.TP26544","11","9413","-0.2606","1.2708","A"
"4","Trait5","mrMLM","NsiI.TP26592","11","9415","-0.031","0.3289","A"
"4","Trait5","mrMLM","NsiI.TP26637","11","9416","3.2389e-05","0.0071","C"
"4","Trait5","mrMLM","NsiI.TP26661","11","9417","0.2017","0.7109","A"
"4","Trait5","mrMLM","NsiI.TP26854","11","9418","2.0454e-06","4e-04","A"
"4","Trait5","mrMLM","NsiI.TP26932","11","9419","1.2469e-05","0.0027","A"
"4","Trait5","mrMLM","NsiI.TP27091","11","9422","0.0688","0.4751","C"
"4","Trait5","mrMLM","NsiI.TP27092","11","9423","-0.1753","1.5235","C"
"4","Trait5","mrMLM","NsiI.TP27095","11","9424","0.1391","0.648","A"
"4","Trait5","mrMLM","NsiI.TP27134","11","9425","1.5922e-05","0.0035","A"
"4","Trait5","mrMLM","NsiI.TP27139","11","9426","1.1957e-05","0.0026","A"
"4","Trait5","mrMLM","NsiI.TP27142","11","9427","-0.1484","1.5872","A"
"4","Trait5","mrMLM","NsiI.TP27263","11","9428","2.5955e-05","0.0057","A"
"4","Trait5","mrMLM","NsiI.TP27355","11","9430","2.8794e-05","0.0063","A"
"4","Trait5","mrMLM","NsiI.TP27967","11","9433","1.2026e-05","0.0026","A"
"4","Trait5","mrMLM","NsiI.TP28072","11","9434","-3.04e-05","0.0067","A"
"4","Trait5","mrMLM","NsiI.TP28119","11","9435","-0.1259","1.2056","A"
"4","Trait5","mrMLM","NsiI.TP28153","11","9436","-0.175","2.2388","C"
"4","Trait5","mrMLM","NsiI.TP28186","11","9437","5.6422e-07","1e-04","A"
"4","Trait5","mrMLM","NsiI.TP28194","11","9439","0.0839","0.3478","A"
"4","Trait5","mrMLM","NsiI.TP28822","11","9440","-0.1403","0.6748","A"
"4","Trait5","mrMLM","NsiI.TP28864","11","9442","-3.5551e-05","0.0078","C"
"4","Trait5","mrMLM","NsiI.TP28953","11","9443","1.7368e-05","0.0038","G"
"4","Trait5","mrMLM","NsiI.TP29076","11","9444","-3.1324e-07","6.818e-05","A"
"4","Trait5","mrMLM","NsiI.TP29246","11","9446","-1.6793e-05","0.0037","A"
"4","Trait5","mrMLM","NsiI.TP29262","11","9447","-6.4502e-06","0.0014","C"
"4","Trait5","mrMLM","NsiI.TP29263","11","9448","0.1749","0.9245","A"
"4","Trait5","mrMLM","NsiI.TP29266","11","9449","4.7638e-06","0.001","A"
"4","Trait5","mrMLM","NsiI.TP29268","11","9450","2.0461e-06","4e-04","G"
"4","Trait5","mrMLM","NsiI.TP29344","11","9451","-1.0988e-05","0.0024","C"
"4","Trait5","mrMLM","NsiI.TP29348","11","9452","-3.3672e-06","7e-04","C"
"4","Trait5","mrMLM","NsiI.TP29356","11","9453","-2.7996e-06","6e-04","A"
"4","Trait5","mrMLM","NsiI.TP29407","11","9454","3.8998e-06","8e-04","C"
"4","Trait5","mrMLM","NsiI.TP29484","11","9456","1.1911e-05","0.0026","C"
"4","Trait5","mrMLM","NsiI.TP29555","11","9457","0.0747","0.4345","A"
"4","Trait5","mrMLM","NsiI.TP29803","11","9460","0.0872","0.6253","C"
"4","Trait5","mrMLM","NsiI.TP29805","11","9461","-3.6882e-06","8e-04","A"
"4","Trait5","mrMLM","NsiI.TP30004","11","9463","2.0896e-05","0.0046","C"
"4","Trait5","mrMLM","NsiI.TP30009","11","9464","3.0463e-06","7e-04","C"
"4","Trait5","mrMLM","NsiI.TP30118","11","9465","0.4201","2.2859","C"
"4","Trait5","mrMLM","NsiI.TP30188","11","9467","0.1041","0.5734","C"
"4","Trait5","mrMLM","NsiI.TP30213","11","9468","-0.0755","0.4024","A"
"4","Trait5","mrMLM","NsiI.TP30216","11","9469","-0.1481","1.2483","A"
"4","Trait5","mrMLM","NsiI.TP30286","11","9470","-2.5982e-05","0.0057","G"
"4","Trait5","mrMLM","NsiI.TP30691","11","9472","1.2893e-05","0.0028","C"
"4","Trait5","mrMLM","NsiI.TP30785","11","9474","-0.0779","0.4749","G"
"4","Trait5","mrMLM","NsiI.TP30964","11","9476","0.1942","0.5686","A"
"4","Trait5","mrMLM","NsiI.TP30976","11","9477","1.3553e-05","0.003","A"
"4","Trait5","mrMLM","NsiI.TP31001","11","9478","0.029","0.4199","A"
"4","Trait5","mrMLM","NsiI.TP31117","11","9479","-1.5845e-05","0.0035","A"
"4","Trait5","mrMLM","NsiI.TP31185","11","9481","1.2499e-05","0.0027","G"
"4","Trait5","mrMLM","NsiI.TP31261","11","9482","-0.0153","0.2714","A"
"4","Trait5","mrMLM","NsiI.TP31309","11","9483","7.4346e-06","0.0016","A"
"4","Trait5","mrMLM","NsiI.TP31539","11","9485","-0.101","0.8543","A"
"4","Trait5","mrMLM","NsiI.TP31560","11","9486","-4.315e-06","9e-04","C"
"4","Trait5","mrMLM","NsiI.TP31581","11","9487","0.1613","0.8352","A"
"4","Trait5","mrMLM","NsiI.TP31814","11","9489","-1.2151e-05","0.0027","C"
"4","Trait5","mrMLM","NsiI.TP31833","11","9490","-2.7777e-06","6e-04","C"
"4","Trait5","mrMLM","NsiI.TP32021","11","9492","-2.9724e-06","6e-04","A"
"4","Trait5","mrMLM","NsiI.TP32241","11","9494","0.091","0.5774","A"
"4","Trait5","mrMLM","NsiI.TP32586","11","9495","7.0373e-06","0.0015","A"
"4","Trait5","mrMLM","NsiI.TP32787","11","9496","-1.48e-05","0.0032","A"
"4","Trait5","mrMLM","NsiI.TP32809","11","9498","8.7082e-06","0.0019","C"
"4","Trait5","mrMLM","NsiI.TP32963","11","9499","2.4122e-05","0.0053","A"
"4","Trait5","mrMLM","NsiI.TP33016","11","9500","-0.0223","0.1899","C"
"4","Trait5","mrMLM","NsiI.TP33044","11","9502","2.0762e-05","0.0045","A"
"4","Trait5","mrMLM","NsiI.TP33103","11","9503","1.6282e-06","4e-04","A"
"4","Trait5","mrMLM","NsiI.TP33131","11","9505","2.3702e-05","0.0052","A"
"4","Trait5","mrMLM","NsiI.TP33147","11","9506","-0.0359","0.4171","C"
"4","Trait5","mrMLM","NsiI.TP33372","11","9508","-7.5224e-06","0.0016","A"
"4","Trait5","mrMLM","NsiI.TP33407","11","9509","6.7445e-06","0.0015","A"
"4","Trait5","mrMLM","NsiI.TP33423","11","9510","-6.4883e-06","0.0014","A"
"4","Trait5","mrMLM","NsiI.TP33621","11","9511","6.6974e-06","0.0015","A"
"4","Trait5","mrMLM","NsiI.TP33685","11","9512","-9.5461e-06","0.0021","A"
"4","Trait5","mrMLM","NsiI.TP33741","11","9513","-0.0194","0.1969","A"
"4","Trait5","mrMLM","NsiI.TP33829","11","9514","1.3024e-05","0.0028","A"
"4","Trait5","mrMLM","NsiI.TP34105","11","9516","-0.0371","0.3059","A"
"4","Trait5","mrMLM","NsiI.TP34165","11","9518","1.7441e-05","0.0038","A"
"4","Trait5","mrMLM","NsiI.TP34209","11","9519","-1.6561e-05","0.0036","C"
"4","Trait5","mrMLM","NsiI.TP34298","11","9520","-5.3992e-06","0.0012","A"
"4","Trait5","mrMLM","NsiI.TP34524","11","9522","0.0676","0.4967","A"
"4","Trait5","mrMLM","NsiI.TP34654","11","9523","-1.3124e-05","0.0029","A"
"4","Trait5","mrMLM","NsiI.TP34761","11","9524","-2.5777e-06","6e-04","A"
"4","Trait5","mrMLM","NsiI.TP34770","11","9525","0.0204","0.144","A"
"4","Trait5","mrMLM","NsiI.TP34878","11","9527","2.5805e-06","6e-04","C"
"4","Trait5","mrMLM","NsiI.TP34888","11","9528","5.6866e-06","0.0012","A"
"4","Trait5","mrMLM","NsiI.TP34915","11","9529","8.1921e-06","0.0018","A"
"4","Trait5","mrMLM","NsiI.TP35302","11","9531","0.005","0.121","A"
"4","Trait5","mrMLM","NsiI.TP35491","11","9532","-0.0242","0.3491","C"
"4","Trait5","mrMLM","NsiI.TP35493","11","9533","2.8598e-05","0.0063","C"
"4","Trait5","mrMLM","NsiI.TP35579","11","9534","-0.0942","0.7174","C"
"4","Trait5","mrMLM","NsiI.TP35613","11","9535","3.3749e-06","7e-04","A"
"4","Trait5","mrMLM","NsiI.TP35623","11","9536","1.8637e-05","0.0041","C"
"4","Trait5","mrMLM","NsiI.TP35699","11","9537","2.3786e-05","0.0052","C"
"4","Trait5","mrMLM","NsiI.TP35756","11","9538","1.3066e-05","0.0029","C"
"4","Trait5","mrMLM","NsiI.TP35787","11","9539","-5.4698e-06","0.0012","G"
"4","Trait5","mrMLM","NsiI.TP35954","11","9540","-1.4603e-05","0.0032","C"
"4","Trait5","mrMLM","NsiI.TP36040","11","9542","8.7162e-06","0.0019","C"
"4","Trait5","mrMLM","NsiI.TP36219","11","9546","4.2282e-05","0.0093","C"
"4","Trait5","mrMLM","NsiI.TP36308","11","9548","-1.7984e-05","0.0039","A"
"4","Trait5","mrMLM","NsiI.TP36344","11","9549","2.8093e-06","6e-04","C"
"4","Trait5","mrMLM","NsiI.TP36448","11","9550","8.4414e-07","2e-04","A"
"4","Trait5","mrMLM","NsiI.TP36703","11","9551","2.2713e-05","0.005","A"
"4","Trait5","mrMLM","NsiI.TP36721","11","9552","-2.712e-06","6e-04","A"
"4","Trait5","mrMLM","NsiI.TP36737","11","9553","-2.9494e-05","0.0065","A"
"4","Trait5","mrMLM","NsiI.TP36750","11","9554","1.8689e-05","0.0041","C"
"4","Trait5","mrMLM","NsiI.TP36811","11","9556","0.0684","0.3993","A"
"4","Trait5","mrMLM","NsiI.TP36828","11","9557","-0.043","0.4177","C"
"4","Trait5","mrMLM","NsiI.TP36835","11","9558","0.0351","0.3855","A"
"4","Trait5","mrMLM","NsiI.TP36867","11","9560","0.1074","1.1357","G"
"4","Trait5","mrMLM","NsiI.TP37023","11","9561","1.8424e-05","0.004","C"
"4","Trait5","mrMLM","NsiI.TP37044","11","9562","-3.4576e-07","7.5254e-05","A"
"4","Trait5","mrMLM","NsiI.TP37277","11","9564","-0.3897","1.5972","C"
"4","Trait5","mrMLM","NsiI.TP37282","11","9565","-1.4849e-06","3e-04","C"
"4","Trait5","mrMLM","NsiI.TP37454","11","9567","-0.0765","0.7531","C"
"4","Trait5","mrMLM","NsiI.TP37510","11","9568","-9.9742e-06","0.0022","A"
"4","Trait5","mrMLM","NsiI.TP37592","11","9569","0.2108","0.9671","A"
"4","Trait5","mrMLM","NsiI.TP37717","11","9571","-2.2603e-05","0.0049","C"
"4","Trait5","mrMLM","NsiI.TP37843","11","9574","3.9973e-05","0.0088","G"
"4","Trait5","mrMLM","NsiI.TP37939","11","9576","-8.1487e-06","0.0018","C"
"4","Trait5","mrMLM","NsiI.TP38115","11","9577","-0.0157","0.2195","A"
"4","Trait5","mrMLM","NsiI.TP38142","11","9578","7.1921e-06","0.0016","A"
"4","Trait5","mrMLM","NsiI.TP38437","11","9581","-0.2332","2.2115","G"
"4","Trait5","mrMLM","NsiI.TP38451","11","9582","4.2321e-05","0.0093","A"
"4","Trait5","mrMLM","NsiI.TP38642","11","9584","-0.0091","0.1777","C"
"4","Trait5","mrMLM","NsiI.TP38649","11","9585","-2.762e-06","6e-04","C"
"4","Trait5","mrMLM","NsiI.TP38756","11","9586","-2.208e-05","0.0048","A"
"4","Trait5","mrMLM","NsiI.TP38880","11","9587","3.4124e-05","0.0075","C"
"4","Trait5","mrMLM","NsiI.TP38924","11","9588","2.125e-05","0.0046","A"
"4","Trait5","mrMLM","NsiI.TP39141","11","9590","3.8168e-06","8e-04","A"
"4","Trait5","mrMLM","NsiI.TP39208","11","9592","2.9718e-06","6e-04","A"
"4","Trait5","mrMLM","NsiI.TP39316","11","9593","-2.1647e-05","0.0047","C"
"4","Trait5","mrMLM","NsiI.TP39386","11","9594","1.4494e-06","3e-04","G"
"4","Trait5","mrMLM","NsiI.TP39445","11","9596","0.0633","0.5244","A"
"4","Trait5","mrMLM","NsiI.TP39479","11","9597","1.3662e-06","3e-04","C"
"4","Trait5","mrMLM","NsiI.TP39519","11","9600","0.0809","0.6934","C"
"4","Trait5","mrMLM","NsiI.TP39611","11","9601","2.1485e-05","0.0047","A"
"4","Trait5","mrMLM","NsiI.TP39625","11","9602","0.1736","0.5002","A"
"4","Trait5","mrMLM","NsiI.TP39662","11","9603","2.9815e-06","6e-04","G"
"4","Trait5","mrMLM","NsiI.TP39711","11","9604","4.2636e-05","0.0094","C"
"4","Trait5","mrMLM","NsiI.TP39717","11","9605","2.8667e-05","0.0063","C"
"4","Trait5","mrMLM","NsiI.TP39769","11","9606","-0.123","1.3598","C"
"4","Trait5","mrMLM","NsiI.TP39791","11","9607","-2.9519e-05","0.0065","A"
"4","Trait5","mrMLM","NsiI.TP39871","11","9609","1.133e-05","0.0025","A"
"4","Trait5","mrMLM","NsiI.TP39895","11","9610","1.4027e-05","0.0031","C"
"4","Trait5","mrMLM","NsiI.TP39896","11","9611","0.0371","0.3961","C"
"4","Trait5","mrMLM","NsiI.TP39983","11","9613","1.3584e-06","3e-04","C"
"4","Trait5","mrMLM","NsiI.TP40182","11","9615","0.0103","0.0834","C"
"4","Trait5","mrMLM","NsiI.TP40303","11","9617","-1.1218e-05","0.0024","A"
"4","Trait5","mrMLM","NsiI.TP40351","11","9618","1.1072e-05","0.0024","C"
"4","Trait5","mrMLM","NsiI.TP40477","11","9620","1.0812e-05","0.0024","A"
"4","Trait5","mrMLM","NsiI.TP40504","11","9622","2.8688e-05","0.0063","A"
"4","Trait5","mrMLM","NsiI.TP40599","11","9625","-7.3333e-06","0.0016","C"
"4","Trait5","mrMLM","NsiI.TP40690","11","9627","1.4587e-05","0.0032","A"
"4","Trait5","mrMLM","NsiI.TP40771","11","9628","1.4188e-05","0.0031","C"
"4","Trait5","mrMLM","NsiI.TP40790","11","9629","-2.8569e-05","0.0063","C"
"4","Trait5","mrMLM","NsiI.TP41079","11","9630","-2.6573e-06","6e-04","A"
"4","Trait5","mrMLM","NsiI.TP41143","11","9632","-1.1177e-05","0.0024","C"
"4","Trait5","mrMLM","NsiI.TP41302","11","9634","-3.339e-06","7e-04","C"
"4","Trait5","mrMLM","NsiI.TP41336","11","9635","-1.2483e-05","0.0027","A"
"4","Trait5","mrMLM","NsiI.TP41505","11","9637","-0.0584","0.6225","A"
"4","Trait5","mrMLM","NsiI.TP41618","11","9638","3.8381e-05","0.0084","C"
"4","Trait5","mrMLM","NsiI.TP41628","11","9639","-0.0152","0.1609","A"
"4","Trait5","mrMLM","NsiI.TP41833","11","9642","-0.0828","0.6172","C"
"4","Trait5","mrMLM","NsiI.TP41926","11","9643","0.2268","3.0238","C"
"4","Trait5","mrMLM","NsiI.TP42015","11","9644","-4.8766e-06","0.0011","A"
"4","Trait5","mrMLM","NsiI.TP42087","11","9645","8.5723e-06","0.0019","A"
"4","Trait5","mrMLM","NsiI.TP42122","11","9647","-2.2568e-05","0.0049","C"
"4","Trait5","mrMLM","NsiI.TP42304","11","9649","1.6349e-05","0.0036","C"
"4","Trait5","mrMLM","NsiI.TP42306","11","9650","0.0419","0.5257","C"
"4","Trait5","mrMLM","NsiI.TP42407","11","9653","-1e-04","0.014","A"
"4","Trait5","mrMLM","NsiI.TP42418","11","9654","-2.6778e-05","0.0059","C"
"4","Trait5","mrMLM","NsiI.TP42421","11","9655","-7.3647e-06","0.0016","A"
"4","Trait5","mrMLM","NsiI.TP42487","11","9657","7.1198e-06","0.0016","A"
"4","Trait5","mrMLM","NsiI.TP42711","11","9661","1.1388e-05","0.0025","A"
"4","Trait5","mrMLM","NsiI.TP42787","11","9662","-1.8331e-05","0.004","A"
"4","Trait5","mrMLM","NsiI.TP42861","11","9663","6.4368e-06","0.0014","C"
"4","Trait5","mrMLM","NsiI.TP42921","11","9664","1.7769e-05","0.0039","A"
"4","Trait5","mrMLM","NsiI.TP43044","11","9666","-0.1806","1.3213","A"
"4","Trait5","mrMLM","NsiI.TP43126","11","9667","1.9969e-05","0.0044","A"
"4","Trait5","mrMLM","NsiI.TP43185","11","9669","6.2711e-06","0.0014","C"
"4","Trait5","mrMLM","NsiI.TP43297","11","9670","0.0185","0.1826","G"
"4","Trait5","mrMLM","NsiI.TP43481","11","9671","0.0982","0.7113","A"
"4","Trait5","mrMLM","NsiI.TP43574","11","9672","-0.0426","0.2909","A"
"4","Trait5","mrMLM","NsiI.TP43684","11","9674","3.7602e-05","0.0083","C"
"4","Trait5","mrMLM","NsiI.TP43753","11","9675","-1.9655e-05","0.0043","A"
"4","Trait5","mrMLM","NsiI.TP43842","11","9677","0.001","0.0444","A"
"4","Trait5","mrMLM","NsiI.TP44267","11","9680","-1.569e-05","0.0034","C"
"4","Trait5","mrMLM","NsiI.TP44349","11","9682","1.6357e-05","0.0036","C"
"4","Trait5","mrMLM","NsiI.TP44390","11","9683","-0.2046","0.9608","A"
"4","Trait5","mrMLM","NsiI.TP44404","11","9684","0.0057","0.1329","C"
"4","Trait5","mrMLM","NsiI.TP44423","11","9686","0.2376","1.5735","A"
"4","Trait5","mrMLM","NsiI.TP44503","11","9687","4.6372e-06","0.001","C"
"4","Trait5","mrMLM","NsiI.TP44847","11","9689","8.7829e-07","2e-04","C"
"4","Trait5","mrMLM","NsiI.TP44947","11","9690","-0.0963","0.7311","C"
"4","Trait5","mrMLM","NsiI.TP45002","11","9691","0.0771","0.5593","C"
"4","Trait5","mrMLM","NsiI.TP45237","11","9692","-0.015","0.2391","A"
"4","Trait5","mrMLM","NsiI.TP45500","11","9695","0.3093","2.1661","A"
"4","Trait5","mrMLM","NsiI.TP46040","11","9697","0.0222","0.2444","C"
"4","Trait5","mrMLM","NsiI.TP46117","11","9698","-0.072","0.5241","A"
"4","Trait5","mrMLM","NsiI.TP46163","11","9699","2.2845e-06","5e-04","A"
"4","Trait5","mrMLM","NsiI.TP46730","11","9702","-2.6537e-06","6e-04","A"
"4","Trait5","mrMLM","NsiI.TP47124","11","9704","-0.0161","0.2408","G"
"4","Trait5","mrMLM","NsiI.TP47494","11","9708","3.0285e-05","0.0066","A"
"4","Trait5","mrMLM","NsiI.TP47547","11","9709","-4.9783e-07","1e-04","A"
"4","Trait5","mrMLM","NsiI.TP47797","11","9710","0.0105","0.1395","A"
"4","Trait5","mrMLM","NsiI.TP48279","11","9712","0.1066","0.7709","A"
"4","Trait5","mrMLM","NsiI.TP48282","11","9713","-1.4587e-05","0.0032","A"
"4","Trait5","mrMLM","NsiI.TP48341","11","9714","0.0629","0.4565","A"
"4","Trait5","mrMLM","NsiI.TP48486","11","9715","0.0945","1.1656","A"
"4","Trait5","mrMLM","NsiI.TP48541","11","9716","-6.9182e-06","0.0015","A"
"4","Trait5","mrMLM","NsiI.TP49887","11","9722","-5.8957e-06","0.0013","A"
"4","Trait5","mrMLM","NsiI.TP49937","11","9724","-1.044e-05","0.0023","C"
"4","Trait5","mrMLM","NsiI.TP50191","11","9725","-1.4387e-05","0.0031","A"
"4","Trait5","mrMLM","NsiI.TP50506","11","9727","-0.0623","0.5819","G"
"4","Trait5","mrMLM","NsiI.TP50587","11","9728","-2.8346e-05","0.0062","A"
"4","Trait5","mrMLM","NsiI.TP50652","11","9729","-1.7727e-05","0.0039","C"
"4","Trait5","mrMLM","NsiI.TP50683","11","9730","0.0296","0.3456","C"
"4","Trait5","mrMLM","NsiI.TP50748","11","9731","0.0152","0.1467","C"
"4","Trait5","mrMLM","NsiI.TP50985","11","9734","-1.6133e-05","0.0035","A"
"4","Trait5","mrMLM","NsiI.TP51176","11","9735","-5.2992e-06","0.0012","A"
"4","Trait5","mrMLM","NsiI.TP51228","11","9736","-1.6635e-05","0.0036","A"
"4","Trait5","mrMLM","NsiI.TP51351","11","9737","-3.983e-06","9e-04","C"
"4","Trait5","mrMLM","NsiI.TP51372","11","9738","8.9821e-06","0.002","G"
"4","Trait5","mrMLM","NsiI.TP51456","11","9739","-0.0142","0.2152","C"
"4","Trait5","mrMLM","NsiI.TP51472","11","9740","1.8724e-06","4e-04","A"
"4","Trait5","mrMLM","NsiI.TP51483","11","9741","2.1456e-05","0.0047","C"
"4","Trait5","mrMLM","NsiI.TP51734","11","9744","-1.1363e-05","0.0025","C"
"4","Trait5","mrMLM","NsiI.TP51911","11","9746","1.0899e-05","0.0024","C"
"4","Trait5","mrMLM","NsiI.TP51932","11","9747","5.2345e-06","0.0011","C"
"4","Trait5","mrMLM","NsiI.TP52290","11","9748","-6.201e-06","0.0014","A"
"4","Trait5","mrMLM","NsiI.TP52317","11","9749","1.5348e-05","0.0034","A"
"4","Trait5","mrMLM","NsiI.TP52663","11","9750","7.1885e-06","0.0016","A"
"4","Trait5","mrMLM","NsiI.TP52712","11","9751","-0.0477","0.4661","A"
"4","Trait5","mrMLM","NsiI.TP52832","11","9752","1.5638e-06","3e-04","A"
"4","Trait5","mrMLM","NsiI.TP53625","11","9753","3.0462e-05","0.0067","C"
"4","Trait5","mrMLM","NsiI.TP54214","11","9756","6.3233e-07","1e-04","A"
"4","Trait5","mrMLM","NsiI.TP54249","11","9757","-0.1163","1.3927","C"
"4","Trait5","mrMLM","NsiI.TP54252","11","9758","-4.6913e-06","0.001","A"
"4","Trait5","mrMLM","NsiI.TP54347","11","9759","1.6311e-05","0.0036","C"
"4","Trait5","mrMLM","NsiI.TP54353","11","9760","3.1952e-06","7e-04","C"
"4","Trait5","mrMLM","NsiI.TP54363","11","9761","-0.1391","1.287","A"
"4","Trait5","mrMLM","NsiI.TP54406","11","9762","-7.4443e-06","0.0016","C"
"4","Trait5","mrMLM","NsiI.TP54428","11","9763","1.0862e-05","0.0024","A"
"4","Trait5","mrMLM","NsiI.TP54454","11","9765","-1.2502e-05","0.0027","A"
"4","Trait5","mrMLM","NsiI.TP54722","11","9768","-0.2584","1.9124","C"
"4","Trait5","mrMLM","NsiI.TP54937","11","9771","2.1835e-05","0.0048","A"
"4","Trait5","mrMLM","NsiI.TP54970","11","9772","7.2243e-06","0.0016","A"
"4","Trait5","mrMLM","NsiI.TP55141","11","9775","5.8703e-06","0.0013","A"
"4","Trait5","mrMLM","NsiI.TP55168","11","9776","-8.9137e-06","0.0019","A"
"4","Trait5","mrMLM","NsiI.TP55385","11","9778","2.8215e-05","0.0062","C"
"4","Trait5","mrMLM","NsiI.TP55543","11","9779","5.803e-06","0.0013","A"
"4","Trait5","mrMLM","NsiI.TP55722","11","9782","1.5828e-05","0.0035","C"
"4","Trait5","mrMLM","NsiI.TP55734","11","9783","-0.0682","0.654","A"
"4","Trait5","mrMLM","NsiI.TP56093","11","9784","1.8588e-05","0.0041","A"
"4","Trait5","mrMLM","NsiI.TP56325","11","9785","-0.1191","1.0148","C"
"4","Trait5","mrMLM","NsiI.TP56342","11","9786","-4.3161e-05","0.0095","C"
"4","Trait5","mrMLM","NsiI.TP56466","11","9788","7.4695e-06","0.0016","C"
"4","Trait5","mrMLM","NsiI.TP56493","11","9789","-0.0641","0.5342","G"
"4","Trait5","mrMLM","NsiI.TP56527","11","9790","8.8749e-06","0.0019","A"
"4","Trait5","mrMLM","NsiI.TP56528","11","9791","2.3403e-05","0.0051","C"
"4","Trait5","mrMLM","NsiI.TP56529","11","9792","0.0705","0.3771","C"
"4","Trait5","mrMLM","NsiI.TP56535","11","9793","0.2153","1.2748","C"
"4","Trait5","mrMLM","NsiI.TP56639","11","9795","9.3175e-07","2e-04","G"
"4","Trait5","mrMLM","NsiI.TP56727","11","9796","-0.0617","0.6206","A"
"4","Trait5","mrMLM","NsiI.TP56822","11","9798","2.5952e-05","0.0057","C"
"4","Trait5","mrMLM","NsiI.TP56869","11","9800","-6.8813e-06","0.0015","G"
"4","Trait5","mrMLM","NsiI.TP56957","11","9801","-1.1262e-05","0.0025","C"
"4","Trait5","mrMLM","NsiI.TP56963","11","9802","1.6141e-05","0.0035","C"
"4","Trait5","mrMLM","NsiI.TP57082","11","9803","3.7057e-05","0.0081","A"
"4","Trait5","mrMLM","NsiI.TP57361","11","9805","2.369e-05","0.0052","A"
"4","Trait5","mrMLM","NsiI.TP57404","11","9806","0.0337","0.369","A"
"4","Trait5","mrMLM","NsiI.TP57411","11","9807","4.0743e-05","0.009","A"
"4","Trait5","mrMLM","NsiI.TP57440","11","9808","0.0266","0.367","A"
"4","Trait5","mrMLM","NsiI.TP57474","11","9810","0.159","0.6843","G"
"4","Trait5","mrMLM","NsiI.TP57495","11","9811","1.3577e-05","0.003","A"
"4","Trait5","mrMLM","NsiI.TP57551","11","9813","3.4583e-05","0.0076","C"
"4","Trait5","mrMLM","NsiI.TP57603","11","9814","-0.0426","0.2341","C"
"4","Trait5","mrMLM","NsiI.TP57617","11","9815","-1.0112e-05","0.0022","A"
"4","Trait5","mrMLM","NsiI.TP57640","11","9816","-2.4872e-06","5e-04","C"
"4","Trait5","mrMLM","NsiI.TP58630","11","9819","-2.3667e-05","0.0052","A"
"4","Trait5","mrMLM","NsiI.TP58648","11","9820","7.2556e-06","0.0016","A"
"4","Trait5","mrMLM","NsiI.TP58678","11","9821","1.6602e-05","0.0036","A"
"4","Trait5","mrMLM","NsiI.TP59023","11","9822","6.9375e-06","0.0015","A"
"4","Trait5","mrMLM","NsiI.TP59030","11","9823","-2.0862e-05","0.0046","A"
"4","Trait5","mrMLM","NsiI.TP59092","11","9824","0.0486","0.2812","C"
"4","Trait5","mrMLM","NsiI.TP59114","11","9826","-0.0584","0.356","C"
"4","Trait5","mrMLM","NsiI.TP59129","11","9828","-1.8092e-05","0.004","A"
"4","Trait5","mrMLM","NsiI.TP59163","11","9829","0.0891","0.7428","C"
"4","Trait5","mrMLM","NsiI.TP59314","11","9830","-3.3176e-05","0.0073","A"
"4","Trait5","mrMLM","NsiI.TP59375","11","9832","-0.0143","0.2122","A"
"4","Trait5","mrMLM","NsiI.TP59527","11","9833","0.0165","0.2221","A"
"4","Trait5","mrMLM","NsiI.TP59590","11","9834","0.1442","0.7427","A"
"4","Trait5","mrMLM","NsiI.TP59858","11","9837","-1.0023e-06","2e-04","C"
"4","Trait5","mrMLM","NsiI.TP60003","11","9840","-1.0554e-05","0.0023","G"
"4","Trait5","mrMLM","NsiI.TP60008","11","9841","-0.1203","0.8857","C"
"4","Trait5","mrMLM","NsiI.TP60110","11","9843","2.3373e-06","5e-04","A"
"4","Trait5","mrMLM","NsiI.TP60254","11","9845","-2.1765e-05","0.0048","C"
"4","Trait5","mrMLM","NsiI.TP60597","11","9849","-5.7141e-06","0.0012","A"
"4","Trait5","mrMLM","NsiI.TP60655","11","9851","6.9379e-06","0.0015","G"
"4","Trait5","mrMLM","NsiI.TP60693","11","9852","0.1255","0.7756","A"
"4","Trait5","mrMLM","NsiI.TP60820","11","9853","2.6379e-06","6e-04","A"
"4","Trait5","mrMLM","NsiI.TP60981","11","9854","-0.1046","1.2922","A"
"4","Trait5","mrMLM","NsiI.TP60997","11","9855","2.564e-06","6e-04","A"
"4","Trait5","mrMLM","NsiI.TP61178","11","9856","0.0943","0.4303","C"
"4","Trait5","mrMLM","NsiI.TP61239","11","9857","-0.0628","0.5723","C"
"4","Trait5","mrMLM","NsiI.TP61350","11","9858","0.1137","0.6282","C"
"4","Trait5","mrMLM","NsiI.TP61405","11","9859","-1.1792e-05","0.0026","C"
"4","Trait5","mrMLM","NsiI.TP61552","11","9860","0.1182","1.9065","C"
"4","Trait5","mrMLM","NsiI.TP61633","11","9861","1.6007e-05","0.0035","G"
"4","Trait5","mrMLM","NsiI.TP62084","11","9863","-0.0876","0.5104","C"
"4","Trait5","mrMLM","NsiI.TP62320","11","9866","1.6356e-05","0.0036","C"
"4","Trait5","mrMLM","NsiI.TP62344","11","9868","-0.0755","0.619","C"
"4","Trait5","mrMLM","NsiI.TP62363","11","9869","1.0399e-06","2e-04","A"
"4","Trait5","mrMLM","NsiI.TP62478","11","9870","0.0306","0.2806","A"
"4","Trait5","mrMLM","NsiI.TP63075","11","9871","0.0688","0.6103","C"
"4","Trait5","mrMLM","NsiI.TP63079","11","9872","-2.0261e-05","0.0044","A"
"4","Trait5","mrMLM","NsiI.TP63098","11","9873","-0.0087","0.1602","C"
"4","Trait5","mrMLM","NsiI.TP63305","11","9874","-0.3683","1.8785","A"
"4","Trait5","mrMLM","NsiI.TP63394","11","9876","3.5709e-07","7.7717e-05","G"
"4","Trait5","mrMLM","NsiI.TP63509","11","9880","-1.3588e-05","0.003","A"
"4","Trait5","mrMLM","NsiI.TP63585","11","9881","2.9434e-05","0.0065","G"
"4","Trait5","mrMLM","NsiI.TP63600","11","9882","-0.2196","1.4561","A"
"4","Trait5","mrMLM","NsiI.TP63643","11","9883","-8.9315e-06","0.0019","A"
"4","Trait5","mrMLM","NsiI.TP63821","11","9884","5.2797e-06","0.0012","A"
"4","Trait5","mrMLM","NsiI.TP63925","11","9885","1.8611e-05","0.0041","A"
"4","Trait5","mrMLM","NsiI.TP63950","11","9886","-0.0986","0.5244","C"
"4","Trait5","mrMLM","NsiI.TP64031","11","9887","0.028","0.3086","A"
"4","Trait5","mrMLM","NsiI.TP64490","11","9888","-2.4655e-05","0.0054","A"
"4","Trait5","mrMLM","NsiI.TP64641","11","9889","-9.1962e-06","0.002","A"
"4","Trait5","mrMLM","NsiI.TP64876","11","9890","4.8637e-07","1e-04","G"
"4","Trait5","mrMLM","NsiI.TP65019","11","9891","7.6259e-06","0.0017","C"
"4","Trait5","mrMLM","NsiI.TP65115","11","9892","-0.2854","1.6542","C"
"4","Trait5","mrMLM","NsiI.TP65170","11","9893","2.0398e-05","0.0045","C"
"4","Trait5","mrMLM","NsiI.TP65189","11","9894","-2.7729e-05","0.0061","A"
"4","Trait5","mrMLM","NsiI.TP65209","11","9895","-4.2585e-07","9.2687e-05","C"
"4","Trait5","mrMLM","NsiI.TP65357","11","9896","1.6797e-05","0.0037","A"
"4","Trait5","mrMLM","NsiI.TP65433","11","9898","3.5533e-06","8e-04","C"
"4","Trait5","mrMLM","NsiI.TP65519","11","9900","1.4438e-07","3.1422e-05","C"
"4","Trait5","mrMLM","NsiI.TP65604","11","9902","0.1307","0.7824","A"
"4","Trait5","mrMLM","NsiI.TP65691","11","9903","-0.2166","1.5","A"
"4","Trait5","mrMLM","NsiI.TP65963","11","9905","1.6349e-06","4e-04","C"
"4","Trait5","mrMLM","NsiI.TP66011","11","9906","1.1751e-05","0.0026","C"
"4","Trait5","mrMLM","NsiI.TP66062","11","9908","1.6755e-05","0.0037","C"
"4","Trait5","mrMLM","NsiI.TP66075","11","9909","1.2352e-05","0.0027","C"
"4","Trait5","mrMLM","NsiI.TP66088","11","9910","2.5504e-05","0.0056","A"
"4","Trait5","mrMLM","NsiI.TP66168","11","9911","0.0932","0.5755","C"
"4","Trait5","mrMLM","NsiI.TP66212","11","9913","-6.428e-06","0.0014","C"
"4","Trait5","mrMLM","NsiI.TP66337","11","9916","-5.0768e-06","0.0011","A"
"4","Trait5","mrMLM","NsiI.TP66466","11","9917","-0.2583","2.29","A"
"4","Trait5","mrMLM","NsiI.TP66512","11","9918","-0.0398","0.3037","A"
"4","Trait5","mrMLM","NsiI.TP66515","11","9919","-1.3498e-05","0.0029","A"
"4","Trait5","mrMLM","NsiI.TP66555","11","9920","0.2233","3.4321","G"
"4","Trait5","mrMLM","NsiI.TP66675","11","9921","0.1205","0.7588","C"
"4","Trait5","mrMLM","NsiI.TP66747","11","9923","4.0352e-06","9e-04","A"
"4","Trait5","mrMLM","NsiI.TP67116","11","9925","1.6975e-06","4e-04","A"
"4","Trait5","mrMLM","NsiI.TP67134","11","9926","0.1379","0.5071","A"
"4","Trait5","mrMLM","NsiI.TP67325","11","9929","4.1229e-06","9e-04","A"
"4","Trait5","mrMLM","NsiI.TP67452","11","9931","0.0487","0.2768","A"
"4","Trait5","mrMLM","NsiI.TP67463","11","9932","-2.9642e-06","6e-04","A"
"4","Trait5","mrMLM","NsiI.TP67507","11","9933","-6.8383e-06","0.0015","A"
"4","Trait5","mrMLM","NsiI.TP67554","11","9937","1.211e-05","0.0026","C"
"4","Trait5","mrMLM","NsiI.TP67589","11","9939","-3.1095e-06","7e-04","C"
"4","Trait5","mrMLM","NsiI.TP67681","11","9940","-9.6803e-06","0.0021","C"
"4","Trait5","mrMLM","NsiI.TP67777","11","9941","-1.1865e-05","0.0026","C"
"4","Trait5","mrMLM","NsiI.TP67788","11","9942","-0.048","0.4648","A"
"4","Trait5","mrMLM","NsiI.TP67874","11","9943","5.5067e-06","0.0012","C"
"4","Trait5","mrMLM","NsiI.TP68115","11","9944","0.0691","0.6578","A"
"4","Trait5","mrMLM","NsiI.TP68416","11","9945","-2.1076e-05","0.0046","A"
"4","Trait5","mrMLM","NsiI.TP69055","11","9946","-1.1364e-05","0.0025","A"
"4","Trait5","mrMLM","NsiI.TP69372","11","9948","-2.7478e-06","6e-04","A"
"4","Trait5","mrMLM","NsiI.TP69415","11","9949","0.1041","0.6784","A"
"4","Trait5","mrMLM","NsiI.TP69465","11","9950","2.2177e-05","0.0049","A"
"4","Trait5","mrMLM","NsiI.TP69524","11","9951","4.9676e-06","0.0011","A"
"4","Trait5","mrMLM","NsiI.TP69591","11","9952","-1.8974e-05","0.0041","C"
"4","Trait5","mrMLM","NsiI.TP69764","11","9953","-1.4784e-05","0.0032","A"
"4","Trait5","mrMLM","NsiI.TP69893","11","9954","-1.7171e-05","0.0038","C"
"4","Trait5","mrMLM","NsiI.TP69911","11","9955","9.3084e-06","0.002","C"
"4","Trait5","mrMLM","NsiI.TP70234","11","9958","8.1811e-06","0.0018","G"
"4","Trait5","mrMLM","NsiI.TP70958","11","9961","0.3133","1.3203","C"
"4","Trait5","mrMLM","NsiI.TP71045","11","9962","-5.2511e-06","0.0011","C"
"4","Trait5","mrMLM","NsiI.TP71059","11","9963","-1.7695e-05","0.0039","G"
"4","Trait5","mrMLM","NsiI.TP71244","11","9964","0.017","0.2625","A"
"4","Trait5","mrMLM","NsiI.TP71642","11","9965","9.903e-06","0.0022","G"
"4","Trait5","mrMLM","NsiI.TP71828","11","9966","-8.6871e-06","0.0019","G"
"4","Trait5","mrMLM","NsiI.TP72107","11","9967","0.0095","0.1193","A"
"4","Trait5","mrMLM","NsiI.TP72219","11","9968","0.0191","0.2823","A"
"4","Trait5","mrMLM","NsiI.TP72375","11","9970","-4.6163e-06","0.001","A"
"4","Trait5","mrMLM","NsiI.TP72613","11","9972","1.4918e-05","0.0033","C"
"4","Trait5","mrMLM","NsiI.TP72810","11","9974","-3.0697e-05","0.0067","A"
"4","Trait5","mrMLM","NsiI.TP73038","11","9975","-7.0308e-06","0.0015","A"
"4","Trait5","mrMLM","NsiI.TP73196","11","9976","-2.6728e-07","5.8181e-05","A"
"4","Trait5","mrMLM","NsiI.TP73358","11","9978","-1.2788e-05","0.0028","C"
"4","Trait5","mrMLM","NsiI.TP73638","11","9981","2.4635e-06","5e-04","C"
"4","Trait5","mrMLM","NsiI.TP74312","11","9983","9.8763e-06","0.0022","C"
"4","Trait5","mrMLM","NsiI.TP74400","11","9984","-0.0635","0.5011","A"
"4","Trait5","mrMLM","NsiI.TP74464","11","9985","0.0247","0.1879","C"
"4","Trait5","mrMLM","NsiI.TP74638","11","9986","0.2078","0.8387","A"
"4","Trait5","mrMLM","NsiI.TP74754","11","9987","-7.2094e-06","0.0016","A"
"4","Trait5","mrMLM","NsiI.TP74769","11","9988","1.8965e-06","4e-04","A"
"4","Trait5","mrMLM","NsiI.TP75147","11","9989","-8.6333e-06","0.0019","C"
"4","Trait5","mrMLM","NsiI.TP75666","11","9993","0.0796","0.3486","C"
"4","Trait5","mrMLM","NsiI.TP76368","11","9997","-1.3431e-05","0.0029","A"
"4","Trait5","mrMLM","NsiI.TP76480","11","9998","-2.0432e-06","4e-04","G"
"4","Trait5","mrMLM","NsiI.TP76552","11","9999","-0.2775","2.2249","C"
"4","Trait5","mrMLM","NsiI.TP76826","11","10000","-1.4358e-05","0.0031","G"
"4","Trait5","mrMLM","NsiI.TP76999","11","10001","-5.3448e-06","0.0012","A"
"4","Trait5","mrMLM","NsiI.TP77416","11","10002","1.7353e-05","0.0038","C"
"4","Trait5","mrMLM","NsiI.TP77431","11","10003","-0.1349","0.9619","C"
"4","Trait5","mrMLM","NsiI.TP77776","11","10006","-4.8814e-07","1e-04","A"
"4","Trait5","mrMLM","NsiI.TP77848","11","10007","-1.6577e-05","0.0036","A"
"4","Trait5","mrMLM","NsiI.TP77862","11","10008","-4e-04","0.026","A"
"4","Trait5","mrMLM","NsiI.TP77872","11","10009","-1.1737e-06","3e-04","C"
"4","Trait5","mrMLM","NsiI.TP77964","11","10010","-0.0733","0.4058","C"
"4","Trait5","mrMLM","NsiI.TP78098","11","10011","1.1843e-05","0.0026","C"
"4","Trait5","mrMLM","NsiI.TP78104","11","10012","-1.4255e-05","0.0031","A"
"4","Trait5","mrMLM","NsiI.TP78135","11","10013","-2.6864e-05","0.0059","A"
"4","Trait5","mrMLM","NsiI.TP78640","11","10014","0.0585","0.5639","A"
"4","Trait5","mrMLM","NsiI.TP78756","11","10015","-1.3116e-06","3e-04","A"
"4","Trait5","mrMLM","NsiI.TP78967","11","10016","1.2792e-05","0.0028","C"
"4","Trait5","mrMLM","NsiI.TP79025","11","10017","-4.9405e-06","0.0011","A"
"4","Trait5","mrMLM","NsiI.TP79145","11","10018","-0.209","1.491","A"
"4","Trait5","mrMLM","NsiI.TP79545","11","10021","-2.485e-05","0.0054","A"
"4","Trait5","mrMLM","NsiI.TP79618","11","10022","-6.9016e-06","0.0015","A"
"4","Trait5","mrMLM","NsiI.TP79776","11","10023","0.0106","0.1643","A"
"4","Trait5","mrMLM","NsiI.TP80216","11","10024","-7.3907e-06","0.0016","C"
"4","Trait5","mrMLM","NsiI.TP80609","11","10026","2.4768e-06","5e-04","A"
"4","Trait5","mrMLM","NsiI.TP80682","11","10028","-1.1511e-05","0.0025","A"
"4","Trait5","mrMLM","NsiI.TP80703","11","10029","0.0787","0.5847","C"
"4","Trait5","mrMLM","NsiI.TP80932","11","10033","7.1947e-06","0.0016","C"
"4","Trait5","mrMLM","NsiI.TP81226","11","10034","-0.1429","0.6742","A"
"4","Trait5","mrMLM","NsiI.TP81339","11","10035","-2.3357e-05","0.0051","C"
"4","Trait5","mrMLM","NsiI.TP81857","11","10037","0.3847","1.8852","A"
"4","Trait5","mrMLM","NsiI.TP82053","11","10041","-5.4927e-06","0.0012","A"
"4","Trait5","mrMLM","NsiI.TP82066","11","10042","-0.0715","0.496","A"
"4","Trait5","mrMLM","NsiI.TP82195","11","10044","1.2917e-05","0.0028","G"
"4","Trait5","mrMLM","NsiI.TP82442","11","10045","2.3547e-05","0.0052","G"
"4","Trait5","mrMLM","NsiI.TP82467","11","10046","-7.095e-06","0.0015","A"
"4","Trait5","mrMLM","NsiI.TP82666","11","10047","-3.3219e-06","7e-04","C"
"4","Trait5","mrMLM","NsiI.TP82756","11","10048","5.1966e-06","0.0011","A"
"4","Trait5","mrMLM","NsiI.TP82838","11","10050","1.001e-05","0.0022","A"
"4","Trait5","mrMLM","NsiI.TP82932","11","10051","-0.0281","0.307","A"
"4","Trait5","mrMLM","NsiI.TP82935","11","10052","0.0332","0.3481","A"
"4","Trait5","mrMLM","NsiI.TP83047","11","10053","3.1153e-05","0.0068","A"
"4","Trait5","mrMLM","NsiI.TP83141","11","10054","-9.6849e-06","0.0021","A"
"4","Trait5","mrMLM","NsiI.TP83164","11","10055","0.1185","0.527","C"
"4","Trait5","mrMLM","NsiI.TP83199","11","10056","-4.0949e-06","9e-04","A"
"4","Trait5","mrMLM","NsiI.TP83257","11","10057","8.1571e-06","0.0018","A"
"4","Trait5","mrMLM","NsiI.TP83828","11","10060","-0.2457","2.3968","A"
"4","Trait5","mrMLM","NsiI.TP83860","11","10061","-1.7047e-05","0.0037","A"
"4","Trait5","mrMLM","NsiI.TP83932","11","10063","0.0158","0.2083","C"
"4","Trait5","mrMLM","NsiI.TP84001","11","10065","-1.1439e-06","2e-04","C"
"4","Trait5","mrMLM","NsiI.TP84023","11","10066","-0.0569","0.4544","C"
"4","Trait5","mrMLM","NsiI.TP84094","11","10069","4.423e-06","0.001","C"
"4","Trait5","mrMLM","NsiI.TP84409","11","10070","7.8581e-06","0.0017","C"
"4","Trait5","mrMLM","NsiI.TP84450","11","10072","-4.5054e-06","0.001","C"
"4","Trait5","mrMLM","NsiI.TP84531","11","10073","0.0583","0.4542","A"
"4","Trait5","mrMLM","NsiI.TP84768","11","10075","-2.3177e-05","0.0051","A"
"4","Trait5","mrMLM","NsiI.TP84792","11","10076","-1.2914e-05","0.0028","A"
"4","Trait5","mrMLM","NsiI.TP85707","11","10078","2.3967e-06","5e-04","C"
"4","Trait5","mrMLM","NsiI.TP85817","11","10079","9.5289e-06","0.0021","C"
"4","Trait5","mrMLM","NsiI.TP85829","11","10080","-0.006","0.1383","C"
"4","Trait5","mrMLM","NsiI.TP86015","11","10081","0.1543","0.7391","A"
"4","Trait5","mrMLM","NsiI.TP86022","11","10082","0.0423","0.3995","A"
"4","Trait5","mrMLM","NsiI.TP86373","11","10083","-8.3237e-06","0.0018","C"
"4","Trait5","mrMLM","NsiI.TP86611","11","10085","-0.0227","0.2633","A"
"4","Trait5","mrMLM","NsiI.TP86624","11","10086","-1.6104e-05","0.0035","G"
"4","Trait5","mrMLM","NsiI.TP86687","11","10087","-0.0543","0.3091","G"
"4","Trait5","mrMLM","NsiI.TP86754","11","10088","2.7806e-06","6e-04","C"
"4","Trait5","mrMLM","NsiI.TP86805","11","10089","-0.064","0.4403","A"
"4","Trait5","mrMLM","NsiI.TP86839","11","10090","1.3379e-06","3e-04","C"
"4","Trait5","mrMLM","NsiI.TP86911","11","10091","1.0693e-05","0.0023","C"
"4","Trait5","mrMLM","NsiI.TP86966","11","10092","2.1236e-05","0.0046","A"
"4","Trait5","mrMLM","NsiI.TP87258","11","10093","8.3702e-06","0.0018","G"
"4","Trait5","mrMLM","NsiI.TP87263","11","10094","1.441e-05","0.0031","C"
"4","Trait5","mrMLM","NsiI.TP87403","11","10095","-0.0244","0.1952","C"
"4","Trait5","mrMLM","NsiI.TP87417","11","10096","6.7472e-06","0.0015","A"
"4","Trait5","mrMLM","NsiI.TP87588","11","10098","-1.5708e-05","0.0034","C"
"4","Trait5","mrMLM","NsiI.TP87715","11","10099","-1.4596e-05","0.0032","C"
"4","Trait5","mrMLM","NsiI.TP87879","11","10101","8.6734e-06","0.0019","A"
"4","Trait5","mrMLM","NsiI.TP88032","11","10103","9.5061e-06","0.0021","A"
"4","Trait5","mrMLM","NsiI.TP88256","11","10104","0.0238","0.2834","C"
"4","Trait5","mrMLM","NsiI.TP88356","11","10105","0.0614","0.6834","A"
"4","Trait5","mrMLM","NsiI.TP88759","11","10108","-0.0692","0.2788","A"
"4","Trait5","mrMLM","NsiI.TP88855","11","10109","-6.3118e-06","0.0014","C"
"4","Trait5","mrMLM","NsiI.TP88865","11","10110","-0.0396","0.4522","C"
"4","Trait5","mrMLM","NsiI.TP89021","11","10111","-1.696e-05","0.0037","A"
"4","Trait5","mrMLM","NsiI.TP89222","11","10114","-1.8581e-05","0.0041","A"
"4","Trait5","mrMLM","NsiI.TP89640","11","10116","0.0391","0.426","A"
"4","Trait5","mrMLM","NsiI.TP89689","11","10117","-0.0321","0.3207","C"
"4","Trait5","mrMLM","NsiI.TP89700","11","10118","-0.1029","0.9964","A"
"4","Trait5","mrMLM","NsiI.TP89738","11","10120","-0.0336","0.2417","A"
"4","Trait5","mrMLM","NsiI.TP89744","11","10121","1.0799e-05","0.0024","C"
"4","Trait5","mrMLM","NsiI.TP89972","11","10122","-1.7643e-05","0.0039","C"
"4","Trait5","mrMLM","NsiI.TP90013","11","10123","-1.924e-05","0.0042","A"
"4","Trait5","mrMLM","NsiI.TP90073","11","10125","6.7801e-06","0.0015","C"
"4","Trait5","mrMLM","NsiI.TP90355","11","10126","6.2049e-06","0.0014","C"
"4","Trait5","mrMLM","NsiI.TP90417","11","10128","-2.1415e-06","5e-04","C"
"4","Trait5","mrMLM","NsiI.TP90696","11","10129","0.0698","0.8304","C"
"4","Trait5","mrMLM","NsiI.TP90756","11","10130","-0.21","1.6324","C"
"4","Trait5","mrMLM","NsiI.TP91061","11","10132","3.1331e-05","0.0069","C"
"4","Trait5","mrMLM","NsiI.TP91546","11","10135","2.1004e-05","0.0046","C"
"4","Trait5","mrMLM","NsiI.TP91699","11","10136","0.0797","0.6338","A"
"4","Trait5","mrMLM","NsiI.TP91908","11","10137","-1.3056e-05","0.0029","C"
"4","Trait5","mrMLM","NsiI.TP91929","11","10138","-7.2421e-06","0.0016","A"
"4","Trait5","mrMLM","NsiI.TP92066","11","10140","-0.0734","0.6468","C"
"4","Trait5","mrMLM","NsiI.TP92295","11","10143","-3.502e-06","8e-04","G"
"4","Trait5","mrMLM","NsiI.TP92323","11","10144","2.8805e-05","0.0063","C"
"4","Trait5","mrMLM","NsiI.TP92536","11","10146","0.2707","1.0661","A"
"4","Trait5","mrMLM","NsiI.TP92539","11","10147","0.1942","1.2763","G"
"4","Trait5","mrMLM","NsiI.TP93408","11","10152","-7.6671e-06","0.0017","A"
"4","Trait5","mrMLM","NsiI.TP93414","11","10153","2.1089e-05","0.0046","A"
"4","Trait5","mrMLM","NsiI.TP93454","11","10154","1.807e-05","0.004","A"
"4","Trait5","mrMLM","NsiI.TP93485","11","10155","-0.0052","0.1247","C"
"4","Trait5","mrMLM","NsiI.TP94436","11","10160","1.6929e-05","0.0037","C"
"4","Trait5","mrMLM","NsiI.TP94438","11","10161","1.2137e-05","0.0026","A"
"4","Trait5","mrMLM","NsiI.TP94595","11","10163","-2.2763e-05","0.005","C"
"4","Trait5","mrMLM","NsiI.TP94612","11","10164","-5.4972e-06","0.0012","A"
"4","Trait5","mrMLM","NsiI.TP94641","11","10166","-1.9049e-05","0.0042","A"
"4","Trait5","mrMLM","NsiI.TP95027","11","10168","2.7236e-07","5.9279e-05","C"
"4","Trait5","mrMLM","NsiI.TP95338","11","10169","-1.5422e-05","0.0034","A"
"4","Trait5","mrMLM","NsiI.TP95398","11","10170","-5.1022e-06","0.0011","A"
"4","Trait5","mrMLM","NsiI.TP95686","11","10172","-1.9963e-05","0.0044","A"
"4","Trait5","mrMLM","NsiI.TP95710","11","10173","-1.8886e-05","0.0041","A"
"4","Trait5","mrMLM","NsiI.TP95780","11","10174","-1.9603e-06","4e-04","A"
"4","Trait5","mrMLM","NsiI.TP96017","11","10177","1.2963e-06","3e-04","A"
"4","Trait5","mrMLM","NsiI.TP96157","11","10179","3.2353e-06","7e-04","A"
"4","Trait5","mrMLM","NsiI.TP96307","11","10180","-6.581e-06","0.0014","C"
"4","Trait5","mrMLM","NsiI.TP96522","11","10182","-3.3551e-05","0.0074","A"
"4","Trait5","mrMLM","NsiI.TP96967","11","10184","-0.0601","0.2916","C"
"4","Trait5","mrMLM","NsiI.TP97346","11","10188","0.0093","0.157","A"
"4","Trait5","mrMLM","NsiI.TP97455","11","10189","-2.1479e-05","0.0047","A"
"4","Trait5","mrMLM","NsiI.TP97586","11","10190","0.0573","0.3414","G"
"4","Trait5","mrMLM","NsiI.TP97660","11","10191","-0.0723","0.8055","A"
"4","Trait5","mrMLM","NsiI.TP98782","11","10198","1.7054e-05","0.0037","A"
"4","Trait5","mrMLM","NsiI.TP98826","11","10199","1.9454e-06","4e-04","A"
"4","Trait5","mrMLM","NsiI.TP99418","11","10202","-0.0098","0.193","A"
"4","Trait5","mrMLM","NsiI.TP99483","11","10204","8.0651e-06","0.0018","C"
"4","Trait5","mrMLM","NsiI.TP99496","11","10205","4.9917e-07","1e-04","C"
"4","Trait5","mrMLM","NsiI.TP99663","11","10206","-0.0404","0.4054","C"
"4","Trait5","mrMLM","NsiI.TP99738","11","10207","-0.038","0.2073","A"
"4","Trait5","mrMLM","NsiI.TP100210","11","10208","2.6915e-05","0.0059","A"
"4","Trait5","mrMLM","NsiI.TP100372","11","10209","-3.3278e-05","0.0073","A"
"4","Trait5","mrMLM","NsiI.TP100767","11","10210","0.0907","0.6228","C"
"4","Trait5","mrMLM","NsiI.TP100835","11","10211","3.6763e-06","8e-04","A"
"4","Trait5","mrMLM","NsiI.TP100985","11","10213","0.191","1.5176","A"
"4","Trait5","mrMLM","NsiI.TP101004","11","10214","0.0184","0.2266","A"
"4","Trait5","mrMLM","NsiI.TP101321","11","10215","3.5148e-06","8e-04","C"
"4","Trait5","mrMLM","NsiI.TP101339","11","10216","2.7325e-06","6e-04","A"
"4","Trait5","mrMLM","NsiI.TP101356","11","10217","-1.1174e-07","2.4316e-05","C"
"4","Trait5","mrMLM","NsiI.TP101382","11","10218","1.7584e-06","4e-04","A"
"4","Trait5","mrMLM","NsiI.TP101470","11","10219","0.2416","0.6832","A"
"4","Trait5","mrMLM","NsiI.TP101708","11","10220","-1.3823e-05","0.003","C"
"4","Trait5","mrMLM","NsiI.TP101726","11","10221","8.2222e-06","0.0018","C"
"4","Trait5","mrMLM","NsiI.TP101822","11","10223","-1.013e-05","0.0022","G"
"4","Trait5","mrMLM","NsiI.TP101987","11","10225","-0.2092","1.1339","A"
"4","Trait5","mrMLM","NsiI.TP102135","11","10227","2.0592e-05","0.0045","A"
"4","Trait5","mrMLM","NsiI.TP102497","11","10231","1.0435e-05","0.0023","C"
"4","Trait5","mrMLM","NsiI.TP102533","11","10233","-3.0414e-05","0.0067","C"
"4","Trait5","mrMLM","NsiI.TP102719","11","10234","-9.951e-06","0.0022","C"
"4","Trait5","mrMLM","NsiI.TP102773","11","10236","0.1049","0.4998","A"
"4","Trait5","mrMLM","NsiI.TP102905","11","10237","-0.0354","0.4476","G"
"4","Trait5","mrMLM","NsiI.TP102942","11","10238","9.9743e-06","0.0022","A"
"4","Trait5","mrMLM","NsiI.TP103087","11","10240","2.2375e-05","0.0049","A"
"4","Trait5","mrMLM","NsiI.TP103132","11","10241","3.6482e-05","0.008","A"
"4","Trait5","mrMLM","NsiI.TP103763","11","10242","0.2882","1.4961","G"
"4","Trait5","mrMLM","NsiI.TP103812","11","10243","-0.1124","1.2599","C"
"4","Trait5","mrMLM","NsiI.TP103816","11","10244","6.7229e-06","0.0015","A"
"4","Trait5","mrMLM","NsiI.TP103979","11","10246","0.0582","0.5385","C"
"4","Trait5","mrMLM","NsiI.TP104399","11","10247","-1.8113e-05","0.004","C"
"4","Trait5","mrMLM","NsiI.TP104400","11","10248","-2.0408e-05","0.0045","C"
"4","Trait5","mrMLM","NsiI.TP104716","11","10249","-4.3862e-06","0.001","C"
"4","Trait5","mrMLM","NsiI.TP105019","11","10250","-1.645e-05","0.0036","G"
"4","Trait5","mrMLM","NsiI.TP105057","11","10251","5.1357e-06","0.0011","A"
"4","Trait5","mrMLM","NsiI.TP105112","11","10252","-2.4982e-05","0.0055","C"
"4","Trait5","mrMLM","NsiI.TP105174","11","10253","0.0153","0.2447","C"
"4","Trait5","mrMLM","NsiI.TP105198","11","10254","-4.725e-06","0.001","G"
"4","Trait5","mrMLM","NsiI.TP105290","11","10255","1.8833e-06","4e-04","A"
"4","Trait5","mrMLM","NsiI.TP106048","11","10256","-1.3371e-05","0.0029","A"
"4","Trait5","mrMLM","NsiI.TP106121","11","10257","-2.2478e-05","0.0049","A"
"4","Trait5","mrMLM","NsiI.TP106199","11","10258","-1.3581e-05","0.003","A"
"4","Trait5","mrMLM","NsiI.TP106214","11","10260","-1.7437e-05","0.0038","C"
"4","Trait5","mrMLM","NsiI.TP106440","11","10262","-2.9934e-06","7e-04","A"
"4","Trait5","mrMLM","NsiI.TP106505","11","10263","3.6325e-06","8e-04","C"
"4","Trait5","mrMLM","NsiI.TP106646","11","10266","2.406e-06","5e-04","G"
"4","Trait5","mrMLM","NsiI.TP106740","11","10268","6.5089e-06","0.0014","C"
"4","Trait5","mrMLM","NsiI.TP106835","11","10269","-0.0147","0.1483","G"
"4","Trait5","mrMLM","NsiI.TP106852","11","10270","0.0178","0.1723","A"
"4","Trait5","mrMLM","NsiI.TP106868","11","10271","-2.3424e-06","5e-04","A"
"4","Trait5","mrMLM","NsiI.TP107770","11","10275","0.0287","0.3387","A"
"4","Trait5","mrMLM","NsiI.TP108050","11","10278","1.8951e-05","0.0041","A"
"4","Trait5","mrMLM","NsiI.TP108218","11","10279","0.0738","0.6532","G"
"4","Trait5","mrMLM","NsiI.TP108894","11","10281","8.8509e-07","2e-04","C"
"4","Trait5","mrMLM","NsiI.TP109053","11","10282","-1.2706e-05","0.0028","C"
"4","Trait5","mrMLM","NsiI.TP109257","11","10284","1.7931e-05","0.0039","C"
"4","Trait5","mrMLM","NsiI.TP109378","11","10285","-0.0809","0.4407","G"
"4","Trait5","mrMLM","NsiI.TP109401","11","10286","7.9107e-06","0.0017","A"
"4","Trait5","mrMLM","NsiI.TP109430","11","10287","7.3616e-06","0.0016","A"
"4","Trait5","mrMLM","NsiI.TP109633","11","10288","-4.7635e-05","0.0105","A"
"4","Trait5","mrMLM","NsiI.TP109655","11","10289","-7.3944e-06","0.0016","A"
"4","Trait5","mrMLM","NsiI.TP110070","11","10293","2.6482e-05","0.0058","C"
"4","Trait5","mrMLM","NsiI.TP110161","11","10294","0.0439","0.3019","A"
"4","Trait5","mrMLM","NsiI.TP110167","11","10295","-0.0025","0.0835","C"
"4","Trait5","mrMLM","NsiI.TP110216","11","10297","-2.2992e-06","5e-04","A"
"4","Trait5","mrMLM","NsiI.TP110217","11","10298","4.8186e-05","0.0106","A"
"4","Trait5","mrMLM","NsiI.TP110495","11","10300","-0.0665","0.6213","C"
"4","Trait5","mrMLM","NsiI.TP110721","11","10302","3.7382e-05","0.0082","A"
"4","Trait5","mrMLM","NsiI.TP110772","11","10303","-9.3016e-07","2e-04","G"
"4","Trait5","mrMLM","NsiI.TP110828","11","10304","-3.5676e-06","8e-04","A"
"4","Trait5","mrMLM","NsiI.TP110896","11","10306","-1.9096e-05","0.0042","A"
"4","Trait5","mrMLM","NsiI.TP111042","11","10307","-0.077","0.7273","A"
"4","Trait5","mrMLM","NsiI.TP111085","11","10309","-0.2347","0.7471","A"
"4","Trait5","mrMLM","NsiI.TP111087","11","10310","3.4089e-05","0.0075","G"
"4","Trait5","mrMLM","NsiI.TP111109","11","10311","1.6119e-05","0.0035","A"
"4","Trait5","mrMLM","NsiI.TP111126","11","10312","1.94e-05","0.0042","A"
"4","Trait5","mrMLM","NsiI.TP111194","11","10313","-1.8192e-05","0.004","A"
"4","Trait5","mrMLM","NsiI.TP111219","11","10314","1.8023e-05","0.0039","A"
"4","Trait5","mrMLM","NsiI.TP111245","11","10315","-0.018","0.2335","C"
"4","Trait5","mrMLM","NsiI.TP111341","11","10316","-8.4315e-06","0.0018","A"
"4","Trait5","mrMLM","NsiI.TP111455","11","10317","-1.5094e-05","0.0033","A"
"4","Trait5","mrMLM","NsiI.TP111568","11","10319","2.2316e-06","5e-04","A"
"4","Trait5","mrMLM","NsiI.TP111753","11","10321","-1.5281e-05","0.0033","C"
"4","Trait5","mrMLM","NsiI.TP111766","11","10322","1.155e-05","0.0025","A"
"4","Trait5","mrMLM","NsiI.TP111829","11","10323","-1.8633e-05","0.0041","C"
"4","Trait5","mrMLM","NsiI.TP111858","11","10325","-1.0935e-05","0.0024","C"
"4","Trait5","mrMLM","NsiI.TP112104","11","10327","-2.1647e-05","0.0047","C"
"4","Trait5","mrMLM","NsiI.TP112348","11","10328","0.0317","0.1869","A"
"4","Trait5","mrMLM","NsiI.TP112447","11","10329","1.6474e-05","0.0036","A"
"4","Trait5","mrMLM","NsiI.TP112481","11","10330","-0.2157","0.6775","C"
"4","Trait5","mrMLM","NsiI.TP112503","11","10331","1.191e-05","0.0026","C"
"4","Trait5","mrMLM","NsiI.TP112574","11","10334","-0.1509","0.9038","C"
"4","Trait5","mrMLM","NsiI.TP112809","11","10335","-0.1201","1.2634","A"
"4","Trait5","mrMLM","NsiI.TP112817","11","10336","-6.4335e-06","0.0014","G"
"4","Trait5","mrMLM","NsiI.TP112825","11","10338","0.1645","0.7396","A"
"4","Trait5","mrMLM","NsiI.TP112927","11","10339","4.4544e-06","0.001","A"
"4","Trait5","mrMLM","NsiI.TP112942","11","10340","1.5172e-05","0.0033","C"
"4","Trait5","mrMLM","NsiI.TP113089","11","10342","1.1558e-06","3e-04","C"
"4","Trait5","mrMLM","NsiI.TP113258","11","10343","1.2811e-05","0.0028","C"
"4","Trait5","mrMLM","NsiI.TP113279","11","10344","1.2403e-05","0.0027","A"
"4","Trait5","mrMLM","NsiI.TP113305","11","10346","2.1043e-06","5e-04","A"
"4","Trait5","mrMLM","NsiI.TP113321","11","10347","-0.0574","0.5833","C"
"4","Trait5","mrMLM","NsiI.TP113478","11","10349","-0.0029","0.0837","C"
"4","Trait5","mrMLM","NsiI.TP114141","11","10352","-1.0777e-05","0.0024","C"
"4","Trait5","mrMLM","NsiI.TP114899","11","10355","-2.1473e-05","0.0047","C"
"4","Trait5","mrMLM","NsiI.TP114916","11","10356","7.2387e-06","0.0016","C"
"4","Trait5","mrMLM","NsiI.TP115007","11","10357","0.1738","0.9956","A"
"4","Trait5","mrMLM","NsiI.TP115012","11","10358","-2.5807e-07","5.6165e-05","G"
"4","Trait5","mrMLM","NsiI.TP115094","11","10359","0.1889","1.1419","C"
"4","Trait5","mrMLM","NsiI.TP115113","11","10360","0.0872","0.5585","C"
"4","Trait5","mrMLM","NsiI.TP115118","11","10361","0.0377","0.4697","A"
"4","Trait5","mrMLM","NsiI.TP115157","11","10362","-1.849e-05","0.004","C"
"4","Trait5","mrMLM","NsiI.TP115169","11","10363","2.0346e-05","0.0035","A"
"4","Trait5","mrMLM","NsiI.TP115367","11","10365","-0.0285","0.3443","C"
"4","Trait5","mrMLM","NsiI.TP115400","11","10366","2.7556e-05","0.006","A"
"4","Trait5","mrMLM","NsiI.TP115467","11","10367","3.1809e-05","0.007","A"
"4","Trait5","mrMLM","NsiI.TP115613","11","10368","-4.2074e-06","9e-04","C"
"4","Trait5","mrMLM","NsiI.TP115632","11","10369","8.5249e-07","2e-04","C"
"4","Trait5","mrMLM","NsiI.TP115786","11","10372","-1.9775e-05","0.0043","A"
"4","Trait5","mrMLM","NsiI.TP115799","11","10373","3.6518e-05","0.008","A"
"4","Trait5","mrMLM","NsiI.TP115933","11","10374","-1.3011e-05","0.0028","A"
"4","Trait5","mrMLM","NsiI.TP115947","11","10375","-2.7439e-05","0.006","A"
"4","Trait5","mrMLM","NsiI.TP115990","11","10376","-0.1225","1.7133","C"
"4","Trait5","mrMLM","NsiI.TP116532","11","10378","-0.3682","2.4063","C"
"4","Trait5","mrMLM","NsiI.TP117007","11","10380","1.0507e-05","0.0023","C"
"4","Trait5","mrMLM","NsiI.TP117122","11","10381","0.0041","0.0625","A"
"4","Trait5","mrMLM","NsiI.TP117375","11","10383","-2.4181e-05","0.0053","C"
"4","Trait5","mrMLM","NsiI.TP117605","11","10385","-0.0899","0.3846","A"
"4","Trait5","mrMLM","NsiI.TP117619","11","10386","0.0555","0.2883","A"
"4","Trait5","mrMLM","NsiI.TP117730","11","10388","9.9814e-06","0.0022","A"
"4","Trait5","mrMLM","NsiI.TP117834","11","10390","-1.2757e-05","0.0028","C"
"4","Trait5","mrMLM","NsiI.TP117954","11","10391","-1.9577e-05","0.0043","C"
"4","Trait5","mrMLM","NsiI.TP118109","11","10393","0.142","1.1477","C"
"4","Trait5","mrMLM","NsiI.TP118112","11","10394","0.001","0.0324","C"
"4","Trait5","mrMLM","NsiI.TP118336","11","10396","9.4283e-06","0.0021","A"
"4","Trait5","mrMLM","NsiI.TP118514","11","10397","-1.7048e-05","0.0037","A"
"4","Trait5","mrMLM","NsiI.TP118784","11","10399","-2.2913e-05","0.005","C"
"4","Trait5","mrMLM","NsiI.TP118956","11","10400","0.1723","0.8259","C"
"4","Trait5","mrMLM","NsiI.TP119103","11","10402","-6.2108e-06","0.0014","A"
"4","Trait5","mrMLM","NsiI.TP119109","11","10403","-2.4531e-05","0.0054","A"
"4","Trait5","mrMLM","NsiI.TP119173","11","10404","0.2679","1.4969","A"
"4","Trait5","mrMLM","NsiI.TP119333","11","10405","-7.8404e-06","0.0017","C"
"4","Trait5","mrMLM","NsiI.TP119411","11","10406","-3.1802e-05","0.007","A"
"4","Trait5","mrMLM","NsiI.TP119685","11","10407","0.0698","0.3518","A"
"4","Trait5","mrMLM","NsiI.TP119700","11","10410","-0.0172","0.239","A"
"4","Trait5","mrMLM","NsiI.TP119751","11","10411","3.3189e-06","7e-04","A"
"4","Trait5","mrMLM","NsiI.TP119766","11","10412","-1.1998e-06","3e-04","A"
"4","Trait5","mrMLM","NsiI.TP119830","11","10413","5.0596e-07","1e-04","A"
"4","Trait5","mrMLM","NsiI.TP119998","11","10414","0.0298","0.2811","A"
"4","Trait5","mrMLM","NsiI.TP120114","11","10415","0.0862","0.4592","A"
"4","Trait5","mrMLM","NsiI.TP120245","11","10416","2.0267e-05","0.0044","A"
"4","Trait5","mrMLM","NsiI.TP120255","11","10417","1.1822e-05","0.0026","A"
"4","Trait5","mrMLM","NsiI.TP120409","11","10420","0.0566","0.5994","A"
"4","Trait5","mrMLM","NsiI.TP120421","11","10422","8.111e-07","2e-04","A"
"4","Trait5","mrMLM","NsiI.TP120425","11","10423","0.0297","0.3038","A"
"4","Trait5","mrMLM","NsiI.TP120452","11","10425","0.0165","0.189","C"
"4","Trait5","mrMLM","NsiI.TP120478","11","10426","-2.7561e-07","5.9983e-05","C"
"4","Trait5","mrMLM","NsiI.TP120544","11","10427","3.0871e-05","0.0068","C"
"4","Trait5","mrMLM","NsiI.TP120590","11","10429","2.2009e-05","0.0048","C"
"4","Trait5","mrMLM","NsiI.TP120645","11","10430","-2.6677e-05","0.0058","A"
"4","Trait5","mrMLM","NsiI.TP120658","11","10432","1.3309e-05","0.0029","A"
"4","Trait5","mrMLM","NsiI.TP120671","11","10433","-0.0523","0.721","C"
"4","Trait5","mrMLM","NsiI.TP120780","11","10434","-0.0448","0.3847","C"
"4","Trait5","mrMLM","NsiI.TP120854","11","10436","-0.0263","0.2221","A"
"4","Trait5","mrMLM","NsiI.TP121016","11","10439","-9.7764e-08","2.1276e-05","C"
"4","Trait5","mrMLM","NsiI.TP121077","11","10440","1.0728e-05","0.0023","G"
"4","Trait5","mrMLM","NsiI.TP121145","11","10441","-0.0166","0.2255","A"
"4","Trait5","mrMLM","NsiI.TP121214","11","10443","-3.3355e-06","7e-04","A"
"4","Trait5","mrMLM","NsiI.TP121230","11","10444","-2.0567e-06","4e-04","C"
"4","Trait5","mrMLM","NsiI.TP121444","11","10447","1.8306e-05","0.004","A"
"4","Trait5","mrMLM","NsiI.TP121497","11","10448","1.933e-05","0.0042","A"
"4","Trait5","mrMLM","NsiI.TP121519","11","10449","-5.4897e-06","0.0012","A"
"4","Trait5","mrMLM","NsiI.TP121583","11","10450","-1.4127e-05","0.0031","A"
"4","Trait5","mrMLM","NsiI.TP121584","11","10451","1.2458e-05","0.0027","C"
"4","Trait5","mrMLM","NsiI.TP121684","11","10453","-6.7237e-06","0.0015","C"
"4","Trait5","mrMLM","NsiI.TP121729","11","10456","9.5036e-06","0.0021","C"
"4","Trait5","mrMLM","NsiI.TP121752","11","10457","2.6416e-05","0.0058","A"
"4","Trait5","mrMLM","NsiI.TP121780","11","10458","-2.0703e-05","0.0045","C"
"4","Trait5","mrMLM","NsiI.TP121955","11","10461","-1.0468e-05","0.0023","A"
"4","Trait5","mrMLM","NsiI.TP122031","11","10464","-2.3592e-06","5e-04","A"
"4","Trait5","mrMLM","NsiI.TP122639","11","10467","-1.8201e-06","4e-04","A"
"4","Trait5","mrMLM","NsiI.TP122732","11","10468","-8.1056e-06","0.0018","A"
"4","Trait5","mrMLM","NsiI.TP123021","11","10471","1.2108e-05","0.0026","A"
"4","Trait5","mrMLM","NsiI.TP123053","11","10473","-0.0687","0.3806","C"
"4","Trait5","mrMLM","NsiI.TP123090","11","10476","6.2377e-06","0.0014","A"
"4","Trait5","mrMLM","NsiI.TP123206","11","10479","9.4276e-06","0.0021","A"
"4","Trait5","mrMLM","NsiI.TP123251","11","10480","-1.0932e-05","0.0024","A"
"4","Trait5","mrMLM","NsiI.TP123281","11","10481","0.0061","0.1158","G"
"4","Trait5","mrMLM","NsiI.TP123344","11","10483","0.0556","0.5931","A"
"4","Trait5","mrMLM","NsiI.TP123450","11","10484","1.3586e-05","0.003","A"
"4","Trait5","mrMLM","NsiI.TP123811","11","10486","-0.0812","0.914","A"
"4","Trait5","mrMLM","NsiI.TP123833","11","10487","-0.4001","1.7495","C"
"4","Trait5","mrMLM","NsiI.TP123918","11","10488","-8.2018e-06","0.0018","A"
"4","Trait5","mrMLM","NsiI.TP123978","11","10489","-3.3595e-05","0.0074","A"
"4","Trait5","mrMLM","NsiI.TP124207","11","10491","-6.3371e-06","0.0014","C"
"4","Trait5","mrMLM","NsiI.TP124257","11","10493","-5.8386e-06","0.0013","A"
"4","Trait5","mrMLM","NsiI.TP124294","11","10495","-1.5375e-05","0.0034","A"
"4","Trait5","mrMLM","NsiI.TP124479","11","10496","-1.2066e-06","3e-04","A"
"4","Trait5","mrMLM","NsiI.TP124848","11","10498","-1.4609e-05","0.0032","A"
"4","Trait5","mrMLM","NsiI.TP125096","11","10499","2.5712e-05","0.0056","A"
"4","Trait5","mrMLM","NsiI.TP125154","11","10500","2.725e-05","0.006","A"
"4","Trait5","mrMLM","NsiI.TP125335","11","10502","-6.0444e-06","0.0013","C"
"4","Trait5","mrMLM","NsiI.TP125341","11","10503","-4.0124e-05","0.0088","C"
"4","Trait5","mrMLM","NsiI.TP125603","11","10508","0.0191","0.1633","A"
"4","Trait5","mrMLM","NsiI.TP125636","11","10510","-1.4998e-05","0.0033","A"
"4","Trait5","mrMLM","NsiI.TP125826","11","10513","-0.0335","0.3126","A"
"4","Trait5","mrMLM","NsiI.TP125847","11","10514","3.5884e-05","0.0079","C"
"4","Trait5","mrMLM","NsiI.TP125932","11","10518","2.3476e-05","0.0051","A"
"4","Trait5","mrMLM","NsiI.TP126027","11","10520","-0.0699","0.5699","C"
"4","Trait5","mrMLM","NsiI.TP126030","11","10521","1.2482e-05","0.0027","C"
"4","Trait5","mrMLM","NsiI.TP126435","11","10525","1.6969e-05","0.0037","A"
"4","Trait5","mrMLM","NsiI.TP126464","11","10526","0.2165","0.9498","A"
"4","Trait5","mrMLM","NsiI.TP126819","11","10527","-4.6757e-06","0.001","A"
"4","Trait5","mrMLM","NsiI.TP126878","11","10528","-1.3242e-05","0.0029","C"
"4","Trait5","mrMLM","NsiI.TP127159","11","10530","-2.0544e-05","0.0045","C"
"4","Trait5","mrMLM","NsiI.TP127365","11","10531","-1.1928e-05","0.0026","C"
"4","Trait5","mrMLM","NsiI.TP127422","11","10532","1.9586e-05","0.0043","A"
"4","Trait5","mrMLM","NsiI.TP127599","11","10534","2.1585e-05","0.0047","C"
"4","Trait5","mrMLM","NsiI.TP127774","11","10537","1.7716e-05","0.0039","A"
"4","Trait5","mrMLM","NsiI.TP128050","11","10540","-4.0374e-06","9e-04","A"
"4","Trait5","mrMLM","NsiI.TP128122","11","10542","0.0892","0.5494","A"
"4","Trait5","mrMLM","NsiI.TP128193","11","10543","9.0491e-06","0.002","A"
"4","Trait5","mrMLM","NsiI.TP128261","11","10544","-5.4416e-06","0.0012","G"
"4","Trait5","mrMLM","NsiI.TP128306","11","10545","-1.6309e-05","0.0036","C"
"4","Trait5","mrMLM","NsiI.TP128325","11","10546","-0.2901","0.9082","A"
"4","Trait5","mrMLM","NsiI.TP128463","11","10548","4.9228e-06","0.0011","C"
"4","Trait5","mrMLM","NsiI.TP128490","11","10549","0.1856","0.9972","C"
"4","Trait5","mrMLM","NsiI.TP128605","11","10550","0.1209","0.5545","A"
"4","Trait5","mrMLM","NsiI.TP128647","11","10551","9.7282e-06","0.0021","A"
"4","Trait5","mrMLM","NsiI.TP128648","11","10552","-1.9637e-06","4e-04","C"
"4","Trait5","mrMLM","NsiI.TP128705","11","10553","-1.3542e-05","0.003","A"
"4","Trait5","mrMLM","NsiI.TP128710","11","10554","-0.2069","1.1167","A"
"4","Trait5","mrMLM","NsiI.TP129054","11","10555","-0.0767","0.3532","C"
"4","Trait5","mrMLM","NsiI.TP129262","11","10556","-4.2799e-06","9e-04","A"
"4","Trait5","mrMLM","NsiI.TP129524","11","10557","-4.0428e-06","9e-04","A"
"4","Trait5","mrMLM","NsiI.TP129575","11","10558","0.022","0.34","C"
"4","Trait5","mrMLM","NsiI.TP129582","11","10560","1.0167e-05","0.0022","A"
"4","Trait5","mrMLM","NsiI.TP129600","11","10561","2.0377e-05","0.0045","A"
"4","Trait5","mrMLM","NsiI.TP129614","11","10562","-1.4783e-06","3e-04","A"
"4","Trait5","mrMLM","NsiI.TP130179","11","10565","-1.3591e-05","0.003","C"
"4","Trait5","mrMLM","NsiI.TP130514","11","10566","-0.0719","0.8797","C"
"4","Trait5","mrMLM","NsiI.TP130657","11","10567","-1.0563e-05","0.0023","C"
"4","Trait5","mrMLM","NsiI.TP130730","11","10568","1.2892e-05","0.0028","A"
"4","Trait5","mrMLM","NsiI.TP130838","11","10569","-1.7635e-05","0.0039","C"
"4","Trait5","mrMLM","NsiI.TP130984","11","10571","-2.2865e-05","0.005","A"
"4","Trait5","mrMLM","NsiI.TP131113","11","10572","-0.0042","0.0986","C"
"4","Trait5","mrMLM","NsiI.TP131175","11","10573","-2.2943e-05","0.005","A"
"4","Trait5","mrMLM","NsiI.TP131216","11","10574","-0.0305","0.2114","A"
"4","Trait5","mrMLM","NsiI.TP131224","11","10575","0.0339","0.2591","A"
"4","Trait5","mrMLM","NsiI.TP131444","11","10578","0.0225","0.1603","A"
"4","Trait5","mrMLM","NsiI.TP131517","11","10579","2e-04","0.0159","G"
"4","Trait5","mrMLM","NsiI.TP131537","11","10580","-8.6674e-06","0.0019","A"
"4","Trait5","mrMLM","NsiI.TP131963","11","10582","-0.0402","0.269","C"
"4","Trait5","mrMLM","NsiI.TP132013","11","10583","-2.3867e-06","5e-04","C"
"4","Trait5","mrMLM","NsiI.TP132029","11","10584","2.3362e-05","0.0051","A"
"4","Trait5","mrMLM","NsiI.TP132132","11","10586","-2.1507e-05","0.0047","A"
"4","Trait5","mrMLM","NsiI.TP132147","11","10587","1.0235e-05","0.0022","C"
"4","Trait5","mrMLM","NsiI.TP132168","11","10588","3.2212e-05","0.0071","A"
"4","Trait5","mrMLM","NsiI.TP132378","11","10590","1.9696e-05","0.0043","A"
"4","Trait5","mrMLM","NsiI.TP132379","11","10591","1.3175e-05","0.0029","C"
"4","Trait5","mrMLM","NsiI.TP132514","11","10593","-9.3733e-06","0.002","G"
"4","Trait5","mrMLM","NsiI.TP132548","11","10594","-4.4577e-05","0.0098","C"
"4","Trait5","mrMLM","NsiI.TP132616","11","10595","-1.2558e-05","0.0027","G"
"4","Trait5","mrMLM","NsiI.TP132945","11","10596","6.9815e-06","0.0015","A"
"4","Trait5","mrMLM","NsiI.TP133146","11","10598","1.5438e-05","0.0034","A"
"4","Trait5","mrMLM","NsiI.TP133158","11","10599","-0.0754","0.302","C"
"4","Trait5","mrMLM","NsiI.TP133160","11","10600","-9.8259e-06","0.0021","A"
"4","Trait5","mrMLM","NsiI.TP133199","11","10601","-2.9181e-05","0.0064","C"
"4","Trait5","mrMLM","NsiI.TP133229","11","10602","-3.8802e-05","0.0085","A"
"4","Trait5","mrMLM","NsiI.TP133259","11","10604","0.0041","0.0569","A"
"4","Trait5","mrMLM","NsiI.TP133387","11","10606","-2.2655e-05","0.005","C"
"4","Trait5","mrMLM","NsiI.TP133399","11","10607","-2.0221e-05","0.0044","G"
"4","Trait5","mrMLM","NsiI.TP133793","11","10610","-0.0173","0.2293","C"
"4","Trait5","mrMLM","NsiI.TP133969","11","10614","1.614e-05","0.0035","A"
"4","Trait5","mrMLM","NsiI.TP134003","11","10616","-2.6587e-06","6e-04","C"
"4","Trait5","mrMLM","NsiI.TP134156","11","10618","2.7482e-05","0.006","A"
"4","Trait5","mrMLM","NsiI.TP134168","11","10619","-2.0259e-06","4e-04","C"
"4","Trait5","mrMLM","NsiI.TP134188","11","10620","8.0462e-07","2e-04","A"
"4","Trait5","mrMLM","NsiI.TP134193","11","10621","3.2755e-06","7e-04","A"
"4","Trait5","mrMLM","NsiI.TP134279","11","10622","-2.2555e-05","0.0049","A"
"4","Trait5","mrMLM","NsiI.TP134318","11","10623","-2.1961e-05","0.0048","C"
"4","Trait5","mrMLM","NsiI.TP134345","11","10624","-8.7568e-06","0.0019","C"
"4","Trait5","mrMLM","NsiI.TP134405","11","10625","3.0387e-05","0.0067","A"
"4","Trait5","mrMLM","NsiI.TP134503","11","10626","1.2411e-05","0.0027","A"
"4","Trait5","mrMLM","NsiI.TP134591","11","10627","-9.9263e-06","0.0022","C"
"4","Trait5","mrMLM","NsiI.TP134592","11","10628","-3.8062e-07","8.2839e-05","C"
"4","Trait5","mrMLM","NsiI.TP134721","11","10629","-9.2435e-06","0.002","A"
"4","Trait5","mrMLM","NsiI.TP134845","11","10630","-3.0842e-05","0.0068","C"
"4","Trait5","mrMLM","NsiI.TP135081","11","10633","1.2749e-05","0.0028","G"
"4","Trait5","mrMLM","NsiI.TP135085","11","10634","1.0304e-05","0.0022","A"
"4","Trait5","mrMLM","NsiI.TP135090","11","10635","1.3246e-05","0.0029","C"
"4","Trait5","mrMLM","NsiI.TP135257","11","10636","6.9045e-06","0.0015","C"
"4","Trait5","mrMLM","NsiI.TP135263","11","10637","1.3435e-05","0.0029","C"
"4","Trait5","mrMLM","NsiI.TP135308","11","10638","-0.0726","0.5921","A"
"4","Trait5","mrMLM","NsiI.TP135373","11","10639","0.2169","1.4462","A"
"4","Trait5","mrMLM","NsiI.TP135600","11","10641","1.0367e-05","0.0023","C"
"4","Trait5","mrMLM","NsiI.TP135783","11","10642","-0.0242","0.2874","C"
"4","Trait5","mrMLM","NsiI.TP135919","11","10644","-0.5011","1.7959","A"
"4","Trait5","mrMLM","NsiI.TP135973","11","10646","-1.5582e-05","0.0034","A"
"4","Trait5","mrMLM","NsiI.TP136036","11","10647","-0.0033","0.1023","A"
"4","Trait5","mrMLM","NsiI.TP136037","11","10648","1.8696e-05","0.0041","C"
"4","Trait5","mrMLM","NsiI.TP136058","11","10649","-1.5872e-05","0.0035","C"
"4","Trait5","mrMLM","NsiI.TP136099","11","10650","-2.5822e-05","0.0057","C"
"4","Trait5","mrMLM","NsiI.TP136172","11","10652","6.3527e-06","0.0014","A"
"4","Trait5","mrMLM","NsiI.TP136328","11","10653","0.126","1.6241","C"
"4","Trait5","mrMLM","NsiI.TP136344","11","10654","1.9662e-05","0.0043","C"
"4","Trait5","mrMLM","NsiI.TP136435","11","10655","1.5857e-05","0.0035","A"
"4","Trait5","mrMLM","NsiI.TP136467","11","10656","0.1894","0.8693","A"
"4","Trait5","mrMLM","NsiI.TP136540","11","10657","0.0229","0.1584","C"
"4","Trait5","mrMLM","NsiI.TP137271","11","10660","2.6424e-06","6e-04","C"
"4","Trait5","mrMLM","NsiI.TP137320","11","10662","0.0606","0.6381","A"
"4","Trait5","mrMLM","NsiI.TP137778","11","10663","1.2121e-05","0.0026","A"
"4","Trait5","mrMLM","NsiI.TP137864","11","10665","1.5747e-05","0.0034","C"
"4","Trait5","mrMLM","NsiI.TP137988","11","10666","-1.3965e-07","3.0395e-05","C"
"4","Trait5","mrMLM","NsiI.TP138154","11","10667","0.0676","0.3836","C"
"4","Trait5","mrMLM","NsiI.TP138185","11","10668","2.0589e-05","0.0045","C"
"4","Trait5","mrMLM","NsiI.TP138255","11","10669","-6.9984e-06","0.0015","A"
"4","Trait5","mrMLM","NsiI.TP138363","11","10670","1.6141e-05","0.0035","C"
"4","Trait5","mrMLM","NsiI.TP138389","11","10671","-1.4983e-05","0.0033","A"
"4","Trait5","mrMLM","NsiI.TP138508","11","10672","-0.0175","0.1915","C"
"4","Trait5","mrMLM","NsiI.TP138581","11","10673","-1.3294e-05","0.0029","A"
"4","Trait5","mrMLM","NsiI.TP138645","11","10674","0.2607","2.1856","C"
"4","Trait5","mrMLM","NsiI.TP138768","11","10675","4.1663e-05","0.0092","C"
"4","Trait5","mrMLM","NsiI.TP138776","11","10676","-0.294","0.8737","C"
"4","Trait5","mrMLM","NsiI.TP138777","11","10677","1.8104e-05","0.004","G"
"4","Trait5","mrMLM","NsiI.TP139005","11","10680","2.6735e-05","0.0059","A"
"4","Trait5","mrMLM","NsiI.TP139101","11","10681","-6.4676e-06","0.0014","G"
"4","Trait5","mrMLM","NsiI.TP139229","11","10683","1.5619e-05","0.0034","A"
"4","Trait5","mrMLM","NsiI.TP139249","11","10684","2.2898e-05","0.005","A"
"4","Trait5","mrMLM","NsiI.TP139286","11","10685","-5.4119e-09","1.1779e-06","C"
"4","Trait5","mrMLM","NsiI.TP139676","11","10686","-1.6562e-05","0.0036","C"
"4","Trait5","mrMLM","NsiI.TP139890","11","10689","-5.5925e-06","0.0012","A"
"4","Trait5","mrMLM","NsiI.TP140044","11","10690","0.0732","0.7154","A"
"4","Trait5","mrMLM","NsiI.TP140094","11","10691","-1.8499e-05","0.004","C"
"4","Trait5","mrMLM","NsiI.TP140129","11","10692","9.8726e-07","2e-04","C"
"4","Trait5","mrMLM","NsiI.TP140140","11","10693","2.6109e-05","0.0057","G"
"4","Trait5","mrMLM","NsiI.TP140643","11","10694","3.2056e-05","0.007","A"
"4","Trait5","mrMLM","NsiI.TP141159","11","10697","2.2977e-06","5e-04","C"
"4","Trait5","mrMLM","NsiI.TP143717","11","10700","0.0323","0.2866","A"
"4","Trait5","mrMLM","NsiI.TP143875","11","10701","2.1713e-06","5e-04","C"
"4","Trait5","mrMLM","NsiI.TP144045","11","10703","-1.2949e-05","0.0028","C"
"4","Trait5","mrMLM","NsiI.TP144117","11","10704","0.0335","0.2748","C"
"4","Trait5","mrMLM","NsiI.TP144406","11","10705","-0.1576","0.7714","G"
"4","Trait5","mrMLM","NsiI.TP144685","11","10707","0.0163","0.2671","C"
"4","Trait5","mrMLM","NsiI.TP144735","11","10709","0.0192","0.2195","A"
"4","Trait5","mrMLM","NsiI.TP145081","11","10712","7.0785e-06","0.0015","A"
"4","Trait5","mrMLM","NsiI.TP145116","11","10713","-4.9203e-06","0.0011","A"
"4","Trait5","mrMLM","NsiI.TP145213","11","10715","0.2386","1.9789","A"
"4","Trait5","mrMLM","NsiI.TP145530","11","10716","-9.3236e-06","0.002","C"
"4","Trait5","mrMLM","NsiI.TP145567","11","10717","-6.7444e-06","0.0015","A"
"4","Trait5","mrMLM","NsiI.TP145631","11","10718","-0.032","0.2934","A"
"4","Trait5","mrMLM","NsiI.TP145656","11","10720","-3.6409e-06","8e-04","A"
"4","Trait5","mrMLM","NsiI.TP145732","11","10722","-0.0425","0.2562","A"
"4","Trait5","mrMLM","NsiI.TP145794","11","10723","2.3287e-05","0.0051","A"
"4","Trait5","mrMLM","NsiI.TP145816","11","10724","-5.8325e-06","0.0013","C"
"4","Trait5","mrMLM","NsiI.TP145852","11","10725","-6.2529e-08","1.3607e-05","A"
"4","Trait5","mrMLM","NsiI.TP145879","11","10726","-4.1071e-07","8.9414e-05","G"
"4","Trait5","mrMLM","NsiI.TP146483","11","10731","1.4292e-05","0.0031","C"
"4","Trait5","mrMLM","NsiI.TP146493","11","10732","0.2323","0.9404","A"
"4","Trait5","mrMLM","NsiI.TP146531","11","10734","0.0388","0.3849","C"
"4","Trait5","mrMLM","NsiI.TP146660","11","10735","-2.2667e-05","0.005","C"
"4","Trait5","mrMLM","NsiI.TP146839","11","10736","-0.0448","0.3858","A"
"4","Trait5","mrMLM","NsiI.TP147485","11","10737","0.3165","1.7281","C"
"4","Trait5","mrMLM","NsiI.TP147534","11","10738","-7.7557e-06","0.0017","A"
"4","Trait5","mrMLM","NsiI.TP147565","11","10740","-2.2018e-05","0.0048","C"
"4","Trait5","mrMLM","NsiI.TP147703","11","10744","-0.0462","0.5735","A"
"4","Trait5","mrMLM","NsiI.TP147828","11","10745","-5.4456e-06","0.0012","C"
"4","Trait5","mrMLM","NsiI.TP147879","11","10747","0.198","1.2098","C"
"4","Trait5","mrMLM","NsiI.TP148137","11","10749","-2.0338e-06","4e-04","A"
"4","Trait5","mrMLM","NsiI.TP148156","11","10750","-0.0729","0.5672","C"
"4","Trait5","mrMLM","NsiI.TP148161","11","10751","0.1939","0.7384","A"
"4","Trait5","mrMLM","NsiI.TP148226","11","10752","-0.0502","0.4139","A"
"4","Trait5","mrMLM","NsiI.TP148428","11","10753","0.0751","0.3456","C"
"4","Trait5","mrMLM","NsiI.TP148490","11","10754","-1.3097e-05","0.0029","C"
"4","Trait5","mrMLM","NsiI.TP148551","11","10755","1.603e-05","0.0035","C"
"4","Trait5","mrMLM","NsiI.TP148726","11","10758","-3.7359e-06","8e-04","A"
"4","Trait5","mrMLM","NsiI.TP148756","11","10760","0.033","0.3578","C"
"4","Trait5","mrMLM","NsiI.TP148795","11","10761","-9.1103e-06","0.002","A"
"4","Trait5","mrMLM","NsiI.TP148952","11","10763","0.0935","0.379","G"
"4","Trait5","mrMLM","NsiI.TP149037","11","10764","-1.4013e-05","0.0031","C"
"4","Trait5","mrMLM","NsiI.TP149067","11","10765","-0.0882","0.6316","A"
"4","Trait5","mrMLM","NsiI.TP149102","11","10766","4.0287e-06","9e-04","G"
"4","Trait5","mrMLM","NsiI.TP149182","11","10769","1.7019e-05","0.0037","G"
"4","Trait5","mrMLM","NsiI.TP149318","11","10770","8.3074e-06","0.0018","A"
"4","Trait5","mrMLM","NsiI.TP149343","11","10772","-1.4333e-06","3e-04","G"
"4","Trait5","mrMLM","NsiI.TP149468","11","10773","0.0675","0.492","C"
"4","Trait5","mrMLM","NsiI.TP149484","11","10774","-1.0021e-05","0.0022","A"
"4","Trait5","mrMLM","NsiI.TP149521","11","10775","3.3441e-05","0.0073","A"
"4","Trait5","mrMLM","NsiI.TP149550","11","10776","-4.5216e-08","9.8407e-06","C"
"4","Trait5","mrMLM","NsiI.TP149654","11","10777","1.9029e-05","0.0042","C"
"4","Trait5","mrMLM","NsiI.TP149672","11","10778","-4.6436e-05","0.0102","A"
"4","Trait5","mrMLM","NsiI.TP149676","11","10779","0.0306","0.2464","C"
"4","Trait5","mrMLM","NsiI.TP149677","11","10780","-1.1702e-05","0.0026","C"
"4","Trait5","mrMLM","NsiI.TP149692","11","10781","6.5158e-06","0.0014","G"
"4","Trait5","mrMLM","NsiI.TP149732","11","10782","0.0737","0.5031","A"
"4","Trait5","mrMLM","NsiI.TP150024","11","10783","-0.0712","0.8565","A"
"4","Trait5","mrMLM","NsiI.TP150032","11","10784","-1.681e-05","0.0037","C"
"4","Trait5","mrMLM","NsiI.TP150073","11","10785","9.7915e-06","0.0021","C"
"4","Trait5","mrMLM","NsiI.TP150103","11","10786","1.0965e-05","0.0024","A"
"4","Trait5","mrMLM","NsiI.TP150121","11","10787","-0.0296","0.3355","C"
"4","Trait5","mrMLM","NsiI.TP150122","11","10788","1.0457e-05","0.0023","A"
"4","Trait5","mrMLM","NsiI.TP150169","11","10790","1.3832e-06","3e-04","A"
"4","Trait5","mrMLM","NsiI.TP150179","11","10791","-5.6106e-06","0.0012","C"
"4","Trait5","mrMLM","NsiI.TP150324","11","10793","-0.0849","0.8784","C"
"4","Trait5","mrMLM","NsiI.TP150338","11","10794","3.9223e-06","9e-04","A"
"4","Trait5","mrMLM","NsiI.TP150390","11","10795","0.003","0.064","C"
"4","Trait5","mrMLM","NsiI.TP150407","11","10796","0.0247","0.2263","A"
"4","Trait5","mrMLM","NsiI.TP151119","11","10801","-0.072","0.6604","C"
"4","Trait5","mrMLM","NsiI.TP151265","11","10803","-0.201","1.2472","A"
"4","Trait5","mrMLM","NsiI.TP151437","11","10804","-9.1626e-06","0.002","C"
"4","Trait5","mrMLM","NsiI.TP151574","11","10805","-0.035","0.3968","A"
"4","Trait5","mrMLM","NsiI.TP151575","11","10806","1.6308e-05","0.0036","A"
"4","Trait5","mrMLM","NsiI.TP151604","11","10807","-1.5721e-05","0.0034","A"
"4","Trait5","mrMLM","NsiI.TP151943","11","10810","-8.1568e-06","0.0018","A"
"4","Trait5","mrMLM","NsiI.TP152033","11","10811","-5.3521e-06","0.0012","C"
"4","Trait5","mrMLM","NsiI.TP152187","11","10812","-3.8814e-05","0.0085","A"
"4","Trait5","mrMLM","NsiI.TP152226","11","10813","3.2464e-06","7e-04","C"
"4","Trait5","mrMLM","NsiI.TP152255","11","10814","1.683e-05","0.0037","C"
"4","Trait5","mrMLM","NsiI.TP152314","11","10815","-8.912e-06","0.0019","A"
"4","Trait5","mrMLM","NsiI.TP152573","11","10818","-1.3363e-05","0.0029","A"
"4","Trait5","mrMLM","NsiI.TP152788","11","10820","2.854e-05","0.0063","C"
"4","Trait5","mrMLM","NsiI.TP152918","11","10821","0.0225","0.2343","C"
"4","Trait5","mrMLM","NsiI.TP152998","11","10822","1.3371e-06","3e-04","G"
"4","Trait5","mrMLM","NsiI.TP153077","11","10824","-1.8358e-06","4e-04","C"
"4","Trait5","mrMLM","NsiI.TP153082","11","10825","-5.1449e-06","0.0011","C"
"4","Trait5","mrMLM","NsiI.TP153175","11","10826","-5.0754e-06","0.0011","A"
"4","Trait5","mrMLM","NsiI.TP153238","11","10827","-1.7886e-06","4e-04","A"
"4","Trait5","mrMLM","NsiI.TP153396","11","10828","-2.6325e-05","0.0058","A"
"4","Trait5","mrMLM","NsiI.TP153404","11","10829","6.6294e-06","0.0014","A"
"4","Trait5","mrMLM","NsiI.TP153572","11","10830","0.1666","0.8277","A"
"4","Trait5","mrMLM","NsiI.TP153704","11","10831","3.2995e-06","7e-04","A"
"4","Trait5","mrMLM","NsiI.TP153709","11","10832","-3.7187e-06","8e-04","A"
"4","Trait5","mrMLM","NsiI.TP153895","11","10835","1.3749e-05","0.003","C"
"4","Trait5","mrMLM","NsiI.TP153985","11","10836","0.0019","0.0503","C"
"4","Trait5","mrMLM","NsiI.TP154366","11","10840","-3.0451e-05","0.0067","A"
"4","Trait5","mrMLM","NsiI.TP154562","11","10842","-1.5559e-05","0.0034","C"
"4","Trait5","mrMLM","NsiI.TP155185","11","10843","3.8769e-06","8e-04","A"
"4","Trait5","mrMLM","NsiI.TP155271","11","10844","-6.3312e-09","1.3777e-06","C"
"4","Trait5","mrMLM","NsiI.TP155993","11","10845","-7.2905e-07","2e-04","C"
"4","Trait5","mrMLM","NsiI.TP156130","11","10846","8.2091e-06","0.0018","A"
"4","Trait5","mrMLM","NsiI.TP156173","11","10847","7.7693e-06","0.0017","C"
"4","Trait5","mrMLM","NsiI.TP156244","11","10848","-3.1473e-05","0.0069","G"
"4","Trait5","mrMLM","NsiI.TP156251","11","10849","-0.0527","0.3546","C"
"4","Trait5","mrMLM","NsiI.TP156298","11","10850","0.0824","0.9558","G"
"4","Trait5","mrMLM","NsiI.TP156411","11","10851","0.0613","0.3672","A"
"4","Trait5","mrMLM","NsiI.TP156483","11","10853","-0.2104","1.9744","C"
"4","Trait5","mrMLM","NsiI.TP156555","11","10854","3.6518e-05","0.008","A"
"4","Trait5","mrMLM","NsiI.TP156662","11","10856","0.0333","0.3801","A"
"4","Trait5","mrMLM","NsiI.TP157116","11","10857","-2.3043e-06","5e-04","A"
"4","Trait5","mrMLM","NsiI.TP157196","11","10858","0.0944","0.5973","C"
"4","Trait5","mrMLM","NsiI.TP157301","11","10860","-8.3352e-06","0.0018","A"
"4","Trait5","mrMLM","NsiI.TP157367","11","10861","-2.1905e-05","0.0048","A"
"4","Trait5","mrMLM","NsiI.TP157533","11","10862","-1.3125e-06","3e-04","C"
"4","Trait5","mrMLM","NsiI.TP157613","11","10863","0.0935","0.4809","A"
"4","Trait5","mrMLM","NsiI.TP157826","11","10864","-0.2226","1.1519","C"
"4","Trait5","mrMLM","NsiI.TP158115","11","10869","4.5629e-06","0.001","G"
"4","Trait5","mrMLM","NsiI.TP158159","11","10870","-2.8437e-05","0.0062","C"
"4","Trait5","mrMLM","NsiI.TP158212","11","10871","7.1319e-06","0.0016","A"
"4","Trait5","mrMLM","NsiI.TP158499","11","10872","-0.0382","0.3023","G"
"4","Trait5","mrMLM","NsiI.TP158596","11","10873","-2.3119e-06","5e-04","G"
"4","Trait5","mrMLM","NsiI.TP158743","11","10874","-5.9512e-06","0.0013","G"
"4","Trait5","mrMLM","NsiI.TP158764","11","10876","1.6954e-05","0.0037","A"
"4","Trait5","mrMLM","NsiI.TP158809","11","10877","0.098","0.6048","C"
"4","Trait5","mrMLM","NsiI.TP159052","11","10880","-2.1193e-05","0.0046","A"
"4","Trait5","mrMLM","NsiI.TP159110","11","10881","-2.953e-05","0.0065","C"
"4","Trait5","mrMLM","NsiI.TP159420","11","10884","-0.1459","0.6988","C"
"4","Trait5","mrMLM","NsiI.TP159531","11","10886","-1.8675e-05","0.0041","A"
"4","Trait5","mrMLM","NsiI.TP159561","11","10887","2.2331e-05","0.0049","G"
"4","Trait5","mrMLM","NsiI.TP159605","11","10889","-8.2706e-06","0.0018","C"
"4","Trait5","mrMLM","NsiI.TP159626","11","10890","-1.7001e-06","4e-04","A"
"4","Trait5","mrMLM","NsiI.TP159883","11","10892","-1.1621e-05","0.0025","A"
"4","Trait5","mrMLM","NsiI.TP159904","11","10893","-0.0044","0.1183","C"
"4","Trait5","mrMLM","NsiI.TP159938","11","10894","3.0203e-06","7e-04","A"
"4","Trait5","mrMLM","NsiI.TP160279","11","10896","0.0225","0.2969","C"
"4","Trait5","mrMLM","NsiI.TP160611","11","10897","-0.0061","0.1246","A"
"4","Trait5","mrMLM","NsiI.TP160682","11","10899","-0.0674","0.8385","C"
"4","Trait5","mrMLM","NsiI.TP160781","11","10900","2.5828e-05","0.0057","A"
"4","Trait5","mrMLM","NsiI.TP160791","11","10901","-0.1252","1.5559","C"
"4","Trait5","mrMLM","NsiI.TP160900","11","10903","6.8113e-06","0.0015","G"
"4","Trait5","mrMLM","NsiI.TP161290","11","10905","-0.3376","1.0969","C"
"4","Trait5","mrMLM","NsiI.TP161310","11","10906","0.0482","0.492","C"
"4","Trait5","mrMLM","NsiI.TP161388","11","10908","-0.0624","0.4166","A"
"4","Trait5","mrMLM","NsiI.TP161399","11","10910","-0.0043","0.0944","A"
"4","Trait5","mrMLM","NsiI.TP161400","11","10911","0.206","2.8472","A"
"4","Trait5","mrMLM","NsiI.TP161676","11","10913","-2e-06","4e-04","A"
"4","Trait5","mrMLM","NsiI.TP161686","11","10914","3.8146e-06","8e-04","A"
"4","Trait5","mrMLM","NsiI.TP161767","11","10915","2.7077e-05","0.0059","C"
"4","Trait5","mrMLM","NsiI.TP161773","11","10916","4.9077e-06","0.0011","C"
"4","Trait5","mrMLM","NsiI.TP161805","11","10917","-0.1842","1.1","A"
"4","Trait5","mrMLM","NsiI.TP162745","11","10922","0.0299","0.3298","C"
"4","Trait5","mrMLM","NsiI.TP162765","11","10923","1.0527e-05","0.0023","G"
"4","Trait5","mrMLM","NsiI.TP162770","11","10924","4.1798e-06","9e-04","C"
"4","Trait5","mrMLM","NsiI.TP162797","11","10925","-1.0716e-05","0.0023","G"
"4","Trait5","mrMLM","NsiI.TP163069","11","10927","0.2725","1.0201","C"
"4","Trait5","mrMLM","NsiI.TP163070","11","10928","2.2288e-05","0.0049","A"
"4","Trait5","mrMLM","NsiI.TP163443","11","10930","1.8391e-05","0.004","A"
"4","Trait5","mrMLM","NsiI.TP163541","11","10931","-1.2007e-05","0.0026","A"
"4","Trait5","mrMLM","NsiI.TP163814","11","10934","-0.0184","0.2689","A"
"4","Trait5","mrMLM","NsiI.TP163860","11","10935","-0.0711","0.4316","G"
"4","Trait5","mrMLM","NsiI.TP164292","11","10938","0.0824","0.7939","C"
"4","Trait5","mrMLM","NsiI.TP164551","11","10941","1.2357e-05","0.0027","C"
"4","Trait5","mrMLM","NsiI.TP164582","11","10942","1.7038e-05","0.0037","A"
"4","Trait5","mrMLM","NsiI.TP164720","11","10943","-0.0809","0.4491","A"
"4","Trait5","mrMLM","NsiI.TP164721","11","10944","0.0302","0.334","C"
"4","Trait5","mrMLM","NsiI.TP164937","11","10950","-3.6821e-05","0.0081","A"
"4","Trait5","mrMLM","NsiI.TP165119","11","10952","2.0865e-06","5e-04","A"
"4","Trait5","mrMLM","NsiI.TP165373","11","10954","-1.179e-05","0.0026","A"
"4","Trait5","mrMLM","NsiI.TP165379","11","10955","-1.1353e-05","0.0025","C"
"4","Trait5","mrMLM","NsiI.TP165468","11","10957","-6.2047e-06","0.0014","C"
"4","Trait5","mrMLM","NsiI.TP165765","11","10960","-0.0268","0.2154","G"
"4","Trait5","mrMLM","NsiI.TP165909","11","10962","-4.5659e-06","0.001","C"
"4","Trait5","mrMLM","NsiI.TP165981","11","10964","8.1849e-07","2e-04","A"
"4","Trait5","mrMLM","NsiI.TP166019","11","10965","1.36e-05","0.003","A"
"4","Trait5","mrMLM","NsiI.TP166334","11","10966","1.4687e-05","0.0032","A"
"4","Trait5","mrMLM","NsiI.TP166435","11","10968","-3.5808e-05","0.0079","C"
"4","Trait5","mrMLM","NsiI.TP166467","11","10969","6.3924e-06","0.0014","G"
"4","Trait5","mrMLM","NsiI.TP166590","11","10970","-1.4486e-05","0.0032","C"
"4","Trait5","mrMLM","NsiI.TP166639","11","10971","2.8117e-05","0.0062","C"
"4","Trait5","mrMLM","NsiI.TP166664","11","10973","0.01","0.1673","A"
"4","Trait5","mrMLM","NsiI.TP166703","11","10976","1.7821e-05","0.0039","A"
"4","Trait5","mrMLM","NsiI.TP166752","11","10977","-0.0184","0.244","C"
"4","Trait5","mrMLM","NsiI.TP166753","11","10978","-0.0132","0.1845","A"
"4","Trait5","mrMLM","NsiI.TP166961","11","10979","0.0315","0.2225","A"
"4","Trait5","mrMLM","NsiI.TP167028","11","10980","1.0149e-05","0.0022","A"
"4","Trait5","mrMLM","NsiI.TP167107","11","10982","-1.9246e-05","0.0042","C"
"4","Trait5","mrMLM","NsiI.TP167218","11","10984","3.8364e-06","8e-04","A"
"4","Trait5","mrMLM","NsiI.TP167319","11","10986","-0.0163","0.2457","C"
"4","Trait5","mrMLM","NsiI.TP167320","11","10987","0.0497","0.3196","G"
"4","Trait5","mrMLM","NsiI.TP167454","11","10989","0.0823","0.4243","A"
"4","Trait5","mrMLM","NsiI.TP167553","11","10991","-6.4493e-06","0.0014","A"
"4","Trait5","mrMLM","NsiI.TP167598","11","10992","1.6962e-06","4e-04","C"
"4","Trait5","mrMLM","NsiI.TP167708","11","10993","-2.1812e-05","0.0048","C"
"4","Trait5","mrMLM","NsiI.TP167983","11","10995","-0.0254","0.2239","A"
"4","Trait5","mrMLM","NsiI.TP168028","11","10996","1.2195e-05","0.0027","A"
"4","Trait5","mrMLM","NsiI.TP168175","11","10997","1.0086e-05","0.0022","C"
"4","Trait5","mrMLM","NsiI.TP168235","11","10998","-0.1882","1.2135","C"
"4","Trait5","mrMLM","NsiI.TP168402","11","10999","0.0403","0.4717","C"
"4","Trait5","mrMLM","NsiI.TP168638","11","11003","-0.1521","0.8666","C"
"4","Trait5","mrMLM","NsiI.TP168812","11","11004","0.0034","0.097","C"
"4","Trait5","mrMLM","NsiI.TP168887","11","11005","-0.1208","0.6143","G"
"4","Trait5","mrMLM","NsiI.TP169313","11","11006","0.0539","0.7057","A"
"4","Trait5","mrMLM","NsiI.TP169340","11","11007","-0.2112","1.2516","C"
"4","Trait5","mrMLM","NsiI.TP169341","11","11008","-1.3531e-05","0.003","G"
"4","Trait5","mrMLM","NsiI.TP169357","11","11009","1.5958e-05","0.0035","A"
"4","Trait5","mrMLM","NsiI.TP169621","11","11011","-0.1001","0.9205","C"
"4","Trait5","mrMLM","NsiI.TP169669","11","11012","7.6404e-06","0.0017","A"
"4","Trait5","mrMLM","NsiI.TP169738","11","11013","1.386e-05","0.003","C"
"4","Trait5","mrMLM","NsiI.TP169769","11","11014","0.0322","0.3761","A"
"4","Trait5","mrMLM","NsiI.TP169827","11","11015","-2.6822e-05","0.0059","G"
"4","Trait5","mrMLM","NsiI.TP170000","11","11016","2.0525e-06","4e-04","A"
"4","Trait5","mrMLM","NsiI.TP170068","11","11018","-4.9116e-06","0.0011","A"
"4","Trait5","mrMLM","NsiI.TP170132","11","11019","-0.0801","0.4673","A"
"4","Trait5","mrMLM","NsiI.TP170263","11","11020","1.1667e-05","0.0025","A"
"4","Trait5","mrMLM","NsiI.TP170314","11","11022","0.0409","0.4815","A"
"4","Trait5","mrMLM","NsiI.TP171118","11","11024","-1.8992e-05","0.0042","C"
"4","Trait5","mrMLM","NsiI.TP171234","11","11025","2.4108e-05","0.0053","C"
"4","Trait5","mrMLM","NsiI.TP171256","11","11026","0.0903","0.6027","A"
"4","Trait5","mrMLM","NsiI.TP171480","11","11029","0.0668","0.4273","C"
"4","Trait5","mrMLM","NsiI.TP171498","11","11030","-1.317e-06","3e-04","A"
"4","Trait5","mrMLM","NsiI.TP171539","11","11031","6.1112e-06","0.0013","G"
"4","Trait5","mrMLM","NsiI.TP171607","11","11032","-0.0485","0.2629","C"
"4","Trait5","mrMLM","NsiI.TP171627","11","11033","8.481e-06","0.0018","A"
"4","Trait5","mrMLM","NsiI.TP171775","11","11034","0.1697","0.8891","A"
"4","Trait5","mrMLM","NsiI.TP171776","11","11035","0.0493","0.5626","A"
"4","Trait5","mrMLM","NsiI.TP171936","11","11036","0.0465","0.5412","C"
"4","Trait5","mrMLM","NsiI.TP172219","11","11037","-1.0277e-06","2e-04","A"
"4","Trait5","mrMLM","NsiI.TP172239","11","11038","-0.1071","0.6727","A"
"4","Trait5","mrMLM","NsiI.TP172351","11","11039","-1.0719e-05","0.0023","A"
"4","Trait5","mrMLM","NsiI.TP172371","11","11040","-1.3428e-05","0.0029","C"
"4","Trait5","mrMLM","NsiI.TP172395","11","11041","-1.7533e-05","0.0038","C"
"4","Trait5","mrMLM","NsiI.TP172508","11","11042","1.9377e-05","0.0042","A"
"4","Trait5","mrMLM","NsiI.TP172532","11","11043","3.4524e-05","0.0076","C"
"4","Trait5","mrMLM","NsiI.TP173014","11","11045","-0.1337","0.8398","A"
"4","Trait5","mrMLM","NsiI.TP173290","11","11048","1.4339e-05","0.0031","A"
"4","Trait5","mrMLM","NsiI.TP173317","11","11049","0.0484","0.5809","A"
"4","Trait5","mrMLM","NsiI.TP173371","11","11051","0.072","0.5472","A"
"4","Trait5","mrMLM","NsiI.TP173445","11","11052","2.1847e-06","5e-04","A"
"4","Trait5","mrMLM","NsiI.TP173738","11","11054","2.1597e-05","0.0047","C"
"4","Trait5","mrMLM","NsiI.TP174329","11","11057","-2.7612e-06","6e-04","C"
"4","Trait5","mrMLM","NsiI.TP174599","11","11059","4.2315e-06","9e-04","A"
"4","Trait5","mrMLM","NsiI.TP174753","11","11060","-0.0546","0.6356","G"
"4","Trait5","mrMLM","NsiI.TP174826","11","11062","2.1455e-05","0.0047","A"
"4","Trait5","mrMLM","NsiI.TP174898","11","11063","4.1982e-05","0.0092","C"
"4","Trait5","mrMLM","NsiI.TP174963","11","11064","-1.1347e-05","0.0025","C"
"4","Trait5","mrMLM","NsiI.TP174974","11","11065","0.0576","0.4695","A"
"4","Trait5","mrMLM","NsiI.TP175031","11","11067","1.0756e-05","0.0023","C"
"4","Trait5","mrMLM","NsiI.TP175068","11","11069","-4.2969e-06","9e-04","A"
"4","Trait5","mrMLM","NsiI.TP175132","11","11071","1.0208e-06","2e-04","A"
"4","Trait5","mrMLM","NsiI.TP175232","11","11073","3.6964e-06","8e-04","A"
"4","Trait5","mrMLM","NsiI.TP175381","11","11074","-5.6911e-06","0.0012","G"
"4","Trait5","mrMLM","NsiI.TP175409","11","11076","-2.6919e-05","0.0059","A"
"4","Trait5","mrMLM","NsiI.TP175435","11","11077","-0.0835","0.4935","C"
"4","Trait5","mrMLM","NsiI.TP175439","11","11078","-0.1959","1.0276","A"
"4","Trait5","mrMLM","NsiI.TP175473","11","11079","-0.1343","0.8266","C"
"4","Trait5","mrMLM","NsiI.TP175505","11","11080","-1.5981e-05","0.0035","A"
"4","Trait5","mrMLM","NsiI.TP175771","11","11084","1.7333e-05","0.0038","G"
"4","Trait5","mrMLM","NsiI.TP175785","11","11085","2.6099e-05","0.0057","G"
"4","Trait5","mrMLM","NsiI.TP175972","11","11087","-1.5133e-05","0.0033","G"
"4","Trait5","mrMLM","NsiI.TP176087","11","11088","2.4408e-05","0.0053","A"
"4","Trait5","mrMLM","NsiI.TP176304","11","11090","0.1264","0.7327","C"
"4","Trait5","mrMLM","NsiI.TP176373","11","11091","-0.0141","0.1827","A"
"4","Trait5","mrMLM","NsiI.TP176376","11","11092","1.533e-05","0.0033","C"
"4","Trait5","mrMLM","NsiI.TP176487","11","11094","-3.7916e-06","8e-04","A"
"4","Trait5","mrMLM","NsiI.TP176525","11","11095","3.8044e-06","8e-04","C"
"4","Trait5","mrMLM","NsiI.TP176828","11","11097","1.7303e-05","0.0038","A"
"4","Trait5","mrMLM","NsiI.TP176849","11","11098","-1.3677e-05","0.003","G"
"4","Trait5","mrMLM","NsiI.TP176915","11","11099","-0.0544","0.5522","G"
"4","Trait5","mrMLM","NsiI.TP176938","11","11100","-1.3648e-05","0.003","G"
"4","Trait5","mrMLM","NsiI.TP176959","11","11101","1.6417e-06","4e-04","C"
"4","Trait5","mrMLM","NsiI.TP177325","11","11102","5.0755e-06","0.0011","A"
"4","Trait5","mrMLM","NsiI.TP177363","11","11104","-1.8482e-05","0.004","C"
"4","Trait5","mrMLM","NsiI.TP177393","11","11105","-2.997e-05","0.0066","A"
"4","Trait5","mrMLM","NsiI.TP177454","11","11106","0.0306","0.2811","A"
"4","Trait5","mrMLM","NsiI.TP177541","11","11107","-0.0454","0.3165","C"
"4","Trait5","mrMLM","NsiI.TP177597","11","11109","-1.2245e-05","0.0027","C"
"4","Trait5","mrMLM","NsiI.TP177699","11","11111","6.3326e-07","1e-04","C"
"4","Trait5","mrMLM","NsiI.TP177732","11","11112","-2.6966e-05","0.0059","A"
"4","Trait5","mrMLM","NsiI.TP177773","11","11113","-0.0655","0.3073","A"
"4","Trait5","mrMLM","NsiI.TP178504","11","11115","0.0053","0.0935","A"
"4","Trait5","mrMLM","NsiI.TP178509","11","11116","0.1099","0.8011","C"
"4","Trait5","mrMLM","NsiI.TP178533","11","11117","-3.1246e-05","0.0069","A"
"4","Trait5","mrMLM","NsiI.TP179002","11","11118","0.1081","0.722","A"
"4","Trait5","mrMLM","NsiI.TP179201","11","11122","-2.8175e-05","0.0062","C"
"4","Trait5","mrMLM","NsiI.TP179292","11","11125","-1.6909e-07","3.68e-05","C"
"4","Trait5","mrMLM","NsiI.TP179298","11","11126","2.0796e-06","5e-04","C"
"4","Trait5","mrMLM","NsiI.TP179331","11","11127","1.7659e-05","0.0039","A"
"4","Trait5","mrMLM","NsiI.TP179498","11","11129","-3.2409e-05","0.0071","A"
"4","Trait5","mrMLM","NsiI.TP179961","11","11131","-0.1385","0.8113","A"
"4","Trait5","mrMLM","NsiI.TP180006","11","11132","-0.038","0.4283","G"
"4","Trait5","mrMLM","NsiI.TP180026","11","11133","-0.0254","0.3115","A"
"4","Trait5","mrMLM","NsiI.TP180046","11","11134","-9.7279e-06","0.0021","A"
"4","Trait5","mrMLM","NsiI.TP180294","11","11137","4.0775e-07","8.8747e-05","A"
"4","Trait5","mrMLM","NsiI.TP180314","11","11138","3.7765e-05","0.0083","A"
"4","Trait5","mrMLM","NsiI.TP180453","11","11139","-9.8862e-06","0.0022","A"
"4","Trait5","mrMLM","NsiI.TP180510","11","11140","4.083e-06","9e-04","C"
"4","Trait5","mrMLM","NsiI.TP180601","11","11141","-2.4479e-05","0.0054","A"
"4","Trait5","mrMLM","NsiI.TP180735","11","11144","1.0427e-05","0.0023","A"
"4","Trait5","mrMLM","NsiI.TP180742","11","11145","0.128","1.3778","A"
"4","Trait5","mrMLM","NsiI.TP180786","11","11146","-0.2061","0.8179","C"
"4","Trait5","mrMLM","NsiI.TP180874","11","11147","0.1475","1.1529","C"
"4","Trait5","mrMLM","NsiI.TP180969","11","11148","-9.0535e-06","0.002","C"
"4","Trait5","mrMLM","NsiI.TP181055","11","11150","-0.0103","0.1741","C"
"4","Trait5","mrMLM","NsiI.TP181207","11","11151","6.9798e-06","0.0015","A"
"4","Trait5","mrMLM","NsiI.TP181366","11","11152","2.1048e-05","0.0046","A"
"4","Trait5","mrMLM","NsiI.TP181556","11","11153","-9.1755e-06","0.002","C"
"4","Trait5","mrMLM","NsiI.TP181609","11","11154","4.8913e-06","0.0011","A"
"4","Trait5","mrMLM","NsiI.TP181724","11","11155","0.0548","0.3914","A"
"4","Trait5","mrMLM","NsiI.TP181814","11","11156","2.8568e-05","0.0063","C"
"4","Trait5","mrMLM","NsiI.TP181997","11","11158","-6.6302e-06","0.0014","C"
"4","Trait5","mrMLM","NsiI.TP182102","11","11159","0.1714","1.8977","G"
"4","Trait5","mrMLM","NsiI.TP182158","11","11162","-0.0276","0.2859","G"
"4","Trait5","mrMLM","NsiI.TP182202","11","11163","9e-04","0.033","A"
"4","Trait5","mrMLM","NsiI.TP182347","11","11164","4.8267e-06","0.0011","C"
"4","Trait5","mrMLM","NsiI.TP182487","11","11165","-0.2016","0.7875","C"
"4","Trait5","mrMLM","NsiI.TP182597","11","11166","0.0017","0.044","C"
"4","Trait5","mrMLM","NsiI.TP182600","11","11167","-1.7745e-05","0.0039","A"
"4","Trait5","mrMLM","NsiI.TP182753","11","11168","-0.0691","0.5852","A"
"4","Trait5","mrMLM","NsiI.TP183206","11","11169","0.0074","0.1323","A"
"4","Trait5","mrMLM","NsiI.TP183257","11","11170","1.6687e-05","0.0036","A"
"4","Trait5","mrMLM","NsiI.TP183393","11","11171","-0.0319","0.3693","A"
"4","Trait5","mrMLM","NsiI.TP183516","11","11172","0.0334","0.4575","C"
"4","Trait5","mrMLM","NsiI.TP183595","11","11174","1.4763e-05","0.0032","A"
"4","Trait5","mrMLM","NsiI.TP183620","11","11175","-1.3699e-05","0.003","A"
"4","Trait5","mrMLM","NsiI.TP183850","11","11176","3.6872e-06","8e-04","G"
"4","Trait5","mrMLM","NsiI.TP183882","11","11178","0.262","1.5959","G"
"4","Trait5","mrMLM","NsiI.TP183934","11","11179","1.9888e-06","4e-04","A"
"4","Trait5","mrMLM","NsiI.TP183957","11","11180","0.0976","0.675","C"
"4","Trait5","mrMLM","NsiI.TP184311","11","11182","-0.0934","0.6333","C"
"4","Trait5","mrMLM","NsiI.TP184556","11","11184","-7.2815e-06","0.0016","A"
"4","Trait5","mrMLM","NsiI.TP184947","11","11185","0.078","0.285","C"
"4","Trait5","mrMLM","NsiI.TP184954","11","11186","0.1596","1.0432","A"
"4","Trait5","mrMLM","NsiI.TP184977","11","11187","8.8536e-06","0.0019","C"
"4","Trait5","mrMLM","NsiI.TP185707","11","11191","0.137","1.0636","A"
"4","Trait5","mrMLM","NsiI.TP185783","11","11193","1.1772e-05","0.0026","C"
"4","Trait5","mrMLM","NsiI.TP185806","11","11194","0.0214","0.291","C"
"4","Trait5","mrMLM","NsiI.TP185826","11","11195","-3.3885e-06","7e-04","A"
"4","Trait5","mrMLM","NsiI.TP185829","11","11196","-0.018","0.2738","C"
"4","Trait5","mrMLM","NsiI.TP185833","11","11197","-1.9087e-06","4e-04","C"
"4","Trait5","mrMLM","NsiI.TP185906","11","11198","-1.638e-06","4e-04","A"
"4","Trait5","mrMLM","NsiI.TP185936","11","11199","1.3877e-05","0.003","C"
"4","Trait5","mrMLM","NsiI.TP186380","11","11202","-5.07e-06","0.0011","C"
"4","Trait5","mrMLM","NsiI.TP186616","11","11203","-3.9367e-05","0.0087","A"
"4","Trait5","mrMLM","NsiI.TP186662","11","11205","0.1327","1.0686","G"
"4","Trait5","mrMLM","NsiI.TP186871","11","11206","-0.0586","0.2558","A"
"4","Trait5","mrMLM","NsiI.TP186957","11","11208","0.0528","0.3658","G"
"4","Trait5","mrMLM","NsiI.TP187023","11","11209","0.0484","0.4206","A"
"4","Trait5","mrMLM","NsiI.TP187190","11","11210","-1.2005e-05","0.0026","A"
"4","Trait5","mrMLM","NsiI.TP187245","11","11211","9.4638e-06","0.0021","C"
"4","Trait5","mrMLM","NsiI.TP187304","11","11212","3.1802e-06","7e-04","A"
"4","Trait5","mrMLM","NsiI.TP187320","11","11213","0.0576","0.369","A"
"4","Trait5","mrMLM","NsiI.TP187342","11","11214","1.1584e-05","0.0025","A"
"4","Trait5","mrMLM","NsiI.TP187345","11","11215","1.3376e-05","0.0029","C"
"4","Trait5","mrMLM","NsiI.TP187492","11","11217","-3.576e-05","0.0079","C"
"4","Trait5","mrMLM","NsiI.TP187579","11","11218","2.4007e-05","0.0053","A"
"4","Trait5","mrMLM","NsiI.TP187656","11","11219","2.8179e-06","6e-04","C"
"4","Trait5","mrMLM","NsiI.TP187680","11","11220","2.0958e-05","0.0046","A"
"4","Trait5","mrMLM","NsiI.TP187694","11","11221","2.4612e-05","0.0054","G"
"4","Trait5","mrMLM","NsiI.TP187923","11","11223","0.0325","0.1849","C"
"4","Trait5","mrMLM","NsiI.TP188151","11","11224","-1.2794e-05","0.0028","C"
"4","Trait5","mrMLM","NsiI.TP188167","11","11226","-2.0979e-05","0.0046","A"
"4","Trait5","mrMLM","NsiI.TP188225","11","11227","-2.2753e-05","0.005","A"
"4","Trait5","mrMLM","NsiI.TP188269","11","11229","7.0163e-06","0.0015","A"
"4","Trait5","mrMLM","NsiI.TP188281","11","11230","0.2492","1.574","A"
"4","Trait5","mrMLM","NsiI.TP188289","11","11231","1.6735e-05","0.0037","C"
"4","Trait5","mrMLM","NsiI.TP188408","11","11232","4.6332e-06","0.001","C"
"4","Trait5","mrMLM","NsiI.TP188689","11","11234","-5.5351e-06","0.0012","C"
"4","Trait5","mrMLM","NsiI.TP188727","11","11235","-6.8541e-06","0.0015","A"
"4","Trait5","mrMLM","NsiI.TP189024","11","11237","1.4622e-06","3e-04","C"
"4","Trait5","mrMLM","NsiI.TP189171","11","11239","-2.1591e-05","0.0047","C"
"4","Trait5","mrMLM","NsiI.TP190244","11","11240","-3.3985e-05","0.0075","A"
"4","Trait5","mrMLM","NsiI.TP190481","11","11241","0.1498","1.2053","C"
"4","Trait5","mrMLM","NsiI.TP190484","11","11242","7.413e-06","0.0016","G"
"4","Trait5","mrMLM","NsiI.TP190665","11","11243","-7.303e-06","0.0016","C"
"4","Trait5","mrMLM","NsiI.TP190912","11","11244","-1.016e-05","0.0022","A"
"4","Trait5","mrMLM","NsiI.TP191004","11","11245","7.3694e-06","0.0016","A"
"4","Trait5","mrMLM","NsiI.TP191025","11","11246","-1.6945e-05","0.0037","G"
"4","Trait5","mrMLM","NsiI.TP191037","11","11248","-0.0436","0.2425","A"
"4","Trait5","mrMLM","NsiI.TP191075","11","11249","0.0178","0.2136","C"
"4","Trait5","mrMLM","NsiI.TP191077","11","11250","-0.0383","0.3247","A"
"4","Trait5","mrMLM","NsiI.TP191784","11","11251","4.318e-05","0.0095","C"
"4","Trait5","mrMLM","NsiI.TP191968","11","11253","0.0506","0.3392","C"
"4","Trait5","mrMLM","NsiI.TP191988","11","11254","1.1003e-05","0.0024","C"
"4","Trait5","mrMLM","NsiI.TP192160","11","11255","-8.3106e-06","0.0018","C"
"4","Trait5","mrMLM","NsiI.TP192642","11","11257","-0.0213","0.1835","C"
"4","Trait5","mrMLM","NsiI.TP192802","11","11259","-1.4952e-05","0.0033","A"
"4","Trait5","mrMLM","NsiI.TP192955","11","11260","-0.0146","0.1762","C"
"4","Trait5","mrMLM","NsiI.TP193238","11","11261","-4.3266e-06","9e-04","C"
"4","Trait5","mrMLM","NsiI.TP193457","11","11264","2.1116e-05","0.0046","A"
"4","Trait5","mrMLM","NsiI.TP193552","11","11265","-2.9554e-05","0.0065","G"
"4","Trait5","mrMLM","NsiI.TP193597","11","11267","-0.351","1.7765","A"
"4","Trait5","mrMLM","NsiI.TP193598","11","11268","1.5748e-05","0.0034","C"
"4","Trait5","mrMLM","NsiI.TP193735","11","11270","1.9707e-05","0.0043","C"
"4","Trait5","mrMLM","NsiI.TP193938","11","11271","9.5467e-06","0.0021","A"
"4","Trait5","mrMLM","NsiI.TP194072","11","11273","0.2043","1.1277","C"
"4","Trait5","mrMLM","NsiI.TP194147","11","11274","-0.0616","0.4578","A"
"4","Trait5","mrMLM","NsiI.TP194379","11","11275","-3.9076e-05","0.0086","A"
"4","Trait5","mrMLM","NsiI.TP194380","11","11276","-4.1767e-05","0.0092","A"
"4","Trait5","mrMLM","NsiI.TP194404","11","11277","1.8635e-05","0.0041","A"
"4","Trait5","mrMLM","NsiI.TP194429","11","11278","-0.0027","0.0601","C"
"4","Trait5","mrMLM","NsiI.TP194466","11","11279","-1.3474e-05","0.0029","C"
"4","Trait5","mrMLM","NsiI.TP194485","11","11280","1.9866e-05","0.0043","A"
"4","Trait5","mrMLM","NsiI.TP194607","11","11281","1.1774e-05","0.0026","C"
"4","Trait5","mrMLM","NsiI.TP194707","11","11282","0.0117","0.1702","A"
"4","Trait5","mrMLM","NsiI.TP194858","11","11283","1.3995e-05","0.0031","C"
"4","Trait5","mrMLM","NsiI.TP194861","11","11284","1.1809e-05","0.0026","A"
"4","Trait5","mrMLM","NsiI.TP194980","11","11286","-0.1138","0.6084","C"
"4","Trait5","mrMLM","NsiI.TP194999","11","11287","-2.6433e-05","0.0058","C"
"4","Trait5","mrMLM","NsiI.TP195002","11","11288","9.7263e-06","0.0021","C"
"4","Trait5","mrMLM","NsiI.TP195028","11","11289","0.1544","0.6428","A"
"4","Trait5","mrMLM","NsiI.TP195046","11","11290","-2.5567e-06","6e-04","C"
"4","Trait5","mrMLM","NsiI.TP195098","11","11291","7.7739e-07","2e-04","C"
"4","Trait5","mrMLM","NsiI.TP195179","11","11292","-1.3393e-06","3e-04","A"
"4","Trait5","mrMLM","NsiI.TP195225","11","11293","-1.1327e-05","0.0025","G"
"4","Trait5","mrMLM","NsiI.TP195528","11","11294","-2.3792e-05","0.0052","A"
"4","Trait5","mrMLM","NsiI.TP195554","11","11295","-1.0852e-05","0.0024","G"
"4","Trait5","mrMLM","NsiI.TP195712","11","11296","0.0362","0.4836","C"
"4","Trait5","mrMLM","NsiI.TP195737","11","11297","-0.0609","0.7127","C"
"4","Trait5","mrMLM","NsiI.TP196061","11","11298","-5.6483e-06","0.0012","C"
"4","Trait5","mrMLM","NsiI.TP196066","11","11300","0.0726","0.6742","A"
"4","Trait5","mrMLM","NsiI.TP196097","11","11301","2.029e-05","0.0044","C"
"4","Trait5","mrMLM","NsiI.TP196111","11","11302","-0.2354","1.6412","A"
"4","Trait5","mrMLM","NsiI.TP196221","11","11304","1.8255e-05","0.004","A"
"4","Trait5","mrMLM","NsiI.TP196281","11","11305","1.0756e-05","0.0023","A"
"4","Trait5","mrMLM","NsiI.TP196381","11","11308","-2.2471e-05","0.0049","C"
"4","Trait5","mrMLM","NsiI.TP196449","11","11310","-0.3045","1.7725","C"
"4","Trait5","mrMLM","NsiI.TP196463","11","11311","3.9532e-06","9e-04","C"
"4","Trait5","mrMLM","NsiI.TP196493","11","11312","0.0691","0.6168","A"
"4","Trait5","mrMLM","NsiI.TP196539","11","11313","-0.0211","0.1405","C"
"4","Trait5","mrMLM","NsiI.TP196565","11","11315","0.0715","0.4836","C"
"4","Trait5","mrMLM","NsiI.TP196572","11","11316","2.2713e-05","0.005","A"
"4","Trait5","mrMLM","NsiI.TP196598","11","11317","-5.0758e-06","0.0011","A"
"4","Trait5","mrMLM","NsiI.TP196641","11","11318","1.1337e-05","0.0025","C"
"4","Trait5","mrMLM","NsiI.TP197044","11","11319","0.0207","0.2152","A"
"4","Trait5","mrMLM","NsiI.TP197226","11","11322","5.8553e-07","1e-04","C"
"4","Trait5","mrMLM","NsiI.TP197359","11","11325","0.0349","0.4041","C"
"4","Trait5","mrMLM","NsiI.TP197433","11","11326","-0.0353","0.3553","A"
"4","Trait5","mrMLM","NsiI.TP197522","11","11327","0.0426","0.2437","C"
"4","Trait5","mrMLM","NsiI.TP197854","11","11328","1.5298e-05","0.0033","C"
"4","Trait5","mrMLM","NsiI.TP197954","11","11329","-2.2752e-05","0.005","C"
"4","Trait5","mrMLM","NsiI.TP197957","11","11330","-1.9698e-05","0.0043","A"
"4","Trait5","mrMLM","NsiI.TP198009","11","11331","-1.609e-05","0.0035","A"
"4","Trait5","mrMLM","NsiI.TP198159","11","11332","0.0629","0.7638","A"
"4","Trait5","mrMLM","NsiI.TP198336","11","11333","0.0556","0.5904","A"
"4","Trait5","mrMLM","NsiI.TP198402","11","11335","-2.5512e-05","0.0056","C"
"4","Trait5","mrMLM","NsiI.TP198424","11","11336","-2.4142e-05","0.0053","A"
"4","Trait5","mrMLM","NsiI.TP198829","11","11338","-0.0231","0.1818","C"
"4","Trait5","mrMLM","NsiI.TP199138","11","11340","-9.1476e-06","0.002","A"
"4","Trait5","mrMLM","NsiI.TP199566","11","11343","0.0126","0.1151","A"
"4","Trait5","mrMLM","NsiI.TP199710","11","11347","2.1932e-05","0.0048","C"
"4","Trait5","mrMLM","NsiI.TP199794","11","11348","2.1337e-06","5e-04","C"
"4","Trait5","mrMLM","NsiI.TP199859","11","11349","-0.2146","1.6775","G"
"4","Trait5","mrMLM","NsiI.TP199937","11","11350","-1.6123e-05","0.0035","A"
"4","Trait5","mrMLM","NsiI.TP199941","11","11351","-0.0957","0.5527","C"
"4","Trait5","mrMLM","NsiI.TP200232","11","11353","0.0046","0.0838","A"
"4","Trait5","mrMLM","NsiI.TP200298","11","11355","-1.6844e-05","0.0037","A"
"4","Trait5","mrMLM","NsiI.TP200326","11","11356","-1.7123e-05","0.0037","A"
"4","Trait5","mrMLM","NsiI.TP200589","11","11359","7.7845e-06","0.0017","A"
"4","Trait5","mrMLM","NsiI.TP200616","11","11360","-0.0775","0.5061","A"
"4","Trait5","mrMLM","NsiI.TP200692","11","11361","-1.1614e-05","0.0025","C"
"4","Trait5","mrMLM","NsiI.TP200769","11","11362","8.4728e-06","0.0018","A"
"4","Trait5","mrMLM","NsiI.TP201240","11","11364","0.062","0.684","C"
"4","Trait5","mrMLM","NsiI.TP201301","11","11365","-3.0166e-05","0.0066","C"
"4","Trait5","mrMLM","NsiI.TP201357","11","11366","0.0245","0.2277","C"
"4","Trait5","mrMLM","NsiI.TP201413","11","11367","6.9529e-06","0.0015","A"
"4","Trait5","mrMLM","NsiI.TP201427","11","11368","1.4932e-05","0.0033","A"
"4","Trait5","mrMLM","NsiI.TP201446","11","11369","0.0033","0.1004","A"
"4","Trait5","mrMLM","NsiI.TP201877","11","11372","-0.4461","1.5843","A"
"4","Trait5","mrMLM","NsiI.TP201915","11","11373","-1.8409e-05","0.004","A"
"4","Trait5","mrMLM","NsiI.TP201958","11","11374","2.7788e-06","6e-04","C"
"4","Trait5","mrMLM","NsiI.TP202121","11","11376","1.0153e-05","0.0022","G"
"4","Trait5","mrMLM","NsiI.TP202261","11","11378","4.6313e-06","0.001","A"
"4","Trait5","mrMLM","NsiI.TP202846","11","11383","-0.072","0.6304","A"
"4","Trait5","mrMLM","NsiI.TP203050","11","11384","4.0172e-06","9e-04","C"
"4","Trait5","mrMLM","NsiI.TP203429","11","11387","1.5763e-05","0.0034","A"
"4","Trait5","mrMLM","NsiI.TP203561","11","11388","5.2407e-08","1.1405e-05","A"
"4","Trait5","mrMLM","NsiI.TP203757","11","11390","-3.4236e-06","7e-04","C"
"4","Trait5","mrMLM","NsiI.TP203764","11","11391","-2.9933e-05","0.0066","A"
"4","Trait5","mrMLM","NsiI.TP203883","11","11392","-1.4995e-05","0.0033","C"
"4","Trait5","mrMLM","NsiI.TP204049","11","11394","-4.1452e-07","9.0246e-05","C"
"4","Trait5","mrMLM","NsiI.TP204109","11","11395","-1.3248e-05","0.0029","C"
"4","Trait5","mrMLM","NsiI.TP204149","11","11396","3.9495e-06","9e-04","A"
"4","Trait5","mrMLM","NsiI.TP204197","11","11397","0.1396","1.298","C"
"4","Trait5","mrMLM","NsiI.TP204383","11","11398","-1.9627e-05","0.0043","A"
"4","Trait5","mrMLM","NsiI.TP204464","11","11400","3.2588e-06","7e-04","C"
"4","Trait5","mrMLM","NsiI.TP204521","11","11401","7.4577e-06","0.0016","A"
"4","Trait5","mrMLM","NsiI.TP204530","11","11402","-2.7595e-05","0.006","C"
"4","Trait5","mrMLM","NsiI.TP204885","11","11404","-0.0846","0.5185","G"
"4","Trait5","mrMLM","NsiI.TP204887","11","11405","-1.2576e-05","0.0027","C"
"4","Trait5","mrMLM","NsiI.TP205034","11","11407","-1.131e-06","2e-04","C"
"4","Trait5","mrMLM","NsiI.TP205056","11","11408","-3.1343e-05","0.0069","C"
"4","Trait5","mrMLM","NsiI.TP205216","11","11410","2.2496e-06","5e-04","C"
"4","Trait5","mrMLM","NsiI.TP205248","11","11411","-3.503e-05","0.0077","A"
"4","Trait5","mrMLM","NsiI.TP205323","11","11412","1.5627e-05","0.0034","A"
"4","Trait5","mrMLM","NsiI.TP205334","11","11413","8.1483e-06","0.0018","A"
"4","Trait5","mrMLM","NsiI.TP205417","11","11415","0.2014","0.979","A"
"4","Trait5","mrMLM","NsiI.TP205450","11","11416","1.0022e-06","2e-04","C"
"4","Trait5","mrMLM","NsiI.TP205503","11","11417","-0.3546","1.872","A"
"4","Trait5","mrMLM","NsiI.TP205558","11","11419","0.2028","1.0573","C"
"4","Trait5","mrMLM","NsiI.TP205559","11","11420","2.6075e-06","6e-04","A"
"4","Trait5","mrMLM","NsiI.TP205589","11","11422","-0.0523","0.4651","A"
"4","Trait5","mrMLM","NsiI.TP206070","11","11428","0.0854","0.7092","C"
"4","Trait5","mrMLM","NsiI.TP206260","11","11430","-0.0332","0.3818","G"
"4","Trait5","mrMLM","NsiI.TP206307","11","11432","1.02e-05","0.0022","G"
"4","Trait5","mrMLM","NsiI.TP206461","11","11433","2.444e-05","0.0054","G"
"4","Trait5","mrMLM","NsiI.TP206470","11","11434","1.0502e-05","0.0023","A"
"4","Trait5","mrMLM","NsiI.TP206978","11","11436","1.3012e-05","0.0028","A"
"4","Trait5","mrMLM","NsiI.TP206982","11","11437","-0.0074","0.0802","C"
"4","Trait5","mrMLM","NsiI.TP207113","11","11439","2.9656e-05","0.0065","A"
"4","Trait5","mrMLM","NsiI.TP207128","11","11440","-1.2689e-05","0.0028","A"
"4","Trait5","mrMLM","NsiI.TP207132","11","11441","-6.4926e-06","0.0014","G"
"4","Trait5","mrMLM","NsiI.TP207235","11","11442","1.9442e-05","0.0043","C"
"4","Trait5","mrMLM","NsiI.TP207247","11","11443","-0.0608","0.3997","A"
"4","Trait5","mrMLM","NsiI.TP207343","11","11444","0.0014","0.0356","A"
"4","Trait5","mrMLM","NsiI.TP207497","11","11445","1.3566e-05","0.003","A"
"4","Trait5","mrMLM","NsiI.TP207743","11","11447","-0.0665","0.6289","A"
"4","Trait5","mrMLM","NsiI.TP207993","11","11449","-9.6624e-06","0.0021","C"
"4","Trait5","mrMLM","NsiI.TP208306","11","11451","2.5494e-05","0.0056","A"
"4","Trait5","mrMLM","NsiI.TP208388","11","11452","-4.8842e-07","1e-04","A"
"4","Trait5","mrMLM","NsiI.TP208407","11","11453","2.6666e-05","0.0058","A"
"4","Trait5","mrMLM","NsiI.TP208538","11","11454","-1.8605e-05","0.0041","G"
"4","Trait5","mrMLM","NsiI.TP208587","11","11456","-0.0688","0.6475","G"
"4","Trait5","mrMLM","NsiI.TP208628","11","11458","0.0196","0.2232","C"
"4","Trait5","mrMLM","NsiI.TP208749","11","11461","-2.8579e-06","6e-04","G"
"4","Trait5","mrMLM","NsiI.TP208754","11","11462","1.1771e-05","0.0026","G"
"4","Trait5","mrMLM","NsiI.TP209160","11","11463","-0.0389","0.2358","C"
"4","Trait5","mrMLM","NsiI.TP209190","11","11464","-6.4146e-06","0.0014","A"
"4","Trait5","mrMLM","NsiI.TP209349","11","11465","2.7541e-05","0.006","A"
"4","Trait5","mrMLM","NsiI.TP210049","11","11467","-2.9544e-06","6e-04","C"
"4","Trait5","mrMLM","NsiI.TP210226","11","11468","1.5095e-05","0.0033","A"
"4","Trait5","mrMLM","NsiI.TP210231","11","11469","-1.7861e-05","0.0039","A"
"4","Trait5","mrMLM","NsiI.TP210502","11","11473","-1.6182e-05","0.0035","C"
"4","Trait5","mrMLM","NsiI.TP210897","11","11476","-0.1293","0.7845","C"
"4","Trait5","mrMLM","NsiI.TP210946","11","11477","1.2563e-06","3e-04","G"
"4","Trait5","mrMLM","NsiI.TP211042","11","11478","-1.0831e-05","0.0024","A"
"4","Trait5","mrMLM","NsiI.TP211143","11","11479","-6.7055e-06","0.0015","C"
"4","Trait5","mrMLM","NsiI.TP211741","11","11481","0.2969","1.5351","C"
"4","Trait5","mrMLM","NsiI.TP211776","11","11482","0.2049","1.1833","A"
"4","Trait5","mrMLM","NsiI.TP211795","11","11483","-1.1708e-05","0.0026","C"
"4","Trait5","mrMLM","NsiI.TP211804","11","11484","-1.7374e-05","0.0038","A"
"4","Trait5","mrMLM","NsiI.TP211874","11","11486","-1.6175e-05","0.0035","C"
"4","Trait5","mrMLM","NsiI.TP212064","11","11487","-9.8254e-06","0.0021","C"
"4","Trait5","mrMLM","NsiI.TP212292","11","11488","5.0401e-06","0.0011","C"
"4","Trait5","mrMLM","NsiI.TP212538","11","11489","1.2528e-05","0.0027","A"
"4","Trait5","mrMLM","NsiI.TP212846","11","11490","-0.0271","0.2144","G"
"4","Trait5","mrMLM","NsiI.TP212890","11","11491","-0.1082","0.4788","C"
"4","Trait5","mrMLM","NsiI.TP213046","11","11492","6.3512e-06","0.0014","C"
"4","Trait5","mrMLM","NsiI.TP213104","11","11493","2.6617e-05","0.0058","A"
"4","Trait5","mrMLM","NsiI.TP213155","11","11495","-1.8169e-06","4e-04","A"
"4","Trait5","mrMLM","NsiI.TP213231","11","11496","-0.0713","0.5531","G"
"4","Trait5","mrMLM","NsiI.TP213251","11","11497","-8.4507e-06","0.0018","A"
"4","Trait5","mrMLM","NsiI.TP213253","11","11498","-1.4547e-05","0.0032","C"
"4","Trait5","mrMLM","NsiI.TP213579","11","11501","1.2782e-05","0.0028","A"
"4","Trait5","mrMLM","NsiI.TP213816","11","11502","0.0709","0.4676","A"
"4","Trait5","mrMLM","NsiI.TP213881","11","11503","8.2179e-06","0.0018","A"
"4","Trait5","mrMLM","NsiI.TP214122","11","11505","-0.1084","1.3469","A"
"4","Trait5","mrMLM","NsiI.TP214173","11","11507","3.4494e-05","0.0076","G"
"4","Trait5","mrMLM","NsiI.TP214498","11","11510","4.3563e-06","9e-04","A"
"4","Trait5","mrMLM","NsiI.TP214511","11","11511","-1.1025e-06","2e-04","C"
"4","Trait5","mrMLM","NsiI.TP214514","11","11512","-1.3437e-05","0.0029","A"
"4","Trait5","mrMLM","NsiI.TP214589","11","11514","2.5603e-06","6e-04","A"
"4","Trait5","mrMLM","NsiI.TP214661","11","11515","-1.9668e-05","0.0043","A"
"4","Trait5","mrMLM","NsiI.TP214927","11","11518","4.6746e-06","0.001","A"
"4","Trait5","mrMLM","NsiI.TP215181","11","11521","0.0714","0.5291","C"
"4","Trait5","mrMLM","NsiI.TP215196","11","11522","-0.0521","0.3616","G"
"4","Trait5","mrMLM","NsiI.TP215321","11","11525","-0.0742","0.6072","A"
"4","Trait5","mrMLM","NsiI.TP215334","11","11526","-1.382e-05","0.003","A"
"4","Trait5","mrMLM","NsiI.TP215517","11","11527","0.05","0.3599","C"
"4","Trait5","mrMLM","NsiI.TP215626","11","11531","0.1965","0.7654","C"
"4","Trait5","mrMLM","NsiI.TP215659","11","11532","0.0256","0.3329","C"
"4","Trait5","mrMLM","NsiI.TP215660","11","11533","-0.0199","0.2298","C"
"4","Trait5","mrMLM","NsiI.TP215810","11","11534","3.0402e-05","0.0067","A"
"4","Trait5","mrMLM","NsiI.TP215812","11","11535","0.0966","0.335","A"
"4","Trait5","mrMLM","NsiI.TP215820","11","11536","-0.0699","0.7937","A"
"4","Trait5","mrMLM","NsiI.TP215844","11","11537","-0.0335","0.294","A"
"4","Trait5","mrMLM","NsiI.TP215916","11","11538","1.3733e-05","0.003","A"
"4","Trait5","mrMLM","NsiI.TP216228","11","11541","-3.9732e-06","9e-04","A"
"4","Trait5","mrMLM","NsiI.TP216289","11","11542","-8.9754e-06","0.002","A"
"4","Trait5","mrMLM","NsiI.TP216323","11","11543","-0.0727","0.8074","A"
"4","Trait5","mrMLM","NsiI.TP216351","11","11545","-1.095e-05","0.0024","A"
"4","Trait5","mrMLM","NsiI.TP216369","11","11546","-9.6063e-06","0.0021","A"
"4","Trait5","mrMLM","NsiI.TP216490","11","11547","4.6963e-06","0.001","G"
"4","Trait5","mrMLM","NsiI.TP216631","11","11549","0.1357","1.5117","A"
"4","Trait5","mrMLM","NsiI.TP216721","11","11550","0.0219","0.2043","A"
"4","Trait5","mrMLM","NsiI.TP217157","11","11553","9.9257e-06","0.0022","A"
"4","Trait5","mrMLM","NsiI.TP217337","11","11555","-1.8054e-05","0.0039","A"
"4","Trait5","mrMLM","NsiI.TP217491","11","11556","0.0823","0.3782","C"
"4","Trait5","mrMLM","NsiI.TP217508","11","11558","-1.4056e-05","0.0031","C"
"4","Trait5","mrMLM","NsiI.TP217543","11","11559","-0.0477","0.5951","A"
"4","Trait5","mrMLM","NsiI.TP217721","11","11560","1.1663e-05","0.0025","C"
"4","Trait5","mrMLM","NsiI.TP217784","11","11561","-0.0041","0.1135","C"
"4","Trait5","mrMLM","NsiI.TP217929","11","11563","-3.4855e-06","8e-04","A"
"4","Trait5","mrMLM","NsiI.TP217950","11","11564","0.0504","0.3176","A"
"4","Trait5","mrMLM","NsiI.TP218034","11","11565","-0.0917","0.6865","C"
"4","Trait5","mrMLM","NsiI.TP218161","11","11567","0.0799","0.5956","A"
"4","Trait5","mrMLM","NsiI.TP218177","11","11568","3.8941e-05","0.0086","A"
"4","Trait5","mrMLM","NsiI.TP218199","11","11569","-1.1059e-05","0.0024","C"
"4","Trait5","mrMLM","NsiI.TP218251","11","11570","-3.1327e-06","7e-04","A"
"4","Trait5","mrMLM","NsiI.TP218295","11","11571","-4.655e-06","0.001","A"
"4","Trait5","mrMLM","NsiI.TP218318","11","11572","-0.0992","1.2509","G"
"4","Trait5","mrMLM","NsiI.TP218420","11","11573","-0.0297","0.1777","A"
"4","Trait5","mrMLM","NsiI.TP218555","11","11575","-3.1398e-05","0.0069","C"
"4","Trait5","mrMLM","NsiI.TP218567","11","11576","9.3827e-06","0.002","A"
"4","Trait5","mrMLM","NsiI.TP218625","11","11577","0.0666","0.3601","A"
"4","Trait5","mrMLM","NsiI.TP218726","11","11578","-0.079","0.3936","C"
"4","Trait5","mrMLM","NsiI.TP218806","11","11579","5.2239e-06","0.0011","A"
"4","Trait5","mrMLM","NsiI.TP218948","11","11580","0.048","0.4255","A"
"4","Trait5","mrMLM","NsiI.TP218988","11","11581","-2.0112e-05","0.0044","A"
"4","Trait5","mrMLM","NsiI.TP219100","11","11583","-0.1216","0.6232","A"
"4","Trait5","mrMLM","NsiI.TP219331","11","11585","-1.2707e-05","0.0028","C"
"4","Trait5","mrMLM","NsiI.TP219470","11","11586","2.1043e-05","0.0046","C"
"4","Trait5","mrMLM","NsiI.TP219524","11","11587","9.558e-06","0.0021","A"
"4","Trait5","mrMLM","NsiI.TP219586","11","11588","1.1111e-06","2e-04","C"
"4","Trait5","mrMLM","NsiI.TP219631","11","11589","1.2722e-05","0.0028","A"
"4","Trait5","mrMLM","NsiI.TP219777","11","11592","3.916e-05","0.0086","A"
"4","Trait5","mrMLM","NsiI.TP220100","11","11594","-1.4047e-05","0.0031","C"
"4","Trait5","mrMLM","NsiI.TP220250","11","11595","2.8415e-05","0.0062","C"
"4","Trait5","mrMLM","NsiI.TP220467","11","11596","7.0867e-06","0.0015","A"
"4","Trait5","mrMLM","NsiI.TP221194","11","11601","0.0692","0.5777","A"
"4","Trait5","mrMLM","NsiI.TP221693","11","11603","1.4055e-05","0.0031","A"
"4","Trait5","mrMLM","NsiI.TP221716","11","11604","-3.4457e-05","0.0076","C"
"4","Trait5","mrMLM","NsiI.TP221758","11","11606","5.0704e-06","0.0011","A"
"4","Trait5","mrMLM","NsiI.TP221798","11","11607","6.2334e-07","1e-04","A"
"4","Trait5","mrMLM","NsiI.TP221845","11","11608","0.2405","0.9127","A"
"4","Trait5","mrMLM","NsiI.TP221889","11","11609","-0.2525","1.2045","C"
"4","Trait5","mrMLM","NsiI.TP221891","11","11610","-9.6534e-06","0.0021","A"
"4","Trait5","mrMLM","NsiI.TP221911","11","11611","-1.3237e-05","0.0029","A"
"4","Trait5","mrMLM","NsiI.TP222089","11","11614","-0.05","0.2763","C"
"4","Trait5","mrMLM","NsiI.TP222163","11","11615","0.0826","0.655","C"
"4","Trait5","mrMLM","NsiI.TP222225","11","11616","-0.1189","1.046","A"
"4","Trait5","mrMLM","NsiI.TP222284","11","11617","-2.9672e-05","0.0065","A"
"4","Trait5","mrMLM","NsiI.TP222562","11","11621","-2.0161e-05","0.0044","A"
"4","Trait5","mrMLM","NsiI.TP222628","11","11622","-4.8787e-06","0.0011","A"
"4","Trait5","mrMLM","NsiI.TP222692","11","11623","-0.0195","0.1902","A"
"4","Trait5","mrMLM","NsiI.TP222734","11","11624","0.0386","0.3461","C"
"4","Trait5","mrMLM","NsiI.TP222867","11","11625","-0.0517","0.4839","A"
"4","Trait5","mrMLM","NsiI.TP222886","11","11626","-1e-04","0.0188","A"
"4","Trait5","mrMLM","NsiI.TP222887","11","11627","-0.0214","0.1946","C"
"4","Trait5","mrMLM","NsiI.TP222978","11","11628","-2.2487e-05","0.0049","C"
"4","Trait5","mrMLM","NsiI.TP223155","11","11629","0.0041","0.0603","A"
"4","Trait5","mrMLM","NsiI.TP223178","11","11630","-1.1423e-05","0.0025","A"
"4","Trait5","mrMLM","NsiI.TP223344","11","11631","-1.3193e-05","0.0029","A"
"4","Trait5","mrMLM","NsiI.TP223484","11","11633","0.0396","0.3461","C"
"4","Trait5","mrMLM","NsiI.TP223569","11","11634","-0.0081","0.1356","C"
"4","Trait5","mrMLM","NsiI.TP223570","11","11635","-2.4613e-05","0.0054","A"
"4","Trait5","mrMLM","NsiI.TP223782","11","11636","1.4222e-05","0.0031","A"
"4","Trait5","mrMLM","NsiI.TP224021","11","11637","5.0639e-06","0.0011","A"
"4","Trait5","mrMLM","NsiI.TP224425","11","11641","-0.0169","0.2667","A"
"4","Trait5","mrMLM","NsiI.TP224450","11","11642","-0.1512","0.7558","A"
"4","Trait5","mrMLM","NsiI.TP224699","11","11643","6.2772e-06","0.0014","A"
"4","Trait5","mrMLM","NsiI.TP224707","11","11644","-6.8869e-06","0.0015","C"
"4","Trait5","mrMLM","NsiI.TP224824","11","11646","-2.3864e-06","5e-04","C"
"4","Trait5","mrMLM","NsiI.TP224952","11","11647","1.0591e-05","0.0023","G"
"4","Trait5","mrMLM","NsiI.TP225234","11","11650","-1.9448e-05","0.0043","G"
"4","Trait5","mrMLM","NsiI.TP225272","11","11651","-0.1157","0.9784","C"
"4","Trait5","mrMLM","NsiI.TP225332","11","11653","1.4613e-05","0.0032","A"
"4","Trait5","mrMLM","NsiI.TP225388","11","11654","2.6254e-05","0.0058","C"
"4","Trait5","mrMLM","NsiI.TP225494","11","11655","-0.0697","0.4227","C"
"4","Trait5","mrMLM","NsiI.TP225535","11","11657","-0.2191","2.1511","C"
"4","Trait5","mrMLM","NsiI.TP225731","11","11659","-0.1191","0.4891","C"
"4","Trait5","mrMLM","NsiI.TP225733","11","11660","-9.3107e-06","0.002","C"
"4","Trait5","mrMLM","NsiI.TP225981","11","11662","0.0312","0.3081","A"
"4","Trait5","mrMLM","NsiI.TP226043","11","11664","0.0456","0.2591","A"
"4","Trait5","mrMLM","NsiI.TP226068","11","11665","-9.4039e-06","0.0021","C"
"4","Trait5","mrMLM","NsiI.TP226102","11","11666","2.1291e-05","0.0047","C"
"4","Trait5","mrMLM","NsiI.TP226241","11","11669","0.1278","0.6141","C"
"4","Trait5","mrMLM","NsiI.TP226333","11","11671","-1.6583e-05","0.0036","C"
"4","Trait5","mrMLM","NsiI.TP226352","11","11672","-1.2744e-05","0.0028","A"
"4","Trait5","mrMLM","NsiI.TP226353","11","11673","-1.6563e-05","0.0036","C"
"4","Trait5","mrMLM","NsiI.TP226401","11","11675","-0.1405","0.4875","C"
"4","Trait5","mrMLM","NsiI.TP226453","11","11676","-3.0147e-05","0.0066","C"
"4","Trait5","mrMLM","NsiI.TP226642","11","11677","0.2273","2.5271","A"
"4","Trait5","mrMLM","NsiI.TP226677","11","11678","-0.2408","0.6744","C"
"4","Trait5","mrMLM","NsiI.TP226776","11","11679","6.1055e-06","0.0013","A"
"4","Trait5","mrMLM","NsiI.TP226889","11","11680","2.5543e-05","0.0056","A"
"4","Trait5","mrMLM","NsiI.TP227306","11","11681","6.3371e-06","0.0014","G"
"4","Trait5","mrMLM","NsiI.TP227489","11","11682","-1.4293e-05","0.0031","A"
"4","Trait5","mrMLM","NsiI.TP227784","11","11683","-0.0779","0.7444","A"
"4","Trait5","mrMLM","NsiI.TP227815","11","11684","-1.8195e-05","0.004","A"
"4","Trait5","mrMLM","NsiI.TP227883","11","11686","-2.7933e-06","6e-04","C"
"4","Trait5","mrMLM","NsiI.TP228047","11","11688","-9.3235e-07","2e-04","A"
"4","Trait5","mrMLM","NsiI.TP228060","11","11689","-1.1151e-05","0.0024","C"
"4","Trait5","mrMLM","NsiI.TP228105","11","11690","-0.0296","0.3325","G"
"4","Trait5","mrMLM","NsiI.TP228174","11","11691","4.1984e-06","9e-04","A"
"4","Trait5","mrMLM","NsiI.TP228364","11","11692","-0.0438","0.3915","A"
"4","Trait5","mrMLM","NsiI.TP228555","11","11693","-1.86e-06","4e-04","C"
"4","Trait5","mrMLM","NsiI.TP228619","11","11695","-2.7984e-06","6e-04","C"
"4","Trait5","mrMLM","NsiI.TP228869","11","11696","0.02","0.2572","C"
"4","Trait5","mrMLM","NsiI.TP228985","11","11697","-2.3012e-05","0.005","A"
"4","Trait5","mrMLM","NsiI.TP229027","11","11698","1.9145e-05","0.0042","A"
"4","Trait5","mrMLM","NsiI.TP229129","11","11700","1.4931e-05","0.0033","C"
"4","Trait5","mrMLM","NsiI.TP229144","11","11701","4.4773e-05","0.0099","A"
"4","Trait5","mrMLM","NsiI.TP229150","11","11702","2.6955e-05","0.0059","G"
"4","Trait5","mrMLM","NsiI.TP229206","11","11703","2.0796e-05","0.0046","A"
"4","Trait5","mrMLM","NsiI.TP229208","11","11704","8.8084e-06","0.0019","C"
"4","Trait5","mrMLM","NsiI.TP229224","11","11705","0.0887","0.7196","A"
"4","Trait5","mrMLM","NsiI.TP229776","11","11707","2.7173e-06","6e-04","A"
"4","Trait5","mrMLM","NsiI.TP229970","11","11709","-0.0363","0.552","C"
"4","Trait5","mrMLM","NsiI.TP230082","11","11710","2.6672e-05","0.0058","C"
"4","Trait5","mrMLM","NsiI.TP230115","11","11711","0.1956","0.9982","A"
"4","Trait5","mrMLM","NsiI.TP230244","11","11712","-8.8851e-06","0.0019","A"
"4","Trait5","mrMLM","NsiI.TP230395","11","11713","1.388e-05","0.003","A"
"4","Trait5","mrMLM","NsiI.TP230573","11","11714","1.2571e-06","3e-04","A"
"4","Trait5","mrMLM","NsiI.TP230675","11","11715","-0.1113","0.4661","C"
"4","Trait5","mrMLM","NsiI.TP231054","11","11716","3.8316e-05","0.0084","C"
"4","Trait5","mrMLM","NsiI.TP231253","11","11717","-0.1589","1.0061","G"
"4","Trait5","mrMLM","NsiI.TP231273","11","11718","-0.004","0.0797","C"
"4","Trait5","mrMLM","NsiI.TP231319","11","11719","-1.3239e-06","3e-04","A"
"4","Trait5","mrMLM","NsiI.TP231587","11","11724","-2.5199e-05","0.0055","C"
"4","Trait5","mrMLM","NsiI.TP231684","11","11725","1.2565e-06","3e-04","G"
"4","Trait5","mrMLM","NsiI.TP231961","11","11728","-0.0761","0.6545","G"
"4","Trait5","mrMLM","NsiI.TP231999","11","11729","-9.4745e-06","0.0021","A"
"4","Trait5","mrMLM","NsiI.TP232007","11","11730","-0.0183","0.2524","A"
"4","Trait5","mrMLM","NsiI.TP232300","11","11734","-0.0199","0.2452","C"
"4","Trait5","mrMLM","NsiI.TP232718","11","11737","0.0944","0.8539","C"
"4","Trait5","mrMLM","NsiI.TP233158","11","11742","0.1094","0.6251","A"
"4","Trait5","mrMLM","NsiI.TP233284","11","11744","0.1029","0.4861","A"
"4","Trait5","mrMLM","NsiI.TP233339","11","11746","8.3789e-06","0.0018","C"
"4","Trait5","mrMLM","NsiI.TP233485","11","11748","0.0173","0.211","C"
"4","Trait5","mrMLM","NsiI.TP233491","11","11749","2.4812e-05","0.0054","A"
"4","Trait5","mrMLM","NsiI.TP233801","11","11751","-5.3575e-06","0.0012","C"
"4","Trait5","mrMLM","NsiI.TP233804","11","11752","-0.0171","0.1419","A"
"4","Trait5","mrMLM","NsiI.TP233848","11","11753","-0.0388","0.2657","A"
"4","Trait5","mrMLM","NsiI.TP233866","11","11754","0.294","1.7639","A"
"4","Trait5","mrMLM","NsiI.TP234330","11","11756","2.1328e-05","0.0047","C"
"4","Trait5","mrMLM","NsiI.TP234352","11","11757","-8e-04","0.0271","C"
"4","Trait5","mrMLM","NsiI.TP234466","11","11758","-9.8722e-06","0.0022","A"
"4","Trait5","mrMLM","NsiI.TP234563","11","11760","0.3097","2.0918","A"
"4","Trait5","mrMLM","NsiI.TP234582","11","11761","-4.2243e-06","9e-04","A"
"4","Trait5","mrMLM","NsiI.TP234611","11","11762","5.3907e-06","0.0012","G"
"4","Trait5","mrMLM","NsiI.TP234663","11","11764","0.2794","1.6719","C"
"4","Trait5","mrMLM","NsiI.TP234877","11","11766","1.3953e-06","3e-04","A"
"4","Trait5","mrMLM","NsiI.TP234912","11","11767","-0.0127","0.095","C"
"4","Trait5","mrMLM","NsiI.TP235132","11","11768","-1.1663e-05","0.0025","C"
"4","Trait5","mrMLM","NsiI.TP235225","11","11769","0.1956","1.0355","C"
"4","Trait5","mrMLM","NsiI.TP235245","11","11770","2.0044e-05","0.0044","C"
"4","Trait5","mrMLM","NsiI.TP235292","11","11771","1.6702e-05","0.0037","C"
"4","Trait5","mrMLM","NsiI.TP235311","11","11772","-1.2274e-05","0.0027","A"
"4","Trait5","mrMLM","NsiI.TP235319","11","11773","6.2182e-06","0.0014","A"
"4","Trait5","mrMLM","NsiI.TP235502","11","11776","-5.0416e-06","0.0011","C"
"4","Trait5","mrMLM","NsiI.TP235658","11","11777","-1.8917e-05","0.0041","G"
"4","Trait5","mrMLM","NsiI.TP235815","11","11778","1.9977e-05","0.0044","A"
"4","Trait5","mrMLM","NsiI.TP235853","11","11779","-3.9043e-06","9e-04","C"
"4","Trait5","mrMLM","NsiI.TP235883","11","11780","6.3224e-06","0.0014","A"
"4","Trait5","mrMLM","NsiI.TP235895","11","11781","-1.4856e-05","0.0032","A"
"4","Trait5","mrMLM","NsiI.TP236118","11","11784","4.1977e-06","9e-04","C"
"4","Trait5","mrMLM","NsiI.TP236171","11","11785","-0.2412","1.612","A"
"4","Trait5","mrMLM","NsiI.TP236312","11","11787","0.0016","0.0608","C"
"4","Trait5","mrMLM","NsiI.TP236607","11","11790","-8.0109e-06","0.0017","A"
"4","Trait5","mrMLM","NsiI.TP236725","11","11792","-5.1755e-06","0.0011","A"
"4","Trait5","mrMLM","NsiI.TP237203","11","11795","5.4752e-06","0.0012","C"
"4","Trait5","mrMLM","NsiI.TP237225","11","11796","1.0502e-05","0.0023","A"
"4","Trait5","mrMLM","NsiI.TP237234","11","11797","4.0403e-05","0.0089","C"
"4","Trait5","mrMLM","NsiI.TP237257","11","11798","-2.0813e-05","0.0046","A"
"4","Trait5","mrMLM","NsiI.TP237295","11","11799","1.567e-05","0.0034","C"
"4","Trait5","mrMLM","NsiI.TP237565","11","11802","0.0517","0.3676","A"
"4","Trait5","mrMLM","NsiI.TP237626","11","11803","0.0378","0.3866","A"
"4","Trait5","mrMLM","NsiI.TP237633","11","11804","-9.2791e-06","0.002","G"
"4","Trait5","mrMLM","NsiI.TP237729","11","11805","-1.7369e-06","4e-04","C"
"4","Trait5","mrMLM","NsiI.TP237789","11","11806","1.0314e-05","0.0023","A"
"4","Trait5","mrMLM","NsiI.TP238098","11","11809","1.3653e-06","3e-04","C"
"4","Trait5","mrMLM","NsiI.TP238116","11","11810","-2.0787e-05","0.0045","G"
"4","Trait5","mrMLM","NsiI.TP238119","11","11811","8.8371e-06","0.0019","A"
"4","Trait5","mrMLM","NsiI.TP238316","11","11814","-1.809e-06","4e-04","A"
"4","Trait5","mrMLM","NsiI.TP238335","11","11815","0.1054","0.5746","C"
"4","Trait5","mrMLM","NsiI.TP238478","11","11818","-2.0113e-05","0.0044","A"
"4","Trait5","mrMLM","NsiI.TP238537","11","11819","2.8297e-06","6e-04","G"
"4","Trait5","mrMLM","NsiI.TP238564","11","11820","-1.0038e-05","0.0022","C"
"4","Trait5","mrMLM","NsiI.TP238617","11","11821","1.2964e-05","0.0028","C"
"4","Trait5","mrMLM","NsiI.TP239332","11","11826","6.8264e-06","0.0015","A"
"4","Trait5","mrMLM","NsiI.TP239554","11","11827","-1.8983e-05","0.0042","C"
"4","Trait5","mrMLM","NsiI.TP239771","11","11828","-7.8568e-06","0.0017","A"
"4","Trait5","mrMLM","NsiI.TP239815","11","11829","5.066e-06","0.0011","C"
"4","Trait5","mrMLM","NsiI.TP239972","11","11830","1.9737e-05","0.0043","C"
"4","Trait5","mrMLM","NsiI.TP240184","11","11832","0.122","0.9017","A"
"4","Trait5","mrMLM","NsiI.TP240206","11","11833","-5.201e-06","0.0011","C"
"4","Trait5","mrMLM","NsiI.TP240567","11","11834","0.2639","1.742","C"
"4","Trait5","mrMLM","NsiI.TP240736","11","11835","-0.0977","1.1537","C"
"4","Trait5","mrMLM","NsiI.TP240840","11","11836","-1.5872e-05","0.0035","A"
"4","Trait5","mrMLM","NsiI.TP240849","11","11837","-0.0642","0.5618","G"
"4","Trait5","mrMLM","NsiI.TP240864","11","11838","1.0204e-05","0.0022","A"
"4","Trait5","mrMLM","NsiI.TP241088","11","11839","1.0474e-05","0.0023","C"
"4","Trait5","mrMLM","NsiI.TP241110","11","11840","1.1174e-06","2e-04","C"
"4","Trait5","mrMLM","NsiI.TP241246","11","11841","2.3517e-05","0.0051","A"
"4","Trait5","mrMLM","NsiI.TP241256","11","11842","2.8806e-05","0.0063","A"
"4","Trait5","mrMLM","NsiI.TP241298","11","11843","-1.6343e-05","0.0036","A"
"4","Trait5","mrMLM","NsiI.TP241417","11","11846","0.0137","0.1672","C"
"4","Trait5","mrMLM","NsiI.TP241516","11","11847","0.0637","0.3898","C"
"4","Trait5","mrMLM","NsiI.TP241518","11","11848","0.1151","1.1733","G"
"4","Trait5","mrMLM","NsiI.TP241912","11","11851","-1.5108e-05","0.0033","A"
"4","Trait5","mrMLM","NsiI.TP241914","11","11853","-8.7757e-06","0.0019","C"
"4","Trait5","mrMLM","NsiI.TP241948","11","11854","8.4821e-06","0.0019","A"
"4","Trait5","mrMLM","NsiI.TP242016","11","11855","-6.5383e-06","0.0014","G"
"4","Trait5","mrMLM","NsiI.TP242037","11","11856","-1.4284e-05","0.0031","A"
"4","Trait5","mrMLM","NsiI.TP242059","11","11857","7.7812e-06","0.0017","A"
"4","Trait5","mrMLM","NsiI.TP242062","11","11858","-1.5585e-05","0.0034","A"
"4","Trait5","mrMLM","NsiI.TP242125","11","11859","3.9064e-06","9e-04","C"
"4","Trait5","mrMLM","NsiI.TP242160","11","11861","0.0291","0.4307","C"
"4","Trait5","mrMLM","NsiI.TP242219","11","11862","1.0819e-05","0.0024","G"
"4","Trait5","mrMLM","NsiI.TP242898","11","11863","0.0516","0.6346","C"
"4","Trait5","mrMLM","NsiI.TP242956","11","11864","-0.05","0.3063","C"
"4","Trait5","mrMLM","NsiI.TP242982","11","11865","-2.9137e-05","0.0064","C"
"4","Trait5","mrMLM","NsiI.TP242983","11","11866","-9.588e-06","0.0021","A"
"4","Trait5","mrMLM","NsiI.TP243010","11","11867","-0.1353","0.6221","C"
"4","Trait5","mrMLM","NsiI.TP243142","11","11868","3.9352e-06","9e-04","C"
"4","Trait5","mrMLM","NsiI.TP243238","11","11869","7e-04","0.041","A"
"4","Trait5","mrMLM","NsiI.TP243253","11","11871","0.0473","0.5649","A"
"4","Trait5","mrMLM","NsiI.TP243261","11","11872","2.8464e-05","0.0062","A"
"4","Trait5","mrMLM","NsiI.TP243305","11","11873","-2.8268e-05","0.0062","C"
"4","Trait5","mrMLM","NsiI.TP243523","11","11875","1.2443e-05","0.0027","A"
"4","Trait5","mrMLM","NsiI.TP243576","11","11876","0.0735","0.4395","C"
"4","Trait5","mrMLM","NsiI.TP243959","11","11879","-1.3016e-05","0.0028","C"
"4","Trait5","mrMLM","NsiI.TP244119","11","11881","-0.0076","0.0932","C"
"4","Trait5","mrMLM","NsiI.TP244158","11","11883","-1.7284e-05","0.0038","C"
"4","Trait5","mrMLM","NsiI.TP244193","11","11884","9.4623e-06","0.0021","C"
"4","Trait5","mrMLM","NsiI.TP244238","11","11886","1.9875e-06","4e-04","C"
"4","Trait5","mrMLM","NsiI.TP244277","11","11887","0.286","3.4284","G"
"4","Trait5","mrMLM","NsiI.TP244340","11","11888","2.1476e-05","0.0047","A"
"4","Trait5","mrMLM","NsiI.TP244376","11","11889","2.0653e-06","4e-04","C"
"4","Trait5","mrMLM","NsiI.TP244797","11","11891","-2.2633e-06","5e-04","C"
"4","Trait5","mrMLM","NsiI.TP244820","11","11892","0.0196","0.2502","C"
"4","Trait5","mrMLM","NsiI.TP244874","11","11894","-1.8898e-06","4e-04","C"
"4","Trait5","mrMLM","NsiI.TP244934","11","11895","-0.1029","1.4578","G"
"4","Trait5","mrMLM","NsiI.TP245149","11","11896","0.0274","0.3726","A"
"4","Trait5","mrMLM","NsiI.TP245331","11","11897","-9.6029e-06","0.0021","A"
"4","Trait5","mrMLM","NsiI.TP245361","11","11899","0.1724","1.2143","G"
"4","Trait5","mrMLM","NsiI.TP245615","11","11901","0.0155","0.207","C"
"4","Trait5","mrMLM","NsiI.TP245635","11","11902","0.0154","0.1343","A"
"4","Trait5","mrMLM","NsiI.TP245805","11","11904","0.178","0.832","A"
"4","Trait5","mrMLM","NsiI.TP245817","11","11905","0.1181","0.8037","C"
"4","Trait5","mrMLM","NsiI.TP245890","11","11906","-0.0148","0.2637","A"
"4","Trait5","mrMLM","NsiI.TP246002","11","11908","7.6114e-06","0.0017","C"
"4","Trait5","mrMLM","NsiI.TP246423","11","11910","-1.4429e-05","0.0032","G"
"4","Trait5","mrMLM","NsiI.TP246552","11","11911","-2.556e-06","6e-04","C"
"4","Trait5","mrMLM","NsiI.TP246761","11","11912","-0.0052","0.0604","C"
"4","Trait5","mrMLM","NsiI.TP246918","11","11913","4.0261e-06","9e-04","G"
"4","Trait5","mrMLM","NsiI.TP247033","11","11914","2.1415e-05","0.0047","C"
"4","Trait5","mrMLM","NsiI.TP247079","11","11915","3.1307e-05","0.0069","A"
"4","Trait5","mrMLM","NsiI.TP247319","11","11917","-0.1869","0.9757","C"
"4","Trait5","mrMLM","NsiI.TP247769","11","11921","0.0274","0.3669","A"
"4","Trait5","mrMLM","NsiI.TP247941","11","11922","-2.1655e-06","5e-04","C"
"4","Trait5","mrMLM","NsiI.TP247987","11","11923","-0.2357","2.2313","G"
"4","Trait5","mrMLM","NsiI.TP248023","11","11924","3.707e-06","8e-04","A"
"4","Trait5","mrMLM","NsiI.TP248198","11","11925","5.679e-06","0.0012","C"
"4","Trait5","mrMLM","NsiI.TP248666","11","11926","1.4327e-05","0.0031","A"
"4","Trait5","mrMLM","NsiI.TP248673","11","11927","-5.1749e-06","0.0011","C"
"4","Trait5","mrMLM","NsiI.TP248677","11","11928","-8.8709e-06","0.0019","A"
"4","Trait5","mrMLM","NsiI.TP248824","11","11930","-1.7504e-05","0.0038","A"
"4","Trait5","mrMLM","NsiI.TP248839","11","11931","-2.2189e-05","0.0049","A"
"4","Trait5","mrMLM","NsiI.TP248901","11","11933","-0.0967","0.4496","C"
"4","Trait5","mrMLM","NsiI.TP248968","11","11934","2.5668e-05","0.0056","C"
"4","Trait5","mrMLM","NsiI.TP249097","11","11935","3.4409e-05","0.0076","C"
"4","Trait5","mrMLM","NsiI.TP249136","11","11936","-1.2386e-05","0.0027","A"
"4","Trait5","mrMLM","NsiI.TP249314","11","11937","4.0718e-06","9e-04","C"
"4","Trait5","mrMLM","NsiI.TP249330","11","11938","1.3057e-05","0.0029","C"
"4","Trait5","mrMLM","NsiI.TP249517","11","11939","-5.0403e-07","1e-04","A"
"4","Trait5","mrMLM","NsiI.TP249574","11","11940","1.6259e-06","4e-04","C"
"4","Trait5","mrMLM","NsiI.TP249730","11","11941","0.0986","0.5491","A"
"4","Trait5","mrMLM","NsiI.TP249887","11","11942","0.0729","0.7899","C"
"4","Trait5","mrMLM","NsiI.TP249929","11","11943","-1.4829e-05","0.0032","C"
"4","Trait5","mrMLM","NsiI.TP250140","11","11945","1.2608e-05","0.0028","C"
"4","Trait5","mrMLM","NsiI.TP250414","11","11947","-6.6321e-06","0.0014","A"
"4","Trait5","mrMLM","NsiI.TP250465","11","11949","0.0364","0.23","C"
"4","Trait5","mrMLM","NsiI.TP250472","11","11950","-2.07e-05","0.0045","A"
"4","Trait5","mrMLM","NsiI.TP250679","11","11951","-0.0265","0.194","C"
"4","Trait5","mrMLM","NsiI.TP250800","11","11952","-0.1934","0.817","A"
"4","Trait5","mrMLM","NsiI.TP251032","11","11954","-2.4447e-05","0.0054","C"
"4","Trait5","mrMLM","NsiI.TP251131","11","11955","-6.8802e-06","0.0015","A"
"4","Trait5","mrMLM","NsiI.TP251193","11","11958","-0.0704","0.4486","C"
"4","Trait5","mrMLM","NsiI.TP251244","11","11960","1.009e-05","0.0022","A"
"4","Trait5","mrMLM","NsiI.TP251292","11","11961","-5.3196e-06","0.0012","A"
"4","Trait5","mrMLM","NsiI.TP251988","11","11963","-1.7167e-05","0.0038","G"
"4","Trait5","mrMLM","NsiI.TP251994","11","11964","-1.477e-05","0.0032","C"
"4","Trait5","mrMLM","NsiI.TP252291","11","11966","-2.02e-05","0.0044","A"
"4","Trait5","mrMLM","NsiI.TP252368","11","11967","-7.2589e-06","0.0016","A"
"4","Trait5","mrMLM","NsiI.TP252392","11","11969","-2.3487e-06","5e-04","C"
"4","Trait5","mrMLM","NsiI.TP252455","11","11970","2.4125e-05","0.0053","C"
"4","Trait5","mrMLM","NsiI.TP252604","11","11971","-5.9909e-06","0.0013","A"
"4","Trait5","mrMLM","NsiI.TP252644","11","11972","2.3883e-05","0.0052","A"
"4","Trait5","mrMLM","NsiI.TP253200","11","11975","4.8033e-06","0.001","C"
"4","Trait5","mrMLM","NsiI.TP253302","11","11976","3.1266e-05","0.0069","A"
"4","Trait5","mrMLM","NsiI.TP253571","11","11977","0.181","0.8121","A"
"4","Trait5","mrMLM","NsiI.TP253739","11","11978","-1.8232e-05","0.004","A"
"4","Trait5","mrMLM","NsiI.TP253904","11","11979","3.3688e-05","0.0074","C"
"4","Trait5","mrMLM","NsiI.TP253929","11","11980","-3.9422e-06","9e-04","A"
"4","Trait5","mrMLM","NsiI.TP253989","11","11981","-1.641e-05","0.0036","A"
"4","Trait5","mrMLM","NsiI.TP254017","11","11982","-4.1655e-06","9e-04","A"
"4","Trait5","mrMLM","NsiI.TP254044","11","11983","-1.3801e-05","0.003","C"
"4","Trait5","mrMLM","NsiI.TP254060","11","11984","-2.3375e-05","0.0051","A"
"4","Trait5","mrMLM","NsiI.TP254061","11","11985","0.0409","0.3953","A"
"4","Trait5","mrMLM","NsiI.TP254730","11","11990","-3.2649e-06","7e-04","A"
"4","Trait5","mrMLM","NsiI.TP254743","11","11991","1.8661e-05","0.0041","C"
"4","Trait5","mrMLM","NsiI.TP254799","11","11992","0.1009","0.8039","A"
"4","Trait5","mrMLM","NsiI.TP255093","11","11994","-0.1238","1.5651","A"
"4","Trait5","mrMLM","NsiI.TP255594","11","11998","-0.0478","0.4835","C"
"4","Trait5","mrMLM","NsiI.TP256401","11","12000","-2.7009e-07","5.8785e-05","A"
"4","Trait5","mrMLM","NsiI.TP256871","11","12002","4.1368e-06","9e-04","A"
"4","Trait5","mrMLM","NsiI.TP256943","11","12003","-1.5494e-06","3e-04","C"
"4","Trait5","mrMLM","NsiI.TP257143","11","12004","0.0493","0.2835","C"
"4","Trait5","mrMLM","NsiI.TP257195","11","12005","0.0465","0.5342","C"
"4","Trait5","mrMLM","NsiI.TP257205","11","12006","-0.2459","1.0787","A"
"4","Trait5","mrMLM","NsiI.TP257231","11","12008","1.5309e-05","0.0033","A"
"4","Trait5","mrMLM","NsiI.TP257237","11","12009","-1.4398e-05","0.0031","C"
"4","Trait5","mrMLM","NsiI.TP257355","11","12012","-1.5363e-05","0.0034","C"
"4","Trait5","mrMLM","NsiI.TP257521","11","12015","-1.3625e-05","0.003","A"
"4","Trait5","mrMLM","NsiI.TP257635","11","12016","4.1683e-06","9e-04","C"
"4","Trait5","mrMLM","NsiI.TP257644","11","12017","3.0069e-05","0.0066","A"
"4","Trait5","mrMLM","NsiI.TP257838","11","12019","0.067","0.5298","C"
"4","Trait5","mrMLM","NsiI.TP257845","11","12020","-3.1275e-05","0.0069","A"
"4","Trait5","mrMLM","NsiI.TP257950","11","12022","-2.4005e-06","5e-04","C"
"4","Trait5","mrMLM","NsiI.TP257975","11","12024","-0.2937","2.6412","A"
"4","Trait5","mrMLM","NsiI.TP258459","11","12029","-0.1065","0.5164","A"
"4","Trait5","mrMLM","NsiI.TP258468","11","12030","8.4844e-06","0.0019","C"
"4","Trait5","mrMLM","NsiI.TP258528","11","12031","3.545e-05","0.0078","C"
"4","Trait5","mrMLM","NsiI.TP258707","11","12033","3.6227e-05","0.008","C"
"4","Trait5","mrMLM","NsiI.TP258714","11","12034","0.1737","0.5303","A"
"4","Trait5","mrMLM","NsiI.TP258856","11","12035","8e-04","0.0296","G"
"4","Trait5","mrMLM","NsiI.TP258944","11","12036","0.0013","0.0458","C"
"4","Trait5","mrMLM","NsiI.TP259047","11","12038","-1.117e-05","0.0024","A"
"4","Trait5","mrMLM","NsiI.TP259075","11","12039","9.5511e-06","0.0021","C"
"4","Trait5","mrMLM","NsiI.TP259388","11","12040","0.0269","0.3246","C"
"4","Trait5","mrMLM","NsiI.TP259582","11","12041","-0.0511","0.3008","A"
"4","Trait5","mrMLM","NsiI.TP260204","11","12044","3.2567e-06","7e-04","A"
"4","Trait5","mrMLM","NsiI.TP260305","11","12045","0.0227","0.1677","A"
"4","Trait5","mrMLM","NsiI.TP260358","11","12046","0.1072","0.4994","C"
"4","Trait5","mrMLM","NsiI.TP260586","11","12047","-2.7517e-05","0.006","A"
"4","Trait5","mrMLM","NsiI.TP260681","11","12048","1.3306e-05","0.0029","C"
"4","Trait5","mrMLM","NsiI.TP260906","11","12049","-6.6024e-06","0.0014","C"
"4","Trait5","mrMLM","NsiI.TP260915","11","12050","-5.9686e-06","0.0013","C"
"4","Trait5","mrMLM","NsiI.TP261169","11","12051","-0.1932","0.7469","C"
"4","Trait5","mrMLM","NsiI.TP261380","11","12053","0.1038","0.7938","A"
"4","Trait5","mrMLM","NsiI.TP261631","11","12054","-2.7706e-05","0.0061","A"
"4","Trait5","mrMLM","NsiI.TP261660","11","12055","3.7722e-05","0.0083","A"
"4","Trait5","mrMLM","NsiI.TP261782","11","12056","-1.0181e-05","0.0022","C"
"4","Trait5","mrMLM","NsiI.TP262590","11","12060","-2.7416e-06","6e-04","C"
"4","Trait5","mrMLM","NsiI.TP262630","11","12061","1.1421e-05","0.0025","A"
"4","Trait5","mrMLM","NsiI.TP263573","11","12063","-4.0992e-08","8.9207e-06","C"
"4","Trait5","mrMLM","NsiI.TP263592","11","12064","8.5016e-06","0.0019","A"
"4","Trait5","mrMLM","NsiI.TP263947","11","12068","1.3632e-05","0.003","A"
"4","Trait5","mrMLM","NsiI.TP264111","11","12070","8.3263e-06","0.0018","A"
"4","Trait5","mrMLM","NsiI.TP264321","11","12072","-0.0771","1.0661","A"
"4","Trait5","mrMLM","NsiI.TP264328","11","12073","2.0431e-05","0.0045","C"
"4","Trait5","mrMLM","NsiI.TP264329","11","12074","7.1849e-06","0.0016","A"
"4","Trait5","mrMLM","NsiI.TP264333","11","12075","-5.1176e-06","0.0011","A"
"4","Trait5","mrMLM","NsiI.TP264542","11","12077","-0.0131","0.1865","C"
"4","Trait5","mrMLM","NsiI.TP264681","11","12078","-1.5156e-05","0.0033","C"
"4","Trait5","mrMLM","NsiI.TP264855","11","12079","-6.3081e-06","0.0014","A"
"4","Trait5","mrMLM","NsiI.TP264909","11","12080","1.6881e-05","0.0037","C"
"4","Trait5","mrMLM","NsiI.TP264917","11","12081","0.0823","1.2321","C"
"4","Trait5","mrMLM","NsiI.TP264931","11","12082","-0.0442","0.5558","A"
"4","Trait5","mrMLM","NsiI.TP265075","11","12083","3.3356e-05","0.0073","C"
"4","Trait5","mrMLM","NsiI.TP265085","11","12084","-1.6048e-05","0.0035","A"
"4","Trait5","mrMLM","NsiI.TP265804","11","12087","-7.2269e-06","0.0016","G"
"4","Trait5","mrMLM","NsiI.TP266607","11","12089","0.013","0.1162","A"
"4","Trait5","mrMLM","NsiI.TP266769","11","12090","-0.0275","0.3685","C"
"4","Trait5","mrMLM","NsiI.TP266856","11","12091","6.804e-07","1e-04","A"
"4","Trait5","mrMLM","NsiI.TP267066","11","12093","0.0848","0.858","A"
"4","Trait5","mrMLM","NsiI.TP267127","11","12095","-1.0056e-05","0.0022","C"
"4","Trait5","mrMLM","NsiI.TP267204","11","12096","-0.022","0.1821","A"
"4","Trait5","mrMLM","NsiI.TP267208","11","12097","1.6058e-05","0.0035","C"
"4","Trait5","mrMLM","NsiI.TP267299","11","12098","-1.4027e-05","0.0031","A"
"4","Trait5","mrMLM","NsiI.TP267385","11","12099","-1.6956e-05","0.0037","A"
"4","Trait5","mrMLM","NsiI.TP267497","11","12100","-3.193e-05","0.007","A"
"4","Trait5","mrMLM","NsiI.TP267510","11","12101","-0.0375","0.2565","C"
"4","Trait5","mrMLM","NsiI.TP267527","11","12102","3.7334e-05","0.0082","A"
"4","Trait5","mrMLM","NsiI.TP267894","11","12103","0.053","0.5","A"
"4","Trait5","mrMLM","NsiI.TP268420","11","12105","-1.0497e-05","0.0023","A"
"4","Trait5","mrMLM","NsiI.TP268539","11","12107","1.7074e-05","0.0037","C"
"4","Trait5","mrMLM","NsiI.TP269092","11","12112","3.1346e-05","0.0069","C"
"4","Trait5","mrMLM","NsiI.TP269126","11","12113","0.0648","0.4143","C"
"4","Trait5","mrMLM","NsiI.TP269244","11","12114","0.001","0.0321","C"
"4","Trait5","mrMLM","NsiI.TP269404","11","12117","3.1809e-05","0.007","C"
"4","Trait5","mrMLM","NsiI.TP269536","11","12118","-0.0087","0.1246","A"
"4","Trait5","mrMLM","NsiI.TP269545","11","12119","-2.9834e-06","6e-04","A"
"4","Trait5","mrMLM","NsiI.TP269891","11","12123","-5.0894e-06","0.0011","A"
"4","Trait5","mrMLM","NsiI.TP270381","11","12124","2.3221e-05","0.0051","C"
"4","Trait5","mrMLM","NsiI.TP270395","11","12125","0.1418","0.7826","A"
"4","Trait5","mrMLM","NsiI.TP270432","11","12126","-1.4282e-05","0.0031","A"
"4","Trait5","mrMLM","NsiI.TP270786","11","12128","5.2426e-06","0.0011","C"
"4","Trait5","mrMLM","NsiI.TP271366","11","12131","-1.3077e-05","0.0029","C"
"4","Trait5","mrMLM","NsiI.TP271403","11","12132","-0.1083","0.7672","C"
"4","Trait5","mrMLM","NsiI.TP271448","11","12134","-2.3605e-06","5e-04","C"
"4","Trait5","mrMLM","NsiI.TP271839","11","12135","-2.2622e-06","5e-04","C"
"4","Trait5","mrMLM","NsiI.TP272074","11","12138","-0.0217","0.2196","A"
"4","Trait5","mrMLM","NsiI.TP272083","11","12139","2.0171e-06","4e-04","C"
"4","Trait5","mrMLM","NsiI.TP272132","11","12140","2.3719e-05","0.0052","A"
"4","Trait5","mrMLM","NsiI.TP272138","11","12141","-0.1328","1.2707","C"
"4","Trait5","mrMLM","NsiI.TP272152","11","12142","-0.1631","0.9885","C"
"4","Trait5","mrMLM","NsiI.TP272227","11","12143","-0.0021","0.0502","C"
"4","Trait5","mrMLM","NsiI.TP272371","11","12146","-3.1685e-05","0.007","A"
"4","Trait5","mrMLM","NsiI.TP272375","11","12147","-1.0004e-05","0.0022","C"
"4","Trait5","mrMLM","NsiI.TP272412","11","12148","1.0713e-05","0.0023","A"
"4","Trait5","mrMLM","NsiI.TP272441","11","12149","9.7405e-06","0.0021","C"
"4","Trait5","mrMLM","NsiI.TP272721","11","12152","6.7645e-06","0.0015","C"
"4","Trait5","mrMLM","NsiI.TP272736","11","12153","0.0247","0.2747","C"
"4","Trait5","mrMLM","NsiI.TP272765","11","12154","0.0096","0.1301","A"
"4","Trait5","mrMLM","NsiI.TP272859","11","12155","2.6762e-05","0.0059","C"
"4","Trait5","mrMLM","NsiI.TP272965","11","12156","3.0415e-07","6.6205e-05","A"
"4","Trait5","mrMLM","NsiI.TP273026","11","12157","0.0835","0.7311","A"
"4","Trait5","mrMLM","NsiI.TP273034","11","12158","-0.1559","0.6075","A"
"4","Trait5","mrMLM","NsiI.TP273049","11","12159","0.1423","0.7131","G"
"4","Trait5","mrMLM","NsiI.TP273142","11","12160","-1.7831e-05","0.0039","C"
"4","Trait5","mrMLM","NsiI.TP273313","11","12161","-2.4384e-05","0.0053","G"
"4","Trait5","mrMLM","NsiI.TP273402","11","12162","0.2685","1.4537","C"
"4","Trait5","mrMLM","NsiI.TP273601","11","12164","1.6943e-05","0.0037","C"
"4","Trait5","mrMLM","NsiI.TP273734","11","12166","1.7829e-05","0.0039","C"
"4","Trait5","mrMLM","NsiI.TP273802","11","12167","-5.6785e-06","0.0012","C"
"4","Trait5","mrMLM","NsiI.TP274071","11","12170","-1.2157e-05","0.0027","A"
"4","Trait5","mrMLM","NsiI.TP274091","11","12171","-9.3402e-06","0.002","A"
"4","Trait5","mrMLM","NsiI.TP274172","11","12172","0.1007","0.4558","G"
"4","Trait5","mrMLM","NsiI.TP274383","11","12173","1.3216e-05","0.0029","C"
"4","Trait5","mrMLM","NsiI.TP274395","11","12174","0.0452","0.3863","A"
"4","Trait5","mrMLM","NsiI.TP274564","11","12175","-1.9189e-05","0.0042","A"
"4","Trait5","mrMLM","NsiI.TP274605","11","12176","0.0447","0.2045","A"
"4","Trait5","mrMLM","NsiI.TP275068","11","12179","1.5273e-05","0.0033","C"
"4","Trait5","mrMLM","NsiI.TP275269","11","12180","1.4722e-05","0.0032","G"
"4","Trait5","mrMLM","NsiI.TP275513","11","12184","-1.3848e-05","0.003","G"
"4","Trait5","mrMLM","NsiI.TP275545","11","12185","8.453e-06","0.0018","A"
"4","Trait5","mrMLM","NsiI.TP275555","11","12186","0.0307","0.3643","C"
"4","Trait5","mrMLM","NsiI.TP275582","11","12187","-5.9436e-06","0.0013","C"
"4","Trait5","mrMLM","NsiI.TP275680","11","12188","0.0133","0.1555","C"
"4","Trait5","mrMLM","NsiI.TP276013","11","12189","1.6839e-05","0.0037","A"
"4","Trait5","mrMLM","NsiI.TP276014","11","12190","0.0692","0.7354","G"
"4","Trait5","mrMLM","NsiI.TP276227","11","12192","-1.8807e-05","0.0041","A"
"4","Trait5","mrMLM","NsiI.TP276353","11","12193","2.6464e-05","0.0058","C"
"4","Trait5","mrMLM","NsiI.TP276378","11","12194","-1.6299e-06","4e-04","C"
"4","Trait5","mrMLM","NsiI.TP276462","11","12195","-0.2379","2.1629","C"
"4","Trait5","mrMLM","NsiI.TP276672","11","12196","-1.0529e-05","0.0023","C"
"4","Trait5","mrMLM","NsiI.TP277135","11","12199","-0.1116","0.4448","C"
"4","Trait5","mrMLM","NsiI.TP277345","11","12201","0.1398","0.6502","C"
"4","Trait5","mrMLM","NsiI.TP277384","11","12202","0.0141","0.1217","C"
"4","Trait5","mrMLM","NsiI.TP277425","11","12203","-0.0939","0.4928","A"
"4","Trait5","mrMLM","NsiI.TP277654","11","12205","3.4007e-07","7.4017e-05","C"
"4","Trait5","mrMLM","NsiI.TP277660","11","12206","2.4128e-06","5e-04","C"
"4","Trait5","mrMLM","NsiI.TP277972","11","12207","-9.0984e-07","2e-04","C"
"4","Trait5","mrMLM","NsiI.TP278010","11","12208","0.0476","0.3978","A"
"4","Trait5","mrMLM","NsiI.TP278724","11","12211","-2.6943e-07","5.8637e-05","C"
"4","Trait5","mrMLM","NsiI.TP278886","11","12212","0.0703","0.2929","C"
"4","Trait5","mrMLM","NsiI.TP278971","11","12213","-8.642e-06","0.0019","A"
"4","Trait5","mrMLM","NsiI.TP278972","11","12214","-0.1821","0.6594","C"
"4","Trait5","mrMLM","NsiI.TP278982","11","12215","-3.4163e-05","0.0075","C"
"4","Trait5","mrMLM","NsiI.TP279001","11","12216","1.6534e-05","0.0036","A"
"4","Trait5","mrMLM","NsiI.TP279205","11","12220","6.1065e-06","0.0013","A"
"4","Trait5","mrMLM","NsiI.TP279349","11","12221","0.1961","0.6933","C"
"4","Trait5","mrMLM","NsiI.TP279354","11","12222","0.233","1.7168","C"
"4","Trait5","mrMLM","NsiI.TP279429","11","12223","2.2388e-05","0.0049","G"
"4","Trait5","mrMLM","NsiI.TP279430","11","12224","-0.4418","1.7472","C"
"4","Trait5","mrMLM","NsiI.TP279473","11","12225","2.1331e-05","0.0047","C"
"4","Trait5","mrMLM","NsiI.TP279512","11","12226","-1.0417e-05","0.0023","C"
"4","Trait5","mrMLM","NsiI.TP279529","11","12227","0.0111","0.1298","C"
"4","Trait5","mrMLM","NsiI.TP279562","11","12228","-6.0315e-06","0.0013","C"
"4","Trait5","mrMLM","NsiI.TP279616","11","12229","-1.1092e-05","0.0024","C"
"4","Trait5","mrMLM","NsiI.TP279625","11","12230","0.1071","0.5007","A"
"4","Trait5","mrMLM","NsiI.TP279665","11","12231","-2.0309e-06","4e-04","A"
"4","Trait5","mrMLM","NsiI.TP279670","11","12232","3.3231e-06","7e-04","C"
"4","Trait5","mrMLM","NsiI.TP279761","11","12233","0.1952","1.176","C"
"4","Trait5","mrMLM","NsiI.TP279779","11","12234","-1.4675e-06","3e-04","C"
"4","Trait5","mrMLM","NsiI.TP279805","11","12235","-2.973e-06","6e-04","C"
"4","Trait5","mrMLM","NsiI.TP279900","11","12236","0.0083","0.1305","C"
"4","Trait5","mrMLM","NsiI.TP279916","11","12237","-0.0398","0.4979","C"
"4","Trait5","mrMLM","NsiI.TP279921","11","12238","1.4707e-06","3e-04","A"
"4","Trait5","mrMLM","NsiI.TP280034","11","12239","0.1345","0.8621","C"
"4","Trait5","mrMLM","NsiI.TP280153","11","12241","0.0475","0.3853","C"
"4","Trait5","mrMLM","NsiI.TP280235","11","12242","1.126e-06","2e-04","A"
"4","Trait5","mrMLM","NsiI.TP280339","11","12243","1.1499e-05","0.0025","A"
"4","Trait5","mrMLM","NsiI.TP280624","11","12244","3.0372e-05","0.0067","A"
"4","Trait5","mrMLM","NsiI.TP280678","11","12245","-1.0526e-05","0.0023","A"
"4","Trait5","mrMLM","NsiI.TP280756","11","12247","1.269e-05","0.0028","C"
"4","Trait5","mrMLM","NsiI.TP280873","11","12248","1.4177e-05","0.0031","A"
"4","Trait5","mrMLM","NsiI.TP280922","11","12250","-0.0056","0.0886","C"
"4","Trait5","mrMLM","NsiI.TP281042","11","12252","1.4955e-05","0.0033","C"
"4","Trait5","mrMLM","NsiI.TP281126","11","12253","-7.607e-06","0.0017","C"
"4","Trait5","mrMLM","NsiI.TP281128","11","12254","-0.0333","0.3699","A"
"4","Trait5","mrMLM","NsiI.TP281146","11","12255","0.1176","0.9431","C"
"4","Trait5","mrMLM","NsiI.TP281180","11","12256","2.929e-05","0.0064","A"
"4","Trait5","mrMLM","NsiI.TP281261","11","12257","-8.8934e-06","0.0019","A"
"4","Trait5","mrMLM","NsiI.TP281392","11","12259","-0.0243","0.3421","A"
"4","Trait5","mrMLM","NsiI.TP281659","11","12260","1.1804e-05","0.0026","A"
"4","Trait5","mrMLM","NsiI.TP281713","11","12261","-1.1456e-05","0.0025","C"
"4","Trait5","mrMLM","NsiI.TP282009","11","12263","-0.1846","1.0732","A"
"4","Trait5","mrMLM","NsiI.TP282317","11","12265","1.9003e-05","0.0042","G"
"4","Trait5","mrMLM","NsiI.TP282487","11","12268","1.5955e-05","0.0035","G"
"4","Trait5","mrMLM","NsiI.TP282513","11","12269","-0.2103","1.6679","A"
"4","Trait5","mrMLM","NsiI.TP282520","11","12270","6.7792e-07","1e-04","A"
"4","Trait5","mrMLM","NsiI.TP282571","11","12272","0.0227","0.2785","A"
"4","Trait5","mrMLM","NsiI.TP282824","11","12274","1.3849e-06","3e-04","C"
"4","Trait5","mrMLM","NsiI.TP283229","11","12278","0.0957","1.2274","C"
"4","Trait5","mrMLM","NsiI.TP283297","11","12280","-0.0868","0.5766","A"
"4","Trait5","mrMLM","NsiI.TP283323","11","12281","7.1206e-06","0.0016","G"
"4","Trait5","mrMLM","NsiI.TP283362","11","12282","-0.1277","0.6092","C"
"4","Trait5","mrMLM","NsiI.TP283655","11","12283","-1.3351e-05","0.0029","C"
"4","Trait5","mrMLM","NsiI.TP283773","11","12284","-0.0223","0.3415","C"
"4","Trait5","mrMLM","NsiI.TP283977","11","12286","1.3553e-05","0.003","A"
"4","Trait5","mrMLM","NsiI.TP284022","11","12287","1.3357e-05","0.0029","C"
"4","Trait5","mrMLM","NsiI.TP284185","11","12288","-2.1003e-05","0.0046","A"
"4","Trait5","mrMLM","NsiI.TP284915","11","12289","-4.9525e-06","0.0011","A"
"4","Trait5","mrMLM","NsiI.TP285044","11","12290","-0.0407","0.4529","C"
"4","Trait5","mrMLM","NsiI.TP285092","11","12291","-1.5642e-05","0.0034","A"
"4","Trait5","mrMLM","NsiI.TP285187","11","12292","-1.1305e-05","0.0025","C"
"4","Trait5","mrMLM","NsiI.TP285290","11","12293","-0.0072","0.1629","C"
"4","Trait5","mrMLM","NsiI.TP285398","11","12294","-0.0574","0.3223","C"
"4","Trait5","mrMLM","NsiI.TP285418","11","12295","0.0726","0.8098","A"
"4","Trait5","mrMLM","NsiI.TP285462","11","12296","-0.0828","0.7508","C"
"4","Trait5","mrMLM","NsiI.TP285959","11","12297","-0.0197","0.1522","A"
"4","Trait5","mrMLM","NsiI.TP285979","11","12298","0.1546","1.9645","A"
"4","Trait5","mrMLM","NsiI.TP286119","11","12299","-0.0575","0.325","G"
"4","Trait5","mrMLM","NsiI.TP286303","11","12300","-6.3226e-06","0.0014","C"
"4","Trait5","mrMLM","NsiI.TP286305","11","12301","0.102","0.7637","C"
"4","Trait5","mrMLM","NsiI.TP286461","11","12302","2.0378e-05","0.0045","C"
"4","Trait5","mrMLM","NsiI.TP286477","11","12303","0.0933","0.8151","C"
"4","Trait5","mrMLM","NsiI.TP286571","11","12304","0.1301","0.6842","A"
"4","Trait5","mrMLM","NsiI.TP286676","11","12305","1.3132e-05","0.0029","G"
"4","Trait5","mrMLM","NsiI.TP286878","11","12306","0.0714","0.6738","C"
"4","Trait5","mrMLM","NsiI.TP287056","11","12307","1.4481e-05","0.0032","C"
"4","Trait5","mrMLM","NsiI.TP287091","11","12309","0.083","0.4764","A"
"4","Trait5","mrMLM","NsiI.TP287145","11","12310","-0.0152","0.1367","C"
"4","Trait5","mrMLM","NsiI.TP287206","11","12311","-9.1793e-06","0.002","G"
"4","Trait5","mrMLM","NsiI.TP287319","11","12312","-0.0175","0.1935","A"
"4","Trait5","mrMLM","NsiI.TP287332","11","12313","1.3667e-05","0.003","C"
"4","Trait5","mrMLM","NsiI.TP287395","11","12314","0.0676","0.9686","C"
"4","Trait5","mrMLM","NsiI.TP287401","11","12315","1.8862e-05","0.0041","A"
"4","Trait5","mrMLM","NsiI.TP287703","11","12318","1.0281e-05","0.0022","A"
"4","Trait5","mrMLM","NsiI.TP287776","11","12320","1.6055e-06","3e-04","C"
"4","Trait5","mrMLM","NsiI.TP287947","11","12321","-7.3697e-06","0.0016","A"
"4","Trait5","mrMLM","NsiI.TP288415","11","12323","-1.005e-05","0.0022","C"
"4","Trait5","mrMLM","NsiI.TP288843","11","12324","-9.585e-06","0.0021","C"
"4","Trait5","mrMLM","NsiI.TP288950","11","12325","-2.3055e-05","0.005","C"
"4","Trait5","mrMLM","NsiI.TP289019","11","12326","-2.9892e-05","0.0066","A"
"4","Trait5","mrMLM","NsiI.TP289308","11","12328","-1.0816e-05","0.0024","C"
"4","Trait5","mrMLM","NsiI.TP289582","11","12329","-0.169","0.5389","C"
"4","Trait5","mrMLM","NsiI.TP290045","11","12330","0.066","0.8477","A"
"4","Trait5","mrMLM","NsiI.TP290493","11","12331","-9.8383e-06","0.0021","A"
"4","Trait5","mrMLM","NsiI.TP290592","11","12332","-0.0082","0.1489","A"
"4","Trait5","mrMLM","NsiI.TP290914","11","12333","-0.0184","0.2113","A"
"4","Trait5","mrMLM","NsiI.TP290920","11","12334","-0.1233","0.746","A"
"4","Trait5","mrMLM","NsiI.TP291212","11","12335","1.3499e-05","0.0029","A"
"4","Trait5","mrMLM","NsiI.TP291273","11","12337","-3.0299e-05","0.0066","C"
"4","Trait5","mrMLM","NsiI.TP291279","11","12338","2.4762e-05","0.0054","C"
"4","Trait5","mrMLM","NsiI.TP291320","11","12339","0.0479","0.2939","A"
"4","Trait5","mrMLM","NsiI.TP291446","11","12341","-0.1208","0.7744","A"
"4","Trait5","mrMLM","NsiI.TP291526","11","12342","5.53e-06","0.0012","C"
"4","Trait5","mrMLM","NsiI.TP291531","11","12343","-2.784e-05","0.0061","A"
"4","Trait5","mrMLM","NsiI.TP291534","11","12344","-8.6095e-06","0.0019","A"
"4","Trait5","mrMLM","NsiI.TP291680","11","12345","3.0691e-05","0.0067","C"
"4","Trait5","mrMLM","NsiI.TP291787","11","12346","-1.5944e-05","0.0035","C"
"4","Trait5","mrMLM","NsiI.TP292635","11","12352","-1.9495e-05","0.0043","C"
"4","Trait5","mrMLM","NsiI.TP292823","11","12354","-1.8538e-05","0.0041","A"
"4","Trait5","mrMLM","NsiI.TP293341","11","12360","1.1654e-05","0.0025","A"
"4","Trait5","mrMLM","NsiI.TP293355","11","12361","1.4377e-05","0.0031","C"
"4","Trait5","mrMLM","NsiI.TP293416","11","12363","3.5561e-06","8e-04","C"
"4","Trait5","mrMLM","NsiI.TP293440","11","12365","-2.0098e-05","0.0044","C"
"4","Trait5","mrMLM","NsiI.TP293699","11","12366","-7.6801e-06","0.0017","A"
"4","Trait5","mrMLM","NsiI.TP294173","11","12368","0.1058","0.5069","C"
"4","Trait5","mrMLM","NsiI.TP294470","11","12372","-1.9731e-05","0.0043","C"
"4","Trait5","mrMLM","NsiI.TP294717","11","12373","-4.9826e-06","0.0011","C"
"4","Trait5","mrMLM","NsiI.TP294760","11","12374","0.0248","0.2639","C"
"4","Trait5","mrMLM","NsiI.TP294896","11","12375","-1.4889e-05","0.0033","C"
"4","Trait5","mrMLM","NsiI.TP295189","11","12378","2.7979e-06","6e-04","G"
"4","Trait5","mrMLM","NsiI.TP295288","11","12379","-0.0079","0.0984","A"
"4","Trait5","mrMLM","NsiI.TP295344","11","12380","1.4294e-05","0.0031","C"
"4","Trait5","mrMLM","NsiI.TP295432","11","12381","-1.421e-05","0.0031","C"
"4","Trait5","mrMLM","NsiI.TP295433","11","12382","-0.0256","0.3681","A"
"4","Trait5","mrMLM","NsiI.TP295480","11","12383","-4.2728e-07","9.2999e-05","A"
"4","Trait5","mrMLM","NsiI.TP295506","11","12384","-2.5925e-05","0.0057","C"
"4","Trait5","mrMLM","NsiI.TP295615","11","12385","-2.1158e-05","0.0046","A"
"4","Trait5","mrMLM","NsiI.TP295655","11","12386","-0.0902","0.5348","C"
"4","Trait5","mrMLM","NsiI.TP295906","11","12387","0.0719","0.832","C"
"4","Trait5","mrMLM","NsiI.TP296589","11","12388","9.0757e-06","0.002","C"
"4","Trait5","mrMLM","NsiI.TP296983","11","12390","1.3883e-05","0.003","C"
"4","Trait5","mrMLM","NsiI.TP297167","11","12391","1.5422e-05","0.0034","A"
"4","Trait5","mrMLM","NsiI.TP297302","11","12392","0.0305","0.2466","C"
"4","Trait5","mrMLM","NsiI.TP298343","11","12393","1.6494e-05","0.0036","C"
"4","Trait5","mrMLM","NsiI.TP299082","11","12394","-1.1263e-05","0.0025","G"
"4","Trait5","mrMLM","NsiI.TP299123","11","12395","8.3472e-06","0.0018","A"
"4","Trait5","mrMLM","NsiI.TP299152","11","12396","-1.8784e-06","4e-04","A"
"4","Trait5","mrMLM","NsiI.TP299568","11","12398","-0.0595","0.6214","C"
"4","Trait5","mrMLM","NsiI.TP299865","11","12399","0.1216","0.5974","A"
"4","Trait5","mrMLM","NsiI.TP300465","11","12400","-0.0278","0.2283","A"
"4","Trait5","mrMLM","NsiI.TP300581","11","12401","2.6912e-05","0.0059","A"
"4","Trait5","mrMLM","NsiI.TP300894","11","12403","1.9592e-05","0.0043","C"
"4","Trait5","mrMLM","NsiI.TP300993","11","12404","-1.1064e-08","2.4079e-06","C"
"4","Trait5","mrMLM","NsiI.TP301241","11","12405","-1.6504e-05","0.0036","C"
"4","Trait5","mrMLM","NsiI.TP301248","11","12406","1.2224e-05","0.0027","C"
"4","Trait5","mrMLM","NsiI.TP301317","11","12407","-8.6393e-06","0.0019","A"
"4","Trait5","mrMLM","NsiI.TP301345","11","12408","0.0576","0.5864","A"
"4","Trait5","mrMLM","NsiI.TP301376","11","12409","0.0044","0.1062","A"
"4","Trait5","mrMLM","NsiI.TP301793","11","12411","-1.0858e-05","0.0024","C"
"4","Trait5","mrMLM","NsiI.TP301839","11","12412","-0.0606","0.3735","C"
"4","Trait5","mrMLM","NsiI.TP301862","11","12413","9.2675e-06","0.002","C"
"4","Trait5","mrMLM","NsiI.TP301876","11","12414","-3.8148e-05","0.0084","C"
"4","Trait5","mrMLM","NsiI.TP301893","11","12415","1.0855e-05","0.0024","G"
"4","Trait5","mrMLM","NsiI.TP301999","11","12417","1.0166e-05","0.0022","A"
"4","Trait5","mrMLM","NsiI.TP302068","11","12418","-0.0515","0.2922","A"
"4","Trait5","mrMLM","NsiI.TP302363","11","12420","-3.0534e-05","0.0067","C"
"4","Trait5","mrMLM","NsiI.TP302373","11","12421","1.1541e-06","3e-04","A"
"4","Trait5","mrMLM","NsiI.TP302382","11","12422","-1.7075e-05","0.0037","G"
"4","Trait5","mrMLM","NsiI.TP302477","11","12423","-0.1835","0.9781","A"
"4","Trait5","mrMLM","NsiI.TP302610","11","12424","-1.1092e-05","0.0024","A"
"4","Trait5","mrMLM","NsiI.TP302681","11","12425","-0.0561","0.5061","G"
"4","Trait5","mrMLM","NsiI.TP302696","11","12426","0.0494","0.3648","C"
"4","Trait5","mrMLM","NsiI.TP302830","11","12428","-1.113e-05","0.0024","A"
"4","Trait5","mrMLM","NsiI.TP302947","11","12430","2.3022e-06","5e-04","A"
"4","Trait5","mrMLM","NsiI.TP303442","11","12434","5.933e-06","0.0013","C"
"4","Trait5","mrMLM","NsiI.TP303620","11","12438","-3.5857e-06","8e-04","A"
"4","Trait5","mrMLM","NsiI.TP303621","11","12439","-0.0055","0.095","C"
"4","Trait5","mrMLM","NsiI.TP303656","11","12440","8.0323e-06","0.0018","G"
"4","Trait5","mrMLM","NsiI.TP303762","11","12442","-7.7906e-06","0.0017","G"
"4","Trait5","mrMLM","NsiI.TP303844","11","12444","0.0466","0.5637","A"
"4","Trait5","mrMLM","NsiI.TP303878","11","12446","-1.6508e-05","0.0036","C"
"4","Trait5","mrMLM","NsiI.TP303897","11","12447","-3.6066e-06","8e-04","A"
"4","Trait5","mrMLM","NsiI.TP303923","11","12448","-5.2148e-07","1e-04","C"
"4","Trait5","mrMLM","NsiI.TP304249","11","12450","-9.4588e-06","0.0021","A"
"4","Trait5","mrMLM","NsiI.TP304370","11","12452","-0.2161","0.7592","C"
"4","Trait5","mrMLM","NsiI.TP304395","11","12453","-0.1619","0.5629","C"
"4","Trait5","mrMLM","NsiI.TP304396","11","12454","-0.0178","0.1766","C"
"4","Trait5","mrMLM","NsiI.TP304428","11","12457","-1.3547e-05","0.003","C"
"4","Trait5","mrMLM","NsiI.TP304546","11","12460","-1.9772e-05","0.0043","G"
"4","Trait5","mrMLM","NsiI.TP304629","11","12461","-1.2485e-05","0.0027","C"
"4","Trait5","mrMLM","NsiI.TP304739","11","12462","-7.6285e-06","0.0017","C"
"4","Trait5","mrMLM","NsiI.TP304882","11","12463","-0.0261","0.2788","A"
"4","Trait5","mrMLM","NsiI.TP305096","11","12467","0.2555","1.6509","C"
"4","Trait5","mrMLM","NsiI.TP305326","11","12469","3.7368e-05","0.0082","C"
"4","Trait5","mrMLM","NsiI.TP305487","11","12470","3.5887e-06","8e-04","A"
"4","Trait5","mrMLM","NsiI.TP305515","11","12471","-1.4723e-05","0.0032","A"
"4","Trait5","mrMLM","NsiI.TP305517","11","12472","0.031","0.2201","A"
"4","Trait5","mrMLM","NsiI.TP305706","11","12474","-5.544e-06","0.0012","C"
"4","Trait5","mrMLM","NsiI.TP305764","11","12475","0.0247","0.26","C"
"4","Trait5","mrMLM","NsiI.TP305811","11","12476","-3.5917e-05","0.0079","A"
"4","Trait5","mrMLM","NsiI.TP305992","11","12478","-2.4928e-05","0.0055","C"
"4","Trait5","mrMLM","NsiI.TP306028","11","12480","8.1042e-06","0.0018","C"
"4","Trait5","mrMLM","NsiI.TP306848","11","12484","-4.7993e-07","1e-04","G"
"4","Trait5","mrMLM","NsiI.TP307018","11","12486","-1.4069e-05","0.0031","G"
"4","Trait5","mrMLM","NsiI.TP307144","11","12487","6.5287e-06","0.0014","G"
"4","Trait5","mrMLM","NsiI.TP307259","11","12489","0.0072","0.0716","C"
"4","Trait5","mrMLM","NsiI.TP307361","11","12490","2.4683e-06","5e-04","C"
"4","Trait5","mrMLM","NsiI.TP307563","11","12491","0.0521","0.2337","C"
"4","Trait5","mrMLM","NsiI.TP307586","11","12492","-1.0284e-05","0.0022","A"
"4","Trait5","mrMLM","NsiI.TP307628","11","12494","-6.9527e-06","0.0015","C"
"4","Trait5","mrMLM","NsiI.TP307724","11","12496","2.3479e-05","0.0051","A"
"4","Trait5","mrMLM","NsiI.TP307930","11","12498","0.0473","0.44","G"
"4","Trait5","mrMLM","NsiI.TP308222","11","12500","0.1763","0.9991","C"
"4","Trait5","mrMLM","NsiI.TP308237","11","12501","3.2932e-05","0.0072","C"
"4","Trait5","mrMLM","NsiI.TP308398","11","12503","1.0491e-05","0.0023","A"
"4","Trait5","mrMLM","NsiI.TP308443","11","12504","0.1139","0.6834","C"
"4","Trait5","mrMLM","NsiI.TP308626","11","12505","9.8035e-06","0.0021","C"
"4","Trait5","mrMLM","NsiI.TP308641","11","12506","1.0966e-05","0.0024","C"
"4","Trait5","mrMLM","NsiI.TP308674","11","12507","0.0448","0.5328","A"
"4","Trait5","mrMLM","NsiI.TP308829","11","12509","-1.8515e-05","0.004","C"
"4","Trait5","mrMLM","NsiI.TP308965","11","12510","-2.1086e-05","0.0046","A"
"4","Trait5","mrMLM","NsiI.TP309032","11","12511","-0.0735","0.9439","A"
"4","Trait5","mrMLM","NsiI.TP309068","11","12512","0.1639","0.8857","A"
"4","Trait5","mrMLM","NsiI.TP309760","11","12514","0.1666","0.9887","G"
"4","Trait5","mrMLM","NsiI.TP309924","11","12516","-1.5076e-05","0.0033","A"
"4","Trait5","mrMLM","NsiI.TP309926","11","12517","4.3569e-06","9e-04","A"
"4","Trait5","mrMLM","NsiI.TP309932","11","12518","0.075","0.8044","A"
"4","Trait5","mrMLM","NsiI.TP309946","11","12519","1.5698e-05","0.0034","A"
"4","Trait5","mrMLM","NsiI.TP309979","11","12521","-1.5035e-05","0.0033","A"
"4","Trait5","mrMLM","NsiI.TP310040","11","12523","2.7119e-05","0.0059","A"
"4","Trait5","mrMLM","NsiI.TP310047","11","12524","3.8512e-06","8e-04","C"
"4","Trait5","mrMLM","NsiI.TP310185","11","12527","0.0584","0.2897","A"
"4","Trait5","mrMLM","NsiI.TP310294","11","12528","-1.8926e-05","0.0041","C"
"4","Trait5","mrMLM","NsiI.TP310336","11","12529","0.1236","1.0628","A"
"4","Trait5","mrMLM","NsiI.TP310745","11","12530","-6.1328e-06","0.0013","C"
"4","Trait5","mrMLM","NsiI.TP310974","11","12531","-1.4778e-05","0.0032","C"
"4","Trait5","mrMLM","NsiI.TP310983","11","12532","1.4381e-05","0.0031","C"
"4","Trait5","mrMLM","NsiI.TP310995","11","12533","-3.6547e-06","8e-04","A"
"4","Trait5","mrMLM","NsiI.TP311406","11","12534","-2.755e-05","0.006","A"
"4","Trait5","mrMLM","NsiI.TP311798","11","12538","0.1237","1.181","C"
"4","Trait5","mrMLM","NsiI.TP311806","11","12539","1.234e-06","3e-04","G"
"4","Trait5","mrMLM","NsiI.TP311811","11","12540","2.8286e-06","6e-04","A"
"4","Trait5","mrMLM","NsiI.TP311817","11","12541","6.4315e-06","0.0014","A"
"4","Trait5","mrMLM","NsiI.TP311889","11","12543","-2.7137e-05","0.0059","A"
"4","Trait5","mrMLM","NsiI.TP311982","11","12544","-0.0402","0.434","A"
"4","Trait5","mrMLM","NsiI.TP311991","11","12545","-3.1422e-06","7e-04","A"
"4","Trait5","mrMLM","NsiI.TP312014","11","12546","1.8619e-05","0.0041","A"
"4","Trait5","mrMLM","NsiI.TP312068","11","12547","-0.1023","1.2257","A"
"4","Trait5","mrMLM","NsiI.TP312207","11","12548","-1.3022e-05","0.0028","C"
"4","Trait5","mrMLM","NsiI.TP312280","11","12549","1.0777e-05","0.0024","A"
"4","Trait5","mrMLM","NsiI.TP312282","11","12550","0.0686","0.6295","G"
"4","Trait5","mrMLM","NsiI.TP312305","11","12551","-1.6833e-05","0.0037","C"
"4","Trait5","mrMLM","NsiI.TP312349","11","12552","-1.2655e-05","0.0028","C"
"4","Trait5","mrMLM","NsiI.TP312446","11","12553","-1.1242e-05","0.0025","A"
"4","Trait5","mrMLM","NsiI.TP312757","11","12556","-2.2396e-05","0.0049","A"
"4","Trait5","mrMLM","NsiI.TP312782","11","12557","1.799e-05","0.0039","C"
"4","Trait5","mrMLM","NsiI.TP312820","11","12558","9.8786e-06","0.0022","A"
"4","Trait5","mrMLM","NsiI.TP312988","11","12559","0.227","1.4145","C"
"4","Trait5","mrMLM","NsiI.TP313062","11","12561","4.5104e-05","0.0099","A"
"4","Trait5","mrMLM","NsiI.TP313215","11","12565","1.4726e-05","0.0032","C"
"4","Trait5","mrMLM","NsiI.TP313292","11","12566","-2.7645e-05","0.0061","A"
"4","Trait5","mrMLM","NsiI.TP313377","11","12567","-4.0768e-06","9e-04","C"
"4","Trait5","mrMLM","NsiI.TP313566","11","12569","2.5528e-05","0.0056","A"
"4","Trait5","mrMLM","NsiI.TP313664","11","12570","-1.6756e-05","0.0037","G"
"4","Trait5","mrMLM","NsiI.TP313673","11","12571","-9.1683e-06","0.002","C"
"4","Trait5","mrMLM","NsiI.TP313890","11","12572","-0.0787","0.7518","C"
"4","Trait5","mrMLM","NsiI.TP314017","11","12573","-2.8866e-05","0.0063","A"
"4","Trait5","mrMLM","NsiI.TP314066","11","12574","-0.0847","0.5228","C"
"4","Trait5","mrMLM","NsiI.TP314272","11","12576","0.0025","0.0729","A"
"4","Trait5","mrMLM","NsiI.TP314287","11","12577","-8.4029e-06","0.0018","A"
"4","Trait5","mrMLM","NsiI.TP314364","11","12578","-1.1822e-05","0.0026","C"
"4","Trait5","mrMLM","NsiI.TP314390","11","12579","-8.5014e-06","0.0019","C"
"4","Trait5","mrMLM","NsiI.TP314429","11","12580","1.9759e-05","0.0043","C"
"4","Trait5","mrMLM","NsiI.TP314482","11","12583","-0.2098","1.2621","C"
"4","Trait5","mrMLM","NsiI.TP314520","11","12584","-0.0183","0.2099","A"
"4","Trait5","mrMLM","NsiI.TP314863","11","12585","0.1639","1.6684","A"
"4","Trait5","mrMLM","NsiI.TP314928","11","12587","0.1243","0.4985","A"
"4","Trait5","mrMLM","NsiI.TP314946","11","12588","1.7929e-05","0.0039","A"
"4","Trait5","mrMLM","NsiI.TP315096","11","12589","-0.0922","1.2979","C"
"4","Trait5","mrMLM","NsiI.TP315259","11","12590","-2.2164e-05","0.0049","C"
"4","Trait5","mrMLM","NsiI.TP315270","11","12591","1.6449e-05","0.0036","C"
"4","Trait5","mrMLM","NsiI.TP315318","11","12592","-2.2679e-05","0.005","C"
"4","Trait5","mrMLM","NsiI.TP316247","11","12594","-0.162","1.2268","G"
"4","Trait5","mrMLM","NsiI.TP316557","11","12596","0.0188","0.2854","C"
"4","Trait5","mrMLM","NsiI.TP316589","11","12597","-1.8482e-06","4e-04","C"
"4","Trait5","mrMLM","NsiI.TP316618","11","12598","1.6852e-05","0.0037","A"
"4","Trait5","mrMLM","NsiI.TP316818","11","12599","-9.3747e-06","0.002","C"
"4","Trait5","mrMLM","NsiI.TP316971","11","12601","0.183","1.6013","C"
"4","Trait5","mrMLM","NsiI.TP317071","11","12602","-2.6318e-06","6e-04","C"
"4","Trait5","mrMLM","NsiI.TP317353","11","12604","5.0674e-06","0.0011","A"
"4","Trait5","mrMLM","NsiI.TP317451","11","12605","0.0076","0.1208","A"
"4","Trait5","mrMLM","NsiI.TP317648","11","12609","2.9841e-06","6e-04","C"
"4","Trait5","mrMLM","NsiI.TP317692","11","12610","-2.7216e-05","0.006","A"
"4","Trait5","mrMLM","NsiI.TP318439","11","12616","-2.7139e-06","6e-04","C"
"4","Trait5","mrMLM","NsiI.TP318460","11","12617","-2.897e-06","6e-04","C"
"4","Trait5","mrMLM","NsiI.TP318588","11","12618","-4.1504e-06","9e-04","A"
"4","Trait5","mrMLM","NsiI.TP319118","11","12620","0.0196","0.165","A"
"4","Trait5","mrMLM","NsiI.TP319204","11","12621","-3.8676e-06","8e-04","C"
"4","Trait5","mrMLM","NsiI.TP319493","11","12625","1.5506e-05","0.0034","C"
"4","Trait5","mrMLM","NsiI.TP319516","11","12626","-0.277","1.5823","A"
"4","Trait5","mrMLM","NsiI.TP319685","11","12628","3.6932e-06","8e-04","G"
"4","Trait5","mrMLM","NsiI.TP319863","11","12629","2.4239e-05","0.0053","A"
"4","Trait5","mrMLM","NsiI.TP320101","11","12631","1.6723e-05","0.0037","A"
"4","Trait5","mrMLM","NsiI.TP320104","11","12632","-0.2769","1.6703","A"
"4","Trait5","mrMLM","NsiI.TP320123","11","12633","-2.5634e-05","0.0056","C"
"4","Trait5","mrMLM","NsiI.TP320244","11","12635","-3.164e-05","0.0069","A"
"4","Trait5","mrMLM","NsiI.TP320266","11","12636","-0.0879","0.2935","C"
"4","Trait5","mrMLM","NsiI.TP320269","11","12637","7.086e-06","0.0015","C"
"4","Trait5","mrMLM","NsiI.TP320321","11","12638","7.2195e-06","0.0016","A"
"4","Trait5","mrMLM","NsiI.TP320513","11","12640","-0.0178","0.1594","A"
"4","Trait5","mrMLM","NsiI.TP320623","11","12643","-1.2862e-05","0.0028","A"
"4","Trait5","mrMLM","NsiI.TP320702","11","12644","1.5433e-05","0.0034","A"
"4","Trait5","mrMLM","NsiI.TP320740","11","12645","9.5834e-06","0.0021","A"
"4","Trait5","mrMLM","NsiI.TP320865","11","12646","-0.0117","0.1773","A"
"4","Trait5","mrMLM","NsiI.TP320877","11","12647","0.0306","0.2192","C"
"4","Trait5","mrMLM","NsiI.TP320967","11","12648","0.0741","0.6069","A"
"4","Trait5","mrMLM","NsiI.TP321118","11","12649","1.589e-05","0.0035","A"
"4","Trait5","mrMLM","NsiI.TP321206","11","12650","-1.504e-05","0.0033","C"
"4","Trait5","mrMLM","NsiI.TP321288","11","12651","2.2706e-05","0.005","G"
"4","Trait5","mrMLM","NsiI.TP321307","11","12652","0.2393","0.836","G"
"4","Trait5","mrMLM","NsiI.TP321487","11","12654","1.9786e-05","0.0043","A"
"4","Trait5","mrMLM","NsiI.TP321512","11","12655","1.8919e-05","0.0041","G"
"4","Trait5","mrMLM","NsiI.TP321731","11","12656","3.2637e-05","0.0072","C"
"4","Trait5","mrMLM","NsiI.TP321874","11","12658","-1.7488e-05","0.0038","G"
"4","Trait5","mrMLM","NsiI.TP322086","11","12660","0.249","1.5048","G"
"4","Trait5","mrMLM","NsiI.TP322089","11","12661","2.3078e-06","5e-04","A"
"4","Trait5","mrMLM","NsiI.TP322205","11","12663","-4.6701e-05","0.0103","C"
"4","Trait5","mrMLM","NsiI.TP322608","11","12667","4.2839e-06","9e-04","C"
"4","Trait5","mrMLM","NsiI.TP322629","11","12668","5.2807e-06","0.0012","A"
"4","Trait5","mrMLM","NsiI.TP322666","11","12669","-1.2537e-05","0.0027","A"
"4","Trait5","mrMLM","NsiI.TP322730","11","12670","0.0318","0.3203","C"
"4","Trait5","mrMLM","NsiI.TP322768","11","12671","1.0172e-05","0.0022","A"
"4","Trait5","mrMLM","NsiI.TP323141","11","12676","3.0331e-05","0.0067","A"
"4","Trait5","mrMLM","NsiI.TP323226","11","12679","-2.7694e-05","0.0061","A"
"4","Trait5","mrMLM","NsiI.TP323328","11","12680","0.053","0.338","A"
"4","Trait5","mrMLM","NsiI.TP323678","11","12681","-0.199","1.0436","G"
"4","Trait5","mrMLM","NsiI.TP323729","11","12682","0.0024","0.0723","A"
"4","Trait5","mrMLM","NsiI.TP323789","11","12683","0.169","2.184","A"
"4","Trait5","mrMLM","NsiI.TP323814","11","12684","-3.4606e-05","0.0076","A"
"4","Trait5","mrMLM","NsiI.TP323819","11","12685","3.3592e-05","0.0074","C"
"4","Trait5","mrMLM","NsiI.TP323897","11","12686","-6.2699e-07","1e-04","A"
"4","Trait5","mrMLM","NsiI.TP324061","11","12690","3.5127e-06","8e-04","C"
"4","Trait5","mrMLM","NsiI.TP324089","11","12691","1.1786e-05","0.0026","C"
"4","Trait5","mrMLM","NsiI.TP324155","11","12692","-7.9825e-06","0.0017","C"
"4","Trait5","mrMLM","NsiI.TP324215","11","12693","2.2994e-05","0.005","A"
"4","Trait5","mrMLM","NsiI.TP324219","11","12694","-1.1266e-05","0.0025","A"
"4","Trait5","mrMLM","NsiI.TP324223","11","12695","0.1246","0.8645","A"
"4","Trait5","mrMLM","NsiI.TP324424","11","12697","0.0296","0.4177","C"
"4","Trait5","mrMLM","NsiI.TP324519","11","12698","-0.1142","0.8292","C"
"4","Trait5","mrMLM","NsiI.TP324675","11","12701","-5.4473e-06","0.0012","G"
"4","Trait5","mrMLM","NsiI.TP324718","11","12702","-0.2713","1.3424","C"
"4","Trait5","mrMLM","NsiI.TP324732","11","12703","-6.0971e-06","0.0013","C"
"4","Trait5","mrMLM","NsiI.TP324905","11","12704","2.401e-05","0.0053","C"
"4","Trait5","mrMLM","NsiI.TP324949","11","12705","-0.0772","0.5602","A"
"4","Trait5","mrMLM","NsiI.TP325453","11","12708","-1.7193e-05","0.0038","C"
"4","Trait5","mrMLM","NsiI.TP325562","11","12709","-4.6562e-05","0.0103","A"
"4","Trait5","mrMLM","NsiI.TP325589","11","12710","8.5736e-06","0.0019","G"
"4","Trait5","mrMLM","NsiI.TP325730","11","12711","0.0521","0.4688","C"
"4","Trait5","mrMLM","NsiI.TP325941","11","12712","0.1838","1.3333","A"
"4","Trait5","mrMLM","NsiI.TP326582","11","12715","0.133","0.5091","C"
"4","Trait5","mrMLM","NsiI.TP326588","11","12716","2.026e-05","0.0044","A"
"4","Trait5","mrMLM","NsiI.TP326974","11","12717","-2.5174e-05","0.0055","A"
"4","Trait5","mrMLM","PstI.TP141279","11","12718","-2.5908e-05","0.0057","A"
"4","Trait5","mrMLM","NsiI.TP327085","11","12718","-0.0487","0.4452","C"
"4","Trait5","mrMLM","NsiI.TP327144","11","12719","-1.6774e-05","0.0037","C"
"4","Trait5","mrMLM","NsiI.TP327202","11","12720","8.3871e-06","0.0018","A"
"4","Trait5","mrMLM","NsiI.TP327219","11","12721","0.0309","0.3138","C"
"4","Trait5","mrMLM","NsiI.TP327358","11","12722","1.3187e-05","0.0029","A"
"4","Trait5","mrMLM","NsiI.TP327359","11","12723","6.6035e-07","1e-04","C"
"4","Trait5","mrMLM","NsiI.TP327383","11","12724","-8.9086e-06","0.0019","A"
"4","Trait5","mrMLM","NsiI.TP327401","11","12725","6.5948e-06","0.0014","G"
"4","Trait5","mrMLM","NsiI.TP327883","11","12727","-2.4728e-05","0.0054","A"
"4","Trait5","mrMLM","NsiI.TP328018","11","12728","-7.1835e-06","0.0016","C"
"4","Trait5","mrMLM","NsiI.TP328019","11","12729","-1.5071e-05","0.0033","A"
"4","Trait5","mrMLM","NsiI.TP328105","11","12731","-7.8745e-07","2e-04","A"
"4","Trait5","mrMLM","NsiI.TP328133","11","12732","-0.3251","1.0339","C"
"4","Trait5","mrMLM","NsiI.TP328244","11","12733","-0.0778","0.497","C"
"4","Trait5","mrMLM","NsiI.TP328261","11","12734","0.0057","0.1137","C"
"4","Trait5","mrMLM","NsiI.TP328345","11","12736","1.3975e-05","0.0031","A"
"4","Trait5","mrMLM","NsiI.TP328369","11","12737","-1.467e-05","0.0032","C"
"4","Trait5","mrMLM","NsiI.TP328489","11","12739","3.0362e-05","0.0067","C"
"4","Trait5","mrMLM","NsiI.TP328730","11","12742","-0.073","0.4653","A"
"4","Trait5","mrMLM","NsiI.TP328958","11","12745","2.3304e-05","0.0051","G"
"4","Trait5","mrMLM","NsiI.TP328961","11","12746","-8.1625e-06","0.0018","A"
"4","Trait5","mrMLM","NsiI.TP328982","11","12748","-0.0751","0.774","A"
"4","Trait5","mrMLM","NsiI.TP329039","11","12749","-1.228e-05","0.0027","A"
"4","Trait5","mrMLM","NsiI.TP329189","11","12751","0.0358","0.4029","A"
"4","Trait5","mrMLM","NsiI.TP329199","11","12752","-4.9065e-06","0.0011","G"
"4","Trait5","mrMLM","NsiI.TP329249","11","12755","-2.8211e-05","0.0062","C"
"4","Trait5","mrMLM","NsiI.TP329278","11","12756","7.7306e-06","0.0017","A"
"4","Trait5","mrMLM","NsiI.TP329293","11","12757","2.2241e-05","0.0049","A"
"4","Trait5","mrMLM","NsiI.TP329314","11","12758","-1.2526e-05","0.0027","A"
"4","Trait5","mrMLM","NsiI.TP329415","11","12759","0.0569","0.517","C"
"4","Trait5","mrMLM","NsiI.TP329495","11","12761","1.581e-05","0.0035","A"
"4","Trait5","mrMLM","NsiI.TP329528","11","12762","0.0838","0.8338","A"
"4","Trait5","mrMLM","NsiI.TP329550","11","12763","-5.0724e-06","0.0011","C"
"4","Trait5","mrMLM","NsiI.TP329575","11","12764","-0.0408","0.3507","A"
"4","Trait5","mrMLM","NsiI.TP329714","11","12766","-1.2072e-05","0.0026","C"
"4","Trait5","mrMLM","NsiI.TP329726","11","12767","1.0823e-05","0.0024","G"
"4","Trait5","mrMLM","NsiI.TP329943","11","12769","5.4977e-06","0.0012","C"
"4","Trait5","mrMLM","NsiI.TP329964","11","12770","-9.3753e-06","0.002","C"
"4","Trait5","mrMLM","NsiI.TP330003","11","12771","0.1975","1.1328","C"
"4","Trait5","mrMLM","NsiI.TP330061","11","12772","-6.7552e-06","0.0015","A"
"4","Trait5","mrMLM","NsiI.TP330068","11","12773","-0.0885","0.7429","A"
"4","Trait5","mrMLM","NsiI.TP330135","11","12774","4.4245e-06","0.001","G"
"4","Trait5","mrMLM","NsiI.TP330230","11","12775","-0.2246","1.4696","A"
"4","Trait5","mrMLM","NsiI.TP330232","11","12776","-2.0227e-05","0.0044","A"
"4","Trait5","mrMLM","NsiI.TP330282","11","12777","-3.0565e-05","0.0067","C"
"4","Trait5","mrMLM","NsiI.TP330416","11","12778","-0.0779","0.6938","G"
"4","Trait5","mrMLM","NsiI.TP330422","11","12779","2.6946e-05","0.0059","A"
"4","Trait5","mrMLM","NsiI.TP330540","11","12780","-6.49e-06","0.0014","A"
"4","Trait5","mrMLM","NsiI.TP330881","11","12782","0.0544","0.4351","A"
"4","Trait5","mrMLM","NsiI.TP331003","11","12784","-1.0479e-05","0.0023","C"
"4","Trait5","mrMLM","NsiI.TP331082","11","12786","1.1433e-05","0.0025","C"
"4","Trait5","mrMLM","NsiI.TP331093","11","12787","0.1149","1.001","C"
"4","Trait5","mrMLM","NsiI.TP331221","11","12788","-0.0544","0.591","C"
"4","Trait5","mrMLM","NsiI.TP331229","11","12789","3.8061e-06","8e-04","A"
"4","Trait5","mrMLM","NsiI.TP331241","11","12790","-1.3725e-05","0.003","C"
"4","Trait5","mrMLM","NsiI.TP331306","11","12791","1.1174e-05","0.0024","G"
"4","Trait5","mrMLM","NsiI.TP331617","11","12793","-2.7123e-05","0.0059","C"
"4","Trait5","mrMLM","NsiI.TP331738","11","12794","-2.8699e-05","0.0063","A"
"4","Trait5","mrMLM","NsiI.TP331832","11","12795","-0.0546","0.3717","A"
"4","Trait5","mrMLM","NsiI.TP331922","11","12796","0.0431","0.1904","C"
"4","Trait5","mrMLM","NsiI.TP332442","11","12799","-1.5496e-05","0.0034","A"
"4","Trait5","mrMLM","NsiI.TP332485","11","12800","-0.5547","2.1917","C"
"4","Trait5","mrMLM","NsiI.TP332502","11","12801","-0.0128","0.1718","A"
"4","Trait5","mrMLM","NsiI.TP332539","11","12802","-0.0154","0.175","G"
"4","Trait5","mrMLM","NsiI.TP332579","11","12803","-1.8879e-05","0.0041","A"
"4","Trait5","mrMLM","NsiI.TP333037","11","12805","9.8193e-06","0.0021","A"
"4","Trait5","mrMLM","NsiI.TP333462","11","12807","-2.2957e-05","0.005","C"
"4","Trait5","mrMLM","NsiI.TP333584","11","12808","-6.064e-06","0.0013","C"
"4","Trait5","mrMLM","NsiI.TP333705","11","12809","-0.0843","1.201","C"
"4","Trait5","mrMLM","NsiI.TP333882","11","12811","-3.6316e-05","0.008","C"
"4","Trait5","mrMLM","NsiI.TP333914","11","12812","0.0794","0.565","A"
"4","Trait5","mrMLM","NsiI.TP333958","11","12813","-0.0846","0.5875","A"
"4","Trait5","mrMLM","NsiI.TP333980","11","12814","2.3691e-05","0.0052","C"
"4","Trait5","mrMLM","NsiI.TP333998","11","12816","3.068e-05","0.0067","G"
"4","Trait5","mrMLM","NsiI.TP334059","11","12817","0.0102","0.1052","C"
"4","Trait5","mrMLM","NsiI.TP334084","11","12818","0.1696","1.5001","A"
"4","Trait5","mrMLM","NsiI.TP335173","11","12820","-1.3979e-05","0.0031","C"
"4","Trait5","mrMLM","NsiI.TP335176","11","12821","-0.0827","0.5284","C"
"4","Trait5","mrMLM","NsiI.TP335196","11","12822","-2.2625e-05","0.005","C"
"4","Trait5","mrMLM","NsiI.TP335486","11","12824","1.6497e-05","0.0036","C"
"4","Trait5","mrMLM","NsiI.TP335634","11","12825","-0.0203","0.2619","C"
"4","Trait5","mrMLM","NsiI.TP335653","11","12826","-0.0957","0.6213","A"
"4","Trait5","mrMLM","NsiI.TP336234","11","12829","1.5402e-05","0.0034","C"
"4","Trait5","mrMLM","NsiI.TP336245","11","12830","1.2789e-06","3e-04","G"
"4","Trait5","mrMLM","NsiI.TP336246","11","12831","1.3067e-05","0.0029","C"
"4","Trait5","mrMLM","NsiI.TP336384","11","12833","4.026e-05","0.0089","G"
"4","Trait5","mrMLM","NsiI.TP336427","11","12834","-1.7989e-05","0.0039","C"
"4","Trait5","mrMLM","NsiI.TP336567","11","12835","0.0326","0.3086","A"
"4","Trait5","mrMLM","NsiI.TP336597","11","12836","-1.3403e-05","0.0029","C"
"4","Trait5","mrMLM","NsiI.TP336647","11","12837","-0.0028","0.083","A"
"4","Trait5","mrMLM","NsiI.TP336731","11","12838","1.1673e-05","0.0025","A"
"4","Trait5","mrMLM","NsiI.TP336782","11","12839","-0.0598","0.7971","G"
"4","Trait5","mrMLM","NsiI.TP336870","11","12841","2.9169e-05","0.0064","A"
"4","Trait5","mrMLM","NsiI.TP336902","11","12842","-3.7173e-06","8e-04","A"
"4","Trait5","mrMLM","NsiI.TP337191","11","12843","-2.7006e-05","0.0059","A"
"4","Trait5","mrMLM","NsiI.TP337196","11","12844","-1.669e-05","0.0036","C"
"4","Trait5","mrMLM","NsiI.TP337205","11","12845","-1.2651e-05","0.0028","A"
"4","Trait5","mrMLM","NsiI.TP337249","11","12846","-7.8397e-06","0.0017","C"
"4","Trait5","mrMLM","NsiI.TP337278","11","12847","0.1323","0.4209","G"
"4","Trait5","mrMLM","NsiI.TP337305","11","12848","0.0262","0.3589","C"
"4","Trait5","mrMLM","NsiI.TP337357","11","12849","-0.1176","0.5784","C"
"4","Trait5","mrMLM","NsiI.TP337369","11","12850","-5.0293e-06","0.0011","A"
"4","Trait5","mrMLM","NsiI.TP337434","11","12851","-0.1489","0.8651","C"
"4","Trait5","mrMLM","NsiI.TP337674","11","12853","3.9558e-06","9e-04","A"
"4","Trait5","mrMLM","NsiI.TP337699","11","12854","-1.2178e-05","0.0027","C"
"4","Trait5","mrMLM","NsiI.TP337871","11","12856","0.0677","0.3981","A"
"4","Trait5","mrMLM","NsiI.TP338052","11","12857","9.2031e-06","0.002","C"
"4","Trait5","mrMLM","NsiI.TP338068","11","12858","-3.415e-06","7e-04","C"
"4","Trait5","mrMLM","NsiI.TP338074","11","12859","3.1649e-06","7e-04","A"
"4","Trait5","mrMLM","NsiI.TP338288","11","12862","-0.053","0.6013","A"
"4","Trait5","mrMLM","NsiI.TP338714","11","12864","-1.6989e-05","0.0037","C"
"4","Trait5","mrMLM","NsiI.TP338721","11","12865","1.7535e-05","0.0038","C"
"4","Trait5","mrMLM","NsiI.TP338772","11","12866","-0.0875","0.6371","C"
"4","Trait5","mrMLM","NsiI.TP338774","11","12867","-8.4344e-06","0.0018","A"
"4","Trait5","mrMLM","NsiI.TP338838","11","12868","-2.1175e-05","0.0046","C"
"4","Trait5","mrMLM","NsiI.TP338850","11","12869","-7.4676e-06","0.0016","C"
"4","Trait5","mrMLM","NsiI.TP339652","11","12871","1.0856e-05","0.0024","A"
"4","Trait5","mrMLM","NsiI.TP339690","11","12872","-3.1874e-05","0.007","G"
"4","Trait5","mrMLM","NsiI.TP339752","11","12874","-0.0173","0.2412","C"
"4","Trait5","mrMLM","NsiI.TP339779","11","12875","-1.1867e-05","0.0026","C"
"4","Trait5","mrMLM","NsiI.TP340172","11","12879","0.1544","2.669","A"
"4","Trait5","mrMLM","NsiI.TP340724","11","12881","1.9384e-06","4e-04","C"
"4","Trait5","mrMLM","NsiI.TP340788","11","12882","-0.1987","1.0865","C"
"4","Trait5","mrMLM","NsiI.TP340807","11","12884","2.2046e-06","5e-04","C"
"4","Trait5","mrMLM","NsiI.TP340957","11","12887","-0.0282","0.3676","C"
"4","Trait5","mrMLM","NsiI.TP341014","11","12888","0.0037","0.0575","C"
"4","Trait5","mrMLM","NsiI.TP341077","11","12889","-0.194","0.6497","A"
"4","Trait5","mrMLM","NsiI.TP341131","11","12890","-8.4239e-06","0.0018","C"
"4","Trait5","mrMLM","NsiI.TP341172","11","12891","0.0575","0.2854","C"
"4","Trait5","mrMLM","NsiI.TP341195","11","12892","1.6463e-06","4e-04","A"
"4","Trait5","mrMLM","NsiI.TP341667","11","12893","2.9457e-05","0.0065","A"
"4","Trait5","mrMLM","NsiI.TP341679","11","12894","-1.8452e-06","4e-04","C"
"4","Trait5","mrMLM","NsiI.TP341785","11","12895","-1.9699e-06","4e-04","C"
"4","Trait5","mrMLM","NsiI.TP341871","11","12896","-1.9185e-05","0.0042","C"
"4","Trait5","mrMLM","NsiI.TP342027","11","12897","-2.5167e-05","0.0055","A"
"4","Trait5","mrMLM","NsiI.TP342603","11","12898","-5.783e-06","0.0013","C"
"4","Trait5","mrMLM","NsiI.TP342731","11","12899","-7.9511e-06","0.0017","A"
"4","Trait5","mrMLM","NsiI.TP343288","11","12901","0.0962","1.3218","C"
"4","Trait5","mrMLM","NsiI.TP343301","11","12902","0.0071","0.1343","G"
"4","Trait5","mrMLM","NsiI.TP343459","11","12903","2.4658e-05","0.0054","C"
"4","Trait5","mrMLM","NsiI.TP343512","11","12904","-7.6046e-06","0.0017","C"
"4","Trait5","mrMLM","NsiI.TP343534","11","12905","-0.0389","0.5102","C"
"4","Trait5","mrMLM","NsiI.TP343718","11","12907","-6.0166e-07","1e-04","G"
"4","Trait5","mrMLM","NsiI.TP343761","11","12909","1.6512e-05","0.0036","C"
"4","Trait5","mrMLM","NsiI.TP343846","11","12910","8.6392e-06","0.0019","A"
"4","Trait5","mrMLM","NsiI.TP343969","11","12911","0.0498","0.6607","A"
"4","Trait5","mrMLM","NsiI.TP344303","11","12913","2.1032e-05","0.0046","A"
"4","Trait5","mrMLM","NsiI.TP344445","11","12914","-9.3329e-06","0.002","A"
"4","Trait5","mrMLM","NsiI.TP344759","11","12916","-0.0836","0.786","C"
"4","Trait5","mrMLM","NsiI.TP344870","11","12918","-2.1874e-07","4.7603e-05","A"
"4","Trait5","mrMLM","NsiI.TP345051","11","12919","0.0097","0.1349","A"
"4","Trait5","mrMLM","NsiI.TP345077","11","12920","-1.4488e-05","0.0032","C"
"4","Trait5","mrMLM","NsiI.TP345205","11","12921","-9.8647e-06","0.0022","A"
"4","Trait5","mrMLM","NsiI.TP345277","11","12922","1.0777e-06","2e-04","A"
"4","Trait5","mrMLM","NsiI.TP345716","11","12923","3.7198e-05","0.0082","A"
"4","Trait5","mrMLM","NsiI.TP345800","11","12925","1.5855e-05","0.0035","A"
"4","Trait5","mrMLM","NsiI.TP345837","11","12926","-5.97e-06","0.0013","A"
"4","Trait5","mrMLM","NsiI.TP345903","11","12927","2.0762e-06","5e-04","A"
"4","Trait5","mrMLM","NsiI.TP345947","11","12929","1.4857e-05","0.0032","C"
"4","Trait5","mrMLM","NsiI.TP345953","11","12930","0.0701","0.356","C"
"4","Trait5","mrMLM","NsiI.TP346003","11","12933","-1.6963e-05","0.0037","A"
"4","Trait5","mrMLM","NsiI.TP346051","11","12934","0.2873","1.0946","C"
"4","Trait5","mrMLM","NsiI.TP346232","11","12936","-6.0373e-06","0.0013","C"
"4","Trait5","mrMLM","NsiI.TP346601","11","12940","-0.068","0.3863","A"
"4","Trait5","mrMLM","NsiI.TP346609","11","12941","-1.6671e-06","4e-04","C"
"4","Trait5","mrMLM","NsiI.TP346687","11","12942","1.6642e-05","0.0036","C"
"4","Trait5","mrMLM","NsiI.TP347450","11","12945","-0.0292","0.3419","A"
"4","Trait5","mrMLM","NsiI.TP347553","11","12946","-2.1514e-05","0.0047","A"
"4","Trait5","mrMLM","NsiI.TP347655","11","12948","-6.502e-06","0.0014","A"
"4","Trait5","mrMLM","NsiI.TP347686","11","12949","8.1587e-06","0.0018","A"
"4","Trait5","mrMLM","NsiI.TP347852","11","12951","-0.0833","0.9466","A"
"4","Trait5","mrMLM","NsiI.TP348071","11","12953","-0.1113","0.3518","A"
"4","Trait5","mrMLM","NsiI.TP348272","11","12954","1.1796e-06","3e-04","C"
"4","Trait5","mrMLM","NsiI.TP348366","11","12955","1.7164e-05","0.0038","A"
"4","Trait5","mrMLM","NsiI.TP348381","11","12956","0.061","0.8821","C"
"4","Trait5","mrMLM","NsiI.TP348666","11","12958","4.8976e-06","0.0011","C"
"4","Trait5","mrMLM","NsiI.TP348758","11","12960","1.6243e-05","0.0035","C"
"4","Trait5","mrMLM","NsiI.TP349261","11","12963","1.7018e-05","0.0037","A"
"4","Trait5","mrMLM","NsiI.TP349535","11","12964","0.0713","0.6848","A"
"4","Trait5","mrMLM","NsiI.TP349591","11","12965","-2.6322e-05","0.0058","G"
"4","Trait5","mrMLM","NsiI.TP349632","11","12967","-1.4856e-05","0.0032","A"
"4","Trait5","mrMLM","NsiI.TP349700","11","12968","-1.3611e-05","0.003","A"
"4","Trait5","mrMLM","NsiI.TP349745","11","12969","-0.112","0.6178","A"
"4","Trait5","mrMLM","NsiI.TP349831","11","12970","-1.4507e-05","0.0032","A"
"4","Trait5","mrMLM","NsiI.TP349909","11","12971","-9.1805e-06","0.002","A"
"4","Trait5","mrMLM","NsiI.TP350066","11","12972","5.7808e-06","0.0013","A"
"4","Trait5","mrMLM","NsiI.TP350377","11","12973","-0.1278","1.56","C"
"4","Trait5","mrMLM","NsiI.TP350512","11","12975","-2.5539e-05","0.0056","C"
"4","Trait5","mrMLM","NsiI.TP350577","11","12976","-0.1169","1.7298","A"
"4","Trait5","mrMLM","NsiI.TP350683","11","12977","9.634e-06","0.0021","C"
"4","Trait5","mrMLM","NsiI.TP350907","11","12979","-1.9121e-06","4e-04","G"
"4","Trait5","mrMLM","NsiI.TP350913","11","12980","0.3215","1.5075","A"
"4","Trait5","mrMLM","NsiI.TP351182","11","12983","-3.3563e-07","7.3043e-05","A"
"4","Trait5","mrMLM","NsiI.TP351231","11","12984","-0.0023","0.0701","C"
"4","Trait5","mrMLM","NsiI.TP351366","11","12985","-0.0395","0.3141","C"
"4","Trait5","mrMLM","NsiI.TP351424","11","12986","1.059e-05","0.0023","C"
"4","Trait5","mrMLM","NsiI.TP351426","11","12987","6.2135e-06","0.0014","A"
"4","Trait5","mrMLM","NsiI.TP351550","11","12989","3.1467e-06","7e-04","A"
"4","Trait5","mrMLM","NsiI.TP351688","11","12990","0.3482","1.5362","A"
"4","Trait5","mrMLM","NsiI.TP352174","11","12994","-0.1827","0.785","A"
"4","Trait5","mrMLM","NsiI.TP352352","11","12995","-0.209","0.8609","C"
"4","Trait5","mrMLM","NsiI.TP352508","11","12997","-1.7528e-05","0.0038","G"
"4","Trait5","mrMLM","NsiI.TP352656","11","12998","6.2945e-06","0.0014","A"
"4","Trait5","mrMLM","NsiI.TP352836","11","12999","-2.9108e-05","0.0064","C"
"4","Trait5","mrMLM","NsiI.TP352961","11","13000","-1.024e-05","0.0022","A"
"4","Trait5","mrMLM","NsiI.TP353009","11","13001","-0.0809","0.316","A"
"4","Trait5","mrMLM","NsiI.TP353028","11","13002","0.0975","0.7246","C"
"4","Trait5","mrMLM","NsiI.TP353064","11","13004","-2.3993e-05","0.0053","G"
"4","Trait5","mrMLM","NsiI.TP353108","11","13006","3.1117e-08","6.7718e-06","C"
"4","Trait5","mrMLM","NsiI.TP353194","11","13010","2.9417e-05","0.0064","C"
"4","Trait5","mrMLM","NsiI.TP353467","11","13011","2.1023e-05","0.0046","C"
"4","Trait5","mrMLM","NsiI.TP353473","11","13012","1.8045e-05","0.0039","C"
"4","Trait5","mrMLM","NsiI.TP353589","11","13013","-2.1239e-05","0.0046","C"
"4","Trait5","mrMLM","NsiI.TP353678","11","13014","0.0905","0.4776","C"
"4","Trait5","mrMLM","NsiI.TP353788","11","13017","1.3224e-05","0.0029","C"
"4","Trait5","mrMLM","NsiI.TP354047","11","13018","-1.6209e-06","4e-04","A"
"4","Trait5","mrMLM","NsiI.TP354103","11","13019","-8.1789e-07","2e-04","A"
"4","Trait5","mrMLM","NsiI.TP354241","11","13021","3.0256e-05","0.0066","A"
"4","Trait5","mrMLM","NsiI.TP354271","11","13022","-1.6984e-05","0.0037","G"
"4","Trait5","mrMLM","NsiI.TP354382","11","13023","-7.5144e-06","0.0016","C"
"4","Trait5","mrMLM","NsiI.TP354402","11","13024","-2.1194e-05","0.0046","C"
"4","Trait5","mrMLM","NsiI.TP354578","11","13026","7.0113e-06","0.0015","C"
"4","Trait5","mrMLM","NsiI.TP354677","11","13027","-4.1778e-06","9e-04","C"
"4","Trait5","mrMLM","NsiI.TP354789","11","13028","0.1964","0.6231","C"
"4","Trait5","mrMLM","NsiI.TP355028","11","13031","0.0582","0.4308","A"
"4","Trait5","mrMLM","NsiI.TP355168","11","13033","7.0124e-06","0.0015","C"
"4","Trait5","mrMLM","NsiI.TP355225","11","13034","2.5953e-06","6e-04","A"
"4","Trait5","mrMLM","NsiI.TP355289","11","13035","-2.3175e-06","5e-04","A"
"4","Trait5","mrMLM","NsiI.TP355661","11","13037","6.1455e-06","0.0013","A"
"4","Trait5","mrMLM","NsiI.TP355758","11","13038","-9.16e-06","0.002","A"
"4","Trait5","mrMLM","NsiI.TP355777","11","13039","-0.0829","1.1465","A"
"4","Trait5","mrMLM","NsiI.TP355787","11","13040","-2.0026e-05","0.0044","G"
"4","Trait5","mrMLM","NsiI.TP355818","11","13041","-0.1851","1.1162","C"
"4","Trait5","mrMLM","NsiI.TP355888","11","13042","-0.0814","0.7371","A"
"4","Trait5","mrMLM","NsiI.TP355965","11","13043","-0.0527","0.5158","A"
"4","Trait5","mrMLM","NsiI.TP356287","11","13044","-3.2089e-06","7e-04","G"
"4","Trait5","mrMLM","NsiI.TP356849","11","13047","-2.8275e-05","0.0062","C"
"4","Trait5","mrMLM","NsiI.TP356855","11","13048","-9.9284e-06","0.0022","A"
"4","Trait5","mrMLM","NsiI.TP357068","11","13049","-0.1353","0.6034","A"
"4","Trait5","mrMLM","NsiI.TP357081","11","13050","-3.7161e-06","8e-04","A"
"4","Trait5","mrMLM","NsiI.TP357082","11","13051","-1.3478e-05","0.0029","A"
"4","Trait5","mrMLM","NsiI.TP357178","11","13055","-0.0217","0.2523","A"
"4","Trait5","mrMLM","NsiI.TP357271","11","13056","-2.345e-05","0.0051","C"
"4","Trait5","mrMLM","NsiI.TP357352","11","13057","-2.6207e-05","0.0057","G"
"4","Trait5","mrMLM","NsiI.TP357380","11","13058","-0.0775","0.3574","A"
"4","Trait5","mrMLM","NsiI.TP358152","11","13062","1.3085e-05","0.0029","C"
"4","Trait5","mrMLM","NsiI.TP358223","11","13064","0.0479","0.4738","G"
"4","Trait5","mrMLM","NsiI.TP358239","11","13065","-3.8538e-05","0.0085","C"
"4","Trait5","mrMLM","NsiI.TP358254","11","13066","0.0563","0.4331","C"
"4","Trait5","mrMLM","NsiI.TP358257","11","13067","-8.015e-06","0.0017","A"
"4","Trait5","mrMLM","NsiI.TP358261","11","13068","-2.687e-05","0.0059","A"
"4","Trait5","mrMLM","NsiI.TP358272","11","13069","-1.4869e-05","0.0032","C"
"4","Trait5","mrMLM","NsiI.TP358399","11","13070","-3.3592e-05","0.0074","A"
"4","Trait5","mrMLM","NsiI.TP358599","11","13071","-9.0603e-06","0.002","A"
"4","Trait5","mrMLM","NsiI.TP358725","11","13072","-0.0788","0.672","C"
"4","Trait5","mrMLM","NsiI.TP358726","11","13073","-1.3921e-05","0.003","G"
"4","Trait5","mrMLM","NsiI.TP358792","11","13074","-1.2657e-05","0.0028","A"
"4","Trait5","mrMLM","NsiI.TP358793","11","13075","-2.0722e-05","0.0045","A"
"4","Trait5","mrMLM","NsiI.TP358883","11","13076","-1.3221e-05","0.0029","C"
"4","Trait5","mrMLM","NsiI.TP358942","11","13077","1.4967e-05","0.0033","A"
"4","Trait5","mrMLM","NsiI.TP359033","11","13078","-0.0679","0.5513","A"
"4","Trait5","mrMLM","NsiI.TP359068","11","13079","-0.1506","0.8663","C"
"4","Trait5","mrMLM","NsiI.TP359116","11","13080","5.4736e-06","0.0012","A"
"4","Trait5","mrMLM","NsiI.TP359191","11","13081","-1.7111e-05","0.0037","A"
"4","Trait5","mrMLM","NsiI.TP359324","11","13082","1.6034e-05","0.0035","A"
"4","Trait5","mrMLM","NsiI.TP359521","11","13084","5.5012e-06","0.0012","C"
"4","Trait5","mrMLM","NsiI.TP359530","11","13085","-2.0672e-05","0.0045","C"
"4","Trait5","mrMLM","NsiI.TP359659","11","13087","3.2276e-05","0.0071","A"
"4","Trait5","mrMLM","NsiI.TP359987","11","13091","2.546e-05","0.0056","A"
"4","Trait5","mrMLM","NsiI.TP360018","11","13092","-0.1362","0.6578","G"
"4","Trait5","mrMLM","NsiI.TP360284","11","13094","2.5132e-06","5e-04","A"
"4","Trait5","mrMLM","NsiI.TP360312","11","13095","-2.3975e-06","5e-04","C"
"4","Trait5","mrMLM","NsiI.TP360313","11","13096","-0.1225","0.6832","C"
"4","Trait5","mrMLM","NsiI.TP360446","11","13097","2.4093e-06","5e-04","C"
"4","Trait5","mrMLM","NsiI.TP360568","11","13098","1.2872e-05","0.0028","A"
"4","Trait5","mrMLM","NsiI.TP360632","11","13099","5.9041e-06","0.0013","A"
"4","Trait5","mrMLM","NsiI.TP360652","11","13100","-0.0861","0.9056","A"
"4","Trait5","mrMLM","NsiI.TP360703","11","13101","-1.8759e-05","0.0041","A"
"4","Trait5","mrMLM","NsiI.TP360709","11","13102","1.4488e-05","0.0032","A"
"4","Trait5","mrMLM","NsiI.TP360730","11","13104","-7.1119e-06","0.0016","A"
"4","Trait5","mrMLM","NsiI.TP360904","11","13105","0.0852","0.8912","C"
"4","Trait5","mrMLM","NsiI.TP360926","11","13107","-5.8723e-07","1e-04","A"
"4","Trait5","mrMLM","NsiI.TP360972","11","13108","-7.1727e-06","0.0016","A"
"4","Trait5","mrMLM","NsiI.TP361161","11","13110","-2.5218e-06","5e-04","A"
"4","Trait5","mrMLM","NsiI.TP361309","11","13111","5.1727e-08","1.126e-05","C"
"4","Trait5","mrMLM","NsiI.TP361343","11","13112","1.127e-05","0.0025","G"
"4","Trait5","mrMLM","NsiI.TP361408","11","13113","3.9414e-05","0.0087","A"
"4","Trait5","mrMLM","NsiI.TP361493","11","13114","1.3536e-05","0.003","A"
"4","Trait5","mrMLM","NsiI.TP361594","11","13115","-1.1327e-05","0.0025","A"
"4","Trait5","mrMLM","NsiI.TP361679","11","13117","-1.4337e-06","3e-04","C"
"4","Trait5","mrMLM","NsiI.TP361680","11","13118","0.0187","0.1525","C"
"4","Trait5","mrMLM","NsiI.TP361756","11","13119","1.3415e-06","3e-04","A"
"4","Trait5","mrMLM","NsiI.TP361880","11","13120","1.1465e-05","0.0025","C"
"4","Trait5","mrMLM","NsiI.TP362071","11","13121","-2.9969e-06","7e-04","A"
"4","Trait5","mrMLM","NsiI.TP362113","11","13122","4.4895e-06","0.001","A"
"4","Trait5","mrMLM","NsiI.TP362299","11","13124","-0.0288","0.215","C"
"4","Trait5","mrMLM","NsiI.TP362358","11","13127","0.0282","0.2507","A"
"4","Trait5","mrMLM","NsiI.TP362412","11","13128","2.2941e-05","0.005","A"
"4","Trait5","mrMLM","NsiI.TP362413","11","13129","-0.0026","0.0506","C"
"4","Trait5","mrMLM","NsiI.TP362606","11","13131","-0.0342","0.462","A"
"4","Trait5","mrMLM","NsiI.TP362607","11","13132","-1.1009e-05","0.0024","C"
"4","Trait5","mrMLM","NsiI.TP362609","11","13133","4.7836e-06","0.001","A"
"4","Trait5","mrMLM","NsiI.TP362834","11","13134","-3.1445e-05","0.0069","G"
"4","Trait5","mrMLM","NsiI.TP363057","11","13135","1.6854e-05","0.0037","A"
"4","Trait5","mrMLM","NsiI.TP363117","11","13136","6.4844e-06","0.0014","A"
"4","Trait5","mrMLM","NsiI.TP363125","11","13137","2.1083e-05","0.0046","A"
"4","Trait5","mrMLM","NsiI.TP363227","11","13138","-0.0876","0.521","A"
"4","Trait5","mrMLM","NsiI.TP363444","11","13139","2.678e-05","0.0059","G"
"4","Trait5","mrMLM","NsiI.TP363465","11","13141","-0.0413","0.3632","A"
"4","Trait5","mrMLM","NsiI.TP363471","11","13142","-0.0707","0.5658","A"
"4","Trait5","mrMLM","NsiI.TP363507","11","13143","3.4999e-05","0.0077","C"
"4","Trait5","mrMLM","NsiI.TP363699","11","13144","-1.0778e-05","0.0024","C"
"4","Trait5","mrMLM","NsiI.TP363730","11","13145","1.5012e-06","3e-04","A"
"4","Trait5","mrMLM","NsiI.TP363739","11","13146","3.881e-06","8e-04","A"
"4","Trait5","mrMLM","NsiI.TP363762","11","13147","-4.3705e-06","0.001","C"
"4","Trait5","mrMLM","NsiI.TP363886","11","13149","-3.9161e-06","9e-04","C"
"4","Trait5","mrMLM","NsiI.TP363890","11","13150","3.0876e-06","7e-04","A"
"4","Trait5","mrMLM","NsiI.TP363892","11","13151","-0.1225","0.8982","A"
"4","Trait5","mrMLM","NsiI.TP364108","11","13152","3.0337e-06","7e-04","A"
"4","Trait5","mrMLM","NsiI.TP364284","11","13153","1.6572e-05","0.0036","G"
"4","Trait5","mrMLM","NsiI.TP364287","11","13154","1.2612e-05","0.0028","C"
"4","Trait5","mrMLM","NsiI.TP364672","11","13155","-1.661e-05","0.0036","A"
"4","Trait5","mrMLM","NsiI.TP364845","11","13156","-0.0122","0.1375","A"
"4","Trait5","mrMLM","NsiI.TP365006","11","13157","3.8529e-06","8e-04","C"
"4","Trait5","mrMLM","NsiI.TP365078","11","13158","-6.3843e-06","0.0014","A"
"4","Trait5","mrMLM","NsiI.TP365675","11","13159","-5.7377e-07","1e-04","A"
"4","Trait5","mrMLM","NsiI.TP365772","11","13160","1.7096e-06","4e-04","A"
"4","Trait5","mrMLM","NsiI.TP365895","11","13161","4.9193e-06","0.0011","C"
"4","Trait5","mrMLM","NsiI.TP365973","11","13162","-0.0515","0.5269","A"
"4","Trait5","mrMLM","NsiI.TP366164","11","13169","-0.12","0.7245","A"
"4","Trait5","mrMLM","NsiI.TP366176","11","13170","-4.3585e-06","9e-04","A"
"4","Trait5","mrMLM","NsiI.TP366177","11","13171","8.2045e-06","0.0018","G"
"4","Trait5","mrMLM","NsiI.TP366197","11","13172","-1.7142e-05","0.0037","A"
"4","Trait5","mrMLM","NsiI.TP366678","11","13174","2.7664e-06","6e-04","A"
"4","Trait5","mrMLM","NsiI.TP366771","11","13176","1.9103e-05","0.0042","C"
"4","Trait5","mrMLM","NsiI.TP366855","11","13177","1.6335e-05","0.0036","A"
"4","Trait5","mrMLM","NsiI.TP366870","11","13178","-0.0841","0.3501","A"
"4","Trait5","mrMLM","NsiI.TP366891","11","13179","-0.0059","0.1182","C"
"4","Trait5","mrMLM","NsiI.TP367020","11","13181","1.4832e-05","0.0032","C"
"4","Trait5","mrMLM","NsiI.TP367027","11","13182","0.2074","1.1065","A"
"4","Trait5","mrMLM","NsiI.TP367058","11","13183","-2.0352e-05","0.0045","C"
"4","Trait5","mrMLM","NsiI.TP367183","11","13184","-2.4133e-05","0.0053","A"
"4","Trait5","mrMLM","NsiI.TP367237","11","13185","-0.1049","0.7438","A"
"4","Trait5","mrMLM","NsiI.TP367256","11","13186","1.0777e-05","0.0024","C"
"4","Trait5","mrMLM","NsiI.TP367264","11","13187","4.7548e-06","0.001","A"
"4","Trait5","mrMLM","NsiI.TP367336","11","13188","-1.7952e-05","0.0039","C"
"4","Trait5","mrMLM","NsiI.TP367351","11","13189","-2.031e-05","0.0044","A"
"4","Trait5","mrMLM","NsiI.TP367495","11","13192","-1.019e-06","2e-04","A"
"4","Trait5","mrMLM","NsiI.TP367592","11","13193","-1.9692e-05","0.0043","A"
"4","Trait5","mrMLM","NsiI.TP367706","11","13195","6.0954e-07","1e-04","C"
"4","Trait5","mrMLM","NsiI.TP367709","11","13196","-0.1313","0.5286","A"
"4","Trait5","mrMLM","NsiI.TP367819","11","13197","-1.8115e-05","0.004","C"
"4","Trait5","mrMLM","NsiI.TP368023","11","13199","-3.2862e-05","0.0072","A"
"4","Trait5","mrMLM","NsiI.TP368101","11","13200","-1.6635e-05","0.0036","A"
"4","Trait5","mrMLM","NsiI.TP368818","11","13201","-0.0602","0.5224","C"
"4","Trait5","mrMLM","NsiI.TP368873","11","13202","-8.1053e-06","0.0018","C"
"4","Trait5","mrMLM","NsiI.TP368933","11","13203","-4.6258e-06","0.001","C"
"4","Trait5","mrMLM","NsiI.TP369064","11","13206","1.2792e-05","0.0028","A"
"4","Trait5","mrMLM","NsiI.TP369090","11","13208","-1.4084e-05","0.0031","G"
"4","Trait5","mrMLM","NsiI.TP369099","11","13209","-2.7746e-05","0.0061","A"
"4","Trait5","mrMLM","NsiI.TP369161","11","13210","1.2047e-05","0.0026","A"
"4","Trait5","mrMLM","NsiI.TP369279","11","13211","1.2104e-05","0.0026","C"
"4","Trait5","mrMLM","NsiI.TP369359","11","13212","1.7445e-05","0.0038","C"
"4","Trait5","mrMLM","NsiI.TP369413","11","13214","1.9326e-05","0.0042","C"
"4","Trait5","mrMLM","NsiI.TP369451","11","13216","-0.0499","0.4407","G"
"4","Trait5","mrMLM","NsiI.TP369452","11","13217","-0.0799","0.785","A"
"4","Trait5","mrMLM","NsiI.TP369490","11","13219","1.0583e-06","2e-04","A"
"4","Trait5","mrMLM","NsiI.TP369801","11","13220","0.0645","0.5024","A"
"4","Trait5","mrMLM","NsiI.TP369860","11","13221","1.099e-05","0.0024","C"
"4","Trait5","mrMLM","NsiI.TP370006","11","13222","1.9018e-05","0.0042","A"
"4","Trait5","mrMLM","NsiI.TP370456","11","13225","-0.0609","0.3445","A"
"4","Trait5","mrMLM","NsiI.TP370466","11","13226","-0.0033","0.0652","C"
"4","Trait5","mrMLM","NsiI.TP370606","11","13227","-0.1891","1.0871","A"
"4","Trait5","mrMLM","NsiI.TP370639","11","13228","-1.1488e-05","0.0025","A"
"4","Trait5","mrMLM","NsiI.TP370657","11","13229","-1.1573e-05","0.0025","C"
"4","Trait5","mrMLM","NsiI.TP370698","11","13230","4.7379e-06","0.001","C"
"4","Trait5","mrMLM","NsiI.TP370701","11","13231","0.0392","0.4744","A"
"4","Trait5","mrMLM","NsiI.TP370773","11","13232","-1.5649e-05","0.0034","G"
"4","Trait5","mrMLM","NsiI.TP370797","11","13233","0.11","1.5264","C"
"4","Trait5","mrMLM","NsiI.TP370872","11","13236","3.3738e-06","7e-04","C"
"4","Trait5","mrMLM","NsiI.TP370973","11","13237","1.3428e-05","0.0029","C"
"4","Trait5","mrMLM","NsiI.TP371077","11","13238","1.675e-05","0.0037","G"
"4","Trait5","mrMLM","NsiI.TP371149","11","13240","0.0034","0.097","A"
"4","Trait5","mrMLM","NsiI.TP371513","11","13241","-5.8011e-06","0.0013","C"
"4","Trait5","mrMLM","NsiI.TP371701","11","13242","-0.041","0.2653","A"
"4","Trait5","mrMLM","NsiI.TP371724","11","13243","2.0878e-05","0.0046","C"
"4","Trait5","mrMLM","NsiI.TP371761","11","13244","7.032e-06","0.0015","C"
"4","Trait5","mrMLM","NsiI.TP372179","11","13245","-3.0187e-05","0.0066","A"
"4","Trait5","mrMLM","NsiI.TP372712","11","13248","0.1872","1.5145","A"
"4","Trait5","mrMLM","NsiI.TP372807","11","13249","1.0466e-05","0.0023","C"
"4","Trait5","mrMLM","NsiI.TP372828","11","13250","2.3147e-05","0.0051","C"
"4","Trait5","mrMLM","NsiI.TP373041","11","13252","1.0966e-06","2e-04","A"
"4","Trait5","mrMLM","NsiI.TP373067","11","13253","-7.5349e-06","0.0016","A"
"4","Trait5","mrMLM","NsiI.TP373151","11","13254","6.4589e-06","0.0014","G"
"4","Trait5","mrMLM","NsiI.TP373162","11","13255","-0.0073","0.0881","C"
"4","Trait5","mrMLM","NsiI.TP373424","11","13257","0.059","0.411","C"
"4","Trait5","mrMLM","NsiI.TP373581","11","13258","-0.0627","0.3518","A"
"4","Trait5","mrMLM","NsiI.TP373942","11","13260","-0.0438","0.4043","A"
"4","Trait5","mrMLM","NsiI.TP374113","11","13261","-5.5076e-06","0.0012","A"
"4","Trait5","mrMLM","NsiI.TP374397","11","13262","1.4889e-06","3e-04","C"
"4","Trait5","mrMLM","NsiI.TP374405","11","13263","0.0017","0.0524","C"
"4","Trait5","mrMLM","NsiI.TP374411","11","13264","-1.3448e-05","0.0029","A"
"4","Trait5","mrMLM","NsiI.TP374704","11","13267","0.0811","0.7445","C"
"4","Trait5","mrMLM","NsiI.TP374737","11","13268","-0.1106","0.3822","A"
"4","Trait5","mrMLM","NsiI.TP374805","11","13270","2.4517e-05","0.0054","A"
"4","Trait5","mrMLM","NsiI.TP374987","11","13273","-0.0035","0.0748","C"
"4","Trait5","mrMLM","NsiI.TP375188","11","13274","0.0346","0.2568","A"
"4","Trait5","mrMLM","NsiI.TP375220","11","13275","-0.0458","0.3217","A"
"4","Trait5","mrMLM","NsiI.TP375293","11","13276","1.5029e-06","3e-04","A"
"4","Trait5","mrMLM","NsiI.TP375341","11","13277","1.6476e-05","0.0036","C"
"4","Trait5","mrMLM","NsiI.TP375418","11","13279","-0.158","0.734","C"
"4","Trait5","mrMLM","NsiI.TP375430","11","13280","-3.1552e-06","7e-04","C"
"4","Trait5","mrMLM","NsiI.TP375455","11","13281","-0.1676","0.77","A"
"4","Trait5","mrMLM","NsiI.TP375571","11","13283","1.0802e-05","0.0024","A"
"4","Trait5","mrMLM","NsiI.TP375610","11","13284","-0.0275","0.3539","C"
"4","Trait5","mrMLM","NsiI.TP375642","11","13285","-0.025","0.3068","C"
"4","Trait5","mrMLM","NsiI.TP375729","11","13287","0.1807","0.8723","A"
"4","Trait5","mrMLM","NsiI.TP375865","11","13289","-1.5104e-05","0.0033","A"
"4","Trait5","mrMLM","NsiI.TP375874","11","13290","-0.1121","1.3294","A"
"4","Trait5","mrMLM","NsiI.TP375920","11","13291","-4.5173e-06","0.001","A"
"4","Trait5","mrMLM","NsiI.TP376017","11","13292","1.3377e-05","0.0029","C"
"4","Trait5","mrMLM","NsiI.TP376066","11","13294","1.59e-05","0.0035","C"
"4","Trait5","mrMLM","NsiI.TP376074","11","13295","-0.0511","0.6422","A"
"4","Trait5","mrMLM","NsiI.TP376139","11","13296","-0.0485","0.3615","A"
"4","Trait5","mrMLM","NsiI.TP376570","11","13299","-3.0877e-05","0.0068","A"
"4","Trait5","mrMLM","NsiI.TP376743","11","13300","2.5815e-05","0.0057","C"
"4","Trait5","mrMLM","NsiI.TP376960","11","13302","-0.0663","0.6059","C"
"4","Trait5","mrMLM","NsiI.TP377223","11","13305","1.5564e-05","0.0034","A"
"4","Trait5","mrMLM","NsiI.TP377407","11","13306","-3.4432e-06","8e-04","A"
"4","Trait5","mrMLM","NsiI.TP377416","11","13307","0.1328","1.3061","A"
"4","Trait5","mrMLM","NsiI.TP377434","11","13308","-1.4807e-05","0.0032","G"
"4","Trait5","mrMLM","NsiI.TP377446","11","13309","-8.2991e-06","0.0018","A"
"4","Trait5","mrMLM","NsiI.TP377901","11","13310","0.0565","0.4777","C"
"4","Trait5","mrMLM","NsiI.TP377961","11","13311","0.1619","1.4041","A"
"4","Trait5","mrMLM","NsiI.TP378016","11","13312","2.1774e-05","0.0048","C"
"4","Trait5","mrMLM","NsiI.TP378143","11","13313","-1.5328e-05","0.0033","C"
"4","Trait5","mrMLM","NsiI.TP378255","11","13314","-5.6253e-06","0.0012","C"
"4","Trait5","mrMLM","NsiI.TP378653","11","13315","4.6933e-06","0.001","A"
"4","Trait5","mrMLM","NsiI.TP378703","11","13317","-3.4311e-05","0.0075","C"
"4","Trait5","mrMLM","NsiI.TP379018","11","13318","-1.9509e-05","0.0043","C"
"4","Trait5","mrMLM","NsiI.TP379226","11","13319","-1.54e-05","0.0034","C"
"4","Trait5","mrMLM","NsiI.TP379282","11","13321","1.9561e-05","0.0043","A"
"4","Trait5","mrMLM","NsiI.TP379426","11","13322","-6.3321e-07","1e-04","A"
"4","Trait5","mrMLM","NsiI.TP379435","11","13323","-0.1163","1.0124","C"
"4","Trait5","mrMLM","NsiI.TP379507","11","13324","-7.1899e-06","0.0016","C"
"4","Trait5","mrMLM","NsiI.TP379566","11","13325","-1.2532e-05","0.0027","C"
"4","Trait5","mrMLM","NsiI.TP379567","11","13326","-1.1047e-05","0.0024","C"
"4","Trait5","mrMLM","NsiI.TP379663","11","13328","-8.4927e-06","0.0019","C"
"4","Trait5","mrMLM","NsiI.TP379678","11","13329","-5.8738e-07","1e-04","A"
"4","Trait5","mrMLM","NsiI.TP379807","11","13331","-0.0187","0.2955","A"
"4","Trait5","mrMLM","NsiI.TP379955","11","13333","-1.1447e-05","0.0025","A"
"4","Trait5","mrMLM","NsiI.TP380123","11","13334","-5.5743e-06","0.0012","C"
"4","Trait5","mrMLM","NsiI.TP380263","11","13335","5.1671e-06","0.0011","A"
"4","Trait5","mrMLM","NsiI.TP380271","11","13336","-2.4509e-05","0.0054","C"
"4","Trait5","mrMLM","NsiI.TP380536","11","13337","9.852e-06","0.0021","A"
"4","Trait5","mrMLM","NsiI.TP380711","11","13339","-1.0606e-05","0.0023","A"
"4","Trait5","mrMLM","NsiI.TP380747","11","13340","-1.5383e-05","0.0034","A"
"4","Trait5","mrMLM","NsiI.TP380947","11","13343","0.2063","0.8488","A"
"4","Trait5","mrMLM","NsiI.TP381158","11","13344","-1.4617e-05","0.0032","C"
"4","Trait5","mrMLM","NsiI.TP381231","11","13346","-0.0977","0.4094","C"
"4","Trait5","mrMLM","NsiI.TP381345","11","13349","-1.3902e-05","0.003","A"
"4","Trait5","mrMLM","NsiI.TP381754","11","13353","-4.2091e-05","0.0093","C"
"4","Trait5","mrMLM","NsiI.TP381783","11","13354","-0.2145","1.7047","C"
"4","Trait5","mrMLM","NsiI.TP381932","11","13355","-3.7491e-05","0.0082","A"
"4","Trait5","mrMLM","NsiI.TP382431","11","13359","0.0833","0.6782","C"
"4","Trait5","mrMLM","NsiI.TP382582","11","13360","-0.0169","0.2115","C"
"4","Trait5","mrMLM","NsiI.TP382804","11","13361","-2.0267e-05","0.0044","A"
"4","Trait5","mrMLM","NsiI.TP382835","11","13362","1.4314e-05","0.0031","A"
"4","Trait5","mrMLM","NsiI.TP382864","11","13363","0.0234","0.2084","C"
"4","Trait5","mrMLM","NsiI.TP383029","11","13365","-1.0566e-05","0.0023","A"
"4","Trait5","mrMLM","NsiI.TP383066","11","13367","0.0532","0.5037","C"
"4","Trait5","mrMLM","NsiI.TP383197","11","13368","1.3627e-05","0.003","C"
"4","Trait5","mrMLM","NsiI.TP383200","11","13370","-0.0912","0.8221","A"
"4","Trait5","mrMLM","NsiI.TP383245","11","13371","3.7515e-07","8.1647e-05","C"
"4","Trait5","mrMLM","NsiI.TP383699","11","13372","-2.4629e-06","5e-04","A"
"4","Trait5","mrMLM","NsiI.TP383949","11","13373","7.5937e-06","0.0017","C"
"4","Trait5","mrMLM","NsiI.TP384044","11","13374","6.6867e-06","0.0015","A"
"4","Trait5","mrMLM","NsiI.TP384120","11","13376","0.1434","1.1508","C"
"4","Trait5","mrMLM","NsiI.TP384130","11","13377","-1.6949e-06","4e-04","C"
"4","Trait5","mrMLM","NsiI.TP384160","11","13378","-1.1864e-06","3e-04","C"
"4","Trait5","mrMLM","NsiI.TP384172","11","13379","-7.0105e-06","0.0015","C"
"4","Trait5","mrMLM","NsiI.TP384237","11","13380","4.2677e-06","9e-04","C"
"4","Trait5","mrMLM","NsiI.TP384295","11","13381","4.3525e-07","9.4726e-05","C"
"4","Trait5","mrMLM","NsiI.TP384711","11","13384","-1.6812e-05","0.0037","G"
"4","Trait5","mrMLM","NsiI.TP384737","11","13385","8.306e-06","0.0018","A"
"4","Trait5","mrMLM","NsiI.TP384761","11","13386","-0.0185","0.1501","A"
"4","Trait5","mrMLM","NsiI.TP384887","11","13387","0.3141","1.5476","A"
"4","Trait5","mrMLM","NsiI.TP385076","11","13388","0.0605","0.3846","A"
"4","Trait5","mrMLM","NsiI.TP385278","11","13389","1.4118e-05","0.0031","A"
"4","Trait5","mrMLM","NsiI.TP385322","11","13390","2.3663e-06","5e-04","A"
"4","Trait5","mrMLM","NsiI.TP385328","11","13392","0.1177","0.968","A"
"4","Trait5","mrMLM","NsiI.TP385347","11","13393","5.7268e-07","1e-04","C"
"4","Trait5","mrMLM","NsiI.TP385591","11","13394","6.7551e-06","0.0015","A"
"4","Trait5","mrMLM","NsiI.TP386050","11","13395","-1.7205e-05","0.0038","A"
"4","Trait5","mrMLM","NsiI.TP386342","11","13397","-0.0509","0.2148","C"
"4","Trait5","mrMLM","NsiI.TP386794","11","13401","-0.0189","0.2691","A"
"4","Trait5","mrMLM","NsiI.TP387336","11","13406","0.255","1.2179","C"
"4","Trait5","mrMLM","NsiI.TP387853","11","13409","8.2952e-06","0.0018","C"
"4","Trait5","mrMLM","NsiI.TP388058","11","13411","1.9942e-05","0.0044","C"
"4","Trait5","mrMLM","NsiI.TP388598","11","13416","0.1413","0.8808","C"
"4","Trait5","mrMLM","NsiI.TP388806","11","13418","-9.716e-06","0.0021","C"
"4","Trait5","mrMLM","NsiI.TP388882","11","13419","-1.5967e-05","0.0035","A"
"4","Trait5","mrMLM","NsiI.TP388920","11","13420","5.6553e-06","0.0012","A"
"4","Trait5","mrMLM","NsiI.TP388928","11","13421","0.087","0.5942","A"
"4","Trait5","mrMLM","NsiI.TP388993","11","13423","1.9691e-07","4.2852e-05","C"
"4","Trait5","mrMLM","NsiI.TP389065","11","13424","5.8555e-07","1e-04","C"
"4","Trait5","mrMLM","NsiI.TP389150","11","13425","0.0171","0.2197","A"
"4","Trait5","mrMLM","NsiI.TP389298","11","13427","6.4771e-06","0.0014","A"
"4","Trait5","mrMLM","NsiI.TP389311","11","13428","-2.0946e-05","0.0046","A"
"4","Trait5","mrMLM","NsiI.TP389335","11","13429","1.0613e-05","0.0023","A"
"4","Trait5","mrMLM","NsiI.TP389596","11","13430","-2.8525e-05","0.0063","G"
"4","Trait5","mrMLM","NsiI.TP389713","11","13432","-5.3385e-06","0.0012","A"
"4","Trait5","mrMLM","NsiI.TP389716","11","13433","-0.0262","0.3527","A"
"4","Trait5","mrMLM","NsiI.TP389886","11","13435","-0.115","0.4244","A"
"4","Trait5","mrMLM","NsiI.TP389962","11","13436","-1.394e-05","0.003","C"
"4","Trait5","mrMLM","NsiI.TP389974","11","13437","3.5305e-06","8e-04","A"
"4","Trait5","mrMLM","NsiI.TP389999","11","13438","-3.4052e-05","0.0075","A"
"4","Trait5","mrMLM","NsiI.TP390369","11","13439","-1.9121e-06","4e-04","C"
"4","Trait5","mrMLM","NsiI.TP390623","11","13441","1.4387e-05","0.0031","A"
"4","Trait5","mrMLM","NsiI.TP390772","11","13442","0.0445","0.5388","A"
"4","Trait5","mrMLM","NsiI.TP391004","11","13445","8.7847e-06","0.0019","A"
"4","Trait5","mrMLM","NsiI.TP391114","11","13448","0.1627","0.9902","A"
"4","Trait5","mrMLM","NsiI.TP391218","11","13450","4.2859e-05","0.0094","C"
"4","Trait5","mrMLM","NsiI.TP391265","11","13451","1.8357e-05","0.004","A"
"4","Trait5","mrMLM","NsiI.TP391356","11","13452","-9.5015e-06","0.0021","C"
"4","Trait5","mrMLM","NsiI.TP391371","11","13453","-1.3785e-05","0.003","A"
"4","Trait5","mrMLM","NsiI.TP391470","11","13454","-0.0147","0.1558","C"
"4","Trait5","mrMLM","NsiI.TP391523","11","13456","-9.6644e-06","0.0021","A"
"4","Trait5","mrMLM","NsiI.TP391829","11","13458","8.2264e-06","0.0018","A"
"4","Trait5","mrMLM","NsiI.TP391894","11","13459","-6.8004e-06","0.0015","A"
"4","Trait5","mrMLM","NsiI.TP392037","11","13462","3.6734e-06","8e-04","C"
"4","Trait5","mrMLM","NsiI.TP392213","11","13465","0.014","0.1886","A"
"4","Trait5","mrMLM","NsiI.TP392482","11","13467","-1.4888e-05","0.0033","C"
"4","Trait5","mrMLM","NsiI.TP392908","11","13468","-1.9527e-05","0.0043","C"
"4","Trait5","mrMLM","NsiI.TP392945","11","13469","7.0971e-06","0.0015","G"
"4","Trait5","mrMLM","NsiI.TP393109","11","13472","-1.378e-08","2.9989e-06","A"
"4","Trait5","mrMLM","NsiI.TP393752","11","13473","1.1005e-05","0.0024","A"
"4","Trait5","mrMLM","NsiI.TP393989","11","13474","0.0904","0.5947","C"
"4","Trait5","mrMLM","NsiI.TP394305","11","13476","0.0914","0.4432","A"
"4","Trait5","mrMLM","NsiI.TP394615","11","13478","-4.746e-06","0.001","C"
"4","Trait5","mrMLM","NsiI.TP395597","11","13480","-4.7606e-06","0.001","A"
"4","Trait5","mrMLM","NsiI.TP395626","11","13481","-2.5816e-06","6e-04","C"
"4","Trait5","mrMLM","NsiI.TP395697","11","13483","1.2585e-05","0.0027","A"
"4","Trait5","mrMLM","NsiI.TP395714","11","13484","-2.7342e-07","5.9516e-05","A"
"4","Trait5","mrMLM","NsiI.TP395732","11","13485","-2.2015e-05","0.0048","C"
"4","Trait5","mrMLM","NsiI.TP395736","11","13486","1.1184e-05","0.0024","A"
"4","Trait5","mrMLM","NsiI.TP395737","11","13487","9.731e-06","0.0021","G"
"4","Trait5","mrMLM","NsiI.TP395759","11","13488","0.0142","0.2014","C"
"4","Trait5","mrMLM","NsiI.TP395838","11","13489","1.8087e-05","0.004","A"
"4","Trait5","mrMLM","NsiI.TP395840","11","13490","-2.0241e-05","0.0044","C"
"4","Trait5","mrMLM","NsiI.TP395863","11","13491","-2.8094e-05","0.0062","C"
"4","Trait5","mrMLM","NsiI.TP396775","11","13495","-5.2109e-06","0.0011","A"
"4","Trait5","mrMLM","NsiI.TP397001","11","13497","0.106","1.2991","A"
"4","Trait5","mrMLM","NsiI.TP397080","11","13499","-3.3226e-05","0.0073","C"
"4","Trait5","mrMLM","NsiI.TP397093","11","13500","-1.773e-05","0.0039","G"
"4","Trait5","mrMLM","NsiI.TP397133","11","13501","1.4382e-05","0.0031","A"
"4","Trait5","mrMLM","NsiI.TP397338","11","13503","-1.7477e-05","0.0038","C"
"4","Trait5","mrMLM","NsiI.TP397454","11","13504","-1.6583e-05","0.0036","C"
"4","Trait5","mrMLM","NsiI.TP397551","11","13505","1.5313e-05","0.0033","G"
"4","Trait5","mrMLM","NsiI.TP397682","11","13507","-1.6236e-05","0.0035","A"
"4","Trait5","mrMLM","NsiI.TP398250","11","13511","-1.308e-05","0.0029","C"
"4","Trait5","mrMLM","NsiI.TP398377","11","13512","1.3541e-05","0.003","C"
"4","Trait5","mrMLM","NsiI.TP398510","11","13513","0.0587","0.7347","A"
"4","Trait5","mrMLM","NsiI.TP399291","11","13519","-2.8873e-06","6e-04","C"
"4","Trait5","mrMLM","NsiI.TP399428","11","13521","3.6494e-06","8e-04","C"
"4","Trait5","mrMLM","NsiI.TP400105","11","13522","0.0072","0.0856","A"
"4","Trait5","mrMLM","NsiI.TP400271","11","13523","-0.0877","0.4076","A"
"4","Trait5","mrMLM","NsiI.TP400485","11","13527","0.1644","0.9815","A"
"4","Trait5","mrMLM","NsiI.TP400661","11","13528","4.4505e-06","0.001","A"
"4","Trait5","mrMLM","NsiI.TP400977","11","13529","1.9942e-05","0.0044","C"
"4","Trait5","mrMLM","NsiI.TP401000","11","13530","2.2127e-06","5e-04","A"
"4","Trait5","mrMLM","NsiI.TP401051","11","13531","-1.6672e-05","0.0036","A"
"4","Trait5","mrMLM","NsiI.TP401109","11","13532","8.5655e-07","2e-04","A"
"4","Trait5","mrMLM","NsiI.TP401115","11","13533","-0.0907","0.5943","A"
"4","Trait5","mrMLM","NsiI.TP401126","11","13534","-0.1701","0.8886","A"
"4","Trait5","mrMLM","NsiI.TP401140","11","13535","-0.0365","0.2893","A"
"4","Trait5","mrMLM","NsiI.TP401148","11","13536","7.018e-06","0.0015","C"
"4","Trait5","mrMLM","NsiI.TP401321","11","13537","-8.883e-06","0.0019","A"
"4","Trait5","mrMLM","NsiI.TP401322","11","13538","-7.0244e-06","0.0015","G"
"4","Trait5","mrMLM","NsiI.TP401676","11","13539","2.5729e-06","6e-04","C"
"4","Trait5","mrMLM","NsiI.TP401735","11","13540","-1.065e-05","0.0023","A"
"4","Trait5","mrMLM","NsiI.TP401909","11","13541","0.0525","0.4975","C"
"4","Trait5","mrMLM","NsiI.TP402090","11","13542","5.6397e-06","0.0012","C"
"4","Trait5","mrMLM","NsiI.TP402255","11","13543","7.8687e-06","0.0017","A"
"4","Trait5","mrMLM","NsiI.TP402510","11","13544","-2.9597e-06","6e-04","C"
"4","Trait5","mrMLM","NsiI.TP402781","11","13547","2.3273e-05","0.0051","A"
"4","Trait5","mrMLM","NsiI.TP402946","11","13548","-0.0477","0.4288","C"
"4","Trait5","mrMLM","NsiI.TP403136","11","13550","0.0037","0.0906","A"
"4","Trait5","mrMLM","NsiI.TP403347","11","13551","0.0508","0.5771","C"
"4","Trait5","mrMLM","NsiI.TP403394","11","13552","0.0161","0.1392","A"
"4","Trait5","mrMLM","NsiI.TP403490","11","13553","3.2954e-05","0.0072","A"
"4","Trait5","mrMLM","NsiI.TP403617","11","13555","3.2907e-06","7e-04","A"
"4","Trait5","mrMLM","NsiI.TP403681","11","13557","-1.0753e-05","0.0023","C"
"4","Trait5","mrMLM","NsiI.TP403861","11","13559","-1.3058e-05","0.0029","C"
"4","Trait5","mrMLM","NsiI.TP403935","11","13560","0.1097","0.5967","A"
"4","Trait5","mrMLM","NsiI.TP404027","11","13562","7.8248e-06","0.0017","A"
"4","Trait5","mrMLM","NsiI.TP404087","11","13564","-4.8217e-06","0.0011","A"
"4","Trait5","mrMLM","NsiI.TP404218","11","13565","-1.0163e-05","0.0022","A"
"4","Trait5","mrMLM","NsiI.TP404473","11","13567","-0.1312","1.1284","G"
"4","Trait5","mrMLM","NsiI.TP404592","11","13568","-6.5452e-06","0.0014","C"
"4","Trait5","mrMLM","NsiI.TP404690","11","13569","-0.0451","0.4396","C"
"4","Trait5","mrMLM","NsiI.TP404873","11","13571","4.498e-05","0.0099","C"
"4","Trait5","mrMLM","NsiI.TP404945","11","13572","0.0231","0.1847","A"
"4","Trait5","mrMLM","NsiI.TP405008","11","13573","-0.0125","0.1402","C"
"4","Trait5","mrMLM","NsiI.TP405016","11","13574","0.0455","0.4661","C"
"4","Trait5","mrMLM","NsiI.TP405131","11","13575","-1.2254e-07","2.6672e-05","A"
"4","Trait5","mrMLM","NsiI.TP405362","11","13576","-5.267e-06","0.0011","A"
"4","Trait5","mrMLM","NsiI.TP405564","11","13578","0.0226","0.1693","A"
"4","Trait5","mrMLM","NsiI.TP405700","11","13579","-7.0824e-06","0.0015","A"
"4","Trait5","mrMLM","NsiI.TP406073","11","13580","2.3855e-05","0.0052","A"
"4","Trait5","mrMLM","NsiI.TP406206","11","13582","-1.3106e-05","0.0029","C"
"4","Trait5","mrMLM","NsiI.TP406302","11","13584","2.9632e-05","0.0065","A"
"4","Trait5","mrMLM","NsiI.TP406307","11","13585","1.0741e-05","0.0023","A"
"4","Trait5","mrMLM","NsiI.TP406324","11","13586","-3.4058e-05","0.0075","A"
"4","Trait5","mrMLM","NsiI.TP406369","11","13587","1.5655e-05","0.0034","A"
"4","Trait5","mrMLM","NsiI.TP406413","11","13588","1.6745e-05","0.0037","C"
"4","Trait5","mrMLM","NsiI.TP406460","11","13589","-3.1133e-08","6.775e-06","A"
"4","Trait5","mrMLM","NsiI.TP406542","11","13590","-2.8519e-05","0.0063","C"
"4","Trait5","mrMLM","NsiI.TP406650","11","13591","-1.3528e-05","0.003","A"
"4","Trait5","mrMLM","NsiI.TP406701","11","13592","0.0884","0.5139","C"
"4","Trait5","mrMLM","NsiI.TP406723","11","13594","-0.0851","0.6341","C"
"4","Trait5","mrMLM","NsiI.TP406752","11","13595","-8.1655e-06","0.0018","C"
"4","Trait5","mrMLM","NsiI.TP406794","11","13596","-0.1419","1.0034","G"
"4","Trait5","mrMLM","NsiI.TP406831","11","13597","0.0679","0.3551","C"
"4","Trait5","mrMLM","NsiI.TP406870","11","13598","1.7729e-05","0.0039","C"
"4","Trait5","mrMLM","NsiI.TP407011","11","13599","7.3981e-06","0.0016","C"
"4","Trait5","mrMLM","NsiI.TP407054","11","13601","-0.0955","1.3488","G"
"4","Trait5","mrMLM","NsiI.TP407161","11","13603","-1.7027e-05","0.0037","C"
"4","Trait5","mrMLM","NsiI.TP407178","11","13604","-0.0771","0.5711","C"
"4","Trait5","mrMLM","NsiI.TP407233","11","13606","1.5403e-05","0.0034","G"
"4","Trait5","mrMLM","NsiI.TP407300","11","13607","-3.0655e-05","0.0067","C"
"4","Trait5","mrMLM","NsiI.TP407317","11","13608","3.6111e-05","0.0079","A"
"4","Trait5","mrMLM","NsiI.TP407352","11","13609","-1.9613e-05","0.0043","A"
"4","Trait5","mrMLM","NsiI.TP407488","11","13610","-5.0759e-08","1.1047e-05","G"
"4","Trait5","mrMLM","NsiI.TP407517","11","13611","2.1524e-05","0.0047","C"
"4","Trait5","mrMLM","NsiI.TP407565","11","13613","1.0578e-05","0.0023","C"
"4","Trait5","mrMLM","NsiI.TP407709","11","13617","-2.1596e-05","0.0047","A"
"4","Trait5","mrMLM","NsiI.TP407718","11","13618","-0.3581","1.3571","A"
"4","Trait5","mrMLM","NsiI.TP408071","11","13621","3.6512e-06","8e-04","A"
"4","Trait5","mrMLM","NsiI.TP408135","11","13622","1.3952e-05","0.003","A"
"4","Trait5","mrMLM","NsiI.TP408302","11","13625","-8.4247e-06","0.0018","G"
"4","Trait5","mrMLM","NsiI.TP408370","11","13626","4.0668e-06","9e-04","C"
"4","Trait5","mrMLM","NsiI.TP408457","11","13628","-0.1136","0.6691","C"
"4","Trait5","mrMLM","NsiI.TP408466","11","13629","1.0036e-05","0.0022","A"
"4","Trait5","mrMLM","NsiI.TP408741","11","13632","2.2468e-06","5e-04","A"
"4","Trait5","mrMLM","NsiI.TP408761","11","13633","2.4309e-06","5e-04","G"
"4","Trait5","mrMLM","NsiI.TP408816","11","13634","0.1007","1.396","C"
"4","Trait5","mrMLM","NsiI.TP408972","11","13635","-5.8892e-06","0.0013","G"
"4","Trait5","mrMLM","NsiI.TP409068","11","13636","2.0365e-05","0.0045","A"
"4","Trait5","mrMLM","NsiI.TP409172","11","13637","3.4582e-05","0.0076","A"
"4","Trait5","mrMLM","NsiI.TP409224","11","13638","0.1691","0.9065","G"
"4","Trait5","mrMLM","NsiI.TP409351","11","13639","-0.1001","0.6985","A"
"4","Trait5","mrMLM","NsiI.TP409357","11","13640","0.007","0.1339","C"
"4","Trait5","mrMLM","NsiI.TP409401","11","13641","-1.018e-05","0.0022","C"
"4","Trait5","mrMLM","NsiI.TP409473","11","13642","-3.5171e-06","8e-04","G"
"4","Trait5","mrMLM","NsiI.TP409596","11","13643","0.0221","0.3223","A"
"4","Trait5","mrMLM","NsiI.TP409757","11","13644","-4.1427e-06","9e-04","G"
"4","Trait5","mrMLM","NsiI.TP409929","11","13646","1.4846e-05","0.0032","C"
"4","Trait5","mrMLM","NsiI.TP409972","11","13648","2.2055e-05","0.0048","C"
"4","Trait5","mrMLM","NsiI.TP410067","11","13649","-2.3738e-05","0.0052","A"
"4","Trait5","mrMLM","NsiI.TP410138","11","13651","6.2554e-06","0.0014","A"
"4","Trait5","mrMLM","NsiI.TP410143","11","13652","1.9936e-05","0.0044","A"
"4","Trait5","mrMLM","NsiI.TP410237","11","13653","-0.0257","0.3082","A"
"4","Trait5","mrMLM","NsiI.TP410683","11","13656","0.063","0.4775","A"
"4","Trait5","mrMLM","NsiI.TP410698","11","13657","-8.3054e-06","0.0018","A"
"4","Trait5","mrMLM","NsiI.TP410750","11","13658","-0.0673","0.4319","A"
"4","Trait5","mrMLM","NsiI.TP410755","11","13659","1.2054e-05","0.0026","A"
"4","Trait5","mrMLM","NsiI.TP410888","11","13661","-1.0303e-05","0.0022","G"
"4","Trait5","mrMLM","NsiI.TP411044","11","13663","1.4607e-05","0.0032","C"
"4","Trait5","mrMLM","NsiI.TP411146","11","13664","-3.0928e-06","7e-04","G"
"4","Trait5","mrMLM","NsiI.TP411208","11","13665","0.0887","0.7549","C"
"4","Trait5","mrMLM","NsiI.TP411290","11","13666","-8.6247e-06","0.0019","A"
"4","Trait5","mrMLM","NsiI.TP411326","11","13667","1.9361e-05","0.0042","C"
"4","Trait5","mrMLM","NsiI.TP411356","11","13668","-5.2608e-06","0.0011","A"
"4","Trait5","mrMLM","NsiI.TP411460","11","13669","0.1571","2.4654","C"
"4","Trait5","mrMLM","NsiI.TP411469","11","13670","3.5996e-05","0.0079","A"
"4","Trait5","mrMLM","NsiI.TP411478","11","13671","-3.1791e-06","7e-04","C"
"4","Trait5","mrMLM","NsiI.TP411555","11","13672","-0.0579","0.3651","A"
"4","Trait5","mrMLM","NsiI.TP411619","11","13674","-2.5378e-05","0.0056","C"
"4","Trait5","mrMLM","NsiI.TP411670","11","13675","-0.0367","0.39","C"
"4","Trait5","mrMLM","NsiI.TP411756","11","13676","0.1209","0.93","A"
"4","Trait5","mrMLM","NsiI.TP411803","11","13677","-0.1778","0.7123","C"
"4","Trait5","mrMLM","NsiI.TP411806","11","13678","0.0599","0.7089","C"
"4","Trait5","mrMLM","NsiI.TP411899","11","13681","2.6488e-06","6e-04","C"
"4","Trait5","mrMLM","NsiI.TP411912","11","13682","-0.0324","0.4312","A"
"4","Trait5","mrMLM","NsiI.TP412144","11","13683","8.4289e-06","0.0018","A"
"4","Trait5","mrMLM","NsiI.TP412216","11","13684","-1.0557e-05","0.0023","C"
"4","Trait5","mrMLM","NsiI.TP412249","11","13685","3.9214e-06","9e-04","A"
"4","Trait5","mrMLM","NsiI.TP412259","11","13686","0.192","1.1702","A"
"4","Trait5","mrMLM","NsiI.TP412307","11","13687","0.0673","0.4294","C"
"4","Trait5","mrMLM","NsiI.TP412339","11","13688","-1.9918e-05","0.0044","C"
"4","Trait5","mrMLM","NsiI.TP412406","11","13689","-7.366e-06","0.0016","C"
"4","Trait5","mrMLM","NsiI.TP412455","11","13690","-2.8727e-06","6e-04","C"
"4","Trait5","mrMLM","NsiI.TP412489","11","13691","1.05e-05","0.0023","A"
"4","Trait5","mrMLM","NsiI.TP412802","11","13693","0.0355","0.2878","A"
"4","Trait5","mrMLM","NsiI.TP412810","11","13694","3.6348e-06","8e-04","A"
"4","Trait5","mrMLM","NsiI.TP412867","11","13695","-2.6854e-05","0.0059","A"
"4","Trait5","mrMLM","NsiI.TP412912","11","13697","-9.7323e-07","2e-04","C"
"4","Trait5","mrMLM","NsiI.TP412935","11","13698","3.1343e-05","0.0069","G"
"4","Trait5","mrMLM","NsiI.TP413273","11","13699","0.0174","0.1724","A"
"4","Trait5","mrMLM","NsiI.TP413358","11","13700","-3.66e-05","0.008","C"
"4","Trait5","mrMLM","NsiI.TP413555","11","13704","0.0338","0.2959","A"
"4","Trait5","mrMLM","NsiI.TP413619","11","13706","-1.3553e-06","3e-04","C"
"4","Trait5","mrMLM","NsiI.TP413741","11","13708","-8.1201e-06","0.0018","A"
"4","Trait5","mrMLM","NsiI.TP413855","11","13709","1.415e-05","0.0031","C"
"4","Trait5","mrMLM","NsiI.TP413949","11","13711","-0.007","0.083","G"
"4","Trait5","mrMLM","NsiI.TP413968","11","13712","0.0192","0.1174","A"
"4","Trait5","mrMLM","NsiI.TP413999","11","13713","0.1755","2.2798","A"
"4","Trait5","mrMLM","NsiI.TP414264","11","13716","0.0512","0.3789","C"
"4","Trait5","mrMLM","NsiI.TP414494","11","13717","1.1798e-05","0.0026","G"
"4","Trait5","mrMLM","NsiI.TP414531","11","13719","1.33e-05","0.0029","A"
"4","Trait5","mrMLM","NsiI.TP414672","11","13720","-1.2247e-05","0.0027","A"
"4","Trait5","mrMLM","NsiI.TP414673","11","13721","0.068","0.4733","G"
"4","Trait5","mrMLM","NsiI.TP414778","11","13722","-0.2009","0.6699","C"
"4","Trait5","mrMLM","NsiI.TP414813","11","13723","0.1494","0.5998","C"
"4","Trait5","mrMLM","NsiI.TP414921","11","13724","-0.1056","1.3027","C"
"4","Trait5","mrMLM","NsiI.TP415241","11","13725","-0.018","0.2473","A"
"4","Trait5","mrMLM","NsiI.TP415246","11","13726","-0.0236","0.1973","A"
"4","Trait5","mrMLM","NsiI.TP415423","11","13729","-0.026","0.3402","A"
"4","Trait5","mrMLM","NsiI.TP415555","11","13730","1.2002e-05","0.0026","C"
"4","Trait5","mrMLM","NsiI.TP415579","11","13731","3.0147e-05","0.0066","C"
"4","Trait5","mrMLM","NsiI.TP415946","11","13733","-1.6608e-05","0.0036","A"
"4","Trait5","mrMLM","NsiI.TP416009","11","13734","4.6394e-06","0.001","A"
"4","Trait5","mrMLM","NsiI.TP416021","11","13735","1.4204e-05","0.0031","C"
"4","Trait5","mrMLM","NsiI.TP416022","11","13736","-5.8483e-06","0.0013","C"
"4","Trait5","mrMLM","NsiI.TP416028","11","13737","-9.5438e-06","0.0021","A"
"4","Trait5","mrMLM","NsiI.TP416033","11","13738","1.3436e-06","3e-04","A"
"4","Trait5","mrMLM","NsiI.TP416060","11","13739","0.1192","0.68","C"
"4","Trait5","mrMLM","NsiI.TP416112","11","13740","1.7371e-05","0.0038","C"
"4","Trait5","mrMLM","NsiI.TP416152","11","13741","-0.0347","0.1678","A"
"4","Trait5","mrMLM","NsiI.TP416271","11","13742","4.767e-06","0.001","C"
"4","Trait5","mrMLM","NsiI.TP416359","11","13744","4.8028e-06","0.001","A"
"4","Trait5","mrMLM","NsiI.TP416552","11","13746","1.1324e-06","2e-04","C"
"4","Trait5","mrMLM","NsiI.TP416602","11","13747","1.2821e-05","0.0028","C"
"4","Trait5","mrMLM","NsiI.TP416619","11","13748","-1.46e-05","0.0032","C"
"4","Trait5","mrMLM","NsiI.TP416781","11","13749","3.7865e-06","8e-04","A"
"4","Trait5","mrMLM","NsiI.TP416810","11","13751","-1.431e-05","0.0031","A"
"4","Trait5","mrMLM","NsiI.TP416872","11","13753","-0.0417","0.2614","A"
"4","Trait5","mrMLM","NsiI.TP416911","11","13756","-2.0873e-05","0.0046","C"
"4","Trait5","mrMLM","NsiI.TP416928","11","13757","1.6193e-06","4e-04","C"
"4","Trait5","mrMLM","NsiI.TP416963","11","13758","-2.5729e-05","0.0056","A"
"4","Trait5","mrMLM","NsiI.TP416968","11","13759","-0.0515","0.365","C"
"4","Trait5","mrMLM","NsiI.TP416981","11","13760","-1.928e-05","0.0042","C"
"4","Trait5","mrMLM","NsiI.TP417089","11","13762","1.9857e-05","0.0043","C"
"4","Trait5","mrMLM","NsiI.TP417376","11","13763","-2.8518e-05","0.0063","A"
"4","Trait5","mrMLM","NsiI.TP417422","11","13764","6.1852e-06","0.0013","C"
"4","Trait5","mrMLM","NsiI.TP417444","11","13765","-2.5651e-05","0.0056","A"
"4","Trait5","mrMLM","NsiI.TP417472","11","13767","0.0458","0.3792","C"
"4","Trait5","mrMLM","NsiI.TP417678","11","13768","4.1654e-07","9.0653e-05","C"
"4","Trait5","mrMLM","NsiI.TP417840","11","13770","6.8704e-06","0.0015","A"
"4","Trait5","mrMLM","NsiI.TP418050","11","13771","3.4783e-06","8e-04","C"
"4","Trait5","mrMLM","NsiI.TP418092","11","13772","-2.58e-06","6e-04","C"
"4","Trait5","mrMLM","NsiI.TP418173","11","13775","-1e-04","0.017","A"
"4","Trait5","mrMLM","NsiI.TP418191","11","13776","-2.3233e-05","0.0051","C"
"4","Trait5","mrMLM","NsiI.TP418226","11","13777","-0.0209","0.1686","C"
"4","Trait5","mrMLM","NsiI.TP418802","11","13779","7.9282e-06","0.0017","C"
"4","Trait5","mrMLM","NsiI.TP418902","11","13780","-0.1785","0.9596","C"
"4","Trait5","mrMLM","NsiI.TP419930","11","13781","-0.1256","1.2023","A"
"4","Trait5","mrMLM","NsiI.TP419978","11","13783","-2.0627e-06","4e-04","A"
"4","Trait5","mrMLM","NsiI.TP420021","11","13784","-9.3703e-06","0.002","A"
"4","Trait5","mrMLM","NsiI.TP420022","11","13785","-0.0799","0.6145","C"
"4","Trait5","mrMLM","NsiI.TP420102","11","13786","1.8729e-06","4e-04","G"
"4","Trait5","mrMLM","NsiI.TP420251","11","13787","1.5051e-05","0.0033","A"
"4","Trait5","mrMLM","NsiI.TP420272","11","13788","0.0345","0.3357","A"
"4","Trait5","mrMLM","NsiI.TP420358","11","13790","-1.1602e-06","3e-04","A"
"4","Trait5","mrMLM","NsiI.TP420393","11","13791","1.1396e-05","0.0025","A"
"4","Trait5","mrMLM","NsiI.TP420467","11","13792","-1.894e-05","0.0041","A"
"4","Trait5","mrMLM","NsiI.TP420483","11","13793","-0.06","0.6394","A"
"4","Trait5","mrMLM","NsiI.TP420509","11","13796","7.636e-06","0.0017","A"
"4","Trait5","mrMLM","NsiI.TP420563","11","13797","-1.3312e-06","3e-04","C"
"4","Trait5","mrMLM","NsiI.TP420603","11","13799","0.0121","0.1811","C"
"4","Trait5","mrMLM","NsiI.TP420784","11","13802","0.1309","0.984","C"
"4","Trait5","mrMLM","NsiI.TP420795","11","13803","-0.019","0.2886","C"
"4","Trait5","mrMLM","NsiI.TP420914","11","13804","0.0443","0.355","C"
"4","Trait5","mrMLM","NsiI.TP420947","11","13806","-3.0409e-06","7e-04","C"
"4","Trait5","mrMLM","NsiI.TP421064","11","13807","-1.2383e-05","0.0027","A"
"4","Trait5","mrMLM","NsiI.TP421112","11","13808","-0.0238","0.1903","A"
"4","Trait5","mrMLM","NsiI.TP421125","11","13810","-9.7204e-06","0.0021","A"
"4","Trait5","mrMLM","NsiI.TP421198","11","13811","-4.5154e-05","0.0099","C"
"4","Trait5","mrMLM","NsiI.TP421249","11","13812","-4.1225e-06","9e-04","A"
"4","Trait5","mrMLM","NsiI.TP421252","11","13813","-0.0197","0.2598","A"
"4","Trait5","mrMLM","NsiI.TP421283","11","13814","-0.1403","0.5166","C"
"4","Trait5","mrMLM","NsiI.TP421330","11","13816","4.5896e-06","0.001","A"
"4","Trait5","mrMLM","NsiI.TP421511","11","13821","-2.0701e-06","5e-04","C"
"4","Trait5","mrMLM","NsiI.TP421533","11","13822","1.461e-05","0.0032","C"
"4","Trait5","mrMLM","NsiI.TP421535","11","13823","-0.0046","0.1041","C"
"4","Trait5","mrMLM","NsiI.TP421542","11","13824","-3.0948e-05","0.0068","A"
"4","Trait5","mrMLM","NsiI.TP421588","11","13826","0.0324","0.3572","A"
"4","Trait5","mrMLM","NsiI.TP421590","11","13827","0.0556","0.4384","C"
"4","Trait5","mrMLM","NsiI.TP421633","11","13828","7.3588e-06","0.0016","C"
"4","Trait5","mrMLM","NsiI.TP421673","11","13830","-2.9038e-05","0.0064","A"
"4","Trait5","mrMLM","NsiI.TP421688","11","13831","-1.0399e-05","0.0023","A"
"4","Trait5","mrMLM","NsiI.TP421766","11","13832","0.0081","0.0908","G"
"4","Trait5","mrMLM","NsiI.TP421770","11","13833","4.2272e-06","9e-04","A"
"4","Trait5","mrMLM","NsiI.TP421828","11","13835","2.4491e-05","0.0054","G"
"4","Trait5","mrMLM","NsiI.TP421887","11","13836","-1.2766e-05","0.0028","A"
"4","Trait5","mrMLM","NsiI.TP421972","11","13838","-7.1443e-06","0.0016","C"
"4","Trait5","mrMLM","NsiI.TP421973","11","13839","-7.0776e-06","0.0015","A"
"4","Trait5","mrMLM","NsiI.TP422015","11","13841","3.4846e-05","0.0077","A"
"4","Trait5","mrMLM","NsiI.TP422025","11","13842","-0.0581","0.4373","A"
"4","Trait5","mrMLM","NsiI.TP422028","11","13843","-1.666e-05","0.0036","C"
"4","Trait5","mrMLM","NsiI.TP422030","11","13844","5.9193e-06","0.0013","A"
"4","Trait5","mrMLM","NsiI.TP422046","11","13845","0.0104","0.1364","C"
"4","Trait5","mrMLM","NsiI.TP422111","11","13846","-2.2497e-05","0.0049","A"
"4","Trait5","mrMLM","NsiI.TP422297","11","13848","-3.0383e-05","0.0067","A"
"4","Trait5","mrMLM","NsiI.TP422298","11","13849","3.3346e-05","0.0073","C"
"4","Trait5","mrMLM","NsiI.TP422407","11","13850","-2.0151e-05","0.0044","A"
"4","Trait5","mrMLM","NsiI.TP422433","11","13851","4.5067e-05","0.0099","C"
"4","Trait5","mrMLM","NsiI.TP422575","11","13853","-0.0216","0.2997","A"
"4","Trait5","mrMLM","NsiI.TP422576","11","13854","-1.8726e-05","0.0041","C"
"4","Trait5","mrMLM","NsiI.TP422610","11","13855","9.7278e-06","0.0021","A"
"4","Trait5","mrMLM","NsiI.TP422621","11","13856","-1.736e-07","3.7779e-05","A"
"4","Trait5","mrMLM","NsiI.TP422694","11","13857","-1.7205e-05","0.0038","A"
"4","Trait5","mrMLM","NsiI.TP422835","11","13858","-2.3493e-05","0.0051","C"
"4","Trait5","mrMLM","NsiI.TP422889","11","13859","-1.3237e-05","0.0029","A"
"4","Trait5","mrMLM","NsiI.TP422932","11","13861","0.0622","0.4719","A"
"4","Trait5","mrMLM","NsiI.TP422982","11","13862","-0.3447","1.7647","C"
"4","Trait5","mrMLM","NsiI.TP423003","11","13863","0.1834","1.2756","A"
"4","Trait5","mrMLM","NsiI.TP423031","11","13865","4.056e-06","9e-04","C"
"4","Trait5","mrMLM","NsiI.TP423078","11","13866","-1.1422e-05","0.0025","A"
"4","Trait5","mrMLM","NsiI.TP423085","11","13867","-7.4438e-06","0.0016","A"
"4","Trait5","mrMLM","NsiI.TP423087","11","13868","-0.0604","0.5987","C"
"4","Trait5","mrMLM","NsiI.TP423145","11","13869","1.8431e-05","0.004","C"
"4","Trait5","mrMLM","NsiI.TP423204","11","13870","9.7783e-06","0.0021","A"
"4","Trait5","mrMLM","NsiI.TP423212","11","13871","-4.9629e-06","0.0011","C"
"4","Trait5","mrMLM","NsiI.TP423233","11","13872","0.0856","0.3795","C"
"4","Trait5","mrMLM","NsiI.TP423274","11","13873","0.0917","0.5073","A"
"4","Trait5","mrMLM","NsiI.TP423283","11","13874","-1.669e-05","0.0036","A"
"4","Trait5","mrMLM","NsiI.TP423352","11","13875","-0.0668","0.5477","A"
"4","Trait5","mrMLM","NsiI.TP423380","11","13876","2.252e-05","0.0049","A"
"4","Trait5","mrMLM","NsiI.TP423513","11","13878","1.4449e-06","3e-04","G"
"4","Trait5","mrMLM","NsiI.TP423546","11","13879","1.2539e-05","0.0027","A"
"4","Trait5","mrMLM","NsiI.TP423582","11","13880","-9.6963e-06","0.0021","A"
"4","Trait5","mrMLM","NsiI.TP423587","11","13881","2.3946e-05","0.0052","C"
"4","Trait5","mrMLM","NsiI.TP423617","11","13884","-1.1474e-06","2e-04","G"
"4","Trait5","mrMLM","NsiI.TP423673","11","13886","-2.3929e-05","0.0052","A"
"4","Trait5","mrMLM","NsiI.TP423679","11","13887","-1.9074e-06","4e-04","C"
"4","Trait5","mrMLM","NsiI.TP423680","11","13888","3.1875e-07","6.9379e-05","A"
"4","Trait5","mrMLM","NsiI.TP423724","11","13889","-2.1231e-05","0.0046","A"
"4","Trait5","mrMLM","NsiI.TP423725","11","13890","2.6764e-06","6e-04","A"
"4","Trait5","mrMLM","NsiI.TP423751","11","13891","0.1026","0.4587","C"
"4","Trait5","mrMLM","NsiI.TP423791","11","13893","6.3923e-06","0.0014","G"
"4","Trait5","mrMLM","NsiI.TP423829","11","13894","0.115","0.4122","A"
"4","Trait5","mrMLM","NsiI.TP423864","11","13895","0.1119","0.7982","G"
"4","Trait5","mrMLM","NsiI.TP423982","11","13896","0.0692","0.9096","C"
"4","Trait5","mrMLM","NsiI.TP423996","11","13897","-0.0941","0.6121","C"
"4","Trait5","mrMLM","NsiI.TP424124","11","13898","-0.2702","1.6766","C"
"4","Trait5","mrMLM","NsiI.TP424155","11","13899","-1.0187e-05","0.0022","C"
"4","Trait5","mrMLM","NsiI.TP424159","11","13900","-0.2175","0.8393","G"
"4","Trait5","mrMLM","NsiI.TP424166","11","13901","-3.1329e-06","7e-04","A"
"4","Trait5","mrMLM","NsiI.TP424452","11","13906","-1.2923e-06","3e-04","A"
"4","Trait5","mrMLM","NsiI.TP424479","11","13908","-3.7959e-06","8e-04","C"
"4","Trait5","mrMLM","NsiI.TP424498","11","13909","6.5227e-06","0.0014","C"
"4","Trait5","mrMLM","NsiI.TP424508","11","13910","-7.7106e-06","0.0017","A"
"4","Trait5","mrMLM","NsiI.TP424524","11","13911","0.0423","0.4063","A"
"4","Trait5","mrMLM","NsiI.TP424529","11","13913","-2.543e-05","0.0056","C"
"4","Trait5","mrMLM","NsiI.TP424541","11","13914","-1.004e-05","0.0022","A"
"4","Trait5","mrMLM","NsiI.TP424549","11","13915","-5.122e-06","0.0011","C"
"4","Trait5","mrMLM","NsiI.TP424570","11","13916","-3.4646e-06","8e-04","C"
"4","Trait5","mrMLM","NsiI.TP424622","11","13917","-6.3216e-06","0.0014","C"
"4","Trait5","mrMLM","NsiI.TP424742","11","13918","5.7028e-06","0.0012","A"
"4","Trait5","mrMLM","NsiI.TP424883","11","13920","-0.1337","1.4239","A"
"4","Trait5","mrMLM","NsiI.TP424935","11","13921","-1.2022e-05","0.0026","A"
"4","Trait5","mrMLM","NsiI.TP424973","11","13922","0.0131","0.163","C"
"4","Trait5","mrMLM","NsiI.TP425034","11","13923","-2.1327e-05","0.0047","A"
"4","Trait5","mrMLM","NsiI.TP425098","11","13924","1.2405e-05","0.0027","C"
"4","Trait5","mrMLM","NsiI.TP425224","11","13926","-2.5332e-05","0.0055","G"
"4","Trait5","mrMLM","NsiI.TP425341","11","13927","-0.1768","1.3464","A"
"4","Trait5","mrMLM","NsiI.TP425366","11","13928","-0.2007","0.9094","C"
"4","Trait5","mrMLM","NsiI.TP425418","11","13930","-1.5865e-05","0.0035","C"
"4","Trait5","mrMLM","NsiI.TP425648","11","13934","2.1172e-05","0.0046","A"
"4","Trait5","mrMLM","NsiI.TP425661","11","13935","7.7663e-06","0.0017","A"
"4","Trait5","mrMLM","NsiI.TP425781","11","13936","1.415e-05","0.0031","A"
"4","Trait5","mrMLM","NsiI.TP425820","11","13937","1.5378e-05","0.0034","A"
"4","Trait5","mrMLM","NsiI.TP425847","11","13938","0.0239","0.2024","A"
"4","Trait5","mrMLM","NsiI.TP425921","11","13939","4.1419e-06","9e-04","A"
"4","Trait5","mrMLM","NsiI.TP426147","11","13941","8.2226e-06","0.0018","A"
"4","Trait5","mrMLM","NsiI.TP426231","11","13942","-6.9322e-06","0.0015","A"
"4","Trait5","mrMLM","NsiI.TP426232","11","13943","-2.2748e-05","0.005","A"
"4","Trait5","mrMLM","NsiI.TP426250","11","13945","6.2744e-06","0.0014","C"
"4","Trait5","mrMLM","NsiI.TP426319","11","13946","9.8008e-06","0.0021","C"
"4","Trait5","mrMLM","NsiI.TP426326","11","13947","-1.1908e-05","0.0026","A"
"4","Trait5","mrMLM","NsiI.TP426411","11","13948","7.0326e-06","0.0015","C"
"4","Trait5","mrMLM","NsiI.TP426468","11","13949","-0.0128","0.2055","A"
"4","Trait5","mrMLM","NsiI.TP426523","11","13953","2.4145e-05","0.0053","A"
"4","Trait5","mrMLM","NsiI.TP426530","11","13954","-1.425e-05","0.0031","A"
"4","Trait5","mrMLM","NsiI.TP426561","11","13955","5.6833e-06","0.0012","G"
"4","Trait5","mrMLM","NsiI.TP426583","11","13956","0.1726","1.0877","C"
"4","Trait5","mrMLM","NsiI.TP426595","11","13957","1.1237e-05","0.0025","A"
"4","Trait5","mrMLM","NsiI.TP426615","11","13958","0.1096","0.4422","A"
"4","Trait5","mrMLM","NsiI.TP426624","11","13959","0.225","0.7989","C"
"4","Trait5","mrMLM","NsiI.TP426709","11","13964","2.2501e-05","0.0049","C"
"4","Trait5","mrMLM","NsiI.TP426876","11","13966","1.9594e-05","0.0043","C"
"4","Trait5","mrMLM","NsiI.TP426952","11","13969","-0.1505","0.5698","C"
"4","Trait5","mrMLM","NsiI.TP426988","11","13971","0.0444","0.3965","C"
"4","Trait5","mrMLM","NsiI.TP426992","11","13972","-1.3016e-05","0.0028","A"
"4","Trait5","mrMLM","NsiI.TP427034","11","13973","0.3312","1.1159","C"
"4","Trait5","mrMLM","NsiI.TP427039","11","13974","-1.6784e-05","0.0037","C"
"4","Trait5","mrMLM","NsiI.TP427042","11","13975","0.025","0.2023","G"
"4","Trait5","mrMLM","NsiI.TP427131","11","13977","0.0105","0.1008","C"
"4","Trait5","mrMLM","NsiI.TP427276","11","13978","-0.2181","1.6069","G"
"4","Trait5","mrMLM","NsiI.TP427293","11","13979","-1.3102e-05","0.0029","C"
"4","Trait5","mrMLM","NsiI.TP427416","11","13980","-0.1657","1.6712","C"
"4","Trait5","mrMLM","NsiI.TP427428","11","13981","2.374e-05","0.0052","A"
"4","Trait5","mrMLM","NsiI.TP427623","11","13982","4.247e-06","9e-04","A"
"4","Trait5","mrMLM","NsiI.TP427630","11","13983","-0.0438","0.4465","A"
"4","Trait5","mrMLM","NsiI.TP427672","11","13984","3.627e-06","8e-04","C"
"4","Trait5","mrMLM","NsiI.TP427679","11","13985","0.0873","0.359","A"
"4","Trait5","mrMLM","NsiI.TP427736","11","13986","-0.1725","0.5907","A"
"4","Trait5","mrMLM","NsiI.TP427815","11","13987","2.6423e-05","0.0058","A"
"4","Trait5","mrMLM","NsiI.TP427832","11","13988","-0.0925","0.5975","A"
"4","Trait5","mrMLM","NsiI.TP427846","11","13989","1.0068e-05","0.0022","C"
"4","Trait5","mrMLM","NsiI.TP427858","11","13991","-0.1468","0.8299","C"
"4","Trait5","mrMLM","NsiI.TP428174","11","13992","-1.0834e-05","0.0024","A"
"4","Trait5","mrMLM","NsiI.TP428177","11","13993","-0.045","0.3028","G"
"4","Trait5","mrMLM","NsiI.TP428200","11","13994","3.814e-06","8e-04","A"
"4","Trait5","mrMLM","NsiI.TP428269","11","13995","3.4761e-06","8e-04","C"
"4","Trait5","mrMLM","NsiI.TP428306","11","13996","-0.047","0.5965","A"
"4","Trait5","mrMLM","NsiI.TP428321","11","13997","-2.0616e-06","4e-04","C"
"4","Trait5","mrMLM","NsiI.TP428337","11","13998","-1.0372e-06","2e-04","C"
"4","Trait5","mrMLM","NsiI.TP428365","11","13999","-2.5336e-05","0.0056","A"
"4","Trait5","mrMLM","NsiI.TP428390","11","14000","2.7898e-05","0.0061","A"
"4","Trait5","mrMLM","NsiI.TP428452","11","14001","0.0085","0.1753","G"
"4","Trait5","mrMLM","NsiI.TP428457","11","14002","0.0861","0.358","C"
"4","Trait5","mrMLM","NsiI.TP428470","11","14003","-0.061","0.7077","A"
"4","Trait5","mrMLM","NsiI.TP428610","11","14005","-2.3776e-05","0.0052","G"
"4","Trait5","mrMLM","NsiI.TP428632","11","14006","-6.6963e-06","0.0015","G"
"4","Trait5","mrMLM","NsiI.TP428765","11","14008","-1.1986e-05","0.0026","C"
"4","Trait5","mrMLM","NsiI.TP428782","11","14009","1.466e-05","0.0032","C"
"4","Trait5","mrMLM","NsiI.TP428842","11","14010","-3.6495e-06","8e-04","C"
"4","Trait5","mrMLM","NsiI.TP428943","11","14011","4.9966e-06","0.0011","A"
"4","Trait5","mrMLM","NsiI.TP428969","11","14012","-2.1725e-05","0.0048","C"
"4","Trait5","mrMLM","NsiI.TP429032","11","14013","1.3949e-05","0.003","A"
"4","Trait5","mrMLM","NsiI.TP429044","11","14014","9.1233e-06","0.002","G"
"4","Trait5","mrMLM","NsiI.TP429128","11","14015","-8.0776e-06","0.0018","A"
"4","Trait5","mrMLM","NsiI.TP429337","11","14016","9.6131e-06","0.0021","C"
"4","Trait5","mrMLM","NsiI.TP429355","11","14018","1.3645e-05","0.003","A"
"4","Trait5","mrMLM","NsiI.TP429380","11","14020","-2.4392e-05","0.0053","A"
"4","Trait5","mrMLM","NsiI.TP429516","11","14024","2.2543e-05","0.0049","C"
"4","Trait5","mrMLM","NsiI.TP429619","11","14026","0.1064","1.2268","C"
"4","Trait5","mrMLM","NsiI.TP429661","11","14027","0.1341","0.5693","C"
"4","Trait5","mrMLM","NsiI.TP429684","11","14029","-4.3042e-06","9e-04","A"
"4","Trait5","mrMLM","NsiI.TP429732","11","14030","-0.0629","0.316","C"
"4","Trait5","mrMLM","NsiI.TP429737","11","14031","-1.2115e-05","0.0026","A"
"4","Trait5","mrMLM","NsiI.TP429781","11","14032","-1.6049e-05","0.0035","A"
"4","Trait5","mrMLM","NsiI.TP429819","11","14033","2.537e-06","6e-04","A"
"4","Trait5","mrMLM","NsiI.TP430080","11","14035","-6.408e-07","1e-04","G"
"4","Trait5","mrMLM","NsiI.TP430082","11","14036","2.2853e-06","5e-04","G"
"4","Trait5","mrMLM","NsiI.TP430231","11","14037","-0.0855","1.1706","G"
"4","Trait5","mrMLM","NsiI.TP430255","11","14038","-9.0375e-06","0.002","A"
"4","Trait5","mrMLM","NsiI.TP430300","11","14039","-0.2199","1.5244","A"
"4","Trait5","mrMLM","NsiI.TP430308","11","14040","-1.396e-06","3e-04","A"
"4","Trait5","mrMLM","NsiI.TP430332","11","14041","-1.0158e-05","0.0022","A"
"4","Trait5","mrMLM","NsiI.TP430590","11","14043","-1.441e-05","0.0031","C"
"4","Trait5","mrMLM","NsiI.TP430591","11","14044","-0.0798","0.5199","A"
"4","Trait5","mrMLM","NsiI.TP430604","11","14045","-2.9557e-06","6e-04","A"
"4","Trait5","mrMLM","NsiI.TP430622","11","14046","8.1191e-06","0.0018","A"
"4","Trait5","mrMLM","NsiI.TP430743","11","14048","-2.4669e-05","0.0054","G"
"4","Trait5","mrMLM","NsiI.TP430806","11","14049","0.0295","0.3126","A"
"4","Trait5","mrMLM","NsiI.TP430838","11","14050","-0.1765","0.9966","A"
"4","Trait5","mrMLM","NsiI.TP430865","11","14052","-1.754e-05","0.0038","C"
"4","Trait5","mrMLM","NsiI.TP430887","11","14053","1.1229e-05","0.0025","A"
"4","Trait5","mrMLM","NsiI.TP430986","11","14056","2.8234e-05","0.0062","C"
"4","Trait5","mrMLM","NsiI.TP430995","11","14057","1.6505e-05","0.0036","A"
"4","Trait5","mrMLM","NsiI.TP431090","11","14058","3.0663e-05","0.0067","C"
"4","Trait5","mrMLM","NsiI.TP431241","11","14060","-2.9628e-06","6e-04","C"
"4","Trait5","mrMLM","NsiI.TP431381","11","14062","-1.0112e-06","2e-04","A"
"4","Trait5","mrMLM","NsiI.TP431393","11","14063","-0.0591","0.5084","G"
"4","Trait5","mrMLM","NsiI.TP431600","11","14065","0.0798","0.3991","A"
"4","Trait5","mrMLM","NsiI.TP431612","11","14066","-3.8932e-06","8e-04","A"
"4","Trait5","mrMLM","NsiI.TP431614","11","14068","0.0618","0.5632","C"
"4","Trait5","mrMLM","NsiI.TP431652","11","14069","-5.9397e-06","0.0013","A"
"4","Trait5","mrMLM","NsiI.TP431667","11","14070","-0.2056","1.1685","C"
"4","Trait5","mrMLM","NsiI.TP431930","11","14072","-0.0837","0.4385","A"
"4","Trait5","mrMLM","NsiI.TP431946","11","14073","-8.7791e-06","0.0019","C"
"4","Trait5","mrMLM","NsiI.TP431947","11","14074","-4.4898e-06","0.001","A"
"4","Trait5","mrMLM","NsiI.TP431951","11","14075","4.5405e-06","0.001","A"
"4","Trait5","mrMLM","NsiI.TP431956","11","14076","2.3697e-05","0.0052","C"
"4","Trait5","mrMLM","NsiI.TP432115","11","14078","-1.4482e-05","0.0032","C"
"4","Trait5","mrMLM","NsiI.TP432117","11","14079","-1.1201e-05","0.0024","A"
"4","Trait5","mrMLM","NsiI.TP432122","11","14080","0.0518","0.3516","A"
"4","Trait5","mrMLM","NsiI.TP432317","11","14081","1.4847e-05","0.0032","A"
"4","Trait5","mrMLM","NsiI.TP432364","11","14082","3.9892e-06","9e-04","A"
"4","Trait5","mrMLM","NsiI.TP432383","11","14083","0.0859","0.7543","A"
"4","Trait5","mrMLM","NsiI.TP432396","11","14084","-0.0663","0.3918","C"
"4","Trait5","mrMLM","NsiI.TP432447","11","14085","2.3283e-06","5e-04","C"
"4","Trait5","mrMLM","NsiI.TP432469","11","14086","5.1967e-06","0.0011","A"
"4","Trait5","mrMLM","NsiI.TP432507","11","14087","8.6204e-06","0.0019","A"
"4","Trait5","mrMLM","NsiI.TP432618","11","14088","-1.6568e-05","0.0036","A"
"4","Trait5","mrMLM","NsiI.TP432740","11","14092","2.0261e-06","4e-04","C"
"4","Trait5","mrMLM","NsiI.TP432766","11","14093","-9.2303e-06","0.002","C"
"4","Trait5","mrMLM","NsiI.TP432827","11","14094","1.1203e-05","0.0024","A"
"4","Trait5","mrMLM","NsiI.TP432842","11","14095","-1.9709e-05","0.0043","C"
"4","Trait5","mrMLM","NsiI.TP432848","11","14096","-5.9866e-06","0.0013","A"
"4","Trait5","mrMLM","NsiI.TP432866","11","14097","-1.7348e-05","0.0038","A"
"4","Trait5","mrMLM","NsiI.TP432869","11","14098","0.0039","0.0705","C"
"4","Trait5","mrMLM","NsiI.TP432878","11","14099","0.0312","0.4525","C"
"4","Trait5","mrMLM","NsiI.TP433230","11","14104","-4.4341e-06","0.001","C"
"4","Trait5","mrMLM","NsiI.TP433282","11","14106","1.4181e-05","0.0031","A"
"4","Trait5","mrMLM","NsiI.TP433313","11","14108","2.6746e-05","0.0059","G"
"4","Trait5","mrMLM","NsiI.TP433379","11","14110","-5.8973e-06","0.0013","A"
"4","Trait5","mrMLM","NsiI.TP433453","11","14114","-0.0851","0.6476","A"
"4","Trait5","mrMLM","NsiI.TP433468","11","14115","0.119","0.6672","C"
"4","Trait5","mrMLM","NsiI.TP433562","11","14116","-0.1954","1.4752","A"
"4","Trait5","mrMLM","NsiI.TP433644","11","14118","1.4111e-05","0.0031","C"
"4","Trait5","mrMLM","NsiI.TP433646","11","14119","3.2594e-06","7e-04","C"
"4","Trait5","mrMLM","NsiI.TP433717","11","14120","0.3144","1.705","A"
"4","Trait5","mrMLM","NsiI.TP433766","11","14121","1.4779e-05","0.0032","G"
"4","Trait5","mrMLM","NsiI.TP433774","11","14122","-3.181e-06","7e-04","A"
"4","Trait5","mrMLM","NsiI.TP433863","11","14123","-0.0117","0.1859","A"
"4","Trait5","mrMLM","NsiI.TP433866","11","14124","-1.0824e-05","0.0024","A"
"4","Trait5","mrMLM","NsiI.TP433871","11","14125","-3.4837e-05","0.0076","C"
"4","Trait5","mrMLM","NsiI.TP433923","11","14126","-1.9612e-05","0.0043","G"
"4","Trait5","mrMLM","NsiI.TP433926","11","14127","-0.0843","1.1836","C"
"4","Trait5","mrMLM","NsiI.TP433929","11","14128","-1.2736e-05","0.0028","G"
"4","Trait5","mrMLM","NsiI.TP433930","11","14129","-2.7699e-05","0.0061","A"
"4","Trait5","mrMLM","NsiI.TP433982","11","14131","-4.1271e-06","9e-04","C"
"4","Trait5","mrMLM","NsiI.TP433999","11","14132","-0.1001","0.4699","C"
"4","Trait5","mrMLM","NsiI.TP434109","11","14133","2.7655e-06","6e-04","A"
"4","Trait5","mrMLM","NsiI.TP434131","11","14134","1.5474e-06","3e-04","A"
"4","Trait5","mrMLM","NsiI.TP434160","11","14135","0.059","0.7085","A"
"4","Trait5","mrMLM","NsiI.TP434321","11","14138","-0.1121","0.4887","A"
"4","Trait5","mrMLM","NsiI.TP434358","11","14139","-1.4529e-05","0.0032","A"
"4","Trait5","mrMLM","NsiI.TP434363","11","14140","1.4364e-05","0.0031","C"
"4","Trait5","mrMLM","NsiI.TP434515","11","14143","-1.3568e-05","0.003","C"
"4","Trait5","mrMLM","NsiI.TP434553","11","14144","1.0262e-06","2e-04","A"
"4","Trait5","mrMLM","NsiI.TP434650","11","14147","2.979e-06","6e-04","A"
"4","Trait5","mrMLM","NsiI.TP434725","11","14149","4.9351e-06","0.0011","A"
"4","Trait5","mrMLM","NsiI.TP434797","11","14150","-0.1106","0.4621","C"
"4","Trait5","mrMLM","NsiI.TP434835","11","14151","8.8187e-06","0.0019","A"
"4","Trait5","mrMLM","NsiI.TP435227","11","14152","-2.8665e-05","0.0063","C"
"4","Trait5","mrMLM","NsiI.TP435268","11","14153","-1.6013e-05","0.0035","A"
"4","Trait5","mrMLM","NsiI.TP435280","11","14154","-0.2438","1.3562","A"
"4","Trait5","mrMLM","NsiI.TP435290","11","14155","-1.2855e-06","3e-04","C"
"4","Trait5","mrMLM","NsiI.TP435307","11","14156","-1.4969e-05","0.0033","C"
"4","Trait5","mrMLM","NsiI.TP435354","11","14157","0.0091","0.1609","A"
"4","Trait5","mrMLM","NsiI.TP435468","11","14158","6.2066e-06","0.0014","A"
"4","Trait5","mrMLM","NsiI.TP435530","11","14159","1.6273e-05","0.0036","A"
"4","Trait5","mrMLM","NsiI.TP435604","11","14160","-1.0702e-06","2e-04","A"
"4","Trait5","mrMLM","NsiI.TP435649","11","14161","-8.5899e-06","0.0019","C"
"4","Trait5","mrMLM","NsiI.TP435703","11","14163","9.5733e-06","0.0021","C"
"4","Trait5","mrMLM","NsiI.TP435824","11","14164","-4.7945e-06","0.001","A"
"4","Trait5","mrMLM","NsiI.TP435991","11","14166","0.1089","0.8636","C"
"4","Trait5","mrMLM","NsiI.TP436072","11","14167","3.267e-05","0.0072","C"
"4","Trait5","mrMLM","NsiI.TP436121","11","14168","-2.2478e-05","0.0049","C"
"4","Trait5","mrMLM","NsiI.TP436157","11","14169","-2.5485e-05","0.0056","A"
"4","Trait5","mrMLM","NsiI.TP436166","11","14170","-9.8791e-06","0.0022","A"
"4","Trait5","mrMLM","NsiI.TP436167","11","14171","1.6614e-05","0.0036","G"
"4","Trait5","mrMLM","NsiI.TP436233","11","14172","-5.8242e-06","0.0013","C"
"4","Trait5","mrMLM","NsiI.TP436293","11","14175","2.6819e-06","6e-04","C"
"4","Trait5","mrMLM","NsiI.TP436346","11","14178","1.1688e-05","0.0026","G"
"4","Trait5","mrMLM","NsiI.TP436368","11","14179","-0.0197","0.3016","C"
"4","Trait5","mrMLM","NsiI.TP436422","11","14180","-2.9033e-05","0.0064","A"
"4","Trait5","mrMLM","NsiI.TP436445","11","14181","-0.1719","1.316","A"
"4","Trait5","mrMLM","NsiI.TP436616","11","14182","2.5526e-06","6e-04","A"
"4","Trait5","mrMLM","NsiI.TP436620","11","14183","-2.5652e-06","6e-04","G"
"4","Trait5","mrMLM","NsiI.TP436696","11","14185","7.874e-07","2e-04","A"
"4","Trait5","mrMLM","NsiI.TP436742","11","14186","-0.0931","0.7834","A"
"4","Trait5","mrMLM","NsiI.TP436917","11","14188","-7.9956e-06","0.0017","C"
"4","Trait5","mrMLM","NsiI.TP436929","11","14189","-7.234e-06","0.0016","G"
"4","Trait5","mrMLM","NsiI.TP436982","11","14191","0.0133","0.1723","A"
"4","Trait5","mrMLM","NsiI.TP436994","11","14193","-1.4091e-05","0.0031","C"
"4","Trait5","mrMLM","NsiI.TP437019","11","14194","-0.0231","0.2429","A"
"4","Trait5","mrMLM","NsiI.TP437031","11","14195","-0.0238","0.2639","C"
"4","Trait5","mrMLM","NsiI.TP437073","11","14196","1.7159e-06","4e-04","G"
"4","Trait5","mrMLM","NsiI.TP437121","11","14197","1.5925e-06","3e-04","A"
"4","Trait5","mrMLM","NsiI.TP437124","11","14198","-0.1877","1.5924","A"
"4","Trait5","mrMLM","NsiI.TP437243","11","14200","-0.127","1.3524","A"
"4","Trait5","mrMLM","NsiI.TP437252","11","14201","9.012e-06","0.002","C"
"4","Trait5","mrMLM","NsiI.TP437283","11","14203","0.0507","0.3209","C"
"4","Trait5","mrMLM","NsiI.TP437314","11","14204","1.1849e-05","0.0026","A"
"4","Trait5","mrMLM","NsiI.TP437341","11","14205","-4.405e-06","0.001","C"
"4","Trait5","mrMLM","NsiI.TP437390","11","14206","0.0311","0.4188","A"
"4","Trait5","mrMLM","NsiI.TP437404","11","14207","0.0106","0.1482","A"
"4","Trait5","mrMLM","NsiI.TP437451","11","14208","8.495e-06","0.0019","A"
"4","Trait5","mrMLM","NsiI.TP437456","11","14210","2.0244e-05","0.0044","C"
"4","Trait5","mrMLM","NsiI.TP437571","11","14211","-2.0523e-05","0.0045","G"
"4","Trait5","mrMLM","NsiI.TP437577","11","14212","-0.003","0.054","A"
"4","Trait5","mrMLM","NsiI.TP437616","11","14214","-2.0309e-05","0.0044","C"
"4","Trait5","mrMLM","NsiI.TP437617","11","14215","6.1895e-06","0.0013","A"
"4","Trait5","mrMLM","NsiI.TP437635","11","14216","-3.0309e-06","7e-04","C"
"4","Trait5","mrMLM","NsiI.TP437707","11","14217","-0.0216","0.2307","A"
"4","Trait5","mrMLM","NsiI.TP437776","11","14219","2.1657e-05","0.0047","C"
"4","Trait5","mrMLM","NsiI.TP437908","11","14220","-9.161e-06","0.002","A"
"4","Trait5","mrMLM","NsiI.TP437922","11","14221","1.0866e-06","2e-04","A"
"4","Trait5","mrMLM","NsiI.TP437928","11","14222","1.5738e-05","0.0034","A"
"4","Trait5","mrMLM","NsiI.TP437933","11","14223","0.069","0.3913","A"
"4","Trait5","mrMLM","NsiI.TP437945","11","14224","-3.4299e-05","0.0075","C"
"4","Trait5","mrMLM","NsiI.TP437987","11","14225","-7.9153e-06","0.0017","G"
"4","Trait5","mrMLM","NsiI.TP438024","11","14227","-1.7341e-05","0.0038","C"
"4","Trait5","mrMLM","NsiI.TP438029","11","14228","-4.2763e-06","9e-04","A"
"4","Trait5","mrMLM","NsiI.TP438086","11","14230","-0.0902","0.3635","C"
"4","Trait5","mrMLM","NsiI.TP438128","11","14231","-1.6323e-05","0.0036","A"
"4","Trait5","mrMLM","NsiI.TP438192","11","14232","-2.4929e-05","0.0055","A"
"4","Trait5","mrMLM","NsiI.TP438230","11","14233","-2.5189e-07","5.4819e-05","C"
"4","Trait5","mrMLM","NsiI.TP438238","11","14234","4.1326e-06","9e-04","C"
"4","Trait5","mrMLM","NsiI.TP438799","11","14239","0.1607","0.7981","A"
"4","Trait5","mrMLM","NsiI.TP438867","11","14240","-6.3704e-06","0.0014","A"
"4","Trait5","mrMLM","NsiI.TP438869","11","14241","0.1143","0.7062","C"
"4","Trait5","mrMLM","NsiI.TP438914","11","14242","7.2031e-06","0.0016","C"
"4","Trait5","mrMLM","NsiI.TP438917","11","14243","1.1599e-05","0.0025","A"
"4","Trait5","mrMLM","NsiI.TP438923","11","14244","-1.4639e-05","0.0032","A"
"4","Trait5","mrMLM","NsiI.TP439051","11","14248","1.1393e-05","0.0025","C"
"4","Trait5","mrMLM","NsiI.TP439062","11","14250","-0.0617","0.3973","C"
"4","Trait5","mrMLM","NsiI.TP439090","11","14251","0.0762","0.3841","C"
"4","Trait5","mrMLM","NsiI.TP439116","11","14252","9.3569e-06","0.002","A"
"4","Trait5","mrMLM","NsiI.TP439198","11","14253","-2.8297e-06","6e-04","C"
"4","Trait5","mrMLM","NsiI.TP439292","11","14254","-3.2082e-05","0.007","A"
"4","Trait5","mrMLM","NsiI.TP439293","11","14255","-1.4457e-05","0.0032","C"
"4","Trait5","mrMLM","NsiI.TP439345","11","14256","-9.9219e-06","0.0022","C"
"4","Trait5","mrMLM","NsiI.TP439393","11","14258","0.2119","1.444","A"
"4","Trait5","mrMLM","NsiI.TP439399","11","14259","0.0451","0.4317","A"
"4","Trait5","mrMLM","NsiI.TP439511","11","14263","7.0609e-06","0.0015","C"
"4","Trait5","mrMLM","NsiI.TP439542","11","14264","-1.4981e-05","0.0033","A"
"4","Trait5","mrMLM","NsiI.TP439602","11","14265","0.1443","0.7778","G"
"4","Trait5","mrMLM","NsiI.TP439901","11","14267","-1.9123e-06","4e-04","C"
"4","Trait5","mrMLM","NsiI.TP439915","11","14268","-0.028","0.3803","A"
"4","Trait5","mrMLM","NsiI.TP440186","11","14271","5.0872e-06","0.0011","A"
"4","Trait5","mrMLM","NsiI.TP440244","11","14273","-0.1113","0.7842","A"
"4","Trait5","mrMLM","NsiI.TP440297","11","14274","-1.0652e-05","0.0023","C"
"4","Trait5","mrMLM","NsiI.TP440333","11","14275","1.3928e-05","0.003","C"
"4","Trait5","mrMLM","NsiI.TP440349","11","14276","1.3813e-05","0.003","C"
"4","Trait5","mrMLM","NsiI.TP440458","11","14278","1.6488e-05","0.0036","G"
"4","Trait5","mrMLM","NsiI.TP440528","11","14279","-4.5993e-05","0.0101","C"
"4","Trait5","mrMLM","NsiI.TP440553","11","14280","-0.0745","0.8043","C"
"4","Trait5","mrMLM","NsiI.TP440593","11","14281","-1.1925e-05","0.0026","C"
"4","Trait5","mrMLM","NsiI.TP440603","11","14282","-0.0399","0.3087","C"
"4","Trait5","mrMLM","NsiI.TP440678","11","14284","-9.1853e-06","0.002","A"
"4","Trait5","mrMLM","NsiI.TP440693","11","14285","5.9973e-06","0.0013","G"
"4","Trait5","mrMLM","NsiI.TP440709","11","14286","1.695e-05","0.0037","A"
"4","Trait5","mrMLM","NsiI.TP440710","11","14287","3.3282e-06","7e-04","C"
"4","Trait5","mrMLM","NsiI.TP440825","11","14290","-5.9493e-06","0.0013","C"
"4","Trait5","mrMLM","NsiI.TP440866","11","14292","8.2099e-06","0.0018","A"
"4","Trait5","mrMLM","NsiI.TP441098","11","14296","-9.8517e-07","2e-04","G"
"4","Trait5","mrMLM","NsiI.TP441136","11","14298","-1.3994e-05","0.0031","C"
"4","Trait5","mrMLM","NsiI.TP441147","11","14299","-0.1113","0.6103","A"
"4","Trait5","mrMLM","NsiI.TP441161","11","14301","-0.0832","0.7277","G"
"4","Trait5","mrMLM","NsiI.TP441232","11","14302","6.8443e-06","0.0015","A"
"4","Trait5","mrMLM","NsiI.TP441304","11","14303","0.3168","1.5262","A"
"4","Trait5","mrMLM","NsiI.TP441306","11","14304","-1.3998e-06","3e-04","C"
"4","Trait5","mrMLM","NsiI.TP441363","11","14305","-0.0356","0.37","A"
"4","Trait5","mrMLM","NsiI.TP441512","11","14306","-1.6095e-05","0.0035","A"
"4","Trait5","mrMLM","NsiI.TP441557","11","14307","-1.8891e-05","0.0041","G"
"4","Trait5","mrMLM","NsiI.TP441664","11","14308","4.8559e-06","0.0011","A"
"4","Trait5","mrMLM","NsiI.TP441682","11","14309","-2.2542e-05","0.0049","C"
"4","Trait5","mrMLM","NsiI.TP441701","11","14310","-1.5414e-05","0.0034","G"
"4","Trait5","mrMLM","NsiI.TP441710","11","14311","-1.8049e-05","0.0039","A"
"4","Trait5","mrMLM","NsiI.TP441797","11","14313","-0.0343","0.448","C"
"4","Trait5","mrMLM","NsiI.TP441886","11","14314","8.1908e-06","0.0018","C"
"4","Trait5","mrMLM","NsiI.TP441926","11","14315","-0.0588","0.4841","A"
"4","Trait5","mrMLM","NsiI.TP441940","11","14316","1.1603e-05","0.0025","C"
"4","Trait5","mrMLM","NsiI.TP442079","11","14317","2.3567e-05","0.0052","A"
"4","Trait5","mrMLM","NsiI.TP442083","11","14319","-2.5325e-05","0.0055","C"
"4","Trait5","mrMLM","NsiI.TP442097","11","14320","1.3914e-05","0.003","G"
"4","Trait5","mrMLM","NsiI.TP442209","11","14322","-9.7625e-06","0.0021","A"
"4","Trait5","mrMLM","NsiI.TP442242","11","14323","0.1393","1.1526","C"
"4","Trait5","mrMLM","NsiI.TP442293","11","14324","5.4342e-06","0.0012","C"
"4","Trait5","mrMLM","NsiI.TP442306","11","14326","-9.3691e-06","0.002","G"
"4","Trait5","mrMLM","NsiI.TP442361","11","14328","-0.0878","0.713","A"
"4","Trait5","mrMLM","NsiI.TP442482","11","14329","1.6469e-05","0.0036","C"
"4","Trait5","mrMLM","NsiI.TP442547","11","14330","-3.9552e-05","0.0087","C"
"4","Trait5","mrMLM","NsiI.TP442549","11","14331","2.128e-06","5e-04","C"
"4","Trait5","mrMLM","NsiI.TP442704","11","14332","-3.4716e-05","0.0076","C"
"4","Trait5","mrMLM","NsiI.TP442764","11","14335","-6.7405e-06","0.0015","C"
"4","Trait5","mrMLM","NsiI.TP442875","11","14336","-2.8464e-06","6e-04","A"
"4","Trait5","mrMLM","NsiI.TP442941","11","14338","-9.0765e-06","0.002","G"
"4","Trait5","mrMLM","NsiI.TP443009","11","14340","-0.1303","1.0598","A"
"4","Trait5","mrMLM","NsiI.TP443026","11","14341","-1.2896e-05","0.0028","A"
"4","Trait5","mrMLM","NsiI.TP443033","11","14342","1.4094e-05","0.0031","C"
"4","Trait5","mrMLM","NsiI.TP443035","11","14343","-1.1785e-05","0.0026","C"
"4","Trait5","mrMLM","NsiI.TP443136","11","14348","-2.6004e-06","6e-04","A"
"4","Trait5","mrMLM","NsiI.TP443153","11","14349","1.073e-05","0.0023","G"
"4","Trait5","mrMLM","NsiI.TP443210","11","14350","1.9824e-05","0.0043","C"
"4","Trait5","mrMLM","NsiI.TP443225","11","14351","-2.1976e-06","5e-04","C"
"4","Trait5","mrMLM","NsiI.TP443253","11","14352","-2.5553e-07","5.5612e-05","A"
"4","Trait5","mrMLM","NsiI.TP443279","11","14353","-1.6509e-05","0.0036","C"
"4","Trait5","mrMLM","NsiI.TP443298","11","14354","1.3542e-05","0.003","C"
"4","Trait5","mrMLM","NsiI.TP443420","11","14356","-3.6523e-06","8e-04","A"
"4","Trait5","mrMLM","NsiI.TP443471","11","14357","0.0395","0.4189","A"
"4","Trait5","mrMLM","NsiI.TP443591","11","14358","4.4061e-06","0.001","C"
"4","Trait5","mrMLM","NsiI.TP443632","11","14359","5.1792e-06","0.0011","C"
"4","Trait5","mrMLM","NsiI.TP443697","11","14361","-4.8235e-06","0.0011","C"
"4","Trait5","mrMLM","NsiI.TP443698","11","14362","3.9181e-06","9e-04","C"
"4","Trait5","mrMLM","NsiI.TP443702","11","14363","-0.1463","0.7661","A"
"4","Trait5","mrMLM","NsiI.TP443948","11","14365","-1.2276e-06","3e-04","C"
"4","Trait5","mrMLM","NsiI.TP443949","11","14366","-1.3359e-05","0.0029","G"
"4","Trait5","mrMLM","NsiI.TP444108","11","14367","-7.8574e-06","0.0017","A"
"4","Trait5","mrMLM","NsiI.TP444147","11","14368","-1.8019e-06","4e-04","A"
"4","Trait5","mrMLM","NsiI.TP444160","11","14369","-0.0387","0.5677","A"
"4","Trait5","mrMLM","NsiI.TP444309","11","14370","-1.2045e-05","0.0026","G"
"4","Trait5","mrMLM","NsiI.TP444364","11","14371","2.6843e-05","0.0059","C"
"4","Trait5","mrMLM","NsiI.TP444455","11","14372","-2.6169e-05","0.0057","C"
"4","Trait5","mrMLM","NsiI.TP444501","11","14373","-2.6058e-06","6e-04","A"
"4","Trait5","mrMLM","NsiI.TP444536","11","14374","6.452e-06","0.0014","A"
"4","Trait5","mrMLM","NsiI.TP444557","11","14375","-1.0815e-05","0.0024","A"
"4","Trait5","mrMLM","NsiI.TP444569","11","14376","-0.2333","2.0386","A"
"4","Trait5","mrMLM","NsiI.TP444587","11","14377","4.3332e-06","9e-04","C"
"4","Trait5","mrMLM","NsiI.TP444630","11","14378","-0.1187","1.5332","A"
"4","Trait5","mrMLM","NsiI.TP444709","11","14379","9.6957e-06","0.0021","C"
"4","Trait5","mrMLM","NsiI.TP444838","11","14380","-1.3447e-05","0.0029","C"
"4","Trait5","mrMLM","NsiI.TP444841","11","14381","-1.8539e-06","4e-04","G"
"4","Trait5","mrMLM","NsiI.TP445038","11","14385","2.9826e-06","6e-04","C"
"4","Trait5","mrMLM","NsiI.TP445260","11","14389","-1.217e-05","0.0027","A"
"4","Trait5","mrMLM","NsiI.TP445310","11","14390","1.0904e-05","0.0024","A"
"4","Trait5","mrMLM","NsiI.TP445704","11","14394","-1.6078e-05","0.0035","A"
"4","Trait5","mrMLM","NsiI.TP446252","11","14396","-0.1509","0.9937","C"
"4","Trait5","mrMLM","NsiI.TP446368","11","14397","2.3638e-05","0.0052","A"
"4","Trait5","mrMLM","NsiI.TP446425","11","14398","1.5817e-05","0.0035","A"
"4","Trait5","mrMLM","NsiI.TP446560","11","14400","3.0078e-06","7e-04","C"
"4","Trait5","mrMLM","NsiI.TP446664","11","14401","-2.9909e-05","0.0066","C"
"4","Trait5","mrMLM","NsiI.TP446668","11","14402","-0.1293","0.6327","A"
"4","Trait5","mrMLM","NsiI.TP446772","11","14403","0.0765","0.4932","A"
"4","Trait5","mrMLM","NsiI.TP446832","11","14404","-9.7693e-06","0.0021","C"
"4","Trait5","mrMLM","NsiI.TP446863","11","14405","-6.2343e-06","0.0014","C"
"4","Trait5","mrMLM","NsiI.TP446919","11","14406","2.3615e-05","0.0052","C"
"4","Trait5","mrMLM","NsiI.TP447355","11","14411","-7.0075e-06","0.0015","C"
"4","Trait5","mrMLM","NsiI.TP447866","11","14414","0.0301","0.3314","C"
"4","Trait5","mrMLM","NsiI.TP448019","11","14417","-1.9715e-05","0.0043","C"
"4","Trait5","mrMLM","NsiI.TP448134","11","14419","-1.0501e-05","0.0023","A"
"4","Trait5","mrMLM","NsiI.TP448197","11","14420","2.5858e-05","0.0057","C"
"4","Trait5","mrMLM","NsiI.TP448710","11","14423","0.0826","0.8848","A"
"4","Trait5","mrMLM","NsiI.TP448738","11","14424","-1.0671e-05","0.0023","C"
"4","Trait5","mrMLM","NsiI.TP448978","11","14430","2.4358e-05","0.0053","C"
"4","Trait5","mrMLM","NsiI.TP449236","11","14433","-6.8788e-06","0.0015","C"
"4","Trait5","mrMLM","NsiI.TP449267","11","14434","-1.1248e-05","0.0025","C"
"4","Trait5","mrMLM","NsiI.TP449353","11","14435","-0.0598","0.4687","A"
"4","Trait5","mrMLM","NsiI.TP449403","11","14437","-1.0409e-05","0.0023","A"
"4","Trait5","mrMLM","NsiI.TP449419","11","14438","4.8104e-06","0.001","A"
"4","Trait5","mrMLM","NsiI.TP449421","11","14439","-0.145","0.5081","C"
"4","Trait5","mrMLM","NsiI.TP449425","11","14440","0.0778","1.0836","A"
"4","Trait5","mrMLM","NsiI.TP449571","11","14442","-0.0913","0.5359","A"
"4","Trait5","mrMLM","NsiI.TP449591","11","14443","1.6179e-07","3.5211e-05","C"
"4","Trait5","mrMLM","NsiI.TP449698","11","14444","-0.0434","0.5513","C"
"4","Trait5","mrMLM","NsiI.TP449783","11","14445","-0.067","0.3693","A"
"4","Trait5","mrMLM","NsiI.TP449849","11","14446","2.1654e-05","0.0047","A"
"4","Trait5","mrMLM","NsiI.TP449894","11","14447","3.0867e-06","7e-04","A"
"4","Trait5","mrMLM","NsiI.TP449903","11","14448","-1.132e-06","2e-04","A"
"4","Trait5","mrMLM","NsiI.TP449913","11","14449","-3.3347e-05","0.0073","C"
"4","Trait5","mrMLM","NsiI.TP449920","11","14450","-0.0559","0.3212","C"
"4","Trait5","mrMLM","NsiI.TP450025","11","14452","5.5639e-06","0.0012","C"
"4","Trait5","mrMLM","NsiI.TP450221","11","14453","-0.0811","0.5823","C"
"4","Trait5","mrMLM","NsiI.TP450225","11","14455","-0.0307","0.3549","G"
"4","Trait5","mrMLM","NsiI.TP450231","11","14456","-1.5319e-05","0.0033","C"
"4","Trait5","mrMLM","NsiI.TP450332","11","14458","-0.2081","0.994","A"
"4","Trait5","mrMLM","NsiI.TP450348","11","14459","-2.5589e-05","0.0056","C"
"4","Trait5","mrMLM","NsiI.TP450391","11","14460","2.0034e-06","4e-04","C"
"4","Trait5","mrMLM","NsiI.TP450394","11","14461","0.0608","0.6034","C"
"4","Trait5","mrMLM","NsiI.TP450498","11","14463","1.9876e-05","0.0043","C"
"4","Trait5","mrMLM","NsiI.TP450541","11","14464","-3.4377e-06","7e-04","A"
"4","Trait5","mrMLM","NsiI.TP450609","11","14465","-0.0992","0.9782","C"
"4","Trait5","mrMLM","NsiI.TP450647","11","14466","0.1811","0.9822","C"
"4","Trait5","mrMLM","NsiI.TP450674","11","14468","3.0381e-05","0.0067","C"
"4","Trait5","mrMLM","NsiI.TP450684","11","14470","2.4805e-05","0.0054","A"
"4","Trait5","mrMLM","NsiI.TP450780","11","14472","-2.7598e-05","0.006","C"
"4","Trait5","mrMLM","NsiI.TP450787","11","14473","1.1858e-05","0.0026","C"
"4","Trait5","mrMLM","NsiI.TP450818","11","14474","-1.849e-05","0.004","C"
"4","Trait5","mrMLM","NsiI.TP451094","11","14476","1.0429e-05","0.0023","C"
"4","Trait5","mrMLM","NsiI.TP451292","11","14477","-3.1271e-05","0.0069","C"
"4","Trait5","mrMLM","NsiI.TP451551","11","14479","-0.037","0.3284","C"
"4","Trait5","mrMLM","NsiI.TP451683","11","14480","-8.5652e-06","0.0019","C"
"4","Trait5","mrMLM","NsiI.TP451964","11","14482","-8.7961e-06","0.0019","A"
"4","Trait5","mrMLM","NsiI.TP452061","11","14485","-3.5928e-08","7.8194e-06","A"
"4","Trait5","mrMLM","NsiI.TP452078","11","14486","1.0743e-05","0.0023","A"
"4","Trait5","mrMLM","NsiI.TP452464","11","14489","-0.474","1.6213","C"
"4","Trait5","mrMLM","NsiI.TP452489","11","14490","-0.0743","0.3953","A"
"4","Trait5","mrMLM","NsiI.TP452865","11","14494","-1.4404e-05","0.0031","A"
"4","Trait5","mrMLM","NsiI.TP452911","11","14495","8.586e-06","0.0019","C"
"4","Trait5","mrMLM","NsiI.TP453000","11","14498","-0.042","0.2736","A"
"4","Trait5","mrMLM","NsiI.TP453026","11","14499","-0.0474","0.3649","C"
"4","Trait5","mrMLM","NsiI.TP453088","11","14500","8.8389e-06","0.0019","A"
"4","Trait5","mrMLM","NsiI.TP453116","11","14501","2.3851e-05","0.0052","A"
"4","Trait5","mrMLM","NsiI.TP453137","11","14502","3.874e-06","8e-04","C"
"4","Trait5","mrMLM","NsiI.TP453184","11","14504","-3.3103e-05","0.0073","C"
"4","Trait5","mrMLM","NsiI.TP453240","11","14505","1.047e-05","0.0023","C"
"4","Trait5","mrMLM","NsiI.TP453723","11","14508","-0.0701","0.7649","C"
"4","Trait5","mrMLM","NsiI.TP453826","11","14509","1.0323e-05","0.0023","C"
"4","Trait5","mrMLM","NsiI.TP454067","11","14510","-5.8965e-06","0.0013","C"
"4","Trait5","mrMLM","NsiI.TP454230","11","14512","0.0135","0.1377","A"
"4","Trait5","mrMLM","NsiI.TP454233","11","14513","-1.9113e-05","0.0042","C"
"4","Trait5","mrMLM","NsiI.TP454475","11","14515","1.4593e-05","0.0032","C"
"4","Trait5","mrMLM","NsiI.TP454779","11","14518","-2.9118e-05","0.0064","A"
"4","Trait5","mrMLM","NsiI.TP454898","11","14519","-1.626e-05","0.0036","C"
"4","Trait5","mrMLM","NsiI.TP454947","11","14520","-7.4616e-06","0.0016","A"
"4","Trait5","mrMLM","NsiI.TP455041","11","14522","-0.2107","0.9553","A"
"4","Trait5","mrMLM","NsiI.TP455152","11","14523","0.1063","1.0576","A"
"4","Trait5","mrMLM","NsiI.TP455167","11","14524","-9.4525e-06","0.0021","C"
"4","Trait5","mrMLM","NsiI.TP455250","11","14526","0.1979","0.588","C"
"4","Trait5","mrMLM","NsiI.TP455253","11","14527","0.1257","0.9865","C"
"4","Trait5","mrMLM","NsiI.TP455677","11","14529","-3.8371e-05","0.0084","A"
"4","Trait5","mrMLM","NsiI.TP455693","11","14530","2e-04","0.0153","A"
"4","Trait5","mrMLM","NsiI.TP455700","11","14531","-7.7053e-06","0.0017","C"
"4","Trait5","mrMLM","NsiI.TP455853","11","14533","-1.2185e-05","0.0027","C"
"4","Trait5","mrMLM","NsiI.TP455855","11","14534","3.4167e-05","0.0075","C"
"4","Trait5","mrMLM","NsiI.TP455891","11","14535","0.1555","1.0721","C"
"4","Trait5","mrMLM","NsiI.TP456029","11","14536","0.1084","0.3744","C"
"4","Trait5","mrMLM","NsiI.TP456072","11","14537","-0.0558","0.4143","C"
"4","Trait5","mrMLM","NsiI.TP456097","11","14538","-3.7085e-06","8e-04","C"
"4","Trait5","mrMLM","NsiI.TP456139","11","14539","2.1199e-05","0.0046","C"
"4","Trait5","mrMLM","NsiI.TP456239","11","14540","-8.3725e-06","0.0018","C"
"4","Trait5","mrMLM","NsiI.TP456277","11","14541","-1.2423e-06","3e-04","A"
"4","Trait5","mrMLM","NsiI.TP456371","11","14544","-0.0359","0.3436","C"
"4","Trait5","mrMLM","NsiI.TP456445","11","14545","4.952e-07","1e-04","A"
"4","Trait5","mrMLM","NsiI.TP456520","11","14547","-3.0254e-05","0.0066","C"
"4","Trait5","mrMLM","NsiI.TP456563","11","14549","1.8413e-05","0.004","A"
"4","Trait5","mrMLM","NsiI.TP456615","11","14550","-1.7314e-05","0.0038","C"
"4","Trait5","mrMLM","NsiI.TP456659","11","14551","1.2003e-05","0.0026","C"
"4","Trait5","mrMLM","NsiI.TP456707","11","14552","0.3215","1.8236","C"
"4","Trait5","mrMLM","NsiI.TP456787","11","14553","-0.0448","0.2151","C"
"4","Trait5","mrMLM","NsiI.TP456798","11","14554","1.2873e-05","0.0028","A"
"4","Trait5","mrMLM","NsiI.TP456922","11","14556","3.0538e-05","0.0067","A"
"4","Trait5","mrMLM","NsiI.TP456970","11","14558","2.7074e-06","6e-04","A"
"4","Trait5","mrMLM","NsiI.TP457095","11","14560","5.4284e-06","0.0012","A"
"4","Trait5","mrMLM","NsiI.TP457132","11","14561","0.0461","0.4621","G"
"4","Trait5","mrMLM","NsiI.TP457144","11","14562","-0.0077","0.1273","C"
"4","Trait5","mrMLM","NsiI.TP457495","11","14564","0.2145","1.0579","A"
"4","Trait5","mrMLM","NsiI.TP457503","11","14566","4.8696e-07","1e-04","C"
"4","Trait5","mrMLM","NsiI.TP457514","11","14567","3.3938e-05","0.0075","C"
"4","Trait5","mrMLM","NsiI.TP457618","11","14568","-4.9244e-06","0.0011","A"
"4","Trait5","mrMLM","NsiI.TP457620","11","14569","1.3303e-05","0.0029","C"
"4","Trait5","mrMLM","NsiI.TP457636","11","14570","6.6397e-06","0.0014","G"
"4","Trait5","mrMLM","NsiI.TP457648","11","14571","-0.0034","0.1017","C"
"4","Trait5","mrMLM","NsiI.TP457668","11","14572","-0.1096","0.7313","C"
"4","Trait5","mrMLM","NsiI.TP458088","11","14578","-9.1305e-07","2e-04","G"
"4","Trait5","mrMLM","NsiI.TP458100","11","14579","-0.0932","0.6394","A"
"4","Trait5","mrMLM","NsiI.TP458174","11","14581","5.5213e-06","0.0012","G"
"4","Trait5","mrMLM","NsiI.TP458281","11","14583","-7.0691e-06","0.0015","A"
"4","Trait5","mrMLM","NsiI.TP458363","11","14584","5.8564e-06","0.0013","C"
"4","Trait5","mrMLM","NsiI.TP458380","11","14585","-2.0296e-05","0.0044","C"
"4","Trait5","mrMLM","NsiI.TP458403","11","14586","1.8183e-05","0.004","C"
"4","Trait5","mrMLM","NsiI.TP458472","11","14587","-5.6949e-06","0.0012","C"
"4","Trait5","mrMLM","NsiI.TP458474","11","14588","0.0685","0.4314","C"
"4","Trait5","mrMLM","NsiI.TP458537","11","14589","-1.7483e-05","0.0038","C"
"4","Trait5","mrMLM","NsiI.TP458574","11","14591","8.7208e-06","0.0019","C"
"4","Trait5","mrMLM","NsiI.TP458578","11","14592","0.2515","1.04","C"
"4","Trait5","mrMLM","NsiI.TP458620","11","14593","1.2455e-05","0.0027","C"
"4","Trait5","mrMLM","NsiI.TP458702","11","14594","0.1193","0.6909","A"
"4","Trait5","mrMLM","NsiI.TP458870","11","14595","0.0074","0.1239","C"
"4","Trait5","mrMLM","NsiI.TP458887","11","14596","3.9324e-05","0.0086","C"
"4","Trait5","mrMLM","NsiI.TP458921","11","14597","-2.4323e-05","0.0053","A"
"4","Trait5","mrMLM","NsiI.TP458927","11","14598","6.4522e-06","0.0014","G"
"4","Trait5","mrMLM","NsiI.TP458999","11","14599","3.5533e-06","8e-04","C"
"4","Trait5","mrMLM","NsiI.TP459041","11","14600","1.521e-05","0.0033","C"
"4","Trait5","mrMLM","NsiI.TP459043","11","14601","-0.0612","0.3479","G"
"4","Trait5","mrMLM","NsiI.TP459546","11","14604","0.036","0.42","C"
"4","Trait5","mrMLM","NsiI.TP459558","11","14605","-8.0834e-06","0.0018","C"
"4","Trait5","mrMLM","NsiI.TP459562","11","14606","1.8009e-05","0.0039","A"
"4","Trait5","mrMLM","NsiI.TP459599","11","14608","-1.285e-05","0.0028","C"
"4","Trait5","mrMLM","NsiI.TP459742","11","14610","-1.2894e-05","0.0028","C"
"4","Trait5","mrMLM","NsiI.TP459799","11","14612","0.0143","0.1645","A"
"4","Trait5","mrMLM","NsiI.TP459803","11","14613","-1.5241e-06","3e-04","C"
"4","Trait5","mrMLM","NsiI.TP459852","11","14614","-2.4404e-05","0.0053","C"
"4","Trait5","mrMLM","NsiI.TP459856","11","14615","1e-04","0.015","C"
"4","Trait5","mrMLM","NsiI.TP460177","11","14617","0.1052","0.7757","C"
"4","Trait5","mrMLM","NsiI.TP460201","11","14619","-2.464e-05","0.0054","A"
"4","Trait5","mrMLM","NsiI.TP460312","11","14621","-0.4351","2.1855","C"
"4","Trait5","mrMLM","NsiI.TP460338","11","14623","-2.7849e-05","0.0061","A"
"4","Trait5","mrMLM","NsiI.TP460618","11","14626","2.164e-06","5e-04","C"
"4","Trait5","mrMLM","NsiI.TP460901","11","14628","0.1741","1.2045","C"
"4","Trait5","mrMLM","NsiI.TP461325","11","14631","-3.599e-06","8e-04","A"
"4","Trait5","mrMLM","NsiI.TP461677","11","14633","1.2821e-05","0.0028","C"
"4","Trait5","mrMLM","NsiI.TP462448","11","14636","-4.4724e-06","0.001","C"
"4","Trait5","mrMLM","NsiI.TP462617","11","14638","-1.6629e-05","0.0036","A"
"4","Trait5","mrMLM","NsiI.TP462944","11","14640","1.6843e-05","0.0037","A"
"4","Trait5","mrMLM","NsiI.TP462945","11","14641","-3.299e-06","7e-04","A"
"4","Trait5","mrMLM","NsiI.TP462986","11","14642","2.8856e-05","0.0063","C"
"4","Trait5","mrMLM","NsiI.TP463150","11","14644","1.7808e-05","0.0039","C"
"4","Trait5","mrMLM","NsiI.TP463200","11","14646","-0.0711","0.459","C"
"4","Trait5","mrMLM","NsiI.TP463875","11","14650","-0.0162","0.1516","A"
"4","Trait5","mrMLM","NsiI.TP463918","11","14651","-1.0032e-05","0.0022","A"
"4","Trait5","mrMLM","NsiI.TP463974","11","14652","1.7478e-05","0.0038","C"
"4","Trait5","mrMLM","NsiI.TP464041","11","14654","1.4419e-05","0.0031","C"
"4","Trait5","mrMLM","NsiI.TP464267","11","14657","-0.1575","0.9129","C"
"4","Trait5","mrMLM","NsiI.TP464289","11","14660","1.3162e-06","3e-04","A"
"4","Trait5","mrMLM","NsiI.TP464294","11","14661","5.0263e-06","0.0011","C"
"4","Trait5","mrMLM","NsiI.TP464369","11","14662","9.3245e-06","0.002","A"
"4","Trait5","mrMLM","NsiI.TP464397","11","14663","-0.1032","1.2557","C"
"4","Trait5","mrMLM","NsiI.TP464530","11","14665","-0.0252","0.2409","C"
"4","Trait5","mrMLM","NsiI.TP464533","11","14666","0.0313","0.246","C"
"4","Trait5","mrMLM","NsiI.TP464767","11","14667","0.1333","0.9412","A"
"4","Trait5","mrMLM","NsiI.TP464859","11","14668","4.8677e-08","1.0593e-05","C"
"4","Trait5","mrMLM","NsiI.TP464933","11","14669","-0.0411","0.2886","C"
"4","Trait5","mrMLM","NsiI.TP464957","11","14670","-1.5778e-05","0.0034","C"
"4","Trait5","mrMLM","NsiI.TP464987","11","14671","-0.0582","0.4799","C"
"4","Trait5","mrMLM","NsiI.TP465044","11","14673","-2.738e-05","0.006","C"
"4","Trait5","mrMLM","NsiI.TP465060","11","14674","-1.2061e-05","0.0026","C"
"4","Trait5","mrMLM","NsiI.TP465211","11","14676","1.5698e-05","0.0034","C"
"4","Trait5","mrMLM","NsiI.TP465256","11","14677","0.0204","0.2689","A"
"4","Trait5","mrMLM","NsiI.TP465411","11","14678","-0.1726","1.4095","A"
"4","Trait5","mrMLM","NsiI.TP465474","11","14680","-0.0604","0.4163","A"
"4","Trait5","mrMLM","NsiI.TP465623","11","14681","1.3171e-05","0.0029","A"
"4","Trait5","mrMLM","NsiI.TP465665","11","14682","-0.1951","1.3078","C"
"4","Trait5","mrMLM","NsiI.TP465677","11","14684","-1.0656e-05","0.0023","A"
"4","Trait5","mrMLM","NsiI.TP465783","11","14686","-7.8517e-06","0.0017","C"
"4","Trait5","mrMLM","NsiI.TP465801","11","14688","1.7301e-05","0.0038","G"
"4","Trait5","mrMLM","NsiI.TP465897","11","14689","-5.8268e-06","0.0013","A"
"4","Trait5","mrMLM","NsiI.TP466045","11","14690","-1.6626e-05","0.0036","A"
"4","Trait5","mrMLM","NsiI.TP466065","11","14691","-1.1411e-05","0.0025","A"
"4","Trait5","mrMLM","NsiI.TP466128","11","14692","6.5759e-06","0.0014","C"
"4","Trait5","mrMLM","NsiI.TP466393","11","14695","-6.575e-09","1.431e-06","A"
"4","Trait5","mrMLM","NsiI.TP466452","11","14696","-0.0038","0.0811","C"
"4","Trait5","mrMLM","NsiI.TP466606","11","14697","2.0456e-06","4e-04","C"
"4","Trait5","mrMLM","NsiI.TP466671","11","14698","-1.5096e-05","0.0033","C"
"4","Trait5","mrMLM","NsiI.TP466770","11","14699","7.8514e-07","2e-04","C"
"4","Trait5","mrMLM","NsiI.TP466808","11","14700","1.1844e-05","0.0026","C"
"4","Trait5","mrMLM","NsiI.TP467039","11","14701","-6.1919e-06","0.0013","C"
"4","Trait5","mrMLM","NsiI.TP467077","11","14703","8.1417e-06","0.0018","G"
"4","Trait5","mrMLM","NsiI.TP467080","11","14704","1.9259e-05","0.0042","C"
"4","Trait5","mrMLM","NsiI.TP467081","11","14705","2.2808e-05","0.005","C"
"4","Trait5","mrMLM","NsiI.TP467124","11","14706","-0.1037","0.512","G"
"4","Trait5","mrMLM","NsiI.TP467334","11","14708","-0.1485","0.9953","A"
"4","Trait5","mrMLM","NsiI.TP467412","11","14709","2.5106e-05","0.0055","G"
"4","Trait5","mrMLM","NsiI.TP467507","11","14710","-0.1038","0.6835","G"
"4","Trait5","mrMLM","NsiI.TP467551","11","14712","-0.0492","0.461","C"
"4","Trait5","mrMLM","NsiI.TP467595","11","14713","1.4933e-05","0.0033","C"
"4","Trait5","mrMLM","NsiI.TP467631","11","14715","-3.603e-05","0.0079","A"
"4","Trait5","mrMLM","NsiI.TP467776","11","14717","-1.3003e-06","3e-04","C"
"4","Trait5","mrMLM","NsiI.TP467949","11","14719","0.0186","0.2424","A"
"4","Trait5","mrMLM","NsiI.TP468110","11","14723","-0.0045","0.1068","A"
"4","Trait5","mrMLM","NsiI.TP468113","11","14724","-1.2301e-06","3e-04","C"
"4","Trait5","mrMLM","NsiI.TP468201","11","14725","-1.3535e-05","0.003","A"
"4","Trait5","mrMLM","NsiI.TP468214","11","14726","-8.1928e-06","0.0018","A"
"4","Trait5","mrMLM","NsiI.TP468237","11","14727","0.0027","0.078","A"
"4","Trait5","mrMLM","NsiI.TP468299","11","14728","-0.0235","0.2163","A"
"4","Trait5","mrMLM","NsiI.TP468332","11","14729","-2.9764e-05","0.0065","A"
"4","Trait5","mrMLM","NsiI.TP468380","11","14731","-2.6925e-05","0.0059","C"
"4","Trait5","mrMLM","NsiI.TP468398","11","14732","1.3183e-05","0.0029","A"
"4","Trait5","mrMLM","NsiI.TP468555","11","14734","-0.2881","0.8626","G"
"4","Trait5","mrMLM","NsiI.TP468613","11","14735","8.6643e-06","0.0019","A"
"4","Trait5","mrMLM","NsiI.TP468869","11","14737","-5.8208e-06","0.0013","A"
"4","Trait5","mrMLM","NsiI.TP468926","11","14738","0.0016","0.0397","A"
"4","Trait5","mrMLM","NsiI.TP469094","11","14741","-1.1854e-05","0.0026","C"
"4","Trait5","mrMLM","NsiI.TP469135","11","14742","-1.7226e-06","4e-04","C"
"4","Trait5","mrMLM","NsiI.TP469202","11","14744","-2.4198e-06","5e-04","A"
"4","Trait5","mrMLM","NsiI.TP469203","11","14745","-7.9634e-06","0.0017","A"
"4","Trait5","mrMLM","NsiI.TP469220","11","14746","-1.548e-05","0.0034","C"
"4","Trait5","mrMLM","NsiI.TP469294","11","14747","2.9875e-05","0.0066","G"
"4","Trait5","mrMLM","NsiI.TP469537","11","14750","-0.1948","0.7939","C"
"4","Trait5","mrMLM","NsiI.TP469623","11","14751","4.013e-06","9e-04","C"
"4","Trait5","mrMLM","NsiI.TP469833","11","14754","1.0016e-05","0.0022","A"
"4","Trait5","mrMLM","NsiI.TP469970","11","14755","1.3342e-05","0.0029","C"
"4","Trait5","mrMLM","NsiI.TP469978","11","14756","-0.0582","0.3088","G"
"4","Trait5","mrMLM","NsiI.TP470046","11","14758","1.2227e-05","0.0027","C"
"4","Trait5","mrMLM","NsiI.TP470178","11","14760","-1.09e-05","0.0024","C"
"4","Trait5","mrMLM","NsiI.TP470211","11","14761","2.7719e-06","6e-04","C"
"4","Trait5","mrMLM","NsiI.TP470370","11","14763","-2.183e-05","0.0048","C"
"4","Trait5","mrMLM","NsiI.TP470374","11","14764","-1.2093e-07","2.6317e-05","A"
"4","Trait5","mrMLM","NsiI.TP470420","11","14766","-0.041","0.4611","A"
"4","Trait5","mrMLM","NsiI.TP470465","11","14767","-6.7316e-06","0.0015","A"
"4","Trait5","mrMLM","NsiI.TP470466","11","14768","-2.6831e-05","0.0059","A"
"4","Trait5","mrMLM","NsiI.TP470630","11","14770","2.5701e-06","6e-04","C"
"4","Trait5","mrMLM","NsiI.TP470703","11","14771","-5.1526e-06","0.0011","C"
"4","Trait5","mrMLM","NsiI.TP470733","11","14773","-1.4948e-05","0.0033","C"
"4","Trait5","mrMLM","NsiI.TP470744","11","14774","-7.4117e-06","0.0016","C"
"4","Trait5","mrMLM","NsiI.TP470903","11","14777","-1.3043e-05","0.0028","A"
"4","Trait5","mrMLM","NsiI.TP470904","11","14778","1.3736e-05","0.003","A"
"4","Trait5","mrMLM","NsiI.TP470925","11","14779","1.5451e-05","0.0034","C"
"4","Trait5","mrMLM","NsiI.TP470927","11","14780","-8.5473e-07","2e-04","A"
"4","Trait5","mrMLM","NsiI.TP470928","11","14781","0.0257","0.3357","A"
"4","Trait5","mrMLM","NsiI.TP471113","11","14782","-2.5152e-06","5e-04","C"
"4","Trait5","mrMLM","NsiI.TP471179","11","14786","0.0983","0.5627","C"
"4","Trait5","mrMLM","NsiI.TP471511","11","14789","0.3372","1.0658","A"
"4","Trait5","mrMLM","NsiI.TP471513","11","14790","-1.8517e-06","4e-04","A"
"4","Trait5","mrMLM","NsiI.TP471566","11","14791","-7.3893e-06","0.0016","A"
"4","Trait5","mrMLM","NsiI.TP471639","11","14792","2.1141e-06","5e-04","A"
"4","Trait5","mrMLM","NsiI.TP471645","11","14793","-3.072e-05","0.0067","A"
"4","Trait5","mrMLM","NsiI.TP471709","11","14794","1.1444e-06","2e-04","A"
"4","Trait5","mrMLM","NsiI.TP471716","11","14795","9.0113e-06","0.002","A"
"4","Trait5","mrMLM","NsiI.TP471722","11","14796","-3.5369e-06","8e-04","A"
"4","Trait5","mrMLM","NsiI.TP471770","11","14797","-0.0776","0.6556","C"
"4","Trait5","mrMLM","NsiI.TP471834","11","14798","1.3073e-05","0.0029","A"
"4","Trait5","mrMLM","NsiI.TP471900","11","14799","-4.1146e-07","8.9564e-05","C"
"4","Trait5","mrMLM","NsiI.TP471944","11","14800","-4.5669e-06","0.001","A"
"4","Trait5","mrMLM","NsiI.TP471963","11","14801","0.0778","0.8882","C"
"4","Trait5","mrMLM","NsiI.TP471975","11","14802","-0.0025","0.076","C"
"4","Trait5","mrMLM","NsiI.TP472039","11","14803","-0.2762","1.0941","A"
"4","Trait5","mrMLM","NsiI.TP472079","11","14806","-8.2764e-06","0.0018","A"
"4","Trait5","mrMLM","NsiI.TP472278","11","14808","-8.8261e-06","0.0019","A"
"4","Trait5","mrMLM","NsiI.TP472286","11","14809","0.1707","0.6536","G"
"4","Trait5","mrMLM","NsiI.TP472325","11","14810","1.8987e-05","0.0042","C"
"4","Trait5","mrMLM","NsiI.TP472428","11","14811","-3.7471e-05","0.0082","A"
"4","Trait5","mrMLM","NsiI.TP472465","11","14812","1.5766e-05","0.0034","A"
"4","Trait5","mrMLM","NsiI.TP472555","11","14813","1.7826e-05","0.0039","C"
"4","Trait5","mrMLM","NsiI.TP472713","11","14815","-0.014","0.1848","C"
"4","Trait5","mrMLM","NsiI.TP472716","11","14816","-0.0256","0.3106","A"
"4","Trait5","mrMLM","NsiI.TP472777","11","14817","-1.3817e-05","0.003","A"
"4","Trait5","mrMLM","NsiI.TP472793","11","14818","-0.0229","0.1598","C"
"4","Trait5","mrMLM","NsiI.TP472952","11","14819","2.1685e-05","0.0047","C"
"4","Trait5","mrMLM","NsiI.TP472966","11","14820","1.3225e-05","0.0029","C"
"4","Trait5","mrMLM","NsiI.TP473030","11","14821","-0.0273","0.3038","A"
"4","Trait5","mrMLM","NsiI.TP473151","11","14822","0.004","0.0906","A"
"4","Trait5","mrMLM","NsiI.TP473183","11","14824","0.0521","0.435","C"
"4","Trait5","mrMLM","NsiI.TP473201","11","14825","-0.0086","0.1375","A"
"4","Trait5","mrMLM","NsiI.TP473204","11","14826","-3.1509e-05","0.0069","A"
"4","Trait5","mrMLM","NsiI.TP473213","11","14827","-2.7913e-05","0.0061","A"
"4","Trait5","mrMLM","NsiI.TP473260","11","14828","-9.4935e-06","0.0021","G"
"4","Trait5","mrMLM","NsiI.TP473267","11","14829","1.5831e-05","0.0035","G"
"4","Trait5","mrMLM","NsiI.TP473824","11","14832","-0.0885","0.4639","A"
"4","Trait5","mrMLM","NsiI.TP473868","11","14833","2.0611e-05","0.0045","C"
"4","Trait5","mrMLM","NsiI.TP473965","11","14834","0.0406","0.3417","C"
"4","Trait5","mrMLM","NsiI.TP474321","11","14835","-8.245e-06","0.0018","C"
"4","Trait5","mrMLM","NsiI.TP474414","11","14836","-1.6161e-05","0.0035","A"
"4","Trait5","mrMLM","NsiI.TP474579","11","14837","1.6245e-05","0.0035","A"
"4","Trait5","mrMLM","NsiI.TP474771","11","14839","-1.6341e-06","4e-04","C"
"4","Trait5","mrMLM","NsiI.TP475103","11","14841","-3.6715e-06","8e-04","C"
"4","Trait5","mrMLM","NsiI.TP475189","11","14842","-3.2733e-09","7.1232e-07","C"
"4","Trait5","mrMLM","NsiI.TP475376","11","14843","1.4718e-05","0.0032","G"
"4","Trait5","mrMLM","NsiI.TP475527","11","14845","-0.0597","0.2583","C"
"4","Trait5","mrMLM","NsiI.TP475815","11","14849","-9.7571e-06","0.0021","C"
"4","Trait5","mrMLM","NsiI.TP475925","11","14850","0.1577","1.1023","C"
"4","Trait5","mrMLM","NsiI.TP475928","11","14851","-0.0169","0.1715","A"
"4","Trait5","mrMLM","NsiI.TP475941","11","14852","-7.712e-06","0.0017","C"
"4","Trait5","mrMLM","NsiI.TP475968","11","14854","1.3267e-05","0.0029","C"
"4","Trait5","mrMLM","NsiI.TP476147","11","14858","6.2362e-06","0.0014","A"
"4","Trait5","mrMLM","NsiI.TP476193","11","14859","3.5222e-06","8e-04","G"
"4","Trait5","mrMLM","NsiI.TP476215","11","14860","0.0948","0.4164","C"
"4","Trait5","mrMLM","NsiI.TP476240","11","14861","-7.5965e-06","0.0017","A"
"4","Trait5","mrMLM","NsiI.TP476275","11","14862","-3.5908e-05","0.0079","C"
"4","Trait5","mrMLM","NsiI.TP476303","11","14864","-2.1875e-06","5e-04","C"
"4","Trait5","mrMLM","NsiI.TP476378","11","14867","7.1658e-06","0.0016","A"
"4","Trait5","mrMLM","NsiI.TP476427","11","14869","-8.7551e-06","0.0019","A"
"4","Trait5","mrMLM","NsiI.TP476465","11","14870","0.0028","0.07","C"
"4","Trait5","mrMLM","NsiI.TP476555","11","14872","-2.8538e-07","6.2126e-05","A"
"4","Trait5","mrMLM","NsiI.TP476561","11","14873","-5.4116e-06","0.0012","C"
"4","Trait5","mrMLM","NsiI.TP476725","11","14876","0.2502","0.8869","C"
"4","Trait5","mrMLM","NsiI.TP476828","11","14877","1.9578e-06","4e-04","A"
"4","Trait5","mrMLM","NsiI.TP476830","11","14878","2.593e-05","0.0057","A"
"4","Trait5","mrMLM","NsiI.TP477347","11","14880","0.087","0.3327","C"
"4","Trait5","mrMLM","NsiI.TP477392","11","14881","2.4996e-05","0.0055","A"
"4","Trait5","mrMLM","NsiI.TP479695","11","14882","1.5749e-05","0.0034","C"
"4","Trait5","mrMLM","NsiI.TP479705","11","14883","0.0523","0.4314","C"
"4","Trait5","mrMLM","NsiI.TP479729","11","14884","-2.7777e-05","0.0061","C"
"4","Trait5","mrMLM","NsiI.TP479743","11","14885","-0.0644","0.7417","A"
"4","Trait5","mrMLM","NsiI.TP479873","11","14887","-2.664e-05","0.0058","C"
"4","Trait5","mrMLM","NsiI.TP479967","11","14889","-2.1417e-05","0.0047","C"
"4","Trait5","mrMLM","NsiI.TP480922","11","14891","-2.5247e-06","5e-04","C"
"4","Trait5","mrMLM","NsiI.TP480948","11","14892","2.8092e-07","6.114e-05","C"
"4","Trait5","mrMLM","NsiI.TP481015","11","14895","6.0101e-06","0.0013","A"
"4","Trait5","mrMLM","NsiI.TP481048","11","14896","-0.0338","0.3504","G"
"4","Trait5","mrMLM","NsiI.TP481258","11","14897","-0.0109","0.1495","C"
"4","Trait5","mrMLM","NsiI.TP481303","11","14899","-0.1798","1.3209","C"
"4","Trait5","mrMLM","NsiI.TP481383","11","14903","-1.3225e-05","0.0029","C"
"4","Trait5","mrMLM","NsiI.TP481393","11","14904","-2.219e-05","0.0049","C"
"4","Trait5","mrMLM","NsiI.TP481412","11","14905","0.0495","0.5237","A"
"4","Trait5","mrMLM","NsiI.TP481430","11","14906","1.8184e-05","0.004","C"
"4","Trait5","mrMLM","NsiI.TP481493","11","14907","-0.1562","0.6819","C"
"4","Trait5","mrMLM","NsiI.TP481507","11","14908","2.0877e-05","0.0046","G"
"4","Trait5","mrMLM","NsiI.TP481603","11","14909","-1.5335e-05","0.0034","C"
"4","Trait5","mrMLM","NsiI.TP481746","11","14912","0.0796","0.5841","C"
"4","Trait5","mrMLM","NsiI.TP482260","11","14916","-0.0247","0.3322","C"
"4","Trait5","mrMLM","NsiI.TP482310","11","14918","3.5755e-05","0.0079","C"
"4","Trait5","mrMLM","NsiI.TP482316","11","14919","-1.2108e-05","0.0026","C"
"4","Trait5","mrMLM","NsiI.TP482349","11","14921","0.1718","0.9884","G"
"4","Trait5","mrMLM","NsiI.TP482428","11","14922","6.3275e-06","0.0014","A"
"4","Trait5","mrMLM","NsiI.TP482576","11","14924","-0.4569","3.0116","C"
"4","Trait5","mrMLM","NsiI.TP482743","11","14925","-2.0467e-05","0.0045","C"
"4","Trait5","mrMLM","NsiI.TP482764","11","14927","-9.1158e-06","0.002","A"
"4","Trait5","mrMLM","NsiI.TP482876","11","14928","-5.3503e-06","0.0012","C"
"4","Trait5","mrMLM","NsiI.TP482910","11","14929","0.0023","0.0725","C"
"4","Trait5","mrMLM","NsiI.TP482927","11","14930","-0.0043","0.0672","G"
"4","Trait5","mrMLM","NsiI.TP482928","11","14931","-1.0669e-05","0.0023","A"
"4","Trait5","mrMLM","NsiI.TP482972","11","14932","3.0845e-06","7e-04","C"
"4","Trait5","mrMLM","NsiI.TP483244","11","14936","5.8468e-06","0.0013","A"
"4","Trait5","mrMLM","NsiI.TP483321","11","14937","-0.054","0.316","C"
"4","Trait5","mrMLM","NsiI.TP483872","11","14943","-1.8625e-05","0.0041","C"
"4","Trait5","mrMLM","NsiI.TP483895","11","14944","-1.0084e-05","0.0022","C"
"4","Trait5","mrMLM","NsiI.TP483963","11","14945","3.6184e-06","8e-04","C"
"4","Trait5","mrMLM","NsiI.TP483983","11","14946","-1.0187e-05","0.0022","A"
"4","Trait5","mrMLM","NsiI.TP484008","11","14947","-0.0333","0.3549","A"
"4","Trait5","mrMLM","NsiI.TP484036","11","14948","-1.3899e-05","0.003","C"
"4","Trait5","mrMLM","NsiI.TP484046","11","14949","1.7393e-05","0.0038","A"
"4","Trait5","mrMLM","NsiI.TP484072","11","14950","-0.1298","0.6044","A"
"4","Trait5","mrMLM","NsiI.TP484105","11","14951","-0.0359","0.2833","A"
"4","Trait5","mrMLM","NsiI.TP484292","11","14952","-4.5048e-06","0.001","A"
"4","Trait5","mrMLM","NsiI.TP484304","11","14953","-2.8088e-05","0.0062","A"
"4","Trait5","mrMLM","NsiI.TP484317","11","14954","1.6105e-05","0.0035","C"
"4","Trait5","mrMLM","NsiI.TP484322","11","14955","7.3061e-06","0.0016","A"
"4","Trait5","mrMLM","NsiI.TP484341","11","14956","-0.2434","2.536","A"
"4","Trait5","mrMLM","NsiI.TP484385","11","14957","-0.0094","0.1169","A"
"4","Trait5","mrMLM","NsiI.TP484392","11","14958","-2.2241e-05","0.0049","A"
"4","Trait5","mrMLM","NsiI.TP484589","11","14960","0.0281","0.4212","A"
"4","Trait5","mrMLM","NsiI.TP484643","11","14961","-1.3542e-05","0.003","A"
"4","Trait5","mrMLM","NsiI.TP484648","11","14962","2.8018e-05","0.0061","C"
"4","Trait5","mrMLM","NsiI.TP484679","11","14963","1.4374e-06","3e-04","A"
"4","Trait5","mrMLM","NsiI.TP484747","11","14964","2.5205e-06","5e-04","A"
"4","Trait5","mrMLM","NsiI.TP484765","11","14965","-9.9528e-07","2e-04","A"
"4","Trait5","mrMLM","NsiI.TP484767","11","14966","-0.1629","1.1447","C"
"4","Trait5","mrMLM","NsiI.TP484793","11","14967","2.686e-05","0.0059","A"
"4","Trait5","mrMLM","NsiI.TP484830","11","14968","-9.7099e-06","0.0021","C"
"4","Trait5","mrMLM","NsiI.TP484985","11","14970","1.704e-05","0.0037","C"
"4","Trait5","mrMLM","NsiI.TP484989","11","14971","0.2008","1.19","A"
"4","Trait5","mrMLM","NsiI.TP485016","11","14972","-1.6913e-05","0.0037","C"
"4","Trait5","mrMLM","NsiI.TP485243","11","14975","0.0582","0.3423","A"
"4","Trait5","mrMLM","NsiI.TP485335","11","14978","0.4134","1.8902","C"
"4","Trait5","mrMLM","NsiI.TP485393","11","14979","-2.2205e-05","0.0049","A"
"4","Trait5","mrMLM","NsiI.TP485510","11","14981","-1.0864e-05","0.0024","A"
"4","Trait5","mrMLM","NsiI.TP485609","11","14983","3.0906e-05","0.0068","C"
"4","Trait5","mrMLM","NsiI.TP485619","11","14984","-0.1533","1.0228","A"
"4","Trait5","mrMLM","NsiI.TP485632","11","14985","-1.9251e-06","4e-04","A"
"4","Trait5","mrMLM","NsiI.TP485707","11","14987","2.9313e-05","0.0064","A"
"4","Trait5","mrMLM","NsiI.TP485720","11","14988","-0.1415","0.6196","C"
"4","Trait5","mrMLM","NsiI.TP485785","11","14989","-0.0885","0.5085","A"
"4","Trait5","mrMLM","NsiI.TP485855","11","14990","1.2702e-05","0.0028","A"
"4","Trait5","mrMLM","NsiI.TP486023","11","14992","0.0717","0.4936","C"
"4","Trait5","mrMLM","NsiI.TP486192","11","14994","1.2351e-05","0.0027","G"
"4","Trait5","mrMLM","NsiI.TP486214","11","14995","-2.6799e-05","0.0059","A"
"4","Trait5","mrMLM","NsiI.TP486424","11","14997","-1.4548e-05","0.0032","G"
"4","Trait5","mrMLM","NsiI.TP486438","11","14999","1.6191e-05","0.0035","C"
"4","Trait5","mrMLM","NsiI.TP486467","11","15000","1.1006e-05","0.0024","C"
"4","Trait5","mrMLM","NsiI.TP486597","11","15001","-5.8379e-06","0.0013","A"
"4","Trait5","mrMLM","NsiI.TP486638","11","15003","-7.6433e-06","0.0017","A"
"4","Trait5","mrMLM","NsiI.TP486642","11","15004","0.0692","0.7044","A"
"4","Trait5","mrMLM","NsiI.TP486825","11","15006","-1.4701e-05","0.0032","C"
"4","Trait5","mrMLM","NsiI.TP486874","11","15007","-3.9309e-07","8.5565e-05","C"
"4","Trait5","mrMLM","NsiI.TP486964","11","15008","-2.8451e-05","0.0062","A"
"4","Trait5","mrMLM","NsiI.TP487024","11","15010","-1.9454e-05","0.0043","A"
"4","Trait5","mrMLM","NsiI.TP487120","11","15011","2.4572e-05","0.0054","C"
"4","Trait5","mrMLM","NsiI.TP487266","11","15012","-1.4077e-05","0.0031","C"
"4","Trait5","mrMLM","NsiI.TP487304","11","15013","9.8603e-06","0.0022","C"
"4","Trait5","mrMLM","NsiI.TP487479","11","15015","0.0355","0.423","C"
"4","Trait5","mrMLM","NsiI.TP487515","11","15016","1.3842e-05","0.003","A"
"4","Trait5","mrMLM","NsiI.TP487531","11","15017","2.0141e-05","0.0044","A"
"4","Trait5","mrMLM","NsiI.TP487604","11","15018","-6.5402e-06","0.0014","C"
"4","Trait5","mrMLM","NsiI.TP487651","11","15019","-1.1179e-05","0.0024","A"
"4","Trait5","mrMLM","NsiI.TP487742","11","15021","0.0057","0.1281","A"
"4","Trait5","mrMLM","NsiI.TP487872","11","15023","4.3732e-06","0.001","A"
"4","Trait5","mrMLM","NsiI.TP487991","11","15025","2.0273e-05","0.0044","G"
"4","Trait5","mrMLM","NsiI.TP488322","11","15027","2.2412e-06","5e-04","C"
"4","Trait5","mrMLM","NsiI.TP488343","11","15028","1.2005e-05","0.0026","A"
"4","Trait5","mrMLM","NsiI.TP488375","11","15029","-3.8206e-06","8e-04","A"
"4","Trait5","mrMLM","NsiI.TP488384","11","15030","-4.0073e-06","9e-04","C"
"4","Trait5","mrMLM","NsiI.TP488525","11","15031","-0.1241","0.6568","C"
"4","Trait5","mrMLM","NsiI.TP488578","11","15032","1.1212e-05","0.0024","C"
"4","Trait5","mrMLM","NsiI.TP488679","11","15033","0.0688","0.5921","C"
"4","Trait5","mrMLM","NsiI.TP488704","11","15034","7.6098e-07","2e-04","C"
"4","Trait5","mrMLM","NsiI.TP488806","11","15037","6.5473e-06","0.0014","A"
"4","Trait5","mrMLM","NsiI.TP488883","11","15038","0.2085","1.1316","A"
"4","Trait5","mrMLM","NsiI.TP489029","11","15039","1.5354e-06","3e-04","A"
"4","Trait5","mrMLM","NsiI.TP489032","11","15040","1.457e-05","0.0032","C"
"4","Trait5","mrMLM","NsiI.TP489189","11","15041","-6.8226e-06","0.0015","C"
"4","Trait5","mrMLM","NsiI.TP489203","11","15043","-1.1362e-05","0.0025","G"
"4","Trait5","mrMLM","NsiI.TP489213","11","15044","1.5123e-05","0.0033","A"
"4","Trait5","mrMLM","NsiI.TP489233","11","15045","2.8252e-05","0.0062","A"
"4","Trait5","mrMLM","NsiI.TP489373","11","15047","-1.7867e-05","0.0039","C"
"4","Trait5","mrMLM","NsiI.TP489390","11","15048","-1.0059e-05","0.0022","C"
"4","Trait5","mrMLM","NsiI.TP489646","11","15049","2.9967e-05","0.0066","A"
"4","Trait5","mrMLM","NsiI.TP489659","11","15050","0.0795","0.585","A"
"4","Trait5","mrMLM","NsiI.TP489662","11","15051","-1.8647e-05","0.0041","A"
"4","Trait5","mrMLM","NsiI.TP489943","11","15055","0.0857","1.12","A"
"4","Trait5","mrMLM","NsiI.TP490027","11","15056","-5.0607e-06","0.0011","A"
"4","Trait5","mrMLM","NsiI.TP490149","11","15058","0.1612","1.4691","C"
"4","Trait5","mrMLM","NsiI.TP490231","11","15060","-0.1861","1.4039","A"
"4","Trait5","mrMLM","NsiI.TP490252","11","15061","-0.1828","1.1286","C"
"4","Trait5","mrMLM","NsiI.TP490279","11","15062","-5.8508e-06","0.0013","G"
"4","Trait5","mrMLM","NsiI.TP490327","11","15063","-0.1781","0.8832","C"
"4","Trait5","mrMLM","NsiI.TP490331","11","15064","0.4458","2.5485","A"
"4","Trait5","mrMLM","NsiI.TP490364","11","15066","2.0074e-05","0.0044","C"
"4","Trait5","mrMLM","NsiI.TP490522","11","15068","-2.8224e-05","0.0062","A"
"4","Trait5","mrMLM","NsiI.TP490554","11","15069","-0.0884","0.79","C"
"4","Trait5","mrMLM","NsiI.TP490659","11","15071","-4.5133e-05","0.0099","C"
"4","Trait5","mrMLM","NsiI.TP490736","11","15072","0.0578","0.6368","C"
"4","Trait5","mrMLM","NsiI.TP490744","11","15073","-3.2529e-06","7e-04","C"
"4","Trait5","mrMLM","NsiI.TP490970","11","15076","-1.3203e-05","0.0029","A"
"4","Trait5","mrMLM","NsiI.TP491193","11","15077","0.0269","0.2873","G"
"4","Trait5","mrMLM","NsiI.TP491283","11","15078","-2.7097e-06","6e-04","C"
"4","Trait5","mrMLM","NsiI.TP491324","11","15079","1.8256e-05","0.004","A"
"4","Trait5","mrMLM","NsiI.TP491383","11","15080","-3.4536e-05","0.0076","C"
"4","Trait5","mrMLM","NsiI.TP491527","11","15081","-0.1368","1.5352","A"
"4","Trait5","mrMLM","NsiI.TP491561","11","15083","-2.6408e-05","0.0058","C"
"4","Trait5","mrMLM","NsiI.TP491703","11","15085","-5.6789e-06","0.0012","G"
"4","Trait5","mrMLM","NsiI.TP491725","11","15086","-7.9248e-06","0.0017","A"
"4","Trait5","mrMLM","NsiI.TP491797","11","15087","-0.0787","0.8595","A"
"4","Trait5","mrMLM","NsiI.TP491839","11","15088","-1.0829e-05","0.0024","C"
"4","Trait5","mrMLM","NsiI.TP491929","11","15089","2.094e-06","5e-04","C"
"4","Trait5","mrMLM","NsiI.TP491951","11","15090","-0.3857","1.5531","G"
"4","Trait5","mrMLM","NsiI.TP492341","11","15094","-3.695e-05","0.0081","A"
"4","Trait5","mrMLM","NsiI.TP492468","11","15095","-0.1424","1.3721","C"
"4","Trait5","mrMLM","NsiI.TP492498","11","15096","-0.1853","1.7423","A"
"4","Trait5","mrMLM","NsiI.TP492578","11","15097","2.9856e-05","0.0065","C"
"4","Trait5","mrMLM","NsiI.TP492678","11","15098","1.4942e-06","3e-04","A"
"4","Trait5","mrMLM","NsiI.TP492684","11","15099","-0.1529","0.9531","C"
"4","Trait5","mrMLM","NsiI.TP492752","11","15100","-1.6371e-05","0.0036","C"
"4","Trait5","mrMLM","NsiI.TP492873","11","15101","0.0982","0.9462","C"
"4","Trait5","mrMLM","NsiI.TP492947","11","15102","0.0064","0.1511","A"
"4","Trait5","mrMLM","NsiI.TP493045","11","15103","-1.3341e-07","2.9033e-05","A"
"4","Trait5","mrMLM","NsiI.TP493084","11","15104","3.5964e-05","0.0079","A"
"4","Trait5","mrMLM","NsiI.TP493145","11","15106","-0.0425","0.5035","C"
"4","Trait5","mrMLM","NsiI.TP493149","11","15107","-0.1428","0.7088","C"
"4","Trait5","mrMLM","NsiI.TP493171","11","15108","0.2077","0.9687","G"
"4","Trait5","mrMLM","NsiI.TP493191","11","15109","4.2705e-06","9e-04","A"
"4","Trait5","mrMLM","NsiI.TP493263","11","15110","-2.8165e-05","0.0062","G"
"4","Trait5","mrMLM","NsiI.TP493408","11","15111","-4.1046e-06","9e-04","C"
"4","Trait5","mrMLM","NsiI.TP493425","11","15112","-0.0664","0.429","C"
"4","Trait5","mrMLM","NsiI.TP493499","11","15114","9.4169e-06","0.0021","G"
"4","Trait5","mrMLM","NsiI.TP493602","11","15115","1.4119e-06","3e-04","A"
"4","Trait5","mrMLM","NsiI.TP493622","11","15116","1.1946e-05","0.0026","A"
"4","Trait5","mrMLM","NsiI.TP493652","11","15117","2.1929e-05","0.0048","A"
"4","Trait5","mrMLM","NsiI.TP493680","11","15118","-0.0163","0.2308","A"
"4","Trait5","mrMLM","NsiI.TP493688","11","15119","-0.0582","0.6586","C"
"4","Trait5","mrMLM","NsiI.TP493695","11","15120","-1.205e-05","0.0026","C"
"4","Trait5","mrMLM","NsiI.TP493788","11","15121","-1.8121e-05","0.004","A"
"4","Trait5","mrMLM","NsiI.TP493820","11","15122","-3.034e-05","0.0067","C"
"4","Trait5","mrMLM","NsiI.TP493869","11","15124","-0.2407","1.4639","A"
"4","Trait5","mrMLM","NsiI.TP493880","11","15125","-0.0094","0.1306","C"
"4","Trait5","mrMLM","NsiI.TP493896","11","15126","-1.1746e-05","0.0026","A"
"4","Trait5","mrMLM","NsiI.TP494012","11","15128","-3.4883e-05","0.0077","C"
"4","Trait5","mrMLM","NsiI.TP494032","11","15129","2.2939e-05","0.005","C"
"4","Trait5","mrMLM","NsiI.TP494044","11","15130","-8.9751e-06","0.002","A"
"4","Trait5","mrMLM","NsiI.TP494092","11","15132","1.9514e-05","0.0043","A"
"4","Trait5","mrMLM","NsiI.TP494104","11","15133","-0.0305","0.3755","A"
"4","Trait5","mrMLM","NsiI.TP494231","11","15135","-7.3394e-06","0.0016","A"
"4","Trait5","mrMLM","NsiI.TP494261","11","15136","2.1311e-05","0.0047","A"
"4","Trait5","mrMLM","NsiI.TP494265","11","15137","-7.5635e-06","0.0016","C"
"4","Trait5","mrMLM","NsiI.TP494286","11","15138","-0.099","0.4672","C"
"4","Trait5","mrMLM","NsiI.TP494419","11","15139","0.1646","1.5206","C"
"4","Trait5","mrMLM","NsiI.TP494443","11","15140","0.0443","0.4355","C"
"4","Trait5","mrMLM","NsiI.TP494476","11","15141","1.2702e-05","0.0028","G"
"4","Trait5","mrMLM","NsiI.TP494509","11","15143","0.101","0.8977","A"
"4","Trait5","mrMLM","NsiI.TP494550","11","15144","1.5245e-06","3e-04","G"
"4","Trait5","mrMLM","NsiI.TP494585","11","15145","1.1913e-05","0.0026","A"
"4","Trait5","mrMLM","NsiI.TP494614","11","15146","1.5065e-05","0.0033","A"
"4","Trait5","mrMLM","NsiI.TP494756","11","15149","-7.8714e-06","0.0017","A"
"4","Trait5","mrMLM","NsiI.TP494818","11","15151","-1.3879e-05","0.003","C"
"4","Trait5","mrMLM","NsiI.TP494865","11","15153","2.3864e-05","0.0052","A"
"4","Trait5","mrMLM","NsiI.TP495080","11","15154","-5.6325e-06","0.0012","C"
"4","Trait5","mrMLM","NsiI.TP495178","11","15157","1.6326e-05","0.0036","A"
"4","Trait5","mrMLM","NsiI.TP495298","11","15159","1.3105e-05","0.0029","A"
"4","Trait5","mrMLM","NsiI.TP495302","11","15160","-1.7742e-05","0.0039","C"
"4","Trait5","mrMLM","NsiI.TP495357","11","15161","2.1309e-05","0.0047","C"
"4","Trait5","mrMLM","NsiI.TP495411","11","15163","8.9309e-06","0.0019","A"
"4","Trait5","mrMLM","NsiI.TP495572","11","15165","8e-04","0.0421","C"
"4","Trait5","mrMLM","NsiI.TP495618","11","15166","0.161","1.373","G"
"4","Trait5","mrMLM","NsiI.TP495625","11","15167","-0.1169","0.9704","A"
"4","Trait5","mrMLM","NsiI.TP496061","11","15171","-1.3521e-05","0.003","C"
"4","Trait5","mrMLM","NsiI.TP496433","11","15173","8.2021e-07","2e-04","C"
"4","Trait5","mrMLM","NsiI.TP496502","11","15174","1.4466e-06","3e-04","C"
"4","Trait5","mrMLM","NsiI.TP496636","11","15177","-1.5785e-05","0.0034","C"
"4","Trait5","mrMLM","NsiI.TP496664","11","15178","-2.3766e-05","0.0052","C"
"4","Trait5","mrMLM","NsiI.TP496790","11","15180","0.0592","0.6294","A"
"4","Trait5","mrMLM","NsiI.TP496834","11","15181","6.1656e-06","0.0013","A"
"4","Trait5","mrMLM","NsiI.TP496845","11","15182","-1.1559e-05","0.0025","G"
"4","Trait5","mrMLM","NsiI.TP496858","11","15183","0.0488","0.5196","A"
"4","Trait5","mrMLM","NsiI.TP496948","11","15185","1.5987e-05","0.0035","C"
"4","Trait5","mrMLM","NsiI.TP496960","11","15186","5.1198e-06","0.0011","C"
"4","Trait5","mrMLM","NsiI.TP496980","11","15187","-8.454e-06","0.0018","G"
"4","Trait5","mrMLM","NsiI.TP497059","11","15188","3.5982e-06","8e-04","G"
"4","Trait5","mrMLM","NsiI.TP497133","11","15190","9.9721e-06","0.0022","A"
"4","Trait5","mrMLM","NsiI.TP497251","11","15192","-5.2348e-06","0.0011","A"
"4","Trait5","mrMLM","NsiI.TP497555","11","15194","0.0124","0.1398","A"
"4","Trait5","mrMLM","NsiI.TP497596","11","15195","0.0787","0.4973","C"
"4","Trait5","mrMLM","NsiI.TP497624","11","15196","-1.4213e-05","0.0031","C"
"4","Trait5","mrMLM","NsiI.TP497633","11","15197","1.3575e-05","0.003","A"
"4","Trait5","mrMLM","NsiI.TP497858","11","15201","0.0986","1.3047","C"
"4","Trait5","mrMLM","NsiI.TP499060","11","15205","1.0179e-05","0.0022","A"
"4","Trait5","mrMLM","NsiI.TP499102","11","15206","-7.4107e-06","0.0016","C"
"4","Trait5","mrMLM","NsiI.TP499266","11","15210","-0.0701","0.4011","C"
"4","Trait5","mrMLM","NsiI.TP499317","11","15211","1.2756e-05","0.0028","C"
"4","Trait5","mrMLM","NsiI.TP499462","11","15213","-2.3535e-05","0.0052","C"
"4","Trait5","mrMLM","NsiI.TP499491","11","15214","-0.0939","0.6793","A"
"4","Trait5","mrMLM","NsiI.TP499594","11","15216","0.0775","0.6218","A"
"4","Trait5","mrMLM","NsiI.TP499676","11","15217","9.1013e-06","0.002","C"
"4","Trait5","mrMLM","NsiI.TP499693","11","15218","1.23e-05","0.0027","A"
"4","Trait5","mrMLM","NsiI.TP499905","11","15220","2.0267e-05","0.0044","C"
"4","Trait5","mrMLM","NsiI.TP500038","11","15223","-4.0768e-06","9e-04","C"
"4","Trait5","mrMLM","NsiI.TP500073","11","15224","-2.5218e-06","5e-04","A"
"4","Trait5","mrMLM","NsiI.TP500104","11","15225","-1.4831e-06","3e-04","A"
"4","Trait5","mrMLM","NsiI.TP500146","11","15227","3.0355e-06","7e-04","G"
"4","Trait5","mrMLM","NsiI.TP500238","11","15229","0.0398","0.4635","A"
"4","Trait5","mrMLM","NsiI.TP500270","11","15230","-6.333e-06","0.0014","G"
"4","Trait5","mrMLM","NsiI.TP500293","11","15232","5.8158e-06","0.0013","C"
"4","Trait5","mrMLM","NsiI.TP500395","11","15234","-0.0159","0.2193","A"
"4","Trait5","mrMLM","NsiI.TP500476","11","15236","9.7849e-07","2e-04","C"
"4","Trait5","mrMLM","NsiI.TP500750","11","15239","-4.804e-06","0.001","A"
"4","Trait5","mrMLM","NsiI.TP500827","11","15240","-1.7845e-05","0.0039","A"
"4","Trait5","mrMLM","NsiI.TP500859","11","15241","-1.7397e-06","4e-04","A"
"4","Trait5","mrMLM","NsiI.TP500931","11","15244","-0.293","1.8128","C"
"4","Trait5","mrMLM","NsiI.TP500938","11","15245","-0.0277","0.2095","A"
"4","Trait5","mrMLM","NsiI.TP501040","11","15248","-1.563e-06","3e-04","C"
"4","Trait5","mrMLM","NsiI.TP501317","11","15249","-9.3365e-06","0.002","A"
"4","Trait5","mrMLM","NsiI.TP501520","11","15254","-9.6156e-06","0.0021","C"
"4","Trait5","mrMLM","NsiI.TP501590","11","15255","-0.0037","0.0719","C"
"4","Trait5","mrMLM","NsiI.TP501593","11","15256","2.5033e-05","0.0055","C"
"4","Trait5","mrMLM","NsiI.TP501725","11","15257","1.5917e-05","0.0035","G"
"4","Trait5","mrMLM","NsiI.TP501766","11","15258","2.3031e-05","0.005","G"
"4","Trait5","mrMLM","NsiI.TP501793","11","15259","-6.8186e-06","0.0015","C"
"4","Trait5","mrMLM","NsiI.TP501795","11","15260","-0.0552","0.3177","A"
"4","Trait5","mrMLM","NsiI.TP501869","11","15262","-0.1298","0.8491","C"
"4","Trait5","mrMLM","NsiI.TP502274","11","15263","0.0644","0.4146","C"
"4","Trait5","mrMLM","NsiI.TP502331","11","15264","2.7062e-05","0.0059","G"
"4","Trait5","mrMLM","NsiI.TP502338","11","15265","2.0726e-05","0.0045","A"
"4","Trait5","mrMLM","NsiI.TP502364","11","15267","-1.1983e-05","0.0026","A"
"4","Trait5","mrMLM","NsiI.TP502508","11","15269","0.0042","0.0709","A"
"4","Trait5","mrMLM","NsiI.TP502621","11","15270","-2.6236e-05","0.0057","A"
"4","Trait5","mrMLM","NsiI.TP502740","11","15271","2.0077e-05","0.0044","C"
"4","Trait5","mrMLM","NsiI.TP502750","11","15272","-7.2408e-06","0.0016","C"
"4","Trait5","mrMLM","NsiI.TP502846","11","15273","-1.6338e-07","3.5558e-05","C"
"4","Trait5","mrMLM","NsiI.TP502855","11","15274","1.4265e-05","0.0031","A"
"4","Trait5","mrMLM","NsiI.TP502881","11","15275","-1.8553e-05","0.0041","C"
"4","Trait5","mrMLM","NsiI.TP502882","11","15276","3.1726e-05","0.007","G"
"4","Trait5","mrMLM","NsiI.TP502918","11","15278","0.1062","0.5561","C"
"4","Trait5","mrMLM","NsiI.TP502927","11","15279","-1.6144e-05","0.0035","A"
"4","Trait5","mrMLM","NsiI.TP503060","11","15281","-0.104","0.5336","G"
"4","Trait5","mrMLM","NsiI.TP503099","11","15282","1.3157e-05","0.0029","A"
"4","Trait5","mrMLM","NsiI.TP503230","11","15284","6.8264e-07","1e-04","C"
"4","Trait5","mrMLM","NsiI.TP503326","11","15286","-8.2332e-06","0.0018","G"
"4","Trait5","mrMLM","NsiI.TP503328","11","15287","-1.9878e-05","0.0043","C"
"4","Trait5","mrMLM","NsiI.TP503338","11","15288","1.6269e-05","0.0036","A"
"4","Trait5","mrMLM","NsiI.TP503384","11","15289","0.0073","0.082","A"
"4","Trait5","mrMLM","NsiI.TP503498","11","15290","-0.0239","0.2459","A"
"4","Trait5","mrMLM","NsiI.TP503513","11","15291","2.166e-05","0.0047","C"
"4","Trait5","mrMLM","NsiI.TP503531","11","15293","-2.4944e-06","5e-04","A"
"4","Trait5","mrMLM","NsiI.TP503554","11","15294","1.6961e-05","0.0037","G"
"4","Trait5","mrMLM","NsiI.TP503584","11","15295","0.0077","0.1267","A"
"4","Trait5","mrMLM","NsiI.TP503590","11","15296","-0.0026","0.0543","G"
"4","Trait5","mrMLM","NsiI.TP503737","11","15301","-0.0796","0.6977","C"
"4","Trait5","mrMLM","NsiI.TP503772","11","15302","0.1218","0.5368","A"
"4","Trait5","mrMLM","NsiI.TP503807","11","15303","-1.1138e-05","0.0024","C"
"4","Trait5","mrMLM","NsiI.TP503903","11","15304","-7.696e-06","0.0017","A"
"4","Trait5","mrMLM","NsiI.TP503904","11","15305","1.2493e-05","0.0027","A"
"4","Trait5","mrMLM","NsiI.TP503948","11","15308","7.1943e-07","2e-04","A"
"4","Trait5","mrMLM","NsiI.TP504010","11","15309","-3.3805e-06","7e-04","G"
"4","Trait5","mrMLM","NsiI.TP504049","11","15310","-1.6643e-05","0.0036","A"
"4","Trait5","mrMLM","NsiI.TP504060","11","15311","-0.0298","0.2335","C"
"4","Trait5","mrMLM","NsiI.TP504177","11","15312","4.3012e-06","9e-04","C"
"4","Trait5","mrMLM","NsiI.TP504366","11","15313","3.5141e-06","8e-04","A"
"4","Trait5","mrMLM","NsiI.TP504430","11","15314","7.3245e-06","0.0016","A"
"4","Trait5","mrMLM","NsiI.TP504605","11","15316","-0.0049","0.078","A"
"4","Trait5","mrMLM","NsiI.TP504640","11","15317","0.1509","0.7935","C"
"4","Trait5","mrMLM","NsiI.TP504697","11","15319","-2.6828e-05","0.0059","A"
"4","Trait5","mrMLM","NsiI.TP504709","11","15320","0.0452","0.5587","A"
"4","Trait5","mrMLM","NsiI.TP504735","11","15321","5.4419e-06","0.0012","A"
"4","Trait5","mrMLM","NsiI.TP504991","11","15324","0.0759","0.4723","A"
"4","Trait5","mrMLM","NsiI.TP505131","11","15326","0.0638","0.4131","A"
"4","Trait5","mrMLM","NsiI.TP505531","11","15329","-2.7908e-05","0.0061","A"
"4","Trait5","mrMLM","NsiI.TP505730","11","15331","0.2362","1.6415","G"
"4","Trait5","mrMLM","NsiI.TP505792","11","15332","0.0427","0.4448","A"
"4","Trait5","mrMLM","NsiI.TP505894","11","15333","0.052","0.5671","A"
"4","Trait5","mrMLM","NsiI.TP505901","11","15334","-6.9743e-06","0.0015","A"
"4","Trait5","mrMLM","NsiI.TP505934","11","15335","-0.0728","0.3815","C"
"4","Trait5","mrMLM","NsiI.TP505987","11","15336","6.0458e-06","0.0013","A"
"4","Trait5","mrMLM","NsiI.TP506070","11","15337","1.1975e-05","0.0026","A"
"4","Trait5","mrMLM","NsiI.TP506096","11","15338","3.5473e-05","0.0078","G"
"4","Trait5","mrMLM","NsiI.TP506158","11","15339","-0.0182","0.2502","A"
"4","Trait5","mrMLM","NsiI.TP506201","11","15340","4.2981e-06","9e-04","C"
"4","Trait5","mrMLM","NsiI.TP506210","11","15341","2.4418e-06","5e-04","C"
"4","Trait5","mrMLM","NsiI.TP506280","11","15342","1.9704e-07","4.2883e-05","A"
"4","Trait5","mrMLM","NsiI.TP506291","11","15343","-0.006","0.1161","A"
"4","Trait5","mrMLM","NsiI.TP506480","11","15344","1.6741e-05","0.0037","G"
"4","Trait5","mrMLM","NsiI.TP506546","11","15345","-3.1293e-07","6.8104e-05","C"
"4","Trait5","mrMLM","NsiI.TP506571","11","15346","-2.4123e-06","5e-04","G"
"4","Trait5","mrMLM","NsiI.TP506618","11","15347","0.0611","0.5605","A"
"4","Trait5","mrMLM","NsiI.TP506689","11","15348","-6.2516e-06","0.0014","C"
"4","Trait5","mrMLM","NsiI.TP506934","11","15349","-1.4037e-05","0.0031","A"
"4","Trait5","mrMLM","NsiI.TP506938","11","15350","2.6788e-05","0.0059","C"
"4","Trait5","mrMLM","NsiI.TP507014","11","15351","4.7495e-06","0.001","A"
"4","Trait5","mrMLM","NsiI.TP507020","11","15352","-0.0225","0.2911","A"
"4","Trait5","mrMLM","NsiI.TP507205","11","15353","-1.6102e-05","0.0035","C"
"4","Trait5","mrMLM","NsiI.TP507207","11","15354","3.8207e-05","0.0084","A"
"4","Trait5","mrMLM","NsiI.TP507219","11","15355","-7.3667e-06","0.0016","C"
"4","Trait5","mrMLM","NsiI.TP507287","11","15356","-5.0096e-06","0.0011","A"
"4","Trait5","mrMLM","NsiI.TP507399","11","15357","-0.125","0.8863","A"
"4","Trait5","mrMLM","NsiI.TP507434","11","15358","9.2072e-06","0.002","G"
"4","Trait5","mrMLM","NsiI.TP507440","11","15359","-1.973e-05","0.0043","C"
"4","Trait5","mrMLM","NsiI.TP507449","11","15360","-1.2597e-05","0.0028","C"
"4","Trait5","mrMLM","NsiI.TP507484","11","15361","-0.1082","0.8675","C"
"4","Trait5","mrMLM","NsiI.TP507609","11","15363","1.5661e-05","0.0034","C"
"4","Trait5","mrMLM","NsiI.TP507979","11","15369","-1.164e-05","0.0025","C"
"4","Trait5","mrMLM","NsiI.TP507980","11","15370","-4.4431e-05","0.0098","C"
"4","Trait5","mrMLM","NsiI.TP507987","11","15371","-5.4777e-06","0.0012","C"
"4","Trait5","mrMLM","NsiI.TP507997","11","15372","7.9339e-06","0.0017","C"
"4","Trait5","mrMLM","NsiI.TP508089","11","15374","-0.2224","1.0009","C"
"4","Trait5","mrMLM","NsiI.TP508124","11","15375","-2.8945e-05","0.0063","C"
"4","Trait5","mrMLM","NsiI.TP508300","11","15380","-1.2732e-06","3e-04","A"
"4","Trait5","mrMLM","NsiI.TP508315","11","15381","-0.0876","0.6502","C"
"4","Trait5","mrMLM","NsiI.TP508389","11","15383","-0.0062","0.0986","G"
"4","Trait5","mrMLM","NsiI.TP508453","11","15384","5.2496e-06","0.0011","C"
"4","Trait5","mrMLM","NsiI.TP508470","11","15385","-2.1459e-06","5e-04","A"
"4","Trait5","mrMLM","NsiI.TP508500","11","15386","-0.0442","0.5595","A"
"4","Trait5","mrMLM","NsiI.TP508574","11","15387","-0.1075","0.6986","C"
"4","Trait5","mrMLM","NsiI.TP508580","11","15388","1.5556e-05","0.0034","G"
"4","Trait5","mrMLM","NsiI.TP508603","11","15389","-1.5131e-05","0.0033","A"
"4","Trait5","mrMLM","NsiI.TP508723","11","15390","3.6919e-06","8e-04","C"
"4","Trait5","mrMLM","NsiI.TP508786","11","15391","-1.4741e-05","0.0032","C"
"4","Trait5","mrMLM","NsiI.TP508870","11","15392","-3.9859e-06","9e-04","C"
"4","Trait5","mrMLM","NsiI.TP508890","11","15393","1.554e-05","0.0034","A"
"4","Trait5","mrMLM","NsiI.TP508992","11","15394","-0.2095","1.1305","A"
"4","Trait5","mrMLM","NsiI.TP509027","11","15395","-1.2068e-05","0.0026","A"
"4","Trait5","mrMLM","NsiI.TP509152","11","15396","0.0149","0.1685","A"
"4","Trait5","mrMLM","NsiI.TP509209","11","15397","1.4391e-05","0.0031","A"
"4","Trait5","mrMLM","NsiI.TP509216","11","15398","-4.8098e-07","1e-04","A"
"4","Trait5","mrMLM","NsiI.TP509333","11","15400","-0.0054","0.0943","C"
"4","Trait5","mrMLM","NsiI.TP509432","11","15401","-4.4837e-06","0.001","C"
"4","Trait5","mrMLM","NsiI.TP509441","11","15402","-2.4908e-06","5e-04","A"
"4","Trait5","mrMLM","NsiI.TP509442","11","15403","0.0362","0.3341","C"
"4","Trait5","mrMLM","NsiI.TP509612","11","15404","9.4146e-06","0.0021","G"
"4","Trait5","mrMLM","NsiI.TP509736","11","15405","1.1115e-05","0.0024","C"
"4","Trait5","mrMLM","NsiI.TP509749","11","15406","-1.9824e-05","0.0043","C"
"4","Trait5","mrMLM","NsiI.TP509763","11","15407","-1.7985e-05","0.0039","C"
"4","Trait5","mrMLM","NsiI.TP509820","11","15408","-2.2264e-05","0.0049","G"
"4","Trait5","mrMLM","NsiI.TP509880","11","15409","3.9763e-06","9e-04","C"
"4","Trait5","mrMLM","NsiI.TP509892","11","15410","-8.0772e-06","0.0018","C"
"4","Trait5","mrMLM","NsiI.TP509897","11","15411","1.8073e-05","0.004","A"
"4","Trait5","mrMLM","NsiI.TP509910","11","15412","2.3974e-05","0.0052","C"
"4","Trait5","mrMLM","NsiI.TP509944","11","15414","-6.9143e-06","0.0015","C"
"4","Trait5","mrMLM","NsiI.TP510009","11","15416","1.2371e-06","3e-04","G"
"4","Trait5","mrMLM","NsiI.TP510047","11","15417","-0.0941","0.8716","C"
"4","Trait5","mrMLM","NsiI.TP510100","11","15420","7.5082e-06","0.0016","C"
"4","Trait5","mrMLM","NsiI.TP510195","11","15422","1.0301e-05","0.0022","A"
"4","Trait5","mrMLM","NsiI.TP510204","11","15423","-2.6717e-05","0.0059","G"
"4","Trait5","mrMLM","NsiI.TP510355","11","15425","9.1061e-06","0.002","C"
"4","Trait5","mrMLM","NsiI.TP510418","11","15427","-1.9194e-06","4e-04","A"
"4","Trait5","mrMLM","NsiI.TP510532","11","15428","5.2118e-06","0.0011","C"
"4","Trait5","mrMLM","NsiI.TP510715","11","15431","2.5379e-05","0.0056","C"
"4","Trait5","mrMLM","NsiI.TP510724","11","15432","-0.0669","0.2565","C"
"4","Trait5","mrMLM","NsiI.TP510776","11","15433","1.3437e-06","3e-04","A"
"4","Trait5","mrMLM","NsiI.TP510865","11","15434","-8.2833e-06","0.0018","C"
"4","Trait5","mrMLM","NsiI.TP510890","11","15435","3.5997e-05","0.0079","C"
"4","Trait5","mrMLM","NsiI.TP510901","11","15436","1.8568e-05","0.0041","C"
"4","Trait5","mrMLM","NsiI.TP510956","11","15438","9.6849e-06","0.0021","G"
"4","Trait5","mrMLM","NsiI.TP510999","11","15439","-9.4252e-06","0.0021","A"
"4","Trait5","mrMLM","NsiI.TP511056","11","15440","-4.2923e-06","9e-04","A"
"4","Trait5","mrMLM","NsiI.TP511087","11","15441","-1.7131e-05","0.0037","C"
"4","Trait5","mrMLM","NsiI.TP511158","11","15442","0.1241","1.4554","A"
"4","Trait5","mrMLM","NsiI.TP511297","11","15443","-1.1763e-05","0.0026","A"
"4","Trait5","mrMLM","NsiI.TP511305","11","15444","1.9828e-05","0.0043","C"
"4","Trait5","mrMLM","NsiI.TP511550","11","15445","-0.1669","1.5901","A"
"4","Trait5","mrMLM","NsiI.TP511551","11","15446","-2.0051e-05","0.0044","G"
"4","Trait5","mrMLM","NsiI.TP511628","11","15447","-0.0688","0.3089","C"
"4","Trait5","mrMLM","NsiI.TP511691","11","15448","-2.2721e-05","0.005","A"
"4","Trait5","mrMLM","NsiI.TP512031","11","15449","1.049e-06","2e-04","C"
"4","Trait5","mrMLM","NsiI.TP512038","11","15450","0.2117","0.895","A"
"4","Trait5","mrMLM","NsiI.TP512048","11","15451","0.0045","0.1031","A"
"4","Trait5","mrMLM","NsiI.TP512053","11","15452","-7.2274e-06","0.0016","A"
"4","Trait5","mrMLM","NsiI.TP512091","11","15453","-1.8443e-05","0.004","C"
"4","Trait5","mrMLM","NsiI.TP512108","11","15454","-1.66e-05","0.0036","A"
"4","Trait5","mrMLM","NsiI.TP512263","11","15456","0.1242","0.5913","C"
"4","Trait5","mrMLM","NsiI.TP512519","11","15460","0.1119","0.7603","A"
"4","Trait5","mrMLM","NsiI.TP512631","11","15461","-7.9785e-06","0.0017","G"
"4","Trait5","mrMLM","NsiI.TP512877","11","15463","1.1051e-05","0.0024","A"
"4","Trait5","mrMLM","NsiI.TP512980","11","15464","1.6252e-05","0.0036","C"
"4","Trait5","mrMLM","NsiI.TP513128","11","15466","-1.5571e-05","0.0034","A"
"4","Trait5","mrMLM","NsiI.TP513329","11","15469","-2.97e-05","0.0065","C"
"4","Trait5","mrMLM","NsiI.TP513344","11","15472","-1.9548e-05","0.0043","A"
"4","Trait5","mrMLM","NsiI.TP513361","11","15473","-2.6298e-05","0.0058","A"
"4","Trait5","mrMLM","NsiI.TP513371","11","15474","-2.798e-05","0.0061","C"
"4","Trait5","mrMLM","NsiI.TP513456","11","15475","0.0024","0.055","A"
"4","Trait5","mrMLM","NsiI.TP513566","11","15477","0.1669","1.0824","C"
"4","Trait5","mrMLM","NsiI.TP513657","11","15479","-5.5005e-06","0.0012","G"
"4","Trait5","mrMLM","NsiI.TP514019","11","15480","-2.2496e-05","0.0049","C"
"4","Trait5","mrMLM","NsiI.TP514089","11","15481","-3.7606e-05","0.0083","A"
"4","Trait5","mrMLM","NsiI.TP514098","11","15482","4.5649e-06","0.001","C"
"4","Trait5","mrMLM","NsiI.TP514136","11","15483","1.1597e-05","0.0025","A"
"4","Trait5","mrMLM","NsiI.TP514245","11","15484","0.0467","0.5129","A"
"4","Trait5","mrMLM","NsiI.TP514510","11","15488","3.5656e-05","0.0078","C"
"4","Trait5","mrMLM","NsiI.TP515475","11","15494","-7.7474e-06","0.0017","C"
"4","Trait5","mrMLM","NsiI.TP515549","11","15495","4.7113e-06","0.001","C"
"4","Trait5","mrMLM","NsiI.TP515637","11","15496","-0.1668","2.0423","C"
"4","Trait5","mrMLM","NsiI.TP515685","11","15498","-0.2068","0.8665","G"
"4","Trait5","mrMLM","NsiI.TP515909","11","15499","1.3003e-05","0.0028","A"
"4","Trait5","mrMLM","NsiI.TP515911","11","15500","-0.0212","0.1424","C"
"4","Trait5","mrMLM","NsiI.TP516046","11","15501","1.6246e-05","0.0035","A"
"4","Trait5","mrMLM","NsiI.TP516848","11","15505","9.9418e-06","0.0022","A"
"4","Trait5","mrMLM","NsiI.TP517352","11","15508","-2.9729e-05","0.0065","C"
"4","Trait5","mrMLM","NsiI.TP517729","11","15511","1.5985e-05","0.0035","A"
"4","Trait5","mrMLM","NsiI.TP518452","11","15512","1.6967e-05","0.0037","A"
"4","Trait5","mrMLM","NsiI.TP518493","11","15513","0.0757","0.4526","A"
"4","Trait5","mrMLM","NsiI.TP518525","11","15514","3.7431e-05","0.0082","C"
"4","Trait5","mrMLM","NsiI.TP518790","11","15515","0.1362","1.3516","C"
"4","Trait5","mrMLM","NsiI.TP519087","11","15517","-0.0058","0.1122","C"
"4","Trait5","mrMLM","NsiI.TP519112","11","15518","-1.9589e-05","0.0043","C"
"4","Trait5","mrMLM","NsiI.TP519516","11","15519","6e-04","0.0381","A"
"4","Trait5","mrMLM","NsiI.TP519527","11","15520","-5.7505e-06","0.0013","C"
"4","Trait5","mrMLM","NsiI.TP519677","11","15521","1.3976e-05","0.0031","G"
"4","Trait5","mrMLM","NsiI.TP519875","11","15526","-3.3065e-05","0.0073","C"
"4","Trait5","mrMLM","NsiI.TP519897","11","15527","5.3815e-06","0.0012","A"
"4","Trait5","mrMLM","NsiI.TP520035","11","15529","1.3772e-05","0.003","A"
"4","Trait5","mrMLM","NsiI.TP520097","11","15530","6.173e-06","0.0013","C"
"4","Trait5","mrMLM","NsiI.TP520116","11","15531","9.1372e-06","0.002","G"
"4","Trait5","mrMLM","NsiI.TP520152","11","15532","3.3405e-06","7e-04","C"
"4","Trait5","mrMLM","NsiI.TP520296","11","15533","-1.991e-06","4e-04","C"
"4","Trait5","mrMLM","NsiI.TP520414","11","15534","0.0693","0.705","A"
"4","Trait5","mrMLM","NsiI.TP520446","11","15535","2.2523e-05","0.0049","C"
"4","Trait5","mrMLM","NsiI.TP520458","11","15536","-1.2802e-05","0.0028","C"
"4","Trait5","mrMLM","NsiI.TP520642","11","15537","-6.7457e-06","0.0015","C"
"4","Trait5","mrMLM","NsiI.TP520699","11","15538","-9.4712e-06","0.0021","A"
"4","Trait5","mrMLM","NsiI.TP520705","11","15539","8.8826e-06","0.0019","C"
"4","Trait5","mrMLM","NsiI.TP520721","11","15540","1.5545e-05","0.0034","G"
"4","Trait5","mrMLM","NsiI.TP520730","11","15541","1.3761e-05","0.003","C"
"4","Trait5","mrMLM","NsiI.TP520743","11","15542","-1.6274e-05","0.0036","C"
"4","Trait5","mrMLM","NsiI.TP520747","11","15543","2.9614e-05","0.0065","C"
"4","Trait5","mrMLM","NsiI.TP520753","11","15544","1.3892e-05","0.003","A"
"4","Trait5","mrMLM","NsiI.TP520813","11","15547","-1.6523e-05","0.0036","A"
"4","Trait5","mrMLM","NsiI.TP521051","11","15550","-8.0394e-06","0.0018","A"
"4","Trait5","mrMLM","NsiI.TP521092","11","15552","1.4591e-05","0.0032","C"
"4","Trait5","mrMLM","NsiI.TP521106","11","15553","9.0839e-06","0.002","A"
"4","Trait5","mrMLM","NsiI.TP521113","11","15554","-9.4461e-06","0.0021","A"
"4","Trait5","mrMLM","NsiI.TP521154","11","15555","2.0805e-05","0.0046","A"
"4","Trait5","mrMLM","NsiI.TP521171","11","15556","1.7851e-08","3.8849e-06","A"
"4","Trait5","mrMLM","NsiI.TP521250","11","15557","2.2274e-05","0.0049","C"
"4","Trait5","mrMLM","NsiI.TP521290","11","15558","-1.8056e-05","0.0039","A"
"4","Trait5","mrMLM","NsiI.TP521320","11","15559","7.9933e-06","0.0017","A"
"4","Trait5","mrMLM","NsiI.TP521403","11","15560","1.3975e-05","0.0031","G"
"4","Trait5","mrMLM","NsiI.TP521516","11","15561","0.1418","0.6012","A"
"4","Trait5","mrMLM","NsiI.TP521761","11","15563","3.9102e-06","9e-04","A"
"4","Trait5","mrMLM","NsiI.TP521827","11","15564","3.7742e-05","0.0083","A"
"4","Trait5","mrMLM","NsiI.TP521842","11","15565","2.5867e-05","0.0057","A"
"4","Trait5","mrMLM","NsiI.TP521876","11","15566","-6.3824e-06","0.0014","C"
"4","Trait5","mrMLM","NsiI.TP522254","11","15570","0.0518","0.3096","A"
"4","Trait5","mrMLM","NsiI.TP522272","11","15571","4.9575e-06","0.0011","A"
"4","Trait5","mrMLM","NsiI.TP522321","11","15573","2.3365e-05","0.0051","G"
"4","Trait5","mrMLM","NsiI.TP522338","11","15574","0.0578","0.6189","C"
"4","Trait5","mrMLM","NsiI.TP522393","11","15575","-0.0477","0.3703","C"
"4","Trait5","mrMLM","NsiI.TP522507","11","15577","1.471e-05","0.0032","G"
"4","Trait5","mrMLM","NsiI.TP522548","11","15578","0.0281","0.2897","C"
"4","Trait5","mrMLM","NsiI.TP522624","11","15579","2.0553e-05","0.0045","G"
"4","Trait5","mrMLM","NsiI.TP522751","11","15580","1.1893e-05","0.0026","A"
"4","Trait5","mrMLM","NsiI.TP522795","11","15582","-4.6875e-06","0.001","C"
"4","Trait5","mrMLM","NsiI.TP522932","11","15583","6.4261e-06","0.0014","C"
"4","Trait5","mrMLM","NsiI.TP522939","11","15584","-0.0492","0.4891","A"
"4","Trait5","mrMLM","NsiI.TP522956","11","15585","-0.063","0.4657","C"
"4","Trait5","mrMLM","NsiI.TP523082","11","15586","0.0047","0.1188","C"
"4","Trait5","mrMLM","NsiI.TP523183","11","15587","-1.539e-05","0.0034","C"
"4","Trait5","mrMLM","NsiI.TP523403","11","15588","-1.8921e-05","0.0041","A"
"4","Trait5","mrMLM","NsiI.TP523405","11","15589","7.4331e-06","0.0016","A"
"4","Trait5","mrMLM","NsiI.TP523430","11","15590","-2.3498e-05","0.0051","A"
"4","Trait5","mrMLM","NsiI.TP523462","11","15591","5.6684e-06","0.0012","A"
"4","Trait5","mrMLM","NsiI.TP523525","11","15592","-0.0278","0.1638","A"
"4","Trait5","mrMLM","NsiI.TP523562","11","15593","2.5865e-07","5.6289e-05","A"
"4","Trait5","mrMLM","NsiI.TP523581","11","15594","-0.0736","0.8102","G"
"4","Trait5","mrMLM","NsiI.TP523686","11","15595","-0.11","0.5184","A"
"4","Trait5","mrMLM","NsiI.TP523810","11","15598","-0.0238","0.2269","A"
"4","Trait5","mrMLM","NsiI.TP523812","11","15599","0.0167","0.1695","C"
"4","Trait5","mrMLM","NsiI.TP523820","11","15600","-3.0421e-05","0.0067","C"
"4","Trait5","mrMLM","NsiI.TP523926","11","15601","0.0679","0.7353","C"
"4","Trait5","mrMLM","NsiI.TP523988","11","15602","-6.6559e-06","0.0015","A"
"4","Trait5","mrMLM","NsiI.TP524253","11","15604","-0.0252","0.2026","C"
"4","Trait5","mrMLM","NsiI.TP524294","11","15605","0.1409","0.8671","C"
"4","Trait5","mrMLM","NsiI.TP524322","11","15606","-6.4136e-06","0.0014","A"
"4","Trait5","mrMLM","NsiI.TP524786","11","15608","1.7791e-05","0.0039","A"
"4","Trait5","mrMLM","NsiI.TP524852","11","15609","0.1207","0.7009","A"
"4","Trait5","mrMLM","NsiI.TP524858","11","15610","-3e-04","0.0194","G"
"4","Trait5","mrMLM","NsiI.TP524956","11","15612","2.0772e-05","0.0045","C"
"4","Trait5","mrMLM","NsiI.TP524968","11","15613","0.1716","0.9323","A"
"4","Trait5","mrMLM","NsiI.TP524981","11","15614","1.1219e-05","0.0024","A"
"4","Trait5","mrMLM","NsiI.TP525014","11","15615","0.0184","0.1497","A"
"4","Trait5","mrMLM","NsiI.TP525319","11","15616","1.3186e-05","0.0029","C"
"4","Trait5","mrMLM","NsiI.TP525494","11","15617","2.0508e-05","0.0045","C"
"4","Trait5","mrMLM","NsiI.TP525506","11","15618","1.4249e-05","0.0031","C"
"4","Trait5","mrMLM","NsiI.TP525515","11","15619","2.7564e-06","6e-04","C"
"4","Trait5","mrMLM","NsiI.TP525702","11","15621","-2.0928e-05","0.0046","C"
"4","Trait5","mrMLM","NsiI.TP525840","11","15623","-1.3687e-05","0.003","G"
"4","Trait5","mrMLM","NsiI.TP525885","11","15624","-2.2191e-05","0.0049","C"
"4","Trait5","mrMLM","NsiI.TP526074","11","15627","0.0492","0.4776","C"
"4","Trait5","mrMLM","NsiI.TP526158","11","15628","7.5552e-07","2e-04","G"
"4","Trait5","mrMLM","NsiI.TP526214","11","15630","-7.3768e-06","0.0016","C"
"4","Trait5","mrMLM","NsiI.TP526393","11","15634","-2.8322e-05","0.0062","A"
"4","Trait5","mrMLM","NsiI.TP526396","11","15635","1.037e-05","0.0023","A"
"4","Trait5","mrMLM","NsiI.TP526418","11","15636","-1.2357e-05","0.0027","A"
"4","Trait5","mrMLM","NsiI.TP526659","11","15637","2.5066e-05","0.0055","A"
"4","Trait5","mrMLM","NsiI.TP526954","11","15640","-0.0525","0.4589","G"
"4","Trait5","mrMLM","NsiI.TP527028","11","15641","4.9015e-05","0.0108","G"
"4","Trait5","mrMLM","NsiI.TP527384","11","15643","-3.2789e-05","0.0072","A"
"4","Trait5","mrMLM","NsiI.TP527576","11","15648","0.0628","0.4735","C"
"4","Trait5","mrMLM","NsiI.TP527702","11","15649","-2.7407e-06","6e-04","A"
"4","Trait5","mrMLM","NsiI.TP527736","11","15651","0.0798","0.4824","A"
"4","Trait5","mrMLM","NsiI.TP527944","11","15653","0.0397","0.5376","C"
"4","Trait5","mrMLM","NsiI.TP528011","11","15654","0.0189","0.2499","A"
"4","Trait5","mrMLM","NsiI.TP528034","11","15655","-9.6251e-06","0.0021","A"
"4","Trait5","mrMLM","NsiI.TP528280","11","15657","-1.5382e-05","0.0034","A"
"4","Trait5","mrMLM","NsiI.TP528300","11","15658","-0.0962","1.0613","A"
"4","Trait5","mrMLM","NsiI.TP528323","11","15659","4.4794e-06","0.001","A"
"4","Trait5","mrMLM","NsiI.TP528404","11","15660","-1.4454e-05","0.0032","C"
"4","Trait5","mrMLM","NsiI.TP528414","11","15661","-1.0994e-05","0.0024","C"
"4","Trait5","mrMLM","NsiI.TP528422","11","15662","-0.0701","0.831","C"
"4","Trait5","mrMLM","NsiI.TP528558","11","15664","1.3417e-05","0.0029","C"
"4","Trait5","mrMLM","NsiI.TP528685","11","15665","-2.6534e-05","0.0058","G"
"4","Trait5","mrMLM","NsiI.TP528754","11","15666","0.1848","0.7441","G"
"4","Trait5","mrMLM","NsiI.TP528771","11","15667","5.8369e-06","0.0013","G"
"4","Trait5","mrMLM","NsiI.TP528777","11","15668","1.0552e-05","0.0023","C"
"4","Trait5","mrMLM","NsiI.TP528829","11","15669","-0.1394","1.053","C"
"4","Trait5","mrMLM","NsiI.TP528884","11","15672","-0.0848","0.4003","C"
"4","Trait5","mrMLM","NsiI.TP528898","11","15673","6.6857e-06","0.0015","C"
"4","Trait5","mrMLM","NsiI.TP529096","11","15674","-0.0245","0.3065","C"
"4","Trait5","mrMLM","NsiI.TP529162","11","15675","-9.056e-07","2e-04","A"
"4","Trait5","mrMLM","NsiI.TP529304","11","15678","-3.9188e-06","9e-04","C"
"4","Trait5","mrMLM","NsiI.TP529321","11","15679","-9.7465e-06","0.0021","A"
"4","Trait5","mrMLM","NsiI.TP529605","11","15683","0.0566","0.2782","C"
"4","Trait5","mrMLM","NsiI.TP530128","11","15685","-0.0263","0.283","C"
"4","Trait5","mrMLM","NsiI.TP530248","11","15687","-3.033e-05","0.0067","C"
"4","Trait5","mrMLM","NsiI.TP530343","11","15688","1.3603e-05","0.003","G"
"4","Trait5","mrMLM","NsiI.TP530737","11","15691","0.0067","0.1166","A"
"4","Trait5","mrMLM","NsiI.TP530767","11","15692","-2.3195e-05","0.0051","C"
"4","Trait5","mrMLM","NsiI.TP530836","11","15693","2.6937e-05","0.0059","C"
"4","Trait5","mrMLM","NsiI.TP530881","11","15694","9.2478e-06","0.002","C"
"4","Trait5","mrMLM","NsiI.TP530892","11","15695","-3.5524e-05","0.0078","C"
"4","Trait5","mrMLM","NsiI.TP531097","11","15696","-3.8173e-06","8e-04","C"
"4","Trait5","mrMLM","NsiI.TP531166","11","15698","7.8226e-06","0.0017","A"
"4","Trait5","mrMLM","NsiI.TP531429","11","15700","-0.1288","1.28","G"
"4","Trait5","mrMLM","NsiI.TP531445","11","15701","9.7686e-06","0.0021","A"
"4","Trait5","mrMLM","NsiI.TP531526","11","15702","1.0473e-06","2e-04","G"
"4","Trait5","mrMLM","NsiI.TP531788","11","15705","-0.0904","0.3106","G"
"4","Trait5","mrMLM","NsiI.TP531823","11","15706","-4.0729e-06","9e-04","A"
"4","Trait5","mrMLM","NsiI.TP531830","11","15707","5.5893e-06","0.0012","G"
"4","Trait5","mrMLM","NsiI.TP531884","11","15708","-4.9161e-06","0.0011","C"
"4","Trait5","mrMLM","NsiI.TP531902","11","15709","-0.27","1.3311","C"
"4","Trait5","mrMLM","NsiI.TP531922","11","15710","0.1119","1.0508","C"
"4","Trait5","mrMLM","NsiI.TP531951","11","15711","-2.7276e-05","0.006","A"
"4","Trait5","mrMLM","NsiI.TP532105","11","15712","-8.5143e-06","0.0019","C"
"4","Trait5","mrMLM","NsiI.TP532130","11","15713","-0.1283","0.7658","A"
"4","Trait5","mrMLM","NsiI.TP532154","11","15714","-1.8315e-05","0.004","C"
"4","Trait5","mrMLM","NsiI.TP532184","11","15715","-3.7768e-06","8e-04","G"
"4","Trait5","mrMLM","NsiI.TP532407","11","15717","-0.1058","0.6611","C"
"4","Trait5","mrMLM","NsiI.TP532499","11","15719","-0.0134","0.2229","C"
"4","Trait5","mrMLM","NsiI.TP532536","11","15720","-2.0531e-05","0.0045","A"
"4","Trait5","mrMLM","NsiI.TP532558","11","15721","-4.7552e-06","0.001","G"
"4","Trait5","mrMLM","NsiI.TP532580","11","15722","1.8832e-05","0.0041","G"
"4","Trait5","mrMLM","NsiI.TP532591","11","15723","1.2009e-05","0.0026","C"
"4","Trait5","mrMLM","NsiI.TP532750","11","15724","0.1607","0.7502","A"
"4","Trait5","mrMLM","NsiI.TP532803","11","15725","1.4361e-05","0.0031","C"
"4","Trait5","mrMLM","NsiI.TP532934","11","15726","-5.7679e-06","0.0013","C"
"4","Trait5","mrMLM","NsiI.TP533340","11","15728","0.0915","1.4732","A"
"4","Trait5","mrMLM","NsiI.TP533351","11","15729","9.2265e-06","0.002","C"
"4","Trait5","mrMLM","NsiI.TP533381","11","15730","-7.7361e-06","0.0017","C"
"4","Trait5","mrMLM","NsiI.TP533425","11","15732","0.0946","0.8148","G"
"4","Trait5","mrMLM","NsiI.TP533627","11","15734","-1.0581e-05","0.0023","C"
"4","Trait5","mrMLM","NsiI.TP533849","11","15737","2.0141e-06","4e-04","C"
"4","Trait5","mrMLM","NsiI.TP534200","11","15740","-1.0757e-05","0.0023","A"
"4","Trait5","mrMLM","NsiI.TP534409","11","15741","-0.3408","1.2487","A"
"4","Trait5","mrMLM","NsiI.TP534459","11","15742","-0.1749","1.1844","C"
"4","Trait5","mrMLM","NsiI.TP534508","11","15743","-0.0047","0.1113","C"
"4","Trait5","mrMLM","NsiI.TP534615","11","15745","-0.1596","0.8847","A"
"4","Trait5","mrMLM","NsiI.TP534649","11","15746","-1.6239e-06","4e-04","C"
"4","Trait5","mrMLM","NsiI.TP534734","11","15747","1.597e-05","0.0035","A"
"4","Trait5","mrMLM","NsiI.TP534761","11","15748","8.9261e-06","0.0019","C"
"4","Trait5","mrMLM","NsiI.TP535012","11","15750","-7.4598e-07","2e-04","A"
"4","Trait5","mrMLM","NsiI.TP535064","11","15752","-8.1791e-06","0.0018","C"
"4","Trait5","mrMLM","NsiI.TP535128","11","15753","2.9618e-06","6e-04","A"
"4","Trait5","mrMLM","NsiI.TP535138","11","15754","0.1506","0.8912","A"
"4","Trait5","mrMLM","NsiI.TP535210","11","15755","1.9224e-06","4e-04","A"
"4","Trait5","mrMLM","NsiI.TP535389","11","15757","0.1051","0.3623","G"
"4","Trait5","mrMLM","NsiI.TP536248","11","15759","3.4806e-06","8e-04","G"
"4","Trait5","mrMLM","NsiI.TP536403","11","15762","2.6675e-06","6e-04","A"
"4","Trait5","mrMLM","NsiI.TP536765","11","15763","-0.0274","0.2955","C"
"4","Trait5","mrMLM","NsiI.TP536796","11","15764","-1.1924e-06","3e-04","A"
"4","Trait5","mrMLM","NsiI.TP537983","11","15766","-2.6945e-05","0.0059","A"
"4","Trait5","mrMLM","NsiI.TP538131","11","15767","3.6782e-06","8e-04","A"
"4","Trait5","mrMLM","NsiI.TP538163","11","15768","0.1051","0.4795","C"
"4","Trait5","mrMLM","NsiI.TP538458","11","15770","-0.1984","1.2349","A"
"4","Trait5","mrMLM","NsiI.TP538514","11","15772","-2.2623e-05","0.005","A"
"4","Trait5","mrMLM","NsiI.TP538577","11","15774","7.5714e-06","0.0017","C"
"4","Trait5","mrMLM","NsiI.TP538844","11","15777","-2.4012e-06","5e-04","A"
"4","Trait5","mrMLM","NsiI.TP538878","11","15778","1.9889e-06","4e-04","C"
"4","Trait5","mrMLM","NsiI.TP538891","11","15779","7e-04","0.032","C"
"4","Trait5","mrMLM","NsiI.TP539071","11","15780","-2.2547e-05","0.0049","A"
"4","Trait5","mrMLM","NsiI.TP539129","11","15783","-1.8803e-05","0.0041","C"
"4","Trait5","mrMLM","NsiI.TP539163","11","15784","-1.1535e-05","0.0025","A"
"4","Trait5","mrMLM","NsiI.TP539237","11","15786","3.4422e-06","7e-04","C"
"4","Trait5","mrMLM","NsiI.TP539247","11","15787","-9.908e-06","0.0022","A"
"4","Trait5","mrMLM","NsiI.TP539767","11","15790","-5.8475e-06","0.0013","A"
"4","Trait5","mrMLM","NsiI.TP539813","11","15791","-2.9792e-05","0.0065","C"
"4","Trait5","mrMLM","NsiI.TP539990","11","15793","2.4068e-05","0.0053","C"
"4","Trait5","mrMLM","NsiI.TP540352","11","15795","7.4519e-06","0.0016","A"
"4","Trait5","mrMLM","NsiI.TP540354","11","15796","0.0728","0.7739","A"
"4","Trait5","mrMLM","NsiI.TP540423","11","15798","-0.0079","0.1648","A"
"4","Trait5","mrMLM","NsiI.TP540503","11","15799","-0.0183","0.2209","C"
"4","Trait5","mrMLM","NsiI.TP540597","11","15800","8.8239e-06","0.0019","A"
"4","Trait5","mrMLM","NsiI.TP540600","11","15801","2.8218e-05","0.0062","C"
"4","Trait5","mrMLM","NsiI.TP540642","11","15802","-0.2116","0.7392","C"
"4","Trait5","mrMLM","NsiI.TP540689","11","15804","-9.4421e-06","0.0021","C"
"4","Trait5","mrMLM","NsiI.TP540747","11","15805","5.0867e-07","1e-04","A"
"4","Trait5","mrMLM","NsiI.TP541297","11","15808","0.021","0.1933","A"
"4","Trait5","mrMLM","NsiI.TP541305","11","15809","-1.1319e-05","0.0025","C"
"4","Trait5","mrMLM","NsiI.TP541455","11","15810","-1.5406e-05","0.0034","C"
"4","Trait5","mrMLM","NsiI.TP541527","11","15811","1.7152e-05","0.0037","G"
"4","Trait5","mrMLM","NsiI.TP541983","11","15813","-4.7785e-06","0.001","C"
"4","Trait5","mrMLM","NsiI.TP542586","11","15819","-0.0021","0.066","G"
"4","Trait5","mrMLM","NsiI.TP542595","11","15820","-2.7236e-05","0.006","C"
"4","Trait5","mrMLM","NsiI.TP542868","11","15822","0.0687","0.5622","C"
"4","Trait5","mrMLM","NsiI.TP543064","11","15823","-2.882e-06","6e-04","A"
"4","Trait5","mrMLM","NsiI.TP543113","11","15825","-0.153","1.697","C"
"4","Trait5","mrMLM","NsiI.TP543576","11","15828","1.5663e-05","0.0034","C"
"4","Trait5","mrMLM","NsiI.TP544197","11","15832","-1.2834e-06","3e-04","A"
"4","Trait5","mrMLM","NsiI.TP544309","11","15834","2.5245e-06","5e-04","A"
"4","Trait5","mrMLM","NsiI.TP544630","11","15836","-0.0891","0.6045","A"
"4","Trait5","mrMLM","NsiI.TP544660","11","15837","6.2776e-06","0.0014","A"
"4","Trait5","mrMLM","NsiI.TP544668","11","15838","5.8283e-06","0.0013","C"
"4","Trait5","mrMLM","NsiI.TP544723","11","15839","5.296e-06","0.0012","G"
"4","Trait5","mrMLM","NsiI.TP545223","11","15842","-8.3298e-06","0.0018","A"
"4","Trait5","mrMLM","NsiI.TP545288","11","15843","-0.1336","1.3624","A"
"4","Trait5","mrMLM","NsiI.TP545358","11","15845","-4.4556e-08","9.6963e-06","A"
"4","Trait5","mrMLM","NsiI.TP545368","11","15846","-4.7108e-07","1e-04","C"
"4","Trait5","mrMLM","NsiI.TP545404","11","15848","-2.5109e-05","0.0055","C"
"4","Trait5","mrMLM","NsiI.TP545501","11","15849","7.5676e-06","0.0016","C"
"4","Trait5","mrMLM","NsiI.TP545507","11","15850","-0.0642","0.7712","C"
"4","Trait5","mrMLM","NsiI.TP545810","11","15854","2.2482e-05","0.0049","A"
"4","Trait5","mrMLM","NsiI.TP545877","11","15855","-0.098","1.2303","A"
"4","Trait5","mrMLM","NsiI.TP545890","11","15856","-0.0147","0.2187","G"
"4","Trait5","mrMLM","NsiI.TP545911","11","15857","-1.6551e-05","0.0036","C"
"4","Trait5","mrMLM","NsiI.TP545921","11","15858","1.7131e-05","0.0037","A"
"4","Trait5","mrMLM","NsiI.TP545925","11","15859","-1.9483e-05","0.0043","A"
"4","Trait5","mrMLM","NsiI.TP546061","11","15861","0.1976","1.2079","C"
"4","Trait5","mrMLM","NsiI.TP546116","11","15862","-3.142e-05","0.0069","C"
"4","Trait5","mrMLM","NsiI.TP546302","11","15863","-1.5228e-05","0.0033","A"
"4","Trait5","mrMLM","NsiI.TP546384","11","15864","-0.0429","0.4937","A"
"4","Trait5","mrMLM","NsiI.TP546651","11","15865","-1.7275e-06","4e-04","C"
"4","Trait5","mrMLM","NsiI.TP546666","11","15866","2.6909e-05","0.0059","A"
"4","Trait5","mrMLM","NsiI.TP546930","11","15867","0.0628","0.7032","C"
"4","Trait5","mrMLM","NsiI.TP546993","11","15868","-1.9429e-05","0.0042","C"
"4","Trait5","mrMLM","NsiI.TP547196","11","15874","2.2158e-05","0.0048","A"
"4","Trait5","mrMLM","NsiI.TP547441","11","15875","3.1663e-05","0.0069","A"
"4","Trait5","mrMLM","NsiI.TP547503","11","15877","4.003e-05","0.0088","A"
"4","Trait5","mrMLM","NsiI.TP547757","11","15880","0.0264","0.2089","A"
"4","Trait5","mrMLM","NsiI.TP547784","11","15881","-6.2767e-06","0.0014","A"
"4","Trait5","mrMLM","NsiI.TP547906","11","15882","6.4625e-06","0.0014","C"
"4","Trait5","mrMLM","NsiI.TP547914","11","15883","-1.9137e-05","0.0042","C"
"4","Trait5","mrMLM","NsiI.TP547929","11","15884","0.0819","0.535","A"
"4","Trait5","mrMLM","NsiI.TP547953","11","15886","-0.3487","2.2614","A"
"4","Trait5","mrMLM","NsiI.TP548098","11","15887","0.0993","0.5278","G"
"4","Trait5","mrMLM","NsiI.TP548142","11","15888","-1.1645e-05","0.0025","C"
"4","Trait5","mrMLM","NsiI.TP548189","11","15890","3.8447e-06","8e-04","G"
"4","Trait5","mrMLM","NsiI.TP548243","11","15891","0.0267","0.2835","A"
"4","Trait5","mrMLM","NsiI.TP548376","11","15892","2.5376e-06","6e-04","G"
"4","Trait5","mrMLM","NsiI.TP548674","11","15893","0.126","1.593","C"
"4","Trait5","mrMLM","NsiI.TP548930","11","15895","5.2551e-06","0.0011","C"
"4","Trait5","mrMLM","NsiI.TP548946","11","15896","-0.0434","0.411","A"
"4","Trait5","mrMLM","NsiI.TP549255","11","15897","1.174e-05","0.0026","C"
"4","Trait5","mrMLM","NsiI.TP549380","11","15898","-1.1059e-05","0.0024","A"
"4","Trait5","mrMLM","NsiI.TP549391","11","15899","-0.1009","1.7372","A"
"4","Trait5","mrMLM","NsiI.TP549556","11","15900","-2.4524e-05","0.0054","A"
"4","Trait5","mrMLM","NsiI.TP549593","11","15901","0.0486","0.3019","C"
"4","Trait5","mrMLM","NsiI.TP549645","11","15904","-1.6615e-05","0.0036","G"
"4","Trait5","mrMLM","NsiI.TP549667","11","15905","-2.7838e-05","0.0061","A"
"4","Trait5","mrMLM","NsiI.TP549759","11","15906","-0.0795","0.5478","G"
"4","Trait5","mrMLM","NsiI.TP549847","11","15909","2.8377e-06","6e-04","C"
"4","Trait5","mrMLM","NsiI.TP549901","11","15910","-0.1066","0.9778","A"
"4","Trait5","mrMLM","NsiI.TP549952","11","15911","-0.1886","0.6894","C"
"4","Trait5","mrMLM","NsiI.TP549983","11","15913","0.0715","0.5656","G"
"4","Trait5","mrMLM","NsiI.TP550056","11","15914","8.4951e-06","0.0019","A"
"4","Trait5","mrMLM","NsiI.TP550234","11","15915","0.077","0.5396","A"
"4","Trait5","mrMLM","NsiI.TP550248","11","15916","-5.8479e-06","0.0013","G"
"4","Trait5","mrMLM","NsiI.TP550256","11","15917","-0.0976","0.8725","C"
"4","Trait5","mrMLM","NsiI.TP550280","11","15918","-0.1379","0.8531","A"
"4","Trait5","mrMLM","NsiI.TP550493","11","15922","-1.1701e-05","0.0026","G"
"4","Trait5","mrMLM","NsiI.TP550620","11","15923","0.0372","0.4711","G"
"4","Trait5","mrMLM","NsiI.TP550633","11","15924","-1.8488e-05","0.004","C"
"4","Trait5","mrMLM","NsiI.TP550663","11","15926","-1.0352e-05","0.0023","C"
"4","Trait5","mrMLM","NsiI.TP550671","11","15927","0.0235","0.2021","A"
"4","Trait5","mrMLM","NsiI.TP550682","11","15928","-8.3463e-06","0.0018","A"
"4","Trait5","mrMLM","NsiI.TP550683","11","15929","-1.4208e-05","0.0031","A"
"4","Trait5","mrMLM","NsiI.TP550762","11","15931","1.1644e-05","0.0025","C"
"4","Trait5","mrMLM","NsiI.TP550937","11","15932","1.6215e-05","0.0035","A"
"4","Trait5","mrMLM","NsiI.TP550945","11","15933","-1.3928e-05","0.003","C"
"4","Trait5","mrMLM","NsiI.TP550949","11","15934","-0.041","0.403","A"
"4","Trait5","mrMLM","NsiI.TP551057","11","15936","0.0727","0.4765","A"
"4","Trait5","mrMLM","NsiI.TP551284","11","15937","-2.4984e-06","5e-04","C"
"4","Trait5","mrMLM","NsiI.TP551407","11","15938","2.9855e-06","7e-04","C"
"4","Trait5","mrMLM","NsiI.TP551687","11","15939","9.5011e-08","2.0677e-05","C"
"4","Trait5","mrMLM","NsiI.TP551733","11","15940","5.8766e-06","0.0013","C"
"4","Trait5","mrMLM","NsiI.TP551753","11","15942","0.1598","1.1914","G"
"4","Trait5","mrMLM","NsiI.TP551794","11","15943","4.0983e-07","8.9193e-05","G"
"4","Trait5","mrMLM","NsiI.TP551839","11","15945","-1.7492e-06","4e-04","C"
"4","Trait5","mrMLM","NsiI.TP551883","11","15946","1.5555e-05","0.0034","A"
"4","Trait5","mrMLM","NsiI.TP551914","11","15948","1.3241e-06","3e-04","G"
"4","Trait5","mrMLM","NsiI.TP552314","11","15951","9.9985e-06","0.0022","A"
"4","Trait5","mrMLM","NsiI.TP552623","11","15954","-5.5391e-06","0.0012","C"
"4","Trait5","mrMLM","NsiI.TP552634","11","15955","-2.6573e-06","6e-04","C"
"4","Trait5","mrMLM","NsiI.TP552726","11","15956","2.7527e-05","0.006","C"
"4","Trait5","mrMLM","NsiI.TP552744","11","15957","-3.5008e-05","0.0077","C"
"4","Trait5","mrMLM","NsiI.TP552745","11","15958","-3.0129e-08","6.5568e-06","C"
"4","Trait5","mrMLM","NsiI.TP552810","11","15959","9.2298e-06","0.002","C"
"4","Trait5","mrMLM","NsiI.TP552835","11","15960","0.2657","2.0222","C"
"4","Trait5","mrMLM","NsiI.TP552882","11","15961","3.8974e-05","0.0086","C"
"4","Trait5","mrMLM","NsiI.TP552991","11","15962","2.1631e-05","0.0047","A"
"4","Trait5","mrMLM","NsiI.TP553041","11","15963","-0.0908","1.14","A"
"4","Trait5","mrMLM","NsiI.TP553088","11","15964","-1.1485e-06","3e-04","A"
"4","Trait5","mrMLM","NsiI.TP553158","11","15966","0.1626","1.1152","A"
"4","Trait5","mrMLM","NsiI.TP553316","11","15969","-1.1177e-05","0.0024","G"
"4","Trait5","mrMLM","NsiI.TP553413","11","15971","-1.945e-05","0.0043","A"
"4","Trait5","mrMLM","NsiI.TP553499","11","15972","1.6959e-05","0.0037","C"
"4","Trait5","mrMLM","NsiI.TP553579","11","15973","-0.0103","0.096","C"
"4","Trait5","mrMLM","NsiI.TP553662","11","15975","-9.9939e-06","0.0022","A"
"4","Trait5","mrMLM","NsiI.TP553676","11","15976","1.8209e-05","0.004","C"
"4","Trait5","mrMLM","NsiI.TP553698","11","15977","-0.0916","0.6926","G"
"4","Trait5","mrMLM","NsiI.TP553706","11","15978","1.4823e-05","0.0032","C"
"4","Trait5","mrMLM","NsiI.TP553729","11","15979","-2.6111e-05","0.0057","C"
"4","Trait5","mrMLM","NsiI.TP553750","11","15981","2.2512e-05","0.0049","C"
"4","Trait5","mrMLM","NsiI.TP553785","11","15982","-1.8034e-05","0.0039","A"
"4","Trait5","mrMLM","NsiI.TP554047","11","15983","2.2448e-05","0.0049","C"
"4","Trait5","mrMLM","NsiI.TP554543","11","15985","2.139e-05","0.0047","A"
"4","Trait5","mrMLM","NsiI.TP554663","11","15988","-2.7359e-05","0.006","C"
"4","Trait5","mrMLM","NsiI.TP554728","11","15989","1.9522e-06","4e-04","C"
"4","Trait5","mrMLM","NsiI.TP554944","11","15990","-4.6979e-07","1e-04","A"
"4","Trait5","mrMLM","NsiI.TP555019","11","15991","1.0639e-05","0.0023","C"
"4","Trait5","mrMLM","NsiI.TP555055","11","15992","8.2218e-07","2e-04","A"
"4","Trait5","mrMLM","NsiI.TP555065","11","15993","6.5333e-06","0.0014","A"
"4","Trait5","mrMLM","NsiI.TP555309","11","15995","-1.6123e-05","0.0035","A"
"4","Trait5","mrMLM","NsiI.TP555357","11","15996","1.8193e-05","0.004","A"
"4","Trait5","mrMLM","NsiI.TP555365","11","15997","1.8427e-05","0.004","A"
"4","Trait5","mrMLM","NsiI.TP555369","11","15998","-0.121","0.6988","C"
"4","Trait5","mrMLM","NsiI.TP555395","11","15999","8.7657e-06","0.0019","G"
"4","Trait5","mrMLM","NsiI.TP555498","11","16001","2.1858e-05","0.0048","C"
"4","Trait5","mrMLM","NsiI.TP555580","11","16002","0.3214","1.6111","G"
"4","Trait5","mrMLM","NsiI.TP555631","11","16003","-6.6369e-06","0.0014","A"
"4","Trait5","mrMLM","NsiI.TP555894","11","16005","1.1575e-05","0.0025","A"
"4","Trait5","mrMLM","NsiI.TP555903","11","16006","-9.9045e-06","0.0022","C"
"4","Trait5","mrMLM","NsiI.TP555908","11","16008","-6.1921e-06","0.0013","A"
"4","Trait5","mrMLM","NsiI.TP555974","11","16010","-0.0093","0.1297","A"
"4","Trait5","mrMLM","NsiI.TP555990","11","16011","-2.7167e-05","0.006","C"
"4","Trait5","mrMLM","NsiI.TP556022","11","16012","-2.8799e-07","6.2681e-05","A"
"4","Trait5","mrMLM","NsiI.TP556047","11","16013","2.6124e-07","5.6852e-05","A"
"4","Trait5","mrMLM","NsiI.TP556059","11","16014","-0.2061","1.3037","C"
"4","Trait5","mrMLM","NsiI.TP556086","11","16015","-2.7088e-06","6e-04","C"
"4","Trait5","mrMLM","NsiI.TP556097","11","16016","-7.5564e-06","0.0016","C"
"4","Trait5","mrMLM","NsiI.TP556312","11","16017","-1.3967e-06","3e-04","A"
"4","Trait5","mrMLM","NsiI.TP556318","11","16019","-6.4729e-06","0.0014","G"
"4","Trait5","mrMLM","NsiI.TP556368","11","16020","-1.5617e-05","0.0034","A"
"4","Trait5","mrMLM","NsiI.TP556635","11","16021","0.0846","0.4614","A"
"4","Trait5","mrMLM","NsiI.TP556656","11","16022","1.1144e-05","0.0024","G"
"4","Trait5","mrMLM","NsiI.TP556663","11","16023","1.4318e-05","0.0031","C"
"4","Trait5","mrMLM","NsiI.TP556717","11","16024","1.9483e-05","0.0043","A"
"4","Trait5","mrMLM","NsiI.TP556867","11","16025","0.0619","0.3272","A"
"4","Trait5","mrMLM","NsiI.TP556871","11","16026","0.0668","0.4033","A"
"4","Trait5","mrMLM","NsiI.TP557304","11","16028","4.8989e-06","0.0011","A"
"4","Trait5","mrMLM","NsiI.TP557414","11","16029","1.0909e-05","0.0024","A"
"4","Trait5","mrMLM","NsiI.TP557436","11","16030","-1.9148e-06","4e-04","A"
"4","Trait5","mrMLM","NsiI.TP557445","11","16031","5.1318e-06","0.0011","A"
"4","Trait5","mrMLM","NsiI.TP557489","11","16032","-1.7127e-05","0.0037","G"
"4","Trait5","mrMLM","NsiI.TP557538","11","16033","-1.1161e-05","0.0024","G"
"4","Trait5","mrMLM","NsiI.TP557756","11","16035","0.0572","0.4211","G"
"4","Trait5","mrMLM","NsiI.TP557880","11","16037","2.5584e-05","0.0056","G"
"4","Trait5","mrMLM","NsiI.TP557904","11","16038","1.4173e-05","0.0031","C"
"4","Trait5","mrMLM","NsiI.TP557918","11","16040","-1.5088e-05","0.0033","C"
"4","Trait5","mrMLM","NsiI.TP558024","11","16041","0.0915","0.4912","C"
"4","Trait5","mrMLM","NsiI.TP558305","11","16044","0.1025","0.7912","C"
"4","Trait5","mrMLM","NsiI.TP558485","11","16046","3.7655e-06","8e-04","C"
"4","Trait5","mrMLM","NsiI.TP558889","11","16049","-2.7575e-05","0.006","A"
"4","Trait5","mrMLM","NsiI.TP559060","11","16050","-0.0108","0.1912","A"
"4","Trait5","mrMLM","NsiI.TP559061","11","16051","-0.0329","0.3433","C"
"4","Trait5","mrMLM","NsiI.TP559228","11","16053","-5.9663e-06","0.0013","C"
"4","Trait5","mrMLM","NsiI.TP559334","11","16054","1.1478e-05","0.0025","C"
"4","Trait5","mrMLM","NsiI.TP559354","11","16056","-4.2737e-05","0.0094","A"
"4","Trait5","mrMLM","NsiI.TP559357","11","16057","5.2212e-06","0.0011","A"
"4","Trait5","mrMLM","NsiI.TP559444","11","16058","-3.9627e-07","8.6243e-05","C"
"4","Trait5","mrMLM","NsiI.TP559472","11","16059","9.8511e-06","0.0021","G"
"4","Trait5","mrMLM","NsiI.TP559735","11","16061","0.1185","1.0537","C"
"4","Trait5","mrMLM","NsiI.TP559787","11","16062","1.8665e-05","0.0041","C"
"4","Trait5","mrMLM","NsiI.TP559880","11","16064","0.0922","0.5329","C"
"4","Trait5","mrMLM","NsiI.TP559926","11","16065","3.1264e-05","0.0069","C"
"4","Trait5","mrMLM","NsiI.TP559974","11","16066","-6.7505e-06","0.0015","A"
"4","Trait5","mrMLM","NsiI.TP560012","11","16067","-0.014","0.2239","A"
"4","Trait5","mrMLM","NsiI.TP560022","11","16068","0.0168","0.2042","A"
"4","Trait5","mrMLM","NsiI.TP560232","11","16070","0.0909","0.6724","A"
"4","Trait5","mrMLM","NsiI.TP560260","11","16071","0.0238","0.1973","C"
"4","Trait5","mrMLM","NsiI.TP560453","11","16072","7.1447e-08","1.5548e-05","A"
"4","Trait5","mrMLM","NsiI.TP560606","11","16074","1.1616e-05","0.0025","A"
"4","Trait5","mrMLM","NsiI.TP560751","11","16075","3.3396e-05","0.0073","C"
"4","Trait5","mrMLM","NsiI.TP560923","11","16077","-0.0194","0.2462","C"
"4","Trait5","mrMLM","NsiI.TP561004","11","16078","-1.149e-05","0.0025","A"
"4","Trait5","mrMLM","NsiI.TP561022","11","16079","-0.0481","0.3916","A"
"4","Trait5","mrMLM","NsiI.TP561023","11","16080","-2.4059e-05","0.0053","A"
"4","Trait5","mrMLM","NsiI.TP561283","11","16082","-2.2009e-08","4.7897e-06","A"
"4","Trait5","mrMLM","NsiI.TP561326","11","16083","1.572e-05","0.0034","C"
"4","Trait5","mrMLM","NsiI.TP561366","11","16084","-1.3167e-05","0.0029","G"
"4","Trait5","mrMLM","NsiI.TP561414","11","16085","2.0404e-05","0.0045","G"
"4","Trait5","mrMLM","NsiI.TP561481","11","16086","-3.4332e-05","0.0075","C"
"4","Trait5","mrMLM","NsiI.TP561532","11","16088","3.4723e-07","7.5566e-05","A"
"4","Trait5","mrMLM","NsiI.TP561618","11","16089","3.4658e-07","7.5446e-05","C"
"4","Trait5","mrMLM","NsiI.TP561621","11","16090","9.5506e-06","0.0021","A"
"4","Trait5","mrMLM","NsiI.TP561895","11","16092","8.0725e-06","0.0018","C"
"4","Trait5","mrMLM","NsiI.TP561910","11","16093","1.7608e-05","0.0038","A"
"4","Trait5","mrMLM","NsiI.TP562509","11","16095","1.461e-05","0.0032","C"
"4","Trait5","mrMLM","NsiI.TP562561","11","16096","-2.4813e-05","0.0054","G"
"4","Trait5","mrMLM","NsiI.TP562854","11","16098","-4.733e-06","0.001","A"
"4","Trait5","mrMLM","NsiI.TP562963","11","16099","2.7024e-06","6e-04","C"
"4","Trait5","mrMLM","NsiI.TP563194","11","16105","-1.4373e-05","0.0031","A"
"4","Trait5","mrMLM","NsiI.TP563446","11","16107","-5.3798e-06","0.0012","C"
"4","Trait5","mrMLM","NsiI.TP563898","11","16109","-8.9271e-06","0.0019","G"
"4","Trait5","mrMLM","NsiI.TP563915","11","16110","8.1241e-07","2e-04","A"
"4","Trait5","mrMLM","NsiI.TP563961","11","16111","-0.0132","0.1128","C"
"4","Trait5","mrMLM","NsiI.TP563977","11","16112","1.9865e-05","0.0043","A"
"4","Trait5","mrMLM","NsiI.TP564005","11","16113","-1.1831e-07","2.5751e-05","A"
"4","Trait5","mrMLM","NsiI.TP564153","11","16114","-8.7293e-06","0.0019","C"
"4","Trait5","mrMLM","NsiI.TP564326","11","16115","0.0041","0.0503","C"
"4","Trait5","mrMLM","NsiI.TP564448","11","16116","0.1446","1.09","C"
"4","Trait5","mrMLM","NsiI.TP564739","11","16118","-0.0526","0.5744","C"
"4","Trait5","mrMLM","NsiI.TP564921","11","16119","-3.11e-06","7e-04","A"
"4","Trait5","mrMLM","NsiI.TP564995","11","16121","-2.5927e-05","0.0057","C"
"4","Trait5","mrMLM","NsiI.TP565125","11","16124","-1.2372e-05","0.0027","C"
"4","Trait5","mrMLM","NsiI.TP565274","11","16126","-2.0051e-06","4e-04","C"
"4","Trait5","mrMLM","NsiI.TP565359","11","16127","2.7001e-06","6e-04","C"
"4","Trait5","mrMLM","NsiI.TP565407","11","16128","0.002","0.0742","C"
"4","Trait5","mrMLM","NsiI.TP565488","11","16129","4.4259e-06","0.001","G"
"4","Trait5","mrMLM","NsiI.TP565852","11","16131","-2.4343e-06","5e-04","A"
"4","Trait5","mrMLM","NsiI.TP566131","11","16132","-0.0658","0.4843","A"
"4","Trait5","mrMLM","NsiI.TP566534","11","16135","4.6969e-07","1e-04","C"
"4","Trait5","mrMLM","NsiI.TP566535","11","16136","1.0277e-06","2e-04","A"
"4","Trait5","mrMLM","NsiI.TP566547","11","16137","4.4535e-06","0.001","A"
"4","Trait5","mrMLM","NsiI.TP566561","11","16138","-1.7517e-06","4e-04","A"
"4","Trait5","mrMLM","NsiI.TP566761","11","16139","1.8053e-05","0.0039","C"
"4","Trait5","mrMLM","NsiI.TP566776","11","16140","1.8584e-05","0.0041","A"
"4","Trait5","mrMLM","NsiI.TP566900","11","16141","-0.0327","0.2664","A"
"4","Trait5","mrMLM","NsiI.TP566948","11","16142","0.0508","0.6611","G"
"4","Trait5","mrMLM","NsiI.TP567235","11","16143","-0.0119","0.1886","C"
"4","Trait5","mrMLM","NsiI.TP567414","11","16145","4.1546e-06","9e-04","C"
"4","Trait5","mrMLM","NsiI.TP567556","11","16146","-1.447e-06","3e-04","C"
"4","Trait5","mrMLM","NsiI.TP567691","11","16148","-0.0515","0.4566","C"
"4","Trait5","mrMLM","NsiI.TP567954","11","16151","1.1115e-05","0.0024","A"
"4","Trait5","mrMLM","NsiI.TP568340","11","16154","0.0368","0.4132","A"
"4","Trait5","mrMLM","NsiI.TP568513","11","16157","0.1521","0.7968","G"
"4","Trait5","mrMLM","NsiI.TP568842","11","16159","-0.0674","0.5734","C"
"4","Trait5","mrMLM","NsiI.TP568948","11","16161","-9.6645e-07","2e-04","A"
"4","Trait5","mrMLM","NsiI.TP568979","11","16162","-2.1638e-05","0.0047","G"
"4","Trait5","mrMLM","NsiI.TP569258","11","16165","-6.9177e-06","0.0015","A"
"4","Trait5","mrMLM","NsiI.TP569378","11","16166","-0.1289","1.1974","C"
"4","Trait5","mrMLM","NsiI.TP569530","11","16167","-2.0918e-05","0.0046","C"
"4","Trait5","mrMLM","NsiI.TP570031","11","16173","-0.0357","0.3161","C"
"4","Trait5","mrMLM","NsiI.TP570076","11","16174","1.4029e-06","3e-04","A"
"4","Trait5","mrMLM","NsiI.TP570260","11","16175","1.1062e-05","0.0024","G"
"4","Trait5","mrMLM","NsiI.TP570294","11","16176","2.2755e-06","5e-04","C"
"4","Trait5","mrMLM","NsiI.TP570466","11","16178","6.616e-06","0.0014","C"
"4","Trait5","mrMLM","NsiI.TP570531","11","16181","-1.7487e-06","4e-04","A"
"4","Trait5","mrMLM","NsiI.TP570610","11","16183","-3.065e-06","7e-04","A"
"4","Trait5","mrMLM","NsiI.TP570712","11","16184","-4.8362e-06","0.0011","C"
"4","Trait5","mrMLM","NsiI.TP570782","11","16185","-2.8858e-06","6e-04","C"
"4","Trait5","mrMLM","NsiI.TP570786","11","16186","-2.3877e-05","0.0052","C"
"4","Trait5","mrMLM","NsiI.TP570823","11","16187","0.0418","0.2413","A"
"4","Trait5","mrMLM","NsiI.TP571039","11","16189","0.0563","0.6701","A"
"4","Trait5","mrMLM","NsiI.TP571353","11","16191","1.7912e-06","4e-04","C"
"4","Trait5","mrMLM","NsiI.TP571420","11","16192","-0.0217","0.2211","C"
"4","Trait5","mrMLM","NsiI.TP571480","11","16194","1.2138e-05","0.0026","A"
"4","Trait5","mrMLM","NsiI.TP571497","11","16195","0.0694","0.7365","C"
"4","Trait5","mrMLM","NsiI.TP571551","11","16196","3.7297e-06","8e-04","A"
"4","Trait5","mrMLM","NsiI.TP571607","11","16197","-0.0556","0.5324","G"
"4","Trait5","mrMLM","NsiI.TP571678","11","16198","-9.3579e-06","0.002","A"
"4","Trait5","mrMLM","NsiI.TP571719","11","16199","1.1914e-06","3e-04","A"
"4","Trait5","mrMLM","NsiI.TP572017","11","16202","-1.5701e-05","0.0034","C"
"4","Trait5","mrMLM","NsiI.TP572125","11","16204","1.1727e-05","0.0026","C"
"4","Trait5","mrMLM","NsiI.TP572165","11","16205","3.1818e-05","0.007","C"
"4","Trait5","mrMLM","NsiI.TP572254","11","16206","-0.0817","0.5514","G"
"4","Trait5","mrMLM","NsiI.TP572385","11","16207","-5.7379e-06","0.0013","C"
"4","Trait5","mrMLM","NsiI.TP572685","11","16211","-0.1681","1.5375","A"
"4","Trait5","mrMLM","NsiI.TP572755","11","16212","-1.1287e-05","0.0025","A"
"4","Trait5","mrMLM","NsiI.TP572773","11","16213","1.4967e-06","3e-04","C"
"4","Trait5","mrMLM","NsiI.TP572799","11","16214","1.4671e-05","0.0032","A"
"4","Trait5","mrMLM","NsiI.TP573138","11","16215","2.7261e-05","0.006","A"
"4","Trait5","mrMLM","NsiI.TP573142","11","16217","0.0337","0.2017","A"
"4","Trait5","mrMLM","NsiI.TP573168","11","16218","-0.07","0.5884","C"
"4","Trait5","mrMLM","NsiI.TP573302","11","16219","-5.2278e-06","0.0011","A"
"4","Trait5","mrMLM","NsiI.TP573303","11","16220","-1.7176e-05","0.0038","A"
"4","Trait5","mrMLM","NsiI.TP573478","11","16222","1.68e-05","0.0037","C"
"4","Trait5","mrMLM","NsiI.TP573649","11","16224","-1.5937e-05","0.0035","A"
"4","Trait5","mrMLM","NsiI.TP573660","11","16225","-1.8909e-05","0.0041","C"
"4","Trait5","mrMLM","NsiI.TP573662","11","16226","1.3142e-05","0.0029","C"
"4","Trait5","mrMLM","NsiI.TP573669","11","16227","0.0806","1.0233","A"
"4","Trait5","mrMLM","NsiI.TP573714","11","16228","-3.8509e-06","8e-04","C"
"4","Trait5","mrMLM","NsiI.TP573833","11","16230","-9.8747e-06","0.0022","C"
"4","Trait5","mrMLM","NsiI.TP573866","11","16231","0.0493","0.5978","C"
"4","Trait5","mrMLM","NsiI.TP573888","11","16232","6.7761e-06","0.0015","A"
"4","Trait5","mrMLM","NsiI.TP573978","11","16233","-8.8638e-06","0.0019","A"
"4","Trait5","mrMLM","NsiI.TP574075","11","16234","2.4777e-05","0.0054","G"
"4","Trait5","mrMLM","NsiI.TP574129","11","16236","0.1695","0.7728","A"
"4","Trait5","mrMLM","NsiI.TP574209","11","16239","-0.0447","0.5218","G"
"4","Trait5","mrMLM","NsiI.TP574299","11","16241","2.63e-05","0.0058","A"
"4","Trait5","mrMLM","NsiI.TP574340","11","16242","9.8432e-06","0.0021","C"
"4","Trait5","mrMLM","NsiI.TP574385","11","16243","1.6809e-05","0.0037","A"
"4","Trait5","mrMLM","NsiI.TP574451","11","16244","-2.3964e-06","5e-04","C"
"4","Trait5","mrMLM","NsiI.TP574469","11","16245","1.5193e-05","0.0033","C"
"4","Trait5","mrMLM","NsiI.TP574645","11","16246","0.1528","1.068","C"
"4","Trait5","mrMLM","NsiI.TP574692","11","16247","2.2074e-06","5e-04","A"
"4","Trait5","mrMLM","NsiI.TP574701","11","16248","-1.6523e-05","0.0036","C"
"4","Trait5","mrMLM","NsiI.TP574965","11","16251","6.8149e-06","0.0015","A"
"4","Trait5","mrMLM","NsiI.TP574976","11","16252","-1.8703e-06","4e-04","C"
"4","Trait5","mrMLM","NsiI.TP575062","11","16254","3.0926e-06","7e-04","A"
"4","Trait5","mrMLM","NsiI.TP575085","11","16255","0.0894","0.5947","C"
"4","Trait5","mrMLM","NsiI.TP575308","11","16256","0.099","0.7841","A"
"4","Trait5","mrMLM","NsiI.TP575345","11","16257","-0.1686","1.3914","A"
"4","Trait5","mrMLM","NsiI.TP575349","11","16258","4.5105e-06","0.001","C"
"4","Trait5","mrMLM","NsiI.TP575388","11","16259","-0.0782","0.6987","C"
"4","Trait5","mrMLM","NsiI.TP575453","11","16260","0.0155","0.2435","G"
"4","Trait5","mrMLM","NsiI.TP575463","11","16261","-1.8134e-06","4e-04","A"
"4","Trait5","mrMLM","NsiI.TP575488","11","16262","9.1463e-06","0.002","A"
"4","Trait5","mrMLM","NsiI.TP575535","11","16263","-1.462e-05","0.0032","G"
"4","Trait5","mrMLM","NsiI.TP575545","11","16264","1.0064e-05","0.0022","G"
"4","Trait5","mrMLM","NsiI.TP575552","11","16265","-0.1335","0.8387","C"
"4","Trait5","mrMLM","NsiI.TP575575","11","16267","-0.003","0.0729","C"
"4","Trait5","mrMLM","NsiI.TP575726","11","16268","-0.1118","0.5127","C"
"4","Trait5","mrMLM","NsiI.TP575751","11","16269","2.5342e-05","0.0056","A"
"4","Trait5","mrMLM","NsiI.TP575768","11","16270","0.0885","1.2611","A"
"4","Trait5","mrMLM","NsiI.TP575792","11","16271","2.0916e-05","0.0046","C"
"4","Trait5","mrMLM","NsiI.TP575793","11","16272","7.8232e-06","0.0017","A"
"4","Trait5","mrMLM","NsiI.TP575805","11","16273","2.997e-05","0.0066","A"
"4","Trait5","mrMLM","NsiI.TP575918","11","16274","-1.5436e-06","3e-04","C"
"4","Trait5","mrMLM","NsiI.TP576054","11","16277","2.6664e-06","6e-04","A"
"4","Trait5","mrMLM","NsiI.TP576062","11","16278","-4.6328e-06","0.001","A"
"4","Trait5","mrMLM","NsiI.TP576091","11","16279","-0.078","0.5467","C"
"4","Trait5","mrMLM","NsiI.TP576104","11","16280","0.0012","0.0416","A"
"4","Trait5","mrMLM","NsiI.TP576156","11","16282","-0.0251","0.3325","C"
"4","Trait5","mrMLM","NsiI.TP576201","11","16284","0.3444","1.1655","C"
"4","Trait5","mrMLM","NsiI.TP576404","11","16288","3.1073e-05","0.0068","A"
"4","Trait5","mrMLM","NsiI.TP576769","11","16291","-3.3609e-05","0.0074","C"
"4","Trait5","mrMLM","NsiI.TP577089","11","16295","-1.9538e-06","4e-04","A"
"4","Trait5","mrMLM","NsiI.TP577247","11","16299","1.4808e-05","0.0032","C"
"4","Trait5","mrMLM","NsiI.TP577256","11","16300","-2.6447e-06","6e-04","C"
"4","Trait5","mrMLM","NsiI.TP577298","11","16301","0.0945","1.0185","A"
"4","Trait5","mrMLM","NsiI.TP577332","11","16302","1.9174e-06","4e-04","A"
"4","Trait5","mrMLM","NsiI.TP577558","11","16305","0.0339","0.3121","A"
"4","Trait5","mrMLM","NsiI.TP577638","11","16306","0.2019","1.4766","C"
"4","Trait5","mrMLM","NsiI.TP577703","11","16308","-0.0196","0.279","A"
"4","Trait5","mrMLM","NsiI.TP577813","11","16309","-7.3743e-06","0.0016","C"
"4","Trait5","mrMLM","NsiI.TP577863","11","16311","-7.9468e-07","2e-04","A"
"4","Trait5","mrMLM","NsiI.TP578137","11","16313","5.1928e-06","0.0011","C"
"4","Trait5","mrMLM","NsiI.TP578256","11","16314","0.2063","1.7822","A"
"4","Trait5","mrMLM","NsiI.TP578274","11","16315","4.0722e-06","9e-04","C"
"4","Trait5","mrMLM","NsiI.TP578276","11","16316","-0.064","0.5097","A"
"4","Trait5","mrMLM","NsiI.TP578323","11","16317","8.3608e-06","0.0018","C"
"4","Trait5","mrMLM","NsiI.TP578596","11","16318","-3.511e-07","7.6413e-05","A"
"4","Trait5","mrMLM","NsiI.TP578663","11","16319","-0.1118","1.1511","G"
"4","Trait5","mrMLM","NsiI.TP578731","11","16320","-1.1952e-05","0.0026","C"
"4","Trait5","mrMLM","NsiI.TP578786","11","16321","4.6042e-07","1e-04","A"
"4","Trait5","mrMLM","NsiI.TP578796","11","16322","-1.3402e-05","0.0029","A"
"4","Trait5","mrMLM","NsiI.TP579123","11","16327","-3.3143e-06","7e-04","C"
"4","Trait5","mrMLM","NsiI.TP579131","11","16328","1.5482e-05","0.0034","A"
"4","Trait5","mrMLM","NsiI.TP579729","11","16329","-3.9093e-06","9e-04","C"
"4","Trait5","mrMLM","NsiI.TP579755","11","16330","0.097","0.9734","A"
"4","Trait5","mrMLM","NsiI.TP579839","11","16331","-9.7823e-06","0.0021","A"
"4","Trait5","mrMLM","NsiI.TP579934","11","16333","-0.098","0.4428","A"
"4","Trait5","mrMLM","NsiI.TP579953","11","16334","2.1605e-05","0.0047","C"
"4","Trait5","mrMLM","NsiI.TP580072","11","16335","-8.8186e-06","0.0019","A"
"4","Trait5","mrMLM","NsiI.TP580128","11","16336","-5.4803e-06","0.0012","G"
"4","Trait5","mrMLM","NsiI.TP580142","11","16337","-1.3236e-06","3e-04","G"
"4","Trait5","mrMLM","NsiI.TP580222","11","16338","0.0506","0.3161","A"
"4","Trait5","mrMLM","NsiI.TP580320","11","16340","-1.7543e-05","0.0038","A"
"4","Trait5","mrMLM","NsiI.TP580399","11","16343","-0.0422","0.5263","A"
"4","Trait5","mrMLM","NsiI.TP580449","11","16344","0.0212","0.3082","A"
"4","Trait5","mrMLM","NsiI.TP580482","11","16346","-1.5528e-05","0.0034","C"
"4","Trait5","mrMLM","NsiI.TP580592","11","16348","-0.0539","0.6059","C"
"4","Trait5","mrMLM","NsiI.TP580840","11","16350","1.5231e-05","0.0033","A"
"4","Trait5","mrMLM","NsiI.TP580989","11","16351","-0.0267","0.2863","C"
"4","Trait5","mrMLM","NsiI.TP581113","11","16352","-0.2473","1.3873","C"
"4","Trait5","mrMLM","NsiI.TP581122","11","16353","1.0102e-05","0.0022","A"
"4","Trait5","mrMLM","NsiI.TP581125","11","16354","0.2918","1.0027","C"
"4","Trait5","mrMLM","NsiI.TP581126","11","16355","-4.4169e-06","0.001","A"
"4","Trait5","mrMLM","NsiI.TP581162","11","16357","-1.9329e-06","4e-04","A"
"4","Trait5","mrMLM","NsiI.TP581525","11","16358","0.0535","0.3951","C"
"4","Trait5","mrMLM","NsiI.TP581753","11","16359","-1.0542e-05","0.0023","A"
"4","Trait5","mrMLM","NsiI.TP581799","11","16360","-9.2737e-06","0.002","C"
"4","Trait5","mrMLM","NsiI.TP581891","11","16361","-7.2937e-06","0.0016","C"
"4","Trait5","mrMLM","NsiI.TP581916","11","16362","-1.0562e-05","0.0023","A"
"4","Trait5","mrMLM","NsiI.TP581922","11","16363","6.9699e-06","0.0015","G"
"4","Trait5","mrMLM","NsiI.TP582062","11","16365","-1.0298e-05","0.0022","A"
"4","Trait5","mrMLM","NsiI.TP582088","11","16366","-2.301e-05","0.005","G"
"4","Trait5","mrMLM","NsiI.TP582335","11","16367","1.4741e-07","3.208e-05","C"
"4","Trait5","mrMLM","NsiI.TP582401","11","16368","1.3298e-05","0.0029","A"
"4","Trait5","mrMLM","NsiI.TP582416","11","16369","0.059","0.4681","A"
"4","Trait5","mrMLM","NsiI.TP582470","11","16370","-0.4051","1.8857","C"
"4","Trait5","mrMLM","NsiI.TP582727","11","16371","0.0037","0.0779","A"
"4","Trait5","mrMLM","NsiI.TP582757","11","16372","8.243e-06","0.0018","C"
"4","Trait5","mrMLM","NsiI.TP583084","11","16374","0.0054","0.1165","A"
"4","Trait5","mrMLM","NsiI.TP583138","11","16375","0.0111","0.181","A"
"4","Trait5","mrMLM","NsiI.TP583303","11","16376","-1.3552e-05","0.003","G"
"4","Trait5","mrMLM","NsiI.TP583342","11","16377","0.0906","0.8923","A"
"4","Trait5","mrMLM","NsiI.TP583477","11","16381","-0.0666","0.4959","C"
"4","Trait5","mrMLM","NsiI.TP583926","11","16382","6.0947e-07","1e-04","A"
"4","Trait5","mrMLM","NsiI.TP584137","11","16383","-6.999e-06","0.0015","A"
"4","Trait5","mrMLM","NsiI.TP585329","11","16386","-2.2138e-06","5e-04","A"
"4","Trait5","mrMLM","NsiI.TP585644","11","16388","1.8857e-05","0.0041","A"
"4","Trait5","mrMLM","NsiI.TP585786","11","16389","2.7613e-06","6e-04","C"
"4","Trait5","mrMLM","NsiI.TP585802","11","16390","-1.6972e-05","0.0037","A"
"4","Trait5","mrMLM","NsiI.TP585806","11","16391","-1.0072e-05","0.0022","G"
"4","Trait5","mrMLM","NsiI.TP585921","11","16393","-0.0901","0.609","A"
"4","Trait5","mrMLM","NsiI.TP585963","11","16394","8.4525e-06","0.0018","C"
"4","Trait5","mrMLM","NsiI.TP586154","11","16396","2.6104e-06","6e-04","C"
"4","Trait5","mrMLM","NsiI.TP586184","11","16397","-6.9163e-06","0.0015","C"
"4","Trait5","mrMLM","NsiI.TP586241","11","16398","-0.0491","0.5006","C"
"4","Trait5","mrMLM","NsiI.TP586284","11","16399","0.0702","0.4388","C"
"4","Trait5","mrMLM","NsiI.TP586319","11","16400","2.2259e-06","5e-04","A"
"4","Trait5","mrMLM","NsiI.TP586462","11","16404","-6.4098e-07","1e-04","A"
"4","Trait5","mrMLM","NsiI.TP586696","11","16407","-1.8553e-06","4e-04","C"
"4","Trait5","mrMLM","NsiI.TP586741","11","16408","-0.1068","1.0355","A"
"4","Trait5","mrMLM","NsiI.TP586798","11","16409","-0.1307","0.5372","C"
"4","Trait5","mrMLM","NsiI.TP586971","11","16413","4.4763e-06","0.001","C"
"4","Trait5","mrMLM","NsiI.TP587080","11","16414","-1.9695e-05","0.0043","C"
"4","Trait5","mrMLM","NsiI.TP587144","11","16415","-6.2408e-06","0.0014","A"
"4","Trait5","mrMLM","NsiI.TP587155","11","16416","-1.4891e-05","0.0033","C"
"4","Trait5","mrMLM","NsiI.TP587189","11","16417","1.9715e-05","0.0043","C"
"4","Trait5","mrMLM","NsiI.TP587241","11","16420","0.097","0.6933","A"
"4","Trait5","mrMLM","NsiI.TP587255","11","16421","-0.0923","0.5003","C"
"4","Trait5","mrMLM","NsiI.TP587419","11","16422","0.0604","0.5015","A"
"4","Trait5","mrMLM","NsiI.TP587467","11","16423","-1.8444e-05","0.004","A"
"4","Trait5","mrMLM","NsiI.TP587515","11","16424","2.4938e-05","0.0055","A"
"4","Trait5","mrMLM","NsiI.TP587530","11","16425","8.7089e-06","0.0019","C"
"4","Trait5","mrMLM","NsiI.TP587756","11","16426","0.1436","1.3153","A"
"4","Trait5","mrMLM","NsiI.TP588036","11","16427","-4.7199e-06","0.001","A"
"4","Trait5","mrMLM","NsiI.TP588093","11","16429","3.1675e-05","0.0069","A"
"4","Trait5","mrMLM","NsiI.TP588155","11","16431","-1.3184e-07","2.8693e-05","A"
"4","Trait5","mrMLM","NsiI.TP588293","11","16434","2.0697e-05","0.0045","C"
"4","Trait5","mrMLM","NsiI.TP588477","11","16436","-4.2604e-06","9e-04","C"
"4","Trait5","mrMLM","NsiI.TP588558","11","16439","1.3723e-06","3e-04","C"
"4","Trait5","mrMLM","NsiI.TP588850","11","16441","-1.5044e-05","0.0033","C"
"4","Trait5","mrMLM","NsiI.TP588853","11","16442","-2.2302e-06","5e-04","C"
"4","Trait5","mrMLM","NsiI.TP588898","11","16444","2.9432e-07","6.4054e-05","A"
"4","Trait5","mrMLM","NsiI.TP589200","11","16448","0.0726","0.5499","A"
"4","Trait5","mrMLM","NsiI.TP589254","11","16449","-0.2774","1.6153","A"
"4","Trait5","mrMLM","NsiI.TP589380","11","16451","0.0556","0.5256","A"
"4","Trait5","mrMLM","NsiI.TP589453","11","16452","2.3535e-05","0.0052","A"
"4","Trait5","mrMLM","NsiI.TP589504","11","16454","-5.2755e-06","0.0011","A"
"4","Trait5","mrMLM","NsiI.TP589515","11","16455","-0.0785","0.969","G"
"4","Trait5","mrMLM","NsiI.TP589600","11","16457","-3.1934e-06","7e-04","A"
"4","Trait5","mrMLM","NsiI.TP589706","11","16459","1.9472e-05","0.0043","C"
"4","Trait5","mrMLM","NsiI.TP589931","11","16460","2.3521e-05","0.0052","A"
"4","Trait5","mrMLM","NsiI.TP590310","11","16463","-0.0779","1.044","A"
"4","Trait5","mrMLM","NsiI.TP590487","11","16465","-4.2905e-06","9e-04","C"
"4","Trait5","mrMLM","NsiI.TP590493","11","16466","-0.4175","1.5518","A"
"4","Trait5","mrMLM","NsiI.TP590511","11","16467","5.4041e-06","0.0012","C"
"4","Trait5","mrMLM","NsiI.TP590629","11","16468","-3.8463e-06","8e-04","A"
"4","Trait5","mrMLM","NsiI.TP590649","11","16469","0.1679","1.1691","C"
"4","Trait5","mrMLM","NsiI.TP590667","11","16470","-0.0233","0.3253","C"
"4","Trait5","mrMLM","NsiI.TP590834","11","16472","1.0588e-06","2e-04","A"
"4","Trait5","mrMLM","NsiI.TP591041","11","16473","4.105e-06","9e-04","A"
"4","Trait5","mrMLM","NsiI.TP591513","11","16474","4.3339e-06","9e-04","A"
"4","Trait5","mrMLM","NsiI.TP591531","11","16475","-3.7911e-06","8e-04","A"
"4","Trait5","mrMLM","NsiI.TP591569","11","16476","1.4279e-05","0.0031","G"
"4","Trait5","mrMLM","NsiI.TP591705","11","16477","-1.8778e-06","4e-04","C"
"4","Trait5","mrMLM","NsiI.TP591715","11","16478","-0.0817","0.5279","G"
"4","Trait5","mrMLM","NsiI.TP591948","11","16479","-0.016","0.1524","C"
"4","Trait5","mrMLM","NsiI.TP591999","11","16480","-5.575e-06","0.0012","C"
"4","Trait5","mrMLM","NsiI.TP592127","11","16481","0.0922","1.195","G"
"4","Trait5","mrMLM","NsiI.TP592252","11","16482","0.0816","0.4098","A"
"4","Trait5","mrMLM","NsiI.TP592384","11","16483","0.0957","1.0177","A"
"4","Trait5","mrMLM","NsiI.TP592674","11","16485","-0.142","1.34","C"
"4","Trait5","mrMLM","NsiI.TP592768","11","16486","4.8097e-07","1e-04","A"
"4","Trait5","mrMLM","NsiI.TP592770","11","16487","6.1011e-06","0.0013","C"
"4","Trait5","mrMLM","NsiI.TP592813","11","16488","0.0382","0.4818","A"
"4","Trait5","mrMLM","NsiI.TP592858","11","16489","-1.1497e-07","2.502e-05","A"
"4","Trait5","mrMLM","NsiI.TP593024","11","16491","0.0383","0.2411","A"
"4","Trait5","mrMLM","NsiI.TP593087","11","16492","0.09","0.6321","C"
"4","Trait5","mrMLM","NsiI.TP593090","11","16493","-0.5503","2.1343","A"
"4","Trait5","mrMLM","NsiI.TP593169","11","16495","1.7523e-05","0.0038","A"
"4","Trait5","mrMLM","NsiI.TP593384","11","16498","1.2617e-05","0.0028","A"
"4","Trait5","mrMLM","NsiI.TP593488","11","16500","-7.5119e-06","0.0016","G"
"4","Trait5","mrMLM","NsiI.TP593646","11","16501","-1.8495e-05","0.004","A"
"4","Trait5","mrMLM","NsiI.TP593680","11","16502","1.7891e-06","4e-04","C"
"4","Trait5","mrMLM","NsiI.TP593790","11","16503","9.8712e-07","2e-04","C"
"4","Trait5","mrMLM","NsiI.TP593806","11","16504","-2.8542e-05","0.0063","A"
"4","Trait5","mrMLM","NsiI.TP593841","11","16505","1.1644e-05","0.0025","C"
"4","Trait5","mrMLM","NsiI.TP593923","11","16507","1.233e-05","0.0027","A"
"4","Trait5","mrMLM","NsiI.TP593990","11","16509","-7.7732e-06","0.0017","A"
"4","Trait5","mrMLM","NsiI.TP594165","11","16512","0.1553","0.9068","A"
"4","Trait5","mrMLM","NsiI.TP594320","11","16513","1.3533e-05","0.003","C"
"4","Trait5","mrMLM","NsiI.TP594384","11","16514","6.7171e-06","0.0015","C"
"4","Trait5","mrMLM","NsiI.TP594414","11","16515","0.1284","1.0591","A"
"4","Trait5","mrMLM","NsiI.TP594531","11","16516","0.2423","1.1528","C"
"4","Trait5","mrMLM","NsiI.TP594561","11","16517","1.6307e-05","0.0036","C"
"4","Trait5","mrMLM","NsiI.TP594686","11","16518","2.494e-05","0.0055","A"
"4","Trait5","mrMLM","NsiI.TP594737","11","16519","-2.5282e-05","0.0055","C"
"4","Trait5","mrMLM","NsiI.TP594811","11","16521","0.0741","0.3389","C"
"4","Trait5","mrMLM","NsiI.TP594829","11","16522","7.3922e-07","2e-04","C"
"4","Trait5","mrMLM","NsiI.TP594863","11","16524","0.0621","0.7332","A"
"4","Trait5","mrMLM","NsiI.TP595006","11","16525","-1.1097e-05","0.0024","C"
"4","Trait5","mrMLM","NsiI.TP595014","11","16526","-2.9915e-05","0.0066","A"
"4","Trait5","mrMLM","NsiI.TP595109","11","16527","7.4658e-06","0.0016","C"
"4","Trait5","mrMLM","NsiI.TP595384","11","16529","2.8425e-05","0.0062","A"
"4","Trait5","mrMLM","NsiI.TP595390","11","16530","3.9476e-06","9e-04","A"
"4","Trait5","mrMLM","NsiI.TP595658","11","16531","-1.5462e-05","0.0034","A"
"4","Trait5","mrMLM","NsiI.TP595750","11","16532","0.0275","0.2173","G"
"4","Trait5","mrMLM","NsiI.TP595901","11","16534","8.6884e-06","0.0019","C"
"4","Trait5","mrMLM","NsiI.TP596197","11","16537","1.5244e-05","0.0033","A"
"4","Trait5","mrMLM","NsiI.TP596267","11","16539","0.2025","1.4277","A"
"4","Trait5","mrMLM","NsiI.TP596342","11","16540","7.7702e-06","0.0017","C"
"4","Trait5","mrMLM","NsiI.TP596384","11","16541","-1.1938e-06","3e-04","A"
"4","Trait5","mrMLM","NsiI.TP596396","11","16542","-0.0104","0.1163","A"
"4","Trait5","mrMLM","NsiI.TP596563","11","16543","-3.8307e-06","8e-04","C"
"4","Trait5","mrMLM","NsiI.TP596570","11","16544","-0.0805","0.8603","C"
"4","Trait5","mrMLM","NsiI.TP596667","11","16545","1.8141e-05","0.004","A"
"4","Trait5","mrMLM","NsiI.TP596706","11","16547","-0.0195","0.1444","A"
"4","Trait5","mrMLM","NsiI.TP596730","11","16548","0.197","0.6347","C"
"4","Trait5","mrMLM","NsiI.TP596740","11","16549","1.8133e-05","0.004","C"
"4","Trait5","mrMLM","NsiI.TP596843","11","16550","-3.8114e-06","8e-04","A"
"4","Trait5","mrMLM","NsiI.TP596942","11","16551","-2.2459e-05","0.0049","C"
"4","Trait5","mrMLM","NsiI.TP596953","11","16552","-0.0476","0.4428","G"
"4","Trait5","mrMLM","NsiI.TP596977","11","16553","1.8824e-05","0.0041","A"
"4","Trait5","mrMLM","NsiI.TP597022","11","16554","-1.7802e-05","0.0039","A"
"4","Trait5","mrMLM","NsiI.TP597108","11","16555","1.3351e-05","0.0029","A"
"4","Trait5","mrMLM","NsiI.TP597128","11","16556","0.0262","0.3312","C"
"4","Trait5","mrMLM","NsiI.TP597148","11","16557","-2.4552e-06","5e-04","A"
"4","Trait5","mrMLM","NsiI.TP597883","11","16559","-1.1442e-05","0.0025","A"
"4","Trait5","mrMLM","NsiI.TP597930","11","16560","-3.4387e-05","0.0075","A"
"4","Trait5","mrMLM","NsiI.TP597932","11","16561","-1.1108e-05","0.0024","A"
"4","Trait5","mrMLM","NsiI.TP598190","11","16562","0.0701","0.3843","A"
"4","Trait5","mrMLM","NsiI.TP598195","11","16564","-2.7277e-05","0.006","A"
"4","Trait5","mrMLM","NsiI.TP598196","11","16565","-0.1158","0.8789","C"
"4","Trait5","mrMLM","NsiI.TP598360","11","16566","-1.4924e-06","3e-04","A"
"4","Trait5","mrMLM","NsiI.TP600920","11","16571","9.5501e-06","0.0021","A"
"4","Trait5","mrMLM","NsiI.TP600968","11","16572","-0.0533","0.6857","C"
"4","Trait5","mrMLM","NsiI.TP601016","11","16573","-3.5927e-05","0.0079","C"
"4","Trait5","mrMLM","NsiI.TP601367","11","16575","-1.2651e-05","0.0028","C"
"4","Trait5","mrMLM","NsiI.TP601392","11","16576","-1.2443e-05","0.0027","A"
"4","Trait5","mrMLM","NsiI.TP601395","11","16577","-0.0363","0.3671","A"
"4","Trait5","mrMLM","NsiI.TP601413","11","16579","7.732e-06","0.0017","A"
"4","Trait5","mrMLM","NsiI.TP601451","11","16580","0.0576","0.5941","G"
"4","Trait5","mrMLM","NsiI.TP601527","11","16581","8.4933e-06","0.0019","C"
"4","Trait5","mrMLM","NsiI.TP601558","11","16582","0.0773","0.8382","C"
"4","Trait5","mrMLM","NsiI.TP601669","11","16583","-0.1313","0.848","G"
"4","Trait5","mrMLM","NsiI.TP601760","11","16584","2.8318e-06","6e-04","A"
"4","Trait5","mrMLM","NsiI.TP601900","11","16586","-1.2592e-05","0.0027","A"
"4","Trait5","mrMLM","NsiI.TP602038","11","16589","1.7142e-05","0.0037","A"
"4","Trait5","mrMLM","NsiI.TP602124","11","16590","-0.0113","0.114","C"
"4","Trait5","mrMLM","NsiI.TP602239","11","16592","1.7177e-05","0.0038","C"
"4","Trait5","mrMLM","NsiI.TP602555","11","16594","-1.4177e-05","0.0031","A"
"4","Trait5","mrMLM","NsiI.TP602795","11","16596","-1.106e-05","0.0024","A"
"4","Trait5","mrMLM","NsiI.TP603177","11","16598","-9.3642e-06","0.002","A"
"4","Trait5","mrMLM","NsiI.TP603324","11","16601","-0.0152","0.1751","C"
"4","Trait5","mrMLM","NsiI.TP603331","11","16602","-6.9771e-06","0.0015","A"
"4","Trait5","mrMLM","NsiI.TP603392","11","16603","8.4887e-06","0.0019","C"
"4","Trait5","mrMLM","NsiI.TP603431","11","16604","-1.4897e-05","0.0033","C"
"4","Trait5","mrMLM","NsiI.TP603605","11","16605","0.0287","0.3768","C"
"4","Trait5","mrMLM","NsiI.TP603896","11","16606","-4.3982e-06","0.001","C"
"4","Trait5","mrMLM","NsiI.TP604461","11","16608","2.5836e-05","0.0057","A"
"4","Trait5","mrMLM","NsiI.TP604674","11","16609","4.9805e-06","0.0011","C"
"4","Trait5","mrMLM","NsiI.TP604677","11","16610","-0.0849","0.4099","C"
"4","Trait5","mrMLM","NsiI.TP604699","11","16612","1.6873e-06","4e-04","A"
"4","Trait5","mrMLM","NsiI.TP604818","11","16613","0.118","1.1081","C"
"4","Trait5","mrMLM","NsiI.TP604856","11","16614","-0.1109","0.7756","C"
"4","Trait5","mrMLM","NsiI.TP604867","11","16615","4.7712e-06","0.001","C"
"4","Trait5","mrMLM","NsiI.TP604879","11","16616","-2.5076e-06","5e-04","A"
"4","Trait5","mrMLM","NsiI.TP606622","11","16617","-6.3226e-06","0.0014","C"
"4","Trait5","mrMLM","NsiI.TP607129","11","16619","-2.1035e-06","5e-04","C"
"4","Trait5","mrMLM","NsiI.TP607236","11","16621","0.0345","0.4404","A"
"4","Trait5","mrMLM","NsiI.TP607301","11","16622","-4.4662e-05","0.0098","C"
"4","Trait5","mrMLM","NsiI.TP607388","11","16623","9.5133e-06","0.0021","C"
"4","Trait5","mrMLM","NsiI.TP607501","11","16624","-1.4212e-05","0.0031","C"
"4","Trait5","mrMLM","NsiI.TP607518","11","16625","2.1948e-05","0.0048","A"
"4","Trait5","mrMLM","NsiI.TP607584","11","16627","-2.7153e-05","0.006","A"
"4","Trait5","mrMLM","NsiI.TP607652","11","16628","1.2617e-05","0.0028","A"
"4","Trait5","mrMLM","NsiI.TP607896","11","16630","3.2193e-06","7e-04","C"
"4","Trait5","mrMLM","NsiI.TP607913","11","16631","-4.6185e-06","0.001","A"
"4","Trait5","mrMLM","NsiI.TP607946","11","16632","1.7244e-05","0.0038","A"
"4","Trait5","mrMLM","NsiI.TP607962","11","16633","8.0668e-06","0.0018","C"
"4","Trait5","mrMLM","NsiI.TP608096","11","16635","0.0064","0.0849","C"
"4","Trait5","mrMLM","NsiI.TP608141","11","16636","-9.4118e-06","0.0021","A"
"4","Trait5","mrMLM","NsiI.TP608142","11","16637","-1.8437e-05","0.004","C"
"4","Trait5","mrMLM","NsiI.TP608212","11","16638","1.3346e-06","3e-04","A"
"4","Trait5","mrMLM","NsiI.TP608296","11","16639","0.0391","0.328","C"
"4","Trait5","mrMLM","NsiI.TP608905","11","16642","7.6294e-06","0.0017","C"
"4","Trait5","mrMLM","NsiI.TP608909","11","16643","-1.4483e-05","0.0032","C"
"4","Trait5","mrMLM","NsiI.TP608990","11","16644","1.4028e-06","3e-04","A"
"4","Trait5","mrMLM","NsiI.TP609177","11","16646","1.2052e-05","0.0026","A"
"4","Trait5","mrMLM","NsiI.TP609205","11","16649","-8.45e-06","0.0018","A"
"4","Trait5","mrMLM","NsiI.TP609371","11","16650","-0.0834","0.4418","C"
"4","Trait5","mrMLM","NsiI.TP609460","11","16651","-0.0023","0.0638","A"
"4","Trait5","mrMLM","NsiI.TP609518","11","16652","-2.4315e-05","0.0053","G"
"4","Trait5","mrMLM","NsiI.TP609527","11","16653","-4.7183e-06","0.001","A"
"4","Trait5","mrMLM","NsiI.TP609545","11","16654","-6.59e-07","1e-04","C"
"4","Trait5","mrMLM","NsiI.TP609571","11","16656","0.1296","1.6488","C"
"4","Trait5","mrMLM","NsiI.TP609614","11","16658","0.2627","0.8427","A"
"4","Trait5","mrMLM","NsiI.TP609765","11","16661","1.2565e-05","0.0027","G"
"4","Trait5","mrMLM","NsiI.TP609786","11","16662","2.4405e-05","0.0053","C"
"4","Trait5","mrMLM","NsiI.TP610250","11","16665","0.0627","0.4835","C"
"4","Trait5","mrMLM","NsiI.TP610773","11","16669","6.0902e-06","0.0013","A"
"4","Trait5","mrMLM","NsiI.TP610781","11","16670","2.4586e-05","0.0054","A"
"4","Trait5","mrMLM","NsiI.TP610792","11","16671","0.1188","0.5346","A"
"4","Trait5","mrMLM","NsiI.TP610850","11","16672","-0.0378","0.44","C"
"4","Trait5","mrMLM","NsiI.TP610903","11","16674","-0.1433","0.6706","C"
"4","Trait5","mrMLM","NsiI.TP610931","11","16675","0.0308","0.228","A"
"4","Trait5","mrMLM","NsiI.TP610964","11","16676","-1.3912e-05","0.003","C"
"4","Trait5","mrMLM","NsiI.TP610976","11","16677","1.9589e-05","0.0043","A"
"4","Trait5","mrMLM","NsiI.TP611071","11","16678","0.1274","0.5259","C"
"4","Trait5","mrMLM","NsiI.TP611072","11","16679","1.5759e-06","3e-04","A"
"4","Trait5","mrMLM","NsiI.TP611104","11","16680","2.148e-05","0.0047","C"
"4","Trait5","mrMLM","NsiI.TP611113","11","16681","-2.3463e-06","5e-04","A"
"4","Trait5","mrMLM","NsiI.TP611124","11","16682","-6.6852e-06","0.0015","C"
"4","Trait5","mrMLM","NsiI.TP611127","11","16683","2.7106e-05","0.0059","A"
"4","Trait5","mrMLM","NsiI.TP611135","11","16684","-7.7869e-06","0.0017","C"
"4","Trait5","mrMLM","NsiI.TP611205","11","16686","-7.8811e-06","0.0017","A"
"4","Trait5","mrMLM","NsiI.TP611218","11","16687","9.0353e-06","0.002","G"
"4","Trait5","mrMLM","NsiI.TP611274","11","16688","-0.1044","1.362","C"
"4","Trait5","mrMLM","NsiI.TP611360","11","16689","-4.2865e-06","9e-04","A"
"4","Trait5","mrMLM","NsiI.TP611579","11","16691","-0.1209","1.0139","C"
"4","Trait5","mrMLM","NsiI.TP611679","11","16692","-1.8381e-05","0.004","A"
"4","Trait5","mrMLM","NsiI.TP611723","11","16693","-0.0531","0.5386","A"
"4","Trait5","mrMLM","NsiI.TP611766","11","16695","-2.5453e-05","0.0056","C"
"4","Trait5","mrMLM","NsiI.TP611846","11","16697","1.1026e-06","2e-04","C"
"4","Trait5","mrMLM","NsiI.TP611938","11","16698","-1.2828e-05","0.0028","G"
"4","Trait5","mrMLM","NsiI.TP611990","11","16699","2.6957e-06","6e-04","C"
"4","Trait5","mrMLM","NsiI.TP612538","11","16700","-1.8267e-05","0.004","A"
"4","Trait5","mrMLM","NsiI.TP612544","11","16701","1.6971e-06","4e-04","A"
"4","Trait5","mrMLM","NsiI.TP613067","11","16703","-0.0392","0.2983","A"
"4","Trait5","mrMLM","NsiI.TP613613","11","16704","1.8388e-06","4e-04","A"
"4","Trait5","mrMLM","NsiI.TP613708","11","16706","-2.1942e-05","0.0048","A"
"4","Trait5","mrMLM","NsiI.TP615056","11","16710","1.3224e-05","0.0029","A"
"4","Trait5","mrMLM","NsiI.TP615077","11","16711","-8.4501e-06","0.0018","C"
"4","Trait5","mrMLM","NsiI.TP615209","11","16712","2.9106e-05","0.0064","A"
"4","Trait5","mrMLM","NsiI.TP615287","11","16713","1.733e-05","0.0038","A"
"4","Trait5","mrMLM","NsiI.TP615471","11","16714","-8.3854e-06","0.0018","C"
"4","Trait5","mrMLM","NsiI.TP615473","11","16715","1.5621e-05","0.0034","C"
"4","Trait5","mrMLM","NsiI.TP615582","11","16716","-0.0062","0.1051","A"
"4","Trait5","mrMLM","NsiI.TP615728","11","16717","-1.6492e-06","4e-04","A"
"4","Trait5","mrMLM","NsiI.TP615800","11","16718","0.0673","0.8014","C"
"4","Trait5","mrMLM","NsiI.TP615914","11","16719","-3.2232e-05","0.0071","C"
"4","Trait5","mrMLM","NsiI.TP615964","11","16720","-1.3178e-05","0.0029","C"
"4","Trait5","mrMLM","NsiI.TP615967","11","16721","0.0494","0.5366","C"
"4","Trait5","mrMLM","NsiI.TP616142","11","16722","-1.6879e-05","0.0037","A"
"4","Trait5","mrMLM","NsiI.TP616246","11","16724","0.0835","0.4377","A"
"4","Trait5","mrMLM","NsiI.TP616283","11","16725","2.0814e-05","0.0046","C"
"4","Trait5","mrMLM","NsiI.TP616299","11","16726","8.4436e-08","1.8377e-05","A"
"4","Trait5","mrMLM","NsiI.TP616403","11","16728","-0.0513","0.3741","A"
"4","Trait5","mrMLM","NsiI.TP616493","11","16729","3.0171e-05","0.0066","A"
"4","Trait5","mrMLM","NsiI.TP616532","11","16731","-3.1886e-05","0.007","C"
"4","Trait5","mrMLM","NsiI.TP616540","11","16732","-2.3054e-05","0.005","A"
"4","Trait5","mrMLM","NsiI.TP616969","11","16736","-3.4009e-05","0.0075","C"
"4","Trait5","mrMLM","NsiI.TP617041","11","16737","-6.2057e-06","0.0014","C"
"4","Trait5","mrMLM","NsiI.TP617054","11","16738","-3.0193e-05","0.0066","C"
"4","Trait5","mrMLM","NsiI.TP617179","11","16740","3.2833e-05","0.0072","A"
"4","Trait5","mrMLM","NsiI.TP617340","11","16741","4.6414e-06","0.001","A"
"4","Trait5","mrMLM","NsiI.TP617432","11","16742","1.7719e-06","4e-04","G"
"4","Trait5","mrMLM","NsiI.TP617560","11","16745","1.7292e-05","0.0038","A"
"4","Trait5","mrMLM","NsiI.TP617608","11","16746","-3.8156e-05","0.0084","G"
"4","Trait5","mrMLM","NsiI.TP617738","11","16748","-2.0328e-05","0.0044","A"
"4","Trait5","mrMLM","NsiI.TP617855","11","16750","-7.145e-06","0.0016","C"
"4","Trait5","mrMLM","NsiI.TP617948","11","16752","-4.364e-06","0.001","A"
"4","Trait5","mrMLM","NsiI.TP618002","11","16754","-2.4262e-05","0.0053","A"
"4","Trait5","mrMLM","NsiI.TP618047","11","16755","0.0442","0.483","G"
"4","Trait5","mrMLM","NsiI.TP618096","11","16756","0.155","1.7222","A"
"4","Trait5","mrMLM","NsiI.TP618185","11","16758","-1.1462e-05","0.0025","A"
"4","Trait5","mrMLM","NsiI.TP618265","11","16759","0.0696","0.8564","C"
"4","Trait5","mrMLM","NsiI.TP618276","11","16760","2.6468e-06","6e-04","C"
"4","Trait5","mrMLM","NsiI.TP618554","11","16763","-0.1832","1.4798","A"
"4","Trait5","mrMLM","NsiI.TP618658","11","16764","1.0032e-05","0.0022","A"
"4","Trait5","mrMLM","NsiI.TP618714","11","16765","-1.4262e-05","0.0031","G"
"4","Trait5","mrMLM","NsiI.TP618816","11","16766","0.0512","0.5487","A"
"4","Trait5","mrMLM","NsiI.TP618870","11","16767","0.0886","0.5348","C"
"4","Trait5","mrMLM","NsiI.TP619083","11","16769","-1.7621e-06","4e-04","G"
"4","Trait5","mrMLM","NsiI.TP619165","11","16771","2.9797e-05","0.0065","C"
"4","Trait5","mrMLM","NsiI.TP619167","11","16772","6.4024e-06","0.0014","A"
"4","Trait5","mrMLM","NsiI.TP619675","11","16774","-0.0686","0.5337","C"
"4","Trait5","mrMLM","NsiI.TP619767","11","16775","1.2168e-05","0.0027","G"
"4","Trait5","mrMLM","NsiI.TP619800","11","16776","-0.0125","0.1512","C"
"4","Trait5","mrMLM","NsiI.TP619807","11","16777","2.0122e-06","4e-04","C"
"4","Trait5","mrMLM","NsiI.TP619851","11","16778","0.0383","0.3572","A"
"4","Trait5","mrMLM","NsiI.TP619878","11","16780","-6.5665e-06","0.0014","A"
"4","Trait5","mrMLM","NsiI.TP619989","11","16781","1.2498e-05","0.0027","C"
"4","Trait5","mrMLM","NsiI.TP620047","11","16782","1.0747e-05","0.0023","A"
"4","Trait5","mrMLM","NsiI.TP620138","11","16783","-0.0053","0.1095","A"
"4","Trait5","mrMLM","NsiI.TP620139","11","16784","-0.0108","0.1763","C"
"4","Trait5","mrMLM","NsiI.TP620141","11","16785","0.059","0.7453","C"
"4","Trait5","mrMLM","NsiI.TP620182","11","16786","1.9612e-05","0.0043","G"
"4","Trait5","mrMLM","NsiI.TP620337","11","16789","0.0728","0.4746","C"
"4","Trait5","mrMLM","NsiI.TP620448","11","16791","0.0836","0.6709","C"
"4","Trait5","mrMLM","NsiI.TP620450","11","16792","-4.2756e-06","9e-04","G"
"4","Trait5","mrMLM","NsiI.TP620545","11","16793","-1.2207e-05","0.0027","A"
"4","Trait5","mrMLM","NsiI.TP620558","11","16794","-0.1405","1.1229","C"
"4","Trait5","mrMLM","NsiI.TP620599","11","16795","3.8501e-05","0.0085","C"
"4","Trait5","mrMLM","NsiI.TP620600","11","16796","0.1015","0.377","C"
"4","Trait5","mrMLM","NsiI.TP620671","11","16798","0.2157","2.4984","A"
"4","Trait5","mrMLM","NsiI.TP620723","11","16799","9.1404e-06","0.002","C"
"4","Trait5","mrMLM","NsiI.TP620901","11","16801","0.0031","0.0532","A"
"4","Trait5","mrMLM","NsiI.TP620940","11","16802","-1.4575e-06","3e-04","A"
"4","Trait5","mrMLM","NsiI.TP621015","11","16805","2.81e-05","0.0062","C"
"4","Trait5","mrMLM","NsiI.TP621156","11","16806","-0.1555","0.5408","C"
"4","Trait5","mrMLM","NsiI.TP621177","11","16807","-2.5031e-06","5e-04","A"
"4","Trait5","mrMLM","NsiI.TP621289","11","16808","-1.4231e-05","0.0031","A"
"4","Trait5","mrMLM","NsiI.TP621298","11","16809","0.1183","1.8412","C"
"4","Trait5","mrMLM","NsiI.TP621335","11","16810","-1.1867e-05","0.0026","A"
"4","Trait5","mrMLM","NsiI.TP621494","11","16811","-5.4893e-06","0.0012","C"
"4","Trait5","mrMLM","NsiI.TP621499","11","16812","-3.2696e-05","0.0072","A"
"4","Trait5","mrMLM","NsiI.TP621727","11","16816","0.0385","0.3528","A"
"4","Trait5","mrMLM","NsiI.TP621756","11","16817","2.3669e-05","0.0052","G"
"4","Trait5","mrMLM","NsiI.TP621807","11","16818","-2.1189e-05","0.0046","C"
"4","Trait5","mrMLM","NsiI.TP621861","11","16819","-0.0184","0.2785","A"
"4","Trait5","mrMLM","NsiI.TP621865","11","16820","-6.6095e-06","0.0014","C"
"4","Trait5","mrMLM","NsiI.TP621883","11","16821","4.0181e-05","0.0088","C"
"4","Trait5","mrMLM","NsiI.TP622197","11","16824","0.0868","0.543","C"
"4","Trait5","mrMLM","NsiI.TP622210","11","16825","2.7057e-05","0.0059","A"
"4","Trait5","mrMLM","NsiI.TP622223","11","16826","7.7057e-06","0.0017","C"
"4","Trait5","mrMLM","NsiI.TP622294","11","16827","0.0373","0.2475","C"
"4","Trait5","mrMLM","NsiI.TP622327","11","16828","-0.0476","0.2739","C"
"4","Trait5","mrMLM","NsiI.TP622363","11","16830","-0.1144","0.9602","C"
"4","Trait5","mrMLM","NsiI.TP622377","11","16831","-0.0056","0.1174","C"
"4","Trait5","mrMLM","NsiI.TP622441","11","16832","-0.0601","0.5582","A"
"4","Trait5","mrMLM","NsiI.TP622504","11","16835","-1.6066e-05","0.0035","C"
"4","Trait5","mrMLM","NsiI.TP622507","11","16837","-1.2502e-05","0.0027","A"
"4","Trait5","mrMLM","NsiI.TP622513","11","16838","-0.0181","0.2895","A"
"4","Trait5","mrMLM","NsiI.TP622532","11","16839","-3.4644e-05","0.0076","C"
"4","Trait5","mrMLM","NsiI.TP622649","11","16840","1.6081e-05","0.0035","C"
"4","Trait5","mrMLM","NsiI.TP622680","11","16841","-0.12","0.7927","C"
"4","Trait5","mrMLM","NsiI.TP622818","11","16842","-3.333e-05","0.0073","A"
"4","Trait5","mrMLM","NsiI.TP622964","11","16843","-9.2344e-07","2e-04","C"
"4","Trait5","mrMLM","NsiI.TP622970","11","16844","3.8952e-06","8e-04","A"
"4","Trait5","mrMLM","NsiI.TP623050","11","16846","0.0313","0.4097","C"
"4","Trait5","mrMLM","NsiI.TP623086","11","16847","-0.0998","1.0117","A"
"4","Trait5","mrMLM","NsiI.TP623198","11","16849","-3.3675e-05","0.0074","C"
"4","Trait5","mrMLM","NsiI.TP623361","11","16851","3.2666e-06","7e-04","A"
"4","Trait5","mrMLM","NsiI.TP623388","11","16852","0.0864","0.5689","A"
"4","Trait5","mrMLM","NsiI.TP623450","11","16855","-0.064","0.7191","C"
"4","Trait5","mrMLM","NsiI.TP623618","11","16856","-8.6009e-06","0.0019","A"
"4","Trait5","mrMLM","NsiI.TP623743","11","16857","-5.5613e-06","0.0012","C"
"4","Trait5","mrMLM","NsiI.TP623979","11","16859","0.0705","0.5125","A"
"4","Trait5","mrMLM","NsiI.TP624085","11","16861","-0.0885","0.49","C"
"4","Trait5","mrMLM","NsiI.TP624247","11","16862","2.3094e-05","0.0051","A"
"4","Trait5","mrMLM","NsiI.TP624292","11","16863","-1.3523e-06","3e-04","A"
"4","Trait5","mrMLM","NsiI.TP624322","11","16864","-0.048","0.4272","G"
"4","Trait5","mrMLM","NsiI.TP624417","11","16865","6.963e-06","0.0015","A"
"4","Trait5","mrMLM","NsiI.TP624482","11","16866","-0.28","1.8012","A"
"4","Trait5","mrMLM","NsiI.TP624483","11","16867","-1.1256e-05","0.0025","C"
"4","Trait5","mrMLM","NsiI.TP624695","11","16869","0.0847","0.7387","G"
"4","Trait5","mrMLM","NsiI.TP624734","11","16871","0.1475","0.5182","C"
"4","Trait5","mrMLM","NsiI.TP625104","11","16876","6.8792e-07","1e-04","C"
"4","Trait5","mrMLM","NsiI.TP625137","11","16877","-1.1705e-05","0.0026","G"
"4","Trait5","mrMLM","NsiI.TP625145","11","16878","4.4156e-05","0.0097","C"
"4","Trait5","mrMLM","NsiI.TP625214","11","16880","-1.1956e-05","0.0026","C"
"4","Trait5","mrMLM","NsiI.TP625373","11","16881","0.0184","0.2479","C"
"4","Trait5","mrMLM","NsiI.TP625381","11","16882","-0.0135","0.2246","C"
"4","Trait5","mrMLM","NsiI.TP625624","11","16883","-2.9521e-05","0.0065","G"
"4","Trait5","mrMLM","NsiI.TP625723","11","16884","9.0235e-06","0.002","C"
"4","Trait5","mrMLM","NsiI.TP625743","11","16885","7.6451e-06","0.0017","C"
"4","Trait5","mrMLM","NsiI.TP625795","11","16887","-0.2075","1.4655","G"
"4","Trait5","mrMLM","NsiI.TP625900","11","16888","1.2637e-07","2.75e-05","C"
"4","Trait5","mrMLM","NsiI.TP626163","11","16889","1.2803e-05","0.0028","A"
"4","Trait5","mrMLM","NsiI.TP626522","11","16890","0.018","0.2626","G"
"4","Trait5","mrMLM","NsiI.TP626524","11","16891","1.2655e-05","0.0028","A"
"4","Trait5","mrMLM","NsiI.TP626704","11","16894","-5.5194e-06","0.0012","C"
"4","Trait5","mrMLM","NsiI.TP626842","11","16895","1.1716e-05","0.0026","C"
"4","Trait5","mrMLM","NsiI.TP626894","11","16896","0.0996","0.6","A"
"4","Trait5","mrMLM","NsiI.TP626924","11","16898","-8.3191e-06","0.0018","A"
"4","Trait5","mrMLM","NsiI.TP626945","11","16899","2.2862e-05","0.005","G"
"4","Trait5","mrMLM","NsiI.TP627014","11","16901","7.5223e-06","0.0016","C"
"4","Trait5","mrMLM","NsiI.TP627071","11","16902","1.482e-05","0.0032","C"
"4","Trait5","mrMLM","NsiI.TP627159","11","16903","-0.1243","0.9684","C"
"4","Trait5","mrMLM","NsiI.TP627181","11","16905","-1.6944e-05","0.0037","C"
"4","Trait5","mrMLM","NsiI.TP627349","11","16906","0.0798","0.4753","C"
"4","Trait5","mrMLM","NsiI.TP627509","11","16908","0.0769","0.9112","A"
"4","Trait5","mrMLM","NsiI.TP627519","11","16909","-9.5782e-06","0.0021","G"
"4","Trait5","mrMLM","NsiI.TP627527","11","16910","-8.9365e-06","0.0019","C"
"4","Trait5","mrMLM","NsiI.TP627577","11","16912","1.7596e-05","0.0038","C"
"4","Trait5","mrMLM","NsiI.TP627855","11","16914","0.0748","0.4823","A"
"4","Trait5","mrMLM","NsiI.TP627893","11","16915","1.2654e-05","0.0028","A"
"4","Trait5","mrMLM","NsiI.TP627935","11","16916","0.015","0.1697","C"
"4","Trait5","mrMLM","NsiI.TP628025","11","16917","2.6223e-05","0.0057","A"
"4","Trait5","mrMLM","NsiI.TP628103","11","16918","-7.4927e-07","2e-04","C"
"4","Trait5","mrMLM","NsiI.TP628269","11","16919","0.328","0.911","C"
"4","Trait5","mrMLM","NsiI.TP628518","11","16921","-1.51e-05","0.0033","C"
"4","Trait5","mrMLM","NsiI.TP628562","11","16922","-0.3475","2.6854","C"
"4","Trait5","mrMLM","NsiI.TP628570","11","16923","6.7314e-06","0.0015","A"
"4","Trait5","mrMLM","NsiI.TP628599","11","16924","1.0713e-05","0.0023","A"
"4","Trait5","mrMLM","NsiI.TP628612","11","16925","0.0314","0.2222","C"
"4","Trait5","mrMLM","NsiI.TP628682","11","16926","6.1269e-06","0.0013","A"
"4","Trait5","mrMLM","NsiI.TP628722","11","16928","4.0444e-06","9e-04","G"
"4","Trait5","mrMLM","NsiI.TP628801","11","16929","-1.2314e-05","0.0027","C"
"4","Trait5","mrMLM","NsiI.TP628802","11","16930","0.0511","0.4998","C"
"4","Trait5","mrMLM","NsiI.TP628916","11","16932","-7.2978e-06","0.0016","A"
"4","Trait5","mrMLM","NsiI.TP628924","11","16933","7.5665e-06","0.0016","A"
"4","Trait5","mrMLM","NsiI.TP629018","11","16934","1.9892e-05","0.0044","G"
"4","Trait5","mrMLM","NsiI.TP629207","11","16935","-5.1225e-06","0.0011","C"
"4","Trait5","mrMLM","NsiI.TP629372","11","16938","5.155e-06","0.0011","C"
"4","Trait5","mrMLM","NsiI.TP629640","11","16939","-1.719e-05","0.0038","C"
"4","Trait5","mrMLM","NsiI.TP630035","11","16943","6.937e-06","0.0015","C"
"4","Trait5","mrMLM","NsiI.TP630101","11","16945","5.7883e-06","0.0013","A"
"4","Trait5","mrMLM","NsiI.TP630228","11","16946","-7.9909e-06","0.0017","G"
"4","Trait5","mrMLM","NsiI.TP630333","11","16949","-0.0088","0.1599","A"
"4","Trait5","mrMLM","NsiI.TP630542","11","16952","-4.0612e-07","8.8403e-05","A"
"4","Trait5","mrMLM","NsiI.TP630637","11","16953","-0.1211","1.456","C"
"4","Trait5","mrMLM","NsiI.TP630660","11","16954","-1.7655e-05","0.0039","A"
"4","Trait5","mrMLM","NsiI.TP630711","11","16955","-2.1465e-05","0.0047","A"
"4","Trait5","mrMLM","NsiI.TP630782","11","16957","-3.6513e-06","8e-04","A"
"4","Trait5","mrMLM","NsiI.TP631012","11","16959","-8.6794e-06","0.0019","C"
"4","Trait5","mrMLM","NsiI.TP631106","11","16960","-0.0223","0.211","A"
"4","Trait5","mrMLM","NsiI.TP631116","11","16961","-2.0522e-05","0.0045","G"
"4","Trait5","mrMLM","NsiI.TP631170","11","16963","-1.7141e-05","0.0037","A"
"4","Trait5","mrMLM","NsiI.TP631361","11","16965","1.1306e-05","0.0025","C"
"4","Trait5","mrMLM","NsiI.TP631391","11","16966","3.2584e-05","0.0072","C"
"4","Trait5","mrMLM","NsiI.TP631402","11","16967","1.2461e-05","0.0027","C"
"4","Trait5","mrMLM","NsiI.TP631576","11","16969","0.0077","0.1602","A"
"4","Trait5","mrMLM","NsiI.TP631761","11","16970","-2.4675e-05","0.0054","A"
"4","Trait5","mrMLM","NsiI.TP631875","11","16972","-0.3664","1.4365","A"
"4","Trait5","mrMLM","NsiI.TP631881","11","16973","-1.6981e-05","0.0037","C"
"4","Trait5","mrMLM","NsiI.TP631905","11","16974","-1.899e-05","0.0042","A"
"4","Trait5","mrMLM","NsiI.TP631918","11","16975","2.8114e-05","0.0062","C"
"4","Trait5","mrMLM","NsiI.TP631937","11","16976","-8.4575e-07","2e-04","C"
"4","Trait5","mrMLM","NsiI.TP631975","11","16977","-8.407e-06","0.0018","A"
"4","Trait5","mrMLM","NsiI.TP631981","11","16978","1.5058e-05","0.0033","A"
"4","Trait5","mrMLM","NsiI.TP631987","11","16979","1.3903e-06","3e-04","C"
"4","Trait5","mrMLM","NsiI.TP632032","11","16980","-0.0015","0.0525","C"
"4","Trait5","mrMLM","NsiI.TP632088","11","16982","-4.5884e-07","9.9862e-05","A"
"4","Trait5","mrMLM","NsiI.TP632118","11","16984","-0.1045","0.9576","C"
"4","Trait5","mrMLM","NsiI.TP632170","11","16985","1.3193e-05","0.0029","C"
"4","Trait5","mrMLM","NsiI.TP632320","11","16986","9.3138e-06","0.002","C"
"4","Trait5","mrMLM","NsiI.TP632492","11","16988","0.1751","1.0223","C"
"4","Trait5","mrMLM","NsiI.TP632540","11","16989","-5.514e-06","0.0012","G"
"4","Trait5","mrMLM","NsiI.TP632698","11","16992","-0.1278","0.7855","G"
"4","Trait5","mrMLM","NsiI.TP632700","11","16993","-0.0204","0.1625","G"
"4","Trait5","mrMLM","NsiI.TP632743","11","16994","-0.0405","0.3666","C"
"4","Trait5","mrMLM","NsiI.TP632756","11","16995","1.7795e-05","0.0039","A"
"4","Trait5","mrMLM","NsiI.TP632953","11","16997","-0.06","0.5864","C"
"4","Trait5","mrMLM","NsiI.TP632968","11","16998","-0.0223","0.2156","G"
"4","Trait5","mrMLM","NsiI.TP633048","11","16999","0.0073","0.0764","C"
"4","Trait5","mrMLM","NsiI.TP633064","11","17000","-1.4559e-05","0.0032","A"
"4","Trait5","mrMLM","NsiI.TP633149","11","17001","2.9374e-06","6e-04","A"
"4","Trait5","mrMLM","NsiI.TP633470","11","17004","-0.1675","0.9851","A"
"4","Trait5","mrMLM","NsiI.TP634014","11","17006","1.1926e-05","0.0026","C"
"4","Trait5","mrMLM","NsiI.TP634032","11","17007","-1.8007e-05","0.0039","A"
"4","Trait5","mrMLM","NsiI.TP634100","11","17008","-1.3942e-05","0.003","A"
"4","Trait5","mrMLM","NsiI.TP634106","11","17009","-0.0151","0.1538","A"
"4","Trait5","mrMLM","NsiI.TP634156","11","17010","1.4706e-05","0.0032","A"
"4","Trait5","mrMLM","NsiI.TP634322","11","17012","-1.6491e-05","0.0036","A"
"4","Trait5","mrMLM","NsiI.TP634377","11","17014","-3.6458e-06","8e-04","A"
"4","Trait5","mrMLM","NsiI.TP634454","11","17015","6.3728e-06","0.0014","A"
"4","Trait5","mrMLM","NsiI.TP634475","11","17016","-0.2311","1.172","C"
"4","Trait5","mrMLM","NsiI.TP634496","11","17018","0.1921","0.8996","C"
"4","Trait5","mrMLM","NsiI.TP634662","11","17019","3.0967e-05","0.0068","A"
"4","Trait5","mrMLM","NsiI.TP634712","11","17020","-2.2314e-05","0.0049","A"
"4","Trait5","mrMLM","NsiI.TP634730","11","17022","0.2023","1.1747","A"
"4","Trait5","mrMLM","NsiI.TP634817","11","17023","1.1122e-05","0.0024","A"
"4","Trait5","mrMLM","NsiI.TP634919","11","17024","-0.0432","0.4985","C"
"4","Trait5","mrMLM","NsiI.TP634956","11","17025","-3.8232e-05","0.0084","C"
"4","Trait5","mrMLM","NsiI.TP634969","11","17026","-0.0372","0.3617","C"
"4","Trait5","mrMLM","NsiI.TP635090","11","17028","9.3259e-06","0.002","A"
"4","Trait5","mrMLM","NsiI.TP635451","11","17030","-1.0605e-05","0.0023","A"
"4","Trait5","mrMLM","NsiI.TP635629","11","17033","1.0375e-06","2e-04","C"
"4","Trait5","mrMLM","NsiI.TP635660","11","17034","-0.4252","1.5351","C"
"4","Trait5","mrMLM","NsiI.TP635670","11","17035","-3.6317e-06","8e-04","C"
"4","Trait5","mrMLM","NsiI.TP635869","11","17037","1.8186e-05","0.004","C"
"4","Trait5","mrMLM","NsiI.TP635963","11","17038","-1.7557e-05","0.0038","A"
"4","Trait5","mrMLM","NsiI.TP636045","11","17041","8.4228e-07","2e-04","C"
"4","Trait5","mrMLM","NsiI.TP636055","11","17042","0.0873","0.727","C"
"4","Trait5","mrMLM","NsiI.TP636178","11","17044","-9.7253e-06","0.0021","C"
"4","Trait5","mrMLM","NsiI.TP636190","11","17045","0.0228","0.1519","A"
"4","Trait5","mrMLM","NsiI.TP636318","11","17046","-3.9895e-06","9e-04","A"
"4","Trait5","mrMLM","NsiI.TP636326","11","17047","3.2474e-05","0.0071","A"
"4","Trait5","mrMLM","NsiI.TP636784","11","17049","-1.0161e-05","0.0022","A"
"4","Trait5","mrMLM","NsiI.TP636855","11","17050","1.4023e-05","0.0031","A"
"4","Trait5","mrMLM","NsiI.TP637038","11","17051","-0.2047","1.2317","C"
"4","Trait5","mrMLM","NsiI.TP637054","11","17052","-1.4964e-05","0.0033","G"
"4","Trait5","mrMLM","NsiI.TP637222","11","17053","-4.1626e-06","9e-04","A"
"4","Trait5","mrMLM","NsiI.TP637403","11","17055","3.3179e-05","0.0073","A"
"4","Trait5","mrMLM","NsiI.TP637453","11","17056","1.0479e-05","0.0023","G"
"4","Trait5","mrMLM","NsiI.TP639645","11","17057","-8.8613e-06","0.0019","C"
"4","Trait5","mrMLM","NsiI.TP640567","11","17059","5.4699e-07","1e-04","A"
"4","Trait5","mrMLM","NsiI.TP640662","11","17060","3.3282e-05","0.0073","C"
"4","Trait5","mrMLM","NsiI.TP640677","11","17061","-8.6625e-06","0.0019","C"
"4","Trait5","mrMLM","NsiI.TP640805","11","17063","-0.052","0.3856","G"
"4","Trait5","mrMLM","NsiI.TP640870","11","17065","-0.1356","0.6762","C"
"4","Trait5","mrMLM","NsiI.TP640930","11","17066","-1.7038e-05","0.0037","G"
"4","Trait5","mrMLM","NsiI.TP640987","11","17068","7.2183e-06","0.0016","C"
"4","Trait5","mrMLM","NsiI.TP641031","11","17069","-0.0973","0.6211","C"
"4","Trait5","mrMLM","NsiI.TP641152","11","17071","-6.2051e-06","0.0014","C"
"4","Trait5","mrMLM","NsiI.TP641194","11","17072","4.8394e-06","0.0011","C"
"4","Trait5","mrMLM","NsiI.TP641323","11","17074","-1.3947e-05","0.003","G"
"4","Trait5","mrMLM","NsiI.TP641448","11","17075","-1.9074e-05","0.0042","A"
"4","Trait5","mrMLM","NsiI.TP641473","11","17077","-1.0093e-05","0.0022","A"
"4","Trait5","mrMLM","NsiI.TP641607","11","17079","0.006","0.1324","A"
"4","Trait5","mrMLM","NsiI.TP641728","11","17081","0.1958","1.1054","C"
"4","Trait5","mrMLM","NsiI.TP641838","11","17083","-0.1126","0.9235","A"
"4","Trait5","mrMLM","NsiI.TP641996","11","17085","-3.8437e-06","8e-04","C"
"4","Trait5","mrMLM","NsiI.TP642004","11","17086","1e-04","0.0159","A"
"4","Trait5","mrMLM","NsiI.TP642221","11","17088","0.1076","1.366","A"
"4","Trait5","mrMLM","NsiI.TP642319","11","17089","1.6002e-05","0.0035","A"
"4","Trait5","mrMLM","NsiI.TP642546","11","17090","-1.8828e-05","0.0041","A"
"4","Trait5","mrMLM","NsiI.TP642616","11","17091","-1.276e-05","0.0028","C"
"4","Trait5","mrMLM","NsiI.TP642644","11","17092","0.037","0.2481","C"
"4","Trait5","mrMLM","NsiI.TP642770","11","17095","0.0522","0.7208","A"
"4","Trait5","mrMLM","NsiI.TP642810","11","17098","-0.0889","0.5653","A"
"4","Trait5","mrMLM","NsiI.TP643018","11","17099","1.8209e-05","0.004","C"
"4","Trait5","mrMLM","NsiI.TP643179","11","17101","1.3355e-05","0.0029","A"
"4","Trait5","mrMLM","NsiI.TP643620","11","17103","-3.0636e-05","0.0067","G"
"4","Trait5","mrMLM","NsiI.TP643872","11","17105","1.0051e-05","0.0022","C"
"4","Trait5","mrMLM","NsiI.TP643908","11","17106","-0.0033","0.0732","A"
"4","Trait5","mrMLM","NsiI.TP643912","11","17107","0.0724","0.3959","C"
"4","Trait5","mrMLM","NsiI.TP644167","11","17110","-0.0528","0.7199","A"
"4","Trait5","mrMLM","NsiI.TP644175","11","17112","-9.777e-06","0.0021","C"
"4","Trait5","mrMLM","NsiI.TP644191","11","17113","-0.0407","0.2753","C"
"4","Trait5","mrMLM","NsiI.TP644969","11","17114","4.126e-06","9e-04","A"
"4","Trait5","mrMLM","NsiI.TP645050","11","17115","1.2634e-05","0.0028","A"
"4","Trait5","mrMLM","NsiI.TP645171","11","17117","-1.5976e-05","0.0035","C"
"4","Trait5","mrMLM","NsiI.TP645357","11","17118","6.1818e-06","0.0013","A"
"4","Trait5","mrMLM","NsiI.TP645455","11","17119","9.9515e-06","0.0022","A"
"4","Trait5","mrMLM","NsiI.TP645458","11","17120","-1.912e-05","0.0042","A"
"4","Trait5","mrMLM","NsiI.TP645704","11","17122","-2.7629e-05","0.0061","C"
"4","Trait5","mrMLM","NsiI.TP646101","11","17125","-1.3858e-05","0.003","C"
"4","Trait5","mrMLM","NsiI.TP646130","11","17128","0.0967","0.5592","A"
"4","Trait5","mrMLM","NsiI.TP646191","11","17131","7.02e-07","2e-04","A"
"4","Trait5","mrMLM","NsiI.TP646295","11","17132","2.705e-05","0.0059","A"
"4","Trait5","mrMLM","NsiI.TP646369","11","17134","-2.8994e-06","6e-04","G"
"4","Trait5","mrMLM","NsiI.TP646430","11","17135","-3.7026e-06","8e-04","C"
"4","Trait5","mrMLM","NsiI.TP646503","11","17137","0.0415","0.2663","A"
"4","Trait5","mrMLM","NsiI.TP646535","11","17138","1.7265e-06","4e-04","A"
"4","Trait5","mrMLM","NsiI.TP646621","11","17139","6.0437e-06","0.0013","C"
"4","Trait5","mrMLM","NsiI.TP646676","11","17140","0.0207","0.2129","C"
"4","Trait5","mrMLM","NsiI.TP647190","11","17142","5.3339e-06","0.0012","C"
"4","Trait5","mrMLM","NsiI.TP647644","11","17145","-0.1247","0.5541","G"
"4","Trait5","mrMLM","NsiI.TP647651","11","17146","0.027","0.336","C"
"4","Trait5","mrMLM","NsiI.TP647685","11","17147","5.4481e-06","0.0012","C"
"4","Trait5","mrMLM","NsiI.TP648278","11","17149","-4.1472e-06","9e-04","A"
"4","Trait5","mrMLM","NsiI.TP649767","11","17153","0.0782","1.0154","A"
"4","Trait5","mrMLM","NsiI.TP650064","11","17156","0.1329","1.1028","C"
"4","Trait5","mrMLM","NsiI.TP650391","11","17159","0.2586","1.5726","C"
"4","Trait5","mrMLM","NsiI.TP651511","11","17163","-0.0376","0.398","A"
"4","Trait5","mrMLM","NsiI.TP651645","11","17164","-0.2388","0.8584","C"
"4","Trait5","mrMLM","NsiI.TP651674","11","17165","3.3468e-06","7e-04","A"
"4","Trait5","mrMLM","NsiI.TP651757","11","17166","-0.0393","0.5083","C"
"4","Trait5","mrMLM","NsiI.TP651970","11","17167","-0.0117","0.1096","G"
"4","Trait5","mrMLM","NsiI.TP652142","11","17168","6.6843e-06","0.0015","G"
"4","Trait5","mrMLM","NsiI.TP652578","11","17171","0.0561","0.5143","A"
"4","Trait5","mrMLM","NsiI.TP652580","11","17172","0.0476","0.1998","C"
"4","Trait5","mrMLM","NsiI.TP652633","11","17173","1.3709e-05","0.003","A"
"4","Trait5","mrMLM","NsiI.TP652861","11","17176","-8.2939e-06","0.0018","A"
"4","Trait5","mrMLM","NsiI.TP653594","11","17178","-0.2262","1.3397","A"
"4","Trait5","mrMLM","NsiI.TP653663","11","17179","-3.0078e-06","7e-04","C"
"4","Trait5","mrMLM","NsiI.TP653703","11","17180","0.1152","0.6681","C"
"4","Trait5","mrMLM","NsiI.TP653721","11","17181","-2.2216e-05","0.0049","A"
"4","Trait5","mrMLM","NsiI.TP653782","11","17182","-1.3577e-05","0.003","G"
"4","Trait5","mrMLM","NsiI.TP653920","11","17184","8.8666e-06","0.0019","C"
"4","Trait5","mrMLM","NsiI.TP653929","11","17185","0.1039","1.3699","C"
"4","Trait5","mrMLM","NsiI.TP653964","11","17186","-3.9525e-06","9e-04","A"
"4","Trait5","mrMLM","NsiI.TP654000","11","17187","-7.1933e-06","0.0016","A"
"4","Trait5","mrMLM","NsiI.TP654055","11","17188","-0.1862","1.1114","A"
"4","Trait5","mrMLM","NsiI.TP654097","11","17190","2.4117e-05","0.0053","C"
"4","Trait5","mrMLM","NsiI.TP654668","11","17191","4.0025e-05","0.0088","G"
"4","Trait5","mrMLM","NsiI.TP654693","11","17192","0.1461","1.6348","A"
"4","Trait5","mrMLM","NsiI.TP654710","11","17193","-6.6024e-06","0.0014","C"
"4","Trait5","mrMLM","NsiI.TP654810","11","17194","0.0808","0.8904","C"
"4","Trait5","mrMLM","NsiI.TP654862","11","17197","-2.8039e-05","0.0061","C"
"4","Trait5","mrMLM","NsiI.TP654961","11","17198","-6.0712e-06","0.0013","C"
"4","Trait5","mrMLM","NsiI.TP655020","11","17199","0.0797","0.4507","A"
"4","Trait5","mrMLM","NsiI.TP655191","11","17200","3.0041e-07","6.5377e-05","A"
"4","Trait5","mrMLM","NsiI.TP655234","11","17201","-3.3293e-05","0.0073","A"
"4","Trait5","mrMLM","NsiI.TP656422","11","17204","-2.4398e-05","0.0053","C"
"4","Trait5","mrMLM","NsiI.TP656560","11","17206","0.0445","0.2798","G"
"4","Trait5","mrMLM","NsiI.TP656596","11","17207","-0.0768","0.3249","A"
"4","Trait5","mrMLM","NsiI.TP656686","11","17208","0.0396","0.3595","C"
"4","Trait5","mrMLM","NsiI.TP656726","11","17209","-2.6266e-05","0.0058","C"
"4","Trait5","mrMLM","NsiI.TP658821","11","17213","-0.0158","0.2111","C"
"4","Trait5","mrMLM","NsiI.TP658897","11","17214","4.0743e-05","0.009","A"
"4","Trait5","mrMLM","NsiI.TP659530","11","17217","1.6984e-05","0.0037","A"
"4","Trait5","mrMLM","NsiI.TP659546","11","17218","9.0404e-06","0.002","A"
"4","Trait5","mrMLM","NsiI.TP660498","11","17219","3.9647e-06","9e-04","C"
"4","Trait5","mrMLM","NsiI.TP660837","11","17220","1.4982e-05","0.0033","A"
"4","Trait5","mrMLM","NsiI.TP661068","11","17221","8.6755e-07","2e-04","A"
"4","Trait5","mrMLM","NsiI.TP661158","11","17224","1.0621e-05","0.0023","C"
"4","Trait5","mrMLM","NsiI.TP661415","11","17225","7.1069e-06","0.0015","A"
"4","Trait5","mrMLM","NsiI.TP661540","11","17227","1.9166e-05","0.0042","C"
"4","Trait5","mrMLM","NsiI.TP661709","11","17228","0.1904","1.2549","C"
"4","Trait5","mrMLM","NsiI.TP662126","11","17229","4.056e-06","9e-04","C"
"4","Trait5","mrMLM","NsiI.TP662162","11","17230","-2e-04","0.02","C"
"4","Trait5","mrMLM","NsiI.TP662522","11","17232","-9.1914e-06","0.002","C"
"4","Trait5","mrMLM","NsiI.TP662588","11","17233","0.0655","0.4166","A"
"4","Trait5","mrMLM","NsiI.TP662617","11","17234","-0.0784","0.6829","C"
"4","Trait5","mrMLM","NsiI.TP662709","11","17236","1.0964e-05","0.0024","A"
"4","Trait5","mrMLM","NsiI.TP662779","11","17237","0.0485","0.3137","C"
"4","Trait5","mrMLM","NsiI.TP662829","11","17239","-0.0186","0.2847","A"
"4","Trait5","mrMLM","NsiI.TP662873","11","17240","2.6254e-06","6e-04","A"
"4","Trait5","mrMLM","NsiI.TP662883","11","17241","1.6525e-05","0.0036","A"
"4","Trait5","mrMLM","NsiI.TP662983","11","17242","-0.1824","0.9124","C"
"4","Trait5","mrMLM","NsiI.TP663156","11","17243","-2.0245e-06","4e-04","A"
"4","Trait5","mrMLM","NsiI.TP663359","11","17247","-8.5716e-06","0.0019","G"
"4","Trait5","mrMLM","NsiI.TP663394","11","17248","-0.0751","0.4417","C"
"4","Trait5","mrMLM","NsiI.TP663562","11","17249","-2.1312e-05","0.0047","A"
"4","Trait5","mrMLM","NsiI.TP663635","11","17250","4.3644e-06","0.001","C"
"4","Trait5","mrMLM","NsiI.TP663839","11","17251","1.7487e-05","0.0038","A"
"4","Trait5","mrMLM","NsiI.TP663972","11","17253","2.6164e-05","0.0057","G"
"4","Trait5","mrMLM","NsiI.TP664473","11","17255","7.6772e-06","0.0017","A"
"4","Trait5","mrMLM","NsiI.TP664504","11","17256","1.6699e-05","0.0037","G"
"4","Trait5","mrMLM","NsiI.TP664551","11","17257","2.4932e-05","0.0055","A"
"4","Trait5","mrMLM","NsiI.TP664840","11","17260","2.3758e-06","5e-04","C"
"4","Trait5","mrMLM","NsiI.TP664848","11","17261","-5.9314e-06","0.0013","A"
"4","Trait5","mrMLM","NsiI.TP665032","11","17265","-1.0883e-06","2e-04","C"
"4","Trait5","mrMLM","NsiI.TP665095","11","17266","0.1302","0.6323","C"
"4","Trait5","mrMLM","NsiI.TP665312","11","17268","-2.2953e-05","0.005","A"
"4","Trait5","mrMLM","NsiI.TP665366","11","17269","-0.1574","0.723","G"
"4","Trait5","mrMLM","NsiI.TP665411","11","17270","2.6375e-05","0.0058","G"
"4","Trait5","mrMLM","NsiI.TP665437","11","17271","-0.0045","0.1155","C"
"4","Trait5","mrMLM","NsiI.TP665493","11","17272","-7.1841e-06","0.0016","A"
"4","Trait5","mrMLM","NsiI.TP665540","11","17273","-7.6856e-06","0.0017","C"
"4","Trait5","mrMLM","NsiI.TP665590","11","17274","7.8063e-06","0.0017","A"
"4","Trait5","mrMLM","NsiI.TP665603","11","17275","9.6803e-06","0.0021","A"
"4","Trait5","mrMLM","NsiI.TP665624","11","17276","-5.4985e-06","0.0012","A"
"4","Trait5","mrMLM","NsiI.TP665663","11","17277","1.4604e-05","0.0032","G"
"4","Trait5","mrMLM","NsiI.TP665782","11","17278","-6.5428e-06","0.0014","A"
"4","Trait5","mrMLM","NsiI.TP665794","11","17279","8.1185e-07","2e-04","C"
"4","Trait5","mrMLM","NsiI.TP665821","11","17280","2.0118e-05","0.0044","A"
"4","Trait5","mrMLM","NsiI.TP666032","11","17282","-1.9481e-05","0.0043","A"
"4","Trait5","mrMLM","NsiI.TP666151","11","17283","-1.6654e-05","0.0036","A"
"4","Trait5","mrMLM","NsiI.TP666281","11","17284","3.8145e-06","8e-04","A"
"4","Trait5","mrMLM","NsiI.TP666393","11","17286","-7.8871e-06","0.0017","A"
"4","Trait5","mrMLM","NsiI.TP666447","11","17287","2.6664e-05","0.0058","C"
"4","Trait5","mrMLM","NsiI.TP666484","11","17289","2.0783e-05","0.0045","C"
"4","Trait5","mrMLM","NsiI.TP666542","11","17291","1.7485e-05","0.0038","C"
"4","Trait5","mrMLM","NsiI.TP666617","11","17292","-2.6652e-05","0.0058","A"
"4","Trait5","mrMLM","NsiI.TP666789","11","17294","-3.3703e-05","0.0074","G"
"4","Trait5","mrMLM","NsiI.TP666807","11","17295","8.6251e-07","2e-04","A"
"4","Trait5","mrMLM","NsiI.TP666820","11","17296","-0.2095","1.2972","A"
"4","Trait5","mrMLM","NsiI.TP666839","11","17297","1.8081e-06","4e-04","A"
"4","Trait5","mrMLM","NsiI.TP666944","11","17300","7.861e-06","0.0017","A"
"4","Trait5","mrMLM","NsiI.TP666962","11","17301","1.1641e-05","0.0025","A"
"4","Trait5","mrMLM","NsiI.TP667011","11","17302","5.0133e-06","0.0011","A"
"4","Trait5","mrMLM","NsiI.TP667031","11","17303","2.0713e-05","0.0045","C"
"4","Trait5","mrMLM","NsiI.TP667079","11","17305","-1.1417e-05","0.0025","G"
"4","Trait5","mrMLM","NsiI.TP667168","11","17307","2.1075e-06","5e-04","A"
"4","Trait5","mrMLM","NsiI.TP667282","11","17309","-1.2117e-05","0.0026","A"
"4","Trait5","mrMLM","NsiI.TP667290","11","17310","2.2933e-05","0.005","A"
"4","Trait5","mrMLM","NsiI.TP667372","11","17311","-4.2983e-06","9e-04","A"
"4","Trait5","mrMLM","NsiI.TP667539","11","17312","2.2968e-06","5e-04","A"
"4","Trait5","mrMLM","NsiI.TP667708","11","17313","1.875e-05","0.0041","C"
"4","Trait5","mrMLM","NsiI.TP667760","11","17315","-1.0182e-05","0.0022","A"
"4","Trait5","mrMLM","NsiI.TP667777","11","17316","8.821e-06","0.0019","C"
"4","Trait5","mrMLM","NsiI.TP667985","11","17319","2.869e-05","0.0063","A"
"4","Trait5","mrMLM","NsiI.TP668058","11","17320","-5.8392e-06","0.0013","A"
"4","Trait5","mrMLM","NsiI.TP668059","11","17321","-1.9963e-05","0.0044","A"
"4","Trait5","mrMLM","NsiI.TP668107","11","17322","-0.1366","2.1065","C"
"4","Trait5","mrMLM","NsiI.TP668289","11","17324","1.1163e-05","0.0024","A"
"4","Trait5","mrMLM","NsiI.TP668449","11","17325","8.0951e-06","0.0018","C"
"4","Trait5","mrMLM","NsiI.TP668545","11","17326","0.1088","0.7127","A"
"4","Trait5","mrMLM","NsiI.TP668580","11","17327","1.2502e-05","0.0027","G"
"4","Trait5","mrMLM","NsiI.TP668624","11","17329","2.7141e-05","0.0059","A"
"4","Trait5","mrMLM","NsiI.TP668625","11","17330","-2.0106e-06","4e-04","A"
"4","Trait5","mrMLM","NsiI.TP668732","11","17333","-1.0491e-05","0.0023","C"
"4","Trait5","mrMLM","NsiI.TP668743","11","17334","1.9821e-05","0.0043","A"
"4","Trait5","mrMLM","NsiI.TP668764","11","17335","0.046","0.6279","G"
"4","Trait5","mrMLM","NsiI.TP668788","11","17336","-1.5199e-05","0.0033","A"
"4","Trait5","mrMLM","NsiI.TP668831","11","17337","3.7998e-05","0.0084","A"
"4","Trait5","mrMLM","NsiI.TP668953","11","17338","7.9907e-06","0.0017","A"
"4","Trait5","mrMLM","NsiI.TP669010","11","17341","6.4727e-06","0.0014","C"
"4","Trait5","mrMLM","NsiI.TP669082","11","17344","9.0613e-06","0.002","A"
"4","Trait5","mrMLM","NsiI.TP669130","11","17345","-3.2103e-06","7e-04","C"
"4","Trait5","mrMLM","NsiI.TP669288","11","17347","9.8296e-06","0.0021","G"
"4","Trait5","mrMLM","NsiI.TP669348","11","17348","1.0402e-05","0.0023","C"
"4","Trait5","mrMLM","NsiI.TP669395","11","17349","-2.5682e-05","0.0056","C"
"4","Trait5","mrMLM","NsiI.TP669408","11","17350","-0.117","0.6474","A"
"4","Trait5","mrMLM","NsiI.TP669423","11","17351","-2.2824e-05","0.005","C"
"4","Trait5","mrMLM","NsiI.TP669463","11","17352","-0.0459","0.4477","C"
"4","Trait5","mrMLM","NsiI.TP669465","11","17353","1.1859e-05","0.0026","A"
"4","Trait5","mrMLM","NsiI.TP669517","11","17354","0.0481","0.5276","C"
"4","Trait5","mrMLM","NsiI.TP669563","11","17355","-2.1166e-05","0.0046","A"
"4","Trait5","mrMLM","NsiI.TP669588","11","17356","-0.0101","0.149","A"
"4","Trait5","mrMLM","NsiI.TP669599","11","17358","4.0892e-05","0.009","G"
"4","Trait5","mrMLM","NsiI.TP669601","11","17359","4.287e-05","0.0094","C"
"4","Trait5","mrMLM","NsiI.TP669695","11","17360","-2.5191e-05","0.0055","A"
"4","Trait5","mrMLM","NsiI.TP669729","11","17361","-4.4137e-06","0.001","A"
"4","Trait5","mrMLM","NsiI.TP669764","11","17362","-2.7665e-05","0.0061","C"
"4","Trait5","mrMLM","NsiI.TP669786","11","17363","-7.4343e-07","2e-04","C"
"4","Trait5","mrMLM","NsiI.TP669927","11","17365","4.7038e-06","0.001","C"
"4","Trait5","mrMLM","NsiI.TP670128","11","17368","6.5845e-06","0.0014","C"
"4","Trait5","mrMLM","NsiI.TP670147","11","17369","-2.6948e-06","6e-04","C"
"4","Trait5","mrMLM","NsiI.TP670273","11","17371","-1.4222e-05","0.0031","C"
"4","Trait5","mrMLM","NsiI.TP670319","11","17373","2.8474e-05","0.0062","G"
"4","Trait5","mrMLM","NsiI.TP670683","11","17374","0.0157","0.1984","A"
"4","Trait5","mrMLM","NsiI.TP670692","11","17375","8.4105e-06","0.0018","A"
"4","Trait5","mrMLM","NsiI.TP671002","11","17377","-0.003","0.0781","C"
"4","Trait5","mrMLM","NsiI.TP671017","11","17378","1.8644e-06","4e-04","A"
"4","Trait5","mrMLM","NsiI.TP671131","11","17379","-2.2632e-05","0.005","C"
"4","Trait5","mrMLM","NsiI.TP671135","11","17380","1.5621e-05","0.0034","A"
"4","Trait5","mrMLM","NsiI.TP671184","11","17381","-3.5218e-06","8e-04","C"
"4","Trait5","mrMLM","NsiI.TP671270","11","17382","-1.9571e-05","0.0043","G"
"4","Trait5","mrMLM","NsiI.TP671271","11","17383","-0.0557","0.6883","C"
"4","Trait5","mrMLM","NsiI.TP671291","11","17384","-3.2266e-06","7e-04","A"
"4","Trait5","mrMLM","NsiI.TP671362","11","17385","1.1802e-05","0.0026","C"
"4","Trait5","mrMLM","NsiI.TP671365","11","17386","0.3052","1.6084","A"
"4","Trait5","mrMLM","NsiI.TP671392","11","17387","-6.061e-07","1e-04","C"
"4","Trait5","mrMLM","NsiI.TP671476","11","17388","-2.6562e-05","0.0058","G"
"4","Trait5","mrMLM","NsiI.TP671487","11","17389","5.7666e-06","0.0013","C"
"4","Trait5","mrMLM","NsiI.TP671680","11","17390","0.0129","0.203","A"
"4","Trait5","mrMLM","NsiI.TP671738","11","17392","-0.0531","0.3712","A"
"4","Trait5","mrMLM","NsiI.TP671754","11","17394","7.4569e-06","0.0016","A"
"4","Trait5","mrMLM","NsiI.TP671766","11","17395","1.1273e-05","0.0025","A"
"4","Trait5","mrMLM","NsiI.TP671771","11","17396","0.0043","0.0609","A"
"4","Trait5","mrMLM","NsiI.TP671781","11","17397","0.0482","0.5425","C"
"4","Trait5","mrMLM","NsiI.TP671834","11","17398","2.0549e-05","0.0045","C"
"4","Trait5","mrMLM","NsiI.TP671846","11","17399","1.955e-05","0.0043","C"
"4","Trait5","mrMLM","NsiI.TP672055","11","17403","-1.9763e-06","4e-04","C"
"4","Trait5","mrMLM","NsiI.TP672059","11","17404","1.8571e-06","4e-04","A"
"4","Trait5","mrMLM","NsiI.TP672127","11","17406","0.0783","0.4462","C"
"4","Trait5","mrMLM","NsiI.TP672151","11","17408","-3.1889e-08","6.9402e-06","C"
"4","Trait5","mrMLM","NsiI.TP672263","11","17410","-0.015","0.1144","A"
"4","Trait5","mrMLM","NsiI.TP672267","11","17411","0.4694","1.6214","G"
"4","Trait5","mrMLM","NsiI.TP672272","11","17412","-0.32","2.0001","A"
"4","Trait5","mrMLM","NsiI.TP673144","11","17413","-1.762e-05","0.0039","C"
"4","Trait5","mrMLM","NsiI.TP673363","11","17414","-2.4276e-06","5e-04","C"
"4","Trait5","mrMLM","NsiI.TP673378","11","17415","-0.4754","1.6513","A"
"4","Trait5","mrMLM","NsiI.TP673443","11","17416","-6.4406e-06","0.0014","A"
"4","Trait5","mrMLM","NsiI.TP673501","11","17417","-3.6765e-06","8e-04","A"
"4","Trait5","mrMLM","NsiI.TP673767","11","17422","-1.2341e-05","0.0027","C"
"4","Trait5","mrMLM","NsiI.TP673838","11","17423","-1.977e-05","0.0043","A"
"4","Trait5","mrMLM","NsiI.TP673858","11","17424","1.8347e-05","0.004","C"
"4","Trait5","mrMLM","NsiI.TP673888","11","17425","0.0243","0.1504","C"
"4","Trait5","mrMLM","NsiI.TP674037","11","17426","1.2777e-05","0.0028","A"
"4","Trait5","mrMLM","NsiI.TP674085","11","17427","0.0575","0.7338","C"
"4","Trait5","mrMLM","NsiI.TP674156","11","17428","-1.2274e-05","0.0027","A"
"4","Trait5","mrMLM","NsiI.TP674211","11","17429","1.2663e-05","0.0028","A"
"4","Trait5","mrMLM","NsiI.TP674433","11","17430","-5.1585e-06","0.0011","C"
"4","Trait5","mrMLM","NsiI.TP674451","11","17431","6.0419e-06","0.0013","C"
"4","Trait5","mrMLM","NsiI.TP674731","11","17432","-2.0695e-05","0.0045","A"
"4","Trait5","mrMLM","NsiI.TP674813","11","17433","9.3761e-06","0.002","G"
"4","Trait5","mrMLM","NsiI.TP674908","11","17434","-9.5698e-07","2e-04","G"
"4","Trait5","mrMLM","NsiI.TP674912","11","17435","-3.9861e-06","9e-04","G"
"4","Trait5","mrMLM","NsiI.TP675265","11","17436","-2.2322e-05","0.0049","A"
"4","Trait5","mrMLM","NsiI.TP675344","11","17438","1.1591e-05","0.0025","A"
"4","Trait5","mrMLM","NsiI.TP675405","11","17439","-1.224e-05","0.0027","A"
"4","Trait5","mrMLM","NsiI.TP675510","11","17441","-2.5073e-05","0.0055","C"
"4","Trait5","mrMLM","NsiI.TP675599","11","17442","-2.8585e-05","0.0063","A"
"4","Trait5","mrMLM","NsiI.TP675632","11","17443","7.233e-06","0.0016","C"
"4","Trait5","mrMLM","NsiI.TP675711","11","17444","0.147","0.8762","A"
"4","Trait5","mrMLM","NsiI.TP675908","11","17446","-8.2453e-07","2e-04","A"
"4","Trait5","mrMLM","NsiI.TP676236","11","17448","-2.1775e-05","0.0048","C"
"4","Trait5","mrMLM","NsiI.TP676270","11","17449","5.3804e-06","0.0012","A"
"4","Trait5","mrMLM","NsiI.TP676287","11","17450","-0.0714","0.5746","C"
"4","Trait5","mrMLM","NsiI.TP676339","11","17451","2.7534e-05","0.006","A"
"4","Trait5","mrMLM","NsiI.TP676370","11","17452","0.0809","0.5383","A"
"4","Trait5","mrMLM","NsiI.TP676503","11","17454","-0.1115","1.1346","C"
"4","Trait5","mrMLM","NsiI.TP676642","11","17455","-1.499e-05","0.0033","C"
"4","Trait5","mrMLM","NsiI.TP676914","11","17457","-1.3066e-05","0.0029","A"
"4","Trait5","mrMLM","NsiI.TP677090","11","17458","-6.2779e-06","0.0014","C"
"4","Trait5","mrMLM","NsiI.TP677173","11","17459","-1.6e-05","0.0035","A"
"4","Trait5","mrMLM","NsiI.TP677201","11","17460","-6.8667e-06","0.0015","A"
"4","Trait5","mrMLM","NsiI.TP678085","11","17464","7.1181e-06","0.0016","C"
"4","Trait5","mrMLM","NsiI.TP678212","11","17466","-0.0654","0.7023","A"
"4","Trait5","mrMLM","NsiI.TP678251","11","17467","-1.7971e-05","0.0039","C"
"4","Trait5","mrMLM","NsiI.TP678297","11","17468","-0.0748","0.3026","C"
"4","Trait5","mrMLM","NsiI.TP678416","11","17469","-6.3154e-06","0.0014","C"
"4","Trait5","mrMLM","NsiI.TP678446","11","17470","-0.0169","0.2255","A"
"4","Trait5","mrMLM","NsiI.TP678475","11","17471","0.0911","0.4804","G"
"4","Trait5","mrMLM","NsiI.TP678524","11","17472","-8.4218e-06","0.0018","C"
"4","Trait5","mrMLM","NsiI.TP678569","11","17473","1.6903e-05","0.0037","G"
"4","Trait5","mrMLM","NsiI.TP678570","11","17474","0.0313","0.2023","C"
"4","Trait5","mrMLM","NsiI.TP678590","11","17475","2.7369e-05","0.006","C"
"4","Trait5","mrMLM","NsiI.TP678749","11","17476","0.113","0.7426","G"
"4","Trait5","mrMLM","NsiI.TP678757","11","17477","2.3043e-05","0.005","C"
"4","Trait5","mrMLM","NsiI.TP678879","11","17478","-1.9093e-06","4e-04","A"
"4","Trait5","mrMLM","NsiI.TP678890","11","17479","6.6503e-06","0.0014","A"
"4","Trait5","mrMLM","NsiI.TP678906","11","17480","1.4712e-05","0.0032","C"
"4","Trait5","mrMLM","NsiI.TP678918","11","17481","0.0338","0.3913","A"
"4","Trait5","mrMLM","NsiI.TP678950","11","17482","-0.0272","0.178","A"
"4","Trait5","mrMLM","NsiI.TP678959","11","17483","-0.0129","0.1436","A"
"4","Trait5","mrMLM","NsiI.TP678962","11","17484","0.0367","0.4586","C"
"4","Trait5","mrMLM","NsiI.TP679015","11","17486","-1.9173e-05","0.0042","C"
"4","Trait5","mrMLM","NsiI.TP679249","11","17490","0.0677","0.6731","A"
"4","Trait5","mrMLM","NsiI.TP679341","11","17492","-2.7835e-05","0.0061","A"
"4","Trait5","mrMLM","NsiI.TP679472","11","17493","-1.0657e-05","0.0023","A"
"4","Trait5","mrMLM","NsiI.TP679599","11","17495","4.9689e-06","0.0011","A"
"4","Trait5","mrMLM","NsiI.TP679694","11","17496","0.1478","0.6439","A"
"4","Trait5","mrMLM","NsiI.TP679696","11","17497","-7.207e-06","0.0016","A"
"4","Trait5","mrMLM","NsiI.TP679703","11","17498","-0.2425","1.6719","C"
"4","Trait5","mrMLM","NsiI.TP679883","11","17500","-3.4312e-05","0.0075","C"
"4","Trait5","mrMLM","NsiI.TP680012","11","17501","-0.0466","0.3051","A"
"4","Trait5","mrMLM","NsiI.TP680066","11","17502","-0.0025","0.0754","C"
"4","Trait5","mrMLM","NsiI.TP680098","11","17503","-1.6072e-05","0.0035","A"
"4","Trait5","mrMLM","NsiI.TP680099","11","17504","-0.0294","0.3212","C"
"4","Trait5","mrMLM","NsiI.TP680113","11","17505","0.0545","0.3772","C"
"4","Trait5","mrMLM","NsiI.TP680124","11","17506","8.6271e-06","0.0019","A"
"4","Trait5","mrMLM","NsiI.TP680155","11","17507","-2.9194e-06","6e-04","A"
"4","Trait5","mrMLM","NsiI.TP680194","11","17508","0.146","0.5892","C"
"4","Trait5","mrMLM","NsiI.TP680259","11","17509","3.6122e-05","0.0079","A"
"4","Trait5","mrMLM","NsiI.TP680270","11","17510","1.4275e-05","0.0031","C"
"4","Trait5","mrMLM","NsiI.TP680392","11","17514","-1.2066e-05","0.0026","C"
"4","Trait5","mrMLM","NsiI.TP680575","11","17515","-1.7905e-05","0.0039","G"
"4","Trait5","mrMLM","NsiI.TP680601","11","17516","-3.8865e-05","0.0085","A"
"4","Trait5","mrMLM","NsiI.TP680903","11","17517","0.0601","0.7247","C"
"4","Trait5","mrMLM","NsiI.TP680908","11","17518","1.1024e-06","2e-04","A"
"4","Trait5","mrMLM","NsiI.TP680932","11","17519","-1.6161e-05","0.0035","A"
"4","Trait5","mrMLM","NsiI.TP681132","11","17521","-1.988e-05","0.0043","A"
"4","Trait5","mrMLM","NsiI.TP681136","11","17522","0.1231","0.9838","C"
"4","Trait5","mrMLM","NsiI.TP681158","11","17523","-6.0114e-06","0.0013","A"
"4","Trait5","mrMLM","NsiI.TP681288","11","17526","-8.9046e-07","2e-04","C"
"4","Trait5","mrMLM","NsiI.TP681332","11","17528","-0.0952","0.7124","C"
"4","Trait5","mrMLM","NsiI.TP681355","11","17529","3.425e-05","0.0075","C"
"4","Trait5","mrMLM","NsiI.TP681384","11","17530","0.2345","1.1792","A"
"4","Trait5","mrMLM","NsiI.TP681573","11","17535","-8.659e-06","0.0019","G"
"4","Trait5","mrMLM","NsiI.TP681612","11","17536","-2.1121e-05","0.0046","C"
"4","Trait5","mrMLM","NsiI.TP681739","11","17537","-4.3723e-06","0.001","A"
"4","Trait5","mrMLM","NsiI.TP681743","11","17538","1.5797e-05","0.0035","C"
"4","Trait5","mrMLM","NsiI.TP681967","11","17539","-2.7188e-05","0.006","A"
"4","Trait5","mrMLM","NsiI.TP681974","11","17540","-0.0141","0.2285","A"
"4","Trait5","mrMLM","NsiI.TP682001","11","17541","3.9201e-07","8.5315e-05","A"
"4","Trait5","mrMLM","NsiI.TP682097","11","17543","1.5182e-05","0.0033","G"
"4","Trait5","mrMLM","NsiI.TP682325","11","17546","0.2176","1.4278","C"
"4","Trait5","mrMLM","NsiI.TP682442","11","17547","-1.409e-05","0.0031","C"
"4","Trait5","mrMLM","NsiI.TP682634","11","17548","-0.0117","0.2181","C"
"4","Trait5","mrMLM","NsiI.TP682685","11","17549","-2.4813e-06","5e-04","C"
"4","Trait5","mrMLM","NsiI.TP682707","11","17550","-0.1571","1.1344","A"
"4","Trait5","mrMLM","NsiI.TP682740","11","17551","3.7311e-05","0.0082","C"
"4","Trait5","mrMLM","NsiI.TP682773","11","17552","-2.2987e-05","0.005","C"
"4","Trait5","mrMLM","NsiI.TP682866","11","17553","0.0357","0.2572","C"
"4","Trait5","mrMLM","NsiI.TP682876","11","17554","-2.9292e-05","0.0064","C"
"4","Trait5","mrMLM","NsiI.TP682957","11","17556","-0.2336","1.3662","A"
"4","Trait5","mrMLM","NsiI.TP683076","11","17557","-0.0707","0.5498","C"
"4","Trait5","mrMLM","NsiI.TP683092","11","17558","-3.9413e-06","9e-04","A"
"4","Trait5","mrMLM","NsiI.TP683491","11","17559","1.1794e-05","0.0026","A"
"4","Trait5","mrMLM","NsiI.TP683749","11","17563","2.1897e-05","0.0048","A"
"4","Trait5","mrMLM","NsiI.TP684279","11","17564","8.3846e-06","0.0018","C"
"4","Trait5","mrMLM","NsiI.TP684422","11","17565","1.9389e-05","0.0042","A"
"4","Trait5","mrMLM","NsiI.TP684505","11","17567","-0.0782","0.8708","A"
"4","Trait5","mrMLM","NsiI.TP684566","11","17568","-1.2085e-05","0.0026","A"
"4","Trait5","mrMLM","NsiI.TP684770","11","17569","0.0986","0.6585","C"
"4","Trait5","mrMLM","NsiI.TP684888","11","17572","0.0229","0.2477","C"
"4","Trait5","mrMLM","NsiI.TP684925","11","17573","0.04","0.3529","C"
"4","Trait5","mrMLM","NsiI.TP685166","11","17575","1.5066e-06","3e-04","C"
"4","Trait5","mrMLM","NsiI.TP685361","11","17577","0.0718","0.8163","A"
"4","Trait5","mrMLM","NsiI.TP685488","11","17579","1.1853e-05","0.0026","C"
"4","Trait5","mrMLM","NsiI.TP685530","11","17580","1.3012e-05","0.0028","A"
"4","Trait5","mrMLM","NsiI.TP685628","11","17581","-0.4645","2.1209","A"
"4","Trait5","mrMLM","NsiI.TP685658","11","17582","-0.2296","1.4064","A"
"4","Trait5","mrMLM","NsiI.TP685676","11","17583","-5.5654e-06","0.0012","A"
"4","Trait5","mrMLM","NsiI.TP685712","11","17584","4.4616e-07","9.7102e-05","C"
"4","Trait5","mrMLM","NsiI.TP685734","11","17585","0.008","0.1671","C"
"4","Trait5","mrMLM","NsiI.TP685740","11","17586","-3.298e-06","7e-04","G"
"4","Trait5","mrMLM","NsiI.TP685940","11","17587","-0.0342","0.3427","C"
"4","Trait5","mrMLM","NsiI.TP686119","11","17588","0.0076","0.144","G"
"4","Trait5","mrMLM","NsiI.TP686580","11","17589","-5.7775e-06","0.0013","C"
"4","Trait5","mrMLM","NsiI.TP686784","11","17590","0.0268","0.3675","C"
"4","Trait5","mrMLM","NsiI.TP687090","11","17591","-9.4422e-06","0.0021","A"
"4","Trait5","mrMLM","NsiI.TP687110","11","17592","4.8354e-06","0.0011","A"
"4","Trait5","mrMLM","NsiI.TP687145","11","17593","-2.5752e-05","0.0056","G"
"4","Trait5","mrMLM","NsiI.TP687188","11","17594","-3.3615e-06","7e-04","A"
"4","Trait5","mrMLM","NsiI.TP687395","11","17595","9.47e-06","0.0021","A"
"4","Trait5","mrMLM","NsiI.TP687472","11","17596","-1.6256e-06","4e-04","G"
"4","Trait5","mrMLM","NsiI.TP687623","11","17598","8.6372e-06","0.0019","C"
"4","Trait5","mrMLM","NsiI.TP687653","11","17599","-2.7355e-05","0.006","C"
"4","Trait5","mrMLM","NsiI.TP687919","11","17600","-0.0164","0.2484","C"
"4","Trait5","mrMLM","NsiI.TP687931","11","17601","1.2565e-05","0.0027","C"
"4","Trait5","mrMLM","NsiI.TP687982","11","17602","3.1149e-06","7e-04","A"
"4","Trait5","mrMLM","NsiI.TP688250","11","17603","-9.1623e-06","0.002","C"
"4","Trait5","mrMLM","NsiI.TP688769","11","17608","8.2435e-06","0.0018","C"
"4","Trait5","mrMLM","NsiI.TP688777","11","17609","-1.7303e-05","0.0038","A"
"4","Trait5","mrMLM","NsiI.TP688823","11","17610","-0.2529","1.2759","A"
"4","Trait5","mrMLM","NsiI.TP688826","11","17611","0.0046","0.1134","A"
"4","Trait5","mrMLM","NsiI.TP688991","11","17612","1.4966e-05","0.0033","C"
"4","Trait5","mrMLM","NsiI.TP689183","11","17613","1.0263e-05","0.0022","C"
"4","Trait5","mrMLM","NsiI.TP689210","11","17615","3.0236e-05","0.0066","C"
"4","Trait5","mrMLM","NsiI.TP689265","11","17616","1.1139e-05","0.0024","C"
"4","Trait5","mrMLM","NsiI.TP689303","11","17617","0.0933","0.6621","C"
"4","Trait5","mrMLM","NsiI.TP689317","11","17618","0.0393","0.3666","A"
"4","Trait5","mrMLM","NsiI.TP689330","11","17619","-1.9899e-05","0.0044","C"
"4","Trait5","mrMLM","NsiI.TP689359","11","17620","-6.2573e-06","0.0014","A"
"4","Trait5","mrMLM","NsiI.TP689629","11","17621","0.0532","0.6937","A"
"4","Trait5","mrMLM","NsiI.TP689875","11","17622","0.1697","0.8584","A"
"4","Trait5","mrMLM","NsiI.TP689944","11","17623","-0.0388","0.4171","A"
"4","Trait5","mrMLM","NsiI.TP689967","11","17624","-8.826e-06","0.0019","C"
"4","Trait5","mrMLM","NsiI.TP689973","11","17625","-0.0254","0.305","A"
"4","Trait5","mrMLM","NsiI.TP690172","11","17627","-2.2121e-06","5e-04","A"
"4","Trait5","mrMLM","NsiI.TP690545","11","17632","-0.0673","0.7635","C"
"4","Trait5","mrMLM","NsiI.TP690675","11","17634","-2.1833e-05","0.0048","C"
"4","Trait5","mrMLM","NsiI.TP690881","11","17635","-1.2636e-05","0.0028","C"
"4","Trait5","mrMLM","NsiI.TP691074","11","17638","-5.5878e-06","0.0012","C"
"4","Trait5","mrMLM","NsiI.TP691414","11","17639","0.0901","0.7797","A"
"4","Trait5","mrMLM","NsiI.TP691582","11","17641","-1.5291e-05","0.0033","C"
"4","Trait5","mrMLM","NsiI.TP691583","11","17642","4.6695e-06","0.001","C"
"4","Trait5","mrMLM","NsiI.TP691592","11","17643","-3.9337e-06","9e-04","C"
"4","Trait5","mrMLM","NsiI.TP691641","11","17644","-0.0414","0.4867","A"
"4","Trait5","mrMLM","NsiI.TP692129","11","17648","0.037","0.2702","A"
"4","Trait5","mrMLM","NsiI.TP692236","11","17649","1.585e-05","0.0035","A"
"4","Trait5","mrMLM","NsiI.TP692248","11","17650","2.1458e-05","0.0047","A"
"4","Trait5","mrMLM","NsiI.TP692491","11","17651","7.8031e-06","0.0017","G"
"4","Trait5","mrMLM","NsiI.TP692508","11","17652","-2.6511e-05","0.0058","C"
"4","Trait5","mrMLM","NsiI.TP692624","11","17654","1.5229e-05","0.0033","G"
"4","Trait5","mrMLM","NsiI.TP693377","11","17658","-1.5696e-06","3e-04","C"
"4","Trait5","mrMLM","NsiI.TP693422","11","17660","0.0531","0.2173","C"
"4","Trait5","mrMLM","NsiI.TP693565","11","17661","1.9543e-05","0.0043","C"
"4","Trait5","mrMLM","NsiI.TP693629","11","17662","-1.5892e-05","0.0035","A"
"4","Trait5","mrMLM","NsiI.TP693646","11","17663","1.7541e-05","0.0038","C"
"4","Trait5","mrMLM","NsiI.TP693668","11","17664","1.1452e-05","0.0025","A"
"4","Trait5","mrMLM","NsiI.TP693676","11","17665","-4.7543e-06","0.001","C"
"4","Trait5","mrMLM","NsiI.TP693683","11","17666","-2.3051e-07","5.0168e-05","A"
"4","Trait5","mrMLM","NsiI.TP693729","11","17667","-0.0297","0.2642","C"
"4","Trait5","mrMLM","NsiI.TP693731","11","17668","-0.0671","0.8719","C"
"4","Trait5","mrMLM","NsiI.TP693776","11","17669","1.8561e-05","0.0041","C"
"4","Trait5","mrMLM","NsiI.TP694131","11","17671","1.6892e-05","0.0037","A"
"4","Trait5","mrMLM","NsiI.TP694209","11","17673","9.879e-06","0.0022","C"
"4","Trait5","mrMLM","NsiI.TP694256","11","17674","0.1804","1.0553","C"
"4","Trait5","mrMLM","NsiI.TP694568","11","17677","5.8782e-06","0.0013","C"
"4","Trait5","mrMLM","NsiI.TP694811","11","17679","0.0408","0.1963","A"
"4","Trait5","mrMLM","NsiI.TP694812","11","17680","-5.8788e-06","0.0013","C"
"4","Trait5","mrMLM","NsiI.TP694818","11","17682","8.4067e-06","0.0018","A"
"4","Trait5","mrMLM","NsiI.TP694893","11","17684","-2.2318e-05","0.0049","A"
"4","Trait5","mrMLM","NsiI.TP695058","11","17685","7e-04","0.0359","G"
"4","Trait5","mrMLM","NsiI.TP695064","11","17686","7.3604e-06","0.0016","A"
"4","Trait5","mrMLM","NsiI.TP695121","11","17687","2.5591e-05","0.0056","A"
"4","Trait5","mrMLM","NsiI.TP695292","11","17688","-4.8171e-06","0.001","A"
"4","Trait5","mrMLM","NsiI.TP695299","11","17689","-1.8459e-05","0.004","A"
"4","Trait5","mrMLM","NsiI.TP695304","11","17690","-2.1491e-05","0.0047","G"
"4","Trait5","mrMLM","NsiI.TP695418","11","17692","6.1156e-06","0.0013","A"
"4","Trait5","mrMLM","NsiI.TP695487","11","17693","1.3799e-06","3e-04","C"
"4","Trait5","mrMLM","NsiI.TP695766","11","17695","2.0887e-05","0.0046","A"
"4","Trait5","mrMLM","NsiI.TP695932","11","17696","0.1469","1.2752","A"
"4","Trait5","mrMLM","NsiI.TP696038","11","17699","-1.0532e-05","0.0023","A"
"4","Trait5","mrMLM","NsiI.TP696555","11","17701","0.0316","0.2508","A"
"4","Trait5","mrMLM","NsiI.TP696722","11","17702","-0.1737","1.7838","C"
"4","Trait5","mrMLM","NsiI.TP696909","11","17703","-1.3612e-05","0.003","A"
"4","Trait5","mrMLM","NsiI.TP696957","11","17704","6.9861e-06","0.0015","A"
"4","Trait5","mrMLM","NsiI.TP697010","11","17706","3.2099e-05","0.007","A"
"4","Trait5","mrMLM","NsiI.TP697028","11","17707","-3.5341e-05","0.0078","A"
"4","Trait5","mrMLM","NsiI.TP697075","11","17708","-8.8132e-08","1.9179e-05","A"
"4","Trait5","mrMLM","NsiI.TP697313","11","17709","-7.9583e-06","0.0017","A"
"4","Trait5","mrMLM","NsiI.TP697340","11","17711","-0.1881","0.8829","A"
"4","Trait5","mrMLM","NsiI.TP697359","11","17712","-0.1669","1.0966","C"
"4","Trait5","mrMLM","NsiI.TP697504","11","17714","0.1814","0.9495","A"
"4","Trait5","mrMLM","NsiI.TP697661","11","17716","-8.0314e-06","0.0018","A"
"4","Trait5","mrMLM","NsiI.TP697722","11","17717","-3.5192e-06","8e-04","C"
"4","Trait5","mrMLM","NsiI.TP697750","11","17718","-1.0911e-05","0.0024","A"
"4","Trait5","mrMLM","NsiI.TP697867","11","17722","-0.0771","0.682","A"
"4","Trait5","mrMLM","NsiI.TP697919","11","17723","-3.176e-05","0.007","C"
"4","Trait5","mrMLM","NsiI.TP697941","11","17724","-9.401e-06","0.0021","G"
"4","Trait5","mrMLM","NsiI.TP698028","11","17725","-0.0826","0.3665","A"
"4","Trait5","mrMLM","NsiI.TP698207","11","17727","2.2599e-05","0.0049","C"
"4","Trait5","mrMLM","NsiI.TP698238","11","17728","2.5622e-06","6e-04","C"
"4","Trait5","mrMLM","NsiI.TP698266","11","17729","3.861e-05","0.0085","C"
"4","Trait5","mrMLM","NsiI.TP698283","11","17730","-1.1415e-05","0.0025","A"
"4","Trait5","mrMLM","NsiI.TP698289","11","17731","-1.2376e-05","0.0027","C"
"4","Trait5","mrMLM","NsiI.TP698389","11","17732","-1.2178e-05","0.0027","A"
"4","Trait5","mrMLM","NsiI.TP698766","11","17735","-1.4668e-05","0.0032","A"
"4","Trait5","mrMLM","NsiI.TP698837","11","17737","8.9597e-06","0.002","C"
"4","Trait5","mrMLM","NsiI.TP699401","11","17739","4.9139e-06","0.0011","C"
"4","Trait5","mrMLM","NsiI.TP699960","11","17742","-0.0222","0.2267","C"
"4","Trait5","mrMLM","NsiI.TP700221","11","17744","2.1432e-05","0.0047","A"
"4","Trait5","mrMLM","NsiI.TP700450","11","17745","-2.1246e-05","0.0046","A"
"4","Trait5","mrMLM","NsiI.TP700674","11","17746","4.433e-06","0.001","A"
"4","Trait5","mrMLM","NsiI.TP700793","11","17747","-1.209e-05","0.0026","A"
"4","Trait5","mrMLM","NsiI.TP700899","11","17748","-0.0605","0.6644","A"
"4","Trait5","mrMLM","NsiI.TP701108","11","17750","-0.0328","0.3631","A"
"4","Trait5","mrMLM","NsiI.TP701134","11","17751","2.0995e-06","5e-04","A"
"4","Trait5","mrMLM","NsiI.TP701593","11","17752","-2.2069e-05","0.0048","C"
"4","Trait5","mrMLM","NsiI.TP701668","11","17753","-1.1204e-05","0.0024","A"
"4","Trait5","mrMLM","NsiI.TP701672","11","17754","-1.5842e-05","0.0035","A"
"4","Trait5","mrMLM","NsiI.TP701762","11","17755","-3.788e-06","8e-04","A"
"4","Trait5","mrMLM","NsiI.TP701784","11","17756","-0.1972","1.1545","C"
"4","Trait5","mrMLM","NsiI.TP701791","11","17757","1.083e-05","0.0024","A"
"4","Trait5","mrMLM","NsiI.TP701894","11","17758","-3.7563e-06","8e-04","C"
"4","Trait5","mrMLM","NsiI.TP701952","11","17759","2.6247e-06","6e-04","A"
"4","Trait5","mrMLM","NsiI.TP701971","11","17760","-0.0666","0.5169","A"
"4","Trait5","mrMLM","NsiI.TP702251","11","17761","-1.4746e-06","3e-04","A"
"4","Trait5","mrMLM","NsiI.TP702531","11","17765","1.2529e-05","0.0027","A"
"4","Trait5","mrMLM","NsiI.TP702687","11","17766","-5.6066e-06","0.0012","A"
"4","Trait5","mrMLM","NsiI.TP702938","11","17769","-1.2465e-05","0.0027","C"
"4","Trait5","mrMLM","NsiI.TP702976","11","17770","-0.0464","0.5188","G"
"4","Trait5","mrMLM","NsiI.TP703062","11","17771","-5.1401e-06","0.0011","A"
"4","Trait5","mrMLM","NsiI.TP703064","11","17772","2.9498e-05","0.0065","A"
"4","Trait5","mrMLM","NsiI.TP703089","11","17773","9.962e-06","0.0022","A"
"4","Trait5","mrMLM","NsiI.TP703168","11","17774","-2.6972e-05","0.0059","C"
"4","Trait5","mrMLM","NsiI.TP703198","11","17775","-0.1348","0.7577","A"
"4","Trait5","mrMLM","NsiI.TP703369","11","17776","0.0584","0.7804","A"
"4","Trait5","mrMLM","NsiI.TP703496","11","17777","0.1316","0.9416","A"
"4","Trait5","mrMLM","NsiI.TP703599","11","17779","-4.6743e-07","1e-04","A"
"4","Trait5","mrMLM","NsiI.TP703637","11","17780","-0.1017","0.5593","C"
"4","Trait5","mrMLM","NsiI.TP703703","11","17781","-0.2045","1.9537","C"
"4","Trait5","mrMLM","NsiI.TP704052","11","17783","7.6511e-06","0.0017","A"
"4","Trait5","mrMLM","NsiI.TP704103","11","17785","-3.5222e-06","8e-04","C"
"4","Trait5","mrMLM","NsiI.TP704206","11","17787","-6.8672e-06","0.0015","A"
"4","Trait5","mrMLM","NsiI.TP704217","11","17788","0.0018","0.0633","C"
"4","Trait5","mrMLM","NsiI.TP704346","11","17789","0.0941","0.5604","A"
"4","Trait5","mrMLM","NsiI.TP704604","11","17792","0.1088","0.9886","A"
"4","Trait5","mrMLM","NsiI.TP704782","11","17795","-0.2025","1.2627","C"
"4","Trait5","mrMLM","NsiI.TP704785","11","17796","1.2267e-05","0.0027","A"
"4","Trait5","mrMLM","NsiI.TP704858","11","17797","0.1897","1.605","C"
"4","Trait5","mrMLM","NsiI.TP704916","11","17798","1.6e-05","0.0035","C"
"4","Trait5","mrMLM","NsiI.TP704953","11","17799","0.0743","0.3589","A"
"4","Trait5","mrMLM","NsiI.TP705001","11","17801","-1.8792e-05","0.0041","C"
"4","Trait5","mrMLM","NsiI.TP705137","11","17802","1.3409e-05","0.0029","A"
"4","Trait5","mrMLM","NsiI.TP705359","11","17803","-1.3265e-05","0.0029","C"
"4","Trait5","mrMLM","NsiI.TP705395","11","17804","-1.2697e-05","0.0028","C"
"4","Trait5","mrMLM","NsiI.TP705462","11","17805","-1.1793e-05","0.0026","C"
"4","Trait5","mrMLM","NsiI.TP705516","11","17807","1.151e-05","0.0025","A"
"4","Trait5","mrMLM","NsiI.TP705689","11","17810","1.7902e-05","0.0039","C"
"4","Trait5","mrMLM","NsiI.TP705700","11","17811","-0.0395","0.29","A"
"4","Trait5","mrMLM","NsiI.TP705713","11","17812","-2.3386e-05","0.0051","C"
"4","Trait5","mrMLM","NsiI.TP705776","11","17813","2.6875e-06","6e-04","C"
"4","Trait5","mrMLM","NsiI.TP705862","11","17814","0.0026","0.0533","A"
"4","Trait5","mrMLM","NsiI.TP705906","11","17815","0.076","0.4213","A"
"4","Trait5","mrMLM","NsiI.TP705916","11","17816","1.4271e-05","0.0031","A"
"4","Trait5","mrMLM","NsiI.TP706024","11","17817","0.0216","0.1563","C"
"4","Trait5","mrMLM","NsiI.TP706149","11","17819","7.8217e-06","0.0017","C"
"4","Trait5","mrMLM","NsiI.TP706204","11","17820","1.4487e-05","0.0032","C"
"4","Trait5","mrMLM","NsiI.TP706248","11","17821","1.9892e-05","0.0044","C"
"4","Trait5","mrMLM","NsiI.TP706277","11","17822","-0.1419","0.9587","A"
"4","Trait5","mrMLM","NsiI.TP706384","11","17824","2.25e-05","0.0049","C"
"4","Trait5","mrMLM","NsiI.TP706396","11","17825","-1.8518e-05","0.004","A"
"4","Trait5","mrMLM","NsiI.TP706441","11","17826","-5.6559e-06","0.0012","C"
"4","Trait5","mrMLM","NsiI.TP706672","11","17828","-8.6229e-06","0.0019","A"
"4","Trait5","mrMLM","NsiI.TP706681","11","17829","-5.9102e-06","0.0013","C"
"4","Trait5","mrMLM","NsiI.TP706683","11","17830","0.1387","0.7528","A"
"4","Trait5","mrMLM","NsiI.TP706701","11","17831","-0.411","3.3052","A"
"4","Trait5","mrMLM","NsiI.TP706862","11","17832","4.0371e-05","0.0089","A"
"4","Trait5","mrMLM","NsiI.TP706931","11","17833","-0.1563","0.7982","A"
"4","Trait5","mrMLM","NsiI.TP706961","11","17835","-0.0456","0.2112","C"
"4","Trait5","mrMLM","NsiI.TP706966","11","17836","-6.2788e-06","0.0014","A"
"4","Trait5","mrMLM","NsiI.TP706977","11","17837","0.0909","0.406","C"
"4","Trait5","mrMLM","NsiI.TP707069","11","17839","-0.0028","0.0851","C"
"4","Trait5","mrMLM","NsiI.TP707081","11","17840","0.1071","0.7553","C"
"4","Trait5","mrMLM","NsiI.TP707307","11","17842","0.0807","0.789","G"
"4","Trait5","mrMLM","NsiI.TP707407","11","17844","1.0479e-05","0.0023","A"
"4","Trait5","mrMLM","NsiI.TP707600","11","17845","0.0384","0.3923","A"
"4","Trait5","mrMLM","NsiI.TP707818","11","17846","-9.3439e-06","0.002","A"
"4","Trait5","mrMLM","NsiI.TP708263","11","17847","-2.2859e-05","0.005","A"
"4","Trait5","mrMLM","NsiI.TP708320","11","17849","0.1044","0.692","C"
"4","Trait5","mrMLM","NsiI.TP708365","11","17850","0.0754","0.6393","A"
"4","Trait5","mrMLM","NsiI.TP708440","11","17852","-2.0056e-05","0.0044","A"
"4","Trait5","mrMLM","NsiI.TP708480","11","17853","-2.9845e-05","0.0065","C"
"4","Trait5","mrMLM","NsiI.TP708539","11","17854","2.3611e-05","0.0052","C"
"4","Trait5","mrMLM","NsiI.TP708561","11","17855","-2.3543e-05","0.0052","C"
"4","Trait5","mrMLM","NsiI.TP708836","11","17857","0.2079","1.851","A"
"4","Trait5","mrMLM","NsiI.TP708843","11","17858","-1.203e-05","0.0026","A"
"4","Trait5","mrMLM","NsiI.TP708852","11","17859","-2.2802e-05","0.005","A"
"4","Trait5","mrMLM","NsiI.TP708868","11","17860","0.0192","0.1858","C"
"4","Trait5","mrMLM","NsiI.TP708907","11","17861","-7.2969e-06","0.0016","A"
"4","Trait5","mrMLM","NsiI.TP708917","11","17862","2.8242e-05","0.0062","A"
"4","Trait5","mrMLM","NsiI.TP709042","11","17863","-4.6665e-06","0.001","A"
"4","Trait5","mrMLM","NsiI.TP709151","11","17865","-1.4531e-05","0.0032","C"
"4","Trait5","mrMLM","NsiI.TP709190","11","17866","-1.1987e-05","0.0026","C"
"4","Trait5","mrMLM","NsiI.TP709445","11","17868","1.8094e-05","0.004","C"
"4","Trait5","mrMLM","NsiI.TP709471","11","17869","2.1069e-06","5e-04","A"
"4","Trait5","mrMLM","NsiI.TP709489","11","17870","-2.2151e-07","4.8212e-05","A"
"4","Trait5","mrMLM","NsiI.TP709794","11","17871","-9.4132e-06","0.0021","C"
"4","Trait5","mrMLM","NsiI.TP709972","11","17872","1.7769e-05","0.0039","C"
"4","Trait5","mrMLM","NsiI.TP710370","11","17875","2.5137e-05","0.0055","C"
"4","Trait5","mrMLM","NsiI.TP710424","11","17877","-2.1463e-05","0.0047","C"
"4","Trait5","mrMLM","NsiI.TP710558","11","17880","-0.1667","1.3736","C"
"4","Trait5","mrMLM","NsiI.TP710614","11","17881","-0.0246","0.2142","C"
"4","Trait5","mrMLM","NsiI.TP710685","11","17883","1.2738e-05","0.0028","A"
"4","Trait5","mrMLM","NsiI.TP710713","11","17884","5.8857e-06","0.0013","C"
"4","Trait5","mrMLM","NsiI.TP710737","11","17885","-8.4316e-06","0.0018","A"
"4","Trait5","mrMLM","NsiI.TP710759","11","17886","-2.8766e-06","6e-04","A"
"4","Trait5","mrMLM","NsiI.TP710806","11","17887","-3.2381e-05","0.0071","A"
"4","Trait5","mrMLM","NsiI.TP710816","11","17888","-0.1409","0.7633","A"
"4","Trait5","mrMLM","NsiI.TP710907","11","17889","3.2775e-07","7.1332e-05","A"
"4","Trait5","mrMLM","NsiI.TP710914","11","17890","2.5568e-06","6e-04","A"
"4","Trait5","mrMLM","NsiI.TP710917","11","17891","-1.5543e-05","0.0034","A"
"4","Trait5","mrMLM","NsiI.TP710975","11","17893","0.1362","0.6041","A"
"4","Trait5","mrMLM","NsiI.TP710986","11","17894","0.1005","0.8869","A"
"4","Trait5","mrMLM","NsiI.TP711020","11","17897","1.092e-05","0.0024","C"
"4","Trait5","mrMLM","NsiI.TP711155","11","17898","2.3832e-05","0.0052","C"
"4","Trait5","mrMLM","NsiI.TP711166","11","17899","1.4162e-06","3e-04","C"
"4","Trait5","mrMLM","NsiI.TP711668","11","17900","1.0822e-06","2e-04","A"
"4","Trait5","mrMLM","NsiI.TP711909","11","17901","0.0106","0.1686","A"
"4","Trait5","mrMLM","NsiI.TP712004","11","17903","-8.024e-06","0.0017","G"
"4","Trait5","mrMLM","NsiI.TP712033","11","17904","4.2377e-06","9e-04","C"
"4","Trait5","mrMLM","NsiI.TP712102","11","17905","0.158","0.6324","C"
"4","Trait5","mrMLM","NsiI.TP712124","11","17906","1.2396e-05","0.0027","A"
"4","Trait5","mrMLM","NsiI.TP712567","11","17908","8.2506e-08","1.7959e-05","C"
"4","Trait5","mrMLM","NsiI.TP712607","11","17910","-0.0743","0.6098","C"
"4","Trait5","mrMLM","NsiI.TP712786","11","17911","1.5607e-05","0.0034","C"
"4","Trait5","mrMLM","NsiI.TP712947","11","17912","0.0103","0.1413","C"
"4","Trait5","mrMLM","NsiI.TP713142","11","17913","-0.0319","0.3829","C"
"4","Trait5","mrMLM","NsiI.TP713418","11","17914","1.1223e-05","0.0024","C"
"4","Trait5","mrMLM","NsiI.TP713435","11","17915","0.2673","3.1818","C"
"4","Trait5","mrMLM","NsiI.TP713437","11","17916","-0.0542","0.3694","G"
"4","Trait5","mrMLM","NsiI.TP713895","11","17919","-1.0193e-05","0.0022","A"
"4","Trait5","mrMLM","NsiI.TP713928","11","17920","-0.0895","0.5455","A"
"4","Trait5","mrMLM","NsiI.TP714128","11","17921","3.593e-06","8e-04","C"
"4","Trait5","mrMLM","NsiI.TP714144","11","17922","1.0082e-05","0.0022","C"
"4","Trait5","mrMLM","NsiI.TP714188","11","17923","-1.5956e-06","3e-04","A"
"4","Trait5","mrMLM","NsiI.TP714330","11","17924","1.2066e-05","0.0026","A"
"4","Trait5","mrMLM","NsiI.TP714342","11","17925","1e-04","0.0095","G"
"4","Trait5","mrMLM","NsiI.TP714398","11","17926","-1.6974e-07","3.6944e-05","A"
"4","Trait5","mrMLM","NsiI.TP714678","11","17927","0.2371","1.5048","C"
"4","Trait5","mrMLM","NsiI.TP714726","11","17928","-0.0415","0.3608","C"
"4","Trait5","mrMLM","NsiI.TP714864","11","17931","-1.1763e-05","0.0026","A"
"4","Trait5","mrMLM","NsiI.TP714921","11","17932","-0.1597","1.8944","C"
"4","Trait5","mrMLM","NsiI.TP714954","11","17934","-2.1675e-06","5e-04","A"
"4","Trait5","mrMLM","NsiI.TP715038","11","17936","-3.2062e-05","0.007","A"
"4","Trait5","mrMLM","NsiI.TP715149","11","17939","-2.0926e-07","4.554e-05","C"
"4","Trait5","mrMLM","NsiI.TP715168","11","17940","0.0197","0.2472","A"
"4","Trait5","mrMLM","NsiI.TP715339","11","17943","2.0511e-05","0.0045","A"
"4","Trait5","mrMLM","NsiI.TP715464","11","17944","0.004","0.0826","A"
"4","Trait5","mrMLM","NsiI.TP715620","11","17946","0.1945","2.0113","A"
"4","Trait5","mrMLM","NsiI.TP715632","11","17947","-1.61e-05","0.0035","C"
"4","Trait5","mrMLM","NsiI.TP715828","11","17949","2.9408e-05","0.0064","A"
"4","Trait5","mrMLM","NsiI.TP716000","11","17950","-1.2215e-06","3e-04","G"
"4","Trait5","mrMLM","NsiI.TP716024","11","17951","2.9899e-05","0.0066","A"
"4","Trait5","mrMLM","NsiI.TP716106","11","17952","-2.1521e-05","0.0047","G"
"4","Trait5","mrMLM","NsiI.TP716122","11","17953","1.7237e-05","0.0038","A"
"4","Trait5","mrMLM","NsiI.TP716139","11","17954","-5.4882e-06","0.0012","A"
"4","Trait5","mrMLM","NsiI.TP716271","11","17956","0.0727","0.4243","A"
"4","Trait5","mrMLM","NsiI.TP716281","11","17957","-0.0482","0.6035","C"
"4","Trait5","mrMLM","NsiI.TP716296","11","17958","0.2264","1.1335","A"
"4","Trait5","mrMLM","NsiI.TP716302","11","17959","-0.0211","0.2602","C"
"4","Trait5","mrMLM","NsiI.TP716358","11","17960","-1.5695e-05","0.0034","C"
"4","Trait5","mrMLM","NsiI.TP716684","11","17963","1.5467e-05","0.0034","A"
"4","Trait5","mrMLM","NsiI.TP716754","11","17965","9.8962e-06","0.0022","C"
"4","Trait5","mrMLM","NsiI.TP716782","11","17967","-3.4081e-06","7e-04","A"
"4","Trait5","mrMLM","NsiI.TP717028","11","17968","-0.1711","1.1388","C"
"4","Trait5","mrMLM","NsiI.TP717563","11","17975","2.1453e-05","0.0047","A"
"4","Trait5","mrMLM","NsiI.TP718245","11","17978","-1.6443e-05","0.0036","C"
"4","Trait5","mrMLM","NsiI.TP718259","11","17979","-1.5319e-06","3e-04","G"
"4","Trait5","mrMLM","NsiI.TP718317","11","17980","-0.067","0.7979","C"
"4","Trait5","mrMLM","NsiI.TP718410","11","17981","9.0756e-07","2e-04","A"
"4","Trait5","mrMLM","NsiI.TP718474","11","17983","-2.878e-06","6e-04","C"
"4","Trait5","mrMLM","NsiI.TP718476","11","17984","2.326e-05","0.0051","A"
"4","Trait5","mrMLM","NsiI.TP718935","11","17986","-1.774e-05","0.0039","C"
"4","Trait5","mrMLM","NsiI.TP719297","11","17990","6.2687e-06","0.0014","C"
"4","Trait5","mrMLM","NsiI.TP719628","11","17992","-1.7041e-06","4e-04","G"
"4","Trait5","mrMLM","NsiI.TP719759","11","17993","-0.3022","1.2875","A"
"4","Trait5","mrMLM","NsiI.TP719810","11","17994","9.8791e-06","0.0022","A"
"4","Trait5","mrMLM","NsiI.TP719903","11","17995","-8.9215e-07","2e-04","C"
"4","Trait5","mrMLM","NsiI.TP719981","11","17997","-6.2246e-06","0.0014","C"
"4","Trait5","mrMLM","NsiI.TP720017","11","17998","-4.5576e-06","0.001","A"
"4","Trait5","mrMLM","NsiI.TP720058","11","17999","-1.4047e-05","0.0031","A"
"4","Trait5","mrMLM","NsiI.TP720148","11","18000","-1.8634e-05","0.0041","C"
"4","Trait5","mrMLM","NsiI.TP720303","11","18002","-2.8608e-05","0.0063","A"
"4","Trait5","mrMLM","NsiI.TP720310","11","18003","0.2374","1.3207","A"
"4","Trait5","mrMLM","NsiI.TP720396","11","18004","-3.4566e-05","0.0076","A"
"4","Trait5","mrMLM","NsiI.TP720511","11","18007","1.2111e-05","0.0026","C"
"4","Trait5","mrMLM","NsiI.TP720542","11","18009","-6.0539e-06","0.0013","A"
"4","Trait5","mrMLM","NsiI.TP720698","11","18010","1.5426e-05","0.0034","C"
"4","Trait5","mrMLM","NsiI.TP720994","11","18012","-1.0053e-05","0.0022","A"
"4","Trait5","mrMLM","NsiI.TP721018","11","18013","-1.4777e-05","0.0032","G"
"4","Trait5","mrMLM","NsiI.TP721063","11","18014","7.4943e-06","0.0016","A"
"4","Trait5","mrMLM","NsiI.TP721094","11","18015","7.1932e-06","0.0016","A"
"4","Trait5","mrMLM","NsiI.TP721710","11","18017","1.593e-05","0.0035","A"
"4","Trait5","mrMLM","NsiI.TP721756","11","18018","4.2718e-05","0.0094","G"
"4","Trait5","mrMLM","NsiI.TP721969","11","18020","1.2725e-05","0.0028","C"
"4","Trait5","mrMLM","NsiI.TP722048","11","18022","-7.0876e-06","0.0015","C"
"4","Trait5","mrMLM","NsiI.TP722177","11","18024","1.1552e-06","3e-04","A"
"4","Trait5","mrMLM","NsiI.TP722300","11","18025","3.692e-05","0.0081","C"
"4","Trait5","mrMLM","NsiI.TP722431","11","18026","-3.4454e-06","8e-04","A"
"4","Trait5","mrMLM","NsiI.TP722762","11","18028","-2.2522e-05","0.0049","G"
"4","Trait5","mrMLM","NsiI.TP722813","11","18030","1.2132e-05","0.0026","C"
"4","Trait5","mrMLM","NsiI.TP723025","11","18031","-5.2803e-06","0.0012","C"
"4","Trait5","mrMLM","NsiI.TP723097","11","18034","0.0522","0.44","A"
"4","Trait5","mrMLM","NsiI.TP723260","11","18036","-0.1014","1.0352","C"
"4","Trait5","mrMLM","NsiI.TP723262","11","18037","5.9508e-06","0.0013","A"
"4","Trait5","mrMLM","NsiI.TP723468","11","18040","0.0041","0.0856","C"
"4","Trait5","mrMLM","NsiI.TP723786","11","18041","0.0011","0.0461","G"
"4","Trait5","mrMLM","NsiI.TP723787","11","18042","7.9074e-06","0.0017","C"
"4","Trait5","mrMLM","NsiI.TP723925","11","18044","9.5612e-06","0.0021","C"
"4","Trait5","mrMLM","NsiI.TP724010","11","18045","7.0056e-06","0.0015","A"
"4","Trait5","mrMLM","NsiI.TP724026","11","18046","0.0152","0.2587","C"
"4","Trait5","mrMLM","NsiI.TP724189","11","18049","0.1223","0.854","C"
"4","Trait5","mrMLM","NsiI.TP724994","11","18051","1.2413e-05","0.0027","A"
"4","Trait5","mrMLM","NsiI.TP725146","11","18052","3.5222e-05","0.0077","A"
"4","Trait5","mrMLM","NsiI.TP725266","11","18053","-0.2969","1.7684","C"
"4","Trait5","mrMLM","NsiI.TP725330","11","18054","0.1051","0.915","A"
"4","Trait5","mrMLM","NsiI.TP725362","11","18055","0.0012","0.0459","A"
"4","Trait5","mrMLM","NsiI.TP725502","11","18057","4.1288e-06","9e-04","A"
"4","Trait5","mrMLM","NsiI.TP725567","11","18058","0.1248","0.7087","A"
"4","Trait5","mrMLM","NsiI.TP726610","11","18059","-0.1106","0.4706","C"
"4","Trait5","mrMLM","NsiI.TP726622","11","18060","-0.2615","1.1588","C"
"4","Trait5","mrMLM","NsiI.TP726655","11","18061","-5.5032e-06","0.0012","A"
"4","Trait5","mrMLM","NsiI.TP726703","11","18062","0.0881","1.1869","C"
"4","Trait5","mrMLM","NsiI.TP726942","11","18063","1.7161e-05","0.0038","A"
"4","Trait5","mrMLM","NsiI.TP726982","11","18064","-0.0257","0.2524","C"
"4","Trait5","mrMLM","NsiI.TP726987","11","18065","0.1853","1.2467","C"
"4","Trait5","mrMLM","NsiI.TP727098","11","18066","-3.1392e-05","0.0069","C"
"4","Trait5","mrMLM","NsiI.TP727186","11","18067","1.1851e-05","0.0026","C"
"4","Trait5","mrMLM","NsiI.TP727988","11","18069","-5.9782e-06","0.0013","C"
"4","Trait5","mrMLM","NsiI.TP728403","11","18070","2.3366e-05","0.0051","A"
"4","Trait5","mrMLM","NsiI.TP728788","11","18071","1.0712e-05","0.0023","C"
"4","Trait5","mrMLM","NsiI.TP729037","11","18073","-0.0442","0.5343","C"
"4","Trait5","mrMLM","NsiI.TP729087","11","18074","1.0533e-05","0.0023","C"
"4","Trait5","mrMLM","NsiI.TP729322","11","18076","-9.846e-06","0.0021","C"
"4","Trait5","mrMLM","NsiI.TP729673","11","18080","0.0874","0.8043","C"
"4","Trait5","mrMLM","NsiI.TP729691","11","18081","1.9815e-05","0.0043","A"
"4","Trait5","mrMLM","NsiI.TP729698","11","18082","-1.9137e-05","0.0042","C"
"4","Trait5","mrMLM","NsiI.TP730351","11","18084","0.0079","0.1472","C"
"4","Trait5","mrMLM","NsiI.TP730471","11","18085","-7.5997e-06","0.0017","A"
"4","Trait5","mrMLM","NsiI.TP730545","11","18087","1.2156e-05","0.0027","C"
"4","Trait5","mrMLM","NsiI.TP730614","11","18088","-2.305e-05","0.005","C"
"4","Trait5","mrMLM","NsiI.TP730817","11","18090","2.0874e-06","5e-04","C"
"4","Trait5","mrMLM","NsiI.TP730827","11","18091","2.9821e-05","0.0065","A"
"4","Trait5","mrMLM","NsiI.TP730868","11","18092","-7.535e-06","0.0016","A"
"4","Trait5","mrMLM","NsiI.TP730965","11","18093","0.1038","1.11","A"
"4","Trait5","mrMLM","NsiI.TP731030","11","18095","0.1212","0.4888","C"
"4","Trait5","mrMLM","NsiI.TP731293","11","18096","-6.2723e-06","0.0014","A"
"4","Trait5","mrMLM","NsiI.TP731302","11","18097","-4.3844e-06","0.001","C"
"4","Trait5","mrMLM","NsiI.TP731490","11","18098","-0.039","0.4569","A"
"4","Trait5","mrMLM","NsiI.TP731536","11","18099","1.9695e-05","0.0043","A"
"4","Trait5","mrMLM","NsiI.TP731617","11","18100","-1.8904e-05","0.0041","A"
"4","Trait5","mrMLM","NsiI.TP731629","11","18101","3.1298e-06","7e-04","A"
"4","Trait5","mrMLM","NsiI.TP731646","11","18102","-1.4504e-05","0.0032","A"
"4","Trait5","mrMLM","NsiI.TP731678","11","18103","-2.6362e-05","0.0058","C"
"4","Trait5","mrMLM","NsiI.TP731691","11","18104","-1.9679e-05","0.0043","C"
"4","Trait5","mrMLM","NsiI.TP731812","11","18106","0.2109","1.1556","C"
"4","Trait5","mrMLM","NsiI.TP731856","11","18107","-0.0085","0.1405","C"
"4","Trait5","mrMLM","NsiI.TP731857","11","18108","-4.627e-06","0.001","C"
"4","Trait5","mrMLM","NsiI.TP732055","11","18109","-1.5513e-05","0.0034","C"
"4","Trait5","mrMLM","NsiI.TP732085","11","18110","-2.6049e-05","0.0057","C"
"4","Trait5","mrMLM","NsiI.TP732133","11","18112","-2.1129e-05","0.0046","C"
"4","Trait5","mrMLM","NsiI.TP732153","11","18113","-1.1375e-05","0.0025","C"
"4","Trait5","mrMLM","NsiI.TP732249","11","18115","-0.0718","0.5761","A"
"4","Trait5","mrMLM","NsiI.TP732250","11","18116","-0.0902","0.5162","C"
"4","Trait5","mrMLM","NsiI.TP732537","11","18118","1.0346e-05","0.0023","A"
"4","Trait5","mrMLM","NsiI.TP732539","11","18119","0.0121","0.1411","C"
"4","Trait5","mrMLM","NsiI.TP732585","11","18120","-1.3362e-05","0.0029","A"
"4","Trait5","mrMLM","NsiI.TP732679","11","18121","-2.4783e-05","0.0054","C"
"4","Trait5","mrMLM","NsiI.TP732684","11","18122","4.067e-06","9e-04","A"
"4","Trait5","mrMLM","NsiI.TP732714","11","18123","8.9451e-06","0.002","C"
"4","Trait5","mrMLM","NsiI.TP732958","11","18125","0.0171","0.1668","A"
"4","Trait5","mrMLM","NsiI.TP733138","11","18126","1.6212e-07","3.5282e-05","A"
"4","Trait5","mrMLM","NsiI.TP733275","11","18127","2.501e-05","0.0055","C"
"4","Trait5","mrMLM","NsiI.TP733766","11","18129","-1.238e-05","0.0027","C"
"4","Trait5","mrMLM","NsiI.TP734072","11","18130","-3.2873e-05","0.0072","C"
"4","Trait5","mrMLM","NsiI.TP734463","11","18131","-0.1156","0.6178","C"
"4","Trait5","mrMLM","NsiI.TP734605","11","18132","-2.6016e-05","0.0057","A"
"4","Trait5","mrMLM","NsiI.TP734694","11","18133","-1.9208e-05","0.0042","C"
"4","Trait5","mrMLM","NsiI.TP734854","11","18135","-7.4875e-06","0.0016","A"
"4","Trait5","mrMLM","NsiI.TP734981","11","18136","-1.6933e-05","0.0037","C"
"4","Trait5","mrMLM","NsiI.TP735064","11","18137","-3.4066e-05","0.0075","A"
"4","Trait5","mrMLM","NsiI.TP735281","11","18138","-0.0873","0.4758","A"
"4","Trait5","mrMLM","NsiI.TP735682","11","18141","-7.3883e-06","0.0016","A"
"4","Trait5","mrMLM","NsiI.TP735702","11","18142","3.4318e-07","7.4716e-05","A"
"4","Trait5","mrMLM","NsiI.TP735839","11","18143","6.3413e-06","0.0014","A"
"4","Trait5","mrMLM","NsiI.TP735924","11","18144","-1.6541e-05","0.0036","C"
"4","Trait5","mrMLM","NsiI.TP736179","11","18146","0.2961","1.631","A"
"4","Trait5","mrMLM","NsiI.TP736273","11","18148","0.0296","0.3984","G"
"4","Trait5","mrMLM","NsiI.TP736287","11","18149","-0.1944","1.5137","C"
"4","Trait5","mrMLM","NsiI.TP736477","11","18151","-1.6816e-05","0.0037","C"
"4","Trait5","mrMLM","NsiI.TP736658","11","18152","8.3845e-06","0.0018","A"
"4","Trait5","mrMLM","NsiI.TP736659","11","18153","6.61e-06","0.0014","C"
"4","Trait5","mrMLM","NsiI.TP736660","11","18154","7.3513e-06","0.0016","G"
"4","Trait5","mrMLM","NsiI.TP736821","11","18156","0.1062","0.7441","C"
"4","Trait5","mrMLM","NsiI.TP736946","11","18157","-0.0205","0.3072","C"
"4","Trait5","mrMLM","NsiI.TP737150","11","18160","-0.0034","0.0733","C"
"4","Trait5","mrMLM","NsiI.TP737174","11","18161","2.2134e-05","0.0048","C"
"4","Trait5","mrMLM","NsiI.TP737533","11","18164","-1.8704e-05","0.0041","A"
"4","Trait5","mrMLM","NsiI.TP737845","11","18165","7.9667e-06","0.0017","C"
"4","Trait5","mrMLM","NsiI.TP737867","11","18167","-0.0217","0.194","A"
"4","Trait5","mrMLM","NsiI.TP737957","11","18168","-0.0498","0.5102","A"
"4","Trait5","mrMLM","NsiI.TP738000","11","18170","3.2142e-06","7e-04","C"
"4","Trait5","mrMLM","NsiI.TP738105","11","18171","-6.4582e-06","0.0014","A"
"4","Trait5","mrMLM","NsiI.TP738108","11","18172","-0.0779","0.323","A"
"4","Trait5","mrMLM","NsiI.TP738214","11","18173","4.4011e-06","0.001","C"
"4","Trait5","mrMLM","NsiI.TP738252","11","18174","4.882e-06","0.0011","G"
"4","Trait5","mrMLM","NsiI.TP738305","11","18175","0.011","0.1397","A"
"4","Trait5","mrMLM","NsiI.TP738394","11","18176","-1.0483e-05","0.0023","A"
"4","Trait5","mrMLM","NsiI.TP738505","11","18177","8.4147e-06","0.0018","A"
"4","Trait5","mrMLM","NsiI.TP738793","11","18179","-2.5641e-05","0.0056","A"
"4","Trait5","mrMLM","NsiI.TP738918","11","18181","0.1196","0.8111","A"
"4","Trait5","mrMLM","NsiI.TP738919","11","18182","0.174","1.1733","C"
"4","Trait5","mrMLM","NsiI.TP738981","11","18183","-0.1177","0.8866","A"
"4","Trait5","mrMLM","NsiI.TP739042","11","18185","-1.156e-05","0.0025","C"
"4","Trait5","mrMLM","NsiI.TP739142","11","18186","1.3318e-05","0.0029","C"
"4","Trait5","mrMLM","NsiI.TP739212","11","18187","4.4831e-06","0.001","A"
"4","Trait5","mrMLM","NsiI.TP739321","11","18189","-1.825e-05","0.004","A"
"4","Trait5","mrMLM","NsiI.TP739343","11","18190","0.1325","1.1378","A"
"4","Trait5","mrMLM","NsiI.TP739382","11","18191","-5.3866e-07","1e-04","C"
"4","Trait5","mrMLM","NsiI.TP739565","11","18192","-9.5611e-06","0.0021","A"
"4","Trait5","mrMLM","NsiI.TP740164","11","18193","-2.2193e-05","0.0049","C"
"4","Trait5","mrMLM","NsiI.TP740361","11","18195","6.3753e-07","1e-04","A"
"4","Trait5","mrMLM","NsiI.TP740377","11","18196","3.5076e-05","0.0077","C"
"4","Trait5","mrMLM","NsiI.TP740448","11","18197","-0.0507","0.2984","G"
"4","Trait5","mrMLM","NsiI.TP740692","11","18200","1.5181e-05","0.0033","C"
"4","Trait5","mrMLM","NsiI.TP741017","11","18201","-1.8534e-05","0.0041","A"
"4","Trait5","mrMLM","NsiI.TP741045","11","18202","-3.1204e-05","0.0068","A"
"4","Trait5","mrMLM","NsiI.TP741216","11","18203","-1.1455e-05","0.0025","C"
"4","Trait5","mrMLM","NsiI.TP741259","11","18204","0.0369","0.3993","A"
"4","Trait5","mrMLM","NsiI.TP741298","11","18205","1.5908e-05","0.0035","C"
"4","Trait5","mrMLM","NsiI.TP741302","11","18206","-7.2395e-07","2e-04","C"
"4","Trait5","mrMLM","NsiI.TP741309","11","18207","-6.96e-06","0.0015","A"
"4","Trait5","mrMLM","NsiI.TP741311","11","18208","1.908e-05","0.0042","C"
"4","Trait5","mrMLM","NsiI.TP741392","11","18210","-0.0736","0.3212","A"
"4","Trait5","mrMLM","NsiI.TP741499","11","18211","-1.0471e-05","0.0023","C"
"4","Trait5","mrMLM","NsiI.TP741558","11","18212","0.0409","0.32","C"
"4","Trait5","mrMLM","NsiI.TP741706","11","18214","2.3218e-05","0.0051","A"
"4","Trait5","mrMLM","NsiI.TP741754","11","18216","0.0884","0.7364","C"
"4","Trait5","mrMLM","NsiI.TP741904","11","18218","2.7912e-06","6e-04","A"
"4","Trait5","mrMLM","NsiI.TP742073","11","18220","-0.0481","0.2919","C"
"4","Trait5","mrMLM","NsiI.TP742436","11","18224","1.6948e-06","4e-04","C"
"4","Trait5","mrMLM","NsiI.TP742642","11","18225","-1.0816e-05","0.0024","C"
"4","Trait5","mrMLM","NsiI.TP742717","11","18226","0.0359","0.4722","A"
"4","Trait5","mrMLM","NsiI.TP742765","11","18227","-1.5732e-06","3e-04","C"
"4","Trait5","mrMLM","NsiI.TP742785","11","18229","-0.0611","0.4293","C"
"4","Trait5","mrMLM","NsiI.TP742798","11","18230","-0.0815","0.9626","G"
"4","Trait5","mrMLM","NsiI.TP742852","11","18231","-0.0545","0.3646","C"
"4","Trait5","mrMLM","NsiI.TP743045","11","18233","5.1463e-06","0.0011","G"
"4","Trait5","mrMLM","NsiI.TP743083","11","18234","-0.1194","0.5501","A"
"4","Trait5","mrMLM","NsiI.TP743231","11","18235","9.6325e-06","0.0021","A"
"4","Trait5","mrMLM","NsiI.TP743293","11","18236","9.1451e-06","0.002","A"
"4","Trait5","mrMLM","NsiI.TP743499","11","18238","-0.0753","0.4718","A"
"4","Trait5","mrMLM","NsiI.TP743510","11","18239","1.4543e-05","0.0032","C"
"4","Trait5","mrMLM","NsiI.TP743521","11","18240","2.468e-05","0.0054","A"
"4","Trait5","mrMLM","NsiI.TP743640","11","18241","1.921e-05","0.0042","A"
"4","Trait5","mrMLM","NsiI.TP743734","11","18242","-0.023","0.228","A"
"4","Trait5","mrMLM","NsiI.TP743766","11","18243","2.2095e-05","0.0048","C"
"4","Trait5","mrMLM","NsiI.TP743874","11","18245","-3.3911e-05","0.0074","C"
"4","Trait5","mrMLM","NsiI.TP743952","11","18246","-0.0172","0.2048","A"
"4","Trait5","mrMLM","NsiI.TP743958","11","18247","-0.0435","0.2348","C"
"4","Trait5","mrMLM","NsiI.TP744189","11","18249","-1.9932e-05","0.0044","C"
"4","Trait5","mrMLM","NsiI.TP744263","11","18251","2.0431e-05","0.0045","C"
"4","Trait5","mrMLM","NsiI.TP744543","11","18252","0.1034","1.1283","C"
"4","Trait5","mrMLM","NsiI.TP744551","11","18253","-1.1929e-05","0.0026","C"
"4","Trait5","mrMLM","NsiI.TP744687","11","18254","8.6877e-06","0.0019","C"
"4","Trait5","mrMLM","NsiI.TP744690","11","18255","-0.0271","0.2648","C"
"4","Trait5","mrMLM","NsiI.TP744956","11","18256","0.021","0.1462","C"
"4","Trait5","mrMLM","NsiI.TP745051","11","18257","-5.7141e-06","0.0012","C"
"4","Trait5","mrMLM","NsiI.TP745193","11","18258","-3.1857e-05","0.007","A"
"4","Trait5","mrMLM","NsiI.TP745625","11","18260","-0.0436","0.3755","G"
"4","Trait5","mrMLM","NsiI.TP745637","11","18261","0.0957","0.846","C"
"4","Trait5","mrMLM","NsiI.TP745674","11","18262","-0.0694","0.8929","C"
"4","Trait5","mrMLM","NsiI.TP745926","11","18265","-0.1511","0.8789","C"
"4","Trait5","mrMLM","NsiI.TP746082","11","18266","0.1277","1.5275","C"
"4","Trait5","mrMLM","NsiI.TP746193","11","18267","1.2826e-05","0.0028","C"
"4","Trait5","mrMLM","NsiI.TP746309","11","18268","-0.0457","0.2122","A"
"4","Trait5","mrMLM","NsiI.TP746536","11","18269","4.3293e-06","9e-04","C"
"4","Trait5","mrMLM","NsiI.TP746605","11","18270","-1.7319e-05","0.0038","A"
"4","Trait5","mrMLM","NsiI.TP746681","11","18271","7.275e-06","0.0016","A"
"4","Trait5","mrMLM","NsiI.TP746765","11","18273","1.5245e-06","3e-04","A"
"4","Trait5","mrMLM","NsiI.TP746953","11","18274","4.5825e-06","0.001","A"
"4","Trait5","mrMLM","NsiI.TP746968","11","18275","-0.178","0.7725","C"
"4","Trait5","mrMLM","NsiI.TP747090","11","18277","0.0214","0.2924","A"
"4","Trait5","mrMLM","NsiI.TP747164","11","18278","-0.0191","0.2372","C"
"4","Trait5","mrMLM","NsiI.TP747201","11","18279","2.8126e-05","0.0062","C"
"4","Trait5","mrMLM","NsiI.TP747642","11","18281","1.2636e-05","0.0028","C"
"4","Trait5","mrMLM","NsiI.TP747742","11","18283","-0.0939","0.6351","A"
"4","Trait5","mrMLM","NsiI.TP747761","11","18284","-1.8161e-06","4e-04","C"
"4","Trait5","mrMLM","NsiI.TP747909","11","18286","-0.09","1.1052","A"
"4","Trait5","mrMLM","NsiI.TP748079","11","18290","-1.9845e-05","0.0043","A"
"4","Trait5","mrMLM","NsiI.TP748083","11","18291","-1.5304e-06","3e-04","A"
"4","Trait5","mrMLM","NsiI.TP748113","11","18292","-1.6848e-05","0.0037","G"
"4","Trait5","mrMLM","NsiI.TP748429","11","18295","-1.4248e-06","3e-04","A"
"4","Trait5","mrMLM","NsiI.TP748618","11","18296","0.1555","0.8412","G"
"4","Trait5","mrMLM","NsiI.TP748785","11","18298","1.9126e-05","0.0042","C"
"4","Trait5","mrMLM","NsiI.TP748803","11","18299","1.5114e-05","0.0033","A"
"4","Trait5","mrMLM","NsiI.TP748963","11","18301","0.1062","0.6474","A"
"4","Trait5","mrMLM","NsiI.TP749090","11","18302","1.2249e-05","0.0027","A"
"4","Trait5","mrMLM","NsiI.TP749124","11","18303","8.2057e-06","0.0018","G"
"4","Trait5","mrMLM","NsiI.TP749312","11","18305","-0.2371","0.9079","A"
"4","Trait5","mrMLM","NsiI.TP749590","11","18306","3.119e-06","7e-04","A"
"4","Trait5","mrMLM","NsiI.TP749729","11","18308","2.4006e-05","0.0053","G"
"4","Trait5","mrMLM","NsiI.TP749756","11","18309","1.0387e-05","0.0023","A"
"4","Trait5","mrMLM","NsiI.TP749813","11","18310","-0.0418","0.2779","C"
"4","Trait5","mrMLM","NsiI.TP749951","11","18312","-9.4105e-06","0.0021","A"
"4","Trait5","mrMLM","NsiI.TP750020","11","18313","1.2285e-05","0.0027","A"
"4","Trait5","mrMLM","NsiI.TP750121","11","18314","6.7051e-06","0.0015","A"
"4","Trait5","mrMLM","NsiI.TP750473","11","18316","1.3697e-05","0.003","A"
"4","Trait5","mrMLM","NsiI.TP750476","11","18317","-0.338","1.8156","G"
"4","Trait5","mrMLM","NsiI.TP750829","11","18318","0.0383","0.2792","A"
"4","Trait5","mrMLM","NsiI.TP751198","11","18320","3.4188e-06","7e-04","A"
"4","Trait5","mrMLM","NsiI.TP751347","11","18321","0.0859","0.8239","A"
"4","Trait5","mrMLM","NsiI.TP751423","11","18323","1.4394e-05","0.0031","C"
"4","Trait5","mrMLM","NsiI.TP751476","11","18326","0.0131","0.1493","C"
"4","Trait5","mrMLM","NsiI.TP751582","11","18329","-3.4015e-06","7e-04","C"
"4","Trait5","mrMLM","NsiI.TP751614","11","18331","-0.02","0.2659","A"
"4","Trait5","mrMLM","NsiI.TP751802","11","18332","-1.6633e-05","0.0036","C"
"4","Trait5","mrMLM","NsiI.TP751842","11","18334","0.058","0.503","A"
"4","Trait5","mrMLM","NsiI.TP751856","11","18335","-1.5476e-05","0.0034","C"
"4","Trait5","mrMLM","NsiI.TP751926","11","18336","-0.1032","0.5115","G"
"4","Trait5","mrMLM","NsiI.TP751979","11","18337","0.0215","0.3088","C"
"4","Trait5","mrMLM","NsiI.TP751991","11","18338","1.5178e-05","0.0033","A"
"4","Trait5","mrMLM","NsiI.TP752040","11","18339","-3.5112e-05","0.0077","A"
"4","Trait5","mrMLM","NsiI.TP752274","11","18343","0.1557","1.1763","A"
"4","Trait5","mrMLM","NsiI.TP752278","11","18344","-0.0658","0.5244","A"
"4","Trait5","mrMLM","NsiI.TP752341","11","18345","0.0518","0.3057","C"
"4","Trait5","mrMLM","NsiI.TP752444","11","18346","0.119","0.4916","C"
"4","Trait5","mrMLM","NsiI.TP752448","11","18347","0.0334","0.2345","C"
"4","Trait5","mrMLM","NsiI.TP752630","11","18348","1.7239e-05","0.0038","A"
"4","Trait5","mrMLM","NsiI.TP752661","11","18349","5.077e-06","0.0011","A"
"4","Trait5","mrMLM","NsiI.TP752797","11","18350","1.4578e-05","0.0032","C"
"4","Trait5","mrMLM","NsiI.TP752850","11","18351","2.8111e-05","0.0062","A"
"4","Trait5","mrMLM","NsiI.TP752864","11","18352","-1.083e-05","0.0024","C"
"4","Trait5","mrMLM","NsiI.TP752897","11","18353","2.4321e-05","0.0053","A"
"4","Trait5","mrMLM","NsiI.TP752905","11","18354","0.0669","0.7597","A"
"4","Trait5","mrMLM","NsiI.TP752960","11","18355","-8.5791e-06","0.0019","C"
"4","Trait5","mrMLM","NsiI.TP753053","11","18356","-0.0048","0.0941","G"
"4","Trait5","mrMLM","NsiI.TP753125","11","18357","-0.131","0.9513","A"
"4","Trait5","mrMLM","NsiI.TP753145","11","18359","-1.3525e-05","0.003","C"
"4","Trait5","mrMLM","NsiI.TP753254","11","18360","6.7637e-06","0.0015","A"
"4","Trait5","mrMLM","NsiI.TP753326","11","18362","-1.306e-06","3e-04","A"
"4","Trait5","mrMLM","NsiI.TP753330","11","18363","0.1528","1.8446","G"
"4","Trait5","mrMLM","NsiI.TP753384","11","18365","-1.8355e-07","3.9948e-05","C"
"4","Trait5","mrMLM","NsiI.TP753438","11","18366","4.1608e-05","0.0092","C"
"4","Trait5","mrMLM","NsiI.TP753580","11","18367","-3.7431e-05","0.0082","C"
"4","Trait5","mrMLM","NsiI.TP753742","11","18369","-4.1859e-06","9e-04","A"
"4","Trait5","mrMLM","NsiI.TP753772","11","18370","-4.3278e-06","9e-04","C"
"4","Trait5","mrMLM","NsiI.TP753835","11","18371","0.16","2.2479","A"
"4","Trait5","mrMLM","NsiI.TP753882","11","18372","-0.0448","0.4233","C"
"4","Trait5","mrMLM","NsiI.TP753932","11","18375","0.0028","0.0577","C"
"4","Trait5","mrMLM","NsiI.TP753957","11","18376","7.2608e-07","2e-04","A"
"4","Trait5","mrMLM","NsiI.TP753972","11","18377","1.5815e-05","0.0035","C"
"4","Trait5","mrMLM","NsiI.TP754058","11","18378","-3.2454e-05","0.0071","A"
"4","Trait5","mrMLM","NsiI.TP754075","11","18380","-3.4044e-05","0.0075","G"
"4","Trait5","mrMLM","NsiI.TP754113","11","18381","1.0052e-05","0.0022","A"
"4","Trait5","mrMLM","NsiI.TP754284","11","18382","-0.0284","0.3761","A"
"4","Trait5","mrMLM","NsiI.TP754357","11","18383","2.3224e-05","0.0051","A"
"4","Trait5","mrMLM","NsiI.TP754368","11","18384","1.9611e-05","0.0043","A"
"4","Trait5","mrMLM","NsiI.TP754417","11","18386","5.4786e-06","0.0012","A"
"4","Trait5","mrMLM","NsiI.TP754536","11","18387","2.9965e-05","0.0066","A"
"4","Trait5","mrMLM","NsiI.TP754542","11","18388","-0.059","0.7523","C"
"4","Trait5","mrMLM","NsiI.TP754560","11","18390","0.0638","0.366","A"
"4","Trait5","mrMLM","NsiI.TP754655","11","18392","6.6235e-06","0.0014","G"
"4","Trait5","mrMLM","NsiI.TP754703","11","18393","3.5645e-06","8e-04","A"
"4","Trait5","mrMLM","NsiI.TP754733","11","18394","9.4212e-06","0.0021","A"
"4","Trait5","mrMLM","NsiI.TP754774","11","18395","-9.1137e-06","0.002","C"
"4","Trait5","mrMLM","NsiI.TP754775","11","18396","-0.0686","0.2847","C"
"4","Trait5","mrMLM","NsiI.TP754833","11","18397","1.3165e-05","0.0029","A"
"4","Trait5","mrMLM","NsiI.TP754834","11","18398","-2.0692e-05","0.0045","G"
"4","Trait5","mrMLM","NsiI.TP754882","11","18401","-3.389e-05","0.0074","C"
"4","Trait5","mrMLM","NsiI.TP754924","11","18402","0.0452","0.5501","A"
"4","Trait5","mrMLM","NsiI.TP754953","11","18403","2.0564e-06","4e-04","A"
"4","Trait5","mrMLM","NsiI.TP755005","11","18404","-3.6812e-05","0.0081","A"
"4","Trait5","mrMLM","NsiI.TP755039","11","18405","-0.1182","1.2651","A"
"4","Trait5","mrMLM","NsiI.TP755413","11","18407","2.7916e-06","6e-04","C"
"4","Trait5","mrMLM","NsiI.TP755633","11","18409","-0.0478","0.5206","G"
"4","Trait5","mrMLM","NsiI.TP755644","11","18410","0.0552","0.7514","C"
"4","Trait5","mrMLM","NsiI.TP755733","11","18411","-2.5692e-05","0.0056","A"
"4","Trait5","mrMLM","NsiI.TP755738","11","18412","2.9354e-05","0.0064","A"
"4","Trait5","mrMLM","NsiI.TP755739","11","18413","1.0183e-05","0.0022","C"
"4","Trait5","mrMLM","NsiI.TP756133","11","18414","2.2673e-06","5e-04","A"
"4","Trait5","mrMLM","NsiI.TP756399","11","18416","1.4878e-06","3e-04","A"
"4","Trait5","mrMLM","NsiI.TP756415","11","18419","-1.2222e-05","0.0027","A"
"4","Trait5","mrMLM","NsiI.TP756601","11","18421","-7.558e-06","0.0016","C"
"4","Trait5","mrMLM","NsiI.TP756667","11","18422","2.5578e-05","0.0056","A"
"4","Trait5","mrMLM","NsiI.TP756730","11","18423","-0.0527","0.3752","C"
"4","Trait5","mrMLM","NsiI.TP756768","11","18424","8.1937e-06","0.0018","C"
"4","Trait5","mrMLM","NsiI.TP756813","11","18425","-2.0351e-05","0.0045","C"
"4","Trait5","mrMLM","NsiI.TP756875","11","18426","-0.029","0.1927","G"
"4","Trait5","mrMLM","NsiI.TP757313","11","18428","-2.0509e-05","0.0045","C"
"4","Trait5","mrMLM","NsiI.TP757316","11","18429","-1.3439e-05","0.0029","C"
"4","Trait5","mrMLM","NsiI.TP757530","11","18431","1.4649e-05","0.0032","A"
"4","Trait5","mrMLM","NsiI.TP757767","11","18433","-0.1464","1.6452","C"
"4","Trait5","mrMLM","NsiI.TP757869","11","18434","-1.3358e-05","0.0029","A"
"4","Trait5","mrMLM","NsiI.TP757884","11","18435","-0.1717","1.3138","A"
"4","Trait5","mrMLM","NsiI.TP757968","11","18436","1.3603e-05","0.003","C"
"4","Trait5","mrMLM","NsiI.TP758045","11","18437","-1.2517e-05","0.0027","C"
"4","Trait5","mrMLM","NsiI.TP758052","11","18438","0.0215","0.2432","C"
"4","Trait5","mrMLM","NsiI.TP758506","11","18441","-3.9474e-05","0.0087","A"
"4","Trait5","mrMLM","NsiI.TP758668","11","18443","-1.2101e-05","0.0026","A"
"4","Trait5","mrMLM","NsiI.TP758704","11","18444","2.1506e-06","5e-04","A"
"4","Trait5","mrMLM","NsiI.TP758724","11","18445","1.9722e-05","0.0043","C"
"4","Trait5","mrMLM","NsiI.TP758728","11","18446","-0.0607","0.4314","G"
"4","Trait5","mrMLM","NsiI.TP758756","11","18448","1.6063e-05","0.0035","C"
"4","Trait5","mrMLM","NsiI.TP758789","11","18449","0.0648","0.4234","C"
"4","Trait5","mrMLM","NsiI.TP759015","11","18450","2.093e-05","0.0046","A"
"4","Trait5","mrMLM","NsiI.TP759132","11","18453","1.0469e-05","0.0023","A"
"4","Trait5","mrMLM","NsiI.TP759141","11","18454","-3.5351e-05","0.0078","C"
"4","Trait5","mrMLM","NsiI.TP759185","11","18455","-1.2456e-05","0.0027","A"
"4","Trait5","mrMLM","NsiI.TP759829","11","18460","-1.5749e-05","0.0034","G"
"4","Trait5","mrMLM","NsiI.TP759872","11","18462","5.6358e-06","0.0012","C"
"4","Trait5","mrMLM","NsiI.TP759960","11","18464","-8.2551e-06","0.0018","A"
"4","Trait5","mrMLM","NsiI.TP759988","11","18465","-0.0444","0.37","A"
"4","Trait5","mrMLM","NsiI.TP760026","11","18467","-1.3208e-06","3e-04","C"
"4","Trait5","mrMLM","NsiI.TP760170","11","18469","1.0985e-05","0.0024","A"
"4","Trait5","mrMLM","NsiI.TP760301","11","18470","-0.2385","1.4015","C"
"4","Trait5","mrMLM","NsiI.TP760466","11","18471","-0.314","1.1079","A"
"4","Trait5","mrMLM","NsiI.TP760483","11","18472","-0.0035","0.0945","C"
"4","Trait5","mrMLM","NsiI.TP760488","11","18473","-0.0057","0.1198","A"
"4","Trait5","mrMLM","NsiI.TP760712","11","18475","-8.9265e-06","0.0019","C"
"4","Trait5","mrMLM","NsiI.TP760719","11","18476","-8.4155e-06","0.0018","C"
"4","Trait5","mrMLM","NsiI.TP760725","11","18477","5.214e-06","0.0011","C"
"4","Trait5","mrMLM","NsiI.TP760784","11","18478","-0.0423","0.4504","C"
"4","Trait5","mrMLM","NsiI.TP760818","11","18479","1.4287e-05","0.0031","C"
"4","Trait5","mrMLM","NsiI.TP760856","11","18481","1.596e-05","0.0035","C"
"4","Trait5","mrMLM","NsiI.TP760896","11","18484","0.0961","0.5185","A"
"4","Trait5","mrMLM","NsiI.TP760995","11","18486","-0.1533","0.69","A"
"4","Trait5","mrMLM","NsiI.TP761212","11","18488","-0.1861","2.1339","C"
"4","Trait5","mrMLM","NsiI.TP761259","11","18489","-1.6725e-05","0.0037","C"
"4","Trait5","mrMLM","NsiI.TP762038","11","18493","-0.0685","0.4882","A"
"4","Trait5","mrMLM","NsiI.TP762142","11","18495","0.1356","0.7263","C"
"4","Trait5","mrMLM","NsiI.TP762264","11","18496","0.053","0.4851","C"
"4","Trait5","mrMLM","NsiI.TP762429","11","18498","0.0141","0.1995","C"
"4","Trait5","mrMLM","NsiI.TP762490","11","18499","-0.0255","0.2296","A"
"4","Trait5","mrMLM","NsiI.TP762500","11","18500","0.1146","0.667","C"
"4","Trait5","mrMLM","NsiI.TP762593","11","18502","-3.9319e-05","0.0086","A"
"4","Trait5","mrMLM","NsiI.TP762599","11","18503","2.0619e-05","0.0045","C"
"4","Trait5","mrMLM","NsiI.TP762627","11","18504","3.0157e-05","0.0066","C"
"4","Trait5","mrMLM","NsiI.TP762789","11","18505","0.0947","1.2161","G"
"4","Trait5","mrMLM","NsiI.TP762798","11","18506","-1.6758e-05","0.0037","A"
"4","Trait5","mrMLM","NsiI.TP762817","11","18507","1.486e-05","0.0032","A"
"4","Trait5","mrMLM","NsiI.TP762838","11","18508","-3.008e-06","7e-04","A"
"4","Trait5","mrMLM","NsiI.TP762947","11","18509","-3.5463e-06","8e-04","C"
"4","Trait5","mrMLM","NsiI.TP763107","11","18511","9.418e-06","0.0021","A"
"4","Trait5","mrMLM","NsiI.TP763201","11","18514","-0.2135","1.8952","A"
"4","Trait5","mrMLM","NsiI.TP763300","11","18516","0.0156","0.1846","C"
"4","Trait5","mrMLM","NsiI.TP763435","11","18517","-1.6872e-05","0.0037","C"
"4","Trait5","mrMLM","NsiI.TP763527","11","18519","-1.7373e-05","0.0038","C"
"4","Trait5","mrMLM","NsiI.TP763561","11","18520","-0.0459","0.3736","C"
"4","Trait5","mrMLM","NsiI.TP763691","11","18523","0.0133","0.1613","A"
"4","Trait5","mrMLM","NsiI.TP763723","11","18524","-0.0959","0.7591","G"
"4","Trait5","mrMLM","NsiI.TP763977","11","18525","0.1272","1.376","A"
"4","Trait5","mrMLM","NsiI.TP763994","11","18526","1.9259e-05","0.0042","C"
"4","Trait5","mrMLM","NsiI.TP764013","11","18527","3.2485e-05","0.0071","A"
"4","Trait5","mrMLM","NsiI.TP764175","11","18529","-3.1879e-06","7e-04","C"
"4","Trait5","mrMLM","NsiI.TP764261","11","18531","2.2202e-05","0.0049","C"
"4","Trait5","mrMLM","NsiI.TP764371","11","18533","0.4472","1.8412","A"
"4","Trait5","mrMLM","NsiI.TP764401","11","18534","0.1372","0.7679","A"
"4","Trait5","mrMLM","NsiI.TP764466","11","18535","1.8453e-06","4e-04","A"
"4","Trait5","mrMLM","NsiI.TP764541","11","18536","0.0083","0.1427","C"
"4","Trait5","mrMLM","NsiI.TP764682","11","18538","-2.3854e-05","0.0052","C"
"4","Trait5","mrMLM","NsiI.TP764874","11","18542","-8.9345e-06","0.0019","C"
"4","Trait5","mrMLM","NsiI.TP764880","11","18543","0.0459","0.3489","A"
"4","Trait5","mrMLM","NsiI.TP764893","11","18544","0.0944","1.211","C"
"4","Trait5","mrMLM","NsiI.TP764967","11","18545","1.2019e-05","0.0026","C"
"4","Trait5","mrMLM","NsiI.TP765145","11","18547","0.0542","0.3219","C"
"4","Trait5","mrMLM","NsiI.TP765222","11","18548","5.0273e-06","0.0011","A"
"4","Trait5","mrMLM","NsiI.TP765276","11","18550","0.0489","0.2947","C"
"4","Trait5","mrMLM","NsiI.TP765277","11","18551","-0.0402","0.3552","A"
"4","Trait5","mrMLM","NsiI.TP765283","11","18552","3.3878e-06","7e-04","A"
"4","Trait5","mrMLM","NsiI.TP765341","11","18554","-0.2346","2.2389","C"
"4","Trait5","mrMLM","NsiI.TP765374","11","18555","1.4489e-06","3e-04","C"
"4","Trait5","mrMLM","NsiI.TP765826","11","18559","-7.8996e-06","0.0017","C"
"4","Trait5","mrMLM","NsiI.TP765857","11","18560","-0.0683","0.3622","A"
"4","Trait5","mrMLM","NsiI.TP765941","11","18561","-1.2042e-05","0.0026","C"
"4","Trait5","mrMLM","NsiI.TP766018","11","18565","0.1353","1.2561","A"
"4","Trait5","mrMLM","NsiI.TP766146","11","18566","4.4476e-05","0.0098","C"
"4","Trait5","mrMLM","NsiI.TP766161","11","18567","5.0912e-06","0.0011","A"
"4","Trait5","mrMLM","NsiI.TP766242","11","18569","0.0803","0.8257","G"
"4","Trait5","mrMLM","NsiI.TP766283","11","18570","2.9508e-06","6e-04","G"
"4","Trait5","mrMLM","NsiI.TP766580","11","18573","0.1424","0.8245","A"
"4","Trait5","mrMLM","NsiI.TP766603","11","18574","-0.152","0.5945","A"
"4","Trait5","mrMLM","NsiI.TP766761","11","18577","0.0475","0.362","A"
"4","Trait5","mrMLM","NsiI.TP766775","11","18578","-1.5192e-05","0.0033","C"
"4","Trait5","mrMLM","NsiI.TP766870","11","18579","-9.3479e-06","0.002","A"
"4","Trait5","mrMLM","NsiI.TP766900","11","18580","-0.0685","0.3686","C"
"4","Trait5","mrMLM","NsiI.TP767106","11","18583","-1.6046e-05","0.0035","G"
"4","Trait5","mrMLM","NsiI.TP767168","11","18584","4.6003e-06","0.001","A"
"4","Trait5","mrMLM","NsiI.TP767179","11","18585","2.1074e-05","0.0046","A"
"4","Trait5","mrMLM","NsiI.TP767226","11","18587","-7.0605e-06","0.0015","C"
"4","Trait5","mrMLM","NsiI.TP767235","11","18588","-4.0464e-06","9e-04","A"
"4","Trait5","mrMLM","NsiI.TP767243","11","18589","4.2157e-06","9e-04","A"
"4","Trait5","mrMLM","NsiI.TP767290","11","18590","-1.7208e-06","4e-04","A"
"4","Trait5","mrMLM","NsiI.TP767918","11","18591","0.0818","0.4192","A"
"4","Trait5","mrMLM","NsiI.TP767983","11","18593","-1.5106e-05","0.0033","A"
"4","Trait5","mrMLM","NsiI.TP768134","11","18594","-8.4214e-06","0.0018","A"
"4","Trait5","mrMLM","NsiI.TP768147","11","18595","3.4315e-06","7e-04","C"
"4","Trait5","mrMLM","NsiI.TP768152","11","18596","0.0251","0.2375","A"
"4","Trait5","mrMLM","NsiI.TP768356","11","18599","-2.2939e-05","0.005","A"
"4","Trait5","mrMLM","NsiI.TP768681","11","18601","0.1249","1.1537","C"
"4","Trait5","mrMLM","NsiI.TP769321","11","18604","-0.0508","0.5071","A"
"4","Trait5","mrMLM","NsiI.TP769342","11","18605","-1.0775e-05","0.0024","A"
"4","Trait5","mrMLM","NsiI.TP769358","11","18606","0.0979","1.0691","C"
"4","Trait5","mrMLM","NsiI.TP769375","11","18607","-6.6593e-06","0.0015","A"
"4","Trait5","mrMLM","NsiI.TP769469","11","18608","4.6988e-06","0.001","C"
"4","Trait5","mrMLM","NsiI.TP769524","11","18610","-2.1723e-06","5e-04","A"
"4","Trait5","mrMLM","NsiI.TP769640","11","18611","-0.1533","1.0889","C"
"4","Trait5","mrMLM","NsiI.TP769842","11","18613","-1.7138e-05","0.0037","C"
"4","Trait5","mrMLM","NsiI.TP769979","11","18614","-8.947e-06","0.002","A"
"4","Trait5","mrMLM","NsiI.TP770170","11","18616","0.0703","0.3531","A"
"4","Trait5","mrMLM","NsiI.TP770221","11","18617","2.708e-05","0.0059","A"
"4","Trait5","mrMLM","NsiI.TP770268","11","18618","-1.3153e-05","0.0029","G"
"4","Trait5","mrMLM","NsiI.TP770353","11","18619","-4.2066e-06","9e-04","A"
"4","Trait5","mrMLM","NsiI.TP770598","11","18620","0.2858","1.9207","C"
"4","Trait5","mrMLM","NsiI.TP770602","11","18621","1.0123e-05","0.0022","A"
"4","Trait5","mrMLM","NsiI.TP770773","11","18623","-0.0481","0.4622","C"
"4","Trait5","mrMLM","NsiI.TP770780","11","18624","3.193e-05","0.007","C"
"4","Trait5","mrMLM","NsiI.TP770816","11","18625","-1.8576e-05","0.0041","C"
"4","Trait5","mrMLM","NsiI.TP770913","11","18626","-0.3183","1.8041","C"
"4","Trait5","mrMLM","NsiI.TP771175","11","18628","0.2131","1.9595","A"
"4","Trait5","mrMLM","NsiI.TP771293","11","18630","-1.6699e-05","0.0036","C"
"4","Trait5","mrMLM","NsiI.TP771458","11","18631","-1.8415e-06","4e-04","C"
"4","Trait5","mrMLM","NsiI.TP771507","11","18632","-1.039e-05","0.0023","A"
"4","Trait5","mrMLM","NsiI.TP771555","11","18635","-0.0872","0.483","C"
"4","Trait5","mrMLM","NsiI.TP771630","11","18636","-3.5836e-06","8e-04","A"
"4","Trait5","mrMLM","NsiI.TP771656","11","18637","-0.3283","0.9216","C"
"4","Trait5","mrMLM","NsiI.TP771719","11","18639","-1.2799e-05","0.0028","C"
"4","Trait5","mrMLM","NsiI.TP771870","11","18640","-1.8598e-05","0.0041","C"
"4","Trait5","mrMLM","NsiI.TP772115","11","18641","-0.0489","0.4208","C"
"4","Trait5","mrMLM","NsiI.TP772165","11","18642","0.035","0.4784","A"
"4","Trait5","mrMLM","NsiI.TP772187","11","18643","-2.3938e-05","0.0052","A"
"4","Trait5","mrMLM","NsiI.TP772244","11","18644","-1.3072e-05","0.0029","A"
"4","Trait5","mrMLM","NsiI.TP772261","11","18645","0.0017","0.0609","A"
"4","Trait5","mrMLM","NsiI.TP772712","11","18647","4.9901e-06","0.0011","A"
"4","Trait5","mrMLM","NsiI.TP772809","11","18649","-0.0414","0.4929","A"
"4","Trait5","mrMLM","NsiI.TP773119","11","18651","0.0902","0.6425","A"
"4","Trait5","mrMLM","NsiI.TP773327","11","18652","-0.0662","0.83","A"
"4","Trait5","mrMLM","NsiI.TP773387","11","18655","-9.0917e-06","0.002","G"
"4","Trait5","mrMLM","NsiI.TP773447","11","18656","2.9556e-05","0.0065","A"
"4","Trait5","mrMLM","NsiI.TP773854","11","18657","-2.4078e-05","0.0053","A"
"4","Trait5","mrMLM","NsiI.TP774057","11","18659","4.103e-05","0.009","C"
"4","Trait5","mrMLM","NsiI.TP774380","11","18660","0.0378","0.2645","C"
"4","Trait5","mrMLM","NsiI.TP774604","11","18662","-3.1087e-05","0.0068","A"
"4","Trait5","mrMLM","NsiI.TP774882","11","18664","2.4415e-06","5e-04","A"
"4","Trait5","mrMLM","NsiI.TP774913","11","18665","1.033e-05","0.0023","C"
"4","Trait5","mrMLM","NsiI.TP774957","11","18666","-1.4467e-05","0.0032","C"
"4","Trait5","mrMLM","NsiI.TP775076","11","18668","0.1096","0.8122","C"
"4","Trait5","mrMLM","NsiI.TP775156","11","18669","-4.1531e-06","9e-04","A"
"4","Trait5","mrMLM","NsiI.TP775176","11","18670","-1.0967e-05","0.0024","A"
"4","Trait5","mrMLM","NsiI.TP775185","11","18671","-2.352e-05","0.0051","A"
"4","Trait5","mrMLM","NsiI.TP775255","11","18672","-3.8767e-05","0.0085","A"
"4","Trait5","mrMLM","NsiI.TP775299","11","18673","1.56e-05","0.0034","A"
"4","Trait5","mrMLM","NsiI.TP775404","11","18674","-1.2012e-06","3e-04","A"
"4","Trait5","mrMLM","NsiI.TP775407","11","18675","-1.3445e-05","0.0029","C"
"4","Trait5","mrMLM","NsiI.TP775689","11","18677","2.4754e-05","0.0054","A"
"4","Trait5","mrMLM","NsiI.TP776091","11","18679","0.1033","0.5147","A"
"4","Trait5","mrMLM","NsiI.TP776203","11","18680","-0.0805","0.3741","C"
"4","Trait5","mrMLM","NsiI.TP776852","11","18686","8.8549e-06","0.0019","A"
"4","Trait5","mrMLM","NsiI.TP776897","11","18688","-1.3161e-05","0.0029","A"
"4","Trait5","mrMLM","NsiI.TP776898","11","18689","2.3453e-06","5e-04","A"
"4","Trait5","mrMLM","NsiI.TP777080","11","18691","0.1187","0.963","A"
"4","Trait5","mrMLM","NsiI.TP777134","11","18694","0.0955","0.7539","C"
"4","Trait5","mrMLM","NsiI.TP777192","11","18698","8.0135e-06","0.0017","A"
"4","Trait5","mrMLM","NsiI.TP777325","11","18700","-0.0232","0.3263","C"
"4","Trait5","mrMLM","NsiI.TP777467","11","18702","0.1922","0.8668","C"
"4","Trait5","mrMLM","NsiI.TP777566","11","18703","-4.8286e-06","0.0011","C"
"4","Trait5","mrMLM","NsiI.TP777657","11","18704","4.8606e-06","0.0011","A"
"4","Trait5","mrMLM","NsiI.TP777687","11","18705","1.4298e-05","0.0031","G"
"4","Trait5","mrMLM","NsiI.TP777695","11","18706","-1.2766e-05","0.0028","C"
"4","Trait5","mrMLM","NsiI.TP777758","11","18707","0.1342","1.5994","C"
"4","Trait5","mrMLM","NsiI.TP778041","11","18708","-1.3767e-05","0.003","C"
"4","Trait5","mrMLM","NsiI.TP778207","11","18709","1.392e-05","0.003","A"
"4","Trait5","mrMLM","NsiI.TP778352","11","18710","1.6288e-06","4e-04","A"
"4","Trait5","mrMLM","NsiI.TP778397","11","18711","0.0222","0.2404","C"
"4","Trait5","mrMLM","NsiI.TP778477","11","18712","-5.0907e-06","0.0011","A"
"4","Trait5","mrMLM","NsiI.TP778526","11","18714","2.9664e-05","0.0065","C"
"4","Trait5","mrMLM","NsiI.TP778639","11","18715","-4.1295e-05","0.0091","C"
"4","Trait5","mrMLM","NsiI.TP778674","11","18716","-3.2087e-05","0.007","G"
"4","Trait5","mrMLM","NsiI.TP778906","11","18718","-3.7561e-06","8e-04","A"
"4","Trait5","mrMLM","NsiI.TP778912","11","18719","-8.4495e-07","2e-04","A"
"4","Trait5","mrMLM","NsiI.TP779166","11","18721","2.4969e-05","0.0055","A"
"4","Trait5","mrMLM","NsiI.TP779302","11","18722","0.0031","0.0622","A"
"4","Trait5","mrMLM","NsiI.TP779510","11","18727","1.5774e-05","0.0034","C"
"4","Trait5","mrMLM","NsiI.TP779580","11","18728","-1.6693e-05","0.0036","C"
"4","Trait5","mrMLM","NsiI.TP779732","11","18729","-8.0873e-06","0.0018","G"
"4","Trait5","mrMLM","NsiI.TP779947","11","18730","-0.0057","0.095","G"
"4","Trait5","mrMLM","NsiI.TP779950","11","18731","4.1659e-06","9e-04","C"
"4","Trait5","mrMLM","NsiI.TP779985","11","18732","-0.0081","0.1344","C"
"4","Trait5","mrMLM","NsiI.TP780029","11","18734","-3.8076e-05","0.0084","A"
"4","Trait5","mrMLM","NsiI.TP780201","11","18736","-0.1487","0.7622","A"
"4","Trait5","mrMLM","NsiI.TP780321","11","18737","-2.6531e-05","0.0058","A"
"4","Trait5","mrMLM","NsiI.TP780426","11","18738","0.0404","0.4586","C"
"4","Trait5","mrMLM","NsiI.TP780472","11","18739","0.0449","0.3944","A"
"4","Trait5","mrMLM","NsiI.TP780526","11","18741","0.166","1.1734","C"
"4","Trait5","mrMLM","NsiI.TP780584","11","18743","-6.3929e-06","0.0014","C"
"4","Trait5","mrMLM","NsiI.TP780975","11","18747","9.9559e-06","0.0022","A"
"4","Trait5","mrMLM","NsiI.TP781250","11","18748","1.6952e-05","0.0037","A"
"4","Trait5","mrMLM","NsiI.TP781289","11","18750","-7.5888e-06","0.0017","A"
"4","Trait5","mrMLM","NsiI.TP781486","11","18752","0.068","0.5135","C"
"4","Trait5","mrMLM","NsiI.TP781554","11","18753","-2.6983e-05","0.0059","A"
"4","Trait5","mrMLM","NsiI.TP781624","11","18755","3.0266e-05","0.0066","A"
"4","Trait5","mrMLM","NsiI.TP781643","11","18756","-1.1294e-05","0.0025","A"
"4","Trait5","mrMLM","NsiI.TP782533","11","18758","5.0788e-06","0.0011","A"
"4","Trait5","mrMLM","NsiI.TP782571","11","18759","-1.3899e-05","0.003","C"
"4","Trait5","mrMLM","NsiI.TP782580","11","18760","-0.0662","0.6605","C"
"4","Trait5","mrMLM","NsiI.TP782847","11","18762","-3.7854e-06","8e-04","A"
"4","Trait5","mrMLM","NsiI.TP782857","11","18763","0.6768","2.8028","G"
"4","Trait5","mrMLM","NsiI.TP782889","11","18764","2.937e-05","0.0064","A"
"4","Trait5","mrMLM","NsiI.TP782933","11","18765","1.3815e-05","0.003","A"
"4","Trait5","mrMLM","NsiI.TP783009","11","18766","2.2105e-05","0.0048","A"
"4","Trait5","mrMLM","NsiI.TP783300","11","18767","-1.5992e-05","0.0035","C"
"4","Trait5","mrMLM","NsiI.TP783323","11","18768","0.0759","0.5378","A"
"4","Trait5","mrMLM","NsiI.TP783331","11","18769","0.0603","0.6476","C"
"4","Trait5","mrMLM","NsiI.TP783611","11","18772","-1.0651e-05","0.0023","A"
"4","Trait5","mrMLM","NsiI.TP783756","11","18774","1.9247e-05","0.0042","C"
"4","Trait5","mrMLM","NsiI.TP783832","11","18775","1.4299e-05","0.0031","G"
"4","Trait5","mrMLM","NsiI.TP783961","11","18776","-3.2506e-06","7e-04","C"
"4","Trait5","mrMLM","NsiI.TP783977","11","18777","-5.0422e-06","0.0011","A"
"4","Trait5","mrMLM","NsiI.TP783990","11","18778","-0.056","0.3863","A"
"4","Trait5","mrMLM","NsiI.TP784040","11","18780","-0.077","0.4166","A"
"4","Trait5","mrMLM","NsiI.TP784114","11","18781","-2.1229e-05","0.0046","A"
"4","Trait5","mrMLM","NsiI.TP784170","11","18782","1.2319e-05","0.0027","C"
"4","Trait5","mrMLM","NsiI.TP784196","11","18783","1.4557e-05","0.0032","C"
"4","Trait5","mrMLM","NsiI.TP784216","11","18784","0.01","0.1732","A"
"4","Trait5","mrMLM","NsiI.TP784220","11","18785","-0.1674","1.0367","C"
"4","Trait5","mrMLM","NsiI.TP784292","11","18786","0.0781","0.8056","A"
"4","Trait5","mrMLM","NsiI.TP784358","11","18787","1.3254e-05","0.0029","A"
"4","Trait5","mrMLM","NsiI.TP785272","11","18792","-0.0653","0.3884","C"
"4","Trait5","mrMLM","NsiI.TP785293","11","18793","1.4546e-05","0.0032","G"
"4","Trait5","mrMLM","NsiI.TP785496","11","18795","-2.2351e-05","0.0049","C"
"4","Trait5","mrMLM","NsiI.TP785752","11","18796","0.1865","1.3949","A"
"4","Trait5","mrMLM","NsiI.TP785789","11","18798","-8.421e-06","0.0018","A"
"4","Trait5","mrMLM","NsiI.TP785945","11","18800","-1.4966e-05","0.0033","C"
"4","Trait5","mrMLM","NsiI.TP785949","11","18801","9.6342e-06","0.0021","C"
"4","Trait5","mrMLM","NsiI.TP786086","11","18802","8.5007e-06","0.0019","A"
"4","Trait5","mrMLM","NsiI.TP786260","11","18803","-2.0427e-05","0.0045","G"
"4","Trait5","mrMLM","NsiI.TP786713","11","18806","1.6465e-06","4e-04","C"
"4","Trait5","mrMLM","NsiI.TP786877","11","18808","-0.074","0.5307","A"
"4","Trait5","mrMLM","NsiI.TP786889","11","18809","2.1351e-05","0.0047","A"
"4","Trait5","mrMLM","NsiI.TP787093","11","18813","4.1707e-07","9.0773e-05","A"
"4","Trait5","mrMLM","NsiI.TP787181","11","18814","0.061","0.4156","A"
"4","Trait5","mrMLM","NsiI.TP787481","11","18816","4.3712e-06","0.001","C"
"4","Trait5","mrMLM","NsiI.TP788476","11","18818","0.039","0.3503","A"
"4","Trait5","mrMLM","NsiI.TP788509","11","18819","3.1045e-05","0.0068","A"
"4","Trait5","mrMLM","NsiI.TP788577","11","18820","5.2213e-06","0.0011","A"
"4","Trait5","mrMLM","NsiI.TP789363","11","18823","0.0868","0.5642","A"
"4","Trait5","mrMLM","NsiI.TP789454","11","18824","-8.4491e-06","0.0018","A"
"4","Trait5","mrMLM","NsiI.TP790294","11","18826","7.3279e-07","2e-04","C"
"4","Trait5","mrMLM","NsiI.TP790549","11","18827","-0.0415","0.3171","A"
"4","Trait5","mrMLM","NsiI.TP790801","11","18828","-1.957e-05","0.0043","A"
"4","Trait5","mrMLM","NsiI.TP790804","11","18829","6.2709e-06","0.0014","A"
"4","Trait5","mrMLM","NsiI.TP791301","11","18831","1.3571e-05","0.003","C"
"4","Trait5","mrMLM","NsiI.TP791949","11","18836","-6.1553e-06","0.0013","C"
"4","Trait5","mrMLM","NsiI.TP792021","11","18837","-4.7275e-06","0.001","C"
"4","Trait5","mrMLM","NsiI.TP792137","11","18840","1.6105e-05","0.0035","C"
"4","Trait5","mrMLM","NsiI.TP792210","11","18841","-2.651e-05","0.0058","C"
"4","Trait5","mrMLM","NsiI.TP792425","11","18843","-0.0087","0.1478","G"
"4","Trait5","mrMLM","NsiI.TP792860","11","18845","7.7082e-06","0.0017","A"
"4","Trait5","mrMLM","NsiI.TP792926","11","18846","-0.0903","0.4414","G"
"4","Trait5","mrMLM","NsiI.TP792944","11","18848","-2.16e-05","0.0047","A"
"4","Trait5","mrMLM","NsiI.TP793052","11","18849","2.5556e-05","0.0056","A"
"4","Trait5","mrMLM","NsiI.TP793084","11","18850","0.1236","1.2783","A"
"4","Trait5","mrMLM","NsiI.TP793178","11","18851","-4.9818e-06","0.0011","A"
"4","Trait5","mrMLM","NsiI.TP793230","11","18852","5.8098e-06","0.0013","C"
"4","Trait5","mrMLM","NsiI.TP793324","11","18853","-1.3626e-05","0.003","A"
"4","Trait5","mrMLM","NsiI.TP793591","11","18855","-0.0744","0.4741","C"
"4","Trait5","mrMLM","NsiI.TP793628","11","18856","-6.9432e-06","0.0015","C"
"4","Trait5","mrMLM","NsiI.TP793702","11","18857","-0.0126","0.1484","G"
"4","Trait5","mrMLM","NsiI.TP794008","11","18860","-0.0662","0.5032","A"
"4","Trait5","mrMLM","NsiI.TP794154","11","18861","6.3887e-06","0.0014","A"
"4","Trait5","mrMLM","NsiI.TP794155","11","18862","-7e-04","0.0371","A"
"4","Trait5","mrMLM","NsiI.TP794156","11","18863","-1.9343e-05","0.0042","A"
"4","Trait5","mrMLM","NsiI.TP794353","11","18865","0.0508","0.6027","A"
"4","Trait5","mrMLM","NsiI.TP794801","11","18867","7.8318e-06","0.0017","C"
"4","Trait5","mrMLM","NsiI.TP794920","11","18868","-2.1543e-05","0.0047","C"
"4","Trait5","mrMLM","NsiI.TP795051","11","18869","-0.4269","3.496","G"
"4","Trait5","mrMLM","NsiI.TP795135","11","18870","1.5734e-05","0.0034","A"
"4","Trait5","mrMLM","NsiI.TP795165","11","18871","-7.0256e-06","0.0015","C"
"4","Trait5","mrMLM","NsiI.TP795182","11","18872","-0.0733","0.3908","C"
"4","Trait5","mrMLM","NsiI.TP795311","11","18873","-0.094","0.4899","G"
"4","Trait5","mrMLM","NsiI.TP795394","11","18874","-4.0296e-06","9e-04","G"
"4","Trait5","mrMLM","NsiI.TP795435","11","18875","-1.1897e-05","0.0026","A"
"4","Trait5","mrMLM","NsiI.TP795691","11","18878","3.8094e-06","8e-04","C"
"4","Trait5","mrMLM","NsiI.TP795760","11","18880","-1.1167e-06","2e-04","C"
"4","Trait5","mrMLM","NsiI.TP795783","11","18881","1.0414e-05","0.0023","A"
"4","Trait5","mrMLM","NsiI.TP795795","11","18882","-1.6537e-06","4e-04","C"
"4","Trait5","mrMLM","NsiI.TP795813","11","18883","0.0726","0.4469","A"
"4","Trait5","mrMLM","NsiI.TP795959","11","18885","-3.4887e-06","8e-04","C"
"4","Trait5","mrMLM","NsiI.TP796160","11","18887","-0.0289","0.2165","A"
"4","Trait5","mrMLM","NsiI.TP796235","11","18888","-2.3216e-05","0.0051","C"
"4","Trait5","mrMLM","NsiI.TP796236","11","18889","-0.0909","0.8461","A"
"4","Trait5","mrMLM","NsiI.TP796386","11","18890","0.0979","0.4831","A"
"4","Trait5","mrMLM","NsiI.TP796596","11","18891","-6.5479e-06","0.0014","C"
"4","Trait5","mrMLM","NsiI.TP796607","11","18892","8.2805e-06","0.0018","C"
"4","Trait5","mrMLM","NsiI.TP796803","11","18894","-0.023","0.2383","C"
"4","Trait5","mrMLM","NsiI.TP796868","11","18895","0.1953","1.0728","A"
"4","Trait5","mrMLM","NsiI.TP796935","11","18896","8.3514e-06","0.0018","C"
"4","Trait5","mrMLM","NsiI.TP797049","11","18897","8.5671e-06","0.0019","C"
"4","Trait5","mrMLM","NsiI.TP797098","11","18898","1.8783e-05","0.0041","C"
"4","Trait5","mrMLM","NsiI.TP797672","11","18900","-1.0412e-05","0.0023","C"
"4","Trait5","mrMLM","NsiI.TP797678","11","18901","0.0158","0.1538","C"
"4","Trait5","mrMLM","NsiI.TP797727","11","18902","-2.0801e-05","0.0046","C"
"4","Trait5","mrMLM","NsiI.TP797804","11","18903","-9.3043e-06","0.002","A"
"4","Trait5","mrMLM","NsiI.TP797915","11","18904","4.3033e-06","9e-04","A"
"4","Trait5","mrMLM","NsiI.TP797943","11","18905","0.04","0.3758","C"
"4","Trait5","mrMLM","NsiI.TP797976","11","18906","-2.2471e-05","0.0049","C"
"4","Trait5","mrMLM","NsiI.TP798010","11","18908","-2.3614e-05","0.0052","A"
"4","Trait5","mrMLM","NsiI.TP798107","11","18909","-7.9216e-07","2e-04","C"
"4","Trait5","mrMLM","NsiI.TP798129","11","18910","0.0756","0.4856","G"
"4","Trait5","mrMLM","NsiI.TP798167","11","18911","-0.0609","0.6845","A"
"4","Trait5","mrMLM","NsiI.TP798172","11","18912","-0.0844","0.6612","C"
"4","Trait5","mrMLM","NsiI.TP798350","11","18913","-0.0122","0.1739","A"
"4","Trait5","mrMLM","NsiI.TP798366","11","18914","-7.2615e-07","2e-04","A"
"4","Trait5","mrMLM","NsiI.TP798411","11","18915","3.6606e-05","0.008","A"
"4","Trait5","mrMLM","NsiI.TP798451","11","18916","1.7068e-05","0.0037","A"
"4","Trait5","mrMLM","NsiI.TP798723","11","18919","-1.3268e-05","0.0029","C"
"4","Trait5","mrMLM","NsiI.TP798729","11","18920","-0.1353","1.0982","C"
"4","Trait5","mrMLM","NsiI.TP798814","11","18921","1.7959e-05","0.0039","A"
"4","Trait5","mrMLM","NsiI.TP798970","11","18922","-2.2099e-05","0.0048","C"
"4","Trait5","mrMLM","NsiI.TP798992","11","18923","-1.0899e-06","2e-04","C"
"4","Trait5","mrMLM","NsiI.TP799027","11","18924","-2.306e-05","0.005","A"
"4","Trait5","mrMLM","NsiI.TP799157","11","18925","-2.5922e-05","0.0057","A"
"4","Trait5","mrMLM","NsiI.TP799185","11","18927","1.9561e-05","0.0043","C"
"4","Trait5","mrMLM","NsiI.TP799336","11","18928","-9.3371e-06","0.002","A"
"4","Trait5","mrMLM","NsiI.TP799787","11","18931","-1.0833e-05","0.0024","A"
"4","Trait5","mrMLM","NsiI.TP799872","11","18932","-0.0156","0.2305","A"
"4","Trait5","mrMLM","NsiI.TP800410","11","18933","4.5959e-05","0.0101","A"
"4","Trait5","mrMLM","NsiI.TP800556","11","18936","3.9324e-06","9e-04","A"
"4","Trait5","mrMLM","NsiI.TP800560","11","18937","-3.4354e-05","0.0075","A"
"4","Trait5","mrMLM","NsiI.TP800974","11","18941","-6.5602e-06","0.0014","A"
"4","Trait5","mrMLM","NsiI.TP801072","11","18943","0.0116","0.1152","A"
"4","Trait5","mrMLM","NsiI.TP801125","11","18944","9.7656e-06","0.0021","C"
"4","Trait5","mrMLM","NsiI.TP801230","11","18945","-0.0938","1.1206","A"
"4","Trait5","mrMLM","NsiI.TP801398","11","18946","0.1007","0.437","C"
"4","Trait5","mrMLM","NsiI.TP801849","11","18947","-2.0107e-05","0.0044","A"
"4","Trait5","mrMLM","NsiI.TP801851","11","18948","-0.1157","1.6834","A"
"4","Trait5","mrMLM","NsiI.TP801897","11","18949","0.0529","0.3141","C"
"4","Trait5","mrMLM","NsiI.TP801923","11","18951","0.178","0.8559","A"
"4","Trait5","mrMLM","NsiI.TP801925","11","18952","-1.3153e-05","0.0029","C"
"4","Trait5","mrMLM","NsiI.TP801983","11","18954","1.4354e-05","0.0031","C"
"4","Trait5","mrMLM","NsiI.TP802186","11","18956","-0.0696","0.6795","A"
"4","Trait5","mrMLM","NsiI.TP802198","11","18957","4.1096e-05","0.009","A"
"4","Trait5","mrMLM","NsiI.TP802673","11","18960","-0.0589","0.6114","A"
"4","Trait5","mrMLM","NsiI.TP802857","11","18961","-3.0066e-06","7e-04","G"
"4","Trait5","mrMLM","NsiI.TP802979","11","18962","1.125e-05","0.0025","A"
"4","Trait5","mrMLM","NsiI.TP803817","11","18964","1.3915e-05","0.003","A"
"4","Trait5","mrMLM","NsiI.TP803855","11","18966","0.0186","0.1595","C"
"4","Trait5","mrMLM","NsiI.TP804076","11","18967","-0.1844","2.2792","C"
"4","Trait5","mrMLM","NsiI.TP804180","11","18968","-1.7653e-05","0.0039","C"
"4","Trait5","mrMLM","NsiI.TP804317","11","18969","-0.1468","1.0346","A"
"4","Trait5","mrMLM","NsiI.TP804361","11","18971","1.4081e-05","0.0031","A"
"4","Trait5","mrMLM","NsiI.TP804730","11","18974","-0.0669","0.4845","C"
"4","Trait5","mrMLM","NsiI.TP805003","11","18976","7.1322e-06","0.0016","C"
"4","Trait5","mrMLM","NsiI.TP805238","11","18981","4.817e-06","0.001","A"
"4","Trait5","mrMLM","NsiI.TP805385","11","18982","-0.0681","0.4245","A"
"4","Trait5","mrMLM","NsiI.TP805412","11","18983","2.2107e-05","0.0048","C"
"4","Trait5","mrMLM","NsiI.TP805637","11","18985","0.0151","0.2231","A"
"4","Trait5","mrMLM","NsiI.TP805757","11","18986","0.2973","1.5785","A"
"4","Trait5","mrMLM","NsiI.TP805792","11","18988","0.0987","0.6465","A"
"4","Trait5","mrMLM","NsiI.TP805916","11","18991","1.571e-05","0.0034","A"
"4","Trait5","mrMLM","NsiI.TP806051","11","18992","2.366e-06","5e-04","A"
"4","Trait5","mrMLM","NsiI.TP806121","11","18993","-1.2559e-05","0.0027","C"
"4","Trait5","mrMLM","NsiI.TP806591","11","18995","-2.7776e-05","0.0061","A"
"4","Trait5","mrMLM","NsiI.TP807292","11","18997","-0.002","0.0701","A"
"4","Trait5","mrMLM","NsiI.TP807336","11","18998","-2.54e-06","6e-04","A"
"4","Trait5","mrMLM","NsiI.TP807339","11","18999","-4.6671e-06","0.001","C"
"4","Trait5","mrMLM","NsiI.TP807384","11","19000","1.6844e-05","0.0037","A"
"4","Trait5","mrMLM","NsiI.TP807619","11","19002","-0.5577","1.1105","G"
"4","Trait5","mrMLM","NsiI.TP807638","11","19003","-2.1747e-06","5e-04","G"
"4","Trait5","mrMLM","NsiI.TP807741","11","19004","-1.9201e-05","0.0042","A"
"4","Trait5","mrMLM","NsiI.TP807867","11","19005","0.053","0.271","A"
"4","Trait5","mrMLM","NsiI.TP807908","11","19007","-3.9267e-05","0.0086","A"
"4","Trait5","mrMLM","NsiI.TP807987","11","19009","-0.0497","0.3467","A"
"4","Trait5","mrMLM","NsiI.TP808058","11","19011","-0.0999","0.4951","A"
"4","Trait5","mrMLM","NsiI.TP808078","11","19012","1.4697e-05","0.0032","A"
"4","Trait5","mrMLM","NsiI.TP808509","11","19013","0.0485","0.6381","C"
"4","Trait5","mrMLM","NsiI.TP808560","11","19014","-0.0908","0.8908","C"
"4","Trait5","mrMLM","NsiI.TP808661","11","19015","-1.3677e-05","0.003","C"
"4","Trait5","mrMLM","NsiI.TP808715","11","19016","0.0095","0.1744","A"
"4","Trait5","mrMLM","NsiI.TP808733","11","19017","1.0664e-05","0.0023","A"
"4","Trait5","mrMLM","NsiI.TP808774","11","19019","-1.1729e-05","0.0026","C"
"4","Trait5","mrMLM","NsiI.TP808919","11","19021","-0.1437","1.1444","C"
"4","Trait5","mrMLM","NsiI.TP809308","11","19023","-4.8125e-06","0.001","G"
"4","Trait5","mrMLM","NsiI.TP809483","11","19025","-1.5201e-06","3e-04","C"
"4","Trait5","mrMLM","NsiI.TP809493","11","19026","-5.9178e-06","0.0013","A"
"4","Trait5","mrMLM","NsiI.TP809648","11","19028","0.1291","1.6022","G"
"4","Trait5","mrMLM","NsiI.TP809650","11","19029","1.1537e-05","0.0025","A"
"4","Trait5","mrMLM","NsiI.TP809724","11","19030","-2.7348e-05","0.006","A"
"4","Trait5","mrMLM","NsiI.TP809920","11","19034","1.2204e-05","0.0027","A"
"4","Trait5","mrMLM","NsiI.TP810021","11","19036","1.0969e-05","0.0024","A"
"4","Trait5","mrMLM","NsiI.TP810042","11","19037","2.4748e-05","0.0054","A"
"4","Trait5","mrMLM","NsiI.TP810222","11","19039","1.3073e-05","0.0029","A"
"4","Trait5","mrMLM","NsiI.TP810241","11","19040","-1.5799e-06","3e-04","A"
"4","Trait5","mrMLM","NsiI.TP810316","11","19041","0.034","0.3881","C"
"4","Trait5","mrMLM","NsiI.TP810332","11","19042","7.8679e-06","0.0017","A"
"4","Trait5","mrMLM","NsiI.TP810425","11","19043","0.002","0.0536","G"
"4","Trait5","mrMLM","NsiI.TP810504","11","19045","1.4838e-05","0.0032","C"
"4","Trait5","mrMLM","NsiI.TP810580","11","19046","1.0217e-05","0.0022","A"
"4","Trait5","mrMLM","NsiI.TP810584","11","19047","-0.1227","1.1638","G"
"4","Trait5","mrMLM","NsiI.TP810592","11","19048","-2.6013e-06","6e-04","C"
"4","Trait5","mrMLM","NsiI.TP810594","11","19049","-1.2841e-05","0.0028","G"
"4","Trait5","mrMLM","NsiI.TP810605","11","19050","-2.3019e-06","5e-04","A"
"4","Trait5","mrMLM","NsiI.TP810660","11","19052","-2.9685e-06","6e-04","C"
"4","Trait5","mrMLM","NsiI.TP810858","11","19054","-0.0186","0.1716","A"
"4","Trait5","mrMLM","NsiI.TP810871","11","19055","-0.1883","0.7123","C"
"4","Trait5","mrMLM","NsiI.TP810965","11","19059","-0.1547","0.7189","C"
"4","Trait5","mrMLM","NsiI.TP811000","11","19061","8.4041e-06","0.0018","A"
"4","Trait5","mrMLM","NsiI.TP811085","11","19063","-1.1346e-05","0.0025","C"
"4","Trait5","mrMLM","NsiI.TP811277","11","19065","0.0074","0.1334","C"
"4","Trait5","mrMLM","NsiI.TP811304","11","19066","1.4468e-06","3e-04","A"
"4","Trait5","mrMLM","NsiI.TP811334","11","19068","-0.0243","0.243","A"
"4","Trait5","mrMLM","NsiI.TP811356","11","19069","8.1399e-06","0.0018","C"
"4","Trait5","mrMLM","NsiI.TP811464","11","19070","-0.0916","0.6304","G"
"4","Trait5","mrMLM","NsiI.TP811669","11","19072","1.9189e-05","0.0042","A"
"4","Trait5","mrMLM","NsiI.TP811672","11","19073","9.0442e-06","0.002","G"
"4","Trait5","mrMLM","NsiI.TP811762","11","19074","2.2299e-06","5e-04","A"
"4","Trait5","mrMLM","NsiI.TP811764","11","19075","1.4675e-05","0.0032","G"
"4","Trait5","mrMLM","NsiI.TP811800","11","19076","-0.0148","0.1645","G"
"4","Trait5","mrMLM","NsiI.TP811900","11","19077","1.4166e-05","0.0031","A"
"4","Trait5","mrMLM","NsiI.TP812001","11","19079","0.0316","0.2689","C"
"4","Trait5","mrMLM","NsiI.TP812041","11","19080","3.0163e-05","0.0066","C"
"4","Trait5","mrMLM","NsiI.TP812073","11","19081","-0.1026","0.5604","A"
"4","Trait5","mrMLM","NsiI.TP812238","11","19083","-2.0652e-05","0.0045","A"
"4","Trait5","mrMLM","NsiI.TP812251","11","19084","-9.7837e-06","0.0021","C"
"4","Trait5","mrMLM","NsiI.TP812295","11","19086","-9.9073e-06","0.0022","C"
"4","Trait5","mrMLM","NsiI.TP812314","11","19087","-1.0138e-06","2e-04","G"
"4","Trait5","mrMLM","NsiI.TP812432","11","19088","-5.9118e-06","0.0013","C"
"4","Trait5","mrMLM","NsiI.TP812500","11","19089","0.3754","1.4353","A"
"4","Trait5","mrMLM","NsiI.TP812501","11","19090","-0.1883","0.9536","C"
"4","Trait5","mrMLM","NsiI.TP812531","11","19091","-0.16","0.7443","C"
"4","Trait5","mrMLM","NsiI.TP812674","11","19093","7.6845e-06","0.0017","A"
"4","Trait5","mrMLM","NsiI.TP812753","11","19094","-6.7145e-06","0.0015","C"
"4","Trait5","mrMLM","NsiI.TP812818","11","19095","-2.9391e-06","6e-04","C"
"4","Trait5","mrMLM","NsiI.TP813110","11","19098","-5.038e-06","0.0011","A"
"4","Trait5","mrMLM","NsiI.TP813157","11","19099","7.5808e-06","0.0017","C"
"4","Trait5","mrMLM","NsiI.TP813161","11","19100","-8.2446e-06","0.0018","A"
"4","Trait5","mrMLM","NsiI.TP813253","11","19102","-0.0273","0.2562","C"
"4","Trait5","mrMLM","NsiI.TP813299","11","19104","-0.2795","1.1108","A"
"4","Trait5","mrMLM","NsiI.TP813629","11","19106","-0.0907","0.6646","A"
"4","Trait5","mrMLM","NsiI.TP813632","11","19107","-3.608e-05","0.0079","G"
"4","Trait5","mrMLM","NsiI.TP813658","11","19108","-0.0187","0.1498","A"
"4","Trait5","mrMLM","NsiI.TP813787","11","19109","2.7213e-06","6e-04","C"
"4","Trait5","mrMLM","NsiI.TP813850","11","19110","-0.1409","0.7793","A"
"4","Trait5","mrMLM","NsiI.TP813871","11","19111","0.1255","0.9263","C"
"4","Trait5","mrMLM","NsiI.TP814107","11","19113","0.1063","0.7257","C"
"4","Trait5","mrMLM","NsiI.TP814152","11","19115","-9.1198e-07","2e-04","A"
"4","Trait5","mrMLM","NsiI.TP814223","11","19117","-0.0196","0.2023","C"
"4","Trait5","mrMLM","NsiI.TP814253","11","19118","1.7478e-05","0.0038","A"
"4","Trait5","mrMLM","NsiI.TP814294","11","19119","0.0536","0.5196","A"
"4","Trait5","mrMLM","NsiI.TP814419","11","19122","0.0901","0.6459","A"
"4","Trait5","mrMLM","NsiI.TP814562","11","19123","0.0065","0.1132","A"
"4","Trait5","mrMLM","NsiI.TP814591","11","19124","0.0151","0.1392","C"
"4","Trait5","mrMLM","NsiI.TP814593","11","19125","1.3308e-05","0.0029","C"
"4","Trait5","mrMLM","NsiI.TP814997","11","19126","-1.354e-05","0.003","A"
"4","Trait5","mrMLM","NsiI.TP815009","11","19127","0.5009","2.1904","C"
"4","Trait5","mrMLM","NsiI.TP815164","11","19130","0.1665","1.1776","A"
"4","Trait5","mrMLM","NsiI.TP815398","11","19131","6.3053e-06","0.0014","A"
"4","Trait5","mrMLM","NsiI.TP815789","11","19132","-3.3571e-05","0.0074","A"
"4","Trait5","mrMLM","NsiI.TP815809","11","19133","0.1369","0.5977","C"
"4","Trait5","mrMLM","NsiI.TP816088","11","19136","-0.0408","0.2849","C"
"4","Trait5","mrMLM","NsiI.TP816322","11","19137","1.6318e-06","4e-04","A"
"4","Trait5","mrMLM","NsiI.TP816391","11","19138","0.0724","0.6203","C"
"4","Trait5","mrMLM","NsiI.TP816471","11","19139","-0.0237","0.3211","C"
"4","Trait5","mrMLM","NsiI.TP816510","11","19140","-0.1564","0.8122","A"
"4","Trait5","mrMLM","NsiI.TP816614","11","19141","-1.6548e-05","0.0036","A"
"4","Trait5","mrMLM","NsiI.TP816623","11","19142","2.5652e-05","0.0056","G"
"4","Trait5","mrMLM","NsiI.TP816777","11","19143","-3.0361e-05","0.0067","A"
"4","Trait5","mrMLM","NsiI.TP816892","11","19146","1.7163e-05","0.0038","G"
"4","Trait5","mrMLM","NsiI.TP816941","11","19147","1.8222e-05","0.004","C"
"4","Trait5","mrMLM","NsiI.TP817049","11","19150","4.6971e-06","0.001","A"
"4","Trait5","mrMLM","NsiI.TP817540","11","19151","-0.1438","0.9065","A"
"4","Trait5","mrMLM","NsiI.TP818245","11","19154","0.014","0.1524","A"
"4","Trait5","mrMLM","NsiI.TP818757","11","19156","-0.2885","1.0438","C"
"4","Trait5","mrMLM","NsiI.TP818864","11","19158","-2.5889e-06","6e-04","A"
"4","Trait5","mrMLM","NsiI.TP818907","11","19159","-0.1994","1.5351","C"
"4","Trait5","mrMLM","NsiI.TP818908","11","19160","2.2982e-06","5e-04","C"
"4","Trait5","mrMLM","NsiI.TP818942","11","19161","0.1974","0.9153","G"
"4","Trait5","mrMLM","NsiI.TP819048","11","19164","0.1127","0.9865","A"
"4","Trait5","mrMLM","NsiI.TP819086","11","19165","-0.0354","0.3901","C"
"4","Trait5","mrMLM","NsiI.TP819226","11","19167","-4.4875e-05","0.0099","C"
"4","Trait5","mrMLM","NsiI.TP819234","11","19168","-0.1788","0.9364","A"
"4","Trait5","mrMLM","NsiI.TP819304","11","19169","1.166e-05","0.0025","C"
"4","Trait5","mrMLM","NsiI.TP819432","11","19170","-0.1905","1.5888","C"
"4","Trait5","mrMLM","NsiI.TP819443","11","19171","1.5591e-06","3e-04","A"
"4","Trait5","mrMLM","NsiI.TP819458","11","19172","1.2023e-05","0.0026","G"
"4","Trait5","mrMLM","NsiI.TP819606","11","19173","5.7071e-06","0.0012","A"
"4","Trait5","mrMLM","NsiI.TP819614","11","19174","0.0783","0.6673","A"
"4","Trait5","mrMLM","NsiI.TP819621","11","19175","1.7889e-05","0.0039","C"
"4","Trait5","mrMLM","NsiI.TP819623","11","19176","-0.0471","0.4373","C"
"4","Trait5","mrMLM","NsiI.TP819642","11","19177","1.0546e-05","0.0023","C"
"4","Trait5","mrMLM","NsiI.TP819825","11","19178","0.2415","0.9125","A"
"4","Trait5","mrMLM","NsiI.TP820242","11","19181","8.4397e-06","0.0018","A"
"4","Trait5","mrMLM","NsiI.TP820545","11","19183","-0.1037","0.5168","A"
"4","Trait5","mrMLM","NsiI.TP820563","11","19184","4.5801e-06","0.001","C"
"4","Trait5","mrMLM","NsiI.TP820678","11","19185","-6.1964e-06","0.0014","A"
"4","Trait5","mrMLM","NsiI.TP820695","11","19186","1.1289e-05","0.0025","C"
"4","Trait5","mrMLM","NsiI.TP820746","11","19187","1.0184e-06","2e-04","C"
"4","Trait5","mrMLM","NsiI.TP820848","11","19189","-0.0668","0.6797","C"
"4","Trait5","mrMLM","NsiI.TP820940","11","19190","-1.0868e-06","2e-04","G"
"4","Trait5","mrMLM","NsiI.TP820999","11","19191","-1.1432e-05","0.0025","G"
"4","Trait5","mrMLM","NsiI.TP821084","11","19192","-0.0027","0.0612","A"
"4","Trait5","mrMLM","NsiI.TP821276","11","19193","7.2068e-06","0.0016","C"
"4","Trait5","mrMLM","NsiI.TP821453","11","19194","5.6686e-06","0.0012","A"
"4","Trait5","mrMLM","NsiI.TP821578","11","19196","-0.1465","1.8067","A"
"4","Trait5","mrMLM","NsiI.TP821626","11","19197","-0.0621","0.6503","C"
"4","Trait5","mrMLM","NsiI.TP821705","11","19198","-1.4449e-05","0.0032","C"
"4","Trait5","mrMLM","NsiI.TP821742","11","19199","-2.9694e-05","0.0065","A"
"4","Trait5","mrMLM","NsiI.TP821864","11","19200","-1.1193e-05","0.0024","C"
"4","Trait5","mrMLM","NsiI.TP821921","11","19202","2.8629e-05","0.0063","C"
"4","Trait5","mrMLM","NsiI.TP821959","11","19203","1.4245e-05","0.0031","C"
"4","Trait5","mrMLM","NsiI.TP821985","11","19204","-2.5359e-05","0.0056","A"
"4","Trait5","mrMLM","NsiI.TP822007","11","19205","-1.413e-05","0.0031","A"
"4","Trait5","mrMLM","NsiI.TP822091","11","19206","-1.8757e-05","0.0041","C"
"4","Trait5","mrMLM","NsiI.TP822108","11","19207","2.6817e-06","6e-04","A"
"4","Trait5","mrMLM","NsiI.TP822151","11","19210","-1.3039e-05","0.0028","C"
"4","Trait5","mrMLM","NsiI.TP822300","11","19212","-0.0669","0.7593","A"
"4","Trait5","mrMLM","NsiI.TP822312","11","19213","1.6325e-06","4e-04","A"
"4","Trait5","mrMLM","NsiI.TP822322","11","19214","-2.124e-05","0.0046","C"
"4","Trait5","mrMLM","NsiI.TP822524","11","19215","-9.9842e-06","0.0022","G"
"4","Trait5","mrMLM","NsiI.TP822573","11","19216","-6.8663e-06","0.0015","C"
"4","Trait5","mrMLM","NsiI.TP822631","11","19218","0.122","1.0152","A"
"4","Trait5","mrMLM","NsiI.TP822744","11","19220","-0.1505","0.9102","A"
"4","Trait5","mrMLM","NsiI.TP822787","11","19221","-0.2295","1.258","G"
"4","Trait5","mrMLM","NsiI.TP822887","11","19222","-0.2333","1.811","A"
"4","Trait5","mrMLM","NsiI.TP822914","11","19223","1.664e-05","0.0036","A"
"4","Trait5","mrMLM","NsiI.TP823009","11","19225","-3.7647e-05","0.0083","A"
"4","Trait5","mrMLM","NsiI.TP823198","11","19228","-1.1495e-05","0.0025","A"
"4","Trait5","mrMLM","NsiI.TP823238","11","19229","0.046","0.4101","A"
"4","Trait5","mrMLM","NsiI.TP823264","11","19231","-0.0749","0.8647","C"
"4","Trait5","mrMLM","NsiI.TP823284","11","19232","-6.3185e-06","0.0014","A"
"4","Trait5","mrMLM","NsiI.TP823381","11","19234","-1.0729e-05","0.0023","A"
"4","Trait5","mrMLM","NsiI.TP823495","11","19235","0.033","0.3158","A"
"4","Trait5","mrMLM","NsiI.TP823575","11","19236","-1.1937e-05","0.0026","A"
"4","Trait5","mrMLM","NsiI.TP823594","11","19237","-2.2312e-05","0.0049","A"
"4","Trait5","mrMLM","NsiI.TP823635","11","19238","2.2863e-05","0.005","A"
"4","Trait5","mrMLM","NsiI.TP823699","11","19239","-0.1407","0.8247","A"
"4","Trait5","mrMLM","NsiI.TP823921","11","19242","-2.7681e-06","6e-04","A"
"4","Trait5","mrMLM","NsiI.TP824165","11","19243","-1.3993e-05","0.0031","A"
"4","Trait5","mrMLM","NsiI.TP824214","11","19244","-0.2513","1.5092","C"
"4","Trait5","mrMLM","NsiI.TP824423","11","19247","1.3093e-06","3e-04","A"
"4","Trait5","mrMLM","NsiI.TP824537","11","19249","-7.4563e-06","0.0016","A"
"4","Trait5","mrMLM","NsiI.TP824960","11","19253","-3.3817e-05","0.0074","A"
"4","Trait5","mrMLM","NsiI.TP824994","11","19254","3.3369e-05","0.0073","A"
"4","Trait5","mrMLM","NsiI.TP825048","11","19255","0.1464","1.1157","G"
"4","Trait5","mrMLM","NsiI.TP825248","11","19256","5.1169e-06","0.0011","A"
"4","Trait5","mrMLM","NsiI.TP825259","11","19257","1.4437e-05","0.0032","C"
"4","Trait5","mrMLM","NsiI.TP825555","11","19259","-0.1917","1.1981","C"
"4","Trait5","mrMLM","NsiI.TP825560","11","19260","3.2541e-06","7e-04","A"
"4","Trait5","mrMLM","NsiI.TP825595","11","19261","0.065","0.7076","C"
"4","Trait5","mrMLM","NsiI.TP825641","11","19262","-1.5592e-05","0.0034","C"
"4","Trait5","mrMLM","NsiI.TP825700","11","19263","0.2544","1.2899","C"
"4","Trait5","mrMLM","NsiI.TP825906","11","19265","-1.925e-05","0.0042","C"
"4","Trait5","mrMLM","NsiI.TP826040","11","19266","-1.2874e-06","3e-04","C"
"4","Trait5","mrMLM","NsiI.TP826104","11","19267","0.1039","0.5516","G"
"4","Trait5","mrMLM","NsiI.TP826243","11","19268","1.1366e-05","0.0025","C"
"4","Trait5","mrMLM","NsiI.TP826371","11","19270","1.459e-05","0.0032","C"
"4","Trait5","mrMLM","NsiI.TP826733","11","19273","3.1914e-05","0.007","C"
"4","Trait5","mrMLM","NsiI.TP826830","11","19274","2.8119e-06","6e-04","C"
"4","Trait5","mrMLM","NsiI.TP826832","11","19275","-3.4551e-05","0.0076","A"
"4","Trait5","mrMLM","NsiI.TP826891","11","19276","-8.7623e-06","0.0019","C"
"4","Trait5","mrMLM","NsiI.TP826936","11","19277","-1.4584e-05","0.0032","C"
"4","Trait5","mrMLM","NsiI.TP827179","11","19278","2.9752e-05","0.0065","C"
"4","Trait5","mrMLM","NsiI.TP827204","11","19279","-3.9519e-05","0.0087","C"
"4","Trait5","mrMLM","NsiI.TP827319","11","19280","2.6265e-06","6e-04","A"
"4","Trait5","mrMLM","NsiI.TP827467","11","19281","-8.9736e-06","0.002","A"
"4","Trait5","mrMLM","NsiI.TP827468","11","19282","-3e-04","0.0226","C"
"4","Trait5","mrMLM","NsiI.TP827621","11","19283","-2.3569e-06","5e-04","A"
"4","Trait5","mrMLM","NsiI.TP827685","11","19284","-0.0481","0.6355","A"
"4","Trait5","mrMLM","NsiI.TP827803","11","19285","0.1245","0.9793","G"
"4","Trait5","mrMLM","NsiI.TP827811","11","19286","0.2584","1.5056","A"
"4","Trait5","mrMLM","NsiI.TP827871","11","19287","-0.1254","0.6858","A"
"4","Trait5","mrMLM","NsiI.TP827893","11","19288","0.0937","0.9862","A"
"4","Trait5","mrMLM","NsiI.TP827926","11","19289","2.9653e-06","6e-04","A"
"4","Trait5","mrMLM","NsiI.TP827955","11","19290","1.908e-05","0.0042","A"
"4","Trait5","mrMLM","NsiI.TP828260","11","19294","5.1487e-06","0.0011","A"
"4","Trait5","mrMLM","NsiI.TP828345","11","19295","0.0716","0.6635","A"
"4","Trait5","mrMLM","NsiI.TP828678","11","19297","-1.6298e-05","0.0036","C"
"4","Trait5","mrMLM","NsiI.TP828738","11","19298","-1.5414e-05","0.0034","A"
"4","Trait5","mrMLM","NsiI.TP828812","11","19300","1.7394e-05","0.0038","A"
"4","Trait5","mrMLM","NsiI.TP828839","11","19301","-2.7064e-06","6e-04","A"
"4","Trait5","mrMLM","NsiI.TP828846","11","19302","-1.5514e-06","3e-04","A"
"4","Trait5","mrMLM","NsiI.TP829149","11","19303","-8.157e-06","0.0018","A"
"4","Trait5","mrMLM","NsiI.TP829280","11","19304","-0.1254","0.5401","G"
"4","Trait5","mrMLM","NsiI.TP829478","11","19306","-7.3588e-06","0.0016","A"
"4","Trait5","mrMLM","NsiI.TP829584","11","19308","0.2379","1.2069","G"
"4","Trait5","mrMLM","NsiI.TP829977","11","19311","4.0916e-06","9e-04","A"
"4","Trait5","mrMLM","NsiI.TP830197","11","19312","-2.0506e-06","4e-04","G"
"4","Trait5","mrMLM","NsiI.TP830341","11","19313","-0.0859","0.8973","G"
"4","Trait5","mrMLM","NsiI.TP830617","11","19317","-2.2975e-05","0.005","A"
"4","Trait5","mrMLM","NsiI.TP830698","11","19318","1.5064e-05","0.0033","C"
"4","Trait5","mrMLM","NsiI.TP830929","11","19321","2.4214e-06","5e-04","C"
"4","Trait5","mrMLM","NsiI.TP831091","11","19322","0.0349","0.4364","A"
"4","Trait5","mrMLM","NsiI.TP831263","11","19323","1.0161e-05","0.0022","G"
"4","Trait5","mrMLM","NsiI.TP831460","11","19326","-0.1554","0.7326","C"
"4","Trait5","mrMLM","NsiI.TP831464","11","19327","0.0447","0.2687","A"
"4","Trait5","mrMLM","NsiI.TP831718","11","19328","1.7366e-06","4e-04","C"
"4","Trait5","mrMLM","NsiI.TP831719","11","19329","5.4047e-06","0.0012","C"
"4","Trait5","mrMLM","NsiI.TP832142","11","19332","-2.7248e-05","0.006","C"
"4","Trait5","mrMLM","NsiI.TP832325","11","19334","0.1753","0.8238","A"
"4","Trait5","mrMLM","NsiI.TP832379","11","19335","0.0841","0.4748","C"
"4","Trait5","mrMLM","NsiI.TP832418","11","19336","0.3073","1.6329","C"
"4","Trait5","mrMLM","NsiI.TP832484","11","19337","-1.3542e-05","0.003","C"
"4","Trait5","mrMLM","NsiI.TP832677","11","19340","0.1373","0.4776","A"
"4","Trait5","mrMLM","NsiI.TP832754","11","19341","-2.8726e-05","0.0063","A"
"4","Trait5","mrMLM","NsiI.TP832792","11","19342","0.0083","0.1598","A"
"4","Trait5","mrMLM","NsiI.TP832900","11","19343","4.0039e-06","9e-04","A"
"4","Trait5","mrMLM","NsiI.TP832922","11","19344","-2.0984e-06","5e-04","A"
"4","Trait5","mrMLM","NsiI.TP833589","11","19346","-1.277e-05","0.0028","C"
"4","Trait5","mrMLM","NsiI.TP833748","11","19347","-3.689e-05","0.0081","A"
"4","Trait5","mrMLM","NsiI.TP833898","11","19348","-0.1435","0.9362","C"
"4","Trait5","mrMLM","NsiI.TP833926","11","19349","1.7647e-05","0.0039","C"
"4","Trait5","mrMLM","NsiI.TP834180","11","19350","-1.5585e-06","3e-04","G"
"4","Trait5","mrMLM","NsiI.TP834606","11","19352","2.6213e-05","0.0057","C"
"4","Trait5","mrMLM","NsiI.TP834705","11","19353","2.6829e-06","6e-04","A"
"4","Trait5","mrMLM","NsiI.TP835047","11","19356","-1.6247e-06","4e-04","A"
"4","Trait5","mrMLM","NsiI.TP835068","11","19357","-7.7391e-06","0.0017","A"
"4","Trait5","mrMLM","NsiI.TP835127","11","19358","-7.611e-06","0.0017","C"
"4","Trait5","mrMLM","NsiI.TP835201","11","19361","-1.8415e-06","4e-04","C"
"4","Trait5","mrMLM","NsiI.TP835314","11","19362","-8.3954e-06","0.0018","A"
"4","Trait5","mrMLM","NsiI.TP835724","11","19363","2.7196e-06","6e-04","C"
"4","Trait5","mrMLM","NsiI.TP835729","11","19364","9.0997e-06","0.002","G"
"4","Trait5","mrMLM","NsiI.TP27725","11","22357","-4.4418e-06","0.001","A"
"4","Trait5","mrMLM","PstI.TP167116","11","22418","0.0477","0.5702","A"
"4","Trait5","mrMLM","NsiI.TP481532","11","32608","-3.6311e-06","8e-04","A"
"4","Trait5","mrMLM","NsiI.TP427552","11","32693","3.0137e-05","0.0066","A"
"4","Trait5","mrMLM","NsiI.TP726933","11","87720","1.7682e-05","0.0039","C"
"4","Trait5","mrMLM","PstI.TP861546","11","432719","-0.0824","0.9663","C"
"4","Trait5","mrMLM","NsiI.TP22535","11","623919","1.1709e-05","0.0026","A"
"4","Trait5","mrMLM","NsiI.TP819350","11","720120","-0.0549","0.3646","A"
"4","Trait5","mrMLM","NsiI.TP486716","11","721349","1.2427e-05","0.0027","A"
"4","Trait5","mrMLM","PstI.TP701939","11","789248","7.6709e-06","0.0017","C"
"4","Trait5","mrMLM","NsiI.TP236938","11","851348","-0.0289","0.3023","C"
"4","Trait5","mrMLM","NsiI.TP781546","11","918804","0.1955","0.9506","C"
"4","Trait5","mrMLM","NsiI.TP236310","11","1548618","-1.935e-05","0.0042","C"
"4","Trait5","mrMLM","PstI.TP933462","11","1796358","-5.2627e-06","0.0011","C"
"4","Trait5","mrMLM","NsiI.TP260136","11","2356328","-0.1567","0.7386","C"
"4","Trait5","mrMLM","NsiI.TP774639","11","2664197","1.4428e-05","0.0032","A"
"4","Trait5","mrMLM","PstI.TP253222","11","2768113","-2.8462e-06","6e-04","A"
"4","Trait5","mrMLM","NsiI.TP375944","11","3152574","-1.3571e-06","3e-04","G"
"4","Trait5","mrMLM","PstI.TP879649","11","6190304","-4.9379e-06","0.0011","C"
"4","Trait5","mrMLM","NsiI.TP799296","11","6299729","-4.1209e-06","9e-04","A"
"4","Trait5","mrMLM","NsiI.TP661166","11","7766467","-0.1762","0.9432","C"
"4","Trait5","FASTmrMLM","NsiI.TP620354","1","2563","1.1187e-05","0.0024","A"
"4","Trait5","FASTmrMLM","PstI.TP453248","1","3988","-1.1057e-05","0.0024","C"
"4","Trait5","FASTmrMLM","GFSSContig17137_1860","1","35412","-0.2404","1.3456","T"
"4","Trait5","FASTmrMLM","GFSSContig17137_940","1","36536","1.2539e-05","0.0027","T"
"4","Trait5","FASTmrMLM","PstI.TP1112203","1","63590","-1e-04","0.0114","A"
"4","Trait5","FASTmrMLM","PstI.TP506588","1","80675","-5.2809e-06","0.0012","C"
"4","Trait5","FASTmrMLM","PstI.TP989644","1","80828","0.0215","0.2532","C"
"4","Trait5","FASTmrMLM","PstI.TP312105","1","81356","0.0382","0.5032","G"
"4","Trait5","FASTmrMLM","NsiI.TP481742","1","154583","-5.0273e-07","1e-04","A"
"4","Trait5","FASTmrMLM","PstI.TP863331","1","161269","2.2255e-05","0.0049","A"
"4","Trait5","FASTmrMLM","NsiI.TP71772","1","180079","1.5613e-05","0.0034","C"
"4","Trait5","FASTmrMLM","NsiI.TP611047","1","185165","2.4066e-06","5e-04","A"
"4","Trait5","FASTmrMLM","NsiI.TP611046","1","185173","3.1142e-05","0.0068","C"
"4","Trait5","FASTmrMLM","PstI.TP1169914","1","194807","-1.0229e-05","0.0022","G"
"4","Trait5","FASTmrMLM","NsiI.TP96063","1","195779","0.1045","0.973","A"
"4","Trait5","FASTmrMLM","NsiI.TP521153","1","258294","2.0241e-06","4e-04","A"
"4","Trait5","FASTmrMLM","PstI.TP271714","1","262844","-1.5071e-06","3e-04","A"
"4","Trait5","FASTmrMLM","PstI.TP424788","1","263370","6.4563e-06","0.0014","A"
"4","Trait5","FASTmrMLM","PstI.TP811380","1","281841","0.1309","1.452","C"
"4","Trait5","FASTmrMLM","PstI.TP931820","1","284314","6.6907e-06","0.0015","A"
"4","Trait5","FASTmrMLM","NsiI.TP426085","1","284999","-1.2862e-06","3e-04","A"
"4","Trait5","FASTmrMLM","NsiI.TP148773","1","285352","7.528e-06","0.0016","A"
"4","Trait5","FASTmrMLM","NsiI.TP148774","1","285397","0.3087","2.1179","A"
"4","Trait5","FASTmrMLM","PstI.TP301730","1","298129","1.5113e-05","0.0033","A"
"4","Trait5","FASTmrMLM","PstI.TP710662","1","335281","-0.0443","0.2628","A"
"4","Trait5","FASTmrMLM","NsiI.TP579900","1","335878","-0.4628","2.3471","G"
"4","Trait5","FASTmrMLM","PstI.TP1043924","1","365760","-0.0523","0.3807","A"
"4","Trait5","FASTmrMLM","PstI.TP1043926","1","365816","-0.0464","0.4123","A"
"4","Trait5","FASTmrMLM","NsiI.TP414280","1","378096","-1.063e-05","0.0023","A"
"4","Trait5","FASTmrMLM","NsiI.TP807695","1","389941","0.07","0.8042","A"
"4","Trait5","FASTmrMLM","NsiI.TP687955","1","398596","-4.7134e-06","0.001","C"
"4","Trait5","FASTmrMLM","PstI.TP948856","1","403321","2.8543e-05","0.0063","A"
"4","Trait5","FASTmrMLM","PstI.TP1037554","1","403777","3.1919e-05","0.0066","A"
"4","Trait5","FASTmrMLM","NsiI.TP122940","1","430012","0.0569","0.5381","A"
"4","Trait5","FASTmrMLM","NsiI.TP703893","1","450123","1.2379e-05","0.0027","C"
"4","Trait5","FASTmrMLM","PstI.TP1026667","1","480929","0.2158","0.591","A"
"4","Trait5","FASTmrMLM","NsiI.TP413787","1","481003","-2.1313e-05","0.0047","A"
"4","Trait5","FASTmrMLM","NsiI.TP591161","1","512907","1.0964e-05","0.0024","A"
"4","Trait5","FASTmrMLM","NsiI.TP260303","1","526218","2.4143e-05","0.0042","A"
"4","Trait5","FASTmrMLM","NsiI.TP160827","1","542721","-0.0299","0.4232","A"
"4","Trait5","FASTmrMLM","PstI.TP425356","1","569039","0.1472","0.9443","C"
"4","Trait5","FASTmrMLM","PstI.TP999740","1","569491","1.172e-05","0.0026","A"
"4","Trait5","FASTmrMLM","PstI.TP184304","1","572620","5.049e-05","0.0111","C"
"4","Trait5","FASTmrMLM","PstI.TP1132231","1","588023","-9.6197e-06","0.0021","A"
"4","Trait5","FASTmrMLM","PstI.TP536170","1","662254","3.1938e-05","0.007","C"
"4","Trait5","FASTmrMLM","PstI.TP854736","1","683267","-1.3926e-05","0.003","A"
"4","Trait5","FASTmrMLM","PstI.TP83381","1","713539","-0.1961","1.9208","A"
"4","Trait5","FASTmrMLM","PstI.TP94792","1","731905","-0.0991","1.572","C"
"4","Trait5","FASTmrMLM","PstI.TP968891","1","748410","-5.7266e-06","0.0012","C"
"4","Trait5","FASTmrMLM","NsiI.TP802651","1","754114","3.5427e-06","8e-04","C"
"4","Trait5","FASTmrMLM","PstI.TP1039014","1","759496","5.3727e-06","0.0012","A"
"4","Trait5","FASTmrMLM","PstI.TP1248576","1","760805","1.891e-05","0.0041","C"
"4","Trait5","FASTmrMLM","NsiI.TP241552","1","773227","2.1987e-05","0.0048","C"
"4","Trait5","FASTmrMLM","NsiI.TP241535","1","773253","-2.2883e-05","0.005","A"
"4","Trait5","FASTmrMLM","NsiI.TP282375","1","773642","-1.395e-05","0.003","C"
"4","Trait5","FASTmrMLM","NsiI.TP559422","1","781613","3.7155e-06","8e-04","A"
"4","Trait5","FASTmrMLM","PstI.TP579974","1","783866","-6.2791e-06","0.0014","C"
"4","Trait5","FASTmrMLM","PstI.TP1090052","1","815564","-0.0428","0.4238","A"
"4","Trait5","FASTmrMLM","PstI.TP1216290","1","817784","0.0342","0.438","A"
"4","Trait5","FASTmrMLM","NsiI.TP199750","1","819727","-7.6977e-06","0.0017","A"
"4","Trait5","FASTmrMLM","NsiI.TP619705","1","820317","5.9992e-06","0.0013","A"
"4","Trait5","FASTmrMLM","PstI.TP537601","1","822113","6.497e-07","1e-04","C"
"4","Trait5","FASTmrMLM","NsiI.TP585976","1","829048","-1.8758e-05","0.0041","C"
"4","Trait5","FASTmrMLM","NsiI.TP358960","1","864806","6.939e-06","0.0015","A"
"4","Trait5","FASTmrMLM","PstI.TP1152021","1","865447","5.4395e-06","0.0012","A"
"4","Trait5","FASTmrMLM","PstI.TP139718","1","866121","-1.4226e-05","0.0031","C"
"4","Trait5","FASTmrMLM","NsiI.TP603024","1","882892","2.3634e-05","0.0052","C"
"4","Trait5","FASTmrMLM","PstI.TP2218","1","905152","-4.1938e-05","0.0092","A"
"4","Trait5","FASTmrMLM","NsiI.TP410050","1","907438","-1.5251e-05","0.0033","C"
"4","Trait5","FASTmrMLM","NsiI.TP410051","1","907440","1.2176e-05","0.0027","A"
"4","Trait5","FASTmrMLM","PstI.TP716618","1","918921","0.2302","1.1036","G"
"4","Trait5","FASTmrMLM","PstI.TP34534","1","923689","-0.0134","0.2189","A"
"4","Trait5","FASTmrMLM","PstI.TP724910","1","925871","7.6183e-06","0.0017","C"
"4","Trait5","FASTmrMLM","PstI.TP383349","1","950724","-5.1009e-06","0.0011","A"
"4","Trait5","FASTmrMLM","NsiI.TP809841","1","955990","-9.1944e-06","0.002","A"
"4","Trait5","FASTmrMLM","PstI.TP39577","1","959521","0.1802","0.6007","C"
"4","Trait5","FASTmrMLM","PstI.TP1246584","1","1015480","-0.0873","0.9992","C"
"4","Trait5","FASTmrMLM","NsiI.TP443042","1","1033284","0.1354","1.5376","A"
"4","Trait5","FASTmrMLM","PstI.TP354591","1","1050082","1.3368e-07","2.9098e-05","C"
"4","Trait5","FASTmrMLM","PstI.TP1060928","1","1054924","5.8686e-06","0.0013","A"
"4","Trait5","FASTmrMLM","PstI.TP968458","1","1145895","4.1126e-05","0.009","A"
"4","Trait5","FASTmrMLM","PstI.TP979329","1","1145899","-1.1634e-05","0.0025","A"
"4","Trait5","FASTmrMLM","PstI.TP856852","1","1153760","1.8671e-05","0.0041","G"
"4","Trait5","FASTmrMLM","PstI.TP1010387","1","1174408","-7.1791e-06","0.0016","C"
"4","Trait5","FASTmrMLM","NsiI.TP379925","1","1174994","1.0438e-05","0.0023","C"
"4","Trait5","FASTmrMLM","PstI.TP775725","1","1175417","2.5297e-05","0.0055","A"
"4","Trait5","FASTmrMLM","PstI.TP885953","1","1195721","1.0865e-05","0.0024","A"
"4","Trait5","FASTmrMLM","PstI.TP530416","1","1196937","9.1723e-06","0.002","A"
"4","Trait5","FASTmrMLM","NsiI.TP809990","1","1199529","0.0215","0.3144","G"
"4","Trait5","FASTmrMLM","NsiI.TP621329","1","1209175","6.7062e-07","1e-04","C"
"4","Trait5","FASTmrMLM","PstI.TP136460","1","1229717","-1.28e-05","0.0028","A"
"4","Trait5","FASTmrMLM","NsiI.TP226174","1","1247110","-1.0306e-05","0.0022","C"
"4","Trait5","FASTmrMLM","NsiI.TP622","1","1250740","1.0223e-05","0.0022","A"
"4","Trait5","FASTmrMLM","PstI.TP952646","1","1257515","1.4417e-05","0.0031","A"
"4","Trait5","FASTmrMLM","NsiI.TP429501","1","1266624","-5.9762e-06","0.0013","A"
"4","Trait5","FASTmrMLM","PstI.TP112674","1","1270544","1.397e-06","3e-04","A"
"4","Trait5","FASTmrMLM","NsiI.TP321202","1","1270981","-7.9249e-06","0.0017","A"
"4","Trait5","FASTmrMLM","NsiI.TP321203","1","1270985","-0.0541","0.6927","A"
"4","Trait5","FASTmrMLM","PstI.TP761288","1","1274696","-2e-04","0.0131","G"
"4","Trait5","FASTmrMLM","NsiI.TP83302","1","1275020","1.3828e-05","0.003","C"
"4","Trait5","FASTmrMLM","PstI.TP250182","1","1293920","-0.0901","0.6873","A"
"4","Trait5","FASTmrMLM","NsiI.TP139486","1","1336169","6.6134e-06","0.0014","A"
"4","Trait5","FASTmrMLM","PstI.TP219964","1","1343660","7.983e-06","0.0017","C"
"4","Trait5","FASTmrMLM","NsiI.TP280619","1","1353156","4.6516e-06","0.001","A"
"4","Trait5","FASTmrMLM","NsiI.TP476134","1","1354429","-1.406e-05","0.0031","A"
"4","Trait5","FASTmrMLM","PstI.TP919568","1","1369588","6.9171e-06","0.0015","A"
"4","Trait5","FASTmrMLM","PstI.TP646654","1","1399111","-0.2039","1.394","A"
"4","Trait5","FASTmrMLM","NsiI.TP279368","1","1408065","1e-04","0.0114","C"
"4","Trait5","FASTmrMLM","NsiI.TP408020","1","1421422","1.2994e-05","0.0028","A"
"4","Trait5","FASTmrMLM","NsiI.TP72077","1","1422420","-0.0684","0.456","A"
"4","Trait5","FASTmrMLM","GFSSContig11377_769","1","1481480","-2.8717e-06","6e-04","A"
"4","Trait5","FASTmrMLM","NsiI.TP707218","1","1504041","0.3033","0.9909","A"
"4","Trait5","FASTmrMLM","NsiI.TP229070","1","1511230","0.073","0.3298","A"
"4","Trait5","FASTmrMLM","PstI.TP13650","1","1521127","2.4077e-06","5e-04","A"
"4","Trait5","FASTmrMLM","PstI.TP329515","1","1537490","-3.1829e-05","0.007","C"
"4","Trait5","FASTmrMLM","PstI.TP1121399","1","1542224","3.2495e-05","0.0071","A"
"4","Trait5","FASTmrMLM","NsiI.TP735901","1","1547162","0.0806","0.4714","A"
"4","Trait5","FASTmrMLM","PstI.TP312988","1","1615878","-3.6275e-06","8e-04","C"
"4","Trait5","FASTmrMLM","PstI.TP115729","1","1627848","-5.4648e-06","0.0012","C"
"4","Trait5","FASTmrMLM","NsiI.TP287495","1","1629591","-2.3806e-05","0.0052","C"
"4","Trait5","FASTmrMLM","NsiI.TP830386","1","1644699","-0.0642","0.4608","A"
"4","Trait5","FASTmrMLM","PstI.TP1031399","1","1661159","-1.4954e-06","3e-04","C"
"4","Trait5","FASTmrMLM","PstI.TP1294494","1","1663938","-0.2346","1.0556","C"
"4","Trait5","FASTmrMLM","PstI.TP394777","1","1676644","-0.2012","1.6667","A"
"4","Trait5","FASTmrMLM","PstI.TP455158","1","1676669","-0.1274","1.0259","A"
"4","Trait5","FASTmrMLM","NsiI.TP796534","1","1682668","-8.19e-06","0.0018","A"
"4","Trait5","FASTmrMLM","NsiI.TP709976","1","1682685","3.3609e-05","0.0074","A"
"4","Trait5","FASTmrMLM","NsiI.TP595268","1","1683111","-5.5369e-06","0.0012","A"
"4","Trait5","FASTmrMLM","PstI.TP340129","1","1696284","1.3551e-05","0.003","C"
"4","Trait5","FASTmrMLM","PstI.TP879262","1","1711195","0.0374","0.3217","C"
"4","Trait5","FASTmrMLM","PstI.TP396517","1","1727743","-0.112","0.5453","C"
"4","Trait5","FASTmrMLM","PstI.TP362194","1","1738428","-1.5839e-06","3e-04","C"
"4","Trait5","FASTmrMLM","NsiI.TP257038","1","1777966","0.0584","0.5186","C"
"4","Trait5","FASTmrMLM","NsiI.TP331446","1","1795203","5.8472e-06","0.0013","A"
"4","Trait5","FASTmrMLM","PstI.TP404971","1","1802717","2.2618e-05","0.005","A"
"4","Trait5","FASTmrMLM","PstI.TP752031","1","1812794","-0.0608","0.4821","C"
"4","Trait5","FASTmrMLM","PstI.TP1164925","1","1823087","-1.2736e-05","0.0028","G"
"4","Trait5","FASTmrMLM","PstI.TP267190","1","1826471","2.1152e-05","0.0046","C"
"4","Trait5","FASTmrMLM","PstI.TP358550","1","1827875","-0.081","0.4149","C"
"4","Trait5","FASTmrMLM","PstI.TP162847","1","1850794","0.1636","0.5401","A"
"4","Trait5","FASTmrMLM","PstI.TP973765","1","1850824","-1.0487e-05","0.0023","A"
"4","Trait5","FASTmrMLM","PstI.TP662746","1","1875120","1.0696e-05","0.0023","A"
"4","Trait5","FASTmrMLM","NsiI.TP198999","1","1902613","1.7614e-05","0.0039","G"
"4","Trait5","FASTmrMLM","PstI.TP569202","1","1913143","-1.9817e-05","0.0043","C"
"4","Trait5","FASTmrMLM","PstI.TP193367","1","1929457","-1.9412e-05","0.0042","C"
"4","Trait5","FASTmrMLM","PstI.TP1004354","1","1929463","-2.3663e-05","0.0052","G"
"4","Trait5","FASTmrMLM","PstI.TP929619","1","1952038","-1.0798e-05","0.0024","A"
"4","Trait5","FASTmrMLM","NsiI.TP501075","1","1970427","0.097","0.7897","A"
"4","Trait5","FASTmrMLM","NsiI.TP212267","1","1974353","0.026","0.3334","C"
"4","Trait5","FASTmrMLM","PstI.TP1073657","1","1992755","1.4886e-05","0.0033","C"
"4","Trait5","FASTmrMLM","NsiI.TP346928","1","2007649","0.0072","0.1449","A"
"4","Trait5","FASTmrMLM","NsiI.TP465382","1","2030255","0.1533","0.7793","C"
"4","Trait5","FASTmrMLM","PstI.TP417865","1","2030761","-2.8141e-05","0.0062","C"
"4","Trait5","FASTmrMLM","NsiI.TP666080","1","2031570","-2.7657e-05","0.0061","C"
"4","Trait5","FASTmrMLM","NsiI.TP76995","1","2035657","-9.221e-06","0.002","A"
"4","Trait5","FASTmrMLM","PstI.TP1108087","1","2058532","-1.0658e-05","0.0023","C"
"4","Trait5","FASTmrMLM","NsiI.TP520381","1","2061408","-3.4657e-05","0.0076","C"
"4","Trait5","FASTmrMLM","PstI.TP937968","1","2082361","9.6047e-06","0.0021","A"
"4","Trait5","FASTmrMLM","PstI.TP885267","1","2084430","7.9009e-06","0.0017","A"
"4","Trait5","FASTmrMLM","NsiI.TP522007","1","2084710","-7.7103e-06","0.0017","C"
"4","Trait5","FASTmrMLM","PstI.TP871791","1","2088837","0.043","0.4922","A"
"4","Trait5","FASTmrMLM","PstI.TP1172854","1","2090281","-0.0889","0.7332","C"
"4","Trait5","FASTmrMLM","NsiI.TP412045","1","2102732","-1.0822e-05","0.0024","A"
"4","Trait5","FASTmrMLM","NsiI.TP252447","1","2106782","-3.3847e-05","0.0065","A"
"4","Trait5","FASTmrMLM","PstI.TP194713","1","2118577","1.4318e-05","0.0031","C"
"4","Trait5","FASTmrMLM","PstI.TP992189","1","2128106","-1.6902e-05","0.0037","A"
"4","Trait5","FASTmrMLM","NsiI.TP224834","1","2135892","3e-04","0.0139","C"
"4","Trait5","FASTmrMLM","NsiI.TP812198","1","2141115","-2.4144e-06","5e-04","C"
"4","Trait5","FASTmrMLM","PstI.TP1074104","1","2141726","0.0763","1.0399","A"
"4","Trait5","FASTmrMLM","PstI.TP1161765","1","2167489","0.1261","0.4148","A"
"4","Trait5","FASTmrMLM","PstI.TP99836","1","2167938","-2.9111e-05","0.0064","A"
"4","Trait5","FASTmrMLM","PstI.TP127171","1","2168030","1.2526e-05","0.0027","C"
"4","Trait5","FASTmrMLM","PstI.TP1142098","1","2178144","-1.6331e-05","0.0036","G"
"4","Trait5","FASTmrMLM","NsiI.TP77014","1","2184209","-4.2499e-06","9e-04","A"
"4","Trait5","FASTmrMLM","PstI.TP291430","1","2184590","-0.1193","1.5379","C"
"4","Trait5","FASTmrMLM","PstI.TP19978","1","2238336","0.6152","2.264","A"
"4","Trait5","FASTmrMLM","PstI.TP627948","1","2248757","-1.035e-05","0.0023","A"
"4","Trait5","FASTmrMLM","PstI.TP456950","1","2253706","-1.6519e-05","0.0036","A"
"4","Trait5","FASTmrMLM","NsiI.TP435455","1","2255018","7.3803e-06","0.0016","A"
"4","Trait5","FASTmrMLM","GFSSContig18743_720","1","2267526","5.8237e-06","0.0013","A"
"4","Trait5","FASTmrMLM","PstI.TP1294018","1","2280325","1.4783e-05","0.0032","C"
"4","Trait5","FASTmrMLM","NsiI.TP452359","1","2295850","-0.1065","0.7056","C"
"4","Trait5","FASTmrMLM","PstI.TP56186","1","2315028","-1.2613e-05","0.0028","A"
"4","Trait5","FASTmrMLM","PstI.TP35983","1","2316412","0.0891","0.4784","A"
"4","Trait5","FASTmrMLM","PstI.TP1078305","1","2344174","-1.2706e-05","0.0028","A"
"4","Trait5","FASTmrMLM","NsiI.TP581618","1","2360930","-1.637e-05","0.0036","A"
"4","Trait5","FASTmrMLM","PstI.TP167208","1","2365447","0.1334","1.096","A"
"4","Trait5","FASTmrMLM","PstI.TP1070532","1","2365508","-1.5873e-05","0.0035","A"
"4","Trait5","FASTmrMLM","PstI.TP435581","1","2382439","-1.5105e-05","0.0033","C"
"4","Trait5","FASTmrMLM","NsiI.TP823476","1","2397333","-0.0093","0.1945","C"
"4","Trait5","FASTmrMLM","PstI.TP962587","1","2401015","0.0705","0.3423","A"
"4","Trait5","FASTmrMLM","PstI.TP1061070","1","2406219","-9.7787e-06","0.0021","C"
"4","Trait5","FASTmrMLM","PstI.TP1270297","1","2407541","-1.035e-06","2e-04","A"
"4","Trait5","FASTmrMLM","PstI.TP830503","1","2436800","-1.66e-06","4e-04","C"
"4","Trait5","FASTmrMLM","PstI.TP1236997","1","2443424","0.056","0.5077","C"
"4","Trait5","FASTmrMLM","PstI.TP653218","1","2466683","-1.5001e-05","0.0033","A"
"4","Trait5","FASTmrMLM","PstI.TP731711","1","2484952","-1.0749e-05","0.0023","C"
"4","Trait5","FASTmrMLM","PstI.TP584911","1","2497040","-4.124e-06","9e-04","C"
"4","Trait5","FASTmrMLM","PstI.TP101400","1","2524399","-3.1681e-05","0.007","A"
"4","Trait5","FASTmrMLM","PstI.TP87257","1","2524425","-7.3885e-06","0.0016","C"
"4","Trait5","FASTmrMLM","NsiI.TP509743","1","2527815","2.3071e-05","0.0051","A"
"4","Trait5","FASTmrMLM","PstI.TP1194780","1","2560012","8.6452e-06","0.0019","C"
"4","Trait5","FASTmrMLM","PstI.TP1194789","1","2560027","-2.7406e-06","6e-04","A"
"4","Trait5","FASTmrMLM","PstI.TP1194784","1","2560051","1.2883e-05","0.0028","G"
"4","Trait5","FASTmrMLM","PstI.TP684585","1","2561805","0.0276","0.3056","A"
"4","Trait5","FASTmrMLM","PstI.TP108989","1","2588793","1.1122e-05","0.0024","C"
"4","Trait5","FASTmrMLM","PstI.TP1224775","1","2595649","-2.2481e-05","0.0036","A"
"4","Trait5","FASTmrMLM","NsiI.TP814891","1","2595684","-2.3352e-05","0.0051","A"
"4","Trait5","FASTmrMLM","PstI.TP966432","1","2596832","7.3015e-06","0.0016","A"
"4","Trait5","FASTmrMLM","PstI.TP302196","1","2600097","0.0211","0.2363","C"
"4","Trait5","FASTmrMLM","NsiI.TP421700","1","2601493","-4.5628e-06","0.001","A"
"4","Trait5","FASTmrMLM","NsiI.TP486649","1","2601704","0.0962","0.5951","A"
"4","Trait5","FASTmrMLM","NsiI.TP747936","1","2617302","-1.0251e-05","0.0022","C"
"4","Trait5","FASTmrMLM","PstI.TP12220","1","2623236","-1.5463e-05","0.0034","A"
"4","Trait5","FASTmrMLM","PstI.TP84372","1","2643915","0.0229","0.2164","C"
"4","Trait5","FASTmrMLM","PstI.TP84374","1","2643932","-0.0448","0.4501","A"
"4","Trait5","FASTmrMLM","PstI.TP1234629","1","2650110","-2.0194e-05","0.0044","C"
"4","Trait5","FASTmrMLM","NsiI.TP262405","1","2659265","-0.0688","0.9076","A"
"4","Trait5","FASTmrMLM","PstI.TP1095066","1","2661867","-2.0228e-05","0.0044","C"
"4","Trait5","FASTmrMLM","NsiI.TP436355","1","2683471","-0.0712","0.389","C"
"4","Trait5","FASTmrMLM","PstI.TP91366","1","2683935","-3.4911e-05","0.0077","G"
"4","Trait5","FASTmrMLM","PstI.TP91367","1","2683983","2.199e-06","5e-04","C"
"4","Trait5","FASTmrMLM","NsiI.TP262723","1","2701695","1.0251e-05","0.0022","C"
"4","Trait5","FASTmrMLM","PstI.TP362461","1","2717854","2.1005e-05","0.0046","A"
"4","Trait5","FASTmrMLM","NsiI.TP810022","1","2736782","-3.9781e-06","9e-04","A"
"4","Trait5","FASTmrMLM","NsiI.TP346840","1","2737708","2.7304e-06","6e-04","A"
"4","Trait5","FASTmrMLM","NsiI.TP612","1","2739494","-5.3307e-06","0.0012","C"
"4","Trait5","FASTmrMLM","NsiI.TP543728","1","2758860","-2.7851e-05","0.0061","C"
"4","Trait5","FASTmrMLM","NsiI.TP476081","1","2787885","-7.897e-06","0.0017","A"
"4","Trait5","FASTmrMLM","PstI.TP1243434","1","2816817","8.7058e-06","0.0019","A"
"4","Trait5","FASTmrMLM","PstI.TP441536","1","2816855","-4.3142e-05","0.0095","C"
"4","Trait5","FASTmrMLM","PstI.TP1085601","1","2820903","1.2512e-05","0.0027","A"
"4","Trait5","FASTmrMLM","NsiI.TP807937","1","2822504","-1.2138e-05","0.0026","C"
"4","Trait5","FASTmrMLM","NsiI.TP307886","1","2823030","-0.0273","0.3947","A"
"4","Trait5","FASTmrMLM","NsiI.TP603286","1","2837607","5.6202e-05","0.0076","C"
"4","Trait5","FASTmrMLM","PstI.TP322672","1","2846372","-1.1917e-05","0.0026","A"
"4","Trait5","FASTmrMLM","PstI.TP65696","1","2848477","7.2261e-06","0.0016","C"
"4","Trait5","FASTmrMLM","PstI.TP1085884","1","2858599","-0.0103","0.1437","G"
"4","Trait5","FASTmrMLM","NsiI.TP615715","1","2859563","2.0935e-05","0.0046","A"
"4","Trait5","FASTmrMLM","NsiI.TP601192","1","2877217","-0.107","0.9134","A"
"4","Trait5","FASTmrMLM","PstI.TP525202","1","2884119","-0.0187","0.181","A"
"4","Trait5","FASTmrMLM","PstI.TP68906","1","2893380","0.0488","0.376","C"
"4","Trait5","FASTmrMLM","NsiI.TP248493","1","2912143","2.8633e-05","0.0063","A"
"4","Trait5","FASTmrMLM","NsiI.TP248494","1","2912156","-3.9264e-06","9e-04","G"
"4","Trait5","FASTmrMLM","NsiI.TP800628","1","2914696","3.4687e-06","8e-04","A"
"4","Trait5","FASTmrMLM","PstI.TP218456","1","2917050","0.0362","0.4199","C"
"4","Trait5","FASTmrMLM","NsiI.TP472422","1","2943582","1.0907e-05","0.0024","A"
"4","Trait5","FASTmrMLM","PstI.TP808618","1","2956046","-1.1897e-05","0.0026","A"
"4","Trait5","FASTmrMLM","PstI.TP87177","1","2958035","-0.0306","0.4362","G"
"4","Trait5","FASTmrMLM","PstI.TP910121","1","2970548","-3.5047e-06","8e-04","G"
"4","Trait5","FASTmrMLM","NsiI.TP502177","1","2971516","-1.3966e-05","0.0031","A"
"4","Trait5","FASTmrMLM","PstI.TP740841","1","2979318","0.0699","0.4236","G"
"4","Trait5","FASTmrMLM","PstI.TP736503","1","2979376","-0.1288","1.799","A"
"4","Trait5","FASTmrMLM","NsiI.TP795690","1","2979520","0.0079","0.1378","C"
"4","Trait5","FASTmrMLM","PstI.TP23705","1","2985941","-0.1821","1.6858","A"
"4","Trait5","FASTmrMLM","PstI.TP1268585","1","2988383","-0.0702","0.5321","C"
"4","Trait5","FASTmrMLM","PstI.TP266209","1","3006594","0.0369","0.2844","A"
"4","Trait5","FASTmrMLM","NsiI.TP474256","1","3014149","4.4921e-05","0.0069","A"
"4","Trait5","FASTmrMLM","NsiI.TP523557","1","3014710","-0.0886","0.7607","C"
"4","Trait5","FASTmrMLM","PstI.TP1262838","1","3015902","-0.1046","0.7086","C"
"4","Trait5","FASTmrMLM","PstI.TP526532","1","3016481","1.3373e-05","0.0029","C"
"4","Trait5","FASTmrMLM","PstI.TP362775","1","3016582","0.0135","0.1934","C"
"4","Trait5","FASTmrMLM","NsiI.TP307255","1","3020815","9.5595e-06","0.0021","C"
"4","Trait5","FASTmrMLM","PstI.TP648800","1","3026447","-1.7175e-05","0.0038","A"
"4","Trait5","FASTmrMLM","PstI.TP59735","1","3027630","7.294e-06","0.0016","A"
"4","Trait5","FASTmrMLM","PstI.TP849876","1","3050119","2.7478e-05","0.006","C"
"4","Trait5","FASTmrMLM","PstI.TP1268920","1","3050813","-1.6374e-05","0.0036","G"
"4","Trait5","FASTmrMLM","NsiI.TP641200","1","3051168","-0.1294","0.5852","C"
"4","Trait5","FASTmrMLM","PstI.TP691644","1","3081682","1.1487e-06","3e-04","A"
"4","Trait5","FASTmrMLM","NsiI.TP603018","1","3084527","-2.7715e-06","6e-04","A"
"4","Trait5","FASTmrMLM","NsiI.TP326185","1","3085249","3.1568e-06","7e-04","C"
"4","Trait5","FASTmrMLM","PstI.TP496269","1","3093556","0.0501","0.2512","A"
"4","Trait5","FASTmrMLM","PstI.TP47659","1","3099267","-0.049","0.2882","A"
"4","Trait5","FASTmrMLM","PstI.TP47658","1","3099273","1.7646e-05","0.0039","A"
"4","Trait5","FASTmrMLM","NsiI.TP810718","1","3099667","2.2412e-05","0.0049","C"
"4","Trait5","FASTmrMLM","NsiI.TP624882","1","3100006","0.0555","0.3501","A"
"4","Trait5","FASTmrMLM","PstI.TP768785","1","3108150","0.1091","0.7383","C"
"4","Trait5","FASTmrMLM","NsiI.TP520698","1","3113038","-8.2872e-06","0.0018","C"
"4","Trait5","FASTmrMLM","PstI.TP394468","1","3118128","-2.8618e-05","0.0063","A"
"4","Trait5","FASTmrMLM","NsiI.TP749903","1","3170487","4.9457e-06","0.0011","C"
"4","Trait5","FASTmrMLM","NsiI.TP542903","1","3218791","2.0175e-05","0.0044","A"
"4","Trait5","FASTmrMLM","NsiI.TP231108","1","3222611","-2.1424e-05","0.0047","C"
"4","Trait5","FASTmrMLM","NsiI.TP400110","1","3226080","-0.3375","1.5518","G"
"4","Trait5","FASTmrMLM","PstI.TP21363","1","3287441","-5.6675e-06","0.0012","G"
"4","Trait5","FASTmrMLM","PstI.TP1091652","1","3288560","8.0571e-07","2e-04","A"
"4","Trait5","FASTmrMLM","NsiI.TP320544","1","3288804","1.6085e-05","0.0035","A"
"4","Trait5","FASTmrMLM","PstI.TP919804","1","3298099","1.8133e-05","0.004","A"
"4","Trait5","FASTmrMLM","NsiI.TP211514","1","3302756","-3.4908e-06","8e-04","C"
"4","Trait5","FASTmrMLM","PstI.TP209693","1","3305106","-0.0933","0.5605","A"
"4","Trait5","FASTmrMLM","PstI.TP269249","1","3305595","0.1888","1.149","C"
"4","Trait5","FASTmrMLM","PstI.TP1184342","1","3305691","-0.0316","0.3732","A"
"4","Trait5","FASTmrMLM","PstI.TP741170","1","3312416","-5.8334e-06","0.0013","A"
"4","Trait5","FASTmrMLM","PstI.TP626124","1","3342723","-0.0241","0.1588","A"
"4","Trait5","FASTmrMLM","NsiI.TP177729","1","3353639","3.8566e-05","0.0085","A"
"4","Trait5","FASTmrMLM","NsiI.TP518551","1","3353724","-9.6377e-06","0.0021","C"
"4","Trait5","FASTmrMLM","PstI.TP1279908","1","3354502","0.1618","1.0442","A"
"4","Trait5","FASTmrMLM","PstI.TP1059573","1","3357749","-0.0603","0.4329","A"
"4","Trait5","FASTmrMLM","NsiI.TP428684","1","3363336","-1.9902e-05","0.0044","A"
"4","Trait5","FASTmrMLM","NsiI.TP582201","1","3374367","-0.1681","0.996","A"
"4","Trait5","FASTmrMLM","NsiI.TP504485","1","3381640","-0.0926","0.4724","A"
"4","Trait5","FASTmrMLM","PstI.TP1243055","1","3389055","9.1618e-06","0.002","A"
"4","Trait5","FASTmrMLM","PstI.TP637101","1","3390212","-6.7089e-06","0.0015","A"
"4","Trait5","FASTmrMLM","NsiI.TP260939","1","3396877","-2.8694e-05","0.0063","C"
"4","Trait5","FASTmrMLM","PstI.TP1244443","1","3397749","-3.1575e-05","0.0069","C"
"4","Trait5","FASTmrMLM","NsiI.TP24278","1","3414839","-0.1333","0.7213","A"
"4","Trait5","FASTmrMLM","PstI.TP632135","1","3443106","-7.2576e-06","0.0016","A"
"4","Trait5","FASTmrMLM","NsiI.TP679512","1","3457260","-1.6985e-06","4e-04","A"
"4","Trait5","FASTmrMLM","PstI.TP1199997","1","3471828","-1.1121e-05","0.0024","C"
"4","Trait5","FASTmrMLM","PstI.TP757375","1","3471897","-0.1403","0.6855","A"
"4","Trait5","FASTmrMLM","PstI.TP65781","1","3479205","1.3647e-05","0.003","A"
"4","Trait5","FASTmrMLM","PstI.TP17640","1","3513489","-0.0272","0.2836","C"
"4","Trait5","FASTmrMLM","PstI.TP726521","1","3535515","1.2186e-05","0.0027","C"
"4","Trait5","FASTmrMLM","PstI.TP149871","1","3568761","-2.0682e-05","0.0045","C"
"4","Trait5","FASTmrMLM","PstI.TP374511","1","3576636","2.7835e-05","0.0061","A"
"4","Trait5","FASTmrMLM","PstI.TP1267977","1","3576713","-9.4787e-06","0.0021","A"
"4","Trait5","FASTmrMLM","PstI.TP210807","1","3577073","1.0492e-05","0.0023","A"
"4","Trait5","FASTmrMLM","PstI.TP217326","1","3620492","-0.024","0.207","G"
"4","Trait5","FASTmrMLM","PstI.TP1155202","1","3620639","-1.17e-05","0.0026","A"
"4","Trait5","FASTmrMLM","GFSSContig18013_689","1","3623605","1.4595e-05","0.0032","A"
"4","Trait5","FASTmrMLM","GFSSContig1730_934","1","3627877","-0.0827","1.0024","A"
"4","Trait5","FASTmrMLM","PstI.TP227791","1","3658866","1.414e-05","0.0031","A"
"4","Trait5","FASTmrMLM","PstI.TP669284","1","3667773","-3.8145e-06","8e-04","C"
"4","Trait5","FASTmrMLM","PstI.TP972367","1","3682483","1.0728e-06","2e-04","A"
"4","Trait5","FASTmrMLM","PstI.TP12228","1","3683456","2.0742e-05","0.0045","C"
"4","Trait5","FASTmrMLM","PstI.TP374309","1","3692759","-4.8162e-06","0.001","C"
"4","Trait5","FASTmrMLM","PstI.TP961085","1","3705536","0.0269","0.3423","A"
"4","Trait5","FASTmrMLM","PstI.TP21889","1","3705780","0.076","0.7621","A"
"4","Trait5","FASTmrMLM","PstI.TP236358","1","3737433","-0.0708","0.5723","A"
"4","Trait5","FASTmrMLM","PstI.TP339980","1","3742769","-2.1406e-05","0.0047","C"
"4","Trait5","FASTmrMLM","NsiI.TP177313","1","3751879","-1.2837e-05","0.0028","C"
"4","Trait5","FASTmrMLM","PstI.TP15894","1","3778286","-0.1145","0.5933","A"
"4","Trait5","FASTmrMLM","PstI.TP353084","1","3778381","-0.0608","0.4488","A"
"4","Trait5","FASTmrMLM","NsiI.TP38024","1","3799851","-0.0412","0.5317","C"
"4","Trait5","FASTmrMLM","PstI.TP1175821","1","3851577","-1.0545e-05","0.0023","A"
"4","Trait5","FASTmrMLM","NsiI.TP670277","1","3855543","7.1325e-06","0.0016","A"
"4","Trait5","FASTmrMLM","PstI.TP12252","1","3868495","0.1028","1.1471","G"
"4","Trait5","FASTmrMLM","PstI.TP84946","1","3887760","-0.2579","1.9589","C"
"4","Trait5","FASTmrMLM","NsiI.TP730040","1","3910389","0.0063","0.1302","C"
"4","Trait5","FASTmrMLM","NsiI.TP221823","1","3948125","-0.0081","0.0779","A"
"4","Trait5","FASTmrMLM","PstI.TP1053336","1","3955998","2.119e-05","0.0046","A"
"4","Trait5","FASTmrMLM","NsiI.TP403662","1","3957731","-6.5762e-06","0.0014","A"
"4","Trait5","FASTmrMLM","NsiI.TP591769","1","3965582","0.0399","0.4585","A"
"4","Trait5","FASTmrMLM","PstI.TP343137","1","3988996","-0.042","0.2997","C"
"4","Trait5","FASTmrMLM","PstI.TP51305","1","3991347","-2.5882e-05","0.0057","C"
"4","Trait5","FASTmrMLM","PstI.TP184548","1","4015875","-5.8859e-06","0.0013","C"
"4","Trait5","FASTmrMLM","NsiI.TP227654","1","4023324","6.5509e-07","1e-04","C"
"4","Trait5","FASTmrMLM","PstI.TP891020","1","4033768","1.9064e-05","0.0042","G"
"4","Trait5","FASTmrMLM","PstI.TP1114972","1","4045057","8.7629e-07","2e-04","C"
"4","Trait5","FASTmrMLM","PstI.TP1146887","1","4048849","7.338e-05","0.0094","C"
"4","Trait5","FASTmrMLM","PstI.TP1007615","1","4064445","3.8741e-06","8e-04","A"
"4","Trait5","FASTmrMLM","NsiI.TP418157","1","4070487","0.055","0.7562","G"
"4","Trait5","FASTmrMLM","PstI.TP1266866","1","4075813","5.1894e-06","0.0011","A"
"4","Trait5","FASTmrMLM","NsiI.TP564528","1","4080985","8.1492e-06","0.0018","C"
"4","Trait5","FASTmrMLM","PstI.TP231983","1","4083370","0.0533","0.3184","C"
"4","Trait5","FASTmrMLM","NsiI.TP673754","1","4124063","1.5671e-05","0.0034","C"
"4","Trait5","FASTmrMLM","PstI.TP384512","1","4144052","4.923e-06","0.0011","A"
"4","Trait5","FASTmrMLM","PstI.TP48404","1","4196705","1.5782e-05","0.0031","C"
"4","Trait5","FASTmrMLM","NsiI.TP495513","1","4196957","1.2844e-05","0.0028","C"
"4","Trait5","FASTmrMLM","NsiI.TP748831","1","4198755","-1.9324e-05","0.0042","A"
"4","Trait5","FASTmrMLM","PstI.TP1160229","1","4204691","0.2824","0.8942","A"
"4","Trait5","FASTmrMLM","PstI.TP17940","1","4209698","-1.8906e-06","4e-04","A"
"4","Trait5","FASTmrMLM","PstI.TP346636","1","4227896","-2.4646e-06","5e-04","C"
"4","Trait5","FASTmrMLM","PstI.TP539908","1","4267394","3.2319e-05","0.0071","C"
"4","Trait5","FASTmrMLM","PstI.TP629259","1","4276027","-8.4873e-07","2e-04","C"
"4","Trait5","FASTmrMLM","PstI.TP629254","1","4276045","5.3867e-06","0.0012","A"
"4","Trait5","FASTmrMLM","NsiI.TP225206","1","4278964","9.1592e-06","0.002","A"
"4","Trait5","FASTmrMLM","PstI.TP599866","1","4279155","1.105e-05","0.0024","C"
"4","Trait5","FASTmrMLM","PstI.TP704354","1","4298455","-1.7465e-05","0.0038","G"
"4","Trait5","FASTmrMLM","PstI.TP736289","1","4314719","5.2025e-05","0.0059","A"
"4","Trait5","FASTmrMLM","NsiI.TP497468","1","4342825","1.6553e-05","0.0036","A"
"4","Trait5","FASTmrMLM","PstI.TP911466","1","4343935","0.1088","0.7963","C"
"4","Trait5","FASTmrMLM","PstI.TP820611","1","4393513","-0.2091","1.1844","A"
"4","Trait5","FASTmrMLM","NsiI.TP188114","1","4401488","0.0359","0.2313","A"
"4","Trait5","FASTmrMLM","NsiI.TP235210","1","4408895","9.2047e-06","0.002","A"
"4","Trait5","FASTmrMLM","PstI.TP222764","1","4421935","-0.0896","0.605","A"
"4","Trait5","FASTmrMLM","GFSSContig12925_418","1","4422459","-9.5164e-06","0.0021","T"
"4","Trait5","FASTmrMLM","NsiI.TP693921","1","4440364","1.2611e-05","0.0028","A"
"4","Trait5","FASTmrMLM","PstI.TP1014212","1","4444231","6.6226e-06","0.0014","C"
"4","Trait5","FASTmrMLM","PstI.TP1161147","1","4451923","-0.0977","0.5059","A"
"4","Trait5","FASTmrMLM","NsiI.TP414259","1","4455947","3.7909e-06","8e-04","C"
"4","Trait5","FASTmrMLM","PstI.TP140451","1","4460094","1.9171e-05","0.0042","G"
"4","Trait5","FASTmrMLM","NsiI.TP467384","1","4465685","1.127e-05","0.0025","C"
"4","Trait5","FASTmrMLM","NsiI.TP39399","1","4465777","2.5422e-05","0.0056","C"
"4","Trait5","FASTmrMLM","NsiI.TP432788","1","4467622","0.0462","0.6296","A"
"4","Trait5","FASTmrMLM","NsiI.TP601351","1","4467655","-0.122","0.8225","A"
"4","Trait5","FASTmrMLM","NsiI.TP486661","1","4467735","2.662e-05","0.0058","A"
"4","Trait5","FASTmrMLM","NsiI.TP414683","1","4485212","-3.0817e-05","0.0068","A"
"4","Trait5","FASTmrMLM","NsiI.TP675939","1","4512107","3.0603e-05","0.0067","C"
"4","Trait5","FASTmrMLM","NsiI.TP370249","1","4530033","-2e-04","0.0146","A"
"4","Trait5","FASTmrMLM","PstI.TP403796","1","4535758","-0.0073","0.0859","A"
"4","Trait5","FASTmrMLM","PstI.TP403850","1","4535788","-1.2811e-05","0.0028","A"
"4","Trait5","FASTmrMLM","PstI.TP403890","1","4535793","1.1956e-05","0.0026","C"
"4","Trait5","FASTmrMLM","NsiI.TP199266","1","4536282","-0.0177","0.255","G"
"4","Trait5","FASTmrMLM","PstI.TP1181755","1","4538349","3.303e-05","0.0072","C"
"4","Trait5","FASTmrMLM","PstI.TP1250346","1","4555696","1.2731e-05","0.0028","A"
"4","Trait5","FASTmrMLM","NsiI.TP340740","1","4578881","0.0326","0.3567","A"
"4","Trait5","FASTmrMLM","PstI.TP131557","1","4584058","1.8797e-06","4e-04","A"
"4","Trait5","FASTmrMLM","PstI.TP426347","1","4584143","-0.1551","1.2382","A"
"4","Trait5","FASTmrMLM","PstI.TP508233","1","4588529","-1.3688e-05","0.003","C"
"4","Trait5","FASTmrMLM","NsiI.TP384361","1","4589554","7.3361e-06","0.0016","C"
"4","Trait5","FASTmrMLM","PstI.TP214969","1","4591303","1.5178e-06","3e-04","C"
"4","Trait5","FASTmrMLM","NsiI.TP44353","1","4593181","6.5657e-06","0.0014","C"
"4","Trait5","FASTmrMLM","NsiI.TP301688","1","4594203","1.1022e-05","0.0024","A"
"4","Trait5","FASTmrMLM","PstI.TP1022656","1","4620609","-7.647e-06","0.0017","C"
"4","Trait5","FASTmrMLM","NsiI.TP468762","1","4620729","5.0197e-06","0.0011","A"
"4","Trait5","FASTmrMLM","GFSSContig15281_3466","1","4622395","2.6702e-05","0.0059","T"
"4","Trait5","FASTmrMLM","PstI.TP1284267","1","4623696","-3.0873e-05","0.0068","C"
"4","Trait5","FASTmrMLM","PstI.TP1009631","1","4625223","-3e-04","0.0144","A"
"4","Trait5","FASTmrMLM","NsiI.TP82287","1","4640346","-0.0911","1.1437","C"
"4","Trait5","FASTmrMLM","NsiI.TP348206","1","4668970","-1.4719e-05","0.0032","A"
"4","Trait5","FASTmrMLM","PstI.TP1176986","1","4675228","2.441e-05","0.0053","C"
"4","Trait5","FASTmrMLM","PstI.TP1038860","1","4677799","-0.0169","0.257","C"
"4","Trait5","FASTmrMLM","PstI.TP982823","1","4677828","-3.6648e-05","0.0081","C"
"4","Trait5","FASTmrMLM","PstI.TP253046","1","4690705","1.9598e-05","0.0043","A"
"4","Trait5","FASTmrMLM","NsiI.TP391090","1","4693160","-0.0484","0.2598","A"
"4","Trait5","FASTmrMLM","PstI.TP456930","1","4693819","1.5198e-05","0.0033","C"
"4","Trait5","FASTmrMLM","NsiI.TP450894","1","4698796","1.1941e-05","0.0026","C"
"4","Trait5","FASTmrMLM","PstI.TP307588","1","4762662","-0.0654","0.5124","A"
"4","Trait5","FASTmrMLM","PstI.TP920636","1","4777048","-1.7935e-05","0.0039","A"
"4","Trait5","FASTmrMLM","PstI.TP1168479","1","4789991","2.1963e-05","0.0048","C"
"4","Trait5","FASTmrMLM","NsiI.TP664576","1","4800417","-0.0135","0.2312","G"
"4","Trait5","FASTmrMLM","PstI.TP395577","1","4836167","1.2057e-05","0.0026","A"
"4","Trait5","FASTmrMLM","PstI.TP885531","1","4878428","6.4093e-07","1e-04","A"
"4","Trait5","FASTmrMLM","PstI.TP947391","1","4891496","-5.1658e-06","0.0011","C"
"4","Trait5","FASTmrMLM","PstI.TP360448","1","4892312","3.7396e-06","8e-04","A"
"4","Trait5","FASTmrMLM","PstI.TP683907","1","4900973","-2.4786e-05","0.0054","A"
"4","Trait5","FASTmrMLM","NsiI.TP31575","1","4926728","1e-04","0.0074","C"
"4","Trait5","FASTmrMLM","NsiI.TP12890","1","4931988","-1.062e-05","0.0023","C"
"4","Trait5","FASTmrMLM","PstI.TP912651","1","4932459","-9.0771e-06","0.002","A"
"4","Trait5","FASTmrMLM","NsiI.TP21698","1","4937940","7.4428e-06","0.0016","A"
"4","Trait5","FASTmrMLM","NsiI.TP326387","1","4938046","-1.268e-06","3e-04","C"
"4","Trait5","FASTmrMLM","PstI.TP1100793","1","4939667","-0.0596","0.6187","A"
"4","Trait5","FASTmrMLM","PstI.TP1056729","1","4939994","0.03","0.2817","C"
"4","Trait5","FASTmrMLM","NsiI.TP157838","1","4943014","-2.229e-06","5e-04","A"
"4","Trait5","FASTmrMLM","PstI.TP129148","1","4989914","-5.0394e-05","0.0111","A"
"4","Trait5","FASTmrMLM","PstI.TP402201","1","4990012","0.0566","0.6455","A"
"4","Trait5","FASTmrMLM","PstI.TP402429","1","4990016","-4.5767e-05","0.007","C"
"4","Trait5","FASTmrMLM","GFSSContig12956_423","1","4994838","-0.0218","0.1492","A"
"4","Trait5","FASTmrMLM","NsiI.TP327562","1","5014848","0.1384","1.0831","A"
"4","Trait5","FASTmrMLM","PstI.TP748688","1","5063937","2.1654e-05","0.0047","C"
"4","Trait5","FASTmrMLM","PstI.TP1139990","1","5067430","-4.4821e-07","9.7549e-05","G"
"4","Trait5","FASTmrMLM","PstI.TP220219","1","5091614","1.0089e-05","0.0022","A"
"4","Trait5","FASTmrMLM","PstI.TP1279200","1","5095401","1.0682e-05","0.0023","C"
"4","Trait5","FASTmrMLM","PstI.TP408948","1","5101286","1.1922e-05","0.0026","C"
"4","Trait5","FASTmrMLM","PstI.TP1126882","1","5115206","-2e-04","0.0126","A"
"4","Trait5","FASTmrMLM","NsiI.TP396103","1","5130670","5.143e-06","0.0011","G"
"4","Trait5","FASTmrMLM","NsiI.TP104521","1","5158944","-3.5046e-05","0.0077","C"
"4","Trait5","FASTmrMLM","NsiI.TP732230","1","5223682","-8.7043e-06","0.0019","G"
"4","Trait5","FASTmrMLM","PstI.TP803325","1","5232863","0.2114","1.1265","A"
"4","Trait5","FASTmrMLM","PstI.TP946324","1","5257596","0.0596","0.6552","C"
"4","Trait5","FASTmrMLM","NsiI.TP207745","1","5280145","-0.1897","1.6941","A"
"4","Trait5","FASTmrMLM","NsiI.TP694711","1","5307532","1.4225e-05","0.0031","C"
"4","Trait5","FASTmrMLM","PstI.TP684655","1","5379329","5.5604e-06","0.0012","A"
"4","Trait5","FASTmrMLM","PstI.TP833660","1","5379490","7.5383e-06","0.0016","C"
"4","Trait5","FASTmrMLM","PstI.TP1245993","1","5381667","-1.6047e-05","0.0035","C"
"4","Trait5","FASTmrMLM","PstI.TP818000","1","5383679","0.1372","1.0117","A"
"4","Trait5","FASTmrMLM","NsiI.TP186834","1","5384525","-1.5453e-05","0.0034","C"
"4","Trait5","FASTmrMLM","PstI.TP833532","1","5408760","0.0517","0.5864","C"
"4","Trait5","FASTmrMLM","PstI.TP213596","1","5408780","2.3962e-05","0.0052","A"
"4","Trait5","FASTmrMLM","NsiI.TP183355","1","5408909","2.6973e-05","0.0059","C"
"4","Trait5","FASTmrMLM","PstI.TP33116","1","5454770","-2.4527e-05","0.0054","A"
"4","Trait5","FASTmrMLM","NsiI.TP556033","1","5459542","1.0068e-05","0.0022","C"
"4","Trait5","FASTmrMLM","NsiI.TP693304","1","5459602","-1.3556e-05","0.003","A"
"4","Trait5","FASTmrMLM","NsiI.TP574665","1","5460544","0.1149","0.5989","C"
"4","Trait5","FASTmrMLM","NsiI.TP367540","1","5460609","7.419e-06","0.0016","C"
"4","Trait5","FASTmrMLM","PstI.TP297431","1","5461181","-1.1707e-05","0.0026","G"
"4","Trait5","FASTmrMLM","PstI.TP364708","1","5483501","-4.1272e-05","0.0091","C"
"4","Trait5","FASTmrMLM","PstI.TP1027235","1","5483548","-3.4866e-05","0.0077","C"
"4","Trait5","FASTmrMLM","NsiI.TP66130","1","5486828","3.4596e-05","0.0076","A"
"4","Trait5","FASTmrMLM","PstI.TP1250143","1","5493583","1.6958e-05","0.0037","C"
"4","Trait5","FASTmrMLM","PstI.TP58802","1","5496161","1.7517e-05","0.0038","A"
"4","Trait5","FASTmrMLM","PstI.TP928135","1","5502147","1.5255e-05","0.0033","A"
"4","Trait5","FASTmrMLM","PstI.TP209171","1","5529947","-0.1071","0.6385","A"
"4","Trait5","FASTmrMLM","NsiI.TP199612","1","5531684","-4.8321e-06","0.0011","C"
"4","Trait5","FASTmrMLM","PstI.TP9547","1","5534818","-1.6374e-05","0.0036","C"
"4","Trait5","FASTmrMLM","PstI.TP476949","1","5536792","4.4379e-05","0.0098","A"
"4","Trait5","FASTmrMLM","PstI.TP118830","1","5536868","1.4117e-06","3e-04","C"
"4","Trait5","FASTmrMLM","PstI.TP137261","1","5540981","-0.0288","0.2867","A"
"4","Trait5","FASTmrMLM","PstI.TP44335","1","5558934","3.4938e-05","0.0077","A"
"4","Trait5","FASTmrMLM","PstI.TP1113834","1","5559012","-0.0658","0.5087","C"
"4","Trait5","FASTmrMLM","PstI.TP291849","1","5571398","-6.1521e-06","0.0013","G"
"4","Trait5","FASTmrMLM","PstI.TP134953","1","5571436","-7.1302e-06","0.0016","G"
"4","Trait5","FASTmrMLM","NsiI.TP421037","1","5571751","-7.9871e-06","0.0017","A"
"4","Trait5","FASTmrMLM","GFSSContig20018_283","1","5572945","1.8619e-05","0.0041","T"
"4","Trait5","FASTmrMLM","PstI.TP1152372","1","5586472","0.0123","0.1618","A"
"4","Trait5","FASTmrMLM","NsiI.TP251927","1","5599747","2.9107e-05","0.0064","A"
"4","Trait5","FASTmrMLM","PstI.TP32476","1","5631986","3.0467e-05","0.0067","A"
"4","Trait5","FASTmrMLM","NsiI.TP83219","1","5636529","-0.0574","0.5268","A"
"4","Trait5","FASTmrMLM","PstI.TP627555","1","5638058","1.4926e-05","0.0033","A"
"4","Trait5","FASTmrMLM","PstI.TP984423","1","5649219","-0.0167","0.1574","C"
"4","Trait5","FASTmrMLM","NsiI.TP279301","1","5652100","-0.0681","0.2533","C"
"4","Trait5","FASTmrMLM","PstI.TP584919","1","5663458","1.1821e-05","0.0026","G"
"4","Trait5","FASTmrMLM","NsiI.TP308650","1","5669500","-1.8589e-06","4e-04","A"
"4","Trait5","FASTmrMLM","PstI.TP1280528","1","5674758","1.0781e-05","0.0024","A"
"4","Trait5","FASTmrMLM","PstI.TP125117","1","5706174","-4.487e-06","0.001","A"
"4","Trait5","FASTmrMLM","PstI.TP125118","1","5706204","1.2256e-05","0.0027","C"
"4","Trait5","FASTmrMLM","PstI.TP980790","1","5717059","2.573e-06","6e-04","C"
"4","Trait5","FASTmrMLM","NsiI.TP522455","1","5717942","1e-04","0.0118","C"
"4","Trait5","FASTmrMLM","NsiI.TP420896","1","5726246","-0.012","0.1702","A"
"4","Trait5","FASTmrMLM","NsiI.TP313532","1","5727346","-0.0489","0.347","C"
"4","Trait5","FASTmrMLM","PstI.TP808948","1","5727878","-1.124e-05","0.0025","C"
"4","Trait5","FASTmrMLM","NsiI.TP568156","1","5733174","-0.0754","0.5398","A"
"4","Trait5","FASTmrMLM","PstI.TP677745","1","5751851","8.1864e-07","2e-04","C"
"4","Trait5","FASTmrMLM","PstI.TP356699","1","5752437","-6.923e-06","0.0015","G"
"4","Trait5","FASTmrMLM","NsiI.TP678859","1","5757606","-0.0849","0.4757","A"
"4","Trait5","FASTmrMLM","NsiI.TP423569","1","5760102","2.9229e-06","6e-04","A"
"4","Trait5","FASTmrMLM","PstI.TP491506","1","5763887","-7.1616e-06","0.0016","C"
"4","Trait5","FASTmrMLM","PstI.TP43585","1","5767419","-3.8952e-06","8e-04","A"
"4","Trait5","FASTmrMLM","PstI.TP159233","1","5767483","9.493e-06","0.0021","C"
"4","Trait5","FASTmrMLM","PstI.TP224103","1","5770168","-1.0295e-05","0.0022","A"
"4","Trait5","FASTmrMLM","NsiI.TP494167","1","5774178","-1.0279e-05","0.0022","A"
"4","Trait5","FASTmrMLM","PstI.TP716030","1","5777867","2.0429e-05","0.0045","A"
"4","Trait5","FASTmrMLM","PstI.TP174008","1","5805470","-1.0783e-05","0.0024","C"
"4","Trait5","FASTmrMLM","NsiI.TP522559","1","5821306","-2.9496e-05","0.0065","A"
"4","Trait5","FASTmrMLM","PstI.TP705967","1","5858828","-1.4209e-06","3e-04","C"
"4","Trait5","FASTmrMLM","PstI.TP771091","1","5868071","0.0964","1.3982","A"
"4","Trait5","FASTmrMLM","NsiI.TP530879","1","5870811","3.4719e-05","0.0076","A"
"4","Trait5","FASTmrMLM","NsiI.TP530878","1","5870812","-4.971e-06","0.0011","A"
"4","Trait5","FASTmrMLM","PstI.TP869720","1","5871355","0.0986","1.411","C"
"4","Trait5","FASTmrMLM","PstI.TP134289","1","5884192","0.0423","0.3368","A"
"4","Trait5","FASTmrMLM","NsiI.TP327602","1","5891442","-9.2645e-06","0.002","A"
"4","Trait5","FASTmrMLM","NsiI.TP560132","1","5891509","9.4815e-06","0.0021","C"
"4","Trait5","FASTmrMLM","PstI.TP352750","1","5892417","3.7932e-05","0.0083","C"
"4","Trait5","FASTmrMLM","PstI.TP68903","1","5898727","0.0887","0.8605","C"
"4","Trait5","FASTmrMLM","PstI.TP751807","1","5899520","0.0601","0.5785","A"
"4","Trait5","FASTmrMLM","PstI.TP109454","1","5900665","0.0565","0.4023","C"
"4","Trait5","FASTmrMLM","NsiI.TP375193","1","5909674","4.3158e-06","9e-04","A"
"4","Trait5","FASTmrMLM","PstI.TP1252197","1","5912854","0.1212","0.8453","C"
"4","Trait5","FASTmrMLM","PstI.TP302812","1","5912934","3.1324e-05","0.0069","A"
"4","Trait5","FASTmrMLM","NsiI.TP473756","1","5929291","0.0766","0.6168","A"
"4","Trait5","FASTmrMLM","NsiI.TP745811","1","5929386","1.427e-05","0.0031","A"
"4","Trait5","FASTmrMLM","NsiI.TP554788","1","5933733","-0.1092","0.6881","C"
"4","Trait5","FASTmrMLM","NsiI.TP397166","1","5939378","-1.7756e-05","0.0039","C"
"4","Trait5","FASTmrMLM","NsiI.TP757731","1","5956239","3.5877e-05","0.0059","A"
"4","Trait5","FASTmrMLM","NsiI.TP623439","1","5964413","8.5411e-06","0.0019","C"
"4","Trait5","FASTmrMLM","PstI.TP116123","1","5967108","0.0804","0.4813","A"
"4","Trait5","FASTmrMLM","PstI.TP804275","1","5979740","4e-04","0.018","A"
"4","Trait5","FASTmrMLM","NsiI.TP735045","1","5984469","-1.007e-05","0.0022","A"
"4","Trait5","FASTmrMLM","PstI.TP1004899","1","5995547","4.5713e-06","0.001","A"
"4","Trait5","FASTmrMLM","PstI.TP882936","1","5999154","0.1049","1.486","C"
"4","Trait5","FASTmrMLM","PstI.TP523933","1","6018181","-0.0489","0.5587","C"
"4","Trait5","FASTmrMLM","PstI.TP537665","1","6031806","2.9048e-06","6e-04","G"
"4","Trait5","FASTmrMLM","NsiI.TP503481","1","6032580","-1.1425e-05","0.0025","G"
"4","Trait5","FASTmrMLM","PstI.TP942384","1","6032710","4.7952e-06","0.001","C"
"4","Trait5","FASTmrMLM","PstI.TP635333","1","6032769","-0.0727","0.5097","A"
"4","Trait5","FASTmrMLM","NsiI.TP390317","1","6033387","-1.035e-05","0.0023","A"
"4","Trait5","FASTmrMLM","NsiI.TP408642","1","6033586","-2.4317e-05","0.0053","A"
"4","Trait5","FASTmrMLM","PstI.TP263594","1","6035364","0.0344","0.2251","A"
"4","Trait5","FASTmrMLM","NsiI.TP681096","1","6060428","-1.0525e-05","0.0023","C"
"4","Trait5","FASTmrMLM","PstI.TP1238583","1","6062331","2.3888e-06","5e-04","A"
"4","Trait5","FASTmrMLM","PstI.TP8949","1","6074946","3.1206e-06","7e-04","C"
"4","Trait5","FASTmrMLM","NsiI.TP336946","1","6074946","-7.8241e-06","0.0017","C"
"4","Trait5","FASTmrMLM","NsiI.TP7164","1","6094801","-1.5156e-05","0.0033","A"
"4","Trait5","FASTmrMLM","PstI.TP314566","1","6098764","-2.1877e-05","0.0048","A"
"4","Trait5","FASTmrMLM","NsiI.TP257077","1","6103539","-0.0453","0.5961","C"
"4","Trait5","FASTmrMLM","NsiI.TP330880","1","6105246","9.4647e-06","0.0021","C"
"4","Trait5","FASTmrMLM","NsiI.TP102967","1","6105258","4.0267e-05","0.0089","A"
"4","Trait5","FASTmrMLM","PstI.TP1092752","1","6105280","-1.6537e-05","0.0036","C"
"4","Trait5","FASTmrMLM","NsiI.TP416737","1","6114038","8.1423e-06","0.0018","A"
"4","Trait5","FASTmrMLM","PstI.TP914278","1","6116355","-1.4986e-05","0.0033","C"
"4","Trait5","FASTmrMLM","PstI.TP850835","1","6117705","6.7027e-06","0.0015","A"
"4","Trait5","FASTmrMLM","NsiI.TP123095","1","6127379","-1.89e-06","4e-04","C"
"4","Trait5","FASTmrMLM","NsiI.TP673329","1","6130409","1.2274e-05","0.0027","A"
"4","Trait5","FASTmrMLM","NsiI.TP433049","1","6132851","3.8096e-05","0.0069","C"
"4","Trait5","FASTmrMLM","NsiI.TP715263","1","6134311","-7.4587e-06","0.0016","A"
"4","Trait5","FASTmrMLM","NsiI.TP715272","1","6134318","-0.1691","0.7594","A"
"4","Trait5","FASTmrMLM","PstI.TP476157","1","6155212","-8.6409e-06","0.0019","G"
"4","Trait5","FASTmrMLM","PstI.TP1104113","1","6159260","-0.2802","0.9221","A"
"4","Trait5","FASTmrMLM","NsiI.TP476261","1","6164220","1.2193e-05","0.0027","A"
"4","Trait5","FASTmrMLM","PstI.TP897862","1","6177514","-0.1792","1.1104","G"
"4","Trait5","FASTmrMLM","PstI.TP722242","1","6187691","0.2021","0.8643","A"
"4","Trait5","FASTmrMLM","NsiI.TP618448","1","6195922","1.1258e-05","0.0025","A"
"4","Trait5","FASTmrMLM","NsiI.TP662821","1","6196406","-1.3667e-05","0.003","C"
"4","Trait5","FASTmrMLM","NsiI.TP655173","1","6196412","0.3488","1.3178","C"
"4","Trait5","FASTmrMLM","NsiI.TP655174","1","6196438","-6.2384e-06","0.0014","A"
"4","Trait5","FASTmrMLM","NsiI.TP16286","1","6224788","2.1639e-05","0.0047","C"
"4","Trait5","FASTmrMLM","PstI.TP13958","1","6228644","-2.4725e-05","0.0054","A"
"4","Trait5","FASTmrMLM","PstI.TP915815","1","6240832","-3.7368e-06","8e-04","C"
"4","Trait5","FASTmrMLM","PstI.TP1060862","1","6247131","-0.0399","0.3225","C"
"4","Trait5","FASTmrMLM","PstI.TP175883","1","6248759","-9.7021e-06","0.0021","C"
"4","Trait5","FASTmrMLM","NsiI.TP502213","1","6312443","0.1011","0.5006","C"
"4","Trait5","FASTmrMLM","PstI.TP103404","1","6316783","-0.0969","0.4465","A"
"4","Trait5","FASTmrMLM","PstI.TP706227","1","6336683","-1.2403e-05","0.0027","A"
"4","Trait5","FASTmrMLM","PstI.TP593353","1","6363225","0.0287","0.345","C"
"4","Trait5","FASTmrMLM","PstI.TP338428","1","6379340","-0.0263","0.3003","C"
"4","Trait5","FASTmrMLM","PstI.TP137290","1","6379384","-0.0479","0.437","A"
"4","Trait5","FASTmrMLM","PstI.TP1242505","1","6406612","2.1073e-05","0.0046","A"
"4","Trait5","FASTmrMLM","NsiI.TP488601","1","6409370","0.0814","0.9205","C"
"4","Trait5","FASTmrMLM","PstI.TP27373","1","6447059","0.0472","0.4926","A"
"4","Trait5","FASTmrMLM","PstI.TP147640","1","6450994","-0.0441","0.2623","C"
"4","Trait5","FASTmrMLM","NsiI.TP722435","1","6467881","-0.0745","0.7563","C"
"4","Trait5","FASTmrMLM","NsiI.TP338338","1","6473754","2.6207e-05","0.0057","C"
"4","Trait5","FASTmrMLM","NsiI.TP18644","1","6476966","-6.3853e-06","0.0014","A"
"4","Trait5","FASTmrMLM","PstI.TP1033113","1","6482846","-0.0537","0.5375","A"
"4","Trait5","FASTmrMLM","NsiI.TP258679","1","6486741","1.0477e-05","0.0023","A"
"4","Trait5","FASTmrMLM","NsiI.TP164772","1","6509668","-5.384e-06","0.0012","A"
"4","Trait5","FASTmrMLM","NsiI.TP327780","1","6511617","2.5098e-05","0.0055","C"
"4","Trait5","FASTmrMLM","PstI.TP1015835","1","6514843","-9.3542e-06","0.002","A"
"4","Trait5","FASTmrMLM","NsiI.TP468565","1","6537903","1.0572e-06","2e-04","A"
"4","Trait5","FASTmrMLM","NsiI.TP80518","1","6543207","-2.446e-05","0.0054","C"
"4","Trait5","FASTmrMLM","NsiI.TP166380","1","6560443","0.0555","0.5715","C"
"4","Trait5","FASTmrMLM","PstI.TP547229","1","6574881","-3.7262e-05","0.0065","C"
"4","Trait5","FASTmrMLM","PstI.TP36571","1","6574933","6.832e-06","0.0015","C"
"4","Trait5","FASTmrMLM","PstI.TP1129801","1","6608649","1.2404e-05","0.0027","C"
"4","Trait5","FASTmrMLM","PstI.TP380773","1","6608677","-1.2281e-05","0.0027","A"
"4","Trait5","FASTmrMLM","NsiI.TP15605","1","6652808","-0.0587","0.2941","A"
"4","Trait5","FASTmrMLM","PstI.TP17591","1","6662448","0.0123","0.1918","A"
"4","Trait5","FASTmrMLM","NsiI.TP432880","1","6678801","0.0779","0.8933","A"
"4","Trait5","FASTmrMLM","PstI.TP272307","1","6679965","2.8852e-05","0.0063","A"
"4","Trait5","FASTmrMLM","NsiI.TP495375","1","6686209","0.1368","0.7492","A"
"4","Trait5","FASTmrMLM","NsiI.TP174370","1","6704694","-1.8608e-05","0.0041","C"
"4","Trait5","FASTmrMLM","NsiI.TP35346","1","6729137","2.0694e-06","5e-04","C"
"4","Trait5","FASTmrMLM","NsiI.TP435157","1","6730511","0.2948","1.0176","C"
"4","Trait5","FASTmrMLM","PstI.TP841428","1","6731433","-0.1908","0.6207","A"
"4","Trait5","FASTmrMLM","PstI.TP1260294","1","6732655","-0.046","0.3822","A"
"4","Trait5","FASTmrMLM","PstI.TP233341","1","6737757","1.2e-05","0.0026","A"
"4","Trait5","FASTmrMLM","PstI.TP1245357","1","6748280","-0.0796","0.4841","A"
"4","Trait5","FASTmrMLM","PstI.TP1136661","1","6752030","-0.0979","0.3983","G"
"4","Trait5","FASTmrMLM","PstI.TP788176","1","6772518","1.6125e-05","0.0035","G"
"4","Trait5","FASTmrMLM","NsiI.TP15291","1","6803475","-2.6245e-05","0.0058","C"
"4","Trait5","FASTmrMLM","PstI.TP952153","1","6826200","-6.9579e-06","0.0015","A"
"4","Trait5","FASTmrMLM","PstI.TP174889","1","6831469","7.2919e-06","0.0016","C"
"4","Trait5","FASTmrMLM","NsiI.TP755257","1","6847773","-2.9261e-05","0.0064","A"
"4","Trait5","FASTmrMLM","NsiI.TP17656","1","6853064","-1.8832e-05","0.0041","A"
"4","Trait5","FASTmrMLM","NsiI.TP524908","1","6864736","-1.2465e-05","0.0027","A"
"4","Trait5","FASTmrMLM","NsiI.TP165034","1","6885772","-2.7882e-07","6.0685e-05","C"
"4","Trait5","FASTmrMLM","NsiI.TP750756","1","6898016","-7.2511e-06","0.0016","G"
"4","Trait5","FASTmrMLM","NsiI.TP742565","1","6918112","-0.1835","0.8346","C"
"4","Trait5","FASTmrMLM","PstI.TP857707","1","6924500","-1.8238e-05","0.004","C"
"4","Trait5","FASTmrMLM","PstI.TP444825","1","6930877","-0.0241","0.1588","C"
"4","Trait5","FASTmrMLM","NsiI.TP350497","1","6933742","3.4481e-06","8e-04","C"
"4","Trait5","FASTmrMLM","PstI.TP403985","1","6941718","-0.1093","0.5056","A"
"4","Trait5","FASTmrMLM","NsiI.TP696604","1","6941882","-6.4167e-06","0.0014","C"
"4","Trait5","FASTmrMLM","NsiI.TP800074","1","6979429","0.146","0.7585","C"
"4","Trait5","FASTmrMLM","NsiI.TP699899","1","6980288","-3.2443e-06","7e-04","A"
"4","Trait5","FASTmrMLM","NsiI.TP405440","1","6998861","-2.2195e-05","0.0049","A"
"4","Trait5","FASTmrMLM","PstI.TP806450","1","7007771","-2.7158e-06","6e-04","C"
"4","Trait5","FASTmrMLM","NsiI.TP431278","1","7013198","1.3758e-05","0.003","C"
"4","Trait5","FASTmrMLM","PstI.TP77052","1","7028361","-0.1723","0.8981","A"
"4","Trait5","FASTmrMLM","NsiI.TP552974","1","7084312","2.9395e-06","6e-04","C"
"4","Trait5","FASTmrMLM","PstI.TP830642","1","7094544","-2.011e-05","0.0044","A"
"4","Trait5","FASTmrMLM","NsiI.TP697083","1","7095095","9.69e-06","0.0021","A"
"4","Trait5","FASTmrMLM","PstI.TP490597","1","7096187","-1.4793e-05","0.0032","C"
"4","Trait5","FASTmrMLM","PstI.TP283842","1","7099312","0.1085","0.8783","A"
"4","Trait5","FASTmrMLM","PstI.TP917625","1","7104916","-1.0457e-05","0.0023","A"
"4","Trait5","FASTmrMLM","PstI.TP763419","1","7119829","-2.3847e-05","0.0052","A"
"4","Trait5","FASTmrMLM","GFSSContig3389_148","1","7132238","0.1286","0.5297","A"
"4","Trait5","FASTmrMLM","GFSSContig3389_68","1","7132320","2.971e-05","0.0065","A"
"4","Trait5","FASTmrMLM","NsiI.TP383926","1","7140839","1.8189e-06","4e-04","A"
"4","Trait5","FASTmrMLM","NsiI.TP821685","1","7143597","4.9863e-05","0.011","C"
"4","Trait5","FASTmrMLM","NsiI.TP587336","1","7189824","-0.0337","0.391","C"
"4","Trait5","FASTmrMLM","NsiI.TP508091","1","7192741","0.0888","0.805","A"
"4","Trait5","FASTmrMLM","PstI.TP295203","1","7196786","-0.0643","0.4028","C"
"4","Trait5","FASTmrMLM","PstI.TP443586","1","7215893","-1.3429e-05","0.0029","A"
"4","Trait5","FASTmrMLM","PstI.TP1064562","1","7218368","-1.5997e-05","0.0035","C"
"4","Trait5","FASTmrMLM","PstI.TP270146","1","7218381","-9.9079e-05","0.0083","C"
"4","Trait5","FASTmrMLM","PstI.TP488378","1","7260223","1.0679e-05","0.0023","C"
"4","Trait5","FASTmrMLM","PstI.TP485051","1","7260226","0.0212","0.264","A"
"4","Trait5","FASTmrMLM","PstI.TP356624","1","7268772","4.7595e-05","0.0105","A"
"4","Trait5","FASTmrMLM","PstI.TP523453","1","7269176","0.0876","0.9207","A"
"4","Trait5","FASTmrMLM","PstI.TP864797","1","7318382","-1.6629e-05","0.0036","C"
"4","Trait5","FASTmrMLM","NsiI.TP375218","1","7321465","1.0165e-05","0.0022","A"
"4","Trait5","FASTmrMLM","PstI.TP1268689","1","7325012","-3.4495e-05","0.0076","A"
"4","Trait5","FASTmrMLM","PstI.TP1166579","1","7326576","-0.0389","0.4562","A"
"4","Trait5","FASTmrMLM","PstI.TP1164717","1","7326599","2.6174e-05","0.0057","A"
"4","Trait5","FASTmrMLM","PstI.TP451905","1","7339832","-1.2189e-05","0.0027","A"
"4","Trait5","FASTmrMLM","PstI.TP1272378","1","7340536","-0.0532","0.3356","A"
"4","Trait5","FASTmrMLM","PstI.TP867155","1","7342618","1.8554e-05","0.0041","G"
"4","Trait5","FASTmrMLM","PstI.TP1288486","1","7349710","9.8244e-06","0.0021","C"
"4","Trait5","FASTmrMLM","NsiI.TP481176","1","7350098","-0.0111","0.1688","A"
"4","Trait5","FASTmrMLM","PstI.TP227789","1","7378209","-0.0086","0.1642","A"
"4","Trait5","FASTmrMLM","NsiI.TP693536","1","7378433","2.4054e-05","0.0053","C"
"4","Trait5","FASTmrMLM","PstI.TP85559","1","7403508","3.1484e-06","7e-04","A"
"4","Trait5","FASTmrMLM","NsiI.TP573749","1","7405642","4.5109e-07","9.8177e-05","A"
"4","Trait5","FASTmrMLM","PstI.TP1223757","1","7405753","9.4653e-06","0.0021","A"
"4","Trait5","FASTmrMLM","PstI.TP541656","1","7412397","1.5719e-05","0.0034","C"
"4","Trait5","FASTmrMLM","PstI.TP131472","1","7412958","-0.1953","1.6359","A"
"4","Trait5","FASTmrMLM","NsiI.TP711626","1","7413388","6.7535e-06","0.0015","A"
"4","Trait5","FASTmrMLM","PstI.TP682958","1","7415360","-0.2318","0.8394","C"
"4","Trait5","FASTmrMLM","NsiI.TP327206","1","7415373","3.9019e-07","8.493e-05","A"
"4","Trait5","FASTmrMLM","NsiI.TP182523","1","7448300","-1.2907e-06","3e-04","C"
"4","Trait5","FASTmrMLM","PstI.TP712786","1","7449325","-1.2211e-05","0.0027","C"
"4","Trait5","FASTmrMLM","PstI.TP1253759","1","7461235","2.4959e-05","0.0055","C"
"4","Trait5","FASTmrMLM","PstI.TP1187500","1","7475596","1.0491e-06","2e-04","C"
"4","Trait5","FASTmrMLM","NsiI.TP136347","1","7481771","4.8344e-06","0.0011","C"
"4","Trait5","FASTmrMLM","PstI.TP1137764","1","7486769","7.6937e-06","0.0017","A"
"4","Trait5","FASTmrMLM","NsiI.TP753612","1","7487168","2.0577e-05","0.0045","C"
"4","Trait5","FASTmrMLM","PstI.TP222720","1","7498619","1.946e-05","0.0043","A"
"4","Trait5","FASTmrMLM","PstI.TP222721","1","7498625","1.194e-05","0.0026","A"
"4","Trait5","FASTmrMLM","PstI.TP808037","1","7511635","4.1765e-06","9e-04","G"
"4","Trait5","FASTmrMLM","NsiI.TP19429","1","7547599","0.0451","0.3637","A"
"4","Trait5","FASTmrMLM","PstI.TP965574","1","7554758","5.9124e-06","0.0013","C"
"4","Trait5","FASTmrMLM","PstI.TP132412","1","7566497","-2.6008e-05","0.0057","G"
"4","Trait5","FASTmrMLM","PstI.TP1173447","1","7571007","-0.0468","0.3139","C"
"4","Trait5","FASTmrMLM","PstI.TP997163","1","7572170","0.0525","0.2091","C"
"4","Trait5","FASTmrMLM","PstI.TP478499","1","7597039","8.6364e-06","0.0019","A"
"4","Trait5","FASTmrMLM","NsiI.TP362892","1","7605926","5.3396e-06","0.0012","C"
"4","Trait5","FASTmrMLM","PstI.TP782688","1","7620667","-5.8341e-06","0.0013","A"
"4","Trait5","FASTmrMLM","NsiI.TP80819","1","7639391","-2.0514e-05","0.0045","C"
"4","Trait5","FASTmrMLM","NsiI.TP574677","1","7669097","-2.4336e-06","5e-04","A"
"4","Trait5","FASTmrMLM","PstI.TP91633","1","7693586","0.0237","0.3266","A"
"4","Trait5","FASTmrMLM","PstI.TP800858","1","7750707","-2.5619e-05","0.0056","A"
"4","Trait5","FASTmrMLM","NsiI.TP439369","1","7767929","-0.0458","0.5103","G"
"4","Trait5","FASTmrMLM","GFSSContig11950_1194","1","7790962","-2.372e-06","5e-04","A"
"4","Trait5","FASTmrMLM","PstI.TP750814","1","7812784","0.2812","1.5087","C"
"4","Trait5","FASTmrMLM","NsiI.TP441010","1","7822032","-1.2657e-05","0.0028","A"
"4","Trait5","FASTmrMLM","NsiI.TP432315","1","7822652","0.0139","0.2308","A"
"4","Trait5","FASTmrMLM","PstI.TP1180459","1","7823272","-1.9779e-05","0.0043","G"
"4","Trait5","FASTmrMLM","NsiI.TP322696","1","7823312","-2.9221e-05","0.0064","A"
"4","Trait5","FASTmrMLM","PstI.TP614866","1","7824409","0.1393","0.6171","A"
"4","Trait5","FASTmrMLM","PstI.TP614858","1","7824443","1.8347e-05","0.004","A"
"4","Trait5","FASTmrMLM","NsiI.TP716260","1","7827928","0.0192","0.235","C"
"4","Trait5","FASTmrMLM","PstI.TP49145","1","7849275","-2.4785e-05","0.0054","A"
"4","Trait5","FASTmrMLM","PstI.TP1018555","1","7893116","3.431e-05","0.0075","G"
"4","Trait5","FASTmrMLM","PstI.TP973605","1","7933170","2.2048e-05","0.0048","G"
"4","Trait5","FASTmrMLM","PstI.TP316058","1","7952093","-4.1913e-06","9e-04","A"
"4","Trait5","FASTmrMLM","PstI.TP972953","1","7984963","0.0467","0.5492","C"
"4","Trait5","FASTmrMLM","PstI.TP1047052","1","7985231","-6.7602e-06","0.0015","A"
"4","Trait5","FASTmrMLM","PstI.TP516878","1","8001249","2.6103e-05","0.0057","C"
"4","Trait5","FASTmrMLM","PstI.TP410206","1","8001262","-2.7328e-05","0.006","C"
"4","Trait5","FASTmrMLM","PstI.TP815194","1","8017699","-9.4086e-06","0.0021","C"
"4","Trait5","FASTmrMLM","NsiI.TP667968","1","8018554","0.0026","0.0409","A"
"4","Trait5","FASTmrMLM","PstI.TP599293","1","8022382","-0.0335","0.3076","G"
"4","Trait5","FASTmrMLM","PstI.TP351745","1","8023481","-5.4348e-06","0.0012","A"
"4","Trait5","FASTmrMLM","PstI.TP215410","1","8027580","0.1245","0.6292","A"
"4","Trait5","FASTmrMLM","PstI.TP36329","1","8029204","-0.1077","0.5145","A"
"4","Trait5","FASTmrMLM","PstI.TP487966","1","8034394","2.3525e-06","5e-04","C"
"4","Trait5","FASTmrMLM","NsiI.TP233805","1","8084301","1.464e-05","0.0032","A"
"4","Trait5","FASTmrMLM","PstI.TP1289285","1","8099310","6.0914e-06","0.0013","C"
"4","Trait5","FASTmrMLM","NsiI.TP273737","1","8121676","5.4314e-06","0.0012","C"
"4","Trait5","FASTmrMLM","NsiI.TP137978","1","8153110","3e-04","0.0158","C"
"4","Trait5","FASTmrMLM","PstI.TP333544","1","8155694","7.2635e-06","0.0016","A"
"4","Trait5","FASTmrMLM","NsiI.TP493332","1","8165777","-1.4614e-06","3e-04","C"
"4","Trait5","FASTmrMLM","NsiI.TP681203","1","8181678","1.3003e-06","3e-04","A"
"4","Trait5","FASTmrMLM","NsiI.TP293258","1","8225860","2.0108e-05","0.0044","C"
"4","Trait5","FASTmrMLM","PstI.TP1183980","1","8236582","-9.4092e-06","0.0021","A"
"4","Trait5","FASTmrMLM","PstI.TP1008494","1","8261177","2.3279e-05","0.0051","C"
"4","Trait5","FASTmrMLM","NsiI.TP470387","1","8323609","-0.0657","0.4919","C"
"4","Trait5","FASTmrMLM","NsiI.TP527730","1","8328407","-8.4844e-06","0.0019","A"
"4","Trait5","FASTmrMLM","NsiI.TP416698","1","8330137","-3.7297e-06","8e-04","C"
"4","Trait5","FASTmrMLM","NsiI.TP699098","1","8330261","4.8912e-05","0.0075","C"
"4","Trait5","FASTmrMLM","PstI.TP308053","1","8330660","-0.0581","0.4094","A"
"4","Trait5","FASTmrMLM","PstI.TP402756","1","8332613","2.3936e-06","5e-04","A"
"4","Trait5","FASTmrMLM","PstI.TP1246915","1","8333935","1.9353e-05","0.0042","C"
"4","Trait5","FASTmrMLM","PstI.TP505448","1","8333987","0.0615","0.458","A"
"4","Trait5","FASTmrMLM","PstI.TP235369","1","8337767","0.2082","1.0084","A"
"4","Trait5","FASTmrMLM","PstI.TP158030","1","8374092","9.8229e-06","0.0021","G"
"4","Trait5","FASTmrMLM","PstI.TP267968","1","8374215","-3.0906e-05","0.0068","C"
"4","Trait5","FASTmrMLM","NsiI.TP439818","1","8391383","1.0713e-05","0.0023","C"
"4","Trait5","FASTmrMLM","NsiI.TP229515","1","8404214","0.0445","0.3016","G"
"4","Trait5","FASTmrMLM","PstI.TP749462","1","8424107","2.4046e-06","5e-04","C"
"4","Trait5","FASTmrMLM","NsiI.TP8168","1","8446627","-5.8781e-06","0.0013","A"
"4","Trait5","FASTmrMLM","PstI.TP623961","1","8461485","0.0286","0.1435","A"
"4","Trait5","FASTmrMLM","PstI.TP944743","1","8504253","1.0483e-05","0.0023","C"
"4","Trait5","FASTmrMLM","PstI.TP932750","1","8517660","-1.1817e-05","0.0026","A"
"4","Trait5","FASTmrMLM","PstI.TP424566","1","8533790","3.0183e-05","0.0066","C"
"4","Trait5","FASTmrMLM","PstI.TP983141","1","8569458","-7.2241e-06","0.0016","C"
"4","Trait5","FASTmrMLM","PstI.TP1199160","1","8608908","-4.0405e-06","9e-04","C"
"4","Trait5","FASTmrMLM","PstI.TP453539","1","8609113","0.0525","0.4562","A"
"4","Trait5","FASTmrMLM","PstI.TP426455","1","8609159","2.7296e-05","0.006","C"
"4","Trait5","FASTmrMLM","PstI.TP422394","1","8609166","-1.2553e-05","0.0027","A"
"4","Trait5","FASTmrMLM","NsiI.TP423962","1","8615505","1.0083e-05","0.0022","A"
"4","Trait5","FASTmrMLM","PstI.TP207082","1","8617526","-0.1024","0.7453","A"
"4","Trait5","FASTmrMLM","PstI.TP1126600","1","8679457","-2.732e-05","0.006","C"
"4","Trait5","FASTmrMLM","NsiI.TP182744","1","8680205","-4.5974e-06","0.001","A"
"4","Trait5","FASTmrMLM","NsiI.TP380223","1","8717061","1.5477e-05","0.0034","G"
"4","Trait5","FASTmrMLM","PstI.TP226344","1","8781728","1.0286e-05","0.0022","A"
"4","Trait5","FASTmrMLM","NsiI.TP470210","1","8785660","-1.4057e-05","0.0031","A"
"4","Trait5","FASTmrMLM","NsiI.TP602586","1","8818270","3.6762e-06","8e-04","G"
"4","Trait5","FASTmrMLM","PstI.TP545486","1","8870035","-5.1888e-06","0.0011","C"
"4","Trait5","FASTmrMLM","NsiI.TP747813","1","8871075","-0.0169","0.2334","G"
"4","Trait5","FASTmrMLM","GFSSContig64_325","1","8871969","-4.0628e-05","0.0089","C"
"4","Trait5","FASTmrMLM","PstI.TP616681","1","8881601","-6.0172e-06","0.0013","A"
"4","Trait5","FASTmrMLM","NsiI.TP164568","1","8896362","0.0208","0.1378","C"
"4","Trait5","FASTmrMLM","NsiI.TP360890","1","8910052","-0.0781","0.6518","A"
"4","Trait5","FASTmrMLM","PstI.TP1252518","1","8923236","4.7878e-07","1e-04","A"
"4","Trait5","FASTmrMLM","PstI.TP302093","1","8923298","2.0775e-06","5e-04","C"
"4","Trait5","FASTmrMLM","NsiI.TP811359","1","8934388","-1.3055e-05","0.0029","G"
"4","Trait5","FASTmrMLM","NsiI.TP770403","1","8937989","-1.5847e-06","3e-04","C"
"4","Trait5","FASTmrMLM","NsiI.TP519390","1","8948456","-0.0206","0.2785","A"
"4","Trait5","FASTmrMLM","PstI.TP1141085","1","8948758","-3.6609e-05","0.008","A"
"4","Trait5","FASTmrMLM","NsiI.TP195586","1","8957745","0.0171","0.2254","A"
"4","Trait5","FASTmrMLM","NsiI.TP43893","1","8964777","-0.098","0.5705","C"
"4","Trait5","FASTmrMLM","NsiI.TP556825","1","8977552","1.9651e-05","0.0043","A"
"4","Trait5","FASTmrMLM","NsiI.TP31528","1","8991859","-2.3908e-05","0.0052","G"
"4","Trait5","FASTmrMLM","PstI.TP1278633","1","8999171","1.8334e-05","0.004","A"
"4","Trait5","FASTmrMLM","PstI.TP1278283","1","8999172","3.1506e-06","7e-04","C"
"4","Trait5","FASTmrMLM","NsiI.TP323856","1","8999199","-0.0399","0.4096","A"
"4","Trait5","FASTmrMLM","PstI.TP461927","1","9014162","-2.4016e-07","5.2267e-05","A"
"4","Trait5","FASTmrMLM","PstI.TP13498","1","9028575","0.1012","0.5428","A"
"4","Trait5","FASTmrMLM","PstI.TP691226","1","9036242","-3.241e-06","7e-04","C"
"4","Trait5","FASTmrMLM","PstI.TP691225","1","9036250","-4.3607e-06","9e-04","G"
"4","Trait5","FASTmrMLM","NsiI.TP820715","1","9036320","0.204","0.8187","C"
"4","Trait5","FASTmrMLM","PstI.TP443245","1","9039678","-0.0366","0.2484","C"
"4","Trait5","FASTmrMLM","PstI.TP294671","1","9046587","-0.0958","0.6704","C"
"4","Trait5","FASTmrMLM","PstI.TP978811","1","9073364","-0.001","0.0286","C"
"4","Trait5","FASTmrMLM","NsiI.TP638869","1","9092999","-3.4337e-05","0.0075","C"
"4","Trait5","FASTmrMLM","NsiI.TP370563","1","9097286","1.138e-06","2e-04","C"
"4","Trait5","FASTmrMLM","NsiI.TP810588","1","9097347","2.9148e-05","0.0064","A"
"4","Trait5","FASTmrMLM","PstI.TP306038","1","9108367","-0.0395","0.2409","G"
"4","Trait5","FASTmrMLM","PstI.TP1170262","1","9115102","1.7941e-05","0.0039","C"
"4","Trait5","FASTmrMLM","PstI.TP19191","1","9116254","-2.7085e-05","0.0059","C"
"4","Trait5","FASTmrMLM","PstI.TP542649","1","9116308","-1.4679e-05","0.0032","C"
"4","Trait5","FASTmrMLM","PstI.TP550784","1","9140137","-3e-04","0.0155","A"
"4","Trait5","FASTmrMLM","PstI.TP581769","1","9144035","-2.1405e-06","5e-04","A"
"4","Trait5","FASTmrMLM","NsiI.TP7530","1","9158277","0.0905","0.5743","G"
"4","Trait5","FASTmrMLM","NsiI.TP6770","1","9158281","-8.5328e-06","0.0019","C"
"4","Trait5","FASTmrMLM","NsiI.TP359148","1","9159698","1.0391e-05","0.0023","A"
"4","Trait5","FASTmrMLM","NsiI.TP728992","1","9172687","-9.383e-07","2e-04","A"
"4","Trait5","FASTmrMLM","PstI.TP1044672","1","9184815","-0.0716","0.7001","G"
"4","Trait5","FASTmrMLM","NsiI.TP268407","1","9186650","-8.1613e-06","0.0018","C"
"4","Trait5","FASTmrMLM","NsiI.TP695856","1","9199595","8.5076e-06","0.0019","A"
"4","Trait5","FASTmrMLM","NsiI.TP300557","1","9206508","-0.0177","0.1259","A"
"4","Trait5","FASTmrMLM","NsiI.TP202476","1","9213658","0.1798","1.1618","C"
"4","Trait5","FASTmrMLM","NsiI.TP689945","1","9238139","-5.234e-06","0.0011","A"
"4","Trait5","FASTmrMLM","NsiI.TP703710","1","9238146","1.127e-06","2e-04","A"
"4","Trait5","FASTmrMLM","PstI.TP199606","1","9270277","-3.4732e-05","0.0076","A"
"4","Trait5","FASTmrMLM","PstI.TP745827","1","9270379","-7.0329e-05","0.0085","A"
"4","Trait5","FASTmrMLM","NsiI.TP634289","1","9273457","1.6016e-05","0.0035","C"
"4","Trait5","FASTmrMLM","NsiI.TP564360","1","9273495","3.1642e-05","0.0069","C"
"4","Trait5","FASTmrMLM","NsiI.TP528646","1","9273547","-1.9425e-05","0.0042","A"
"4","Trait5","FASTmrMLM","PstI.TP199603","1","9274102","-0.1186","0.6876","A"
"4","Trait5","FASTmrMLM","PstI.TP456141","1","9284445","-0.1741","1.1262","C"
"4","Trait5","FASTmrMLM","PstI.TP874167","1","9284942","-9.6585e-06","0.0021","A"
"4","Trait5","FASTmrMLM","PstI.TP107393","1","9287566","-0.1187","0.722","A"
"4","Trait5","FASTmrMLM","PstI.TP1222623","1","9291501","2.1488e-05","0.0047","A"
"4","Trait5","FASTmrMLM","NsiI.TP420080","1","9300080","-8.9967e-06","0.002","A"
"4","Trait5","FASTmrMLM","NsiI.TP180655","1","9315536","1.9898e-05","0.0044","C"
"4","Trait5","FASTmrMLM","PstI.TP1193907","1","9320037","-1.6919e-05","0.0037","A"
"4","Trait5","FASTmrMLM","NsiI.TP769756","1","9322002","-0.7587","3.3481","A"
"4","Trait5","FASTmrMLM","PstI.TP1094183","1","9329880","-1.5837e-05","0.0035","C"
"4","Trait5","FASTmrMLM","NsiI.TP410576","1","9344162","4.7817e-06","0.001","C"
"4","Trait5","FASTmrMLM","PstI.TP20556","1","9376087","7.4015e-06","0.0016","C"
"4","Trait5","FASTmrMLM","PstI.TP662300","1","9383388","-1.3628e-05","0.003","A"
"4","Trait5","FASTmrMLM","PstI.TP513098","1","9384357","4.5058e-07","9.8076e-05","C"
"4","Trait5","FASTmrMLM","NsiI.TP757835","1","9414257","-2.5235e-05","0.0055","C"
"4","Trait5","FASTmrMLM","PstI.TP56378","1","9447320","-2.1403e-05","0.0047","C"
"4","Trait5","FASTmrMLM","PstI.TP122068","1","9447751","1.98e-05","0.0043","C"
"4","Trait5","FASTmrMLM","PstI.TP180963","1","9447770","5.5999e-06","0.0012","C"
"4","Trait5","FASTmrMLM","NsiI.TP793729","1","9458454","-4.6967e-06","0.001","C"
"4","Trait5","FASTmrMLM","NsiI.TP620442","1","9479442","4.6584e-06","0.001","A"
"4","Trait5","FASTmrMLM","NsiI.TP809833","1","9480634","3e-04","0.0156","A"
"4","Trait5","FASTmrMLM","PstI.TP180524","1","9482127","-8.0803e-06","0.0018","A"
"4","Trait5","FASTmrMLM","PstI.TP974726","1","9504539","2.7659e-05","0.0061","G"
"4","Trait5","FASTmrMLM","NsiI.TP134750","1","9511955","-6.4152e-07","1e-04","A"
"4","Trait5","FASTmrMLM","PstI.TP1221215","1","9512741","0.1207","1.611","C"
"4","Trait5","FASTmrMLM","PstI.TP1102970","1","9514931","1.7015e-05","0.0037","C"
"4","Trait5","FASTmrMLM","NsiI.TP523277","1","9547342","1.0822e-05","0.0024","C"
"4","Trait5","FASTmrMLM","NsiI.TP237314","1","9552373","-2.8532e-07","6.2095e-05","C"
"4","Trait5","FASTmrMLM","PstI.TP701371","1","9558859","-0.0425","0.2854","C"
"4","Trait5","FASTmrMLM","PstI.TP1174311","1","9559149","0.0427","0.4103","A"
"4","Trait5","FASTmrMLM","PstI.TP1174312","1","9559160","2.9525e-05","0.0065","C"
"4","Trait5","FASTmrMLM","PstI.TP493750","1","9561853","-2.6415e-05","0.0058","C"
"4","Trait5","FASTmrMLM","PstI.TP1193219","1","9570148","-0.0603","0.4005","C"
"4","Trait5","FASTmrMLM","PstI.TP48695","1","9570766","-0.0675","0.637","A"
"4","Trait5","FASTmrMLM","NsiI.TP424199","1","9579619","0.0273","0.1612","A"
"4","Trait5","FASTmrMLM","PstI.TP1238244","1","9585113","7.6279e-06","0.0017","A"
"4","Trait5","FASTmrMLM","NsiI.TP174012","1","9619772","-0.0239","0.1754","A"
"4","Trait5","FASTmrMLM","PstI.TP1286999","1","9623485","-0.1865","2.0896","A"
"4","Trait5","FASTmrMLM","PstI.TP336334","1","9630139","-4.524e-06","0.001","G"
"4","Trait5","FASTmrMLM","NsiI.TP365904","1","9635266","-1.3711e-05","0.003","A"
"4","Trait5","FASTmrMLM","PstI.TP932325","1","9693867","-2.7469e-05","0.006","C"
"4","Trait5","FASTmrMLM","PstI.TP100031","1","9697446","-1.3519e-05","0.003","A"
"4","Trait5","FASTmrMLM","SSk40ctg20422_195","1","9699984","3.5902e-05","0.0079","A"
"4","Trait5","FASTmrMLM","PstI.TP53642","1","9729065","0.0471","0.3674","A"
"4","Trait5","FASTmrMLM","PstI.TP1238044","1","9732355","2.2346e-05","0.0049","A"
"4","Trait5","FASTmrMLM","NsiI.TP691823","1","9734131","2.0992e-05","0.0046","C"
"4","Trait5","FASTmrMLM","NsiI.TP815976","1","9739609","2e-04","0.0121","A"
"4","Trait5","FASTmrMLM","PstI.TP390724","1","9756005","5.4726e-08","1.1911e-05","G"
"4","Trait5","FASTmrMLM","PstI.TP258967","1","9761381","1.0111e-05","0.0022","C"
"4","Trait5","FASTmrMLM","PstI.TP114839","1","9777039","2.3551e-05","0.0052","A"
"4","Trait5","FASTmrMLM","NsiI.TP727325","1","9821700","7.7976e-06","0.0017","A"
"4","Trait5","FASTmrMLM","PstI.TP1278278","1","9821711","3.8466e-05","0.0085","C"
"4","Trait5","FASTmrMLM","PstI.TP362977","1","9822890","2.4702e-05","0.0054","C"
"4","Trait5","FASTmrMLM","PstI.TP532216","1","9838175","2.5686e-05","0.0056","A"
"4","Trait5","FASTmrMLM","PstI.TP377612","1","9851429","2.9137e-05","0.0064","A"
"4","Trait5","FASTmrMLM","PstI.TP377610","1","9851445","-1e-04","0.0109","C"
"4","Trait5","FASTmrMLM","PstI.TP204849","1","9884152","-1.7243e-06","4e-04","A"
"4","Trait5","FASTmrMLM","PstI.TP36013","1","9885650","9.0992e-06","0.002","A"
"4","Trait5","FASTmrMLM","PstI.TP1201259","1","9906780","-1.8666e-05","0.0041","A"
"4","Trait5","FASTmrMLM","PstI.TP900535","1","9917203","0.0717","1.0619","G"
"4","Trait5","FASTmrMLM","PstI.TP900796","1","9917203","2.782e-05","0.0061","G"
"4","Trait5","FASTmrMLM","PstI.TP900534","1","9917205","0.0756","0.9565","G"
"4","Trait5","FASTmrMLM","NsiI.TP804217","1","9918277","0.0311","0.4301","A"
"4","Trait5","FASTmrMLM","PstI.TP1001875","1","9929490","0.1605","0.5983","C"
"4","Trait5","FASTmrMLM","PstI.TP120265","1","9929566","0.0201","0.2008","A"
"4","Trait5","FASTmrMLM","NsiI.TP303399","1","9939496","-2.1393e-06","5e-04","A"
"4","Trait5","FASTmrMLM","NsiI.TP833134","1","9946863","1.1189e-05","0.0024","A"
"4","Trait5","FASTmrMLM","PstI.TP845850","1","9949636","1.0551e-05","0.0023","A"
"4","Trait5","FASTmrMLM","PstI.TP860929","1","9985288","1.5311e-05","0.0033","C"
"4","Trait5","FASTmrMLM","PstI.TP145867","1","9990979","-6.6289e-06","0.0014","C"
"4","Trait5","FASTmrMLM","PstI.TP821356","1","10005335","0.0127","0.1428","C"
"4","Trait5","FASTmrMLM","PstI.TP498398","1","10010021","-1.2903e-05","0.0028","A"
"4","Trait5","FASTmrMLM","PstI.TP498402","1","10010025","2.6363e-05","0.0058","C"
"4","Trait5","FASTmrMLM","PstI.TP474486","1","10028947","-2.3267e-05","0.0051","A"
"4","Trait5","FASTmrMLM","PstI.TP456781","1","10088332","0.1884","0.9287","A"
"4","Trait5","FASTmrMLM","PstI.TP1077323","1","10112795","1.0743e-05","0.0023","A"
"4","Trait5","FASTmrMLM","PstI.TP1075817","1","10117174","1.0132e-05","0.0022","A"
"4","Trait5","FASTmrMLM","NsiI.TP527775","1","10124859","0.0338","0.2371","A"
"4","Trait5","FASTmrMLM","PstI.TP750529","1","10140721","0.273","1.0913","C"
"4","Trait5","FASTmrMLM","PstI.TP1106149","1","10181736","-1.8313e-05","0.004","C"
"4","Trait5","FASTmrMLM","PstI.TP308125","1","10181847","-1.5509e-05","0.0034","C"
"4","Trait5","FASTmrMLM","NsiI.TP403625","1","10182616","2.1229e-05","0.0046","C"
"4","Trait5","FASTmrMLM","NsiI.TP801059","1","10208217","-0.0259","0.2768","C"
"4","Trait5","FASTmrMLM","NsiI.TP489786","1","10219250","0.1685","0.9684","C"
"4","Trait5","FASTmrMLM","NsiI.TP66172","1","10224640","-0.2601","2.0139","A"
"4","Trait5","FASTmrMLM","NsiI.TP678115","1","10277349","0.1277","0.718","A"
"4","Trait5","FASTmrMLM","PstI.TP345581","1","10284848","-8.8642e-06","0.0019","C"
"4","Trait5","FASTmrMLM","PstI.TP620724","1","10286545","-0.1134","0.7584","C"
"4","Trait5","FASTmrMLM","NsiI.TP664565","1","10300447","1.2519e-05","0.0027","A"
"4","Trait5","FASTmrMLM","PstI.TP156806","1","10317905","5.9827e-06","0.0013","C"
"4","Trait5","FASTmrMLM","NsiI.TP12510","1","10383086","-1.9428e-05","0.0042","A"
"4","Trait5","FASTmrMLM","PstI.TP593918","1","10465079","-1.5834e-06","3e-04","A"
"4","Trait5","FASTmrMLM","NsiI.TP360999","1","10465743","-1.4764e-05","0.0032","C"
"4","Trait5","FASTmrMLM","PstI.TP372465","1","10465762","5.9203e-07","1e-04","A"
"4","Trait5","FASTmrMLM","PstI.TP1200480","1","10476925","2.0732e-06","5e-04","C"
"4","Trait5","FASTmrMLM","PstI.TP91211","1","10530796","3.1388e-06","7e-04","G"
"4","Trait5","FASTmrMLM","PstI.TP1079720","1","10565436","-3.5209e-05","0.0077","C"
"4","Trait5","FASTmrMLM","PstI.TP488889","1","10576905","-0.0411","0.3375","G"
"4","Trait5","FASTmrMLM","PstI.TP491075","1","10576908","-0.0344","0.1844","A"
"4","Trait5","FASTmrMLM","NsiI.TP56378","1","10583216","-1.022e-05","0.0022","A"
"4","Trait5","FASTmrMLM","PstI.TP851583","1","10583893","0.3234","1.8265","C"
"4","Trait5","FASTmrMLM","PstI.TP166877","1","10607092","-1.1124e-05","0.0024","C"
"4","Trait5","FASTmrMLM","NsiI.TP139766","1","10628670","2.9804e-06","6e-04","C"
"4","Trait5","FASTmrMLM","PstI.TP948493","1","10639570","-0.0862","0.5566","A"
"4","Trait5","FASTmrMLM","NsiI.TP714515","1","10649306","-2.6507e-05","0.0058","C"
"4","Trait5","FASTmrMLM","PstI.TP931662","1","10651611","2.2803e-05","0.005","C"
"4","Trait5","FASTmrMLM","NsiI.TP501783","1","10653579","7.0902e-07","2e-04","A"
"4","Trait5","FASTmrMLM","NsiI.TP677128","1","10653848","1.6764e-05","0.0037","A"
"4","Trait5","FASTmrMLM","PstI.TP201416","1","10678222","0.0644","0.3721","A"
"4","Trait5","FASTmrMLM","PstI.TP980214","1","10687788","3.8003e-06","8e-04","G"
"4","Trait5","FASTmrMLM","NsiI.TP671397","1","10714530","-5.8503e-06","0.0013","C"
"4","Trait5","FASTmrMLM","NsiI.TP58669","1","10757346","-0.1551","0.8766","C"
"4","Trait5","FASTmrMLM","NsiI.TP6201","1","10769170","-3.6947e-05","0.0081","A"
"4","Trait5","FASTmrMLM","PstI.TP871348","1","10788683","-0.0761","0.716","C"
"4","Trait5","FASTmrMLM","NsiI.TP676929","1","10800684","-0.1136","1.299","C"
"4","Trait5","FASTmrMLM","NsiI.TP538616","1","10802958","5.7049e-06","0.0012","A"
"4","Trait5","FASTmrMLM","NsiI.TP325802","1","10807304","-1.2203e-05","0.0027","A"
"4","Trait5","FASTmrMLM","PstI.TP895107","1","10822750","0.0125","0.1395","C"
"4","Trait5","FASTmrMLM","NsiI.TP300721","1","10823386","-0.0041","0.1155","A"
"4","Trait5","FASTmrMLM","NsiI.TP229595","1","10839714","-0.0205","0.3066","A"
"4","Trait5","FASTmrMLM","NsiI.TP201069","1","10876750","-2.4374e-05","0.0053","C"
"4","Trait5","FASTmrMLM","PstI.TP784423","1","10894785","-0.0785","0.9659","C"
"4","Trait5","FASTmrMLM","PstI.TP494040","1","10895583","-7.9149e-06","0.0017","C"
"4","Trait5","FASTmrMLM","PstI.TP667320","1","10965394","0.2836","1.4092","C"
"4","Trait5","FASTmrMLM","NsiI.TP509653","1","11013763","-3.6441e-06","8e-04","C"
"4","Trait5","FASTmrMLM","NsiI.TP798310","1","11018598","-5.8751e-06","0.0013","A"
"4","Trait5","FASTmrMLM","PstI.TP1244424","1","11026364","2.1096e-05","0.0046","C"
"4","Trait5","FASTmrMLM","PstI.TP57864","1","11053835","-0.1849","1.4377","A"
"4","Trait5","FASTmrMLM","PstI.TP927833","1","11059251","-0.0762","0.3731","A"
"4","Trait5","FASTmrMLM","NsiI.TP205847","1","11081877","3.1754e-06","7e-04","A"
"4","Trait5","FASTmrMLM","PstI.TP163797","1","11126733","0.0683","0.4434","A"
"4","Trait5","FASTmrMLM","NsiI.TP636758","1","11134414","-3.2581e-05","0.0071","C"
"4","Trait5","FASTmrMLM","PstI.TP850610","1","11151819","-3.1595e-05","0.0069","G"
"4","Trait5","FASTmrMLM","NsiI.TP140899","1","11162813","-0.0928","0.85","C"
"4","Trait5","FASTmrMLM","NsiI.TP142297","1","11162838","0.1531","1.3151","C"
"4","Trait5","FASTmrMLM","NsiI.TP142244","1","11162862","-1.6002e-05","0.0035","A"
"4","Trait5","FASTmrMLM","PstI.TP1164162","1","11169685","1.3518e-05","0.003","C"
"4","Trait5","FASTmrMLM","NsiI.TP670864","1","11173569","-1.547e-06","3e-04","A"
"4","Trait5","FASTmrMLM","PstI.TP632220","1","11173690","-3.3688e-06","7e-04","C"
"4","Trait5","FASTmrMLM","NsiI.TP246551","1","11187178","0.0065","0.086","A"
"4","Trait5","FASTmrMLM","PstI.TP869093","1","11187262","-5.7979e-06","0.0013","C"
"4","Trait5","FASTmrMLM","NsiI.TP446370","1","11187900","1.9564e-05","0.0043","C"
"4","Trait5","FASTmrMLM","NsiI.TP158358","1","11191805","9.4434e-06","0.0021","C"
"4","Trait5","FASTmrMLM","PstI.TP872356","1","11195895","-1.1963e-05","0.0026","C"
"4","Trait5","FASTmrMLM","PstI.TP807135","1","11195899","1.8118e-05","0.004","A"
"4","Trait5","FASTmrMLM","PstI.TP553201","1","11198433","-2.9375e-06","6e-04","C"
"4","Trait5","FASTmrMLM","NsiI.TP58591","1","11198433","-1.5883e-07","3.4576e-05","A"
"4","Trait5","FASTmrMLM","PstI.TP5049","1","11225331","0.0418","0.4738","A"
"4","Trait5","FASTmrMLM","NsiI.TP279652","1","11238006","-0.0414","0.2496","C"
"4","Trait5","FASTmrMLM","PstI.TP336105","1","11324961","-3.6636e-06","8e-04","C"
"4","Trait5","FASTmrMLM","NsiI.TP48695","1","11325346","0.0692","0.5714","A"
"4","Trait5","FASTmrMLM","NsiI.TP84300","1","11353410","8.2792e-07","2e-04","A"
"4","Trait5","FASTmrMLM","NsiI.TP259521","1","11377749","-3.7507e-05","0.0082","A"
"4","Trait5","FASTmrMLM","PstI.TP960636","1","11389834","-2.1161e-05","0.0046","C"
"4","Trait5","FASTmrMLM","PstI.TP1095636","1","11402208","1.0889e-05","0.0024","C"
"4","Trait5","FASTmrMLM","NsiI.TP758539","1","11418165","1.2496e-05","0.0027","A"
"4","Trait5","FASTmrMLM","NsiI.TP286989","1","11423301","0.1536","0.8882","C"
"4","Trait5","FASTmrMLM","NsiI.TP48159","1","11432982","-0.0515","0.5536","C"
"4","Trait5","FASTmrMLM","PstI.TP835148","1","11456164","4.9589e-06","0.0011","A"
"4","Trait5","FASTmrMLM","PstI.TP1144034","1","11465878","-1.1058e-05","0.0024","A"
"4","Trait5","FASTmrMLM","NsiI.TP731670","1","11467794","0.0289","0.2897","A"
"4","Trait5","FASTmrMLM","PstI.TP151028","1","11471426","-1.8122e-05","0.004","C"
"4","Trait5","FASTmrMLM","NsiI.TP594672","1","11504246","-1.6344e-05","0.0036","A"
"4","Trait5","FASTmrMLM","PstI.TP44118","1","11512341","-3.3267e-05","0.0073","A"
"4","Trait5","FASTmrMLM","NsiI.TP159785","1","11512824","0.0887","1.6267","A"
"4","Trait5","FASTmrMLM","PstI.TP871978","1","11515285","2.4893e-05","0.0055","A"
"4","Trait5","FASTmrMLM","PstI.TP383048","1","11518318","-2.6862e-06","6e-04","C"
"4","Trait5","FASTmrMLM","PstI.TP367643","1","11520154","3.7009e-05","0.0081","A"
"4","Trait5","FASTmrMLM","PstI.TP794882","1","11532179","3.5904e-06","8e-04","A"
"4","Trait5","FASTmrMLM","PstI.TP454776","1","11548005","1.0142e-05","0.0022","C"
"4","Trait5","FASTmrMLM","PstI.TP850929","1","11599529","3.4904e-05","0.0077","G"
"4","Trait5","FASTmrMLM","NsiI.TP441419","1","11624620","-4.4357e-06","0.001","A"
"4","Trait5","FASTmrMLM","PstI.TP1169952","1","11630130","0.0902","0.3312","A"
"4","Trait5","FASTmrMLM","NsiI.TP126127","1","11636563","0.0518","0.6836","A"
"4","Trait5","FASTmrMLM","PstI.TP781647","1","11637565","-5.7945e-06","0.0013","A"
"4","Trait5","FASTmrMLM","PstI.TP96286","1","11637643","-0.0459","0.5579","A"
"4","Trait5","FASTmrMLM","NsiI.TP468813","1","11641735","1.1381e-05","0.0025","C"
"4","Trait5","FASTmrMLM","NsiI.TP386974","1","11641779","-1.7423e-05","0.0038","C"
"4","Trait5","FASTmrMLM","NsiI.TP507557","1","11673644","-1.6202e-05","0.0035","A"
"4","Trait5","FASTmrMLM","PstI.TP883214","1","11685337","-1.8267e-05","0.004","A"
"4","Trait5","FASTmrMLM","PstI.TP1045636","1","11697258","-0.1077","0.8989","A"
"4","Trait5","FASTmrMLM","NsiI.TP65377","1","11706782","-0.318","1.5718","A"
"4","Trait5","FASTmrMLM","PstI.TP458346","1","11754862","9.3125e-06","0.002","C"
"4","Trait5","FASTmrMLM","PstI.TP269293","1","11759371","-2.0433e-05","0.0045","C"
"4","Trait5","FASTmrMLM","PstI.TP671731","1","11762098","-0.2199","1.7331","C"
"4","Trait5","FASTmrMLM","PstI.TP83573","1","11768205","0.0664","0.369","A"
"4","Trait5","FASTmrMLM","PstI.TP280531","1","11808426","-1.283e-05","0.0028","C"
"4","Trait5","FASTmrMLM","NsiI.TP83031","1","11814530","-0.0964","0.6212","G"
"4","Trait5","FASTmrMLM","PstI.TP319571","1","11815150","2.578e-05","0.0056","A"
"4","Trait5","FASTmrMLM","PstI.TP637734","1","11832551","-1.4137e-05","0.0031","A"
"4","Trait5","FASTmrMLM","NsiI.TP693981","1","11914835","-2.032e-05","0.0044","C"
"4","Trait5","FASTmrMLM","PstI.TP342646","1","11915252","2.8546e-05","0.0063","C"
"4","Trait5","FASTmrMLM","PstI.TP581040","1","11920166","-1.7584e-05","0.0038","A"
"4","Trait5","FASTmrMLM","PstI.TP303581","1","11926685","0.0092","0.1687","A"
"4","Trait5","FASTmrMLM","NsiI.TP151741","1","11927845","-5.3555e-07","1e-04","A"
"4","Trait5","FASTmrMLM","PstI.TP969394","1","11931933","2.6171e-05","0.0057","C"
"4","Trait5","FASTmrMLM","PstI.TP1288084","1","11935767","-1.5218e-05","0.0033","A"
"4","Trait5","FASTmrMLM","NsiI.TP68480","1","11941858","-1.6498e-05","0.0036","C"
"4","Trait5","FASTmrMLM","PstI.TP369891","1","11947502","-4.8019e-06","0.001","A"
"4","Trait5","FASTmrMLM","NsiI.TP736839","1","11973561","-2.2148e-05","0.0048","C"
"4","Trait5","FASTmrMLM","NsiI.TP492306","1","11973621","1.6035e-05","0.0035","G"
"4","Trait5","FASTmrMLM","PstI.TP939213","1","11990855","-0.0546","0.286","A"
"4","Trait5","FASTmrMLM","NsiI.TP590006","1","11992102","-0.0254","0.3493","C"
"4","Trait5","FASTmrMLM","GFSSContig8870_238","1","12002926","2.6198e-06","6e-04","T"
"4","Trait5","FASTmrMLM","NsiI.TP324559","1","12011932","1.9269e-06","4e-04","C"
"4","Trait5","FASTmrMLM","PstI.TP166900","1","12024794","1.8362e-06","4e-04","C"
"4","Trait5","FASTmrMLM","NsiI.TP200262","1","12031128","-8.2394e-06","0.0018","A"
"4","Trait5","FASTmrMLM","PstI.TP1016611","1","12066190","4.0313e-05","0.0089","C"
"4","Trait5","FASTmrMLM","NsiI.TP589787","1","12102248","1.3502e-06","3e-04","C"
"4","Trait5","FASTmrMLM","PstI.TP301133","1","12137712","0.3574","1.4738","G"
"4","Trait5","FASTmrMLM","NsiI.TP690036","1","12138480","4e-04","0.0177","C"
"4","Trait5","FASTmrMLM","PstI.TP824123","1","12146700","-6.9817e-06","0.0015","A"
"4","Trait5","FASTmrMLM","NsiI.TP425091","1","12156938","0.0665","0.5151","A"
"4","Trait5","FASTmrMLM","PstI.TP80196","1","12160063","5.5081e-06","0.0012","A"
"4","Trait5","FASTmrMLM","NsiI.TP411644","1","12163725","3.7014e-05","0.0081","C"
"4","Trait5","FASTmrMLM","PstI.TP357827","1","12168818","3.784e-05","0.0067","C"
"4","Trait5","FASTmrMLM","PstI.TP242530","1","12171110","-0.0592","0.7631","C"
"4","Trait5","FASTmrMLM","PstI.TP419110","1","12172842","0.041","0.2895","A"
"4","Trait5","FASTmrMLM","PstI.TP181460","1","12172878","-2.6356e-05","0.0058","C"
"4","Trait5","FASTmrMLM","NsiI.TP336715","1","12172946","-0.1107","1.099","C"
"4","Trait5","FASTmrMLM","PstI.TP852925","1","12176015","-0.2187","1.6311","A"
"4","Trait5","FASTmrMLM","NsiI.TP627743","1","12178939","4.0661e-06","9e-04","A"
"4","Trait5","FASTmrMLM","PstI.TP699351","1","12181552","-1.2528e-05","0.0027","C"
"4","Trait5","FASTmrMLM","PstI.TP970608","1","12189706","-2.6903e-05","0.0059","C"
"4","Trait5","FASTmrMLM","PstI.TP1244212","1","12194943","1.7586e-05","0.0038","A"
"4","Trait5","FASTmrMLM","PstI.TP308387","1","12249163","-2.1596e-05","0.0047","A"
"4","Trait5","FASTmrMLM","NsiI.TP388261","1","12277429","0.1758","0.5415","C"
"4","Trait5","FASTmrMLM","NsiI.TP95821","1","12295395","-0.2218","0.9827","C"
"4","Trait5","FASTmrMLM","NsiI.TP246433","1","12296148","-0.2242","0.6545","C"
"4","Trait5","FASTmrMLM","PstI.TP1150967","1","12321648","0.0324","0.405","C"
"4","Trait5","FASTmrMLM","NsiI.TP759008","1","12334143","-0.1099","0.6771","C"
"4","Trait5","FASTmrMLM","PstI.TP372277","1","12338360","-0.0314","0.4537","C"
"4","Trait5","FASTmrMLM","NsiI.TP343566","1","12339365","6.3902e-06","0.0014","C"
"4","Trait5","FASTmrMLM","PstI.TP972335","1","12340082","-9.5625e-06","0.0021","C"
"4","Trait5","FASTmrMLM","PstI.TP1129618","1","12340098","1.8855e-05","0.0041","A"
"4","Trait5","FASTmrMLM","PstI.TP119895","1","12341093","-0.0128","0.1972","A"
"4","Trait5","FASTmrMLM","PstI.TP120612","1","12347979","1.2954e-05","0.0028","A"
"4","Trait5","FASTmrMLM","PstI.TP54196","1","12356926","-3.1649e-06","7e-04","C"
"4","Trait5","FASTmrMLM","PstI.TP125663","1","12414541","1.6514e-05","0.0036","G"
"4","Trait5","FASTmrMLM","PstI.TP1131247","1","12445082","-9.3353e-06","0.002","A"
"4","Trait5","FASTmrMLM","GFSSContig14714_678","1","12449005","-1.2125e-06","3e-04","T"
"4","Trait5","FASTmrMLM","PstI.TP533230","1","12546491","-1.1933e-05","0.0026","A"
"4","Trait5","FASTmrMLM","PstI.TP470694","1","12548914","-7.1971e-06","0.0016","C"
"4","Trait5","FASTmrMLM","NsiI.TP359250","1","12549769","1.3605e-05","0.003","C"
"4","Trait5","FASTmrMLM","NsiI.TP162883","1","12569712","0.0311","0.2982","C"
"4","Trait5","FASTmrMLM","PstI.TP1231592","1","12574939","0.0708","0.8605","C"
"4","Trait5","FASTmrMLM","NsiI.TP104065","1","12578208","0.1829","1.0033","C"
"4","Trait5","FASTmrMLM","PstI.TP233543","1","12604764","-9.0615e-06","0.002","C"
"4","Trait5","FASTmrMLM","PstI.TP298322","1","12608614","-1.4524e-05","0.0032","A"
"4","Trait5","FASTmrMLM","PstI.TP953256","1","12608761","0.052","0.6224","C"
"4","Trait5","FASTmrMLM","PstI.TP869664","1","12608841","-0.0408","0.3181","A"
"4","Trait5","FASTmrMLM","PstI.TP869661","1","12608858","-7.7484e-06","0.0017","A"
"4","Trait5","FASTmrMLM","NsiI.TP130986","1","12609418","-0.1431","0.643","A"
"4","Trait5","FASTmrMLM","NsiI.TP415957","1","12619054","3.0665e-05","0.0067","G"
"4","Trait5","FASTmrMLM","NsiI.TP652852","1","12621421","-9.5341e-06","0.0021","A"
"4","Trait5","FASTmrMLM","PstI.TP49650","1","12621450","2.751e-06","6e-04","A"
"4","Trait5","FASTmrMLM","PstI.TP1120707","1","12628050","-1.1705e-05","0.0026","C"
"4","Trait5","FASTmrMLM","PstI.TP544906","1","12628073","-0.1604","0.926","A"
"4","Trait5","FASTmrMLM","NsiI.TP707511","1","12652994","8.2812e-07","2e-04","C"
"4","Trait5","FASTmrMLM","NsiI.TP750615","1","12653027","2.5259e-05","0.0055","G"
"4","Trait5","FASTmrMLM","PstI.TP335314","1","12658698","-0.0364","0.1784","C"
"4","Trait5","FASTmrMLM","NsiI.TP487841","1","12659124","7.2979e-05","0.0069","A"
"4","Trait5","FASTmrMLM","PstI.TP862579","1","12701706","-0.1475","0.9846","A"
"4","Trait5","FASTmrMLM","PstI.TP401102","1","12714512","-0.0014","0.0362","C"
"4","Trait5","FASTmrMLM","NsiI.TP426892","1","12727995","4.9247e-05","0.0056","A"
"4","Trait5","FASTmrMLM","NsiI.TP602440","1","12732883","-0.02","0.288","A"
"4","Trait5","FASTmrMLM","PstI.TP949560","1","12735786","-3.1039e-05","0.0068","G"
"4","Trait5","FASTmrMLM","NsiI.TP476800","1","12738693","-0.3316","1.6149","A"
"4","Trait5","FASTmrMLM","NsiI.TP447210","1","12738793","8.1118e-06","0.0018","A"
"4","Trait5","FASTmrMLM","NsiI.TP336894","1","12738987","0.0716","0.5766","C"
"4","Trait5","FASTmrMLM","PstI.TP47447","1","12743038","0.2146","3.1687","A"
"4","Trait5","FASTmrMLM","PstI.TP822515","1","12784656","3.3263e-05","0.0073","A"
"4","Trait5","FASTmrMLM","PstI.TP323718","1","12814103","1.0629e-06","2e-04","C"
"4","Trait5","FASTmrMLM","PstI.TP197754","1","12831519","2.4298e-05","0.0053","A"
"4","Trait5","FASTmrMLM","NsiI.TP442488","1","12846248","0.2371","1.6223","C"
"4","Trait5","FASTmrMLM","NsiI.TP195180","1","12857502","5.5726e-06","0.0012","A"
"4","Trait5","FASTmrMLM","NsiI.TP636471","1","12863942","-0.1099","0.6422","G"
"4","Trait5","FASTmrMLM","PstI.TP2212","1","12945153","8.3484e-06","0.0018","A"
"4","Trait5","FASTmrMLM","PstI.TP787741","1","13021367","2.6594e-05","0.0058","A"
"4","Trait5","FASTmrMLM","NsiI.TP127941","1","13028214","-1.3796e-05","0.003","C"
"4","Trait5","FASTmrMLM","PstI.TP254268","1","13028392","-0.0922","0.4584","A"
"4","Trait5","FASTmrMLM","NsiI.TP464642","1","13039779","3.5703e-05","0.0078","C"
"4","Trait5","FASTmrMLM","PstI.TP20247","1","13067598","-0.0301","0.3351","C"
"4","Trait5","FASTmrMLM","NsiI.TP415606","1","13074876","-1.1703e-05","0.0026","G"
"4","Trait5","FASTmrMLM","NsiI.TP481934","1","13076221","-4.4477e-07","9.681e-05","G"
"4","Trait5","FASTmrMLM","NsiI.TP647288","1","13079139","1.5032e-05","0.0033","A"
"4","Trait5","FASTmrMLM","PstI.TP342493","1","13096228","-6.9005e-06","0.0015","C"
"4","Trait5","FASTmrMLM","PstI.TP1051083","1","13150553","-1.3606e-06","3e-04","G"
"4","Trait5","FASTmrMLM","PstI.TP225437","1","13150621","8.395e-06","0.0018","A"
"4","Trait5","FASTmrMLM","PstI.TP1284231","1","13151323","2.16e-05","0.0047","A"
"4","Trait5","FASTmrMLM","PstI.TP1284224","1","13151334","2.4127e-05","0.0053","G"
"4","Trait5","FASTmrMLM","PstI.TP419952","1","13194145","-0.2109","1.103","C"
"4","Trait5","FASTmrMLM","PstI.TP1041568","1","13234710","9.8176e-06","0.0021","C"
"4","Trait5","FASTmrMLM","NsiI.TP193833","1","13245570","2.395e-05","0.0052","A"
"4","Trait5","FASTmrMLM","PstI.TP770895","1","13263569","0.026","0.2352","A"
"4","Trait5","FASTmrMLM","PstI.TP726878","1","13263594","-1.295e-05","0.0028","A"
"4","Trait5","FASTmrMLM","NsiI.TP810853","1","13264665","-1.459e-05","0.0032","A"
"4","Trait5","FASTmrMLM","PstI.TP297644","1","13299552","-9.1653e-06","0.002","A"
"4","Trait5","FASTmrMLM","NsiI.TP99495","1","13300518","2.1023e-06","5e-04","C"
"4","Trait5","FASTmrMLM","NsiI.TP442997","1","13359027","0.1045","1.0005","C"
"4","Trait5","FASTmrMLM","NsiI.TP779201","1","13367144","-0.0285","0.3759","C"
"4","Trait5","FASTmrMLM","NsiI.TP693115","1","13373622","-3.0063e-05","0.0066","C"
"4","Trait5","FASTmrMLM","NsiI.TP690370","1","13378311","9.0664e-06","0.002","C"
"4","Trait5","FASTmrMLM","PstI.TP15791","1","13382353","-0.105","1.1078","C"
"4","Trait5","FASTmrMLM","NsiI.TP570918","1","13400968","-2.823e-05","0.0062","C"
"4","Trait5","FASTmrMLM","PstI.TP1273474","1","13406210","-0.2697","1.4928","C"
"4","Trait5","FASTmrMLM","NsiI.TP146220","1","13426299","1.0398e-06","2e-04","A"
"4","Trait5","FASTmrMLM","PstI.TP437757","1","13444288","-2.1487e-05","0.0047","C"
"4","Trait5","FASTmrMLM","PstI.TP1175215","1","13490079","4.6785e-06","0.001","C"
"4","Trait5","FASTmrMLM","PstI.TP51186","1","13535076","1.071e-05","0.0023","A"
"4","Trait5","FASTmrMLM","NsiI.TP461366","1","13535528","-1.3942e-05","0.003","G"
"4","Trait5","FASTmrMLM","PstI.TP945515","1","13536404","9.1742e-06","0.002","C"
"4","Trait5","FASTmrMLM","PstI.TP775845","1","13537099","-4.1395e-06","9e-04","C"
"4","Trait5","FASTmrMLM","NsiI.TP214625","1","13537106","-2.6142e-05","0.0057","C"
"4","Trait5","FASTmrMLM","NsiI.TP694123","1","13570229","-2.4856e-06","5e-04","C"
"4","Trait5","FASTmrMLM","PstI.TP211414","1","13593203","-4.8459e-05","0.0107","A"
"4","Trait5","FASTmrMLM","PstI.TP154406","1","13601732","6.1645e-06","0.0013","A"
"4","Trait5","FASTmrMLM","NsiI.TP367019","1","13622529","1.2417e-05","0.0027","C"
"4","Trait5","FASTmrMLM","PstI.TP746755","1","13706401","0.0893","0.787","G"
"4","Trait5","FASTmrMLM","PstI.TP21535","1","13757306","-4.5795e-07","9.9666e-05","A"
"4","Trait5","FASTmrMLM","NsiI.TP771339","1","13768778","3.6303e-05","0.008","G"
"4","Trait5","FASTmrMLM","PstI.TP177830","1","13784150","-0.1425","1.4006","G"
"4","Trait5","FASTmrMLM","NsiI.TP499595","1","13794502","-1.0447e-05","0.0023","A"
"4","Trait5","FASTmrMLM","NsiI.TP35556","1","13809932","-0.1177","0.5601","A"
"4","Trait5","FASTmrMLM","PstI.TP120285","1","13839309","-3.3458e-06","7e-04","C"
"4","Trait5","FASTmrMLM","PstI.TP1204396","1","13845263","4.1112e-06","9e-04","A"
"4","Trait5","FASTmrMLM","PstI.TP1204395","1","13845267","2.7366e-05","0.006","C"
"4","Trait5","FASTmrMLM","PstI.TP672785","1","13856592","-4.626e-06","0.001","C"
"4","Trait5","FASTmrMLM","NsiI.TP495012","1","13858689","-0.1588","1.2525","A"
"4","Trait5","FASTmrMLM","NsiI.TP300775","1","13891493","7.8644e-06","0.0017","C"
"4","Trait5","FASTmrMLM","PstI.TP621859","1","13917133","4.5616e-05","0.01","C"
"4","Trait5","FASTmrMLM","PstI.TP1224207","1","13917136","-1.4832e-05","0.0032","C"
"4","Trait5","FASTmrMLM","PstI.TP703045","1","13942056","3.3262e-05","0.0073","A"
"4","Trait5","FASTmrMLM","NsiI.TP766568","1","13943502","2.9697e-05","0.0065","C"
"4","Trait5","FASTmrMLM","NsiI.TP501038","1","13956574","-2.5721e-08","5.5983e-06","A"
"4","Trait5","FASTmrMLM","PstI.TP308922","1","14021607","0.2219","1.5443","C"
"4","Trait5","FASTmrMLM","NsiI.TP819777","1","14025316","-0.0226","0.2862","C"
"4","Trait5","FASTmrMLM","NsiI.TP266519","1","14038497","-2.1573e-05","0.0047","G"
"4","Trait5","FASTmrMLM","NsiI.TP437992","1","14042838","-3.2241e-05","0.0071","A"
"4","Trait5","FASTmrMLM","PstI.TP125868","1","14057029","7.6883e-07","2e-04","A"
"4","Trait5","FASTmrMLM","GFSSContig14643_563","1","14059551","-0.1795","2.5362","T"
"4","Trait5","FASTmrMLM","NsiI.TP269042","1","14064552","0.0605","0.6221","C"
"4","Trait5","FASTmrMLM","NsiI.TP303355","1","14151291","-2.7625e-05","0.0061","C"
"4","Trait5","FASTmrMLM","PstI.TP843475","1","14155219","-8.4969e-06","0.0019","A"
"4","Trait5","FASTmrMLM","PstI.TP981330","1","14205068","1.7023e-05","0.0037","A"
"4","Trait5","FASTmrMLM","PstI.TP882042","1","14207905","-8.9524e-06","0.002","G"
"4","Trait5","FASTmrMLM","NsiI.TP356917","1","14233628","0.0969","0.7809","C"
"4","Trait5","FASTmrMLM","NsiI.TP119580","1","14256346","-3.4068e-05","0.0075","C"
"4","Trait5","FASTmrMLM","NsiI.TP825520","1","14262612","0.0826","0.6054","C"
"4","Trait5","FASTmrMLM","NsiI.TP420386","1","14283502","-2.3861e-05","0.0052","A"
"4","Trait5","FASTmrMLM","PstI.TP12544","1","14288002","1.2776e-05","0.0028","A"
"4","Trait5","FASTmrMLM","PstI.TP37475","1","14297444","-2.9236e-05","0.0064","A"
"4","Trait5","FASTmrMLM","PstI.TP37488","1","14297475","8.2209e-06","0.0018","C"
"4","Trait5","FASTmrMLM","NsiI.TP717724","1","14304646","-3.8609e-06","8e-04","C"
"4","Trait5","FASTmrMLM","PstI.TP1089523","1","14324920","-1.9933e-05","0.0044","A"
"4","Trait5","FASTmrMLM","PstI.TP220389","1","14347637","0.0315","0.251","A"
"4","Trait5","FASTmrMLM","PstI.TP225473","1","14398694","0.1858","1.432","A"
"4","Trait5","FASTmrMLM","PstI.TP225478","1","14404245","0.029","0.2634","C"
"4","Trait5","FASTmrMLM","PstI.TP784723","1","14438505","5.1358e-06","0.0011","A"
"4","Trait5","FASTmrMLM","NsiI.TP467233","1","14455377","-1.2064e-05","0.0026","C"
"4","Trait5","FASTmrMLM","NsiI.TP658424","1","14469572","-3.3826e-05","0.0074","G"
"4","Trait5","FASTmrMLM","NsiI.TP410209","1","14510145","7.6773e-06","0.0017","G"
"4","Trait5","FASTmrMLM","PstI.TP863368","1","14520797","-8.2998e-06","0.0018","C"
"4","Trait5","FASTmrMLM","SSk50ctg225336_353","1","14558654","1.7353e-05","0.0038","T"
"4","Trait5","FASTmrMLM","NsiI.TP423901","1","14565704","-1.8637e-05","0.0041","C"
"4","Trait5","FASTmrMLM","PstI.TP152122","1","14611936","2.1412e-05","0.0047","C"
"4","Trait5","FASTmrMLM","NsiI.TP482085","1","14660014","1.0137e-05","0.0022","C"
"4","Trait5","FASTmrMLM","PstI.TP1070412","1","14662120","3.8496e-06","8e-04","A"
"4","Trait5","FASTmrMLM","PstI.TP174141","1","14670362","-1.728e-05","0.0038","A"
"4","Trait5","FASTmrMLM","PstI.TP1098610","1","14727981","2.3404e-05","0.0051","A"
"4","Trait5","FASTmrMLM","PstI.TP271793","1","14742998","0.0622","0.8719","A"
"4","Trait5","FASTmrMLM","PstI.TP282764","1","14743057","-6.922e-06","0.0015","C"
"4","Trait5","FASTmrMLM","NsiI.TP25651","1","14867989","-2.2451e-05","0.0049","A"
"4","Trait5","FASTmrMLM","PstI.TP155202","1","14875559","-0.0174","0.1411","A"
"4","Trait5","FASTmrMLM","NsiI.TP380814","1","14893190","1.36e-05","0.003","C"
"4","Trait5","FASTmrMLM","PstI.TP366230","1","14917814","-2.8526e-05","0.0063","C"
"4","Trait5","FASTmrMLM","PstI.TP60778","1","14925987","1.4663e-05","0.0032","C"
"4","Trait5","FASTmrMLM","PstI.TP389936","1","14968234","5.0617e-06","0.0011","A"
"4","Trait5","FASTmrMLM","PstI.TP473065","1","14979768","-1.1694e-05","0.0026","C"
"4","Trait5","FASTmrMLM","PstI.TP994295","1","15000089","-1.0429e-05","0.0023","C"
"4","Trait5","FASTmrMLM","NsiI.TP430273","1","15009878","-2.139e-05","0.0047","G"
"4","Trait5","FASTmrMLM","NsiI.TP173516","1","15009936","-1.8474e-05","0.004","A"
"4","Trait5","FASTmrMLM","PstI.TP980794","1","15035098","-1.7475e-05","0.0038","C"
"4","Trait5","FASTmrMLM","PstI.TP993599","1","15059302","1.3059e-05","0.0029","G"
"4","Trait5","FASTmrMLM","NsiI.TP649739","1","15060402","1.3297e-05","0.0029","A"
"4","Trait5","FASTmrMLM","NsiI.TP651148","1","15060420","1.9138e-05","0.0042","A"
"4","Trait5","FASTmrMLM","NsiI.TP649742","1","15060446","0.0342","0.3399","A"
"4","Trait5","FASTmrMLM","NsiI.TP258606","1","15160092","-3.4752e-05","0.0076","C"
"4","Trait5","FASTmrMLM","PstI.TP311828","1","15160302","3.2565e-05","0.0071","C"
"4","Trait5","FASTmrMLM","NsiI.TP453296","1","15160906","1.2854e-05","0.0028","G"
"4","Trait5","FASTmrMLM","PstI.TP336162","1","15170686","-3.9842e-06","9e-04","A"
"4","Trait5","FASTmrMLM","PstI.TP745600","1","15174350","0.1427","0.5421","A"
"4","Trait5","FASTmrMLM","NsiI.TP51676","1","15234555","1.3485e-05","0.0029","A"
"4","Trait5","FASTmrMLM","PstI.TP1015687","1","15247755","1.03e-05","0.0022","C"
"4","Trait5","FASTmrMLM","PstI.TP1062718","1","15364899","-0.0105","0.1695","A"
"4","Trait5","FASTmrMLM","PstI.TP1078239","1","15375816","-9.533e-06","0.0021","C"
"4","Trait5","FASTmrMLM","PstI.TP698841","1","15386033","0.0184","0.168","G"
"4","Trait5","FASTmrMLM","NsiI.TP190002","1","15394010","-2.1486e-05","0.0047","C"
"4","Trait5","FASTmrMLM","NsiI.TP171506","1","15417277","-9.9784e-06","0.0022","A"
"4","Trait5","FASTmrMLM","NsiI.TP255144","1","15433398","0.0752","0.7078","C"
"4","Trait5","FASTmrMLM","NsiI.TP649951","1","15467141","3.0211e-05","0.0066","A"
"4","Trait5","FASTmrMLM","PstI.TP800100","1","15471914","2.8075e-06","6e-04","A"
"4","Trait5","FASTmrMLM","NsiI.TP746922","1","15479561","2.024e-05","0.0044","A"
"4","Trait5","FASTmrMLM","NsiI.TP755310","1","15480859","1.0199e-05","0.0022","C"
"4","Trait5","FASTmrMLM","NsiI.TP444665","1","15492552","2.8553e-05","0.0063","C"
"4","Trait5","FASTmrMLM","PstI.TP932846","1","15517451","6.2952e-06","0.0014","C"
"4","Trait5","FASTmrMLM","PstI.TP1256458","1","15517510","-2.2856e-06","5e-04","C"
"4","Trait5","FASTmrMLM","PstI.TP375366","1","15556694","-1.3825e-05","0.003","C"
"4","Trait5","FASTmrMLM","PstI.TP37494","1","15597809","-1.3532e-06","3e-04","C"
"4","Trait5","FASTmrMLM","PstI.TP1092363","1","15638428","1.087e-05","0.0024","C"
"4","Trait5","FASTmrMLM","PstI.TP571211","1","15648129","-4.4621e-06","0.001","A"
"4","Trait5","FASTmrMLM","PstI.TP393750","1","15650792","1.0643e-05","0.0023","G"
"4","Trait5","FASTmrMLM","PstI.TP147426","1","15718731","-1.7429e-05","0.0038","C"
"4","Trait5","FASTmrMLM","NsiI.TP330148","1","15807421","1.2368e-05","0.0027","A"
"4","Trait5","FASTmrMLM","PstI.TP364469","1","15807512","8.8833e-06","0.0019","A"
"4","Trait5","FASTmrMLM","PstI.TP597611","1","15812434","-5.4581e-06","0.0012","G"
"4","Trait5","FASTmrMLM","NsiI.TP825699","1","15815917","-4.0315e-05","0.0089","C"
"4","Trait5","FASTmrMLM","PstI.TP537488","1","15836219","3.4104e-05","0.0075","C"
"4","Trait5","FASTmrMLM","PstI.TP31035","1","15851386","7.4205e-06","0.0016","A"
"4","Trait5","FASTmrMLM","PstI.TP896922","1","15851610","-3.2506e-05","0.0071","C"
"4","Trait5","FASTmrMLM","NsiI.TP618751","1","15855923","7.6655e-06","0.0017","C"
"4","Trait5","FASTmrMLM","PstI.TP774779","1","15879997","1.2934e-05","0.0028","A"
"4","Trait5","FASTmrMLM","PstI.TP775724","1","15890437","0.006","0.1215","C"
"4","Trait5","FASTmrMLM","GFSSContig17245_347","1","15924838","-0.0094","0.152","A"
"4","Trait5","FASTmrMLM","GFSSContig17245_481","1","15924972","6.1129e-06","0.0013","A"
"4","Trait5","FASTmrMLM","PstI.TP256999","1","15936570","1.5819e-05","0.0035","C"
"4","Trait5","FASTmrMLM","PstI.TP73792","1","16408882","-5.721e-06","0.0012","C"
"4","Trait5","FASTmrMLM","PstI.TP548596","1","16432580","1.211e-05","0.0026","A"
"4","Trait5","FASTmrMLM","PstI.TP1108027","1","16453688","-1.0817e-05","0.0024","C"
"4","Trait5","FASTmrMLM","NsiI.TP210346","1","16604420","0.0597","0.3697","C"
"4","Trait5","FASTmrMLM","NsiI.TP210345","1","16604421","1.6227e-05","0.0035","C"
"4","Trait5","FASTmrMLM","PstI.TP312264","1","16641290","-1.7973e-05","0.0039","C"
"4","Trait5","FASTmrMLM","NsiI.TP500717","1","16675031","2.1822e-05","0.0048","C"
"4","Trait5","FASTmrMLM","PstI.TP475870","1","16694458","7.7467e-06","0.0017","A"
"4","Trait5","FASTmrMLM","PstI.TP184964","1","16701416","-6.7129e-06","0.0015","A"
"4","Trait5","FASTmrMLM","PstI.TP1150194","1","16733554","3e-04","0.017","A"
"4","Trait5","FASTmrMLM","NsiI.TP452510","1","16761671","4.4325e-05","0.0098","C"
"4","Trait5","FASTmrMLM","PstI.TP286374","1","16762028","0.1317","1.0111","G"
"4","Trait5","FASTmrMLM","NsiI.TP137056","1","16781901","1.9685e-05","0.0043","A"
"4","Trait5","FASTmrMLM","PstI.TP1062903","1","16796019","2.8536e-06","6e-04","A"
"4","Trait5","FASTmrMLM","NsiI.TP829961","1","16799395","-0.0619","0.724","A"
"4","Trait5","FASTmrMLM","NsiI.TP498832","1","16844150","0.0332","0.358","A"
"4","Trait5","FASTmrMLM","PstI.TP772190","1","16854375","7.9069e-07","2e-04","G"
"4","Trait5","FASTmrMLM","NsiI.TP253869","1","16894827","-2.6024e-06","6e-04","A"
"4","Trait5","FASTmrMLM","PstI.TP351621","1","16931277","1.6391e-05","0.0036","G"
"4","Trait5","FASTmrMLM","NsiI.TP34852","1","16931827","0.0504","0.5653","A"
"4","Trait5","FASTmrMLM","NsiI.TP340676","1","16940162","1.1817e-05","0.0026","A"
"4","Trait5","FASTmrMLM","GFSSContig19978_2050","1","16994300","-1.5814e-06","3e-04","T"
"4","Trait5","FASTmrMLM","PstI.TP1202247","1","17001036","1.9075e-06","4e-04","C"
"4","Trait5","FASTmrMLM","NsiI.TP598222","1","17012247","-2.3354e-05","0.0051","C"
"4","Trait5","FASTmrMLM","GFk50ctg100382_211","1","17024823","-2.2897e-05","0.005","A"
"4","Trait5","FASTmrMLM","GFSSContig10419_989","1","17026623","3.6433e-05","0.008","A"
"4","Trait5","FASTmrMLM","GFSSContig18974_238","1","17068192","1.5591e-05","0.0034","A"
"4","Trait5","FASTmrMLM","PstI.TP38431","1","17117695","1.3751e-05","0.003","G"
"4","Trait5","FASTmrMLM","NsiI.TP759031","1","17129533","1.1906e-05","0.0026","A"
"4","Trait5","FASTmrMLM","PstI.TP875497","1","17132096","-9.4736e-06","0.0021","G"
"4","Trait5","FASTmrMLM","PstI.TP270063","1","17132801","1.2113e-05","0.0026","A"
"4","Trait5","FASTmrMLM","NsiI.TP747614","1","17192351","-1.3395e-05","0.0029","G"
"4","Trait5","FASTmrMLM","PstI.TP381954","1","17197451","-6.4935e-06","0.0014","A"
"4","Trait5","FASTmrMLM","NsiI.TP347636","1","17221327","1.8948e-05","0.0041","G"
"4","Trait5","FASTmrMLM","NsiI.TP301063","1","17242293","-1.7513e-05","0.0038","A"
"4","Trait5","FASTmrMLM","PstI.TP272849","1","17249586","-1.0091e-05","0.0022","A"
"4","Trait5","FASTmrMLM","NsiI.TP35382","1","17263489","-3.6046e-06","8e-04","C"
"4","Trait5","FASTmrMLM","NsiI.TP458186","1","17286811","1.6992e-06","4e-04","G"
"4","Trait5","FASTmrMLM","NsiI.TP641314","1","17429648","2.1306e-05","0.0047","A"
"4","Trait5","FASTmrMLM","PstI.TP1129496","1","17451041","-0.1688","0.7999","A"
"4","Trait5","FASTmrMLM","NsiI.TP229448","1","17457495","0.0741","0.577","C"
"4","Trait5","FASTmrMLM","PstI.TP103232","1","17462250","-1.4479e-05","0.0032","A"
"4","Trait5","FASTmrMLM","PstI.TP527404","1","17466495","0.1304","0.9435","A"
"4","Trait5","FASTmrMLM","PstI.TP25758","1","17466771","1.73e-06","4e-04","C"
"4","Trait5","FASTmrMLM","NsiI.TP462375","1","17470507","-0.0463","0.2848","A"
"4","Trait5","FASTmrMLM","PstI.TP97518","1","17476051","5.176e-06","0.0011","C"
"4","Trait5","FASTmrMLM","PstI.TP1024630","1","17476089","-0.0031","0.052","C"
"4","Trait5","FASTmrMLM","NsiI.TP525823","1","17484007","-1.0647e-05","0.0023","G"
"4","Trait5","FASTmrMLM","PstI.TP55799","1","17484725","-0.0665","0.7336","G"
"4","Trait5","FASTmrMLM","NsiI.TP474832","1","17489398","-7.387e-06","0.0016","G"
"4","Trait5","FASTmrMLM","NsiI.TP466365","1","17489404","1.3565e-05","0.003","A"
"4","Trait5","FASTmrMLM","PstI.TP1199193","1","17514474","-2.3145e-05","0.0051","A"
"4","Trait5","FASTmrMLM","PstI.TP1199192","1","17514476","3.109e-05","0.0068","A"
"4","Trait5","FASTmrMLM","PstI.TP155582","1","17577155","-5.3688e-06","0.0012","A"
"4","Trait5","FASTmrMLM","NsiI.TP473032","1","17585225","-0.08","0.5335","G"
"4","Trait5","FASTmrMLM","PstI.TP318302","1","17585680","1.5655e-05","0.0034","G"
"4","Trait5","FASTmrMLM","NsiI.TP210953","1","17586467","-7.0568e-05","0.0074","C"
"4","Trait5","FASTmrMLM","NsiI.TP625844","1","17592650","-0.098","0.3625","C"
"4","Trait5","FASTmrMLM","PstI.TP311967","1","17610629","2e-04","0.0103","C"
"4","Trait5","FASTmrMLM","PstI.TP392482","1","17611146","-0.5135","2.6285","A"
"4","Trait5","FASTmrMLM","PstI.TP277421","1","17621133","-2.5461e-05","0.0056","C"
"4","Trait5","FASTmrMLM","PstI.TP1219099","1","17631595","3.7272e-06","8e-04","A"
"4","Trait5","FASTmrMLM","PstI.TP297269","1","17656465","-2.4391e-06","5e-04","A"
"4","Trait5","FASTmrMLM","NsiI.TP594902","1","17688614","-2.6782e-05","0.0059","A"
"4","Trait5","FASTmrMLM","NsiI.TP169607","1","17749425","-6.4269e-06","0.0014","A"
"4","Trait5","FASTmrMLM","PstI.TP816389","1","17750979","1e-04","0.0081","G"
"4","Trait5","FASTmrMLM","PstI.TP1082699","1","17758802","-3.0748e-05","0.0067","A"
"4","Trait5","FASTmrMLM","PstI.TP537181","1","17761519","5.07e-05","0.0072","C"
"4","Trait5","FASTmrMLM","PstI.TP537182","1","17761520","-0.2302","1.1159","C"
"4","Trait5","FASTmrMLM","PstI.TP985298","1","17808711","-3.9661e-05","0.0087","C"
"4","Trait5","FASTmrMLM","PstI.TP72214","1","17829896","-8.9067e-06","0.0019","A"
"4","Trait5","FASTmrMLM","PstI.TP21667","1","17831114","-1.2352e-05","0.0027","A"
"4","Trait5","FASTmrMLM","PstI.TP1096743","1","17902676","1.1106e-05","0.0024","A"
"4","Trait5","FASTmrMLM","NsiI.TP224217","1","17932840","1.3831e-05","0.003","C"
"4","Trait5","FASTmrMLM","NsiI.TP487331","1","17957458","5.0586e-06","0.0011","C"
"4","Trait5","FASTmrMLM","NsiI.TP487330","1","17957461","6.7299e-06","0.0015","G"
"4","Trait5","FASTmrMLM","PstI.TP213346","1","17977700","-0.0143","0.1609","C"
"4","Trait5","FASTmrMLM","PstI.TP194240","1","18003561","4.9154e-06","0.0011","A"
"4","Trait5","FASTmrMLM","PstI.TP907404","1","18035898","-0.1087","0.4957","A"
"4","Trait5","FASTmrMLM","PstI.TP147052","1","18036670","-1.4475e-06","3e-04","A"
"4","Trait5","FASTmrMLM","PstI.TP904357","1","18039419","0.1146","0.9787","C"
"4","Trait5","FASTmrMLM","NsiI.TP446696","1","18054371","-2.3443e-05","0.0051","C"
"4","Trait5","FASTmrMLM","NsiI.TP297192","1","18054455","1.5957e-05","0.0035","A"
"4","Trait5","FASTmrMLM","PstI.TP115083","1","18065275","0.0173","0.2963","C"
"4","Trait5","FASTmrMLM","NsiI.TP753912","1","18081527","-1.7369e-05","0.0038","G"
"4","Trait5","FASTmrMLM","PstI.TP807298","1","18104978","6.8124e-06","0.0015","G"
"4","Trait5","FASTmrMLM","PstI.TP909448","1","18163576","-7.6145e-06","0.0017","G"
"4","Trait5","FASTmrMLM","PstI.TP353784","1","18167193","2.112e-05","0.0046","C"
"4","Trait5","FASTmrMLM","PstI.TP510832","1","18167351","-1.3741e-05","0.003","A"
"4","Trait5","FASTmrMLM","NsiI.TP32815","1","18169703","-0.2409","1.0705","A"
"4","Trait5","FASTmrMLM","NsiI.TP20060","1","18191763","1.6534e-05","0.0036","A"
"4","Trait5","FASTmrMLM","PstI.TP1245745","1","18203316","-0.0454","0.3832","C"
"4","Trait5","FASTmrMLM","PstI.TP1245741","1","18203364","-2.5673e-05","0.0056","A"
"4","Trait5","FASTmrMLM","PstI.TP1203527","1","18203746","0.0064","0.1324","C"
"4","Trait5","FASTmrMLM","NsiI.TP792686","1","18214875","0.0096","0.1657","C"
"4","Trait5","FASTmrMLM","NsiI.TP553582","1","18225047","4.0264e-06","9e-04","G"
"4","Trait5","FASTmrMLM","NsiI.TP822399","1","18230052","-6.0416e-06","0.0013","A"
"4","Trait5","FASTmrMLM","NsiI.TP465973","1","18243284","1.1682e-05","0.0025","A"
"4","Trait5","FASTmrMLM","PstI.TP1183011","1","18308062","7.042e-06","0.0015","G"
"4","Trait5","FASTmrMLM","PstI.TP399941","1","18308136","-1.9036e-05","0.0042","A"
"4","Trait5","FASTmrMLM","PstI.TP460935","1","18308167","-5.1043e-06","0.0011","A"
"4","Trait5","FASTmrMLM","PstI.TP389887","1","18317107","3.4985e-05","0.0077","C"
"4","Trait5","FASTmrMLM","PstI.TP402944","1","18317931","-6.7787e-06","0.0015","C"
"4","Trait5","FASTmrMLM","NsiI.TP496974","1","18321659","-2.3746e-05","0.0052","A"
"4","Trait5","FASTmrMLM","PstI.TP1279895","1","18383885","1.2294e-05","0.0027","A"
"4","Trait5","FASTmrMLM","PstI.TP126528","1","18396876","-1.5416e-05","0.0034","C"
"4","Trait5","FASTmrMLM","PstI.TP102086","1","18402297","-0.108","1.3721","A"
"4","Trait5","FASTmrMLM","PstI.TP910433","1","18407927","-6.8504e-06","0.0015","G"
"4","Trait5","FASTmrMLM","PstI.TP840542","1","18414544","0.0477","0.4972","A"
"4","Trait5","FASTmrMLM","PstI.TP446397","1","18421945","2.2319e-05","0.0049","A"
"4","Trait5","FASTmrMLM","NsiI.TP694875","1","18437117","-0.0425","0.3543","C"
"4","Trait5","FASTmrMLM","PstI.TP1126710","1","18437271","-0.0738","0.3455","G"
"4","Trait5","FASTmrMLM","NsiI.TP772843","1","18447607","-0.1215","0.6271","G"
"4","Trait5","FASTmrMLM","NsiI.TP168692","1","18509909","1.8622e-05","0.0041","C"
"4","Trait5","FASTmrMLM","NsiI.TP375636","1","18514595","-2.888e-05","0.006","C"
"4","Trait5","FASTmrMLM","PstI.TP39503","1","18515765","3.9324e-06","9e-04","G"
"4","Trait5","FASTmrMLM","PstI.TP782649","1","18524859","-5.7054e-06","0.0012","A"
"4","Trait5","FASTmrMLM","NsiI.TP17757","1","18535555","1.7958e-05","0.0039","G"
"4","Trait5","FASTmrMLM","NsiI.TP730814","1","18543570","0.3216","1.1594","C"
"4","Trait5","FASTmrMLM","PstI.TP978920","1","18559835","-4.7576e-05","0.0105","A"
"4","Trait5","FASTmrMLM","NsiI.TP730116","1","18562747","5.2373e-06","0.0011","C"
"4","Trait5","FASTmrMLM","PstI.TP590958","1","18570749","-6.727e-06","0.0015","C"
"4","Trait5","FASTmrMLM","PstI.TP902375","1","18570894","1.1187e-05","0.0024","G"
"4","Trait5","FASTmrMLM","PstI.TP1277242","1","18598884","-0.1124","1.0496","A"
"4","Trait5","FASTmrMLM","PstI.TP207690","1","18619316","3.4759e-05","0.0076","A"
"4","Trait5","FASTmrMLM","PstI.TP1124228","1","18619316","-1.114e-05","0.0024","C"
"4","Trait5","FASTmrMLM","PstI.TP533117","1","18662889","-7.3409e-07","2e-04","G"
"4","Trait5","FASTmrMLM","NsiI.TP227711","1","18774898","-7.3026e-06","0.0016","C"
"4","Trait5","FASTmrMLM","PstI.TP1052160","1","18775996","1.3911e-05","0.003","C"
"4","Trait5","FASTmrMLM","PstI.TP12832","1","18776455","-3.0068e-05","0.0066","A"
"4","Trait5","FASTmrMLM","PstI.TP765167","1","18780449","-9.829e-06","0.0021","A"
"4","Trait5","FASTmrMLM","PstI.TP166501","1","18793961","-7.3922e-06","0.0016","A"
"4","Trait5","FASTmrMLM","PstI.TP164378","1","18794001","-5.0735e-06","0.0011","C"
"4","Trait5","FASTmrMLM","NsiI.TP463409","1","18837893","1.5235e-05","0.0033","A"
"4","Trait5","FASTmrMLM","PstI.TP1049351","1","18838580","-3.8037e-06","8e-04","A"
"4","Trait5","FASTmrMLM","PstI.TP776099","1","18880730","-6.2975e-06","0.0014","A"
"4","Trait5","FASTmrMLM","PstI.TP611399","1","18887226","-7.5391e-06","0.0016","C"
"4","Trait5","FASTmrMLM","NsiI.TP632210","1","18891462","1.7398e-05","0.0038","A"
"4","Trait5","FASTmrMLM","PstI.TP579656","1","18905212","-6.357e-06","0.0014","C"
"4","Trait5","FASTmrMLM","NsiI.TP732577","1","18967273","-3.338e-05","0.0073","A"
"4","Trait5","FASTmrMLM","PstI.TP933002","1","18980084","-1.1192e-05","0.0024","A"
"4","Trait5","FASTmrMLM","NsiI.TP307600","1","19030036","4.2631e-05","0.0094","G"
"4","Trait5","FASTmrMLM","PstI.TP259003","1","19053407","-0.0232","0.2413","C"
"4","Trait5","FASTmrMLM","PstI.TP1140029","1","19067860","-7.4506e-06","0.0016","A"
"4","Trait5","FASTmrMLM","NsiI.TP175150","1","19077723","-1.4313e-05","0.0031","A"
"4","Trait5","FASTmrMLM","PstI.TP844462","1","19077913","-6.1066e-06","0.0013","A"
"4","Trait5","FASTmrMLM","PstI.TP1188252","1","19077945","-2.8218e-05","0.0062","A"
"4","Trait5","FASTmrMLM","NsiI.TP60355","1","19090165","-6.1281e-06","0.0013","C"
"4","Trait5","FASTmrMLM","PstI.TP298371","1","19099334","-1.5728e-05","0.0034","A"
"4","Trait5","FASTmrMLM","NsiI.TP673534","1","19100277","-2.1373e-05","0.0047","A"
"4","Trait5","FASTmrMLM","NsiI.TP356370","1","19100329","-4.186e-05","0.0092","C"
"4","Trait5","FASTmrMLM","PstI.TP458499","1","19100550","-1.1863e-05","0.0026","A"
"4","Trait5","FASTmrMLM","PstI.TP32567","1","19196244","-0.0946","1.131","C"
"4","Trait5","FASTmrMLM","PstI.TP402708","1","19244402","-0.0631","0.5824","A"
"4","Trait5","FASTmrMLM","PstI.TP402677","1","19244412","-0.0907","0.4194","A"
"4","Trait5","FASTmrMLM","PstI.TP216475","1","19256904","-2.8137e-06","6e-04","A"
"4","Trait5","FASTmrMLM","PstI.TP700265","1","19260692","-2.4563e-05","0.0054","A"
"4","Trait5","FASTmrMLM","NsiI.TP112078","1","19306902","-0.0717","0.5859","A"
"4","Trait5","FASTmrMLM","PstI.TP1192096","1","19348919","-1.619e-05","0.0035","A"
"4","Trait5","FASTmrMLM","NsiI.TP705647","1","19516496","-1.1993e-05","0.0026","G"
"4","Trait5","FASTmrMLM","PstI.TP48535","1","19526877","0.0392","0.5196","G"
"4","Trait5","FASTmrMLM","PstI.TP755111","1","19552506","0.1113","0.8342","C"
"4","Trait5","FASTmrMLM","PstI.TP104009","1","19553232","0.1395","1.1692","C"
"4","Trait5","FASTmrMLM","PstI.TP104004","1","19553251","8.7626e-06","0.0019","G"
"4","Trait5","FASTmrMLM","PstI.TP64230","1","19553346","-4.4711e-05","0.0098","C"
"4","Trait5","FASTmrMLM","NsiI.TP764230","1","19561377","-2.2767e-05","0.005","C"
"4","Trait5","FASTmrMLM","NsiI.TP800691","1","19575278","-3.1126e-06","7e-04","A"
"4","Trait5","FASTmrMLM","NsiI.TP113064","1","19596875","-0.0625","0.5496","C"
"4","Trait5","FASTmrMLM","PstI.TP1217279","1","19627447","-0.0183","0.2274","C"
"4","Trait5","FASTmrMLM","PstI.TP579186","1","19637965","-1.2656e-05","0.0028","C"
"4","Trait5","FASTmrMLM","PstI.TP360710","1","19693851","-2.512e-06","5e-04","C"
"4","Trait5","FASTmrMLM","PstI.TP250169","1","19758326","7.2701e-06","0.0016","G"
"4","Trait5","FASTmrMLM","NsiI.TP213305","1","19768755","5.5826e-06","0.0012","A"
"4","Trait5","FASTmrMLM","NsiI.TP131452","1","19869319","-5.4547e-06","0.0012","C"
"4","Trait5","FASTmrMLM","NsiI.TP414865","1","19871236","-3.6782e-05","0.0081","A"
"4","Trait5","FASTmrMLM","PstI.TP689624","1","19885525","1.1516e-05","0.0025","G"
"4","Trait5","FASTmrMLM","NsiI.TP698381","1","19909703","1.8159e-05","0.004","C"
"4","Trait5","FASTmrMLM","PstI.TP894707","1","19943755","-0.056","0.3668","A"
"4","Trait5","FASTmrMLM","PstI.TP574132","1","19943823","0.1472","0.9415","A"
"4","Trait5","FASTmrMLM","PstI.TP52776","1","19980086","1.643e-05","0.0036","A"
"4","Trait5","FASTmrMLM","NsiI.TP576208","1","19994793","0.2746","2.7158","A"
"4","Trait5","FASTmrMLM","PstI.TP598023","1","20000137","1.3713e-05","0.003","G"
"4","Trait5","FASTmrMLM","PstI.TP1110165","1","20001173","0.0971","0.357","A"
"4","Trait5","FASTmrMLM","PstI.TP890955","1","20013544","9.6627e-06","0.0021","A"
"4","Trait5","FASTmrMLM","PstI.TP890977","1","20013575","-2.5115e-05","0.0055","C"
"4","Trait5","FASTmrMLM","PstI.TP169317","1","20049961","0.0556","0.1875","C"
"4","Trait5","FASTmrMLM","PstI.TP976118","1","20051732","1.2423e-05","0.0027","C"
"4","Trait5","FASTmrMLM","PstI.TP933340","1","20057917","-0.0838","0.6693","G"
"4","Trait5","FASTmrMLM","NsiI.TP416977","1","20058002","-2.3109e-05","0.0051","C"
"4","Trait5","FASTmrMLM","PstI.TP1269238","1","20062856","-1.6111e-05","0.0035","A"
"4","Trait5","FASTmrMLM","PstI.TP1162242","1","20076811","0.195","2.3212","A"
"4","Trait5","FASTmrMLM","PstI.TP183711","1","20086049","-0.0466","0.3645","A"
"4","Trait5","FASTmrMLM","PstI.TP721601","1","20117900","1.809e-05","0.004","G"
"4","Trait5","FASTmrMLM","PstI.TP1203204","1","20170473","-2.274e-06","5e-04","A"
"4","Trait5","FASTmrMLM","NsiI.TP211576","1","20196980","3.3085e-05","0.0073","A"
"4","Trait5","FASTmrMLM","PstI.TP581539","1","20198717","-0.0903","0.5089","C"
"4","Trait5","FASTmrMLM","NsiI.TP319812","1","20221389","7.4932e-06","0.0016","C"
"4","Trait5","FASTmrMLM","PstI.TP385421","1","20238710","-3.7921e-08","8.2524e-06","A"
"4","Trait5","FASTmrMLM","NsiI.TP352570","1","20251715","-0.1091","0.3816","C"
"4","Trait5","FASTmrMLM","NsiI.TP440927","1","20252244","1.1078e-05","0.0024","A"
"4","Trait5","FASTmrMLM","PstI.TP119299","1","20256212","-2.5804e-05","0.0057","C"
"4","Trait5","FASTmrMLM","NsiI.TP494369","1","20266459","0.1108","0.7637","C"
"4","Trait5","FASTmrMLM","PstI.TP1221288","1","20300650","2.2912e-05","0.005","A"
"4","Trait5","FASTmrMLM","NsiI.TP418168","1","20328405","-0.0408","0.2043","C"
"4","Trait5","FASTmrMLM","PstI.TP71479","1","20431664","-5.0706e-07","1e-04","A"
"4","Trait5","FASTmrMLM","PstI.TP14098","1","20563933","3.7803e-06","8e-04","C"
"4","Trait5","FASTmrMLM","PstI.TP242889","1","20584686","1e-04","0.0111","A"
"4","Trait5","FASTmrMLM","NsiI.TP51631","1","20587907","3e-04","0.0142","C"
"4","Trait5","FASTmrMLM","NsiI.TP363937","1","20591680","-5.8102e-05","0.0085","C"
"4","Trait5","FASTmrMLM","NsiI.TP186723","1","20683744","2.301e-05","0.005","A"
"4","Trait5","FASTmrMLM","PstI.TP1239144","1","20685889","-1.0442e-05","0.0023","C"
"4","Trait5","FASTmrMLM","PstI.TP861963","1","20685949","0.0571","0.3941","C"
"4","Trait5","FASTmrMLM","PstI.TP861964","1","20685961","0.1352","0.5643","A"
"4","Trait5","FASTmrMLM","NsiI.TP221754","1","20732688","-0.0263","0.2129","C"
"4","Trait5","FASTmrMLM","NsiI.TP396900","1","20733511","-2.0223e-05","0.0044","A"
"4","Trait5","FASTmrMLM","PstI.TP692910","1","20750897","0.1388","1.0783","A"
"4","Trait5","FASTmrMLM","GFSSContig4787_601","1","20799071","0.0379","0.2112","A"
"4","Trait5","FASTmrMLM","PstI.TP187958","1","20807868","0.023","0.1891","A"
"4","Trait5","FASTmrMLM","GFSSContig19471_685","1","20815453","0.0981","0.4267","C"
"4","Trait5","FASTmrMLM","PstI.TP449104","1","20843899","-8.8019e-06","0.0019","A"
"4","Trait5","FASTmrMLM","NsiI.TP665420","1","20878178","-0.1323","0.7194","C"
"4","Trait5","FASTmrMLM","NsiI.TP502602","1","20932230","-8.815e-06","0.0019","A"
"4","Trait5","FASTmrMLM","PstI.TP775660","1","20966649","-0.1199","0.6516","A"
"4","Trait5","FASTmrMLM","PstI.TP980727","1","20986814","1.4113e-05","0.0031","A"
"4","Trait5","FASTmrMLM","PstI.TP751380","1","21009178","1.0402e-05","0.0023","A"
"4","Trait5","FASTmrMLM","NsiI.TP616011","1","21042200","-2.7166e-05","0.006","A"
"4","Trait5","FASTmrMLM","NsiI.TP608895","1","21123105","-3.1559e-05","0.0058","C"
"4","Trait5","FASTmrMLM","NsiI.TP562524","1","21213159","0.0184","0.2128","A"
"4","Trait5","FASTmrMLM","PstI.TP851166","1","21305923","-5.367e-06","0.0012","C"
"4","Trait5","FASTmrMLM","PstI.TP791712","1","21320307","-0.1109","0.7656","C"
"4","Trait5","FASTmrMLM","NsiI.TP116456","1","21339197","-2.8722e-05","0.0063","G"
"4","Trait5","FASTmrMLM","NsiI.TP181017","1","21440904","1.3367e-05","0.0029","C"
"4","Trait5","FASTmrMLM","PstI.TP269661","1","21444393","2.8959e-05","0.0063","C"
"4","Trait5","FASTmrMLM","PstI.TP804333","1","21450705","3.3951e-05","0.0075","C"
"4","Trait5","FASTmrMLM","PstI.TP82406","1","21456943","-1.5917e-05","0.0035","A"
"4","Trait5","FASTmrMLM","NsiI.TP813345","1","21499318","-2.1311e-05","0.0047","C"
"4","Trait5","FASTmrMLM","PstI.TP265375","1","21509659","-2.7049e-05","0.0059","A"
"4","Trait5","FASTmrMLM","NsiI.TP291566","1","21510033","-1.4777e-06","3e-04","A"
"4","Trait5","FASTmrMLM","NsiI.TP41463","1","21517429","3.5888e-05","0.0079","C"
"4","Trait5","FASTmrMLM","PstI.TP31180","1","21521967","0.1296","0.6873","A"
"4","Trait5","FASTmrMLM","PstI.TP246926","1","21526787","-0.0665","0.7277","C"
"4","Trait5","FASTmrMLM","PstI.TP265643","1","21534801","0.0682","0.3067","A"
"4","Trait5","FASTmrMLM","PstI.TP733780","1","21534851","-7.5428e-06","0.0016","A"
"4","Trait5","FASTmrMLM","PstI.TP31166","1","21535414","6.7048e-06","0.0015","A"
"4","Trait5","FASTmrMLM","PstI.TP730593","1","21558474","-0.0876","0.4587","A"
"4","Trait5","FASTmrMLM","NsiI.TP495000","1","21577084","-6.6317e-06","0.0014","A"
"4","Trait5","FASTmrMLM","PstI.TP976681","1","21596763","2.7314e-05","0.006","A"
"4","Trait5","FASTmrMLM","NsiI.TP509885","1","21597481","2.5854e-05","0.0057","A"
"4","Trait5","FASTmrMLM","NsiI.TP331606","1","21598230","3.5498e-06","8e-04","A"
"4","Trait5","FASTmrMLM","PstI.TP1222913","1","21606888","-2.6393e-05","0.0058","C"
"4","Trait5","FASTmrMLM","PstI.TP343978","1","21606944","-1.373e-06","3e-04","G"
"4","Trait5","FASTmrMLM","NsiI.TP717159","1","21610202","-0.0722","0.3431","G"
"4","Trait5","FASTmrMLM","NsiI.TP171370","1","21618374","-0.2483","2.2017","A"
"4","Trait5","FASTmrMLM","PstI.TP198890","1","21626192","1.3013e-06","3e-04","A"
"4","Trait5","FASTmrMLM","NsiI.TP621849","1","21679396","0.1779","1.0509","C"
"4","Trait5","FASTmrMLM","PstI.TP17760","1","21692123","1.3044e-05","0.0028","A"
"4","Trait5","FASTmrMLM","NsiI.TP758628","1","21736568","-1.6286e-06","4e-04","A"
"4","Trait5","FASTmrMLM","NsiI.TP626225","1","21785011","-1.4201e-05","0.0031","C"
"4","Trait5","FASTmrMLM","NsiI.TP834121","1","21845560","0.2778","1.4965","A"
"4","Trait5","FASTmrMLM","NsiI.TP698023","1","21880339","-1.7765e-05","0.0039","C"
"4","Trait5","FASTmrMLM","PstI.TP1074331","1","21885836","-4.7703e-06","0.001","A"
"4","Trait5","FASTmrMLM","PstI.TP119530","1","21888490","-3.5177e-05","0.0077","C"
"4","Trait5","FASTmrMLM","NsiI.TP124898","1","21921051","-0.4439","2.1911","C"
"4","Trait5","FASTmrMLM","NsiI.TP403194","1","21945850","8.5574e-06","0.0019","A"
"4","Trait5","FASTmrMLM","PstI.TP1254328","1","22098030","-0.045","0.6248","C"
"4","Trait5","FASTmrMLM","PstI.TP1254352","1","22098030","0.0953","0.7724","C"
"4","Trait5","FASTmrMLM","PstI.TP1254439","1","22098030","-2.4088e-05","0.0053","C"
"4","Trait5","FASTmrMLM","PstI.TP475168","1","22162401","4.4396e-05","0.0098","C"
"4","Trait5","FASTmrMLM","PstI.TP667763","1","22192603","4.4402e-06","0.001","A"
"4","Trait5","FASTmrMLM","NsiI.TP161413","1","22222480","-9.1597e-06","0.002","C"
"4","Trait5","FASTmrMLM","PstI.TP998401","1","22233896","0.0332","0.2835","A"
"4","Trait5","FASTmrMLM","PstI.TP493844","1","22248452","0.2508","1.0732","G"
"4","Trait5","FASTmrMLM","PstI.TP761935","1","22258955","0.0403","0.2973","A"
"4","Trait5","FASTmrMLM","PstI.TP90605","1","22269286","1.5304e-05","0.0033","A"
"4","Trait5","FASTmrMLM","NsiI.TP760512","1","22274928","1.4415e-05","0.0031","C"
"4","Trait5","FASTmrMLM","PstI.TP543648","1","22275588","-0.1399","0.9881","C"
"4","Trait5","FASTmrMLM","PstI.TP686526","1","22331623","-1.217e-05","0.0027","C"
"4","Trait5","FASTmrMLM","NsiI.TP736014","1","22331623","0.0474","0.3714","A"
"4","Trait5","FASTmrMLM","PstI.TP686527","1","22331630","0.055","0.5099","A"
"4","Trait5","FASTmrMLM","PstI.TP1123560","1","22335081","-6.8425e-06","0.0015","C"
"4","Trait5","FASTmrMLM","NsiI.TP304101","1","22335385","1.2523e-05","0.0027","C"
"4","Trait5","FASTmrMLM","NsiI.TP408788","1","22357510","3.2932e-06","7e-04","A"
"4","Trait5","FASTmrMLM","NsiI.TP442728","1","22435882","1.5082e-05","0.0033","G"
"4","Trait5","FASTmrMLM","NsiI.TP62704","1","22461830","3.6856e-07","8.0217e-05","C"
"4","Trait5","FASTmrMLM","NsiI.TP62703","1","22461871","-5.241e-06","0.0011","A"
"4","Trait5","FASTmrMLM","PstI.TP20840","1","22571279","1.2415e-05","0.0027","A"
"4","Trait5","FASTmrMLM","PstI.TP884268","1","22671173","-8.8963e-06","0.0019","C"
"4","Trait5","FASTmrMLM","NsiI.TP179553","1","22681787","0.2509","0.7092","C"
"4","Trait5","FASTmrMLM","NsiI.TP212379","1","22730922","4.1418e-06","9e-04","C"
"4","Trait5","FASTmrMLM","NsiI.TP503471","1","22798219","-0.2311","1.3077","C"
"4","Trait5","FASTmrMLM","NsiI.TP246767","1","22815883","-3.5049e-06","8e-04","A"
"4","Trait5","FASTmrMLM","PstI.TP1154991","1","22969451","-0.3041","1.7035","C"
"4","Trait5","FASTmrMLM","PstI.TP1040925","1","23057306","-0.0328","0.3535","G"
"4","Trait5","FASTmrMLM","PstI.TP726810","1","23057395","-4.7361e-05","0.0104","A"
"4","Trait5","FASTmrMLM","PstI.TP1133775","1","23057893","3.6615e-06","8e-04","C"
"4","Trait5","FASTmrMLM","PstI.TP1133741","1","23057929","-1.942e-05","0.0042","A"
"4","Trait5","FASTmrMLM","PstI.TP663223","1","23095352","0.136","1.0275","A"
"4","Trait5","FASTmrMLM","PstI.TP876768","1","23246197","-2.273e-05","0.005","G"
"4","Trait5","FASTmrMLM","PstI.TP1020277","1","23246220","0.2358","1.0625","C"
"4","Trait5","FASTmrMLM","PstI.TP1106448","1","23276548","-2.229e-05","0.0049","A"
"4","Trait5","FASTmrMLM","NsiI.TP376615","1","23369581","4.9103e-06","0.0011","G"
"4","Trait5","FASTmrMLM","PstI.TP413554","1","23370056","-1.433e-05","0.0031","A"
"4","Trait5","FASTmrMLM","NsiI.TP831456","1","23512118","0.1091","0.3739","C"
"4","Trait5","FASTmrMLM","PstI.TP1114341","1","23513036","-2.0484e-05","0.0045","A"
"4","Trait5","FASTmrMLM","NsiI.TP521439","1","23513091","-6.2198e-06","0.0014","A"
"4","Trait5","FASTmrMLM","PstI.TP1144827","1","23543304","-2.8255e-06","6e-04","C"
"4","Trait5","FASTmrMLM","PstI.TP420365","1","23556111","-0.1406","1.3832","A"
"4","Trait5","FASTmrMLM","NsiI.TP674958","1","23556185","-1.274e-05","0.0028","G"
"4","Trait5","FASTmrMLM","PstI.TP13739","1","23745287","-3.5131e-06","8e-04","A"
"4","Trait5","FASTmrMLM","PstI.TP13231","1","23745299","-6.4878e-06","0.0014","A"
"4","Trait5","FASTmrMLM","PstI.TP484228","1","23745334","1.9311e-05","0.0042","C"
"4","Trait5","FASTmrMLM","PstI.TP1256502","1","23777666","8.1562e-06","0.0018","A"
"4","Trait5","FASTmrMLM","NsiI.TP814348","1","23854028","-0.0327","0.4448","A"
"4","Trait5","FASTmrMLM","PstI.TP871493","1","23884762","0.0891","0.6324","A"
"4","Trait5","FASTmrMLM","PstI.TP202565","1","23912623","0.0245","0.2666","A"
"4","Trait5","FASTmrMLM","PstI.TP985212","1","23912680","-1.505e-05","0.0033","C"
"4","Trait5","FASTmrMLM","PstI.TP696637","1","23943590","-1.0481e-05","0.0023","G"
"4","Trait5","FASTmrMLM","NsiI.TP323761","1","23959003","-0.0806","0.6522","A"
"4","Trait5","FASTmrMLM","GFSSContig17336_1550","1","23965526","-6.5603e-06","0.0014","T"
"4","Trait5","FASTmrMLM","PstI.TP884909","1","23972025","7.0814e-06","0.0015","C"
"4","Trait5","FASTmrMLM","NsiI.TP428122","1","24190942","3.0023e-05","0.0066","C"
"4","Trait5","FASTmrMLM","NsiI.TP242000","1","24212453","-1.7278e-05","0.0038","A"
"4","Trait5","FASTmrMLM","NsiI.TP539662","1","24405622","-0.0208","0.3039","C"
"4","Trait5","FASTmrMLM","PstI.TP418337","1","24431944","-1.66e-05","0.0036","C"
"4","Trait5","FASTmrMLM","PstI.TP418335","1","24431953","0.0568","0.4308","G"
"4","Trait5","FASTmrMLM","NsiI.TP248674","1","24465369","8.5971e-06","0.0019","C"
"4","Trait5","FASTmrMLM","NsiI.TP628006","1","24471377","-6.1594e-06","0.0013","C"
"4","Trait5","FASTmrMLM","NsiI.TP643413","1","24476052","9.6996e-06","0.0021","C"
"4","Trait5","FASTmrMLM","NsiI.TP812619","1","24481015","0.0275","0.1634","A"
"4","Trait5","FASTmrMLM","NsiI.TP681323","1","24522622","0.0466","0.3098","C"
"4","Trait5","FASTmrMLM","PstI.TP700409","1","24589061","2e-04","0.0131","A"
"4","Trait5","FASTmrMLM","PstI.TP283898","1","24589128","-5.9043e-06","0.0013","A"
"4","Trait5","FASTmrMLM","PstI.TP789478","1","24608035","-0.0191","0.2497","A"
"4","Trait5","FASTmrMLM","PstI.TP1051892","1","24680518","0.1329","0.588","C"
"4","Trait5","FASTmrMLM","NsiI.TP354424","1","24696627","0.0725","0.6204","G"
"4","Trait5","FASTmrMLM","PstI.TP136711","1","24697339","-3.9497e-05","0.0087","A"
"4","Trait5","FASTmrMLM","PstI.TP477936","1","24765218","-7.4505e-06","0.0016","C"
"4","Trait5","FASTmrMLM","NsiI.TP614612","1","24771257","0.1284","1.4909","C"
"4","Trait5","FASTmrMLM","PstI.TP1165429","1","24780813","0.0088","0.1423","C"
"4","Trait5","FASTmrMLM","NsiI.TP636354","1","24793038","-2.6601e-05","0.0058","A"
"4","Trait5","FASTmrMLM","NsiI.TP792909","1","24793039","8.9074e-06","0.0019","A"
"4","Trait5","FASTmrMLM","NsiI.TP754954","1","24793080","5.2132e-05","0.0074","A"
"4","Trait5","FASTmrMLM","NsiI.TP792915","1","24793083","-1.4294e-06","3e-04","A"
"4","Trait5","FASTmrMLM","PstI.TP583992","1","24802048","-7.0649e-05","0.0074","C"
"4","Trait5","FASTmrMLM","PstI.TP889430","1","24803164","3.0068e-05","0.0066","A"
"4","Trait5","FASTmrMLM","PstI.TP1092153","1","24809634","2.4907e-05","0.0055","C"
"4","Trait5","FASTmrMLM","NsiI.TP615699","1","24833300","1.1175e-05","0.0024","C"
"4","Trait5","FASTmrMLM","PstI.TP197351","1","24876065","-2.0899e-05","0.0046","C"
"4","Trait5","FASTmrMLM","NsiI.TP269540","1","24901828","1.1906e-05","0.0026","A"
"4","Trait5","FASTmrMLM","NsiI.TP633763","1","25034365","0.0449","0.4156","C"
"4","Trait5","FASTmrMLM","PstI.TP510443","1","25088662","5.3113e-05","0.0079","G"
"4","Trait5","FASTmrMLM","PstI.TP183213","1","25117469","-1.99e-05","0.0044","C"
"4","Trait5","FASTmrMLM","PstI.TP98839","1","25165051","4e-04","0.0181","C"
"4","Trait5","FASTmrMLM","NsiI.TP442212","1","25199008","7.6109e-07","2e-04","A"
"4","Trait5","FASTmrMLM","PstI.TP53225","1","25200640","-1.3793e-05","0.003","G"
"4","Trait5","FASTmrMLM","PstI.TP713933","1","25304804","1.5115e-05","0.0033","A"
"4","Trait5","FASTmrMLM","PstI.TP412574","1","25335508","0.2011","1.2331","A"
"4","Trait5","FASTmrMLM","PstI.TP175730","1","25373881","-2.4204e-05","0.0053","C"
"4","Trait5","FASTmrMLM","PstI.TP455507","1","25454965","0.024","0.1973","A"
"4","Trait5","FASTmrMLM","PstI.TP938342","1","25465702","4.0169e-06","9e-04","A"
"4","Trait5","FASTmrMLM","PstI.TP543090","1","25480362","-1.1678e-05","0.0025","A"
"4","Trait5","FASTmrMLM","NsiI.TP440783","1","25487685","5.2481e-06","0.0011","A"
"4","Trait5","FASTmrMLM","GFSSContig14236_783","1","25490866","-1.5402e-05","0.0034","C"
"4","Trait5","FASTmrMLM","PstI.TP370290","1","25497963","-7.3742e-06","0.0016","C"
"4","Trait5","FASTmrMLM","PstI.TP796726","1","25509474","0.0193","0.211","C"
"4","Trait5","FASTmrMLM","NsiI.TP442344","1","25523877","-1.4205e-05","0.0031","C"
"4","Trait5","FASTmrMLM","PstI.TP592887","1","25527443","5.4216e-07","1e-04","C"
"4","Trait5","FASTmrMLM","NsiI.TP388888","1","25587993","3.0156e-05","0.0066","A"
"4","Trait5","FASTmrMLM","NsiI.TP446582","1","25591237","-7.1494e-07","2e-04","A"
"4","Trait5","FASTmrMLM","PstI.TP89975","1","25592124","1.5648e-05","0.0034","A"
"4","Trait5","FASTmrMLM","NsiI.TP481995","1","25592128","1.8185e-06","4e-04","G"
"4","Trait5","FASTmrMLM","NsiI.TP572024","1","25817159","5.8256e-06","0.0013","G"
"4","Trait5","FASTmrMLM","PstI.TP942802","1","26010567","-2.1063e-05","0.0046","G"
"4","Trait5","FASTmrMLM","PstI.TP47054","1","26095269","0.0741","0.5471","A"
"4","Trait5","FASTmrMLM","PstI.TP1115586","1","26270446","0.028","0.2067","A"
"4","Trait5","FASTmrMLM","NsiI.TP356169","1","26312357","0.0568","0.3924","C"
"4","Trait5","FASTmrMLM","PstI.TP1239196","1","26316791","8.25e-06","0.0018","A"
"4","Trait5","FASTmrMLM","NsiI.TP794858","1","26320711","0.126","0.8632","A"
"4","Trait5","FASTmrMLM","PstI.TP1063835","1","26479377","1.5801e-06","3e-04","A"
"4","Trait5","FASTmrMLM","NsiI.TP285879","1","26479498","-0.0772","1.0979","A"
"4","Trait5","FASTmrMLM","NsiI.TP704474","1","26519309","1.2743e-05","0.0028","A"
"4","Trait5","FASTmrMLM","NsiI.TP704475","1","26519314","0.0468","0.4654","G"
"4","Trait5","FASTmrMLM","GFSSContig7729_683","1","26554524","1.1157e-05","0.0024","T"
"4","Trait5","FASTmrMLM","PstI.TP905794","1","26554618","-1.0211e-05","0.0022","C"
"4","Trait5","FASTmrMLM","NsiI.TP716491","1","26782151","-4.9554e-06","0.0011","C"
"4","Trait5","FASTmrMLM","NsiI.TP424885","1","26846480","0.2203","0.7194","A"
"4","Trait5","FASTmrMLM","PstI.TP21552","1","26847368","-0.2369","0.8467","A"
"4","Trait5","FASTmrMLM","PstI.TP757921","1","26848011","0.0638","0.7666","A"
"4","Trait5","FASTmrMLM","PstI.TP1217912","1","26851894","1.0827e-05","0.0024","C"
"4","Trait5","FASTmrMLM","PstI.TP1235653","1","26856510","-7.2243e-06","0.0016","A"
"4","Trait5","FASTmrMLM","NsiI.TP378252","1","26880821","0.0713","0.8322","A"
"4","Trait5","FASTmrMLM","PstI.TP400020","1","26901825","1.2302e-05","0.0027","A"
"4","Trait5","FASTmrMLM","PstI.TP19694","1","26927564","-0.1081","1.2403","A"
"4","Trait5","FASTmrMLM","PstI.TP402314","1","26932166","-0.1285","0.8871","G"
"4","Trait5","FASTmrMLM","PstI.TP400818","1","26932208","0.0651","0.8242","A"
"4","Trait5","FASTmrMLM","PstI.TP320357","1","26934148","-0.1341","0.8144","A"
"4","Trait5","FASTmrMLM","NsiI.TP344815","1","27077303","0.059","0.4517","A"
"4","Trait5","FASTmrMLM","PstI.TP118116","1","27080557","1.7388e-05","0.0038","C"
"4","Trait5","FASTmrMLM","PstI.TP483670","1","27130763","1.7552e-05","0.0038","A"
"4","Trait5","FASTmrMLM","PstI.TP709296","1","27152329","-0.1738","0.9869","C"
"4","Trait5","FASTmrMLM","PstI.TP288641","1","27158173","6.4681e-05","0.0086","A"
"4","Trait5","FASTmrMLM","PstI.TP364380","1","27181483","1.3316e-05","0.0029","A"
"4","Trait5","FASTmrMLM","PstI.TP52665","1","27201505","4.2524e-05","0.0094","A"
"4","Trait5","FASTmrMLM","NsiI.TP161949","1","27353507","2.0501e-05","0.0045","C"
"4","Trait5","FASTmrMLM","NsiI.TP631800","1","27359405","-7.7933e-06","0.0017","A"
"4","Trait5","FASTmrMLM","NsiI.TP682778","1","27363743","-2.8366e-05","0.0062","C"
"4","Trait5","FASTmrMLM","NsiI.TP233987","1","27364229","2.771e-05","0.0061","A"
"4","Trait5","FASTmrMLM","NsiI.TP622806","1","27365125","3.9466e-05","0.0087","C"
"4","Trait5","FASTmrMLM","PstI.TP635703","1","27368323","-7.0785e-06","0.0015","A"
"4","Trait5","FASTmrMLM","PstI.TP1227908","1","27374280","0.0909","0.6776","C"
"4","Trait5","FASTmrMLM","NsiI.TP22822","1","27423923","1.4779e-05","0.0032","C"
"4","Trait5","FASTmrMLM","PstI.TP308752","1","27449641","0.1063","0.8892","G"
"4","Trait5","FASTmrMLM","PstI.TP626212","1","27543084","2.7043e-05","0.0059","C"
"4","Trait5","FASTmrMLM","PstI.TP393655","1","27733652","1.1909e-05","0.0026","G"
"4","Trait5","FASTmrMLM","NsiI.TP701632","1","27877395","0.0464","0.3566","A"
"4","Trait5","FASTmrMLM","PstI.TP830920","1","27988897","0.1846","0.6627","C"
"4","Trait5","FASTmrMLM","NsiI.TP303366","1","28076885","3.8955e-05","0.0086","A"
"4","Trait5","FASTmrMLM","PstI.TP128835","1","28077998","-5.5892e-06","0.0012","C"
"4","Trait5","FASTmrMLM","NsiI.TP303265","1","28198704","0.0363","0.2326","A"
"4","Trait5","FASTmrMLM","PstI.TP176880","1","28241729","1.5868e-05","0.0035","A"
"4","Trait5","FASTmrMLM","NsiI.TP787288","1","28276912","-1.7839e-05","0.0039","A"
"4","Trait5","FASTmrMLM","NsiI.TP792352","1","28276916","3.7066e-06","8e-04","A"
"4","Trait5","FASTmrMLM","NsiI.TP788658","1","28276918","2.5378e-05","0.0056","A"
"4","Trait5","FASTmrMLM","NsiI.TP789014","1","28276920","1e-04","0.0101","A"
"4","Trait5","FASTmrMLM","NsiI.TP788860","1","28276960","1.0433e-05","0.0023","G"
"4","Trait5","FASTmrMLM","NsiI.TP113555","1","28448779","-3e-04","0.0157","A"
"4","Trait5","FASTmrMLM","NsiI.TP499188","1","28678132","-6.1126e-06","0.0013","A"
"4","Trait5","FASTmrMLM","PstI.TP376790","1","28681754","5.5704e-06","0.0012","C"
"4","Trait5","FASTmrMLM","PstI.TP896979","1","28970255","-2.0776e-06","5e-04","G"
"4","Trait5","FASTmrMLM","NsiI.TP117794","1","29000859","-2.0747e-05","0.0045","C"
"4","Trait5","FASTmrMLM","PstI.TP45802","1","29365878","0.2252","1.6743","A"
"4","Trait5","FASTmrMLM","PstI.TP736666","1","29404566","-2.1394e-05","0.0047","A"
"4","Trait5","FASTmrMLM","NsiI.TP425431","1","29611471","0.0203","0.284","A"
"4","Trait5","FASTmrMLM","PstI.TP835294","1","29611742","0.0739","0.5685","C"
"4","Trait5","FASTmrMLM","NsiI.TP633588","1","29778455","1.1627e-06","3e-04","A"
"4","Trait5","FASTmrMLM","NsiI.TP39290","1","30218094","3.0623e-05","0.0067","A"
"4","Trait5","FASTmrMLM","NsiI.TP177297","1","30377847","1.0806e-05","0.0024","A"
"4","Trait5","FASTmrMLM","PstI.TP150197","1","30650620","-2.0462e-05","0.0045","G"
"4","Trait5","FASTmrMLM","PstI.TP58145","1","30654828","1.9512e-05","0.0043","C"
"4","Trait5","FASTmrMLM","PstI.TP31070","1","30825121","-1.1192e-05","0.0024","C"
"4","Trait5","FASTmrMLM","NsiI.TP61845","1","30836654","-1.7451e-05","0.0038","C"
"4","Trait5","FASTmrMLM","PstI.TP1132123","1","31011863","-1.0195e-05","0.0022","C"
"4","Trait5","FASTmrMLM","NsiI.TP420617","1","31035254","-6.1441e-07","1e-04","G"
"4","Trait5","FASTmrMLM","PstI.TP510044","1","31327463","2.8329e-05","0.0062","C"
"4","Trait5","FASTmrMLM","PstI.TP1161943","1","31327654","6.8571e-06","0.0015","G"
"4","Trait5","FASTmrMLM","PstI.TP277079","1","31345380","4.4897e-06","0.001","A"
"4","Trait5","FASTmrMLM","PstI.TP552564","1","31345670","0.1748","0.548","C"
"4","Trait5","FASTmrMLM","NsiI.TP394009","1","33797640","8.0201e-06","0.0017","A"
"4","Trait5","FASTmrMLM","PstI.TP711666","1","34470259","0.0875","0.6003","C"
"4","Trait5","FASTmrMLM","PstI.TP447726","1","34500570","-2.7201e-05","0.006","A"
"4","Trait5","FASTmrMLM","NsiI.TP142936","1","35940462","-3.1017e-05","0.0068","C"
"4","Trait5","FASTmrMLM","PstI.TP1159015","1","36160534","1.5719e-05","0.0034","C"
"4","Trait5","FASTmrMLM","NsiI.TP375233","1","37427919","-3.6086e-05","0.0079","A"
"4","Trait5","FASTmrMLM","NsiI.TP725781","1","37725091","8.3103e-06","0.0018","C"
"4","Trait5","FASTmrMLM","PstI.TP20869","1","39514067","-0.0694","0.8596","A"
"4","Trait5","FASTmrMLM","NsiI.TP305483","1","39984940","-0.6226","3.827","G"
"4","Trait5","FASTmrMLM","NsiI.TP678897","1","45967425","-2.447e-06","5e-04","C"
"4","Trait5","FASTmrMLM","NsiI.TP217547","1","45967901","2.6745e-06","6e-04","A"
"4","Trait5","FASTmrMLM","NsiI.TP414962","1","46184765","1.0944e-05","0.0024","C"
"4","Trait5","FASTmrMLM","PstI.TP231608","1","46403489","2.3862e-05","0.0052","A"
"4","Trait5","FASTmrMLM","PstI.TP1213378","1","46786394","1.0615e-05","0.0023","C"
"4","Trait5","FASTmrMLM","PstI.TP925101","1","47183326","4.2415e-06","9e-04","C"
"4","Trait5","FASTmrMLM","PstI.TP850652","1","49250616","2.5305e-06","6e-04","C"
"4","Trait5","FASTmrMLM","NsiI.TP601373","1","49722390","-4.071e-05","0.009","C"
"4","Trait5","FASTmrMLM","PstI.TP286748","1","49731278","-2.5086e-06","5e-04","A"
"4","Trait5","FASTmrMLM","NsiI.TP783625","1","49738878","-2.358e-05","0.0052","C"
"4","Trait5","FASTmrMLM","PstI.TP261824","1","50142562","3.8927e-05","0.0051","A"
"4","Trait5","FASTmrMLM","PstI.TP1189297","1","50142670","0.1056","0.7152","A"
"4","Trait5","FASTmrMLM","PstI.TP1162168","1","50144561","-0.0547","0.4191","A"
"4","Trait5","FASTmrMLM","NsiI.TP410418","1","50177681","2.0745e-05","0.0045","A"
"4","Trait5","FASTmrMLM","PstI.TP122157","1","50223254","-1.1741e-05","0.0026","A"
"4","Trait5","FASTmrMLM","PstI.TP757744","1","50223956","4.3811e-06","0.001","G"
"4","Trait5","FASTmrMLM","PstI.TP109752","1","50256891","1.4325e-05","0.0031","A"
"4","Trait5","FASTmrMLM","NsiI.TP95070","1","50298058","-4.4037e-05","0.0072","A"
"4","Trait5","FASTmrMLM","NsiI.TP594451","1","50298081","2.3484e-06","5e-04","A"
"4","Trait5","FASTmrMLM","NsiI.TP443000","1","50535023","-9.0594e-06","0.002","C"
"4","Trait5","FASTmrMLM","PstI.TP1196177","1","50596952","3.062e-06","7e-04","A"
"4","Trait5","FASTmrMLM","PstI.TP15026","1","50852743","0.0166","0.1666","A"
"4","Trait5","FASTmrMLM","PstI.TP15027","1","50852753","-1.9299e-05","0.0042","C"
"4","Trait5","FASTmrMLM","NsiI.TP558322","1","50863891","1.9298e-06","4e-04","C"
"4","Trait5","FASTmrMLM","NsiI.TP717647","1","50889702","1.3862e-05","0.003","A"
"4","Trait5","FASTmrMLM","NsiI.TP489333","1","50910297","-0.0865","0.4164","C"
"4","Trait5","FASTmrMLM","NsiI.TP438157","1","51067369","1.0746e-06","2e-04","A"
"4","Trait5","FASTmrMLM","PstI.TP1150172","1","51067431","-1.0983e-05","0.0024","A"
"4","Trait5","FASTmrMLM","PstI.TP473185","1","51128441","2.3268e-05","0.0051","A"
"4","Trait5","FASTmrMLM","NsiI.TP30868","1","51136397","1.4293e-05","0.0031","G"
"4","Trait5","FASTmrMLM","PstI.TP387658","1","51186931","0.1654","0.9273","C"
"4","Trait5","FASTmrMLM","NsiI.TP523435","1","51273694","0.088","0.7282","G"
"4","Trait5","FASTmrMLM","NsiI.TP386556","1","51589796","-2.9492e-05","0.0065","A"
"4","Trait5","FASTmrMLM","PstI.TP707940","1","51590033","-2.5879e-05","0.0057","C"
"4","Trait5","FASTmrMLM","PstI.TP738167","1","51590112","-1.0281e-05","0.0022","A"
"4","Trait5","FASTmrMLM","NsiI.TP436040","1","51631285","0.1244","0.777","C"
"4","Trait5","FASTmrMLM","NsiI.TP659107","1","51888662","-8.5157e-06","0.0019","C"
"4","Trait5","FASTmrMLM","PstI.TP1138376","1","51888724","-4.5873e-06","0.001","A"
"4","Trait5","FASTmrMLM","PstI.TP616894","1","51889049","-3.1587e-05","0.0069","C"
"4","Trait5","FASTmrMLM","PstI.TP481755","1","51889649","-1.7242e-05","0.0038","G"
"4","Trait5","FASTmrMLM","NsiI.TP36031","1","51889699","-2.1721e-05","0.0048","C"
"4","Trait5","FASTmrMLM","NsiI.TP325274","1","52033692","-0.2248","1.2958","G"
"4","Trait5","FASTmrMLM","PstI.TP195721","1","52255702","3.1491e-05","0.0069","C"
"4","Trait5","FASTmrMLM","PstI.TP237512","1","52255782","3.0345e-05","0.0067","A"
"4","Trait5","FASTmrMLM","NsiI.TP1182","1","52274424","-0.0797","0.4152","C"
"4","Trait5","FASTmrMLM","NsiI.TP493667","1","52329021","1.1095e-05","0.0024","C"
"4","Trait5","FASTmrMLM","NsiI.TP350556","1","52759595","4.9085e-06","0.0011","C"
"4","Trait5","FASTmrMLM","NsiI.TP215254","1","52805646","6.6005e-06","0.0014","C"
"4","Trait5","FASTmrMLM","PstI.TP452799","1","52828554","1.1777e-06","3e-04","A"
"4","Trait5","FASTmrMLM","NsiI.TP754725","1","52870061","-1.6597e-06","4e-04","A"
"4","Trait5","FASTmrMLM","PstI.TP434972","1","52873107","-0.1521","0.757","G"
"4","Trait5","FASTmrMLM","NsiI.TP672641","1","52874403","-2.2999e-06","5e-04","C"
"4","Trait5","FASTmrMLM","NsiI.TP672765","1","52874420","0.079","0.7657","A"
"4","Trait5","FASTmrMLM","PstI.TP1041358","1","52903806","1.1001e-05","0.0024","G"
"4","Trait5","FASTmrMLM","NsiI.TP124457","1","52929191","-5.8471e-06","0.0013","C"
"4","Trait5","FASTmrMLM","NsiI.TP779723","1","53110208","-3.648e-06","8e-04","C"
"4","Trait5","FASTmrMLM","PstI.TP1134497","1","53143016","3.7592e-05","0.0083","C"
"4","Trait5","FASTmrMLM","PstI.TP506147","1","53144699","1.6802e-05","0.0037","C"
"4","Trait5","FASTmrMLM","PstI.TP923960","1","53144705","-1.6793e-05","0.0037","C"
"4","Trait5","FASTmrMLM","NsiI.TP67753","1","53203995","-5.7718e-07","1e-04","A"
"4","Trait5","FASTmrMLM","PstI.TP132834","1","53395351","-3.6772e-07","8.0042e-05","A"
"4","Trait5","FASTmrMLM","PstI.TP920319","1","53454385","1.8926e-05","0.0041","G"
"4","Trait5","FASTmrMLM","NsiI.TP715565","1","53455190","0.147","1.1266","A"
"4","Trait5","FASTmrMLM","PstI.TP643290","1","53455562","0.0814","0.6996","A"
"4","Trait5","FASTmrMLM","PstI.TP692806","1","53793051","-1.801e-05","0.0039","A"
"4","Trait5","FASTmrMLM","GFSSContig19568_1644","1","53884459","8.0597e-06","0.0018","T"
"4","Trait5","FASTmrMLM","PstI.TP486350","1","53986066","-5.6211e-07","1e-04","C"
"4","Trait5","FASTmrMLM","PstI.TP486349","1","53986102","1.4851e-05","0.0032","C"
"4","Trait5","FASTmrMLM","NsiI.TP336194","1","54025268","-0.0619","0.362","A"
"4","Trait5","FASTmrMLM","PstI.TP378778","1","54121051","2.2507e-06","5e-04","G"
"4","Trait5","FASTmrMLM","NsiI.TP177228","1","54134389","-1.6958e-05","0.0037","A"
"4","Trait5","FASTmrMLM","NsiI.TP157484","1","54192727","8.2379e-06","0.0018","C"
"4","Trait5","FASTmrMLM","PstI.TP618473","1","54300788","4.7954e-06","0.001","C"
"4","Trait5","FASTmrMLM","NsiI.TP22558","1","54384283","1.4982e-05","0.0033","C"
"4","Trait5","FASTmrMLM","NsiI.TP650193","1","54384290","0.0431","0.2222","A"
"4","Trait5","FASTmrMLM","NsiI.TP519581","1","54384302","1.2572e-05","0.0027","A"
"4","Trait5","FASTmrMLM","NsiI.TP22553","1","54384316","-2.0198e-05","0.0044","C"
"4","Trait5","FASTmrMLM","NsiI.TP586800","1","54384326","-1.7014e-05","0.0037","C"
"4","Trait5","FASTmrMLM","PstI.TP1274651","1","54391000","3.1229e-05","0.0069","G"
"4","Trait5","FASTmrMLM","NsiI.TP625965","1","54631020","4.6267e-05","0.0102","G"
"4","Trait5","FASTmrMLM","PstI.TP506173","1","54722183","1.307e-05","0.0029","C"
"4","Trait5","FASTmrMLM","NsiI.TP619862","1","54736785","0.1329","1.7095","C"
"4","Trait5","FASTmrMLM","NsiI.TP120966","1","54752370","-1.2629e-06","3e-04","A"
"4","Trait5","FASTmrMLM","NsiI.TP160863","1","54752388","2.6358e-05","0.0058","C"
"4","Trait5","FASTmrMLM","PstI.TP665440","1","54999158","0.0874","0.8864","A"
"4","Trait5","FASTmrMLM","PstI.TP665437","1","54999161","-1e-04","0.0085","C"
"4","Trait5","FASTmrMLM","PstI.TP744195","1","54999176","-0.0748","0.4795","C"
"4","Trait5","FASTmrMLM","PstI.TP1021663","1","55052456","0.0124","0.1013","A"
"4","Trait5","FASTmrMLM","PstI.TP1262692","1","55104350","0.068","0.7433","C"
"4","Trait5","FASTmrMLM","NsiI.TP421581","1","55104513","2.6539e-05","0.0058","A"
"4","Trait5","FASTmrMLM","NsiI.TP432889","1","55125416","0.1017","0.9004","A"
"4","Trait5","FASTmrMLM","NsiI.TP787179","1","55180451","2.0865e-05","0.0046","A"
"4","Trait5","FASTmrMLM","NsiI.TP485052","1","55296514","1.2634e-05","0.0028","A"
"4","Trait5","FASTmrMLM","NsiI.TP450087","1","55415304","1.5463e-05","0.0034","G"
"4","Trait5","FASTmrMLM","PstI.TP729720","1","55464084","8.6658e-06","0.0019","A"
"4","Trait5","FASTmrMLM","NsiI.TP797168","1","55471144","-2.76e-06","6e-04","A"
"4","Trait5","FASTmrMLM","NsiI.TP642020","1","55483764","-5.198e-06","0.0011","A"
"4","Trait5","FASTmrMLM","PstI.TP941231","1","55563415","0.1936","0.6368","C"
"4","Trait5","FASTmrMLM","PstI.TP15074","1","55573654","1.1665e-05","0.0025","A"
"4","Trait5","FASTmrMLM","NsiI.TP808101","1","55581036","-7.9948e-06","0.0017","A"
"4","Trait5","FASTmrMLM","NsiI.TP45485","1","55585048","-1.5026e-05","0.0033","A"
"4","Trait5","FASTmrMLM","NsiI.TP386711","1","55586122","0.2829","1.8007","A"
"4","Trait5","FASTmrMLM","NsiI.TP386759","1","55589297","-0.1441","0.9585","G"
"4","Trait5","FASTmrMLM","PstI.TP87709","1","55612897","-0.0814","0.6686","C"
"4","Trait5","FASTmrMLM","PstI.TP301725","1","55683570","1.0134e-05","0.0022","A"
"4","Trait5","FASTmrMLM","PstI.TP160672","1","55685308","-0.0822","1.0682","A"
"4","Trait5","FASTmrMLM","NsiI.TP24945","1","55705522","3.4252e-05","0.0075","A"
"4","Trait5","FASTmrMLM","NsiI.TP724007","1","55711703","7.6404e-06","0.0017","C"
"4","Trait5","FASTmrMLM","NsiI.TP369163","1","55813566","-3.8856e-05","0.0085","C"
"4","Trait5","FASTmrMLM","NsiI.TP369159","1","55813567","-1.1864e-05","0.0026","A"
"4","Trait5","FASTmrMLM","PstI.TP21677","1","55813664","0.0193","0.1695","A"
"4","Trait5","FASTmrMLM","NsiI.TP587390","1","55819070","-1.2041e-05","0.0026","A"
"4","Trait5","FASTmrMLM","NsiI.TP110253","1","55824124","-0.1061","1.1255","C"
"4","Trait5","FASTmrMLM","NsiI.TP212377","1","55830093","-4.6476e-07","1e-04","C"
"4","Trait5","FASTmrMLM","PstI.TP687051","1","55830875","1.4693e-05","0.0032","C"
"4","Trait5","FASTmrMLM","PstI.TP432584","1","55856314","-1.4767e-05","0.0032","C"
"4","Trait5","FASTmrMLM","PstI.TP189059","1","55881763","-0.1263","1.3892","C"
"4","Trait5","FASTmrMLM","NsiI.TP37840","1","55886039","3.055e-05","0.0067","A"
"4","Trait5","FASTmrMLM","PstI.TP503707","1","55923841","1.1511e-05","0.0025","A"
"4","Trait5","FASTmrMLM","NsiI.TP31929","1","55925238","6.8259e-06","0.0015","C"
"4","Trait5","FASTmrMLM","NsiI.TP175336","1","56033904","2.2231e-05","0.0049","A"
"4","Trait5","FASTmrMLM","PstI.TP292366","1","56035164","-6.4016e-06","0.0014","C"
"4","Trait5","FASTmrMLM","PstI.TP1065657","1","56061646","-0.1234","0.6061","C"
"4","Trait5","FASTmrMLM","PstI.TP1065658","1","56061666","-0.1558","0.7586","A"
"4","Trait5","FASTmrMLM","NsiI.TP488682","1","56063834","2.2577e-05","0.0049","A"
"4","Trait5","FASTmrMLM","NsiI.TP662909","1","56193172","-0.1231","0.9968","A"
"4","Trait5","FASTmrMLM","NsiI.TP241069","1","56195369","-0.0708","0.4035","G"
"4","Trait5","FASTmrMLM","NsiI.TP819478","1","56196947","-1.1951e-05","0.0026","C"
"4","Trait5","FASTmrMLM","NsiI.TP110819","1","56199649","-0.0639","0.692","A"
"4","Trait5","FASTmrMLM","PstI.TP1178077","1","56201122","-1.0617e-05","0.0023","C"
"4","Trait5","FASTmrMLM","PstI.TP1224014","1","56225691","-1.7488e-05","0.0038","A"
"4","Trait5","FASTmrMLM","PstI.TP164210","1","56226416","-8.8374e-06","0.0019","A"
"4","Trait5","FASTmrMLM","NsiI.TP214374","1","56256265","-1.1488e-05","0.0025","G"
"4","Trait5","FASTmrMLM","PstI.TP1167747","1","56262223","-0.1328","0.8402","A"
"4","Trait5","FASTmrMLM","PstI.TP1007712","1","56295361","-0.0117","0.1468","A"
"4","Trait5","FASTmrMLM","PstI.TP969427","1","56297222","-2.7958e-05","0.0061","C"
"4","Trait5","FASTmrMLM","PstI.TP1255073","1","56318472","-8.7555e-06","0.0019","C"
"4","Trait5","FASTmrMLM","PstI.TP868323","1","56319033","3.1405e-06","7e-04","A"
"4","Trait5","FASTmrMLM","PstI.TP309283","1","56385216","0.0431","0.2284","A"
"4","Trait5","FASTmrMLM","PstI.TP1275574","1","56412571","0.3075","1.7437","C"
"4","Trait5","FASTmrMLM","NsiI.TP629408","1","56453536","-2.9678e-06","6e-04","G"
"4","Trait5","FASTmrMLM","NsiI.TP742789","1","56568036","2.3303e-05","0.0051","A"
"4","Trait5","FASTmrMLM","NsiI.TP565063","1","56578610","1.8657e-05","0.0041","G"
"4","Trait5","FASTmrMLM","PstI.TP375706","1","56627262","0.121","1.0762","A"
"4","Trait5","FASTmrMLM","NsiI.TP341652","1","56679136","1e-04","0.0084","C"
"4","Trait5","FASTmrMLM","NsiI.TP201262","1","56730502","-0.0432","0.4451","A"
"4","Trait5","FASTmrMLM","NsiI.TP326816","1","56731318","-8.1385e-06","0.0018","C"
"4","Trait5","FASTmrMLM","NsiI.TP195507","1","56731722","-1.8782e-05","0.0041","C"
"4","Trait5","FASTmrMLM","PstI.TP1016838","1","56734725","-1.6923e-05","0.0037","A"
"4","Trait5","FASTmrMLM","PstI.TP131457","1","56735080","-2.7194e-05","0.006","C"
"4","Trait5","FASTmrMLM","NsiI.TP824820","1","56735765","4.7604e-06","0.001","A"
"4","Trait5","FASTmrMLM","GFSSContig10130_795","1","56767016","3.3385e-05","0.0073","A"
"4","Trait5","FASTmrMLM","PstI.TP36444","1","56771106","-0.0372","0.3493","A"
"4","Trait5","FASTmrMLM","NsiI.TP797918","1","56793400","-2.0065e-05","0.0044","A"
"4","Trait5","FASTmrMLM","NsiI.TP770450","1","56795757","1.4823e-05","0.0032","C"
"4","Trait5","FASTmrMLM","GFSSContig14911_734","1","56797111","3.499e-05","0.0077","A"
"4","Trait5","FASTmrMLM","NsiI.TP42868","1","56808984","1.5242e-05","0.0033","C"
"4","Trait5","FASTmrMLM","PstI.TP1060907","1","56815300","1.9521e-05","0.0043","A"
"4","Trait5","FASTmrMLM","PstI.TP757895","1","56852520","0.0698","0.5776","A"
"4","Trait5","FASTmrMLM","NsiI.TP530218","1","56852817","1.3284e-05","0.0029","A"
"4","Trait5","FASTmrMLM","PstI.TP822327","1","56871868","0.0384","0.3645","A"
"4","Trait5","FASTmrMLM","PstI.TP62793","1","56902432","-1.6512e-05","0.0036","C"
"4","Trait5","FASTmrMLM","NsiI.TP273243","1","56909502","2.8253e-05","0.0062","A"
"4","Trait5","FASTmrMLM","PstI.TP8983","1","56910028","0.071","0.6519","A"
"4","Trait5","FASTmrMLM","PstI.TP377200","1","56910407","1.9657e-05","0.0043","G"
"4","Trait5","FASTmrMLM","NsiI.TP367681","1","56912027","0.1582","0.967","A"
"4","Trait5","FASTmrMLM","PstI.TP846532","1","56947153","-3.6267e-05","0.008","G"
"4","Trait5","FASTmrMLM","NsiI.TP521486","1","56983058","-0.193","0.6066","G"
"4","Trait5","FASTmrMLM","NsiI.TP521487","1","56983060","0.1949","0.979","G"
"4","Trait5","FASTmrMLM","PstI.TP78286","1","56993333","-1.3928e-05","0.003","C"
"4","Trait5","FASTmrMLM","PstI.TP1041006","1","57001520","-0.079","0.5211","C"
"4","Trait5","FASTmrMLM","NsiI.TP640983","1","57076989","-0.011","0.1512","C"
"4","Trait5","FASTmrMLM","PstI.TP736510","1","57078421","-9.6233e-06","0.0021","C"
"4","Trait5","FASTmrMLM","NsiI.TP410076","1","57085643","3.4245e-06","7e-04","A"
"4","Trait5","FASTmrMLM","NsiI.TP235916","1","57088539","-1.1133e-05","0.0024","C"
"4","Trait5","FASTmrMLM","PstI.TP1106426","1","57091175","-5.9393e-06","0.0013","A"
"4","Trait5","FASTmrMLM","NsiI.TP129226","1","57114013","-7.3222e-06","0.0016","A"
"4","Trait5","FASTmrMLM","PstI.TP1282088","1","57117988","-1.2735e-05","0.0028","G"
"4","Trait5","FASTmrMLM","PstI.TP330137","1","57129372","2.5672e-06","6e-04","A"
"4","Trait5","FASTmrMLM","PstI.TP798526","1","57130081","-4.2008e-06","9e-04","C"
"4","Trait5","FASTmrMLM","PstI.TP807213","1","57183105","-0.0727","0.465","C"
"4","Trait5","FASTmrMLM","PstI.TP1165736","1","57192298","-6.5157e-06","0.0014","C"
"4","Trait5","FASTmrMLM","SSk35ctg124514_137","1","57192302","1.2538e-05","0.0027","T"
"4","Trait5","FASTmrMLM","NsiI.TP466224","1","57193737","1.275e-06","3e-04","C"
"4","Trait5","FASTmrMLM","PstI.TP35482","1","57202156","7.1465e-06","0.0016","A"
"4","Trait5","FASTmrMLM","PstI.TP814028","1","57202623","-2.497e-05","0.0055","C"
"4","Trait5","FASTmrMLM","PstI.TP691006","1","57215615","-0.0194","0.2306","C"
"4","Trait5","FASTmrMLM","NsiI.TP816328","1","57218194","4.658e-05","0.0103","A"
"4","Trait5","FASTmrMLM","NsiI.TP204200","1","57218258","-2.1015e-05","0.0046","C"
"4","Trait5","FASTmrMLM","PstI.TP7548","1","57222160","1.0897e-05","0.0024","C"
"4","Trait5","FASTmrMLM","PstI.TP782114","1","57225536","1.0773e-05","0.0024","A"
"4","Trait5","FASTmrMLM","PstI.TP352896","1","57282460","-0.0271","0.2918","A"
"4","Trait5","FASTmrMLM","PstI.TP264010","1","57283338","1.3525e-05","0.003","A"
"4","Trait5","FASTmrMLM","PstI.TP264009","1","57283379","0.1565","0.5758","A"
"4","Trait5","FASTmrMLM","PstI.TP945756","1","57314106","-0.108","0.5457","A"
"4","Trait5","FASTmrMLM","PstI.TP445858","1","57330069","-0.2589","1.0536","C"
"4","Trait5","FASTmrMLM","PstI.TP1229332","1","57346693","-0.0498","0.3755","G"
"4","Trait5","FASTmrMLM","PstI.TP1228785","1","57346707","4.3369e-06","9e-04","A"
"4","Trait5","FASTmrMLM","PstI.TP550962","1","57353770","8.2979e-07","2e-04","A"
"4","Trait5","FASTmrMLM","NsiI.TP673967","1","57364380","1.1443e-05","0.0025","A"
"4","Trait5","FASTmrMLM","PstI.TP96755","1","57367730","1.4101e-06","3e-04","C"
"4","Trait5","FASTmrMLM","PstI.TP210339","1","57367748","5.1244e-06","0.0011","C"
"4","Trait5","FASTmrMLM","PstI.TP184844","1","57374590","9.7677e-06","0.0021","A"
"4","Trait5","FASTmrMLM","PstI.TP1248141","1","57379416","-2.0191e-05","0.0044","C"
"4","Trait5","FASTmrMLM","PstI.TP1081593","1","57396337","0.0964","0.4367","A"
"4","Trait5","FASTmrMLM","NsiI.TP459313","1","57397568","0.2634","1.5292","A"
"4","Trait5","FASTmrMLM","PstI.TP968463","1","57418406","1.1734e-05","0.0026","A"
"4","Trait5","FASTmrMLM","NsiI.TP457313","1","57418702","2.9168e-06","6e-04","C"
"4","Trait5","FASTmrMLM","NsiI.TP520920","1","57490898","-1.4937e-05","0.0033","A"
"4","Trait5","FASTmrMLM","NsiI.TP749897","1","57496162","2.2525e-05","0.0049","A"
"4","Trait5","FASTmrMLM","NsiI.TP758763","1","57499558","-0.1773","0.8964","G"
"4","Trait5","FASTmrMLM","PstI.TP315329","1","57536015","1e-04","0.0104","A"
"4","Trait5","FASTmrMLM","NsiI.TP105693","1","57577600","2.8269e-06","6e-04","C"
"4","Trait5","FASTmrMLM","PstI.TP1152180","1","57665941","-1e-04","0.0081","C"
"4","Trait5","FASTmrMLM","PstI.TP1152182","1","57665957","-7.5043e-06","0.0016","C"
"4","Trait5","FASTmrMLM","PstI.TP213877","1","57679539","-0.0517","0.2438","C"
"4","Trait5","FASTmrMLM","NsiI.TP755202","1","57718474","-1.8e-05","0.0039","C"
"4","Trait5","FASTmrMLM","PstI.TP990494","1","57720038","0.0468","0.2991","A"
"4","Trait5","FASTmrMLM","NsiI.TP441589","1","57721177","-0.2159","1.7063","C"
"4","Trait5","FASTmrMLM","PstI.TP32197","1","57776452","-5.1449e-05","0.008","A"
"4","Trait5","FASTmrMLM","NsiI.TP46196","1","57778864","-0.1285","0.5215","C"
"4","Trait5","FASTmrMLM","NsiI.TP345054","1","57816926","-1.5143e-07","3.2956e-05","A"
"4","Trait5","FASTmrMLM","NsiI.TP489836","1","57849492","3.2829e-05","0.0072","C"
"4","Trait5","FASTmrMLM","PstI.TP34270","1","57851637","-0.0174","0.2453","G"
"4","Trait5","FASTmrMLM","NsiI.TP524987","1","57865941","-1.6154e-05","0.0035","A"
"4","Trait5","FASTmrMLM","NsiI.TP56806","1","57874750","-9.0071e-06","0.002","C"
"4","Trait5","FASTmrMLM","PstI.TP9065","1","57881166","-5.2726e-06","0.0011","A"
"4","Trait5","FASTmrMLM","PstI.TP1290130","1","57881907","-0.0122","0.1786","C"
"4","Trait5","FASTmrMLM","NsiI.TP467560","1","57895232","-3.8062e-05","0.0084","A"
"4","Trait5","FASTmrMLM","NsiI.TP421863","1","57943909","-0.1366","2.0626","C"
"4","Trait5","FASTmrMLM","PstI.TP382058","1","57952174","-8.6908e-06","0.0019","A"
"4","Trait5","FASTmrMLM","PstI.TP708344","1","57964831","-2.4903e-05","0.0055","A"
"4","Trait5","FASTmrMLM","NsiI.TP186149","1","58019864","-0.1086","0.3428","A"
"4","Trait5","FASTmrMLM","PstI.TP1261332","1","58045052","-3.5205e-05","0.0077","A"
"4","Trait5","FASTmrMLM","NsiI.TP413314","1","58050134","-4.3394e-06","9e-04","A"
"4","Trait5","FASTmrMLM","NsiI.TP675235","1","58051745","0.4514","1.8097","A"
"4","Trait5","FASTmrMLM","PstI.TP253036","1","58055728","-2.4623e-06","5e-04","A"
"4","Trait5","FASTmrMLM","NsiI.TP427434","1","58058621","-4.6941e-06","0.001","C"
"4","Trait5","FASTmrMLM","NsiI.TP211926","1","58061383","-2.1427e-05","0.0047","C"
"4","Trait5","FASTmrMLM","PstI.TP801445","1","58073819","0.0869","0.7908","C"
"4","Trait5","FASTmrMLM","NsiI.TP575795","1","58162267","0.062","0.5446","C"
"4","Trait5","FASTmrMLM","PstI.TP720409","1","58165134","-2.169e-05","0.0047","C"
"4","Trait5","FASTmrMLM","PstI.TP306310","1","58165810","7.1358e-06","0.0016","C"
"4","Trait5","FASTmrMLM","PstI.TP499034","1","58167106","0.0926","0.9843","A"
"4","Trait5","FASTmrMLM","NsiI.TP37952","1","58175407","3.3989e-06","7e-04","A"
"4","Trait5","FASTmrMLM","NsiI.TP471887","1","58194653","4.3008e-06","9e-04","C"
"4","Trait5","FASTmrMLM","PstI.TP1024616","1","58201435","7.5419e-06","0.0016","A"
"4","Trait5","FASTmrMLM","PstI.TP144616","1","58204165","-0.064","0.6488","A"
"4","Trait5","FASTmrMLM","PstI.TP1113029","1","58204202","-3e-04","0.0158","C"
"4","Trait5","FASTmrMLM","PstI.TP894259","1","58263461","-2.7464e-06","6e-04","C"
"4","Trait5","FASTmrMLM","NsiI.TP20336","1","58285925","1.5546e-06","3e-04","C"
"4","Trait5","FASTmrMLM","PstI.TP178720","1","58289912","0.0951","0.7153","C"
"4","Trait5","FASTmrMLM","NsiI.TP121548","1","58302095","0.0295","0.2138","C"
"4","Trait5","FASTmrMLM","GFSSContig240_200","1","58341822","-3.1066e-05","0.0068","A"
"4","Trait5","FASTmrMLM","NsiI.TP326794","1","58346265","0.0223","0.1718","C"
"4","Trait5","FASTmrMLM","PstI.TP607895","1","58398018","-3.2643e-05","0.0072","C"
"4","Trait5","FASTmrMLM","PstI.TP178092","1","58465542","0.1221","1.1654","C"
"4","Trait5","FASTmrMLM","PstI.TP1205830","1","58490873","-0.1807","0.6166","C"
"4","Trait5","FASTmrMLM","NsiI.TP483075","1","58536723","0.1604","2.0648","A"
"4","Trait5","FASTmrMLM","NsiI.TP432955","1","58612378","0.3915","1.6889","C"
"4","Trait5","FASTmrMLM","NsiI.TP441879","1","58612386","3.112e-05","0.0068","A"
"4","Trait5","FASTmrMLM","NsiI.TP272368","1","58622242","0.0261","0.2651","G"
"4","Trait5","FASTmrMLM","NsiI.TP224601","1","58622993","-1.4122e-05","0.0031","C"
"4","Trait5","FASTmrMLM","NsiI.TP106508","1","58625824","8.097e-07","2e-04","A"
"4","Trait5","FASTmrMLM","NsiI.TP75131","1","58631347","-1.651e-05","0.0036","C"
"4","Trait5","FASTmrMLM","NsiI.TP518518","1","58631349","-4.173e-05","0.0092","A"
"4","Trait5","FASTmrMLM","PstI.TP1261392","1","58631594","1.0637e-06","2e-04","A"
"4","Trait5","FASTmrMLM","PstI.TP59473","1","58631638","1.3208e-05","0.0029","A"
"4","Trait5","FASTmrMLM","NsiI.TP410402","1","58640538","-3.9879e-05","0.0088","C"
"4","Trait5","FASTmrMLM","NsiI.TP800446","1","58656120","1.6888e-05","0.0037","A"
"4","Trait5","FASTmrMLM","PstI.TP702563","1","58685555","4.9719e-06","0.0011","A"
"4","Trait5","FASTmrMLM","PstI.TP268120","1","58685595","0.0974","0.5497","A"
"4","Trait5","FASTmrMLM","PstI.TP223231","1","58701336","-3.1707e-06","7e-04","C"
"4","Trait5","FASTmrMLM","NsiI.TP423377","1","58713829","1.4581e-05","0.0032","A"
"4","Trait5","FASTmrMLM","PstI.TP734071","1","58717449","2.314e-06","5e-04","A"
"4","Trait5","FASTmrMLM","NsiI.TP347457","1","58797125","2.2107e-05","0.0048","A"
"4","Trait5","FASTmrMLM","PstI.TP866871","1","58819880","-2.5899e-06","6e-04","A"
"4","Trait5","FASTmrMLM","NsiI.TP281550","1","58820625","-2.12e-05","0.0046","C"
"4","Trait5","FASTmrMLM","PstI.TP1250492","1","58851534","2.4774e-06","5e-04","G"
"4","Trait5","FASTmrMLM","NsiI.TP555152","1","58895190","2.3107e-06","5e-04","G"
"4","Trait5","FASTmrMLM","PstI.TP208457","1","58918436","-4.2083e-05","0.0069","A"
"4","Trait5","FASTmrMLM","PstI.TP264759","1","58964561","-4.7629e-07","1e-04","G"
"4","Trait5","FASTmrMLM","PstI.TP528504","1","58987469","-0.0233","0.2162","C"
"4","Trait5","FASTmrMLM","PstI.TP54004","1","58989607","3.1321e-05","0.0069","C"
"4","Trait5","FASTmrMLM","PstI.TP1255723","1","58991896","-1.3601e-05","0.003","C"
"4","Trait5","FASTmrMLM","NsiI.TP509280","1","58994548","5.8499e-06","0.0013","G"
"4","Trait5","FASTmrMLM","PstI.TP57213","1","59006419","3.2223e-05","0.0071","C"
"4","Trait5","FASTmrMLM","PstI.TP975092","1","59040624","-6.8157e-06","0.0015","C"
"4","Trait5","FASTmrMLM","PstI.TP546331","1","59140499","-1.2142e-05","0.0027","A"
"4","Trait5","FASTmrMLM","PstI.TP14371","1","59142447","-7.5519e-06","0.0016","A"
"4","Trait5","FASTmrMLM","PstI.TP306288","1","59166326","-0.1966","2.0301","A"
"4","Trait5","FASTmrMLM","PstI.TP238231","1","59166389","-4.2806e-06","9e-04","A"
"4","Trait5","FASTmrMLM","PstI.TP652781","1","59167621","-0.1429","1.5762","C"
"4","Trait5","FASTmrMLM","NsiI.TP170158","1","59168840","1.1242e-05","0.0025","C"
"4","Trait5","FASTmrMLM","PstI.TP1163695","1","59313377","-4.11e-06","9e-04","A"
"4","Trait5","FASTmrMLM","PstI.TP638286","1","59313458","0.0625","0.4549","A"
"4","Trait5","FASTmrMLM","NsiI.TP361925","1","59330788","-0.1877","1.4073","G"
"4","Trait5","FASTmrMLM","NsiI.TP83284","1","59364938","1e-04","0.0122","G"
"4","Trait5","FASTmrMLM","NsiI.TP430960","1","59369857","3.7512e-05","0.007","C"
"4","Trait5","FASTmrMLM","PstI.TP242761","1","59386457","-3.1615e-05","0.0069","A"
"4","Trait5","FASTmrMLM","PstI.TP721503","1","59394107","6.6278e-06","0.0014","G"
"4","Trait5","FASTmrMLM","PstI.TP1215889","1","59426450","0.1352","0.7002","A"
"4","Trait5","FASTmrMLM","PstI.TP502131","1","59426545","-7.6377e-06","0.0017","C"
"4","Trait5","FASTmrMLM","PstI.TP94665","1","59444750","-0.1825","1.1792","C"
"4","Trait5","FASTmrMLM","PstI.TP120121","1","59449088","-0.02","0.2339","G"
"4","Trait5","FASTmrMLM","PstI.TP426507","1","59451800","-1.1256e-05","0.0025","C"
"4","Trait5","FASTmrMLM","PstI.TP1211570","1","59455677","-4.8312e-06","0.0011","C"
"4","Trait5","FASTmrMLM","PstI.TP77520","1","59457117","3.393e-05","0.0065","C"
"4","Trait5","FASTmrMLM","PstI.TP460627","1","59468543","-0.0971","0.4151","A"
"4","Trait5","FASTmrMLM","PstI.TP228354","1","59520320","-0.0315","0.381","C"
"4","Trait5","FASTmrMLM","NsiI.TP615308","1","59529897","-1.3779e-05","0.003","A"
"4","Trait5","FASTmrMLM","PstI.TP219854","1","59531357","-0.1538","1.8707","C"
"4","Trait5","FASTmrMLM","NsiI.TP73500","1","59668068","-1.4954e-05","0.0033","G"
"4","Trait5","FASTmrMLM","PstI.TP816116","1","59685970","1.0975e-05","0.0024","A"
"4","Trait5","FASTmrMLM","NsiI.TP241959","1","59686555","9.4955e-06","0.0021","C"
"4","Trait5","FASTmrMLM","PstI.TP96778","1","59686732","5.497e-06","0.0012","C"
"4","Trait5","FASTmrMLM","PstI.TP244063","1","59701281","0.0953","0.6994","A"
"4","Trait5","FASTmrMLM","NsiI.TP617618","1","59751346","-0.1054","1.3664","A"
"4","Trait5","FASTmrMLM","PstI.TP211466","1","59817985","9.6169e-06","0.0021","A"
"4","Trait5","FASTmrMLM","PstI.TP1082267","1","59821185","7.8787e-07","2e-04","A"
"4","Trait5","FASTmrMLM","NsiI.TP520108","1","59835578","-1.6381e-05","0.0036","A"
"4","Trait5","FASTmrMLM","PstI.TP450848","1","59835683","1.6057e-05","0.0035","A"
"4","Trait5","FASTmrMLM","NsiI.TP672319","1","59838979","-1.7323e-06","4e-04","A"
"4","Trait5","FASTmrMLM","PstI.TP524080","1","59840300","-3.7699e-05","0.0083","A"
"4","Trait5","FASTmrMLM","NsiI.TP702210","1","59893984","-2.2133e-05","0.0048","G"
"4","Trait5","FASTmrMLM","PstI.TP1160457","1","59990130","1.128e-06","2e-04","G"
"4","Trait5","FASTmrMLM","PstI.TP1072427","1","59994659","3.9511e-05","0.0087","C"
"4","Trait5","FASTmrMLM","NsiI.TP404884","1","60001597","8.0061e-06","0.0017","G"
"4","Trait5","FASTmrMLM","PstI.TP867108","1","60024040","2.1274e-06","5e-04","C"
"4","Trait5","FASTmrMLM","PstI.TP172501","1","60026566","0.0548","0.5385","A"
"4","Trait5","FASTmrMLM","NsiI.TP45219","1","60042018","1.199e-05","0.0026","C"
"4","Trait5","FASTmrMLM","GFSSContig14239_269","1","60082687","-2.6892e-05","0.0059","T"
"4","Trait5","FASTmrMLM","PstI.TP179590","1","60086838","8.5525e-06","0.0019","A"
"4","Trait5","FASTmrMLM","PstI.TP773822","1","60097008","0.1558","0.7487","C"
"4","Trait5","FASTmrMLM","PstI.TP457393","1","60097068","-0.1857","2.2025","C"
"4","Trait5","FASTmrMLM","PstI.TP375174","1","60098102","3.4861e-06","8e-04","A"
"4","Trait5","FASTmrMLM","PstI.TP839280","1","60106488","-6.1991e-07","1e-04","G"
"4","Trait5","FASTmrMLM","NsiI.TP831967","1","60135050","-1.9428e-05","0.0042","A"
"4","Trait5","FASTmrMLM","PstI.TP1185674","1","60148122","0.0189","0.1666","A"
"4","Trait5","FASTmrMLM","PstI.TP139515","1","60150577","0.0558","0.5258","A"
"4","Trait5","FASTmrMLM","NsiI.TP811389","1","60163649","0.0952","0.4661","C"
"4","Trait5","FASTmrMLM","NsiI.TP337751","1","60167980","3.0416e-05","0.0067","C"
"4","Trait5","FASTmrMLM","PstI.TP477217","1","60186116","-0.0882","0.3826","A"
"4","Trait5","FASTmrMLM","PstI.TP862381","1","60269299","-5.0729e-06","0.0011","C"
"4","Trait5","FASTmrMLM","PstI.TP744749","1","60271574","0.0442","0.5245","C"
"4","Trait5","FASTmrMLM","PstI.TP247788","1","60302111","9.151e-06","0.002","C"
"4","Trait5","FASTmrMLM","NsiI.TP519801","1","60317592","1.0402e-05","0.0023","A"
"4","Trait5","FASTmrMLM","PstI.TP437066","1","60318934","0.0617","0.6903","C"
"4","Trait5","FASTmrMLM","PstI.TP78139","1","60348880","0.1259","0.8663","A"
"4","Trait5","FASTmrMLM","PstI.TP308061","1","60402946","-3.8415e-06","8e-04","A"
"4","Trait5","FASTmrMLM","PstI.TP519282","1","60412460","-0.0229","0.2913","G"
"4","Trait5","FASTmrMLM","PstI.TP110030","1","60421130","1.3822e-05","0.003","A"
"4","Trait5","FASTmrMLM","NsiI.TP364897","1","60433399","3.3599e-05","0.0074","A"
"4","Trait5","FASTmrMLM","NsiI.TP786927","1","60469838","8.3059e-05","0.0076","A"
"4","Trait5","FASTmrMLM","NsiI.TP322216","1","60505442","-3.2269e-05","0.0071","A"
"4","Trait5","FASTmrMLM","PstI.TP1081772","1","60516578","-1.1382e-05","0.0025","A"
"4","Trait5","FASTmrMLM","PstI.TP56214","1","60520380","-0.2279","0.8985","A"
"4","Trait5","FASTmrMLM","PstI.TP52146","1","60531162","7.2687e-06","0.0016","G"
"4","Trait5","FASTmrMLM","NsiI.TP123778","1","60586278","-0.126","0.618","C"
"4","Trait5","FASTmrMLM","NsiI.TP753426","1","60703192","-0.0206","0.2622","A"
"4","Trait5","FASTmrMLM","NsiI.TP323681","1","60801737","0.2587","1.8997","C"
"4","Trait5","FASTmrMLM","PstI.TP1254049","1","60803657","3.9967e-06","9e-04","C"
"4","Trait5","FASTmrMLM","NsiI.TP555932","1","60807540","0.0327","0.3864","A"
"4","Trait5","FASTmrMLM","NsiI.TP766483","1","60815221","4.4663e-06","0.001","A"
"4","Trait5","FASTmrMLM","PstI.TP217751","1","60815278","9.4122e-06","0.0021","A"
"4","Trait5","FASTmrMLM","NsiI.TP59822","1","60815330","-0.4293","1.3698","C"
"4","Trait5","FASTmrMLM","PstI.TP1193326","1","60826784","-9.6984e-06","0.0021","A"
"4","Trait5","FASTmrMLM","NsiI.TP370890","1","60850547","0.1171","0.6825","C"
"4","Trait5","FASTmrMLM","NsiI.TP370868","1","60850564","-3.4076e-06","7e-04","C"
"4","Trait5","FASTmrMLM","NsiI.TP123366","1","60882657","-0.0263","0.1337","C"
"4","Trait5","FASTmrMLM","PstI.TP198152","1","60885969","-1.5845e-05","0.0035","A"
"4","Trait5","FASTmrMLM","PstI.TP846215","1","60886180","-0.0256","0.1529","A"
"4","Trait5","FASTmrMLM","PstI.TP334705","1","60887007","0.0702","0.5904","A"
"4","Trait5","FASTmrMLM","PstI.TP504752","1","60890147","-5.8406e-06","0.0013","C"
"4","Trait5","FASTmrMLM","PstI.TP238883","1","60897822","-4.594e-07","1e-04","A"
"4","Trait5","FASTmrMLM","PstI.TP1149053","1","60902977","-1.8974e-05","0.0041","C"
"4","Trait5","FASTmrMLM","PstI.TP883521","1","60919432","-8.9474e-06","0.002","C"
"4","Trait5","FASTmrMLM","PstI.TP44230","1","60926782","0.1426","0.9129","C"
"4","Trait5","FASTmrMLM","PstI.TP51171","1","60937899","-1.048e-05","0.0023","A"
"4","Trait5","FASTmrMLM","PstI.TP1014707","1","60949616","-3.3226e-05","0.0073","C"
"4","Trait5","FASTmrMLM","PstI.TP771763","1","60980007","0.0341","0.2841","A"
"4","Trait5","FASTmrMLM","PstI.TP155487","1","60996990","-0.3134","2.5211","A"
"4","Trait5","FASTmrMLM","PstI.TP1228712","1","60999459","-0.1183","0.7665","A"
"4","Trait5","FASTmrMLM","PstI.TP1152227","1","60999485","0.0082","0.1493","C"
"4","Trait5","FASTmrMLM","NsiI.TP173416","1","61000228","-2.3281e-05","0.0051","A"
"4","Trait5","FASTmrMLM","NsiI.TP163696","1","61012621","9.2559e-06","0.002","C"
"4","Trait5","FASTmrMLM","PstI.TP1193586","1","61024932","-8.0101e-06","0.0017","C"
"4","Trait5","FASTmrMLM","PstI.TP1245285","1","61065478","2.2125e-05","0.0048","A"
"4","Trait5","FASTmrMLM","NsiI.TP348897","1","61129322","2.2671e-06","5e-04","A"
"4","Trait5","FASTmrMLM","PstI.TP1020492","1","61135975","-3.0343e-05","0.0067","C"
"4","Trait5","FASTmrMLM","PstI.TP774975","1","61157443","-1e-04","0.0105","C"
"4","Trait5","FASTmrMLM","PstI.TP194586","1","61165672","1.9003e-05","0.0042","C"
"4","Trait5","FASTmrMLM","NsiI.TP458359","1","61221391","-3.3788e-05","0.0074","C"
"4","Trait5","FASTmrMLM","PstI.TP237552","1","61243169","-0.1726","0.5598","A"
"4","Trait5","FASTmrMLM","PstI.TP1246681","1","61289286","9.5265e-08","2.0732e-05","C"
"4","Trait5","FASTmrMLM","PstI.TP256832","1","61315549","-0.0238","0.3029","A"
"4","Trait5","FASTmrMLM","NsiI.TP707091","1","61336589","6.7531e-06","0.0015","C"
"4","Trait5","FASTmrMLM","NsiI.TP707090","1","61336602","-7.9633e-06","0.0017","A"
"4","Trait5","FASTmrMLM","PstI.TP365645","1","61353360","-4.1585e-05","0.0072","A"
"4","Trait5","FASTmrMLM","PstI.TP54382","1","61364779","1.3946e-05","0.003","G"
"4","Trait5","FASTmrMLM","PstI.TP734017","1","61378048","6.9023e-06","0.0015","A"
"4","Trait5","FASTmrMLM","PstI.TP1226531","1","61378161","-9.6524e-06","0.0021","C"
"4","Trait5","FASTmrMLM","PstI.TP629959","1","61380603","1.1808e-05","0.0026","A"
"4","Trait5","FASTmrMLM","NsiI.TP293391","1","61462267","-1.8881e-05","0.0041","C"
"4","Trait5","FASTmrMLM","PstI.TP534429","1","61462653","-0.0856","0.6425","C"
"4","Trait5","FASTmrMLM","NsiI.TP119595","1","61467903","0.0783","0.3865","A"
"4","Trait5","FASTmrMLM","PstI.TP1144230","1","61560525","0.0262","0.2752","C"
"4","Trait5","FASTmrMLM","NsiI.TP706469","1","61560588","-0.0415","0.179","C"
"4","Trait5","FASTmrMLM","PstI.TP547145","1","61639840","-0.1235","1.3774","C"
"4","Trait5","FASTmrMLM","NsiI.TP20339","1","61641800","-0.0682","0.5288","A"
"4","Trait5","FASTmrMLM","NsiI.TP20340","1","61641800","-1.304e-05","0.0028","A"
"4","Trait5","FASTmrMLM","PstI.TP1040444","1","61649660","-0.2118","1.3608","C"
"4","Trait5","FASTmrMLM","PstI.TP198615","1","61668610","-6.6387e-06","0.0014","C"
"4","Trait5","FASTmrMLM","PstI.TP198614","1","61668612","-5.4932e-06","0.0012","A"
"4","Trait5","FASTmrMLM","PstI.TP288841","1","61669378","1.5954e-05","0.0035","C"
"4","Trait5","FASTmrMLM","PstI.TP1220377","1","61728924","2.4041e-05","0.0053","A"
"4","Trait5","FASTmrMLM","PstI.TP1186183","1","61738157","-0.0759","0.4424","A"
"4","Trait5","FASTmrMLM","PstI.TP1046140","1","61788461","1.1004e-06","2e-04","G"
"4","Trait5","FASTmrMLM","PstI.TP513139","1","61807254","2.602e-05","0.0057","A"
"4","Trait5","FASTmrMLM","PstI.TP630184","1","61807366","-3.322e-05","0.0073","C"
"4","Trait5","FASTmrMLM","PstI.TP246100","1","61838454","-2.4042e-05","0.0053","C"
"4","Trait5","FASTmrMLM","GFSSContig18538_1416","1","61838562","-0.0187","0.2811","T"
"4","Trait5","FASTmrMLM","PstI.TP256210","1","61839639","-1.5042e-05","0.0033","G"
"4","Trait5","FASTmrMLM","PstI.TP1115883","1","61846851","-3.3893e-05","0.0074","G"
"4","Trait5","FASTmrMLM","NsiI.TP322953","1","61858424","-0.0069","0.1574","C"
"4","Trait5","FASTmrMLM","PstI.TP266921","1","61897257","0.0589","0.6784","A"
"4","Trait5","FASTmrMLM","PstI.TP111781","1","61899166","2.5507e-05","0.0056","A"
"4","Trait5","FASTmrMLM","PstI.TP778849","1","61900805","-0.182","2.2356","G"
"4","Trait5","FASTmrMLM","PstI.TP483846","1","61901448","-1.0312e-05","0.0022","C"
"4","Trait5","FASTmrMLM","NsiI.TP615559","1","61907935","8.6299e-06","0.0019","A"
"4","Trait5","FASTmrMLM","NsiI.TP125314","1","61907944","1.0921e-05","0.0024","C"
"4","Trait5","FASTmrMLM","NsiI.TP440515","1","61908122","3.0481e-06","7e-04","A"
"4","Trait5","FASTmrMLM","PstI.TP1144658","1","61920125","2.1754e-06","5e-04","A"
"4","Trait5","FASTmrMLM","NsiI.TP315988","1","61920888","2.2157e-05","0.0048","A"
"4","Trait5","FASTmrMLM","PstI.TP822017","1","62017236","0.1524","1.1616","A"
"4","Trait5","FASTmrMLM","PstI.TP830761","1","62057598","-5.121e-06","0.0011","C"
"4","Trait5","FASTmrMLM","PstI.TP288904","1","62080065","-1.6619e-05","0.0036","C"
"4","Trait5","FASTmrMLM","NsiI.TP516245","1","62087738","-7.2124e-06","0.0016","A"
"4","Trait5","FASTmrMLM","PstI.TP177740","1","62091552","7.5382e-06","0.0016","C"
"4","Trait5","FASTmrMLM","NsiI.TP761443","1","62177665","-1.1922e-05","0.0026","C"
"4","Trait5","FASTmrMLM","PstI.TP358518","1","62218187","2e-04","0.0112","C"
"4","Trait5","FASTmrMLM","PstI.TP153019","1","62238600","1.6807e-05","0.0037","A"
"4","Trait5","FASTmrMLM","PstI.TP306917","1","62342500","-0.0869","0.7565","A"
"4","Trait5","FASTmrMLM","PstI.TP775577","1","62350118","-0.0188","0.164","A"
"4","Trait5","FASTmrMLM","PstI.TP394914","1","62355006","0.0676","0.6742","C"
"4","Trait5","FASTmrMLM","PstI.TP279308","1","62362768","-0.2643","1.5916","A"
"4","Trait5","FASTmrMLM","PstI.TP452332","1","62364666","0.0499","0.4584","A"
"4","Trait5","FASTmrMLM","NsiI.TP474172","1","62376131","-9.957e-06","0.0022","C"
"4","Trait5","FASTmrMLM","NsiI.TP362816","1","62376198","-3.1326e-05","0.0069","C"
"4","Trait5","FASTmrMLM","NsiI.TP161494","1","62385232","-0.2104","1.4988","G"
"4","Trait5","FASTmrMLM","PstI.TP855562","1","62407408","2.5884e-05","0.0039","C"
"4","Trait5","FASTmrMLM","NsiI.TP25249","1","62407691","-0.0435","0.3712","A"
"4","Trait5","FASTmrMLM","NsiI.TP62301","1","62433616","-6.2481e-06","0.0014","C"
"4","Trait5","FASTmrMLM","NsiI.TP462536","1","62433879","-4.5059e-06","0.001","A"
"4","Trait5","FASTmrMLM","PstI.TP1235985","1","62443684","7.5292e-06","0.0016","A"
"4","Trait5","FASTmrMLM","NsiI.TP751488","1","62465306","-0.0632","0.7946","C"
"4","Trait5","FASTmrMLM","PstI.TP884205","1","62465435","0.0394","0.3336","C"
"4","Trait5","FASTmrMLM","NsiI.TP472404","1","62465693","6.4588e-06","0.0014","A"
"4","Trait5","FASTmrMLM","NsiI.TP610817","1","62492981","5.3318e-06","0.0012","A"
"4","Trait5","FASTmrMLM","NsiI.TP24994","1","62506034","-4.3153e-07","9.3946e-05","A"
"4","Trait5","FASTmrMLM","PstI.TP720349","1","62536036","0.115","0.9624","A"
"4","Trait5","FASTmrMLM","NsiI.TP240734","1","62546174","-7.3575e-06","0.0016","A"
"4","Trait5","FASTmrMLM","PstI.TP116300","1","62579930","-5.3996e-06","0.0012","A"
"4","Trait5","FASTmrMLM","PstI.TP180494","1","62604937","0.0781","0.8419","A"
"4","Trait5","FASTmrMLM","PstI.TP463652","1","62607697","-1.9035e-05","0.0042","C"
"4","Trait5","FASTmrMLM","PstI.TP445990","1","62623753","-0.0331","0.3133","A"
"4","Trait5","FASTmrMLM","PstI.TP71345","1","62705763","2.5905e-05","0.0057","A"
"4","Trait5","FASTmrMLM","NsiI.TP631899","1","62718159","-5.375e-06","0.0012","A"
"4","Trait5","FASTmrMLM","PstI.TP972547","1","62729483","1.4439e-05","0.0032","C"
"4","Trait5","FASTmrMLM","PstI.TP1150718","1","62729646","-1.6702e-05","0.0036","A"
"4","Trait5","FASTmrMLM","NsiI.TP718594","1","62729719","1.2774e-05","0.0028","C"
"4","Trait5","FASTmrMLM","PstI.TP263840","1","62735544","-9.1525e-05","0.0095","G"
"4","Trait5","FASTmrMLM","PstI.TP116028","1","62738111","8.8204e-07","2e-04","G"
"4","Trait5","FASTmrMLM","NsiI.TP431920","1","62770157","-0.0677","0.2896","A"
"4","Trait5","FASTmrMLM","NsiI.TP776211","1","62780257","0.062","0.4933","A"
"4","Trait5","FASTmrMLM","PstI.TP393494","1","62823011","-6.5685e-06","0.0014","C"
"4","Trait5","FASTmrMLM","PstI.TP332665","1","62857264","-4.1346e-05","0.0059","A"
"4","Trait5","FASTmrMLM","PstI.TP320731","1","62857281","1.5048e-06","3e-04","A"
"4","Trait5","FASTmrMLM","NsiI.TP29130","1","62888526","-8.5287e-06","0.0019","C"
"4","Trait5","FASTmrMLM","PstI.TP1032405","1","62899325","-6.4822e-06","0.0014","G"
"4","Trait5","FASTmrMLM","NsiI.TP432445","1","62916079","8.9015e-06","0.0019","A"
"4","Trait5","FASTmrMLM","NsiI.TP549898","1","62918080","-0.0511","0.4935","A"
"4","Trait5","FASTmrMLM","PstI.TP10464","1","62932369","-0.0886","0.6897","C"
"4","Trait5","FASTmrMLM","PstI.TP834485","1","62936010","-3.6625e-06","8e-04","A"
"4","Trait5","FASTmrMLM","PstI.TP420801","1","62946889","0.0644","0.4966","G"
"4","Trait5","FASTmrMLM","PstI.TP240779","1","63011773","-1.4214e-05","0.0031","G"
"4","Trait5","FASTmrMLM","PstI.TP238830","1","63011799","-2.3871e-06","5e-04","A"
"4","Trait5","FASTmrMLM","PstI.TP855865","1","63015030","-1.2634e-05","0.0028","C"
"4","Trait5","FASTmrMLM","NsiI.TP714442","1","63038096","-0.1452","0.6222","A"
"4","Trait5","FASTmrMLM","NsiI.TP253868","1","63049278","-9.7183e-06","0.0021","C"
"4","Trait5","FASTmrMLM","PstI.TP846324","1","63212381","0.083","0.6342","A"
"4","Trait5","FASTmrMLM","PstI.TP303033","1","63224584","-1.5397e-05","0.0034","A"
"4","Trait5","FASTmrMLM","NsiI.TP267487","1","63232309","-0.0848","0.5507","C"
"4","Trait5","FASTmrMLM","PstI.TP929267","1","63290479","2.7216e-05","0.006","C"
"4","Trait5","FASTmrMLM","NsiI.TP31850","1","63292131","2.0366e-05","0.0045","A"
"4","Trait5","FASTmrMLM","NsiI.TP80907","1","63292579","1.3287e-05","0.0029","A"
"4","Trait5","FASTmrMLM","PstI.TP350575","1","63306837","-7.1685e-06","0.0016","C"
"4","Trait5","FASTmrMLM","PstI.TP428256","1","63323451","7.1011e-06","0.0015","C"
"4","Trait5","FASTmrMLM","PstI.TP766024","1","63347100","-9.8053e-06","0.0021","A"
"4","Trait5","FASTmrMLM","PstI.TP1168288","1","63355894","-1.9341e-05","0.0042","A"
"4","Trait5","FASTmrMLM","PstI.TP1160645","1","63359101","1.5928e-05","0.0035","C"
"4","Trait5","FASTmrMLM","NsiI.TP154359","1","63371844","9.1493e-06","0.002","C"
"4","Trait5","FASTmrMLM","PstI.TP543091","1","63403226","-2.3067e-06","5e-04","A"
"4","Trait5","FASTmrMLM","NsiI.TP504047","1","63405180","-1.7223e-05","0.0038","A"
"4","Trait5","FASTmrMLM","NsiI.TP504046","1","63405202","-9.1153e-06","0.002","A"
"4","Trait5","FASTmrMLM","PstI.TP424159","1","63417435","0.0221","0.2107","C"
"4","Trait5","FASTmrMLM","NsiI.TP56624","1","63509426","-0.1572","0.7651","A"
"4","Trait5","FASTmrMLM","GFSSContig2984_879","1","63572513","-1.7795e-05","0.0039","A"
"4","Trait5","FASTmrMLM","PstI.TP88375","1","63599328","-1.8879e-05","0.0041","A"
"4","Trait5","FASTmrMLM","PstI.TP927635","1","63621987","1.399e-05","0.0031","C"
"4","Trait5","FASTmrMLM","PstI.TP1094705","1","63666206","-2.8143e-05","0.0062","A"
"4","Trait5","FASTmrMLM","NsiI.TP123264","1","63666696","-0.0069","0.0795","G"
"4","Trait5","FASTmrMLM","PstI.TP84880","1","63680478","-0.2099","1.5004","C"
"4","Trait5","FASTmrMLM","PstI.TP550179","1","63729348","0.0465","0.62","A"
"4","Trait5","FASTmrMLM","PstI.TP59594","1","63737514","6.0103e-06","0.0013","C"
"4","Trait5","FASTmrMLM","NsiI.TP654975","1","63744460","0.0871","0.65","A"
"4","Trait5","FASTmrMLM","NsiI.TP358092","1","63760591","-0.0128","0.2303","A"
"4","Trait5","FASTmrMLM","NsiI.TP532191","1","63784495","-3.3102e-05","0.0073","A"
"4","Trait5","FASTmrMLM","NsiI.TP280338","1","63802216","3.1074e-05","0.0068","A"
"4","Trait5","FASTmrMLM","PstI.TP1213356","1","63804024","0.028","0.3487","A"
"4","Trait5","FASTmrMLM","NsiI.TP267317","1","63808055","2.6745e-05","0.0059","C"
"4","Trait5","FASTmrMLM","PstI.TP339315","1","63808218","-7.4761e-06","0.0016","C"
"4","Trait5","FASTmrMLM","PstI.TP608352","1","63849910","3.621e-05","0.008","G"
"4","Trait5","FASTmrMLM","PstI.TP622702","1","63849924","-2.3482e-05","0.0051","C"
"4","Trait5","FASTmrMLM","PstI.TP22567","1","63856431","-3.055e-05","0.0067","C"
"4","Trait5","FASTmrMLM","PstI.TP403217","1","63867116","6.1312e-07","1e-04","C"
"4","Trait5","FASTmrMLM","PstI.TP975567","1","63867159","3.1517e-06","7e-04","A"
"4","Trait5","FASTmrMLM","PstI.TP1041579","1","63867308","7.9413e-06","0.0017","A"
"4","Trait5","FASTmrMLM","PstI.TP1150994","1","63892548","3.7044e-05","0.0081","C"
"4","Trait5","FASTmrMLM","PstI.TP315914","1","63952170","2.0272e-05","0.0044","A"
"4","Trait5","FASTmrMLM","NsiI.TP484505","1","63970510","9.3622e-07","2e-04","A"
"4","Trait5","FASTmrMLM","NsiI.TP380912","1","63973901","-2e-04","0.014","A"
"4","Trait5","FASTmrMLM","PstI.TP125136","1","64015598","-2.4469e-05","0.0039","A"
"4","Trait5","FASTmrMLM","PstI.TP528403","1","64043429","-0.0452","0.5726","C"
"4","Trait5","FASTmrMLM","NsiI.TP213812","1","64055127","2.5261e-05","0.0055","A"
"4","Trait5","FASTmrMLM","PstI.TP816739","1","64060896","2.6848e-06","6e-04","C"
"4","Trait5","FASTmrMLM","NsiI.TP743726","1","64077289","-6.2616e-06","0.0014","C"
"4","Trait5","FASTmrMLM","NsiI.TP188409","1","64102768","0.0293","0.1808","A"
"4","Trait5","FASTmrMLM","NsiI.TP499343","1","64103746","0.2673","1.4151","A"
"4","Trait5","FASTmrMLM","PstI.TP1252633","1","64114120","2.0869e-05","0.0046","A"
"4","Trait5","FASTmrMLM","PstI.TP820348","1","64116607","-0.1995","0.956","A"
"4","Trait5","FASTmrMLM","PstI.TP685350","1","64136832","0.1245","1.0076","G"
"4","Trait5","FASTmrMLM","PstI.TP943825","1","64161087","5.9152e-06","0.0013","A"
"4","Trait5","FASTmrMLM","NsiI.TP607192","1","64177308","1.5677e-05","0.0034","C"
"4","Trait5","FASTmrMLM","NsiI.TP88778","1","64177819","-1e-04","0.0083","A"
"4","Trait5","FASTmrMLM","PstI.TP102719","1","64188323","1.8778e-05","0.0041","C"
"4","Trait5","FASTmrMLM","PstI.TP1199682","1","64192657","-0.0484","0.5549","A"
"4","Trait5","FASTmrMLM","PstI.TP255968","1","64202094","1.5854e-05","0.0035","A"
"4","Trait5","FASTmrMLM","PstI.TP1011846","1","64301611","1.0631e-05","0.0023","A"
"4","Trait5","FASTmrMLM","NsiI.TP431374","1","64340591","-0.496","1.6261","A"
"4","Trait5","FASTmrMLM","PstI.TP217686","1","64354125","0.1066","1.0351","A"
"4","Trait5","FASTmrMLM","PstI.TP8646","1","64361608","-2.1943e-06","5e-04","A"
"4","Trait5","FASTmrMLM","NsiI.TP295105","1","64405737","6.7595e-06","0.0015","C"
"4","Trait5","FASTmrMLM","NsiI.TP617088","1","64447244","-0.0519","0.5638","C"
"4","Trait5","FASTmrMLM","PstI.TP71737","1","64450559","2.2844e-05","0.005","A"
"4","Trait5","FASTmrMLM","NsiI.TP163212","1","64450959","-0.0305","0.3333","C"
"4","Trait5","FASTmrMLM","NsiI.TP630648","1","64479438","-3.733e-06","8e-04","C"
"4","Trait5","FASTmrMLM","NsiI.TP829814","1","64484061","1.1138e-05","0.0024","A"
"4","Trait5","FASTmrMLM","PstI.TP1281541","1","64484981","9.3287e-06","0.002","A"
"4","Trait5","FASTmrMLM","NsiI.TP39224","1","64511495","-1.2517e-05","0.0027","A"
"4","Trait5","FASTmrMLM","PstI.TP219519","1","64515581","0.1173","0.964","C"
"4","Trait5","FASTmrMLM","PstI.TP769786","1","64536453","-8.509e-06","0.0019","C"
"4","Trait5","FASTmrMLM","PstI.TP623879","1","64552804","1.4644e-05","0.0032","C"
"4","Trait5","FASTmrMLM","NsiI.TP552663","1","64553553","3.6237e-05","0.008","A"
"4","Trait5","FASTmrMLM","NsiI.TP546327","1","64568428","-1.1823e-05","0.0026","G"
"4","Trait5","FASTmrMLM","NsiI.TP688174","1","64621630","-1.5201e-05","0.0033","A"
"4","Trait5","FASTmrMLM","NsiI.TP374015","1","64625827","-0.0883","0.4245","A"
"4","Trait5","FASTmrMLM","NsiI.TP302840","1","64691519","9.3507e-07","2e-04","A"
"4","Trait5","FASTmrMLM","PstI.TP801025","1","64710653","-3.7092e-05","0.0081","C"
"4","Trait5","FASTmrMLM","PstI.TP98123","1","64733848","8.9497e-06","0.002","C"
"4","Trait5","FASTmrMLM","PstI.TP1180674","1","64789171","3.045e-05","0.0067","A"
"4","Trait5","FASTmrMLM","PstI.TP997652","1","64799296","0.0382","0.3979","C"
"4","Trait5","FASTmrMLM","PstI.TP833589","1","64801253","-1e-04","0.0107","A"
"4","Trait5","FASTmrMLM","NsiI.TP824716","1","64821100","2.7967e-06","6e-04","A"
"4","Trait5","FASTmrMLM","NsiI.TP222846","1","64856990","0.1029","1.0753","C"
"4","Trait5","FASTmrMLM","NsiI.TP801530","1","64872973","-8.3406e-06","0.0018","C"
"4","Trait5","FASTmrMLM","NsiI.TP534316","1","64880295","1.2735e-06","3e-04","G"
"4","Trait5","FASTmrMLM","NsiI.TP539097","1","64882827","0.0463","0.315","A"
"4","Trait5","FASTmrMLM","PstI.TP944748","1","64883503","1.5125e-05","0.0033","A"
"4","Trait5","FASTmrMLM","PstI.TP892964","1","64884870","7.6851e-05","0.0075","A"
"4","Trait5","FASTmrMLM","PstI.TP351385","1","64885906","-0.0322","0.2453","A"
"4","Trait5","FASTmrMLM","PstI.TP252284","1","64895994","-0.1238","0.7511","A"
"4","Trait5","FASTmrMLM","NsiI.TP740366","1","64896156","0.0274","0.2658","A"
"4","Trait5","FASTmrMLM","PstI.TP1264364","1","64906860","3.1438e-05","0.0069","C"
"4","Trait5","FASTmrMLM","NsiI.TP276145","1","64909332","2.2921e-05","0.005","C"
"4","Trait5","FASTmrMLM","NsiI.TP408372","1","64909366","-1.2745e-06","3e-04","C"
"4","Trait5","FASTmrMLM","PstI.TP964165","1","64928312","0.1266","1.5321","C"
"4","Trait5","FASTmrMLM","NsiI.TP794834","1","64931896","-1.3841e-05","0.003","C"
"4","Trait5","FASTmrMLM","NsiI.TP621081","1","64945731","0.2245","1.2304","C"
"4","Trait5","FASTmrMLM","PstI.TP791089","1","64948753","-0.0759","0.4107","C"
"4","Trait5","FASTmrMLM","PstI.TP365493","1","64949731","1.5588e-05","0.0034","G"
"4","Trait5","FASTmrMLM","NsiI.TP488800","1","64951351","-1.3925e-05","0.003","C"
"4","Trait5","FASTmrMLM","PstI.TP630324","1","64952328","2.811e-05","0.0062","A"
"4","Trait5","FASTmrMLM","PstI.TP67631","1","65029760","-3.5611e-05","0.0078","C"
"4","Trait5","FASTmrMLM","NsiI.TP735969","1","65030378","9.126e-06","0.002","A"
"4","Trait5","FASTmrMLM","NsiI.TP717833","1","65030503","3.2402e-05","0.0071","A"
"4","Trait5","FASTmrMLM","PstI.TP877289","1","65043651","6.0653e-06","0.0013","C"
"4","Trait5","FASTmrMLM","PstI.TP876794","1","65066495","-0.0893","0.454","C"
"4","Trait5","FASTmrMLM","PstI.TP974325","1","65069397","1.0107e-05","0.0022","A"
"4","Trait5","FASTmrMLM","PstI.TP765900","1","65094935","-2.1328e-05","0.0047","C"
"4","Trait5","FASTmrMLM","PstI.TP486244","1","65124857","-0.0634","0.4232","C"
"4","Trait5","FASTmrMLM","NsiI.TP337189","1","65136624","-1.4345e-05","0.0031","C"
"4","Trait5","FASTmrMLM","PstI.TP961110","1","65184135","0.2126","2.3133","C"
"4","Trait5","FASTmrMLM","PstI.TP1245513","1","65197856","-5.5522e-06","0.0012","C"
"4","Trait5","FASTmrMLM","GFSSContig1526_230","1","65227354","-0.0721","0.8333","C"
"4","Trait5","FASTmrMLM","PstI.TP924682","1","65236847","-1.6208e-06","4e-04","A"
"4","Trait5","FASTmrMLM","PstI.TP477722","1","65237049","-0.1013","0.6533","A"
"4","Trait5","FASTmrMLM","PstI.TP477712","1","65237054","6.1721e-06","0.0013","C"
"4","Trait5","FASTmrMLM","PstI.TP197677","1","65249144","-7.8687e-06","0.0017","C"
"4","Trait5","FASTmrMLM","PstI.TP669936","1","65249574","-0.0897","0.9661","C"
"4","Trait5","FASTmrMLM","PstI.TP44522","1","65255833","-7.7977e-06","0.0017","C"
"4","Trait5","FASTmrMLM","PstI.TP358803","1","65256453","-9.087e-06","0.002","C"
"4","Trait5","FASTmrMLM","PstI.TP208529","1","65256889","0.0745","0.6831","C"
"4","Trait5","FASTmrMLM","PstI.TP924658","1","65264909","-1.6708e-05","0.0037","A"
"4","Trait5","FASTmrMLM","NsiI.TP553344","1","65270679","-2.0636e-05","0.0045","A"
"4","Trait5","FASTmrMLM","PstI.TP234242","1","65271315","9.5404e-06","0.0021","A"
"4","Trait5","FASTmrMLM","NsiI.TP347041","1","65271359","-1e-04","0.0106","A"
"4","Trait5","FASTmrMLM","PstI.TP931830","1","65273426","-0.0693","0.5967","A"
"4","Trait5","FASTmrMLM","PstI.TP891410","1","65277770","-9.9089e-06","0.0022","C"
"4","Trait5","FASTmrMLM","NsiI.TP615624","1","65289533","-2.5878e-05","0.0057","C"
"4","Trait5","FASTmrMLM","NsiI.TP414439","1","65297722","4.2929e-05","0.0094","C"
"4","Trait5","FASTmrMLM","NsiI.TP777696","1","65354775","-0.0445","0.3636","A"
"4","Trait5","FASTmrMLM","NsiI.TP99883","1","65402272","-0.0726","0.6111","A"
"4","Trait5","FASTmrMLM","PstI.TP845409","1","65402932","6.9178e-06","0.0015","A"
"4","Trait5","FASTmrMLM","NsiI.TP200164","1","65494239","-1.4089e-05","0.0031","G"
"4","Trait5","FASTmrMLM","PstI.TP317977","1","65494643","-1.7467e-05","0.0038","A"
"4","Trait5","FASTmrMLM","PstI.TP23116","1","65514877","5.6485e-06","0.0012","A"
"4","Trait5","FASTmrMLM","PstI.TP105650","1","65552824","-1.574e-05","0.0034","C"
"4","Trait5","FASTmrMLM","NsiI.TP545512","1","65564544","2.2386e-05","0.0049","A"
"4","Trait5","FASTmrMLM","PstI.TP68682","1","65572744","-5.5824e-06","0.0012","C"
"4","Trait5","FASTmrMLM","PstI.TP245229","1","65669958","-0.1161","0.6038","C"
"4","Trait5","FASTmrMLM","NsiI.TP485264","1","65682187","0.1001","0.8171","A"
"4","Trait5","FASTmrMLM","PstI.TP21658","1","65682514","0.1121","0.6168","A"
"4","Trait5","FASTmrMLM","PstI.TP786567","1","65736737","0.1435","2.143","C"
"4","Trait5","FASTmrMLM","NsiI.TP120353","1","65773705","3.4194e-05","0.0075","C"
"4","Trait5","FASTmrMLM","PstI.TP966260","1","65795867","0.0712","0.5408","A"
"4","Trait5","FASTmrMLM","PstI.TP997472","1","65795948","1.7791e-06","4e-04","A"
"4","Trait5","FASTmrMLM","NsiI.TP216600","1","65827481","-0.2144","1.085","A"
"4","Trait5","FASTmrMLM","NsiI.TP702989","1","65833452","3.2696e-05","0.0072","A"
"4","Trait5","FASTmrMLM","PstI.TP530837","1","65836675","-1.8378e-06","4e-04","A"
"4","Trait5","FASTmrMLM","NsiI.TP749989","1","65843473","-2.8339e-05","0.0062","A"
"4","Trait5","FASTmrMLM","PstI.TP72269","1","65855513","-1.2929e-06","3e-04","A"
"4","Trait5","FASTmrMLM","NsiI.TP407852","1","65928155","0.0681","0.7071","G"
"4","Trait5","FASTmrMLM","PstI.TP408002","1","65930080","-4.0426e-05","0.0089","A"
"4","Trait5","FASTmrMLM","PstI.TP864271","1","65984344","2.9518e-05","0.0065","C"
"4","Trait5","FASTmrMLM","PstI.TP913826","1","65989098","1.5877e-07","3.4554e-05","C"
"4","Trait5","FASTmrMLM","PstI.TP822028","1","65998612","-0.3496","1.0948","A"
"4","Trait5","FASTmrMLM","NsiI.TP25518","1","66003290","6.0598e-06","0.0013","C"
"4","Trait5","FASTmrMLM","PstI.TP1127188","1","66011964","3.5153e-05","0.0077","C"
"4","Trait5","FASTmrMLM","PstI.TP1125918","1","66012040","5.0581e-06","0.0011","C"
"4","Trait5","FASTmrMLM","PstI.TP973670","1","66012738","0.0988","0.4308","C"
"4","Trait5","FASTmrMLM","PstI.TP696470","1","66023772","1.2622e-05","0.0028","A"
"4","Trait5","FASTmrMLM","NsiI.TP67657","1","66035055","-6.9122e-06","0.0015","C"
"4","Trait5","FASTmrMLM","NsiI.TP25448","1","66046325","0.0935","0.5594","C"
"4","Trait5","FASTmrMLM","NsiI.TP403557","1","66046347","0.034","0.3787","G"
"4","Trait5","FASTmrMLM","PstI.TP147009","1","66056156","-1.4513e-05","0.0032","A"
"4","Trait5","FASTmrMLM","PstI.TP826778","1","66070899","-5.0963e-06","0.0011","A"
"4","Trait5","FASTmrMLM","NsiI.TP591702","1","66071779","-4.1431e-06","9e-04","C"
"4","Trait5","FASTmrMLM","PstI.TP481644","1","66087407","-7.6138e-06","0.0017","A"
"4","Trait5","FASTmrMLM","NsiI.TP117758","1","66087512","-4.9112e-06","0.0011","A"
"4","Trait5","FASTmrMLM","PstI.TP46198","1","66096584","2.9683e-06","6e-04","C"
"4","Trait5","FASTmrMLM","NsiI.TP407754","1","66114304","-2.1179e-05","0.0046","C"
"4","Trait5","FASTmrMLM","PstI.TP14085","1","66170736","1.3256e-05","0.0029","A"
"4","Trait5","FASTmrMLM","NsiI.TP394323","1","66177986","-0.0479","0.2764","C"
"4","Trait5","FASTmrMLM","NsiI.TP401509","1","66178010","-1.7639e-06","4e-04","A"
"4","Trait5","FASTmrMLM","PstI.TP230808","1","66203536","-0.0691","0.401","A"
"4","Trait5","FASTmrMLM","PstI.TP69498","1","66230707","1.217e-05","0.0027","A"
"4","Trait5","FASTmrMLM","PstI.TP203225","1","66234221","0.2896","1.7722","C"
"4","Trait5","FASTmrMLM","NsiI.TP339716","1","66234686","-2.0098e-05","0.0044","C"
"4","Trait5","FASTmrMLM","NsiI.TP66906","1","66339343","-1.248e-06","3e-04","A"
"4","Trait5","FASTmrMLM","PstI.TP609610","1","66343811","-2.5331e-05","0.0055","A"
"4","Trait5","FASTmrMLM","PstI.TP770722","1","66347924","2.1165e-05","0.0046","A"
"4","Trait5","FASTmrMLM","PstI.TP357904","1","66348003","2.1623e-05","0.0047","C"
"4","Trait5","FASTmrMLM","PstI.TP394916","1","66363202","0.1506","1.518","A"
"4","Trait5","FASTmrMLM","NsiI.TP814944","1","66369934","-0.1889","0.9874","A"
"4","Trait5","FASTmrMLM","NsiI.TP443374","1","66404106","1.0771e-05","0.0024","C"
"4","Trait5","FASTmrMLM","NsiI.TP763661","1","66404133","0.0585","0.3782","A"
"4","Trait5","FASTmrMLM","NsiI.TP763660","1","66404152","3.0188e-06","7e-04","G"
"4","Trait5","FASTmrMLM","NsiI.TP753025","1","66460848","-0.1721","0.9641","C"
"4","Trait5","FASTmrMLM","NsiI.TP482264","1","66520178","-2.0973e-05","0.0046","A"
"4","Trait5","FASTmrMLM","NsiI.TP580929","1","66574512","1.5687e-05","0.0034","A"
"4","Trait5","FASTmrMLM","PstI.TP1092854","1","66590767","-3.7339e-05","0.0082","A"
"4","Trait5","FASTmrMLM","NsiI.TP3649","1","66621250","-1.7543e-05","0.0038","A"
"4","Trait5","FASTmrMLM","NsiI.TP340092","1","66629766","0.1207","0.6456","A"
"4","Trait5","FASTmrMLM","GFSSContig20558_126","1","66631596","7.3444e-06","0.0016","T"
"4","Trait5","FASTmrMLM","GFSSContig20558_410","1","66632040","1.8921e-07","4.1178e-05","T"
"4","Trait5","FASTmrMLM","PstI.TP393536","1","66632271","-0.0723","0.6642","C"
"4","Trait5","FASTmrMLM","PstI.TP819380","1","66643342","-1.0815e-05","0.0024","G"
"4","Trait5","FASTmrMLM","PstI.TP532012","1","66649568","-1.166e-05","0.0025","A"
"4","Trait5","FASTmrMLM","NsiI.TP213349","1","66657439","-1.0727e-05","0.0023","A"
"4","Trait5","FASTmrMLM","PstI.TP1065275","1","66657449","-8.5229e-06","0.0019","A"
"4","Trait5","FASTmrMLM","PstI.TP7738","1","66709859","0.2051","1.7801","A"
"4","Trait5","FASTmrMLM","PstI.TP861694","1","66718282","8.5477e-06","0.0019","A"
"4","Trait5","FASTmrMLM","NsiI.TP459832","1","66718699","0.0424","0.5512","A"
"4","Trait5","FASTmrMLM","PstI.TP865058","1","66719551","-9.101e-06","0.002","A"
"4","Trait5","FASTmrMLM","PstI.TP1084761","1","66720416","0.0967","0.4116","C"
"4","Trait5","FASTmrMLM","NsiI.TP313273","1","66723114","-1.147e-05","0.0025","C"
"4","Trait5","FASTmrMLM","PstI.TP507937","1","66723275","0.044","0.4684","A"
"4","Trait5","FASTmrMLM","PstI.TP295701","1","66729129","0.0843","0.5712","A"
"4","Trait5","FASTmrMLM","NsiI.TP603222","1","66753937","0.215","1.1208","A"
"4","Trait5","FASTmrMLM","NsiI.TP707198","1","66770322","0.0195","0.2277","A"
"4","Trait5","FASTmrMLM","PstI.TP131297","1","66772958","-0.0649","0.6878","C"
"4","Trait5","FASTmrMLM","NsiI.TP567785","1","66777195","-0.0484","0.3401","A"
"4","Trait5","FASTmrMLM","NsiI.TP489965","1","66777217","1.4634e-05","0.0032","C"
"4","Trait5","FASTmrMLM","NsiI.TP475064","1","66777724","-0.3821","2.1203","A"
"4","Trait5","FASTmrMLM","NsiI.TP431993","1","66787450","0.0513","0.254","A"
"4","Trait5","FASTmrMLM","PstI.TP873698","1","66791800","-1.6565e-05","0.0036","A"
"4","Trait5","FASTmrMLM","NsiI.TP196008","1","66811641","-0.0378","0.4037","A"
"4","Trait5","FASTmrMLM","NsiI.TP819242","1","66818631","-3.1084e-06","7e-04","C"
"4","Trait5","FASTmrMLM","PstI.TP1174143","1","66832618","-0.0537","0.7774","C"
"4","Trait5","FASTmrMLM","NsiI.TP575744","1","66841969","-0.2086","1.0781","A"
"4","Trait5","FASTmrMLM","PstI.TP967164","1","66844557","-0.2606","2.3339","C"
"4","Trait5","FASTmrMLM","PstI.TP932844","1","66844574","-1.1693e-05","0.0026","A"
"4","Trait5","FASTmrMLM","PstI.TP54964","1","66860167","4.8217e-06","0.0011","A"
"4","Trait5","FASTmrMLM","NsiI.TP43891","1","66864733","5.9817e-05","0.008","A"
"4","Trait5","FASTmrMLM","NsiI.TP502427","1","66876060","1e-04","0.011","A"
"4","Trait5","FASTmrMLM","NsiI.TP489423","1","66879621","0.1345","1.069","A"
"4","Trait5","FASTmrMLM","PstI.TP1020853","1","66882875","2.8262e-05","0.0062","A"
"4","Trait5","FASTmrMLM","PstI.TP755610","1","66892567","6.3945e-06","0.0014","A"
"4","Trait5","FASTmrMLM","NsiI.TP283148","1","66893393","-1.2685e-05","0.0028","C"
"4","Trait5","FASTmrMLM","PstI.TP28636","1","66901342","1.2254e-05","0.0027","C"
"4","Trait5","FASTmrMLM","PstI.TP334609","1","66904074","-1.6709e-06","4e-04","C"
"4","Trait5","FASTmrMLM","NsiI.TP214866","1","66931515","2.3476e-06","5e-04","A"
"4","Trait5","FASTmrMLM","NsiI.TP665062","1","66973876","-8.5848e-06","0.0019","A"
"4","Trait5","FASTmrMLM","PstI.TP1041030","1","66983381","8.5922e-06","0.0019","A"
"4","Trait5","FASTmrMLM","PstI.TP300168","1","66985894","-2.9114e-05","0.0064","A"
"4","Trait5","FASTmrMLM","NsiI.TP37099","1","66988505","0.0278","0.3287","A"
"4","Trait5","FASTmrMLM","NsiI.TP718149","1","67002191","-3.3279e-05","0.0073","A"
"4","Trait5","FASTmrMLM","NsiI.TP40378","1","67002235","-0.1592","0.8639","A"
"4","Trait5","FASTmrMLM","PstI.TP1103405","1","67016993","0.0744","0.8636","A"
"4","Trait5","FASTmrMLM","PstI.TP490103","1","67018899","-7.8444e-06","0.0017","G"
"4","Trait5","FASTmrMLM","NsiI.TP395734","1","67052690","0.0718","0.6565","A"
"4","Trait5","FASTmrMLM","NsiI.TP459012","1","67058618","-5.9058e-06","0.0013","A"
"4","Trait5","FASTmrMLM","PstI.TP866810","1","67074583","-1.9446e-05","0.0043","A"
"4","Trait5","FASTmrMLM","PstI.TP578717","1","67093042","-1.6408e-05","0.0036","C"
"4","Trait5","FASTmrMLM","PstI.TP1102564","1","67094571","1.7789e-06","4e-04","A"
"4","Trait5","FASTmrMLM","GFSSContig18772_497","1","67104443","0.1688","0.8358","T"
"4","Trait5","FASTmrMLM","PstI.TP178139","1","67121193","-2.4348e-05","0.0053","A"
"4","Trait5","FASTmrMLM","NsiI.TP458393","1","67134508","8.7111e-06","0.0019","A"
"4","Trait5","FASTmrMLM","PstI.TP1094695","1","67135061","0.0406","0.4216","C"
"4","Trait5","FASTmrMLM","NsiI.TP630315","1","67135447","1.0798e-05","0.0024","A"
"4","Trait5","FASTmrMLM","NsiI.TP10293","1","67144524","-1.5553e-06","3e-04","C"
"4","Trait5","FASTmrMLM","PstI.TP1099071","1","67147795","4.8917e-06","0.0011","C"
"4","Trait5","FASTmrMLM","NsiI.TP344195","1","67163611","-3.1425e-05","0.0069","C"
"4","Trait5","FASTmrMLM","NsiI.TP360952","1","67170243","-8.2536e-06","0.0018","A"
"4","Trait5","FASTmrMLM","NsiI.TP466004","1","67193756","2.8177e-06","6e-04","C"
"4","Trait5","FASTmrMLM","PstI.TP111833","1","67205643","-1.6645e-07","3.623e-05","A"
"4","Trait5","FASTmrMLM","NsiI.TP705076","1","67211049","1.3771e-05","0.003","C"
"4","Trait5","FASTmrMLM","NsiI.TP575559","1","67211133","-3.4341e-05","0.0075","G"
"4","Trait5","FASTmrMLM","PstI.TP296060","1","67217900","3.7357e-05","0.0082","C"
"4","Trait5","FASTmrMLM","PstI.TP120060","1","67290007","-0.0282","0.3716","A"
"4","Trait5","FASTmrMLM","PstI.TP873782","1","67300042","4.0485e-06","9e-04","A"
"4","Trait5","FASTmrMLM","PstI.TP763741","1","67300114","-0.0647","0.8298","A"
"4","Trait5","FASTmrMLM","NsiI.TP835430","1","67307091","0.0578","0.5711","G"
"4","Trait5","FASTmrMLM","PstI.TP794784","1","67315648","-0.0055","0.1282","C"
"4","Trait5","FASTmrMLM","PstI.TP809339","1","67315670","-2.502e-05","0.0055","A"
"4","Trait5","FASTmrMLM","NsiI.TP205900","1","67315853","-2e-04","0.0133","C"
"4","Trait5","FASTmrMLM","PstI.TP94366","1","67316019","-1.4796e-05","0.0032","G"
"4","Trait5","FASTmrMLM","NsiI.TP275058","1","67350592","1.0274e-05","0.0022","A"
"4","Trait5","FASTmrMLM","NsiI.TP827946","1","67359033","-1.4904e-05","0.0033","C"
"4","Trait5","FASTmrMLM","GFSSContig5332_531","1","67375972","0.1389","1.8887","T"
"4","Trait5","FASTmrMLM","PstI.TP1171121","1","67376990","-2.2232e-05","0.0049","A"
"4","Trait5","FASTmrMLM","NsiI.TP174290","1","67378678","-1.1856e-05","0.0026","A"
"4","Trait5","FASTmrMLM","NsiI.TP175715","1","67381011","6.8263e-06","0.0015","A"
"4","Trait5","FASTmrMLM","NsiI.TP812526","1","67384074","7.452e-06","0.0016","A"
"4","Trait5","FASTmrMLM","PstI.TP243602","1","67384152","8.2559e-06","0.0018","A"
"4","Trait5","FASTmrMLM","PstI.TP764441","1","67384225","-0.0913","0.8127","A"
"4","Trait5","FASTmrMLM","NsiI.TP809452","1","67384231","-8.1773e-06","0.0018","C"
"4","Trait5","FASTmrMLM","PstI.TP764446","1","67384233","2.6093e-05","0.0057","C"
"4","Trait5","FASTmrMLM","PstI.TP884792","1","67384684","0.0612","0.3903","A"
"4","Trait5","FASTmrMLM","PstI.TP1149851","1","67393273","-1.2611e-06","3e-04","A"
"4","Trait5","FASTmrMLM","NsiI.TP751821","1","67393369","-7.7947e-07","2e-04","A"
"4","Trait5","FASTmrMLM","PstI.TP1012261","1","67422499","2.7463e-05","0.006","C"
"4","Trait5","FASTmrMLM","NsiI.TP438719","1","67426609","-0.0468","0.4409","C"
"4","Trait5","FASTmrMLM","PstI.TP514114","1","67430601","-8.5348e-06","0.0019","A"
"4","Trait5","FASTmrMLM","NsiI.TP416113","1","67435951","0.0438","0.2885","G"
"4","Trait5","FASTmrMLM","PstI.TP714009","1","67445656","-7.6077e-06","0.0017","A"
"4","Trait5","FASTmrMLM","PstI.TP182975","1","67454856","-3.6701e-06","8e-04","G"
"4","Trait5","FASTmrMLM","PstI.TP842695","1","67465056","4.6406e-06","0.001","A"
"4","Trait5","FASTmrMLM","PstI.TP787593","1","67474277","0.0676","0.5516","A"
"4","Trait5","FASTmrMLM","PstI.TP443240","1","67519986","2.4407e-05","0.0053","C"
"4","Trait5","FASTmrMLM","NsiI.TP744254","1","67529403","1.2785e-06","3e-04","A"
"4","Trait5","FASTmrMLM","PstI.TP305008","1","67538854","-3.2616e-05","0.0072","A"
"4","Trait5","FASTmrMLM","PstI.TP721763","1","67560203","1.0266e-05","0.0022","A"
"4","Trait5","FASTmrMLM","NsiI.TP242098","1","67574019","-1.0465e-05","0.0023","C"
"4","Trait5","FASTmrMLM","NsiI.TP419909","1","67589872","-1.3054e-05","0.0029","C"
"4","Trait5","FASTmrMLM","NsiI.TP343843","1","67593055","5.3048e-06","0.0012","G"
"4","Trait5","FASTmrMLM","NsiI.TP172212","1","67605060","3.5877e-07","7.8089e-05","A"
"4","Trait5","FASTmrMLM","PstI.TP942368","1","67610309","2.2058e-05","0.0048","A"
"4","Trait5","FASTmrMLM","PstI.TP1178467","1","67613746","0.057","0.4638","A"
"4","Trait5","FASTmrMLM","PstI.TP216091","1","67620053","-0.0614","0.4783","A"
"4","Trait5","FASTmrMLM","NsiI.TP665370","1","67621979","-1.9419e-05","0.0042","G"
"4","Trait5","FASTmrMLM","NsiI.TP586320","1","67622023","0.2731","1.4032","A"
"4","Trait5","FASTmrMLM","PstI.TP841826","1","67635003","1.2255e-05","0.0027","G"
"4","Trait5","FASTmrMLM","PstI.TP1167044","1","67636497","7.1619e-06","0.0016","G"
"4","Trait5","FASTmrMLM","NsiI.TP488628","1","67646173","0.0333","0.4112","C"
"4","Trait5","FASTmrMLM","NsiI.TP92311","1","67646209","1.4174e-05","0.0031","C"
"4","Trait5","FASTmrMLM","NsiI.TP54803","1","67661802","-0.2587","1.8126","G"
"4","Trait5","FASTmrMLM","NsiI.TP754072","1","67675884","0.0133","0.196","A"
"4","Trait5","FASTmrMLM","NsiI.TP699833","1","67681472","8.6298e-06","0.0019","A"
"4","Trait5","FASTmrMLM","NsiI.TP186127","1","67708602","-0.0475","0.4823","A"
"4","Trait5","FASTmrMLM","NsiI.TP186123","1","67708615","-2.5205e-05","0.0055","A"
"4","Trait5","FASTmrMLM","PstI.TP221608","1","67709830","-0.2268","1.2215","G"
"4","Trait5","FASTmrMLM","NsiI.TP50728","1","67713188","-5.8443e-06","0.0013","C"
"4","Trait5","FASTmrMLM","NsiI.TP312767","1","67722161","0.0208","0.2184","C"
"4","Trait5","FASTmrMLM","PstI.TP148680","1","67724801","1.2446e-05","0.0027","A"
"4","Trait5","FASTmrMLM","PstI.TP678255","1","67745947","-1.4922e-06","3e-04","A"
"4","Trait5","FASTmrMLM","PstI.TP42220","1","67767670","2.9268e-07","6.3714e-05","A"
"4","Trait5","FASTmrMLM","PstI.TP467242","1","67768009","3.8052e-06","8e-04","G"
"4","Trait5","FASTmrMLM","PstI.TP1238129","1","67778818","2.0273e-05","0.0044","A"
"4","Trait5","FASTmrMLM","NsiI.TP666616","1","67782379","-0.1746","1.1736","G"
"4","Trait5","FASTmrMLM","NsiI.TP240963","1","67782585","-0.1655","0.9596","G"
"4","Trait5","FASTmrMLM","NsiI.TP507394","1","67791963","-5.2778e-06","0.0012","G"
"4","Trait5","FASTmrMLM","PstI.TP646505","1","67798760","-4.094e-06","9e-04","A"
"4","Trait5","FASTmrMLM","NsiI.TP243496","1","67824251","-0.2139","0.9101","A"
"4","Trait5","FASTmrMLM","NsiI.TP776883","1","67828541","0.164","1.0185","G"
"4","Trait5","FASTmrMLM","PstI.TP1128427","1","67833322","-4.6032e-06","0.001","C"
"4","Trait5","FASTmrMLM","NsiI.TP385048","1","67840971","4.0615e-06","9e-04","C"
"4","Trait5","FASTmrMLM","PstI.TP1287183","1","67842111","0.1143","1.0177","A"
"4","Trait5","FASTmrMLM","PstI.TP209249","1","67863639","-7.6275e-06","0.0017","C"
"4","Trait5","FASTmrMLM","PstI.TP1078708","1","67863796","-1.6292e-05","0.0036","C"
"4","Trait5","FASTmrMLM","NsiI.TP770363","1","67899901","0.1767","0.6034","G"
"4","Trait5","FASTmrMLM","NsiI.TP393087","1","67913643","-1.5722e-05","0.0034","A"
"4","Trait5","FASTmrMLM","NsiI.TP121588","1","67922481","-3.2188e-06","7e-04","A"
"4","Trait5","FASTmrMLM","PstI.TP841694","1","67926591","-2.191e-05","0.0048","C"
"4","Trait5","FASTmrMLM","NsiI.TP401450","1","67928325","-2e-04","0.0123","A"
"4","Trait5","FASTmrMLM","NsiI.TP712037","1","67933970","-4.0095e-05","0.0088","G"
"4","Trait5","FASTmrMLM","PstI.TP828045","1","67935078","8.7469e-06","0.0019","G"
"4","Trait5","FASTmrMLM","NsiI.TP147902","1","67937825","-1.9375e-05","0.0042","C"
"4","Trait5","FASTmrMLM","PstI.TP1242965","1","67938339","2.5166e-05","0.0055","A"
"4","Trait5","FASTmrMLM","NsiI.TP628972","1","67938662","0.0411","0.4424","G"
"4","Trait5","FASTmrMLM","PstI.TP234382","1","67947376","-3.0018e-05","0.0066","C"
"4","Trait5","FASTmrMLM","PstI.TP726861","1","67952212","-2.076e-06","5e-04","C"
"4","Trait5","FASTmrMLM","PstI.TP674379","1","67954429","-0.0642","0.7998","C"
"4","Trait5","FASTmrMLM","PstI.TP962618","1","67954519","9.6189e-06","0.0021","A"
"4","Trait5","FASTmrMLM","NsiI.TP348909","1","67965400","-0.1009","0.6776","A"
"4","Trait5","FASTmrMLM","PstI.TP723610","1","67965618","-3.9531e-05","0.0051","C"
"4","Trait5","FASTmrMLM","PstI.TP1242678","1","67969747","-0.0582","0.6496","C"
"4","Trait5","FASTmrMLM","PstI.TP1130916","1","67986030","5.0753e-05","0.0058","A"
"4","Trait5","FASTmrMLM","PstI.TP631738","1","68002718","9.8316e-06","0.0021","A"
"4","Trait5","FASTmrMLM","NsiI.TP103520","1","68007355","0.0312","0.4301","C"
"4","Trait5","FASTmrMLM","PstI.TP873668","1","68013493","1.5756e-05","0.0034","A"
"4","Trait5","FASTmrMLM","PstI.TP1124482","1","68019981","6.5459e-06","0.0014","A"
"4","Trait5","FASTmrMLM","NsiI.TP210174","1","68026224","2.64e-06","6e-04","A"
"4","Trait5","FASTmrMLM","PstI.TP420086","1","68042057","-7.4818e-06","0.0016","A"
"4","Trait5","FASTmrMLM","PstI.TP820370","1","68065605","0.1022","0.5728","G"
"4","Trait5","FASTmrMLM","PstI.TP59532","1","68069679","-0.0466","0.4623","C"
"4","Trait5","FASTmrMLM","PstI.TP94114","1","68081418","-4.6626e-07","1e-04","G"
"4","Trait5","FASTmrMLM","PstI.TP1065325","1","68123704","-4.9342e-06","0.0011","A"
"4","Trait5","FASTmrMLM","PstI.TP822050","1","68132274","6.2211e-06","0.0014","C"
"4","Trait5","FASTmrMLM","PstI.TP618427","1","68135205","-1.0477e-05","0.0023","C"
"4","Trait5","FASTmrMLM","PstI.TP114450","1","68143622","-1.1921e-05","0.0026","C"
"4","Trait5","FASTmrMLM","NsiI.TP624683","1","68159137","1.8666e-05","0.0041","C"
"4","Trait5","FASTmrMLM","GFSSContig14473_841","1","68163894","5.0822e-06","0.0011","A"
"4","Trait5","FASTmrMLM","NsiI.TP700374","1","68176238","7.0911e-06","0.0015","C"
"4","Trait5","FASTmrMLM","PstI.TP129411","1","68190029","1.6162e-06","4e-04","G"
"4","Trait5","FASTmrMLM","PstI.TP1089809","1","68213813","-0.0959","0.7509","C"
"4","Trait5","FASTmrMLM","PstI.TP410596","1","68214078","3.6549e-05","0.008","G"
"4","Trait5","FASTmrMLM","PstI.TP1201434","1","68222181","2.6599e-05","0.0058","A"
"4","Trait5","FASTmrMLM","PstI.TP497812","1","68250366","5.1476e-07","1e-04","A"
"4","Trait5","FASTmrMLM","NsiI.TP827526","1","68255222","-1.4931e-06","3e-04","A"
"4","Trait5","FASTmrMLM","PstI.TP502366","1","68255723","-1.6177e-05","0.0035","C"
"4","Trait5","FASTmrMLM","NsiI.TP205429","1","68259081","8.9605e-06","0.002","C"
"4","Trait5","FASTmrMLM","PstI.TP56908","1","68294067","0.1345","0.9975","C"
"4","Trait5","FASTmrMLM","NsiI.TP460161","1","68300151","-0.06","0.7994","C"
"4","Trait5","FASTmrMLM","PstI.TP878529","1","68301193","0.0929","0.6199","A"
"4","Trait5","FASTmrMLM","NsiI.TP241500","1","68301853","-9.7561e-06","0.0021","G"
"4","Trait5","FASTmrMLM","PstI.TP736706","1","68304011","0.0292","0.3252","C"
"4","Trait5","FASTmrMLM","PstI.TP1105514","1","68304064","0.0442","0.259","A"
"4","Trait5","FASTmrMLM","PstI.TP368152","1","68317162","6.4315e-06","0.0014","A"
"4","Trait5","FASTmrMLM","NsiI.TP618444","1","68323274","-3.0938e-06","7e-04","A"
"4","Trait5","FASTmrMLM","NsiI.TP563669","1","68344319","-7.2434e-06","0.0016","C"
"4","Trait5","FASTmrMLM","PstI.TP2084","1","68344425","-6.0767e-07","1e-04","C"
"4","Trait5","FASTmrMLM","PstI.TP1021466","1","68344473","-0.1982","1.6401","C"
"4","Trait5","FASTmrMLM","PstI.TP1193705","1","68372210","1.9176e-06","4e-04","A"
"4","Trait5","FASTmrMLM","NsiI.TP754784","1","68376094","-0.0172","0.1558","G"
"4","Trait5","FASTmrMLM","NsiI.TP531395","1","68376259","1.6903e-05","0.0037","A"
"4","Trait5","FASTmrMLM","NsiI.TP762644","1","68381925","2.0243e-06","4e-04","G"
"4","Trait5","FASTmrMLM","PstI.TP1731","1","68388050","-0.0822","0.4185","C"
"4","Trait5","FASTmrMLM","PstI.TP903595","1","68397652","2.393e-05","0.0052","C"
"4","Trait5","FASTmrMLM","PstI.TP940838","1","68400152","-1.8241e-05","0.004","G"
"4","Trait5","FASTmrMLM","PstI.TP345337","1","68412354","-1.6833e-05","0.0037","C"
"4","Trait5","FASTmrMLM","NsiI.TP439936","1","68414441","0.0176","0.195","A"
"4","Trait5","FASTmrMLM","NsiI.TP576771","1","68414794","0.2286","1.0929","A"
"4","Trait5","FASTmrMLM","PstI.TP369743","1","68418598","1.0492e-05","0.0023","A"
"4","Trait5","FASTmrMLM","NsiI.TP783076","1","68421456","-2.3701e-06","5e-04","C"
"4","Trait5","FASTmrMLM","NsiI.TP654803","1","68424180","2.6692e-05","0.0059","A"
"4","Trait5","FASTmrMLM","PstI.TP872396","1","68499251","-0.0543","0.5302","C"
"4","Trait5","FASTmrMLM","NsiI.TP430940","1","68502125","-0.2167","1.443","A"
"4","Trait5","FASTmrMLM","PstI.TP1131578","1","68512918","0.1299","0.7261","A"
"4","Trait5","FASTmrMLM","PstI.TP914823","1","68524535","-0.0342","0.4333","C"
"4","Trait5","FASTmrMLM","NsiI.TP372725","1","68527174","-5.1082e-05","0.0113","A"
"4","Trait5","FASTmrMLM","PstI.TP784618","1","68529560","0.3889","1.3977","G"
"4","Trait5","FASTmrMLM","PstI.TP23667","1","68558901","-6.6438e-06","0.0014","C"
"4","Trait5","FASTmrMLM","PstI.TP929783","1","68577350","1.4528e-05","0.0032","A"
"4","Trait5","FASTmrMLM","PstI.TP49463","1","68578559","1.4848e-05","0.0032","A"
"4","Trait5","FASTmrMLM","PstI.TP577286","1","68698894","1.1275e-05","0.0025","C"
"4","Trait5","FASTmrMLM","PstI.TP985998","1","68708312","0.0705","0.6918","A"
"4","Trait5","FASTmrMLM","NsiI.TP609610","1","68718517","-2.4563e-05","0.0054","A"
"4","Trait5","FASTmrMLM","PstI.TP940564","1","68737866","-2.8034e-05","0.0061","C"
"4","Trait5","FASTmrMLM","NsiI.TP793799","1","68746767","0.1516","1.1693","A"
"4","Trait5","FASTmrMLM","NsiI.TP79196","1","68759204","1.4916e-05","0.0033","G"
"4","Trait5","FASTmrMLM","PstI.TP1051399","1","68769952","2.0929e-05","0.0046","C"
"4","Trait5","FASTmrMLM","PstI.TP936112","1","68774678","1.4327e-05","0.0031","C"
"4","Trait5","FASTmrMLM","PstI.TP944489","1","68774710","-6.3347e-06","0.0014","C"
"4","Trait5","FASTmrMLM","NsiI.TP337383","1","68790731","2e-04","0.012","C"
"4","Trait5","FASTmrMLM","NsiI.TP401442","1","68804945","0.1642","0.933","A"
"4","Trait5","FASTmrMLM","NsiI.TP325760","1","68823651","4.9666e-06","0.0011","C"
"4","Trait5","FASTmrMLM","NsiI.TP188906","1","68825109","-0.0605","0.8407","G"
"4","Trait5","FASTmrMLM","NsiI.TP159049","1","68827687","-2.8489e-06","6e-04","A"
"4","Trait5","FASTmrMLM","PstI.TP997692","1","68828195","-3e-04","0.0171","A"
"4","Trait5","FASTmrMLM","PstI.TP251999","1","68828244","1.346e-05","0.0029","G"
"4","Trait5","FASTmrMLM","PstI.TP139934","1","68828445","-8.8419e-06","0.0019","A"
"4","Trait5","FASTmrMLM","NsiI.TP732439","1","68828737","0.0306","0.3369","A"
"4","Trait5","FASTmrMLM","PstI.TP986856","1","68829630","2.805e-06","6e-04","A"
"4","Trait5","FASTmrMLM","NsiI.TP778060","1","68838686","2.2309e-05","0.0049","G"
"4","Trait5","FASTmrMLM","NsiI.TP8686","1","68885051","7.1116e-06","0.0016","A"
"4","Trait5","FASTmrMLM","NsiI.TP650033","1","68897272","-0.0636","0.6514","C"
"4","Trait5","FASTmrMLM","NsiI.TP757455","1","68916800","-1.5021e-05","0.0033","C"
"4","Trait5","FASTmrMLM","PstI.TP745183","1","68939948","0.0186","0.1708","A"
"4","Trait5","FASTmrMLM","PstI.TP688823","1","68946521","0.1306","0.6096","C"
"4","Trait5","FASTmrMLM","PstI.TP711436","1","68960434","-1.309e-05","0.0029","C"
"4","Trait5","FASTmrMLM","PstI.TP707331","1","68960441","2.991e-06","7e-04","G"
"4","Trait5","FASTmrMLM","PstI.TP1107867","1","68965774","-4.9128e-06","0.0011","A"
"4","Trait5","FASTmrMLM","NsiI.TP205277","1","68965894","1.6655e-05","0.0036","C"
"4","Trait5","FASTmrMLM","PstI.TP184531","1","68967801","-1.5491e-07","3.3711e-05","A"
"4","Trait5","FASTmrMLM","NsiI.TP409392","1","68980705","4.5038e-06","0.001","C"
"4","Trait5","FASTmrMLM","NsiI.TP286611","1","68980766","2.0904e-06","5e-04","C"
"4","Trait5","FASTmrMLM","NsiI.TP276540","1","68981304","1.5534e-05","0.0034","G"
"4","Trait5","FASTmrMLM","NsiI.TP252602","1","68982448","-1.0583e-05","0.0023","C"
"4","Trait5","FASTmrMLM","PstI.TP287439","1","69014177","5.0061e-07","1e-04","C"
"4","Trait5","FASTmrMLM","PstI.TP1198391","1","69016047","-1.363e-06","3e-04","A"
"4","Trait5","FASTmrMLM","PstI.TP374675","1","69016680","-2.4034e-05","0.0053","G"
"4","Trait5","FASTmrMLM","PstI.TP374673","1","69016692","-6.233e-06","0.0014","A"
"4","Trait5","FASTmrMLM","PstI.TP287864","1","69016716","-1.3533e-05","0.003","C"
"4","Trait5","FASTmrMLM","PstI.TP1045708","1","69041513","-1.4497e-05","0.0032","C"
"4","Trait5","FASTmrMLM","PstI.TP794928","1","69043246","-8.7004e-07","2e-04","C"
"4","Trait5","FASTmrMLM","NsiI.TP801056","1","69044428","1.8479e-05","0.004","C"
"4","Trait5","FASTmrMLM","PstI.TP871336","1","69055455","1.2154e-05","0.0027","A"
"4","Trait5","FASTmrMLM","PstI.TP29658","1","69057856","-3.0947e-05","0.0068","A"
"4","Trait5","FASTmrMLM","PstI.TP833197","1","69061947","-1.2802e-05","0.0028","C"
"4","Trait5","FASTmrMLM","NsiI.TP674601","1","69112506","4.0616e-07","8.8405e-05","A"
"4","Trait5","FASTmrMLM","PstI.TP884447","1","69119836","1.4242e-05","0.0031","A"
"4","Trait5","FASTmrMLM","PstI.TP288323","1","69119899","-1.4112e-05","0.0031","C"
"4","Trait5","FASTmrMLM","PstI.TP288321","1","69119924","-0.3563","1.8533","A"
"4","Trait5","FASTmrMLM","PstI.TP521905","1","69121568","4.8857e-07","1e-04","C"
"4","Trait5","FASTmrMLM","PstI.TP777165","1","69129454","-0.0273","0.2625","A"
"4","Trait5","FASTmrMLM","PstI.TP468115","1","69143489","-2.1558e-05","0.0047","C"
"4","Trait5","FASTmrMLM","NsiI.TP5701","1","69156484","-0.1055","1.2872","C"
"4","Trait5","FASTmrMLM","NsiI.TP400429","1","69178656","-0.041","0.4788","G"
"4","Trait5","FASTmrMLM","PstI.TP299690","1","69193739","-1.0762e-05","0.0023","C"
"4","Trait5","FASTmrMLM","PstI.TP1069681","1","69204461","-3.425e-06","7e-04","C"
"4","Trait5","FASTmrMLM","PstI.TP754866","1","69204551","-0.0119","0.1234","A"
"4","Trait5","FASTmrMLM","PstI.TP489786","1","69233890","-2.5077e-05","0.0055","C"
"4","Trait5","FASTmrMLM","PstI.TP473430","1","69239697","-0.0525","0.5223","C"
"4","Trait5","FASTmrMLM","NsiI.TP127610","1","69282032","4.2489e-05","0.0093","G"
"4","Trait5","FASTmrMLM","NsiI.TP333033","1","69283813","1.5216e-05","0.0033","A"
"4","Trait5","FASTmrMLM","PstI.TP1026778","1","69284392","2.204e-06","5e-04","C"
"4","Trait5","FASTmrMLM","NsiI.TP474277","1","69292516","-1.9886e-05","0.0044","G"
"4","Trait5","FASTmrMLM","NsiI.TP228986","1","69292625","-3.0888e-06","7e-04","A"
"4","Trait5","FASTmrMLM","PstI.TP345976","1","69318742","-8.4247e-05","0.009","A"
"4","Trait5","FASTmrMLM","PstI.TP951992","1","69324980","2.5481e-05","0.0056","A"
"4","Trait5","FASTmrMLM","PstI.TP688709","1","69327852","6.9927e-06","0.0015","A"
"4","Trait5","FASTmrMLM","NsiI.TP19909","1","69328566","3.648e-05","0.008","A"
"4","Trait5","FASTmrMLM","NsiI.TP327355","1","69331734","-0.2861","2.0815","A"
"4","Trait5","FASTmrMLM","NsiI.TP294423","1","69386076","-7.632e-06","0.0017","A"
"4","Trait5","FASTmrMLM","PstI.TP385376","1","69397412","0.0785","0.8272","C"
"4","Trait5","FASTmrMLM","PstI.TP361742","1","69400386","1.3868e-05","0.003","C"
"4","Trait5","FASTmrMLM","NsiI.TP444157","1","69418722","2.3039e-06","5e-04","C"
"4","Trait5","FASTmrMLM","PstI.TP572603","1","69419938","-2.1197e-05","0.0046","C"
"4","Trait5","FASTmrMLM","PstI.TP59721","1","69434073","-7.9589e-06","0.0017","C"
"4","Trait5","FASTmrMLM","PstI.TP370271","1","69447386","-1.3792e-05","0.003","A"
"4","Trait5","FASTmrMLM","PstI.TP182911","1","69491226","0.0354","0.3","A"
"4","Trait5","FASTmrMLM","PstI.TP270796","1","69492296","-4.1745e-06","9e-04","C"
"4","Trait5","FASTmrMLM","NsiI.TP239839","1","69493415","3.0454e-05","0.0067","A"
"4","Trait5","FASTmrMLM","NsiI.TP493856","1","69496441","2.8156e-05","0.0062","A"
"4","Trait5","FASTmrMLM","NsiI.TP487740","1","69506499","-1.8373e-05","0.004","A"
"4","Trait5","FASTmrMLM","NsiI.TP487741","1","69506512","3.8094e-06","8e-04","C"
"4","Trait5","FASTmrMLM","NsiI.TP197269","1","69517152","0.0403","0.2904","G"
"4","Trait5","FASTmrMLM","NsiI.TP630503","1","69525007","-1.8035e-05","0.0039","A"
"4","Trait5","FASTmrMLM","PstI.TP784346","1","69525687","-2.1445e-05","0.0047","G"
"4","Trait5","FASTmrMLM","PstI.TP829877","1","69526201","-1.2705e-05","0.0028","C"
"4","Trait5","FASTmrMLM","NsiI.TP580761","1","69530083","-1.2294e-05","0.0027","G"
"4","Trait5","FASTmrMLM","NsiI.TP361622","1","69534233","2.5561e-06","6e-04","C"
"4","Trait5","FASTmrMLM","PstI.TP1177969","1","69551175","-7.5025e-06","0.0016","A"
"4","Trait5","FASTmrMLM","GFSSContig19996_653","1","69555622","-1.5707e-05","0.0034","A"
"4","Trait5","FASTmrMLM","PstI.TP1134597","1","69556754","-0.0618","0.6005","G"
"4","Trait5","FASTmrMLM","PstI.TP1006729","1","69556836","2.8672e-05","0.0063","A"
"4","Trait5","FASTmrMLM","PstI.TP304122","1","69587801","-2.9701e-05","0.0065","A"
"4","Trait5","FASTmrMLM","PstI.TP1241996","1","69588043","1.4488e-05","0.0032","A"
"4","Trait5","FASTmrMLM","NsiI.TP176314","1","69598404","5.9418e-06","0.0013","A"
"4","Trait5","FASTmrMLM","PstI.TP296282","1","69603963","-9.7488e-06","0.0021","C"
"4","Trait5","FASTmrMLM","PstI.TP890694","1","69615049","1.8341e-06","4e-04","A"
"4","Trait5","FASTmrMLM","NsiI.TP388683","1","69615225","2.8524e-05","0.0063","C"
"4","Trait5","FASTmrMLM","NsiI.TP604920","1","69617612","8.318e-06","0.0018","C"
"4","Trait5","FASTmrMLM","PstI.TP526428","1","69620298","-0.1343","1.0398","A"
"4","Trait5","FASTmrMLM","PstI.TP232316","1","69645448","-0.0215","0.2866","A"
"4","Trait5","FASTmrMLM","PstI.TP356750","1","69657306","-0.1759","1.1844","A"
"4","Trait5","FASTmrMLM","PstI.TP250224","1","69664479","-8.7392e-06","0.0019","C"
"4","Trait5","FASTmrMLM","PstI.TP515234","1","69680580","-0.1137","0.833","C"
"4","Trait5","FASTmrMLM","PstI.TP183071","1","69688577","1.0481e-05","0.0023","A"
"4","Trait5","FASTmrMLM","NsiI.TP693777","1","69767711","0.0119","0.1717","A"
"4","Trait5","FASTmrMLM","PstI.TP327202","1","69771717","2.0742e-05","0.0045","A"
"4","Trait5","FASTmrMLM","NsiI.TP716051","1","69775028","3.0071e-05","0.0066","A"
"4","Trait5","FASTmrMLM","PstI.TP629836","1","69776626","0.0354","0.377","A"
"4","Trait5","FASTmrMLM","PstI.TP629837","1","69776627","-2.2644e-05","0.005","C"
"4","Trait5","FASTmrMLM","PstI.TP342373","1","69789077","-4.8231e-07","1e-04","C"
"4","Trait5","FASTmrMLM","PstI.TP222462","1","69790547","-0.0205","0.2328","C"
"4","Trait5","FASTmrMLM","PstI.TP317631","1","69806063","-0.0223","0.1752","C"
"4","Trait5","FASTmrMLM","PstI.TP721511","1","69810929","-0.2082","1.323","G"
"4","Trait5","FASTmrMLM","PstI.TP821118","1","69831632","6.5345e-06","0.0014","A"
"4","Trait5","FASTmrMLM","PstI.TP1183728","1","69834022","-0.0877","0.8621","C"
"4","Trait5","FASTmrMLM","NsiI.TP204318","1","69834030","0.0131","0.1962","A"
"4","Trait5","FASTmrMLM","PstI.TP1007724","1","69846351","-1.1174e-06","2e-04","A"
"4","Trait5","FASTmrMLM","PstI.TP957697","1","69861037","2.387e-06","5e-04","A"
"4","Trait5","FASTmrMLM","PstI.TP1249688","1","69861277","0.1455","0.8103","A"
"4","Trait5","FASTmrMLM","NsiI.TP553060","1","69868836","-6.0402e-06","0.0013","A"
"4","Trait5","FASTmrMLM","PstI.TP669192","1","69877846","2.525e-05","0.0055","A"
"4","Trait5","FASTmrMLM","PstI.TP130505","1","69885963","2.1262e-05","0.0047","C"
"4","Trait5","FASTmrMLM","NsiI.TP283461","1","69907110","2.2305e-07","4.8542e-05","A"
"4","Trait5","FASTmrMLM","NsiI.TP653916","1","69920064","-0.0796","1.1104","C"
"4","Trait5","FASTmrMLM","PstI.TP1097347","1","69955856","-2.0825e-06","5e-04","A"
"4","Trait5","FASTmrMLM","PstI.TP687743","1","69969234","1.6761e-05","0.0037","C"
"4","Trait5","FASTmrMLM","PstI.TP363787","1","70069249","-0.0183","0.2868","C"
"4","Trait5","FASTmrMLM","PstI.TP1260746","1","70070968","4.2073e-06","9e-04","C"
"4","Trait5","FASTmrMLM","NsiI.TP675635","1","70082590","-1.0912e-05","0.0024","A"
"4","Trait5","FASTmrMLM","GFSSContig20175_2257","1","70174294","1.4304e-05","0.0031","T"
"4","Trait5","FASTmrMLM","PstI.TP812080","1","70190110","1.4245e-05","0.0031","A"
"4","Trait5","FASTmrMLM","PstI.TP402410","1","70205528","-9.7525e-06","0.0021","A"
"4","Trait5","FASTmrMLM","NsiI.TP340695","1","70223476","-0.0664","0.562","A"
"4","Trait5","FASTmrMLM","PstI.TP977233","1","70272418","0.1087","0.586","A"
"4","Trait5","FASTmrMLM","NsiI.TP442078","1","70293091","0.197","0.7363","A"
"4","Trait5","FASTmrMLM","PstI.TP440583","1","70293723","0.0312","0.1825","A"
"4","Trait5","FASTmrMLM","NsiI.TP758512","1","70300341","-8.4563e-06","0.0018","A"
"4","Trait5","FASTmrMLM","PstI.TP489499","1","70307404","-0.0734","0.5867","A"
"4","Trait5","FASTmrMLM","PstI.TP1241952","1","70307543","3.5366e-05","0.0078","C"
"4","Trait5","FASTmrMLM","PstI.TP204294","1","70307594","7.263e-06","0.0016","C"
"4","Trait5","FASTmrMLM","NsiI.TP10024","1","70308823","2.0591e-05","0.0045","A"
"4","Trait5","FASTmrMLM","PstI.TP1292685","1","70326613","0.1386","1.6073","C"
"4","Trait5","FASTmrMLM","PstI.TP372374","1","70331274","2.3555e-06","5e-04","A"
"4","Trait5","FASTmrMLM","PstI.TP840130","1","70354222","-1.9285e-06","4e-04","C"
"4","Trait5","FASTmrMLM","PstI.TP1041362","1","70355328","2.5483e-05","0.0056","A"
"4","Trait5","FASTmrMLM","PstI.TP395640","1","70357867","5.2026e-06","0.0011","C"
"4","Trait5","FASTmrMLM","NsiI.TP817262","1","70370783","1.0052e-05","0.0022","A"
"4","Trait5","FASTmrMLM","PstI.TP1226177","1","70377230","-2.8815e-05","0.0063","C"
"4","Trait5","FASTmrMLM","PstI.TP921276","1","70382591","-0.1619","1.0019","A"
"4","Trait5","FASTmrMLM","NsiI.TP159946","1","70402881","-0.032","0.2541","A"
"4","Trait5","FASTmrMLM","GFSSContig10391_197","1","70404542","0.172","0.8472","T"
"4","Trait5","FASTmrMLM","PstI.TP522146","1","70413087","-0.0768","0.9091","C"
"4","Trait5","FASTmrMLM","PstI.TP459201","1","70416560","-2.5772e-05","0.0056","A"
"4","Trait5","FASTmrMLM","NsiI.TP771629","1","70416577","0.0225","0.2979","G"
"4","Trait5","FASTmrMLM","PstI.TP452364","1","70416615","-3.5758e-06","8e-04","C"
"4","Trait5","FASTmrMLM","NsiI.TP508861","1","70417359","-5.6976e-06","0.0012","G"
"4","Trait5","FASTmrMLM","NsiI.TP8655","1","70417916","1.0016e-06","2e-04","A"
"4","Trait5","FASTmrMLM","PstI.TP1055999","1","70436408","-0.0371","0.3736","A"
"4","Trait5","FASTmrMLM","NsiI.TP706847","1","70445342","-1.6654e-05","0.0036","A"
"4","Trait5","FASTmrMLM","PstI.TP34700","1","70478756","1.5345e-06","3e-04","C"
"4","Trait5","FASTmrMLM","NsiI.TP238067","1","70479021","-1.7176e-05","0.0038","A"
"4","Trait5","FASTmrMLM","PstI.TP180949","1","70527436","-1.9244e-06","4e-04","A"
"4","Trait5","FASTmrMLM","PstI.TP663427","1","70529598","-1.9084e-05","0.0042","C"
"4","Trait5","FASTmrMLM","PstI.TP968118","1","70532598","-2.332e-06","5e-04","C"
"4","Trait5","FASTmrMLM","PstI.TP488184","1","70532632","-1.1171e-05","0.0024","C"
"4","Trait5","FASTmrMLM","PstI.TP158366","1","70536086","1.278e-06","3e-04","A"
"4","Trait5","FASTmrMLM","NsiI.TP347314","1","70546948","-3.5604e-06","8e-04","A"
"4","Trait5","FASTmrMLM","PstI.TP969142","1","70558586","-0.1086","0.9036","C"
"4","Trait5","FASTmrMLM","NsiI.TP350489","1","70558900","-5.4097e-06","0.0012","A"
"4","Trait5","FASTmrMLM","NsiI.TP551048","1","70577911","1.4134e-05","0.0031","G"
"4","Trait5","FASTmrMLM","PstI.TP448080","1","70586488","-0.0137","0.1704","C"
"4","Trait5","FASTmrMLM","PstI.TP351951","1","70589260","-2.8353e-05","0.0062","G"
"4","Trait5","FASTmrMLM","PstI.TP799393","1","70645621","-0.0697","0.562","C"
"4","Trait5","FASTmrMLM","NsiI.TP586456","1","70676571","-2.1393e-05","0.0047","A"
"4","Trait5","FASTmrMLM","PstI.TP494387","1","70689700","0.1702","0.8894","A"
"4","Trait5","FASTmrMLM","PstI.TP1180659","1","70717978","1.2775e-05","0.0028","A"
"4","Trait5","FASTmrMLM","PstI.TP718716","1","70718936","0.0049","0.1108","A"
"4","Trait5","FASTmrMLM","GFSSContig11916_535","1","70719937","-3.5454e-05","0.0078","A"
"4","Trait5","FASTmrMLM","PstI.TP33054","1","70724568","0.0302","0.2098","A"
"4","Trait5","FASTmrMLM","PstI.TP1205408","1","70741243","-3.6864e-06","8e-04","C"
"4","Trait5","FASTmrMLM","PstI.TP173623","1","70746071","-2.2662e-06","5e-04","C"
"4","Trait5","FASTmrMLM","PstI.TP911544","1","70749500","-0.0575","0.3034","A"
"4","Trait5","FASTmrMLM","PstI.TP790103","1","70752961","-1.2802e-05","0.0028","A"
"4","Trait5","FASTmrMLM","PstI.TP549992","1","70753172","-1.5145e-08","3.2957e-06","C"
"4","Trait5","FASTmrMLM","PstI.TP665587","1","70753604","0.0391","0.3176","C"
"4","Trait5","FASTmrMLM","NsiI.TP353419","1","70763753","-1.6403e-05","0.0036","C"
"4","Trait5","FASTmrMLM","PstI.TP530224","1","70772572","1e-04","0.0083","A"
"4","Trait5","FASTmrMLM","PstI.TP225232","1","70799952","0.2715","1.0702","A"
"4","Trait5","FASTmrMLM","PstI.TP69823","1","70805200","2.9094e-05","0.0064","C"
"4","Trait5","FASTmrMLM","PstI.TP1295242","1","70821690","5.4968e-06","0.0012","C"
"4","Trait5","FASTmrMLM","PstI.TP711376","1","70838018","-2.7392e-06","6e-04","A"
"4","Trait5","FASTmrMLM","NsiI.TP631996","1","70863806","2.3021e-05","0.005","C"
"4","Trait5","FASTmrMLM","NsiI.TP632002","1","70863814","-4.3803e-05","0.0096","C"
"4","Trait5","FASTmrMLM","NsiI.TP603054","1","70882642","1.0813e-05","0.0024","A"
"4","Trait5","FASTmrMLM","PstI.TP133902","1","70891541","-1.2017e-05","0.0026","A"
"4","Trait5","FASTmrMLM","NsiI.TP44825","1","70914156","-0.094","0.7965","A"
"4","Trait5","FASTmrMLM","NsiI.TP828370","1","70923770","-1.2759e-05","0.0028","G"
"4","Trait5","FASTmrMLM","PstI.TP135535","1","70955272","2.7515e-05","0.006","C"
"4","Trait5","FASTmrMLM","PstI.TP1193640","1","70959491","-0.0976","0.824","C"
"4","Trait5","FASTmrMLM","PstI.TP1046932","1","70959564","-2.4838e-05","0.0054","A"
"4","Trait5","FASTmrMLM","NsiI.TP664650","1","71025558","-1.2506e-05","0.0027","A"
"4","Trait5","FASTmrMLM","PstI.TP665902","1","71068001","2.4475e-05","0.0054","A"
"4","Trait5","FASTmrMLM","PstI.TP853551","1","71069569","6.3569e-06","0.0014","C"
"4","Trait5","FASTmrMLM","PstI.TP1113308","1","71070381","0.3099","1.6119","A"
"4","Trait5","FASTmrMLM","NsiI.TP267059","1","71071057","-0.1388","1.1403","C"
"4","Trait5","FASTmrMLM","NsiI.TP614856","1","71075654","0.0234","0.1602","C"
"4","Trait5","FASTmrMLM","NsiI.TP64614","1","71079620","2.1011e-07","4.5727e-05","C"
"4","Trait5","FASTmrMLM","PstI.TP548356","1","71082455","1.0232e-05","0.0022","G"
"4","Trait5","FASTmrMLM","PstI.TP1172129","1","71086656","0.0317","0.2466","A"
"4","Trait5","FASTmrMLM","PstI.TP1172162","1","71086658","-3.284e-06","7e-04","A"
"4","Trait5","FASTmrMLM","PstI.TP1046209","1","71112715","4.5124e-06","0.001","A"
"4","Trait5","FASTmrMLM","PstI.TP301362","1","71125764","-1.0818e-05","0.0024","A"
"4","Trait5","FASTmrMLM","PstI.TP1260320","1","71135288","-2.0112e-06","4e-04","C"
"4","Trait5","FASTmrMLM","PstI.TP698485","1","71153581","0.0876","0.5938","A"
"4","Trait5","FASTmrMLM","NsiI.TP33811","1","71154148","2.8525e-05","0.0063","C"
"4","Trait5","FASTmrMLM","PstI.TP301031","1","71156709","7.6577e-06","0.0017","A"
"4","Trait5","FASTmrMLM","NsiI.TP338353","1","71156917","7.9165e-06","0.0017","A"
"4","Trait5","FASTmrMLM","PstI.TP1260916","1","71157310","0.0221","0.1495","A"
"4","Trait5","FASTmrMLM","PstI.TP38927","1","71163836","-1.7548e-05","0.0038","A"
"4","Trait5","FASTmrMLM","PstI.TP713432","1","71174660","1.6418e-05","0.0036","C"
"4","Trait5","FASTmrMLM","GFSSContig12526_606","1","71182923","2.1704e-06","5e-04","T"
"4","Trait5","FASTmrMLM","GFSSContig18694_969","1","71184431","1.8026e-06","4e-04","T"
"4","Trait5","FASTmrMLM","PstI.TP212855","1","71195899","-3.6387e-05","0.008","C"
"4","Trait5","FASTmrMLM","NsiI.TP609079","1","71221775","0.0265","0.1973","A"
"4","Trait5","FASTmrMLM","PstI.TP1052870","1","71227822","-1.5587e-05","0.0034","A"
"4","Trait5","FASTmrMLM","PstI.TP218467","1","71228475","-1.7045e-05","0.0037","A"
"4","Trait5","FASTmrMLM","PstI.TP380221","1","71235386","-4.6931e-06","0.001","A"
"4","Trait5","FASTmrMLM","PstI.TP142395","1","71238859","-1.9785e-05","0.0043","A"
"4","Trait5","FASTmrMLM","PstI.TP461821","1","71239180","1.1347e-05","0.0025","C"
"4","Trait5","FASTmrMLM","NsiI.TP363847","1","71249684","9.4922e-06","0.0021","A"
"4","Trait5","FASTmrMLM","NsiI.TP441114","1","71250822","-1.23e-05","0.0027","C"
"4","Trait5","FASTmrMLM","PstI.TP754592","1","71251901","-1.261e-05","0.0028","A"
"4","Trait5","FASTmrMLM","PstI.TP745772","1","71261629","3.8847e-05","0.005","A"
"4","Trait5","FASTmrMLM","NsiI.TP227336","1","71286147","-1.6058e-05","0.0035","A"
"4","Trait5","FASTmrMLM","NsiI.TP523695","1","71288051","1.6637e-05","0.0036","C"
"4","Trait5","FASTmrMLM","NsiI.TP234211","1","71290395","-0.0521","0.3593","C"
"4","Trait5","FASTmrMLM","PstI.TP1112721","1","71302602","-0.1095","0.6578","C"
"4","Trait5","FASTmrMLM","PstI.TP669762","1","71322148","-2.8516e-05","0.0063","A"
"4","Trait5","FASTmrMLM","NsiI.TP756804","1","71322389","-6.8765e-07","1e-04","A"
"4","Trait5","FASTmrMLM","PstI.TP805461","1","71344044","3.065e-05","0.0067","C"
"4","Trait5","FASTmrMLM","NsiI.TP693931","1","71370174","1.1568e-06","3e-04","C"
"4","Trait5","FASTmrMLM","PstI.TP1177494","1","71370263","1.449e-05","0.0032","A"
"4","Trait5","FASTmrMLM","NsiI.TP82540","1","71370263","1.2934e-05","0.0028","A"
"4","Trait5","FASTmrMLM","PstI.TP805981","1","71371113","2.9245e-05","0.0064","G"
"4","Trait5","FASTmrMLM","PstI.TP588686","1","71389933","1.5896e-05","0.0035","C"
"4","Trait5","FASTmrMLM","NsiI.TP668636","1","71391032","4.2724e-06","9e-04","C"
"4","Trait5","FASTmrMLM","PstI.TP901545","1","71391273","8.7593e-06","0.0019","G"
"4","Trait5","FASTmrMLM","PstI.TP682187","1","71443578","-1e-04","0.0105","A"
"4","Trait5","FASTmrMLM","PstI.TP463661","1","71460631","1.5477e-05","0.0034","A"
"4","Trait5","FASTmrMLM","NsiI.TP6232","1","71460901","-1.9963e-05","0.0044","C"
"4","Trait5","FASTmrMLM","PstI.TP65793","1","71466825","-0.0546","0.5837","A"
"4","Trait5","FASTmrMLM","PstI.TP881015","1","71469178","3e-04","0.0141","A"
"4","Trait5","FASTmrMLM","GFSSContig17622_639","1","71469331","1.0559e-06","2e-04","T"
"4","Trait5","FASTmrMLM","NsiI.TP345789","1","71472888","1.8366e-05","0.004","A"
"4","Trait5","FASTmrMLM","PstI.TP80","1","71496795","-0.0115","0.1738","A"
"4","Trait5","FASTmrMLM","GFSSContig7317_190","1","71505138","-0.0345","0.268","A"
"4","Trait5","FASTmrMLM","PstI.TP1265392","1","71506619","-0.0919","0.9321","C"
"4","Trait5","FASTmrMLM","NsiI.TP456517","1","71506832","-4e-04","0.0197","C"
"4","Trait5","FASTmrMLM","PstI.TP1160624","1","71507069","-1.0936e-05","0.0024","A"
"4","Trait5","FASTmrMLM","PstI.TP826904","1","71509086","-2.6753e-05","0.0059","A"
"4","Trait5","FASTmrMLM","PstI.TP635920","1","71525230","-0.0923","0.865","C"
"4","Trait5","FASTmrMLM","PstI.TP773311","1","71563448","1.8234e-05","0.004","C"
"4","Trait5","FASTmrMLM","NsiI.TP520596","1","71567399","-0.0324","0.4204","A"
"4","Trait5","FASTmrMLM","NsiI.TP525740","1","71568891","-9.8655e-06","0.0022","G"
"4","Trait5","FASTmrMLM","NsiI.TP225931","1","71600950","-0.0238","0.1858","A"
"4","Trait5","FASTmrMLM","PstI.TP118924","1","71639905","-4.4439e-06","0.001","C"
"4","Trait5","FASTmrMLM","NsiI.TP55442","1","71666996","0.046","0.4052","A"
"4","Trait5","FASTmrMLM","PstI.TP998425","1","71688433","-2.3023e-05","0.005","G"
"4","Trait5","FASTmrMLM","NsiI.TP432172","1","71698309","-0.1084","1.1181","G"
"4","Trait5","FASTmrMLM","PstI.TP170189","1","71699333","-0.144","0.8637","A"
"4","Trait5","FASTmrMLM","NsiI.TP742360","1","71702156","-1.2605e-06","3e-04","A"
"4","Trait5","FASTmrMLM","NsiI.TP229180","1","71707969","2.2825e-06","5e-04","C"
"4","Trait5","FASTmrMLM","NsiI.TP814565","1","71710260","1.9254e-05","0.0042","C"
"4","Trait5","FASTmrMLM","NsiI.TP528559","1","71711055","9.6602e-06","0.0021","C"
"4","Trait5","FASTmrMLM","PstI.TP352846","1","71717994","-3.0041e-05","0.0066","C"
"4","Trait5","FASTmrMLM","NsiI.TP760095","1","71718657","-0.1144","0.6882","A"
"4","Trait5","FASTmrMLM","PstI.TP352811","1","71729037","-1.329e-05","0.0029","A"
"4","Trait5","FASTmrMLM","PstI.TP586874","1","71729101","-3.3114e-07","7.2087e-05","A"
"4","Trait5","FASTmrMLM","PstI.TP397645","1","71731073","0.0677","0.583","A"
"4","Trait5","FASTmrMLM","PstI.TP33981","1","71732178","6.799e-07","1e-04","C"
"4","Trait5","FASTmrMLM","PstI.TP256584","1","71749251","-8.3912e-06","0.0018","C"
"4","Trait5","FASTmrMLM","PstI.TP841306","1","71749339","0.2623","1.0742","A"
"4","Trait5","FASTmrMLM","GFSSContig18963_787","1","71755080","-2.3229e-05","0.0051","T"
"4","Trait5","FASTmrMLM","PstI.TP1094527","1","71782202","8.2342e-06","0.0018","A"
"4","Trait5","FASTmrMLM","NsiI.TP20381","1","71795739","0.1528","1.1514","G"
"4","Trait5","FASTmrMLM","NsiI.TP214519","1","71815536","0.0313","0.3685","A"
"4","Trait5","FASTmrMLM","PstI.TP271687","1","71823399","-0.1099","1.2607","C"
"4","Trait5","FASTmrMLM","NsiI.TP360063","1","71825840","2.9402e-05","0.0064","C"
"4","Trait5","FASTmrMLM","PstI.TP224158","1","71831375","0.072","0.2926","C"
"4","Trait5","FASTmrMLM","PstI.TP903662","1","71837908","0.0356","0.2819","C"
"4","Trait5","FASTmrMLM","PstI.TP871065","1","71868564","6.7453e-06","0.0015","A"
"4","Trait5","FASTmrMLM","NsiI.TP59960","1","71875702","-1.9499e-05","0.0043","A"
"4","Trait5","FASTmrMLM","NsiI.TP59961","1","71875725","3.2678e-05","0.0072","C"
"4","Trait5","FASTmrMLM","PstI.TP448714","1","71901069","0.2121","1.073","A"
"4","Trait5","FASTmrMLM","PstI.TP436494","1","71906250","-0.0086","0.1605","C"
"4","Trait5","FASTmrMLM","PstI.TP1259220","1","71924579","0.0558","0.318","C"
"4","Trait5","FASTmrMLM","PstI.TP271813","1","71926599","5.6777e-06","0.0012","C"
"4","Trait5","FASTmrMLM","PstI.TP590182","1","71928782","0.0501","0.3558","C"
"4","Trait5","FASTmrMLM","NsiI.TP345468","1","71931769","1.4074e-05","0.0031","G"
"4","Trait5","FASTmrMLM","PstI.TP283526","1","71936668","6.7998e-06","0.0015","C"
"4","Trait5","FASTmrMLM","PstI.TP886622","1","71946280","-1.2201e-05","0.0027","A"
"4","Trait5","FASTmrMLM","NsiI.TP351499","1","71949166","-0.0383","0.3192","A"
"4","Trait5","FASTmrMLM","NsiI.TP267471","1","71949181","2.3472e-05","0.0051","G"
"4","Trait5","FASTmrMLM","NsiI.TP799676","1","71955139","7.9691e-06","0.0017","A"
"4","Trait5","FASTmrMLM","PstI.TP421406","1","71974654","-0.072","0.5191","C"
"4","Trait5","FASTmrMLM","NsiI.TP576258","1","71984395","-0.0314","0.2826","C"
"4","Trait5","FASTmrMLM","NsiI.TP367275","1","72012340","1.4847e-05","0.0032","A"
"4","Trait5","FASTmrMLM","PstI.TP381598","1","72014976","1.6146e-05","0.0035","A"
"4","Trait5","FASTmrMLM","PstI.TP215976","1","72027878","0.1191","0.7348","C"
"4","Trait5","FASTmrMLM","NsiI.TP604843","1","72043861","-0.0161","0.2204","A"
"4","Trait5","FASTmrMLM","NsiI.TP544201","1","72059833","2.8206e-05","0.0062","A"
"4","Trait5","FASTmrMLM","NsiI.TP304452","1","72088732","1.478e-05","0.0032","C"
"4","Trait5","FASTmrMLM","NsiI.TP259034","1","72098932","1.8758e-05","0.0041","C"
"4","Trait5","FASTmrMLM","GFSSContig15477","1","72122767","0.1057","0.9715","T"
"4","Trait5","FASTmrMLM","PstI.TP1168153","1","72122981","-2.5001e-06","5e-04","A"
"4","Trait5","FASTmrMLM","PstI.TP1212724","1","72123046","9.8818e-06","0.0022","C"
"4","Trait5","FASTmrMLM","NsiI.TP211798","1","72131324","0.1076","0.7169","A"
"4","Trait5","FASTmrMLM","PstI.TP298274","1","72133723","-2.3975e-05","0.0052","C"
"4","Trait5","FASTmrMLM","PstI.TP916434","1","72137966","-1.0776e-05","0.0024","A"
"4","Trait5","FASTmrMLM","PstI.TP1184661","1","72144773","-0.1488","1.804","C"
"4","Trait5","FASTmrMLM","PstI.TP55623","1","72147488","-0.0076","0.093","A"
"4","Trait5","FASTmrMLM","PstI.TP288856","1","72170357","-1.6433e-06","4e-04","G"
"4","Trait5","FASTmrMLM","NsiI.TP499949","1","72170440","-0.0723","0.4568","A"
"4","Trait5","FASTmrMLM","PstI.TP1178947","1","72170699","-4.9523e-06","0.0011","A"
"4","Trait5","FASTmrMLM","PstI.TP324568","1","72175111","-0.1568","1.2929","C"
"4","Trait5","FASTmrMLM","PstI.TP1025376","1","72186259","0.0143","0.2101","A"
"4","Trait5","FASTmrMLM","PstI.TP963844","1","72204894","6.5707e-05","0.0078","A"
"4","Trait5","FASTmrMLM","PstI.TP23506","1","72214314","-0.0147","0.2158","C"
"4","Trait5","FASTmrMLM","GFSSContig19961_188","1","72220849","-2.219e-05","0.0049","C"
"4","Trait5","FASTmrMLM","PstI.TP389192","1","72222738","-2.6969e-05","0.0059","A"
"4","Trait5","FASTmrMLM","NsiI.TP10297","1","72232363","0.0951","0.447","A"
"4","Trait5","FASTmrMLM","PstI.TP852297","1","72235992","0.0778","0.8018","A"
"4","Trait5","FASTmrMLM","PstI.TP1168372","1","72238288","1.345e-05","0.0029","A"
"4","Trait5","FASTmrMLM","PstI.TP1168619","1","72248681","8.9546e-07","2e-04","A"
"4","Trait5","FASTmrMLM","PstI.TP106735","1","72248683","0.2309","1.6564","A"
"4","Trait5","FASTmrMLM","PstI.TP198202","1","72248913","-6.3958e-06","0.0014","C"
"4","Trait5","FASTmrMLM","PstI.TP163995","1","72261839","-2.4025e-06","5e-04","C"
"4","Trait5","FASTmrMLM","NsiI.TP247746","1","72265162","-1.388e-06","3e-04","C"
"4","Trait5","FASTmrMLM","NsiI.TP555342","1","72280607","0.0626","0.923","A"
"4","Trait5","FASTmrMLM","PstI.TP843326","1","72291957","7.7581e-07","2e-04","A"
"4","Trait5","FASTmrMLM","PstI.TP1143540","1","72294378","0.1302","1.1839","C"
"4","Trait5","FASTmrMLM","PstI.TP1272710","1","72295373","2.9972e-05","0.0066","C"
"4","Trait5","FASTmrMLM","NsiI.TP221927","1","72301205","-4.2064e-06","9e-04","A"
"4","Trait5","FASTmrMLM","PstI.TP1177477","1","72302086","1.1244e-06","2e-04","C"
"4","Trait5","FASTmrMLM","PstI.TP197060","1","72303333","-0.1352","0.6846","A"
"4","Trait5","FASTmrMLM","PstI.TP1136034","1","72327412","-1.1974e-05","0.0026","C"
"4","Trait5","FASTmrMLM","PstI.TP634894","1","72331899","0.1007","1.1722","C"
"4","Trait5","FASTmrMLM","PstI.TP1035398","1","72342880","-0.0641","0.4699","A"
"4","Trait5","FASTmrMLM","PstI.TP1150061","1","72347889","-8.8435e-07","2e-04","G"
"4","Trait5","FASTmrMLM","NsiI.TP505177","1","72348319","-0.1557","0.4817","G"
"4","Trait5","FASTmrMLM","PstI.TP650147","1","72348332","-3.9904e-06","9e-04","A"
"4","Trait5","FASTmrMLM","NsiI.TP462844","1","72348521","-6.0438e-06","0.0013","A"
"4","Trait5","FASTmrMLM","PstI.TP13354","1","72348985","8.7571e-06","0.0019","G"
"4","Trait5","FASTmrMLM","PstI.TP13355","1","72349022","-1.937e-05","0.0042","C"
"4","Trait5","FASTmrMLM","NsiI.TP568728","1","72350946","-0.0615","0.4093","A"
"4","Trait5","FASTmrMLM","PstI.TP452929","1","72368447","-2.1503e-06","5e-04","A"
"4","Trait5","FASTmrMLM","NsiI.TP607427","1","72380263","-1.7866e-06","4e-04","A"
"4","Trait5","FASTmrMLM","NsiI.TP555321","1","72455894","2.815e-05","0.0062","C"
"4","Trait5","FASTmrMLM","NsiI.TP811382","1","72464009","8.0334e-06","0.0018","C"
"4","Trait5","FASTmrMLM","PstI.TP913771","1","72469518","-1.6287e-05","0.0036","C"
"4","Trait5","FASTmrMLM","PstI.TP813982","1","72476178","-6.5026e-06","0.0014","C"
"4","Trait5","FASTmrMLM","PstI.TP1028892","1","72476957","-3.2997e-05","0.0072","G"
"4","Trait5","FASTmrMLM","PstI.TP1237469","1","72494540","-5.8117e-06","0.0013","C"
"4","Trait5","FASTmrMLM","PstI.TP468706","1","72516014","7.0561e-06","0.0015","A"
"4","Trait5","FASTmrMLM","PstI.TP1250869","1","72516911","1.4e-05","0.0031","A"
"4","Trait5","FASTmrMLM","PstI.TP834002","1","72517077","0.0067","0.1329","A"
"4","Trait5","FASTmrMLM","NsiI.TP145885","1","72524116","-0.1057","0.8267","A"
"4","Trait5","FASTmrMLM","PstI.TP378462","1","72566191","1.6239e-05","0.0035","C"
"4","Trait5","FASTmrMLM","PstI.TP91130","1","72585815","-6.7018e-06","0.0015","G"
"4","Trait5","FASTmrMLM","NsiI.TP652520","1","72620519","-1.3452e-05","0.0029","A"
"4","Trait5","FASTmrMLM","NsiI.TP508594","1","72623469","-0.0476","0.2907","C"
"4","Trait5","FASTmrMLM","NsiI.TP132536","1","72623717","-5.9415e-05","0.0073","C"
"4","Trait5","FASTmrMLM","PstI.TP645994","1","72633618","3.024e-05","0.0066","A"
"4","Trait5","FASTmrMLM","PstI.TP1222284","1","72660548","4.3706e-06","0.001","C"
"4","Trait5","FASTmrMLM","PstI.TP49873","1","72661944","0.0624","0.8507","G"
"4","Trait5","FASTmrMLM","NsiI.TP594207","1","72663556","-0.0773","0.5802","C"
"4","Trait5","FASTmrMLM","PstI.TP1207347","1","72663921","-0.0345","0.355","C"
"4","Trait5","FASTmrMLM","NsiI.TP388887","1","72666037","0.0205","0.1161","C"
"4","Trait5","FASTmrMLM","PstI.TP412177","1","72673321","4.6954e-06","0.001","A"
"4","Trait5","FASTmrMLM","NsiI.TP674263","1","72675641","-2.6884e-05","0.0059","A"
"4","Trait5","FASTmrMLM","NsiI.TP469911","1","72682614","3.7178e-05","0.0082","C"
"4","Trait5","FASTmrMLM","NsiI.TP786579","1","72682717","2.697e-06","6e-04","A"
"4","Trait5","FASTmrMLM","NsiI.TP394481","1","72690463","-3.3004e-05","0.0072","A"
"4","Trait5","FASTmrMLM","PstI.TP1267101","1","72690983","1.2316e-05","0.0027","C"
"4","Trait5","FASTmrMLM","PstI.TP356352","1","72691347","3.2809e-05","0.0072","C"
"4","Trait5","FASTmrMLM","PstI.TP1111001","1","72699767","0.1016","0.4133","A"
"4","Trait5","FASTmrMLM","PstI.TP867217","1","72701068","0.1841","0.9179","C"
"4","Trait5","FASTmrMLM","NsiI.TP6172","1","72725653","3.8879e-06","8e-04","A"
"4","Trait5","FASTmrMLM","NsiI.TP81654","1","72734854","1.1714e-05","0.0026","A"
"4","Trait5","FASTmrMLM","PstI.TP82716","1","72737215","2.3697e-06","5e-04","A"
"4","Trait5","FASTmrMLM","NsiI.TP742458","1","72741549","-4.3299e-06","9e-04","C"
"4","Trait5","FASTmrMLM","PstI.TP1104826","1","72744589","0.028","0.2967","C"
"4","Trait5","FASTmrMLM","NsiI.TP670607","1","72759048","1.8805e-05","0.0041","A"
"4","Trait5","FASTmrMLM","NsiI.TP87947","1","72759085","3.0658e-06","7e-04","A"
"4","Trait5","FASTmrMLM","PstI.TP834572","1","72763177","-1.2214e-05","0.0027","A"
"4","Trait5","FASTmrMLM","PstI.TP122384","1","72791843","0.0343","0.3888","C"
"4","Trait5","FASTmrMLM","NsiI.TP760870","1","72814385","-2.745e-05","0.006","A"
"4","Trait5","FASTmrMLM","PstI.TP990238","1","72830421","0.0389","0.5395","C"
"4","Trait5","FASTmrMLM","PstI.TP69064","1","72841125","-4.6568e-07","1e-04","A"
"4","Trait5","FASTmrMLM","NsiI.TP153110","1","72852234","-2.6686e-06","6e-04","A"
"4","Trait5","FASTmrMLM","PstI.TP1158409","1","72860093","6.0709e-06","0.0013","A"
"4","Trait5","FASTmrMLM","PstI.TP273518","1","72860991","-0.0698","0.4509","C"
"4","Trait5","FASTmrMLM","PstI.TP365519","1","72860999","-1.1404e-07","2.4819e-05","G"
"4","Trait5","FASTmrMLM","PstI.TP1164523","1","72861113","0.0558","0.3286","C"
"4","Trait5","FASTmrMLM","PstI.TP708871","1","72868211","-0.0799","0.4188","C"
"4","Trait5","FASTmrMLM","PstI.TP889862","1","72868614","2e-04","0.014","G"
"4","Trait5","FASTmrMLM","NsiI.TP200059","1","72872198","4.9809e-06","0.0011","C"
"4","Trait5","FASTmrMLM","PstI.TP1004938","1","72895372","1.4906e-05","0.0033","C"
"4","Trait5","FASTmrMLM","PstI.TP195038","1","72903432","0.2421","1.141","G"
"4","Trait5","FASTmrMLM","PstI.TP339412","1","72911521","0.2298","1.0391","G"
"4","Trait5","FASTmrMLM","PstI.TP873401","1","72914676","-1.0749e-05","0.0023","C"
"4","Trait5","FASTmrMLM","PstI.TP848433","1","72949385","-1.1861e-05","0.0026","C"
"4","Trait5","FASTmrMLM","PstI.TP97512","1","72949822","2.0877e-06","5e-04","A"
"4","Trait5","FASTmrMLM","PstI.TP735061","1","72976269","-3.2634e-07","7.1023e-05","C"
"4","Trait5","FASTmrMLM","NsiI.TP613724","1","72976871","2.903e-05","0.0064","C"
"4","Trait5","FASTmrMLM","PstI.TP587962","1","72984552","-2.4696e-05","0.0054","A"
"4","Trait5","FASTmrMLM","NsiI.TP33363","1","72987528","0.0585","0.5657","C"
"4","Trait5","FASTmrMLM","PstI.TP326325","1","72996509","-1.0798e-05","0.0024","A"
"4","Trait5","FASTmrMLM","PstI.TP1277595","1","73013204","0.1785","0.7107","A"
"4","Trait5","FASTmrMLM","NsiI.TP675729","1","73026878","-1.8341e-05","0.004","G"
"4","Trait5","FASTmrMLM","NsiI.TP675727","1","73026885","0.0076","0.1381","A"
"4","Trait5","FASTmrMLM","NsiI.TP453211","1","73034023","-1.0224e-05","0.0022","A"
"4","Trait5","FASTmrMLM","PstI.TP1152951","1","73036679","-0.0977","0.8998","C"
"4","Trait5","FASTmrMLM","PstI.TP1038172","1","73037380","5.0273e-06","0.0011","A"
"4","Trait5","FASTmrMLM","NsiI.TP508753","1","73042701","-3.7897e-06","8e-04","A"
"4","Trait5","FASTmrMLM","NsiI.TP507421","1","73059093","-2.4233e-05","0.0053","C"
"4","Trait5","FASTmrMLM","PstI.TP180465","1","73062507","4.3104e-06","9e-04","G"
"4","Trait5","FASTmrMLM","NsiI.TP274080","1","73064136","-4.8341e-06","0.0011","G"
"4","Trait5","FASTmrMLM","GFSSContig8113_253","1","73087203","-2.7222e-05","0.006","A"
"4","Trait5","FASTmrMLM","PstI.TP913272","1","73099596","2.8184e-05","0.0062","C"
"4","Trait5","FASTmrMLM","NsiI.TP148166","1","73109471","-6.6802e-06","0.0015","A"
"4","Trait5","FASTmrMLM","PstI.TP837057","1","73119677","-1.1603e-06","3e-04","C"
"4","Trait5","FASTmrMLM","PstI.TP209975","1","73122812","-1.1705e-05","0.0026","A"
"4","Trait5","FASTmrMLM","NsiI.TP151812","1","73122816","4.9513e-06","0.0011","A"
"4","Trait5","FASTmrMLM","NsiI.TP216198","1","73125177","0.0704","0.4354","G"
"4","Trait5","FASTmrMLM","PstI.TP927424","1","73127829","-0.3136","1.5887","A"
"4","Trait5","FASTmrMLM","NsiI.TP422526","1","73137230","1.3766e-05","0.003","C"
"4","Trait5","FASTmrMLM","PstI.TP666143","1","73143593","-2.5754e-06","6e-04","A"
"4","Trait5","FASTmrMLM","PstI.TP1212476","1","73145262","2.8468e-08","6.1952e-06","A"
"4","Trait5","FASTmrMLM","NsiI.TP156560","1","73170217","1e-04","0.0119","C"
"4","Trait5","FASTmrMLM","PstI.TP1181312","1","73170409","0.0406","0.253","A"
"4","Trait5","FASTmrMLM","PstI.TP1047587","1","73170480","9.2379e-06","0.002","A"
"4","Trait5","FASTmrMLM","NsiI.TP690845","1","73173149","2.8736e-06","6e-04","C"
"4","Trait5","FASTmrMLM","PstI.TP408698","1","73181067","0.0844","0.7558","C"
"4","Trait5","FASTmrMLM","PstI.TP360407","1","73181762","-0.039","0.3542","A"
"4","Trait5","FASTmrMLM","PstI.TP880946","1","73182431","0.1801","0.849","C"
"4","Trait5","FASTmrMLM","NsiI.TP397168","1","73183621","-0.0154","0.2668","G"
"4","Trait5","FASTmrMLM","PstI.TP1187691","1","73183705","-1.3661e-05","0.003","C"
"4","Trait5","FASTmrMLM","PstI.TP491291","1","73199290","-0.024","0.2029","C"
"4","Trait5","FASTmrMLM","NsiI.TP611100","1","73210908","3e-04","0.0152","A"
"4","Trait5","FASTmrMLM","NsiI.TP552857","1","73216460","-7.4792e-06","0.0016","G"
"4","Trait5","FASTmrMLM","NsiI.TP435271","1","73216515","7.0337e-06","0.0015","A"
"4","Trait5","FASTmrMLM","NsiI.TP811866","1","73230480","2.9751e-05","0.0065","C"
"4","Trait5","FASTmrMLM","NsiI.TP620864","1","73234924","1.472e-05","0.0032","A"
"4","Trait5","FASTmrMLM","PstI.TP827589","1","73240480","-2.5815e-06","6e-04","A"
"4","Trait5","FASTmrMLM","NsiI.TP628928","1","73247122","2.5644e-06","6e-04","C"
"4","Trait5","FASTmrMLM","PstI.TP354576","1","73254845","2.6032e-05","0.0057","C"
"4","Trait5","FASTmrMLM","PstI.TP359705","1","73259173","-0.0787","0.4703","C"
"4","Trait5","FASTmrMLM","NsiI.TP172096","1","73259271","2.0484e-06","4e-04","C"
"4","Trait5","FASTmrMLM","PstI.TP745945","1","73261615","-1e-04","0.011","G"
"4","Trait5","FASTmrMLM","NsiI.TP813085","1","73266383","-5.3737e-06","0.0012","C"
"4","Trait5","FASTmrMLM","NsiI.TP702993","1","73273481","5.4413e-06","0.0012","C"
"4","Trait5","FASTmrMLM","PstI.TP5073","1","73274153","-2.9513e-06","6e-04","A"
"4","Trait5","FASTmrMLM","NsiI.TP222587","1","73275339","-1.0332e-06","2e-04","A"
"4","Trait5","FASTmrMLM","NsiI.TP146445","1","73316692","-2.6796e-06","6e-04","C"
"4","Trait5","FASTmrMLM","PstI.TP448761","1","73324734","1.7482e-05","0.0038","C"
"4","Trait5","FASTmrMLM","PstI.TP819173","1","73334962","-0.0206","0.2876","A"
"4","Trait5","FASTmrMLM","PstI.TP637766","1","73335155","-2.4351e-06","5e-04","A"
"4","Trait5","FASTmrMLM","PstI.TP757801","1","73392292","4.2878e-06","9e-04","C"
"4","Trait5","FASTmrMLM","PstI.TP368239","1","73423927","-6.3364e-06","0.0014","A"
"4","Trait5","FASTmrMLM","NsiI.TP485844","1","73429352","3.8464e-06","8e-04","A"
"4","Trait5","FASTmrMLM","PstI.TP636334","1","73435857","0.1892","1.6424","A"
"4","Trait5","FASTmrMLM","NsiI.TP319918","1","73448725","-0.2294","2.4774","A"
"4","Trait5","FASTmrMLM","PstI.TP1254730","1","73475354","-1.1045e-05","0.0024","G"
"4","Trait5","FASTmrMLM","PstI.TP76766","1","73479855","-0.1544","0.6651","G"
"4","Trait5","FASTmrMLM","PstI.TP114424","1","73494664","0.0254","0.2354","A"
"4","Trait5","FASTmrMLM","PstI.TP837664","1","73498170","-4.5702e-06","0.001","A"
"4","Trait5","FASTmrMLM","NsiI.TP716117","1","73501589","0.0806","0.4462","C"
"4","Trait5","FASTmrMLM","PstI.TP1243455","1","73504848","-5.2432e-07","1e-04","A"
"4","Trait5","FASTmrMLM","PstI.TP160648","1","73515608","5.6283e-06","0.0012","A"
"4","Trait5","FASTmrMLM","PstI.TP1087435","1","73516899","1.4715e-05","0.0032","A"
"4","Trait5","FASTmrMLM","PstI.TP103448","1","73516989","2.4903e-06","5e-04","A"
"4","Trait5","FASTmrMLM","PstI.TP274902","1","73517954","-0.0408","0.4591","C"
"4","Trait5","FASTmrMLM","PstI.TP249057","1","73523293","-5.6972e-06","0.0012","A"
"4","Trait5","FASTmrMLM","PstI.TP1007073","1","73532076","5.8517e-06","0.0013","C"
"4","Trait5","FASTmrMLM","NsiI.TP282407","1","73542574","1.4367e-05","0.0031","C"
"4","Trait5","FASTmrMLM","PstI.TP984008","1","73546683","-2.1865e-05","0.0048","A"
"4","Trait5","FASTmrMLM","NsiI.TP324428","1","73547894","0.0969","1.2249","A"
"4","Trait5","FASTmrMLM","PstI.TP130578","1","73563559","-0.0056","0.0744","A"
"4","Trait5","FASTmrMLM","PstI.TP135889","1","73564522","-2.0395e-07","4.4383e-05","A"
"4","Trait5","FASTmrMLM","NsiI.TP705804","1","73566158","-7.4116e-06","0.0016","C"
"4","Trait5","FASTmrMLM","NsiI.TP222046","1","73576744","-0.0625","0.4988","A"
"4","Trait5","FASTmrMLM","NsiI.TP131926","1","73580803","-1.1222e-05","0.0024","C"
"4","Trait5","FASTmrMLM","NsiI.TP162391","1","73583086","4.5014e-05","0.0099","A"
"4","Trait5","FASTmrMLM","PstI.TP1047511","1","73589498","-1.4412e-05","0.0031","A"
"4","Trait5","FASTmrMLM","PstI.TP134743","1","73610397","-1.5778e-05","0.0034","A"
"4","Trait5","FASTmrMLM","PstI.TP80388","1","73626823","3.8028e-05","0.0084","A"
"4","Trait5","FASTmrMLM","PstI.TP46491","1","73639666","-0.0731","0.7493","A"
"4","Trait5","FASTmrMLM","PstI.TP1027923","1","73654913","-0.1031","1.3182","A"
"4","Trait5","FASTmrMLM","NsiI.TP60704","1","73654991","-0.012","0.2141","A"
"4","Trait5","FASTmrMLM","NsiI.TP471231","1","73666304","-2.1456e-06","5e-04","A"
"4","Trait5","FASTmrMLM","PstI.TP1252600","1","73666649","7.7663e-06","0.0017","C"
"4","Trait5","FASTmrMLM","PstI.TP261875","1","73671392","0.0831","0.4567","A"
"4","Trait5","FASTmrMLM","NsiI.TP325991","1","73682267","0.0201","0.2844","C"
"4","Trait5","FASTmrMLM","NsiI.TP328467","1","73682346","-0.0538","0.5111","C"
"4","Trait5","FASTmrMLM","NsiI.TP294842","1","73707059","-3.6842e-06","8e-04","A"
"4","Trait5","FASTmrMLM","NsiI.TP426943","1","73733282","-0.0203","0.3245","C"
"4","Trait5","FASTmrMLM","PstI.TP1013121","1","73737116","-0.3139","0.9109","A"
"4","Trait5","FASTmrMLM","NsiI.TP337422","1","73740061","1.1955e-05","0.0026","A"
"4","Trait5","FASTmrMLM","NsiI.TP510696","1","73756998","-2e-04","0.0134","A"
"4","Trait5","FASTmrMLM","PstI.TP1113794","1","73766782","3.6702e-05","0.0081","C"
"4","Trait5","FASTmrMLM","NsiI.TP283831","1","73777901","-0.0365","0.4306","G"
"4","Trait5","FASTmrMLM","NsiI.TP643306","1","73788367","4.0723e-05","0.009","A"
"4","Trait5","FASTmrMLM","NsiI.TP426850","1","73788816","2.6529e-06","6e-04","C"
"4","Trait5","FASTmrMLM","PstI.TP1088043","1","73790447","2.4728e-06","5e-04","A"
"4","Trait5","FASTmrMLM","NsiI.TP282971","1","73791421","2.7132e-06","6e-04","C"
"4","Trait5","FASTmrMLM","PstI.TP544748","1","73791429","4.0329e-07","8.7772e-05","C"
"4","Trait5","FASTmrMLM","PstI.TP645714","1","73791462","-0.0453","0.5207","A"
"4","Trait5","FASTmrMLM","PstI.TP735774","1","73800485","1.1475e-05","0.0025","G"
"4","Trait5","FASTmrMLM","PstI.TP975773","1","73806356","-2.9345e-05","0.0064","A"
"4","Trait5","FASTmrMLM","NsiI.TP462316","1","73808021","-1.1299e-05","0.0025","A"
"4","Trait5","FASTmrMLM","PstI.TP717007","1","73811509","-9.0111e-06","0.002","A"
"4","Trait5","FASTmrMLM","PstI.TP1166634","1","73811619","4.09e-06","9e-04","A"
"4","Trait5","FASTmrMLM","PstI.TP256272","1","73827582","2.2805e-06","5e-04","C"
"4","Trait5","FASTmrMLM","PstI.TP271167","1","73832777","0.047","0.4316","C"
"4","Trait5","FASTmrMLM","NsiI.TP245879","1","73833901","-0.0627","0.5049","G"
"4","Trait5","FASTmrMLM","PstI.TP843466","1","73836689","2.1111e-05","0.0046","A"
"4","Trait5","FASTmrMLM","NsiI.TP206712","1","73837213","-2e-04","0.0117","C"
"4","Trait5","FASTmrMLM","NsiI.TP204124","1","73847223","-1.0557e-05","0.0023","A"
"4","Trait5","FASTmrMLM","PstI.TP985325","1","73865257","0.0477","0.525","A"
"4","Trait5","FASTmrMLM","NsiI.TP802001","1","73872069","7.519e-06","0.0016","A"
"4","Trait5","FASTmrMLM","PstI.TP1241351","1","73878167","0.0087","0.0987","A"
"4","Trait5","FASTmrMLM","PstI.TP491938","1","73887440","1.5178e-06","3e-04","C"
"4","Trait5","FASTmrMLM","PstI.TP189129","1","73890221","-0.1179","0.6311","C"
"4","Trait5","FASTmrMLM","NsiI.TP652715","1","73893279","4.0509e-06","9e-04","A"
"4","Trait5","FASTmrMLM","NsiI.TP513596","1","73904640","3.1298e-05","0.0069","C"
"4","Trait5","FASTmrMLM","PstI.TP998598","1","73910717","-0.193","1.0729","C"
"4","Trait5","FASTmrMLM","PstI.TP187405","1","73910743","-7.4011e-06","0.0016","A"
"4","Trait5","FASTmrMLM","NsiI.TP420405","1","73939946","-0.092","0.8957","C"
"4","Trait5","FASTmrMLM","GFSSContig11701_739","1","73953149","-3.0015e-05","0.0066","A"
"4","Trait5","FASTmrMLM","NsiI.TP169818","1","73961280","-0.169","1.0327","G"
"4","Trait5","FASTmrMLM","PstI.TP513006","1","73971974","2.5648e-07","5.5828e-05","C"
"4","Trait5","FASTmrMLM","PstI.TP832974","1","73972161","0.0689","0.8064","C"
"4","Trait5","FASTmrMLM","PstI.TP535893","1","73975816","-1e-04","0.0111","C"
"4","Trait5","FASTmrMLM","NsiI.TP162879","1","74026438","-0.0704","0.6718","C"
"4","Trait5","FASTmrMLM","NsiI.TP488690","1","74031369","-2.0554e-05","0.0045","C"
"4","Trait5","FASTmrMLM","PstI.TP326891","1","74036176","0.0436","0.55","A"
"4","Trait5","FASTmrMLM","PstI.TP1167892","1","74037395","-0.1762","1.0801","A"
"4","Trait5","FASTmrMLM","NsiI.TP566138","1","74069839","3.6068e-05","0.0079","A"
"4","Trait5","FASTmrMLM","PstI.TP514329","1","74074227","0.0699","0.397","A"
"4","Trait5","FASTmrMLM","PstI.TP926409","1","74097223","-8.214e-06","0.0018","C"
"4","Trait5","FASTmrMLM","NsiI.TP244932","1","74100659","-7.2379e-06","0.0016","G"
"4","Trait5","FASTmrMLM","PstI.TP393658","1","74108190","5.9582e-06","0.0013","A"
"4","Trait5","FASTmrMLM","PstI.TP1242131","1","74121379","1.2574e-05","0.0027","G"
"4","Trait5","FASTmrMLM","NsiI.TP486569","1","74123229","-2.5339e-06","6e-04","A"
"4","Trait5","FASTmrMLM","NsiI.TP552932","1","74123343","1.5523e-05","0.0034","G"
"4","Trait5","FASTmrMLM","NsiI.TP494970","1","74124026","-1.0652e-05","0.0023","A"
"4","Trait5","FASTmrMLM","NsiI.TP282281","1","74127383","2.3385e-05","0.0051","C"
"4","Trait5","FASTmrMLM","NsiI.TP370829","1","74129263","-7.8175e-06","0.0017","C"
"4","Trait5","FASTmrMLM","PstI.TP914378","1","74129281","1.818e-05","0.004","C"
"4","Trait5","FASTmrMLM","PstI.TP802577","1","74132587","1.5335e-05","0.0033","A"
"4","Trait5","FASTmrMLM","PstI.TP335898","1","74135775","9.328e-06","0.002","G"
"4","Trait5","FASTmrMLM","NsiI.TP86357","1","74157557","-3.4498e-06","8e-04","G"
"4","Trait5","FASTmrMLM","PstI.TP87698","1","74157702","2.6423e-05","0.0058","A"
"4","Trait5","FASTmrMLM","PstI.TP736136","1","74190367","3.4262e-05","0.0075","C"
"4","Trait5","FASTmrMLM","PstI.TP468261","1","74190398","6.8685e-06","0.0015","A"
"4","Trait5","FASTmrMLM","PstI.TP455140","1","74199572","-0.1114","0.7773","A"
"4","Trait5","FASTmrMLM","NsiI.TP823283","1","74209914","0.0558","0.3717","C"
"4","Trait5","FASTmrMLM","PstI.TP192308","1","74218508","-6.3047e-06","0.0014","A"
"4","Trait5","FASTmrMLM","NsiI.TP570756","1","74225247","0.0113","0.1841","C"
"4","Trait5","FASTmrMLM","PstI.TP130559","1","74240434","0.0124","0.1952","A"
"4","Trait5","FASTmrMLM","PstI.TP546282","1","74246317","0.1059","0.8493","G"
"4","Trait5","FASTmrMLM","PstI.TP544328","1","74290363","0.1303","0.6612","C"
"4","Trait5","FASTmrMLM","NsiI.TP620972","1","74293861","-0.2736","1.1357","C"
"4","Trait5","FASTmrMLM","PstI.TP880155","1","74294114","7.6124e-07","2e-04","C"
"4","Trait5","FASTmrMLM","PstI.TP154471","1","74295208","-2.0909e-06","5e-04","A"
"4","Trait5","FASTmrMLM","NsiI.TP406463","1","74297745","7.4234e-07","2e-04","C"
"4","Trait5","FASTmrMLM","NsiI.TP371401","1","74298489","0.0106","0.178","A"
"4","Trait5","FASTmrMLM","NsiI.TP287157","1","74298562","0.0936","0.3543","A"
"4","Trait5","FASTmrMLM","PstI.TP893899","1","74312919","-3.5448e-06","8e-04","C"
"4","Trait5","FASTmrMLM","NsiI.TP653711","1","74336567","1.2925e-05","0.0028","C"
"4","Trait5","FASTmrMLM","NsiI.TP156088","1","74340900","5.1445e-06","0.0011","C"
"4","Trait5","FASTmrMLM","PstI.TP334182","1","74360210","4.8181e-06","0.001","C"
"4","Trait5","FASTmrMLM","NsiI.TP346583","1","74361642","-4.0926e-05","0.009","A"
"4","Trait5","FASTmrMLM","PstI.TP258621","1","74361721","0.0818","0.5091","A"
"4","Trait5","FASTmrMLM","NsiI.TP807290","1","74362701","-1.3926e-05","0.003","A"
"4","Trait5","FASTmrMLM","PstI.TP1196417","1","74370670","-0.1127","1.2333","A"
"4","Trait5","FASTmrMLM","NsiI.TP470723","1","74378808","0.1672","0.5708","A"
"4","Trait5","FASTmrMLM","PstI.TP1032632","1","74402757","-0.1006","0.3821","A"
"4","Trait5","FASTmrMLM","NsiI.TP425253","1","74403091","9.7802e-06","0.0021","A"
"4","Trait5","FASTmrMLM","PstI.TP670330","1","74404426","5.5921e-06","0.0012","A"
"4","Trait5","FASTmrMLM","PstI.TP853328","1","74427611","1.4464e-05","0.0032","C"
"4","Trait5","FASTmrMLM","PstI.TP609579","1","74441655","-3.222e-05","0.0071","C"
"4","Trait5","FASTmrMLM","PstI.TP82865","1","74447451","-0.0305","0.2441","C"
"4","Trait5","FASTmrMLM","PstI.TP795530","1","74447495","0.1366","1.6313","A"
"4","Trait5","FASTmrMLM","NsiI.TP783071","1","74489443","-0.0672","0.6759","A"
"4","Trait5","FASTmrMLM","NsiI.TP551538","1","74505630","1.7385e-05","0.0038","A"
"4","Trait5","FASTmrMLM","PstI.TP220429","1","74527810","-8.3951e-06","0.0018","C"
"4","Trait5","FASTmrMLM","NsiI.TP164686","1","74530342","-4.0281e-06","9e-04","A"
"4","Trait5","FASTmrMLM","NsiI.TP665067","1","74533903","-1.0488e-05","0.0023","C"
"4","Trait5","FASTmrMLM","PstI.TP214301","1","74533970","0.2612","1.1221","A"
"4","Trait5","FASTmrMLM","PstI.TP706856","1","74539608","-1.8515e-05","0.004","C"
"4","Trait5","FASTmrMLM","NsiI.TP501226","1","74548397","-8.9466e-06","0.002","G"
"4","Trait5","FASTmrMLM","PstI.TP1203869","1","74588086","2.9366e-06","6e-04","G"
"4","Trait5","FASTmrMLM","PstI.TP18789","1","74589455","0.0357","0.3285","A"
"4","Trait5","FASTmrMLM","PstI.TP398108","1","74599097","-1.743e-06","4e-04","C"
"4","Trait5","FASTmrMLM","NsiI.TP171470","1","74618657","-1.1464e-05","0.0025","C"
"4","Trait5","FASTmrMLM","PstI.TP1167699","1","74628243","0.0256","0.3158","A"
"4","Trait5","FASTmrMLM","PstI.TP505352","1","74651201","0.2642","0.9862","A"
"4","Trait5","FASTmrMLM","NsiI.TP301475","1","74664233","5.2731e-06","0.0011","A"
"4","Trait5","FASTmrMLM","PstI.TP302844","1","74664707","2.1114e-05","0.0046","C"
"4","Trait5","FASTmrMLM","PstI.TP987252","1","74668478","-4.4524e-06","0.001","C"
"4","Trait5","FASTmrMLM","PstI.TP512736","1","74671934","3.2679e-05","0.0072","A"
"4","Trait5","FASTmrMLM","PstI.TP693726","1","74701328","2.5299e-05","0.0055","C"
"4","Trait5","FASTmrMLM","PstI.TP95450","1","74768149","-0.1171","1.2303","C"
"4","Trait5","FASTmrMLM","PstI.TP1029904","1","74770232","2e-04","0.014","C"
"4","Trait5","FASTmrMLM","NsiI.TP323224","1","74770262","8.4717e-06","0.0018","C"
"4","Trait5","FASTmrMLM","NsiI.TP323223","1","74770267","0.0891","0.8915","C"
"4","Trait5","FASTmrMLM","NsiI.TP447130","1","74774494","1.3604e-05","0.003","A"
"4","Trait5","FASTmrMLM","PstI.TP1187680","1","74780008","-5.9523e-06","0.0013","C"
"4","Trait5","FASTmrMLM","PstI.TP1282620","1","74797102","-1.4809e-05","0.0032","A"
"4","Trait5","FASTmrMLM","PstI.TP137469","1","74815207","-1.6235e-06","4e-04","A"
"4","Trait5","FASTmrMLM","GFSSContig15931_175","1","74820300","-0.1056","1.4573","A"
"4","Trait5","FASTmrMLM","NsiI.TP465791","1","74820948","-0.0185","0.1937","A"
"4","Trait5","FASTmrMLM","PstI.TP1291324","1","74827939","3.044e-06","7e-04","C"
"4","Trait5","FASTmrMLM","NsiI.TP77992","1","74837346","1.1691e-05","0.0026","C"
"4","Trait5","FASTmrMLM","NsiI.TP781285","1","74837414","1.2782e-05","0.0028","C"
"4","Trait5","FASTmrMLM","PstI.TP30857","1","74846682","0.0092","0.1597","A"
"4","Trait5","FASTmrMLM","NsiI.TP635035","1","74846699","0.2385","1.5185","C"
"4","Trait5","FASTmrMLM","PstI.TP13346","1","74849030","1.2988e-05","0.0028","A"
"4","Trait5","FASTmrMLM","PstI.TP133988","1","74849338","-2.8296e-05","0.0062","A"
"4","Trait5","FASTmrMLM","PstI.TP459113","1","74849398","7.8021e-06","0.0017","A"
"4","Trait5","FASTmrMLM","PstI.TP180742","1","74850089","-3.0396e-07","6.6153e-05","A"
"4","Trait5","FASTmrMLM","PstI.TP930223","1","74881486","0.0578","0.7685","G"
"4","Trait5","FASTmrMLM","PstI.TP75596","1","74903267","1.1044e-05","0.0024","C"
"4","Trait5","FASTmrMLM","PstI.TP304860","1","74969305","-0.407","1.5185","A"
"4","Trait5","FASTmrMLM","NsiI.TP369014","1","74970143","8.1619e-06","0.0018","A"
"4","Trait5","FASTmrMLM","PstI.TP174996","1","74974178","1.422e-05","0.0031","C"
"4","Trait5","FASTmrMLM","NsiI.TP38202","1","74974320","-5.7583e-06","0.0013","A"
"4","Trait5","FASTmrMLM","PstI.TP386089","1","74989741","-0.0313","0.2824","A"
"4","Trait5","FASTmrMLM","NsiI.TP132498","1","74992153","-1.8503e-05","0.004","A"
"4","Trait5","FASTmrMLM","NsiI.TP528055","1","74998042","6.6451e-06","0.0014","C"
"4","Trait5","FASTmrMLM","PstI.TP320980","1","74998289","2.9145e-05","0.0064","C"
"4","Trait5","FASTmrMLM","NsiI.TP108920","1","75045010","-6.0084e-06","0.0013","A"
"4","Trait5","FASTmrMLM","PstI.TP373462","1","75068031","-0.011","0.2042","C"
"4","Trait5","FASTmrMLM","PstI.TP418168","1","75078799","-1.0836e-05","0.0024","C"
"4","Trait5","FASTmrMLM","NsiI.TP591143","1","75079868","-2.0059e-05","0.0044","C"
"4","Trait5","FASTmrMLM","PstI.TP405184","1","75082559","-0.0167","0.1525","A"
"4","Trait5","FASTmrMLM","PstI.TP867863","1","75084001","-0.0656","0.7309","C"
"4","Trait5","FASTmrMLM","NsiI.TP352338","1","75094284","-1.4549e-05","0.0032","C"
"4","Trait5","FASTmrMLM","NsiI.TP40810","1","75094392","2.1269e-06","5e-04","A"
"4","Trait5","FASTmrMLM","PstI.TP113670","1","75122360","1.626e-05","0.0036","A"
"4","Trait5","FASTmrMLM","NsiI.TP146007","1","75124467","8.7731e-06","0.0019","C"
"4","Trait5","FASTmrMLM","NsiI.TP528837","1","75148612","2.1196e-05","0.0046","C"
"4","Trait5","FASTmrMLM","PstI.TP710507","1","75154807","4.3352e-06","9e-04","C"
"4","Trait5","FASTmrMLM","NsiI.TP368296","1","75154939","-2e-04","0.0146","C"
"4","Trait5","FASTmrMLM","NsiI.TP499245","1","75159916","8.8444e-07","2e-04","C"
"4","Trait5","FASTmrMLM","NsiI.TP625136","1","75160822","-2.2447e-06","5e-04","A"
"4","Trait5","FASTmrMLM","PstI.TP626222","1","75163481","-2.0185e-06","4e-04","A"
"4","Trait5","FASTmrMLM","PstI.TP978043","1","75183592","8.7081e-06","0.0019","C"
"4","Trait5","FASTmrMLM","PstI.TP1173107","1","75183658","3.5765e-07","7.7842e-05","C"
"4","Trait5","FASTmrMLM","PstI.TP38227","1","75241998","-9.4437e-06","0.0021","A"
"4","Trait5","FASTmrMLM","NsiI.TP78269","1","75282753","-1.7466e-05","0.0038","A"
"4","Trait5","FASTmrMLM","NsiI.TP416550","1","75287127","3.509e-05","0.0077","C"
"4","Trait5","FASTmrMLM","NsiI.TP418118","1","75287253","-4.0997e-06","9e-04","A"
"4","Trait5","FASTmrMLM","PstI.TP124034","1","75313278","0.1522","0.8199","A"
"4","Trait5","FASTmrMLM","PstI.TP241635","1","75313297","1.6706e-05","0.0037","A"
"4","Trait5","FASTmrMLM","PstI.TP650884","1","75313903","8.8392e-06","0.0019","C"
"4","Trait5","FASTmrMLM","NsiI.TP463976","1","75324039","-3.2374e-05","0.0071","C"
"4","Trait5","FASTmrMLM","NsiI.TP629989","1","75324107","-2.1276e-06","5e-04","A"
"4","Trait5","FASTmrMLM","PstI.TP451984","1","75334729","-2.4761e-06","5e-04","A"
"4","Trait5","FASTmrMLM","NsiI.TP415654","1","75354964","0.1328","1.0608","A"
"4","Trait5","FASTmrMLM","PstI.TP405299","1","75361286","-1.513e-05","0.0033","G"
"4","Trait5","FASTmrMLM","NsiI.TP520447","1","75369197","-0.1258","0.8508","A"
"4","Trait5","FASTmrMLM","NsiI.TP437356","1","75370023","-3.0756e-05","0.0046","A"
"4","Trait5","FASTmrMLM","NsiI.TP641784","1","75379851","4.5607e-06","0.001","C"
"4","Trait5","FASTmrMLM","NsiI.TP572807","1","75388349","2.3143e-05","0.0051","A"
"4","Trait5","FASTmrMLM","NsiI.TP148803","1","75391839","-2.703e-05","0.0059","A"
"4","Trait5","FASTmrMLM","PstI.TP606465","1","75416261","-2.5538e-05","0.0056","C"
"4","Trait5","FASTmrMLM","NsiI.TP195403","1","75432709","-0.0245","0.3569","G"
"4","Trait5","FASTmrMLM","PstI.TP336567","1","75434162","1.234e-05","0.0027","A"
"4","Trait5","FASTmrMLM","NsiI.TP575406","1","75441102","0.0385","0.248","A"
"4","Trait5","FASTmrMLM","NsiI.TP575405","1","75441125","-1.4596e-05","0.0032","C"
"4","Trait5","FASTmrMLM","NsiI.TP387081","1","75463805","9.8799e-06","0.0022","C"
"4","Trait5","FASTmrMLM","PstI.TP1004618","1","75467016","-1.7379e-05","0.0038","C"
"4","Trait5","FASTmrMLM","PstI.TP860935","1","75475470","0.1084","1.7898","C"
"4","Trait5","FASTmrMLM","PstI.TP116421","1","75487515","-2.8503e-05","0.0062","A"
"4","Trait5","FASTmrMLM","NsiI.TP421896","1","75490287","-0.0497","0.3123","A"
"4","Trait5","FASTmrMLM","NsiI.TP621837","1","75531021","1.7995e-05","0.0039","A"
"4","Trait5","FASTmrMLM","PstI.TP130057","1","75536936","3.2779e-06","7e-04","A"
"4","Trait5","FASTmrMLM","PstI.TP705628","1","75537014","-0.0759","0.5983","C"
"4","Trait5","FASTmrMLM","PstI.TP931247","1","75539044","7.3979e-06","0.0016","A"
"4","Trait5","FASTmrMLM","PstI.TP263305","1","75579096","-8.6438e-07","2e-04","A"
"4","Trait5","FASTmrMLM","PstI.TP1014264","1","75579176","0.0624","0.4395","C"
"4","Trait5","FASTmrMLM","PstI.TP792380","1","75587459","-2.1587e-05","0.0047","A"
"4","Trait5","FASTmrMLM","PstI.TP191410","1","75595577","-0.1957","1.0824","A"
"4","Trait5","FASTmrMLM","NsiI.TP752080","1","75595902","-3.0932e-05","0.0068","A"
"4","Trait5","FASTmrMLM","NsiI.TP454231","1","75616421","-1.9557e-05","0.0043","A"
"4","Trait5","FASTmrMLM","NsiI.TP670301","1","75616619","0.0233","0.2769","C"
"4","Trait5","FASTmrMLM","NsiI.TP670303","1","75616637","1.3147e-05","0.0029","G"
"4","Trait5","FASTmrMLM","NsiI.TP426452","1","75617475","3.3425e-06","7e-04","C"
"4","Trait5","FASTmrMLM","NsiI.TP74770","1","75620191","1.0082e-05","0.0022","A"
"4","Trait5","FASTmrMLM","NsiI.TP625297","1","75638754","1.3618e-05","0.003","A"
"4","Trait5","FASTmrMLM","PstI.TP1266924","1","75661597","-2.8796e-05","0.0063","A"
"4","Trait5","FASTmrMLM","PstI.TP107268","1","75679602","3.7959e-07","8.2622e-05","C"
"4","Trait5","FASTmrMLM","PstI.TP950922","1","75703487","-0.0318","0.4162","C"
"4","Trait5","FASTmrMLM","PstI.TP1155269","1","75726570","5.8618e-06","0.0013","A"
"4","Trait5","FASTmrMLM","PstI.TP697248","1","75745925","-0.0744","0.8828","A"
"4","Trait5","FASTmrMLM","NsiI.TP506284","1","75748041","0.2126","3.5302","C"
"4","Trait5","FASTmrMLM","PstI.TP1131100","1","75760470","1.2774e-05","0.0028","A"
"4","Trait5","FASTmrMLM","PstI.TP998162","1","75764530","-4.5406e-06","0.001","A"
"4","Trait5","FASTmrMLM","PstI.TP186953","1","75764897","-8.2215e-07","2e-04","A"
"4","Trait5","FASTmrMLM","PstI.TP795152","1","75796894","1.0241e-06","2e-04","C"
"4","Trait5","FASTmrMLM","PstI.TP1226590","1","75797707","-0.0199","0.1402","A"
"4","Trait5","FASTmrMLM","NsiI.TP8476","1","75801815","-0.0615","0.7855","A"
"4","Trait5","FASTmrMLM","NsiI.TP560501","1","75823861","0.1521","1.8726","A"
"4","Trait5","FASTmrMLM","NsiI.TP560502","1","75823863","-0.0892","1.0337","A"
"4","Trait5","FASTmrMLM","NsiI.TP506838","1","75823936","0.0234","0.2509","A"
"4","Trait5","FASTmrMLM","NsiI.TP108819","1","75825158","3.4356e-05","0.0075","C"
"4","Trait5","FASTmrMLM","PstI.TP1065133","1","75825553","1.1621e-05","0.0025","A"
"4","Trait5","FASTmrMLM","PstI.TP36462","1","75827343","1.1077e-05","0.0024","A"
"4","Trait5","FASTmrMLM","PstI.TP306856","1","75848833","-5.1391e-06","0.0011","A"
"4","Trait5","FASTmrMLM","NsiI.TP575821","1","75862405","1.2154e-06","3e-04","G"
"4","Trait5","FASTmrMLM","PstI.TP854771","1","75863530","-6.5537e-06","0.0014","A"
"4","Trait5","FASTmrMLM","NsiI.TP424837","1","75863878","0.0314","0.4305","C"
"4","Trait5","FASTmrMLM","PstI.TP761781","1","75871105","-0.2185","1.1775","G"
"4","Trait5","FASTmrMLM","NsiI.TP446938","1","75897062","-3.0459e-05","0.0067","G"
"4","Trait5","FASTmrMLM","NsiI.TP35373","1","75917930","-2.4232e-07","5.2737e-05","C"
"4","Trait5","FASTmrMLM","PstI.TP243580","1","75922486","-3.1309e-05","0.0069","C"
"4","Trait5","FASTmrMLM","PstI.TP1186136","1","75922898","-0.1196","0.5595","A"
"4","Trait5","FASTmrMLM","NsiI.TP340348","1","75967143","2.6947e-05","0.0059","A"
"4","Trait5","FASTmrMLM","PstI.TP149501","1","75982580","-0.07","0.6784","A"
"4","Trait5","FASTmrMLM","PstI.TP455545","1","75986610","0.042","0.5222","A"
"4","Trait5","FASTmrMLM","PstI.TP178749","1","75987001","0.0378","0.365","A"
"4","Trait5","FASTmrMLM","PstI.TP786079","1","75991098","-0.0099","0.1413","C"
"4","Trait5","FASTmrMLM","NsiI.TP522298","1","76000935","0.0852","0.3862","A"
"4","Trait5","FASTmrMLM","NsiI.TP503926","1","76022515","-1.0619e-05","0.0023","C"
"4","Trait5","FASTmrMLM","NsiI.TP716293","1","76063572","-2.207e-05","0.0048","A"
"4","Trait5","FASTmrMLM","NsiI.TP716292","1","76063604","-1.5613e-05","0.0034","A"
"4","Trait5","FASTmrMLM","NsiI.TP320748","1","76072042","1.4147e-05","0.0031","A"
"4","Trait5","FASTmrMLM","NsiI.TP827059","1","76090300","-0.1191","0.9776","G"
"4","Trait5","FASTmrMLM","GFSSContig19736_4089","1","76098390","-2.9225e-05","0.0064","A"
"4","Trait5","FASTmrMLM","NsiI.TP352765","1","76099839","6.6774e-06","0.0015","A"
"4","Trait5","FASTmrMLM","PstI.TP744556","1","76101544","-1.5419e-05","0.0034","A"
"4","Trait5","FASTmrMLM","PstI.TP357677","1","76102511","-1.8983e-05","0.0042","A"
"4","Trait5","FASTmrMLM","PstI.TP747261","1","76107837","-0.0143","0.1097","G"
"4","Trait5","FASTmrMLM","PstI.TP628316","1","76113889","6.8555e-06","0.0015","C"
"4","Trait5","FASTmrMLM","PstI.TP373008","1","76115111","-5.6484e-06","0.0012","A"
"4","Trait5","FASTmrMLM","PstI.TP951802","1","76115163","-1.4582e-05","0.0032","C"
"4","Trait5","FASTmrMLM","PstI.TP1117811","1","76155423","1.0343e-05","0.0023","C"
"4","Trait5","FASTmrMLM","NsiI.TP422447","1","76155603","1.7558e-05","0.0038","A"
"4","Trait5","FASTmrMLM","PstI.TP24084","1","76155984","3.3454e-06","7e-04","C"
"4","Trait5","FASTmrMLM","NsiI.TP203794","1","76165231","-0.0492","0.5989","A"
"4","Trait5","FASTmrMLM","NsiI.TP203790","1","76165257","-1.3197e-05","0.0029","A"
"4","Trait5","FASTmrMLM","PstI.TP551527","1","76166616","-1.782e-06","4e-04","A"
"4","Trait5","FASTmrMLM","PstI.TP742499","1","76179984","8.1043e-06","0.0018","C"
"4","Trait5","FASTmrMLM","PstI.TP1263200","1","76180497","-2.4455e-05","0.0054","A"
"4","Trait5","FASTmrMLM","NsiI.TP832364","1","76203935","-0.2152","2.0961","G"
"4","Trait5","FASTmrMLM","PstI.TP1284754","1","76220168","3.694e-05","0.0081","C"
"4","Trait5","FASTmrMLM","PstI.TP37460","1","76253040","8.0434e-05","0.0071","G"
"4","Trait5","FASTmrMLM","PstI.TP314244","1","76274649","1.3345e-05","0.0029","C"
"4","Trait5","FASTmrMLM","GFk45ctg313733_129","1","76275239","-1.7544e-05","0.0038","A"
"4","Trait5","FASTmrMLM","PstI.TP109458","1","76286790","2.549e-05","0.0056","C"
"4","Trait5","FASTmrMLM","NsiI.TP511244","1","76291569","0.1055","0.8705","A"
"4","Trait5","FASTmrMLM","NsiI.TP376365","1","76342208","-0.0637","0.788","A"
"4","Trait5","FASTmrMLM","NsiI.TP520952","1","76349249","6.2025e-06","0.0014","C"
"4","Trait5","FASTmrMLM","PstI.TP1246078","1","76351578","-4.4829e-06","0.001","A"
"4","Trait5","FASTmrMLM","PstI.TP197970","1","76351944","1.7541e-05","0.0038","A"
"4","Trait5","FASTmrMLM","NsiI.TP499934","1","76362422","-0.0684","0.6115","G"
"4","Trait5","FASTmrMLM","NsiI.TP499936","1","76362441","3.1419e-06","7e-04","C"
"4","Trait5","FASTmrMLM","PstI.TP1071288","1","76388738","6.5234e-06","0.0014","C"
"4","Trait5","FASTmrMLM","NsiI.TP404457","1","76403176","-8.7637e-06","0.0019","A"
"4","Trait5","FASTmrMLM","PstI.TP297686","1","76403396","9.1936e-05","0.0097","C"
"4","Trait5","FASTmrMLM","PstI.TP297682","1","76403420","-1.5474e-05","0.0034","C"
"4","Trait5","FASTmrMLM","NsiI.TP439820","1","76415349","4.2284e-06","9e-04","C"
"4","Trait5","FASTmrMLM","NsiI.TP528762","1","76435180","0.1269","0.5916","A"
"4","Trait5","FASTmrMLM","NsiI.TP528742","1","76444423","0.0174","0.2776","A"
"4","Trait5","FASTmrMLM","NsiI.TP528766","1","76444433","-0.298","2.024","C"
"4","Trait5","FASTmrMLM","NsiI.TP328643","1","76478049","-2.8841e-05","0.0063","C"
"4","Trait5","FASTmrMLM","PstI.TP258997","1","76479804","1.605e-05","0.0035","A"
"4","Trait5","FASTmrMLM","PstI.TP120913","1","76485023","-9.8185e-07","2e-04","A"
"4","Trait5","FASTmrMLM","NsiI.TP420692","1","76527293","-9.5744e-06","0.0021","C"
"4","Trait5","FASTmrMLM","NsiI.TP627670","1","76554738","-2.3904e-05","0.0052","A"
"4","Trait5","FASTmrMLM","NsiI.TP488689","1","76564800","1.8487e-05","0.004","C"
"4","Trait5","FASTmrMLM","PstI.TP413420","1","76642889","0.1775","1.4345","G"
"4","Trait5","FASTmrMLM","PstI.TP910778","1","76643935","2.7827e-05","0.0061","A"
"4","Trait5","FASTmrMLM","NsiI.TP258256","1","76660578","0.0283","0.3498","C"
"4","Trait5","FASTmrMLM","NsiI.TP258257","1","76660602","-4.6873e-06","0.001","A"
"4","Trait5","FASTmrMLM","NsiI.TP456169","1","76660988","1.1266e-05","0.0025","A"
"4","Trait5","FASTmrMLM","PstI.TP87222","1","76670261","2.5828e-05","0.0057","C"
"4","Trait5","FASTmrMLM","NsiI.TP332684","1","76671524","-0.0349","0.4517","A"
"4","Trait5","FASTmrMLM","NsiI.TP237909","1","76673586","-8.2126e-07","2e-04","C"
"4","Trait5","FASTmrMLM","PstI.TP104467","1","76678896","0.3291","1.5846","G"
"4","Trait5","FASTmrMLM","NsiI.TP616725","1","76679493","-0.1064","0.8051","C"
"4","Trait5","FASTmrMLM","NsiI.TP385607","1","76681155","-1.1352e-05","0.0025","A"
"4","Trait5","FASTmrMLM","NsiI.TP798690","1","76683673","0.1326","0.7384","C"
"4","Trait5","FASTmrMLM","NsiI.TP664435","1","76700674","2.2729e-06","5e-04","C"
"4","Trait5","FASTmrMLM","NsiI.TP56048","1","76704148","-3.5672e-05","0.0078","A"
"4","Trait5","FASTmrMLM","PstI.TP324439","1","76705670","1.5596e-05","0.0034","A"
"4","Trait5","FASTmrMLM","PstI.TP143900","1","76721157","-0.0379","0.366","C"
"4","Trait5","FASTmrMLM","NsiI.TP29120","1","76725881","3.9376e-06","9e-04","G"
"4","Trait5","FASTmrMLM","NsiI.TP796587","1","76740694","2.0317e-05","0.0044","C"
"4","Trait5","FASTmrMLM","NsiI.TP195045","1","76748463","0.0357","0.2943","C"
"4","Trait5","FASTmrMLM","NsiI.TP221908","1","76748469","3.0474e-05","0.0067","C"
"4","Trait5","FASTmrMLM","PstI.TP32939","1","76748752","-7.8136e-06","0.0017","A"
"4","Trait5","FASTmrMLM","PstI.TP308534","1","76810876","-2.1184e-05","0.0046","A"
"4","Trait5","FASTmrMLM","PstI.TP52592","1","76810927","2.113e-05","0.0046","A"
"4","Trait5","FASTmrMLM","PstI.TP111007","1","76814269","9.1537e-06","0.002","A"
"4","Trait5","FASTmrMLM","PstI.TP1042097","1","76818158","-0.0483","0.4617","G"
"4","Trait5","FASTmrMLM","PstI.TP1063207","1","76849979","0.0293","0.2654","A"
"4","Trait5","FASTmrMLM","NsiI.TP443683","1","76864567","-5.1616e-06","0.0011","A"
"4","Trait5","FASTmrMLM","NsiI.TP386876","1","76865112","-0.0192","0.2433","A"
"4","Trait5","FASTmrMLM","PstI.TP836894","1","76867148","1e-04","0.0091","C"
"4","Trait5","FASTmrMLM","NsiI.TP457548","1","76928921","-2.0768e-06","5e-04","C"
"4","Trait5","FASTmrMLM","NsiI.TP158087","1","76933848","-0.1085","1.286","C"
"4","Trait5","FASTmrMLM","PstI.TP638883","1","76935542","2.9865e-07","6.4998e-05","C"
"4","Trait5","FASTmrMLM","PstI.TP113137","1","76935640","1.7239e-05","0.0038","C"
"4","Trait5","FASTmrMLM","NsiI.TP457459","1","76936701","-0.0392","0.1927","C"
"4","Trait5","FASTmrMLM","NsiI.TP612350","1","76936701","-1.2662e-05","0.0028","G"
"4","Trait5","FASTmrMLM","NsiI.TP204672","1","76937185","0.1767","1.2287","C"
"4","Trait5","FASTmrMLM","NsiI.TP674441","1","76937584","0.2681","1.237","A"
"4","Trait5","FASTmrMLM","NsiI.TP56323","1","76939788","-0.1959","1.1054","C"
"4","Trait5","FASTmrMLM","NsiI.TP631040","1","76939823","6.5669e-06","0.0014","G"
"4","Trait5","FASTmrMLM","NsiI.TP738506","1","76983201","0.1776","0.6781","C"
"4","Trait5","FASTmrMLM","PstI.TP214169","1","76984999","-3.1476e-05","0.0069","C"
"4","Trait5","FASTmrMLM","NsiI.TP494537","1","76989799","-2.13e-06","5e-04","C"
"4","Trait5","FASTmrMLM","PstI.TP111209","1","76999156","0.0802","0.649","A"
"4","Trait5","FASTmrMLM","NsiI.TP577292","1","77013324","1.4251e-06","3e-04","A"
"4","Trait5","FASTmrMLM","PstI.TP1166641","1","77042877","-0.2325","1.8348","A"
"4","Trait5","FASTmrMLM","NsiI.TP742840","1","77051091","7.2269e-06","0.0016","G"
"4","Trait5","FASTmrMLM","PstI.TP503339","1","77063375","1.2197e-05","0.0027","A"
"4","Trait5","FASTmrMLM","NsiI.TP521277","1","77064058","1.1253e-06","2e-04","C"
"4","Trait5","FASTmrMLM","PstI.TP864305","1","77077806","-4.8808e-06","0.0011","A"
"4","Trait5","FASTmrMLM","PstI.TP80405","1","77077924","-3.2974e-05","0.0072","G"
"4","Trait5","FASTmrMLM","PstI.TP737507","1","77078825","2.0269e-06","4e-04","A"
"4","Trait5","FASTmrMLM","PstI.TP986105","1","77094369","-1.2304e-05","0.0027","A"
"4","Trait5","FASTmrMLM","NsiI.TP680028","1","77098509","-9.9983e-06","0.0022","A"
"4","Trait5","FASTmrMLM","PstI.TP911508","1","77105026","-2.0589e-05","0.0045","C"
"4","Trait5","FASTmrMLM","NsiI.TP621083","1","77106321","-0.142","0.891","A"
"4","Trait5","FASTmrMLM","NsiI.TP129502","1","77111324","-2.3581e-06","5e-04","A"
"4","Trait5","FASTmrMLM","PstI.TP655019","1","77130678","-2.6035e-05","0.0057","C"
"4","Trait5","FASTmrMLM","NsiI.TP726823","1","77132874","-9.2545e-06","0.002","C"
"4","Trait5","FASTmrMLM","GFSSContig18881_588","1","77133165","3.3228e-05","0.0073","A"
"4","Trait5","FASTmrMLM","NsiI.TP825202","1","77140704","0.0425","0.3019","C"
"4","Trait5","FASTmrMLM","NsiI.TP41096","1","77143550","1.1642e-05","0.0025","A"
"4","Trait5","FASTmrMLM","PstI.TP523598","1","77160468","-0.0367","0.2798","C"
"4","Trait5","FASTmrMLM","PstI.TP1108372","1","77160525","-3.5136e-05","0.0077","C"
"4","Trait5","FASTmrMLM","NsiI.TP475857","1","77164996","4.9771e-06","0.0011","A"
"4","Trait5","FASTmrMLM","NsiI.TP475855","1","77165023","0.1162","0.5636","A"
"4","Trait5","FASTmrMLM","PstI.TP739808","1","77165647","-2.8442e-06","6e-04","A"
"4","Trait5","FASTmrMLM","PstI.TP543309","1","77166071","-9.9192e-06","0.0022","A"
"4","Trait5","FASTmrMLM","NsiI.TP559086","1","77166683","-1.9827e-05","0.0043","G"
"4","Trait5","FASTmrMLM","NsiI.TP696475","1","77183589","-1.5798e-05","0.0035","A"
"4","Trait5","FASTmrMLM","PstI.TP221089","1","77184045","1.8177e-05","0.004","A"
"4","Trait5","FASTmrMLM","PstI.TP858544","1","77208007","0.2099","0.9286","C"
"4","Trait5","FASTmrMLM","PstI.TP1151255","1","77213117","0.1352","0.6462","A"
"4","Trait5","FASTmrMLM","NsiI.TP501566","1","77214818","-1.4068e-05","0.0031","A"
"4","Trait5","FASTmrMLM","NsiI.TP501565","1","77214831","0.093","0.7956","C"
"4","Trait5","FASTmrMLM","PstI.TP815825","1","77215495","-4.7706e-06","0.001","A"
"4","Trait5","FASTmrMLM","PstI.TP360170","1","77217924","0.2065","1.093","C"
"4","Trait5","FASTmrMLM","PstI.TP226753","1","77218429","0.0256","0.2408","A"
"4","Trait5","FASTmrMLM","PstI.TP189885","1","77223222","1.2559e-05","0.0027","G"
"4","Trait5","FASTmrMLM","PstI.TP937800","1","77225298","0.056","0.5376","A"
"4","Trait5","FASTmrMLM","PstI.TP833275","1","77225365","-1.4028e-05","0.0031","C"
"4","Trait5","FASTmrMLM","NsiI.TP285396","1","77225474","-2.9909e-06","7e-04","A"
"4","Trait5","FASTmrMLM","NsiI.TP550018","1","77225808","0.0629","0.6084","C"
"4","Trait5","FASTmrMLM","PstI.TP7045","1","77244483","0.0492","0.4634","A"
"4","Trait5","FASTmrMLM","PstI.TP375640","1","77251518","1.4381e-05","0.0031","A"
"4","Trait5","FASTmrMLM","NsiI.TP323206","1","77278386","3.0866e-05","0.0068","C"
"4","Trait5","FASTmrMLM","NsiI.TP277004","1","77284693","-9.4373e-06","0.0021","A"
"4","Trait5","FASTmrMLM","NsiI.TP132718","1","77289381","-1.7325e-05","0.0038","G"
"4","Trait5","FASTmrMLM","NsiI.TP73627","1","77311293","0.0738","0.6053","A"
"4","Trait5","FASTmrMLM","GFSSContig17989_352","1","77311515","1.0287e-06","2e-04","A"
"4","Trait5","FASTmrMLM","PstI.TP101269","1","77318955","-0.0287","0.194","A"
"4","Trait5","FASTmrMLM","NsiI.TP434746","1","77326949","-2.5065e-05","0.0055","C"
"4","Trait5","FASTmrMLM","PstI.TP1124337","1","77338610","-1.9624e-05","0.0043","C"
"4","Trait5","FASTmrMLM","PstI.TP387304","1","77345403","-1.2333e-05","0.0027","C"
"4","Trait5","FASTmrMLM","PstI.TP641814","1","77353564","-3.3133e-06","7e-04","A"
"4","Trait5","FASTmrMLM","PstI.TP1013416","1","77366262","4.79e-06","0.001","G"
"4","Trait5","FASTmrMLM","PstI.TP282710","1","77386644","-0.1997","1.1974","G"
"4","Trait5","FASTmrMLM","PstI.TP315020","1","77386737","-5.3877e-06","0.0012","A"
"4","Trait5","FASTmrMLM","PstI.TP89031","1","77412737","1.0456e-05","0.0023","G"
"4","Trait5","FASTmrMLM","PstI.TP698125","1","77425641","-1.5347e-05","0.0034","A"
"4","Trait5","FASTmrMLM","NsiI.TP621997","1","77441060","6.6583e-07","1e-04","A"
"4","Trait5","FASTmrMLM","NsiI.TP66208","1","77488848","-2.7303e-05","0.006","C"
"4","Trait5","FASTmrMLM","NsiI.TP549768","1","77494082","-0.0262","0.3525","C"
"4","Trait5","FASTmrMLM","NsiI.TP474215","1","77512901","-1.9103e-05","0.0042","A"
"4","Trait5","FASTmrMLM","NsiI.TP753450","1","77514681","-2.1798e-05","0.0048","A"
"4","Trait5","FASTmrMLM","GFSSContig4708_491","1","77516952","0.1216","0.7181","C"
"4","Trait5","FASTmrMLM","PstI.TP1263658","1","77519864","0.0206","0.2901","A"
"4","Trait5","FASTmrMLM","NsiI.TP270372","1","77559480","-0.0314","0.3928","C"
"4","Trait5","FASTmrMLM","PstI.TP14292","1","77560987","0.1987","1.4224","C"
"4","Trait5","FASTmrMLM","NsiI.TP354390","1","77569036","-8.8781e-06","0.0019","C"
"4","Trait5","FASTmrMLM","NsiI.TP761081","1","77596442","-9.4796e-06","0.0021","C"
"4","Trait5","FASTmrMLM","NsiI.TP574233","1","77601585","-7.6573e-06","0.0017","C"
"4","Trait5","FASTmrMLM","PstI.TP843008","1","77620090","3.0867e-05","0.0068","C"
"4","Trait5","FASTmrMLM","PstI.TP470727","1","77637271","0.0881","1.0326","C"
"4","Trait5","FASTmrMLM","NsiI.TP495134","1","77638188","-0.0013","0.0313","C"
"4","Trait5","FASTmrMLM","NsiI.TP495133","1","77638200","-0.0177","0.1681","C"
"4","Trait5","FASTmrMLM","NsiI.TP206581","1","77638270","0.0136","0.151","A"
"4","Trait5","FASTmrMLM","NsiI.TP405417","1","77640407","-9.5336e-06","0.0021","C"
"4","Trait5","FASTmrMLM","PstI.TP821655","1","77641643","-6.3262e-06","0.0014","C"
"4","Trait5","FASTmrMLM","NsiI.TP662828","1","77642013","0.0121","0.1811","A"
"4","Trait5","FASTmrMLM","PstI.TP553319","1","77643893","-9.3901e-07","2e-04","C"
"4","Trait5","FASTmrMLM","PstI.TP1047055","1","77645405","-3.4849e-05","0.0077","G"
"4","Trait5","FASTmrMLM","NsiI.TP552958","1","77651922","3.6385e-05","0.008","C"
"4","Trait5","FASTmrMLM","PstI.TP482591","1","77666836","-1.6094e-05","0.0035","C"
"4","Trait5","FASTmrMLM","PstI.TP773989","1","77725400","-1.2128e-05","0.0026","A"
"4","Trait5","FASTmrMLM","PstI.TP1184423","1","77735174","0.1311","1.3431","A"
"4","Trait5","FASTmrMLM","PstI.TP918165","1","77765111","-7.2924e-06","0.0016","A"
"4","Trait5","FASTmrMLM","PstI.TP411298","1","77771698","-0.1129","0.6591","G"
"4","Trait5","FASTmrMLM","PstI.TP378981","1","77781742","0.2972","2.208","C"
"4","Trait5","FASTmrMLM","PstI.TP414687","1","77796873","0.008","0.1545","A"
"4","Trait5","FASTmrMLM","NsiI.TP307083","1","77812711","1.0592e-05","0.0023","C"
"4","Trait5","FASTmrMLM","PstI.TP954227","1","77821138","2.4606e-05","0.0054","C"
"4","Trait5","FASTmrMLM","PstI.TP1177236","1","77829112","2.2319e-06","5e-04","A"
"4","Trait5","FASTmrMLM","PstI.TP952321","1","77832524","3.4783e-05","0.0076","A"
"4","Trait5","FASTmrMLM","PstI.TP485326","1","77836863","9.1484e-06","0.002","A"
"4","Trait5","FASTmrMLM","NsiI.TP218211","1","77848816","0.2134","0.6778","A"
"4","Trait5","FASTmrMLM","PstI.TP381498","1","77850894","7.513e-06","0.0016","A"
"4","Trait5","FASTmrMLM","NsiI.TP626984","1","77862304","-4.1981e-05","0.0092","C"
"4","Trait5","FASTmrMLM","NsiI.TP549839","1","77866184","-0.1818","0.9628","A"
"4","Trait5","FASTmrMLM","PstI.TP425825","1","77868398","0.0445","0.3359","A"
"4","Trait5","FASTmrMLM","NsiI.TP570268","1","77869363","-6.7341e-06","0.0015","G"
"4","Trait5","FASTmrMLM","NsiI.TP401941","1","77869366","-2.9593e-05","0.0065","A"
"4","Trait5","FASTmrMLM","NsiI.TP401943","1","77869379","2e-04","0.0131","C"
"4","Trait5","FASTmrMLM","NsiI.TP38070","1","77875322","-2.1039e-05","0.0046","A"
"4","Trait5","FASTmrMLM","PstI.TP665919","1","77878301","-0.04","0.2146","A"
"4","Trait5","FASTmrMLM","PstI.TP139187","1","77886529","4.6394e-06","0.001","C"
"4","Trait5","FASTmrMLM","PstI.TP682618","1","77950613","3.2373e-05","0.0071","G"
"4","Trait5","FASTmrMLM","NsiI.TP193091","1","77956626","2.7273e-05","0.006","A"
"4","Trait5","FASTmrMLM","PstI.TP550591","1","77970267","-1.624e-05","0.0035","A"
"4","Trait5","FASTmrMLM","PstI.TP546071","1","77974534","1.5629e-05","0.0034","A"
"4","Trait5","FASTmrMLM","PstI.TP544254","1","77974580","-1.0428e-05","0.0023","A"
"4","Trait5","FASTmrMLM","NsiI.TP116346","1","77978669","-2.8526e-05","0.0063","A"
"4","Trait5","FASTmrMLM","PstI.TP1172052","1","77997430","-5.3168e-06","0.0012","C"
"4","Trait5","FASTmrMLM","PstI.TP187975","1","78022358","0.1755","0.9415","C"
"4","Trait5","FASTmrMLM","NsiI.TP120099","1","78025387","-6.2574e-06","0.0014","A"
"4","Trait5","FASTmrMLM","NsiI.TP177029","1","78026896","2.963e-05","0.0065","A"
"4","Trait5","FASTmrMLM","NsiI.TP800048","1","78038376","0.2286","1.3693","A"
"4","Trait5","FASTmrMLM","NsiI.TP503757","1","78066361","-2.2227e-05","0.0049","C"
"4","Trait5","FASTmrMLM","PstI.TP478966","1","78077218","-4.3246e-07","9.4125e-05","C"
"4","Trait5","FASTmrMLM","NsiI.TP258948","1","78088375","-3.327e-06","7e-04","G"
"4","Trait5","FASTmrMLM","PstI.TP71986","1","78100718","-0.0652","0.6812","A"
"4","Trait5","FASTmrMLM","NsiI.TP379742","1","78106787","-2.6785e-05","0.0059","A"
"4","Trait5","FASTmrMLM","PstI.TP942411","1","78121527","2.0275e-06","4e-04","C"
"4","Trait5","FASTmrMLM","NsiI.TP505777","1","78121589","0.1115","0.5199","A"
"4","Trait5","FASTmrMLM","PstI.TP726643","1","78132042","-4.5923e-05","0.0101","A"
"4","Trait5","FASTmrMLM","PstI.TP197596","1","78145007","-5.4196e-06","0.0012","A"
"4","Trait5","FASTmrMLM","NsiI.TP444533","1","78145150","-2.2247e-06","5e-04","A"
"4","Trait5","FASTmrMLM","NsiI.TP69948","1","78146694","5.2542e-07","1e-04","C"
"4","Trait5","FASTmrMLM","NsiI.TP590554","1","78156460","-2.0543e-06","4e-04","A"
"4","Trait5","FASTmrMLM","PstI.TP130255","1","78156903","-1.9038e-05","0.0042","G"
"4","Trait5","FASTmrMLM","PstI.TP831412","1","78156959","1.8989e-06","4e-04","A"
"4","Trait5","FASTmrMLM","PstI.TP537292","1","78162057","-0.0317","0.4114","C"
"4","Trait5","FASTmrMLM","PstI.TP459121","1","78162835","-0.3242","2.5272","C"
"4","Trait5","FASTmrMLM","PstI.TP128144","1","78163072","7.342e-06","0.0016","C"
"4","Trait5","FASTmrMLM","NsiI.TP566572","1","78181125","0.0631","0.561","C"
"4","Trait5","FASTmrMLM","PstI.TP652837","1","78182401","-1.8588e-05","0.0041","C"
"4","Trait5","FASTmrMLM","NsiI.TP196580","1","78183822","8.1769e-06","0.0018","C"
"4","Trait5","FASTmrMLM","PstI.TP588109","1","78200524","-0.0067","0.1278","C"
"4","Trait5","FASTmrMLM","PstI.TP946695","1","78239497","3.4981e-06","8e-04","A"
"4","Trait5","FASTmrMLM","PstI.TP469636","1","78240594","8.3355e-06","0.0018","C"
"4","Trait5","FASTmrMLM","PstI.TP168334","1","78240700","-1.1744e-05","0.0026","A"
"4","Trait5","FASTmrMLM","PstI.TP1144768","1","78240904","-1.4283e-05","0.0031","A"
"4","Trait5","FASTmrMLM","NsiI.TP623210","1","78255114","-1.0134e-05","0.0022","A"
"4","Trait5","FASTmrMLM","NsiI.TP592449","1","78263344","-1.5289e-05","0.0033","A"
"4","Trait5","FASTmrMLM","PstI.TP779651","1","78264274","7.8851e-06","0.0017","C"
"4","Trait5","FASTmrMLM","NsiI.TP725109","1","78285548","1.8063e-05","0.0039","C"
"4","Trait5","FASTmrMLM","NsiI.TP725115","1","78285558","-7.0208e-06","0.0015","A"
"4","Trait5","FASTmrMLM","NsiI.TP450689","1","78324443","-1.8302e-05","0.004","C"
"4","Trait5","FASTmrMLM","NsiI.TP52111","1","78326702","-0.0938","0.4958","C"
"4","Trait5","FASTmrMLM","PstI.TP966300","1","78332944","-1e-04","0.0109","A"
"4","Trait5","FASTmrMLM","PstI.TP1027179","1","78340749","4.151e-06","9e-04","A"
"4","Trait5","FASTmrMLM","NsiI.TP217249","1","78346901","-1.4039e-05","0.0031","C"
"4","Trait5","FASTmrMLM","PstI.TP1166693","1","78346994","0.1106","1.247","A"
"4","Trait5","FASTmrMLM","PstI.TP1198075","1","78377478","-7.2173e-06","0.0016","C"
"4","Trait5","FASTmrMLM","PstI.TP1198077","1","78377504","-3.2096e-06","7e-04","A"
"4","Trait5","FASTmrMLM","PstI.TP79407","1","78385917","1.6025e-05","0.0035","C"
"4","Trait5","FASTmrMLM","NsiI.TP423755","1","78386749","2.3729e-06","5e-04","G"
"4","Trait5","FASTmrMLM","PstI.TP217199","1","78396312","-0.0521","0.3631","A"
"4","Trait5","FASTmrMLM","PstI.TP128807","1","78396392","-0.0553","0.6968","C"
"4","Trait5","FASTmrMLM","PstI.TP445406","1","78397054","0.0494","0.5362","A"
"4","Trait5","FASTmrMLM","PstI.TP942471","1","78400363","2.518e-05","0.0055","G"
"4","Trait5","FASTmrMLM","PstI.TP215406","1","78409580","-1.4667e-05","0.0032","C"
"4","Trait5","FASTmrMLM","NsiI.TP720755","1","78419419","1.2909e-05","0.0028","C"
"4","Trait5","FASTmrMLM","NsiI.TP750745","1","78419426","9.8102e-07","2e-04","C"
"4","Trait5","FASTmrMLM","PstI.TP1237450","1","78424713","-5.9913e-05","0.0084","A"
"4","Trait5","FASTmrMLM","PstI.TP387423","1","78425327","-0.0929","1.0567","C"
"4","Trait5","FASTmrMLM","PstI.TP1120122","1","78429408","1.3289e-05","0.0029","A"
"4","Trait5","FASTmrMLM","NsiI.TP617537","1","78452651","-0.0321","0.2964","C"
"4","Trait5","FASTmrMLM","NsiI.TP567207","1","78452804","2.383e-06","5e-04","A"
"4","Trait5","FASTmrMLM","PstI.TP674153","1","78459110","9.5565e-06","0.0021","G"
"4","Trait5","FASTmrMLM","PstI.TP294664","1","78489046","4.668e-06","0.001","G"
"4","Trait5","FASTmrMLM","PstI.TP1221179","1","78509132","1.2149e-05","0.0027","C"
"4","Trait5","FASTmrMLM","NsiI.TP429188","1","78510261","-0.1296","0.6853","C"
"4","Trait5","FASTmrMLM","NsiI.TP421785","1","78510321","0.14","0.9069","A"
"4","Trait5","FASTmrMLM","PstI.TP79947","1","78516625","-0.4343","1.7929","C"
"4","Trait5","FASTmrMLM","PstI.TP6273","1","78517337","-3.1842e-06","7e-04","C"
"4","Trait5","FASTmrMLM","PstI.TP1084987","1","78521283","-3.2502e-06","7e-04","A"
"4","Trait5","FASTmrMLM","NsiI.TP813731","1","78532783","1.2028e-06","3e-04","A"
"4","Trait5","FASTmrMLM","NsiI.TP520618","1","78533009","-7.9517e-07","2e-04","C"
"4","Trait5","FASTmrMLM","NsiI.TP423790","1","78556598","0.0939","0.3731","A"
"4","Trait5","FASTmrMLM","PstI.TP856768","1","78557039","0.0335","0.3978","C"
"4","Trait5","FASTmrMLM","NsiI.TP628522","1","78557741","-0.0402","0.2895","G"
"4","Trait5","FASTmrMLM","NsiI.TP645019","1","78560876","-6.3724e-06","0.0014","C"
"4","Trait5","FASTmrMLM","PstI.TP803259","1","78564283","1.4839e-07","3.2294e-05","C"
"4","Trait5","FASTmrMLM","PstI.TP837802","1","78565577","1.0062e-05","0.0022","A"
"4","Trait5","FASTmrMLM","PstI.TP835300","1","78565589","-7.0903e-07","2e-04","A"
"4","Trait5","FASTmrMLM","PstI.TP639503","1","78579633","0.2592","0.9407","A"
"4","Trait5","FASTmrMLM","NsiI.TP72985","1","78580487","-1.9115e-05","0.0042","A"
"4","Trait5","FASTmrMLM","NsiI.TP669717","1","78593679","-0.1401","1.4367","A"
"4","Trait5","FASTmrMLM","NsiI.TP669716","1","78593714","-2.0679e-05","0.0045","G"
"4","Trait5","FASTmrMLM","NsiI.TP811453","1","78599597","-1.9979e-05","0.0044","A"
"4","Trait5","FASTmrMLM","GFSSContig11183_265","1","78604057","-0.0297","0.2455","T"
"4","Trait5","FASTmrMLM","NsiI.TP521511","1","78620772","-0.007","0.1278","A"
"4","Trait5","FASTmrMLM","NsiI.TP257162","1","78648219","-1.3491e-05","0.0029","A"
"4","Trait5","FASTmrMLM","PstI.TP525604","1","78648237","-3.2022e-05","0.007","G"
"4","Trait5","FASTmrMLM","NsiI.TP259955","1","78724090","-3e-04","0.0156","A"
"4","Trait5","FASTmrMLM","PstI.TP151617","1","78724834","-2.0715e-05","0.0045","A"
"4","Trait5","FASTmrMLM","NsiI.TP162258","1","78726606","-8.0386e-06","0.0018","A"
"4","Trait5","FASTmrMLM","PstI.TP239867","1","78726610","-0.1835","0.8305","A"
"4","Trait5","FASTmrMLM","PstI.TP96766","1","78742126","5.4963e-06","0.0012","A"
"4","Trait5","FASTmrMLM","PstI.TP833273","1","78742149","7.8213e-06","0.0017","G"
"4","Trait5","FASTmrMLM","PstI.TP185565","1","78747471","0.0741","0.4483","A"
"4","Trait5","FASTmrMLM","PstI.TP31197","1","78757795","1.3197e-05","0.0029","C"
"4","Trait5","FASTmrMLM","NsiI.TP450106","1","78775645","-2.0659e-05","0.0045","C"
"4","Trait5","FASTmrMLM","NsiI.TP679895","1","78780694","0.0142","0.1985","G"
"4","Trait5","FASTmrMLM","PstI.TP254193","1","78784358","-0.0464","0.322","A"
"4","Trait5","FASTmrMLM","PstI.TP1072616","1","78788131","-2e-04","0.0131","C"
"4","Trait5","FASTmrMLM","NsiI.TP746656","1","78795371","-2.4605e-05","0.0054","A"
"4","Trait5","FASTmrMLM","NsiI.TP431330","1","78798313","-0.1174","0.6266","C"
"4","Trait5","FASTmrMLM","PstI.TP860304","1","78798493","-0.0303","0.2415","A"
"4","Trait5","FASTmrMLM","PstI.TP1252401","1","78811645","3.6658e-06","8e-04","G"
"4","Trait5","FASTmrMLM","PstI.TP4803","1","78818384","-4.4512e-05","0.005","A"
"4","Trait5","FASTmrMLM","PstI.TP463183","1","78828774","-0.0376","0.4393","G"
"4","Trait5","FASTmrMLM","PstI.TP42896","1","78847640","-6.1906e-06","0.0013","A"
"4","Trait5","FASTmrMLM","NsiI.TP820834","1","78863601","0.0472","0.5684","C"
"4","Trait5","FASTmrMLM","NsiI.TP216578","1","78866090","3.3734e-05","0.0074","A"
"4","Trait5","FASTmrMLM","PstI.TP1169781","1","78869856","2.8198e-05","0.0062","A"
"4","Trait5","FASTmrMLM","PstI.TP76676","1","78875616","-1.0188e-05","0.0022","A"
"4","Trait5","FASTmrMLM","PstI.TP1066379","1","78899176","4.1908e-05","0.0092","C"
"4","Trait5","FASTmrMLM","NsiI.TP387064","1","78909565","-4.5896e-06","0.001","A"
"4","Trait5","FASTmrMLM","NsiI.TP387106","1","78909568","-2.1088e-06","5e-04","A"
"4","Trait5","FASTmrMLM","PstI.TP1195389","1","78926999","-6.1749e-06","0.0013","A"
"4","Trait5","FASTmrMLM","PstI.TP1195390","1","78927004","-7.1805e-06","0.0016","C"
"4","Trait5","FASTmrMLM","PstI.TP512519","1","78935006","0.0683","0.7463","C"
"4","Trait5","FASTmrMLM","NsiI.TP743320","1","78939784","1.2544e-05","0.0027","A"
"4","Trait5","FASTmrMLM","PstI.TP353803","1","78947488","0.1051","1.2582","C"
"4","Trait5","FASTmrMLM","PstI.TP1276462","1","78952828","-1.5715e-05","0.0034","C"
"4","Trait5","FASTmrMLM","PstI.TP803367","1","78963580","0.086","1.1241","C"
"4","Trait5","FASTmrMLM","PstI.TP856970","1","78963659","-2.2637e-05","0.005","A"
"4","Trait5","FASTmrMLM","PstI.TP1287058","1","78969745","0.1126","0.6487","A"
"4","Trait5","FASTmrMLM","NsiI.TP630710","1","78991711","3.5397e-06","8e-04","C"
"4","Trait5","FASTmrMLM","PstI.TP708980","1","78991790","0.0357","0.4248","C"
"4","Trait5","FASTmrMLM","PstI.TP593279","1","78992355","1.1109e-05","0.0024","G"
"4","Trait5","FASTmrMLM","NsiI.TP623899","1","79001152","3.8063e-05","0.0084","A"
"4","Trait5","FASTmrMLM","PstI.TP819011","1","79004677","-1.0888e-05","0.0024","C"
"4","Trait5","FASTmrMLM","NsiI.TP573897","1","79004865","2.7824e-05","0.0061","C"
"4","Trait5","FASTmrMLM","PstI.TP539520","1","79006048","-0.1009","0.8786","A"
"4","Trait5","FASTmrMLM","PstI.TP203485","1","79007913","-6.4435e-05","0.008","C"
"4","Trait5","FASTmrMLM","NsiI.TP25851","1","79021936","-0.0581","0.5207","A"
"4","Trait5","FASTmrMLM","PstI.TP854386","1","79027395","1.1921e-05","0.0026","A"
"4","Trait5","FASTmrMLM","PstI.TP987275","1","79035482","2.8987e-07","6.3088e-05","C"
"4","Trait5","FASTmrMLM","PstI.TP1711","1","79037363","8.536e-06","0.0019","C"
"4","Trait5","FASTmrMLM","NsiI.TP813592","1","79047838","0.0188","0.135","C"
"4","Trait5","FASTmrMLM","PstI.TP970238","1","79048400","1.4024e-05","0.0031","C"
"4","Trait5","FASTmrMLM","NsiI.TP492704","1","79052861","-1.4861e-05","0.0032","C"
"4","Trait5","FASTmrMLM","NsiI.TP201472","1","79103427","3.631e-06","8e-04","C"
"4","Trait5","FASTmrMLM","PstI.TP1013643","1","79126920","-0.113","0.6505","C"
"4","Trait5","FASTmrMLM","PstI.TP315114","1","79156064","1.4826e-05","0.0032","A"
"4","Trait5","FASTmrMLM","PstI.TP1084534","1","79162898","-2.1345e-05","0.0047","A"
"4","Trait5","FASTmrMLM","PstI.TP434977","1","79165905","-2.7127e-05","0.0059","C"
"4","Trait5","FASTmrMLM","PstI.TP6990","1","79172378","-8.3973e-06","0.0018","C"
"4","Trait5","FASTmrMLM","PstI.TP47497","1","79181255","0.1033","0.6327","C"
"4","Trait5","FASTmrMLM","PstI.TP62520","1","79185340","-0.164","0.8983","A"
"4","Trait5","FASTmrMLM","PstI.TP1028829","1","79187692","-2.8679e-05","0.0063","A"
"4","Trait5","FASTmrMLM","GFSSContig17152_572","1","79190136","5.8235e-06","0.0013","A"
"4","Trait5","FASTmrMLM","PstI.TP373538","1","79191911","-1.9821e-05","0.0043","A"
"4","Trait5","FASTmrMLM","PstI.TP546888","1","79200062","-0.1721","0.5267","C"
"4","Trait5","FASTmrMLM","PstI.TP646523","1","79201450","-4.7733e-06","0.001","A"
"4","Trait5","FASTmrMLM","NsiI.TP276241","1","79202469","4.7115e-06","0.001","A"
"4","Trait5","FASTmrMLM","PstI.TP138600","1","79203439","2.2957e-05","0.005","A"
"4","Trait5","FASTmrMLM","PstI.TP127200","1","79273113","-0.0866","0.5011","A"
"4","Trait5","FASTmrMLM","PstI.TP1180192","1","79273197","2.5251e-05","0.0055","C"
"4","Trait5","FASTmrMLM","NsiI.TP335330","1","79274389","-2.2243e-05","0.0049","C"
"4","Trait5","FASTmrMLM","PstI.TP1122495","1","79282757","1.9151e-05","0.0042","A"
"4","Trait5","FASTmrMLM","PstI.TP1122269","1","79282797","-2.2053e-06","5e-04","G"
"4","Trait5","FASTmrMLM","PstI.TP334245","1","79301821","-1.1057e-05","0.0024","C"
"4","Trait5","FASTmrMLM","PstI.TP19536","1","79302806","7.5112e-06","0.0016","A"
"4","Trait5","FASTmrMLM","PstI.TP1277409","1","79353211","2.0114e-05","0.0044","G"
"4","Trait5","FASTmrMLM","NsiI.TP369347","1","79354958","0.0254","0.269","A"
"4","Trait5","FASTmrMLM","NsiI.TP356286","1","79361824","-0.2291","3.0033","C"
"4","Trait5","FASTmrMLM","PstI.TP168893","1","79361956","4.1252e-06","9e-04","A"
"4","Trait5","FASTmrMLM","PstI.TP128075","1","79363077","-0.0182","0.2849","C"
"4","Trait5","FASTmrMLM","PstI.TP329415","1","79369869","-2.5636e-05","0.0056","C"
"4","Trait5","FASTmrMLM","PstI.TP329417","1","79369878","0.0782","0.3854","A"
"4","Trait5","FASTmrMLM","PstI.TP12145","1","79379948","1.6548e-05","0.0036","A"
"4","Trait5","FASTmrMLM","NsiI.TP743891","1","79380852","-6.8498e-06","0.0015","C"
"4","Trait5","FASTmrMLM","PstI.TP71849","1","79387348","-0.0278","0.3742","C"
"4","Trait5","FASTmrMLM","NsiI.TP675994","1","79402322","-4.887e-05","0.0072","A"
"4","Trait5","FASTmrMLM","PstI.TP13042","1","79426331","-7.8947e-06","0.0017","A"
"4","Trait5","FASTmrMLM","PstI.TP404192","1","79434638","0.1023","0.5574","A"
"4","Trait5","FASTmrMLM","PstI.TP1010512","1","79440784","-2.4518e-07","5.3357e-05","A"
"4","Trait5","FASTmrMLM","PstI.TP898259","1","79442910","4.422e-06","0.001","A"
"4","Trait5","FASTmrMLM","NsiI.TP621776","1","79466998","0.0488","0.4259","C"
"4","Trait5","FASTmrMLM","PstI.TP291200","1","79471623","6.793e-08","1.4783e-05","C"
"4","Trait5","FASTmrMLM","NsiI.TP437351","1","79473769","2.1374e-07","4.6525e-05","C"
"4","Trait5","FASTmrMLM","NsiI.TP739570","1","79483934","-2.3055e-05","0.005","G"
"4","Trait5","FASTmrMLM","PstI.TP172804","1","79485436","-9.9705e-06","0.0022","A"
"4","Trait5","FASTmrMLM","PstI.TP619305","1","79505879","7.1061e-06","0.0015","A"
"4","Trait5","FASTmrMLM","PstI.TP237030","1","79508787","-1.1487e-05","0.0025","A"
"4","Trait5","FASTmrMLM","NsiI.TP713574","1","79510866","3.1737e-06","7e-04","G"
"4","Trait5","FASTmrMLM","PstI.TP504128","1","79511194","1.4799e-05","0.0032","A"
"4","Trait5","FASTmrMLM","NsiI.TP730267","1","79517382","0.1265","0.9022","C"
"4","Trait5","FASTmrMLM","NsiI.TP680933","1","79528022","2.4349e-06","5e-04","A"
"4","Trait5","FASTmrMLM","PstI.TP813497","1","79540010","-0.2383","1.1542","A"
"4","Trait5","FASTmrMLM","NsiI.TP596087","1","79540913","-5.3731e-06","0.0012","G"
"4","Trait5","FASTmrMLM","PstI.TP947447","1","79542486","-4.641e-06","0.001","G"
"4","Trait5","FASTmrMLM","PstI.TP330560","1","79546617","-8.2553e-06","0.0018","C"
"4","Trait5","FASTmrMLM","NsiI.TP441405","1","79566499","1.4337e-05","0.0031","A"
"4","Trait5","FASTmrMLM","NsiI.TP671726","1","79566576","1.861e-06","4e-04","C"
"4","Trait5","FASTmrMLM","NsiI.TP416851","1","79573410","7.8176e-06","0.0017","A"
"4","Trait5","FASTmrMLM","NsiI.TP492031","1","79573880","0.0263","0.3053","C"
"4","Trait5","FASTmrMLM","PstI.TP1008313","1","79584308","1.8698e-05","0.0041","C"
"4","Trait5","FASTmrMLM","NsiI.TP415239","1","79586726","5.4412e-06","0.0012","A"
"4","Trait5","FASTmrMLM","PstI.TP839435","1","79594246","-0.0359","0.3859","G"
"4","Trait5","FASTmrMLM","GFSSContig14485_1273","1","79597601","1.7715e-05","0.0039","A"
"4","Trait5","FASTmrMLM","PstI.TP1216566","1","79599777","-1.8537e-05","0.0041","A"
"4","Trait5","FASTmrMLM","PstI.TP174211","1","79622662","0.1326","0.7202","A"
"4","Trait5","FASTmrMLM","PstI.TP1115208","1","79624488","-1.1192e-05","0.0024","A"
"4","Trait5","FASTmrMLM","PstI.TP277803","1","79649997","-7.9647e-06","0.0017","G"
"4","Trait5","FASTmrMLM","PstI.TP277812","1","79649997","3.472e-05","0.0076","G"
"4","Trait5","FASTmrMLM","PstI.TP277871","1","79649997","-0.1936","2.4339","G"
"4","Trait5","FASTmrMLM","PstI.TP277954","1","79649997","0.0109","0.1726","G"
"4","Trait5","FASTmrMLM","PstI.TP277955","1","79649997","-1.9902e-05","0.0044","G"
"4","Trait5","FASTmrMLM","PstI.TP277963","1","79649997","-0.0665","0.562","G"
"4","Trait5","FASTmrMLM","PstI.TP277973","1","79649997","-9.1708e-06","0.002","G"
"4","Trait5","FASTmrMLM","PstI.TP77067","1","79664579","4.2474e-06","9e-04","A"
"4","Trait5","FASTmrMLM","PstI.TP1025772","1","79665639","2.9901e-05","0.0066","C"
"4","Trait5","FASTmrMLM","PstI.TP1040877","1","79678618","-4.1684e-06","9e-04","C"
"4","Trait5","FASTmrMLM","PstI.TP897753","1","79685962","5.5926e-06","0.0012","C"
"4","Trait5","FASTmrMLM","PstI.TP1003155","1","79688534","1.3235e-05","0.0029","C"
"4","Trait5","FASTmrMLM","NsiI.TP454955","1","79688846","1.4382e-06","3e-04","A"
"4","Trait5","FASTmrMLM","NsiI.TP450855","1","79721570","-5.4228e-06","0.0012","C"
"4","Trait5","FASTmrMLM","NsiI.TP681651","1","79746417","1.7864e-06","4e-04","C"
"4","Trait5","FASTmrMLM","NsiI.TP30148","1","79750238","-0.0256","0.2152","G"
"4","Trait5","FASTmrMLM","NsiI.TP149985","1","79753157","-1.4845e-05","0.0032","C"
"4","Trait5","FASTmrMLM","NsiI.TP539756","1","79753228","6.751e-06","0.0015","A"
"4","Trait5","FASTmrMLM","PstI.TP964019","1","79753663","-3.2094e-06","7e-04","A"
"4","Trait5","FASTmrMLM","NsiI.TP458805","1","79753663","-1.3113e-05","0.0029","A"
"4","Trait5","FASTmrMLM","PstI.TP912371","1","79754777","6.2454e-06","0.0014","C"
"4","Trait5","FASTmrMLM","NsiI.TP429155","1","79758909","-1.5995e-07","3.481e-05","C"
"4","Trait5","FASTmrMLM","PstI.TP791681","1","79769824","3.2174e-05","0.0071","A"
"4","Trait5","FASTmrMLM","PstI.TP1024215","1","79775287","-1.1957e-05","0.0026","A"
"4","Trait5","FASTmrMLM","PstI.TP964390","1","79775870","-0.1946","1.1867","C"
"4","Trait5","FASTmrMLM","NsiI.TP336549","1","79775876","0.1926","1.1247","A"
"4","Trait5","FASTmrMLM","NsiI.TP339645","1","79809479","2.4629e-06","5e-04","C"
"4","Trait5","FASTmrMLM","PstI.TP224682","1","79810295","-0.15","0.9813","A"
"4","Trait5","FASTmrMLM","PstI.TP402716","1","79822030","-0.0657","0.4797","A"
"4","Trait5","FASTmrMLM","PstI.TP1113724","1","79826234","3.5665e-05","0.0064","A"
"4","Trait5","FASTmrMLM","PstI.TP156101","1","79854996","0.0087","0.1006","A"
"4","Trait5","FASTmrMLM","NsiI.TP575416","1","79857960","0.0656","0.8046","C"
"4","Trait5","FASTmrMLM","NsiI.TP723729","1","79892230","2.1812e-06","5e-04","C"
"4","Trait5","FASTmrMLM","PstI.TP1259171","1","79892318","-0.0969","0.6905","G"
"4","Trait5","FASTmrMLM","NsiI.TP179387","1","79906287","-1.2298e-05","0.0027","C"
"4","Trait5","FASTmrMLM","NsiI.TP56686","1","79930776","0.1226","0.7413","C"
"4","Trait5","FASTmrMLM","PstI.TP1255744","1","79931387","-0.2613","1.7468","A"
"4","Trait5","FASTmrMLM","PstI.TP95174","1","79947590","-2.2125e-05","0.0048","A"
"4","Trait5","FASTmrMLM","PstI.TP245404","1","79960134","-0.018","0.2117","C"
"4","Trait5","FASTmrMLM","PstI.TP934939","1","79968511","-0.0293","0.3473","C"
"4","Trait5","FASTmrMLM","PstI.TP934946","1","79968521","-1.7615e-05","0.0039","A"
"4","Trait5","FASTmrMLM","PstI.TP1110591","1","79975952","1.1003e-05","0.0024","C"
"4","Trait5","FASTmrMLM","NsiI.TP373216","1","79976000","1.9885e-05","0.0043","G"
"4","Trait5","FASTmrMLM","NsiI.TP409672","1","79988536","-1.6998e-05","0.0037","G"
"4","Trait5","FASTmrMLM","NsiI.TP601750","1","79996217","7.358e-06","0.0016","C"
"4","Trait5","FASTmrMLM","PstI.TP41109","1","80011442","3.7094e-05","0.0082","C"
"4","Trait5","FASTmrMLM","PstI.TP1060233","1","80022372","-0.0174","0.2473","A"
"4","Trait5","FASTmrMLM","NsiI.TP249856","1","80024446","1.9533e-05","0.0043","A"
"4","Trait5","FASTmrMLM","NsiI.TP669050","1","80035622","-0.0211","0.2237","A"
"4","Trait5","FASTmrMLM","NsiI.TP581823","1","80077073","9.1499e-06","0.002","C"
"4","Trait5","FASTmrMLM","NsiI.TP487690","1","80077669","-2.2423e-05","0.0049","A"
"4","Trait5","FASTmrMLM","PstI.TP1180966","1","80079077","-1.4113e-05","0.0031","G"
"4","Trait5","FASTmrMLM","NsiI.TP667882","1","80090506","1.9009e-05","0.0042","A"
"4","Trait5","FASTmrMLM","NsiI.TP612277","1","80090510","-4.4948e-06","0.001","A"
"4","Trait5","FASTmrMLM","PstI.TP35904","1","80142097","-0.0939","0.8533","A"
"4","Trait5","FASTmrMLM","PstI.TP35908","1","80142104","8.1579e-06","0.0018","A"
"4","Trait5","FASTmrMLM","NsiI.TP249867","1","80147423","-4.038e-06","9e-04","A"
"4","Trait5","FASTmrMLM","PstI.TP1224286","1","80188589","2.3787e-06","5e-04","A"
"4","Trait5","FASTmrMLM","PstI.TP640960","1","80209769","-2.2227e-05","0.0049","C"
"4","Trait5","FASTmrMLM","NsiI.TP422810","1","80212977","9.3669e-06","0.002","C"
"4","Trait5","FASTmrMLM","PstI.TP1294472","1","80228389","-8.4021e-06","0.0018","A"
"4","Trait5","FASTmrMLM","NsiI.TP811280","1","80229911","1.0113e-05","0.0022","A"
"4","Trait5","FASTmrMLM","PstI.TP694031","1","80233157","4.5042e-06","0.001","A"
"4","Trait5","FASTmrMLM","NsiI.TP507448","1","80310430","-1.1295e-05","0.0025","A"
"4","Trait5","FASTmrMLM","PstI.TP892749","1","80310797","-0.1508","1.5956","C"
"4","Trait5","FASTmrMLM","PstI.TP351402","1","80321028","-2.7821e-05","0.0061","A"
"4","Trait5","FASTmrMLM","NsiI.TP745890","1","80331120","-4.2505e-05","0.0094","C"
"4","Trait5","FASTmrMLM","PstI.TP491961","1","80394916","0.0427","0.3031","A"
"4","Trait5","FASTmrMLM","PstI.TP709320","1","80397468","4.0245e-05","0.0088","C"
"4","Trait5","FASTmrMLM","PstI.TP752522","1","80410183","-7.6044e-06","0.0017","A"
"4","Trait5","FASTmrMLM","PstI.TP454518","1","80446510","-3.2206e-05","0.0071","A"
"4","Trait5","FASTmrMLM","PstI.TP49139","1","80477608","8.9352e-06","0.0019","A"
"4","Trait5","FASTmrMLM","PstI.TP851463","1","80479917","0.0349","0.2065","A"
"4","Trait5","FASTmrMLM","PstI.TP532395","1","80511189","4.7522e-06","0.001","A"
"4","Trait5","FASTmrMLM","NsiI.TP676199","1","80582463","-0.0259","0.2065","A"
"4","Trait5","FASTmrMLM","NsiI.TP32249","1","80582554","-0.0379","0.5107","A"
"4","Trait5","FASTmrMLM","PstI.TP829309","1","80621051","-2.3404e-05","0.0051","A"
"4","Trait5","FASTmrMLM","PstI.TP276751","1","80694115","-2.1032e-06","5e-04","A"
"4","Trait5","FASTmrMLM","NsiI.TP655257","1","80728948","6.473e-06","0.0014","A"
"4","Trait5","FASTmrMLM","PstI.TP702373","1","80829183","-8.9694e-07","2e-04","A"
"4","Trait5","FASTmrMLM","NsiI.TP418719","1","80872893","3.5021e-05","0.0077","A"
"4","Trait5","FASTmrMLM","NsiI.TP404940","1","80876498","0.3091","1.0924","A"
"4","Trait5","FASTmrMLM","PstI.TP703969","1","80877289","1.8799e-05","0.0041","C"
"4","Trait5","FASTmrMLM","NsiI.TP358966","2","115225","-0.0016","0.0383","A"
"4","Trait5","FASTmrMLM","PstI.TP477872","2","124621","-3.3254e-05","0.0073","A"
"4","Trait5","FASTmrMLM","PstI.TP989477","2","124717","9.4304e-06","0.0021","A"
"4","Trait5","FASTmrMLM","NsiI.TP39335","2","128242","-1.4916e-05","0.0033","C"
"4","Trait5","FASTmrMLM","PstI.TP764680","2","128379","0.1365","0.5989","G"
"4","Trait5","FASTmrMLM","NsiI.TP578895","2","130889","-4.2946e-06","9e-04","C"
"4","Trait5","FASTmrMLM","PstI.TP77995","2","141925","1.5323e-05","0.0033","A"
"4","Trait5","FASTmrMLM","NsiI.TP168250","2","153697","4.0094e-05","0.0088","A"
"4","Trait5","FASTmrMLM","PstI.TP131273","2","155776","-3.2617e-06","7e-04","A"
"4","Trait5","FASTmrMLM","PstI.TP457332","2","161081","1.0665e-05","0.0023","A"
"4","Trait5","FASTmrMLM","NsiI.TP612404","2","168796","0.0499","0.4345","C"
"4","Trait5","FASTmrMLM","NsiI.TP39740","2","186613","1.4537e-05","0.0032","C"
"4","Trait5","FASTmrMLM","NsiI.TP515564","2","248930","-2.2757e-06","5e-04","A"
"4","Trait5","FASTmrMLM","PstI.TP347169","2","250299","-0.1978","1.1221","C"
"4","Trait5","FASTmrMLM","NsiI.TP611653","2","251575","-0.0869","0.4203","A"
"4","Trait5","FASTmrMLM","NsiI.TP627578","2","262929","-1.8837e-05","0.0041","G"
"4","Trait5","FASTmrMLM","NsiI.TP419921","2","263256","-0.1113","0.8044","A"
"4","Trait5","FASTmrMLM","PstI.TP590797","2","275937","1.1262e-05","0.0025","A"
"4","Trait5","FASTmrMLM","PstI.TP986476","2","275973","0.0713","0.6348","A"
"4","Trait5","FASTmrMLM","NsiI.TP667407","2","318134","1.1155e-05","0.0024","C"
"4","Trait5","FASTmrMLM","NsiI.TP667406","2","318138","-7.9859e-06","0.0017","A"
"4","Trait5","FASTmrMLM","PstI.TP999714","2","327480","2.103e-06","5e-04","A"
"4","Trait5","FASTmrMLM","PstI.TP846789","2","327961","-7.2328e-06","0.0016","G"
"4","Trait5","FASTmrMLM","PstI.TP157588","2","329470","9.8497e-07","2e-04","A"
"4","Trait5","FASTmrMLM","PstI.TP1124514","2","332407","1.2871e-05","0.0028","C"
"4","Trait5","FASTmrMLM","PstI.TP748345","2","359987","0.0282","0.1941","G"
"4","Trait5","FASTmrMLM","NsiI.TP681349","2","360225","-1.6733e-05","0.0037","G"
"4","Trait5","FASTmrMLM","NsiI.TP681584","2","360235","-0.0136","0.205","G"
"4","Trait5","FASTmrMLM","PstI.TP576366","2","375350","0.0674","0.3782","A"
"4","Trait5","FASTmrMLM","PstI.TP545286","2","380670","-0.0228","0.3454","A"
"4","Trait5","FASTmrMLM","PstI.TP576394","2","382720","-9.0256e-06","0.002","C"
"4","Trait5","FASTmrMLM","NsiI.TP296908","2","383531","0.0128","0.1412","A"
"4","Trait5","FASTmrMLM","NsiI.TP332586","2","388635","-0.0263","0.3951","C"
"4","Trait5","FASTmrMLM","NsiI.TP332585","2","388641","-2.5769e-06","6e-04","C"
"4","Trait5","FASTmrMLM","PstI.TP707578","2","388643","-2.2159e-05","0.0049","C"
"4","Trait5","FASTmrMLM","NsiI.TP571940","2","412759","-1.5268e-05","0.0033","A"
"4","Trait5","FASTmrMLM","NsiI.TP571942","2","412794","-2.6924e-05","0.0059","A"
"4","Trait5","FASTmrMLM","PstI.TP364924","2","417378","0.0728","0.6777","A"
"4","Trait5","FASTmrMLM","PstI.TP260255","2","427741","6.8827e-07","1e-04","A"
"4","Trait5","FASTmrMLM","NsiI.TP267424","2","445451","0.0602","0.621","C"
"4","Trait5","FASTmrMLM","NsiI.TP124218","2","450339","5.0279e-06","0.0011","A"
"4","Trait5","FASTmrMLM","NsiI.TP208586","2","451866","-2.1368e-06","5e-04","C"
"4","Trait5","FASTmrMLM","PstI.TP199591","2","465963","-2e-04","0.0136","A"
"4","Trait5","FASTmrMLM","NsiI.TP619508","2","466269","4.0686e-05","0.0089","G"
"4","Trait5","FASTmrMLM","NsiI.TP275785","2","516393","1.5462e-06","3e-04","A"
"4","Trait5","FASTmrMLM","PstI.TP1174282","2","529141","0.1383","0.5952","A"
"4","Trait5","FASTmrMLM","PstI.TP280889","2","544293","2.2783e-05","0.005","C"
"4","Trait5","FASTmrMLM","NsiI.TP219720","2","552699","5.0669e-07","1e-04","A"
"4","Trait5","FASTmrMLM","NsiI.TP216167","2","567991","-3.9736e-06","9e-04","C"
"4","Trait5","FASTmrMLM","PstI.TP602587","2","568003","-5.2125e-06","0.0011","C"
"4","Trait5","FASTmrMLM","PstI.TP42145","2","578489","4.991e-06","0.0011","A"
"4","Trait5","FASTmrMLM","PstI.TP497131","2","583508","0.2428","1.3642","C"
"4","Trait5","FASTmrMLM","PstI.TP850631","2","602280","-9.3256e-06","0.002","A"
"4","Trait5","FASTmrMLM","PstI.TP1271376","2","630465","2.7833e-05","0.0061","A"
"4","Trait5","FASTmrMLM","NsiI.TP282888","2","675031","-1.4977e-05","0.0033","C"
"4","Trait5","FASTmrMLM","PstI.TP790069","2","699673","0.1577","1.1992","A"
"4","Trait5","FASTmrMLM","PstI.TP168046","2","704382","-3.7652e-05","0.0083","A"
"4","Trait5","FASTmrMLM","PstI.TP737528","2","709219","1.318e-05","0.0029","A"
"4","Trait5","FASTmrMLM","PstI.TP762261","2","709232","-3.1088e-05","0.0068","A"
"4","Trait5","FASTmrMLM","NsiI.TP102717","2","738120","2.3074e-06","5e-04","A"
"4","Trait5","FASTmrMLM","PstI.TP667863","2","746281","-1.5832e-05","0.0035","A"
"4","Trait5","FASTmrMLM","PstI.TP571203","2","749077","3.8334e-06","8e-04","C"
"4","Trait5","FASTmrMLM","NsiI.TP588734","2","802971","2.8236e-05","0.0062","C"
"4","Trait5","FASTmrMLM","NsiI.TP777595","2","852382","-0.1361","2.1782","A"
"4","Trait5","FASTmrMLM","PstI.TP398716","2","890320","0.0395","0.2158","C"
"4","Trait5","FASTmrMLM","PstI.TP359523","2","905371","5.4307e-06","0.0012","C"
"4","Trait5","FASTmrMLM","PstI.TP669393","2","905422","4.1163e-05","0.0091","G"
"4","Trait5","FASTmrMLM","PstI.TP1200511","2","909362","0.0913","0.3511","C"
"4","Trait5","FASTmrMLM","NsiI.TP182043","2","910605","-4.0028e-05","0.0088","C"
"4","Trait5","FASTmrMLM","NsiI.TP123217","2","925324","-1.1152e-05","0.0024","A"
"4","Trait5","FASTmrMLM","NsiI.TP374154","2","949746","3.5549e-06","8e-04","G"
"4","Trait5","FASTmrMLM","PstI.TP1262414","2","960634","-3.5401e-06","8e-04","A"
"4","Trait5","FASTmrMLM","NsiI.TP337168","2","960656","-1.3354e-05","0.0029","A"
"4","Trait5","FASTmrMLM","PstI.TP1262412","2","960662","-2.6306e-05","0.0058","A"
"4","Trait5","FASTmrMLM","PstI.TP204841","2","960687","0.0493","0.4431","A"
"4","Trait5","FASTmrMLM","NsiI.TP215800","2","1008516","3.5792e-05","0.0079","C"
"4","Trait5","FASTmrMLM","NsiI.TP635475","2","1032623","-3.6961e-05","0.0081","A"
"4","Trait5","FASTmrMLM","NsiI.TP574474","2","1069691","0.1344","0.8479","C"
"4","Trait5","FASTmrMLM","PstI.TP136428","2","1104696","2.611e-05","0.0057","C"
"4","Trait5","FASTmrMLM","NsiI.TP487312","2","1105481","-1.3181e-05","0.0029","G"
"4","Trait5","FASTmrMLM","NsiI.TP233465","2","1118892","-2.0684e-05","0.0045","C"
"4","Trait5","FASTmrMLM","PstI.TP380456","2","1138018","2.8151e-06","6e-04","A"
"4","Trait5","FASTmrMLM","NsiI.TP204392","2","1280426","-0.2493","2.6348","C"
"4","Trait5","FASTmrMLM","NsiI.TP608979","2","1286110","-0.3804","1.4391","A"
"4","Trait5","FASTmrMLM","PstI.TP1102575","2","1296644","-9.8357e-06","0.0021","A"
"4","Trait5","FASTmrMLM","PstI.TP1211874","2","1299235","-2.05e-05","0.0045","A"
"4","Trait5","FASTmrMLM","NsiI.TP134289","2","1384583","-4.0226e-06","9e-04","A"
"4","Trait5","FASTmrMLM","NsiI.TP232028","2","1386181","-0.1692","0.6837","C"
"4","Trait5","FASTmrMLM","PstI.TP401412","2","1393633","-0.1489","0.6613","G"
"4","Trait5","FASTmrMLM","NsiI.TP153144","2","1393996","2.5271e-05","0.0055","C"
"4","Trait5","FASTmrMLM","NsiI.TP204714","2","1424597","2.8461e-05","0.0062","A"
"4","Trait5","FASTmrMLM","PstI.TP1263449","2","1474965","-1.0989e-05","0.0024","A"
"4","Trait5","FASTmrMLM","PstI.TP1011736","2","1476653","-2.2939e-05","0.005","G"
"4","Trait5","FASTmrMLM","NsiI.TP482106","2","1476701","-3.2869e-05","0.0072","C"
"4","Trait5","FASTmrMLM","NsiI.TP482105","2","1476705","-0.0565","0.3911","C"
"4","Trait5","FASTmrMLM","NsiI.TP12376","2","1488847","-2.5498e-06","6e-04","A"
"4","Trait5","FASTmrMLM","PstI.TP747097","2","1573957","-5.0384e-06","0.0011","C"
"4","Trait5","FASTmrMLM","PstI.TP635848","2","1585621","-0.1037","0.684","A"
"4","Trait5","FASTmrMLM","NsiI.TP269436","2","1588997","-7.6757e-06","0.0017","A"
"4","Trait5","FASTmrMLM","PstI.TP461232","2","1598553","-5.3783e-06","0.0012","A"
"4","Trait5","FASTmrMLM","PstI.TP909928","2","1630374","0.2905","1.749","A"
"4","Trait5","FASTmrMLM","PstI.TP361822","2","1673606","9.7573e-06","0.0021","A"
"4","Trait5","FASTmrMLM","NsiI.TP18431","2","1702606","-0.0664","0.617","A"
"4","Trait5","FASTmrMLM","PstI.TP1263450","2","1738753","2.3361e-05","0.0051","G"
"4","Trait5","FASTmrMLM","PstI.TP140459","2","1744355","6.4886e-06","0.0014","C"
"4","Trait5","FASTmrMLM","NsiI.TP54394","2","1780211","0.3234","1.0363","G"
"4","Trait5","FASTmrMLM","PstI.TP869146","2","1820693","-1.2397e-05","0.0027","A"
"4","Trait5","FASTmrMLM","PstI.TP107881","2","1829534","-2.687e-05","0.0059","A"
"4","Trait5","FASTmrMLM","NsiI.TP594174","2","1893390","0.155","0.8333","A"
"4","Trait5","FASTmrMLM","PstI.TP227983","2","1895497","2.0301e-05","0.0044","A"
"4","Trait5","FASTmrMLM","PstI.TP153476","2","1907782","-0.0522","0.2856","A"
"4","Trait5","FASTmrMLM","PstI.TP1276687","2","1909527","1.6054e-05","0.0035","C"
"4","Trait5","FASTmrMLM","PstI.TP1050186","2","1911820","0.0659","0.4526","G"
"4","Trait5","FASTmrMLM","PstI.TP24191","2","1913899","-0.0411","0.3431","A"
"4","Trait5","FASTmrMLM","PstI.TP703873","2","1924222","-4.8113e-06","0.001","C"
"4","Trait5","FASTmrMLM","PstI.TP1122810","2","1924249","-2.0766e-05","0.0045","G"
"4","Trait5","FASTmrMLM","PstI.TP908081","2","1937968","-9.1883e-06","0.002","C"
"4","Trait5","FASTmrMLM","PstI.TP282786","2","1950110","1.1071e-05","0.0024","A"
"4","Trait5","FASTmrMLM","PstI.TP470160","2","1964484","1.4694e-05","0.0032","C"
"4","Trait5","FASTmrMLM","PstI.TP469864","2","2030644","4.3129e-06","9e-04","C"
"4","Trait5","FASTmrMLM","PstI.TP852002","2","2041108","0.0238","0.2589","C"
"4","Trait5","FASTmrMLM","PstI.TP348342","2","2043793","-6.4141e-06","0.0014","A"
"4","Trait5","FASTmrMLM","PstI.TP634560","2","2050815","6.4985e-06","0.0014","C"
"4","Trait5","FASTmrMLM","PstI.TP772589","2","2064232","-1.5923e-05","0.0035","C"
"4","Trait5","FASTmrMLM","PstI.TP1279013","2","2065396","3.3542e-05","0.0074","C"
"4","Trait5","FASTmrMLM","PstI.TP24479","2","2073995","5.1321e-05","0.0071","C"
"4","Trait5","FASTmrMLM","PstI.TP460897","2","2074034","-8.8552e-06","0.0019","C"
"4","Trait5","FASTmrMLM","NsiI.TP801585","2","2076062","-0.1194","0.8974","A"
"4","Trait5","FASTmrMLM","PstI.TP57504","2","2167249","2.0987e-05","0.0046","A"
"4","Trait5","FASTmrMLM","NsiI.TP390743","2","2215082","9.6054e-06","0.0021","A"
"4","Trait5","FASTmrMLM","NsiI.TP575555","2","2228424","-0.1278","0.6482","C"
"4","Trait5","FASTmrMLM","NsiI.TP162018","2","2235441","-1.7512e-05","0.0038","G"
"4","Trait5","FASTmrMLM","NsiI.TP279944","2","2237229","3.241e-05","0.0071","A"
"4","Trait5","FASTmrMLM","PstI.TP1095370","2","2322379","1.4424e-05","0.0032","G"
"4","Trait5","FASTmrMLM","PstI.TP1095372","2","2322397","-6.9969e-07","2e-04","G"
"4","Trait5","FASTmrMLM","GFSSContig17456_751","2","2367836","-5.4463e-06","0.0012","T"
"4","Trait5","FASTmrMLM","PstI.TP21529","2","2371944","-0.0529","0.5043","A"
"4","Trait5","FASTmrMLM","NsiI.TP32994","2","2526783","1.851e-05","0.004","A"
"4","Trait5","FASTmrMLM","NsiI.TP442501","2","2526979","1.5467e-05","0.0034","A"
"4","Trait5","FASTmrMLM","NsiI.TP428904","2","2527555","2.3753e-06","5e-04","G"
"4","Trait5","FASTmrMLM","PstI.TP201505","2","2551861","1.0382e-05","0.0023","A"
"4","Trait5","FASTmrMLM","PstI.TP1120910","2","2555547","1.587e-05","0.0035","A"
"4","Trait5","FASTmrMLM","PstI.TP1202981","2","2606117","-0.0225","0.1401","C"
"4","Trait5","FASTmrMLM","NsiI.TP661660","2","2656385","-6.115e-06","0.0013","A"
"4","Trait5","FASTmrMLM","NsiI.TP514453","2","2742924","8.042e-07","2e-04","A"
"4","Trait5","FASTmrMLM","NsiI.TP463718","2","2751608","0.1966","1.4445","C"
"4","Trait5","FASTmrMLM","PstI.TP587883","2","2757798","-1e-04","0.0109","C"
"4","Trait5","FASTmrMLM","NsiI.TP423139","2","2758292","0.285","1.0046","C"
"4","Trait5","FASTmrMLM","PstI.TP702408","2","2773923","1.5597e-05","0.0034","C"
"4","Trait5","FASTmrMLM","GFSSContig11785_150","2","2791621","0.04","0.4158","T"
"4","Trait5","FASTmrMLM","NsiI.TP418126","2","2821399","-9.9254e-06","0.0022","A"
"4","Trait5","FASTmrMLM","PstI.TP360841","2","2832783","-1.902e-05","0.0042","C"
"4","Trait5","FASTmrMLM","PstI.TP24974","2","2834442","-2.0358e-05","0.0045","A"
"4","Trait5","FASTmrMLM","PstI.TP502677","2","2861066","0.0954","0.4633","C"
"4","Trait5","FASTmrMLM","NsiI.TP571744","2","2865326","-1.1428e-05","0.0025","A"
"4","Trait5","FASTmrMLM","PstI.TP1207144","2","2884287","-0.0139","0.1963","A"
"4","Trait5","FASTmrMLM","PstI.TP312941","2","2888124","-0.0142","0.1814","A"
"4","Trait5","FASTmrMLM","NsiI.TP491669","2","2894322","-3.3699e-06","7e-04","G"
"4","Trait5","FASTmrMLM","NsiI.TP457092","2","2894409","0.171","1.2246","G"
"4","Trait5","FASTmrMLM","NsiI.TP738686","2","2900091","-4.3824e-06","0.001","A"
"4","Trait5","FASTmrMLM","NsiI.TP423518","2","2921270","-4.398e-06","0.001","C"
"4","Trait5","FASTmrMLM","PstI.TP547941","2","2922308","-0.0035","0.0525","A"
"4","Trait5","FASTmrMLM","NsiI.TP555591","2","2975750","3.3089e-05","0.0073","A"
"4","Trait5","FASTmrMLM","NsiI.TP15815","2","2981573","0.0472","0.5239","A"
"4","Trait5","FASTmrMLM","PstI.TP8678","2","2984246","-4.4061e-05","0.0097","A"
"4","Trait5","FASTmrMLM","PstI.TP8679","2","2984264","5.2922e-06","0.0012","A"
"4","Trait5","FASTmrMLM","PstI.TP122197","2","2990049","2.0257e-06","4e-04","C"
"4","Trait5","FASTmrMLM","NsiI.TP439642","2","3008715","-1.8113e-05","0.004","C"
"4","Trait5","FASTmrMLM","PstI.TP972096","2","3042190","-1.1663e-05","0.0025","A"
"4","Trait5","FASTmrMLM","PstI.TP767919","2","3043607","1.2638e-05","0.0028","A"
"4","Trait5","FASTmrMLM","PstI.TP102849","2","3058102","-0.0732","0.4994","A"
"4","Trait5","FASTmrMLM","PstI.TP1242719","2","3058843","2.1964e-05","0.0048","C"
"4","Trait5","FASTmrMLM","NsiI.TP797433","2","3066400","0.1524","0.6373","C"
"4","Trait5","FASTmrMLM","PstI.TP582635","2","3104247","-2.3031e-06","5e-04","G"
"4","Trait5","FASTmrMLM","NsiI.TP421022","2","3135537","-1.7358e-05","0.0038","A"
"4","Trait5","FASTmrMLM","NsiI.TP489115","2","3180885","-0.1039","0.8865","A"
"4","Trait5","FASTmrMLM","NsiI.TP570636","2","3195123","5.2617e-06","0.0011","A"
"4","Trait5","FASTmrMLM","NsiI.TP238795","2","3213228","-7.4517e-07","2e-04","C"
"4","Trait5","FASTmrMLM","PstI.TP887037","2","3218943","1.5425e-05","0.0034","C"
"4","Trait5","FASTmrMLM","NsiI.TP87616","2","3252135","-5.7208e-05","0.0077","A"
"4","Trait5","FASTmrMLM","NsiI.TP630885","2","3257537","1.0038e-05","0.0022","A"
"4","Trait5","FASTmrMLM","NsiI.TP479909","2","3269231","-1.8635e-05","0.0041","G"
"4","Trait5","FASTmrMLM","NsiI.TP567955","2","3314921","-2.2532e-05","0.0049","A"
"4","Trait5","FASTmrMLM","NsiI.TP344418","2","3321098","-2.0501e-05","0.0045","C"
"4","Trait5","FASTmrMLM","PstI.TP704596","2","3325739","-1.569e-05","0.0034","C"
"4","Trait5","FASTmrMLM","NsiI.TP477328","2","3325739","1.9234e-05","0.0042","A"
"4","Trait5","FASTmrMLM","NsiI.TP437716","2","3325805","-0.1438","0.8942","A"
"4","Trait5","FASTmrMLM","NsiI.TP4997","2","3335341","-0.0696","0.7082","C"
"4","Trait5","FASTmrMLM","PstI.TP156242","2","3343441","-7.4242e-06","0.0016","A"
"4","Trait5","FASTmrMLM","PstI.TP229147","2","3390758","0.3569","2.1418","C"
"4","Trait5","FASTmrMLM","PstI.TP219584","2","3429973","-2.5322e-05","0.0055","A"
"4","Trait5","FASTmrMLM","NsiI.TP417974","2","3631692","1.271e-05","0.0028","C"
"4","Trait5","FASTmrMLM","NsiI.TP615142","2","3637127","-2.4656e-05","0.0054","A"
"4","Trait5","FASTmrMLM","NsiI.TP167949","2","3639209","-0.1712","1.0665","C"
"4","Trait5","FASTmrMLM","NsiI.TP449369","2","3640582","-1.0105e-05","0.0022","C"
"4","Trait5","FASTmrMLM","PstI.TP661261","2","3657127","-0.129","1.3571","A"
"4","Trait5","FASTmrMLM","PstI.TP458571","2","3669039","6.3985e-06","0.0014","C"
"4","Trait5","FASTmrMLM","NsiI.TP237452","2","3709448","-3.2807e-05","0.0072","C"
"4","Trait5","FASTmrMLM","NsiI.TP404856","2","3714881","7.8814e-07","2e-04","C"
"4","Trait5","FASTmrMLM","PstI.TP804429","2","3714956","3.8287e-06","8e-04","C"
"4","Trait5","FASTmrMLM","PstI.TP815746","2","3715114","6.1265e-06","0.0013","C"
"4","Trait5","FASTmrMLM","PstI.TP794569","2","3715278","0.226","1.6246","A"
"4","Trait5","FASTmrMLM","PstI.TP203336","2","3720066","-0.0871","0.4191","A"
"4","Trait5","FASTmrMLM","PstI.TP203335","2","3720075","0.0671","0.492","A"
"4","Trait5","FASTmrMLM","NsiI.TP391306","2","3760134","-1.2787e-05","0.0028","C"
"4","Trait5","FASTmrMLM","NsiI.TP391602","2","3765100","-1.7519e-05","0.0038","C"
"4","Trait5","FASTmrMLM","NsiI.TP555510","2","3766733","-0.1451","0.8492","A"
"4","Trait5","FASTmrMLM","PstI.TP666999","2","3783531","-2.1683e-06","5e-04","C"
"4","Trait5","FASTmrMLM","NsiI.TP505510","2","3810005","-5.3348e-06","0.0012","A"
"4","Trait5","FASTmrMLM","PstI.TP1027999","2","3815242","-0.0818","0.8213","A"
"4","Trait5","FASTmrMLM","PstI.TP1219165","2","3820233","1.8205e-06","4e-04","C"
"4","Trait5","FASTmrMLM","PstI.TP312639","2","3911470","2.0004e-05","0.0044","A"
"4","Trait5","FASTmrMLM","NsiI.TP428405","2","3912472","3.4707e-05","0.0076","A"
"4","Trait5","FASTmrMLM","PstI.TP739775","2","3917222","-5.8473e-06","0.0013","C"
"4","Trait5","FASTmrMLM","PstI.TP694473","2","3932203","-0.2195","1.1803","A"
"4","Trait5","FASTmrMLM","PstI.TP421294","2","3942366","-1.0324e-05","0.0023","C"
"4","Trait5","FASTmrMLM","NsiI.TP479847","2","3957268","3.8742e-05","0.0085","C"
"4","Trait5","FASTmrMLM","GFSSContig6268_272","2","3959119","1.5722e-06","3e-04","T"
"4","Trait5","FASTmrMLM","PstI.TP1132419","2","3988312","6.9808e-06","0.0015","C"
"4","Trait5","FASTmrMLM","GFSSContig20611_1874","2","4006695","2.1357e-05","0.0047","C"
"4","Trait5","FASTmrMLM","PstI.TP601806","2","4021548","-5.1241e-06","0.0011","C"
"4","Trait5","FASTmrMLM","PstI.TP785151","2","4069035","-1.9967e-05","0.0044","A"
"4","Trait5","FASTmrMLM","PstI.TP908566","2","4095448","-9.1614e-06","0.002","A"
"4","Trait5","FASTmrMLM","PstI.TP415742","2","4098961","2.604e-05","0.0057","G"
"4","Trait5","FASTmrMLM","PstI.TP35935","2","4118637","-1.4953e-05","0.0033","C"
"4","Trait5","FASTmrMLM","PstI.TP826204","2","4127455","-1.5977e-05","0.0035","A"
"4","Trait5","FASTmrMLM","PstI.TP51748","2","4127459","-0.0173","0.1955","A"
"4","Trait5","FASTmrMLM","NsiI.TP560035","2","4136155","-3.9967e-06","9e-04","C"
"4","Trait5","FASTmrMLM","NsiI.TP7672","2","4145630","1.0994e-05","0.0024","C"
"4","Trait5","FASTmrMLM","NsiI.TP711715","2","4148416","-1.088e-05","0.0024","A"
"4","Trait5","FASTmrMLM","PstI.TP782266","2","4173244","-1.2368e-05","0.0027","C"
"4","Trait5","FASTmrMLM","PstI.TP370716","2","4270163","-1.0811e-05","0.0024","A"
"4","Trait5","FASTmrMLM","PstI.TP1244466","2","4309777","-1.1693e-05","0.0026","A"
"4","Trait5","FASTmrMLM","PstI.TP127545","2","4343917","-0.0755","0.7392","C"
"4","Trait5","FASTmrMLM","PstI.TP493468","2","4347785","-1.2786e-05","0.0028","A"
"4","Trait5","FASTmrMLM","PstI.TP1193525","2","4415350","-8.2122e-07","2e-04","C"
"4","Trait5","FASTmrMLM","NsiI.TP129503","2","4424110","-6.1092e-06","0.0013","A"
"4","Trait5","FASTmrMLM","PstI.TP361220","2","4474541","1.0133e-05","0.0022","A"
"4","Trait5","FASTmrMLM","PstI.TP42080","2","4482472","-0.2297","1.3153","G"
"4","Trait5","FASTmrMLM","PstI.TP16535","2","4499267","0.0721","0.7221","A"
"4","Trait5","FASTmrMLM","NsiI.TP362814","2","4591437","2.3054e-05","0.005","A"
"4","Trait5","FASTmrMLM","PstI.TP1145028","2","4612479","0.0465","0.5812","A"
"4","Trait5","FASTmrMLM","PstI.TP773928","2","4635764","-7.6603e-06","0.0017","C"
"4","Trait5","FASTmrMLM","PstI.TP665435","2","4646947","1.5527e-05","0.0034","C"
"4","Trait5","FASTmrMLM","PstI.TP668842","2","4648949","5.6996e-06","0.0012","A"
"4","Trait5","FASTmrMLM","PstI.TP981001","2","4681014","-0.1146","0.8425","A"
"4","Trait5","FASTmrMLM","PstI.TP342466","2","4686314","3.2103e-07","6.9871e-05","A"
"4","Trait5","FASTmrMLM","PstI.TP262331","2","4692065","5.2354e-06","0.0011","A"
"4","Trait5","FASTmrMLM","PstI.TP318650","2","4705365","0.0922","0.8868","A"
"4","Trait5","FASTmrMLM","NsiI.TP620431","2","4707723","-0.1007","0.6443","C"
"4","Trait5","FASTmrMLM","PstI.TP663772","2","4768961","7.7382e-06","0.0017","C"
"4","Trait5","FASTmrMLM","PstI.TP182549","2","4769024","6.3547e-07","1e-04","A"
"4","Trait5","FASTmrMLM","PstI.TP487615","2","4774643","2.6647e-05","0.0058","A"
"4","Trait5","FASTmrMLM","NsiI.TP756229","2","4779453","0.0047","0.0711","A"
"4","Trait5","FASTmrMLM","PstI.TP985033","2","4786608","2.3455e-05","0.0051","A"
"4","Trait5","FASTmrMLM","PstI.TP584875","2","4812441","0.032","0.2511","A"
"4","Trait5","FASTmrMLM","NsiI.TP180361","2","4855817","0.2212","1.2285","A"
"4","Trait5","FASTmrMLM","PstI.TP688729","2","4929876","-0.0719","0.2726","A"
"4","Trait5","FASTmrMLM","PstI.TP1023443","2","4929930","8.5763e-06","0.0019","A"
"4","Trait5","FASTmrMLM","PstI.TP1142871","2","4930821","-0.0916","0.8798","C"
"4","Trait5","FASTmrMLM","NsiI.TP544486","2","4939850","-0.206","1.3059","C"
"4","Trait5","FASTmrMLM","PstI.TP725609","2","4942696","0.3039","1.5443","G"
"4","Trait5","FASTmrMLM","PstI.TP730974","2","4968872","-0.0974","0.4439","A"
"4","Trait5","FASTmrMLM","NsiI.TP376675","2","5051419","-1.441e-05","0.0031","A"
"4","Trait5","FASTmrMLM","PstI.TP1083606","2","5100645","2.124e-05","0.0046","C"
"4","Trait5","FASTmrMLM","PstI.TP1294035","2","5163080","1.2334e-05","0.0027","C"
"4","Trait5","FASTmrMLM","PstI.TP297282","2","5214604","-1.1526e-05","0.0025","A"
"4","Trait5","FASTmrMLM","PstI.TP380157","2","5222953","-1.0585e-06","2e-04","A"
"4","Trait5","FASTmrMLM","PstI.TP241219","2","5225650","-4.623e-08","1.0061e-05","A"
"4","Trait5","FASTmrMLM","NsiI.TP370497","2","5228620","0.0743","0.4908","A"
"4","Trait5","FASTmrMLM","PstI.TP68478","2","5243180","-4.007e-06","9e-04","C"
"4","Trait5","FASTmrMLM","NsiI.TP538517","2","5273866","-3.1707e-05","0.007","A"
"4","Trait5","FASTmrMLM","PstI.TP539779","2","5282633","0.0974","0.5104","G"
"4","Trait5","FASTmrMLM","PstI.TP292862","2","5295535","-1.0465e-06","2e-04","A"
"4","Trait5","FASTmrMLM","PstI.TP44945","2","5312015","7.7284e-05","0.0085","A"
"4","Trait5","FASTmrMLM","NsiI.TP275026","2","5321915","2.9601e-06","6e-04","C"
"4","Trait5","FASTmrMLM","PstI.TP580104","2","5389101","0.0208","0.2015","A"
"4","Trait5","FASTmrMLM","PstI.TP137903","2","5490554","-8.0292e-06","0.0018","A"
"4","Trait5","FASTmrMLM","PstI.TP35716","2","5500236","1.9891e-05","0.0044","A"
"4","Trait5","FASTmrMLM","PstI.TP838325","2","5507959","-4.2968e-06","9e-04","A"
"4","Trait5","FASTmrMLM","PstI.TP168511","2","5511417","-1.0524e-05","0.0023","A"
"4","Trait5","FASTmrMLM","PstI.TP198396","2","5516660","-3.9272e-05","0.0086","A"
"4","Trait5","FASTmrMLM","NsiI.TP221707","2","5558392","1.1261e-05","0.0025","C"
"4","Trait5","FASTmrMLM","NsiI.TP571566","2","5559193","-1.3655e-05","0.003","G"
"4","Trait5","FASTmrMLM","NsiI.TP36895","2","5560647","-8.4035e-06","0.0018","A"
"4","Trait5","FASTmrMLM","NsiI.TP144638","2","5562203","2.7334e-05","0.0056","A"
"4","Trait5","FASTmrMLM","PstI.TP219162","2","5567905","-2.1247e-05","0.0046","C"
"4","Trait5","FASTmrMLM","PstI.TP304979","2","5567971","-1.9859e-05","0.0043","A"
"4","Trait5","FASTmrMLM","PstI.TP217237","2","5570708","-5.6125e-06","0.0012","C"
"4","Trait5","FASTmrMLM","NsiI.TP529125","2","5630525","2.7485e-05","0.006","A"
"4","Trait5","FASTmrMLM","PstI.TP851734","2","5649828","2.8435e-06","6e-04","C"
"4","Trait5","FASTmrMLM","PstI.TP71456","2","5649876","-1.455e-06","3e-04","A"
"4","Trait5","FASTmrMLM","PstI.TP741957","2","5655578","-8.5126e-06","0.0019","C"
"4","Trait5","FASTmrMLM","PstI.TP383143","2","5722060","0.0595","0.3193","C"
"4","Trait5","FASTmrMLM","PstI.TP259578","2","5808068","3e-04","0.0158","G"
"4","Trait5","FASTmrMLM","NsiI.TP767972","2","5837194","5.0138e-06","0.0011","A"
"4","Trait5","FASTmrMLM","NsiI.TP487965","2","5838121","0.0144","0.2295","A"
"4","Trait5","FASTmrMLM","PstI.TP814590","2","5879101","-8.9644e-06","0.002","C"
"4","Trait5","FASTmrMLM","PstI.TP1102959","2","5884759","-0.2019","1.2628","A"
"4","Trait5","FASTmrMLM","PstI.TP236859","2","5981510","-0.1946","1.2752","A"
"4","Trait5","FASTmrMLM","PstI.TP208221","2","5983666","-3.4123e-05","0.0075","A"
"4","Trait5","FASTmrMLM","PstI.TP749904","2","6008894","-7.4614e-06","0.0016","A"
"4","Trait5","FASTmrMLM","PstI.TP749903","2","6008931","3.0274e-05","0.0066","C"
"4","Trait5","FASTmrMLM","PstI.TP398618","2","6009711","-0.0376","0.4006","C"
"4","Trait5","FASTmrMLM","NsiI.TP463421","2","6010875","-2.7984e-05","0.0061","A"
"4","Trait5","FASTmrMLM","PstI.TP957946","2","6015319","3.9351e-05","0.0087","C"
"4","Trait5","FASTmrMLM","NsiI.TP744444","2","6018062","1.2529e-05","0.0027","C"
"4","Trait5","FASTmrMLM","NsiI.TP313952","2","6018124","1.5671e-05","0.0034","A"
"4","Trait5","FASTmrMLM","NsiI.TP567453","2","6042585","-0.0123","0.166","A"
"4","Trait5","FASTmrMLM","PstI.TP336124","2","6045000","0.0845","0.5297","G"
"4","Trait5","FASTmrMLM","NsiI.TP783433","2","6091366","1.6917e-05","0.0037","C"
"4","Trait5","FASTmrMLM","PstI.TP1034264","2","6135831","0.0643","0.4648","A"
"4","Trait5","FASTmrMLM","PstI.TP308332","2","6238774","-1.3023e-05","0.0028","C"
"4","Trait5","FASTmrMLM","NsiI.TP635661","2","6270373","-2.6747e-06","6e-04","A"
"4","Trait5","FASTmrMLM","NsiI.TP423810","2","6291646","-2.6742e-05","0.0059","C"
"4","Trait5","FASTmrMLM","PstI.TP794546","2","6395513","0.1037","0.662","A"
"4","Trait5","FASTmrMLM","NsiI.TP750875","2","6430032","-1.3123e-06","3e-04","G"
"4","Trait5","FASTmrMLM","PstI.TP509948","2","6460419","-0.1528","0.8921","G"
"4","Trait5","FASTmrMLM","NsiI.TP361899","2","6469070","1.775e-05","0.0039","A"
"4","Trait5","FASTmrMLM","NsiI.TP493686","2","6471155","8.6367e-06","0.0019","A"
"4","Trait5","FASTmrMLM","PstI.TP892300","2","6572905","1.2549e-05","0.0027","A"
"4","Trait5","FASTmrMLM","PstI.TP413223","2","6616604","-2.2208e-05","0.0049","A"
"4","Trait5","FASTmrMLM","PstI.TP413226","2","6616612","1.3068e-05","0.0029","A"
"4","Trait5","FASTmrMLM","NsiI.TP776540","2","6691211","-0.0386","0.3957","C"
"4","Trait5","FASTmrMLM","GFSSContig14840_1377","2","6698083","-9.1241e-06","0.002","A"
"4","Trait5","FASTmrMLM","PstI.TP176956","2","6740655","9.0653e-06","0.002","A"
"4","Trait5","FASTmrMLM","NsiI.TP825543","2","6845244","-1.3466e-05","0.0029","C"
"4","Trait5","FASTmrMLM","PstI.TP817616","2","6858746","1.6692e-05","0.0036","G"
"4","Trait5","FASTmrMLM","PstI.TP1053389","2","6882567","0.0895","0.9946","A"
"4","Trait5","FASTmrMLM","NsiI.TP383956","2","6882924","2.6714e-05","0.0059","A"
"4","Trait5","FASTmrMLM","NsiI.TP351533","2","6998232","1.5871e-05","0.0035","G"
"4","Trait5","FASTmrMLM","PstI.TP155981","2","7080756","0.1467","0.653","A"
"4","Trait5","FASTmrMLM","NsiI.TP43011","2","7084573","1.4846e-05","0.0032","A"
"4","Trait5","FASTmrMLM","PstI.TP316604","2","7089684","0.0409","0.4844","A"
"4","Trait5","FASTmrMLM","PstI.TP669878","2","7105659","1.7758e-05","0.0039","C"
"4","Trait5","FASTmrMLM","NsiI.TP331117","2","7123575","-6.1128e-06","0.0013","A"
"4","Trait5","FASTmrMLM","PstI.TP506408","2","7240618","-4.4014e-06","0.001","C"
"4","Trait5","FASTmrMLM","PstI.TP921414","2","7249958","-3.1124e-05","0.0068","C"
"4","Trait5","FASTmrMLM","PstI.TP297556","2","7251629","-3.0271e-05","0.0066","A"
"4","Trait5","FASTmrMLM","PstI.TP1252533","2","7329384","9.223e-06","0.002","C"
"4","Trait5","FASTmrMLM","PstI.TP144930","2","7329792","-1.3024e-05","0.0028","C"
"4","Trait5","FASTmrMLM","PstI.TP901866","2","7365029","-2.6694e-05","0.0058","A"
"4","Trait5","FASTmrMLM","PstI.TP841149","2","7377884","1.0504e-06","2e-04","A"
"4","Trait5","FASTmrMLM","PstI.TP262290","2","7378306","9.3882e-08","2.043e-05","A"
"4","Trait5","FASTmrMLM","NsiI.TP214321","2","7479442","7.4833e-06","0.0016","A"
"4","Trait5","FASTmrMLM","PstI.TP848781","2","7553248","0.1988","0.8718","C"
"4","Trait5","FASTmrMLM","PstI.TP507408","2","7561605","-0.1142","0.8409","A"
"4","Trait5","FASTmrMLM","PstI.TP881382","2","7732506","-0.0798","0.3965","A"
"4","Trait5","FASTmrMLM","NsiI.TP344402","2","7747119","1.5846e-05","0.0035","A"
"4","Trait5","FASTmrMLM","PstI.TP401923","2","7767639","-0.0311","0.3058","C"
"4","Trait5","FASTmrMLM","PstI.TP181926","2","7817398","0.1236","0.8001","C"
"4","Trait5","FASTmrMLM","PstI.TP1264070","2","7827620","9.4724e-06","0.0021","A"
"4","Trait5","FASTmrMLM","PstI.TP548378","2","7827689","-1.3802e-05","0.003","A"
"4","Trait5","FASTmrMLM","PstI.TP1251590","2","7834748","-1.8413e-06","4e-04","A"
"4","Trait5","FASTmrMLM","NsiI.TP340722","2","7835817","-3.4068e-06","7e-04","C"
"4","Trait5","FASTmrMLM","NsiI.TP391268","2","7876397","-7.7169e-06","0.0017","G"
"4","Trait5","FASTmrMLM","NsiI.TP61267","2","7889439","2.0107e-05","0.0044","C"
"4","Trait5","FASTmrMLM","PstI.TP1209642","2","7903969","4.0815e-05","0.009","A"
"4","Trait5","FASTmrMLM","PstI.TP1152019","2","7926717","4.174e-06","9e-04","A"
"4","Trait5","FASTmrMLM","PstI.TP1015323","2","7941964","1.8827e-05","0.0041","C"
"4","Trait5","FASTmrMLM","NsiI.TP634180","2","7958102","-5.944e-06","0.0013","A"
"4","Trait5","FASTmrMLM","NsiI.TP666280","2","7962401","0.0585","0.3864","C"
"4","Trait5","FASTmrMLM","PstI.TP542884","2","7975969","0.1651","1.2878","C"
"4","Trait5","FASTmrMLM","NsiI.TP543497","2","7976217","-0.0195","0.2811","A"
"4","Trait5","FASTmrMLM","NsiI.TP420988","2","7976608","-0.0632","0.3134","C"
"4","Trait5","FASTmrMLM","NsiI.TP805756","2","7991960","2.7598e-05","0.006","A"
"4","Trait5","FASTmrMLM","PstI.TP730455","2","8113277","0.2067","0.9815","C"
"4","Trait5","FASTmrMLM","NsiI.TP7764","2","8133534","-3.4608e-05","0.0076","A"
"4","Trait5","FASTmrMLM","PstI.TP725918","2","8160952","7.7748e-06","0.0017","A"
"4","Trait5","FASTmrMLM","PstI.TP1043088","2","8205635","6.5814e-06","0.0014","C"
"4","Trait5","FASTmrMLM","PstI.TP1043092","2","8205665","6.8939e-06","0.0015","A"
"4","Trait5","FASTmrMLM","PstI.TP893925","2","8205911","1.2233e-05","0.0027","C"
"4","Trait5","FASTmrMLM","NsiI.TP755123","2","8225139","0.0287","0.1867","G"
"4","Trait5","FASTmrMLM","PstI.TP81471","2","8235709","2.7542e-05","0.006","C"
"4","Trait5","FASTmrMLM","PstI.TP1186327","2","8257580","-1.3959e-05","0.003","C"
"4","Trait5","FASTmrMLM","PstI.TP535942","2","8257610","2.5459e-06","6e-04","C"
"4","Trait5","FASTmrMLM","PstI.TP8087","2","8265447","1.2558e-05","0.0027","A"
"4","Trait5","FASTmrMLM","PstI.TP500549","2","8325489","2.3343e-06","5e-04","G"
"4","Trait5","FASTmrMLM","NsiI.TP213203","2","8336167","2.5195e-05","0.0055","C"
"4","Trait5","FASTmrMLM","PstI.TP1059373","2","8426061","-1.7463e-05","0.0038","A"
"4","Trait5","FASTmrMLM","PstI.TP769403","2","8436637","-1.3333e-05","0.0029","A"
"4","Trait5","FASTmrMLM","PstI.TP1168893","2","8450083","0.0924","0.7395","A"
"4","Trait5","FASTmrMLM","NsiI.TP765459","2","8577674","0.0387","0.3082","A"
"4","Trait5","FASTmrMLM","PstI.TP410821","2","8615723","-5.1206e-05","0.0074","A"
"4","Trait5","FASTmrMLM","PstI.TP238072","2","8660311","1.857e-05","0.0041","A"
"4","Trait5","FASTmrMLM","PstI.TP923284","2","8668624","1.8027e-05","0.0039","C"
"4","Trait5","FASTmrMLM","PstI.TP523895","2","8676195","-3.2652e-05","0.0072","A"
"4","Trait5","FASTmrMLM","GFSSContig17916_723","2","8702027","1.1366e-05","0.0025","T"
"4","Trait5","FASTmrMLM","PstI.TP220949","2","8703070","5.2067e-05","0.0074","A"
"4","Trait5","FASTmrMLM","PstI.TP848601","2","8721933","3.8404e-05","0.0084","A"
"4","Trait5","FASTmrMLM","PstI.TP146124","2","8785153","1.3872e-06","3e-04","C"
"4","Trait5","FASTmrMLM","PstI.TP384707","2","8798159","-1.2717e-05","0.0028","A"
"4","Trait5","FASTmrMLM","NsiI.TP411279","2","8810196","3.7419e-06","8e-04","C"
"4","Trait5","FASTmrMLM","NsiI.TP411311","2","8810226","-2.2699e-05","0.005","C"
"4","Trait5","FASTmrMLM","PstI.TP806349","2","8815136","1.7064e-05","0.0037","A"
"4","Trait5","FASTmrMLM","PstI.TP286792","2","8823503","2.9669e-05","0.0065","C"
"4","Trait5","FASTmrMLM","PstI.TP915401","2","8871252","-1.8111e-06","4e-04","A"
"4","Trait5","FASTmrMLM","PstI.TP745911","2","8890642","-7.8411e-06","0.0017","C"
"4","Trait5","FASTmrMLM","PstI.TP970565","2","8917107","3.4424e-05","0.0076","C"
"4","Trait5","FASTmrMLM","PstI.TP685253","2","8949707","0.0688","0.4471","A"
"4","Trait5","FASTmrMLM","NsiI.TP545095","2","8978995","1e-04","0.0113","C"
"4","Trait5","FASTmrMLM","PstI.TP238302","2","9013203","-8.3176e-06","0.0018","A"
"4","Trait5","FASTmrMLM","NsiI.TP438203","2","9025618","0.0279","0.4285","C"
"4","Trait5","FASTmrMLM","PstI.TP347077","2","9052028","-7.7984e-06","0.0017","A"
"4","Trait5","FASTmrMLM","PstI.TP101696","2","9065576","9.7456e-06","0.0021","A"
"4","Trait5","FASTmrMLM","PstI.TP185100","2","9065988","4.8673e-07","1e-04","G"
"4","Trait5","FASTmrMLM","PstI.TP71186","2","9177435","1.4972e-05","0.0033","G"
"4","Trait5","FASTmrMLM","PstI.TP1096216","2","9204799","0.486","1.6756","A"
"4","Trait5","FASTmrMLM","PstI.TP1135499","2","9250499","0.1469","0.9832","A"
"4","Trait5","FASTmrMLM","PstI.TP577735","2","9251583","1.2607e-05","0.0028","A"
"4","Trait5","FASTmrMLM","PstI.TP382744","2","9260485","0.107","0.6088","A"
"4","Trait5","FASTmrMLM","NsiI.TP765496","2","9320924","-1.2357e-05","0.0027","C"
"4","Trait5","FASTmrMLM","PstI.TP340360","2","9336954","-0.2823","1.4579","G"
"4","Trait5","FASTmrMLM","PstI.TP38325","2","9348396","0.0859","0.5644","C"
"4","Trait5","FASTmrMLM","NsiI.TP112876","2","9353395","1.7736e-05","0.0039","A"
"4","Trait5","FASTmrMLM","NsiI.TP47841","2","9427275","2.8956e-05","0.0063","C"
"4","Trait5","FASTmrMLM","PstI.TP48632","2","9434509","-3.2297e-05","0.0071","A"
"4","Trait5","FASTmrMLM","PstI.TP810988","2","9437995","1.6763e-05","0.0037","A"
"4","Trait5","FASTmrMLM","NsiI.TP373980","2","9439542","-3.1664e-05","0.0069","A"
"4","Trait5","FASTmrMLM","PstI.TP422349","2","9464090","-7.5564e-06","0.0016","A"
"4","Trait5","FASTmrMLM","PstI.TP100041","2","9497062","2.2181e-05","0.0049","A"
"4","Trait5","FASTmrMLM","NsiI.TP483892","2","9521117","-5.6651e-06","0.0012","A"
"4","Trait5","FASTmrMLM","NsiI.TP189127","2","9521211","0.0551","0.2585","A"
"4","Trait5","FASTmrMLM","PstI.TP749310","2","9525754","2.6124e-05","0.0057","C"
"4","Trait5","FASTmrMLM","PstI.TP620181","2","9565149","-8.7398e-06","0.0019","A"
"4","Trait5","FASTmrMLM","PstI.TP906574","2","9567798","1.6172e-05","0.0035","G"
"4","Trait5","FASTmrMLM","PstI.TP1065484","2","9592436","-1.8785e-05","0.0041","C"
"4","Trait5","FASTmrMLM","PstI.TP767883","2","9601804","-0.1164","0.4843","A"
"4","Trait5","FASTmrMLM","PstI.TP752035","2","9612569","2.7777e-06","6e-04","A"
"4","Trait5","FASTmrMLM","PstI.TP374085","2","9617733","-7.0465e-06","0.0015","A"
"4","Trait5","FASTmrMLM","PstI.TP1062938","2","9628038","1.1373e-05","0.0025","A"
"4","Trait5","FASTmrMLM","PstI.TP941577","2","9663617","-1.7368e-05","0.0038","G"
"4","Trait5","FASTmrMLM","PstI.TP772432","2","9820897","-8.3448e-07","2e-04","A"
"4","Trait5","FASTmrMLM","PstI.TP366613","2","9834803","-0.0738","0.5843","A"
"4","Trait5","FASTmrMLM","PstI.TP275110","2","9834807","-8.2663e-06","0.0018","A"
"4","Trait5","FASTmrMLM","PstI.TP845869","2","9862801","0.1757","0.8915","A"
"4","Trait5","FASTmrMLM","PstI.TP19752","2","9862947","1.9434e-05","0.0043","A"
"4","Trait5","FASTmrMLM","PstI.TP931630","2","9892526","1.9584e-05","0.0043","A"
"4","Trait5","FASTmrMLM","NsiI.TP669512","2","10009734","-2.8235e-06","6e-04","A"
"4","Trait5","FASTmrMLM","NsiI.TP770335","2","10199450","-8.7379e-07","2e-04","A"
"4","Trait5","FASTmrMLM","PstI.TP790795","2","10200111","-4.3835e-06","0.001","C"
"4","Trait5","FASTmrMLM","PstI.TP1181576","2","10298312","-0.0398","0.3676","C"
"4","Trait5","FASTmrMLM","PstI.TP788850","2","10401678","0.0508","0.686","G"
"4","Trait5","FASTmrMLM","PstI.TP452173","2","10527282","-0.0912","1.0961","C"
"4","Trait5","FASTmrMLM","PstI.TP80826","2","10542416","2.6217e-05","0.0057","A"
"4","Trait5","FASTmrMLM","PstI.TP214696","2","10546371","1.739e-05","0.0038","A"
"4","Trait5","FASTmrMLM","PstI.TP216314","2","10546412","-1.9274e-06","4e-04","C"
"4","Trait5","FASTmrMLM","PstI.TP1031882","2","10618717","1.3681e-05","0.003","A"
"4","Trait5","FASTmrMLM","PstI.TP1274664","2","10641196","1.4575e-05","0.0032","A"
"4","Trait5","FASTmrMLM","PstI.TP1286086","2","10858840","0.0806","1.271","A"
"4","Trait5","FASTmrMLM","PstI.TP1110260","2","10970034","-1.3043e-06","3e-04","A"
"4","Trait5","FASTmrMLM","PstI.TP615083","2","11176998","1.6671e-05","0.0036","C"
"4","Trait5","FASTmrMLM","GFSSContig19229_860","2","11550006","6.0381e-06","0.0013","T"
"4","Trait5","FASTmrMLM","PstI.TP766482","2","11550091","-0.142","0.5389","A"
"4","Trait5","FASTmrMLM","NsiI.TP304401","2","11963795","0.2104","1.4429","A"
"4","Trait5","FASTmrMLM","NsiI.TP188522","2","12102013","-1.6521e-05","0.0036","C"
"4","Trait5","FASTmrMLM","GFSSContig11545_976","2","12244116","2.5504e-05","0.0056","T"
"4","Trait5","FASTmrMLM","PstI.TP1256743","2","12349536","-1.0905e-05","0.0024","C"
"4","Trait5","FASTmrMLM","PstI.TP205566","2","12368592","-2.8777e-05","0.0063","C"
"4","Trait5","FASTmrMLM","NsiI.TP371824","2","12388729","-1.7393e-06","4e-04","A"
"4","Trait5","FASTmrMLM","NsiI.TP116106","2","12411022","-9.9555e-06","0.0022","A"
"4","Trait5","FASTmrMLM","NsiI.TP358777","2","12478713","0.1508","0.7519","A"
"4","Trait5","FASTmrMLM","PstI.TP87823","2","12499508","-1.6881e-05","0.0037","A"
"4","Trait5","FASTmrMLM","NsiI.TP169987","2","12533440","-2.19e-05","0.0048","C"
"4","Trait5","FASTmrMLM","NsiI.TP746331","2","12756538","2.7906e-05","0.0061","A"
"4","Trait5","FASTmrMLM","PstI.TP814161","2","12758584","0.0959","0.5501","A"
"4","Trait5","FASTmrMLM","NsiI.TP412927","2","12932233","1.573e-06","3e-04","A"
"4","Trait5","FASTmrMLM","NsiI.TP42832","2","13066304","-9.9687e-06","0.0022","A"
"4","Trait5","FASTmrMLM","PstI.TP743419","2","13067196","3.151e-05","0.0069","C"
"4","Trait5","FASTmrMLM","PstI.TP51705","2","13076006","-0.1398","0.9551","A"
"4","Trait5","FASTmrMLM","PstI.TP998112","2","13166227","0.0602","0.4011","C"
"4","Trait5","FASTmrMLM","PstI.TP839560","2","13167754","5.1901e-06","0.0011","G"
"4","Trait5","FASTmrMLM","NsiI.TP499956","2","13229256","2.45e-07","5.3318e-05","C"
"4","Trait5","FASTmrMLM","PstI.TP669472","2","13247155","1.7798e-05","0.0039","A"
"4","Trait5","FASTmrMLM","NsiI.TP441994","2","13270607","2.5577e-05","0.0056","G"
"4","Trait5","FASTmrMLM","PstI.TP203615","2","13271675","3.6562e-06","8e-04","A"
"4","Trait5","FASTmrMLM","NsiI.TP503252","2","13290797","0.0426","0.4923","A"
"4","Trait5","FASTmrMLM","NsiI.TP202126","2","13358970","-1.7951e-05","0.0039","A"
"4","Trait5","FASTmrMLM","NsiI.TP51047","2","13453548","-0.0862","0.513","A"
"4","Trait5","FASTmrMLM","NsiI.TP6336","2","13499908","-1.5856e-05","0.0035","C"
"4","Trait5","FASTmrMLM","PstI.TP1200270","2","13518060","-0.0643","0.4663","A"
"4","Trait5","FASTmrMLM","NsiI.TP744737","2","13521067","0.0335","0.2052","A"
"4","Trait5","FASTmrMLM","PstI.TP640452","2","13526708","2.8832e-06","6e-04","C"
"4","Trait5","FASTmrMLM","NsiI.TP329056","2","13541116","1.1651e-05","0.0025","C"
"4","Trait5","FASTmrMLM","PstI.TP898807","2","13546443","-0.1022","0.7259","G"
"4","Trait5","FASTmrMLM","PstI.TP1164756","2","13547011","2.2584e-05","0.0049","A"
"4","Trait5","FASTmrMLM","PstI.TP139749","2","13559614","-0.0086","0.149","C"
"4","Trait5","FASTmrMLM","PstI.TP200935","2","13608138","-3.6371e-05","0.008","C"
"4","Trait5","FASTmrMLM","PstI.TP278903","2","13608360","1.3625e-05","0.003","A"
"4","Trait5","FASTmrMLM","PstI.TP947087","2","13610693","2.459e-05","0.0054","A"
"4","Trait5","FASTmrMLM","NsiI.TP438264","2","13681869","-0.0499","0.352","A"
"4","Trait5","FASTmrMLM","NsiI.TP463738","2","13682540","2.2986e-06","5e-04","C"
"4","Trait5","FASTmrMLM","NsiI.TP3476","2","13688466","-6.4298e-06","0.0014","A"
"4","Trait5","FASTmrMLM","NsiI.TP784723","2","13689174","-2.7296e-05","0.006","A"
"4","Trait5","FASTmrMLM","NsiI.TP793044","2","13689179","1.6826e-05","0.0037","C"
"4","Trait5","FASTmrMLM","NsiI.TP786394","2","13689209","-5.3048e-06","0.0012","A"
"4","Trait5","FASTmrMLM","NsiI.TP786094","2","13689212","-0.1656","1.6165","C"
"4","Trait5","FASTmrMLM","NsiI.TP786059","2","13689217","-2.6132e-05","0.0057","C"
"4","Trait5","FASTmrMLM","NsiI.TP697615","2","13689231","2.2394e-05","0.0049","A"
"4","Trait5","FASTmrMLM","NsiI.TP32826","2","13691196","8.8491e-06","0.0019","A"
"4","Trait5","FASTmrMLM","PstI.TP1086028","2","13702157","1.0273e-05","0.0022","C"
"4","Trait5","FASTmrMLM","NsiI.TP465195","2","13702547","-1.2059e-05","0.0026","A"
"4","Trait5","FASTmrMLM","NsiI.TP646776","2","13780096","1.1204e-05","0.0024","A"
"4","Trait5","FASTmrMLM","NsiI.TP646777","2","13780108","1.069e-05","0.0023","C"
"4","Trait5","FASTmrMLM","PstI.TP632422","2","13806534","-0.0915","0.3788","A"
"4","Trait5","FASTmrMLM","PstI.TP117337","2","13824821","7.4747e-06","0.0016","C"
"4","Trait5","FASTmrMLM","PstI.TP201411","2","14003821","-0.022","0.1779","A"
"4","Trait5","FASTmrMLM","NsiI.TP293002","2","14123287","1.6279e-05","0.0036","A"
"4","Trait5","FASTmrMLM","PstI.TP25701","2","14149405","-4.9028e-06","0.0011","C"
"4","Trait5","FASTmrMLM","PstI.TP81487","2","14172195","-1.7921e-05","0.0039","C"
"4","Trait5","FASTmrMLM","PstI.TP1138902","2","14219817","0.0777","0.4611","A"
"4","Trait5","FASTmrMLM","NsiI.TP149172","2","14257478","-1.8871e-05","0.0041","C"
"4","Trait5","FASTmrMLM","NsiI.TP493902","2","14260446","4.9394e-06","0.0011","C"
"4","Trait5","FASTmrMLM","PstI.TP706479","2","14264983","1.2799e-05","0.0028","G"
"4","Trait5","FASTmrMLM","PstI.TP259080","2","14265997","0.0441","0.3656","A"
"4","Trait5","FASTmrMLM","PstI.TP259088","2","14266020","2.8342e-05","0.0062","C"
"4","Trait5","FASTmrMLM","NsiI.TP42250","2","14266773","2.0663e-05","0.0045","C"
"4","Trait5","FASTmrMLM","PstI.TP624006","2","14333414","-9.7169e-06","0.0021","C"
"4","Trait5","FASTmrMLM","PstI.TP802029","2","14358830","-1.4753e-05","0.0032","A"
"4","Trait5","FASTmrMLM","PstI.TP829526","2","14358912","6.5298e-06","0.0014","A"
"4","Trait5","FASTmrMLM","PstI.TP749072","2","14359850","2.3021e-05","0.005","C"
"4","Trait5","FASTmrMLM","PstI.TP995823","2","14368850","0.0479","0.3332","A"
"4","Trait5","FASTmrMLM","PstI.TP723971","2","14394959","0.0547","0.6406","C"
"4","Trait5","FASTmrMLM","NsiI.TP660683","2","14396862","-0.2451","1.3114","A"
"4","Trait5","FASTmrMLM","PstI.TP1130306","2","14438079","1.8659e-05","0.0041","C"
"4","Trait5","FASTmrMLM","PstI.TP478908","2","14478233","2.7878e-05","0.0061","A"
"4","Trait5","FASTmrMLM","PstI.TP1078961","2","14481910","-0.1057","0.5428","C"
"4","Trait5","FASTmrMLM","PstI.TP998491","2","14521096","-0.0376","0.4516","C"
"4","Trait5","FASTmrMLM","NsiI.TP741434","2","14719335","0.0211","0.1652","A"
"4","Trait5","FASTmrMLM","NsiI.TP700871","2","14748009","-2e-04","0.0121","G"
"4","Trait5","FASTmrMLM","NsiI.TP694083","2","14769883","0.0325","0.3756","A"
"4","Trait5","FASTmrMLM","NsiI.TP65215","2","14799328","-2.8158e-06","6e-04","G"
"4","Trait5","FASTmrMLM","NsiI.TP523212","2","14805387","-0.0317","0.2691","C"
"4","Trait5","FASTmrMLM","PstI.TP743010","2","14880369","-8.3613e-07","2e-04","G"
"4","Trait5","FASTmrMLM","PstI.TP23330","2","14890257","8.1508e-05","0.0098","A"
"4","Trait5","FASTmrMLM","NsiI.TP669128","2","14976284","2e-04","0.0121","A"
"4","Trait5","FASTmrMLM","NsiI.TP607578","2","15114940","-0.0966","0.5661","C"
"4","Trait5","FASTmrMLM","PstI.TP1064795","2","15164316","-0.0528","0.2821","G"
"4","Trait5","FASTmrMLM","NsiI.TP131334","2","15190023","-9.8967e-06","0.0022","A"
"4","Trait5","FASTmrMLM","NsiI.TP485286","2","15201135","0.0572","0.5044","C"
"4","Trait5","FASTmrMLM","PstI.TP607155","2","15373321","2.283e-05","0.005","A"
"4","Trait5","FASTmrMLM","NsiI.TP730564","2","15407513","-8.8864e-07","2e-04","G"
"4","Trait5","FASTmrMLM","NsiI.TP222535","2","15561544","-6.5145e-06","0.0014","A"
"4","Trait5","FASTmrMLM","PstI.TP126486","2","15706808","8.7081e-07","2e-04","A"
"4","Trait5","FASTmrMLM","PstI.TP1013077","2","15710121","0.1431","0.6979","C"
"4","Trait5","FASTmrMLM","PstI.TP343649","2","15710706","1.3081e-05","0.0029","A"
"4","Trait5","FASTmrMLM","NsiI.TP132105","2","15898008","-9.6702e-06","0.0021","A"
"4","Trait5","FASTmrMLM","NsiI.TP77209","2","15957189","2.5545e-05","0.0056","A"
"4","Trait5","FASTmrMLM","PstI.TP108652","2","15963619","-0.0391","0.4466","A"
"4","Trait5","FASTmrMLM","NsiI.TP671715","2","15963992","1.9189e-05","0.0042","A"
"4","Trait5","FASTmrMLM","NsiI.TP135552","2","15989917","-4.8857e-06","0.0011","C"
"4","Trait5","FASTmrMLM","NsiI.TP51510","2","15994531","-3.7144e-05","0.0082","A"
"4","Trait5","FASTmrMLM","NsiI.TP637405","2","16276164","1.4711e-05","0.0032","A"
"4","Trait5","FASTmrMLM","NsiI.TP688808","2","16410862","0.0068","0.0868","A"
"4","Trait5","FASTmrMLM","PstI.TP1096193","2","16420113","5.3873e-06","0.0012","A"
"4","Trait5","FASTmrMLM","PstI.TP935823","2","16479925","0.1442","1.2285","G"
"4","Trait5","FASTmrMLM","PstI.TP1133231","2","16502221","-2.6006e-05","0.0057","C"
"4","Trait5","FASTmrMLM","NsiI.TP765685","2","16612091","0.3617","1.9605","A"
"4","Trait5","FASTmrMLM","PstI.TP1029844","2","16673841","2.5447e-05","0.0056","A"
"4","Trait5","FASTmrMLM","NsiI.TP338319","2","16850730","-4.6937e-06","0.001","A"
"4","Trait5","FASTmrMLM","NsiI.TP620217","2","16850766","-0.0261","0.2228","A"
"4","Trait5","FASTmrMLM","NsiI.TP640755","2","16850781","-0.1036","0.4756","G"
"4","Trait5","FASTmrMLM","NsiI.TP697307","2","16857287","-8.8765e-06","0.0019","A"
"4","Trait5","FASTmrMLM","PstI.TP1086412","2","16857975","-0.139","0.907","C"
"4","Trait5","FASTmrMLM","PstI.TP201747","2","16880214","2.8461e-05","0.0062","C"
"4","Trait5","FASTmrMLM","PstI.TP249017","2","16907392","0.1017","0.5512","C"
"4","Trait5","FASTmrMLM","NsiI.TP689559","2","16908451","-5.1654e-06","0.0011","A"
"4","Trait5","FASTmrMLM","PstI.TP326938","2","16984761","-1.585e-05","0.0035","A"
"4","Trait5","FASTmrMLM","NsiI.TP636057","2","16986845","-6.7905e-06","0.0015","A"
"4","Trait5","FASTmrMLM","GFSSContig10720_700","2","17049151","-1.7965e-05","0.0039","T"
"4","Trait5","FASTmrMLM","NsiI.TP167999","2","17066870","-0.0219","0.2327","G"
"4","Trait5","FASTmrMLM","PstI.TP1097650","2","17104324","-0.0279","0.2432","A"
"4","Trait5","FASTmrMLM","GFSSContig3212_326","2","17269304","3.784e-05","0.0083","A"
"4","Trait5","FASTmrMLM","NsiI.TP116105","2","17271954","2e-04","0.0119","A"
"4","Trait5","FASTmrMLM","NsiI.TP621350","2","17294324","1.0144e-05","0.0022","C"
"4","Trait5","FASTmrMLM","PstI.TP636524","2","17304780","-1.8237e-05","0.004","G"
"4","Trait5","FASTmrMLM","PstI.TP990758","2","17587135","-1.4214e-05","0.0031","C"
"4","Trait5","FASTmrMLM","NsiI.TP30530","2","17708321","-0.0748","0.4097","A"
"4","Trait5","FASTmrMLM","NsiI.TP551533","2","17708401","-1.8504e-06","4e-04","C"
"4","Trait5","FASTmrMLM","PstI.TP1219300","2","17726808","6.9566e-07","2e-04","C"
"4","Trait5","FASTmrMLM","NsiI.TP369993","2","17729968","-9.9084e-07","2e-04","C"
"4","Trait5","FASTmrMLM","NsiI.TP185790","2","17764926","-6.9497e-07","2e-04","A"
"4","Trait5","FASTmrMLM","PstI.TP26506","2","17982247","-1.099e-05","0.0024","G"
"4","Trait5","FASTmrMLM","NsiI.TP343143","2","17982334","-2.0423e-05","0.0045","A"
"4","Trait5","FASTmrMLM","NsiI.TP397189","2","17997205","1.2902e-05","0.0028","C"
"4","Trait5","FASTmrMLM","PstI.TP873010","2","18318332","-2.1846e-05","0.0048","A"
"4","Trait5","FASTmrMLM","PstI.TP116004","2","18318413","1.1524e-05","0.0025","A"
"4","Trait5","FASTmrMLM","NsiI.TP501986","2","18533135","0.1321","0.8718","A"
"4","Trait5","FASTmrMLM","PstI.TP197948","2","18537474","-1.7471e-05","0.0038","A"
"4","Trait5","FASTmrMLM","NsiI.TP716628","2","18537633","4.3169e-05","0.0047","C"
"4","Trait5","FASTmrMLM","GFSSContig623_207","2","18538897","1.1577e-05","0.0025","A"
"4","Trait5","FASTmrMLM","NsiI.TP729839","2","18540344","1.7589e-05","0.0038","C"
"4","Trait5","FASTmrMLM","PstI.TP387372","2","18542714","-3.0886e-05","0.0068","G"
"4","Trait5","FASTmrMLM","NsiI.TP340298","2","18542990","-1.9292e-05","0.0042","C"
"4","Trait5","FASTmrMLM","PstI.TP10310","2","18574283","0.1684","0.4758","C"
"4","Trait5","FASTmrMLM","PstI.TP976703","2","18574379","1.5016e-05","0.0033","C"
"4","Trait5","FASTmrMLM","PstI.TP905168","2","18578782","-9.962e-06","0.0022","G"
"4","Trait5","FASTmrMLM","NsiI.TP462688","2","18776804","0.1161","0.8922","A"
"4","Trait5","FASTmrMLM","PstI.TP843258","2","18785310","9.1554e-07","2e-04","G"
"4","Trait5","FASTmrMLM","PstI.TP1284448","2","18810260","5.3692e-06","0.0012","G"
"4","Trait5","FASTmrMLM","PstI.TP255230","2","18810670","-1.0411e-05","0.0023","A"
"4","Trait5","FASTmrMLM","PstI.TP311508","2","18811212","-2.432e-06","5e-04","A"
"4","Trait5","FASTmrMLM","PstI.TP715121","2","18844611","-0.0258","0.2096","C"
"4","Trait5","FASTmrMLM","PstI.TP995869","2","18919482","-5.6719e-05","0.0081","C"
"4","Trait5","FASTmrMLM","PstI.TP77189","2","18920943","-0.0281","0.2247","C"
"4","Trait5","FASTmrMLM","NsiI.TP61739","2","18920956","1.9634e-05","0.0043","A"
"4","Trait5","FASTmrMLM","NsiI.TP227349","2","18921208","-6.3717e-07","1e-04","C"
"4","Trait5","FASTmrMLM","PstI.TP1147178","2","19167828","0.0087","0.1642","A"
"4","Trait5","FASTmrMLM","PstI.TP1097010","2","19533020","7.0111e-06","0.0015","A"
"4","Trait5","FASTmrMLM","NsiI.TP820147","2","19537481","-1.3427e-05","0.0029","A"
"4","Trait5","FASTmrMLM","PstI.TP364647","2","19726028","0.3628","2.8839","C"
"4","Trait5","FASTmrMLM","PstI.TP612262","2","19764719","9.8808e-06","0.0022","C"
"4","Trait5","FASTmrMLM","PstI.TP1294337","2","19795219","1.7862e-06","4e-04","A"
"4","Trait5","FASTmrMLM","PstI.TP718762","2","19798138","-1.2686e-05","0.0028","A"
"4","Trait5","FASTmrMLM","NsiI.TP487428","2","19803765","-4.3801e-06","0.001","A"
"4","Trait5","FASTmrMLM","NsiI.TP624537","2","19826828","-0.0766","0.5663","A"
"4","Trait5","FASTmrMLM","PstI.TP216305","2","19837768","-5.0227e-06","0.0011","A"
"4","Trait5","FASTmrMLM","PstI.TP4837","2","19838374","2.149e-05","0.0047","A"
"4","Trait5","FASTmrMLM","NsiI.TP417060","2","19859544","1.1437e-05","0.0025","A"
"4","Trait5","FASTmrMLM","NsiI.TP253777","2","20124179","-2.2044e-05","0.0048","G"
"4","Trait5","FASTmrMLM","NsiI.TP23308","2","20189145","8.4947e-06","0.0019","A"
"4","Trait5","FASTmrMLM","PstI.TP613714","2","20235279","-1.908e-06","4e-04","A"
"4","Trait5","FASTmrMLM","NsiI.TP120325","2","20239248","0.1135","0.7357","C"
"4","Trait5","FASTmrMLM","NsiI.TP293938","2","20244831","1.4961e-05","0.0033","A"
"4","Trait5","FASTmrMLM","NsiI.TP659539","2","20500478","-1.3105e-05","0.0029","A"
"4","Trait5","FASTmrMLM","NsiI.TP144861","2","20500544","0.0047","0.1224","A"
"4","Trait5","FASTmrMLM","NsiI.TP115800","2","20500579","-0.3593","1.8502","C"
"4","Trait5","FASTmrMLM","NsiI.TP144864","2","20500585","1.0192e-06","2e-04","A"
"4","Trait5","FASTmrMLM","PstI.TP294013","2","20558919","-0.0964","0.4333","A"
"4","Trait5","FASTmrMLM","PstI.TP323280","2","20594752","-1.5271e-05","0.0033","A"
"4","Trait5","FASTmrMLM","PstI.TP733506","2","20595082","-0.0748","0.5508","A"
"4","Trait5","FASTmrMLM","NsiI.TP573065","2","20701878","7.7929e-07","2e-04","C"
"4","Trait5","FASTmrMLM","NsiI.TP244612","2","20703525","-2.6929e-06","6e-04","C"
"4","Trait5","FASTmrMLM","PstI.TP815699","2","20860666","0.0633","0.6195","G"
"4","Trait5","FASTmrMLM","NsiI.TP161816","2","20891158","-0.1376","0.8224","C"
"4","Trait5","FASTmrMLM","NsiI.TP407972","2","20899089","-0.0549","0.8059","C"
"4","Trait5","FASTmrMLM","NsiI.TP619792","2","20972514","1.444e-05","0.0032","A"
"4","Trait5","FASTmrMLM","PstI.TP1052134","2","20977582","-6.5828e-06","0.0014","A"
"4","Trait5","FASTmrMLM","NsiI.TP496272","2","21104644","-3.5671e-06","8e-04","A"
"4","Trait5","FASTmrMLM","NsiI.TP498857","2","21156558","1.1041e-05","0.0024","C"
"4","Trait5","FASTmrMLM","PstI.TP982120","2","21428233","0.1519","0.7341","A"
"4","Trait5","FASTmrMLM","PstI.TP333846","2","21429094","4.627e-06","0.001","A"
"4","Trait5","FASTmrMLM","PstI.TP1146052","2","21430924","0.0602","0.5009","A"
"4","Trait5","FASTmrMLM","PstI.TP941483","2","21521726","-1.7222e-05","0.0038","A"
"4","Trait5","FASTmrMLM","NsiI.TP183334","2","21523636","0.0119","0.1292","A"
"4","Trait5","FASTmrMLM","NsiI.TP40347","2","21595648","1.3294e-05","0.0029","C"
"4","Trait5","FASTmrMLM","NsiI.TP282845","2","21883367","1.3659e-05","0.003","A"
"4","Trait5","FASTmrMLM","NsiI.TP248959","2","21918992","-3.0689e-05","0.0067","C"
"4","Trait5","FASTmrMLM","NsiI.TP132146","2","21919408","-1.4949e-05","0.0033","C"
"4","Trait5","FASTmrMLM","PstI.TP1179426","2","22129951","-0.0896","1.0706","A"
"4","Trait5","FASTmrMLM","PstI.TP455422","2","22139812","9.3582e-06","0.002","A"
"4","Trait5","FASTmrMLM","NsiI.TP307324","2","22200701","-0.1386","1.5849","A"
"4","Trait5","FASTmrMLM","NsiI.TP678341","2","22203749","-1.415e-05","0.0031","A"
"4","Trait5","FASTmrMLM","PstI.TP205512","2","22342699","0.0327","0.3566","A"
"4","Trait5","FASTmrMLM","NsiI.TP442920","2","22462507","-0.174","1.2528","A"
"4","Trait5","FASTmrMLM","NsiI.TP56338","2","22463556","2.4607e-05","0.0054","A"
"4","Trait5","FASTmrMLM","NsiI.TP487417","2","22482603","0.0276","0.2136","A"
"4","Trait5","FASTmrMLM","PstI.TP700714","2","22951859","2.2272e-05","0.0049","C"
"4","Trait5","FASTmrMLM","PstI.TP718032","2","23093745","-1.3577e-05","0.003","A"
"4","Trait5","FASTmrMLM","PstI.TP595475","2","23185705","1.2706e-05","0.0028","C"
"4","Trait5","FASTmrMLM","PstI.TP8007","2","23185884","-1.517e-05","0.0033","A"
"4","Trait5","FASTmrMLM","PstI.TP549798","2","23212519","-1.1045e-05","0.0024","C"
"4","Trait5","FASTmrMLM","PstI.TP118996","2","23316351","-5.4002e-06","0.0012","A"
"4","Trait5","FASTmrMLM","PstI.TP833228","2","23342056","-1.3945e-05","0.003","G"
"4","Trait5","FASTmrMLM","PstI.TP200327","2","23342582","0.0235","0.2667","C"
"4","Trait5","FASTmrMLM","PstI.TP205500","2","23346653","2.9769e-05","0.0065","C"
"4","Trait5","FASTmrMLM","PstI.TP926794","2","23346740","0.1418","0.7599","C"
"4","Trait5","FASTmrMLM","NsiI.TP337093","2","23346740","1.0886e-05","0.0024","C"
"4","Trait5","FASTmrMLM","PstI.TP1254847","2","23603100","-0.0379","0.408","C"
"4","Trait5","FASTmrMLM","PstI.TP738286","2","23745418","0.1117","0.9013","C"
"4","Trait5","FASTmrMLM","NsiI.TP628429","2","23760021","-2.0571e-05","0.0045","A"
"4","Trait5","FASTmrMLM","PstI.TP18098","2","23769344","-0.1727","1.0979","A"
"4","Trait5","FASTmrMLM","PstI.TP1277536","2","23996480","3.2377e-07","7.0465e-05","C"
"4","Trait5","FASTmrMLM","PstI.TP380288","2","25348641","-1.8743e-05","0.0041","A"
"4","Trait5","FASTmrMLM","NsiI.TP713800","2","25410985","1.5151e-05","0.0033","C"
"4","Trait5","FASTmrMLM","PstI.TP776875","2","27154974","0.1968","0.7236","G"
"4","Trait5","FASTmrMLM","NsiI.TP521139","2","27217250","5.9303e-07","1e-04","A"
"4","Trait5","FASTmrMLM","NsiI.TP494189","2","27518717","-0.0586","0.4846","C"
"4","Trait5","FASTmrMLM","PstI.TP506280","2","27578762","0.0585","0.3061","C"
"4","Trait5","FASTmrMLM","PstI.TP949269","2","27614839","-1.8854e-05","0.0041","A"
"4","Trait5","FASTmrMLM","PstI.TP402269","2","27615402","1.9595e-05","0.0043","C"
"4","Trait5","FASTmrMLM","PstI.TP551509","2","27803104","-4.0257e-06","9e-04","C"
"4","Trait5","FASTmrMLM","NsiI.TP199778","2","27804707","0.0791","0.3691","G"
"4","Trait5","FASTmrMLM","PstI.TP982462","2","28670723","-0.0364","0.3328","A"
"4","Trait5","FASTmrMLM","PstI.TP1184522","2","29037914","-0.1956","0.7854","A"
"4","Trait5","FASTmrMLM","NsiI.TP522658","2","29235102","1.9091e-05","0.0042","A"
"4","Trait5","FASTmrMLM","PstI.TP106192","2","29343010","1.759e-05","0.0038","G"
"4","Trait5","FASTmrMLM","PstI.TP297158","2","29504947","-0.0157","0.1997","C"
"4","Trait5","FASTmrMLM","NsiI.TP421742","2","29895267","-2.0316e-05","0.0044","A"
"4","Trait5","FASTmrMLM","PstI.TP840565","2","31129874","0.1451","0.6981","A"
"4","Trait5","FASTmrMLM","NsiI.TP532566","2","31135097","0.0384","0.3242","G"
"4","Trait5","FASTmrMLM","NsiI.TP532563","2","31135123","-0.1328","0.644","A"
"4","Trait5","FASTmrMLM","NsiI.TP6824","2","37081934","7.6495e-06","0.0017","A"
"4","Trait5","FASTmrMLM","NsiI.TP136029","2","37088189","-0.1333","0.7633","A"
"4","Trait5","FASTmrMLM","NsiI.TP780797","2","37090033","3.3407e-05","0.0067","C"
"4","Trait5","FASTmrMLM","GFSSContig16734_2201","2","37100980","-6.0359e-06","0.0013","A"
"4","Trait5","FASTmrMLM","PstI.TP229922","2","37812716","0.0924","0.6915","G"
"4","Trait5","FASTmrMLM","NsiI.TP499189","2","38534155","-0.0302","0.3676","A"
"4","Trait5","FASTmrMLM","NsiI.TP712437","2","38534332","-1.8553e-05","0.0041","A"
"4","Trait5","FASTmrMLM","NsiI.TP559984","2","38838004","7.438e-06","0.0016","A"
"4","Trait5","FASTmrMLM","NsiI.TP559985","2","38838033","0.1527","0.689","C"
"4","Trait5","FASTmrMLM","PstI.TP1060183","2","39474046","0.053","0.2548","A"
"4","Trait5","FASTmrMLM","NsiI.TP185738","2","39952629","-7.7138e-06","0.0017","A"
"4","Trait5","FASTmrMLM","PstI.TP115189","2","41366046","0.0156","0.2248","A"
"4","Trait5","FASTmrMLM","PstI.TP152155","2","41366318","-5.0672e-05","0.0112","C"
"4","Trait5","FASTmrMLM","NsiI.TP38533","2","41373269","0.0582","0.3815","C"
"4","Trait5","FASTmrMLM","NsiI.TP717742","2","42579868","-0.159","0.6672","A"
"4","Trait5","FASTmrMLM","PstI.TP404373","2","44085849","4.6455e-06","0.001","G"
"4","Trait5","FASTmrMLM","NsiI.TP139756","2","44968498","-1.1293e-05","0.0025","A"
"4","Trait5","FASTmrMLM","PstI.TP198343","2","45081606","0.1536","1.2049","G"
"4","Trait5","FASTmrMLM","PstI.TP50640","2","45441656","0.1895","1.3248","A"
"4","Trait5","FASTmrMLM","NsiI.TP518409","2","45764088","-2.9975e-06","7e-04","C"
"4","Trait5","FASTmrMLM","PstI.TP385678","2","45782629","1.8211e-05","0.004","C"
"4","Trait5","FASTmrMLM","NsiI.TP119191","2","45878088","1.5624e-05","0.0034","A"
"4","Trait5","FASTmrMLM","PstI.TP759980","2","45884147","-1.352e-05","0.003","C"
"4","Trait5","FASTmrMLM","NsiI.TP258067","2","45969771","-0.1118","1.0034","A"
"4","Trait5","FASTmrMLM","PstI.TP117081","2","45986549","0.3146","1.8114","C"
"4","Trait5","FASTmrMLM","PstI.TP117089","2","45986595","1.7803e-06","4e-04","A"
"4","Trait5","FASTmrMLM","PstI.TP666113","2","46660522","-0.0217","0.1439","G"
"4","Trait5","FASTmrMLM","PstI.TP385344","2","46664405","5.3467e-06","0.0012","C"
"4","Trait5","FASTmrMLM","NsiI.TP743201","2","46673454","-8.7314e-06","0.0019","A"
"4","Trait5","FASTmrMLM","PstI.TP130960","2","46747557","-2.0698e-06","5e-04","G"
"4","Trait5","FASTmrMLM","NsiI.TP534178","2","46769024","1.0089e-05","0.0022","A"
"4","Trait5","FASTmrMLM","NsiI.TP629871","2","46790175","0.1651","1.2703","A"
"4","Trait5","FASTmrMLM","PstI.TP1198748","2","46870734","9.7569e-06","0.0021","A"
"4","Trait5","FASTmrMLM","PstI.TP826945","2","46930601","-1.8686e-07","4.0669e-05","C"
"4","Trait5","FASTmrMLM","NsiI.TP750546","2","46939014","0.007","0.1334","C"
"4","Trait5","FASTmrMLM","PstI.TP1154493","2","47054143","0.1782","2.2803","A"
"4","Trait5","FASTmrMLM","PstI.TP785708","2","47159689","-8.1439e-06","0.0018","C"
"4","Trait5","FASTmrMLM","PstI.TP689993","2","47160415","6.8524e-06","0.0015","A"
"4","Trait5","FASTmrMLM","PstI.TP53443","2","47160491","-4.9027e-06","0.0011","A"
"4","Trait5","FASTmrMLM","PstI.TP209906","2","47204337","2.4214e-05","0.0053","A"
"4","Trait5","FASTmrMLM","NsiI.TP38709","2","47204347","1.8198e-06","4e-04","A"
"4","Trait5","FASTmrMLM","PstI.TP54171","2","47254365","0.0419","0.5376","C"
"4","Trait5","FASTmrMLM","NsiI.TP367697","2","47283706","-2.0305e-05","0.0044","G"
"4","Trait5","FASTmrMLM","NsiI.TP321951","2","47382869","2.5068e-05","0.0055","C"
"4","Trait5","FASTmrMLM","PstI.TP129992","2","47440033","-0.1787","0.8337","A"
"4","Trait5","FASTmrMLM","PstI.TP1220879","2","47479697","-7.0851e-06","0.0015","A"
"4","Trait5","FASTmrMLM","NsiI.TP385912","2","47485966","-1.6694e-05","0.0036","A"
"4","Trait5","FASTmrMLM","PstI.TP654111","2","47489621","1.591e-05","0.0035","C"
"4","Trait5","FASTmrMLM","NsiI.TP802075","2","47648652","-5.0213e-07","1e-04","C"
"4","Trait5","FASTmrMLM","PstI.TP883579","2","47758114","-4.1674e-06","9e-04","C"
"4","Trait5","FASTmrMLM","NsiI.TP326806","2","48437370","5.5246e-06","0.0012","C"
"4","Trait5","FASTmrMLM","NsiI.TP458529","2","48714152","-2.3997e-05","0.0053","C"
"4","Trait5","FASTmrMLM","PstI.TP842764","2","49079381","-0.1537","1.3864","C"
"4","Trait5","FASTmrMLM","PstI.TP1198894","2","49090569","4.0814e-05","0.009","A"
"4","Trait5","FASTmrMLM","PstI.TP377175","2","49470375","0.1208","0.6618","A"
"4","Trait5","FASTmrMLM","PstI.TP510304","2","49519374","-1.1982e-05","0.0026","A"
"4","Trait5","FASTmrMLM","PstI.TP483350","2","49522561","-0.2061","1.713","C"
"4","Trait5","FASTmrMLM","PstI.TP238016","2","49531813","-2.4047e-05","0.0053","C"
"4","Trait5","FASTmrMLM","NsiI.TP400530","2","49626564","-9.5941e-06","0.0021","C"
"4","Trait5","FASTmrMLM","PstI.TP237380","2","49698711","-5.9813e-06","0.0013","A"
"4","Trait5","FASTmrMLM","PstI.TP912290","2","49702186","1.7129e-05","0.0037","A"
"4","Trait5","FASTmrMLM","PstI.TP427104","2","49743751","-2.2277e-05","0.0049","A"
"4","Trait5","FASTmrMLM","GFSSContig17648_463","2","49751578","2.3948e-07","5.2122e-05","A"
"4","Trait5","FASTmrMLM","GFSSContig17648_1410","2","49754931","7.1672e-06","0.0016","A"
"4","Trait5","FASTmrMLM","NsiI.TP245065","2","49755024","0.0195","0.2496","A"
"4","Trait5","FASTmrMLM","PstI.TP153473","2","49922484","3.4661e-05","0.0076","C"
"4","Trait5","FASTmrMLM","NsiI.TP441740","2","49922532","-0.3195","1.7182","C"
"4","Trait5","FASTmrMLM","NsiI.TP593469","2","49950560","0.0043","0.1103","A"
"4","Trait5","FASTmrMLM","PstI.TP263467","2","49996422","-2e-04","0.0129","A"
"4","Trait5","FASTmrMLM","PstI.TP959729","2","49996496","-0.0979","0.5147","C"
"4","Trait5","FASTmrMLM","PstI.TP607405","2","50007024","-5.4187e-07","1e-04","A"
"4","Trait5","FASTmrMLM","PstI.TP478931","2","50018891","-6.6776e-06","0.0015","C"
"4","Trait5","FASTmrMLM","PstI.TP159461","2","50019441","3.8934e-05","0.0086","C"
"4","Trait5","FASTmrMLM","PstI.TP24205","2","50025261","0.1675","0.8928","C"
"4","Trait5","FASTmrMLM","PstI.TP79885","2","50392385","0.2106","1.1967","A"
"4","Trait5","FASTmrMLM","NsiI.TP102234","2","50518078","0.0918","1.2175","A"
"4","Trait5","FASTmrMLM","PstI.TP745907","2","50691405","-3.0838e-06","7e-04","C"
"4","Trait5","FASTmrMLM","PstI.TP220565","2","50694038","0.0159","0.1573","A"
"4","Trait5","FASTmrMLM","NsiI.TP81632","2","50706705","-8.0614e-06","0.0018","A"
"4","Trait5","FASTmrMLM","PstI.TP1235048","2","50897094","0.259","1.7269","A"
"4","Trait5","FASTmrMLM","PstI.TP158204","2","51022027","-1.2938e-05","0.0028","A"
"4","Trait5","FASTmrMLM","PstI.TP1012196","2","51185492","-0.0738","0.4706","C"
"4","Trait5","FASTmrMLM","PstI.TP1292597","2","51189337","2.969e-06","6e-04","C"
"4","Trait5","FASTmrMLM","NsiI.TP409668","2","51206932","1.3067e-05","0.0029","C"
"4","Trait5","FASTmrMLM","PstI.TP327995","2","51251522","-1.9037e-05","0.0042","C"
"4","Trait5","FASTmrMLM","PstI.TP989400","2","51253529","2.5881e-06","6e-04","C"
"4","Trait5","FASTmrMLM","PstI.TP845124","2","51289268","5e-04","0.0207","A"
"4","Trait5","FASTmrMLM","NsiI.TP532372","2","51294705","-4.2545e-06","9e-04","A"
"4","Trait5","FASTmrMLM","NsiI.TP292897","2","51301122","-0.0786","0.3882","C"
"4","Trait5","FASTmrMLM","NsiI.TP793341","2","51526245","2.7821e-05","0.0061","C"
"4","Trait5","FASTmrMLM","NsiI.TP804461","2","51561167","1.4244e-06","3e-04","C"
"4","Trait5","FASTmrMLM","NsiI.TP825746","2","51562955","2.226e-06","5e-04","C"
"4","Trait5","FASTmrMLM","PstI.TP62939","2","51630076","0.0203","0.2572","G"
"4","Trait5","FASTmrMLM","PstI.TP1275139","2","51630604","-1.5584e-05","0.0034","G"
"4","Trait5","FASTmrMLM","PstI.TP879159","2","51632459","-0.1342","0.624","C"
"4","Trait5","FASTmrMLM","NsiI.TP420096","2","51633038","8.0562e-06","0.0018","A"
"4","Trait5","FASTmrMLM","NsiI.TP783827","2","51637245","-6.1596e-06","0.0013","C"
"4","Trait5","FASTmrMLM","PstI.TP837987","2","51707122","0.1586","0.9341","A"
"4","Trait5","FASTmrMLM","NsiI.TP619900","2","51762633","6.0936e-06","0.0013","A"
"4","Trait5","FASTmrMLM","PstI.TP334931","2","51848838","0.0895","0.8088","A"
"4","Trait5","FASTmrMLM","NsiI.TP11642","2","51874620","-3.8275e-06","8e-04","C"
"4","Trait5","FASTmrMLM","PstI.TP1002724","2","51880482","1.0465e-05","0.0023","C"
"4","Trait5","FASTmrMLM","PstI.TP229716","2","52006699","-0.0343","0.2105","A"
"4","Trait5","FASTmrMLM","NsiI.TP617177","2","52050200","-0.1043","0.7601","C"
"4","Trait5","FASTmrMLM","NsiI.TP705057","2","52115207","-2.4404e-05","0.0053","A"
"4","Trait5","FASTmrMLM","PstI.TP471158","2","52122110","-0.0092","0.158","A"
"4","Trait5","FASTmrMLM","PstI.TP1248463","2","52122902","-1.9176e-06","4e-04","A"
"4","Trait5","FASTmrMLM","PstI.TP74485","2","52125081","-1.8229e-05","0.004","A"
"4","Trait5","FASTmrMLM","PstI.TP358466","2","52234585","8.5845e-06","0.0019","G"
"4","Trait5","FASTmrMLM","PstI.TP700043","2","52251967","-7.1568e-06","0.0016","C"
"4","Trait5","FASTmrMLM","NsiI.TP565148","2","52354916","-0.0378","0.3613","A"
"4","Trait5","FASTmrMLM","NsiI.TP645364","2","52544015","-8.3626e-06","0.0018","C"
"4","Trait5","FASTmrMLM","PstI.TP240292","2","52552645","1.7383e-05","0.0038","A"
"4","Trait5","FASTmrMLM","NsiI.TP163051","2","53382177","-3.7914e-05","0.0083","C"
"4","Trait5","FASTmrMLM","PstI.TP747313","2","53434843","-3.2482e-05","0.0071","A"
"4","Trait5","FASTmrMLM","PstI.TP774809","2","53479898","6.1576e-06","0.0013","C"
"4","Trait5","FASTmrMLM","NsiI.TP690065","2","53640609","-0.3596","2.1053","A"
"4","Trait5","FASTmrMLM","PstI.TP878368","2","54218608","0.0356","0.4485","C"
"4","Trait5","FASTmrMLM","NsiI.TP486065","2","54246152","0.0742","0.3845","C"
"4","Trait5","FASTmrMLM","NsiI.TP381075","2","54381275","0.0252","0.3495","C"
"4","Trait5","FASTmrMLM","NsiI.TP139556","2","54466501","7.2683e-06","0.0016","A"
"4","Trait5","FASTmrMLM","PstI.TP1174831","2","54474666","-1.1097e-05","0.0024","A"
"4","Trait5","FASTmrMLM","PstI.TP607512","2","54493888","-6.9893e-07","2e-04","A"
"4","Trait5","FASTmrMLM","PstI.TP1075290","2","54494001","-1.5719e-05","0.0034","A"
"4","Trait5","FASTmrMLM","PstI.TP768419","2","54502818","0.0805","0.8668","C"
"4","Trait5","FASTmrMLM","PstI.TP938200","2","54569410","-8.571e-06","0.0019","C"
"4","Trait5","FASTmrMLM","PstI.TP671098","2","54577903","-0.0195","0.3188","C"
"4","Trait5","FASTmrMLM","PstI.TP1087330","2","54591809","0.0699","0.9254","G"
"4","Trait5","FASTmrMLM","PstI.TP695158","2","55008713","1.467e-05","0.0032","G"
"4","Trait5","FASTmrMLM","PstI.TP552980","2","55009626","0.0433","0.2608","C"
"4","Trait5","FASTmrMLM","NsiI.TP594342","2","55025553","-8.5564e-06","0.0019","A"
"4","Trait5","FASTmrMLM","PstI.TP84097","2","55026074","-0.0172","0.2152","C"
"4","Trait5","FASTmrMLM","PstI.TP541875","2","55037307","-1.7738e-05","0.0039","A"
"4","Trait5","FASTmrMLM","PstI.TP541874","2","55037354","-2.2015e-05","0.0048","C"
"4","Trait5","FASTmrMLM","PstI.TP330470","2","55037372","-1.1126e-05","0.0024","C"
"4","Trait5","FASTmrMLM","NsiI.TP406836","2","55041475","2e-04","0.0145","A"
"4","Trait5","FASTmrMLM","NsiI.TP369853","2","55063679","-2e-04","0.0147","C"
"4","Trait5","FASTmrMLM","NsiI.TP431965","2","55134748","-0.0868","0.3975","A"
"4","Trait5","FASTmrMLM","PstI.TP718102","2","55136138","-5.3269e-06","0.0012","A"
"4","Trait5","FASTmrMLM","PstI.TP306976","2","55357057","7.8389e-06","0.0017","C"
"4","Trait5","FASTmrMLM","NsiI.TP11763","2","55368372","1.5812e-05","0.0035","A"
"4","Trait5","FASTmrMLM","PstI.TP65472","2","55384747","-3.2198e-05","0.0071","A"
"4","Trait5","FASTmrMLM","PstI.TP476886","2","55394288","-0.1222","1.0815","C"
"4","Trait5","FASTmrMLM","NsiI.TP551763","2","55395571","1.1781e-05","0.0026","A"
"4","Trait5","FASTmrMLM","NsiI.TP352028","2","55395652","1.1389e-06","2e-04","A"
"4","Trait5","FASTmrMLM","PstI.TP951829","2","55414626","0.0335","0.4128","A"
"4","Trait5","FASTmrMLM","PstI.TP45434","2","55477024","1.7706e-05","0.0039","C"
"4","Trait5","FASTmrMLM","PstI.TP848956","2","55477082","6.9861e-07","2e-04","C"
"4","Trait5","FASTmrMLM","PstI.TP848954","2","55477100","-1.4884e-07","3.239e-05","C"
"4","Trait5","FASTmrMLM","PstI.TP545206","2","55587230","-3.5842e-05","0.0079","A"
"4","Trait5","FASTmrMLM","PstI.TP697322","2","55713623","0.2576","1.372","A"
"4","Trait5","FASTmrMLM","PstI.TP1223116","2","55714459","1.9332e-05","0.0042","A"
"4","Trait5","FASTmrMLM","PstI.TP990928","2","55732686","-4.1484e-07","9.0299e-05","C"
"4","Trait5","FASTmrMLM","NsiI.TP424496","2","55828224","-1.3643e-05","0.003","C"
"4","Trait5","FASTmrMLM","NsiI.TP186725","2","56007971","-3e-04","0.0151","C"
"4","Trait5","FASTmrMLM","PstI.TP74982","2","56009354","7.3741e-06","0.0016","A"
"4","Trait5","FASTmrMLM","NsiI.TP593666","2","56047090","-2.424e-05","0.0053","A"
"4","Trait5","FASTmrMLM","PstI.TP827126","2","56058934","-1.1001e-05","0.0024","G"
"4","Trait5","FASTmrMLM","NsiI.TP231443","2","56076805","-2.7572e-05","0.006","C"
"4","Trait5","FASTmrMLM","PstI.TP323444","2","56176337","-1.6134e-05","0.0035","A"
"4","Trait5","FASTmrMLM","PstI.TP410091","2","56176361","-6.5918e-07","1e-04","A"
"4","Trait5","FASTmrMLM","PstI.TP1084924","2","56227368","7.8173e-06","0.0017","A"
"4","Trait5","FASTmrMLM","PstI.TP692281","2","56248202","0.1026","0.736","A"
"4","Trait5","FASTmrMLM","PstI.TP933320","2","56250123","1.405e-05","0.0031","A"
"4","Trait5","FASTmrMLM","PstI.TP1122752","2","56295956","-2.8951e-05","0.0063","A"
"4","Trait5","FASTmrMLM","PstI.TP1155231","2","56342788","1.4875e-05","0.0032","A"
"4","Trait5","FASTmrMLM","NsiI.TP661568","2","56475452","-1.4781e-06","3e-04","A"
"4","Trait5","FASTmrMLM","NsiI.TP481604","2","56475480","2.2821e-05","0.005","C"
"4","Trait5","FASTmrMLM","PstI.TP505880","2","56476216","2.9685e-05","0.0057","C"
"4","Trait5","FASTmrMLM","NsiI.TP694486","2","56476853","-4.9423e-06","0.0011","C"
"4","Trait5","FASTmrMLM","PstI.TP1072104","2","56561012","-1.1098e-05","0.0024","A"
"4","Trait5","FASTmrMLM","PstI.TP1179066","2","56564506","3.2668e-05","0.0072","A"
"4","Trait5","FASTmrMLM","NsiI.TP392178","2","56585061","-3.7285e-05","0.0082","A"
"4","Trait5","FASTmrMLM","PstI.TP271878","2","56598718","0.093","1.1483","A"
"4","Trait5","FASTmrMLM","NsiI.TP221709","2","56647453","0.007","0.1364","A"
"4","Trait5","FASTmrMLM","PstI.TP886614","2","56651766","1.5012e-05","0.0033","A"
"4","Trait5","FASTmrMLM","PstI.TP259066","2","56693726","-9.0806e-06","0.002","A"
"4","Trait5","FASTmrMLM","NsiI.TP133661","2","56698805","0.0594","0.4616","A"
"4","Trait5","FASTmrMLM","NsiI.TP443023","2","56699414","-0.2643","1.1965","C"
"4","Trait5","FASTmrMLM","PstI.TP307262","2","56792254","1.7342e-05","0.0038","A"
"4","Trait5","FASTmrMLM","PstI.TP109850","2","56793387","0.0341","0.1971","C"
"4","Trait5","FASTmrMLM","PstI.TP305073","2","56794565","-0.0435","0.4004","G"
"4","Trait5","FASTmrMLM","NsiI.TP238695","2","56851247","0.0127","0.2215","G"
"4","Trait5","FASTmrMLM","PstI.TP210983","2","56861414","-7.0871e-06","0.0015","A"
"4","Trait5","FASTmrMLM","NsiI.TP322881","2","56868573","-0.1605","0.9178","G"
"4","Trait5","FASTmrMLM","NsiI.TP750600","2","56869336","-4.1504e-06","9e-04","C"
"4","Trait5","FASTmrMLM","NsiI.TP729056","2","56870524","2.6639e-06","6e-04","A"
"4","Trait5","FASTmrMLM","NsiI.TP433333","2","56870655","-0.0412","0.3506","C"
"4","Trait5","FASTmrMLM","NsiI.TP654059","2","56877523","4.3307e-06","9e-04","C"
"4","Trait5","FASTmrMLM","PstI.TP398347","2","56904120","-1.4369e-06","3e-04","A"
"4","Trait5","FASTmrMLM","PstI.TP213333","2","56904758","0.0681","0.3493","C"
"4","Trait5","FASTmrMLM","PstI.TP383939","2","56907410","-0.1162","0.5705","A"
"4","Trait5","FASTmrMLM","NsiI.TP754822","2","56928503","-0.1334","1.1037","A"
"4","Trait5","FASTmrMLM","PstI.TP141827","2","56954455","-7.3447e-06","0.0016","A"
"4","Trait5","FASTmrMLM","PstI.TP199902","2","56957269","-4.1042e-06","9e-04","G"
"4","Trait5","FASTmrMLM","PstI.TP1061896","2","56969155","0.3421","2.3122","A"
"4","Trait5","FASTmrMLM","PstI.TP1062019","2","56969161","0.0388","0.4886","A"
"4","Trait5","FASTmrMLM","NsiI.TP678319","2","56972682","9.844e-06","0.0021","C"
"4","Trait5","FASTmrMLM","PstI.TP348729","2","56985174","-3.274e-05","0.0072","C"
"4","Trait5","FASTmrMLM","PstI.TP371503","2","57085223","0.2839","1.0934","C"
"4","Trait5","FASTmrMLM","NsiI.TP38620","2","57085297","1.6235e-05","0.0035","A"
"4","Trait5","FASTmrMLM","NsiI.TP802662","2","57163430","6.925e-05","0.008","A"
"4","Trait5","FASTmrMLM","PstI.TP86008","2","57163563","-0.0646","0.7461","C"
"4","Trait5","FASTmrMLM","PstI.TP133700","2","57163911","-1.4341e-06","3e-04","A"
"4","Trait5","FASTmrMLM","GFSSContig7165_442","2","57164692","4.7519e-06","0.001","A"
"4","Trait5","FASTmrMLM","NsiI.TP801527","2","57166686","-0.0153","0.16","C"
"4","Trait5","FASTmrMLM","PstI.TP1082141","2","57174602","-0.059","0.286","A"
"4","Trait5","FASTmrMLM","NsiI.TP50533","2","57199808","8.7722e-06","0.0019","A"
"4","Trait5","FASTmrMLM","PstI.TP325176","2","57255856","-1.2e-05","0.0026","C"
"4","Trait5","FASTmrMLM","NsiI.TP286339","2","57264133","0.1346","1.6306","C"
"4","Trait5","FASTmrMLM","NsiI.TP286341","2","57264141","-2.163e-05","0.0047","C"
"4","Trait5","FASTmrMLM","PstI.TP971521","2","57267752","0.0573","0.4188","A"
"4","Trait5","FASTmrMLM","NsiI.TP763261","2","57413137","4.2187e-06","9e-04","A"
"4","Trait5","FASTmrMLM","NsiI.TP794833","2","57413788","-5.5049e-06","0.0012","C"
"4","Trait5","FASTmrMLM","PstI.TP249296","2","57415075","0.0471","0.3474","A"
"4","Trait5","FASTmrMLM","NsiI.TP49179","2","57415539","-1.091e-05","0.0024","A"
"4","Trait5","FASTmrMLM","PstI.TP1215732","2","57449553","-3.0561e-06","7e-04","G"
"4","Trait5","FASTmrMLM","PstI.TP738881","2","57512325","-1.3115e-05","0.0029","A"
"4","Trait5","FASTmrMLM","PstI.TP697310","2","57512345","0.0151","0.2146","C"
"4","Trait5","FASTmrMLM","NsiI.TP555571","2","57514367","2.0829e-06","5e-04","A"
"4","Trait5","FASTmrMLM","PstI.TP47654","2","57514489","-0.186","0.9076","G"
"4","Trait5","FASTmrMLM","NsiI.TP476367","2","57542179","3.2095e-05","0.007","G"
"4","Trait5","FASTmrMLM","PstI.TP1114827","2","57544790","0.0196","0.2119","C"
"4","Trait5","FASTmrMLM","PstI.TP806112","2","57558204","-4.216e-06","9e-04","A"
"4","Trait5","FASTmrMLM","PstI.TP49910","2","57563536","-3.6931e-05","0.0081","A"
"4","Trait5","FASTmrMLM","NsiI.TP423584","2","57602883","-1.355e-05","0.003","A"
"4","Trait5","FASTmrMLM","NsiI.TP83377","2","57603008","0.0755","0.4976","A"
"4","Trait5","FASTmrMLM","PstI.TP808486","2","57607955","1.8598e-05","0.0041","A"
"4","Trait5","FASTmrMLM","PstI.TP1256707","2","57679416","-2.2328e-05","0.0049","A"
"4","Trait5","FASTmrMLM","NsiI.TP830166","2","57700835","0.0949","0.3311","C"
"4","Trait5","FASTmrMLM","NsiI.TP775055","2","57703433","1.0272e-05","0.0022","G"
"4","Trait5","FASTmrMLM","PstI.TP1179516","2","57731330","-2.3962e-06","5e-04","A"
"4","Trait5","FASTmrMLM","NsiI.TP571735","2","57731371","8.7381e-06","0.0019","A"
"4","Trait5","FASTmrMLM","PstI.TP753013","2","57739584","-6.4921e-06","0.0014","C"
"4","Trait5","FASTmrMLM","PstI.TP309600","2","57862559","-2.2251e-05","0.0049","C"
"4","Trait5","FASTmrMLM","PstI.TP773866","2","57873632","5.5398e-06","0.0012","A"
"4","Trait5","FASTmrMLM","NsiI.TP773495","2","57875586","-3.3864e-06","7e-04","C"
"4","Trait5","FASTmrMLM","NsiI.TP10089","2","57931643","-5.3428e-06","0.0012","A"
"4","Trait5","FASTmrMLM","NsiI.TP608557","2","57932069","-0.0569","0.6195","C"
"4","Trait5","FASTmrMLM","NsiI.TP233507","2","57932937","0.0199","0.2327","A"
"4","Trait5","FASTmrMLM","PstI.TP395407","2","57933769","-0.1889","0.7368","A"
"4","Trait5","FASTmrMLM","NsiI.TP179649","2","57951142","3.3234e-05","0.0073","A"
"4","Trait5","FASTmrMLM","PstI.TP13843","2","57967122","0.1417","0.6845","A"
"4","Trait5","FASTmrMLM","PstI.TP714241","2","58003649","-3e-04","0.0153","C"
"4","Trait5","FASTmrMLM","NsiI.TP742331","2","58004105","-7.4792e-06","0.0016","C"
"4","Trait5","FASTmrMLM","NsiI.TP259427","2","58020841","5.9778e-06","0.0013","A"
"4","Trait5","FASTmrMLM","NsiI.TP259429","2","58020858","3.9396e-05","0.0087","C"
"4","Trait5","FASTmrMLM","NsiI.TP574518","2","58071652","-0.4296","2.7713","A"
"4","Trait5","FASTmrMLM","NsiI.TP740562","2","58073889","-1.8304e-05","0.004","G"
"4","Trait5","FASTmrMLM","PstI.TP1181945","2","58126432","-2.9716e-05","0.0065","C"
"4","Trait5","FASTmrMLM","PstI.TP1181944","2","58126443","-0.0196","0.2118","A"
"4","Trait5","FASTmrMLM","NsiI.TP485772","2","58129588","-2.4971e-05","0.0055","C"
"4","Trait5","FASTmrMLM","PstI.TP820789","2","58131056","0.0541","0.4497","A"
"4","Trait5","FASTmrMLM","NsiI.TP538867","2","58176491","-7.8678e-06","0.0017","G"
"4","Trait5","FASTmrMLM","PstI.TP846031","2","58182383","2.6242e-05","0.0058","G"
"4","Trait5","FASTmrMLM","NsiI.TP631274","2","58195717","2.9942e-05","0.0066","G"
"4","Trait5","FASTmrMLM","NsiI.TP133232","2","58224541","0.0655","0.5966","A"
"4","Trait5","FASTmrMLM","NsiI.TP560779","2","58238603","-1.2364e-05","0.0027","A"
"4","Trait5","FASTmrMLM","PstI.TP454107","2","58284642","9.225e-06","0.002","C"
"4","Trait5","FASTmrMLM","PstI.TP343061","2","58286580","-4e-04","0.018","C"
"4","Trait5","FASTmrMLM","PstI.TP343044","2","58286600","-3.5391e-06","8e-04","A"
"4","Trait5","FASTmrMLM","PstI.TP993272","2","58286678","-0.253","0.8804","C"
"4","Trait5","FASTmrMLM","NsiI.TP716763","2","58287576","-2.2329e-05","0.0049","A"
"4","Trait5","FASTmrMLM","NsiI.TP103487","2","58287864","-5.9868e-06","0.0013","A"
"4","Trait5","FASTmrMLM","NsiI.TP763242","2","58287902","9.4124e-06","0.0021","C"
"4","Trait5","FASTmrMLM","PstI.TP721827","2","58288607","1.8072e-05","0.004","A"
"4","Trait5","FASTmrMLM","PstI.TP924334","2","58289021","-8.6923e-06","0.0019","A"
"4","Trait5","FASTmrMLM","PstI.TP484921","2","58289099","0.0312","0.2713","C"
"4","Trait5","FASTmrMLM","PstI.TP64046","2","58295714","1.1261e-05","0.0025","A"
"4","Trait5","FASTmrMLM","NsiI.TP502909","2","58325149","-2e-04","0.0108","C"
"4","Trait5","FASTmrMLM","NsiI.TP432309","2","58331508","-0.0594","0.6444","C"
"4","Trait5","FASTmrMLM","PstI.TP1173274","2","58331744","-3.337e-06","7e-04","G"
"4","Trait5","FASTmrMLM","NsiI.TP514724","2","58333562","-0.0373","0.2528","C"
"4","Trait5","FASTmrMLM","PstI.TP690744","2","58500961","5.21e-06","0.0011","A"
"4","Trait5","FASTmrMLM","PstI.TP224038","2","58505863","1.1031e-05","0.0024","A"
"4","Trait5","FASTmrMLM","PstI.TP1215799","2","58552434","6.3829e-06","0.0014","C"
"4","Trait5","FASTmrMLM","NsiI.TP399950","2","58560990","-0.0509","0.3217","G"
"4","Trait5","FASTmrMLM","PstI.TP1046643","2","58595318","-2.301e-05","0.005","A"
"4","Trait5","FASTmrMLM","PstI.TP451020","2","58599188","2.2328e-05","0.0049","A"
"4","Trait5","FASTmrMLM","NsiI.TP469708","2","58601187","0.001","0.0306","A"
"4","Trait5","FASTmrMLM","NsiI.TP273150","2","58601969","-5.2536e-06","0.0011","C"
"4","Trait5","FASTmrMLM","NsiI.TP205114","2","58611885","3.6485e-05","0.008","G"
"4","Trait5","FASTmrMLM","PstI.TP1045265","2","58635988","1.9856e-05","0.0043","G"
"4","Trait5","FASTmrMLM","PstI.TP1005335","2","58635995","6.0448e-05","0.0084","C"
"4","Trait5","FASTmrMLM","PstI.TP844985","2","58637331","-0.266","1.8155","G"
"4","Trait5","FASTmrMLM","PstI.TP1109625","2","58639087","1.5837e-05","0.0035","A"
"4","Trait5","FASTmrMLM","NsiI.TP592526","2","58642454","1.0773e-05","0.0024","A"
"4","Trait5","FASTmrMLM","PstI.TP174184","2","58642963","-0.0392","0.3334","A"
"4","Trait5","FASTmrMLM","PstI.TP123674","2","58648454","1.5411e-05","0.0034","G"
"4","Trait5","FASTmrMLM","NsiI.TP651986","2","58656091","-0.0042","0.1129","C"
"4","Trait5","FASTmrMLM","PstI.TP259827","2","58657047","-1.4635e-05","0.0032","C"
"4","Trait5","FASTmrMLM","NsiI.TP140139","2","58660758","-1.9413e-05","0.0042","A"
"4","Trait5","FASTmrMLM","PstI.TP243328","2","58674737","1.9554e-05","0.0043","A"
"4","Trait5","FASTmrMLM","NsiI.TP754630","2","58680530","1.4178e-06","3e-04","A"
"4","Trait5","FASTmrMLM","NsiI.TP466600","2","58716699","-0.0207","0.2908","C"
"4","Trait5","FASTmrMLM","NsiI.TP466601","2","58716699","-8.8758e-06","0.0019","C"
"4","Trait5","FASTmrMLM","NsiI.TP461483","2","58716875","2.2209e-05","0.0049","A"
"4","Trait5","FASTmrMLM","PstI.TP76191","2","58722393","-1.6326e-05","0.0036","C"
"4","Trait5","FASTmrMLM","PstI.TP201174","2","58722498","-5.4132e-06","0.0012","A"
"4","Trait5","FASTmrMLM","PstI.TP79904","2","58722578","-3.4287e-05","0.0075","G"
"4","Trait5","FASTmrMLM","PstI.TP185016","2","58722584","4.501e-06","0.001","C"
"4","Trait5","FASTmrMLM","PstI.TP126450","2","58727657","0.1299","1.3429","C"
"4","Trait5","FASTmrMLM","PstI.TP888435","2","58767569","-4.0207e-06","9e-04","A"
"4","Trait5","FASTmrMLM","PstI.TP912712","2","58773993","0.106","0.567","C"
"4","Trait5","FASTmrMLM","PstI.TP773670","2","58845474","7.8712e-05","0.0091","C"
"4","Trait5","FASTmrMLM","PstI.TP104876","2","58864116","-0.11","1.4067","A"
"4","Trait5","FASTmrMLM","NsiI.TP799647","2","58864452","-1.0175e-05","0.0022","A"
"4","Trait5","FASTmrMLM","PstI.TP402771","2","58865612","6.7261e-06","0.0015","A"
"4","Trait5","FASTmrMLM","NsiI.TP806172","2","58871698","-6.6974e-07","1e-04","C"
"4","Trait5","FASTmrMLM","PstI.TP215008","2","58877475","7.6716e-06","0.0017","A"
"4","Trait5","FASTmrMLM","PstI.TP864185","2","58881487","1.5356e-05","0.0034","A"
"4","Trait5","FASTmrMLM","PstI.TP118564","2","58881859","3.4013e-05","0.0075","A"
"4","Trait5","FASTmrMLM","NsiI.TP356149","2","58887355","1.372e-05","0.003","C"
"4","Trait5","FASTmrMLM","NsiI.TP390195","2","58888149","-1.09e-05","0.0024","A"
"4","Trait5","FASTmrMLM","NsiI.TP375523","2","58945573","-2.6798e-06","6e-04","G"
"4","Trait5","FASTmrMLM","NsiI.TP228936","2","58958019","0.094","0.8396","A"
"4","Trait5","FASTmrMLM","PstI.TP469917","2","58995360","6.801e-06","0.0015","A"
"4","Trait5","FASTmrMLM","PstI.TP1283938","2","58996796","1.6967e-05","0.0037","C"
"4","Trait5","FASTmrMLM","GFSSContig11918_395","2","58999886","-0.0837","0.8902","T"
"4","Trait5","FASTmrMLM","PstI.TP14388","2","59005945","0.0517","0.4386","A"
"4","Trait5","FASTmrMLM","NsiI.TP216964","2","59006273","9.1745e-06","0.002","A"
"4","Trait5","FASTmrMLM","NsiI.TP741833","2","59012838","-1.1115e-07","2.419e-05","A"
"4","Trait5","FASTmrMLM","NsiI.TP207553","2","59041997","7.5675e-06","0.0016","C"
"4","Trait5","FASTmrMLM","NsiI.TP207554","2","59042033","-1.9355e-05","0.0042","A"
"4","Trait5","FASTmrMLM","PstI.TP227318","2","59042482","-2.6026e-05","0.0057","A"
"4","Trait5","FASTmrMLM","PstI.TP1283925","2","59043473","-7.6515e-06","0.0017","A"
"4","Trait5","FASTmrMLM","PstI.TP1094982","2","59043617","1.6397e-06","4e-04","C"
"4","Trait5","FASTmrMLM","GFSSContig19789_133","2","59043918","0.0918","0.3958","T"
"4","Trait5","FASTmrMLM","PstI.TP382389","2","59073597","-1.2405e-05","0.0027","A"
"4","Trait5","FASTmrMLM","PstI.TP584552","2","59081475","0.2278","2.0399","A"
"4","Trait5","FASTmrMLM","NsiI.TP267232","2","59093589","-1.9488e-05","0.0043","A"
"4","Trait5","FASTmrMLM","PstI.TP1161727","2","59132485","1.792e-05","0.0039","A"
"4","Trait5","FASTmrMLM","NsiI.TP295313","2","59144611","-0.0118","0.1733","C"
"4","Trait5","FASTmrMLM","PstI.TP1279506","2","59166866","0.0955","0.4516","A"
"4","Trait5","FASTmrMLM","NsiI.TP489634","2","59179303","3.5793e-05","0.0079","G"
"4","Trait5","FASTmrMLM","NsiI.TP754490","2","59182039","8.5417e-06","0.0019","G"
"4","Trait5","FASTmrMLM","PstI.TP928866","2","59221226","-2.6276e-06","6e-04","C"
"4","Trait5","FASTmrMLM","PstI.TP1210763","2","59225263","0.0127","0.2112","A"
"4","Trait5","FASTmrMLM","PstI.TP1203393","2","59227258","-0.2055","0.8644","A"
"4","Trait5","FASTmrMLM","PstI.TP908373","2","59228654","-2.0596e-05","0.0045","C"
"4","Trait5","FASTmrMLM","PstI.TP1037372","2","59238183","0.0971","0.498","C"
"4","Trait5","FASTmrMLM","NsiI.TP700242","2","59240348","-0.0808","0.4455","C"
"4","Trait5","FASTmrMLM","NsiI.TP403597","2","59243975","-1.5203e-05","0.0033","A"
"4","Trait5","FASTmrMLM","PstI.TP951624","2","59246898","2e-04","0.0122","A"
"4","Trait5","FASTmrMLM","PstI.TP664516","2","59247561","-1.8051e-06","4e-04","A"
"4","Trait5","FASTmrMLM","NsiI.TP208724","2","59247744","-1.4292e-05","0.0031","C"
"4","Trait5","FASTmrMLM","PstI.TP640454","2","59252808","-8.1064e-06","0.0018","C"
"4","Trait5","FASTmrMLM","PstI.TP985315","2","59277191","0.0374","0.2442","C"
"4","Trait5","FASTmrMLM","PstI.TP122680","2","59309858","1.1925e-05","0.0026","C"
"4","Trait5","FASTmrMLM","NsiI.TP421790","2","59362040","0.0617","0.4656","C"
"4","Trait5","FASTmrMLM","NsiI.TP152407","2","59441712","-0.1211","0.6577","A"
"4","Trait5","FASTmrMLM","PstI.TP738023","2","59441982","3.7565e-05","0.0083","C"
"4","Trait5","FASTmrMLM","NsiI.TP438769","2","59534222","7.0038e-06","0.0015","A"
"4","Trait5","FASTmrMLM","NsiI.TP741199","2","59555953","-0.1302","2.0493","G"
"4","Trait5","FASTmrMLM","PstI.TP343538","2","59561828","-4.8713e-06","0.0011","C"
"4","Trait5","FASTmrMLM","PstI.TP1280475","2","59580166","-7.5878e-05","0.0086","C"
"4","Trait5","FASTmrMLM","PstI.TP930435","2","59600248","3e-04","0.0168","A"
"4","Trait5","FASTmrMLM","PstI.TP1012416","2","59610846","-0.057","0.6628","C"
"4","Trait5","FASTmrMLM","PstI.TP23562","2","59662045","-5.4721e-06","0.0012","C"
"4","Trait5","FASTmrMLM","NsiI.TP101325","2","59698255","0.0418","0.2424","G"
"4","Trait5","FASTmrMLM","PstI.TP810140","2","59709495","1.2785e-05","0.0028","A"
"4","Trait5","FASTmrMLM","NsiI.TP811483","2","59722714","0.0738","0.5028","A"
"4","Trait5","FASTmrMLM","PstI.TP1128002","2","59726913","-5.2414e-06","0.0011","C"
"4","Trait5","FASTmrMLM","PstI.TP1128004","2","59726931","9.481e-06","0.0021","C"
"4","Trait5","FASTmrMLM","PstI.TP118616","2","59730365","-4.7529e-06","0.001","A"
"4","Trait5","FASTmrMLM","PstI.TP338856","2","59737782","-9.1408e-06","0.002","A"
"4","Trait5","FASTmrMLM","PstI.TP285215","2","59740735","0.0248","0.2559","C"
"4","Trait5","FASTmrMLM","PstI.TP666073","2","59740819","9.8677e-06","0.0022","A"
"4","Trait5","FASTmrMLM","NsiI.TP356679","2","59751156","-2.8809e-05","0.0063","A"
"4","Trait5","FASTmrMLM","PstI.TP1171359","2","59753397","-3.8122e-05","0.0084","G"
"4","Trait5","FASTmrMLM","PstI.TP1171385","2","59753397","0.077","0.9284","G"
"4","Trait5","FASTmrMLM","PstI.TP632941","2","59755581","6.009e-06","0.0013","C"
"4","Trait5","FASTmrMLM","PstI.TP269313","2","59758000","7.3419e-06","0.0016","C"
"4","Trait5","FASTmrMLM","NsiI.TP85097","2","59761786","1.2854e-05","0.0028","C"
"4","Trait5","FASTmrMLM","PstI.TP136699","2","59796392","0.0415","0.4288","A"
"4","Trait5","FASTmrMLM","PstI.TP146107","2","59799394","-5.5953e-07","1e-04","A"
"4","Trait5","FASTmrMLM","PstI.TP359092","2","59864138","-1.9722e-05","0.0043","C"
"4","Trait5","FASTmrMLM","PstI.TP1180051","2","59864175","9.7075e-06","0.0021","G"
"4","Trait5","FASTmrMLM","PstI.TP1040786","2","59875096","-5.1743e-05","0.0114","C"
"4","Trait5","FASTmrMLM","PstI.TP987072","2","59915110","-2.1835e-05","0.0048","G"
"4","Trait5","FASTmrMLM","PstI.TP987073","2","59915114","-1.3807e-05","0.003","C"
"4","Trait5","FASTmrMLM","PstI.TP1142298","2","59921596","7.4894e-06","0.0016","C"
"4","Trait5","FASTmrMLM","PstI.TP681957","2","59948360","0.0652","0.2746","G"
"4","Trait5","FASTmrMLM","NsiI.TP424611","2","59949009","-3.1369e-05","0.0069","C"
"4","Trait5","FASTmrMLM","NsiI.TP441529","2","59949437","1.2786e-05","0.0028","A"
"4","Trait5","FASTmrMLM","NsiI.TP587079","2","59950301","3.3651e-05","0.0066","G"
"4","Trait5","FASTmrMLM","NsiI.TP120823","2","59953239","1.9839e-05","0.0043","C"
"4","Trait5","FASTmrMLM","NsiI.TP619978","2","59970774","-3.6031e-05","0.0079","A"
"4","Trait5","FASTmrMLM","PstI.TP735538","2","59972522","-0.1849","0.6532","A"
"4","Trait5","FASTmrMLM","NsiI.TP615628","2","59972569","-0.0405","0.2333","A"
"4","Trait5","FASTmrMLM","PstI.TP663190","2","59985727","-3.7744e-06","8e-04","C"
"4","Trait5","FASTmrMLM","PstI.TP53003","2","60034090","-4.8157e-08","1.0481e-05","G"
"4","Trait5","FASTmrMLM","NsiI.TP277442","2","60088533","2e-04","0.0146","A"
"4","Trait5","FASTmrMLM","PstI.TP1004851","2","60096206","2.0964e-05","0.0046","C"
"4","Trait5","FASTmrMLM","PstI.TP308187","2","60112794","0.0136","0.1688","A"
"4","Trait5","FASTmrMLM","NsiI.TP201323","2","60117213","-1.9944e-05","0.0044","A"
"4","Trait5","FASTmrMLM","NsiI.TP269369","2","60150244","0.0096","0.143","A"
"4","Trait5","FASTmrMLM","PstI.TP257906","2","60163776","-1.6399e-05","0.0036","A"
"4","Trait5","FASTmrMLM","PstI.TP473818","2","60163852","-0.0273","0.2756","C"
"4","Trait5","FASTmrMLM","PstI.TP911474","2","60165255","0.019","0.2015","C"
"4","Trait5","FASTmrMLM","NsiI.TP549944","2","60184081","-2.982e-05","0.0065","C"
"4","Trait5","FASTmrMLM","NsiI.TP545561","2","60187695","0.0535","0.5453","C"
"4","Trait5","FASTmrMLM","PstI.TP811379","2","60190610","6.5196e-06","0.0014","G"
"4","Trait5","FASTmrMLM","NsiI.TP473148","2","60191605","2.5219e-06","5e-04","A"
"4","Trait5","FASTmrMLM","NsiI.TP473892","2","60191841","-1.5624e-06","3e-04","C"
"4","Trait5","FASTmrMLM","NsiI.TP589678","2","60201181","8.2242e-06","0.0018","C"
"4","Trait5","FASTmrMLM","PstI.TP911300","2","60279218","-0.048","0.5906","A"
"4","Trait5","FASTmrMLM","PstI.TP323760","2","60296121","5.7775e-06","0.0013","C"
"4","Trait5","FASTmrMLM","NsiI.TP441040","2","60296283","-0.0552","0.375","A"
"4","Trait5","FASTmrMLM","PstI.TP249537","2","60321259","2e-04","0.011","A"
"4","Trait5","FASTmrMLM","PstI.TP456074","2","60324862","-9.8945e-06","0.0022","C"
"4","Trait5","FASTmrMLM","NsiI.TP662535","2","60332010","0.1024","0.5631","C"
"4","Trait5","FASTmrMLM","NsiI.TP617484","2","60361299","-0.0253","0.2404","A"
"4","Trait5","FASTmrMLM","PstI.TP631253","2","60385263","-2.361e-05","0.0052","A"
"4","Trait5","FASTmrMLM","NsiI.TP452080","2","60386915","-9.515e-06","0.0021","C"
"4","Trait5","FASTmrMLM","GFSSContig15605_1353","2","60429799","1.1334e-06","2e-04","T"
"4","Trait5","FASTmrMLM","NsiI.TP255454","2","60432930","-0.2054","1.0498","C"
"4","Trait5","FASTmrMLM","GFSSContig18119_1138","2","60451017","-6.8858e-06","0.0015","T"
"4","Trait5","FASTmrMLM","PstI.TP359942","2","60451936","-0.2086","3.4159","A"
"4","Trait5","FASTmrMLM","PstI.TP359943","2","60451946","4.3532e-06","9e-04","A"
"4","Trait5","FASTmrMLM","PstI.TP769160","2","60455158","3.5686e-06","8e-04","A"
"4","Trait5","FASTmrMLM","PstI.TP1209118","2","60455450","-6.0278e-06","0.0013","A"
"4","Trait5","FASTmrMLM","NsiI.TP571768","2","60490930","-2.1976e-06","5e-04","G"
"4","Trait5","FASTmrMLM","PstI.TP1178906","2","60492006","-0.095","0.5016","C"
"4","Trait5","FASTmrMLM","PstI.TP1178908","2","60492013","-9.8528e-07","2e-04","C"
"4","Trait5","FASTmrMLM","PstI.TP1129605","2","60533982","9.0151e-06","0.002","A"
"4","Trait5","FASTmrMLM","PstI.TP52689","2","60543352","9.2406e-06","0.002","G"
"4","Trait5","FASTmrMLM","NsiI.TP208275","2","60558624","-0.0792","0.7657","C"
"4","Trait5","FASTmrMLM","PstI.TP111430","2","60561163","1.5237e-05","0.0033","C"
"4","Trait5","FASTmrMLM","NsiI.TP127890","2","60576502","-0.1424","2.1312","A"
"4","Trait5","FASTmrMLM","NsiI.TP445213","2","60586154","-0.153","0.7493","A"
"4","Trait5","FASTmrMLM","PstI.TP1044904","2","60586200","0.0151","0.2379","A"
"4","Trait5","FASTmrMLM","NsiI.TP452273","2","60589260","0.0493","0.4637","C"
"4","Trait5","FASTmrMLM","NsiI.TP783461","2","60636561","2.147e-05","0.0047","C"
"4","Trait5","FASTmrMLM","NsiI.TP298988","2","60640927","1.2476e-05","0.0027","C"
"4","Trait5","FASTmrMLM","PstI.TP1087346","2","60652439","-2.0835e-05","0.0046","A"
"4","Trait5","FASTmrMLM","NsiI.TP1092","2","60665930","-2.3281e-05","0.0051","C"
"4","Trait5","FASTmrMLM","PstI.TP929497","2","60716322","1.8559e-05","0.0041","C"
"4","Trait5","FASTmrMLM","PstI.TP1062048","2","60723870","-3.1905e-05","0.007","A"
"4","Trait5","FASTmrMLM","PstI.TP65744","2","60726974","8.9271e-06","0.0019","G"
"4","Trait5","FASTmrMLM","PstI.TP770208","2","60778556","-5.1212e-05","0.0058","A"
"4","Trait5","FASTmrMLM","NsiI.TP459772","2","60812297","-1.0367e-05","0.0023","C"
"4","Trait5","FASTmrMLM","PstI.TP942284","2","60815396","0.0769","0.7054","C"
"4","Trait5","FASTmrMLM","PstI.TP997600","2","60822373","-0.195","1.7728","G"
"4","Trait5","FASTmrMLM","PstI.TP997608","2","60831371","0.0487","0.3583","A"
"4","Trait5","FASTmrMLM","NsiI.TP481333","2","60854956","-1.1274e-05","0.0025","A"
"4","Trait5","FASTmrMLM","PstI.TP242340","2","60864364","1.1276e-06","2e-04","C"
"4","Trait5","FASTmrMLM","PstI.TP1008940","2","60904995","-2.646e-05","0.0058","G"
"4","Trait5","FASTmrMLM","NsiI.TP771955","2","60922097","-0.2012","1.0117","A"
"4","Trait5","FASTmrMLM","PstI.TP115071","2","60925527","7.2917e-06","0.0016","A"
"4","Trait5","FASTmrMLM","PstI.TP401157","2","60957693","0.1275","0.5967","A"
"4","Trait5","FASTmrMLM","PstI.TP1080568","2","60958321","-0.0193","0.1828","A"
"4","Trait5","FASTmrMLM","PstI.TP761845","2","60973325","-0.1081","0.4244","A"
"4","Trait5","FASTmrMLM","GFSSContig19987_1483","2","60975090","0.2783","1.2405","T"
"4","Trait5","FASTmrMLM","NsiI.TP25459","2","61014638","0.0913","0.4943","C"
"4","Trait5","FASTmrMLM","NsiI.TP755285","2","61017687","2.1905e-05","0.0048","C"
"4","Trait5","FASTmrMLM","PstI.TP382088","2","61025046","-0.1296","1.0271","A"
"4","Trait5","FASTmrMLM","PstI.TP736485","2","61059615","-2.1569e-05","0.0047","C"
"4","Trait5","FASTmrMLM","PstI.TP162549","2","61066549","-0.1281","1.33","G"
"4","Trait5","FASTmrMLM","NsiI.TP351136","2","61077854","0.088","0.5525","A"
"4","Trait5","FASTmrMLM","NsiI.TP491655","2","61080220","-0.0563","0.4469","A"
"4","Trait5","FASTmrMLM","NsiI.TP465300","2","61080507","1.7375e-05","0.0038","C"
"4","Trait5","FASTmrMLM","NsiI.TP806962","2","61080595","-1.6308e-05","0.0036","A"
"4","Trait5","FASTmrMLM","PstI.TP339634","2","61084238","-0.0235","0.218","A"
"4","Trait5","FASTmrMLM","NsiI.TP829543","2","61092129","-2.5511e-05","0.0056","C"
"4","Trait5","FASTmrMLM","PstI.TP1085697","2","61106761","0.2793","0.8185","A"
"4","Trait5","FASTmrMLM","PstI.TP30748","2","61112102","-1.5003e-05","0.0033","C"
"4","Trait5","FASTmrMLM","PstI.TP1187249","2","61152815","0.0801","0.7244","A"
"4","Trait5","FASTmrMLM","PstI.TP155500","2","61159658","3.234e-05","0.0071","A"
"4","Trait5","FASTmrMLM","PstI.TP694469","2","61192392","-3.2315e-05","0.0071","C"
"4","Trait5","FASTmrMLM","NsiI.TP417423","2","61223513","-4.0278e-05","0.0089","C"
"4","Trait5","FASTmrMLM","NsiI.TP632601","2","61233897","-0.1217","0.7437","G"
"4","Trait5","FASTmrMLM","NsiI.TP513267","2","61239677","-0.0652","0.2497","A"
"4","Trait5","FASTmrMLM","PstI.TP1228552","2","61269369","-2.3983e-05","0.0053","A"
"4","Trait5","FASTmrMLM","NsiI.TP494603","2","61270017","-0.0169","0.2342","A"
"4","Trait5","FASTmrMLM","NsiI.TP494604","2","61270017","-7.9322e-06","0.0017","C"
"4","Trait5","FASTmrMLM","PstI.TP250202","2","61270945","0.015","0.1704","A"
"4","Trait5","FASTmrMLM","NsiI.TP120225","2","61271227","-5.2477e-06","0.0011","C"
"4","Trait5","FASTmrMLM","NsiI.TP548701","2","61303127","-2.1683e-05","0.0047","A"
"4","Trait5","FASTmrMLM","NsiI.TP810561","2","61303139","-4.7795e-06","0.001","C"
"4","Trait5","FASTmrMLM","NsiI.TP108018","2","61308777","-1.6371e-05","0.0036","G"
"4","Trait5","FASTmrMLM","NsiI.TP293415","2","61309425","-0.0971","0.5616","C"
"4","Trait5","FASTmrMLM","NsiI.TP666939","2","61311508","0.0277","0.2225","C"
"4","Trait5","FASTmrMLM","NsiI.TP596484","2","61311528","-8.2889e-06","0.0018","A"
"4","Trait5","FASTmrMLM","PstI.TP1160855","2","61313736","-1.0602e-05","0.0023","C"
"4","Trait5","FASTmrMLM","NsiI.TP539730","2","61314598","1.8206e-05","0.004","A"
"4","Trait5","FASTmrMLM","PstI.TP192390","2","61333913","-0.1841","0.8141","A"
"4","Trait5","FASTmrMLM","PstI.TP548709","2","61335066","8.5732e-06","0.0019","A"
"4","Trait5","FASTmrMLM","PstI.TP577552","2","61335361","0.4061","1.7253","A"
"4","Trait5","FASTmrMLM","PstI.TP714477","2","61336251","8.8934e-06","0.0019","A"
"4","Trait5","FASTmrMLM","PstI.TP346506","2","61336330","-5.2029e-06","0.0011","C"
"4","Trait5","FASTmrMLM","NsiI.TP464287","2","61339842","-1.8339e-07","3.9912e-05","A"
"4","Trait5","FASTmrMLM","PstI.TP762318","2","61355207","-0.0908","0.453","C"
"4","Trait5","FASTmrMLM","NsiI.TP29448","2","61356571","1.7493e-05","0.0038","A"
"4","Trait5","FASTmrMLM","PstI.TP1008253","2","61356637","-3.3626e-06","7e-04","C"
"4","Trait5","FASTmrMLM","NsiI.TP435917","2","61357557","-0.092","0.5252","C"
"4","Trait5","FASTmrMLM","NsiI.TP28163","2","61360517","0.0086","0.1416","C"
"4","Trait5","FASTmrMLM","PstI.TP483705","2","61398652","2.6744e-05","0.0059","A"
"4","Trait5","FASTmrMLM","NsiI.TP616591","2","61418890","-4.1416e-05","0.0091","A"
"4","Trait5","FASTmrMLM","NsiI.TP508238","2","61419445","-2.2414e-05","0.0049","A"
"4","Trait5","FASTmrMLM","NsiI.TP318111","2","61422929","-2.074e-05","0.0045","A"
"4","Trait5","FASTmrMLM","PstI.TP110242","2","61430624","-7.6459e-06","0.0017","C"
"4","Trait5","FASTmrMLM","PstI.TP25544","2","61439861","0.0817","0.6365","G"
"4","Trait5","FASTmrMLM","PstI.TP929878","2","61445555","1.398e-06","3e-04","A"
"4","Trait5","FASTmrMLM","PstI.TP181995","2","61452565","-0.157","1.1036","A"
"4","Trait5","FASTmrMLM","PstI.TP1161045","2","61497818","-0.1692","0.8707","A"
"4","Trait5","FASTmrMLM","PstI.TP643315","2","61513421","-5.7899e-06","0.0013","A"
"4","Trait5","FASTmrMLM","NsiI.TP97000","2","61536303","2.111e-05","0.0046","C"
"4","Trait5","FASTmrMLM","PstI.TP904659","2","61538991","-1.2283e-05","0.0027","A"
"4","Trait5","FASTmrMLM","NsiI.TP636290","2","61546369","0.0502","0.3462","C"
"4","Trait5","FASTmrMLM","PstI.TP815233","2","61560008","-1.2172e-05","0.0027","A"
"4","Trait5","FASTmrMLM","PstI.TP732900","2","61561300","0.0408","0.3021","C"
"4","Trait5","FASTmrMLM","PstI.TP1076494","2","61562100","-0.1539","1.4073","C"
"4","Trait5","FASTmrMLM","NsiI.TP534153","2","61587794","-0.0391","0.4802","C"
"4","Trait5","FASTmrMLM","PstI.TP812943","2","61589887","2.8603e-05","0.0063","A"
"4","Trait5","FASTmrMLM","PstI.TP1267959","2","61590108","-0.041","0.2434","A"
"4","Trait5","FASTmrMLM","PstI.TP880682","2","61633625","-1.2929e-05","0.0028","C"
"4","Trait5","FASTmrMLM","PstI.TP975023","2","61638010","0.1529","1.003","A"
"4","Trait5","FASTmrMLM","PstI.TP1180897","2","61651592","8.6495e-06","0.0019","C"
"4","Trait5","FASTmrMLM","PstI.TP929487","2","61654422","-3.3802e-05","0.0074","C"
"4","Trait5","FASTmrMLM","PstI.TP44348","2","61688094","2e-04","0.0137","A"
"4","Trait5","FASTmrMLM","PstI.TP1239894","2","61692152","-0.0654","0.5991","C"
"4","Trait5","FASTmrMLM","PstI.TP1204709","2","61698217","-0.1314","1.5073","C"
"4","Trait5","FASTmrMLM","PstI.TP408602","2","61706850","7.2041e-06","0.0016","C"
"4","Trait5","FASTmrMLM","NsiI.TP215437","2","61709437","7.9769e-06","0.0017","C"
"4","Trait5","FASTmrMLM","PstI.TP690728","2","61712420","-1.563e-05","0.0034","C"
"4","Trait5","FASTmrMLM","NsiI.TP367324","2","61737709","-0.0589","0.633","A"
"4","Trait5","FASTmrMLM","PstI.TP641744","2","61738293","2.9941e-05","0.0066","G"
"4","Trait5","FASTmrMLM","NsiI.TP531832","2","61739202","-0.1009","0.4724","A"
"4","Trait5","FASTmrMLM","PstI.TP1167243","2","61742988","1.1721e-05","0.0026","C"
"4","Trait5","FASTmrMLM","PstI.TP1167244","2","61743010","-0.1603","0.9275","A"
"4","Trait5","FASTmrMLM","PstI.TP663666","2","61773347","2.653e-05","0.0058","C"
"4","Trait5","FASTmrMLM","NsiI.TP263189","2","61806281","-2.53e-06","6e-04","C"
"4","Trait5","FASTmrMLM","PstI.TP13833","2","61808729","3.6092e-06","8e-04","A"
"4","Trait5","FASTmrMLM","NsiI.TP340260","2","61822324","0.2257","2.2292","A"
"4","Trait5","FASTmrMLM","PstI.TP642706","2","61823191","0.081","0.3189","G"
"4","Trait5","FASTmrMLM","NsiI.TP181611","2","61824315","0.1565","1.2085","C"
"4","Trait5","FASTmrMLM","NsiI.TP232276","2","61824334","-2.7093e-05","0.0059","C"
"4","Trait5","FASTmrMLM","PstI.TP133791","2","61841472","-0.2286","2.0236","C"
"4","Trait5","FASTmrMLM","NsiI.TP283766","2","61857548","-5.4026e-07","1e-04","C"
"4","Trait5","FASTmrMLM","PstI.TP584034","2","61859803","-2.9832e-05","0.0065","A"
"4","Trait5","FASTmrMLM","PstI.TP134453","2","61861955","0.0599","0.7644","C"
"4","Trait5","FASTmrMLM","NsiI.TP539141","2","61862930","9.7546e-06","0.0021","G"
"4","Trait5","FASTmrMLM","NsiI.TP113604","2","61863962","1.8734e-05","0.0041","A"
"4","Trait5","FASTmrMLM","NsiI.TP179278","2","61874011","1.2721e-05","0.0028","C"
"4","Trait5","FASTmrMLM","PstI.TP1151182","2","61931371","8.2111e-06","0.0018","C"
"4","Trait5","FASTmrMLM","PstI.TP1144152","2","61957721","0.0907","1.0018","C"
"4","Trait5","FASTmrMLM","NsiI.TP747108","2","61957721","0.0887","1.1123","C"
"4","Trait5","FASTmrMLM","PstI.TP1123778","2","61958273","-0.0999","0.7137","C"
"4","Trait5","FASTmrMLM","PstI.TP191169","2","61963533","1.4522e-05","0.0032","G"
"4","Trait5","FASTmrMLM","PstI.TP141528","2","61974919","-0.2505","1.2621","A"
"4","Trait5","FASTmrMLM","NsiI.TP705623","2","62012470","0.0317","0.4363","C"
"4","Trait5","FASTmrMLM","NsiI.TP97850","2","62013315","-6.1049e-06","0.0013","C"
"4","Trait5","FASTmrMLM","PstI.TP1148558","2","62049812","0.466","2.6123","A"
"4","Trait5","FASTmrMLM","NsiI.TP209091","2","62052421","-2.1966e-05","0.0048","G"
"4","Trait5","FASTmrMLM","NsiI.TP148533","2","62053428","-1.0257e-05","0.0022","A"
"4","Trait5","FASTmrMLM","PstI.TP569602","2","62058125","0.0499","0.3403","C"
"4","Trait5","FASTmrMLM","NsiI.TP331864","2","62081302","-8.2572e-06","0.0018","A"
"4","Trait5","FASTmrMLM","NsiI.TP502956","2","62081342","1.1428e-05","0.0025","C"
"4","Trait5","FASTmrMLM","NsiI.TP681249","2","62081360","-8.0399e-06","0.0018","A"
"4","Trait5","FASTmrMLM","PstI.TP901447","2","62096442","0.0329","0.2275","A"
"4","Trait5","FASTmrMLM","NsiI.TP548203","2","62096723","-0.0714","0.6407","A"
"4","Trait5","FASTmrMLM","NsiI.TP252714","2","62096963","-0.1672","1.0135","A"
"4","Trait5","FASTmrMLM","PstI.TP32136","2","62098551","-0.0105","0.165","C"
"4","Trait5","FASTmrMLM","PstI.TP32135","2","62098576","0.0187","0.1853","C"
"4","Trait5","FASTmrMLM","PstI.TP509122","2","62099032","1.1016e-05","0.0024","C"
"4","Trait5","FASTmrMLM","NsiI.TP210634","2","62099387","-1.246e-05","0.0027","A"
"4","Trait5","FASTmrMLM","NsiI.TP198536","2","62119499","-1.6705e-05","0.0037","A"
"4","Trait5","FASTmrMLM","NsiI.TP326711","2","62124263","-0.0465","0.2393","C"
"4","Trait5","FASTmrMLM","NsiI.TP825860","2","62131029","-4e-04","0.0173","A"
"4","Trait5","FASTmrMLM","NsiI.TP438031","2","62133346","0.0359","0.3618","G"
"4","Trait5","FASTmrMLM","NsiI.TP431056","2","62182837","-1.7918e-05","0.0039","C"
"4","Trait5","FASTmrMLM","PstI.TP532736","2","62195730","3.0039e-05","0.0066","A"
"4","Trait5","FASTmrMLM","PstI.TP397490","2","62195783","8.8058e-06","0.0019","C"
"4","Trait5","FASTmrMLM","PstI.TP4106","2","62207704","-3.2249e-05","0.0071","A"
"4","Trait5","FASTmrMLM","PstI.TP1168670","2","62220844","1.718e-05","0.0038","C"
"4","Trait5","FASTmrMLM","PstI.TP923639","2","62221483","-0.1378","0.7586","G"
"4","Trait5","FASTmrMLM","PstI.TP1073969","2","62221523","0.17","1.2326","A"
"4","Trait5","FASTmrMLM","NsiI.TP337409","2","62229133","1.3452e-06","3e-04","A"
"4","Trait5","FASTmrMLM","PstI.TP610851","2","62230111","-2.3805e-05","0.0052","A"
"4","Trait5","FASTmrMLM","NsiI.TP429579","2","62232354","0.0404","0.2511","A"
"4","Trait5","FASTmrMLM","NsiI.TP430697","2","62257725","1.2318e-05","0.0027","A"
"4","Trait5","FASTmrMLM","PstI.TP80300","2","62263495","-2.1707e-05","0.0047","C"
"4","Trait5","FASTmrMLM","NsiI.TP455424","2","62269512","5.3876e-06","0.0012","C"
"4","Trait5","FASTmrMLM","PstI.TP185298","2","62297361","-0.0985","0.859","C"
"4","Trait5","FASTmrMLM","PstI.TP1287076","2","62300556","-6.6371e-06","0.0014","G"
"4","Trait5","FASTmrMLM","PstI.TP1194049","2","62331220","-9.4634e-06","0.0021","A"
"4","Trait5","FASTmrMLM","NsiI.TP549004","2","62333756","-1.1725e-06","3e-04","C"
"4","Trait5","FASTmrMLM","PstI.TP987666","2","62343916","-0.086","0.5523","G"
"4","Trait5","FASTmrMLM","PstI.TP1181052","2","62344184","1.3349e-05","0.0029","G"
"4","Trait5","FASTmrMLM","NsiI.TP594897","2","62344484","-0.3296","1.5523","A"
"4","Trait5","FASTmrMLM","NsiI.TP594896","2","62344502","1.5023e-05","0.0033","C"
"4","Trait5","FASTmrMLM","PstI.TP849126","2","62350163","0.1916","1.8207","C"
"4","Trait5","FASTmrMLM","PstI.TP57056","2","62352260","7.7528e-07","2e-04","C"
"4","Trait5","FASTmrMLM","NsiI.TP534510","2","62381607","3e-04","0.0162","C"
"4","Trait5","FASTmrMLM","PstI.TP1245144","2","62399654","-2.1139e-05","0.0046","A"
"4","Trait5","FASTmrMLM","GFSSContig7235_407","2","62400621","-1.1007e-05","0.0024","T"
"4","Trait5","FASTmrMLM","PstI.TP331265","2","62408732","-1.8195e-05","0.004","C"
"4","Trait5","FASTmrMLM","NsiI.TP614629","2","62417756","0.1223","0.4824","C"
"4","Trait5","FASTmrMLM","NsiI.TP681001","2","62421010","1.0098e-05","0.0022","A"
"4","Trait5","FASTmrMLM","PstI.TP944561","2","62421967","3.4109e-06","7e-04","A"
"4","Trait5","FASTmrMLM","PstI.TP196396","2","62460198","0.073","0.9798","C"
"4","Trait5","FASTmrMLM","GFSSContig19037_366","2","62477555","-0.0766","0.8946","C"
"4","Trait5","FASTmrMLM","PstI.TP886589","2","62498521","3.3392e-05","0.0073","G"
"4","Trait5","FASTmrMLM","PstI.TP1019672","2","62506577","0.0732","0.6757","A"
"4","Trait5","FASTmrMLM","NsiI.TP774921","2","62506932","1.2747e-05","0.0028","C"
"4","Trait5","FASTmrMLM","NsiI.TP618384","2","62507974","-3.2414e-05","0.0071","C"
"4","Trait5","FASTmrMLM","PstI.TP967671","2","62512513","1e-04","0.0103","A"
"4","Trait5","FASTmrMLM","NsiI.TP561171","2","62521030","-4e-04","0.0174","C"
"4","Trait5","FASTmrMLM","PstI.TP736170","2","62555396","-6.7814e-06","0.0015","A"
"4","Trait5","FASTmrMLM","PstI.TP897958","2","62555400","2.2413e-05","0.0049","G"
"4","Trait5","FASTmrMLM","PstI.TP710432","2","62555401","-0.18","1.1871","A"
"4","Trait5","FASTmrMLM","NsiI.TP301992","2","62556164","0.0119","0.1508","A"
"4","Trait5","FASTmrMLM","PstI.TP870640","2","62558309","-8.5026e-06","0.0019","C"
"4","Trait5","FASTmrMLM","PstI.TP907626","2","62558318","4.4453e-07","9.6748e-05","C"
"4","Trait5","FASTmrMLM","NsiI.TP68299","2","62560082","0.1362","0.9524","G"
"4","Trait5","FASTmrMLM","PstI.TP1093135","2","62560841","2.1427e-06","5e-04","A"
"4","Trait5","FASTmrMLM","NsiI.TP617907","2","62611787","-9.372e-06","0.002","A"
"4","Trait5","FASTmrMLM","PstI.TP175097","2","62618411","0.0986","0.8163","A"
"4","Trait5","FASTmrMLM","NsiI.TP783847","2","62628811","0.1581","0.8057","A"
"4","Trait5","FASTmrMLM","PstI.TP418800","2","62653861","-0.0898","0.8894","C"
"4","Trait5","FASTmrMLM","PstI.TP1160341","2","62653956","-2.4304e-05","0.0053","C"
"4","Trait5","FASTmrMLM","PstI.TP631692","2","62659796","-0.121","1.7373","A"
"4","Trait5","FASTmrMLM","PstI.TP6025","2","62661228","-0.1592","0.5972","G"
"4","Trait5","FASTmrMLM","NsiI.TP111030","2","62661855","-0.1012","1.4121","A"
"4","Trait5","FASTmrMLM","NsiI.TP267029","2","62662903","-0.0894","0.4059","A"
"4","Trait5","FASTmrMLM","PstI.TP537473","2","62667234","-0.2516","1.5774","A"
"4","Trait5","FASTmrMLM","PstI.TP479172","2","62668613","3.6912e-05","0.0081","A"
"4","Trait5","FASTmrMLM","PstI.TP609818","2","62678485","5.0913e-05","0.0112","A"
"4","Trait5","FASTmrMLM","PstI.TP178231","2","62690478","0.0413","0.4443","A"
"4","Trait5","FASTmrMLM","NsiI.TP252815","2","62703324","-2.2048e-05","0.0048","G"
"4","Trait5","FASTmrMLM","NsiI.TP779584","2","62705154","-1.4584e-05","0.0032","C"
"4","Trait5","FASTmrMLM","PstI.TP1163017","2","62722944","0.0552","0.3618","C"
"4","Trait5","FASTmrMLM","PstI.TP1287302","2","62726748","1.0361e-05","0.0023","C"
"4","Trait5","FASTmrMLM","NsiI.TP127707","2","62735474","2.2051e-05","0.0048","G"
"4","Trait5","FASTmrMLM","PstI.TP460623","2","62795899","1.5978e-06","3e-04","A"
"4","Trait5","FASTmrMLM","PstI.TP662487","2","62795989","-0.0587","0.556","A"
"4","Trait5","FASTmrMLM","PstI.TP387521","2","62798615","0.3063","1.0092","C"
"4","Trait5","FASTmrMLM","NsiI.TP532253","2","62805809","0.1664","0.9105","C"
"4","Trait5","FASTmrMLM","PstI.TP827408","2","62810980","0.011","0.1654","C"
"4","Trait5","FASTmrMLM","PstI.TP808992","2","62812242","-7.7145e-06","0.0017","C"
"4","Trait5","FASTmrMLM","GFSSContig14156_604","2","62826033","-0.0172","0.2179","A"
"4","Trait5","FASTmrMLM","NsiI.TP747050","2","62826526","0.1021","0.688","A"
"4","Trait5","FASTmrMLM","NsiI.TP566315","2","62850243","-1.3272e-05","0.0029","C"
"4","Trait5","FASTmrMLM","NsiI.TP566314","2","62856978","1.077e-05","0.0023","C"
"4","Trait5","FASTmrMLM","NsiI.TP762060","2","62872379","-0.2155","1.1487","A"
"4","Trait5","FASTmrMLM","PstI.TP491361","2","62891449","0.191","0.9329","A"
"4","Trait5","FASTmrMLM","PstI.TP389548","2","62919573","-1.1137e-06","2e-04","C"
"4","Trait5","FASTmrMLM","PstI.TP1100383","2","62926860","-0.1156","0.6857","A"
"4","Trait5","FASTmrMLM","PstI.TP1121003","2","62934564","-2.1712e-05","0.0048","A"
"4","Trait5","FASTmrMLM","NsiI.TP682136","2","62939395","-0.1229","1.141","A"
"4","Trait5","FASTmrMLM","NsiI.TP745005","2","62939927","-3e-04","0.017","A"
"4","Trait5","FASTmrMLM","NsiI.TP682138","2","62951172","-0.0969","0.7831","C"
"4","Trait5","FASTmrMLM","PstI.TP932636","2","62958734","-0.1999","1.4232","G"
"4","Trait5","FASTmrMLM","PstI.TP1008178","2","62960839","-0.0732","0.8636","A"
"4","Trait5","FASTmrMLM","PstI.TP465347","2","62972071","1.7281e-06","4e-04","C"
"4","Trait5","FASTmrMLM","PstI.TP465335","2","62972110","-0.2572","1.2855","C"
"4","Trait5","FASTmrMLM","PstI.TP470589","2","62972115","1.5459e-05","0.0034","G"
"4","Trait5","FASTmrMLM","PstI.TP750514","2","62972310","9.8461e-06","0.0021","C"
"4","Trait5","FASTmrMLM","PstI.TP1163880","2","62981202","-0.0898","0.6054","C"
"4","Trait5","FASTmrMLM","NsiI.TP189008","2","63014257","1.4172e-06","3e-04","A"
"4","Trait5","FASTmrMLM","PstI.TP214994","2","63068949","-6.1916e-06","0.0013","C"
"4","Trait5","FASTmrMLM","PstI.TP477486","2","63077632","7.52e-06","0.0016","C"
"4","Trait5","FASTmrMLM","NsiI.TP210176","2","63098520","1.1268e-05","0.0025","A"
"4","Trait5","FASTmrMLM","PstI.TP651782","2","63115676","-9.2089e-06","0.002","C"
"4","Trait5","FASTmrMLM","NsiI.TP758664","2","63124598","-0.1184","0.7609","C"
"4","Trait5","FASTmrMLM","NsiI.TP545563","2","63124650","-2.7945e-06","6e-04","G"
"4","Trait5","FASTmrMLM","NsiI.TP274692","2","63139646","-1.6697e-05","0.0036","C"
"4","Trait5","FASTmrMLM","PstI.TP301756","2","63147071","-2.8072e-06","6e-04","A"
"4","Trait5","FASTmrMLM","NsiI.TP153717","2","63150273","-0.2342","2.2019","C"
"4","Trait5","FASTmrMLM","PstI.TP873482","2","63150410","-2.1653e-05","0.0047","G"
"4","Trait5","FASTmrMLM","PstI.TP744225","2","63151267","1.3422e-05","0.0029","C"
"4","Trait5","FASTmrMLM","PstI.TP454285","2","63153549","0.3397","2.4367","A"
"4","Trait5","FASTmrMLM","PstI.TP460957","2","63153566","1.9846e-05","0.0043","A"
"4","Trait5","FASTmrMLM","NsiI.TP824078","2","63156723","7.7924e-05","0.0096","A"
"4","Trait5","FASTmrMLM","PstI.TP1066894","2","63156865","0.1394","1.0949","A"
"4","Trait5","FASTmrMLM","NsiI.TP415925","2","63174632","-1.0078e-05","0.0022","C"
"4","Trait5","FASTmrMLM","PstI.TP903912","2","63218438","-0.0659","0.3976","A"
"4","Trait5","FASTmrMLM","PstI.TP696515","2","63219644","-6.0009e-06","0.0013","C"
"4","Trait5","FASTmrMLM","NsiI.TP506374","2","63219829","3.3329e-05","0.0073","C"
"4","Trait5","FASTmrMLM","NsiI.TP506375","2","63219863","4.0831e-05","0.009","G"
"4","Trait5","FASTmrMLM","PstI.TP181967","2","63225229","-1.8857e-05","0.0041","A"
"4","Trait5","FASTmrMLM","GFSSContig20140_1961","2","63225419","3.7285e-05","0.0082","C"
"4","Trait5","FASTmrMLM","PstI.TP1143527","2","63225703","-3.6145e-06","8e-04","C"
"4","Trait5","FASTmrMLM","NsiI.TP236891","2","63252350","-0.0905","0.4432","A"
"4","Trait5","FASTmrMLM","PstI.TP665885","2","63263725","0.1952","1.366","G"
"4","Trait5","FASTmrMLM","NsiI.TP512453","2","63293916","2e-04","0.0123","A"
"4","Trait5","FASTmrMLM","PstI.TP418882","2","63294374","-0.0382","0.2425","A"
"4","Trait5","FASTmrMLM","PstI.TP197766","2","63307829","-0.0214","0.2324","C"
"4","Trait5","FASTmrMLM","PstI.TP1217033","2","63330699","-1.0443e-05","0.0023","A"
"4","Trait5","FASTmrMLM","PstI.TP25138","2","63331179","-4.2625e-06","9e-04","A"
"4","Trait5","FASTmrMLM","PstI.TP828177","2","63340448","-1.6231e-05","0.0035","C"
"4","Trait5","FASTmrMLM","PstI.TP1100764","2","63346042","-0.1327","1.8528","A"
"4","Trait5","FASTmrMLM","PstI.TP915623","2","63352609","-1.6028e-05","0.0035","A"
"4","Trait5","FASTmrMLM","NsiI.TP819990","2","63379830","-8.764e-06","0.0019","C"
"4","Trait5","FASTmrMLM","PstI.TP747312","2","63408848","1.1703e-05","0.0026","G"
"4","Trait5","FASTmrMLM","PstI.TP957550","2","63408981","-3.9734e-07","8.6507e-05","G"
"4","Trait5","FASTmrMLM","PstI.TP578565","2","63409175","0.1191","0.7871","A"
"4","Trait5","FASTmrMLM","NsiI.TP434529","2","63427340","-1.5634e-05","0.0034","A"
"4","Trait5","FASTmrMLM","PstI.TP821466","2","63495052","-0.1011","0.8401","C"
"4","Trait5","FASTmrMLM","PstI.TP1003114","2","63495122","-1.5738e-05","0.0034","C"
"4","Trait5","FASTmrMLM","NsiI.TP315522","2","63495356","-5.3522e-07","1e-04","C"
"4","Trait5","FASTmrMLM","NsiI.TP364999","2","63498766","0.0828","0.5501","A"
"4","Trait5","FASTmrMLM","PstI.TP1092483","2","63503448","-3.6474e-05","0.0065","A"
"4","Trait5","FASTmrMLM","PstI.TP18820","2","63515572","-0.0346","0.3193","C"
"4","Trait5","FASTmrMLM","NsiI.TP630636","2","63520018","2.0077e-05","0.0044","C"
"4","Trait5","FASTmrMLM","NsiI.TP510051","2","63529122","-3.0551e-06","7e-04","C"
"4","Trait5","FASTmrMLM","NsiI.TP243290","2","63529374","-2.0306e-05","0.0044","A"
"4","Trait5","FASTmrMLM","PstI.TP443783","2","63532872","-3.2877e-05","0.0072","A"
"4","Trait5","FASTmrMLM","NsiI.TP166775","2","63533748","-3.6479e-06","8e-04","A"
"4","Trait5","FASTmrMLM","PstI.TP214763","2","63534053","-3.7048e-06","8e-04","C"
"4","Trait5","FASTmrMLM","NsiI.TP42976","2","63536185","-9.5602e-06","0.0021","C"
"4","Trait5","FASTmrMLM","NsiI.TP679167","2","63536188","-1.5793e-05","0.0035","C"
"4","Trait5","FASTmrMLM","NsiI.TP476269","2","63537225","1.9083e-05","0.0042","C"
"4","Trait5","FASTmrMLM","PstI.TP742379","2","63540984","0.3791","1.8993","A"
"4","Trait5","FASTmrMLM","NsiI.TP592387","2","63543316","-0.1568","1.7101","A"
"4","Trait5","FASTmrMLM","NsiI.TP465879","2","63549697","-1e-04","0.0119","A"
"4","Trait5","FASTmrMLM","NsiI.TP525508","2","63549776","0.0453","0.6086","A"
"4","Trait5","FASTmrMLM","PstI.TP1021339","2","63565830","8.5687e-06","0.0019","C"
"4","Trait5","FASTmrMLM","NsiI.TP1992","2","63568102","9.0062e-06","0.002","A"
"4","Trait5","FASTmrMLM","PstI.TP957454","2","63568453","-9.1414e-06","0.002","G"
"4","Trait5","FASTmrMLM","PstI.TP1022383","2","63575726","-8.8975e-07","2e-04","C"
"4","Trait5","FASTmrMLM","PstI.TP33642","2","63632818","-3.2884e-05","0.0072","A"
"4","Trait5","FASTmrMLM","PstI.TP1069784","2","63643324","-0.2471","1.0411","A"
"4","Trait5","FASTmrMLM","PstI.TP210328","2","63643382","-6.0024e-06","0.0013","A"
"4","Trait5","FASTmrMLM","PstI.TP251932","2","63653245","-2.5108e-05","0.0055","G"
"4","Trait5","FASTmrMLM","PstI.TP1069781","2","63663252","-1.1131e-05","0.0024","C"
"4","Trait5","FASTmrMLM","NsiI.TP110823","2","63663518","0.0769","1.0644","A"
"4","Trait5","FASTmrMLM","PstI.TP944954","2","63670385","-1.506e-05","0.0033","A"
"4","Trait5","FASTmrMLM","PstI.TP982615","2","63682812","2.277e-05","0.005","C"
"4","Trait5","FASTmrMLM","PstI.TP173663","2","63685671","0.0885","0.5336","C"
"4","Trait5","FASTmrMLM","GFSSContig11619_923","2","63686436","0.0153","0.1567","T"
"4","Trait5","FASTmrMLM","NsiI.TP388428","2","63687309","-9.1065e-06","0.002","A"
"4","Trait5","FASTmrMLM","PstI.TP388433","2","63692898","-1.0564e-05","0.0023","A"
"4","Trait5","FASTmrMLM","PstI.TP449117","2","63692942","-0.0128","0.1801","A"
"4","Trait5","FASTmrMLM","PstI.TP349067","2","63692960","-0.204","1.403","C"
"4","Trait5","FASTmrMLM","PstI.TP62991","2","63693247","1.4211e-05","0.0031","C"
"4","Trait5","FASTmrMLM","PstI.TP825683","2","63726337","-0.3499","1.1736","G"
"4","Trait5","FASTmrMLM","PstI.TP1025950","2","63727163","-5.7946e-06","0.0013","C"
"4","Trait5","FASTmrMLM","NsiI.TP401027","2","63727211","8.1142e-06","0.0018","A"
"4","Trait5","FASTmrMLM","PstI.TP62977","2","63730349","1.2947e-05","0.0028","C"
"4","Trait5","FASTmrMLM","NsiI.TP313019","2","63730600","0.0377","0.3874","C"
"4","Trait5","FASTmrMLM","NsiI.TP264007","2","63732145","-3.142e-05","0.0044","A"
"4","Trait5","FASTmrMLM","NsiI.TP571832","2","63804104","0.0761","0.8413","G"
"4","Trait5","FASTmrMLM","PstI.TP412743","2","63812090","-3.5126e-05","0.0077","C"
"4","Trait5","FASTmrMLM","NsiI.TP188919","2","63812102","2.681e-05","0.0059","A"
"4","Trait5","FASTmrMLM","NsiI.TP437484","2","63813676","2.7156e-05","0.006","A"
"4","Trait5","FASTmrMLM","NsiI.TP336031","2","63813920","-2.1506e-05","0.0047","C"
"4","Trait5","FASTmrMLM","PstI.TP528884","2","63869478","1.2012e-05","0.0026","C"
"4","Trait5","FASTmrMLM","PstI.TP228545","2","63881407","6.8734e-07","1e-04","C"
"4","Trait5","FASTmrMLM","PstI.TP164140","2","63905688","-0.0179","0.2225","A"
"4","Trait5","FASTmrMLM","PstI.TP1265761","2","63924188","-0.0808","0.9116","C"
"4","Trait5","FASTmrMLM","PstI.TP332893","2","63934460","-2.3027e-05","0.005","C"
"4","Trait5","FASTmrMLM","NsiI.TP378899","2","63934773","-5.1678e-06","0.0011","A"
"4","Trait5","FASTmrMLM","PstI.TP1201805","2","63964510","-1.5093e-06","3e-04","C"
"4","Trait5","FASTmrMLM","PstI.TP213479","2","63992469","0.1585","1.0528","C"
"4","Trait5","FASTmrMLM","PstI.TP680879","2","64067358","4.4377e-06","0.001","G"
"4","Trait5","FASTmrMLM","NsiI.TP358144","2","64072836","1.2185e-08","2.6521e-06","C"
"4","Trait5","FASTmrMLM","PstI.TP938598","2","64076779","-0.1716","1.085","G"
"4","Trait5","FASTmrMLM","NsiI.TP26790","2","64083150","-2.4767e-05","0.0054","A"
"4","Trait5","FASTmrMLM","PstI.TP602086","2","64120506","1.8037e-05","0.0039","G"
"4","Trait5","FASTmrMLM","PstI.TP1015830","2","64144907","-0.1826","0.6159","A"
"4","Trait5","FASTmrMLM","PstI.TP311369","2","64154564","-0.0687","0.3297","A"
"4","Trait5","FASTmrMLM","PstI.TP511920","2","64154632","-1.1844e-06","3e-04","A"
"4","Trait5","FASTmrMLM","PstI.TP692444","2","64173598","2.108e-06","5e-04","C"
"4","Trait5","FASTmrMLM","PstI.TP199067","2","64174213","-9.3155e-06","0.002","C"
"4","Trait5","FASTmrMLM","PstI.TP501670","2","64178029","8.1643e-06","0.0018","A"
"4","Trait5","FASTmrMLM","PstI.TP903376","2","64182104","0.1515","1.1405","A"
"4","Trait5","FASTmrMLM","NsiI.TP705530","2","64193242","0.2146","1.259","A"
"4","Trait5","FASTmrMLM","NsiI.TP762102","2","64194218","-0.0154","0.2046","C"
"4","Trait5","FASTmrMLM","PstI.TP1138813","2","64207351","-0.0384","0.3437","A"
"4","Trait5","FASTmrMLM","PstI.TP48914","2","64219114","-1.2845e-05","0.0028","A"
"4","Trait5","FASTmrMLM","PstI.TP944965","2","64230005","-2.0872e-05","0.0046","A"
"4","Trait5","FASTmrMLM","PstI.TP632828","2","64238905","1.6368e-05","0.0036","A"
"4","Trait5","FASTmrMLM","PstI.TP114021","2","64240526","3.3758e-06","7e-04","A"
"4","Trait5","FASTmrMLM","PstI.TP53492","2","64246149","-0.0677","0.2681","A"
"4","Trait5","FASTmrMLM","PstI.TP53494","2","64246189","1.202e-05","0.0026","A"
"4","Trait5","FASTmrMLM","PstI.TP1279693","2","64246805","1.3102e-05","0.0029","A"
"4","Trait5","FASTmrMLM","NsiI.TP206149","2","64247128","-8.3038e-06","0.0018","A"
"4","Trait5","FASTmrMLM","NsiI.TP622588","2","64257542","-2.8983e-05","0.0064","C"
"4","Trait5","FASTmrMLM","PstI.TP222154","2","64264460","-0.2129","0.727","G"
"4","Trait5","FASTmrMLM","PstI.TP268085","2","64265265","0.1734","0.8625","A"
"4","Trait5","FASTmrMLM","NsiI.TP59921","2","64266017","-0.0501","0.4345","A"
"4","Trait5","FASTmrMLM","NsiI.TP723158","2","64303365","-1.4275e-05","0.0031","A"
"4","Trait5","FASTmrMLM","PstI.TP385438","2","64341110","2.8016e-05","0.0061","A"
"4","Trait5","FASTmrMLM","PstI.TP49826","2","64341378","0.0471","0.2735","C"
"4","Trait5","FASTmrMLM","NsiI.TP399928","2","64359591","-1.3912e-05","0.003","G"
"4","Trait5","FASTmrMLM","NsiI.TP715698","2","64378315","1.9973e-05","0.0044","G"
"4","Trait5","FASTmrMLM","NsiI.TP435441","2","64379871","0.0489","0.5691","A"
"4","Trait5","FASTmrMLM","PstI.TP31812","2","64382762","0.169","1.0693","A"
"4","Trait5","FASTmrMLM","NsiI.TP126430","2","64382854","8.6825e-06","0.0019","A"
"4","Trait5","FASTmrMLM","PstI.TP486783","2","64391613","-9.9111e-06","0.0022","C"
"4","Trait5","FASTmrMLM","PstI.TP991232","2","64423119","-1.3525e-05","0.003","A"
"4","Trait5","FASTmrMLM","PstI.TP136266","2","64424937","-0.0186","0.1092","A"
"4","Trait5","FASTmrMLM","PstI.TP1213136","2","64427943","-0.0437","0.5032","A"
"4","Trait5","FASTmrMLM","NsiI.TP103938","2","64448359","-3.2813e-05","0.0072","G"
"4","Trait5","FASTmrMLM","NsiI.TP400737","2","64456259","1.2423e-06","3e-04","A"
"4","Trait5","FASTmrMLM","PstI.TP843176","2","64461491","1.1865e-05","0.0026","A"
"4","Trait5","FASTmrMLM","NsiI.TP36264","2","64464560","-2.261e-05","0.0049","C"
"4","Trait5","FASTmrMLM","PstI.TP65909","2","64466663","1.0497e-05","0.0023","C"
"4","Trait5","FASTmrMLM","PstI.TP1027360","2","64471256","-5.2743e-06","0.0011","A"
"4","Trait5","FASTmrMLM","PstI.TP1046232","2","64504186","-1.3864e-06","3e-04","A"
"4","Trait5","FASTmrMLM","PstI.TP1172157","2","64506673","0.1967","0.7952","C"
"4","Trait5","FASTmrMLM","PstI.TP1187368","2","64507096","1.1353e-05","0.0025","G"
"4","Trait5","FASTmrMLM","PstI.TP543346","2","64518197","-3.3059e-06","7e-04","C"
"4","Trait5","FASTmrMLM","NsiI.TP635811","2","64519837","8.1422e-06","0.0018","C"
"4","Trait5","FASTmrMLM","NsiI.TP596580","2","64526209","8.4738e-06","0.0018","C"
"4","Trait5","FASTmrMLM","PstI.TP830420","2","64526827","-8.3621e-05","0.0088","C"
"4","Trait5","FASTmrMLM","NsiI.TP624412","2","64546061","-0.0372","0.3291","C"
"4","Trait5","FASTmrMLM","NsiI.TP218394","2","64546093","1.3292e-05","0.0029","A"
"4","Trait5","FASTmrMLM","NsiI.TP431955","2","64564549","3.1832e-07","6.9282e-05","A"
"4","Trait5","FASTmrMLM","NsiI.TP434031","2","64564572","-0.0585","0.3282","A"
"4","Trait5","FASTmrMLM","PstI.TP764085","2","64577730","-5.345e-06","0.0012","A"
"4","Trait5","FASTmrMLM","PstI.TP1285666","2","64593899","8.0413e-06","0.0018","C"
"4","Trait5","FASTmrMLM","NsiI.TP795232","2","64626348","7.717e-06","0.0017","A"
"4","Trait5","FASTmrMLM","NsiI.TP797224","2","64672541","-8.0542e-06","0.0018","A"
"4","Trait5","FASTmrMLM","PstI.TP838455","2","64681502","-0.0166","0.2406","A"
"4","Trait5","FASTmrMLM","PstI.TP793328","2","64714606","-6.9129e-06","0.0015","C"
"4","Trait5","FASTmrMLM","NsiI.TP212769","2","64735173","-0.0755","0.5832","A"
"4","Trait5","FASTmrMLM","PstI.TP1114725","2","64759859","0.0301","0.1999","G"
"4","Trait5","FASTmrMLM","PstI.TP9341","2","64801185","1.6014e-06","3e-04","A"
"4","Trait5","FASTmrMLM","NsiI.TP10006","2","64838541","0.0356","0.4448","C"
"4","Trait5","FASTmrMLM","PstI.TP150789","2","64840814","-0.1799","1.5229","A"
"4","Trait5","FASTmrMLM","PstI.TP1087230","2","64864287","-1.5658e-05","0.0034","C"
"4","Trait5","FASTmrMLM","NsiI.TP411635","2","64873186","0.0136","0.1119","C"
"4","Trait5","FASTmrMLM","PstI.TP287478","2","64900404","-0.036","0.3952","A"
"4","Trait5","FASTmrMLM","PstI.TP143146","2","64924253","0.0222","0.1853","A"
"4","Trait5","FASTmrMLM","NsiI.TP197880","2","64925797","2.005e-05","0.0044","A"
"4","Trait5","FASTmrMLM","PstI.TP258152","2","64939805","-0.1038","0.9332","A"
"4","Trait5","FASTmrMLM","NsiI.TP124988","2","64952087","7.8736e-06","0.0017","G"
"4","Trait5","FASTmrMLM","NsiI.TP742769","2","64965783","1.2667e-05","0.0028","C"
"4","Trait5","FASTmrMLM","NsiI.TP679514","2","65029064","3.2133e-05","0.0071","A"
"4","Trait5","FASTmrMLM","PstI.TP384804","2","65029446","-0.1435","1.8493","C"
"4","Trait5","FASTmrMLM","PstI.TP75674","2","65030494","-2.0791e-06","5e-04","C"
"4","Trait5","FASTmrMLM","NsiI.TP313981","2","65045194","-1.1087e-06","2e-04","C"
"4","Trait5","FASTmrMLM","PstI.TP662545","2","65075286","1.4217e-05","0.0031","G"
"4","Trait5","FASTmrMLM","NsiI.TP485134","2","65083528","8.3233e-06","0.0018","C"
"4","Trait5","FASTmrMLM","PstI.TP67765","2","65087402","2.7416e-05","0.006","A"
"4","Trait5","FASTmrMLM","NsiI.TP11618","2","65089549","-2.3222e-06","5e-04","C"
"4","Trait5","FASTmrMLM","NsiI.TP409721","2","65096533","-1.5652e-07","3.4063e-05","A"
"4","Trait5","FASTmrMLM","PstI.TP269118","2","65111541","3.325e-05","0.0073","A"
"4","Trait5","FASTmrMLM","PstI.TP688032","2","65120135","-9.9821e-06","0.0022","A"
"4","Trait5","FASTmrMLM","PstI.TP687337","2","65120143","3.9453e-06","9e-04","A"
"4","Trait5","FASTmrMLM","PstI.TP482751","2","65127319","2.6127e-05","0.0057","A"
"4","Trait5","FASTmrMLM","NsiI.TP245312","2","65127626","-1.4051e-05","0.0031","G"
"4","Trait5","FASTmrMLM","PstI.TP203172","2","65178529","6.5154e-06","0.0014","C"
"4","Trait5","FASTmrMLM","PstI.TP1096753","2","65202956","0.1425","1.1925","A"
"4","Trait5","FASTmrMLM","PstI.TP841003","2","65203283","2.6493e-05","0.0058","A"
"4","Trait5","FASTmrMLM","PstI.TP245075","2","65206067","0.0769","0.5436","A"
"4","Trait5","FASTmrMLM","NsiI.TP616806","2","65206179","0.0255","0.1924","C"
"4","Trait5","FASTmrMLM","NsiI.TP827848","2","65213568","1.1677e-05","0.0025","A"
"4","Trait5","FASTmrMLM","PstI.TP1048151","2","65222646","-0.0353","0.2349","A"
"4","Trait5","FASTmrMLM","PstI.TP848799","2","65227208","-1.478e-05","0.0032","A"
"4","Trait5","FASTmrMLM","NsiI.TP670716","2","65249451","0.185","1.1709","C"
"4","Trait5","FASTmrMLM","PstI.TP212672","2","65281161","4.787e-06","0.001","C"
"4","Trait5","FASTmrMLM","NsiI.TP43444","2","65281519","0.0277","0.1984","A"
"4","Trait5","FASTmrMLM","PstI.TP142572","2","65284355","8.051e-07","2e-04","A"
"4","Trait5","FASTmrMLM","PstI.TP596454","2","65323968","-2.6378e-06","6e-04","C"
"4","Trait5","FASTmrMLM","PstI.TP803926","2","65327202","0.1494","0.95","A"
"4","Trait5","FASTmrMLM","PstI.TP293151","2","65329772","-1.0168e-05","0.0022","A"
"4","Trait5","FASTmrMLM","NsiI.TP432637","2","65336133","-0.0499","0.6033","A"
"4","Trait5","FASTmrMLM","NsiI.TP286823","2","65354249","1.4487e-05","0.0032","C"
"4","Trait5","FASTmrMLM","NsiI.TP588396","2","65356142","9.6066e-06","0.0021","A"
"4","Trait5","FASTmrMLM","NsiI.TP417144","2","65360114","-1.9929e-05","0.0044","C"
"4","Trait5","FASTmrMLM","NsiI.TP437492","2","65360815","6.8086e-06","0.0015","A"
"4","Trait5","FASTmrMLM","NsiI.TP509444","2","65366375","-5.5368e-06","0.0012","A"
"4","Trait5","FASTmrMLM","NsiI.TP335209","2","65367884","9.9801e-06","0.0022","A"
"4","Trait5","FASTmrMLM","NsiI.TP588393","2","65367960","-3.2568e-06","7e-04","A"
"4","Trait5","FASTmrMLM","NsiI.TP563232","2","65378339","0.0188","0.1619","A"
"4","Trait5","FASTmrMLM","PstI.TP106244","2","65381904","-1.2672e-05","0.0028","A"
"4","Trait5","FASTmrMLM","NsiI.TP411820","2","65384810","2.7041e-05","0.0056","C"
"4","Trait5","FASTmrMLM","PstI.TP929174","2","65390153","4.3011e-05","0.0095","G"
"4","Trait5","FASTmrMLM","PstI.TP550208","2","65391016","-0.0702","0.5077","A"
"4","Trait5","FASTmrMLM","PstI.TP1096805","2","65392728","3.7092e-06","8e-04","A"
"4","Trait5","FASTmrMLM","NsiI.TP593870","2","65398623","6.2171e-06","0.0014","A"
"4","Trait5","FASTmrMLM","NsiI.TP555118","2","65424457","2.898e-05","0.0064","A"
"4","Trait5","FASTmrMLM","NsiI.TP668518","2","65450703","0.014","0.1622","C"
"4","Trait5","FASTmrMLM","NsiI.TP674760","2","65460909","9.752e-06","0.0021","A"
"4","Trait5","FASTmrMLM","PstI.TP1080742","2","65475272","-3.664e-06","8e-04","A"
"4","Trait5","FASTmrMLM","PstI.TP873911","2","65476325","1.153e-05","0.0025","A"
"4","Trait5","FASTmrMLM","NsiI.TP596241","2","65479458","1.0475e-05","0.0023","C"
"4","Trait5","FASTmrMLM","PstI.TP264545","2","65486230","0.0475","0.5161","A"
"4","Trait5","FASTmrMLM","PstI.TP364783","2","65488173","-6.8367e-06","0.0015","A"
"4","Trait5","FASTmrMLM","NsiI.TP394681","2","65531276","8.9784e-07","2e-04","A"
"4","Trait5","FASTmrMLM","PstI.TP315378","2","65531306","-3e-04","0.016","A"
"4","Trait5","FASTmrMLM","PstI.TP315509","2","65531314","1.312e-05","0.0029","A"
"4","Trait5","FASTmrMLM","NsiI.TP510662","2","65563827","1.6232e-05","0.0035","C"
"4","Trait5","FASTmrMLM","NsiI.TP81903","2","65571458","-9.0727e-06","0.002","C"
"4","Trait5","FASTmrMLM","PstI.TP909443","2","65572055","-0.0168","0.2279","G"
"4","Trait5","FASTmrMLM","PstI.TP1022511","2","65574264","0.0818","0.5861","C"
"4","Trait5","FASTmrMLM","NsiI.TP532922","2","65588258","-2.6566e-05","0.0058","A"
"4","Trait5","FASTmrMLM","NsiI.TP557474","2","65588261","2.3616e-05","0.0052","A"
"4","Trait5","FASTmrMLM","PstI.TP529734","2","65604246","1.1125e-05","0.0024","C"
"4","Trait5","FASTmrMLM","NsiI.TP243894","2","65614474","-6.612e-06","0.0014","C"
"4","Trait5","FASTmrMLM","NsiI.TP411101","2","65617128","-4e-04","0.0169","C"
"4","Trait5","FASTmrMLM","NsiI.TP406740","2","65617702","-1.6206e-05","0.0035","A"
"4","Trait5","FASTmrMLM","NsiI.TP406742","2","65617730","0.1405","0.998","C"
"4","Trait5","FASTmrMLM","PstI.TP636397","2","65617813","0.0837","0.6462","A"
"4","Trait5","FASTmrMLM","PstI.TP327234","2","65636263","-0.0295","0.2173","G"
"4","Trait5","FASTmrMLM","PstI.TP1201147","2","65649739","-0.0254","0.2325","C"
"4","Trait5","FASTmrMLM","PstI.TP393591","2","65650487","-1.362e-06","3e-04","A"
"4","Trait5","FASTmrMLM","PstI.TP767430","2","65651169","1.2333e-05","0.0027","A"
"4","Trait5","FASTmrMLM","PstI.TP1010215","2","65658184","2.0954e-05","0.0046","C"
"4","Trait5","FASTmrMLM","PstI.TP682301","2","65662699","1.0962e-06","2e-04","A"
"4","Trait5","FASTmrMLM","GFSSContig18367_562","2","65667566","0.0634","0.2968","T"
"4","Trait5","FASTmrMLM","PstI.TP789863","2","65670320","0.2201","0.9696","A"
"4","Trait5","FASTmrMLM","PstI.TP138117","2","65682250","1.768e-05","0.0039","A"
"4","Trait5","FASTmrMLM","NsiI.TP260920","2","65684606","0.1203","0.7714","A"
"4","Trait5","FASTmrMLM","NsiI.TP489879","2","65709062","2.706e-05","0.0059","C"
"4","Trait5","FASTmrMLM","NsiI.TP534928","2","65715103","-0.0307","0.3344","C"
"4","Trait5","FASTmrMLM","PstI.TP552084","2","65715849","0.0192","0.2238","A"
"4","Trait5","FASTmrMLM","PstI.TP269244","2","65718488","0.2853","1.3006","G"
"4","Trait5","FASTmrMLM","NsiI.TP484870","2","65718574","3.3322e-05","0.0073","A"
"4","Trait5","FASTmrMLM","PstI.TP849699","2","65719233","-0.0544","0.5047","A"
"4","Trait5","FASTmrMLM","PstI.TP548326","2","65728112","-0.0436","0.3527","C"
"4","Trait5","FASTmrMLM","NsiI.TP400850","2","65731215","2.9444e-05","0.0065","A"
"4","Trait5","FASTmrMLM","PstI.TP1048016","2","65756715","-4.9209e-06","0.0011","C"
"4","Trait5","FASTmrMLM","PstI.TP573905","2","65757565","-2.1341e-05","0.0047","A"
"4","Trait5","FASTmrMLM","PstI.TP710730","2","65757843","-2e-04","0.011","C"
"4","Trait5","FASTmrMLM","PstI.TP1114443","2","65763281","-1.0515e-05","0.0023","A"
"4","Trait5","FASTmrMLM","NsiI.TP793884","2","65782279","1.0277e-05","0.0022","C"
"4","Trait5","FASTmrMLM","GFSSContig20332_1836","2","65785646","0.1555","0.9188","A"
"4","Trait5","FASTmrMLM","GFSSContig19618_2015","2","65785768","1.9789e-05","0.0043","A"
"4","Trait5","FASTmrMLM","NsiI.TP550916","2","65807314","-2.235e-05","0.0049","C"
"4","Trait5","FASTmrMLM","PstI.TP569150","2","65819445","-2.0402e-05","0.0045","A"
"4","Trait5","FASTmrMLM","PstI.TP889642","2","65820815","-5.6717e-06","0.0012","C"
"4","Trait5","FASTmrMLM","NsiI.TP315024","2","65833623","0.034","0.2614","A"
"4","Trait5","FASTmrMLM","NsiI.TP30781","2","65845684","1.3377e-05","0.0029","A"
"4","Trait5","FASTmrMLM","NsiI.TP36396","2","65918717","-4.2986e-06","9e-04","A"
"4","Trait5","FASTmrMLM","PstI.TP772632","2","65920887","5.4729e-06","0.0012","A"
"4","Trait5","FASTmrMLM","PstI.TP316167","2","65920981","-0.1819","1.5179","C"
"4","Trait5","FASTmrMLM","PstI.TP863254","2","65930452","-0.1213","0.5728","G"
"4","Trait5","FASTmrMLM","PstI.TP1212867","2","65932428","0.053","0.4514","C"
"4","Trait5","FASTmrMLM","NsiI.TP741991","2","65962511","-0.2135","2.2483","C"
"4","Trait5","FASTmrMLM","NsiI.TP204910","2","65965770","0.1323","0.6686","G"
"4","Trait5","FASTmrMLM","NsiI.TP204911","2","65965773","-2.4933e-05","0.0055","C"
"4","Trait5","FASTmrMLM","PstI.TP217528","2","65973956","0.0246","0.3397","A"
"4","Trait5","FASTmrMLM","PstI.TP796064","2","65982048","-1.0635e-05","0.0023","A"
"4","Trait5","FASTmrMLM","PstI.TP1164194","2","65989872","-1.3177e-05","0.0029","A"
"4","Trait5","FASTmrMLM","PstI.TP1250919","2","66001645","-0.0946","0.7847","A"
"4","Trait5","FASTmrMLM","PstI.TP1008678","2","66011517","-7.8088e-06","0.0017","A"
"4","Trait5","FASTmrMLM","PstI.TP132033","2","66024864","9.3264e-06","0.002","C"
"4","Trait5","FASTmrMLM","GFSSContig16759_1172","2","66025133","-2.0903e-05","0.0046","T"
"4","Trait5","FASTmrMLM","PstI.TP665640","2","66034973","-3.6543e-06","8e-04","A"
"4","Trait5","FASTmrMLM","PstI.TP585255","2","66036132","1.115e-05","0.0024","C"
"4","Trait5","FASTmrMLM","PstI.TP585251","2","66036168","9.5276e-06","0.0021","A"
"4","Trait5","FASTmrMLM","NsiI.TP429738","2","66036431","-0.04","0.3775","A"
"4","Trait5","FASTmrMLM","PstI.TP448270","2","66044722","9.6025e-06","0.0021","C"
"4","Trait5","FASTmrMLM","NsiI.TP583360","2","66047191","-7.2037e-05","0.0085","C"
"4","Trait5","FASTmrMLM","PstI.TP832588","2","66061550","-5.6407e-06","0.0012","C"
"4","Trait5","FASTmrMLM","PstI.TP1177162","2","66066858","6.5831e-06","0.0014","A"
"4","Trait5","FASTmrMLM","NsiI.TP494594","2","66071640","9.6879e-06","0.0021","G"
"4","Trait5","FASTmrMLM","NsiI.TP494593","2","66071660","-2.3683e-05","0.0052","G"
"4","Trait5","FASTmrMLM","PstI.TP1162111","2","66075578","0.0378","0.3067","A"
"4","Trait5","FASTmrMLM","NsiI.TP366067","2","66089943","-1.5996e-05","0.0035","G"
"4","Trait5","FASTmrMLM","PstI.TP1268778","2","66105203","0.0292","0.2065","A"
"4","Trait5","FASTmrMLM","PstI.TP451316","2","66105214","-2.2323e-05","0.0049","C"
"4","Trait5","FASTmrMLM","NsiI.TP60744","2","66109409","2.9334e-05","0.0058","A"
"4","Trait5","FASTmrMLM","PstI.TP688814","2","66114697","0.1226","1.7622","A"
"4","Trait5","FASTmrMLM","PstI.TP805469","2","66116319","-0.1224","0.6236","C"
"4","Trait5","FASTmrMLM","PstI.TP56299","2","66116392","0.0538","0.4","A"
"4","Trait5","FASTmrMLM","PstI.TP302641","2","66124238","-2.7322e-05","0.006","A"
"4","Trait5","FASTmrMLM","NsiI.TP566758","2","66134979","-1.1704e-05","0.0026","A"
"4","Trait5","FASTmrMLM","PstI.TP678292","2","66137737","8.8621e-06","0.0019","C"
"4","Trait5","FASTmrMLM","PstI.TP670751","2","66139115","1.0467e-05","0.0023","C"
"4","Trait5","FASTmrMLM","PstI.TP155374","2","66143391","-3.9153e-06","9e-04","A"
"4","Trait5","FASTmrMLM","PstI.TP1062801","2","66168895","-6.377e-06","0.0014","C"
"4","Trait5","FASTmrMLM","PstI.TP269065","2","66188061","-1.6226e-05","0.0035","A"
"4","Trait5","FASTmrMLM","PstI.TP976293","2","66188757","-2.384e-06","5e-04","A"
"4","Trait5","FASTmrMLM","NsiI.TP409084","2","66252897","-5.2325e-06","0.0011","A"
"4","Trait5","FASTmrMLM","PstI.TP304872","2","66253164","0.0213","0.253","A"
"4","Trait5","FASTmrMLM","NsiI.TP183285","2","66272815","0.184","1.0166","A"
"4","Trait5","FASTmrMLM","NsiI.TP176440","2","66284969","0.0347","0.2757","G"
"4","Trait5","FASTmrMLM","PstI.TP139937","2","66298184","0.1232","1.9111","C"
"4","Trait5","FASTmrMLM","PstI.TP277119","2","66298262","2e-04","0.0132","A"
"4","Trait5","FASTmrMLM","PstI.TP277120","2","66298305","-5.9345e-07","1e-04","A"
"4","Trait5","FASTmrMLM","PstI.TP1117601","2","66314926","-1.2186e-05","0.0027","C"
"4","Trait5","FASTmrMLM","PstI.TP1028185","2","66319586","-4.0883e-05","0.009","G"
"4","Trait5","FASTmrMLM","PstI.TP208292","2","66325675","-1.7556e-05","0.0038","A"
"4","Trait5","FASTmrMLM","PstI.TP1135284","2","66334242","-2.7798e-05","0.0061","A"
"4","Trait5","FASTmrMLM","PstI.TP772685","2","66338128","9.6085e-06","0.0021","G"
"4","Trait5","FASTmrMLM","PstI.TP772684","2","66338149","-2.8912e-06","6e-04","A"
"4","Trait5","FASTmrMLM","PstI.TP1051210","2","66345717","-0.0496","0.4124","A"
"4","Trait5","FASTmrMLM","NsiI.TP237430","2","66374519","-9.9251e-06","0.0022","A"
"4","Trait5","FASTmrMLM","PstI.TP160192","2","66374866","1.0298e-05","0.0022","A"
"4","Trait5","FASTmrMLM","PstI.TP965828","2","66424423","-4.604e-05","0.0076","C"
"4","Trait5","FASTmrMLM","NsiI.TP305933","2","66473005","1.3928e-05","0.003","G"
"4","Trait5","FASTmrMLM","NsiI.TP279812","2","66497329","-1.8833e-05","0.0041","A"
"4","Trait5","FASTmrMLM","NsiI.TP203885","2","66511978","8.4713e-06","0.0018","A"
"4","Trait5","FASTmrMLM","NsiI.TP691599","2","66513990","-7.3263e-06","0.0016","A"
"4","Trait5","FASTmrMLM","PstI.TP800800","2","66545388","0.1784","1.4479","C"
"4","Trait5","FASTmrMLM","PstI.TP724455","2","66559519","3.5189e-05","0.0077","A"
"4","Trait5","FASTmrMLM","PstI.TP580905","2","66570918","-2.9445e-05","0.0065","A"
"4","Trait5","FASTmrMLM","NsiI.TP661532","2","66573691","-2.5016e-06","5e-04","C"
"4","Trait5","FASTmrMLM","NsiI.TP248367","2","66583258","-0.1258","0.777","C"
"4","Trait5","FASTmrMLM","NsiI.TP444892","2","66583539","-1.3841e-05","0.003","A"
"4","Trait5","FASTmrMLM","PstI.TP948986","2","66606743","2.5082e-05","0.0055","A"
"4","Trait5","FASTmrMLM","PstI.TP631813","2","66615764","9.7166e-06","0.0021","A"
"4","Trait5","FASTmrMLM","PstI.TP928628","2","66615911","1.1902e-05","0.0026","A"
"4","Trait5","FASTmrMLM","PstI.TP1175594","2","66624144","9.2218e-06","0.002","A"
"4","Trait5","FASTmrMLM","PstI.TP683583","2","66629362","-3.1149e-05","0.0068","G"
"4","Trait5","FASTmrMLM","PstI.TP279091","2","66629856","-0.0144","0.2023","C"
"4","Trait5","FASTmrMLM","PstI.TP290760","2","66629856","-0.0094","0.1935","C"
"4","Trait5","FASTmrMLM","PstI.TP774715","2","66630116","-1.6804e-07","3.6568e-05","A"
"4","Trait5","FASTmrMLM","NsiI.TP417329","2","66632931","2.0316e-05","0.0044","A"
"4","Trait5","FASTmrMLM","PstI.TP541236","2","66633277","1.7582e-05","0.0038","A"
"4","Trait5","FASTmrMLM","PstI.TP541274","2","66633323","-0.2677","0.7601","G"
"4","Trait5","FASTmrMLM","NsiI.TP803994","2","66633362","-2.1739e-05","0.0048","A"
"4","Trait5","FASTmrMLM","PstI.TP1140882","2","66633827","0.0803","0.7287","A"
"4","Trait5","FASTmrMLM","PstI.TP912333","2","66641452","2.9397e-05","0.0064","G"
"4","Trait5","FASTmrMLM","PstI.TP916617","2","66641704","-7.7128e-06","0.0017","A"
"4","Trait5","FASTmrMLM","PstI.TP686048","2","66644480","-8.551e-06","0.0019","A"
"4","Trait5","FASTmrMLM","PstI.TP1170287","2","66649970","-0.1027","1.2594","G"
"4","Trait5","FASTmrMLM","NsiI.TP741168","2","66652960","1.2021e-05","0.0026","A"
"4","Trait5","FASTmrMLM","NsiI.TP27574","2","66655212","1.4463e-05","0.0032","A"
"4","Trait5","FASTmrMLM","PstI.TP211077","2","66658872","0.1043","0.6241","A"
"4","Trait5","FASTmrMLM","NsiI.TP313543","2","66665393","6.6054e-06","0.0014","A"
"4","Trait5","FASTmrMLM","PstI.TP214149","2","66672122","-1.6835e-05","0.0037","C"
"4","Trait5","FASTmrMLM","NsiI.TP257125","2","66673374","2.5603e-05","0.0056","A"
"4","Trait5","FASTmrMLM","PstI.TP773869","2","66744137","-1.7761e-05","0.0039","A"
"4","Trait5","FASTmrMLM","PstI.TP35249","2","66802824","-2.2858e-05","0.005","C"
"4","Trait5","FASTmrMLM","GFSSContig19031_267","2","66811225","-3.2965e-05","0.0072","A"
"4","Trait5","FASTmrMLM","PstI.TP434461","2","66813498","-0.0771","0.8643","A"
"4","Trait5","FASTmrMLM","GFSSContig10862_580","2","66813911","1.8093e-05","0.004","A"
"4","Trait5","FASTmrMLM","NsiI.TP148747","2","66829935","0.0249","0.3309","C"
"4","Trait5","FASTmrMLM","NsiI.TP412669","2","66830502","7.2109e-06","0.0016","A"
"4","Trait5","FASTmrMLM","NsiI.TP237306","2","66849495","7.8452e-06","0.0017","C"
"4","Trait5","FASTmrMLM","NsiI.TP169684","2","66900417","0.0606","0.769","A"
"4","Trait5","FASTmrMLM","NsiI.TP505754","2","66915519","-1.4165e-05","0.0031","C"
"4","Trait5","FASTmrMLM","PstI.TP1168506","2","66930815","-3.4458e-06","8e-04","A"
"4","Trait5","FASTmrMLM","NsiI.TP164577","2","66970277","2.4202e-05","0.0053","A"
"4","Trait5","FASTmrMLM","NsiI.TP125999","2","66980191","9.1304e-06","0.002","A"
"4","Trait5","FASTmrMLM","NsiI.TP695317","2","66984343","1.9041e-05","0.0042","C"
"4","Trait5","FASTmrMLM","NsiI.TP695008","2","66984378","-0.0768","0.4922","A"
"4","Trait5","FASTmrMLM","PstI.TP139319","2","66985593","-3.4806e-06","8e-04","C"
"4","Trait5","FASTmrMLM","PstI.TP512588","2","66988960","6.0548e-06","0.0013","C"
"4","Trait5","FASTmrMLM","PstI.TP1186389","2","67000117","-4.6129e-06","0.001","A"
"4","Trait5","FASTmrMLM","PstI.TP1186392","2","67000148","-7.876e-06","0.0017","A"
"4","Trait5","FASTmrMLM","NsiI.TP707888","2","67002829","-1.3251e-07","2.8837e-05","C"
"4","Trait5","FASTmrMLM","NsiI.TP39438","2","67004686","1.1529e-05","0.0025","A"
"4","Trait5","FASTmrMLM","PstI.TP650798","2","67010862","0.1255","1.4972","C"
"4","Trait5","FASTmrMLM","PstI.TP489940","2","67010937","1.2653e-05","0.0028","C"
"4","Trait5","FASTmrMLM","NsiI.TP352560","2","67013461","-2.3769e-05","0.0052","C"
"4","Trait5","FASTmrMLM","NsiI.TP661673","2","67033504","-1.3867e-05","0.003","A"
"4","Trait5","FASTmrMLM","NsiI.TP25038","2","67058328","-0.1997","0.8125","A"
"4","Trait5","FASTmrMLM","NsiI.TP434686","2","67063061","-7.436e-06","0.0016","G"
"4","Trait5","FASTmrMLM","PstI.TP977916","2","67063264","-1.6029e-06","3e-04","A"
"4","Trait5","FASTmrMLM","NsiI.TP449316","2","67107178","-8.0051e-06","0.0017","A"
"4","Trait5","FASTmrMLM","PstI.TP1282105","2","67119674","1.9009e-05","0.0042","C"
"4","Trait5","FASTmrMLM","PstI.TP925971","2","67121384","-1.1266e-05","0.0025","C"
"4","Trait5","FASTmrMLM","PstI.TP538405","2","67140566","-8.1503e-06","0.0018","C"
"4","Trait5","FASTmrMLM","PstI.TP1187163","2","67152220","2.3009e-05","0.005","C"
"4","Trait5","FASTmrMLM","PstI.TP1179676","2","67153277","7.8844e-06","0.0017","A"
"4","Trait5","FASTmrMLM","PstI.TP38946","2","67175662","-0.2324","1.0007","A"
"4","Trait5","FASTmrMLM","PstI.TP1099442","2","67195902","-3.815e-06","8e-04","C"
"4","Trait5","FASTmrMLM","NsiI.TP717168","2","67196094","2.5601e-06","6e-04","C"
"4","Trait5","FASTmrMLM","PstI.TP209642","2","67215455","0.1563","0.7521","C"
"4","Trait5","FASTmrMLM","PstI.TP96355","2","67215476","2.5977e-07","5.6533e-05","C"
"4","Trait5","FASTmrMLM","PstI.TP323167","2","67215535","0.0186","0.1253","C"
"4","Trait5","FASTmrMLM","PstI.TP324907","2","67222605","8.0042e-06","0.0017","A"
"4","Trait5","FASTmrMLM","PstI.TP1186476","2","67229094","-5.9177e-06","0.0013","C"
"4","Trait5","FASTmrMLM","PstI.TP1016823","2","67273075","-4.3528e-05","0.0096","C"
"4","Trait5","FASTmrMLM","PstI.TP160109","2","67274463","8.482e-06","0.0018","C"
"4","Trait5","FASTmrMLM","PstI.TP1227117","2","67279217","-2.7273e-05","0.006","A"
"4","Trait5","FASTmrMLM","NsiI.TP578929","2","67287408","-1.7925e-05","0.0039","A"
"4","Trait5","FASTmrMLM","PstI.TP438722","2","67288454","4.0827e-06","9e-04","A"
"4","Trait5","FASTmrMLM","PstI.TP1123659","2","67288484","-0.0428","0.3192","C"
"4","Trait5","FASTmrMLM","PstI.TP418451","2","67296949","-1.3317e-05","0.0029","A"
"4","Trait5","FASTmrMLM","PstI.TP1231564","2","67297003","2.556e-05","0.0056","A"
"4","Trait5","FASTmrMLM","NsiI.TP35357","2","67311248","2.8978e-06","6e-04","C"
"4","Trait5","FASTmrMLM","NsiI.TP757789","2","67334730","1.0278e-05","0.0022","C"
"4","Trait5","FASTmrMLM","PstI.TP152556","2","67340962","-0.1168","0.429","A"
"4","Trait5","FASTmrMLM","PstI.TP1230363","2","67341370","-0.2181","1.2689","A"
"4","Trait5","FASTmrMLM","PstI.TP967280","2","67346302","-1.7242e-05","0.0038","C"
"4","Trait5","FASTmrMLM","PstI.TP57930","2","67346618","-2.6418e-05","0.0058","C"
"4","Trait5","FASTmrMLM","PstI.TP1215048","2","67348111","-0.0347","0.2529","A"
"4","Trait5","FASTmrMLM","NsiI.TP751924","2","67349192","-0.0069","0.1455","A"
"4","Trait5","FASTmrMLM","PstI.TP223415","2","67353385","-0.0414","0.2922","A"
"4","Trait5","FASTmrMLM","NsiI.TP344801","2","67361097","0.0474","0.4084","C"
"4","Trait5","FASTmrMLM","PstI.TP282604","2","67364848","-5.6071e-06","0.0012","A"
"4","Trait5","FASTmrMLM","NsiI.TP740457","2","67389846","7.4599e-06","0.0016","C"
"4","Trait5","FASTmrMLM","NsiI.TP782473","2","67395458","-9.0205e-07","2e-04","A"
"4","Trait5","FASTmrMLM","NsiI.TP242810","2","67395983","-6.6348e-06","0.0014","A"
"4","Trait5","FASTmrMLM","PstI.TP697442","2","67420496","-9.8472e-06","0.0021","A"
"4","Trait5","FASTmrMLM","NsiI.TP45545","2","67426599","-1.8625e-05","0.0041","C"
"4","Trait5","FASTmrMLM","PstI.TP1020517","2","67480548","6.5703e-06","0.0014","C"
"4","Trait5","FASTmrMLM","PstI.TP697441","2","67488263","-9.9177e-06","0.0022","A"
"4","Trait5","FASTmrMLM","NsiI.TP421645","2","67548745","9.8747e-06","0.0022","C"
"4","Trait5","FASTmrMLM","NsiI.TP597142","2","67557878","-4.7068e-06","0.001","A"
"4","Trait5","FASTmrMLM","NsiI.TP811656","2","67574094","-0.0768","0.3283","A"
"4","Trait5","FASTmrMLM","PstI.TP735902","2","67576566","-2.6019e-05","0.0057","C"
"4","Trait5","FASTmrMLM","NsiI.TP535451","2","67583538","-1.2188e-05","0.0027","C"
"4","Trait5","FASTmrMLM","PstI.TP270399","2","67586193","-1.9179e-05","0.0042","A"
"4","Trait5","FASTmrMLM","PstI.TP832042","2","67594237","3.3005e-07","7.183e-05","A"
"4","Trait5","FASTmrMLM","PstI.TP674426","2","67595892","-0.1924","1.1579","A"
"4","Trait5","FASTmrMLM","NsiI.TP117620","2","67631513","-1.3993e-05","0.0031","A"
"4","Trait5","FASTmrMLM","NsiI.TP328386","2","67659685","-2.2435e-05","0.0049","A"
"4","Trait5","FASTmrMLM","PstI.TP965617","2","67664721","1.4568e-05","0.0032","A"
"4","Trait5","FASTmrMLM","PstI.TP503632","2","67683883","-1.4805e-06","3e-04","G"
"4","Trait5","FASTmrMLM","PstI.TP862581","2","67699153","-0.0368","0.3734","A"
"4","Trait5","FASTmrMLM","PstI.TP1006464","2","67700769","1.0068e-05","0.0022","A"
"4","Trait5","FASTmrMLM","NsiI.TP613825","2","67706432","-3.6786e-05","0.0081","A"
"4","Trait5","FASTmrMLM","NsiI.TP316726","2","67706502","-0.186","0.9592","A"
"4","Trait5","FASTmrMLM","NsiI.TP213158","2","67720379","-0.1547","1.898","A"
"4","Trait5","FASTmrMLM","PstI.TP621010","2","67732843","-2.5145e-05","0.0053","C"
"4","Trait5","FASTmrMLM","PstI.TP1042982","2","67753919","0.019","0.1906","G"
"4","Trait5","FASTmrMLM","PstI.TP205881","2","67763930","9.1505e-06","0.002","C"
"4","Trait5","FASTmrMLM","PstI.TP1241127","2","67764066","0.1648","2.2017","G"
"4","Trait5","FASTmrMLM","NsiI.TP829822","2","67765317","-0.0538","0.5765","C"
"4","Trait5","FASTmrMLM","NsiI.TP375196","2","67765806","-0.0608","0.3041","A"
"4","Trait5","FASTmrMLM","PstI.TP539833","2","67766569","1.4786e-05","0.0032","A"
"4","Trait5","FASTmrMLM","NsiI.TP290587","2","67766572","1.4107e-05","0.0031","C"
"4","Trait5","FASTmrMLM","PstI.TP320850","2","67769408","-0.1423","1.7601","A"
"4","Trait5","FASTmrMLM","PstI.TP781835","2","67796926","3.121e-05","0.0068","A"
"4","Trait5","FASTmrMLM","PstI.TP804018","2","67814862","-0.0428","0.3364","C"
"4","Trait5","FASTmrMLM","PstI.TP1093731","2","67823974","0.1023","0.8949","C"
"4","Trait5","FASTmrMLM","PstI.TP537688","2","67833294","-1.4903e-05","0.0033","A"
"4","Trait5","FASTmrMLM","PstI.TP937496","2","67836820","1.3119e-06","3e-04","C"
"4","Trait5","FASTmrMLM","PstI.TP511713","2","67844447","1.8183e-05","0.004","A"
"4","Trait5","FASTmrMLM","PstI.TP731791","2","67846780","3.4827e-06","8e-04","A"
"4","Trait5","FASTmrMLM","NsiI.TP128497","2","67877915","9.094e-06","0.002","A"
"4","Trait5","FASTmrMLM","PstI.TP301846","2","67889412","-0.0023","0.0432","C"
"4","Trait5","FASTmrMLM","NsiI.TP396284","2","67890160","-2.7642e-07","6.0165e-05","A"
"4","Trait5","FASTmrMLM","NsiI.TP707927","2","67890709","-0.0826","1.1395","A"
"4","Trait5","FASTmrMLM","NsiI.TP18700","2","67895505","0.1064","0.3776","A"
"4","Trait5","FASTmrMLM","PstI.TP1238700","2","67899877","-1e-04","0.0087","C"
"4","Trait5","FASTmrMLM","PstI.TP1078440","2","67902035","0.086","0.5874","A"
"4","Trait5","FASTmrMLM","PstI.TP922393","2","67926136","-0.2298","1.5224","C"
"4","Trait5","FASTmrMLM","PstI.TP672776","2","67927952","0.112","0.4845","A"
"4","Trait5","FASTmrMLM","PstI.TP26764","2","67945480","-1.2165e-05","0.0027","A"
"4","Trait5","FASTmrMLM","PstI.TP1157209","2","67952515","-4.2915e-06","9e-04","A"
"4","Trait5","FASTmrMLM","GFSSContig17477_775","2","67954599","-8.7676e-06","0.0019","T"
"4","Trait5","FASTmrMLM","PstI.TP1272570","2","67960359","-1.4621e-06","3e-04","A"
"4","Trait5","FASTmrMLM","NsiI.TP315103","2","67963850","2.4592e-05","0.0054","C"
"4","Trait5","FASTmrMLM","PstI.TP767739","2","67985738","2.0655e-06","4e-04","A"
"4","Trait5","FASTmrMLM","PstI.TP969794","2","67990747","0.076","0.3195","G"
"4","Trait5","FASTmrMLM","PstI.TP1193570","2","68003060","-2.6472e-05","0.0058","A"
"4","Trait5","FASTmrMLM","PstI.TP963977","2","68012933","-3e-04","0.016","C"
"4","Trait5","FASTmrMLM","PstI.TP835013","2","68055073","2.7264e-05","0.006","A"
"4","Trait5","FASTmrMLM","PstI.TP750874","2","68062345","1e-04","0.0107","A"
"4","Trait5","FASTmrMLM","PstI.TP1151078","2","68069588","0.0428","0.3226","A"
"4","Trait5","FASTmrMLM","PstI.TP282991","2","68080536","-1.2214e-05","0.0027","A"
"4","Trait5","FASTmrMLM","NsiI.TP507550","2","68083311","-1.3673e-05","0.003","A"
"4","Trait5","FASTmrMLM","PstI.TP14631","2","68127880","3.2502e-05","0.0071","C"
"4","Trait5","FASTmrMLM","NsiI.TP551575","2","68146828","-1.1766e-05","0.0026","A"
"4","Trait5","FASTmrMLM","PstI.TP258963","2","68162387","-0.0331","0.1834","A"
"4","Trait5","FASTmrMLM","PstI.TP796611","2","68198347","-8.1245e-06","0.0018","A"
"4","Trait5","FASTmrMLM","NsiI.TP208425","2","68199092","6.217e-06","0.0014","G"
"4","Trait5","FASTmrMLM","NsiI.TP290165","2","68205802","0.1334","0.9876","A"
"4","Trait5","FASTmrMLM","NsiI.TP293336","2","68209303","0.1493","0.7964","C"
"4","Trait5","FASTmrMLM","NsiI.TP195995","2","68227771","-3.6094e-06","8e-04","C"
"4","Trait5","FASTmrMLM","PstI.TP68170","2","68230580","9.3099e-06","0.002","C"
"4","Trait5","FASTmrMLM","NsiI.TP414796","2","68231988","7.3794e-06","0.0016","G"
"4","Trait5","FASTmrMLM","PstI.TP1194387","2","68240707","0.1232","0.7807","A"
"4","Trait5","FASTmrMLM","NsiI.TP546513","2","68245421","-1.2181e-05","0.0027","A"
"4","Trait5","FASTmrMLM","PstI.TP301623","2","68256626","3.5184e-06","8e-04","C"
"4","Trait5","FASTmrMLM","PstI.TP73689","2","68257747","3.8214e-05","0.0084","C"
"4","Trait5","FASTmrMLM","PstI.TP166590","2","68259502","-4.3015e-06","9e-04","G"
"4","Trait5","FASTmrMLM","PstI.TP745383","2","68265224","1.0099e-05","0.0022","C"
"4","Trait5","FASTmrMLM","NsiI.TP367901","2","68272385","-7.6662e-07","2e-04","C"
"4","Trait5","FASTmrMLM","PstI.TP914756","2","68280991","-0.025","0.299","C"
"4","Trait5","FASTmrMLM","PstI.TP1191760","2","68304097","2.5728e-05","0.0056","A"
"4","Trait5","FASTmrMLM","NsiI.TP747943","2","68325910","-8.2129e-06","0.0018","C"
"4","Trait5","FASTmrMLM","NsiI.TP129506","2","68346945","0.2077","0.9327","A"
"4","Trait5","FASTmrMLM","PstI.TP936576","2","68359890","0.0339","0.4014","C"
"4","Trait5","FASTmrMLM","PstI.TP662387","2","68410567","-1.2838e-05","0.0028","G"
"4","Trait5","FASTmrMLM","PstI.TP396771","2","68414725","-1.6903e-05","0.0037","C"
"4","Trait5","FASTmrMLM","PstI.TP1097795","2","68477159","1.5728e-05","0.0034","C"
"4","Trait5","FASTmrMLM","NsiI.TP676260","2","68505176","-7.898e-07","2e-04","C"
"4","Trait5","FASTmrMLM","GFSSContig9726_926","2","68556864","1.2582e-06","3e-04","A"
"4","Trait5","FASTmrMLM","NsiI.TP41450","2","68574998","-1e-04","0.0103","A"
"4","Trait5","FASTmrMLM","NsiI.TP470514","2","68587414","3.7388e-06","8e-04","C"
"4","Trait5","FASTmrMLM","NsiI.TP210110","2","68596691","-0.0887","0.3642","C"
"4","Trait5","FASTmrMLM","NsiI.TP432109","2","68602175","4.7238e-06","0.001","C"
"4","Trait5","FASTmrMLM","NsiI.TP741057","2","68613626","-9.4878e-06","0.0021","A"
"4","Trait5","FASTmrMLM","PstI.TP948861","2","68614882","0.0195","0.2115","A"
"4","Trait5","FASTmrMLM","NsiI.TP495984","2","68615777","-0.0368","0.2357","C"
"4","Trait5","FASTmrMLM","PstI.TP920125","2","68619167","1.7263e-05","0.0038","A"
"4","Trait5","FASTmrMLM","NsiI.TP615647","2","68626980","-0.0517","0.7498","A"
"4","Trait5","FASTmrMLM","PstI.TP1022778","2","68642235","-0.0998","0.8269","A"
"4","Trait5","FASTmrMLM","GFSSContig18443_1437","2","68677177","-1.5405e-05","0.0034","A"
"4","Trait5","FASTmrMLM","PstI.TP241283","2","68685023","1.9398e-05","0.0042","C"
"4","Trait5","FASTmrMLM","PstI.TP1194765","2","68696824","1.2337e-05","0.0027","G"
"4","Trait5","FASTmrMLM","NsiI.TP208576","2","68701539","-1.2821e-05","0.0028","A"
"4","Trait5","FASTmrMLM","NsiI.TP411551","2","68720764","5.7234e-06","0.0012","G"
"4","Trait5","FASTmrMLM","NsiI.TP628730","2","68743166","3.1865e-06","7e-04","A"
"4","Trait5","FASTmrMLM","NsiI.TP139560","2","68743190","2.1816e-06","5e-04","A"
"4","Trait5","FASTmrMLM","PstI.TP150916","2","68747494","-1.8138e-05","0.004","A"
"4","Trait5","FASTmrMLM","NsiI.TP549069","2","68751376","-2.0352e-06","4e-04","A"
"4","Trait5","FASTmrMLM","PstI.TP681685","2","68785398","8.764e-06","0.0019","C"
"4","Trait5","FASTmrMLM","NsiI.TP268955","2","68789448","-4.2403e-06","9e-04","C"
"4","Trait5","FASTmrMLM","NsiI.TP250732","2","68789482","-0.1537","0.4781","A"
"4","Trait5","FASTmrMLM","PstI.TP684973","2","68827380","9.9886e-06","0.0022","C"
"4","Trait5","FASTmrMLM","PstI.TP56152","2","68829116","4.1489e-06","9e-04","A"
"4","Trait5","FASTmrMLM","PstI.TP100118","2","68834374","1.3862e-05","0.003","C"
"4","Trait5","FASTmrMLM","PstI.TP838341","2","68835106","-6.0782e-07","1e-04","C"
"4","Trait5","FASTmrMLM","NsiI.TP269512","2","68836553","-6.9824e-07","2e-04","C"
"4","Trait5","FASTmrMLM","NsiI.TP215611","2","68845939","-0.0879","0.8775","C"
"4","Trait5","FASTmrMLM","PstI.TP455007","2","68850378","-4.2562e-06","9e-04","C"
"4","Trait5","FASTmrMLM","NsiI.TP720246","2","68851174","1.5014e-05","0.0033","A"
"4","Trait5","FASTmrMLM","PstI.TP117604","2","68868344","0.1941","0.82","A"
"4","Trait5","FASTmrMLM","GFk25ctg2347921_248","2","68885011","-5.5495e-06","0.0012","T"
"4","Trait5","FASTmrMLM","PstI.TP1239066","2","68885499","-3.4512e-05","0.0076","C"
"4","Trait5","FASTmrMLM","NsiI.TP784624","2","68888010","0.012","0.1313","C"
"4","Trait5","FASTmrMLM","PstI.TP177807","2","68900132","1.0623e-05","0.0023","C"
"4","Trait5","FASTmrMLM","PstI.TP865937","2","68902948","0.0413","0.4772","A"
"4","Trait5","FASTmrMLM","PstI.TP865938","2","68902990","1.8984e-05","0.0042","C"
"4","Trait5","FASTmrMLM","NsiI.TP521849","2","68931250","-2.9024e-06","6e-04","A"
"4","Trait5","FASTmrMLM","NsiI.TP522323","2","68931282","-2.8156e-05","0.0062","G"
"4","Trait5","FASTmrMLM","NsiI.TP362028","2","68945769","0.1105","1.5718","A"
"4","Trait5","FASTmrMLM","NsiI.TP309047","2","68947946","1.9353e-05","0.0042","A"
"4","Trait5","FASTmrMLM","PstI.TP122987","2","68996190","-3.5258e-05","0.0077","C"
"4","Trait5","FASTmrMLM","NsiI.TP833341","2","68997897","-3.2924e-06","7e-04","C"
"4","Trait5","FASTmrMLM","NsiI.TP760901","2","69029581","-2.3687e-05","0.0052","C"
"4","Trait5","FASTmrMLM","NsiI.TP633500","2","69036798","-1.922e-05","0.0042","A"
"4","Trait5","FASTmrMLM","PstI.TP1077255","2","69041995","0.117","0.5012","A"
"4","Trait5","FASTmrMLM","PstI.TP937273","2","69057036","-1.2122e-05","0.0026","A"
"4","Trait5","FASTmrMLM","PstI.TP65639","2","69075318","6.224e-06","0.0014","G"
"4","Trait5","FASTmrMLM","PstI.TP35116","2","69089968","-3e-04","0.0155","A"
"4","Trait5","FASTmrMLM","NsiI.TP736796","2","69108801","0.0475","0.3935","C"
"4","Trait5","FASTmrMLM","PstI.TP253737","2","69121109","0.1981","1.2879","A"
"4","Trait5","FASTmrMLM","PstI.TP813004","2","69147725","-1.2877e-06","3e-04","G"
"4","Trait5","FASTmrMLM","NsiI.TP80604","2","69157092","0.1902","1.5455","A"
"4","Trait5","FASTmrMLM","PstI.TP1196336","2","69173677","-0.0839","0.6857","C"
"4","Trait5","FASTmrMLM","NsiI.TP540039","2","69176258","0.1136","1.1851","C"
"4","Trait5","FASTmrMLM","NsiI.TP44621","2","69189479","-8.0987e-06","0.0018","G"
"4","Trait5","FASTmrMLM","PstI.TP200848","2","69223364","4.5282e-06","0.001","C"
"4","Trait5","FASTmrMLM","PstI.TP139651","2","69224467","0.0815","0.4856","C"
"4","Trait5","FASTmrMLM","NsiI.TP25279","2","69225463","-7.1298e-06","0.0016","C"
"4","Trait5","FASTmrMLM","NsiI.TP602190","2","69281568","-0.0706","0.6033","A"
"4","Trait5","FASTmrMLM","NsiI.TP628132","2","69312977","1.0186e-06","2e-04","C"
"4","Trait5","FASTmrMLM","NsiI.TP222432","2","69314559","0.048","0.3621","C"
"4","Trait5","FASTmrMLM","PstI.TP548301","2","69315660","0.0926","0.4137","A"
"4","Trait5","FASTmrMLM","PstI.TP1206060","2","69316419","0.0439","0.5538","G"
"4","Trait5","FASTmrMLM","NsiI.TP437846","2","69316454","0.1095","0.5384","A"
"4","Trait5","FASTmrMLM","NsiI.TP366836","2","69326833","1.5113e-05","0.0033","A"
"4","Trait5","FASTmrMLM","NsiI.TP636234","2","69329441","1.5308e-05","0.0033","A"
"4","Trait5","FASTmrMLM","PstI.TP343842","2","69334049","-4.9449e-06","0.0011","C"
"4","Trait5","FASTmrMLM","NsiI.TP632544","2","69341988","-1.2121e-05","0.0026","C"
"4","Trait5","FASTmrMLM","NsiI.TP609101","2","69347017","-6.2583e-06","0.0014","A"
"4","Trait5","FASTmrMLM","NsiI.TP297190","2","69347483","-0.0165","0.2271","G"
"4","Trait5","FASTmrMLM","NsiI.TP297195","2","69347500","-8.9813e-06","0.002","A"
"4","Trait5","FASTmrMLM","PstI.TP887742","2","69350031","6.4244e-06","0.0014","C"
"4","Trait5","FASTmrMLM","PstI.TP67611","2","69364189","7.3072e-06","0.0016","A"
"4","Trait5","FASTmrMLM","PstI.TP851725","2","69365267","9.2611e-05","0.0099","A"
"4","Trait5","FASTmrMLM","NsiI.TP775861","2","69418493","-0.1414","0.9632","A"
"4","Trait5","FASTmrMLM","PstI.TP283787","2","69444034","-6.758e-06","0.0015","C"
"4","Trait5","FASTmrMLM","NsiI.TP483806","2","69445706","-9.999e-06","0.0022","G"
"4","Trait5","FASTmrMLM","NsiI.TP201276","2","69462910","-5.1602e-06","0.0011","A"
"4","Trait5","FASTmrMLM","PstI.TP1241361","2","69481251","-1.3876e-05","0.003","C"
"4","Trait5","FASTmrMLM","NsiI.TP420073","2","69490825","2.4152e-05","0.0053","A"
"4","Trait5","FASTmrMLM","PstI.TP34573","2","69507595","0.0479","0.3928","A"
"4","Trait5","FASTmrMLM","NsiI.TP486165","2","69565335","1.4377e-05","0.0031","C"
"4","Trait5","FASTmrMLM","PstI.TP1276349","2","69568839","-3.9537e-05","0.0087","C"
"4","Trait5","FASTmrMLM","PstI.TP550198","2","69597659","-0.0388","0.5081","A"
"4","Trait5","FASTmrMLM","NsiI.TP91360","2","69599736","6.4287e-06","0.0014","A"
"4","Trait5","FASTmrMLM","PstI.TP944857","2","69601395","-3.6698e-05","0.0081","C"
"4","Trait5","FASTmrMLM","PstI.TP944858","2","69605822","0.0189","0.1487","C"
"4","Trait5","FASTmrMLM","NsiI.TP177261","2","69619285","-9.017e-06","0.002","A"
"4","Trait5","FASTmrMLM","PstI.TP260492","2","69620358","7.4062e-06","0.0016","G"
"4","Trait5","FASTmrMLM","PstI.TP260494","2","69620378","-0.0328","0.304","C"
"4","Trait5","FASTmrMLM","NsiI.TP444478","2","69620378","-0.0659","0.6618","C"
"4","Trait5","FASTmrMLM","NsiI.TP444479","2","69620402","0.2652","1.7522","C"
"4","Trait5","FASTmrMLM","PstI.TP1064497","2","69620927","8.141e-07","2e-04","C"
"4","Trait5","FASTmrMLM","PstI.TP99294","2","69646921","-1.0252e-05","0.0022","C"
"4","Trait5","FASTmrMLM","PstI.TP266022","2","69651260","-1.3122e-05","0.0029","G"
"4","Trait5","FASTmrMLM","PstI.TP1067954","2","69723954","-0.0802","0.5394","C"
"4","Trait5","FASTmrMLM","PstI.TP879034","2","69724022","1.3946e-05","0.003","C"
"4","Trait5","FASTmrMLM","PstI.TP604270","2","69731343","6.4419e-06","0.0014","C"
"4","Trait5","FASTmrMLM","PstI.TP304318","2","69746689","-2.0536e-05","0.0045","C"
"4","Trait5","FASTmrMLM","PstI.TP893646","2","69747250","2.6646e-06","6e-04","C"
"4","Trait5","FASTmrMLM","PstI.TP155898","2","69747938","4.7681e-06","0.001","A"
"4","Trait5","FASTmrMLM","PstI.TP894296","2","69767427","-1.3315e-06","3e-04","C"
"4","Trait5","FASTmrMLM","PstI.TP37276","2","69768497","2.8688e-06","6e-04","A"
"4","Trait5","FASTmrMLM","PstI.TP869335","2","69787277","-0.0471","0.4191","C"
"4","Trait5","FASTmrMLM","PstI.TP459708","2","69799922","-0.1175","1.5137","C"
"4","Trait5","FASTmrMLM","PstI.TP1247330","2","69807171","-2.6185e-05","0.0057","C"
"4","Trait5","FASTmrMLM","NsiI.TP660927","2","69816370","-3.0649e-06","7e-04","A"
"4","Trait5","FASTmrMLM","PstI.TP872483","2","69831084","0.0603","0.5653","A"
"4","Trait5","FASTmrMLM","NsiI.TP507400","2","69831121","-4.0812e-06","9e-04","C"
"4","Trait5","FASTmrMLM","PstI.TP510785","2","69836275","0.0867","0.6043","C"
"4","Trait5","FASTmrMLM","PstI.TP865869","2","69849794","-6.5599e-06","0.0014","C"
"4","Trait5","FASTmrMLM","PstI.TP241112","2","69878337","-0.1257","0.656","G"
"4","Trait5","FASTmrMLM","NsiI.TP436795","2","69883657","-9.9593e-06","0.0022","C"
"4","Trait5","FASTmrMLM","NsiI.TP668904","2","69896491","8.5139e-08","1.8528e-05","G"
"4","Trait5","FASTmrMLM","NsiI.TP62325","2","69899026","-5.2202e-06","0.0011","A"
"4","Trait5","FASTmrMLM","PstI.TP663163","2","69910554","6.7014e-06","0.0015","A"
"4","Trait5","FASTmrMLM","NsiI.TP129512","2","69942081","-2.0815e-05","0.0046","G"
"4","Trait5","FASTmrMLM","PstI.TP962578","2","69945612","-4.8842e-05","0.0108","G"
"4","Trait5","FASTmrMLM","PstI.TP1165391","2","69968329","8.7765e-07","2e-04","A"
"4","Trait5","FASTmrMLM","PstI.TP60029","2","69972188","-0.3178","2.0828","A"
"4","Trait5","FASTmrMLM","NsiI.TP732689","2","70033459","0.1014","0.8786","A"
"4","Trait5","FASTmrMLM","NsiI.TP746893","2","70036236","-4.4281e-05","0.0097","C"
"4","Trait5","FASTmrMLM","PstI.TP157563","2","70093706","-1.4341e-05","0.0031","C"
"4","Trait5","FASTmrMLM","PstI.TP305253","2","70153729","-0.0212","0.2534","A"
"4","Trait5","FASTmrMLM","PstI.TP778374","2","70165447","1.4152e-05","0.0031","A"
"4","Trait5","FASTmrMLM","NsiI.TP350482","2","70170433","1.2172e-05","0.0027","G"
"4","Trait5","FASTmrMLM","PstI.TP995173","2","70172526","-0.0172","0.2489","C"
"4","Trait5","FASTmrMLM","PstI.TP920933","2","70185045","-0.083","0.7237","C"
"4","Trait5","FASTmrMLM","PstI.TP1059677","2","70210119","-1.02e-05","0.0022","C"
"4","Trait5","FASTmrMLM","PstI.TP352629","2","70210441","2.8525e-05","0.0063","C"
"4","Trait5","FASTmrMLM","PstI.TP649137","2","70210492","0.0966","1.0502","C"
"4","Trait5","FASTmrMLM","PstI.TP550469","2","70228783","5.4435e-06","0.0012","G"
"4","Trait5","FASTmrMLM","GFSSContig19146_697","2","70229911","-3.1059e-05","0.0068","C"
"4","Trait5","FASTmrMLM","PstI.TP860893","2","70230959","-1.3592e-05","0.003","G"
"4","Trait5","FASTmrMLM","NsiI.TP350239","2","70238391","1.5088e-05","0.0033","A"
"4","Trait5","FASTmrMLM","PstI.TP127068","2","70239204","-1.9816e-05","0.0043","A"
"4","Trait5","FASTmrMLM","PstI.TP735407","2","70242833","7.6906e-08","1.6736e-05","A"
"4","Trait5","FASTmrMLM","PstI.TP108483","2","70256327","1.6584e-05","0.0036","A"
"4","Trait5","FASTmrMLM","PstI.TP241746","2","70262681","3.8245e-06","8e-04","C"
"4","Trait5","FASTmrMLM","PstI.TP125447","2","70300453","-1.9075e-05","0.0042","A"
"4","Trait5","FASTmrMLM","PstI.TP233386","2","70302953","0.0851","1.1264","A"
"4","Trait5","FASTmrMLM","PstI.TP825093","2","70340007","2.1103e-05","0.0046","A"
"4","Trait5","FASTmrMLM","NsiI.TP669591","2","70346334","-1.4879e-06","3e-04","A"
"4","Trait5","FASTmrMLM","PstI.TP251658","2","70372261","1.6663e-05","0.0036","C"
"4","Trait5","FASTmrMLM","PstI.TP1014548","2","70376858","2.1338e-06","5e-04","C"
"4","Trait5","FASTmrMLM","PstI.TP1050354","2","70383422","-0.1359","0.6801","C"
"4","Trait5","FASTmrMLM","PstI.TP229160","2","70391771","-1.6622e-05","0.0036","C"
"4","Trait5","FASTmrMLM","PstI.TP1147271","2","70407506","-5.006e-06","0.0011","C"
"4","Trait5","FASTmrMLM","PstI.TP1146151","2","70407535","1.2713e-06","3e-04","G"
"4","Trait5","FASTmrMLM","NsiI.TP437410","2","70409105","9.1615e-06","0.002","C"
"4","Trait5","FASTmrMLM","PstI.TP788858","2","70424868","-6.961e-06","0.0015","A"
"4","Trait5","FASTmrMLM","NsiI.TP507865","2","70439195","2.0382e-05","0.0045","C"
"4","Trait5","FASTmrMLM","PstI.TP1016958","2","70458905","-0.2679","1.8258","G"
"4","Trait5","FASTmrMLM","PstI.TP845278","2","70466190","0.0222","0.2101","A"
"4","Trait5","FASTmrMLM","GFSSContig16002_345","2","70467850","1.036e-05","0.0023","A"
"4","Trait5","FASTmrMLM","PstI.TP928851","2","70475419","-0.0566","0.2625","G"
"4","Trait5","FASTmrMLM","NsiI.TP395768","2","70478699","3.8307e-05","0.0084","G"
"4","Trait5","FASTmrMLM","PstI.TP521787","2","70479993","-2.7344e-07","5.9511e-05","A"
"4","Trait5","FASTmrMLM","PstI.TP1092368","2","70489679","-7.5198e-06","0.0016","C"
"4","Trait5","FASTmrMLM","NsiI.TP195426","2","70509073","0.0192","0.1397","A"
"4","Trait5","FASTmrMLM","NsiI.TP688484","2","70530734","-1.1559e-05","0.0025","A"
"4","Trait5","FASTmrMLM","NsiI.TP352557","2","70560039","-0.0146","0.1646","C"
"4","Trait5","FASTmrMLM","PstI.TP1020661","2","70562442","-0.0321","0.3022","C"
"4","Trait5","FASTmrMLM","PstI.TP859069","2","70562742","1.8476e-05","0.004","A"
"4","Trait5","FASTmrMLM","PstI.TP706248","2","70564596","3.0192e-05","0.0066","C"
"4","Trait5","FASTmrMLM","PstI.TP361176","2","70567397","-1.8124e-05","0.004","C"
"4","Trait5","FASTmrMLM","NsiI.TP830335","2","70569713","-2.3404e-05","0.0051","C"
"4","Trait5","FASTmrMLM","NsiI.TP580375","2","70579039","1.8255e-05","0.004","C"
"4","Trait5","FASTmrMLM","PstI.TP275900","2","70592522","9.8574e-06","0.0022","C"
"4","Trait5","FASTmrMLM","PstI.TP1224948","2","70592770","0.0103","0.1108","C"
"4","Trait5","FASTmrMLM","PstI.TP623312","2","70592772","-6.2108e-06","0.0014","C"
"4","Trait5","FASTmrMLM","PstI.TP126284","2","70593281","-1.6827e-05","0.0037","C"
"4","Trait5","FASTmrMLM","NsiI.TP472192","2","70594449","0.1092","0.653","A"
"4","Trait5","FASTmrMLM","PstI.TP488000","2","70608583","5.2982e-06","0.0012","C"
"4","Trait5","FASTmrMLM","NsiI.TP784047","2","70615250","-1.0837e-05","0.0024","A"
"4","Trait5","FASTmrMLM","NsiI.TP366193","2","70615686","0.3176","1.2797","C"
"4","Trait5","FASTmrMLM","PstI.TP1120688","2","70631924","1.6695e-05","0.0036","G"
"4","Trait5","FASTmrMLM","PstI.TP689231","2","70634264","2.3649e-05","0.0052","A"
"4","Trait5","FASTmrMLM","PstI.TP209410","2","70639586","-1.4456e-05","0.0032","A"
"4","Trait5","FASTmrMLM","PstI.TP4149","2","70643378","2.171e-05","0.0048","A"
"4","Trait5","FASTmrMLM","NsiI.TP774085","2","70680647","2.8273e-05","0.0062","C"
"4","Trait5","FASTmrMLM","NsiI.TP20885","2","70680874","-1.4297e-05","0.0031","A"
"4","Trait5","FASTmrMLM","NsiI.TP67925","2","70686406","5.7301e-06","0.0012","C"
"4","Trait5","FASTmrMLM","PstI.TP1143879","2","70707227","4.3857e-06","0.001","A"
"4","Trait5","FASTmrMLM","NsiI.TP771783","2","70714209","0.0431","0.42","C"
"4","Trait5","FASTmrMLM","PstI.TP402235","2","70727485","-7.1897e-06","0.0016","A"
"4","Trait5","FASTmrMLM","NsiI.TP226337","2","70734931","1.7108e-05","0.0037","A"
"4","Trait5","FASTmrMLM","NsiI.TP313629","2","70760459","-8.4267e-06","0.0018","C"
"4","Trait5","FASTmrMLM","NsiI.TP485492","2","70768145","3.4926e-06","8e-04","C"
"4","Trait5","FASTmrMLM","PstI.TP799398","2","70792274","-2.721e-05","0.006","C"
"4","Trait5","FASTmrMLM","PstI.TP1283713","2","70792323","0.0232","0.2867","A"
"4","Trait5","FASTmrMLM","PstI.TP948464","2","70792950","0.1013","0.3605","C"
"4","Trait5","FASTmrMLM","PstI.TP1053287","2","70803182","-1.2586e-05","0.0027","C"
"4","Trait5","FASTmrMLM","PstI.TP548897","2","70835377","1.1279e-05","0.0025","A"
"4","Trait5","FASTmrMLM","NsiI.TP441913","2","70836472","1.5316e-05","0.0033","A"
"4","Trait5","FASTmrMLM","NsiI.TP179944","2","70843380","0.0961","0.7517","A"
"4","Trait5","FASTmrMLM","PstI.TP58797","2","70845867","-1.8683e-05","0.0041","C"
"4","Trait5","FASTmrMLM","PstI.TP308882","2","70861060","3e-04","0.0135","C"
"4","Trait5","FASTmrMLM","PstI.TP1045751","2","70869265","-1.9975e-05","0.0044","A"
"4","Trait5","FASTmrMLM","NsiI.TP441416","2","70869755","9.8239e-06","0.0021","C"
"4","Trait5","FASTmrMLM","NsiI.TP506753","2","70871451","1.7048e-05","0.0037","A"
"4","Trait5","FASTmrMLM","NsiI.TP214170","2","70879253","9.8173e-06","0.0021","A"
"4","Trait5","FASTmrMLM","NsiI.TP431410","2","70880127","-1.0334e-05","0.0023","A"
"4","Trait5","FASTmrMLM","PstI.TP380099","2","70908978","-8.4951e-06","0.0019","C"
"4","Trait5","FASTmrMLM","NsiI.TP80859","2","70913962","1.1433e-05","0.0025","A"
"4","Trait5","FASTmrMLM","NsiI.TP159783","2","70917617","1.5551e-05","0.0034","A"
"4","Trait5","FASTmrMLM","PstI.TP391279","2","70925840","-2.246e-05","0.0049","C"
"4","Trait5","FASTmrMLM","NsiI.TP3186","2","70926056","5.6269e-06","0.0012","A"
"4","Trait5","FASTmrMLM","NsiI.TP269799","2","70926214","-3.9707e-05","0.0087","C"
"4","Trait5","FASTmrMLM","NsiI.TP717199","2","70926266","-2.5882e-06","6e-04","A"
"4","Trait5","FASTmrMLM","PstI.TP4086","2","70932438","-1e-04","0.0086","A"
"4","Trait5","FASTmrMLM","NsiI.TP179335","2","70933511","0.2396","1.5149","A"
"4","Trait5","FASTmrMLM","PstI.TP785517","2","70940396","0.052","0.4099","A"
"4","Trait5","FASTmrMLM","NsiI.TP346359","2","70972957","-0.2002","0.9965","C"
"4","Trait5","FASTmrMLM","PstI.TP18451","2","70973688","-0.0703","0.4045","A"
"4","Trait5","FASTmrMLM","NsiI.TP180407","2","70976820","4.9448e-06","0.0011","C"
"4","Trait5","FASTmrMLM","PstI.TP1113849","2","70994925","3e-04","0.015","G"
"4","Trait5","FASTmrMLM","NsiI.TP111392","2","71036593","-1.0224e-05","0.0022","A"
"4","Trait5","FASTmrMLM","NsiI.TP618019","2","71092848","3.544e-05","0.0078","A"
"4","Trait5","FASTmrMLM","PstI.TP804767","2","71102945","0.074","0.5099","C"
"4","Trait5","FASTmrMLM","NsiI.TP435728","2","71103910","-1.2773e-05","0.0028","C"
"4","Trait5","FASTmrMLM","PstI.TP636417","2","71118214","-4.0732e-06","9e-04","C"
"4","Trait5","FASTmrMLM","PstI.TP227133","2","71118714","-1.998e-05","0.0044","C"
"4","Trait5","FASTmrMLM","PstI.TP1081008","2","71118803","-0.1452","1.1563","C"
"4","Trait5","FASTmrMLM","PstI.TP267051","2","71195963","4.7646e-06","0.001","C"
"4","Trait5","FASTmrMLM","GFSSContig20018_1695","2","71215774","9.9316e-06","0.0022","C"
"4","Trait5","FASTmrMLM","NsiI.TP194183","2","71215858","1.0934e-05","0.0024","C"
"4","Trait5","FASTmrMLM","PstI.TP483917","2","71246092","-0.1902","1.1514","A"
"4","Trait5","FASTmrMLM","PstI.TP483920","2","71246128","-1.2629e-05","0.0028","A"
"4","Trait5","FASTmrMLM","PstI.TP48338","2","71250737","2.5763e-06","6e-04","A"
"4","Trait5","FASTmrMLM","NsiI.TP136079","2","71254827","-2.4892e-05","0.0055","A"
"4","Trait5","FASTmrMLM","PstI.TP250100","2","71256308","-2.6213e-05","0.0057","C"
"4","Trait5","FASTmrMLM","NsiI.TP388907","2","71256645","-1.7564e-05","0.0038","A"
"4","Trait5","FASTmrMLM","PstI.TP1295135","2","71260768","-0.0073","0.1255","C"
"4","Trait5","FASTmrMLM","PstI.TP31701","2","71261586","2.4374e-05","0.0053","C"
"4","Trait5","FASTmrMLM","PstI.TP1025634","2","71277610","0.1771","1.1801","G"
"4","Trait5","FASTmrMLM","PstI.TP876687","2","71285534","-1.2571e-05","0.0027","C"
"4","Trait5","FASTmrMLM","PstI.TP671654","2","71324361","3.814e-06","8e-04","A"
"4","Trait5","FASTmrMLM","PstI.TP781971","2","71331724","-5.7704e-06","0.0013","C"
"4","Trait5","FASTmrMLM","NsiI.TP214929","2","71351884","9.726e-06","0.0021","A"
"4","Trait5","FASTmrMLM","NsiI.TP32273","2","71357596","0.0274","0.4009","A"
"4","Trait5","FASTmrMLM","PstI.TP474225","2","71358734","-3.6787e-05","0.0081","G"
"4","Trait5","FASTmrMLM","NsiI.TP625887","2","71362948","0.0681","0.6271","C"
"4","Trait5","FASTmrMLM","PstI.TP356782","2","71378441","7.8185e-06","0.0017","A"
"4","Trait5","FASTmrMLM","PstI.TP163375","2","71379619","2e-04","0.0117","C"
"4","Trait5","FASTmrMLM","NsiI.TP450800","2","71382441","1.5073e-05","0.0033","G"
"4","Trait5","FASTmrMLM","NsiI.TP507237","2","71382528","-6.8439e-06","0.0015","C"
"4","Trait5","FASTmrMLM","PstI.TP893748","2","71384719","-5.8093e-06","0.0013","A"
"4","Trait5","FASTmrMLM","PstI.TP1254958","2","71396781","-0.1131","0.6568","A"
"4","Trait5","FASTmrMLM","NsiI.TP439898","2","71404337","0.1374","0.9207","A"
"4","Trait5","FASTmrMLM","NsiI.TP82254","2","71408121","2.0887e-05","0.0046","A"
"4","Trait5","FASTmrMLM","PstI.TP925474","2","71450209","-0.0611","0.73","C"
"4","Trait5","FASTmrMLM","PstI.TP459624","2","71457905","-2.4658e-05","0.0054","A"
"4","Trait5","FASTmrMLM","PstI.TP425751","2","71461615","1.2998e-05","0.0028","C"
"4","Trait5","FASTmrMLM","PstI.TP1117116","2","71461640","1.8037e-06","4e-04","C"
"4","Trait5","FASTmrMLM","PstI.TP1110867","2","71471291","-2.8383e-06","6e-04","G"
"4","Trait5","FASTmrMLM","PstI.TP291234","2","71490880","-0.0249","0.2529","C"
"4","Trait5","FASTmrMLM","PstI.TP291348","2","71490922","2.5994e-05","0.0057","C"
"4","Trait5","FASTmrMLM","PstI.TP691242","2","71491341","-0.212","1.8063","A"
"4","Trait5","FASTmrMLM","PstI.TP884754","2","71495745","0.0346","0.2418","C"
"4","Trait5","FASTmrMLM","NsiI.TP8544","2","71503634","-0.0109","0.1578","A"
"4","Trait5","FASTmrMLM","NsiI.TP547555","2","71520352","2.8471e-05","0.0062","C"
"4","Trait5","FASTmrMLM","PstI.TP439012","2","71527319","-0.1939","1.5603","G"
"4","Trait5","FASTmrMLM","NsiI.TP345583","2","71563186","0.1139","1.3815","G"
"4","Trait5","FASTmrMLM","PstI.TP31397","2","71568807","4.5534e-05","0.01","G"
"4","Trait5","FASTmrMLM","NsiI.TP444585","2","71581669","-0.1089","1.2136","A"
"4","Trait5","FASTmrMLM","PstI.TP621469","2","71594764","8.96e-06","0.002","A"
"4","Trait5","FASTmrMLM","NsiI.TP306005","2","71594815","0.0717","0.4643","A"
"4","Trait5","FASTmrMLM","PstI.TP459634","2","71595601","7.3895e-07","2e-04","G"
"4","Trait5","FASTmrMLM","NsiI.TP140285","2","71609172","1.7551e-05","0.0038","A"
"4","Trait5","FASTmrMLM","NsiI.TP141969","2","71609177","0.0421","0.543","A"
"4","Trait5","FASTmrMLM","NsiI.TP142630","2","71609177","-0.0386","0.2259","G"
"4","Trait5","FASTmrMLM","NsiI.TP141999","2","71609178","-0.1129","0.4938","A"
"4","Trait5","FASTmrMLM","PstI.TP921432","2","71640137","2.8788e-06","6e-04","A"
"4","Trait5","FASTmrMLM","NsiI.TP126343","2","71669382","-0.0794","0.5884","A"
"4","Trait5","FASTmrMLM","PstI.TP4051","2","71675375","1.1504e-05","0.0025","G"
"4","Trait5","FASTmrMLM","PstI.TP1150271","2","71680683","0.181","0.864","G"
"4","Trait5","FASTmrMLM","PstI.TP632746","2","71689525","4.2185e-06","9e-04","A"
"4","Trait5","FASTmrMLM","NsiI.TP762041","2","71690501","1.9784e-05","0.0043","A"
"4","Trait5","FASTmrMLM","NsiI.TP762042","2","71690505","0.1498","0.5611","A"
"4","Trait5","FASTmrMLM","PstI.TP1113712","2","71692555","4.5815e-06","0.001","A"
"4","Trait5","FASTmrMLM","PstI.TP1263302","2","71707680","9.4952e-05","0.0079","A"
"4","Trait5","FASTmrMLM","PstI.TP596044","2","71708440","-0.0237","0.3184","G"
"4","Trait5","FASTmrMLM","NsiI.TP101471","2","71708844","0.1336","1.1903","G"
"4","Trait5","FASTmrMLM","NsiI.TP416000","2","71727096","-0.0533","0.5997","C"
"4","Trait5","FASTmrMLM","PstI.TP229057","2","71728079","0.0066","0.145","C"
"4","Trait5","FASTmrMLM","PstI.TP486560","2","71750001","0.0456","0.4363","C"
"4","Trait5","FASTmrMLM","NsiI.TP56799","2","71751615","-2.2643e-05","0.005","C"
"4","Trait5","FASTmrMLM","PstI.TP304739","2","71790900","-8.6003e-06","0.0019","C"
"4","Trait5","FASTmrMLM","PstI.TP482377","2","71803501","-1.7351e-05","0.0038","A"
"4","Trait5","FASTmrMLM","GFSSContig17549_819","2","71805649","0.0318","0.3249","T"
"4","Trait5","FASTmrMLM","PstI.TP139822","2","71811481","-1.8051e-06","4e-04","A"
"4","Trait5","FASTmrMLM","PstI.TP578158","2","71842980","-1e-04","0.0117","C"
"4","Trait5","FASTmrMLM","PstI.TP217861","2","71848467","1.4634e-05","0.0032","C"
"4","Trait5","FASTmrMLM","PstI.TP425840","2","71864917","-6.7177e-07","1e-04","A"
"4","Trait5","FASTmrMLM","PstI.TP743029","2","71882739","-1.719e-05","0.0038","A"
"4","Trait5","FASTmrMLM","PstI.TP1245004","2","71910973","-1.1198e-05","0.0024","A"
"4","Trait5","FASTmrMLM","PstI.TP309757","2","71910998","-2.7324e-06","6e-04","A"
"4","Trait5","FASTmrMLM","PstI.TP290330","2","71935391","0.1662","0.9435","A"
"4","Trait5","FASTmrMLM","PstI.TP935052","2","71937638","-2.9113e-05","0.0064","C"
"4","Trait5","FASTmrMLM","PstI.TP166155","2","71943540","-0.0336","0.3927","G"
"4","Trait5","FASTmrMLM","PstI.TP857297","2","71950355","0.0266","0.2041","C"
"4","Trait5","FASTmrMLM","NsiI.TP144822","2","71951415","3.3118e-05","0.0073","C"
"4","Trait5","FASTmrMLM","NsiI.TP440910","2","71951512","-3e-04","0.0166","A"
"4","Trait5","FASTmrMLM","PstI.TP118776","2","71956309","-1.3524e-05","0.003","A"
"4","Trait5","FASTmrMLM","PstI.TP1226157","2","71966862","-0.2041","1.0525","C"
"4","Trait5","FASTmrMLM","PstI.TP767032","2","71966917","8.6297e-07","2e-04","A"
"4","Trait5","FASTmrMLM","NsiI.TP16006","2","71985394","-8.2329e-06","0.0018","A"
"4","Trait5","FASTmrMLM","NsiI.TP503023","2","71986338","-2.6319e-05","0.0058","A"
"4","Trait5","FASTmrMLM","PstI.TP708099","2","71987708","4.2406e-06","9e-04","A"
"4","Trait5","FASTmrMLM","NsiI.TP31010","2","72013712","-1.2532e-05","0.0027","A"
"4","Trait5","FASTmrMLM","PstI.TP1167444","2","72022190","-0.0265","0.3893","C"
"4","Trait5","FASTmrMLM","PstI.TP476507","2","72023153","0.483","1.9288","A"
"4","Trait5","FASTmrMLM","NsiI.TP174448","2","72030473","-1.833e-05","0.004","C"
"4","Trait5","FASTmrMLM","PstI.TP74603","2","72032620","-1.4288e-05","0.0031","A"
"4","Trait5","FASTmrMLM","PstI.TP1146849","2","72036886","9.8726e-06","0.0022","A"
"4","Trait5","FASTmrMLM","NsiI.TP438594","2","72037052","6.8458e-07","1e-04","C"
"4","Trait5","FASTmrMLM","NsiI.TP156747","2","72037359","-2.1405e-05","0.0047","A"
"4","Trait5","FASTmrMLM","NsiI.TP4874","2","72051499","-4.7981e-07","1e-04","A"
"4","Trait5","FASTmrMLM","NsiI.TP4875","2","72051507","-9.5986e-06","0.0021","C"
"4","Trait5","FASTmrMLM","NsiI.TP543408","2","72052989","1.0073e-05","0.0022","C"
"4","Trait5","FASTmrMLM","NsiI.TP86315","2","72052998","0.0136","0.19","A"
"4","Trait5","FASTmrMLM","NsiI.TP86948","2","72054087","4.4626e-05","0.007","C"
"4","Trait5","FASTmrMLM","PstI.TP741005","2","72058826","-0.0407","0.3858","A"
"4","Trait5","FASTmrMLM","PstI.TP332110","2","72096377","2.8076e-05","0.0062","A"
"4","Trait5","FASTmrMLM","PstI.TP820804","2","72096898","-1.8748e-05","0.0041","A"
"4","Trait5","FASTmrMLM","PstI.TP197055","2","72096988","0.0083","0.1325","C"
"4","Trait5","FASTmrMLM","PstI.TP39691","2","72097604","0.013","0.2229","C"
"4","Trait5","FASTmrMLM","PstI.TP911720","2","72102883","-4.8019e-06","0.001","A"
"4","Trait5","FASTmrMLM","PstI.TP911718","2","72102887","-9.8508e-06","0.0021","C"
"4","Trait5","FASTmrMLM","PstI.TP453807","2","72125384","-3.4761e-05","0.0076","A"
"4","Trait5","FASTmrMLM","NsiI.TP283312","2","72153084","1.5097e-05","0.0033","G"
"4","Trait5","FASTmrMLM","NsiI.TP609127","2","72163462","-0.0167","0.253","A"
"4","Trait5","FASTmrMLM","PstI.TP1215202","2","72163551","-1e-04","0.0105","A"
"4","Trait5","FASTmrMLM","NsiI.TP59922","2","72170229","0.0139","0.1801","C"
"4","Trait5","FASTmrMLM","PstI.TP736251","2","72190143","-2.4744e-05","0.0054","A"
"4","Trait5","FASTmrMLM","NsiI.TP408031","2","72193245","-1.9337e-06","4e-04","C"
"4","Trait5","FASTmrMLM","PstI.TP971693","2","72196985","-0.0802","0.7683","C"
"4","Trait5","FASTmrMLM","PstI.TP940518","2","72206315","-0.2555","0.8068","A"
"4","Trait5","FASTmrMLM","PstI.TP674170","2","72206365","-5.8015e-06","0.0013","C"
"4","Trait5","FASTmrMLM","PstI.TP190631","2","72207342","0.0518","0.6488","A"
"4","Trait5","FASTmrMLM","NsiI.TP427100","2","72211902","4.0189e-06","9e-04","C"
"4","Trait5","FASTmrMLM","NsiI.TP530279","2","72212478","-0.0087","0.1514","A"
"4","Trait5","FASTmrMLM","NsiI.TP611963","2","72221752","1.1711e-05","0.0026","C"
"4","Trait5","FASTmrMLM","PstI.TP970991","2","72222252","-1.3567e-05","0.003","A"
"4","Trait5","FASTmrMLM","PstI.TP674366","2","72225136","-2.8129e-05","0.0051","A"
"4","Trait5","FASTmrMLM","PstI.TP674364","2","72225142","7.788e-06","0.0017","C"
"4","Trait5","FASTmrMLM","NsiI.TP25009","2","72225661","1.3776e-05","0.003","C"
"4","Trait5","FASTmrMLM","NsiI.TP321743","2","72239402","-1.1541e-05","0.0025","G"
"4","Trait5","FASTmrMLM","NsiI.TP772242","2","72242394","-4.2369e-05","0.0069","A"
"4","Trait5","FASTmrMLM","NsiI.TP631439","2","72246697","-1.6086e-05","0.0035","C"
"4","Trait5","FASTmrMLM","PstI.TP523535","2","72259109","2.4032e-05","0.0053","A"
"4","Trait5","FASTmrMLM","PstI.TP71294","2","72259211","-7.0902e-06","0.0015","A"
"4","Trait5","FASTmrMLM","PstI.TP1139713","2","72261109","-2.8059e-05","0.0061","C"
"4","Trait5","FASTmrMLM","PstI.TP50939","2","72265591","9.5375e-06","0.0021","A"
"4","Trait5","FASTmrMLM","PstI.TP1071968","2","72265698","-0.0487","0.5438","C"
"4","Trait5","FASTmrMLM","PstI.TP1071969","2","72265725","-1.5653e-05","0.0034","G"
"4","Trait5","FASTmrMLM","PstI.TP1197317","2","72276730","0.0333","0.2192","C"
"4","Trait5","FASTmrMLM","PstI.TP279484","2","72288823","-1.5403e-05","0.0034","C"
"4","Trait5","FASTmrMLM","PstI.TP944645","2","72305368","-1.4734e-05","0.0032","C"
"4","Trait5","FASTmrMLM","PstI.TP681637","2","72313757","-1.4861e-05","0.0032","C"
"4","Trait5","FASTmrMLM","PstI.TP671248","2","72313766","-0.0649","0.5938","A"
"4","Trait5","FASTmrMLM","PstI.TP1000478","2","72314995","0.2682","1.4295","C"
"4","Trait5","FASTmrMLM","NsiI.TP57066","2","72316913","1.6011e-05","0.0035","A"
"4","Trait5","FASTmrMLM","PstI.TP645063","2","72322091","1.0406e-05","0.0023","A"
"4","Trait5","FASTmrMLM","PstI.TP1274263","2","72323176","3.1188e-05","0.0068","A"
"4","Trait5","FASTmrMLM","PstI.TP908782","2","72357451","-0.0562","0.28","A"
"4","Trait5","FASTmrMLM","NsiI.TP818876","2","72357498","-0.0251","0.1831","A"
"4","Trait5","FASTmrMLM","NsiI.TP265519","2","72361853","-1.3488e-05","0.0029","A"
"4","Trait5","FASTmrMLM","NsiI.TP444103","2","72395635","-2.6501e-05","0.0058","A"
"4","Trait5","FASTmrMLM","NsiI.TP601798","2","72417322","-7.8251e-06","0.0017","A"
"4","Trait5","FASTmrMLM","PstI.TP951622","2","72433507","0.0131","0.2246","A"
"4","Trait5","FASTmrMLM","PstI.TP729769","2","72439495","-9.9886e-06","0.0022","G"
"4","Trait5","FASTmrMLM","GFSSContig17006_576","2","72443507","-1.5694e-06","3e-04","T"
"4","Trait5","FASTmrMLM","PstI.TP778721","2","72456067","1.4129e-05","0.0031","C"
"4","Trait5","FASTmrMLM","PstI.TP778717","2","72456107","-8.1218e-06","0.0018","A"
"4","Trait5","FASTmrMLM","NsiI.TP759619","2","72462554","1.6638e-05","0.0036","A"
"4","Trait5","FASTmrMLM","PstI.TP1059278","2","72486659","0.0233","0.2031","A"
"4","Trait5","FASTmrMLM","NsiI.TP532390","2","72514246","0.0088","0.1338","C"
"4","Trait5","FASTmrMLM","NsiI.TP530876","2","72514281","-1.6296e-05","0.0036","C"
"4","Trait5","FASTmrMLM","PstI.TP383381","2","72517227","9.5899e-07","2e-04","A"
"4","Trait5","FASTmrMLM","NsiI.TP523910","2","72531506","4.7993e-06","0.001","A"
"4","Trait5","FASTmrMLM","PstI.TP727010","2","72532686","1.3223e-05","0.0029","C"
"4","Trait5","FASTmrMLM","PstI.TP727016","2","72532686","2.4214e-05","0.0053","C"
"4","Trait5","FASTmrMLM","PstI.TP727107","2","72532686","0.0129","0.2245","C"
"4","Trait5","FASTmrMLM","PstI.TP727161","2","72532686","-3.9632e-05","0.0087","C"
"4","Trait5","FASTmrMLM","PstI.TP727001","2","72532688","-0.0759","0.8975","C"
"4","Trait5","FASTmrMLM","PstI.TP727092","2","72532688","-1.3029e-05","0.0028","C"
"4","Trait5","FASTmrMLM","PstI.TP668465","2","72532742","-0.0446","0.634","A"
"4","Trait5","FASTmrMLM","NsiI.TP655201","2","72534022","-1.3343e-05","0.0029","C"
"4","Trait5","FASTmrMLM","NsiI.TP493169","2","72539660","-9.5392e-06","0.0021","A"
"4","Trait5","FASTmrMLM","PstI.TP1235971","2","72541421","0.0668","0.9328","C"
"4","Trait5","FASTmrMLM","NsiI.TP579877","2","72558498","4.8197e-06","0.0011","A"
"4","Trait5","FASTmrMLM","PstI.TP52519","2","72565878","-0.1473","0.403","C"
"4","Trait5","FASTmrMLM","PstI.TP305982","2","72575359","-1.1561e-05","0.0025","C"
"4","Trait5","FASTmrMLM","PstI.TP478371","2","72594799","1.9266e-05","0.0042","G"
"4","Trait5","FASTmrMLM","PstI.TP890801","2","72613106","-0.1042","0.7708","A"
"4","Trait5","FASTmrMLM","NsiI.TP544028","2","72616788","-3.4568e-05","0.0076","C"
"4","Trait5","FASTmrMLM","PstI.TP28499","2","72618880","4.3116e-06","9e-04","C"
"4","Trait5","FASTmrMLM","PstI.TP210905","2","72650615","0.0259","0.3123","C"
"4","Trait5","FASTmrMLM","PstI.TP432405","2","72662195","0.0815","0.5022","A"
"4","Trait5","FASTmrMLM","NsiI.TP717252","2","72662923","-0.0936","0.6483","A"
"4","Trait5","FASTmrMLM","NsiI.TP620094","2","72685163","-7.6801e-07","2e-04","A"
"4","Trait5","FASTmrMLM","NsiI.TP773490","2","72685265","2.1527e-05","0.0047","A"
"4","Trait5","FASTmrMLM","PstI.TP987734","2","72694881","4.0881e-06","9e-04","G"
"4","Trait5","FASTmrMLM","PstI.TP208273","2","72705924","-4.4143e-06","0.001","C"
"4","Trait5","FASTmrMLM","NsiI.TP6465","2","72708844","-3.8708e-05","0.007","A"
"4","Trait5","FASTmrMLM","PstI.TP795095","2","72710649","-8.1092e-06","0.0018","A"
"4","Trait5","FASTmrMLM","NsiI.TP753660","2","72714981","0.0633","0.8072","C"
"4","Trait5","FASTmrMLM","PstI.TP1114754","2","72715985","-1.1214e-05","0.0024","C"
"4","Trait5","FASTmrMLM","NsiI.TP503982","2","72721437","-8.7078e-07","2e-04","A"
"4","Trait5","FASTmrMLM","NsiI.TP539242","2","72721874","0.0375","0.353","G"
"4","Trait5","FASTmrMLM","NsiI.TP619492","2","72752987","-0.0598","0.5862","A"
"4","Trait5","FASTmrMLM","NsiI.TP232331","2","72757508","-7.8563e-06","0.0017","C"
"4","Trait5","FASTmrMLM","PstI.TP1071759","2","72760203","-0.0548","0.4328","C"
"4","Trait5","FASTmrMLM","PstI.TP450294","2","72761555","2.013e-05","0.0044","C"
"4","Trait5","FASTmrMLM","PstI.TP261926","2","72788934","0.123","1.0576","A"
"4","Trait5","FASTmrMLM","PstI.TP105258","2","72804076","-1.6978e-06","4e-04","A"
"4","Trait5","FASTmrMLM","PstI.TP1012808","2","72820597","0.0322","0.2783","A"
"4","Trait5","FASTmrMLM","NsiI.TP563567","2","72884008","-3.4005e-05","0.0075","C"
"4","Trait5","FASTmrMLM","PstI.TP452201","2","72888145","1.1631e-06","3e-04","A"
"4","Trait5","FASTmrMLM","NsiI.TP14271","2","72918724","0.0237","0.3666","A"
"4","Trait5","FASTmrMLM","PstI.TP875140","2","72930521","-0.1488","1.5488","A"
"4","Trait5","FASTmrMLM","GFSSContig18404_380","2","72941797","-0.0535","0.5921","T"
"4","Trait5","FASTmrMLM","NsiI.TP132109","2","72971977","-0.0169","0.1394","C"
"4","Trait5","FASTmrMLM","PstI.TP1197267","2","72980167","-8.7157e-06","0.0019","A"
"4","Trait5","FASTmrMLM","NsiI.TP759568","2","72981996","0.0908","0.5753","C"
"4","Trait5","FASTmrMLM","PstI.TP239129","2","72983624","6.9578e-06","0.0015","A"
"4","Trait5","FASTmrMLM","PstI.TP60395","2","73017155","-0.0492","0.2776","C"
"4","Trait5","FASTmrMLM","PstI.TP845428","2","73021573","0.0309","0.4161","C"
"4","Trait5","FASTmrMLM","NsiI.TP835221","2","73022807","2.5039e-05","0.0055","A"
"4","Trait5","FASTmrMLM","PstI.TP1096440","2","73055036","-1.3087e-05","0.0029","C"
"4","Trait5","FASTmrMLM","NsiI.TP223943","2","73061862","-2.7179e-06","6e-04","C"
"4","Trait5","FASTmrMLM","PstI.TP119425","2","73077344","-0.0352","0.3487","C"
"4","Trait5","FASTmrMLM","NsiI.TP349839","2","73083143","-6.3834e-06","0.0014","C"
"4","Trait5","FASTmrMLM","PstI.TP503391","2","73095782","2.0385e-05","0.0045","C"
"4","Trait5","FASTmrMLM","NsiI.TP307543","2","73096489","3.2399e-05","0.0071","C"
"4","Trait5","FASTmrMLM","NsiI.TP506343","2","73096530","-2.1347e-05","0.0047","A"
"4","Trait5","FASTmrMLM","PstI.TP124082","2","73100016","1.9466e-05","0.0043","G"
"4","Trait5","FASTmrMLM","PstI.TP944726","2","73103112","9.9554e-06","0.0022","C"
"4","Trait5","FASTmrMLM","PstI.TP1108387","2","73105706","2.9172e-05","0.0064","A"
"4","Trait5","FASTmrMLM","PstI.TP577025","2","73118159","0.0095","0.1603","A"
"4","Trait5","FASTmrMLM","PstI.TP65061","2","73159281","-2.3322e-05","0.0051","A"
"4","Trait5","FASTmrMLM","PstI.TP163618","2","73163982","2.1844e-05","0.0048","G"
"4","Trait5","FASTmrMLM","NsiI.TP450783","2","73164177","1.6944e-05","0.0037","A"
"4","Trait5","FASTmrMLM","PstI.TP360015","2","73181318","0.239","0.9615","A"
"4","Trait5","FASTmrMLM","NsiI.TP832286","2","73185615","-1.7652e-05","0.0039","C"
"4","Trait5","FASTmrMLM","PstI.TP488926","2","73214655","0.1053","0.5229","G"
"4","Trait5","FASTmrMLM","NsiI.TP485031","2","73215522","-6.4435e-06","0.0014","A"
"4","Trait5","FASTmrMLM","PstI.TP1213861","2","73220469","2.6316e-05","0.0058","A"
"4","Trait5","FASTmrMLM","NsiI.TP218162","2","73233162","-8.3859e-06","0.0018","C"
"4","Trait5","FASTmrMLM","PstI.TP798652","2","73255657","3.2555e-05","0.0071","G"
"4","Trait5","FASTmrMLM","NsiI.TP449902","2","73259064","0.0086","0.1002","C"
"4","Trait5","FASTmrMLM","NsiI.TP128643","2","73262159","-5.5389e-06","0.0012","A"
"4","Trait5","FASTmrMLM","NsiI.TP217295","2","73278952","-0.0611","0.3236","A"
"4","Trait5","FASTmrMLM","PstI.TP39230","2","73281829","0.0507","0.5182","A"
"4","Trait5","FASTmrMLM","NsiI.TP177467","2","73282771","0.0622","0.6963","A"
"4","Trait5","FASTmrMLM","PstI.TP405253","2","73300771","6.6107e-06","0.0014","C"
"4","Trait5","FASTmrMLM","NsiI.TP235005","2","73301064","3.2123e-05","0.007","C"
"4","Trait5","FASTmrMLM","NsiI.TP381422","2","73301073","1.0687e-05","0.0023","C"
"4","Trait5","FASTmrMLM","PstI.TP677208","2","73306633","8.0606e-06","0.0018","C"
"4","Trait5","FASTmrMLM","NsiI.TP694621","2","73306694","1.2315e-05","0.0027","C"
"4","Trait5","FASTmrMLM","PstI.TP1141184","2","73316224","-3.0066e-06","7e-04","C"
"4","Trait5","FASTmrMLM","PstI.TP63776","2","73323191","-1.8225e-05","0.004","C"
"4","Trait5","FASTmrMLM","PstI.TP637692","2","73332665","-4.7466e-06","0.001","C"
"4","Trait5","FASTmrMLM","PstI.TP920295","2","73373373","-0.065","0.5528","C"
"4","Trait5","FASTmrMLM","PstI.TP1215716","2","73397741","-2.1822e-05","0.0048","C"
"4","Trait5","FASTmrMLM","PstI.TP360667","2","73427599","2.2182e-05","0.0049","A"
"4","Trait5","FASTmrMLM","PstI.TP574317","2","73427677","0.0203","0.2253","A"
"4","Trait5","FASTmrMLM","NsiI.TP404589","2","73446605","-1.3489e-05","0.0029","A"
"4","Trait5","FASTmrMLM","PstI.TP883444","2","73448450","-1.0645e-05","0.0023","A"
"4","Trait5","FASTmrMLM","NsiI.TP30367","2","73460629","0.1331","0.8912","C"
"4","Trait5","FASTmrMLM","PstI.TP834285","2","73460645","0.1358","1.1498","C"
"4","Trait5","FASTmrMLM","NsiI.TP130519","2","73476327","4.3179e-05","0.0095","G"
"4","Trait5","FASTmrMLM","PstI.TP905685","2","73489863","-2.4568e-05","0.0054","A"
"4","Trait5","FASTmrMLM","PstI.TP910279","2","73490064","-1.818e-05","0.004","G"
"4","Trait5","FASTmrMLM","NsiI.TP300576","2","73492961","2.6448e-05","0.0058","C"
"4","Trait5","FASTmrMLM","PstI.TP1066472","2","73495691","1.217e-05","0.0027","A"
"4","Trait5","FASTmrMLM","NsiI.TP820576","2","73503160","-0.0095","0.139","C"
"4","Trait5","FASTmrMLM","PstI.TP237905","2","73515537","-0.0685","0.7678","G"
"4","Trait5","FASTmrMLM","NsiI.TP763815","2","73556862","-0.0732","0.4772","C"
"4","Trait5","FASTmrMLM","PstI.TP1049477","2","73562509","1.9623e-05","0.0043","A"
"4","Trait5","FASTmrMLM","PstI.TP689286","2","73563234","-5.1095e-06","0.0011","C"
"4","Trait5","FASTmrMLM","PstI.TP1232618","2","73564672","0.0817","0.4711","C"
"4","Trait5","FASTmrMLM","PstI.TP391442","2","73566067","3.6523e-05","0.008","C"
"4","Trait5","FASTmrMLM","PstI.TP387550","2","73605960","-5.9678e-06","0.0013","A"
"4","Trait5","FASTmrMLM","PstI.TP425439","2","73607787","0.025","0.281","A"
"4","Trait5","FASTmrMLM","NsiI.TP391289","2","73619415","1.2662e-06","3e-04","C"
"4","Trait5","FASTmrMLM","PstI.TP218011","2","73633092","-1.9456e-05","0.0043","A"
"4","Trait5","FASTmrMLM","PstI.TP336193","2","73663045","-0.0382","0.2381","C"
"4","Trait5","FASTmrMLM","NsiI.TP504479","2","73713191","-2.9934e-06","7e-04","A"
"4","Trait5","FASTmrMLM","NsiI.TP13267","2","73718309","1.31e-05","0.0029","A"
"4","Trait5","FASTmrMLM","PstI.TP770044","2","73737012","0.038","0.347","A"
"4","Trait5","FASTmrMLM","NsiI.TP655253","2","73773883","5.932e-06","0.0013","A"
"4","Trait5","FASTmrMLM","PstI.TP1009658","2","73789690","-0.2191","1.8943","A"
"4","Trait5","FASTmrMLM","NsiI.TP394376","2","73795096","6.4961e-06","0.0014","A"
"4","Trait5","FASTmrMLM","NsiI.TP318539","2","73815438","-0.1281","0.9903","A"
"4","Trait5","FASTmrMLM","NsiI.TP450366","2","73815537","0.1659","1.4321","A"
"4","Trait5","FASTmrMLM","NsiI.TP622318","2","73833914","0.0289","0.302","A"
"4","Trait5","FASTmrMLM","NsiI.TP355817","2","73882730","0.0975","0.4689","A"
"4","Trait5","FASTmrMLM","NsiI.TP434582","2","73887451","-1.479e-05","0.0032","C"
"4","Trait5","FASTmrMLM","PstI.TP698939","2","73889603","-4.9503e-06","0.0011","A"
"4","Trait5","FASTmrMLM","PstI.TP828603","2","73889665","-2.0721e-05","0.0045","C"
"4","Trait5","FASTmrMLM","NsiI.TP267353","2","73896405","2.1786e-05","0.0048","A"
"4","Trait5","FASTmrMLM","PstI.TP875591","2","73899609","-1.95e-05","0.0043","A"
"4","Trait5","FASTmrMLM","PstI.TP621386","2","73900604","-2.4253e-05","0.0053","C"
"4","Trait5","FASTmrMLM","PstI.TP1231486","2","73904492","-2.8934e-05","0.0063","A"
"4","Trait5","FASTmrMLM","PstI.TP1194820","2","73905813","0.1471","0.8118","A"
"4","Trait5","FASTmrMLM","PstI.TP653588","2","73909840","-5.4831e-06","0.0012","A"
"4","Trait5","FASTmrMLM","PstI.TP437086","2","73910094","-0.0434","0.5405","C"
"4","Trait5","FASTmrMLM","PstI.TP86096","2","73912891","0.1231","0.5757","A"
"4","Trait5","FASTmrMLM","PstI.TP673173","2","73925420","1.5556e-06","3e-04","G"
"4","Trait5","FASTmrMLM","PstI.TP1124025","2","73928606","-7.49e-06","0.0016","C"
"4","Trait5","FASTmrMLM","PstI.TP1171650","2","73930357","-2e-04","0.0127","G"
"4","Trait5","FASTmrMLM","NsiI.TP241079","2","73951476","2.1369e-07","4.6506e-05","A"
"4","Trait5","FASTmrMLM","PstI.TP368759","2","73973899","1.9137e-05","0.0042","A"
"4","Trait5","FASTmrMLM","PstI.TP299144","2","73974614","2.7664e-05","0.0061","A"
"4","Trait5","FASTmrMLM","NsiI.TP777037","2","73985749","0.0376","0.2813","A"
"4","Trait5","FASTmrMLM","PstI.TP627658","2","73988488","2.0252e-05","0.0044","C"
"4","Trait5","FASTmrMLM","NsiI.TP131202","2","73995438","-2.1922e-05","0.0048","C"
"4","Trait5","FASTmrMLM","PstI.TP1046882","2","74014248","1e-04","0.0112","A"
"4","Trait5","FASTmrMLM","NsiI.TP435423","2","74014463","-3.2901e-06","7e-04","A"
"4","Trait5","FASTmrMLM","PstI.TP832728","2","74016042","-0.1805","1.0894","C"
"4","Trait5","FASTmrMLM","NsiI.TP794351","2","74027441","-1.1763e-06","3e-04","A"
"4","Trait5","FASTmrMLM","PstI.TP652075","2","74034354","6.2294e-06","0.0014","C"
"4","Trait5","FASTmrMLM","NsiI.TP332537","2","74045155","0.0567","0.5149","A"
"4","Trait5","FASTmrMLM","PstI.TP426606","2","74067576","-4.9768e-06","0.0011","A"
"4","Trait5","FASTmrMLM","PstI.TP939943","2","74074703","1.0429e-05","0.0023","C"
"4","Trait5","FASTmrMLM","PstI.TP366617","2","74102969","7.8439e-07","2e-04","A"
"4","Trait5","FASTmrMLM","PstI.TP1018526","2","74108162","4.3599e-05","0.0096","A"
"4","Trait5","FASTmrMLM","PstI.TP956112","2","74134866","1.9045e-05","0.0042","A"
"4","Trait5","FASTmrMLM","PstI.TP1083210","2","74137420","2.5589e-05","0.0056","A"
"4","Trait5","FASTmrMLM","GFSSContig3429_157","2","74145571","-0.0864","0.7036","A"
"4","Trait5","FASTmrMLM","NsiI.TP632649","2","74155149","0.0255","0.2149","A"
"4","Trait5","FASTmrMLM","NsiI.TP511048","2","74157361","-0.022","0.3073","A"
"4","Trait5","FASTmrMLM","PstI.TP783653","2","74160306","-0.2195","1.1462","A"
"4","Trait5","FASTmrMLM","PstI.TP1025461","2","74160371","-1.094e-05","0.0024","A"
"4","Trait5","FASTmrMLM","PstI.TP667855","2","74180736","6.0288e-07","1e-04","A"
"4","Trait5","FASTmrMLM","NsiI.TP485639","2","74181691","-5.022e-06","0.0011","G"
"4","Trait5","FASTmrMLM","NsiI.TP44316","2","74181876","8.0425e-06","0.0018","A"
"4","Trait5","FASTmrMLM","PstI.TP113808","2","74189742","-8.6766e-06","0.0019","G"
"4","Trait5","FASTmrMLM","PstI.TP1115678","2","74207862","-2.6129e-05","0.0057","G"
"4","Trait5","FASTmrMLM","PstI.TP229546","2","74208278","0.0234","0.1803","A"
"4","Trait5","FASTmrMLM","PstI.TP98285","2","74208363","0.0602","0.482","C"
"4","Trait5","FASTmrMLM","PstI.TP597315","2","74225334","-0.0857","0.5803","C"
"4","Trait5","FASTmrMLM","PstI.TP470724","2","74233578","-0.0595","0.2278","A"
"4","Trait5","FASTmrMLM","NsiI.TP333723","2","74239929","-0.0928","0.4288","C"
"4","Trait5","FASTmrMLM","NsiI.TP436561","2","74244361","-9.9786e-05","0.0096","G"
"4","Trait5","FASTmrMLM","NsiI.TP188428","2","74244645","0.0636","0.6838","G"
"4","Trait5","FASTmrMLM","PstI.TP690716","2","74246727","2.5619e-05","0.0056","C"
"4","Trait5","FASTmrMLM","NsiI.TP355804","2","74246894","2.2381e-05","0.0049","A"
"4","Trait5","FASTmrMLM","PstI.TP318623","2","74247436","0.2319","1.2651","C"
"4","Trait5","FASTmrMLM","NsiI.TP730806","2","74269636","-1.8327e-05","0.004","A"
"4","Trait5","FASTmrMLM","PstI.TP1139105","2","74276092","9.3875e-06","0.002","C"
"4","Trait5","FASTmrMLM","PstI.TP541575","2","74276308","0.015","0.1688","C"
"4","Trait5","FASTmrMLM","PstI.TP253012","2","74284979","2.0244e-06","4e-04","C"
"4","Trait5","FASTmrMLM","PstI.TP1201483","2","74285052","-3.6615e-06","8e-04","C"
"4","Trait5","FASTmrMLM","NsiI.TP757015","2","74305571","0.1913","1.9849","A"
"4","Trait5","FASTmrMLM","NsiI.TP98486","2","74337544","0.2839","1.1671","A"
"4","Trait5","FASTmrMLM","PstI.TP628733","2","74339825","-1.4205e-05","0.0031","A"
"4","Trait5","FASTmrMLM","NsiI.TP240682","2","74341499","7.1617e-06","0.0016","C"
"4","Trait5","FASTmrMLM","PstI.TP963472","2","74365535","-0.0184","0.1536","A"
"4","Trait5","FASTmrMLM","PstI.TP131041","2","74365562","-9.9641e-06","0.0022","C"
"4","Trait5","FASTmrMLM","PstI.TP994553","2","74405508","0.0837","0.5817","C"
"4","Trait5","FASTmrMLM","NsiI.TP667943","2","74406586","-0.0842","0.7216","C"
"4","Trait5","FASTmrMLM","NsiI.TP421092","2","74418745","1.0529e-05","0.0023","A"
"4","Trait5","FASTmrMLM","PstI.TP481651","2","74433538","-9e-04","0.0288","A"
"4","Trait5","FASTmrMLM","NsiI.TP630500","2","74435495","-0.1046","0.6261","C"
"4","Trait5","FASTmrMLM","NsiI.TP7588","2","74438360","-0.0536","0.3569","A"
"4","Trait5","FASTmrMLM","NsiI.TP665402","2","74460311","-5.4613e-06","0.0012","A"
"4","Trait5","FASTmrMLM","PstI.TP16800","2","74460397","-1.1291e-06","2e-04","A"
"4","Trait5","FASTmrMLM","NsiI.TP106851","2","74463789","2.6022e-05","0.0057","C"
"4","Trait5","FASTmrMLM","NsiI.TP759023","2","74474776","-2.5675e-06","6e-04","A"
"4","Trait5","FASTmrMLM","PstI.TP749093","2","74477521","0.1589","0.7146","A"
"4","Trait5","FASTmrMLM","NsiI.TP50958","2","74502622","-0.3246","1.8241","C"
"4","Trait5","FASTmrMLM","PstI.TP147859","2","74518389","-0.0316","0.2181","C"
"4","Trait5","FASTmrMLM","NsiI.TP139942","2","74519273","-4.3693e-05","0.0096","G"
"4","Trait5","FASTmrMLM","PstI.TP1225669","2","74521583","0.2546","1.5934","C"
"4","Trait5","FASTmrMLM","PstI.TP1179090","2","74526134","0.1855","1.5191","C"
"4","Trait5","FASTmrMLM","NsiI.TP514967","2","74529451","-0.203","0.9207","C"
"4","Trait5","FASTmrMLM","PstI.TP899848","2","74532319","1.3214e-05","0.0029","G"
"4","Trait5","FASTmrMLM","PstI.TP305275","2","74544938","0.0796","0.415","C"
"4","Trait5","FASTmrMLM","PstI.TP972757","2","74544996","9.2149e-06","0.002","C"
"4","Trait5","FASTmrMLM","PstI.TP750088","2","74551816","0.0553","0.5246","C"
"4","Trait5","FASTmrMLM","PstI.TP617580","2","74592975","-9.6474e-06","0.0021","C"
"4","Trait5","FASTmrMLM","PstI.TP263268","2","74593677","0.1146","0.9145","C"
"4","Trait5","FASTmrMLM","PstI.TP5429","2","74605041","0.0702","0.4565","G"
"4","Trait5","FASTmrMLM","NsiI.TP747508","2","74610627","-0.3506","1.3539","A"
"4","Trait5","FASTmrMLM","NsiI.TP635643","2","74627072","1.5814e-05","0.0035","C"
"4","Trait5","FASTmrMLM","NsiI.TP41841","2","74627859","-0.2731","3.5746","A"
"4","Trait5","FASTmrMLM","PstI.TP476220","2","74636899","-1.7295e-05","0.0038","C"
"4","Trait5","FASTmrMLM","GFSSContig12299_294","2","74657970","-6.1613e-06","0.0013","C"
"4","Trait5","FASTmrMLM","NsiI.TP374646","2","74682302","-0.049","0.3522","C"
"4","Trait5","FASTmrMLM","PstI.TP863693","2","74699135","3.4405e-06","7e-04","A"
"4","Trait5","FASTmrMLM","NsiI.TP136162","2","74701703","0.0562","0.3325","C"
"4","Trait5","FASTmrMLM","PstI.TP843926","2","74702611","-0.039","0.3472","A"
"4","Trait5","FASTmrMLM","NsiI.TP335419","2","74707808","0.0484","0.3961","C"
"4","Trait5","FASTmrMLM","PstI.TP13629","2","74748191","0.0941","0.4584","A"
"4","Trait5","FASTmrMLM","NsiI.TP699560","2","74758879","3.4701e-05","0.0076","A"
"4","Trait5","FASTmrMLM","NsiI.TP748304","2","74773992","-1.5586e-05","0.0034","C"
"4","Trait5","FASTmrMLM","PstI.TP783172","2","74775056","8.361e-06","0.0018","A"
"4","Trait5","FASTmrMLM","PstI.TP264141","2","74829513","-0.2027","0.668","A"
"4","Trait5","FASTmrMLM","NsiI.TP43669","2","74830506","4.1373e-05","0.0091","G"
"4","Trait5","FASTmrMLM","PstI.TP51995","2","74836619","2.858e-06","6e-04","A"
"4","Trait5","FASTmrMLM","GFSSContig2383_483","2","74841918","0.0553","0.6388","A"
"4","Trait5","FASTmrMLM","PstI.TP160077","2","74853246","-0.0256","0.3396","A"
"4","Trait5","FASTmrMLM","PstI.TP103361","2","74859736","1.3842e-05","0.003","A"
"4","Trait5","FASTmrMLM","NsiI.TP430233","2","74867064","-0.1009","0.8571","C"
"4","Trait5","FASTmrMLM","NsiI.TP533181","2","74867953","1.7235e-05","0.0038","G"
"4","Trait5","FASTmrMLM","PstI.TP803610","2","74889401","-1.1301e-05","0.0025","C"
"4","Trait5","FASTmrMLM","NsiI.TP133835","2","74932493","0.0735","0.5294","A"
"4","Trait5","FASTmrMLM","NsiI.TP241120","2","74944352","3.2463e-05","0.0071","C"
"4","Trait5","FASTmrMLM","NsiI.TP126113","2","74966338","2.3898e-05","0.0052","C"
"4","Trait5","FASTmrMLM","PstI.TP1101453","2","74966614","-0.1012","0.74","C"
"4","Trait5","FASTmrMLM","PstI.TP1162079","2","74969881","0.0469","0.2773","C"
"4","Trait5","FASTmrMLM","PstI.TP418762","2","74972183","0.1128","0.8356","C"
"4","Trait5","FASTmrMLM","PstI.TP836656","2","74973104","1.5905e-05","0.0035","A"
"4","Trait5","FASTmrMLM","PstI.TP836370","2","74973263","-2.5886e-05","0.0057","A"
"4","Trait5","FASTmrMLM","PstI.TP40154","2","74988847","1.9304e-06","4e-04","C"
"4","Trait5","FASTmrMLM","NsiI.TP167396","2","75013814","0.0774","0.8969","A"
"4","Trait5","FASTmrMLM","NsiI.TP716920","2","75017730","-4.4647e-05","0.0098","A"
"4","Trait5","FASTmrMLM","PstI.TP732685","2","75019634","3.4705e-05","0.0076","A"
"4","Trait5","FASTmrMLM","PstI.TP217373","2","75022093","3.7146e-06","8e-04","C"
"4","Trait5","FASTmrMLM","PstI.TP215841","2","75022138","-0.0202","0.2613","A"
"4","Trait5","FASTmrMLM","NsiI.TP424626","2","75047684","0.0513","0.341","A"
"4","Trait5","FASTmrMLM","NsiI.TP429862","2","75047703","-1.0873e-05","0.0024","C"
"4","Trait5","FASTmrMLM","NsiI.TP198676","2","75069959","1.758e-05","0.0038","G"
"4","Trait5","FASTmrMLM","PstI.TP766006","2","75070517","-0.0209","0.2546","C"
"4","Trait5","FASTmrMLM","NsiI.TP490519","2","75142389","-2.8459e-05","0.0062","A"
"4","Trait5","FASTmrMLM","NsiI.TP482616","2","75179365","2.0019e-05","0.0044","C"
"4","Trait5","FASTmrMLM","NsiI.TP502025","2","75191746","1.9953e-05","0.0044","A"
"4","Trait5","FASTmrMLM","NsiI.TP458534","2","75191846","5.3728e-06","0.0012","A"
"4","Trait5","FASTmrMLM","NsiI.TP532921","2","75209767","2.0369e-05","0.0045","A"
"4","Trait5","FASTmrMLM","NsiI.TP703439","2","75214252","-3.1792e-05","0.007","C"
"4","Trait5","FASTmrMLM","NsiI.TP686399","2","75214286","-7.8026e-05","0.0091","A"
"4","Trait5","FASTmrMLM","PstI.TP936172","2","75217141","1.007e-05","0.0022","A"
"4","Trait5","FASTmrMLM","NsiI.TP286304","2","75224496","-0.0152","0.2587","C"
"4","Trait5","FASTmrMLM","PstI.TP426528","2","75226780","0.0604","0.6019","A"
"4","Trait5","FASTmrMLM","NsiI.TP396238","2","75242223","1.0328e-05","0.0023","C"
"4","Trait5","FASTmrMLM","NsiI.TP399251","2","75242266","-3.4808e-06","8e-04","C"
"4","Trait5","FASTmrMLM","PstI.TP46038","2","75257343","-2.5157e-05","0.0055","A"
"4","Trait5","FASTmrMLM","PstI.TP414297","2","75262594","3.9905e-05","0.0088","A"
"4","Trait5","FASTmrMLM","GFSSContig17883_3292","2","75293222","-0.0277","0.2542","T"
"4","Trait5","FASTmrMLM","PstI.TP91738","2","75325372","1.6964e-05","0.0037","C"
"4","Trait5","FASTmrMLM","PstI.TP698852","2","75333362","-2.9406e-05","0.0064","C"
"4","Trait5","FASTmrMLM","PstI.TP433676","2","75336590","1.1472e-05","0.0025","A"
"4","Trait5","FASTmrMLM","PstI.TP484959","2","75347407","-8.9107e-07","2e-04","C"
"4","Trait5","FASTmrMLM","PstI.TP1201365","2","75348824","-1.5738e-05","0.0034","C"
"4","Trait5","FASTmrMLM","NsiI.TP530485","2","75356155","-2.0099e-05","0.0044","A"
"4","Trait5","FASTmrMLM","PstI.TP1014870","2","75357159","-1.7389e-05","0.0038","A"
"4","Trait5","FASTmrMLM","PstI.TP1270963","2","75367949","-0.1501","0.8214","A"
"4","Trait5","FASTmrMLM","NsiI.TP464213","2","75413419","-8.2787e-06","0.0018","A"
"4","Trait5","FASTmrMLM","NsiI.TP148238","2","75418608","-3.1101e-05","0.0068","A"
"4","Trait5","FASTmrMLM","PstI.TP177130","2","75420404","0.013","0.1673","C"
"4","Trait5","FASTmrMLM","NsiI.TP261212","2","75427990","0.1177","0.435","C"
"4","Trait5","FASTmrMLM","PstI.TP668000","2","75429637","-0.0052","0.1221","C"
"4","Trait5","FASTmrMLM","GFSSContig14716_1047","2","75444144","-1.7664e-05","0.0039","A"
"4","Trait5","FASTmrMLM","PstI.TP1244481","2","75457518","-1.2349e-05","0.0027","A"
"4","Trait5","FASTmrMLM","NsiI.TP557805","2","75471445","1.1366e-05","0.0025","A"
"4","Trait5","FASTmrMLM","NsiI.TP77639","2","75493158","-0.0226","0.2025","C"
"4","Trait5","FASTmrMLM","NsiI.TP89226","2","75495877","-1.8491e-05","0.004","A"
"4","Trait5","FASTmrMLM","PstI.TP523465","2","75496167","0.0879","0.5534","A"
"4","Trait5","FASTmrMLM","PstI.TP1272477","2","75556663","2.1727e-05","0.0048","A"
"4","Trait5","FASTmrMLM","PstI.TP589928","2","75564388","4.5655e-07","9.9368e-05","G"
"4","Trait5","FASTmrMLM","PstI.TP547023","2","75564773","0.1961","1.5831","C"
"4","Trait5","FASTmrMLM","PstI.TP1084041","2","75593890","-0.362","1.4629","A"
"4","Trait5","FASTmrMLM","NsiI.TP197655","2","75607433","-0.061","0.8048","C"
"4","Trait5","FASTmrMLM","NsiI.TP421795","2","75631318","-1.7413e-05","0.0038","A"
"4","Trait5","FASTmrMLM","NsiI.TP421794","2","75631332","-5.8026e-07","1e-04","A"
"4","Trait5","FASTmrMLM","PstI.TP877840","2","75679813","-1.2271e-05","0.0027","C"
"4","Trait5","FASTmrMLM","NsiI.TP592344","2","75689234","-6.3856e-06","0.0014","G"
"4","Trait5","FASTmrMLM","PstI.TP124624","2","75731187","-0.0066","0.0835","A"
"4","Trait5","FASTmrMLM","NsiI.TP144719","2","75734550","-1.2159e-05","0.0027","C"
"4","Trait5","FASTmrMLM","NsiI.TP144720","2","75734552","0.0588","0.3281","C"
"4","Trait5","FASTmrMLM","PstI.TP789962","2","75761816","2.259e-05","0.0049","A"
"4","Trait5","FASTmrMLM","PstI.TP684616","2","75766042","0.138","0.8469","A"
"4","Trait5","FASTmrMLM","NsiI.TP164112","2","75774037","-1.4925e-06","3e-04","A"
"4","Trait5","FASTmrMLM","NsiI.TP621291","2","75792936","-7.8633e-06","0.0017","A"
"4","Trait5","FASTmrMLM","PstI.TP1196760","2","75793874","1.952e-05","0.0043","G"
"4","Trait5","FASTmrMLM","NsiI.TP345522","2","75795014","0.1291","1.2049","G"
"4","Trait5","FASTmrMLM","NsiI.TP601663","2","75796926","-1.3695e-05","0.003","A"
"4","Trait5","FASTmrMLM","NsiI.TP737776","2","75806835","-7.5786e-06","0.0017","A"
"4","Trait5","FASTmrMLM","NsiI.TP557583","2","75812920","-0.0666","0.6893","C"
"4","Trait5","FASTmrMLM","PstI.TP971823","2","75829543","-2.5019e-06","5e-04","C"
"4","Trait5","FASTmrMLM","PstI.TP265153","2","75829578","-1.7826e-05","0.0039","A"
"4","Trait5","FASTmrMLM","GFSSContig9424_249","2","75838782","1.528e-05","0.0033","T"
"4","Trait5","FASTmrMLM","PstI.TP136412","2","75942141","2.8107e-05","0.0062","C"
"4","Trait5","FASTmrMLM","NsiI.TP643544","2","75946500","-3.6833e-06","8e-04","G"
"4","Trait5","FASTmrMLM","PstI.TP852382","2","75954470","-9.0485e-06","0.002","A"
"4","Trait5","FASTmrMLM","PstI.TP1256498","2","75977176","4.2816e-05","0.0094","A"
"4","Trait5","FASTmrMLM","NsiI.TP430472","2","76015342","1.0773e-06","2e-04","C"
"4","Trait5","FASTmrMLM","PstI.TP1049469","2","76019458","-0.0754","0.5508","A"
"4","Trait5","FASTmrMLM","NsiI.TP568758","2","76025770","2.0592e-05","0.0045","G"
"4","Trait5","FASTmrMLM","PstI.TP377913","2","76045388","1.1896e-05","0.0026","C"
"4","Trait5","FASTmrMLM","NsiI.TP367714","2","76046856","-0.0505","0.4573","A"
"4","Trait5","FASTmrMLM","PstI.TP240569","2","76098555","1.3818e-05","0.003","A"
"4","Trait5","FASTmrMLM","PstI.TP884600","2","76099857","1.0825e-06","2e-04","A"
"4","Trait5","FASTmrMLM","PstI.TP879073","2","76104995","-6.1297e-06","0.0013","C"
"4","Trait5","FASTmrMLM","NsiI.TP486731","2","76163097","1.0651e-05","0.0023","C"
"4","Trait5","FASTmrMLM","PstI.TP542274","2","76164023","0.1547","0.8775","A"
"4","Trait5","FASTmrMLM","PstI.TP888980","2","76169411","-1.5206e-05","0.0033","C"
"4","Trait5","FASTmrMLM","NsiI.TP754476","2","76199690","-1.0626e-05","0.0023","A"
"4","Trait5","FASTmrMLM","NsiI.TP504232","2","76200275","-3.5216e-05","0.0077","C"
"4","Trait5","FASTmrMLM","NsiI.TP500086","2","76200338","1.4084e-05","0.0031","A"
"4","Trait5","FASTmrMLM","NsiI.TP538641","2","76208251","2.573e-05","0.0056","A"
"4","Trait5","FASTmrMLM","NsiI.TP729346","2","76241885","4.5382e-06","0.001","C"
"4","Trait5","FASTmrMLM","PstI.TP988947","2","76243149","-0.1449","0.8014","C"
"4","Trait5","FASTmrMLM","PstI.TP189657","2","76275837","0.1787","1.9482","A"
"4","Trait5","FASTmrMLM","PstI.TP153500","2","76322220","0.1946","0.7857","A"
"4","Trait5","FASTmrMLM","PstI.TP704538","2","76324550","-3.7717e-05","0.0083","C"
"4","Trait5","FASTmrMLM","PstI.TP1027981","2","76324874","-1.0403e-06","2e-04","C"
"4","Trait5","FASTmrMLM","NsiI.TP357145","2","76370252","3.7213e-05","0.0082","C"
"4","Trait5","FASTmrMLM","NsiI.TP437870","2","76401588","-3.8207e-05","0.0084","A"
"4","Trait5","FASTmrMLM","NsiI.TP39913","2","76409395","1.096e-05","0.0024","C"
"4","Trait5","FASTmrMLM","NsiI.TP27442","2","76412261","-1.0334e-05","0.0023","A"
"4","Trait5","FASTmrMLM","NsiI.TP631573","2","76412324","-7.4408e-05","0.0087","G"
"4","Trait5","FASTmrMLM","NsiI.TP698937","2","76417589","-2.3134e-05","0.0051","A"
"4","Trait5","FASTmrMLM","PstI.TP173053","2","76417730","-2.1879e-05","0.0048","C"
"4","Trait5","FASTmrMLM","PstI.TP51270","2","76427354","-1.2286e-05","0.0027","A"
"4","Trait5","FASTmrMLM","PstI.TP702471","2","76427378","1.182e-06","3e-04","A"
"4","Trait5","FASTmrMLM","PstI.TP827535","2","76431310","1.1125e-05","0.0024","C"
"4","Trait5","FASTmrMLM","NsiI.TP229104","2","76432095","3.7224e-05","0.0082","A"
"4","Trait5","FASTmrMLM","PstI.TP211541","2","76435795","-1.1088e-05","0.0024","C"
"4","Trait5","FASTmrMLM","NsiI.TP84709","2","76450766","-1.236e-06","3e-04","A"
"4","Trait5","FASTmrMLM","NsiI.TP505147","2","76494500","1.4015e-05","0.0031","C"
"4","Trait5","FASTmrMLM","NsiI.TP194036","2","76497332","4.6663e-06","0.001","C"
"4","Trait5","FASTmrMLM","PstI.TP163131","2","76497375","-4.3911e-07","9.5581e-05","A"
"4","Trait5","FASTmrMLM","PstI.TP1191737","2","76509702","4.8458e-06","0.0011","C"
"4","Trait5","FASTmrMLM","PstI.TP1152304","2","76517421","4.5193e-05","0.01","A"
"4","Trait5","FASTmrMLM","PstI.TP614480","2","76558600","-0.0317","0.4396","G"
"4","Trait5","FASTmrMLM","NsiI.TP777122","2","76600394","6.4129e-07","1e-04","A"
"4","Trait5","FASTmrMLM","NsiI.TP188998","2","76600741","-1.1709e-05","0.0026","A"
"4","Trait5","FASTmrMLM","PstI.TP881184","2","76620224","-1.7918e-05","0.0039","A"
"4","Trait5","FASTmrMLM","PstI.TP1171163","2","76656926","8.1996e-07","2e-04","C"
"4","Trait5","FASTmrMLM","PstI.TP1226627","2","76679009","-0.1011","0.5185","A"
"4","Trait5","FASTmrMLM","NsiI.TP521144","2","76682950","-0.0633","0.3854","C"
"4","Trait5","FASTmrMLM","NsiI.TP413289","2","76684626","-8.307e-06","0.0018","A"
"4","Trait5","FASTmrMLM","PstI.TP133896","2","76688457","-1.9929e-05","0.0044","A"
"4","Trait5","FASTmrMLM","NsiI.TP439822","2","76701841","0.0467","0.1972","C"
"4","Trait5","FASTmrMLM","NsiI.TP15808","2","76703925","-0.1289","0.8398","A"
"4","Trait5","FASTmrMLM","PstI.TP669832","2","76707459","1.0774e-05","0.0024","C"
"4","Trait5","FASTmrMLM","PstI.TP219830","2","76708479","-0.1914","1.1087","A"
"4","Trait5","FASTmrMLM","PstI.TP255193","2","76708604","-0.0799","0.4339","A"
"4","Trait5","FASTmrMLM","PstI.TP822549","2","76711758","3.088e-05","0.0068","C"
"4","Trait5","FASTmrMLM","PstI.TP40831","2","76737443","2.9362e-05","0.0064","A"
"4","Trait5","FASTmrMLM","PstI.TP360583","2","76751283","2.5356e-05","0.0056","A"
"4","Trait5","FASTmrMLM","PstI.TP932728","2","76753489","9.1393e-06","0.002","C"
"4","Trait5","FASTmrMLM","PstI.TP158137","2","76754889","-1.995e-05","0.0044","A"
"4","Trait5","FASTmrMLM","PstI.TP159254","2","76754930","5.292e-06","0.0012","A"
"4","Trait5","FASTmrMLM","NsiI.TP328196","2","76790121","-0.0153","0.1999","A"
"4","Trait5","FASTmrMLM","NsiI.TP513342","2","76805949","0.0224","0.2521","C"
"4","Trait5","FASTmrMLM","NsiI.TP662446","2","76810101","1.9626e-05","0.0043","C"
"4","Trait5","FASTmrMLM","NsiI.TP431512","2","76812635","0.1149","1.4388","A"
"4","Trait5","FASTmrMLM","PstI.TP378617","2","76813654","-3.7727e-05","0.0065","A"
"4","Trait5","FASTmrMLM","NsiI.TP731576","2","76814620","-0.2679","1.569","C"
"4","Trait5","FASTmrMLM","NsiI.TP523428","2","76817812","1.8471e-05","0.004","C"
"4","Trait5","FASTmrMLM","NsiI.TP507453","2","76834675","0.0637","0.7081","G"
"4","Trait5","FASTmrMLM","NsiI.TP111505","2","76892193","9.5536e-06","0.0021","A"
"4","Trait5","FASTmrMLM","PstI.TP212651","2","76927155","-0.0487","0.3551","A"
"4","Trait5","FASTmrMLM","NsiI.TP734809","2","76947994","0.0253","0.3328","C"
"4","Trait5","FASTmrMLM","PstI.TP606677","2","76974488","-0.1056","0.8417","A"
"4","Trait5","FASTmrMLM","PstI.TP684435","2","76993257","2.1362e-05","0.0047","A"
"4","Trait5","FASTmrMLM","PstI.TP684437","2","76993284","-4.3543e-06","9e-04","A"
"4","Trait5","FASTmrMLM","PstI.TP19604","2","77024130","-8.9278e-05","0.0092","G"
"4","Trait5","FASTmrMLM","PstI.TP489365","2","77061474","0.0741","0.7551","A"
"4","Trait5","FASTmrMLM","PstI.TP759089","2","77092893","-1.2492e-05","0.0027","G"
"4","Trait5","FASTmrMLM","NsiI.TP773047","2","77106799","-3.6772e-06","8e-04","A"
"4","Trait5","FASTmrMLM","NsiI.TP247457","2","77110708","1.6855e-05","0.0037","G"
"4","Trait5","FASTmrMLM","NsiI.TP642629","2","77178723","-0.0825","0.4429","C"
"4","Trait5","FASTmrMLM","PstI.TP309715","2","77178741","0.2012","0.9384","C"
"4","Trait5","FASTmrMLM","PstI.TP247420","2","77186968","1.1627e-05","0.0025","C"
"4","Trait5","FASTmrMLM","PstI.TP1102650","2","77204402","-1e-04","0.0098","C"
"4","Trait5","FASTmrMLM","NsiI.TP67391","2","77227185","-1.4039e-05","0.0031","A"
"4","Trait5","FASTmrMLM","NsiI.TP267068","2","77239716","9.8401e-06","0.0021","G"
"4","Trait5","FASTmrMLM","PstI.TP337812","2","77243776","2.9851e-05","0.0065","A"
"4","Trait5","FASTmrMLM","NsiI.TP71273","2","77254780","1.6715e-05","0.0037","A"
"4","Trait5","FASTmrMLM","PstI.TP682522","2","77263024","0.0359","0.358","C"
"4","Trait5","FASTmrMLM","PstI.TP8259","2","77302082","-0.0507","0.4798","C"
"4","Trait5","FASTmrMLM","PstI.TP270928","2","77316339","-1.4494e-05","0.0032","A"
"4","Trait5","FASTmrMLM","NsiI.TP776707","2","77323616","-1.6084e-05","0.0035","A"
"4","Trait5","FASTmrMLM","PstI.TP975510","2","77328545","0.0845","1.1533","A"
"4","Trait5","FASTmrMLM","NsiI.TP415698","2","77335059","-1.8959e-05","0.0041","C"
"4","Trait5","FASTmrMLM","PstI.TP1127936","2","77356479","-3.0448e-06","7e-04","C"
"4","Trait5","FASTmrMLM","PstI.TP187879","2","77384233","-0.1623","0.8442","C"
"4","Trait5","FASTmrMLM","NsiI.TP354396","2","77409816","-2.1683e-05","0.0047","C"
"4","Trait5","FASTmrMLM","NsiI.TP556241","2","77429950","8.2817e-07","2e-04","C"
"4","Trait5","FASTmrMLM","NsiI.TP254218","2","77444700","-1.2799e-05","0.0028","A"
"4","Trait5","FASTmrMLM","PstI.TP1074694","2","77446111","-9.3445e-06","0.002","A"
"4","Trait5","FASTmrMLM","NsiI.TP596373","2","77455296","-0.0863","0.8301","A"
"4","Trait5","FASTmrMLM","PstI.TP915000","2","77458262","-1e-04","0.0104","A"
"4","Trait5","FASTmrMLM","NsiI.TP167690","2","77466163","-8.0741e-06","0.0018","C"
"4","Trait5","FASTmrMLM","PstI.TP1249485","2","77478436","-1.6609e-06","4e-04","C"
"4","Trait5","FASTmrMLM","NsiI.TP583078","2","77479141","-2.4731e-05","0.0054","A"
"4","Trait5","FASTmrMLM","PstI.TP51382","2","77487440","-4.0857e-06","9e-04","A"
"4","Trait5","FASTmrMLM","PstI.TP992580","2","77487725","-2.9933e-05","0.0066","G"
"4","Trait5","FASTmrMLM","NsiI.TP29793","2","77504514","-1.2033e-05","0.0026","C"
"4","Trait5","FASTmrMLM","PstI.TP1236628","2","77517498","2.5989e-05","0.0057","A"
"4","Trait5","FASTmrMLM","PstI.TP40160","2","77518912","1.9398e-05","0.0042","G"
"4","Trait5","FASTmrMLM","PstI.TP338015","2","77540960","9.5964e-06","0.0021","G"
"4","Trait5","FASTmrMLM","PstI.TP819762","2","77563231","0.064","0.433","A"
"4","Trait5","FASTmrMLM","PstI.TP208875","2","77571497","3.4625e-05","0.0061","C"
"4","Trait5","FASTmrMLM","PstI.TP839994","2","77582128","5.2762e-06","0.0012","A"
"4","Trait5","FASTmrMLM","PstI.TP1014630","2","77584126","1.1537e-06","3e-04","C"
"4","Trait5","FASTmrMLM","NsiI.TP354177","2","77587295","-4.0081e-06","9e-04","A"
"4","Trait5","FASTmrMLM","NsiI.TP363864","2","77610535","-1.622e-06","4e-04","C"
"4","Trait5","FASTmrMLM","PstI.TP310027","2","77613740","-1.6295e-05","0.0036","G"
"4","Trait5","FASTmrMLM","PstI.TP359102","2","77614014","-0.1259","0.6108","C"
"4","Trait5","FASTmrMLM","NsiI.TP430643","2","77650726","1.4664e-05","0.0032","A"
"4","Trait5","FASTmrMLM","PstI.TP1184179","3","25531","-3e-04","0.0167","A"
"4","Trait5","FASTmrMLM","PstI.TP1264040","3","25831","-1e-04","0.009","C"
"4","Trait5","FASTmrMLM","NsiI.TP340238","3","67622","1.0956e-05","0.0024","A"
"4","Trait5","FASTmrMLM","PstI.TP238098","3","116442","2.6597e-05","0.0058","C"
"4","Trait5","FASTmrMLM","NsiI.TP827492","3","136669","1.1428e-05","0.0025","G"
"4","Trait5","FASTmrMLM","NsiI.TP421889","3","138526","-5.6703e-06","0.0012","A"
"4","Trait5","FASTmrMLM","NsiI.TP578589","3","199949","-1.0327e-05","0.0023","A"
"4","Trait5","FASTmrMLM","NsiI.TP436966","3","208286","4.9219e-07","1e-04","A"
"4","Trait5","FASTmrMLM","NsiI.TP37195","3","231287","-1.3367e-05","0.0029","C"
"4","Trait5","FASTmrMLM","GFSSContig12124_870","3","231933","-4.5018e-06","0.001","T"
"4","Trait5","FASTmrMLM","PstI.TP813572","3","233118","3.8401e-07","8.3579e-05","C"
"4","Trait5","FASTmrMLM","PstI.TP945778","3","233704","-2.6931e-05","0.0059","G"
"4","Trait5","FASTmrMLM","PstI.TP1267260","3","273484","9.7319e-06","0.0021","A"
"4","Trait5","FASTmrMLM","PstI.TP927956","3","304752","6.377e-06","0.0014","G"
"4","Trait5","FASTmrMLM","NsiI.TP467042","3","307026","-1.295e-05","0.0028","C"
"4","Trait5","FASTmrMLM","NsiI.TP388426","3","311330","3.8751e-06","8e-04","A"
"4","Trait5","FASTmrMLM","PstI.TP1107212","3","326411","1.7323e-05","0.0038","G"
"4","Trait5","FASTmrMLM","PstI.TP1273310","3","337611","1.5361e-05","0.0034","A"
"4","Trait5","FASTmrMLM","PstI.TP899766","3","375733","0.0437","0.5316","A"
"4","Trait5","FASTmrMLM","NsiI.TP307245","3","375733","1.1769e-05","0.0026","C"
"4","Trait5","FASTmrMLM","NsiI.TP808690","3","387577","0.0413","0.2875","A"
"4","Trait5","FASTmrMLM","NsiI.TP45036","3","389776","4.1216e-06","9e-04","A"
"4","Trait5","FASTmrMLM","PstI.TP436194","3","390179","-3.4682e-07","7.5483e-05","A"
"4","Trait5","FASTmrMLM","PstI.TP269152","3","390266","-2e-04","0.0142","A"
"4","Trait5","FASTmrMLM","PstI.TP889699","3","395043","7.6987e-06","0.0017","C"
"4","Trait5","FASTmrMLM","NsiI.TP716235","3","401571","-0.377","2.2926","A"
"4","Trait5","FASTmrMLM","GFSSContig4415_344","3","418331","-2.8478e-05","0.0062","A"
"4","Trait5","FASTmrMLM","PstI.TP1283869","3","431620","-3.8913e-05","0.0086","C"
"4","Trait5","FASTmrMLM","GFSSContig11879_277","3","432163","4.1015e-06","9e-04","A"
"4","Trait5","FASTmrMLM","NsiI.TP378526","3","465733","-1.8505e-05","0.004","A"
"4","Trait5","FASTmrMLM","NsiI.TP533643","3","471619","-4.1216e-06","9e-04","A"
"4","Trait5","FASTmrMLM","PstI.TP624906","3","472608","-9.1448e-06","0.002","A"
"4","Trait5","FASTmrMLM","NsiI.TP690773","3","474392","2.0054e-05","0.0044","A"
"4","Trait5","FASTmrMLM","NsiI.TP39838","3","515389","8.4626e-06","0.0018","A"
"4","Trait5","FASTmrMLM","PstI.TP817093","3","515909","-0.073","0.2704","A"
"4","Trait5","FASTmrMLM","NsiI.TP107039","3","530352","-2.5857e-05","0.0057","G"
"4","Trait5","FASTmrMLM","PstI.TP1102391","3","553598","0.0423","0.3658","C"
"4","Trait5","FASTmrMLM","PstI.TP992560","3","554935","7.9774e-06","0.0017","C"
"4","Trait5","FASTmrMLM","NsiI.TP743447","3","562900","1.9541e-05","0.0043","A"
"4","Trait5","FASTmrMLM","NsiI.TP39892","3","574631","4.7173e-05","0.0104","C"
"4","Trait5","FASTmrMLM","NsiI.TP152677","3","602439","0.2023","1.5791","A"
"4","Trait5","FASTmrMLM","NsiI.TP735814","3","634224","1.1401e-05","0.0025","C"
"4","Trait5","FASTmrMLM","GFSSContig1614_738","3","645241","-0.0426","0.4065","T"
"4","Trait5","FASTmrMLM","PstI.TP235775","3","671330","4.2321e-06","9e-04","C"
"4","Trait5","FASTmrMLM","PstI.TP869606","3","671922","-3.0258e-05","0.0066","C"
"4","Trait5","FASTmrMLM","PstI.TP858135","3","671946","-0.0748","0.8686","C"
"4","Trait5","FASTmrMLM","PstI.TP987920","3","679807","-2.1342e-05","0.0047","C"
"4","Trait5","FASTmrMLM","PstI.TP693626","3","692292","2.0501e-05","0.0045","A"
"4","Trait5","FASTmrMLM","PstI.TP1049281","3","705558","2.8169e-06","6e-04","A"
"4","Trait5","FASTmrMLM","PstI.TP620526","3","716710","0.0355","0.3304","C"
"4","Trait5","FASTmrMLM","PstI.TP244561","3","727644","2.7195e-05","0.006","A"
"4","Trait5","FASTmrMLM","PstI.TP910515","3","799187","3.0195e-05","0.0066","A"
"4","Trait5","FASTmrMLM","NsiI.TP326716","3","808949","1.2849e-05","0.0028","A"
"4","Trait5","FASTmrMLM","PstI.TP664741","3","811979","-2.9616e-05","0.0065","A"
"4","Trait5","FASTmrMLM","NsiI.TP819455","3","863872","2.8386e-05","0.0062","C"
"4","Trait5","FASTmrMLM","NsiI.TP622394","3","880552","-5.4487e-06","0.0012","A"
"4","Trait5","FASTmrMLM","PstI.TP15204","3","912527","-2.9178e-05","0.0064","C"
"4","Trait5","FASTmrMLM","PstI.TP922943","3","924284","1.4833e-05","0.0032","A"
"4","Trait5","FASTmrMLM","NsiI.TP565172","3","944664","-4.2268e-05","0.0093","A"
"4","Trait5","FASTmrMLM","NsiI.TP65419","3","945902","-2.1307e-05","0.0047","C"
"4","Trait5","FASTmrMLM","PstI.TP424908","3","951072","-1.9364e-05","0.0042","C"
"4","Trait5","FASTmrMLM","NsiI.TP715791","3","960930","-3.2041e-06","7e-04","A"
"4","Trait5","FASTmrMLM","NsiI.TP409408","3","987525","-3.4236e-06","7e-04","C"
"4","Trait5","FASTmrMLM","PstI.TP109994","3","998411","-5.1842e-07","1e-04","C"
"4","Trait5","FASTmrMLM","PstI.TP1271315","3","1000218","1.1565e-05","0.0025","A"
"4","Trait5","FASTmrMLM","PstI.TP1170092","3","1000269","1.7692e-06","4e-04","C"
"4","Trait5","FASTmrMLM","PstI.TP12165","3","1009062","-2.1854e-05","0.0048","C"
"4","Trait5","FASTmrMLM","PstI.TP1242958","3","1063940","-0.0978","1.0324","A"
"4","Trait5","FASTmrMLM","PstI.TP506855","3","1076083","4.7203e-06","0.001","A"
"4","Trait5","FASTmrMLM","NsiI.TP202398","3","1077848","1.1046e-05","0.0024","A"
"4","Trait5","FASTmrMLM","NsiI.TP608366","3","1136404","-6.8113e-06","0.0015","C"
"4","Trait5","FASTmrMLM","PstI.TP1203665","3","1140451","-1.4945e-05","0.0033","G"
"4","Trait5","FASTmrMLM","PstI.TP1030217","3","1141809","0.0574","0.4876","G"
"4","Trait5","FASTmrMLM","PstI.TP829848","3","1169406","-2.6759e-06","6e-04","A"
"4","Trait5","FASTmrMLM","PstI.TP177818","3","1173132","6.7242e-07","1e-04","A"
"4","Trait5","FASTmrMLM","PstI.TP150305","3","1174820","0.1083","0.6422","A"
"4","Trait5","FASTmrMLM","PstI.TP222580","3","1218572","-0.0381","0.5537","A"
"4","Trait5","FASTmrMLM","NsiI.TP636002","3","1219431","8.4884e-06","0.0019","C"
"4","Trait5","FASTmrMLM","PstI.TP792213","3","1228699","3.3051e-06","7e-04","C"
"4","Trait5","FASTmrMLM","NsiI.TP625668","3","1228713","1.7603e-05","0.0038","C"
"4","Trait5","FASTmrMLM","NsiI.TP484790","3","1230186","-2.0679e-05","0.0045","A"
"4","Trait5","FASTmrMLM","PstI.TP469036","3","1239679","-2.8921e-06","6e-04","A"
"4","Trait5","FASTmrMLM","PstI.TP981662","3","1256836","2.743e-05","0.006","A"
"4","Trait5","FASTmrMLM","PstI.TP864763","3","1256958","-1.2911e-05","0.0028","C"
"4","Trait5","FASTmrMLM","NsiI.TP580217","3","1283470","-2.1457e-06","5e-04","C"
"4","Trait5","FASTmrMLM","NsiI.TP233159","3","1290506","0.0376","0.2424","C"
"4","Trait5","FASTmrMLM","PstI.TP851527","3","1292449","-1.0161e-05","0.0022","A"
"4","Trait5","FASTmrMLM","NsiI.TP797203","3","1292686","0.2136","1.1617","C"
"4","Trait5","FASTmrMLM","NsiI.TP307068","3","1307996","-5.8405e-07","1e-04","G"
"4","Trait5","FASTmrMLM","PstI.TP799869","3","1332119","0.1041","0.931","A"
"4","Trait5","FASTmrMLM","PstI.TP276179","3","1344299","0.0632","0.6558","C"
"4","Trait5","FASTmrMLM","PstI.TP293017","3","1347786","0.0348","0.4624","A"
"4","Trait5","FASTmrMLM","NsiI.TP34738","3","1405293","-0.0588","0.3238","G"
"4","Trait5","FASTmrMLM","NsiI.TP439833","3","1409062","-2.0848e-05","0.0046","C"
"4","Trait5","FASTmrMLM","PstI.TP320876","3","1436337","4.3834e-05","0.0096","A"
"4","Trait5","FASTmrMLM","PstI.TP749748","3","1436383","3.1537e-05","0.0069","A"
"4","Trait5","FASTmrMLM","PstI.TP875104","3","1447825","1.6106e-05","0.0035","A"
"4","Trait5","FASTmrMLM","PstI.TP974423","3","1448580","-1.3774e-05","0.003","C"
"4","Trait5","FASTmrMLM","NsiI.TP471154","3","1453865","-0.0279","0.2247","C"
"4","Trait5","FASTmrMLM","PstI.TP993168","3","1456902","-1.22e-05","0.0027","G"
"4","Trait5","FASTmrMLM","NsiI.TP521868","3","1462770","6.6846e-06","0.0015","C"
"4","Trait5","FASTmrMLM","PstI.TP802117","3","1469017","-1.2676e-05","0.0028","A"
"4","Trait5","FASTmrMLM","PstI.TP671650","3","1491598","-8.5669e-06","0.0019","G"
"4","Trait5","FASTmrMLM","NsiI.TP681352","3","1496392","4.4922e-06","0.001","C"
"4","Trait5","FASTmrMLM","NsiI.TP7824","3","1497822","0.1105","1.0198","G"
"4","Trait5","FASTmrMLM","PstI.TP487778","3","1541283","8.3013e-06","0.0018","C"
"4","Trait5","FASTmrMLM","PstI.TP1175375","3","1541888","-1.9455e-05","0.0043","A"
"4","Trait5","FASTmrMLM","PstI.TP579357","3","1555869","-0.0187","0.2075","C"
"4","Trait5","FASTmrMLM","GFSSContig5486_299","3","1574810","2.7583e-05","0.006","A"
"4","Trait5","FASTmrMLM","PstI.TP1157898","3","1576323","0.1554","0.8944","A"
"4","Trait5","FASTmrMLM","PstI.TP1004455","3","1576742","2.8576e-06","6e-04","C"
"4","Trait5","FASTmrMLM","PstI.TP80558","3","1581858","-0.0166","0.18","C"
"4","Trait5","FASTmrMLM","PstI.TP5709","3","1593159","1.4228e-06","3e-04","C"
"4","Trait5","FASTmrMLM","PstI.TP675948","3","1596822","1.0334e-05","0.0023","A"
"4","Trait5","FASTmrMLM","NsiI.TP36902","3","1611928","-1.4075e-06","3e-04","A"
"4","Trait5","FASTmrMLM","NsiI.TP475463","3","1613406","-0.1703","1.047","A"
"4","Trait5","FASTmrMLM","PstI.TP225552","3","1637273","-1.039e-05","0.0023","C"
"4","Trait5","FASTmrMLM","NsiI.TP471227","3","1655623","-6.2686e-07","1e-04","A"
"4","Trait5","FASTmrMLM","NsiI.TP471228","3","1655636","-3.4632e-05","0.0076","G"
"4","Trait5","FASTmrMLM","PstI.TP387942","3","1681133","3e-04","0.0156","C"
"4","Trait5","FASTmrMLM","PstI.TP387943","3","1681135","2.5323e-06","6e-04","C"
"4","Trait5","FASTmrMLM","PstI.TP933571","3","1703532","-3.9119e-06","9e-04","C"
"4","Trait5","FASTmrMLM","NsiI.TP517340","3","1719309","-2.2585e-05","0.0049","A"
"4","Trait5","FASTmrMLM","NsiI.TP493930","3","1747107","1.8565e-05","0.0041","C"
"4","Trait5","FASTmrMLM","PstI.TP1224612","3","1747110","9.2135e-06","0.002","A"
"4","Trait5","FASTmrMLM","NsiI.TP468338","3","1770761","-2.003e-05","0.0044","C"
"4","Trait5","FASTmrMLM","NsiI.TP629723","3","1773449","0.1152","0.7346","C"
"4","Trait5","FASTmrMLM","PstI.TP275635","3","1773752","0.1346","0.5807","A"
"4","Trait5","FASTmrMLM","PstI.TP224541","3","1782299","0.1683","0.7022","A"
"4","Trait5","FASTmrMLM","PstI.TP364848","3","1784739","-1.8147e-06","4e-04","C"
"4","Trait5","FASTmrMLM","NsiI.TP391574","3","1786357","0.1034","1.0421","A"
"4","Trait5","FASTmrMLM","PstI.TP1096280","3","1833730","0.0201","0.1843","A"
"4","Trait5","FASTmrMLM","NsiI.TP304764","3","1836392","0.0741","0.5497","C"
"4","Trait5","FASTmrMLM","NsiI.TP210276","3","1836480","-3.9416e-06","9e-04","A"
"4","Trait5","FASTmrMLM","PstI.TP356238","3","1849836","-0.0447","0.5201","A"
"4","Trait5","FASTmrMLM","NsiI.TP473363","3","1866168","-0.0668","0.4156","A"
"4","Trait5","FASTmrMLM","NsiI.TP473364","3","1866183","0.0818","0.4771","A"
"4","Trait5","FASTmrMLM","PstI.TP1064534","3","1870807","-0.0674","0.4179","G"
"4","Trait5","FASTmrMLM","PstI.TP1064580","3","1870844","0.2139","1.4418","G"
"4","Trait5","FASTmrMLM","PstI.TP26379","3","1904189","-9.8231e-07","2e-04","G"
"4","Trait5","FASTmrMLM","PstI.TP877451","3","1927412","1.9779e-05","0.0043","C"
"4","Trait5","FASTmrMLM","PstI.TP71583","3","1929402","0.1075","0.5905","C"
"4","Trait5","FASTmrMLM","PstI.TP1253947","3","1935992","-8.3149e-06","0.0018","A"
"4","Trait5","FASTmrMLM","NsiI.TP555693","3","1937329","-3.1601e-05","0.0069","A"
"4","Trait5","FASTmrMLM","PstI.TP542244","3","1937468","-1.5634e-05","0.0034","C"
"4","Trait5","FASTmrMLM","PstI.TP542404","3","1937470","-0.0504","0.3866","A"
"4","Trait5","FASTmrMLM","NsiI.TP39366","3","1939898","-5.7461e-06","0.0013","A"
"4","Trait5","FASTmrMLM","NsiI.TP634953","3","1945759","-1.0721e-05","0.0023","C"
"4","Trait5","FASTmrMLM","PstI.TP166481","3","1960833","-2.7961e-05","0.0055","A"
"4","Trait5","FASTmrMLM","PstI.TP707831","3","1962270","0.0971","1.1341","C"
"4","Trait5","FASTmrMLM","NsiI.TP281134","3","1974705","-0.1727","0.9022","A"
"4","Trait5","FASTmrMLM","PstI.TP195562","3","2002525","-0.0975","0.6237","A"
"4","Trait5","FASTmrMLM","PstI.TP1289056","3","2011598","-1.7932e-05","0.0039","A"
"4","Trait5","FASTmrMLM","NsiI.TP678565","3","2012974","3.4994e-05","0.0077","A"
"4","Trait5","FASTmrMLM","PstI.TP481318","3","2024165","-0.1205","0.7411","G"
"4","Trait5","FASTmrMLM","NsiI.TP213627","3","2064923","-1.6789e-05","0.0037","G"
"4","Trait5","FASTmrMLM","PstI.TP124100","3","2071615","1.931e-05","0.0042","G"
"4","Trait5","FASTmrMLM","NsiI.TP642503","3","2116537","1.1984e-05","0.0026","A"
"4","Trait5","FASTmrMLM","NsiI.TP337762","3","2117374","0.1132","0.6892","A"
"4","Trait5","FASTmrMLM","NsiI.TP213960","3","2122907","1.9148e-05","0.0042","C"
"4","Trait5","FASTmrMLM","PstI.TP267556","3","2124660","5.1466e-06","0.0011","A"
"4","Trait5","FASTmrMLM","NsiI.TP576394","3","2140335","-1.281e-05","0.0028","C"
"4","Trait5","FASTmrMLM","NsiI.TP816454","3","2141105","-8.3421e-06","0.0018","A"
"4","Trait5","FASTmrMLM","NsiI.TP624113","3","2144767","1.3844e-05","0.003","G"
"4","Trait5","FASTmrMLM","PstI.TP1236623","3","2150758","0.0919","0.6103","C"
"4","Trait5","FASTmrMLM","NsiI.TP144348","3","2152221","-1.624e-05","0.0035","A"
"4","Trait5","FASTmrMLM","NsiI.TP144962","3","2170945","-7.5023e-07","2e-04","A"
"4","Trait5","FASTmrMLM","PstI.TP444619","3","2190567","0.0719","0.7111","G"
"4","Trait5","FASTmrMLM","PstI.TP629964","3","2191405","-9.31e-06","0.002","C"
"4","Trait5","FASTmrMLM","PstI.TP459717","3","2206366","0.2388","1.8879","C"
"4","Trait5","FASTmrMLM","PstI.TP463361","3","2206400","5.7788e-06","0.0013","C"
"4","Trait5","FASTmrMLM","PstI.TP786016","3","2229779","1.3894e-06","3e-04","A"
"4","Trait5","FASTmrMLM","PstI.TP705742","3","2247166","-0.0229","0.2074","A"
"4","Trait5","FASTmrMLM","NsiI.TP574642","3","2257023","-3.2173e-06","7e-04","C"
"4","Trait5","FASTmrMLM","PstI.TP630828","3","2257100","-0.1378","0.7388","C"
"4","Trait5","FASTmrMLM","NsiI.TP280924","3","2257121","-1.3089e-05","0.0029","A"
"4","Trait5","FASTmrMLM","PstI.TP232414","3","2271933","5.684e-06","0.0012","A"
"4","Trait5","FASTmrMLM","PstI.TP365886","3","2326972","-1.3004e-05","0.0028","C"
"4","Trait5","FASTmrMLM","NsiI.TP822804","3","2337899","2.3055e-05","0.005","A"
"4","Trait5","FASTmrMLM","PstI.TP758501","3","2339350","-0.0067","0.0871","G"
"4","Trait5","FASTmrMLM","PstI.TP1112030","3","2344602","-4.4297e-06","0.001","A"
"4","Trait5","FASTmrMLM","NsiI.TP203846","3","2352210","-1.4699e-05","0.0032","A"
"4","Trait5","FASTmrMLM","NsiI.TP291485","3","2359806","0.0091","0.1692","A"
"4","Trait5","FASTmrMLM","PstI.TP473143","3","2361003","7.6255e-06","0.0017","C"
"4","Trait5","FASTmrMLM","NsiI.TP499978","3","2384016","1.1007e-05","0.0024","G"
"4","Trait5","FASTmrMLM","NsiI.TP136164","3","2387796","3.2975e-05","0.0072","G"
"4","Trait5","FASTmrMLM","PstI.TP390367","3","2402925","0.0162","0.202","A"
"4","Trait5","FASTmrMLM","PstI.TP774514","3","2411196","-0.1012","0.5615","A"
"4","Trait5","FASTmrMLM","PstI.TP487081","3","2424586","0.0827","0.6274","C"
"4","Trait5","FASTmrMLM","PstI.TP209814","3","2426320","-9.6155e-07","2e-04","A"
"4","Trait5","FASTmrMLM","NsiI.TP530135","3","2432669","0.0244","0.1843","C"
"4","Trait5","FASTmrMLM","NsiI.TP545362","3","2432670","-5.2607e-06","0.0011","A"
"4","Trait5","FASTmrMLM","NsiI.TP571965","3","2432698","-8.1003e-06","0.0018","A"
"4","Trait5","FASTmrMLM","NsiI.TP608855","3","2436065","-2.3373e-07","5.0874e-05","A"
"4","Trait5","FASTmrMLM","NsiI.TP114895","3","2441296","-0.1085","0.6372","C"
"4","Trait5","FASTmrMLM","PstI.TP162483","3","2449555","0.4631","1.9825","A"
"4","Trait5","FASTmrMLM","NsiI.TP286990","3","2450030","2.1013e-05","0.0046","A"
"4","Trait5","FASTmrMLM","PstI.TP718639","3","2454790","0.1059","0.4419","A"
"4","Trait5","FASTmrMLM","PstI.TP718641","3","2454794","-0.0478","0.2936","C"
"4","Trait5","FASTmrMLM","NsiI.TP239837","3","2466199","9.0518e-06","0.002","A"
"4","Trait5","FASTmrMLM","PstI.TP1179525","3","2466208","0.0752","0.7718","A"
"4","Trait5","FASTmrMLM","PstI.TP937639","3","2497513","0.026","0.2998","C"
"4","Trait5","FASTmrMLM","PstI.TP1016514","3","2500893","1.7147e-07","3.7317e-05","C"
"4","Trait5","FASTmrMLM","NsiI.TP429461","3","2501436","-0.0989","1.1344","A"
"4","Trait5","FASTmrMLM","PstI.TP789303","3","2503265","0.0365","0.2868","A"
"4","Trait5","FASTmrMLM","NsiI.TP361448","3","2513057","-0.0602","0.6139","C"
"4","Trait5","FASTmrMLM","NsiI.TP653780","3","2515654","7.498e-06","0.0016","A"
"4","Trait5","FASTmrMLM","PstI.TP545419","3","2528853","-2.974e-05","0.0065","C"
"4","Trait5","FASTmrMLM","PstI.TP985611","3","2531572","-9.5104e-06","0.0021","A"
"4","Trait5","FASTmrMLM","NsiI.TP450693","3","2531716","-2.4989e-05","0.0055","C"
"4","Trait5","FASTmrMLM","NsiI.TP215469","3","2544043","-6.2879e-07","1e-04","C"
"4","Trait5","FASTmrMLM","NsiI.TP828786","3","2547753","1.5691e-06","3e-04","A"
"4","Trait5","FASTmrMLM","NsiI.TP35048","3","2574192","5.0188e-06","0.0011","C"
"4","Trait5","FASTmrMLM","PstI.TP513843","3","2577255","0.1121","1.3833","A"
"4","Trait5","FASTmrMLM","PstI.TP1264009","3","2578481","-0.0104","0.1955","A"
"4","Trait5","FASTmrMLM","PstI.TP1264005","3","2578488","0.0822","0.595","C"
"4","Trait5","FASTmrMLM","NsiI.TP4993","3","2582440","-4.7786e-06","0.001","C"
"4","Trait5","FASTmrMLM","NsiI.TP474263","3","2590476","-3.3976e-05","0.0075","C"
"4","Trait5","FASTmrMLM","NsiI.TP137236","3","2590858","1.3245e-05","0.0029","G"
"4","Trait5","FASTmrMLM","PstI.TP1237994","3","2598519","-1.3933e-05","0.003","A"
"4","Trait5","FASTmrMLM","PstI.TP1026630","3","2602309","1.0873e-05","0.0024","C"
"4","Trait5","FASTmrMLM","PstI.TP1010623","3","2603844","-0.0401","0.1816","C"
"4","Trait5","FASTmrMLM","NsiI.TP176258","3","2605958","-1.1768e-06","3e-04","A"
"4","Trait5","FASTmrMLM","PstI.TP209007","3","2643667","-0.3671","1.9319","A"
"4","Trait5","FASTmrMLM","NsiI.TP631512","3","2655138","7.2512e-06","0.0016","A"
"4","Trait5","FASTmrMLM","PstI.TP65271","3","2656013","-0.1229","0.9517","G"
"4","Trait5","FASTmrMLM","NsiI.TP441693","3","2660294","-2.7961e-05","0.0061","C"
"4","Trait5","FASTmrMLM","NsiI.TP328094","3","2696940","8.3303e-06","0.0018","A"
"4","Trait5","FASTmrMLM","PstI.TP33762","3","2698512","-1.1109e-05","0.0024","C"
"4","Trait5","FASTmrMLM","PstI.TP1227919","3","2709559","7.5556e-06","0.0016","C"
"4","Trait5","FASTmrMLM","PstI.TP1248285","3","2715263","-1.1933e-05","0.0026","C"
"4","Trait5","FASTmrMLM","PstI.TP1248288","3","2715385","-5.1814e-06","0.0011","A"
"4","Trait5","FASTmrMLM","PstI.TP774685","3","2733446","2.6299e-06","6e-04","A"
"4","Trait5","FASTmrMLM","NsiI.TP811577","3","2742014","0.0844","0.3487","A"
"4","Trait5","FASTmrMLM","GFSSContig17910_784","3","2745496","0.0307","0.2539","T"
"4","Trait5","FASTmrMLM","GFSSContig17910_1353","3","2746068","-2.7553e-05","0.006","T"
"4","Trait5","FASTmrMLM","PstI.TP577228","3","2746408","-1.8243e-05","0.004","A"
"4","Trait5","FASTmrMLM","PstI.TP300113","3","2789209","-4.3533e-06","9e-04","C"
"4","Trait5","FASTmrMLM","PstI.TP1184603","3","2835614","2.0151e-06","4e-04","G"
"4","Trait5","FASTmrMLM","NsiI.TP395621","3","2835995","1.577e-06","3e-04","C"
"4","Trait5","FASTmrMLM","PstI.TP48802","3","2871140","0.0774","0.8376","A"
"4","Trait5","FASTmrMLM","PstI.TP1154932","3","2876006","-3.9621e-07","8.6237e-05","A"
"4","Trait5","FASTmrMLM","PstI.TP1244899","3","2879279","-5.2577e-06","0.0011","C"
"4","Trait5","FASTmrMLM","NsiI.TP273494","3","2899907","0.0137","0.1056","C"
"4","Trait5","FASTmrMLM","PstI.TP1257104","3","2916484","-3.3465e-05","0.0073","A"
"4","Trait5","FASTmrMLM","PstI.TP372286","3","2927462","-1.8985e-05","0.0042","C"
"4","Trait5","FASTmrMLM","NsiI.TP482724","3","2931654","0.186","0.9846","A"
"4","Trait5","FASTmrMLM","NsiI.TP476437","3","2931662","3.5495e-06","8e-04","C"
"4","Trait5","FASTmrMLM","NsiI.TP476438","3","2931700","0.0391","0.3898","C"
"4","Trait5","FASTmrMLM","NsiI.TP633852","3","2933212","2.7138e-06","6e-04","A"
"4","Trait5","FASTmrMLM","NsiI.TP279524","3","2933257","0.3204","1.799","A"
"4","Trait5","FASTmrMLM","PstI.TP172254","3","2936250","0.3034","0.9315","C"
"4","Trait5","FASTmrMLM","NsiI.TP145615","3","2940500","3.5216e-05","0.0077","C"
"4","Trait5","FASTmrMLM","NsiI.TP291060","3","2944113","1.7583e-05","0.0038","A"
"4","Trait5","FASTmrMLM","NsiI.TP583450","3","2956396","-1e-04","0.0107","C"
"4","Trait5","FASTmrMLM","PstI.TP452304","3","2977792","-8.5943e-06","0.0019","A"
"4","Trait5","FASTmrMLM","NsiI.TP77263","3","2980178","-5.3107e-07","1e-04","A"
"4","Trait5","FASTmrMLM","PstI.TP1237477","3","2980305","-0.1231","1.1294","A"
"4","Trait5","FASTmrMLM","PstI.TP968973","3","2980616","-2.5454e-06","6e-04","A"
"4","Trait5","FASTmrMLM","NsiI.TP702580","3","2998523","-3.9876e-05","0.0088","G"
"4","Trait5","FASTmrMLM","PstI.TP1140972","3","3019093","8.0513e-06","0.0018","A"
"4","Trait5","FASTmrMLM","PstI.TP1111956","3","3037451","-1.6548e-05","0.0036","C"
"4","Trait5","FASTmrMLM","PstI.TP74282","3","3037521","-1.0542e-06","2e-04","C"
"4","Trait5","FASTmrMLM","NsiI.TP412276","3","3066703","-1.7177e-05","0.0038","A"
"4","Trait5","FASTmrMLM","NsiI.TP436526","3","3069793","-9.5772e-07","2e-04","C"
"4","Trait5","FASTmrMLM","NsiI.TP747304","3","3069848","-1.7982e-05","0.0039","A"
"4","Trait5","FASTmrMLM","PstI.TP698798","3","3070871","3.1602e-05","0.0069","G"
"4","Trait5","FASTmrMLM","PstI.TP42309","3","3090020","4.9596e-06","0.0011","A"
"4","Trait5","FASTmrMLM","PstI.TP688603","3","3090055","-1.833e-05","0.004","A"
"4","Trait5","FASTmrMLM","NsiI.TP431155","3","3090982","-7.5842e-06","0.0017","G"
"4","Trait5","FASTmrMLM","NsiI.TP431097","3","3091013","8.6573e-06","0.0019","A"
"4","Trait5","FASTmrMLM","PstI.TP679708","3","3094454","1.9242e-05","0.0042","A"
"4","Trait5","FASTmrMLM","NsiI.TP694670","3","3095021","0.0206","0.2907","C"
"4","Trait5","FASTmrMLM","NsiI.TP654253","3","3101084","-2.1306e-05","0.0047","A"
"4","Trait5","FASTmrMLM","PstI.TP995914","3","3105777","-1.1474e-05","0.0025","C"
"4","Trait5","FASTmrMLM","NsiI.TP214429","3","3105834","7.5087e-07","2e-04","C"
"4","Trait5","FASTmrMLM","PstI.TP51833","3","3112047","-2.4833e-05","0.0054","C"
"4","Trait5","FASTmrMLM","NsiI.TP173065","3","3112906","-1.5978e-05","0.0035","A"
"4","Trait5","FASTmrMLM","NsiI.TP151793","3","3127334","-0.1414","1.4178","C"
"4","Trait5","FASTmrMLM","PstI.TP910330","3","3127837","-2.3245e-05","0.0051","C"
"4","Trait5","FASTmrMLM","PstI.TP149809","3","3132048","-6.609e-07","1e-04","C"
"4","Trait5","FASTmrMLM","NsiI.TP609368","3","3167228","-5.7488e-06","0.0013","C"
"4","Trait5","FASTmrMLM","NsiI.TP601690","3","3202526","1.3862e-05","0.003","C"
"4","Trait5","FASTmrMLM","NsiI.TP236682","3","3205785","-5.2152e-06","0.0011","A"
"4","Trait5","FASTmrMLM","PstI.TP696999","3","3227877","0.142","1.0925","A"
"4","Trait5","FASTmrMLM","NsiI.TP433606","3","3236633","2.9136e-05","0.0064","A"
"4","Trait5","FASTmrMLM","PstI.TP190927","3","3236781","3.2023e-05","0.007","C"
"4","Trait5","FASTmrMLM","NsiI.TP409255","3","3241188","-1.2911e-05","0.0028","A"
"4","Trait5","FASTmrMLM","PstI.TP1114836","3","3245214","1.6817e-05","0.0037","C"
"4","Trait5","FASTmrMLM","PstI.TP747046","3","3250215","0.0928","0.5802","A"
"4","Trait5","FASTmrMLM","PstI.TP761602","3","3266703","-7.1366e-06","0.0016","C"
"4","Trait5","FASTmrMLM","NsiI.TP331580","3","3282415","0.2481","1.6293","A"
"4","Trait5","FASTmrMLM","PstI.TP1128689","3","3289133","-4.0345e-06","9e-04","A"
"4","Trait5","FASTmrMLM","PstI.TP501227","3","3306422","0.0142","0.2067","A"
"4","Trait5","FASTmrMLM","PstI.TP580141","3","3309801","-2.2847e-06","5e-04","C"
"4","Trait5","FASTmrMLM","PstI.TP1140756","3","3314015","9.4803e-06","0.0021","A"
"4","Trait5","FASTmrMLM","PstI.TP530763","3","3316912","0.018","0.2381","C"
"4","Trait5","FASTmrMLM","PstI.TP1158544","3","3329218","-1.4295e-05","0.0031","A"
"4","Trait5","FASTmrMLM","NsiI.TP331651","3","3354634","5.5199e-06","0.0012","C"
"4","Trait5","FASTmrMLM","PstI.TP19139","3","3373248","-1.2003e-06","3e-04","C"
"4","Trait5","FASTmrMLM","NsiI.TP596051","3","3373268","3.702e-05","0.0081","C"
"4","Trait5","FASTmrMLM","PstI.TP603772","3","3389590","-2.6798e-05","0.0059","C"
"4","Trait5","FASTmrMLM","PstI.TP207713","3","3436667","-0.0518","0.7209","C"
"4","Trait5","FASTmrMLM","PstI.TP365053","3","3451546","-1.3014e-05","0.0028","C"
"4","Trait5","FASTmrMLM","NsiI.TP560610","3","3458135","-1.5465e-06","3e-04","C"
"4","Trait5","FASTmrMLM","NsiI.TP34748","3","3480743","-1.821e-05","0.004","A"
"4","Trait5","FASTmrMLM","NsiI.TP493151","3","3481929","-1.3547e-05","0.003","C"
"4","Trait5","FASTmrMLM","NsiI.TP796345","3","3481969","1.1623e-06","3e-04","C"
"4","Trait5","FASTmrMLM","NsiI.TP796346","3","3481975","1.9718e-05","0.0043","A"
"4","Trait5","FASTmrMLM","PstI.TP1014785","3","3504439","0.2127","1.0182","A"
"4","Trait5","FASTmrMLM","NsiI.TP83663","3","3507089","3.025e-05","0.0066","C"
"4","Trait5","FASTmrMLM","PstI.TP19943","3","3508127","-1.4086e-05","0.0031","A"
"4","Trait5","FASTmrMLM","NsiI.TP384364","3","3518092","-1.1304e-05","0.0025","G"
"4","Trait5","FASTmrMLM","NsiI.TP560478","3","3520612","1.3965e-05","0.003","A"
"4","Trait5","FASTmrMLM","PstI.TP926743","3","3522183","0.0296","0.2361","G"
"4","Trait5","FASTmrMLM","NsiI.TP833923","3","3523257","6.3645e-06","0.0014","C"
"4","Trait5","FASTmrMLM","PstI.TP1032333","3","3528771","0.0776","0.6889","G"
"4","Trait5","FASTmrMLM","NsiI.TP178866","3","3528771","0.0607","0.4893","G"
"4","Trait5","FASTmrMLM","NsiI.TP743545","3","3546784","2.3554e-05","0.0052","A"
"4","Trait5","FASTmrMLM","PstI.TP1122217","3","3554938","1.6789e-05","0.0037","C"
"4","Trait5","FASTmrMLM","NsiI.TP797217","3","3555708","-5.4616e-06","0.0012","C"
"4","Trait5","FASTmrMLM","PstI.TP1123380","3","3557266","-0.174","1.2138","A"
"4","Trait5","FASTmrMLM","PstI.TP1168316","3","3573386","0.0767","0.5588","A"
"4","Trait5","FASTmrMLM","PstI.TP120517","3","3584004","-1.7922e-05","0.0039","G"
"4","Trait5","FASTmrMLM","NsiI.TP217838","3","3586934","0.1735","1.0792","C"
"4","Trait5","FASTmrMLM","NsiI.TP677022","3","3602878","0.0069","0.0822","G"
"4","Trait5","FASTmrMLM","NsiI.TP139627","3","3612807","2.2487e-05","0.0049","A"
"4","Trait5","FASTmrMLM","PstI.TP1080621","3","3657091","-7.6831e-06","0.0017","C"
"4","Trait5","FASTmrMLM","PstI.TP638471","3","3671264","0.0299","0.1826","C"
"4","Trait5","FASTmrMLM","PstI.TP831757","3","3676028","-0.1274","0.8389","A"
"4","Trait5","FASTmrMLM","PstI.TP831752","3","3676042","6.8546e-06","0.0015","G"
"4","Trait5","FASTmrMLM","PstI.TP676875","3","3702504","0.1249","1.6181","C"
"4","Trait5","FASTmrMLM","NsiI.TP570976","3","3711018","0.0395","0.4363","G"
"4","Trait5","FASTmrMLM","PstI.TP937953","3","3716534","0.0541","0.297","A"
"4","Trait5","FASTmrMLM","PstI.TP906726","3","3716611","0.1298","0.774","C"
"4","Trait5","FASTmrMLM","NsiI.TP47925","3","3717046","-2.7154e-06","6e-04","C"
"4","Trait5","FASTmrMLM","PstI.TP1277784","3","3752097","2.6174e-07","5.6966e-05","A"
"4","Trait5","FASTmrMLM","PstI.TP1289979","3","3775660","3.3038e-06","7e-04","C"
"4","Trait5","FASTmrMLM","PstI.TP865836","3","3784055","8.3984e-06","0.0018","A"
"4","Trait5","FASTmrMLM","NsiI.TP476794","3","3789076","1.0006e-05","0.0022","C"
"4","Trait5","FASTmrMLM","NsiI.TP239366","3","3842671","1.6467e-05","0.0036","G"
"4","Trait5","FASTmrMLM","NsiI.TP4640","3","3845881","-2.1357e-06","5e-04","C"
"4","Trait5","FASTmrMLM","NsiI.TP17375","3","3866471","0.0872","0.7927","C"
"4","Trait5","FASTmrMLM","NsiI.TP774307","3","3883631","1.7092e-05","0.0037","C"
"4","Trait5","FASTmrMLM","PstI.TP822670","3","3886179","0.0543","0.3684","C"
"4","Trait5","FASTmrMLM","NsiI.TP197261","3","3889136","5.9612e-06","0.0013","A"
"4","Trait5","FASTmrMLM","NsiI.TP485637","3","3916651","-1.4631e-05","0.0032","A"
"4","Trait5","FASTmrMLM","NsiI.TP134325","3","3938322","0.0218","0.2385","C"
"4","Trait5","FASTmrMLM","NsiI.TP453263","3","3954963","0.027","0.2514","A"
"4","Trait5","FASTmrMLM","NsiI.TP670947","3","3955978","0.0449","0.2127","G"
"4","Trait5","FASTmrMLM","PstI.TP718114","3","3956286","-2.8557e-06","6e-04","C"
"4","Trait5","FASTmrMLM","PstI.TP1044288","3","3988286","-3.1918e-05","0.007","A"
"4","Trait5","FASTmrMLM","PstI.TP1044287","3","3988298","-2.8991e-06","6e-04","A"
"4","Trait5","FASTmrMLM","PstI.TP217258","3","3992070","-0.1162","0.5682","C"
"4","Trait5","FASTmrMLM","PstI.TP838943","3","4037471","0.2171","3.2939","C"
"4","Trait5","FASTmrMLM","PstI.TP547839","3","4042596","0.0166","0.1848","C"
"4","Trait5","FASTmrMLM","NsiI.TP683157","3","4058114","-0.0148","0.1892","C"
"4","Trait5","FASTmrMLM","NsiI.TP726918","3","4064206","-1.6025e-05","0.0035","C"
"4","Trait5","FASTmrMLM","PstI.TP1163496","3","4076649","0.0258","0.2697","A"
"4","Trait5","FASTmrMLM","PstI.TP1207695","3","4076702","-7.1328e-06","0.0016","G"
"4","Trait5","FASTmrMLM","NsiI.TP703627","3","4093586","-1.0982e-05","0.0024","G"
"4","Trait5","FASTmrMLM","PstI.TP821347","3","4103679","1.4815e-05","0.0032","A"
"4","Trait5","FASTmrMLM","PstI.TP1212070","3","4109029","-5.1639e-06","0.0011","C"
"4","Trait5","FASTmrMLM","PstI.TP712210","3","4110373","0.0421","0.3943","A"
"4","Trait5","FASTmrMLM","PstI.TP645810","3","4110555","1.9327e-05","0.0042","C"
"4","Trait5","FASTmrMLM","NsiI.TP776601","3","4136498","-2.8974e-06","6e-04","A"
"4","Trait5","FASTmrMLM","PstI.TP935008","3","4138343","0.0248","0.2764","A"
"4","Trait5","FASTmrMLM","PstI.TP831238","3","4140006","1.8364e-05","0.004","A"
"4","Trait5","FASTmrMLM","PstI.TP811351","3","4140044","-1.0079e-05","0.0022","A"
"4","Trait5","FASTmrMLM","PstI.TP1006562","3","4149154","-7.1736e-06","0.0016","C"
"4","Trait5","FASTmrMLM","NsiI.TP205740","3","4149845","2.9525e-05","0.0065","C"
"4","Trait5","FASTmrMLM","PstI.TP1159413","3","4158395","0.0872","1.2285","A"
"4","Trait5","FASTmrMLM","PstI.TP952923","3","4165010","2.6014e-05","0.0054","A"
"4","Trait5","FASTmrMLM","PstI.TP877331","3","4170047","-2e-04","0.0126","A"
"4","Trait5","FASTmrMLM","PstI.TP801530","3","4170257","-2.5037e-05","0.0055","A"
"4","Trait5","FASTmrMLM","PstI.TP1060556","3","4173183","-8.8294e-06","0.0019","A"
"4","Trait5","FASTmrMLM","PstI.TP677919","3","4173247","7.6138e-06","0.0017","A"
"4","Trait5","FASTmrMLM","PstI.TP286131","3","4213473","-1.573e-05","0.0034","G"
"4","Trait5","FASTmrMLM","PstI.TP792244","3","4214096","2.8171e-05","0.0062","C"
"4","Trait5","FASTmrMLM","NsiI.TP472433","3","4214101","1.4675e-05","0.0032","A"
"4","Trait5","FASTmrMLM","PstI.TP715411","3","4214133","1.7373e-05","0.0038","A"
"4","Trait5","FASTmrMLM","NsiI.TP82479","3","4219472","1.7532e-05","0.0038","C"
"4","Trait5","FASTmrMLM","NsiI.TP370942","3","4219616","-0.0715","0.3818","G"
"4","Trait5","FASTmrMLM","NsiI.TP224586","3","4243452","5.9484e-07","1e-04","C"
"4","Trait5","FASTmrMLM","NsiI.TP810860","3","4243647","-7.1218e-06","0.0016","A"
"4","Trait5","FASTmrMLM","PstI.TP1027273","3","4274869","-0.1818","1.19","A"
"4","Trait5","FASTmrMLM","NsiI.TP309730","3","4275108","-3.6685e-08","7.984e-06","A"
"4","Trait5","FASTmrMLM","PstI.TP906047","3","4276001","0.0109","0.1195","C"
"4","Trait5","FASTmrMLM","NsiI.TP467842","3","4276209","-2.6974e-05","0.0059","C"
"4","Trait5","FASTmrMLM","NsiI.TP467841","3","4276212","-1.4576e-05","0.0032","C"
"4","Trait5","FASTmrMLM","PstI.TP838373","3","4277724","2.22e-05","0.0049","A"
"4","Trait5","FASTmrMLM","PstI.TP688344","3","4314042","4.6896e-06","0.001","C"
"4","Trait5","FASTmrMLM","PstI.TP784632","3","4314116","0.1196","0.5562","C"
"4","Trait5","FASTmrMLM","PstI.TP221816","3","4376021","-0.068","0.5641","C"
"4","Trait5","FASTmrMLM","PstI.TP1124808","3","4381551","-9.9302e-06","0.0022","A"
"4","Trait5","FASTmrMLM","PstI.TP40029","3","4393398","1.0192e-05","0.0022","C"
"4","Trait5","FASTmrMLM","PstI.TP712350","3","4418750","-1.0992e-05","0.0024","C"
"4","Trait5","FASTmrMLM","NsiI.TP443269","3","4418763","0.0193","0.1992","A"
"4","Trait5","FASTmrMLM","NsiI.TP279366","3","4422791","-0.0397","0.4721","C"
"4","Trait5","FASTmrMLM","PstI.TP96410","3","4423816","-9.0647e-06","0.002","C"
"4","Trait5","FASTmrMLM","NsiI.TP349396","3","4440288","3.0605e-05","0.0067","C"
"4","Trait5","FASTmrMLM","PstI.TP975239","3","4444258","-1.6e-05","0.0035","C"
"4","Trait5","FASTmrMLM","PstI.TP405528","3","4444303","1.9024e-05","0.0042","G"
"4","Trait5","FASTmrMLM","NsiI.TP619276","3","4447263","2.3063e-06","5e-04","A"
"4","Trait5","FASTmrMLM","NsiI.TP793548","3","4447360","-4.3413e-07","9.4487e-05","C"
"4","Trait5","FASTmrMLM","PstI.TP725292","3","4449847","-1.0525e-05","0.0023","A"
"4","Trait5","FASTmrMLM","PstI.TP919429","3","4451711","1.1595e-05","0.0025","A"
"4","Trait5","FASTmrMLM","PstI.TP633756","3","4477734","-0.0139","0.1599","A"
"4","Trait5","FASTmrMLM","NsiI.TP675091","3","4478365","-2.7403e-05","0.006","A"
"4","Trait5","FASTmrMLM","PstI.TP37313","3","4479720","0.074","0.6762","C"
"4","Trait5","FASTmrMLM","PstI.TP653230","3","4507877","1.8751e-05","0.0041","C"
"4","Trait5","FASTmrMLM","PstI.TP238545","3","4512269","-5.6306e-06","0.0012","C"
"4","Trait5","FASTmrMLM","PstI.TP238549","3","4512275","0.0813","0.8578","A"
"4","Trait5","FASTmrMLM","GFSSContig14090_244","3","4520006","8.2496e-06","0.0018","A"
"4","Trait5","FASTmrMLM","PstI.TP1280049","3","4545043","-1.4069e-05","0.0031","A"
"4","Trait5","FASTmrMLM","PstI.TP534942","3","4552949","5.4914e-08","1.195e-05","C"
"4","Trait5","FASTmrMLM","NsiI.TP647360","3","4556265","-2.8457e-05","0.0062","A"
"4","Trait5","FASTmrMLM","NsiI.TP644038","3","4556688","-1.6217e-07","3.5294e-05","A"
"4","Trait5","FASTmrMLM","PstI.TP227360","3","4567287","-3.8015e-05","0.0084","C"
"4","Trait5","FASTmrMLM","GFk50ctg173656_119","3","4572511","8.2937e-06","0.0018","A"
"4","Trait5","FASTmrMLM","PstI.TP74252","3","4598161","1.1745e-05","0.0026","A"
"4","Trait5","FASTmrMLM","NsiI.TP170276","3","4609165","-2.0851e-05","0.0046","A"
"4","Trait5","FASTmrMLM","PstI.TP967109","3","4646186","-1.3836e-05","0.003","G"
"4","Trait5","FASTmrMLM","PstI.TP262586","3","4654014","-9.7065e-06","0.0021","A"
"4","Trait5","FASTmrMLM","NsiI.TP466604","3","4659120","1.0435e-05","0.0023","C"
"4","Trait5","FASTmrMLM","PstI.TP1164205","3","4663279","-2.7437e-06","6e-04","C"
"4","Trait5","FASTmrMLM","PstI.TP368020","3","4665593","-2.16e-05","0.0047","A"
"4","Trait5","FASTmrMLM","NsiI.TP527015","3","4676752","9.9519e-06","0.0022","C"
"4","Trait5","FASTmrMLM","PstI.TP1101584","3","4678577","2.8903e-05","0.0063","C"
"4","Trait5","FASTmrMLM","NsiI.TP343268","3","4680930","5.0819e-06","0.0011","C"
"4","Trait5","FASTmrMLM","NsiI.TP576783","3","4681015","0.0606","0.5941","A"
"4","Trait5","FASTmrMLM","NsiI.TP654079","3","4682537","2.0237e-05","0.0044","C"
"4","Trait5","FASTmrMLM","PstI.TP395203","3","4685664","-9.4252e-07","2e-04","C"
"4","Trait5","FASTmrMLM","PstI.TP122566","3","4692206","1.2789e-05","0.0028","C"
"4","Trait5","FASTmrMLM","PstI.TP967613","3","4724304","-1.4797e-05","0.0032","A"
"4","Trait5","FASTmrMLM","NsiI.TP222784","3","4731384","-8.8778e-06","0.0019","A"
"4","Trait5","FASTmrMLM","NsiI.TP563841","3","4781905","-3.7345e-05","0.0082","C"
"4","Trait5","FASTmrMLM","PstI.TP415985","3","4782932","3.2021e-06","7e-04","G"
"4","Trait5","FASTmrMLM","NsiI.TP145943","3","4782932","-1.3119e-06","3e-04","G"
"4","Trait5","FASTmrMLM","NsiI.TP2769","3","4785844","4.9015e-07","1e-04","C"
"4","Trait5","FASTmrMLM","NsiI.TP666624","3","4815277","2.3852e-05","0.0052","C"
"4","Trait5","FASTmrMLM","NsiI.TP390095","3","4820799","-2.4298e-05","0.0053","A"
"4","Trait5","FASTmrMLM","NsiI.TP261228","3","4847503","-1.3886e-05","0.003","A"
"4","Trait5","FASTmrMLM","PstI.TP691334","3","4847914","2.3358e-06","5e-04","A"
"4","Trait5","FASTmrMLM","PstI.TP1014621","3","4850582","-2.0503e-06","4e-04","A"
"4","Trait5","FASTmrMLM","NsiI.TP106346","3","4853318","0.0294","0.3511","A"
"4","Trait5","FASTmrMLM","PstI.TP179905","3","4869587","-0.0751","0.3362","A"
"4","Trait5","FASTmrMLM","NsiI.TP87958","3","4877347","8.7465e-06","0.0019","G"
"4","Trait5","FASTmrMLM","NsiI.TP647505","3","4885920","1.8504e-06","4e-04","C"
"4","Trait5","FASTmrMLM","PstI.TP141330","3","4950107","1.775e-05","0.0039","A"
"4","Trait5","FASTmrMLM","PstI.TP103626","3","4967649","-1.207e-06","3e-04","A"
"4","Trait5","FASTmrMLM","NsiI.TP595381","3","4968162","-5.9692e-06","0.0013","A"
"4","Trait5","FASTmrMLM","NsiI.TP609767","3","4968186","-2.4683e-05","0.0054","C"
"4","Trait5","FASTmrMLM","NsiI.TP355114","3","4991404","1.9461e-05","0.0043","C"
"4","Trait5","FASTmrMLM","PstI.TP687584","3","4995445","-0.0832","1.0788","C"
"4","Trait5","FASTmrMLM","PstI.TP870698","3","4999757","1.9741e-05","0.0043","A"
"4","Trait5","FASTmrMLM","PstI.TP931180","3","5004020","-8.5503e-06","0.0019","G"
"4","Trait5","FASTmrMLM","PstI.TP1225677","3","5004476","-3e-04","0.0167","A"
"4","Trait5","FASTmrMLM","PstI.TP1095003","3","5015281","-1.0025e-06","2e-04","A"
"4","Trait5","FASTmrMLM","NsiI.TP39297","3","5024001","1.37e-05","0.003","A"
"4","Trait5","FASTmrMLM","PstI.TP439473","3","5026244","-0.0226","0.2433","A"
"4","Trait5","FASTmrMLM","PstI.TP1230201","3","5047579","-2.2356e-06","5e-04","C"
"4","Trait5","FASTmrMLM","PstI.TP38133","3","5048694","1.6825e-05","0.0037","C"
"4","Trait5","FASTmrMLM","PstI.TP38134","3","5048721","3.6117e-06","8e-04","A"
"4","Trait5","FASTmrMLM","PstI.TP287868","3","5064916","-2.0532e-06","4e-04","A"
"4","Trait5","FASTmrMLM","PstI.TP60513","3","5066682","-0.107","0.6913","A"
"4","Trait5","FASTmrMLM","PstI.TP1020748","3","5075521","3.5297e-06","8e-04","A"
"4","Trait5","FASTmrMLM","PstI.TP242104","3","5088021","1.7664e-05","0.0039","A"
"4","Trait5","FASTmrMLM","PstI.TP925141","3","5097722","6.43e-06","0.0014","A"
"4","Trait5","FASTmrMLM","NsiI.TP351320","3","5126229","1.2339e-06","3e-04","A"
"4","Trait5","FASTmrMLM","PstI.TP745959","3","5141381","0.0327","0.327","C"
"4","Trait5","FASTmrMLM","PstI.TP643379","3","5147929","-2.8316e-05","0.0056","A"
"4","Trait5","FASTmrMLM","PstI.TP931913","3","5176808","4.5001e-06","0.001","C"
"4","Trait5","FASTmrMLM","NsiI.TP453794","3","5177334","1.2002e-06","3e-04","G"
"4","Trait5","FASTmrMLM","PstI.TP680792","3","5190546","0.0646","0.4567","A"
"4","Trait5","FASTmrMLM","PstI.TP213720","3","5231540","-1.9539e-06","4e-04","A"
"4","Trait5","FASTmrMLM","PstI.TP49083","3","5274971","0.0901","0.4451","A"
"4","Trait5","FASTmrMLM","PstI.TP636202","3","5280876","6.0576e-06","0.0013","C"
"4","Trait5","FASTmrMLM","NsiI.TP264723","3","5284065","-1.6553e-06","4e-04","A"
"4","Trait5","FASTmrMLM","NsiI.TP172972","3","5328512","-3.6079e-05","0.0079","A"
"4","Trait5","FASTmrMLM","NsiI.TP430145","3","5430441","2.1448e-06","5e-04","G"
"4","Trait5","FASTmrMLM","NsiI.TP570384","3","5432659","-5.1391e-06","0.0011","A"
"4","Trait5","FASTmrMLM","PstI.TP278960","3","5435168","2.1378e-05","0.0047","G"
"4","Trait5","FASTmrMLM","GFSSContig16256_300","3","5453936","1.9764e-05","0.0043","C"
"4","Trait5","FASTmrMLM","PstI.TP426652","3","5481349","3.543e-05","0.0078","A"
"4","Trait5","FASTmrMLM","PstI.TP174297","3","5563037","3e-04","0.0155","A"
"4","Trait5","FASTmrMLM","PstI.TP410173","3","5585945","0.0549","0.5535","A"
"4","Trait5","FASTmrMLM","PstI.TP801907","3","5689993","-0.0882","0.9709","C"
"4","Trait5","FASTmrMLM","NsiI.TP671951","3","5697929","-0.0542","0.3368","C"
"4","Trait5","FASTmrMLM","NsiI.TP747165","3","5713329","2.5445e-06","6e-04","C"
"4","Trait5","FASTmrMLM","PstI.TP482258","3","5713979","8.9947e-06","0.002","A"
"4","Trait5","FASTmrMLM","PstI.TP721838","3","5714318","0.0484","0.5426","C"
"4","Trait5","FASTmrMLM","PstI.TP115586","3","5715154","0.1076","1.1218","C"
"4","Trait5","FASTmrMLM","PstI.TP8773","3","5715225","-3.9905e-06","9e-04","A"
"4","Trait5","FASTmrMLM","NsiI.TP440766","3","5753690","-6.5447e-06","0.0014","A"
"4","Trait5","FASTmrMLM","PstI.TP125376","3","5758206","-4.6952e-06","0.001","C"
"4","Trait5","FASTmrMLM","NsiI.TP768975","3","5764222","-0.0735","0.3937","C"
"4","Trait5","FASTmrMLM","PstI.TP785543","3","5771227","-0.0462","0.5256","A"
"4","Trait5","FASTmrMLM","PstI.TP728172","3","5787468","-1.2636e-05","0.0028","G"
"4","Trait5","FASTmrMLM","NsiI.TP7041","3","5991415","0.0476","0.415","A"
"4","Trait5","FASTmrMLM","PstI.TP365407","3","6004710","6.9682e-07","2e-04","A"
"4","Trait5","FASTmrMLM","PstI.TP992716","3","6017443","0.3193","1.2365","A"
"4","Trait5","FASTmrMLM","PstI.TP48498","3","6041067","-1e-04","0.0084","A"
"4","Trait5","FASTmrMLM","PstI.TP762772","3","6044042","-0.3603","1.7884","C"
"4","Trait5","FASTmrMLM","PstI.TP1293611","3","6058621","-0.061","0.5322","C"
"4","Trait5","FASTmrMLM","NsiI.TP529691","3","6082062","-1.7828e-05","0.0039","G"
"4","Trait5","FASTmrMLM","PstI.TP188641","3","6088178","0.0969","0.7837","A"
"4","Trait5","FASTmrMLM","PstI.TP186433","3","6088211","-3.2631e-06","7e-04","A"
"4","Trait5","FASTmrMLM","PstI.TP308152","3","6124917","-0.1877","1.1519","A"
"4","Trait5","FASTmrMLM","PstI.TP541764","3","6125111","3.3599e-06","7e-04","A"
"4","Trait5","FASTmrMLM","PstI.TP1246489","3","6130583","3.6632e-06","8e-04","C"
"4","Trait5","FASTmrMLM","PstI.TP1206934","3","6141050","3.3918e-05","0.0067","A"
"4","Trait5","FASTmrMLM","NsiI.TP326908","3","6141142","-5.2625e-06","0.0011","C"
"4","Trait5","FASTmrMLM","NsiI.TP614930","3","6164151","4.384e-06","0.001","A"
"4","Trait5","FASTmrMLM","PstI.TP1119160","3","6164715","-2.0234e-06","4e-04","A"
"4","Trait5","FASTmrMLM","PstI.TP1119335","3","6164741","0.0904","0.356","C"
"4","Trait5","FASTmrMLM","PstI.TP66802","3","6165211","0.0411","0.2817","G"
"4","Trait5","FASTmrMLM","NsiI.TP255092","3","6170362","-1.272e-05","0.0028","C"
"4","Trait5","FASTmrMLM","NsiI.TP594399","3","6173149","2.6741e-05","0.0059","C"
"4","Trait5","FASTmrMLM","NsiI.TP572484","3","6188211","1.4019e-05","0.0031","C"
"4","Trait5","FASTmrMLM","NsiI.TP120580","3","6191698","-1.1307e-05","0.0025","A"
"4","Trait5","FASTmrMLM","PstI.TP852580","3","6204488","4.8484e-06","0.0011","A"
"4","Trait5","FASTmrMLM","NsiI.TP810645","3","6232475","-1.9032e-06","4e-04","C"
"4","Trait5","FASTmrMLM","NsiI.TP405337","3","6299247","-3.2094e-05","0.007","A"
"4","Trait5","FASTmrMLM","PstI.TP904729","3","6306293","-0.0906","0.9462","A"
"4","Trait5","FASTmrMLM","PstI.TP392273","3","6332867","-2.4058e-05","0.0053","A"
"4","Trait5","FASTmrMLM","NsiI.TP195259","3","6332952","1.2685e-06","3e-04","A"
"4","Trait5","FASTmrMLM","PstI.TP398580","3","6360865","-1.7949e-05","0.0035","A"
"4","Trait5","FASTmrMLM","PstI.TP930241","3","6360927","-0.0408","0.3292","G"
"4","Trait5","FASTmrMLM","NsiI.TP694884","3","6382094","1.2813e-05","0.0028","A"
"4","Trait5","FASTmrMLM","NsiI.TP634727","3","6399724","-6.2108e-06","0.0014","C"
"4","Trait5","FASTmrMLM","PstI.TP663866","3","6410825","1.0739e-05","0.0023","G"
"4","Trait5","FASTmrMLM","PstI.TP362829","3","6437246","0.1594","0.7752","A"
"4","Trait5","FASTmrMLM","PstI.TP1291354","3","6437333","0.0954","1.3124","A"
"4","Trait5","FASTmrMLM","PstI.TP153696","3","6482525","-6.6342e-06","0.0014","A"
"4","Trait5","FASTmrMLM","PstI.TP58897","3","6511771","-1.4003e-05","0.0031","G"
"4","Trait5","FASTmrMLM","PstI.TP443507","3","6515810","6.7021e-07","1e-04","A"
"4","Trait5","FASTmrMLM","PstI.TP230552","3","6536193","-3.2211e-06","7e-04","A"
"4","Trait5","FASTmrMLM","NsiI.TP621162","3","6536235","-3.5762e-06","8e-04","A"
"4","Trait5","FASTmrMLM","NsiI.TP259359","3","6541132","-5.1897e-06","0.0011","C"
"4","Trait5","FASTmrMLM","NsiI.TP257172","3","6560304","-0.0676","0.5132","A"
"4","Trait5","FASTmrMLM","PstI.TP154327","3","6603820","-2.7689e-05","0.0061","A"
"4","Trait5","FASTmrMLM","GFSSContig11465_504","3","6605990","-0.0925","1.0005","T"
"4","Trait5","FASTmrMLM","PstI.TP431135","3","6609541","-1.4006e-05","0.0031","C"
"4","Trait5","FASTmrMLM","NsiI.TP760192","3","6623356","-2.5482e-06","6e-04","A"
"4","Trait5","FASTmrMLM","NsiI.TP773278","3","6632208","4.8653e-06","0.0011","A"
"4","Trait5","FASTmrMLM","NsiI.TP420344","3","6635288","-3.2021e-06","7e-04","C"
"4","Trait5","FASTmrMLM","PstI.TP433649","3","6644837","0.0967","0.6403","C"
"4","Trait5","FASTmrMLM","NsiI.TP426185","3","6645847","-5.0771e-06","0.0011","C"
"4","Trait5","FASTmrMLM","NsiI.TP523861","3","6688247","3e-04","0.0158","G"
"4","Trait5","FASTmrMLM","PstI.TP150879","3","6693048","-0.0484","0.4728","A"
"4","Trait5","FASTmrMLM","PstI.TP1175503","3","6703848","-0.0115","0.1999","G"
"4","Trait5","FASTmrMLM","NsiI.TP749172","3","6703859","-0.1244","0.6716","A"
"4","Trait5","FASTmrMLM","NsiI.TP561476","3","6721083","-1.0167e-05","0.0022","C"
"4","Trait5","FASTmrMLM","NsiI.TP453301","3","6733897","-1.361e-05","0.003","A"
"4","Trait5","FASTmrMLM","PstI.TP1153192","3","6746550","0.296","1.6948","A"
"4","Trait5","FASTmrMLM","NsiI.TP112463","3","6752843","1.9074e-05","0.0042","A"
"4","Trait5","FASTmrMLM","NsiI.TP536712","3","6767531","2.9268e-05","0.0064","G"
"4","Trait5","FASTmrMLM","NsiI.TP591503","3","6784461","-1.4086e-06","3e-04","A"
"4","Trait5","FASTmrMLM","PstI.TP258827","3","6794341","5.1204e-06","0.0011","A"
"4","Trait5","FASTmrMLM","PstI.TP29525","3","6810228","-1.0819e-05","0.0024","A"
"4","Trait5","FASTmrMLM","PstI.TP1251703","3","6837058","-1.7276e-05","0.0038","A"
"4","Trait5","FASTmrMLM","PstI.TP678449","3","6895124","-0.0629","0.4353","A"
"4","Trait5","FASTmrMLM","PstI.TP377631","3","6940601","2.8341e-05","0.0062","A"
"4","Trait5","FASTmrMLM","NsiI.TP810809","3","6959086","-2.2951e-05","0.005","A"
"4","Trait5","FASTmrMLM","PstI.TP1142314","3","6981311","3.2921e-05","0.0072","G"
"4","Trait5","FASTmrMLM","PstI.TP786913","3","6996621","8.3167e-06","0.0018","A"
"4","Trait5","FASTmrMLM","PstI.TP265208","3","7057209","-0.095","0.5359","C"
"4","Trait5","FASTmrMLM","PstI.TP286294","3","7073229","2.9185e-05","0.0064","C"
"4","Trait5","FASTmrMLM","PstI.TP1051109","3","7082779","-1.5039e-06","3e-04","C"
"4","Trait5","FASTmrMLM","PstI.TP977013","3","7090045","-0.0232","0.3228","C"
"4","Trait5","FASTmrMLM","NsiI.TP291065","3","7124215","4.7281e-05","0.0104","A"
"4","Trait5","FASTmrMLM","NsiI.TP444857","3","7126264","-2.8993e-06","6e-04","A"
"4","Trait5","FASTmrMLM","PstI.TP911625","3","7132239","5.9148e-06","0.0013","C"
"4","Trait5","FASTmrMLM","PstI.TP1027731","3","7144004","-1.2717e-05","0.0028","A"
"4","Trait5","FASTmrMLM","PstI.TP65397","3","7162104","0.1354","1.0132","A"
"4","Trait5","FASTmrMLM","PstI.TP476897","3","7193887","8.993e-06","0.002","A"
"4","Trait5","FASTmrMLM","PstI.TP69148","3","7211746","-9.3603e-06","0.002","A"
"4","Trait5","FASTmrMLM","PstI.TP101298","3","7218627","4.6236e-07","1e-04","C"
"4","Trait5","FASTmrMLM","PstI.TP630492","3","7227693","0.0424","0.269","C"
"4","Trait5","FASTmrMLM","NsiI.TP557979","3","7233715","-0.0928","1.4085","A"
"4","Trait5","FASTmrMLM","NsiI.TP228391","3","7255373","6.6109e-07","1e-04","C"
"4","Trait5","FASTmrMLM","NsiI.TP666753","3","7258282","1.2997e-05","0.0028","A"
"4","Trait5","FASTmrMLM","NsiI.TP515361","3","7327286","-3.9611e-07","8.6212e-05","A"
"4","Trait5","FASTmrMLM","PstI.TP238084","3","7339640","-0.0967","0.6461","C"
"4","Trait5","FASTmrMLM","PstI.TP1226186","3","7342289","4.3098e-05","0.0095","C"
"4","Trait5","FASTmrMLM","NsiI.TP420657","3","7345169","-1.174e-05","0.0026","A"
"4","Trait5","FASTmrMLM","PstI.TP346513","3","7347907","-3.2024e-05","0.0045","G"
"4","Trait5","FASTmrMLM","PstI.TP1246626","3","7356019","-1.2646e-06","3e-04","A"
"4","Trait5","FASTmrMLM","NsiI.TP555534","3","7370035","-1.226e-05","0.0027","C"
"4","Trait5","FASTmrMLM","PstI.TP889842","3","7384338","-4.6064e-06","0.001","C"
"4","Trait5","FASTmrMLM","PstI.TP1280623","3","7412529","-6.2733e-06","0.0014","C"
"4","Trait5","FASTmrMLM","PstI.TP202435","3","7414396","-2.6061e-05","0.0057","C"
"4","Trait5","FASTmrMLM","GFSSContig12703_673","3","7426013","1.8778e-05","0.0041","T"
"4","Trait5","FASTmrMLM","NsiI.TP462576","3","7449896","-5.6289e-06","0.0012","C"
"4","Trait5","FASTmrMLM","NsiI.TP221520","3","7460639","0.0565","0.5859","A"
"4","Trait5","FASTmrMLM","NsiI.TP461474","3","7462706","2.8922e-06","6e-04","C"
"4","Trait5","FASTmrMLM","PstI.TP864108","3","7475336","1.561e-05","0.0034","A"
"4","Trait5","FASTmrMLM","PstI.TP391194","3","7481176","2.6004e-05","0.0057","G"
"4","Trait5","FASTmrMLM","NsiI.TP468961","3","7495751","-0.224","0.9525","C"
"4","Trait5","FASTmrMLM","PstI.TP226226","3","7504729","0.0756","0.6172","A"
"4","Trait5","FASTmrMLM","PstI.TP413820","3","7504817","-2.5221e-05","0.0055","G"
"4","Trait5","FASTmrMLM","NsiI.TP503043","3","7505890","0.02","0.1799","C"
"4","Trait5","FASTmrMLM","NsiI.TP41559","3","7520352","-3.1381e-05","0.0069","C"
"4","Trait5","FASTmrMLM","PstI.TP39746","3","7551318","0.0196","0.2675","A"
"4","Trait5","FASTmrMLM","PstI.TP364785","3","7551383","-1.74e-05","0.0038","A"
"4","Trait5","FASTmrMLM","PstI.TP170727","3","7559445","3.6659e-05","0.0081","C"
"4","Trait5","FASTmrMLM","PstI.TP541042","3","7567947","1.1554e-05","0.0025","C"
"4","Trait5","FASTmrMLM","PstI.TP796","3","7618646","1.8203e-05","0.004","G"
"4","Trait5","FASTmrMLM","PstI.TP877625","3","7621796","3.9583e-06","9e-04","G"
"4","Trait5","FASTmrMLM","PstI.TP492586","3","7659432","-1.3837e-05","0.003","C"
"4","Trait5","FASTmrMLM","NsiI.TP527435","3","7664263","9.076e-06","0.002","A"
"4","Trait5","FASTmrMLM","NsiI.TP520378","3","7666924","2.2681e-05","0.005","C"
"4","Trait5","FASTmrMLM","PstI.TP736914","3","7689930","2.495e-05","0.0055","A"
"4","Trait5","FASTmrMLM","PstI.TP115526","3","7689963","0.0912","0.423","A"
"4","Trait5","FASTmrMLM","NsiI.TP502976","3","7719502","-0.0503","0.2236","A"
"4","Trait5","FASTmrMLM","NsiI.TP815195","3","7719514","4.165e-06","9e-04","C"
"4","Trait5","FASTmrMLM","PstI.TP247152","3","7734239","2.1361e-05","0.0047","A"
"4","Trait5","FASTmrMLM","NsiI.TP26749","3","7739731","1.2994e-06","3e-04","G"
"4","Trait5","FASTmrMLM","NsiI.TP682311","3","7752663","-3.2161e-05","0.0071","A"
"4","Trait5","FASTmrMLM","NsiI.TP619610","3","7784428","-3.53e-05","0.0078","A"
"4","Trait5","FASTmrMLM","PstI.TP776290","3","7831939","1.2124e-05","0.0026","A"
"4","Trait5","FASTmrMLM","PstI.TP9228","3","7843942","0.0441","0.2453","A"
"4","Trait5","FASTmrMLM","NsiI.TP805734","3","7851544","-2.1336e-05","0.0047","C"
"4","Trait5","FASTmrMLM","PstI.TP521455","3","7881226","0.1553","1.2635","C"
"4","Trait5","FASTmrMLM","PstI.TP166748","3","7900736","-1.169e-05","0.0026","A"
"4","Trait5","FASTmrMLM","PstI.TP625206","3","7926813","-1.7955e-06","4e-04","A"
"4","Trait5","FASTmrMLM","PstI.TP320499","3","7930219","-0.0992","1.3219","A"
"4","Trait5","FASTmrMLM","PstI.TP398799","3","7944638","2.3312e-06","5e-04","A"
"4","Trait5","FASTmrMLM","PstI.TP1212954","3","7944653","1.211e-05","0.0026","G"
"4","Trait5","FASTmrMLM","NsiI.TP188258","3","7978302","-6.365e-06","0.0014","G"
"4","Trait5","FASTmrMLM","NsiI.TP227395","3","7991942","-7.9585e-06","0.0017","A"
"4","Trait5","FASTmrMLM","NsiI.TP361163","3","8012389","-0.0259","0.2295","A"
"4","Trait5","FASTmrMLM","PstI.TP865095","3","8019519","-1.7753e-05","0.0039","A"
"4","Trait5","FASTmrMLM","PstI.TP1149566","3","8032699","5.2635e-06","0.0011","C"
"4","Trait5","FASTmrMLM","NsiI.TP694488","3","8044879","-2.449e-06","5e-04","C"
"4","Trait5","FASTmrMLM","NsiI.TP739448","3","8062502","-2.7644e-06","6e-04","C"
"4","Trait5","FASTmrMLM","NsiI.TP713583","3","8063584","-5.5401e-06","0.0012","A"
"4","Trait5","FASTmrMLM","PstI.TP756287","3","8078660","0.0052","0.1307","C"
"4","Trait5","FASTmrMLM","NsiI.TP372565","3","8086953","-0.0581","0.3488","C"
"4","Trait5","FASTmrMLM","NsiI.TP484594","3","8103903","-3.2792e-05","0.0072","A"
"4","Trait5","FASTmrMLM","PstI.TP175787","3","8122423","-2.7691e-05","0.0061","G"
"4","Trait5","FASTmrMLM","PstI.TP175786","3","8122431","-3.0246e-05","0.0066","G"
"4","Trait5","FASTmrMLM","PstI.TP72853","3","8138919","-0.0356","0.3505","A"
"4","Trait5","FASTmrMLM","NsiI.TP93299","3","8149998","-2.4315e-05","0.0053","C"
"4","Trait5","FASTmrMLM","NsiI.TP825037","3","8167210","-5.5841e-06","0.0012","A"
"4","Trait5","FASTmrMLM","PstI.TP1258336","3","8199860","8.2588e-06","0.0018","A"
"4","Trait5","FASTmrMLM","NsiI.TP831870","3","8283766","0.2564","1.2678","C"
"4","Trait5","FASTmrMLM","PstI.TP365495","3","8362234","-0.0112","0.1916","A"
"4","Trait5","FASTmrMLM","NsiI.TP654742","3","8368746","-1.15e-05","0.0025","G"
"4","Trait5","FASTmrMLM","PstI.TP1032548","3","8384565","2.0393e-06","4e-04","A"
"4","Trait5","FASTmrMLM","PstI.TP312198","3","8384639","3.0508e-05","0.0067","C"
"4","Trait5","FASTmrMLM","NsiI.TP416338","3","8397389","-0.1295","0.5188","A"
"4","Trait5","FASTmrMLM","PstI.TP820558","3","8412197","8.0184e-06","0.0017","C"
"4","Trait5","FASTmrMLM","PstI.TP740179","3","8414014","-0.079","0.3826","A"
"4","Trait5","FASTmrMLM","NsiI.TP172900","3","8425723","1.0166e-05","0.0022","A"
"4","Trait5","FASTmrMLM","NsiI.TP115044","3","8438259","7.4285e-06","0.0016","A"
"4","Trait5","FASTmrMLM","PstI.TP854255","3","8438795","0.0138","0.1757","A"
"4","Trait5","FASTmrMLM","NsiI.TP177270","3","8466701","1.031e-05","0.0023","A"
"4","Trait5","FASTmrMLM","PstI.TP18321","3","8476005","-1.9964e-05","0.0044","C"
"4","Trait5","FASTmrMLM","PstI.TP18322","3","8476007","-1.0976e-05","0.0024","A"
"4","Trait5","FASTmrMLM","PstI.TP1107426","3","8476812","-0.1032","1.1979","G"
"4","Trait5","FASTmrMLM","NsiI.TP458763","3","8481480","-0.0053","0.121","C"
"4","Trait5","FASTmrMLM","NsiI.TP673972","3","8500378","-0.1624","0.8499","G"
"4","Trait5","FASTmrMLM","NsiI.TP672275","3","8500394","0.2749","0.7589","C"
"4","Trait5","FASTmrMLM","PstI.TP1227132","3","8500895","-0.2257","0.8797","C"
"4","Trait5","FASTmrMLM","PstI.TP788810","3","8503251","2.6255e-05","0.0058","G"
"4","Trait5","FASTmrMLM","NsiI.TP536805","3","8503418","2.341e-05","0.0051","A"
"4","Trait5","FASTmrMLM","PstI.TP734462","3","8515425","-0.0204","0.2387","C"
"4","Trait5","FASTmrMLM","PstI.TP1193854","3","8521345","-1.4786e-06","3e-04","A"
"4","Trait5","FASTmrMLM","PstI.TP991359","3","8535072","-9.7452e-06","0.0021","A"
"4","Trait5","FASTmrMLM","PstI.TP466413","3","8627003","-3.1474e-07","6.8496e-05","A"
"4","Trait5","FASTmrMLM","NsiI.TP718157","3","8632016","0.023","0.2257","A"
"4","Trait5","FASTmrMLM","NsiI.TP520155","3","8650404","0.2972","1.1054","C"
"4","Trait5","FASTmrMLM","NsiI.TP41268","3","8668358","-1.6623e-05","0.0036","A"
"4","Trait5","FASTmrMLM","NsiI.TP179661","3","8669703","-0.0765","0.5855","G"
"4","Trait5","FASTmrMLM","NsiI.TP590826","3","8669765","7.0249e-05","0.0071","A"
"4","Trait5","FASTmrMLM","PstI.TP1251067","3","8677858","0.1328","0.4356","A"
"4","Trait5","FASTmrMLM","PstI.TP132940","3","8690384","-8.2335e-06","0.0018","C"
"4","Trait5","FASTmrMLM","NsiI.TP626418","3","8691415","5.5125e-06","0.0012","A"
"4","Trait5","FASTmrMLM","NsiI.TP83855","3","8719140","-2.2773e-06","5e-04","C"
"4","Trait5","FASTmrMLM","PstI.TP752859","3","8719958","-1.1095e-05","0.0024","C"
"4","Trait5","FASTmrMLM","PstI.TP1098048","3","8729042","1.6071e-06","3e-04","A"
"4","Trait5","FASTmrMLM","NsiI.TP298419","3","8739444","-3.1846e-05","0.007","G"
"4","Trait5","FASTmrMLM","PstI.TP1208950","3","8740326","-7.619e-06","0.0017","C"
"4","Trait5","FASTmrMLM","PstI.TP692200","3","8782578","1.4393e-05","0.0031","C"
"4","Trait5","FASTmrMLM","PstI.TP842828","3","8783224","-8.5859e-06","0.0019","C"
"4","Trait5","FASTmrMLM","NsiI.TP337348","3","8788016","2e-04","0.0108","A"
"4","Trait5","FASTmrMLM","PstI.TP810363","3","8828897","-7.1399e-06","0.0016","C"
"4","Trait5","FASTmrMLM","PstI.TP913405","3","8829755","-9.0283e-06","0.002","G"
"4","Trait5","FASTmrMLM","PstI.TP1023093","3","8895686","3.3526e-05","0.0074","A"
"4","Trait5","FASTmrMLM","PstI.TP303642","3","8895952","-1.0645e-05","0.0023","A"
"4","Trait5","FASTmrMLM","PstI.TP83629","3","8924840","0.0556","0.3857","A"
"4","Trait5","FASTmrMLM","PstI.TP83631","3","8924840","0.0477","0.3238","G"
"4","Trait5","FASTmrMLM","PstI.TP163530","3","8926322","0.2257","1.8759","C"
"4","Trait5","FASTmrMLM","PstI.TP1080743","3","8926434","0.1394","0.7343","A"
"4","Trait5","FASTmrMLM","PstI.TP629794","3","8934220","1.2794e-05","0.0028","A"
"4","Trait5","FASTmrMLM","NsiI.TP112582","3","8984652","1.4274e-05","0.0031","G"
"4","Trait5","FASTmrMLM","NsiI.TP202071","3","9002455","8.6838e-06","0.0019","C"
"4","Trait5","FASTmrMLM","PstI.TP788471","3","9034927","5.6186e-06","0.0012","G"
"4","Trait5","FASTmrMLM","PstI.TP223614","3","9044171","0.0918","1.0269","A"
"4","Trait5","FASTmrMLM","NsiI.TP670689","3","9048290","-1.2655e-05","0.0028","C"
"4","Trait5","FASTmrMLM","NsiI.TP426233","3","9066857","-2.4942e-05","0.0055","A"
"4","Trait5","FASTmrMLM","PstI.TP587242","3","9088919","-2.1596e-06","5e-04","A"
"4","Trait5","FASTmrMLM","PstI.TP490616","3","9155706","0.0953","0.7223","A"
"4","Trait5","FASTmrMLM","NsiI.TP689916","3","9158804","1.7245e-05","0.0038","A"
"4","Trait5","FASTmrMLM","NsiI.TP669791","3","9159334","0.1354","1.1932","G"
"4","Trait5","FASTmrMLM","NsiI.TP669792","3","9159336","-1.7749e-05","0.0039","C"
"4","Trait5","FASTmrMLM","NsiI.TP37587","3","9187241","-5.9989e-06","0.0013","A"
"4","Trait5","FASTmrMLM","PstI.TP1127055","3","9190752","2.1359e-05","0.0047","C"
"4","Trait5","FASTmrMLM","PstI.TP735684","3","9221825","0.0369","0.2485","A"
"4","Trait5","FASTmrMLM","NsiI.TP794177","3","9313268","-2.5326e-05","0.0055","A"
"4","Trait5","FASTmrMLM","PstI.TP1043154","3","9321488","-0.1193","0.6232","C"
"4","Trait5","FASTmrMLM","PstI.TP241235","3","9336109","-4.4955e-06","0.001","A"
"4","Trait5","FASTmrMLM","PstI.TP962023","3","9348960","1.3388e-05","0.0029","A"
"4","Trait5","FASTmrMLM","PstI.TP177547","3","9427471","3.1462e-06","7e-04","A"
"4","Trait5","FASTmrMLM","PstI.TP110121","3","9496981","-4.4688e-05","0.0075","C"
"4","Trait5","FASTmrMLM","PstI.TP12740","3","9502386","1.9917e-05","0.0044","C"
"4","Trait5","FASTmrMLM","NsiI.TP797517","3","9504402","-0.0751","1.1612","C"
"4","Trait5","FASTmrMLM","NsiI.TP616060","3","9505059","4.9089e-06","0.0011","C"
"4","Trait5","FASTmrMLM","PstI.TP849003","3","9532818","2.0404e-05","0.0045","C"
"4","Trait5","FASTmrMLM","PstI.TP788752","3","9543251","-1.342e-05","0.0029","A"
"4","Trait5","FASTmrMLM","PstI.TP495915","3","9545050","-3.5197e-06","8e-04","G"
"4","Trait5","FASTmrMLM","NsiI.TP241228","3","9570669","4.2673e-06","9e-04","C"
"4","Trait5","FASTmrMLM","NsiI.TP191951","3","9570768","1.2045e-05","0.0026","A"
"4","Trait5","FASTmrMLM","NsiI.TP497451","3","9571031","-0.0706","0.8757","C"
"4","Trait5","FASTmrMLM","PstI.TP937546","3","9571551","-1.8927e-05","0.0041","G"
"4","Trait5","FASTmrMLM","NsiI.TP401662","3","9571797","3.5501e-06","8e-04","C"
"4","Trait5","FASTmrMLM","NsiI.TP394652","3","9571817","0.2738","0.9733","A"
"4","Trait5","FASTmrMLM","PstI.TP909510","3","9589677","7.2274e-06","0.0016","A"
"4","Trait5","FASTmrMLM","NsiI.TP404561","3","9590427","-1.0664e-05","0.0023","A"
"4","Trait5","FASTmrMLM","PstI.TP99312","3","9601934","6.7293e-06","0.0015","A"
"4","Trait5","FASTmrMLM","GFSSContig17769_257","3","9603539","-0.0191","0.2563","T"
"4","Trait5","FASTmrMLM","PstI.TP1268817","3","9611335","-9.7029e-06","0.0021","C"
"4","Trait5","FASTmrMLM","PstI.TP504482","3","9613005","3.5261e-05","0.0077","A"
"4","Trait5","FASTmrMLM","PstI.TP1064081","3","9621573","8.7666e-06","0.0019","C"
"4","Trait5","FASTmrMLM","PstI.TP1064078","3","9621608","4.5029e-07","9.8001e-05","C"
"4","Trait5","FASTmrMLM","NsiI.TP771309","3","9646331","-1.7491e-05","0.0038","A"
"4","Trait5","FASTmrMLM","PstI.TP735032","3","9654444","-9.5061e-06","0.0021","A"
"4","Trait5","FASTmrMLM","PstI.TP944631","3","9661977","2.3925e-05","0.0052","A"
"4","Trait5","FASTmrMLM","PstI.TP1127453","3","9694051","-2.6044e-06","6e-04","C"
"4","Trait5","FASTmrMLM","PstI.TP1027916","3","9697919","1.6997e-05","0.0037","C"
"4","Trait5","FASTmrMLM","NsiI.TP718128","3","9698802","-0.0513","0.5905","A"
"4","Trait5","FASTmrMLM","NsiI.TP515271","3","9700583","-0.3104","1.3036","C"
"4","Trait5","FASTmrMLM","PstI.TP1222764","3","9701990","9.6183e-06","0.0021","A"
"4","Trait5","FASTmrMLM","PstI.TP1055594","3","9702203","-1.6169e-05","0.0035","C"
"4","Trait5","FASTmrMLM","NsiI.TP287399","3","9710589","3.1632e-05","0.0069","A"
"4","Trait5","FASTmrMLM","PstI.TP364404","3","9713912","9.1756e-06","0.002","G"
"4","Trait5","FASTmrMLM","NsiI.TP580136","3","9714131","1.6263e-06","4e-04","A"
"4","Trait5","FASTmrMLM","PstI.TP25906","3","9734512","1.7398e-06","4e-04","A"
"4","Trait5","FASTmrMLM","PstI.TP913237","3","9787095","-5.9895e-06","0.0013","C"
"4","Trait5","FASTmrMLM","PstI.TP56525","3","9789280","-4.0973e-06","9e-04","A"
"4","Trait5","FASTmrMLM","PstI.TP1166832","3","9820668","1.7614e-06","4e-04","A"
"4","Trait5","FASTmrMLM","PstI.TP115855","3","9836311","0.0072","0.1432","G"
"4","Trait5","FASTmrMLM","PstI.TP885055","3","9863789","-2e-04","0.0135","A"
"4","Trait5","FASTmrMLM","PstI.TP422072","3","9885778","-8.948e-06","0.002","C"
"4","Trait5","FASTmrMLM","PstI.TP667305","3","9919030","0.0618","0.6613","A"
"4","Trait5","FASTmrMLM","PstI.TP225921","3","9970806","-4.7134e-06","0.001","C"
"4","Trait5","FASTmrMLM","PstI.TP225611","3","9970824","-1.5156e-05","0.0033","A"
"4","Trait5","FASTmrMLM","PstI.TP183034","3","9973059","0.0972","0.6335","A"
"4","Trait5","FASTmrMLM","NsiI.TP576056","3","9976848","-7.3414e-06","0.0016","C"
"4","Trait5","FASTmrMLM","PstI.TP510262","3","10002322","-2.5253e-05","0.0055","C"
"4","Trait5","FASTmrMLM","PstI.TP122691","3","10005408","-1.8775e-05","0.0041","C"
"4","Trait5","FASTmrMLM","NsiI.TP532766","3","10008044","1.7294e-05","0.0038","C"
"4","Trait5","FASTmrMLM","GFSSContig12794_648","3","10010768","0.0833","0.867","T"
"4","Trait5","FASTmrMLM","PstI.TP803734","3","10034801","-5.3838e-06","0.0012","C"
"4","Trait5","FASTmrMLM","PstI.TP256389","3","10043104","-1.7027e-05","0.0037","C"
"4","Trait5","FASTmrMLM","NsiI.TP755529","3","10065212","-1.2347e-05","0.0027","C"
"4","Trait5","FASTmrMLM","PstI.TP788512","3","10065778","1.2323e-05","0.0027","A"
"4","Trait5","FASTmrMLM","NsiI.TP60998","3","10070529","-0.0156","0.2088","C"
"4","Trait5","FASTmrMLM","PstI.TP1233098","3","10075325","0.0337","0.2798","C"
"4","Trait5","FASTmrMLM","PstI.TP36054","3","10093232","-2.9436e-05","0.0065","A"
"4","Trait5","FASTmrMLM","PstI.TP764611","3","10097873","0.0761","0.5081","A"
"4","Trait5","FASTmrMLM","NsiI.TP238093","3","10105373","-1.4294e-05","0.0031","A"
"4","Trait5","FASTmrMLM","PstI.TP808072","3","10105565","6.7221e-06","0.0015","C"
"4","Trait5","FASTmrMLM","PstI.TP214139","3","10115683","-0.0336","0.2903","A"
"4","Trait5","FASTmrMLM","NsiI.TP216204","3","10213700","-3.4496e-05","0.0076","A"
"4","Trait5","FASTmrMLM","PstI.TP181227","3","10213933","0.022","0.3134","A"
"4","Trait5","FASTmrMLM","NsiI.TP245352","3","10232945","8.8965e-06","0.0019","A"
"4","Trait5","FASTmrMLM","PstI.TP461393","3","10232947","1.5745e-05","0.0034","A"
"4","Trait5","FASTmrMLM","PstI.TP600909","3","10254363","1.6994e-06","4e-04","C"
"4","Trait5","FASTmrMLM","PstI.TP218767","3","10270309","0.0775","0.8206","C"
"4","Trait5","FASTmrMLM","PstI.TP402502","3","10299573","-1.8148e-05","0.004","G"
"4","Trait5","FASTmrMLM","NsiI.TP698403","3","10302201","-2.3378e-05","0.0051","A"
"4","Trait5","FASTmrMLM","PstI.TP849286","3","10316458","2.8801e-06","6e-04","G"
"4","Trait5","FASTmrMLM","PstI.TP1198821","3","10317729","-1.2797e-05","0.0028","A"
"4","Trait5","FASTmrMLM","NsiI.TP438949","3","10369781","1.9214e-05","0.0042","A"
"4","Trait5","FASTmrMLM","PstI.TP417418","3","10369860","1.1728e-05","0.0026","A"
"4","Trait5","FASTmrMLM","PstI.TP237435","3","10383816","8.4273e-05","0.0099","C"
"4","Trait5","FASTmrMLM","PstI.TP950949","3","10385762","6.8182e-06","0.0015","C"
"4","Trait5","FASTmrMLM","PstI.TP300328","3","10399618","-0.0561","0.5957","A"
"4","Trait5","FASTmrMLM","NsiI.TP364233","3","10442574","-5.7472e-06","0.0013","A"
"4","Trait5","FASTmrMLM","PstI.TP691574","3","10455989","3.4176e-06","7e-04","A"
"4","Trait5","FASTmrMLM","PstI.TP707848","3","10456060","2.7622e-05","0.0061","C"
"4","Trait5","FASTmrMLM","PstI.TP932606","3","10490441","-2.4005e-05","0.0053","C"
"4","Trait5","FASTmrMLM","PstI.TP1079651","3","10526525","0.0364","0.2344","C"
"4","Trait5","FASTmrMLM","NsiI.TP403260","3","10532753","-0.1954","1.1055","A"
"4","Trait5","FASTmrMLM","PstI.TP1237174","3","10547074","-1.0135e-05","0.0022","A"
"4","Trait5","FASTmrMLM","PstI.TP15772","3","10547132","-4.252e-06","9e-04","A"
"4","Trait5","FASTmrMLM","NsiI.TP217148","3","10559850","0.119","0.8307","A"
"4","Trait5","FASTmrMLM","NsiI.TP137100","3","10611582","-1.8184e-06","4e-04","A"
"4","Trait5","FASTmrMLM","NsiI.TP137099","3","10611590","-1.2594e-05","0.0028","C"
"4","Trait5","FASTmrMLM","NsiI.TP591571","3","10614751","-0.0519","0.3273","C"
"4","Trait5","FASTmrMLM","PstI.TP884257","3","10631587","7.4772e-07","2e-04","C"
"4","Trait5","FASTmrMLM","PstI.TP20394","3","10668193","8.3547e-06","0.0018","C"
"4","Trait5","FASTmrMLM","PstI.TP675793","3","10722066","-1e-04","0.0103","A"
"4","Trait5","FASTmrMLM","PstI.TP718531","3","10722354","-0.0502","0.3612","G"
"4","Trait5","FASTmrMLM","NsiI.TP643016","3","10749174","-1.6139e-05","0.0035","A"
"4","Trait5","FASTmrMLM","PstI.TP210857","3","10749271","0.0373","0.3301","A"
"4","Trait5","FASTmrMLM","NsiI.TP297416","3","10749850","-0.0825","0.3982","C"
"4","Trait5","FASTmrMLM","PstI.TP1079805","3","10764412","-9.1783e-06","0.002","A"
"4","Trait5","FASTmrMLM","PstI.TP885273","3","10777425","-1.7346e-05","0.0038","C"
"4","Trait5","FASTmrMLM","GFSSContig19553_1853","3","10802480","0.0647","0.7208","T"
"4","Trait5","FASTmrMLM","PstI.TP1226324","3","10805986","-3.1577e-05","0.0069","C"
"4","Trait5","FASTmrMLM","PstI.TP187861","3","10814651","-0.065","0.356","A"
"4","Trait5","FASTmrMLM","PstI.TP1084418","3","10906949","-1.9576e-05","0.0043","A"
"4","Trait5","FASTmrMLM","PstI.TP433171","3","10952394","0.0306","0.2454","A"
"4","Trait5","FASTmrMLM","NsiI.TP725467","3","10967015","1.0277e-05","0.0022","C"
"4","Trait5","FASTmrMLM","PstI.TP862253","3","10977331","-4.2979e-05","0.0095","A"
"4","Trait5","FASTmrMLM","PstI.TP1261979","3","10993379","4.9771e-06","0.0011","A"
"4","Trait5","FASTmrMLM","PstI.TP575380","3","10993468","-0.0282","0.2823","A"
"4","Trait5","FASTmrMLM","NsiI.TP449361","3","11015929","-1.2522e-05","0.0027","A"
"4","Trait5","FASTmrMLM","PstI.TP1256117","3","11017293","-0.0805","0.4682","C"
"4","Trait5","FASTmrMLM","NsiI.TP255959","3","11040031","9.026e-06","0.002","A"
"4","Trait5","FASTmrMLM","PstI.TP782149","3","11041154","-3.0062e-06","7e-04","A"
"4","Trait5","FASTmrMLM","PstI.TP178400","3","11041210","-0.3116","1.5406","A"
"4","Trait5","FASTmrMLM","PstI.TP647008","3","11041234","-0.0583","0.222","C"
"4","Trait5","FASTmrMLM","NsiI.TP131565","3","11085778","-6.264e-06","0.0014","C"
"4","Trait5","FASTmrMLM","NsiI.TP225180","3","11100193","5.919e-06","0.0013","A"
"4","Trait5","FASTmrMLM","NsiI.TP249405","3","11104348","1.019e-05","0.0022","G"
"4","Trait5","FASTmrMLM","PstI.TP1102395","3","11109705","5.1312e-07","1e-04","C"
"4","Trait5","FASTmrMLM","PstI.TP1126899","3","11139100","-6.0414e-06","0.0013","A"
"4","Trait5","FASTmrMLM","NsiI.TP313537","3","11149200","-2.093e-05","0.0046","A"
"4","Trait5","FASTmrMLM","PstI.TP1215110","3","11170159","2e-04","0.014","A"
"4","Trait5","FASTmrMLM","NsiI.TP358308","3","11232963","1.2777e-05","0.0028","A"
"4","Trait5","FASTmrMLM","PstI.TP108184","3","11234426","0.1192","0.675","A"
"4","Trait5","FASTmrMLM","PstI.TP513105","3","11237478","9.4558e-06","0.0021","A"
"4","Trait5","FASTmrMLM","PstI.TP910355","3","11278736","3e-04","0.0147","A"
"4","Trait5","FASTmrMLM","PstI.TP253967","3","11279127","0.0538","0.44","A"
"4","Trait5","FASTmrMLM","NsiI.TP609355","3","11279977","1.5191e-05","0.0033","A"
"4","Trait5","FASTmrMLM","PstI.TP46130","3","11289615","-5.8371e-06","0.0013","A"
"4","Trait5","FASTmrMLM","PstI.TP1290066","3","11291286","0.0452","0.4349","A"
"4","Trait5","FASTmrMLM","NsiI.TP107484","3","11301567","-2.3102e-05","0.0051","C"
"4","Trait5","FASTmrMLM","NsiI.TP420176","3","11348401","-5.5873e-06","0.0012","G"
"4","Trait5","FASTmrMLM","PstI.TP711381","3","11355125","1.3354e-05","0.0029","C"
"4","Trait5","FASTmrMLM","PstI.TP1288470","3","11375569","-1.9837e-06","4e-04","C"
"4","Trait5","FASTmrMLM","PstI.TP377249","3","11377265","1.4863e-05","0.0032","A"
"4","Trait5","FASTmrMLM","NsiI.TP413615","3","11401977","3.0708e-05","0.0067","A"
"4","Trait5","FASTmrMLM","PstI.TP853014","3","11408141","-1.9026e-05","0.0042","A"
"4","Trait5","FASTmrMLM","PstI.TP1143613","3","11471096","2.685e-05","0.0059","C"
"4","Trait5","FASTmrMLM","NsiI.TP184008","3","11490897","3.6337e-06","8e-04","A"
"4","Trait5","FASTmrMLM","NsiI.TP619563","3","11513513","-8.4281e-05","0.0091","A"
"4","Trait5","FASTmrMLM","PstI.TP1217016","3","11532831","0.0513","0.5493","A"
"4","Trait5","FASTmrMLM","NsiI.TP125550","3","11550598","1.7935e-05","0.0039","A"
"4","Trait5","FASTmrMLM","PstI.TP115547","3","11558444","-2.5637e-05","0.0056","C"
"4","Trait5","FASTmrMLM","PstI.TP840581","3","11558496","-0.0354","0.277","A"
"4","Trait5","FASTmrMLM","PstI.TP1086017","3","11602118","-8.3928e-06","0.0018","C"
"4","Trait5","FASTmrMLM","NsiI.TP249146","3","11611514","0.0832","0.5143","A"
"4","Trait5","FASTmrMLM","NsiI.TP694899","3","11621467","2.3122e-06","5e-04","A"
"4","Trait5","FASTmrMLM","NsiI.TP668937","3","11645348","-4.0071e-06","9e-04","A"
"4","Trait5","FASTmrMLM","PstI.TP262333","3","11703052","-2.1686e-05","0.0047","A"
"4","Trait5","FASTmrMLM","PstI.TP697323","3","11724725","2.6954e-06","6e-04","A"
"4","Trait5","FASTmrMLM","PstI.TP412274","3","11727072","9.7613e-06","0.0021","C"
"4","Trait5","FASTmrMLM","GFSSContig12271_165","3","11754183","6.5802e-06","0.0014","A"
"4","Trait5","FASTmrMLM","PstI.TP1007552","3","11754660","-1.1945e-05","0.0026","C"
"4","Trait5","FASTmrMLM","PstI.TP895240","3","11789978","2.7948e-05","0.0061","A"
"4","Trait5","FASTmrMLM","PstI.TP1092235","3","11792122","-1.5159e-05","0.0033","A"
"4","Trait5","FASTmrMLM","NsiI.TP108844","3","11797171","6.2727e-06","0.0014","A"
"4","Trait5","FASTmrMLM","PstI.TP750640","3","11819956","-0.0485","0.636","C"
"4","Trait5","FASTmrMLM","NsiI.TP434679","3","11842346","1.0662e-05","0.0023","C"
"4","Trait5","FASTmrMLM","PstI.TP842954","3","11857444","-0.0243","0.2566","A"
"4","Trait5","FASTmrMLM","NsiI.TP467984","3","11869759","-1.0822e-05","0.0024","C"
"4","Trait5","FASTmrMLM","NsiI.TP642657","3","11869779","-2.4707e-05","0.0054","A"
"4","Trait5","FASTmrMLM","NsiI.TP486680","3","11870201","-1.3024e-05","0.0028","G"
"4","Trait5","FASTmrMLM","PstI.TP24971","3","11892571","3.6331e-05","0.0067","A"
"4","Trait5","FASTmrMLM","NsiI.TP807676","3","11959108","0.0228","0.28","C"
"4","Trait5","FASTmrMLM","PstI.TP1073882","3","11959153","-3.6872e-06","8e-04","C"
"4","Trait5","FASTmrMLM","PstI.TP340845","3","11967839","-0.5992","2.6513","C"
"4","Trait5","FASTmrMLM","PstI.TP1292795","3","11984245","6.3362e-06","0.0014","A"
"4","Trait5","FASTmrMLM","PstI.TP814395","3","12067947","-0.216","1.4977","C"
"4","Trait5","FASTmrMLM","PstI.TP814397","3","12067993","0.0304","0.3912","C"
"4","Trait5","FASTmrMLM","PstI.TP597894","3","12103125","3.8086e-06","8e-04","C"
"4","Trait5","FASTmrMLM","PstI.TP350622","3","12106094","-0.0916","0.5935","A"
"4","Trait5","FASTmrMLM","PstI.TP1266207","3","12109877","-4.8769e-06","0.0011","C"
"4","Trait5","FASTmrMLM","GFSSContig19896_719","3","12136535","7.9561e-05","0.0088","T"
"4","Trait5","FASTmrMLM","PstI.TP797446","3","12140520","1.3561e-05","0.003","A"
"4","Trait5","FASTmrMLM","NsiI.TP645342","3","12164037","-2.3931e-05","0.0052","A"
"4","Trait5","FASTmrMLM","NsiI.TP664405","3","12167133","-1.3112e-05","0.0029","C"
"4","Trait5","FASTmrMLM","NsiI.TP422936","3","12174028","-2.6131e-05","0.0057","A"
"4","Trait5","FASTmrMLM","PstI.TP370724","3","12222692","-1.5281e-05","0.0033","A"
"4","Trait5","FASTmrMLM","PstI.TP68880","3","12222755","1e-04","0.0098","A"
"4","Trait5","FASTmrMLM","NsiI.TP199924","3","12234930","1.6064e-06","3e-04","A"
"4","Trait5","FASTmrMLM","NsiI.TP181568","3","12237706","0.1255","0.7852","C"
"4","Trait5","FASTmrMLM","PstI.TP1043865","3","12238339","-0.5879","2.1457","A"
"4","Trait5","FASTmrMLM","NsiI.TP769803","3","12238811","-0.0793","0.8411","A"
"4","Trait5","FASTmrMLM","PstI.TP413401","3","12299683","-5.9624e-06","0.0013","C"
"4","Trait5","FASTmrMLM","PstI.TP302826","3","12312514","4.6325e-06","0.001","C"
"4","Trait5","FASTmrMLM","PstI.TP1235051","3","12315286","2.3638e-05","0.0052","C"
"4","Trait5","FASTmrMLM","PstI.TP273678","3","12316343","0.214","1.3309","A"
"4","Trait5","FASTmrMLM","NsiI.TP519965","3","12385588","0.0395","0.2874","A"
"4","Trait5","FASTmrMLM","PstI.TP140809","3","12430671","7.3195e-06","0.0016","A"
"4","Trait5","FASTmrMLM","NsiI.TP817180","3","12436618","3.4553e-05","0.0076","A"
"4","Trait5","FASTmrMLM","PstI.TP154031","3","12467058","-2.1944e-05","0.0048","G"
"4","Trait5","FASTmrMLM","PstI.TP460053","3","12467100","4.8053e-06","0.001","G"
"4","Trait5","FASTmrMLM","PstI.TP111267","3","12467817","1.739e-05","0.0038","A"
"4","Trait5","FASTmrMLM","PstI.TP948477","3","12469423","-3.3541e-07","7.2996e-05","A"
"4","Trait5","FASTmrMLM","PstI.TP208155","3","12469663","-8.9153e-06","0.0019","A"
"4","Trait5","FASTmrMLM","PstI.TP1182919","3","12471856","-0.1802","1.2048","C"
"4","Trait5","FASTmrMLM","PstI.TP131729","3","12472832","4.2064e-06","9e-04","A"
"4","Trait5","FASTmrMLM","PstI.TP799567","3","12474394","-0.0179","0.2468","G"
"4","Trait5","FASTmrMLM","PstI.TP901193","3","12590444","1.3805e-05","0.003","G"
"4","Trait5","FASTmrMLM","PstI.TP845682","3","12624260","1.671e-05","0.0037","C"
"4","Trait5","FASTmrMLM","NsiI.TP113668","3","12624893","-3.5228e-05","0.0077","C"
"4","Trait5","FASTmrMLM","NsiI.TP514380","3","12668487","1.3669e-05","0.003","C"
"4","Trait5","FASTmrMLM","PstI.TP240327","3","12693160","1.2175e-05","0.0027","A"
"4","Trait5","FASTmrMLM","PstI.TP211419","3","12715735","5.0472e-06","0.0011","C"
"4","Trait5","FASTmrMLM","PstI.TP308412","3","12715828","1.516e-05","0.0033","A"
"4","Trait5","FASTmrMLM","PstI.TP105023","3","12716065","-1e-04","0.0111","A"
"4","Trait5","FASTmrMLM","NsiI.TP327055","3","12746343","3.4837e-05","0.0076","A"
"4","Trait5","FASTmrMLM","PstI.TP1025510","3","12856217","-1.5061e-06","3e-04","A"
"4","Trait5","FASTmrMLM","NsiI.TP308651","3","12865039","-1.4343e-05","0.0031","A"
"4","Trait5","FASTmrMLM","PstI.TP934416","3","12865830","-0.0977","1.0377","A"
"4","Trait5","FASTmrMLM","NsiI.TP820115","3","12885820","0.1173","1.049","A"
"4","Trait5","FASTmrMLM","PstI.TP794413","3","12896526","-1.8158e-05","0.004","G"
"4","Trait5","FASTmrMLM","PstI.TP203633","3","12897920","0.0542","0.2707","C"
"4","Trait5","FASTmrMLM","NsiI.TP156234","3","12904371","-0.1906","0.6042","C"
"4","Trait5","FASTmrMLM","PstI.TP333090","3","12932645","1.818e-06","4e-04","A"
"4","Trait5","FASTmrMLM","NsiI.TP824652","3","12949828","0.0426","0.3632","A"
"4","Trait5","FASTmrMLM","PstI.TP861895","3","12987175","8.2327e-05","0.0095","C"
"4","Trait5","FASTmrMLM","NsiI.TP563229","3","13084031","-1.0357e-05","0.0023","A"
"4","Trait5","FASTmrMLM","NsiI.TP779342","3","13084298","-1.2828e-06","3e-04","C"
"4","Trait5","FASTmrMLM","PstI.TP53378","3","13096862","-0.0688","0.6737","C"
"4","Trait5","FASTmrMLM","PstI.TP1034276","3","13098892","3e-04","0.016","A"
"4","Trait5","FASTmrMLM","NsiI.TP35265","3","13099689","1.323e-06","3e-04","A"
"4","Trait5","FASTmrMLM","NsiI.TP27544","3","13133154","-2.5997e-05","0.0057","A"
"4","Trait5","FASTmrMLM","NsiI.TP65406","3","13181164","0.0309","0.4205","C"
"4","Trait5","FASTmrMLM","NsiI.TP462384","3","13183947","-2.5344e-05","0.0056","A"
"4","Trait5","FASTmrMLM","NsiI.TP550410","3","13199114","-3.3566e-06","7e-04","C"
"4","Trait5","FASTmrMLM","NsiI.TP830575","3","13207047","1.3395e-06","3e-04","A"
"4","Trait5","FASTmrMLM","NsiI.TP528401","3","13213249","0.1215","0.7063","A"
"4","Trait5","FASTmrMLM","PstI.TP1200658","3","13213556","0.073","0.6358","A"
"4","Trait5","FASTmrMLM","NsiI.TP439808","3","13233852","2.5749e-05","0.0056","A"
"4","Trait5","FASTmrMLM","NsiI.TP389615","3","13358199","-5.7781e-06","0.0013","C"
"4","Trait5","FASTmrMLM","NsiI.TP492954","3","13396004","-1.4364e-05","0.0031","A"
"4","Trait5","FASTmrMLM","PstI.TP367196","3","13409311","-0.0692","0.7121","A"
"4","Trait5","FASTmrMLM","PstI.TP1226727","3","13410875","1.976e-06","4e-04","C"
"4","Trait5","FASTmrMLM","NsiI.TP218402","3","13422024","9.0444e-06","0.002","A"
"4","Trait5","FASTmrMLM","PstI.TP287910","3","13439196","0.026","0.3356","C"
"4","Trait5","FASTmrMLM","PstI.TP319819","3","13500198","9.7401e-06","0.0021","A"
"4","Trait5","FASTmrMLM","NsiI.TP775735","3","13550015","-9.4248e-06","0.0021","C"
"4","Trait5","FASTmrMLM","PstI.TP188785","3","13557905","3.0589e-05","0.0067","A"
"4","Trait5","FASTmrMLM","NsiI.TP150286","3","13563733","0.0909","0.4468","A"
"4","Trait5","FASTmrMLM","PstI.TP643018","3","13625505","5e-04","0.0183","A"
"4","Trait5","FASTmrMLM","NsiI.TP442768","3","13681353","3.6603e-06","8e-04","A"
"4","Trait5","FASTmrMLM","NsiI.TP388729","3","13703033","1.6684e-05","0.0036","A"
"4","Trait5","FASTmrMLM","PstI.TP868090","3","13709410","0.0869","0.5613","A"
"4","Trait5","FASTmrMLM","PstI.TP1289837","3","13768005","5.805e-06","0.0013","G"
"4","Trait5","FASTmrMLM","NsiI.TP238541","3","13817896","1.7454e-05","0.0038","A"
"4","Trait5","FASTmrMLM","PstI.TP89289","3","14045560","-3.2985e-07","7.179e-05","A"
"4","Trait5","FASTmrMLM","NsiI.TP679326","3","14060060","9.7866e-06","0.0021","C"
"4","Trait5","FASTmrMLM","NsiI.TP679336","3","14060064","1.6051e-05","0.0035","C"
"4","Trait5","FASTmrMLM","PstI.TP51547","3","14061193","0.1637","2.4851","C"
"4","Trait5","FASTmrMLM","NsiI.TP538185","3","14073186","-1.0696e-05","0.0023","C"
"4","Trait5","FASTmrMLM","NsiI.TP380130","3","14124852","-6.1984e-06","0.0014","A"
"4","Trait5","FASTmrMLM","NsiI.TP536543","3","14129295","-1.8561e-05","0.0041","C"
"4","Trait5","FASTmrMLM","PstI.TP1038153","3","14204402","-0.1467","0.7496","A"
"4","Trait5","FASTmrMLM","NsiI.TP193897","3","14207695","1.2611e-05","0.0028","C"
"4","Trait5","FASTmrMLM","PstI.TP1048696","3","14214988","-9.4347e-06","0.0021","A"
"4","Trait5","FASTmrMLM","GFSSContig20060_2192","3","14318717","1.4382e-05","0.0031","A"
"4","Trait5","FASTmrMLM","NsiI.TP353977","3","14319235","-4.6034e-06","0.001","C"
"4","Trait5","FASTmrMLM","GFSSContig13835_1414","3","14322039","-2.4001e-06","5e-04","A"
"4","Trait5","FASTmrMLM","NsiI.TP339590","3","14330735","-6.891e-06","0.0015","A"
"4","Trait5","FASTmrMLM","NsiI.TP351008","3","14399765","-0.0859","0.4754","C"
"4","Trait5","FASTmrMLM","NsiI.TP222902","3","14444918","5.3278e-06","0.0012","C"
"4","Trait5","FASTmrMLM","PstI.TP1215641","3","14451892","-2.1637e-05","0.0047","A"
"4","Trait5","FASTmrMLM","PstI.TP880132","3","14454738","2.4312e-05","0.0053","G"
"4","Trait5","FASTmrMLM","PstI.TP867369","3","14568699","-2.0852e-05","0.0046","G"
"4","Trait5","FASTmrMLM","PstI.TP867378","3","14568731","-1.4551e-05","0.0032","C"
"4","Trait5","FASTmrMLM","PstI.TP1171725","3","14636294","0.0342","0.4251","A"
"4","Trait5","FASTmrMLM","PstI.TP157488","3","14637148","7.1179e-06","0.0016","A"
"4","Trait5","FASTmrMLM","PstI.TP778088","3","14656031","0.0304","0.3041","A"
"4","Trait5","FASTmrMLM","NsiI.TP725316","3","14750214","-1.306e-05","0.0029","C"
"4","Trait5","FASTmrMLM","PstI.TP487519","3","14750766","-0.1266","0.8999","A"
"4","Trait5","FASTmrMLM","NsiI.TP311718","3","14840365","1.4469e-05","0.0032","A"
"4","Trait5","FASTmrMLM","PstI.TP1220386","3","14873213","-7.4567e-06","0.0016","A"
"4","Trait5","FASTmrMLM","PstI.TP841043","3","14943105","2.6538e-05","0.0058","C"
"4","Trait5","FASTmrMLM","NsiI.TP440571","3","14960091","0.098","1.135","A"
"4","Trait5","FASTmrMLM","NsiI.TP199264","3","14962697","-1.0509e-05","0.0023","A"
"4","Trait5","FASTmrMLM","NsiI.TP231122","3","15007184","-1.5001e-06","3e-04","C"
"4","Trait5","FASTmrMLM","PstI.TP163173","3","15054458","8.4006e-06","0.0018","A"
"4","Trait5","FASTmrMLM","NsiI.TP485684","3","15106145","2.0635e-05","0.0045","C"
"4","Trait5","FASTmrMLM","PstI.TP21992","3","15132086","-9.611e-06","0.0021","C"
"4","Trait5","FASTmrMLM","PstI.TP1123006","3","15144093","-5.7425e-05","0.0083","A"
"4","Trait5","FASTmrMLM","NsiI.TP221769","3","15194145","-6.7818e-06","0.0015","A"
"4","Trait5","FASTmrMLM","PstI.TP356415","3","15356034","3.3401e-06","7e-04","A"
"4","Trait5","FASTmrMLM","PstI.TP369571","3","15356314","-6.2086e-07","1e-04","C"
"4","Trait5","FASTmrMLM","PstI.TP1024303","3","15413025","9.0442e-06","0.002","C"
"4","Trait5","FASTmrMLM","PstI.TP876659","3","15413080","-0.0734","0.6108","C"
"4","Trait5","FASTmrMLM","PstI.TP686919","3","15422502","2.331e-05","0.0051","A"
"4","Trait5","FASTmrMLM","NsiI.TP302704","3","15424029","-0.0169","0.2652","C"
"4","Trait5","FASTmrMLM","PstI.TP105118","3","15425067","2.8013e-05","0.0061","C"
"4","Trait5","FASTmrMLM","NsiI.TP412511","3","15426781","-1.6345e-05","0.0036","A"
"4","Trait5","FASTmrMLM","PstI.TP737313","3","15429136","0.0248","0.3063","A"
"4","Trait5","FASTmrMLM","PstI.TP516117","3","15555143","1.2156e-06","3e-04","G"
"4","Trait5","FASTmrMLM","PstI.TP169104","3","15672632","-8.6501e-06","0.0019","G"
"4","Trait5","FASTmrMLM","PstI.TP1270439","3","15756535","2.3293e-05","0.0051","A"
"4","Trait5","FASTmrMLM","NsiI.TP616451","3","15756558","4.7785e-08","1.0399e-05","A"
"4","Trait5","FASTmrMLM","PstI.TP671700","3","15764634","-4.2641e-06","9e-04","A"
"4","Trait5","FASTmrMLM","PstI.TP419523","3","15768751","-0.33","1.0536","C"
"4","Trait5","FASTmrMLM","NsiI.TP571134","3","15778021","0.0566","0.6124","A"
"4","Trait5","FASTmrMLM","PstI.TP264600","3","15802617","-2.2509e-05","0.0049","A"
"4","Trait5","FASTmrMLM","PstI.TP679941","3","15834789","0.0395","0.3705","A"
"4","Trait5","FASTmrMLM","PstI.TP1011738","3","15835687","-1.4467e-06","3e-04","A"
"4","Trait5","FASTmrMLM","PstI.TP599654","3","15840870","1.4697e-05","0.0032","A"
"4","Trait5","FASTmrMLM","NsiI.TP99982","3","15842723","0.079","0.6525","C"
"4","Trait5","FASTmrMLM","PstI.TP1210684","3","15872813","5.4041e-06","0.0012","C"
"4","Trait5","FASTmrMLM","PstI.TP1094069","3","15872941","1.963e-05","0.0043","A"
"4","Trait5","FASTmrMLM","NsiI.TP36420","3","15881197","0.0094","0.139","C"
"4","Trait5","FASTmrMLM","NsiI.TP679264","3","15889736","-1.9656e-05","0.0043","C"
"4","Trait5","FASTmrMLM","PstI.TP295245","3","15915061","-8.2438e-06","0.0018","A"
"4","Trait5","FASTmrMLM","PstI.TP295247","3","15915100","6.676e-06","0.0015","A"
"4","Trait5","FASTmrMLM","NsiI.TP389874","3","15941283","8.0885e-06","0.0018","C"
"4","Trait5","FASTmrMLM","NsiI.TP487878","3","16015288","5.9115e-06","0.0013","C"
"4","Trait5","FASTmrMLM","PstI.TP933591","3","16034208","-0.439","3.2727","C"
"4","Trait5","FASTmrMLM","NsiI.TP702959","3","16191811","8.1363e-06","0.0018","A"
"4","Trait5","FASTmrMLM","NsiI.TP830904","3","16219824","-1.0835e-05","0.0024","A"
"4","Trait5","FASTmrMLM","PstI.TP8468","3","16234278","2.156e-06","5e-04","C"
"4","Trait5","FASTmrMLM","NsiI.TP602875","3","16331268","-4.7811e-06","0.001","A"
"4","Trait5","FASTmrMLM","PstI.TP730744","3","16373477","2.0462e-05","0.0045","A"
"4","Trait5","FASTmrMLM","PstI.TP662534","3","16373499","2.8342e-05","0.0062","C"
"4","Trait5","FASTmrMLM","PstI.TP24724","3","16395774","-1.1868e-05","0.0026","G"
"4","Trait5","FASTmrMLM","PstI.TP24722","3","16395923","0.0293","0.3833","C"
"4","Trait5","FASTmrMLM","PstI.TP881144","3","16397608","-1.7404e-05","0.0038","C"
"4","Trait5","FASTmrMLM","PstI.TP1263202","3","16424516","-2.3947e-05","0.0052","A"
"4","Trait5","FASTmrMLM","NsiI.TP471929","3","16529771","8.2e-06","0.0018","C"
"4","Trait5","FASTmrMLM","NsiI.TP471928","3","16529777","0.0087","0.1065","C"
"4","Trait5","FASTmrMLM","NsiI.TP471927","3","16529794","-4.2363e-06","9e-04","A"
"4","Trait5","FASTmrMLM","NsiI.TP272453","3","16542964","-0.117","0.5324","A"
"4","Trait5","FASTmrMLM","NsiI.TP620951","3","16553842","-1.715e-05","0.0037","A"
"4","Trait5","FASTmrMLM","NsiI.TP620953","3","16553842","2.0158e-05","0.0044","A"
"4","Trait5","FASTmrMLM","NsiI.TP41073","3","16557308","-1.917e-06","4e-04","G"
"4","Trait5","FASTmrMLM","PstI.TP65942","3","16722092","3.0312e-05","0.0066","A"
"4","Trait5","FASTmrMLM","PstI.TP876556","3","16731447","-0.0105","0.1622","A"
"4","Trait5","FASTmrMLM","NsiI.TP174240","3","16791229","0.1403","1.0012","C"
"4","Trait5","FASTmrMLM","PstI.TP413521","3","16794353","-1.7959e-05","0.0039","C"
"4","Trait5","FASTmrMLM","NsiI.TP620135","3","16826264","-0.2756","1.0333","A"
"4","Trait5","FASTmrMLM","PstI.TP773027","3","16863797","-1.4871e-05","0.0032","A"
"4","Trait5","FASTmrMLM","PstI.TP786831","3","16868831","-4.088e-06","9e-04","A"
"4","Trait5","FASTmrMLM","PstI.TP1007253","3","16975651","-0.0262","0.1761","A"
"4","Trait5","FASTmrMLM","NsiI.TP281455","3","17018250","0.0405","0.1951","G"
"4","Trait5","FASTmrMLM","NsiI.TP15322","3","17021509","-2.7928e-06","6e-04","A"
"4","Trait5","FASTmrMLM","NsiI.TP733536","3","17102485","-0.0756","0.3369","A"
"4","Trait5","FASTmrMLM","PstI.TP232886","3","17142808","-8.538e-07","2e-04","C"
"4","Trait5","FASTmrMLM","PstI.TP197187","3","17294454","-0.0929","0.6356","C"
"4","Trait5","FASTmrMLM","PstI.TP1146105","3","17294985","-1.336e-05","0.0029","A"
"4","Trait5","FASTmrMLM","PstI.TP1146103","3","17295026","-0.1189","0.8643","C"
"4","Trait5","FASTmrMLM","NsiI.TP796663","3","17298671","-8.3259e-06","0.0018","A"
"4","Trait5","FASTmrMLM","PstI.TP332313","3","17307698","7.4914e-07","2e-04","A"
"4","Trait5","FASTmrMLM","NsiI.TP679308","3","17370119","-4.9976e-06","0.0011","G"
"4","Trait5","FASTmrMLM","PstI.TP260508","3","17568419","-1.0831e-05","0.0024","A"
"4","Trait5","FASTmrMLM","NsiI.TP420064","3","17591637","8.1586e-06","0.0018","A"
"4","Trait5","FASTmrMLM","PstI.TP649427","3","17594522","4.5336e-05","0.01","A"
"4","Trait5","FASTmrMLM","NsiI.TP735370","3","17759862","1.6765e-05","0.0037","A"
"4","Trait5","FASTmrMLM","NsiI.TP467649","3","17996178","0.0406","0.2898","A"
"4","Trait5","FASTmrMLM","NsiI.TP24515","3","17996842","0.1689","1.1705","C"
"4","Trait5","FASTmrMLM","NsiI.TP580323","3","18001535","0.1244","0.9238","C"
"4","Trait5","FASTmrMLM","PstI.TP1122932","3","18011135","0.0493","0.4709","A"
"4","Trait5","FASTmrMLM","NsiI.TP475230","3","18203767","1.4623e-05","0.0032","A"
"4","Trait5","FASTmrMLM","GFSSContig19723_735","3","18233976","1.6713e-05","0.0037","A"
"4","Trait5","FASTmrMLM","NsiI.TP289586","3","18234531","-4.5226e-05","0.0072","A"
"4","Trait5","FASTmrMLM","PstI.TP679532","3","18260932","-0.1693","0.7102","A"
"4","Trait5","FASTmrMLM","NsiI.TP340767","3","18276477","1.972e-05","0.0043","G"
"4","Trait5","FASTmrMLM","PstI.TP601752","3","18397840","3e-04","0.0143","C"
"4","Trait5","FASTmrMLM","NsiI.TP441969","3","18464066","2.2863e-05","0.005","C"
"4","Trait5","FASTmrMLM","GFSSContig8275_336","3","18780871","2.0671e-05","0.0045","A"
"4","Trait5","FASTmrMLM","PstI.TP898958","3","18783182","-8.6659e-06","0.0019","A"
"4","Trait5","FASTmrMLM","NsiI.TP517346","3","18784331","9.3603e-05","0.0077","A"
"4","Trait5","FASTmrMLM","PstI.TP60703","3","18784626","-1.4424e-05","0.0032","C"
"4","Trait5","FASTmrMLM","PstI.TP513824","3","18798266","2.5242e-05","0.0055","A"
"4","Trait5","FASTmrMLM","PstI.TP810408","3","18798269","-9.1808e-06","0.002","C"
"4","Trait5","FASTmrMLM","PstI.TP1186559","3","18802983","-1.6344e-05","0.0036","G"
"4","Trait5","FASTmrMLM","NsiI.TP374359","3","18829967","6.8322e-06","0.0015","A"
"4","Trait5","FASTmrMLM","PstI.TP105421","3","19147994","-0.1395","1.5723","A"
"4","Trait5","FASTmrMLM","NsiI.TP829016","3","19157041","2.7386e-05","0.006","C"
"4","Trait5","FASTmrMLM","PstI.TP424396","3","19276647","-0.0936","1.19","C"
"4","Trait5","FASTmrMLM","NsiI.TP113393","3","19292462","-1.0086e-05","0.0022","A"
"4","Trait5","FASTmrMLM","NsiI.TP420912","3","19319965","-1.1553e-06","3e-04","C"
"4","Trait5","FASTmrMLM","PstI.TP308012","3","19320110","-1.9258e-06","4e-04","A"
"4","Trait5","FASTmrMLM","PstI.TP49191","3","19403522","-0.203","0.9293","A"
"4","Trait5","FASTmrMLM","PstI.TP1274885","3","19467449","2.8903e-05","0.0063","C"
"4","Trait5","FASTmrMLM","PstI.TP830863","3","19467690","0.0791","0.6843","A"
"4","Trait5","FASTmrMLM","PstI.TP246975","3","19673688","3.1555e-05","0.0069","A"
"4","Trait5","FASTmrMLM","PstI.TP731882","3","19716780","2e-04","0.0127","C"
"4","Trait5","FASTmrMLM","PstI.TP1038494","3","19716895","-0.067","0.5369","C"
"4","Trait5","FASTmrMLM","PstI.TP50734","3","19717023","0.0297","0.2729","G"
"4","Trait5","FASTmrMLM","GFSSContig17760_1991","3","19940061","-4.3388e-06","9e-04","A"
"4","Trait5","FASTmrMLM","PstI.TP715461","3","20004205","0.0185","0.2217","C"
"4","Trait5","FASTmrMLM","PstI.TP956119","3","20016642","-2.1209e-05","0.0046","C"
"4","Trait5","FASTmrMLM","PstI.TP77540","3","20016862","2e-04","0.0135","A"
"4","Trait5","FASTmrMLM","NsiI.TP376064","3","20037868","1.619e-05","0.0035","G"
"4","Trait5","FASTmrMLM","PstI.TP654145","3","20073167","4.1925e-06","9e-04","A"
"4","Trait5","FASTmrMLM","PstI.TP765965","3","20259611","3.5448e-05","0.0078","C"
"4","Trait5","FASTmrMLM","GFSSContig10593_69","3","20368364","-2.2981e-05","0.005","A"
"4","Trait5","FASTmrMLM","NsiI.TP216176","3","20518674","-1.603e-06","3e-04","A"
"4","Trait5","FASTmrMLM","PstI.TP958037","3","20518856","3.62e-06","8e-04","C"
"4","Trait5","FASTmrMLM","PstI.TP42359","3","20536087","1.9882e-05","0.0043","C"
"4","Trait5","FASTmrMLM","GFSSContig13202_231","3","20804060","6.0946e-06","0.0013","A"
"4","Trait5","FASTmrMLM","PstI.TP485073","3","20881384","0.0634","0.4901","C"
"4","Trait5","FASTmrMLM","NsiI.TP471510","3","20919773","-1.6115e-05","0.0035","G"
"4","Trait5","FASTmrMLM","NsiI.TP120931","3","20921114","0.0187","0.148","C"
"4","Trait5","FASTmrMLM","GFSSContig13702_411","3","23670210","2.5448e-05","0.0056","A"
"4","Trait5","FASTmrMLM","PstI.TP933357","3","24835151","-0.1149","0.6756","G"
"4","Trait5","FASTmrMLM","PstI.TP933353","3","24835175","-1.0869e-05","0.0024","C"
"4","Trait5","FASTmrMLM","PstI.TP1109574","3","25892792","1.0804e-06","2e-04","A"
"4","Trait5","FASTmrMLM","PstI.TP82997","3","26681365","-3.0672e-06","7e-04","C"
"4","Trait5","FASTmrMLM","NsiI.TP187491","3","26963306","2.7985e-05","0.0061","C"
"4","Trait5","FASTmrMLM","PstI.TP766646","3","27736431","1.1565e-06","3e-04","A"
"4","Trait5","FASTmrMLM","NsiI.TP386998","3","27744393","-1.6825e-05","0.0037","C"
"4","Trait5","FASTmrMLM","PstI.TP775215","3","27762023","-1.0881e-07","2.3683e-05","G"
"4","Trait5","FASTmrMLM","PstI.TP1045559","3","27964225","-1.1608e-05","0.0025","C"
"4","Trait5","FASTmrMLM","NsiI.TP454398","3","27980767","8.131e-05","0.0075","A"
"4","Trait5","FASTmrMLM","GFSSContig14674_1096","3","28457341","1.3896e-05","0.003","T"
"4","Trait5","FASTmrMLM","PstI.TP242731","3","28459042","1.8177e-05","0.004","A"
"4","Trait5","FASTmrMLM","NsiI.TP721989","3","28849579","-8.4118e-06","0.0018","A"
"4","Trait5","FASTmrMLM","NsiI.TP165117","3","28937633","-1.1784e-05","0.0026","A"
"4","Trait5","FASTmrMLM","PstI.TP1043493","3","29129522","-0.0555","0.2698","G"
"4","Trait5","FASTmrMLM","PstI.TP461080","3","29174937","-4.924e-06","0.0011","A"
"4","Trait5","FASTmrMLM","NsiI.TP672907","3","29368902","0.0527","0.4386","A"
"4","Trait5","FASTmrMLM","PstI.TP50293","3","29381523","-1.8179e-05","0.004","A"
"4","Trait5","FASTmrMLM","PstI.TP1026819","3","29389410","3.8363e-06","8e-04","C"
"4","Trait5","FASTmrMLM","PstI.TP315998","3","29390832","-4.1163e-06","9e-04","A"
"4","Trait5","FASTmrMLM","PstI.TP175027","3","30286779","1.7273e-05","0.0038","C"
"4","Trait5","FASTmrMLM","PstI.TP176384","3","30293354","2.4924e-06","5e-04","C"
"4","Trait5","FASTmrMLM","PstI.TP69787","3","30530582","-2.6195e-05","0.0057","G"
"4","Trait5","FASTmrMLM","PstI.TP489540","3","30530607","0.094","0.5779","C"
"4","Trait5","FASTmrMLM","NsiI.TP573918","3","32132222","3.13e-05","0.0069","C"
"4","Trait5","FASTmrMLM","NsiI.TP88373","3","36475016","-8.0159e-06","0.0017","C"
"4","Trait5","FASTmrMLM","PstI.TP118856","3","37389858","0.1376","0.6706","G"
"4","Trait5","FASTmrMLM","NsiI.TP29043","3","38303455","8.8454e-06","0.0019","C"
"4","Trait5","FASTmrMLM","NsiI.TP118097","3","38372677","-5.7068e-06","0.0012","G"
"4","Trait5","FASTmrMLM","NsiI.TP791854","3","38566702","-1.6364e-05","0.0036","C"
"4","Trait5","FASTmrMLM","NsiI.TP790468","3","38566710","-0.1059","1.3433","A"
"4","Trait5","FASTmrMLM","NsiI.TP636263","3","38566722","3.0689e-05","0.0067","A"
"4","Trait5","FASTmrMLM","NsiI.TP168458","3","38768710","-5.6334e-06","0.0012","A"
"4","Trait5","FASTmrMLM","PstI.TP210083","3","39389888","-0.2447","2.0941","A"
"4","Trait5","FASTmrMLM","PstI.TP1277415","3","39391648","-5.1464e-06","0.0011","A"
"4","Trait5","FASTmrMLM","NsiI.TP571751","3","39398206","-1.9409e-05","0.0042","C"
"4","Trait5","FASTmrMLM","PstI.TP176124","3","41212630","-3.0454e-06","7e-04","C"
"4","Trait5","FASTmrMLM","NsiI.TP514212","3","41353039","-6.0163e-06","0.0013","C"
"4","Trait5","FASTmrMLM","NsiI.TP783209","3","41877564","-1.9736e-06","4e-04","C"
"4","Trait5","FASTmrMLM","NsiI.TP434107","3","41984598","1.0254e-05","0.0022","C"
"4","Trait5","FASTmrMLM","PstI.TP961429","3","42107327","2.3534e-05","0.0052","A"
"4","Trait5","FASTmrMLM","NsiI.TP452197","3","42637106","-7.2636e-06","0.0016","A"
"4","Trait5","FASTmrMLM","NsiI.TP713867","3","44528410","-1.453e-05","0.0032","A"
"4","Trait5","FASTmrMLM","PstI.TP262720","3","44841430","3.978e-06","9e-04","C"
"4","Trait5","FASTmrMLM","PstI.TP112648","3","44928201","2.4849e-05","0.0054","A"
"4","Trait5","FASTmrMLM","PstI.TP482650","3","44928246","-1.0421e-05","0.0023","A"
"4","Trait5","FASTmrMLM","PstI.TP1217918","3","44928959","1.474e-05","0.0032","C"
"4","Trait5","FASTmrMLM","NsiI.TP375876","3","45274559","9.647e-06","0.0021","A"
"4","Trait5","FASTmrMLM","PstI.TP530571","3","45538893","0.0215","0.1399","C"
"4","Trait5","FASTmrMLM","NsiI.TP109767","3","45539191","-2.2135e-05","0.0048","C"
"4","Trait5","FASTmrMLM","NsiI.TP499493","3","45563275","0.0515","0.6131","A"
"4","Trait5","FASTmrMLM","PstI.TP156057","3","45564496","-0.0725","0.7979","A"
"4","Trait5","FASTmrMLM","NsiI.TP603323","3","45571402","-1.5695e-05","0.0034","C"
"4","Trait5","FASTmrMLM","PstI.TP898924","3","45627071","5.5362e-06","0.0012","G"
"4","Trait5","FASTmrMLM","PstI.TP309206","3","45627127","1.5045e-06","3e-04","C"
"4","Trait5","FASTmrMLM","NsiI.TP701706","3","45628159","5.9703e-06","0.0013","A"
"4","Trait5","FASTmrMLM","NsiI.TP602866","3","45640292","-4.7928e-05","0.0074","C"
"4","Trait5","FASTmrMLM","PstI.TP1260663","3","46365943","-1.0392e-05","0.0023","G"
"4","Trait5","FASTmrMLM","NsiI.TP411037","3","46590356","2.2733e-05","0.005","A"
"4","Trait5","FASTmrMLM","NsiI.TP145844","3","46777098","0.1174","0.9127","A"
"4","Trait5","FASTmrMLM","NsiI.TP689486","3","46809623","-1.3065e-05","0.0029","A"
"4","Trait5","FASTmrMLM","PstI.TP275923","3","46818280","5.7871e-06","0.0013","A"
"4","Trait5","FASTmrMLM","NsiI.TP436934","3","46864295","-0.0375","0.5265","A"
"4","Trait5","FASTmrMLM","NsiI.TP823981","3","46941934","-2.591e-06","6e-04","C"
"4","Trait5","FASTmrMLM","NsiI.TP328743","3","47606967","3.2157e-05","0.0071","C"
"4","Trait5","FASTmrMLM","NsiI.TP415228","3","47610168","-0.0167","0.2377","A"
"4","Trait5","FASTmrMLM","NsiI.TP62377","3","48524833","0.0771","0.6273","A"
"4","Trait5","FASTmrMLM","NsiI.TP819503","3","48628844","-2.9449e-05","0.0065","G"
"4","Trait5","FASTmrMLM","NsiI.TP546249","3","48691658","-4e-04","0.018","A"
"4","Trait5","FASTmrMLM","NsiI.TP611089","3","48693616","1.1854e-06","3e-04","A"
"4","Trait5","FASTmrMLM","PstI.TP1256120","3","48694888","-0.2002","1.7508","A"
"4","Trait5","FASTmrMLM","NsiI.TP706994","3","48751967","1.3203e-05","0.0029","A"
"4","Trait5","FASTmrMLM","NsiI.TP529810","3","48806886","-2.572e-05","0.0056","C"
"4","Trait5","FASTmrMLM","NsiI.TP627000","3","48915039","-1.0686e-05","0.0023","A"
"4","Trait5","FASTmrMLM","NsiI.TP425455","3","48959611","-1.0652e-05","0.0023","A"
"4","Trait5","FASTmrMLM","NsiI.TP425456","3","48959639","-0.0045","0.0694","A"
"4","Trait5","FASTmrMLM","PstI.TP643551","3","49027360","0.0856","0.6319","G"
"4","Trait5","FASTmrMLM","NsiI.TP464599","3","49109508","-2.1643e-05","0.0047","C"
"4","Trait5","FASTmrMLM","PstI.TP1189709","3","49508836","2.5787e-05","0.0056","A"
"4","Trait5","FASTmrMLM","NsiI.TP481731","3","49592212","1.5514e-05","0.0034","A"
"4","Trait5","FASTmrMLM","GFSSContig15237_626","3","49715414","-2.9946e-05","0.0066","A"
"4","Trait5","FASTmrMLM","PstI.TP1005487","3","49717109","-1.1901e-05","0.0026","C"
"4","Trait5","FASTmrMLM","PstI.TP643547","3","49717113","-0.0876","0.5471","A"
"4","Trait5","FASTmrMLM","PstI.TP1030600","3","49719109","-1.6624e-05","0.0036","C"
"4","Trait5","FASTmrMLM","NsiI.TP246083","3","49774550","-0.2312","0.7297","C"
"4","Trait5","FASTmrMLM","PstI.TP1159254","3","50031209","-2.3566e-05","0.0052","C"
"4","Trait5","FASTmrMLM","PstI.TP609001","3","50049992","1.085e-05","0.0024","C"
"4","Trait5","FASTmrMLM","NsiI.TP737934","3","50050790","-1.137e-05","0.0025","A"
"4","Trait5","FASTmrMLM","NsiI.TP101439","3","50050903","-1.6425e-05","0.0036","C"
"4","Trait5","FASTmrMLM","NsiI.TP190013","3","50060923","0.5308","1.8559","A"
"4","Trait5","FASTmrMLM","NsiI.TP707686","3","50280980","-6.9783e-06","0.0015","C"
"4","Trait5","FASTmrMLM","PstI.TP1039693","3","50291092","-2.461e-05","0.0054","A"
"4","Trait5","FASTmrMLM","PstI.TP308868","3","50361949","-1.8317e-05","0.004","A"
"4","Trait5","FASTmrMLM","PstI.TP22049","3","50375809","0.1373","0.6178","C"
"4","Trait5","FASTmrMLM","PstI.TP380502","3","50376181","-6.4984e-06","0.0014","A"
"4","Trait5","FASTmrMLM","PstI.TP366877","3","50380522","1.7455e-05","0.0038","A"
"4","Trait5","FASTmrMLM","PstI.TP885758","3","50408437","-3.0458e-07","6.6317e-05","C"
"4","Trait5","FASTmrMLM","NsiI.TP570404","3","50549540","-8.396e-06","0.0018","C"
"4","Trait5","FASTmrMLM","NsiI.TP554032","3","50563424","0.0322","0.4658","A"
"4","Trait5","FASTmrMLM","NsiI.TP470421","3","50564096","0.0235","0.3336","C"
"4","Trait5","FASTmrMLM","NsiI.TP470422","3","50564127","0.055","0.3341","C"
"4","Trait5","FASTmrMLM","NsiI.TP125437","3","50564139","3.6181e-05","0.0079","C"
"4","Trait5","FASTmrMLM","NsiI.TP123876","3","50564177","-0.055","0.3141","A"
"4","Trait5","FASTmrMLM","NsiI.TP621554","3","50623569","-3.3907e-05","0.0074","G"
"4","Trait5","FASTmrMLM","PstI.TP1112912","3","50623707","-1.6178e-05","0.0035","A"
"4","Trait5","FASTmrMLM","NsiI.TP396295","3","50627087","-0.0211","0.3082","A"
"4","Trait5","FASTmrMLM","PstI.TP646918","3","50666591","-1.5904e-05","0.0035","A"
"4","Trait5","FASTmrMLM","PstI.TP704244","3","50687892","-0.24","1.9498","A"
"4","Trait5","FASTmrMLM","NsiI.TP404012","3","50726629","-0.0997","0.4723","A"
"4","Trait5","FASTmrMLM","PstI.TP48479","3","50764585","2.1759e-05","0.0048","A"
"4","Trait5","FASTmrMLM","NsiI.TP173646","3","50768852","8.5688e-06","0.0019","A"
"4","Trait5","FASTmrMLM","PstI.TP1230172","3","50775530","-5.8024e-07","1e-04","C"
"4","Trait5","FASTmrMLM","PstI.TP1126954","3","50775750","9.9649e-05","0.0094","A"
"4","Trait5","FASTmrMLM","PstI.TP541336","3","50804241","1.3033e-05","0.0028","A"
"4","Trait5","FASTmrMLM","NsiI.TP320222","3","50881942","0.1255","1.0244","A"
"4","Trait5","FASTmrMLM","NsiI.TP425325","3","50885200","2.8226e-05","0.0062","G"
"4","Trait5","FASTmrMLM","NsiI.TP174068","3","50891816","-1.6849e-05","0.0037","A"
"4","Trait5","FASTmrMLM","PstI.TP840235","3","50897546","-2.2904e-05","0.005","G"
"4","Trait5","FASTmrMLM","PstI.TP254515","3","50898097","-3.7845e-06","8e-04","C"
"4","Trait5","FASTmrMLM","PstI.TP354335","3","50899095","-0.1223","0.4699","C"
"4","Trait5","FASTmrMLM","PstI.TP1068006","3","51034769","5.8361e-06","0.0013","C"
"4","Trait5","FASTmrMLM","PstI.TP983937","3","51061004","2.0497e-05","0.0045","C"
"4","Trait5","FASTmrMLM","PstI.TP528708","3","51123508","0.0839","0.5769","A"
"4","Trait5","FASTmrMLM","NsiI.TP819861","3","51143212","0.0136","0.2297","C"
"4","Trait5","FASTmrMLM","PstI.TP229875","3","51162558","1.1159e-05","0.0024","C"
"4","Trait5","FASTmrMLM","PstI.TP382498","3","51237483","4.273e-06","9e-04","A"
"4","Trait5","FASTmrMLM","PstI.TP249697","3","51237492","0.0298","0.2707","A"
"4","Trait5","FASTmrMLM","NsiI.TP287446","3","51237637","1.7996e-05","0.0039","C"
"4","Trait5","FASTmrMLM","PstI.TP505936","3","51322827","2.0457e-05","0.0045","A"
"4","Trait5","FASTmrMLM","PstI.TP789643","3","51322890","-3.1169e-05","0.0068","C"
"4","Trait5","FASTmrMLM","PstI.TP236499","3","51323526","2.3669e-05","0.0052","A"
"4","Trait5","FASTmrMLM","NsiI.TP241521","3","51401464","-0.0662","0.3987","C"
"4","Trait5","FASTmrMLM","PstI.TP821727","3","51406610","-1.7698e-05","0.0039","A"
"4","Trait5","FASTmrMLM","PstI.TP324481","3","51536521","-0.0403","0.2934","C"
"4","Trait5","FASTmrMLM","PstI.TP722060","3","51617970","1.0306e-05","0.0022","A"
"4","Trait5","FASTmrMLM","NsiI.TP85397","3","51623606","3.4861e-05","0.0077","C"
"4","Trait5","FASTmrMLM","PstI.TP95870","3","51646220","1.27e-05","0.0028","C"
"4","Trait5","FASTmrMLM","PstI.TP38299","3","51647164","-3.8125e-05","0.0049","C"
"4","Trait5","FASTmrMLM","NsiI.TP442129","3","51657346","1.7634e-05","0.0039","C"
"4","Trait5","FASTmrMLM","NsiI.TP556897","3","51657863","2.4143e-05","0.0053","A"
"4","Trait5","FASTmrMLM","NsiI.TP779384","3","51680503","2.9383e-05","0.0064","A"
"4","Trait5","FASTmrMLM","NsiI.TP779386","3","51680530","1.8715e-05","0.0041","C"
"4","Trait5","FASTmrMLM","NsiI.TP520094","3","51791708","2.2722e-06","5e-04","A"
"4","Trait5","FASTmrMLM","NsiI.TP218789","3","51796050","2.8419e-05","0.0062","G"
"4","Trait5","FASTmrMLM","NsiI.TP218788","3","51796084","-4.8558e-06","0.0011","A"
"4","Trait5","FASTmrMLM","NsiI.TP38808","3","51798536","-7.8501e-06","0.0017","G"
"4","Trait5","FASTmrMLM","NsiI.TP89943","3","51800909","-4.4272e-06","0.001","C"
"4","Trait5","FASTmrMLM","PstI.TP463155","3","51816930","2.0154e-05","0.0044","C"
"4","Trait5","FASTmrMLM","PstI.TP21476","3","51831530","-2.3598e-07","5.1366e-05","C"
"4","Trait5","FASTmrMLM","PstI.TP460467","3","51838826","0.0513","0.5432","C"
"4","Trait5","FASTmrMLM","PstI.TP1169498","3","51898039","2.9994e-05","0.0066","C"
"4","Trait5","FASTmrMLM","NsiI.TP40632","3","51898973","2.4988e-05","0.0055","C"
"4","Trait5","FASTmrMLM","PstI.TP597478","3","51899678","-1.3139e-08","2.8597e-06","A"
"4","Trait5","FASTmrMLM","PstI.TP981287","3","51905432","0.0374","0.3208","A"
"4","Trait5","FASTmrMLM","PstI.TP148151","3","51906026","-0.046","0.3401","C"
"4","Trait5","FASTmrMLM","PstI.TP1169049","3","51910083","0.0182","0.1927","A"
"4","Trait5","FASTmrMLM","NsiI.TP568257","3","51913950","1.2617e-05","0.0028","C"
"4","Trait5","FASTmrMLM","NsiI.TP641107","3","51931014","-1.2251e-05","0.0027","A"
"4","Trait5","FASTmrMLM","NsiI.TP111578","3","51972260","-2.4611e-05","0.0054","A"
"4","Trait5","FASTmrMLM","NsiI.TP412310","3","51975007","-0.2205","0.8682","A"
"4","Trait5","FASTmrMLM","NsiI.TP360003","3","52004296","-7.7208e-06","0.0017","G"
"4","Trait5","FASTmrMLM","PstI.TP346744","3","52014149","-0.0449","0.5244","A"
"4","Trait5","FASTmrMLM","NsiI.TP217705","3","52086855","1.2574e-05","0.0027","C"
"4","Trait5","FASTmrMLM","PstI.TP1266759","3","52149252","-8.4272e-07","2e-04","C"
"4","Trait5","FASTmrMLM","PstI.TP1087177","3","52153001","1e-04","0.0088","A"
"4","Trait5","FASTmrMLM","NsiI.TP27440","3","52246752","-9.6585e-06","0.0021","A"
"4","Trait5","FASTmrMLM","PstI.TP178525","3","52262548","1.2359e-05","0.0027","A"
"4","Trait5","FASTmrMLM","NsiI.TP778183","3","52267523","-5.8938e-06","0.0013","A"
"4","Trait5","FASTmrMLM","PstI.TP465863","3","52270722","-0.0319","0.3113","C"
"4","Trait5","FASTmrMLM","PstI.TP806693","3","52342115","1.0795e-05","0.0024","A"
"4","Trait5","FASTmrMLM","PstI.TP793079","3","52368295","-8.1165e-05","0.0092","C"
"4","Trait5","FASTmrMLM","PstI.TP209991","3","52373704","8.6248e-06","0.0019","C"
"4","Trait5","FASTmrMLM","NsiI.TP375747","3","52422596","-5.4363e-06","0.0012","G"
"4","Trait5","FASTmrMLM","PstI.TP74594","3","52427704","-2.8632e-06","6e-04","C"
"4","Trait5","FASTmrMLM","NsiI.TP797788","3","52444465","0.053","0.5684","A"
"4","Trait5","FASTmrMLM","NsiI.TP612104","3","52461118","1.5326e-05","0.0033","C"
"4","Trait5","FASTmrMLM","PstI.TP218793","3","52473609","1.815e-05","0.004","C"
"4","Trait5","FASTmrMLM","NsiI.TP772099","3","52480890","-2.3287e-06","5e-04","C"
"4","Trait5","FASTmrMLM","PstI.TP232399","3","52637459","1.8906e-05","0.0041","A"
"4","Trait5","FASTmrMLM","PstI.TP1274894","3","52668866","-9.9857e-06","0.0022","C"
"4","Trait5","FASTmrMLM","GFSSContig10620_391","3","52780412","-8.7654e-06","0.0019","T"
"4","Trait5","FASTmrMLM","GFSSContig10620_634","3","52781343","0.0313","0.3493","T"
"4","Trait5","FASTmrMLM","PstI.TP73125","3","52783142","1.6094e-07","3.5029e-05","G"
"4","Trait5","FASTmrMLM","PstI.TP1231136","3","52841481","4.1185e-05","0.0071","C"
"4","Trait5","FASTmrMLM","PstI.TP908229","3","52846575","0.0217","0.1642","C"
"4","Trait5","FASTmrMLM","PstI.TP114373","3","52855853","-1.0472e-05","0.0023","A"
"4","Trait5","FASTmrMLM","NsiI.TP184053","3","52975387","3e-04","0.0155","G"
"4","Trait5","FASTmrMLM","NsiI.TP612897","3","53000216","-1.8576e-06","4e-04","C"
"4","Trait5","FASTmrMLM","NsiI.TP237414","3","53070218","-2.2438e-05","0.0049","A"
"4","Trait5","FASTmrMLM","PstI.TP537424","3","53114444","-6.1166e-06","0.0013","C"
"4","Trait5","FASTmrMLM","PstI.TP696439","3","53175188","-1.5325e-05","0.0033","C"
"4","Trait5","FASTmrMLM","PstI.TP1178174","3","53189924","-0.1492","0.7983","C"
"4","Trait5","FASTmrMLM","NsiI.TP390512","3","53191618","-2.1524e-05","0.0047","C"
"4","Trait5","FASTmrMLM","PstI.TP1169991","3","53218048","-0.2295","1.6511","A"
"4","Trait5","FASTmrMLM","NsiI.TP753682","3","53229241","1.4565e-05","0.0032","C"
"4","Trait5","FASTmrMLM","NsiI.TP488350","3","53232085","-2.0099e-05","0.0044","A"
"4","Trait5","FASTmrMLM","PstI.TP482477","3","53260098","1.4891e-06","3e-04","A"
"4","Trait5","FASTmrMLM","PstI.TP282777","3","53278988","0.1152","0.7999","C"
"4","Trait5","FASTmrMLM","NsiI.TP338771","3","53281012","0.2188","0.8714","C"
"4","Trait5","FASTmrMLM","NsiI.TP668278","3","53284401","-2.8609e-05","0.0063","A"
"4","Trait5","FASTmrMLM","PstI.TP1001126","3","53290416","1.3014e-05","0.0028","C"
"4","Trait5","FASTmrMLM","NsiI.TP632251","3","53336761","1.1043e-05","0.0024","A"
"4","Trait5","FASTmrMLM","PstI.TP62997","3","53375307","-2.8362e-06","6e-04","A"
"4","Trait5","FASTmrMLM","NsiI.TP678203","3","53375307","9.444e-07","2e-04","C"
"4","Trait5","FASTmrMLM","NsiI.TP751110","3","53391145","0.0594","0.5027","A"
"4","Trait5","FASTmrMLM","NsiI.TP589727","3","53404125","7.1205e-07","2e-04","G"
"4","Trait5","FASTmrMLM","NsiI.TP455635","3","53468049","5.5395e-06","0.0012","C"
"4","Trait5","FASTmrMLM","PstI.TP920178","3","53498058","0.0596","0.3736","G"
"4","Trait5","FASTmrMLM","PstI.TP120798","3","53516016","1.8953e-05","0.0041","G"
"4","Trait5","FASTmrMLM","PstI.TP607503","3","53550832","-1.7198e-05","0.0038","C"
"4","Trait5","FASTmrMLM","PstI.TP138896","3","53559658","-1.9137e-05","0.0042","A"
"4","Trait5","FASTmrMLM","PstI.TP900003","3","53586609","-5.893e-06","0.0013","A"
"4","Trait5","FASTmrMLM","NsiI.TP270392","3","53588941","-0.2017","0.8597","C"
"4","Trait5","FASTmrMLM","NsiI.TP149575","3","53623427","1.6151e-06","4e-04","C"
"4","Trait5","FASTmrMLM","GFSSContig20069_834","3","53623880","1.5677e-06","3e-04","A"
"4","Trait5","FASTmrMLM","PstI.TP1184962","3","53633241","3.6912e-05","0.0081","A"
"4","Trait5","FASTmrMLM","PstI.TP388577","3","53679201","-5.751e-06","0.0013","A"
"4","Trait5","FASTmrMLM","NsiI.TP48583","3","53683290","3.4007e-06","7e-04","C"
"4","Trait5","FASTmrMLM","NsiI.TP682055","3","53727323","-2.8883e-05","0.0063","A"
"4","Trait5","FASTmrMLM","NsiI.TP181453","3","53736628","1.6141e-05","0.0035","A"
"4","Trait5","FASTmrMLM","NsiI.TP174041","3","53753386","-0.0671","0.2469","A"
"4","Trait5","FASTmrMLM","PstI.TP587275","3","53798725","1.2246e-05","0.0027","C"
"4","Trait5","FASTmrMLM","PstI.TP951441","3","53917406","7.6348e-06","0.0017","C"
"4","Trait5","FASTmrMLM","NsiI.TP468502","3","53945669","1.1454e-05","0.0025","C"
"4","Trait5","FASTmrMLM","PstI.TP126937","3","53948314","-0.1572","1.1696","A"
"4","Trait5","FASTmrMLM","PstI.TP35140","3","54088946","1.1532e-05","0.0025","C"
"4","Trait5","FASTmrMLM","NsiI.TP709767","3","54092447","0.0372","0.3774","G"
"4","Trait5","FASTmrMLM","NsiI.TP321318","3","54101895","3.4361e-05","0.0075","A"
"4","Trait5","FASTmrMLM","PstI.TP325811","3","54129392","-3.9739e-06","9e-04","C"
"4","Trait5","FASTmrMLM","PstI.TP325958","3","54129415","-1.7237e-05","0.0038","C"
"4","Trait5","FASTmrMLM","PstI.TP661215","3","54129611","-1.7219e-05","0.0038","A"
"4","Trait5","FASTmrMLM","PstI.TP343739","3","54134760","2.5288e-05","0.0055","C"
"4","Trait5","FASTmrMLM","NsiI.TP809217","3","54180993","1.714e-06","4e-04","A"
"4","Trait5","FASTmrMLM","NsiI.TP33438","3","54220318","5.1935e-06","0.0011","A"
"4","Trait5","FASTmrMLM","NsiI.TP32394","3","54277373","-0.0056","0.08","C"
"4","Trait5","FASTmrMLM","PstI.TP609245","3","54319663","2.2767e-06","5e-04","A"
"4","Trait5","FASTmrMLM","PstI.TP318422","3","54362877","1.372e-05","0.003","A"
"4","Trait5","FASTmrMLM","PstI.TP1291134","3","54363846","0.123","0.976","C"
"4","Trait5","FASTmrMLM","PstI.TP550115","3","54367520","1.1971e-05","0.0026","G"
"4","Trait5","FASTmrMLM","PstI.TP550121","3","54367525","0.2855","1.2526","C"
"4","Trait5","FASTmrMLM","NsiI.TP59696","3","54391522","0.2485","0.819","A"
"4","Trait5","FASTmrMLM","NsiI.TP662609","3","54492130","-6.1745e-06","0.0013","C"
"4","Trait5","FASTmrMLM","GFSSContig18167_254","3","54614177","1.0463e-05","0.0023","A"
"4","Trait5","FASTmrMLM","PstI.TP533617","3","54614431","-5.0368e-07","1e-04","A"
"4","Trait5","FASTmrMLM","PstI.TP82542","3","54652150","-4.2282e-06","9e-04","A"
"4","Trait5","FASTmrMLM","PstI.TP246552","3","54709176","-1.6932e-05","0.0037","C"
"4","Trait5","FASTmrMLM","PstI.TP791833","3","54714868","6.3098e-06","0.0014","C"
"4","Trait5","FASTmrMLM","PstI.TP141051","3","54726050","-0.0718","0.319","C"
"4","Trait5","FASTmrMLM","NsiI.TP415908","3","54738061","0.0522","0.5068","A"
"4","Trait5","FASTmrMLM","NsiI.TP640361","3","54738814","-0.0242","0.2944","A"
"4","Trait5","FASTmrMLM","NsiI.TP640362","3","54738821","-1.904e-05","0.0042","G"
"4","Trait5","FASTmrMLM","PstI.TP11080","3","54738867","1.1711e-05","0.0026","C"
"4","Trait5","FASTmrMLM","PstI.TP475943","3","54779935","-0.1022","0.4345","G"
"4","Trait5","FASTmrMLM","PstI.TP475958","3","54779957","1.3432e-05","0.0029","C"
"4","Trait5","FASTmrMLM","PstI.TP342602","3","54780030","-1.6593e-05","0.0036","A"
"4","Trait5","FASTmrMLM","PstI.TP1162288","3","54780033","-4.2039e-05","0.0092","C"
"4","Trait5","FASTmrMLM","PstI.TP580928","3","54824392","-3.0686e-05","0.0067","A"
"4","Trait5","FASTmrMLM","PstI.TP508387","3","54826011","-1.9427e-05","0.0042","A"
"4","Trait5","FASTmrMLM","PstI.TP862971","3","54829131","-0.0636","0.3054","A"
"4","Trait5","FASTmrMLM","PstI.TP105605","3","54845915","-0.0265","0.1647","G"
"4","Trait5","FASTmrMLM","PstI.TP302301","3","54893826","2e-04","0.0117","A"
"4","Trait5","FASTmrMLM","PstI.TP119200","3","54894448","-5.1885e-06","0.0011","A"
"4","Trait5","FASTmrMLM","PstI.TP395597","3","54899385","-1.049e-05","0.0023","C"
"4","Trait5","FASTmrMLM","PstI.TP21217","3","54903763","-2.8373e-06","6e-04","A"
"4","Trait5","FASTmrMLM","PstI.TP545057","3","54934171","1.9782e-05","0.0043","C"
"4","Trait5","FASTmrMLM","NsiI.TP402018","3","54935727","1.6351e-05","0.0036","A"
"4","Trait5","FASTmrMLM","PstI.TP180781","3","54937150","1.6977e-05","0.0037","A"
"4","Trait5","FASTmrMLM","PstI.TP802382","3","54961574","-5.7607e-07","1e-04","C"
"4","Trait5","FASTmrMLM","NsiI.TP813726","3","54995836","-1.1223e-05","0.0024","C"
"4","Trait5","FASTmrMLM","PstI.TP57881","3","55001488","-0.0399","0.284","A"
"4","Trait5","FASTmrMLM","NsiI.TP148887","3","55003733","1.8701e-06","4e-04","A"
"4","Trait5","FASTmrMLM","NsiI.TP180962","3","55022518","-0.1534","2.7513","C"
"4","Trait5","FASTmrMLM","PstI.TP982467","3","55023479","2.2029e-05","0.0048","C"
"4","Trait5","FASTmrMLM","PstI.TP110387","3","55061235","-1.2662e-05","0.0028","A"
"4","Trait5","FASTmrMLM","PstI.TP773172","3","55061314","0.1769","3.218","A"
"4","Trait5","FASTmrMLM","PstI.TP1027457","3","55061994","-0.0365","0.2479","A"
"4","Trait5","FASTmrMLM","PstI.TP868137","3","55062786","-0.1433","0.732","C"
"4","Trait5","FASTmrMLM","PstI.TP1201964","3","55064837","-4.0282e-06","9e-04","A"
"4","Trait5","FASTmrMLM","PstI.TP1011116","3","55073374","0.0659","0.7304","A"
"4","Trait5","FASTmrMLM","PstI.TP258402","3","55103333","-9.9591e-06","0.0022","C"
"4","Trait5","FASTmrMLM","PstI.TP482340","3","55123583","-9.7642e-06","0.0021","G"
"4","Trait5","FASTmrMLM","PstI.TP493463","3","55158212","-8.9762e-05","0.0095","C"
"4","Trait5","FASTmrMLM","NsiI.TP21532","3","55159486","6.4955e-06","0.0014","C"
"4","Trait5","FASTmrMLM","PstI.TP180056","3","55163564","-0.133","0.7216","C"
"4","Trait5","FASTmrMLM","PstI.TP370692","3","55164432","1.8117e-05","0.004","C"
"4","Trait5","FASTmrMLM","PstI.TP611035","3","55264003","-1.0681e-06","2e-04","C"
"4","Trait5","FASTmrMLM","NsiI.TP572298","3","55282727","2.7802e-05","0.0061","A"
"4","Trait5","FASTmrMLM","NsiI.TP134779","3","55282911","-3.2451e-06","7e-04","A"
"4","Trait5","FASTmrMLM","PstI.TP732481","3","55304067","2.701e-05","0.0059","C"
"4","Trait5","FASTmrMLM","NsiI.TP660703","3","55310103","-3.7384e-06","8e-04","A"
"4","Trait5","FASTmrMLM","PstI.TP301582","3","55310171","2.4561e-05","0.0054","A"
"4","Trait5","FASTmrMLM","NsiI.TP810259","3","55341510","-2.5853e-05","0.0057","G"
"4","Trait5","FASTmrMLM","NsiI.TP63560","3","55345174","6.3017e-06","0.0014","A"
"4","Trait5","FASTmrMLM","PstI.TP1020718","3","55345299","2.0725e-05","0.0045","C"
"4","Trait5","FASTmrMLM","NsiI.TP299172","3","55365719","-0.0822","0.5827","C"
"4","Trait5","FASTmrMLM","GFk40ctg540920_180","3","55373583","-0.0111","0.1724","A"
"4","Trait5","FASTmrMLM","PstI.TP643851","3","55374705","0.0336","0.2996","C"
"4","Trait5","FASTmrMLM","NsiI.TP799523","3","55381507","-0.0039","0.1042","C"
"4","Trait5","FASTmrMLM","NsiI.TP634419","3","55382335","-1.9695e-06","4e-04","C"
"4","Trait5","FASTmrMLM","NsiI.TP149005","3","55409152","-0.0833","0.7679","C"
"4","Trait5","FASTmrMLM","PstI.TP951275","3","55414649","-1.9011e-05","0.0042","C"
"4","Trait5","FASTmrMLM","PstI.TP345838","3","55454066","1.7585e-05","0.0038","C"
"4","Trait5","FASTmrMLM","PstI.TP790301","3","55460621","0.147","0.7618","C"
"4","Trait5","FASTmrMLM","PstI.TP780666","3","55474046","2.2339e-05","0.0049","A"
"4","Trait5","FASTmrMLM","PstI.TP853696","3","55474054","1.1103e-06","2e-04","C"
"4","Trait5","FASTmrMLM","NsiI.TP475307","3","55474106","-1.7748e-05","0.0039","A"
"4","Trait5","FASTmrMLM","PstI.TP75872","3","55474631","2.4663e-06","5e-04","C"
"4","Trait5","FASTmrMLM","PstI.TP165362","3","55480183","-8.3566e-06","0.0018","C"
"4","Trait5","FASTmrMLM","PstI.TP321390","3","55497945","0.1593","2.3862","C"
"4","Trait5","FASTmrMLM","NsiI.TP631468","3","55525552","-5.133e-06","0.0011","G"
"4","Trait5","FASTmrMLM","PstI.TP1214992","3","55546977","-9.5148e-06","0.0021","C"
"4","Trait5","FASTmrMLM","PstI.TP4797","3","55551419","1.8284e-05","0.004","G"
"4","Trait5","FASTmrMLM","NsiI.TP522717","3","55554093","1.038e-05","0.0023","C"
"4","Trait5","FASTmrMLM","NsiI.TP383174","3","55680036","2.3983e-05","0.0053","C"
"4","Trait5","FASTmrMLM","NsiI.TP118327","3","55695034","-4.1065e-06","9e-04","G"
"4","Trait5","FASTmrMLM","NsiI.TP319425","3","55713733","0.0194","0.2434","A"
"4","Trait5","FASTmrMLM","NsiI.TP804310","3","55729178","-0.0704","1.0711","C"
"4","Trait5","FASTmrMLM","NsiI.TP161884","3","55736166","2.4548e-05","0.0054","A"
"4","Trait5","FASTmrMLM","NsiI.TP127103","3","55736173","4.9503e-06","0.0011","A"
"4","Trait5","FASTmrMLM","PstI.TP142044","3","55736496","1.4683e-05","0.0032","A"
"4","Trait5","FASTmrMLM","NsiI.TP776183","3","55747622","-8.65e-06","0.0019","A"
"4","Trait5","FASTmrMLM","PstI.TP1211769","3","55780732","2.8376e-07","6.176e-05","A"
"4","Trait5","FASTmrMLM","PstI.TP456039","3","55801419","-1.2829e-05","0.0028","C"
"4","Trait5","FASTmrMLM","NsiI.TP354771","3","55802955","-1.4404e-06","3e-04","A"
"4","Trait5","FASTmrMLM","PstI.TP170146","3","55802986","0.043","0.3313","A"
"4","Trait5","FASTmrMLM","PstI.TP487527","3","55804343","-0.0631","0.7496","C"
"4","Trait5","FASTmrMLM","PstI.TP890464","3","55804580","2.313e-05","0.0051","C"
"4","Trait5","FASTmrMLM","PstI.TP105201","3","55869447","1.1533e-05","0.0025","A"
"4","Trait5","FASTmrMLM","PstI.TP336268","3","55896402","0.0678","0.7009","C"
"4","Trait5","FASTmrMLM","NsiI.TP521260","3","55904816","-3.4107e-05","0.0075","G"
"4","Trait5","FASTmrMLM","PstI.TP415065","3","55917740","0.0339","0.1957","A"
"4","Trait5","FASTmrMLM","PstI.TP415068","3","55917741","2.0738e-05","0.0045","C"
"4","Trait5","FASTmrMLM","PstI.TP352561","3","55923085","1.0641e-05","0.0023","A"
"4","Trait5","FASTmrMLM","NsiI.TP670240","3","55949544","8.3231e-06","0.0018","A"
"4","Trait5","FASTmrMLM","NsiI.TP123780","3","55955099","-1.0933e-05","0.0024","C"
"4","Trait5","FASTmrMLM","PstI.TP119054","3","55984046","-0.074","0.494","A"
"4","Trait5","FASTmrMLM","PstI.TP465605","3","56004662","-2.4655e-05","0.0054","C"
"4","Trait5","FASTmrMLM","PstI.TP285571","3","56007559","0.1807","1.0798","C"
"4","Trait5","FASTmrMLM","NsiI.TP102008","3","56008137","-2.3538e-05","0.0052","A"
"4","Trait5","FASTmrMLM","PstI.TP114049","3","56021694","-7.1018e-07","2e-04","A"
"4","Trait5","FASTmrMLM","PstI.TP114052","3","56021734","0.3271","1.5811","C"
"4","Trait5","FASTmrMLM","PstI.TP224318","3","56022652","6.8744e-07","1e-04","A"
"4","Trait5","FASTmrMLM","NsiI.TP193343","3","56022966","-1.0576e-06","2e-04","C"
"4","Trait5","FASTmrMLM","PstI.TP264109","3","56031041","2.9281e-05","0.0064","G"
"4","Trait5","FASTmrMLM","NsiI.TP359161","3","56064439","-0.0577","0.6064","A"
"4","Trait5","FASTmrMLM","NsiI.TP295930","3","56065690","0.0726","0.7342","C"
"4","Trait5","FASTmrMLM","PstI.TP469090","3","56113852","-3.0936e-06","7e-04","C"
"4","Trait5","FASTmrMLM","NsiI.TP325461","3","56147918","3.2856e-05","0.0072","C"
"4","Trait5","FASTmrMLM","NsiI.TP465198","3","56187895","-3.4554e-05","0.0076","A"
"4","Trait5","FASTmrMLM","PstI.TP1178595","3","56251660","2.3546e-06","5e-04","A"
"4","Trait5","FASTmrMLM","PstI.TP1129138","3","56257265","-6.0394e-08","1.3145e-05","C"
"4","Trait5","FASTmrMLM","PstI.TP1276499","3","56267571","-1.2539e-05","0.0027","A"
"4","Trait5","FASTmrMLM","PstI.TP28134","3","56267653","-1.2123e-05","0.0026","A"
"4","Trait5","FASTmrMLM","PstI.TP178929","3","56274485","2.4261e-05","0.0053","C"
"4","Trait5","FASTmrMLM","PstI.TP170723","3","56275594","3.186e-06","7e-04","C"
"4","Trait5","FASTmrMLM","PstI.TP624446","3","56276161","-2.6707e-05","0.0059","A"
"4","Trait5","FASTmrMLM","PstI.TP24440","3","56292065","-0.0796","0.5641","A"
"4","Trait5","FASTmrMLM","NsiI.TP281272","3","56294407","-2.9881e-05","0.0066","C"
"4","Trait5","FASTmrMLM","NsiI.TP732985","3","56296715","-1.9378e-05","0.0042","A"
"4","Trait5","FASTmrMLM","NsiI.TP700456","3","56313888","-0.1752","0.9524","C"
"4","Trait5","FASTmrMLM","NsiI.TP215974","3","56338222","-5.201e-06","0.0011","C"
"4","Trait5","FASTmrMLM","NsiI.TP630006","3","56338871","-0.0892","0.5981","G"
"4","Trait5","FASTmrMLM","PstI.TP15910","3","56379124","0.351","1.1662","A"
"4","Trait5","FASTmrMLM","NsiI.TP45503","3","56508929","-0.1074","0.99","A"
"4","Trait5","FASTmrMLM","NsiI.TP821452","3","56522948","0.3503","1.7236","C"
"4","Trait5","FASTmrMLM","PstI.TP825119","3","56557489","-3.1897e-06","7e-04","A"
"4","Trait5","FASTmrMLM","NsiI.TP677854","3","56584848","1.58e-05","0.0035","A"
"4","Trait5","FASTmrMLM","PstI.TP713079","3","56589564","1.1479e-06","2e-04","C"
"4","Trait5","FASTmrMLM","PstI.TP882314","3","56647635","-8.8689e-06","0.0019","A"
"4","Trait5","FASTmrMLM","PstI.TP1078271","3","56648383","-0.0828","0.541","C"
"4","Trait5","FASTmrMLM","PstI.TP27715","3","56682004","-1.1623e-05","0.0025","A"
"4","Trait5","FASTmrMLM","NsiI.TP91322","3","56683113","-0.1043","0.625","C"
"4","Trait5","FASTmrMLM","PstI.TP827342","3","56694405","4.5014e-06","0.001","A"
"4","Trait5","FASTmrMLM","NsiI.TP159029","3","56710759","-8.912e-06","0.0019","C"
"4","Trait5","FASTmrMLM","NsiI.TP231976","3","56714737","-2.1296e-06","5e-04","C"
"4","Trait5","FASTmrMLM","NsiI.TP231977","3","56714756","2.3396e-06","5e-04","A"
"4","Trait5","FASTmrMLM","NsiI.TP268751","3","56723684","-0.0261","0.2014","C"
"4","Trait5","FASTmrMLM","PstI.TP393188","3","56724811","-2.2605e-05","0.0049","C"
"4","Trait5","FASTmrMLM","PstI.TP836166","3","56759327","2.1383e-05","0.0047","C"
"4","Trait5","FASTmrMLM","PstI.TP1246172","3","56777602","-1.1564e-05","0.0025","G"
"4","Trait5","FASTmrMLM","NsiI.TP596343","3","56942149","-2.3059e-06","5e-04","A"
"4","Trait5","FASTmrMLM","GFSSContig18486_678","3","56952027","4.984e-08","1.0846e-05","T"
"4","Trait5","FASTmrMLM","PstI.TP48974","3","56955553","1e-04","0.0101","C"
"4","Trait5","FASTmrMLM","PstI.TP29613","3","56968925","1.1221e-05","0.0024","A"
"4","Trait5","FASTmrMLM","PstI.TP923633","3","56983174","0.0645","0.6881","A"
"4","Trait5","FASTmrMLM","PstI.TP1189360","3","56984785","0.2022","1.5487","G"
"4","Trait5","FASTmrMLM","PstI.TP915109","3","56994292","-3.6869e-06","8e-04","A"
"4","Trait5","FASTmrMLM","NsiI.TP546535","3","57018835","-0.0216","0.3206","C"
"4","Trait5","FASTmrMLM","NsiI.TP669383","3","57019180","1.5317e-05","0.0033","C"
"4","Trait5","FASTmrMLM","PstI.TP335135","3","57021984","-1.9371e-06","4e-04","A"
"4","Trait5","FASTmrMLM","PstI.TP44697","3","57047248","-7.6114e-06","0.0017","A"
"4","Trait5","FASTmrMLM","PstI.TP797783","3","57068036","-0.1425","1.1574","C"
"4","Trait5","FASTmrMLM","PstI.TP119903","3","57121769","4.8851e-06","0.0011","A"
"4","Trait5","FASTmrMLM","NsiI.TP445084","3","57122128","-6.5851e-06","0.0014","A"
"4","Trait5","FASTmrMLM","NsiI.TP541334","3","57122620","0.2582","1.1729","C"
"4","Trait5","FASTmrMLM","PstI.TP811968","3","57125961","0.2026","1.3052","G"
"4","Trait5","FASTmrMLM","NsiI.TP224443","3","57138318","0.1205","1.7302","A"
"4","Trait5","FASTmrMLM","PstI.TP1020099","3","57143742","-0.0436","0.2399","A"
"4","Trait5","FASTmrMLM","PstI.TP632749","3","57143982","2.5815e-05","0.0057","C"
"4","Trait5","FASTmrMLM","NsiI.TP545530","3","57167835","2.261e-05","0.0049","A"
"4","Trait5","FASTmrMLM","NsiI.TP471939","3","57170153","-2.1766e-05","0.0048","A"
"4","Trait5","FASTmrMLM","PstI.TP136600","3","57170778","1.3252e-05","0.0029","C"
"4","Trait5","FASTmrMLM","NsiI.TP208614","3","57189309","-5.128e-06","0.0011","C"
"4","Trait5","FASTmrMLM","PstI.TP870115","3","57193200","-2.5307e-06","6e-04","C"
"4","Trait5","FASTmrMLM","NsiI.TP756058","3","57216597","6.1596e-06","0.0013","G"
"4","Trait5","FASTmrMLM","NsiI.TP796137","3","57217346","0.0925","0.2865","A"
"4","Trait5","FASTmrMLM","PstI.TP7752","3","57234377","6.4334e-06","0.0014","A"
"4","Trait5","FASTmrMLM","PstI.TP1158271","3","57241454","-0.0462","0.547","C"
"4","Trait5","FASTmrMLM","PstI.TP1278155","3","57243880","1.5586e-05","0.0034","C"
"4","Trait5","FASTmrMLM","PstI.TP87010","3","57244014","-0.0874","0.7908","A"
"4","Trait5","FASTmrMLM","PstI.TP1236277","3","57259501","0.1245","0.4288","G"
"4","Trait5","FASTmrMLM","NsiI.TP441453","3","57267022","1.1465e-05","0.0025","C"
"4","Trait5","FASTmrMLM","NsiI.TP631032","3","57267957","-2.0401e-05","0.0045","A"
"4","Trait5","FASTmrMLM","PstI.TP504660","3","57295611","0.0066","0.0884","A"
"4","Trait5","FASTmrMLM","PstI.TP868305","3","57307103","-1.9071e-05","0.0042","A"
"4","Trait5","FASTmrMLM","PstI.TP433824","3","57313153","-0.0867","0.4969","C"
"4","Trait5","FASTmrMLM","NsiI.TP457301","3","57315005","0.0568","0.7261","A"
"4","Trait5","FASTmrMLM","PstI.TP9793","3","57316477","3.1317e-05","0.0061","A"
"4","Trait5","FASTmrMLM","PstI.TP819138","3","57316499","-8.2526e-06","0.0018","C"
"4","Trait5","FASTmrMLM","NsiI.TP234348","3","57334635","-0.0236","0.2223","A"
"4","Trait5","FASTmrMLM","PstI.TP52888","3","57354305","-1.8129e-06","4e-04","A"
"4","Trait5","FASTmrMLM","PstI.TP603308","3","57422067","1.3611e-05","0.003","A"
"4","Trait5","FASTmrMLM","PstI.TP157801","3","57440051","-1.3425e-05","0.0029","C"
"4","Trait5","FASTmrMLM","NsiI.TP588328","3","57440634","2.7876e-05","0.0061","A"
"4","Trait5","FASTmrMLM","NsiI.TP129358","3","57453905","-2.1495e-05","0.0047","A"
"4","Trait5","FASTmrMLM","PstI.TP71825","3","57464060","2.385e-05","0.0052","A"
"4","Trait5","FASTmrMLM","PstI.TP892247","3","57467578","7.8814e-06","0.0017","C"
"4","Trait5","FASTmrMLM","PstI.TP1154630","3","57496992","-0.1483","1.0276","A"
"4","Trait5","FASTmrMLM","NsiI.TP457669","3","57602184","-4.0575e-05","0.007","G"
"4","Trait5","FASTmrMLM","PstI.TP18242","3","57641887","-0.0979","0.5756","A"
"4","Trait5","FASTmrMLM","PstI.TP366455","3","57645799","-1.1455e-06","2e-04","C"
"4","Trait5","FASTmrMLM","NsiI.TP158277","3","57664073","-8.9543e-06","0.002","C"
"4","Trait5","FASTmrMLM","PstI.TP1017531","3","57672209","-1.233e-05","0.0027","C"
"4","Trait5","FASTmrMLM","PstI.TP577154","3","57696272","-0.4208","3.4088","A"
"4","Trait5","FASTmrMLM","PstI.TP276416","3","57697475","1.284e-05","0.0028","A"
"4","Trait5","FASTmrMLM","NsiI.TP101372","3","57704817","-1.2535e-05","0.0027","A"
"4","Trait5","FASTmrMLM","PstI.TP759501","3","57715018","-6.9426e-06","0.0015","A"
"4","Trait5","FASTmrMLM","PstI.TP1253977","3","57794776","-1.9398e-05","0.0042","C"
"4","Trait5","FASTmrMLM","NsiI.TP778808","3","57796922","0.1089","1.2558","C"
"4","Trait5","FASTmrMLM","PstI.TP1097142","3","57806695","0.187","0.8985","A"
"4","Trait5","FASTmrMLM","GFSSContig11715_952","3","57807546","9.4366e-06","0.0021","T"
"4","Trait5","FASTmrMLM","PstI.TP28954","3","57848808","-0.02","0.2549","C"
"4","Trait5","FASTmrMLM","NsiI.TP586300","3","57849113","0.3235","2.1111","A"
"4","Trait5","FASTmrMLM","PstI.TP835253","3","57856850","9.1544e-06","0.002","A"
"4","Trait5","FASTmrMLM","NsiI.TP227338","3","57863248","-1.0801e-05","0.0024","A"
"4","Trait5","FASTmrMLM","NsiI.TP671581","3","57864752","-4.0789e-05","0.009","A"
"4","Trait5","FASTmrMLM","PstI.TP323960","3","57882671","-0.0072","0.1505","C"
"4","Trait5","FASTmrMLM","PstI.TP323959","3","57882705","-0.0331","0.2202","A"
"4","Trait5","FASTmrMLM","NsiI.TP78904","3","57894680","0.135","0.545","C"
"4","Trait5","FASTmrMLM","NsiI.TP679867","3","57897228","0.1825","0.9776","C"
"4","Trait5","FASTmrMLM","NsiI.TP681905","3","57898045","2.8612e-05","0.0063","C"
"4","Trait5","FASTmrMLM","PstI.TP604077","3","57900751","0.2614","0.9821","A"
"4","Trait5","FASTmrMLM","NsiI.TP377630","3","57920874","2.3651e-05","0.0052","A"
"4","Trait5","FASTmrMLM","NsiI.TP491687","3","57924753","-8.3542e-05","0.0078","C"
"4","Trait5","FASTmrMLM","GFSSContig473","3","57924993","1.1117e-05","0.0024","T"
"4","Trait5","FASTmrMLM","PstI.TP43928","3","57930256","1.1346e-05","0.0025","A"
"4","Trait5","FASTmrMLM","PstI.TP600974","3","57930822","4.347e-06","9e-04","C"
"4","Trait5","FASTmrMLM","NsiI.TP557457","3","57953815","-0.0811","0.5851","A"
"4","Trait5","FASTmrMLM","PstI.TP458283","3","58009717","-1.9536e-05","0.0043","A"
"4","Trait5","FASTmrMLM","PstI.TP725868","3","58011270","7.0628e-06","0.0015","A"
"4","Trait5","FASTmrMLM","NsiI.TP557945","3","58017482","-8.7326e-07","2e-04","A"
"4","Trait5","FASTmrMLM","PstI.TP38512","3","58017498","-2.1095e-05","0.0046","G"
"4","Trait5","FASTmrMLM","NsiI.TP597936","3","58027780","-1.847e-05","0.004","A"
"4","Trait5","FASTmrMLM","NsiI.TP632717","3","58034049","0.0708","0.8163","C"
"4","Trait5","FASTmrMLM","GFSSContig19953_1437","3","58043502","0.0103","0.1447","A"
"4","Trait5","FASTmrMLM","NsiI.TP440012","3","58064648","0.155","0.7526","C"
"4","Trait5","FASTmrMLM","NsiI.TP620642","3","58080278","1.2224e-05","0.0027","A"
"4","Trait5","FASTmrMLM","NsiI.TP465150","3","58082517","-0.1052","0.7341","A"
"4","Trait5","FASTmrMLM","NsiI.TP350962","3","58144077","1.5456e-05","0.0034","C"
"4","Trait5","FASTmrMLM","NsiI.TP577815","3","58146871","0.1512","1.4527","G"
"4","Trait5","FASTmrMLM","NsiI.TP446634","3","58146955","9.2963e-05","0.0094","G"
"4","Trait5","FASTmrMLM","PstI.TP160730","3","58173764","0.0141","0.1858","A"
"4","Trait5","FASTmrMLM","PstI.TP132492","3","58201719","-3.5984e-06","8e-04","A"
"4","Trait5","FASTmrMLM","NsiI.TP480150","3","58208874","-2.343e-05","0.0051","C"
"4","Trait5","FASTmrMLM","PstI.TP150272","3","58220072","1.3543e-05","0.003","G"
"4","Trait5","FASTmrMLM","NsiI.TP416718","3","58255990","0.1443","1.0363","G"
"4","Trait5","FASTmrMLM","PstI.TP749674","3","58268494","1.9314e-05","0.0042","A"
"4","Trait5","FASTmrMLM","PstI.TP443483","3","58268518","0.0445","0.3149","A"
"4","Trait5","FASTmrMLM","PstI.TP71471","3","58274545","2.8491e-05","0.0062","A"
"4","Trait5","FASTmrMLM","PstI.TP796812","3","58281108","9.6835e-06","0.0021","A"
"4","Trait5","FASTmrMLM","NsiI.TP453334","3","58281953","-1.9757e-05","0.0043","C"
"4","Trait5","FASTmrMLM","NsiI.TP453333","3","58281964","-0.2183","0.9654","A"
"4","Trait5","FASTmrMLM","PstI.TP883895","3","58300855","-0.0623","0.7186","G"
"4","Trait5","FASTmrMLM","NsiI.TP18975","3","58318752","0.4601","2.0921","C"
"4","Trait5","FASTmrMLM","NsiI.TP18976","3","58318774","1e-04","0.0111","A"
"4","Trait5","FASTmrMLM","NsiI.TP433079","3","58320822","-2.65e-05","0.0058","C"
"4","Trait5","FASTmrMLM","PstI.TP1171031","3","58321376","-1.1287e-05","0.0025","A"
"4","Trait5","FASTmrMLM","NsiI.TP282541","3","58343684","-1.69e-05","0.0037","G"
"4","Trait5","FASTmrMLM","PstI.TP863197","3","58349677","0.1085","0.6672","C"
"4","Trait5","FASTmrMLM","NsiI.TP572651","3","58366862","1.1419e-05","0.0025","C"
"4","Trait5","FASTmrMLM","PstI.TP696987","3","58367338","-1.933e-05","0.0042","C"
"4","Trait5","FASTmrMLM","PstI.TP1014826","3","58370652","-1.2963e-05","0.0028","A"
"4","Trait5","FASTmrMLM","PstI.TP1040438","3","58373947","-8.9825e-06","0.002","C"
"4","Trait5","FASTmrMLM","PstI.TP352820","3","58380067","1.5884e-05","0.0035","A"
"4","Trait5","FASTmrMLM","PstI.TP985838","3","58380810","1.3251e-05","0.0029","G"
"4","Trait5","FASTmrMLM","NsiI.TP441920","3","58381381","1.422e-06","3e-04","C"
"4","Trait5","FASTmrMLM","PstI.TP160687","3","58387902","-2.1421e-05","0.0047","G"
"4","Trait5","FASTmrMLM","PstI.TP816960","3","58391663","-3.8791e-06","8e-04","A"
"4","Trait5","FASTmrMLM","PstI.TP1227194","3","58398922","-1.3813e-05","0.003","A"
"4","Trait5","FASTmrMLM","PstI.TP797083","3","58432596","-0.1499","1.0765","C"
"4","Trait5","FASTmrMLM","NsiI.TP327447","3","58489021","-0.0718","0.7082","A"
"4","Trait5","FASTmrMLM","PstI.TP125738","3","58495347","1.38e-05","0.003","A"
"4","Trait5","FASTmrMLM","PstI.TP1249212","3","58498950","0.0839","0.7875","A"
"4","Trait5","FASTmrMLM","NsiI.TP507759","3","58502007","7.3117e-06","0.0016","A"
"4","Trait5","FASTmrMLM","PstI.TP671518","3","58508684","4.3597e-07","9.49e-05","A"
"4","Trait5","FASTmrMLM","PstI.TP873609","3","58543129","-2.5817e-07","5.6186e-05","C"
"4","Trait5","FASTmrMLM","NsiI.TP750854","3","58548924","0.0848","0.8108","G"
"4","Trait5","FASTmrMLM","NsiI.TP452403","3","58551556","-0.0706","0.4552","G"
"4","Trait5","FASTmrMLM","NsiI.TP146184","3","58570725","0.227","0.7641","A"
"4","Trait5","FASTmrMLM","NsiI.TP146185","3","58570725","-0.0367","0.43","A"
"4","Trait5","FASTmrMLM","NsiI.TP146180","3","58570743","-1.02e-05","0.0022","C"
"4","Trait5","FASTmrMLM","NsiI.TP834411","3","58581179","0.0696","0.841","A"
"4","Trait5","FASTmrMLM","GFSSContig14160_179","3","58588120","-0.032","0.4053","T"
"4","Trait5","FASTmrMLM","GFSSContig14160_962","3","58590636","2.5753e-06","6e-04","A"
"4","Trait5","FASTmrMLM","PstI.TP231001","3","58595847","-4.7849e-06","0.001","A"
"4","Trait5","FASTmrMLM","NsiI.TP128543","3","58601953","1.6192e-05","0.0035","A"
"4","Trait5","FASTmrMLM","PstI.TP1229898","3","58606079","1.6672e-05","0.0036","C"
"4","Trait5","FASTmrMLM","PstI.TP1055459","3","58609425","8.6908e-06","0.0019","A"
"4","Trait5","FASTmrMLM","NsiI.TP532383","3","58613393","-1.7428e-06","4e-04","A"
"4","Trait5","FASTmrMLM","PstI.TP1199156","3","58613719","-0.1292","1.7977","C"
"4","Trait5","FASTmrMLM","PstI.TP1199155","3","58613731","-2.2631e-06","5e-04","C"
"4","Trait5","FASTmrMLM","PstI.TP19379","3","58618373","2.5459e-08","5.5408e-06","C"
"4","Trait5","FASTmrMLM","PstI.TP1058701","3","58657937","-1.9152e-05","0.0042","A"
"4","Trait5","FASTmrMLM","PstI.TP1058712","3","58657944","8.9578e-06","0.002","C"
"4","Trait5","FASTmrMLM","NsiI.TP558749","3","58676234","-1.0887e-05","0.0024","G"
"4","Trait5","FASTmrMLM","PstI.TP490438","3","58711141","1.3022e-05","0.0028","G"
"4","Trait5","FASTmrMLM","NsiI.TP521086","3","58719283","-0.0954","0.8657","C"
"4","Trait5","FASTmrMLM","PstI.TP307875","3","58719628","0.1171","1.4299","C"
"4","Trait5","FASTmrMLM","NsiI.TP493750","3","58726735","-0.1179","0.4783","G"
"4","Trait5","FASTmrMLM","PstI.TP679431","3","58735230","0.0259","0.3174","C"
"4","Trait5","FASTmrMLM","PstI.TP429654","3","58736454","-1.1877e-05","0.0026","A"
"4","Trait5","FASTmrMLM","PstI.TP44794","3","58769663","1.0062e-05","0.0022","G"
"4","Trait5","FASTmrMLM","PstI.TP150005","3","58784404","-6.4456e-06","0.0014","A"
"4","Trait5","FASTmrMLM","PstI.TP150004","3","58784416","-1.2021e-05","0.0026","A"
"4","Trait5","FASTmrMLM","PstI.TP1036827","3","58816748","2.3817e-06","5e-04","G"
"4","Trait5","FASTmrMLM","NsiI.TP687951","3","58829577","-6.1332e-06","0.0013","A"
"4","Trait5","FASTmrMLM","PstI.TP704084","3","58839496","-1.2974e-05","0.0028","C"
"4","Trait5","FASTmrMLM","NsiI.TP41323","3","58847374","-7.8522e-06","0.0017","C"
"4","Trait5","FASTmrMLM","PstI.TP12619","3","58867746","-0.1143","0.8316","C"
"4","Trait5","FASTmrMLM","PstI.TP110922","3","58873002","2.1709e-05","0.0048","C"
"4","Trait5","FASTmrMLM","NsiI.TP630735","3","58889928","2.8416e-05","0.0062","C"
"4","Trait5","FASTmrMLM","NsiI.TP468533","3","58896542","-3.5643e-05","0.0078","A"
"4","Trait5","FASTmrMLM","NsiI.TP470490","3","58896575","1.8961e-05","0.0041","C"
"4","Trait5","FASTmrMLM","NsiI.TP458576","3","58898481","-3.2031e-06","7e-04","C"
"4","Trait5","FASTmrMLM","NsiI.TP351254","3","58898990","-1.08e-05","0.0024","C"
"4","Trait5","FASTmrMLM","NsiI.TP660628","3","58910296","3.7725e-05","0.0083","A"
"4","Trait5","FASTmrMLM","PstI.TP119376","3","58911203","-3.8329e-06","8e-04","C"
"4","Trait5","FASTmrMLM","PstI.TP630950","3","58914609","5.3343e-06","0.0012","G"
"4","Trait5","FASTmrMLM","PstI.TP851952","3","58933248","4.1463e-05","0.0091","C"
"4","Trait5","FASTmrMLM","NsiI.TP403795","3","58936080","-0.0663","0.3055","A"
"4","Trait5","FASTmrMLM","PstI.TP223164","3","58940865","3.3778e-05","0.0074","G"
"4","Trait5","FASTmrMLM","PstI.TP223169","3","58940989","-0.3359","1.4282","A"
"4","Trait5","FASTmrMLM","PstI.TP1153020","3","58977424","7.2458e-06","0.0016","A"
"4","Trait5","FASTmrMLM","NsiI.TP817028","3","58982174","-5.5183e-06","0.0012","C"
"4","Trait5","FASTmrMLM","NsiI.TP575286","3","58993922","-0.1012","0.7402","C"
"4","Trait5","FASTmrMLM","NsiI.TP37006","3","58997441","-2.6998e-05","0.0059","C"
"4","Trait5","FASTmrMLM","NsiI.TP466936","3","59005478","7.453e-06","0.0016","A"
"4","Trait5","FASTmrMLM","NsiI.TP800848","3","59007084","-1.1876e-05","0.0026","G"
"4","Trait5","FASTmrMLM","NsiI.TP44015","3","59016749","3.6794e-06","8e-04","C"
"4","Trait5","FASTmrMLM","PstI.TP1151443","3","59082832","-0.0137","0.2015","A"
"4","Trait5","FASTmrMLM","PstI.TP1163053","3","59117424","3.8871e-05","0.0085","C"
"4","Trait5","FASTmrMLM","NsiI.TP338132","3","59218088","7.0118e-06","0.0015","C"
"4","Trait5","FASTmrMLM","PstI.TP139224","3","59241408","-3.6135e-06","8e-04","C"
"4","Trait5","FASTmrMLM","PstI.TP336233","3","59242216","1.2704e-05","0.0028","C"
"4","Trait5","FASTmrMLM","PstI.TP1193031","3","59246520","-2.3802e-05","0.0052","G"
"4","Trait5","FASTmrMLM","PstI.TP998988","3","59275358","9.23e-06","0.002","C"
"4","Trait5","FASTmrMLM","PstI.TP847227","3","59292583","2.8704e-05","0.0063","A"
"4","Trait5","FASTmrMLM","NsiI.TP231960","3","59292658","-0.0179","0.2402","C"
"4","Trait5","FASTmrMLM","NsiI.TP680522","3","59306518","0.058","0.3465","C"
"4","Trait5","FASTmrMLM","PstI.TP1213036","3","59319881","-0.1268","0.8061","A"
"4","Trait5","FASTmrMLM","PstI.TP461527","3","59331702","-0.0875","0.3685","A"
"4","Trait5","FASTmrMLM","NsiI.TP689034","3","59332537","2.2967e-05","0.005","A"
"4","Trait5","FASTmrMLM","NsiI.TP311568","3","59344957","-1.174e-05","0.0026","C"
"4","Trait5","FASTmrMLM","NsiI.TP196522","3","59358646","1.6851e-07","3.6675e-05","A"
"4","Trait5","FASTmrMLM","NsiI.TP133171","3","59370384","0.207","1.8025","A"
"4","Trait5","FASTmrMLM","PstI.TP828568","3","59387991","-0.0592","0.7063","C"
"4","Trait5","FASTmrMLM","PstI.TP21924","3","59388087","-0.0473","0.3158","A"
"4","Trait5","FASTmrMLM","NsiI.TP321365","3","59388397","-8.4321e-06","0.0018","C"
"4","Trait5","FASTmrMLM","PstI.TP142391","3","59390022","-3.2074e-06","7e-04","G"
"4","Trait5","FASTmrMLM","NsiI.TP59576","3","59392834","0.0546","0.4169","G"
"4","Trait5","FASTmrMLM","NsiI.TP87500","3","59400736","-5.6631e-06","0.0012","A"
"4","Trait5","FASTmrMLM","PstI.TP758077","3","59405974","0.0648","0.5699","A"
"4","Trait5","FASTmrMLM","PstI.TP398454","3","59419188","-0.3485","3.1211","C"
"4","Trait5","FASTmrMLM","PstI.TP431785","3","59423995","-0.6664","2.7754","C"
"4","Trait5","FASTmrMLM","NsiI.TP460839","3","59424718","-0.0475","0.3135","A"
"4","Trait5","FASTmrMLM","NsiI.TP462694","3","59432640","-2.927e-05","0.0064","C"
"4","Trait5","FASTmrMLM","NsiI.TP110046","3","59456190","6.6651e-06","0.0015","A"
"4","Trait5","FASTmrMLM","PstI.TP357448","3","59477841","-0.0598","0.7465","A"
"4","Trait5","FASTmrMLM","NsiI.TP264976","3","59488140","-0.1453","0.8916","G"
"4","Trait5","FASTmrMLM","PstI.TP80928","3","59496787","2.6148e-05","0.0057","C"
"4","Trait5","FASTmrMLM","NsiI.TP716476","3","59497403","-5.0709e-06","0.0011","C"
"4","Trait5","FASTmrMLM","PstI.TP322764","3","59497851","-0.0494","0.4509","G"
"4","Trait5","FASTmrMLM","PstI.TP341272","3","59500037","0.0626","0.4009","A"
"4","Trait5","FASTmrMLM","PstI.TP879017","3","59523730","3.5873e-05","0.0079","A"
"4","Trait5","FASTmrMLM","PstI.TP134761","3","59529523","8.2923e-06","0.0018","A"
"4","Trait5","FASTmrMLM","PstI.TP841525","3","59531363","-1.2466e-05","0.0027","C"
"4","Trait5","FASTmrMLM","NsiI.TP134273","3","59544635","0.0154","0.2064","G"
"4","Trait5","FASTmrMLM","NsiI.TP754718","3","59558542","2.6731e-05","0.0059","C"
"4","Trait5","FASTmrMLM","PstI.TP87836","3","59575398","2.2541e-05","0.0049","C"
"4","Trait5","FASTmrMLM","PstI.TP77306","3","59583483","3.367e-05","0.0074","A"
"4","Trait5","FASTmrMLM","PstI.TP1049005","3","59604248","0.0301","0.3708","A"
"4","Trait5","FASTmrMLM","NsiI.TP815896","3","59605669","-0.0186","0.1448","A"
"4","Trait5","FASTmrMLM","NsiI.TP771064","3","59608432","0.0482","0.2416","C"
"4","Trait5","FASTmrMLM","PstI.TP1253498","3","59619326","0.1041","0.7305","G"
"4","Trait5","FASTmrMLM","NsiI.TP203010","3","59652589","-2.295e-05","0.005","C"
"4","Trait5","FASTmrMLM","PstI.TP165961","3","59670260","0.3266","1.4435","C"
"4","Trait5","FASTmrMLM","PstI.TP1216287","3","59670325","-0.3998","1.5309","A"
"4","Trait5","FASTmrMLM","PstI.TP830207","3","59673885","3.3696e-05","0.0074","A"
"4","Trait5","FASTmrMLM","NsiI.TP629158","3","59687349","0.0934","0.6867","A"
"4","Trait5","FASTmrMLM","NsiI.TP13692","3","59687845","-4.2119e-06","9e-04","C"
"4","Trait5","FASTmrMLM","NsiI.TP462873","3","59700623","-5.1183e-05","0.0113","C"
"4","Trait5","FASTmrMLM","PstI.TP583118","3","59716925","-3.3277e-06","7e-04","G"
"4","Trait5","FASTmrMLM","NsiI.TP489856","3","59746303","8.8588e-06","0.0019","C"
"4","Trait5","FASTmrMLM","PstI.TP242719","3","59746767","-2.7418e-05","0.006","A"
"4","Trait5","FASTmrMLM","NsiI.TP82159","3","59746898","-4.7919e-06","0.001","A"
"4","Trait5","FASTmrMLM","NsiI.TP489963","3","59749074","0.2683","1.3249","A"
"4","Trait5","FASTmrMLM","PstI.TP258589","3","59776102","-7.6198e-07","2e-04","A"
"4","Trait5","FASTmrMLM","PstI.TP608629","3","59778528","6.5103e-06","0.0014","A"
"4","Trait5","FASTmrMLM","PstI.TP864618","3","59785501","0.0302","0.1924","A"
"4","Trait5","FASTmrMLM","PstI.TP612450","3","59785572","5.9771e-06","0.0013","A"
"4","Trait5","FASTmrMLM","PstI.TP621399","3","59785579","2.4405e-06","5e-04","C"
"4","Trait5","FASTmrMLM","PstI.TP925435","3","59813964","2.3174e-06","5e-04","C"
"4","Trait5","FASTmrMLM","NsiI.TP134984","3","59816116","-0.0065","0.1408","C"
"4","Trait5","FASTmrMLM","NsiI.TP756830","3","59816618","-1.6751e-05","0.0037","A"
"4","Trait5","FASTmrMLM","NsiI.TP443563","3","59820878","2.3216e-06","5e-04","C"
"4","Trait5","FASTmrMLM","PstI.TP1063373","3","59855371","3e-04","0.0151","A"
"4","Trait5","FASTmrMLM","PstI.TP1036003","3","59881138","0.1101","0.4221","C"
"4","Trait5","FASTmrMLM","PstI.TP41440","3","59899767","1.6104e-06","4e-04","G"
"4","Trait5","FASTmrMLM","NsiI.TP807819","3","59954776","-0.4407","2.0182","C"
"4","Trait5","FASTmrMLM","PstI.TP667905","3","59988739","3.8389e-05","0.0084","A"
"4","Trait5","FASTmrMLM","PstI.TP396748","3","59990539","0.01","0.1512","A"
"4","Trait5","FASTmrMLM","PstI.TP156659","3","59996559","1e-04","0.0116","C"
"4","Trait5","FASTmrMLM","NsiI.TP138882","3","59997214","1.9588e-05","0.0043","A"
"4","Trait5","FASTmrMLM","NsiI.TP669696","3","59997263","-0.0476","0.4033","C"
"4","Trait5","FASTmrMLM","NsiI.TP350232","3","60012421","2.5946e-05","0.0056","A"
"4","Trait5","FASTmrMLM","NsiI.TP502620","3","60014083","-1.2348e-05","0.0027","C"
"4","Trait5","FASTmrMLM","PstI.TP51148","3","60052612","9.8804e-06","0.0022","C"
"4","Trait5","FASTmrMLM","PstI.TP486816","3","60055704","3.3795e-05","0.0074","C"
"4","Trait5","FASTmrMLM","NsiI.TP711144","3","60068524","-0.0071","0.1267","A"
"4","Trait5","FASTmrMLM","PstI.TP489426","3","60118439","-0.0819","0.5719","A"
"4","Trait5","FASTmrMLM","PstI.TP701332","3","60121147","4.2412e-07","9.2303e-05","A"
"4","Trait5","FASTmrMLM","PstI.TP884163","3","60121398","7.324e-05","0.0091","A"
"4","Trait5","FASTmrMLM","NsiI.TP777929","3","60138967","2.8305e-06","6e-04","C"
"4","Trait5","FASTmrMLM","PstI.TP1191807","3","60145417","3.8801e-05","0.0085","C"
"4","Trait5","FASTmrMLM","PstI.TP541610","3","60150538","-3.4148e-05","0.0075","C"
"4","Trait5","FASTmrMLM","NsiI.TP832685","3","60157538","6.0144e-06","0.0013","C"
"4","Trait5","FASTmrMLM","NsiI.TP327985","3","60165319","4.4767e-05","0.0099","C"
"4","Trait5","FASTmrMLM","NsiI.TP301308","3","60166686","3.9441e-07","8.5871e-05","G"
"4","Trait5","FASTmrMLM","PstI.TP133037","3","60188422","-6.865e-06","0.0015","A"
"4","Trait5","FASTmrMLM","NsiI.TP552305","3","60198029","7.2035e-06","0.0016","C"
"4","Trait5","FASTmrMLM","NsiI.TP807497","3","60223421","-0.0406","0.5475","A"
"4","Trait5","FASTmrMLM","NsiI.TP736691","3","60245071","-2.71e-05","0.0059","C"
"4","Trait5","FASTmrMLM","PstI.TP514040","3","60245354","9.0659e-06","0.002","C"
"4","Trait5","FASTmrMLM","NsiI.TP755635","3","60252667","-1.7044e-05","0.0037","C"
"4","Trait5","FASTmrMLM","PstI.TP136422","3","60253262","1.7418e-05","0.0038","A"
"4","Trait5","FASTmrMLM","PstI.TP1268442","3","60280275","1.2946e-05","0.0028","A"
"4","Trait5","FASTmrMLM","NsiI.TP214881","3","60293360","6.4606e-06","0.0014","A"
"4","Trait5","FASTmrMLM","PstI.TP1092466","3","60325983","1.7621e-05","0.0039","A"
"4","Trait5","FASTmrMLM","PstI.TP922309","3","60329739","1.1412e-05","0.0025","A"
"4","Trait5","FASTmrMLM","NsiI.TP28705","3","60372807","7.8241e-06","0.0017","A"
"4","Trait5","FASTmrMLM","PstI.TP246272","3","60373826","-1.9296e-05","0.0042","C"
"4","Trait5","FASTmrMLM","PstI.TP223245","3","60398077","1.2125e-05","0.0026","C"
"4","Trait5","FASTmrMLM","PstI.TP1103566","3","60411718","1.8404e-05","0.004","A"
"4","Trait5","FASTmrMLM","NsiI.TP68122","3","60476259","-1.9892e-05","0.0044","C"
"4","Trait5","FASTmrMLM","NsiI.TP364172","3","60493716","-8.7822e-06","0.0019","A"
"4","Trait5","FASTmrMLM","NsiI.TP761970","3","60500820","3.8502e-06","8e-04","C"
"4","Trait5","FASTmrMLM","NsiI.TP124152","3","60504298","0.0025","0.0466","A"
"4","Trait5","FASTmrMLM","PstI.TP1210595","3","60504444","0.0157","0.1799","A"
"4","Trait5","FASTmrMLM","NsiI.TP77326","3","60530476","3.6103e-06","8e-04","C"
"4","Trait5","FASTmrMLM","NsiI.TP547937","3","60572795","0.0438","0.3967","C"
"4","Trait5","FASTmrMLM","NsiI.TP472657","3","60599983","-5.3729e-07","1e-04","A"
"4","Trait5","FASTmrMLM","PstI.TP237442","3","60602220","-0.0127","0.1584","A"
"4","Trait5","FASTmrMLM","NsiI.TP769766","3","60610978","0.0796","0.3037","A"
"4","Trait5","FASTmrMLM","NsiI.TP823995","3","60631433","0.0237","0.3274","A"
"4","Trait5","FASTmrMLM","PstI.TP226912","3","60634411","2.2105e-05","0.0048","A"
"4","Trait5","FASTmrMLM","PstI.TP934231","3","60634673","2.5724e-05","0.0056","A"
"4","Trait5","FASTmrMLM","PstI.TP781083","3","60635010","-1.456e-05","0.0032","C"
"4","Trait5","FASTmrMLM","NsiI.TP131280","3","60635010","1.9661e-05","0.0043","C"
"4","Trait5","FASTmrMLM","NsiI.TP442162","3","60635535","-0.0259","0.3088","A"
"4","Trait5","FASTmrMLM","NsiI.TP798736","3","60644451","-8.7874e-07","2e-04","A"
"4","Trait5","FASTmrMLM","NsiI.TP798735","3","60644474","-1.2061e-05","0.0026","C"
"4","Trait5","FASTmrMLM","PstI.TP753132","3","60649454","-9.0915e-06","0.002","C"
"4","Trait5","FASTmrMLM","NsiI.TP822310","3","60656912","1.3702e-05","0.003","C"
"4","Trait5","FASTmrMLM","PstI.TP744552","3","60666124","3.6249e-07","7.889e-05","A"
"4","Trait5","FASTmrMLM","PstI.TP855345","3","60670818","-3.4224e-06","7e-04","A"
"4","Trait5","FASTmrMLM","NsiI.TP522476","3","60687548","-3.0502e-05","0.0067","G"
"4","Trait5","FASTmrMLM","NsiI.TP222427","3","60692215","5.1586e-05","0.0114","C"
"4","Trait5","FASTmrMLM","NsiI.TP673320","3","60693609","2.3106e-05","0.0051","A"
"4","Trait5","FASTmrMLM","NsiI.TP376618","3","60694341","-7.7868e-06","0.0017","C"
"4","Trait5","FASTmrMLM","PstI.TP839954","3","60694468","2.3918e-05","0.0052","A"
"4","Trait5","FASTmrMLM","PstI.TP321605","3","60695100","3.1841e-05","0.007","A"
"4","Trait5","FASTmrMLM","PstI.TP784356","3","60719568","0.0937","0.7594","A"
"4","Trait5","FASTmrMLM","NsiI.TP38859","3","60731093","-2.6946e-05","0.0059","A"
"4","Trait5","FASTmrMLM","PstI.TP1242803","3","60735069","8.9494e-06","0.002","A"
"4","Trait5","FASTmrMLM","NsiI.TP166838","3","60735782","-0.0054","0.1312","C"
"4","Trait5","FASTmrMLM","PstI.TP1102757","3","60738907","0.1244","0.6609","A"
"4","Trait5","FASTmrMLM","PstI.TP989802","3","60753871","-0.0794","0.4876","A"
"4","Trait5","FASTmrMLM","PstI.TP620296","3","60788823","8.9074e-06","0.0019","A"
"4","Trait5","FASTmrMLM","PstI.TP893323","3","60804145","-2.9664e-05","0.0065","G"
"4","Trait5","FASTmrMLM","PstI.TP863565","3","60804522","2.0436e-05","0.0045","A"
"4","Trait5","FASTmrMLM","PstI.TP875573","3","60804814","-1.4708e-05","0.0032","C"
"4","Trait5","FASTmrMLM","PstI.TP890825","3","60812107","-2.893e-05","0.0063","C"
"4","Trait5","FASTmrMLM","NsiI.TP473140","3","60813315","-5.7661e-06","0.0013","A"
"4","Trait5","FASTmrMLM","NsiI.TP67186","3","60823792","7.8003e-07","2e-04","G"
"4","Trait5","FASTmrMLM","PstI.TP286022","3","60831142","0.1312","1.0774","A"
"4","Trait5","FASTmrMLM","PstI.TP26378","3","60842946","0.1599","0.4937","C"
"4","Trait5","FASTmrMLM","PstI.TP94692","3","60843174","-6.2795e-06","0.0014","A"
"4","Trait5","FASTmrMLM","PstI.TP701649","3","60847329","-0.1071","0.8079","C"
"4","Trait5","FASTmrMLM","PstI.TP1138485","3","60847391","-0.1362","0.4595","G"
"4","Trait5","FASTmrMLM","PstI.TP236690","3","60908020","-1.607e-05","0.0035","C"
"4","Trait5","FASTmrMLM","PstI.TP989764","3","60914605","-1.6486e-06","4e-04","A"
"4","Trait5","FASTmrMLM","NsiI.TP425305","3","60919523","-0.1056","0.8929","C"
"4","Trait5","FASTmrMLM","NsiI.TP395227","3","60920364","-2.758e-05","0.006","C"
"4","Trait5","FASTmrMLM","NsiI.TP360142","3","60924217","-0.0883","0.7059","G"
"4","Trait5","FASTmrMLM","NsiI.TP630557","3","60925767","2.169e-05","0.0047","C"
"4","Trait5","FASTmrMLM","PstI.TP479064","3","60925871","-3.7125e-05","0.0082","A"
"4","Trait5","FASTmrMLM","NsiI.TP635683","3","60926748","0.0475","0.2763","C"
"4","Trait5","FASTmrMLM","PstI.TP17994","3","60977256","-1.3172e-05","0.0029","A"
"4","Trait5","FASTmrMLM","NsiI.TP355222","3","60983118","-1.194e-05","0.0026","A"
"4","Trait5","FASTmrMLM","PstI.TP1066422","3","60988993","1.9875e-06","4e-04","A"
"4","Trait5","FASTmrMLM","NsiI.TP215912","3","61002449","0.0414","0.4523","A"
"4","Trait5","FASTmrMLM","NsiI.TP179905","3","61013150","0.0792","0.961","C"
"4","Trait5","FASTmrMLM","PstI.TP641175","3","61017020","-0.1283","1.2176","A"
"4","Trait5","FASTmrMLM","PstI.TP694159","3","61030989","-4.7296e-06","0.001","C"
"4","Trait5","FASTmrMLM","PstI.TP1027144","3","61037758","-3.6868e-06","8e-04","A"
"4","Trait5","FASTmrMLM","PstI.TP1040466","3","61038224","-1.6026e-05","0.0035","A"
"4","Trait5","FASTmrMLM","PstI.TP269016","3","61043666","4.5242e-05","0.01","C"
"4","Trait5","FASTmrMLM","PstI.TP1226824","3","61052168","2e-04","0.0133","A"
"4","Trait5","FASTmrMLM","GFSSContig17612_773","3","61133785","-8.4097e-06","0.0018","T"
"4","Trait5","FASTmrMLM","NsiI.TP772853","3","61175250","0.048","0.2667","C"
"4","Trait5","FASTmrMLM","PstI.TP1092177","3","61213554","3.3179e-06","7e-04","A"
"4","Trait5","FASTmrMLM","PstI.TP991622","3","61247052","5.2617e-06","0.0011","G"
"4","Trait5","FASTmrMLM","PstI.TP433113","3","61260841","6.8567e-06","0.0015","G"
"4","Trait5","FASTmrMLM","NsiI.TP496851","3","61267172","-0.0805","0.7253","C"
"4","Trait5","FASTmrMLM","PstI.TP1183031","3","61268637","-1.3493e-05","0.0029","A"
"4","Trait5","FASTmrMLM","PstI.TP770467","3","61279233","2.0652e-05","0.0045","A"
"4","Trait5","FASTmrMLM","NsiI.TP741130","3","61288684","1.1181e-05","0.0024","C"
"4","Trait5","FASTmrMLM","PstI.TP626189","3","61292587","0.0039","0.0604","G"
"4","Trait5","FASTmrMLM","PstI.TP510088","3","61294512","9.3801e-06","0.002","A"
"4","Trait5","FASTmrMLM","PstI.TP158463","3","61326761","1.1e-05","0.0024","A"
"4","Trait5","FASTmrMLM","PstI.TP1229494","3","61329711","1.0814e-05","0.0024","C"
"4","Trait5","FASTmrMLM","PstI.TP238422","3","61336314","-0.1046","1.1135","A"
"4","Trait5","FASTmrMLM","NsiI.TP567629","3","61349073","-0.0738","0.361","A"
"4","Trait5","FASTmrMLM","PstI.TP115576","3","61364669","1.6415e-05","0.0036","A"
"4","Trait5","FASTmrMLM","PstI.TP513949","3","61369495","4.1522e-05","0.0091","A"
"4","Trait5","FASTmrMLM","PstI.TP1022061","3","61377198","0.0213","0.2433","A"
"4","Trait5","FASTmrMLM","NsiI.TP217016","3","61389742","-2.2202e-06","5e-04","A"
"4","Trait5","FASTmrMLM","PstI.TP729345","3","61392711","1.7909e-05","0.0039","C"
"4","Trait5","FASTmrMLM","NsiI.TP640814","3","61420634","8.8534e-06","0.0019","C"
"4","Trait5","FASTmrMLM","PstI.TP205682","3","61421944","0.039","0.2999","A"
"4","Trait5","FASTmrMLM","PstI.TP205683","3","61421946","-1.7424e-05","0.0038","A"
"4","Trait5","FASTmrMLM","NsiI.TP219782","3","61442376","0.0707","0.5322","A"
"4","Trait5","FASTmrMLM","NsiI.TP156140","3","61466152","3.7889e-05","0.0083","A"
"4","Trait5","FASTmrMLM","NsiI.TP767976","3","61489172","-3.721e-05","0.0082","A"
"4","Trait5","FASTmrMLM","NsiI.TP473101","3","61489556","-1.7166e-05","0.0038","C"
"4","Trait5","FASTmrMLM","PstI.TP710312","3","61493650","8.1173e-06","0.0018","C"
"4","Trait5","FASTmrMLM","NsiI.TP29647","3","61493987","-4.1862e-06","9e-04","C"
"4","Trait5","FASTmrMLM","NsiI.TP807503","3","61522042","1.6252e-05","0.0036","C"
"4","Trait5","FASTmrMLM","PstI.TP863870","3","61525095","8.6464e-06","0.0019","A"
"4","Trait5","FASTmrMLM","PstI.TP1055454","3","61538301","6.2631e-06","0.0014","C"
"4","Trait5","FASTmrMLM","NsiI.TP194161","3","61538308","-1.3298e-06","3e-04","A"
"4","Trait5","FASTmrMLM","NsiI.TP494561","3","61541099","-0.098","0.6248","A"
"4","Trait5","FASTmrMLM","PstI.TP477932","3","61551815","-0.0282","0.2965","A"
"4","Trait5","FASTmrMLM","NsiI.TP704503","3","61556233","1.414e-05","0.0031","A"
"4","Trait5","FASTmrMLM","NsiI.TP91904","3","61568869","6.5055e-06","0.0014","C"
"4","Trait5","FASTmrMLM","PstI.TP1158211","3","61619462","-0.0843","0.8253","C"
"4","Trait5","FASTmrMLM","NsiI.TP227264","3","61644071","3.6816e-06","8e-04","C"
"4","Trait5","FASTmrMLM","NsiI.TP526301","3","61655465","0.1096","0.8214","A"
"4","Trait5","FASTmrMLM","NsiI.TP767160","3","61668483","-1.2153e-05","0.0027","C"
"4","Trait5","FASTmrMLM","PstI.TP682692","3","61669687","-0.0169","0.1807","C"
"4","Trait5","FASTmrMLM","PstI.TP744473","3","61669976","-0.0297","0.3056","A"
"4","Trait5","FASTmrMLM","PstI.TP181101","3","61672463","-5.7423e-06","0.0013","A"
"4","Trait5","FASTmrMLM","GFSSContig3855_930","3","61675070","-2.7343e-05","0.006","T"
"4","Trait5","FASTmrMLM","PstI.TP1123625","3","61680413","3.1816e-05","0.007","A"
"4","Trait5","FASTmrMLM","PstI.TP1123622","3","61680445","3.5222e-05","0.0065","A"
"4","Trait5","FASTmrMLM","NsiI.TP513368","3","61687792","-4.5863e-08","9.9804e-06","C"
"4","Trait5","FASTmrMLM","NsiI.TP648145","3","61688849","1.3864e-05","0.003","C"
"4","Trait5","FASTmrMLM","NsiI.TP137681","3","61691801","-9.0537e-06","0.002","C"
"4","Trait5","FASTmrMLM","NsiI.TP754402","3","61695089","-3e-04","0.0155","G"
"4","Trait5","FASTmrMLM","NsiI.TP601708","3","61708605","0.1781","0.6699","C"
"4","Trait5","FASTmrMLM","NsiI.TP470920","3","61721599","-2.7615e-05","0.0061","G"
"4","Trait5","FASTmrMLM","NsiI.TP29426","3","61721739","-1.0749e-05","0.0023","A"
"4","Trait5","FASTmrMLM","PstI.TP1058684","3","61740645","9.4365e-06","0.0021","A"
"4","Trait5","FASTmrMLM","NsiI.TP444971","3","61743262","2.2462e-05","0.0049","C"
"4","Trait5","FASTmrMLM","NsiI.TP215631","3","61752529","0.1206","1.9088","A"
"4","Trait5","FASTmrMLM","NsiI.TP561674","3","61754089","-8.0492e-06","0.0018","C"
"4","Trait5","FASTmrMLM","NsiI.TP317101","3","61771383","2.8708e-06","6e-04","A"
"4","Trait5","FASTmrMLM","PstI.TP1215679","3","61776795","2.9326e-05","0.0064","C"
"4","Trait5","FASTmrMLM","PstI.TP1047233","3","61797601","9.5686e-06","0.0021","A"
"4","Trait5","FASTmrMLM","PstI.TP1068378","3","61797657","3.2147e-05","0.0071","C"
"4","Trait5","FASTmrMLM","PstI.TP47278","3","61828317","1e-04","0.0107","G"
"4","Trait5","FASTmrMLM","PstI.TP756650","3","61832560","-8.4275e-06","0.0018","A"
"4","Trait5","FASTmrMLM","NsiI.TP127429","3","61847094","7.7349e-06","0.0017","C"
"4","Trait5","FASTmrMLM","NsiI.TP65535","3","61868801","-1.1197e-05","0.0024","A"
"4","Trait5","FASTmrMLM","NsiI.TP240686","3","61881616","-2.9092e-05","0.0064","A"
"4","Trait5","FASTmrMLM","NsiI.TP411007","3","61881674","-3.0909e-05","0.0068","C"
"4","Trait5","FASTmrMLM","NsiI.TP512189","3","61885782","2.2918e-05","0.005","C"
"4","Trait5","FASTmrMLM","NsiI.TP348354","3","61890086","-0.052","0.3951","C"
"4","Trait5","FASTmrMLM","NsiI.TP824702","3","61899474","3.8365e-05","0.0066","C"
"4","Trait5","FASTmrMLM","NsiI.TP636075","3","61900461","6.7416e-06","0.0015","C"
"4","Trait5","FASTmrMLM","NsiI.TP640913","3","61900470","3.779e-05","0.0083","A"
"4","Trait5","FASTmrMLM","PstI.TP1002549","3","61933672","-1.5782e-05","0.0034","G"
"4","Trait5","FASTmrMLM","NsiI.TP18199","3","61934242","-0.035","0.374","A"
"4","Trait5","FASTmrMLM","NsiI.TP270205","3","61960163","-1.7988e-05","0.0039","C"
"4","Trait5","FASTmrMLM","NsiI.TP188827","3","61962465","-6.789e-06","0.0015","G"
"4","Trait5","FASTmrMLM","NsiI.TP490563","3","61962827","-1.306e-05","0.0029","G"
"4","Trait5","FASTmrMLM","PstI.TP1206334","3","61963148","-1.7704e-06","4e-04","C"
"4","Trait5","FASTmrMLM","NsiI.TP450432","3","61963697","2.0967e-05","0.0046","A"
"4","Trait5","FASTmrMLM","NsiI.TP421367","3","61964857","1.5943e-06","3e-04","G"
"4","Trait5","FASTmrMLM","PstI.TP1015557","3","61964858","-2.4501e-05","0.0054","G"
"4","Trait5","FASTmrMLM","PstI.TP212330","3","61992139","-0.1616","0.6774","A"
"4","Trait5","FASTmrMLM","PstI.TP606496","3","62018965","2.547e-06","6e-04","C"
"4","Trait5","FASTmrMLM","PstI.TP118158","3","62028568","-3.5801e-06","8e-04","C"
"4","Trait5","FASTmrMLM","PstI.TP1241806","3","62038117","1.4599e-05","0.0032","G"
"4","Trait5","FASTmrMLM","NsiI.TP726681","3","62054481","-1.2355e-05","0.0027","A"
"4","Trait5","FASTmrMLM","PstI.TP106632","3","62055462","-5.4047e-06","0.0012","A"
"4","Trait5","FASTmrMLM","PstI.TP235538","3","62102611","0.269","1.4459","C"
"4","Trait5","FASTmrMLM","PstI.TP1087876","3","62102839","-0.0499","0.5708","A"
"4","Trait5","FASTmrMLM","PstI.TP1163825","3","62149566","1e-04","0.0102","C"
"4","Trait5","FASTmrMLM","PstI.TP620503","3","62167098","9.5839e-07","2e-04","A"
"4","Trait5","FASTmrMLM","PstI.TP116867","3","62167764","1.2094e-05","0.0026","A"
"4","Trait5","FASTmrMLM","NsiI.TP532124","3","62168115","-1.9807e-05","0.0043","C"
"4","Trait5","FASTmrMLM","PstI.TP1100263","3","62171167","-0.0596","0.378","A"
"4","Trait5","FASTmrMLM","PstI.TP1100260","3","62171188","1.7629e-06","4e-04","C"
"4","Trait5","FASTmrMLM","PstI.TP1199619","3","62188472","-1.2068e-05","0.0026","C"
"4","Trait5","FASTmrMLM","PstI.TP197088","3","62192090","6.7926e-06","0.0015","C"
"4","Trait5","FASTmrMLM","PstI.TP688796","3","62196971","-3.2176e-05","0.0071","C"
"4","Trait5","FASTmrMLM","NsiI.TP225884","3","62210775","0.0876","0.3542","A"
"4","Trait5","FASTmrMLM","NsiI.TP717641","3","62218386","2.8703e-06","6e-04","A"
"4","Trait5","FASTmrMLM","PstI.TP948881","3","62232654","0.0716","0.3086","C"
"4","Trait5","FASTmrMLM","PstI.TP259912","3","62235611","7.8631e-06","0.0017","C"
"4","Trait5","FASTmrMLM","NsiI.TP426936","3","62236290","-1.3076e-06","3e-04","A"
"4","Trait5","FASTmrMLM","NsiI.TP669739","3","62236822","-0.0218","0.2563","A"
"4","Trait5","FASTmrMLM","PstI.TP229860","3","62239983","2.8281e-05","0.0062","A"
"4","Trait5","FASTmrMLM","PstI.TP1260683","3","62249445","-1.432e-05","0.0031","C"
"4","Trait5","FASTmrMLM","NsiI.TP571441","3","62263730","5.5344e-06","0.0012","C"
"4","Trait5","FASTmrMLM","NsiI.TP209279","3","62271200","8.3252e-06","0.0018","A"
"4","Trait5","FASTmrMLM","NsiI.TP523526","3","62290466","-0.1424","1.0683","C"
"4","Trait5","FASTmrMLM","PstI.TP197729","3","62304693","-1.322e-05","0.0029","C"
"4","Trait5","FASTmrMLM","NsiI.TP700951","3","62304693","-1.2307e-05","0.0027","C"
"4","Trait5","FASTmrMLM","NsiI.TP418114","3","62312084","1.6719e-05","0.0037","A"
"4","Trait5","FASTmrMLM","NsiI.TP469506","3","62312511","3.3017e-06","7e-04","A"
"4","Trait5","FASTmrMLM","NsiI.TP394538","3","62312606","0.0328","0.1817","C"
"4","Trait5","FASTmrMLM","PstI.TP1248247","3","62346879","0.1483","0.8552","A"
"4","Trait5","FASTmrMLM","PstI.TP375011","3","62352025","0.1844","1.3152","C"
"4","Trait5","FASTmrMLM","NsiI.TP343521","3","62364335","-3.7962e-05","0.0071","G"
"4","Trait5","FASTmrMLM","PstI.TP28426","3","62364471","-3.4115e-05","0.0075","C"
"4","Trait5","FASTmrMLM","NsiI.TP556661","3","62384966","-0.3629","1.3217","A"
"4","Trait5","FASTmrMLM","PstI.TP1207401","3","62394167","-7.667e-06","0.0017","C"
"4","Trait5","FASTmrMLM","PstI.TP1218442","3","62395382","8.2411e-06","0.0018","C"
"4","Trait5","FASTmrMLM","NsiI.TP452428","3","62411078","0.0218","0.3102","A"
"4","Trait5","FASTmrMLM","PstI.TP197785","3","62421321","-4.3541e-07","9.477e-05","C"
"4","Trait5","FASTmrMLM","NsiI.TP305135","3","62446748","1.8722e-05","0.0041","C"
"4","Trait5","FASTmrMLM","PstI.TP212363","3","62460226","-0.1128","0.6887","A"
"4","Trait5","FASTmrMLM","PstI.TP88512","3","62462150","-0.0298","0.2319","A"
"4","Trait5","FASTmrMLM","NsiI.TP490321","3","62472581","0.0577","0.3493","G"
"4","Trait5","FASTmrMLM","NsiI.TP307317","3","62489784","1.2144e-05","0.0027","A"
"4","Trait5","FASTmrMLM","NsiI.TP587502","3","62509726","-1.6119e-05","0.0035","G"
"4","Trait5","FASTmrMLM","NsiI.TP795088","3","62532850","3.0838e-05","0.0068","C"
"4","Trait5","FASTmrMLM","PstI.TP220172","3","62533241","1.2905e-05","0.0028","A"
"4","Trait5","FASTmrMLM","NsiI.TP423105","3","62553166","-3.5802e-05","0.0079","C"
"4","Trait5","FASTmrMLM","PstI.TP491926","3","62555932","-0.0317","0.3925","A"
"4","Trait5","FASTmrMLM","PstI.TP784055","3","62556774","0.2021","2.9875","A"
"4","Trait5","FASTmrMLM","PstI.TP167777","3","62571181","2.2432e-05","0.0049","C"
"4","Trait5","FASTmrMLM","PstI.TP1154452","3","62582232","0.225","2.791","G"
"4","Trait5","FASTmrMLM","PstI.TP1227898","3","62582412","-4e-04","0.0181","G"
"4","Trait5","FASTmrMLM","NsiI.TP187535","3","62613185","2.2435e-05","0.0049","C"
"4","Trait5","FASTmrMLM","NsiI.TP555265","3","62613271","-3.5175e-05","0.0077","A"
"4","Trait5","FASTmrMLM","NsiI.TP532189","3","62620279","-5.8008e-07","1e-04","G"
"4","Trait5","FASTmrMLM","PstI.TP315047","3","62632863","-1.4185e-05","0.0031","G"
"4","Trait5","FASTmrMLM","PstI.TP315041","3","62632908","-1.1293e-05","0.0025","A"
"4","Trait5","FASTmrMLM","PstI.TP981905","3","62633333","-1.9163e-05","0.0042","A"
"4","Trait5","FASTmrMLM","PstI.TP1044788","3","62637358","-4.8754e-06","0.0011","G"
"4","Trait5","FASTmrMLM","PstI.TP709539","3","62651637","-0.385","2.2596","C"
"4","Trait5","FASTmrMLM","PstI.TP830193","3","62651722","0.2672","1.6924","C"
"4","Trait5","FASTmrMLM","NsiI.TP373053","3","62688725","5.2599e-07","1e-04","A"
"4","Trait5","FASTmrMLM","PstI.TP213377","3","62690207","-0.1535","0.9243","A"
"4","Trait5","FASTmrMLM","PstI.TP894657","3","62690347","-7.6725e-06","0.0017","A"
"4","Trait5","FASTmrMLM","PstI.TP1149685","3","62713314","0.0631","0.6595","G"
"4","Trait5","FASTmrMLM","NsiI.TP457387","3","62713333","0.02","0.2601","G"
"4","Trait5","FASTmrMLM","PstI.TP1119947","3","62720101","2.6165e-06","6e-04","A"
"4","Trait5","FASTmrMLM","PstI.TP747371","3","62732304","0.2256","1.6724","A"
"4","Trait5","FASTmrMLM","NsiI.TP590626","3","62733679","-2.2103e-05","0.0048","A"
"4","Trait5","FASTmrMLM","NsiI.TP189403","3","62733721","5.6286e-06","0.0012","C"
"4","Trait5","FASTmrMLM","PstI.TP396501","3","62733946","-0.0782","0.4914","A"
"4","Trait5","FASTmrMLM","PstI.TP706848","3","62734689","-3e-04","0.0174","C"
"4","Trait5","FASTmrMLM","PstI.TP31362","3","62734726","-0.1486","0.8041","C"
"4","Trait5","FASTmrMLM","NsiI.TP797585","3","62736855","-4.0574e-06","9e-04","C"
"4","Trait5","FASTmrMLM","PstI.TP448424","3","62740930","0.1167","0.8835","A"
"4","Trait5","FASTmrMLM","NsiI.TP723677","3","62767764","2.6113e-05","0.0057","C"
"4","Trait5","FASTmrMLM","PstI.TP67232","3","62769011","0.1893","0.8524","C"
"4","Trait5","FASTmrMLM","NsiI.TP268816","3","62797388","-4.9273e-06","0.0011","A"
"4","Trait5","FASTmrMLM","NsiI.TP766808","3","62798622","-0.0715","0.8369","A"
"4","Trait5","FASTmrMLM","PstI.TP793406","3","62798999","-1.7495e-05","0.0038","A"
"4","Trait5","FASTmrMLM","GFSSContig775_598","3","62803541","-0.1231","1.3637","T"
"4","Trait5","FASTmrMLM","NsiI.TP273716","3","62809987","6.423e-05","0.0078","A"
"4","Trait5","FASTmrMLM","NsiI.TP364661","3","62810648","-0.0382","0.2717","C"
"4","Trait5","FASTmrMLM","PstI.TP731871","3","62811136","9.6236e-06","0.0021","C"
"4","Trait5","FASTmrMLM","PstI.TP731868","3","62811145","-0.0781","0.8953","C"
"4","Trait5","FASTmrMLM","PstI.TP852461","3","62811319","5.9026e-06","0.0013","A"
"4","Trait5","FASTmrMLM","PstI.TP351473","3","62816493","1.1434e-05","0.0025","C"
"4","Trait5","FASTmrMLM","NsiI.TP57497","3","62837378","-1.1268e-05","0.0025","G"
"4","Trait5","FASTmrMLM","NsiI.TP57499","3","62837391","1.888e-05","0.0041","A"
"4","Trait5","FASTmrMLM","NsiI.TP560698","3","62837431","5.1043e-07","1e-04","A"
"4","Trait5","FASTmrMLM","PstI.TP252423","3","62843438","-1.4014e-05","0.0031","A"
"4","Trait5","FASTmrMLM","NsiI.TP121610","3","62853580","1.6167e-05","0.0035","A"
"4","Trait5","FASTmrMLM","NsiI.TP527955","3","62865681","-8.6939e-06","0.0019","C"
"4","Trait5","FASTmrMLM","NsiI.TP589623","3","62870321","1.9495e-05","0.0043","A"
"4","Trait5","FASTmrMLM","NsiI.TP194993","3","62870591","-1.1946e-05","0.0026","C"
"4","Trait5","FASTmrMLM","NsiI.TP814805","3","62875271","7.6324e-07","2e-04","A"
"4","Trait5","FASTmrMLM","PstI.TP513222","3","62897899","-1.0632e-05","0.0023","A"
"4","Trait5","FASTmrMLM","PstI.TP1157196","3","62934362","1.6108e-05","0.0035","A"
"4","Trait5","FASTmrMLM","PstI.TP10059","3","62988492","-0.0486","0.6349","A"
"4","Trait5","FASTmrMLM","PstI.TP510694","3","63018633","4.5535e-06","0.001","A"
"4","Trait5","FASTmrMLM","NsiI.TP36218","3","63029747","0.0631","0.5005","A"
"4","Trait5","FASTmrMLM","NsiI.TP437742","3","63030426","3.7345e-05","0.0082","C"
"4","Trait5","FASTmrMLM","NsiI.TP467606","3","63030544","8.5632e-06","0.0019","G"
"4","Trait5","FASTmrMLM","NsiI.TP559855","3","63044172","0.0208","0.2556","A"
"4","Trait5","FASTmrMLM","NsiI.TP207536","3","63061544","3.8685e-06","8e-04","C"
"4","Trait5","FASTmrMLM","PstI.TP628687","3","63092385","-3.6069e-06","8e-04","G"
"4","Trait5","FASTmrMLM","PstI.TP125277","3","63116909","3.2181e-05","0.0071","A"
"4","Trait5","FASTmrMLM","PstI.TP1110234","3","63126555","2.951e-06","6e-04","C"
"4","Trait5","FASTmrMLM","PstI.TP714526","3","63126967","0.0228","0.2659","C"
"4","Trait5","FASTmrMLM","NsiI.TP529124","3","63127607","0.1888","1.7754","C"
"4","Trait5","FASTmrMLM","GFSSContig5557_72","3","63136908","-0.0142","0.1951","A"
"4","Trait5","FASTmrMLM","PstI.TP907836","3","63143644","0.1283","1.0481","A"
"4","Trait5","FASTmrMLM","NsiI.TP825350","3","63153710","7.5556e-05","0.0073","C"
"4","Trait5","FASTmrMLM","NsiI.TP63915","3","63176148","-1.0249e-05","0.0022","C"
"4","Trait5","FASTmrMLM","NsiI.TP271695","3","63181469","2.5369e-05","0.0056","C"
"4","Trait5","FASTmrMLM","PstI.TP569829","3","63182435","-1.1347e-05","0.0025","A"
"4","Trait5","FASTmrMLM","NsiI.TP726999","3","63190246","2.5084e-05","0.0055","C"
"4","Trait5","FASTmrMLM","PstI.TP977801","3","63195590","-0.1973","1.2319","A"
"4","Trait5","FASTmrMLM","NsiI.TP521093","3","63200633","-4.7481e-06","0.001","G"
"4","Trait5","FASTmrMLM","NsiI.TP563437","3","63200954","0.0057","0.1267","A"
"4","Trait5","FASTmrMLM","NsiI.TP428248","3","63202030","-0.0553","0.2394","A"
"4","Trait5","FASTmrMLM","NsiI.TP438077","3","63207007","1.4132e-07","3.0753e-05","C"
"4","Trait5","FASTmrMLM","PstI.TP218170","3","63210084","-0.0166","0.2248","C"
"4","Trait5","FASTmrMLM","PstI.TP223388","3","63212857","0.0943","1.2623","C"
"4","Trait5","FASTmrMLM","NsiI.TP286903","3","63225582","0.2409","1.3796","A"
"4","Trait5","FASTmrMLM","PstI.TP27143","3","63237234","-0.017","0.2364","C"
"4","Trait5","FASTmrMLM","PstI.TP51093","3","63237258","0.0218","0.335","A"
"4","Trait5","FASTmrMLM","NsiI.TP121287","3","63237263","-0.0176","0.2969","C"
"4","Trait5","FASTmrMLM","NsiI.TP458938","3","63243078","0.0193","0.2349","C"
"4","Trait5","FASTmrMLM","PstI.TP901065","3","63246535","-2.1722e-05","0.0048","C"
"4","Trait5","FASTmrMLM","NsiI.TP131543","3","63252906","-0.0728","0.2932","C"
"4","Trait5","FASTmrMLM","NsiI.TP139027","3","63289950","5.5834e-06","0.0012","C"
"4","Trait5","FASTmrMLM","PstI.TP993511","3","63295775","1.5743e-05","0.0034","A"
"4","Trait5","FASTmrMLM","PstI.TP916840","3","63298133","-1.0795e-05","0.0024","A"
"4","Trait5","FASTmrMLM","PstI.TP970049","3","63324423","-0.0458","0.2645","A"
"4","Trait5","FASTmrMLM","PstI.TP816774","3","63324470","5.971e-06","0.0013","A"
"4","Trait5","FASTmrMLM","PstI.TP816568","3","63324477","2.5461e-05","0.0047","A"
"4","Trait5","FASTmrMLM","NsiI.TP430186","3","63325030","1.3731e-05","0.003","A"
"4","Trait5","FASTmrMLM","PstI.TP888368","3","63337334","-0.1216","0.7245","G"
"4","Trait5","FASTmrMLM","PstI.TP918770","3","63337945","-0.1672","1.0177","C"
"4","Trait5","FASTmrMLM","PstI.TP280346","3","63351343","-4.374e-06","0.001","A"
"4","Trait5","FASTmrMLM","PstI.TP484738","3","63356049","0.0993","0.6032","C"
"4","Trait5","FASTmrMLM","PstI.TP692240","3","63368255","4.7634e-05","0.0069","A"
"4","Trait5","FASTmrMLM","PstI.TP1209805","3","63368307","-1.0567e-05","0.0023","A"
"4","Trait5","FASTmrMLM","PstI.TP602861","3","63369361","-0.0657","0.4387","A"
"4","Trait5","FASTmrMLM","NsiI.TP366671","3","63372521","-1.996e-06","4e-04","G"
"4","Trait5","FASTmrMLM","NsiI.TP652660","3","63375523","5.6981e-06","0.0012","C"
"4","Trait5","FASTmrMLM","PstI.TP654237","3","63375812","2.676e-05","0.0059","A"
"4","Trait5","FASTmrMLM","PstI.TP798778","3","63375873","0.1289","0.5643","G"
"4","Trait5","FASTmrMLM","PstI.TP1185597","3","63390455","1e-04","0.0102","A"
"4","Trait5","FASTmrMLM","PstI.TP528497","3","63408638","1.0959e-06","2e-04","A"
"4","Trait5","FASTmrMLM","PstI.TP450478","3","63412067","-0.2577","1.2437","C"
"4","Trait5","FASTmrMLM","PstI.TP987283","3","63426749","1.2321e-05","0.0027","A"
"4","Trait5","FASTmrMLM","NsiI.TP465548","3","63446283","0.2709","1.617","A"
"4","Trait5","FASTmrMLM","PstI.TP478050","3","63462498","-0.1309","0.822","C"
"4","Trait5","FASTmrMLM","PstI.TP338993","3","63489864","-7.9718e-06","0.0017","A"
"4","Trait5","FASTmrMLM","NsiI.TP176667","3","63492497","0.1174","1.4736","A"
"4","Trait5","FASTmrMLM","NsiI.TP741429","3","63493065","-4.4352e-05","0.0098","C"
"4","Trait5","FASTmrMLM","PstI.TP792442","3","63504938","-2.1029e-05","0.0046","A"
"4","Trait5","FASTmrMLM","PstI.TP199791","3","63508120","-4.1651e-06","9e-04","A"
"4","Trait5","FASTmrMLM","NsiI.TP433022","3","63510103","-0.0736","0.4729","A"
"4","Trait5","FASTmrMLM","NsiI.TP252824","3","63519177","2e-04","0.0101","G"
"4","Trait5","FASTmrMLM","NsiI.TP631251","3","63519772","-2.4976e-06","5e-04","A"
"4","Trait5","FASTmrMLM","NsiI.TP551480","3","63524894","-0.0253","0.287","A"
"4","Trait5","FASTmrMLM","NsiI.TP349068","3","63530177","1.6488e-05","0.0036","A"
"4","Trait5","FASTmrMLM","NsiI.TP86907","3","63530179","2.0183e-06","4e-04","A"
"4","Trait5","FASTmrMLM","PstI.TP965825","3","63530528","-0.2128","1.1475","C"
"4","Trait5","FASTmrMLM","NsiI.TP148399","3","63530653","-5.1157e-06","0.0011","A"
"4","Trait5","FASTmrMLM","NsiI.TP447144","3","63530717","-0.2957","1.8447","A"
"4","Trait5","FASTmrMLM","NsiI.TP800814","3","63540139","7.5438e-06","0.0016","C"
"4","Trait5","FASTmrMLM","PstI.TP1098025","3","63567838","1.1026e-05","0.0024","A"
"4","Trait5","FASTmrMLM","PstI.TP629983","3","63581607","-3.1646e-05","0.0069","C"
"4","Trait5","FASTmrMLM","PstI.TP295024","3","63583771","0.0557","0.34","C"
"4","Trait5","FASTmrMLM","NsiI.TP175445","3","63583785","0.015","0.2742","A"
"4","Trait5","FASTmrMLM","PstI.TP1222662","3","63583875","-1.7272e-06","4e-04","C"
"4","Trait5","FASTmrMLM","NsiI.TP540667","3","63587650","7.2109e-06","0.0016","G"
"4","Trait5","FASTmrMLM","PstI.TP778793","3","63590224","-0.0542","0.3322","A"
"4","Trait5","FASTmrMLM","NsiI.TP176480","3","63593277","-5.3655e-05","0.0081","A"
"4","Trait5","FASTmrMLM","GFSSContig14210_1233","3","63619163","1.3459e-05","0.0029","A"
"4","Trait5","FASTmrMLM","NsiI.TP719571","3","63639298","1.8456e-05","0.004","C"
"4","Trait5","FASTmrMLM","NsiI.TP465631","3","63640075","-4.8458e-06","0.0011","A"
"4","Trait5","FASTmrMLM","NsiI.TP393786","3","63644097","8.1968e-06","0.0018","C"
"4","Trait5","FASTmrMLM","PstI.TP269566","3","63644939","-1.3248e-05","0.0029","A"
"4","Trait5","FASTmrMLM","PstI.TP1057917","3","63645828","0.0835","1.0582","C"
"4","Trait5","FASTmrMLM","GFSSContig12527_197","3","63688831","1.1339e-05","0.0025","T"
"4","Trait5","FASTmrMLM","PstI.TP265343","3","63692161","4.0022e-07","8.7126e-05","A"
"4","Trait5","FASTmrMLM","PstI.TP374544","3","63699323","8.958e-06","0.002","A"
"4","Trait5","FASTmrMLM","PstI.TP743018","3","63741852","9.3872e-06","0.002","C"
"4","Trait5","FASTmrMLM","PstI.TP743016","3","63741878","-7.9749e-07","2e-04","C"
"4","Trait5","FASTmrMLM","PstI.TP142505","3","63747083","1.6253e-05","0.0036","A"
"4","Trait5","FASTmrMLM","NsiI.TP347549","3","63747331","-4.0548e-05","0.0089","G"
"4","Trait5","FASTmrMLM","PstI.TP119815","3","63747743","-1.0446e-05","0.0023","A"
"4","Trait5","FASTmrMLM","NsiI.TP595425","3","63763805","-4.3315e-06","9e-04","G"
"4","Trait5","FASTmrMLM","PstI.TP1056199","3","63767546","0.0872","1.0329","A"
"4","Trait5","FASTmrMLM","PstI.TP248861","3","63767565","2.1572e-06","5e-04","A"
"4","Trait5","FASTmrMLM","GFSSContig10741_1216","3","63771306","-2.5047e-05","0.0055","A"
"4","Trait5","FASTmrMLM","PstI.TP378140","3","63771773","-0.0183","0.1889","C"
"4","Trait5","FASTmrMLM","PstI.TP995236","3","63809440","-0.1141","1.3942","A"
"4","Trait5","FASTmrMLM","PstI.TP683092","3","63809485","8.1638e-06","0.0018","C"
"4","Trait5","FASTmrMLM","PstI.TP176936","3","63829208","-0.0866","1.1748","C"
"4","Trait5","FASTmrMLM","NsiI.TP717162","3","63834924","-0.0659","0.4313","A"
"4","Trait5","FASTmrMLM","NsiI.TP350448","3","63834942","6.2822e-06","0.0014","A"
"4","Trait5","FASTmrMLM","NsiI.TP503413","3","63835388","-1.2976e-05","0.0028","A"
"4","Trait5","FASTmrMLM","NsiI.TP414855","3","63835452","-3.4738e-06","8e-04","C"
"4","Trait5","FASTmrMLM","NsiI.TP696434","3","63870524","3.767e-06","8e-04","A"
"4","Trait5","FASTmrMLM","NsiI.TP755634","3","63871706","1.1172e-05","0.0024","A"
"4","Trait5","FASTmrMLM","PstI.TP975358","3","63875437","0.0329","0.2538","A"
"4","Trait5","FASTmrMLM","NsiI.TP625740","3","63928256","-0.3333","1.9131","C"
"4","Trait5","FASTmrMLM","PstI.TP458650","3","63973238","3.1084e-05","0.0068","C"
"4","Trait5","FASTmrMLM","PstI.TP815514","3","63973277","-1.6987e-05","0.0037","A"
"4","Trait5","FASTmrMLM","PstI.TP973883","3","63986038","-6.318e-06","0.0014","C"
"4","Trait5","FASTmrMLM","PstI.TP1273524","3","64005585","-3.1552e-07","6.8682e-05","A"
"4","Trait5","FASTmrMLM","PstI.TP230402","3","64005631","-2.7979e-06","6e-04","A"
"4","Trait5","FASTmrMLM","PstI.TP240142","3","64019572","-1.1404e-05","0.0025","C"
"4","Trait5","FASTmrMLM","PstI.TP811969","3","64051653","0.017","0.1694","C"
"4","Trait5","FASTmrMLM","NsiI.TP376933","3","64056069","1.1348e-05","0.0025","A"
"4","Trait5","FASTmrMLM","PstI.TP795010","3","64056361","-1.1148e-05","0.0024","C"
"4","Trait5","FASTmrMLM","PstI.TP899599","3","64061155","0.231","1.2602","C"
"4","Trait5","FASTmrMLM","PstI.TP982685","3","64062314","-4.7973e-06","0.001","A"
"4","Trait5","FASTmrMLM","NsiI.TP201870","3","64132657","9.7559e-06","0.0021","C"
"4","Trait5","FASTmrMLM","NsiI.TP435805","3","64133076","-9.469e-07","2e-04","A"
"4","Trait5","FASTmrMLM","NsiI.TP546613","3","64139071","-4.9163e-06","0.0011","A"
"4","Trait5","FASTmrMLM","PstI.TP118304","3","64199565","-0.1164","0.4496","G"
"4","Trait5","FASTmrMLM","PstI.TP681235","3","64200366","-1e-04","0.0095","A"
"4","Trait5","FASTmrMLM","NsiI.TP440093","3","64205828","2.9965e-05","0.0066","A"
"4","Trait5","FASTmrMLM","NsiI.TP308604","3","64205832","1.6809e-05","0.0037","C"
"4","Trait5","FASTmrMLM","NsiI.TP624834","3","64214715","1.5979e-05","0.0035","A"
"4","Trait5","FASTmrMLM","PstI.TP213483","3","64224454","-3.6067e-05","0.0079","C"
"4","Trait5","FASTmrMLM","PstI.TP383715","3","64236301","-0.0156","0.2346","C"
"4","Trait5","FASTmrMLM","NsiI.TP489618","3","64250401","1.045e-05","0.0023","A"
"4","Trait5","FASTmrMLM","PstI.TP1179541","3","64258110","-0.0718","0.7646","C"
"4","Trait5","FASTmrMLM","NsiI.TP386886","3","64281292","0.0161","0.2256","C"
"4","Trait5","FASTmrMLM","NsiI.TP550459","3","64325444","0.0287","0.2427","C"
"4","Trait5","FASTmrMLM","NsiI.TP393300","3","64334616","-5.4782e-06","0.0012","A"
"4","Trait5","FASTmrMLM","NsiI.TP332475","3","64344627","-7.4787e-06","0.0016","C"
"4","Trait5","FASTmrMLM","NsiI.TP738076","3","64378455","-0.0322","0.4141","A"
"4","Trait5","FASTmrMLM","PstI.TP1157682","3","64398630","-2.2214e-05","0.0049","A"
"4","Trait5","FASTmrMLM","PstI.TP131841","3","64461399","-7.5741e-06","0.0017","C"
"4","Trait5","FASTmrMLM","PstI.TP763619","3","64466860","1.2899e-05","0.0028","C"
"4","Trait5","FASTmrMLM","NsiI.TP602959","3","64466920","1.9275e-05","0.0042","C"
"4","Trait5","FASTmrMLM","PstI.TP263277","3","64477115","2.5623e-05","0.0056","A"
"4","Trait5","FASTmrMLM","PstI.TP932448","3","64479943","1.294e-05","0.0028","C"
"4","Trait5","FASTmrMLM","PstI.TP1271715","3","64483560","-0.0737","0.7391","C"
"4","Trait5","FASTmrMLM","PstI.TP981980","3","64500878","1.2711e-05","0.0028","A"
"4","Trait5","FASTmrMLM","NsiI.TP102678","3","64512906","-0.0627","0.5564","C"
"4","Trait5","FASTmrMLM","PstI.TP15431","3","64515813","-0.0134","0.2219","A"
"4","Trait5","FASTmrMLM","NsiI.TP495410","3","64532359","-1.427e-05","0.0031","C"
"4","Trait5","FASTmrMLM","NsiI.TP538686","3","64534125","0.0095","0.1716","A"
"4","Trait5","FASTmrMLM","NsiI.TP55415","3","64630564","0.2327","0.8089","C"
"4","Trait5","FASTmrMLM","NsiI.TP255391","3","64648824","-0.1814","1.1996","C"
"4","Trait5","FASTmrMLM","PstI.TP710702","3","64702098","-2.3854e-05","0.0052","C"
"4","Trait5","FASTmrMLM","PstI.TP433358","3","64702344","-0.1021","0.447","C"
"4","Trait5","FASTmrMLM","NsiI.TP566814","3","64704540","0.0202","0.1566","A"
"4","Trait5","FASTmrMLM","PstI.TP698","3","64710220","8.9526e-06","0.002","C"
"4","Trait5","FASTmrMLM","NsiI.TP224401","3","64711918","-1.9683e-05","0.0043","A"
"4","Trait5","FASTmrMLM","PstI.TP950567","3","64725335","8.744e-06","0.0019","G"
"4","Trait5","FASTmrMLM","PstI.TP131990","3","64753470","-0.0269","0.1388","G"
"4","Trait5","FASTmrMLM","PstI.TP892866","3","64754537","-4.6718e-07","1e-04","C"
"4","Trait5","FASTmrMLM","PstI.TP942675","3","64754613","0.0513","0.711","G"
"4","Trait5","FASTmrMLM","PstI.TP52306","3","64766194","2.3618e-05","0.0052","A"
"4","Trait5","FASTmrMLM","NsiI.TP623459","3","64767434","-7.9929e-06","0.0017","C"
"4","Trait5","FASTmrMLM","NsiI.TP661125","3","64767791","-3.0747e-06","7e-04","A"
"4","Trait5","FASTmrMLM","PstI.TP964683","3","64769478","-0.0554","0.3942","C"
"4","Trait5","FASTmrMLM","NsiI.TP144113","3","64770922","-2.4745e-05","0.0054","A"
"4","Trait5","FASTmrMLM","PstI.TP642937","3","64771219","3.841e-05","0.0084","A"
"4","Trait5","FASTmrMLM","PstI.TP1048748","3","64771307","0.1104","0.4619","C"
"4","Trait5","FASTmrMLM","NsiI.TP173658","3","64787835","-2.6387e-05","0.0058","C"
"4","Trait5","FASTmrMLM","NsiI.TP173657","3","64787865","-2.9991e-05","0.0066","A"
"4","Trait5","FASTmrMLM","NsiI.TP408092","3","64787906","0.1672","1.2074","G"
"4","Trait5","FASTmrMLM","NsiI.TP579718","3","64789626","-1.4647e-06","3e-04","A"
"4","Trait5","FASTmrMLM","PstI.TP1105407","3","64790706","-5.0577e-06","0.0011","A"
"4","Trait5","FASTmrMLM","PstI.TP1177182","3","64795342","6.6834e-06","0.0015","A"
"4","Trait5","FASTmrMLM","PstI.TP1158338","3","64796586","7.5091e-05","0.0092","A"
"4","Trait5","FASTmrMLM","PstI.TP1162938","3","64796788","-0.0798","0.7706","A"
"4","Trait5","FASTmrMLM","PstI.TP944410","3","64807625","-2.6066e-05","0.0057","C"
"4","Trait5","FASTmrMLM","PstI.TP106875","3","64830008","-8.3313e-07","2e-04","C"
"4","Trait5","FASTmrMLM","NsiI.TP748755","3","64851266","2.3927e-06","5e-04","C"
"4","Trait5","FASTmrMLM","NsiI.TP436975","3","64856441","-4.4205e-06","0.001","A"
"4","Trait5","FASTmrMLM","PstI.TP834705","3","64875013","0.0411","0.4821","C"
"4","Trait5","FASTmrMLM","NsiI.TP439596","3","64875036","-1.6487e-05","0.0036","A"
"4","Trait5","FASTmrMLM","PstI.TP1210787","3","64877108","-0.0593","0.4253","C"
"4","Trait5","FASTmrMLM","PstI.TP102370","3","64877170","0.176","1.7501","G"
"4","Trait5","FASTmrMLM","SSk50ctg79047_102","3","64879201","2.2522e-06","5e-04","T"
"4","Trait5","FASTmrMLM","PstI.TP29922","3","64880194","-1.5589e-05","0.0034","A"
"4","Trait5","FASTmrMLM","NsiI.TP390204","3","64892556","6.5859e-06","0.0014","A"
"4","Trait5","FASTmrMLM","GFSSContig5800_117","3","64906485","-0.0272","0.2612","C"
"4","Trait5","FASTmrMLM","PstI.TP764077","3","64918104","2.1701e-05","0.0048","G"
"4","Trait5","FASTmrMLM","PstI.TP700499","3","64918158","2.5685e-05","0.0056","A"
"4","Trait5","FASTmrMLM","PstI.TP420029","3","64967488","-1.0732e-05","0.0023","A"
"4","Trait5","FASTmrMLM","NsiI.TP732981","3","64967561","0.1704","1.3454","A"
"4","Trait5","FASTmrMLM","PstI.TP521055","3","64969364","-0.0551","0.487","A"
"4","Trait5","FASTmrMLM","PstI.TP548880","3","64984146","1.1979e-05","0.0026","C"
"4","Trait5","FASTmrMLM","PstI.TP720500","3","64984304","2.2173e-05","0.0049","G"
"4","Trait5","FASTmrMLM","PstI.TP1187104","3","64995440","-2e-04","0.0107","G"
"4","Trait5","FASTmrMLM","PstI.TP446300","3","65000613","-1.7841e-05","0.0039","G"
"4","Trait5","FASTmrMLM","PstI.TP811780","3","65003112","-1.6552e-05","0.0036","C"
"4","Trait5","FASTmrMLM","PstI.TP142597","3","65056640","1.172e-05","0.0026","A"
"4","Trait5","FASTmrMLM","NsiI.TP8833","3","65063189","-2.0142e-06","4e-04","A"
"4","Trait5","FASTmrMLM","NsiI.TP217021","3","65072693","-7.1024e-06","0.0015","G"
"4","Trait5","FASTmrMLM","PstI.TP927942","3","65107992","2.297e-05","0.005","A"
"4","Trait5","FASTmrMLM","PstI.TP40890","3","65111259","0.0551","0.3275","A"
"4","Trait5","FASTmrMLM","NsiI.TP425378","3","65120251","0.1899","1.0684","C"
"4","Trait5","FASTmrMLM","NsiI.TP423742","3","65124805","-0.3384","2.3543","A"
"4","Trait5","FASTmrMLM","PstI.TP729855","3","65126133","-0.0462","0.2901","C"
"4","Trait5","FASTmrMLM","PstI.TP622176","3","65129470","3.9511e-06","9e-04","C"
"4","Trait5","FASTmrMLM","PstI.TP275295","3","65129510","-0.0736","0.4774","A"
"4","Trait5","FASTmrMLM","PstI.TP924365","3","65140264","-0.0853","0.5113","C"
"4","Trait5","FASTmrMLM","PstI.TP1129598","3","65151728","8.2104e-06","0.0018","A"
"4","Trait5","FASTmrMLM","PstI.TP1057926","3","65160984","-1.1839e-05","0.0026","C"
"4","Trait5","FASTmrMLM","NsiI.TP61883","3","65198128","-0.0786","0.7804","A"
"4","Trait5","FASTmrMLM","PstI.TP1279695","3","65199639","-0.0314","0.2373","A"
"4","Trait5","FASTmrMLM","NsiI.TP347674","3","65200177","0.0508","0.3175","C"
"4","Trait5","FASTmrMLM","NsiI.TP128459","3","65210815","-8.24e-06","0.0018","A"
"4","Trait5","FASTmrMLM","PstI.TP497176","3","65212174","2.538e-05","0.0056","A"
"4","Trait5","FASTmrMLM","PstI.TP811397","3","65212504","-1.0925e-05","0.0024","A"
"4","Trait5","FASTmrMLM","NsiI.TP499824","3","65221976","-0.0165","0.2094","G"
"4","Trait5","FASTmrMLM","PstI.TP4963","3","65245788","2.9567e-05","0.0065","A"
"4","Trait5","FASTmrMLM","PstI.TP796422","3","65263672","3.9526e-06","9e-04","C"
"4","Trait5","FASTmrMLM","GFSSContig4458_856","3","65265916","-3.6598e-06","8e-04","A"
"4","Trait5","FASTmrMLM","NsiI.TP131203","3","65279015","-0.2508","1.6163","A"
"4","Trait5","FASTmrMLM","PstI.TP1146858","3","65279133","2e-04","0.0129","A"
"4","Trait5","FASTmrMLM","NsiI.TP25665","3","65286239","0.1027","0.6606","C"
"4","Trait5","FASTmrMLM","PstI.TP736293","3","65301908","0.0924","0.6941","A"
"4","Trait5","FASTmrMLM","PstI.TP1217152","3","65310010","0.0586","0.3828","A"
"4","Trait5","FASTmrMLM","PstI.TP36373","3","65310791","-1.0906e-05","0.0024","A"
"4","Trait5","FASTmrMLM","PstI.TP623942","3","65310848","-4.9652e-06","0.0011","C"
"4","Trait5","FASTmrMLM","NsiI.TP634149","3","65311762","-5.1009e-06","0.0011","G"
"4","Trait5","FASTmrMLM","PstI.TP619787","3","65315228","0.1865","1.0717","C"
"4","Trait5","FASTmrMLM","PstI.TP679058","3","65318520","6.2457e-06","0.0014","C"
"4","Trait5","FASTmrMLM","PstI.TP679069","3","65318520","-4.0401e-05","0.0089","C"
"4","Trait5","FASTmrMLM","PstI.TP679099","3","65318520","-0.0073","0.1485","C"
"4","Trait5","FASTmrMLM","PstI.TP679013","3","65318526","-6.5914e-06","0.0014","C"
"4","Trait5","FASTmrMLM","NsiI.TP59803","3","65353258","0.1462","1.2508","A"
"4","Trait5","FASTmrMLM","PstI.TP931133","3","65353554","2.2477e-06","5e-04","A"
"4","Trait5","FASTmrMLM","NsiI.TP490676","3","65358322","0.0563","0.6368","C"
"4","Trait5","FASTmrMLM","PstI.TP743168","3","65407735","-0.1291","1.5018","C"
"4","Trait5","FASTmrMLM","NsiI.TP501941","3","65413138","0.3145","1.1997","C"
"4","Trait5","FASTmrMLM","NsiI.TP281579","3","65419972","-6.4339e-06","0.0014","C"
"4","Trait5","FASTmrMLM","PstI.TP1046523","3","65420012","-0.1902","1.038","C"
"4","Trait5","FASTmrMLM","PstI.TP1181836","3","65443395","2.365e-05","0.0052","A"
"4","Trait5","FASTmrMLM","PstI.TP1184037","3","65443424","-0.2666","1.7965","C"
"4","Trait5","FASTmrMLM","PstI.TP909597","3","65465865","1.2709e-05","0.0028","C"
"4","Trait5","FASTmrMLM","NsiI.TP133942","3","65486201","4.1603e-06","9e-04","C"
"4","Trait5","FASTmrMLM","NsiI.TP754511","3","65486397","-0.0415","0.5273","A"
"4","Trait5","FASTmrMLM","PstI.TP828420","3","65513671","-0.2941","1.6521","A"
"4","Trait5","FASTmrMLM","NsiI.TP595895","3","65547562","2.7837e-06","6e-04","A"
"4","Trait5","FASTmrMLM","PstI.TP873460","3","65589591","2.084e-06","5e-04","C"
"4","Trait5","FASTmrMLM","PstI.TP1074627","3","65592157","-2.0282e-05","0.0044","C"
"4","Trait5","FASTmrMLM","NsiI.TP348040","3","65611667","-0.1175","1.4777","C"
"4","Trait5","FASTmrMLM","NsiI.TP409416","3","65615041","0.0462","0.2451","A"
"4","Trait5","FASTmrMLM","NsiI.TP409418","3","65615069","2.4979e-05","0.0055","A"
"4","Trait5","FASTmrMLM","PstI.TP131097","3","65620414","-4.0249e-05","0.0089","A"
"4","Trait5","FASTmrMLM","PstI.TP56332","3","65620528","-2.4784e-06","5e-04","A"
"4","Trait5","FASTmrMLM","NsiI.TP260534","3","65628707","1.1862e-05","0.0026","A"
"4","Trait5","FASTmrMLM","NsiI.TP682243","3","65632416","-1.977e-05","0.0043","C"
"4","Trait5","FASTmrMLM","PstI.TP226380","3","65660695","-2.0119e-05","0.0044","A"
"4","Trait5","FASTmrMLM","NsiI.TP91174","3","65662130","3e-04","0.0165","A"
"4","Trait5","FASTmrMLM","PstI.TP1128716","3","65668248","8.7133e-06","0.0019","C"
"4","Trait5","FASTmrMLM","PstI.TP673750","3","65713273","-3.2605e-06","7e-04","C"
"4","Trait5","FASTmrMLM","PstI.TP1248832","3","65713285","1.7811e-05","0.0039","C"
"4","Trait5","FASTmrMLM","PstI.TP36798","3","65713716","-3.2598e-06","7e-04","C"
"4","Trait5","FASTmrMLM","PstI.TP172654","3","65720000","0.1366","0.7643","C"
"4","Trait5","FASTmrMLM","PstI.TP65197","3","65732857","0.1253","0.8397","G"
"4","Trait5","FASTmrMLM","PstI.TP827144","3","65732872","-1.0395e-05","0.0023","C"
"4","Trait5","FASTmrMLM","PstI.TP28652","3","65736798","1.0558e-05","0.0023","A"
"4","Trait5","FASTmrMLM","PstI.TP305227","3","65741456","-0.1418","1.0332","A"
"4","Trait5","FASTmrMLM","PstI.TP1212134","3","65768168","1.343e-05","0.0029","A"
"4","Trait5","FASTmrMLM","SSk40ctg268352_219","3","65771848","-5.7593e-06","0.0013","T"
"4","Trait5","FASTmrMLM","PstI.TP1065786","3","65773469","-5.7087e-06","0.0012","C"
"4","Trait5","FASTmrMLM","NsiI.TP190228","3","65789712","-0.1154","0.6025","G"
"4","Trait5","FASTmrMLM","PstI.TP185010","3","65791497","-8.3407e-07","2e-04","C"
"4","Trait5","FASTmrMLM","PstI.TP1166904","3","65807719","1.8694e-05","0.0041","C"
"4","Trait5","FASTmrMLM","PstI.TP179992","3","65808212","-3.0373e-05","0.0067","A"
"4","Trait5","FASTmrMLM","NsiI.TP309040","3","65811802","8.8097e-06","0.0019","C"
"4","Trait5","FASTmrMLM","NsiI.TP295308","3","65816539","2.9391e-05","0.0064","A"
"4","Trait5","FASTmrMLM","NsiI.TP416816","3","65830742","-3.4745e-06","8e-04","C"
"4","Trait5","FASTmrMLM","NsiI.TP432925","3","65857162","-2.509e-05","0.0055","A"
"4","Trait5","FASTmrMLM","PstI.TP1147545","3","65865123","-7.0041e-06","0.0015","C"
"4","Trait5","FASTmrMLM","NsiI.TP603545","3","65866973","-9.1071e-06","0.002","C"
"4","Trait5","FASTmrMLM","PstI.TP39822","3","65876412","2.3752e-05","0.0052","A"
"4","Trait5","FASTmrMLM","PstI.TP1257324","3","65916131","1.2424e-05","0.0027","C"
"4","Trait5","FASTmrMLM","PstI.TP1217118","3","65927162","8.1138e-06","0.0018","C"
"4","Trait5","FASTmrMLM","PstI.TP110007","3","65988708","3.7067e-05","0.0048","A"
"4","Trait5","FASTmrMLM","PstI.TP169344","3","66006889","7.3917e-06","0.0016","A"
"4","Trait5","FASTmrMLM","NsiI.TP244814","3","66011512","1.7957e-05","0.0039","C"
"4","Trait5","FASTmrMLM","PstI.TP123984","3","66020334","1.4729e-05","0.0032","C"
"4","Trait5","FASTmrMLM","NsiI.TP756465","3","66022257","-0.0168","0.1706","A"
"4","Trait5","FASTmrMLM","PstI.TP256359","3","66030994","-5.3021e-06","0.0012","A"
"4","Trait5","FASTmrMLM","PstI.TP1067985","3","66032016","-0.0542","0.2817","C"
"4","Trait5","FASTmrMLM","PstI.TP1187375","3","66032128","2.4875e-06","5e-04","C"
"4","Trait5","FASTmrMLM","NsiI.TP632148","3","66037707","3.7588e-05","0.0083","A"
"4","Trait5","FASTmrMLM","PstI.TP52761","3","66042781","0.0293","0.1968","A"
"4","Trait5","FASTmrMLM","PstI.TP1283404","3","66044380","-1.3361e-05","0.0029","C"
"4","Trait5","FASTmrMLM","PstI.TP222395","3","66046453","-0.028","0.3216","C"
"4","Trait5","FASTmrMLM","PstI.TP876849","3","66050191","0.0653","0.4834","C"
"4","Trait5","FASTmrMLM","PstI.TP1004443","3","66051537","-9.1881e-06","0.002","G"
"4","Trait5","FASTmrMLM","PstI.TP904259","3","66075604","-0.0971","0.6241","A"
"4","Trait5","FASTmrMLM","NsiI.TP574459","3","66082861","-0.076","0.5977","C"
"4","Trait5","FASTmrMLM","PstI.TP745674","3","66083753","-0.1459","0.9671","G"
"4","Trait5","FASTmrMLM","NsiI.TP628317","3","66097269","-9.5969e-06","0.0021","G"
"4","Trait5","FASTmrMLM","PstI.TP523998","3","66128752","5.8151e-06","0.0013","A"
"4","Trait5","FASTmrMLM","PstI.TP909203","3","66137147","-3.3222e-05","0.0073","A"
"4","Trait5","FASTmrMLM","NsiI.TP583428","3","66145490","1.4658e-05","0.0032","A"
"4","Trait5","FASTmrMLM","NsiI.TP664567","3","66146735","0.2248","0.7348","A"
"4","Trait5","FASTmrMLM","NsiI.TP521201","3","66148962","-0.2102","1.0348","C"
"4","Trait5","FASTmrMLM","PstI.TP709334","3","66159458","0.0461","0.3988","A"
"4","Trait5","FASTmrMLM","PstI.TP918301","3","66190813","-0.0193","0.2487","C"
"4","Trait5","FASTmrMLM","NsiI.TP4703","3","66190950","3.0721e-05","0.0067","A"
"4","Trait5","FASTmrMLM","PstI.TP1005755","3","66200815","0.1423","0.7144","A"
"4","Trait5","FASTmrMLM","PstI.TP1178407","3","66215279","1.8488e-05","0.004","C"
"4","Trait5","FASTmrMLM","NsiI.TP540514","3","66219776","2.9945e-06","7e-04","C"
"4","Trait5","FASTmrMLM","PstI.TP937085","3","66223721","3.5068e-05","0.0077","C"
"4","Trait5","FASTmrMLM","NsiI.TP254345","3","66226814","-9.5516e-06","0.0021","A"
"4","Trait5","FASTmrMLM","PstI.TP647496","3","66241419","0.2801","1.0321","C"
"4","Trait5","FASTmrMLM","PstI.TP1214174","3","66252363","3.1614e-05","0.0069","A"
"4","Trait5","FASTmrMLM","PstI.TP166965","3","66268685","-7.2297e-06","0.0016","A"
"4","Trait5","FASTmrMLM","PstI.TP167312","3","66268712","-1.5282e-05","0.0033","A"
"4","Trait5","FASTmrMLM","PstI.TP976503","3","66284631","0.0688","0.5286","G"
"4","Trait5","FASTmrMLM","PstI.TP540206","3","66293725","-0.0226","0.1548","C"
"4","Trait5","FASTmrMLM","NsiI.TP196578","3","66299465","-1.4508e-05","0.0032","A"
"4","Trait5","FASTmrMLM","PstI.TP285269","3","66299606","-0.1469","0.5733","A"
"4","Trait5","FASTmrMLM","PstI.TP852474","3","66325325","2.8218e-06","6e-04","A"
"4","Trait5","FASTmrMLM","NsiI.TP10802","3","66346443","-8.8104e-06","0.0019","A"
"4","Trait5","FASTmrMLM","PstI.TP997591","3","66347444","-3.8948e-06","8e-04","A"
"4","Trait5","FASTmrMLM","PstI.TP469669","3","66350305","-1.5752e-05","0.0034","C"
"4","Trait5","FASTmrMLM","NsiI.TP543749","3","66362318","8.018e-06","0.0017","C"
"4","Trait5","FASTmrMLM","NsiI.TP414206","3","66369863","-0.0691","0.3374","C"
"4","Trait5","FASTmrMLM","PstI.TP1101578","3","66383201","0.0755","0.3898","A"
"4","Trait5","FASTmrMLM","PstI.TP934426","3","66383455","-1.1449e-05","0.0025","C"
"4","Trait5","FASTmrMLM","NsiI.TP305392","3","66385587","-3.5958e-05","0.0079","A"
"4","Trait5","FASTmrMLM","PstI.TP730549","3","66385660","1.037e-05","0.0023","A"
"4","Trait5","FASTmrMLM","PstI.TP1284288","3","66387283","-4.8364e-06","0.0011","A"
"4","Trait5","FASTmrMLM","PstI.TP7858","3","66409995","1.8029e-05","0.0039","A"
"4","Trait5","FASTmrMLM","NsiI.TP133996","3","66414706","2.7388e-06","6e-04","A"
"4","Trait5","FASTmrMLM","PstI.TP794667","3","66423576","2.089e-05","0.0046","A"
"4","Trait5","FASTmrMLM","PstI.TP8762","3","66427331","8.0933e-06","0.0018","C"
"4","Trait5","FASTmrMLM","PstI.TP402655","3","66433579","-1.5712e-06","3e-04","C"
"4","Trait5","FASTmrMLM","NsiI.TP231887","3","66434838","-0.0769","0.4832","C"
"4","Trait5","FASTmrMLM","PstI.TP1094666","3","66462116","-0.07","0.4577","A"
"4","Trait5","FASTmrMLM","NsiI.TP487732","3","66464681","-0.0715","0.4001","C"
"4","Trait5","FASTmrMLM","NsiI.TP45922","3","66483370","0.0405","0.4733","G"
"4","Trait5","FASTmrMLM","PstI.TP24527","3","66501042","0.0168","0.154","A"
"4","Trait5","FASTmrMLM","PstI.TP703640","3","66502775","-0.0286","0.1723","A"
"4","Trait5","FASTmrMLM","NsiI.TP533591","3","66506853","0.1111","0.5368","G"
"4","Trait5","FASTmrMLM","PstI.TP582861","3","66513476","4.8629e-06","0.0011","A"
"4","Trait5","FASTmrMLM","PstI.TP229389","3","66525430","-0.0067","0.1457","C"
"4","Trait5","FASTmrMLM","PstI.TP858716","3","66525528","6.8026e-07","1e-04","A"
"4","Trait5","FASTmrMLM","PstI.TP218450","3","66526192","-0.1856","1.0565","A"
"4","Trait5","FASTmrMLM","PstI.TP44472","3","66531786","1.8145e-05","0.004","C"
"4","Trait5","FASTmrMLM","PstI.TP549811","3","66531825","2.7072e-05","0.0059","C"
"4","Trait5","FASTmrMLM","PstI.TP960487","3","66532357","-1.1248e-05","0.0025","A"
"4","Trait5","FASTmrMLM","PstI.TP694382","3","66532430","5.5221e-06","0.0012","A"
"4","Trait5","FASTmrMLM","NsiI.TP119499","3","66557695","-1.5678e-05","0.0034","A"
"4","Trait5","FASTmrMLM","PstI.TP1043570","3","66559337","-1.5781e-05","0.0034","C"
"4","Trait5","FASTmrMLM","PstI.TP359762","3","66562641","1.2108e-05","0.0026","A"
"4","Trait5","FASTmrMLM","NsiI.TP640901","3","66566153","-1.4504e-05","0.0032","C"
"4","Trait5","FASTmrMLM","PstI.TP207141","3","66578246","0.2226","0.7204","A"
"4","Trait5","FASTmrMLM","PstI.TP640318","3","66580470","0.0194","0.124","C"
"4","Trait5","FASTmrMLM","PstI.TP91433","3","66583782","-1.0664e-05","0.0023","A"
"4","Trait5","FASTmrMLM","PstI.TP640904","3","66602989","-5.9458e-06","0.0013","A"
"4","Trait5","FASTmrMLM","PstI.TP1169461","3","66602998","0.072","0.3872","A"
"4","Trait5","FASTmrMLM","NsiI.TP744870","3","66626788","0.1412","0.6136","C"
"4","Trait5","FASTmrMLM","NsiI.TP104261","3","66627085","-9.2249e-05","0.008","A"
"4","Trait5","FASTmrMLM","PstI.TP214386","3","66629978","-3.3161e-06","7e-04","A"
"4","Trait5","FASTmrMLM","NsiI.TP682859","3","66632883","0.0782","0.7887","C"
"4","Trait5","FASTmrMLM","PstI.TP875370","3","66640627","1.1669e-05","0.0025","C"
"4","Trait5","FASTmrMLM","PstI.TP662488","3","66648878","-1.3101e-05","0.0029","G"
"4","Trait5","FASTmrMLM","PstI.TP766097","3","66653828","-1.9147e-05","0.0042","A"
"4","Trait5","FASTmrMLM","PstI.TP972363","3","66704307","-1.6826e-06","4e-04","C"
"4","Trait5","FASTmrMLM","PstI.TP819018","3","66708924","0.1643","0.648","A"
"4","Trait5","FASTmrMLM","PstI.TP932815","3","66708998","-9.072e-07","2e-04","A"
"4","Trait5","FASTmrMLM","PstI.TP940999","3","66708999","0.1198","0.8247","G"
"4","Trait5","FASTmrMLM","NsiI.TP826645","3","66710702","1.3403e-05","0.0029","C"
"4","Trait5","FASTmrMLM","PstI.TP538549","3","66711537","-0.0251","0.2231","A"
"4","Trait5","FASTmrMLM","PstI.TP391374","3","66712259","-2.8892e-06","6e-04","C"
"4","Trait5","FASTmrMLM","PstI.TP854235","3","66715588","-1.3023e-05","0.0028","A"
"4","Trait5","FASTmrMLM","NsiI.TP363461","3","66747247","2.5018e-05","0.0055","C"
"4","Trait5","FASTmrMLM","NsiI.TP331333","3","66751080","1.9134e-05","0.0042","A"
"4","Trait5","FASTmrMLM","PstI.TP1292760","3","66753576","0.0748","0.7636","A"
"4","Trait5","FASTmrMLM","PstI.TP60621","3","66769645","4.1767e-06","9e-04","C"
"4","Trait5","FASTmrMLM","PstI.TP192416","3","66769941","-0.0355","0.4087","C"
"4","Trait5","FASTmrMLM","PstI.TP217593","3","66787516","-2.3624e-05","0.0052","C"
"4","Trait5","FASTmrMLM","PstI.TP760678","3","66797316","-2.5086e-05","0.0055","G"
"4","Trait5","FASTmrMLM","PstI.TP738731","3","66801099","4.3204e-06","9e-04","A"
"4","Trait5","FASTmrMLM","NsiI.TP425346","3","66801989","0.0801","0.799","C"
"4","Trait5","FASTmrMLM","NsiI.TP407822","3","66802785","1.5565e-05","0.0034","C"
"4","Trait5","FASTmrMLM","PstI.TP60635","3","66807545","0.1118","0.4199","A"
"4","Trait5","FASTmrMLM","PstI.TP1078343","3","66828688","-9.9306e-06","0.0022","C"
"4","Trait5","FASTmrMLM","PstI.TP865412","3","66830234","9.7692e-06","0.0021","C"
"4","Trait5","FASTmrMLM","PstI.TP858082","3","66830693","0.0479","0.5494","A"
"4","Trait5","FASTmrMLM","PstI.TP180013","3","66851078","-0.096","0.459","A"
"4","Trait5","FASTmrMLM","PstI.TP1042880","3","66870288","6.5761e-06","0.0014","C"
"4","Trait5","FASTmrMLM","PstI.TP229000","3","66886730","-8.9854e-06","0.002","C"
"4","Trait5","FASTmrMLM","PstI.TP807474","3","66888453","-2.1131e-05","0.0046","G"
"4","Trait5","FASTmrMLM","PstI.TP1005244","3","66903579","1.9875e-05","0.0043","A"
"4","Trait5","FASTmrMLM","NsiI.TP433024","3","66912165","-1.6845e-05","0.0037","C"
"4","Trait5","FASTmrMLM","NsiI.TP580166","3","66912231","0.0656","0.3542","C"
"4","Trait5","FASTmrMLM","NsiI.TP302732","3","66913444","8.482e-07","2e-04","A"
"4","Trait5","FASTmrMLM","PstI.TP802166","3","66915037","0.0248","0.1884","C"
"4","Trait5","FASTmrMLM","PstI.TP724939","3","66915295","6.4889e-06","0.0014","A"
"4","Trait5","FASTmrMLM","NsiI.TP635611","3","66931431","1.4527e-06","3e-04","G"
"4","Trait5","FASTmrMLM","NsiI.TP549966","3","66950266","4.7107e-06","0.001","A"
"4","Trait5","FASTmrMLM","NsiI.TP757233","3","66951090","-3.2717e-05","0.0072","A"
"4","Trait5","FASTmrMLM","PstI.TP111352","3","66952529","-5.1147e-06","0.0011","C"
"4","Trait5","FASTmrMLM","PstI.TP867194","3","66952812","-0.1613","0.7725","A"
"4","Trait5","FASTmrMLM","PstI.TP545135","3","66972327","-1.683e-05","0.0037","C"
"4","Trait5","FASTmrMLM","PstI.TP10544","3","66976956","0.0432","0.2644","A"
"4","Trait5","FASTmrMLM","PstI.TP172727","3","66983928","-0.2415","1.9683","A"
"4","Trait5","FASTmrMLM","PstI.TP172726","3","66983971","0.2381","0.932","A"
"4","Trait5","FASTmrMLM","PstI.TP1150886","3","66988881","6.6341e-06","0.0014","C"
"4","Trait5","FASTmrMLM","PstI.TP87374","3","67022428","-8.7058e-06","0.0019","A"
"4","Trait5","FASTmrMLM","PstI.TP1010078","3","67023433","7.7909e-06","0.0017","C"
"4","Trait5","FASTmrMLM","PstI.TP318338","3","67023794","-1e-04","0.0114","A"
"4","Trait5","FASTmrMLM","PstI.TP337669","3","67023795","-0.0702","0.6006","C"
"4","Trait5","FASTmrMLM","NsiI.TP326087","3","67026734","2.6157e-06","6e-04","C"
"4","Trait5","FASTmrMLM","GFSSContig19880_1376","3","67026955","8.5507e-06","0.0019","T"
"4","Trait5","FASTmrMLM","PstI.TP30572","3","67038111","3.1151e-05","0.0068","A"
"4","Trait5","FASTmrMLM","NsiI.TP736788","3","67044233","3.8293e-05","0.0084","C"
"4","Trait5","FASTmrMLM","NsiI.TP674265","3","67081454","0.0527","0.511","C"
"4","Trait5","FASTmrMLM","PstI.TP780708","3","67081545","-0.1038","0.6578","C"
"4","Trait5","FASTmrMLM","PstI.TP414211","3","67091316","-0.4064","1.2626","C"
"4","Trait5","FASTmrMLM","PstI.TP916482","3","67091321","2.3453e-05","0.0051","A"
"4","Trait5","FASTmrMLM","NsiI.TP580439","3","67091331","0.0645","0.3837","A"
"4","Trait5","FASTmrMLM","PstI.TP613663","3","67097151","-0.0731","0.4021","A"
"4","Trait5","FASTmrMLM","NsiI.TP152019","3","67104142","2.351e-05","0.0051","G"
"4","Trait5","FASTmrMLM","NsiI.TP218990","3","67119017","0.168","0.9697","C"
"4","Trait5","FASTmrMLM","PstI.TP917557","3","67125399","-0.1202","0.5228","A"
"4","Trait5","FASTmrMLM","PstI.TP1087928","3","67150662","4.3839e-05","0.0096","A"
"4","Trait5","FASTmrMLM","PstI.TP454901","3","67156381","-9.1591e-06","0.002","G"
"4","Trait5","FASTmrMLM","NsiI.TP285119","3","67157192","-2.3244e-05","0.0051","A"
"4","Trait5","FASTmrMLM","NsiI.TP362322","3","67167078","-3.8798e-05","0.0085","A"
"4","Trait5","FASTmrMLM","NsiI.TP823996","3","67170267","4.3034e-06","9e-04","A"
"4","Trait5","FASTmrMLM","NsiI.TP823997","3","67170291","-2.2161e-05","0.0049","A"
"4","Trait5","FASTmrMLM","NsiI.TP407460","3","67171779","-2.1203e-05","0.0046","C"
"4","Trait5","FASTmrMLM","PstI.TP937129","3","67175086","-1.2497e-05","0.0027","C"
"4","Trait5","FASTmrMLM","NsiI.TP442985","3","67177180","-0.0332","0.25","A"
"4","Trait5","FASTmrMLM","PstI.TP911288","3","67183998","-2.159e-05","0.0047","C"
"4","Trait5","FASTmrMLM","PstI.TP287525","3","67205597","-1.0128e-05","0.0022","A"
"4","Trait5","FASTmrMLM","PstI.TP1013361","3","67211115","-3.1807e-06","7e-04","C"
"4","Trait5","FASTmrMLM","NsiI.TP19729","3","67222888","-1.7369e-05","0.0038","C"
"4","Trait5","FASTmrMLM","NsiI.TP506238","3","67233052","-5.8266e-05","0.0076","C"
"4","Trait5","FASTmrMLM","NsiI.TP387878","3","67238400","1.1443e-05","0.0025","A"
"4","Trait5","FASTmrMLM","PstI.TP668543","3","67241317","2.245e-06","5e-04","A"
"4","Trait5","FASTmrMLM","PstI.TP166044","3","67244466","-2.0842e-05","0.0046","A"
"4","Trait5","FASTmrMLM","PstI.TP86476","3","67246221","-3.4262e-06","7e-04","G"
"4","Trait5","FASTmrMLM","NsiI.TP224257","3","67274437","5.3924e-06","0.0012","C"
"4","Trait5","FASTmrMLM","NsiI.TP400051","3","67274500","4.3205e-07","9.403e-05","A"
"4","Trait5","FASTmrMLM","PstI.TP895984","3","67274572","-2.2546e-05","0.0049","G"
"4","Trait5","FASTmrMLM","PstI.TP896023","3","67274572","8.0632e-06","0.0018","G"
"4","Trait5","FASTmrMLM","PstI.TP896072","3","67274572","-3.699e-05","0.0081","G"
"4","Trait5","FASTmrMLM","PstI.TP896116","3","67274572","0.0355","0.437","G"
"4","Trait5","FASTmrMLM","PstI.TP2261","3","67281275","6.5585e-06","0.0014","C"
"4","Trait5","FASTmrMLM","NsiI.TP499362","3","67293391","7.6491e-06","0.0017","C"
"4","Trait5","FASTmrMLM","PstI.TP457731","3","67295008","0.0569","0.6601","A"
"4","Trait5","FASTmrMLM","NsiI.TP504298","3","67318022","-4.7131e-06","0.001","G"
"4","Trait5","FASTmrMLM","PstI.TP790794","3","67323189","-1.2848e-05","0.0028","C"
"4","Trait5","FASTmrMLM","NsiI.TP343137","3","67329902","-0.1543","1.6232","C"
"4","Trait5","FASTmrMLM","PstI.TP43384","3","67394818","-2.4319e-05","0.0053","A"
"4","Trait5","FASTmrMLM","NsiI.TP564007","3","67397849","3.8944e-07","8.4767e-05","C"
"4","Trait5","FASTmrMLM","NsiI.TP635478","3","67401484","2.5054e-05","0.0055","A"
"4","Trait5","FASTmrMLM","PstI.TP724829","3","67406291","-1.1512e-05","0.0025","C"
"4","Trait5","FASTmrMLM","PstI.TP168043","3","67447162","2.9287e-07","6.3745e-05","C"
"4","Trait5","FASTmrMLM","NsiI.TP443169","3","67453878","-0.021","0.1502","G"
"4","Trait5","FASTmrMLM","NsiI.TP555329","3","67453921","-6.8646e-06","0.0015","C"
"4","Trait5","FASTmrMLM","NsiI.TP609387","3","67454919","-1.5576e-05","0.0034","A"
"4","Trait5","FASTmrMLM","NsiI.TP218743","3","67464206","0.0843","0.4987","A"
"4","Trait5","FASTmrMLM","PstI.TP179234","3","67479874","-0.0384","0.3927","C"
"4","Trait5","FASTmrMLM","NsiI.TP279817","3","67480573","-5.0628e-06","0.0011","C"
"4","Trait5","FASTmrMLM","PstI.TP362641","3","67491541","-7.5788e-06","0.0017","C"
"4","Trait5","FASTmrMLM","PstI.TP163155","3","67491624","5.7247e-06","0.0012","A"
"4","Trait5","FASTmrMLM","PstI.TP696676","3","67503814","-6.4289e-06","0.0014","A"
"4","Trait5","FASTmrMLM","PstI.TP770204","3","67523376","0.0524","0.3993","A"
"4","Trait5","FASTmrMLM","NsiI.TP340538","3","67539099","-9.1105e-07","2e-04","A"
"4","Trait5","FASTmrMLM","NsiI.TP931","3","67539143","0.0756","0.3454","A"
"4","Trait5","FASTmrMLM","PstI.TP671156","3","67539818","5.8664e-06","0.0013","A"
"4","Trait5","FASTmrMLM","PstI.TP671157","3","67539833","-1.0548e-05","0.0023","C"
"4","Trait5","FASTmrMLM","PstI.TP446036","3","67572231","3e-04","0.0146","C"
"4","Trait5","FASTmrMLM","PstI.TP273897","3","67574112","-0.0283","0.2302","A"
"4","Trait5","FASTmrMLM","NsiI.TP59062","3","67575213","0.0698","0.3465","C"
"4","Trait5","FASTmrMLM","GFSSContig19818_1869","3","67580884","-9.7071e-05","0.0094","A"
"4","Trait5","FASTmrMLM","NsiI.TP112410","3","67596486","-2.1578e-07","4.6959e-05","A"
"4","Trait5","FASTmrMLM","PstI.TP482697","3","67603937","1.7509e-05","0.0038","C"
"4","Trait5","FASTmrMLM","PstI.TP1013565","3","67604431","0.3645","1.872","A"
"4","Trait5","FASTmrMLM","NsiI.TP353286","3","67614065","0.0327","0.4215","A"
"4","Trait5","FASTmrMLM","NsiI.TP593280","3","67614075","-2.052e-06","4e-04","C"
"4","Trait5","FASTmrMLM","NsiI.TP593504","3","67614104","-8.8124e-06","0.0019","C"
"4","Trait5","FASTmrMLM","GFSSContig20515_639","3","67627021","1.5485e-05","0.0034","T"
"4","Trait5","FASTmrMLM","NsiI.TP690648","3","67647392","-0.0916","0.5612","G"
"4","Trait5","FASTmrMLM","PstI.TP688720","3","67647819","-4.5784e-06","0.001","A"
"4","Trait5","FASTmrMLM","NsiI.TP411165","3","67648694","-2.4183e-05","0.0053","C"
"4","Trait5","FASTmrMLM","GFk50ctg127857_253","3","67664843","-2.557e-06","6e-04","A"
"4","Trait5","FASTmrMLM","PstI.TP982401","3","67694659","-6.8384e-06","0.0015","C"
"4","Trait5","FASTmrMLM","NsiI.TP813774","3","67697426","5.4574e-06","0.0012","C"
"4","Trait5","FASTmrMLM","PstI.TP195741","3","67699319","-1.7309e-06","4e-04","A"
"4","Trait5","FASTmrMLM","PstI.TP1100831","3","67702485","-2.326e-05","0.0051","C"
"4","Trait5","FASTmrMLM","PstI.TP264484","3","67703017","2e-04","0.0109","A"
"4","Trait5","FASTmrMLM","NsiI.TP351438","3","67707328","0.1253","0.9304","A"
"4","Trait5","FASTmrMLM","NsiI.TP525457","3","67707475","7.2147e-06","0.0016","A"
"4","Trait5","FASTmrMLM","PstI.TP205616","3","67708245","-0.2033","1.3414","C"
"4","Trait5","FASTmrMLM","NsiI.TP758672","3","67708258","0.3788","1.8372","A"
"4","Trait5","FASTmrMLM","NsiI.TP429077","3","67755561","-2.4849e-05","0.0054","C"
"4","Trait5","FASTmrMLM","NsiI.TP614331","3","67760145","9.8618e-06","0.0022","A"
"4","Trait5","FASTmrMLM","PstI.TP360305","3","67764027","1.0772e-05","0.0024","A"
"4","Trait5","FASTmrMLM","PstI.TP759811","3","67775848","-1.0006e-05","0.0022","A"
"4","Trait5","FASTmrMLM","NsiI.TP469622","3","67782273","-7.7127e-06","0.0017","A"
"4","Trait5","FASTmrMLM","PstI.TP664936","3","67782484","-1.0492e-05","0.0023","A"
"4","Trait5","FASTmrMLM","NsiI.TP555948","3","67784264","1.325e-05","0.0029","C"
"4","Trait5","FASTmrMLM","NsiI.TP389990","3","67784770","-1.5472e-05","0.0034","C"
"4","Trait5","FASTmrMLM","NsiI.TP236660","3","67796543","1.6679e-05","0.0036","A"
"4","Trait5","FASTmrMLM","PstI.TP21445","3","67799827","1.6708e-05","0.0037","C"
"4","Trait5","FASTmrMLM","PstI.TP706730","3","67810301","9.4549e-06","0.0021","C"
"4","Trait5","FASTmrMLM","PstI.TP963405","3","67810374","-3.9473e-06","9e-04","A"
"4","Trait5","FASTmrMLM","PstI.TP157314","3","67817635","-0.0439","0.3028","C"
"4","Trait5","FASTmrMLM","NsiI.TP274880","3","67830852","-6.5223e-06","0.0014","A"
"4","Trait5","FASTmrMLM","NsiI.TP274984","3","67830863","4.4738e-06","0.001","C"
"4","Trait5","FASTmrMLM","PstI.TP102225","3","67856941","1.8677e-05","0.0041","C"
"4","Trait5","FASTmrMLM","PstI.TP1160385","3","67858212","-0.0258","0.2922","C"
"4","Trait5","FASTmrMLM","PstI.TP4521","3","67858261","0.1818","0.8609","C"
"4","Trait5","FASTmrMLM","PstI.TP1144840","3","67858951","2.3365e-05","0.0051","C"
"4","Trait5","FASTmrMLM","NsiI.TP476728","3","67867988","0.043","0.5323","C"
"4","Trait5","FASTmrMLM","NsiI.TP55883","3","67872124","0.0316","0.426","G"
"4","Trait5","FASTmrMLM","PstI.TP955356","3","67880743","-0.1177","1.1433","A"
"4","Trait5","FASTmrMLM","PstI.TP198015","3","67910785","-4e-04","0.0188","C"
"4","Trait5","FASTmrMLM","NsiI.TP583456","3","67916854","5.7952e-06","0.0013","C"
"4","Trait5","FASTmrMLM","PstI.TP336333","3","67925080","-0.0492","0.603","C"
"4","Trait5","FASTmrMLM","PstI.TP507793","3","67925892","-4.2371e-06","9e-04","C"
"4","Trait5","FASTmrMLM","NsiI.TP586720","3","67938130","-7.3418e-05","0.0092","C"
"4","Trait5","FASTmrMLM","NsiI.TP257803","3","67938171","3.4401e-05","0.0076","C"
"4","Trait5","FASTmrMLM","NsiI.TP730312","3","67952404","-0.023","0.3138","G"
"4","Trait5","FASTmrMLM","PstI.TP90901","3","67958171","-1.7648e-05","0.0039","A"
"4","Trait5","FASTmrMLM","PstI.TP43035","3","67960309","1.8831e-05","0.0041","A"
"4","Trait5","FASTmrMLM","NsiI.TP43111","3","67974359","1.1088e-05","0.0024","C"
"4","Trait5","FASTmrMLM","PstI.TP787938","3","67980122","-6.3971e-06","0.0014","C"
"4","Trait5","FASTmrMLM","PstI.TP968728","3","67983257","-9.2736e-06","0.002","C"
"4","Trait5","FASTmrMLM","NsiI.TP354761","3","67983543","3.5525e-06","8e-04","A"
"4","Trait5","FASTmrMLM","NsiI.TP296055","3","67991110","-2.056e-05","0.0045","A"
"4","Trait5","FASTmrMLM","PstI.TP413531","3","67991446","-0.0801","0.5893","C"
"4","Trait5","FASTmrMLM","PstI.TP282617","3","67991463","-1.1913e-06","3e-04","A"
"4","Trait5","FASTmrMLM","PstI.TP777298","3","67992982","1.1087e-05","0.0024","A"
"4","Trait5","FASTmrMLM","NsiI.TP10984","3","68015568","0.0293","0.2803","A"
"4","Trait5","FASTmrMLM","PstI.TP1181392","3","68016268","0.171","0.5055","A"
"4","Trait5","FASTmrMLM","PstI.TP629786","3","68029217","3.5656e-06","8e-04","C"
"4","Trait5","FASTmrMLM","PstI.TP1009541","3","68035202","-0.0381","0.2005","A"
"4","Trait5","FASTmrMLM","PstI.TP805312","3","68035215","1.465e-05","0.0032","A"
"4","Trait5","FASTmrMLM","PstI.TP332845","3","68039381","7.0406e-06","0.0015","C"
"4","Trait5","FASTmrMLM","PstI.TP975012","3","68051383","0.0648","0.5153","C"
"4","Trait5","FASTmrMLM","NsiI.TP57103","3","68055813","-0.096","0.4995","G"
"4","Trait5","FASTmrMLM","PstI.TP68926","3","68057123","6.8678e-06","0.0015","C"
"4","Trait5","FASTmrMLM","NsiI.TP601366","3","68057917","9.6041e-06","0.0021","C"
"4","Trait5","FASTmrMLM","PstI.TP1025557","3","68089507","1.1944e-05","0.0026","A"
"4","Trait5","FASTmrMLM","PstI.TP673057","3","68094426","-1.5477e-06","3e-04","A"
"4","Trait5","FASTmrMLM","NsiI.TP805840","3","68107951","-2.0684e-06","5e-04","C"
"4","Trait5","FASTmrMLM","NsiI.TP45610","3","68108015","-7.3672e-06","0.0016","A"
"4","Trait5","FASTmrMLM","PstI.TP354937","3","68110161","1.6282e-05","0.0036","G"
"4","Trait5","FASTmrMLM","NsiI.TP292961","3","68110996","-5.3028e-06","0.0012","C"
"4","Trait5","FASTmrMLM","NsiI.TP370880","3","68111215","-0.0051","0.1164","A"
"4","Trait5","FASTmrMLM","NsiI.TP33360","3","68111513","-0.1191","0.7742","A"
"4","Trait5","FASTmrMLM","PstI.TP703729","3","68112941","-0.0599","0.4617","A"
"4","Trait5","FASTmrMLM","PstI.TP1075360","3","68128945","5.9799e-06","0.0013","C"
"4","Trait5","FASTmrMLM","PstI.TP769101","3","68129008","-3.8288e-06","8e-04","C"
"4","Trait5","FASTmrMLM","NsiI.TP756994","3","68130123","-1.042e-05","0.0023","C"
"4","Trait5","FASTmrMLM","PstI.TP1066499","3","68152569","1.5906e-05","0.0035","A"
"4","Trait5","FASTmrMLM","PstI.TP536900","3","68152590","0.0609","0.3411","C"
"4","Trait5","FASTmrMLM","PstI.TP528865","3","68152597","0.0697","0.8373","C"
"4","Trait5","FASTmrMLM","NsiI.TP252466","3","68154380","8.3608e-06","0.0018","A"
"4","Trait5","FASTmrMLM","NsiI.TP592926","3","68161285","-8.2182e-06","0.0018","A"
"4","Trait5","FASTmrMLM","NsiI.TP798004","3","68163863","0.152","1.1993","A"
"4","Trait5","FASTmrMLM","PstI.TP112564","3","68180539","-3.4191e-05","0.0075","C"
"4","Trait5","FASTmrMLM","PstI.TP377456","3","68183917","-2.4178e-05","0.0053","C"
"4","Trait5","FASTmrMLM","NsiI.TP589436","3","68184564","-0.1081","1.0532","A"
"4","Trait5","FASTmrMLM","PstI.TP761879","3","68191140","1.9376e-05","0.0042","C"
"4","Trait5","FASTmrMLM","PstI.TP991644","3","68199059","6.2145e-07","1e-04","A"
"4","Trait5","FASTmrMLM","NsiI.TP441596","3","68205955","1.7549e-05","0.0038","C"
"4","Trait5","FASTmrMLM","NsiI.TP666262","3","68207345","-7.8249e-06","0.0017","C"
"4","Trait5","FASTmrMLM","PstI.TP1103696","3","68213353","-1.6148e-05","0.0035","C"
"4","Trait5","FASTmrMLM","PstI.TP651788","3","68226452","6.879e-06","0.0015","A"
"4","Trait5","FASTmrMLM","NsiI.TP780516","3","68227956","-3.1889e-06","7e-04","A"
"4","Trait5","FASTmrMLM","PstI.TP600362","3","68229964","0.0193","0.2423","A"
"4","Trait5","FASTmrMLM","NsiI.TP149023","3","68238709","-3.9906e-06","9e-04","C"
"4","Trait5","FASTmrMLM","PstI.TP1014067","3","68239896","0.153","0.6599","C"
"4","Trait5","FASTmrMLM","PstI.TP641439","3","68242861","7.04e-06","0.0015","A"
"4","Trait5","FASTmrMLM","PstI.TP1060625","3","68250621","-3.0857e-05","0.0068","A"
"4","Trait5","FASTmrMLM","PstI.TP922261","3","68252406","0.2091","1.7406","A"
"4","Trait5","FASTmrMLM","PstI.TP10645","3","68256494","8.2488e-06","0.0018","G"
"4","Trait5","FASTmrMLM","PstI.TP372062","3","68259445","2.9604e-05","0.0065","A"
"4","Trait5","FASTmrMLM","PstI.TP410505","3","68268137","-8.7968e-06","0.0019","C"
"4","Trait5","FASTmrMLM","PstI.TP235450","3","68272072","0.1278","1.3306","C"
"4","Trait5","FASTmrMLM","PstI.TP618913","3","68276528","-0.0343","0.2962","G"
"4","Trait5","FASTmrMLM","NsiI.TP413522","3","68348495","-1.9075e-05","0.0042","A"
"4","Trait5","FASTmrMLM","PstI.TP528513","3","68348954","0.1006","0.8174","C"
"4","Trait5","FASTmrMLM","PstI.TP528515","3","68348992","-6.0672e-06","0.0013","C"
"4","Trait5","FASTmrMLM","NsiI.TP39861","3","68368696","-6.0446e-06","0.0013","A"
"4","Trait5","FASTmrMLM","PstI.TP807352","3","68371565","0.1242","0.552","A"
"4","Trait5","FASTmrMLM","PstI.TP39682","3","68375421","-1.2696e-05","0.0028","A"
"4","Trait5","FASTmrMLM","PstI.TP176839","3","68380476","-5.8839e-06","0.0013","G"
"4","Trait5","FASTmrMLM","PstI.TP642813","3","68381004","-1.1252e-05","0.0025","C"
"4","Trait5","FASTmrMLM","PstI.TP580065","3","68386473","1.38e-05","0.003","C"
"4","Trait5","FASTmrMLM","NsiI.TP36102","3","68390413","-3.5947e-05","0.0079","A"
"4","Trait5","FASTmrMLM","PstI.TP26384","3","68403932","0.0538","0.4657","G"
"4","Trait5","FASTmrMLM","NsiI.TP623573","3","68430946","1.7066e-05","0.0037","A"
"4","Trait5","FASTmrMLM","PstI.TP233495","3","68462863","0.0703","0.9552","C"
"4","Trait5","FASTmrMLM","PstI.TP87057","3","68497158","1.2345e-06","3e-04","A"
"4","Trait5","FASTmrMLM","NsiI.TP596594","3","68502450","-9.1427e-06","0.002","C"
"4","Trait5","FASTmrMLM","PstI.TP167782","3","68567976","0.253","1.5462","A"
"4","Trait5","FASTmrMLM","NsiI.TP706614","3","68575235","-0.0245","0.3052","A"
"4","Trait5","FASTmrMLM","NsiI.TP175548","3","68629810","1.0579e-05","0.0023","A"
"4","Trait5","FASTmrMLM","PstI.TP826996","3","68696850","0.1545","1.3529","A"
"4","Trait5","FASTmrMLM","PstI.TP379031","3","68701578","-0.053","0.5868","C"
"4","Trait5","FASTmrMLM","PstI.TP917218","3","68741261","1.6869e-06","4e-04","G"
"4","Trait5","FASTmrMLM","NsiI.TP762238","3","68747242","-7.5536e-06","0.0016","C"
"4","Trait5","FASTmrMLM","NsiI.TP229271","3","68761849","8.759e-06","0.0019","A"
"4","Trait5","FASTmrMLM","PstI.TP86116","3","68775418","-1.4059e-05","0.0031","C"
"4","Trait5","FASTmrMLM","PstI.TP1211760","3","68786408","0.1296","1.6085","C"
"4","Trait5","FASTmrMLM","PstI.TP41367","3","68811405","-4.3561e-06","9e-04","G"
"4","Trait5","FASTmrMLM","PstI.TP162332","3","68814269","4.5897e-06","0.001","A"
"4","Trait5","FASTmrMLM","PstI.TP829117","3","68826630","1.9578e-05","0.0043","A"
"4","Trait5","FASTmrMLM","NsiI.TP436762","3","68827121","0.1046","0.6894","C"
"4","Trait5","FASTmrMLM","PstI.TP899075","3","68837126","-0.0186","0.1636","C"
"4","Trait5","FASTmrMLM","NsiI.TP203687","3","68844144","-1.6963e-07","3.6914e-05","A"
"4","Trait5","FASTmrMLM","PstI.TP77225","3","68857391","-8.0197e-06","0.0017","A"
"4","Trait5","FASTmrMLM","PstI.TP770506","3","68857417","-7.0843e-06","0.0015","A"
"4","Trait5","FASTmrMLM","NsiI.TP7603","3","68863364","-1.0181e-05","0.0022","A"
"4","Trait5","FASTmrMLM","PstI.TP108450","3","68864180","-1.1734e-05","0.0026","A"
"4","Trait5","FASTmrMLM","PstI.TP108449","3","68864209","-0.0674","0.4026","A"
"4","Trait5","FASTmrMLM","PstI.TP1176205","3","68891880","5.5032e-06","0.0012","C"
"4","Trait5","FASTmrMLM","NsiI.TP555938","3","68896134","-1.7345e-05","0.0038","G"
"4","Trait5","FASTmrMLM","NsiI.TP580951","3","68897574","9.0132e-07","2e-04","A"
"4","Trait5","FASTmrMLM","NsiI.TP548002","3","68898512","4.5321e-06","0.001","A"
"4","Trait5","FASTmrMLM","PstI.TP189918","3","68900320","3.4622e-05","0.0076","A"
"4","Trait5","FASTmrMLM","PstI.TP1001212","3","68900375","-6.404e-06","0.0014","G"
"4","Trait5","FASTmrMLM","PstI.TP695075","3","68905151","0.0211","0.2839","A"
"4","Trait5","FASTmrMLM","PstI.TP207042","3","68906982","6.1931e-06","0.0013","A"
"4","Trait5","FASTmrMLM","NsiI.TP642960","3","68906982","0.1226","0.6863","A"
"4","Trait5","FASTmrMLM","PstI.TP1276364","3","68920540","-1.1049e-05","0.0024","A"
"4","Trait5","FASTmrMLM","NsiI.TP815246","3","68931243","-8.8444e-06","0.0019","C"
"4","Trait5","FASTmrMLM","NsiI.TP815245","3","68931295","4.8653e-06","0.0011","C"
"4","Trait5","FASTmrMLM","NsiI.TP771511","3","68941941","-0.0987","0.8566","C"
"4","Trait5","FASTmrMLM","NsiI.TP624365","3","68942331","0.0593","0.4672","C"
"4","Trait5","FASTmrMLM","NsiI.TP406126","3","68942911","-2.2763e-06","5e-04","G"
"4","Trait5","FASTmrMLM","PstI.TP670845","3","68951426","-4.3164e-06","9e-04","A"
"4","Trait5","FASTmrMLM","PstI.TP1020519","3","68956928","9.0635e-06","0.002","A"
"4","Trait5","FASTmrMLM","PstI.TP544527","3","68956971","-0.0814","0.7136","G"
"4","Trait5","FASTmrMLM","PstI.TP45087","3","68980488","0.0223","0.2875","A"
"4","Trait5","FASTmrMLM","PstI.TP439834","3","68981832","9.2006e-06","0.002","C"
"4","Trait5","FASTmrMLM","PstI.TP1008089","3","68982816","-1.3014e-05","0.0028","A"
"4","Trait5","FASTmrMLM","NsiI.TP203023","3","68985411","-0.0719","0.3797","A"
"4","Trait5","FASTmrMLM","NsiI.TP777924","3","68985687","6.2828e-06","0.0014","A"
"4","Trait5","FASTmrMLM","NsiI.TP128678","3","69000501","0.0764","0.9504","C"
"4","Trait5","FASTmrMLM","NsiI.TP381737","3","69008243","-0.0182","0.1355","A"
"4","Trait5","FASTmrMLM","PstI.TP382734","3","69008837","7.7207e-06","0.0017","A"
"4","Trait5","FASTmrMLM","PstI.TP1226997","3","69008840","4.0412e-06","9e-04","G"
"4","Trait5","FASTmrMLM","PstI.TP1270826","3","69010637","2.0762e-05","0.0045","A"
"4","Trait5","FASTmrMLM","NsiI.TP306151","3","69029612","-5.7663e-06","0.0013","C"
"4","Trait5","FASTmrMLM","PstI.TP922053","3","69032046","-5.5066e-06","0.0012","C"
"4","Trait5","FASTmrMLM","NsiI.TP733063","3","69036149","-0.0264","0.2547","C"
"4","Trait5","FASTmrMLM","PstI.TP782213","3","69036409","3.7878e-06","8e-04","C"
"4","Trait5","FASTmrMLM","PstI.TP1237556","3","69042473","-0.0813","0.6679","A"
"4","Trait5","FASTmrMLM","NsiI.TP50689","3","69048183","-2.6698e-06","6e-04","A"
"4","Trait5","FASTmrMLM","NsiI.TP437437","3","69051959","1.9655e-05","0.0043","C"
"4","Trait5","FASTmrMLM","PstI.TP423361","3","69052893","0.0383","0.2428","A"
"4","Trait5","FASTmrMLM","GFSSContig20112_1572","3","69060121","3.4462e-06","8e-04","A"
"4","Trait5","FASTmrMLM","PstI.TP489977","3","69072955","-2.2026e-05","0.0048","A"
"4","Trait5","FASTmrMLM","PstI.TP133198","3","69073422","1.3889e-05","0.003","A"
"4","Trait5","FASTmrMLM","PstI.TP162371","3","69081917","-1.1269e-05","0.0025","C"
"4","Trait5","FASTmrMLM","PstI.TP919660","3","69086087","1.1764e-05","0.0026","C"
"4","Trait5","FASTmrMLM","PstI.TP853706","3","69087896","-3.3567e-05","0.0061","G"
"4","Trait5","FASTmrMLM","NsiI.TP471856","3","69099934","-0.1143","0.6542","A"
"4","Trait5","FASTmrMLM","NsiI.TP715156","3","69101453","-9.4834e-06","0.0021","A"
"4","Trait5","FASTmrMLM","NsiI.TP229245","3","69107555","-2.1849e-05","0.0048","C"
"4","Trait5","FASTmrMLM","NsiI.TP469147","3","69125120","7.0692e-06","0.0015","C"
"4","Trait5","FASTmrMLM","NsiI.TP22847","3","69137402","6.708e-06","0.0015","C"
"4","Trait5","FASTmrMLM","NsiI.TP392116","3","69146730","1.0768e-06","2e-04","A"
"4","Trait5","FASTmrMLM","NsiI.TP277189","3","69146923","0.1009","0.7213","C"
"4","Trait5","FASTmrMLM","PstI.TP851515","3","69195343","-1.5659e-05","0.0034","A"
"4","Trait5","FASTmrMLM","PstI.TP271370","3","69195668","-0.1042","0.7076","A"
"4","Trait5","FASTmrMLM","NsiI.TP39018","3","69197876","-1.4716e-05","0.0032","A"
"4","Trait5","FASTmrMLM","NsiI.TP779339","3","69209657","-0.2444","1.2071","A"
"4","Trait5","FASTmrMLM","NsiI.TP163378","3","69210201","4.1409e-07","9.0125e-05","A"
"4","Trait5","FASTmrMLM","NsiI.TP314456","3","69216184","-1.8923e-05","0.0041","A"
"4","Trait5","FASTmrMLM","PstI.TP1249095","3","69250097","0.0362","0.2818","C"
"4","Trait5","FASTmrMLM","PstI.TP37249","3","69253360","-2.9757e-05","0.0065","A"
"4","Trait5","FASTmrMLM","PstI.TP911396","3","69255975","0.0184","0.2364","C"
"4","Trait5","FASTmrMLM","PstI.TP772377","3","69256488","1.8946e-05","0.0041","A"
"4","Trait5","FASTmrMLM","PstI.TP210361","3","69263449","0.2843","1.4334","A"
"4","Trait5","FASTmrMLM","PstI.TP272901","3","69265677","8.6325e-06","0.0019","C"
"4","Trait5","FASTmrMLM","NsiI.TP144405","3","69339750","-6.8743e-06","0.0015","A"
"4","Trait5","FASTmrMLM","PstI.TP1228813","3","69340079","0.1339","2.0858","A"
"4","Trait5","FASTmrMLM","NsiI.TP422975","3","69354411","1.0591e-06","2e-04","A"
"4","Trait5","FASTmrMLM","PstI.TP789647","3","69354547","0.1642","2.7372","A"
"4","Trait5","FASTmrMLM","NsiI.TP61945","3","69368364","-6.6936e-06","0.0015","A"
"4","Trait5","FASTmrMLM","NsiI.TP491811","3","69368373","-2.0095e-05","0.0044","A"
"4","Trait5","FASTmrMLM","PstI.TP366766","3","69394739","3.1167e-06","7e-04","C"
"4","Trait5","FASTmrMLM","PstI.TP1095590","3","69404347","-0.056","0.657","G"
"4","Trait5","FASTmrMLM","NsiI.TP150749","3","69413427","4.3366e-07","9.4392e-05","C"
"4","Trait5","FASTmrMLM","PstI.TP845726","3","69416301","0.0599","0.3902","A"
"4","Trait5","FASTmrMLM","NsiI.TP208563","3","69417868","-2.8024e-06","6e-04","A"
"4","Trait5","FASTmrMLM","PstI.TP620142","3","69421198","2.0314e-05","0.0044","C"
"4","Trait5","FASTmrMLM","NsiI.TP437493","3","69421292","2.6972e-06","6e-04","A"
"4","Trait5","FASTmrMLM","PstI.TP1158098","3","69421824","-1.5212e-05","0.0033","A"
"4","Trait5","FASTmrMLM","NsiI.TP678374","3","69487068","0.1718","0.9105","C"
"4","Trait5","FASTmrMLM","PstI.TP1105795","3","69521595","-4.7243e-06","0.001","A"
"4","Trait5","FASTmrMLM","PstI.TP907726","3","69552487","-0.0803","0.3937","A"
"4","Trait5","FASTmrMLM","PstI.TP933083","3","69570297","3.7927e-05","0.0083","A"
"4","Trait5","FASTmrMLM","NsiI.TP510361","3","69577386","-1.7907e-05","0.0039","C"
"4","Trait5","FASTmrMLM","NsiI.TP190131","3","69587339","-2.0481e-06","4e-04","C"
"4","Trait5","FASTmrMLM","NsiI.TP190132","3","69587364","-0.0683","0.4991","A"
"4","Trait5","FASTmrMLM","PstI.TP24505","3","69594648","6.0283e-06","0.0013","A"
"4","Trait5","FASTmrMLM","NsiI.TP43469","3","69599897","-1.3445e-05","0.0029","A"
"4","Trait5","FASTmrMLM","PstI.TP403406","3","69602313","-0.2013","0.7305","A"
"4","Trait5","FASTmrMLM","PstI.TP410209","3","69602329","-0.0447","0.3675","A"
"4","Trait5","FASTmrMLM","PstI.TP466638","3","69604087","0.0938","0.7836","A"
"4","Trait5","FASTmrMLM","PstI.TP220651","3","69605754","3.0172e-05","0.0066","A"
"4","Trait5","FASTmrMLM","NsiI.TP443413","3","69606017","-1.7478e-05","0.0038","A"
"4","Trait5","FASTmrMLM","PstI.TP764852","3","69624934","-0.0208","0.317","C"
"4","Trait5","FASTmrMLM","PstI.TP168553","3","69628062","2.8975e-05","0.0064","C"
"4","Trait5","FASTmrMLM","NsiI.TP223028","3","69634696","0.0214","0.1799","A"
"4","Trait5","FASTmrMLM","NsiI.TP824277","3","69658477","2.2517e-05","0.0049","A"
"4","Trait5","FASTmrMLM","PstI.TP930911","3","69663440","-3.3535e-05","0.0074","G"
"4","Trait5","FASTmrMLM","PstI.TP984914","3","69664430","-6.139e-06","0.0013","A"
"4","Trait5","FASTmrMLM","PstI.TP1072874","3","69666223","6.9419e-06","0.0015","C"
"4","Trait5","FASTmrMLM","NsiI.TP417407","3","69669814","0.0993","1.2452","A"
"4","Trait5","FASTmrMLM","PstI.TP794298","3","69685699","3.1676e-05","0.0069","A"
"4","Trait5","FASTmrMLM","PstI.TP946383","3","69685699","2.338e-05","0.0051","C"
"4","Trait5","FASTmrMLM","PstI.TP1116745","3","69692317","0.4139","1.5923","A"
"4","Trait5","FASTmrMLM","PstI.TP1180811","3","69708786","2.3988e-05","0.0053","A"
"4","Trait5","FASTmrMLM","NsiI.TP466518","3","69709166","1.7302e-05","0.0038","A"
"4","Trait5","FASTmrMLM","NsiI.TP466791","3","69709229","1.1389e-05","0.0025","A"
"4","Trait5","FASTmrMLM","NsiI.TP547242","3","69709305","-8.6114e-06","0.0019","A"
"4","Trait5","FASTmrMLM","GFSSContig11128_893","3","69715214","2.4064e-05","0.0053","T"
"4","Trait5","FASTmrMLM","NsiI.TP404545","3","69729678","0.0125","0.137","A"
"4","Trait5","FASTmrMLM","NsiI.TP520018","3","69748306","-0.2734","1.1822","A"
"4","Trait5","FASTmrMLM","NsiI.TP520017","3","69748335","0.0615","0.797","A"
"4","Trait5","FASTmrMLM","PstI.TP143961","3","69764873","2.0353e-05","0.0045","A"
"4","Trait5","FASTmrMLM","PstI.TP1245442","3","69765933","0.0559","0.3664","A"
"4","Trait5","FASTmrMLM","NsiI.TP389021","3","69802051","-0.1903","1.3299","A"
"4","Trait5","FASTmrMLM","PstI.TP900560","3","69827943","4.179e-05","0.0092","G"
"4","Trait5","FASTmrMLM","PstI.TP288798","3","69828015","1.9034e-05","0.0042","G"
"4","Trait5","FASTmrMLM","PstI.TP1002422","3","69835392","-5.5168e-06","0.0012","A"
"4","Trait5","FASTmrMLM","NsiI.TP282725","3","69846519","-2.0661e-05","0.0045","A"
"4","Trait5","FASTmrMLM","PstI.TP1053697","3","69900965","1.362e-05","0.003","G"
"4","Trait5","FASTmrMLM","PstI.TP107814","3","69906793","0.0582","0.3339","C"
"4","Trait5","FASTmrMLM","PstI.TP887107","3","69906836","2.5664e-05","0.0056","C"
"4","Trait5","FASTmrMLM","PstI.TP388391","3","69918190","-2.1766e-05","0.0048","C"
"4","Trait5","FASTmrMLM","PstI.TP1139294","3","69919085","-0.0658","0.4602","A"
"4","Trait5","FASTmrMLM","PstI.TP1060709","3","69926348","3.1249e-06","7e-04","A"
"4","Trait5","FASTmrMLM","NsiI.TP76242","3","69937083","1.777e-05","0.0039","C"
"4","Trait5","FASTmrMLM","PstI.TP987636","3","69944092","-3.5038e-05","0.0077","G"
"4","Trait5","FASTmrMLM","PstI.TP45881","3","69950174","-0.033","0.3236","C"
"4","Trait5","FASTmrMLM","PstI.TP479605","3","69960347","3.7011e-05","0.0081","C"
"4","Trait5","FASTmrMLM","PstI.TP479581","3","69960351","-0.0904","1.3331","C"
"4","Trait5","FASTmrMLM","PstI.TP77411","3","69966036","9.9601e-07","2e-04","G"
"4","Trait5","FASTmrMLM","PstI.TP1085254","3","69969350","-8.2349e-06","0.0018","A"
"4","Trait5","FASTmrMLM","PstI.TP14623","3","69969364","0.0698","0.4089","A"
"4","Trait5","FASTmrMLM","NsiI.TP725036","3","70014821","-3.837e-06","8e-04","C"
"4","Trait5","FASTmrMLM","PstI.TP376273","3","70018629","-8.4622e-06","0.0018","A"
"4","Trait5","FASTmrMLM","NsiI.TP690863","3","70040297","1.944e-05","0.0043","A"
"4","Trait5","FASTmrMLM","NsiI.TP360954","3","70051979","-1.0849e-05","0.0024","C"
"4","Trait5","FASTmrMLM","NsiI.TP625894","3","70088553","1.4618e-05","0.0032","G"
"4","Trait5","FASTmrMLM","PstI.TP629013","3","70101916","5.5923e-06","0.0012","G"
"4","Trait5","FASTmrMLM","PstI.TP367205","3","70105914","4.5766e-07","9.9605e-05","A"
"4","Trait5","FASTmrMLM","PstI.TP366699","3","70105955","-1.4436e-05","0.0032","C"
"4","Trait5","FASTmrMLM","PstI.TP1058693","3","70141291","1.8477e-06","4e-04","C"
"4","Trait5","FASTmrMLM","PstI.TP143125","3","70169985","-2.1466e-06","5e-04","A"
"4","Trait5","FASTmrMLM","NsiI.TP468343","3","70187996","0.0823","1.1346","A"
"4","Trait5","FASTmrMLM","NsiI.TP238264","3","70195305","-1.9136e-05","0.0042","C"
"4","Trait5","FASTmrMLM","NsiI.TP121013","3","70201421","5.4334e-06","0.0012","A"
"4","Trait5","FASTmrMLM","PstI.TP991444","3","70205397","1.648e-05","0.0036","C"
"4","Trait5","FASTmrMLM","NsiI.TP128994","3","70221019","3.8297e-06","8e-04","C"
"4","Trait5","FASTmrMLM","PstI.TP1032610","3","70290026","1.963e-05","0.0043","A"
"4","Trait5","FASTmrMLM","PstI.TP53351","3","70312778","1.2323e-05","0.0027","A"
"4","Trait5","FASTmrMLM","PstI.TP998085","3","70312802","-0.1337","0.7684","C"
"4","Trait5","FASTmrMLM","PstI.TP991667","3","70339975","0.0201","0.2294","A"
"4","Trait5","FASTmrMLM","PstI.TP1143155","3","70340091","-1.9506e-05","0.0043","C"
"4","Trait5","FASTmrMLM","NsiI.TP418817","3","70373036","-3.3529e-05","0.0074","A"
"4","Trait5","FASTmrMLM","PstI.TP1027117","3","70383646","4.4544e-05","0.0068","C"
"4","Trait5","FASTmrMLM","GFSSContig10511_296","3","70392889","-0.0637","0.6119","T"
"4","Trait5","FASTmrMLM","PstI.TP1284786","3","70425831","-6.9551e-06","0.0015","C"
"4","Trait5","FASTmrMLM","PstI.TP57935","3","70455343","-2.1351e-05","0.0047","C"
"4","Trait5","FASTmrMLM","NsiI.TP367017","3","70458887","1.4834e-05","0.0032","C"
"4","Trait5","FASTmrMLM","PstI.TP1137071","3","70461261","1.1805e-05","0.0026","A"
"4","Trait5","FASTmrMLM","NsiI.TP250630","3","70473811","-1.8072e-06","4e-04","A"
"4","Trait5","FASTmrMLM","GFSSContig18141_379","3","70486999","-1.5135e-06","3e-04","T"
"4","Trait5","FASTmrMLM","PstI.TP489028","3","70489937","2e-04","0.0122","A"
"4","Trait5","FASTmrMLM","PstI.TP1229866","3","70515532","1.2229e-05","0.0027","A"
"4","Trait5","FASTmrMLM","NsiI.TP448700","3","70521931","-1.4304e-05","0.0031","C"
"4","Trait5","FASTmrMLM","PstI.TP271302","3","70522473","-2.1841e-06","5e-04","G"
"4","Trait5","FASTmrMLM","GFSSContig18394_720","3","70524519","-2.9115e-05","0.0064","T"
"4","Trait5","FASTmrMLM","NsiI.TP609769","3","70540310","1.7154e-05","0.0037","A"
"4","Trait5","FASTmrMLM","NsiI.TP692636","3","70540355","-7.7743e-06","0.0017","A"
"4","Trait5","FASTmrMLM","PstI.TP1033109","3","70540648","-1.4347e-05","0.0031","C"
"4","Trait5","FASTmrMLM","PstI.TP445558","3","70545848","-1.9203e-05","0.0042","A"
"4","Trait5","FASTmrMLM","NsiI.TP60465","3","70558159","-2.0193e-06","4e-04","A"
"4","Trait5","FASTmrMLM","NsiI.TP428565","3","70558346","-0.0412","0.1772","A"
"4","Trait5","FASTmrMLM","PstI.TP212044","3","70558808","0.0269","0.2115","A"
"4","Trait5","FASTmrMLM","NsiI.TP466040","3","70574097","1.1526e-05","0.0025","C"
"4","Trait5","FASTmrMLM","PstI.TP773708","3","70577510","-2.6976e-05","0.0059","C"
"4","Trait5","FASTmrMLM","PstI.TP778261","3","70577518","2.1944e-05","0.0048","G"
"4","Trait5","FASTmrMLM","NsiI.TP602441","3","70582246","-0.0169","0.2418","C"
"4","Trait5","FASTmrMLM","PstI.TP542225","3","70594490","0.0367","0.3872","C"
"4","Trait5","FASTmrMLM","PstI.TP621980","3","70598290","-0.0874","0.6572","C"
"4","Trait5","FASTmrMLM","PstI.TP461219","3","70619341","1.2843e-05","0.0028","G"
"4","Trait5","FASTmrMLM","PstI.TP838362","3","70636567","-1.3408e-05","0.0029","A"
"4","Trait5","FASTmrMLM","NsiI.TP213365","3","70670633","8.2825e-07","2e-04","C"
"4","Trait5","FASTmrMLM","NsiI.TP75624","3","70673787","-0.0356","0.2575","G"
"4","Trait5","FASTmrMLM","PstI.TP598237","3","70678696","0.0892","0.949","A"
"4","Trait5","FASTmrMLM","PstI.TP1022814","3","70684115","7.2503e-06","0.0016","C"
"4","Trait5","FASTmrMLM","PstI.TP733612","3","70684605","-4.09e-05","0.009","A"
"4","Trait5","FASTmrMLM","NsiI.TP700512","3","70684944","2.9811e-06","6e-04","C"
"4","Trait5","FASTmrMLM","PstI.TP444388","3","70694014","2.6458e-06","6e-04","G"
"4","Trait5","FASTmrMLM","NsiI.TP767318","3","70696250","-1.5231e-06","3e-04","C"
"4","Trait5","FASTmrMLM","NsiI.TP241810","3","70721934","3.0685e-06","7e-04","A"
"4","Trait5","FASTmrMLM","PstI.TP868070","3","70725307","-1.5273e-08","3.3236e-06","G"
"4","Trait5","FASTmrMLM","NsiI.TP597035","3","70761336","-0.1495","0.7106","G"
"4","Trait5","FASTmrMLM","NsiI.TP431746","3","70764675","-7.7167e-06","0.0017","C"
"4","Trait5","FASTmrMLM","NsiI.TP145721","3","70764680","0.1369","0.4806","C"
"4","Trait5","FASTmrMLM","PstI.TP317655","3","70764880","0.0331","0.2518","A"
"4","Trait5","FASTmrMLM","PstI.TP217009","3","70775556","3.5474e-06","8e-04","A"
"4","Trait5","FASTmrMLM","PstI.TP641952","3","70790894","-1.9671e-05","0.0043","G"
"4","Trait5","FASTmrMLM","PstI.TP1151127","3","70806259","2.1372e-06","5e-04","G"
"4","Trait5","FASTmrMLM","PstI.TP923008","3","70806537","0.0965","0.5001","A"
"4","Trait5","FASTmrMLM","PstI.TP955526","3","70806559","1.128e-05","0.0025","A"
"4","Trait5","FASTmrMLM","NsiI.TP730441","3","70813388","-1.6892e-05","0.0037","C"
"4","Trait5","FASTmrMLM","PstI.TP76102","3","70821927","1.2453e-06","3e-04","A"
"4","Trait5","FASTmrMLM","PstI.TP367511","3","70822259","-2e-04","0.0141","A"
"4","Trait5","FASTmrMLM","PstI.TP1187570","3","70827569","-0.0758","1.0222","A"
"4","Trait5","FASTmrMLM","NsiI.TP422411","3","70832262","-6.4322e-06","0.0014","C"
"4","Trait5","FASTmrMLM","NsiI.TP234267","3","70840629","-2.8587e-06","6e-04","A"
"4","Trait5","FASTmrMLM","NsiI.TP510843","3","70844265","-0.1322","0.9478","C"
"4","Trait5","FASTmrMLM","NsiI.TP634457","3","70856596","-1.1706e-05","0.0026","A"
"4","Trait5","FASTmrMLM","NsiI.TP552770","3","70860989","0.0304","0.2906","C"
"4","Trait5","FASTmrMLM","PstI.TP44584","3","70870928","1.4051e-05","0.0031","A"
"4","Trait5","FASTmrMLM","NsiI.TP659581","3","70887842","-2.9918e-05","0.0066","A"
"4","Trait5","FASTmrMLM","PstI.TP490777","3","70896479","-1.1449e-06","2e-04","A"
"4","Trait5","FASTmrMLM","PstI.TP906687","3","70914410","-1.3776e-05","0.003","C"
"4","Trait5","FASTmrMLM","PstI.TP821085","3","70914465","2.7188e-05","0.006","A"
"4","Trait5","FASTmrMLM","PstI.TP338917","3","70919217","-7.4434e-06","0.0016","G"
"4","Trait5","FASTmrMLM","PstI.TP115281","3","70931458","2.9945e-05","0.0066","A"
"4","Trait5","FASTmrMLM","PstI.TP384626","3","70941292","6.1813e-06","0.0013","A"
"4","Trait5","FASTmrMLM","PstI.TP918908","3","70942837","-8.8639e-06","0.0019","C"
"4","Trait5","FASTmrMLM","PstI.TP203440","3","70956921","-0.0867","0.7829","A"
"4","Trait5","FASTmrMLM","PstI.TP169765","3","70960737","4.5322e-05","0.01","C"
"4","Trait5","FASTmrMLM","PstI.TP650369","3","70976262","-0.0346","0.3241","G"
"4","Trait5","FASTmrMLM","GFk45ctg47373_237","3","71014549","-3.892e-05","0.0086","A"
"4","Trait5","FASTmrMLM","PstI.TP916678","3","71023065","-4.7132e-05","0.0104","C"
"4","Trait5","FASTmrMLM","PstI.TP1206","3","71046047","-6.7192e-06","0.0015","A"
"4","Trait5","FASTmrMLM","PstI.TP1195326","3","71068169","0.1055","0.9732","C"
"4","Trait5","FASTmrMLM","PstI.TP505540","3","71068246","-0.032","0.2159","A"
"4","Trait5","FASTmrMLM","PstI.TP9469","3","71068756","3.6239e-05","0.008","C"
"4","Trait5","FASTmrMLM","NsiI.TP402300","3","71093583","-0.0604","0.6482","A"
"4","Trait5","FASTmrMLM","NsiI.TP601400","3","71108213","1.8606e-05","0.0041","A"
"4","Trait5","FASTmrMLM","NsiI.TP377122","3","71109414","0.0331","0.3622","C"
"4","Trait5","FASTmrMLM","PstI.TP773795","3","71115536","-8.6943e-07","2e-04","C"
"4","Trait5","FASTmrMLM","PstI.TP946836","3","71116942","2.9461e-05","0.0065","A"
"4","Trait5","FASTmrMLM","PstI.TP1102186","3","71118933","-2.8603e-06","6e-04","A"
"4","Trait5","FASTmrMLM","NsiI.TP327757","3","71119897","3.4248e-05","0.0075","A"
"4","Trait5","FASTmrMLM","PstI.TP74962","3","71137238","-1.5322e-05","0.0033","C"
"4","Trait5","FASTmrMLM","PstI.TP683006","3","71138581","2.7505e-06","6e-04","C"
"4","Trait5","FASTmrMLM","NsiI.TP499448","3","71138864","1.2386e-06","3e-04","A"
"4","Trait5","FASTmrMLM","PstI.TP737101","3","71170506","-0.0523","0.3768","A"
"4","Trait5","FASTmrMLM","PstI.TP698562","3","71173232","-1.2011e-05","0.0026","A"
"4","Trait5","FASTmrMLM","PstI.TP572438","3","71178778","1.1339e-05","0.0025","A"
"4","Trait5","FASTmrMLM","PstI.TP396457","3","71181418","-0.0258","0.3664","G"
"4","Trait5","FASTmrMLM","PstI.TP1011271","3","71182556","-1.3287e-06","3e-04","C"
"4","Trait5","FASTmrMLM","NsiI.TP777241","3","71199343","2e-04","0.0117","C"
"4","Trait5","FASTmrMLM","PstI.TP822650","3","71202560","2.0325e-05","0.0044","G"
"4","Trait5","FASTmrMLM","PstI.TP759529","3","71215407","-7.2208e-06","0.0016","A"
"4","Trait5","FASTmrMLM","PstI.TP306737","3","71220834","0.1093","0.698","A"
"4","Trait5","FASTmrMLM","PstI.TP118279","3","71225099","-2.6281e-05","0.0058","A"
"4","Trait5","FASTmrMLM","PstI.TP330349","3","71225123","-4.2325e-05","0.007","C"
"4","Trait5","FASTmrMLM","PstI.TP883563","3","71236884","0.041","0.3934","C"
"4","Trait5","FASTmrMLM","PstI.TP329326","3","71243176","0.0625","0.655","A"
"4","Trait5","FASTmrMLM","NsiI.TP322598","3","71278455","0.0763","0.7447","A"
"4","Trait5","FASTmrMLM","PstI.TP845977","3","71280773","-6.2371e-06","0.0014","A"
"4","Trait5","FASTmrMLM","PstI.TP403752","3","71284384","-1.9305e-05","0.0042","C"
"4","Trait5","FASTmrMLM","PstI.TP24470","3","71284933","-4.4397e-06","0.001","C"
"4","Trait5","FASTmrMLM","PstI.TP113250","3","71287731","-3.7501e-06","8e-04","A"
"4","Trait5","FASTmrMLM","NsiI.TP328854","3","71291896","0.0543","0.3426","A"
"4","Trait5","FASTmrMLM","PstI.TP995093","3","71293277","-2.9521e-06","6e-04","A"
"4","Trait5","FASTmrMLM","NsiI.TP570570","3","71299631","-0.0115","0.2214","A"
"4","Trait5","FASTmrMLM","NsiI.TP778810","3","71299961","0.0759","0.4159","C"
"4","Trait5","FASTmrMLM","NsiI.TP359075","3","71301013","-1.1827e-06","3e-04","A"
"4","Trait5","FASTmrMLM","PstI.TP579004","3","71313289","-7.7069e-06","0.0017","A"
"4","Trait5","FASTmrMLM","PstI.TP532668","3","71313378","1.2347e-05","0.0027","A"
"4","Trait5","FASTmrMLM","PstI.TP921434","3","71315794","8.8376e-06","0.0019","G"
"4","Trait5","FASTmrMLM","NsiI.TP292301","3","71320423","0.0271","0.3773","A"
"4","Trait5","FASTmrMLM","NsiI.TP295096","3","71320519","-9.4318e-06","0.0021","C"
"4","Trait5","FASTmrMLM","PstI.TP759583","3","71370495","-0.0766","0.7331","G"
"4","Trait5","FASTmrMLM","NsiI.TP323773","3","71375672","-1.2638e-05","0.0028","A"
"4","Trait5","FASTmrMLM","PstI.TP346735","3","71414448","-1.4879e-05","0.0033","A"
"4","Trait5","FASTmrMLM","PstI.TP1043971","3","71414485","-5.0464e-06","0.0011","A"
"4","Trait5","FASTmrMLM","PstI.TP1047513","3","71419164","0.0762","0.4493","C"
"4","Trait5","FASTmrMLM","NsiI.TP510537","3","71420877","0.1348","0.4646","A"
"4","Trait5","FASTmrMLM","PstI.TP386255","3","71429224","3.7466e-05","0.0082","A"
"4","Trait5","FASTmrMLM","PstI.TP853213","3","71458543","0.1032","0.6219","C"
"4","Trait5","FASTmrMLM","PstI.TP56127","3","71484332","0.0343","0.4817","A"
"4","Trait5","FASTmrMLM","PstI.TP795416","3","71488115","1.1932e-05","0.0026","C"
"4","Trait5","FASTmrMLM","PstI.TP1179281","3","71493798","1.1603e-05","0.0025","A"
"4","Trait5","FASTmrMLM","PstI.TP200587","3","71494724","0.1304","0.6428","G"
"4","Trait5","FASTmrMLM","NsiI.TP532123","3","71504956","-3.0751e-06","7e-04","A"
"4","Trait5","FASTmrMLM","NsiI.TP67105","3","71507776","0.1271","1.3993","C"
"4","Trait5","FASTmrMLM","NsiI.TP678482","3","71517833","1.4175e-05","0.0031","A"
"4","Trait5","FASTmrMLM","NsiI.TP533289","3","71518206","-5.9199e-06","0.0013","C"
"4","Trait5","FASTmrMLM","NsiI.TP232832","3","71523567","-0.0516","0.3151","A"
"4","Trait5","FASTmrMLM","PstI.TP745087","3","71534823","-3.209e-05","0.007","C"
"4","Trait5","FASTmrMLM","NsiI.TP522504","3","71564566","1.0762e-05","0.0023","A"
"4","Trait5","FASTmrMLM","PstI.TP1159441","3","71573471","1.7455e-05","0.0038","A"
"4","Trait5","FASTmrMLM","PstI.TP145562","3","71581008","1.615e-05","0.0035","A"
"4","Trait5","FASTmrMLM","PstI.TP974045","3","71607310","1.0066e-05","0.0022","A"
"4","Trait5","FASTmrMLM","PstI.TP973509","3","71631915","-7.9634e-06","0.0017","A"
"4","Trait5","FASTmrMLM","NsiI.TP390199","3","71648489","-2.4599e-05","0.0054","A"
"4","Trait5","FASTmrMLM","NsiI.TP490460","3","71670676","-4.8828e-05","0.0108","A"
"4","Trait5","FASTmrMLM","NsiI.TP547469","3","71674129","-1.6646e-05","0.0036","A"
"4","Trait5","FASTmrMLM","PstI.TP770377","3","71680305","-1.5943e-05","0.0035","C"
"4","Trait5","FASTmrMLM","NsiI.TP250795","3","71690375","1.4842e-05","0.0032","C"
"4","Trait5","FASTmrMLM","PstI.TP1223764","3","71709912","-1.7836e-05","0.0039","C"
"4","Trait5","FASTmrMLM","NsiI.TP526435","3","71717358","-0.073","0.8512","C"
"4","Trait5","FASTmrMLM","NsiI.TP187793","3","71720682","-2.5287e-05","0.0055","C"
"4","Trait5","FASTmrMLM","NsiI.TP189210","3","71744409","3.9781e-05","0.0087","G"
"4","Trait5","FASTmrMLM","PstI.TP1198874","3","71767172","-3.3916e-05","0.0074","A"
"4","Trait5","FASTmrMLM","NsiI.TP509790","3","71778076","0.0514","0.273","A"
"4","Trait5","FASTmrMLM","PstI.TP639082","3","71815374","1.5256e-05","0.0033","A"
"4","Trait5","FASTmrMLM","NsiI.TP391322","3","71825154","2.7546e-05","0.006","G"
"4","Trait5","FASTmrMLM","PstI.TP161974","3","71850539","0.0383","0.4627","A"
"4","Trait5","FASTmrMLM","PstI.TP1040904","3","71853195","-0.1806","0.9226","C"
"4","Trait5","FASTmrMLM","PstI.TP908813","3","71853833","-1.4329e-05","0.0031","C"
"4","Trait5","FASTmrMLM","NsiI.TP29345","3","71859785","1.3976e-05","0.0031","A"
"4","Trait5","FASTmrMLM","PstI.TP5918","3","71874492","0.0379","0.3415","C"
"4","Trait5","FASTmrMLM","NsiI.TP616371","3","71876871","2.9153e-05","0.0064","A"
"4","Trait5","FASTmrMLM","PstI.TP505819","3","71878953","0.0588","0.4993","C"
"4","Trait5","FASTmrMLM","NsiI.TP471432","3","71881964","-2.0804e-05","0.0046","A"
"4","Trait5","FASTmrMLM","NsiI.TP452027","3","71895534","3.3771e-07","7.3497e-05","A"
"4","Trait5","FASTmrMLM","PstI.TP584814","3","71926708","5.3369e-07","1e-04","C"
"4","Trait5","FASTmrMLM","PstI.TP612491","3","71936195","3.713e-05","0.0082","C"
"4","Trait5","FASTmrMLM","NsiI.TP56826","3","71937864","0.0307","0.3931","A"
"4","Trait5","FASTmrMLM","PstI.TP234599","3","71941464","2.7166e-05","0.006","A"
"4","Trait5","FASTmrMLM","NsiI.TP204873","3","71949110","-0.309","1.1171","G"
"4","Trait5","FASTmrMLM","PstI.TP1132567","3","71972612","-2.9837e-05","0.0065","A"
"4","Trait5","FASTmrMLM","NsiI.TP64589","3","71972732","2.9976e-05","0.0066","A"
"4","Trait5","FASTmrMLM","PstI.TP906694","3","71997518","-0.1206","0.663","C"
"4","Trait5","FASTmrMLM","PstI.TP27753","3","72063176","0.0888","1.1584","A"
"4","Trait5","FASTmrMLM","NsiI.TP198450","3","72064311","8.2105e-06","0.0018","A"
"4","Trait5","FASTmrMLM","PstI.TP421793","3","72066807","-1.5497e-05","0.0034","C"
"4","Trait5","FASTmrMLM","PstI.TP421792","3","72066843","0.0285","0.2775","A"
"4","Trait5","FASTmrMLM","PstI.TP626140","3","72087552","0.0918","1.0148","C"
"4","Trait5","FASTmrMLM","NsiI.TP668633","3","72087795","4.1631e-06","9e-04","C"
"4","Trait5","FASTmrMLM","PstI.TP704102","3","72097083","-4.4292e-05","0.0097","C"
"4","Trait5","FASTmrMLM","NsiI.TP280625","3","72097579","-3e-04","0.017","A"
"4","Trait5","FASTmrMLM","NsiI.TP396040","3","72109079","-3.1245e-05","0.0069","A"
"4","Trait5","FASTmrMLM","NsiI.TP83920","3","72112802","-0.0477","0.4581","C"
"4","Trait5","FASTmrMLM","PstI.TP1046316","3","72119163","-1.2705e-05","0.0028","A"
"4","Trait5","FASTmrMLM","PstI.TP1241108","3","72141013","3.7985e-05","0.0083","A"
"4","Trait5","FASTmrMLM","PstI.TP898136","3","72148923","2.7619e-08","6.0116e-06","C"
"4","Trait5","FASTmrMLM","NsiI.TP127064","3","72149010","0.1426","0.6291","A"
"4","Trait5","FASTmrMLM","PstI.TP204092","3","72149469","0.0985","0.995","A"
"4","Trait5","FASTmrMLM","PstI.TP145862","3","72157475","1.7948e-05","0.0039","G"
"4","Trait5","FASTmrMLM","PstI.TP262789","3","72159095","-1.4797e-05","0.0032","A"
"4","Trait5","FASTmrMLM","NsiI.TP171909","3","72216197","-2.2396e-06","5e-04","C"
"4","Trait5","FASTmrMLM","NsiI.TP177413","3","72216222","0.1768","0.8264","A"
"4","Trait5","FASTmrMLM","PstI.TP754993","3","72228785","-5.7087e-06","0.0012","C"
"4","Trait5","FASTmrMLM","NsiI.TP163434","3","72233817","0.0446","0.4773","A"
"4","Trait5","FASTmrMLM","PstI.TP1153923","3","72256661","-1.2265e-05","0.0027","C"
"4","Trait5","FASTmrMLM","GFSSContig6446_373","3","72296527","8.5562e-06","0.0019","T"
"4","Trait5","FASTmrMLM","NsiI.TP73322","3","72308329","1.0457e-05","0.0023","C"
"4","Trait5","FASTmrMLM","NsiI.TP250160","3","72327869","1.3454e-05","0.0029","A"
"4","Trait5","FASTmrMLM","PstI.TP329796","3","72330956","-1e-04","0.0113","C"
"4","Trait5","FASTmrMLM","PstI.TP279809","3","72330993","-9.0735e-06","0.002","A"
"4","Trait5","FASTmrMLM","NsiI.TP218730","3","72336467","-0.0321","0.3015","C"
"4","Trait5","FASTmrMLM","PstI.TP682612","3","72341823","5.5954e-06","0.0012","A"
"4","Trait5","FASTmrMLM","NsiI.TP475401","3","72357250","0.148","1.1441","A"
"4","Trait5","FASTmrMLM","PstI.TP806771","3","72365455","-2.2915e-05","0.005","A"
"4","Trait5","FASTmrMLM","PstI.TP233305","3","72380511","0.14","1.032","A"
"4","Trait5","FASTmrMLM","PstI.TP664073","3","72380597","2.3931e-05","0.0052","C"
"4","Trait5","FASTmrMLM","NsiI.TP645635","3","72384458","-0.0533","0.3779","C"
"4","Trait5","FASTmrMLM","NsiI.TP630701","3","72384480","-6.4238e-06","0.0014","A"
"4","Trait5","FASTmrMLM","PstI.TP155675","3","72392047","-4.945e-06","0.0011","A"
"4","Trait5","FASTmrMLM","NsiI.TP421594","3","72392349","8.4762e-06","0.0018","A"
"4","Trait5","FASTmrMLM","NsiI.TP253420","3","72398140","2.4803e-05","0.0054","A"
"4","Trait5","FASTmrMLM","NsiI.TP211589","3","72398492","0.1449","0.7081","C"
"4","Trait5","FASTmrMLM","PstI.TP799973","3","72401926","-1.3364e-05","0.0029","A"
"4","Trait5","FASTmrMLM","PstI.TP81443","3","72402402","6.1245e-06","0.0013","C"
"4","Trait5","FASTmrMLM","NsiI.TP770208","3","72404689","-1.2515e-06","3e-04","C"
"4","Trait5","FASTmrMLM","PstI.TP668030","3","72408331","-9.6165e-06","0.0021","A"
"4","Trait5","FASTmrMLM","NsiI.TP244372","3","72408680","-0.0418","0.4878","A"
"4","Trait5","FASTmrMLM","PstI.TP942393","3","72444465","-1.1943e-06","3e-04","A"
"4","Trait5","FASTmrMLM","PstI.TP5232","3","72451142","-7.2245e-06","0.0016","C"
"4","Trait5","FASTmrMLM","PstI.TP351441","3","72475949","-3.0929e-05","0.0068","A"
"4","Trait5","FASTmrMLM","NsiI.TP778547","3","72499499","-5.4343e-06","0.0012","A"
"4","Trait5","FASTmrMLM","PstI.TP753532","3","72504255","-2.8132e-05","0.0062","G"
"4","Trait5","FASTmrMLM","PstI.TP178192","3","72519537","-1e-04","0.0091","G"
"4","Trait5","FASTmrMLM","PstI.TP178194","3","72519583","4.9343e-06","0.0011","A"
"4","Trait5","FASTmrMLM","PstI.TP187280","3","72520423","7.1879e-06","0.0016","C"
"4","Trait5","FASTmrMLM","PstI.TP795371","3","72534871","2.6243e-05","0.0058","C"
"4","Trait5","FASTmrMLM","PstI.TP1248796","3","72560557","-5.8772e-06","0.0013","A"
"4","Trait5","FASTmrMLM","PstI.TP1198599","3","72561086","3.2635e-05","0.0072","C"
"4","Trait5","FASTmrMLM","PstI.TP68420","3","72562123","-0.1283","0.6489","A"
"4","Trait5","FASTmrMLM","NsiI.TP823075","3","72605095","-0.0431","0.3513","C"
"4","Trait5","FASTmrMLM","NsiI.TP815078","3","72615887","-7.3627e-06","0.0016","A"
"4","Trait5","FASTmrMLM","NsiI.TP4650","3","72617483","-2.7391e-05","0.006","A"
"4","Trait5","FASTmrMLM","PstI.TP338489","3","72629780","-3.9626e-05","0.0087","A"
"4","Trait5","FASTmrMLM","NsiI.TP428251","3","72635092","0.0324","0.2546","C"
"4","Trait5","FASTmrMLM","NsiI.TP176283","3","72635877","-0.0392","0.2109","G"
"4","Trait5","FASTmrMLM","PstI.TP1144421","3","72644550","1.0593e-05","0.0023","A"
"4","Trait5","FASTmrMLM","PstI.TP1144762","3","72644583","-4.3052e-05","0.0095","C"
"4","Trait5","FASTmrMLM","NsiI.TP195396","3","72661661","-0.1578","1.1008","A"
"4","Trait5","FASTmrMLM","PstI.TP762612","3","72663785","1.7119e-06","4e-04","A"
"4","Trait5","FASTmrMLM","NsiI.TP263500","3","72673824","1.2329e-05","0.0027","C"
"4","Trait5","FASTmrMLM","PstI.TP1270458","3","72678410","-0.0378","0.4199","G"
"4","Trait5","FASTmrMLM","NsiI.TP737521","3","72694500","-3.5364e-05","0.0078","C"
"4","Trait5","FASTmrMLM","NsiI.TP442195","3","72697158","1.6421e-05","0.0036","A"
"4","Trait5","FASTmrMLM","PstI.TP647653","3","72697701","0.0631","0.7083","C"
"4","Trait5","FASTmrMLM","NsiI.TP41276","3","72703220","-1.5273e-06","3e-04","A"
"4","Trait5","FASTmrMLM","PstI.TP1107761","3","72704680","6.9586e-06","0.0015","A"
"4","Trait5","FASTmrMLM","NsiI.TP513666","3","72716471","0.1458","1.3569","A"
"4","Trait5","FASTmrMLM","PstI.TP505588","3","72716537","3.0755e-06","7e-04","C"
"4","Trait5","FASTmrMLM","PstI.TP428584","3","72723527","-0.1152","0.7084","C"
"4","Trait5","FASTmrMLM","NsiI.TP502933","3","72742685","0.0287","0.3469","C"
"4","Trait5","FASTmrMLM","NsiI.TP224530","3","72743117","0.1108","0.3496","A"
"4","Trait5","FASTmrMLM","NsiI.TP553613","3","72745621","-1.6504e-05","0.0036","G"
"4","Trait5","FASTmrMLM","NsiI.TP615894","3","72754264","0.0552","0.3624","A"
"4","Trait5","FASTmrMLM","PstI.TP338258","3","72759792","9.522e-06","0.0021","G"
"4","Trait5","FASTmrMLM","NsiI.TP822394","3","72776168","-2.3526e-05","0.0052","A"
"4","Trait5","FASTmrMLM","PstI.TP314655","3","72791842","-7.7847e-06","0.0017","A"
"4","Trait5","FASTmrMLM","NsiI.TP17480","3","72792213","-1.4711e-05","0.0032","A"
"4","Trait5","FASTmrMLM","PstI.TP986205","3","72802717","-2.3618e-06","5e-04","C"
"4","Trait5","FASTmrMLM","PstI.TP1124223","3","72814129","0.0539","0.3455","C"
"4","Trait5","FASTmrMLM","NsiI.TP460223","3","72815501","-2.4171e-05","0.0053","A"
"4","Trait5","FASTmrMLM","NsiI.TP64069","3","72817675","0.2162","1.0143","C"
"4","Trait5","FASTmrMLM","NsiI.TP751897","3","72836667","1.9564e-05","0.0043","A"
"4","Trait5","FASTmrMLM","NsiI.TP263217","3","72840362","-2.4042e-05","0.0053","A"
"4","Trait5","FASTmrMLM","PstI.TP1206536","3","72840397","0.1727","1.4996","A"
"4","Trait5","FASTmrMLM","PstI.TP1250074","3","72840429","-0.1442","0.735","C"
"4","Trait5","FASTmrMLM","NsiI.TP693881","3","72845855","2.279e-05","0.005","A"
"4","Trait5","FASTmrMLM","PstI.TP495912","3","72850069","-1.1199e-05","0.0024","A"
"4","Trait5","FASTmrMLM","PstI.TP457576","3","72854766","-5.6501e-06","0.0012","A"
"4","Trait5","FASTmrMLM","PstI.TP426801","3","72873242","-0.0318","0.3494","C"
"4","Trait5","FASTmrMLM","NsiI.TP409467","3","72878819","1.2605e-06","3e-04","C"
"4","Trait5","FASTmrMLM","PstI.TP59482","3","72881051","1.2397e-05","0.0027","C"
"4","Trait5","FASTmrMLM","PstI.TP891165","3","72909897","2.0986e-06","5e-04","A"
"4","Trait5","FASTmrMLM","PstI.TP133012","3","72913190","1.6027e-05","0.0035","C"
"4","Trait5","FASTmrMLM","NsiI.TP473026","3","72913418","1.3512e-05","0.003","A"
"4","Trait5","FASTmrMLM","PstI.TP720237","3","72913450","-0.1027","0.6678","A"
"4","Trait5","FASTmrMLM","NsiI.TP66607","3","72925427","-2.2349e-05","0.0049","A"
"4","Trait5","FASTmrMLM","NsiI.TP152796","3","72941657","-0.0036","0.1","C"
"4","Trait5","FASTmrMLM","PstI.TP924470","3","72950968","-9.645e-06","0.0021","A"
"4","Trait5","FASTmrMLM","NsiI.TP392536","3","72995483","2.3493e-05","0.0051","A"
"4","Trait5","FASTmrMLM","PstI.TP540228","3","73006322","-8.7075e-06","0.0019","C"
"4","Trait5","FASTmrMLM","NsiI.TP442084","3","73011596","3.9586e-05","0.0087","A"
"4","Trait5","FASTmrMLM","NsiI.TP376338","3","73019311","1.8575e-05","0.0041","A"
"4","Trait5","FASTmrMLM","PstI.TP264349","3","73030966","4.9255e-06","0.0011","A"
"4","Trait5","FASTmrMLM","PstI.TP318195","3","73032713","-1.8964e-05","0.0041","C"
"4","Trait5","FASTmrMLM","PstI.TP456192","3","73032770","0.13","0.6761","A"
"4","Trait5","FASTmrMLM","PstI.TP37723","3","73045620","-2.2827e-05","0.005","C"
"4","Trait5","FASTmrMLM","PstI.TP922855","3","73053768","-2.1618e-05","0.0047","A"
"4","Trait5","FASTmrMLM","PstI.TP1270259","3","73055182","2.0978e-05","0.0046","A"
"4","Trait5","FASTmrMLM","NsiI.TP689859","3","73077435","0.0423","0.4239","A"
"4","Trait5","FASTmrMLM","PstI.TP42625","3","73083763","0.0091","0.1552","C"
"4","Trait5","FASTmrMLM","PstI.TP872193","3","73084011","-4.7943e-06","0.001","C"
"4","Trait5","FASTmrMLM","PstI.TP798238","3","73087364","2.6033e-05","0.0057","C"
"4","Trait5","FASTmrMLM","PstI.TP936850","3","73106932","1.7519e-05","0.0038","C"
"4","Trait5","FASTmrMLM","PstI.TP981152","3","73114919","-4.8168e-07","1e-04","A"
"4","Trait5","FASTmrMLM","NsiI.TP615300","3","73120136","0.1005","0.5573","A"
"4","Trait5","FASTmrMLM","PstI.TP99861","3","73138767","7.0753e-06","0.0015","A"
"4","Trait5","FASTmrMLM","NsiI.TP430210","3","73142543","6.0811e-06","0.0013","C"
"4","Trait5","FASTmrMLM","PstI.TP1271938","3","73149860","-1.5927e-05","0.0035","C"
"4","Trait5","FASTmrMLM","GFSSContig2914_315","3","73150306","0.0812","0.7675","T"
"4","Trait5","FASTmrMLM","PstI.TP343944","3","73164839","-2.515e-06","5e-04","G"
"4","Trait5","FASTmrMLM","PstI.TP1062251","3","73165084","-3.1642e-05","0.0069","A"
"4","Trait5","FASTmrMLM","PstI.TP1062252","3","73165103","-0.0167","0.1639","A"
"4","Trait5","FASTmrMLM","NsiI.TP356712","3","73168456","-0.0598","0.3899","G"
"4","Trait5","FASTmrMLM","PstI.TP1079502","3","73170955","1.433e-05","0.0031","C"
"4","Trait5","FASTmrMLM","PstI.TP248986","3","73178542","-0.1798","1.4181","C"
"4","Trait5","FASTmrMLM","PstI.TP173195","3","73184477","-0.0769","0.5146","C"
"4","Trait5","FASTmrMLM","PstI.TP135129","3","73200688","1.4004e-06","3e-04","C"
"4","Trait5","FASTmrMLM","NsiI.TP530822","3","73205140","1.3671e-05","0.003","C"
"4","Trait5","FASTmrMLM","NsiI.TP197829","3","73223691","0.0245","0.2742","C"
"4","Trait5","FASTmrMLM","PstI.TP601322","3","73231445","1.4433e-05","0.0032","C"
"4","Trait5","FASTmrMLM","PstI.TP908088","3","73239870","-3.6046e-05","0.0079","A"
"4","Trait5","FASTmrMLM","NsiI.TP329929","3","73241123","-2.1618e-05","0.0047","A"
"4","Trait5","FASTmrMLM","PstI.TP190216","3","73241576","5.1676e-05","0.0114","A"
"4","Trait5","FASTmrMLM","NsiI.TP802657","3","73241783","0.011","0.1823","C"
"4","Trait5","FASTmrMLM","PstI.TP749398","3","73262747","0.0693","0.4724","A"
"4","Trait5","FASTmrMLM","PstI.TP261417","3","73269489","-0.0479","0.3589","C"
"4","Trait5","FASTmrMLM","NsiI.TP303398","3","73301221","-3.294e-06","7e-04","A"
"4","Trait5","FASTmrMLM","NsiI.TP588258","3","73310107","2.682e-06","6e-04","A"
"4","Trait5","FASTmrMLM","PstI.TP435484","3","73310470","-2.9891e-06","7e-04","C"
"4","Trait5","FASTmrMLM","PstI.TP1256343","3","73319224","9.4431e-06","0.0021","A"
"4","Trait5","FASTmrMLM","NsiI.TP244617","3","73319930","-1.2852e-05","0.0028","A"
"4","Trait5","FASTmrMLM","NsiI.TP554929","3","73321437","0.2644","2.6526","C"
"4","Trait5","FASTmrMLM","PstI.TP967803","3","73321934","1.6702e-06","4e-04","G"
"4","Trait5","FASTmrMLM","NsiI.TP550959","3","73321962","-0.0372","0.4932","G"
"4","Trait5","FASTmrMLM","NsiI.TP480919","3","73344597","9.9944e-06","0.0022","G"
"4","Trait5","FASTmrMLM","NsiI.TP454481","3","73353862","1.4361e-05","0.0031","C"
"4","Trait5","FASTmrMLM","PstI.TP1059288","3","73376494","2.7518e-05","0.006","G"
"4","Trait5","FASTmrMLM","NsiI.TP661879","3","73421724","0.1121","1.642","C"
"4","Trait5","FASTmrMLM","NsiI.TP136567","3","73427286","5.5742e-06","0.0012","C"
"4","Trait5","FASTmrMLM","NsiI.TP672558","3","73427308","-2.7244e-06","6e-04","C"
"4","Trait5","FASTmrMLM","NsiI.TP136698","3","73427320","-1.1223e-05","0.0024","G"
"4","Trait5","FASTmrMLM","NsiI.TP163982","3","73427335","2.7428e-06","6e-04","A"
"4","Trait5","FASTmrMLM","NsiI.TP669481","3","73429735","2.0228e-05","0.0044","C"
"4","Trait5","FASTmrMLM","NsiI.TP540545","3","73442407","-0.3064","2.1903","C"
"4","Trait5","FASTmrMLM","PstI.TP996188","3","73444130","6.1832e-06","0.0013","G"
"4","Trait5","FASTmrMLM","PstI.TP439066","3","73445402","0.1561","0.5897","C"
"4","Trait5","FASTmrMLM","PstI.TP439065","3","73445409","0.074","0.465","A"
"4","Trait5","FASTmrMLM","NsiI.TP533200","3","73448428","1.202e-05","0.0026","C"
"4","Trait5","FASTmrMLM","PstI.TP195257","3","73454659","-3.1203e-06","7e-04","A"
"4","Trait5","FASTmrMLM","PstI.TP1014699","3","73502246","-4.1188e-06","9e-04","A"
"4","Trait5","FASTmrMLM","NsiI.TP473257","3","73502806","0.0123","0.1384","A"
"4","Trait5","FASTmrMLM","PstI.TP765244","3","73539517","-1.2876e-05","0.0028","A"
"4","Trait5","FASTmrMLM","NsiI.TP801841","3","73553633","-0.0761","0.4089","A"
"4","Trait5","FASTmrMLM","PstI.TP1023531","3","73557384","-0.0776","0.5991","C"
"4","Trait5","FASTmrMLM","PstI.TP755163","3","73580364","1.6729e-05","0.0037","C"
"4","Trait5","FASTmrMLM","PstI.TP1332","3","73617488","0.0814","0.4101","A"
"4","Trait5","FASTmrMLM","PstI.TP286801","3","73633053","-6.3839e-06","0.0014","C"
"4","Trait5","FASTmrMLM","PstI.TP1131250","3","73634827","0.0169","0.244","C"
"4","Trait5","FASTmrMLM","GFSSContig14223_306","3","73649965","2.7178e-05","0.006","T"
"4","Trait5","FASTmrMLM","PstI.TP323081","3","73665845","3.6315e-06","8e-04","C"
"4","Trait5","FASTmrMLM","PstI.TP323101","3","73665851","-6.9199e-06","0.0015","C"
"4","Trait5","FASTmrMLM","PstI.TP1294611","3","73704669","3.797e-05","0.0083","C"
"4","Trait5","FASTmrMLM","PstI.TP233282","3","73735479","-1.9943e-05","0.0044","A"
"4","Trait5","FASTmrMLM","PstI.TP1100905","3","73743770","2.9994e-06","7e-04","G"
"4","Trait5","FASTmrMLM","PstI.TP477812","3","73744508","2e-04","0.0134","C"
"4","Trait5","FASTmrMLM","NsiI.TP144440","3","73756470","-0.0929","0.511","A"
"4","Trait5","FASTmrMLM","NsiI.TP144436","3","73756484","-0.2302","1.2821","C"
"4","Trait5","FASTmrMLM","NsiI.TP251016","3","73789751","2.073e-05","0.0045","A"
"4","Trait5","FASTmrMLM","PstI.TP1146475","3","73807045","-0.0356","0.3255","G"
"4","Trait5","FASTmrMLM","NsiI.TP515499","3","73834383","-0.0253","0.1899","A"
"4","Trait5","FASTmrMLM","NsiI.TP515498","3","73834433","-1.0647e-05","0.0023","C"
"4","Trait5","FASTmrMLM","NsiI.TP195520","3","73836019","1.0016e-05","0.0022","G"
"4","Trait5","FASTmrMLM","NsiI.TP685527","3","73884192","4.6981e-05","0.0103","A"
"4","Trait5","FASTmrMLM","NsiI.TP685474","3","73884202","0.0821","0.6507","A"
"4","Trait5","FASTmrMLM","PstI.TP1004277","3","73886342","-9.0042e-06","0.002","C"
"4","Trait5","FASTmrMLM","PstI.TP1004248","3","73886346","3.2788e-06","7e-04","C"
"4","Trait5","FASTmrMLM","PstI.TP115378","3","73935711","0.1203","1.6938","A"
"4","Trait5","FASTmrMLM","PstI.TP485188","3","73943256","-2.3516e-05","0.0051","C"
"4","Trait5","FASTmrMLM","NsiI.TP426299","3","73949400","-2.0246e-06","4e-04","C"
"4","Trait5","FASTmrMLM","PstI.TP1031256","3","73960143","4.4029e-06","0.001","C"
"4","Trait5","FASTmrMLM","PstI.TP1178079","3","74031494","-9.3795e-06","0.002","C"
"4","Trait5","FASTmrMLM","NsiI.TP392823","3","74032182","1.1113e-05","0.0024","C"
"4","Trait5","FASTmrMLM","PstI.TP639987","3","74052057","-3.2363e-06","7e-04","C"
"4","Trait5","FASTmrMLM","NsiI.TP414","3","74056366","-2.7118e-05","0.0059","A"
"4","Trait5","FASTmrMLM","NsiI.TP804051","3","74083102","-9.1771e-06","0.002","C"
"4","Trait5","FASTmrMLM","PstI.TP1249457","3","74100631","0.0479","0.2957","A"
"4","Trait5","FASTmrMLM","NsiI.TP117152","3","74104438","-1.1508e-05","0.0025","C"
"4","Trait5","FASTmrMLM","PstI.TP180348","3","74109186","7.6984e-06","0.0017","A"
"4","Trait5","FASTmrMLM","NsiI.TP436820","3","74118413","-0.0561","0.6347","A"
"4","Trait5","FASTmrMLM","NsiI.TP423114","3","74119294","-0.0387","0.3741","C"
"4","Trait5","FASTmrMLM","PstI.TP732464","3","74132330","2.3253e-05","0.0051","A"
"4","Trait5","FASTmrMLM","NsiI.TP716447","3","74142751","0.0977","1.2448","C"
"4","Trait5","FASTmrMLM","NsiI.TP703205","3","74196970","-1.5087e-05","0.0033","C"
"4","Trait5","FASTmrMLM","PstI.TP930877","3","74253026","0.0372","0.2882","A"
"4","Trait5","FASTmrMLM","NsiI.TP151264","3","74264365","1.8987e-05","0.0042","A"
"4","Trait5","FASTmrMLM","NsiI.TP694210","3","74274384","0.0211","0.2329","C"
"4","Trait5","FASTmrMLM","NsiI.TP353958","3","74302874","-4.3047e-06","9e-04","C"
"4","Trait5","FASTmrMLM","PstI.TP706641","3","74303182","-1.5599e-05","0.0034","C"
"4","Trait5","FASTmrMLM","PstI.TP1223187","3","74310960","-0.2359","0.7781","A"
"4","Trait5","FASTmrMLM","PstI.TP568461","3","74315454","-6.8452e-06","0.0015","A"
"4","Trait5","FASTmrMLM","PstI.TP7926","3","74328750","-1.0041e-05","0.0022","G"
"4","Trait5","FASTmrMLM","PstI.TP744909","3","74341871","-1.9403e-06","4e-04","A"
"4","Trait5","FASTmrMLM","PstI.TP1060094","3","74361925","2.7387e-05","0.006","A"
"4","Trait5","FASTmrMLM","NsiI.TP10232","3","74376488","-3e-04","0.0136","A"
"4","Trait5","FASTmrMLM","PstI.TP621994","3","74383503","1.1267e-05","0.0025","G"
"4","Trait5","FASTmrMLM","PstI.TP1178670","4","54185","-9.4153e-06","0.0021","A"
"4","Trait5","FASTmrMLM","NsiI.TP744165","4","55823","1.0168e-05","0.0022","G"
"4","Trait5","FASTmrMLM","NsiI.TP515938","4","63106","5.4349e-06","0.0012","C"
"4","Trait5","FASTmrMLM","NsiI.TP801135","4","63162","9.5914e-06","0.0021","C"
"4","Trait5","FASTmrMLM","PstI.TP1119191","4","72019","-1.118e-05","0.0024","A"
"4","Trait5","FASTmrMLM","NsiI.TP76340","4","72467","2.0319e-05","0.0044","G"
"4","Trait5","FASTmrMLM","PstI.TP358092","4","78246","-6.0703e-06","0.0013","C"
"4","Trait5","FASTmrMLM","PstI.TP358095","4","78261","-2.9265e-05","0.0064","G"
"4","Trait5","FASTmrMLM","NsiI.TP112859","4","112373","-1.3355e-05","0.0029","C"
"4","Trait5","FASTmrMLM","PstI.TP128224","4","119123","-1.2789e-05","0.0028","G"
"4","Trait5","FASTmrMLM","PstI.TP257531","4","120954","7.0113e-06","0.0015","A"
"4","Trait5","FASTmrMLM","NsiI.TP374846","4","121049","-0.0268","0.2224","C"
"4","Trait5","FASTmrMLM","PstI.TP172702","4","135426","0.0587","0.5278","C"
"4","Trait5","FASTmrMLM","PstI.TP1280524","4","135529","7.1104e-06","0.0016","G"
"4","Trait5","FASTmrMLM","PstI.TP894344","4","148931","0.1086","1.1656","C"
"4","Trait5","FASTmrMLM","GFSSContig17930_1907","4","176618","-7.6696e-06","0.0017","A"
"4","Trait5","FASTmrMLM","PstI.TP704363","4","180971","-8.5849e-06","0.0019","G"
"4","Trait5","FASTmrMLM","PstI.TP777325","4","184981","-1.0476e-05","0.0023","A"
"4","Trait5","FASTmrMLM","PstI.TP934142","4","194652","3.2912e-05","0.0072","A"
"4","Trait5","FASTmrMLM","PstI.TP744500","4","207873","1.4024e-06","3e-04","A"
"4","Trait5","FASTmrMLM","PstI.TP718962","4","252030","1.8154e-05","0.004","A"
"4","Trait5","FASTmrMLM","PstI.TP713541","4","274858","-6.1587e-06","0.0013","A"
"4","Trait5","FASTmrMLM","PstI.TP1193006","4","373781","-1.1015e-05","0.0024","A"
"4","Trait5","FASTmrMLM","PstI.TP1003955","4","393469","-0.2168","1.3079","A"
"4","Trait5","FASTmrMLM","NsiI.TP203425","4","416511","-0.3762","1.2765","A"
"4","Trait5","FASTmrMLM","PstI.TP509367","4","420393","-1.8175e-06","4e-04","C"
"4","Trait5","FASTmrMLM","PstI.TP984365","4","420529","0.3703","1.0544","C"
"4","Trait5","FASTmrMLM","NsiI.TP412948","4","420625","-2.0166e-05","0.0044","A"
"4","Trait5","FASTmrMLM","PstI.TP1202955","4","421405","-3.1749e-06","7e-04","A"
"4","Trait5","FASTmrMLM","PstI.TP287066","4","421567","-7.3511e-07","2e-04","G"
"4","Trait5","FASTmrMLM","NsiI.TP519733","4","421752","3e-04","0.0146","A"
"4","Trait5","FASTmrMLM","NsiI.TP12005","4","443266","1.0698e-05","0.0023","A"
"4","Trait5","FASTmrMLM","PstI.TP1229853","4","446677","3.0678e-06","7e-04","A"
"4","Trait5","FASTmrMLM","NsiI.TP200263","4","525550","-2.5831e-05","0.0057","A"
"4","Trait5","FASTmrMLM","NsiI.TP688400","4","530630","3.1804e-06","7e-04","A"
"4","Trait5","FASTmrMLM","PstI.TP1010357","4","571391","-1.0623e-05","0.0023","C"
"4","Trait5","FASTmrMLM","PstI.TP149283","4","660442","-7.6202e-06","0.0017","A"
"4","Trait5","FASTmrMLM","NsiI.TP364708","4","663022","0.0865","0.7046","A"
"4","Trait5","FASTmrMLM","PstI.TP189469","4","665915","8.2834e-06","0.0018","C"
"4","Trait5","FASTmrMLM","PstI.TP189474","4","665951","-1.0587e-05","0.0023","C"
"4","Trait5","FASTmrMLM","PstI.TP1250993","4","666401","2.9009e-05","0.0064","A"
"4","Trait5","FASTmrMLM","PstI.TP338799","4","666525","8.5596e-06","0.0019","A"
"4","Trait5","FASTmrMLM","NsiI.TP395809","4","675900","6.473e-06","0.0014","G"
"4","Trait5","FASTmrMLM","NsiI.TP684349","4","684636","-4.2817e-06","9e-04","A"
"4","Trait5","FASTmrMLM","NsiI.TP684348","4","684662","-0.3365","0.9984","C"
"4","Trait5","FASTmrMLM","PstI.TP219514","4","691478","3.1935e-05","0.007","C"
"4","Trait5","FASTmrMLM","PstI.TP1227785","4","692003","-0.1127","0.6453","G"
"4","Trait5","FASTmrMLM","PstI.TP929440","4","697214","-0.0424","0.356","C"
"4","Trait5","FASTmrMLM","PstI.TP1021884","4","738112","-1.573e-05","0.0034","C"
"4","Trait5","FASTmrMLM","PstI.TP235956","4","743591","-0.0143","0.2128","A"
"4","Trait5","FASTmrMLM","PstI.TP161537","4","745375","2.796e-05","0.0061","A"
"4","Trait5","FASTmrMLM","PstI.TP161583","4","745375","6.5085e-06","0.0014","A"
"4","Trait5","FASTmrMLM","PstI.TP207794","4","746946","8.2499e-06","0.0018","C"
"4","Trait5","FASTmrMLM","PstI.TP343524","4","750739","-0.0417","0.2477","A"
"4","Trait5","FASTmrMLM","NsiI.TP120973","4","763707","-2.4353e-05","0.0053","C"
"4","Trait5","FASTmrMLM","NsiI.TP120962","4","763742","0.0248","0.2018","A"
"4","Trait5","FASTmrMLM","NsiI.TP415605","4","763962","6.9174e-06","0.0015","A"
"4","Trait5","FASTmrMLM","NsiI.TP100753","4","777737","6.0132e-07","1e-04","A"
"4","Trait5","FASTmrMLM","PstI.TP1276029","4","795438","-6.3669e-06","0.0014","C"
"4","Trait5","FASTmrMLM","NsiI.TP316163","4","813552","0.1367","0.8475","C"
"4","Trait5","FASTmrMLM","NsiI.TP826544","4","820136","2e-04","0.0139","A"
"4","Trait5","FASTmrMLM","NsiI.TP275870","4","820523","-4.4019e-06","0.001","A"
"4","Trait5","FASTmrMLM","GFSSContig19151_2029","4","821892","1.7027e-05","0.0037","T"
"4","Trait5","FASTmrMLM","NsiI.TP403496","4","824979","1.3623e-05","0.003","A"
"4","Trait5","FASTmrMLM","PstI.TP922777","4","829116","-0.1505","0.9668","C"
"4","Trait5","FASTmrMLM","NsiI.TP191068","4","829116","-0.1035","0.583","C"
"4","Trait5","FASTmrMLM","PstI.TP264938","4","829188","3.4786e-06","8e-04","A"
"4","Trait5","FASTmrMLM","NsiI.TP226095","4","829188","9.7773e-06","0.0021","A"
"4","Trait5","FASTmrMLM","NsiI.TP469730","4","834771","-4.6304e-05","0.0069","A"
"4","Trait5","FASTmrMLM","NsiI.TP681423","4","835074","0.0513","0.678","C"
"4","Trait5","FASTmrMLM","NsiI.TP627351","4","837334","-0.0869","0.8764","C"
"4","Trait5","FASTmrMLM","PstI.TP471512","4","838209","0.2993","1.8368","C"
"4","Trait5","FASTmrMLM","PstI.TP1027744","4","838258","0.0587","0.5667","C"
"4","Trait5","FASTmrMLM","PstI.TP52512","4","914648","-7.0277e-06","0.0015","A"
"4","Trait5","FASTmrMLM","NsiI.TP337589","4","923915","-0.0408","0.2837","C"
"4","Trait5","FASTmrMLM","NsiI.TP755316","4","982821","6.8223e-06","0.0015","G"
"4","Trait5","FASTmrMLM","PstI.TP345173","4","1007674","1.5012e-06","3e-04","C"
"4","Trait5","FASTmrMLM","NsiI.TP340042","4","1007876","-3.4215e-06","7e-04","A"
"4","Trait5","FASTmrMLM","PstI.TP132713","4","1009711","-0.2561","1.356","A"
"4","Trait5","FASTmrMLM","PstI.TP1194458","4","1033220","-3.2832e-05","0.0072","A"
"4","Trait5","FASTmrMLM","PstI.TP994702","4","1044228","-2.4933e-05","0.0055","C"
"4","Trait5","FASTmrMLM","PstI.TP219303","4","1052705","2.1036e-06","5e-04","A"
"4","Trait5","FASTmrMLM","NsiI.TP676052","4","1055463","-9.6962e-06","0.0021","C"
"4","Trait5","FASTmrMLM","NsiI.TP50387","4","1055492","-4.006e-05","0.0088","A"
"4","Trait5","FASTmrMLM","PstI.TP138714","4","1056939","2.5773e-06","6e-04","C"
"4","Trait5","FASTmrMLM","NsiI.TP274184","4","1065229","-1.1504e-05","0.0025","C"
"4","Trait5","FASTmrMLM","NsiI.TP4941","4","1071933","9.7711e-06","0.0021","C"
"4","Trait5","FASTmrMLM","PstI.TP1046495","4","1086787","6.7851e-06","0.0015","A"
"4","Trait5","FASTmrMLM","NsiI.TP67307","4","1095544","0.1071","0.8725","A"
"4","Trait5","FASTmrMLM","NsiI.TP800527","4","1112622","0.0604","0.6081","A"
"4","Trait5","FASTmrMLM","PstI.TP478177","4","1115646","1.1776e-05","0.0026","A"
"4","Trait5","FASTmrMLM","PstI.TP383572","4","1121106","6.7413e-06","0.0015","C"
"4","Trait5","FASTmrMLM","NsiI.TP666365","4","1124172","0.2179","1.5346","A"
"4","Trait5","FASTmrMLM","PstI.TP1250411","4","1145072","-0.0635","0.7456","A"
"4","Trait5","FASTmrMLM","PstI.TP77040","4","1147463","0.3342","2.1754","A"
"4","Trait5","FASTmrMLM","NsiI.TP533294","4","1147786","-0.0453","0.261","C"
"4","Trait5","FASTmrMLM","PstI.TP12754","4","1184144","2.6456e-06","6e-04","A"
"4","Trait5","FASTmrMLM","PstI.TP716830","4","1195696","-2.2755e-05","0.005","C"
"4","Trait5","FASTmrMLM","NsiI.TP100088","4","1265369","-0.1428","0.4946","C"
"4","Trait5","FASTmrMLM","PstI.TP106235","4","1307357","-0.3352","0.9566","C"
"4","Trait5","FASTmrMLM","PstI.TP583331","4","1337875","-0.0414","0.3526","C"
"4","Trait5","FASTmrMLM","PstI.TP583332","4","1337909","-1.3738e-05","0.003","C"
"4","Trait5","FASTmrMLM","NsiI.TP345799","4","1359670","-2.2627e-05","0.005","A"
"4","Trait5","FASTmrMLM","NsiI.TP182518","4","1371109","0.0642","0.3438","C"
"4","Trait5","FASTmrMLM","PstI.TP217551","4","1371186","0.036","0.1828","A"
"4","Trait5","FASTmrMLM","PstI.TP1252901","4","1372858","-0.0228","0.1526","A"
"4","Trait5","FASTmrMLM","PstI.TP875232","4","1379976","-1e-04","0.0112","G"
"4","Trait5","FASTmrMLM","PstI.TP442449","4","1386178","7.7011e-07","2e-04","C"
"4","Trait5","FASTmrMLM","PstI.TP848855","4","1420176","-0.0839","0.5616","A"
"4","Trait5","FASTmrMLM","NsiI.TP410126","4","1427603","0.2362","1.4511","C"
"4","Trait5","FASTmrMLM","NsiI.TP324394","4","1436115","0.1773","0.7635","C"
"4","Trait5","FASTmrMLM","PstI.TP100405","4","1454906","-0.0772","0.7164","C"
"4","Trait5","FASTmrMLM","PstI.TP47294","4","1457368","1.5239e-05","0.0033","C"
"4","Trait5","FASTmrMLM","PstI.TP262567","4","1479003","1.5521e-05","0.0034","A"
"4","Trait5","FASTmrMLM","NsiI.TP635021","4","1491524","2e-04","0.0108","C"
"4","Trait5","FASTmrMLM","PstI.TP350585","4","1509412","-2.4772e-05","0.0054","C"
"4","Trait5","FASTmrMLM","NsiI.TP684170","4","1520200","-2.612e-06","6e-04","A"
"4","Trait5","FASTmrMLM","NsiI.TP173630","4","1520212","-0.0363","0.228","C"
"4","Trait5","FASTmrMLM","PstI.TP1019463","4","1525044","9.0247e-07","2e-04","C"
"4","Trait5","FASTmrMLM","NsiI.TP46244","4","1540278","1.8421e-05","0.004","C"
"4","Trait5","FASTmrMLM","PstI.TP1069273","4","1570159","-0.1692","1.7247","C"
"4","Trait5","FASTmrMLM","PstI.TP160183","4","1580413","-0.2755","1.4308","A"
"4","Trait5","FASTmrMLM","PstI.TP494672","4","1583739","-0.073","0.6623","C"
"4","Trait5","FASTmrMLM","PstI.TP385231","4","1587194","8.9459e-06","0.002","A"
"4","Trait5","FASTmrMLM","PstI.TP1117511","4","1590390","1.4043e-05","0.0031","A"
"4","Trait5","FASTmrMLM","PstI.TP1005096","4","1608243","-1.47e-05","0.0032","C"
"4","Trait5","FASTmrMLM","NsiI.TP340936","4","1635314","-1.0715e-05","0.0023","C"
"4","Trait5","FASTmrMLM","PstI.TP1251","4","1637098","0.0988","0.9556","A"
"4","Trait5","FASTmrMLM","NsiI.TP429824","4","1665285","1.0269e-06","2e-04","A"
"4","Trait5","FASTmrMLM","PstI.TP542628","4","1690566","5.5171e-06","0.0012","A"
"4","Trait5","FASTmrMLM","PstI.TP106029","4","1757035","1.6124e-05","0.0035","C"
"4","Trait5","FASTmrMLM","PstI.TP17078","4","1779295","-1.6369e-05","0.0036","A"
"4","Trait5","FASTmrMLM","PstI.TP314326","4","1792445","-2.533e-06","6e-04","C"
"4","Trait5","FASTmrMLM","NsiI.TP636470","4","1801601","-1.2139e-05","0.0026","A"
"4","Trait5","FASTmrMLM","NsiI.TP616318","4","1844961","-1.6207e-05","0.0035","C"
"4","Trait5","FASTmrMLM","PstI.TP704692","4","1863881","2.6178e-05","0.0057","C"
"4","Trait5","FASTmrMLM","PstI.TP1286323","4","1881541","-1.6113e-05","0.0035","C"
"4","Trait5","FASTmrMLM","PstI.TP1036080","4","1894451","0.1628","1.6919","C"
"4","Trait5","FASTmrMLM","PstI.TP1137612","4","1936764","0.2605","1.813","C"
"4","Trait5","FASTmrMLM","PstI.TP597841","4","1943404","-0.1229","1.0176","A"
"4","Trait5","FASTmrMLM","NsiI.TP823759","4","1947839","-1.1168e-05","0.0024","A"
"4","Trait5","FASTmrMLM","NsiI.TP443522","4","1949621","3.0936e-05","0.0068","C"
"4","Trait5","FASTmrMLM","NsiI.TP348716","4","2007111","7.6227e-06","0.0017","A"
"4","Trait5","FASTmrMLM","PstI.TP845769","4","2010929","1.6765e-05","0.0037","A"
"4","Trait5","FASTmrMLM","NsiI.TP668182","4","2035506","-1.6649e-05","0.0036","A"
"4","Trait5","FASTmrMLM","PstI.TP753697","4","2038364","1.7761e-05","0.0039","A"
"4","Trait5","FASTmrMLM","PstI.TP797882","4","2038467","-0.0641","0.8728","C"
"4","Trait5","FASTmrMLM","PstI.TP708955","4","2043677","0.0158","0.1721","C"
"4","Trait5","FASTmrMLM","NsiI.TP319805","4","2048414","-1.7868e-06","4e-04","A"
"4","Trait5","FASTmrMLM","NsiI.TP547633","4","2054665","-1.9609e-05","0.0043","A"
"4","Trait5","FASTmrMLM","PstI.TP1192938","4","2074508","3.495e-06","8e-04","C"
"4","Trait5","FASTmrMLM","PstI.TP1180325","4","2075190","0.0209","0.2013","C"
"4","Trait5","FASTmrMLM","PstI.TP458006","4","2078229","-4.3546e-06","9e-04","C"
"4","Trait5","FASTmrMLM","PstI.TP1198406","4","2136493","6.4478e-06","0.0014","A"
"4","Trait5","FASTmrMLM","PstI.TP411672","4","2137647","-0.0322","0.3575","A"
"4","Trait5","FASTmrMLM","PstI.TP97507","4","2151212","1.1937e-05","0.0026","A"
"4","Trait5","FASTmrMLM","PstI.TP881801","4","2152103","-6.01e-06","0.0013","A"
"4","Trait5","FASTmrMLM","NsiI.TP421539","4","2153793","-2.7105e-05","0.0059","A"
"4","Trait5","FASTmrMLM","NsiI.TP313761","4","2177668","-1.4797e-05","0.0032","C"
"4","Trait5","FASTmrMLM","NsiI.TP369405","4","2234375","0.0195","0.2654","A"
"4","Trait5","FASTmrMLM","PstI.TP117522","4","2241087","-1.992e-06","4e-04","A"
"4","Trait5","FASTmrMLM","PstI.TP1257939","4","2246447","2.189e-05","0.0048","C"
"4","Trait5","FASTmrMLM","NsiI.TP524000","4","2250308","-1.2624e-05","0.0028","C"
"4","Trait5","FASTmrMLM","PstI.TP1168717","4","2253724","1.0937e-05","0.0024","A"
"4","Trait5","FASTmrMLM","NsiI.TP736858","4","2281889","-2.0899e-05","0.0046","G"
"4","Trait5","FASTmrMLM","PstI.TP587376","4","2288697","-0.0257","0.3476","C"
"4","Trait5","FASTmrMLM","PstI.TP767760","4","2305970","-1e-04","0.0117","A"
"4","Trait5","FASTmrMLM","PstI.TP336253","4","2308455","5.1948e-06","0.0011","G"
"4","Trait5","FASTmrMLM","NsiI.TP460741","4","2309395","1.4579e-05","0.0032","A"
"4","Trait5","FASTmrMLM","PstI.TP256804","4","2309598","3e-04","0.0149","C"
"4","Trait5","FASTmrMLM","PstI.TP256801","4","2309609","2.0449e-06","4e-04","C"
"4","Trait5","FASTmrMLM","NsiI.TP395816","4","2310125","-2.4691e-06","5e-04","C"
"4","Trait5","FASTmrMLM","NsiI.TP402634","4","2310133","0.1232","0.9337","A"
"4","Trait5","FASTmrMLM","PstI.TP1115006","4","2397430","-0.0918","0.7886","C"
"4","Trait5","FASTmrMLM","NsiI.TP618409","4","2405730","7.7617e-06","0.0017","A"
"4","Trait5","FASTmrMLM","PstI.TP952501","4","2430240","4.6742e-07","1e-04","C"
"4","Trait5","FASTmrMLM","PstI.TP1038729","4","2475346","3.7511e-06","8e-04","A"
"4","Trait5","FASTmrMLM","PstI.TP253271","4","2475378","0.1033","0.8767","A"
"4","Trait5","FASTmrMLM","NsiI.TP459409","4","2496748","3.0307e-05","0.0066","A"
"4","Trait5","FASTmrMLM","PstI.TP396850","4","2511406","-1.117e-05","0.0024","C"
"4","Trait5","FASTmrMLM","PstI.TP404712","4","2511431","0.0526","0.3561","A"
"4","Trait5","FASTmrMLM","PstI.TP1198803","4","2512141","-0.0111","0.1955","A"
"4","Trait5","FASTmrMLM","PstI.TP679698","4","2532042","2.358e-05","0.0052","A"
"4","Trait5","FASTmrMLM","NsiI.TP164832","4","2581253","2.6692e-05","0.0058","C"
"4","Trait5","FASTmrMLM","NsiI.TP545330","4","2584742","2.0447e-05","0.0045","C"
"4","Trait5","FASTmrMLM","NsiI.TP346702","4","2590299","0.0371","0.3133","C"
"4","Trait5","FASTmrMLM","PstI.TP20145","4","2594879","6.1227e-06","0.0013","C"
"4","Trait5","FASTmrMLM","PstI.TP1026957","4","2601687","2.0082e-05","0.0044","G"
"4","Trait5","FASTmrMLM","PstI.TP106294","4","2604377","5.4794e-06","0.0012","C"
"4","Trait5","FASTmrMLM","NsiI.TP643859","4","2616618","0.0038","0.0593","C"
"4","Trait5","FASTmrMLM","PstI.TP534854","4","2623672","0.0806","0.6354","C"
"4","Trait5","FASTmrMLM","NsiI.TP434355","4","2627126","-2e-04","0.0127","C"
"4","Trait5","FASTmrMLM","PstI.TP414313","4","2641289","-2.4476e-05","0.0054","C"
"4","Trait5","FASTmrMLM","NsiI.TP501659","4","2656242","-1.2295e-05","0.0027","C"
"4","Trait5","FASTmrMLM","NsiI.TP750458","4","2658745","-2.3905e-05","0.0052","A"
"4","Trait5","FASTmrMLM","PstI.TP242436","4","2670410","-4.0546e-07","8.8285e-05","A"
"4","Trait5","FASTmrMLM","PstI.TP771597","4","2670433","0.1232","1.4179","A"
"4","Trait5","FASTmrMLM","NsiI.TP187166","4","2675078","3e-04","0.0159","A"
"4","Trait5","FASTmrMLM","NsiI.TP187140","4","2675121","-0.0793","0.3506","C"
"4","Trait5","FASTmrMLM","NsiI.TP415166","4","2743039","1.409e-05","0.0031","G"
"4","Trait5","FASTmrMLM","PstI.TP156810","4","2774722","-0.0489","0.2618","A"
"4","Trait5","FASTmrMLM","GFSSContig16982_1242","4","2786738","5.2058e-06","0.0011","A"
"4","Trait5","FASTmrMLM","GFSSContig15731_814","4","2794172","0.0751","0.6971","A"
"4","Trait5","FASTmrMLM","GFSSContig15731_680","4","2794306","-6.0079e-06","0.0013","C"
"4","Trait5","FASTmrMLM","PstI.TP727705","4","2828636","-1.5866e-05","0.0035","C"
"4","Trait5","FASTmrMLM","PstI.TP599396","4","2836730","2.6114e-06","6e-04","C"
"4","Trait5","FASTmrMLM","PstI.TP347648","4","2836741","-2.2645e-05","0.005","A"
"4","Trait5","FASTmrMLM","PstI.TP19970","4","2839309","1.1804e-05","0.0026","A"
"4","Trait5","FASTmrMLM","NsiI.TP314432","4","2842632","-1.8233e-05","0.004","A"
"4","Trait5","FASTmrMLM","PstI.TP812906","4","2889246","-0.0288","0.3648","A"
"4","Trait5","FASTmrMLM","PstI.TP923980","4","2893769","4.7637e-06","0.001","A"
"4","Trait5","FASTmrMLM","PstI.TP899837","4","2894449","2.743e-07","5.971e-05","G"
"4","Trait5","FASTmrMLM","PstI.TP326882","4","2901954","0.0852","0.8971","C"
"4","Trait5","FASTmrMLM","NsiI.TP630102","4","2902616","-9.2196e-06","0.002","A"
"4","Trait5","FASTmrMLM","NsiI.TP42758","4","2918479","-9.9797e-06","0.0022","G"
"4","Trait5","FASTmrMLM","PstI.TP997878","4","2944707","0.0432","0.2933","A"
"4","Trait5","FASTmrMLM","NsiI.TP161169","4","2955612","-3.9649e-06","9e-04","A"
"4","Trait5","FASTmrMLM","PstI.TP453168","4","2961097","1.1348e-05","0.0025","C"
"4","Trait5","FASTmrMLM","PstI.TP1149784","4","2961156","-0.1387","0.6786","C"
"4","Trait5","FASTmrMLM","PstI.TP270489","4","3028995","-2.2089e-05","0.0048","A"
"4","Trait5","FASTmrMLM","PstI.TP687323","4","3040159","0.0298","0.247","A"
"4","Trait5","FASTmrMLM","PstI.TP58487","4","3094074","-3.4966e-05","0.0077","A"
"4","Trait5","FASTmrMLM","PstI.TP385361","4","3192655","2.7903e-05","0.0061","A"
"4","Trait5","FASTmrMLM","PstI.TP132222","4","3227883","-1.1267e-05","0.0025","A"
"4","Trait5","FASTmrMLM","PstI.TP539951","4","3227883","0.0489","0.5104","C"
"4","Trait5","FASTmrMLM","PstI.TP34983","4","3227919","-1.3948e-05","0.003","C"
"4","Trait5","FASTmrMLM","GFSSContig19333_2734","4","3228803","2.1818e-05","0.0048","C"
"4","Trait5","FASTmrMLM","NsiI.TP753313","4","3235012","2.6748e-05","0.0059","C"
"4","Trait5","FASTmrMLM","PstI.TP993480","4","3235053","4.2773e-06","9e-04","C"
"4","Trait5","FASTmrMLM","PstI.TP76409","4","3286176","0.0694","0.5581","A"
"4","Trait5","FASTmrMLM","PstI.TP911826","4","3293902","2.5175e-05","0.0055","A"
"4","Trait5","FASTmrMLM","PstI.TP960878","4","3301312","-0.02","0.1559","A"
"4","Trait5","FASTmrMLM","PstI.TP1272556","4","3340800","0.2481","0.9718","G"
"4","Trait5","FASTmrMLM","PstI.TP11835","4","3358955","-2.8273e-05","0.0062","A"
"4","Trait5","FASTmrMLM","NsiI.TP234225","4","3371419","7.2022e-06","0.0016","C"
"4","Trait5","FASTmrMLM","PstI.TP18693","4","3373673","4.6285e-06","0.001","A"
"4","Trait5","FASTmrMLM","PstI.TP39944","4","3373898","-0.1124","1.1696","A"
"4","Trait5","FASTmrMLM","NsiI.TP753431","4","3374106","-0.3171","2.0365","C"
"4","Trait5","FASTmrMLM","PstI.TP1151448","4","3402389","-1.8356e-06","4e-04","A"
"4","Trait5","FASTmrMLM","NsiI.TP31471","4","3409345","-1.337e-05","0.0029","C"
"4","Trait5","FASTmrMLM","NsiI.TP473998","4","3432503","9.3306e-07","2e-04","A"
"4","Trait5","FASTmrMLM","NsiI.TP355261","4","3433941","2.0761e-05","0.0045","C"
"4","Trait5","FASTmrMLM","NsiI.TP355255","4","3433952","-9.7778e-06","0.0021","A"
"4","Trait5","FASTmrMLM","PstI.TP137486","4","3458570","0.0957","1.1728","C"
"4","Trait5","FASTmrMLM","PstI.TP18130","4","3460810","-1.9041e-05","0.0042","A"
"4","Trait5","FASTmrMLM","PstI.TP358578","4","3464049","0.0738","0.6835","C"
"4","Trait5","FASTmrMLM","PstI.TP77606","4","3464848","3.4774e-05","0.0076","A"
"4","Trait5","FASTmrMLM","GFSSContig20076_2471","4","3467004","4.5608e-06","0.001","T"
"4","Trait5","FASTmrMLM","PstI.TP801303","4","3494190","1.0737e-05","0.0023","A"
"4","Trait5","FASTmrMLM","PstI.TP532669","4","3498516","-3.5103e-05","0.0077","A"
"4","Trait5","FASTmrMLM","PstI.TP79716","4","3504452","-2.9719e-05","0.0065","G"
"4","Trait5","FASTmrMLM","NsiI.TP757902","4","3504983","-9.1019e-06","0.002","A"
"4","Trait5","FASTmrMLM","PstI.TP777320","4","3534524","-0.346","1.987","A"
"4","Trait5","FASTmrMLM","PstI.TP1059365","4","3535002","8.0605e-06","0.0018","A"
"4","Trait5","FASTmrMLM","PstI.TP314411","4","3574691","-1.4874e-06","3e-04","A"
"4","Trait5","FASTmrMLM","NsiI.TP503606","4","3579673","1.4607e-05","0.0032","C"
"4","Trait5","FASTmrMLM","NsiI.TP385100","4","3586471","0.0199","0.2273","A"
"4","Trait5","FASTmrMLM","PstI.TP219671","4","3615787","-0.0914","1.0442","A"
"4","Trait5","FASTmrMLM","PstI.TP219998","4","3615834","-1.7884e-05","0.0039","A"
"4","Trait5","FASTmrMLM","NsiI.TP414700","4","3616213","-0.0118","0.189","A"
"4","Trait5","FASTmrMLM","NsiI.TP414699","4","3616221","-0.1632","0.8744","A"
"4","Trait5","FASTmrMLM","PstI.TP311401","4","3634353","-1.8874e-06","4e-04","A"
"4","Trait5","FASTmrMLM","PstI.TP831615","4","3669760","2.1444e-05","0.0047","C"
"4","Trait5","FASTmrMLM","PstI.TP79215","4","3678101","-0.1195","0.7547","C"
"4","Trait5","FASTmrMLM","PstI.TP1131447","4","3684040","0.0991","0.8922","A"
"4","Trait5","FASTmrMLM","PstI.TP1083403","4","3687293","-0.0178","0.2587","A"
"4","Trait5","FASTmrMLM","PstI.TP25653","4","3716470","2.0619e-05","0.0045","A"
"4","Trait5","FASTmrMLM","GFSSContig14712_247","4","3728550","0.0377","0.407","A"
"4","Trait5","FASTmrMLM","PstI.TP318895","4","3757902","-0.1313","0.7148","C"
"4","Trait5","FASTmrMLM","PstI.TP682412","4","3761104","-0.1162","1.0898","A"
"4","Trait5","FASTmrMLM","PstI.TP757321","4","3761248","8.3172e-06","0.0018","A"
"4","Trait5","FASTmrMLM","PstI.TP1020861","4","3763358","3.8524e-07","8.385e-05","A"
"4","Trait5","FASTmrMLM","PstI.TP1160968","4","3780549","1.1157e-05","0.0024","A"
"4","Trait5","FASTmrMLM","NsiI.TP814129","4","3780711","3.0401e-05","0.0067","G"
"4","Trait5","FASTmrMLM","NsiI.TP827086","4","3796469","3.6987e-05","0.0081","C"
"4","Trait5","FASTmrMLM","NsiI.TP308739","4","3797554","-3.9811e-05","0.0088","A"
"4","Trait5","FASTmrMLM","NsiI.TP311867","4","3839971","8.645e-06","0.0019","A"
"4","Trait5","FASTmrMLM","NsiI.TP835756","4","3851644","0.166","1.1759","A"
"4","Trait5","FASTmrMLM","PstI.TP581457","4","3856550","6.7646e-07","1e-04","G"
"4","Trait5","FASTmrMLM","PstI.TP963117","4","3856619","1.0831e-06","2e-04","A"
"4","Trait5","FASTmrMLM","PstI.TP1033696","4","3858549","-0.0728","0.6955","A"
"4","Trait5","FASTmrMLM","PstI.TP840657","4","3859798","0.0655","0.8415","A"
"4","Trait5","FASTmrMLM","NsiI.TP360544","4","3865251","1.5575e-05","0.0034","A"
"4","Trait5","FASTmrMLM","NsiI.TP704265","4","3869168","-2.1275e-05","0.0047","A"
"4","Trait5","FASTmrMLM","PstI.TP897080","4","3870643","-2.9609e-06","6e-04","A"
"4","Trait5","FASTmrMLM","PstI.TP133948","4","3870704","2.0145e-05","0.0044","A"
"4","Trait5","FASTmrMLM","PstI.TP535302","4","3877724","-6.4546e-06","0.0014","C"
"4","Trait5","FASTmrMLM","NsiI.TP470493","4","3950522","-0.2182","1.2087","C"
"4","Trait5","FASTmrMLM","NsiI.TP333357","4","3951479","-1.3382e-05","0.0029","A"
"4","Trait5","FASTmrMLM","PstI.TP154644","4","3958832","-4.205e-06","9e-04","A"
"4","Trait5","FASTmrMLM","NsiI.TP465543","4","3980092","1.0943e-05","0.0024","A"
"4","Trait5","FASTmrMLM","PstI.TP437411","4","3981971","-1.2551e-05","0.0027","C"
"4","Trait5","FASTmrMLM","NsiI.TP250912","4","3998887","-0.0688","0.2974","C"
"4","Trait5","FASTmrMLM","NsiI.TP32701","4","3999466","-1.431e-07","3.1141e-05","C"
"4","Trait5","FASTmrMLM","PstI.TP699178","4","4004689","-8.5532e-06","0.0019","A"
"4","Trait5","FASTmrMLM","PstI.TP322575","4","4009543","-0.1514","0.6681","A"
"4","Trait5","FASTmrMLM","PstI.TP1142192","4","4021373","-5.9946e-06","0.0013","C"
"4","Trait5","FASTmrMLM","NsiI.TP577006","4","4026576","-5.6241e-06","0.0012","A"
"4","Trait5","FASTmrMLM","PstI.TP223312","4","4035768","1.3807e-05","0.003","C"
"4","Trait5","FASTmrMLM","NsiI.TP56457","4","4041209","2.1997e-05","0.0048","A"
"4","Trait5","FASTmrMLM","NsiI.TP561148","4","4054896","-4.2971e-06","9e-04","A"
"4","Trait5","FASTmrMLM","NsiI.TP55441","4","4075447","-0.159","0.7058","C"
"4","Trait5","FASTmrMLM","PstI.TP129326","4","4098608","0.1665","1.1393","C"
"4","Trait5","FASTmrMLM","PstI.TP795407","4","4101064","-0.1538","1.3968","A"
"4","Trait5","FASTmrMLM","PstI.TP653805","4","4153738","4.3276e-05","0.0095","A"
"4","Trait5","FASTmrMLM","NsiI.TP726995","4","4161844","1.3726e-05","0.003","C"
"4","Trait5","FASTmrMLM","PstI.TP226605","4","4198409","8.0906e-06","0.0018","A"
"4","Trait5","FASTmrMLM","PstI.TP57846","4","4201581","0.1652","1.5055","C"
"4","Trait5","FASTmrMLM","PstI.TP479309","4","4213046","1.5239e-05","0.0033","C"
"4","Trait5","FASTmrMLM","NsiI.TP501674","4","4215268","1.2614e-05","0.0028","G"
"4","Trait5","FASTmrMLM","PstI.TP947758","4","4216183","9.6578e-06","0.0021","G"
"4","Trait5","FASTmrMLM","NsiI.TP717615","4","4230526","-0.1521","0.9396","A"
"4","Trait5","FASTmrMLM","PstI.TP1204447","4","4235135","-2.2355e-06","5e-04","C"
"4","Trait5","FASTmrMLM","NsiI.TP715482","4","4235638","0.0273","0.2772","G"
"4","Trait5","FASTmrMLM","NsiI.TP237994","4","4237089","-0.013","0.213","A"
"4","Trait5","FASTmrMLM","NsiI.TP475316","4","4321977","3.725e-05","0.0082","C"
"4","Trait5","FASTmrMLM","PstI.TP417186","4","4327410","4.5982e-06","0.001","A"
"4","Trait5","FASTmrMLM","NsiI.TP504221","4","4339312","-1.6551e-06","4e-04","G"
"4","Trait5","FASTmrMLM","PstI.TP570804","4","4364673","-2.7844e-05","0.0061","C"
"4","Trait5","FASTmrMLM","PstI.TP297382","4","4364885","-0.0179","0.1496","C"
"4","Trait5","FASTmrMLM","NsiI.TP276562","4","4364939","1.1173e-05","0.0024","C"
"4","Trait5","FASTmrMLM","PstI.TP364323","4","4365011","-1.2968e-05","0.0028","C"
"4","Trait5","FASTmrMLM","NsiI.TP221887","4","4366444","3.2556e-05","0.0071","A"
"4","Trait5","FASTmrMLM","NsiI.TP345318","4","4395027","-9.7118e-06","0.0021","A"
"4","Trait5","FASTmrMLM","NsiI.TP189010","4","4413580","0.0844","0.9571","C"
"4","Trait5","FASTmrMLM","NsiI.TP493269","4","4423181","-3.0318e-06","7e-04","A"
"4","Trait5","FASTmrMLM","PstI.TP156065","4","4423262","-0.295","1.0199","G"
"4","Trait5","FASTmrMLM","PstI.TP778311","4","4451472","-1.0802e-05","0.0024","C"
"4","Trait5","FASTmrMLM","PstI.TP31684","4","4484293","-3.793e-05","0.0083","A"
"4","Trait5","FASTmrMLM","PstI.TP1146365","4","4495695","-9.9289e-06","0.0022","A"
"4","Trait5","FASTmrMLM","NsiI.TP175677","4","4506541","-2e-04","0.0119","A"
"4","Trait5","FASTmrMLM","NsiI.TP410766","4","4507132","3.3548e-06","7e-04","C"
"4","Trait5","FASTmrMLM","NsiI.TP146761","4","4509992","-0.2101","1.3234","C"
"4","Trait5","FASTmrMLM","PstI.TP248797","4","4510425","0.003","0.0939","C"
"4","Trait5","FASTmrMLM","NsiI.TP663602","4","4513363","-3.1063e-05","0.0068","C"
"4","Trait5","FASTmrMLM","NsiI.TP333580","4","4514060","-9.6557e-06","0.0021","A"
"4","Trait5","FASTmrMLM","PstI.TP339832","4","4521807","-0.0586","0.5693","A"
"4","Trait5","FASTmrMLM","PstI.TP688010","4","4574449","0.0912","0.6558","C"
"4","Trait5","FASTmrMLM","NsiI.TP421051","4","4576830","8.9378e-06","0.0019","A"
"4","Trait5","FASTmrMLM","PstI.TP246674","4","4598220","-2.4019e-05","0.0053","C"
"4","Trait5","FASTmrMLM","NsiI.TP675518","4","4604486","-3.1132e-05","0.0068","A"
"4","Trait5","FASTmrMLM","NsiI.TP437991","4","4610453","-9.0866e-06","0.002","C"
"4","Trait5","FASTmrMLM","PstI.TP913145","4","4637956","0.0923","1.1757","A"
"4","Trait5","FASTmrMLM","PstI.TP78031","4","4644130","0.0205","0.3001","C"
"4","Trait5","FASTmrMLM","PstI.TP596020","4","4676035","-3.7991e-06","8e-04","C"
"4","Trait5","FASTmrMLM","PstI.TP390783","4","4679102","1.942e-05","0.0042","C"
"4","Trait5","FASTmrMLM","NsiI.TP797595","4","4693672","4.4578e-06","0.001","G"
"4","Trait5","FASTmrMLM","PstI.TP652183","4","4695059","2.4172e-05","0.0053","A"
"4","Trait5","FASTmrMLM","NsiI.TP363879","4","4702929","-7.5321e-06","0.0016","A"
"4","Trait5","FASTmrMLM","PstI.TP636059","4","4704009","-0.1656","0.7154","C"
"4","Trait5","FASTmrMLM","PstI.TP140856","4","4704020","2.9254e-06","6e-04","A"
"4","Trait5","FASTmrMLM","PstI.TP335787","4","4738410","-6.96e-07","2e-04","A"
"4","Trait5","FASTmrMLM","PstI.TP871097","4","4753682","-0.0488","0.3717","C"
"4","Trait5","FASTmrMLM","NsiI.TP289776","4","4806117","-4.6967e-05","0.0103","G"
"4","Trait5","FASTmrMLM","PstI.TP941508","4","4806466","-0.174","1.4093","C"
"4","Trait5","FASTmrMLM","PstI.TP293926","4","4835466","-1.0967e-05","0.0024","A"
"4","Trait5","FASTmrMLM","NsiI.TP49915","4","4877425","0.1146","0.9834","A"
"4","Trait5","FASTmrMLM","PstI.TP1148728","4","4899557","-0.0549","0.6925","C"
"4","Trait5","FASTmrMLM","NsiI.TP183869","4","4904863","9.4305e-07","2e-04","C"
"4","Trait5","FASTmrMLM","PstI.TP736193","4","4905282","-4.2425e-06","9e-04","A"
"4","Trait5","FASTmrMLM","PstI.TP1040489","4","4932783","-1.349e-05","0.0029","A"
"4","Trait5","FASTmrMLM","PstI.TP692956","4","4934545","0.0746","0.8735","A"
"4","Trait5","FASTmrMLM","NsiI.TP363641","4","4961259","0.1908","1.1568","A"
"4","Trait5","FASTmrMLM","PstI.TP392200","4","4963210","-1.0807e-05","0.0024","A"
"4","Trait5","FASTmrMLM","PstI.TP1277764","4","5002492","-0.1554","0.9696","A"
"4","Trait5","FASTmrMLM","PstI.TP743134","4","5007166","1.1589e-05","0.0025","A"
"4","Trait5","FASTmrMLM","NsiI.TP465470","4","5007205","-7.2252e-06","0.0016","C"
"4","Trait5","FASTmrMLM","PstI.TP913522","4","5007225","-1.7181e-05","0.0038","C"
"4","Trait5","FASTmrMLM","NsiI.TP154371","4","5011408","-5.2812e-05","0.0035","G"
"4","Trait5","FASTmrMLM","NsiI.TP329204","4","5014755","-0.0533","0.326","A"
"4","Trait5","FASTmrMLM","NsiI.TP761374","4","5016621","-0.0466","0.5184","A"
"4","Trait5","FASTmrMLM","NsiI.TP533738","4","5022934","-4.3163e-06","9e-04","A"
"4","Trait5","FASTmrMLM","PstI.TP332919","4","5031605","1.1597e-05","0.0025","G"
"4","Trait5","FASTmrMLM","PstI.TP641042","4","5044546","3.453e-06","8e-04","A"
"4","Trait5","FASTmrMLM","PstI.TP573508","4","5044971","-1.8943e-06","4e-04","C"
"4","Trait5","FASTmrMLM","NsiI.TP771441","4","5082432","5.0868e-06","0.0011","C"
"4","Trait5","FASTmrMLM","PstI.TP742556","4","5083145","-0.147","1.7103","C"
"4","Trait5","FASTmrMLM","NsiI.TP345302","4","5096541","6.7737e-06","0.0015","A"
"4","Trait5","FASTmrMLM","PstI.TP888847","4","5102874","1.4659e-06","3e-04","A"
"4","Trait5","FASTmrMLM","NsiI.TP133333","4","5108256","0.0324","0.222","A"
"4","Trait5","FASTmrMLM","PstI.TP1093857","4","5108666","0.0246","0.2605","A"
"4","Trait5","FASTmrMLM","PstI.TP993154","4","5112823","0.044","0.1612","C"
"4","Trait5","FASTmrMLM","PstI.TP595680","4","5121773","0.0349","0.2031","A"
"4","Trait5","FASTmrMLM","PstI.TP504809","4","5155593","2.6121e-05","0.0057","G"
"4","Trait5","FASTmrMLM","PstI.TP506830","4","5166890","-2.5755e-05","0.0056","G"
"4","Trait5","FASTmrMLM","NsiI.TP27599","4","5167845","6.1032e-06","0.0013","A"
"4","Trait5","FASTmrMLM","PstI.TP776140","4","5169040","-9.4646e-07","2e-04","A"
"4","Trait5","FASTmrMLM","PstI.TP1072365","4","5178713","0.102","0.8785","C"
"4","Trait5","FASTmrMLM","PstI.TP942081","4","5194632","1.0268e-05","0.0022","C"
"4","Trait5","FASTmrMLM","PstI.TP237468","4","5204815","0.088","0.3498","G"
"4","Trait5","FASTmrMLM","NsiI.TP664450","4","5206028","-2.8446e-05","0.0062","A"
"4","Trait5","FASTmrMLM","PstI.TP677757","4","5206037","-1.4741e-05","0.0032","C"
"4","Trait5","FASTmrMLM","PstI.TP1082013","4","5219400","-0.0272","0.2258","C"
"4","Trait5","FASTmrMLM","NsiI.TP407798","4","5228531","7.8633e-06","0.0017","A"
"4","Trait5","FASTmrMLM","PstI.TP72666","4","5260522","-0.089","0.6307","C"
"4","Trait5","FASTmrMLM","PstI.TP761159","4","5265528","-1.6513e-05","0.0036","A"
"4","Trait5","FASTmrMLM","PstI.TP1062105","4","5286510","0.1393","0.6997","A"
"4","Trait5","FASTmrMLM","NsiI.TP349126","4","5290870","-5.7388e-05","0.0078","C"
"4","Trait5","FASTmrMLM","PstI.TP1215015","4","5297310","2.2164e-05","0.0049","A"
"4","Trait5","FASTmrMLM","PstI.TP1152170","4","5308498","1.5107e-06","3e-04","A"
"4","Trait5","FASTmrMLM","NsiI.TP237564","4","5346242","-1.889e-05","0.0041","C"
"4","Trait5","FASTmrMLM","NsiI.TP196718","4","5356993","-1.2802e-05","0.0028","C"
"4","Trait5","FASTmrMLM","NsiI.TP611500","4","5359861","6.4046e-06","0.0014","A"
"4","Trait5","FASTmrMLM","NsiI.TP317055","4","5415114","3.4948e-07","7.6066e-05","A"
"4","Trait5","FASTmrMLM","PstI.TP110355","4","5419560","-5.7804e-06","0.0013","G"
"4","Trait5","FASTmrMLM","PstI.TP976834","4","5425135","3.4545e-05","0.0076","C"
"4","Trait5","FASTmrMLM","PstI.TP973471","4","5426016","0.0415","0.4812","C"
"4","Trait5","FASTmrMLM","NsiI.TP782812","4","5441032","1.0886e-05","0.0024","C"
"4","Trait5","FASTmrMLM","PstI.TP703574","4","5441522","-7.185e-06","0.0016","A"
"4","Trait5","FASTmrMLM","PstI.TP1163770","4","5468905","-0.0978","0.4508","C"
"4","Trait5","FASTmrMLM","NsiI.TP268111","4","5478148","0.0091","0.1636","A"
"4","Trait5","FASTmrMLM","NsiI.TP624358","4","5496874","5.4816e-07","1e-04","C"
"4","Trait5","FASTmrMLM","NsiI.TP497578","4","5504529","-3.8686e-05","0.0085","C"
"4","Trait5","FASTmrMLM","PstI.TP167013","4","5509627","9.6826e-06","0.0021","A"
"4","Trait5","FASTmrMLM","PstI.TP618634","4","5510030","7.7146e-06","0.0017","C"
"4","Trait5","FASTmrMLM","PstI.TP1149268","4","5513690","1.1073e-06","2e-04","A"
"4","Trait5","FASTmrMLM","NsiI.TP523128","4","5528813","-0.0192","0.2922","C"
"4","Trait5","FASTmrMLM","NsiI.TP701921","4","5537452","0.0959","0.7418","C"
"4","Trait5","FASTmrMLM","PstI.TP1210079","4","5549399","0.0713","0.3838","A"
"4","Trait5","FASTmrMLM","PstI.TP1210085","4","5549411","0.4386","2.0734","C"
"4","Trait5","FASTmrMLM","NsiI.TP406028","4","5561041","0.0302","0.2508","C"
"4","Trait5","FASTmrMLM","PstI.TP70014","4","5572416","5.9025e-06","0.0013","C"
"4","Trait5","FASTmrMLM","GFSSContig15080_288","4","5578470","-1.5682e-07","3.413e-05","A"
"4","Trait5","FASTmrMLM","NsiI.TP269239","4","5603488","1.8285e-06","4e-04","G"
"4","Trait5","FASTmrMLM","NsiI.TP548714","4","5711468","-1.7154e-06","4e-04","A"
"4","Trait5","FASTmrMLM","PstI.TP981814","4","5731357","0.1681","1.5021","G"
"4","Trait5","FASTmrMLM","PstI.TP866942","4","5761973","-2.2586e-05","0.0049","C"
"4","Trait5","FASTmrMLM","PstI.TP707693","4","5818754","-0.0333","0.2494","A"
"4","Trait5","FASTmrMLM","PstI.TP934996","4","5828380","-3.1625e-06","7e-04","A"
"4","Trait5","FASTmrMLM","PstI.TP751851","4","5829145","-1.0221e-05","0.0022","A"
"4","Trait5","FASTmrMLM","PstI.TP818107","4","5840211","0.0728","0.27","A"
"4","Trait5","FASTmrMLM","PstI.TP156419","4","5873463","-5.2026e-06","0.0011","A"
"4","Trait5","FASTmrMLM","PstI.TP416502","4","5879613","-2.283e-05","0.005","C"
"4","Trait5","FASTmrMLM","PstI.TP740426","4","5881765","1.4049e-05","0.0031","A"
"4","Trait5","FASTmrMLM","PstI.TP133468","4","5883959","1.0116e-05","0.0022","C"
"4","Trait5","FASTmrMLM","GFSSContig20589_1320","4","5924218","3.5596e-05","0.0078","T"
"4","Trait5","FASTmrMLM","NsiI.TP235617","4","5928214","0.1024","0.6671","A"
"4","Trait5","FASTmrMLM","PstI.TP543247","4","5947998","1.1472e-05","0.0025","C"
"4","Trait5","FASTmrMLM","NsiI.TP153287","4","5948448","-9.9455e-06","0.0022","C"
"4","Trait5","FASTmrMLM","NsiI.TP83459","4","5948863","0.118","0.5675","C"
"4","Trait5","FASTmrMLM","NsiI.TP55213","4","5964307","4.4169e-06","0.001","C"
"4","Trait5","FASTmrMLM","NsiI.TP472754","4","5966031","8.5919e-06","0.0019","A"
"4","Trait5","FASTmrMLM","NsiI.TP355398","4","5978801","-0.0712","0.5531","G"
"4","Trait5","FASTmrMLM","NsiI.TP762801","4","5993134","4.4576e-06","0.001","C"
"4","Trait5","FASTmrMLM","NsiI.TP513270","4","6005209","2.9692e-05","0.0065","A"
"4","Trait5","FASTmrMLM","PstI.TP1124519","4","6022906","-0.0224","0.1664","C"
"4","Trait5","FASTmrMLM","PstI.TP828372","4","6034380","5.7821e-06","0.0013","C"
"4","Trait5","FASTmrMLM","NsiI.TP592247","4","6079213","9.7457e-06","0.0021","A"
"4","Trait5","FASTmrMLM","PstI.TP1074057","4","6087533","0.0218","0.304","C"
"4","Trait5","FASTmrMLM","NsiI.TP358286","4","6118094","-7.0918e-06","0.0015","A"
"4","Trait5","FASTmrMLM","NsiI.TP815368","4","6125138","-2.3256e-05","0.0051","A"
"4","Trait5","FASTmrMLM","PstI.TP1079356","4","6128789","-2.4534e-05","0.0054","C"
"4","Trait5","FASTmrMLM","PstI.TP308806","4","6140413","6.6827e-06","0.0015","C"
"4","Trait5","FASTmrMLM","NsiI.TP160480","4","6157813","3.9156e-06","9e-04","A"
"4","Trait5","FASTmrMLM","NsiI.TP260139","4","6192733","-4.0244e-06","9e-04","C"
"4","Trait5","FASTmrMLM","PstI.TP621865","4","6195722","1.8431e-06","4e-04","C"
"4","Trait5","FASTmrMLM","NsiI.TP664612","4","6238305","-1.3256e-05","0.0029","C"
"4","Trait5","FASTmrMLM","NsiI.TP617572","4","6326142","-0.0741","0.3558","G"
"4","Trait5","FASTmrMLM","NsiI.TP206517","4","6364737","-1.6396e-05","0.0036","A"
"4","Trait5","FASTmrMLM","PstI.TP728315","4","6366039","-0.037","0.2487","A"
"4","Trait5","FASTmrMLM","PstI.TP995875","4","6370917","-1.069e-05","0.0023","C"
"4","Trait5","FASTmrMLM","PstI.TP248632","4","6371322","1.434e-05","0.0031","A"
"4","Trait5","FASTmrMLM","PstI.TP1182815","4","6372875","-0.029","0.2149","A"
"4","Trait5","FASTmrMLM","PstI.TP1182813","4","6372876","-6.0284e-06","0.0013","C"
"4","Trait5","FASTmrMLM","PstI.TP480760","4","6374848","-2.69e-06","6e-04","A"
"4","Trait5","FASTmrMLM","PstI.TP300986","4","6397397","1.9959e-05","0.0044","A"
"4","Trait5","FASTmrMLM","PstI.TP724332","4","6400749","0.0181","0.1463","C"
"4","Trait5","FASTmrMLM","PstI.TP1104632","4","6400816","7.5327e-07","2e-04","A"
"4","Trait5","FASTmrMLM","PstI.TP53141","4","6406176","-0.0399","0.4845","C"
"4","Trait5","FASTmrMLM","PstI.TP841688","4","6408410","-6.2812e-06","0.0014","A"
"4","Trait5","FASTmrMLM","PstI.TP173141","4","6415166","-9.0025e-06","0.002","A"
"4","Trait5","FASTmrMLM","PstI.TP414736","4","6415216","7.0912e-06","0.0015","A"
"4","Trait5","FASTmrMLM","PstI.TP10713","4","6438194","-0.2658","1.1775","C"
"4","Trait5","FASTmrMLM","NsiI.TP313635","4","6444390","0.027","0.3111","C"
"4","Trait5","FASTmrMLM","NsiI.TP71977","4","6453611","0.0771","0.8897","A"
"4","Trait5","FASTmrMLM","PstI.TP1001032","4","6463834","-0.0859","0.7133","C"
"4","Trait5","FASTmrMLM","NsiI.TP540558","4","6464719","-2.4374e-05","0.0053","A"
"4","Trait5","FASTmrMLM","PstI.TP1166205","4","6470898","2.6732e-05","0.0059","A"
"4","Trait5","FASTmrMLM","PstI.TP1119493","4","6481328","0.0101","0.1654","A"
"4","Trait5","FASTmrMLM","NsiI.TP752912","4","6500341","0.3227","1.9353","A"
"4","Trait5","FASTmrMLM","NsiI.TP407119","4","6500382","6.9719e-07","2e-04","C"
"4","Trait5","FASTmrMLM","NsiI.TP34695","4","6508508","2e-04","0.0135","A"
"4","Trait5","FASTmrMLM","PstI.TP466586","4","6549959","-7e-04","0.0246","A"
"4","Trait5","FASTmrMLM","NsiI.TP550180","4","6574579","-0.14","0.8399","C"
"4","Trait5","FASTmrMLM","NsiI.TP242906","4","6575020","-0.064","0.4124","A"
"4","Trait5","FASTmrMLM","NsiI.TP466532","4","6576780","-0.1896","0.6869","C"
"4","Trait5","FASTmrMLM","NsiI.TP36864","4","6582638","-0.1107","0.6808","C"
"4","Trait5","FASTmrMLM","NsiI.TP534247","4","6601698","3.7007e-05","0.0081","A"
"4","Trait5","FASTmrMLM","PstI.TP1283613","4","6636109","-0.007","0.1262","C"
"4","Trait5","FASTmrMLM","PstI.TP1194018","4","6641201","-0.0433","0.3714","A"
"4","Trait5","FASTmrMLM","PstI.TP443103","4","6659195","-8.7221e-06","0.0019","A"
"4","Trait5","FASTmrMLM","PstI.TP1108681","4","6664032","0.0711","0.8338","C"
"4","Trait5","FASTmrMLM","PstI.TP846678","4","6665204","-3.4323e-05","0.0075","A"
"4","Trait5","FASTmrMLM","NsiI.TP438283","4","6666391","-1.7261e-05","0.0038","A"
"4","Trait5","FASTmrMLM","PstI.TP1180566","4","6703480","-3.667e-06","8e-04","A"
"4","Trait5","FASTmrMLM","NsiI.TP177429","4","6727944","0.0576","0.5335","G"
"4","Trait5","FASTmrMLM","PstI.TP739865","4","6799738","-1.4235e-05","0.0031","C"
"4","Trait5","FASTmrMLM","NsiI.TP451101","4","6840216","-0.0185","0.2826","A"
"4","Trait5","FASTmrMLM","NsiI.TP109422","4","6859402","2.9759e-05","0.0065","C"
"4","Trait5","FASTmrMLM","PstI.TP876839","4","6887064","0.2279","1.7122","C"
"4","Trait5","FASTmrMLM","NsiI.TP765606","4","6898244","1.3895e-05","0.003","A"
"4","Trait5","FASTmrMLM","PstI.TP171713","4","6902976","1.0441e-05","0.0023","A"
"4","Trait5","FASTmrMLM","PstI.TP318112","4","6903074","2.9369e-05","0.0064","A"
"4","Trait5","FASTmrMLM","NsiI.TP34726","4","6940594","-1.2272e-05","0.0027","C"
"4","Trait5","FASTmrMLM","PstI.TP586654","4","6987623","-1.0854e-05","0.0024","A"
"4","Trait5","FASTmrMLM","PstI.TP89664","4","6990475","-0.012","0.1837","A"
"4","Trait5","FASTmrMLM","NsiI.TP620550","4","7018968","-4.5542e-05","0.01","C"
"4","Trait5","FASTmrMLM","NsiI.TP744160","4","7019026","0.0526","0.3286","A"
"4","Trait5","FASTmrMLM","PstI.TP705826","4","7071172","0.0999","0.821","C"
"4","Trait5","FASTmrMLM","PstI.TP168538","4","7112151","-7.619e-07","2e-04","C"
"4","Trait5","FASTmrMLM","PstI.TP949089","4","7121992","1.3236e-05","0.0029","A"
"4","Trait5","FASTmrMLM","PstI.TP949077","4","7122037","3.2651e-05","0.0072","A"
"4","Trait5","FASTmrMLM","PstI.TP379728","4","7125702","-2.462e-05","0.0054","A"
"4","Trait5","FASTmrMLM","PstI.TP262688","4","7128828","9.4597e-06","0.0021","A"
"4","Trait5","FASTmrMLM","NsiI.TP195660","4","7129189","-1.6801e-06","4e-04","C"
"4","Trait5","FASTmrMLM","PstI.TP1196454","4","7130689","-9.3225e-06","0.002","A"
"4","Trait5","FASTmrMLM","GFSSContig15044_1090","4","7164817","-0.0484","0.3415","A"
"4","Trait5","FASTmrMLM","NsiI.TP48357","4","7166088","-1.7e-06","4e-04","A"
"4","Trait5","FASTmrMLM","NsiI.TP424006","4","7186102","-4.0296e-06","9e-04","C"
"4","Trait5","FASTmrMLM","NsiI.TP590588","4","7187181","-2.2971e-05","0.005","C"
"4","Trait5","FASTmrMLM","PstI.TP216958","4","7196463","0.1027","1.1473","C"
"4","Trait5","FASTmrMLM","NsiI.TP126939","4","7198403","-0.0345","0.4443","G"
"4","Trait5","FASTmrMLM","NsiI.TP766407","4","7198620","-0.1588","0.6308","C"
"4","Trait5","FASTmrMLM","PstI.TP163692","4","7198941","-6.8313e-06","0.0015","C"
"4","Trait5","FASTmrMLM","NsiI.TP65983","4","7204395","-0.0541","0.7429","C"
"4","Trait5","FASTmrMLM","PstI.TP63386","4","7213974","-0.1463","0.5595","A"
"4","Trait5","FASTmrMLM","PstI.TP352508","4","7219729","1.2623e-06","3e-04","A"
"4","Trait5","FASTmrMLM","NsiI.TP602136","4","7246831","-0.0433","0.5442","C"
"4","Trait5","FASTmrMLM","NsiI.TP699643","4","7280492","-0.1277","1.4038","A"
"4","Trait5","FASTmrMLM","PstI.TP993038","4","7335919","-5.0609e-06","0.0011","A"
"4","Trait5","FASTmrMLM","PstI.TP625512","4","7338212","3.072e-05","0.0067","C"
"4","Trait5","FASTmrMLM","NsiI.TP810319","4","7410126","2.7655e-05","0.0061","A"
"4","Trait5","FASTmrMLM","PstI.TP1230335","4","7437222","-0.1472","1.0054","A"
"4","Trait5","FASTmrMLM","PstI.TP1184148","4","7441818","-0.0724","0.6842","C"
"4","Trait5","FASTmrMLM","NsiI.TP346423","4","7445840","1.6836e-05","0.0037","C"
"4","Trait5","FASTmrMLM","NsiI.TP127729","4","7462596","1.6818e-05","0.0037","A"
"4","Trait5","FASTmrMLM","PstI.TP1286870","4","7464111","2.9324e-05","0.0064","C"
"4","Trait5","FASTmrMLM","PstI.TP774504","4","7549373","-0.1167","1.5534","C"
"4","Trait5","FASTmrMLM","PstI.TP778226","4","7580398","0.0417","0.2633","C"
"4","Trait5","FASTmrMLM","NsiI.TP246728","4","7580471","-0.0316","0.3681","C"
"4","Trait5","FASTmrMLM","NsiI.TP775775","4","7624650","0.0176","0.2406","A"
"4","Trait5","FASTmrMLM","NsiI.TP276665","4","7631123","0.012","0.1949","C"
"4","Trait5","FASTmrMLM","PstI.TP644898","4","7646282","9.769e-06","0.0021","C"
"4","Trait5","FASTmrMLM","NsiI.TP813788","4","7692768","0.0726","0.4714","A"
"4","Trait5","FASTmrMLM","NsiI.TP590308","4","7740268","-3.4279e-06","7e-04","A"
"4","Trait5","FASTmrMLM","PstI.TP1289936","4","7771909","1.3293e-05","0.0029","G"
"4","Trait5","FASTmrMLM","PstI.TP1289934","4","7771912","-9.863e-06","0.0022","A"
"4","Trait5","FASTmrMLM","NsiI.TP273129","4","7775164","0.0154","0.1755","A"
"4","Trait5","FASTmrMLM","PstI.TP1201120","4","7779628","-4.0296e-06","9e-04","A"
"4","Trait5","FASTmrMLM","PstI.TP71094","4","7781131","-1.7459e-06","4e-04","A"
"4","Trait5","FASTmrMLM","GFSSContig13121_533","4","7835251","-2.3088e-05","0.0051","A"
"4","Trait5","FASTmrMLM","PstI.TP324574","4","7865493","-1.2683e-05","0.0028","A"
"4","Trait5","FASTmrMLM","PstI.TP324616","4","7865494","-0.0203","0.1692","C"
"4","Trait5","FASTmrMLM","NsiI.TP151909","4","7942828","-9.0598e-06","0.002","C"
"4","Trait5","FASTmrMLM","NsiI.TP626772","4","7948509","-4.8915e-06","0.0011","C"
"4","Trait5","FASTmrMLM","PstI.TP285429","4","7961079","1.7798e-06","4e-04","A"
"4","Trait5","FASTmrMLM","PstI.TP1164337","4","7965976","-0.1387","0.8097","A"
"4","Trait5","FASTmrMLM","PstI.TP1164364","4","7965997","0.0237","0.2848","A"
"4","Trait5","FASTmrMLM","PstI.TP181058","4","7967268","1.4749e-05","0.0032","A"
"4","Trait5","FASTmrMLM","PstI.TP1167685","4","7967341","6.4656e-06","0.0014","C"
"4","Trait5","FASTmrMLM","PstI.TP868925","4","7967759","1.8912e-05","0.0041","C"
"4","Trait5","FASTmrMLM","NsiI.TP504681","4","7975380","3.4323e-05","0.0075","A"
"4","Trait5","FASTmrMLM","NsiI.TP552630","4","8029248","0.0482","0.4603","C"
"4","Trait5","FASTmrMLM","NsiI.TP551540","4","8029273","0.0259","0.3255","A"
"4","Trait5","FASTmrMLM","PstI.TP229107","4","8064474","-0.0306","0.2842","C"
"4","Trait5","FASTmrMLM","NsiI.TP632099","4","8064916","-0.1259","1.5374","A"
"4","Trait5","FASTmrMLM","PstI.TP1227618","4","8072394","1.8652e-05","0.0041","C"
"4","Trait5","FASTmrMLM","PstI.TP901169","4","8078963","-1.5675e-06","3e-04","A"
"4","Trait5","FASTmrMLM","NsiI.TP452731","4","8178075","0.1885","0.8985","A"
"4","Trait5","FASTmrMLM","NsiI.TP379635","4","8185872","3.3701e-06","7e-04","A"
"4","Trait5","FASTmrMLM","NsiI.TP379634","4","8185919","-0.0188","0.2618","C"
"4","Trait5","FASTmrMLM","PstI.TP1185195","4","8186278","-1.0581e-05","0.0023","A"
"4","Trait5","FASTmrMLM","NsiI.TP307737","4","8225054","1.9781e-05","0.0043","A"
"4","Trait5","FASTmrMLM","PstI.TP1137040","4","8230646","-1.8064e-05","0.0039","C"
"4","Trait5","FASTmrMLM","NsiI.TP254738","4","8251029","0.0682","0.6139","C"
"4","Trait5","FASTmrMLM","PstI.TP865707","4","8265404","4.2753e-06","9e-04","A"
"4","Trait5","FASTmrMLM","PstI.TP1148710","4","8271532","0.0152","0.1873","C"
"4","Trait5","FASTmrMLM","PstI.TP391349","4","8271997","-2.329e-05","0.0051","C"
"4","Trait5","FASTmrMLM","PstI.TP403553","4","8282587","2.4904e-05","0.0055","C"
"4","Trait5","FASTmrMLM","NsiI.TP690234","4","8289431","-0.1977","1.2278","A"
"4","Trait5","FASTmrMLM","GFSSContig17278_2352","4","8294542","-1.4075e-05","0.0031","A"
"4","Trait5","FASTmrMLM","PstI.TP226371","4","8306488","1.4177e-05","0.0031","A"
"4","Trait5","FASTmrMLM","PstI.TP1104527","4","8439326","-3.3798e-06","7e-04","A"
"4","Trait5","FASTmrMLM","PstI.TP65649","4","8460692","6.4469e-06","0.0014","A"
"4","Trait5","FASTmrMLM","NsiI.TP239848","4","8514485","0.1537","1.8202","A"
"4","Trait5","FASTmrMLM","NsiI.TP618758","4","8518791","-3.1024e-05","0.0068","A"
"4","Trait5","FASTmrMLM","NsiI.TP25504","4","8530577","9.6013e-06","0.0021","A"
"4","Trait5","FASTmrMLM","PstI.TP311861","4","8539842","-2.0499e-06","4e-04","C"
"4","Trait5","FASTmrMLM","PstI.TP624796","4","8543926","-2.5517e-05","0.0056","C"
"4","Trait5","FASTmrMLM","PstI.TP1127508","4","8586112","0.2921","1.7521","A"
"4","Trait5","FASTmrMLM","PstI.TP445258","4","8590503","-0.247","0.9877","A"
"4","Trait5","FASTmrMLM","PstI.TP1089453","4","8592955","1.4573e-05","0.0032","A"
"4","Trait5","FASTmrMLM","PstI.TP835676","4","8640214","0.1332","1.1708","C"
"4","Trait5","FASTmrMLM","GFSSContig8400_100","4","8648906","-9.5465e-06","0.0021","A"
"4","Trait5","FASTmrMLM","PstI.TP700770","4","8669855","-3.5914e-05","0.0079","G"
"4","Trait5","FASTmrMLM","PstI.TP111622","4","8673504","-0.1222","1.1696","C"
"4","Trait5","FASTmrMLM","PstI.TP882736","4","8674165","1.0494e-05","0.0023","A"
"4","Trait5","FASTmrMLM","PstI.TP185167","4","8674666","2.2003e-05","0.0048","A"
"4","Trait5","FASTmrMLM","PstI.TP168674","4","8676929","-9.3496e-06","0.002","C"
"4","Trait5","FASTmrMLM","PstI.TP482536","4","8679868","4.1522e-06","9e-04","A"
"4","Trait5","FASTmrMLM","PstI.TP1130618","4","8720351","2.7743e-05","0.0061","A"
"4","Trait5","FASTmrMLM","NsiI.TP61562","4","8722331","1.7575e-06","4e-04","A"
"4","Trait5","FASTmrMLM","PstI.TP31122","4","8772983","-0.032","0.3026","A"
"4","Trait5","FASTmrMLM","PstI.TP1172638","4","8815887","1.2199e-05","0.0027","A"
"4","Trait5","FASTmrMLM","PstI.TP3877","4","8823434","3.227e-06","7e-04","A"
"4","Trait5","FASTmrMLM","GFSSContig20368_1202","4","8831180","3.9897e-05","0.0088","C"
"4","Trait5","FASTmrMLM","GFSSContig20368_1365","4","8831343","-1.629e-05","0.0036","T"
"4","Trait5","FASTmrMLM","PstI.TP1060800","4","8862892","3.8073e-06","8e-04","A"
"4","Trait5","FASTmrMLM","NsiI.TP113486","4","8888772","1.8759e-05","0.0041","A"
"4","Trait5","FASTmrMLM","NsiI.TP670199","4","8932265","0.0341","0.3302","C"
"4","Trait5","FASTmrMLM","PstI.TP1007974","4","8934721","1.0923e-05","0.0024","A"
"4","Trait5","FASTmrMLM","NsiI.TP633951","4","8936437","1.9971e-05","0.0044","A"
"4","Trait5","FASTmrMLM","PstI.TP784208","4","8959349","-1.7335e-05","0.0038","A"
"4","Trait5","FASTmrMLM","NsiI.TP385136","4","9122952","1.239e-05","0.0027","A"
"4","Trait5","FASTmrMLM","PstI.TP320430","4","9160176","0.1008","1.2065","C"
"4","Trait5","FASTmrMLM","PstI.TP408444","4","9160208","0.1862","1.1318","A"
"4","Trait5","FASTmrMLM","PstI.TP171628","4","9274753","-2.4098e-05","0.0053","C"
"4","Trait5","FASTmrMLM","PstI.TP454159","4","9277223","-3.1606e-05","0.0069","C"
"4","Trait5","FASTmrMLM","NsiI.TP148049","4","9277691","2.0104e-05","0.0037","A"
"4","Trait5","FASTmrMLM","NsiI.TP474301","4","9312729","1.9379e-05","0.0042","A"
"4","Trait5","FASTmrMLM","PstI.TP852731","4","9317191","2.0173e-05","0.0044","C"
"4","Trait5","FASTmrMLM","NsiI.TP391547","4","9374567","4.8121e-06","0.001","A"
"4","Trait5","FASTmrMLM","PstI.TP1128259","4","9388344","-0.0662","0.7413","A"
"4","Trait5","FASTmrMLM","PstI.TP682160","4","9425789","-0.1836","1.0325","C"
"4","Trait5","FASTmrMLM","NsiI.TP731097","4","9434143","-7.3903e-06","0.0016","G"
"4","Trait5","FASTmrMLM","PstI.TP369888","4","9447472","4.5997e-05","0.0101","C"
"4","Trait5","FASTmrMLM","NsiI.TP799952","4","9492712","-0.0554","0.3887","G"
"4","Trait5","FASTmrMLM","NsiI.TP241487","4","9493588","0.0621","0.6312","A"
"4","Trait5","FASTmrMLM","PstI.TP482092","4","9565568","-2.7407e-05","0.006","C"
"4","Trait5","FASTmrMLM","NsiI.TP310178","4","9568402","2e-04","0.0125","A"
"4","Trait5","FASTmrMLM","NsiI.TP615697","4","9585672","0.1136","0.4572","A"
"4","Trait5","FASTmrMLM","PstI.TP757431","4","9630255","4.7016e-06","0.001","C"
"4","Trait5","FASTmrMLM","PstI.TP1285647","4","9641335","-0.128","0.8895","A"
"4","Trait5","FASTmrMLM","PstI.TP813144","4","9651032","0.0153","0.1223","A"
"4","Trait5","FASTmrMLM","PstI.TP1180066","4","9693303","0.0576","0.3791","C"
"4","Trait5","FASTmrMLM","PstI.TP998275","4","9701801","-5.0793e-06","0.0011","G"
"4","Trait5","FASTmrMLM","PstI.TP295985","4","9739196","-0.1853","0.7695","C"
"4","Trait5","FASTmrMLM","PstI.TP374327","4","9802521","-1.7896e-05","0.0039","A"
"4","Trait5","FASTmrMLM","NsiI.TP452697","4","9830298","3.114e-05","0.0068","C"
"4","Trait5","FASTmrMLM","NsiI.TP630645","4","9861795","0.158","1.2109","G"
"4","Trait5","FASTmrMLM","NsiI.TP718499","4","9862101","1.4093e-05","0.0031","C"
"4","Trait5","FASTmrMLM","NsiI.TP50062","4","9875887","0.122","0.8464","A"
"4","Trait5","FASTmrMLM","NsiI.TP624146","4","9903498","-1.3966e-05","0.0031","A"
"4","Trait5","FASTmrMLM","PstI.TP1257840","4","9913802","-2.4839e-06","5e-04","C"
"4","Trait5","FASTmrMLM","PstI.TP1257834","4","9913833","-0.0314","0.1598","A"
"4","Trait5","FASTmrMLM","NsiI.TP588890","4","9914641","3.8347e-05","0.0084","C"
"4","Trait5","FASTmrMLM","PstI.TP387625","4","9914701","0.0501","0.3093","A"
"4","Trait5","FASTmrMLM","NsiI.TP423505","4","9914914","-1.7689e-05","0.0039","A"
"4","Trait5","FASTmrMLM","PstI.TP697156","4","9915378","-0.0778","0.8464","C"
"4","Trait5","FASTmrMLM","NsiI.TP487745","4","9920334","-4.6372e-06","0.001","A"
"4","Trait5","FASTmrMLM","PstI.TP1259253","4","9921203","1.52e-05","0.0033","A"
"4","Trait5","FASTmrMLM","NsiI.TP415883","4","9939446","-3.7845e-06","8e-04","A"
"4","Trait5","FASTmrMLM","PstI.TP61690","4","9949386","-1.0634e-05","0.0023","A"
"4","Trait5","FASTmrMLM","GFSSContig19193_773","4","10061255","-1.481e-05","0.0032","A"
"4","Trait5","FASTmrMLM","PstI.TP1120613","4","10061427","-5.7439e-06","0.0013","C"
"4","Trait5","FASTmrMLM","NsiI.TP163805","4","10120148","-2.8619e-07","6.2283e-05","C"
"4","Trait5","FASTmrMLM","PstI.TP1025308","4","10123474","-7.3128e-06","0.0016","C"
"4","Trait5","FASTmrMLM","NsiI.TP61238","4","10125832","-1.3646e-05","0.003","A"
"4","Trait5","FASTmrMLM","PstI.TP346289","4","10178525","-1.0148e-05","0.0022","A"
"4","Trait5","FASTmrMLM","PstI.TP7735","4","10191482","-0.0793","0.7866","C"
"4","Trait5","FASTmrMLM","PstI.TP1043816","4","10208138","7.0845e-05","0.0084","G"
"4","Trait5","FASTmrMLM","PstI.TP706841","4","10213298","2.2763e-05","0.005","A"
"4","Trait5","FASTmrMLM","NsiI.TP703676","4","10234015","0.1048","0.9586","A"
"4","Trait5","FASTmrMLM","PstI.TP259360","4","10246962","3.2434e-05","0.0071","A"
"4","Trait5","FASTmrMLM","NsiI.TP696486","4","10248885","3.5774e-05","0.0063","A"
"4","Trait5","FASTmrMLM","PstI.TP1110331","4","10252693","6.0268e-06","0.0013","A"
"4","Trait5","FASTmrMLM","PstI.TP738123","4","10269389","1.5522e-06","3e-04","C"
"4","Trait5","FASTmrMLM","PstI.TP621042","4","10273186","-9.8168e-06","0.0021","C"
"4","Trait5","FASTmrMLM","PstI.TP691263","4","10278351","5.1731e-06","0.0011","C"
"4","Trait5","FASTmrMLM","NsiI.TP580906","4","10305150","-2.8713e-05","0.0063","C"
"4","Trait5","FASTmrMLM","NsiI.TP633323","4","10331179","0.0797","0.855","C"
"4","Trait5","FASTmrMLM","PstI.TP263612","4","10364819","-0.0675","0.9871","A"
"4","Trait5","FASTmrMLM","NsiI.TP453309","4","10367633","6.765e-05","0.0084","C"
"4","Trait5","FASTmrMLM","NsiI.TP561726","4","10367714","0.1737","1.0137","C"
"4","Trait5","FASTmrMLM","NsiI.TP238554","4","10368613","1.2148e-05","0.0027","C"
"4","Trait5","FASTmrMLM","PstI.TP128236","4","10368754","-0.0472","0.2721","C"
"4","Trait5","FASTmrMLM","PstI.TP706576","4","10368828","-3.2052e-05","0.007","A"
"4","Trait5","FASTmrMLM","NsiI.TP420667","4","10371653","-9.0855e-06","0.002","C"
"4","Trait5","FASTmrMLM","PstI.TP345423","4","10479763","-0.1488","0.5684","A"
"4","Trait5","FASTmrMLM","NsiI.TP457948","4","10479967","-0.0492","0.4115","C"
"4","Trait5","FASTmrMLM","NsiI.TP240693","4","10495861","-3.7448e-05","0.0082","C"
"4","Trait5","FASTmrMLM","PstI.TP171745","4","10542305","-2.6657e-05","0.0058","C"
"4","Trait5","FASTmrMLM","NsiI.TP358798","4","10635613","0.0922","0.5496","G"
"4","Trait5","FASTmrMLM","PstI.TP146575","4","10635659","3.4118e-05","0.0075","C"
"4","Trait5","FASTmrMLM","PstI.TP135739","4","10636104","-0.0178","0.1758","C"
"4","Trait5","FASTmrMLM","PstI.TP449164","4","10636146","-0.0122","0.2064","A"
"4","Trait5","FASTmrMLM","PstI.TP1293746","4","10710177","-2.1411e-06","5e-04","C"
"4","Trait5","FASTmrMLM","PstI.TP855651","4","10722059","-2.7936e-06","6e-04","A"
"4","Trait5","FASTmrMLM","PstI.TP189219","4","10805775","-3.9342e-06","9e-04","A"
"4","Trait5","FASTmrMLM","NsiI.TP488648","4","10810212","-8.8597e-06","0.0019","A"
"4","Trait5","FASTmrMLM","NsiI.TP519535","4","10839592","6.3229e-06","0.0014","A"
"4","Trait5","FASTmrMLM","PstI.TP844534","4","10905321","-0.0079","0.088","A"
"4","Trait5","FASTmrMLM","PstI.TP158812","4","10951684","-6.0018e-06","0.0013","C"
"4","Trait5","FASTmrMLM","NsiI.TP795009","4","11005104","2.2486e-05","0.0049","A"
"4","Trait5","FASTmrMLM","PstI.TP280290","4","11044267","-2.6431e-06","6e-04","C"
"4","Trait5","FASTmrMLM","NsiI.TP78058","4","11075063","0.3037","2.4527","A"
"4","Trait5","FASTmrMLM","NsiI.TP435168","4","11084171","9.8557e-06","0.0022","A"
"4","Trait5","FASTmrMLM","NsiI.TP151814","4","11087805","-1.0185e-05","0.0022","C"
"4","Trait5","FASTmrMLM","PstI.TP105120","4","11122087","1.3599e-06","3e-04","A"
"4","Trait5","FASTmrMLM","GFSSContig12613_658","4","11187274","-3.4721e-05","0.0076","A"
"4","Trait5","FASTmrMLM","PstI.TP1257615","4","11197584","0.0122","0.2039","A"
"4","Trait5","FASTmrMLM","PstI.TP552926","4","11236461","-7.8511e-06","0.0017","C"
"4","Trait5","FASTmrMLM","NsiI.TP592666","4","11294572","0.0415","0.3924","A"
"4","Trait5","FASTmrMLM","NsiI.TP325661","4","11406452","8.1096e-06","0.0018","A"
"4","Trait5","FASTmrMLM","PstI.TP839848","4","11496748","-2.4229e-05","0.0053","C"
"4","Trait5","FASTmrMLM","PstI.TP839656","4","11496765","8.4542e-06","0.0018","G"
"4","Trait5","FASTmrMLM","PstI.TP1251359","4","11514879","-0.0056","0.116","C"
"4","Trait5","FASTmrMLM","PstI.TP382139","4","11514958","2.9032e-05","0.0064","C"
"4","Trait5","FASTmrMLM","PstI.TP1215962","4","11574895","1.1934e-05","0.0026","G"
"4","Trait5","FASTmrMLM","PstI.TP815058","4","11586452","8.6048e-06","0.0019","A"
"4","Trait5","FASTmrMLM","NsiI.TP494269","4","11587228","-2.5138e-05","0.0055","A"
"4","Trait5","FASTmrMLM","PstI.TP352020","4","11667140","-1.959e-05","0.0043","C"
"4","Trait5","FASTmrMLM","NsiI.TP308600","4","11755266","1.1688e-05","0.0026","A"
"4","Trait5","FASTmrMLM","PstI.TP979025","4","11818176","3.3898e-05","0.0074","G"
"4","Trait5","FASTmrMLM","NsiI.TP782860","4","11860254","0.0913","0.5559","A"
"4","Trait5","FASTmrMLM","PstI.TP1036535","4","12005514","-3.4478e-05","0.0076","A"
"4","Trait5","FASTmrMLM","NsiI.TP501984","4","12012343","-2.4846e-05","0.0054","C"
"4","Trait5","FASTmrMLM","PstI.TP373489","4","12025790","9.0851e-06","0.002","A"
"4","Trait5","FASTmrMLM","PstI.TP760954","4","12028150","-7.7841e-08","1.6941e-05","C"
"4","Trait5","FASTmrMLM","PstI.TP548545","4","12028244","9.3348e-06","0.002","C"
"4","Trait5","FASTmrMLM","NsiI.TP813500","4","12070767","-0.0066","0.138","C"
"4","Trait5","FASTmrMLM","NsiI.TP102705","4","12103867","-0.0217","0.2295","C"
"4","Trait5","FASTmrMLM","NsiI.TP701740","4","12166406","-3.5081e-05","0.0077","A"
"4","Trait5","FASTmrMLM","NsiI.TP262304","4","12176511","2.4807e-07","5.3988e-05","C"
"4","Trait5","FASTmrMLM","NsiI.TP734475","4","12179795","-0.2258","1.6842","C"
"4","Trait5","FASTmrMLM","NsiI.TP504595","4","12191381","-0.1166","1.015","G"
"4","Trait5","FASTmrMLM","GFSSContig2301_308","4","12207433","1.6718e-05","0.0037","T"
"4","Trait5","FASTmrMLM","PstI.TP542480","4","12258849","2e-04","0.0129","A"
"4","Trait5","FASTmrMLM","NsiI.TP827851","4","12330408","0.3149","1.8867","G"
"4","Trait5","FASTmrMLM","PstI.TP1204465","4","12361335","-1.1956e-05","0.0026","C"
"4","Trait5","FASTmrMLM","PstI.TP1155622","4","12369378","-0.1182","0.6043","G"
"4","Trait5","FASTmrMLM","PstI.TP1146985","4","12387246","-3.4026e-05","0.0075","C"
"4","Trait5","FASTmrMLM","NsiI.TP595695","4","12413777","0.047","0.3631","C"
"4","Trait5","FASTmrMLM","NsiI.TP560976","4","12413786","2.8737e-05","0.0063","C"
"4","Trait5","FASTmrMLM","PstI.TP854112","4","12454467","0.3124","1.6806","C"
"4","Trait5","FASTmrMLM","PstI.TP1075951","4","12476645","-0.085","0.8782","C"
"4","Trait5","FASTmrMLM","NsiI.TP199725","4","12480788","-1.7216e-05","0.0038","A"
"4","Trait5","FASTmrMLM","PstI.TP364032","4","12575906","0.1226","0.697","C"
"4","Trait5","FASTmrMLM","NsiI.TP35466","4","12633998","-1.944e-05","0.0043","C"
"4","Trait5","FASTmrMLM","PstI.TP306851","4","12639614","2.9644e-05","0.0065","A"
"4","Trait5","FASTmrMLM","PstI.TP662108","4","12702463","-2.9585e-05","0.0065","A"
"4","Trait5","FASTmrMLM","PstI.TP1043803","4","12818841","3.746e-06","8e-04","A"
"4","Trait5","FASTmrMLM","PstI.TP106489","4","12822062","0.0767","0.732","A"
"4","Trait5","FASTmrMLM","GFSSContig18299_1838","4","12995724","-3.1446e-05","0.0069","A"
"4","Trait5","FASTmrMLM","NsiI.TP533252","4","13323444","-2.4439e-05","0.0052","G"
"4","Trait5","FASTmrMLM","PstI.TP375423","4","13324419","0.1599","0.9011","C"
"4","Trait5","FASTmrMLM","NsiI.TP225219","4","13324426","0.0752","0.5402","C"
"4","Trait5","FASTmrMLM","PstI.TP94581","4","13330311","1.3643e-05","0.003","C"
"4","Trait5","FASTmrMLM","PstI.TP489918","4","13490772","0.1579","1.0597","C"
"4","Trait5","FASTmrMLM","NsiI.TP48579","4","13590250","-2.405e-06","5e-04","C"
"4","Trait5","FASTmrMLM","PstI.TP163651","4","13684038","0.1249","0.6293","C"
"4","Trait5","FASTmrMLM","PstI.TP1160572","4","13700890","0.1317","1.0686","A"
"4","Trait5","FASTmrMLM","NsiI.TP151463","4","13768195","-8.5428e-06","0.0019","A"
"4","Trait5","FASTmrMLM","NsiI.TP701627","4","13835368","-2.7688e-06","6e-04","A"
"4","Trait5","FASTmrMLM","NsiI.TP265079","4","13841233","3.0077e-06","7e-04","C"
"4","Trait5","FASTmrMLM","PstI.TP356199","4","13903738","-0.1693","1.0989","A"
"4","Trait5","FASTmrMLM","NsiI.TP2816","4","13910479","-1.3506e-05","0.0029","A"
"4","Trait5","FASTmrMLM","PstI.TP751172","4","14003120","-1.0937e-06","2e-04","C"
"4","Trait5","FASTmrMLM","NsiI.TP345980","4","14132815","1.6329e-05","0.0036","G"
"4","Trait5","FASTmrMLM","NsiI.TP701029","4","14147787","0.123","0.4343","G"
"4","Trait5","FASTmrMLM","NsiI.TP823582","4","14166177","-1.5071e-05","0.0033","C"
"4","Trait5","FASTmrMLM","PstI.TP43515","4","14189966","-3e-04","0.0141","A"
"4","Trait5","FASTmrMLM","NsiI.TP307116","4","14204562","-2.3338e-05","0.0051","C"
"4","Trait5","FASTmrMLM","PstI.TP257951","4","14228269","-0.0371","0.3544","A"
"4","Trait5","FASTmrMLM","NsiI.TP575629","4","14235179","-0.1642","1.9454","G"
"4","Trait5","FASTmrMLM","PstI.TP937938","4","14237548","-1.1245e-05","0.0025","C"
"4","Trait5","FASTmrMLM","PstI.TP438135","4","14593222","-2.088e-05","0.0046","A"
"4","Trait5","FASTmrMLM","NsiI.TP468483","4","14594461","0.1288","0.7817","A"
"4","Trait5","FASTmrMLM","PstI.TP1022338","4","14596942","0.1489","0.9115","G"
"4","Trait5","FASTmrMLM","NsiI.TP219993","4","14690742","0.0416","0.3797","A"
"4","Trait5","FASTmrMLM","NsiI.TP509099","4","14692852","-0.0176","0.2593","C"
"4","Trait5","FASTmrMLM","NsiI.TP458405","4","14905579","-1.9216e-05","0.0042","A"
"4","Trait5","FASTmrMLM","PstI.TP228807","4","14920308","1.0353e-05","0.0023","C"
"4","Trait5","FASTmrMLM","PstI.TP267591","4","14921131","-2.956e-05","0.0065","C"
"4","Trait5","FASTmrMLM","NsiI.TP641163","4","14924363","3.9762e-06","9e-04","A"
"4","Trait5","FASTmrMLM","PstI.TP224340","4","14926882","0.1314","1.1665","C"
"4","Trait5","FASTmrMLM","PstI.TP978122","4","14930204","-1.0642e-06","2e-04","C"
"4","Trait5","FASTmrMLM","PstI.TP100146","4","15152517","-3e-04","0.0132","A"
"4","Trait5","FASTmrMLM","PstI.TP110920","4","15319956","4.7424e-07","1e-04","C"
"4","Trait5","FASTmrMLM","PstI.TP1194303","4","15320890","2.0746e-06","5e-04","C"
"4","Trait5","FASTmrMLM","PstI.TP1045192","4","15594452","1.5901e-06","3e-04","A"
"4","Trait5","FASTmrMLM","PstI.TP457434","4","15595824","9.174e-06","0.002","C"
"4","Trait5","FASTmrMLM","PstI.TP128291","4","15659539","0.0506","0.4265","A"
"4","Trait5","FASTmrMLM","PstI.TP324007","4","15684128","-6.7221e-06","0.0015","C"
"4","Trait5","FASTmrMLM","PstI.TP324014","4","15684136","2.2521e-05","0.0049","C"
"4","Trait5","FASTmrMLM","PstI.TP1062473","4","15709616","-3.8316e-07","8.3387e-05","C"
"4","Trait5","FASTmrMLM","NsiI.TP801221","4","15709616","6.0493e-06","0.0013","C"
"4","Trait5","FASTmrMLM","PstI.TP1062471","4","15709646","4.4758e-05","0.0099","C"
"4","Trait5","FASTmrMLM","GFSSContig15381_363","4","15710002","8.769e-06","0.0019","T"
"4","Trait5","FASTmrMLM","PstI.TP1211962","4","15710410","2.5128e-05","0.0052","A"
"4","Trait5","FASTmrMLM","PstI.TP490502","4","15891050","0.0454","0.2901","C"
"4","Trait5","FASTmrMLM","PstI.TP478429","4","15891301","1.2836e-05","0.0028","C"
"4","Trait5","FASTmrMLM","PstI.TP23761","4","15893812","-9.7537e-06","0.0021","C"
"4","Trait5","FASTmrMLM","PstI.TP1087220","4","16035555","-0.1853","1.0426","A"
"4","Trait5","FASTmrMLM","NsiI.TP468188","4","16051806","1.2389e-05","0.0027","C"
"4","Trait5","FASTmrMLM","NsiI.TP461374","4","16055208","0.0312","0.2483","C"
"4","Trait5","FASTmrMLM","NsiI.TP573867","4","16208827","0.0568","0.6018","C"
"4","Trait5","FASTmrMLM","PstI.TP411059","4","16250998","3.4298e-06","7e-04","A"
"4","Trait5","FASTmrMLM","PstI.TP191324","4","16297801","2.386e-06","5e-04","C"
"4","Trait5","FASTmrMLM","PstI.TP71331","4","16297873","-8.4353e-06","0.0018","G"
"4","Trait5","FASTmrMLM","GFSSContig19297_2392","4","16366431","-0.0985","0.5673","T"
"4","Trait5","FASTmrMLM","PstI.TP97820","4","16367813","-9.6043e-06","0.0021","A"
"4","Trait5","FASTmrMLM","PstI.TP423828","4","16477754","-0.0738","0.6853","C"
"4","Trait5","FASTmrMLM","PstI.TP603951","4","16499951","2.7052e-06","6e-04","A"
"4","Trait5","FASTmrMLM","PstI.TP254648","4","16500015","0.096","0.4654","A"
"4","Trait5","FASTmrMLM","PstI.TP605734","4","16501301","3.635e-05","0.008","A"
"4","Trait5","FASTmrMLM","NsiI.TP32958","4","16508052","2.2634e-05","0.005","A"
"4","Trait5","FASTmrMLM","NsiI.TP690791","4","16551464","0.1517","0.7827","C"
"4","Trait5","FASTmrMLM","PstI.TP173583","4","16551946","2.0428e-05","0.0045","G"
"4","Trait5","FASTmrMLM","NsiI.TP102128","4","16552385","-1.7496e-05","0.0038","C"
"4","Trait5","FASTmrMLM","NsiI.TP830716","4","18311149","1.3524e-05","0.003","A"
"4","Trait5","FASTmrMLM","PstI.TP680311","4","18313480","5.7322e-06","0.0012","A"
"4","Trait5","FASTmrMLM","PstI.TP1237511","4","18890758","-1.3652e-05","0.003","C"
"4","Trait5","FASTmrMLM","PstI.TP1169104","4","19508414","-0.0867","1.0126","A"
"4","Trait5","FASTmrMLM","PstI.TP1095693","4","19512189","-6.7482e-06","0.0015","A"
"4","Trait5","FASTmrMLM","NsiI.TP11597","4","19528444","1e-04","0.0101","A"
"4","Trait5","FASTmrMLM","PstI.TP340344","4","19667066","-1.0211e-05","0.0022","C"
"4","Trait5","FASTmrMLM","PstI.TP31583","4","19670544","1.4527e-05","0.0032","A"
"4","Trait5","FASTmrMLM","PstI.TP621493","4","19796948","0.1517","0.7692","C"
"4","Trait5","FASTmrMLM","NsiI.TP157332","4","19902560","-0.1169","0.8825","A"
"4","Trait5","FASTmrMLM","NsiI.TP396265","4","20185440","-0.111","0.5235","A"
"4","Trait5","FASTmrMLM","NsiI.TP396263","4","20185447","0.0339","0.3163","A"
"4","Trait5","FASTmrMLM","PstI.TP1239257","4","20365947","0.0196","0.2523","A"
"4","Trait5","FASTmrMLM","PstI.TP1096983","4","20708817","-0.0248","0.2398","C"
"4","Trait5","FASTmrMLM","PstI.TP134536","4","20754069","-0.1143","0.6559","A"
"4","Trait5","FASTmrMLM","PstI.TP225325","4","20955190","-0.1878","0.8355","G"
"4","Trait5","FASTmrMLM","NsiI.TP570512","4","20959424","6.8218e-06","0.0015","G"
"4","Trait5","FASTmrMLM","NsiI.TP503037","4","21144799","-0.0951","0.5953","C"
"4","Trait5","FASTmrMLM","PstI.TP1054573","4","21150389","2.0726e-05","0.0045","G"
"4","Trait5","FASTmrMLM","PstI.TP1009593","4","21150455","1.1349e-06","2e-04","A"
"4","Trait5","FASTmrMLM","PstI.TP390069","4","21847241","0.0537","0.4706","A"
"4","Trait5","FASTmrMLM","PstI.TP83195","4","22466628","-0.0209","0.2903","A"
"4","Trait5","FASTmrMLM","GFk45ctg179201_418","4","22559183","0.1555","0.9647","A"
"4","Trait5","FASTmrMLM","PstI.TP339012","4","23730556","-9.3257e-06","0.002","C"
"4","Trait5","FASTmrMLM","NsiI.TP620347","4","27291851","2.4069e-05","0.0053","A"
"4","Trait5","FASTmrMLM","PstI.TP1219768","4","27303290","-4.4194e-06","0.001","C"
"4","Trait5","FASTmrMLM","NsiI.TP495634","4","32803678","-3.1e-06","7e-04","C"
"4","Trait5","FASTmrMLM","NsiI.TP427488","4","34032051","1.0645e-05","0.0023","G"
"4","Trait5","FASTmrMLM","PstI.TP388798","4","34703211","5.8379e-05","0.0077","C"
"4","Trait5","FASTmrMLM","NsiI.TP18194","4","34703332","0.0815","0.4128","C"
"4","Trait5","FASTmrMLM","PstI.TP1211804","4","34712354","0.118","1.1616","C"
"4","Trait5","FASTmrMLM","PstI.TP1076652","4","34857099","3.2415e-06","7e-04","A"
"4","Trait5","FASTmrMLM","NsiI.TP490188","4","35132045","0.0464","0.3876","C"
"4","Trait5","FASTmrMLM","PstI.TP120638","4","35323656","-2.5333e-05","0.0055","A"
"4","Trait5","FASTmrMLM","NsiI.TP671673","4","35758840","1.1768e-05","0.0026","A"
"4","Trait5","FASTmrMLM","NsiI.TP739519","4","35759871","3.9128e-06","9e-04","A"
"4","Trait5","FASTmrMLM","PstI.TP1045968","4","37910344","-1.3453e-05","0.0029","A"
"4","Trait5","FASTmrMLM","NsiI.TP315575","4","38384766","-0.1453","0.5431","A"
"4","Trait5","FASTmrMLM","NsiI.TP676973","4","38389441","-1.954e-06","4e-04","G"
"4","Trait5","FASTmrMLM","NsiI.TP230537","4","38900044","-4.783e-06","0.001","C"
"4","Trait5","FASTmrMLM","NsiI.TP494925","4","38912027","-1.0825e-05","0.0024","G"
"4","Trait5","FASTmrMLM","PstI.TP667600","4","39529579","-1.6384e-05","0.0036","C"
"4","Trait5","FASTmrMLM","PstI.TP1244182","4","40221879","-3.9753e-05","0.0087","C"
"4","Trait5","FASTmrMLM","PstI.TP337951","4","40615943","3.9701e-06","9e-04","A"
"4","Trait5","FASTmrMLM","PstI.TP1006395","4","41120868","3.5158e-06","8e-04","C"
"4","Trait5","FASTmrMLM","PstI.TP1249107","4","41378631","-0.0139","0.219","C"
"4","Trait5","FASTmrMLM","PstI.TP982139","4","41445278","7.0627e-06","0.0015","A"
"4","Trait5","FASTmrMLM","PstI.TP7916","4","41445749","-2.2641e-05","0.005","C"
"4","Trait5","FASTmrMLM","PstI.TP714267","4","41525523","-1.3866e-05","0.003","G"
"4","Trait5","FASTmrMLM","PstI.TP1119498","4","41538677","0.1886","0.9631","A"
"4","Trait5","FASTmrMLM","PstI.TP384419","4","41626482","1.5314e-05","0.0033","A"
"4","Trait5","FASTmrMLM","PstI.TP934991","4","41846979","-4.9059e-06","0.0011","A"
"4","Trait5","FASTmrMLM","NsiI.TP796361","4","42127688","5.6494e-08","1.2296e-05","C"
"4","Trait5","FASTmrMLM","PstI.TP498043","4","42143441","-3.2288e-07","7.0276e-05","C"
"4","Trait5","FASTmrMLM","NsiI.TP391227","4","42698388","1.3899e-05","0.003","C"
"4","Trait5","FASTmrMLM","PstI.TP1084308","4","42752899","-1.2495e-05","0.0027","A"
"4","Trait5","FASTmrMLM","PstI.TP1193195","4","42910683","-0.0223","0.263","C"
"4","Trait5","FASTmrMLM","PstI.TP39227","4","42910747","-2.0417e-05","0.0045","G"
"4","Trait5","FASTmrMLM","PstI.TP39226","4","42910794","-3.2554e-05","0.0071","C"
"4","Trait5","FASTmrMLM","PstI.TP335891","4","42916499","-3.9058e-06","9e-04","A"
"4","Trait5","FASTmrMLM","PstI.TP24825","4","43525001","0.0456","0.4444","A"
"4","Trait5","FASTmrMLM","PstI.TP1038856","4","43731538","-0.3875","1.8872","C"
"4","Trait5","FASTmrMLM","PstI.TP28557","4","43964717","2.3795e-05","0.0052","A"
"4","Trait5","FASTmrMLM","PstI.TP1227932","4","44102303","5.1131e-06","0.0011","C"
"4","Trait5","FASTmrMLM","NsiI.TP670897","4","44102679","-3.3264e-06","7e-04","G"
"4","Trait5","FASTmrMLM","PstI.TP143333","4","44467739","-1.3395e-05","0.0029","C"
"4","Trait5","FASTmrMLM","NsiI.TP101671","4","44686469","0.0487","0.3679","C"
"4","Trait5","FASTmrMLM","NsiI.TP671815","4","44692869","0.031","0.1864","A"
"4","Trait5","FASTmrMLM","PstI.TP379812","4","44732427","-1e-04","0.0104","A"
"4","Trait5","FASTmrMLM","NsiI.TP69352","4","44818346","1.5214e-05","0.0033","A"
"4","Trait5","FASTmrMLM","PstI.TP662376","4","44844832","-0.1072","1.1902","A"
"4","Trait5","FASTmrMLM","NsiI.TP735199","4","45035039","-1.4902e-06","3e-04","C"
"4","Trait5","FASTmrMLM","PstI.TP170658","4","45392020","-1.8387e-05","0.004","C"
"4","Trait5","FASTmrMLM","NsiI.TP695171","4","45394796","-1.2111e-05","0.0026","C"
"4","Trait5","FASTmrMLM","NsiI.TP111500","4","45765430","-0.0553","0.4884","A"
"4","Trait5","FASTmrMLM","NsiI.TP457214","4","45834089","3.0774e-05","0.0068","C"
"4","Trait5","FASTmrMLM","NsiI.TP587782","4","45876240","-1.2612e-05","0.0028","C"
"4","Trait5","FASTmrMLM","NsiI.TP514975","4","45876590","1.2491e-05","0.0027","C"
"4","Trait5","FASTmrMLM","PstI.TP371552","4","45884872","1.0571e-05","0.0023","C"
"4","Trait5","FASTmrMLM","NsiI.TP668888","4","46350881","-7.3349e-06","0.0016","A"
"4","Trait5","FASTmrMLM","NsiI.TP756490","4","46354437","0.1766","0.6239","A"
"4","Trait5","FASTmrMLM","PstI.TP1153375","4","46355433","2.3443e-05","0.0051","A"
"4","Trait5","FASTmrMLM","NsiI.TP382222","4","46359513","0.0433","0.2483","A"
"4","Trait5","FASTmrMLM","PstI.TP65828","4","46538766","-0.1061","0.5759","A"
"4","Trait5","FASTmrMLM","NsiI.TP356110","4","46657472","7.4173e-06","0.0016","A"
"4","Trait5","FASTmrMLM","PstI.TP645452","4","46698558","0.3517","2.6645","C"
"4","Trait5","FASTmrMLM","PstI.TP129466","4","46872452","1.7196e-05","0.0038","G"
"4","Trait5","FASTmrMLM","PstI.TP229656","4","46914021","3.209e-05","0.007","A"
"4","Trait5","FASTmrMLM","NsiI.TP457162","4","46961378","-9.0864e-06","0.002","C"
"4","Trait5","FASTmrMLM","PstI.TP1058832","4","46982758","6.4686e-06","0.0014","G"
"4","Trait5","FASTmrMLM","NsiI.TP660","4","47532159","0.033","0.3202","C"
"4","Trait5","FASTmrMLM","NsiI.TP661","4","47532167","0.0561","0.376","C"
"4","Trait5","FASTmrMLM","NsiI.TP753138","4","47705467","6.696e-06","0.0015","A"
"4","Trait5","FASTmrMLM","NsiI.TP771022","4","47845770","0.1031","0.6596","C"
"4","Trait5","FASTmrMLM","NsiI.TP81944","4","47846954","-9.3539e-06","0.002","A"
"4","Trait5","FASTmrMLM","PstI.TP908401","4","47909121","-1.0303e-05","0.0022","C"
"4","Trait5","FASTmrMLM","NsiI.TP635034","4","47911863","0.2659","1.1971","A"
"4","Trait5","FASTmrMLM","NsiI.TP628614","4","47937476","3.3612e-05","0.0074","A"
"4","Trait5","FASTmrMLM","PstI.TP765640","4","48027712","1.4357e-05","0.0031","A"
"4","Trait5","FASTmrMLM","PstI.TP232395","4","48031995","-1.367e-05","0.003","A"
"4","Trait5","FASTmrMLM","PstI.TP1265926","4","48033598","-1.7488e-06","4e-04","A"
"4","Trait5","FASTmrMLM","PstI.TP31281","4","48075879","-2.3935e-05","0.0052","C"
"4","Trait5","FASTmrMLM","PstI.TP744262","4","48092727","0.1801","0.6602","C"
"4","Trait5","FASTmrMLM","NsiI.TP609845","4","48352833","9.4104e-06","0.0021","G"
"4","Trait5","FASTmrMLM","PstI.TP1148487","4","48397503","-0.1279","0.7572","G"
"4","Trait5","FASTmrMLM","PstI.TP1142732","4","48400591","5.1039e-06","0.0011","C"
"4","Trait5","FASTmrMLM","GFSSContig16567_1127","4","48426666","1.2767e-05","0.0028","A"
"4","Trait5","FASTmrMLM","GFSSContig1697_227","4","48426930","-3.109e-05","0.0068","T"
"4","Trait5","FASTmrMLM","NsiI.TP821811","4","48427329","-1.8632e-05","0.0041","A"
"4","Trait5","FASTmrMLM","PstI.TP768230","4","48611784","-0.0752","0.6172","A"
"4","Trait5","FASTmrMLM","PstI.TP1002701","4","48613681","0.1149","0.5432","C"
"4","Trait5","FASTmrMLM","NsiI.TP520835","4","48697029","7.0207e-06","0.0015","A"
"4","Trait5","FASTmrMLM","PstI.TP1002453","4","48704152","-0.0986","0.5163","A"
"4","Trait5","FASTmrMLM","NsiI.TP62800","4","48704161","5.1544e-06","0.0011","A"
"4","Trait5","FASTmrMLM","PstI.TP973972","4","48704215","2.6684e-06","6e-04","C"
"4","Trait5","FASTmrMLM","NsiI.TP830798","4","48851837","-0.215","1.3432","C"
"4","Trait5","FASTmrMLM","NsiI.TP356397","4","48854231","1.4864e-06","3e-04","A"
"4","Trait5","FASTmrMLM","PstI.TP936606","4","49135392","-2.2916e-05","0.005","A"
"4","Trait5","FASTmrMLM","PstI.TP920502","4","49225685","-0.3053","1.472","C"
"4","Trait5","FASTmrMLM","PstI.TP333205","4","49231325","1.048e-05","0.0023","C"
"4","Trait5","FASTmrMLM","GFk45ctg296738_328","4","49235742","2.0087e-05","0.0044","T"
"4","Trait5","FASTmrMLM","PstI.TP718982","4","49258260","3.5758e-06","8e-04","A"
"4","Trait5","FASTmrMLM","NsiI.TP312454","4","49292509","1.0291e-05","0.0022","A"
"4","Trait5","FASTmrMLM","PstI.TP198316","4","49293313","-0.2193","0.8494","A"
"4","Trait5","FASTmrMLM","NsiI.TP164780","4","49447515","-0.248","0.8048","A"
"4","Trait5","FASTmrMLM","PstI.TP182297","4","49450299","-0.0095","0.0999","C"
"4","Trait5","FASTmrMLM","NsiI.TP135323","4","49456476","3.0911e-05","0.0068","C"
"4","Trait5","FASTmrMLM","PstI.TP793792","4","49516153","1.1167e-05","0.0024","A"
"4","Trait5","FASTmrMLM","PstI.TP1095630","4","49522511","-0.0631","0.3922","G"
"4","Trait5","FASTmrMLM","NsiI.TP423735","4","49526655","-4.3223e-06","9e-04","A"
"4","Trait5","FASTmrMLM","PstI.TP1269911","4","49585404","-0.0567","0.5765","C"
"4","Trait5","FASTmrMLM","NsiI.TP30913","4","49805444","-6.2245e-06","0.0014","A"
"4","Trait5","FASTmrMLM","NsiI.TP9667","4","49805812","-2.3344e-08","5.0798e-06","A"
"4","Trait5","FASTmrMLM","NsiI.TP9710","4","49805830","-1.7762e-05","0.0039","C"
"4","Trait5","FASTmrMLM","NsiI.TP715437","4","49813047","-1.1636e-05","0.0025","A"
"4","Trait5","FASTmrMLM","NsiI.TP42348","4","49820590","-0.0995","0.5973","A"
"4","Trait5","FASTmrMLM","NsiI.TP151057","4","49824243","7.7507e-07","2e-04","C"
"4","Trait5","FASTmrMLM","NsiI.TP131428","4","49830030","1.8831e-05","0.0041","C"
"4","Trait5","FASTmrMLM","PstI.TP1250734","4","49904627","-8.9387e-06","0.0019","C"
"4","Trait5","FASTmrMLM","NsiI.TP622430","4","49908847","-0.0941","0.6606","A"
"4","Trait5","FASTmrMLM","NsiI.TP331108","4","49980904","0.076","0.5068","A"
"4","Trait5","FASTmrMLM","NsiI.TP245903","4","50112731","2.275e-05","0.005","A"
"4","Trait5","FASTmrMLM","PstI.TP1269743","4","50113990","-0.042","0.2884","C"
"4","Trait5","FASTmrMLM","NsiI.TP427762","4","50118560","-1.8722e-07","4.0748e-05","A"
"4","Trait5","FASTmrMLM","PstI.TP748785","4","50119001","8.4937e-06","0.0019","A"
"4","Trait5","FASTmrMLM","PstI.TP299340","4","50252276","3.845e-06","8e-04","A"
"4","Trait5","FASTmrMLM","NsiI.TP77318","4","50254697","-2.7643e-06","6e-04","A"
"4","Trait5","FASTmrMLM","NsiI.TP412067","4","50327763","-1.1121e-05","0.0024","A"
"4","Trait5","FASTmrMLM","NsiI.TP477424","4","50327964","1.146e-05","0.0025","A"
"4","Trait5","FASTmrMLM","NsiI.TP13066","4","50511117","-0.0576","0.3512","C"
"4","Trait5","FASTmrMLM","NsiI.TP125439","4","50516044","-3.8274e-06","8e-04","A"
"4","Trait5","FASTmrMLM","PstI.TP365959","4","50569786","-0.071","0.5472","C"
"4","Trait5","FASTmrMLM","NsiI.TP634743","4","50670050","4.9921e-06","0.0011","C"
"4","Trait5","FASTmrMLM","NsiI.TP481272","4","50672323","-1.4367e-05","0.0031","C"
"4","Trait5","FASTmrMLM","PstI.TP705712","4","50769897","-0.0554","0.2973","C"
"4","Trait5","FASTmrMLM","PstI.TP411131","4","50796187","-3e-04","0.0153","A"
"4","Trait5","FASTmrMLM","GFSSContig18484_975","4","50798293","-0.0409","0.2037","T"
"4","Trait5","FASTmrMLM","PstI.TP806204","4","50917548","6.5382e-06","0.0014","A"
"4","Trait5","FASTmrMLM","NsiI.TP497377","4","50966704","7.4788e-06","0.0016","C"
"4","Trait5","FASTmrMLM","NsiI.TP378250","4","50966772","-0.1039","0.4165","A"
"4","Trait5","FASTmrMLM","NsiI.TP536725","4","50982107","-2.4518e-05","0.0054","C"
"4","Trait5","FASTmrMLM","PstI.TP1097424","4","51077609","7.1098e-06","0.0016","C"
"4","Trait5","FASTmrMLM","NsiI.TP566474","4","51081160","0.1354","1.7833","A"
"4","Trait5","FASTmrMLM","PstI.TP1242812","4","51104367","-1.7321e-05","0.0038","A"
"4","Trait5","FASTmrMLM","PstI.TP1010525","4","51111345","-5.4383e-05","0.0071","A"
"4","Trait5","FASTmrMLM","NsiI.TP555814","4","51117245","1.0061e-05","0.0022","G"
"4","Trait5","FASTmrMLM","PstI.TP852023","4","51121423","0.2845","2.3525","C"
"4","Trait5","FASTmrMLM","PstI.TP112091","4","51152855","3.1779e-05","0.007","C"
"4","Trait5","FASTmrMLM","NsiI.TP165212","4","51172902","6.4955e-06","0.0014","A"
"4","Trait5","FASTmrMLM","NsiI.TP165213","4","51172928","-4.8448e-06","0.0011","A"
"4","Trait5","FASTmrMLM","NsiI.TP435919","4","51192809","4.349e-05","0.0096","C"
"4","Trait5","FASTmrMLM","PstI.TP343186","4","51207966","-7.3155e-06","0.0016","A"
"4","Trait5","FASTmrMLM","PstI.TP802133","4","51215387","2.64e-08","5.746e-06","A"
"4","Trait5","FASTmrMLM","PstI.TP802170","4","51215407","7.6874e-06","0.0017","C"
"4","Trait5","FASTmrMLM","PstI.TP193499","4","51228237","0.1056","0.5136","C"
"4","Trait5","FASTmrMLM","PstI.TP940948","4","51244722","0.099","0.8496","C"
"4","Trait5","FASTmrMLM","PstI.TP186284","4","51270491","-3.1285e-05","0.0069","A"
"4","Trait5","FASTmrMLM","NsiI.TP510788","4","51309466","-2.5563e-05","0.0056","A"
"4","Trait5","FASTmrMLM","PstI.TP1070447","4","51373922","1.3585e-06","3e-04","G"
"4","Trait5","FASTmrMLM","PstI.TP348903","4","51423533","-3.3396e-05","0.0073","C"
"4","Trait5","FASTmrMLM","PstI.TP258000","4","51424322","-0.0768","0.6114","C"
"4","Trait5","FASTmrMLM","NsiI.TP653848","4","51429984","1.0004e-05","0.0022","A"
"4","Trait5","FASTmrMLM","PstI.TP453257","4","51431216","-0.1841","0.558","G"
"4","Trait5","FASTmrMLM","PstI.TP1165594","4","51435097","-9.6717e-06","0.0021","C"
"4","Trait5","FASTmrMLM","NsiI.TP744805","4","51441275","5.795e-06","0.0013","C"
"4","Trait5","FASTmrMLM","PstI.TP264541","4","51454302","-5.8156e-06","0.0013","A"
"4","Trait5","FASTmrMLM","NsiI.TP487552","4","51467824","0.0833","0.453","C"
"4","Trait5","FASTmrMLM","PstI.TP68012","4","51475577","-3.8569e-07","8.3954e-05","A"
"4","Trait5","FASTmrMLM","PstI.TP824743","4","51495892","1.2621e-05","0.0028","C"
"4","Trait5","FASTmrMLM","PstI.TP1064467","4","51514364","3.9717e-05","0.0087","C"
"4","Trait5","FASTmrMLM","PstI.TP683573","4","51515338","0.1297","0.8149","A"
"4","Trait5","FASTmrMLM","PstI.TP313639","4","51533595","-6.1818e-06","0.0013","A"
"4","Trait5","FASTmrMLM","NsiI.TP568456","4","51585680","0.0811","0.9216","C"
"4","Trait5","FASTmrMLM","PstI.TP24804","4","51590266","-0.2613","2.0885","G"
"4","Trait5","FASTmrMLM","PstI.TP718411","4","51590334","-0.1893","0.942","G"
"4","Trait5","FASTmrMLM","PstI.TP114846","4","51608962","-2.0508e-05","0.0045","G"
"4","Trait5","FASTmrMLM","NsiI.TP298862","4","51651085","9.0347e-06","0.002","C"
"4","Trait5","FASTmrMLM","PstI.TP157346","4","51651443","4.724e-07","1e-04","C"
"4","Trait5","FASTmrMLM","NsiI.TP641187","4","51655402","-1.5762e-05","0.0034","C"
"4","Trait5","FASTmrMLM","PstI.TP1004265","4","51656140","-0.1202","0.8818","A"
"4","Trait5","FASTmrMLM","PstI.TP801959","4","51656199","0.0261","0.2075","C"
"4","Trait5","FASTmrMLM","PstI.TP549664","4","51714036","-8.8817e-06","0.0019","C"
"4","Trait5","FASTmrMLM","PstI.TP349355","4","51739537","-0.1791","1.3609","A"
"4","Trait5","FASTmrMLM","NsiI.TP211613","4","51742137","0.0123","0.0984","A"
"4","Trait5","FASTmrMLM","PstI.TP1131201","4","51779943","-2.6725e-06","6e-04","A"
"4","Trait5","FASTmrMLM","NsiI.TP348593","4","51813277","0.0217","0.2517","A"
"4","Trait5","FASTmrMLM","PstI.TP183270","4","51849104","-6.9778e-06","0.0015","C"
"4","Trait5","FASTmrMLM","PstI.TP529540","4","51912921","-1.3571e-05","0.003","C"
"4","Trait5","FASTmrMLM","PstI.TP1248818","4","51912991","-0.0507","0.6993","A"
"4","Trait5","FASTmrMLM","NsiI.TP351614","4","51915777","6.5164e-06","0.0014","C"
"4","Trait5","FASTmrMLM","NsiI.TP283254","4","51916229","0.0347","0.3759","A"
"4","Trait5","FASTmrMLM","PstI.TP738277","4","51919117","0.0247","0.3233","C"
"4","Trait5","FASTmrMLM","PstI.TP1133379","4","51922694","-3.1751e-06","7e-04","A"
"4","Trait5","FASTmrMLM","NsiI.TP125425","4","51923859","-0.0747","0.8841","A"
"4","Trait5","FASTmrMLM","NsiI.TP149269","4","51951868","-2.9536e-05","0.0065","A"
"4","Trait5","FASTmrMLM","PstI.TP712933","4","51959766","-5.4694e-05","0.005","A"
"4","Trait5","FASTmrMLM","PstI.TP253849","4","51966861","-0.1441","1.1684","C"
"4","Trait5","FASTmrMLM","PstI.TP534958","4","51967347","0.0346","0.3356","G"
"4","Trait5","FASTmrMLM","PstI.TP1284384","4","51973695","-2.5538e-05","0.0056","C"
"4","Trait5","FASTmrMLM","NsiI.TP172767","4","51980537","3.0706e-05","0.0067","A"
"4","Trait5","FASTmrMLM","NsiI.TP213961","4","52007715","2.1109e-05","0.0046","A"
"4","Trait5","FASTmrMLM","PstI.TP486220","4","52088795","9.4436e-06","0.0021","A"
"4","Trait5","FASTmrMLM","NsiI.TP754585","4","52092240","1.3198e-05","0.0029","A"
"4","Trait5","FASTmrMLM","NsiI.TP470206","4","52133121","0.0264","0.326","A"
"4","Trait5","FASTmrMLM","NsiI.TP799120","4","52139636","-0.0396","0.2962","A"
"4","Trait5","FASTmrMLM","NsiI.TP443125","4","52156961","3.3315e-05","0.0073","C"
"4","Trait5","FASTmrMLM","PstI.TP1278246","4","52239505","-0.1101","0.4705","C"
"4","Trait5","FASTmrMLM","PstI.TP853588","4","52241476","0.1372","0.3971","C"
"4","Trait5","FASTmrMLM","NsiI.TP587023","4","52287799","6.3589e-06","0.0014","G"
"4","Trait5","FASTmrMLM","PstI.TP339319","4","52332747","0.3764","1.7594","A"
"4","Trait5","FASTmrMLM","NsiI.TP412502","4","52349074","-0.1715","1.4266","C"
"4","Trait5","FASTmrMLM","PstI.TP831969","4","52358433","-1.0353e-05","0.0023","A"
"4","Trait5","FASTmrMLM","NsiI.TP499370","4","52358612","6.0577e-06","0.0013","A"
"4","Trait5","FASTmrMLM","PstI.TP949990","4","52404605","-1.8242e-05","0.004","C"
"4","Trait5","FASTmrMLM","PstI.TP248582","4","52409374","0.062","0.6816","A"
"4","Trait5","FASTmrMLM","PstI.TP175667","4","52410299","0.1225","0.8347","A"
"4","Trait5","FASTmrMLM","NsiI.TP503329","4","52418045","-8.9709e-07","2e-04","A"
"4","Trait5","FASTmrMLM","PstI.TP492170","4","52421551","1.2049e-05","0.0026","A"
"4","Trait5","FASTmrMLM","PstI.TP1148759","4","52423453","1.7677e-06","4e-04","A"
"4","Trait5","FASTmrMLM","NsiI.TP574675","4","52424685","0.0971","0.6979","G"
"4","Trait5","FASTmrMLM","PstI.TP845494","4","52425318","3.7021e-07","8.0578e-05","A"
"4","Trait5","FASTmrMLM","PstI.TP1036129","4","52433390","-0.0909","0.6497","G"
"4","Trait5","FASTmrMLM","PstI.TP965479","4","52472251","-0.1082","1.1285","A"
"4","Trait5","FASTmrMLM","PstI.TP1197361","4","52473553","-0.1414","0.7536","A"
"4","Trait5","FASTmrMLM","PstI.TP1261275","4","52583838","-3.3659e-06","7e-04","A"
"4","Trait5","FASTmrMLM","NsiI.TP110486","4","52625759","0.0438","0.4268","A"
"4","Trait5","FASTmrMLM","PstI.TP36018","4","52630073","5.8186e-06","0.0013","A"
"4","Trait5","FASTmrMLM","NsiI.TP388811","4","52645190","-3.1114e-05","0.0068","A"
"4","Trait5","FASTmrMLM","PstI.TP244021","4","52647780","0.0641","0.6504","A"
"4","Trait5","FASTmrMLM","PstI.TP786333","4","52701234","-1.5504e-05","0.0034","G"
"4","Trait5","FASTmrMLM","PstI.TP139731","4","52706534","8.1663e-06","0.0018","A"
"4","Trait5","FASTmrMLM","PstI.TP993409","4","52708520","-9.4538e-06","0.0021","C"
"4","Trait5","FASTmrMLM","PstI.TP470432","4","52709206","-0.169","0.6349","A"
"4","Trait5","FASTmrMLM","NsiI.TP338590","4","52709492","9.6127e-06","0.0021","C"
"4","Trait5","FASTmrMLM","PstI.TP208913","4","52776627","-0.0346","0.3769","C"
"4","Trait5","FASTmrMLM","PstI.TP978417","4","52815794","9.8074e-07","2e-04","A"
"4","Trait5","FASTmrMLM","PstI.TP418823","4","52874753","8.3087e-07","2e-04","C"
"4","Trait5","FASTmrMLM","PstI.TP1260649","4","52875541","6.2089e-06","0.0014","C"
"4","Trait5","FASTmrMLM","NsiI.TP344696","4","52876283","7.2078e-06","0.0016","A"
"4","Trait5","FASTmrMLM","PstI.TP629590","4","52879245","2.2134e-05","0.0048","A"
"4","Trait5","FASTmrMLM","NsiI.TP407173","4","52879944","1.3074e-05","0.0029","C"
"4","Trait5","FASTmrMLM","NsiI.TP485929","4","52927802","3.6487e-05","0.008","A"
"4","Trait5","FASTmrMLM","NsiI.TP589563","4","52932175","4.7335e-06","0.001","C"
"4","Trait5","FASTmrMLM","NsiI.TP635932","4","52941463","1.6684e-05","0.0036","G"
"4","Trait5","FASTmrMLM","PstI.TP1211792","4","52941499","-0.0544","0.4446","A"
"4","Trait5","FASTmrMLM","PstI.TP187643","4","52943944","-0.1632","1.5182","C"
"4","Trait5","FASTmrMLM","NsiI.TP341648","4","52954085","-9.3166e-06","0.002","G"
"4","Trait5","FASTmrMLM","NsiI.TP821634","4","52966946","-3.1578e-05","0.004","C"
"4","Trait5","FASTmrMLM","PstI.TP24110","4","52990968","-1.9432e-05","0.0042","A"
"4","Trait5","FASTmrMLM","NsiI.TP438956","4","53041908","-7.1451e-06","0.0016","G"
"4","Trait5","FASTmrMLM","NsiI.TP362006","4","53046565","-0.1451","0.6756","G"
"4","Trait5","FASTmrMLM","PstI.TP918645","4","53049022","2.2712e-05","0.005","G"
"4","Trait5","FASTmrMLM","NsiI.TP794756","4","53049429","1.0124e-05","0.0022","A"
"4","Trait5","FASTmrMLM","NsiI.TP113107","4","53058647","3.7628e-06","8e-04","A"
"4","Trait5","FASTmrMLM","NsiI.TP324695","4","53060137","-2.1826e-05","0.0048","C"
"4","Trait5","FASTmrMLM","PstI.TP982477","4","53079952","-1.6146e-07","3.5138e-05","C"
"4","Trait5","FASTmrMLM","PstI.TP1094441","4","53080201","-1.7379e-05","0.0038","C"
"4","Trait5","FASTmrMLM","NsiI.TP800522","4","53081363","-0.1616","0.7628","A"
"4","Trait5","FASTmrMLM","NsiI.TP672","4","53084075","-3.723e-06","8e-04","A"
"4","Trait5","FASTmrMLM","PstI.TP222317","4","53112242","-0.0785","0.9059","A"
"4","Trait5","FASTmrMLM","NsiI.TP134728","4","53153983","-1.7335e-05","0.0038","A"
"4","Trait5","FASTmrMLM","GFSSContig19061_572","4","53216116","2.2562e-05","0.0049","C"
"4","Trait5","FASTmrMLM","PstI.TP12358","4","53221076","-1.9165e-05","0.0042","A"
"4","Trait5","FASTmrMLM","NsiI.TP71134","4","53235715","-2.5103e-05","0.0055","A"
"4","Trait5","FASTmrMLM","PstI.TP414824","4","53239247","1.3062e-05","0.0029","G"
"4","Trait5","FASTmrMLM","NsiI.TP308895","4","53256231","2.9405e-05","0.0064","A"
"4","Trait5","FASTmrMLM","PstI.TP1045651","4","53258401","-1.2432e-05","0.0027","A"
"4","Trait5","FASTmrMLM","NsiI.TP179280","4","53278030","-1.0157e-05","0.0022","C"
"4","Trait5","FASTmrMLM","PstI.TP332839","4","53286029","1.5195e-05","0.0033","A"
"4","Trait5","FASTmrMLM","PstI.TP282518","4","53315539","-0.1296","0.8049","C"
"4","Trait5","FASTmrMLM","PstI.TP637947","4","53318565","-2.2172e-06","5e-04","A"
"4","Trait5","FASTmrMLM","NsiI.TP510742","4","53319802","0.0955","0.8443","C"
"4","Trait5","FASTmrMLM","NsiI.TP426339","4","53336949","5.3723e-06","0.0012","C"
"4","Trait5","FASTmrMLM","PstI.TP1135965","4","53376085","1.2553e-05","0.0027","A"
"4","Trait5","FASTmrMLM","PstI.TP643305","4","53381612","-1.9618e-05","0.0043","A"
"4","Trait5","FASTmrMLM","NsiI.TP752819","4","53384492","1.2249e-05","0.0027","A"
"4","Trait5","FASTmrMLM","GFSSContig7525_157","4","53538697","9.7067e-06","0.0021","A"
"4","Trait5","FASTmrMLM","PstI.TP664261","4","53614493","-1.9528e-06","4e-04","C"
"4","Trait5","FASTmrMLM","NsiI.TP3008","4","53631292","-1.2382e-05","0.0027","A"
"4","Trait5","FASTmrMLM","NsiI.TP412850","4","53649638","4.6369e-06","0.001","C"
"4","Trait5","FASTmrMLM","NsiI.TP625960","4","53651156","4.2748e-06","9e-04","C"
"4","Trait5","FASTmrMLM","NsiI.TP312081","4","53667684","-2.5878e-05","0.0057","C"
"4","Trait5","FASTmrMLM","NsiI.TP525580","4","53732679","-1.476e-05","0.0032","A"
"4","Trait5","FASTmrMLM","PstI.TP212989","4","53734894","-7.7988e-06","0.0017","G"
"4","Trait5","FASTmrMLM","NsiI.TP251873","4","53735546","-1.4094e-05","0.0031","C"
"4","Trait5","FASTmrMLM","PstI.TP983713","4","53739075","4.9017e-06","0.0011","A"
"4","Trait5","FASTmrMLM","NsiI.TP388861","4","53760575","3.5495e-05","0.0078","A"
"4","Trait5","FASTmrMLM","PstI.TP12056","4","53765578","8.0621e-06","0.0018","A"
"4","Trait5","FASTmrMLM","PstI.TP283482","4","53765906","-6.657e-06","0.0015","A"
"4","Trait5","FASTmrMLM","PstI.TP854535","4","53779010","5.4845e-06","0.0012","A"
"4","Trait5","FASTmrMLM","PstI.TP30575","4","53784300","8.4201e-06","0.0018","A"
"4","Trait5","FASTmrMLM","PstI.TP1065771","4","53786884","-1.876e-05","0.0041","A"
"4","Trait5","FASTmrMLM","NsiI.TP773756","4","53789013","0.0192","0.139","C"
"4","Trait5","FASTmrMLM","NsiI.TP411261","4","53789060","7.3792e-06","0.0016","C"
"4","Trait5","FASTmrMLM","PstI.TP852425","4","53801587","7.7472e-07","2e-04","A"
"4","Trait5","FASTmrMLM","PstI.TP758217","4","53816542","0.0287","0.3427","C"
"4","Trait5","FASTmrMLM","NsiI.TP442164","4","53817049","0.1375","0.436","G"
"4","Trait5","FASTmrMLM","PstI.TP321647","4","53852701","0.0231","0.15","A"
"4","Trait5","FASTmrMLM","PstI.TP4546","4","53857017","2.5099e-05","0.0055","A"
"4","Trait5","FASTmrMLM","PstI.TP539355","4","53869628","0.1523","0.6322","A"
"4","Trait5","FASTmrMLM","PstI.TP478290","4","53890123","2.1068e-05","0.0046","C"
"4","Trait5","FASTmrMLM","PstI.TP121503","4","53891622","-0.1952","1.0144","A"
"4","Trait5","FASTmrMLM","PstI.TP988008","4","53910327","-1.8091e-05","0.004","A"
"4","Trait5","FASTmrMLM","NsiI.TP356904","4","53921144","2.2854e-05","0.005","C"
"4","Trait5","FASTmrMLM","PstI.TP521834","4","53924496","3.1967e-05","0.0065","G"
"4","Trait5","FASTmrMLM","PstI.TP1068462","4","53925785","2.9876e-05","0.006","C"
"4","Trait5","FASTmrMLM","PstI.TP65504","4","53926304","-9.7864e-06","0.0021","A"
"4","Trait5","FASTmrMLM","NsiI.TP88838","4","53926304","1.5159e-05","0.0033","C"
"4","Trait5","FASTmrMLM","NsiI.TP656364","4","53975459","3.6149e-05","0.0079","A"
"4","Trait5","FASTmrMLM","NsiI.TP266817","4","54015019","-0.0636","0.5756","A"
"4","Trait5","FASTmrMLM","PstI.TP397988","4","54041708","-0.0136","0.1749","A"
"4","Trait5","FASTmrMLM","PstI.TP827038","4","54042262","-0.1189","0.4756","A"
"4","Trait5","FASTmrMLM","PstI.TP1166700","4","54042535","-7.1831e-06","0.0016","C"
"4","Trait5","FASTmrMLM","PstI.TP163763","4","54075916","2.963e-06","6e-04","C"
"4","Trait5","FASTmrMLM","NsiI.TP153146","4","54084605","-3.3165e-06","7e-04","C"
"4","Trait5","FASTmrMLM","NsiI.TP136638","4","54093457","2.2538e-06","5e-04","A"
"4","Trait5","FASTmrMLM","NsiI.TP587937","4","54101000","-5.6327e-06","0.0012","C"
"4","Trait5","FASTmrMLM","NsiI.TP291856","4","54111681","0.0688","0.2926","A"
"4","Trait5","FASTmrMLM","NsiI.TP533453","4","54189630","-0.1264","0.9292","A"
"4","Trait5","FASTmrMLM","NsiI.TP418285","4","54194966","-0.0568","0.6589","A"
"4","Trait5","FASTmrMLM","PstI.TP26232","4","54197890","-0.0845","0.6721","G"
"4","Trait5","FASTmrMLM","NsiI.TP459541","4","54209493","-6.1729e-07","1e-04","A"
"4","Trait5","FASTmrMLM","PstI.TP50261","4","54312494","0.0159","0.1994","C"
"4","Trait5","FASTmrMLM","PstI.TP1291249","4","54350182","-0.0948","0.8748","C"
"4","Trait5","FASTmrMLM","PstI.TP279630","4","54350227","1.5829e-05","0.0035","A"
"4","Trait5","FASTmrMLM","NsiI.TP673957","4","54354320","0.1705","1.1558","A"
"4","Trait5","FASTmrMLM","PstI.TP547059","4","54363094","2.4041e-06","5e-04","A"
"4","Trait5","FASTmrMLM","PstI.TP1119155","4","54364765","-2e-04","0.0126","A"
"4","Trait5","FASTmrMLM","PstI.TP1287189","4","54422890","-0.0627","0.4848","G"
"4","Trait5","FASTmrMLM","GFSSContig10781_370","4","54423680","-4.1959e-06","9e-04","A"
"4","Trait5","FASTmrMLM","NsiI.TP545458","4","54424654","0.3501","1.7825","A"
"4","Trait5","FASTmrMLM","NsiI.TP24716","4","54439315","-0.0352","0.2458","G"
"4","Trait5","FASTmrMLM","PstI.TP804706","4","54445856","8.2405e-06","0.0018","G"
"4","Trait5","FASTmrMLM","PstI.TP989059","4","54451954","-1.0635e-05","0.0023","A"
"4","Trait5","FASTmrMLM","PstI.TP901989","4","54463784","-0.03","0.229","C"
"4","Trait5","FASTmrMLM","NsiI.TP62383","4","54490647","-2.1166e-05","0.0046","A"
"4","Trait5","FASTmrMLM","PstI.TP521327","4","54492451","2.1246e-05","0.0034","A"
"4","Trait5","FASTmrMLM","PstI.TP385432","4","54494375","-0.0309","0.2733","C"
"4","Trait5","FASTmrMLM","PstI.TP185395","4","54512209","-1.0453e-05","0.0023","A"
"4","Trait5","FASTmrMLM","NsiI.TP59931","4","54523789","-2.437e-07","5.3048e-05","C"
"4","Trait5","FASTmrMLM","PstI.TP1078082","4","54527792","7.0483e-08","1.5344e-05","C"
"4","Trait5","FASTmrMLM","NsiI.TP407755","4","54528290","2.4413e-05","0.0053","A"
"4","Trait5","FASTmrMLM","NsiI.TP580707","4","54531341","0.3144","1.0025","C"
"4","Trait5","FASTmrMLM","PstI.TP626100","4","54531804","-0.0361","0.4214","A"
"4","Trait5","FASTmrMLM","NsiI.TP208434","4","54533329","3.8668e-05","0.0085","A"
"4","Trait5","FASTmrMLM","NsiI.TP694236","4","54534121","-6.9412e-06","0.0015","A"
"4","Trait5","FASTmrMLM","PstI.TP402694","4","54538389","-2.2206e-05","0.0049","A"
"4","Trait5","FASTmrMLM","NsiI.TP409219","4","54558752","1.1027e-05","0.0024","A"
"4","Trait5","FASTmrMLM","NsiI.TP202440","4","54558796","1.3262e-05","0.0029","A"
"4","Trait5","FASTmrMLM","NsiI.TP719737","4","54591602","-1.6902e-05","0.0037","C"
"4","Trait5","FASTmrMLM","NsiI.TP204537","4","54614608","-1.9268e-06","4e-04","C"
"4","Trait5","FASTmrMLM","PstI.TP777730","4","54650938","1.39e-05","0.003","A"
"4","Trait5","FASTmrMLM","NsiI.TP630442","4","54684529","-7.2834e-06","0.0016","G"
"4","Trait5","FASTmrMLM","NsiI.TP237940","4","54719275","-7.1607e-06","0.0016","C"
"4","Trait5","FASTmrMLM","PstI.TP318872","4","54744673","0.0197","0.26","A"
"4","Trait5","FASTmrMLM","PstI.TP310601","4","54744696","6.3291e-06","0.0014","A"
"4","Trait5","FASTmrMLM","NsiI.TP127922","4","54754163","2.6455e-07","5.7588e-05","C"
"4","Trait5","FASTmrMLM","NsiI.TP442640","4","54754468","-0.0235","0.2956","G"
"4","Trait5","FASTmrMLM","PstI.TP166433","4","54754497","-2.1612e-05","0.0047","G"
"4","Trait5","FASTmrMLM","PstI.TP628745","4","54755272","1.8246e-05","0.004","C"
"4","Trait5","FASTmrMLM","PstI.TP26965","4","54759684","-1.033e-05","0.0023","A"
"4","Trait5","FASTmrMLM","PstI.TP27002","4","54759695","1.1895e-05","0.0026","G"
"4","Trait5","FASTmrMLM","PstI.TP751813","4","54760723","0.0089","0.1344","A"
"4","Trait5","FASTmrMLM","PstI.TP40183","4","54789393","-4.0499e-06","9e-04","A"
"4","Trait5","FASTmrMLM","NsiI.TP217847","4","54804621","1.2901e-05","0.0028","C"
"4","Trait5","FASTmrMLM","NsiI.TP403906","4","54810023","-6.6748e-06","0.0015","A"
"4","Trait5","FASTmrMLM","PstI.TP1040729","4","54844080","0.1239","1.2781","A"
"4","Trait5","FASTmrMLM","NsiI.TP395143","4","54866305","1.2182e-06","3e-04","C"
"4","Trait5","FASTmrMLM","NsiI.TP597273","4","54884967","3.5141e-05","0.0077","A"
"4","Trait5","FASTmrMLM","PstI.TP1226806","4","54902573","1.3851e-05","0.003","C"
"4","Trait5","FASTmrMLM","NsiI.TP324593","4","54954569","4.1165e-06","9e-04","C"
"4","Trait5","FASTmrMLM","PstI.TP40093","4","55013388","-2.5632e-05","0.0056","C"
"4","Trait5","FASTmrMLM","PstI.TP40101","4","55013427","2.911e-06","6e-04","C"
"4","Trait5","FASTmrMLM","NsiI.TP813337","4","55039972","1.3823e-05","0.003","A"
"4","Trait5","FASTmrMLM","PstI.TP604906","4","55054625","-0.1565","1.2276","C"
"4","Trait5","FASTmrMLM","PstI.TP780370","4","55054662","8.8057e-06","0.0019","A"
"4","Trait5","FASTmrMLM","PstI.TP372007","4","55074516","2.7276e-06","6e-04","A"
"4","Trait5","FASTmrMLM","PstI.TP775097","4","55076823","-1.682e-05","0.0037","C"
"4","Trait5","FASTmrMLM","GFSSContig16978_83","4","55080043","0.1166","0.7546","T"
"4","Trait5","FASTmrMLM","PstI.TP758451","4","55085325","-0.041","0.4763","C"
"4","Trait5","FASTmrMLM","PstI.TP1037118","4","55087787","-8.0988e-06","0.0018","A"
"4","Trait5","FASTmrMLM","NsiI.TP750468","4","55101918","-2.0831e-05","0.0046","A"
"4","Trait5","FASTmrMLM","NsiI.TP424175","4","55105534","-6.6703e-06","0.0015","C"
"4","Trait5","FASTmrMLM","PstI.TP1127790","4","55131412","-1.9893e-05","0.0044","C"
"4","Trait5","FASTmrMLM","NsiI.TP386956","4","55174516","2.9967e-07","6.5228e-05","A"
"4","Trait5","FASTmrMLM","NsiI.TP17176","4","55259103","1.0935e-05","0.0024","C"
"4","Trait5","FASTmrMLM","NsiI.TP112317","4","55262593","0.0419","0.4017","A"
"4","Trait5","FASTmrMLM","PstI.TP514943","4","55295093","-9.44e-06","0.0021","C"
"4","Trait5","FASTmrMLM","NsiI.TP206420","4","55297776","0.0627","0.3197","G"
"4","Trait5","FASTmrMLM","NsiI.TP217924","4","55298870","1.1754e-06","3e-04","C"
"4","Trait5","FASTmrMLM","NsiI.TP392502","4","55307417","-3.25e-05","0.0071","C"
"4","Trait5","FASTmrMLM","PstI.TP503153","4","55308637","-1.1723e-05","0.0026","A"
"4","Trait5","FASTmrMLM","PstI.TP927411","4","55321457","-0.1632","0.9213","A"
"4","Trait5","FASTmrMLM","NsiI.TP591747","4","55411050","-0.1177","0.6156","A"
"4","Trait5","FASTmrMLM","PstI.TP1022401","4","55466707","-3.4639e-06","8e-04","A"
"4","Trait5","FASTmrMLM","PstI.TP1011973","4","55469393","-0.034","0.2476","G"
"4","Trait5","FASTmrMLM","GFSSContig19043","4","55469831","0.127","0.5213","A"
"4","Trait5","FASTmrMLM","PstI.TP401135","4","55470390","1.5445e-06","3e-04","C"
"4","Trait5","FASTmrMLM","NsiI.TP588670","4","55483421","0.1551","0.7444","A"
"4","Trait5","FASTmrMLM","NsiI.TP650437","4","55508870","8.6404e-06","0.0019","C"
"4","Trait5","FASTmrMLM","PstI.TP1150046","4","55510631","0.1198","1.1865","A"
"4","Trait5","FASTmrMLM","NsiI.TP296271","4","55524370","6.6343e-06","0.0014","C"
"4","Trait5","FASTmrMLM","PstI.TP121918","4","55525353","1.9568e-05","0.0043","A"
"4","Trait5","FASTmrMLM","PstI.TP407752","4","55527280","1.5794e-05","0.0035","A"
"4","Trait5","FASTmrMLM","NsiI.TP608930","4","55551213","-0.0476","0.3954","C"
"4","Trait5","FASTmrMLM","NsiI.TP566965","4","55551277","-7.237e-07","2e-04","C"
"4","Trait5","FASTmrMLM","NsiI.TP624540","4","55565785","2.189e-05","0.0048","A"
"4","Trait5","FASTmrMLM","NsiI.TP113283","4","55572326","-1.2776e-05","0.0028","C"
"4","Trait5","FASTmrMLM","PstI.TP133743","4","55575218","0.0835","0.5092","C"
"4","Trait5","FASTmrMLM","PstI.TP698016","4","55582726","0.0228","0.2849","A"
"4","Trait5","FASTmrMLM","PstI.TP89038","4","55585143","1e-04","0.0099","A"
"4","Trait5","FASTmrMLM","NsiI.TP200649","4","55598688","2.4632e-05","0.0054","A"
"4","Trait5","FASTmrMLM","PstI.TP107082","4","55600630","0.0248","0.3509","A"
"4","Trait5","FASTmrMLM","PstI.TP857726","4","55633086","5.1507e-06","0.0011","C"
"4","Trait5","FASTmrMLM","NsiI.TP57615","4","55639401","1.7747e-05","0.0039","C"
"4","Trait5","FASTmrMLM","PstI.TP418472","4","55643598","-1.6033e-05","0.0035","A"
"4","Trait5","FASTmrMLM","PstI.TP802412","4","55643788","-0.0163","0.1582","A"
"4","Trait5","FASTmrMLM","PstI.TP939643","4","55645936","1.0387e-06","2e-04","A"
"4","Trait5","FASTmrMLM","PstI.TP660995","4","55647037","7.9358e-06","0.0017","A"
"4","Trait5","FASTmrMLM","PstI.TP602657","4","55651202","-4.1039e-06","9e-04","C"
"4","Trait5","FASTmrMLM","PstI.TP602651","4","55651212","-8.6698e-07","2e-04","A"
"4","Trait5","FASTmrMLM","PstI.TP678405","4","55658378","1.0715e-05","0.0023","C"
"4","Trait5","FASTmrMLM","PstI.TP203169","4","55660397","-5.8373e-06","0.0013","A"
"4","Trait5","FASTmrMLM","PstI.TP707030","4","55665489","2.5304e-05","0.0055","A"
"4","Trait5","FASTmrMLM","PstI.TP178862","4","55666948","0.2369","1.324","A"
"4","Trait5","FASTmrMLM","PstI.TP290288","4","55674649","-1.9763e-05","0.0043","C"
"4","Trait5","FASTmrMLM","PstI.TP1253111","4","55679808","3.6975e-07","8.0472e-05","C"
"4","Trait5","FASTmrMLM","PstI.TP875578","4","55697620","-3.6998e-05","0.0081","A"
"4","Trait5","FASTmrMLM","PstI.TP708511","4","55697742","0.0086","0.1418","C"
"4","Trait5","FASTmrMLM","PstI.TP821899","4","55702019","-1.4799e-05","0.0032","A"
"4","Trait5","FASTmrMLM","NsiI.TP466323","4","55723833","9.5305e-06","0.0021","C"
"4","Trait5","FASTmrMLM","PstI.TP757342","4","55744110","1.7536e-05","0.0038","C"
"4","Trait5","FASTmrMLM","PstI.TP1173954","4","55755095","-0.0504","0.5653","G"
"4","Trait5","FASTmrMLM","PstI.TP705428","4","55764125","-0.0837","0.3491","C"
"4","Trait5","FASTmrMLM","PstI.TP982503","4","55764847","-0.0814","0.4965","C"
"4","Trait5","FASTmrMLM","PstI.TP187778","4","55772813","0.0548","0.4043","A"
"4","Trait5","FASTmrMLM","PstI.TP109564","4","55773938","-1.5149e-05","0.0033","C"
"4","Trait5","FASTmrMLM","PstI.TP108360","4","55774145","-2.7782e-05","0.0061","C"
"4","Trait5","FASTmrMLM","NsiI.TP521175","4","55787564","6.5236e-06","0.0014","A"
"4","Trait5","FASTmrMLM","PstI.TP813352","4","55845291","-0.0809","0.298","C"
"4","Trait5","FASTmrMLM","PstI.TP625384","4","55852841","0.0174","0.213","A"
"4","Trait5","FASTmrMLM","PstI.TP625381","4","55852860","-3.9056e-05","0.0086","G"
"4","Trait5","FASTmrMLM","PstI.TP182752","4","55853968","-0.0655","0.4269","A"
"4","Trait5","FASTmrMLM","PstI.TP13949","4","55862152","3.1549e-05","0.0069","A"
"4","Trait5","FASTmrMLM","NsiI.TP217643","4","55878743","-5.5735e-06","0.0012","A"
"4","Trait5","FASTmrMLM","PstI.TP1083079","4","55888724","-1.4871e-07","3.2363e-05","A"
"4","Trait5","FASTmrMLM","NsiI.TP237950","4","55919595","-0.022","0.3228","A"
"4","Trait5","FASTmrMLM","PstI.TP1125751","4","55945964","-0.1331","0.8048","A"
"4","Trait5","FASTmrMLM","NsiI.TP204816","4","55963666","0.0346","0.4633","A"
"4","Trait5","FASTmrMLM","NsiI.TP554609","4","56082851","3.118e-06","7e-04","A"
"4","Trait5","FASTmrMLM","NsiI.TP99994","4","56086231","-0.0645","0.4856","A"
"4","Trait5","FASTmrMLM","NsiI.TP732849","4","56102329","-1.3396e-05","0.0029","A"
"4","Trait5","FASTmrMLM","NsiI.TP198067","4","56102584","0.0726","0.6057","C"
"4","Trait5","FASTmrMLM","NsiI.TP810754","4","56124520","-1.8254e-06","4e-04","C"
"4","Trait5","FASTmrMLM","NsiI.TP416600","4","56131191","4.446e-05","0.0098","C"
"4","Trait5","FASTmrMLM","PstI.TP1179806","4","56133595","2.3953e-05","0.0052","A"
"4","Trait5","FASTmrMLM","PstI.TP1218307","4","56133612","-0.042","0.4014","A"
"4","Trait5","FASTmrMLM","NsiI.TP470601","4","56135094","9.9024e-06","0.0022","G"
"4","Trait5","FASTmrMLM","NsiI.TP691950","4","56141002","2.0329e-05","0.0044","A"
"4","Trait5","FASTmrMLM","PstI.TP1175207","4","56142630","-6.5358e-07","1e-04","C"
"4","Trait5","FASTmrMLM","PstI.TP1264968","4","56143169","0.0886","0.8564","A"
"4","Trait5","FASTmrMLM","PstI.TP147765","4","56150442","-1.1224e-06","2e-04","C"
"4","Trait5","FASTmrMLM","PstI.TP256442","4","56152747","2.7896e-05","0.0061","A"
"4","Trait5","FASTmrMLM","NsiI.TP179124","4","56161726","-4.5263e-07","9.8506e-05","C"
"4","Trait5","FASTmrMLM","NsiI.TP132618","4","56193856","8.6433e-06","0.0019","C"
"4","Trait5","FASTmrMLM","PstI.TP464052","4","56200094","-0.0446","0.4525","C"
"4","Trait5","FASTmrMLM","GFSSContig19730_2443","4","56302274","2.5156e-05","0.0053","T"
"4","Trait5","FASTmrMLM","PstI.TP1243427","4","56369065","-4.054e-05","0.0089","G"
"4","Trait5","FASTmrMLM","NsiI.TP550188","4","56371920","-1.0434e-05","0.0023","C"
"4","Trait5","FASTmrMLM","NsiI.TP433986","4","56373599","-0.0505","0.3714","A"
"4","Trait5","FASTmrMLM","NsiI.TP426915","4","56389145","0.1337","0.896","A"
"4","Trait5","FASTmrMLM","NsiI.TP555561","4","56400621","-5.6302e-06","0.0012","C"
"4","Trait5","FASTmrMLM","NsiI.TP379289","4","56401529","7.0561e-06","0.0015","A"
"4","Trait5","FASTmrMLM","PstI.TP832300","4","56401593","-1.0015e-05","0.0022","C"
"4","Trait5","FASTmrMLM","NsiI.TP234341","4","56427882","-1.4087e-06","3e-04","C"
"4","Trait5","FASTmrMLM","PstI.TP840797","4","56428585","-0.0763","0.8394","A"
"4","Trait5","FASTmrMLM","PstI.TP157958","4","56507042","-0.0413","0.4113","A"
"4","Trait5","FASTmrMLM","PstI.TP1169832","4","56534152","0.0509","0.356","A"
"4","Trait5","FASTmrMLM","NsiI.TP775348","4","56542069","0.0523","0.4893","C"
"4","Trait5","FASTmrMLM","PstI.TP460173","4","56593478","-0.0811","0.5428","A"
"4","Trait5","FASTmrMLM","PstI.TP856657","4","56609629","1.1087e-05","0.0024","A"
"4","Trait5","FASTmrMLM","PstI.TP605026","4","56611049","0.0465","0.4002","A"
"4","Trait5","FASTmrMLM","PstI.TP75445","4","56611410","2.8144e-06","6e-04","A"
"4","Trait5","FASTmrMLM","PstI.TP186480","4","56626102","6.2061e-06","0.0014","A"
"4","Trait5","FASTmrMLM","PstI.TP1018894","4","56669759","-8.2176e-06","0.0018","G"
"4","Trait5","FASTmrMLM","PstI.TP1018975","4","56669759","-2.7596e-05","0.006","G"
"4","Trait5","FASTmrMLM","PstI.TP1019073","4","56669759","1.9623e-05","0.0043","G"
"4","Trait5","FASTmrMLM","PstI.TP1246441","4","56669780","-9.0408e-06","0.002","A"
"4","Trait5","FASTmrMLM","PstI.TP1245422","4","56669797","0.0208","0.1848","A"
"4","Trait5","FASTmrMLM","NsiI.TP180967","4","56671369","5.1501e-06","0.0011","C"
"4","Trait5","FASTmrMLM","NsiI.TP434311","4","56687690","0.0119","0.1929","C"
"4","Trait5","FASTmrMLM","NsiI.TP620299","4","56693404","0.161","0.5946","C"
"4","Trait5","FASTmrMLM","PstI.TP950526","4","56694751","1.1333e-05","0.0025","A"
"4","Trait5","FASTmrMLM","PstI.TP335471","4","56710032","6.1699e-06","0.0013","C"
"4","Trait5","FASTmrMLM","NsiI.TP530838","4","56713302","0.2394","1.4218","C"
"4","Trait5","FASTmrMLM","PstI.TP1222649","4","56726014","1.1997e-05","0.0026","C"
"4","Trait5","FASTmrMLM","PstI.TP754044","4","56745945","4.1837e-06","9e-04","C"
"4","Trait5","FASTmrMLM","NsiI.TP766387","4","56757009","-5.9996e-06","0.0013","C"
"4","Trait5","FASTmrMLM","NsiI.TP777871","4","56773942","-0.145","0.8604","C"
"4","Trait5","FASTmrMLM","NsiI.TP810765","4","56795945","8.1447e-06","0.0018","C"
"4","Trait5","FASTmrMLM","NsiI.TP589249","4","56797515","-3.831e-06","8e-04","A"
"4","Trait5","FASTmrMLM","PstI.TP80572","4","56807066","2e-04","0.0123","A"
"4","Trait5","FASTmrMLM","PstI.TP80571","4","56807073","-0.1285","0.9137","A"
"4","Trait5","FASTmrMLM","NsiI.TP108055","4","56826013","-9.8986e-05","0.0081","A"
"4","Trait5","FASTmrMLM","NsiI.TP515918","4","56841413","-2.6176e-05","0.0057","A"
"4","Trait5","FASTmrMLM","PstI.TP809774","4","56844386","-0.0752","0.5182","C"
"4","Trait5","FASTmrMLM","PstI.TP708002","4","56844475","0.0978","1.0297","A"
"4","Trait5","FASTmrMLM","NsiI.TP333074","4","56847259","2.3054e-06","5e-04","A"
"4","Trait5","FASTmrMLM","PstI.TP8024","4","56870656","3.3928e-06","7e-04","A"
"4","Trait5","FASTmrMLM","NsiI.TP281265","4","56904318","7.3321e-06","0.0016","A"
"4","Trait5","FASTmrMLM","NsiI.TP331423","4","56913396","-2.018e-05","0.0044","C"
"4","Trait5","FASTmrMLM","NsiI.TP438747","4","56934691","-0.0448","0.5649","C"
"4","Trait5","FASTmrMLM","PstI.TP159466","4","56954317","-3.342e-05","0.0073","A"
"4","Trait5","FASTmrMLM","PstI.TP6513","4","56964095","0.0483","0.486","A"
"4","Trait5","FASTmrMLM","NsiI.TP176730","4","56998426","-3.6997e-06","8e-04","A"
"4","Trait5","FASTmrMLM","NsiI.TP206148","4","56998438","1.3727e-05","0.003","A"
"4","Trait5","FASTmrMLM","NsiI.TP439687","4","57063788","-0.045","0.3343","A"
"4","Trait5","FASTmrMLM","PstI.TP128515","4","57065304","-0.0865","0.38","A"
"4","Trait5","FASTmrMLM","PstI.TP421127","4","57085377","-7.6386e-06","0.0017","C"
"4","Trait5","FASTmrMLM","NsiI.TP759572","4","57095849","0.1602","0.8103","G"
"4","Trait5","FASTmrMLM","PstI.TP661203","4","57100807","-0.0645","0.5788","A"
"4","Trait5","FASTmrMLM","PstI.TP73198","4","57132612","3.1847e-05","0.007","A"
"4","Trait5","FASTmrMLM","NsiI.TP503145","4","57153113","-0.0245","0.3525","A"
"4","Trait5","FASTmrMLM","NsiI.TP71603","4","57156396","1.3882e-05","0.003","A"
"4","Trait5","FASTmrMLM","PstI.TP641006","4","57157671","2.7622e-05","0.0061","A"
"4","Trait5","FASTmrMLM","PstI.TP858505","4","57158801","-2.9779e-06","6e-04","C"
"4","Trait5","FASTmrMLM","PstI.TP137179","4","57159505","0.0018","0.0391","A"
"4","Trait5","FASTmrMLM","PstI.TP572234","4","57174114","-1.5535e-05","0.0034","A"
"4","Trait5","FASTmrMLM","NsiI.TP389841","4","57182535","-0.1646","1.4139","A"
"4","Trait5","FASTmrMLM","NsiI.TP553449","4","57182560","1.6545e-05","0.0036","G"
"4","Trait5","FASTmrMLM","PstI.TP818006","4","57188936","1.0061e-05","0.0022","A"
"4","Trait5","FASTmrMLM","NsiI.TP175967","4","57203178","-2.9213e-05","0.0064","A"
"4","Trait5","FASTmrMLM","NsiI.TP717913","4","57224161","0.1143","1.166","G"
"4","Trait5","FASTmrMLM","NsiI.TP752454","4","57230163","0.1141","0.4732","C"
"4","Trait5","FASTmrMLM","NsiI.TP615669","4","57235730","-0.0212","0.2478","C"
"4","Trait5","FASTmrMLM","PstI.TP663261","4","57247758","-1.0911e-05","0.0024","C"
"4","Trait5","FASTmrMLM","NsiI.TP100469","4","57248732","-0.0607","0.404","C"
"4","Trait5","FASTmrMLM","PstI.TP41450","4","57358739","-0.0873","0.5688","A"
"4","Trait5","FASTmrMLM","PstI.TP41452","4","57358774","1.0006e-05","0.0022","A"
"4","Trait5","FASTmrMLM","PstI.TP121942","4","57360370","-0.1069","0.8212","C"
"4","Trait5","FASTmrMLM","PstI.TP441794","4","57386478","-0.1846","1.0079","A"
"4","Trait5","FASTmrMLM","NsiI.TP637476","4","57403726","-2.119e-05","0.0046","A"
"4","Trait5","FASTmrMLM","NsiI.TP41461","4","57410522","1.0168e-05","0.0022","A"
"4","Trait5","FASTmrMLM","PstI.TP807820","4","57467261","-0.1821","1.0127","G"
"4","Trait5","FASTmrMLM","NsiI.TP113086","4","57482039","0.1277","0.8491","C"
"4","Trait5","FASTmrMLM","PstI.TP122369","4","57517903","-8.4899e-07","2e-04","A"
"4","Trait5","FASTmrMLM","PstI.TP150013","4","57517927","-5.8553e-06","0.0013","C"
"4","Trait5","FASTmrMLM","NsiI.TP735602","4","57518876","-9.4328e-06","0.0021","C"
"4","Trait5","FASTmrMLM","PstI.TP1225296","4","57521701","-6.8117e-06","0.0015","C"
"4","Trait5","FASTmrMLM","PstI.TP213688","4","57521992","-0.0468","0.3292","C"
"4","Trait5","FASTmrMLM","PstI.TP1019779","4","57524658","1.6429e-05","0.0036","C"
"4","Trait5","FASTmrMLM","PstI.TP98675","4","57524900","-6.4503e-06","0.0014","C"
"4","Trait5","FASTmrMLM","GFSSContig15964_682","4","57538403","3.5928e-05","0.0079","T"
"4","Trait5","FASTmrMLM","NsiI.TP59983","4","57547883","1.7475e-05","0.0038","A"
"4","Trait5","FASTmrMLM","PstI.TP1070026","4","57558817","-1.1469e-05","0.0025","A"
"4","Trait5","FASTmrMLM","PstI.TP1211202","4","57572558","1.0284e-05","0.0022","C"
"4","Trait5","FASTmrMLM","PstI.TP771187","4","57601178","-1.4478e-06","3e-04","A"
"4","Trait5","FASTmrMLM","NsiI.TP447213","4","57609104","-8.6282e-06","0.0019","A"
"4","Trait5","FASTmrMLM","NsiI.TP420372","4","57623143","-3.3833e-05","0.006","A"
"4","Trait5","FASTmrMLM","PstI.TP469343","4","57648841","1.0834e-05","0.0024","C"
"4","Trait5","FASTmrMLM","NsiI.TP821316","4","57659865","-1.0343e-05","0.0023","C"
"4","Trait5","FASTmrMLM","NsiI.TP360192","4","57666407","3.5252e-05","0.0077","C"
"4","Trait5","FASTmrMLM","NsiI.TP360542","4","57671826","1.059e-05","0.0023","C"
"4","Trait5","FASTmrMLM","NsiI.TP333586","4","57671856","1.6524e-05","0.0036","A"
"4","Trait5","FASTmrMLM","NsiI.TP661404","4","57708595","-4.2196e-05","0.0093","A"
"4","Trait5","FASTmrMLM","NsiI.TP473787","4","57709868","1.062e-05","0.0023","C"
"4","Trait5","FASTmrMLM","NsiI.TP475513","4","57709886","0.0091","0.105","C"
"4","Trait5","FASTmrMLM","PstI.TP1179779","4","57733259","-8.0573e-06","0.0018","C"
"4","Trait5","FASTmrMLM","GFSSContig12142_295","4","57734882","4.9067e-06","0.0011","A"
"4","Trait5","FASTmrMLM","PstI.TP1199069","4","57736484","-4.8518e-06","0.0011","C"
"4","Trait5","FASTmrMLM","NsiI.TP528737","4","57746048","-0.1614","0.9675","C"
"4","Trait5","FASTmrMLM","PstI.TP894258","4","57750214","-2.0803e-05","0.0046","C"
"4","Trait5","FASTmrMLM","PstI.TP527159","4","57766844","0.0325","0.4235","C"
"4","Trait5","FASTmrMLM","PstI.TP998558","4","57766875","-1.9983e-05","0.0044","A"
"4","Trait5","FASTmrMLM","PstI.TP998613","4","57808215","-1.1457e-05","0.0025","A"
"4","Trait5","FASTmrMLM","PstI.TP310740","4","57809441","-0.1688","1.1019","A"
"4","Trait5","FASTmrMLM","NsiI.TP676678","4","57809690","6.6617e-06","0.0015","A"
"4","Trait5","FASTmrMLM","NsiI.TP146448","4","57810772","0.1435","1.8628","C"
"4","Trait5","FASTmrMLM","NsiI.TP276799","4","57812210","0.0461","0.3964","A"
"4","Trait5","FASTmrMLM","PstI.TP1133387","4","57821028","-0.1436","1.2388","C"
"4","Trait5","FASTmrMLM","PstI.TP1133385","4","57821066","0.0277","0.169","C"
"4","Trait5","FASTmrMLM","NsiI.TP625251","4","57822346","0.2677","2.5755","C"
"4","Trait5","FASTmrMLM","PstI.TP1149922","4","57832152","-1.117e-05","0.0024","G"
"4","Trait5","FASTmrMLM","NsiI.TP162922","4","57856165","2.4723e-05","0.0054","A"
"4","Trait5","FASTmrMLM","PstI.TP1148070","4","57865747","-5.8473e-06","0.0013","G"
"4","Trait5","FASTmrMLM","PstI.TP768574","4","57878359","-3.6724e-06","8e-04","A"
"4","Trait5","FASTmrMLM","NsiI.TP329488","4","57907146","1.5433e-05","0.0034","A"
"4","Trait5","FASTmrMLM","PstI.TP530627","4","57907294","0.0893","0.5268","A"
"4","Trait5","FASTmrMLM","NsiI.TP668767","4","57917211","-0.0354","0.3517","C"
"4","Trait5","FASTmrMLM","NsiI.TP690515","4","57942423","-1.7987e-06","4e-04","C"
"4","Trait5","FASTmrMLM","NsiI.TP408344","4","57943493","-1.1236e-05","0.0025","A"
"4","Trait5","FASTmrMLM","PstI.TP331765","4","58025299","0.0146","0.1585","A"
"4","Trait5","FASTmrMLM","PstI.TP771799","4","58026767","-5.877e-06","0.0013","A"
"4","Trait5","FASTmrMLM","PstI.TP17148","4","58030737","-0.0538","0.3619","A"
"4","Trait5","FASTmrMLM","NsiI.TP752426","4","58049068","-7.7305e-06","0.0017","A"
"4","Trait5","FASTmrMLM","NsiI.TP830164","4","58049149","-6.5861e-06","0.0014","C"
"4","Trait5","FASTmrMLM","PstI.TP808392","4","58052669","6.665e-05","0.0064","C"
"4","Trait5","FASTmrMLM","PstI.TP345727","4","58070330","0.0306","0.4117","G"
"4","Trait5","FASTmrMLM","PstI.TP12395","4","58075868","0.0766","0.7813","C"
"4","Trait5","FASTmrMLM","PstI.TP376858","4","58079172","2.996e-05","0.0066","A"
"4","Trait5","FASTmrMLM","PstI.TP882163","4","58087026","-1.3762e-05","0.003","C"
"4","Trait5","FASTmrMLM","PstI.TP1012823","4","58094495","-0.0812","0.4208","A"
"4","Trait5","FASTmrMLM","NsiI.TP402511","4","58096507","-9.3493e-06","0.002","C"
"4","Trait5","FASTmrMLM","PstI.TP107349","4","58096875","1.9626e-06","4e-04","C"
"4","Trait5","FASTmrMLM","NsiI.TP407503","4","58103386","-0.0274","0.3672","A"
"4","Trait5","FASTmrMLM","PstI.TP553056","4","58107085","-4.9901e-06","0.0011","A"
"4","Trait5","FASTmrMLM","PstI.TP132481","4","58123979","-1.8812e-05","0.0041","A"
"4","Trait5","FASTmrMLM","NsiI.TP374862","4","58138458","0.0661","0.5856","C"
"4","Trait5","FASTmrMLM","NsiI.TP426364","4","58143413","-1.3458e-05","0.0029","A"
"4","Trait5","FASTmrMLM","NsiI.TP437100","4","58143606","1.6552e-05","0.0036","C"
"4","Trait5","FASTmrMLM","PstI.TP475894","4","58148297","1.0923e-05","0.0024","A"
"4","Trait5","FASTmrMLM","PstI.TP578751","4","58148374","-3.0781e-06","7e-04","A"
"4","Trait5","FASTmrMLM","PstI.TP105629","4","58160218","-2.2051e-05","0.0048","A"
"4","Trait5","FASTmrMLM","NsiI.TP6022","4","58163548","0.0963","0.4921","C"
"4","Trait5","FASTmrMLM","NsiI.TP6292","4","58163559","-1.4578e-06","3e-04","C"
"4","Trait5","FASTmrMLM","PstI.TP283944","4","58233546","1.2654e-05","0.0028","A"
"4","Trait5","FASTmrMLM","PstI.TP283938","4","58233574","-2.887e-05","0.0063","G"
"4","Trait5","FASTmrMLM","PstI.TP1022079","4","58234076","5.0362e-06","0.0011","A"
"4","Trait5","FASTmrMLM","PstI.TP344793","4","58236912","7.7209e-06","0.0017","C"
"4","Trait5","FASTmrMLM","NsiI.TP191074","4","58245094","-0.0525","0.3537","A"
"4","Trait5","FASTmrMLM","PstI.TP223112","4","58245905","0.1779","0.6237","C"
"4","Trait5","FASTmrMLM","PstI.TP767797","4","58249883","0.0596","0.4076","A"
"4","Trait5","FASTmrMLM","NsiI.TP711986","4","58255334","-1.6538e-05","0.0036","A"
"4","Trait5","FASTmrMLM","PstI.TP1173293","4","58270518","-2.4257e-06","5e-04","A"
"4","Trait5","FASTmrMLM","PstI.TP729563","4","58271354","-0.0262","0.273","A"
"4","Trait5","FASTmrMLM","NsiI.TP543370","4","58291205","-1.7619e-05","0.0039","C"
"4","Trait5","FASTmrMLM","NsiI.TP403179","4","58329230","-0.1085","0.719","A"
"4","Trait5","FASTmrMLM","PstI.TP181902","4","58331067","-9.284e-06","0.002","C"
"4","Trait5","FASTmrMLM","NsiI.TP493726","4","58337940","-3.4141e-06","7e-04","C"
"4","Trait5","FASTmrMLM","PstI.TP1114565","4","58337982","0.1426","0.8072","C"
"4","Trait5","FASTmrMLM","NsiI.TP19151","4","58369381","2.4218e-05","0.0053","A"
"4","Trait5","FASTmrMLM","PstI.TP1153086","4","58369423","0.2754","1.2753","A"
"4","Trait5","FASTmrMLM","NsiI.TP139268","4","58370316","3.1547e-06","7e-04","C"
"4","Trait5","FASTmrMLM","NsiI.TP139195","4","58370330","-1.1268e-05","0.0025","A"
"4","Trait5","FASTmrMLM","PstI.TP170114","4","58371291","6.4279e-07","1e-04","A"
"4","Trait5","FASTmrMLM","NsiI.TP444747","4","58371791","0.1086","1.0969","A"
"4","Trait5","FASTmrMLM","NsiI.TP241832","4","58375476","-3.1148e-06","7e-04","C"
"4","Trait5","FASTmrMLM","NsiI.TP59139","4","58380615","-4.5842e-06","0.001","C"
"4","Trait5","FASTmrMLM","NsiI.TP59138","4","58380619","1.1766e-05","0.0026","C"
"4","Trait5","FASTmrMLM","NsiI.TP629330","4","58381232","0.0316","0.2368","A"
"4","Trait5","FASTmrMLM","NsiI.TP428830","4","58381654","-9.3886e-06","0.002","A"
"4","Trait5","FASTmrMLM","PstI.TP41983","4","58381864","6.5584e-06","0.0014","A"
"4","Trait5","FASTmrMLM","NsiI.TP249784","4","58390897","-5.9253e-06","0.0013","C"
"4","Trait5","FASTmrMLM","PstI.TP356948","4","58406481","-3e-04","0.0151","A"
"4","Trait5","FASTmrMLM","PstI.TP440219","4","58416696","1.6014e-05","0.0035","A"
"4","Trait5","FASTmrMLM","PstI.TP440217","4","58416727","1.039e-05","0.0023","A"
"4","Trait5","FASTmrMLM","NsiI.TP431852","4","58431342","-5.4633e-05","0.0079","C"
"4","Trait5","FASTmrMLM","NsiI.TP544401","4","58458296","1.6407e-05","0.0036","C"
"4","Trait5","FASTmrMLM","PstI.TP818620","4","58464945","0.2095","0.8063","A"
"4","Trait5","FASTmrMLM","PstI.TP1274767","4","58467805","1.1933e-05","0.0026","C"
"4","Trait5","FASTmrMLM","NsiI.TP589251","4","58471749","-2.1029e-05","0.0046","A"
"4","Trait5","FASTmrMLM","NsiI.TP801233","4","58471794","9.7819e-06","0.0021","A"
"4","Trait5","FASTmrMLM","PstI.TP865092","4","58472121","-0.0572","0.4829","C"
"4","Trait5","FASTmrMLM","PstI.TP1163104","4","58482437","-0.05","0.4711","A"
"4","Trait5","FASTmrMLM","NsiI.TP467426","4","58486163","-0.0315","0.3638","C"
"4","Trait5","FASTmrMLM","NsiI.TP390224","4","58488769","0.1349","1.1834","C"
"4","Trait5","FASTmrMLM","NsiI.TP390222","4","58488770","7.072e-06","0.0015","A"
"4","Trait5","FASTmrMLM","PstI.TP760763","4","58494111","7.4115e-06","0.0016","G"
"4","Trait5","FASTmrMLM","PstI.TP1213902","4","58497692","2.8043e-06","6e-04","A"
"4","Trait5","FASTmrMLM","PstI.TP789324","4","58498356","-0.0202","0.1577","A"
"4","Trait5","FASTmrMLM","PstI.TP31016","4","58501198","0.0281","0.167","C"
"4","Trait5","FASTmrMLM","PstI.TP1049411","4","58511842","8.6203e-06","0.0019","A"
"4","Trait5","FASTmrMLM","NsiI.TP676964","4","58512473","-1.9567e-06","4e-04","A"
"4","Trait5","FASTmrMLM","NsiI.TP467061","4","58518519","2.1539e-05","0.0047","A"
"4","Trait5","FASTmrMLM","PstI.TP41263","4","58519406","0.0953","0.6509","A"
"4","Trait5","FASTmrMLM","PstI.TP1159006","4","58521262","-3.8308e-05","0.0084","C"
"4","Trait5","FASTmrMLM","NsiI.TP804256","4","58532779","0.0288","0.3177","C"
"4","Trait5","FASTmrMLM","NsiI.TP632000","4","58540893","-1.2612e-05","0.0028","G"
"4","Trait5","FASTmrMLM","NsiI.TP586387","4","58541190","-7.7242e-06","0.0017","C"
"4","Trait5","FASTmrMLM","GFSSContig18615_2488","4","58572773","0.0622","0.6484","A"
"4","Trait5","FASTmrMLM","PstI.TP176835","4","58581800","0.0946","0.3866","A"
"4","Trait5","FASTmrMLM","PstI.TP64510","4","58593795","0.0632","0.4361","A"
"4","Trait5","FASTmrMLM","NsiI.TP187242","4","58615128","1.535e-05","0.0034","G"
"4","Trait5","FASTmrMLM","PstI.TP894366","4","58615196","0.0318","0.3891","G"
"4","Trait5","FASTmrMLM","NsiI.TP203346","4","58617229","4.2493e-05","0.0094","C"
"4","Trait5","FASTmrMLM","GFSSContig20528_2057","4","58643549","-1.7324e-05","0.0038","T"
"4","Trait5","FASTmrMLM","PstI.TP745595","4","58645655","0.0488","0.2631","A"
"4","Trait5","FASTmrMLM","PstI.TP888658","4","58646358","-2.9593e-05","0.0065","C"
"4","Trait5","FASTmrMLM","PstI.TP888662","4","58646372","-2.7798e-07","6.0498e-05","C"
"4","Trait5","FASTmrMLM","PstI.TP1175195","4","58665507","-1.1718e-06","3e-04","A"
"4","Trait5","FASTmrMLM","NsiI.TP630448","4","58676426","-4.1574e-06","9e-04","A"
"4","Trait5","FASTmrMLM","PstI.TP381646","4","58721377","9.8129e-06","0.0021","A"
"4","Trait5","FASTmrMLM","PstI.TP224720","4","58736754","-3e-04","0.0151","A"
"4","Trait5","FASTmrMLM","PstI.TP231570","4","58786116","-0.2512","1.6493","C"
"4","Trait5","FASTmrMLM","PstI.TP969702","4","58874917","7.0023e-06","0.0015","C"
"4","Trait5","FASTmrMLM","PstI.TP1200707","4","58878410","-9.7235e-06","0.0021","A"
"4","Trait5","FASTmrMLM","PstI.TP43507","4","58903757","-6.0211e-06","0.0013","A"
"4","Trait5","FASTmrMLM","PstI.TP787312","4","58905175","6.6379e-06","0.0014","A"
"4","Trait5","FASTmrMLM","NsiI.TP384648","4","58917263","0.0204","0.2825","C"
"4","Trait5","FASTmrMLM","PstI.TP1162372","4","58920213","4.8576e-06","0.0011","G"
"4","Trait5","FASTmrMLM","NsiI.TP626952","4","58960873","-1.3933e-06","3e-04","A"
"4","Trait5","FASTmrMLM","PstI.TP296039","4","58971059","7.1982e-06","0.0016","A"
"4","Trait5","FASTmrMLM","PstI.TP33069","4","58971457","0.1788","1.2178","G"
"4","Trait5","FASTmrMLM","PstI.TP705780","4","58975673","-9.8341e-06","0.0021","C"
"4","Trait5","FASTmrMLM","PstI.TP1021425","4","58989180","-4.8298e-06","0.0011","C"
"4","Trait5","FASTmrMLM","NsiI.TP453307","4","59001286","-4.9074e-05","0.0108","C"
"4","Trait5","FASTmrMLM","PstI.TP1108219","4","59036645","-0.1042","1.3174","C"
"4","Trait5","FASTmrMLM","PstI.TP1057462","4","59054044","-0.0863","0.7489","A"
"4","Trait5","FASTmrMLM","NsiI.TP328235","4","59067949","-3.8372e-06","8e-04","C"
"4","Trait5","FASTmrMLM","PstI.TP1000572","4","59072057","0.0921","0.4986","A"
"4","Trait5","FASTmrMLM","PstI.TP1000573","4","59072069","7.8674e-06","0.0017","A"
"4","Trait5","FASTmrMLM","PstI.TP923206","4","59076673","9.4192e-06","0.0021","G"
"4","Trait5","FASTmrMLM","NsiI.TP109547","4","59112228","1.3422e-05","0.0026","A"
"4","Trait5","FASTmrMLM","PstI.TP1029730","4","59112616","-6.8364e-06","0.0015","A"
"4","Trait5","FASTmrMLM","PstI.TP901062","4","59125009","-1.247e-05","0.0027","A"
"4","Trait5","FASTmrMLM","NsiI.TP468336","4","59130465","-2.1712e-06","5e-04","C"
"4","Trait5","FASTmrMLM","NsiI.TP267647","4","59132258","-2.5858e-05","0.0057","A"
"4","Trait5","FASTmrMLM","PstI.TP501004","4","59141781","-0.0187","0.2902","C"
"4","Trait5","FASTmrMLM","NsiI.TP260079","4","59160888","-0.1701","0.9099","C"
"4","Trait5","FASTmrMLM","NsiI.TP613588","4","59168705","-4.6378e-06","0.001","A"
"4","Trait5","FASTmrMLM","PstI.TP195932","4","59194807","2.1698e-06","5e-04","A"
"4","Trait5","FASTmrMLM","PstI.TP647611","4","59195320","-0.1295","0.9974","C"
"4","Trait5","FASTmrMLM","PstI.TP267459","4","59203688","9.9219e-06","0.0022","C"
"4","Trait5","FASTmrMLM","NsiI.TP504601","4","59208633","-0.0888","0.7103","A"
"4","Trait5","FASTmrMLM","PstI.TP991511","4","59220862","1.6491e-05","0.0036","C"
"4","Trait5","FASTmrMLM","PstI.TP1140574","4","59227314","-2e-04","0.0119","C"
"4","Trait5","FASTmrMLM","PstI.TP115496","4","59238628","-2.1314e-05","0.0047","A"
"4","Trait5","FASTmrMLM","NsiI.TP632086","4","59238758","-1.3555e-06","3e-04","C"
"4","Trait5","FASTmrMLM","PstI.TP100567","4","59239060","7.1894e-06","0.0016","A"
"4","Trait5","FASTmrMLM","PstI.TP1185839","4","59245310","-2.8042e-06","6e-04","C"
"4","Trait5","FASTmrMLM","PstI.TP934679","4","59260103","-3.4127e-06","7e-04","C"
"4","Trait5","FASTmrMLM","PstI.TP807231","4","59272271","-1.1227e-05","0.0025","A"
"4","Trait5","FASTmrMLM","PstI.TP452167","4","59301639","0.0161","0.2017","A"
"4","Trait5","FASTmrMLM","PstI.TP1291730","4","59303538","-0.0167","0.2575","A"
"4","Trait5","FASTmrMLM","NsiI.TP603172","4","59306929","1.2784e-05","0.0028","A"
"4","Trait5","FASTmrMLM","PstI.TP10691","4","59317132","-7.8772e-06","0.0017","A"
"4","Trait5","FASTmrMLM","NsiI.TP603267","4","59317315","-0.2145","1.1207","A"
"4","Trait5","FASTmrMLM","NsiI.TP608014","4","59335265","-8.4719e-06","0.0018","A"
"4","Trait5","FASTmrMLM","NsiI.TP119362","4","59335977","0.1889","0.5278","G"
"4","Trait5","FASTmrMLM","PstI.TP1281114","4","59340580","-0.015","0.1717","A"
"4","Trait5","FASTmrMLM","PstI.TP1146516","4","59340595","2e-04","0.0143","C"
"4","Trait5","FASTmrMLM","NsiI.TP118046","4","59348212","5.0288e-05","0.0111","A"
"4","Trait5","FASTmrMLM","PstI.TP48949","4","59372371","2.0823e-05","0.0046","C"
"4","Trait5","FASTmrMLM","PstI.TP8376","4","59384691","-5.4927e-06","0.0012","A"
"4","Trait5","FASTmrMLM","NsiI.TP527269","4","59397197","1.94e-05","0.0042","A"
"4","Trait5","FASTmrMLM","NsiI.TP494824","4","59406806","0.2003","0.7032","C"
"4","Trait5","FASTmrMLM","PstI.TP1121237","4","59420333","-2e-04","0.0107","C"
"4","Trait5","FASTmrMLM","PstI.TP392945","4","59422177","1.4813e-05","0.0032","A"
"4","Trait5","FASTmrMLM","PstI.TP210056","4","59447080","-0.1248","0.605","A"
"4","Trait5","FASTmrMLM","PstI.TP1231044","4","59447790","0.1058","0.5237","A"
"4","Trait5","FASTmrMLM","PstI.TP539447","4","59448338","4.9746e-06","0.0011","A"
"4","Trait5","FASTmrMLM","GFSSContig18947_1253","4","59454585","8.8156e-07","2e-04","A"
"4","Trait5","FASTmrMLM","NsiI.TP21186","4","59459111","0.0617","0.5484","A"
"4","Trait5","FASTmrMLM","NsiI.TP702438","4","59465826","-1.5881e-05","0.0035","A"
"4","Trait5","FASTmrMLM","NsiI.TP175226","4","59482030","3e-04","0.0179","C"
"4","Trait5","FASTmrMLM","PstI.TP840334","4","59482155","0.0447","0.6314","A"
"4","Trait5","FASTmrMLM","PstI.TP77737","4","59482294","0.0427","0.3783","C"
"4","Trait5","FASTmrMLM","PstI.TP87622","4","59482310","8.0913e-06","0.0018","C"
"4","Trait5","FASTmrMLM","NsiI.TP746666","4","59482378","-0.0366","0.1654","C"
"4","Trait5","FASTmrMLM","PstI.TP1082692","4","59482597","-2.6213e-05","0.0057","C"
"4","Trait5","FASTmrMLM","PstI.TP185694","4","59489411","4.5224e-06","0.001","C"
"4","Trait5","FASTmrMLM","NsiI.TP449941","4","59505111","-0.0979","0.558","C"
"4","Trait5","FASTmrMLM","PstI.TP39923","4","59505323","0.0107","0.1421","A"
"4","Trait5","FASTmrMLM","NsiI.TP452950","4","59507302","-0.0269","0.2903","G"
"4","Trait5","FASTmrMLM","PstI.TP291303","4","59509576","-0.0368","0.2246","C"
"4","Trait5","FASTmrMLM","PstI.TP291227","4","59509607","1.0498e-06","2e-04","A"
"4","Trait5","FASTmrMLM","NsiI.TP102127","4","59509671","1.9404e-05","0.0042","C"
"4","Trait5","FASTmrMLM","PstI.TP174245","4","59512386","0.0394","0.2002","C"
"4","Trait5","FASTmrMLM","NsiI.TP503770","4","59512647","1.5783e-05","0.0034","A"
"4","Trait5","FASTmrMLM","NsiI.TP619861","4","59517946","-6.9157e-06","0.0015","A"
"4","Trait5","FASTmrMLM","NsiI.TP576814","4","59518004","0.2681","0.8948","C"
"4","Trait5","FASTmrMLM","NsiI.TP534092","4","59519031","-1.442e-05","0.0031","G"
"4","Trait5","FASTmrMLM","NsiI.TP42801","4","59521749","9.9801e-06","0.0022","A"
"4","Trait5","FASTmrMLM","PstI.TP1022311","4","59536613","3.1515e-06","7e-04","C"
"4","Trait5","FASTmrMLM","PstI.TP931588","4","59539332","4.5912e-06","0.001","A"
"4","Trait5","FASTmrMLM","PstI.TP548830","4","59544955","2.2693e-05","0.005","A"
"4","Trait5","FASTmrMLM","PstI.TP152315","4","59547005","-1.3377e-05","0.0029","A"
"4","Trait5","FASTmrMLM","PstI.TP396492","4","59554328","2e-04","0.0146","C"
"4","Trait5","FASTmrMLM","PstI.TP217578","4","59554604","3.2297e-06","7e-04","A"
"4","Trait5","FASTmrMLM","NsiI.TP244760","4","59561182","1.2969e-05","0.0028","C"
"4","Trait5","FASTmrMLM","PstI.TP690745","4","59576775","-0.3118","1.6077","A"
"4","Trait5","FASTmrMLM","NsiI.TP508264","4","59577573","1.5954e-06","3e-04","G"
"4","Trait5","FASTmrMLM","PstI.TP344528","4","59577900","0.0124","0.1549","A"
"4","Trait5","FASTmrMLM","PstI.TP116978","4","59577988","-0.0491","0.2786","A"
"4","Trait5","FASTmrMLM","NsiI.TP410387","4","59580800","3.1094e-06","7e-04","A"
"4","Trait5","FASTmrMLM","NsiI.TP746479","4","59599658","-6.1491e-06","0.0013","C"
"4","Trait5","FASTmrMLM","PstI.TP839365","4","59601391","-7.6459e-06","0.0017","A"
"4","Trait5","FASTmrMLM","PstI.TP1135443","4","59606529","-0.0892","0.7234","A"
"4","Trait5","FASTmrMLM","PstI.TP200453","4","59613518","-0.2064","1.0059","A"
"4","Trait5","FASTmrMLM","NsiI.TP625413","4","59613955","-0.0495","0.3661","A"
"4","Trait5","FASTmrMLM","PstI.TP1127121","4","59618985","6.9731e-06","0.0015","A"
"4","Trait5","FASTmrMLM","NsiI.TP530590","4","59619375","1.783e-05","0.0039","C"
"4","Trait5","FASTmrMLM","PstI.TP1024604","4","59621675","-2.2265e-05","0.0049","C"
"4","Trait5","FASTmrMLM","PstI.TP1024605","4","59621675","0.0414","0.2024","C"
"4","Trait5","FASTmrMLM","NsiI.TP60459","4","59680771","-4.8927e-05","0.0069","C"
"4","Trait5","FASTmrMLM","PstI.TP216124","4","59692055","0.3301","1.3468","A"
"4","Trait5","FASTmrMLM","PstI.TP792995","4","59703546","1e-04","0.0097","C"
"4","Trait5","FASTmrMLM","NsiI.TP259121","4","59703643","0.1232","0.3567","C"
"4","Trait5","FASTmrMLM","PstI.TP802068","4","59707017","-0.022","0.2975","C"
"4","Trait5","FASTmrMLM","PstI.TP805955","4","59707035","3.0156e-05","0.0066","A"
"4","Trait5","FASTmrMLM","NsiI.TP511131","4","59713499","-2.8573e-05","0.0063","C"
"4","Trait5","FASTmrMLM","PstI.TP277085","4","59747654","-0.053","0.3801","A"
"4","Trait5","FASTmrMLM","GFSSContig11593_662","4","59751649","2.5743e-06","6e-04","T"
"4","Trait5","FASTmrMLM","NsiI.TP373714","4","59755477","-1.3434e-05","0.0029","G"
"4","Trait5","FASTmrMLM","PstI.TP802287","4","59758032","-3.4238e-05","0.0075","A"
"4","Trait5","FASTmrMLM","PstI.TP790981","4","59791803","-0.0988","0.5442","C"
"4","Trait5","FASTmrMLM","PstI.TP932477","4","59793526","-3e-04","0.0155","A"
"4","Trait5","FASTmrMLM","PstI.TP87821","4","59804517","1.9827e-05","0.0043","C"
"4","Trait5","FASTmrMLM","NsiI.TP253993","4","59812661","4.7139e-06","0.001","A"
"4","Trait5","FASTmrMLM","PstI.TP79118","4","59823158","0.4303","2.0604","G"
"4","Trait5","FASTmrMLM","PstI.TP769987","4","59859528","1.4028e-05","0.0031","C"
"4","Trait5","FASTmrMLM","PstI.TP1227428","4","59859537","0.0306","0.3504","A"
"4","Trait5","FASTmrMLM","PstI.TP52859","4","59863827","-1.4563e-05","0.0032","A"
"4","Trait5","FASTmrMLM","NsiI.TP753767","4","59866757","-0.2106","0.9503","A"
"4","Trait5","FASTmrMLM","NsiI.TP338274","4","59872530","4.1724e-06","9e-04","C"
"4","Trait5","FASTmrMLM","NsiI.TP207636","4","59877323","0.1069","0.7574","A"
"4","Trait5","FASTmrMLM","PstI.TP327603","4","59881403","-0.0752","0.8761","C"
"4","Trait5","FASTmrMLM","PstI.TP428409","4","59891984","0.0645","0.7008","C"
"4","Trait5","FASTmrMLM","PstI.TP1101756","4","59896542","2.2878e-05","0.005","A"
"4","Trait5","FASTmrMLM","NsiI.TP172625","4","59908584","-2.5656e-06","6e-04","C"
"4","Trait5","FASTmrMLM","PstI.TP1287384","4","59909017","0.0411","0.5034","C"
"4","Trait5","FASTmrMLM","PstI.TP1012985","4","59909080","-0.0637","0.517","A"
"4","Trait5","FASTmrMLM","PstI.TP301125","4","59910841","7.2932e-06","0.0016","C"
"4","Trait5","FASTmrMLM","PstI.TP581044","4","59910918","0.0116","0.1661","A"
"4","Trait5","FASTmrMLM","NsiI.TP748864","4","59921430","-1.2659e-05","0.0028","A"
"4","Trait5","FASTmrMLM","NsiI.TP748865","4","59921478","1.8423e-05","0.004","C"
"4","Trait5","FASTmrMLM","PstI.TP978310","4","60023803","2.2138e-06","5e-04","C"
"4","Trait5","FASTmrMLM","NsiI.TP719008","4","60028257","2.0867e-06","5e-04","C"
"4","Trait5","FASTmrMLM","NsiI.TP359016","4","60033427","0.1418","1.0655","A"
"4","Trait5","FASTmrMLM","NsiI.TP396954","4","60072885","-3.0529e-05","0.0067","G"
"4","Trait5","FASTmrMLM","NsiI.TP328929","4","60078057","-0.0359","0.2776","A"
"4","Trait5","FASTmrMLM","NsiI.TP654012","4","60099769","1.9653e-06","4e-04","C"
"4","Trait5","FASTmrMLM","PstI.TP226867","4","60106689","-1.2671e-05","0.0028","A"
"4","Trait5","FASTmrMLM","PstI.TP648736","4","60109935","0.0807","0.4332","A"
"4","Trait5","FASTmrMLM","PstI.TP79115","4","60133712","-1.3332e-05","0.0029","A"
"4","Trait5","FASTmrMLM","NsiI.TP169339","4","60146192","0.1158","1.1716","A"
"4","Trait5","FASTmrMLM","NsiI.TP588659","4","60147038","2.0913e-05","0.0046","A"
"4","Trait5","FASTmrMLM","NsiI.TP668689","4","60150849","-0.0981","0.5361","A"
"4","Trait5","FASTmrMLM","PstI.TP1089393","4","60151282","1.1014e-05","0.0024","A"
"4","Trait5","FASTmrMLM","PstI.TP769015","4","60173826","-6.829e-06","0.0015","A"
"4","Trait5","FASTmrMLM","PstI.TP1160","4","60173873","-1e-04","0.0085","A"
"4","Trait5","FASTmrMLM","NsiI.TP457671","4","60173879","7.0853e-06","0.0015","C"
"4","Trait5","FASTmrMLM","PstI.TP1189383","4","60173881","1.7971e-05","0.0039","A"
"4","Trait5","FASTmrMLM","NsiI.TP458371","4","60173927","-7.495e-06","0.0016","C"
"4","Trait5","FASTmrMLM","NsiI.TP200598","4","60181523","8.5046e-06","0.0019","A"
"4","Trait5","FASTmrMLM","PstI.TP242775","4","60186249","2.3669e-06","5e-04","A"
"4","Trait5","FASTmrMLM","PstI.TP247895","4","60186344","0.0733","0.4701","A"
"4","Trait5","FASTmrMLM","PstI.TP244376","4","60186375","-1.2408e-05","0.0027","A"
"4","Trait5","FASTmrMLM","PstI.TP250307","4","60200974","0.0249","0.2017","A"
"4","Trait5","FASTmrMLM","PstI.TP1077643","4","60212035","1.7783e-05","0.0039","A"
"4","Trait5","FASTmrMLM","NsiI.TP371546","4","60259433","-3.4598e-06","8e-04","C"
"4","Trait5","FASTmrMLM","PstI.TP147741","4","60281845","-5.5383e-06","0.0012","A"
"4","Trait5","FASTmrMLM","GFSSContig3341_337","4","60287468","1.9189e-05","0.0042","A"
"4","Trait5","FASTmrMLM","PstI.TP1197296","4","60313267","-2.664e-05","0.0058","A"
"4","Trait5","FASTmrMLM","NsiI.TP59894","4","60313467","1.7887e-06","4e-04","A"
"4","Trait5","FASTmrMLM","PstI.TP259005","4","60322060","-2.3177e-06","5e-04","A"
"4","Trait5","FASTmrMLM","NsiI.TP379544","4","60322608","-0.0247","0.2106","A"
"4","Trait5","FASTmrMLM","NsiI.TP784131","4","60322804","0.0898","0.7226","A"
"4","Trait5","FASTmrMLM","PstI.TP410557","4","60353279","3.619e-06","8e-04","A"
"4","Trait5","FASTmrMLM","PstI.TP227212","4","60353571","5.4576e-05","0.0072","C"
"4","Trait5","FASTmrMLM","NsiI.TP379280","4","60356162","-1.0879e-06","2e-04","C"
"4","Trait5","FASTmrMLM","NsiI.TP6762","4","60357138","1.4644e-05","0.0032","C"
"4","Trait5","FASTmrMLM","NsiI.TP176156","4","60360407","1.969e-05","0.0043","C"
"4","Trait5","FASTmrMLM","GFSSContig9551_264","4","60420224","0.0441","0.2835","T"
"4","Trait5","FASTmrMLM","PstI.TP644096","4","60430104","3.4828e-06","8e-04","A"
"4","Trait5","FASTmrMLM","PstI.TP170030","4","60437496","-0.0316","0.3386","A"
"4","Trait5","FASTmrMLM","NsiI.TP624872","4","60455775","-5.5844e-06","0.0012","G"
"4","Trait5","FASTmrMLM","PstI.TP187149","4","60457007","-2.9615e-05","0.0065","C"
"4","Trait5","FASTmrMLM","PstI.TP548630","4","60474887","0.1033","0.5024","A"
"4","Trait5","FASTmrMLM","PstI.TP697705","4","60476665","-7.9667e-06","0.0017","C"
"4","Trait5","FASTmrMLM","PstI.TP697701","4","60476700","-0.0233","0.2227","C"
"4","Trait5","FASTmrMLM","NsiI.TP617869","4","60503897","-0.0783","0.6049","A"
"4","Trait5","FASTmrMLM","PstI.TP1091447","4","60531817","9.4796e-07","2e-04","A"
"4","Trait5","FASTmrMLM","PstI.TP665836","4","60532632","1.8017e-05","0.0039","C"
"4","Trait5","FASTmrMLM","NsiI.TP334060","4","60538602","-2.2559e-05","0.0049","C"
"4","Trait5","FASTmrMLM","NsiI.TP114115","4","60563069","-0.0536","0.3912","C"
"4","Trait5","FASTmrMLM","NsiI.TP210548","4","60571656","-1.6799e-05","0.0037","C"
"4","Trait5","FASTmrMLM","PstI.TP469498","4","60622173","3e-04","0.0138","A"
"4","Trait5","FASTmrMLM","NsiI.TP526093","4","60623887","2.4066e-05","0.0053","C"
"4","Trait5","FASTmrMLM","PstI.TP405116","4","60667768","0.0143","0.186","C"
"4","Trait5","FASTmrMLM","NsiI.TP224655","4","60669109","0.0945","0.9034","C"
"4","Trait5","FASTmrMLM","PstI.TP496749","4","60669113","-1.6539e-05","0.0036","C"
"4","Trait5","FASTmrMLM","NsiI.TP702380","4","60669175","0.0697","0.6336","A"
"4","Trait5","FASTmrMLM","PstI.TP921631","4","60685387","3.5251e-06","8e-04","C"
"4","Trait5","FASTmrMLM","PstI.TP285863","4","60698941","1.6996e-05","0.0037","C"
"4","Trait5","FASTmrMLM","PstI.TP94963","4","60699101","0.0566","0.4886","A"
"4","Trait5","FASTmrMLM","PstI.TP460796","4","60714463","2.1737e-06","5e-04","A"
"4","Trait5","FASTmrMLM","PstI.TP988094","4","60716553","-3.7172e-05","0.0082","C"
"4","Trait5","FASTmrMLM","NsiI.TP113606","4","60730934","-0.302","1.6625","C"
"4","Trait5","FASTmrMLM","PstI.TP295724","4","60732160","1.9852e-05","0.0043","A"
"4","Trait5","FASTmrMLM","NsiI.TP343430","4","60742222","1.9671e-05","0.0043","A"
"4","Trait5","FASTmrMLM","PstI.TP298106","4","60749631","-1.1351e-06","2e-04","C"
"4","Trait5","FASTmrMLM","PstI.TP2449","4","60762576","-1.9251e-05","0.0042","A"
"4","Trait5","FASTmrMLM","NsiI.TP695268","4","60804262","0.1561","0.672","A"
"4","Trait5","FASTmrMLM","NsiI.TP554568","4","60805746","-3.9495e-07","8.5953e-05","A"
"4","Trait5","FASTmrMLM","NsiI.TP299102","4","60808910","-1.2074e-05","0.0026","C"
"4","Trait5","FASTmrMLM","NsiI.TP751462","4","60813193","1.4379e-05","0.0031","C"
"4","Trait5","FASTmrMLM","PstI.TP95875","4","60823379","7.8118e-05","0.0088","C"
"4","Trait5","FASTmrMLM","PstI.TP374326","4","60827920","-1.0085e-05","0.0022","C"
"4","Trait5","FASTmrMLM","NsiI.TP36284","4","60829214","-8.9116e-06","0.0019","A"
"4","Trait5","FASTmrMLM","NsiI.TP190623","4","60835548","-6.3305e-06","0.0014","A"
"4","Trait5","FASTmrMLM","PstI.TP675318","4","60844616","0.2637","1.6515","A"
"4","Trait5","FASTmrMLM","NsiI.TP643172","4","60879734","0.0144","0.2059","C"
"4","Trait5","FASTmrMLM","PstI.TP444376","4","60881210","1.3166e-05","0.0029","A"
"4","Trait5","FASTmrMLM","NsiI.TP421277","4","60882690","1.6029e-05","0.0035","C"
"4","Trait5","FASTmrMLM","PstI.TP1050629","4","60884477","-0.1376","1.481","A"
"4","Trait5","FASTmrMLM","PstI.TP1060464","4","60920381","-7.8993e-06","0.0017","A"
"4","Trait5","FASTmrMLM","NsiI.TP287007","4","60929712","-9.3315e-05","0.0096","C"
"4","Trait5","FASTmrMLM","NsiI.TP287006","4","60929713","-0.1807","1.0899","C"
"4","Trait5","FASTmrMLM","GFSSContig17394_1831","4","60942233","5.0802e-06","0.0011","A"
"4","Trait5","FASTmrMLM","PstI.TP1263866","4","60944506","-1.835e-05","0.004","A"
"4","Trait5","FASTmrMLM","NsiI.TP631291","4","60953300","1.5001e-05","0.0033","C"
"4","Trait5","FASTmrMLM","PstI.TP994052","4","60973347","5.9555e-06","0.0013","A"
"4","Trait5","FASTmrMLM","NsiI.TP312212","4","61016293","2.101e-05","0.0046","C"
"4","Trait5","FASTmrMLM","GFSSContig20426_150","4","61025190","7.1076e-06","0.0015","T"
"4","Trait5","FASTmrMLM","PstI.TP170725","4","61053149","-1.0038e-05","0.0022","C"
"4","Trait5","FASTmrMLM","PstI.TP464751","4","61061436","8.2802e-06","0.0018","C"
"4","Trait5","FASTmrMLM","NsiI.TP541233","4","61063682","2.4626e-05","0.0054","A"
"4","Trait5","FASTmrMLM","PstI.TP480983","4","61064043","0.1002","1.1958","C"
"4","Trait5","FASTmrMLM","NsiI.TP293331","4","61065423","0.0389","0.2327","A"
"4","Trait5","FASTmrMLM","PstI.TP737691","4","61070148","8.9103e-06","0.0019","A"
"4","Trait5","FASTmrMLM","NsiI.TP145698","4","61071356","-0.0528","0.5719","C"
"4","Trait5","FASTmrMLM","NsiI.TP750593","4","61084375","-0.077","0.4992","A"
"4","Trait5","FASTmrMLM","PstI.TP217994","4","61088428","-0.3048","2.8179","A"
"4","Trait5","FASTmrMLM","PstI.TP712689","4","61106711","1.2336e-05","0.0027","C"
"4","Trait5","FASTmrMLM","NsiI.TP715248","4","61107311","1.8485e-06","4e-04","C"
"4","Trait5","FASTmrMLM","NsiI.TP458626","4","61107458","5.0109e-06","0.0011","G"
"4","Trait5","FASTmrMLM","PstI.TP336004","4","61112310","5.3056e-06","0.0012","G"
"4","Trait5","FASTmrMLM","NsiI.TP629133","4","61115450","-9.6907e-06","0.0021","A"
"4","Trait5","FASTmrMLM","GFSSContig19603_1415","4","61145386","0.061","0.6293","T"
"4","Trait5","FASTmrMLM","PstI.TP396906","4","61156766","-2.8334e-05","0.0062","C"
"4","Trait5","FASTmrMLM","PstI.TP526621","4","61169939","2.9415e-05","0.0064","C"
"4","Trait5","FASTmrMLM","NsiI.TP16281","4","61179621","-8.4259e-06","0.0018","C"
"4","Trait5","FASTmrMLM","PstI.TP999900","4","61190544","-0.0311","0.2023","A"
"4","Trait5","FASTmrMLM","NsiI.TP763434","4","61191002","3.5366e-06","8e-04","C"
"4","Trait5","FASTmrMLM","PstI.TP29333","4","61203009","-9.5481e-07","2e-04","C"
"4","Trait5","FASTmrMLM","PstI.TP968747","4","61216267","8.4487e-06","0.0018","C"
"4","Trait5","FASTmrMLM","PstI.TP704667","4","61217694","9.1989e-06","0.002","C"
"4","Trait5","FASTmrMLM","PstI.TP704663","4","61217704","-6.4867e-06","0.0014","A"
"4","Trait5","FASTmrMLM","PstI.TP704666","4","61217735","0.0834","0.5271","A"
"4","Trait5","FASTmrMLM","NsiI.TP270169","4","61265271","0.1827","0.5848","C"
"4","Trait5","FASTmrMLM","NsiI.TP271552","4","61273300","-1.1536e-05","0.0025","C"
"4","Trait5","FASTmrMLM","NsiI.TP200630","4","61273341","-1.254e-05","0.0027","C"
"4","Trait5","FASTmrMLM","PstI.TP253362","4","61274756","1.6839e-05","0.0037","C"
"4","Trait5","FASTmrMLM","PstI.TP599580","4","61276191","0.0091","0.1688","A"
"4","Trait5","FASTmrMLM","NsiI.TP287334","4","61276545","-0.0379","0.3165","C"
"4","Trait5","FASTmrMLM","PstI.TP202583","4","61281950","1.9351e-05","0.0042","A"
"4","Trait5","FASTmrMLM","PstI.TP865157","4","61282441","3.5422e-05","0.0078","C"
"4","Trait5","FASTmrMLM","NsiI.TP503808","4","61283501","3.6396e-06","8e-04","A"
"4","Trait5","FASTmrMLM","NsiI.TP503726","4","61283509","-9.0099e-06","0.002","C"
"4","Trait5","FASTmrMLM","NsiI.TP455745","4","61290284","2.761e-05","0.0061","C"
"4","Trait5","FASTmrMLM","NsiI.TP244413","4","61290361","2.2399e-05","0.0049","C"
"4","Trait5","FASTmrMLM","PstI.TP404112","4","61296221","8.6409e-06","0.0019","A"
"4","Trait5","FASTmrMLM","PstI.TP1201755","4","61297635","-6.4583e-06","0.0014","A"
"4","Trait5","FASTmrMLM","PstI.TP581597","4","61297644","-6.9022e-06","0.0015","C"
"4","Trait5","FASTmrMLM","PstI.TP861790","4","61306266","5.2775e-06","0.0012","A"
"4","Trait5","FASTmrMLM","NsiI.TP707273","4","61317293","-6.7637e-06","0.0015","C"
"4","Trait5","FASTmrMLM","NsiI.TP707272","4","61317343","-1.3509e-05","0.0029","G"
"4","Trait5","FASTmrMLM","PstI.TP115113","4","61331043","-2.6786e-05","0.0049","A"
"4","Trait5","FASTmrMLM","PstI.TP539740","4","61346184","1.0817e-05","0.0024","C"
"4","Trait5","FASTmrMLM","PstI.TP637804","4","61347042","0.0535","0.2976","A"
"4","Trait5","FASTmrMLM","NsiI.TP244633","4","61361014","0.0695","0.3968","A"
"4","Trait5","FASTmrMLM","PstI.TP955433","4","61375204","-2.7085e-05","0.0059","A"
"4","Trait5","FASTmrMLM","NsiI.TP416267","4","61378609","-4.7449e-06","0.001","C"
"4","Trait5","FASTmrMLM","PstI.TP1044887","4","61384101","9.233e-06","0.002","A"
"4","Trait5","FASTmrMLM","PstI.TP1044893","4","61384104","9.8057e-06","0.0021","C"
"4","Trait5","FASTmrMLM","PstI.TP235909","4","61384168","-0.0088","0.1669","A"
"4","Trait5","FASTmrMLM","PstI.TP269077","4","61390441","-0.1656","1.1863","G"
"4","Trait5","FASTmrMLM","NsiI.TP367824","4","61405317","-0.1189","1.0488","G"
"4","Trait5","FASTmrMLM","PstI.TP1046112","4","61413444","-0.132","1.0872","G"
"4","Trait5","FASTmrMLM","NsiI.TP341531","4","61418251","-3.4463e-05","0.0076","C"
"4","Trait5","FASTmrMLM","NsiI.TP145668","4","61422783","0.0414","0.4484","C"
"4","Trait5","FASTmrMLM","NsiI.TP113037","4","61433519","-0.0153","0.2446","A"
"4","Trait5","FASTmrMLM","NsiI.TP70946","4","61433570","-0.0229","0.2543","G"
"4","Trait5","FASTmrMLM","NsiI.TP617196","4","61433598","-3.4608e-06","8e-04","A"
"4","Trait5","FASTmrMLM","PstI.TP694168","4","61440975","-0.0659","0.5173","C"
"4","Trait5","FASTmrMLM","NsiI.TP172534","4","61446612","-3.4714e-05","0.0076","A"
"4","Trait5","FASTmrMLM","PstI.TP1200828","4","61449110","-7.8358e-06","0.0017","C"
"4","Trait5","FASTmrMLM","PstI.TP141081","4","61449187","-1.5025e-06","3e-04","A"
"4","Trait5","FASTmrMLM","PstI.TP287023","4","61471174","-4.7368e-06","0.001","C"
"4","Trait5","FASTmrMLM","NsiI.TP587887","4","61482931","-8.0636e-06","0.0018","C"
"4","Trait5","FASTmrMLM","NsiI.TP530370","4","61483182","1.5013e-06","3e-04","G"
"4","Trait5","FASTmrMLM","NsiI.TP530922","4","61483186","-0.1778","1.2819","A"
"4","Trait5","FASTmrMLM","PstI.TP756125","4","61483542","1.3256e-05","0.0029","G"
"4","Trait5","FASTmrMLM","NsiI.TP647722","4","61485044","-3.2476e-05","0.0071","A"
"4","Trait5","FASTmrMLM","NsiI.TP245966","4","61489797","-8.0069e-06","0.0017","G"
"4","Trait5","FASTmrMLM","NsiI.TP245967","4","61489840","9.3503e-06","0.002","C"
"4","Trait5","FASTmrMLM","PstI.TP819930","4","61490425","1.0726e-05","0.0023","A"
"4","Trait5","FASTmrMLM","PstI.TP1023007","4","61508395","1.1666e-05","0.0025","A"
"4","Trait5","FASTmrMLM","PstI.TP528554","4","61547343","-8.2017e-06","0.0018","A"
"4","Trait5","FASTmrMLM","NsiI.TP428448","4","61575191","3.3229e-06","7e-04","A"
"4","Trait5","FASTmrMLM","NsiI.TP501409","4","61584139","-1.8441e-05","0.004","A"
"4","Trait5","FASTmrMLM","PstI.TP132951","4","61588969","-2.2607e-05","0.0049","A"
"4","Trait5","FASTmrMLM","NsiI.TP386644","4","61598292","-0.3235","2.5776","A"
"4","Trait5","FASTmrMLM","NsiI.TP121209","4","61601883","-1.3734e-05","0.003","A"
"4","Trait5","FASTmrMLM","PstI.TP217361","4","61636102","2.6814e-05","0.0059","A"
"4","Trait5","FASTmrMLM","PstI.TP31970","4","61637545","0.2807","1.2893","C"
"4","Trait5","FASTmrMLM","PstI.TP215160","4","61674199","-0.0239","0.1629","C"
"4","Trait5","FASTmrMLM","PstI.TP312268","4","61681291","3.6659e-05","0.0081","C"
"4","Trait5","FASTmrMLM","NsiI.TP616449","4","61697542","-0.0228","0.3133","A"
"4","Trait5","FASTmrMLM","PstI.TP735408","4","61699435","-6.8468e-06","0.0015","C"
"4","Trait5","FASTmrMLM","NsiI.TP411153","4","61701069","0.0978","0.7805","C"
"4","Trait5","FASTmrMLM","PstI.TP418753","4","61701153","3.9721e-06","9e-04","G"
"4","Trait5","FASTmrMLM","PstI.TP489911","4","61715101","-1.1854e-05","0.0026","C"
"4","Trait5","FASTmrMLM","NsiI.TP272884","4","61723781","5.355e-06","0.0012","C"
"4","Trait5","FASTmrMLM","PstI.TP62485","4","61781548","-1.519e-05","0.0033","C"
"4","Trait5","FASTmrMLM","PstI.TP921956","4","61812706","-0.0629","0.2526","A"
"4","Trait5","FASTmrMLM","PstI.TP225948","4","61822195","-2.5267e-05","0.0055","A"
"4","Trait5","FASTmrMLM","NsiI.TP428123","4","61822701","0.0055","0.077","A"
"4","Trait5","FASTmrMLM","PstI.TP904927","4","61826204","-0.0076","0.0961","A"
"4","Trait5","FASTmrMLM","PstI.TP640478","4","61836372","2.0225e-06","4e-04","C"
"4","Trait5","FASTmrMLM","NsiI.TP754826","4","61865843","3.4716e-06","8e-04","A"
"4","Trait5","FASTmrMLM","PstI.TP148299","4","61873463","-0.0425","0.3428","A"
"4","Trait5","FASTmrMLM","PstI.TP1070522","4","61873549","2.0904e-05","0.0046","C"
"4","Trait5","FASTmrMLM","NsiI.TP274412","4","61884326","-0.2142","1.0899","A"
"4","Trait5","FASTmrMLM","NsiI.TP422414","4","61888068","-1.139e-05","0.0025","A"
"4","Trait5","FASTmrMLM","NsiI.TP465080","4","61888499","0.1245","0.5884","A"
"4","Trait5","FASTmrMLM","PstI.TP1018329","4","61899900","-1.1797e-05","0.0026","C"
"4","Trait5","FASTmrMLM","PstI.TP1018327","4","61899904","-1.5844e-05","0.0035","A"
"4","Trait5","FASTmrMLM","PstI.TP329049","4","61906990","2.0151e-05","0.0044","C"
"4","Trait5","FASTmrMLM","PstI.TP135159","4","61910558","-1.2339e-05","0.0027","A"
"4","Trait5","FASTmrMLM","PstI.TP82085","4","61916933","0.0281","0.2584","C"
"4","Trait5","FASTmrMLM","PstI.TP17501","4","61933860","-0.0664","0.812","C"
"4","Trait5","FASTmrMLM","NsiI.TP187220","4","61962061","-0.229","1.0358","G"
"4","Trait5","FASTmrMLM","PstI.TP271864","4","61963597","-1.0781e-05","0.0024","A"
"4","Trait5","FASTmrMLM","NsiI.TP406314","4","61971757","0.2842","1.3089","C"
"4","Trait5","FASTmrMLM","PstI.TP253405","4","61972491","0.2697","1.963","G"
"4","Trait5","FASTmrMLM","PstI.TP306248","4","62016244","-2.5193e-05","0.0055","C"
"4","Trait5","FASTmrMLM","NsiI.TP421648","4","62016412","3.8599e-06","8e-04","A"
"4","Trait5","FASTmrMLM","NsiI.TP421649","4","62016431","-7.4225e-06","0.0016","C"
"4","Trait5","FASTmrMLM","NsiI.TP470652","4","62039284","-1.5816e-05","0.0035","C"
"4","Trait5","FASTmrMLM","PstI.TP1280568","4","62064362","-3.0796e-06","7e-04","A"
"4","Trait5","FASTmrMLM","PstI.TP385172","4","62066420","-1.8753e-05","0.0041","G"
"4","Trait5","FASTmrMLM","NsiI.TP477452","4","62086792","6.9879e-06","0.0015","C"
"4","Trait5","FASTmrMLM","NsiI.TP431359","4","62086798","-1.1039e-05","0.0024","C"
"4","Trait5","FASTmrMLM","NsiI.TP223397","4","62086809","-5.6513e-07","1e-04","G"
"4","Trait5","FASTmrMLM","PstI.TP183796","4","62086895","-2.3559e-05","0.0052","G"
"4","Trait5","FASTmrMLM","NsiI.TP245516","4","62088290","-4.916e-07","1e-04","A"
"4","Trait5","FASTmrMLM","PstI.TP18847","4","62088357","-1.0159e-05","0.0022","A"
"4","Trait5","FASTmrMLM","PstI.TP1234257","4","62088432","-9.375e-06","0.002","A"
"4","Trait5","FASTmrMLM","NsiI.TP516860","4","62091963","-0.1455","0.8992","C"
"4","Trait5","FASTmrMLM","NsiI.TP720441","4","62093773","4.5549e-06","0.001","A"
"4","Trait5","FASTmrMLM","PstI.TP124955","4","62104155","-0.0668","0.5576","A"
"4","Trait5","FASTmrMLM","NsiI.TP426566","4","62107460","-0.1353","0.7797","C"
"4","Trait5","FASTmrMLM","NsiI.TP232571","4","62107475","6.6264e-06","0.0014","C"
"4","Trait5","FASTmrMLM","NsiI.TP652791","4","62117782","5.0198e-06","0.0011","C"
"4","Trait5","FASTmrMLM","NsiI.TP57571","4","62124296","-1.1245e-05","0.0025","C"
"4","Trait5","FASTmrMLM","NsiI.TP809203","4","62124617","2.6377e-05","0.0058","A"
"4","Trait5","FASTmrMLM","NsiI.TP465122","4","62164029","0.1625","0.8091","A"
"4","Trait5","FASTmrMLM","PstI.TP97948","4","62169074","-9.9897e-06","0.0022","C"
"4","Trait5","FASTmrMLM","PstI.TP530075","4","62172111","2.1606e-05","0.0047","C"
"4","Trait5","FASTmrMLM","NsiI.TP764690","4","62188869","2.6076e-05","0.0057","A"
"4","Trait5","FASTmrMLM","PstI.TP1026977","4","62207098","-0.0692","0.7859","C"
"4","Trait5","FASTmrMLM","PstI.TP1191815","4","62207485","-0.0709","0.427","A"
"4","Trait5","FASTmrMLM","PstI.TP1191619","4","62207517","0.0891","0.3319","A"
"4","Trait5","FASTmrMLM","NsiI.TP77592","4","62215488","-1.712e-05","0.0037","C"
"4","Trait5","FASTmrMLM","PstI.TP1206314","4","62217549","1.8929e-06","4e-04","C"
"4","Trait5","FASTmrMLM","NsiI.TP460633","4","62266318","-0.106","0.7796","C"
"4","Trait5","FASTmrMLM","NsiI.TP344858","4","62266493","1.2365e-05","0.0027","C"
"4","Trait5","FASTmrMLM","NsiI.TP231428","4","62267165","-8.1325e-06","0.0018","C"
"4","Trait5","FASTmrMLM","NsiI.TP534892","4","62270547","7.8823e-06","0.0017","G"
"4","Trait5","FASTmrMLM","PstI.TP912316","4","62270706","-8.5906e-07","2e-04","A"
"4","Trait5","FASTmrMLM","NsiI.TP41627","4","62271201","1.6462e-08","3.5826e-06","A"
"4","Trait5","FASTmrMLM","NsiI.TP567481","4","62273436","5.0197e-07","1e-04","A"
"4","Trait5","FASTmrMLM","NsiI.TP629858","4","62278205","1.25e-06","3e-04","C"
"4","Trait5","FASTmrMLM","NsiI.TP756597","4","62292852","1.0838e-06","2e-04","A"
"4","Trait5","FASTmrMLM","PstI.TP879592","4","62334370","9.1502e-06","0.002","A"
"4","Trait5","FASTmrMLM","PstI.TP47906","4","62352139","-4.3244e-06","9e-04","C"
"4","Trait5","FASTmrMLM","PstI.TP47907","4","62352140","-9.2544e-06","0.002","G"
"4","Trait5","FASTmrMLM","PstI.TP515773","4","62359619","2.1415e-06","5e-04","A"
"4","Trait5","FASTmrMLM","NsiI.TP520297","4","62377512","0.0781","0.4756","A"
"4","Trait5","FASTmrMLM","PstI.TP292445","4","62388173","-1.1974e-05","0.0026","C"
"4","Trait5","FASTmrMLM","PstI.TP616383","4","62388178","-2.0991e-06","5e-04","A"
"4","Trait5","FASTmrMLM","PstI.TP24650","4","62388602","3.7612e-06","8e-04","G"
"4","Trait5","FASTmrMLM","PstI.TP261685","4","62397167","-7.7493e-07","2e-04","A"
"4","Trait5","FASTmrMLM","PstI.TP714069","4","62405613","-1.32e-05","0.0029","C"
"4","Trait5","FASTmrMLM","PstI.TP714065","4","62405622","2.8313e-05","0.0062","C"
"4","Trait5","FASTmrMLM","NsiI.TP420166","4","62406653","-5.5673e-06","0.0012","A"
"4","Trait5","FASTmrMLM","PstI.TP363720","4","62413852","2.8104e-06","6e-04","G"
"4","Trait5","FASTmrMLM","NsiI.TP353877","4","62416407","0.025","0.2811","A"
"4","Trait5","FASTmrMLM","PstI.TP897735","4","62426082","2.0001e-05","0.0044","C"
"4","Trait5","FASTmrMLM","PstI.TP1106834","4","62465168","-0.046","0.5273","A"
"4","Trait5","FASTmrMLM","PstI.TP291533","4","62487724","-1.0998e-05","0.0024","A"
"4","Trait5","FASTmrMLM","NsiI.TP346002","4","62491522","-2.6619e-05","0.0058","C"
"4","Trait5","FASTmrMLM","NsiI.TP383201","4","62497766","0.161","1.3914","C"
"4","Trait5","FASTmrMLM","PstI.TP355955","4","62502762","2.1823e-05","0.0048","C"
"4","Trait5","FASTmrMLM","PstI.TP800568","4","62556502","4.8867e-06","0.0011","C"
"4","Trait5","FASTmrMLM","PstI.TP1110074","4","62567501","0.0973","1.1359","C"
"4","Trait5","FASTmrMLM","NsiI.TP391506","4","62592587","-0.0737","0.7452","A"
"4","Trait5","FASTmrMLM","NsiI.TP171356","4","62601440","-7.7005e-06","0.0017","A"
"4","Trait5","FASTmrMLM","NsiI.TP88290","4","62601518","1.0657e-05","0.0023","A"
"4","Trait5","FASTmrMLM","PstI.TP1158722","4","62602099","-4.4076e-06","0.001","G"
"4","Trait5","FASTmrMLM","NsiI.TP444979","4","62604307","-5.1117e-06","0.0011","G"
"4","Trait5","FASTmrMLM","NsiI.TP523625","4","62611853","1.3912e-05","0.003","C"
"4","Trait5","FASTmrMLM","NsiI.TP596690","4","62618686","8.6888e-06","0.0019","G"
"4","Trait5","FASTmrMLM","NsiI.TP628965","4","62618725","-0.2073","0.7371","C"
"4","Trait5","FASTmrMLM","PstI.TP316265","4","62619548","7.999e-06","0.0017","C"
"4","Trait5","FASTmrMLM","NsiI.TP667819","4","62655413","1.6259e-05","0.0036","C"
"4","Trait5","FASTmrMLM","NsiI.TP667820","4","62655425","-1.5777e-05","0.0034","G"
"4","Trait5","FASTmrMLM","PstI.TP902808","4","62660624","1.0128e-06","2e-04","C"
"4","Trait5","FASTmrMLM","PstI.TP872370","4","62660710","6.4999e-06","0.0014","C"
"4","Trait5","FASTmrMLM","NsiI.TP241418","4","62661277","6.3425e-06","0.0014","C"
"4","Trait5","FASTmrMLM","NsiI.TP481245","4","62661836","-0.0247","0.244","A"
"4","Trait5","FASTmrMLM","PstI.TP326062","4","62667190","-0.1331","0.9494","A"
"4","Trait5","FASTmrMLM","PstI.TP752552","4","62667853","3e-04","0.0157","C"
"4","Trait5","FASTmrMLM","NsiI.TP300949","4","62679645","1.9829e-05","0.0043","C"
"4","Trait5","FASTmrMLM","NsiI.TP654063","4","62694556","-9.3487e-07","2e-04","C"
"4","Trait5","FASTmrMLM","NsiI.TP619966","4","62715383","-0.1158","0.6461","C"
"4","Trait5","FASTmrMLM","NsiI.TP470480","4","62718987","1e-04","0.012","C"
"4","Trait5","FASTmrMLM","PstI.TP581762","4","62741281","-2.4225e-06","5e-04","C"
"4","Trait5","FASTmrMLM","NsiI.TP401725","4","62781794","2.2493e-06","5e-04","C"
"4","Trait5","FASTmrMLM","PstI.TP399260","4","62782438","-0.0734","0.8933","A"
"4","Trait5","FASTmrMLM","NsiI.TP441624","4","62793167","-0.0172","0.1746","C"
"4","Trait5","FASTmrMLM","NsiI.TP30738","4","62801457","6.6011e-06","0.0014","A"
"4","Trait5","FASTmrMLM","PstI.TP1005159","4","62806684","-9.1555e-06","0.002","A"
"4","Trait5","FASTmrMLM","NsiI.TP142535","4","62807443","-3.0526e-05","0.0067","C"
"4","Trait5","FASTmrMLM","NsiI.TP142716","4","62807443","1.9248e-05","0.0042","C"
"4","Trait5","FASTmrMLM","PstI.TP140632","4","62818821","-2.6672e-05","0.0058","G"
"4","Trait5","FASTmrMLM","NsiI.TP380963","4","62821952","1.0912e-05","0.0024","G"
"4","Trait5","FASTmrMLM","PstI.TP116169","4","62823977","-2.0517e-05","0.0045","A"
"4","Trait5","FASTmrMLM","NsiI.TP554532","4","62835732","8.4617e-06","0.0018","A"
"4","Trait5","FASTmrMLM","PstI.TP445315","4","62847241","1.0567e-05","0.0023","C"
"4","Trait5","FASTmrMLM","NsiI.TP362903","4","62857325","-8.2414e-06","0.0018","C"
"4","Trait5","FASTmrMLM","PstI.TP96116","4","62857346","-1.4321e-06","3e-04","C"
"4","Trait5","FASTmrMLM","PstI.TP935978","4","62874103","-1.5587e-05","0.0034","A"
"4","Trait5","FASTmrMLM","PstI.TP20198","4","62878068","7.6562e-06","0.0017","C"
"4","Trait5","FASTmrMLM","PstI.TP148721","4","62908145","-0.0443","0.5557","G"
"4","Trait5","FASTmrMLM","NsiI.TP131578","4","62909243","-5.2713e-06","0.0011","A"
"4","Trait5","FASTmrMLM","PstI.TP779762","4","62919374","-2.2183e-05","0.0049","A"
"4","Trait5","FASTmrMLM","PstI.TP1079197","4","62919447","-6.2746e-06","0.0014","A"
"4","Trait5","FASTmrMLM","PstI.TP1079268","4","62919464","-1.3579e-05","0.003","C"
"4","Trait5","FASTmrMLM","PstI.TP851529","4","62928718","1.0589e-06","2e-04","A"
"4","Trait5","FASTmrMLM","PstI.TP1116864","4","62936275","8.9281e-07","2e-04","C"
"4","Trait5","FASTmrMLM","NsiI.TP38876","4","62961181","-6.0104e-06","0.0013","G"
"4","Trait5","FASTmrMLM","NsiI.TP772698","4","62962801","0.0156","0.1219","A"
"4","Trait5","FASTmrMLM","PstI.TP255790","4","62973709","0.0766","0.5474","A"
"4","Trait5","FASTmrMLM","PstI.TP323364","4","62975018","-1.9455e-05","0.0043","C"
"4","Trait5","FASTmrMLM","NsiI.TP653888","4","62981225","1.5393e-05","0.0034","C"
"4","Trait5","FASTmrMLM","PstI.TP907753","4","63007722","-1.3844e-06","3e-04","A"
"4","Trait5","FASTmrMLM","PstI.TP1049433","4","63028581","3.836e-06","8e-04","C"
"4","Trait5","FASTmrMLM","PstI.TP202256","4","63030148","0.0874","0.8975","G"
"4","Trait5","FASTmrMLM","NsiI.TP418754","4","63031223","1.8678e-06","4e-04","G"
"4","Trait5","FASTmrMLM","NsiI.TP381385","4","63048705","-0.119","0.6635","A"
"4","Trait5","FASTmrMLM","PstI.TP998493","4","63061332","-1.6836e-05","0.0037","A"
"4","Trait5","FASTmrMLM","NsiI.TP293204","4","63136741","2.8052e-05","0.0061","G"
"4","Trait5","FASTmrMLM","PstI.TP372292","4","63140103","-0.0902","0.9003","G"
"4","Trait5","FASTmrMLM","PstI.TP1281337","4","63140625","1.1966e-05","0.0026","A"
"4","Trait5","FASTmrMLM","PstI.TP851036","4","63147239","3.5426e-06","8e-04","A"
"4","Trait5","FASTmrMLM","NsiI.TP291097","4","63153796","-0.0179","0.2804","C"
"4","Trait5","FASTmrMLM","NsiI.TP89701","4","63161916","0.255","2.0629","C"
"4","Trait5","FASTmrMLM","PstI.TP1060177","4","63162311","-1.2991e-05","0.0028","A"
"4","Trait5","FASTmrMLM","PstI.TP218681","4","63185459","-1.1095e-05","0.0024","A"
"4","Trait5","FASTmrMLM","PstI.TP1013203","4","63222160","1.5455e-05","0.0034","A"
"4","Trait5","FASTmrMLM","NsiI.TP746204","4","63241357","1.1396e-05","0.0025","C"
"4","Trait5","FASTmrMLM","PstI.TP795013","4","63258422","2.4574e-05","0.0054","C"
"4","Trait5","FASTmrMLM","NsiI.TP275198","4","63331598","-0.0182","0.2356","A"
"4","Trait5","FASTmrMLM","NsiI.TP19220","4","63342908","-2.4131e-06","5e-04","A"
"4","Trait5","FASTmrMLM","PstI.TP1177728","4","63343156","-2.858e-05","0.0063","A"
"4","Trait5","FASTmrMLM","NsiI.TP497285","4","63347883","0.1485","0.9114","A"
"4","Trait5","FASTmrMLM","PstI.TP539017","4","63389349","-0.3014","2.0367","C"
"4","Trait5","FASTmrMLM","NsiI.TP615944","4","63403477","5.0361e-06","0.0011","A"
"4","Trait5","FASTmrMLM","PstI.TP743400","4","63406186","-1.0442e-05","0.0023","A"
"4","Trait5","FASTmrMLM","NsiI.TP535034","4","63433832","0.0244","0.2135","C"
"4","Trait5","FASTmrMLM","PstI.TP148548","4","63450033","0.1228","0.5184","A"
"4","Trait5","FASTmrMLM","NsiI.TP37233","4","63459238","-1.5417e-05","0.0034","A"
"4","Trait5","FASTmrMLM","NsiI.TP16887","4","63498944","-0.2482","1.8955","C"
"4","Trait5","FASTmrMLM","NsiI.TP523920","4","63502663","4.1025e-06","9e-04","C"
"4","Trait5","FASTmrMLM","PstI.TP90759","4","63508658","2.7533e-05","0.006","A"
"4","Trait5","FASTmrMLM","NsiI.TP621625","4","63520679","8.9327e-06","0.0019","C"
"4","Trait5","FASTmrMLM","NsiI.TP621627","4","63520710","1.2968e-05","0.0028","C"
"4","Trait5","FASTmrMLM","NsiI.TP616138","4","63524148","-3.333e-06","7e-04","A"
"4","Trait5","FASTmrMLM","NsiI.TP547744","4","63524404","4.069e-05","0.0089","G"
"4","Trait5","FASTmrMLM","NsiI.TP557441","4","63526272","-9.8723e-06","0.0022","C"
"4","Trait5","FASTmrMLM","NsiI.TP602426","4","63529057","-1.0035e-05","0.0022","A"
"4","Trait5","FASTmrMLM","PstI.TP210346","4","63537333","1.6917e-05","0.0037","G"
"4","Trait5","FASTmrMLM","PstI.TP124241","4","63545264","1.8208e-05","0.004","C"
"4","Trait5","FASTmrMLM","NsiI.TP832907","4","63546866","1.7441e-05","0.0038","C"
"4","Trait5","FASTmrMLM","PstI.TP1061810","4","63549278","2.4417e-05","0.0053","A"
"4","Trait5","FASTmrMLM","NsiI.TP702311","4","63557488","0.0247","0.2663","A"
"4","Trait5","FASTmrMLM","NsiI.TP205252","4","63574731","-1.2884e-05","0.0028","A"
"4","Trait5","FASTmrMLM","NsiI.TP532588","4","63590845","4.9537e-06","0.0011","A"
"4","Trait5","FASTmrMLM","PstI.TP481636","4","63595070","2.3649e-05","0.0052","G"
"4","Trait5","FASTmrMLM","PstI.TP231439","4","63596389","2.7486e-05","0.006","A"
"4","Trait5","FASTmrMLM","NsiI.TP747739","4","63612185","3.5637e-06","8e-04","C"
"4","Trait5","FASTmrMLM","PstI.TP446782","4","63627667","7.5754e-07","2e-04","C"
"4","Trait5","FASTmrMLM","PstI.TP446786","4","63627688","-0.095","0.5243","C"
"4","Trait5","FASTmrMLM","PstI.TP192937","4","63645869","-2.9382e-05","0.0064","C"
"4","Trait5","FASTmrMLM","PstI.TP1132955","4","63683010","0.1265","1.5247","C"
"4","Trait5","FASTmrMLM","PstI.TP730739","4","63686611","0.0632","0.6798","A"
"4","Trait5","FASTmrMLM","GFSSContig6638_165","4","63701520","-2.6426e-05","0.0058","C"
"4","Trait5","FASTmrMLM","PstI.TP76584","4","63703400","-1e-04","0.0118","A"
"4","Trait5","FASTmrMLM","NsiI.TP814389","4","63710676","-0.0605","0.6232","C"
"4","Trait5","FASTmrMLM","NsiI.TP427564","4","63741434","-4.3885e-06","0.001","C"
"4","Trait5","FASTmrMLM","PstI.TP191152","4","63743393","0.0375","0.4445","A"
"4","Trait5","FASTmrMLM","PstI.TP360206","4","63745993","-2.1971e-05","0.0048","A"
"4","Trait5","FASTmrMLM","PstI.TP607276","4","63756227","-8.263e-06","0.0018","A"
"4","Trait5","FASTmrMLM","PstI.TP846457","4","63756305","2.6557e-05","0.0058","A"
"4","Trait5","FASTmrMLM","NsiI.TP623340","4","63759899","0.0717","0.2984","C"
"4","Trait5","FASTmrMLM","NsiI.TP779177","4","63763133","-2.393e-05","0.0052","A"
"4","Trait5","FASTmrMLM","NsiI.TP486035","4","63767057","8.1643e-06","0.0018","A"
"4","Trait5","FASTmrMLM","NsiI.TP213953","4","63777162","-1.8699e-05","0.0041","C"
"4","Trait5","FASTmrMLM","NsiI.TP423113","4","63778159","0.1151","1.535","A"
"4","Trait5","FASTmrMLM","PstI.TP34781","4","63779010","1.1968e-05","0.0026","A"
"4","Trait5","FASTmrMLM","PstI.TP508410","4","63781975","0.0326","0.3141","A"
"4","Trait5","FASTmrMLM","PstI.TP1091010","4","63784704","-1.5186e-05","0.0033","A"
"4","Trait5","FASTmrMLM","NsiI.TP235140","4","63809795","-0.0857","0.7028","A"
"4","Trait5","FASTmrMLM","PstI.TP1109460","4","63813642","1.2853e-05","0.0028","C"
"4","Trait5","FASTmrMLM","PstI.TP15439","4","63831550","-0.0672","0.2605","C"
"4","Trait5","FASTmrMLM","GFSSContig11762_328","4","63855105","1.4184e-05","0.0031","A"
"4","Trait5","FASTmrMLM","NsiI.TP458777","4","63858606","1.946e-06","4e-04","G"
"4","Trait5","FASTmrMLM","PstI.TP782757","4","63864528","-8.6989e-06","0.0019","A"
"4","Trait5","FASTmrMLM","PstI.TP848725","4","63867493","-2.0195e-05","0.0044","A"
"4","Trait5","FASTmrMLM","PstI.TP124910","4","63868777","-0.0247","0.192","C"
"4","Trait5","FASTmrMLM","PstI.TP543421","4","63884177","-1.6939e-05","0.0037","A"
"4","Trait5","FASTmrMLM","NsiI.TP17889","4","63914135","-2.1849e-06","5e-04","C"
"4","Trait5","FASTmrMLM","PstI.TP1032679","4","63918789","5.9889e-06","0.0013","A"
"4","Trait5","FASTmrMLM","PstI.TP204533","4","63925012","1.444e-05","0.0032","A"
"4","Trait5","FASTmrMLM","PstI.TP204536","4","63925016","0.1102","1.3969","C"
"4","Trait5","FASTmrMLM","PstI.TP716545","4","63930854","0.1164","0.7952","A"
"4","Trait5","FASTmrMLM","PstI.TP617376","4","63931951","-2.364e-05","0.0052","C"
"4","Trait5","FASTmrMLM","PstI.TP624185","4","63940317","-2.5864e-06","6e-04","A"
"4","Trait5","FASTmrMLM","NsiI.TP60358","4","63943796","-9.9604e-06","0.0022","G"
"4","Trait5","FASTmrMLM","PstI.TP63901","4","63947762","-6.1856e-06","0.0013","A"
"4","Trait5","FASTmrMLM","GFSSContig20291_500","4","63959499","-0.1163","0.7576","C"
"4","Trait5","FASTmrMLM","PstI.TP133435","4","63963901","0.1052","0.6671","A"
"4","Trait5","FASTmrMLM","NsiI.TP216444","4","63995427","-0.1184","0.6298","C"
"4","Trait5","FASTmrMLM","PstI.TP375918","4","64036837","-1.9425e-07","4.2282e-05","C"
"4","Trait5","FASTmrMLM","PstI.TP1069480","4","64046844","-1.8062e-05","0.0039","G"
"4","Trait5","FASTmrMLM","NsiI.TP178484","4","64046844","-1.0731e-06","2e-04","G"
"4","Trait5","FASTmrMLM","PstI.TP972577","4","64049091","-5.9315e-06","0.0013","C"
"4","Trait5","FASTmrMLM","PstI.TP1107345","4","64050951","0.249","1.2814","C"
"4","Trait5","FASTmrMLM","PstI.TP755744","4","64052471","-0.078","0.962","A"
"4","Trait5","FASTmrMLM","NsiI.TP630293","4","64053024","0.0534","0.2227","G"
"4","Trait5","FASTmrMLM","PstI.TP1210805","4","64071904","-2.3098e-05","0.0051","C"
"4","Trait5","FASTmrMLM","NsiI.TP454370","4","64079408","4.0309e-06","9e-04","C"
"4","Trait5","FASTmrMLM","PstI.TP733544","4","64088527","2.1312e-05","0.0047","C"
"4","Trait5","FASTmrMLM","PstI.TP709703","4","64095455","-1.077e-05","0.0024","G"
"4","Trait5","FASTmrMLM","NsiI.TP671416","4","64104208","2.9282e-05","0.0064","C"
"4","Trait5","FASTmrMLM","PstI.TP709133","4","64107407","-0.03","0.2182","A"
"4","Trait5","FASTmrMLM","PstI.TP1010975","4","64109456","5.6029e-06","0.0012","A"
"4","Trait5","FASTmrMLM","NsiI.TP10339","4","64117829","1.7883e-05","0.0039","C"
"4","Trait5","FASTmrMLM","PstI.TP704986","4","64139599","-3.7706e-05","0.0083","C"
"4","Trait5","FASTmrMLM","NsiI.TP256639","4","64139724","1.2193e-05","0.0027","A"
"4","Trait5","FASTmrMLM","NsiI.TP752299","4","64144367","-0.0421","0.5517","C"
"4","Trait5","FASTmrMLM","PstI.TP1065024","4","64144622","-6.0666e-08","1.3205e-05","C"
"4","Trait5","FASTmrMLM","NsiI.TP102411","4","64145764","0.0691","0.3975","C"
"4","Trait5","FASTmrMLM","PstI.TP456924","4","64155752","0.0303","0.3382","A"
"4","Trait5","FASTmrMLM","PstI.TP781181","4","64170054","0.02","0.2493","A"
"4","Trait5","FASTmrMLM","PstI.TP957692","4","64171859","-0.2176","0.753","G"
"4","Trait5","FASTmrMLM","PstI.TP927803","4","64177739","-0.1365","0.9621","A"
"4","Trait5","FASTmrMLM","GFSSContig11905_521","4","64195928","-1.917e-06","4e-04","T"
"4","Trait5","FASTmrMLM","PstI.TP623528","4","64207059","2.0512e-05","0.0045","G"
"4","Trait5","FASTmrMLM","PstI.TP1087387","4","64217108","1e-04","0.0082","C"
"4","Trait5","FASTmrMLM","PstI.TP1201717","4","64220983","-1.3572e-05","0.003","G"
"4","Trait5","FASTmrMLM","NsiI.TP39840","4","64225966","8.5578e-06","0.0019","C"
"4","Trait5","FASTmrMLM","NsiI.TP628490","4","64226012","-7.1319e-06","0.0016","G"
"4","Trait5","FASTmrMLM","PstI.TP1027083","4","64254345","-3.6863e-06","8e-04","C"
"4","Trait5","FASTmrMLM","PstI.TP443858","4","64255779","0.0162","0.2487","C"
"4","Trait5","FASTmrMLM","NsiI.TP764307","4","64259805","0.1844","1.7316","C"
"4","Trait5","FASTmrMLM","PstI.TP1235909","4","64295006","-2.5656e-08","5.5834e-06","A"
"4","Trait5","FASTmrMLM","PstI.TP1103515","4","64317592","-1.0236e-05","0.0022","C"
"4","Trait5","FASTmrMLM","NsiI.TP749891","4","64319527","-0.113","1.1078","A"
"4","Trait5","FASTmrMLM","PstI.TP168720","4","64338756","-7.3486e-07","2e-04","A"
"4","Trait5","FASTmrMLM","PstI.TP1105523","4","64345645","2.8407e-06","6e-04","A"
"4","Trait5","FASTmrMLM","PstI.TP540398","4","64345790","8.9237e-06","0.0019","A"
"4","Trait5","FASTmrMLM","NsiI.TP114999","4","64349557","2.1827e-05","0.0048","A"
"4","Trait5","FASTmrMLM","PstI.TP666378","4","64361282","-3.0784e-05","0.0068","C"
"4","Trait5","FASTmrMLM","PstI.TP269711","4","64361312","2e-04","0.0145","C"
"4","Trait5","FASTmrMLM","NsiI.TP769746","4","64369918","0.0069","0.149","A"
"4","Trait5","FASTmrMLM","PstI.TP606269","4","64391752","0.0434","0.5348","A"
"4","Trait5","FASTmrMLM","NsiI.TP173071","4","64391873","1.7026e-06","4e-04","A"
"4","Trait5","FASTmrMLM","PstI.TP807286","4","64392835","1.0565e-05","0.0023","A"
"4","Trait5","FASTmrMLM","PstI.TP807742","4","64392862","6.4703e-06","0.0014","C"
"4","Trait5","FASTmrMLM","NsiI.TP55777","4","64398950","-2.201e-05","0.0048","A"
"4","Trait5","FASTmrMLM","PstI.TP661482","4","64403950","-0.0474","0.2072","A"
"4","Trait5","FASTmrMLM","PstI.TP120297","4","64404036","-4.7656e-06","0.001","C"
"4","Trait5","FASTmrMLM","NsiI.TP720736","4","64408736","-0.1224","0.7781","A"
"4","Trait5","FASTmrMLM","PstI.TP30876","4","64417508","-0.1484","0.8676","A"
"4","Trait5","FASTmrMLM","PstI.TP43749","4","64417921","-8.8053e-06","0.0019","A"
"4","Trait5","FASTmrMLM","NsiI.TP810817","4","64419229","-9.1946e-06","0.002","A"
"4","Trait5","FASTmrMLM","PstI.TP689316","4","64420154","0.1164","0.6211","C"
"4","Trait5","FASTmrMLM","PstI.TP1129300","4","64425706","2.5864e-05","0.0057","A"
"4","Trait5","FASTmrMLM","PstI.TP1129303","4","64425723","-0.1304","1.1904","G"
"4","Trait5","FASTmrMLM","PstI.TP13393","4","64426621","-0.0208","0.1427","A"
"4","Trait5","FASTmrMLM","PstI.TP213208","4","64429744","0.0998","0.9253","A"
"4","Trait5","FASTmrMLM","PstI.TP1076410","4","64432131","-0.0896","0.8803","C"
"4","Trait5","FASTmrMLM","PstI.TP1098484","4","64432193","5.7858e-05","0.0075","A"
"4","Trait5","FASTmrMLM","PstI.TP205600","4","64440680","-2.1125e-05","0.0046","A"
"4","Trait5","FASTmrMLM","PstI.TP175653","4","64445662","6.0829e-05","0.0082","C"
"4","Trait5","FASTmrMLM","PstI.TP6534","4","64452246","-0.0594","0.7179","A"
"4","Trait5","FASTmrMLM","PstI.TP183256","4","64453319","3.5219e-06","8e-04","A"
"4","Trait5","FASTmrMLM","PstI.TP606388","4","64492249","1.7889e-05","0.0039","C"
"4","Trait5","FASTmrMLM","PstI.TP1250174","4","64499932","-6.5783e-06","0.0014","A"
"4","Trait5","FASTmrMLM","PstI.TP647174","4","64522319","-7.1945e-06","0.0016","C"
"4","Trait5","FASTmrMLM","NsiI.TP545793","4","64534540","-6.6908e-07","1e-04","C"
"4","Trait5","FASTmrMLM","NsiI.TP645275","4","64546160","-0.2523","1.4384","A"
"4","Trait5","FASTmrMLM","NsiI.TP68061","4","64559181","0.0453","0.1964","A"
"4","Trait5","FASTmrMLM","NsiI.TP222294","4","64581473","4.2748e-06","9e-04","A"
"4","Trait5","FASTmrMLM","PstI.TP1149954","4","64598680","8.2101e-06","0.0018","C"
"4","Trait5","FASTmrMLM","GFSSContig19131_53","4","64612554","-3.7549e-05","0.0083","A"
"4","Trait5","FASTmrMLM","PstI.TP875356","4","64648230","1.0953e-05","0.0024","G"
"4","Trait5","FASTmrMLM","NsiI.TP687498","4","64651017","0.0687","0.3449","A"
"4","Trait5","FASTmrMLM","PstI.TP796634","4","64652977","0.2234","1.1454","A"
"4","Trait5","FASTmrMLM","PstI.TP876384","4","64653053","-9.3669e-07","2e-04","C"
"4","Trait5","FASTmrMLM","PstI.TP1152688","4","64664726","1.9231e-05","0.0042","G"
"4","Trait5","FASTmrMLM","PstI.TP215577","4","64665510","0.0431","0.3694","A"
"4","Trait5","FASTmrMLM","PstI.TP846992","4","64699401","-6.2153e-06","0.0014","A"
"4","Trait5","FASTmrMLM","PstI.TP1072632","4","64699457","0.1194","0.5448","C"
"4","Trait5","FASTmrMLM","NsiI.TP631515","4","64699461","-0.0483","0.2355","A"
"4","Trait5","FASTmrMLM","PstI.TP450151","4","64705272","-0.2924","2.5095","A"
"4","Trait5","FASTmrMLM","PstI.TP654201","4","64705707","7.1292e-06","0.0016","C"
"4","Trait5","FASTmrMLM","PstI.TP574508","4","64705794","0.1948","0.9771","C"
"4","Trait5","FASTmrMLM","PstI.TP182812","4","64721625","-1.9494e-06","4e-04","A"
"4","Trait5","FASTmrMLM","NsiI.TP690321","4","64728981","-2.5907e-05","0.0057","A"
"4","Trait5","FASTmrMLM","PstI.TP324145","4","64728984","-2.9259e-05","0.0064","A"
"4","Trait5","FASTmrMLM","NsiI.TP331069","4","64730604","-1.8793e-05","0.0041","G"
"4","Trait5","FASTmrMLM","NsiI.TP205268","4","64749541","1.5059e-05","0.0033","C"
"4","Trait5","FASTmrMLM","NsiI.TP205267","4","64749548","-0.0228","0.2177","C"
"4","Trait5","FASTmrMLM","PstI.TP343382","4","64752255","0.0183","0.2086","A"
"4","Trait5","FASTmrMLM","PstI.TP721355","4","64776340","5.7217e-06","0.0012","C"
"4","Trait5","FASTmrMLM","NsiI.TP549397","4","64780624","-0.2299","0.7494","C"
"4","Trait5","FASTmrMLM","PstI.TP1238248","4","64784268","3.0164e-06","7e-04","G"
"4","Trait5","FASTmrMLM","NsiI.TP353761","4","64800026","-6.9274e-06","0.0015","A"
"4","Trait5","FASTmrMLM","NsiI.TP381787","4","64818074","5.1502e-06","0.0011","C"
"4","Trait5","FASTmrMLM","NsiI.TP615492","4","64860373","4.2202e-05","0.0093","A"
"4","Trait5","FASTmrMLM","PstI.TP864688","4","64861717","-1.8797e-06","4e-04","G"
"4","Trait5","FASTmrMLM","PstI.TP55216","4","64877815","-0.1047","0.9318","A"
"4","Trait5","FASTmrMLM","PstI.TP117569","4","64900260","-0.0857","0.5764","A"
"4","Trait5","FASTmrMLM","PstI.TP1103944","4","64923940","4.0248e-06","9e-04","C"
"4","Trait5","FASTmrMLM","PstI.TP1224835","4","64944826","-0.2305","1.5381","A"
"4","Trait5","FASTmrMLM","NsiI.TP472284","4","64948254","0.0956","0.6079","A"
"4","Trait5","FASTmrMLM","NsiI.TP474637","4","64956610","-4.6435e-05","0.0071","A"
"4","Trait5","FASTmrMLM","NsiI.TP809077","4","64960361","2.9013e-06","6e-04","C"
"4","Trait5","FASTmrMLM","PstI.TP51816","4","64961913","-1.3007e-05","0.0028","C"
"4","Trait5","FASTmrMLM","PstI.TP51796","4","64961942","1.7994e-05","0.0039","C"
"4","Trait5","FASTmrMLM","PstI.TP797042","4","64966171","-1.5306e-05","0.0033","A"
"4","Trait5","FASTmrMLM","PstI.TP827666","4","64986110","0.0998","0.7293","A"
"4","Trait5","FASTmrMLM","PstI.TP166376","4","64988711","-0.1683","1.3978","C"
"4","Trait5","FASTmrMLM","PstI.TP875866","4","64992383","-0.0271","0.2064","C"
"4","Trait5","FASTmrMLM","PstI.TP715604","4","64992446","3e-04","0.0151","G"
"4","Trait5","FASTmrMLM","PstI.TP715597","4","64992470","-1.9929e-05","0.0044","C"
"4","Trait5","FASTmrMLM","PstI.TP509234","4","64995821","0.0826","0.4728","C"
"4","Trait5","FASTmrMLM","NsiI.TP731079","4","65001493","3.5749e-05","0.0079","A"
"4","Trait5","FASTmrMLM","PstI.TP893116","4","65009518","-1.8139e-05","0.004","C"
"4","Trait5","FASTmrMLM","PstI.TP10284","4","65014285","-1.3958e-05","0.003","A"
"4","Trait5","FASTmrMLM","PstI.TP841394","4","65018974","1.0748e-05","0.0023","G"
"4","Trait5","FASTmrMLM","NsiI.TP54335","4","65033704","-4.9265e-06","0.0011","G"
"4","Trait5","FASTmrMLM","NsiI.TP54334","4","65033748","-3.0585e-05","0.0067","A"
"4","Trait5","FASTmrMLM","NsiI.TP515628","4","65040640","1.7365e-05","0.0038","A"
"4","Trait5","FASTmrMLM","NsiI.TP570942","4","65042109","-0.0235","0.1295","C"
"4","Trait5","FASTmrMLM","PstI.TP8057","4","65042663","1.5594e-06","3e-04","A"
"4","Trait5","FASTmrMLM","PstI.TP329984","4","65045602","-9.5353e-06","0.0021","C"
"4","Trait5","FASTmrMLM","PstI.TP830140","4","65047024","-3.5458e-06","8e-04","A"
"4","Trait5","FASTmrMLM","PstI.TP438893","4","65055676","-0.1125","1.3686","C"
"4","Trait5","FASTmrMLM","NsiI.TP483843","4","65064996","8.8359e-06","0.0019","C"
"4","Trait5","FASTmrMLM","PstI.TP673282","4","65067106","-0.2082","1.386","A"
"4","Trait5","FASTmrMLM","NsiI.TP464299","4","65071799","1.5613e-05","0.0034","G"
"4","Trait5","FASTmrMLM","NsiI.TP463935","4","65072268","5.4026e-07","1e-04","C"
"4","Trait5","FASTmrMLM","NsiI.TP390287","4","65096478","0.1306","0.7142","A"
"4","Trait5","FASTmrMLM","NsiI.TP501032","4","65120511","-1.2393e-05","0.0027","G"
"4","Trait5","FASTmrMLM","NsiI.TP678700","4","65155148","-6.5443e-06","0.0014","C"
"4","Trait5","FASTmrMLM","NsiI.TP299775","4","65160395","-6.2888e-06","0.0014","G"
"4","Trait5","FASTmrMLM","NsiI.TP536533","4","65163032","-0.056","0.2914","A"
"4","Trait5","FASTmrMLM","NsiI.TP287507","4","65166149","-1.4188e-05","0.0031","A"
"4","Trait5","FASTmrMLM","PstI.TP1098463","4","65166320","-0.1707","0.8992","C"
"4","Trait5","FASTmrMLM","PstI.TP1281372","4","65195494","-0.0816","1.0784","G"
"4","Trait5","FASTmrMLM","PstI.TP298216","4","65195870","3.2975e-05","0.0072","A"
"4","Trait5","FASTmrMLM","PstI.TP1145771","4","65196190","2.2121e-05","0.0048","A"
"4","Trait5","FASTmrMLM","NsiI.TP218126","4","65196236","2.4251e-05","0.0053","A"
"4","Trait5","FASTmrMLM","NsiI.TP218127","4","65196239","-0.0213","0.145","A"
"4","Trait5","FASTmrMLM","PstI.TP930698","4","65199203","1.7574e-06","4e-04","C"
"4","Trait5","FASTmrMLM","NsiI.TP378254","4","65205428","-7.314e-07","2e-04","C"
"4","Trait5","FASTmrMLM","NsiI.TP11817","4","65206130","2.7467e-05","0.006","A"
"4","Trait5","FASTmrMLM","PstI.TP1127458","4","65207621","8.1837e-06","0.0018","A"
"4","Trait5","FASTmrMLM","NsiI.TP92361","4","65221775","-9.2064e-06","0.002","C"
"4","Trait5","FASTmrMLM","PstI.TP927030","4","65223900","-1.019e-06","2e-04","A"
"4","Trait5","FASTmrMLM","PstI.TP775998","4","65225463","0.2133","0.7666","A"
"4","Trait5","FASTmrMLM","PstI.TP927018","4","65225492","-2.1783e-06","5e-04","A"
"4","Trait5","FASTmrMLM","NsiI.TP510102","4","65229551","-1.3095e-06","3e-04","C"
"4","Trait5","FASTmrMLM","NsiI.TP439138","4","65249763","-3.9982e-06","9e-04","C"
"4","Trait5","FASTmrMLM","PstI.TP249032","4","65257396","0.0466","0.5372","C"
"4","Trait5","FASTmrMLM","PstI.TP547430","4","65269364","1.8824e-06","4e-04","A"
"4","Trait5","FASTmrMLM","PstI.TP545187","4","65279537","-5.9957e-06","0.0013","G"
"4","Trait5","FASTmrMLM","NsiI.TP529669","4","65280845","1.9562e-05","0.0043","C"
"4","Trait5","FASTmrMLM","NsiI.TP218187","4","65282034","3.5585e-06","8e-04","C"
"4","Trait5","FASTmrMLM","PstI.TP817671","4","65282642","2.6031e-05","0.0057","A"
"4","Trait5","FASTmrMLM","PstI.TP444295","4","65282850","1.7018e-05","0.0037","G"
"4","Trait5","FASTmrMLM","NsiI.TP753474","4","65338075","-0.23","0.8101","C"
"4","Trait5","FASTmrMLM","NsiI.TP699660","4","65339323","6.8117e-06","0.0015","A"
"4","Trait5","FASTmrMLM","NsiI.TP36159","4","65339391","1.9704e-05","0.0043","A"
"4","Trait5","FASTmrMLM","PstI.TP424929","4","65348596","-0.2374","1.044","C"
"4","Trait5","FASTmrMLM","PstI.TP821395","4","65350082","-1.6869e-05","0.0037","C"
"4","Trait5","FASTmrMLM","PstI.TP1293053","4","65354699","-1.131e-05","0.0025","A"
"4","Trait5","FASTmrMLM","PstI.TP927409","4","65365468","3.6519e-05","0.008","A"
"4","Trait5","FASTmrMLM","PstI.TP713801","4","65367669","0.0849","0.861","C"
"4","Trait5","FASTmrMLM","PstI.TP1266802","4","65367682","-0.0499","0.3104","A"
"4","Trait5","FASTmrMLM","PstI.TP160378","4","65368583","-1.3521e-05","0.003","A"
"4","Trait5","FASTmrMLM","PstI.TP1263227","4","65385802","1.8237e-05","0.004","A"
"4","Trait5","FASTmrMLM","NsiI.TP242896","4","65404391","1.2798e-05","0.0028","A"
"4","Trait5","FASTmrMLM","NsiI.TP760683","4","65427186","0.0353","0.1993","C"
"4","Trait5","FASTmrMLM","PstI.TP844593","4","65436056","-7.3134e-06","0.0016","C"
"4","Trait5","FASTmrMLM","NsiI.TP67561","4","65452237","0.0643","0.7903","A"
"4","Trait5","FASTmrMLM","PstI.TP945926","4","65455515","6.4227e-05","0.0083","A"
"4","Trait5","FASTmrMLM","NsiI.TP241821","4","65458789","0.097","0.6169","A"
"4","Trait5","FASTmrMLM","PstI.TP926962","4","65459162","0.0751","0.6147","A"
"4","Trait5","FASTmrMLM","NsiI.TP60849","4","65462387","4.2554e-06","9e-04","A"
"4","Trait5","FASTmrMLM","NsiI.TP722533","4","65465199","6.7972e-05","0.0087","A"
"4","Trait5","FASTmrMLM","NsiI.TP603534","4","65475031","-0.0226","0.1696","A"
"4","Trait5","FASTmrMLM","PstI.TP792448","4","65475955","-7.2699e-06","0.0016","A"
"4","Trait5","FASTmrMLM","NsiI.TP102269","4","65482716","-3.8379e-07","8.3532e-05","C"
"4","Trait5","FASTmrMLM","NsiI.TP470793","4","65501776","-0.1241","0.4694","C"
"4","Trait5","FASTmrMLM","NsiI.TP470794","4","65501807","-0.1068","0.4006","A"
"4","Trait5","FASTmrMLM","PstI.TP460772","4","65508906","0.0129","0.1611","C"
"4","Trait5","FASTmrMLM","PstI.TP582531","4","65531245","-0.0238","0.1758","G"
"4","Trait5","FASTmrMLM","PstI.TP22951","4","65533284","-1.3588e-05","0.003","G"
"4","Trait5","FASTmrMLM","PstI.TP1011675","4","65546006","1.4397e-05","0.0031","A"
"4","Trait5","FASTmrMLM","NsiI.TP360887","4","65663698","0.2082","1.3373","A"
"4","Trait5","FASTmrMLM","PstI.TP568504","4","65671693","-5.6533e-08","1.2304e-05","C"
"4","Trait5","FASTmrMLM","PstI.TP1243385","4","65676400","-0.0974","0.5643","C"
"4","Trait5","FASTmrMLM","PstI.TP1052000","4","65689284","0.0342","0.274","A"
"4","Trait5","FASTmrMLM","NsiI.TP661055","4","65689979","-9.6064e-07","2e-04","C"
"4","Trait5","FASTmrMLM","PstI.TP466010","4","65695724","-1.2069e-05","0.0026","A"
"4","Trait5","FASTmrMLM","PstI.TP931336","4","65707584","4.1488e-06","9e-04","A"
"4","Trait5","FASTmrMLM","PstI.TP501803","4","65734128","-3.2538e-06","7e-04","A"
"4","Trait5","FASTmrMLM","NsiI.TP589075","4","65757592","-0.1298","1.2023","C"
"4","Trait5","FASTmrMLM","NsiI.TP338821","4","65759269","0.219","0.8424","G"
"4","Trait5","FASTmrMLM","PstI.TP769595","4","65760736","1.901e-05","0.0042","C"
"4","Trait5","FASTmrMLM","PstI.TP908584","4","65762666","0.0506","0.4711","A"
"4","Trait5","FASTmrMLM","NsiI.TP590281","4","65765015","9.0901e-07","2e-04","G"
"4","Trait5","FASTmrMLM","PstI.TP909352","4","65766411","-0.0914","0.4572","C"
"4","Trait5","FASTmrMLM","PstI.TP447008","4","65767007","-6.0795e-06","0.0013","A"
"4","Trait5","FASTmrMLM","PstI.TP271636","4","65801267","-1.1373e-05","0.0025","C"
"4","Trait5","FASTmrMLM","PstI.TP236632","4","65801734","2.3327e-05","0.0051","A"
"4","Trait5","FASTmrMLM","PstI.TP224919","4","65818108","-0.0937","0.8859","C"
"4","Trait5","FASTmrMLM","NsiI.TP444504","4","65825367","3.1001e-06","7e-04","G"
"4","Trait5","FASTmrMLM","NsiI.TP502752","4","65830950","4.4192e-06","0.001","G"
"4","Trait5","FASTmrMLM","PstI.TP356184","4","65833734","-0.0383","0.5551","C"
"4","Trait5","FASTmrMLM","GFSSContig16654_1653","4","65844426","3.6509e-06","8e-04","T"
"4","Trait5","FASTmrMLM","NsiI.TP541365","4","65860362","-0.0965","0.5316","A"
"4","Trait5","FASTmrMLM","NsiI.TP609213","4","65861882","-0.0931","0.4217","G"
"4","Trait5","FASTmrMLM","PstI.TP544512","4","65864502","-1.4173e-05","0.0031","G"
"4","Trait5","FASTmrMLM","PstI.TP69916","4","66027326","3.3883e-07","7.3759e-05","C"
"4","Trait5","FASTmrMLM","NsiI.TP275833","4","66037289","-0.0562","0.4287","A"
"4","Trait5","FASTmrMLM","PstI.TP317521","4","66042591","6.381e-06","0.0014","C"
"4","Trait5","FASTmrMLM","PstI.TP979646","4","66046858","-0.0905","0.9398","C"
"4","Trait5","FASTmrMLM","NsiI.TP231423","4","66046920","9.1418e-06","0.002","A"
"4","Trait5","FASTmrMLM","PstI.TP191275","4","66047625","-0.0306","0.4544","A"
"4","Trait5","FASTmrMLM","NsiI.TP176414","4","66050889","3.1229e-05","0.0069","A"
"4","Trait5","FASTmrMLM","NsiI.TP472191","4","66059704","-0.0524","0.2873","C"
"4","Trait5","FASTmrMLM","PstI.TP1127482","4","66065155","-2.0838e-06","5e-04","A"
"4","Trait5","FASTmrMLM","PstI.TP1127994","4","66065200","-4.1731e-06","9e-04","C"
"4","Trait5","FASTmrMLM","PstI.TP1203674","4","66069720","3.6641e-06","8e-04","C"
"4","Trait5","FASTmrMLM","PstI.TP836107","4","66098764","2.5047e-05","0.0055","A"
"4","Trait5","FASTmrMLM","PstI.TP445474","4","66099229","2.1156e-05","0.0046","A"
"4","Trait5","FASTmrMLM","NsiI.TP689550","4","66104547","-1.6583e-05","0.0036","A"
"4","Trait5","FASTmrMLM","NsiI.TP37346","4","66109262","6.4294e-06","0.0014","C"
"4","Trait5","FASTmrMLM","NsiI.TP619316","4","66117995","-0.116","0.5743","C"
"4","Trait5","FASTmrMLM","NsiI.TP520995","4","66119777","-4.0514e-05","0.0089","A"
"4","Trait5","FASTmrMLM","PstI.TP774045","4","66123753","1.8158e-05","0.004","C"
"4","Trait5","FASTmrMLM","NsiI.TP578970","4","66129633","3.0441e-05","0.0067","G"
"4","Trait5","FASTmrMLM","PstI.TP858902","4","66143706","0.0705","0.7769","A"
"4","Trait5","FASTmrMLM","PstI.TP143872","4","66156681","-1.2885e-05","0.0028","C"
"4","Trait5","FASTmrMLM","PstI.TP710573","4","66157234","-0.0587","0.3446","A"
"4","Trait5","FASTmrMLM","NsiI.TP470457","4","66158677","1.199e-05","0.0026","A"
"4","Trait5","FASTmrMLM","NsiI.TP423262","4","66158933","5.9095e-06","0.0013","C"
"4","Trait5","FASTmrMLM","PstI.TP971832","4","66161848","1.3199e-05","0.0029","A"
"4","Trait5","FASTmrMLM","NsiI.TP654021","4","66163559","0.0519","0.3141","C"
"4","Trait5","FASTmrMLM","NsiI.TP653993","4","66163560","4.5898e-05","0.0101","C"
"4","Trait5","FASTmrMLM","PstI.TP735556","4","66188019","0.0109","0.1665","A"
"4","Trait5","FASTmrMLM","NsiI.TP470906","4","66239282","-0.5061","2.2368","A"
"4","Trait5","FASTmrMLM","PstI.TP1174601","4","66239860","6.944e-06","0.0015","A"
"4","Trait5","FASTmrMLM","PstI.TP229333","4","66255009","2.3799e-06","5e-04","C"
"4","Trait5","FASTmrMLM","NsiI.TP61616","4","66255188","0.2303","1.5303","A"
"4","Trait5","FASTmrMLM","NsiI.TP89421","4","66265364","-5.0359e-06","0.0011","A"
"4","Trait5","FASTmrMLM","PstI.TP694134","4","66267705","-7.0693e-06","0.0015","C"
"4","Trait5","FASTmrMLM","NsiI.TP194835","4","66309406","1.9204e-05","0.0042","A"
"4","Trait5","FASTmrMLM","NsiI.TP627122","4","66312551","7.7336e-06","0.0017","A"
"4","Trait5","FASTmrMLM","NsiI.TP829993","4","66312608","-0.1884","1.422","C"
"4","Trait5","FASTmrMLM","NsiI.TP453156","4","66318126","-3.4261e-06","7e-04","C"
"4","Trait5","FASTmrMLM","PstI.TP42302","4","66319158","8.0152e-07","2e-04","C"
"4","Trait5","FASTmrMLM","NsiI.TP492937","4","66321453","-3.1898e-05","0.007","A"
"4","Trait5","FASTmrMLM","PstI.TP391335","4","66322013","0.0318","0.3434","A"
"4","Trait5","FASTmrMLM","PstI.TP1179338","4","66322061","1.9289e-06","4e-04","A"
"4","Trait5","FASTmrMLM","PstI.TP781859","4","66322904","-7.1909e-06","0.0016","A"
"4","Trait5","FASTmrMLM","NsiI.TP181122","4","66323136","0.0573","0.7475","G"
"4","Trait5","FASTmrMLM","PstI.TP1069650","4","66325475","-0.2318","0.6915","A"
"4","Trait5","FASTmrMLM","PstI.TP83740","4","66329319","1.6425e-05","0.0036","A"
"4","Trait5","FASTmrMLM","PstI.TP469630","4","66331466","-1.3552e-05","0.003","A"
"4","Trait5","FASTmrMLM","PstI.TP750065","4","66331732","0.1605","1.366","A"
"4","Trait5","FASTmrMLM","NsiI.TP676373","4","66359127","0.0637","0.3052","G"
"4","Trait5","FASTmrMLM","PstI.TP1010638","4","66370705","-1.606e-06","3e-04","A"
"4","Trait5","FASTmrMLM","PstI.TP935651","4","66370793","1.3905e-05","0.003","A"
"4","Trait5","FASTmrMLM","PstI.TP641183","4","66373992","-0.0285","0.2478","G"
"4","Trait5","FASTmrMLM","NsiI.TP17220","4","66378850","-2.713e-06","6e-04","C"
"4","Trait5","FASTmrMLM","PstI.TP267810","4","66382450","-2.119e-05","0.0046","A"
"4","Trait5","FASTmrMLM","PstI.TP481716","4","66430705","-1.6914e-05","0.0037","A"
"4","Trait5","FASTmrMLM","PstI.TP853971","4","66451616","0.0133","0.1882","A"
"4","Trait5","FASTmrMLM","NsiI.TP661865","4","66453165","5.4689e-06","0.0012","A"
"4","Trait5","FASTmrMLM","PstI.TP169422","4","66458228","1.8756e-05","0.0041","A"
"4","Trait5","FASTmrMLM","NsiI.TP378088","4","66469706","-1.7841e-05","0.0039","A"
"4","Trait5","FASTmrMLM","NsiI.TP532702","4","66469726","-3.1525e-06","7e-04","C"
"4","Trait5","FASTmrMLM","PstI.TP371513","4","66474576","-1.6978e-05","0.0037","A"
"4","Trait5","FASTmrMLM","GFSSContig20159_1535","4","66481522","-4.5663e-06","0.001","A"
"4","Trait5","FASTmrMLM","PstI.TP382386","4","66482237","1.1956e-05","0.0026","A"
"4","Trait5","FASTmrMLM","GFSSContig20159_876","4","66483005","2.7989e-06","6e-04","A"
"4","Trait5","FASTmrMLM","NsiI.TP716669","4","66487921","-0.162","0.7313","A"
"4","Trait5","FASTmrMLM","NsiI.TP173882","4","66496537","-0.1148","0.6908","C"
"4","Trait5","FASTmrMLM","NsiI.TP173881","4","66496546","-2e-04","0.0128","C"
"4","Trait5","FASTmrMLM","NsiI.TP652655","4","66508806","3.294e-06","7e-04","G"
"4","Trait5","FASTmrMLM","PstI.TP160726","4","66518475","6.0677e-06","0.0013","C"
"4","Trait5","FASTmrMLM","PstI.TP1105643","4","66521669","5.9756e-06","0.0013","G"
"4","Trait5","FASTmrMLM","NsiI.TP546263","4","66565622","1.1463e-05","0.0025","A"
"4","Trait5","FASTmrMLM","PstI.TP451734","4","66619550","1.0782e-05","0.0024","G"
"4","Trait5","FASTmrMLM","NsiI.TP328528","4","66639620","4.5787e-06","0.001","A"
"4","Trait5","FASTmrMLM","NsiI.TP520621","4","66641853","1.3078e-05","0.0029","A"
"4","Trait5","FASTmrMLM","NsiI.TP520620","4","66641857","2.1071e-05","0.0046","C"
"4","Trait5","FASTmrMLM","PstI.TP852034","4","66658485","0.1845","0.8626","C"
"4","Trait5","FASTmrMLM","PstI.TP890178","4","66659196","-3.1822e-05","0.007","C"
"4","Trait5","FASTmrMLM","PstI.TP1184559","4","66662200","2.1983e-06","5e-04","G"
"4","Trait5","FASTmrMLM","NsiI.TP608933","4","66667415","-1.0419e-05","0.0023","C"
"4","Trait5","FASTmrMLM","PstI.TP701364","4","66677817","-8.851e-06","0.0019","C"
"4","Trait5","FASTmrMLM","PstI.TP1270411","4","66707413","3.3475e-06","7e-04","A"
"4","Trait5","FASTmrMLM","PstI.TP568490","4","66712615","-6.0249e-06","0.0013","C"
"4","Trait5","FASTmrMLM","PstI.TP1251654","4","66716644","-6.3539e-06","0.0014","A"
"4","Trait5","FASTmrMLM","PstI.TP35387","4","66721925","0.1116","0.8469","A"
"4","Trait5","FASTmrMLM","PstI.TP1149640","4","66724836","-0.1304","0.741","G"
"4","Trait5","FASTmrMLM","NsiI.TP635010","4","66724994","-4.259e-06","9e-04","C"
"4","Trait5","FASTmrMLM","PstI.TP754555","4","66726283","-2.2989e-05","0.005","A"
"4","Trait5","FASTmrMLM","PstI.TP389081","4","66729742","-4.3385e-06","9e-04","C"
"4","Trait5","FASTmrMLM","NsiI.TP346142","4","66734494","5.3288e-06","0.0012","A"
"4","Trait5","FASTmrMLM","NsiI.TP688992","4","66776482","-2.7029e-06","6e-04","G"
"4","Trait5","FASTmrMLM","NsiI.TP402812","4","66777635","0.158","0.9847","C"
"4","Trait5","FASTmrMLM","NsiI.TP129714","4","66781470","-2.3222e-06","5e-04","A"
"4","Trait5","FASTmrMLM","PstI.TP689551","4","66782495","0.0588","0.3801","C"
"4","Trait5","FASTmrMLM","PstI.TP627632","4","66846272","-2.8995e-05","0.0064","G"
"4","Trait5","FASTmrMLM","NsiI.TP431103","4","66846378","-2.3958e-05","0.0052","A"
"4","Trait5","FASTmrMLM","PstI.TP964613","4","66846629","1.1136e-05","0.0024","A"
"4","Trait5","FASTmrMLM","PstI.TP67723","4","66855372","-1.3852e-05","0.003","C"
"4","Trait5","FASTmrMLM","PstI.TP950889","4","66869945","-1.9798e-05","0.0043","A"
"4","Trait5","FASTmrMLM","PstI.TP352002","4","66870956","0.0178","0.2711","A"
"4","Trait5","FASTmrMLM","PstI.TP154924","4","66870962","-8.4206e-06","0.0018","A"
"4","Trait5","FASTmrMLM","NsiI.TP148994","4","66874533","1.1237e-05","0.0025","A"
"4","Trait5","FASTmrMLM","PstI.TP943442","4","66884330","-0.2152","0.8442","A"
"4","Trait5","FASTmrMLM","PstI.TP74347","4","66891346","-3.5005e-05","0.0077","A"
"4","Trait5","FASTmrMLM","PstI.TP1282132","4","66897884","0.1451","0.6992","G"
"4","Trait5","FASTmrMLM","NsiI.TP247819","4","66898086","-3.0418e-08","6.6196e-06","A"
"4","Trait5","FASTmrMLM","NsiI.TP412042","4","66915036","-4.0821e-06","9e-04","A"
"4","Trait5","FASTmrMLM","PstI.TP637619","4","66924449","-2.5729e-05","0.0056","A"
"4","Trait5","FASTmrMLM","PstI.TP805691","4","66925540","2.1872e-05","0.0048","A"
"4","Trait5","FASTmrMLM","PstI.TP844042","4","66926772","-4.026e-05","0.0089","A"
"4","Trait5","FASTmrMLM","PstI.TP730140","4","66928932","7.3874e-06","0.0016","G"
"4","Trait5","FASTmrMLM","NsiI.TP420913","4","66929585","0.1292","0.8006","C"
"4","Trait5","FASTmrMLM","NsiI.TP70645","4","66938804","3.0361e-06","7e-04","A"
"4","Trait5","FASTmrMLM","NsiI.TP154599","4","66958448","9.2387e-06","0.002","A"
"4","Trait5","FASTmrMLM","GFSSContig4839_373","4","66959900","6.8735e-06","0.0015","A"
"4","Trait5","FASTmrMLM","NsiI.TP227812","4","66970326","-1.649e-05","0.0036","C"
"4","Trait5","FASTmrMLM","NsiI.TP809459","4","66978288","-4.0118e-06","9e-04","C"
"4","Trait5","FASTmrMLM","PstI.TP918966","4","66990232","-3.585e-05","0.0079","C"
"4","Trait5","FASTmrMLM","PstI.TP807617","4","67012766","1.0062e-05","0.0022","A"
"4","Trait5","FASTmrMLM","GFSSContig15802_503","4","67018449","3.7953e-06","8e-04","A"
"4","Trait5","FASTmrMLM","NsiI.TP507777","4","67027562","-0.0848","0.5251","C"
"4","Trait5","FASTmrMLM","NsiI.TP375661","4","67032072","-3.2036e-05","0.007","A"
"4","Trait5","FASTmrMLM","NsiI.TP549928","4","67042322","-8.296e-07","2e-04","A"
"4","Trait5","FASTmrMLM","NsiI.TP530682","4","67084059","-1.0426e-05","0.0023","A"
"4","Trait5","FASTmrMLM","NsiI.TP132721","4","67087473","0.1083","0.7095","C"
"4","Trait5","FASTmrMLM","PstI.TP1182728","4","67094031","-0.04","0.3943","A"
"4","Trait5","FASTmrMLM","PstI.TP422858","4","67124242","0.0368","0.5204","A"
"4","Trait5","FASTmrMLM","PstI.TP325669","4","67124681","4.6387e-05","0.0102","A"
"4","Trait5","FASTmrMLM","NsiI.TP16285","4","67127791","-1.7614e-05","0.0039","C"
"4","Trait5","FASTmrMLM","NsiI.TP513653","4","67137697","-1.2886e-05","0.0028","C"
"4","Trait5","FASTmrMLM","PstI.TP1025686","4","67150435","7.4039e-06","0.0016","C"
"4","Trait5","FASTmrMLM","NsiI.TP346040","4","67151194","-7.3513e-07","2e-04","A"
"4","Trait5","FASTmrMLM","PstI.TP1098875","4","67156223","4.1391e-06","9e-04","A"
"4","Trait5","FASTmrMLM","NsiI.TP710154","4","67157586","6.9304e-06","0.0015","A"
"4","Trait5","FASTmrMLM","PstI.TP1105458","4","67168937","0.0762","0.5873","A"
"4","Trait5","FASTmrMLM","PstI.TP543197","4","67169531","0.066","0.6789","C"
"4","Trait5","FASTmrMLM","NsiI.TP337243","4","67169550","-2.7256e-05","0.006","C"
"4","Trait5","FASTmrMLM","NsiI.TP752837","4","67177516","-5.3493e-06","0.0012","A"
"4","Trait5","FASTmrMLM","NsiI.TP504649","4","67177683","-4.3865e-05","0.0097","C"
"4","Trait5","FASTmrMLM","PstI.TP1219628","4","67178417","6.1752e-08","1.3444e-05","G"
"4","Trait5","FASTmrMLM","NsiI.TP816754","4","67182118","2.1415e-05","0.0047","A"
"4","Trait5","FASTmrMLM","PstI.TP787868","4","67183742","2.6984e-05","0.0038","A"
"4","Trait5","FASTmrMLM","PstI.TP749079","4","67198085","-1.4891e-05","0.0033","C"
"4","Trait5","FASTmrMLM","PstI.TP989212","4","67198309","2.9696e-05","0.0065","A"
"4","Trait5","FASTmrMLM","NsiI.TP432798","4","67201052","0.0131","0.1509","C"
"4","Trait5","FASTmrMLM","NsiI.TP436265","4","67201075","1.1825e-05","0.0026","A"
"4","Trait5","FASTmrMLM","PstI.TP740689","4","67204274","2e-04","0.0112","A"
"4","Trait5","FASTmrMLM","PstI.TP101509","4","67219277","0.0164","0.1743","C"
"4","Trait5","FASTmrMLM","PstI.TP820282","4","67230832","0.1418","1.4343","C"
"4","Trait5","FASTmrMLM","NsiI.TP182766","4","67248768","8.5709e-06","0.0019","A"
"4","Trait5","FASTmrMLM","PstI.TP51175","4","67254631","3.8565e-05","0.0065","G"
"4","Trait5","FASTmrMLM","PstI.TP86963","4","67258891","-5.9625e-06","0.0013","A"
"4","Trait5","FASTmrMLM","PstI.TP1265296","4","67263001","-7.5955e-06","0.0017","C"
"4","Trait5","FASTmrMLM","NsiI.TP182237","4","67264024","-0.036","0.423","C"
"4","Trait5","FASTmrMLM","NsiI.TP120901","4","67265395","-6.8899e-06","0.0015","C"
"4","Trait5","FASTmrMLM","NsiI.TP465658","4","67266508","8.6414e-06","0.0019","A"
"4","Trait5","FASTmrMLM","NsiI.TP494590","4","67266536","6.5222e-06","0.0014","A"
"4","Trait5","FASTmrMLM","PstI.TP794253","4","67319866","2.7799e-05","0.0061","A"
"4","Trait5","FASTmrMLM","NsiI.TP432863","4","67320729","1.653e-05","0.0036","C"
"4","Trait5","FASTmrMLM","PstI.TP574704","4","67332679","0.0279","0.3367","A"
"4","Trait5","FASTmrMLM","NsiI.TP239255","4","67341173","1.1018e-05","0.0024","A"
"4","Trait5","FASTmrMLM","PstI.TP247650","4","67343889","-1.0167e-05","0.0022","A"
"4","Trait5","FASTmrMLM","NsiI.TP264637","4","67348707","-3.2367e-05","0.0071","A"
"4","Trait5","FASTmrMLM","PstI.TP221080","4","67361456","-3.5313e-05","0.0078","C"
"4","Trait5","FASTmrMLM","PstI.TP1262851","4","67370507","-3.7518e-06","8e-04","A"
"4","Trait5","FASTmrMLM","PstI.TP668636","4","67371462","-8.4808e-06","0.0018","A"
"4","Trait5","FASTmrMLM","NsiI.TP211144","4","67377179","-1.4557e-05","0.0032","C"
"4","Trait5","FASTmrMLM","PstI.TP122077","4","67379354","-0.0702","0.3958","A"
"4","Trait5","FASTmrMLM","PstI.TP840281","4","67386976","-0.296","2.3163","A"
"4","Trait5","FASTmrMLM","PstI.TP1206557","4","67408124","-2.7907e-06","6e-04","C"
"4","Trait5","FASTmrMLM","PstI.TP719661","4","67408751","1.1407e-05","0.0025","A"
"4","Trait5","FASTmrMLM","PstI.TP637499","4","67417904","-2.078e-05","0.0045","A"
"4","Trait5","FASTmrMLM","NsiI.TP166237","4","67423385","0.0502","0.3905","C"
"4","Trait5","FASTmrMLM","PstI.TP1142987","4","67430948","4.9917e-05","0.011","A"
"4","Trait5","FASTmrMLM","PstI.TP1071033","4","67432928","0.1004","1.2146","A"
"4","Trait5","FASTmrMLM","NsiI.TP438910","4","67451505","-0.1897","2.7023","C"
"4","Trait5","FASTmrMLM","PstI.TP944387","4","67452505","-2.278e-05","0.005","A"
"4","Trait5","FASTmrMLM","PstI.TP1177553","4","67453726","0.011","0.1948","C"
"4","Trait5","FASTmrMLM","PstI.TP1267480","4","67459513","6.6573e-06","0.0015","A"
"4","Trait5","FASTmrMLM","PstI.TP1172281","4","67469657","1.7998e-05","0.0039","A"
"4","Trait5","FASTmrMLM","PstI.TP853042","4","67477477","-2.0828e-05","0.0046","C"
"4","Trait5","FASTmrMLM","PstI.TP733743","4","67477528","0.1089","1.1829","A"
"4","Trait5","FASTmrMLM","NsiI.TP772878","4","67490268","1.403e-05","0.0031","A"
"4","Trait5","FASTmrMLM","NsiI.TP237392","4","67496142","0.4135","1.7794","C"
"4","Trait5","FASTmrMLM","PstI.TP766869","4","67496208","-0.0545","0.3102","A"
"4","Trait5","FASTmrMLM","PstI.TP20885","4","67506359","-0.1536","0.9108","A"
"4","Trait5","FASTmrMLM","PstI.TP320294","4","67516783","2.2477e-05","0.0049","C"
"4","Trait5","FASTmrMLM","PstI.TP1042199","4","67549280","-0.1154","0.9944","A"
"4","Trait5","FASTmrMLM","PstI.TP44157","4","67560728","-1.1362e-06","2e-04","C"
"4","Trait5","FASTmrMLM","PstI.TP1158976","4","67567545","0.0302","0.2406","A"
"4","Trait5","FASTmrMLM","PstI.TP1257813","4","67567999","-4.0366e-05","0.0089","A"
"4","Trait5","FASTmrMLM","NsiI.TP173663","4","67574698","-0.1484","1.1189","G"
"4","Trait5","FASTmrMLM","PstI.TP1094885","4","67578515","-0.047","0.3259","A"
"4","Trait5","FASTmrMLM","PstI.TP364809","4","67585082","2.1386e-05","0.0047","A"
"4","Trait5","FASTmrMLM","NsiI.TP388724","4","67612207","0.027","0.1752","C"
"4","Trait5","FASTmrMLM","NsiI.TP476667","4","67612515","-1.2448e-05","0.0027","A"
"4","Trait5","FASTmrMLM","NsiI.TP104723","4","67612532","-0.0123","0.1485","A"
"4","Trait5","FASTmrMLM","NsiI.TP467964","4","67612635","7.065e-06","0.0015","A"
"4","Trait5","FASTmrMLM","NsiI.TP508887","4","67612649","-0.0607","0.4048","G"
"4","Trait5","FASTmrMLM","PstI.TP1243155","4","67650452","-1.1792e-05","0.0026","A"
"4","Trait5","FASTmrMLM","NsiI.TP438242","4","67673031","-0.0642","0.7352","A"
"4","Trait5","FASTmrMLM","PstI.TP857720","4","67675201","6.9538e-06","0.0015","C"
"4","Trait5","FASTmrMLM","NsiI.TP251856","4","67678472","-2.8112e-05","0.0062","A"
"4","Trait5","FASTmrMLM","PstI.TP373817","4","67681409","-1.7126e-05","0.0037","C"
"4","Trait5","FASTmrMLM","PstI.TP126357","4","67684706","4.8839e-06","0.0011","A"
"4","Trait5","FASTmrMLM","PstI.TP1226629","4","67705893","-0.3832","1.4263","C"
"4","Trait5","FASTmrMLM","PstI.TP1133605","4","67715088","2.1702e-06","5e-04","C"
"4","Trait5","FASTmrMLM","NsiI.TP126890","4","67726788","0.088","0.6732","A"
"4","Trait5","FASTmrMLM","PstI.TP421182","4","67729112","-0.0463","0.3031","C"
"4","Trait5","FASTmrMLM","NsiI.TP335912","4","67755385","-4.2877e-05","0.0094","A"
"4","Trait5","FASTmrMLM","PstI.TP875361","4","67756864","-7.8664e-06","0.0017","A"
"4","Trait5","FASTmrMLM","PstI.TP940228","4","67759601","0.0681","0.4551","C"
"4","Trait5","FASTmrMLM","PstI.TP1051412","4","67767731","0.2159","1.2272","A"
"4","Trait5","FASTmrMLM","PstI.TP510836","4","67776005","-5.154e-06","0.0011","C"
"4","Trait5","FASTmrMLM","PstI.TP748623","4","67777205","-0.0152","0.2472","A"
"4","Trait5","FASTmrMLM","PstI.TP749866","4","67777206","6.2751e-06","0.0014","C"
"4","Trait5","FASTmrMLM","PstI.TP335325","4","67812875","0.034","0.1932","A"
"4","Trait5","FASTmrMLM","PstI.TP21610","4","67814140","-1.9851e-06","4e-04","A"
"4","Trait5","FASTmrMLM","NsiI.TP713906","4","67817580","9.7241e-06","0.0021","C"
"4","Trait5","FASTmrMLM","NsiI.TP635586","4","67823561","-0.0077","0.1568","G"
"4","Trait5","FASTmrMLM","PstI.TP613483","4","67835675","1.2588e-05","0.0027","A"
"4","Trait5","FASTmrMLM","PstI.TP753660","4","67859176","1.7284e-05","0.0038","A"
"4","Trait5","FASTmrMLM","PstI.TP820496","4","67866589","2.2094e-05","0.0048","C"
"4","Trait5","FASTmrMLM","NsiI.TP826938","4","67882990","-0.0584","0.5657","A"
"4","Trait5","FASTmrMLM","NsiI.TP578258","4","67918600","4.7964e-06","0.001","A"
"4","Trait5","FASTmrMLM","PstI.TP1190905","4","67932031","2e-04","0.0112","C"
"4","Trait5","FASTmrMLM","NsiI.TP346008","4","67938088","0.1588","1.1807","A"
"4","Trait5","FASTmrMLM","PstI.TP1209906","4","67965163","-1.56e-06","3e-04","A"
"4","Trait5","FASTmrMLM","PstI.TP820953","4","67965784","1.8515e-05","0.004","A"
"4","Trait5","FASTmrMLM","NsiI.TP816685","4","67966873","3.7861e-06","8e-04","C"
"4","Trait5","FASTmrMLM","NsiI.TP402670","4","67966956","-0.0244","0.1929","C"
"4","Trait5","FASTmrMLM","PstI.TP272042","4","68007097","8.2612e-06","0.0018","G"
"4","Trait5","FASTmrMLM","PstI.TP930933","4","68012745","0.1543","1.0511","A"
"4","Trait5","FASTmrMLM","NsiI.TP66558","4","68022364","0.0852","1.0593","A"
"4","Trait5","FASTmrMLM","NsiI.TP515167","4","68022596","-3.5562e-06","8e-04","C"
"4","Trait5","FASTmrMLM","PstI.TP1118321","4","68025903","-9.1552e-06","0.002","A"
"4","Trait5","FASTmrMLM","PstI.TP1223191","4","68054674","1.7887e-05","0.0039","A"
"4","Trait5","FASTmrMLM","PstI.TP148033","4","68054990","2.5167e-06","5e-04","A"
"4","Trait5","FASTmrMLM","PstI.TP131306","4","68055459","1.9164e-05","0.0042","A"
"4","Trait5","FASTmrMLM","NsiI.TP521197","4","68070774","-3.1691e-05","0.007","A"
"4","Trait5","FASTmrMLM","NsiI.TP497386","4","68085981","-1.6362e-05","0.0036","C"
"4","Trait5","FASTmrMLM","NsiI.TP442524","4","68087077","1.8454e-05","0.004","A"
"4","Trait5","FASTmrMLM","NsiI.TP76080","4","68102679","2.7053e-06","6e-04","C"
"4","Trait5","FASTmrMLM","NsiI.TP724799","4","68146066","1.1609e-05","0.0025","C"
"4","Trait5","FASTmrMLM","PstI.TP1253306","4","68169687","2.9181e-05","0.0064","A"
"4","Trait5","FASTmrMLM","NsiI.TP38420","4","68173226","2.328e-05","0.0051","C"
"4","Trait5","FASTmrMLM","PstI.TP144683","4","68197743","-0.2118","1.6894","C"
"4","Trait5","FASTmrMLM","PstI.TP938367","4","68199598","4.5826e-06","0.001","A"
"4","Trait5","FASTmrMLM","PstI.TP788878","4","68208164","2.0401e-05","0.0045","C"
"4","Trait5","FASTmrMLM","GFSSContig16380_877","4","68208350","0.0173","0.1792","T"
"4","Trait5","FASTmrMLM","PstI.TP344513","4","68212618","2.7248e-05","0.006","C"
"4","Trait5","FASTmrMLM","PstI.TP917245","4","68214314","1.5175e-05","0.0033","A"
"4","Trait5","FASTmrMLM","PstI.TP917299","4","68214345","3.0235e-06","7e-04","A"
"4","Trait5","FASTmrMLM","NsiI.TP165703","4","68238160","4.3714e-05","0.0096","C"
"4","Trait5","FASTmrMLM","NsiI.TP717243","4","68249333","-3.0642e-05","0.0067","C"
"4","Trait5","FASTmrMLM","NsiI.TP616572","4","68250027","-4.0411e-05","0.0089","A"
"4","Trait5","FASTmrMLM","PstI.TP789428","4","68272076","-0.0645","0.6958","A"
"4","Trait5","FASTmrMLM","NsiI.TP482469","4","68283147","-2.6199e-05","0.0057","A"
"4","Trait5","FASTmrMLM","NsiI.TP485472","4","68283223","1.0856e-05","0.0024","A"
"4","Trait5","FASTmrMLM","PstI.TP118170","4","68304229","-0.0417","0.4431","A"
"4","Trait5","FASTmrMLM","PstI.TP743824","4","68341653","0.043","0.2831","A"
"4","Trait5","FASTmrMLM","NsiI.TP743302","4","68354909","-0.0154","0.1937","A"
"4","Trait5","FASTmrMLM","NsiI.TP800782","4","68355002","1.6996e-06","4e-04","A"
"4","Trait5","FASTmrMLM","NsiI.TP216149","4","68365730","1.7314e-05","0.0038","C"
"4","Trait5","FASTmrMLM","PstI.TP1033169","4","68372412","-0.1244","0.4815","A"
"4","Trait5","FASTmrMLM","PstI.TP551013","4","68380690","2.28e-05","0.005","A"
"4","Trait5","FASTmrMLM","NsiI.TP795757","4","68397931","-0.0652","0.2418","G"
"4","Trait5","FASTmrMLM","NsiI.TP415662","4","68398657","0.0149","0.1941","C"
"4","Trait5","FASTmrMLM","PstI.TP1022236","4","68398724","-5.5101e-06","0.0012","A"
"4","Trait5","FASTmrMLM","NsiI.TP779718","4","68422236","-0.0207","0.2137","A"
"4","Trait5","FASTmrMLM","PstI.TP591523","4","68425352","-0.1224","1.1397","C"
"4","Trait5","FASTmrMLM","NsiI.TP315876","4","68429980","1.9104e-05","0.0042","A"
"4","Trait5","FASTmrMLM","PstI.TP107665","4","68430765","1.732e-06","4e-04","G"
"4","Trait5","FASTmrMLM","PstI.TP812148","4","68432061","-0.1016","0.6827","A"
"4","Trait5","FASTmrMLM","NsiI.TP818996","4","68434250","0.0416","0.2292","C"
"4","Trait5","FASTmrMLM","PstI.TP911698","4","68458607","-0.1423","0.9456","C"
"4","Trait5","FASTmrMLM","PstI.TP933689","4","68479830","-0.0298","0.2477","C"
"4","Trait5","FASTmrMLM","PstI.TP358871","4","68481066","-3.8238e-06","8e-04","A"
"4","Trait5","FASTmrMLM","PstI.TP1175433","4","68487120","-1.2138e-05","0.0026","G"
"4","Trait5","FASTmrMLM","PstI.TP1014704","4","68495682","-1.8934e-05","0.0041","C"
"4","Trait5","FASTmrMLM","PstI.TP898020","4","68518674","1.5032e-05","0.0033","G"
"4","Trait5","FASTmrMLM","NsiI.TP738063","4","68529775","-3.4685e-05","0.0076","A"
"4","Trait5","FASTmrMLM","PstI.TP1060456","4","68541141","-2.1623e-05","0.0047","C"
"4","Trait5","FASTmrMLM","PstI.TP56482","4","68544225","2.5655e-06","6e-04","A"
"4","Trait5","FASTmrMLM","NsiI.TP259300","4","68562524","-1.3029e-05","0.0028","A"
"4","Trait5","FASTmrMLM","PstI.TP1024663","4","68567854","5.6318e-06","0.0012","C"
"4","Trait5","FASTmrMLM","PstI.TP1269599","4","68592536","6.7054e-06","0.0015","A"
"4","Trait5","FASTmrMLM","NsiI.TP371727","4","68628261","1.3937e-05","0.003","A"
"4","Trait5","FASTmrMLM","PstI.TP209776","4","68630234","5.6075e-06","0.0012","C"
"4","Trait5","FASTmrMLM","NsiI.TP189044","5","34971","-0.1909","0.9076","A"
"4","Trait5","FASTmrMLM","PstI.TP1271472","5","48316","1.3339e-05","0.0029","C"
"4","Trait5","FASTmrMLM","NsiI.TP33138","5","57403","0.0882","0.7218","A"
"4","Trait5","FASTmrMLM","PstI.TP877515","5","101877","5.4184e-06","0.0012","A"
"4","Trait5","FASTmrMLM","PstI.TP1281889","5","137021","-0.0033","0.1043","C"
"4","Trait5","FASTmrMLM","PstI.TP1281974","5","137021","-0.1152","1.5179","C"
"4","Trait5","FASTmrMLM","PstI.TP1177814","5","153512","-4.3618e-06","0.001","A"
"4","Trait5","FASTmrMLM","NsiI.TP699693","5","166878","-2.1168e-06","5e-04","A"
"4","Trait5","FASTmrMLM","PstI.TP747686","5","191126","2.115e-05","0.0046","C"
"4","Trait5","FASTmrMLM","NsiI.TP655195","5","220029","-1.5029e-05","0.0033","A"
"4","Trait5","FASTmrMLM","NsiI.TP466667","5","240475","0.0587","0.3359","A"
"4","Trait5","FASTmrMLM","NsiI.TP620586","5","250820","3.5927e-06","8e-04","G"
"4","Trait5","FASTmrMLM","PstI.TP1007196","5","250889","-1.7399e-05","0.0038","A"
"4","Trait5","FASTmrMLM","PstI.TP1007241","5","250902","9.2138e-06","0.002","C"
"4","Trait5","FASTmrMLM","NsiI.TP86935","5","278009","0.1126","0.5705","A"
"4","Trait5","FASTmrMLM","PstI.TP114214","5","334098","2.2351e-06","5e-04","C"
"4","Trait5","FASTmrMLM","PstI.TP19665","5","349977","0.0559","0.2868","A"
"4","Trait5","FASTmrMLM","PstI.TP1000033","5","372561","-1.2938e-05","0.0028","C"
"4","Trait5","FASTmrMLM","PstI.TP119386","5","372761","-0.0982","0.5287","A"
"4","Trait5","FASTmrMLM","NsiI.TP431027","5","422171","6.5239e-06","0.0014","A"
"4","Trait5","FASTmrMLM","PstI.TP222177","5","426909","-0.116","0.8062","A"
"4","Trait5","FASTmrMLM","PstI.TP741307","5","430550","-0.0338","0.2557","C"
"4","Trait5","FASTmrMLM","NsiI.TP463004","5","447657","3.1734e-06","7e-04","A"
"4","Trait5","FASTmrMLM","PstI.TP859797","5","579449","-1e-04","0.0108","C"
"4","Trait5","FASTmrMLM","PstI.TP123668","5","633788","3.3746e-05","0.0074","C"
"4","Trait5","FASTmrMLM","PstI.TP773764","5","636301","1.4236e-05","0.0031","G"
"4","Trait5","FASTmrMLM","PstI.TP335062","5","638703","-6.5189e-07","1e-04","A"
"4","Trait5","FASTmrMLM","PstI.TP1208174","5","650322","-9.4799e-06","0.0021","C"
"4","Trait5","FASTmrMLM","PstI.TP106614","5","654315","-0.0189","0.28","A"
"4","Trait5","FASTmrMLM","PstI.TP639375","5","655773","-1.6372e-05","0.0036","A"
"4","Trait5","FASTmrMLM","NsiI.TP813164","5","748176","0.0165","0.2109","C"
"4","Trait5","FASTmrMLM","PstI.TP63816","5","748461","5.5662e-07","1e-04","A"
"4","Trait5","FASTmrMLM","NsiI.TP828942","5","782336","-3.6056e-06","8e-04","C"
"4","Trait5","FASTmrMLM","PstI.TP1129060","5","878667","-0.0404","0.2246","A"
"4","Trait5","FASTmrMLM","NsiI.TP642086","5","931901","-0.0287","0.4067","A"
"4","Trait5","FASTmrMLM","PstI.TP183980","5","1005140","-4.7004e-05","0.0104","G"
"4","Trait5","FASTmrMLM","NsiI.TP501039","5","1019910","0.1005","0.3774","C"
"4","Trait5","FASTmrMLM","PstI.TP377550","5","1024161","2.443e-05","0.0053","A"
"4","Trait5","FASTmrMLM","NsiI.TP678744","5","1030092","-1.4639e-05","0.0032","A"
"4","Trait5","FASTmrMLM","NsiI.TP443673","5","1122933","3.7549e-06","8e-04","C"
"4","Trait5","FASTmrMLM","PstI.TP1105900","5","1125720","-6.0064e-06","0.0013","A"
"4","Trait5","FASTmrMLM","NsiI.TP115761","5","1127186","-4.647e-06","0.001","C"
"4","Trait5","FASTmrMLM","PstI.TP1215192","5","1159864","-0.0843","0.3716","C"
"4","Trait5","FASTmrMLM","PstI.TP86277","5","1169525","0.0994","0.6893","C"
"4","Trait5","FASTmrMLM","PstI.TP912569","5","1225681","-5.0017e-06","0.0011","A"
"4","Trait5","FASTmrMLM","PstI.TP1039563","5","1229267","0.1696","0.8741","A"
"4","Trait5","FASTmrMLM","NsiI.TP115929","5","1251543","-0.0513","0.4153","C"
"4","Trait5","FASTmrMLM","PstI.TP569914","5","1262747","5.5883e-06","0.0012","C"
"4","Trait5","FASTmrMLM","PstI.TP118458","5","1314515","0.1811","1.0069","G"
"4","Trait5","FASTmrMLM","PstI.TP957152","5","1316094","-1.4486e-05","0.0032","A"
"4","Trait5","FASTmrMLM","PstI.TP799542","5","1321222","0.1073","0.9103","A"
"4","Trait5","FASTmrMLM","PstI.TP457541","5","1349853","1.5227e-05","0.0033","C"
"4","Trait5","FASTmrMLM","PstI.TP706285","5","1400466","-2.4391e-05","0.0053","C"
"4","Trait5","FASTmrMLM","NsiI.TP208555","5","1400561","1.2238e-05","0.0027","C"
"4","Trait5","FASTmrMLM","PstI.TP581911","5","1401801","-3.6025e-07","7.8404e-05","A"
"4","Trait5","FASTmrMLM","NsiI.TP573042","5","1401861","0.0576","0.2989","C"
"4","Trait5","FASTmrMLM","PstI.TP990614","5","1419463","-5.0162e-06","0.0011","C"
"4","Trait5","FASTmrMLM","PstI.TP1120850","5","1476861","-1.6885e-05","0.0037","A"
"4","Trait5","FASTmrMLM","NsiI.TP539246","5","1479103","1.4738e-05","0.0032","A"
"4","Trait5","FASTmrMLM","NsiI.TP85637","5","1479114","8.5292e-05","0.01","A"
"4","Trait5","FASTmrMLM","PstI.TP159365","5","1487968","2.1508e-06","5e-04","C"
"4","Trait5","FASTmrMLM","PstI.TP496795","5","1513135","8.445e-06","0.0018","C"
"4","Trait5","FASTmrMLM","PstI.TP496793","5","1513166","-2.3102e-06","5e-04","C"
"4","Trait5","FASTmrMLM","PstI.TP1245708","5","1545967","-1.5298e-05","0.0033","C"
"4","Trait5","FASTmrMLM","PstI.TP1186531","5","1575450","1.2021e-05","0.0026","C"
"4","Trait5","FASTmrMLM","NsiI.TP225231","5","1576837","-0.1251","0.7387","G"
"4","Trait5","FASTmrMLM","PstI.TP129347","5","1582143","-1.0552e-05","0.0023","A"
"4","Trait5","FASTmrMLM","PstI.TP240799","5","1609097","1.8079e-05","0.004","A"
"4","Trait5","FASTmrMLM","PstI.TP746826","5","1609271","0.155","0.7077","C"
"4","Trait5","FASTmrMLM","PstI.TP572510","5","1619655","-0.0491","0.6184","A"
"4","Trait5","FASTmrMLM","NsiI.TP328498","5","1641741","1.5203e-05","0.0033","C"
"4","Trait5","FASTmrMLM","NsiI.TP337706","5","1641803","-2.4308e-05","0.0053","C"
"4","Trait5","FASTmrMLM","PstI.TP70890","5","1642047","-1.4101e-05","0.0031","C"
"4","Trait5","FASTmrMLM","NsiI.TP303297","5","1649566","-2.1066e-05","0.0046","A"
"4","Trait5","FASTmrMLM","PstI.TP505573","5","1676272","-8.4335e-06","0.0018","C"
"4","Trait5","FASTmrMLM","NsiI.TP138322","5","1726879","1.9166e-05","0.0042","G"
"4","Trait5","FASTmrMLM","NsiI.TP138641","5","1726880","2e-04","0.013","A"
"4","Trait5","FASTmrMLM","NsiI.TP110686","5","1726885","-5.072e-06","0.0011","C"
"4","Trait5","FASTmrMLM","PstI.TP1024558","5","1729067","2.4884e-06","5e-04","A"
"4","Trait5","FASTmrMLM","PstI.TP285166","5","1732994","-2.3544e-05","0.0052","C"
"4","Trait5","FASTmrMLM","NsiI.TP271317","5","1744857","-2.5355e-05","0.0056","G"
"4","Trait5","FASTmrMLM","PstI.TP1163866","5","1762545","8.7154e-06","0.0019","A"
"4","Trait5","FASTmrMLM","NsiI.TP493777","5","1825844","-1.8016e-05","0.0039","A"
"4","Trait5","FASTmrMLM","PstI.TP28136","5","1839902","-2e-04","0.0141","A"
"4","Trait5","FASTmrMLM","NsiI.TP8637","5","1876766","-0.108","0.6552","A"
"4","Trait5","FASTmrMLM","GFSSContig12774_2120","5","1894188","-0.0045","0.066","A"
"4","Trait5","FASTmrMLM","PstI.TP1060586","5","1906260","-1.1852e-05","0.0026","A"
"4","Trait5","FASTmrMLM","PstI.TP851503","5","1907162","-1.0307e-05","0.0022","A"
"4","Trait5","FASTmrMLM","GFSSContig19830_1349","5","1918096","4.3267e-05","0.0066","A"
"4","Trait5","FASTmrMLM","PstI.TP729378","5","1918244","0.0061","0.134","C"
"4","Trait5","FASTmrMLM","PstI.TP118594","5","1927814","5.9754e-05","0.0085","A"
"4","Trait5","FASTmrMLM","PstI.TP9129","5","1938138","-2.5057e-06","5e-04","A"
"4","Trait5","FASTmrMLM","NsiI.TP361648","5","1940829","-8.4631e-06","0.0018","C"
"4","Trait5","FASTmrMLM","PstI.TP222086","5","1973055","-0.02","0.2622","A"
"4","Trait5","FASTmrMLM","NsiI.TP669564","5","1976446","-0.2365","0.9845","A"
"4","Trait5","FASTmrMLM","NsiI.TP669673","5","1976459","7.3388e-06","0.0016","A"
"4","Trait5","FASTmrMLM","PstI.TP1248423","5","1988487","0.0223","0.262","C"
"4","Trait5","FASTmrMLM","PstI.TP754277","5","1988689","-5.8654e-06","0.0013","A"
"4","Trait5","FASTmrMLM","NsiI.TP199620","5","2004904","6.6026e-08","1.4368e-05","C"
"4","Trait5","FASTmrMLM","NsiI.TP19841","5","2023636","0.1486","0.4668","C"
"4","Trait5","FASTmrMLM","PstI.TP1241335","5","2029179","3.1909e-07","6.9451e-05","C"
"4","Trait5","FASTmrMLM","PstI.TP108340","5","2034366","5.6392e-06","0.0012","A"
"4","Trait5","FASTmrMLM","PstI.TP979536","5","2060722","-0.1001","0.5678","A"
"4","Trait5","FASTmrMLM","NsiI.TP516857","5","2120536","-0.0574","0.4899","A"
"4","Trait5","FASTmrMLM","NsiI.TP318830","5","2140051","1.4262e-05","0.0031","A"
"4","Trait5","FASTmrMLM","PstI.TP687256","5","2145144","-9.8187e-06","0.0021","A"
"4","Trait5","FASTmrMLM","PstI.TP349864","5","2155348","-0.0669","0.2856","A"
"4","Trait5","FASTmrMLM","NsiI.TP487663","5","2156288","1.1231e-05","0.0025","A"
"4","Trait5","FASTmrMLM","NsiI.TP438841","5","2162309","-0.0211","0.2472","C"
"4","Trait5","FASTmrMLM","NsiI.TP243637","5","2162335","-0.4548","1.6506","C"
"4","Trait5","FASTmrMLM","PstI.TP1093878","5","2162510","5.4199e-06","0.0012","C"
"4","Trait5","FASTmrMLM","NsiI.TP153449","5","2182877","7.5576e-06","0.0016","A"
"4","Trait5","FASTmrMLM","NsiI.TP195030","5","2196961","2.1809e-06","5e-04","A"
"4","Trait5","FASTmrMLM","PstI.TP386900","5","2219345","6.291e-06","0.0014","C"
"4","Trait5","FASTmrMLM","PstI.TP386901","5","2219357","-4.4521e-06","0.001","A"
"4","Trait5","FASTmrMLM","NsiI.TP124926","5","2242133","0.0048","0.1208","C"
"4","Trait5","FASTmrMLM","PstI.TP1135154","5","2249476","-0.0489","0.4637","C"
"4","Trait5","FASTmrMLM","PstI.TP450309","5","2299918","-0.0417","0.4751","A"
"4","Trait5","FASTmrMLM","PstI.TP1181476","5","2299991","-0.1468","1.4703","A"
"4","Trait5","FASTmrMLM","NsiI.TP766019","5","2301214","-9.0066e-06","0.002","G"
"4","Trait5","FASTmrMLM","PstI.TP10501","5","2382399","-3.035e-05","0.0067","C"
"4","Trait5","FASTmrMLM","PstI.TP937259","5","2439852","-1.2206e-05","0.0027","A"
"4","Trait5","FASTmrMLM","NsiI.TP169154","5","2479134","1.7699e-05","0.0039","G"
"4","Trait5","FASTmrMLM","NsiI.TP618712","5","2604562","-2.2916e-05","0.005","A"
"4","Trait5","FASTmrMLM","PstI.TP605565","5","2619193","0.1212","0.6682","C"
"4","Trait5","FASTmrMLM","PstI.TP445802","5","2626506","-6.1322e-06","0.0013","G"
"4","Trait5","FASTmrMLM","NsiI.TP494540","5","2626519","-2.1769e-05","0.0048","A"
"4","Trait5","FASTmrMLM","NsiI.TP479986","5","2631528","1.5973e-05","0.0035","C"
"4","Trait5","FASTmrMLM","PstI.TP39347","5","2639610","-1.1969e-05","0.0026","A"
"4","Trait5","FASTmrMLM","NsiI.TP494600","5","2639770","8.9641e-06","0.002","A"
"4","Trait5","FASTmrMLM","NsiI.TP494601","5","2639782","-2.0778e-05","0.0045","G"
"4","Trait5","FASTmrMLM","PstI.TP714651","5","2641756","-0.0493","0.4627","C"
"4","Trait5","FASTmrMLM","NsiI.TP820145","5","2648201","0.2044","2.0833","C"
"4","Trait5","FASTmrMLM","NsiI.TP176095","5","2684969","2.2685e-05","0.005","C"
"4","Trait5","FASTmrMLM","PstI.TP751361","5","2689053","-9.9006e-06","0.0022","A"
"4","Trait5","FASTmrMLM","PstI.TP680646","5","2703309","-6.268e-06","0.0014","C"
"4","Trait5","FASTmrMLM","PstI.TP1256617","5","2741599","-2.6144e-05","0.0057","A"
"4","Trait5","FASTmrMLM","NsiI.TP16868","5","2746218","9.3384e-06","0.002","A"
"4","Trait5","FASTmrMLM","NsiI.TP403206","5","2753956","-0.2062","0.9969","A"
"4","Trait5","FASTmrMLM","PstI.TP33747","5","2770988","-1.365e-05","0.003","A"
"4","Trait5","FASTmrMLM","PstI.TP313195","5","2774798","-3e-04","0.0163","C"
"4","Trait5","FASTmrMLM","PstI.TP1178902","5","2776062","-0.2462","1.0392","C"
"4","Trait5","FASTmrMLM","NsiI.TP282232","5","2776833","3.8341e-06","8e-04","A"
"4","Trait5","FASTmrMLM","PstI.TP412468","5","2785213","6.6065e-06","0.0014","C"
"4","Trait5","FASTmrMLM","PstI.TP863745","5","2785635","-0.0513","0.4272","G"
"4","Trait5","FASTmrMLM","PstI.TP929794","5","2785978","2.8289e-06","6e-04","C"
"4","Trait5","FASTmrMLM","PstI.TP1002681","5","2792124","-0.136","1.0075","A"
"4","Trait5","FASTmrMLM","NsiI.TP306924","5","2844053","-2.4517e-05","0.0054","C"
"4","Trait5","FASTmrMLM","NsiI.TP306926","5","2844091","-2.4445e-07","5.3199e-05","A"
"4","Trait5","FASTmrMLM","PstI.TP324754","5","2879002","0.0083","0.1528","C"
"4","Trait5","FASTmrMLM","PstI.TP187122","5","2879937","0.1233","0.683","A"
"4","Trait5","FASTmrMLM","PstI.TP800184","5","2883814","-0.1001","0.3735","C"
"4","Trait5","FASTmrMLM","PstI.TP523847","5","2883860","-2.4587e-05","0.0054","A"
"4","Trait5","FASTmrMLM","NsiI.TP561542","5","2897010","-1.7357e-05","0.0038","C"
"4","Trait5","FASTmrMLM","NsiI.TP549012","5","2898184","-0.0135","0.1682","A"
"4","Trait5","FASTmrMLM","PstI.TP912731","5","2928036","0.0264","0.2489","A"
"4","Trait5","FASTmrMLM","PstI.TP786781","5","2964099","-1e-04","0.0101","A"
"4","Trait5","FASTmrMLM","PstI.TP144070","5","2971536","-5.3692e-05","0.0061","A"
"4","Trait5","FASTmrMLM","PstI.TP795525","5","3041076","-2.6272e-06","6e-04","C"
"4","Trait5","FASTmrMLM","PstI.TP477831","5","3086131","2.0787e-06","5e-04","C"
"4","Trait5","FASTmrMLM","PstI.TP832581","5","3120567","1.6589e-05","0.0036","C"
"4","Trait5","FASTmrMLM","PstI.TP639947","5","3135429","1.7186e-06","4e-04","C"
"4","Trait5","FASTmrMLM","PstI.TP639945","5","3135436","0.0723","0.4504","G"
"4","Trait5","FASTmrMLM","PstI.TP478987","5","3153914","-0.0574","0.4048","A"
"4","Trait5","FASTmrMLM","PstI.TP1263815","5","3266215","6.3635e-06","0.0014","C"
"4","Trait5","FASTmrMLM","PstI.TP719448","5","3266252","2.0102e-05","0.0044","A"
"4","Trait5","FASTmrMLM","PstI.TP719377","5","3266267","0.0142","0.1548","C"
"4","Trait5","FASTmrMLM","NsiI.TP339003","5","3276964","3.1454e-05","0.0069","A"
"4","Trait5","FASTmrMLM","PstI.TP140685","5","3279128","-8.524e-06","0.0019","A"
"4","Trait5","FASTmrMLM","PstI.TP788525","5","3305798","-0.0214","0.1763","A"
"4","Trait5","FASTmrMLM","NsiI.TP262322","5","3317209","3.1296e-06","7e-04","C"
"4","Trait5","FASTmrMLM","PstI.TP1110118","5","3321439","0.1515","0.9282","A"
"4","Trait5","FASTmrMLM","NsiI.TP775231","5","3335500","7.3194e-06","0.0016","G"
"4","Trait5","FASTmrMLM","PstI.TP251988","5","3374175","-0.1099","0.8191","C"
"4","Trait5","FASTmrMLM","NsiI.TP75744","5","3422968","1.5371e-05","0.0034","A"
"4","Trait5","FASTmrMLM","PstI.TP292268","5","3450082","0.0842","0.5079","A"
"4","Trait5","FASTmrMLM","PstI.TP433162","5","3452552","1.6731e-06","4e-04","G"
"4","Trait5","FASTmrMLM","PstI.TP1093542","5","3453093","2.9399e-06","6e-04","A"
"4","Trait5","FASTmrMLM","PstI.TP897370","5","3460663","-0.0525","0.3637","G"
"4","Trait5","FASTmrMLM","PstI.TP877249","5","3460680","0.1395","1.1058","A"
"4","Trait5","FASTmrMLM","PstI.TP69759","5","3473479","2.303e-05","0.005","A"
"4","Trait5","FASTmrMLM","NsiI.TP732838","5","3498002","2.3786e-05","0.0052","A"
"4","Trait5","FASTmrMLM","PstI.TP97245","5","3516531","-0.017","0.2647","C"
"4","Trait5","FASTmrMLM","NsiI.TP800919","5","3517153","-0.1079","0.7194","A"
"4","Trait5","FASTmrMLM","NsiI.TP38182","5","3527953","7.2179e-06","0.0016","A"
"4","Trait5","FASTmrMLM","NsiI.TP48850","5","3566666","1.7037e-05","0.0037","C"
"4","Trait5","FASTmrMLM","PstI.TP741054","5","3590095","0.0965","0.6057","C"
"4","Trait5","FASTmrMLM","PstI.TP1224807","5","3620091","-4.359e-06","9e-04","A"
"4","Trait5","FASTmrMLM","NsiI.TP245128","5","3645750","-1.2326e-05","0.0027","A"
"4","Trait5","FASTmrMLM","PstI.TP990362","5","3683281","-2.5349e-05","0.0056","C"
"4","Trait5","FASTmrMLM","PstI.TP140068","5","3687747","-0.0697","0.8987","A"
"4","Trait5","FASTmrMLM","PstI.TP972256","5","3704345","-2.0951e-05","0.0046","C"
"4","Trait5","FASTmrMLM","PstI.TP1275205","5","3704999","-7.3001e-06","0.0016","A"
"4","Trait5","FASTmrMLM","PstI.TP338854","5","3716969","0.0965","1.0419","C"
"4","Trait5","FASTmrMLM","NsiI.TP362324","5","3795833","3.3355e-05","0.0073","A"
"4","Trait5","FASTmrMLM","PstI.TP116947","5","3824723","-0.0566","0.2858","A"
"4","Trait5","FASTmrMLM","PstI.TP72814","5","3830199","0.0641","0.4222","A"
"4","Trait5","FASTmrMLM","NsiI.TP521884","5","3858576","1.3012e-05","0.0028","G"
"4","Trait5","FASTmrMLM","NsiI.TP471892","5","3881744","0.0142","0.1549","A"
"4","Trait5","FASTmrMLM","PstI.TP194747","5","3889552","-0.0446","0.2933","C"
"4","Trait5","FASTmrMLM","NsiI.TP439545","5","3890021","-0.0435","0.2668","C"
"4","Trait5","FASTmrMLM","PstI.TP1236128","5","3894203","0.0402","0.2569","C"
"4","Trait5","FASTmrMLM","NsiI.TP440832","5","3928642","0.0334","0.2573","C"
"4","Trait5","FASTmrMLM","PstI.TP56862","5","3992184","4.5492e-06","0.001","A"
"4","Trait5","FASTmrMLM","PstI.TP735313","5","4023386","0.0852","0.6195","C"
"4","Trait5","FASTmrMLM","PstI.TP408712","5","4024144","-0.0247","0.2861","G"
"4","Trait5","FASTmrMLM","NsiI.TP418436","5","4095705","-3.6078e-06","8e-04","A"
"4","Trait5","FASTmrMLM","PstI.TP214151","5","4095852","-3.2902e-06","7e-04","A"
"4","Trait5","FASTmrMLM","NsiI.TP427581","5","4171782","-0.1031","0.5786","C"
"4","Trait5","FASTmrMLM","PstI.TP414184","5","4258207","0.0729","0.2598","A"
"4","Trait5","FASTmrMLM","PstI.TP1060691","5","4274706","-1.0296e-06","2e-04","A"
"4","Trait5","FASTmrMLM","NsiI.TP439626","5","4276162","2.4242e-05","0.0053","C"
"4","Trait5","FASTmrMLM","PstI.TP1080634","5","4276257","1.2868e-05","0.0028","C"
"4","Trait5","FASTmrMLM","NsiI.TP68212","5","4325930","0.0649","0.3257","A"
"4","Trait5","FASTmrMLM","NsiI.TP370896","5","4376082","3.0315e-06","7e-04","C"
"4","Trait5","FASTmrMLM","PstI.TP17778","5","4383905","5.9048e-06","0.0013","C"
"4","Trait5","FASTmrMLM","PstI.TP321392","5","4384094","1.4219e-05","0.0031","A"
"4","Trait5","FASTmrMLM","PstI.TP305018","5","4408757","1.3706e-05","0.003","G"
"4","Trait5","FASTmrMLM","NsiI.TP732267","5","4411879","2.0741e-06","5e-04","A"
"4","Trait5","FASTmrMLM","NsiI.TP107345","5","4458388","-5.5679e-08","1.2117e-05","C"
"4","Trait5","FASTmrMLM","PstI.TP987803","5","4464515","3.7389e-06","8e-04","C"
"4","Trait5","FASTmrMLM","NsiI.TP360516","5","4477314","4.3654e-06","0.001","A"
"4","Trait5","FASTmrMLM","PstI.TP59329","5","4497697","-0.0574","0.5631","C"
"4","Trait5","FASTmrMLM","NsiI.TP335598","5","4668356","0.058","0.2842","C"
"4","Trait5","FASTmrMLM","PstI.TP252618","5","4686232","-1.0555e-05","0.0023","A"
"4","Trait5","FASTmrMLM","PstI.TP694238","5","4770924","-3.0654e-05","0.0067","A"
"4","Trait5","FASTmrMLM","PstI.TP1110883","5","4919425","3.7977e-06","8e-04","A"
"4","Trait5","FASTmrMLM","NsiI.TP198900","5","4928046","-7.1593e-06","0.0016","C"
"4","Trait5","FASTmrMLM","PstI.TP126248","5","4936742","-0.0878","0.6786","A"
"4","Trait5","FASTmrMLM","PstI.TP552005","5","5249040","0.0323","0.2796","A"
"4","Trait5","FASTmrMLM","NsiI.TP149019","5","5285024","4.7522e-06","0.001","C"
"4","Trait5","FASTmrMLM","NsiI.TP22393","5","5285397","-2.2008e-05","0.0048","A"
"4","Trait5","FASTmrMLM","PstI.TP1148380","5","5292261","-2.8168e-06","6e-04","C"
"4","Trait5","FASTmrMLM","NsiI.TP42972","5","5293168","-0.2331","0.7282","C"
"4","Trait5","FASTmrMLM","NsiI.TP111645","5","5418687","-1.1335e-05","0.0025","A"
"4","Trait5","FASTmrMLM","NsiI.TP655345","5","5523775","1.5032e-05","0.0033","A"
"4","Trait5","FASTmrMLM","NsiI.TP488716","5","5554725","0.168","0.852","C"
"4","Trait5","FASTmrMLM","PstI.TP269348","5","5556404","-0.1438","1.0412","A"
"4","Trait5","FASTmrMLM","PstI.TP794464","5","5581475","-0.0186","0.1432","C"
"4","Trait5","FASTmrMLM","NsiI.TP411234","5","5584072","-0.3123","1.7328","C"
"4","Trait5","FASTmrMLM","PstI.TP1071004","5","5625232","1.7581e-05","0.0038","A"
"4","Trait5","FASTmrMLM","NsiI.TP17670","5","5655482","-1.8525e-05","0.0041","A"
"4","Trait5","FASTmrMLM","PstI.TP72251","5","5669318","8.1799e-06","0.0018","G"
"4","Trait5","FASTmrMLM","PstI.TP854372","5","5715417","0.1209","1.0483","C"
"4","Trait5","FASTmrMLM","NsiI.TP99588","5","5819451","0.0715","0.2578","G"
"4","Trait5","FASTmrMLM","PstI.TP700543","5","5913842","-0.2753","2.0783","A"
"4","Trait5","FASTmrMLM","PstI.TP666961","5","5923904","-3.0429e-05","0.0067","C"
"4","Trait5","FASTmrMLM","NsiI.TP251172","5","5927783","-1.466e-05","0.0032","A"
"4","Trait5","FASTmrMLM","PstI.TP96435","5","5986201","-1.7473e-05","0.0038","A"
"4","Trait5","FASTmrMLM","PstI.TP636283","5","6002222","-1.1355e-05","0.0025","A"
"4","Trait5","FASTmrMLM","PstI.TP431319","5","6008439","1.6667e-05","0.0036","C"
"4","Trait5","FASTmrMLM","NsiI.TP119442","5","6038931","2.339e-05","0.0051","C"
"4","Trait5","FASTmrMLM","NsiI.TP119446","5","6038936","4.0306e-05","0.0089","G"
"4","Trait5","FASTmrMLM","PstI.TP1119788","5","6060199","0.007","0.0827","C"
"4","Trait5","FASTmrMLM","PstI.TP289996","5","6060235","-0.2706","1.1813","A"
"4","Trait5","FASTmrMLM","NsiI.TP523007","5","6076518","-2.4419e-06","5e-04","C"
"4","Trait5","FASTmrMLM","NsiI.TP480192","5","6094257","-3.8014e-05","0.0084","C"
"4","Trait5","FASTmrMLM","NsiI.TP455634","5","6162519","-1.299e-05","0.0028","C"
"4","Trait5","FASTmrMLM","PstI.TP256203","5","6171099","-1.2588e-05","0.0027","A"
"4","Trait5","FASTmrMLM","NsiI.TP413842","5","6397494","0.0764","0.6652","A"
"4","Trait5","FASTmrMLM","NsiI.TP608766","5","6496104","1.0991e-05","0.0024","A"
"4","Trait5","FASTmrMLM","PstI.TP157962","5","6518356","-4.7633e-06","0.001","A"
"4","Trait5","FASTmrMLM","NsiI.TP411115","5","6582632","4.6935e-06","0.001","C"
"4","Trait5","FASTmrMLM","NsiI.TP504478","5","6610387","-1.5635e-05","0.0034","A"
"4","Trait5","FASTmrMLM","NsiI.TP172553","5","6678430","-6.2888e-06","0.0014","A"
"4","Trait5","FASTmrMLM","PstI.TP441462","5","6715614","-0.1946","1.1986","A"
"4","Trait5","FASTmrMLM","NsiI.TP666169","5","6761208","1.0322e-05","0.0023","A"
"4","Trait5","FASTmrMLM","NsiI.TP467514","5","6773470","2.5539e-05","0.0056","A"
"4","Trait5","FASTmrMLM","NsiI.TP414851","5","6779516","-1.3752e-05","0.003","A"
"4","Trait5","FASTmrMLM","PstI.TP698749","5","6782266","-0.1032","0.7429","A"
"4","Trait5","FASTmrMLM","PstI.TP626088","5","6783019","0.1253","0.7326","C"
"4","Trait5","FASTmrMLM","NsiI.TP383990","5","6944020","-1.0586e-05","0.0023","C"
"4","Trait5","FASTmrMLM","NsiI.TP534973","5","6944254","-1.6754e-05","0.0037","C"
"4","Trait5","FASTmrMLM","PstI.TP536272","5","6990535","6.8583e-06","0.0015","C"
"4","Trait5","FASTmrMLM","NsiI.TP146025","5","7076566","-6.9517e-06","0.0015","A"
"4","Trait5","FASTmrMLM","PstI.TP245053","5","7136212","5.6774e-06","0.0012","C"
"4","Trait5","FASTmrMLM","PstI.TP267165","5","7242913","2.1925e-05","0.0048","C"
"4","Trait5","FASTmrMLM","PstI.TP1020895","5","7257842","-2.1484e-05","0.0047","A"
"4","Trait5","FASTmrMLM","PstI.TP271552","5","7352876","1.149e-05","0.0025","C"
"4","Trait5","FASTmrMLM","PstI.TP1177761","5","7376697","-9.6403e-05","0.0073","A"
"4","Trait5","FASTmrMLM","PstI.TP234256","5","7599335","7.4552e-06","0.0016","C"
"4","Trait5","FASTmrMLM","NsiI.TP117760","5","7613955","-0.0729","0.7656","C"
"4","Trait5","FASTmrMLM","NsiI.TP74196","5","7614006","-9.9503e-06","0.0022","A"
"4","Trait5","FASTmrMLM","PstI.TP275443","5","7624362","0.0703","0.4426","C"
"4","Trait5","FASTmrMLM","PstI.TP874309","5","7657496","1.748e-05","0.0038","A"
"4","Trait5","FASTmrMLM","PstI.TP886903","5","7699285","0.0301","0.2286","A"
"4","Trait5","FASTmrMLM","NsiI.TP420780","5","7699515","1.0105e-05","0.0022","C"
"4","Trait5","FASTmrMLM","PstI.TP899108","5","7770956","-5.6828e-07","1e-04","A"
"4","Trait5","FASTmrMLM","PstI.TP899098","5","7770985","6.922e-06","0.0015","A"
"4","Trait5","FASTmrMLM","NsiI.TP435687","5","7920477","1.0167e-05","0.0022","A"
"4","Trait5","FASTmrMLM","PstI.TP1062164","5","7943106","1.8004e-05","0.0039","G"
"4","Trait5","FASTmrMLM","GFSSContig15624_913","5","7944953","3.1913e-06","7e-04","T"
"4","Trait5","FASTmrMLM","PstI.TP294846","5","8062551","-4.6038e-06","0.001","A"
"4","Trait5","FASTmrMLM","PstI.TP272293","5","8068636","2.4409e-06","5e-04","A"
"4","Trait5","FASTmrMLM","NsiI.TP630949","5","8069729","1.3466e-05","0.0029","C"
"4","Trait5","FASTmrMLM","PstI.TP737250","5","8145902","-8.7875e-06","0.0019","C"
"4","Trait5","FASTmrMLM","NsiI.TP502978","5","8221871","-0.2883","1.566","C"
"4","Trait5","FASTmrMLM","PstI.TP138495","5","8332076","9.0107e-06","0.002","A"
"4","Trait5","FASTmrMLM","PstI.TP383081","5","8439486","-9.8091e-06","0.0021","C"
"4","Trait5","FASTmrMLM","PstI.TP1180096","5","8666173","-1.958e-05","0.0043","A"
"4","Trait5","FASTmrMLM","PstI.TP1193816","5","8668694","4.4783e-05","0.0099","A"
"4","Trait5","FASTmrMLM","PstI.TP229729","5","8702801","1.2167e-05","0.0027","C"
"4","Trait5","FASTmrMLM","PstI.TP880884","5","8724121","-0.023","0.1771","A"
"4","Trait5","FASTmrMLM","NsiI.TP561424","5","8833869","-6.5667e-07","1e-04","C"
"4","Trait5","FASTmrMLM","PstI.TP742879","5","8865203","-8.4209e-06","0.0018","A"
"4","Trait5","FASTmrMLM","PstI.TP1231789","5","8890329","3.9979e-06","9e-04","C"
"4","Trait5","FASTmrMLM","PstI.TP112449","5","8894727","0.0548","0.2596","A"
"4","Trait5","FASTmrMLM","NsiI.TP792799","5","8987708","0.0848","0.7187","A"
"4","Trait5","FASTmrMLM","PstI.TP509886","5","8995207","6.2505e-06","0.0014","C"
"4","Trait5","FASTmrMLM","NsiI.TP19374","5","8995620","-1.0578e-05","0.0023","C"
"4","Trait5","FASTmrMLM","NsiI.TP775329","5","9234788","-8.1357e-06","0.0018","A"
"4","Trait5","FASTmrMLM","PstI.TP192306","5","9235205","2.2615e-06","5e-04","G"
"4","Trait5","FASTmrMLM","PstI.TP385178","5","9340420","-0.0448","0.4496","A"
"4","Trait5","FASTmrMLM","NsiI.TP346723","5","9422087","-2.3536e-06","5e-04","C"
"4","Trait5","FASTmrMLM","NsiI.TP237","5","9520936","-3.3803e-05","0.0074","A"
"4","Trait5","FASTmrMLM","PstI.TP290409","5","10196072","0.2636","2.7619","C"
"4","Trait5","FASTmrMLM","PstI.TP1029819","5","10196113","-1.2018e-05","0.0026","C"
"4","Trait5","FASTmrMLM","PstI.TP748221","5","10228330","0.0626","0.7234","A"
"4","Trait5","FASTmrMLM","PstI.TP955731","5","10358624","0.03","0.2914","A"
"4","Trait5","FASTmrMLM","PstI.TP410756","5","10490332","8.9006e-06","0.0019","A"
"4","Trait5","FASTmrMLM","PstI.TP680939","5","10598206","3.1095e-05","0.0068","C"
"4","Trait5","FASTmrMLM","NsiI.TP796687","5","10645312","-1.7917e-05","0.0039","C"
"4","Trait5","FASTmrMLM","NsiI.TP795133","5","10655601","1.6863e-05","0.0037","A"
"4","Trait5","FASTmrMLM","PstI.TP1003709","5","10657204","0.036","0.2775","A"
"4","Trait5","FASTmrMLM","PstI.TP982606","5","10759453","-4.006e-06","9e-04","A"
"4","Trait5","FASTmrMLM","NsiI.TP635574","5","10846526","2.5097e-05","0.0055","C"
"4","Trait5","FASTmrMLM","NsiI.TP603192","5","10993052","-2.8209e-06","6e-04","A"
"4","Trait5","FASTmrMLM","PstI.TP1195335","5","11006945","-1.3797e-06","3e-04","A"
"4","Trait5","FASTmrMLM","PstI.TP829722","5","11155989","-1.6037e-05","0.0035","A"
"4","Trait5","FASTmrMLM","NsiI.TP33348","5","11365693","-1.8618e-07","4.0522e-05","A"
"4","Trait5","FASTmrMLM","NsiI.TP2631","5","11412411","-3.3854e-05","0.0074","A"
"4","Trait5","FASTmrMLM","NsiI.TP233710","5","11471466","-1.2762e-05","0.0028","A"
"4","Trait5","FASTmrMLM","NsiI.TP672741","5","11505960","-9.4545e-06","0.0021","C"
"4","Trait5","FASTmrMLM","PstI.TP1017110","5","11514770","-1.688e-05","0.0037","A"
"4","Trait5","FASTmrMLM","NsiI.TP307384","5","11516562","-1.6598e-05","0.0036","C"
"4","Trait5","FASTmrMLM","NsiI.TP585975","5","11530695","1.3858e-05","0.003","A"
"4","Trait5","FASTmrMLM","PstI.TP321068","5","11582646","-1.5891e-05","0.0035","C"
"4","Trait5","FASTmrMLM","PstI.TP1001738","5","11586700","-2.9665e-05","0.0065","C"
"4","Trait5","FASTmrMLM","PstI.TP698952","5","11616579","-1.0505e-05","0.0023","C"
"4","Trait5","FASTmrMLM","NsiI.TP705542","5","11798160","-1.7916e-05","0.0039","G"
"4","Trait5","FASTmrMLM","NsiI.TP136359","5","11923222","-2.5167e-06","5e-04","C"
"4","Trait5","FASTmrMLM","PstI.TP516385","5","12032688","-5.6694e-06","0.0012","A"
"4","Trait5","FASTmrMLM","NsiI.TP484005","5","12053525","6.7715e-06","0.0015","C"
"4","Trait5","FASTmrMLM","NsiI.TP613128","5","12094356","-2.754e-05","0.006","A"
"4","Trait5","FASTmrMLM","PstI.TP336954","5","12142061","-9.8535e-06","0.0021","G"
"4","Trait5","FASTmrMLM","PstI.TP886522","5","12142747","-8.6573e-06","0.0019","C"
"4","Trait5","FASTmrMLM","PstI.TP38199","5","12145311","3.3983e-05","0.0075","A"
"4","Trait5","FASTmrMLM","NsiI.TP54464","5","12196169","1.8623e-05","0.0041","C"
"4","Trait5","FASTmrMLM","PstI.TP612686","5","12297222","1.3785e-05","0.003","A"
"4","Trait5","FASTmrMLM","NsiI.TP151699","5","12373387","-8.6262e-06","0.0019","A"
"4","Trait5","FASTmrMLM","PstI.TP952139","5","12454386","-0.051","0.3057","C"
"4","Trait5","FASTmrMLM","GFSSContig12176_444","5","12496833","-2.2853e-05","0.005","T"
"4","Trait5","FASTmrMLM","PstI.TP336053","5","12614170","-2.6779e-05","0.0059","C"
"4","Trait5","FASTmrMLM","NsiI.TP55689","5","12614769","-3.1722e-05","0.007","C"
"4","Trait5","FASTmrMLM","PstI.TP469353","5","12741229","-1.3493e-05","0.0029","A"
"4","Trait5","FASTmrMLM","PstI.TP298093","5","12772922","4.0999e-06","9e-04","A"
"4","Trait5","FASTmrMLM","PstI.TP760568","5","12773371","1.7938e-06","4e-04","C"
"4","Trait5","FASTmrMLM","PstI.TP800418","5","12779891","3.5439e-05","0.0078","A"
"4","Trait5","FASTmrMLM","PstI.TP747280","5","12790396","-0.0874","0.5533","C"
"4","Trait5","FASTmrMLM","PstI.TP576497","5","12791280","-1.213e-05","0.0026","A"
"4","Trait5","FASTmrMLM","PstI.TP800413","5","12791316","2.0416e-05","0.0045","G"
"4","Trait5","FASTmrMLM","PstI.TP876085","5","12857869","9.6371e-06","0.0021","C"
"4","Trait5","FASTmrMLM","PstI.TP966301","5","13005870","-4.3851e-06","0.001","A"
"4","Trait5","FASTmrMLM","PstI.TP923354","5","13005905","0.0688","0.6124","A"
"4","Trait5","FASTmrMLM","NsiI.TP243799","5","13014314","-2.7814e-06","6e-04","C"
"4","Trait5","FASTmrMLM","PstI.TP644170","5","13189719","0.0459","0.2734","G"
"4","Trait5","FASTmrMLM","NsiI.TP484899","5","13192407","2.7686e-05","0.0061","A"
"4","Trait5","FASTmrMLM","PstI.TP306460","5","13194806","1.2847e-05","0.0028","A"
"4","Trait5","FASTmrMLM","NsiI.TP695575","5","13207424","1.9578e-05","0.0043","A"
"4","Trait5","FASTmrMLM","PstI.TP1064686","5","13320382","1.1558e-05","0.0025","A"
"4","Trait5","FASTmrMLM","NsiI.TP766990","5","13327390","5.1628e-06","0.0011","A"
"4","Trait5","FASTmrMLM","PstI.TP482453","5","13381050","-1.6288e-05","0.0036","A"
"4","Trait5","FASTmrMLM","NsiI.TP762729","5","13386033","2.204e-05","0.0048","G"
"4","Trait5","FASTmrMLM","NsiI.TP624549","5","13393040","1.7027e-05","0.0037","C"
"4","Trait5","FASTmrMLM","PstI.TP1200721","5","13409840","-1.6676e-06","4e-04","A"
"4","Trait5","FASTmrMLM","NsiI.TP416420","5","13410392","0.1121","0.8491","A"
"4","Trait5","FASTmrMLM","NsiI.TP692511","5","13515562","2.1987e-06","5e-04","C"
"4","Trait5","FASTmrMLM","PstI.TP315886","5","13551211","1.9059e-05","0.0042","C"
"4","Trait5","FASTmrMLM","PstI.TP535684","5","13584812","-3.2169e-05","0.0071","C"
"4","Trait5","FASTmrMLM","PstI.TP290629","5","13602322","-5.3177e-06","0.0012","A"
"4","Trait5","FASTmrMLM","NsiI.TP148633","5","14092932","0.0778","0.6753","C"
"4","Trait5","FASTmrMLM","NsiI.TP740453","5","14277196","0.0119","0.185","A"
"4","Trait5","FASTmrMLM","PstI.TP1132676","5","14529610","2.311e-05","0.0051","A"
"4","Trait5","FASTmrMLM","NsiI.TP212828","5","14570389","-0.0326","0.2605","A"
"4","Trait5","FASTmrMLM","PstI.TP115552","5","14740973","-2.5859e-05","0.0057","A"
"4","Trait5","FASTmrMLM","PstI.TP1201217","5","14742752","-8.0586e-06","0.0018","C"
"4","Trait5","FASTmrMLM","PstI.TP843092","5","14746414","-0.3656","2.3974","A"
"4","Trait5","FASTmrMLM","PstI.TP389984","5","14746564","3.3851e-06","7e-04","G"
"4","Trait5","FASTmrMLM","PstI.TP314812","5","14746703","2.5882e-06","6e-04","A"
"4","Trait5","FASTmrMLM","PstI.TP649157","5","14889227","-8.9312e-06","0.0019","A"
"4","Trait5","FASTmrMLM","PstI.TP1086927","5","15015645","1.7122e-06","4e-04","A"
"4","Trait5","FASTmrMLM","PstI.TP980216","5","15015690","2.0341e-05","0.0044","A"
"4","Trait5","FASTmrMLM","PstI.TP174425","5","15088676","-9.862e-06","0.0022","A"
"4","Trait5","FASTmrMLM","PstI.TP1284475","5","15093792","-0.0407","0.2815","A"
"4","Trait5","FASTmrMLM","NsiI.TP30992","5","15094431","1.8385e-05","0.004","C"
"4","Trait5","FASTmrMLM","PstI.TP1274338","5","15100348","0.2136","1.0974","C"
"4","Trait5","FASTmrMLM","PstI.TP1274320","5","15100359","-2.6721e-05","0.0059","C"
"4","Trait5","FASTmrMLM","NsiI.TP587624","5","15100364","-2.3995e-06","5e-04","C"
"4","Trait5","FASTmrMLM","NsiI.TP426168","5","15111964","4.1962e-06","9e-04","A"
"4","Trait5","FASTmrMLM","PstI.TP1117188","5","15115089","9.5012e-06","0.0021","A"
"4","Trait5","FASTmrMLM","PstI.TP645694","5","15118699","-0.044","0.3455","A"
"4","Trait5","FASTmrMLM","NsiI.TP727162","5","15122057","0.0225","0.2328","G"
"4","Trait5","FASTmrMLM","PstI.TP1191302","5","15122235","-1.1296e-05","0.0025","G"
"4","Trait5","FASTmrMLM","PstI.TP987131","5","15122270","0.0896","0.6318","A"
"4","Trait5","FASTmrMLM","PstI.TP1181762","5","15205403","0.0381","0.2214","C"
"4","Trait5","FASTmrMLM","PstI.TP474896","5","15206420","-2.6627e-06","6e-04","G"
"4","Trait5","FASTmrMLM","NsiI.TP689413","5","15376291","-2.4231e-08","5.2732e-06","C"
"4","Trait5","FASTmrMLM","NsiI.TP360947","5","15431975","0.0171","0.2635","A"
"4","Trait5","FASTmrMLM","NsiI.TP690621","5","15578156","0.073","0.6063","A"
"4","Trait5","FASTmrMLM","PstI.TP342506","5","15673619","-1.3227e-05","0.0029","C"
"4","Trait5","FASTmrMLM","PstI.TP335861","5","15698460","8.0767e-06","0.0018","C"
"4","Trait5","FASTmrMLM","NsiI.TP33200","5","15793739","-2.4333e-06","5e-04","A"
"4","Trait5","FASTmrMLM","PstI.TP852930","5","15890397","0.1325","0.9343","G"
"4","Trait5","FASTmrMLM","NsiI.TP586149","5","16081479","-2.1391e-05","0.0047","C"
"4","Trait5","FASTmrMLM","PstI.TP98333","5","16130526","0.1178","0.9851","C"
"4","Trait5","FASTmrMLM","PstI.TP632203","5","16147728","-1.2315e-05","0.0027","A"
"4","Trait5","FASTmrMLM","NsiI.TP148603","5","16159167","-1.4711e-05","0.0032","A"
"4","Trait5","FASTmrMLM","PstI.TP749759","5","16162509","-1.6886e-05","0.0037","C"
"4","Trait5","FASTmrMLM","PstI.TP648723","5","16409323","4.1342e-06","9e-04","C"
"4","Trait5","FASTmrMLM","NsiI.TP796495","5","16450180","-1.8193e-05","0.004","A"
"4","Trait5","FASTmrMLM","NsiI.TP499551","5","16709577","1.8862e-05","0.0041","C"
"4","Trait5","FASTmrMLM","PstI.TP1096194","5","16711165","6.3817e-06","0.0014","C"
"4","Trait5","FASTmrMLM","PstI.TP285225","5","16857442","-1.0052e-05","0.0022","C"
"4","Trait5","FASTmrMLM","PstI.TP34453","5","16892570","1.6184e-05","0.0035","C"
"4","Trait5","FASTmrMLM","PstI.TP1275425","5","16902247","-1.1385e-05","0.0025","C"
"4","Trait5","FASTmrMLM","PstI.TP1117910","5","16910013","-3.8958e-06","8e-04","C"
"4","Trait5","FASTmrMLM","PstI.TP1117916","5","16910015","8.1626e-06","0.0018","A"
"4","Trait5","FASTmrMLM","PstI.TP894695","5","17179622","-1.4051e-05","0.0031","C"
"4","Trait5","FASTmrMLM","PstI.TP957381","5","18052739","3.7416e-06","8e-04","C"
"4","Trait5","FASTmrMLM","PstI.TP364209","5","18054571","-0.1038","1.1618","C"
"4","Trait5","FASTmrMLM","NsiI.TP821208","5","18055820","0.1233","0.5414","G"
"4","Trait5","FASTmrMLM","PstI.TP523812","5","18073563","-0.3137","1.4876","C"
"4","Trait5","FASTmrMLM","PstI.TP751322","5","18102691","3.1689e-06","7e-04","A"
"4","Trait5","FASTmrMLM","PstI.TP617204","5","18199075","-3.0628e-05","0.0067","C"
"4","Trait5","FASTmrMLM","NsiI.TP551038","5","18628294","4.8695e-06","0.0011","A"
"4","Trait5","FASTmrMLM","NsiI.TP482815","5","18629097","0.0102","0.1546","C"
"4","Trait5","FASTmrMLM","NsiI.TP604518","5","18763426","-9.5242e-06","0.0021","C"
"4","Trait5","FASTmrMLM","PstI.TP532325","5","18806244","-3.2048e-05","0.007","C"
"4","Trait5","FASTmrMLM","NsiI.TP152452","5","18948809","-6.8109e-06","0.0015","A"
"4","Trait5","FASTmrMLM","NsiI.TP674913","5","19113681","0.1586","1.0353","A"
"4","Trait5","FASTmrMLM","NsiI.TP68094","5","19248780","-2.9066e-05","0.0064","C"
"4","Trait5","FASTmrMLM","NsiI.TP5995","5","19295823","-2.4111e-05","0.0053","C"
"4","Trait5","FASTmrMLM","PstI.TP746991","5","19407287","0.1276","0.8321","C"
"4","Trait5","FASTmrMLM","PstI.TP314170","5","19407372","-2.4874e-05","0.0054","A"
"4","Trait5","FASTmrMLM","PstI.TP970657","5","19411206","-0.0841","0.7201","C"
"4","Trait5","FASTmrMLM","PstI.TP48264","5","19538605","3.8151e-05","0.0084","A"
"4","Trait5","FASTmrMLM","PstI.TP1063025","5","19892321","-1.6e-05","0.0035","A"
"4","Trait5","FASTmrMLM","PstI.TP159269","5","20096056","9.9124e-06","0.0022","A"
"4","Trait5","FASTmrMLM","NsiI.TP751401","5","20096245","-1.2739e-05","0.0028","C"
"4","Trait5","FASTmrMLM","PstI.TP13814","5","20169630","-6.6871e-06","0.0015","G"
"4","Trait5","FASTmrMLM","PstI.TP1257596","5","20212765","-0.0501","0.2686","A"
"4","Trait5","FASTmrMLM","NsiI.TP417080","5","20213590","-1.6344e-05","0.0036","C"
"4","Trait5","FASTmrMLM","NsiI.TP793792","5","20444173","2.7466e-06","6e-04","A"
"4","Trait5","FASTmrMLM","PstI.TP1118790","5","21005060","-3.9408e-06","9e-04","A"
"4","Trait5","FASTmrMLM","NsiI.TP407739","5","21059582","8.5884e-06","0.0019","A"
"4","Trait5","FASTmrMLM","NsiI.TP356659","5","21066056","-4.7355e-06","0.001","A"
"4","Trait5","FASTmrMLM","NsiI.TP125687","5","21256861","-1.6338e-06","4e-04","A"
"4","Trait5","FASTmrMLM","GFSSContig16952_694","5","21260380","5.6805e-06","0.0012","T"
"4","Trait5","FASTmrMLM","PstI.TP645353","5","22012485","0.0946","0.8494","C"
"4","Trait5","FASTmrMLM","NsiI.TP341038","5","23088353","-3.2588e-06","7e-04","A"
"4","Trait5","FASTmrMLM","PstI.TP820541","5","24766902","-9.3816e-06","0.002","A"
"4","Trait5","FASTmrMLM","PstI.TP649005","5","24767427","0.0339","0.2026","C"
"4","Trait5","FASTmrMLM","NsiI.TP396297","5","25952867","3.7953e-05","0.0083","A"
"4","Trait5","FASTmrMLM","PstI.TP425850","5","26364229","-0.0341","0.2752","C"
"4","Trait5","FASTmrMLM","PstI.TP1195300","5","26364321","0.0574","0.3726","G"
"4","Trait5","FASTmrMLM","PstI.TP34418","5","27056703","7.8777e-07","2e-04","C"
"4","Trait5","FASTmrMLM","PstI.TP1039449","5","27195987","2.1068e-05","0.0046","C"
"4","Trait5","FASTmrMLM","NsiI.TP681228","5","30589098","1.8655e-05","0.0041","A"
"4","Trait5","FASTmrMLM","NsiI.TP364116","5","32735375","0.0678","0.6164","A"
"4","Trait5","FASTmrMLM","PstI.TP19976","5","34318188","0.0144","0.1982","A"
"4","Trait5","FASTmrMLM","NsiI.TP259100","5","34428290","0.0375","0.2277","C"
"4","Trait5","FASTmrMLM","PstI.TP774852","5","34438178","-0.121","0.7339","G"
"4","Trait5","FASTmrMLM","PstI.TP107548","5","34438208","-3.1429e-05","0.0069","A"
"4","Trait5","FASTmrMLM","NsiI.TP757","5","34839955","8.5533e-06","0.0019","A"
"4","Trait5","FASTmrMLM","NsiI.TP771574","5","35005966","-3.7633e-05","0.0083","A"
"4","Trait5","FASTmrMLM","NsiI.TP243330","5","35358519","0.0246","0.2393","A"
"4","Trait5","FASTmrMLM","PstI.TP1174221","5","35411754","-3.2017e-05","0.007","C"
"4","Trait5","FASTmrMLM","PstI.TP651320","5","35481232","-0.0092","0.137","A"
"4","Trait5","FASTmrMLM","PstI.TP287063","5","36574210","3.6402e-07","7.9227e-05","A"
"4","Trait5","FASTmrMLM","PstI.TP875223","5","36574288","8.3342e-06","0.0018","A"
"4","Trait5","FASTmrMLM","PstI.TP1117113","5","36720345","-2.1278e-06","5e-04","A"
"4","Trait5","FASTmrMLM","PstI.TP675995","5","36723521","-3.4595e-06","8e-04","G"
"4","Trait5","FASTmrMLM","PstI.TP236631","5","36765187","5.866e-07","1e-04","A"
"4","Trait5","FASTmrMLM","NsiI.TP270508","5","36765256","2.1029e-06","5e-04","C"
"4","Trait5","FASTmrMLM","NsiI.TP270506","5","36765260","-1.5696e-06","3e-04","G"
"4","Trait5","FASTmrMLM","PstI.TP375433","5","36765267","6.0492e-06","0.0013","G"
"4","Trait5","FASTmrMLM","PstI.TP1218796","5","37170960","-8.5451e-06","0.0019","A"
"4","Trait5","FASTmrMLM","PstI.TP804790","5","37368088","-9.9756e-06","0.0022","A"
"4","Trait5","FASTmrMLM","NsiI.TP83643","5","37495191","-1.398e-05","0.0031","A"
"4","Trait5","FASTmrMLM","NsiI.TP825124","5","37496274","0.0184","0.2222","A"
"4","Trait5","FASTmrMLM","PstI.TP742833","5","38427579","2.1785e-05","0.0048","C"
"4","Trait5","FASTmrMLM","NsiI.TP635575","5","38567770","2.9665e-06","6e-04","C"
"4","Trait5","FASTmrMLM","PstI.TP419260","5","38567844","2.2877e-06","5e-04","C"
"4","Trait5","FASTmrMLM","PstI.TP149695","5","38567914","-0.3235","1.3017","G"
"4","Trait5","FASTmrMLM","GFSSContig18633_1798","5","40187624","8.3451e-07","2e-04","A"
"4","Trait5","FASTmrMLM","PstI.TP124945","5","41255313","-0.0954","0.757","A"
"4","Trait5","FASTmrMLM","PstI.TP766823","5","41255601","-6.8717e-06","0.0015","A"
"4","Trait5","FASTmrMLM","PstI.TP1021393","5","41615776","-0.1577","0.8444","A"
"4","Trait5","FASTmrMLM","PstI.TP162592","5","50611871","-1.8185e-05","0.004","C"
"4","Trait5","FASTmrMLM","PstI.TP819981","5","50650386","0.0229","0.2431","C"
"4","Trait5","FASTmrMLM","PstI.TP414172","5","50674507","2.0945e-05","0.0046","C"
"4","Trait5","FASTmrMLM","NsiI.TP547375","5","50727832","-1.5019e-05","0.0033","C"
"4","Trait5","FASTmrMLM","NsiI.TP123360","5","50852843","-4.1426e-05","0.0091","A"
"4","Trait5","FASTmrMLM","NsiI.TP665652","5","50852882","-9.8311e-06","0.0021","C"
"4","Trait5","FASTmrMLM","PstI.TP1028937","5","50852897","-6.3413e-06","0.0014","A"
"4","Trait5","FASTmrMLM","NsiI.TP830795","5","50853004","2.2302e-05","0.0049","A"
"4","Trait5","FASTmrMLM","PstI.TP134218","5","50856738","-2.3248e-05","0.0051","C"
"4","Trait5","FASTmrMLM","NsiI.TP563031","5","50864258","-1.9138e-05","0.0042","C"
"4","Trait5","FASTmrMLM","NsiI.TP298578","5","51161190","-8.2636e-06","0.0018","C"
"4","Trait5","FASTmrMLM","PstI.TP1284034","5","51318749","-0.2841","1.1644","A"
"4","Trait5","FASTmrMLM","NsiI.TP522657","5","51607848","0.0822","0.6751","A"
"4","Trait5","FASTmrMLM","PstI.TP1014148","5","51656308","0.0141","0.2202","C"
"4","Trait5","FASTmrMLM","NsiI.TP433667","5","51656485","-3.7586e-06","8e-04","A"
"4","Trait5","FASTmrMLM","GFSSContig8931_556","5","51659977","-7.2119e-05","0.0092","A"
"4","Trait5","FASTmrMLM","PstI.TP873801","5","51776313","0.1128","0.9183","A"
"4","Trait5","FASTmrMLM","PstI.TP603196","5","51808127","0.171","1.1523","A"
"4","Trait5","FASTmrMLM","PstI.TP65868","5","51808727","-0.0936","0.7981","A"
"4","Trait5","FASTmrMLM","PstI.TP977809","5","51809124","-0.133","1.1178","A"
"4","Trait5","FASTmrMLM","PstI.TP197570","5","51810245","0.035","0.3372","A"
"4","Trait5","FASTmrMLM","NsiI.TP686137","5","51810961","0.1121","1.2638","A"
"4","Trait5","FASTmrMLM","PstI.TP80081","5","51832467","-4.0022e-05","0.0088","C"
"4","Trait5","FASTmrMLM","PstI.TP815740","5","51894254","1.5842e-05","0.0035","A"
"4","Trait5","FASTmrMLM","PstI.TP994181","5","52027718","3.0203e-05","0.0066","C"
"4","Trait5","FASTmrMLM","PstI.TP196076","5","52033156","-7.7767e-06","0.0017","A"
"4","Trait5","FASTmrMLM","PstI.TP571010","5","52141168","0.0334","0.2554","C"
"4","Trait5","FASTmrMLM","PstI.TP273553","5","52197136","1.7784e-05","0.0039","A"
"4","Trait5","FASTmrMLM","NsiI.TP759107","5","52226346","2.3502e-05","0.0051","C"
"4","Trait5","FASTmrMLM","PstI.TP541808","5","52531297","1.6842e-06","4e-04","A"
"4","Trait5","FASTmrMLM","NsiI.TP397081","5","52924241","0.0658","0.4841","A"
"4","Trait5","FASTmrMLM","NsiI.TP834285","5","52986053","-7.6149e-06","0.0017","A"
"4","Trait5","FASTmrMLM","NsiI.TP835144","5","52986053","1.7077e-05","0.0037","A"
"4","Trait5","FASTmrMLM","NsiI.TP543464","5","53287493","9.0867e-08","1.9775e-05","A"
"4","Trait5","FASTmrMLM","PstI.TP246677","5","53370221","-9.0698e-06","0.002","A"
"4","Trait5","FASTmrMLM","NsiI.TP612588","5","53387876","-4.2702e-06","9e-04","A"
"4","Trait5","FASTmrMLM","NsiI.TP731160","5","53395390","-2.741e-05","0.006","C"
"4","Trait5","FASTmrMLM","PstI.TP234335","5","53477940","0.2089","1.0259","A"
"4","Trait5","FASTmrMLM","NsiI.TP501821","5","53570195","7.7391e-06","0.0017","G"
"4","Trait5","FASTmrMLM","NsiI.TP516915","5","53710006","0.0691","0.6237","A"
"4","Trait5","FASTmrMLM","NsiI.TP554272","5","53844850","-0.3077","2.1033","C"
"4","Trait5","FASTmrMLM","PstI.TP706555","5","53845438","0.0769","0.3391","A"
"4","Trait5","FASTmrMLM","NsiI.TP642362","5","53894023","3.5651e-05","0.0078","C"
"4","Trait5","FASTmrMLM","NsiI.TP404567","5","53894672","1.6938e-05","0.0037","A"
"4","Trait5","FASTmrMLM","NsiI.TP805614","5","53899195","1.2921e-05","0.0028","C"
"4","Trait5","FASTmrMLM","PstI.TP609962","5","53907385","-1.4867e-05","0.0032","C"
"4","Trait5","FASTmrMLM","NsiI.TP188795","5","53911914","-0.0619","0.7731","A"
"4","Trait5","FASTmrMLM","PstI.TP883533","5","54035801","-8.2972e-06","0.0018","A"
"4","Trait5","FASTmrMLM","NsiI.TP132535","5","54113170","2.0712e-05","0.0045","C"
"4","Trait5","FASTmrMLM","NsiI.TP350558","5","54490720","-0.0691","0.9074","A"
"4","Trait5","FASTmrMLM","PstI.TP794004","5","54648750","-4.5657e-06","0.001","G"
"4","Trait5","FASTmrMLM","NsiI.TP671488","5","54680052","-5.902e-06","0.0013","C"
"4","Trait5","FASTmrMLM","NsiI.TP306136","5","54721299","0.0099","0.163","C"
"4","Trait5","FASTmrMLM","NsiI.TP810911","5","54969913","-0.0586","0.5345","A"
"4","Trait5","FASTmrMLM","PstI.TP270923","5","55034742","-0.0475","0.5624","C"
"4","Trait5","FASTmrMLM","NsiI.TP497560","5","55034742","7.5746e-06","0.0017","A"
"4","Trait5","FASTmrMLM","NsiI.TP37291","5","55043704","1.3414e-05","0.0029","A"
"4","Trait5","FASTmrMLM","PstI.TP175125","5","55044735","0.1033","1.141","A"
"4","Trait5","FASTmrMLM","PstI.TP942859","5","55074903","-9.0884e-06","0.002","C"
"4","Trait5","FASTmrMLM","PstI.TP552695","5","55075154","0.0812","0.5232","A"
"4","Trait5","FASTmrMLM","NsiI.TP386593","5","55135760","-0.0326","0.4236","A"
"4","Trait5","FASTmrMLM","NsiI.TP245163","5","55180573","-2.3469e-05","0.0051","A"
"4","Trait5","FASTmrMLM","PstI.TP221109","5","55180794","-0.0428","0.3784","C"
"4","Trait5","FASTmrMLM","PstI.TP232008","5","55205152","-0.0317","0.2134","A"
"4","Trait5","FASTmrMLM","NsiI.TP735487","5","55213405","-0.1651","0.7406","A"
"4","Trait5","FASTmrMLM","PstI.TP1220022","5","55219391","6.2094e-06","0.0014","C"
"4","Trait5","FASTmrMLM","PstI.TP613138","5","55234589","-6.3768e-06","0.0014","A"
"4","Trait5","FASTmrMLM","PstI.TP730777","5","55592667","2.0239e-06","4e-04","A"
"4","Trait5","FASTmrMLM","PstI.TP1069523","5","55621669","-0.1869","0.9261","C"
"4","Trait5","FASTmrMLM","PstI.TP1150316","5","55625160","-2.7451e-05","0.006","A"
"4","Trait5","FASTmrMLM","NsiI.TP811653","5","56042998","1.5493e-05","0.0034","A"
"4","Trait5","FASTmrMLM","NsiI.TP673917","5","56046719","-2.1068e-05","0.0046","A"
"4","Trait5","FASTmrMLM","PstI.TP641096","5","56088879","-2.2697e-06","5e-04","C"
"4","Trait5","FASTmrMLM","PstI.TP83640","5","56109668","-3.1365e-06","7e-04","A"
"4","Trait5","FASTmrMLM","PstI.TP349704","5","56109694","0.0276","0.3291","A"
"4","Trait5","FASTmrMLM","NsiI.TP22762","5","56121403","-2.2507e-05","0.0049","C"
"4","Trait5","FASTmrMLM","PstI.TP464164","5","56125233","-1.0986e-07","2.3907e-05","A"
"4","Trait5","FASTmrMLM","NsiI.TP573755","5","56168573","2.6353e-05","0.0058","A"
"4","Trait5","FASTmrMLM","PstI.TP373849","5","56176306","-0.0912","0.3228","C"
"4","Trait5","FASTmrMLM","PstI.TP373688","5","56176323","2.0317e-05","0.0044","A"
"4","Trait5","FASTmrMLM","PstI.TP63427","5","56596771","-0.0989","0.4404","A"
"4","Trait5","FASTmrMLM","NsiI.TP145912","5","56652841","8.2352e-09","1.7924e-06","G"
"4","Trait5","FASTmrMLM","PstI.TP845378","5","56748199","1.5453e-05","0.0034","C"
"4","Trait5","FASTmrMLM","PstI.TP782314","5","57125958","-1.2062e-05","0.0026","A"
"4","Trait5","FASTmrMLM","NsiI.TP85076","5","57132238","-9.2028e-06","0.002","A"
"4","Trait5","FASTmrMLM","NsiI.TP492159","5","57167602","-1.3305e-05","0.0029","C"
"4","Trait5","FASTmrMLM","NsiI.TP276094","5","57224119","4.7797e-06","0.001","A"
"4","Trait5","FASTmrMLM","PstI.TP335122","5","57381095","1.7265e-05","0.0038","C"
"4","Trait5","FASTmrMLM","NsiI.TP10169","5","57381378","3.7886e-06","8e-04","A"
"4","Trait5","FASTmrMLM","PstI.TP1291839","5","57383051","5.7459e-05","0.0079","A"
"4","Trait5","FASTmrMLM","PstI.TP1009093","5","57385246","9.6296e-06","0.0021","C"
"4","Trait5","FASTmrMLM","GFSSContig11759_1658","5","57388122","-6.5164e-06","0.0014","T"
"4","Trait5","FASTmrMLM","PstI.TP809814","5","57394336","0.1212","0.5654","A"
"4","Trait5","FASTmrMLM","NsiI.TP162601","5","57789332","1.9377e-05","0.0042","C"
"4","Trait5","FASTmrMLM","NsiI.TP233512","5","57993921","0.0342","0.3344","A"
"4","Trait5","FASTmrMLM","PstI.TP1247409","5","58035472","-1.6049e-05","0.0035","C"
"4","Trait5","FASTmrMLM","GFk40ctg430575_109","5","58040226","2.744e-05","0.006","A"
"4","Trait5","FASTmrMLM","PstI.TP1211183","5","58088010","-6.1674e-07","1e-04","C"
"4","Trait5","FASTmrMLM","NsiI.TP521254","5","58096704","0.0727","0.3305","A"
"4","Trait5","FASTmrMLM","PstI.TP1053657","5","58388929","1.5713e-05","0.0034","C"
"4","Trait5","FASTmrMLM","PstI.TP836308","5","58856297","1.4989e-05","0.0033","G"
"4","Trait5","FASTmrMLM","NsiI.TP364121","5","58856331","-0.0499","0.5463","A"
"4","Trait5","FASTmrMLM","NsiI.TP168149","5","58857133","-0.2418","0.9333","C"
"4","Trait5","FASTmrMLM","NsiI.TP83984","5","58913591","-0.0506","0.6219","C"
"4","Trait5","FASTmrMLM","PstI.TP735761","5","59043238","-1.1056e-05","0.0024","C"
"4","Trait5","FASTmrMLM","PstI.TP469939","5","59145329","-5.6262e-06","0.0012","A"
"4","Trait5","FASTmrMLM","PstI.TP1154308","5","59145584","-0.0066","0.134","A"
"4","Trait5","FASTmrMLM","PstI.TP576996","5","59153497","-7.7073e-06","0.0017","A"
"4","Trait5","FASTmrMLM","PstI.TP375285","5","59153579","1.8009e-06","4e-04","A"
"4","Trait5","FASTmrMLM","PstI.TP343962","5","59194428","-0.0702","0.9129","C"
"4","Trait5","FASTmrMLM","PstI.TP1249478","5","59204979","-0.1944","0.9874","G"
"4","Trait5","FASTmrMLM","PstI.TP830726","5","59210102","1.4453e-05","0.0032","A"
"4","Trait5","FASTmrMLM","PstI.TP67934","5","59262469","1.8587e-05","0.0041","C"
"4","Trait5","FASTmrMLM","PstI.TP317589","5","59272686","-1.3575e-06","3e-04","C"
"4","Trait5","FASTmrMLM","NsiI.TP592207","5","59286495","0.1938","1.37","G"
"4","Trait5","FASTmrMLM","PstI.TP293036","5","59316972","-1.3862e-05","0.003","C"
"4","Trait5","FASTmrMLM","PstI.TP219904","5","59317766","1.0458e-05","0.0023","G"
"4","Trait5","FASTmrMLM","PstI.TP181773","5","59325606","-9.3242e-06","0.002","A"
"4","Trait5","FASTmrMLM","NsiI.TP390489","5","59329782","-9.279e-06","0.002","A"
"4","Trait5","FASTmrMLM","NsiI.TP609535","5","59379806","-1.631e-05","0.0036","A"
"4","Trait5","FASTmrMLM","NsiI.TP439779","5","59379830","-9.1172e-06","0.002","A"
"4","Trait5","FASTmrMLM","NsiI.TP376741","5","59444925","-0.2423","0.8427","C"
"4","Trait5","FASTmrMLM","PstI.TP184945","5","59446393","7.6722e-06","0.0017","A"
"4","Trait5","FASTmrMLM","PstI.TP975361","5","59446518","-2.8382e-05","0.0062","A"
"4","Trait5","FASTmrMLM","PstI.TP256298","5","59456213","0.013","0.1588","A"
"4","Trait5","FASTmrMLM","NsiI.TP429205","5","59496987","-0.0756","0.9032","C"
"4","Trait5","FASTmrMLM","NsiI.TP246986","5","59498524","1.7623e-05","0.0039","A"
"4","Trait5","FASTmrMLM","PstI.TP901","5","59519135","2.5242e-05","0.0055","C"
"4","Trait5","FASTmrMLM","NsiI.TP520225","5","59841403","-6.7645e-06","0.0015","C"
"4","Trait5","FASTmrMLM","NsiI.TP494981","5","59856350","-0.0572","0.3728","G"
"4","Trait5","FASTmrMLM","NsiI.TP188688","5","60387932","-4.217e-05","0.0072","A"
"4","Trait5","FASTmrMLM","NsiI.TP242835","5","60524133","-4.0929e-06","9e-04","C"
"4","Trait5","FASTmrMLM","NsiI.TP187233","5","60546927","-1.5058e-05","0.0033","A"
"4","Trait5","FASTmrMLM","NsiI.TP56980","5","60556567","1.1684e-05","0.0026","A"
"4","Trait5","FASTmrMLM","NsiI.TP414565","5","60592001","0.0615","0.5202","A"
"4","Trait5","FASTmrMLM","NsiI.TP387877","5","60596110","-0.0257","0.2158","A"
"4","Trait5","FASTmrMLM","PstI.TP938338","5","60615990","-0.1251","0.9236","C"
"4","Trait5","FASTmrMLM","PstI.TP768126","5","60675923","4.3429e-05","0.0096","A"
"4","Trait5","FASTmrMLM","PstI.TP358317","5","60687568","3.62e-05","0.008","C"
"4","Trait5","FASTmrMLM","NsiI.TP163851","5","60724490","1.2222e-05","0.0027","C"
"4","Trait5","FASTmrMLM","NsiI.TP795143","5","60727542","0.0461","0.5444","A"
"4","Trait5","FASTmrMLM","NsiI.TP152613","5","60733292","1.3733e-05","0.003","A"
"4","Trait5","FASTmrMLM","NsiI.TP234137","5","60745046","3e-04","0.0156","C"
"4","Trait5","FASTmrMLM","PstI.TP668187","5","60851906","-0.1241","1.1373","C"
"4","Trait5","FASTmrMLM","PstI.TP739640","5","60881011","-9.5708e-06","0.0021","A"
"4","Trait5","FASTmrMLM","NsiI.TP78597","5","60894143","-7.8418e-06","0.0017","A"
"4","Trait5","FASTmrMLM","NsiI.TP19635","5","60976358","2.5905e-05","0.0057","A"
"4","Trait5","FASTmrMLM","NsiI.TP437531","5","61053980","8.856e-06","0.0019","C"
"4","Trait5","FASTmrMLM","NsiI.TP721775","5","61059006","2.8125e-05","0.0062","C"
"4","Trait5","FASTmrMLM","NsiI.TP615566","5","61061030","1.5052e-05","0.0033","A"
"4","Trait5","FASTmrMLM","PstI.TP170602","5","61247827","7.9649e-06","0.0017","A"
"4","Trait5","FASTmrMLM","PstI.TP1126795","5","61332766","0.1637","1.0823","G"
"4","Trait5","FASTmrMLM","NsiI.TP111617","5","61371701","-0.0309","0.3079","C"
"4","Trait5","FASTmrMLM","NsiI.TP60435","5","61407093","-0.068","0.6276","C"
"4","Trait5","FASTmrMLM","NsiI.TP349864","5","61576850","3.5987e-05","0.0079","A"
"4","Trait5","FASTmrMLM","NsiI.TP713636","5","61642341","0.0765","0.7318","A"
"4","Trait5","FASTmrMLM","NsiI.TP618225","5","61660372","0.0867","0.4497","A"
"4","Trait5","FASTmrMLM","PstI.TP56338","5","61669298","-1.4223e-06","3e-04","C"
"4","Trait5","FASTmrMLM","NsiI.TP42021","5","61669453","0.099","0.6535","A"
"4","Trait5","FASTmrMLM","NsiI.TP689477","5","61671974","-0.0361","0.3225","A"
"4","Trait5","FASTmrMLM","NsiI.TP692531","5","61671985","2.1758e-05","0.0048","C"
"4","Trait5","FASTmrMLM","PstI.TP332939","5","61681179","-2.4821e-05","0.0054","C"
"4","Trait5","FASTmrMLM","PstI.TP854053","5","61741051","0.1086","0.57","C"
"4","Trait5","FASTmrMLM","PstI.TP65678","5","61773243","0.07","0.5513","A"
"4","Trait5","FASTmrMLM","NsiI.TP109480","5","61776399","2.1786e-05","0.0048","A"
"4","Trait5","FASTmrMLM","NsiI.TP403009","5","61778797","0.0156","0.1809","A"
"4","Trait5","FASTmrMLM","NsiI.TP436579","5","61778828","0.0602","0.37","C"
"4","Trait5","FASTmrMLM","NsiI.TP782187","5","61778844","0.1247","0.7926","C"
"4","Trait5","FASTmrMLM","PstI.TP1162742","5","61778851","0.37","1.8393","A"
"4","Trait5","FASTmrMLM","PstI.TP31939","5","61779535","-0.1233","1.3654","C"
"4","Trait5","FASTmrMLM","NsiI.TP413858","5","61802968","1.6254e-05","0.0036","C"
"4","Trait5","FASTmrMLM","PstI.TP1205896","5","61802997","-1.4499e-05","0.0032","C"
"4","Trait5","FASTmrMLM","NsiI.TP632035","5","61932326","0.4322","2.8065","C"
"4","Trait5","FASTmrMLM","PstI.TP502261","5","61966149","-7.4968e-06","0.0016","A"
"4","Trait5","FASTmrMLM","NsiI.TP521795","5","61971746","-9.5215e-06","0.0021","A"
"4","Trait5","FASTmrMLM","PstI.TP1227306","5","61985475","-0.1042","1.0726","C"
"4","Trait5","FASTmrMLM","NsiI.TP271046","5","62000762","-2.354e-05","0.0052","C"
"4","Trait5","FASTmrMLM","PstI.TP298653","5","62014607","1.8464e-05","0.004","A"
"4","Trait5","FASTmrMLM","NsiI.TP812190","5","62096939","-9.9138e-07","2e-04","A"
"4","Trait5","FASTmrMLM","NsiI.TP370978","5","62150520","9.698e-06","0.0021","C"
"4","Trait5","FASTmrMLM","PstI.TP327087","5","62198303","3.8926e-05","0.0086","A"
"4","Trait5","FASTmrMLM","PstI.TP8132","5","62322828","-8.533e-06","0.0019","C"
"4","Trait5","FASTmrMLM","NsiI.TP313008","5","62324344","-3.3771e-05","0.0074","A"
"4","Trait5","FASTmrMLM","NsiI.TP604676","5","62326679","0.0393","0.4383","A"
"4","Trait5","FASTmrMLM","NsiI.TP608741","5","62326703","-8.9109e-06","0.0019","A"
"4","Trait5","FASTmrMLM","NsiI.TP644207","5","62326713","-0.1067","0.5131","G"
"4","Trait5","FASTmrMLM","NsiI.TP644188","5","62326716","-3.3879e-06","7e-04","G"
"4","Trait5","FASTmrMLM","NsiI.TP630774","5","62326717","3.1219e-05","0.0068","G"
"4","Trait5","FASTmrMLM","NsiI.TP521930","5","62346838","1.5601e-05","0.0034","A"
"4","Trait5","FASTmrMLM","PstI.TP852484","5","62346904","-2.2138e-05","0.0048","A"
"4","Trait5","FASTmrMLM","NsiI.TP637437","5","62492247","8.9146e-06","0.0019","C"
"4","Trait5","FASTmrMLM","NsiI.TP757931","5","62493941","-0.0865","0.8365","A"
"4","Trait5","FASTmrMLM","PstI.TP927461","5","62500257","6.3878e-06","0.0014","C"
"4","Trait5","FASTmrMLM","NsiI.TP778188","5","62598307","-1.673e-05","0.0037","A"
"4","Trait5","FASTmrMLM","PstI.TP164439","5","62616627","-4.0259e-07","8.7619e-05","C"
"4","Trait5","FASTmrMLM","PstI.TP1117644","5","62669180","2.3607e-05","0.0052","A"
"4","Trait5","FASTmrMLM","PstI.TP862178","5","62717791","-6.2185e-06","0.0014","C"
"4","Trait5","FASTmrMLM","NsiI.TP824880","5","62746534","-7.1719e-06","0.0016","C"
"4","Trait5","FASTmrMLM","PstI.TP731518","5","62754867","-0.0093","0.1776","A"
"4","Trait5","FASTmrMLM","GFSSContig13634_134","5","62897134","-7.0104e-06","0.0015","T"
"4","Trait5","FASTmrMLM","PstI.TP210825","5","62921968","3.1312e-06","7e-04","A"
"4","Trait5","FASTmrMLM","NsiI.TP450884","5","62950295","1e-04","0.0111","A"
"4","Trait5","FASTmrMLM","NsiI.TP728904","5","62959785","-5.5086e-06","0.0012","A"
"4","Trait5","FASTmrMLM","NsiI.TP697095","5","63230472","0.0305","0.3073","A"
"4","Trait5","FASTmrMLM","NsiI.TP768355","5","63235486","1.1847e-05","0.0026","A"
"4","Trait5","FASTmrMLM","NsiI.TP653959","5","63238642","1.2607e-05","0.0028","A"
"4","Trait5","FASTmrMLM","PstI.TP664692","5","63294074","8.0639e-06","0.0018","C"
"4","Trait5","FASTmrMLM","PstI.TP459035","5","63339873","-0.0084","0.0952","C"
"4","Trait5","FASTmrMLM","PstI.TP854919","5","63393112","-4.2057e-06","9e-04","C"
"4","Trait5","FASTmrMLM","PstI.TP1255657","5","63399714","0.1383","1.1747","C"
"4","Trait5","FASTmrMLM","PstI.TP763585","5","63406997","0.2234","1.9294","A"
"4","Trait5","FASTmrMLM","PstI.TP25299","5","63419016","0.0756","0.428","A"
"4","Trait5","FASTmrMLM","PstI.TP45125","5","63468915","0.1114","0.819","A"
"4","Trait5","FASTmrMLM","NsiI.TP522935","5","63469064","0.0125","0.1905","A"
"4","Trait5","FASTmrMLM","NsiI.TP636887","5","63469122","0.0794","0.9238","C"
"4","Trait5","FASTmrMLM","NsiI.TP390350","5","63501337","3.8526e-06","8e-04","C"
"4","Trait5","FASTmrMLM","NsiI.TP693271","5","63605130","1e-04","0.0094","A"
"4","Trait5","FASTmrMLM","NsiI.TP175057","5","63614460","-2.3138e-05","0.0051","G"
"4","Trait5","FASTmrMLM","PstI.TP1122910","5","63812048","1.1702e-06","3e-04","A"
"4","Trait5","FASTmrMLM","PstI.TP142535","5","63816176","6.9464e-06","0.0015","A"
"4","Trait5","FASTmrMLM","NsiI.TP312416","5","63829769","-0.0924","0.5723","A"
"4","Trait5","FASTmrMLM","PstI.TP1068612","5","63878988","9.0842e-06","0.002","A"
"4","Trait5","FASTmrMLM","NsiI.TP628362","5","63888810","7.87e-06","0.0017","A"
"4","Trait5","FASTmrMLM","PstI.TP201172","5","63911469","-1.5095e-05","0.0033","A"
"4","Trait5","FASTmrMLM","PstI.TP152056","5","64031521","0.0938","0.6118","C"
"4","Trait5","FASTmrMLM","PstI.TP189803","5","64031814","-9.2243e-06","0.002","C"
"4","Trait5","FASTmrMLM","NsiI.TP122942","5","64059316","-2.1829e-05","0.0048","A"
"4","Trait5","FASTmrMLM","PstI.TP548871","5","64106769","1.7773e-05","0.0039","C"
"4","Trait5","FASTmrMLM","NsiI.TP216165","5","64139740","-5.2855e-06","0.0012","G"
"4","Trait5","FASTmrMLM","NsiI.TP516554","5","64206494","3.51e-06","8e-04","C"
"4","Trait5","FASTmrMLM","NsiI.TP811153","5","64281863","-9.0108e-06","0.002","A"
"4","Trait5","FASTmrMLM","NsiI.TP535292","5","64298331","5.3746e-05","0.0076","G"
"4","Trait5","FASTmrMLM","PstI.TP605612","5","64299274","0.0748","0.6028","C"
"4","Trait5","FASTmrMLM","PstI.TP357486","5","64299284","-1.1267e-05","0.0025","A"
"4","Trait5","FASTmrMLM","PstI.TP924020","5","64302242","9.4756e-06","0.0021","G"
"4","Trait5","FASTmrMLM","PstI.TP36913","5","64311588","0.0207","0.2284","A"
"4","Trait5","FASTmrMLM","PstI.TP1263962","5","64333980","0.0975","0.7667","C"
"4","Trait5","FASTmrMLM","NsiI.TP592929","5","64413792","-5.3548e-06","0.0012","G"
"4","Trait5","FASTmrMLM","NsiI.TP199319","5","64413905","-7.1913e-06","0.0016","C"
"4","Trait5","FASTmrMLM","PstI.TP7230","5","64430635","-4.3271e-05","0.0095","C"
"4","Trait5","FASTmrMLM","PstI.TP213522","5","64517341","6.2817e-06","0.0014","C"
"4","Trait5","FASTmrMLM","NsiI.TP302449","5","64583097","2.2697e-07","4.9397e-05","A"
"4","Trait5","FASTmrMLM","PstI.TP1092686","5","64639644","-3.4489e-06","8e-04","A"
"4","Trait5","FASTmrMLM","PstI.TP719892","5","64652954","-8.2311e-06","0.0018","A"
"4","Trait5","FASTmrMLM","NsiI.TP126282","5","64674886","2.806e-05","0.0062","A"
"4","Trait5","FASTmrMLM","PstI.TP187197","5","64682817","0.1204","0.6576","C"
"4","Trait5","FASTmrMLM","NsiI.TP621317","5","64690979","1.5473e-05","0.0034","A"
"4","Trait5","FASTmrMLM","NsiI.TP381262","5","64698856","6.4224e-06","0.0014","G"
"4","Trait5","FASTmrMLM","NsiI.TP555236","5","64722170","1.5874e-05","0.0035","A"
"4","Trait5","FASTmrMLM","NsiI.TP130440","5","64727219","-0.0204","0.2273","A"
"4","Trait5","FASTmrMLM","PstI.TP158929","5","64728593","0.0852","1.0833","G"
"4","Trait5","FASTmrMLM","PstI.TP861953","5","64737000","-2e-04","0.014","G"
"4","Trait5","FASTmrMLM","PstI.TP254043","5","64737772","-1.1234e-05","0.0025","C"
"4","Trait5","FASTmrMLM","PstI.TP426723","5","64757923","-4.6517e-06","0.001","A"
"4","Trait5","FASTmrMLM","NsiI.TP601381","5","64818468","-1.4209e-05","0.0031","A"
"4","Trait5","FASTmrMLM","NsiI.TP436946","5","64821564","0.0467","0.2885","A"
"4","Trait5","FASTmrMLM","NsiI.TP400078","5","64823015","0.0459","0.5041","C"
"4","Trait5","FASTmrMLM","NsiI.TP200421","5","64844415","-3.541e-05","0.0078","A"
"4","Trait5","FASTmrMLM","NsiI.TP251311","5","64933354","2.6299e-05","0.0058","C"
"4","Trait5","FASTmrMLM","PstI.TP930695","5","64934169","3.9336e-05","0.0086","A"
"4","Trait5","FASTmrMLM","NsiI.TP4586","5","64942655","0.0303","0.2335","A"
"4","Trait5","FASTmrMLM","NsiI.TP193346","5","64953236","5.6757e-06","0.0012","A"
"4","Trait5","FASTmrMLM","NsiI.TP63121","5","64973950","-2.0733e-06","5e-04","C"
"4","Trait5","FASTmrMLM","NsiI.TP218627","5","64986248","8.1496e-06","0.0018","C"
"4","Trait5","FASTmrMLM","PstI.TP1132926","5","65112789","-0.2938","1.7992","A"
"4","Trait5","FASTmrMLM","NsiI.TP420943","5","65125368","0.0231","0.1986","A"
"4","Trait5","FASTmrMLM","PstI.TP220627","5","65142255","-3.7228e-06","8e-04","C"
"4","Trait5","FASTmrMLM","PstI.TP993370","5","65205991","-0.0825","0.9673","C"
"4","Trait5","FASTmrMLM","PstI.TP18186","5","65208422","4.5043e-06","0.001","A"
"4","Trait5","FASTmrMLM","NsiI.TP485193","5","65211116","-1.1318e-05","0.0025","A"
"4","Trait5","FASTmrMLM","NsiI.TP227911","5","65236276","4.9414e-06","0.0011","C"
"4","Trait5","FASTmrMLM","PstI.TP436512","5","65297246","-3.6002e-05","0.0079","G"
"4","Trait5","FASTmrMLM","PstI.TP133136","5","65324990","-0.034","0.3799","C"
"4","Trait5","FASTmrMLM","NsiI.TP159664","5","65415109","1.1391e-05","0.0025","C"
"4","Trait5","FASTmrMLM","NsiI.TP612384","5","65439681","1.0829e-05","0.0024","C"
"4","Trait5","FASTmrMLM","NsiI.TP131130","5","65561660","-2.6779e-05","0.0059","C"
"4","Trait5","FASTmrMLM","NsiI.TP677214","5","65565584","1.487e-05","0.0032","A"
"4","Trait5","FASTmrMLM","NsiI.TP523851","5","65759718","6.9671e-06","0.0015","C"
"4","Trait5","FASTmrMLM","PstI.TP506643","5","65759915","2.515e-06","5e-04","A"
"4","Trait5","FASTmrMLM","NsiI.TP485736","5","65762198","-4.0902e-06","9e-04","C"
"4","Trait5","FASTmrMLM","NsiI.TP774383","5","65775209","1.952e-05","0.0043","C"
"4","Trait5","FASTmrMLM","NsiI.TP774382","5","65775221","-0.0637","0.3986","G"
"4","Trait5","FASTmrMLM","PstI.TP109233","5","65839836","-2.7557e-05","0.006","G"
"4","Trait5","FASTmrMLM","PstI.TP974067","5","65842503","-2.0394e-06","4e-04","A"
"4","Trait5","FASTmrMLM","PstI.TP343780","5","65872069","-2.931e-05","0.0064","A"
"4","Trait5","FASTmrMLM","NsiI.TP8556","5","65958362","1.3962e-05","0.003","G"
"4","Trait5","FASTmrMLM","NsiI.TP19128","5","66054677","8.15e-07","2e-04","A"
"4","Trait5","FASTmrMLM","NsiI.TP267327","5","66109578","0.0309","0.1514","G"
"4","Trait5","FASTmrMLM","PstI.TP744734","5","66118812","0.07","0.5777","A"
"4","Trait5","FASTmrMLM","NsiI.TP413805","5","66186490","1.2906e-05","0.0028","A"
"4","Trait5","FASTmrMLM","PstI.TP441981","5","66246036","-1.9515e-05","0.0043","C"
"4","Trait5","FASTmrMLM","PstI.TP646971","5","66287911","0.1038","1.1142","C"
"4","Trait5","FASTmrMLM","PstI.TP100836","5","66355299","1.6253e-06","4e-04","C"
"4","Trait5","FASTmrMLM","PstI.TP56167","5","66355886","-2.6698e-06","6e-04","C"
"4","Trait5","FASTmrMLM","PstI.TP938208","5","66503760","0.0874","0.4199","C"
"4","Trait5","FASTmrMLM","NsiI.TP136752","5","66581861","0.1719","2.7941","A"
"4","Trait5","FASTmrMLM","NsiI.TP672511","5","66582158","2.7457e-05","0.006","A"
"4","Trait5","FASTmrMLM","NsiI.TP672856","5","66582167","-2.6895e-05","0.0059","A"
"4","Trait5","FASTmrMLM","NsiI.TP673543","5","66634619","-3.3913e-05","0.0074","C"
"4","Trait5","FASTmrMLM","NsiI.TP269417","5","66662923","8.9479e-06","0.002","A"
"4","Trait5","FASTmrMLM","PstI.TP256814","5","66682279","-0.0192","0.1892","A"
"4","Trait5","FASTmrMLM","PstI.TP222648","5","66913366","2.3573e-05","0.0052","A"
"4","Trait5","FASTmrMLM","PstI.TP991736","5","66915728","-6.7866e-06","0.0015","C"
"4","Trait5","FASTmrMLM","NsiI.TP736993","5","66921979","0.0378","0.2413","A"
"4","Trait5","FASTmrMLM","PstI.TP1157410","5","66965973","1.9757e-05","0.0043","A"
"4","Trait5","FASTmrMLM","PstI.TP247986","5","66966119","-0.1134","0.981","C"
"4","Trait5","FASTmrMLM","PstI.TP723937","5","67174126","-3.5599e-05","0.0078","A"
"4","Trait5","FASTmrMLM","NsiI.TP511255","5","67182945","-1.3414e-05","0.0029","C"
"4","Trait5","FASTmrMLM","NsiI.TP441388","5","67184956","7.1261e-05","0.0089","A"
"4","Trait5","FASTmrMLM","PstI.TP1006882","5","67185682","5.0905e-06","0.0011","A"
"4","Trait5","FASTmrMLM","NsiI.TP821305","5","67214261","0.1578","1.1899","G"
"4","Trait5","FASTmrMLM","PstI.TP1003032","5","67237553","-0.073","0.4096","C"
"4","Trait5","FASTmrMLM","NsiI.TP710238","5","67239670","-2.754e-06","6e-04","G"
"4","Trait5","FASTmrMLM","NsiI.TP401641","5","67269122","3.3425e-06","7e-04","C"
"4","Trait5","FASTmrMLM","PstI.TP270259","5","67269901","-0.2774","1.3391","A"
"4","Trait5","FASTmrMLM","NsiI.TP166218","5","67270929","-8.7655e-06","0.0019","C"
"4","Trait5","FASTmrMLM","NsiI.TP35810","5","67271008","5.1464e-06","0.0011","A"
"4","Trait5","FASTmrMLM","NsiI.TP206388","5","67298037","4.1903e-06","9e-04","A"
"4","Trait5","FASTmrMLM","PstI.TP403247","5","67327824","0.0083","0.1503","C"
"4","Trait5","FASTmrMLM","NsiI.TP597253","5","67333295","1.7162e-05","0.0038","A"
"4","Trait5","FASTmrMLM","NsiI.TP611508","5","67361698","-4.9009e-06","0.0011","C"
"4","Trait5","FASTmrMLM","PstI.TP525850","5","67376547","3.2788e-05","0.0072","C"
"4","Trait5","FASTmrMLM","PstI.TP701290","5","67409618","4.8191e-06","0.0011","A"
"4","Trait5","FASTmrMLM","NsiI.TP294013","5","67419185","-2.4265e-06","5e-04","C"
"4","Trait5","FASTmrMLM","NsiI.TP760324","5","67444185","7.2099e-06","0.0016","C"
"4","Trait5","FASTmrMLM","PstI.TP181332","5","67518317","-2.7088e-06","6e-04","A"
"4","Trait5","FASTmrMLM","NsiI.TP607449","5","67524058","1.0108e-05","0.0022","A"
"4","Trait5","FASTmrMLM","NsiI.TP835392","5","67530709","9.3845e-06","0.002","A"
"4","Trait5","FASTmrMLM","NsiI.TP321896","5","67569701","1.642e-05","0.0036","A"
"4","Trait5","FASTmrMLM","PstI.TP51756","5","67599254","-1.0827e-05","0.0024","A"
"4","Trait5","FASTmrMLM","PstI.TP508921","5","67634160","-2.5476e-06","6e-04","A"
"4","Trait5","FASTmrMLM","PstI.TP32062","5","67677464","1.7811e-06","4e-04","G"
"4","Trait5","FASTmrMLM","PstI.TP1045209","5","67682690","-0.1201","0.6409","A"
"4","Trait5","FASTmrMLM","PstI.TP1258511","5","67710146","-0.1647","0.7158","C"
"4","Trait5","FASTmrMLM","PstI.TP175391","5","67756988","-3.2194e-05","0.0071","C"
"4","Trait5","FASTmrMLM","PstI.TP958148","5","67776513","-9.0681e-06","0.002","A"
"4","Trait5","FASTmrMLM","NsiI.TP27223","5","67793443","3.0569e-05","0.0067","C"
"4","Trait5","FASTmrMLM","PstI.TP74030","5","67800454","4.1562e-06","9e-04","C"
"4","Trait5","FASTmrMLM","PstI.TP246652","5","67840769","-9.1437e-07","2e-04","C"
"4","Trait5","FASTmrMLM","PstI.TP1120231","5","67965222","2.6308e-06","6e-04","C"
"4","Trait5","FASTmrMLM","PstI.TP1159438","5","67972364","1.6523e-05","0.0036","A"
"4","Trait5","FASTmrMLM","PstI.TP923636","5","68167190","-0.2421","1.9691","G"
"4","Trait5","FASTmrMLM","PstI.TP1096883","5","68187306","-0.0561","0.2552","A"
"4","Trait5","FASTmrMLM","NsiI.TP629725","5","68224235","-1.6362e-05","0.0036","G"
"4","Trait5","FASTmrMLM","PstI.TP1267469","5","68261688","5.5439e-06","0.0012","C"
"4","Trait5","FASTmrMLM","NsiI.TP515603","5","68269240","4.5697e-06","0.001","A"
"4","Trait5","FASTmrMLM","NsiI.TP609151","5","68282440","-2e-04","0.0113","C"
"4","Trait5","FASTmrMLM","NsiI.TP3581","5","68467677","0.4275","1.5877","C"
"4","Trait5","FASTmrMLM","PstI.TP270940","5","68495452","-7.6207e-06","0.0017","C"
"4","Trait5","FASTmrMLM","NsiI.TP222275","5","68535802","-0.0348","0.2144","C"
"4","Trait5","FASTmrMLM","NsiI.TP314190","5","68583576","-3.6906e-05","0.0081","A"
"4","Trait5","FASTmrMLM","NsiI.TP117166","5","68593912","-3.4856e-05","0.0077","A"
"4","Trait5","FASTmrMLM","PstI.TP1295325","5","68616839","-0.0557","0.3473","A"
"4","Trait5","FASTmrMLM","PstI.TP570769","5","68622754","-1.6568e-05","0.0036","C"
"4","Trait5","FASTmrMLM","PstI.TP882242","5","68630849","-1.0329e-05","0.0023","A"
"4","Trait5","FASTmrMLM","NsiI.TP738230","5","68631442","-1.1151e-05","0.0024","A"
"4","Trait5","FASTmrMLM","PstI.TP129544","5","68632419","-0.0997","0.5201","A"
"4","Trait5","FASTmrMLM","NsiI.TP411030","5","68741703","-3.1592e-06","7e-04","G"
"4","Trait5","FASTmrMLM","PstI.TP144815","5","68804843","-1.3326e-05","0.0029","C"
"4","Trait5","FASTmrMLM","NsiI.TP25852","5","68972497","5.7589e-05","0.008","A"
"4","Trait5","FASTmrMLM","PstI.TP1186248","5","68988195","-0.0665","0.8457","C"
"4","Trait5","FASTmrMLM","PstI.TP1162518","5","69033440","1.7459e-05","0.0038","C"
"4","Trait5","FASTmrMLM","PstI.TP1162520","5","69033478","-1.2403e-05","0.0027","C"
"4","Trait5","FASTmrMLM","PstI.TP1013561","5","69038793","-0.05","0.2951","A"
"4","Trait5","FASTmrMLM","NsiI.TP832252","5","69038989","-1.6444e-05","0.0036","A"
"4","Trait5","FASTmrMLM","PstI.TP1275880","5","69063426","-0.2029","1.2899","C"
"4","Trait5","FASTmrMLM","PstI.TP868739","5","69064644","3.8242e-06","8e-04","A"
"4","Trait5","FASTmrMLM","PstI.TP372461","5","69064710","-2.5981e-05","0.0057","C"
"4","Trait5","FASTmrMLM","PstI.TP1245451","5","69088208","-2.4673e-05","0.0054","A"
"4","Trait5","FASTmrMLM","PstI.TP1172391","5","69210194","-4.4803e-06","0.001","G"
"4","Trait5","FASTmrMLM","NsiI.TP536293","5","69211610","7.4623e-06","0.0016","A"
"4","Trait5","FASTmrMLM","NsiI.TP458666","5","69213602","0.0707","0.4721","A"
"4","Trait5","FASTmrMLM","PstI.TP841498","5","69228848","0.0866","0.6425","A"
"4","Trait5","FASTmrMLM","PstI.TP1145813","5","69264081","-0.1798","1.9882","C"
"4","Trait5","FASTmrMLM","GFSSContig18919_2493","5","69363598","6.6374e-06","0.0014","A"
"4","Trait5","FASTmrMLM","NsiI.TP283606","5","69364030","0.3778","1.3461","A"
"4","Trait5","FASTmrMLM","PstI.TP506442","5","69364986","-1.3596e-05","0.003","C"
"4","Trait5","FASTmrMLM","PstI.TP26068","5","69540365","-1.2229e-07","2.6614e-05","C"
"4","Trait5","FASTmrMLM","PstI.TP289092","5","69565529","-0.0297","0.1714","C"
"4","Trait5","FASTmrMLM","NsiI.TP522698","5","69591371","-5.845e-07","1e-04","C"
"4","Trait5","FASTmrMLM","PstI.TP1204556","5","69610803","-1.2944e-05","0.0028","A"
"4","Trait5","FASTmrMLM","PstI.TP254423","5","69610847","0.0746","0.9544","G"
"4","Trait5","FASTmrMLM","PstI.TP131046","5","69611273","-3.5334e-05","0.0078","A"
"4","Trait5","FASTmrMLM","PstI.TP48729","5","69611894","1.0415e-05","0.0023","C"
"4","Trait5","FASTmrMLM","PstI.TP629767","5","69639113","-1.0598e-05","0.0023","C"
"4","Trait5","FASTmrMLM","PstI.TP926766","5","69640057","-9.7474e-06","0.0021","C"
"4","Trait5","FASTmrMLM","PstI.TP130801","5","69682003","0.0294","0.182","C"
"4","Trait5","FASTmrMLM","PstI.TP210050","5","69692496","1.7821e-05","0.0039","G"
"4","Trait5","FASTmrMLM","PstI.TP998896","5","69692529","-2.8028e-05","0.0061","C"
"4","Trait5","FASTmrMLM","PstI.TP875202","5","69773265","-0.0074","0.1346","G"
"4","Trait5","FASTmrMLM","PstI.TP305301","5","69774402","0.1556","1.5901","A"
"4","Trait5","FASTmrMLM","PstI.TP821892","5","69798058","-7.9926e-06","0.0017","A"
"4","Trait5","FASTmrMLM","PstI.TP445366","5","69943620","0.0782","1.0656","C"
"4","Trait5","FASTmrMLM","NsiI.TP316126","5","70029072","3.4688e-05","0.0076","A"
"4","Trait5","FASTmrMLM","PstI.TP982613","5","70110986","-5.8933e-06","0.0013","C"
"4","Trait5","FASTmrMLM","PstI.TP943636","5","70133582","1.9901e-05","0.0044","C"
"4","Trait5","FASTmrMLM","PstI.TP416141","5","70134153","-0.0716","0.2876","A"
"4","Trait5","FASTmrMLM","NsiI.TP428694","5","70138556","-2.9145e-05","0.0064","G"
"4","Trait5","FASTmrMLM","PstI.TP1269176","5","70203514","1.8946e-06","4e-04","A"
"4","Trait5","FASTmrMLM","NsiI.TP360765","5","70204599","-0.0097","0.1929","C"
"4","Trait5","FASTmrMLM","NsiI.TP349857","5","70209392","-0.2","0.6963","C"
"4","Trait5","FASTmrMLM","PstI.TP791230","5","70209926","0.031","0.1961","A"
"4","Trait5","FASTmrMLM","NsiI.TP350023","5","70215717","-1.8905e-05","0.0041","C"
"4","Trait5","FASTmrMLM","PstI.TP120033","5","70216600","-4.4435e-05","0.0098","A"
"4","Trait5","FASTmrMLM","NsiI.TP442160","5","70281600","3.7847e-06","8e-04","C"
"4","Trait5","FASTmrMLM","PstI.TP610513","5","70330274","1.7819e-05","0.0039","C"
"4","Trait5","FASTmrMLM","NsiI.TP316781","5","70559371","1.5654e-05","0.0034","C"
"4","Trait5","FASTmrMLM","PstI.TP141262","5","70617576","-7.9937e-06","0.0017","C"
"4","Trait5","FASTmrMLM","PstI.TP970530","5","70619912","-0.05","0.4984","A"
"4","Trait5","FASTmrMLM","PstI.TP81102","5","70638358","1.6773e-06","4e-04","A"
"4","Trait5","FASTmrMLM","PstI.TP842690","5","70657940","-9.4189e-06","0.0021","A"
"4","Trait5","FASTmrMLM","PstI.TP122763","5","70686010","0.0261","0.2879","C"
"4","Trait5","FASTmrMLM","NsiI.TP38643","5","70762469","8.0321e-06","0.0018","A"
"4","Trait5","FASTmrMLM","PstI.TP55109","5","70778339","0.1381","2.4722","C"
"4","Trait5","FASTmrMLM","PstI.TP447845","5","70823654","-4.0904e-06","9e-04","C"
"4","Trait5","FASTmrMLM","PstI.TP742466","5","70851257","-0.2842","3.2315","A"
"4","Trait5","FASTmrMLM","PstI.TP946087","5","71135217","0.0881","1.0369","A"
"4","Trait5","FASTmrMLM","NsiI.TP293307","5","71207684","-0.0338","0.4201","C"
"4","Trait5","FASTmrMLM","PstI.TP880890","5","71220345","-4.7832e-07","1e-04","G"
"4","Trait5","FASTmrMLM","NsiI.TP421034","5","71242059","8.1702e-06","0.0018","A"
"4","Trait5","FASTmrMLM","PstI.TP1165929","5","71293274","-2.5428e-05","0.0056","A"
"4","Trait5","FASTmrMLM","NsiI.TP219395","5","71337038","5.6893e-06","0.0012","C"
"4","Trait5","FASTmrMLM","PstI.TP755723","5","71342674","-3e-04","0.0164","C"
"4","Trait5","FASTmrMLM","PstI.TP742343","5","71343142","-0.0152","0.181","A"
"4","Trait5","FASTmrMLM","NsiI.TP33290","5","71366997","-3.1236e-06","7e-04","A"
"4","Trait5","FASTmrMLM","NsiI.TP420042","5","71373521","-0.0378","0.247","A"
"4","Trait5","FASTmrMLM","NsiI.TP593472","5","71516137","8.8609e-06","0.0019","A"
"4","Trait5","FASTmrMLM","PstI.TP1022824","5","71540728","0.1087","0.866","G"
"4","Trait5","FASTmrMLM","NsiI.TP27467","5","71540730","-1.9222e-05","0.0042","A"
"4","Trait5","FASTmrMLM","PstI.TP1247114","5","71577485","-0.1043","0.5803","A"
"4","Trait5","FASTmrMLM","NsiI.TP252876","5","71578357","-1.4127e-05","0.0031","C"
"4","Trait5","FASTmrMLM","PstI.TP319342","5","71584607","1.506e-06","3e-04","A"
"4","Trait5","FASTmrMLM","PstI.TP724345","5","71593518","-1.0087e-05","0.0022","C"
"4","Trait5","FASTmrMLM","PstI.TP712192","5","71599707","-1.1103e-05","0.0024","C"
"4","Trait5","FASTmrMLM","NsiI.TP130543","5","71599733","-5.9655e-06","0.0013","C"
"4","Trait5","FASTmrMLM","NsiI.TP134222","5","71599752","6.9219e-06","0.0015","A"
"4","Trait5","FASTmrMLM","PstI.TP45563","5","71604519","-0.0985","0.5721","A"
"4","Trait5","FASTmrMLM","NsiI.TP591612","5","71627751","0.0099","0.0894","A"
"4","Trait5","FASTmrMLM","PstI.TP908809","5","71667156","0.3233","1.606","A"
"4","Trait5","FASTmrMLM","PstI.TP241461","5","71687514","0.0803","0.8958","A"
"4","Trait5","FASTmrMLM","PstI.TP387793","5","71688131","3e-04","0.0158","C"
"4","Trait5","FASTmrMLM","PstI.TP1039463","5","71695051","0.1093","0.4872","A"
"4","Trait5","FASTmrMLM","NsiI.TP624216","5","71711064","1.9222e-05","0.0042","A"
"4","Trait5","FASTmrMLM","NsiI.TP673962","5","71715889","5.0134e-06","0.0011","C"
"4","Trait5","FASTmrMLM","NsiI.TP661680","5","71728830","2.8512e-05","0.0062","C"
"4","Trait5","FASTmrMLM","PstI.TP575715","5","71730598","2.4101e-05","0.0053","A"
"4","Trait5","FASTmrMLM","PstI.TP575738","5","71730598","5.5166e-06","0.0012","A"
"4","Trait5","FASTmrMLM","PstI.TP575882","5","71730598","1.4444e-05","0.0032","A"
"4","Trait5","FASTmrMLM","NsiI.TP121022","5","71744727","-4.0112e-05","0.0088","A"
"4","Trait5","FASTmrMLM","NsiI.TP169322","5","71759480","0.063","0.285","A"
"4","Trait5","FASTmrMLM","PstI.TP700084","5","71759520","-5.6531e-07","1e-04","C"
"4","Trait5","FASTmrMLM","PstI.TP489102","5","71762278","0.0126","0.1624","C"
"4","Trait5","FASTmrMLM","NsiI.TP436044","5","71762287","0.0433","0.3504","C"
"4","Trait5","FASTmrMLM","NsiI.TP496857","5","71788801","-2.6815e-05","0.0059","A"
"4","Trait5","FASTmrMLM","PstI.TP461600","5","71789531","-0.0553","0.3392","A"
"4","Trait5","FASTmrMLM","PstI.TP67872","5","71823060","-1.1334e-05","0.0025","G"
"4","Trait5","FASTmrMLM","PstI.TP460758","5","71830960","7.7717e-06","0.0017","C"
"4","Trait5","FASTmrMLM","PstI.TP935895","5","71850074","-8.2972e-06","0.0018","A"
"4","Trait5","FASTmrMLM","PstI.TP390249","6","18421","-0.1662","0.6498","A"
"4","Trait5","FASTmrMLM","NsiI.TP127144","6","35696","-3.1873e-05","0.007","A"
"4","Trait5","FASTmrMLM","NsiI.TP13915","6","74720","-0.1003","0.4498","A"
"4","Trait5","FASTmrMLM","PstI.TP986934","6","96946","4.3127e-06","9e-04","G"
"4","Trait5","FASTmrMLM","PstI.TP953356","6","96974","-1.926e-05","0.0042","G"
"4","Trait5","FASTmrMLM","NsiI.TP440856","6","107701","-2e-04","0.0137","G"
"4","Trait5","FASTmrMLM","PstI.TP273083","6","177337","0.094","1.2103","A"
"4","Trait5","FASTmrMLM","NsiI.TP120820","6","195244","4.5222e-06","0.001","A"
"4","Trait5","FASTmrMLM","PstI.TP1286135","6","255728","-1.898e-05","0.0042","A"
"4","Trait5","FASTmrMLM","PstI.TP959936","6","303312","-2.3745e-05","0.0052","A"
"4","Trait5","FASTmrMLM","PstI.TP41227","6","384882","-4.5758e-05","0.0101","C"
"4","Trait5","FASTmrMLM","PstI.TP372159","6","397980","4.6167e-06","0.001","A"
"4","Trait5","FASTmrMLM","NsiI.TP39503","6","432073","1.3039e-05","0.0028","A"
"4","Trait5","FASTmrMLM","PstI.TP426779","6","445806","2.0243e-06","4e-04","A"
"4","Trait5","FASTmrMLM","PstI.TP355315","6","456604","0.0811","0.8475","A"
"4","Trait5","FASTmrMLM","PstI.TP1255794","6","462268","0.1509","1.2849","A"
"4","Trait5","FASTmrMLM","PstI.TP780124","6","469198","-7.5943e-06","0.0017","A"
"4","Trait5","FASTmrMLM","PstI.TP381857","6","486129","0.0809","0.3966","A"
"4","Trait5","FASTmrMLM","PstI.TP1022225","6","509897","-1.6408e-05","0.0036","C"
"4","Trait5","FASTmrMLM","NsiI.TP63547","6","527651","1.4481e-05","0.0032","A"
"4","Trait5","FASTmrMLM","NsiI.TP352027","6","536599","-0.08","0.6197","C"
"4","Trait5","FASTmrMLM","NsiI.TP595534","6","549674","-1.2167e-05","0.0027","A"
"4","Trait5","FASTmrMLM","NsiI.TP352026","6","555824","-0.0714","0.6663","C"
"4","Trait5","FASTmrMLM","PstI.TP607222","6","627440","2.0667e-05","0.0045","G"
"4","Trait5","FASTmrMLM","PstI.TP828408","6","661825","-8.7052e-06","0.0019","C"
"4","Trait5","FASTmrMLM","PstI.TP893993","6","796417","9.983e-06","0.0022","A"
"4","Trait5","FASTmrMLM","PstI.TP131208","6","799658","-5.0774e-07","1e-04","C"
"4","Trait5","FASTmrMLM","PstI.TP457236","6","808796","-1.5575e-06","3e-04","C"
"4","Trait5","FASTmrMLM","PstI.TP115100","6","808926","1.6532e-05","0.0036","A"
"4","Trait5","FASTmrMLM","PstI.TP617664","6","869486","1.1435e-05","0.0025","A"
"4","Trait5","FASTmrMLM","PstI.TP1262893","6","983689","0.0818","0.5821","G"
"4","Trait5","FASTmrMLM","PstI.TP1262907","6","983691","0.1674","0.7507","A"
"4","Trait5","FASTmrMLM","PstI.TP197311","6","984033","-2.9695e-05","0.0065","G"
"4","Trait5","FASTmrMLM","PstI.TP1271081","6","1003618","-2.5691e-06","6e-04","G"
"4","Trait5","FASTmrMLM","NsiI.TP628256","6","1027945","0.1171","1.6182","A"
"4","Trait5","FASTmrMLM","PstI.TP625061","6","1050314","-0.1124","0.5502","A"
"4","Trait5","FASTmrMLM","NsiI.TP219039","6","1233541","0.2465","0.9221","G"
"4","Trait5","FASTmrMLM","PstI.TP1273759","6","1250118","2.9097e-05","0.0064","C"
"4","Trait5","FASTmrMLM","PstI.TP1251861","6","1326750","-1.1077e-05","0.0024","A"
"4","Trait5","FASTmrMLM","PstI.TP96447","6","1371354","-2.0866e-05","0.0046","C"
"4","Trait5","FASTmrMLM","PstI.TP298201","6","1375822","0.0372","0.2782","C"
"4","Trait5","FASTmrMLM","PstI.TP940785","6","1379236","4.8944e-06","0.0011","A"
"4","Trait5","FASTmrMLM","NsiI.TP436473","6","1386687","-1.4688e-05","0.0032","C"
"4","Trait5","FASTmrMLM","NsiI.TP615501","6","1436061","-1.9849e-06","4e-04","G"
"4","Trait5","FASTmrMLM","NsiI.TP591474","6","1519184","-1.1198e-06","2e-04","A"
"4","Trait5","FASTmrMLM","NsiI.TP226618","6","1519416","-3.7628e-05","0.0083","C"
"4","Trait5","FASTmrMLM","NsiI.TP441583","6","1520280","-0.0506","0.4858","C"
"4","Trait5","FASTmrMLM","NsiI.TP360056","6","1535888","0.0958","0.6592","C"
"4","Trait5","FASTmrMLM","NsiI.TP211940","6","1544107","0.0543","0.3939","A"
"4","Trait5","FASTmrMLM","PstI.TP1212201","6","1555366","-1.1818e-05","0.0026","A"
"4","Trait5","FASTmrMLM","GFSSContig20569_1650","6","1588235","0.0364","0.4671","T"
"4","Trait5","FASTmrMLM","PstI.TP35902","6","1610136","0.0602","0.727","C"
"4","Trait5","FASTmrMLM","PstI.TP106584","6","1659121","-6.9735e-06","0.0015","A"
"4","Trait5","FASTmrMLM","NsiI.TP147734","6","1671628","-3.3747e-05","0.0064","C"
"4","Trait5","FASTmrMLM","NsiI.TP782379","6","1780130","0.0318","0.3228","A"
"4","Trait5","FASTmrMLM","PstI.TP60284","6","1845370","-1.6402e-05","0.0036","A"
"4","Trait5","FASTmrMLM","NsiI.TP175436","6","1850626","-3.1514e-05","0.0061","G"
"4","Trait5","FASTmrMLM","PstI.TP84489","6","1850636","1.9893e-05","0.0044","A"
"4","Trait5","FASTmrMLM","PstI.TP84561","6","1850636","1.1864e-06","3e-04","C"
"4","Trait5","FASTmrMLM","NsiI.TP121308","6","1857305","2.2785e-05","0.0037","C"
"4","Trait5","FASTmrMLM","PstI.TP828009","6","1861553","-0.0316","0.3293","G"
"4","Trait5","FASTmrMLM","PstI.TP708834","6","1910148","0.037","0.3383","A"
"4","Trait5","FASTmrMLM","PstI.TP774963","6","1911989","-0.1992","1.9494","A"
"4","Trait5","FASTmrMLM","PstI.TP160013","6","1913467","1.2981e-05","0.0028","A"
"4","Trait5","FASTmrMLM","PstI.TP409573","6","1934495","-0.0576","0.6111","G"
"4","Trait5","FASTmrMLM","PstI.TP470569","6","1961291","0.029","0.3109","C"
"4","Trait5","FASTmrMLM","PstI.TP83171","6","1961375","-2.529e-05","0.0055","A"
"4","Trait5","FASTmrMLM","PstI.TP988627","6","1967395","6.7168e-06","0.0015","C"
"4","Trait5","FASTmrMLM","PstI.TP314240","6","1992492","-1.486e-05","0.0032","A"
"4","Trait5","FASTmrMLM","NsiI.TP203570","6","2078276","0.0801","0.411","C"
"4","Trait5","FASTmrMLM","PstI.TP1243819","6","2081638","-8.4761e-06","0.0018","G"
"4","Trait5","FASTmrMLM","PstI.TP847161","6","2152129","9.2511e-06","0.002","C"
"4","Trait5","FASTmrMLM","PstI.TP236931","6","2153286","-0.1109","0.7439","A"
"4","Trait5","FASTmrMLM","PstI.TP166492","6","2200069","1.6604e-05","0.0036","A"
"4","Trait5","FASTmrMLM","PstI.TP544549","6","2226986","-0.2889","1.2329","C"
"4","Trait5","FASTmrMLM","PstI.TP497885","6","2229119","1.2376e-05","0.0027","C"
"4","Trait5","FASTmrMLM","PstI.TP834194","6","2364305","-7.8355e-06","0.0017","A"
"4","Trait5","FASTmrMLM","PstI.TP1069097","6","2377541","4.5013e-06","0.001","A"
"4","Trait5","FASTmrMLM","NsiI.TP830794","6","2409573","7.8116e-06","0.0017","A"
"4","Trait5","FASTmrMLM","PstI.TP6439","6","2462612","2.3574e-05","0.0052","A"
"4","Trait5","FASTmrMLM","PstI.TP1271833","6","2485726","1.7406e-05","0.0038","C"
"4","Trait5","FASTmrMLM","PstI.TP372403","6","2500952","-8.7487e-06","0.0019","A"
"4","Trait5","FASTmrMLM","NsiI.TP813329","6","2519447","-4.084e-06","9e-04","C"
"4","Trait5","FASTmrMLM","NsiI.TP265897","6","2642130","-6.7295e-06","0.0015","A"
"4","Trait5","FASTmrMLM","NsiI.TP634153","6","2671374","2e-04","0.013","A"
"4","Trait5","FASTmrMLM","NsiI.TP373425","6","2804111","-1.5831e-05","0.0035","A"
"4","Trait5","FASTmrMLM","NsiI.TP373335","6","2804121","-0.0318","0.2258","A"
"4","Trait5","FASTmrMLM","NsiI.TP67832","6","2929664","-0.0126","0.2029","A"
"4","Trait5","FASTmrMLM","NsiI.TP429477","6","3007296","2e-04","0.0122","A"
"4","Trait5","FASTmrMLM","PstI.TP288752","6","3050548","-2.7594e-05","0.006","A"
"4","Trait5","FASTmrMLM","NsiI.TP615657","6","3081160","-3e-04","0.0172","C"
"4","Trait5","FASTmrMLM","PstI.TP33096","6","3180162","-1.9598e-06","4e-04","C"
"4","Trait5","FASTmrMLM","NsiI.TP762935","6","3182336","0.2497","1.7261","C"
"4","Trait5","FASTmrMLM","PstI.TP240804","6","3194811","2.5582e-05","0.0056","A"
"4","Trait5","FASTmrMLM","PstI.TP362447","6","3260933","-7e-04","0.0241","A"
"4","Trait5","FASTmrMLM","NsiI.TP245202","6","3260933","2e-04","0.0118","C"
"4","Trait5","FASTmrMLM","NsiI.TP281124","6","3260939","-6.2403e-06","0.0014","A"
"4","Trait5","FASTmrMLM","PstI.TP262348","6","3334629","1.3517e-05","0.003","C"
"4","Trait5","FASTmrMLM","PstI.TP744252","6","3334644","1.4703e-05","0.0032","A"
"4","Trait5","FASTmrMLM","PstI.TP339994","6","3571650","5.0037e-06","0.0011","C"
"4","Trait5","FASTmrMLM","NsiI.TP150021","6","3606893","-0.1619","0.8277","C"
"4","Trait5","FASTmrMLM","NsiI.TP512362","6","3628759","-1.8463e-05","0.004","A"
"4","Trait5","FASTmrMLM","PstI.TP1092694","6","3754118","-3.0838e-05","0.0068","C"
"4","Trait5","FASTmrMLM","PstI.TP1094055","6","3834577","-8.9313e-06","0.0019","A"
"4","Trait5","FASTmrMLM","PstI.TP533938","6","3839549","-2.9142e-06","6e-04","C"
"4","Trait5","FASTmrMLM","PstI.TP1172225","6","3890042","6.6066e-06","0.0014","C"
"4","Trait5","FASTmrMLM","PstI.TP512560","6","3895073","-1.8006e-05","0.0039","C"
"4","Trait5","FASTmrMLM","PstI.TP758998","6","3899613","-7.1846e-07","2e-04","C"
"4","Trait5","FASTmrMLM","PstI.TP434866","6","3914949","0.14","1.5227","A"
"4","Trait5","FASTmrMLM","PstI.TP901714","6","3915493","3.1472e-05","0.0069","C"
"4","Trait5","FASTmrMLM","PstI.TP683635","6","3936964","-2.027e-05","0.0044","C"
"4","Trait5","FASTmrMLM","NsiI.TP144537","6","3960734","-2.7722e-05","0.0061","G"
"4","Trait5","FASTmrMLM","NsiI.TP797191","6","3979673","-2.4338e-05","0.0053","A"
"4","Trait5","FASTmrMLM","NsiI.TP499923","6","3981325","0.2137","0.8492","C"
"4","Trait5","FASTmrMLM","PstI.TP360245","6","4260794","-4.0889e-05","0.009","G"
"4","Trait5","FASTmrMLM","PstI.TP817955","6","4266645","-2.3001e-05","0.005","C"
"4","Trait5","FASTmrMLM","PstI.TP5904","6","4272324","-0.0782","1.0363","C"
"4","Trait5","FASTmrMLM","NsiI.TP580268","6","4463658","9.6194e-06","0.0021","C"
"4","Trait5","FASTmrMLM","PstI.TP75435","6","4525964","8.0998e-06","0.0018","G"
"4","Trait5","FASTmrMLM","PstI.TP950372","6","4589125","0.0784","0.8861","C"
"4","Trait5","FASTmrMLM","NsiI.TP452162","6","4678822","-4.2333e-05","0.0093","C"
"4","Trait5","FASTmrMLM","PstI.TP847907","6","4721495","-0.0928","0.5613","C"
"4","Trait5","FASTmrMLM","NsiI.TP576558","6","4722794","1.1439e-05","0.0025","A"
"4","Trait5","FASTmrMLM","NsiI.TP391270","6","4872841","1.0897e-05","0.0024","A"
"4","Trait5","FASTmrMLM","NsiI.TP345981","6","4907495","0.0447","0.4826","A"
"4","Trait5","FASTmrMLM","PstI.TP1089540","6","5328843","8.1873e-06","0.0018","A"
"4","Trait5","FASTmrMLM","PstI.TP1040960","6","5575670","-0.0939","0.7942","C"
"4","Trait5","FASTmrMLM","NsiI.TP38028","6","5645718","9.5055e-06","0.0021","A"
"4","Trait5","FASTmrMLM","PstI.TP805729","6","5877749","2.2364e-05","0.0049","A"
"4","Trait5","FASTmrMLM","NsiI.TP108822","6","5886763","1.7522e-05","0.0038","G"
"4","Trait5","FASTmrMLM","PstI.TP15282","6","6025251","1.3158e-05","0.0029","C"
"4","Trait5","FASTmrMLM","NsiI.TP32455","6","6026230","3.3327e-05","0.0073","A"
"4","Trait5","FASTmrMLM","PstI.TP202889","6","6077060","-1.391e-05","0.003","A"
"4","Trait5","FASTmrMLM","PstI.TP202899","6","6077089","-5.652e-06","0.0012","A"
"4","Trait5","FASTmrMLM","NsiI.TP15687","6","6110612","-1.4531e-05","0.0032","A"
"4","Trait5","FASTmrMLM","PstI.TP365986","6","6142813","0.0186","0.1092","C"
"4","Trait5","FASTmrMLM","PstI.TP989730","6","6156150","3.184e-05","0.007","A"
"4","Trait5","FASTmrMLM","NsiI.TP690223","6","6293609","1.6043e-05","0.0035","A"
"4","Trait5","FASTmrMLM","PstI.TP853662","6","6296581","2.1315e-05","0.0047","C"
"4","Trait5","FASTmrMLM","PstI.TP250403","6","6308579","1.7397e-05","0.0038","A"
"4","Trait5","FASTmrMLM","NsiI.TP2518","6","6381083","1.5412e-05","0.0034","A"
"4","Trait5","FASTmrMLM","NsiI.TP322203","6","6388055","0.0492","0.6537","A"
"4","Trait5","FASTmrMLM","PstI.TP842028","6","6405059","1.1628e-05","0.0025","C"
"4","Trait5","FASTmrMLM","NsiI.TP171942","6","6451184","-1.7377e-05","0.0038","C"
"4","Trait5","FASTmrMLM","PstI.TP1010394","6","6506839","1.4117e-05","0.0031","A"
"4","Trait5","FASTmrMLM","NsiI.TP250793","6","6506931","-9.587e-06","0.0021","C"
"4","Trait5","FASTmrMLM","PstI.TP216597","6","6514552","0.0296","0.3642","G"
"4","Trait5","FASTmrMLM","PstI.TP825113","6","6585758","-9.7123e-07","2e-04","C"
"4","Trait5","FASTmrMLM","NsiI.TP664991","6","6587181","0.0622","0.2486","G"
"4","Trait5","FASTmrMLM","PstI.TP142272","6","6590379","0.0567","0.3108","A"
"4","Trait5","FASTmrMLM","PstI.TP819907","6","6739141","1.8542e-05","0.0041","C"
"4","Trait5","FASTmrMLM","PstI.TP1136919","6","6739369","2.397e-06","5e-04","A"
"4","Trait5","FASTmrMLM","PstI.TP726865","6","6744838","1.1852e-05","0.0026","C"
"4","Trait5","FASTmrMLM","NsiI.TP440146","6","6888755","-8.6114e-06","0.0019","A"
"4","Trait5","FASTmrMLM","PstI.TP105291","6","7005695","5.9857e-06","0.0013","C"
"4","Trait5","FASTmrMLM","NsiI.TP84447","6","7006918","-0.0272","0.2621","A"
"4","Trait5","FASTmrMLM","PstI.TP52142","6","7011541","-1.6904e-05","0.0037","C"
"4","Trait5","FASTmrMLM","NsiI.TP113973","6","7161190","-3.359e-05","0.0074","A"
"4","Trait5","FASTmrMLM","PstI.TP1120842","6","7488157","0.0755","1.0433","C"
"4","Trait5","FASTmrMLM","NsiI.TP33079","6","7777434","1.2667e-06","3e-04","A"
"4","Trait5","FASTmrMLM","NsiI.TP423257","6","8209105","-2.3908e-05","0.0052","C"
"4","Trait5","FASTmrMLM","PstI.TP335793","6","8209847","0.059","0.4935","C"
"4","Trait5","FASTmrMLM","PstI.TP685274","6","8211306","-1.3883e-06","3e-04","C"
"4","Trait5","FASTmrMLM","NsiI.TP592783","6","8700530","-0.2034","1.3262","A"
"4","Trait5","FASTmrMLM","NsiI.TP427296","6","8765381","1.4358e-05","0.0031","C"
"4","Trait5","FASTmrMLM","PstI.TP202209","6","9086296","-1.3843e-05","0.003","C"
"4","Trait5","FASTmrMLM","PstI.TP867592","6","9086550","-1.6589e-05","0.0036","C"
"4","Trait5","FASTmrMLM","PstI.TP1071406","6","9087147","-0.3167","2.2311","A"
"4","Trait5","FASTmrMLM","NsiI.TP206563","6","9088761","-0.2682","1.6009","A"
"4","Trait5","FASTmrMLM","NsiI.TP206564","6","9088774","1.8261e-05","0.004","C"
"4","Trait5","FASTmrMLM","GFSSContig18408_1087","6","11445945","2.3939e-05","0.0052","T"
"4","Trait5","FASTmrMLM","NsiI.TP697503","6","11491757","-1e-04","0.0116","G"
"4","Trait5","FASTmrMLM","PstI.TP373881","6","12195747","4.9438e-05","0.0109","A"
"4","Trait5","FASTmrMLM","PstI.TP1157659","6","12195814","4.3906e-06","0.001","C"
"4","Trait5","FASTmrMLM","PstI.TP794382","6","14220994","1.0853e-05","0.0024","A"
"4","Trait5","FASTmrMLM","NsiI.TP835775","6","14520824","-3e-04","0.0159","C"
"4","Trait5","FASTmrMLM","PstI.TP40238","6","14544576","-0.0805","0.9744","C"
"4","Trait5","FASTmrMLM","PstI.TP1009946","6","15106417","0.0098","0.1634","C"
"4","Trait5","FASTmrMLM","PstI.TP1207958","6","15385980","3.2976e-05","0.0072","A"
"4","Trait5","FASTmrMLM","PstI.TP50915","6","15657170","-0.1104","0.6904","G"
"4","Trait5","FASTmrMLM","NsiI.TP501449","6","16162674","0.0441","0.3994","A"
"4","Trait5","FASTmrMLM","NsiI.TP60207","6","16164076","0.0106","0.1495","A"
"4","Trait5","FASTmrMLM","NsiI.TP449965","6","16393907","-0.1172","1.1301","A"
"4","Trait5","FASTmrMLM","NsiI.TP519233","6","16395072","0.6085","3.3534","A"
"4","Trait5","FASTmrMLM","PstI.TP366287","6","16432946","3.7128e-06","8e-04","A"
"4","Trait5","FASTmrMLM","PstI.TP1194166","6","16697809","-3.1721e-06","7e-04","A"
"4","Trait5","FASTmrMLM","PstI.TP381807","6","17522416","-1.6519e-07","3.5958e-05","A"
"4","Trait5","FASTmrMLM","NsiI.TP609140","6","18911509","9.3053e-06","0.002","A"
"4","Trait5","FASTmrMLM","NsiI.TP308732","6","18912392","5.9409e-06","0.0013","A"
"4","Trait5","FASTmrMLM","PstI.TP1052140","6","19137861","5.1975e-07","1e-04","A"
"4","Trait5","FASTmrMLM","PstI.TP455534","6","19162276","-2.3946e-05","0.0052","C"
"4","Trait5","FASTmrMLM","NsiI.TP35778","6","19403997","-3.6568e-07","7.9599e-05","C"
"4","Trait5","FASTmrMLM","NsiI.TP569149","6","19410429","-3.4282e-05","0.0075","C"
"4","Trait5","FASTmrMLM","NsiI.TP493388","6","24222351","-9.6676e-06","0.0021","C"
"4","Trait5","FASTmrMLM","NsiI.TP665696","6","25554677","1.125e-05","0.0025","A"
"4","Trait5","FASTmrMLM","PstI.TP884637","6","26390736","1.9195e-05","0.0042","C"
"4","Trait5","FASTmrMLM","PstI.TP820851","6","26699344","4.2439e-06","9e-04","C"
"4","Trait5","FASTmrMLM","PstI.TP879675","6","26700655","-0.0108","0.183","C"
"4","Trait5","FASTmrMLM","NsiI.TP10104","6","26705522","5.6096e-06","0.0012","G"
"4","Trait5","FASTmrMLM","PstI.TP1183353","6","27281401","-1.8151e-05","0.004","C"
"4","Trait5","FASTmrMLM","NsiI.TP13312","6","27281599","-9.8157e-06","0.0021","G"
"4","Trait5","FASTmrMLM","NsiI.TP615807","6","27281645","1.7146e-05","0.0037","A"
"4","Trait5","FASTmrMLM","NsiI.TP286041","6","27293557","9.5698e-06","0.0021","A"
"4","Trait5","FASTmrMLM","NsiI.TP181929","6","28159639","-7.9291e-06","0.0017","A"
"4","Trait5","FASTmrMLM","NsiI.TP121941","6","29564687","3.4076e-05","0.0075","C"
"4","Trait5","FASTmrMLM","GFSSContig15446_474","6","30284338","-1.6615e-05","0.0036","T"
"4","Trait5","FASTmrMLM","NsiI.TP177947","6","30579084","1.8596e-05","0.0041","A"
"4","Trait5","FASTmrMLM","NsiI.TP659536","6","30839490","-1.2971e-05","0.0028","A"
"4","Trait5","FASTmrMLM","NsiI.TP370001","6","30938923","-0.0842","0.6878","C"
"4","Trait5","FASTmrMLM","NsiI.TP291404","6","30971596","0.1034","0.4074","A"
"4","Trait5","FASTmrMLM","PstI.TP775204","6","30979435","1.1308e-05","0.0025","A"
"4","Trait5","FASTmrMLM","PstI.TP756558","6","30981116","-0.1059","0.7007","C"
"4","Trait5","FASTmrMLM","PstI.TP756560","6","30981137","-0.0725","0.8523","A"
"4","Trait5","FASTmrMLM","PstI.TP494450","6","31057422","-3.1304e-05","0.0069","A"
"4","Trait5","FASTmrMLM","PstI.TP773343","6","31243845","3.4221e-06","7e-04","A"
"4","Trait5","FASTmrMLM","NsiI.TP741968","6","31451097","1.1546e-05","0.0025","A"
"4","Trait5","FASTmrMLM","PstI.TP746300","6","31581228","-0.1263","0.6465","C"
"4","Trait5","FASTmrMLM","PstI.TP1091883","6","31723113","-0.0033","0.0573","A"
"4","Trait5","FASTmrMLM","PstI.TP831813","6","31743102","4.6181e-06","0.001","A"
"4","Trait5","FASTmrMLM","NsiI.TP125561","6","31800881","1.8118e-05","0.004","A"
"4","Trait5","FASTmrMLM","PstI.TP853901","6","31993390","-1.2097e-05","0.0026","A"
"4","Trait5","FASTmrMLM","NsiI.TP565309","6","32077727","-2.1863e-05","0.0048","G"
"4","Trait5","FASTmrMLM","PstI.TP830704","6","32107877","9.0458e-06","0.002","A"
"4","Trait5","FASTmrMLM","NsiI.TP613787","6","32127824","1.6456e-06","4e-04","C"
"4","Trait5","FASTmrMLM","NsiI.TP336759","6","32130377","-0.0162","0.2129","C"
"4","Trait5","FASTmrMLM","NsiI.TP470719","6","32130393","0.0831","1.0256","G"
"4","Trait5","FASTmrMLM","NsiI.TP241864","6","32130505","2.5931e-05","0.0057","A"
"4","Trait5","FASTmrMLM","NsiI.TP624770","6","32133975","1.8013e-05","0.0039","C"
"4","Trait5","FASTmrMLM","PstI.TP1037022","6","32135690","1.6833e-05","0.0037","C"
"4","Trait5","FASTmrMLM","NsiI.TP558835","6","32218478","0.0764","0.4524","G"
"4","Trait5","FASTmrMLM","PstI.TP178160","6","32265913","-2.6837e-05","0.0059","C"
"4","Trait5","FASTmrMLM","PstI.TP4230","6","32265956","1.0234e-05","0.0022","A"
"4","Trait5","FASTmrMLM","NsiI.TP211131","6","32284894","2.2593e-05","0.0049","C"
"4","Trait5","FASTmrMLM","NsiI.TP312592","6","32294349","1.1021e-05","0.0024","A"
"4","Trait5","FASTmrMLM","PstI.TP1281008","6","32355072","-1.4469e-05","0.0032","A"
"4","Trait5","FASTmrMLM","PstI.TP1281007","6","32355079","2.7996e-05","0.0061","A"
"4","Trait5","FASTmrMLM","NsiI.TP691722","6","32359330","3.1461e-07","6.8471e-05","G"
"4","Trait5","FASTmrMLM","PstI.TP326856","6","32359770","7.1196e-06","0.0016","A"
"4","Trait5","FASTmrMLM","NsiI.TP467283","6","32373926","2.3801e-05","0.0052","C"
"4","Trait5","FASTmrMLM","PstI.TP829666","6","32732045","-3.8856e-06","8e-04","A"
"4","Trait5","FASTmrMLM","NsiI.TP495179","6","32754357","-1.4311e-06","3e-04","A"
"4","Trait5","FASTmrMLM","PstI.TP885274","6","32755389","1.1986e-05","0.0026","A"
"4","Trait5","FASTmrMLM","PstI.TP1040839","6","32755413","1.9673e-06","4e-04","C"
"4","Trait5","FASTmrMLM","PstI.TP219642","6","32755456","0.0674","0.5283","C"
"4","Trait5","FASTmrMLM","PstI.TP591413","6","32813463","-0.0462","0.4624","C"
"4","Trait5","FASTmrMLM","PstI.TP471541","6","32814749","3.9548e-05","0.0087","A"
"4","Trait5","FASTmrMLM","PstI.TP1163120","6","33557723","-4.2767e-06","9e-04","C"
"4","Trait5","FASTmrMLM","PstI.TP758900","6","33980922","0.0755","0.8803","C"
"4","Trait5","FASTmrMLM","PstI.TP724579","6","33982965","3.8687e-06","8e-04","A"
"4","Trait5","FASTmrMLM","PstI.TP664696","6","35667088","-1.5984e-06","3e-04","C"
"4","Trait5","FASTmrMLM","NsiI.TP350532","6","35787836","0.3405","1.8354","C"
"4","Trait5","FASTmrMLM","NsiI.TP733229","6","37254775","-0.0122","0.1293","C"
"4","Trait5","FASTmrMLM","NsiI.TP616158","6","37699034","-3.504e-08","7.6251e-06","G"
"4","Trait5","FASTmrMLM","NsiI.TP370584","6","37709850","1.1789e-05","0.0026","C"
"4","Trait5","FASTmrMLM","NsiI.TP686277","6","37871772","2.2164e-05","0.0049","C"
"4","Trait5","FASTmrMLM","PstI.TP1181438","6","37901903","-0.0104","0.1436","A"
"4","Trait5","FASTmrMLM","PstI.TP985988","6","37923853","-0.0914","0.5695","C"
"4","Trait5","FASTmrMLM","PstI.TP247109","6","37932672","-3.2868e-05","0.0072","A"
"4","Trait5","FASTmrMLM","NsiI.TP266103","6","38025469","0.068","0.7872","G"
"4","Trait5","FASTmrMLM","PstI.TP96720","6","38025522","-0.1291","2.2612","A"
"4","Trait5","FASTmrMLM","GFSSContig8940_858","6","38182942","-0.1444","1.0554","T"
"4","Trait5","FASTmrMLM","GFSSContig18771_265","6","38353973","1.7045e-05","0.0037","T"
"4","Trait5","FASTmrMLM","PstI.TP318041","6","38400018","-0.1644","0.8468","A"
"4","Trait5","FASTmrMLM","NsiI.TP682861","6","38405790","-0.2233","2.2611","A"
"4","Trait5","FASTmrMLM","PstI.TP55548","6","38407576","1.3494e-05","0.0029","A"
"4","Trait5","FASTmrMLM","NsiI.TP115194","6","38607620","-4.0051e-06","9e-04","C"
"4","Trait5","FASTmrMLM","NsiI.TP334029","6","38616479","-0.128","0.5386","A"
"4","Trait5","FASTmrMLM","NsiI.TP664471","6","38617163","-1.1897e-05","0.0026","A"
"4","Trait5","FASTmrMLM","PstI.TP1173215","6","38685708","-0.1263","0.7216","G"
"4","Trait5","FASTmrMLM","PstI.TP879632","6","38733916","-1.2629e-05","0.0028","C"
"4","Trait5","FASTmrMLM","PstI.TP18402","6","38768691","2.482e-06","5e-04","G"
"4","Trait5","FASTmrMLM","NsiI.TP457104","6","38776414","0.0056","0.1249","A"
"4","Trait5","FASTmrMLM","NsiI.TP125447","6","39125990","-2.7775e-05","0.0061","A"
"4","Trait5","FASTmrMLM","NsiI.TP403262","6","39335553","1.5094e-06","3e-04","A"
"4","Trait5","FASTmrMLM","PstI.TP363651","6","39417522","8.2104e-06","0.0018","A"
"4","Trait5","FASTmrMLM","PstI.TP1284635","6","39548001","8.9318e-06","0.0019","A"
"4","Trait5","FASTmrMLM","NsiI.TP511529","6","39548759","7.9569e-06","0.0017","A"
"4","Trait5","FASTmrMLM","PstI.TP515323","6","39552988","-0.2595","1.7417","A"
"4","Trait5","FASTmrMLM","PstI.TP246958","6","39553053","1.1148e-06","2e-04","A"
"4","Trait5","FASTmrMLM","NsiI.TP505866","6","39558375","8.1647e-07","2e-04","A"
"4","Trait5","FASTmrMLM","NsiI.TP549539","6","39558413","1.7921e-05","0.0039","C"
"4","Trait5","FASTmrMLM","PstI.TP179452","6","39644530","-3.2323e-05","0.0071","A"
"4","Trait5","FASTmrMLM","PstI.TP439725","6","39651393","-0.0324","0.4274","C"
"4","Trait5","FASTmrMLM","PstI.TP776270","6","39667672","-9.4174e-06","0.0021","A"
"4","Trait5","FASTmrMLM","PstI.TP776266","6","39667698","-2.3891e-05","0.0052","C"
"4","Trait5","FASTmrMLM","PstI.TP968168","6","39726388","-0.0526","0.3299","A"
"4","Trait5","FASTmrMLM","NsiI.TP748969","6","39811283","-1.0392e-05","0.0023","C"
"4","Trait5","FASTmrMLM","NsiI.TP245830","6","39888459","-3.0366e-05","0.0067","A"
"4","Trait5","FASTmrMLM","PstI.TP256025","6","39923562","4.1028e-05","0.009","A"
"4","Trait5","FASTmrMLM","NsiI.TP45288","6","39928368","0.0435","0.3278","C"
"4","Trait5","FASTmrMLM","PstI.TP1054001","6","39939459","1.1566e-05","0.0025","A"
"4","Trait5","FASTmrMLM","NsiI.TP188663","6","39968309","9.8792e-06","0.0022","A"
"4","Trait5","FASTmrMLM","PstI.TP922479","6","39968872","0.1458","0.8923","A"
"4","Trait5","FASTmrMLM","PstI.TP42245","6","40021147","2.2107e-05","0.0048","A"
"4","Trait5","FASTmrMLM","PstI.TP752706","6","40067328","1.1282e-05","0.0025","G"
"4","Trait5","FASTmrMLM","PstI.TP168788","6","40077241","-1.2373e-05","0.0027","A"
"4","Trait5","FASTmrMLM","PstI.TP113896","6","40079998","3.5755e-06","8e-04","G"
"4","Trait5","FASTmrMLM","PstI.TP922796","6","40080039","-0.0278","0.2072","G"
"4","Trait5","FASTmrMLM","NsiI.TP436761","6","40087954","-3.7743e-06","8e-04","A"
"4","Trait5","FASTmrMLM","PstI.TP835176","6","40091853","0.1409","1.312","C"
"4","Trait5","FASTmrMLM","PstI.TP271183","6","40095596","-8.4463e-06","0.0018","A"
"4","Trait5","FASTmrMLM","NsiI.TP443889","6","40146428","-1.919e-05","0.0042","A"
"4","Trait5","FASTmrMLM","PstI.TP11154","6","40235072","6.2533e-06","0.0014","A"
"4","Trait5","FASTmrMLM","PstI.TP150034","6","40237133","9.7745e-06","0.0021","G"
"4","Trait5","FASTmrMLM","PstI.TP629514","6","40243524","-0.0313","0.2307","A"
"4","Trait5","FASTmrMLM","PstI.TP501240","6","40247059","0.1028","1.0171","A"
"4","Trait5","FASTmrMLM","PstI.TP980475","6","40423530","-5.5189e-06","0.0012","A"
"4","Trait5","FASTmrMLM","NsiI.TP466399","6","40423716","-1.9992e-05","0.0044","A"
"4","Trait5","FASTmrMLM","GFSSContig18860_1155","6","40433938","9.6604e-06","0.0021","A"
"4","Trait5","FASTmrMLM","PstI.TP919510","6","40436896","-0.0176","0.1173","A"
"4","Trait5","FASTmrMLM","NsiI.TP353897","6","40582617","-2.0286e-06","4e-04","A"
"4","Trait5","FASTmrMLM","NsiI.TP112542","6","40650279","1.5976e-05","0.0035","C"
"4","Trait5","FASTmrMLM","NsiI.TP798346","6","40779780","0.0956","0.8011","A"
"4","Trait5","FASTmrMLM","PstI.TP745749","6","40814158","0.0608","0.4971","C"
"4","Trait5","FASTmrMLM","PstI.TP833447","6","40944592","1.0843e-05","0.0024","A"
"4","Trait5","FASTmrMLM","PstI.TP170897","6","40981188","1.1398e-05","0.0025","C"
"4","Trait5","FASTmrMLM","NsiI.TP29250","6","41087844","-3.7999e-05","0.0084","C"
"4","Trait5","FASTmrMLM","NsiI.TP547767","6","41106599","2.3435e-06","5e-04","A"
"4","Trait5","FASTmrMLM","PstI.TP502335","6","41106600","0.0062","0.1388","A"
"4","Trait5","FASTmrMLM","PstI.TP577602","6","41219403","1.4081e-05","0.0031","A"
"4","Trait5","FASTmrMLM","PstI.TP1121276","6","41250808","-0.0271","0.1948","A"
"4","Trait5","FASTmrMLM","NsiI.TP13053","6","41270995","0.1549","0.8121","C"
"4","Trait5","FASTmrMLM","PstI.TP280104","6","41273549","-1e-04","0.0096","G"
"4","Trait5","FASTmrMLM","NsiI.TP416050","6","41273550","-1.2565e-05","0.0027","G"
"4","Trait5","FASTmrMLM","PstI.TP867312","6","41300079","6.9232e-06","0.0015","A"
"4","Trait5","FASTmrMLM","NsiI.TP311705","6","41370971","-1.375e-05","0.003","C"
"4","Trait5","FASTmrMLM","NsiI.TP631689","6","41449669","3.2261e-05","0.0071","C"
"4","Trait5","FASTmrMLM","PstI.TP832496","6","41449812","-0.0258","0.3632","C"
"4","Trait5","FASTmrMLM","PstI.TP523336","6","41456424","-0.1332","1.1369","G"
"4","Trait5","FASTmrMLM","NsiI.TP336652","6","41462007","-1.6843e-05","0.0037","C"
"4","Trait5","FASTmrMLM","NsiI.TP513210","6","41544102","3.1351e-05","0.0069","A"
"4","Trait5","FASTmrMLM","NsiI.TP301610","6","41544222","-1.2257e-05","0.0027","C"
"4","Trait5","FASTmrMLM","PstI.TP358897","6","41706673","-7.7019e-06","0.0017","C"
"4","Trait5","FASTmrMLM","NsiI.TP755464","6","41733451","1.3099e-05","0.0029","A"
"4","Trait5","FASTmrMLM","NsiI.TP180436","6","41765606","1.0869e-05","0.0024","C"
"4","Trait5","FASTmrMLM","NsiI.TP324342","6","41843060","6.4732e-06","0.0014","A"
"4","Trait5","FASTmrMLM","NsiI.TP310713","6","41884338","0.1574","1.6381","A"
"4","Trait5","FASTmrMLM","PstI.TP1200633","6","41933949","2.5992e-05","0.0057","A"
"4","Trait5","FASTmrMLM","PstI.TP1261238","6","41933973","2.3054e-05","0.005","C"
"4","Trait5","FASTmrMLM","PstI.TP85901","6","42012849","2.9101e-05","0.0064","A"
"4","Trait5","FASTmrMLM","PstI.TP359861","6","42016593","-0.0267","0.2367","A"
"4","Trait5","FASTmrMLM","NsiI.TP540037","6","42047898","-9.1875e-06","0.002","C"
"4","Trait5","FASTmrMLM","NsiI.TP691111","6","42051054","0.0939","0.6898","A"
"4","Trait5","FASTmrMLM","NsiI.TP102730","6","42053875","1.3847e-05","0.003","G"
"4","Trait5","FASTmrMLM","PstI.TP888989","6","42084993","0.0554","0.4512","A"
"4","Trait5","FASTmrMLM","NsiI.TP625490","6","42246544","-9.4479e-06","0.0021","C"
"4","Trait5","FASTmrMLM","PstI.TP1108461","6","42385778","-4.5475e-07","9.8976e-05","C"
"4","Trait5","FASTmrMLM","NsiI.TP498858","6","42412563","0.1053","0.6231","C"
"4","Trait5","FASTmrMLM","GFSSContig18151_375","6","42479383","-1.2604e-05","0.0028","T"
"4","Trait5","FASTmrMLM","PstI.TP33525","6","42479865","-2.1028e-05","0.0046","A"
"4","Trait5","FASTmrMLM","PstI.TP1092536","6","42480830","1.0212e-05","0.0022","A"
"4","Trait5","FASTmrMLM","PstI.TP1009816","6","42489177","2.8241e-05","0.0062","A"
"4","Trait5","FASTmrMLM","NsiI.TP620157","6","42490333","-3.8931e-05","0.0086","A"
"4","Trait5","FASTmrMLM","NsiI.TP112465","6","42506943","0.0477","0.3553","G"
"4","Trait5","FASTmrMLM","PstI.TP880423","6","42511235","-0.0834","0.4947","A"
"4","Trait5","FASTmrMLM","NsiI.TP494505","6","42537010","0.0325","0.2307","C"
"4","Trait5","FASTmrMLM","PstI.TP901855","6","42551665","0.0591","0.3627","A"
"4","Trait5","FASTmrMLM","NsiI.TP280889","6","42580386","7.5834e-07","2e-04","C"
"4","Trait5","FASTmrMLM","PstI.TP1017094","6","42583981","-1.906e-05","0.0042","C"
"4","Trait5","FASTmrMLM","PstI.TP449018","6","42584107","0.0272","0.248","A"
"4","Trait5","FASTmrMLM","PstI.TP181807","6","42585857","-1.125e-05","0.0025","A"
"4","Trait5","FASTmrMLM","PstI.TP972670","6","42586289","1.6545e-05","0.0036","G"
"4","Trait5","FASTmrMLM","PstI.TP165796","6","42586298","0.0538","0.4171","C"
"4","Trait5","FASTmrMLM","NsiI.TP391403","6","42597140","2.3395e-05","0.0051","C"
"4","Trait5","FASTmrMLM","PstI.TP483837","6","42661011","-2.2507e-05","0.0049","G"
"4","Trait5","FASTmrMLM","PstI.TP773490","6","42681604","-1.0554e-05","0.0023","A"
"4","Trait5","FASTmrMLM","NsiI.TP267098","6","42683323","1.6199e-05","0.0035","C"
"4","Trait5","FASTmrMLM","PstI.TP1021885","6","42685825","0.0525","0.6786","C"
"4","Trait5","FASTmrMLM","PstI.TP1056514","6","42715763","1.6682e-06","4e-04","C"
"4","Trait5","FASTmrMLM","PstI.TP686915","6","42725521","-9.1407e-06","0.002","C"
"4","Trait5","FASTmrMLM","NsiI.TP775439","6","42757918","-7.5749e-06","0.0017","A"
"4","Trait5","FASTmrMLM","NsiI.TP358081","6","42784766","0.0811","0.8302","A"
"4","Trait5","FASTmrMLM","PstI.TP921535","6","42803758","-2.5793e-05","0.0057","C"
"4","Trait5","FASTmrMLM","PstI.TP921533","6","42803791","-4.1381e-05","0.0091","A"
"4","Trait5","FASTmrMLM","PstI.TP1245299","6","42806057","1.3039e-05","0.0028","C"
"4","Trait5","FASTmrMLM","PstI.TP1240618","6","42806074","0.0586","0.2727","C"
"4","Trait5","FASTmrMLM","NsiI.TP241135","6","42818797","0.0919","0.5777","A"
"4","Trait5","FASTmrMLM","PstI.TP309929","6","42823781","-1.3335e-05","0.0029","A"
"4","Trait5","FASTmrMLM","PstI.TP187234","6","42835275","0.3369","3.2976","A"
"4","Trait5","FASTmrMLM","NsiI.TP426465","6","42845479","1e-04","0.0102","A"
"4","Trait5","FASTmrMLM","PstI.TP664080","6","42854573","4e-04","0.0173","C"
"4","Trait5","FASTmrMLM","PstI.TP944699","6","43235510","1.0218e-06","2e-04","C"
"4","Trait5","FASTmrMLM","PstI.TP1023385","6","43243324","-7.4315e-06","0.0016","C"
"4","Trait5","FASTmrMLM","NsiI.TP799028","6","43278083","-1.9481e-06","4e-04","A"
"4","Trait5","FASTmrMLM","NsiI.TP825138","6","43278106","-2.8593e-05","0.0063","C"
"4","Trait5","FASTmrMLM","PstI.TP1195541","6","43320392","2.4346e-05","0.0053","G"
"4","Trait5","FASTmrMLM","NsiI.TP44978","6","43320860","3.207e-05","0.007","G"
"4","Trait5","FASTmrMLM","PstI.TP255164","6","43339822","-3.3403e-05","0.0073","A"
"4","Trait5","FASTmrMLM","PstI.TP337856","6","43347995","-1.723e-05","0.0038","G"
"4","Trait5","FASTmrMLM","NsiI.TP471155","6","43353277","1.4024e-05","0.0031","C"
"4","Trait5","FASTmrMLM","NsiI.TP471156","6","43353284","-0.4187","4.3505","G"
"4","Trait5","FASTmrMLM","PstI.TP742440","6","43553447","0.1417","1.0787","A"
"4","Trait5","FASTmrMLM","PstI.TP212348","6","43562624","-0.0617","0.4588","C"
"4","Trait5","FASTmrMLM","PstI.TP766304","6","43596279","-0.0965","0.6619","A"
"4","Trait5","FASTmrMLM","NsiI.TP17682","6","43602171","4.322e-06","9e-04","C"
"4","Trait5","FASTmrMLM","NsiI.TP129464","6","43607339","2.6925e-05","0.0059","A"
"4","Trait5","FASTmrMLM","NsiI.TP747787","6","43607666","-6.3407e-06","0.0014","A"
"4","Trait5","FASTmrMLM","PstI.TP1219132","6","43635407","-1.0513e-06","2e-04","A"
"4","Trait5","FASTmrMLM","PstI.TP601347","6","43747613","0.1085","0.7403","A"
"4","Trait5","FASTmrMLM","NsiI.TP632058","6","43749583","-1.3589e-05","0.003","C"
"4","Trait5","FASTmrMLM","NsiI.TP634719","6","43810287","2.6656e-06","6e-04","A"
"4","Trait5","FASTmrMLM","NsiI.TP822498","6","43811592","0.094","0.9711","A"
"4","Trait5","FASTmrMLM","NsiI.TP345679","6","43828310","-1.9866e-05","0.0043","A"
"4","Trait5","FASTmrMLM","PstI.TP918664","6","43828815","9.3821e-06","0.002","A"
"4","Trait5","FASTmrMLM","NsiI.TP593125","6","43878408","0.1418","0.6309","A"
"4","Trait5","FASTmrMLM","NsiI.TP687844","6","43941205","-0.1002","0.7618","A"
"4","Trait5","FASTmrMLM","PstI.TP1240508","6","43966244","-7.6367e-06","0.0017","A"
"4","Trait5","FASTmrMLM","NsiI.TP1320","6","43984533","2.0719e-05","0.0045","G"
"4","Trait5","FASTmrMLM","PstI.TP310691","6","43996986","1.0985e-05","0.0024","A"
"4","Trait5","FASTmrMLM","NsiI.TP451922","6","44002291","-6.0053e-06","0.0013","G"
"4","Trait5","FASTmrMLM","NsiI.TP738936","6","44072862","-0.0411","0.3453","C"
"4","Trait5","FASTmrMLM","NsiI.TP474488","6","44081885","-0.0416","0.5477","C"
"4","Trait5","FASTmrMLM","PstI.TP538932","6","44092519","3.2722e-07","7.1216e-05","C"
"4","Trait5","FASTmrMLM","NsiI.TP260037","6","44124620","2.4067e-05","0.0053","A"
"4","Trait5","FASTmrMLM","NsiI.TP359497","6","44142274","-6.7735e-06","0.0015","C"
"4","Trait5","FASTmrMLM","PstI.TP794254","6","44191829","0.0446","0.47","C"
"4","Trait5","FASTmrMLM","PstI.TP648989","6","44191915","4.9144e-06","0.0011","A"
"4","Trait5","FASTmrMLM","PstI.TP75301","6","44312976","-0.0566","0.6352","A"
"4","Trait5","FASTmrMLM","PstI.TP1040682","6","44323080","0.0055","0.1227","C"
"4","Trait5","FASTmrMLM","PstI.TP148872","6","44364576","-3.2141e-05","0.0071","G"
"4","Trait5","FASTmrMLM","PstI.TP148873","6","44364580","1.5634e-05","0.0034","G"
"4","Trait5","FASTmrMLM","PstI.TP489416","6","44368168","-5.5899e-06","0.0012","C"
"4","Trait5","FASTmrMLM","NsiI.TP819867","6","44387743","-1.3882e-05","0.003","A"
"4","Trait5","FASTmrMLM","NsiI.TP671349","6","44398519","-1.1973e-06","3e-04","A"
"4","Trait5","FASTmrMLM","NsiI.TP605883","6","44409188","2.5422e-05","0.0056","C"
"4","Trait5","FASTmrMLM","NsiI.TP530364","6","44529396","0.0389","0.2725","G"
"4","Trait5","FASTmrMLM","NsiI.TP621239","6","44529405","-5.4984e-06","0.0012","A"
"4","Trait5","FASTmrMLM","PstI.TP932609","6","44540431","4.9626e-06","0.0011","A"
"4","Trait5","FASTmrMLM","PstI.TP643087","6","44550822","3.5864e-06","8e-04","C"
"4","Trait5","FASTmrMLM","PstI.TP163348","6","44550868","3.6098e-05","0.0068","A"
"4","Trait5","FASTmrMLM","NsiI.TP829002","6","44552192","0.1012","1.2108","A"
"4","Trait5","FASTmrMLM","PstI.TP1187561","6","44561048","7.6e-06","0.0017","A"
"4","Trait5","FASTmrMLM","PstI.TP104645","6","44593939","-0.0112","0.188","A"
"4","Trait5","FASTmrMLM","NsiI.TP133105","6","44619518","1.5408e-06","3e-04","C"
"4","Trait5","FASTmrMLM","NsiI.TP679333","6","44752291","0.0701","0.7678","A"
"4","Trait5","FASTmrMLM","PstI.TP80834","6","44836419","0.0382","0.1892","A"
"4","Trait5","FASTmrMLM","NsiI.TP38422","6","44909480","2.2254e-05","0.0049","C"
"4","Trait5","FASTmrMLM","PstI.TP109649","6","44909657","9.2267e-06","0.002","A"
"4","Trait5","FASTmrMLM","PstI.TP1109966","6","44916540","6.1074e-06","0.0013","A"
"4","Trait5","FASTmrMLM","PstI.TP884463","6","44916672","-3.6174e-05","0.0079","A"
"4","Trait5","FASTmrMLM","PstI.TP78611","6","44917420","-0.053","0.518","C"
"4","Trait5","FASTmrMLM","PstI.TP805017","6","44960916","1.1752e-05","0.0026","C"
"4","Trait5","FASTmrMLM","PstI.TP919699","6","44983942","-2.7241e-05","0.006","A"
"4","Trait5","FASTmrMLM","PstI.TP170014","6","44983997","-5.7697e-06","0.0013","A"
"4","Trait5","FASTmrMLM","PstI.TP448135","6","44994939","-9.6284e-07","2e-04","A"
"4","Trait5","FASTmrMLM","PstI.TP101544","6","45004051","3.8869e-05","0.0085","C"
"4","Trait5","FASTmrMLM","PstI.TP1185472","6","45032097","-1.2598e-05","0.0028","A"
"4","Trait5","FASTmrMLM","PstI.TP33049","6","45032271","8.525e-06","0.0019","A"
"4","Trait5","FASTmrMLM","PstI.TP609213","6","45036906","-7.9605e-06","0.0017","A"
"4","Trait5","FASTmrMLM","PstI.TP460781","6","45048522","5.0925e-06","0.0011","C"
"4","Trait5","FASTmrMLM","NsiI.TP203017","6","45061306","1.7735e-06","4e-04","C"
"4","Trait5","FASTmrMLM","NsiI.TP17846","6","45061369","-0.2668","1.469","G"
"4","Trait5","FASTmrMLM","NsiI.TP511231","6","45079964","0.0063","0.1269","A"
"4","Trait5","FASTmrMLM","NsiI.TP511232","6","45079965","1.6002e-05","0.0035","A"
"4","Trait5","FASTmrMLM","NsiI.TP619311","6","45081314","4.6352e-06","0.001","C"
"4","Trait5","FASTmrMLM","PstI.TP834476","6","45093123","-1.3931e-05","0.003","A"
"4","Trait5","FASTmrMLM","PstI.TP29028","6","45093133","-0.1275","0.6811","C"
"4","Trait5","FASTmrMLM","PstI.TP794793","6","45093426","1.557e-05","0.0034","A"
"4","Trait5","FASTmrMLM","NsiI.TP499208","6","45098054","2.6577e-05","0.0058","C"
"4","Trait5","FASTmrMLM","PstI.TP1006958","6","45098773","-1.293e-05","0.0028","C"
"4","Trait5","FASTmrMLM","NsiI.TP362418","6","45099381","1.567e-05","0.0034","A"
"4","Trait5","FASTmrMLM","PstI.TP1040714","6","45146697","-6.6762e-06","0.0015","C"
"4","Trait5","FASTmrMLM","PstI.TP43190","6","45153462","4.2947e-06","9e-04","C"
"4","Trait5","FASTmrMLM","PstI.TP661829","6","45153734","5.2153e-06","0.0011","A"
"4","Trait5","FASTmrMLM","PstI.TP747987","6","45163900","6.5988e-06","0.0014","A"
"4","Trait5","FASTmrMLM","PstI.TP805477","6","45164041","-1.0669e-05","0.0023","A"
"4","Trait5","FASTmrMLM","NsiI.TP555417","6","45167930","-0.0533","0.4195","C"
"4","Trait5","FASTmrMLM","PstI.TP850055","6","45243566","0.0547","0.3637","C"
"4","Trait5","FASTmrMLM","NsiI.TP622933","6","45274196","1e-04","0.0091","A"
"4","Trait5","FASTmrMLM","PstI.TP1043738","6","45290608","9.0927e-06","0.002","A"
"4","Trait5","FASTmrMLM","PstI.TP1047437","6","45290619","-0.0348","0.2895","A"
"4","Trait5","FASTmrMLM","PstI.TP775205","6","45300652","1.0369e-05","0.0023","A"
"4","Trait5","FASTmrMLM","PstI.TP516342","6","45321807","-1.019e-06","2e-04","A"
"4","Trait5","FASTmrMLM","NsiI.TP241826","6","45324775","-0.083","0.479","G"
"4","Trait5","FASTmrMLM","NsiI.TP414260","6","45325118","-0.0865","0.4293","C"
"4","Trait5","FASTmrMLM","PstI.TP846649","6","45326059","0.1508","0.8531","C"
"4","Trait5","FASTmrMLM","NsiI.TP386800","6","45331665","3.3455e-06","7e-04","C"
"4","Trait5","FASTmrMLM","PstI.TP210880","6","45332094","0.1524","0.7766","A"
"4","Trait5","FASTmrMLM","PstI.TP934265","6","45346802","-2e-04","0.0123","A"
"4","Trait5","FASTmrMLM","PstI.TP239979","6","45365415","1.8384e-05","0.004","A"
"4","Trait5","FASTmrMLM","NsiI.TP770078","6","45371834","-8.8016e-06","0.0019","A"
"4","Trait5","FASTmrMLM","NsiI.TP820264","6","45410240","-9.1329e-06","0.002","A"
"4","Trait5","FASTmrMLM","NsiI.TP351306","6","45410287","-2.1059e-06","5e-04","G"
"4","Trait5","FASTmrMLM","PstI.TP164417","6","45489615","1.8916e-05","0.0041","A"
"4","Trait5","FASTmrMLM","PstI.TP683602","6","45501379","2.4164e-05","0.0053","A"
"4","Trait5","FASTmrMLM","PstI.TP1054980","6","45502374","1.3302e-05","0.0029","C"
"4","Trait5","FASTmrMLM","PstI.TP381935","6","45505493","1.8585e-05","0.0041","A"
"4","Trait5","FASTmrMLM","PstI.TP998975","6","45505565","-0.0766","0.6939","C"
"4","Trait5","FASTmrMLM","PstI.TP1139333","6","45513904","8.2292e-06","0.0018","A"
"4","Trait5","FASTmrMLM","PstI.TP460975","6","45513961","-3.7614e-05","0.0063","C"
"4","Trait5","FASTmrMLM","PstI.TP598440","6","45513961","-0.1243","0.9562","A"
"4","Trait5","FASTmrMLM","PstI.TP250739","6","45518943","-7.7054e-06","0.0017","A"
"4","Trait5","FASTmrMLM","NsiI.TP653790","6","45520213","0.2469","1.5765","C"
"4","Trait5","FASTmrMLM","PstI.TP727392","6","45571871","2.0269e-05","0.0044","C"
"4","Trait5","FASTmrMLM","PstI.TP727393","6","45571927","4.2234e-06","9e-04","A"
"4","Trait5","FASTmrMLM","NsiI.TP673740","6","45572194","2.5044e-06","5e-04","C"
"4","Trait5","FASTmrMLM","NsiI.TP276243","6","45582124","5.5376e-07","1e-04","C"
"4","Trait5","FASTmrMLM","NsiI.TP248936","6","45582428","-0.0681","0.5112","C"
"4","Trait5","FASTmrMLM","PstI.TP1105986","6","45582438","-0.1359","1.3491","C"
"4","Trait5","FASTmrMLM","NsiI.TP248704","6","45582438","0.0611","0.5867","A"
"4","Trait5","FASTmrMLM","PstI.TP455987","6","45591084","1.8473e-05","0.004","C"
"4","Trait5","FASTmrMLM","NsiI.TP319596","6","45608528","-2.3142e-05","0.0051","C"
"4","Trait5","FASTmrMLM","PstI.TP745785","6","45615805","-0.0918","1.0222","C"
"4","Trait5","FASTmrMLM","PstI.TP494662","6","45633903","6.8637e-06","0.0015","C"
"4","Trait5","FASTmrMLM","PstI.TP1078191","6","45638523","-0.1048","1.2638","A"
"4","Trait5","FASTmrMLM","NsiI.TP572327","6","45639604","-5.9994e-06","0.0013","C"
"4","Trait5","FASTmrMLM","NsiI.TP614958","6","45639721","1.477e-05","0.0032","A"
"4","Trait5","FASTmrMLM","PstI.TP188432","6","45727130","-0.0768","0.3601","A"
"4","Trait5","FASTmrMLM","PstI.TP1117462","6","45727155","-0.1371","0.7382","A"
"4","Trait5","FASTmrMLM","PstI.TP1124121","6","45727170","-4.8328e-06","0.0011","A"
"4","Trait5","FASTmrMLM","NsiI.TP329595","6","45790815","-2.1337e-05","0.0047","A"
"4","Trait5","FASTmrMLM","PstI.TP180607","6","45798620","-0.1794","1.1068","C"
"4","Trait5","FASTmrMLM","PstI.TP374430","6","45810654","-0.1307","0.6487","A"
"4","Trait5","FASTmrMLM","NsiI.TP388746","6","45893518","1.984e-05","0.0043","A"
"4","Trait5","FASTmrMLM","NsiI.TP617213","6","45893583","0.1673","0.8834","C"
"4","Trait5","FASTmrMLM","PstI.TP710636","6","45894338","0.2029","2.0371","A"
"4","Trait5","FASTmrMLM","NsiI.TP552534","6","45903612","-3.985e-06","9e-04","C"
"4","Trait5","FASTmrMLM","NsiI.TP496520","6","45938098","-5.2537e-06","0.0011","A"
"4","Trait5","FASTmrMLM","PstI.TP144479","6","45948462","-2.8196e-05","0.0062","A"
"4","Trait5","FASTmrMLM","PstI.TP843913","6","45984633","-3.2253e-05","0.0071","A"
"4","Trait5","FASTmrMLM","PstI.TP915189","6","45984834","3.8565e-06","8e-04","G"
"4","Trait5","FASTmrMLM","NsiI.TP495914","6","46034504","-0.097","0.7198","A"
"4","Trait5","FASTmrMLM","NsiI.TP494122","6","46034520","-3.3701e-06","7e-04","C"
"4","Trait5","FASTmrMLM","PstI.TP608689","6","46036408","-0.0515","0.5619","C"
"4","Trait5","FASTmrMLM","PstI.TP1063185","6","46041526","9.6476e-06","0.0021","A"
"4","Trait5","FASTmrMLM","NsiI.TP766454","6","46052400","-1.5011e-05","0.0033","A"
"4","Trait5","FASTmrMLM","NsiI.TP451406","6","46074387","4.9157e-06","0.0011","A"
"4","Trait5","FASTmrMLM","PstI.TP123221","6","46076756","-2.8532e-05","0.0063","C"
"4","Trait5","FASTmrMLM","PstI.TP1253114","6","46078619","-3.7614e-05","0.0083","C"
"4","Trait5","FASTmrMLM","NsiI.TP269608","6","46078712","9.6969e-06","0.0021","A"
"4","Trait5","FASTmrMLM","NsiI.TP225262","6","46079426","-3.6006e-05","0.0079","C"
"4","Trait5","FASTmrMLM","PstI.TP1044360","6","46082788","-5.1289e-05","0.0113","C"
"4","Trait5","FASTmrMLM","PstI.TP35598","6","46082886","-0.1958","1.2242","C"
"4","Trait5","FASTmrMLM","PstI.TP322890","6","46091816","2.6812e-05","0.0059","A"
"4","Trait5","FASTmrMLM","NsiI.TP170020","6","46100038","5.5487e-07","1e-04","A"
"4","Trait5","FASTmrMLM","NsiI.TP43031","6","46115038","-0.0497","0.4134","C"
"4","Trait5","FASTmrMLM","NsiI.TP470523","6","46119639","-0.3379","1.1566","A"
"4","Trait5","FASTmrMLM","NsiI.TP307556","6","46121681","-0.1307","1.2582","G"
"4","Trait5","FASTmrMLM","PstI.TP480040","6","46122577","2.1647e-06","5e-04","G"
"4","Trait5","FASTmrMLM","PstI.TP351899","6","46132630","3.0346e-05","0.0067","A"
"4","Trait5","FASTmrMLM","PstI.TP783400","6","46199418","1.1003e-06","2e-04","A"
"4","Trait5","FASTmrMLM","PstI.TP783398","6","46199419","0.0287","0.2754","A"
"4","Trait5","FASTmrMLM","NsiI.TP628976","6","46224819","-9.4892e-06","0.0021","C"
"4","Trait5","FASTmrMLM","NsiI.TP675623","6","46224826","1.9273e-05","0.0042","C"
"4","Trait5","FASTmrMLM","PstI.TP426827","6","46225600","1.1936e-06","3e-04","A"
"4","Trait5","FASTmrMLM","NsiI.TP482200","6","46227532","-5.7156e-06","0.0012","A"
"4","Trait5","FASTmrMLM","NsiI.TP244950","6","46228157","-0.1141","1.0907","A"
"4","Trait5","FASTmrMLM","PstI.TP1071411","6","46252009","-0.0206","0.1341","A"
"4","Trait5","FASTmrMLM","PstI.TP759023","6","46253378","-0.1307","0.4197","C"
"4","Trait5","FASTmrMLM","PstI.TP222832","6","46262431","2.8175e-05","0.0062","C"
"4","Trait5","FASTmrMLM","PstI.TP73194","6","46284417","-9.2634e-06","0.002","A"
"4","Trait5","FASTmrMLM","PstI.TP1174523","6","46287096","0.0192","0.151","A"
"4","Trait5","FASTmrMLM","NsiI.TP499326","6","46287409","0.0987","0.5472","G"
"4","Trait5","FASTmrMLM","PstI.TP138954","6","46290497","4.0984e-06","9e-04","A"
"4","Trait5","FASTmrMLM","PstI.TP1184761","6","46290735","0.0212","0.148","A"
"4","Trait5","FASTmrMLM","PstI.TP695626","6","46297528","3.2969e-06","7e-04","C"
"4","Trait5","FASTmrMLM","PstI.TP695683","6","46297528","0.0588","0.5466","C"
"4","Trait5","FASTmrMLM","PstI.TP695764","6","46297528","-1.646e-05","0.0036","C"
"4","Trait5","FASTmrMLM","PstI.TP695827","6","46297528","-1.8029e-05","0.0039","C"
"4","Trait5","FASTmrMLM","PstI.TP38210","6","46381031","-5.0965e-07","1e-04","A"
"4","Trait5","FASTmrMLM","PstI.TP349853","6","46386872","1.7675e-05","0.0039","C"
"4","Trait5","FASTmrMLM","NsiI.TP687447","6","46493677","1.2041e-05","0.0026","C"
"4","Trait5","FASTmrMLM","PstI.TP542446","6","46569308","-0.0328","0.3726","C"
"4","Trait5","FASTmrMLM","PstI.TP683021","6","46570220","-5.576e-06","0.0012","A"
"4","Trait5","FASTmrMLM","PstI.TP682615","6","46570239","-0.0417","0.3094","G"
"4","Trait5","FASTmrMLM","GFSSContig12466_180","6","46574607","2.6792e-05","0.0059","A"
"4","Trait5","FASTmrMLM","PstI.TP121274","6","46658492","-0.0403","0.1799","A"
"4","Trait5","FASTmrMLM","NsiI.TP554617","6","46665120","-0.0231","0.1665","C"
"4","Trait5","FASTmrMLM","NsiI.TP678474","6","46665378","-3.8535e-05","0.0085","A"
"4","Trait5","FASTmrMLM","PstI.TP422864","6","46696012","6.6374e-06","0.0014","A"
"4","Trait5","FASTmrMLM","NsiI.TP521763","6","46713176","2.1543e-05","0.0047","A"
"4","Trait5","FASTmrMLM","PstI.TP696873","6","46715953","-0.0769","0.7998","C"
"4","Trait5","FASTmrMLM","PstI.TP701431","6","46722672","0.1912","0.7521","A"
"4","Trait5","FASTmrMLM","PstI.TP1125803","6","46724112","4.2363e-05","0.0093","A"
"4","Trait5","FASTmrMLM","PstI.TP374046","6","46772955","0.0184","0.2029","C"
"4","Trait5","FASTmrMLM","NsiI.TP347965","6","46789066","1.4843e-05","0.0032","A"
"4","Trait5","FASTmrMLM","NsiI.TP433944","6","46797642","-8.4607e-06","0.0018","A"
"4","Trait5","FASTmrMLM","PstI.TP169008","6","47055626","1.0677e-05","0.0023","A"
"4","Trait5","FASTmrMLM","PstI.TP748847","6","47055676","-1.2985e-05","0.0028","A"
"4","Trait5","FASTmrMLM","PstI.TP224908","6","47071016","-0.0916","0.759","C"
"4","Trait5","FASTmrMLM","PstI.TP408422","6","47145859","-1.1157e-05","0.0024","A"
"4","Trait5","FASTmrMLM","PstI.TP630858","6","47185090","1.5921e-05","0.0035","G"
"4","Trait5","FASTmrMLM","PstI.TP110885","6","47190301","1.401e-05","0.0031","A"
"4","Trait5","FASTmrMLM","PstI.TP365389","6","47206060","-1.0385e-05","0.0023","C"
"4","Trait5","FASTmrMLM","PstI.TP981594","6","47209307","0.0357","0.2906","A"
"4","Trait5","FASTmrMLM","NsiI.TP429998","6","47210707","-7.1965e-06","0.0016","A"
"4","Trait5","FASTmrMLM","PstI.TP102454","6","47217913","-1.1641e-05","0.0025","A"
"4","Trait5","FASTmrMLM","PstI.TP1225039","6","47233454","1.3415e-05","0.0029","G"
"4","Trait5","FASTmrMLM","NsiI.TP235676","6","47234083","0.0209","0.2468","C"
"4","Trait5","FASTmrMLM","PstI.TP1226052","6","47253762","-4.1709e-06","9e-04","A"
"4","Trait5","FASTmrMLM","NsiI.TP310382","6","47272723","1.0261e-05","0.0022","A"
"4","Trait5","FASTmrMLM","NsiI.TP598187","6","47279597","6.0187e-06","0.0013","A"
"4","Trait5","FASTmrMLM","NsiI.TP598191","6","47279604","1.3685e-05","0.003","A"
"4","Trait5","FASTmrMLM","PstI.TP736646","6","47305818","3.2881e-06","7e-04","A"
"4","Trait5","FASTmrMLM","GFSSContig17884_1449","6","47319820","1.7232e-05","0.0038","T"
"4","Trait5","FASTmrMLM","PstI.TP1090311","6","47330022","-9.0288e-06","0.002","C"
"4","Trait5","FASTmrMLM","PstI.TP1146572","6","47403273","0.0387","0.2939","A"
"4","Trait5","FASTmrMLM","NsiI.TP762010","6","47409491","5.9295e-06","0.0013","G"
"4","Trait5","FASTmrMLM","NsiI.TP392794","6","47420347","1.1373e-05","0.0025","C"
"4","Trait5","FASTmrMLM","GFSSContig7101_918","6","47443303","-2.8748e-05","0.0063","C"
"4","Trait5","FASTmrMLM","NsiI.TP290715","6","47443303","-3.9129e-05","0.0086","C"
"4","Trait5","FASTmrMLM","NsiI.TP679068","6","47443420","1.1072e-05","0.0024","C"
"4","Trait5","FASTmrMLM","NsiI.TP456539","6","47477262","-3.8287e-06","8e-04","C"
"4","Trait5","FASTmrMLM","NsiI.TP503516","6","47512324","4.0716e-05","0.009","C"
"4","Trait5","FASTmrMLM","NsiI.TP633622","6","47535070","-0.0881","0.8213","G"
"4","Trait5","FASTmrMLM","NsiI.TP724112","6","47535361","1.4602e-05","0.0032","A"
"4","Trait5","FASTmrMLM","NsiI.TP389836","6","47537718","5.4868e-06","0.0012","A"
"4","Trait5","FASTmrMLM","PstI.TP469469","6","47572273","1.5051e-05","0.0033","G"
"4","Trait5","FASTmrMLM","PstI.TP827726","6","47573240","1.2357e-05","0.0027","A"
"4","Trait5","FASTmrMLM","PstI.TP487745","6","47618306","1.4932e-06","3e-04","A"
"4","Trait5","FASTmrMLM","PstI.TP1076182","6","47618418","-2.95e-06","6e-04","A"
"4","Trait5","FASTmrMLM","NsiI.TP274765","6","47625849","1.9348e-05","0.0042","A"
"4","Trait5","FASTmrMLM","PstI.TP137334","6","47640488","9.983e-06","0.0022","G"
"4","Trait5","FASTmrMLM","PstI.TP310237","6","47646564","-1.3118e-05","0.0029","A"
"4","Trait5","FASTmrMLM","NsiI.TP805914","6","47675176","-1.7671e-06","4e-04","A"
"4","Trait5","FASTmrMLM","PstI.TP716101","6","47677795","-2.277e-05","0.005","A"
"4","Trait5","FASTmrMLM","PstI.TP842014","6","47677920","0.0071","0.0819","A"
"4","Trait5","FASTmrMLM","PstI.TP1177670","6","47695859","1.1447e-05","0.0025","A"
"4","Trait5","FASTmrMLM","PstI.TP803468","6","47699983","-5.7674e-06","0.0013","A"
"4","Trait5","FASTmrMLM","NsiI.TP632480","6","47707162","-0.0837","0.423","C"
"4","Trait5","FASTmrMLM","PstI.TP11764","6","47759215","-4.0631e-06","9e-04","C"
"4","Trait5","FASTmrMLM","PstI.TP1095833","6","47759295","0.0173","0.2238","C"
"4","Trait5","FASTmrMLM","PstI.TP1094542","6","47759301","-0.061","0.6296","A"
"4","Trait5","FASTmrMLM","NsiI.TP382122","6","47785906","6.7326e-06","0.0015","C"
"4","Trait5","FASTmrMLM","NsiI.TP390846","6","47791638","0.095","0.5523","G"
"4","Trait5","FASTmrMLM","PstI.TP580644","6","47793342","6.9231e-06","0.0015","C"
"4","Trait5","FASTmrMLM","PstI.TP41761","6","47799081","0.1337","1.6699","A"
"4","Trait5","FASTmrMLM","PstI.TP226392","6","47819825","-5.6864e-06","0.0012","C"
"4","Trait5","FASTmrMLM","NsiI.TP219141","6","47825491","-1.3011e-05","0.0028","A"
"4","Trait5","FASTmrMLM","GFSSContig12235_573","6","47836830","-3.4938e-05","0.0077","A"
"4","Trait5","FASTmrMLM","PstI.TP12746","6","47840509","-2e-04","0.0156","C"
"4","Trait5","FASTmrMLM","NsiI.TP187013","6","47846843","1.1989e-05","0.0026","A"
"4","Trait5","FASTmrMLM","PstI.TP1126445","6","47892176","0.0193","0.2823","A"
"4","Trait5","FASTmrMLM","PstI.TP570060","6","47899753","-0.2646","1.0018","C"
"4","Trait5","FASTmrMLM","NsiI.TP34193","6","47900218","0.0539","0.4794","A"
"4","Trait5","FASTmrMLM","PstI.TP148994","6","47930110","3.4713e-05","0.0076","A"
"4","Trait5","FASTmrMLM","PstI.TP419608","6","47935167","-6.2714e-06","0.0014","G"
"4","Trait5","FASTmrMLM","NsiI.TP416783","6","47943271","-1.1999e-05","0.0026","A"
"4","Trait5","FASTmrMLM","NsiI.TP26791","6","47946418","-1.2274e-05","0.0027","C"
"4","Trait5","FASTmrMLM","PstI.TP250434","6","47959136","4.2821e-05","0.0094","A"
"4","Trait5","FASTmrMLM","NsiI.TP128585","6","47959263","-1.1175e-05","0.0022","G"
"4","Trait5","FASTmrMLM","PstI.TP353735","6","47966962","6.8015e-06","0.0015","A"
"4","Trait5","FASTmrMLM","PstI.TP54654","6","47981828","-0.0074","0.1392","A"
"4","Trait5","FASTmrMLM","PstI.TP813929","6","48009958","-3.2462e-05","0.0071","A"
"4","Trait5","FASTmrMLM","NsiI.TP509686","6","48033398","7.3731e-06","0.0016","A"
"4","Trait5","FASTmrMLM","PstI.TP1166917","6","48079196","2.269e-05","0.005","A"
"4","Trait5","FASTmrMLM","NsiI.TP741553","6","48088743","-1.2508e-05","0.0027","C"
"4","Trait5","FASTmrMLM","PstI.TP710752","6","48096840","0.0161","0.1584","C"
"4","Trait5","FASTmrMLM","PstI.TP605148","6","48096901","2.7953e-06","6e-04","A"
"4","Trait5","FASTmrMLM","PstI.TP118810","6","48110626","1.4144e-05","0.0031","A"
"4","Trait5","FASTmrMLM","NsiI.TP191874","6","48111112","-0.0755","0.9261","A"
"4","Trait5","FASTmrMLM","PstI.TP833099","6","48119831","2.403e-05","0.0053","C"
"4","Trait5","FASTmrMLM","PstI.TP998144","6","48121588","-1.2431e-06","3e-04","C"
"4","Trait5","FASTmrMLM","NsiI.TP538662","6","48159780","-4.2883e-06","9e-04","C"
"4","Trait5","FASTmrMLM","PstI.TP41092","6","48167163","-2.2915e-05","0.005","C"
"4","Trait5","FASTmrMLM","PstI.TP244881","6","48168019","1.64e-07","3.5691e-05","A"
"4","Trait5","FASTmrMLM","NsiI.TP26838","6","48172496","0.0989","0.6036","A"
"4","Trait5","FASTmrMLM","PstI.TP330321","6","48212587","-0.0329","0.3517","A"
"4","Trait5","FASTmrMLM","PstI.TP330320","6","48212606","-0.0141","0.1721","C"
"4","Trait5","FASTmrMLM","PstI.TP127421","6","48212669","-4.6231e-06","0.001","A"
"4","Trait5","FASTmrMLM","PstI.TP795263","6","48216537","-1.5069e-05","0.0033","A"
"4","Trait5","FASTmrMLM","PstI.TP1259857","6","48220858","-0.3175","1.1202","A"
"4","Trait5","FASTmrMLM","NsiI.TP528315","6","48230740","-1e-04","0.0105","C"
"4","Trait5","FASTmrMLM","NsiI.TP156527","6","48231181","-1.2868e-05","0.0028","A"
"4","Trait5","FASTmrMLM","NsiI.TP417213","6","48238069","-8.3338e-06","0.0018","C"
"4","Trait5","FASTmrMLM","PstI.TP1087314","6","48240132","1.0594e-06","2e-04","C"
"4","Trait5","FASTmrMLM","PstI.TP1188398","6","48246652","-0.0215","0.2246","A"
"4","Trait5","FASTmrMLM","GFSSContig16289_1017","6","48251524","-3.066e-06","7e-04","A"
"4","Trait5","FASTmrMLM","GFSSContig7649_1236","6","48289335","0.037","0.2917","A"
"4","Trait5","FASTmrMLM","PstI.TP1046125","6","48289644","3.6891e-07","8.0298e-05","C"
"4","Trait5","FASTmrMLM","PstI.TP1251851","6","48290909","1.3816e-05","0.003","C"
"4","Trait5","FASTmrMLM","NsiI.TP726616","6","48292469","-1.1603e-06","3e-04","C"
"4","Trait5","FASTmrMLM","PstI.TP62392","6","48319900","0.0592","0.3599","A"
"4","Trait5","FASTmrMLM","PstI.TP1135019","6","48321116","2.0614e-05","0.0045","A"
"4","Trait5","FASTmrMLM","PstI.TP67032","6","48324940","1.4578e-05","0.0032","A"
"4","Trait5","FASTmrMLM","PstI.TP1095585","6","48333230","-1.7719e-05","0.0039","A"
"4","Trait5","FASTmrMLM","PstI.TP126989","6","48333549","-1.6633e-05","0.0036","A"
"4","Trait5","FASTmrMLM","PstI.TP13077","6","48336818","1.7479e-05","0.0038","C"
"4","Trait5","FASTmrMLM","PstI.TP1063866","6","48356544","-2.6193e-05","0.0057","A"
"4","Trait5","FASTmrMLM","PstI.TP806114","6","48361852","-1.2011e-05","0.0026","A"
"4","Trait5","FASTmrMLM","PstI.TP303544","6","48368263","1.9687e-05","0.0043","C"
"4","Trait5","FASTmrMLM","PstI.TP988157","6","48368305","-2.5474e-05","0.0056","A"
"4","Trait5","FASTmrMLM","PstI.TP698304","6","48379168","0.0975","0.5576","A"
"4","Trait5","FASTmrMLM","PstI.TP356132","6","48384374","0.098","0.5612","C"
"4","Trait5","FASTmrMLM","NsiI.TP444122","6","48384897","-5.0471e-06","0.0011","A"
"4","Trait5","FASTmrMLM","PstI.TP1128911","6","48388936","0.0452","0.218","A"
"4","Trait5","FASTmrMLM","PstI.TP884055","6","48400058","1.9109e-05","0.0042","C"
"4","Trait5","FASTmrMLM","PstI.TP925452","6","48400679","-1.9458e-05","0.0043","A"
"4","Trait5","FASTmrMLM","PstI.TP791620","6","48400730","-3.7747e-05","0.0083","A"
"4","Trait5","FASTmrMLM","PstI.TP1293632","6","48402986","3.0807e-05","0.0068","G"
"4","Trait5","FASTmrMLM","PstI.TP490849","6","48413744","0.0209","0.1519","A"
"4","Trait5","FASTmrMLM","PstI.TP14152","6","48432787","2.9585e-05","0.0065","A"
"4","Trait5","FASTmrMLM","PstI.TP14186","6","48432827","1.1487e-06","3e-04","A"
"4","Trait5","FASTmrMLM","PstI.TP131423","6","48432895","-0.0523","0.3577","A"
"4","Trait5","FASTmrMLM","NsiI.TP40837","6","48435571","5.1167e-06","0.0011","C"
"4","Trait5","FASTmrMLM","NsiI.TP440756","6","48438007","3.5066e-05","0.0077","C"
"4","Trait5","FASTmrMLM","PstI.TP824467","6","48440964","3.6425e-05","0.008","C"
"4","Trait5","FASTmrMLM","NsiI.TP684430","6","48443160","-9.8905e-06","0.0022","C"
"4","Trait5","FASTmrMLM","PstI.TP268859","6","48450824","5.9761e-07","1e-04","C"
"4","Trait5","FASTmrMLM","PstI.TP105079","6","48450884","-0.062","0.6636","G"
"4","Trait5","FASTmrMLM","PstI.TP357318","6","48450955","1.0814e-05","0.0024","C"
"4","Trait5","FASTmrMLM","PstI.TP1266869","6","48545495","3.3502e-05","0.0074","G"
"4","Trait5","FASTmrMLM","PstI.TP209932","6","48547587","-9.6895e-06","0.0021","G"
"4","Trait5","FASTmrMLM","PstI.TP858165","6","48555209","-2.4599e-05","0.0054","G"
"4","Trait5","FASTmrMLM","NsiI.TP721918","6","48593469","-8.2335e-06","0.0018","A"
"4","Trait5","FASTmrMLM","PstI.TP33120","6","48595912","0.1334","1.4195","C"
"4","Trait5","FASTmrMLM","NsiI.TP631902","6","48612935","1.2128e-05","0.0026","A"
"4","Trait5","FASTmrMLM","PstI.TP203950","6","48616479","1.3975e-06","3e-04","C"
"4","Trait5","FASTmrMLM","PstI.TP361031","6","48622395","-1.2556e-05","0.0027","A"
"4","Trait5","FASTmrMLM","PstI.TP87284","6","48635604","0.0187","0.2699","C"
"4","Trait5","FASTmrMLM","GFSSContig1840_351","6","48669653","6.6828e-06","0.0015","A"
"4","Trait5","FASTmrMLM","PstI.TP228477","6","48681172","-3.2324e-05","0.0071","A"
"4","Trait5","FASTmrMLM","PstI.TP803512","6","48683384","-1.0349e-05","0.0023","C"
"4","Trait5","FASTmrMLM","PstI.TP1261486","6","48690084","1.3731e-06","3e-04","A"
"4","Trait5","FASTmrMLM","PstI.TP235002","6","48701905","7.6972e-06","0.0017","A"
"4","Trait5","FASTmrMLM","PstI.TP801278","6","48713165","1.0353e-05","0.0023","A"
"4","Trait5","FASTmrMLM","PstI.TP153865","6","48713292","-3.0057e-05","0.0066","C"
"4","Trait5","FASTmrMLM","PstI.TP108648","6","48723726","1.7286e-06","4e-04","A"
"4","Trait5","FASTmrMLM","PstI.TP82465","6","48731934","0.0201","0.2985","C"
"4","Trait5","FASTmrMLM","PstI.TP428451","6","48787560","7.362e-05","0.009","C"
"4","Trait5","FASTmrMLM","PstI.TP1010083","6","48787600","-1.6133e-06","4e-04","C"
"4","Trait5","FASTmrMLM","NsiI.TP83928","6","48792860","-3.3437e-05","0.0073","G"
"4","Trait5","FASTmrMLM","NsiI.TP807800","6","48855197","-2.0333e-06","4e-04","A"
"4","Trait5","FASTmrMLM","PstI.TP1120157","6","48858471","0.1183","0.816","C"
"4","Trait5","FASTmrMLM","PstI.TP640585","6","48873899","-9.3516e-06","0.002","A"
"4","Trait5","FASTmrMLM","PstI.TP778519","6","48881133","-3.7129e-06","8e-04","C"
"4","Trait5","FASTmrMLM","NsiI.TP474338","6","48893680","3e-04","0.015","A"
"4","Trait5","FASTmrMLM","PstI.TP307611","6","48920516","-5.7682e-07","1e-04","A"
"4","Trait5","FASTmrMLM","PstI.TP250900","6","48938060","-1.2354e-05","0.0027","C"
"4","Trait5","FASTmrMLM","NsiI.TP350174","6","49012190","-1.3844e-05","0.003","C"
"4","Trait5","FASTmrMLM","NsiI.TP134220","6","49012829","-0.0942","0.8746","A"
"4","Trait5","FASTmrMLM","PstI.TP938333","6","49024208","5.4989e-07","1e-04","A"
"4","Trait5","FASTmrMLM","PstI.TP348037","6","49036917","0.0515","0.5934","A"
"4","Trait5","FASTmrMLM","GFSSContig13754_1668","6","49038043","3.0229e-05","0.0066","A"
"4","Trait5","FASTmrMLM","NsiI.TP530842","6","49049039","-0.0228","0.3131","A"
"4","Trait5","FASTmrMLM","PstI.TP781433","6","49076529","-0.0564","0.4146","A"
"4","Trait5","FASTmrMLM","NsiI.TP82718","6","49084359","-2.043e-06","4e-04","G"
"4","Trait5","FASTmrMLM","PstI.TP309985","6","49088053","1.9769e-05","0.0043","A"
"4","Trait5","FASTmrMLM","PstI.TP1260252","6","49157741","1.7837e-06","4e-04","A"
"4","Trait5","FASTmrMLM","PstI.TP884728","6","49181624","3.1985e-05","0.007","A"
"4","Trait5","FASTmrMLM","PstI.TP576587","6","49188679","1.0044e-06","2e-04","A"
"4","Trait5","FASTmrMLM","PstI.TP427397","6","49196509","1.7768e-08","3.8668e-06","A"
"4","Trait5","FASTmrMLM","PstI.TP194136","6","49203102","2.7977e-05","0.0061","A"
"4","Trait5","FASTmrMLM","PstI.TP1194753","6","49206882","-1.3576e-05","0.003","A"
"4","Trait5","FASTmrMLM","NsiI.TP617325","6","49219174","3.3334e-06","7e-04","A"
"4","Trait5","FASTmrMLM","NsiI.TP216098","6","49221683","0.0237","0.3134","A"
"4","Trait5","FASTmrMLM","PstI.TP815225","6","49235314","-0.1186","0.517","C"
"4","Trait5","FASTmrMLM","PstI.TP815226","6","49235315","-0.0419","0.3374","A"
"4","Trait5","FASTmrMLM","PstI.TP613165","6","49235513","-1.1723e-05","0.0026","C"
"4","Trait5","FASTmrMLM","PstI.TP240199","6","49236042","-0.0456","0.4823","A"
"4","Trait5","FASTmrMLM","PstI.TP163721","6","49248981","-1.0877e-05","0.0024","A"
"4","Trait5","FASTmrMLM","PstI.TP907937","6","49284562","-5.6919e-06","0.0012","C"
"4","Trait5","FASTmrMLM","NsiI.TP452437","6","49292672","-1.8753e-05","0.0041","C"
"4","Trait5","FASTmrMLM","NsiI.TP493791","6","49296317","-2.8308e-06","6e-04","A"
"4","Trait5","FASTmrMLM","NsiI.TP534214","6","49318521","0.0756","0.5013","C"
"4","Trait5","FASTmrMLM","NsiI.TP534213","6","49318555","0.0413","0.465","C"
"4","Trait5","FASTmrMLM","NsiI.TP145909","6","49335335","-3.236e-05","0.0071","C"
"4","Trait5","FASTmrMLM","PstI.TP212596","6","49341140","0.1452","0.7592","A"
"4","Trait5","FASTmrMLM","PstI.TP744800","6","49370163","-0.0944","0.797","A"
"4","Trait5","FASTmrMLM","PstI.TP174313","6","49371036","-6.6227e-06","0.0014","G"
"4","Trait5","FASTmrMLM","PstI.TP1152159","6","49371422","1.4059e-05","0.0031","A"
"4","Trait5","FASTmrMLM","NsiI.TP514160","6","49377118","-0.0472","0.2011","A"
"4","Trait5","FASTmrMLM","PstI.TP1081498","6","49383762","2.6674e-05","0.0058","A"
"4","Trait5","FASTmrMLM","PstI.TP438105","6","49383809","-0.2193","1.6728","C"
"4","Trait5","FASTmrMLM","PstI.TP903994","6","49388451","3e-04","0.0156","A"
"4","Trait5","FASTmrMLM","PstI.TP840679","6","49388605","0.3011","3.8435","A"
"4","Trait5","FASTmrMLM","PstI.TP1090948","6","49395206","-3.659e-06","8e-04","A"
"4","Trait5","FASTmrMLM","NsiI.TP594466","6","49428638","0.0073","0.138","C"
"4","Trait5","FASTmrMLM","PstI.TP1167987","6","49444643","-0.0844","1.2366","C"
"4","Trait5","FASTmrMLM","PstI.TP316612","6","49448168","2.4625e-06","5e-04","C"
"4","Trait5","FASTmrMLM","PstI.TP850689","6","49449385","-7.5933e-06","0.0017","C"
"4","Trait5","FASTmrMLM","PstI.TP143262","6","49459934","2.1952e-05","0.0048","C"
"4","Trait5","FASTmrMLM","PstI.TP922341","6","49462238","-3.396e-05","0.0066","C"
"4","Trait5","FASTmrMLM","PstI.TP1112974","6","49485124","4.1844e-06","9e-04","A"
"4","Trait5","FASTmrMLM","NsiI.TP16989","6","49503966","0.0133","0.1803","A"
"4","Trait5","FASTmrMLM","NsiI.TP57283","6","49505312","-0.0621","0.5258","C"
"4","Trait5","FASTmrMLM","NsiI.TP225772","6","49546988","3.0339e-05","0.0067","C"
"4","Trait5","FASTmrMLM","NsiI.TP674468","6","49590276","-8.42e-06","0.0018","G"
"4","Trait5","FASTmrMLM","PstI.TP106960","6","49595187","1.3356e-05","0.0029","A"
"4","Trait5","FASTmrMLM","NsiI.TP559019","6","49621651","5.0183e-06","0.0011","A"
"4","Trait5","FASTmrMLM","NsiI.TP673519","6","49637725","-0.0157","0.2183","C"
"4","Trait5","FASTmrMLM","PstI.TP597642","6","49643334","0.0257","0.2775","C"
"4","Trait5","FASTmrMLM","PstI.TP256859","6","49643801","3.8244e-05","0.0084","C"
"4","Trait5","FASTmrMLM","PstI.TP256850","6","49643828","9.2577e-06","0.002","C"
"4","Trait5","FASTmrMLM","PstI.TP597663","6","49655494","-0.0029","0.0502","C"
"4","Trait5","FASTmrMLM","PstI.TP382640","6","49658306","0.0675","0.4463","C"
"4","Trait5","FASTmrMLM","PstI.TP142101","6","49660572","-0.0355","0.3508","C"
"4","Trait5","FASTmrMLM","NsiI.TP205550","6","49661014","0.029","0.3361","C"
"4","Trait5","FASTmrMLM","PstI.TP329852","6","49681600","-4.0383e-06","9e-04","A"
"4","Trait5","FASTmrMLM","PstI.TP1101404","6","49695019","0.0796","0.8147","A"
"4","Trait5","FASTmrMLM","NsiI.TP222447","6","49698622","4.7766e-06","0.001","A"
"4","Trait5","FASTmrMLM","NsiI.TP304563","6","49699007","0.1369","1.8368","A"
"4","Trait5","FASTmrMLM","PstI.TP137972","6","49743515","0.0223","0.1798","A"
"4","Trait5","FASTmrMLM","NsiI.TP637438","6","49745214","0.0257","0.2617","C"
"4","Trait5","FASTmrMLM","PstI.TP1018061","6","49747202","-2.1252e-05","0.0047","C"
"4","Trait5","FASTmrMLM","PstI.TP1082646","6","49755942","3.3795e-05","0.0074","G"
"4","Trait5","FASTmrMLM","PstI.TP1009267","6","49760525","-8.109e-06","0.0018","A"
"4","Trait5","FASTmrMLM","PstI.TP998753","6","49762735","-4.603e-08","1.0019e-05","A"
"4","Trait5","FASTmrMLM","PstI.TP463777","6","49764132","1.8184e-05","0.004","C"
"4","Trait5","FASTmrMLM","NsiI.TP11860","6","49777378","0.1276","1.3046","C"
"4","Trait5","FASTmrMLM","GFSSContig14725_908","6","49803002","-0.0197","0.2431","A"
"4","Trait5","FASTmrMLM","NsiI.TP823356","6","49820945","2.6478e-05","0.0058","C"
"4","Trait5","FASTmrMLM","PstI.TP1099047","6","49825270","0.0222","0.337","A"
"4","Trait5","FASTmrMLM","PstI.TP1045605","6","49825862","-2.8599e-05","0.0063","G"
"4","Trait5","FASTmrMLM","NsiI.TP367670","6","49828546","-8.7558e-06","0.0019","A"
"4","Trait5","FASTmrMLM","PstI.TP855227","6","49887106","7.772e-06","0.0017","A"
"4","Trait5","FASTmrMLM","PstI.TP133210","6","49890952","-7.2558e-06","0.0016","A"
"4","Trait5","FASTmrMLM","PstI.TP1175455","6","49891048","0.2401","1.4005","A"
"4","Trait5","FASTmrMLM","PstI.TP1204977","6","49891240","2.4825e-05","0.0054","A"
"4","Trait5","FASTmrMLM","PstI.TP1204980","6","49891266","-1.6473e-05","0.0036","A"
"4","Trait5","FASTmrMLM","GFSSContig12810_225","6","49893447","0.0773","0.7823","A"
"4","Trait5","FASTmrMLM","GFSSContig17265_1038","6","49927748","0.1875","2.4657","A"
"4","Trait5","FASTmrMLM","GFSSContig17265_575","6","49928199","-0.2579","2.2103","T"
"4","Trait5","FASTmrMLM","NsiI.TP116399","6","49944745","2.804e-05","0.0061","C"
"4","Trait5","FASTmrMLM","PstI.TP509524","6","49949448","-0.0786","0.3951","A"
"4","Trait5","FASTmrMLM","PstI.TP515276","6","49967030","0.0475","0.447","A"
"4","Trait5","FASTmrMLM","PstI.TP403345","6","50006396","0.3009","1.4238","A"
"4","Trait5","FASTmrMLM","NsiI.TP774672","6","50023938","-4.7076e-06","0.001","A"
"4","Trait5","FASTmrMLM","PstI.TP684314","6","50024425","-2.6549e-05","0.0058","A"
"4","Trait5","FASTmrMLM","NsiI.TP212183","6","50043944","-0.123","0.4368","G"
"4","Trait5","FASTmrMLM","GFk40ctg9752_150","6","50048605","0.0625","0.6461","A"
"4","Trait5","FASTmrMLM","PstI.TP836386","6","50063933","-9.4981e-06","0.0021","A"
"4","Trait5","FASTmrMLM","NsiI.TP634450","6","50065596","-2.6741e-05","0.0059","A"
"4","Trait5","FASTmrMLM","PstI.TP1149860","6","50090646","3.3027e-05","0.0072","C"
"4","Trait5","FASTmrMLM","PstI.TP840974","6","50101488","-5.0647e-06","0.0011","G"
"4","Trait5","FASTmrMLM","PstI.TP279803","6","50110990","-3.7275e-06","8e-04","A"
"4","Trait5","FASTmrMLM","PstI.TP1053929","6","50130625","-1.3794e-05","0.003","A"
"4","Trait5","FASTmrMLM","PstI.TP814438","6","50194797","0.0287","0.2458","C"
"4","Trait5","FASTmrMLM","PstI.TP941941","6","50199458","-0.1628","1.2729","C"
"4","Trait5","FASTmrMLM","PstI.TP805323","6","50210059","-5.7867e-06","0.0013","A"
"4","Trait5","FASTmrMLM","NsiI.TP780170","6","50211929","-3.7584e-05","0.0083","C"
"4","Trait5","FASTmrMLM","NsiI.TP225346","6","50229745","0.0632","0.3188","C"
"4","Trait5","FASTmrMLM","NsiI.TP234967","6","50238765","-2.0943e-05","0.0046","C"
"4","Trait5","FASTmrMLM","PstI.TP1168321","6","50245555","0.0891","0.4122","G"
"4","Trait5","FASTmrMLM","PstI.TP853186","6","50263119","-4.2451e-05","0.0093","A"
"4","Trait5","FASTmrMLM","PstI.TP681148","6","50286389","2.3974e-06","5e-04","A"
"4","Trait5","FASTmrMLM","PstI.TP903006","6","50304141","-0.0617","0.5355","A"
"4","Trait5","FASTmrMLM","PstI.TP1015112","6","50304186","-6.0795e-06","0.0013","C"
"4","Trait5","FASTmrMLM","PstI.TP1015113","6","50304233","-2.9242e-05","0.0064","A"
"4","Trait5","FASTmrMLM","NsiI.TP488730","6","50310213","0.1427","1.3587","C"
"4","Trait5","FASTmrMLM","NsiI.TP592655","6","50333660","-7.2357e-06","0.0016","A"
"4","Trait5","FASTmrMLM","PstI.TP623560","6","50333858","-7.4689e-06","0.0016","C"
"4","Trait5","FASTmrMLM","NsiI.TP430226","6","50355502","-0.0167","0.2243","A"
"4","Trait5","FASTmrMLM","NsiI.TP810122","6","50355604","0.0104","0.1698","A"
"4","Trait5","FASTmrMLM","PstI.TP595889","6","50364549","-0.1261","0.6959","C"
"4","Trait5","FASTmrMLM","NsiI.TP395591","6","50382392","3.1562e-05","0.0069","C"
"4","Trait5","FASTmrMLM","PstI.TP1034808","6","50384753","0.1017","0.8603","A"
"4","Trait5","FASTmrMLM","PstI.TP665684","6","50394914","-0.0125","0.1972","C"
"4","Trait5","FASTmrMLM","PstI.TP691281","6","50395718","-0.0136","0.1858","C"
"4","Trait5","FASTmrMLM","NsiI.TP193365","6","50405862","6.2247e-06","0.0014","C"
"4","Trait5","FASTmrMLM","PstI.TP985993","6","50461167","-0.0358","0.2226","C"
"4","Trait5","FASTmrMLM","NsiI.TP225768","6","50462978","-2.3146e-05","0.0051","A"
"4","Trait5","FASTmrMLM","NsiI.TP226390","6","50462978","0.1022","0.8121","A"
"4","Trait5","FASTmrMLM","PstI.TP782250","6","50471615","-2.1913e-06","5e-04","A"
"4","Trait5","FASTmrMLM","PstI.TP526422","6","50557773","-0.0735","0.5896","A"
"4","Trait5","FASTmrMLM","PstI.TP383692","6","50563048","1.805e-06","4e-04","A"
"4","Trait5","FASTmrMLM","PstI.TP114829","6","50569784","-1.4265e-05","0.0031","G"
"4","Trait5","FASTmrMLM","PstI.TP949988","6","50576836","0.0173","0.1908","C"
"4","Trait5","FASTmrMLM","PstI.TP18079","6","50586809","2.7506e-05","0.006","G"
"4","Trait5","FASTmrMLM","PstI.TP1227925","6","50604731","1.997e-05","0.0044","A"
"4","Trait5","FASTmrMLM","PstI.TP1249751","6","50605938","9.6119e-06","0.0021","C"
"4","Trait5","FASTmrMLM","PstI.TP88913","6","50606419","-1.7369e-05","0.0038","A"
"4","Trait5","FASTmrMLM","PstI.TP746780","6","50607025","-2.0264e-06","4e-04","C"
"4","Trait5","FASTmrMLM","NsiI.TP751024","6","50620696","0.1721","1.2277","C"
"4","Trait5","FASTmrMLM","NsiI.TP248222","6","50636931","1.1317e-05","0.0025","A"
"4","Trait5","FASTmrMLM","PstI.TP1041731","6","50651771","-4.6961e-06","0.001","C"
"4","Trait5","FASTmrMLM","PstI.TP1225118","6","50659454","1.8532e-05","0.0041","C"
"4","Trait5","FASTmrMLM","NsiI.TP343501","6","50674685","3.3315e-05","0.0047","A"
"4","Trait5","FASTmrMLM","PstI.TP1187427","6","50717397","-0.0307","0.2981","A"
"4","Trait5","FASTmrMLM","PstI.TP842596","6","50718992","0.114","0.969","A"
"4","Trait5","FASTmrMLM","PstI.TP1153555","6","50719036","7.4358e-06","0.0016","A"
"4","Trait5","FASTmrMLM","NsiI.TP731603","6","50725152","0.1743","0.664","A"
"4","Trait5","FASTmrMLM","PstI.TP991419","6","50741907","-1.563e-05","0.0034","C"
"4","Trait5","FASTmrMLM","PstI.TP246520","6","50756101","0.1823","1.2789","C"
"4","Trait5","FASTmrMLM","PstI.TP246519","6","50756116","-1.2622e-05","0.0028","G"
"4","Trait5","FASTmrMLM","NsiI.TP679263","6","50786122","-5.8011e-06","0.0013","A"
"4","Trait5","FASTmrMLM","NsiI.TP731345","6","50796587","3.9664e-05","0.0087","C"
"4","Trait5","FASTmrMLM","PstI.TP258461","6","50806018","-2.4463e-05","0.0054","A"
"4","Trait5","FASTmrMLM","NsiI.TP338802","6","50829506","4.3056e-05","0.0095","A"
"4","Trait5","FASTmrMLM","NsiI.TP726637","6","50830512","-1.4282e-05","0.0031","A"
"4","Trait5","FASTmrMLM","PstI.TP879271","6","50839476","5.6032e-06","0.0012","G"
"4","Trait5","FASTmrMLM","NsiI.TP713936","6","50840708","2.7541e-05","0.006","C"
"4","Trait5","FASTmrMLM","NsiI.TP14721","6","50852353","-1.9104e-05","0.0042","A"
"4","Trait5","FASTmrMLM","PstI.TP366965","6","50852622","3.9801e-06","9e-04","A"
"4","Trait5","FASTmrMLM","PstI.TP469702","6","50857851","1.622e-05","0.0035","A"
"4","Trait5","FASTmrMLM","PstI.TP25770","6","50857912","9.541e-06","0.0021","A"
"4","Trait5","FASTmrMLM","NsiI.TP316955","6","50868928","-2.2685e-05","0.005","A"
"4","Trait5","FASTmrMLM","PstI.TP892524","6","50881643","-2e-04","0.0134","G"
"4","Trait5","FASTmrMLM","PstI.TP126255","6","50898138","-3.127e-05","0.0069","C"
"4","Trait5","FASTmrMLM","PstI.TP1270543","6","50902738","9.8091e-06","0.0021","A"
"4","Trait5","FASTmrMLM","NsiI.TP55728","6","50916115","3.9364e-06","9e-04","A"
"4","Trait5","FASTmrMLM","PstI.TP307695","6","50924396","-4.5297e-05","0.01","A"
"4","Trait5","FASTmrMLM","NsiI.TP633969","6","50924460","-2.74e-05","0.006","C"
"4","Trait5","FASTmrMLM","PstI.TP443768","6","50933118","1.123e-05","0.0025","C"
"4","Trait5","FASTmrMLM","PstI.TP312541","6","50942101","1.6397e-05","0.0036","A"
"4","Trait5","FASTmrMLM","PstI.TP1238303","6","50987036","2.5663e-05","0.0056","A"
"4","Trait5","FASTmrMLM","PstI.TP1068503","6","51040875","5.6824e-06","0.0012","C"
"4","Trait5","FASTmrMLM","PstI.TP681191","6","51040947","-0.0572","0.479","C"
"4","Trait5","FASTmrMLM","PstI.TP440018","6","51066310","2.5151e-05","0.0055","A"
"4","Trait5","FASTmrMLM","PstI.TP714411","6","51076791","0.0131","0.1853","C"
"4","Trait5","FASTmrMLM","NsiI.TP219814","6","51089072","-2.4317e-06","5e-04","C"
"4","Trait5","FASTmrMLM","NsiI.TP340582","6","51089131","-1.2355e-05","0.0027","C"
"4","Trait5","FASTmrMLM","PstI.TP71730","6","51102537","-1.4107e-05","0.0031","C"
"4","Trait5","FASTmrMLM","PstI.TP1003821","6","51107432","-7.0307e-07","2e-04","G"
"4","Trait5","FASTmrMLM","PstI.TP1199415","6","51107457","4.7927e-06","0.001","A"
"4","Trait5","FASTmrMLM","PstI.TP836136","6","51107618","-0.0953","0.4041","A"
"4","Trait5","FASTmrMLM","PstI.TP850973","6","51109376","0.058","0.4487","C"
"4","Trait5","FASTmrMLM","NsiI.TP13523","6","51113711","-5.3907e-06","0.0012","G"
"4","Trait5","FASTmrMLM","NsiI.TP819237","6","51119337","-2.2468e-06","5e-04","G"
"4","Trait5","FASTmrMLM","NsiI.TP592440","6","51119810","4.1891e-05","0.0092","A"
"4","Trait5","FASTmrMLM","PstI.TP55941","6","51146867","-0.0732","0.7399","C"
"4","Trait5","FASTmrMLM","PstI.TP480160","6","51153057","1.6231e-06","4e-04","A"
"4","Trait5","FASTmrMLM","PstI.TP1064193","6","51162364","7.3106e-06","0.0016","A"
"4","Trait5","FASTmrMLM","NsiI.TP460532","6","51172499","-2.6175e-06","6e-04","A"
"4","Trait5","FASTmrMLM","PstI.TP347563","6","51192256","-0.06","0.6836","C"
"4","Trait5","FASTmrMLM","PstI.TP404885","6","51199851","3.1115e-06","7e-04","A"
"4","Trait5","FASTmrMLM","PstI.TP163135","6","51199921","-7.4537e-06","0.0016","A"
"4","Trait5","FASTmrMLM","NsiI.TP433903","6","51207945","2.3122e-06","5e-04","C"
"4","Trait5","FASTmrMLM","NsiI.TP475060","6","51218869","-3.9334e-06","9e-04","A"
"4","Trait5","FASTmrMLM","PstI.TP820982","6","51231752","1.3211e-05","0.0029","C"
"4","Trait5","FASTmrMLM","PstI.TP20137","6","51236802","1.0318e-05","0.0023","C"
"4","Trait5","FASTmrMLM","PstI.TP475426","6","51284047","-4.0721e-06","9e-04","A"
"4","Trait5","FASTmrMLM","PstI.TP993917","6","51291746","3.722e-06","8e-04","A"
"4","Trait5","FASTmrMLM","NsiI.TP48582","6","51307361","-0.0296","0.231","A"
"4","Trait5","FASTmrMLM","NsiI.TP672241","6","51315716","-3.5285e-06","8e-04","C"
"4","Trait5","FASTmrMLM","PstI.TP649912","6","51348089","-0.0246","0.261","A"
"4","Trait5","FASTmrMLM","PstI.TP1193354","6","51349381","-1.3348e-05","0.0029","C"
"4","Trait5","FASTmrMLM","PstI.TP995004","6","51365761","-2.1443e-05","0.0047","C"
"4","Trait5","FASTmrMLM","PstI.TP778067","6","51371811","-1.525e-05","0.0033","A"
"4","Trait5","FASTmrMLM","PstI.TP986730","6","51371856","-6.7959e-06","0.0015","C"
"4","Trait5","FASTmrMLM","PstI.TP169157","6","51410234","-1.8772e-06","4e-04","G"
"4","Trait5","FASTmrMLM","PstI.TP871031","6","51418353","9.6649e-06","0.0021","A"
"4","Trait5","FASTmrMLM","PstI.TP871221","6","51418361","-4.7284e-06","0.001","A"
"4","Trait5","FASTmrMLM","PstI.TP852932","6","51418844","-6.3743e-07","1e-04","C"
"4","Trait5","FASTmrMLM","PstI.TP190034","6","51418895","-2.1798e-05","0.0048","A"
"4","Trait5","FASTmrMLM","PstI.TP186746","6","51425899","3.2583e-05","0.0042","A"
"4","Trait5","FASTmrMLM","PstI.TP887215","6","51434149","7.5467e-06","0.0016","C"
"4","Trait5","FASTmrMLM","PstI.TP887249","6","51434179","-7.0095e-07","2e-04","C"
"4","Trait5","FASTmrMLM","PstI.TP1048409","6","51452539","2.6188e-05","0.0057","A"
"4","Trait5","FASTmrMLM","PstI.TP121294","6","51465767","-7.6529e-06","0.0017","C"
"4","Trait5","FASTmrMLM","PstI.TP712677","6","51466151","-9.3165e-06","0.002","A"
"4","Trait5","FASTmrMLM","NsiI.TP662292","6","51468327","-3.2704e-06","7e-04","A"
"4","Trait5","FASTmrMLM","PstI.TP715170","6","51477432","-2.0416e-05","0.0045","C"
"4","Trait5","FASTmrMLM","PstI.TP668820","6","51477907","-1.8789e-05","0.0041","C"
"4","Trait5","FASTmrMLM","PstI.TP908097","6","51483559","-1.3389e-05","0.0029","C"
"4","Trait5","FASTmrMLM","PstI.TP981154","6","51492713","-3.8559e-06","8e-04","A"
"4","Trait5","FASTmrMLM","PstI.TP1201184","6","51500444","-4.6746e-05","0.0072","A"
"4","Trait5","FASTmrMLM","PstI.TP16576","6","51508909","-5.4982e-06","0.0012","A"
"4","Trait5","FASTmrMLM","PstI.TP569629","6","51517308","-2.2559e-05","0.0049","A"
"4","Trait5","FASTmrMLM","PstI.TP857301","6","51532579","2.0423e-05","0.0045","A"
"4","Trait5","FASTmrMLM","PstI.TP134805","6","51534276","1.3783e-05","0.003","C"
"4","Trait5","FASTmrMLM","NsiI.TP747778","6","51534879","3.222e-05","0.0071","C"
"4","Trait5","FASTmrMLM","NsiI.TP521871","6","51536242","8.7553e-06","0.0019","C"
"4","Trait5","FASTmrMLM","NsiI.TP407405","6","51544211","8.5879e-06","0.0019","A"
"4","Trait5","FASTmrMLM","PstI.TP1076425","6","51544246","2.0789e-05","0.0045","C"
"4","Trait5","FASTmrMLM","PstI.TP945188","6","51544818","0.0421","0.3231","C"
"4","Trait5","FASTmrMLM","PstI.TP220189","6","51554075","0.04","0.3124","A"
"4","Trait5","FASTmrMLM","PstI.TP249621","6","51555200","0.1379","1.4678","C"
"4","Trait5","FASTmrMLM","NsiI.TP655380","6","51570982","-2.502e-05","0.0055","A"
"4","Trait5","FASTmrMLM","GFSSContig12763_195","6","51595863","-6.7759e-06","0.0015","A"
"4","Trait5","FASTmrMLM","NsiI.TP215656","6","51625467","1.6911e-05","0.0037","A"
"4","Trait5","FASTmrMLM","NsiI.TP356506","6","51645664","-0.0373","0.3654","C"
"4","Trait5","FASTmrMLM","NsiI.TP500719","6","51662264","0.1775","1.3713","C"
"4","Trait5","FASTmrMLM","PstI.TP943663","6","51672811","-7.22e-06","0.0016","C"
"4","Trait5","FASTmrMLM","PstI.TP891455","6","51677486","-0.1485","0.6549","A"
"4","Trait5","FASTmrMLM","NsiI.TP101967","6","51681658","-1.9686e-05","0.0043","A"
"4","Trait5","FASTmrMLM","NsiI.TP686169","6","51683190","-1.981e-06","4e-04","A"
"4","Trait5","FASTmrMLM","NsiI.TP760524","6","51683874","1.0441e-05","0.0023","C"
"4","Trait5","FASTmrMLM","NsiI.TP345067","6","51684719","-1.648e-05","0.0036","A"
"4","Trait5","FASTmrMLM","PstI.TP65187","6","51685319","-3.0639e-05","0.0067","A"
"4","Trait5","FASTmrMLM","PstI.TP65189","6","51685338","-1.5569e-05","0.0034","G"
"4","Trait5","FASTmrMLM","NsiI.TP444093","6","51719029","-6.4853e-06","0.0014","C"
"4","Trait5","FASTmrMLM","NsiI.TP732074","6","51754135","-4.8289e-06","0.0011","C"
"4","Trait5","FASTmrMLM","NsiI.TP271266","6","51789514","-0.1457","1.022","C"
"4","Trait5","FASTmrMLM","PstI.TP494963","6","51798597","0.0088","0.1482","C"
"4","Trait5","FASTmrMLM","PstI.TP86408","6","51800225","-1.5407e-05","0.0034","A"
"4","Trait5","FASTmrMLM","PstI.TP1295715","6","51800663","-9.6263e-07","2e-04","A"
"4","Trait5","FASTmrMLM","PstI.TP958269","6","51804504","1.6946e-05","0.0037","C"
"4","Trait5","FASTmrMLM","PstI.TP523226","6","51848443","-1.529e-05","0.0033","A"
"4","Trait5","FASTmrMLM","NsiI.TP41019","6","51864695","0.0857","0.7195","C"
"4","Trait5","FASTmrMLM","PstI.TP942201","6","51864974","1.6597e-05","0.0036","A"
"4","Trait5","FASTmrMLM","PstI.TP585000","6","51865026","-2.6692e-06","6e-04","A"
"4","Trait5","FASTmrMLM","PstI.TP684139","6","51865090","3.1578e-05","0.0069","A"
"4","Trait5","FASTmrMLM","PstI.TP486999","6","51865961","-5.4264e-06","0.0012","G"
"4","Trait5","FASTmrMLM","NsiI.TP34195","6","51866048","5.4721e-06","0.0012","A"
"4","Trait5","FASTmrMLM","NsiI.TP503258","6","51868615","0.0634","0.4659","G"
"4","Trait5","FASTmrMLM","NsiI.TP716559","6","51868667","1.6678e-05","0.0036","C"
"4","Trait5","FASTmrMLM","PstI.TP449476","6","51870296","1.5487e-05","0.0034","A"
"4","Trait5","FASTmrMLM","PstI.TP104721","6","51870344","-2.9002e-06","6e-04","A"
"4","Trait5","FASTmrMLM","NsiI.TP173400","6","51870471","-4.8336e-06","0.0011","A"
"4","Trait5","FASTmrMLM","PstI.TP1025940","6","51870695","0.0433","0.453","C"
"4","Trait5","FASTmrMLM","PstI.TP638558","6","51870866","-2.0778e-06","5e-04","A"
"4","Trait5","FASTmrMLM","PstI.TP966469","6","51873093","1.1801e-05","0.0026","A"
"4","Trait5","FASTmrMLM","PstI.TP839649","6","51874085","-0.0609","0.4411","G"
"4","Trait5","FASTmrMLM","PstI.TP532588","6","51874123","-2.005e-05","0.0044","A"
"4","Trait5","FASTmrMLM","PstI.TP830821","6","51874136","2.6008e-06","6e-04","C"
"4","Trait5","FASTmrMLM","NsiI.TP42726","6","51878486","0.1282","1.4605","C"
"4","Trait5","FASTmrMLM","PstI.TP66012","6","51878553","-9.8074e-06","0.0021","A"
"4","Trait5","FASTmrMLM","NsiI.TP222368","6","51878605","0.0556","0.4225","A"
"4","Trait5","FASTmrMLM","NsiI.TP408746","6","51882283","-8.7871e-06","0.0019","A"
"4","Trait5","FASTmrMLM","NsiI.TP215547","6","51882366","1.5508e-05","0.0034","A"
"4","Trait5","FASTmrMLM","PstI.TP533582","6","51887320","-1.8778e-05","0.0041","A"
"4","Trait5","FASTmrMLM","PstI.TP171590","6","51900644","1.2803e-05","0.0028","C"
"4","Trait5","FASTmrMLM","PstI.TP316808","6","51911205","5.5746e-06","0.0012","A"
"4","Trait5","FASTmrMLM","NsiI.TP830728","6","51913016","-0.1523","0.988","C"
"4","Trait5","FASTmrMLM","NsiI.TP530730","6","51917233","-4.3183e-06","9e-04","C"
"4","Trait5","FASTmrMLM","PstI.TP1010538","6","51920059","4.2422e-07","9.2337e-05","C"
"4","Trait5","FASTmrMLM","PstI.TP114435","6","51935989","1.1554e-05","0.0025","A"
"4","Trait5","FASTmrMLM","PstI.TP114440","6","51936004","-1.2295e-06","3e-04","A"
"4","Trait5","FASTmrMLM","PstI.TP377968","6","51952510","-0.0394","0.2743","A"
"4","Trait5","FASTmrMLM","PstI.TP255344","6","51975189","-1.0261e-05","0.0022","C"
"4","Trait5","FASTmrMLM","PstI.TP888818","6","51991433","1.2475e-05","0.0027","C"
"4","Trait5","FASTmrMLM","PstI.TP1123529","6","52002355","2.2665e-05","0.005","A"
"4","Trait5","FASTmrMLM","PstI.TP266628","6","52008542","-1.7187e-05","0.0038","A"
"4","Trait5","FASTmrMLM","PstI.TP296200","6","52008547","1.7896e-05","0.0039","C"
"4","Trait5","FASTmrMLM","PstI.TP924149","6","52031747","-0.035","0.2522","A"
"4","Trait5","FASTmrMLM","NsiI.TP571773","6","52036524","-1.346e-05","0.0029","A"
"4","Trait5","FASTmrMLM","PstI.TP504094","6","52090786","0.0542","0.4859","G"
"4","Trait5","FASTmrMLM","NsiI.TP312196","6","52107659","-0.0651","0.4462","C"
"4","Trait5","FASTmrMLM","PstI.TP633796","6","52110966","-0.0664","0.779","A"
"4","Trait5","FASTmrMLM","PstI.TP10427","6","52112058","9.0734e-06","0.002","C"
"4","Trait5","FASTmrMLM","NsiI.TP469440","6","52124712","0.3871","2.0451","A"
"4","Trait5","FASTmrMLM","NsiI.TP469438","6","52124718","-2.5594e-05","0.0056","C"
"4","Trait5","FASTmrMLM","PstI.TP526907","6","52143728","0.07","0.3807","A"
"4","Trait5","FASTmrMLM","PstI.TP77119","6","52143791","5.8804e-06","0.0013","C"
"4","Trait5","FASTmrMLM","GFSSContig13409_253","6","52159760","3.0373e-05","0.0067","A"
"4","Trait5","FASTmrMLM","GFSSContig9469_436","6","52187471","2.4048e-05","0.0053","A"
"4","Trait5","FASTmrMLM","GFSSContig9469_613","6","52187648","2.2781e-05","0.005","A"
"4","Trait5","FASTmrMLM","GFSSContig9469_821","6","52187856","-3.31e-05","0.0073","A"
"4","Trait5","FASTmrMLM","NsiI.TP201378","6","52187948","-0.1634","0.7103","C"
"4","Trait5","FASTmrMLM","PstI.TP1197982","6","52196793","-3.2821e-05","0.0072","A"
"4","Trait5","FASTmrMLM","NsiI.TP360462","6","52212449","-5.6346e-06","0.0012","C"
"4","Trait5","FASTmrMLM","NsiI.TP705986","6","52282662","3.3333e-06","7e-04","A"
"4","Trait5","FASTmrMLM","PstI.TP639577","6","52285273","-5.3856e-06","0.0012","A"
"4","Trait5","FASTmrMLM","NsiI.TP825036","6","52294145","3.0567e-05","0.0067","C"
"4","Trait5","FASTmrMLM","PstI.TP1131586","6","52294517","1.5005e-05","0.0033","C"
"4","Trait5","FASTmrMLM","NsiI.TP488986","6","52297793","3.5769e-05","0.0079","A"
"4","Trait5","FASTmrMLM","PstI.TP1192071","6","52303000","4.0625e-06","9e-04","G"
"4","Trait5","FASTmrMLM","PstI.TP843955","6","52307437","-0.1997","0.6684","C"
"4","Trait5","FASTmrMLM","PstI.TP1268195","6","52307532","-8.8044e-06","0.0019","C"
"4","Trait5","FASTmrMLM","PstI.TP222082","6","52323612","-0.0456","0.5453","C"
"4","Trait5","FASTmrMLM","NsiI.TP426330","6","52325878","0.1343","1.1928","A"
"4","Trait5","FASTmrMLM","PstI.TP52046","6","52358725","3.2864e-06","7e-04","A"
"4","Trait5","FASTmrMLM","NsiI.TP66301","6","52369682","1.4685e-05","0.0032","C"
"4","Trait5","FASTmrMLM","PstI.TP195322","6","52370018","0.1442","0.7773","C"
"4","Trait5","FASTmrMLM","NsiI.TP550662","6","52420127","3e-04","0.0154","C"
"4","Trait5","FASTmrMLM","PstI.TP695119","6","52429938","-5.1173e-07","1e-04","C"
"4","Trait5","FASTmrMLM","NsiI.TP27541","6","52440356","-3.4175e-05","0.0075","G"
"4","Trait5","FASTmrMLM","NsiI.TP825923","6","52448208","1.1876e-05","0.0026","C"
"4","Trait5","FASTmrMLM","PstI.TP1150940","6","52448226","1.0127e-05","0.0022","C"
"4","Trait5","FASTmrMLM","PstI.TP295987","6","52453564","6.9338e-05","0.0088","A"
"4","Trait5","FASTmrMLM","NsiI.TP711779","6","52472448","0.0723","0.5197","C"
"4","Trait5","FASTmrMLM","PstI.TP706276","6","52495459","-5.7548e-06","0.0013","A"
"4","Trait5","FASTmrMLM","NsiI.TP428790","6","52511790","1.2875e-05","0.0028","C"
"4","Trait5","FASTmrMLM","NsiI.TP230929","6","52517473","-1.6731e-05","0.0037","A"
"4","Trait5","FASTmrMLM","NsiI.TP240695","6","52520872","-7.3748e-06","0.0016","C"
"4","Trait5","FASTmrMLM","PstI.TP1062830","6","52551820","-0.0258","0.2668","C"
"4","Trait5","FASTmrMLM","NsiI.TP547695","6","52565577","-1.0654e-05","0.0023","A"
"4","Trait5","FASTmrMLM","PstI.TP781623","6","52573298","-3.2773e-05","0.0072","C"
"4","Trait5","FASTmrMLM","GFSSContig6121_100","6","52583057","1.2431e-05","0.0027","T"
"4","Trait5","FASTmrMLM","NsiI.TP258449","6","52586789","9.811e-06","0.0021","A"
"4","Trait5","FASTmrMLM","PstI.TP120497","6","52619918","0.053","0.3849","G"
"4","Trait5","FASTmrMLM","PstI.TP1229909","6","52622926","7.0727e-06","0.0015","G"
"4","Trait5","FASTmrMLM","PstI.TP662149","6","52628267","1.34e-05","0.0029","C"
"4","Trait5","FASTmrMLM","PstI.TP530773","6","52628269","2.1006e-05","0.0046","A"
"4","Trait5","FASTmrMLM","PstI.TP344327","6","52628333","-2.0008e-05","0.0044","C"
"4","Trait5","FASTmrMLM","PstI.TP991117","6","52632284","-0.0318","0.2686","C"
"4","Trait5","FASTmrMLM","PstI.TP172920","6","52640026","0.1369","1.1903","A"
"4","Trait5","FASTmrMLM","PstI.TP172918","6","52640073","1.6993e-05","0.0037","C"
"4","Trait5","FASTmrMLM","NsiI.TP484068","6","52664567","-0.024","0.3094","C"
"4","Trait5","FASTmrMLM","PstI.TP438569","6","52665117","0.0427","0.4395","A"
"4","Trait5","FASTmrMLM","PstI.TP983468","6","52676712","1.2467e-05","0.0027","A"
"4","Trait5","FASTmrMLM","NsiI.TP127225","6","52679482","2.446e-06","5e-04","A"
"4","Trait5","FASTmrMLM","PstI.TP985277","6","52682783","-1.0624e-05","0.0023","A"
"4","Trait5","FASTmrMLM","NsiI.TP665675","6","52689372","8.8469e-06","0.0019","C"
"4","Trait5","FASTmrMLM","NsiI.TP586371","6","52721733","-2.8235e-05","0.0062","C"
"4","Trait5","FASTmrMLM","PstI.TP802301","6","52723072","-0.0578","0.5111","A"
"4","Trait5","FASTmrMLM","NsiI.TP167249","6","52723638","-1.4781e-05","0.0032","C"
"4","Trait5","FASTmrMLM","PstI.TP1238728","6","52736395","-2.5952e-06","6e-04","A"
"4","Trait5","FASTmrMLM","NsiI.TP439440","6","52740884","-2.2562e-05","0.0049","C"
"4","Trait5","FASTmrMLM","NsiI.TP439466","6","52740911","-2.784e-05","0.0061","C"
"4","Trait5","FASTmrMLM","NsiI.TP514947","6","52754787","-0.125","0.4561","A"
"4","Trait5","FASTmrMLM","PstI.TP160815","6","52755961","3.2704e-06","7e-04","A"
"4","Trait5","FASTmrMLM","PstI.TP537230","6","52756362","-2.7573e-06","6e-04","C"
"4","Trait5","FASTmrMLM","PstI.TP496074","6","52784258","-0.107","0.5295","C"
"4","Trait5","FASTmrMLM","PstI.TP435100","6","52788813","1.1841e-05","0.0026","C"
"4","Trait5","FASTmrMLM","NsiI.TP269670","6","52795046","7.4631e-06","0.0016","C"
"4","Trait5","FASTmrMLM","NsiI.TP573685","6","52797540","1.244e-05","0.0027","A"
"4","Trait5","FASTmrMLM","PstI.TP1223585","6","52808467","1.2668e-05","0.0028","A"
"4","Trait5","FASTmrMLM","PstI.TP9330","6","52834357","-3.4217e-06","7e-04","A"
"4","Trait5","FASTmrMLM","PstI.TP139094","6","52834413","2.1439e-05","0.0047","G"
"4","Trait5","FASTmrMLM","NsiI.TP442321","6","52858148","-1.5765e-05","0.0034","A"
"4","Trait5","FASTmrMLM","PstI.TP529562","6","52861619","-5.605e-06","0.0012","G"
"4","Trait5","FASTmrMLM","NsiI.TP489469","6","52865180","0.0087","0.1343","G"
"4","Trait5","FASTmrMLM","NsiI.TP338128","6","52871236","9.2656e-06","0.002","C"
"4","Trait5","FASTmrMLM","NsiI.TP810468","6","52878123","-3.9597e-06","9e-04","A"
"4","Trait5","FASTmrMLM","PstI.TP716078","6","52929303","9.4296e-06","0.0021","A"
"4","Trait5","FASTmrMLM","NsiI.TP625243","6","52943175","2.6683e-05","0.0058","G"
"4","Trait5","FASTmrMLM","NsiI.TP397548","6","52965346","-2.8143e-05","0.0062","C"
"4","Trait5","FASTmrMLM","NsiI.TP153092","6","52972826","1.5169e-05","0.0033","A"
"4","Trait5","FASTmrMLM","PstI.TP851309","6","52995974","1.3605e-05","0.003","C"
"4","Trait5","FASTmrMLM","PstI.TP362917","6","53015143","2.1464e-05","0.0047","C"
"4","Trait5","FASTmrMLM","PstI.TP88922","6","53024337","-8.3812e-06","0.0018","A"
"4","Trait5","FASTmrMLM","NsiI.TP219","6","53036374","-1.7343e-05","0.0038","A"
"4","Trait5","FASTmrMLM","PstI.TP1256104","6","53049386","-8.2249e-06","0.0018","A"
"4","Trait5","FASTmrMLM","PstI.TP1152363","6","53062666","-5.1964e-06","0.0011","C"
"4","Trait5","FASTmrMLM","NsiI.TP359278","6","53064783","0.143","0.918","C"
"4","Trait5","FASTmrMLM","PstI.TP1094597","6","53079396","-6.8052e-06","0.0015","A"
"4","Trait5","FASTmrMLM","PstI.TP1234396","6","53098321","0.0052","0.0663","A"
"4","Trait5","FASTmrMLM","NsiI.TP51476","6","53107093","2e-04","0.0104","A"
"4","Trait5","FASTmrMLM","PstI.TP858345","6","53110950","-2.4711e-05","0.0054","G"
"4","Trait5","FASTmrMLM","PstI.TP479087","6","53129189","-2.8015e-05","0.0061","A"
"4","Trait5","FASTmrMLM","PstI.TP246126","6","53131353","-0.0488","0.5491","G"
"4","Trait5","FASTmrMLM","PstI.TP1242416","6","53158527","1.1039e-05","0.0024","A"
"4","Trait5","FASTmrMLM","PstI.TP515787","6","53158567","1.284e-05","0.0028","A"
"4","Trait5","FASTmrMLM","PstI.TP824845","6","53159275","6.6143e-06","0.0014","A"
"4","Trait5","FASTmrMLM","PstI.TP302384","6","53169269","8.7908e-06","0.0019","C"
"4","Trait5","FASTmrMLM","PstI.TP684828","6","53177527","-0.1028","0.7593","A"
"4","Trait5","FASTmrMLM","NsiI.TP229745","6","53177812","-0.176","0.8653","A"
"4","Trait5","FASTmrMLM","PstI.TP228722","6","53186052","-0.0384","0.4371","C"
"4","Trait5","FASTmrMLM","NsiI.TP272116","6","53187069","-1.009e-06","2e-04","C"
"4","Trait5","FASTmrMLM","NsiI.TP628684","6","53188407","-6.1599e-06","0.0013","A"
"4","Trait5","FASTmrMLM","NsiI.TP428410","6","53197285","-3.2519e-05","0.0071","A"
"4","Trait5","FASTmrMLM","PstI.TP637885","6","53197341","4.846e-06","0.0011","A"
"4","Trait5","FASTmrMLM","PstI.TP638277","6","53197341","-1.0344e-05","0.0023","A"
"4","Trait5","FASTmrMLM","NsiI.TP520478","6","53224494","-1.3306e-05","0.0029","C"
"4","Trait5","FASTmrMLM","PstI.TP743713","6","53247540","1.0352e-05","0.0023","C"
"4","Trait5","FASTmrMLM","PstI.TP58590","6","53247747","1.3364e-05","0.0029","A"
"4","Trait5","FASTmrMLM","PstI.TP928840","6","53247769","1.9371e-05","0.0042","A"
"4","Trait5","FASTmrMLM","PstI.TP308464","6","53266751","-1.024e-05","0.0022","A"
"4","Trait5","FASTmrMLM","PstI.TP579760","6","53267780","-1.463e-05","0.0032","A"
"4","Trait5","FASTmrMLM","NsiI.TP328860","6","53267974","3e-04","0.0152","A"
"4","Trait5","FASTmrMLM","NsiI.TP737742","6","53268435","2.1091e-06","5e-04","G"
"4","Trait5","FASTmrMLM","PstI.TP357347","6","53284826","0.0439","0.4005","A"
"4","Trait5","FASTmrMLM","PstI.TP798331","6","53285573","6.1423e-06","0.0013","C"
"4","Trait5","FASTmrMLM","PstI.TP1191515","6","53298402","-5.3236e-06","0.0012","A"
"4","Trait5","FASTmrMLM","PstI.TP788128","6","53306322","1.4016e-05","0.0031","A"
"4","Trait5","FASTmrMLM","PstI.TP788121","6","53306350","-2.4459e-05","0.0054","A"
"4","Trait5","FASTmrMLM","PstI.TP788125","6","53306351","-8.036e-06","0.0018","C"
"4","Trait5","FASTmrMLM","NsiI.TP646964","6","53312727","0.0176","0.1566","C"
"4","Trait5","FASTmrMLM","PstI.TP272941","6","53317238","-1.7217e-05","0.0038","A"
"4","Trait5","FASTmrMLM","PstI.TP598190","6","53317495","-0.1566","0.8179","C"
"4","Trait5","FASTmrMLM","NsiI.TP497344","6","53336116","1.4761e-06","3e-04","C"
"4","Trait5","FASTmrMLM","PstI.TP1085374","6","53340884","-2.8633e-05","0.0063","A"
"4","Trait5","FASTmrMLM","PstI.TP237025","6","53343945","1.7492e-05","0.0038","A"
"4","Trait5","FASTmrMLM","NsiI.TP448754","6","53389461","9.1775e-06","0.002","C"
"4","Trait5","FASTmrMLM","PstI.TP893577","6","53399705","-1.3967e-05","0.0031","A"
"4","Trait5","FASTmrMLM","NsiI.TP344884","6","53402487","-0.1284","0.8805","A"
"4","Trait5","FASTmrMLM","PstI.TP1039032","6","53403067","1.3467e-05","0.0029","C"
"4","Trait5","FASTmrMLM","PstI.TP1178662","6","53411929","-1.2166e-05","0.0027","C"
"4","Trait5","FASTmrMLM","NsiI.TP291476","6","53416065","-1.0787e-05","0.0024","A"
"4","Trait5","FASTmrMLM","PstI.TP939005","6","53424207","6.8199e-06","0.0015","A"
"4","Trait5","FASTmrMLM","PstI.TP346925","6","53442213","-2.9262e-05","0.0064","A"
"4","Trait5","FASTmrMLM","PstI.TP794676","6","53505874","-1.0213e-05","0.0022","A"
"4","Trait5","FASTmrMLM","PstI.TP210723","6","53519176","0.0395","0.453","C"
"4","Trait5","FASTmrMLM","PstI.TP197038","6","53519320","-2.4336e-05","0.0053","A"
"4","Trait5","FASTmrMLM","PstI.TP1286435","6","53545770","1.6374e-05","0.0036","A"
"4","Trait5","FASTmrMLM","PstI.TP1292230","6","53549743","6.8197e-06","0.0015","C"
"4","Trait5","FASTmrMLM","NsiI.TP762132","6","53557628","4.4022e-06","0.001","A"
"4","Trait5","FASTmrMLM","NsiI.TP11579","6","53559605","-8.0276e-06","0.0018","C"
"4","Trait5","FASTmrMLM","PstI.TP897043","6","53627507","-1.0131e-05","0.0022","G"
"4","Trait5","FASTmrMLM","PstI.TP856178","6","53627563","5.2082e-06","0.0011","G"
"4","Trait5","FASTmrMLM","PstI.TP1234581","6","53627805","-0.0508","0.6234","C"
"4","Trait5","FASTmrMLM","PstI.TP596305","6","53628119","2.3188e-07","5.0463e-05","A"
"4","Trait5","FASTmrMLM","PstI.TP779645","6","53639810","-0.1479","0.6633","C"
"4","Trait5","FASTmrMLM","NsiI.TP581948","6","53644505","-0.1094","0.4789","A"
"4","Trait5","FASTmrMLM","NsiI.TP762234","6","53672648","-0.0396","0.3014","A"
"4","Trait5","FASTmrMLM","NsiI.TP258072","6","53673268","0.0228","0.2023","A"
"4","Trait5","FASTmrMLM","PstI.TP208272","6","53679758","-2.4001e-05","0.0053","A"
"4","Trait5","FASTmrMLM","NsiI.TP575998","6","53682293","0.0982","0.3836","C"
"4","Trait5","FASTmrMLM","NsiI.TP306861","6","53689717","-0.0805","0.6965","C"
"4","Trait5","FASTmrMLM","PstI.TP720344","6","53705499","-1.4954e-05","0.0033","C"
"4","Trait5","FASTmrMLM","PstI.TP525574","6","53705599","8.468e-06","0.0018","A"
"4","Trait5","FASTmrMLM","PstI.TP883892","6","53713879","0.0243","0.297","A"
"4","Trait5","FASTmrMLM","NsiI.TP540658","6","53721369","-0.0614","0.3689","A"
"4","Trait5","FASTmrMLM","PstI.TP1245956","6","53760660","-0.2023","1.1513","G"
"4","Trait5","FASTmrMLM","NsiI.TP81900","6","53761576","9.1818e-05","0.0094","A"
"4","Trait5","FASTmrMLM","NsiI.TP760131","6","53763092","-1.2891e-05","0.0028","A"
"4","Trait5","FASTmrMLM","PstI.TP873339","6","53763609","0.033","0.3952","C"
"4","Trait5","FASTmrMLM","NsiI.TP301504","6","53764942","3.3208e-05","0.0073","C"
"4","Trait5","FASTmrMLM","PstI.TP399838","6","53796730","-0.086","0.3661","A"
"4","Trait5","FASTmrMLM","PstI.TP469520","6","53807168","1.7238e-05","0.0038","A"
"4","Trait5","FASTmrMLM","NsiI.TP729815","6","53813524","0.1675","0.955","G"
"4","Trait5","FASTmrMLM","PstI.TP404038","6","53848452","-1.5877e-05","0.0035","A"
"4","Trait5","FASTmrMLM","NsiI.TP416262","6","53863661","-4.6064e-05","0.0101","C"
"4","Trait5","FASTmrMLM","PstI.TP439429","6","53870612","6.5969e-06","0.0014","C"
"4","Trait5","FASTmrMLM","PstI.TP56699","6","53871362","9.8466e-06","0.0021","A"
"4","Trait5","FASTmrMLM","PstI.TP743110","6","53873580","0.1785","0.5772","C"
"4","Trait5","FASTmrMLM","NsiI.TP218830","6","53878800","0.049","0.4804","A"
"4","Trait5","FASTmrMLM","PstI.TP614890","6","53887963","-1.8079e-05","0.004","C"
"4","Trait5","FASTmrMLM","NsiI.TP171912","6","53905973","-1.6201e-05","0.0035","A"
"4","Trait5","FASTmrMLM","NsiI.TP400628","6","53906451","-2e-04","0.0125","A"
"4","Trait5","FASTmrMLM","NsiI.TP35251","6","53938007","3.0002e-05","0.0066","A"
"4","Trait5","FASTmrMLM","NsiI.TP183807","6","53940404","1.9643e-05","0.0043","C"
"4","Trait5","FASTmrMLM","PstI.TP704464","6","53941417","-8.4177e-05","0.0093","A"
"4","Trait5","FASTmrMLM","NsiI.TP557030","6","53942913","0.1042","1.3701","C"
"4","Trait5","FASTmrMLM","NsiI.TP120412","6","53945605","-2.2255e-05","0.0049","A"
"4","Trait5","FASTmrMLM","PstI.TP318643","6","53946053","-9.6498e-06","0.0021","C"
"4","Trait5","FASTmrMLM","NsiI.TP626321","6","53948965","-0.0286","0.2927","A"
"4","Trait5","FASTmrMLM","PstI.TP65243","6","53953020","0.089","0.5454","A"
"4","Trait5","FASTmrMLM","NsiI.TP338280","6","53961287","-2.4971e-05","0.0055","C"
"4","Trait5","FASTmrMLM","NsiI.TP802181","6","53987187","-1.5134e-05","0.0033","A"
"4","Trait5","FASTmrMLM","PstI.TP329023","6","54015333","1.1082e-05","0.0024","G"
"4","Trait5","FASTmrMLM","NsiI.TP750432","6","54020453","-1.7437e-05","0.0038","A"
"4","Trait5","FASTmrMLM","PstI.TP904090","6","54037026","-2.9857e-06","7e-04","A"
"4","Trait5","FASTmrMLM","NsiI.TP344126","6","54048340","1.8115e-05","0.004","C"
"4","Trait5","FASTmrMLM","NsiI.TP330359","6","54050434","-4.6136e-06","0.001","A"
"4","Trait5","FASTmrMLM","PstI.TP76770","6","54052803","-1.9704e-05","0.0043","A"
"4","Trait5","FASTmrMLM","PstI.TP810203","6","54055375","2.4548e-05","0.0054","A"
"4","Trait5","FASTmrMLM","PstI.TP810202","6","54055376","2.5969e-05","0.0057","A"
"4","Trait5","FASTmrMLM","NsiI.TP433054","6","54071547","-0.0183","0.1853","C"
"4","Trait5","FASTmrMLM","NsiI.TP755095","6","54072481","-1.3698e-05","0.003","A"
"4","Trait5","FASTmrMLM","GFSSContig10367_393","6","54082286","-3.6546e-05","0.008","T"
"4","Trait5","FASTmrMLM","PstI.TP634541","6","54097354","-2.3419e-05","0.0051","C"
"4","Trait5","FASTmrMLM","PstI.TP508946","6","54123016","-0.0406","0.3195","C"
"4","Trait5","FASTmrMLM","PstI.TP772243","6","54123487","0.278","1.1431","A"
"4","Trait5","FASTmrMLM","PstI.TP851322","6","54127710","0.0341","0.4066","A"
"4","Trait5","FASTmrMLM","PstI.TP21221","6","54141313","3.4825e-05","0.0076","A"
"4","Trait5","FASTmrMLM","PstI.TP295375","6","54155182","-3e-04","0.0154","A"
"4","Trait5","FASTmrMLM","NsiI.TP367055","6","54157808","-2.8595e-05","0.0063","C"
"4","Trait5","FASTmrMLM","PstI.TP631340","6","54158095","1.8233e-05","0.004","C"
"4","Trait5","FASTmrMLM","PstI.TP622020","6","54188391","-1.2711e-05","0.0028","A"
"4","Trait5","FASTmrMLM","PstI.TP325884","6","54190678","-2.3126e-06","5e-04","C"
"4","Trait5","FASTmrMLM","PstI.TP1222031","6","54195551","-0.0088","0.1383","A"
"4","Trait5","FASTmrMLM","PstI.TP644926","6","54202311","-8.538e-06","0.0019","A"
"4","Trait5","FASTmrMLM","NsiI.TP411473","6","54202838","3.3697e-05","0.0074","A"
"4","Trait5","FASTmrMLM","NsiI.TP770846","6","54209613","1.4931e-05","0.0033","C"
"4","Trait5","FASTmrMLM","NsiI.TP770845","6","54209651","-0.0931","0.9108","C"
"4","Trait5","FASTmrMLM","NsiI.TP67724","6","54210139","0.0732","0.579","C"
"4","Trait5","FASTmrMLM","NsiI.TP722912","6","54210308","-6.4439e-06","0.0014","A"
"4","Trait5","FASTmrMLM","PstI.TP966312","6","54237208","1.8332e-06","4e-04","C"
"4","Trait5","FASTmrMLM","PstI.TP1103210","6","54246679","-1.9042e-05","0.0042","C"
"4","Trait5","FASTmrMLM","NsiI.TP816689","6","54249219","-2.4702e-05","0.0054","A"
"4","Trait5","FASTmrMLM","NsiI.TP172355","6","54256756","0.0663","0.6872","C"
"4","Trait5","FASTmrMLM","PstI.TP945766","6","54258844","-5.5596e-06","0.0012","C"
"4","Trait5","FASTmrMLM","PstI.TP815094","6","54259955","-4.6626e-06","0.001","G"
"4","Trait5","FASTmrMLM","PstI.TP168418","6","54268199","1.2624e-05","0.0028","A"
"4","Trait5","FASTmrMLM","PstI.TP166168","6","54279658","-1.5894e-05","0.0035","A"
"4","Trait5","FASTmrMLM","PstI.TP263495","6","54279732","1.7811e-06","4e-04","A"
"4","Trait5","FASTmrMLM","PstI.TP738790","6","54282001","-0.0392","0.3176","A"
"4","Trait5","FASTmrMLM","NsiI.TP459094","6","54308423","0.0462","0.4978","C"
"4","Trait5","FASTmrMLM","PstI.TP721446","6","54310020","-8.2351e-06","0.0018","A"
"4","Trait5","FASTmrMLM","GFSSContig7996_485","6","54332713","0.1079","1.2973","T"
"4","Trait5","FASTmrMLM","NsiI.TP756872","6","54332821","7.7213e-06","0.0017","C"
"4","Trait5","FASTmrMLM","PstI.TP694211","6","54345892","4.4222e-05","0.0067","A"
"4","Trait5","FASTmrMLM","PstI.TP331302","6","54347113","8.5402e-06","0.0019","A"
"4","Trait5","FASTmrMLM","PstI.TP478997","6","54359646","-3.8155e-05","0.0084","C"
"4","Trait5","FASTmrMLM","PstI.TP373371","6","54361174","-1.6247e-05","0.0036","C"
"4","Trait5","FASTmrMLM","PstI.TP270543","6","54368545","-1.0476e-05","0.0023","C"
"4","Trait5","FASTmrMLM","PstI.TP1080029","6","54377110","2.1658e-05","0.0047","A"
"4","Trait5","FASTmrMLM","NsiI.TP776836","6","54390021","-1.4965e-05","0.0033","A"
"4","Trait5","FASTmrMLM","NsiI.TP339640","6","54390868","3.9606e-05","0.0087","C"
"4","Trait5","FASTmrMLM","NsiI.TP59381","6","54443739","-6.9117e-06","0.0015","A"
"4","Trait5","FASTmrMLM","PstI.TP915398","6","54443820","0.0216","0.2113","A"
"4","Trait5","FASTmrMLM","PstI.TP262001","6","54443824","-2.0436e-06","4e-04","A"
"4","Trait5","FASTmrMLM","PstI.TP347106","6","54444929","9.1503e-06","0.002","C"
"4","Trait5","FASTmrMLM","NsiI.TP463939","6","54461185","1.0579e-05","0.0023","C"
"4","Trait5","FASTmrMLM","NsiI.TP246795","6","54469372","-3.5673e-05","0.0078","G"
"4","Trait5","FASTmrMLM","NsiI.TP6023","6","54469492","-0.1618","0.9506","C"
"4","Trait5","FASTmrMLM","NsiI.TP64836","6","54475016","0.0535","0.5879","C"
"4","Trait5","FASTmrMLM","PstI.TP275896","6","54476019","1.6733e-05","0.0037","C"
"4","Trait5","FASTmrMLM","PstI.TP226763","6","54544255","8.5556e-06","0.0019","A"
"4","Trait5","FASTmrMLM","PstI.TP732598","6","54563191","-0.0237","0.1913","C"
"4","Trait5","FASTmrMLM","PstI.TP850814","6","54574014","2.5387e-05","0.0056","A"
"4","Trait5","FASTmrMLM","NsiI.TP407534","6","54594690","0.0568","0.4203","A"
"4","Trait5","FASTmrMLM","PstI.TP353846","6","54600911","-7.5087e-06","0.0016","A"
"4","Trait5","FASTmrMLM","NsiI.TP760559","6","54602763","-5.6657e-06","0.0012","A"
"4","Trait5","FASTmrMLM","PstI.TP835351","6","54605130","-0.0119","0.1305","C"
"4","Trait5","FASTmrMLM","PstI.TP192180","6","54606330","1.5619e-05","0.0034","A"
"4","Trait5","FASTmrMLM","NsiI.TP63095","6","54615764","-9.9546e-06","0.0022","C"
"4","Trait5","FASTmrMLM","PstI.TP256301","6","54625457","-0.0242","0.2662","C"
"4","Trait5","FASTmrMLM","PstI.TP709057","6","54629080","0.0926","1.0604","A"
"4","Trait5","FASTmrMLM","NsiI.TP717045","6","54629613","0.0179","0.1556","C"
"4","Trait5","FASTmrMLM","PstI.TP329058","6","54630469","-0.1241","0.6912","G"
"4","Trait5","FASTmrMLM","NsiI.TP458860","6","54631251","-0.1167","0.8167","G"
"4","Trait5","FASTmrMLM","PstI.TP316231","6","54638219","-1.92e-05","0.0042","A"
"4","Trait5","FASTmrMLM","GFSSContig16360_390","6","54639185","3.2723e-05","0.0072","T"
"4","Trait5","FASTmrMLM","PstI.TP775891","6","54654209","-0.0376","0.2834","G"
"4","Trait5","FASTmrMLM","PstI.TP1171578","6","54654272","0.0126","0.1807","C"
"4","Trait5","FASTmrMLM","NsiI.TP60018","6","54656433","-0.0115","0.1967","A"
"4","Trait5","FASTmrMLM","PstI.TP627662","6","54656496","0.0883","0.9293","A"
"4","Trait5","FASTmrMLM","PstI.TP931302","6","54662454","-3.0282e-05","0.0066","A"
"4","Trait5","FASTmrMLM","GFSSContig20506_2030","6","54676069","2.3801e-05","0.0052","T"
"4","Trait5","FASTmrMLM","NsiI.TP439324","6","54693400","-3.5485e-05","0.0078","C"
"4","Trait5","FASTmrMLM","PstI.TP622467","6","54696934","-0.0214","0.1922","C"
"4","Trait5","FASTmrMLM","PstI.TP289559","6","54709070","3.7519e-05","0.0051","A"
"4","Trait5","FASTmrMLM","PstI.TP289558","6","54709097","-0.0723","0.7264","G"
"4","Trait5","FASTmrMLM","PstI.TP30317","6","54709438","0.0389","0.402","A"
"4","Trait5","FASTmrMLM","PstI.TP30319","6","54709444","-8.898e-06","0.0019","C"
"4","Trait5","FASTmrMLM","PstI.TP30142","6","54712768","3.7691e-08","8.2036e-06","C"
"4","Trait5","FASTmrMLM","PstI.TP516914","6","54724469","1.4774e-05","0.0032","C"
"4","Trait5","FASTmrMLM","NsiI.TP5016","6","54733699","-0.1536","0.9826","C"
"4","Trait5","FASTmrMLM","PstI.TP955227","6","54733918","0.0309","0.2339","C"
"4","Trait5","FASTmrMLM","PstI.TP516554","6","54750679","-9.4344e-07","2e-04","A"
"4","Trait5","FASTmrMLM","PstI.TP493741","6","54776616","-0.0571","0.5045","C"
"4","Trait5","FASTmrMLM","NsiI.TP523022","6","54782206","-2.1452e-05","0.0047","C"
"4","Trait5","FASTmrMLM","PstI.TP202015","6","54802741","1.897e-05","0.0041","C"
"4","Trait5","FASTmrMLM","PstI.TP549516","6","54825151","-0.1375","0.4696","C"
"4","Trait5","FASTmrMLM","PstI.TP1288424","6","54838200","-2.3615e-05","0.0052","A"
"4","Trait5","FASTmrMLM","PstI.TP1103361","6","54841469","4.65e-05","0.0102","G"
"4","Trait5","FASTmrMLM","NsiI.TP744399","6","54887237","-1.4859e-05","0.0032","C"
"4","Trait5","FASTmrMLM","PstI.TP1042728","6","54916919","-3.406e-05","0.0075","A"
"4","Trait5","FASTmrMLM","NsiI.TP95031","6","54950661","1.1141e-06","2e-04","A"
"4","Trait5","FASTmrMLM","NsiI.TP408453","6","54958791","-0.1481","0.7133","C"
"4","Trait5","FASTmrMLM","PstI.TP7761","6","54965432","1.2204e-05","0.0027","C"
"4","Trait5","FASTmrMLM","PstI.TP62382","6","54965440","-3.5573e-05","0.0078","A"
"4","Trait5","FASTmrMLM","PstI.TP379893","6","54972372","-9.6318e-06","0.0021","C"
"4","Trait5","FASTmrMLM","PstI.TP338681","6","54973469","5.9964e-06","0.0013","A"
"4","Trait5","FASTmrMLM","PstI.TP607402","6","54989967","-9.6373e-06","0.0021","C"
"4","Trait5","FASTmrMLM","PstI.TP134392","6","55007516","0.0137","0.1569","C"
"4","Trait5","FASTmrMLM","PstI.TP271888","6","55007560","1.0909e-05","0.0024","A"
"4","Trait5","FASTmrMLM","NsiI.TP286148","6","55028559","1.5776e-06","3e-04","A"
"4","Trait5","FASTmrMLM","PstI.TP1223085","6","55029740","-0.0545","0.4146","C"
"4","Trait5","FASTmrMLM","NsiI.TP825531","6","55030505","1.5685e-05","0.0034","C"
"4","Trait5","FASTmrMLM","PstI.TP352726","6","55046323","0.0491","0.6865","A"
"4","Trait5","FASTmrMLM","PstI.TP1137821","6","55048587","1.8737e-05","0.0041","A"
"4","Trait5","FASTmrMLM","NsiI.TP728934","6","55077747","-3.8425e-05","0.0084","C"
"4","Trait5","FASTmrMLM","NsiI.TP716882","6","55082772","-6.8818e-06","0.0015","A"
"4","Trait5","FASTmrMLM","PstI.TP157290","6","55093992","0.111","1.0277","G"
"4","Trait5","FASTmrMLM","NsiI.TP54936","6","55095977","2.8446e-05","0.0062","C"
"4","Trait5","FASTmrMLM","PstI.TP929514","6","55096318","-2.4543e-05","0.0054","C"
"4","Trait5","FASTmrMLM","PstI.TP776110","6","55103901","2.7318e-05","0.006","A"
"4","Trait5","FASTmrMLM","NsiI.TP488545","6","55115639","-3.8462e-07","8.372e-05","A"
"4","Trait5","FASTmrMLM","NsiI.TP536402","6","55118386","1.2611e-05","0.0028","C"
"4","Trait5","FASTmrMLM","PstI.TP1291499","6","55120060","0.0783","0.8506","C"
"4","Trait5","FASTmrMLM","NsiI.TP812481","6","55138519","0.1151","0.5515","C"
"4","Trait5","FASTmrMLM","NsiI.TP282767","6","55154575","-0.0949","0.7072","C"
"4","Trait5","FASTmrMLM","NsiI.TP609801","6","55160759","0.0484","0.3866","C"
"4","Trait5","FASTmrMLM","PstI.TP222514","6","55162389","2.4141e-05","0.0053","C"
"4","Trait5","FASTmrMLM","PstI.TP222511","6","55162398","-7.9033e-06","0.0017","C"
"4","Trait5","FASTmrMLM","NsiI.TP615980","6","55176342","0.1332","0.7738","A"
"4","Trait5","FASTmrMLM","NsiI.TP287196","6","55201795","-1.1288e-05","0.0025","C"
"4","Trait5","FASTmrMLM","PstI.TP316253","6","55219570","-2.0286e-06","4e-04","A"
"4","Trait5","FASTmrMLM","NsiI.TP194619","6","55228277","-7.5418e-06","0.0016","C"
"4","Trait5","FASTmrMLM","PstI.TP1149999","6","55242644","0.0707","0.4138","C"
"4","Trait5","FASTmrMLM","PstI.TP119523","6","55245677","-3.7326e-05","0.0082","C"
"4","Trait5","FASTmrMLM","NsiI.TP459377","6","55247660","-1.9612e-05","0.0043","A"
"4","Trait5","FASTmrMLM","PstI.TP330115","6","55251100","-0.0702","0.3786","A"
"4","Trait5","FASTmrMLM","PstI.TP58769","6","55251739","-2.0366e-05","0.0045","A"
"4","Trait5","FASTmrMLM","PstI.TP1003470","6","55262974","-2e-04","0.0121","A"
"4","Trait5","FASTmrMLM","PstI.TP891127","6","55263071","-6.4763e-06","0.0014","C"
"4","Trait5","FASTmrMLM","PstI.TP579587","6","55264365","6.8908e-06","0.0015","C"
"4","Trait5","FASTmrMLM","PstI.TP617275","6","55265681","-5.527e-05","0.0077","C"
"4","Trait5","FASTmrMLM","NsiI.TP449581","6","55265741","9.1547e-06","0.002","C"
"4","Trait5","FASTmrMLM","NsiI.TP450057","6","55265742","0.0138","0.2249","G"
"4","Trait5","FASTmrMLM","PstI.TP173318","6","55278182","-7.0701e-05","0.0091","C"
"4","Trait5","FASTmrMLM","PstI.TP466807","6","55278259","-0.0822","0.5752","C"
"4","Trait5","FASTmrMLM","NsiI.TP265343","6","55286018","0.0104","0.1146","C"
"4","Trait5","FASTmrMLM","PstI.TP254505","6","55306841","-0.0797","0.7518","A"
"4","Trait5","FASTmrMLM","PstI.TP477057","6","55309870","3.6725e-05","0.0081","C"
"4","Trait5","FASTmrMLM","PstI.TP307787","6","55339671","1.131e-05","0.0025","A"
"4","Trait5","FASTmrMLM","PstI.TP387467","6","55340504","1.6664e-05","0.0036","A"
"4","Trait5","FASTmrMLM","PstI.TP16537","6","55341361","-4.179e-05","0.0092","A"
"4","Trait5","FASTmrMLM","PstI.TP935926","6","55352294","-0.0175","0.2531","C"
"4","Trait5","FASTmrMLM","NsiI.TP416058","6","55359915","-2.7965e-06","6e-04","A"
"4","Trait5","FASTmrMLM","NsiI.TP530238","6","55382570","-6.7626e-06","0.0015","A"
"4","Trait5","FASTmrMLM","NsiI.TP616913","6","55383483","4.1998e-06","9e-04","A"
"4","Trait5","FASTmrMLM","PstI.TP237306","6","55385832","-2.4898e-06","5e-04","A"
"4","Trait5","FASTmrMLM","NsiI.TP500617","6","55386702","-1.7583e-05","0.0038","C"
"4","Trait5","FASTmrMLM","PstI.TP1102210","6","55405319","0.043","0.547","A"
"4","Trait5","FASTmrMLM","NsiI.TP496665","6","55406045","-2.7754e-05","0.0061","C"
"4","Trait5","FASTmrMLM","NsiI.TP71874","6","55407061","1.1939e-05","0.0026","A"
"4","Trait5","FASTmrMLM","PstI.TP936062","6","55408463","-1.0405e-05","0.0023","C"
"4","Trait5","FASTmrMLM","PstI.TP964708","6","55409617","1.3015e-05","0.0028","C"
"4","Trait5","FASTmrMLM","PstI.TP160093","6","55428028","1.8173e-06","4e-04","C"
"4","Trait5","FASTmrMLM","PstI.TP209022","6","55438463","2.214e-05","0.0048","C"
"4","Trait5","FASTmrMLM","NsiI.TP769989","6","55440097","7e-04","0.0249","A"
"4","Trait5","FASTmrMLM","PstI.TP1267274","6","55447141","-2.4502e-07","5.3329e-05","C"
"4","Trait5","FASTmrMLM","NsiI.TP19630","6","55447973","-2.1569e-05","0.0047","A"
"4","Trait5","FASTmrMLM","NsiI.TP458713","6","55448289","-2.9242e-05","0.0064","G"
"4","Trait5","FASTmrMLM","GFSSContig13208_795","6","55448701","-3.6663e-06","8e-04","A"
"4","Trait5","FASTmrMLM","PstI.TP1080556","6","55449036","2.7834e-06","6e-04","A"
"4","Trait5","FASTmrMLM","PstI.TP530513","6","55454149","-0.0274","0.1853","C"
"4","Trait5","FASTmrMLM","PstI.TP902823","6","55457739","7.6779e-06","0.0017","A"
"4","Trait5","FASTmrMLM","NsiI.TP239934","6","55478715","-1.087e-05","0.0024","A"
"4","Trait5","FASTmrMLM","GFSSContig17173_502","6","55484935","3.2629e-05","0.0072","A"
"4","Trait5","FASTmrMLM","NsiI.TP555153","6","55494758","0.0971","0.832","A"
"4","Trait5","FASTmrMLM","PstI.TP738636","6","55501746","8.1648e-06","0.0018","A"
"4","Trait5","FASTmrMLM","PstI.TP773474","6","55503143","-1.5442e-05","0.0034","C"
"4","Trait5","FASTmrMLM","PstI.TP774114","6","55503162","-0.0733","0.4138","C"
"4","Trait5","FASTmrMLM","GFSSContig13400_323","6","55506640","-2.3316e-05","0.0051","T"
"4","Trait5","FASTmrMLM","PstI.TP423103","6","55519159","-2.269e-05","0.005","G"
"4","Trait5","FASTmrMLM","PstI.TP1244399","6","55539267","7.6319e-06","0.0017","A"
"4","Trait5","FASTmrMLM","NsiI.TP398462","6","55546078","1.2269e-05","0.0027","A"
"4","Trait5","FASTmrMLM","NsiI.TP296282","6","55547385","-0.0229","0.2966","A"
"4","Trait5","FASTmrMLM","NsiI.TP59425","6","55557420","6.8211e-05","0.0091","A"
"4","Trait5","FASTmrMLM","PstI.TP317453","6","55573202","-1.1082e-05","0.0024","C"
"4","Trait5","FASTmrMLM","NsiI.TP139479","6","55622881","-1.5812e-05","0.0035","C"
"4","Trait5","FASTmrMLM","NsiI.TP832466","6","55647123","2.5779e-05","0.0056","G"
"4","Trait5","FASTmrMLM","PstI.TP385089","6","55648894","5.6722e-06","0.0012","A"
"4","Trait5","FASTmrMLM","NsiI.TP54629","6","55658489","0.013","0.2289","A"
"4","Trait5","FASTmrMLM","NsiI.TP407146","6","55685615","2.1949e-05","0.0048","C"
"4","Trait5","FASTmrMLM","PstI.TP907221","6","55690492","-2.7235e-05","0.006","G"
"4","Trait5","FASTmrMLM","PstI.TP996306","6","55699621","3.545e-06","8e-04","A"
"4","Trait5","FASTmrMLM","PstI.TP829285","6","55699643","-0.0603","0.7493","C"
"4","Trait5","FASTmrMLM","NsiI.TP188280","6","55729447","1.0485e-05","0.0023","A"
"4","Trait5","FASTmrMLM","PstI.TP351546","6","55750207","0.0256","0.2887","G"
"4","Trait5","FASTmrMLM","NsiI.TP133971","6","55772757","-0.1181","0.533","A"
"4","Trait5","FASTmrMLM","NsiI.TP560766","6","55789662","3.1027e-05","0.0068","G"
"4","Trait5","FASTmrMLM","NsiI.TP332930","6","55794187","-1.682e-05","0.0037","C"
"4","Trait5","FASTmrMLM","NsiI.TP336711","6","55794227","-0.0067","0.1437","A"
"4","Trait5","FASTmrMLM","PstI.TP1147046","6","55801899","-4.7149e-06","0.001","C"
"4","Trait5","FASTmrMLM","NsiI.TP360318","6","55830336","-4.6788e-06","0.001","G"
"4","Trait5","FASTmrMLM","PstI.TP1163760","6","55832271","-1.0039e-05","0.0022","C"
"4","Trait5","FASTmrMLM","PstI.TP743868","6","55864324","0.0283","0.2628","A"
"4","Trait5","FASTmrMLM","NsiI.TP401025","6","55865568","1.5827e-06","3e-04","A"
"4","Trait5","FASTmrMLM","PstI.TP372913","6","55869275","-2.9605e-06","6e-04","C"
"4","Trait5","FASTmrMLM","PstI.TP403112","6","55878438","1.8846e-05","0.0041","C"
"4","Trait5","FASTmrMLM","PstI.TP539634","6","55893141","-0.0273","0.3654","A"
"4","Trait5","FASTmrMLM","PstI.TP697171","6","55902205","-1.4593e-05","0.0032","C"
"4","Trait5","FASTmrMLM","NsiI.TP336628","6","55915483","1.5904e-05","0.0035","C"
"4","Trait5","FASTmrMLM","PstI.TP1054687","6","55917022","-1.1548e-05","0.0025","C"
"4","Trait5","FASTmrMLM","PstI.TP853495","6","55969223","1.1127e-05","0.0024","A"
"4","Trait5","FASTmrMLM","PstI.TP5871","6","55973620","-3.7521e-05","0.0082","A"
"4","Trait5","FASTmrMLM","GFSSContig12512_154","6","55977814","0.0275","0.3445","T"
"4","Trait5","FASTmrMLM","PstI.TP235452","6","55978697","1.7932e-05","0.0039","A"
"4","Trait5","FASTmrMLM","PstI.TP229971","6","55979638","1.034e-05","0.0023","C"
"4","Trait5","FASTmrMLM","PstI.TP30746","6","55996095","0.1555","0.7392","A"
"4","Trait5","FASTmrMLM","PstI.TP154255","6","56004010","5.6517e-06","0.0012","A"
"4","Trait5","FASTmrMLM","NsiI.TP432616","6","56023651","1.4074e-05","0.0031","C"
"4","Trait5","FASTmrMLM","NsiI.TP131991","6","56039035","-1.3202e-05","0.0029","A"
"4","Trait5","FASTmrMLM","NsiI.TP660389","6","56043099","1.9649e-05","0.0043","A"
"4","Trait5","FASTmrMLM","PstI.TP108770","6","56043307","-5.6773e-05","0.0076","C"
"4","Trait5","FASTmrMLM","NsiI.TP367958","6","56046595","-4.5218e-06","0.001","A"
"4","Trait5","FASTmrMLM","PstI.TP264665","6","56048899","7.8251e-06","0.0017","A"
"4","Trait5","FASTmrMLM","PstI.TP1131191","6","56067093","1.3711e-05","0.003","C"
"4","Trait5","FASTmrMLM","PstI.TP1013387","6","56067170","0.0839","1.0832","A"
"4","Trait5","FASTmrMLM","NsiI.TP615883","6","56093448","-2.3653e-05","0.0052","A"
"4","Trait5","FASTmrMLM","NsiI.TP443172","6","56095890","-0.0488","0.3276","A"
"4","Trait5","FASTmrMLM","NsiI.TP571378","6","56103799","6.5046e-07","1e-04","C"
"4","Trait5","FASTmrMLM","PstI.TP521219","6","56106355","1.528e-05","0.0033","A"
"4","Trait5","FASTmrMLM","NsiI.TP83350","6","56113020","-9.8482e-07","2e-04","A"
"4","Trait5","FASTmrMLM","PstI.TP196517","6","56113157","1.2804e-07","2.7863e-05","A"
"4","Trait5","FASTmrMLM","PstI.TP842850","6","56119362","1.1271e-05","0.0025","A"
"4","Trait5","FASTmrMLM","PstI.TP1170896","6","56121480","-1.6382e-05","0.0036","C"
"4","Trait5","FASTmrMLM","NsiI.TP283328","6","56124259","9.2744e-06","0.002","A"
"4","Trait5","FASTmrMLM","PstI.TP1202189","6","56136214","-6.2188e-06","0.0014","A"
"4","Trait5","FASTmrMLM","PstI.TP952007","6","56158074","8.4189e-05","0.009","C"
"4","Trait5","FASTmrMLM","NsiI.TP245378","6","56161630","0.0059","0.13","C"
"4","Trait5","FASTmrMLM","PstI.TP970458","6","56171483","1.4609e-05","0.0032","G"
"4","Trait5","FASTmrMLM","NsiI.TP68205","6","56171848","0.1208","0.5445","C"
"4","Trait5","FASTmrMLM","PstI.TP5079","6","56176224","6.2693e-06","0.0014","A"
"4","Trait5","FASTmrMLM","PstI.TP82893","6","56176686","-7.0301e-06","0.0015","A"
"4","Trait5","FASTmrMLM","PstI.TP69798","6","56178299","8.9333e-06","0.0019","A"
"4","Trait5","FASTmrMLM","PstI.TP69799","6","56178336","1.815e-05","0.004","C"
"4","Trait5","FASTmrMLM","NsiI.TP730098","6","56179482","6.0044e-06","0.0013","A"
"4","Trait5","FASTmrMLM","PstI.TP403732","6","56190535","-2.0645e-05","0.0045","C"
"4","Trait5","FASTmrMLM","NsiI.TP128897","6","56190559","-0.2151","2.4359","C"
"4","Trait5","FASTmrMLM","GFSSContig14690_690","6","56194502","9.1997e-06","0.002","A"
"4","Trait5","FASTmrMLM","PstI.TP1215322","6","56200436","3.2325e-05","0.0071","A"
"4","Trait5","FASTmrMLM","NsiI.TP199905","6","56200562","-0.0122","0.1815","A"
"4","Trait5","FASTmrMLM","NsiI.TP731587","6","56203927","-4.896e-06","0.0011","C"
"4","Trait5","FASTmrMLM","PstI.TP857105","6","56223965","-2.9895e-05","0.0066","G"
"4","Trait5","FASTmrMLM","PstI.TP117406","6","56228223","1.2965e-05","0.0028","A"
"4","Trait5","FASTmrMLM","PstI.TP1256411","6","56228259","1.524e-05","0.0033","A"
"4","Trait5","FASTmrMLM","PstI.TP1010827","6","56256098","3.2029e-05","0.007","C"
"4","Trait5","FASTmrMLM","NsiI.TP622027","6","56256137","5.6742e-05","0.0081","A"
"4","Trait5","FASTmrMLM","PstI.TP1010825","6","56256138","-1.8625e-05","0.0041","G"
"4","Trait5","FASTmrMLM","PstI.TP1133583","6","56256168","3.5821e-05","0.0079","C"
"4","Trait5","FASTmrMLM","PstI.TP1107436","6","56260418","-0.1213","0.6585","A"
"4","Trait5","FASTmrMLM","PstI.TP537170","6","56260618","-1.0897e-05","0.0024","A"
"4","Trait5","FASTmrMLM","PstI.TP84004","6","56277919","1.0352e-05","0.0023","A"
"4","Trait5","FASTmrMLM","NsiI.TP511316","6","56292095","-2e-04","0.0126","C"
"4","Trait5","FASTmrMLM","NsiI.TP812442","6","56292258","-0.1708","0.7337","C"
"4","Trait5","FASTmrMLM","NsiI.TP732154","6","56292268","0.098","0.567","A"
"4","Trait5","FASTmrMLM","PstI.TP836523","6","56292271","1.4808e-05","0.0032","A"
"4","Trait5","FASTmrMLM","PstI.TP836507","6","56292310","3.1424e-05","0.0069","C"
"4","Trait5","FASTmrMLM","PstI.TP974629","6","56299436","-1.8298e-05","0.004","A"
"4","Trait5","FASTmrMLM","PstI.TP493717","6","56319564","4.3376e-06","9e-04","A"
"4","Trait5","FASTmrMLM","PstI.TP1164091","6","56319647","0.0899","0.7424","A"
"4","Trait5","FASTmrMLM","PstI.TP1005417","6","56320362","-0.0194","0.2521","A"
"4","Trait5","FASTmrMLM","PstI.TP198433","6","56321576","-0.093","0.7605","A"
"4","Trait5","FASTmrMLM","NsiI.TP752189","6","56322309","-4.4083e-06","0.001","A"
"4","Trait5","FASTmrMLM","PstI.TP1040715","6","56335665","8.1946e-06","0.0018","C"
"4","Trait5","FASTmrMLM","NsiI.TP430289","6","56339001","1.1414e-05","0.0025","A"
"4","Trait5","FASTmrMLM","NsiI.TP456562","6","56339426","5.517e-06","0.0012","C"
"4","Trait5","FASTmrMLM","NsiI.TP647736","6","56339998","2.5734e-06","6e-04","A"
"4","Trait5","FASTmrMLM","NsiI.TP331107","6","56415654","-1.7208e-05","0.0038","C"
"4","Trait5","FASTmrMLM","NsiI.TP578154","6","56423273","-3.7949e-05","0.0083","C"
"4","Trait5","FASTmrMLM","NsiI.TP330082","6","56441570","3.571e-05","0.0078","G"
"4","Trait5","FASTmrMLM","PstI.TP332925","6","56453716","-3.195e-06","7e-04","A"
"4","Trait5","FASTmrMLM","PstI.TP131622","6","56461955","-4.6208e-07","1e-04","G"
"4","Trait5","FASTmrMLM","PstI.TP835664","6","56464407","-1.6478e-05","0.0036","A"
"4","Trait5","FASTmrMLM","NsiI.TP242153","6","56468194","1.3916e-05","0.003","C"
"4","Trait5","FASTmrMLM","NsiI.TP500009","6","56480966","0.0282","0.1759","A"
"4","Trait5","FASTmrMLM","PstI.TP961191","6","56487641","1.966e-05","0.0043","C"
"4","Trait5","FASTmrMLM","NsiI.TP753334","6","56495826","2.1215e-07","4.6169e-05","A"
"4","Trait5","FASTmrMLM","PstI.TP1253662","6","56499485","-0.014","0.1997","C"
"4","Trait5","FASTmrMLM","PstI.TP56712","6","56500535","0.2616","1.1416","C"
"4","Trait5","FASTmrMLM","PstI.TP1210034","6","56500922","-0.1132","0.6367","A"
"4","Trait5","FASTmrMLM","PstI.TP664921","6","56510699","-0.2839","1.0996","A"
"4","Trait5","FASTmrMLM","PstI.TP1282294","6","56518735","5.942e-07","1e-04","C"
"4","Trait5","FASTmrMLM","NsiI.TP652621","6","56522972","-1.0362e-05","0.0023","C"
"4","Trait5","FASTmrMLM","NsiI.TP328077","6","56523479","0.0342","0.2826","A"
"4","Trait5","FASTmrMLM","PstI.TP998608","6","56527592","-4.8043e-05","0.0106","C"
"4","Trait5","FASTmrMLM","PstI.TP352738","6","56528676","-9.3702e-06","0.002","A"
"4","Trait5","FASTmrMLM","PstI.TP935857","6","56529731","1.8375e-05","0.004","C"
"4","Trait5","FASTmrMLM","PstI.TP14771","6","56530647","-3.0869e-06","7e-04","A"
"4","Trait5","FASTmrMLM","NsiI.TP828108","6","56534503","-5.8135e-06","0.0013","A"
"4","Trait5","FASTmrMLM","PstI.TP1022791","6","56560248","0.0428","0.3946","C"
"4","Trait5","FASTmrMLM","PstI.TP194993","6","56572355","-0.0237","0.3002","C"
"4","Trait5","FASTmrMLM","PstI.TP486413","6","56576701","4.7892e-06","0.001","C"
"4","Trait5","FASTmrMLM","NsiI.TP350425","6","56577810","-0.1742","1.0242","C"
"4","Trait5","FASTmrMLM","PstI.TP1188867","6","56603345","-1.4177e-05","0.0031","A"
"4","Trait5","FASTmrMLM","PstI.TP397515","6","56605689","-0.0364","0.2622","A"
"4","Trait5","FASTmrMLM","NsiI.TP467289","6","56607462","7.1701e-06","0.0016","A"
"4","Trait5","FASTmrMLM","NsiI.TP364137","6","56610072","-0.0813","0.3299","C"
"4","Trait5","FASTmrMLM","PstI.TP905698","6","56616715","0.0213","0.2802","C"
"4","Trait5","FASTmrMLM","PstI.TP530320","6","56616921","3.46e-05","0.0062","A"
"4","Trait5","FASTmrMLM","PstI.TP897409","6","56637189","0.1408","0.484","C"
"4","Trait5","FASTmrMLM","PstI.TP1225179","6","56654494","0.1762","1.3796","A"
"4","Trait5","FASTmrMLM","NsiI.TP681396","6","56663345","1.1795e-05","0.0026","C"
"4","Trait5","FASTmrMLM","NsiI.TP301278","6","56670885","0.0876","1.0494","C"
"4","Trait5","FASTmrMLM","PstI.TP53152","6","56671658","1e-04","0.0125","A"
"4","Trait5","FASTmrMLM","PstI.TP193787","6","56675267","-6.2068e-06","0.0014","G"
"4","Trait5","FASTmrMLM","PstI.TP6170","6","56702797","-0.0785","0.8408","G"
"4","Trait5","FASTmrMLM","PstI.TP903637","6","56715605","-2.1712e-05","0.0048","C"
"4","Trait5","FASTmrMLM","NsiI.TP800703","6","56715605","-2.8918e-05","0.0063","C"
"4","Trait5","FASTmrMLM","PstI.TP792037","6","56716329","-2.5209e-05","0.0055","C"
"4","Trait5","FASTmrMLM","PstI.TP372251","6","56722681","-9.4313e-06","0.0021","G"
"4","Trait5","FASTmrMLM","PstI.TP55892","6","56726428","2.1648e-05","0.0047","A"
"4","Trait5","FASTmrMLM","PstI.TP501218","6","56728483","-0.1915","1.5693","A"
"4","Trait5","FASTmrMLM","NsiI.TP720449","6","56750628","0.0867","0.546","C"
"4","Trait5","FASTmrMLM","PstI.TP76178","6","56764350","0.1332","0.7586","A"
"4","Trait5","FASTmrMLM","PstI.TP1265941","6","56770599","1.6597e-05","0.0036","A"
"4","Trait5","FASTmrMLM","PstI.TP372961","6","56802643","-8.3842e-05","0.0087","C"
"4","Trait5","FASTmrMLM","PstI.TP548429","6","56821011","-1.936e-05","0.0042","C"
"4","Trait5","FASTmrMLM","PstI.TP56944","6","56848150","7.8463e-06","0.0017","G"
"4","Trait5","FASTmrMLM","NsiI.TP316300","6","56863026","0.2632","1.978","A"
"4","Trait5","FASTmrMLM","PstI.TP83264","6","56897554","-1.9636e-06","4e-04","A"
"4","Trait5","FASTmrMLM","PstI.TP1197337","6","56902060","0.1335","0.7145","A"
"4","Trait5","FASTmrMLM","PstI.TP1184327","6","56902841","1.615e-05","0.0035","C"
"4","Trait5","FASTmrMLM","PstI.TP844119","6","56933495","-0.0242","0.2932","C"
"4","Trait5","FASTmrMLM","NsiI.TP591402","6","56944734","-0.009","0.1617","A"
"4","Trait5","FASTmrMLM","PstI.TP651659","6","56962308","0.1023","0.5001","C"
"4","Trait5","FASTmrMLM","NsiI.TP734796","6","56964434","2.9873e-05","0.0066","G"
"4","Trait5","FASTmrMLM","PstI.TP663240","6","56975360","0.1992","2.3068","A"
"4","Trait5","FASTmrMLM","NsiI.TP280522","6","56981689","1.2053e-05","0.0026","C"
"4","Trait5","FASTmrMLM","NsiI.TP421851","6","57002172","2.1993e-06","5e-04","A"
"4","Trait5","FASTmrMLM","NsiI.TP18594","6","57003801","-2.4552e-05","0.0054","G"
"4","Trait5","FASTmrMLM","NsiI.TP102642","6","57016013","-2.5981e-05","0.0057","A"
"4","Trait5","FASTmrMLM","NsiI.TP128060","6","57028559","-1.3104e-05","0.0029","A"
"4","Trait5","FASTmrMLM","PstI.TP1117602","6","57030813","-3e-04","0.0136","C"
"4","Trait5","FASTmrMLM","PstI.TP600278","6","57031081","0.1318","0.7463","G"
"4","Trait5","FASTmrMLM","PstI.TP724661","6","57031083","-4.0998e-06","9e-04","A"
"4","Trait5","FASTmrMLM","PstI.TP106962","6","57047383","1.2002e-05","0.0026","C"
"4","Trait5","FASTmrMLM","PstI.TP483709","6","57047399","-5.6818e-06","0.0012","A"
"4","Trait5","FASTmrMLM","NsiI.TP634468","6","57074553","2.275e-05","0.005","G"
"4","Trait5","FASTmrMLM","NsiI.TP616137","6","57075072","-1.5249e-05","0.0033","A"
"4","Trait5","FASTmrMLM","PstI.TP438189","6","57093743","-6.5013e-06","0.0014","G"
"4","Trait5","FASTmrMLM","PstI.TP140016","6","57096158","0.0154","0.2088","A"
"4","Trait5","FASTmrMLM","PstI.TP642933","6","57096182","-2.1136e-05","0.0046","A"
"4","Trait5","FASTmrMLM","NsiI.TP820139","6","57131130","0.0383","0.1747","A"
"4","Trait5","FASTmrMLM","PstI.TP771790","6","57132937","0.1026","1.408","A"
"4","Trait5","FASTmrMLM","PstI.TP1241719","6","57149401","0.0787","0.4596","A"
"4","Trait5","FASTmrMLM","SSk45ctg267941_175","6","57153800","1.2571e-05","0.0027","A"
"4","Trait5","FASTmrMLM","NsiI.TP594033","6","57171741","1.3927e-07","3.0311e-05","A"
"4","Trait5","FASTmrMLM","PstI.TP456356","6","57185583","-2.018e-06","4e-04","A"
"4","Trait5","FASTmrMLM","NsiI.TP643397","6","57185862","0.0439","0.2662","A"
"4","Trait5","FASTmrMLM","PstI.TP891306","6","57198891","-0.0181","0.2308","C"
"4","Trait5","FASTmrMLM","PstI.TP609012","6","57199915","-1.1961e-05","0.0026","A"
"4","Trait5","FASTmrMLM","PstI.TP1001095","6","57206618","-0.03","0.3229","A"
"4","Trait5","FASTmrMLM","PstI.TP935379","6","57279614","0.0942","1.2869","C"
"4","Trait5","FASTmrMLM","PstI.TP880089","6","57279976","9.3248e-06","0.002","C"
"4","Trait5","FASTmrMLM","NsiI.TP481486","6","57288094","5.2425e-06","0.0011","A"
"4","Trait5","FASTmrMLM","PstI.TP1000965","6","57296544","-0.1503","1.2266","C"
"4","Trait5","FASTmrMLM","NsiI.TP439033","6","57296595","1.5869e-05","0.0035","C"
"4","Trait5","FASTmrMLM","NsiI.TP414848","6","57312459","1.0247e-05","0.0022","C"
"4","Trait5","FASTmrMLM","PstI.TP320848","6","57315388","4.1277e-06","9e-04","A"
"4","Trait5","FASTmrMLM","PstI.TP288528","6","57341720","0.0608","0.7387","C"
"4","Trait5","FASTmrMLM","PstI.TP288453","6","57341759","0.1223","0.4878","G"
"4","Trait5","FASTmrMLM","PstI.TP107481","6","57341977","2.4796e-05","0.0054","C"
"4","Trait5","FASTmrMLM","NsiI.TP673140","6","57348362","-0.0153","0.202","A"
"4","Trait5","FASTmrMLM","PstI.TP9748","6","57348418","-2.1417e-05","0.0047","A"
"4","Trait5","FASTmrMLM","NsiI.TP525123","6","57352236","-1.1695e-05","0.0026","C"
"4","Trait5","FASTmrMLM","PstI.TP32618","6","57366854","-1.3948e-05","0.003","C"
"4","Trait5","FASTmrMLM","PstI.TP712389","6","57378555","-2.4883e-05","0.0054","A"
"4","Trait5","FASTmrMLM","PstI.TP712566","6","57378569","1.5471e-06","3e-04","C"
"4","Trait5","FASTmrMLM","PstI.TP23606","6","57378629","0.1139","0.516","C"
"4","Trait5","FASTmrMLM","NsiI.TP632931","6","57382133","-1.9532e-05","0.0043","C"
"4","Trait5","FASTmrMLM","PstI.TP18829","6","57385425","-2.8586e-05","0.0063","C"
"4","Trait5","FASTmrMLM","PstI.TP524872","6","57399018","-2e-04","0.0136","C"
"4","Trait5","FASTmrMLM","PstI.TP205597","6","57407618","1.6017e-05","0.0035","A"
"4","Trait5","FASTmrMLM","NsiI.TP717026","6","57407622","-1.2932e-05","0.0028","A"
"4","Trait5","FASTmrMLM","PstI.TP109119","6","57407699","-0.1037","0.5115","A"
"4","Trait5","FASTmrMLM","NsiI.TP336960","6","57407699","-4.5481e-06","0.001","A"
"4","Trait5","FASTmrMLM","NsiI.TP195495","6","57418687","-0.3123","0.9264","A"
"4","Trait5","FASTmrMLM","NsiI.TP282469","6","57439454","-0.0698","0.7167","C"
"4","Trait5","FASTmrMLM","PstI.TP788586","6","57442567","-1.6223e-05","0.0035","A"
"4","Trait5","FASTmrMLM","PstI.TP1207780","6","57442628","1.578e-05","0.0034","C"
"4","Trait5","FASTmrMLM","NsiI.TP247932","6","57457942","0.037","0.3389","A"
"4","Trait5","FASTmrMLM","NsiI.TP20067","6","57479677","-0.0113","0.1565","C"
"4","Trait5","FASTmrMLM","PstI.TP747216","6","57493875","5.6338e-06","0.0012","C"
"4","Trait5","FASTmrMLM","NsiI.TP738234","6","57506161","-0.0784","0.9127","A"
"4","Trait5","FASTmrMLM","NsiI.TP626412","6","57511085","-0.0625","0.4305","C"
"4","Trait5","FASTmrMLM","NsiI.TP744039","6","57524182","-0.078","0.3383","C"
"4","Trait5","FASTmrMLM","PstI.TP237028","6","57528957","-2.0913e-05","0.0046","A"
"4","Trait5","FASTmrMLM","PstI.TP466683","6","57529741","5.5225e-06","0.0012","A"
"4","Trait5","FASTmrMLM","NsiI.TP72858","6","57534669","-0.032","0.4222","C"
"4","Trait5","FASTmrMLM","PstI.TP1194392","6","57534861","-7.4409e-06","0.0016","C"
"4","Trait5","FASTmrMLM","PstI.TP788844","6","57545165","-0.0114","0.1603","A"
"4","Trait5","FASTmrMLM","PstI.TP795258","6","57545226","-0.0902","0.933","A"
"4","Trait5","FASTmrMLM","PstI.TP1259489","6","57549455","8.2056e-07","2e-04","C"
"4","Trait5","FASTmrMLM","PstI.TP247320","6","57564285","-1.0364e-05","0.0023","A"
"4","Trait5","FASTmrMLM","PstI.TP740799","6","57584847","0.0244","0.2958","A"
"4","Trait5","FASTmrMLM","NsiI.TP669710","6","57585057","1.0451e-06","2e-04","A"
"4","Trait5","FASTmrMLM","NsiI.TP675931","6","57613603","-3.6572e-06","8e-04","A"
"4","Trait5","FASTmrMLM","NsiI.TP371517","6","57614035","0.0451","0.3668","C"
"4","Trait5","FASTmrMLM","PstI.TP1158253","6","57627001","1.7237e-06","4e-04","A"
"4","Trait5","FASTmrMLM","PstI.TP287609","6","57643302","-1.0814e-05","0.0024","C"
"4","Trait5","FASTmrMLM","PstI.TP835411","6","57648141","1.7571e-05","0.0038","C"
"4","Trait5","FASTmrMLM","NsiI.TP776185","6","57649718","-0.1692","0.4823","A"
"4","Trait5","FASTmrMLM","NsiI.TP194622","6","57652913","-0.02","0.2825","A"
"4","Trait5","FASTmrMLM","NsiI.TP194623","6","57652918","-5.1215e-07","1e-04","G"
"4","Trait5","FASTmrMLM","PstI.TP129838","6","57654210","-7.2718e-06","0.0016","A"
"4","Trait5","FASTmrMLM","PstI.TP905212","6","57657570","2.2987e-05","0.005","G"
"4","Trait5","FASTmrMLM","PstI.TP905211","6","57657581","-7.4494e-06","0.0016","A"
"4","Trait5","FASTmrMLM","PstI.TP237934","6","57700343","1.2342e-05","0.0027","A"
"4","Trait5","FASTmrMLM","PstI.TP326929","6","57706235","1.7683e-05","0.0039","C"
"4","Trait5","FASTmrMLM","PstI.TP548366","6","57715874","3.8576e-06","8e-04","G"
"4","Trait5","FASTmrMLM","PstI.TP939692","6","57716221","-8.7239e-08","1.8985e-05","A"
"4","Trait5","FASTmrMLM","PstI.TP591218","6","57716962","-9.2901e-06","0.002","A"
"4","Trait5","FASTmrMLM","NsiI.TP490318","6","57719810","0.2561","1.1604","A"
"4","Trait5","FASTmrMLM","NsiI.TP259318","6","57753357","-3.5288e-05","0.0078","A"
"4","Trait5","FASTmrMLM","NsiI.TP485455","6","57754665","0.2251","1.4508","A"
"4","Trait5","FASTmrMLM","PstI.TP159519","6","57755767","-1.2649e-05","0.0028","C"
"4","Trait5","FASTmrMLM","PstI.TP737551","6","57757179","-5.0996e-06","0.0011","C"
"4","Trait5","FASTmrMLM","PstI.TP730580","6","57757185","0.1208","0.9499","A"
"4","Trait5","FASTmrMLM","NsiI.TP242133","6","57757400","0.133","0.6917","G"
"4","Trait5","FASTmrMLM","PstI.TP992224","6","57775119","5.4146e-06","0.0012","A"
"4","Trait5","FASTmrMLM","NsiI.TP512198","6","57793820","6.2948e-06","0.0014","A"
"4","Trait5","FASTmrMLM","NsiI.TP232524","6","57802011","-0.1426","1.7599","C"
"4","Trait5","FASTmrMLM","PstI.TP390264","6","57802308","1.3411e-06","3e-04","A"
"4","Trait5","FASTmrMLM","PstI.TP851761","6","57802693","1.6669e-05","0.0036","C"
"4","Trait5","FASTmrMLM","NsiI.TP413526","6","57806042","-0.0621","0.6604","A"
"4","Trait5","FASTmrMLM","NsiI.TP224461","6","57810264","-1.6991e-05","0.0037","C"
"4","Trait5","FASTmrMLM","PstI.TP790771","6","57810483","-2.4848e-05","0.0054","C"
"4","Trait5","FASTmrMLM","PstI.TP834327","6","57817600","-0.0337","0.4597","C"
"4","Trait5","FASTmrMLM","NsiI.TP159695","6","57820247","-1.3865e-05","0.003","A"
"4","Trait5","FASTmrMLM","NsiI.TP79476","6","57820819","-9.5915e-06","0.0021","C"
"4","Trait5","FASTmrMLM","NsiI.TP216248","6","57834939","8.1506e-06","0.0018","A"
"4","Trait5","FASTmrMLM","PstI.TP768241","6","57836173","2e-04","0.0129","C"
"4","Trait5","FASTmrMLM","NsiI.TP273928","6","57836261","0.0704","0.4871","A"
"4","Trait5","FASTmrMLM","PstI.TP793980","6","57836411","7.8552e-06","0.0017","A"
"4","Trait5","FASTmrMLM","PstI.TP76339","6","57878144","0.1078","0.8031","A"
"4","Trait5","FASTmrMLM","PstI.TP1220431","6","57879530","-1.9117e-05","0.0042","A"
"4","Trait5","FASTmrMLM","PstI.TP1220434","6","57879537","-8.1689e-06","0.0018","A"
"4","Trait5","FASTmrMLM","PstI.TP849929","6","57879722","2.3669e-05","0.0052","C"
"4","Trait5","FASTmrMLM","NsiI.TP453821","6","57882402","-1.7233e-05","0.0038","C"
"4","Trait5","FASTmrMLM","NsiI.TP162594","6","57886523","3.358e-06","7e-04","A"
"4","Trait5","FASTmrMLM","NsiI.TP476290","6","57889422","9.2809e-07","2e-04","G"
"4","Trait5","FASTmrMLM","PstI.TP702574","6","57893505","0.2965","1.6982","C"
"4","Trait5","FASTmrMLM","PstI.TP702632","6","57893518","0.0842","0.6129","C"
"4","Trait5","FASTmrMLM","PstI.TP800283","6","57893572","-1.0788e-06","2e-04","C"
"4","Trait5","FASTmrMLM","PstI.TP190788","6","57896394","2.0386e-05","0.0045","A"
"4","Trait5","FASTmrMLM","PstI.TP39954","6","57909583","0.0221","0.2126","A"
"4","Trait5","FASTmrMLM","NsiI.TP435787","6","57913412","-0.023","0.3269","C"
"4","Trait5","FASTmrMLM","PstI.TP1291741","6","57936813","7.6193e-06","0.0017","A"
"4","Trait5","FASTmrMLM","NsiI.TP801132","6","57947391","-2.28e-05","0.005","C"
"4","Trait5","FASTmrMLM","PstI.TP1116298","6","57959042","-3.9821e-06","9e-04","C"
"4","Trait5","FASTmrMLM","PstI.TP142291","6","57969879","2.6463e-06","6e-04","C"
"4","Trait5","FASTmrMLM","PstI.TP10996","6","57974096","-0.2823","2.9425","A"
"4","Trait5","FASTmrMLM","PstI.TP10997","6","57974142","1.7548e-05","0.0038","A"
"4","Trait5","FASTmrMLM","PstI.TP948183","6","57978635","-0.1652","1.227","C"
"4","Trait5","FASTmrMLM","PstI.TP303598","6","57983184","-2.9872e-06","7e-04","C"
"4","Trait5","FASTmrMLM","NsiI.TP519695","6","57983728","3.0025e-05","0.0057","C"
"4","Trait5","FASTmrMLM","NsiI.TP241455","6","57988621","-0.0114","0.148","C"
"4","Trait5","FASTmrMLM","PstI.TP607682","6","57995101","1.5335e-06","3e-04","A"
"4","Trait5","FASTmrMLM","PstI.TP813035","6","57995196","0.0458","0.3994","G"
"4","Trait5","FASTmrMLM","PstI.TP631293","6","58004328","-0.0648","0.7442","A"
"4","Trait5","FASTmrMLM","PstI.TP60298","6","58056016","-1.7865e-06","4e-04","A"
"4","Trait5","FASTmrMLM","PstI.TP705829","6","58061911","0.0282","0.3018","G"
"4","Trait5","FASTmrMLM","NsiI.TP501677","6","58064943","-3.4204e-05","0.0075","A"
"4","Trait5","FASTmrMLM","PstI.TP521010","6","58082275","-1.2107e-05","0.0026","C"
"4","Trait5","FASTmrMLM","NsiI.TP521192","6","58082292","1.9207e-05","0.0042","A"
"4","Trait5","FASTmrMLM","NsiI.TP458010","6","58086518","2.6208e-05","0.0057","A"
"4","Trait5","FASTmrMLM","PstI.TP488800","6","58115358","9.5228e-06","0.0021","C"
"4","Trait5","FASTmrMLM","NsiI.TP588611","6","58134205","-5.0437e-06","0.0011","A"
"4","Trait5","FASTmrMLM","PstI.TP1042254","6","58135093","8.9734e-06","0.002","C"
"4","Trait5","FASTmrMLM","PstI.TP1034013","6","58135751","1.1864e-05","0.0026","A"
"4","Trait5","FASTmrMLM","PstI.TP314564","6","58138664","3.418e-05","0.0075","C"
"4","Trait5","FASTmrMLM","NsiI.TP715879","6","58155283","2.9189e-06","6e-04","C"
"4","Trait5","FASTmrMLM","NsiI.TP601716","6","58162144","0.1392","1.0451","G"
"4","Trait5","FASTmrMLM","GFSSContig14923_586","6","58168888","-1.2415e-05","0.0027","A"
"4","Trait5","FASTmrMLM","PstI.TP504281","6","58184660","1.0674e-05","0.0023","C"
"4","Trait5","FASTmrMLM","PstI.TP778451","6","58206490","9.8543e-07","2e-04","A"
"4","Trait5","FASTmrMLM","PstI.TP778256","6","58228399","-0.0289","0.3212","C"
"4","Trait5","FASTmrMLM","NsiI.TP2617","6","58243864","-0.0066","0.0814","C"
"4","Trait5","FASTmrMLM","NsiI.TP633832","6","58255579","-0.058","0.3901","A"
"4","Trait5","FASTmrMLM","PstI.TP170349","6","58256776","0.0372","0.3335","A"
"4","Trait5","FASTmrMLM","PstI.TP170346","6","58256823","-1.5354e-05","0.0034","G"
"4","Trait5","FASTmrMLM","NsiI.TP765052","6","58268710","1.7336e-05","0.0038","A"
"4","Trait5","FASTmrMLM","PstI.TP370440","6","58289933","-5.3235e-06","0.0012","C"
"4","Trait5","FASTmrMLM","NsiI.TP719023","6","58296666","3.06e-05","0.0067","A"
"4","Trait5","FASTmrMLM","PstI.TP399236","6","58316655","-9.7448e-06","0.0021","A"
"4","Trait5","FASTmrMLM","NsiI.TP588279","6","58376163","-6.0055e-06","0.0013","A"
"4","Trait5","FASTmrMLM","NsiI.TP643792","6","58379549","-0.1174","0.6624","C"
"4","Trait5","FASTmrMLM","PstI.TP30555","6","58396527","0.0322","0.3033","C"
"4","Trait5","FASTmrMLM","NsiI.TP336547","6","58396661","0.0379","0.3471","C"
"4","Trait5","FASTmrMLM","NsiI.TP159993","6","58398203","-9.343e-06","0.002","C"
"4","Trait5","FASTmrMLM","PstI.TP334179","6","58406668","-1.0164e-05","0.0022","C"
"4","Trait5","FASTmrMLM","PstI.TP726225","6","58406812","-1.4828e-05","0.0032","C"
"4","Trait5","FASTmrMLM","NsiI.TP438129","6","58406971","-1.9498e-05","0.0043","A"
"4","Trait5","FASTmrMLM","NsiI.TP145987","6","58406977","6.2615e-06","0.0014","C"
"4","Trait5","FASTmrMLM","PstI.TP775944","6","58413507","-0.2028","1.5002","G"
"4","Trait5","FASTmrMLM","PstI.TP775950","6","58413533","-0.1473","1.8487","A"
"4","Trait5","FASTmrMLM","NsiI.TP501261","6","58413535","0.0613","0.6871","C"
"4","Trait5","FASTmrMLM","NsiI.TP76464","6","58424359","0.0075","0.0847","C"
"4","Trait5","FASTmrMLM","NsiI.TP619911","6","58429666","-5.1953e-06","0.0011","A"
"4","Trait5","FASTmrMLM","PstI.TP1217836","6","58435510","-0.0675","0.3623","C"
"4","Trait5","FASTmrMLM","NsiI.TP86762","6","58436008","-1.746e-05","0.0038","C"
"4","Trait5","FASTmrMLM","PstI.TP801880","6","58436104","3.7338e-06","8e-04","C"
"4","Trait5","FASTmrMLM","PstI.TP489074","6","58436504","9.3594e-06","0.002","C"
"4","Trait5","FASTmrMLM","PstI.TP1066372","6","58439886","-6.069e-06","0.0013","A"
"4","Trait5","FASTmrMLM","NsiI.TP405534","6","58523762","1.2963e-05","0.0028","C"
"4","Trait5","FASTmrMLM","NsiI.TP778102","6","58528060","-0.0426","0.3694","A"
"4","Trait5","FASTmrMLM","PstI.TP439021","6","58540159","1.0198e-05","0.0022","A"
"4","Trait5","FASTmrMLM","NsiI.TP574391","6","58545403","1.1769e-06","3e-04","A"
"4","Trait5","FASTmrMLM","PstI.TP275507","6","58569479","-5.5875e-06","0.0012","A"
"4","Trait5","FASTmrMLM","PstI.TP175840","6","58592000","-1.1612e-05","0.0025","A"
"4","Trait5","FASTmrMLM","NsiI.TP386809","6","58595512","3.5113e-05","0.0077","A"
"4","Trait5","FASTmrMLM","NsiI.TP155253","6","58595723","-8.1755e-07","2e-04","C"
"4","Trait5","FASTmrMLM","PstI.TP1157605","6","58609671","9.5745e-06","0.0021","A"
"4","Trait5","FASTmrMLM","NsiI.TP507668","6","58610975","-0.4716","1.7687","A"
"4","Trait5","FASTmrMLM","PstI.TP835397","6","58667504","-1.3606e-05","0.003","A"
"4","Trait5","FASTmrMLM","PstI.TP852670","6","58714613","-2.6519e-06","6e-04","G"
"4","Trait5","FASTmrMLM","PstI.TP72792","6","58724525","6.3955e-06","0.0014","A"
"4","Trait5","FASTmrMLM","NsiI.TP738186","6","58739865","-1.3539e-05","0.003","C"
"4","Trait5","FASTmrMLM","PstI.TP4385","6","58740341","-0.4998","2.6659","C"
"4","Trait5","FASTmrMLM","PstI.TP817774","6","58758257","-3.3826e-06","7e-04","A"
"4","Trait5","FASTmrMLM","PstI.TP238093","6","58773636","-6.4034e-06","0.0014","A"
"4","Trait5","FASTmrMLM","NsiI.TP819619","6","58811249","-0.093","0.5749","C"
"4","Trait5","FASTmrMLM","NsiI.TP832911","6","58867494","2.1711e-06","5e-04","A"
"4","Trait5","FASTmrMLM","NsiI.TP82490","6","58904524","-2.106e-05","0.0046","C"
"4","Trait5","FASTmrMLM","NsiI.TP82489","6","58904532","2.6035e-05","0.0057","C"
"4","Trait5","FASTmrMLM","PstI.TP478785","6","58929159","-0.1829","1.6101","C"
"4","Trait5","FASTmrMLM","NsiI.TP649727","6","58930501","1.4337e-05","0.0031","A"
"4","Trait5","FASTmrMLM","PstI.TP633833","6","58948452","-1.8115e-05","0.004","C"
"4","Trait5","FASTmrMLM","PstI.TP213773","6","58954159","2.9939e-05","0.0041","C"
"4","Trait5","FASTmrMLM","PstI.TP470333","6","58970821","1.1137e-05","0.0024","A"
"4","Trait5","FASTmrMLM","NsiI.TP427077","6","58976715","1.869e-05","0.0041","G"
"4","Trait5","FASTmrMLM","NsiI.TP632222","6","58978800","-2.4337e-05","0.0053","A"
"4","Trait5","FASTmrMLM","PstI.TP276388","6","59032815","0.0261","0.2768","A"
"4","Trait5","FASTmrMLM","PstI.TP915148","6","59035373","1.2966e-05","0.0028","A"
"4","Trait5","FASTmrMLM","PstI.TP335168","6","59035662","1.0276e-05","0.0022","A"
"4","Trait5","FASTmrMLM","NsiI.TP632245","6","59042785","1.381e-06","3e-04","C"
"4","Trait5","FASTmrMLM","NsiI.TP270625","6","59050895","-1.349e-05","0.0029","C"
"4","Trait5","FASTmrMLM","NsiI.TP513068","6","59061092","2.5574e-06","6e-04","A"
"4","Trait5","FASTmrMLM","PstI.TP481162","6","59078996","0.0112","0.1771","C"
"4","Trait5","FASTmrMLM","PstI.TP1052406","6","59086414","0.0134","0.1968","A"
"4","Trait5","FASTmrMLM","PstI.TP103610","6","59105747","0.1827","1.2656","C"
"4","Trait5","FASTmrMLM","PstI.TP331343","6","59149622","4.4965e-06","0.001","C"
"4","Trait5","FASTmrMLM","PstI.TP227295","6","59150201","-4.8872e-06","0.0011","A"
"4","Trait5","FASTmrMLM","PstI.TP227292","6","59150219","-8.6547e-06","0.0019","A"
"4","Trait5","FASTmrMLM","NsiI.TP488846","6","59151683","-2.1894e-05","0.0048","A"
"4","Trait5","FASTmrMLM","NsiI.TP496491","6","59152519","-3.9728e-05","0.0087","C"
"4","Trait5","FASTmrMLM","NsiI.TP84456","6","59154178","-1.1278e-06","2e-04","C"
"4","Trait5","FASTmrMLM","PstI.TP988737","6","59154787","-2.9076e-05","0.0064","A"
"4","Trait5","FASTmrMLM","PstI.TP794003","6","59161184","-1.0405e-05","0.0023","C"
"4","Trait5","FASTmrMLM","PstI.TP321563","6","59162064","1.4098e-06","3e-04","C"
"4","Trait5","FASTmrMLM","NsiI.TP759309","6","59162760","5.003e-06","0.0011","A"
"4","Trait5","FASTmrMLM","PstI.TP1277861","6","59200808","4.2053e-06","9e-04","A"
"4","Trait5","FASTmrMLM","PstI.TP1177266","6","59202858","-7.3519e-06","0.0016","C"
"4","Trait5","FASTmrMLM","NsiI.TP603010","6","59204334","0.1309","0.8897","A"
"4","Trait5","FASTmrMLM","PstI.TP842278","6","59205393","-5.2958e-06","0.0012","A"
"4","Trait5","FASTmrMLM","PstI.TP397762","6","59210882","-3.6559e-06","8e-04","A"
"4","Trait5","FASTmrMLM","NsiI.TP190313","6","59215135","7.139e-06","0.0016","C"
"4","Trait5","FASTmrMLM","NsiI.TP190393","6","59215148","-0.0959","0.8649","C"
"4","Trait5","FASTmrMLM","PstI.TP338409","6","59229037","2.1369e-05","0.0047","A"
"4","Trait5","FASTmrMLM","PstI.TP777906","6","59229689","-7.1178e-06","0.0016","G"
"4","Trait5","FASTmrMLM","NsiI.TP661719","6","59229805","2.6382e-05","0.0058","A"
"4","Trait5","FASTmrMLM","NsiI.TP753524","6","59244046","-1.1399e-05","0.0025","A"
"4","Trait5","FASTmrMLM","PstI.TP486374","6","59260024","-0.0418","0.306","C"
"4","Trait5","FASTmrMLM","PstI.TP129534","6","59260056","-0.0414","0.25","A"
"4","Trait5","FASTmrMLM","PstI.TP730230","6","59266399","-0.1994","0.6627","C"
"4","Trait5","FASTmrMLM","PstI.TP869361","6","59266531","-5.5063e-06","0.0012","A"
"4","Trait5","FASTmrMLM","NsiI.TP470727","6","59267751","1.3712e-05","0.003","C"
"4","Trait5","FASTmrMLM","NsiI.TP470728","6","59267758","8.1602e-06","0.0018","C"
"4","Trait5","FASTmrMLM","NsiI.TP194597","6","59271134","-0.0168","0.1171","C"
"4","Trait5","FASTmrMLM","PstI.TP892086","6","59280417","-2.7401e-06","6e-04","C"
"4","Trait5","FASTmrMLM","PstI.TP892085","6","59280431","4.863e-06","0.0011","A"
"4","Trait5","FASTmrMLM","PstI.TP329481","6","59280530","0.0414","0.4575","C"
"4","Trait5","FASTmrMLM","PstI.TP185495","6","59285400","-4.8383e-06","0.0011","A"
"4","Trait5","FASTmrMLM","PstI.TP38843","6","59303111","-0.1564","0.7384","A"
"4","Trait5","FASTmrMLM","PstI.TP1047519","6","59303243","-6.8354e-06","0.0015","A"
"4","Trait5","FASTmrMLM","PstI.TP991294","6","59307100","-0.2529","0.9054","C"
"4","Trait5","FASTmrMLM","NsiI.TP237305","6","59308123","-0.0958","0.5691","C"
"4","Trait5","FASTmrMLM","PstI.TP445226","6","59322753","1.289e-05","0.0028","C"
"4","Trait5","FASTmrMLM","NsiI.TP492150","6","59336161","0.0492","0.2955","C"
"4","Trait5","FASTmrMLM","PstI.TP141574","6","59338202","1.7013e-05","0.0037","A"
"4","Trait5","FASTmrMLM","NsiI.TP482309","6","59367337","-0.0206","0.18","A"
"4","Trait5","FASTmrMLM","PstI.TP45951","6","59395812","-0.0888","0.5482","A"
"4","Trait5","FASTmrMLM","PstI.TP235381","6","59397846","0.1112","1.2009","C"
"4","Trait5","FASTmrMLM","NsiI.TP489265","6","59398588","1.5146e-06","3e-04","A"
"4","Trait5","FASTmrMLM","PstI.TP1214647","6","59411717","-3.649e-06","8e-04","C"
"4","Trait5","FASTmrMLM","NsiI.TP9954","6","59437948","-0.2143","1.0263","C"
"4","Trait5","FASTmrMLM","PstI.TP479153","6","59457053","9.9847e-06","0.0022","C"
"4","Trait5","FASTmrMLM","PstI.TP1130612","6","59457930","0.1265","0.7146","G"
"4","Trait5","FASTmrMLM","NsiI.TP255006","6","59462133","-2.4331e-06","5e-04","G"
"4","Trait5","FASTmrMLM","PstI.TP87734","6","59462232","3.4974e-07","7.6116e-05","C"
"4","Trait5","FASTmrMLM","PstI.TP1138111","6","59474252","4.1251e-06","9e-04","C"
"4","Trait5","FASTmrMLM","PstI.TP136466","6","59486334","2.6651e-05","0.0058","C"
"4","Trait5","FASTmrMLM","NsiI.TP704131","6","59491352","0.0064","0.1268","C"
"4","Trait5","FASTmrMLM","PstI.TP369771","6","59498070","3.1502e-05","0.0047","A"
"4","Trait5","FASTmrMLM","PstI.TP1026640","6","59504271","-3e-04","0.0141","G"
"4","Trait5","FASTmrMLM","PstI.TP764580","6","59535314","7.5815e-07","2e-04","C"
"4","Trait5","FASTmrMLM","PstI.TP1056646","6","59557295","-0.0229","0.2808","A"
"4","Trait5","FASTmrMLM","PstI.TP987182","6","59584031","-2.6084e-05","0.0057","C"
"4","Trait5","FASTmrMLM","PstI.TP734120","6","59587728","-3.0635e-08","6.668e-06","C"
"4","Trait5","FASTmrMLM","NsiI.TP466689","6","59609489","-0.0906","0.5325","A"
"4","Trait5","FASTmrMLM","PstI.TP512318","6","59662141","-1.6066e-05","0.0035","C"
"4","Trait5","FASTmrMLM","PstI.TP526605","6","59665185","-0.0229","0.3044","C"
"4","Trait5","FASTmrMLM","NsiI.TP432803","6","59676430","-0.3711","1.9822","C"
"4","Trait5","FASTmrMLM","PstI.TP336379","6","59676748","4.5053e-07","9.806e-05","G"
"4","Trait5","FASTmrMLM","NsiI.TP814519","6","59730617","-6.2619e-06","0.0014","C"
"4","Trait5","FASTmrMLM","PstI.TP991905","6","59754229","2.8522e-06","6e-04","C"
"4","Trait5","FASTmrMLM","PstI.TP875252","6","59755110","-1.3441e-05","0.0029","C"
"4","Trait5","FASTmrMLM","PstI.TP542042","6","59774160","-8.1799e-06","0.0018","C"
"4","Trait5","FASTmrMLM","PstI.TP339221","6","59779202","0.0966","0.469","A"
"4","Trait5","FASTmrMLM","PstI.TP891088","6","59779244","3.4117e-05","0.0075","A"
"4","Trait5","FASTmrMLM","PstI.TP109212","6","59782352","2.6407e-05","0.0058","A"
"4","Trait5","FASTmrMLM","NsiI.TP315856","6","59791041","-3.6072e-05","0.0079","A"
"4","Trait5","FASTmrMLM","NsiI.TP355898","6","59799004","0.0691","0.4648","A"
"4","Trait5","FASTmrMLM","NsiI.TP213093","6","59804743","-4.5826e-06","0.001","C"
"4","Trait5","FASTmrMLM","PstI.TP12840","6","59806368","9.6519e-06","0.0021","A"
"4","Trait5","FASTmrMLM","NsiI.TP314107","6","59809134","-0.0836","0.789","C"
"4","Trait5","FASTmrMLM","PstI.TP865112","6","59811074","4.5131e-06","0.001","A"
"4","Trait5","FASTmrMLM","PstI.TP535662","6","59819342","9.3324e-06","0.002","A"
"4","Trait5","FASTmrMLM","NsiI.TP402599","6","59824065","-2.2969e-05","0.005","C"
"4","Trait5","FASTmrMLM","PstI.TP391109","6","59848588","0.0518","0.4327","C"
"4","Trait5","FASTmrMLM","PstI.TP1238644","6","59852352","-6.687e-06","0.0015","A"
"4","Trait5","FASTmrMLM","NsiI.TP182282","6","59883321","0.076","0.5404","A"
"4","Trait5","FASTmrMLM","NsiI.TP401041","6","59883335","-1.2402e-05","0.0027","C"
"4","Trait5","FASTmrMLM","NsiI.TP41313","6","59886024","-1.7334e-05","0.0038","C"
"4","Trait5","FASTmrMLM","NsiI.TP177667","6","59886394","-9.1902e-06","0.002","G"
"4","Trait5","FASTmrMLM","PstI.TP1076395","6","59888575","-2.7492e-05","0.006","A"
"4","Trait5","FASTmrMLM","PstI.TP1150436","6","59888830","6.1688e-06","0.0013","A"
"4","Trait5","FASTmrMLM","PstI.TP143719","6","59895028","-5.9894e-06","0.0013","A"
"4","Trait5","FASTmrMLM","PstI.TP363146","6","59896427","1.0057e-05","0.0022","A"
"4","Trait5","FASTmrMLM","PstI.TP505868","6","59912704","1.8222e-05","0.004","G"
"4","Trait5","FASTmrMLM","NsiI.TP423163","6","59915726","0.0301","0.2229","C"
"4","Trait5","FASTmrMLM","PstI.TP617763","6","59944553","1.4137e-05","0.0031","A"
"4","Trait5","FASTmrMLM","PstI.TP418863","6","59970341","5.3529e-06","0.0012","C"
"4","Trait5","FASTmrMLM","PstI.TP129599","6","59971682","7.4597e-06","0.0016","C"
"4","Trait5","FASTmrMLM","PstI.TP442698","6","59971726","-1.8518e-05","0.0041","G"
"4","Trait5","FASTmrMLM","PstI.TP1057198","6","59986445","-2.3127e-05","0.0051","A"
"4","Trait5","FASTmrMLM","NsiI.TP560218","6","59987875","0.0086","0.1735","A"
"4","Trait5","FASTmrMLM","NsiI.TP546343","6","59988582","4.3229e-05","0.0095","A"
"4","Trait5","FASTmrMLM","PstI.TP1102166","6","59992695","-0.0428","0.4061","G"
"4","Trait5","FASTmrMLM","NsiI.TP495563","6","59994547","-2.4706e-06","5e-04","A"
"4","Trait5","FASTmrMLM","NsiI.TP467799","6","59995545","-3.0099e-05","0.0066","A"
"4","Trait5","FASTmrMLM","PstI.TP468154","6","60014973","-1.8093e-05","0.004","C"
"4","Trait5","FASTmrMLM","PstI.TP868802","6","60027130","4.7033e-06","0.001","C"
"4","Trait5","FASTmrMLM","NsiI.TP484026","6","60029432","-1.5378e-05","0.0034","A"
"4","Trait5","FASTmrMLM","NsiI.TP653986","6","60029500","-0.2045","1.241","C"
"4","Trait5","FASTmrMLM","NsiI.TP420308","6","60032693","-5.235e-06","0.0011","G"
"4","Trait5","FASTmrMLM","NsiI.TP38472","6","60033879","0.0216","0.233","A"
"4","Trait5","FASTmrMLM","NsiI.TP439076","6","60033895","1.0343e-05","0.0023","C"
"4","Trait5","FASTmrMLM","NsiI.TP319156","6","60040387","-0.0542","0.5159","A"
"4","Trait5","FASTmrMLM","PstI.TP318365","6","60042786","0.129","1.4335","C"
"4","Trait5","FASTmrMLM","PstI.TP1215769","6","60047342","1.1828e-05","0.0026","A"
"4","Trait5","FASTmrMLM","NsiI.TP260863","6","60088479","0.2476","0.7969","A"
"4","Trait5","FASTmrMLM","PstI.TP847186","6","60089588","-5.7697e-06","0.0013","A"
"4","Trait5","FASTmrMLM","PstI.TP715177","6","60091046","-5.4502e-06","0.0012","A"
"4","Trait5","FASTmrMLM","PstI.TP1083831","6","60095067","4.3282e-06","9e-04","C"
"4","Trait5","FASTmrMLM","PstI.TP341197","6","60102603","-9.3862e-06","0.002","A"
"4","Trait5","FASTmrMLM","PstI.TP852912","6","60106545","0.0886","0.9215","C"
"4","Trait5","FASTmrMLM","PstI.TP378126","6","60113569","0.0403","0.233","C"
"4","Trait5","FASTmrMLM","PstI.TP602730","6","60118411","2.8439e-05","0.0062","C"
"4","Trait5","FASTmrMLM","PstI.TP1189353","6","60148665","-9.9937e-06","0.0022","C"
"4","Trait5","FASTmrMLM","PstI.TP104263","6","60154805","5.1147e-06","0.0011","A"
"4","Trait5","FASTmrMLM","PstI.TP230384","6","60169404","0.0817","0.8427","A"
"4","Trait5","FASTmrMLM","PstI.TP230539","6","60169420","0.0125","0.183","A"
"4","Trait5","FASTmrMLM","PstI.TP416435","6","60209749","-3.4798e-05","0.0076","A"
"4","Trait5","FASTmrMLM","PstI.TP1149778","6","60214816","1.5158e-05","0.0033","C"
"4","Trait5","FASTmrMLM","PstI.TP1149043","6","60216688","6.6658e-07","1e-04","A"
"4","Trait5","FASTmrMLM","NsiI.TP781","6","60217819","-1.2334e-05","0.0027","C"
"4","Trait5","FASTmrMLM","PstI.TP241352","6","60244644","-0.0464","0.2669","A"
"4","Trait5","FASTmrMLM","NsiI.TP832308","6","60249745","4.6069e-05","0.0101","C"
"4","Trait5","FASTmrMLM","NsiI.TP208703","6","60262934","0.0117","0.1802","G"
"4","Trait5","FASTmrMLM","PstI.TP345529","6","60263361","-8.8412e-06","0.0019","C"
"4","Trait5","FASTmrMLM","PstI.TP1063220","6","60291900","-7.4833e-06","0.0016","A"
"4","Trait5","FASTmrMLM","NsiI.TP462327","6","60309461","1.7671e-05","0.0039","A"
"4","Trait5","FASTmrMLM","NsiI.TP798937","6","60315548","-2.0418e-05","0.0045","C"
"4","Trait5","FASTmrMLM","PstI.TP197872","6","60334759","-1.6196e-05","0.0035","A"
"4","Trait5","FASTmrMLM","PstI.TP57877","6","60339998","-0.1147","0.742","A"
"4","Trait5","FASTmrMLM","PstI.TP694243","6","60342369","-1.6036e-05","0.0035","C"
"4","Trait5","FASTmrMLM","NsiI.TP515368","6","60343446","9.2079e-06","0.002","A"
"4","Trait5","FASTmrMLM","PstI.TP842838","6","60343852","3.0324e-05","0.0067","C"
"4","Trait5","FASTmrMLM","PstI.TP869627","6","60343900","-1.3161e-05","0.0029","C"
"4","Trait5","FASTmrMLM","PstI.TP635120","6","60367190","3.5387e-05","0.0078","A"
"4","Trait5","FASTmrMLM","PstI.TP970427","6","60381753","1.1069e-05","0.0024","C"
"4","Trait5","FASTmrMLM","PstI.TP1123906","6","60391907","0.0739","0.4409","A"
"4","Trait5","FASTmrMLM","PstI.TP9243","6","60399770","9.5484e-06","0.0021","A"
"4","Trait5","FASTmrMLM","NsiI.TP553287","6","60412595","-2.9708e-05","0.0065","C"
"4","Trait5","FASTmrMLM","NsiI.TP701438","6","60419610","1.3646e-05","0.003","C"
"4","Trait5","FASTmrMLM","PstI.TP849641","6","60429835","-1.9473e-06","4e-04","C"
"4","Trait5","FASTmrMLM","PstI.TP265313","6","60430462","8.2547e-06","0.0018","G"
"4","Trait5","FASTmrMLM","PstI.TP265310","6","60430494","-0.2722","1.512","A"
"4","Trait5","FASTmrMLM","NsiI.TP566468","6","60434717","-2.0008e-05","0.0044","C"
"4","Trait5","FASTmrMLM","PstI.TP575261","6","60436204","0.053","0.5066","C"
"4","Trait5","FASTmrMLM","PstI.TP1198766","6","60436257","-9.6349e-06","0.0021","A"
"4","Trait5","FASTmrMLM","NsiI.TP377463","6","60436934","3e-04","0.0169","A"
"4","Trait5","FASTmrMLM","NsiI.TP530594","6","60462758","1.3539e-05","0.003","A"
"4","Trait5","FASTmrMLM","NsiI.TP447267","6","60469529","0.3471","1.3696","A"
"4","Trait5","FASTmrMLM","PstI.TP596173","6","60494225","4.8538e-06","0.0011","A"
"4","Trait5","FASTmrMLM","PstI.TP126085","6","60503682","-0.1542","1.8712","A"
"4","Trait5","FASTmrMLM","PstI.TP689277","6","60532782","1.2093e-05","0.0026","C"
"4","Trait5","FASTmrMLM","NsiI.TP120969","6","60535359","5.2806e-08","1.1492e-05","A"
"4","Trait5","FASTmrMLM","NsiI.TP29303","6","60535449","1.3258e-05","0.0029","C"
"4","Trait5","FASTmrMLM","NsiI.TP487191","6","60542053","0.0346","0.3068","G"
"4","Trait5","FASTmrMLM","PstI.TP270919","6","60547387","-0.1093","0.8934","A"
"4","Trait5","FASTmrMLM","PstI.TP367854","6","60552256","2.0653e-05","0.0045","A"
"4","Trait5","FASTmrMLM","NsiI.TP716304","6","60564615","-0.0507","0.3626","C"
"4","Trait5","FASTmrMLM","NsiI.TP354992","6","60567551","-1.393e-05","0.003","C"
"4","Trait5","FASTmrMLM","PstI.TP1129524","6","60568508","0.0227","0.1953","C"
"4","Trait5","FASTmrMLM","NsiI.TP755117","6","60605057","9.8696e-06","0.0022","A"
"4","Trait5","FASTmrMLM","PstI.TP850678","6","60613447","1.2746e-05","0.0028","A"
"4","Trait5","FASTmrMLM","PstI.TP508638","6","60618174","3.0151e-06","7e-04","C"
"4","Trait5","FASTmrMLM","PstI.TP1097898","6","60631235","-0.1151","0.5014","C"
"4","Trait5","FASTmrMLM","NsiI.TP198104","6","60637596","0.2424","1.5646","C"
"4","Trait5","FASTmrMLM","PstI.TP328075","6","60646349","-6.14e-06","0.0013","A"
"4","Trait5","FASTmrMLM","PstI.TP940966","6","60646441","4.4898e-06","0.001","C"
"4","Trait5","FASTmrMLM","PstI.TP972848","6","60648409","-1.9952e-05","0.0044","C"
"4","Trait5","FASTmrMLM","NsiI.TP438846","6","60651214","-0.026","0.2191","A"
"4","Trait5","FASTmrMLM","NsiI.TP281038","6","60652088","-0.0082","0.1722","C"
"4","Trait5","FASTmrMLM","PstI.TP122561","6","60674270","-1.3972e-05","0.0031","C"
"4","Trait5","FASTmrMLM","PstI.TP26581","6","60674367","-2.7843e-06","6e-04","A"
"4","Trait5","FASTmrMLM","PstI.TP980534","6","60689389","-3.9552e-05","0.0087","A"
"4","Trait5","FASTmrMLM","PstI.TP980540","6","60689401","-0.2376","1.6531","C"
"4","Trait5","FASTmrMLM","PstI.TP66649","6","60694093","1.9581e-05","0.0032","A"
"4","Trait5","FASTmrMLM","PstI.TP710627","6","60713934","0.0911","0.9736","A"
"4","Trait5","FASTmrMLM","PstI.TP639463","6","60717357","9.3823e-06","0.002","C"
"4","Trait5","FASTmrMLM","NsiI.TP119888","6","60728366","1.5439e-05","0.0034","C"
"4","Trait5","FASTmrMLM","NsiI.TP108795","6","60742462","0.0077","0.1369","A"
"4","Trait5","FASTmrMLM","NsiI.TP618390","6","60751309","3.7806e-06","8e-04","A"
"4","Trait5","FASTmrMLM","NsiI.TP687408","6","60752823","-1.7186e-05","0.0038","A"
"4","Trait5","FASTmrMLM","NsiI.TP113749","6","60754309","1.5621e-05","0.0034","G"
"4","Trait5","FASTmrMLM","NsiI.TP554250","6","60761230","-0.0169","0.1659","C"
"4","Trait5","FASTmrMLM","PstI.TP189668","6","60778232","2.6053e-05","0.0057","C"
"4","Trait5","FASTmrMLM","NsiI.TP385601","6","60780427","5.0271e-06","0.0011","A"
"4","Trait5","FASTmrMLM","NsiI.TP622761","6","60784944","6.782e-06","0.0015","G"
"4","Trait5","FASTmrMLM","NsiI.TP462904","6","60785010","0.0411","0.232","C"
"4","Trait5","FASTmrMLM","NsiI.TP462905","6","60785058","-1.3094e-05","0.0029","A"
"4","Trait5","FASTmrMLM","NsiI.TP493318","6","60799416","3.6345e-06","8e-04","A"
"4","Trait5","FASTmrMLM","PstI.TP1193013","6","60825902","0.2381","1.3432","C"
"4","Trait5","FASTmrMLM","PstI.TP239479","6","60863430","-1.2187e-06","3e-04","A"
"4","Trait5","FASTmrMLM","PstI.TP239480","6","60863471","-0.0184","0.2084","G"
"4","Trait5","FASTmrMLM","NsiI.TP414274","6","60875029","-8.7249e-06","0.0019","G"
"4","Trait5","FASTmrMLM","PstI.TP337023","6","60875356","2.4983e-05","0.0055","A"
"4","Trait5","FASTmrMLM","PstI.TP537490","6","60875735","-3.3375e-07","7.2634e-05","A"
"4","Trait5","FASTmrMLM","NsiI.TP612406","6","60875790","-0.1693","1.0109","C"
"4","Trait5","FASTmrMLM","NsiI.TP35284","6","60880292","-1.9517e-05","0.0043","A"
"4","Trait5","FASTmrMLM","NsiI.TP130499","6","60880934","5.8967e-06","0.0013","C"
"4","Trait5","FASTmrMLM","PstI.TP957846","6","60884941","-0.1112","0.4419","C"
"4","Trait5","FASTmrMLM","PstI.TP969397","6","60888114","-5.7388e-07","1e-04","C"
"4","Trait5","FASTmrMLM","PstI.TP1056336","6","60888540","2.8671e-07","6.2399e-05","A"
"4","Trait5","FASTmrMLM","NsiI.TP441356","6","60900720","-1.4679e-05","0.0032","A"
"4","Trait5","FASTmrMLM","PstI.TP143356","6","60904975","6.5385e-06","0.0014","A"
"4","Trait5","FASTmrMLM","NsiI.TP723118","6","60909505","-1.4114e-05","0.0031","C"
"4","Trait5","FASTmrMLM","PstI.TP786113","6","60914620","-8.9105e-06","0.0019","G"
"4","Trait5","FASTmrMLM","PstI.TP882117","6","60916924","2.0082e-05","0.0044","A"
"4","Trait5","FASTmrMLM","NsiI.TP463510","6","60917451","-2.297e-05","0.005","A"
"4","Trait5","FASTmrMLM","PstI.TP931840","6","60969038","-1.8108e-05","0.004","A"
"4","Trait5","FASTmrMLM","NsiI.TP593220","6","60969842","0.0105","0.1714","A"
"4","Trait5","FASTmrMLM","NsiI.TP352630","6","61001540","-1.681e-05","0.0037","A"
"4","Trait5","FASTmrMLM","NsiI.TP6145","6","61036028","0.0153","0.2405","C"
"4","Trait5","FASTmrMLM","NsiI.TP370740","6","61057670","3e-04","0.0165","C"
"4","Trait5","FASTmrMLM","NsiI.TP521456","6","61057730","-1.3113e-05","0.0029","G"
"4","Trait5","FASTmrMLM","PstI.TP180297","6","61058221","-2.8045e-06","6e-04","A"
"4","Trait5","FASTmrMLM","PstI.TP1091418","6","61060394","0.0484","0.3624","A"
"4","Trait5","FASTmrMLM","PstI.TP1091422","6","61060401","-0.0639","0.7465","A"
"4","Trait5","FASTmrMLM","PstI.TP377002","6","61062556","-8.6588e-06","0.0019","A"
"4","Trait5","FASTmrMLM","PstI.TP18970","6","61062915","3.7375e-05","0.0082","C"
"4","Trait5","FASTmrMLM","PstI.TP53078","6","61063893","3.9298e-06","9e-04","A"
"4","Trait5","FASTmrMLM","PstI.TP781185","6","61093857","1.2679e-05","0.0028","C"
"4","Trait5","FASTmrMLM","GFSSContig19719_251","6","61112395","0.0074","0.1301","T"
"4","Trait5","FASTmrMLM","NsiI.TP291101","6","61129114","0.1665","1.8459","A"
"4","Trait5","FASTmrMLM","NsiI.TP414216","6","61141240","0.0514","0.2887","G"
"4","Trait5","FASTmrMLM","PstI.TP737762","6","61153494","-9.4908e-06","0.0021","A"
"4","Trait5","FASTmrMLM","PstI.TP120908","6","61169728","5.1257e-06","0.0011","A"
"4","Trait5","FASTmrMLM","NsiI.TP815226","6","61195375","-2.9565e-05","0.0065","A"
"4","Trait5","FASTmrMLM","NsiI.TP494652","6","61215782","-0.1364","0.4931","A"
"4","Trait5","FASTmrMLM","NsiI.TP481611","6","61215825","-0.0357","0.4496","C"
"4","Trait5","FASTmrMLM","NsiI.TP311723","6","61255833","3.0081e-05","0.0066","A"
"4","Trait5","FASTmrMLM","GFSSContig19690_2175","6","61270516","-5.6824e-06","0.0012","A"
"4","Trait5","FASTmrMLM","NsiI.TP150595","6","61271173","0.0218","0.2849","C"
"4","Trait5","FASTmrMLM","NsiI.TP304335","6","61272905","1.8461e-05","0.004","A"
"4","Trait5","FASTmrMLM","NsiI.TP233877","7","31517","0.0325","0.3233","A"
"4","Trait5","FASTmrMLM","PstI.TP362309","7","71318","7.1361e-06","0.0016","A"
"4","Trait5","FASTmrMLM","NsiI.TP454446","7","78212","-2.0113e-05","0.0044","G"
"4","Trait5","FASTmrMLM","PstI.TP76154","7","78270","7.268e-07","2e-04","C"
"4","Trait5","FASTmrMLM","PstI.TP630774","7","78389","-1.7081e-05","0.0037","C"
"4","Trait5","FASTmrMLM","NsiI.TP503227","7","87451","-0.1159","0.9606","C"
"4","Trait5","FASTmrMLM","PstI.TP1291023","7","106971","-0.4886","2.2861","A"
"4","Trait5","FASTmrMLM","PstI.TP116696","7","122728","-1.8857e-05","0.0041","C"
"4","Trait5","FASTmrMLM","PstI.TP1196894","7","124663","2.5645e-05","0.0056","G"
"4","Trait5","FASTmrMLM","PstI.TP89020","7","147527","0.2472","0.7924","A"
"4","Trait5","FASTmrMLM","NsiI.TP522662","7","218157","1.5337e-05","0.0034","A"
"4","Trait5","FASTmrMLM","NsiI.TP616438","7","220037","0.0246","0.2362","G"
"4","Trait5","FASTmrMLM","NsiI.TP135109","7","234266","3.8205e-06","8e-04","C"
"4","Trait5","FASTmrMLM","PstI.TP161281","7","277773","-2.85e-06","6e-04","A"
"4","Trait5","FASTmrMLM","PstI.TP149030","7","321322","-0.1775","0.9785","C"
"4","Trait5","FASTmrMLM","NsiI.TP414779","7","321443","3.0283e-05","0.0066","A"
"4","Trait5","FASTmrMLM","PstI.TP71420","7","342781","7.653e-06","0.0017","A"
"4","Trait5","FASTmrMLM","NsiI.TP687419","7","367431","-1.5322e-06","3e-04","A"
"4","Trait5","FASTmrMLM","PstI.TP549777","7","410234","1.3935e-05","0.003","A"
"4","Trait5","FASTmrMLM","NsiI.TP383667","7","419094","-0.0852","0.5363","A"
"4","Trait5","FASTmrMLM","NsiI.TP360855","7","438208","2.246e-05","0.0049","C"
"4","Trait5","FASTmrMLM","GFk35ctg307257_202","7","454127","0.1636","1.0484","C"
"4","Trait5","FASTmrMLM","NsiI.TP368808","7","460393","0.165","0.7399","C"
"4","Trait5","FASTmrMLM","NsiI.TP780103","7","462996","-3.086e-05","0.0068","A"
"4","Trait5","FASTmrMLM","NsiI.TP559899","7","468069","-3.4221e-06","7e-04","A"
"4","Trait5","FASTmrMLM","PstI.TP1016898","7","469707","-0.3194","1.0928","C"
"4","Trait5","FASTmrMLM","PstI.TP72122","7","476104","3.062e-05","0.0043","G"
"4","Trait5","FASTmrMLM","NsiI.TP520570","7","545180","1.3407e-05","0.0029","A"
"4","Trait5","FASTmrMLM","NsiI.TP525038","7","581686","-2.3734e-05","0.0052","G"
"4","Trait5","FASTmrMLM","PstI.TP718858","7","651781","-4.2385e-05","0.0093","C"
"4","Trait5","FASTmrMLM","PstI.TP997226","7","651806","-9.2912e-07","2e-04","C"
"4","Trait5","FASTmrMLM","PstI.TP892511","7","657459","-7.1489e-06","0.0016","C"
"4","Trait5","FASTmrMLM","NsiI.TP426016","7","737647","0.0839","0.6638","A"
"4","Trait5","FASTmrMLM","NsiI.TP406194","7","747515","7.9235e-07","2e-04","C"
"4","Trait5","FASTmrMLM","PstI.TP59203","7","749733","7.6473e-06","0.0017","A"
"4","Trait5","FASTmrMLM","PstI.TP821402","7","756601","-2.2945e-05","0.005","C"
"4","Trait5","FASTmrMLM","NsiI.TP437012","7","773307","-2.2229e-05","0.0049","C"
"4","Trait5","FASTmrMLM","PstI.TP788417","7","776026","3.6719e-07","7.9915e-05","C"
"4","Trait5","FASTmrMLM","NsiI.TP504300","7","797624","-6.2686e-06","0.0014","C"
"4","Trait5","FASTmrMLM","NsiI.TP795154","7","797632","-0.0411","0.2951","A"
"4","Trait5","FASTmrMLM","PstI.TP985052","7","798011","0.1182","0.9927","A"
"4","Trait5","FASTmrMLM","NsiI.TP499460","7","798923","-1.1686e-05","0.0026","C"
"4","Trait5","FASTmrMLM","NsiI.TP762015","7","823818","5.3693e-06","0.0012","A"
"4","Trait5","FASTmrMLM","PstI.TP433372","7","840822","1.4913e-05","0.0033","A"
"4","Trait5","FASTmrMLM","PstI.TP643786","7","854183","8.5479e-06","0.0019","G"
"4","Trait5","FASTmrMLM","PstI.TP1182515","7","1054816","-2.8198e-05","0.0062","C"
"4","Trait5","FASTmrMLM","PstI.TP543910","7","1085478","3.2979e-05","0.0072","A"
"4","Trait5","FASTmrMLM","PstI.TP712552","7","1086282","0.0883","0.6568","G"
"4","Trait5","FASTmrMLM","PstI.TP981064","7","1089957","-3.9624e-05","0.0087","C"
"4","Trait5","FASTmrMLM","NsiI.TP264302","7","1095474","-5.088e-08","1.1073e-05","A"
"4","Trait5","FASTmrMLM","NsiI.TP187645","7","1097793","-2.556e-05","0.0056","A"
"4","Trait5","FASTmrMLM","NsiI.TP746335","7","1106834","-7.922e-06","0.0017","A"
"4","Trait5","FASTmrMLM","NsiI.TP512240","7","1162933","-1.0908e-05","0.0024","C"
"4","Trait5","FASTmrMLM","NsiI.TP110876","7","1168364","1.1386e-05","0.0025","C"
"4","Trait5","FASTmrMLM","PstI.TP1216346","7","1189753","6.9052e-06","0.0015","C"
"4","Trait5","FASTmrMLM","NsiI.TP235215","7","1216516","-2.2472e-06","5e-04","A"
"4","Trait5","FASTmrMLM","NsiI.TP222605","7","1240431","-7.0543e-06","0.0015","A"
"4","Trait5","FASTmrMLM","NsiI.TP172100","7","1240905","2.6747e-05","0.0059","C"
"4","Trait5","FASTmrMLM","PstI.TP400705","7","1246953","-0.0228","0.1577","C"
"4","Trait5","FASTmrMLM","PstI.TP1251020","7","1288842","-1e-04","0.0105","C"
"4","Trait5","FASTmrMLM","PstI.TP1028796","7","1303319","8.2002e-06","0.0018","A"
"4","Trait5","FASTmrMLM","PstI.TP1031122","7","1303332","-0.2149","1.2863","G"
"4","Trait5","FASTmrMLM","PstI.TP1142585","7","1313266","-4.714e-06","0.001","G"
"4","Trait5","FASTmrMLM","PstI.TP1064114","7","1325659","1.003e-05","0.0022","A"
"4","Trait5","FASTmrMLM","NsiI.TP472028","7","1360842","-7.6526e-06","0.0017","G"
"4","Trait5","FASTmrMLM","NsiI.TP467189","7","1360879","0.085","0.5389","C"
"4","Trait5","FASTmrMLM","PstI.TP768360","7","1380504","2.8577e-05","0.0063","G"
"4","Trait5","FASTmrMLM","NsiI.TP808619","7","1383551","-0.0053","0.1165","C"
"4","Trait5","FASTmrMLM","NsiI.TP612238","7","1383894","0.0993","0.4662","A"
"4","Trait5","FASTmrMLM","NsiI.TP612137","7","1383916","-0.0484","0.536","A"
"4","Trait5","FASTmrMLM","PstI.TP633054","7","1390154","0.1568","1.0748","G"
"4","Trait5","FASTmrMLM","PstI.TP215636","7","1402504","-2e-04","0.0132","G"
"4","Trait5","FASTmrMLM","PstI.TP834052","7","1418418","-6.4088e-06","0.0014","C"
"4","Trait5","FASTmrMLM","PstI.TP1211451","7","1420994","1.4851e-05","0.0032","G"
"4","Trait5","FASTmrMLM","PstI.TP1061605","7","1432552","-0.1816","0.9003","A"
"4","Trait5","FASTmrMLM","PstI.TP229796","7","1433957","1.5917e-05","0.0035","C"
"4","Trait5","FASTmrMLM","PstI.TP77165","7","1443983","-1.826e-06","4e-04","G"
"4","Trait5","FASTmrMLM","PstI.TP977648","7","1460970","3.1546e-05","0.0069","A"
"4","Trait5","FASTmrMLM","NsiI.TP519707","7","1494744","1.9362e-05","0.0042","C"
"4","Trait5","FASTmrMLM","PstI.TP454165","7","1503587","9.9081e-06","0.0022","A"
"4","Trait5","FASTmrMLM","NsiI.TP41929","7","1503935","-1.3407e-05","0.0029","C"
"4","Trait5","FASTmrMLM","PstI.TP141762","7","1604759","-0.0475","0.546","A"
"4","Trait5","FASTmrMLM","NsiI.TP475190","7","1627543","8.908e-06","0.0019","G"
"4","Trait5","FASTmrMLM","NsiI.TP243634","7","1646153","3.8386e-06","8e-04","A"
"4","Trait5","FASTmrMLM","NsiI.TP503868","7","1648689","-1.82e-05","0.004","A"
"4","Trait5","FASTmrMLM","PstI.TP643470","7","1653536","2.2729e-05","0.005","A"
"4","Trait5","FASTmrMLM","NsiI.TP362274","7","1658453","-1.5881e-05","0.0035","A"
"4","Trait5","FASTmrMLM","PstI.TP1061318","7","1661194","0.0075","0.0965","C"
"4","Trait5","FASTmrMLM","PstI.TP1061319","7","1661199","2.4398e-05","0.0053","C"
"4","Trait5","FASTmrMLM","NsiI.TP568639","7","1664330","-5.143e-06","0.0011","A"
"4","Trait5","FASTmrMLM","NsiI.TP150181","7","1675157","1.024e-05","0.0022","C"
"4","Trait5","FASTmrMLM","NsiI.TP533478","7","1678358","-7.6122e-06","0.0017","A"
"4","Trait5","FASTmrMLM","NsiI.TP643463","7","1680615","-0.019","0.1811","A"
"4","Trait5","FASTmrMLM","PstI.TP1286770","7","1680833","5.3437e-06","0.0012","A"
"4","Trait5","FASTmrMLM","PstI.TP474961","7","1691478","-9.9153e-08","2.1578e-05","A"
"4","Trait5","FASTmrMLM","PstI.TP706482","7","1754790","0.1437","1.1952","A"
"4","Trait5","FASTmrMLM","PstI.TP79465","7","1754896","-0.1431","0.8469","A"
"4","Trait5","FASTmrMLM","PstI.TP1045547","7","1778675","9.8932e-06","0.0022","C"
"4","Trait5","FASTmrMLM","PstI.TP1076746","7","1802206","0.0229","0.2236","A"
"4","Trait5","FASTmrMLM","NsiI.TP113035","7","1804303","-1.5008e-05","0.0033","A"
"4","Trait5","FASTmrMLM","NsiI.TP115247","7","1804354","-2.3779e-05","0.0052","G"
"4","Trait5","FASTmrMLM","GFSSContig11513_84","7","1805729","-2.2856e-05","0.005","T"
"4","Trait5","FASTmrMLM","PstI.TP271997","7","1839611","-0.0512","0.4814","C"
"4","Trait5","FASTmrMLM","NsiI.TP588631","7","1873557","0.0211","0.2001","A"
"4","Trait5","FASTmrMLM","PstI.TP1191431","7","1883676","-0.0622","0.7997","A"
"4","Trait5","FASTmrMLM","NsiI.TP525180","7","1891440","2.7576e-05","0.006","A"
"4","Trait5","FASTmrMLM","NsiI.TP102210","7","1894315","-0.2542","2.148","A"
"4","Trait5","FASTmrMLM","NsiI.TP469149","7","1901285","1.7657e-05","0.0039","C"
"4","Trait5","FASTmrMLM","NsiI.TP375383","7","1908008","-0.0208","0.225","A"
"4","Trait5","FASTmrMLM","NsiI.TP374410","7","1908019","2.0555e-05","0.0045","C"
"4","Trait5","FASTmrMLM","NsiI.TP286650","7","1933432","-4.0353e-06","9e-04","A"
"4","Trait5","FASTmrMLM","NsiI.TP692534","7","1937765","1.2563e-05","0.0027","A"
"4","Trait5","FASTmrMLM","NsiI.TP229958","7","1960867","-0.023","0.3048","C"
"4","Trait5","FASTmrMLM","NsiI.TP440843","7","1968005","-0.1996","1.0568","A"
"4","Trait5","FASTmrMLM","PstI.TP293085","7","1972073","0.1832","1.2021","C"
"4","Trait5","FASTmrMLM","PstI.TP934985","7","1982705","1.5363e-05","0.0034","A"
"4","Trait5","FASTmrMLM","PstI.TP340330","7","1987572","-3.4329e-06","7e-04","G"
"4","Trait5","FASTmrMLM","PstI.TP340301","7","1987573","1.3894e-05","0.003","A"
"4","Trait5","FASTmrMLM","PstI.TP138735","7","2001327","-5.3533e-06","0.0012","C"
"4","Trait5","FASTmrMLM","PstI.TP270769","7","2063094","-2.1597e-06","5e-04","C"
"4","Trait5","FASTmrMLM","PstI.TP1199809","7","2082784","7.9351e-06","0.0017","A"
"4","Trait5","FASTmrMLM","NsiI.TP812159","7","2098680","-3.4375e-05","0.0075","A"
"4","Trait5","FASTmrMLM","NsiI.TP812160","7","2098697","0.1477","1.3845","A"
"4","Trait5","FASTmrMLM","NsiI.TP67521","7","2099707","3.9629e-05","0.0087","C"
"4","Trait5","FASTmrMLM","PstI.TP197681","7","2110172","-3.7319e-05","0.0082","G"
"4","Trait5","FASTmrMLM","NsiI.TP28773","7","2117187","-5.0118e-05","0.011","C"
"4","Trait5","FASTmrMLM","PstI.TP825666","7","2131382","1.17e-05","0.0026","A"
"4","Trait5","FASTmrMLM","PstI.TP253544","7","2187253","-0.1321","0.9438","C"
"4","Trait5","FASTmrMLM","PstI.TP1057472","7","2187272","0.053","0.4903","C"
"4","Trait5","FASTmrMLM","PstI.TP793646","7","2187750","-0.0218","0.2357","A"
"4","Trait5","FASTmrMLM","PstI.TP1028128","7","2201611","1.5635e-05","0.0034","C"
"4","Trait5","FASTmrMLM","PstI.TP1055204","7","2203532","-4.2058e-05","0.0093","A"
"4","Trait5","FASTmrMLM","PstI.TP678719","7","2276860","0.0624","0.2731","C"
"4","Trait5","FASTmrMLM","PstI.TP1154051","7","2281224","9.3504e-06","0.002","G"
"4","Trait5","FASTmrMLM","PstI.TP870845","7","2284440","0.1114","0.6855","C"
"4","Trait5","FASTmrMLM","NsiI.TP420886","7","2343364","-3.7225e-06","8e-04","C"
"4","Trait5","FASTmrMLM","NsiI.TP420885","7","2343371","1.1541e-05","0.0025","A"
"4","Trait5","FASTmrMLM","NsiI.TP402503","7","2347078","-1.4755e-05","0.0032","C"
"4","Trait5","FASTmrMLM","NsiI.TP402502","7","2347086","-6.5135e-07","1e-04","C"
"4","Trait5","FASTmrMLM","NsiI.TP256534","7","2351793","-0.0344","0.4259","G"
"4","Trait5","FASTmrMLM","PstI.TP1137413","7","2359416","5.3372e-07","1e-04","C"
"4","Trait5","FASTmrMLM","PstI.TP679208","7","2374884","-8.6302e-07","2e-04","C"
"4","Trait5","FASTmrMLM","PstI.TP387668","7","2383299","-2.4829e-05","0.0054","A"
"4","Trait5","FASTmrMLM","PstI.TP198419","7","2405340","4.6563e-06","0.001","C"
"4","Trait5","FASTmrMLM","NsiI.TP812695","7","2433148","1.0174e-05","0.0022","G"
"4","Trait5","FASTmrMLM","NsiI.TP724650","7","2502364","-2.3814e-05","0.0052","A"
"4","Trait5","FASTmrMLM","PstI.TP1283465","7","2512207","-2.4113e-05","0.0053","C"
"4","Trait5","FASTmrMLM","NsiI.TP298234","7","2512364","-1.8329e-05","0.004","A"
"4","Trait5","FASTmrMLM","PstI.TP1059264","7","2513181","-0.0275","0.3364","A"
"4","Trait5","FASTmrMLM","NsiI.TP831201","7","2520021","0.0477","0.2347","A"
"4","Trait5","FASTmrMLM","NsiI.TP770977","7","2522487","9.433e-06","0.0021","A"
"4","Trait5","FASTmrMLM","PstI.TP805642","7","2565264","4.1107e-05","0.009","C"
"4","Trait5","FASTmrMLM","PstI.TP1172762","7","2566095","-0.1045","1.0877","A"
"4","Trait5","FASTmrMLM","NsiI.TP624098","7","2572891","-6.9151e-06","0.0015","G"
"4","Trait5","FASTmrMLM","NsiI.TP575452","7","2617552","-2.0099e-05","0.0044","G"
"4","Trait5","FASTmrMLM","PstI.TP261556","7","2620886","6.4786e-06","0.0014","A"
"4","Trait5","FASTmrMLM","PstI.TP1188914","7","2692610","0.0378","0.2368","A"
"4","Trait5","FASTmrMLM","PstI.TP990600","7","2692966","2.2787e-05","0.005","A"
"4","Trait5","FASTmrMLM","PstI.TP321113","7","2693846","-0.0565","0.482","A"
"4","Trait5","FASTmrMLM","NsiI.TP572114","7","2703023","6.1447e-06","0.0013","A"
"4","Trait5","FASTmrMLM","NsiI.TP188498","7","2709638","1.0402e-05","0.0023","C"
"4","Trait5","FASTmrMLM","NsiI.TP191300","7","2725364","-9.1901e-06","0.002","A"
"4","Trait5","FASTmrMLM","NsiI.TP830102","7","2763961","0.0306","0.4353","C"
"4","Trait5","FASTmrMLM","PstI.TP982772","7","2764158","-0.0335","0.3753","A"
"4","Trait5","FASTmrMLM","PstI.TP16677","7","2767454","0.0197","0.2317","C"
"4","Trait5","FASTmrMLM","NsiI.TP362255","7","2774902","-1.2263e-05","0.0027","A"
"4","Trait5","FASTmrMLM","NsiI.TP578097","7","2775569","2.134e-05","0.0047","A"
"4","Trait5","FASTmrMLM","PstI.TP1008394","7","2791574","0.0832","1.1044","G"
"4","Trait5","FASTmrMLM","NsiI.TP242033","7","2792990","-3.3663e-06","7e-04","A"
"4","Trait5","FASTmrMLM","PstI.TP808876","7","2795951","-1.4107e-05","0.0031","C"
"4","Trait5","FASTmrMLM","PstI.TP932019","7","2799041","1.9433e-05","0.0043","A"
"4","Trait5","FASTmrMLM","PstI.TP862286","7","2806490","9.7351e-06","0.0021","A"
"4","Trait5","FASTmrMLM","PstI.TP18359","7","2813374","2.8227e-05","0.0062","A"
"4","Trait5","FASTmrMLM","NsiI.TP778360","7","2837055","-1.3079e-05","0.0029","C"
"4","Trait5","FASTmrMLM","PstI.TP672745","7","2844559","0.0378","0.3627","A"
"4","Trait5","FASTmrMLM","NsiI.TP476441","7","2882399","0.0184","0.2274","G"
"4","Trait5","FASTmrMLM","NsiI.TP208644","7","2948394","-1.0768e-05","0.0023","C"
"4","Trait5","FASTmrMLM","PstI.TP1067806","7","2948785","-3.1783e-05","0.007","A"
"4","Trait5","FASTmrMLM","PstI.TP197493","7","2953287","-0.3508","2.7488","G"
"4","Trait5","FASTmrMLM","NsiI.TP115575","7","2958932","-6.7537e-06","0.0015","C"
"4","Trait5","FASTmrMLM","NsiI.TP610620","7","3000759","2.3184e-05","0.0051","G"
"4","Trait5","FASTmrMLM","NsiI.TP266866","7","3010837","0.0284","0.2954","A"
"4","Trait5","FASTmrMLM","PstI.TP516306","7","3117265","4.7924e-06","0.001","C"
"4","Trait5","FASTmrMLM","PstI.TP508326","7","3173871","1.6688e-05","0.0036","A"
"4","Trait5","FASTmrMLM","PstI.TP199462","7","3195826","1.7735e-05","0.0039","A"
"4","Trait5","FASTmrMLM","NsiI.TP42443","7","3203753","-1.3216e-05","0.0029","C"
"4","Trait5","FASTmrMLM","PstI.TP617554","7","3245920","0.0466","0.4315","A"
"4","Trait5","FASTmrMLM","NsiI.TP321901","7","3317128","0.0376","0.1877","G"
"4","Trait5","FASTmrMLM","NsiI.TP563423","7","3323269","3.1787e-05","0.007","A"
"4","Trait5","FASTmrMLM","PstI.TP761628","7","3375479","0.2851","2.5288","A"
"4","Trait5","FASTmrMLM","PstI.TP307620","7","3459049","-3.8827e-05","0.0085","G"
"4","Trait5","FASTmrMLM","NsiI.TP135237","7","3464514","2.6978e-05","0.0059","C"
"4","Trait5","FASTmrMLM","NsiI.TP163308","7","3585363","1.6602e-05","0.0036","A"
"4","Trait5","FASTmrMLM","PstI.TP1032634","7","3707711","-0.0263","0.3388","A"
"4","Trait5","FASTmrMLM","PstI.TP818807","7","3709239","-0.0118","0.1665","A"
"4","Trait5","FASTmrMLM","NsiI.TP619101","7","3733987","-1.8427e-05","0.004","C"
"4","Trait5","FASTmrMLM","NsiI.TP497487","7","3742908","-3.3901e-05","0.0074","A"
"4","Trait5","FASTmrMLM","NsiI.TP184294","7","3743094","-2.4209e-05","0.0053","C"
"4","Trait5","FASTmrMLM","NsiI.TP491807","7","3757837","-0.075","0.5398","C"
"4","Trait5","FASTmrMLM","PstI.TP676397","7","3778096","-0.098","0.8706","A"
"4","Trait5","FASTmrMLM","NsiI.TP575618","7","3778581","1.2019e-06","3e-04","C"
"4","Trait5","FASTmrMLM","PstI.TP858615","7","3805095","1.6611e-05","0.0036","A"
"4","Trait5","FASTmrMLM","NsiI.TP440107","7","3814317","-2.0317e-05","0.0044","A"
"4","Trait5","FASTmrMLM","NsiI.TP414360","7","3815515","0.08","0.7676","G"
"4","Trait5","FASTmrMLM","PstI.TP1046409","7","3827558","0.0154","0.1732","C"
"4","Trait5","FASTmrMLM","PstI.TP529013","7","3866800","1.5839e-05","0.0035","G"
"4","Trait5","FASTmrMLM","NsiI.TP572132","7","3872965","-1.3048e-05","0.0028","A"
"4","Trait5","FASTmrMLM","PstI.TP1048303","7","4207039","1.6752e-05","0.0037","A"
"4","Trait5","FASTmrMLM","PstI.TP222845","7","4213355","-3.7462e-06","8e-04","A"
"4","Trait5","FASTmrMLM","PstI.TP18650","7","4219728","-4.0524e-06","9e-04","A"
"4","Trait5","FASTmrMLM","NsiI.TP33518","7","4232211","-1.8414e-05","0.004","C"
"4","Trait5","FASTmrMLM","NsiI.TP327378","7","4233888","1.3428e-06","3e-04","A"
"4","Trait5","FASTmrMLM","PstI.TP37788","7","4234692","-3.3559e-05","0.0074","C"
"4","Trait5","FASTmrMLM","PstI.TP649675","7","4260480","-0.0708","0.5019","A"
"4","Trait5","FASTmrMLM","PstI.TP1118508","7","4264151","-0.2755","1.8436","C"
"4","Trait5","FASTmrMLM","PstI.TP1234008","7","4337276","-0.0923","0.4664","G"
"4","Trait5","FASTmrMLM","PstI.TP838393","7","4341737","-4.1655e-06","9e-04","C"
"4","Trait5","FASTmrMLM","NsiI.TP161248","7","4355203","-1.181e-05","0.0026","A"
"4","Trait5","FASTmrMLM","PstI.TP1275567","7","4355483","-1.1647e-05","0.0025","C"
"4","Trait5","FASTmrMLM","NsiI.TP82440","7","4441537","0.1078","0.5178","A"
"4","Trait5","FASTmrMLM","PstI.TP98639","7","4445067","1.1739e-05","0.0026","C"
"4","Trait5","FASTmrMLM","PstI.TP251038","7","4460512","2.1562e-05","0.0047","C"
"4","Trait5","FASTmrMLM","PstI.TP1222532","7","4461797","-3.5804e-05","0.0079","A"
"4","Trait5","FASTmrMLM","NsiI.TP670736","7","4463852","0.0189","0.1577","C"
"4","Trait5","FASTmrMLM","NsiI.TP607142","7","4496807","-1.1457e-05","0.0025","A"
"4","Trait5","FASTmrMLM","PstI.TP517078","7","4508915","-3.1318e-05","0.0069","C"
"4","Trait5","FASTmrMLM","PstI.TP22684","7","4514928","-3.2691e-05","0.0072","A"
"4","Trait5","FASTmrMLM","PstI.TP365456","7","4526507","-0.1286","1.2843","C"
"4","Trait5","FASTmrMLM","NsiI.TP149192","7","4567227","9.6019e-06","0.0021","G"
"4","Trait5","FASTmrMLM","PstI.TP1273751","7","4585882","-1.7749e-06","4e-04","A"
"4","Trait5","FASTmrMLM","NsiI.TP70660","7","4588624","-6.8555e-06","0.0015","A"
"4","Trait5","FASTmrMLM","NsiI.TP786537","7","4589376","-0.193","0.9293","A"
"4","Trait5","FASTmrMLM","NsiI.TP744132","7","4622929","0.0593","0.317","A"
"4","Trait5","FASTmrMLM","PstI.TP24175","7","4627972","-0.0597","0.2493","C"
"4","Trait5","FASTmrMLM","PstI.TP487749","7","4632089","4.3166e-06","9e-04","A"
"4","Trait5","FASTmrMLM","NsiI.TP431299","7","4635446","0.12","0.9665","C"
"4","Trait5","FASTmrMLM","PstI.TP893142","7","4656547","-7.5447e-07","2e-04","A"
"4","Trait5","FASTmrMLM","PstI.TP1072201","7","4673781","0.1014","0.9398","A"
"4","Trait5","FASTmrMLM","PstI.TP619771","7","4685825","0.0685","0.8326","C"
"4","Trait5","FASTmrMLM","NsiI.TP762220","7","4688178","3.0161e-05","0.0066","A"
"4","Trait5","FASTmrMLM","NsiI.TP783360","7","4757878","8.8732e-06","0.0019","G"
"4","Trait5","FASTmrMLM","PstI.TP1008862","7","4759370","6.0258e-06","0.0013","A"
"4","Trait5","FASTmrMLM","PstI.TP987135","7","4761936","4.8653e-06","0.0011","C"
"4","Trait5","FASTmrMLM","PstI.TP392695","7","4841795","-3.6405e-05","0.008","A"
"4","Trait5","FASTmrMLM","PstI.TP443088","7","4845121","5.2863e-06","0.0012","C"
"4","Trait5","FASTmrMLM","NsiI.TP724149","7","4865239","1.9505e-05","0.0043","C"
"4","Trait5","FASTmrMLM","PstI.TP27579","7","4882106","9.7452e-06","0.0021","A"
"4","Trait5","FASTmrMLM","NsiI.TP243323","7","4885561","-2.3701e-07","5.158e-05","C"
"4","Trait5","FASTmrMLM","PstI.TP452642","7","4935849","-3.8222e-05","0.0067","C"
"4","Trait5","FASTmrMLM","PstI.TP381943","7","4942526","0.0583","0.464","C"
"4","Trait5","FASTmrMLM","PstI.TP145834","7","4944531","5.2937e-06","0.0012","A"
"4","Trait5","FASTmrMLM","NsiI.TP199797","7","5020538","-7.766e-06","0.0017","A"
"4","Trait5","FASTmrMLM","PstI.TP68667","7","5024644","-0.0649","0.4027","A"
"4","Trait5","FASTmrMLM","PstI.TP1284101","7","5030821","-3.5794e-06","8e-04","G"
"4","Trait5","FASTmrMLM","NsiI.TP621021","7","5038099","3.008e-05","0.0066","C"
"4","Trait5","FASTmrMLM","NsiI.TP765320","7","5038310","0.0963","0.812","C"
"4","Trait5","FASTmrMLM","NsiI.TP765322","7","5038316","-0.1146","1.1576","A"
"4","Trait5","FASTmrMLM","NsiI.TP776591","7","5090878","0.2102","1.1302","C"
"4","Trait5","FASTmrMLM","GFSSContig5034_412","7","5102124","0.1069","1.3296","A"
"4","Trait5","FASTmrMLM","GFSSContig18858_1415","7","5102640","-2e-04","0.0129","T"
"4","Trait5","FASTmrMLM","NsiI.TP830371","7","5114739","7.9187e-06","0.0017","A"
"4","Trait5","FASTmrMLM","PstI.TP344118","7","5120238","-0.0686","0.8083","G"
"4","Trait5","FASTmrMLM","PstI.TP791522","7","5120518","0.0747","0.4225","G"
"4","Trait5","FASTmrMLM","PstI.TP550467","7","5142246","1.219e-08","2.6529e-06","C"
"4","Trait5","FASTmrMLM","NsiI.TP669661","7","5145108","9.5504e-06","0.0021","A"
"4","Trait5","FASTmrMLM","NsiI.TP225062","7","5145257","0.1357","0.5441","C"
"4","Trait5","FASTmrMLM","PstI.TP587863","7","5156022","1.0099e-05","0.0022","C"
"4","Trait5","FASTmrMLM","PstI.TP1168534","7","5203859","0.0358","0.3002","C"
"4","Trait5","FASTmrMLM","NsiI.TP476849","7","5258285","5.5696e-07","1e-04","G"
"4","Trait5","FASTmrMLM","NsiI.TP593367","7","5258717","2.1029e-05","0.0046","A"
"4","Trait5","FASTmrMLM","PstI.TP864426","7","5264645","0.054","0.4419","A"
"4","Trait5","FASTmrMLM","PstI.TP297547","7","5291285","-1.1995e-05","0.0026","A"
"4","Trait5","FASTmrMLM","PstI.TP370736","7","5301778","0.4036","2.26","A"
"4","Trait5","FASTmrMLM","PstI.TP772665","7","5307446","3.2662e-05","0.0072","C"
"4","Trait5","FASTmrMLM","NsiI.TP348281","7","5308882","-1.7076e-05","0.0037","G"
"4","Trait5","FASTmrMLM","PstI.TP1194691","7","5357683","-1.4355e-05","0.0031","C"
"4","Trait5","FASTmrMLM","PstI.TP862970","7","5359846","-1.0512e-05","0.0023","A"
"4","Trait5","FASTmrMLM","NsiI.TP761207","7","5360231","6.3956e-06","0.0014","A"
"4","Trait5","FASTmrMLM","PstI.TP485183","7","5360417","-6.1389e-06","0.0013","A"
"4","Trait5","FASTmrMLM","PstI.TP453014","7","5368522","-0.1416","1.5129","A"
"4","Trait5","FASTmrMLM","PstI.TP1166626","7","5373971","-0.0655","0.5104","A"
"4","Trait5","FASTmrMLM","GFSSContig18221_1150","7","5395966","0.065","0.8138","T"
"4","Trait5","FASTmrMLM","PstI.TP510683","7","5435496","0.0337","0.4112","A"
"4","Trait5","FASTmrMLM","PstI.TP525905","7","5435503","2.0345e-05","0.0045","C"
"4","Trait5","FASTmrMLM","NsiI.TP632759","7","5447703","-1.7123e-05","0.0037","A"
"4","Trait5","FASTmrMLM","PstI.TP403432","7","5449505","1.0227e-05","0.0022","G"
"4","Trait5","FASTmrMLM","NsiI.TP390395","7","5462820","-5.5173e-06","0.0012","A"
"4","Trait5","FASTmrMLM","NsiI.TP726735","7","5462871","9.1052e-06","0.002","C"
"4","Trait5","FASTmrMLM","NsiI.TP428660","7","5530889","1.1345e-05","0.0025","A"
"4","Trait5","FASTmrMLM","PstI.TP100728","7","5577148","5.1971e-06","0.0011","A"
"4","Trait5","FASTmrMLM","NsiI.TP352047","7","5611318","0.0068","0.1515","A"
"4","Trait5","FASTmrMLM","NsiI.TP504944","7","5647121","0.1455","0.656","G"
"4","Trait5","FASTmrMLM","NsiI.TP276085","7","5655992","-0.0379","0.3007","A"
"4","Trait5","FASTmrMLM","PstI.TP587798","7","5790365","-1.3422e-05","0.0029","C"
"4","Trait5","FASTmrMLM","PstI.TP1105337","7","5792076","1.1005e-05","0.0024","A"
"4","Trait5","FASTmrMLM","PstI.TP327359","7","5810514","0.0069","0.1472","C"
"4","Trait5","FASTmrMLM","PstI.TP636369","7","5813087","0.0168","0.1562","G"
"4","Trait5","FASTmrMLM","NsiI.TP34704","7","5818983","-2.1532e-05","0.0047","C"
"4","Trait5","FASTmrMLM","NsiI.TP38899","7","5819006","2.3016e-05","0.005","A"
"4","Trait5","FASTmrMLM","NsiI.TP811136","7","5846389","0.2328","1.0024","C"
"4","Trait5","FASTmrMLM","PstI.TP803393","7","5903063","-1.6592e-05","0.0033","C"
"4","Trait5","FASTmrMLM","NsiI.TP595012","7","5923519","-8.1879e-06","0.0018","A"
"4","Trait5","FASTmrMLM","PstI.TP1259163","7","5944323","1.7112e-05","0.0037","G"
"4","Trait5","FASTmrMLM","NsiI.TP642549","7","5994953","0.0288","0.2585","C"
"4","Trait5","FASTmrMLM","NsiI.TP77051","7","6197408","-5.0598e-06","0.0011","C"
"4","Trait5","FASTmrMLM","PstI.TP577355","7","6234319","1.66e-05","0.0036","C"
"4","Trait5","FASTmrMLM","PstI.TP172441","7","6253903","-2.1436e-05","0.0047","A"
"4","Trait5","FASTmrMLM","PstI.TP1284091","7","6259508","-0.3339","0.8994","C"
"4","Trait5","FASTmrMLM","PstI.TP1284103","7","6259535","2e-04","0.0138","C"
"4","Trait5","FASTmrMLM","PstI.TP998076","7","6406069","1.0863e-05","0.0024","A"
"4","Trait5","FASTmrMLM","PstI.TP538671","7","6414433","-1.8517e-06","4e-04","C"
"4","Trait5","FASTmrMLM","PstI.TP130412","7","6431474","-0.0254","0.2199","C"
"4","Trait5","FASTmrMLM","NsiI.TP322262","7","6431603","0.0767","0.9504","C"
"4","Trait5","FASTmrMLM","NsiI.TP322515","7","6434376","-0.0569","0.5185","A"
"4","Trait5","FASTmrMLM","NsiI.TP180210","7","6437383","7.6064e-06","0.0017","G"
"4","Trait5","FASTmrMLM","PstI.TP158706","7","6454658","8.0705e-06","0.0018","C"
"4","Trait5","FASTmrMLM","PstI.TP158709","7","6454688","-1.6043e-05","0.0035","C"
"4","Trait5","FASTmrMLM","PstI.TP105959","7","6455739","-0.3594","1.4546","C"
"4","Trait5","FASTmrMLM","PstI.TP77448","7","6462447","-1.7706e-05","0.0039","A"
"4","Trait5","FASTmrMLM","NsiI.TP62391","7","6506750","-0.112","0.7752","A"
"4","Trait5","FASTmrMLM","NsiI.TP31742","7","6509038","-4.877e-06","0.0011","C"
"4","Trait5","FASTmrMLM","NsiI.TP671584","7","6531509","1.1407e-05","0.0025","G"
"4","Trait5","FASTmrMLM","PstI.TP32870","7","6626432","-2.9511e-06","6e-04","A"
"4","Trait5","FASTmrMLM","PstI.TP853675","7","6629374","0.1001","0.7601","A"
"4","Trait5","FASTmrMLM","PstI.TP1147564","7","6633613","9.1665e-06","0.002","G"
"4","Trait5","FASTmrMLM","NsiI.TP711942","7","6687297","2.0934e-05","0.0046","G"
"4","Trait5","FASTmrMLM","NsiI.TP320847","7","6699044","-1.9036e-05","0.0042","C"
"4","Trait5","FASTmrMLM","NsiI.TP36702","7","6804549","-0.0552","0.4277","C"
"4","Trait5","FASTmrMLM","PstI.TP512607","7","6804761","1.4477e-05","0.0032","C"
"4","Trait5","FASTmrMLM","PstI.TP383246","7","6823625","-9.5042e-06","0.0021","C"
"4","Trait5","FASTmrMLM","NsiI.TP668487","7","6826335","-5.2738e-06","0.0011","C"
"4","Trait5","FASTmrMLM","NsiI.TP668488","7","6826349","2.0437e-05","0.0045","C"
"4","Trait5","FASTmrMLM","PstI.TP228342","7","6854623","0.2194","0.6752","A"
"4","Trait5","FASTmrMLM","NsiI.TP199853","7","6924493","7.5211e-07","2e-04","A"
"4","Trait5","FASTmrMLM","PstI.TP1207720","7","6941790","-9.6135e-06","0.0021","A"
"4","Trait5","FASTmrMLM","PstI.TP1252920","7","6943481","2.0657e-06","4e-04","A"
"4","Trait5","FASTmrMLM","PstI.TP118537","7","6968017","-0.0435","0.2386","A"
"4","Trait5","FASTmrMLM","PstI.TP153612","7","6994138","1.7102e-05","0.0037","C"
"4","Trait5","FASTmrMLM","PstI.TP1016498","7","7015284","1.2739e-05","0.0028","C"
"4","Trait5","FASTmrMLM","NsiI.TP515789","7","7020475","-2.9591e-06","6e-04","C"
"4","Trait5","FASTmrMLM","PstI.TP252899","7","7025556","6.2966e-06","0.0014","C"
"4","Trait5","FASTmrMLM","NsiI.TP769416","7","7047398","0.1363","0.6441","G"
"4","Trait5","FASTmrMLM","NsiI.TP417553","7","7196443","1.5153e-05","0.0033","A"
"4","Trait5","FASTmrMLM","PstI.TP1287230","7","7558451","8.1617e-06","0.0018","C"
"4","Trait5","FASTmrMLM","PstI.TP915394","7","7565364","4.6481e-06","0.001","C"
"4","Trait5","FASTmrMLM","PstI.TP121587","7","7568149","-1.2722e-05","0.0028","A"
"4","Trait5","FASTmrMLM","PstI.TP237169","7","7588667","-2.1831e-05","0.0048","A"
"4","Trait5","FASTmrMLM","PstI.TP543083","7","7619505","1.4265e-05","0.0031","C"
"4","Trait5","FASTmrMLM","PstI.TP700622","7","7629673","3.7281e-06","8e-04","C"
"4","Trait5","FASTmrMLM","PstI.TP715410","7","7688318","4.6731e-06","0.001","C"
"4","Trait5","FASTmrMLM","PstI.TP217370","7","7697522","1.4992e-05","0.0033","C"
"4","Trait5","FASTmrMLM","PstI.TP470138","7","7700783","1.1996e-06","3e-04","A"
"4","Trait5","FASTmrMLM","PstI.TP1138232","7","7717330","-5.5075e-06","0.0012","G"
"4","Trait5","FASTmrMLM","PstI.TP59966","7","7754399","0.0838","0.4242","A"
"4","Trait5","FASTmrMLM","PstI.TP691886","7","7801705","-0.037","0.3921","C"
"4","Trait5","FASTmrMLM","PstI.TP988116","7","7806809","9.0736e-06","0.002","G"
"4","Trait5","FASTmrMLM","PstI.TP540042","7","7896616","4.9059e-06","0.0011","A"
"4","Trait5","FASTmrMLM","PstI.TP50794","7","7897926","-5.7804e-06","0.0013","C"
"4","Trait5","FASTmrMLM","PstI.TP839556","7","7898486","2.9119e-05","0.0064","A"
"4","Trait5","FASTmrMLM","NsiI.TP414907","7","8063785","0.0817","0.9698","A"
"4","Trait5","FASTmrMLM","PstI.TP176464","7","8111489","1.7041e-05","0.0037","C"
"4","Trait5","FASTmrMLM","PstI.TP822493","7","8114551","0.064","0.4929","A"
"4","Trait5","FASTmrMLM","PstI.TP847369","7","8209705","2.8886e-06","6e-04","A"
"4","Trait5","FASTmrMLM","PstI.TP450060","7","8209747","-3.1643e-06","7e-04","C"
"4","Trait5","FASTmrMLM","PstI.TP944548","7","8285238","1.251e-05","0.0027","G"
"4","Trait5","FASTmrMLM","PstI.TP948276","7","8285239","-1.0815e-05","0.0024","C"
"4","Trait5","FASTmrMLM","PstI.TP39204","7","8302668","7.1344e-06","0.0016","A"
"4","Trait5","FASTmrMLM","PstI.TP740770","7","8648631","-1.0152e-05","0.0022","C"
"4","Trait5","FASTmrMLM","PstI.TP1228497","7","8678847","2.3049e-05","0.005","C"
"4","Trait5","FASTmrMLM","PstI.TP744725","7","8678937","0.0125","0.1074","A"
"4","Trait5","FASTmrMLM","PstI.TP347850","7","8702241","0.0336","0.3235","G"
"4","Trait5","FASTmrMLM","PstI.TP1247076","7","8702749","4.418e-05","0.0097","A"
"4","Trait5","FASTmrMLM","NsiI.TP79108","7","8703463","0.0116","0.193","C"
"4","Trait5","FASTmrMLM","PstI.TP63076","7","8703466","3.1034e-05","0.0068","C"
"4","Trait5","FASTmrMLM","PstI.TP402598","7","8718958","-2.6602e-05","0.0058","A"
"4","Trait5","FASTmrMLM","PstI.TP401749","7","8817658","0.1784","1.6645","A"
"4","Trait5","FASTmrMLM","PstI.TP24247","7","8824249","-0.0488","0.2882","A"
"4","Trait5","FASTmrMLM","NsiI.TP695356","7","8824473","3.5963e-05","0.0079","A"
"4","Trait5","FASTmrMLM","PstI.TP761687","7","8826633","-0.1041","0.4964","A"
"4","Trait5","FASTmrMLM","NsiI.TP48654","7","8937885","0.0733","0.4439","C"
"4","Trait5","FASTmrMLM","PstI.TP1123713","7","8942775","0.1509","1.5575","A"
"4","Trait5","FASTmrMLM","PstI.TP899949","7","8945779","0.0349","0.4539","A"
"4","Trait5","FASTmrMLM","PstI.TP735532","7","8949190","1.5854e-06","3e-04","C"
"4","Trait5","FASTmrMLM","PstI.TP283576","7","9134542","-0.0798","0.419","A"
"4","Trait5","FASTmrMLM","PstI.TP232331","7","9157097","1.0878e-05","0.0024","A"
"4","Trait5","FASTmrMLM","PstI.TP140076","7","9159806","0.058","0.645","G"
"4","Trait5","FASTmrMLM","NsiI.TP799862","7","9188295","1.3663e-05","0.003","C"
"4","Trait5","FASTmrMLM","GFSSContig16422_1031","7","9195659","-1.2289e-05","0.0027","T"
"4","Trait5","FASTmrMLM","PstI.TP250211","7","9203961","-4.0886e-05","0.009","A"
"4","Trait5","FASTmrMLM","PstI.TP989535","7","9289972","-0.2102","0.8606","G"
"4","Trait5","FASTmrMLM","PstI.TP1228107","7","9290637","1.8238e-07","3.969e-05","A"
"4","Trait5","FASTmrMLM","PstI.TP180979","7","9386068","0.0493","0.4412","C"
"4","Trait5","FASTmrMLM","NsiI.TP400654","7","9400878","-0.0628","0.9004","A"
"4","Trait5","FASTmrMLM","NsiI.TP43718","7","9445788","0.063","0.5599","A"
"4","Trait5","FASTmrMLM","PstI.TP413296","7","9446773","-2.2286e-05","0.0049","C"
"4","Trait5","FASTmrMLM","PstI.TP239694","7","9517259","-8.9561e-06","0.002","A"
"4","Trait5","FASTmrMLM","PstI.TP1145998","7","9559332","-2.2402e-05","0.0049","C"
"4","Trait5","FASTmrMLM","PstI.TP886832","7","9690416","-0.0845","0.5804","A"
"4","Trait5","FASTmrMLM","NsiI.TP241171","7","9691080","0.1468","1.0305","G"
"4","Trait5","FASTmrMLM","PstI.TP101125","7","9695663","-3.5546e-05","0.0078","A"
"4","Trait5","FASTmrMLM","PstI.TP1207218","7","9698054","0.0133","0.1678","A"
"4","Trait5","FASTmrMLM","PstI.TP1137066","7","9698067","4.13e-05","0.0054","C"
"4","Trait5","FASTmrMLM","PstI.TP337500","7","9707149","-9.9569e-07","2e-04","A"
"4","Trait5","FASTmrMLM","NsiI.TP731232","7","9723481","0.036","0.3407","C"
"4","Trait5","FASTmrMLM","NsiI.TP703461","7","9747046","0.0907","0.8404","C"
"4","Trait5","FASTmrMLM","NsiI.TP361940","7","9790824","2.447e-05","0.0054","A"
"4","Trait5","FASTmrMLM","NsiI.TP234160","7","9893196","1.7001e-06","4e-04","C"
"4","Trait5","FASTmrMLM","PstI.TP1137784","7","10078994","2.1688e-05","0.0047","A"
"4","Trait5","FASTmrMLM","NsiI.TP739521","7","10267232","4.428e-06","0.001","C"
"4","Trait5","FASTmrMLM","PstI.TP887302","7","10269451","0.1002","1.1898","C"
"4","Trait5","FASTmrMLM","PstI.TP912307","7","10559659","3.1873e-06","7e-04","A"
"4","Trait5","FASTmrMLM","PstI.TP602287","7","10755063","-4.7303e-06","0.001","C"
"4","Trait5","FASTmrMLM","PstI.TP446073","7","10755390","-0.2902","1.3697","G"
"4","Trait5","FASTmrMLM","PstI.TP1114325","7","10792273","-0.3975","3.1072","G"
"4","Trait5","FASTmrMLM","NsiI.TP188730","7","10813151","-0.1532","0.9401","A"
"4","Trait5","FASTmrMLM","NsiI.TP764406","7","10813413","1.7318e-05","0.0038","A"
"4","Trait5","FASTmrMLM","PstI.TP58746","7","10828082","-1.1963e-05","0.0026","G"
"4","Trait5","FASTmrMLM","PstI.TP58742","7","10828090","1.4107e-05","0.0031","C"
"4","Trait5","FASTmrMLM","PstI.TP33591","7","10952239","1.6186e-06","4e-04","C"
"4","Trait5","FASTmrMLM","NsiI.TP677809","7","10961566","1.0529e-05","0.0023","A"
"4","Trait5","FASTmrMLM","NsiI.TP152467","7","11384064","-5.5448e-05","0.006","C"
"4","Trait5","FASTmrMLM","PstI.TP1226596","7","11708406","-0.2008","0.7656","A"
"4","Trait5","FASTmrMLM","NsiI.TP70251","7","11709877","2.1419e-06","5e-04","C"
"4","Trait5","FASTmrMLM","PstI.TP35977","7","11767566","-1.9935e-05","0.0044","G"
"4","Trait5","FASTmrMLM","NsiI.TP87279","7","11961683","3.0071e-05","0.0066","C"
"4","Trait5","FASTmrMLM","PstI.TP1284378","7","12008675","-4.3347e-07","9.4339e-05","C"
"4","Trait5","FASTmrMLM","PstI.TP716056","7","12018520","0.0544","0.5631","A"
"4","Trait5","FASTmrMLM","NsiI.TP488504","7","12062174","2.9169e-05","0.0064","A"
"4","Trait5","FASTmrMLM","PstI.TP266940","7","12109586","-0.1537","0.9024","C"
"4","Trait5","FASTmrMLM","PstI.TP700924","7","12391574","0.1549","1.3212","A"
"4","Trait5","FASTmrMLM","PstI.TP928180","7","12399666","-2.5131e-06","5e-04","A"
"4","Trait5","FASTmrMLM","NsiI.TP167605","7","12611091","0.0545","0.4656","A"
"4","Trait5","FASTmrMLM","PstI.TP167920","7","12624717","9.7954e-06","0.0021","A"
"4","Trait5","FASTmrMLM","PstI.TP919718","7","12653581","-3.0715e-05","0.0067","A"
"4","Trait5","FASTmrMLM","NsiI.TP192954","7","12685152","-4.3123e-06","9e-04","C"
"4","Trait5","FASTmrMLM","PstI.TP1084981","7","12791528","-0.1987","0.8541","A"
"4","Trait5","FASTmrMLM","NsiI.TP652458","7","12799337","1.4144e-05","0.0031","A"
"4","Trait5","FASTmrMLM","NsiI.TP644610","7","12799372","2.4184e-05","0.0053","C"
"4","Trait5","FASTmrMLM","NsiI.TP644325","7","12799384","5.2213e-06","0.0011","A"
"4","Trait5","FASTmrMLM","NsiI.TP644424","7","12799384","0.081","0.6511","A"
"4","Trait5","FASTmrMLM","NsiI.TP644492","7","12799384","-1.7433e-05","0.0038","A"
"4","Trait5","FASTmrMLM","NsiI.TP644649","7","12799385","-5.5943e-06","0.0012","A"
"4","Trait5","FASTmrMLM","NsiI.TP644570","7","12799390","8.3966e-06","0.0018","A"
"4","Trait5","FASTmrMLM","NsiI.TP644536","7","12799392","-0.3556","2.2622","A"
"4","Trait5","FASTmrMLM","NsiI.TP644911","7","12799392","0.0198","0.2273","A"
"4","Trait5","FASTmrMLM","NsiI.TP644967","7","12799393","-0.0132","0.087","A"
"4","Trait5","FASTmrMLM","NsiI.TP644715","7","12799400","0.1551","1.346","C"
"4","Trait5","FASTmrMLM","NsiI.TP644722","7","12799400","-0.1197","0.8526","A"
"4","Trait5","FASTmrMLM","NsiI.TP149920","7","12799401","5.7106e-06","0.0012","A"
"4","Trait5","FASTmrMLM","NsiI.TP644719","7","12799405","1.1418e-05","0.0025","G"
"4","Trait5","FASTmrMLM","NsiI.TP149775","7","12799410","0.0426","0.516","A"
"4","Trait5","FASTmrMLM","NsiI.TP149774","7","12799420","-6.4925e-06","0.0014","A"
"4","Trait5","FASTmrMLM","NsiI.TP134593","7","13192735","2.1541e-05","0.0047","A"
"4","Trait5","FASTmrMLM","PstI.TP1086623","7","13315373","5.3705e-06","0.0012","C"
"4","Trait5","FASTmrMLM","PstI.TP787396","7","13795101","4.8293e-06","0.0011","C"
"4","Trait5","FASTmrMLM","PstI.TP69157","7","13795104","-0.0883","0.6558","C"
"4","Trait5","FASTmrMLM","NsiI.TP404612","7","13814188","-1.2929e-05","0.0028","A"
"4","Trait5","FASTmrMLM","NsiI.TP86210","7","13825106","-0.0728","0.6162","A"
"4","Trait5","FASTmrMLM","NsiI.TP484762","7","14001263","-5.3042e-06","0.0012","C"
"4","Trait5","FASTmrMLM","PstI.TP1112588","7","14020303","0.0285","0.2848","A"
"4","Trait5","FASTmrMLM","NsiI.TP146169","7","14058863","2.2738e-05","0.005","C"
"4","Trait5","FASTmrMLM","NsiI.TP563049","7","14066325","1.8955e-05","0.0041","A"
"4","Trait5","FASTmrMLM","PstI.TP842149","7","14135085","0.1317","1.037","C"
"4","Trait5","FASTmrMLM","PstI.TP24478","7","14232528","0.2659","1.5544","A"
"4","Trait5","FASTmrMLM","NsiI.TP578300","7","14235011","4.5024e-06","0.001","G"
"4","Trait5","FASTmrMLM","NsiI.TP11666","7","14339016","0.0548","0.6413","A"
"4","Trait5","FASTmrMLM","NsiI.TP330797","7","14364216","-9.9433e-06","0.0022","C"
"4","Trait5","FASTmrMLM","PstI.TP104998","7","14398091","2.8299e-06","6e-04","A"
"4","Trait5","FASTmrMLM","GFSSContig19414_135","7","14457079","0.2708","1.251","A"
"4","Trait5","FASTmrMLM","PstI.TP601232","7","14457389","-1.946e-07","4.2351e-05","A"
"4","Trait5","FASTmrMLM","GFSSContig16458_1714","7","14458877","1.3958e-05","0.003","T"
"4","Trait5","FASTmrMLM","NsiI.TP774534","7","14459745","-2.7659e-05","0.0061","C"
"4","Trait5","FASTmrMLM","NsiI.TP579653","7","14462462","2.7035e-05","0.0059","C"
"4","Trait5","FASTmrMLM","PstI.TP548549","7","14481905","-1.2734e-05","0.0028","A"
"4","Trait5","FASTmrMLM","PstI.TP972498","7","14780032","0.0352","0.2876","C"
"4","Trait5","FASTmrMLM","NsiI.TP382187","7","15361809","-4.7399e-06","0.001","A"
"4","Trait5","FASTmrMLM","NsiI.TP437480","7","15545466","3.1626e-06","7e-04","C"
"4","Trait5","FASTmrMLM","NsiI.TP437479","7","15545472","-1.3975e-05","0.0031","A"
"4","Trait5","FASTmrMLM","NsiI.TP489329","7","15546842","1.0191e-05","0.0022","A"
"4","Trait5","FASTmrMLM","NsiI.TP489330","7","15546857","0.1425","1.172","C"
"4","Trait5","FASTmrMLM","NsiI.TP530157","7","15548371","8.1553e-06","0.0018","C"
"4","Trait5","FASTmrMLM","PstI.TP502465","7","15565493","-8.9619e-06","0.002","C"
"4","Trait5","FASTmrMLM","PstI.TP474390","7","15569290","-6.3822e-06","0.0014","C"
"4","Trait5","FASTmrMLM","PstI.TP409479","7","15656481","-6.7075e-06","0.0015","A"
"4","Trait5","FASTmrMLM","PstI.TP319371","7","15663160","6.0577e-06","0.0013","A"
"4","Trait5","FASTmrMLM","PstI.TP691322","7","15663756","-2.3864e-05","0.0052","C"
"4","Trait5","FASTmrMLM","NsiI.TP755539","7","15663779","0.0968","1.2564","A"
"4","Trait5","FASTmrMLM","NsiI.TP830621","7","15904501","-1.7495e-05","0.0038","A"
"4","Trait5","FASTmrMLM","NsiI.TP25406","7","17140636","-0.0166","0.1927","A"
"4","Trait5","FASTmrMLM","NsiI.TP660829","7","17160315","1.4887e-05","0.0033","A"
"4","Trait5","FASTmrMLM","NsiI.TP481298","7","17165108","-9.0015e-07","2e-04","A"
"4","Trait5","FASTmrMLM","NsiI.TP469606","7","17216176","0.0251","0.2991","G"
"4","Trait5","FASTmrMLM","PstI.TP480204","7","17216627","1.9745e-05","0.0043","A"
"4","Trait5","FASTmrMLM","PstI.TP103690","7","17217896","4.5011e-06","0.001","C"
"4","Trait5","FASTmrMLM","NsiI.TP595681","7","17302054","-3.2507e-05","0.0071","A"
"4","Trait5","FASTmrMLM","NsiI.TP625771","7","17302829","-9.5712e-06","0.0021","G"
"4","Trait5","FASTmrMLM","NsiI.TP468924","7","17424673","0.06","0.4032","C"
"4","Trait5","FASTmrMLM","PstI.TP213361","7","17493439","4.1902e-05","0.0092","A"
"4","Trait5","FASTmrMLM","NsiI.TP770804","7","17560824","0.0898","1.0152","A"
"4","Trait5","FASTmrMLM","NsiI.TP327527","7","17564233","-4.5744e-05","0.0101","C"
"4","Trait5","FASTmrMLM","PstI.TP631325","7","17639037","0.0388","0.2242","C"
"4","Trait5","FASTmrMLM","PstI.TP631326","7","17639054","-0.1647","1.3141","C"
"4","Trait5","FASTmrMLM","PstI.TP907968","7","17670232","-0.0629","0.7964","C"
"4","Trait5","FASTmrMLM","PstI.TP370815","7","17670266","-0.0511","0.661","A"
"4","Trait5","FASTmrMLM","NsiI.TP229816","7","17682209","-0.0243","0.2308","A"
"4","Trait5","FASTmrMLM","PstI.TP122110","7","17914847","0.0471","0.3093","A"
"4","Trait5","FASTmrMLM","PstI.TP1275741","7","17945221","1.3242e-05","0.0029","C"
"4","Trait5","FASTmrMLM","PstI.TP1014400","7","18109261","0.1154","0.8163","G"
"4","Trait5","FASTmrMLM","NsiI.TP488629","7","18111854","1.1097e-05","0.0024","C"
"4","Trait5","FASTmrMLM","NsiI.TP491724","7","18112322","0.1913","1.4882","A"
"4","Trait5","FASTmrMLM","NsiI.TP491723","7","18112354","1.3348e-05","0.0029","C"
"4","Trait5","FASTmrMLM","NsiI.TP490535","7","18112433","3.1916e-05","0.007","A"
"4","Trait5","FASTmrMLM","PstI.TP892128","7","19319888","-2.026e-05","0.0044","A"
"4","Trait5","FASTmrMLM","PstI.TP7177","7","19883599","0.2482","1.1479","A"
"4","Trait5","FASTmrMLM","PstI.TP1271149","7","19896261","0.0762","0.5511","A"
"4","Trait5","FASTmrMLM","GFSSContig2952_216","7","19899207","-1.7854e-05","0.0039","T"
"4","Trait5","FASTmrMLM","NsiI.TP717074","7","19904018","-2.8455e-06","6e-04","C"
"4","Trait5","FASTmrMLM","GFSSContig19005_876","7","19906054","0.113","0.4757","C"
"4","Trait5","FASTmrMLM","NsiI.TP125422","7","20096050","5.3629e-06","0.0012","G"
"4","Trait5","FASTmrMLM","PstI.TP753861","7","20618873","0.1099","0.62","C"
"4","Trait5","FASTmrMLM","PstI.TP764130","7","20619268","-0.1238","0.6195","C"
"4","Trait5","FASTmrMLM","NsiI.TP389580","7","20897063","-1.0935e-05","0.0024","C"
"4","Trait5","FASTmrMLM","PstI.TP1059901","7","21055196","-0.0907","1.0107","C"
"4","Trait5","FASTmrMLM","NsiI.TP32788","7","23381869","3.4376e-05","0.0075","C"
"4","Trait5","FASTmrMLM","PstI.TP49280","7","23746497","-7.5027e-06","0.0016","C"
"4","Trait5","FASTmrMLM","PstI.TP719645","7","23758133","-0.226","0.9612","A"
"4","Trait5","FASTmrMLM","PstI.TP390797","7","23761848","4.2836e-06","9e-04","A"
"4","Trait5","FASTmrMLM","PstI.TP1013004","7","23934216","-5.4858e-06","0.0012","A"
"4","Trait5","FASTmrMLM","NsiI.TP525744","7","23934235","-7.4502e-05","0.0073","A"
"4","Trait5","FASTmrMLM","PstI.TP771674","7","23935231","-2.7201e-05","0.006","A"
"4","Trait5","FASTmrMLM","NsiI.TP42145","7","25365041","-3.0339e-05","0.0067","C"
"4","Trait5","FASTmrMLM","NsiI.TP135332","7","25713963","-2.8541e-05","0.0063","C"
"4","Trait5","FASTmrMLM","PstI.TP1243215","7","26362268","9.0539e-06","0.002","A"
"4","Trait5","FASTmrMLM","NsiI.TP775018","7","27544515","-0.1156","0.4395","C"
"4","Trait5","FASTmrMLM","PstI.TP1060579","7","28563180","6.3601e-06","0.0014","A"
"4","Trait5","FASTmrMLM","PstI.TP930201","7","30412154","-2.9823e-06","6e-04","A"
"4","Trait5","FASTmrMLM","PstI.TP1149152","7","30412784","-6.5484e-07","1e-04","A"
"4","Trait5","FASTmrMLM","PstI.TP274398","7","32018464","-6.7187e-06","0.0015","A"
"4","Trait5","FASTmrMLM","PstI.TP750538","7","36807368","8.9017e-06","0.0019","C"
"4","Trait5","FASTmrMLM","NsiI.TP33859","7","36901210","7.8198e-06","0.0017","A"
"4","Trait5","FASTmrMLM","NsiI.TP248364","7","36902705","9.8332e-06","0.0021","C"
"4","Trait5","FASTmrMLM","PstI.TP1021940","7","37610633","-2.2306e-05","0.0049","C"
"4","Trait5","FASTmrMLM","PstI.TP829843","7","37611088","3.7461e-05","0.0082","C"
"4","Trait5","FASTmrMLM","PstI.TP913067","7","37614298","-0.1021","0.5037","C"
"4","Trait5","FASTmrMLM","PstI.TP913069","7","37614334","-2.8119e-05","0.0059","A"
"4","Trait5","FASTmrMLM","PstI.TP601187","7","37614674","-8.4788e-06","0.0018","C"
"4","Trait5","FASTmrMLM","PstI.TP728669","7","37735277","0.1678","1.6093","A"
"4","Trait5","FASTmrMLM","PstI.TP728699","7","37735277","0.0515","0.4364","A"
"4","Trait5","FASTmrMLM","PstI.TP728711","7","37735277","-6.5163e-06","0.0014","A"
"4","Trait5","FASTmrMLM","PstI.TP728732","7","37735277","-7.5181e-06","0.0016","A"
"4","Trait5","FASTmrMLM","PstI.TP728733","7","37735277","0.0481","0.4207","A"
"4","Trait5","FASTmrMLM","PstI.TP728734","7","37735277","0.0817","0.6586","A"
"4","Trait5","FASTmrMLM","PstI.TP728736","7","37735277","0.1874","1.459","A"
"4","Trait5","FASTmrMLM","PstI.TP728746","7","37735277","0.0158","0.1811","A"
"4","Trait5","FASTmrMLM","PstI.TP728749","7","37735277","1.1506e-06","3e-04","A"
"4","Trait5","FASTmrMLM","PstI.TP728805","7","37735277","0.0185","0.2077","A"
"4","Trait5","FASTmrMLM","PstI.TP728878","7","37735277","-1.0795e-06","2e-04","A"
"4","Trait5","FASTmrMLM","PstI.TP728889","7","37735277","0.0389","0.3409","A"
"4","Trait5","FASTmrMLM","PstI.TP728979","7","37735277","2.617e-05","0.0057","A"
"4","Trait5","FASTmrMLM","PstI.TP729120","7","37735277","3.2224e-05","0.0058","A"
"4","Trait5","FASTmrMLM","PstI.TP729129","7","37735277","0.1013","0.8009","A"
"4","Trait5","FASTmrMLM","PstI.TP729133","7","37735277","-6.6985e-06","0.0015","A"
"4","Trait5","FASTmrMLM","PstI.TP729189","7","37735277","1.6291e-05","0.0036","A"
"4","Trait5","FASTmrMLM","PstI.TP1253835","7","37748571","1.1229e-05","0.0025","C"
"4","Trait5","FASTmrMLM","PstI.TP1220133","7","38049088","-0.0508","0.3395","C"
"4","Trait5","FASTmrMLM","PstI.TP642845","7","38620200","2.6652e-05","0.0058","C"
"4","Trait5","FASTmrMLM","PstI.TP481809","7","38620322","-8.322e-06","0.0018","A"
"4","Trait5","FASTmrMLM","NsiI.TP767568","7","38656685","1.1456e-05","0.0025","C"
"4","Trait5","FASTmrMLM","NsiI.TP784581","7","38825773","-2.4848e-05","0.0054","C"
"4","Trait5","FASTmrMLM","NsiI.TP758683","7","38825793","1.0142e-05","0.0022","G"
"4","Trait5","FASTmrMLM","NsiI.TP498847","7","38844939","1.983e-05","0.0043","C"
"4","Trait5","FASTmrMLM","NsiI.TP262182","7","38847042","-0.1322","1.1451","A"
"4","Trait5","FASTmrMLM","PstI.TP1113083","7","38922544","2.2871e-05","0.005","A"
"4","Trait5","FASTmrMLM","PstI.TP280388","7","38997134","0.0885","0.734","C"
"4","Trait5","FASTmrMLM","PstI.TP1068306","7","38997173","-1e-04","0.0121","C"
"4","Trait5","FASTmrMLM","PstI.TP650956","7","39090261","8.3742e-07","2e-04","A"
"4","Trait5","FASTmrMLM","PstI.TP473558","7","39095635","-3.3278e-05","0.0073","A"
"4","Trait5","FASTmrMLM","PstI.TP513624","7","39095958","1.0452e-05","0.0023","A"
"4","Trait5","FASTmrMLM","PstI.TP786393","7","39096773","-1.2672e-05","0.0028","C"
"4","Trait5","FASTmrMLM","PstI.TP1151756","7","39232025","0.1018","1.0999","A"
"4","Trait5","FASTmrMLM","PstI.TP1244814","7","39448732","-1.2721e-05","0.0028","A"
"4","Trait5","FASTmrMLM","NsiI.TP459288","7","39656372","-3.6821e-05","0.0081","A"
"4","Trait5","FASTmrMLM","NsiI.TP459297","7","39656373","1.3777e-05","0.003","G"
"4","Trait5","FASTmrMLM","NsiI.TP304995","7","39656753","-0.1534","1.3487","C"
"4","Trait5","FASTmrMLM","PstI.TP1237165","7","39960538","8.0006e-06","0.0017","A"
"4","Trait5","FASTmrMLM","NsiI.TP432582","7","40023470","-1.7665e-05","0.0039","A"
"4","Trait5","FASTmrMLM","PstI.TP235832","7","40076244","3.6975e-06","8e-04","A"
"4","Trait5","FASTmrMLM","PstI.TP1005929","7","40209050","-3.9952e-05","0.0088","A"
"4","Trait5","FASTmrMLM","PstI.TP1005964","7","40209050","3.8604e-05","0.0085","A"
"4","Trait5","FASTmrMLM","PstI.TP1021321","7","40225707","-1.1621e-05","0.0025","C"
"4","Trait5","FASTmrMLM","NsiI.TP579169","7","40226521","-0.0176","0.1389","G"
"4","Trait5","FASTmrMLM","NsiI.TP146523","7","41170101","-0.0914","0.8782","A"
"4","Trait5","FASTmrMLM","NsiI.TP691412","7","41275105","-1.2153e-05","0.0027","A"
"4","Trait5","FASTmrMLM","NsiI.TP296058","7","41533730","-0.0276","0.2066","A"
"4","Trait5","FASTmrMLM","PstI.TP220192","7","42063325","-9.7217e-07","2e-04","C"
"4","Trait5","FASTmrMLM","PstI.TP41097","7","42065116","-2.1715e-05","0.0048","G"
"4","Trait5","FASTmrMLM","PstI.TP811239","7","42565625","0.0599","0.5537","A"
"4","Trait5","FASTmrMLM","PstI.TP40335","7","42744775","-1.8587e-05","0.0041","A"
"4","Trait5","FASTmrMLM","GFSSContig12567_692","7","42744908","0.1078","0.4308","C"
"4","Trait5","FASTmrMLM","PstI.TP691815","7","42746558","0.0862","0.4783","A"
"4","Trait5","FASTmrMLM","NsiI.TP436536","7","43226289","8.845e-06","0.0019","C"
"4","Trait5","FASTmrMLM","PstI.TP1147160","7","44396170","0.0607","0.3629","A"
"4","Trait5","FASTmrMLM","PstI.TP1000389","7","44396572","1.2722e-05","0.0028","A"
"4","Trait5","FASTmrMLM","PstI.TP734933","7","44399101","-2.5541e-06","6e-04","C"
"4","Trait5","FASTmrMLM","PstI.TP1267238","7","44914615","2.9019e-05","0.0064","C"
"4","Trait5","FASTmrMLM","PstI.TP1068244","7","46112945","1.6976e-05","0.0037","C"
"4","Trait5","FASTmrMLM","PstI.TP835038","7","46234035","-1.3102e-05","0.0029","A"
"4","Trait5","FASTmrMLM","PstI.TP1109286","7","47351131","1.6694e-05","0.0036","A"
"4","Trait5","FASTmrMLM","PstI.TP442891","7","48896460","1.9239e-05","0.0042","A"
"4","Trait5","FASTmrMLM","PstI.TP408513","7","49786135","-2.5545e-05","0.0056","A"
"4","Trait5","FASTmrMLM","PstI.TP376982","7","49974909","0.1899","1.0045","A"
"4","Trait5","FASTmrMLM","NsiI.TP137073","7","49983000","0.0508","0.4633","A"
"4","Trait5","FASTmrMLM","NsiI.TP219767","7","49984697","-0.036","0.2898","C"
"4","Trait5","FASTmrMLM","PstI.TP1227472","7","50008737","0.0533","0.4744","G"
"4","Trait5","FASTmrMLM","NsiI.TP151514","7","50015487","0.1133","1.2263","A"
"4","Trait5","FASTmrMLM","PstI.TP1253890","7","50123451","1.1515e-05","0.0025","A"
"4","Trait5","FASTmrMLM","PstI.TP1159801","7","50126038","-2.2459e-05","0.0049","C"
"4","Trait5","FASTmrMLM","PstI.TP450448","7","50290469","-1.7727e-05","0.0039","A"
"4","Trait5","FASTmrMLM","NsiI.TP673085","7","50723110","0.1291","0.5495","A"
"4","Trait5","FASTmrMLM","PstI.TP963389","7","50724093","-4.2734e-07","9.3009e-05","C"
"4","Trait5","FASTmrMLM","NsiI.TP444823","7","50728299","-1.8169e-05","0.004","A"
"4","Trait5","FASTmrMLM","NsiI.TP492278","7","50851095","0.0955","0.6623","A"
"4","Trait5","FASTmrMLM","PstI.TP676701","7","51193143","-4.4929e-07","9.7784e-05","C"
"4","Trait5","FASTmrMLM","PstI.TP676885","7","51193149","0.1029","0.7262","C"
"4","Trait5","FASTmrMLM","NsiI.TP684195","7","51496026","-1.6146e-05","0.0035","A"
"4","Trait5","FASTmrMLM","PstI.TP776050","7","51497686","-0.0893","0.4849","C"
"4","Trait5","FASTmrMLM","PstI.TP548274","7","51500731","-1.0464e-05","0.0023","A"
"4","Trait5","FASTmrMLM","NsiI.TP540512","7","51941929","-3.4514e-05","0.0076","A"
"4","Trait5","FASTmrMLM","NsiI.TP575584","7","52071718","0.0857","0.4851","A"
"4","Trait5","FASTmrMLM","PstI.TP700737","7","52170610","3.1419e-06","7e-04","C"
"4","Trait5","FASTmrMLM","PstI.TP220835","7","52243610","-0.0091","0.1642","C"
"4","Trait5","FASTmrMLM","NsiI.TP394177","7","52264373","0.0639","0.4452","C"
"4","Trait5","FASTmrMLM","PstI.TP541319","7","52302738","0.1009","0.5312","A"
"4","Trait5","FASTmrMLM","PstI.TP1223069","7","52650366","-2.2503e-05","0.0049","A"
"4","Trait5","FASTmrMLM","PstI.TP868849","7","52655700","0.0212","0.2903","C"
"4","Trait5","FASTmrMLM","NsiI.TP331163","7","52684356","0.1753","0.8481","C"
"4","Trait5","FASTmrMLM","NsiI.TP232537","7","52687503","-0.0419","0.3082","C"
"4","Trait5","FASTmrMLM","NsiI.TP57522","7","52802385","2.6615e-05","0.0058","A"
"4","Trait5","FASTmrMLM","NsiI.TP463488","7","52910352","-0.0833","0.5643","C"
"4","Trait5","FASTmrMLM","PstI.TP1105907","7","53011045","0.0673","0.4416","A"
"4","Trait5","FASTmrMLM","NsiI.TP31455","7","53170144","0.1381","0.7939","C"
"4","Trait5","FASTmrMLM","NsiI.TP480200","7","53174073","-2e-04","0.0124","A"
"4","Trait5","FASTmrMLM","NsiI.TP471799","7","53212289","0.0244","0.1995","C"
"4","Trait5","FASTmrMLM","PstI.TP810546","7","53213668","0.2003","1.3616","C"
"4","Trait5","FASTmrMLM","NsiI.TP609515","7","53214491","-4.8319e-06","0.0011","C"
"4","Trait5","FASTmrMLM","NsiI.TP798841","7","53220568","-0.0557","0.3903","C"
"4","Trait5","FASTmrMLM","NsiI.TP272229","7","53277019","2.3634e-06","5e-04","C"
"4","Trait5","FASTmrMLM","NsiI.TP148438","7","53280734","1.3344e-05","0.0029","G"
"4","Trait5","FASTmrMLM","NsiI.TP138963","7","53280749","0.0214","0.3433","C"
"4","Trait5","FASTmrMLM","PstI.TP115639","7","53288591","8.1414e-05","0.0095","A"
"4","Trait5","FASTmrMLM","PstI.TP844489","7","53426621","-2.1682e-05","0.0047","C"
"4","Trait5","FASTmrMLM","PstI.TP226513","7","53473777","5.3732e-06","0.0012","C"
"4","Trait5","FASTmrMLM","PstI.TP746464","7","53509977","-3.895e-05","0.0086","G"
"4","Trait5","FASTmrMLM","NsiI.TP153657","7","53655931","1.8154e-05","0.004","C"
"4","Trait5","FASTmrMLM","PstI.TP860964","7","53711161","-2.0665e-05","0.0045","C"
"4","Trait5","FASTmrMLM","PstI.TP29147","7","53719976","1.4032e-05","0.0031","A"
"4","Trait5","FASTmrMLM","PstI.TP935585","7","53727698","0.0532","0.3746","C"
"4","Trait5","FASTmrMLM","PstI.TP1077450","7","53747324","0.0127","0.1382","A"
"4","Trait5","FASTmrMLM","PstI.TP51830","7","53846835","0.0103","0.1157","G"
"4","Trait5","FASTmrMLM","PstI.TP713758","7","53864081","2.2421e-06","5e-04","C"
"4","Trait5","FASTmrMLM","NsiI.TP560389","7","53864117","-1.1423e-05","0.0025","C"
"4","Trait5","FASTmrMLM","NsiI.TP629658","7","53868905","-0.0101","0.1107","C"
"4","Trait5","FASTmrMLM","PstI.TP773880","7","53899356","0.0408","0.3139","C"
"4","Trait5","FASTmrMLM","NsiI.TP707982","7","53914763","-5.3898e-06","0.0012","C"
"4","Trait5","FASTmrMLM","PstI.TP1042685","7","53939931","-0.0064","0.1238","A"
"4","Trait5","FASTmrMLM","PstI.TP191402","7","53943006","-5.2851e-06","0.0012","A"
"4","Trait5","FASTmrMLM","PstI.TP363821","7","53943057","-9.424e-07","2e-04","C"
"4","Trait5","FASTmrMLM","PstI.TP636898","7","54089980","-1.0586e-06","2e-04","C"
"4","Trait5","FASTmrMLM","PstI.TP676625","7","54092826","0.14","1.1201","A"
"4","Trait5","FASTmrMLM","PstI.TP677046","7","54092854","-5.0943e-06","0.0011","A"
"4","Trait5","FASTmrMLM","PstI.TP357029","7","54216876","0.2205","1.7397","C"
"4","Trait5","FASTmrMLM","PstI.TP1182490","7","54283820","1.2323e-05","0.0027","C"
"4","Trait5","FASTmrMLM","PstI.TP256340","7","54329519","0.108","0.8567","A"
"4","Trait5","FASTmrMLM","PstI.TP780884","7","54360893","-1.5064e-05","0.0033","C"
"4","Trait5","FASTmrMLM","PstI.TP846454","7","54554537","-8.9806e-06","0.002","A"
"4","Trait5","FASTmrMLM","PstI.TP129446","7","54572687","8.5021e-06","0.0019","A"
"4","Trait5","FASTmrMLM","PstI.TP1268451","7","54575794","-1.8959e-05","0.0041","A"
"4","Trait5","FASTmrMLM","PstI.TP38206","7","54578842","1.6428e-05","0.0036","C"
"4","Trait5","FASTmrMLM","NsiI.TP177068","7","54680887","-2.2907e-06","5e-04","A"
"4","Trait5","FASTmrMLM","NsiI.TP26827","7","54682777","2.5539e-07","5.5579e-05","A"
"4","Trait5","FASTmrMLM","PstI.TP134198","7","54703609","-4.7615e-07","1e-04","A"
"4","Trait5","FASTmrMLM","PstI.TP455365","7","54748339","9.0179e-06","0.002","A"
"4","Trait5","FASTmrMLM","PstI.TP1261475","7","54756916","-1.7567e-06","4e-04","A"
"4","Trait5","FASTmrMLM","GFSSContig16049_1267","7","54759355","1e-04","0.0095","A"
"4","Trait5","FASTmrMLM","PstI.TP936263","7","54764739","-2.5113e-06","5e-04","C"
"4","Trait5","FASTmrMLM","NsiI.TP167775","7","54814473","-2.0921e-05","0.0046","A"
"4","Trait5","FASTmrMLM","PstI.TP475955","7","54849325","0.1134","1.4719","C"
"4","Trait5","FASTmrMLM","PstI.TP740447","7","54863441","-3.2074e-05","0.007","C"
"4","Trait5","FASTmrMLM","NsiI.TP760653","7","54864586","-0.1752","1.4075","C"
"4","Trait5","FASTmrMLM","PstI.TP914188","7","54888340","-1.3143e-06","3e-04","C"
"4","Trait5","FASTmrMLM","NsiI.TP702393","7","54899243","3.8475e-05","0.0085","A"
"4","Trait5","FASTmrMLM","NsiI.TP812205","7","54948640","-5.7125e-06","0.0012","A"
"4","Trait5","FASTmrMLM","NsiI.TP565032","7","55113105","0.1159","0.7587","A"
"4","Trait5","FASTmrMLM","NsiI.TP464936","7","55113329","-2.9864e-06","7e-04","G"
"4","Trait5","FASTmrMLM","PstI.TP681468","7","55205095","-3.5054e-06","8e-04","A"
"4","Trait5","FASTmrMLM","PstI.TP522628","7","55214011","-2.874e-05","0.0063","G"
"4","Trait5","FASTmrMLM","NsiI.TP57471","7","55271098","1.0647e-05","0.0023","A"
"4","Trait5","FASTmrMLM","PstI.TP811361","7","55272171","-0.3428","1.3225","C"
"4","Trait5","FASTmrMLM","NsiI.TP743125","7","55289077","0.0692","0.6679","C"
"4","Trait5","FASTmrMLM","PstI.TP33606","7","55343420","-0.0423","0.2944","A"
"4","Trait5","FASTmrMLM","PstI.TP67962","7","55448827","8.405e-06","0.0018","A"
"4","Trait5","FASTmrMLM","PstI.TP478078","7","55522438","7.1901e-06","0.0016","A"
"4","Trait5","FASTmrMLM","GFSSContig18047_927","7","55538778","-0.0797","0.3452","A"
"4","Trait5","FASTmrMLM","NsiI.TP413768","7","55565747","1.5673e-05","0.0034","A"
"4","Trait5","FASTmrMLM","NsiI.TP544241","7","55634342","2.4603e-05","0.0054","A"
"4","Trait5","FASTmrMLM","NsiI.TP430978","7","55642388","-2.1903e-05","0.0048","A"
"4","Trait5","FASTmrMLM","NsiI.TP634824","7","55643367","-1.8322e-05","0.004","G"
"4","Trait5","FASTmrMLM","NsiI.TP621359","7","55651858","3.5619e-05","0.0078","A"
"4","Trait5","FASTmrMLM","PstI.TP673993","7","55674206","2.0508e-06","4e-04","A"
"4","Trait5","FASTmrMLM","PstI.TP44125","7","55681656","-0.1172","0.545","G"
"4","Trait5","FASTmrMLM","PstI.TP265440","7","55685759","0.0395","0.2878","C"
"4","Trait5","FASTmrMLM","PstI.TP544535","7","55750564","-0.0485","0.5114","A"
"4","Trait5","FASTmrMLM","PstI.TP44973","7","55874288","3.7223e-07","8.1011e-05","A"
"4","Trait5","FASTmrMLM","PstI.TP1180704","7","55904008","-3.1032e-06","7e-04","C"
"4","Trait5","FASTmrMLM","NsiI.TP226284","7","55938781","2.5442e-05","0.0056","A"
"4","Trait5","FASTmrMLM","NsiI.TP692200","7","55971020","2.4165e-05","0.0041","A"
"4","Trait5","FASTmrMLM","PstI.TP323434","7","55981680","8.1764e-06","0.0018","C"
"4","Trait5","FASTmrMLM","PstI.TP156629","7","55982356","4.5514e-06","0.001","A"
"4","Trait5","FASTmrMLM","PstI.TP716758","7","55988135","7.2514e-06","0.0016","A"
"4","Trait5","FASTmrMLM","PstI.TP725380","7","56007421","-1.071e-05","0.0023","C"
"4","Trait5","FASTmrMLM","PstI.TP628852","7","56019584","4e-04","0.0166","A"
"4","Trait5","FASTmrMLM","NsiI.TP796401","7","56037041","-1.4243e-05","0.0031","A"
"4","Trait5","FASTmrMLM","PstI.TP436226","7","56156649","3.4586e-05","0.0076","C"
"4","Trait5","FASTmrMLM","NsiI.TP465482","7","56232682","0.0415","0.3858","A"
"4","Trait5","FASTmrMLM","NsiI.TP465867","7","56232703","-2.5763e-05","0.0056","G"
"4","Trait5","FASTmrMLM","PstI.TP1029191","7","56232874","-9.5467e-06","0.0021","A"
"4","Trait5","FASTmrMLM","PstI.TP873747","7","56234464","-2.2644e-05","0.005","A"
"4","Trait5","FASTmrMLM","PstI.TP342447","7","56234504","2e-04","0.0129","C"
"4","Trait5","FASTmrMLM","PstI.TP342418","7","56234517","-8.7867e-06","0.0019","C"
"4","Trait5","FASTmrMLM","PstI.TP251030","7","56275748","1.7157e-05","0.0038","G"
"4","Trait5","FASTmrMLM","PstI.TP838226","7","56380657","8.605e-06","0.0019","A"
"4","Trait5","FASTmrMLM","PstI.TP73012","7","56426566","-3.9091e-05","0.0086","A"
"4","Trait5","FASTmrMLM","PstI.TP840517","7","56447630","-3.673e-05","0.0081","A"
"4","Trait5","FASTmrMLM","PstI.TP1083673","7","56447700","0.1281","2.2016","A"
"4","Trait5","FASTmrMLM","PstI.TP701128","7","56465332","-0.0256","0.319","A"
"4","Trait5","FASTmrMLM","PstI.TP1033890","7","56467931","0.0575","0.7274","C"
"4","Trait5","FASTmrMLM","NsiI.TP487967","7","56473747","-1.5275e-05","0.0033","C"
"4","Trait5","FASTmrMLM","NsiI.TP634702","7","56479723","3.0449e-06","7e-04","A"
"4","Trait5","FASTmrMLM","NsiI.TP634700","7","56479768","0.0876","0.4266","A"
"4","Trait5","FASTmrMLM","NsiI.TP549210","7","56480307","-0.009","0.1506","C"
"4","Trait5","FASTmrMLM","NsiI.TP181815","7","56481882","3.5371e-05","0.0067","C"
"4","Trait5","FASTmrMLM","NsiI.TP607330","7","56482165","0.0492","0.5647","A"
"4","Trait5","FASTmrMLM","PstI.TP6837","7","56482179","-1.9656e-05","0.0043","C"
"4","Trait5","FASTmrMLM","NsiI.TP426620","7","56485654","5.8383e-07","1e-04","C"
"4","Trait5","FASTmrMLM","PstI.TP951821","7","56486258","1.1097e-05","0.0024","G"
"4","Trait5","FASTmrMLM","PstI.TP226865","7","56497320","0.0617","0.4013","A"
"4","Trait5","FASTmrMLM","NsiI.TP454840","7","56498572","-1.3929e-05","0.003","C"
"4","Trait5","FASTmrMLM","PstI.TP624170","7","56509983","-0.0616","0.4569","C"
"4","Trait5","FASTmrMLM","NsiI.TP831720","7","56522539","2.7332e-05","0.006","A"
"4","Trait5","FASTmrMLM","PstI.TP770515","7","56528709","1.7472e-05","0.0038","A"
"4","Trait5","FASTmrMLM","PstI.TP195819","7","56569496","0.0902","0.8638","C"
"4","Trait5","FASTmrMLM","PstI.TP1254872","7","56573064","-2.5214e-05","0.0055","C"
"4","Trait5","FASTmrMLM","PstI.TP1254873","7","56573089","2.2822e-05","0.005","C"
"4","Trait5","FASTmrMLM","PstI.TP824501","7","56584998","1.728e-06","4e-04","C"
"4","Trait5","FASTmrMLM","NsiI.TP216966","7","56618572","-1.2789e-06","3e-04","C"
"4","Trait5","FASTmrMLM","PstI.TP96437","7","56660900","0.1597","0.7786","A"
"4","Trait5","FASTmrMLM","NsiI.TP399470","7","56697288","-6.6582e-05","0.0084","G"
"4","Trait5","FASTmrMLM","NsiI.TP587792","7","56733492","1.3209e-05","0.0029","C"
"4","Trait5","FASTmrMLM","NsiI.TP629280","7","56770797","2.1679e-05","0.0047","C"
"4","Trait5","FASTmrMLM","NsiI.TP234353","7","56772484","-3.0784e-05","0.0068","A"
"4","Trait5","FASTmrMLM","PstI.TP42608","7","56772896","0.0245","0.3243","C"
"4","Trait5","FASTmrMLM","NsiI.TP348632","7","56779391","-7.0084e-05","0.0068","A"
"4","Trait5","FASTmrMLM","PstI.TP702779","7","56779453","1.7777e-06","4e-04","C"
"4","Trait5","FASTmrMLM","PstI.TP223928","7","56820316","0.1388","0.5313","A"
"4","Trait5","FASTmrMLM","PstI.TP224040","7","56820318","0.0619","0.2545","A"
"4","Trait5","FASTmrMLM","NsiI.TP87484","7","56822871","-1.7649e-05","0.0039","A"
"4","Trait5","FASTmrMLM","PstI.TP116516","7","56890296","-9.6027e-06","0.0021","A"
"4","Trait5","FASTmrMLM","PstI.TP1261869","7","56914589","3.1382e-06","7e-04","C"
"4","Trait5","FASTmrMLM","PstI.TP895191","7","56933640","0.1064","0.8672","A"
"4","Trait5","FASTmrMLM","PstI.TP594044","7","56948044","-3.2791e-05","0.0072","G"
"4","Trait5","FASTmrMLM","PstI.TP275480","7","56994178","0.0342","0.4512","C"
"4","Trait5","FASTmrMLM","PstI.TP924356","7","56999276","-1.9527e-05","0.0043","A"
"4","Trait5","FASTmrMLM","PstI.TP1042774","7","57064853","5.9381e-08","1.2926e-05","C"
"4","Trait5","FASTmrMLM","NsiI.TP121554","7","57067418","-0.0147","0.2157","A"
"4","Trait5","FASTmrMLM","NsiI.TP463292","7","57067462","1.2302e-05","0.0027","A"
"4","Trait5","FASTmrMLM","NsiI.TP810281","7","57111956","2.621e-05","0.0055","A"
"4","Trait5","FASTmrMLM","NsiI.TP729776","7","57144100","-3.6999e-05","0.0081","C"
"4","Trait5","FASTmrMLM","GFSSContig1966_308","7","57169069","0.024","0.2986","A"
"4","Trait5","FASTmrMLM","PstI.TP986436","7","57194553","0.109","0.4642","C"
"4","Trait5","FASTmrMLM","PstI.TP190549","7","57197488","0.0413","0.4466","G"
"4","Trait5","FASTmrMLM","PstI.TP109425","7","57224512","-8.7251e-06","0.0019","C"
"4","Trait5","FASTmrMLM","PstI.TP179103","7","57227560","0.1461","0.7054","C"
"4","Trait5","FASTmrMLM","PstI.TP157794","7","57230682","2.8418e-05","0.0062","A"
"4","Trait5","FASTmrMLM","PstI.TP1005240","7","57259216","-0.008","0.1363","C"
"4","Trait5","FASTmrMLM","PstI.TP271772","7","57259256","2.4415e-05","0.0053","A"
"4","Trait5","FASTmrMLM","PstI.TP706342","7","57259564","-8.2271e-06","0.0018","C"
"4","Trait5","FASTmrMLM","NsiI.TP693353","7","57290725","-0.1","1.2154","C"
"4","Trait5","FASTmrMLM","PstI.TP893480","7","57292032","-3.3332e-05","0.0073","G"
"4","Trait5","FASTmrMLM","PstI.TP893479","7","57292079","0.2404","0.9018","C"
"4","Trait5","FASTmrMLM","NsiI.TP338725","7","57292523","1.4184e-05","0.0031","C"
"4","Trait5","FASTmrMLM","NsiI.TP411298","7","57292592","4.038e-05","0.0069","G"
"4","Trait5","FASTmrMLM","NsiI.TP480061","7","57292632","3.0415e-05","0.0067","C"
"4","Trait5","FASTmrMLM","PstI.TP326785","7","57293650","0.155","1.0929","A"
"4","Trait5","FASTmrMLM","PstI.TP729433","7","57293984","-4.1929e-06","9e-04","A"
"4","Trait5","FASTmrMLM","PstI.TP967103","7","57294054","-2.6016e-05","0.0057","A"
"4","Trait5","FASTmrMLM","PstI.TP369708","7","57294526","-1.1e-05","0.0024","A"
"4","Trait5","FASTmrMLM","PstI.TP1242684","7","57357914","6.4438e-06","0.0014","G"
"4","Trait5","FASTmrMLM","PstI.TP476019","7","57380412","9.6575e-06","0.0021","A"
"4","Trait5","FASTmrMLM","PstI.TP116834","7","57400292","-1.0826e-05","0.0024","C"
"4","Trait5","FASTmrMLM","PstI.TP116829","7","57400327","-1.0282e-05","0.0022","A"
"4","Trait5","FASTmrMLM","NsiI.TP12446","7","57406240","-8.704e-07","2e-04","A"
"4","Trait5","FASTmrMLM","PstI.TP1000873","7","57426488","-0.0266","0.1959","G"
"4","Trait5","FASTmrMLM","PstI.TP1000608","7","57426510","1e-04","0.0113","A"
"4","Trait5","FASTmrMLM","NsiI.TP571413","7","57436870","0.1498","0.6942","A"
"4","Trait5","FASTmrMLM","PstI.TP1231482","7","57442040","-5.3108e-06","0.0012","C"
"4","Trait5","FASTmrMLM","NsiI.TP216625","7","57473921","0.1901","0.5949","A"
"4","Trait5","FASTmrMLM","PstI.TP1104428","7","57492231","-0.0148","0.2194","A"
"4","Trait5","FASTmrMLM","NsiI.TP416768","7","57494905","7.012e-06","0.0015","A"
"4","Trait5","FASTmrMLM","NsiI.TP250341","7","57502270","-2.1888e-05","0.0048","C"
"4","Trait5","FASTmrMLM","PstI.TP365158","7","57521179","3.2383e-05","0.0071","C"
"4","Trait5","FASTmrMLM","PstI.TP38489","7","57547747","-7.1754e-07","2e-04","C"
"4","Trait5","FASTmrMLM","PstI.TP663882","7","57555118","7.6986e-06","0.0017","A"
"4","Trait5","FASTmrMLM","NsiI.TP738676","7","57559338","4.157e-05","0.0091","C"
"4","Trait5","FASTmrMLM","NsiI.TP428791","7","57559399","4.4571e-05","0.0098","A"
"4","Trait5","FASTmrMLM","PstI.TP988411","7","57566112","0.0215","0.3099","A"
"4","Trait5","FASTmrMLM","NsiI.TP509063","7","57597239","3.3976e-05","0.0062","C"
"4","Trait5","FASTmrMLM","PstI.TP905759","7","57631203","-0.0819","0.5509","C"
"4","Trait5","FASTmrMLM","PstI.TP217587","7","57680078","-1.9053e-05","0.0042","A"
"4","Trait5","FASTmrMLM","NsiI.TP408285","7","57692604","6.1058e-06","0.0013","C"
"4","Trait5","FASTmrMLM","NsiI.TP467298","7","57692693","9.4516e-06","0.0021","C"
"4","Trait5","FASTmrMLM","PstI.TP585747","7","57701465","-0.0388","0.3498","A"
"4","Trait5","FASTmrMLM","PstI.TP179753","7","57741054","3.8855e-05","0.0085","A"
"4","Trait5","FASTmrMLM","NsiI.TP71608","7","57789465","0.2511","0.8245","A"
"4","Trait5","FASTmrMLM","PstI.TP158199","7","57792676","2.6162e-05","0.0057","C"
"4","Trait5","FASTmrMLM","NsiI.TP420489","7","57825447","0.0473","0.3971","A"
"4","Trait5","FASTmrMLM","PstI.TP1000323","7","57848687","9.2026e-06","0.002","A"
"4","Trait5","FASTmrMLM","PstI.TP578151","7","57848739","0.0396","0.3198","A"
"4","Trait5","FASTmrMLM","NsiI.TP575759","7","57906159","-1.8319e-05","0.004","C"
"4","Trait5","FASTmrMLM","PstI.TP73041","7","57916229","9.0713e-05","0.0059","A"
"4","Trait5","FASTmrMLM","NsiI.TP519727","7","57918621","-3.1071e-05","0.0068","A"
"4","Trait5","FASTmrMLM","PstI.TP808266","7","57918873","0.0275","0.2575","A"
"4","Trait5","FASTmrMLM","PstI.TP808264","7","57918885","1.2855e-05","0.0028","C"
"4","Trait5","FASTmrMLM","NsiI.TP677131","7","57930920","-4.8916e-05","0.0108","A"
"4","Trait5","FASTmrMLM","NsiI.TP111742","7","57934282","-2.8202e-05","0.0062","C"
"4","Trait5","FASTmrMLM","NsiI.TP242759","7","57945470","1.4352e-06","3e-04","C"
"4","Trait5","FASTmrMLM","NsiI.TP754752","7","57952206","-1.5296e-05","0.0033","A"
"4","Trait5","FASTmrMLM","NsiI.TP430718","7","57959816","-0.0102","0.1451","C"
"4","Trait5","FASTmrMLM","PstI.TP596502","7","58014009","-1.7083e-05","0.0037","A"
"4","Trait5","FASTmrMLM","NsiI.TP546382","7","58039037","-0.1455","1.0171","A"
"4","Trait5","FASTmrMLM","PstI.TP1027912","7","58053493","4.0565e-06","9e-04","A"
"4","Trait5","FASTmrMLM","PstI.TP454080","7","58131274","0.0572","0.6989","C"
"4","Trait5","FASTmrMLM","NsiI.TP616059","7","58178309","1.0647e-05","0.0023","A"
"4","Trait5","FASTmrMLM","PstI.TP218045","7","58191388","-1.4577e-05","0.0032","A"
"4","Trait5","FASTmrMLM","NsiI.TP312687","7","58197899","0.0234","0.3077","C"
"4","Trait5","FASTmrMLM","PstI.TP665062","7","58208506","-8.0313e-05","0.0094","C"
"4","Trait5","FASTmrMLM","PstI.TP924967","7","58209852","9.3388e-06","0.002","A"
"4","Trait5","FASTmrMLM","NsiI.TP307351","7","58210133","6.9635e-06","0.0015","A"
"4","Trait5","FASTmrMLM","NsiI.TP414923","7","58216713","1.846e-05","0.004","A"
"4","Trait5","FASTmrMLM","PstI.TP364169","7","58263144","-1.6334e-06","4e-04","A"
"4","Trait5","FASTmrMLM","PstI.TP131166","7","58269471","3.8218e-05","0.0084","A"
"4","Trait5","FASTmrMLM","PstI.TP115692","7","58269670","-0.0583","0.2751","C"
"4","Trait5","FASTmrMLM","PstI.TP323746","7","58295300","-0.0168","0.1684","C"
"4","Trait5","FASTmrMLM","PstI.TP385032","7","58296331","-6.3809e-07","1e-04","A"
"4","Trait5","FASTmrMLM","PstI.TP420819","7","58322117","2.3661e-05","0.0052","C"
"4","Trait5","FASTmrMLM","PstI.TP191342","7","58325056","-1.4758e-05","0.0032","A"
"4","Trait5","FASTmrMLM","NsiI.TP533884","7","58332744","-0.0076","0.1373","C"
"4","Trait5","FASTmrMLM","NsiI.TP456696","7","58332939","-6.4766e-06","0.0014","C"
"4","Trait5","FASTmrMLM","NsiI.TP39321","7","58385536","-0.0243","0.328","G"
"4","Trait5","FASTmrMLM","NsiI.TP522931","7","58428470","7.2765e-06","0.0016","C"
"4","Trait5","FASTmrMLM","NsiI.TP115192","7","58481149","-0.0545","0.4064","A"
"4","Trait5","FASTmrMLM","NsiI.TP794832","7","58498700","-1.6448e-05","0.0036","C"
"4","Trait5","FASTmrMLM","GFSSContig12698_1019","7","58530011","0.032","0.3554","T"
"4","Trait5","FASTmrMLM","PstI.TP79499","7","58548407","-1.0472e-05","0.0023","G"
"4","Trait5","FASTmrMLM","PstI.TP871500","7","58552200","2.6776e-05","0.0059","C"
"4","Trait5","FASTmrMLM","PstI.TP397160","7","58561163","-2.1221e-05","0.0046","C"
"4","Trait5","FASTmrMLM","PstI.TP814593","7","58562479","2.7248e-05","0.006","A"
"4","Trait5","FASTmrMLM","PstI.TP1191610","7","58563269","-5.7378e-06","0.0013","C"
"4","Trait5","FASTmrMLM","PstI.TP1023559","7","58580474","-0.0212","0.1594","C"
"4","Trait5","FASTmrMLM","NsiI.TP629722","7","58591866","-7.9268e-06","0.0017","C"
"4","Trait5","FASTmrMLM","NsiI.TP546538","7","58603015","0.067","0.3774","C"
"4","Trait5","FASTmrMLM","PstI.TP214720","7","58614835","-3.6414e-05","0.008","C"
"4","Trait5","FASTmrMLM","PstI.TP63012","7","58654217","-5.1088e-06","0.0011","A"
"4","Trait5","FASTmrMLM","NsiI.TP746266","7","58668606","-0.0365","0.3257","A"
"4","Trait5","FASTmrMLM","PstI.TP1017687","7","58691088","-3.4049e-05","0.0075","A"
"4","Trait5","FASTmrMLM","PstI.TP777464","7","58712241","3.9534e-05","0.0087","C"
"4","Trait5","FASTmrMLM","NsiI.TP487796","7","58728277","-6.2059e-06","0.0014","G"
"4","Trait5","FASTmrMLM","PstI.TP1213015","7","58731766","0.1732","0.4728","A"
"4","Trait5","FASTmrMLM","PstI.TP866561","7","58745570","0.0529","0.6328","G"
"4","Trait5","FASTmrMLM","PstI.TP623688","7","58748937","3.5667e-05","0.0078","A"
"4","Trait5","FASTmrMLM","PstI.TP277532","7","58749000","-2.8292e-05","0.0062","C"
"4","Trait5","FASTmrMLM","PstI.TP580690","7","58775427","-1.0034e-05","0.0022","A"
"4","Trait5","FASTmrMLM","PstI.TP740114","7","58776559","0.0838","0.5717","C"
"4","Trait5","FASTmrMLM","PstI.TP378727","7","58839899","1.659e-05","0.0036","A"
"4","Trait5","FASTmrMLM","NsiI.TP745662","7","58841348","2.5304e-05","0.0055","G"
"4","Trait5","FASTmrMLM","NsiI.TP424775","7","58843264","2.6284e-06","6e-04","A"
"4","Trait5","FASTmrMLM","NsiI.TP433825","7","58843407","-1.6766e-05","0.0037","A"
"4","Trait5","FASTmrMLM","PstI.TP87333","7","58848641","-3.0135e-05","0.0066","A"
"4","Trait5","FASTmrMLM","PstI.TP119185","7","58848721","-4.6379e-06","0.001","C"
"4","Trait5","FASTmrMLM","NsiI.TP197944","7","58850635","1.5461e-05","0.0034","A"
"4","Trait5","FASTmrMLM","PstI.TP1269097","7","58852083","1.7778e-05","0.0039","A"
"4","Trait5","FASTmrMLM","PstI.TP5927","7","58863404","1.6343e-05","0.0036","A"
"4","Trait5","FASTmrMLM","PstI.TP835882","7","58925507","2.43e-05","0.0053","A"
"4","Trait5","FASTmrMLM","PstI.TP850924","7","59003159","-4.0546e-06","9e-04","C"
"4","Trait5","FASTmrMLM","PstI.TP192722","7","59027066","-8.0825e-06","0.0018","A"
"4","Trait5","FASTmrMLM","PstI.TP292237","7","59035766","-3.2535e-05","0.0071","A"
"4","Trait5","FASTmrMLM","PstI.TP1190013","7","59047024","-1.6241e-05","0.0035","C"
"4","Trait5","FASTmrMLM","NsiI.TP825871","7","59052108","-2.0032e-05","0.0044","A"
"4","Trait5","FASTmrMLM","NsiI.TP598138","7","59052335","2.8898e-07","6.29e-05","C"
"4","Trait5","FASTmrMLM","PstI.TP1035670","7","59054724","-1.461e-05","0.0032","C"
"4","Trait5","FASTmrMLM","NsiI.TP391649","7","59055541","0.1121","0.7149","C"
"4","Trait5","FASTmrMLM","PstI.TP748629","7","59056781","2.0801e-05","0.0046","A"
"4","Trait5","FASTmrMLM","NsiI.TP830101","7","59062333","-0.0877","0.8758","G"
"4","Trait5","FASTmrMLM","NsiI.TP562566","7","59064166","-4.8857e-07","1e-04","A"
"4","Trait5","FASTmrMLM","NsiI.TP829500","7","59064484","-3.8465e-06","8e-04","C"
"4","Trait5","FASTmrMLM","NsiI.TP283358","7","59084611","-1.4759e-05","0.0032","A"
"4","Trait5","FASTmrMLM","PstI.TP486630","7","59118365","-1.8116e-05","0.004","G"
"4","Trait5","FASTmrMLM","PstI.TP683785","7","59120880","-1.9793e-05","0.0043","A"
"4","Trait5","FASTmrMLM","NsiI.TP123858","7","59134535","0.0244","0.3604","A"
"4","Trait5","FASTmrMLM","NsiI.TP70557","7","59141689","0.1398","0.6137","A"
"4","Trait5","FASTmrMLM","PstI.TP799583","7","59177504","-2.1002e-05","0.0046","C"
"4","Trait5","FASTmrMLM","PstI.TP1033295","7","59177533","-0.0348","0.3898","C"
"4","Trait5","FASTmrMLM","PstI.TP1241013","7","59177544","0.3185","2.0324","A"
"4","Trait5","FASTmrMLM","NsiI.TP737997","7","59215280","-0.0491","0.2199","C"
"4","Trait5","FASTmrMLM","NsiI.TP623870","7","59224628","0.1174","1.2391","A"
"4","Trait5","FASTmrMLM","NsiI.TP499780","7","59224983","2.5707e-05","0.0056","A"
"4","Trait5","FASTmrMLM","PstI.TP113627","7","59244287","-4.2326e-05","0.0093","A"
"4","Trait5","FASTmrMLM","NsiI.TP766552","7","59244968","-3.3504e-06","7e-04","C"
"4","Trait5","FASTmrMLM","PstI.TP68223","7","59248949","2.1097e-06","5e-04","A"
"4","Trait5","FASTmrMLM","NsiI.TP554810","7","59256576","1.0197e-05","0.0022","C"
"4","Trait5","FASTmrMLM","NsiI.TP144859","7","59278722","-4.3468e-06","9e-04","C"
"4","Trait5","FASTmrMLM","NsiI.TP124287","7","59312232","-1.2858e-05","0.0028","A"
"4","Trait5","FASTmrMLM","NsiI.TP269983","7","59312249","-5.907e-06","0.0013","C"
"4","Trait5","FASTmrMLM","PstI.TP628049","7","59389398","0.0919","0.5346","G"
"4","Trait5","FASTmrMLM","PstI.TP643020","7","59404074","0.0434","0.384","C"
"4","Trait5","FASTmrMLM","NsiI.TP534927","7","59412485","1.4305e-05","0.0031","G"
"4","Trait5","FASTmrMLM","GFk35ctg648025_353","7","59425994","1.2735e-05","0.0028","A"
"4","Trait5","FASTmrMLM","PstI.TP918435","7","59430806","-0.2447","1.9338","A"
"4","Trait5","FASTmrMLM","NsiI.TP364834","7","59457867","-0.0708","0.564","A"
"4","Trait5","FASTmrMLM","PstI.TP973796","7","59458876","5.957e-06","0.0013","A"
"4","Trait5","FASTmrMLM","PstI.TP1262139","7","59498480","1.255e-05","0.0027","A"
"4","Trait5","FASTmrMLM","NsiI.TP470567","7","59511802","-4.3743e-06","0.001","G"
"4","Trait5","FASTmrMLM","NsiI.TP556252","7","59512838","2.9276e-05","0.006","A"
"4","Trait5","FASTmrMLM","PstI.TP488970","7","59514670","0.1507","0.7935","C"
"4","Trait5","FASTmrMLM","PstI.TP312554","7","59519130","2.9225e-05","0.0064","A"
"4","Trait5","FASTmrMLM","PstI.TP1159603","7","59528202","-1.0133e-05","0.0022","A"
"4","Trait5","FASTmrMLM","NsiI.TP471509","7","59529100","-8.5083e-06","0.0019","C"
"4","Trait5","FASTmrMLM","PstI.TP525683","7","59541764","4.6894e-06","0.001","A"
"4","Trait5","FASTmrMLM","PstI.TP778693","7","59556998","-1.3664e-05","0.003","C"
"4","Trait5","FASTmrMLM","PstI.TP39263","7","59558295","6.2936e-06","0.0014","A"
"4","Trait5","FASTmrMLM","PstI.TP1287869","7","59558537","-2.2763e-05","0.005","C"
"4","Trait5","FASTmrMLM","PstI.TP86735","7","59567585","-0.0718","0.3538","A"
"4","Trait5","FASTmrMLM","NsiI.TP244525","7","59589584","0.1009","0.4468","C"
"4","Trait5","FASTmrMLM","NsiI.TP441490","7","59592830","3.3214e-05","0.0073","C"
"4","Trait5","FASTmrMLM","NsiI.TP470250","7","59593272","1.587e-05","0.0035","A"
"4","Trait5","FASTmrMLM","NsiI.TP641514","7","59609216","1.6346e-05","0.0036","C"
"4","Trait5","FASTmrMLM","NsiI.TP649966","7","59633633","0.1399","0.7765","A"
"4","Trait5","FASTmrMLM","NsiI.TP628872","7","59653460","3.3571e-05","0.0074","A"
"4","Trait5","FASTmrMLM","NsiI.TP735491","7","59667638","-7.345e-06","0.0016","A"
"4","Trait5","FASTmrMLM","PstI.TP953640","7","59672491","4.0176e-06","9e-04","A"
"4","Trait5","FASTmrMLM","PstI.TP953477","7","59672539","0.0104","0.1636","C"
"4","Trait5","FASTmrMLM","PstI.TP1027445","7","59682194","0.0725","0.6596","A"
"4","Trait5","FASTmrMLM","PstI.TP1027446","7","59682207","-0.0502","0.3238","C"
"4","Trait5","FASTmrMLM","PstI.TP1027438","7","59682242","-1.4396e-05","0.0031","C"
"4","Trait5","FASTmrMLM","PstI.TP871773","7","59683171","-1.0708e-05","0.0023","C"
"4","Trait5","FASTmrMLM","NsiI.TP201900","7","59739247","1.8817e-05","0.0041","C"
"4","Trait5","FASTmrMLM","NsiI.TP201899","7","59739252","8.4537e-06","0.0018","C"
"4","Trait5","FASTmrMLM","PstI.TP177009","7","59744545","1.4487e-05","0.0032","A"
"4","Trait5","FASTmrMLM","NsiI.TP216417","7","59750308","-1.2035e-05","0.0026","G"
"4","Trait5","FASTmrMLM","PstI.TP68744","7","59752869","1.2295e-05","0.0027","A"
"4","Trait5","FASTmrMLM","PstI.TP1022732","7","59785708","8.7643e-07","2e-04","A"
"4","Trait5","FASTmrMLM","PstI.TP605948","7","59802366","-0.1265","0.8217","A"
"4","Trait5","FASTmrMLM","PstI.TP90331","7","59803308","1.7271e-05","0.0038","A"
"4","Trait5","FASTmrMLM","PstI.TP290738","7","59825579","-1.8173e-05","0.004","C"
"4","Trait5","FASTmrMLM","PstI.TP543989","7","59827838","-9.8468e-06","0.0021","A"
"4","Trait5","FASTmrMLM","PstI.TP13666","7","59849546","-8.2783e-06","0.0018","A"
"4","Trait5","FASTmrMLM","GFSSContig18052_1167","7","59859208","-0.0942","0.4355","T"
"4","Trait5","FASTmrMLM","NsiI.TP753390","7","59900776","-1.4392e-05","0.0031","A"
"4","Trait5","FASTmrMLM","NsiI.TP380750","7","59931296","2.123e-05","0.0046","C"
"4","Trait5","FASTmrMLM","NsiI.TP338604","7","59944646","1.5134e-05","0.0033","G"
"4","Trait5","FASTmrMLM","PstI.TP1022641","7","59945448","-2.1367e-05","0.0047","A"
"4","Trait5","FASTmrMLM","PstI.TP1022640","7","59945466","1.0606e-05","0.0023","A"
"4","Trait5","FASTmrMLM","PstI.TP285646","7","59945480","-2e-04","0.0142","C"
"4","Trait5","FASTmrMLM","PstI.TP990989","7","59970444","-7.0457e-06","0.0015","C"
"4","Trait5","FASTmrMLM","PstI.TP1234839","7","59971069","-2.7014e-05","0.0059","A"
"4","Trait5","FASTmrMLM","NsiI.TP493682","7","59972191","-0.0925","1.4157","A"
"4","Trait5","FASTmrMLM","NsiI.TP436828","7","59977729","1.2066e-05","0.0026","C"
"4","Trait5","FASTmrMLM","PstI.TP806019","7","59977734","-6.3478e-06","0.0014","A"
"4","Trait5","FASTmrMLM","PstI.TP806020","7","59977749","-0.1539","0.6681","A"
"4","Trait5","FASTmrMLM","PstI.TP132153","7","59986710","0.0396","0.3559","A"
"4","Trait5","FASTmrMLM","PstI.TP544110","7","59986998","-4.6894e-06","0.001","A"
"4","Trait5","FASTmrMLM","PstI.TP964648","7","60011939","2.5903e-05","0.0057","C"
"4","Trait5","FASTmrMLM","PstI.TP622431","7","60027444","-0.0176","0.2292","C"
"4","Trait5","FASTmrMLM","NsiI.TP415728","7","60028222","-3.0046e-05","0.0066","A"
"4","Trait5","FASTmrMLM","PstI.TP920681","7","60036755","-4.091e-05","0.009","A"
"4","Trait5","FASTmrMLM","PstI.TP855773","7","60046043","2.3488e-05","0.0051","A"
"4","Trait5","FASTmrMLM","PstI.TP345161","7","60104752","-7.1484e-06","0.0016","A"
"4","Trait5","FASTmrMLM","PstI.TP535050","7","60105007","2.3285e-06","5e-04","A"
"4","Trait5","FASTmrMLM","PstI.TP898065","7","60146587","-0.0731","0.578","C"
"4","Trait5","FASTmrMLM","NsiI.TP371392","7","60147605","2.1188e-05","0.0046","A"
"4","Trait5","FASTmrMLM","NsiI.TP10980","7","60171001","2.2582e-05","0.0049","A"
"4","Trait5","FASTmrMLM","NsiI.TP427864","7","60174590","-0.0228","0.2517","G"
"4","Trait5","FASTmrMLM","PstI.TP577702","7","60177130","8.3255e-06","0.0018","C"
"4","Trait5","FASTmrMLM","PstI.TP780069","7","60189505","-9.0292e-06","0.002","A"
"4","Trait5","FASTmrMLM","PstI.TP1251115","7","60189734","-9.9288e-06","0.0022","A"
"4","Trait5","FASTmrMLM","PstI.TP534885","7","60189766","-0.0092","0.1672","C"
"4","Trait5","FASTmrMLM","NsiI.TP438738","7","60211072","0.0092","0.145","C"
"4","Trait5","FASTmrMLM","PstI.TP1015272","7","60211549","0.148","1.2021","G"
"4","Trait5","FASTmrMLM","NsiI.TP466674","7","60213549","2.9896e-06","7e-04","A"
"4","Trait5","FASTmrMLM","PstI.TP355903","7","60227274","-7.185e-06","0.0016","A"
"4","Trait5","FASTmrMLM","PstI.TP393128","7","60228191","-0.0989","0.3958","C"
"4","Trait5","FASTmrMLM","PstI.TP856277","7","60248536","-3.7856e-06","8e-04","G"
"4","Trait5","FASTmrMLM","NsiI.TP620627","7","60248640","-1.0377e-05","0.0023","A"
"4","Trait5","FASTmrMLM","NsiI.TP687921","7","60250138","1.5921e-05","0.0035","A"
"4","Trait5","FASTmrMLM","PstI.TP128737","7","60263902","2.3329e-06","5e-04","G"
"4","Trait5","FASTmrMLM","PstI.TP364124","7","60271640","4.6396e-06","0.001","G"
"4","Trait5","FASTmrMLM","PstI.TP945872","7","60295761","-1.1503e-05","0.0025","G"
"4","Trait5","FASTmrMLM","PstI.TP1135700","7","60388517","-1.6015e-05","0.0035","C"
"4","Trait5","FASTmrMLM","NsiI.TP184013","7","60389409","-4.0729e-07","8.8638e-05","C"
"4","Trait5","FASTmrMLM","PstI.TP385006","7","60397799","-7.8411e-06","0.0017","C"
"4","Trait5","FASTmrMLM","PstI.TP630827","7","60398016","0.0582","0.6195","C"
"4","Trait5","FASTmrMLM","NsiI.TP374199","7","60453634","-2.24e-05","0.0049","G"
"4","Trait5","FASTmrMLM","NsiI.TP328684","7","60454264","-0.1024","0.7994","A"
"4","Trait5","FASTmrMLM","NsiI.TP503474","7","60458156","-6.4766e-06","0.0014","C"
"4","Trait5","FASTmrMLM","PstI.TP597899","7","60464166","-5.7943e-06","0.0013","C"
"4","Trait5","FASTmrMLM","PstI.TP868115","7","60464262","0.3393","2.0552","A"
"4","Trait5","FASTmrMLM","NsiI.TP462648","7","60470338","-0.0345","0.342","C"
"4","Trait5","FASTmrMLM","NsiI.TP666506","7","60526773","9.5362e-06","0.0021","A"
"4","Trait5","FASTmrMLM","NsiI.TP666511","7","60526787","0.054","0.3679","C"
"4","Trait5","FASTmrMLM","PstI.TP683429","7","60598528","1.6322e-05","0.0036","A"
"4","Trait5","FASTmrMLM","PstI.TP681978","7","60598598","-2.6575e-05","0.0058","C"
"4","Trait5","FASTmrMLM","NsiI.TP431873","7","60641707","-6.4715e-06","0.0014","C"
"4","Trait5","FASTmrMLM","PstI.TP791692","7","60643897","1.8114e-05","0.004","C"
"4","Trait5","FASTmrMLM","NsiI.TP15360","7","60668804","2.1265e-06","5e-04","G"
"4","Trait5","FASTmrMLM","PstI.TP544830","7","60675631","0.0116","0.1524","A"
"4","Trait5","FASTmrMLM","GFSSContig18799_764","7","60681019","-0.0186","0.1227","A"
"4","Trait5","FASTmrMLM","PstI.TP713994","7","60699922","-3.6589e-05","0.008","C"
"4","Trait5","FASTmrMLM","PstI.TP929954","7","60756603","0.0734","0.8163","C"
"4","Trait5","FASTmrMLM","NsiI.TP24323","7","60763690","0.0926","0.7693","C"
"4","Trait5","FASTmrMLM","NsiI.TP86013","7","60786487","0.0501","0.5363","A"
"4","Trait5","FASTmrMLM","PstI.TP117811","7","60820156","-1.2387e-05","0.0027","A"
"4","Trait5","FASTmrMLM","PstI.TP176210","7","60820249","-1.9712e-05","0.0043","C"
"4","Trait5","FASTmrMLM","NsiI.TP241650","7","60822403","0.1084","0.6295","C"
"4","Trait5","FASTmrMLM","NsiI.TP241648","7","60822434","0.0766","0.5287","C"
"4","Trait5","FASTmrMLM","NsiI.TP78149","7","60848651","-1.9983e-06","4e-04","A"
"4","Trait5","FASTmrMLM","PstI.TP811219","7","60849704","3.3514e-05","0.0074","A"
"4","Trait5","FASTmrMLM","PstI.TP751820","7","60849775","9.5881e-06","0.0021","C"
"4","Trait5","FASTmrMLM","PstI.TP693975","7","60850221","-1.4775e-05","0.0032","A"
"4","Trait5","FASTmrMLM","PstI.TP117898","7","60858193","0.0297","0.3237","C"
"4","Trait5","FASTmrMLM","NsiI.TP404460","7","60859940","1.9823e-05","0.0043","A"
"4","Trait5","FASTmrMLM","GFSSContig18994_311","7","60872367","-2.955e-06","6e-04","A"
"4","Trait5","FASTmrMLM","NsiI.TP764522","7","60882296","-7.3907e-06","0.0016","C"
"4","Trait5","FASTmrMLM","PstI.TP737966","7","60883367","0.0633","0.5118","A"
"4","Trait5","FASTmrMLM","PstI.TP737968","7","60883389","4.1349e-05","0.0091","A"
"4","Trait5","FASTmrMLM","NsiI.TP723734","7","60927387","1.4604e-05","0.0032","A"
"4","Trait5","FASTmrMLM","PstI.TP195822","7","60945564","-9.2123e-06","0.002","A"
"4","Trait5","FASTmrMLM","PstI.TP507771","7","60945817","8.6954e-06","0.0019","C"
"4","Trait5","FASTmrMLM","NsiI.TP270280","7","60957592","-5.0793e-06","0.0011","C"
"4","Trait5","FASTmrMLM","PstI.TP862169","7","60979712","1.9798e-05","0.0043","A"
"4","Trait5","FASTmrMLM","NsiI.TP14349","7","61007185","0.0743","0.6391","A"
"4","Trait5","FASTmrMLM","PstI.TP939255","7","61030767","-3e-04","0.0159","C"
"4","Trait5","FASTmrMLM","NsiI.TP533562","7","61030798","4.606e-05","0.0101","C"
"4","Trait5","FASTmrMLM","PstI.TP1214350","7","61060930","0.0315","0.2822","A"
"4","Trait5","FASTmrMLM","PstI.TP1151420","7","61070494","-0.1451","0.7787","C"
"4","Trait5","FASTmrMLM","NsiI.TP406584","7","61077834","0.0097","0.1418","C"
"4","Trait5","FASTmrMLM","PstI.TP595821","7","61081873","-5.302e-06","0.0012","G"
"4","Trait5","FASTmrMLM","PstI.TP1095090","7","61081987","1.0342e-05","0.0023","C"
"4","Trait5","FASTmrMLM","NsiI.TP718999","7","61082635","-0.0562","0.4374","A"
"4","Trait5","FASTmrMLM","PstI.TP79964","7","61089423","-2.6934e-06","6e-04","C"
"4","Trait5","FASTmrMLM","NsiI.TP59148","7","61109311","-0.104","0.5452","A"
"4","Trait5","FASTmrMLM","PstI.TP1113486","7","61111271","-6.6451e-07","1e-04","A"
"4","Trait5","FASTmrMLM","NsiI.TP457913","7","61111340","-7.8694e-06","0.0017","C"
"4","Trait5","FASTmrMLM","NsiI.TP500961","7","61111458","2.5303e-05","0.0055","C"
"4","Trait5","FASTmrMLM","NsiI.TP452094","7","61112576","1.5875e-05","0.0035","G"
"4","Trait5","FASTmrMLM","PstI.TP641895","7","61137103","-1.4443e-05","0.0032","C"
"4","Trait5","FASTmrMLM","NsiI.TP818956","7","61141558","0.1103","0.6502","G"
"4","Trait5","FASTmrMLM","PstI.TP940968","7","61142166","0.2372","0.861","A"
"4","Trait5","FASTmrMLM","NsiI.TP274146","7","61147472","-0.0943","0.6191","C"
"4","Trait5","FASTmrMLM","PstI.TP195797","7","61163063","-4.1608e-07","9.0554e-05","A"
"4","Trait5","FASTmrMLM","PstI.TP954037","7","61167285","7.0405e-06","0.0015","C"
"4","Trait5","FASTmrMLM","NsiI.TP525477","7","61208838","-0.0689","0.4443","A"
"4","Trait5","FASTmrMLM","PstI.TP169762","7","61212199","1.6057e-05","0.0035","C"
"4","Trait5","FASTmrMLM","NsiI.TP577131","7","61216038","8.8438e-06","0.0019","A"
"4","Trait5","FASTmrMLM","NsiI.TP685823","7","61226735","8.2609e-07","2e-04","A"
"4","Trait5","FASTmrMLM","PstI.TP530077","7","61233587","-2.2209e-06","5e-04","C"
"4","Trait5","FASTmrMLM","PstI.TP638532","7","61268472","-0.2658","1.8807","A"
"4","Trait5","FASTmrMLM","NsiI.TP590314","7","61269970","2.1915e-05","0.0048","A"
"4","Trait5","FASTmrMLM","PstI.TP716538","7","61274322","-5.6513e-06","0.0012","C"
"4","Trait5","FASTmrMLM","NsiI.TP162754","7","61283335","0.2507","0.6967","A"
"4","Trait5","FASTmrMLM","PstI.TP616981","7","61366988","1.421e-05","0.0031","C"
"4","Trait5","FASTmrMLM","PstI.TP510665","7","61380291","0.1858","0.644","A"
"4","Trait5","FASTmrMLM","PstI.TP905958","7","61390457","-2.5574e-05","0.0056","C"
"4","Trait5","FASTmrMLM","NsiI.TP555117","7","61397592","-4.1154e-06","9e-04","C"
"4","Trait5","FASTmrMLM","PstI.TP1274931","7","61404400","3.0549e-05","0.0067","A"
"4","Trait5","FASTmrMLM","NsiI.TP477964","7","61407388","1.5563e-05","0.0034","G"
"4","Trait5","FASTmrMLM","PstI.TP337718","7","61408443","0.0361","0.4443","A"
"4","Trait5","FASTmrMLM","NsiI.TP439307","7","61419849","4.2291e-06","9e-04","G"
"4","Trait5","FASTmrMLM","PstI.TP1171876","7","61425666","-7.4781e-07","2e-04","A"
"4","Trait5","FASTmrMLM","PstI.TP244410","7","61435906","-0.0504","0.2791","C"
"4","Trait5","FASTmrMLM","PstI.TP139310","7","61471163","-1.1846e-05","0.0026","A"
"4","Trait5","FASTmrMLM","PstI.TP344899","7","61484903","-2.1809e-05","0.0048","C"
"4","Trait5","FASTmrMLM","NsiI.TP511059","7","61487480","2.1981e-05","0.0048","C"
"4","Trait5","FASTmrMLM","PstI.TP44037","7","61502693","-6.2333e-06","0.0014","A"
"4","Trait5","FASTmrMLM","PstI.TP1103713","7","61506813","0.0547","0.6439","A"
"4","Trait5","FASTmrMLM","PstI.TP812672","7","61524159","-2.3245e-06","5e-04","A"
"4","Trait5","FASTmrMLM","PstI.TP868312","7","61529395","4.2896e-07","9.3361e-05","C"
"4","Trait5","FASTmrMLM","PstI.TP927042","7","61530514","1.4804e-05","0.0032","A"
"4","Trait5","FASTmrMLM","NsiI.TP164128","7","61541744","-0.065","0.5727","C"
"4","Trait5","FASTmrMLM","PstI.TP890805","7","61659863","-0.0479","0.5946","C"
"4","Trait5","FASTmrMLM","PstI.TP1004796","7","61672859","-1.1514e-05","0.0025","A"
"4","Trait5","FASTmrMLM","PstI.TP1183327","7","61677029","0.1678","0.7309","A"
"4","Trait5","FASTmrMLM","NsiI.TP557668","7","61677173","1.6848e-05","0.0037","C"
"4","Trait5","FASTmrMLM","NsiI.TP758054","7","61677217","-2.3209e-05","0.0051","A"
"4","Trait5","FASTmrMLM","PstI.TP738055","7","61683923","-2.039e-05","0.0045","C"
"4","Trait5","FASTmrMLM","PstI.TP1155358","7","61684580","-2.2511e-05","0.0049","C"
"4","Trait5","FASTmrMLM","NsiI.TP573856","7","61702041","1.2566e-05","0.0027","G"
"4","Trait5","FASTmrMLM","NsiI.TP766057","7","61710211","-0.1612","1.1278","A"
"4","Trait5","FASTmrMLM","GFSSContig8643_492","7","61711565","1.8477e-05","0.004","A"
"4","Trait5","FASTmrMLM","NsiI.TP756863","7","61751368","9.746e-06","0.0021","A"
"4","Trait5","FASTmrMLM","PstI.TP637513","7","61758322","-0.0806","0.8488","C"
"4","Trait5","FASTmrMLM","PstI.TP1056511","7","61774591","-4.8854e-07","1e-04","C"
"4","Trait5","FASTmrMLM","PstI.TP515294","7","61776176","9.4588e-06","0.0021","A"
"4","Trait5","FASTmrMLM","PstI.TP515295","7","61776197","-2.1922e-06","5e-04","C"
"4","Trait5","FASTmrMLM","PstI.TP946951","7","61799723","-0.2968","1.6598","C"
"4","Trait5","FASTmrMLM","PstI.TP1278819","7","61813699","-1.5102e-05","0.0033","C"
"4","Trait5","FASTmrMLM","PstI.TP1278820","7","61813715","-4.8302e-06","0.0011","C"
"4","Trait5","FASTmrMLM","NsiI.TP467361","7","61840286","8.6577e-06","0.0019","C"
"4","Trait5","FASTmrMLM","NsiI.TP436962","7","61863894","0.062","0.2392","A"
"4","Trait5","FASTmrMLM","NsiI.TP441283","7","61864491","3.2476e-05","0.0063","C"
"4","Trait5","FASTmrMLM","PstI.TP1064537","7","61871668","1.1569e-05","0.0025","C"
"4","Trait5","FASTmrMLM","PstI.TP810944","7","61876950","6.3016e-08","1.3717e-05","C"
"4","Trait5","FASTmrMLM","PstI.TP202537","7","61951696","0.0429","0.2485","A"
"4","Trait5","FASTmrMLM","PstI.TP133617","7","61951755","9.4765e-07","2e-04","A"
"4","Trait5","FASTmrMLM","PstI.TP681964","7","61958235","4.9505e-06","0.0011","C"
"4","Trait5","FASTmrMLM","PstI.TP152700","7","61976017","-0.0045","0.1092","C"
"4","Trait5","FASTmrMLM","PstI.TP877723","7","61990259","-1.8528e-05","0.0041","C"
"4","Trait5","FASTmrMLM","PstI.TP877722","7","61990281","9.8482e-07","2e-04","G"
"4","Trait5","FASTmrMLM","PstI.TP372436","7","61991133","2.7992e-05","0.0061","C"
"4","Trait5","FASTmrMLM","PstI.TP483278","7","61991444","0.0184","0.2468","G"
"4","Trait5","FASTmrMLM","NsiI.TP703103","7","61993694","2.4426e-05","0.0053","A"
"4","Trait5","FASTmrMLM","PstI.TP77161","7","62007705","-9.8923e-06","0.0022","A"
"4","Trait5","FASTmrMLM","PstI.TP1158956","7","62010736","2.0583e-05","0.0045","A"
"4","Trait5","FASTmrMLM","PstI.TP862004","7","62011344","-8.5128e-06","0.0019","A"
"4","Trait5","FASTmrMLM","NsiI.TP631604","7","62023275","-3.7983e-08","8.2657e-06","A"
"4","Trait5","FASTmrMLM","NsiI.TP676974","7","62034862","0.0495","0.7109","A"
"4","Trait5","FASTmrMLM","PstI.TP167190","7","62053736","2.9082e-06","6e-04","C"
"4","Trait5","FASTmrMLM","NsiI.TP662406","7","62055550","0.1878","1.399","C"
"4","Trait5","FASTmrMLM","PstI.TP1108598","7","62058332","9.087e-06","0.002","A"
"4","Trait5","FASTmrMLM","NsiI.TP375631","7","62067548","-3.7078e-05","0.0081","A"
"4","Trait5","FASTmrMLM","PstI.TP1068347","7","62120815","-0.0309","0.2709","A"
"4","Trait5","FASTmrMLM","NsiI.TP204532","7","62126624","-1.7654e-05","0.0039","C"
"4","Trait5","FASTmrMLM","NsiI.TP204506","7","62126630","-5.6557e-06","0.0012","A"
"4","Trait5","FASTmrMLM","PstI.TP801619","7","62135290","2.2286e-05","0.0049","A"
"4","Trait5","FASTmrMLM","PstI.TP1012960","7","62157197","1.5539e-05","0.0034","A"
"4","Trait5","FASTmrMLM","PstI.TP104754","7","62160006","-2.6958e-06","6e-04","A"
"4","Trait5","FASTmrMLM","PstI.TP75114","7","62191262","1.3196e-05","0.0029","G"
"4","Trait5","FASTmrMLM","PstI.TP972470","7","62197695","0.1786","1.4853","A"
"4","Trait5","FASTmrMLM","NsiI.TP40402","7","62207879","-0.0399","0.4389","A"
"4","Trait5","FASTmrMLM","NsiI.TP85455","7","62207996","-1.9828e-05","0.0043","A"
"4","Trait5","FASTmrMLM","NsiI.TP123377","7","62208476","1.5109e-05","0.0033","C"
"4","Trait5","FASTmrMLM","NsiI.TP331619","7","62232374","-2.4115e-05","0.0053","A"
"4","Trait5","FASTmrMLM","PstI.TP36233","7","62232379","-1.5923e-05","0.0035","A"
"4","Trait5","FASTmrMLM","NsiI.TP480124","7","62254344","2.3677e-05","0.0052","G"
"4","Trait5","FASTmrMLM","NsiI.TP809755","7","62255010","-1.4659e-05","0.0032","C"
"4","Trait5","FASTmrMLM","NsiI.TP409780","7","62261032","-8.8994e-07","2e-04","A"
"4","Trait5","FASTmrMLM","NsiI.TP643527","7","62274730","1.6746e-05","0.0037","C"
"4","Trait5","FASTmrMLM","PstI.TP696674","7","62275424","0.018","0.149","C"
"4","Trait5","FASTmrMLM","NsiI.TP571352","7","62275992","5.7008e-06","0.0012","A"
"4","Trait5","FASTmrMLM","PstI.TP1036644","7","62276526","-1.3289e-05","0.0029","A"
"4","Trait5","FASTmrMLM","NsiI.TP280405","7","62276910","5.3423e-06","0.0012","C"
"4","Trait5","FASTmrMLM","NsiI.TP160913","7","62277250","2.8391e-06","6e-04","G"
"4","Trait5","FASTmrMLM","GFSSContig16609_920","7","62292107","-2e-04","0.0151","T"
"4","Trait5","FASTmrMLM","PstI.TP1165782","7","62294402","1.5255e-05","0.0033","C"
"4","Trait5","FASTmrMLM","NsiI.TP167355","7","62310552","-0.0064","0.0647","C"
"4","Trait5","FASTmrMLM","NsiI.TP715258","7","62318365","-1.1996e-05","0.0026","A"
"4","Trait5","FASTmrMLM","PstI.TP1042853","7","62319934","9.6508e-06","0.0021","A"
"4","Trait5","FASTmrMLM","PstI.TP1019265","7","62320408","1.29e-05","0.0028","C"
"4","Trait5","FASTmrMLM","PstI.TP175766","7","62320486","0.1447","1.0687","G"
"4","Trait5","FASTmrMLM","PstI.TP530402","7","62371410","0.0583","0.3974","A"
"4","Trait5","FASTmrMLM","NsiI.TP456171","7","62372028","-1.6117e-05","0.0035","C"
"4","Trait5","FASTmrMLM","PstI.TP1272574","7","62373472","-1.2842e-06","3e-04","A"
"4","Trait5","FASTmrMLM","PstI.TP235061","7","62394616","2.5213e-05","0.0055","C"
"4","Trait5","FASTmrMLM","PstI.TP235062","7","62394665","0.0316","0.4721","C"
"4","Trait5","FASTmrMLM","NsiI.TP248464","7","62394840","-1.1059e-05","0.0024","A"
"4","Trait5","FASTmrMLM","PstI.TP123741","7","62401761","-1.8186e-05","0.004","C"
"4","Trait5","FASTmrMLM","PstI.TP175816","7","62405249","-1.2779e-05","0.0028","C"
"4","Trait5","FASTmrMLM","NsiI.TP534847","7","62418546","7.3067e-06","0.0016","A"
"4","Trait5","FASTmrMLM","NsiI.TP601984","7","62422917","-5.9697e-06","0.0013","C"
"4","Trait5","FASTmrMLM","NsiI.TP729034","7","62472151","-7.5263e-06","0.0016","C"
"4","Trait5","FASTmrMLM","PstI.TP419897","7","62489480","5.0903e-06","0.0011","G"
"4","Trait5","FASTmrMLM","PstI.TP116046","7","62490129","0.0659","0.5464","A"
"4","Trait5","FASTmrMLM","PstI.TP544436","7","62494319","1.0681e-05","0.0023","G"
"4","Trait5","FASTmrMLM","NsiI.TP344191","7","62595703","-0.0172","0.1294","G"
"4","Trait5","FASTmrMLM","PstI.TP784046","7","62598267","-1.5575e-05","0.0034","A"
"4","Trait5","FASTmrMLM","PstI.TP768741","7","62606511","3e-04","0.0146","G"
"4","Trait5","FASTmrMLM","NsiI.TP432237","7","62615093","2.7484e-05","0.006","C"
"4","Trait5","FASTmrMLM","NsiI.TP422354","7","62617991","1.6857e-05","0.0037","A"
"4","Trait5","FASTmrMLM","NsiI.TP450695","7","62633905","1.438e-05","0.0031","A"
"4","Trait5","FASTmrMLM","NsiI.TP450839","7","62633956","-3.4765e-05","0.0076","C"
"4","Trait5","FASTmrMLM","NsiI.TP246788","7","62644166","-2.3532e-06","5e-04","C"
"4","Trait5","FASTmrMLM","PstI.TP1059637","7","62666562","-0.1592","1.7572","G"
"4","Trait5","FASTmrMLM","PstI.TP43769","7","62666670","0.104","0.7231","G"
"4","Trait5","FASTmrMLM","PstI.TP719780","7","62671594","0.0013","0.0351","C"
"4","Trait5","FASTmrMLM","PstI.TP174694","7","62702371","1.4695e-05","0.0032","A"
"4","Trait5","FASTmrMLM","PstI.TP378769","7","62720950","2e-04","0.0128","C"
"4","Trait5","FASTmrMLM","NsiI.TP825779","7","62721059","-1.1413e-05","0.0025","C"
"4","Trait5","FASTmrMLM","PstI.TP71671","7","62722352","-1.328e-05","0.0029","A"
"4","Trait5","FASTmrMLM","NsiI.TP547776","7","62746195","0.0232","0.3704","A"
"4","Trait5","FASTmrMLM","NsiI.TP179643","7","62773912","1.1095e-06","2e-04","C"
"4","Trait5","FASTmrMLM","PstI.TP700927","7","62831400","3.5233e-05","0.006","A"
"4","Trait5","FASTmrMLM","PstI.TP927961","7","62832456","2.2484e-05","0.0049","G"
"4","Trait5","FASTmrMLM","NsiI.TP632871","7","62841691","-1.2989e-05","0.0028","A"
"4","Trait5","FASTmrMLM","NsiI.TP441346","7","62861283","-1.6265e-05","0.0036","C"
"4","Trait5","FASTmrMLM","PstI.TP1228116","7","62882618","1.5684e-05","0.0034","C"
"4","Trait5","FASTmrMLM","NsiI.TP621902","7","62903684","-2.3477e-06","5e-04","A"
"4","Trait5","FASTmrMLM","PstI.TP96259","7","62904480","-1.8175e-05","0.004","A"
"4","Trait5","FASTmrMLM","NsiI.TP499993","7","62913963","0.0961","0.7877","A"
"4","Trait5","FASTmrMLM","PstI.TP929811","7","62914025","-1.8474e-05","0.004","G"
"4","Trait5","FASTmrMLM","NsiI.TP668140","7","62916182","-2.789e-05","0.0061","A"
"4","Trait5","FASTmrMLM","NsiI.TP558760","7","62957243","-1.4335e-05","0.0031","C"
"4","Trait5","FASTmrMLM","PstI.TP522215","7","62960479","0.0648","0.8427","C"
"4","Trait5","FASTmrMLM","NsiI.TP744257","7","62971104","2.1873e-06","5e-04","A"
"4","Trait5","FASTmrMLM","PstI.TP998392","7","62975949","-4.6646e-05","0.0103","C"
"4","Trait5","FASTmrMLM","NsiI.TP233599","7","62979220","0.01","0.1414","A"
"4","Trait5","FASTmrMLM","PstI.TP619768","7","63048502","-5.0457e-06","0.0011","G"
"4","Trait5","FASTmrMLM","PstI.TP908994","7","63048533","0.1417","0.6878","C"
"4","Trait5","FASTmrMLM","PstI.TP31389","7","63065812","6.1171e-06","0.0013","A"
"4","Trait5","FASTmrMLM","NsiI.TP36858","7","63070253","4.3352e-06","9e-04","C"
"4","Trait5","FASTmrMLM","NsiI.TP62479","7","63070283","-1.1864e-05","0.0026","A"
"4","Trait5","FASTmrMLM","NsiI.TP394367","7","63072937","-0.1285","0.6808","G"
"4","Trait5","FASTmrMLM","NsiI.TP615927","7","63073956","0.0493","0.4361","A"
"4","Trait5","FASTmrMLM","PstI.TP12971","7","63081914","-4.1509e-07","9.0354e-05","C"
"4","Trait5","FASTmrMLM","NsiI.TP340134","7","63082166","1.3268e-05","0.0029","C"
"4","Trait5","FASTmrMLM","NsiI.TP269834","7","63113567","2.8053e-05","0.0061","C"
"4","Trait5","FASTmrMLM","PstI.TP1183580","7","63127725","2.2602e-05","0.0049","G"
"4","Trait5","FASTmrMLM","PstI.TP175303","7","63151935","2.7052e-05","0.0059","A"
"4","Trait5","FASTmrMLM","PstI.TP1225727","7","63190971","0.0273","0.3787","C"
"4","Trait5","FASTmrMLM","NsiI.TP627015","7","63220926","5.2297e-06","0.0011","C"
"4","Trait5","FASTmrMLM","PstI.TP852075","7","63221771","-1.061e-05","0.0023","C"
"4","Trait5","FASTmrMLM","PstI.TP587504","7","63222407","-2e-04","0.0122","C"
"4","Trait5","FASTmrMLM","NsiI.TP627366","7","63222583","-0.1041","1.2407","C"
"4","Trait5","FASTmrMLM","PstI.TP180322","7","63225174","-4.3202e-06","9e-04","A"
"4","Trait5","FASTmrMLM","PstI.TP250392","7","63225290","6.6582e-06","0.0015","A"
"4","Trait5","FASTmrMLM","NsiI.TP378253","7","63225298","-1.2716e-05","0.0028","A"
"4","Trait5","FASTmrMLM","NsiI.TP64861","7","63229109","-2.4076e-05","0.0053","A"
"4","Trait5","FASTmrMLM","PstI.TP733717","7","63292349","-1.2306e-05","0.0027","A"
"4","Trait5","FASTmrMLM","PstI.TP418786","7","63307386","8.2046e-06","0.0018","C"
"4","Trait5","FASTmrMLM","PstI.TP307021","7","63314237","2.2382e-05","0.0049","A"
"4","Trait5","FASTmrMLM","PstI.TP669291","7","63322472","-0.0683","0.4335","A"
"4","Trait5","FASTmrMLM","NsiI.TP402696","7","63332379","-7.7452e-06","0.0017","A"
"4","Trait5","FASTmrMLM","PstI.TP196308","7","63372153","-3.8857e-06","8e-04","C"
"4","Trait5","FASTmrMLM","PstI.TP979344","7","63380406","-2.8822e-05","0.0063","C"
"4","Trait5","FASTmrMLM","PstI.TP186657","7","63404265","-7.0839e-07","2e-04","G"
"4","Trait5","FASTmrMLM","PstI.TP428953","7","63406622","1.1465e-05","0.0025","A"
"4","Trait5","FASTmrMLM","PstI.TP361165","7","63446798","1.5226e-05","0.0033","A"
"4","Trait5","FASTmrMLM","PstI.TP535733","7","63452948","-1.1016e-06","2e-04","C"
"4","Trait5","FASTmrMLM","NsiI.TP806213","7","63491736","6.7914e-06","0.0015","C"
"4","Trait5","FASTmrMLM","NsiI.TP172037","7","63511911","-1.5852e-06","3e-04","C"
"4","Trait5","FASTmrMLM","PstI.TP100872","7","63522689","1.5862e-05","0.0035","C"
"4","Trait5","FASTmrMLM","NsiI.TP123140","7","63528899","3e-04","0.0163","A"
"4","Trait5","FASTmrMLM","NsiI.TP38744","7","63536657","0.0307","0.4048","A"
"4","Trait5","FASTmrMLM","NsiI.TP441058","7","63536657","4e-04","0.0184","C"
"4","Trait5","FASTmrMLM","PstI.TP677077","7","63537213","-0.1978","1.22","C"
"4","Trait5","FASTmrMLM","PstI.TP1213704","7","63540574","-0.0736","0.3762","A"
"4","Trait5","FASTmrMLM","NsiI.TP39550","7","63550655","-2.1481e-05","0.0047","A"
"4","Trait5","FASTmrMLM","NsiI.TP57466","7","63556952","1.0815e-05","0.0024","C"
"4","Trait5","FASTmrMLM","NsiI.TP519945","7","63563357","5.9806e-06","0.0013","A"
"4","Trait5","FASTmrMLM","PstI.TP1221188","7","63582423","-3.1059e-05","0.0068","C"
"4","Trait5","FASTmrMLM","PstI.TP670190","7","63604320","1.6703e-05","0.0037","A"
"4","Trait5","FASTmrMLM","PstI.TP143988","7","63604417","1.4968e-05","0.0033","A"
"4","Trait5","FASTmrMLM","NsiI.TP421336","7","63608511","-0.0351","0.4455","A"
"4","Trait5","FASTmrMLM","PstI.TP622318","7","63611772","-0.0844","0.7018","A"
"4","Trait5","FASTmrMLM","PstI.TP770946","7","63612212","1.1924e-06","3e-04","A"
"4","Trait5","FASTmrMLM","PstI.TP777213","7","63617032","-0.0848","0.4716","G"
"4","Trait5","FASTmrMLM","NsiI.TP420312","7","63620394","-2.0536e-05","0.0045","A"
"4","Trait5","FASTmrMLM","NsiI.TP149154","7","63638573","-1.9309e-05","0.0042","C"
"4","Trait5","FASTmrMLM","PstI.TP767870","7","63639615","-2.044e-05","0.0045","A"
"4","Trait5","FASTmrMLM","PstI.TP442367","7","63660913","-0.0277","0.331","G"
"4","Trait5","FASTmrMLM","PstI.TP1109343","7","63682270","-0.1041","0.4359","C"
"4","Trait5","FASTmrMLM","NsiI.TP726969","7","63683749","-0.0622","0.5755","C"
"4","Trait5","FASTmrMLM","NsiI.TP30721","7","63692949","-0.1028","0.6577","A"
"4","Trait5","FASTmrMLM","PstI.TP97145","7","63694613","3.3199e-06","7e-04","C"
"4","Trait5","FASTmrMLM","PstI.TP97147","7","63694630","3.1247e-05","0.0069","G"
"4","Trait5","FASTmrMLM","GFSSContig18109_864","7","63697288","1.2687e-05","0.0028","A"
"4","Trait5","FASTmrMLM","PstI.TP545153","7","63711734","5.6545e-06","0.0012","C"
"4","Trait5","FASTmrMLM","PstI.TP16066","7","63715053","-2.003e-05","0.0044","G"
"4","Trait5","FASTmrMLM","PstI.TP1063266","7","63732338","-3.0496e-05","0.0067","C"
"4","Trait5","FASTmrMLM","NsiI.TP359285","7","63733199","-2.9671e-05","0.0065","C"
"4","Trait5","FASTmrMLM","PstI.TP195962","7","63734553","-3.6605e-06","8e-04","A"
"4","Trait5","FASTmrMLM","NsiI.TP728397","7","63735500","2.4722e-05","0.0054","A"
"4","Trait5","FASTmrMLM","PstI.TP29929","7","63742031","2.7672e-06","6e-04","C"
"4","Trait5","FASTmrMLM","PstI.TP661320","7","63742444","-4e-04","0.0185","C"
"4","Trait5","FASTmrMLM","NsiI.TP204683","7","63746517","4.4511e-06","0.001","A"
"4","Trait5","FASTmrMLM","NsiI.TP748486","7","63746564","9.5704e-06","0.0021","A"
"4","Trait5","FASTmrMLM","PstI.TP416521","7","63746658","-1.676e-05","0.0037","C"
"4","Trait5","FASTmrMLM","PstI.TP370148","7","63756885","-7.1359e-05","0.0081","C"
"4","Trait5","FASTmrMLM","NsiI.TP421280","7","63757956","-1.2202e-05","0.0027","C"
"4","Trait5","FASTmrMLM","NsiI.TP521432","7","63757970","3e-04","0.0166","A"
"4","Trait5","FASTmrMLM","NsiI.TP396267","7","63764542","7.8699e-06","0.0017","C"
"4","Trait5","FASTmrMLM","PstI.TP582556","7","63768946","1.0511e-05","0.0023","A"
"4","Trait5","FASTmrMLM","NsiI.TP8543","7","63770894","-4.2352e-07","9.2172e-05","A"
"4","Trait5","FASTmrMLM","NsiI.TP509771","7","63795912","7.7062e-07","2e-04","A"
"4","Trait5","FASTmrMLM","NsiI.TP746676","7","63800582","0.0154","0.1655","C"
"4","Trait5","FASTmrMLM","PstI.TP292181","7","63803602","-3.593e-06","8e-04","A"
"4","Trait5","FASTmrMLM","NsiI.TP443564","7","63805273","-1.594e-05","0.0035","A"
"4","Trait5","FASTmrMLM","PstI.TP894633","7","63851283","-1.6469e-05","0.0036","G"
"4","Trait5","FASTmrMLM","NsiI.TP118122","7","63855927","0.0423","0.2559","A"
"4","Trait5","FASTmrMLM","PstI.TP125348","7","63881820","-7.8289e-05","0.0087","A"
"4","Trait5","FASTmrMLM","PstI.TP1040833","7","63896724","4.1292e-06","9e-04","A"
"4","Trait5","FASTmrMLM","PstI.TP306048","7","63911751","-3.4635e-06","8e-04","A"
"4","Trait5","FASTmrMLM","PstI.TP1175391","7","63911802","-0.0891","0.3715","A"
"4","Trait5","FASTmrMLM","NsiI.TP320652","7","63936291","1.533e-05","0.0033","C"
"4","Trait5","FASTmrMLM","PstI.TP336967","7","63960044","0.2015","0.7062","C"
"4","Trait5","FASTmrMLM","NsiI.TP115306","7","63989810","9.4078e-06","0.0021","C"
"4","Trait5","FASTmrMLM","PstI.TP234444","7","63993635","-8.4818e-06","0.0019","A"
"4","Trait5","FASTmrMLM","PstI.TP814417","7","63993858","0.1573","1.2286","C"
"4","Trait5","FASTmrMLM","NsiI.TP228172","7","63997711","-0.0178","0.2279","A"
"4","Trait5","FASTmrMLM","NsiI.TP208427","7","64002268","1.1841e-05","0.0026","A"
"4","Trait5","FASTmrMLM","NsiI.TP388807","7","64020446","7.1743e-06","0.0016","C"
"4","Trait5","FASTmrMLM","PstI.TP133639","7","64025573","-0.184","0.8632","C"
"4","Trait5","FASTmrMLM","NsiI.TP520341","7","64051632","0.0995","0.5593","C"
"4","Trait5","FASTmrMLM","NsiI.TP695219","7","64060965","3.0563e-06","7e-04","C"
"4","Trait5","FASTmrMLM","NsiI.TP333672","7","64061849","3.0347e-05","0.0067","C"
"4","Trait5","FASTmrMLM","NsiI.TP572123","7","64064587","-1.1814e-05","0.0026","A"
"4","Trait5","FASTmrMLM","PstI.TP1129550","7","64064610","-1.5021e-05","0.0033","A"
"4","Trait5","FASTmrMLM","PstI.TP757615","7","64070952","6.5086e-06","0.0014","C"
"4","Trait5","FASTmrMLM","PstI.TP932956","7","64071440","-5.8517e-06","0.0013","C"
"4","Trait5","FASTmrMLM","PstI.TP756165","7","64072184","-1.851e-05","0.004","C"
"4","Trait5","FASTmrMLM","PstI.TP1059426","7","64073475","2.1792e-06","5e-04","A"
"4","Trait5","FASTmrMLM","NsiI.TP449489","7","64098895","2.4653e-05","0.0054","C"
"4","Trait5","FASTmrMLM","NsiI.TP833101","7","64098970","1.4389e-05","0.0031","G"
"4","Trait5","FASTmrMLM","PstI.TP1183458","7","64102705","0.0338","0.2808","C"
"4","Trait5","FASTmrMLM","GFSSContig1405_481","7","64118787","-8.7674e-06","0.0019","T"
"4","Trait5","FASTmrMLM","NsiI.TP4948","7","64126283","-2.1199e-05","0.0046","A"
"4","Trait5","FASTmrMLM","NsiI.TP561892","7","64131912","3.7715e-05","0.0083","A"
"4","Trait5","FASTmrMLM","NsiI.TP432746","7","64137311","0.0719","0.2681","A"
"4","Trait5","FASTmrMLM","NsiI.TP752803","7","64142691","-3.0708e-05","0.0067","C"
"4","Trait5","FASTmrMLM","NsiI.TP481436","7","64142755","6.7435e-06","0.0015","A"
"4","Trait5","FASTmrMLM","PstI.TP216792","7","64143020","-3.6544e-06","8e-04","A"
"4","Trait5","FASTmrMLM","NsiI.TP561173","7","64182183","-0.107","0.751","A"
"4","Trait5","FASTmrMLM","PstI.TP834155","7","64193319","6.6775e-06","0.0015","A"
"4","Trait5","FASTmrMLM","GFSSContig13612_465","7","64197614","5.0332e-06","0.0011","T"
"4","Trait5","FASTmrMLM","PstI.TP532330","7","64203986","0.0868","0.8266","A"
"4","Trait5","FASTmrMLM","PstI.TP871926","7","64204163","-8.6793e-06","0.0019","G"
"4","Trait5","FASTmrMLM","PstI.TP105625","7","64210615","0.0416","0.337","C"
"4","Trait5","FASTmrMLM","PstI.TP82727","7","64210634","1.9146e-05","0.0042","G"
"4","Trait5","FASTmrMLM","PstI.TP1016623","7","64210878","-9.0815e-06","0.002","C"
"4","Trait5","FASTmrMLM","PstI.TP1013473","7","64211381","-0.1664","0.5524","A"
"4","Trait5","FASTmrMLM","PstI.TP312567","7","64215545","-0.0121","0.186","A"
"4","Trait5","FASTmrMLM","NsiI.TP555585","7","64220464","2e-07","4.3532e-05","C"
"4","Trait5","FASTmrMLM","PstI.TP292777","7","64227793","6.5219e-05","0.0089","A"
"4","Trait5","FASTmrMLM","NsiI.TP412439","7","64228805","-4.6446e-06","0.001","G"
"4","Trait5","FASTmrMLM","NsiI.TP653777","7","64267370","-1.6395e-05","0.0036","A"
"4","Trait5","FASTmrMLM","PstI.TP245449","7","64290861","-1.5277e-05","0.0033","C"
"4","Trait5","FASTmrMLM","PstI.TP687359","7","64303520","0.0063","0.1224","A"
"4","Trait5","FASTmrMLM","NsiI.TP356096","7","64308526","1.3619e-05","0.003","C"
"4","Trait5","FASTmrMLM","PstI.TP1207293","7","64314130","0.0934","0.8651","C"
"4","Trait5","FASTmrMLM","PstI.TP847211","7","64315939","-0.0214","0.3235","A"
"4","Trait5","FASTmrMLM","NsiI.TP406078","7","64325834","2.3921e-05","0.0052","A"
"4","Trait5","FASTmrMLM","NsiI.TP3207","7","64348054","1.2812e-05","0.0028","A"
"4","Trait5","FASTmrMLM","PstI.TP383122","7","64348908","-0.0235","0.3515","A"
"4","Trait5","FASTmrMLM","PstI.TP1132574","7","64353059","8.0271e-07","2e-04","C"
"4","Trait5","FASTmrMLM","PstI.TP856074","7","64359017","5e-04","0.0186","A"
"4","Trait5","FASTmrMLM","NsiI.TP272666","7","64359188","-8.8152e-07","2e-04","A"
"4","Trait5","FASTmrMLM","PstI.TP1021253","7","64417622","8.2192e-06","0.0018","A"
"4","Trait5","FASTmrMLM","NsiI.TP298594","7","64449719","0.1517","0.7752","A"
"4","Trait5","FASTmrMLM","PstI.TP181497","7","64455318","-2.4395e-05","0.0053","A"
"4","Trait5","FASTmrMLM","PstI.TP195373","7","64455324","4.2852e-05","0.0094","C"
"4","Trait5","FASTmrMLM","PstI.TP195372","7","64455354","-1.2789e-05","0.0028","A"
"4","Trait5","FASTmrMLM","NsiI.TP287625","7","64487648","-1.6883e-07","3.6751e-05","A"
"4","Trait5","FASTmrMLM","NsiI.TP118018","7","64488609","8.9821e-06","0.002","A"
"4","Trait5","FASTmrMLM","GFSSContig18384_1020","7","64525213","-2.4327e-05","0.0053","A"
"4","Trait5","FASTmrMLM","NsiI.TP832714","7","64527821","2.4e-05","0.0053","C"
"4","Trait5","FASTmrMLM","NsiI.TP492710","7","64546903","1.8016e-05","0.0039","C"
"4","Trait5","FASTmrMLM","PstI.TP1026956","7","64557440","-1.6511e-05","0.0036","A"
"4","Trait5","FASTmrMLM","PstI.TP305053","7","64568885","-1.3255e-06","3e-04","A"
"4","Trait5","FASTmrMLM","NsiI.TP560490","7","64601488","-0.2504","1.1436","A"
"4","Trait5","FASTmrMLM","NsiI.TP487676","7","64601519","0.0139","0.1722","A"
"4","Trait5","FASTmrMLM","NsiI.TP19266","7","64606348","-0.0702","0.4992","C"
"4","Trait5","FASTmrMLM","PstI.TP1141410","7","64617396","-8.5912e-06","0.0019","C"
"4","Trait5","FASTmrMLM","PstI.TP938468","7","64619181","9.2811e-06","0.002","C"
"4","Trait5","FASTmrMLM","NsiI.TP685748","7","64648456","4.6205e-06","0.001","C"
"4","Trait5","FASTmrMLM","PstI.TP859981","7","64719101","0.0473","0.4087","C"
"4","Trait5","FASTmrMLM","PstI.TP860055","7","64719148","8.7265e-06","0.0019","A"
"4","Trait5","FASTmrMLM","GFSSContig4757_256","7","64751316","-2.1199e-05","0.0046","A"
"4","Trait5","FASTmrMLM","NsiI.TP512254","7","64772511","6.8789e-06","0.0015","A"
"4","Trait5","FASTmrMLM","NsiI.TP488114","7","64773896","5.0444e-06","0.0011","C"
"4","Trait5","FASTmrMLM","PstI.TP124186","7","64789657","4.4348e-06","0.001","A"
"4","Trait5","FASTmrMLM","GFSSContig17337_2234","7","64806352","-0.0433","0.4908","T"
"4","Trait5","FASTmrMLM","PstI.TP83416","7","64822306","0.0394","0.369","C"
"4","Trait5","FASTmrMLM","PstI.TP97278","7","64822354","-1.6433e-05","0.0036","C"
"4","Trait5","FASTmrMLM","PstI.TP773940","7","64822434","5.8081e-06","0.0013","A"
"4","Trait5","FASTmrMLM","NsiI.TP247827","7","64830742","1.5789e-05","0.0034","C"
"4","Trait5","FASTmrMLM","NsiI.TP668117","7","64834893","-1.8557e-05","0.0041","A"
"4","Trait5","FASTmrMLM","NsiI.TP161433","7","64834912","6.6767e-06","0.0015","C"
"4","Trait5","FASTmrMLM","PstI.TP58391","7","64850518","-3.6103e-06","8e-04","A"
"4","Trait5","FASTmrMLM","PstI.TP774033","7","64851531","0.0833","0.5199","A"
"4","Trait5","FASTmrMLM","PstI.TP690665","7","64852622","3.7546e-05","0.0083","A"
"4","Trait5","FASTmrMLM","PstI.TP1039351","7","64861322","5.4566e-06","0.0012","C"
"4","Trait5","FASTmrMLM","PstI.TP209765","7","64863239","1.939e-05","0.0042","A"
"4","Trait5","FASTmrMLM","PstI.TP18946","7","64870868","4.0508e-06","9e-04","A"
"4","Trait5","FASTmrMLM","PstI.TP853332","7","64959288","2.3218e-06","5e-04","C"
"4","Trait5","FASTmrMLM","PstI.TP5387","7","64961261","-4.2261e-06","9e-04","A"
"4","Trait5","FASTmrMLM","PstI.TP532426","7","64966356","3.352e-05","0.0074","C"
"4","Trait5","FASTmrMLM","NsiI.TP728055","7","64974048","6.4541e-06","0.0014","A"
"4","Trait5","FASTmrMLM","NsiI.TP71163","7","65061807","-1.2069e-06","3e-04","A"
"4","Trait5","FASTmrMLM","PstI.TP319558","7","65079693","-8.0816e-06","0.0018","A"
"4","Trait5","FASTmrMLM","PstI.TP21657","7","65083763","-3.8141e-06","8e-04","A"
"4","Trait5","FASTmrMLM","PstI.TP669233","7","65085026","-1.196e-05","0.0026","C"
"4","Trait5","FASTmrMLM","PstI.TP466696","7","65099577","-0.2873","1.2677","C"
"4","Trait5","FASTmrMLM","PstI.TP777596","7","65099913","-8.9373e-06","0.0019","C"
"4","Trait5","FASTmrMLM","PstI.TP461455","7","65100491","-0.1493","0.6474","A"
"4","Trait5","FASTmrMLM","PstI.TP461457","7","65100502","-9.9964e-06","0.0022","C"
"4","Trait5","FASTmrMLM","PstI.TP196226","7","65121284","-2e-04","0.012","A"
"4","Trait5","FASTmrMLM","GFSSContig19936_919","7","65170043","-5.8241e-06","0.0013","C"
"4","Trait5","FASTmrMLM","PstI.TP1012440","7","65173129","-2e-04","0.0108","A"
"4","Trait5","FASTmrMLM","NsiI.TP804131","7","65184494","-8.0162e-06","0.0017","A"
"4","Trait5","FASTmrMLM","NsiI.TP327314","7","65197970","-0.0701","0.4726","A"
"4","Trait5","FASTmrMLM","NsiI.TP218546","7","65199992","-3.8178e-05","0.0084","A"
"4","Trait5","FASTmrMLM","NsiI.TP501510","7","65224766","-1.0284e-05","0.0022","G"
"4","Trait5","FASTmrMLM","NsiI.TP501512","7","65224792","0.2432","3.4235","A"
"4","Trait5","FASTmrMLM","NsiI.TP556083","7","65244652","-1.1075e-05","0.0024","A"
"4","Trait5","FASTmrMLM","PstI.TP297697","7","65274615","-0.0406","0.2401","C"
"4","Trait5","FASTmrMLM","NsiI.TP10592","7","65278458","0.0062","0.1331","A"
"4","Trait5","FASTmrMLM","PstI.TP485331","7","65312385","0.0275","0.3214","A"
"4","Trait5","FASTmrMLM","PstI.TP76617","7","65323384","-2.2401e-05","0.0049","A"
"4","Trait5","FASTmrMLM","PstI.TP119764","7","65336650","4.568e-06","0.001","A"
"4","Trait5","FASTmrMLM","PstI.TP817327","7","65354956","3.318e-05","0.0073","G"
"4","Trait5","FASTmrMLM","PstI.TP817334","7","65354962","0.0414","0.3953","A"
"4","Trait5","FASTmrMLM","PstI.TP753650","7","65355452","-1.7002e-05","0.0033","C"
"4","Trait5","FASTmrMLM","PstI.TP683570","7","65361793","-1.0988e-06","2e-04","A"
"4","Trait5","FASTmrMLM","NsiI.TP562946","7","65362140","2.5749e-06","6e-04","C"
"4","Trait5","FASTmrMLM","NsiI.TP337239","7","65401168","0.0925","0.5554","C"
"4","Trait5","FASTmrMLM","PstI.TP394799","7","65402036","1.5457e-05","0.0034","C"
"4","Trait5","FASTmrMLM","NsiI.TP470396","7","65424581","-1.9547e-05","0.0043","A"
"4","Trait5","FASTmrMLM","PstI.TP593962","8","38369","-6.8031e-06","0.0015","C"
"4","Trait5","FASTmrMLM","PstI.TP618070","8","39449","-1.1891e-05","0.0026","C"
"4","Trait5","FASTmrMLM","PstI.TP618104","8","39501","-2.2044e-05","0.0048","C"
"4","Trait5","FASTmrMLM","PstI.TP618044","8","39506","-2.8336e-06","6e-04","A"
"4","Trait5","FASTmrMLM","PstI.TP1219843","8","96333","-6.3098e-06","0.0014","C"
"4","Trait5","FASTmrMLM","NsiI.TP293804","8","161971","-2.4984e-07","5.4381e-05","A"
"4","Trait5","FASTmrMLM","PstI.TP717339","8","162336","3.7624e-05","0.0083","C"
"4","Trait5","FASTmrMLM","PstI.TP717531","8","162336","7.0783e-06","0.0015","C"
"4","Trait5","FASTmrMLM","PstI.TP717722","8","162336","0.028","0.3371","C"
"4","Trait5","FASTmrMLM","NsiI.TP121320","8","193796","-3.0188e-06","7e-04","A"
"4","Trait5","FASTmrMLM","NsiI.TP110006","8","193809","-2.1315e-05","0.0047","A"
"4","Trait5","FASTmrMLM","NsiI.TP276630","8","201473","-9.7416e-05","0.0104","C"
"4","Trait5","FASTmrMLM","NsiI.TP821519","8","214880","7.0639e-07","2e-04","C"
"4","Trait5","FASTmrMLM","PstI.TP897034","8","223056","-0.0364","0.435","C"
"4","Trait5","FASTmrMLM","NsiI.TP659048","8","235859","-1.592e-05","0.0035","C"
"4","Trait5","FASTmrMLM","NsiI.TP659051","8","235877","0.0795","0.804","A"
"4","Trait5","FASTmrMLM","NsiI.TP335639","8","240355","-0.2837","1.6772","C"
"4","Trait5","FASTmrMLM","NsiI.TP335640","8","240374","1.2899e-05","0.0028","G"
"4","Trait5","FASTmrMLM","PstI.TP1243137","8","241410","0.025","0.1775","A"
"4","Trait5","FASTmrMLM","NsiI.TP762857","8","242339","0.1168","0.9819","C"
"4","Trait5","FASTmrMLM","PstI.TP731804","8","245236","-0.0432","0.2904","A"
"4","Trait5","FASTmrMLM","PstI.TP411939","8","256033","4.7242e-06","0.001","A"
"4","Trait5","FASTmrMLM","NsiI.TP251142","8","281269","1.9438e-05","0.0043","G"
"4","Trait5","FASTmrMLM","NsiI.TP251147","8","281308","-0.1663","0.5272","A"
"4","Trait5","FASTmrMLM","PstI.TP1071629","8","381311","2.8352e-05","0.0062","A"
"4","Trait5","FASTmrMLM","NsiI.TP622623","8","389180","-1.021e-05","0.0022","A"
"4","Trait5","FASTmrMLM","PstI.TP33445","8","397805","0.0279","0.3792","A"
"4","Trait5","FASTmrMLM","NsiI.TP423933","8","457190","-3.8102e-05","0.0084","G"
"4","Trait5","FASTmrMLM","NsiI.TP670392","8","503419","-1.0983e-07","2.3909e-05","C"
"4","Trait5","FASTmrMLM","NsiI.TP112759","8","510178","-9.6884e-06","0.0021","A"
"4","Trait5","FASTmrMLM","PstI.TP455089","8","513576","-2.6809e-05","0.0059","A"
"4","Trait5","FASTmrMLM","PstI.TP693644","8","517053","1.0561e-05","0.0023","C"
"4","Trait5","FASTmrMLM","PstI.TP116841","8","526402","9.5092e-06","0.0021","A"
"4","Trait5","FASTmrMLM","PstI.TP795667","8","528900","1.3579e-05","0.003","C"
"4","Trait5","FASTmrMLM","PstI.TP901904","8","570863","3.8638e-07","8.4089e-05","C"
"4","Trait5","FASTmrMLM","PstI.TP335225","8","571209","1.7679e-06","4e-04","C"
"4","Trait5","FASTmrMLM","PstI.TP209652","8","593940","0.0649","0.6242","A"
"4","Trait5","FASTmrMLM","PstI.TP771477","8","599949","0.0297","0.2639","C"
"4","Trait5","FASTmrMLM","PstI.TP118183","8","606032","0.0929","0.7389","G"
"4","Trait5","FASTmrMLM","PstI.TP967092","8","608851","-1.3284e-05","0.0029","A"
"4","Trait5","FASTmrMLM","PstI.TP498607","8","609295","-0.2025","1.0539","A"
"4","Trait5","FASTmrMLM","NsiI.TP135318","8","610966","1.0779e-07","2.3457e-05","A"
"4","Trait5","FASTmrMLM","PstI.TP1043286","8","626827","1.7631e-05","0.0039","C"
"4","Trait5","FASTmrMLM","PstI.TP1251787","8","640290","-3.6294e-06","8e-04","A"
"4","Trait5","FASTmrMLM","PstI.TP1274066","8","658317","-1.0185e-06","2e-04","A"
"4","Trait5","FASTmrMLM","PstI.TP1134722","8","658352","0.0137","0.1971","C"
"4","Trait5","FASTmrMLM","PstI.TP826982","8","664718","-2.8683e-05","0.0063","C"
"4","Trait5","FASTmrMLM","PstI.TP130440","8","685337","2.6885e-05","0.0059","C"
"4","Trait5","FASTmrMLM","NsiI.TP748346","8","690767","6.7996e-06","0.0015","C"
"4","Trait5","FASTmrMLM","PstI.TP1174922","8","771149","2.1967e-06","5e-04","C"
"4","Trait5","FASTmrMLM","PstI.TP907830","8","810319","0.0618","0.2617","A"
"4","Trait5","FASTmrMLM","PstI.TP182422","8","810404","2.6038e-05","0.0057","C"
"4","Trait5","FASTmrMLM","NsiI.TP831921","8","823191","2.7402e-06","6e-04","C"
"4","Trait5","FASTmrMLM","PstI.TP1291488","8","830344","1.2851e-05","0.0028","C"
"4","Trait5","FASTmrMLM","NsiI.TP720497","8","866814","-0.0373","0.2779","C"
"4","Trait5","FASTmrMLM","NsiI.TP524800","8","874876","-4.2732e-05","0.0094","A"
"4","Trait5","FASTmrMLM","NsiI.TP561942","8","877058","1.4003e-05","0.0031","C"
"4","Trait5","FASTmrMLM","PstI.TP126559","8","879217","1.392e-05","0.003","A"
"4","Trait5","FASTmrMLM","NsiI.TP612033","8","893486","2.062e-05","0.0045","A"
"4","Trait5","FASTmrMLM","NsiI.TP635336","8","904099","-0.1247","1.2038","A"
"4","Trait5","FASTmrMLM","NsiI.TP349133","8","916874","3.16e-05","0.0069","A"
"4","Trait5","FASTmrMLM","PstI.TP318978","8","917514","-0.0359","0.3912","C"
"4","Trait5","FASTmrMLM","PstI.TP23944","8","918822","-1.6152e-05","0.0035","C"
"4","Trait5","FASTmrMLM","PstI.TP1194751","8","919457","-0.1139","0.7658","G"
"4","Trait5","FASTmrMLM","PstI.TP797067","8","921595","0.2046","1.0535","A"
"4","Trait5","FASTmrMLM","NsiI.TP472909","8","939487","1.0422e-05","0.0023","C"
"4","Trait5","FASTmrMLM","NsiI.TP430869","8","974033","8.5454e-06","0.0019","A"
"4","Trait5","FASTmrMLM","PstI.TP797051","8","990939","-7.9949e-06","0.0017","C"
"4","Trait5","FASTmrMLM","PstI.TP1248844","8","1028461","0.2382","3.5155","G"
"4","Trait5","FASTmrMLM","PstI.TP543019","8","1028538","1.5005e-05","0.0033","A"
"4","Trait5","FASTmrMLM","PstI.TP526900","8","1029552","-9.8323e-06","0.0021","C"
"4","Trait5","FASTmrMLM","NsiI.TP575518","8","1057055","7.2359e-06","0.0016","G"
"4","Trait5","FASTmrMLM","NsiI.TP153699","8","1057785","2.5459e-05","0.0056","A"
"4","Trait5","FASTmrMLM","PstI.TP687377","8","1062861","-3.7305e-06","8e-04","A"
"4","Trait5","FASTmrMLM","NsiI.TP581625","8","1071025","3.2163e-07","7.0015e-05","C"
"4","Trait5","FASTmrMLM","PstI.TP643578","8","1072881","-0.0189","0.2495","C"
"4","Trait5","FASTmrMLM","PstI.TP419801","8","1077354","-2.6335e-05","0.0058","A"
"4","Trait5","FASTmrMLM","NsiI.TP343813","8","1087213","-3.1557e-05","0.0069","A"
"4","Trait5","FASTmrMLM","PstI.TP624280","8","1089442","4.1552e-05","0.0091","A"
"4","Trait5","FASTmrMLM","PstI.TP321509","8","1118726","-1.2664e-07","2.7561e-05","A"
"4","Trait5","FASTmrMLM","PstI.TP321512","8","1118730","-1.6682e-05","0.0036","A"
"4","Trait5","FASTmrMLM","PstI.TP266853","8","1157144","-8.0135e-06","0.0017","A"
"4","Trait5","FASTmrMLM","NsiI.TP536795","8","1158154","3.7761e-06","8e-04","A"
"4","Trait5","FASTmrMLM","PstI.TP793499","8","1158189","-0.0207","0.2385","C"
"4","Trait5","FASTmrMLM","PstI.TP991040","8","1163254","-2.1445e-05","0.0047","A"
"4","Trait5","FASTmrMLM","PstI.TP1182297","8","1190793","4.9247e-06","0.0011","A"
"4","Trait5","FASTmrMLM","PstI.TP482062","8","1214681","1.186e-05","0.0026","G"
"4","Trait5","FASTmrMLM","PstI.TP1139645","8","1245839","-1.9943e-05","0.0044","A"
"4","Trait5","FASTmrMLM","PstI.TP546725","8","1252132","7.1563e-06","0.0016","C"
"4","Trait5","FASTmrMLM","NsiI.TP662391","8","1257032","-0.0851","0.5833","C"
"4","Trait5","FASTmrMLM","PstI.TP1287863","8","1280103","6.6976e-06","0.0015","A"
"4","Trait5","FASTmrMLM","PstI.TP1279212","8","1303042","2.259e-06","5e-04","G"
"4","Trait5","FASTmrMLM","NsiI.TP667008","8","1326292","0.2084","2.3573","G"
"4","Trait5","FASTmrMLM","PstI.TP349809","8","1346084","5.0329e-06","0.0011","A"
"4","Trait5","FASTmrMLM","PstI.TP277569","8","1355359","-3.474e-07","7.5609e-05","A"
"4","Trait5","FASTmrMLM","NsiI.TP403390","8","1392652","0.0437","0.3689","A"
"4","Trait5","FASTmrMLM","PstI.TP156550","8","1426799","-1.0637e-05","0.0023","C"
"4","Trait5","FASTmrMLM","PstI.TP1086268","8","1439139","-9.0074e-08","1.9605e-05","A"
"4","Trait5","FASTmrMLM","PstI.TP54880","8","1461814","-0.129","0.7792","A"
"4","Trait5","FASTmrMLM","NsiI.TP38752","8","1515454","2.1533e-05","0.0047","A"
"4","Trait5","FASTmrMLM","NsiI.TP586156","8","1515699","0.0776","0.4128","C"
"4","Trait5","FASTmrMLM","PstI.TP260488","8","1534038","0.0144","0.2048","C"
"4","Trait5","FASTmrMLM","PstI.TP600799","8","1589675","-4.9826e-06","0.0011","C"
"4","Trait5","FASTmrMLM","PstI.TP340057","8","1622074","-0.1201","1.1216","C"
"4","Trait5","FASTmrMLM","NsiI.TP460164","8","1640282","0.0181","0.1952","A"
"4","Trait5","FASTmrMLM","NsiI.TP134176","8","1644283","-9.2172e-07","2e-04","C"
"4","Trait5","FASTmrMLM","PstI.TP1145187","8","1657999","-1e-04","0.0105","A"
"4","Trait5","FASTmrMLM","PstI.TP306783","8","1665347","-8.721e-06","0.0019","C"
"4","Trait5","FASTmrMLM","NsiI.TP607068","8","1666575","0.0086","0.1608","C"
"4","Trait5","FASTmrMLM","PstI.TP532492","8","1748194","-1.9752e-05","0.0043","C"
"4","Trait5","FASTmrMLM","NsiI.TP617788","8","1749199","-4.9181e-06","0.0011","A"
"4","Trait5","FASTmrMLM","NsiI.TP677966","8","1755758","0.2834","0.8922","A"
"4","Trait5","FASTmrMLM","PstI.TP217531","8","1760734","0.0779","0.7594","A"
"4","Trait5","FASTmrMLM","NsiI.TP481977","8","1804062","-1.086e-05","0.0024","A"
"4","Trait5","FASTmrMLM","NsiI.TP56129","8","1804188","1.1576e-05","0.0025","C"
"4","Trait5","FASTmrMLM","NsiI.TP669032","8","1805368","1.5463e-05","0.0034","C"
"4","Trait5","FASTmrMLM","PstI.TP730818","8","1882026","1.2437e-05","0.0027","A"
"4","Trait5","FASTmrMLM","NsiI.TP733102","8","1893974","-7.0232e-06","0.0015","C"
"4","Trait5","FASTmrMLM","NsiI.TP281298","8","1929495","-0.0751","0.7238","A"
"4","Trait5","FASTmrMLM","PstI.TP239180","8","1960178","9.1227e-06","0.002","A"
"4","Trait5","FASTmrMLM","PstI.TP979383","8","1964087","5.1273e-06","0.0011","A"
"4","Trait5","FASTmrMLM","PstI.TP1080895","8","1966937","1.7419e-05","0.0038","A"
"4","Trait5","FASTmrMLM","PstI.TP87462","8","1985725","0.2668","1.8898","A"
"4","Trait5","FASTmrMLM","NsiI.TP336727","8","1992850","-0.186","0.8871","C"
"4","Trait5","FASTmrMLM","NsiI.TP431863","8","2001437","5.1369e-06","0.0011","A"
"4","Trait5","FASTmrMLM","PstI.TP203977","8","2031282","-0.0466","0.3227","C"
"4","Trait5","FASTmrMLM","PstI.TP344333","8","2070606","3.8194e-06","8e-04","G"
"4","Trait5","FASTmrMLM","NsiI.TP161012","8","2099567","2.4782e-05","0.0054","C"
"4","Trait5","FASTmrMLM","PstI.TP493862","8","2177180","7.6795e-06","0.0017","A"
"4","Trait5","FASTmrMLM","PstI.TP946402","8","2177280","-0.2049","1.6357","G"
"4","Trait5","FASTmrMLM","PstI.TP949864","8","2177312","-3.4396e-05","0.0076","A"
"4","Trait5","FASTmrMLM","PstI.TP585779","8","2182452","1.8914e-05","0.0041","C"
"4","Trait5","FASTmrMLM","NsiI.TP629106","8","2183052","-2.3775e-05","0.0052","A"
"4","Trait5","FASTmrMLM","PstI.TP1173514","8","2183157","-0.0309","0.2407","C"
"4","Trait5","FASTmrMLM","PstI.TP905918","8","2300871","1.3967e-06","3e-04","A"
"4","Trait5","FASTmrMLM","PstI.TP989117","8","2306367","1.1115e-05","0.0024","A"
"4","Trait5","FASTmrMLM","PstI.TP786862","8","2323963","3.6368e-06","8e-04","C"
"4","Trait5","FASTmrMLM","PstI.TP961941","8","2374451","2.2916e-05","0.005","A"
"4","Trait5","FASTmrMLM","PstI.TP699168","8","2542291","-0.1425","0.6658","C"
"4","Trait5","FASTmrMLM","NsiI.TP50219","8","2549988","-7.707e-06","0.0017","C"
"4","Trait5","FASTmrMLM","NsiI.TP810192","8","2563502","0.0324","0.3802","C"
"4","Trait5","FASTmrMLM","PstI.TP627988","8","2569671","-0.0532","0.6552","C"
"4","Trait5","FASTmrMLM","NsiI.TP136113","8","2605087","-0.0873","0.8111","G"
"4","Trait5","FASTmrMLM","NsiI.TP144538","8","2605496","1.0093e-05","0.0022","A"
"4","Trait5","FASTmrMLM","NsiI.TP800471","8","2617127","9.4682e-06","0.0021","A"
"4","Trait5","FASTmrMLM","PstI.TP859405","8","2625652","9.7037e-06","0.0021","G"
"4","Trait5","FASTmrMLM","PstI.TP934874","8","2629476","1.9471e-05","0.0043","A"
"4","Trait5","FASTmrMLM","PstI.TP111757","8","2670162","-0.0775","0.3189","A"
"4","Trait5","FASTmrMLM","NsiI.TP581890","8","2671501","0.0084","0.1434","C"
"4","Trait5","FASTmrMLM","PstI.TP181697","8","2683686","5.4395e-06","0.0012","G"
"4","Trait5","FASTmrMLM","NsiI.TP722362","8","2701955","7.265e-06","0.0016","G"
"4","Trait5","FASTmrMLM","PstI.TP340060","8","2798401","2.6469e-06","6e-04","A"
"4","Trait5","FASTmrMLM","PstI.TP179766","8","2802335","3.0495e-06","7e-04","A"
"4","Trait5","FASTmrMLM","NsiI.TP199379","8","2813196","-0.0653","0.7218","A"
"4","Trait5","FASTmrMLM","PstI.TP1184560","8","2834923","-0.0467","0.4573","A"
"4","Trait5","FASTmrMLM","PstI.TP135750","8","2838380","0.1413","0.8159","C"
"4","Trait5","FASTmrMLM","PstI.TP399514","8","2841467","8.2403e-06","0.0018","A"
"4","Trait5","FASTmrMLM","PstI.TP815581","8","2866196","-0.1851","0.9115","A"
"4","Trait5","FASTmrMLM","PstI.TP477590","8","2890995","-0.045","0.4068","A"
"4","Trait5","FASTmrMLM","PstI.TP1046565","8","2899982","-4.8857e-06","0.0011","A"
"4","Trait5","FASTmrMLM","GFSSContig19668_777","8","2904941","1.9741e-05","0.0043","C"
"4","Trait5","FASTmrMLM","PstI.TP350264","8","2905610","-0.0401","0.2269","C"
"4","Trait5","FASTmrMLM","PstI.TP350262","8","2905616","0.0699","0.7592","A"
"4","Trait5","FASTmrMLM","NsiI.TP668315","8","2916350","1.9173e-05","0.0042","G"
"4","Trait5","FASTmrMLM","NsiI.TP729790","8","2954904","-4.2538e-05","0.0094","C"
"4","Trait5","FASTmrMLM","NsiI.TP326890","8","2971455","-2.7018e-05","0.0059","C"
"4","Trait5","FASTmrMLM","PstI.TP87454","8","3017300","0.216","2.1988","A"
"4","Trait5","FASTmrMLM","PstI.TP1167812","8","3018018","-0.1062","1.1575","A"
"4","Trait5","FASTmrMLM","NsiI.TP431386","8","3018435","-0.1065","0.7768","A"
"4","Trait5","FASTmrMLM","PstI.TP929298","8","3029918","0.0463","0.2811","G"
"4","Trait5","FASTmrMLM","PstI.TP223028","8","3037045","2.2698e-05","0.005","A"
"4","Trait5","FASTmrMLM","PstI.TP68953","8","3037119","1.8804e-06","4e-04","C"
"4","Trait5","FASTmrMLM","PstI.TP16273","8","3057043","-1.5718e-05","0.0034","C"
"4","Trait5","FASTmrMLM","PstI.TP1029725","8","3066716","-3.5033e-06","8e-04","A"
"4","Trait5","FASTmrMLM","PstI.TP366462","8","3072318","-5.8641e-07","1e-04","A"
"4","Trait5","FASTmrMLM","PstI.TP521447","8","3072937","3.0251e-05","0.0066","C"
"4","Trait5","FASTmrMLM","PstI.TP667673","8","3073031","1.3656e-06","3e-04","G"
"4","Trait5","FASTmrMLM","PstI.TP653886","8","3133140","-0.0331","0.3112","A"
"4","Trait5","FASTmrMLM","PstI.TP504724","8","3133646","-0.0764","0.4505","G"
"4","Trait5","FASTmrMLM","PstI.TP315072","8","3139123","0.0817","1.0327","C"
"4","Trait5","FASTmrMLM","PstI.TP1118313","8","3139823","0.0075","0.1464","G"
"4","Trait5","FASTmrMLM","PstI.TP646103","8","3160310","6.0261e-06","0.0013","C"
"4","Trait5","FASTmrMLM","PstI.TP184393","8","3177689","6.7139e-07","1e-04","A"
"4","Trait5","FASTmrMLM","NsiI.TP668177","8","3206859","-6.0205e-06","0.0013","C"
"4","Trait5","FASTmrMLM","PstI.TP753678","8","3216415","1.3781e-05","0.003","C"
"4","Trait5","FASTmrMLM","NsiI.TP624345","8","3218025","-1.4661e-05","0.0032","C"
"4","Trait5","FASTmrMLM","PstI.TP114861","8","3221081","0.0238","0.3076","G"
"4","Trait5","FASTmrMLM","PstI.TP1263768","8","3231578","-2.771e-06","6e-04","G"
"4","Trait5","FASTmrMLM","NsiI.TP56635","8","3233971","1.2754e-05","0.0028","C"
"4","Trait5","FASTmrMLM","PstI.TP335275","8","3237002","0.0679","0.4597","A"
"4","Trait5","FASTmrMLM","NsiI.TP151030","8","3260609","1.084e-05","0.0024","G"
"4","Trait5","FASTmrMLM","PstI.TP301893","8","3260628","4.0552e-06","9e-04","A"
"4","Trait5","FASTmrMLM","PstI.TP188073","8","3318513","-6.3975e-06","0.0014","A"
"4","Trait5","FASTmrMLM","PstI.TP382892","8","3383353","-3.7124e-06","8e-04","C"
"4","Trait5","FASTmrMLM","NsiI.TP216354","8","3457735","-0.0207","0.2232","A"
"4","Trait5","FASTmrMLM","PstI.TP602294","8","3512238","0.142","1.2081","C"
"4","Trait5","FASTmrMLM","PstI.TP247179","8","3524863","-1.7513e-05","0.0038","C"
"4","Trait5","FASTmrMLM","NsiI.TP462634","8","3541565","8.2582e-05","0.0096","C"
"4","Trait5","FASTmrMLM","PstI.TP323684","8","3543129","-4.8758e-06","0.0011","A"
"4","Trait5","FASTmrMLM","GFSSContig19372_585","8","3609225","0.0601","0.711","T"
"4","Trait5","FASTmrMLM","PstI.TP413410","8","3610019","-0.1105","1.01","A"
"4","Trait5","FASTmrMLM","NsiI.TP168056","8","3614623","0.0202","0.2462","A"
"4","Trait5","FASTmrMLM","PstI.TP533654","8","3636502","1.5992e-05","0.0035","C"
"4","Trait5","FASTmrMLM","PstI.TP533627","8","3636526","-3.4887e-05","0.0077","A"
"4","Trait5","FASTmrMLM","PstI.TP977270","8","3639716","1.5654e-05","0.0034","C"
"4","Trait5","FASTmrMLM","PstI.TP1108801","8","3643740","1.0445e-05","0.0023","A"
"4","Trait5","FASTmrMLM","PstI.TP943534","8","3701223","0.0707","0.6508","A"
"4","Trait5","FASTmrMLM","NsiI.TP362896","8","3701558","4.9165e-06","0.0011","C"
"4","Trait5","FASTmrMLM","PstI.TP356253","8","3819223","-1.6317e-05","0.0036","A"
"4","Trait5","FASTmrMLM","PstI.TP750527","8","3822988","5.5664e-06","0.0012","C"
"4","Trait5","FASTmrMLM","PstI.TP883066","8","3823118","1.9017e-05","0.0042","A"
"4","Trait5","FASTmrMLM","NsiI.TP668170","8","3864905","-6.9312e-06","0.0015","A"
"4","Trait5","FASTmrMLM","NsiI.TP690089","8","3875798","-0.0442","0.546","A"
"4","Trait5","FASTmrMLM","NsiI.TP509824","8","3884472","2e-04","0.012","A"
"4","Trait5","FASTmrMLM","PstI.TP417854","8","3908674","-9.2329e-06","0.002","C"
"4","Trait5","FASTmrMLM","PstI.TP700867","8","3927882","0.0565","0.4856","C"
"4","Trait5","FASTmrMLM","NsiI.TP520529","8","3928951","2e-04","0.0128","A"
"4","Trait5","FASTmrMLM","NsiI.TP336434","8","3929035","0.0506","0.3821","G"
"4","Trait5","FASTmrMLM","PstI.TP1235009","8","3930310","-0.0097","0.1127","A"
"4","Trait5","FASTmrMLM","PstI.TP2006","8","3930378","0.0502","0.3867","A"
"4","Trait5","FASTmrMLM","PstI.TP851","8","3930406","0.0269","0.2726","A"
"4","Trait5","FASTmrMLM","PstI.TP1236551","8","3930412","0.0645","0.3912","C"
"4","Trait5","FASTmrMLM","PstI.TP858496","8","3962393","-4.6227e-06","0.001","A"
"4","Trait5","FASTmrMLM","PstI.TP858495","8","3962414","4.9687e-06","0.0011","A"
"4","Trait5","FASTmrMLM","PstI.TP1011934","8","3975044","1.0577e-05","0.0023","A"
"4","Trait5","FASTmrMLM","PstI.TP1011931","8","3975049","4.6541e-06","0.001","A"
"4","Trait5","FASTmrMLM","NsiI.TP82767","8","3976574","-1.182e-05","0.0026","A"
"4","Trait5","FASTmrMLM","NsiI.TP541382","8","3977539","1.0787e-05","0.0024","C"
"4","Trait5","FASTmrMLM","PstI.TP1009084","8","3978036","-3.6441e-05","0.008","A"
"4","Trait5","FASTmrMLM","NsiI.TP635032","8","3980154","-7.0808e-06","0.0015","A"
"4","Trait5","FASTmrMLM","PstI.TP1010140","8","3986222","3.9342e-06","9e-04","A"
"4","Trait5","FASTmrMLM","NsiI.TP630005","8","4002693","-0.2396","0.8013","C"
"4","Trait5","FASTmrMLM","PstI.TP65519","8","4042259","0.063","0.9217","A"
"4","Trait5","FASTmrMLM","PstI.TP173534","8","4042419","-3.5833e-05","0.0079","A"
"4","Trait5","FASTmrMLM","NsiI.TP575765","8","4042701","-2.2625e-05","0.005","A"
"4","Trait5","FASTmrMLM","NsiI.TP589743","8","4095384","-1.4294e-05","0.0031","C"
"4","Trait5","FASTmrMLM","PstI.TP708588","8","4104678","0.1948","1.3872","C"
"4","Trait5","FASTmrMLM","NsiI.TP520001","8","4120515","6.3455e-06","0.0014","G"
"4","Trait5","FASTmrMLM","NsiI.TP520012","8","4120531","2.1709e-05","0.0048","C"
"4","Trait5","FASTmrMLM","PstI.TP1056318","8","4137459","-8.5122e-06","0.0019","A"
"4","Trait5","FASTmrMLM","NsiI.TP371441","8","4140344","6.4022e-07","1e-04","A"
"4","Trait5","FASTmrMLM","NsiI.TP266954","8","4177407","1.7329e-05","0.0038","C"
"4","Trait5","FASTmrMLM","NsiI.TP354928","8","4180244","-7.9532e-06","0.0017","C"
"4","Trait5","FASTmrMLM","PstI.TP272031","8","4185086","7.2955e-06","0.0016","A"
"4","Trait5","FASTmrMLM","PstI.TP1004798","8","4209603","6.7275e-06","0.0015","C"
"4","Trait5","FASTmrMLM","NsiI.TP573470","8","4215891","1.6303e-05","0.0036","A"
"4","Trait5","FASTmrMLM","PstI.TP976454","8","4215895","-3.2078e-05","0.007","C"
"4","Trait5","FASTmrMLM","NsiI.TP147666","8","4251146","-1.1336e-05","0.0025","A"
"4","Trait5","FASTmrMLM","PstI.TP506122","8","4275838","-0.0585","0.4905","C"
"4","Trait5","FASTmrMLM","NsiI.TP433267","8","4282549","-2e-04","0.0125","A"
"4","Trait5","FASTmrMLM","NsiI.TP287101","8","4282562","2.7778e-06","6e-04","C"
"4","Trait5","FASTmrMLM","PstI.TP1192026","8","4310207","1.2218e-06","3e-04","C"
"4","Trait5","FASTmrMLM","NsiI.TP630608","8","4341332","3.8756e-06","8e-04","C"
"4","Trait5","FASTmrMLM","PstI.TP769590","8","4354986","-5.8282e-06","0.0013","G"
"4","Trait5","FASTmrMLM","PstI.TP287893","8","4363737","-5.2637e-06","0.0011","C"
"4","Trait5","FASTmrMLM","NsiI.TP282798","8","4363870","-5.8251e-06","0.0013","A"
"4","Trait5","FASTmrMLM","NsiI.TP283230","8","4363875","0.0902","0.9055","A"
"4","Trait5","FASTmrMLM","PstI.TP971267","8","4377082","-7.6854e-06","0.0017","A"
"4","Trait5","FASTmrMLM","PstI.TP327632","8","4390844","1.7144e-05","0.0037","A"
"4","Trait5","FASTmrMLM","NsiI.TP728861","8","4394661","-2.8538e-05","0.0063","C"
"4","Trait5","FASTmrMLM","PstI.TP1265794","8","4427894","-0.0102","0.1684","C"
"4","Trait5","FASTmrMLM","NsiI.TP409617","8","4453851","-0.0135","0.1577","C"
"4","Trait5","FASTmrMLM","NsiI.TP121743","8","4453874","-1.9821e-05","0.0043","A"
"4","Trait5","FASTmrMLM","NsiI.TP742731","8","4460101","8.7256e-06","0.0019","A"
"4","Trait5","FASTmrMLM","NsiI.TP145906","8","4491021","-1.2583e-06","3e-04","C"
"4","Trait5","FASTmrMLM","NsiI.TP423893","8","4532993","-3.9205e-07","8.5324e-05","G"
"4","Trait5","FASTmrMLM","NsiI.TP353127","8","4560146","1.5331e-06","3e-04","A"
"4","Trait5","FASTmrMLM","PstI.TP172399","8","4581710","-1.3929e-05","0.003","C"
"4","Trait5","FASTmrMLM","PstI.TP315056","8","4586317","-0.053","0.3154","A"
"4","Trait5","FASTmrMLM","PstI.TP788388","8","4586323","-1.2952e-05","0.0028","A"
"4","Trait5","FASTmrMLM","PstI.TP491141","8","4595705","0.1907","2.1126","A"
"4","Trait5","FASTmrMLM","PstI.TP868969","8","4595975","-2.1723e-05","0.0048","C"
"4","Trait5","FASTmrMLM","NsiI.TP17246","8","4596187","-1.1844e-05","0.0026","A"
"4","Trait5","FASTmrMLM","PstI.TP1207554","8","4596356","-0.0443","0.3611","A"
"4","Trait5","FASTmrMLM","NsiI.TP241542","8","4599805","-5.8901e-08","1.2818e-05","C"
"4","Trait5","FASTmrMLM","PstI.TP4851","8","4619632","-1.8636e-06","4e-04","A"
"4","Trait5","FASTmrMLM","PstI.TP71941","8","4640568","0.1848","1.3679","C"
"4","Trait5","FASTmrMLM","NsiI.TP374616","8","4647232","-0.0147","0.1046","C"
"4","Trait5","FASTmrMLM","NsiI.TP374617","8","4647237","0.0158","0.2524","C"
"4","Trait5","FASTmrMLM","PstI.TP415419","8","4657420","1.5791e-05","0.0035","A"
"4","Trait5","FASTmrMLM","PstI.TP966761","8","4674732","-0.2454","0.856","A"
"4","Trait5","FASTmrMLM","PstI.TP1165816","8","4690368","1.4962e-06","3e-04","C"
"4","Trait5","FASTmrMLM","PstI.TP1137758","8","4728795","-0.057","0.2949","C"
"4","Trait5","FASTmrMLM","PstI.TP27497","8","4736106","-1.759e-05","0.0038","A"
"4","Trait5","FASTmrMLM","NsiI.TP406743","8","4745690","-0.0857","0.743","A"
"4","Trait5","FASTmrMLM","PstI.TP17225","8","4814896","1.4907e-05","0.0033","A"
"4","Trait5","FASTmrMLM","PstI.TP45902","8","4833814","-2.0412e-06","4e-04","A"
"4","Trait5","FASTmrMLM","PstI.TP17003","8","4885715","1.5754e-05","0.0034","A"
"4","Trait5","FASTmrMLM","PstI.TP31321","8","5004218","9.3378e-06","0.002","C"
"4","Trait5","FASTmrMLM","PstI.TP1157187","8","5056792","-0.1365","0.9145","A"
"4","Trait5","FASTmrMLM","NsiI.TP108529","8","5070480","-0.0958","0.8822","A"
"4","Trait5","FASTmrMLM","PstI.TP933949","8","5070896","-2.0359e-05","0.0045","A"
"4","Trait5","FASTmrMLM","NsiI.TP312278","8","5075706","-1.2775e-05","0.0028","A"
"4","Trait5","FASTmrMLM","PstI.TP171844","8","5085866","4.107e-06","9e-04","C"
"4","Trait5","FASTmrMLM","PstI.TP901651","8","5095603","0.1251","0.5332","C"
"4","Trait5","FASTmrMLM","PstI.TP771300","8","5124822","-1.9235e-05","0.0042","C"
"4","Trait5","FASTmrMLM","NsiI.TP615700","8","5240241","-3.8007e-05","0.0084","G"
"4","Trait5","FASTmrMLM","NsiI.TP491689","8","5299189","-1.1559e-05","0.0025","C"
"4","Trait5","FASTmrMLM","NsiI.TP827827","8","5301715","0.1485","0.7728","A"
"4","Trait5","FASTmrMLM","PstI.TP1215552","8","5365282","-3.5155e-05","0.0077","A"
"4","Trait5","FASTmrMLM","PstI.TP1215535","8","5365293","1.9151e-05","0.0042","A"
"4","Trait5","FASTmrMLM","PstI.TP22473","8","5375523","-2.2695e-05","0.005","C"
"4","Trait5","FASTmrMLM","NsiI.TP283121","8","5375943","-1.193e-05","0.0026","C"
"4","Trait5","FASTmrMLM","NsiI.TP439536","8","5376141","1.825e-06","4e-04","A"
"4","Trait5","FASTmrMLM","NsiI.TP526010","8","5514036","0.2408","0.8969","C"
"4","Trait5","FASTmrMLM","PstI.TP352616","8","5554669","0.1034","0.882","A"
"4","Trait5","FASTmrMLM","NsiI.TP567757","8","5569573","-1.2445e-05","0.0027","A"
"4","Trait5","FASTmrMLM","NsiI.TP35649","8","5592567","-2.2943e-05","0.005","A"
"4","Trait5","FASTmrMLM","NsiI.TP347651","8","5593382","-0.043","0.2585","C"
"4","Trait5","FASTmrMLM","PstI.TP1097455","8","5603533","3.2897e-05","0.0072","A"
"4","Trait5","FASTmrMLM","NsiI.TP266644","8","5639458","-0.0475","0.3369","C"
"4","Trait5","FASTmrMLM","PstI.TP1247319","8","5651637","1.986e-05","0.0043","A"
"4","Trait5","FASTmrMLM","PstI.TP359078","8","5715938","2.8698e-05","0.0063","A"
"4","Trait5","FASTmrMLM","PstI.TP743506","8","5825388","-0.1354","1.0465","A"
"4","Trait5","FASTmrMLM","NsiI.TP524211","8","5936113","-1.8538e-05","0.0041","G"
"4","Trait5","FASTmrMLM","PstI.TP425461","8","5980021","-1.5834e-05","0.0035","C"
"4","Trait5","FASTmrMLM","PstI.TP141491","8","5989344","-2e-04","0.0119","A"
"4","Trait5","FASTmrMLM","NsiI.TP126963","8","5997988","-0.0407","0.4698","G"
"4","Trait5","FASTmrMLM","NsiI.TP523272","8","5999489","1.5745e-05","0.0034","A"
"4","Trait5","FASTmrMLM","PstI.TP73962","8","6017334","-2.4015e-08","5.2263e-06","G"
"4","Trait5","FASTmrMLM","PstI.TP142202","8","6017377","7.075e-05","0.0085","G"
"4","Trait5","FASTmrMLM","NsiI.TP443036","8","6017852","1.0115e-05","0.0022","C"
"4","Trait5","FASTmrMLM","PstI.TP748644","8","6174836","1.1781e-05","0.0026","A"
"4","Trait5","FASTmrMLM","NsiI.TP667243","8","6189880","7.7469e-05","0.0076","A"
"4","Trait5","FASTmrMLM","PstI.TP1112566","8","6218537","-0.1107","0.9439","G"
"4","Trait5","FASTmrMLM","PstI.TP577712","8","6219464","-8.0513e-06","0.0018","C"
"4","Trait5","FASTmrMLM","PstI.TP1004253","8","6233868","9.9251e-06","0.0022","C"
"4","Trait5","FASTmrMLM","PstI.TP365688","8","6247566","-0.097","1.1234","C"
"4","Trait5","FASTmrMLM","PstI.TP976712","8","6325153","-6.0738e-06","0.0013","C"
"4","Trait5","FASTmrMLM","NsiI.TP23184","8","6325358","4.4984e-05","0.0099","A"
"4","Trait5","FASTmrMLM","PstI.TP1112563","8","6325389","1.6518e-05","0.0036","G"
"4","Trait5","FASTmrMLM","NsiI.TP410210","8","6343732","8.3157e-06","0.0018","A"
"4","Trait5","FASTmrMLM","PstI.TP113702","8","6470565","-0.1967","1.2755","A"
"4","Trait5","FASTmrMLM","PstI.TP1226826","8","6470631","-1.6902e-05","0.0037","C"
"4","Trait5","FASTmrMLM","PstI.TP761586","8","6471380","-1.6184e-05","0.0035","C"
"4","Trait5","FASTmrMLM","NsiI.TP367673","8","6502035","-7.7152e-06","0.0017","C"
"4","Trait5","FASTmrMLM","PstI.TP1164530","8","6526897","-0.018","0.1495","A"
"4","Trait5","FASTmrMLM","PstI.TP390010","8","6537248","3.8988e-06","8e-04","A"
"4","Trait5","FASTmrMLM","PstI.TP389979","8","6537289","8.0532e-06","0.0018","A"
"4","Trait5","FASTmrMLM","PstI.TP700678","8","6588597","0.0755","0.6159","C"
"4","Trait5","FASTmrMLM","NsiI.TP170191","8","6622452","3.422e-06","7e-04","A"
"4","Trait5","FASTmrMLM","NsiI.TP678778","8","6637285","0.1904","1.2873","A"
"4","Trait5","FASTmrMLM","PstI.TP222101","8","6724752","-1.1479e-05","0.0025","A"
"4","Trait5","FASTmrMLM","NsiI.TP443106","8","6798654","-0.0367","0.2995","G"
"4","Trait5","FASTmrMLM","PstI.TP848204","8","6824356","3.8418e-05","0.0084","C"
"4","Trait5","FASTmrMLM","NsiI.TP391412","8","6879162","-3.1397e-06","7e-04","C"
"4","Trait5","FASTmrMLM","PstI.TP140437","8","7095885","-3.4335e-05","0.0075","C"
"4","Trait5","FASTmrMLM","NsiI.TP307845","8","7233444","-0.0985","0.5716","A"
"4","Trait5","FASTmrMLM","NsiI.TP27246","8","7425702","-1.0387e-05","0.0023","A"
"4","Trait5","FASTmrMLM","PstI.TP1172099","8","7427733","-0.0924","1.2685","A"
"4","Trait5","FASTmrMLM","NsiI.TP626081","8","7435438","0.0181","0.1951","A"
"4","Trait5","FASTmrMLM","NsiI.TP588209","8","7469475","7.1749e-06","0.0016","A"
"4","Trait5","FASTmrMLM","PstI.TP745916","8","7557437","1.0249e-05","0.0022","C"
"4","Trait5","FASTmrMLM","PstI.TP480723","8","7574456","3.1978e-06","7e-04","A"
"4","Trait5","FASTmrMLM","NsiI.TP237549","8","7869112","-4.9163e-06","0.0011","C"
"4","Trait5","FASTmrMLM","NsiI.TP403997","8","7869135","-0.0119","0.1514","C"
"4","Trait5","FASTmrMLM","GFk45ctg342913_247","8","7952120","-0.0442","0.3814","A"
"4","Trait5","FASTmrMLM","NsiI.TP546430","8","8125401","-1.0328e-05","0.0023","G"
"4","Trait5","FASTmrMLM","PstI.TP1249113","8","8167554","-1.9056e-05","0.0042","C"
"4","Trait5","FASTmrMLM","PstI.TP1086804","8","8194886","-0.0617","0.821","C"
"4","Trait5","FASTmrMLM","PstI.TP341152","8","8206970","-1.2746e-05","0.0028","A"
"4","Trait5","FASTmrMLM","PstI.TP1158870","8","8368163","0.0959","0.3476","C"
"4","Trait5","FASTmrMLM","NsiI.TP446561","8","8614599","1.2965e-05","0.0028","A"
"4","Trait5","FASTmrMLM","NsiI.TP781556","8","9183794","-1.6457e-06","4e-04","A"
"4","Trait5","FASTmrMLM","GFk40ctg229781_98","8","9196332","1.9166e-05","0.0042","A"
"4","Trait5","FASTmrMLM","NsiI.TP745105","8","9200382","-3.4938e-05","0.0077","A"
"4","Trait5","FASTmrMLM","PstI.TP293934","8","9295351","0.1709","1.0876","A"
"4","Trait5","FASTmrMLM","NsiI.TP687555","8","9504792","4.3753e-06","0.001","C"
"4","Trait5","FASTmrMLM","PstI.TP930486","8","9513856","2.0325e-06","4e-04","C"
"4","Trait5","FASTmrMLM","NsiI.TP29119","8","9683827","-3.2005e-05","0.007","A"
"4","Trait5","FASTmrMLM","PstI.TP805347","8","9707412","0.1608","0.7157","A"
"4","Trait5","FASTmrMLM","PstI.TP897141","8","9711467","0.1233","0.9272","C"
"4","Trait5","FASTmrMLM","PstI.TP1125548","8","9735387","-1.3284e-05","0.0029","A"
"4","Trait5","FASTmrMLM","PstI.TP1161009","8","9840641","2.7292e-05","0.006","G"
"4","Trait5","FASTmrMLM","NsiI.TP632462","8","10083104","0.0283","0.3732","A"
"4","Trait5","FASTmrMLM","PstI.TP1068321","8","10103459","-9.8861e-07","2e-04","A"
"4","Trait5","FASTmrMLM","NsiI.TP517825","8","10119262","-1.0771e-05","0.0024","A"
"4","Trait5","FASTmrMLM","PstI.TP309333","8","10157122","-0.1153","1.0233","C"
"4","Trait5","FASTmrMLM","NsiI.TP393031","8","10161729","2.2655e-06","5e-04","G"
"4","Trait5","FASTmrMLM","PstI.TP214844","8","10199088","0.0965","1.259","A"
"4","Trait5","FASTmrMLM","NsiI.TP681322","8","10554261","0.3103","1.3289","C"
"4","Trait5","FASTmrMLM","NsiI.TP770186","8","10752025","-0.2884","0.8094","A"
"4","Trait5","FASTmrMLM","PstI.TP125339","8","10914403","0.0682","0.3449","A"
"4","Trait5","FASTmrMLM","PstI.TP701435","8","11378576","-4.6673e-06","0.001","A"
"4","Trait5","FASTmrMLM","PstI.TP339093","8","11573678","-6.1189e-06","0.0013","G"
"4","Trait5","FASTmrMLM","PstI.TP987367","8","11932078","-0.0112","0.1763","C"
"4","Trait5","FASTmrMLM","PstI.TP908397","8","11934752","-0.0677","0.3158","A"
"4","Trait5","FASTmrMLM","PstI.TP905220","8","12065870","-4.7506e-06","0.001","C"
"4","Trait5","FASTmrMLM","PstI.TP867026","8","12068040","0.1588","0.5545","C"
"4","Trait5","FASTmrMLM","NsiI.TP441951","8","12115756","-0.1629","0.6728","A"
"4","Trait5","FASTmrMLM","NsiI.TP686077","8","12156324","3.697e-05","0.0081","A"
"4","Trait5","FASTmrMLM","NsiI.TP782036","8","12156326","-1.3502e-05","0.0029","A"
"4","Trait5","FASTmrMLM","NsiI.TP782065","8","12156326","0.1342","0.4939","A"
"4","Trait5","FASTmrMLM","NsiI.TP791763","8","12156326","-1.2474e-05","0.0027","G"
"4","Trait5","FASTmrMLM","NsiI.TP785040","8","12156327","2.0137e-05","0.0044","A"
"4","Trait5","FASTmrMLM","NsiI.TP785118","8","12156327","1.2283e-05","0.0027","A"
"4","Trait5","FASTmrMLM","NsiI.TP785613","8","12156329","-7.4209e-05","0.0092","A"
"4","Trait5","FASTmrMLM","NsiI.TP785982","8","12156329","9.1935e-06","0.002","G"
"4","Trait5","FASTmrMLM","NsiI.TP786169","8","12156330","-4.0767e-06","9e-04","C"
"4","Trait5","FASTmrMLM","NsiI.TP787358","8","12156330","-1.357e-05","0.003","A"
"4","Trait5","FASTmrMLM","NsiI.TP19681","8","12156332","1.2265e-05","0.0027","G"
"4","Trait5","FASTmrMLM","NsiI.TP788650","8","12156336","-0.1404","0.6387","A"
"4","Trait5","FASTmrMLM","NsiI.TP787649","8","12156337","2.4072e-06","5e-04","A"
"4","Trait5","FASTmrMLM","NsiI.TP787708","8","12156337","2.7538e-05","0.006","A"
"4","Trait5","FASTmrMLM","NsiI.TP791604","8","12156341","-1.7615e-05","0.0039","C"
"4","Trait5","FASTmrMLM","NsiI.TP783950","8","12156345","8.5331e-06","0.0019","A"
"4","Trait5","FASTmrMLM","NsiI.TP789304","8","12156345","3.4133e-06","7e-04","A"
"4","Trait5","FASTmrMLM","NsiI.TP786376","8","12156376","3.1243e-05","0.0069","A"
"4","Trait5","FASTmrMLM","NsiI.TP802513","8","12156376","-2.041e-05","0.0045","A"
"4","Trait5","FASTmrMLM","NsiI.TP787488","8","12156383","-8.8863e-05","0.0097","C"
"4","Trait5","FASTmrMLM","NsiI.TP786113","8","12156390","-7.4024e-06","0.0016","A"
"4","Trait5","FASTmrMLM","PstI.TP1162398","8","12165733","7.3982e-06","0.0016","C"
"4","Trait5","FASTmrMLM","PstI.TP624956","8","12192304","0.034","0.3938","G"
"4","Trait5","FASTmrMLM","PstI.TP934678","8","12192398","-0.1045","1.3152","A"
"4","Trait5","FASTmrMLM","NsiI.TP132857","8","12304649","-0.0457","0.3137","G"
"4","Trait5","FASTmrMLM","PstI.TP627128","8","12587199","0.0588","0.5243","C"
"4","Trait5","FASTmrMLM","NsiI.TP13142","8","12629379","0.0342","0.2174","G"
"4","Trait5","FASTmrMLM","PstI.TP498377","8","12652764","0.0049","0.0729","C"
"4","Trait5","FASTmrMLM","PstI.TP1088168","8","12690309","1.2848e-05","0.0028","C"
"4","Trait5","FASTmrMLM","NsiI.TP744668","8","13866107","2.4069e-05","0.0053","A"
"4","Trait5","FASTmrMLM","NsiI.TP524933","8","14257061","1.009e-05","0.0022","C"
"4","Trait5","FASTmrMLM","PstI.TP1061654","8","14258720","2.0541e-05","0.0045","A"
"4","Trait5","FASTmrMLM","PstI.TP477367","8","14259231","-2.4393e-05","0.0053","C"
"4","Trait5","FASTmrMLM","NsiI.TP119059","8","14314036","-0.1292","1.02","A"
"4","Trait5","FASTmrMLM","PstI.TP550512","8","14483570","-0.018","0.1904","G"
"4","Trait5","FASTmrMLM","NsiI.TP406640","8","14642962","1.6041e-05","0.0035","C"
"4","Trait5","FASTmrMLM","PstI.TP346129","8","14643029","-4.8506e-06","0.0011","A"
"4","Trait5","FASTmrMLM","NsiI.TP103859","8","15213871","2.3912e-05","0.0052","A"
"4","Trait5","FASTmrMLM","PstI.TP842409","8","15301244","-0.1183","1.0908","A"
"4","Trait5","FASTmrMLM","NsiI.TP666914","8","15301751","1.4617e-05","0.0032","A"
"4","Trait5","FASTmrMLM","NsiI.TP134488","8","15304565","4.9843e-05","0.011","A"
"4","Trait5","FASTmrMLM","PstI.TP922367","8","15434001","-0.066","0.5337","C"
"4","Trait5","FASTmrMLM","PstI.TP479306","8","15452536","0.0882","0.8158","C"
"4","Trait5","FASTmrMLM","PstI.TP63002","8","15748641","2.3601e-05","0.0052","C"
"4","Trait5","FASTmrMLM","PstI.TP53685","8","15754213","-8.6358e-06","0.0019","C"
"4","Trait5","FASTmrMLM","PstI.TP705575","8","15768297","-6.9143e-06","0.0015","A"
"4","Trait5","FASTmrMLM","PstI.TP353721","8","15836971","-1.3889e-05","0.003","C"
"4","Trait5","FASTmrMLM","PstI.TP831876","8","15839243","-1.8419e-05","0.004","A"
"4","Trait5","FASTmrMLM","NsiI.TP744537","8","15911288","-4.9217e-06","0.0011","A"
"4","Trait5","FASTmrMLM","NsiI.TP475814","8","15919288","-0.0504","0.3906","A"
"4","Trait5","FASTmrMLM","PstI.TP845583","8","15926794","-1.488e-05","0.0033","C"
"4","Trait5","FASTmrMLM","PstI.TP1110631","8","15927556","3.5501e-05","0.0078","A"
"4","Trait5","FASTmrMLM","PstI.TP1160771","8","15929940","9.0558e-06","0.002","A"
"4","Trait5","FASTmrMLM","PstI.TP623632","8","15930657","-4.8806e-06","0.0011","A"
"4","Trait5","FASTmrMLM","NsiI.TP308953","8","16086302","0.0618","0.4976","A"
"4","Trait5","FASTmrMLM","PstI.TP290055","8","16103749","0.378","1.9159","A"
"4","Trait5","FASTmrMLM","PstI.TP292987","8","16103762","3.532e-06","8e-04","C"
"4","Trait5","FASTmrMLM","PstI.TP432243","8","16103800","1.1282e-05","0.0025","C"
"4","Trait5","FASTmrMLM","PstI.TP1051394","8","16104677","8.0741e-06","0.0018","C"
"4","Trait5","FASTmrMLM","PstI.TP750467","8","16300896","-2.179e-05","0.0048","A"
"4","Trait5","FASTmrMLM","NsiI.TP279197","8","16347194","1.5122e-06","3e-04","C"
"4","Trait5","FASTmrMLM","PstI.TP453095","8","16696578","8.057e-07","2e-04","A"
"4","Trait5","FASTmrMLM","PstI.TP120061","8","17255694","0.3143","1.8818","C"
"4","Trait5","FASTmrMLM","NsiI.TP503161","8","17399941","1.179e-05","0.0026","C"
"4","Trait5","FASTmrMLM","PstI.TP366929","8","17543761","-3.2296e-05","0.0071","A"
"4","Trait5","FASTmrMLM","PstI.TP411836","8","17596165","-0.0524","0.4373","A"
"4","Trait5","FASTmrMLM","PstI.TP18696","8","17966945","-2.6402e-05","0.0058","C"
"4","Trait5","FASTmrMLM","NsiI.TP693783","8","17983565","-4.3444e-06","9e-04","A"
"4","Trait5","FASTmrMLM","PstI.TP1106767","8","18038551","-1.4933e-05","0.0033","A"
"4","Trait5","FASTmrMLM","PstI.TP1099682","8","18511385","1.8304e-05","0.004","A"
"4","Trait5","FASTmrMLM","PstI.TP1156547","8","18779009","-6.356e-06","0.0014","G"
"4","Trait5","FASTmrMLM","PstI.TP822245","8","18802031","6.8566e-06","0.0015","C"
"4","Trait5","FASTmrMLM","NsiI.TP407779","8","18802079","-2.4721e-05","0.0054","C"
"4","Trait5","FASTmrMLM","NsiI.TP411016","8","19266931","-0.089","0.3606","C"
"4","Trait5","FASTmrMLM","PstI.TP1196315","8","19296994","-1.0987e-05","0.0024","A"
"4","Trait5","FASTmrMLM","PstI.TP1064216","8","19305443","0.0238","0.1573","A"
"4","Trait5","FASTmrMLM","PstI.TP945656","8","20338622","-1.0241e-06","2e-04","A"
"4","Trait5","FASTmrMLM","NsiI.TP799947","8","23541424","-2.5562e-05","0.0041","C"
"4","Trait5","FASTmrMLM","NsiI.TP737772","8","24539132","-0.0568","0.5471","A"
"4","Trait5","FASTmrMLM","PstI.TP928133","8","32503964","0.1544","1.3973","C"
"4","Trait5","FASTmrMLM","NsiI.TP707836","8","32823644","-2e-04","0.0141","C"
"4","Trait5","FASTmrMLM","NsiI.TP23792","8","32833530","1.156e-05","0.0025","A"
"4","Trait5","FASTmrMLM","NsiI.TP25505","8","34777692","2.8595e-05","0.0063","A"
"4","Trait5","FASTmrMLM","GFSSContig16447_152","8","34780579","-0.0258","0.2235","A"
"4","Trait5","FASTmrMLM","PstI.TP34693","8","34812555","-0.1162","0.6504","A"
"4","Trait5","FASTmrMLM","PstI.TP273901","8","35229349","-1.4503e-05","0.0032","G"
"4","Trait5","FASTmrMLM","NsiI.TP416253","8","37899215","0.0562","0.3591","A"
"4","Trait5","FASTmrMLM","PstI.TP1265023","8","37905668","-2.4302e-05","0.0053","C"
"4","Trait5","FASTmrMLM","PstI.TP755740","8","39471866","0.2316","1.1982","A"
"4","Trait5","FASTmrMLM","NsiI.TP336256","8","39684118","0.0413","0.4503","C"
"4","Trait5","FASTmrMLM","NsiI.TP607315","8","39690501","-5.2389e-06","0.0011","C"
"4","Trait5","FASTmrMLM","GFSSContig19900_1921","8","41355641","-0.1224","1.1298","T"
"4","Trait5","FASTmrMLM","NsiI.TP165847","8","41367312","1.9392e-06","4e-04","C"
"4","Trait5","FASTmrMLM","PstI.TP772416","8","41490786","1.1464e-05","0.0025","A"
"4","Trait5","FASTmrMLM","PstI.TP1065040","8","41491760","5.7688e-06","0.0013","C"
"4","Trait5","FASTmrMLM","NsiI.TP778390","8","41575587","1.0844e-06","2e-04","C"
"4","Trait5","FASTmrMLM","NsiI.TP127297","8","41587305","-1.2712e-05","0.0028","A"
"4","Trait5","FASTmrMLM","PstI.TP389528","8","42232733","-0.0199","0.1711","A"
"4","Trait5","FASTmrMLM","NsiI.TP136484","8","42989874","-1.6826e-05","0.0037","C"
"4","Trait5","FASTmrMLM","PstI.TP89153","8","43917729","1.4793e-05","0.0032","C"
"4","Trait5","FASTmrMLM","NsiI.TP644078","8","44666450","2.647e-05","0.0058","C"
"4","Trait5","FASTmrMLM","PstI.TP207812","8","44672544","-3.7816e-06","8e-04","A"
"4","Trait5","FASTmrMLM","NsiI.TP501314","8","44674673","1.0375e-05","0.0023","C"
"4","Trait5","FASTmrMLM","PstI.TP486345","8","44848552","0.0108","0.1835","A"
"4","Trait5","FASTmrMLM","PstI.TP507422","8","44877842","0.0783","0.4409","C"
"4","Trait5","FASTmrMLM","NsiI.TP123799","8","44970294","-2.4003e-05","0.0053","C"
"4","Trait5","FASTmrMLM","NsiI.TP357019","8","45000450","1.0083e-06","2e-04","C"
"4","Trait5","FASTmrMLM","PstI.TP859420","8","45434614","0.0358","0.3133","G"
"4","Trait5","FASTmrMLM","NsiI.TP420187","8","45512433","0.1131","0.8697","C"
"4","Trait5","FASTmrMLM","PstI.TP649919","8","45771383","0.0099","0.1549","G"
"4","Trait5","FASTmrMLM","GFSSContig12663_1010","8","45897743","2.0197e-05","0.0044","A"
"4","Trait5","FASTmrMLM","PstI.TP212298","8","45920553","-3.439e-05","0.0064","G"
"4","Trait5","FASTmrMLM","PstI.TP1075478","8","45927014","0.1352","1.14","C"
"4","Trait5","FASTmrMLM","GFSSContig19170_462","8","46319632","0.1545","0.5626","T"
"4","Trait5","FASTmrMLM","PstI.TP205765","8","46363312","0.1679","1.0258","A"
"4","Trait5","FASTmrMLM","NsiI.TP500446","8","46431395","-4.2624e-05","0.0094","A"
"4","Trait5","FASTmrMLM","PstI.TP570629","8","46689144","-4.579e-06","0.001","A"
"4","Trait5","FASTmrMLM","NsiI.TP66060","8","46691190","0.0668","0.5558","C"
"4","Trait5","FASTmrMLM","NsiI.TP459009","8","46710241","-7.8022e-06","0.0017","C"
"4","Trait5","FASTmrMLM","PstI.TP863519","8","46919744","4.2839e-06","9e-04","C"
"4","Trait5","FASTmrMLM","NsiI.TP804368","8","47075359","6.8692e-06","0.0015","A"
"4","Trait5","FASTmrMLM","NsiI.TP241831","8","47079973","-0.1123","0.8672","A"
"4","Trait5","FASTmrMLM","NsiI.TP337453","8","47521807","-2.3794e-05","0.0052","C"
"4","Trait5","FASTmrMLM","PstI.TP124803","8","47522090","-0.0258","0.3879","C"
"4","Trait5","FASTmrMLM","PstI.TP861191","8","47530500","-1.4375e-05","0.0031","C"
"4","Trait5","FASTmrMLM","NsiI.TP369007","8","47686515","-8.9807e-06","0.002","A"
"4","Trait5","FASTmrMLM","NsiI.TP121246","8","47692039","0.1504","1.0995","A"
"4","Trait5","FASTmrMLM","NsiI.TP487812","8","47694404","-0.2753","1.6378","A"
"4","Trait5","FASTmrMLM","PstI.TP178651","8","47696621","0.0382","0.3939","C"
"4","Trait5","FASTmrMLM","PstI.TP815977","8","47698137","0.058","0.6599","A"
"4","Trait5","FASTmrMLM","PstI.TP1078088","8","47774155","-0.0509","0.3713","C"
"4","Trait5","FASTmrMLM","PstI.TP407978","8","47979692","-6.2968e-06","0.0014","C"
"4","Trait5","FASTmrMLM","PstI.TP169816","8","48457109","0.1066","0.828","A"
"4","Trait5","FASTmrMLM","NsiI.TP489620","8","48741814","-0.0321","0.3164","A"
"4","Trait5","FASTmrMLM","PstI.TP863282","8","48957896","0.0482","0.6229","C"
"4","Trait5","FASTmrMLM","PstI.TP453393","8","48982721","-0.1422","0.9226","A"
"4","Trait5","FASTmrMLM","PstI.TP944086","8","48985039","-2.36e-05","0.0052","A"
"4","Trait5","FASTmrMLM","NsiI.TP218727","8","48988269","5.5678e-06","0.0012","A"
"4","Trait5","FASTmrMLM","NsiI.TP832330","8","48988648","4.2451e-06","9e-04","C"
"4","Trait5","FASTmrMLM","NsiI.TP811343","8","49059069","-5.2825e-06","0.0012","C"
"4","Trait5","FASTmrMLM","NsiI.TP724020","8","49070414","2.7115e-05","0.0059","G"
"4","Trait5","FASTmrMLM","GFSSContig10135_1021","8","49121915","0.0394","0.3298","A"
"4","Trait5","FASTmrMLM","PstI.TP53735","8","49122688","0.0453","0.3088","C"
"4","Trait5","FASTmrMLM","PstI.TP53736","8","49122699","1.0071e-05","0.0022","C"
"4","Trait5","FASTmrMLM","NsiI.TP224547","8","49124442","7.5552e-06","0.0016","C"
"4","Trait5","FASTmrMLM","NsiI.TP260623","8","49124523","-0.1616","0.5482","A"
"4","Trait5","FASTmrMLM","PstI.TP1226481","8","49678662","-2.804e-05","0.0061","A"
"4","Trait5","FASTmrMLM","NsiI.TP235787","8","49761291","-6.6416e-06","0.0014","A"
"4","Trait5","FASTmrMLM","NsiI.TP628293","8","49762943","4.2968e-05","0.0095","C"
"4","Trait5","FASTmrMLM","NsiI.TP499109","8","49890615","-2.8601e-05","0.0063","A"
"4","Trait5","FASTmrMLM","NsiI.TP65306","8","49983148","-1.941e-05","0.0042","C"
"4","Trait5","FASTmrMLM","NsiI.TP228260","8","50158922","0.1528","0.5375","A"
"4","Trait5","FASTmrMLM","PstI.TP360351","8","50194161","-1.1201e-05","0.0024","A"
"4","Trait5","FASTmrMLM","NsiI.TP392781","8","50346713","0.1009","0.4805","G"
"4","Trait5","FASTmrMLM","PstI.TP178455","8","50346825","0.2651","1.0244","C"
"4","Trait5","FASTmrMLM","PstI.TP1108122","8","50347208","-3.4212e-05","0.0075","A"
"4","Trait5","FASTmrMLM","NsiI.TP208625","8","50606712","1.125e-05","0.0025","A"
"4","Trait5","FASTmrMLM","NsiI.TP676878","8","50607404","-3.392e-05","0.0074","C"
"4","Trait5","FASTmrMLM","PstI.TP689954","8","50611826","0.0396","0.4563","A"
"4","Trait5","FASTmrMLM","NsiI.TP63371","8","50627335","-1.7973e-05","0.0039","G"
"4","Trait5","FASTmrMLM","PstI.TP1289421","8","50630889","-2.1473e-05","0.0047","C"
"4","Trait5","FASTmrMLM","PstI.TP1125574","8","50631722","-1.2846e-05","0.0028","G"
"4","Trait5","FASTmrMLM","PstI.TP375957","8","50687141","0.069","0.3472","A"
"4","Trait5","FASTmrMLM","PstI.TP831849","8","50730794","1.0133e-05","0.0022","A"
"4","Trait5","FASTmrMLM","PstI.TP458366","8","50730872","-0.1191","0.9943","A"
"4","Trait5","FASTmrMLM","NsiI.TP574010","8","50730876","-3.4382e-05","0.0075","A"
"4","Trait5","FASTmrMLM","PstI.TP584246","8","51322122","-1.1654e-05","0.0025","A"
"4","Trait5","FASTmrMLM","NsiI.TP173754","8","51330011","1.9158e-05","0.0042","A"
"4","Trait5","FASTmrMLM","NsiI.TP5031","8","51347501","8.1391e-06","0.0018","A"
"4","Trait5","FASTmrMLM","NsiI.TP701042","8","51499141","-2.1964e-05","0.0048","C"
"4","Trait5","FASTmrMLM","PstI.TP685814","8","51520152","0.0594","0.337","C"
"4","Trait5","FASTmrMLM","NsiI.TP756857","8","51668349","6.779e-07","1e-04","C"
"4","Trait5","FASTmrMLM","PstI.TP570269","8","51714946","2.6918e-05","0.0059","C"
"4","Trait5","FASTmrMLM","PstI.TP332628","8","51800257","7.9546e-06","0.0017","G"
"4","Trait5","FASTmrMLM","PstI.TP936559","8","51918863","-1.0283e-05","0.0022","A"
"4","Trait5","FASTmrMLM","PstI.TP944343","8","51918904","-8.9204e-06","0.0019","C"
"4","Trait5","FASTmrMLM","PstI.TP833247","8","51922061","-2.1139e-05","0.0046","C"
"4","Trait5","FASTmrMLM","NsiI.TP44417","8","52057205","1.3222e-05","0.0029","C"
"4","Trait5","FASTmrMLM","PstI.TP343415","8","52058191","-1.2825e-06","3e-04","C"
"4","Trait5","FASTmrMLM","PstI.TP1264166","8","52135359","0.0342","0.2649","C"
"4","Trait5","FASTmrMLM","PstI.TP831262","8","52135579","3.0697e-05","0.0067","G"
"4","Trait5","FASTmrMLM","NsiI.TP19314","8","52151314","-1.1017e-05","0.0024","G"
"4","Trait5","FASTmrMLM","PstI.TP136055","8","52178335","0.0503","0.4716","A"
"4","Trait5","FASTmrMLM","GFSSContig12706_492","8","52197611","1.8291e-05","0.004","T"
"4","Trait5","FASTmrMLM","PstI.TP1251025","8","52202923","-4.7348e-06","0.001","C"
"4","Trait5","FASTmrMLM","PstI.TP611046","8","52216133","-4.9147e-06","0.0011","A"
"4","Trait5","FASTmrMLM","NsiI.TP500741","8","52307630","1.1796e-05","0.0026","C"
"4","Trait5","FASTmrMLM","PstI.TP173042","8","52310772","0.0823","0.8718","A"
"4","Trait5","FASTmrMLM","GFSSContig19750_4048","8","52320872","-3.1099e-06","7e-04","T"
"4","Trait5","FASTmrMLM","NsiI.TP420038","8","52379885","1.4625e-06","3e-04","G"
"4","Trait5","FASTmrMLM","PstI.TP542055","8","52386796","-7.7773e-07","2e-04","C"
"4","Trait5","FASTmrMLM","PstI.TP12517","8","52387781","-1.8438e-05","0.004","A"
"4","Trait5","FASTmrMLM","PstI.TP464577","8","52589502","2.9614e-06","6e-04","C"
"4","Trait5","FASTmrMLM","PstI.TP640613","8","52638446","-0.248","1.0687","A"
"4","Trait5","FASTmrMLM","PstI.TP1247830","8","52647209","0.1293","0.8582","C"
"4","Trait5","FASTmrMLM","PstI.TP113313","8","52654110","1.6017e-05","0.0035","A"
"4","Trait5","FASTmrMLM","NsiI.TP589984","8","52737990","2.0725e-06","5e-04","C"
"4","Trait5","FASTmrMLM","PstI.TP1053971","8","52739079","-2.2784e-05","0.005","C"
"4","Trait5","FASTmrMLM","NsiI.TP367023","8","52741869","-1.3544e-05","0.003","A"
"4","Trait5","FASTmrMLM","NsiI.TP423749","8","52745949","1.0246e-05","0.0022","A"
"4","Trait5","FASTmrMLM","NsiI.TP128448","8","52808209","9.9463e-06","0.0022","C"
"4","Trait5","FASTmrMLM","NsiI.TP110527","8","52811298","0.0955","0.5974","A"
"4","Trait5","FASTmrMLM","PstI.TP49251","8","52811353","-1.1967e-05","0.0026","A"
"4","Trait5","FASTmrMLM","NsiI.TP393858","8","52979195","1.7349e-05","0.0038","A"
"4","Trait5","FASTmrMLM","NsiI.TP486637","8","53006859","-5.7028e-05","0.0083","G"
"4","Trait5","FASTmrMLM","PstI.TP1148284","8","53065566","-0.224","1.5318","C"
"4","Trait5","FASTmrMLM","PstI.TP933806","8","53107674","0.0281","0.2183","A"
"4","Trait5","FASTmrMLM","PstI.TP397717","8","53109537","3.6124e-05","0.0079","A"
"4","Trait5","FASTmrMLM","PstI.TP847961","8","53109574","-2.8698e-05","0.0063","C"
"4","Trait5","FASTmrMLM","PstI.TP164514","8","53126380","-1.0187e-05","0.0022","A"
"4","Trait5","FASTmrMLM","NsiI.TP751617","8","53129682","2.133e-05","0.0047","A"
"4","Trait5","FASTmrMLM","NsiI.TP254355","8","53206605","-4.1401e-06","9e-04","A"
"4","Trait5","FASTmrMLM","PstI.TP1142498","8","53214814","-0.0732","0.899","C"
"4","Trait5","FASTmrMLM","PstI.TP1135651","8","53214855","-2.6325e-05","0.0058","A"
"4","Trait5","FASTmrMLM","PstI.TP427055","8","53245772","5.0465e-06","0.0011","A"
"4","Trait5","FASTmrMLM","NsiI.TP20016","8","53807812","-0.012","0.1853","A"
"4","Trait5","FASTmrMLM","NsiI.TP828499","8","53841838","5.7496e-06","0.0013","A"
"4","Trait5","FASTmrMLM","NsiI.TP424863","8","53932720","2.8907e-05","0.0063","A"
"4","Trait5","FASTmrMLM","NsiI.TP777378","8","54520904","0.1257","1.3257","C"
"4","Trait5","FASTmrMLM","NsiI.TP392845","8","54528007","-0.0543","0.431","G"
"4","Trait5","FASTmrMLM","PstI.TP17427","8","54597919","-1.2258e-05","0.0027","C"
"4","Trait5","FASTmrMLM","PstI.TP1060593","8","54599599","1.9676e-05","0.0043","A"
"4","Trait5","FASTmrMLM","PstI.TP544297","8","54628382","9.0878e-06","0.002","C"
"4","Trait5","FASTmrMLM","PstI.TP763524","8","54655315","-0.0337","0.2907","G"
"4","Trait5","FASTmrMLM","NsiI.TP794363","8","54703413","-6.0997e-06","0.0013","C"
"4","Trait5","FASTmrMLM","NsiI.TP320294","8","54742718","3.2634e-05","0.0072","C"
"4","Trait5","FASTmrMLM","PstI.TP220441","8","54813165","1.8585e-06","4e-04","A"
"4","Trait5","FASTmrMLM","NsiI.TP465341","8","54917648","0.0603","0.4827","A"
"4","Trait5","FASTmrMLM","PstI.TP264414","8","54921126","1.2909e-05","0.0028","A"
"4","Trait5","FASTmrMLM","PstI.TP41816","8","54937285","8.4013e-06","0.0018","A"
"4","Trait5","FASTmrMLM","PstI.TP847070","8","55141890","-1.7526e-05","0.0038","C"
"4","Trait5","FASTmrMLM","PstI.TP1000334","8","55283247","0.1071","0.5765","A"
"4","Trait5","FASTmrMLM","NsiI.TP494113","8","55286114","-0.0823","0.7549","C"
"4","Trait5","FASTmrMLM","NsiI.TP181198","8","55572072","-1.7258e-05","0.0038","A"
"4","Trait5","FASTmrMLM","PstI.TP585913","8","55579533","2.1065e-05","0.0046","C"
"4","Trait5","FASTmrMLM","PstI.TP687707","8","55625815","-2.5696e-05","0.0056","C"
"4","Trait5","FASTmrMLM","PstI.TP99563","8","55637394","-0.0447","0.3081","A"
"4","Trait5","FASTmrMLM","PstI.TP216273","8","55690936","-0.0612","0.3153","A"
"4","Trait5","FASTmrMLM","PstI.TP986861","8","55695452","-1.5014e-05","0.0033","A"
"4","Trait5","FASTmrMLM","NsiI.TP442125","8","55700456","-1.9919e-06","4e-04","A"
"4","Trait5","FASTmrMLM","NsiI.TP264570","8","55717875","1.8983e-06","4e-04","A"
"4","Trait5","FASTmrMLM","NsiI.TP262378","8","55743978","2.6835e-05","0.0059","C"
"4","Trait5","FASTmrMLM","NsiI.TP373497","8","55796786","-0.1346","0.742","A"
"4","Trait5","FASTmrMLM","PstI.TP1009308","8","55801809","7.9683e-06","0.0017","A"
"4","Trait5","FASTmrMLM","NsiI.TP634834","8","55897345","0.0262","0.3049","A"
"4","Trait5","FASTmrMLM","NsiI.TP254052","8","55900499","7.3493e-07","2e-04","C"
"4","Trait5","FASTmrMLM","PstI.TP860970","8","55903772","-9.8669e-06","0.0022","C"
"4","Trait5","FASTmrMLM","PstI.TP860968","8","55903811","7.4976e-06","0.0016","C"
"4","Trait5","FASTmrMLM","PstI.TP71898","8","55904365","0.0321","0.2906","A"
"4","Trait5","FASTmrMLM","NsiI.TP363120","8","55917435","4.4101e-06","0.001","C"
"4","Trait5","FASTmrMLM","NsiI.TP271217","8","55922463","2.4252e-05","0.0053","A"
"4","Trait5","FASTmrMLM","NsiI.TP45965","8","55945350","1.7921e-05","0.0039","C"
"4","Trait5","FASTmrMLM","NsiI.TP179941","8","55948810","3e-04","0.0173","C"
"4","Trait5","FASTmrMLM","NsiI.TP175698","8","55948858","-0.1186","0.607","G"
"4","Trait5","FASTmrMLM","NsiI.TP678261","8","55967248","-0.2161","1.0527","A"
"4","Trait5","FASTmrMLM","PstI.TP874941","8","55971396","-2.8891e-05","0.0063","C"
"4","Trait5","FASTmrMLM","NsiI.TP358258","8","55971705","0.0539","0.5077","A"
"4","Trait5","FASTmrMLM","NsiI.TP467446","8","56050946","-0.0964","1.2191","C"
"4","Trait5","FASTmrMLM","NsiI.TP458362","8","56176010","-1.2526e-05","0.0027","C"
"4","Trait5","FASTmrMLM","NsiI.TP196872","8","56177605","5.8138e-06","0.0013","C"
"4","Trait5","FASTmrMLM","PstI.TP1241299","8","56273280","-0.0506","0.2516","A"
"4","Trait5","FASTmrMLM","NsiI.TP66884","8","56275140","-0.054","0.4244","C"
"4","Trait5","FASTmrMLM","PstI.TP1046943","8","56285552","-3e-04","0.0174","G"
"4","Trait5","FASTmrMLM","NsiI.TP602850","8","56304098","1.5169e-05","0.0033","A"
"4","Trait5","FASTmrMLM","NsiI.TP2523","8","56306112","0.0686","0.891","A"
"4","Trait5","FASTmrMLM","NsiI.TP367243","8","56347231","-1.1643e-05","0.0025","G"
"4","Trait5","FASTmrMLM","GFSSContig19351_2904","8","56396738","3.1181e-06","7e-04","A"
"4","Trait5","FASTmrMLM","PstI.TP365898","8","56419528","-7.4927e-06","0.0016","C"
"4","Trait5","FASTmrMLM","NsiI.TP50068","8","56455112","1.918e-05","0.0042","A"
"4","Trait5","FASTmrMLM","PstI.TP311827","8","56474277","4.1336e-06","9e-04","A"
"4","Trait5","FASTmrMLM","PstI.TP549180","8","56484836","-1.4556e-05","0.0032","G"
"4","Trait5","FASTmrMLM","NsiI.TP150977","8","56487771","-3.659e-06","8e-04","A"
"4","Trait5","FASTmrMLM","NsiI.TP778055","8","56489107","2.8006e-06","6e-04","C"
"4","Trait5","FASTmrMLM","NsiI.TP57147","8","56500375","-3.466e-05","0.0076","C"
"4","Trait5","FASTmrMLM","PstI.TP1042211","8","56502467","0.0189","0.2227","C"
"4","Trait5","FASTmrMLM","PstI.TP704438","8","56506680","5.7099e-06","0.0012","C"
"4","Trait5","FASTmrMLM","PstI.TP627287","8","56538667","-0.0468","0.4464","C"
"4","Trait5","FASTmrMLM","NsiI.TP394597","8","56568502","-4.416e-06","0.001","A"
"4","Trait5","FASTmrMLM","PstI.TP722041","8","56604235","0.227","1.2597","A"
"4","Trait5","FASTmrMLM","PstI.TP1251472","8","56640077","6.2069e-05","0.0082","C"
"4","Trait5","FASTmrMLM","PstI.TP1247814","8","56640130","0.22","1.5013","C"
"4","Trait5","FASTmrMLM","PstI.TP103614","8","56666806","0.2046","1.134","A"
"4","Trait5","FASTmrMLM","PstI.TP141062","8","56700078","1.1225e-05","0.0024","A"
"4","Trait5","FASTmrMLM","PstI.TP1187266","8","56708490","-2.1673e-05","0.0047","C"
"4","Trait5","FASTmrMLM","PstI.TP836303","8","56711260","0.1658","1.6142","C"
"4","Trait5","FASTmrMLM","PstI.TP801271","8","56733365","-1.9176e-05","0.0042","C"
"4","Trait5","FASTmrMLM","PstI.TP962832","8","56756625","-7.647e-06","0.0017","A"
"4","Trait5","FASTmrMLM","PstI.TP902321","8","56813101","0.1594","1.5366","A"
"4","Trait5","FASTmrMLM","NsiI.TP332492","8","56933043","5.6865e-06","0.0012","A"
"4","Trait5","FASTmrMLM","PstI.TP631994","8","56933241","0.1392","1.5247","A"
"4","Trait5","FASTmrMLM","PstI.TP700381","8","56933270","6.5653e-06","0.0014","A"
"4","Trait5","FASTmrMLM","PstI.TP140115","8","57059484","1.0775e-05","0.0024","A"
"4","Trait5","FASTmrMLM","PstI.TP140116","8","57059501","0.1799","1.1163","A"
"4","Trait5","FASTmrMLM","PstI.TP534174","8","57069014","0.1152","0.6384","G"
"4","Trait5","FASTmrMLM","PstI.TP570599","8","57084424","2e-04","0.0108","A"
"4","Trait5","FASTmrMLM","NsiI.TP10770","8","57087566","0.0452","0.3706","A"
"4","Trait5","FASTmrMLM","PstI.TP166135","8","57118094","1.8889e-06","4e-04","A"
"4","Trait5","FASTmrMLM","NsiI.TP624056","8","57193287","0.0886","0.8481","C"
"4","Trait5","FASTmrMLM","PstI.TP218368","8","57214730","8.6218e-06","0.0019","C"
"4","Trait5","FASTmrMLM","NsiI.TP201200","8","57224391","-4.0485e-05","0.0089","A"
"4","Trait5","FASTmrMLM","NsiI.TP200401","8","57224404","4.6396e-06","0.001","A"
"4","Trait5","FASTmrMLM","PstI.TP787571","8","57225074","-1.6234e-05","0.0035","C"
"4","Trait5","FASTmrMLM","NsiI.TP149439","8","57282588","-0.1833","1.045","C"
"4","Trait5","FASTmrMLM","PstI.TP461226","8","57300091","-3.4946e-05","0.0077","A"
"4","Trait5","FASTmrMLM","PstI.TP152342","8","57310803","-3.5724e-06","8e-04","A"
"4","Trait5","FASTmrMLM","PstI.TP1172237","8","57337766","-0.1753","0.7518","G"
"4","Trait5","FASTmrMLM","NsiI.TP166221","8","57373291","7.5772e-06","0.0017","C"
"4","Trait5","FASTmrMLM","PstI.TP179063","8","57415268","-7.9203e-06","0.0017","A"
"4","Trait5","FASTmrMLM","PstI.TP790891","8","57423805","-2.5908e-05","0.0057","A"
"4","Trait5","FASTmrMLM","NsiI.TP718915","8","57429561","-0.1403","0.6902","A"
"4","Trait5","FASTmrMLM","NsiI.TP718893","8","57429584","2.9733e-05","0.0065","A"
"4","Trait5","FASTmrMLM","PstI.TP935722","8","57435831","3.9519e-05","0.0087","C"
"4","Trait5","FASTmrMLM","PstI.TP488540","8","57438838","-7.9135e-06","0.0017","C"
"4","Trait5","FASTmrMLM","PstI.TP510530","8","57442003","2.6702e-05","0.0059","A"
"4","Trait5","FASTmrMLM","PstI.TP806308","8","57451498","0.0876","1.1149","A"
"4","Trait5","FASTmrMLM","PstI.TP1156625","8","57451842","5.0277e-06","0.0011","C"
"4","Trait5","FASTmrMLM","NsiI.TP443141","8","57486959","0.1307","0.8199","G"
"4","Trait5","FASTmrMLM","NsiI.TP359166","8","57535658","1.4335e-05","0.0031","C"
"4","Trait5","FASTmrMLM","NsiI.TP222982","8","57536177","-1.1134e-05","0.0024","A"
"4","Trait5","FASTmrMLM","NsiI.TP174720","8","57540284","-1.3579e-05","0.003","C"
"4","Trait5","FASTmrMLM","PstI.TP394489","8","57588598","-6.1364e-06","0.0013","A"
"4","Trait5","FASTmrMLM","NsiI.TP816488","8","57630595","1.2644e-05","0.0028","C"
"4","Trait5","FASTmrMLM","NsiI.TP593462","8","57647375","-2.2694e-05","0.005","C"
"4","Trait5","FASTmrMLM","PstI.TP758435","8","57647996","-0.2317","1.992","A"
"4","Trait5","FASTmrMLM","NsiI.TP128638","8","57652608","-0.0792","0.8868","C"
"4","Trait5","FASTmrMLM","PstI.TP589392","8","57653861","-0.0115","0.1191","A"
"4","Trait5","FASTmrMLM","PstI.TP1041621","8","57654131","-0.0559","0.5492","A"
"4","Trait5","FASTmrMLM","NsiI.TP51421","8","57671019","-0.045","0.3852","A"
"4","Trait5","FASTmrMLM","PstI.TP777340","8","57671132","-0.0172","0.2408","C"
"4","Trait5","FASTmrMLM","NsiI.TP820289","8","57687842","0.0412","0.5237","C"
"4","Trait5","FASTmrMLM","NsiI.TP485141","8","57723465","-2.0695e-05","0.0045","C"
"4","Trait5","FASTmrMLM","PstI.TP364176","8","57726614","-0.1527","0.5371","A"
"4","Trait5","FASTmrMLM","NsiI.TP663775","8","57726614","1.441e-06","3e-04","G"
"4","Trait5","FASTmrMLM","NsiI.TP411207","8","57749131","0.0556","0.5025","C"
"4","Trait5","FASTmrMLM","NsiI.TP800506","8","57760179","3.3378e-05","0.0073","A"
"4","Trait5","FASTmrMLM","PstI.TP51172","8","57841480","8.3563e-06","0.0018","G"
"4","Trait5","FASTmrMLM","NsiI.TP592818","8","58043130","-1.6463e-05","0.0036","C"
"4","Trait5","FASTmrMLM","PstI.TP1264521","8","58068924","-4.2312e-05","0.0093","A"
"4","Trait5","FASTmrMLM","PstI.TP615521","8","58093270","1.3321e-05","0.0029","C"
"4","Trait5","FASTmrMLM","PstI.TP496475","8","58094286","-0.0449","0.397","A"
"4","Trait5","FASTmrMLM","NsiI.TP364363","8","58098847","1.0538e-05","0.0023","A"
"4","Trait5","FASTmrMLM","NsiI.TP152740","8","58108475","-2.7867e-06","6e-04","A"
"4","Trait5","FASTmrMLM","PstI.TP320444","8","58110822","8.5814e-06","0.0019","A"
"4","Trait5","FASTmrMLM","PstI.TP701952","8","58111611","0.0183","0.2383","G"
"4","Trait5","FASTmrMLM","PstI.TP908198","8","58116048","-0.0352","0.3195","A"
"4","Trait5","FASTmrMLM","PstI.TP103845","8","58125692","4.556e-06","0.001","C"
"4","Trait5","FASTmrMLM","PstI.TP18189","8","58139203","0.0108","0.1637","A"
"4","Trait5","FASTmrMLM","PstI.TP1263036","8","58155778","0.0384","0.5476","G"
"4","Trait5","FASTmrMLM","NsiI.TP523439","8","58182874","-0.1229","1.24","G"
"4","Trait5","FASTmrMLM","NsiI.TP1005","8","58192884","-2.1509e-05","0.0047","C"
"4","Trait5","FASTmrMLM","PstI.TP801096","8","58209473","0.086","0.488","C"
"4","Trait5","FASTmrMLM","PstI.TP753385","8","58262070","-3.605e-06","8e-04","A"
"4","Trait5","FASTmrMLM","PstI.TP350583","8","58267076","0.0187","0.2048","A"
"4","Trait5","FASTmrMLM","PstI.TP37199","8","58277845","0.2827","0.8592","A"
"4","Trait5","FASTmrMLM","PstI.TP1218945","8","58295318","0.1294","0.5246","C"
"4","Trait5","FASTmrMLM","PstI.TP641992","8","58295430","-4.1282e-05","0.0091","C"
"4","Trait5","FASTmrMLM","PstI.TP522065","8","58295434","-0.0492","0.2641","A"
"4","Trait5","FASTmrMLM","NsiI.TP218922","8","58297852","-2.1697e-06","5e-04","G"
"4","Trait5","FASTmrMLM","NsiI.TP452227","8","58350505","-0.0396","0.401","C"
"4","Trait5","FASTmrMLM","PstI.TP785585","8","58358776","5.0197e-06","0.0011","C"
"4","Trait5","FASTmrMLM","PstI.TP255387","8","58411554","-0.1663","0.9625","A"
"4","Trait5","FASTmrMLM","PstI.TP79095","8","58420064","1.4962e-06","3e-04","A"
"4","Trait5","FASTmrMLM","NsiI.TP133271","8","58436161","-0.1702","0.9481","C"
"4","Trait5","FASTmrMLM","PstI.TP411604","8","58455418","-2.4606e-05","0.0054","A"
"4","Trait5","FASTmrMLM","PstI.TP1015126","8","58477747","-0.0328","0.4245","C"
"4","Trait5","FASTmrMLM","PstI.TP315643","8","58488043","1.2596e-05","0.0028","C"
"4","Trait5","FASTmrMLM","PstI.TP1055308","8","58520672","1.3312e-05","0.0029","C"
"4","Trait5","FASTmrMLM","NsiI.TP197576","8","58527013","-3.3898e-05","0.0074","C"
"4","Trait5","FASTmrMLM","NsiI.TP32638","8","58529578","1.4774e-05","0.0032","C"
"4","Trait5","FASTmrMLM","NsiI.TP473357","8","58543286","2.2793e-05","0.005","G"
"4","Trait5","FASTmrMLM","PstI.TP1101384","8","58544035","1.0416e-05","0.0023","C"
"4","Trait5","FASTmrMLM","PstI.TP544270","8","58554756","6.7644e-06","0.0015","C"
"4","Trait5","FASTmrMLM","NsiI.TP167296","8","58557615","1.1498e-05","0.0025","C"
"4","Trait5","FASTmrMLM","PstI.TP609957","8","58571401","2.7597e-06","6e-04","A"
"4","Trait5","FASTmrMLM","PstI.TP824282","8","58573215","-1.1039e-05","0.0024","G"
"4","Trait5","FASTmrMLM","PstI.TP836276","8","58576029","7.9043e-06","0.0017","C"
"4","Trait5","FASTmrMLM","PstI.TP239022","8","58605820","-1.5532e-05","0.0034","A"
"4","Trait5","FASTmrMLM","PstI.TP758934","8","58616074","-2.3254e-06","5e-04","A"
"4","Trait5","FASTmrMLM","NsiI.TP779420","8","58629300","-0.2832","2.6734","C"
"4","Trait5","FASTmrMLM","PstI.TP727957","8","58629331","-4.7769e-06","0.001","A"
"4","Trait5","FASTmrMLM","PstI.TP135047","8","58631343","7.9068e-06","0.0017","A"
"4","Trait5","FASTmrMLM","PstI.TP904898","8","58688823","0.0576","0.6229","A"
"4","Trait5","FASTmrMLM","NsiI.TP773399","8","58699707","-4.1657e-06","9e-04","C"
"4","Trait5","FASTmrMLM","PstI.TP223037","8","58738274","-3.054e-06","7e-04","A"
"4","Trait5","FASTmrMLM","PstI.TP239767","8","58756406","-0.1057","0.5982","A"
"4","Trait5","FASTmrMLM","PstI.TP1239930","8","58760724","1.6327e-05","0.0036","G"
"4","Trait5","FASTmrMLM","PstI.TP1038754","8","58785840","5.6177e-06","0.0012","C"
"4","Trait5","FASTmrMLM","NsiI.TP570387","8","58823674","0.0302","0.3281","A"
"4","Trait5","FASTmrMLM","PstI.TP740995","8","58841632","1.6295e-05","0.0036","C"
"4","Trait5","FASTmrMLM","PstI.TP798504","8","58863921","-5.6625e-06","0.0012","C"
"4","Trait5","FASTmrMLM","PstI.TP846611","8","58864921","-7.989e-06","0.0017","A"
"4","Trait5","FASTmrMLM","PstI.TP1046729","8","58888202","7.6486e-06","0.0017","A"
"4","Trait5","FASTmrMLM","PstI.TP69228","8","58891020","2.0217e-05","0.0044","C"
"4","Trait5","FASTmrMLM","PstI.TP724051","8","58905865","9.8421e-06","0.0021","C"
"4","Trait5","FASTmrMLM","NsiI.TP556010","8","58927792","-0.2014","1.1175","C"
"4","Trait5","FASTmrMLM","NsiI.TP431959","8","58928827","1.6928e-05","0.0037","A"
"4","Trait5","FASTmrMLM","NsiI.TP396956","8","58998596","2.6111e-05","0.0057","A"
"4","Trait5","FASTmrMLM","NsiI.TP622191","8","59033567","0.0609","0.3761","G"
"4","Trait5","FASTmrMLM","NsiI.TP622196","8","59033570","-3.7069e-06","8e-04","A"
"4","Trait5","FASTmrMLM","NsiI.TP622194","8","59033582","1.4572e-05","0.0032","C"
"4","Trait5","FASTmrMLM","PstI.TP976352","8","59033995","3.9485e-06","9e-04","G"
"4","Trait5","FASTmrMLM","PstI.TP212156","8","59034088","-0.0866","0.9048","A"
"4","Trait5","FASTmrMLM","NsiI.TP630003","8","59036123","1.7514e-06","4e-04","C"
"4","Trait5","FASTmrMLM","NsiI.TP257798","8","59104697","0.0297","0.1914","C"
"4","Trait5","FASTmrMLM","PstI.TP1003726","8","59144857","2.4148e-05","0.0053","G"
"4","Trait5","FASTmrMLM","NsiI.TP494632","8","59177350","0.1576","1.0915","C"
"4","Trait5","FASTmrMLM","PstI.TP920988","8","59203441","-0.2846","1.1148","C"
"4","Trait5","FASTmrMLM","PstI.TP985980","8","59210713","0.047","0.5351","A"
"4","Trait5","FASTmrMLM","NsiI.TP59680","8","59227997","-2.9429e-05","0.0065","C"
"4","Trait5","FASTmrMLM","NsiI.TP539019","8","59248152","0.0636","0.5477","G"
"4","Trait5","FASTmrMLM","PstI.TP315933","8","59252998","-0.0542","0.7158","A"
"4","Trait5","FASTmrMLM","NsiI.TP84196","8","59254148","0.0301","0.2823","C"
"4","Trait5","FASTmrMLM","NsiI.TP438632","8","59267115","7.8755e-06","0.0017","C"
"4","Trait5","FASTmrMLM","PstI.TP1271311","8","59289474","-8.5563e-06","0.0019","A"
"4","Trait5","FASTmrMLM","NsiI.TP226562","8","59296270","-0.1954","1.2554","A"
"4","Trait5","FASTmrMLM","NsiI.TP301935","8","59296322","2.9201e-05","0.0064","A"
"4","Trait5","FASTmrMLM","NsiI.TP505190","8","59308030","0.0105","0.1588","C"
"4","Trait5","FASTmrMLM","NsiI.TP378120","8","59325702","2.4132e-05","0.0053","G"
"4","Trait5","FASTmrMLM","PstI.TP683086","8","59329399","0.0058","0.0767","G"
"4","Trait5","FASTmrMLM","PstI.TP22607","8","59337811","2.469e-05","0.0054","A"
"4","Trait5","FASTmrMLM","NsiI.TP592764","8","59351959","2.1305e-06","5e-04","C"
"4","Trait5","FASTmrMLM","PstI.TP325668","8","59365700","2.697e-05","0.0059","A"
"4","Trait5","FASTmrMLM","PstI.TP12356","8","59365995","-1.0061e-05","0.0022","C"
"4","Trait5","FASTmrMLM","PstI.TP1269511","8","59384751","1.4942e-05","0.0033","C"
"4","Trait5","FASTmrMLM","PstI.TP1156894","8","59426470","0.1232","1.3178","A"
"4","Trait5","FASTmrMLM","PstI.TP1131319","8","59436386","1.0489e-05","0.0023","G"
"4","Trait5","FASTmrMLM","NsiI.TP741538","8","59582552","-1.3742e-05","0.003","A"
"4","Trait5","FASTmrMLM","PstI.TP140089","8","59598122","-6.3332e-06","0.0014","A"
"4","Trait5","FASTmrMLM","PstI.TP320596","8","59673184","1.3372e-05","0.0029","C"
"4","Trait5","FASTmrMLM","PstI.TP1286083","8","59701772","2.8717e-05","0.0063","C"
"4","Trait5","FASTmrMLM","PstI.TP734535","8","59703274","3.0371e-05","0.0067","C"
"4","Trait5","FASTmrMLM","NsiI.TP452471","8","59709291","1.6785e-05","0.0037","C"
"4","Trait5","FASTmrMLM","PstI.TP937088","8","59762667","-1.7426e-05","0.0038","A"
"4","Trait5","FASTmrMLM","NsiI.TP368038","8","59783912","-6.883e-06","0.0015","C"
"4","Trait5","FASTmrMLM","NsiI.TP671942","8","59803876","7.4282e-07","2e-04","A"
"4","Trait5","FASTmrMLM","PstI.TP487012","8","59804023","0.0226","0.2865","C"
"4","Trait5","FASTmrMLM","NsiI.TP435608","8","59829349","-1.7518e-05","0.0038","C"
"4","Trait5","FASTmrMLM","PstI.TP45420","8","59829645","1.295e-05","0.0028","A"
"4","Trait5","FASTmrMLM","NsiI.TP623283","8","59831129","-8.8696e-06","0.0019","A"
"4","Trait5","FASTmrMLM","PstI.TP799676","8","59836522","1.167e-05","0.0025","A"
"4","Trait5","FASTmrMLM","PstI.TP961842","8","59838089","1.1107e-05","0.0024","C"
"4","Trait5","FASTmrMLM","PstI.TP150888","8","59838098","-5.7329e-06","0.0012","A"
"4","Trait5","FASTmrMLM","NsiI.TP769208","8","59861321","0.0584","0.2929","A"
"4","Trait5","FASTmrMLM","PstI.TP686737","8","59901113","-0.0297","0.3253","C"
"4","Trait5","FASTmrMLM","PstI.TP589468","8","59940785","-8.1573e-07","2e-04","A"
"4","Trait5","FASTmrMLM","PstI.TP487316","8","59968292","-0.0641","0.7809","C"
"4","Trait5","FASTmrMLM","NsiI.TP719727","8","59975326","0.0601","0.6836","A"
"4","Trait5","FASTmrMLM","PstI.TP287194","8","59983699","-4.215e-06","9e-04","A"
"4","Trait5","FASTmrMLM","PstI.TP1121090","8","60010525","1.1355e-05","0.0025","G"
"4","Trait5","FASTmrMLM","NsiI.TP102916","8","60081027","0.0998","0.592","C"
"4","Trait5","FASTmrMLM","PstI.TP794364","8","60136310","-1.465e-05","0.0032","C"
"4","Trait5","FASTmrMLM","PstI.TP1030608","8","60202298","-8.691e-05","0.0094","G"
"4","Trait5","FASTmrMLM","PstI.TP43108","8","60204357","-0.3271","2.4803","C"
"4","Trait5","FASTmrMLM","NsiI.TP704487","8","60204843","-8.3563e-06","0.0018","A"
"4","Trait5","FASTmrMLM","PstI.TP112916","8","60207153","1.7309e-05","0.0038","A"
"4","Trait5","FASTmrMLM","NsiI.TP454340","8","60214669","-1.9254e-05","0.0042","A"
"4","Trait5","FASTmrMLM","NsiI.TP511017","8","60244153","-1.0503e-05","0.0023","C"
"4","Trait5","FASTmrMLM","PstI.TP689237","8","60251186","-6.7148e-06","0.0015","A"
"4","Trait5","FASTmrMLM","NsiI.TP228828","8","60310078","0.1717","0.8196","C"
"4","Trait5","FASTmrMLM","PstI.TP704813","8","60344076","9.6608e-06","0.0021","C"
"4","Trait5","FASTmrMLM","PstI.TP863552","8","60368284","1.4886e-05","0.0033","C"
"4","Trait5","FASTmrMLM","PstI.TP172448","8","60371662","0.3175","2.1016","G"
"4","Trait5","FASTmrMLM","NsiI.TP701217","8","60371664","-0.0866","1.0599","A"
"4","Trait5","FASTmrMLM","GFSSContig18297_1609","8","60382973","-2.4897e-05","0.0055","A"
"4","Trait5","FASTmrMLM","NsiI.TP208536","8","60383927","0.0655","0.4635","C"
"4","Trait5","FASTmrMLM","PstI.TP481860","8","60385095","-0.0427","0.2438","C"
"4","Trait5","FASTmrMLM","PstI.TP962582","8","60385171","-1.6036e-05","0.0035","A"
"4","Trait5","FASTmrMLM","PstI.TP1160800","8","60392457","-2.3304e-05","0.0051","C"
"4","Trait5","FASTmrMLM","PstI.TP693475","8","60446485","0.1084","0.6819","A"
"4","Trait5","FASTmrMLM","NsiI.TP341043","8","60447845","0.0639","0.6549","A"
"4","Trait5","FASTmrMLM","NsiI.TP182496","8","60472469","1.6666e-05","0.0036","C"
"4","Trait5","FASTmrMLM","PstI.TP268135","8","60518710","0.3326","1.3521","A"
"4","Trait5","FASTmrMLM","PstI.TP993788","8","60518710","-1.1605e-05","0.0025","A"
"4","Trait5","FASTmrMLM","PstI.TP90015","8","60529365","-2.0617e-05","0.0045","C"
"4","Trait5","FASTmrMLM","NsiI.TP763865","8","60532558","-0.0263","0.2539","C"
"4","Trait5","FASTmrMLM","PstI.TP342343","8","60537164","0.0899","1.0773","A"
"4","Trait5","FASTmrMLM","PstI.TP284188","8","60547814","1.9418e-05","0.0042","A"
"4","Trait5","FASTmrMLM","PstI.TP706588","8","60552786","8.5249e-06","0.0019","A"
"4","Trait5","FASTmrMLM","PstI.TP319721","8","60552966","-3.0721e-05","0.0067","C"
"4","Trait5","FASTmrMLM","NsiI.TP474157","8","60565783","1.6731e-05","0.0037","A"
"4","Trait5","FASTmrMLM","PstI.TP1146884","8","60576491","-1.3696e-05","0.003","G"
"4","Trait5","FASTmrMLM","PstI.TP924996","8","60586341","0.059","0.416","C"
"4","Trait5","FASTmrMLM","PstI.TP171838","8","60587089","0.0805","0.6586","A"
"4","Trait5","FASTmrMLM","NsiI.TP275998","8","60590249","-2.1205e-05","0.0046","A"
"4","Trait5","FASTmrMLM","PstI.TP197033","8","60597236","-2.7756e-05","0.0061","C"
"4","Trait5","FASTmrMLM","NsiI.TP493585","8","60598424","-8.2963e-05","0.009","A"
"4","Trait5","FASTmrMLM","NsiI.TP131252","8","60623726","8.732e-06","0.0019","C"
"4","Trait5","FASTmrMLM","PstI.TP759758","8","60633782","-2.2439e-06","5e-04","G"
"4","Trait5","FASTmrMLM","PstI.TP1228265","8","60633843","-0.0684","0.818","C"
"4","Trait5","FASTmrMLM","NsiI.TP406260","8","60654562","7.1536e-06","0.0016","A"
"4","Trait5","FASTmrMLM","PstI.TP48145","8","60687073","-6.1064e-06","0.0013","A"
"4","Trait5","FASTmrMLM","NsiI.TP214131","8","60694487","1.25e-06","3e-04","A"
"4","Trait5","FASTmrMLM","NsiI.TP214130","8","60694496","-1.3922e-05","0.003","C"
"4","Trait5","FASTmrMLM","PstI.TP964132","8","60714664","0.0549","0.5073","C"
"4","Trait5","FASTmrMLM","NsiI.TP616980","8","60729375","-0.0376","0.3539","C"
"4","Trait5","FASTmrMLM","NsiI.TP26918","8","60734022","-3.1946e-05","0.007","A"
"4","Trait5","FASTmrMLM","PstI.TP324363","8","60762429","1.0886e-05","0.0024","C"
"4","Trait5","FASTmrMLM","NsiI.TP716462","8","60815356","-0.1523","1.7124","A"
"4","Trait5","FASTmrMLM","PstI.TP528243","8","60828178","-0.2263","1.6833","A"
"4","Trait5","FASTmrMLM","PstI.TP429557","8","60828792","1.7716e-05","0.0039","A"
"4","Trait5","FASTmrMLM","NsiI.TP571708","8","60835702","2.0947e-05","0.0046","G"
"4","Trait5","FASTmrMLM","PstI.TP779403","8","60876705","-1.9726e-05","0.0043","A"
"4","Trait5","FASTmrMLM","PstI.TP815324","8","60883297","9.6134e-06","0.0021","G"
"4","Trait5","FASTmrMLM","PstI.TP1156402","8","60893348","3.9054e-06","9e-04","C"
"4","Trait5","FASTmrMLM","PstI.TP475576","8","60894163","-1.375e-05","0.003","G"
"4","Trait5","FASTmrMLM","PstI.TP884723","8","60911298","-1.1125e-05","0.0024","C"
"4","Trait5","FASTmrMLM","PstI.TP339875","8","60926839","1.5759e-05","0.0034","A"
"4","Trait5","FASTmrMLM","PstI.TP1143423","8","60930617","2.8019e-05","0.0061","G"
"4","Trait5","FASTmrMLM","PstI.TP1166146","8","60933540","1.4322e-05","0.0031","C"
"4","Trait5","FASTmrMLM","PstI.TP158752","8","60936949","0.0396","0.5181","G"
"4","Trait5","FASTmrMLM","PstI.TP158750","8","60936959","2.2308e-05","0.0049","A"
"4","Trait5","FASTmrMLM","NsiI.TP735482","8","60948492","5.0555e-06","0.0011","C"
"4","Trait5","FASTmrMLM","NsiI.TP429138","8","60948780","-2.1378e-05","0.0047","G"
"4","Trait5","FASTmrMLM","PstI.TP249196","8","60970122","1.9541e-05","0.0043","A"
"4","Trait5","FASTmrMLM","PstI.TP654187","8","60983341","0.045","0.2408","A"
"4","Trait5","FASTmrMLM","PstI.TP1064239","8","61023249","-0.0616","0.5009","C"
"4","Trait5","FASTmrMLM","NsiI.TP438961","8","61043810","-0.0277","0.3829","C"
"4","Trait5","FASTmrMLM","NsiI.TP20023","8","61059097","-1.8946e-05","0.0041","A"
"4","Trait5","FASTmrMLM","PstI.TP226110","8","61063703","-0.0699","0.7407","A"
"4","Trait5","FASTmrMLM","PstI.TP647641","8","61103675","2.1112e-06","5e-04","C"
"4","Trait5","FASTmrMLM","NsiI.TP536274","8","61103728","-3.8155e-06","8e-04","C"
"4","Trait5","FASTmrMLM","NsiI.TP693905","8","61137759","1.7336e-06","4e-04","A"
"4","Trait5","FASTmrMLM","PstI.TP253397","8","61142703","-5.1055e-06","0.0011","A"
"4","Trait5","FASTmrMLM","PstI.TP1163604","8","61174936","2e-04","0.0119","A"
"4","Trait5","FASTmrMLM","NsiI.TP128535","8","61175162","2e-04","0.0124","C"
"4","Trait5","FASTmrMLM","PstI.TP358099","8","61209299","-6.1581e-06","0.0013","A"
"4","Trait5","FASTmrMLM","NsiI.TP819141","8","61304672","-7.637e-06","0.0017","C"
"4","Trait5","FASTmrMLM","PstI.TP302747","8","61307098","-0.0083","0.1422","C"
"4","Trait5","FASTmrMLM","PstI.TP576556","8","61385245","-4.377e-06","0.001","C"
"4","Trait5","FASTmrMLM","NsiI.TP475135","8","61404239","-3.3709e-05","0.0074","A"
"4","Trait5","FASTmrMLM","NsiI.TP812827","8","61410483","0.1047","0.6245","C"
"4","Trait5","FASTmrMLM","NsiI.TP464573","8","61413790","8.0091e-06","0.0017","C"
"4","Trait5","FASTmrMLM","PstI.TP417818","8","61424776","-4.1575e-07","9.0487e-05","C"
"4","Trait5","FASTmrMLM","PstI.TP417816","8","61424780","-8.0246e-06","0.0018","C"
"4","Trait5","FASTmrMLM","NsiI.TP416351","8","61500905","-9.6386e-06","0.0021","A"
"4","Trait5","FASTmrMLM","PstI.TP585059","8","61577589","4.0038e-05","0.0072","C"
"4","Trait5","FASTmrMLM","PstI.TP802322","8","61606875","-3.5184e-06","8e-04","C"
"4","Trait5","FASTmrMLM","NsiI.TP778061","8","61612068","0.0157","0.215","G"
"4","Trait5","FASTmrMLM","PstI.TP746562","8","61612541","1.02e-05","0.0022","A"
"4","Trait5","FASTmrMLM","NsiI.TP465375","8","61636057","-8.6721e-07","2e-04","A"
"4","Trait5","FASTmrMLM","PstI.TP174587","8","61645695","-9.2157e-06","0.002","A"
"4","Trait5","FASTmrMLM","NsiI.TP729036","8","61645703","-1.2247e-06","3e-04","A"
"4","Trait5","FASTmrMLM","NsiI.TP779391","8","61651324","2.6389e-05","0.0058","C"
"4","Trait5","FASTmrMLM","NsiI.TP164779","8","61655114","-1.7573e-05","0.0038","A"
"4","Trait5","FASTmrMLM","PstI.TP692921","8","61811541","-2.8438e-05","0.0062","A"
"4","Trait5","FASTmrMLM","PstI.TP848616","8","61821597","-1.3894e-07","3.0236e-05","A"
"4","Trait5","FASTmrMLM","NsiI.TP323020","8","61834042","0.2067","0.9441","C"
"4","Trait5","FASTmrMLM","PstI.TP400053","8","61865024","2.2746e-05","0.005","C"
"4","Trait5","FASTmrMLM","NsiI.TP139706","8","61912434","8.2044e-06","0.0018","A"
"4","Trait5","FASTmrMLM","PstI.TP161086","8","61954442","-3.2403e-06","7e-04","A"
"4","Trait5","FASTmrMLM","PstI.TP223655","8","61982392","-7.2017e-06","0.0016","A"
"4","Trait5","FASTmrMLM","GFSSContig20436_3127","8","61985219","4.2412e-05","0.0093","T"
"4","Trait5","FASTmrMLM","PstI.TP522019","8","61986159","0.0924","0.5666","C"
"4","Trait5","FASTmrMLM","PstI.TP522018","8","61986171","0.0371","0.2848","A"
"4","Trait5","FASTmrMLM","NsiI.TP558275","8","61989511","3.0779e-06","7e-04","C"
"4","Trait5","FASTmrMLM","NsiI.TP489532","8","62012376","-2.3563e-05","0.0052","A"
"4","Trait5","FASTmrMLM","NsiI.TP555789","8","62057877","2.9827e-06","6e-04","G"
"4","Trait5","FASTmrMLM","PstI.TP1074320","8","62110700","4.2523e-07","9.2548e-05","A"
"4","Trait5","FASTmrMLM","PstI.TP1043204","8","62111437","9.3324e-06","0.002","A"
"4","Trait5","FASTmrMLM","PstI.TP990909","8","62111760","3.9108e-05","0.0086","C"
"4","Trait5","FASTmrMLM","PstI.TP42823","8","62111805","-7.1749e-06","0.0016","C"
"4","Trait5","FASTmrMLM","NsiI.TP489338","8","62113415","-1.6988e-05","0.0037","A"
"4","Trait5","FASTmrMLM","NsiI.TP552877","8","62121059","-0.1166","1.0628","A"
"4","Trait5","FASTmrMLM","PstI.TP434206","8","62133236","0.0489","0.4007","C"
"4","Trait5","FASTmrMLM","PstI.TP156491","8","62158572","2.1241e-08","4.6224e-06","A"
"4","Trait5","FASTmrMLM","PstI.TP179472","8","62166818","-7.7602e-06","0.0017","A"
"4","Trait5","FASTmrMLM","NsiI.TP616628","8","62167326","6.8955e-05","0.0087","G"
"4","Trait5","FASTmrMLM","PstI.TP247595","8","62171086","0.0273","0.2355","A"
"4","Trait5","FASTmrMLM","NsiI.TP203685","8","62171235","-3.9644e-05","0.0087","A"
"4","Trait5","FASTmrMLM","PstI.TP186223","8","62187948","3.0164e-05","0.0066","A"
"4","Trait5","FASTmrMLM","NsiI.TP374610","8","62192435","3.9298e-05","0.0086","C"
"4","Trait5","FASTmrMLM","PstI.TP416974","8","62207607","-7.6205e-05","0.0073","A"
"4","Trait5","FASTmrMLM","NsiI.TP424080","8","62210912","-2.7284e-06","6e-04","A"
"4","Trait5","FASTmrMLM","PstI.TP646559","8","62211239","-2.0199e-05","0.0044","A"
"4","Trait5","FASTmrMLM","NsiI.TP738649","8","62216976","0.063","0.6111","A"
"4","Trait5","FASTmrMLM","NsiI.TP415547","8","62220173","3.2683e-05","0.0072","A"
"4","Trait5","FASTmrMLM","NsiI.TP415548","8","62220184","-1.1235e-05","0.0025","A"
"4","Trait5","FASTmrMLM","NsiI.TP533978","8","62224635","0.3298","1.051","C"
"4","Trait5","FASTmrMLM","NsiI.TP370742","8","62258814","3.7402e-05","0.0082","A"
"4","Trait5","FASTmrMLM","PstI.TP881035","8","62310101","-2.5919e-06","6e-04","C"
"4","Trait5","FASTmrMLM","PstI.TP428924","8","62311991","-1.1519e-05","0.0025","C"
"4","Trait5","FASTmrMLM","PstI.TP112712","8","62314513","-0.0177","0.1434","C"
"4","Trait5","FASTmrMLM","PstI.TP112716","8","62314520","3.3724e-06","7e-04","G"
"4","Trait5","FASTmrMLM","PstI.TP1179013","8","62322978","2.2384e-07","4.8717e-05","A"
"4","Trait5","FASTmrMLM","NsiI.TP48231","8","62326534","-0.0539","0.4009","C"
"4","Trait5","FASTmrMLM","PstI.TP319520","8","62331057","-8.6311e-06","0.0019","C"
"4","Trait5","FASTmrMLM","PstI.TP891016","8","62380437","0.2352","0.8579","A"
"4","Trait5","FASTmrMLM","NsiI.TP719971","8","62397917","-1.1379e-05","0.0025","A"
"4","Trait5","FASTmrMLM","NsiI.TP244432","8","62444212","-0.0383","0.5092","C"
"4","Trait5","FASTmrMLM","PstI.TP920118","8","62445057","0.0591","0.3243","A"
"4","Trait5","FASTmrMLM","PstI.TP112608","8","62470205","2.3599e-06","5e-04","A"
"4","Trait5","FASTmrMLM","PstI.TP119781","8","62470210","-3.1785e-05","0.007","C"
"4","Trait5","FASTmrMLM","NsiI.TP90528","8","62471416","-1.8039e-05","0.0035","A"
"4","Trait5","FASTmrMLM","NsiI.TP38074","8","62478575","-1.0848e-05","0.0024","G"
"4","Trait5","FASTmrMLM","PstI.TP280688","8","62498952","1.4353e-05","0.0031","A"
"4","Trait5","FASTmrMLM","NsiI.TP255668","8","62512133","0.0581","0.363","A"
"4","Trait5","FASTmrMLM","PstI.TP675693","8","62523888","-2.1394e-05","0.0047","A"
"4","Trait5","FASTmrMLM","NsiI.TP529352","8","62523888","2.221e-07","4.834e-05","A"
"4","Trait5","FASTmrMLM","PstI.TP151443","8","62526310","0.0921","0.7746","C"
"4","Trait5","FASTmrMLM","NsiI.TP463242","8","62535183","1.0081e-05","0.0022","C"
"4","Trait5","FASTmrMLM","NsiI.TP42003","8","62544570","0.0122","0.1578","A"
"4","Trait5","FASTmrMLM","NsiI.TP442700","8","62545114","-1.4687e-05","0.0032","A"
"4","Trait5","FASTmrMLM","NsiI.TP321679","8","62552422","-4.4123e-05","0.0097","A"
"4","Trait5","FASTmrMLM","NsiI.TP232290","8","62560851","-0.0494","0.3365","A"
"4","Trait5","FASTmrMLM","NsiI.TP337194","8","62573170","-0.0253","0.2689","A"
"4","Trait5","FASTmrMLM","PstI.TP176223","8","62588546","-1.2924e-05","0.0028","C"
"4","Trait5","FASTmrMLM","PstI.TP107240","8","62622087","-1.9123e-07","4.1623e-05","A"
"4","Trait5","FASTmrMLM","PstI.TP988785","8","62628832","-1.2284e-05","0.0027","A"
"4","Trait5","FASTmrMLM","PstI.TP988781","8","62628857","-1.5793e-06","3e-04","C"
"4","Trait5","FASTmrMLM","PstI.TP205788","8","62641561","-0.0505","0.3","C"
"4","Trait5","FASTmrMLM","NsiI.TP709938","8","62649664","-0.0779","1.1016","C"
"4","Trait5","FASTmrMLM","PstI.TP731358","8","62664658","-0.0138","0.1823","A"
"4","Trait5","FASTmrMLM","PstI.TP373660","8","62666468","-0.0155","0.1672","A"
"4","Trait5","FASTmrMLM","NsiI.TP402981","9","30092","-4.9992e-06","0.0011","C"
"4","Trait5","FASTmrMLM","GFSSContig16444_1496","9","46388","0.0125","0.1977","C"
"4","Trait5","FASTmrMLM","NsiI.TP349989","9","48138","-0.1264","1.5045","A"
"4","Trait5","FASTmrMLM","NsiI.TP358628","9","48507","-3e-04","0.0171","G"
"4","Trait5","FASTmrMLM","GFSSContig17231_501","9","56978","1.8714e-05","0.0041","T"
"4","Trait5","FASTmrMLM","PstI.TP419246","9","86787","-0.0439","0.2593","C"
"4","Trait5","FASTmrMLM","NsiI.TP769922","9","87640","-2.6921e-05","0.0059","C"
"4","Trait5","FASTmrMLM","NsiI.TP369364","9","89651","-5.5989e-07","1e-04","C"
"4","Trait5","FASTmrMLM","PstI.TP646044","9","89652","0.0215","0.2203","C"
"4","Trait5","FASTmrMLM","NsiI.TP687111","9","89753","2.2423e-05","0.0049","A"
"4","Trait5","FASTmrMLM","NsiI.TP687112","9","89767","0.0793","0.4207","A"
"4","Trait5","FASTmrMLM","PstI.TP826556","9","108117","5.9408e-06","0.0013","C"
"4","Trait5","FASTmrMLM","PstI.TP626274","9","149728","-5.9669e-06","0.0013","A"
"4","Trait5","FASTmrMLM","PstI.TP731328","9","150056","-8.7567e-06","0.0019","A"
"4","Trait5","FASTmrMLM","NsiI.TP608372","9","152998","-4.057e-06","9e-04","G"
"4","Trait5","FASTmrMLM","NsiI.TP519457","9","153010","-2.4557e-05","0.0052","C"
"4","Trait5","FASTmrMLM","PstI.TP1144529","9","169987","-0.068","0.83","G"
"4","Trait5","FASTmrMLM","PstI.TP22734","9","179300","1.1886e-06","3e-04","G"
"4","Trait5","FASTmrMLM","PstI.TP477735","9","181369","-9.3641e-06","0.002","A"
"4","Trait5","FASTmrMLM","PstI.TP477750","9","181388","6.5584e-06","0.0014","C"
"4","Trait5","FASTmrMLM","PstI.TP301385","9","195894","3.1164e-05","0.0068","A"
"4","Trait5","FASTmrMLM","PstI.TP116851","9","200152","-1.6175e-05","0.0035","C"
"4","Trait5","FASTmrMLM","NsiI.TP663116","9","209310","0.0922","0.7723","A"
"4","Trait5","FASTmrMLM","NsiI.TP737833","9","220456","3.1737e-05","0.007","C"
"4","Trait5","FASTmrMLM","NsiI.TP39864","9","223824","-0.1378","1.0317","A"
"4","Trait5","FASTmrMLM","NsiI.TP16754","9","232741","0.1179","0.7372","C"
"4","Trait5","FASTmrMLM","PstI.TP237266","9","233777","-0.156","1.5891","A"
"4","Trait5","FASTmrMLM","NsiI.TP190125","9","242395","-0.0324","0.2892","C"
"4","Trait5","FASTmrMLM","PstI.TP774948","9","243415","-9.0159e-06","0.002","C"
"4","Trait5","FASTmrMLM","NsiI.TP130578","9","371128","-6.226e-06","0.0014","A"
"4","Trait5","FASTmrMLM","PstI.TP28567","9","378356","3.839e-05","0.0084","G"
"4","Trait5","FASTmrMLM","PstI.TP485486","9","389559","1.6967e-05","0.0037","C"
"4","Trait5","FASTmrMLM","PstI.TP1261817","9","475687","-1.7619e-05","0.0039","C"
"4","Trait5","FASTmrMLM","PstI.TP295455","9","513546","-0.1669","1.3137","A"
"4","Trait5","FASTmrMLM","PstI.TP811441","9","514654","3.2856e-05","0.0072","C"
"4","Trait5","FASTmrMLM","NsiI.TP121601","9","553894","9.1709e-06","0.002","A"
"4","Trait5","FASTmrMLM","PstI.TP795071","9","558879","-1.0815e-05","0.0024","C"
"4","Trait5","FASTmrMLM","PstI.TP795074","9","564192","1.1608e-05","0.0025","G"
"4","Trait5","FASTmrMLM","NsiI.TP740510","9","565077","-2.0239e-05","0.0044","G"
"4","Trait5","FASTmrMLM","PstI.TP26215","9","583262","0.3287","2.0568","C"
"4","Trait5","FASTmrMLM","PstI.TP642882","9","584474","-1.1747e-05","0.0026","A"
"4","Trait5","FASTmrMLM","PstI.TP51332","9","718674","-1.3071e-06","3e-04","A"
"4","Trait5","FASTmrMLM","PstI.TP79751","9","748032","-1.4197e-05","0.0031","A"
"4","Trait5","FASTmrMLM","NsiI.TP426369","9","759492","0.052","0.6364","C"
"4","Trait5","FASTmrMLM","NsiI.TP808261","9","769198","5.5919e-06","0.0012","C"
"4","Trait5","FASTmrMLM","PstI.TP862775","9","773151","0.2739","1.6012","A"
"4","Trait5","FASTmrMLM","PstI.TP1050510","9","775588","-3.4458e-05","0.0076","A"
"4","Trait5","FASTmrMLM","NsiI.TP747730","9","779226","7.9806e-06","0.0017","A"
"4","Trait5","FASTmrMLM","PstI.TP1171678","9","784913","2.3124e-06","5e-04","G"
"4","Trait5","FASTmrMLM","PstI.TP404485","9","787361","3.2662e-05","0.0072","C"
"4","Trait5","FASTmrMLM","PstI.TP58832","9","814396","5.8802e-06","0.0013","C"
"4","Trait5","FASTmrMLM","PstI.TP1114932","9","815088","0.0253","0.2991","C"
"4","Trait5","FASTmrMLM","PstI.TP277254","9","815106","1.2471e-05","0.0027","C"
"4","Trait5","FASTmrMLM","PstI.TP106000","9","850812","-0.0133","0.182","C"
"4","Trait5","FASTmrMLM","PstI.TP987932","9","903489","1.2832e-05","0.0028","C"
"4","Trait5","FASTmrMLM","NsiI.TP707682","9","903653","0.1246","0.5292","A"
"4","Trait5","FASTmrMLM","NsiI.TP361676","9","917380","0.2911","1.208","C"
"4","Trait5","FASTmrMLM","PstI.TP67551","9","971562","-2.6753e-06","6e-04","A"
"4","Trait5","FASTmrMLM","NsiI.TP497627","9","978343","7.5836e-06","0.0017","A"
"4","Trait5","FASTmrMLM","PstI.TP1011137","9","991795","0.028","0.3834","A"
"4","Trait5","FASTmrMLM","PstI.TP458238","9","991884","-5.3242e-06","0.0012","A"
"4","Trait5","FASTmrMLM","NsiI.TP386703","9","994615","-8.4085e-06","0.0018","G"
"4","Trait5","FASTmrMLM","PstI.TP1234433","9","1002662","-0.0145","0.1826","G"
"4","Trait5","FASTmrMLM","PstI.TP1155926","9","1005275","-0.0591","0.3836","A"
"4","Trait5","FASTmrMLM","NsiI.TP315437","9","1033850","-0.0118","0.1613","C"
"4","Trait5","FASTmrMLM","PstI.TP300118","9","1044393","-6.4159e-06","0.0014","C"
"4","Trait5","FASTmrMLM","NsiI.TP417103","9","1044754","0.0242","0.3331","A"
"4","Trait5","FASTmrMLM","PstI.TP256852","9","1065898","1.6693e-05","0.0036","C"
"4","Trait5","FASTmrMLM","PstI.TP611342","9","1071399","-2.2707e-06","5e-04","A"
"4","Trait5","FASTmrMLM","PstI.TP611180","9","1071409","-2.1004e-05","0.0046","C"
"4","Trait5","FASTmrMLM","NsiI.TP773851","9","1073327","0.0153","0.187","C"
"4","Trait5","FASTmrMLM","PstI.TP387322","9","1080184","-0.0983","0.7538","C"
"4","Trait5","FASTmrMLM","PstI.TP719095","9","1109109","-1.0891e-05","0.0024","C"
"4","Trait5","FASTmrMLM","PstI.TP1147849","9","1182503","-1.9215e-05","0.0042","C"
"4","Trait5","FASTmrMLM","PstI.TP19542","9","1182550","-1.2976e-05","0.0028","A"
"4","Trait5","FASTmrMLM","NsiI.TP369415","9","1188421","-1.016e-05","0.0022","A"
"4","Trait5","FASTmrMLM","NsiI.TP38108","9","1190976","-1.7088e-06","4e-04","A"
"4","Trait5","FASTmrMLM","PstI.TP71323","9","1196322","2.8178e-06","6e-04","A"
"4","Trait5","FASTmrMLM","PstI.TP109379","9","1199640","-0.0878","0.8829","A"
"4","Trait5","FASTmrMLM","PstI.TP175561","9","1207330","1.7225e-05","0.0038","C"
"4","Trait5","FASTmrMLM","NsiI.TP434931","9","1216196","4.3196e-06","9e-04","A"
"4","Trait5","FASTmrMLM","NsiI.TP582366","9","1238023","1.891e-05","0.0041","A"
"4","Trait5","FASTmrMLM","PstI.TP671834","9","1241779","-0.1083","0.4845","C"
"4","Trait5","FASTmrMLM","NsiI.TP164111","9","1252209","6.9934e-06","0.0015","C"
"4","Trait5","FASTmrMLM","PstI.TP1084687","9","1258085","2.1665e-05","0.0047","A"
"4","Trait5","FASTmrMLM","NsiI.TP659393","9","1282551","1.199e-05","0.0026","A"
"4","Trait5","FASTmrMLM","PstI.TP97264","9","1289669","-0.1041","0.5989","A"
"4","Trait5","FASTmrMLM","PstI.TP189035","9","1311048","-0.0522","0.616","C"
"4","Trait5","FASTmrMLM","GFSSContig20039_958","9","1321687","3.3881e-05","0.0074","A"
"4","Trait5","FASTmrMLM","NsiI.TP268905","9","1323864","-0.0313","0.4437","A"
"4","Trait5","FASTmrMLM","PstI.TP890773","9","1435661","2.1125e-07","4.5975e-05","A"
"4","Trait5","FASTmrMLM","PstI.TP1276949","9","1475938","-0.3281","1.5693","C"
"4","Trait5","FASTmrMLM","PstI.TP1038684","9","1477821","0.1012","0.6655","C"
"4","Trait5","FASTmrMLM","NsiI.TP145547","9","1500965","-8.0634e-06","0.0018","G"
"4","Trait5","FASTmrMLM","PstI.TP740140","9","1528558","0.1344","0.8402","G"
"4","Trait5","FASTmrMLM","PstI.TP146435","9","1542296","9.2021e-06","0.002","C"
"4","Trait5","FASTmrMLM","NsiI.TP396646","9","1557391","-8.0751e-06","0.0018","G"
"4","Trait5","FASTmrMLM","GFSSContig9146_190","9","1619434","8.4073e-06","0.0018","A"
"4","Trait5","FASTmrMLM","PstI.TP463129","9","1621136","2.4487e-05","0.0053","C"
"4","Trait5","FASTmrMLM","PstI.TP419219","9","1650258","1.6293e-06","4e-04","A"
"4","Trait5","FASTmrMLM","PstI.TP1150566","9","1671674","-0.0827","0.8449","C"
"4","Trait5","FASTmrMLM","PstI.TP723650","9","1697929","-1.7565e-05","0.0038","C"
"4","Trait5","FASTmrMLM","PstI.TP1013450","9","1698881","-0.1591","0.7802","C"
"4","Trait5","FASTmrMLM","GFSSContig15396_715","9","1730629","-0.0058","0.125","A"
"4","Trait5","FASTmrMLM","PstI.TP904714","9","1730741","1.7451e-05","0.0038","C"
"4","Trait5","FASTmrMLM","PstI.TP1236808","9","1739350","1.8934e-05","0.0041","A"
"4","Trait5","FASTmrMLM","PstI.TP331576","9","1757096","0.0904","0.7739","A"
"4","Trait5","FASTmrMLM","PstI.TP1069381","9","1785690","9.1747e-06","0.002","G"
"4","Trait5","FASTmrMLM","PstI.TP227932","9","1786301","-9.2108e-06","0.002","C"
"4","Trait5","FASTmrMLM","PstI.TP173250","9","1824633","-0.3038","1.46","G"
"4","Trait5","FASTmrMLM","PstI.TP12920","9","1839818","1.0272e-05","0.0022","C"
"4","Trait5","FASTmrMLM","PstI.TP30938","9","1841846","2.6686e-05","0.0058","C"
"4","Trait5","FASTmrMLM","PstI.TP338249","9","1847859","-0.1146","0.4133","C"
"4","Trait5","FASTmrMLM","PstI.TP974644","9","1852263","-1.5782e-05","0.0034","C"
"4","Trait5","FASTmrMLM","PstI.TP688753","9","1861171","0.2925","1.5736","A"
"4","Trait5","FASTmrMLM","NsiI.TP40541","9","1908949","-1.1226e-05","0.0024","C"
"4","Trait5","FASTmrMLM","PstI.TP1077282","9","1942939","-0.1619","1.6736","A"
"4","Trait5","FASTmrMLM","PstI.TP723544","9","1942972","-0.2587","3.841","A"
"4","Trait5","FASTmrMLM","NsiI.TP655390","9","1948713","-3.5633e-05","0.0078","G"
"4","Trait5","FASTmrMLM","PstI.TP28660","9","1970845","-1.0598e-05","0.0023","A"
"4","Trait5","FASTmrMLM","NsiI.TP189113","9","1975571","-0.0172","0.1756","A"
"4","Trait5","FASTmrMLM","PstI.TP345357","9","1992147","-8.3474e-06","0.0018","G"
"4","Trait5","FASTmrMLM","PstI.TP385757","9","2049103","1.6248e-05","0.0036","A"
"4","Trait5","FASTmrMLM","PstI.TP499508","9","2049109","-1.5515e-06","3e-04","A"
"4","Trait5","FASTmrMLM","PstI.TP385794","9","2049128","1.8785e-05","0.0041","A"
"4","Trait5","FASTmrMLM","PstI.TP613754","9","2094002","1.3578e-05","0.003","G"
"4","Trait5","FASTmrMLM","PstI.TP343617","9","2097217","0.1213","0.9909","C"
"4","Trait5","FASTmrMLM","PstI.TP350614","9","2097298","3.09e-05","0.0068","A"
"4","Trait5","FASTmrMLM","PstI.TP1056346","9","2101986","1.1764e-05","0.0026","A"
"4","Trait5","FASTmrMLM","NsiI.TP146498","9","2108493","9.55e-06","0.0021","C"
"4","Trait5","FASTmrMLM","PstI.TP638760","9","2126340","1.6369e-05","0.0036","A"
"4","Trait5","FASTmrMLM","NsiI.TP412626","9","2130077","-3e-04","0.0172","C"
"4","Trait5","FASTmrMLM","GFSSContig14673_1168","9","2134478","0.1691","1.1711","T"
"4","Trait5","FASTmrMLM","PstI.TP298458","9","2136149","1.5199e-05","0.0033","A"
"4","Trait5","FASTmrMLM","GFk25ctg2814516_120","9","2137098","-3.4046e-05","0.0075","A"
"4","Trait5","FASTmrMLM","PstI.TP682870","9","2146242","3e-04","0.016","C"
"4","Trait5","FASTmrMLM","PstI.TP1279660","9","2170508","-2.9407e-05","0.0064","C"
"4","Trait5","FASTmrMLM","NsiI.TP364774","9","2221495","0.2764","1.2475","C"
"4","Trait5","FASTmrMLM","PstI.TP36816","9","2230929","8.0954e-06","0.0018","G"
"4","Trait5","FASTmrMLM","PstI.TP36829","9","2230946","1.402e-05","0.0031","A"
"4","Trait5","FASTmrMLM","PstI.TP1293171","9","2255602","-7.5443e-07","2e-04","C"
"4","Trait5","FASTmrMLM","PstI.TP1202850","9","2285434","-2.1982e-06","5e-04","C"
"4","Trait5","FASTmrMLM","PstI.TP40602","9","2295429","-1.5324e-05","0.0033","C"
"4","Trait5","FASTmrMLM","NsiI.TP115634","9","2310475","2.7339e-05","0.006","A"
"4","Trait5","FASTmrMLM","PstI.TP1069978","9","2327403","-2.186e-05","0.0048","G"
"4","Trait5","FASTmrMLM","PstI.TP1185359","9","2350553","2.3411e-05","0.0035","A"
"4","Trait5","FASTmrMLM","PstI.TP215460","9","2357008","0.1461","0.8883","C"
"4","Trait5","FASTmrMLM","PstI.TP654004","9","2357362","1.9359e-05","0.0042","C"
"4","Trait5","FASTmrMLM","PstI.TP968019","9","2402808","0.043","0.212","C"
"4","Trait5","FASTmrMLM","NsiI.TP217014","9","2409071","-1.2239e-05","0.0027","C"
"4","Trait5","FASTmrMLM","NsiI.TP243369","9","2410704","-8.7141e-06","0.0019","G"
"4","Trait5","FASTmrMLM","PstI.TP765034","9","2434575","0.1026","1.0468","A"
"4","Trait5","FASTmrMLM","PstI.TP769847","9","2435845","5.7593e-06","0.0013","A"
"4","Trait5","FASTmrMLM","PstI.TP393539","9","2442283","-3.0303e-05","0.0066","A"
"4","Trait5","FASTmrMLM","NsiI.TP393480","9","2444316","9.1022e-06","0.002","A"
"4","Trait5","FASTmrMLM","NsiI.TP521146","9","2480204","-1.5086e-05","0.0033","C"
"4","Trait5","FASTmrMLM","NsiI.TP709887","9","2527994","-3.1651e-05","0.0069","C"
"4","Trait5","FASTmrMLM","NsiI.TP749716","9","2551477","1.2354e-05","0.0027","A"
"4","Trait5","FASTmrMLM","PstI.TP950431","9","2552110","-2.082e-05","0.0046","A"
"4","Trait5","FASTmrMLM","NsiI.TP146512","9","2562923","-8.5665e-06","0.0019","C"
"4","Trait5","FASTmrMLM","NsiI.TP773754","9","2569351","0.0111","0.1815","A"
"4","Trait5","FASTmrMLM","PstI.TP1055889","9","2604586","-6.4781e-06","0.0014","A"
"4","Trait5","FASTmrMLM","PstI.TP18963","9","2617306","0.1504","1.1137","C"
"4","Trait5","FASTmrMLM","PstI.TP18961","9","2617311","-0.103","0.9253","A"
"4","Trait5","FASTmrMLM","PstI.TP1293335","9","2621340","1.0272e-05","0.0022","A"
"4","Trait5","FASTmrMLM","GFSSContig13472_457","9","2633667","-0.1217","1.4899","A"
"4","Trait5","FASTmrMLM","PstI.TP856433","9","2644237","1.5545e-05","0.0034","G"
"4","Trait5","FASTmrMLM","PstI.TP533205","9","2659092","9.7148e-06","0.0021","A"
"4","Trait5","FASTmrMLM","NsiI.TP38877","9","2690819","-9.8146e-06","0.0021","A"
"4","Trait5","FASTmrMLM","PstI.TP1170746","9","2697292","-2.2432e-05","0.0049","C"
"4","Trait5","FASTmrMLM","NsiI.TP78835","9","2710143","-3.1057e-05","0.0068","A"
"4","Trait5","FASTmrMLM","PstI.TP783031","9","2715261","1.1606e-05","0.0025","A"
"4","Trait5","FASTmrMLM","PstI.TP966738","9","2715568","1.3682e-05","0.003","A"
"4","Trait5","FASTmrMLM","PstI.TP217628","9","2723162","5.07e-06","0.0011","A"
"4","Trait5","FASTmrMLM","PstI.TP377620","9","2735069","2e-04","0.0133","A"
"4","Trait5","FASTmrMLM","NsiI.TP759466","9","2750007","-5.2143e-06","0.0011","A"
"4","Trait5","FASTmrMLM","NsiI.TP426590","9","2752496","1.0704e-05","0.0023","A"
"4","Trait5","FASTmrMLM","PstI.TP87305","9","2769065","-0.1767","0.6255","A"
"4","Trait5","FASTmrMLM","NsiI.TP564085","9","2823579","0.072","0.7244","A"
"4","Trait5","FASTmrMLM","PstI.TP862144","9","2857100","-3.7194e-05","0.0082","A"
"4","Trait5","FASTmrMLM","PstI.TP30429","9","2858068","9.433e-06","0.0021","G"
"4","Trait5","FASTmrMLM","NsiI.TP753852","9","2876948","-0.0819","1.0868","C"
"4","Trait5","FASTmrMLM","PstI.TP19433","9","2889851","0.113","0.6893","G"
"4","Trait5","FASTmrMLM","NsiI.TP619168","9","2902011","3.4366e-05","0.0075","C"
"4","Trait5","FASTmrMLM","PstI.TP892917","9","2929664","7.1185e-06","0.0016","G"
"4","Trait5","FASTmrMLM","PstI.TP869432","9","2930135","6.6739e-06","0.0015","C"
"4","Trait5","FASTmrMLM","PstI.TP309471","9","2930833","-2.09e-05","0.0046","A"
"4","Trait5","FASTmrMLM","PstI.TP299521","9","2932954","0.009","0.1445","C"
"4","Trait5","FASTmrMLM","NsiI.TP6019","9","2939838","0.0335","0.3093","G"
"4","Trait5","FASTmrMLM","PstI.TP344585","9","2944956","-2.5541e-05","0.0056","G"
"4","Trait5","FASTmrMLM","PstI.TP860380","9","2948855","1.1465e-05","0.0025","C"
"4","Trait5","FASTmrMLM","NsiI.TP217319","9","2951300","-0.0161","0.2131","A"
"4","Trait5","FASTmrMLM","PstI.TP299726","9","2970040","-0.2208","1.6652","A"
"4","Trait5","FASTmrMLM","PstI.TP1125765","9","3017168","0.0422","0.3452","C"
"4","Trait5","FASTmrMLM","NsiI.TP23072","9","3025468","3.6611e-05","0.008","A"
"4","Trait5","FASTmrMLM","PstI.TP722093","9","3026606","-0.0286","0.1719","A"
"4","Trait5","FASTmrMLM","NsiI.TP149327","9","3030965","-1.9406e-05","0.0042","A"
"4","Trait5","FASTmrMLM","PstI.TP1203096","9","3048818","3.4181e-05","0.0075","G"
"4","Trait5","FASTmrMLM","NsiI.TP799645","9","3055749","-3e-04","0.0166","C"
"4","Trait5","FASTmrMLM","PstI.TP470540","9","3083248","1.8445e-05","0.004","A"
"4","Trait5","FASTmrMLM","PstI.TP23124","9","3087102","4.939e-05","0.0074","A"
"4","Trait5","FASTmrMLM","PstI.TP1010641","9","3138386","-1.1882e-05","0.0026","C"
"4","Trait5","FASTmrMLM","NsiI.TP408143","9","3139194","-1.0631e-05","0.0023","A"
"4","Trait5","FASTmrMLM","PstI.TP697306","9","3161603","0.0658","0.5209","C"
"4","Trait5","FASTmrMLM","PstI.TP167522","9","3164781","-0.0635","0.424","A"
"4","Trait5","FASTmrMLM","PstI.TP418657","9","3167458","0.2311","0.9635","A"
"4","Trait5","FASTmrMLM","PstI.TP933055","9","3167487","7.2871e-06","0.0016","C"
"4","Trait5","FASTmrMLM","NsiI.TP363869","9","3175815","-4.2942e-05","0.0094","A"
"4","Trait5","FASTmrMLM","PstI.TP550408","9","3176103","0.0535","0.2943","C"
"4","Trait5","FASTmrMLM","PstI.TP1218530","9","3177849","-5.3137e-06","0.0012","A"
"4","Trait5","FASTmrMLM","PstI.TP75281","9","3177941","-1.4923e-05","0.0033","A"
"4","Trait5","FASTmrMLM","NsiI.TP126131","9","3184582","4.4392e-05","0.0098","A"
"4","Trait5","FASTmrMLM","NsiI.TP39617","9","3185748","0.1114","0.8688","C"
"4","Trait5","FASTmrMLM","NsiI.TP76301","9","3185801","-3.2053e-05","0.007","G"
"4","Trait5","FASTmrMLM","PstI.TP67754","9","3194000","0.0936","1.3215","G"
"4","Trait5","FASTmrMLM","NsiI.TP805484","9","3215088","-0.0382","0.5955","A"
"4","Trait5","FASTmrMLM","PstI.TP857242","9","3217600","-0.0876","1.1587","C"
"4","Trait5","FASTmrMLM","NsiI.TP687239","9","3224330","1.1329e-05","0.0025","G"
"4","Trait5","FASTmrMLM","NsiI.TP566316","9","3226677","-7.0256e-06","0.0015","A"
"4","Trait5","FASTmrMLM","PstI.TP189568","9","3236820","-2.2924e-06","5e-04","A"
"4","Trait5","FASTmrMLM","NsiI.TP121347","9","3259334","0.0507","0.4393","C"
"4","Trait5","FASTmrMLM","PstI.TP779630","9","3265778","2.5441e-05","0.0056","C"
"4","Trait5","FASTmrMLM","PstI.TP901954","9","3265857","-9.8381e-07","2e-04","C"
"4","Trait5","FASTmrMLM","NsiI.TP454424","9","3272400","1.1305e-05","0.0025","C"
"4","Trait5","FASTmrMLM","NsiI.TP83538","9","3301367","-0.0499","0.473","C"
"4","Trait5","FASTmrMLM","PstI.TP290387","9","3312855","9.2543e-06","0.002","A"
"4","Trait5","FASTmrMLM","PstI.TP1107519","9","3315165","9.4056e-06","0.0021","A"
"4","Trait5","FASTmrMLM","PstI.TP312141","9","3384285","7.7443e-06","0.0017","C"
"4","Trait5","FASTmrMLM","NsiI.TP350980","9","3390077","1.0911e-05","0.0024","A"
"4","Trait5","FASTmrMLM","NsiI.TP224100","9","3423752","2.0294e-06","4e-04","A"
"4","Trait5","FASTmrMLM","NsiI.TP224099","9","3423764","1.1995e-05","0.0026","G"
"4","Trait5","FASTmrMLM","PstI.TP183781","9","3473483","-0.0431","0.5481","C"
"4","Trait5","FASTmrMLM","NsiI.TP266616","9","3490506","1.0191e-06","2e-04","A"
"4","Trait5","FASTmrMLM","PstI.TP647115","9","3490723","0.0427","0.3672","A"
"4","Trait5","FASTmrMLM","PstI.TP1044719","9","3508289","-0.2314","1.0507","A"
"4","Trait5","FASTmrMLM","NsiI.TP282949","9","3514826","-1.4438e-05","0.0032","C"
"4","Trait5","FASTmrMLM","PstI.TP882078","9","3541070","2.517e-05","0.0055","A"
"4","Trait5","FASTmrMLM","NsiI.TP12009","9","3549965","3.079e-06","7e-04","A"
"4","Trait5","FASTmrMLM","NsiI.TP228708","9","3571182","-3.8147e-05","0.0084","G"
"4","Trait5","FASTmrMLM","NsiI.TP593377","9","3592144","0.1416","1.2091","A"
"4","Trait5","FASTmrMLM","PstI.TP227114","9","3606281","2.6342e-05","0.0058","A"
"4","Trait5","FASTmrMLM","PstI.TP1072337","9","3619179","2.6739e-06","6e-04","A"
"4","Trait5","FASTmrMLM","PstI.TP256718","9","3619750","1.2357e-05","0.0027","A"
"4","Trait5","FASTmrMLM","NsiI.TP65376","9","3620487","-1.8154e-06","4e-04","A"
"4","Trait5","FASTmrMLM","PstI.TP320459","9","3620967","-7.3047e-06","0.0016","C"
"4","Trait5","FASTmrMLM","PstI.TP224586","9","3713116","5.0529e-06","0.0011","A"
"4","Trait5","FASTmrMLM","PstI.TP29067","9","3713177","0.0767","0.8131","G"
"4","Trait5","FASTmrMLM","PstI.TP797425","9","3765647","-2.4514e-05","0.0054","C"
"4","Trait5","FASTmrMLM","PstI.TP324509","9","3767476","-4.7779e-06","0.001","C"
"4","Trait5","FASTmrMLM","PstI.TP444737","9","3780798","2.2104e-05","0.0048","C"
"4","Trait5","FASTmrMLM","NsiI.TP653645","9","3806620","0.2128","1.8101","C"
"4","Trait5","FASTmrMLM","NsiI.TP662115","9","3816187","5.2683e-06","0.0011","C"
"4","Trait5","FASTmrMLM","PstI.TP752361","9","3829005","-0.1879","1.0871","A"
"4","Trait5","FASTmrMLM","PstI.TP799988","9","3884844","6.4821e-06","0.0014","C"
"4","Trait5","FASTmrMLM","PstI.TP742405","9","3885435","2.5456e-05","0.0056","A"
"4","Trait5","FASTmrMLM","NsiI.TP302715","9","3923583","-0.0606","0.4788","A"
"4","Trait5","FASTmrMLM","NsiI.TP694043","9","3946549","-0.0625","0.6931","A"
"4","Trait5","FASTmrMLM","NsiI.TP497959","9","3959044","0.0254","0.2885","A"
"4","Trait5","FASTmrMLM","NsiI.TP122648","9","3961903","4.0012e-05","0.0088","C"
"4","Trait5","FASTmrMLM","PstI.TP41403","9","4058520","0.2485","1.0441","C"
"4","Trait5","FASTmrMLM","PstI.TP128126","9","4072720","-5.796e-06","0.0013","A"
"4","Trait5","FASTmrMLM","NsiI.TP759778","9","4087435","-2.1249e-05","0.0046","C"
"4","Trait5","FASTmrMLM","NsiI.TP705857","9","4088264","-0.2207","0.9652","A"
"4","Trait5","FASTmrMLM","NsiI.TP450118","9","4094047","3.537e-06","8e-04","A"
"4","Trait5","FASTmrMLM","NsiI.TP826143","9","4096521","1.2688e-06","3e-04","G"
"4","Trait5","FASTmrMLM","PstI.TP545376","9","4103280","1.1882e-05","0.0026","C"
"4","Trait5","FASTmrMLM","PstI.TP905096","9","4104506","-0.0189","0.2421","A"
"4","Trait5","FASTmrMLM","PstI.TP1060525","9","4128439","-2.0741e-05","0.0045","G"
"4","Trait5","FASTmrMLM","NsiI.TP444393","9","4172907","0.08","1.1419","C"
"4","Trait5","FASTmrMLM","PstI.TP439847","9","4241689","-5.5912e-06","0.0012","C"
"4","Trait5","FASTmrMLM","PstI.TP1194081","9","4306668","-1.8921e-05","0.0041","C"
"4","Trait5","FASTmrMLM","PstI.TP256431","9","4309732","2.3229e-05","0.0051","A"
"4","Trait5","FASTmrMLM","PstI.TP177089","9","4313013","1.2931e-05","0.0028","C"
"4","Trait5","FASTmrMLM","PstI.TP49785","9","4315931","1.1897e-05","0.0026","C"
"4","Trait5","FASTmrMLM","PstI.TP696150","9","4319353","-6.5489e-06","0.0014","A"
"4","Trait5","FASTmrMLM","PstI.TP1135752","9","4356430","-2.148e-05","0.0047","A"
"4","Trait5","FASTmrMLM","NsiI.TP697295","9","4358529","1.1689e-05","0.0026","A"
"4","Trait5","FASTmrMLM","PstI.TP114105","9","4369305","-2.3834e-05","0.0052","A"
"4","Trait5","FASTmrMLM","PstI.TP738611","9","4388277","-1.0379e-05","0.0023","C"
"4","Trait5","FASTmrMLM","NsiI.TP503955","9","4436931","-0.0634","0.3075","G"
"4","Trait5","FASTmrMLM","NsiI.TP739070","9","4438373","-2.097e-05","0.0046","A"
"4","Trait5","FASTmrMLM","PstI.TP682608","9","4453195","2.4539e-06","5e-04","A"
"4","Trait5","FASTmrMLM","PstI.TP237224","9","4555349","0.1676","0.6346","A"
"4","Trait5","FASTmrMLM","PstI.TP1244293","9","4559347","-3e-04","0.0161","A"
"4","Trait5","FASTmrMLM","NsiI.TP127048","9","4573547","-1.0946e-05","0.0024","C"
"4","Trait5","FASTmrMLM","GFSSContig17529_775","9","4574299","0.0468","0.4936","T"
"4","Trait5","FASTmrMLM","PstI.TP310516","9","4647665","4.2066e-05","0.0093","C"
"4","Trait5","FASTmrMLM","NsiI.TP160573","9","4892069","1.4018e-05","0.0031","A"
"4","Trait5","FASTmrMLM","PstI.TP282989","9","4902407","-1.8069e-05","0.004","G"
"4","Trait5","FASTmrMLM","NsiI.TP439610","9","5000093","-4.3011e-05","0.0071","A"
"4","Trait5","FASTmrMLM","PstI.TP1012615","9","5002012","4.3704e-06","0.001","C"
"4","Trait5","FASTmrMLM","PstI.TP748876","9","5028186","-0.1564","0.9161","A"
"4","Trait5","FASTmrMLM","NsiI.TP250072","9","5056498","-3.14e-05","0.0069","G"
"4","Trait5","FASTmrMLM","NsiI.TP786568","9","5067200","-7.0622e-06","0.0015","C"
"4","Trait5","FASTmrMLM","PstI.TP49078","9","5271102","0.0649","0.4418","C"
"4","Trait5","FASTmrMLM","PstI.TP803901","9","5321633","3.7193e-06","8e-04","G"
"4","Trait5","FASTmrMLM","NsiI.TP249634","9","5342948","0.1277","1.6365","A"
"4","Trait5","FASTmrMLM","NsiI.TP421186","9","5411634","-1.3096e-06","3e-04","C"
"4","Trait5","FASTmrMLM","PstI.TP145860","9","5433952","2.9434e-05","0.0065","A"
"4","Trait5","FASTmrMLM","NsiI.TP520157","9","5438777","-1e-04","0.0092","A"
"4","Trait5","FASTmrMLM","PstI.TP262989","9","5460616","-1.713e-05","0.0037","C"
"4","Trait5","FASTmrMLM","NsiI.TP629417","9","5487685","-9.1926e-06","0.002","A"
"4","Trait5","FASTmrMLM","PstI.TP30528","9","5498766","-0.2087","0.6347","A"
"4","Trait5","FASTmrMLM","PstI.TP23273","9","5498815","-3.2825e-05","0.0072","C"
"4","Trait5","FASTmrMLM","NsiI.TP834365","9","5524875","-0.0266","0.2791","A"
"4","Trait5","FASTmrMLM","NsiI.TP179235","9","5534350","7.6773e-06","0.0017","A"
"4","Trait5","FASTmrMLM","PstI.TP1128508","9","5550157","-3.1559e-06","7e-04","G"
"4","Trait5","FASTmrMLM","PstI.TP909599","9","5551615","-1.5024e-05","0.0033","A"
"4","Trait5","FASTmrMLM","PstI.TP307692","9","5552283","-0.0327","0.239","A"
"4","Trait5","FASTmrMLM","PstI.TP971650","9","5562614","1.8495e-06","4e-04","C"
"4","Trait5","FASTmrMLM","NsiI.TP236846","9","5564156","-6.2681e-06","0.0014","C"
"4","Trait5","FASTmrMLM","NsiI.TP121128","9","5575706","-1.9819e-05","0.0043","G"
"4","Trait5","FASTmrMLM","NsiI.TP201146","9","5579803","9.1292e-06","0.002","A"
"4","Trait5","FASTmrMLM","PstI.TP253902","9","5579947","9.2922e-07","2e-04","G"
"4","Trait5","FASTmrMLM","NsiI.TP636278","9","5624719","-5.1788e-06","0.0011","A"
"4","Trait5","FASTmrMLM","NsiI.TP117971","9","5624767","3.1385e-05","0.0069","A"
"4","Trait5","FASTmrMLM","NsiI.TP225189","9","5645696","5.0451e-05","0.0111","A"
"4","Trait5","FASTmrMLM","NsiI.TP353800","9","5721693","-0.3408","1.7935","C"
"4","Trait5","FASTmrMLM","NsiI.TP596715","9","5732661","-1.7194e-05","0.0038","A"
"4","Trait5","FASTmrMLM","PstI.TP256769","9","5734712","-0.0696","0.7841","A"
"4","Trait5","FASTmrMLM","NsiI.TP425330","9","5781127","0.099","0.4975","A"
"4","Trait5","FASTmrMLM","PstI.TP901549","9","5858688","2.5503e-05","0.0056","C"
"4","Trait5","FASTmrMLM","GFSSContig15761_607","9","5864453","3.1019e-05","0.0068","T"
"4","Trait5","FASTmrMLM","NsiI.TP664594","9","5872862","4.0637e-06","9e-04","C"
"4","Trait5","FASTmrMLM","PstI.TP185225","9","5936124","8.5017e-06","0.0019","C"
"4","Trait5","FASTmrMLM","NsiI.TP257799","9","5974560","-1.4643e-05","0.0032","A"
"4","Trait5","FASTmrMLM","PstI.TP1266158","9","6052809","2.3723e-05","0.0052","C"
"4","Trait5","FASTmrMLM","NsiI.TP383484","9","6111601","5.2849e-06","0.0012","C"
"4","Trait5","FASTmrMLM","PstI.TP319528","9","6127592","-1.1359e-05","0.0025","A"
"4","Trait5","FASTmrMLM","PstI.TP448143","9","6230587","2.4331e-05","0.0053","C"
"4","Trait5","FASTmrMLM","PstI.TP440080","9","6234995","0.0177","0.2168","G"
"4","Trait5","FASTmrMLM","PstI.TP1131098","9","6268055","-0.1546","0.7977","A"
"4","Trait5","FASTmrMLM","NsiI.TP813289","9","6306908","0.0423","0.3064","G"
"4","Trait5","FASTmrMLM","PstI.TP863625","9","6337862","1.0118e-05","0.0022","A"
"4","Trait5","FASTmrMLM","PstI.TP190790","9","6340215","-0.0402","0.4959","A"
"4","Trait5","FASTmrMLM","PstI.TP270570","9","6356809","7.0708e-06","0.0015","C"
"4","Trait5","FASTmrMLM","NsiI.TP271841","9","6362931","1.4677e-05","0.0032","C"
"4","Trait5","FASTmrMLM","PstI.TP57586","9","6363323","-4.871e-06","0.0011","C"
"4","Trait5","FASTmrMLM","PstI.TP120247","9","6373532","-1.0582e-05","0.0023","A"
"4","Trait5","FASTmrMLM","PstI.TP125060","9","6374194","0.1847","1.3531","A"
"4","Trait5","FASTmrMLM","PstI.TP747243","9","6400439","1.5216e-05","0.0033","A"
"4","Trait5","FASTmrMLM","PstI.TP689574","9","6407115","0.024","0.1701","C"
"4","Trait5","FASTmrMLM","PstI.TP744116","9","6407222","6.2033e-06","0.0014","G"
"4","Trait5","FASTmrMLM","PstI.TP264532","9","6408123","-4.7513e-05","0.0105","C"
"4","Trait5","FASTmrMLM","PstI.TP304003","9","6409609","0.0543","0.41","A"
"4","Trait5","FASTmrMLM","NsiI.TP200612","9","6434685","1.1078e-05","0.0024","A"
"4","Trait5","FASTmrMLM","GFSSContig12642_472","9","6635495","-2.4218e-05","0.0053","A"
"4","Trait5","FASTmrMLM","PstI.TP1032114","9","6641840","1.3023e-05","0.0028","C"
"4","Trait5","FASTmrMLM","PstI.TP61741","9","6693911","8.4187e-05","0.0097","C"
"4","Trait5","FASTmrMLM","NsiI.TP691913","9","6694469","3.2314e-05","0.0071","C"
"4","Trait5","FASTmrMLM","PstI.TP223371","9","6695165","6.7296e-06","0.0015","A"
"4","Trait5","FASTmrMLM","NsiI.TP346385","9","6735422","-0.0292","0.3427","A"
"4","Trait5","FASTmrMLM","NsiI.TP481480","9","6736402","2.7067e-05","0.0059","C"
"4","Trait5","FASTmrMLM","NsiI.TP532466","9","6736967","-0.0154","0.2357","C"
"4","Trait5","FASTmrMLM","NsiI.TP195691","9","6737035","-9.7562e-06","0.0021","C"
"4","Trait5","FASTmrMLM","PstI.TP142984","9","6749522","6.298e-05","0.0082","C"
"4","Trait5","FASTmrMLM","PstI.TP601016","9","6752101","0.0396","0.3478","G"
"4","Trait5","FASTmrMLM","NsiI.TP313098","9","6752240","-2.9338e-05","0.0064","A"
"4","Trait5","FASTmrMLM","PstI.TP940701","9","6861549","3.2373e-06","7e-04","A"
"4","Trait5","FASTmrMLM","NsiI.TP470673","9","6888652","-0.059","0.4795","A"
"4","Trait5","FASTmrMLM","NsiI.TP226720","9","6900151","-1.5092e-05","0.0033","A"
"4","Trait5","FASTmrMLM","PstI.TP423175","9","7031252","-1.8094e-05","0.004","A"
"4","Trait5","FASTmrMLM","NsiI.TP107041","9","7074565","-1.3484e-05","0.0029","A"
"4","Trait5","FASTmrMLM","PstI.TP601676","9","7077349","0.0134","0.1421","C"
"4","Trait5","FASTmrMLM","PstI.TP665432","9","7133721","2.0812e-05","0.0046","C"
"4","Trait5","FASTmrMLM","PstI.TP752507","9","7133970","1.8838e-05","0.0041","C"
"4","Trait5","FASTmrMLM","PstI.TP96607","9","7134017","-1.0703e-06","2e-04","C"
"4","Trait5","FASTmrMLM","NsiI.TP616247","9","7224805","0.0349","0.2438","A"
"4","Trait5","FASTmrMLM","NsiI.TP601639","9","7224820","-3.5365e-06","8e-04","C"
"4","Trait5","FASTmrMLM","NsiI.TP423888","9","7279333","-1.4112e-05","0.0031","A"
"4","Trait5","FASTmrMLM","PstI.TP609740","9","7287080","0.1506","2.1499","C"
"4","Trait5","FASTmrMLM","PstI.TP1140435","9","7294217","-0.0301","0.2523","A"
"4","Trait5","FASTmrMLM","NsiI.TP699435","9","7343022","1.2015e-05","0.0026","C"
"4","Trait5","FASTmrMLM","PstI.TP808182","9","7345615","2.4626e-06","5e-04","C"
"4","Trait5","FASTmrMLM","GFSSContig9297_330","9","7346338","-2.5052e-05","0.0055","T"
"4","Trait5","FASTmrMLM","PstI.TP8881","9","7349401","2.5445e-05","0.0056","A"
"4","Trait5","FASTmrMLM","PstI.TP146654","9","7350920","3.337e-05","0.0073","A"
"4","Trait5","FASTmrMLM","PstI.TP523908","9","7350962","-3.3989e-05","0.0075","C"
"4","Trait5","FASTmrMLM","PstI.TP1200570","9","7452354","-5.3648e-07","1e-04","G"
"4","Trait5","FASTmrMLM","PstI.TP25440","9","7484632","6.0911e-06","0.0013","A"
"4","Trait5","FASTmrMLM","PstI.TP876655","9","7539080","-0.0017","0.0383","C"
"4","Trait5","FASTmrMLM","PstI.TP775346","9","7539132","-1.269e-06","3e-04","A"
"4","Trait5","FASTmrMLM","PstI.TP95475","9","7541008","0.2157","1.0699","C"
"4","Trait5","FASTmrMLM","NsiI.TP493666","9","7567930","3.3228e-05","0.0073","C"
"4","Trait5","FASTmrMLM","NsiI.TP739882","9","7572408","-0.1109","0.4574","G"
"4","Trait5","FASTmrMLM","NsiI.TP219890","9","7738944","6.8655e-06","0.0015","C"
"4","Trait5","FASTmrMLM","NsiI.TP813925","9","7828467","0.1238","0.9209","A"
"4","Trait5","FASTmrMLM","NsiI.TP288852","9","8015102","-1.2197e-05","0.0027","C"
"4","Trait5","FASTmrMLM","NsiI.TP323047","9","8031946","8.4045e-06","0.0018","C"
"4","Trait5","FASTmrMLM","PstI.TP861162","9","8035460","-0.1553","0.7077","A"
"4","Trait5","FASTmrMLM","PstI.TP1184713","9","8036705","-3.8867e-05","0.0085","A"
"4","Trait5","FASTmrMLM","PstI.TP674554","9","8037401","-1.7446e-05","0.0038","A"
"4","Trait5","FASTmrMLM","PstI.TP957972","9","8038312","-0.2131","0.9828","A"
"4","Trait5","FASTmrMLM","NsiI.TP484572","9","8065918","-0.0364","0.3433","A"
"4","Trait5","FASTmrMLM","NsiI.TP484573","9","8065960","-1.0506e-05","0.0023","C"
"4","Trait5","FASTmrMLM","NsiI.TP476297","9","8104643","-0.2473","1.1337","A"
"4","Trait5","FASTmrMLM","PstI.TP264705","9","8115854","-0.0345","0.4051","A"
"4","Trait5","FASTmrMLM","PstI.TP311761","9","8115873","0.2312","1.3952","C"
"4","Trait5","FASTmrMLM","PstI.TP1221436","9","8117840","-1.0369e-05","0.0023","C"
"4","Trait5","FASTmrMLM","PstI.TP422786","9","8162946","-0.0396","0.3498","A"
"4","Trait5","FASTmrMLM","PstI.TP772271","9","8171541","-0.1487","0.9774","A"
"4","Trait5","FASTmrMLM","PstI.TP622376","9","8185273","0.0927","0.4151","C"
"4","Trait5","FASTmrMLM","NsiI.TP438944","9","8191469","-0.1462","0.8439","G"
"4","Trait5","FASTmrMLM","NsiI.TP811997","9","8192109","0.159","0.4929","A"
"4","Trait5","FASTmrMLM","PstI.TP130587","9","8286735","-0.0216","0.25","C"
"4","Trait5","FASTmrMLM","PstI.TP1068351","9","8336557","3.9463e-06","9e-04","C"
"4","Trait5","FASTmrMLM","NsiI.TP227821","9","8359774","-3.3753e-06","7e-04","A"
"4","Trait5","FASTmrMLM","NsiI.TP261002","9","8398398","-0.0701","0.3845","C"
"4","Trait5","FASTmrMLM","PstI.TP1272318","9","8556158","-4.3204e-05","0.0075","C"
"4","Trait5","FASTmrMLM","PstI.TP1263163","9","8556161","-0.0827","0.7874","G"
"4","Trait5","FASTmrMLM","PstI.TP1256911","9","8597891","-0.0354","0.3112","C"
"4","Trait5","FASTmrMLM","NsiI.TP491714","9","8598377","2.1764e-05","0.0048","A"
"4","Trait5","FASTmrMLM","NsiI.TP612030","9","8705752","-0.0179","0.1413","C"
"4","Trait5","FASTmrMLM","PstI.TP121453","9","8810283","2.7549e-06","6e-04","C"
"4","Trait5","FASTmrMLM","PstI.TP989358","9","8810513","0.1136","0.6703","C"
"4","Trait5","FASTmrMLM","PstI.TP67592","9","8822211","2.6955e-05","0.0059","A"
"4","Trait5","FASTmrMLM","PstI.TP368084","9","8882427","1.171e-06","3e-04","C"
"4","Trait5","FASTmrMLM","PstI.TP836794","9","8886043","2.0652e-05","0.0045","A"
"4","Trait5","FASTmrMLM","PstI.TP1009692","9","8887110","-0.1731","1.3683","A"
"4","Trait5","FASTmrMLM","PstI.TP1245006","9","8954777","-2.0813e-05","0.0046","C"
"4","Trait5","FASTmrMLM","PstI.TP796715","9","8954879","-4.8649e-06","0.0011","C"
"4","Trait5","FASTmrMLM","PstI.TP1057124","9","9148132","1.1444e-05","0.0025","C"
"4","Trait5","FASTmrMLM","PstI.TP693497","9","9186057","-2.6592e-05","0.0058","C"
"4","Trait5","FASTmrMLM","NsiI.TP633109","9","9191830","-0.0886","0.6157","G"
"4","Trait5","FASTmrMLM","NsiI.TP332557","9","9218110","9.7058e-06","0.0021","C"
"4","Trait5","FASTmrMLM","NsiI.TP531549","9","9292222","-1.9759e-05","0.0043","C"
"4","Trait5","FASTmrMLM","PstI.TP351258","9","9320430","-1.8511e-05","0.004","C"
"4","Trait5","FASTmrMLM","PstI.TP932567","9","9361407","2e-04","0.0134","C"
"4","Trait5","FASTmrMLM","PstI.TP1026660","9","9363180","-3.2937e-06","7e-04","A"
"4","Trait5","FASTmrMLM","PstI.TP1076388","9","9403021","-9.3727e-06","0.002","A"
"4","Trait5","FASTmrMLM","NsiI.TP433543","9","9611249","-3.2506e-06","7e-04","A"
"4","Trait5","FASTmrMLM","NsiI.TP430999","9","9620980","-5.105e-06","0.0011","C"
"4","Trait5","FASTmrMLM","NsiI.TP4921","9","9641990","-4.6742e-06","0.001","A"
"4","Trait5","FASTmrMLM","PstI.TP1147607","9","9647411","1.5172e-05","0.0033","A"
"4","Trait5","FASTmrMLM","NsiI.TP161456","9","9793365","-2.6275e-05","0.0058","G"
"4","Trait5","FASTmrMLM","PstI.TP1142592","9","9807640","1.9666e-05","0.0043","A"
"4","Trait5","FASTmrMLM","NsiI.TP297433","9","9812470","-6.8761e-07","1e-04","A"
"4","Trait5","FASTmrMLM","NsiI.TP783384","9","9888204","1.498e-06","3e-04","A"
"4","Trait5","FASTmrMLM","NsiI.TP423717","9","9908292","-2.2636e-05","0.005","A"
"4","Trait5","FASTmrMLM","NsiI.TP61019","9","9952836","-3.8119e-06","8e-04","C"
"4","Trait5","FASTmrMLM","PstI.TP22149","9","9967484","-1.7749e-05","0.0039","C"
"4","Trait5","FASTmrMLM","PstI.TP416016","9","9994604","-1e-04","0.0087","C"
"4","Trait5","FASTmrMLM","NsiI.TP814761","9","9994604","-6.4189e-06","0.0014","C"
"4","Trait5","FASTmrMLM","PstI.TP530566","9","9994665","-9.4088e-06","0.0021","A"
"4","Trait5","FASTmrMLM","NsiI.TP416268","9","9997452","-1.8065e-05","0.0039","A"
"4","Trait5","FASTmrMLM","NsiI.TP292806","9","10113735","-0.0253","0.1675","A"
"4","Trait5","FASTmrMLM","NsiI.TP354716","9","10258988","2.1997e-05","0.0048","A"
"4","Trait5","FASTmrMLM","PstI.TP1042909","9","10342620","-2.3742e-05","0.0052","C"
"4","Trait5","FASTmrMLM","NsiI.TP493599","9","10366980","-1.1442e-05","0.0025","A"
"4","Trait5","FASTmrMLM","NsiI.TP491932","9","10453757","0.0204","0.3259","A"
"4","Trait5","FASTmrMLM","NsiI.TP434349","9","10458989","-0.4633","2.0868","C"
"4","Trait5","FASTmrMLM","NsiI.TP576061","9","10459096","-1.3683e-05","0.003","C"
"4","Trait5","FASTmrMLM","NsiI.TP494856","9","10541760","2.231e-05","0.0049","A"
"4","Trait5","FASTmrMLM","NsiI.TP494858","9","10541784","-1.5877e-05","0.0035","A"
"4","Trait5","FASTmrMLM","PstI.TP1232653","9","10591858","0.0178","0.1756","G"
"4","Trait5","FASTmrMLM","PstI.TP997632","9","10600783","-7.1862e-06","0.0016","A"
"4","Trait5","FASTmrMLM","PstI.TP1185975","9","10602785","3.666e-05","0.0081","A"
"4","Trait5","FASTmrMLM","NsiI.TP323332","9","10640100","2.5531e-05","0.0056","A"
"4","Trait5","FASTmrMLM","PstI.TP276102","9","10664729","0.1292","0.5628","A"
"4","Trait5","FASTmrMLM","NsiI.TP673205","9","10729713","5.5947e-06","0.0012","A"
"4","Trait5","FASTmrMLM","PstI.TP451587","9","10744155","1.3749e-05","0.003","A"
"4","Trait5","FASTmrMLM","NsiI.TP799836","9","10853985","-3.1411e-05","0.0069","A"
"4","Trait5","FASTmrMLM","PstI.TP984285","9","11318249","1.3873e-05","0.003","C"
"4","Trait5","FASTmrMLM","NsiI.TP442106","9","11643086","-9.169e-06","0.002","C"
"4","Trait5","FASTmrMLM","PstI.TP640186","9","11674414","-9.386e-07","2e-04","G"
"4","Trait5","FASTmrMLM","NsiI.TP148435","9","11676485","-3.2335e-05","0.0071","A"
"4","Trait5","FASTmrMLM","PstI.TP1211835","9","11677192","-0.0882","0.8834","G"
"4","Trait5","FASTmrMLM","PstI.TP662999","9","11921750","2.9393e-06","6e-04","C"
"4","Trait5","FASTmrMLM","NsiI.TP367879","9","11922751","3.6101e-05","0.0079","A"
"4","Trait5","FASTmrMLM","NsiI.TP818836","9","12575402","2.1952e-05","0.0048","C"
"4","Trait5","FASTmrMLM","PstI.TP1245112","9","12576025","-0.0694","0.6533","A"
"4","Trait5","FASTmrMLM","NsiI.TP375907","9","12578098","5.1603e-06","0.0011","G"
"4","Trait5","FASTmrMLM","NsiI.TP414858","9","12589668","0.093","0.9623","A"
"4","Trait5","FASTmrMLM","NsiI.TP395093","9","12589694","6.7608e-06","0.0015","A"
"4","Trait5","FASTmrMLM","PstI.TP447781","9","12669967","-6.9464e-06","0.0015","C"
"4","Trait5","FASTmrMLM","PstI.TP1057397","9","12729675","0.1352","1.534","G"
"4","Trait5","FASTmrMLM","GFSSContig8210_372","9","12791799","-0.0139","0.2135","T"
"4","Trait5","FASTmrMLM","PstI.TP533660","9","13375469","-0.0663","0.6886","C"
"4","Trait5","FASTmrMLM","PstI.TP1007011","9","13376975","0.033","0.4387","A"
"4","Trait5","FASTmrMLM","NsiI.TP683931","9","13395763","-0.0831","0.9836","C"
"4","Trait5","FASTmrMLM","NsiI.TP499674","9","13711065","2.2365e-05","0.0049","A"
"4","Trait5","FASTmrMLM","PstI.TP912734","9","13711537","2.4586e-06","5e-04","A"
"4","Trait5","FASTmrMLM","PstI.TP1266699","9","13714262","0.136","0.7552","C"
"4","Trait5","FASTmrMLM","NsiI.TP163169","9","13714382","-3.7934e-06","8e-04","A"
"4","Trait5","FASTmrMLM","NsiI.TP497406","9","13714860","-0.228","2.1332","A"
"4","Trait5","FASTmrMLM","NsiI.TP354190","9","13837403","0.1957","1.2159","A"
"4","Trait5","FASTmrMLM","NsiI.TP126933","9","14133245","-7.899e-06","0.0017","G"
"4","Trait5","FASTmrMLM","PstI.TP207634","9","14193340","-2.171e-05","0.0048","A"
"4","Trait5","FASTmrMLM","NsiI.TP285540","9","14193674","-2.0535e-05","0.0045","C"
"4","Trait5","FASTmrMLM","NsiI.TP637506","9","14292724","0.1743","0.8914","G"
"4","Trait5","FASTmrMLM","PstI.TP68258","9","14385841","1.34e-07","2.9163e-05","C"
"4","Trait5","FASTmrMLM","NsiI.TP575804","9","14461835","-1.5575e-06","3e-04","A"
"4","Trait5","FASTmrMLM","PstI.TP817629","9","14509114","0.1084","0.4171","A"
"4","Trait5","FASTmrMLM","PstI.TP873907","9","14568689","2.3515e-06","5e-04","C"
"4","Trait5","FASTmrMLM","PstI.TP1156689","9","14570213","-0.1563","1.3907","G"
"4","Trait5","FASTmrMLM","PstI.TP365199","9","14572462","-7.9929e-06","0.0017","A"
"4","Trait5","FASTmrMLM","PstI.TP1182033","9","14585751","-1.1203e-05","0.0024","A"
"4","Trait5","FASTmrMLM","PstI.TP1160032","9","14600158","0.0447","0.3685","C"
"4","Trait5","FASTmrMLM","PstI.TP1230786","9","14648171","5.0718e-07","1e-04","A"
"4","Trait5","FASTmrMLM","NsiI.TP36285","9","14687254","-0.0584","0.4909","C"
"4","Trait5","FASTmrMLM","NsiI.TP10088","9","14687436","2.623e-05","0.0057","A"
"4","Trait5","FASTmrMLM","NsiI.TP441297","9","14687852","2.3505e-05","0.0051","C"
"4","Trait5","FASTmrMLM","PstI.TP635651","9","14689398","-1.2776e-05","0.0028","C"
"4","Trait5","FASTmrMLM","PstI.TP1035449","9","14829073","-7.6612e-06","0.0017","A"
"4","Trait5","FASTmrMLM","PstI.TP1282314","9","15059279","-0.0529","0.6359","A"
"4","Trait5","FASTmrMLM","PstI.TP301248","9","15075647","1.1088e-05","0.0024","C"
"4","Trait5","FASTmrMLM","NsiI.TP73870","9","15075647","-3.4408e-05","0.0076","C"
"4","Trait5","FASTmrMLM","PstI.TP866736","9","15103421","-2.8537e-06","6e-04","A"
"4","Trait5","FASTmrMLM","PstI.TP1206919","9","15107149","2.8848e-05","0.0063","A"
"4","Trait5","FASTmrMLM","NsiI.TP176150","9","15265266","-1.7881e-05","0.0039","C"
"4","Trait5","FASTmrMLM","PstI.TP1216208","9","15330729","-4.708e-07","1e-04","A"
"4","Trait5","FASTmrMLM","PstI.TP644111","9","15378257","1.49e-05","0.0033","A"
"4","Trait5","FASTmrMLM","NsiI.TP440421","9","15394068","4.7016e-05","0.0104","C"
"4","Trait5","FASTmrMLM","NsiI.TP601791","9","16650050","1.3126e-05","0.0029","C"
"4","Trait5","FASTmrMLM","PstI.TP1112712","9","16971697","-0.0591","0.3893","C"
"4","Trait5","FASTmrMLM","NsiI.TP249724","9","17437220","1.2446e-05","0.0027","A"
"4","Trait5","FASTmrMLM","PstI.TP552875","9","18428383","-1.6804e-05","0.0037","A"
"4","Trait5","FASTmrMLM","NsiI.TP118239","9","18428819","2.2422e-05","0.0049","C"
"4","Trait5","FASTmrMLM","NsiI.TP19223","9","18882168","-9.1881e-06","0.002","C"
"4","Trait5","FASTmrMLM","PstI.TP679306","9","19457038","1.109e-05","0.0024","C"
"4","Trait5","FASTmrMLM","PstI.TP200576","9","20067239","-2.8361e-05","0.0062","A"
"4","Trait5","FASTmrMLM","PstI.TP939350","9","20082917","-1.8733e-05","0.0041","C"
"4","Trait5","FASTmrMLM","NsiI.TP571656","9","20083093","-1.3854e-05","0.003","A"
"4","Trait5","FASTmrMLM","PstI.TP813066","9","20880481","7.144e-06","0.0016","A"
"4","Trait5","FASTmrMLM","PstI.TP19510","9","22875990","0.1686","1.1479","A"
"4","Trait5","FASTmrMLM","NsiI.TP115599","9","22877672","-1.1979e-05","0.0026","G"
"4","Trait5","FASTmrMLM","NsiI.TP241125","9","23004182","4.8677e-06","0.0011","A"
"4","Trait5","FASTmrMLM","NsiI.TP378130","9","23414746","-0.0734","0.4124","C"
"4","Trait5","FASTmrMLM","PstI.TP1218708","9","25625413","0.2552","1.2551","A"
"4","Trait5","FASTmrMLM","PstI.TP637271","9","25840398","3e-04","0.0157","C"
"4","Trait5","FASTmrMLM","GFk40ctg144164_473","9","26595413","-9.9571e-06","0.0022","T"
"4","Trait5","FASTmrMLM","PstI.TP957775","9","27506778","-1.5062e-05","0.0033","C"
"4","Trait5","FASTmrMLM","PstI.TP68785","9","30736272","-1.3016e-05","0.0028","C"
"4","Trait5","FASTmrMLM","NsiI.TP811743","9","32806387","-1.7864e-05","0.0039","A"
"4","Trait5","FASTmrMLM","PstI.TP417225","9","33578196","1.5277e-05","0.0033","C"
"4","Trait5","FASTmrMLM","NsiI.TP784627","9","34120871","0.1431","0.9648","A"
"4","Trait5","FASTmrMLM","NsiI.TP719487","9","35071230","1.3276e-05","0.0029","A"
"4","Trait5","FASTmrMLM","NsiI.TP702464","9","35794474","2.9847e-05","0.0057","C"
"4","Trait5","FASTmrMLM","PstI.TP76645","9","36846569","2.3798e-05","0.0052","C"
"4","Trait5","FASTmrMLM","PstI.TP1058071","9","36867773","0.0383","0.3552","A"
"4","Trait5","FASTmrMLM","NsiI.TP594691","9","37217461","-0.209","1.2233","A"
"4","Trait5","FASTmrMLM","NsiI.TP147881","9","37353755","-4.5652e-06","0.001","C"
"4","Trait5","FASTmrMLM","NsiI.TP97466","9","37982249","-3.9997e-05","0.0088","A"
"4","Trait5","FASTmrMLM","NsiI.TP502194","9","38258741","-0.0335","0.417","A"
"4","Trait5","FASTmrMLM","PstI.TP901974","9","38264015","-3.4495e-05","0.0076","A"
"4","Trait5","FASTmrMLM","PstI.TP834767","9","38274989","-1.3907e-05","0.003","A"
"4","Trait5","FASTmrMLM","PstI.TP532345","9","38275195","-0.1634","0.9518","A"
"4","Trait5","FASTmrMLM","PstI.TP522980","9","38365528","-6.2202e-06","0.0014","C"
"4","Trait5","FASTmrMLM","PstI.TP352986","9","38365548","1.8731e-05","0.0041","G"
"4","Trait5","FASTmrMLM","NsiI.TP549426","9","38861272","2.6748e-05","0.0059","A"
"4","Trait5","FASTmrMLM","PstI.TP68770","9","38861291","0.0274","0.282","A"
"4","Trait5","FASTmrMLM","NsiI.TP602532","9","39020064","-1.1024e-05","0.0024","A"
"4","Trait5","FASTmrMLM","PstI.TP140367","9","39139457","2.7371e-05","0.006","A"
"4","Trait5","FASTmrMLM","PstI.TP700698","9","39264332","5.4172e-06","0.0012","A"
"4","Trait5","FASTmrMLM","PstI.TP691953","9","39371814","0.0756","0.5301","A"
"4","Trait5","FASTmrMLM","PstI.TP938963","9","39755480","-0.0422","0.5615","C"
"4","Trait5","FASTmrMLM","NsiI.TP805839","9","39777832","6.9499e-06","0.0015","G"
"4","Trait5","FASTmrMLM","PstI.TP1039836","9","39785322","-8.5431e-06","0.0019","A"
"4","Trait5","FASTmrMLM","NsiI.TP627393","9","40046797","-0.0755","0.5948","A"
"4","Trait5","FASTmrMLM","PstI.TP1026031","9","40051025","3.135e-06","7e-04","C"
"4","Trait5","FASTmrMLM","NsiI.TP64202","9","40060320","-2.5553e-06","6e-04","A"
"4","Trait5","FASTmrMLM","PstI.TP917569","9","40688795","-9.4583e-06","0.0021","A"
"4","Trait5","FASTmrMLM","NsiI.TP286805","9","40752680","-6.2344e-06","0.0014","C"
"4","Trait5","FASTmrMLM","PstI.TP145796","9","40783563","1.3174e-05","0.0029","A"
"4","Trait5","FASTmrMLM","NsiI.TP708247","9","40798721","0.0331","0.2918","C"
"4","Trait5","FASTmrMLM","NsiI.TP753743","9","41089177","4.3413e-06","9e-04","A"
"4","Trait5","FASTmrMLM","PstI.TP1235826","9","41258170","-5.1745e-07","1e-04","A"
"4","Trait5","FASTmrMLM","NsiI.TP102287","9","41271971","6.4351e-06","0.0014","C"
"4","Trait5","FASTmrMLM","PstI.TP669303","9","41278273","0.1293","0.5049","G"
"4","Trait5","FASTmrMLM","PstI.TP606936","9","41549576","-0.1331","0.5723","A"
"4","Trait5","FASTmrMLM","PstI.TP953364","9","41929468","6.4539e-06","0.0014","A"
"4","Trait5","FASTmrMLM","NsiI.TP123108","9","41930293","8.8431e-06","0.0019","C"
"4","Trait5","FASTmrMLM","PstI.TP787829","9","41932983","1.0821e-05","0.0024","A"
"4","Trait5","FASTmrMLM","PstI.TP637680","9","42252247","-0.0089","0.1545","A"
"4","Trait5","FASTmrMLM","NsiI.TP207507","9","42261341","-1.3947e-05","0.003","A"
"4","Trait5","FASTmrMLM","PstI.TP1059831","9","42337221","-0.051","0.4112","G"
"4","Trait5","FASTmrMLM","PstI.TP1054397","9","42375267","-2.6068e-05","0.0057","C"
"4","Trait5","FASTmrMLM","NsiI.TP296014","9","42399220","3.8575e-05","0.0085","G"
"4","Trait5","FASTmrMLM","NsiI.TP532742","9","42788761","-2.3931e-05","0.0052","A"
"4","Trait5","FASTmrMLM","NsiI.TP454960","9","42841922","2.146e-06","5e-04","A"
"4","Trait5","FASTmrMLM","NsiI.TP315814","9","42849540","0.0452","0.237","A"
"4","Trait5","FASTmrMLM","PstI.TP294179","9","42894413","-1.276e-05","0.0028","C"
"4","Trait5","FASTmrMLM","NsiI.TP123420","9","42929644","-1.8587e-05","0.0041","A"
"4","Trait5","FASTmrMLM","NsiI.TP616450","9","42951318","-0.0092","0.0982","C"
"4","Trait5","FASTmrMLM","PstI.TP343925","9","42951872","-5.8778e-07","1e-04","C"
"4","Trait5","FASTmrMLM","PstI.TP578998","9","42996080","1.1257e-05","0.0025","C"
"4","Trait5","FASTmrMLM","PstI.TP1286575","9","42996723","-6.3285e-06","0.0014","A"
"4","Trait5","FASTmrMLM","PstI.TP30964","9","43000407","-1.0151e-06","2e-04","C"
"4","Trait5","FASTmrMLM","NsiI.TP751278","9","43020633","-0.089","0.4875","A"
"4","Trait5","FASTmrMLM","PstI.TP180218","9","43290884","4.6563e-06","0.001","C"
"4","Trait5","FASTmrMLM","PstI.TP1203017","9","43360526","1.6755e-05","0.0037","C"
"4","Trait5","FASTmrMLM","NsiI.TP610913","9","43526425","1.7373e-05","0.0038","C"
"4","Trait5","FASTmrMLM","NsiI.TP371928","9","43542907","-8.356e-06","0.0018","A"
"4","Trait5","FASTmrMLM","PstI.TP469115","9","43546280","-0.0223","0.1807","A"
"4","Trait5","FASTmrMLM","PstI.TP993119","9","43764890","2.4171e-05","0.0053","A"
"4","Trait5","FASTmrMLM","NsiI.TP168159","9","44052122","-0.0779","0.4895","C"
"4","Trait5","FASTmrMLM","NsiI.TP701609","9","44167653","-0.0978","1.0806","G"
"4","Trait5","FASTmrMLM","PstI.TP1252358","9","44187954","-2.5326e-06","6e-04","A"
"4","Trait5","FASTmrMLM","PstI.TP1166043","9","44191069","-1.118e-05","0.0024","A"
"4","Trait5","FASTmrMLM","NsiI.TP408712","9","44202740","-1.8694e-05","0.0041","C"
"4","Trait5","FASTmrMLM","NsiI.TP449040","9","44409088","5.778e-06","0.0013","C"
"4","Trait5","FASTmrMLM","PstI.TP845297","9","44426344","-7.9172e-06","0.0017","C"
"4","Trait5","FASTmrMLM","PstI.TP1207841","9","44561661","2.3862e-06","5e-04","C"
"4","Trait5","FASTmrMLM","PstI.TP957163","9","44644697","0.062","0.4799","A"
"4","Trait5","FASTmrMLM","PstI.TP466257","9","44644886","-3.7932e-05","0.0083","A"
"4","Trait5","FASTmrMLM","PstI.TP876546","9","44646384","-1.2679e-05","0.0028","A"
"4","Trait5","FASTmrMLM","PstI.TP833440","9","44785613","-3.8077e-05","0.0084","G"
"4","Trait5","FASTmrMLM","NsiI.TP208719","9","44786084","-2.9896e-05","0.0066","C"
"4","Trait5","FASTmrMLM","NsiI.TP129565","9","44786093","0.1401","1.6562","A"
"4","Trait5","FASTmrMLM","NsiI.TP347216","9","44790414","-2.9206e-05","0.0064","A"
"4","Trait5","FASTmrMLM","PstI.TP305311","9","44819890","2.0994e-07","4.5697e-05","C"
"4","Trait5","FASTmrMLM","PstI.TP40733","9","44975573","1.7087e-06","4e-04","A"
"4","Trait5","FASTmrMLM","PstI.TP52028","9","44975610","6.0217e-06","0.0013","G"
"4","Trait5","FASTmrMLM","NsiI.TP468330","9","45257052","1.8603e-05","0.0041","C"
"4","Trait5","FASTmrMLM","NsiI.TP469903","9","45311713","-0.0801","0.4692","A"
"4","Trait5","FASTmrMLM","PstI.TP197436","9","45312455","-5.1935e-06","0.0011","A"
"4","Trait5","FASTmrMLM","PstI.TP350243","9","45321870","0.0176","0.2188","C"
"4","Trait5","FASTmrMLM","NsiI.TP499976","9","45326088","1.6345e-05","0.0036","C"
"4","Trait5","FASTmrMLM","NsiI.TP139051","9","45354277","0.0093","0.166","A"
"4","Trait5","FASTmrMLM","NsiI.TP675190","9","45430030","5.2955e-06","0.0012","C"
"4","Trait5","FASTmrMLM","PstI.TP785457","9","45493185","-4.508e-05","0.0099","C"
"4","Trait5","FASTmrMLM","PstI.TP745179","9","45518452","-1.2476e-05","0.0027","A"
"4","Trait5","FASTmrMLM","PstI.TP1134573","9","45626034","1.1412e-05","0.0025","C"
"4","Trait5","FASTmrMLM","NsiI.TP691930","9","45766037","-0.0572","0.3913","A"
"4","Trait5","FASTmrMLM","PstI.TP481697","9","45849856","-2.9167e-06","6e-04","G"
"4","Trait5","FASTmrMLM","PstI.TP916762","9","45861595","0.1061","0.5841","A"
"4","Trait5","FASTmrMLM","NsiI.TP504572","9","45861749","-1.336e-05","0.0029","C"
"4","Trait5","FASTmrMLM","PstI.TP1234082","9","45899524","-9.5554e-06","0.0021","C"
"4","Trait5","FASTmrMLM","NsiI.TP452761","9","45915539","-5.3277e-06","0.0012","C"
"4","Trait5","FASTmrMLM","PstI.TP383705","9","46040507","-2e-04","0.0134","A"
"4","Trait5","FASTmrMLM","PstI.TP1073524","9","46091564","-3.7567e-06","8e-04","A"
"4","Trait5","FASTmrMLM","PstI.TP154137","9","46091568","-3.1474e-06","7e-04","A"
"4","Trait5","FASTmrMLM","PstI.TP70600","9","46098921","-0.0718","0.7069","A"
"4","Trait5","FASTmrMLM","PstI.TP852713","9","46143054","-2.6573e-05","0.0058","C"
"4","Trait5","FASTmrMLM","PstI.TP866778","9","46230348","-3.4483e-05","0.0076","A"
"4","Trait5","FASTmrMLM","PstI.TP975495","9","46275702","0.1998","1.0754","A"
"4","Trait5","FASTmrMLM","NsiI.TP408204","9","46327607","7.7615e-06","0.0017","C"
"4","Trait5","FASTmrMLM","PstI.TP508473","9","46328541","-0.0456","0.3784","C"
"4","Trait5","FASTmrMLM","PstI.TP33741","9","46341723","4.2367e-06","9e-04","A"
"4","Trait5","FASTmrMLM","PstI.TP434991","9","46360203","-1.2145e-06","3e-04","G"
"4","Trait5","FASTmrMLM","NsiI.TP619567","9","46467310","-2.1529e-06","5e-04","A"
"4","Trait5","FASTmrMLM","NsiI.TP539541","9","46496438","2.9335e-05","0.005","C"
"4","Trait5","FASTmrMLM","PstI.TP1146048","9","46647057","-3.7375e-05","0.0082","C"
"4","Trait5","FASTmrMLM","NsiI.TP681624","9","46649323","1.3425e-05","0.0029","A"
"4","Trait5","FASTmrMLM","PstI.TP545574","9","46822842","-5.8204e-06","0.0013","C"
"4","Trait5","FASTmrMLM","PstI.TP693783","9","46824280","-1.0652e-06","2e-04","C"
"4","Trait5","FASTmrMLM","PstI.TP261479","9","46853698","-0.0119","0.1702","A"
"4","Trait5","FASTmrMLM","NsiI.TP545476","9","46957798","0.1129","0.421","C"
"4","Trait5","FASTmrMLM","PstI.TP608480","9","46997895","-2.4449e-06","5e-04","A"
"4","Trait5","FASTmrMLM","PstI.TP362402","9","46997904","-0.0296","0.2179","A"
"4","Trait5","FASTmrMLM","PstI.TP871734","9","47005479","1.7723e-05","0.0039","G"
"4","Trait5","FASTmrMLM","PstI.TP1286119","9","47045067","3.1164e-06","7e-04","C"
"4","Trait5","FASTmrMLM","NsiI.TP385334","9","47075550","-1.4772e-07","3.2147e-05","A"
"4","Trait5","FASTmrMLM","NsiI.TP206546","9","47078266","-1.2498e-05","0.0027","C"
"4","Trait5","FASTmrMLM","PstI.TP458205","9","47103166","1.0378e-05","0.0023","C"
"4","Trait5","FASTmrMLM","NsiI.TP568568","9","47105186","8.4355e-06","0.0018","G"
"4","Trait5","FASTmrMLM","NsiI.TP327022","9","47105593","8.9195e-06","0.0019","C"
"4","Trait5","FASTmrMLM","NsiI.TP628231","9","47107660","-8.2459e-06","0.0018","A"
"4","Trait5","FASTmrMLM","NsiI.TP466140","9","47128319","1.0414e-06","2e-04","C"
"4","Trait5","FASTmrMLM","PstI.TP506593","9","47168647","-2.7005e-05","0.0059","A"
"4","Trait5","FASTmrMLM","PstI.TP5394","9","47168921","-5.5247e-06","0.0012","A"
"4","Trait5","FASTmrMLM","PstI.TP380226","9","47171000","-2.3099e-05","0.0051","A"
"4","Trait5","FASTmrMLM","PstI.TP148437","9","47179901","-1.1861e-05","0.0026","A"
"4","Trait5","FASTmrMLM","PstI.TP1050094","9","47249166","0.1816","1.3003","A"
"4","Trait5","FASTmrMLM","PstI.TP1086009","9","47254131","-1.3225e-06","3e-04","C"
"4","Trait5","FASTmrMLM","PstI.TP464875","9","47280176","-0.0993","0.4887","A"
"4","Trait5","FASTmrMLM","PstI.TP300359","9","47338854","-1.2203e-05","0.0027","C"
"4","Trait5","FASTmrMLM","PstI.TP178315","9","47506928","0.1248","0.5839","C"
"4","Trait5","FASTmrMLM","PstI.TP1016227","9","47520282","0.0232","0.1794","A"
"4","Trait5","FASTmrMLM","PstI.TP249109","9","47522889","4.8605e-06","0.0011","C"
"4","Trait5","FASTmrMLM","NsiI.TP44398","9","47577782","3.0766e-06","7e-04","C"
"4","Trait5","FASTmrMLM","PstI.TP98766","9","47604426","-0.0338","0.4048","A"
"4","Trait5","FASTmrMLM","PstI.TP466464","9","47604450","2.046e-05","0.0045","A"
"4","Trait5","FASTmrMLM","PstI.TP201295","9","47612492","-8.6458e-06","0.0019","C"
"4","Trait5","FASTmrMLM","PstI.TP384871","9","47612549","-0.162","0.8727","C"
"4","Trait5","FASTmrMLM","PstI.TP1131895","9","47679355","0.1537","1.4325","A"
"4","Trait5","FASTmrMLM","NsiI.TP214052","9","47684954","1.3683e-05","0.003","C"
"4","Trait5","FASTmrMLM","PstI.TP210621","9","47711703","5.631e-06","0.0012","A"
"4","Trait5","FASTmrMLM","PstI.TP312559","9","47715592","1.0898e-06","2e-04","C"
"4","Trait5","FASTmrMLM","PstI.TP227055","9","47738761","-2.1392e-05","0.0047","A"
"4","Trait5","FASTmrMLM","PstI.TP1094077","9","47740265","0.1406","1.07","A"
"4","Trait5","FASTmrMLM","PstI.TP21102","9","47823531","0.0995","0.3963","A"
"4","Trait5","FASTmrMLM","PstI.TP21092","9","47823547","-1.304e-05","0.0028","C"
"4","Trait5","FASTmrMLM","GFSSContig11849_357","9","47860186","-1.9481e-05","0.0043","A"
"4","Trait5","FASTmrMLM","NsiI.TP509742","9","47862370","-1.449e-05","0.0032","A"
"4","Trait5","FASTmrMLM","NsiI.TP571982","9","47881000","-0.0352","0.3845","A"
"4","Trait5","FASTmrMLM","NsiI.TP155880","9","47896936","7.0934e-06","0.0015","C"
"4","Trait5","FASTmrMLM","NsiI.TP363016","9","47900777","2.0591e-07","4.4812e-05","A"
"4","Trait5","FASTmrMLM","NsiI.TP539658","9","47903190","3.3075e-05","0.0073","A"
"4","Trait5","FASTmrMLM","PstI.TP1286469","9","47904234","-0.0273","0.3782","A"
"4","Trait5","FASTmrMLM","NsiI.TP445258","9","47925296","-3.989e-05","0.0088","A"
"4","Trait5","FASTmrMLM","PstI.TP1155996","9","47941906","2.3458e-05","0.0051","A"
"4","Trait5","FASTmrMLM","NsiI.TP307574","9","47972438","-1.253e-05","0.0027","G"
"4","Trait5","FASTmrMLM","NsiI.TP353816","9","47972452","0.0557","0.4262","A"
"4","Trait5","FASTmrMLM","PstI.TP797211","9","47975853","3.3122e-05","0.0073","C"
"4","Trait5","FASTmrMLM","PstI.TP134958","9","47976468","-3.4878e-06","8e-04","A"
"4","Trait5","FASTmrMLM","NsiI.TP776853","9","47991784","0.1228","0.8708","C"
"4","Trait5","FASTmrMLM","PstI.TP252453","9","48033749","-2.9192e-06","6e-04","C"
"4","Trait5","FASTmrMLM","PstI.TP903764","9","48057413","-1.1131e-05","0.0024","C"
"4","Trait5","FASTmrMLM","NsiI.TP677734","9","48074093","-0.0255","0.2909","C"
"4","Trait5","FASTmrMLM","NsiI.TP595528","9","48088449","-3.0736e-05","0.0067","A"
"4","Trait5","FASTmrMLM","PstI.TP266635","9","48104553","2.5517e-05","0.0056","A"
"4","Trait5","FASTmrMLM","PstI.TP983537","9","48175909","5.5262e-06","0.0012","A"
"4","Trait5","FASTmrMLM","PstI.TP257192","9","48176770","-1.7494e-05","0.0038","A"
"4","Trait5","FASTmrMLM","PstI.TP39343","9","48209168","2.2682e-05","0.005","A"
"4","Trait5","FASTmrMLM","NsiI.TP117785","9","48238458","2.0897e-05","0.0046","C"
"4","Trait5","FASTmrMLM","PstI.TP778881","9","48260943","-4.1189e-06","9e-04","A"
"4","Trait5","FASTmrMLM","PstI.TP662455","9","48286647","6.3485e-06","0.0014","A"
"4","Trait5","FASTmrMLM","NsiI.TP352166","9","48292691","-0.1687","0.9082","A"
"4","Trait5","FASTmrMLM","NsiI.TP19960","9","48309325","4.3478e-06","9e-04","A"
"4","Trait5","FASTmrMLM","PstI.TP1173316","9","48311669","-1.2991e-05","0.0028","C"
"4","Trait5","FASTmrMLM","PstI.TP453846","9","48311706","-0.1904","1.9394","A"
"4","Trait5","FASTmrMLM","PstI.TP393502","9","48311733","-1.224e-06","3e-04","A"
"4","Trait5","FASTmrMLM","PstI.TP1118900","9","48313838","-4.4898e-05","0.0099","C"
"4","Trait5","FASTmrMLM","NsiI.TP578267","9","48379677","2.7779e-06","6e-04","C"
"4","Trait5","FASTmrMLM","NsiI.TP486611","9","48408751","-1.6022e-05","0.0035","A"
"4","Trait5","FASTmrMLM","PstI.TP791118","9","48427888","9.9545e-06","0.0022","G"
"4","Trait5","FASTmrMLM","PstI.TP4455","9","48453113","1.1606e-05","0.0025","A"
"4","Trait5","FASTmrMLM","GFSSContig18320_993","9","48478654","1.0092e-05","0.0022","T"
"4","Trait5","FASTmrMLM","PstI.TP1126664","9","48498325","-1.2172e-05","0.0027","G"
"4","Trait5","FASTmrMLM","PstI.TP1249539","9","48498622","0.0344","0.452","A"
"4","Trait5","FASTmrMLM","GFSSContig8648_564","9","48525805","2.0071e-06","4e-04","A"
"4","Trait5","FASTmrMLM","NsiI.TP362447","9","48537952","4.4017e-06","0.001","A"
"4","Trait5","FASTmrMLM","PstI.TP1154007","9","48549592","6.2423e-07","1e-04","C"
"4","Trait5","FASTmrMLM","PstI.TP1227790","9","48696731","0.3245","1.3594","A"
"4","Trait5","FASTmrMLM","NsiI.TP770402","9","48714255","-0.022","0.2763","A"
"4","Trait5","FASTmrMLM","NsiI.TP128976","9","48726795","3.1079e-06","7e-04","A"
"4","Trait5","FASTmrMLM","PstI.TP1251961","9","48731998","9.8163e-06","0.0021","A"
"4","Trait5","FASTmrMLM","PstI.TP1099478","9","48732312","0.1123","1.2369","A"
"4","Trait5","FASTmrMLM","GFSSContig4481_255","9","48773122","4.572e-07","9.9503e-05","A"
"4","Trait5","FASTmrMLM","PstI.TP1087685","9","48793191","0.0596","0.2538","A"
"4","Trait5","FASTmrMLM","NsiI.TP694982","9","48824969","-9.065e-06","0.002","C"
"4","Trait5","FASTmrMLM","PstI.TP1067903","9","48843269","-3.4592e-05","0.0076","C"
"4","Trait5","FASTmrMLM","PstI.TP1226288","9","48863065","-0.2008","0.9781","A"
"4","Trait5","FASTmrMLM","PstI.TP1192081","9","48933732","5.8721e-06","0.0013","G"
"4","Trait5","FASTmrMLM","PstI.TP1258850","9","48996326","-3.4395e-05","0.0076","A"
"4","Trait5","FASTmrMLM","PstI.TP480819","9","49003112","2.7464e-06","6e-04","A"
"4","Trait5","FASTmrMLM","NsiI.TP47960","9","49040401","-1.4202e-05","0.0031","A"
"4","Trait5","FASTmrMLM","NsiI.TP452199","9","49043508","-4.7056e-06","0.001","A"
"4","Trait5","FASTmrMLM","NsiI.TP682000","9","49047259","-3.7348e-06","8e-04","A"
"4","Trait5","FASTmrMLM","PstI.TP34649","9","49049252","2.0522e-06","4e-04","A"
"4","Trait5","FASTmrMLM","PstI.TP1248879","9","49145841","3.439e-07","7.4854e-05","A"
"4","Trait5","FASTmrMLM","PstI.TP1039539","9","49145938","-0.045","0.5913","A"
"4","Trait5","FASTmrMLM","PstI.TP765460","9","49146041","0.0654","0.6441","A"
"4","Trait5","FASTmrMLM","NsiI.TP778586","9","49180575","-2.6887e-06","6e-04","A"
"4","Trait5","FASTmrMLM","PstI.TP665697","9","49242210","-0.2026","1.2233","A"
"4","Trait5","FASTmrMLM","PstI.TP870602","9","49267255","-3.5889e-06","8e-04","A"
"4","Trait5","FASTmrMLM","PstI.TP226172","9","49337347","0.0468","0.62","C"
"4","Trait5","FASTmrMLM","PstI.TP1134201","9","49341921","-0.0195","0.1432","C"
"4","Trait5","FASTmrMLM","NsiI.TP146509","9","49399953","-0.17","0.9592","G"
"4","Trait5","FASTmrMLM","NsiI.TP320265","9","49405177","-3.6746e-05","0.0081","C"
"4","Trait5","FASTmrMLM","PstI.TP160468","9","49412675","2.3746e-05","0.0052","C"
"4","Trait5","FASTmrMLM","NsiI.TP645049","9","49424046","-8.6995e-06","0.0019","C"
"4","Trait5","FASTmrMLM","PstI.TP763172","9","49435659","1.0051e-05","0.0022","A"
"4","Trait5","FASTmrMLM","PstI.TP345799","9","49444468","-2.4433e-06","5e-04","C"
"4","Trait5","FASTmrMLM","PstI.TP160981","9","49459667","1.8512e-05","0.004","A"
"4","Trait5","FASTmrMLM","NsiI.TP585493","9","49488954","2.0701e-05","0.0045","C"
"4","Trait5","FASTmrMLM","PstI.TP1123350","9","49499779","-1.5089e-05","0.0033","A"
"4","Trait5","FASTmrMLM","GFSSContig16403_979","9","49499892","-4.253e-05","0.0094","A"
"4","Trait5","FASTmrMLM","GFSSContig9415_98","9","49511963","-2.2813e-05","0.005","A"
"4","Trait5","FASTmrMLM","PstI.TP913466","9","49530064","1.2711e-05","0.0028","C"
"4","Trait5","FASTmrMLM","PstI.TP753847","9","49596781","-8.6584e-07","2e-04","G"
"4","Trait5","FASTmrMLM","NsiI.TP538386","9","49620065","-0.2965","0.8584","C"
"4","Trait5","FASTmrMLM","NsiI.TP784632","9","49628256","0.1135","0.902","C"
"4","Trait5","FASTmrMLM","PstI.TP521591","9","49641986","0.0635","0.916","G"
"4","Trait5","FASTmrMLM","PstI.TP342546","9","49647227","-0.0074","0.1473","G"
"4","Trait5","FASTmrMLM","NsiI.TP311989","9","49682483","1.8887e-05","0.0041","C"
"4","Trait5","FASTmrMLM","PstI.TP633284","9","49691080","-2.7712e-05","0.0061","A"
"4","Trait5","FASTmrMLM","PstI.TP916444","9","49693033","7.7223e-06","0.0017","A"
"4","Trait5","FASTmrMLM","NsiI.TP624201","9","49718231","0.1126","0.7764","A"
"4","Trait5","FASTmrMLM","PstI.TP70629","9","49718801","0.0902","0.9608","A"
"4","Trait5","FASTmrMLM","NsiI.TP35880","9","49718979","2.8061e-05","0.0062","G"
"4","Trait5","FASTmrMLM","NsiI.TP407440","9","49734945","-2.5409e-05","0.0056","A"
"4","Trait5","FASTmrMLM","NsiI.TP596826","9","49741727","-3.3987e-05","0.0075","A"
"4","Trait5","FASTmrMLM","NsiI.TP520504","9","49747057","1.4209e-05","0.0031","A"
"4","Trait5","FASTmrMLM","NsiI.TP653939","9","49789425","-3.0955e-07","6.7375e-05","A"
"4","Trait5","FASTmrMLM","NsiI.TP361194","9","49800959","-2.3162e-05","0.0051","C"
"4","Trait5","FASTmrMLM","PstI.TP862743","9","49806389","0.1638","0.8555","C"
"4","Trait5","FASTmrMLM","PstI.TP329065","9","49852629","-9.2453e-06","0.002","A"
"4","Trait5","FASTmrMLM","PstI.TP1192034","9","49864656","-0.1271","1.0492","A"
"4","Trait5","FASTmrMLM","NsiI.TP313287","9","49875376","3.9456e-05","0.0087","C"
"4","Trait5","FASTmrMLM","PstI.TP154414","9","49932803","5.839e-06","0.0013","A"
"4","Trait5","FASTmrMLM","NsiI.TP296932","9","49933625","-0.2382","2.4744","A"
"4","Trait5","FASTmrMLM","NsiI.TP474968","9","49935487","0.1398","0.6043","A"
"4","Trait5","FASTmrMLM","NsiI.TP572650","9","49947849","-0.0858","0.7872","A"
"4","Trait5","FASTmrMLM","NsiI.TP400406","9","49962984","-0.0115","0.189","C"
"4","Trait5","FASTmrMLM","NsiI.TP406100","9","49964804","4.9817e-06","0.0011","C"
"4","Trait5","FASTmrMLM","PstI.TP1154962","9","49965464","-0.2517","1.3257","A"
"4","Trait5","FASTmrMLM","PstI.TP340970","9","49975829","8.6388e-06","0.0019","C"
"4","Trait5","FASTmrMLM","NsiI.TP521965","9","49976024","0.0967","0.6709","C"
"4","Trait5","FASTmrMLM","PstI.TP425366","9","49984710","9.5605e-06","0.0021","A"
"4","Trait5","FASTmrMLM","PstI.TP1155086","9","50004653","0.1825","1.4092","C"
"4","Trait5","FASTmrMLM","PstI.TP778331","9","50006602","-1.2607e-05","0.0028","A"
"4","Trait5","FASTmrMLM","PstI.TP911393","9","50007070","-1.4637e-05","0.0032","G"
"4","Trait5","FASTmrMLM","PstI.TP892130","9","50014851","-0.0103","0.166","A"
"4","Trait5","FASTmrMLM","PstI.TP787129","9","50019163","0.1299","1.8534","A"
"4","Trait5","FASTmrMLM","PstI.TP882507","9","50040367","3.5605e-05","0.0078","C"
"4","Trait5","FASTmrMLM","PstI.TP1012849","9","50040368","2.93e-06","6e-04","C"
"4","Trait5","FASTmrMLM","PstI.TP76217","9","50041027","0.0454","0.3319","A"
"4","Trait5","FASTmrMLM","PstI.TP690902","9","50043034","9.3471e-06","0.002","C"
"4","Trait5","FASTmrMLM","PstI.TP813285","9","50046884","4e-04","0.0187","A"
"4","Trait5","FASTmrMLM","NsiI.TP705085","9","50086479","0.0714","0.5352","A"
"4","Trait5","FASTmrMLM","PstI.TP393957","9","50088097","0.1247","0.582","C"
"4","Trait5","FASTmrMLM","NsiI.TP459037","9","50088687","0.0315","0.456","A"
"4","Trait5","FASTmrMLM","PstI.TP857316","9","50092050","-4.5759e-05","0.0101","A"
"4","Trait5","FASTmrMLM","NsiI.TP441897","9","50092564","1e-04","0.01","A"
"4","Trait5","FASTmrMLM","PstI.TP1180999","9","50103229","0.0936","1.1218","G"
"4","Trait5","FASTmrMLM","PstI.TP713389","9","50123722","1.4878e-05","0.0033","C"
"4","Trait5","FASTmrMLM","GFSSContig18335_922","9","50132778","1.0902e-05","0.0024","T"
"4","Trait5","FASTmrMLM","PstI.TP415346","9","50139927","2.2728e-06","5e-04","A"
"4","Trait5","FASTmrMLM","NsiI.TP611864","9","50140050","-0.1762","0.7872","C"
"4","Trait5","FASTmrMLM","NsiI.TP369013","9","50141112","-0.0036","0.0562","C"
"4","Trait5","FASTmrMLM","NsiI.TP653952","9","50177925","1.3124e-06","3e-04","A"
"4","Trait5","FASTmrMLM","NsiI.TP557688","9","50179164","2.4685e-05","0.0054","C"
"4","Trait5","FASTmrMLM","PstI.TP835388","9","50235152","1.0347e-05","0.0023","A"
"4","Trait5","FASTmrMLM","PstI.TP866959","9","50250813","-0.2746","2.4244","G"
"4","Trait5","FASTmrMLM","PstI.TP1107958","9","50254652","0.1464","0.7842","A"
"4","Trait5","FASTmrMLM","NsiI.TP520601","9","50274216","-8.8997e-06","0.0019","C"
"4","Trait5","FASTmrMLM","NsiI.TP720528","9","50301855","8.355e-05","0.0066","C"
"4","Trait5","FASTmrMLM","NsiI.TP254399","9","50301983","0.0707","0.4469","C"
"4","Trait5","FASTmrMLM","NsiI.TP686705","9","50308346","-1.2673e-05","0.0028","C"
"4","Trait5","FASTmrMLM","PstI.TP977969","9","50324920","-8.7768e-06","0.0019","A"
"4","Trait5","FASTmrMLM","PstI.TP977714","9","50324952","-1.1997e-05","0.0026","A"
"4","Trait5","FASTmrMLM","PstI.TP118716","9","50325026","-0.0327","0.4301","C"
"4","Trait5","FASTmrMLM","NsiI.TP538667","9","50328716","-4.4657e-05","0.006","A"
"4","Trait5","FASTmrMLM","NsiI.TP798461","9","50389049","1.1976e-05","0.0026","A"
"4","Trait5","FASTmrMLM","PstI.TP947095","9","50451925","-1.1251e-05","0.0025","G"
"4","Trait5","FASTmrMLM","PstI.TP36514","9","50484677","-1.2074e-05","0.0026","A"
"4","Trait5","FASTmrMLM","PstI.TP855370","9","50505142","-0.0081","0.171","A"
"4","Trait5","FASTmrMLM","PstI.TP182896","9","50513017","-0.2215","0.9075","A"
"4","Trait5","FASTmrMLM","PstI.TP751721","9","50513395","0.1132","1.0447","C"
"4","Trait5","FASTmrMLM","PstI.TP393933","9","50520157","1.0946e-05","0.0024","A"
"4","Trait5","FASTmrMLM","PstI.TP192491","9","50524748","-8.8733e-06","0.0019","C"
"4","Trait5","FASTmrMLM","PstI.TP209987","9","50529695","2.0505e-05","0.0045","A"
"4","Trait5","FASTmrMLM","NsiI.TP390517","9","50542783","1.0885e-06","2e-04","C"
"4","Trait5","FASTmrMLM","PstI.TP1116131","9","50580835","-6.8974e-06","0.0015","A"
"4","Trait5","FASTmrMLM","PstI.TP1193672","9","50596012","0.0787","0.5019","C"
"4","Trait5","FASTmrMLM","PstI.TP1193674","9","50596040","1.0596e-05","0.0023","C"
"4","Trait5","FASTmrMLM","PstI.TP1218461","9","50599178","0.4677","1.3581","A"
"4","Trait5","FASTmrMLM","PstI.TP532337","9","50600056","-2e-04","0.0132","C"
"4","Trait5","FASTmrMLM","PstI.TP488613","9","50600406","1.3895e-05","0.003","C"
"4","Trait5","FASTmrMLM","PstI.TP1268722","9","50614856","0.0332","0.4084","C"
"4","Trait5","FASTmrMLM","PstI.TP995394","9","50625938","-0.093","1.2086","G"
"4","Trait5","FASTmrMLM","PstI.TP1172675","9","50663851","3.1124e-05","0.0068","C"
"4","Trait5","FASTmrMLM","NsiI.TP113280","9","50676837","6.5101e-06","0.0014","A"
"4","Trait5","FASTmrMLM","NsiI.TP202381","9","50726429","7.9993e-05","0.0087","G"
"4","Trait5","FASTmrMLM","PstI.TP321854","9","50726896","-1.3505e-05","0.0029","A"
"4","Trait5","FASTmrMLM","NsiI.TP834319","9","50736040","-0.0781","0.9539","C"
"4","Trait5","FASTmrMLM","NsiI.TP423956","9","50742807","-1.5038e-05","0.0033","C"
"4","Trait5","FASTmrMLM","NsiI.TP767285","9","50742838","0.0851","0.7053","A"
"4","Trait5","FASTmrMLM","NsiI.TP75166","9","50752225","-1.6045e-05","0.0035","A"
"4","Trait5","FASTmrMLM","NsiI.TP735068","9","50754621","-0.1101","1.0119","A"
"4","Trait5","FASTmrMLM","PstI.TP924331","9","50766409","0.2717","2.3635","A"
"4","Trait5","FASTmrMLM","NsiI.TP366774","9","50766418","0.1553","0.8256","A"
"4","Trait5","FASTmrMLM","PstI.TP173026","9","50773008","0.1134","0.4985","A"
"4","Trait5","FASTmrMLM","NsiI.TP110776","9","50782403","0.1296","0.6882","A"
"4","Trait5","FASTmrMLM","PstI.TP1137175","9","50799391","-0.0068","0.1329","A"
"4","Trait5","FASTmrMLM","NsiI.TP10551","9","50848539","1.6931e-05","0.0037","A"
"4","Trait5","FASTmrMLM","PstI.TP932874","9","50854706","-3.1453e-05","0.0069","A"
"4","Trait5","FASTmrMLM","PstI.TP94065","9","50855553","-1.4685e-05","0.0032","A"
"4","Trait5","FASTmrMLM","PstI.TP768487","9","50926190","2.6872e-05","0.0059","A"
"4","Trait5","FASTmrMLM","PstI.TP548046","9","50929335","0.0437","0.2724","C"
"4","Trait5","FASTmrMLM","PstI.TP1209022","9","50956605","1.0804e-05","0.0024","C"
"4","Trait5","FASTmrMLM","PstI.TP1063172","9","50965879","1.73e-05","0.0038","A"
"4","Trait5","FASTmrMLM","PstI.TP136026","9","50973667","-1.3295e-05","0.0029","A"
"4","Trait5","FASTmrMLM","PstI.TP345416","9","50974975","-2.1445e-05","0.0047","A"
"4","Trait5","FASTmrMLM","PstI.TP465401","9","50982670","-2.0202e-05","0.0044","C"
"4","Trait5","FASTmrMLM","NsiI.TP695803","9","51001405","-0.0907","0.6207","C"
"4","Trait5","FASTmrMLM","PstI.TP705332","9","51063738","7.8452e-06","0.0017","C"
"4","Trait5","FASTmrMLM","NsiI.TP501582","9","51064133","-8.7819e-06","0.0019","C"
"4","Trait5","FASTmrMLM","PstI.TP1191847","9","51073443","0.0313","0.2322","C"
"4","Trait5","FASTmrMLM","NsiI.TP772999","9","51080454","-2.1457e-05","0.0047","A"
"4","Trait5","FASTmrMLM","NsiI.TP531516","9","51107015","-0.0164","0.2635","C"
"4","Trait5","FASTmrMLM","PstI.TP255406","9","51108960","-2.4384e-05","0.0053","A"
"4","Trait5","FASTmrMLM","GFSSContig4096_351","9","51127800","-0.0348","0.407","T"
"4","Trait5","FASTmrMLM","PstI.TP781872","9","51135280","9.5169e-07","2e-04","A"
"4","Trait5","FASTmrMLM","NsiI.TP503930","9","51136467","-2.5805e-05","0.0057","C"
"4","Trait5","FASTmrMLM","NsiI.TP99767","9","51154417","1.7896e-05","0.0039","A"
"4","Trait5","FASTmrMLM","PstI.TP90991","9","51173645","-7.1769e-06","0.0016","A"
"4","Trait5","FASTmrMLM","PstI.TP249888","9","51255577","0.065","0.367","C"
"4","Trait5","FASTmrMLM","NsiI.TP640903","9","51286952","2.9583e-05","0.0065","C"
"4","Trait5","FASTmrMLM","PstI.TP373596","9","51293924","-1.4921e-05","0.0033","A"
"4","Trait5","FASTmrMLM","PstI.TP1291952","9","51297891","-0.0817","1.0922","C"
"4","Trait5","FASTmrMLM","PstI.TP291541","9","51410096","-1.5689e-05","0.0034","A"
"4","Trait5","FASTmrMLM","PstI.TP752476","9","51411583","-3.148e-06","7e-04","C"
"4","Trait5","FASTmrMLM","NsiI.TP554331","9","51417216","1.5691e-07","3.4147e-05","C"
"4","Trait5","FASTmrMLM","PstI.TP677215","9","51441411","1.4562e-05","0.0032","G"
"4","Trait5","FASTmrMLM","NsiI.TP691041","9","51442336","-7.0767e-07","2e-04","C"
"4","Trait5","FASTmrMLM","NsiI.TP581148","9","51447543","4.4821e-05","0.0067","C"
"4","Trait5","FASTmrMLM","PstI.TP669168","9","51448783","-5.5665e-06","0.0012","A"
"4","Trait5","FASTmrMLM","PstI.TP1072081","9","51458018","3.3765e-06","7e-04","C"
"4","Trait5","FASTmrMLM","PstI.TP382266","9","51459127","-1.3311e-05","0.0029","A"
"4","Trait5","FASTmrMLM","NsiI.TP712514","9","51459886","0.1082","0.9491","C"
"4","Trait5","FASTmrMLM","PstI.TP78387","9","51474982","0.0251","0.2193","C"
"4","Trait5","FASTmrMLM","PstI.TP687426","9","51483973","0.1203","0.4434","A"
"4","Trait5","FASTmrMLM","PstI.TP939993","9","51488504","1.0799e-05","0.0024","C"
"4","Trait5","FASTmrMLM","NsiI.TP264788","9","51508750","-0.0207","0.1561","A"
"4","Trait5","FASTmrMLM","NsiI.TP520926","9","51508797","-0.2925","0.9157","C"
"4","Trait5","FASTmrMLM","NsiI.TP466683","9","51529848","1.0346e-05","0.0023","A"
"4","Trait5","FASTmrMLM","PstI.TP1247492","9","51543870","0.1146","1.7452","A"
"4","Trait5","FASTmrMLM","NsiI.TP735819","9","51548408","-3.3784e-06","7e-04","C"
"4","Trait5","FASTmrMLM","NsiI.TP703068","9","51552970","0.1529","1.3728","C"
"4","Trait5","FASTmrMLM","PstI.TP1285","9","51564139","0.1983","1.2553","A"
"4","Trait5","FASTmrMLM","PstI.TP134129","9","51572610","7.9907e-06","0.0017","G"
"4","Trait5","FASTmrMLM","PstI.TP1143802","9","51610090","-3.539e-05","0.0078","A"
"4","Trait5","FASTmrMLM","NsiI.TP714443","9","51614765","0.0506","0.2671","A"
"4","Trait5","FASTmrMLM","PstI.TP998803","9","51615898","-8.8504e-05","0.0092","C"
"4","Trait5","FASTmrMLM","PstI.TP267509","9","51633931","-2.1113e-06","5e-04","A"
"4","Trait5","FASTmrMLM","PstI.TP421924","9","51656310","9.1905e-06","0.002","C"
"4","Trait5","FASTmrMLM","NsiI.TP456960","9","51661430","0.0543","0.3841","A"
"4","Trait5","FASTmrMLM","NsiI.TP427325","9","51662082","2.958e-06","6e-04","A"
"4","Trait5","FASTmrMLM","PstI.TP515917","9","51717669","-1.0272e-05","0.0022","A"
"4","Trait5","FASTmrMLM","NsiI.TP215639","9","51726896","-4.3152e-06","9e-04","A"
"4","Trait5","FASTmrMLM","NsiI.TP764543","9","51738817","-6.6844e-06","0.0015","G"
"4","Trait5","FASTmrMLM","NsiI.TP577259","9","51743559","1.9729e-05","0.0043","G"
"4","Trait5","FASTmrMLM","PstI.TP34641","9","51765933","-0.0906","0.7241","C"
"4","Trait5","FASTmrMLM","PstI.TP34702","9","51765934","-2.179e-06","5e-04","A"
"4","Trait5","FASTmrMLM","NsiI.TP264472","9","51767889","-0.0436","0.3072","A"
"4","Trait5","FASTmrMLM","PstI.TP1181821","9","51786135","0.113","0.5735","C"
"4","Trait5","FASTmrMLM","NsiI.TP94982","9","51808831","0.0352","0.306","C"
"4","Trait5","FASTmrMLM","PstI.TP1005008","9","51832050","-2.6993e-05","0.0059","A"
"4","Trait5","FASTmrMLM","PstI.TP1004186","9","51832083","2.2166e-05","0.0049","C"
"4","Trait5","FASTmrMLM","PstI.TP1178013","9","51832241","0.0979","0.9671","C"
"4","Trait5","FASTmrMLM","PstI.TP684831","9","51848233","4.6234e-06","0.001","C"
"4","Trait5","FASTmrMLM","NsiI.TP601151","9","51879871","1.2584e-05","0.0027","A"
"4","Trait5","FASTmrMLM","PstI.TP1038963","9","51887439","0.4521","1.6762","A"
"4","Trait5","FASTmrMLM","NsiI.TP16817","9","51906788","-3.1281e-05","0.0069","A"
"4","Trait5","FASTmrMLM","PstI.TP98115","9","51912899","0.2525","1.3239","A"
"4","Trait5","FASTmrMLM","PstI.TP355250","9","51923709","6.6498e-06","0.0014","A"
"4","Trait5","FASTmrMLM","NsiI.TP102846","9","51962085","4.376e-06","0.001","C"
"4","Trait5","FASTmrMLM","NsiI.TP529235","9","51966549","3.969e-06","9e-04","C"
"4","Trait5","FASTmrMLM","PstI.TP329296","9","51967630","-8.1581e-06","0.0018","A"
"4","Trait5","FASTmrMLM","PstI.TP787361","9","51967865","7.7668e-07","2e-04","G"
"4","Trait5","FASTmrMLM","NsiI.TP362226","9","51968115","9.4773e-06","0.0021","C"
"4","Trait5","FASTmrMLM","NsiI.TP362227","9","51968133","2.0589e-05","0.0045","C"
"4","Trait5","FASTmrMLM","NsiI.TP773094","9","51968182","-3.2103e-05","0.007","A"
"4","Trait5","FASTmrMLM","NsiI.TP136631","9","51988933","4.5643e-06","0.001","A"
"4","Trait5","FASTmrMLM","PstI.TP1136227","9","52020995","1.3979e-05","0.0031","C"
"4","Trait5","FASTmrMLM","NsiI.TP521872","9","52023089","0.0405","0.5331","C"
"4","Trait5","FASTmrMLM","PstI.TP913414","9","52042408","0.0557","0.4284","C"
"4","Trait5","FASTmrMLM","PstI.TP1067511","9","52058611","4.1967e-06","9e-04","G"
"4","Trait5","FASTmrMLM","PstI.TP1263335","9","52066045","1.2894e-05","0.0028","A"
"4","Trait5","FASTmrMLM","NsiI.TP762621","9","52070981","4.4673e-06","0.001","C"
"4","Trait5","FASTmrMLM","NsiI.TP506875","9","52079488","-1.299e-05","0.0028","C"
"4","Trait5","FASTmrMLM","PstI.TP117431","9","52082422","-1.2996e-05","0.0028","A"
"4","Trait5","FASTmrMLM","NsiI.TP146","9","52120597","0.0728","0.9305","A"
"4","Trait5","FASTmrMLM","NsiI.TP348","9","52120613","-2.452e-05","0.0054","A"
"4","Trait5","FASTmrMLM","NsiI.TP785688","9","52130944","-1.0388e-05","0.0023","A"
"4","Trait5","FASTmrMLM","PstI.TP891554","9","52132580","-6.0571e-06","0.0013","C"
"4","Trait5","FASTmrMLM","PstI.TP1071480","9","52135888","1.3062e-05","0.0029","C"
"4","Trait5","FASTmrMLM","NsiI.TP732026","9","52137435","3.0781e-05","0.0068","C"
"4","Trait5","FASTmrMLM","NsiI.TP668028","9","52144147","-1.6746e-05","0.0037","A"
"4","Trait5","FASTmrMLM","NsiI.TP157917","9","52144591","-2.6313e-06","6e-04","C"
"4","Trait5","FASTmrMLM","PstI.TP549788","9","52144783","0.0226","0.2505","C"
"4","Trait5","FASTmrMLM","PstI.TP1031364","9","52144937","-0.0856","0.4643","C"
"4","Trait5","FASTmrMLM","NsiI.TP596828","9","52145388","-1.2441e-06","3e-04","C"
"4","Trait5","FASTmrMLM","NsiI.TP693863","9","52158703","-5.6123e-06","0.0012","C"
"4","Trait5","FASTmrMLM","PstI.TP179275","9","52171543","5.9936e-06","0.0013","C"
"4","Trait5","FASTmrMLM","NsiI.TP541300","9","52203191","-1.1532e-05","0.0025","C"
"4","Trait5","FASTmrMLM","NsiI.TP541301","9","52203210","-4e-04","0.0178","C"
"4","Trait5","FASTmrMLM","NsiI.TP65505","9","52233385","-2.4334e-05","0.0053","C"
"4","Trait5","FASTmrMLM","NsiI.TP704438","9","52241118","3.8201e-05","0.0084","C"
"4","Trait5","FASTmrMLM","NsiI.TP256711","9","52241363","-1.3906e-05","0.003","A"
"4","Trait5","FASTmrMLM","PstI.TP67564","9","52265247","2.4346e-06","5e-04","A"
"4","Trait5","FASTmrMLM","PstI.TP880519","9","52296770","-2.8476e-05","0.0062","C"
"4","Trait5","FASTmrMLM","PstI.TP880520","9","52296793","-8.8764e-06","0.0019","A"
"4","Trait5","FASTmrMLM","PstI.TP880444","9","52296812","-2e-04","0.0114","C"
"4","Trait5","FASTmrMLM","PstI.TP1129420","9","52303719","1.3449e-07","2.9269e-05","A"
"4","Trait5","FASTmrMLM","PstI.TP1281273","9","52305676","1.9574e-05","0.0043","C"
"4","Trait5","FASTmrMLM","NsiI.TP619126","9","52326186","-0.0829","0.4001","G"
"4","Trait5","FASTmrMLM","PstI.TP312006","9","52326342","-0.0583","0.7763","A"
"4","Trait5","FASTmrMLM","PstI.TP919066","9","52327480","-0.0497","0.3061","C"
"4","Trait5","FASTmrMLM","NsiI.TP783486","9","52329246","5.6347e-05","0.0074","A"
"4","Trait5","FASTmrMLM","PstI.TP596434","9","52339801","-2.4864e-05","0.0054","A"
"4","Trait5","FASTmrMLM","PstI.TP1064864","9","52345415","-9.2949e-06","0.002","C"
"4","Trait5","FASTmrMLM","NsiI.TP695307","9","52349662","-7.7371e-06","0.0017","G"
"4","Trait5","FASTmrMLM","NsiI.TP695306","9","52349679","8.3529e-06","0.0018","A"
"4","Trait5","FASTmrMLM","PstI.TP1179994","9","52362266","-0.0062","0.0814","C"
"4","Trait5","FASTmrMLM","PstI.TP754297","9","52383960","-0.0662","0.7435","A"
"4","Trait5","FASTmrMLM","PstI.TP837130","9","52384153","-0.0116","0.2004","C"
"4","Trait5","FASTmrMLM","PstI.TP52433","9","52386077","-8.2802e-06","0.0018","A"
"4","Trait5","FASTmrMLM","NsiI.TP705009","9","52389956","2.0489e-05","0.0045","A"
"4","Trait5","FASTmrMLM","PstI.TP643371","9","52393822","0.0939","0.716","A"
"4","Trait5","FASTmrMLM","NsiI.TP497327","9","52476585","-3.5187e-06","8e-04","C"
"4","Trait5","FASTmrMLM","PstI.TP841898","9","52479196","0.0387","0.3063","A"
"4","Trait5","FASTmrMLM","NsiI.TP25470","9","52479816","0.0414","0.358","A"
"4","Trait5","FASTmrMLM","NsiI.TP663012","9","52480175","-2.6169e-05","0.0057","A"
"4","Trait5","FASTmrMLM","NsiI.TP482734","9","52481252","-1.8008e-05","0.0039","A"
"4","Trait5","FASTmrMLM","GFSSContig19578_877","9","52518574","1.4019e-05","0.0031","C"
"4","Trait5","FASTmrMLM","PstI.TP67877","9","52522521","-0.0149","0.168","A"
"4","Trait5","FASTmrMLM","NsiI.TP116172","9","52530739","-1.6569e-05","0.0036","A"
"4","Trait5","FASTmrMLM","PstI.TP495698","9","52545209","-1.0198e-05","0.0022","C"
"4","Trait5","FASTmrMLM","PstI.TP446342","9","52579755","9.9128e-06","0.0022","G"
"4","Trait5","FASTmrMLM","GFSSContig18701_954","9","52590869","1.7752e-05","0.0039","T"
"4","Trait5","FASTmrMLM","GFSSContig18701_2097","9","52593409","0.038","0.3557","A"
"4","Trait5","FASTmrMLM","PstI.TP1009070","9","52613327","1.3951e-05","0.003","A"
"4","Trait5","FASTmrMLM","NsiI.TP151058","9","52613984","3.2249e-06","7e-04","C"
"4","Trait5","FASTmrMLM","PstI.TP1209352","9","52651436","9.6909e-07","2e-04","A"
"4","Trait5","FASTmrMLM","PstI.TP641471","9","52683606","-0.0231","0.2068","C"
"4","Trait5","FASTmrMLM","PstI.TP571307","9","52687086","8.5212e-06","0.0019","A"
"4","Trait5","FASTmrMLM","GFSSContig16774_1273","9","52752657","2.4295e-05","0.0053","A"
"4","Trait5","FASTmrMLM","PstI.TP1113085","9","52754125","-7.3165e-06","0.0016","A"
"4","Trait5","FASTmrMLM","PstI.TP314580","9","52763254","5.4362e-06","0.0012","A"
"4","Trait5","FASTmrMLM","NsiI.TP97042","9","52768241","-9.2632e-06","0.002","C"
"4","Trait5","FASTmrMLM","NsiI.TP195450","9","52776251","0.0304","0.2079","C"
"4","Trait5","FASTmrMLM","PstI.TP860983","9","52777064","6.6224e-06","0.0014","A"
"4","Trait5","FASTmrMLM","NsiI.TP406192","9","52788519","-2e-04","0.0124","A"
"4","Trait5","FASTmrMLM","NsiI.TP293152","9","52810599","-1.4584e-05","0.0032","C"
"4","Trait5","FASTmrMLM","PstI.TP788695","9","52824939","-3.1816e-05","0.007","A"
"4","Trait5","FASTmrMLM","NsiI.TP235467","9","52826863","0.0254","0.1592","A"
"4","Trait5","FASTmrMLM","NsiI.TP235466","9","52826872","-0.1392","1.1771","C"
"4","Trait5","FASTmrMLM","PstI.TP206983","9","52832216","1.3115e-05","0.0029","A"
"4","Trait5","FASTmrMLM","PstI.TP701465","9","52833370","-2.3456e-07","5.1057e-05","C"
"4","Trait5","FASTmrMLM","PstI.TP726787","9","52836747","1.8572e-05","0.0041","C"
"4","Trait5","FASTmrMLM","PstI.TP1017493","9","52843173","-4.629e-06","0.001","G"
"4","Trait5","FASTmrMLM","NsiI.TP588588","9","52851454","2.8123e-05","0.0062","A"
"4","Trait5","FASTmrMLM","PstI.TP1147706","9","52889343","0.0846","0.379","C"
"4","Trait5","FASTmrMLM","PstI.TP489437","9","52907842","-3.5542e-06","8e-04","A"
"4","Trait5","FASTmrMLM","NsiI.TP578484","9","52925912","-3.5447e-06","8e-04","C"
"4","Trait5","FASTmrMLM","NsiI.TP275227","9","52933109","5.6923e-06","0.0012","A"
"4","Trait5","FASTmrMLM","PstI.TP641679","9","52933819","1.7503e-06","4e-04","A"
"4","Trait5","FASTmrMLM","PstI.TP1004977","9","52938222","4.5921e-05","0.0101","A"
"4","Trait5","FASTmrMLM","PstI.TP1198035","9","52938506","-5.7005e-06","0.0012","C"
"4","Trait5","FASTmrMLM","PstI.TP5140","9","52939618","1.1733e-05","0.0026","C"
"4","Trait5","FASTmrMLM","NsiI.TP429966","9","52949610","1.0839e-05","0.0024","A"
"4","Trait5","FASTmrMLM","NsiI.TP355117","9","52955678","3.3243e-05","0.0073","C"
"4","Trait5","FASTmrMLM","PstI.TP1211930","9","52966496","-5.2471e-06","0.0011","C"
"4","Trait5","FASTmrMLM","PstI.TP768018","9","52980297","5.4254e-06","0.0012","C"
"4","Trait5","FASTmrMLM","PstI.TP586642","9","52998327","0.1134","0.4736","C"
"4","Trait5","FASTmrMLM","NsiI.TP248789","9","53034373","0.133","1.2245","A"
"4","Trait5","FASTmrMLM","PstI.TP685673","9","53035339","6.575e-06","0.0014","A"
"4","Trait5","FASTmrMLM","PstI.TP767679","9","53036244","8.6103e-06","0.0019","C"
"4","Trait5","FASTmrMLM","PstI.TP552780","9","53037576","-2.7098e-05","0.0059","G"
"4","Trait5","FASTmrMLM","NsiI.TP440978","9","53064246","0.0761","0.4966","A"
"4","Trait5","FASTmrMLM","NsiI.TP21428","9","53077117","2.7855e-05","0.0055","A"
"4","Trait5","FASTmrMLM","NsiI.TP150952","9","53077121","1e-04","0.0086","C"
"4","Trait5","FASTmrMLM","GFSSContig2426_408","9","53089900","-1.1397e-05","0.0025","T"
"4","Trait5","FASTmrMLM","PstI.TP9123","9","53093393","0.0523","0.351","A"
"4","Trait5","FASTmrMLM","PstI.TP9117","9","53093415","6.3718e-06","0.0014","C"
"4","Trait5","FASTmrMLM","PstI.TP1218439","9","53101439","0.1344","1.2292","A"
"4","Trait5","FASTmrMLM","NsiI.TP247905","9","53101525","-0.0419","0.3315","A"
"4","Trait5","FASTmrMLM","NsiI.TP240187","9","53101667","1.2649e-05","0.0028","A"
"4","Trait5","FASTmrMLM","PstI.TP338880","9","53111075","0.0613","0.5159","C"
"4","Trait5","FASTmrMLM","NsiI.TP333806","9","53114295","9.4895e-08","2.0652e-05","A"
"4","Trait5","FASTmrMLM","NsiI.TP547580","9","53139357","-2.3259e-05","0.0051","C"
"4","Trait5","FASTmrMLM","NsiI.TP362007","9","53141465","-1.2199e-05","0.0027","A"
"4","Trait5","FASTmrMLM","NsiI.TP201278","9","53141700","-2.571e-05","0.0056","A"
"4","Trait5","FASTmrMLM","NsiI.TP192811","9","53143156","-1.397e-05","0.0031","C"
"4","Trait5","FASTmrMLM","NsiI.TP319877","9","53143182","-8.4858e-06","0.0019","C"
"4","Trait5","FASTmrMLM","PstI.TP989741","9","53145062","0.1526","0.7472","A"
"4","Trait5","FASTmrMLM","PstI.TP726312","9","53145659","-0.0126","0.1844","C"
"4","Trait5","FASTmrMLM","PstI.TP588448","9","53165297","-2.8119e-05","0.0062","A"
"4","Trait5","FASTmrMLM","PstI.TP901693","9","53170468","1.4064e-05","0.0031","C"
"4","Trait5","FASTmrMLM","PstI.TP869199","9","53173205","3.1544e-05","0.0069","C"
"4","Trait5","FASTmrMLM","PstI.TP1043501","9","53184229","1.0723e-05","0.0023","C"
"4","Trait5","FASTmrMLM","PstI.TP991301","9","53203869","6.6519e-05","0.0089","C"
"4","Trait5","FASTmrMLM","PstI.TP624271","9","53221888","2.7033e-06","6e-04","A"
"4","Trait5","FASTmrMLM","NsiI.TP436585","9","53222437","-4.6096e-06","0.001","A"
"4","Trait5","FASTmrMLM","PstI.TP475191","9","53225889","0.0062","0.0789","C"
"4","Trait5","FASTmrMLM","NsiI.TP135102","9","53254265","-2.2559e-05","0.0049","G"
"4","Trait5","FASTmrMLM","NsiI.TP530198","9","53263981","-2.7943e-05","0.0061","C"
"4","Trait5","FASTmrMLM","NsiI.TP530130","9","53263991","3.2643e-05","0.0072","C"
"4","Trait5","FASTmrMLM","PstI.TP1170086","9","53284975","4.1295e-06","9e-04","C"
"4","Trait5","FASTmrMLM","NsiI.TP326708","9","53318303","-4.5925e-06","0.001","A"
"4","Trait5","FASTmrMLM","NsiI.TP113042","9","53350666","-1.4141e-05","0.0031","C"
"4","Trait5","FASTmrMLM","NsiI.TP617090","9","53350831","-9.4206e-06","0.0021","C"
"4","Trait5","FASTmrMLM","GFSSmeganDLF1_1","9","53351508","-0.0337","0.2914","A"
"4","Trait5","FASTmrMLM","PstI.TP1275388","9","53353489","-1.2883e-05","0.0028","A"
"4","Trait5","FASTmrMLM","NsiI.TP427151","9","53356975","0.0406","0.5168","G"
"4","Trait5","FASTmrMLM","PstI.TP315129","9","53365878","-1.7411e-05","0.0038","A"
"4","Trait5","FASTmrMLM","NsiI.TP706779","9","53384298","-0.07","0.6892","C"
"4","Trait5","FASTmrMLM","NsiI.TP29399","9","53384394","-1.5785e-05","0.0035","A"
"4","Trait5","FASTmrMLM","PstI.TP418489","9","53405123","5.7782e-06","0.0013","A"
"4","Trait5","FASTmrMLM","PstI.TP347484","9","53405188","0.1476","0.4868","C"
"4","Trait5","FASTmrMLM","PstI.TP441583","9","53407603","-1.0724e-05","0.0023","C"
"4","Trait5","FASTmrMLM","PstI.TP151034","9","53410367","-1.6926e-05","0.0037","C"
"4","Trait5","FASTmrMLM","PstI.TP463048","9","53410626","1.7853e-05","0.0039","C"
"4","Trait5","FASTmrMLM","PstI.TP86224","9","53450196","6.1804e-06","0.0013","A"
"4","Trait5","FASTmrMLM","NsiI.TP232283","9","53454523","-3.0553e-05","0.0067","C"
"4","Trait5","FASTmrMLM","PstI.TP442963","9","53454619","-3.5727e-06","8e-04","C"
"4","Trait5","FASTmrMLM","NsiI.TP362277","9","53457058","-9.5873e-06","0.0021","C"
"4","Trait5","FASTmrMLM","PstI.TP940934","9","53457229","-1.2728e-05","0.0028","A"
"4","Trait5","FASTmrMLM","PstI.TP1248938","9","53493152","-4.6018e-05","0.0101","A"
"4","Trait5","FASTmrMLM","PstI.TP336030","9","53516923","-0.0287","0.3873","C"
"4","Trait5","FASTmrMLM","PstI.TP761235","9","53550546","2.3432e-05","0.0051","C"
"4","Trait5","FASTmrMLM","PstI.TP938528","9","53559180","-2.6395e-05","0.0058","C"
"4","Trait5","FASTmrMLM","NsiI.TP316582","9","53570893","-2.0946e-05","0.0046","C"
"4","Trait5","FASTmrMLM","PstI.TP1124231","9","53588686","6.4034e-06","0.0014","A"
"4","Trait5","FASTmrMLM","PstI.TP752400","9","53594886","0.0998","0.5619","G"
"4","Trait5","FASTmrMLM","PstI.TP109453","9","53603794","0.0783","0.4402","A"
"4","Trait5","FASTmrMLM","GFSSContig9550_549","9","53611339","-0.0242","0.3303","A"
"4","Trait5","FASTmrMLM","NsiI.TP33300","9","53629039","0.0729","0.4426","C"
"4","Trait5","FASTmrMLM","PstI.TP1062288","9","53633852","1.827e-05","0.004","C"
"4","Trait5","FASTmrMLM","PstI.TP457883","9","53634352","-0.3707","1.3222","C"
"4","Trait5","FASTmrMLM","PstI.TP1293871","9","53653485","-2.5475e-05","0.0056","C"
"4","Trait5","FASTmrMLM","NsiI.TP820407","9","53692617","1.8727e-06","4e-04","G"
"4","Trait5","FASTmrMLM","NsiI.TP742076","9","53699996","-4.245e-06","9e-04","C"
"4","Trait5","FASTmrMLM","NsiI.TP589781","9","53713876","0.0698","0.5161","A"
"4","Trait5","FASTmrMLM","PstI.TP77625","9","53718156","0.0421","0.3548","C"
"4","Trait5","FASTmrMLM","NsiI.TP56324","9","53718156","2.3333e-05","0.0051","C"
"4","Trait5","FASTmrMLM","NsiI.TP115244","9","53718178","-4.1362e-06","9e-04","A"
"4","Trait5","FASTmrMLM","PstI.TP1052445","9","53720191","-7.0991e-06","0.0015","C"
"4","Trait5","FASTmrMLM","PstI.TP77620","9","53720938","-1.1874e-05","0.0026","C"
"4","Trait5","FASTmrMLM","NsiI.TP749247","9","53722269","7.729e-06","0.0017","A"
"4","Trait5","FASTmrMLM","PstI.TP77203","9","53724314","-1.5482e-05","0.0034","A"
"4","Trait5","FASTmrMLM","PstI.TP1087403","9","53780487","3.5388e-06","8e-04","C"
"4","Trait5","FASTmrMLM","PstI.TP983746","9","53781414","-0.0697","0.6038","A"
"4","Trait5","FASTmrMLM","NsiI.TP285280","9","53781422","1.1371e-05","0.0025","G"
"4","Trait5","FASTmrMLM","PstI.TP513010","9","53784174","-2e-04","0.0152","A"
"4","Trait5","FASTmrMLM","PstI.TP746782","9","53784279","-1.234e-05","0.0027","G"
"4","Trait5","FASTmrMLM","NsiI.TP75791","9","53787793","-0.2088","0.7256","C"
"4","Trait5","FASTmrMLM","NsiI.TP666612","9","53820139","3.8743e-05","0.0085","G"
"4","Trait5","FASTmrMLM","PstI.TP901443","9","53856845","8.3544e-08","1.818e-05","C"
"4","Trait5","FASTmrMLM","NsiI.TP746835","9","53858582","0.0326","0.1555","A"
"4","Trait5","FASTmrMLM","NsiI.TP660935","9","53860930","2.2081e-06","5e-04","A"
"4","Trait5","FASTmrMLM","PstI.TP1006754","9","53881407","1.7264e-05","0.0038","C"
"4","Trait5","FASTmrMLM","NsiI.TP802879","9","53902419","0.0721","0.3092","A"
"4","Trait5","FASTmrMLM","NsiI.TP415575","9","53923129","-1.151e-05","0.0025","A"
"4","Trait5","FASTmrMLM","NsiI.TP760315","9","53934386","-7.4137e-06","0.0016","C"
"4","Trait5","FASTmrMLM","NsiI.TP439784","9","53941229","-6.0489e-06","0.0013","C"
"4","Trait5","FASTmrMLM","NsiI.TP356113","9","53944532","-1.7115e-05","0.0037","A"
"4","Trait5","FASTmrMLM","PstI.TP464518","9","53964579","0.008","0.0953","A"
"4","Trait5","FASTmrMLM","GFSSContig18315_975","9","53976945","9.5262e-06","0.0021","A"
"4","Trait5","FASTmrMLM","NsiI.TP278723","9","53982466","-1.1645e-05","0.0025","A"
"4","Trait5","FASTmrMLM","PstI.TP1203832","9","53986817","0.3941","1.1056","G"
"4","Trait5","FASTmrMLM","NsiI.TP288582","9","53997783","-0.0706","0.825","C"
"4","Trait5","FASTmrMLM","NsiI.TP352175","9","54010856","3.5924e-05","0.0079","C"
"4","Trait5","FASTmrMLM","NsiI.TP39634","9","54033606","1.8929e-05","0.0041","C"
"4","Trait5","FASTmrMLM","PstI.TP909243","9","54033928","-6.5194e-06","0.0014","C"
"4","Trait5","FASTmrMLM","PstI.TP65398","9","54033986","1.8713e-06","4e-04","A"
"4","Trait5","FASTmrMLM","PstI.TP1109274","9","54046897","-0.0684","0.2801","A"
"4","Trait5","FASTmrMLM","PstI.TP1090503","9","54050222","-1.2465e-05","0.0027","A"
"4","Trait5","FASTmrMLM","NsiI.TP687392","9","54071911","4.2608e-06","9e-04","G"
"4","Trait5","FASTmrMLM","NsiI.TP256580","9","54079974","7.5712e-06","0.0017","C"
"4","Trait5","FASTmrMLM","NsiI.TP678884","9","54090202","-1.041e-05","0.0023","A"
"4","Trait5","FASTmrMLM","NsiI.TP350445","9","54098227","-0.208","0.6436","C"
"4","Trait5","FASTmrMLM","PstI.TP487645","9","54136565","3.1701e-05","0.007","A"
"4","Trait5","FASTmrMLM","PstI.TP688054","9","54142346","-0.1137","1.1192","C"
"4","Trait5","FASTmrMLM","NsiI.TP561393","9","54150213","0.1175","0.418","G"
"4","Trait5","FASTmrMLM","NsiI.TP757359","9","54204595","-0.1015","0.5889","C"
"4","Trait5","FASTmrMLM","NsiI.TP173283","9","54219726","5.1232e-06","0.0011","G"
"4","Trait5","FASTmrMLM","NsiI.TP70796","9","54232781","9.1685e-09","1.9953e-06","A"
"4","Trait5","FASTmrMLM","PstI.TP1271986","9","54248799","1.3732e-05","0.003","C"
"4","Trait5","FASTmrMLM","NsiI.TP830777","9","54252440","-0.0415","0.2559","A"
"4","Trait5","FASTmrMLM","PstI.TP437245","9","54288726","-0.2198","0.9664","G"
"4","Trait5","FASTmrMLM","PstI.TP412441","9","54289082","-8.706e-06","0.0019","A"
"4","Trait5","FASTmrMLM","PstI.TP709528","9","54335088","1.1222e-05","0.0024","C"
"4","Trait5","FASTmrMLM","PstI.TP947509","9","54343222","-3.3689e-06","7e-04","A"
"4","Trait5","FASTmrMLM","PstI.TP1085708","9","54359783","-7.6548e-06","0.0017","C"
"4","Trait5","FASTmrMLM","PstI.TP386310","9","54361924","-7.8389e-06","0.0017","G"
"4","Trait5","FASTmrMLM","PstI.TP1104713","9","54364050","-5.4098e-06","0.0012","A"
"4","Trait5","FASTmrMLM","PstI.TP420293","9","54366209","-1.6482e-05","0.0036","A"
"4","Trait5","FASTmrMLM","PstI.TP42622","9","54369155","0.1403","1.4828","A"
"4","Trait5","FASTmrMLM","PstI.TP834958","9","54418483","0.1062","0.5721","A"
"4","Trait5","FASTmrMLM","NsiI.TP229297","9","54424678","-0.0256","0.3257","C"
"4","Trait5","FASTmrMLM","NsiI.TP229964","9","54430662","-1.8511e-05","0.004","A"
"4","Trait5","FASTmrMLM","NsiI.TP159022","9","54432220","1.3851e-06","3e-04","A"
"4","Trait5","FASTmrMLM","NsiI.TP257488","9","54504491","-0.0245","0.1714","A"
"4","Trait5","FASTmrMLM","NsiI.TP89977","9","54524378","-0.0917","0.7859","A"
"4","Trait5","FASTmrMLM","PstI.TP135686","9","54553835","0.0562","0.4389","G"
"4","Trait5","FASTmrMLM","PstI.TP1079684","9","54555012","-7.0505e-06","0.0015","A"
"4","Trait5","FASTmrMLM","PstI.TP1248173","9","54556422","-0.0596","0.6076","C"
"4","Trait5","FASTmrMLM","NsiI.TP168490","9","54573492","0.0206","0.1673","C"
"4","Trait5","FASTmrMLM","PstI.TP201664","9","54577782","-2.0812e-06","5e-04","A"
"4","Trait5","FASTmrMLM","PstI.TP898128","9","54591637","7.631e-06","0.0017","A"
"4","Trait5","FASTmrMLM","PstI.TP255262","9","54591717","-0.0301","0.3635","A"
"4","Trait5","FASTmrMLM","PstI.TP780145","9","54592677","0.1455","1.1238","C"
"4","Trait5","FASTmrMLM","PstI.TP217742","9","54604984","1.1617e-05","0.0025","A"
"4","Trait5","FASTmrMLM","NsiI.TP375743","9","54606833","1.1883e-06","3e-04","A"
"4","Trait5","FASTmrMLM","PstI.TP853729","9","54621737","-1.0518e-05","0.0023","G"
"4","Trait5","FASTmrMLM","PstI.TP921352","9","54669959","1.32e-05","0.0029","A"
"4","Trait5","FASTmrMLM","PstI.TP829896","9","54677553","-0.2137","1.1082","C"
"4","Trait5","FASTmrMLM","PstI.TP853037","9","54680500","-3.3024e-05","0.0072","A"
"4","Trait5","FASTmrMLM","NsiI.TP491821","9","54680676","-6.2482e-06","0.0014","A"
"4","Trait5","FASTmrMLM","PstI.TP1150243","9","54680742","-0.1795","0.9954","A"
"4","Trait5","FASTmrMLM","NsiI.TP450715","9","54698454","1.8793e-05","0.0041","A"
"4","Trait5","FASTmrMLM","NsiI.TP85450","9","54712296","0.0191","0.2398","C"
"4","Trait5","FASTmrMLM","PstI.TP1089712","9","54712297","1.5027e-05","0.0033","C"
"4","Trait5","FASTmrMLM","GFSSContig15868_1101","9","54734181","2.0542e-07","4.4708e-05","A"
"4","Trait5","FASTmrMLM","NsiI.TP228007","9","54740899","-5.994e-06","0.0013","A"
"4","Trait5","FASTmrMLM","PstI.TP1008128","9","54742077","9.1409e-06","0.002","A"
"4","Trait5","FASTmrMLM","NsiI.TP516114","9","54849994","-1.2599e-05","0.0028","G"
"4","Trait5","FASTmrMLM","NsiI.TP219856","9","54876769","-0.024","0.1826","C"
"4","Trait5","FASTmrMLM","NsiI.TP125412","9","54877907","0.0796","0.6053","A"
"4","Trait5","FASTmrMLM","PstI.TP162864","9","54890132","-0.0531","0.2771","A"
"4","Trait5","FASTmrMLM","PstI.TP622011","9","54905298","-2.9077e-05","0.0064","A"
"4","Trait5","FASTmrMLM","PstI.TP349173","9","54946366","-2.8605e-06","6e-04","A"
"4","Trait5","FASTmrMLM","PstI.TP997136","9","54968532","-1.4795e-05","0.0032","A"
"4","Trait5","FASTmrMLM","PstI.TP1172350","9","54973289","1.0639e-05","0.0023","A"
"4","Trait5","FASTmrMLM","NsiI.TP662991","9","54983575","-2.1359e-05","0.0047","C"
"4","Trait5","FASTmrMLM","NsiI.TP700854","9","54986378","-0.023","0.2167","G"
"4","Trait5","FASTmrMLM","NsiI.TP558740","9","54998510","-1.8875e-06","4e-04","G"
"4","Trait5","FASTmrMLM","PstI.TP1101676","9","55031033","2.0066e-05","0.0044","A"
"4","Trait5","FASTmrMLM","PstI.TP1234999","9","55047113","7.9163e-06","0.0017","C"
"4","Trait5","FASTmrMLM","PstI.TP363961","9","55058810","-0.1395","1.6502","C"
"4","Trait5","FASTmrMLM","NsiI.TP465043","9","55071750","0.1086","0.8838","A"
"4","Trait5","FASTmrMLM","PstI.TP1114512","9","55075636","0.0806","0.8724","C"
"4","Trait5","FASTmrMLM","PstI.TP593877","9","55077360","1.1842e-05","0.0026","C"
"4","Trait5","FASTmrMLM","PstI.TP335710","9","55077385","1e-04","0.009","A"
"4","Trait5","FASTmrMLM","PstI.TP1022725","9","55077420","-6.5228e-06","0.0014","A"
"4","Trait5","FASTmrMLM","PstI.TP1159197","9","55082361","-0.1057","0.3971","C"
"4","Trait5","FASTmrMLM","NsiI.TP260145","9","55098373","3.4981e-05","0.0077","A"
"4","Trait5","FASTmrMLM","NsiI.TP20561","9","55108236","0.1021","1.2211","A"
"4","Trait5","FASTmrMLM","NsiI.TP769339","9","55116830","8.6234e-06","0.0019","A"
"4","Trait5","FASTmrMLM","PstI.TP1042727","9","55140806","-0.2061","1.1128","C"
"4","Trait5","FASTmrMLM","NsiI.TP685931","9","55143621","2.2582e-05","0.0049","A"
"4","Trait5","FASTmrMLM","NsiI.TP362960","9","55155806","3.3447e-06","7e-04","C"
"4","Trait5","FASTmrMLM","PstI.TP39196","9","55156577","2.4762e-06","5e-04","C"
"4","Trait5","FASTmrMLM","PstI.TP349797","9","55168888","-0.029","0.393","G"
"4","Trait5","FASTmrMLM","PstI.TP828064","9","55177255","0.0591","0.5134","C"
"4","Trait5","FASTmrMLM","PstI.TP858068","9","55189679","1.502e-05","0.0033","A"
"4","Trait5","FASTmrMLM","PstI.TP676098","9","55190791","-2.4099e-07","5.2448e-05","G"
"4","Trait5","FASTmrMLM","PstI.TP162813","9","55195809","-8.0579e-07","2e-04","A"
"4","Trait5","FASTmrMLM","PstI.TP1126093","9","55207278","-1.4188e-05","0.0031","A"
"4","Trait5","FASTmrMLM","PstI.TP832007","9","55211792","2.6972e-05","0.0059","A"
"4","Trait5","FASTmrMLM","PstI.TP996763","9","55211916","-0.0202","0.2645","C"
"4","Trait5","FASTmrMLM","NsiI.TP374891","9","55211916","2.5622e-05","0.0056","C"
"4","Trait5","FASTmrMLM","PstI.TP890036","9","55215176","0.0132","0.1738","C"
"4","Trait5","FASTmrMLM","PstI.TP774050","9","55216182","-0.0367","0.4644","C"
"4","Trait5","FASTmrMLM","PstI.TP355049","9","55239543","2.0049e-05","0.0044","A"
"4","Trait5","FASTmrMLM","PstI.TP210243","9","55242138","-1.9896e-05","0.0044","A"
"4","Trait5","FASTmrMLM","PstI.TP661936","9","55242138","-2.5332e-05","0.0055","C"
"4","Trait5","FASTmrMLM","PstI.TP1218441","9","55242950","5.2008e-06","0.0011","C"
"4","Trait5","FASTmrMLM","NsiI.TP377191","9","55246694","-7.6954e-06","0.0017","A"
"4","Trait5","FASTmrMLM","PstI.TP249214","9","55279888","4e-04","0.018","A"
"4","Trait5","FASTmrMLM","GFSSContig10339_597","9","55306752","-3.0404e-05","0.0063","T"
"4","Trait5","FASTmrMLM","NsiI.TP213759","9","55306858","-1.7832e-05","0.0039","A"
"4","Trait5","FASTmrMLM","PstI.TP117042","9","55442463","-2.1627e-05","0.0047","C"
"4","Trait5","FASTmrMLM","NsiI.TP99626","9","55446767","2.562e-05","0.0056","C"
"4","Trait5","FASTmrMLM","NsiI.TP815402","9","55446804","9.1579e-07","2e-04","A"
"4","Trait5","FASTmrMLM","PstI.TP1094509","9","55453914","-0.3541","1.9294","A"
"4","Trait5","FASTmrMLM","PstI.TP1181986","9","55454428","-5.6448e-06","0.0012","C"
"4","Trait5","FASTmrMLM","PstI.TP979514","9","55476690","2.1e-05","0.0046","A"
"4","Trait5","FASTmrMLM","NsiI.TP329755","9","55493512","-0.0156","0.2351","C"
"4","Trait5","FASTmrMLM","PstI.TP1270744","9","55493679","-0.098","0.7627","C"
"4","Trait5","FASTmrMLM","PstI.TP940076","9","55493743","-2.0878e-05","0.0046","G"
"4","Trait5","FASTmrMLM","PstI.TP43738","9","55505029","-2.5709e-05","0.0056","A"
"4","Trait5","FASTmrMLM","PstI.TP879863","9","55525793","-2.1221e-05","0.0046","A"
"4","Trait5","FASTmrMLM","NsiI.TP738747","9","55526594","0.0156","0.189","A"
"4","Trait5","FASTmrMLM","NsiI.TP315150","9","55537080","2.2782e-05","0.005","A"
"4","Trait5","FASTmrMLM","PstI.TP74852","9","55541743","-0.1467","1.5291","C"
"4","Trait5","FASTmrMLM","PstI.TP1203944","9","55564969","-1.8316e-05","0.004","C"
"4","Trait5","FASTmrMLM","PstI.TP717887","9","55603832","-1.1309e-05","0.0025","C"
"4","Trait5","FASTmrMLM","PstI.TP861016","9","55625558","-0.0817","0.7603","C"
"4","Trait5","FASTmrMLM","PstI.TP1078499","9","55635125","-0.0546","0.6384","A"
"4","Trait5","FASTmrMLM","NsiI.TP436773","9","55672294","2.2801e-05","0.005","C"
"4","Trait5","FASTmrMLM","NsiI.TP409959","9","55673183","-0.0348","0.3972","C"
"4","Trait5","FASTmrMLM","NsiI.TP391447","9","55681002","3.8411e-06","8e-04","A"
"4","Trait5","FASTmrMLM","PstI.TP160694","9","55685356","0.0813","0.8219","G"
"4","Trait5","FASTmrMLM","PstI.TP36312","9","55727069","-2.7605e-05","0.0061","C"
"4","Trait5","FASTmrMLM","NsiI.TP169382","9","55737180","0.0901","0.9228","C"
"4","Trait5","FASTmrMLM","PstI.TP1250399","9","55741541","0.0422","0.4278","G"
"4","Trait5","FASTmrMLM","NsiI.TP793368","9","55750615","-4.3374e-06","9e-04","C"
"4","Trait5","FASTmrMLM","PstI.TP622091","9","55791548","-1.953e-06","4e-04","A"
"4","Trait5","FASTmrMLM","NsiI.TP602982","9","55813609","0.1172","0.6048","A"
"4","Trait5","FASTmrMLM","NsiI.TP673924","9","55816185","-0.0665","0.491","C"
"4","Trait5","FASTmrMLM","PstI.TP844978","9","55816855","3.5681e-05","0.0078","A"
"4","Trait5","FASTmrMLM","PstI.TP1014075","9","55826719","5.252e-06","0.0011","C"
"4","Trait5","FASTmrMLM","PstI.TP1014074","9","55826724","-0.017","0.2422","A"
"4","Trait5","FASTmrMLM","PstI.TP1102644","9","55827134","3.2625e-05","0.0072","C"
"4","Trait5","FASTmrMLM","NsiI.TP662499","9","55877436","-4.9495e-07","1e-04","A"
"4","Trait5","FASTmrMLM","PstI.TP80391","9","55886281","-0.0156","0.275","C"
"4","Trait5","FASTmrMLM","NsiI.TP336251","9","55892419","-0.055","0.2842","A"
"4","Trait5","FASTmrMLM","PstI.TP1250588","9","55892819","-0.0256","0.348","A"
"4","Trait5","FASTmrMLM","NsiI.TP445017","9","55901846","0.0731","0.9256","A"
"4","Trait5","FASTmrMLM","GFk40ctg123299_208","9","55923478","-6.9942e-06","0.0015","A"
"4","Trait5","FASTmrMLM","PstI.TP256775","9","55929912","0.2314","1.0256","A"
"4","Trait5","FASTmrMLM","NsiI.TP833315","9","55930379","-7.9911e-06","0.0017","C"
"4","Trait5","FASTmrMLM","PstI.TP270319","9","55939557","-7.8247e-06","0.0017","C"
"4","Trait5","FASTmrMLM","NsiI.TP762353","9","55946371","1.8781e-05","0.0041","A"
"4","Trait5","FASTmrMLM","PstI.TP316648","9","55957859","2.7575e-05","0.006","C"
"4","Trait5","FASTmrMLM","NsiI.TP200783","9","55961133","-1.1372e-05","0.0025","C"
"4","Trait5","FASTmrMLM","NsiI.TP670962","9","55961210","2.5407e-06","6e-04","G"
"4","Trait5","FASTmrMLM","PstI.TP387329","9","55961556","-0.1272","1.3011","C"
"4","Trait5","FASTmrMLM","PstI.TP116355","9","55967635","-7.5364e-06","0.0016","A"
"4","Trait5","FASTmrMLM","PstI.TP1153301","9","55968975","0.2051","0.8933","A"
"4","Trait5","FASTmrMLM","NsiI.TP328169","9","55972214","1.8061e-05","0.0039","G"
"4","Trait5","FASTmrMLM","PstI.TP483035","9","55972290","0.0484","0.6248","C"
"4","Trait5","FASTmrMLM","PstI.TP784135","9","55979967","-2.2814e-05","0.005","C"
"4","Trait5","FASTmrMLM","NsiI.TP738487","9","55984582","-1.3766e-05","0.003","C"
"4","Trait5","FASTmrMLM","PstI.TP1099841","9","55993675","0.0452","0.5415","A"
"4","Trait5","FASTmrMLM","PstI.TP1102724","9","56001461","-8.5522e-06","0.0019","C"
"4","Trait5","FASTmrMLM","NsiI.TP119506","9","56029837","2.7951e-05","0.0061","A"
"4","Trait5","FASTmrMLM","PstI.TP551551","9","56031713","-5.7237e-06","0.0012","C"
"4","Trait5","FASTmrMLM","NsiI.TP616446","9","56031936","-4.2499e-05","0.0094","C"
"4","Trait5","FASTmrMLM","PstI.TP1158085","9","56043796","0.0612","0.5511","A"
"4","Trait5","FASTmrMLM","PstI.TP811568","9","56079716","-8.0604e-06","0.0018","A"
"4","Trait5","FASTmrMLM","NsiI.TP153764","9","56101225","-3.221e-05","0.0071","A"
"4","Trait5","FASTmrMLM","PstI.TP132499","9","56107884","-0.096","0.5007","A"
"4","Trait5","FASTmrMLM","PstI.TP265054","9","56115773","-0.0873","1.0097","G"
"4","Trait5","FASTmrMLM","NsiI.TP281398","9","56116743","9.4027e-06","0.0021","A"
"4","Trait5","FASTmrMLM","NsiI.TP225064","9","56118866","2.4022e-06","5e-04","C"
"4","Trait5","FASTmrMLM","NsiI.TP153193","9","56125250","7.5215e-06","0.0016","A"
"4","Trait5","FASTmrMLM","PstI.TP285940","9","56125591","8.6292e-06","0.0019","A"
"4","Trait5","FASTmrMLM","PstI.TP943613","9","56125618","1.9656e-05","0.0043","A"
"4","Trait5","FASTmrMLM","PstI.TP1292650","9","56135356","-7.7224e-06","0.0017","A"
"4","Trait5","FASTmrMLM","PstI.TP788169","9","56135810","0.0286","0.3544","A"
"4","Trait5","FASTmrMLM","NsiI.TP86299","9","56152259","0.113","0.8467","A"
"4","Trait5","FASTmrMLM","PstI.TP700182","9","56152423","0.032","0.3897","A"
"4","Trait5","FASTmrMLM","NsiI.TP161693","9","56152528","0.1102","0.4588","A"
"4","Trait5","FASTmrMLM","NsiI.TP43089","9","56153157","-1.1323e-05","0.0025","A"
"4","Trait5","FASTmrMLM","NsiI.TP798663","9","56154443","7.1056e-06","0.0015","C"
"4","Trait5","FASTmrMLM","PstI.TP58213","9","56165441","1e-04","0.0096","A"
"4","Trait5","FASTmrMLM","PstI.TP106522","9","56178557","6.5549e-06","0.0014","A"
"4","Trait5","FASTmrMLM","PstI.TP265377","9","56178766","0.0221","0.1975","C"
"4","Trait5","FASTmrMLM","PstI.TP1139936","9","56179529","2.0094e-05","0.0044","C"
"4","Trait5","FASTmrMLM","PstI.TP512904","9","56180672","1.0627e-05","0.0023","C"
"4","Trait5","FASTmrMLM","NsiI.TP535068","9","56202511","1.8545e-05","0.0041","A"
"4","Trait5","FASTmrMLM","NsiI.TP424328","9","56202884","0.2789","0.9701","A"
"4","Trait5","FASTmrMLM","PstI.TP349556","9","56207028","1.4312e-05","0.0031","C"
"4","Trait5","FASTmrMLM","PstI.TP731038","9","56211492","-0.0686","0.2994","C"
"4","Trait5","FASTmrMLM","PstI.TP15780","9","56211895","-0.1547","1.714","A"
"4","Trait5","FASTmrMLM","NsiI.TP94109","9","56225184","0.0952","0.7662","C"
"4","Trait5","FASTmrMLM","NsiI.TP86640","9","56225218","2.2321e-05","0.0049","C"
"4","Trait5","FASTmrMLM","PstI.TP901852","9","56232688","0.1803","1.1843","A"
"4","Trait5","FASTmrMLM","PstI.TP994584","9","56234158","1.3907e-05","0.003","C"
"4","Trait5","FASTmrMLM","PstI.TP794116","9","56234362","-2.4942e-05","0.0055","A"
"4","Trait5","FASTmrMLM","PstI.TP476170","9","56238781","0.0072","0.1506","A"
"4","Trait5","FASTmrMLM","PstI.TP189676","9","56252422","0.0606","0.4911","C"
"4","Trait5","FASTmrMLM","NsiI.TP422978","9","56358200","-9.2544e-06","0.002","C"
"4","Trait5","FASTmrMLM","NsiI.TP425145","9","56358205","2.0861e-05","0.0046","C"
"4","Trait5","FASTmrMLM","NsiI.TP722875","9","56359384","2.1697e-05","0.0047","C"
"4","Trait5","FASTmrMLM","PstI.TP1140331","9","56361768","1.0645e-05","0.0023","C"
"4","Trait5","FASTmrMLM","NsiI.TP170146","9","56362512","-0.074","0.7847","A"
"4","Trait5","FASTmrMLM","NsiI.TP259324","9","56371349","9.379e-06","0.002","A"
"4","Trait5","FASTmrMLM","PstI.TP827439","9","56440541","-2.6249e-07","5.7128e-05","C"
"4","Trait5","FASTmrMLM","NsiI.TP687131","9","56454890","-9.4644e-07","2e-04","A"
"4","Trait5","FASTmrMLM","NsiI.TP293596","9","56460884","1.8125e-06","4e-04","C"
"4","Trait5","FASTmrMLM","PstI.TP688386","9","56467765","0.0171","0.1002","A"
"4","Trait5","FASTmrMLM","PstI.TP346820","9","56488908","2.0155e-05","0.0044","A"
"4","Trait5","FASTmrMLM","PstI.TP757368","9","56488908","0.0644","0.6433","C"
"4","Trait5","FASTmrMLM","PstI.TP589168","9","56497674","-0.0214","0.2166","A"
"4","Trait5","FASTmrMLM","PstI.TP90857","9","56499923","-0.1783","0.7911","A"
"4","Trait5","FASTmrMLM","PstI.TP1025701","9","56524084","6.3e-05","0.0082","C"
"4","Trait5","FASTmrMLM","NsiI.TP436544","9","56552803","-1.2562e-05","0.0027","C"
"4","Trait5","FASTmrMLM","PstI.TP94534","9","56597128","-1.8318e-05","0.004","G"
"4","Trait5","FASTmrMLM","PstI.TP613511","9","56599721","-0.0669","0.3982","A"
"4","Trait5","FASTmrMLM","PstI.TP613512","9","56599740","-0.0176","0.1322","C"
"4","Trait5","FASTmrMLM","PstI.TP442690","9","56608067","-4.6447e-07","1e-04","A"
"4","Trait5","FASTmrMLM","PstI.TP1104589","9","56629291","-2.6332e-05","0.0058","A"
"4","Trait5","FASTmrMLM","PstI.TP1188178","9","56631268","1.736e-05","0.0038","A"
"4","Trait5","FASTmrMLM","PstI.TP492129","9","56657586","0.0488","0.4599","C"
"4","Trait5","FASTmrMLM","PstI.TP783096","9","56666756","-2.6658e-05","0.0058","A"
"4","Trait5","FASTmrMLM","NsiI.TP73011","9","56668753","-0.0698","0.6905","A"
"4","Trait5","FASTmrMLM","NsiI.TP453320","9","56671327","0.0714","0.4142","C"
"4","Trait5","FASTmrMLM","PstI.TP700009","9","56703166","0.0342","0.2305","A"
"4","Trait5","FASTmrMLM","NsiI.TP492284","9","56712348","-0.0574","0.4574","A"
"4","Trait5","FASTmrMLM","NsiI.TP559522","9","56728211","4.963e-08","1.0802e-05","A"
"4","Trait5","FASTmrMLM","PstI.TP45924","9","56733003","3.4858e-05","0.0077","A"
"4","Trait5","FASTmrMLM","PstI.TP644332","9","56733035","3.4997e-05","0.0077","C"
"4","Trait5","FASTmrMLM","PstI.TP760791","9","56736412","-2.3778e-05","0.0052","C"
"4","Trait5","FASTmrMLM","PstI.TP191047","9","56779772","7.8832e-06","0.0017","A"
"4","Trait5","FASTmrMLM","PstI.TP1293272","9","56781703","-0.3042","1.5271","A"
"4","Trait5","FASTmrMLM","NsiI.TP158222","9","56790425","0.06","0.3674","G"
"4","Trait5","FASTmrMLM","PstI.TP862620","9","56791733","-0.307","1.3516","C"
"4","Trait5","FASTmrMLM","NsiI.TP571380","9","56796723","-1.5349e-06","3e-04","C"
"4","Trait5","FASTmrMLM","NsiI.TP31280","9","56802717","-1.2363e-05","0.0027","C"
"4","Trait5","FASTmrMLM","PstI.TP1149819","9","56805113","-1.3019e-05","0.0028","A"
"4","Trait5","FASTmrMLM","PstI.TP728267","9","56809992","-9.7799e-06","0.0021","C"
"4","Trait5","FASTmrMLM","NsiI.TP707549","9","56825848","1.5843e-05","0.0035","C"
"4","Trait5","FASTmrMLM","PstI.TP805819","9","56839160","1.1117e-05","0.0024","C"
"4","Trait5","FASTmrMLM","PstI.TP572213","9","56840292","2.1023e-05","0.0046","A"
"4","Trait5","FASTmrMLM","PstI.TP173688","9","56840311","-5.0394e-06","0.0011","A"
"4","Trait5","FASTmrMLM","PstI.TP821331","9","56852823","-0.0963","1.0782","C"
"4","Trait5","FASTmrMLM","NsiI.TP529142","9","56879095","1.1695e-05","0.0026","G"
"4","Trait5","FASTmrMLM","NsiI.TP198719","9","56879144","0.0756","0.4085","G"
"4","Trait5","FASTmrMLM","PstI.TP1157052","9","56882603","-0.2063","0.9885","A"
"4","Trait5","FASTmrMLM","PstI.TP546009","9","56888557","2.9778e-05","0.0065","A"
"4","Trait5","FASTmrMLM","PstI.TP546003","9","56888573","-5.5448e-06","0.0012","G"
"4","Trait5","FASTmrMLM","NsiI.TP336795","9","56890558","1.3288e-05","0.0029","C"
"4","Trait5","FASTmrMLM","PstI.TP904238","9","56890594","-2.5322e-06","6e-04","A"
"4","Trait5","FASTmrMLM","PstI.TP759517","9","56896624","-7.6324e-06","0.0017","A"
"4","Trait5","FASTmrMLM","PstI.TP1140456","9","56897529","-2.1626e-06","5e-04","A"
"4","Trait5","FASTmrMLM","PstI.TP261689","9","56906362","-0.0866","0.4357","A"
"4","Trait5","FASTmrMLM","PstI.TP930653","9","56906789","-2.2999e-05","0.005","A"
"4","Trait5","FASTmrMLM","PstI.TP1023013","9","56906861","6.3597e-06","0.0014","A"
"4","Trait5","FASTmrMLM","PstI.TP884095","9","56925631","-0.03","0.376","A"
"4","Trait5","FASTmrMLM","NsiI.TP676889","9","56927943","0.0328","0.1959","A"
"4","Trait5","FASTmrMLM","PstI.TP364228","9","56945624","2.9918e-05","0.0066","G"
"4","Trait5","FASTmrMLM","PstI.TP1265645","9","56989922","-1.1644e-05","0.0025","C"
"4","Trait5","FASTmrMLM","NsiI.TP769436","9","56990084","7.5684e-06","0.0017","C"
"4","Trait5","FASTmrMLM","PstI.TP635461","9","56995495","8.203e-07","2e-04","C"
"4","Trait5","FASTmrMLM","PstI.TP75909","9","56999108","0.1552","1.1518","A"
"4","Trait5","FASTmrMLM","NsiI.TP488526","9","57014578","0.0726","0.9605","A"
"4","Trait5","FASTmrMLM","PstI.TP485114","9","57032697","-0.0845","0.8186","A"
"4","Trait5","FASTmrMLM","PstI.TP485111","9","57032699","2.1221e-05","0.0046","A"
"4","Trait5","FASTmrMLM","NsiI.TP90699","9","57043017","-4.034e-06","9e-04","G"
"4","Trait5","FASTmrMLM","PstI.TP538688","9","57046696","-4.3966e-05","0.0068","A"
"4","Trait5","FASTmrMLM","PstI.TP948867","9","57048243","-0.009","0.0851","C"
"4","Trait5","FASTmrMLM","PstI.TP91283","9","57061948","7.3676e-06","0.0016","C"
"4","Trait5","FASTmrMLM","PstI.TP801703","9","57064562","-1.3755e-05","0.003","A"
"4","Trait5","FASTmrMLM","NsiI.TP459743","9","57066644","1.2598e-05","0.0028","A"
"4","Trait5","FASTmrMLM","PstI.TP667551","9","57073646","-2.7224e-05","0.006","C"
"4","Trait5","FASTmrMLM","NsiI.TP233204","9","57081211","1.5076e-05","0.0033","C"
"4","Trait5","FASTmrMLM","NsiI.TP771030","9","57088018","-1.0891e-06","2e-04","C"
"4","Trait5","FASTmrMLM","NsiI.TP128959","9","57088886","-4.0274e-06","9e-04","C"
"4","Trait5","FASTmrMLM","PstI.TP319583","9","57094022","1.2082e-05","0.0026","C"
"4","Trait5","FASTmrMLM","NsiI.TP600021","9","57108715","2.0137e-05","0.0044","G"
"4","Trait5","FASTmrMLM","GFSSContig5277_533","9","57114604","2.8655e-05","0.0063","T"
"4","Trait5","FASTmrMLM","GFSSContig16921_632","9","57129703","-2.9475e-05","0.0065","A"
"4","Trait5","FASTmrMLM","PstI.TP72432","9","57164171","1.0339e-05","0.0023","C"
"4","Trait5","FASTmrMLM","NsiI.TP25653","9","57197546","-6.4916e-06","0.0014","A"
"4","Trait5","FASTmrMLM","NsiI.TP280878","9","57240472","-0.0641","0.6552","A"
"4","Trait5","FASTmrMLM","PstI.TP632102","9","57259141","3.0984e-06","7e-04","A"
"4","Trait5","FASTmrMLM","NsiI.TP489710","9","57260202","-1.4318e-06","3e-04","C"
"4","Trait5","FASTmrMLM","PstI.TP426705","9","57264223","0.1659","0.8307","C"
"4","Trait5","FASTmrMLM","NsiI.TP66114","9","57265279","-1.3437e-05","0.0029","C"
"4","Trait5","FASTmrMLM","PstI.TP539272","9","57266122","1.6908e-06","4e-04","A"
"4","Trait5","FASTmrMLM","PstI.TP122734","9","57273792","0.0382","0.48","C"
"4","Trait5","FASTmrMLM","NsiI.TP459860","9","57273897","-1.9206e-06","4e-04","C"
"4","Trait5","FASTmrMLM","PstI.TP1096253","9","57274214","-2.6198e-05","0.0057","C"
"4","Trait5","FASTmrMLM","NsiI.TP390209","9","57275619","2.584e-06","6e-04","A"
"4","Trait5","FASTmrMLM","PstI.TP140364","9","57283110","-1.0016e-05","0.0022","C"
"4","Trait5","FASTmrMLM","NsiI.TP325358","9","57305963","4.1109e-05","0.0073","A"
"4","Trait5","FASTmrMLM","PstI.TP203450","9","57308183","1.1684e-05","0.0026","G"
"4","Trait5","FASTmrMLM","PstI.TP923634","9","57313718","-1.7162e-05","0.0038","A"
"4","Trait5","FASTmrMLM","PstI.TP595651","9","57313799","-8.0273e-06","0.0018","C"
"4","Trait5","FASTmrMLM","PstI.TP794726","9","57314009","0.1167","0.7841","C"
"4","Trait5","FASTmrMLM","NsiI.TP82848","9","57323154","2.1924e-05","0.0048","C"
"4","Trait5","FASTmrMLM","PstI.TP287945","9","57331874","-1.3706e-05","0.003","C"
"4","Trait5","FASTmrMLM","NsiI.TP779142","9","57332823","-2.0607e-05","0.0045","C"
"4","Trait5","FASTmrMLM","PstI.TP176238","9","57334019","-1.2049e-05","0.0026","A"
"4","Trait5","FASTmrMLM","PstI.TP761246","9","57334989","1.9415e-05","0.0042","A"
"4","Trait5","FASTmrMLM","PstI.TP1225212","9","57339349","-2.2323e-05","0.0049","A"
"4","Trait5","FASTmrMLM","PstI.TP824522","9","57344908","-1.1446e-05","0.0025","C"
"4","Trait5","FASTmrMLM","PstI.TP790135","9","57345247","1.2665e-06","3e-04","A"
"4","Trait5","FASTmrMLM","NsiI.TP303630","9","57347465","0.0606","0.6071","G"
"4","Trait5","FASTmrMLM","PstI.TP1155814","9","57370598","7.5146e-06","0.0016","C"
"4","Trait5","FASTmrMLM","PstI.TP703892","9","57371671","-0.0218","0.2836","A"
"4","Trait5","FASTmrMLM","PstI.TP625412","9","57388113","1.0646e-05","0.0023","A"
"4","Trait5","FASTmrMLM","PstI.TP526711","9","57410674","2.8044e-05","0.0061","A"
"4","Trait5","FASTmrMLM","NsiI.TP20508","9","57433691","3.7624e-05","0.0083","C"
"4","Trait5","FASTmrMLM","PstI.TP91666","9","57446168","0.1507","0.899","C"
"4","Trait5","FASTmrMLM","NsiI.TP149533","9","57452872","9.5454e-06","0.0021","A"
"4","Trait5","FASTmrMLM","PstI.TP184836","9","57455010","4.2179e-05","0.0093","A"
"4","Trait5","FASTmrMLM","PstI.TP19582","9","57455094","-5.8426e-06","0.0013","A"
"4","Trait5","FASTmrMLM","PstI.TP289185","9","57455890","6.2906e-06","0.0014","C"
"4","Trait5","FASTmrMLM","NsiI.TP626669","9","57473372","-3.4145e-06","7e-04","C"
"4","Trait5","FASTmrMLM","PstI.TP438261","9","57473962","-2.6448e-05","0.0058","C"
"4","Trait5","FASTmrMLM","PstI.TP368869","9","57480443","3.0231e-06","7e-04","A"
"4","Trait5","FASTmrMLM","PstI.TP1042921","9","57481010","-8.4848e-06","0.0019","A"
"4","Trait5","FASTmrMLM","PstI.TP1040911","9","57488127","-0.0525","0.314","C"
"4","Trait5","FASTmrMLM","PstI.TP407487","9","57491188","-3.7135e-06","8e-04","A"
"4","Trait5","FASTmrMLM","NsiI.TP338218","9","57500243","8.3117e-06","0.0018","A"
"4","Trait5","FASTmrMLM","PstI.TP177327","9","57530862","-0.123","1.1466","A"
"4","Trait5","FASTmrMLM","PstI.TP1051979","9","57531618","-8.8432e-06","0.0019","A"
"4","Trait5","FASTmrMLM","NsiI.TP221830","9","57581468","3.0921e-07","6.7298e-05","C"
"4","Trait5","FASTmrMLM","PstI.TP26223","9","57585487","0.0194","0.1776","G"
"4","Trait5","FASTmrMLM","PstI.TP888965","9","57620981","1.0103e-06","2e-04","A"
"4","Trait5","FASTmrMLM","PstI.TP976305","9","57621267","3.2576e-06","7e-04","C"
"4","Trait5","FASTmrMLM","PstI.TP674522","9","57629722","0.0568","0.4116","A"
"4","Trait5","FASTmrMLM","PstI.TP69959","9","57639787","-1.1522e-05","0.0025","A"
"4","Trait5","FASTmrMLM","PstI.TP676134","9","57652835","-6.9197e-06","0.0015","C"
"4","Trait5","FASTmrMLM","PstI.TP676131","9","57652842","8.7987e-06","0.0019","C"
"4","Trait5","FASTmrMLM","PstI.TP382448","9","57654128","-6.0417e-06","0.0013","G"
"4","Trait5","FASTmrMLM","NsiI.TP699818","9","57654624","-1.0304e-05","0.0022","A"
"4","Trait5","FASTmrMLM","PstI.TP483645","9","57663513","0.091","0.4845","A"
"4","Trait5","FASTmrMLM","NsiI.TP762397","9","57667975","1.6579e-06","4e-04","A"
"4","Trait5","FASTmrMLM","PstI.TP365531","9","57670331","0.0667","0.5098","C"
"4","Trait5","FASTmrMLM","PstI.TP1291479","9","57670398","1.8395e-05","0.004","C"
"4","Trait5","FASTmrMLM","PstI.TP1151057","9","57675917","-0.347","1.398","A"
"4","Trait5","FASTmrMLM","PstI.TP486217","9","57682477","-0.0393","0.46","C"
"4","Trait5","FASTmrMLM","PstI.TP1047497","9","57724716","-0.1764","0.8014","A"
"4","Trait5","FASTmrMLM","PstI.TP1047489","9","57724750","0.0651","0.4596","C"
"4","Trait5","FASTmrMLM","PstI.TP1040183","9","57730404","-7.0163e-06","0.0015","A"
"4","Trait5","FASTmrMLM","PstI.TP190834","9","57732406","-1.2694e-05","0.0028","G"
"4","Trait5","FASTmrMLM","NsiI.TP377187","9","57735169","-1.2221e-06","3e-04","A"
"4","Trait5","FASTmrMLM","NsiI.TP431718","9","57738826","-0.0243","0.3331","G"
"4","Trait5","FASTmrMLM","NsiI.TP447040","9","57741730","1.0392e-05","0.0023","C"
"4","Trait5","FASTmrMLM","NsiI.TP164494","9","57742210","3.6527e-06","8e-04","G"
"4","Trait5","FASTmrMLM","PstI.TP122055","9","57748273","-7.2469e-06","0.0016","C"
"4","Trait5","FASTmrMLM","PstI.TP4279","9","57771592","0.0402","0.3685","C"
"4","Trait5","FASTmrMLM","PstI.TP833752","9","57773023","1.7588e-05","0.0038","C"
"4","Trait5","FASTmrMLM","PstI.TP14229","9","57790410","0.1653","2.3185","C"
"4","Trait5","FASTmrMLM","NsiI.TP84088","9","57791211","1.4203e-05","0.0031","A"
"4","Trait5","FASTmrMLM","NsiI.TP458692","9","57793966","-8.0834e-06","0.0018","A"
"4","Trait5","FASTmrMLM","NsiI.TP509108","9","57826627","8.9718e-06","0.002","A"
"4","Trait5","FASTmrMLM","PstI.TP693592","9","57832644","-2.5637e-05","0.0056","C"
"4","Trait5","FASTmrMLM","NsiI.TP216880","9","57840413","6.1142e-06","0.0013","A"
"4","Trait5","FASTmrMLM","NsiI.TP471012","9","57843502","-4.7576e-07","1e-04","A"
"4","Trait5","FASTmrMLM","NsiI.TP463819","9","57843563","-0.3971","2.644","C"
"4","Trait5","FASTmrMLM","PstI.TP228440","9","57856522","1.5783e-05","0.0034","A"
"4","Trait5","FASTmrMLM","NsiI.TP219707","9","57857861","2.3583e-05","0.0052","G"
"4","Trait5","FASTmrMLM","GFSSContig20403_1940","9","57872748","-4.06e-05","0.0089","T"
"4","Trait5","FASTmrMLM","NsiI.TP106682","9","57902317","-1.8245e-05","0.004","A"
"4","Trait5","FASTmrMLM","NsiI.TP159365","9","57904175","-2.9053e-05","0.0064","A"
"4","Trait5","FASTmrMLM","PstI.TP63807","9","57917093","-1.5419e-05","0.0034","A"
"4","Trait5","FASTmrMLM","PstI.TP405385","9","57943486","-0.0746","0.869","C"
"4","Trait5","FASTmrMLM","NsiI.TP350536","9","57944235","1.3378e-05","0.0029","C"
"4","Trait5","FASTmrMLM","PstI.TP1155480","9","57950063","-0.0784","0.6029","A"
"4","Trait5","FASTmrMLM","PstI.TP590734","9","57975412","2.1854e-05","0.0045","A"
"4","Trait5","FASTmrMLM","PstI.TP1264479","9","57983782","-1.7545e-05","0.0038","C"
"4","Trait5","FASTmrMLM","PstI.TP166774","9","57999545","0.2334","1.652","G"
"4","Trait5","FASTmrMLM","PstI.TP131043","9","58001360","-0.0107","0.1677","A"
"4","Trait5","FASTmrMLM","PstI.TP435476","9","58021087","-1.6044e-05","0.0035","C"
"4","Trait5","FASTmrMLM","PstI.TP1225498","9","58030547","-3.5371e-05","0.0078","A"
"4","Trait5","FASTmrMLM","PstI.TP1259561","9","58030636","-0.2024","0.9531","A"
"4","Trait5","FASTmrMLM","NsiI.TP494124","9","58038457","3.0132e-05","0.0066","C"
"4","Trait5","FASTmrMLM","NsiI.TP430928","9","58038636","-8.6333e-06","0.0019","C"
"4","Trait5","FASTmrMLM","PstI.TP483756","9","58041481","0.3582","1.7471","A"
"4","Trait5","FASTmrMLM","PstI.TP314886","9","58046123","-1.1871e-05","0.0026","C"
"4","Trait5","FASTmrMLM","NsiI.TP156918","9","58048359","-7.8093e-06","0.0017","A"
"4","Trait5","FASTmrMLM","PstI.TP537403","9","58063178","-1.409e-06","3e-04","C"
"4","Trait5","FASTmrMLM","PstI.TP217205","9","58075202","-3.2345e-06","7e-04","C"
"4","Trait5","FASTmrMLM","NsiI.TP438150","9","58114148","0.2628","1.262","C"
"4","Trait5","FASTmrMLM","NsiI.TP134866","9","58154864","0.0912","0.6192","G"
"4","Trait5","FASTmrMLM","PstI.TP1246543","9","58154950","2.9015e-05","0.0064","A"
"4","Trait5","FASTmrMLM","GFSSContig16226_576","9","58164825","0.0635","0.37","A"
"4","Trait5","FASTmrMLM","PstI.TP204727","9","58169531","-5.6749e-06","0.0012","C"
"4","Trait5","FASTmrMLM","PstI.TP1168580","9","58174360","-1.3755e-06","3e-04","A"
"4","Trait5","FASTmrMLM","NsiI.TP386681","9","58177204","-3.8344e-06","8e-04","A"
"4","Trait5","FASTmrMLM","GFSSContig18763_1001","9","58194426","-3.5807e-06","8e-04","T"
"4","Trait5","FASTmrMLM","NsiI.TP410861","9","58197838","8.0548e-06","0.0018","C"
"4","Trait5","FASTmrMLM","PstI.TP1185054","9","58198396","-1.8022e-05","0.0039","C"
"4","Trait5","FASTmrMLM","PstI.TP548121","9","58253929","1.262e-05","0.0028","C"
"4","Trait5","FASTmrMLM","PstI.TP458448","9","58254242","0.0555","0.3571","C"
"4","Trait5","FASTmrMLM","PstI.TP24815","9","58254322","0.093","0.4159","A"
"4","Trait5","FASTmrMLM","PstI.TP541399","9","58259418","0.1169","0.8196","A"
"4","Trait5","FASTmrMLM","PstI.TP989976","9","58265171","-0.0599","0.3534","C"
"4","Trait5","FASTmrMLM","NsiI.TP436632","9","58295073","-5.3011e-05","0.006","A"
"4","Trait5","FASTmrMLM","PstI.TP487973","9","58309669","0.0361","0.512","C"
"4","Trait5","FASTmrMLM","PstI.TP94377","9","58316006","8.8088e-07","2e-04","C"
"4","Trait5","FASTmrMLM","PstI.TP736554","9","58320217","-1.2221e-05","0.0027","G"
"4","Trait5","FASTmrMLM","PstI.TP1280120","9","58329797","2.9036e-05","0.0064","C"
"4","Trait5","FASTmrMLM","NsiI.TP288606","9","58335440","0.0057","0.0745","C"
"4","Trait5","FASTmrMLM","NsiI.TP636038","9","58336860","5.5323e-06","0.0012","A"
"4","Trait5","FASTmrMLM","PstI.TP982126","9","58344631","-9.4663e-06","0.0021","C"
"4","Trait5","FASTmrMLM","PstI.TP523328","9","58344870","0.0899","0.8222","C"
"4","Trait5","FASTmrMLM","NsiI.TP492534","9","58366610","1.0005e-05","0.0022","A"
"4","Trait5","FASTmrMLM","PstI.TP1137706","9","58368202","-0.1121","0.554","G"
"4","Trait5","FASTmrMLM","PstI.TP274075","9","58385522","-0.005","0.057","C"
"4","Trait5","FASTmrMLM","NsiI.TP426355","9","58388987","0.0047","0.1118","A"
"4","Trait5","FASTmrMLM","NsiI.TP373338","9","58393375","7.838e-06","0.0017","C"
"4","Trait5","FASTmrMLM","NsiI.TP675233","9","58409914","-1.4739e-05","0.0032","A"
"4","Trait5","FASTmrMLM","NsiI.TP161889","9","58409923","-0.0713","0.8818","C"
"4","Trait5","FASTmrMLM","NsiI.TP287087","9","58431565","2.2691e-06","5e-04","C"
"4","Trait5","FASTmrMLM","NsiI.TP379046","9","58431629","-0.0818","0.7043","A"
"4","Trait5","FASTmrMLM","PstI.TP928184","9","58431631","2.1184e-05","0.0046","A"
"4","Trait5","FASTmrMLM","NsiI.TP589125","9","58446363","-1.9067e-05","0.0042","A"
"4","Trait5","FASTmrMLM","PstI.TP176380","9","58460036","-1.7232e-05","0.0038","A"
"4","Trait5","FASTmrMLM","NsiI.TP339860","9","58465814","-2.8274e-05","0.0062","A"
"4","Trait5","FASTmrMLM","PstI.TP759796","9","58490903","-0.0225","0.2829","A"
"4","Trait5","FASTmrMLM","NsiI.TP161913","9","58496317","3.3633e-06","7e-04","A"
"4","Trait5","FASTmrMLM","PstI.TP95118","9","58539170","-2.8932e-05","0.0063","A"
"4","Trait5","FASTmrMLM","PstI.TP1284756","9","58597331","1.9145e-05","0.0042","C"
"4","Trait5","FASTmrMLM","NsiI.TP780156","9","58637084","-9.1489e-06","0.002","A"
"4","Trait5","FASTmrMLM","PstI.TP1040667","9","58669059","-1.5318e-05","0.0033","C"
"4","Trait5","FASTmrMLM","NsiI.TP550504","9","58670175","-2.2436e-05","0.0049","C"
"4","Trait5","FASTmrMLM","NsiI.TP126966","9","58673456","4.1702e-05","0.0092","C"
"4","Trait5","FASTmrMLM","NsiI.TP699969","9","58701502","0.041","0.3256","A"
"4","Trait5","FASTmrMLM","NsiI.TP124711","9","58704849","1.2307e-05","0.0027","A"
"4","Trait5","FASTmrMLM","NsiI.TP324407","9","58737240","-9.6955e-06","0.0021","A"
"4","Trait5","FASTmrMLM","NsiI.TP90957","9","58754094","3.8306e-06","8e-04","C"
"4","Trait5","FASTmrMLM","PstI.TP780644","9","58756246","1.6284e-05","0.0036","C"
"4","Trait5","FASTmrMLM","PstI.TP678666","9","58776115","-2.0495e-05","0.0045","A"
"4","Trait5","FASTmrMLM","PstI.TP276765","9","58777670","1.5466e-05","0.0034","C"
"4","Trait5","FASTmrMLM","NsiI.TP36165","9","58838416","0.118","0.535","G"
"4","Trait5","FASTmrMLM","NsiI.TP36166","9","58838434","-0.1077","0.5109","A"
"4","Trait5","FASTmrMLM","NsiI.TP812328","9","58887871","9.1626e-06","0.002","A"
"4","Trait5","FASTmrMLM","NsiI.TP828000","9","58887920","-8.9386e-06","0.0019","C"
"4","Trait5","FASTmrMLM","NsiI.TP746317","9","58908225","-3.176e-05","0.007","C"
"4","Trait5","FASTmrMLM","NsiI.TP177056","9","58910846","-6.6675e-06","0.0015","A"
"4","Trait5","FASTmrMLM","PstI.TP948386","9","58911041","-1.5862e-05","0.0035","C"
"4","Trait5","FASTmrMLM","GFSSContig15563_263","9","58912474","-2.0293e-05","0.0044","T"
"4","Trait5","FASTmrMLM","PstI.TP673331","9","58920138","-0.0276","0.1852","C"
"4","Trait5","FASTmrMLM","NsiI.TP199584","9","58950916","-9.4445e-06","0.0021","A"
"4","Trait5","FASTmrMLM","PstI.TP703807","9","58969546","1.1254e-05","0.0025","A"
"4","Trait5","FASTmrMLM","PstI.TP970556","9","58981556","-2.1249e-05","0.0046","A"
"4","Trait5","FASTmrMLM","NsiI.TP810114","9","58991997","-5.1605e-06","0.0011","A"
"4","Trait5","FASTmrMLM","NsiI.TP739117","9","59004735","3.8965e-05","0.0086","C"
"4","Trait5","FASTmrMLM","GFSSContig3933_570","9","59006166","2.0421e-05","0.0045","A"
"4","Trait5","FASTmrMLM","PstI.TP428592","9","59017930","0.1393","0.5581","C"
"4","Trait5","FASTmrMLM","PstI.TP1054767","9","59022402","-0.0903","0.5891","A"
"4","Trait5","FASTmrMLM","PstI.TP63042","9","59079217","-9.5879e-06","0.0021","A"
"4","Trait5","FASTmrMLM","PstI.TP780771","9","59133543","0.0106","0.164","G"
"4","Trait5","FASTmrMLM","PstI.TP199286","9","59138734","0.2077","1.0366","A"
"4","Trait5","FASTmrMLM","PstI.TP325968","9","59160642","-0.1636","0.6384","C"
"4","Trait5","FASTmrMLM","PstI.TP374255","9","59171415","0.0491","0.1967","A"
"4","Trait5","FASTmrMLM","PstI.TP1062021","9","59189842","1.4499e-05","0.0032","C"
"4","Trait5","FASTmrMLM","NsiI.TP588315","9","59190931","2.8284e-05","0.0062","C"
"4","Trait5","FASTmrMLM","NsiI.TP233983","9","59200153","3.8766e-06","8e-04","A"
"4","Trait5","FASTmrMLM","PstI.TP992430","9","59206611","-1.1926e-06","3e-04","C"
"4","Trait5","FASTmrMLM","PstI.TP314288","9","59208232","8.961e-07","2e-04","A"
"4","Trait5","FASTmrMLM","NsiI.TP441053","9","59208294","3.1383e-05","0.0069","C"
"4","Trait5","FASTmrMLM","NsiI.TP431624","9","59218147","-0.0268","0.1848","A"
"4","Trait5","FASTmrMLM","NsiI.TP431621","9","59218148","0.1629","0.8105","A"
"4","Trait5","FASTmrMLM","NsiI.TP472511","9","59219250","-1.5435e-06","3e-04","C"
"4","Trait5","FASTmrMLM","NsiI.TP312191","9","59221334","-1.3073e-05","0.0029","A"
"4","Trait5","FASTmrMLM","PstI.TP114097","9","59221807","-1.9416e-05","0.0042","C"
"4","Trait5","FASTmrMLM","NsiI.TP95062","9","59225886","1.9661e-05","0.0043","A"
"4","Trait5","FASTmrMLM","NsiI.TP756979","9","59227233","-7.8847e-06","0.0017","A"
"4","Trait5","FASTmrMLM","NsiI.TP633477","9","59231156","-1.3667e-06","3e-04","C"
"4","Trait5","FASTmrMLM","NsiI.TP26982","9","59252682","-0.0861","0.6947","G"
"4","Trait5","FASTmrMLM","NsiI.TP147617","9","59264034","0.0647","0.4088","A"
"4","Trait5","FASTmrMLM","NsiI.TP147616","9","59264040","-0.0417","0.3547","A"
"4","Trait5","FASTmrMLM","NsiI.TP108187","9","59271952","-0.1152","1.0659","C"
"4","Trait5","FASTmrMLM","PstI.TP647358","9","59273127","0.0248","0.2199","A"
"4","Trait5","FASTmrMLM","NsiI.TP193822","9","59281104","7.0848e-06","0.0015","C"
"4","Trait5","FASTmrMLM","PstI.TP345830","9","59281758","5.7878e-06","0.0013","C"
"4","Trait5","FASTmrMLM","PstI.TP951210","9","59291799","-0.1375","0.917","C"
"4","Trait5","FASTmrMLM","NsiI.TP440500","9","59299455","-0.1949","1.1152","C"
"4","Trait5","FASTmrMLM","PstI.TP836522","9","59301044","-1.692e-05","0.0037","G"
"4","Trait5","FASTmrMLM","PstI.TP183451","9","59303421","-0.0181","0.2342","C"
"4","Trait5","FASTmrMLM","NsiI.TP724130","9","59312440","-0.2318","1.5391","C"
"4","Trait5","FASTmrMLM","PstI.TP53013","9","59327122","1.0015e-05","0.0022","G"
"4","Trait5","FASTmrMLM","NsiI.TP625606","9","59339849","-0.1094","0.5939","A"
"4","Trait5","FASTmrMLM","NsiI.TP122854","9","59340916","-1.2674e-06","3e-04","A"
"4","Trait5","FASTmrMLM","PstI.TP126127","9","59366615","-0.1653","0.9934","A"
"4","Trait5","FASTmrMLM","NsiI.TP679096","9","59374905","-4.9151e-06","0.0011","C"
"4","Trait5","FASTmrMLM","PstI.TP1038828","9","59381929","-1.1641e-05","0.0025","C"
"4","Trait5","FASTmrMLM","PstI.TP595948","9","59408528","-0.0732","0.4072","G"
"4","Trait5","FASTmrMLM","PstI.TP595915","9","59408533","5.3978e-06","0.0012","A"
"4","Trait5","FASTmrMLM","PstI.TP312460","9","59408883","-5.2491e-07","1e-04","C"
"4","Trait5","FASTmrMLM","PstI.TP851106","9","59409435","-9.8184e-06","0.0021","C"
"4","Trait5","FASTmrMLM","PstI.TP132767","9","59409499","-3.8416e-06","8e-04","A"
"4","Trait5","FASTmrMLM","NsiI.TP761406","10","14964","-4e-04","0.0186","A"
"4","Trait5","FASTmrMLM","PstI.TP356169","10","19381","-4.1298e-07","8.9914e-05","C"
"4","Trait5","FASTmrMLM","PstI.TP347988","10","19420","4.08e-05","0.009","A"
"4","Trait5","FASTmrMLM","PstI.TP1086817","10","46074","-1.2888e-06","3e-04","A"
"4","Trait5","FASTmrMLM","NsiI.TP791054","10","66112","1.9554e-05","0.0043","C"
"4","Trait5","FASTmrMLM","NsiI.TP589841","10","84009","-2.479e-06","5e-04","G"
"4","Trait5","FASTmrMLM","NsiI.TP668684","10","91477","6.1255e-06","0.0013","C"
"4","Trait5","FASTmrMLM","PstI.TP711759","10","98552","1.6754e-05","0.0037","C"
"4","Trait5","FASTmrMLM","NsiI.TP696123","10","100028","-0.0434","0.2814","A"
"4","Trait5","FASTmrMLM","PstI.TP320774","10","115892","1.7853e-05","0.0039","G"
"4","Trait5","FASTmrMLM","PstI.TP806716","10","140556","0.2962","3.0648","A"
"4","Trait5","FASTmrMLM","NsiI.TP551076","10","147042","-1.3508e-05","0.003","C"
"4","Trait5","FASTmrMLM","NsiI.TP435871","10","150436","3.0133e-06","7e-04","A"
"4","Trait5","FASTmrMLM","PstI.TP698346","10","150848","-2.1973e-05","0.0048","G"
"4","Trait5","FASTmrMLM","NsiI.TP660811","10","157001","0.0068","0.1513","C"
"4","Trait5","FASTmrMLM","NsiI.TP420329","10","157728","-2.2471e-06","5e-04","A"
"4","Trait5","FASTmrMLM","NsiI.TP619841","10","164267","3.5474e-05","0.0078","A"
"4","Trait5","FASTmrMLM","NsiI.TP227369","10","177463","0.0634","0.3779","A"
"4","Trait5","FASTmrMLM","GFk50ctg317996_319","10","181025","4.5391e-07","9.8809e-05","T"
"4","Trait5","FASTmrMLM","NsiI.TP741442","10","221459","8.7289e-06","0.0019","A"
"4","Trait5","FASTmrMLM","NsiI.TP304778","10","233718","-1.8904e-05","0.0041","A"
"4","Trait5","FASTmrMLM","PstI.TP971769","10","254784","0.0591","0.5251","A"
"4","Trait5","FASTmrMLM","PstI.TP401430","10","261208","6.8731e-06","0.0015","A"
"4","Trait5","FASTmrMLM","NsiI.TP390203","10","267682","-1.3427e-05","0.0029","A"
"4","Trait5","FASTmrMLM","PstI.TP106347","10","268264","1.0323e-05","0.0023","A"
"4","Trait5","FASTmrMLM","PstI.TP1283968","10","284941","-3.592e-05","0.0079","A"
"4","Trait5","FASTmrMLM","GFSSContig13484_518","10","292362","1.6321e-05","0.0036","T"
"4","Trait5","FASTmrMLM","PstI.TP666628","10","312922","-1.2325e-05","0.0027","A"
"4","Trait5","FASTmrMLM","NsiI.TP193015","10","352165","-2.1596e-05","0.0047","A"
"4","Trait5","FASTmrMLM","NsiI.TP429720","10","403456","0.1352","0.6181","A"
"4","Trait5","FASTmrMLM","PstI.TP254433","10","413248","-4.4795e-06","0.001","C"
"4","Trait5","FASTmrMLM","PstI.TP849273","10","415317","0.0374","0.4029","G"
"4","Trait5","FASTmrMLM","PstI.TP995253","10","421853","-2.6096e-06","6e-04","C"
"4","Trait5","FASTmrMLM","PstI.TP259396","10","423292","0.0605","0.4538","C"
"4","Trait5","FASTmrMLM","PstI.TP797248","10","438998","-4.6637e-06","0.001","A"
"4","Trait5","FASTmrMLM","NsiI.TP120833","10","449853","-0.1604","0.6333","A"
"4","Trait5","FASTmrMLM","NsiI.TP525011","10","450727","-6.1346e-06","0.0013","G"
"4","Trait5","FASTmrMLM","PstI.TP1223981","10","451139","-3.2294e-05","0.0071","A"
"4","Trait5","FASTmrMLM","NsiI.TP781284","10","474217","0.2743","2.1466","C"
"4","Trait5","FASTmrMLM","PstI.TP993622","10","486193","0.0229","0.1984","C"
"4","Trait5","FASTmrMLM","NsiI.TP716066","10","486380","-0.0753","0.5036","A"
"4","Trait5","FASTmrMLM","NsiI.TP459060","10","497104","2e-04","0.0122","A"
"4","Trait5","FASTmrMLM","PstI.TP32081","10","516124","2.0274e-05","0.0044","A"
"4","Trait5","FASTmrMLM","PstI.TP943645","10","536366","1.1821e-05","0.0026","A"
"4","Trait5","FASTmrMLM","PstI.TP542899","10","548717","2.8666e-05","0.0063","A"
"4","Trait5","FASTmrMLM","PstI.TP802084","10","555823","0.122","0.78","A"
"4","Trait5","FASTmrMLM","PstI.TP669887","10","582343","-3.3852e-06","7e-04","A"
"4","Trait5","FASTmrMLM","PstI.TP276669","10","582355","2.0584e-05","0.0045","A"
"4","Trait5","FASTmrMLM","NsiI.TP428380","10","599011","1.3921e-05","0.003","C"
"4","Trait5","FASTmrMLM","NsiI.TP724214","10","605785","9.8124e-10","2.1356e-07","A"
"4","Trait5","FASTmrMLM","PstI.TP996253","10","642804","-2.2123e-05","0.0048","C"
"4","Trait5","FASTmrMLM","GFSSContig11810_723","10","664006","2.58e-05","0.0057","T"
"4","Trait5","FASTmrMLM","PstI.TP842589","10","679777","-2.8175e-05","0.0062","G"
"4","Trait5","FASTmrMLM","PstI.TP1031077","10","689016","2.6004e-05","0.0057","C"
"4","Trait5","FASTmrMLM","PstI.TP689523","10","705089","-4.23e-05","0.0093","A"
"4","Trait5","FASTmrMLM","NsiI.TP233640","10","730011","-1.4551e-05","0.0032","C"
"4","Trait5","FASTmrMLM","PstI.TP942405","10","730543","-0.008","0.096","C"
"4","Trait5","FASTmrMLM","PstI.TP1128550","10","731651","2.7158e-05","0.006","A"
"4","Trait5","FASTmrMLM","PstI.TP215151","10","737870","-3.381e-06","7e-04","A"
"4","Trait5","FASTmrMLM","PstI.TP636509","10","765968","-0.0394","0.2197","A"
"4","Trait5","FASTmrMLM","PstI.TP198253","10","765989","-8.6649e-06","0.0019","A"
"4","Trait5","FASTmrMLM","GFSSContig10247_485","10","766952","-0.0489","0.3852","A"
"4","Trait5","FASTmrMLM","PstI.TP371092","10","781117","-1.4398e-05","0.0031","A"
"4","Trait5","FASTmrMLM","PstI.TP1044533","10","781197","0.031","0.3244","C"
"4","Trait5","FASTmrMLM","PstI.TP268066","10","827154","5.8706e-06","0.0013","A"
"4","Trait5","FASTmrMLM","GFSSContig16519_974","10","959088","1.744e-05","0.0038","A"
"4","Trait5","FASTmrMLM","GFSSContig16519_1139","10","959253","1.2454e-06","3e-04","C"
"4","Trait5","FASTmrMLM","GFSSContig18533_925","10","959373","6.383e-07","1e-04","A"
"4","Trait5","FASTmrMLM","PstI.TP1073806","10","964803","-0.0288","0.2767","A"
"4","Trait5","FASTmrMLM","PstI.TP478568","10","1035796","1.1921e-05","0.0026","G"
"4","Trait5","FASTmrMLM","PstI.TP164398","10","1046240","-3.8621e-05","0.0085","A"
"4","Trait5","FASTmrMLM","PstI.TP533756","10","1050714","-3.5957e-05","0.0079","A"
"4","Trait5","FASTmrMLM","PstI.TP220787","10","1055307","0.0486","0.2842","A"
"4","Trait5","FASTmrMLM","PstI.TP744946","10","1055316","-1.2156e-05","0.0027","A"
"4","Trait5","FASTmrMLM","PstI.TP190442","10","1055795","0.0637","0.47","C"
"4","Trait5","FASTmrMLM","PstI.TP251362","10","1088477","-0.0174","0.2371","C"
"4","Trait5","FASTmrMLM","PstI.TP892558","10","1094568","2.6433e-05","0.0058","A"
"4","Trait5","FASTmrMLM","PstI.TP176663","10","1133877","0.129","0.6021","A"
"4","Trait5","FASTmrMLM","NsiI.TP98659","10","1137506","-0.2028","0.6216","A"
"4","Trait5","FASTmrMLM","PstI.TP1117123","10","1206568","-6.4402e-06","0.0014","A"
"4","Trait5","FASTmrMLM","PstI.TP79272","10","1217485","-5.7506e-06","0.0013","C"
"4","Trait5","FASTmrMLM","NsiI.TP174659","10","1235809","-8.8065e-06","0.0019","A"
"4","Trait5","FASTmrMLM","PstI.TP1102697","10","1245874","-1.2501e-05","0.0027","A"
"4","Trait5","FASTmrMLM","NsiI.TP502082","10","1262753","3.7104e-06","8e-04","A"
"4","Trait5","FASTmrMLM","NsiI.TP602839","10","1263762","-8.5404e-06","0.0019","C"
"4","Trait5","FASTmrMLM","PstI.TP226414","10","1264236","1.1395e-05","0.0025","C"
"4","Trait5","FASTmrMLM","PstI.TP202392","10","1264334","-0.0343","0.2731","A"
"4","Trait5","FASTmrMLM","NsiI.TP415887","10","1266495","-3.9024e-05","0.0086","A"
"4","Trait5","FASTmrMLM","PstI.TP1095597","10","1269949","0.0612","0.3615","A"
"4","Trait5","FASTmrMLM","NsiI.TP83428","10","1272908","-8.3528e-06","0.0018","C"
"4","Trait5","FASTmrMLM","PstI.TP549546","10","1280519","1.4974e-06","3e-04","A"
"4","Trait5","FASTmrMLM","PstI.TP908250","10","1283043","4.1532e-05","0.0091","A"
"4","Trait5","FASTmrMLM","PstI.TP293210","10","1285219","2.0983e-06","5e-04","A"
"4","Trait5","FASTmrMLM","PstI.TP1143547","10","1288364","9.3807e-06","0.002","C"
"4","Trait5","FASTmrMLM","PstI.TP134025","10","1309082","1.0605e-05","0.0023","A"
"4","Trait5","FASTmrMLM","PstI.TP724992","10","1310286","2.0513e-05","0.0045","C"
"4","Trait5","FASTmrMLM","PstI.TP894508","10","1363109","-7.2613e-09","1.581e-06","A"
"4","Trait5","FASTmrMLM","NsiI.TP667322","10","1372755","-8.3011e-06","0.0018","C"
"4","Trait5","FASTmrMLM","PstI.TP337849","10","1406820","-6.8243e-09","1.4853e-06","A"
"4","Trait5","FASTmrMLM","NsiI.TP798784","10","1473161","-3.5562e-05","0.0078","A"
"4","Trait5","FASTmrMLM","PstI.TP284290","10","1529382","0.0801","0.4041","A"
"4","Trait5","FASTmrMLM","PstI.TP466283","10","1540417","-3.2336e-06","7e-04","A"
"4","Trait5","FASTmrMLM","PstI.TP1164097","10","1543675","-0.0289","0.3657","A"
"4","Trait5","FASTmrMLM","PstI.TP88378","10","1544377","-8.4307e-06","0.0018","C"
"4","Trait5","FASTmrMLM","NsiI.TP128700","10","1548048","-2.9816e-06","6e-04","C"
"4","Trait5","FASTmrMLM","GFSSContig16121_677","10","1555189","6.3025e-06","0.0014","A"
"4","Trait5","FASTmrMLM","PstI.TP1124404","10","1580128","6.3809e-06","0.0014","A"
"4","Trait5","FASTmrMLM","PstI.TP107255","10","1588745","8.9842e-06","0.002","A"
"4","Trait5","FASTmrMLM","PstI.TP320192","10","1610743","0.1331","0.6436","A"
"4","Trait5","FASTmrMLM","NsiI.TP391832","10","1658190","-1.1049e-05","0.0024","A"
"4","Trait5","FASTmrMLM","PstI.TP260686","10","1659270","6.2661e-06","0.0014","A"
"4","Trait5","FASTmrMLM","PstI.TP933601","10","1659429","-5.6927e-05","0.0074","A"
"4","Trait5","FASTmrMLM","PstI.TP1025360","10","1666960","2.4948e-05","0.0055","C"
"4","Trait5","FASTmrMLM","NsiI.TP193636","10","1673963","-5.8746e-06","0.0013","A"
"4","Trait5","FASTmrMLM","NsiI.TP813814","10","1675406","-1.3058e-05","0.0029","C"
"4","Trait5","FASTmrMLM","PstI.TP223695","10","1701745","-5.9167e-06","0.0013","C"
"4","Trait5","FASTmrMLM","NsiI.TP595555","10","1711075","-8.6062e-06","0.0019","G"
"4","Trait5","FASTmrMLM","PstI.TP819087","10","1719798","-0.1315","0.838","C"
"4","Trait5","FASTmrMLM","PstI.TP19828","10","1728644","-0.146","0.5648","C"
"4","Trait5","FASTmrMLM","PstI.TP767241","10","1740725","-1.1202e-05","0.0024","A"
"4","Trait5","FASTmrMLM","PstI.TP799857","10","1782915","-8.1589e-06","0.0018","C"
"4","Trait5","FASTmrMLM","NsiI.TP536477","10","1790769","2.2046e-05","0.0048","A"
"4","Trait5","FASTmrMLM","PstI.TP724037","10","1796215","-0.1201","0.6907","C"
"4","Trait5","FASTmrMLM","NsiI.TP753615","10","1797308","2.7216e-05","0.006","C"
"4","Trait5","FASTmrMLM","NsiI.TP466654","10","1815915","0.1418","1.7783","C"
"4","Trait5","FASTmrMLM","NsiI.TP193314","10","1816060","-3.2177e-05","0.0071","C"
"4","Trait5","FASTmrMLM","PstI.TP963261","10","1822091","-0.0564","0.5395","G"
"4","Trait5","FASTmrMLM","NsiI.TP204572","10","1827268","1.532e-06","3e-04","C"
"4","Trait5","FASTmrMLM","PstI.TP315862","10","1833455","3.1947e-06","7e-04","G"
"4","Trait5","FASTmrMLM","PstI.TP1258181","10","1834339","0.0715","0.6796","A"
"4","Trait5","FASTmrMLM","PstI.TP397512","10","1839154","0.1367","1.1566","C"
"4","Trait5","FASTmrMLM","NsiI.TP756304","10","1841138","1.8054e-05","0.0039","G"
"4","Trait5","FASTmrMLM","PstI.TP182392","10","1843527","-0.1513","0.8341","C"
"4","Trait5","FASTmrMLM","NsiI.TP507958","10","1844689","-0.1149","0.8453","A"
"4","Trait5","FASTmrMLM","PstI.TP703138","10","1846104","5.3899e-06","0.0012","A"
"4","Trait5","FASTmrMLM","NsiI.TP825160","10","1851025","1.7347e-06","4e-04","A"
"4","Trait5","FASTmrMLM","NsiI.TP527370","10","1854322","2.2292e-05","0.0049","C"
"4","Trait5","FASTmrMLM","NsiI.TP527371","10","1854340","1.0115e-05","0.0022","C"
"4","Trait5","FASTmrMLM","NsiI.TP438249","10","1862378","-1.1681e-05","0.0025","A"
"4","Trait5","FASTmrMLM","NsiI.TP47311","10","1863474","1.7917e-06","4e-04","C"
"4","Trait5","FASTmrMLM","NsiI.TP136442","10","1881385","-2.7306e-08","5.9426e-06","G"
"4","Trait5","FASTmrMLM","PstI.TP757619","10","1899465","-1.3691e-05","0.003","A"
"4","Trait5","FASTmrMLM","PstI.TP32128","10","1899578","-4.8131e-06","0.001","A"
"4","Trait5","FASTmrMLM","GFSSContig20421_1653","10","1961492","-1.1987e-05","0.0026","A"
"4","Trait5","FASTmrMLM","NsiI.TP105903","10","1987687","-4.5184e-05","0.0099","A"
"4","Trait5","FASTmrMLM","PstI.TP21876","10","1989773","0.0274","0.3439","C"
"4","Trait5","FASTmrMLM","PstI.TP14830","10","1993063","9.8112e-06","0.0021","C"
"4","Trait5","FASTmrMLM","PstI.TP916983","10","2026118","-0.0211","0.2223","A"
"4","Trait5","FASTmrMLM","PstI.TP613935","10","2029148","-0.1352","1.9506","C"
"4","Trait5","FASTmrMLM","NsiI.TP254691","10","2029465","-0.102","0.7816","A"
"4","Trait5","FASTmrMLM","PstI.TP437799","10","2064417","0.0406","0.2969","A"
"4","Trait5","FASTmrMLM","PstI.TP523580","10","2081219","-9.2899e-06","0.002","A"
"4","Trait5","FASTmrMLM","PstI.TP1165034","10","2123837","0.081","0.4836","A"
"4","Trait5","FASTmrMLM","PstI.TP507351","10","2133212","8.2225e-06","0.0018","A"
"4","Trait5","FASTmrMLM","PstI.TP203554","10","2133696","1.5319e-05","0.0033","A"
"4","Trait5","FASTmrMLM","PstI.TP167471","10","2134826","1.6131e-06","4e-04","C"
"4","Trait5","FASTmrMLM","PstI.TP1102180","10","2149353","0.105","0.5312","A"
"4","Trait5","FASTmrMLM","PstI.TP1022193","10","2165921","0.1277","0.7002","A"
"4","Trait5","FASTmrMLM","PstI.TP257242","10","2168584","-2.0277e-05","0.0044","A"
"4","Trait5","FASTmrMLM","PstI.TP1152580","10","2171249","1.9231e-08","4.1853e-06","C"
"4","Trait5","FASTmrMLM","PstI.TP362642","10","2176937","-0.0373","0.3046","A"
"4","Trait5","FASTmrMLM","NsiI.TP291142","10","2192290","7.9159e-06","0.0017","G"
"4","Trait5","FASTmrMLM","PstI.TP368198","10","2195865","-0.229","0.948","A"
"4","Trait5","FASTmrMLM","NsiI.TP443558","10","2204552","-5.1082e-06","0.0011","C"
"4","Trait5","FASTmrMLM","NsiI.TP207262","10","2214360","-1.6985e-05","0.0037","C"
"4","Trait5","FASTmrMLM","PstI.TP1276704","10","2214996","-1.5313e-05","0.0033","A"
"4","Trait5","FASTmrMLM","PstI.TP174448","10","2252170","4.1777e-05","0.0092","A"
"4","Trait5","FASTmrMLM","NsiI.TP610495","10","2254926","4.2881e-05","0.0073","A"
"4","Trait5","FASTmrMLM","NsiI.TP276200","10","2263544","-4.8348e-06","0.0011","C"
"4","Trait5","FASTmrMLM","PstI.TP645546","10","2263742","1.2454e-06","3e-04","A"
"4","Trait5","FASTmrMLM","PstI.TP987589","10","2263777","0.0162","0.2206","C"
"4","Trait5","FASTmrMLM","NsiI.TP59121","10","2271140","-0.1562","1.1643","A"
"4","Trait5","FASTmrMLM","NsiI.TP426456","10","2273344","1.6504e-05","0.0036","A"
"4","Trait5","FASTmrMLM","NsiI.TP763298","10","2275483","0.0362","0.3795","C"
"4","Trait5","FASTmrMLM","NsiI.TP524893","10","2275695","2.6243e-06","6e-04","A"
"4","Trait5","FASTmrMLM","PstI.TP228842","10","2290712","-0.0369","0.2843","A"
"4","Trait5","FASTmrMLM","PstI.TP114769","10","2313178","-0.1365","0.5214","C"
"4","Trait5","FASTmrMLM","NsiI.TP655447","10","2329034","8.7866e-06","0.0019","A"
"4","Trait5","FASTmrMLM","NsiI.TP180041","10","2334305","-1.0303e-05","0.0022","A"
"4","Trait5","FASTmrMLM","PstI.TP5324","10","2342904","4.5196e-06","0.001","A"
"4","Trait5","FASTmrMLM","PstI.TP1270127","10","2383697","0.0185","0.2524","C"
"4","Trait5","FASTmrMLM","PstI.TP221989","10","2396470","-1e-04","0.0095","A"
"4","Trait5","FASTmrMLM","PstI.TP291142","10","2431434","0.0211","0.1464","C"
"4","Trait5","FASTmrMLM","NsiI.TP702587","10","2441199","0.1189","0.7672","C"
"4","Trait5","FASTmrMLM","PstI.TP29423","10","2444372","5.3274e-07","1e-04","C"
"4","Trait5","FASTmrMLM","NsiI.TP825361","10","2444869","-7.3063e-06","0.0016","G"
"4","Trait5","FASTmrMLM","NsiI.TP51794","10","2493746","2.9917e-06","7e-04","G"
"4","Trait5","FASTmrMLM","PstI.TP815294","10","2507322","2.3671e-05","0.0052","C"
"4","Trait5","FASTmrMLM","NsiI.TP80630","10","2514340","0.0961","0.4471","A"
"4","Trait5","FASTmrMLM","PstI.TP1246574","10","2518921","-9.7237e-06","0.0021","A"
"4","Trait5","FASTmrMLM","NsiI.TP206374","10","2519076","-0.3416","3.4655","A"
"4","Trait5","FASTmrMLM","NsiI.TP153411","10","2523010","4.8526e-06","0.0011","A"
"4","Trait5","FASTmrMLM","PstI.TP1275628","10","2570632","0.1036","0.9094","C"
"4","Trait5","FASTmrMLM","PstI.TP1275632","10","2570635","6.5123e-06","0.0014","C"
"4","Trait5","FASTmrMLM","NsiI.TP213329","10","2582794","-3.1383e-06","7e-04","A"
"4","Trait5","FASTmrMLM","PstI.TP408356","10","2582830","3e-04","0.0161","A"
"4","Trait5","FASTmrMLM","PstI.TP1038470","10","2596422","-1.8739e-05","0.0041","A"
"4","Trait5","FASTmrMLM","PstI.TP1049354","10","2621811","-3.4565e-05","0.0076","G"
"4","Trait5","FASTmrMLM","NsiI.TP502444","10","2623450","-2.9167e-05","0.0064","A"
"4","Trait5","FASTmrMLM","PstI.TP1210063","10","2641652","-2.5415e-05","0.0056","A"
"4","Trait5","FASTmrMLM","NsiI.TP113145","10","2711069","0.0942","0.6708","A"
"4","Trait5","FASTmrMLM","PstI.TP1010603","10","2711515","-0.0548","0.8027","C"
"4","Trait5","FASTmrMLM","PstI.TP287434","10","2711554","6.7383e-06","0.0015","C"
"4","Trait5","FASTmrMLM","PstI.TP343474","10","2711603","1.0013e-05","0.0022","A"
"4","Trait5","FASTmrMLM","NsiI.TP764823","10","2714822","-9.1222e-06","0.002","C"
"4","Trait5","FASTmrMLM","NsiI.TP427013","10","2715156","0.0601","0.6033","A"
"4","Trait5","FASTmrMLM","NsiI.TP131057","10","2772083","-2.9059e-05","0.0064","C"
"4","Trait5","FASTmrMLM","PstI.TP620517","10","2806022","1.6075e-05","0.0035","C"
"4","Trait5","FASTmrMLM","PstI.TP914732","10","2832324","5.8685e-06","0.0013","G"
"4","Trait5","FASTmrMLM","PstI.TP786563","10","2881825","-0.0197","0.2091","A"
"4","Trait5","FASTmrMLM","NsiI.TP626888","10","2882779","0.0279","0.2074","A"
"4","Trait5","FASTmrMLM","NsiI.TP647378","10","2899276","1.882e-05","0.0041","C"
"4","Trait5","FASTmrMLM","NsiI.TP673360","10","2902628","3.346e-06","7e-04","A"
"4","Trait5","FASTmrMLM","PstI.TP1100036","10","2927257","9.3356e-06","0.002","A"
"4","Trait5","FASTmrMLM","NsiI.TP328323","10","2968652","0.0952","0.7481","C"
"4","Trait5","FASTmrMLM","NsiI.TP159943","10","2996596","-1.0839e-05","0.0024","A"
"4","Trait5","FASTmrMLM","NsiI.TP348280","10","2996774","-1.3724e-05","0.003","C"
"4","Trait5","FASTmrMLM","NsiI.TP249293","10","3006315","-1.4634e-05","0.0032","A"
"4","Trait5","FASTmrMLM","PstI.TP326019","10","3011971","3.739e-05","0.0082","C"
"4","Trait5","FASTmrMLM","PstI.TP735348","10","3073327","-4.7395e-06","0.001","C"
"4","Trait5","FASTmrMLM","PstI.TP583995","10","3085156","-2.1246e-06","5e-04","A"
"4","Trait5","FASTmrMLM","PstI.TP981281","10","3085207","-9.9506e-06","0.0022","A"
"4","Trait5","FASTmrMLM","PstI.TP981390","10","3085250","2.0987e-05","0.0046","C"
"4","Trait5","FASTmrMLM","PstI.TP742540","10","3085391","3.2007e-05","0.007","A"
"4","Trait5","FASTmrMLM","PstI.TP471711","10","3085436","-0.0579","0.4644","C"
"4","Trait5","FASTmrMLM","PstI.TP904837","10","3103074","2.2843e-05","0.005","C"
"4","Trait5","FASTmrMLM","PstI.TP14467","10","3103147","-1.0123e-05","0.0022","A"
"4","Trait5","FASTmrMLM","NsiI.TP722119","10","3107962","4.9566e-06","0.0011","A"
"4","Trait5","FASTmrMLM","PstI.TP121030","10","3107964","-0.0887","0.6056","A"
"4","Trait5","FASTmrMLM","PstI.TP904839","10","3116773","-1.7588e-05","0.0038","A"
"4","Trait5","FASTmrMLM","PstI.TP955694","10","3123370","1.0312e-05","0.0022","A"
"4","Trait5","FASTmrMLM","PstI.TP979341","10","3133345","-1.4074e-05","0.0031","C"
"4","Trait5","FASTmrMLM","PstI.TP483610","10","3169049","-1.5884e-06","3e-04","C"
"4","Trait5","FASTmrMLM","PstI.TP724256","10","3169797","2.5456e-05","0.0056","A"
"4","Trait5","FASTmrMLM","PstI.TP969406","10","3207980","-0.1245","0.6872","A"
"4","Trait5","FASTmrMLM","NsiI.TP29432","10","3212653","-1e-04","0.0107","G"
"4","Trait5","FASTmrMLM","PstI.TP403739","10","3217467","-6.1542e-06","0.0013","A"
"4","Trait5","FASTmrMLM","NsiI.TP736628","10","3220056","1.6486e-05","0.0036","A"
"4","Trait5","FASTmrMLM","PstI.TP1057582","10","3233249","-0.0694","0.5572","G"
"4","Trait5","FASTmrMLM","GFSSContig18342_909","10","3233637","-1.2022e-05","0.0026","A"
"4","Trait5","FASTmrMLM","PstI.TP977650","10","3236503","-7.5297e-06","0.0016","A"
"4","Trait5","FASTmrMLM","PstI.TP977649","10","3236506","-0.3531","1.3147","A"
"4","Trait5","FASTmrMLM","NsiI.TP783302","10","3253711","-2.4159e-06","5e-04","C"
"4","Trait5","FASTmrMLM","NsiI.TP32689","10","3254905","-2.1261e-07","4.6279e-05","A"
"4","Trait5","FASTmrMLM","NsiI.TP248664","10","3270915","-0.0658","0.8941","C"
"4","Trait5","FASTmrMLM","PstI.TP896365","10","3291473","0.0081","0.1551","A"
"4","Trait5","FASTmrMLM","NsiI.TP73032","10","3314569","-1.1231e-05","0.0025","C"
"4","Trait5","FASTmrMLM","NsiI.TP73031","10","3314572","-0.068","0.6619","A"
"4","Trait5","FASTmrMLM","NsiI.TP179386","10","3314649","2e-04","0.0091","C"
"4","Trait5","FASTmrMLM","NsiI.TP825346","10","3317249","3.308e-05","0.0073","A"
"4","Trait5","FASTmrMLM","NsiI.TP521308","10","3327112","-1.3718e-06","3e-04","C"
"4","Trait5","FASTmrMLM","NsiI.TP406783","10","3329382","-1.9266e-05","0.0042","A"
"4","Trait5","FASTmrMLM","PstI.TP1275061","10","3392910","-0.0795","0.7148","G"
"4","Trait5","FASTmrMLM","NsiI.TP494705","10","3473173","-1.33e-05","0.0029","A"
"4","Trait5","FASTmrMLM","PstI.TP130605","10","3473673","0.1142","0.4814","A"
"4","Trait5","FASTmrMLM","NsiI.TP54524","10","3482987","-0.0748","0.7902","A"
"4","Trait5","FASTmrMLM","NsiI.TP522318","10","3483785","-0.1013","0.9927","G"
"4","Trait5","FASTmrMLM","PstI.TP752945","10","3490096","-6.1868e-07","1e-04","G"
"4","Trait5","FASTmrMLM","NsiI.TP510014","10","3497449","6.3094e-07","1e-04","A"
"4","Trait5","FASTmrMLM","NsiI.TP515229","10","3516607","1.7299e-05","0.0038","A"
"4","Trait5","FASTmrMLM","NsiI.TP137264","10","3527878","-1.1295e-05","0.0025","C"
"4","Trait5","FASTmrMLM","NsiI.TP220241","10","3561444","2.2277e-05","0.0049","G"
"4","Trait5","FASTmrMLM","PstI.TP276899","10","3566207","0.0578","0.2998","C"
"4","Trait5","FASTmrMLM","PstI.TP114014","10","3591855","1.0704e-05","0.0023","A"
"4","Trait5","FASTmrMLM","PstI.TP681549","10","3614188","1.5823e-05","0.0035","C"
"4","Trait5","FASTmrMLM","PstI.TP933399","10","3629328","-2.6354e-05","0.0058","C"
"4","Trait5","FASTmrMLM","PstI.TP295647","10","3634905","1.0248e-05","0.0022","A"
"4","Trait5","FASTmrMLM","GFSSContig20177_2650","10","3636801","-1.6601e-05","0.0036","C"
"4","Trait5","FASTmrMLM","PstI.TP818751","10","3663758","-1.4583e-05","0.0032","C"
"4","Trait5","FASTmrMLM","PstI.TP548015","10","3664296","0.0857","0.6321","A"
"4","Trait5","FASTmrMLM","PstI.TP221910","10","3675003","1.4102e-06","3e-04","C"
"4","Trait5","FASTmrMLM","NsiI.TP21395","10","3686578","2.4426e-05","0.0053","C"
"4","Trait5","FASTmrMLM","PstI.TP766214","10","3686675","-8.442e-06","0.0018","A"
"4","Trait5","FASTmrMLM","PstI.TP793558","10","3692995","-2.0972e-06","5e-04","A"
"4","Trait5","FASTmrMLM","NsiI.TP799897","10","3719844","9.997e-07","2e-04","C"
"4","Trait5","FASTmrMLM","PstI.TP123912","10","3735433","-0.0293","0.354","A"
"4","Trait5","FASTmrMLM","NsiI.TP590979","10","3740761","0.2028","1.4575","G"
"4","Trait5","FASTmrMLM","NsiI.TP768203","10","3746144","-6.795e-07","1e-04","A"
"4","Trait5","FASTmrMLM","NsiI.TP768204","10","3746144","-0.0349","0.1646","A"
"4","Trait5","FASTmrMLM","NsiI.TP230677","10","3772506","-0.0598","0.7031","G"
"4","Trait5","FASTmrMLM","PstI.TP522026","10","3778532","-5.1007e-06","0.0011","A"
"4","Trait5","FASTmrMLM","NsiI.TP222544","10","3827470","-9.038e-06","0.002","C"
"4","Trait5","FASTmrMLM","NsiI.TP475692","10","3858966","-0.065","0.5782","C"
"4","Trait5","FASTmrMLM","PstI.TP835929","10","3862305","-4.5218e-06","0.001","A"
"4","Trait5","FASTmrMLM","PstI.TP797318","10","3862344","9.1817e-06","0.002","C"
"4","Trait5","FASTmrMLM","PstI.TP692582","10","3863701","7e-04","0.0199","A"
"4","Trait5","FASTmrMLM","PstI.TP342724","10","3898496","-3.1711e-05","0.007","A"
"4","Trait5","FASTmrMLM","PstI.TP418768","10","3927551","2.3547e-05","0.0052","A"
"4","Trait5","FASTmrMLM","NsiI.TP633021","10","3938528","1.0671e-05","0.0023","C"
"4","Trait5","FASTmrMLM","PstI.TP1031675","10","3939805","-2.2196e-06","5e-04","A"
"4","Trait5","FASTmrMLM","PstI.TP221021","10","3957228","1.6151e-05","0.0035","A"
"4","Trait5","FASTmrMLM","PstI.TP174387","10","3977294","1.8326e-05","0.004","C"
"4","Trait5","FASTmrMLM","NsiI.TP237501","10","3978732","-0.0447","0.3902","C"
"4","Trait5","FASTmrMLM","NsiI.TP799097","10","3986921","-0.1984","1.1645","A"
"4","Trait5","FASTmrMLM","NsiI.TP353198","10","4010629","-8.9835e-06","0.002","A"
"4","Trait5","FASTmrMLM","PstI.TP542812","10","4048134","-0.1465","0.59","A"
"4","Trait5","FASTmrMLM","PstI.TP1118642","10","4048282","7.8599e-05","0.0088","A"
"4","Trait5","FASTmrMLM","PstI.TP1269843","10","4058222","-3.943e-05","0.0087","A"
"4","Trait5","FASTmrMLM","PstI.TP1102550","10","4061091","-2.4997e-06","5e-04","A"
"4","Trait5","FASTmrMLM","PstI.TP946244","10","4075442","-0.0912","0.4546","A"
"4","Trait5","FASTmrMLM","PstI.TP1179217","10","4121517","7.1743e-06","0.0016","A"
"4","Trait5","FASTmrMLM","PstI.TP823178","10","4123148","0.0395","0.4583","C"
"4","Trait5","FASTmrMLM","PstI.TP1285661","10","4172212","-1.7099e-05","0.0037","G"
"4","Trait5","FASTmrMLM","PstI.TP218468","10","4195799","1.3338e-05","0.0029","A"
"4","Trait5","FASTmrMLM","NsiI.TP322932","10","4207320","1.1942e-05","0.0026","A"
"4","Trait5","FASTmrMLM","NsiI.TP188814","10","4222455","5.0055e-06","0.0011","C"
"4","Trait5","FASTmrMLM","PstI.TP289780","10","4227965","-8.6081e-06","0.0019","C"
"4","Trait5","FASTmrMLM","PstI.TP844654","10","4228048","2.8909e-05","0.0063","C"
"4","Trait5","FASTmrMLM","PstI.TP1106154","10","4229336","5.3553e-06","0.0012","C"
"4","Trait5","FASTmrMLM","PstI.TP1173584","10","4234171","-4.4473e-05","0.0071","A"
"4","Trait5","FASTmrMLM","PstI.TP118419","10","4244880","1.1012e-05","0.0024","A"
"4","Trait5","FASTmrMLM","NsiI.TP776416","10","4253367","-2.4431e-05","0.0054","C"
"4","Trait5","FASTmrMLM","NsiI.TP565087","10","4268807","-1.2499e-05","0.0027","G"
"4","Trait5","FASTmrMLM","PstI.TP1294713","10","4269426","-2.1443e-06","5e-04","C"
"4","Trait5","FASTmrMLM","NsiI.TP635657","10","4289511","-7.3169e-06","0.0016","A"
"4","Trait5","FASTmrMLM","PstI.TP698926","10","4293924","-1.7832e-05","0.0039","A"
"4","Trait5","FASTmrMLM","PstI.TP494123","10","4301743","-2.2602e-05","0.0049","A"
"4","Trait5","FASTmrMLM","PstI.TP838076","10","4315606","9.9544e-07","2e-04","A"
"4","Trait5","FASTmrMLM","PstI.TP798247","10","4317874","3.6285e-05","0.008","C"
"4","Trait5","FASTmrMLM","PstI.TP143955","10","4325304","-0.1707","1.6446","A"
"4","Trait5","FASTmrMLM","NsiI.TP150290","10","4327574","0.0092","0.1421","G"
"4","Trait5","FASTmrMLM","PstI.TP113599","10","4339527","0.104","0.5479","C"
"4","Trait5","FASTmrMLM","NsiI.TP821710","10","4340547","-6.7249e-06","0.0015","C"
"4","Trait5","FASTmrMLM","NsiI.TP190637","10","4354965","-3.8659e-05","0.0065","A"
"4","Trait5","FASTmrMLM","NsiI.TP3674","10","4355656","0.1886","1.024","C"
"4","Trait5","FASTmrMLM","PstI.TP69953","10","4380070","9.3948e-06","0.002","A"
"4","Trait5","FASTmrMLM","NsiI.TP520722","10","4380167","3.2309e-05","0.0071","A"
"4","Trait5","FASTmrMLM","NsiI.TP307113","10","4465764","0.0079","0.1594","C"
"4","Trait5","FASTmrMLM","NsiI.TP288846","10","4465774","8.7336e-06","0.0019","A"
"4","Trait5","FASTmrMLM","NsiI.TP433094","10","4470964","-0.1435","0.6306","C"
"4","Trait5","FASTmrMLM","PstI.TP939013","10","4472938","8.1379e-06","0.0018","A"
"4","Trait5","FASTmrMLM","PstI.TP692809","10","4475068","2.6174e-05","0.0057","C"
"4","Trait5","FASTmrMLM","PstI.TP780019","10","4475781","4.644e-06","0.001","A"
"4","Trait5","FASTmrMLM","PstI.TP723923","10","4478246","-8.9985e-06","0.002","A"
"4","Trait5","FASTmrMLM","NsiI.TP109159","10","4481016","-0.0103","0.1832","C"
"4","Trait5","FASTmrMLM","PstI.TP517739","10","4487252","-1.5997e-05","0.0035","A"
"4","Trait5","FASTmrMLM","PstI.TP340122","10","4495848","3.4973e-05","0.0077","C"
"4","Trait5","FASTmrMLM","NsiI.TP761430","10","4591979","8.9302e-06","0.0019","A"
"4","Trait5","FASTmrMLM","PstI.TP372327","10","4603364","-0.08","0.8599","C"
"4","Trait5","FASTmrMLM","PstI.TP929770","10","4612901","-1.597e-05","0.0035","C"
"4","Trait5","FASTmrMLM","PstI.TP730560","10","4637084","0.1456","0.9902","A"
"4","Trait5","FASTmrMLM","PstI.TP1129352","10","4682258","4.2657e-06","9e-04","C"
"4","Trait5","FASTmrMLM","PstI.TP422970","10","4700550","-0.0312","0.3834","C"
"4","Trait5","FASTmrMLM","NsiI.TP426726","10","4706369","-0.304","2.0018","A"
"4","Trait5","FASTmrMLM","NsiI.TP62729","10","4707002","2.1459e-05","0.0047","A"
"4","Trait5","FASTmrMLM","PstI.TP1036810","10","4707282","0.0354","0.2776","C"
"4","Trait5","FASTmrMLM","PstI.TP671936","10","4740860","6.1357e-07","1e-04","C"
"4","Trait5","FASTmrMLM","NsiI.TP645258","10","4741412","-1.3364e-05","0.0029","G"
"4","Trait5","FASTmrMLM","PstI.TP538321","10","4746362","-1.7835e-06","4e-04","A"
"4","Trait5","FASTmrMLM","PstI.TP1052203","10","4773286","-3.0746e-06","7e-04","A"
"4","Trait5","FASTmrMLM","NsiI.TP551597","10","4780251","5.5919e-06","0.0012","C"
"4","Trait5","FASTmrMLM","PstI.TP507239","10","4780432","-8.7738e-05","0.0072","A"
"4","Trait5","FASTmrMLM","NsiI.TP218853","10","4813740","-2.8188e-06","6e-04","C"
"4","Trait5","FASTmrMLM","PstI.TP130434","10","4822323","-0.0734","0.6538","C"
"4","Trait5","FASTmrMLM","PstI.TP51555","10","4842549","1.1615e-05","0.0025","C"
"4","Trait5","FASTmrMLM","PstI.TP143189","10","4870950","-3.1139e-06","7e-04","A"
"4","Trait5","FASTmrMLM","PstI.TP143690","10","4870981","1.6356e-05","0.0036","A"
"4","Trait5","FASTmrMLM","PstI.TP1029829","10","4875238","-0.0797","0.5574","A"
"4","Trait5","FASTmrMLM","PstI.TP1156107","10","4914081","1.3377e-05","0.0029","G"
"4","Trait5","FASTmrMLM","NsiI.TP150799","10","4922940","3.5446e-05","0.0078","C"
"4","Trait5","FASTmrMLM","NsiI.TP54706","10","4933944","-8.3537e-06","0.0018","A"
"4","Trait5","FASTmrMLM","NsiI.TP692702","10","4991168","6.1364e-06","0.0013","A"
"4","Trait5","FASTmrMLM","PstI.TP65588","10","5002506","3.0067e-05","0.0056","A"
"4","Trait5","FASTmrMLM","PstI.TP1049155","10","5002819","-4.9569e-06","0.0011","A"
"4","Trait5","FASTmrMLM","PstI.TP464868","10","5032593","-4.2263e-06","9e-04","A"
"4","Trait5","FASTmrMLM","PstI.TP1181232","10","5037186","0.011","0.1481","C"
"4","Trait5","FASTmrMLM","PstI.TP488112","10","5048135","-2.7654e-05","0.0061","C"
"4","Trait5","FASTmrMLM","PstI.TP645361","10","5054133","-1.8236e-05","0.004","A"
"4","Trait5","FASTmrMLM","PstI.TP1242439","10","5072276","0.0238","0.2755","A"
"4","Trait5","FASTmrMLM","NsiI.TP519668","10","5077889","9.1957e-07","2e-04","C"
"4","Trait5","FASTmrMLM","PstI.TP13101","10","5083417","-9.4972e-06","0.0021","G"
"4","Trait5","FASTmrMLM","GFSSContig12758_758","10","5104462","-2.3152e-05","0.0051","A"
"4","Trait5","FASTmrMLM","PstI.TP831544","10","5137704","0.1097","1.0313","C"
"4","Trait5","FASTmrMLM","PstI.TP1139226","10","5138549","-5.1794e-06","0.0011","G"
"4","Trait5","FASTmrMLM","PstI.TP531549","10","5158579","-2.3964e-06","5e-04","A"
"4","Trait5","FASTmrMLM","NsiI.TP500416","10","5199264","1.6804e-06","4e-04","C"
"4","Trait5","FASTmrMLM","PstI.TP815303","10","5200343","3.766e-06","8e-04","C"
"4","Trait5","FASTmrMLM","PstI.TP751889","10","5209918","-1.8863e-05","0.0041","A"
"4","Trait5","FASTmrMLM","PstI.TP386698","10","5216216","3.3414e-05","0.0073","A"
"4","Trait5","FASTmrMLM","NsiI.TP404859","10","5224705","-0.0281","0.179","C"
"4","Trait5","FASTmrMLM","NsiI.TP440924","10","5257622","0.1587","0.7042","C"
"4","Trait5","FASTmrMLM","PstI.TP8793","10","5273014","0.0739","0.4031","A"
"4","Trait5","FASTmrMLM","NsiI.TP826229","10","5278945","-1.4806e-05","0.0032","C"
"4","Trait5","FASTmrMLM","NsiI.TP415542","10","5279174","5.9354e-06","0.0013","C"
"4","Trait5","FASTmrMLM","NsiI.TP437981","10","5340957","-2.6101e-05","0.0057","A"
"4","Trait5","FASTmrMLM","NsiI.TP422808","10","5343480","7.4249e-06","0.0016","A"
"4","Trait5","FASTmrMLM","PstI.TP916570","10","5348366","0.148","0.6365","A"
"4","Trait5","FASTmrMLM","PstI.TP231978","10","5373474","0.1647","1.2358","C"
"4","Trait5","FASTmrMLM","NsiI.TP237545","10","5377137","0.0078","0.1537","A"
"4","Trait5","FASTmrMLM","PstI.TP203273","10","5396538","7.8643e-06","0.0017","A"
"4","Trait5","FASTmrMLM","NsiI.TP272474","10","5399501","-2.0323e-05","0.0044","A"
"4","Trait5","FASTmrMLM","PstI.TP1027226","10","5400847","9.581e-06","0.0021","C"
"4","Trait5","FASTmrMLM","PstI.TP1185402","10","5448657","0.3046","1.6036","A"
"4","Trait5","FASTmrMLM","PstI.TP1264238","10","5451657","0.0183","0.192","C"
"4","Trait5","FASTmrMLM","PstI.TP112231","10","5464565","-1.2277e-05","0.0027","A"
"4","Trait5","FASTmrMLM","PstI.TP353963","10","5509582","8.9783e-06","0.002","A"
"4","Trait5","FASTmrMLM","PstI.TP177753","10","5524764","-1.3752e-05","0.003","A"
"4","Trait5","FASTmrMLM","PstI.TP177752","10","5524783","-2.0021e-05","0.0044","C"
"4","Trait5","FASTmrMLM","NsiI.TP553463","10","5531853","-0.2427","1.4119","A"
"4","Trait5","FASTmrMLM","PstI.TP594857","10","5544594","3.256e-05","0.0071","G"
"4","Trait5","FASTmrMLM","PstI.TP99687","10","5558897","0.0378","0.3586","C"
"4","Trait5","FASTmrMLM","PstI.TP467105","10","5623737","-3.0643e-05","0.0067","C"
"4","Trait5","FASTmrMLM","PstI.TP467100","10","5623750","8.9338e-06","0.0019","A"
"4","Trait5","FASTmrMLM","PstI.TP604956","10","5628757","0.0118","0.155","A"
"4","Trait5","FASTmrMLM","NsiI.TP435665","10","5628899","-0.0452","0.4858","C"
"4","Trait5","FASTmrMLM","NsiI.TP549926","10","5654689","5.0268e-06","0.0011","C"
"4","Trait5","FASTmrMLM","NsiI.TP369408","10","5657699","-1.1327e-05","0.0025","A"
"4","Trait5","FASTmrMLM","NsiI.TP543845","10","5657990","7.7463e-06","0.0017","A"
"4","Trait5","FASTmrMLM","NsiI.TP243846","10","5688536","0.0861","0.5454","C"
"4","Trait5","FASTmrMLM","NsiI.TP476127","10","5702052","-0.0315","0.4097","A"
"4","Trait5","FASTmrMLM","NsiI.TP730788","10","5707639","8.6546e-06","0.0019","A"
"4","Trait5","FASTmrMLM","PstI.TP299543","10","5718886","-0.1207","0.5174","A"
"4","Trait5","FASTmrMLM","NsiI.TP620943","10","5743005","1.7782e-06","4e-04","C"
"4","Trait5","FASTmrMLM","PstI.TP1126063","10","5769848","-0.1308","0.8654","A"
"4","Trait5","FASTmrMLM","PstI.TP1276468","10","5770472","1.4758e-05","0.0032","C"
"4","Trait5","FASTmrMLM","PstI.TP829793","10","5798289","-0.0381","0.2458","A"
"4","Trait5","FASTmrMLM","PstI.TP708539","10","5883045","-1.954e-06","4e-04","A"
"4","Trait5","FASTmrMLM","NsiI.TP432157","10","5919237","7.6163e-06","0.0017","C"
"4","Trait5","FASTmrMLM","NsiI.TP218143","10","5920460","-5.9061e-06","0.0013","A"
"4","Trait5","FASTmrMLM","PstI.TP673587","10","5920586","-1.7541e-05","0.0038","G"
"4","Trait5","FASTmrMLM","PstI.TP860862","10","5931116","2.2146e-05","0.0048","G"
"4","Trait5","FASTmrMLM","PstI.TP235577","10","5940234","-9.3567e-07","2e-04","C"
"4","Trait5","FASTmrMLM","PstI.TP1045077","10","5945708","0.0456","0.3903","A"
"4","Trait5","FASTmrMLM","PstI.TP833712","10","5951604","0.0869","0.4642","C"
"4","Trait5","FASTmrMLM","PstI.TP58120","10","5955314","-2.0537e-05","0.0045","A"
"4","Trait5","FASTmrMLM","NsiI.TP473803","10","5957133","9.1328e-06","0.002","A"
"4","Trait5","FASTmrMLM","PstI.TP14516","10","5964783","8.6626e-06","0.0019","A"
"4","Trait5","FASTmrMLM","NsiI.TP557415","10","6012466","-0.0453","0.3599","A"
"4","Trait5","FASTmrMLM","NsiI.TP433359","10","6012505","-0.0961","0.498","C"
"4","Trait5","FASTmrMLM","PstI.TP903649","10","6013128","0.1206","0.8412","G"
"4","Trait5","FASTmrMLM","PstI.TP748634","10","6028124","9.7186e-06","0.0021","A"
"4","Trait5","FASTmrMLM","PstI.TP534002","10","6039846","0.0715","0.5907","C"
"4","Trait5","FASTmrMLM","PstI.TP186628","10","6039925","-9.3915e-06","0.002","C"
"4","Trait5","FASTmrMLM","PstI.TP21799","10","6041147","-9.7817e-06","0.0021","C"
"4","Trait5","FASTmrMLM","PstI.TP447641","10","6043610","-2.3623e-06","5e-04","A"
"4","Trait5","FASTmrMLM","GFSSContig18577_709","10","6058951","-1.2518e-05","0.0027","T"
"4","Trait5","FASTmrMLM","PstI.TP169712","10","6068006","-7.5257e-07","2e-04","C"
"4","Trait5","FASTmrMLM","PstI.TP1212372","10","6070004","-0.0356","0.3074","A"
"4","Trait5","FASTmrMLM","PstI.TP235460","10","6083141","6.2099e-05","0.0087","A"
"4","Trait5","FASTmrMLM","PstI.TP1165721","10","6185272","-1.0947e-05","0.0024","C"
"4","Trait5","FASTmrMLM","PstI.TP752015","10","6283799","2.2079e-06","5e-04","C"
"4","Trait5","FASTmrMLM","PstI.TP409313","10","6298595","-0.0279","0.2032","A"
"4","Trait5","FASTmrMLM","PstI.TP114415","10","6298864","4.1216e-05","0.0091","A"
"4","Trait5","FASTmrMLM","NsiI.TP391697","10","6300358","3.5761e-05","0.0079","C"
"4","Trait5","FASTmrMLM","NsiI.TP152872","10","6300840","4.6486e-05","0.0102","A"
"4","Trait5","FASTmrMLM","PstI.TP265447","10","6324176","-6.4119e-06","0.0014","C"
"4","Trait5","FASTmrMLM","PstI.TP275384","10","6327741","0.0084","0.167","C"
"4","Trait5","FASTmrMLM","PstI.TP289975","10","6356180","-0.062","0.4267","A"
"4","Trait5","FASTmrMLM","NsiI.TP413162","10","6375149","6.8538e-07","1e-04","C"
"4","Trait5","FASTmrMLM","PstI.TP835414","10","6396000","-6.5471e-06","0.0014","C"
"4","Trait5","FASTmrMLM","PstI.TP1086230","10","6420846","0.0117","0.2069","A"
"4","Trait5","FASTmrMLM","NsiI.TP457252","10","6438481","1.6136e-05","0.0035","C"
"4","Trait5","FASTmrMLM","PstI.TP49615","10","6452458","0.0705","0.7102","C"
"4","Trait5","FASTmrMLM","PstI.TP402304","10","6466659","-1.1776e-05","0.0026","A"
"4","Trait5","FASTmrMLM","PstI.TP1128037","10","6472705","0.0795","0.4165","A"
"4","Trait5","FASTmrMLM","NsiI.TP411721","10","6477592","5.2442e-06","0.0011","C"
"4","Trait5","FASTmrMLM","NsiI.TP440694","10","6482395","0.2521","1.1703","C"
"4","Trait5","FASTmrMLM","PstI.TP450983","10","6486207","-1.8835e-05","0.0041","A"
"4","Trait5","FASTmrMLM","PstI.TP250354","10","6510934","1.0514e-05","0.0023","A"
"4","Trait5","FASTmrMLM","NsiI.TP394246","10","6514301","6.3097e-06","0.0014","A"
"4","Trait5","FASTmrMLM","NsiI.TP216159","10","6514871","5.3046e-06","0.0012","C"
"4","Trait5","FASTmrMLM","PstI.TP915789","10","6528089","-2.1164e-05","0.0046","A"
"4","Trait5","FASTmrMLM","NsiI.TP362207","10","6556039","-1.947e-05","0.0043","A"
"4","Trait5","FASTmrMLM","PstI.TP738082","10","6556740","-0.5923","2.0765","C"
"4","Trait5","FASTmrMLM","NsiI.TP130101","10","6564191","4.0439e-06","9e-04","G"
"4","Trait5","FASTmrMLM","NsiI.TP528304","10","6564489","-0.2723","1.564","A"
"4","Trait5","FASTmrMLM","PstI.TP976107","10","6564660","-2.0619e-05","0.0045","A"
"4","Trait5","FASTmrMLM","PstI.TP347454","10","6564726","0.0204","0.228","C"
"4","Trait5","FASTmrMLM","PstI.TP419718","10","6605033","2.2669e-05","0.005","C"
"4","Trait5","FASTmrMLM","PstI.TP265395","10","6606861","4.0886e-06","9e-04","A"
"4","Trait5","FASTmrMLM","PstI.TP1078214","10","6639662","0.0127","0.1561","G"
"4","Trait5","FASTmrMLM","NsiI.TP443003","10","6643993","3.227e-07","7.0231e-05","C"
"4","Trait5","FASTmrMLM","PstI.TP179163","10","6653472","2.3234e-06","5e-04","C"
"4","Trait5","FASTmrMLM","NsiI.TP212273","10","6661119","-0.1771","0.9002","A"
"4","Trait5","FASTmrMLM","PstI.TP1194079","10","6667861","-0.064","0.6626","A"
"4","Trait5","FASTmrMLM","NsiI.TP386688","10","6695957","-2.7859e-05","0.0061","C"
"4","Trait5","FASTmrMLM","PstI.TP700311","10","6704749","-1.9507e-05","0.0043","C"
"4","Trait5","FASTmrMLM","PstI.TP797039","10","6739376","-0.0732","0.5087","G"
"4","Trait5","FASTmrMLM","PstI.TP852620","10","6797132","0.0274","0.1446","C"
"4","Trait5","FASTmrMLM","PstI.TP759029","10","6797717","3e-04","0.0159","C"
"4","Trait5","FASTmrMLM","PstI.TP10379","10","6798646","0.0449","0.5633","C"
"4","Trait5","FASTmrMLM","NsiI.TP160941","10","6807667","0.2235","1.3251","A"
"4","Trait5","FASTmrMLM","NsiI.TP430635","10","6817921","2.38e-05","0.003","G"
"4","Trait5","FASTmrMLM","NsiI.TP222743","10","6819373","2.9903e-05","0.0066","G"
"4","Trait5","FASTmrMLM","NsiI.TP25493","10","6857854","-1.7418e-05","0.0038","A"
"4","Trait5","FASTmrMLM","PstI.TP802153","10","6858193","0.1498","1.188","C"
"4","Trait5","FASTmrMLM","NsiI.TP571386","10","6868370","0.0959","1.0444","C"
"4","Trait5","FASTmrMLM","NsiI.TP347022","10","6891033","-4.55e-05","0.01","C"
"4","Trait5","FASTmrMLM","NsiI.TP710122","10","6910876","4.3866e-05","0.0097","G"
"4","Trait5","FASTmrMLM","PstI.TP32222","10","6922453","0.0133","0.1869","C"
"4","Trait5","FASTmrMLM","PstI.TP675074","10","6938520","-1.0391e-05","0.0023","A"
"4","Trait5","FASTmrMLM","PstI.TP795847","10","6944290","0.0575","0.6955","A"
"4","Trait5","FASTmrMLM","PstI.TP1110378","10","7024377","0.0408","0.3947","A"
"4","Trait5","FASTmrMLM","NsiI.TP285360","10","7040908","-1.9637e-05","0.0043","A"
"4","Trait5","FASTmrMLM","PstI.TP1140202","10","7042617","-8.8239e-06","0.0019","C"
"4","Trait5","FASTmrMLM","PstI.TP291795","10","7053222","6.1304e-06","0.0013","C"
"4","Trait5","FASTmrMLM","PstI.TP673266","10","7053304","7.1038e-06","0.0015","A"
"4","Trait5","FASTmrMLM","PstI.TP193150","10","7074117","-1.7902e-05","0.0039","A"
"4","Trait5","FASTmrMLM","PstI.TP510424","10","7091437","-0.047","0.3928","A"
"4","Trait5","FASTmrMLM","PstI.TP709777","10","7096820","-0.0305","0.2735","A"
"4","Trait5","FASTmrMLM","PstI.TP594696","10","7119016","-1.5348e-05","0.0034","G"
"4","Trait5","FASTmrMLM","PstI.TP19278","10","7138937","1.589e-05","0.0035","C"
"4","Trait5","FASTmrMLM","NsiI.TP299143","10","7147645","-1.1093e-05","0.0024","A"
"4","Trait5","FASTmrMLM","NsiI.TP123073","10","7170270","4.394e-07","9.5629e-05","C"
"4","Trait5","FASTmrMLM","PstI.TP123530","10","7243969","-2.6591e-06","6e-04","A"
"4","Trait5","FASTmrMLM","GFSSContig11002_434","10","7263424","-1.6321e-05","0.0036","T"
"4","Trait5","FASTmrMLM","NsiI.TP121207","10","7304029","-8.9196e-06","0.0019","A"
"4","Trait5","FASTmrMLM","PstI.TP626338","10","7419457","-5.1555e-06","0.0011","C"
"4","Trait5","FASTmrMLM","NsiI.TP752201","10","7427130","-0.073","0.4098","C"
"4","Trait5","FASTmrMLM","PstI.TP192975","10","7433028","-3.6864e-05","0.0081","G"
"4","Trait5","FASTmrMLM","NsiI.TP55214","10","7438176","0.1702","0.8077","C"
"4","Trait5","FASTmrMLM","NsiI.TP56711","10","7438210","0.0414","0.3263","A"
"4","Trait5","FASTmrMLM","PstI.TP49215","10","7440436","-5.9241e-06","0.0013","C"
"4","Trait5","FASTmrMLM","NsiI.TP139512","10","7445722","-2.3225e-05","0.0051","G"
"4","Trait5","FASTmrMLM","NsiI.TP465277","10","7478080","-9.9974e-06","0.0022","A"
"4","Trait5","FASTmrMLM","PstI.TP204175","10","7481307","7.2182e-06","0.0016","C"
"4","Trait5","FASTmrMLM","NsiI.TP296881","10","7488785","-0.2203","1.54","G"
"4","Trait5","FASTmrMLM","PstI.TP751867","10","7495716","-0.0364","0.2633","A"
"4","Trait5","FASTmrMLM","PstI.TP1231727","10","7512201","1.6434e-05","0.0036","G"
"4","Trait5","FASTmrMLM","PstI.TP205915","10","7512309","0.0327","0.3945","C"
"4","Trait5","FASTmrMLM","PstI.TP100648","10","7512918","2.7699e-08","6.0278e-06","A"
"4","Trait5","FASTmrMLM","PstI.TP4865","10","7516648","6.3738e-07","1e-04","C"
"4","Trait5","FASTmrMLM","PstI.TP149587","10","7615825","-5.9889e-06","0.0013","G"
"4","Trait5","FASTmrMLM","PstI.TP147227","10","7615847","0.2086","2.1679","A"
"4","Trait5","FASTmrMLM","PstI.TP31446","10","7616306","-9.1988e-06","0.002","C"
"4","Trait5","FASTmrMLM","NsiI.TP439343","10","7616533","-1.1678e-06","3e-04","A"
"4","Trait5","FASTmrMLM","NsiI.TP237844","10","7616535","0.1187","0.6033","A"
"4","Trait5","FASTmrMLM","PstI.TP474246","10","7694364","-8.9067e-06","0.0019","A"
"4","Trait5","FASTmrMLM","PstI.TP922420","10","7725684","-9.6478e-06","0.0021","A"
"4","Trait5","FASTmrMLM","NsiI.TP371534","10","7725684","3.0961e-05","0.0068","G"
"4","Trait5","FASTmrMLM","PstI.TP937644","10","7725693","-0.033","0.2446","C"
"4","Trait5","FASTmrMLM","NsiI.TP429917","10","7770797","7.6875e-06","0.0017","A"
"4","Trait5","FASTmrMLM","NsiI.TP622136","10","7771224","0.2109","1.1558","C"
"4","Trait5","FASTmrMLM","PstI.TP241242","10","7791807","-0.1314","0.8778","A"
"4","Trait5","FASTmrMLM","PstI.TP688236","10","7799795","7.0298e-06","0.0015","C"
"4","Trait5","FASTmrMLM","PstI.TP17559","10","7841596","-2.7212e-05","0.006","A"
"4","Trait5","FASTmrMLM","NsiI.TP388522","10","7860549","1.2878e-05","0.0028","A"
"4","Trait5","FASTmrMLM","NsiI.TP388524","10","7860569","4.1122e-05","0.009","A"
"4","Trait5","FASTmrMLM","NsiI.TP830477","10","7872459","0.155","0.4999","A"
"4","Trait5","FASTmrMLM","PstI.TP479159","10","7872886","-0.0384","0.3426","G"
"4","Trait5","FASTmrMLM","NsiI.TP215678","10","7915314","-1.7468e-05","0.0038","A"
"4","Trait5","FASTmrMLM","PstI.TP22678","10","7915405","1.6813e-06","4e-04","A"
"4","Trait5","FASTmrMLM","PstI.TP780806","10","7917626","-0.0649","0.683","C"
"4","Trait5","FASTmrMLM","PstI.TP1099085","10","7953720","-1.2702e-05","0.0028","C"
"4","Trait5","FASTmrMLM","NsiI.TP27348","10","8026434","-1e-04","0.0104","C"
"4","Trait5","FASTmrMLM","NsiI.TP591509","10","8034703","-9.32e-06","0.002","A"
"4","Trait5","FASTmrMLM","PstI.TP429801","10","8035175","-9.1962e-06","0.002","G"
"4","Trait5","FASTmrMLM","NsiI.TP800779","10","8054128","-0.0616","0.5931","C"
"4","Trait5","FASTmrMLM","NsiI.TP811878","10","8054180","-2.6974e-05","0.0059","A"
"4","Trait5","FASTmrMLM","PstI.TP877857","10","8054551","-1.9119e-05","0.0042","A"
"4","Trait5","FASTmrMLM","NsiI.TP425321","10","8054763","-4.5594e-05","0.01","A"
"4","Trait5","FASTmrMLM","PstI.TP261995","10","8063942","-1.0512e-06","2e-04","A"
"4","Trait5","FASTmrMLM","NsiI.TP41781","10","8068211","1.007e-05","0.0022","G"
"4","Trait5","FASTmrMLM","NsiI.TP41783","10","8068214","-2.0606e-05","0.0045","A"
"4","Trait5","FASTmrMLM","NsiI.TP301361","10","8099842","2.5243e-05","0.0055","G"
"4","Trait5","FASTmrMLM","NsiI.TP301356","10","8099855","-0.0161","0.2287","A"
"4","Trait5","FASTmrMLM","PstI.TP628495","10","8110349","0.0447","0.5333","A"
"4","Trait5","FASTmrMLM","PstI.TP1081624","10","8144011","2.2813e-06","5e-04","C"
"4","Trait5","FASTmrMLM","NsiI.TP430625","10","8144012","0.006","0.1355","C"
"4","Trait5","FASTmrMLM","PstI.TP166292","10","8150237","1.1045e-05","0.0024","C"
"4","Trait5","FASTmrMLM","PstI.TP501971","10","8186495","-0.0347","0.2334","A"
"4","Trait5","FASTmrMLM","PstI.TP297485","10","8192714","0.0337","0.2047","C"
"4","Trait5","FASTmrMLM","PstI.TP297484","10","8192724","-0.0261","0.3285","G"
"4","Trait5","FASTmrMLM","PstI.TP386356","10","8196990","-0.1415","0.9376","C"
"4","Trait5","FASTmrMLM","NsiI.TP228522","10","8197919","-3.0372e-05","0.0067","C"
"4","Trait5","FASTmrMLM","NsiI.TP60801","10","8233136","-0.1011","0.725","A"
"4","Trait5","FASTmrMLM","NsiI.TP697049","10","8233222","-9.2177e-06","0.002","A"
"4","Trait5","FASTmrMLM","PstI.TP1134755","10","8233530","9.6655e-06","0.0021","G"
"4","Trait5","FASTmrMLM","NsiI.TP54714","10","8255635","-0.0095","0.1754","A"
"4","Trait5","FASTmrMLM","NsiI.TP492189","10","8261222","-1.3872e-05","0.003","A"
"4","Trait5","FASTmrMLM","PstI.TP341083","10","8262385","0.056","0.3985","A"
"4","Trait5","FASTmrMLM","NsiI.TP16145","10","8279132","1.6197e-05","0.0035","A"
"4","Trait5","FASTmrMLM","NsiI.TP716131","10","8297014","-0.1805","0.9447","A"
"4","Trait5","FASTmrMLM","PstI.TP750230","10","8308664","-8.0343e-06","0.0018","C"
"4","Trait5","FASTmrMLM","NsiI.TP745333","10","8344908","-0.0701","0.3617","C"
"4","Trait5","FASTmrMLM","NsiI.TP166636","10","8349937","8.6011e-07","2e-04","C"
"4","Trait5","FASTmrMLM","NsiI.TP493402","10","8423090","1.4201e-05","0.0031","A"
"4","Trait5","FASTmrMLM","PstI.TP863248","10","8480238","0.1038","0.4094","A"
"4","Trait5","FASTmrMLM","NsiI.TP31391","10","8519156","-2e-04","0.0136","A"
"4","Trait5","FASTmrMLM","PstI.TP808887","10","8526597","3.4167e-06","7e-04","C"
"4","Trait5","FASTmrMLM","PstI.TP507502","10","8533811","1.1601e-05","0.0025","C"
"4","Trait5","FASTmrMLM","NsiI.TP409443","10","8533811","1.0262e-05","0.0022","A"
"4","Trait5","FASTmrMLM","NsiI.TP409444","10","8533812","0.139","0.7457","G"
"4","Trait5","FASTmrMLM","PstI.TP809778","10","8543510","1.4082e-05","0.0031","C"
"4","Trait5","FASTmrMLM","NsiI.TP433256","10","8543717","-1.8189e-06","4e-04","C"
"4","Trait5","FASTmrMLM","NsiI.TP279591","10","8549506","0.0859","1.1897","C"
"4","Trait5","FASTmrMLM","NsiI.TP254930","10","8549734","5.044e-06","0.0011","G"
"4","Trait5","FASTmrMLM","PstI.TP516137","10","8551151","2.4171e-05","0.0053","A"
"4","Trait5","FASTmrMLM","PstI.TP464693","10","8551223","4.2181e-05","0.0093","C"
"4","Trait5","FASTmrMLM","NsiI.TP82763","10","8616434","-3.458e-05","0.0076","C"
"4","Trait5","FASTmrMLM","PstI.TP1128792","10","8617211","0.0574","0.5965","A"
"4","Trait5","FASTmrMLM","NsiI.TP336962","10","8617263","6.7733e-05","0.0087","C"
"4","Trait5","FASTmrMLM","NsiI.TP565045","10","8617526","0.095","0.4376","C"
"4","Trait5","FASTmrMLM","NsiI.TP548285","10","8628263","-5.1981e-05","0.0078","A"
"4","Trait5","FASTmrMLM","NsiI.TP417126","10","8628335","0.0742","0.8288","A"
"4","Trait5","FASTmrMLM","PstI.TP49597","10","8632574","-0.169","0.9242","C"
"4","Trait5","FASTmrMLM","PstI.TP262665","10","8641591","-2.4013e-05","0.0053","A"
"4","Trait5","FASTmrMLM","NsiI.TP292110","10","8663562","-0.1682","1.7001","C"
"4","Trait5","FASTmrMLM","NsiI.TP51580","10","8685676","-8.8792e-06","0.0019","A"
"4","Trait5","FASTmrMLM","NsiI.TP476564","10","8685679","2.0023e-05","0.0044","A"
"4","Trait5","FASTmrMLM","NsiI.TP573145","10","8686075","-7.2506e-06","0.0016","A"
"4","Trait5","FASTmrMLM","NsiI.TP123409","10","8686160","-8.4036e-06","0.0018","A"
"4","Trait5","FASTmrMLM","PstI.TP401956","10","8717831","1.4911e-05","0.0033","G"
"4","Trait5","FASTmrMLM","NsiI.TP365793","10","8727407","2.4922e-05","0.0055","A"
"4","Trait5","FASTmrMLM","NsiI.TP35043","10","8752420","-2.2269e-05","0.0049","A"
"4","Trait5","FASTmrMLM","PstI.TP1091471","10","8754120","-1.265e-05","0.0028","C"
"4","Trait5","FASTmrMLM","NsiI.TP426577","10","8815676","-2.1915e-05","0.0048","C"
"4","Trait5","FASTmrMLM","PstI.TP459746","10","8827429","2.0826e-06","5e-04","C"
"4","Trait5","FASTmrMLM","NsiI.TP135574","10","8830491","8.81e-05","0.0096","A"
"4","Trait5","FASTmrMLM","PstI.TP805227","10","8847055","-0.0711","0.4757","C"
"4","Trait5","FASTmrMLM","PstI.TP221027","10","8848286","-1.598e-05","0.0035","A"
"4","Trait5","FASTmrMLM","PstI.TP221311","10","8848295","-1.7631e-05","0.0039","A"
"4","Trait5","FASTmrMLM","PstI.TP819775","10","8850880","-0.0698","0.4596","A"
"4","Trait5","FASTmrMLM","PstI.TP495406","10","8851249","4e-04","0.0175","C"
"4","Trait5","FASTmrMLM","NsiI.TP500976","10","8853491","2.5135e-05","0.0055","A"
"4","Trait5","FASTmrMLM","NsiI.TP416047","10","8859230","2.6326e-05","0.0058","A"
"4","Trait5","FASTmrMLM","PstI.TP51516","10","8861492","-4.942e-06","0.0011","A"
"4","Trait5","FASTmrMLM","PstI.TP1038591","10","8867029","-7.7842e-06","0.0017","C"
"4","Trait5","FASTmrMLM","NsiI.TP700791","10","8869373","8.7236e-06","0.0019","A"
"4","Trait5","FASTmrMLM","NsiI.TP800005","10","8894644","-2.2695e-05","0.005","C"
"4","Trait5","FASTmrMLM","NsiI.TP767862","10","8899879","1.8339e-06","4e-04","A"
"4","Trait5","FASTmrMLM","NsiI.TP274179","10","8900947","-0.0136","0.1526","A"
"4","Trait5","FASTmrMLM","NsiI.TP417967","10","8969078","0.1328","0.6776","C"
"4","Trait5","FASTmrMLM","PstI.TP381362","10","8977784","3.042e-05","0.0067","C"
"4","Trait5","FASTmrMLM","PstI.TP398038","10","9055053","-5.3159e-06","0.0012","A"
"4","Trait5","FASTmrMLM","PstI.TP20602","10","9056902","-0.042","0.435","C"
"4","Trait5","FASTmrMLM","PstI.TP1001443","10","9270817","2.6381e-05","0.0058","C"
"4","Trait5","FASTmrMLM","NsiI.TP284854","10","9278751","-9.5124e-06","0.0021","A"
"4","Trait5","FASTmrMLM","PstI.TP1115007","10","9284878","0.023","0.1793","C"
"4","Trait5","FASTmrMLM","PstI.TP476180","10","9295344","-2.2894e-05","0.005","A"
"4","Trait5","FASTmrMLM","NsiI.TP545832","10","9313785","-0.0257","0.4146","C"
"4","Trait5","FASTmrMLM","NsiI.TP763164","10","9416753","-0.0064","0.1393","A"
"4","Trait5","FASTmrMLM","NsiI.TP408213","10","9426875","-1.1949e-05","0.0026","C"
"4","Trait5","FASTmrMLM","PstI.TP1022538","10","9427594","0.0447","0.5086","A"
"4","Trait5","FASTmrMLM","PstI.TP1023898","10","9617333","-1.9741e-05","0.0043","G"
"4","Trait5","FASTmrMLM","NsiI.TP813084","10","9642683","-4.0234e-05","0.0045","C"
"4","Trait5","FASTmrMLM","NsiI.TP88833","10","9660835","5.2208e-06","0.0011","A"
"4","Trait5","FASTmrMLM","PstI.TP196905","10","9690816","1.8074e-05","0.004","A"
"4","Trait5","FASTmrMLM","NsiI.TP168987","10","9691816","-2.5663e-05","0.0056","A"
"4","Trait5","FASTmrMLM","PstI.TP902020","10","9692380","0.0717","0.5839","C"
"4","Trait5","FASTmrMLM","PstI.TP155962","10","9704983","-0.1861","1.1186","A"
"4","Trait5","FASTmrMLM","PstI.TP1165410","10","9711519","-2.6189e-05","0.0057","A"
"4","Trait5","FASTmrMLM","PstI.TP126897","10","9757479","6.258e-06","0.0014","G"
"4","Trait5","FASTmrMLM","PstI.TP1104477","10","9762760","2.5187e-05","0.0055","A"
"4","Trait5","FASTmrMLM","PstI.TP706096","10","9764879","4.7936e-06","0.001","C"
"4","Trait5","FASTmrMLM","PstI.TP759626","10","9765073","0.0582","0.3114","G"
"4","Trait5","FASTmrMLM","NsiI.TP722937","10","9791748","-5.7389e-06","0.0013","G"
"4","Trait5","FASTmrMLM","PstI.TP1218068","10","9839582","-3.1915e-05","0.007","A"
"4","Trait5","FASTmrMLM","PstI.TP433043","10","9848590","-4.2405e-06","9e-04","C"
"4","Trait5","FASTmrMLM","NsiI.TP340287","10","9859660","-2.1342e-05","0.0047","C"
"4","Trait5","FASTmrMLM","PstI.TP317730","10","9880258","-9.3075e-06","0.002","C"
"4","Trait5","FASTmrMLM","PstI.TP110898","10","9880843","0.2828","2.2735","C"
"4","Trait5","FASTmrMLM","PstI.TP863318","10","9897610","-1.6691e-05","0.0036","A"
"4","Trait5","FASTmrMLM","PstI.TP1007652","10","9980333","-1.0462e-05","0.0023","A"
"4","Trait5","FASTmrMLM","PstI.TP1263443","10","9988092","-5.6799e-06","0.0012","C"
"4","Trait5","FASTmrMLM","NsiI.TP333996","10","9989985","-0.0343","0.4185","A"
"4","Trait5","FASTmrMLM","NsiI.TP131804","10","10020665","2.9978e-05","0.0066","C"
"4","Trait5","FASTmrMLM","PstI.TP951021","10","10044851","-0.0995","0.6133","G"
"4","Trait5","FASTmrMLM","PstI.TP330917","10","10161498","0.0448","0.5614","A"
"4","Trait5","FASTmrMLM","PstI.TP893838","10","10167865","0.1618","1.0175","C"
"4","Trait5","FASTmrMLM","PstI.TP947118","10","10171416","9.1695e-06","0.002","C"
"4","Trait5","FASTmrMLM","NsiI.TP467269","10","10171432","-2.2885e-06","5e-04","C"
"4","Trait5","FASTmrMLM","PstI.TP920685","10","10258102","1.3139e-05","0.0029","A"
"4","Trait5","FASTmrMLM","PstI.TP348121","10","10315566","-1.0987e-05","0.0024","C"
"4","Trait5","FASTmrMLM","PstI.TP475831","10","10323419","-0.2763","1.0689","A"
"4","Trait5","FASTmrMLM","PstI.TP76555","10","10323786","-0.0542","0.3622","C"
"4","Trait5","FASTmrMLM","PstI.TP77980","10","10346907","-5.3872e-06","0.0012","A"
"4","Trait5","FASTmrMLM","NsiI.TP725160","10","10348715","-4.5487e-06","0.001","G"
"4","Trait5","FASTmrMLM","PstI.TP1188915","10","10377851","2.0825e-05","0.0046","C"
"4","Trait5","FASTmrMLM","NsiI.TP539232","10","10539823","-0.1022","0.94","A"
"4","Trait5","FASTmrMLM","PstI.TP530550","10","10541144","3.8181e-06","8e-04","C"
"4","Trait5","FASTmrMLM","PstI.TP683701","10","10614565","2.8132e-05","0.0062","A"
"4","Trait5","FASTmrMLM","PstI.TP483070","10","10615158","1.0041e-05","0.0022","A"
"4","Trait5","FASTmrMLM","PstI.TP1059761","10","10652959","-8.7606e-06","0.0019","C"
"4","Trait5","FASTmrMLM","NsiI.TP337654","10","10682671","-5.4648e-06","0.0012","A"
"4","Trait5","FASTmrMLM","NsiI.TP764847","10","10693125","0.1469","1.1867","C"
"4","Trait5","FASTmrMLM","PstI.TP1277808","10","10697678","1.7593e-05","0.0038","C"
"4","Trait5","FASTmrMLM","PstI.TP605708","10","10701072","5.9613e-06","0.0013","A"
"4","Trait5","FASTmrMLM","PstI.TP862042","10","10751789","0.0909","0.8483","C"
"4","Trait5","FASTmrMLM","PstI.TP623813","10","10751887","0.212","1.3804","A"
"4","Trait5","FASTmrMLM","PstI.TP758246","10","10804856","4.4642e-06","0.001","C"
"4","Trait5","FASTmrMLM","NsiI.TP371913","10","10846478","-1e-04","0.0102","C"
"4","Trait5","FASTmrMLM","PstI.TP784042","10","10903117","1.7122e-05","0.0037","G"
"4","Trait5","FASTmrMLM","PstI.TP1172871","10","11004222","1.1336e-05","0.0025","C"
"4","Trait5","FASTmrMLM","PstI.TP942342","10","11005138","6.8233e-06","0.0015","C"
"4","Trait5","FASTmrMLM","NsiI.TP751081","10","11035186","1.0175e-05","0.0022","A"
"4","Trait5","FASTmrMLM","NsiI.TP751079","10","11035201","1.3307e-05","0.0029","C"
"4","Trait5","FASTmrMLM","NsiI.TP4741","10","11063964","1.3094e-05","0.0029","C"
"4","Trait5","FASTmrMLM","GFSSContig13376_1381","10","11113161","3.3837e-05","0.0074","C"
"4","Trait5","FASTmrMLM","NsiI.TP715495","10","11131538","0.0796","1.0779","A"
"4","Trait5","FASTmrMLM","PstI.TP351531","10","11195219","5.5755e-06","0.0012","A"
"4","Trait5","FASTmrMLM","NsiI.TP30979","10","11314701","-1.9844e-05","0.0043","A"
"4","Trait5","FASTmrMLM","PstI.TP1225697","10","11451257","-0.069","0.6662","A"
"4","Trait5","FASTmrMLM","PstI.TP651505","10","11456346","-9.5186e-06","0.0021","G"
"4","Trait5","FASTmrMLM","PstI.TP184667","10","11463853","2.0233e-05","0.0044","A"
"4","Trait5","FASTmrMLM","NsiI.TP767912","10","11482583","-4.0486e-05","0.0089","C"
"4","Trait5","FASTmrMLM","NsiI.TP661676","10","11560410","-1.2139e-06","3e-04","C"
"4","Trait5","FASTmrMLM","NsiI.TP620432","10","11561274","-2.7634e-05","0.0061","C"
"4","Trait5","FASTmrMLM","PstI.TP219020","10","11589463","2.9947e-06","7e-04","A"
"4","Trait5","FASTmrMLM","NsiI.TP120355","10","11637749","-9.3973e-06","0.0021","C"
"4","Trait5","FASTmrMLM","NsiI.TP406247","10","11637888","-0.0816","0.4889","C"
"4","Trait5","FASTmrMLM","PstI.TP668263","10","11638919","-1.4604e-06","3e-04","C"
"4","Trait5","FASTmrMLM","PstI.TP1050247","10","11665673","1.683e-05","0.0037","A"
"4","Trait5","FASTmrMLM","NsiI.TP816010","10","11668119","1.0591e-05","0.0023","C"
"4","Trait5","FASTmrMLM","NsiI.TP621881","10","11760179","2.9484e-05","0.0065","C"
"4","Trait5","FASTmrMLM","PstI.TP722220","10","11801957","-0.0378","0.443","A"
"4","Trait5","FASTmrMLM","PstI.TP1286414","10","12122103","-0.3356","2.0447","A"
"4","Trait5","FASTmrMLM","PstI.TP596276","10","12187839","-3.7999e-06","8e-04","A"
"4","Trait5","FASTmrMLM","PstI.TP32813","10","12190030","0.0641","0.6546","A"
"4","Trait5","FASTmrMLM","PstI.TP140838","10","12197044","1.5378e-05","0.0034","A"
"4","Trait5","FASTmrMLM","PstI.TP425440","10","12294838","-2e-04","0.0153","A"
"4","Trait5","FASTmrMLM","PstI.TP383553","10","12321978","-9.8212e-06","0.0021","A"
"4","Trait5","FASTmrMLM","PstI.TP23726","10","12333330","0.0666","0.4559","A"
"4","Trait5","FASTmrMLM","PstI.TP161329","10","12333702","1.5262e-05","0.0033","A"
"4","Trait5","FASTmrMLM","PstI.TP934421","10","12341138","0.0268","0.3621","A"
"4","Trait5","FASTmrMLM","PstI.TP764716","10","12341394","-3.5321e-05","0.0078","C"
"4","Trait5","FASTmrMLM","NsiI.TP613667","10","12349055","-3.3235e-05","0.0073","A"
"4","Trait5","FASTmrMLM","PstI.TP1014598","10","12353077","-0.1346","1.0538","A"
"4","Trait5","FASTmrMLM","PstI.TP632281","10","12354082","6.363e-07","1e-04","C"
"4","Trait5","FASTmrMLM","PstI.TP1272211","10","12354639","-6.3905e-06","0.0014","A"
"4","Trait5","FASTmrMLM","NsiI.TP782775","10","12356439","0.0078","0.1636","A"
"4","Trait5","FASTmrMLM","PstI.TP622235","10","12390554","-5.6933e-06","0.0012","A"
"4","Trait5","FASTmrMLM","PstI.TP967841","10","12648652","-1.178e-05","0.0026","A"
"4","Trait5","FASTmrMLM","NsiI.TP39761","10","12650214","-0.0197","0.2085","C"
"4","Trait5","FASTmrMLM","PstI.TP133764","10","12653332","1.7609e-05","0.0038","C"
"4","Trait5","FASTmrMLM","PstI.TP497652","10","12797368","2.7478e-05","0.006","C"
"4","Trait5","FASTmrMLM","NsiI.TP363897","10","12797377","3.1115e-05","0.0068","C"
"4","Trait5","FASTmrMLM","PstI.TP279159","10","12810728","1.4721e-05","0.0032","A"
"4","Trait5","FASTmrMLM","PstI.TP455755","10","12824467","-1.9528e-05","0.0043","C"
"4","Trait5","FASTmrMLM","NsiI.TP265706","10","13430597","8.8476e-06","0.0019","C"
"4","Trait5","FASTmrMLM","PstI.TP1108451","10","13441531","-0.048","0.3406","C"
"4","Trait5","FASTmrMLM","NsiI.TP500616","10","13480882","-4.093e-06","9e-04","C"
"4","Trait5","FASTmrMLM","PstI.TP740155","10","13562155","-2.9323e-05","0.0064","C"
"4","Trait5","FASTmrMLM","PstI.TP397772","10","13563411","2.2978e-05","0.005","G"
"4","Trait5","FASTmrMLM","PstI.TP353347","10","13577246","-0.0866","0.3472","A"
"4","Trait5","FASTmrMLM","PstI.TP143503","10","13577827","0.0515","0.5394","C"
"4","Trait5","FASTmrMLM","PstI.TP682043","10","13623885","1.3186e-05","0.0029","A"
"4","Trait5","FASTmrMLM","NsiI.TP42596","10","13677577","-0.124","0.6627","A"
"4","Trait5","FASTmrMLM","NsiI.TP662730","10","13828430","0.0778","0.505","A"
"4","Trait5","FASTmrMLM","PstI.TP460851","10","13913516","-0.0298","0.3282","C"
"4","Trait5","FASTmrMLM","PstI.TP103029","10","13929819","0.0119","0.1787","A"
"4","Trait5","FASTmrMLM","PstI.TP802099","10","13941831","-0.0273","0.1805","C"
"4","Trait5","FASTmrMLM","PstI.TP817893","10","13941832","-0.0533","0.3087","C"
"4","Trait5","FASTmrMLM","PstI.TP1230584","10","13971676","-0.1013","0.6052","C"
"4","Trait5","FASTmrMLM","PstI.TP210816","10","13971892","-1.8295e-05","0.004","C"
"4","Trait5","FASTmrMLM","PstI.TP1009372","10","13973490","1.1958e-05","0.0026","A"
"4","Trait5","FASTmrMLM","NsiI.TP742900","10","14131252","2.0933e-05","0.0046","A"
"4","Trait5","FASTmrMLM","NsiI.TP436387","10","14147070","2.9088e-05","0.0064","C"
"4","Trait5","FASTmrMLM","NsiI.TP654024","10","14151751","-8.3125e-06","0.0018","A"
"4","Trait5","FASTmrMLM","NsiI.TP39805","10","14167073","2.4251e-05","0.0053","A"
"4","Trait5","FASTmrMLM","NsiI.TP125272","10","14170796","2.6458e-06","6e-04","A"
"4","Trait5","FASTmrMLM","NsiI.TP71157","10","14183186","-1.9585e-05","0.0043","C"
"4","Trait5","FASTmrMLM","PstI.TP803776","10","14183585","1.1619e-05","0.0025","A"
"4","Trait5","FASTmrMLM","PstI.TP68222","10","14185453","5.763e-05","0.0078","C"
"4","Trait5","FASTmrMLM","PstI.TP779693","10","14193657","-4.3979e-06","0.001","A"
"4","Trait5","FASTmrMLM","PstI.TP338966","10","14326318","-0.0243","0.2182","G"
"4","Trait5","FASTmrMLM","PstI.TP1002770","10","14447848","1.2496e-05","0.0027","A"
"4","Trait5","FASTmrMLM","PstI.TP362171","10","14449905","-2.5534e-06","6e-04","A"
"4","Trait5","FASTmrMLM","PstI.TP782320","10","14452159","1.0549e-05","0.0023","A"
"4","Trait5","FASTmrMLM","PstI.TP842679","10","14456709","5.2586e-06","0.0011","A"
"4","Trait5","FASTmrMLM","PstI.TP360337","10","14458765","0.3096","2.5958","A"
"4","Trait5","FASTmrMLM","NsiI.TP620171","10","14533666","0.0557","0.3617","A"
"4","Trait5","FASTmrMLM","PstI.TP1035815","10","14825546","0.0761","0.6495","A"
"4","Trait5","FASTmrMLM","NsiI.TP574749","10","14924952","-4.1244e-05","0.0091","A"
"4","Trait5","FASTmrMLM","NsiI.TP464239","10","14979911","0.0832","0.4991","A"
"4","Trait5","FASTmrMLM","PstI.TP512346","10","14980131","-8.3767e-06","0.0018","A"
"4","Trait5","FASTmrMLM","PstI.TP111431","10","15183743","0.0939","0.4462","A"
"4","Trait5","FASTmrMLM","PstI.TP864793","10","15183846","1.0177e-05","0.0022","A"
"4","Trait5","FASTmrMLM","PstI.TP119015","10","15276227","-9.6e-06","0.0021","G"
"4","Trait5","FASTmrMLM","PstI.TP269037","10","15276368","0.1932","0.965","G"
"4","Trait5","FASTmrMLM","NsiI.TP391026","10","15278206","0.0969","0.6461","A"
"4","Trait5","FASTmrMLM","PstI.TP883992","10","15306166","1.4923e-05","0.0033","A"
"4","Trait5","FASTmrMLM","NsiI.TP831705","10","15327296","-8.951e-06","0.002","A"
"4","Trait5","FASTmrMLM","NsiI.TP594640","10","15479473","-1.5647e-05","0.0034","C"
"4","Trait5","FASTmrMLM","PstI.TP38455","10","15482507","0.1385","1.375","A"
"4","Trait5","FASTmrMLM","NsiI.TP824717","10","15776222","7.4997e-06","0.0016","C"
"4","Trait5","FASTmrMLM","NsiI.TP245242","10","15872817","-1.8116e-05","0.004","A"
"4","Trait5","FASTmrMLM","NsiI.TP578202","10","15907907","1.1185e-05","0.0024","A"
"4","Trait5","FASTmrMLM","NsiI.TP634012","10","15996271","-9.1722e-06","0.002","C"
"4","Trait5","FASTmrMLM","NsiI.TP95654","10","16460698","-2.6068e-05","0.0057","A"
"4","Trait5","FASTmrMLM","NsiI.TP671047","10","16860433","0.085","0.6914","C"
"4","Trait5","FASTmrMLM","PstI.TP407356","10","16885163","-7.0733e-06","0.0015","A"
"4","Trait5","FASTmrMLM","NsiI.TP257948","10","16901572","-0.0936","1.2522","C"
"4","Trait5","FASTmrMLM","NsiI.TP236384","10","17510539","-1.1519e-05","0.0025","A"
"4","Trait5","FASTmrMLM","PstI.TP313625","10","17540181","-1.039e-05","0.0023","C"
"4","Trait5","FASTmrMLM","PstI.TP374911","10","17540639","1.3746e-05","0.003","A"
"4","Trait5","FASTmrMLM","PstI.TP1160897","10","17579080","0.3089","1.4335","G"
"4","Trait5","FASTmrMLM","PstI.TP460030","10","17602799","-0.4823","2.2542","A"
"4","Trait5","FASTmrMLM","PstI.TP301713","10","17608454","8.519e-07","2e-04","C"
"4","Trait5","FASTmrMLM","PstI.TP759834","10","17626374","1.1919e-05","0.0026","A"
"4","Trait5","FASTmrMLM","PstI.TP220176","10","17845786","-1.0035e-05","0.0022","C"
"4","Trait5","FASTmrMLM","NsiI.TP241181","10","17849663","2.8611e-06","6e-04","C"
"4","Trait5","FASTmrMLM","NsiI.TP548154","10","17958544","-0.481","2.6808","C"
"4","Trait5","FASTmrMLM","PstI.TP295935","10","17959897","6.0854e-06","0.0013","C"
"4","Trait5","FASTmrMLM","PstI.TP109908","10","17977412","0.2844","2.8197","C"
"4","Trait5","FASTmrMLM","NsiI.TP426470","10","18004374","0.0551","0.4276","C"
"4","Trait5","FASTmrMLM","NsiI.TP73117","10","18049336","0.0403","0.3192","C"
"4","Trait5","FASTmrMLM","PstI.TP33090","10","18057043","-2.3947e-05","0.0052","G"
"4","Trait5","FASTmrMLM","PstI.TP1052144","10","18057443","7.7967e-06","0.0017","A"
"4","Trait5","FASTmrMLM","PstI.TP166160","10","18059383","0.0577","0.5513","C"
"4","Trait5","FASTmrMLM","NsiI.TP204462","10","18062040","-4.3203e-05","0.0095","C"
"4","Trait5","FASTmrMLM","PstI.TP464114","10","18062318","0.0365","0.448","A"
"4","Trait5","FASTmrMLM","PstI.TP482461","10","18074296","0.0819","0.4138","C"
"4","Trait5","FASTmrMLM","PstI.TP824259","10","18098319","0.0879","0.4182","A"
"4","Trait5","FASTmrMLM","PstI.TP1059268","10","18152385","-0.05","0.6457","C"
"4","Trait5","FASTmrMLM","PstI.TP1075940","10","18152462","4.6466e-06","0.001","A"
"4","Trait5","FASTmrMLM","NsiI.TP83036","10","18275796","-0.1212","1.0955","A"
"4","Trait5","FASTmrMLM","NsiI.TP819468","10","18283573","1.0607e-05","0.0023","C"
"4","Trait5","FASTmrMLM","NsiI.TP146031","10","19314576","2.9612e-05","0.0065","A"
"4","Trait5","FASTmrMLM","PstI.TP1046291","10","19409455","-4.099e-06","9e-04","A"
"4","Trait5","FASTmrMLM","PstI.TP446471","10","19412076","-9.9906e-06","0.0022","C"
"4","Trait5","FASTmrMLM","PstI.TP846064","10","19421525","-0.0529","0.3283","A"
"4","Trait5","FASTmrMLM","NsiI.TP71264","10","19454163","3.0878e-05","0.0068","A"
"4","Trait5","FASTmrMLM","NsiI.TP86658","10","19510044","9.3415e-07","2e-04","C"
"4","Trait5","FASTmrMLM","NsiI.TP304719","10","19529607","-0.1144","1.3403","G"
"4","Trait5","FASTmrMLM","NsiI.TP67759","10","19531315","-1.7753e-05","0.0039","C"
"4","Trait5","FASTmrMLM","NsiI.TP375871","10","19665156","1.0617e-05","0.0023","A"
"4","Trait5","FASTmrMLM","NsiI.TP801924","10","19665487","0.1377","0.6617","C"
"4","Trait5","FASTmrMLM","NsiI.TP258117","10","19843178","3.8017e-06","8e-04","A"
"4","Trait5","FASTmrMLM","NsiI.TP87772","10","19843229","-5.6342e-06","0.0012","A"
"4","Trait5","FASTmrMLM","PstI.TP502430","10","19879226","1.093e-06","2e-04","A"
"4","Trait5","FASTmrMLM","PstI.TP783212","10","19879750","-1.077e-05","0.0023","A"
"4","Trait5","FASTmrMLM","NsiI.TP482914","10","19899150","-2.6337e-05","0.0058","C"
"4","Trait5","FASTmrMLM","PstI.TP713417","10","19939847","0.1149","1.3405","C"
"4","Trait5","FASTmrMLM","PstI.TP343293","10","19939931","1.0548e-05","0.0023","A"
"4","Trait5","FASTmrMLM","PstI.TP1105684","10","20024192","5.6738e-06","0.0012","A"
"4","Trait5","FASTmrMLM","NsiI.TP5647","10","20032426","1.9172e-05","0.0042","C"
"4","Trait5","FASTmrMLM","PstI.TP601454","10","20272687","-1.3826e-06","3e-04","A"
"4","Trait5","FASTmrMLM","PstI.TP579907","10","20280502","-4.074e-06","9e-04","C"
"4","Trait5","FASTmrMLM","NsiI.TP415930","10","20420558","-0.134","0.9376","C"
"4","Trait5","FASTmrMLM","PstI.TP769916","10","20422502","4.7712e-05","0.0105","C"
"4","Trait5","FASTmrMLM","NsiI.TP483347","10","20424293","-8.8639e-06","0.0019","G"
"4","Trait5","FASTmrMLM","GFk40ctg349904_126","10","20536471","0.0644","0.5548","T"
"4","Trait5","FASTmrMLM","PstI.TP730575","10","20915636","0.1176","0.552","A"
"4","Trait5","FASTmrMLM","PstI.TP1162502","10","21500434","2.4086e-06","5e-04","C"
"4","Trait5","FASTmrMLM","PstI.TP278923","10","21876858","9.6334e-06","0.0021","C"
"4","Trait5","FASTmrMLM","NsiI.TP775403","10","22580641","-1.0259e-05","0.0022","A"
"4","Trait5","FASTmrMLM","NsiI.TP510039","10","22582018","7.6023e-05","0.0084","A"
"4","Trait5","FASTmrMLM","GFSSContig19948_1337","10","22951373","-9.2155e-06","0.002","T"
"4","Trait5","FASTmrMLM","NsiI.TP247823","10","23030267","2.0078e-05","0.0044","A"
"4","Trait5","FASTmrMLM","NsiI.TP148527","10","23033991","2.3761e-05","0.0052","C"
"4","Trait5","FASTmrMLM","NsiI.TP189115","10","23034003","3.2344e-05","0.0071","C"
"4","Trait5","FASTmrMLM","PstI.TP1048569","10","23207714","6.2874e-06","0.0014","A"
"4","Trait5","FASTmrMLM","PstI.TP707735","10","23213734","2.569e-05","0.0056","C"
"4","Trait5","FASTmrMLM","PstI.TP707736","10","23213736","1.0229e-05","0.0022","A"
"4","Trait5","FASTmrMLM","PstI.TP750772","10","23214478","-6.1745e-06","0.0013","A"
"4","Trait5","FASTmrMLM","NsiI.TP522916","10","23383793","-3.5335e-06","8e-04","A"
"4","Trait5","FASTmrMLM","PstI.TP29667","10","24021925","0.0421","0.6416","C"
"4","Trait5","FASTmrMLM","PstI.TP1116668","10","27152478","-1.2365e-05","0.0027","A"
"4","Trait5","FASTmrMLM","PstI.TP886120","10","27922100","0.2182","1.1305","A"
"4","Trait5","FASTmrMLM","PstI.TP634858","10","35389695","-2.6769e-05","0.0059","A"
"4","Trait5","FASTmrMLM","PstI.TP1239613","10","35395182","-7.116e-05","0.008","G"
"4","Trait5","FASTmrMLM","PstI.TP1057956","10","35503126","7.2046e-06","0.0016","A"
"4","Trait5","FASTmrMLM","NsiI.TP713656","10","38000507","5.791e-06","0.0013","A"
"4","Trait5","FASTmrMLM","PstI.TP309325","10","38000517","-2.4119e-05","0.0053","G"
"4","Trait5","FASTmrMLM","NsiI.TP741971","10","38000626","0.0146","0.152","A"
"4","Trait5","FASTmrMLM","NsiI.TP241689","10","38083479","-1.3771e-06","3e-04","C"
"4","Trait5","FASTmrMLM","NsiI.TP13401","10","40149838","-0.1678","1.3011","C"
"4","Trait5","FASTmrMLM","PstI.TP1132274","10","40908893","5.064e-06","0.0011","C"
"4","Trait5","FASTmrMLM","NsiI.TP649797","10","41050624","3.2526e-05","0.0071","A"
"4","Trait5","FASTmrMLM","PstI.TP775752","10","41350986","1.0703e-05","0.0023","A"
"4","Trait5","FASTmrMLM","PstI.TP912658","10","41352948","-2.2417e-05","0.0036","G"
"4","Trait5","FASTmrMLM","NsiI.TP648509","10","41353679","-0.173","1.27","A"
"4","Trait5","FASTmrMLM","PstI.TP733651","10","41397788","-0.0902","1.2853","A"
"4","Trait5","FASTmrMLM","PstI.TP125708","10","41661129","-2.7758e-05","0.0061","C"
"4","Trait5","FASTmrMLM","NsiI.TP698768","10","41665601","1.063e-05","0.0023","C"
"4","Trait5","FASTmrMLM","PstI.TP56287","10","41894307","-0.0123","0.1793","A"
"4","Trait5","FASTmrMLM","PstI.TP56286","10","41894311","1.0774e-05","0.0024","G"
"4","Trait5","FASTmrMLM","PstI.TP764239","10","41894376","-1.1135e-06","2e-04","C"
"4","Trait5","FASTmrMLM","NsiI.TP485133","10","41897122","5.6884e-06","0.0012","A"
"4","Trait5","FASTmrMLM","NsiI.TP146026","10","42012400","7.2619e-06","0.0016","A"
"4","Trait5","FASTmrMLM","NsiI.TP437362","10","42012960","1.1184e-05","0.0024","C"
"4","Trait5","FASTmrMLM","NsiI.TP291102","10","42086595","-0.0811","0.5621","A"
"4","Trait5","FASTmrMLM","NsiI.TP176368","10","42087324","-0.0314","0.3297","A"
"4","Trait5","FASTmrMLM","PstI.TP290867","10","42087325","6.8003e-06","0.0015","A"
"4","Trait5","FASTmrMLM","PstI.TP238297","10","42087384","1.6586e-05","0.0036","A"
"4","Trait5","FASTmrMLM","NsiI.TP737202","10","42296677","-2.7965e-06","6e-04","A"
"4","Trait5","FASTmrMLM","NsiI.TP330989","10","42330737","-9.7894e-06","0.0021","C"
"4","Trait5","FASTmrMLM","NsiI.TP704450","10","42341657","0.0103","0.198","G"
"4","Trait5","FASTmrMLM","PstI.TP47826","10","42568848","-9.9254e-06","0.0022","C"
"4","Trait5","FASTmrMLM","PstI.TP1241607","10","42592216","5.5839e-06","0.0012","A"
"4","Trait5","FASTmrMLM","NsiI.TP261602","10","42658680","-0.01","0.1898","G"
"4","Trait5","FASTmrMLM","NsiI.TP377607","10","42659248","-0.0844","0.9097","C"
"4","Trait5","FASTmrMLM","NsiI.TP436362","10","42830229","3.0656e-05","0.0067","C"
"4","Trait5","FASTmrMLM","PstI.TP846172","10","42875099","1.3449e-05","0.0029","A"
"4","Trait5","FASTmrMLM","NsiI.TP485232","10","42875099","0.0665","0.3763","A"
"4","Trait5","FASTmrMLM","PstI.TP31228","10","42901768","2.1585e-05","0.0047","A"
"4","Trait5","FASTmrMLM","PstI.TP702993","10","42907827","-4.0206e-05","0.0088","C"
"4","Trait5","FASTmrMLM","PstI.TP1247477","10","42908115","0.1029","0.5284","A"
"4","Trait5","FASTmrMLM","PstI.TP1294907","10","42944116","-0.031","0.3093","A"
"4","Trait5","FASTmrMLM","PstI.TP1133587","10","42973263","0.3031","1.1593","C"
"4","Trait5","FASTmrMLM","GFSSContig4510_767","10","43025569","0.0121","0.1882","T"
"4","Trait5","FASTmrMLM","PstI.TP807137","10","43038231","-6.9719e-06","0.0015","C"
"4","Trait5","FASTmrMLM","NsiI.TP795589","10","43096196","-2.2277e-06","5e-04","C"
"4","Trait5","FASTmrMLM","NsiI.TP785960","10","43096197","-2.3616e-05","0.0052","C"
"4","Trait5","FASTmrMLM","NsiI.TP820119","10","43096208","-2.7269e-05","0.006","A"
"4","Trait5","FASTmrMLM","NsiI.TP697563","10","43096211","0.2224","0.756","A"
"4","Trait5","FASTmrMLM","NsiI.TP795551","10","43096212","0.0588","0.5057","A"
"4","Trait5","FASTmrMLM","NsiI.TP793208","10","43096213","0.0193","0.226","A"
"4","Trait5","FASTmrMLM","NsiI.TP792774","10","43096214","1.4014e-05","0.0031","A"
"4","Trait5","FASTmrMLM","NsiI.TP798760","10","43096214","-4.5264e-06","0.001","G"
"4","Trait5","FASTmrMLM","NsiI.TP321836","10","43096218","3e-04","0.0164","A"
"4","Trait5","FASTmrMLM","NsiI.TP785310","10","43096218","3.4946e-06","8e-04","A"
"4","Trait5","FASTmrMLM","NsiI.TP785526","10","43096218","8.7387e-06","0.0019","A"
"4","Trait5","FASTmrMLM","NsiI.TP786038","10","43096218","1.6592e-05","0.0036","A"
"4","Trait5","FASTmrMLM","NsiI.TP788462","10","43096218","-8.5826e-07","2e-04","A"
"4","Trait5","FASTmrMLM","NsiI.TP795565","10","43096218","-1.1359e-05","0.0025","A"
"4","Trait5","FASTmrMLM","NsiI.TP787118","10","43096219","9.052e-06","0.002","A"
"4","Trait5","FASTmrMLM","NsiI.TP787987","10","43096219","6.0166e-06","0.0013","A"
"4","Trait5","FASTmrMLM","NsiI.TP788518","10","43096221","-9.6937e-06","0.0021","A"
"4","Trait5","FASTmrMLM","NsiI.TP788405","10","43096222","7.9986e-06","0.0017","A"
"4","Trait5","FASTmrMLM","NsiI.TP608429","10","43096224","-1.6484e-05","0.0036","A"
"4","Trait5","FASTmrMLM","NsiI.TP686066","10","43096224","5.0048e-06","0.0011","A"
"4","Trait5","FASTmrMLM","NsiI.TP790895","10","43096227","-3.3217e-05","0.0073","A"
"4","Trait5","FASTmrMLM","NsiI.TP792016","10","43096227","0.1795","0.8385","C"
"4","Trait5","FASTmrMLM","NsiI.TP792017","10","43096227","0.082","0.8763","C"
"4","Trait5","FASTmrMLM","NsiI.TP792060","10","43096227","1.1166e-05","0.0024","C"
"4","Trait5","FASTmrMLM","NsiI.TP790986","10","43096228","8.314e-06","0.0018","C"
"4","Trait5","FASTmrMLM","NsiI.TP792293","10","43096228","3.6925e-06","8e-04","C"
"4","Trait5","FASTmrMLM","NsiI.TP790354","10","43096229","-2.0749e-05","0.0045","C"
"4","Trait5","FASTmrMLM","NsiI.TP791532","10","43096229","-1.853e-05","0.0041","C"
"4","Trait5","FASTmrMLM","NsiI.TP791865","10","43096229","-2.6083e-05","0.0057","C"
"4","Trait5","FASTmrMLM","NsiI.TP791946","10","43096229","0.1427","0.9691","C"
"4","Trait5","FASTmrMLM","NsiI.TP792177","10","43096229","-5.9043e-06","0.0013","C"
"4","Trait5","FASTmrMLM","NsiI.TP792303","10","43096229","-0.1938","1.6237","C"
"4","Trait5","FASTmrMLM","NsiI.TP793213","10","43096229","-0.0581","0.5606","A"
"4","Trait5","FASTmrMLM","NsiI.TP790795","10","43096230","-0.0621","0.6593","A"
"4","Trait5","FASTmrMLM","NsiI.TP790889","10","43096230","0.0144","0.1688","A"
"4","Trait5","FASTmrMLM","NsiI.TP791898","10","43096231","-2.0884e-06","5e-04","C"
"4","Trait5","FASTmrMLM","NsiI.TP792198","10","43096231","-8.5438e-06","0.0019","C"
"4","Trait5","FASTmrMLM","NsiI.TP785795","10","43096232","3.3389e-06","7e-04","A"
"4","Trait5","FASTmrMLM","NsiI.TP791431","10","43096232","1.9188e-05","0.0042","C"
"4","Trait5","FASTmrMLM","NsiI.TP786326","10","43096233","9.3672e-06","0.002","A"
"4","Trait5","FASTmrMLM","NsiI.TP790769","10","43096233","9.9809e-07","2e-04","G"
"4","Trait5","FASTmrMLM","NsiI.TP685563","10","43096235","1.4543e-05","0.0032","A"
"4","Trait5","FASTmrMLM","NsiI.TP790761","10","43096236","-1.4747e-05","0.0032","C"
"4","Trait5","FASTmrMLM","NsiI.TP790541","10","43096237","0.1428","0.5766","A"
"4","Trait5","FASTmrMLM","NsiI.TP789052","10","43096238","-0.1934","1.0349","A"
"4","Trait5","FASTmrMLM","NsiI.TP790014","10","43096238","1.8591e-05","0.0041","A"
"4","Trait5","FASTmrMLM","NsiI.TP790027","10","43096238","-3.2012e-05","0.0065","A"
"4","Trait5","FASTmrMLM","NsiI.TP790039","10","43096238","1.8036e-05","0.0039","A"
"4","Trait5","FASTmrMLM","NsiI.TP790112","10","43096238","-3.8503e-05","0.0085","A"
"4","Trait5","FASTmrMLM","NsiI.TP790455","10","43096238","2.6895e-05","0.0059","A"
"4","Trait5","FASTmrMLM","NsiI.TP788535","10","43096240","-2.2133e-05","0.0048","A"
"4","Trait5","FASTmrMLM","NsiI.TP789113","10","43096240","-7.6077e-06","0.0017","A"
"4","Trait5","FASTmrMLM","NsiI.TP788065","10","43096241","1.513e-05","0.0033","A"
"4","Trait5","FASTmrMLM","NsiI.TP788341","10","43096241","-1.3329e-05","0.0029","A"
"4","Trait5","FASTmrMLM","NsiI.TP788572","10","43096241","5.1911e-05","0.0067","A"
"4","Trait5","FASTmrMLM","NsiI.TP790435","10","43096241","1.7508e-06","4e-04","A"
"4","Trait5","FASTmrMLM","NsiI.TP787484","10","43096242","3.6143e-05","0.0079","C"
"4","Trait5","FASTmrMLM","NsiI.TP788164","10","43096242","4.4016e-05","0.0075","A"
"4","Trait5","FASTmrMLM","NsiI.TP787720","10","43096243","-2.6442e-06","6e-04","A"
"4","Trait5","FASTmrMLM","NsiI.TP788100","10","43096243","6.373e-06","0.0014","A"
"4","Trait5","FASTmrMLM","NsiI.TP788407","10","43096244","7.1628e-06","0.0016","A"
"4","Trait5","FASTmrMLM","NsiI.TP785868","10","43096246","-1.7844e-05","0.0039","G"
"4","Trait5","FASTmrMLM","NsiI.TP787274","10","43096247","-3.016e-05","0.0066","A"
"4","Trait5","FASTmrMLM","NsiI.TP787305","10","43096247","-0.1757","1.2464","A"
"4","Trait5","FASTmrMLM","NsiI.TP791210","10","43096247","-2.7789e-05","0.0061","C"
"4","Trait5","FASTmrMLM","NsiI.TP785011","10","43096249","3.7475e-05","0.0082","A"
"4","Trait5","FASTmrMLM","NsiI.TP785032","10","43096249","-0.48","3.5333","A"
"4","Trait5","FASTmrMLM","NsiI.TP785307","10","43096249","0.0643","0.6586","A"
"4","Trait5","FASTmrMLM","NsiI.TP787086","10","43096249","1.4116e-05","0.0031","A"
"4","Trait5","FASTmrMLM","NsiI.TP788816","10","43096249","-3.1977e-05","0.007","G"
"4","Trait5","FASTmrMLM","NsiI.TP791526","10","43096249","4.0935e-06","9e-04","C"
"4","Trait5","FASTmrMLM","NsiI.TP785104","10","43096250","7.4853e-06","0.0016","A"
"4","Trait5","FASTmrMLM","NsiI.TP785144","10","43096250","1.0495e-05","0.0023","A"
"4","Trait5","FASTmrMLM","NsiI.TP697423","10","43096252","-1.5342e-05","0.0034","A"
"4","Trait5","FASTmrMLM","NsiI.TP686073","10","43096253","-6.3121e-06","0.0014","A"
"4","Trait5","FASTmrMLM","NsiI.TP785234","10","43096253","5.8201e-06","0.0013","A"
"4","Trait5","FASTmrMLM","NsiI.TP116443","10","43096254","-5.5246e-06","0.0012","A"
"4","Trait5","FASTmrMLM","NsiI.TP113422","10","43190461","9.5242e-06","0.0021","A"
"4","Trait5","FASTmrMLM","NsiI.TP545621","10","43191875","-1.21e-05","0.0026","A"
"4","Trait5","FASTmrMLM","NsiI.TP491670","10","43191937","-0.1395","0.832","A"
"4","Trait5","FASTmrMLM","PstI.TP588767","10","43265382","0.2618","1.0493","A"
"4","Trait5","FASTmrMLM","GFSSContig19122_1111","10","43265449","8.9242e-06","0.0019","T"
"4","Trait5","FASTmrMLM","PstI.TP818925","10","43270529","-3.9631e-06","9e-04","C"
"4","Trait5","FASTmrMLM","PstI.TP999448","10","43390550","-9.9062e-06","0.0022","C"
"4","Trait5","FASTmrMLM","PstI.TP80327","10","43584666","-1.1892e-05","0.0026","C"
"4","Trait5","FASTmrMLM","PstI.TP609691","10","43585880","-4.9793e-06","0.0011","A"
"4","Trait5","FASTmrMLM","PstI.TP1244469","10","43593344","-1.7427e-05","0.0038","C"
"4","Trait5","FASTmrMLM","NsiI.TP523957","10","43623816","0.1479","0.5007","C"
"4","Trait5","FASTmrMLM","NsiI.TP149075","10","43627492","-0.1283","0.7565","A"
"4","Trait5","FASTmrMLM","NsiI.TP180912","10","44006976","0.0743","0.4994","A"
"4","Trait5","FASTmrMLM","NsiI.TP230109","10","44049162","1.2228e-05","0.0027","A"
"4","Trait5","FASTmrMLM","PstI.TP1149010","10","44084466","0.1948","0.8609","A"
"4","Trait5","FASTmrMLM","PstI.TP1029976","10","44209597","1.4982e-05","0.0033","C"
"4","Trait5","FASTmrMLM","PstI.TP1263313","10","44292608","0.0761","1.0168","G"
"4","Trait5","FASTmrMLM","PstI.TP401597","10","44302651","-0.0823","0.525","A"
"4","Trait5","FASTmrMLM","NsiI.TP760134","10","44538115","3.4859e-06","8e-04","A"
"4","Trait5","FASTmrMLM","NsiI.TP750719","10","44561838","-0.1102","0.4712","C"
"4","Trait5","FASTmrMLM","PstI.TP724544","10","44646516","-4.5397e-06","0.001","C"
"4","Trait5","FASTmrMLM","PstI.TP911974","10","44646981","4.665e-06","0.001","A"
"4","Trait5","FASTmrMLM","PstI.TP483931","10","44671427","-0.0622","0.8787","A"
"4","Trait5","FASTmrMLM","NsiI.TP388715","10","44723018","1.3164e-05","0.0029","C"
"4","Trait5","FASTmrMLM","PstI.TP439176","10","44789600","5.7218e-06","0.0012","A"
"4","Trait5","FASTmrMLM","PstI.TP1088864","10","44896338","1.1125e-05","0.0024","A"
"4","Trait5","FASTmrMLM","PstI.TP787723","10","44898405","0.0354","0.3904","C"
"4","Trait5","FASTmrMLM","NsiI.TP254282","10","44907856","-1.3319e-05","0.0029","A"
"4","Trait5","FASTmrMLM","NsiI.TP178513","10","44909091","-1.2967e-05","0.0028","C"
"4","Trait5","FASTmrMLM","NsiI.TP574966","10","44910434","0.1328","1.7949","A"
"4","Trait5","FASTmrMLM","NsiI.TP624166","10","45032070","1.9562e-05","0.0043","A"
"4","Trait5","FASTmrMLM","NsiI.TP245006","10","45254995","-0.11","0.3497","A"
"4","Trait5","FASTmrMLM","PstI.TP698787","10","45535333","-2.1711e-05","0.0048","C"
"4","Trait5","FASTmrMLM","NsiI.TP412071","10","45535361","0.0451","0.4985","A"
"4","Trait5","FASTmrMLM","PstI.TP399961","10","45567849","2.9368e-06","6e-04","G"
"4","Trait5","FASTmrMLM","PstI.TP1042178","10","45568289","-7.6641e-09","1.6679e-06","C"
"4","Trait5","FASTmrMLM","NsiI.TP426638","10","45607378","-9.4236e-06","0.0021","C"
"4","Trait5","FASTmrMLM","PstI.TP1068213","10","45622136","2.6431e-05","0.0058","A"
"4","Trait5","FASTmrMLM","NsiI.TP25674","10","45652932","9.5536e-06","0.0021","A"
"4","Trait5","FASTmrMLM","PstI.TP369575","10","45701260","1.6986e-05","0.0037","C"
"4","Trait5","FASTmrMLM","PstI.TP369573","10","45701263","-4.5147e-06","0.001","A"
"4","Trait5","FASTmrMLM","PstI.TP1273879","10","45758156","1e-04","0.0099","A"
"4","Trait5","FASTmrMLM","NsiI.TP554380","10","45829362","-2.0889e-05","0.0046","G"
"4","Trait5","FASTmrMLM","NsiI.TP435960","10","45929366","-1.4603e-05","0.0032","A"
"4","Trait5","FASTmrMLM","NsiI.TP772600","10","45937264","-1.5058e-05","0.0033","C"
"4","Trait5","FASTmrMLM","PstI.TP335808","10","45938674","-0.0519","0.3436","A"
"4","Trait5","FASTmrMLM","PstI.TP1001260","10","45938748","2.0511e-05","0.0045","C"
"4","Trait5","FASTmrMLM","PstI.TP283594","10","45984425","-1.9887e-05","0.0044","C"
"4","Trait5","FASTmrMLM","NsiI.TP586108","10","46106566","1.6748e-07","3.6448e-05","A"
"4","Trait5","FASTmrMLM","NsiI.TP656527","10","46196813","1.8709e-06","4e-04","C"
"4","Trait5","FASTmrMLM","NsiI.TP88555","10","46276593","0.1499","2.0483","C"
"4","Trait5","FASTmrMLM","NsiI.TP417725","10","46567951","2.2612e-06","5e-04","C"
"4","Trait5","FASTmrMLM","PstI.TP538998","10","46586113","0.0217","0.3039","A"
"4","Trait5","FASTmrMLM","PstI.TP485067","10","46676286","-1.7643e-06","4e-04","A"
"4","Trait5","FASTmrMLM","PstI.TP732906","10","46733798","-0.0259","0.3053","G"
"4","Trait5","FASTmrMLM","NsiI.TP193447","10","46836678","0.5121","2.2402","C"
"4","Trait5","FASTmrMLM","NsiI.TP331853","10","47067364","8.8308e-06","0.0019","C"
"4","Trait5","FASTmrMLM","PstI.TP94147","10","47073115","0.1107","1.1065","C"
"4","Trait5","FASTmrMLM","NsiI.TP674198","10","47105613","-2.0692e-05","0.0045","C"
"4","Trait5","FASTmrMLM","NsiI.TP704562","10","47224010","4.5551e-06","0.001","A"
"4","Trait5","FASTmrMLM","PstI.TP238558","10","47224962","4.7432e-06","0.001","A"
"4","Trait5","FASTmrMLM","PstI.TP117168","10","47248380","1.3213e-05","0.0029","C"
"4","Trait5","FASTmrMLM","PstI.TP118395","10","47252349","-2.6077e-05","0.0057","A"
"4","Trait5","FASTmrMLM","NsiI.TP441983","10","47252955","-0.1531","1.3469","C"
"4","Trait5","FASTmrMLM","NsiI.TP588173","10","47360278","0.1129","0.6955","A"
"4","Trait5","FASTmrMLM","NsiI.TP396215","10","47631955","-1.9583e-05","0.0043","A"
"4","Trait5","FASTmrMLM","NsiI.TP161186","10","47673257","-0.0655","0.5761","C"
"4","Trait5","FASTmrMLM","NsiI.TP79028","10","47723717","4.035e-05","0.0089","A"
"4","Trait5","FASTmrMLM","NsiI.TP673758","10","47726448","7.6119e-06","0.0017","C"
"4","Trait5","FASTmrMLM","NsiI.TP506550","10","47749845","2.3765e-06","5e-04","A"
"4","Trait5","FASTmrMLM","NsiI.TP704429","10","47749872","0.0858","0.3884","C"
"4","Trait5","FASTmrMLM","NsiI.TP704428","10","47749877","3.7282e-05","0.0082","C"
"4","Trait5","FASTmrMLM","PstI.TP947173","10","47750996","0.0258","0.3557","C"
"4","Trait5","FASTmrMLM","PstI.TP1256552","10","47768031","-1.9493e-05","0.0043","C"
"4","Trait5","FASTmrMLM","PstI.TP198356","10","47853704","-2.8229e-05","0.0062","C"
"4","Trait5","FASTmrMLM","PstI.TP1044741","10","47877662","-2.2014e-06","5e-04","A"
"4","Trait5","FASTmrMLM","NsiI.TP381289","10","47883792","1.0597e-05","0.0023","A"
"4","Trait5","FASTmrMLM","NsiI.TP440179","10","47915317","1.8823e-05","0.0041","A"
"4","Trait5","FASTmrMLM","NsiI.TP182738","10","47915476","1.4777e-05","0.0032","C"
"4","Trait5","FASTmrMLM","PstI.TP753228","10","47979677","0.3449","2.5001","A"
"4","Trait5","FASTmrMLM","PstI.TP1181425","10","48075031","2.9508e-05","0.0065","C"
"4","Trait5","FASTmrMLM","PstI.TP1181427","10","48075047","9.1349e-06","0.002","A"
"4","Trait5","FASTmrMLM","NsiI.TP594844","10","48078802","-1.6273e-05","0.0036","A"
"4","Trait5","FASTmrMLM","PstI.TP1292481","10","48091420","9.8666e-06","0.0022","C"
"4","Trait5","FASTmrMLM","PstI.TP1017298","10","48092206","3.9364e-06","9e-04","A"
"4","Trait5","FASTmrMLM","PstI.TP408419","10","48095053","1e-04","0.0105","A"
"4","Trait5","FASTmrMLM","PstI.TP636619","10","48115927","1.5401e-05","0.0034","A"
"4","Trait5","FASTmrMLM","PstI.TP1054374","10","48195172","-0.2325","1.2085","A"
"4","Trait5","FASTmrMLM","NsiI.TP17747","10","48218808","0.0711","0.6197","C"
"4","Trait5","FASTmrMLM","PstI.TP923118","10","48227826","-3e-04","0.0152","A"
"4","Trait5","FASTmrMLM","PstI.TP348548","10","48227847","-6.7681e-06","0.0015","A"
"4","Trait5","FASTmrMLM","PstI.TP990897","10","48403417","3.5191e-06","8e-04","A"
"4","Trait5","FASTmrMLM","PstI.TP362387","10","48567060","-3.2158e-05","0.0071","C"
"4","Trait5","FASTmrMLM","PstI.TP81733","10","48652307","-1e-04","0.0119","A"
"4","Trait5","FASTmrMLM","PstI.TP1121704","10","48681607","9.1054e-06","0.002","A"
"4","Trait5","FASTmrMLM","PstI.TP1064041","10","48701317","2.3814e-05","0.0052","A"
"4","Trait5","FASTmrMLM","NsiI.TP550329","10","48791640","1.2231e-06","3e-04","C"
"4","Trait5","FASTmrMLM","NsiI.TP550330","10","48791647","-6.6081e-06","0.0014","C"
"4","Trait5","FASTmrMLM","NsiI.TP243833","10","48792578","4.6713e-06","0.001","C"
"4","Trait5","FASTmrMLM","PstI.TP597210","10","48918066","-1.2024e-05","0.0026","C"
"4","Trait5","FASTmrMLM","NsiI.TP523850","10","48928341","3.0226e-05","0.0066","C"
"4","Trait5","FASTmrMLM","GFSSContig18986_1716","10","49027903","-0.0839","0.8277","T"
"4","Trait5","FASTmrMLM","PstI.TP1157813","10","49027931","-1.1582e-06","3e-04","A"
"4","Trait5","FASTmrMLM","PstI.TP1054459","10","49042852","-2.6423e-05","0.0053","C"
"4","Trait5","FASTmrMLM","NsiI.TP383980","10","49049781","-0.0813","1.2326","A"
"4","Trait5","FASTmrMLM","NsiI.TP304798","10","49051120","-0.129","1.8451","G"
"4","Trait5","FASTmrMLM","PstI.TP94918","10","49051709","-1.0095e-05","0.0022","A"
"4","Trait5","FASTmrMLM","NsiI.TP683334","10","49077545","0.0325","0.2853","A"
"4","Trait5","FASTmrMLM","NsiI.TP348074","10","49079706","0.211","1.1223","A"
"4","Trait5","FASTmrMLM","PstI.TP229182","10","49082934","-8.1786e-06","0.0018","A"
"4","Trait5","FASTmrMLM","NsiI.TP493861","10","49331454","1.8986e-05","0.0042","C"
"4","Trait5","FASTmrMLM","NsiI.TP580742","10","49332236","-1.9788e-06","4e-04","A"
"4","Trait5","FASTmrMLM","NsiI.TP34667","10","49333873","2.9253e-05","0.0064","C"
"4","Trait5","FASTmrMLM","NsiI.TP514025","10","49495452","2.2129e-05","0.0048","A"
"4","Trait5","FASTmrMLM","NsiI.TP631772","10","49543233","0.3015","1.5026","A"
"4","Trait5","FASTmrMLM","PstI.TP1053547","10","49637118","2.9943e-05","0.0066","A"
"4","Trait5","FASTmrMLM","PstI.TP522438","10","49677682","-3.2625e-06","7e-04","A"
"4","Trait5","FASTmrMLM","PstI.TP1253448","10","49715585","2.783e-05","0.0061","C"
"4","Trait5","FASTmrMLM","NsiI.TP678754","10","49764272","-3.1273e-07","6.8067e-05","A"
"4","Trait5","FASTmrMLM","PstI.TP1235656","10","49764509","5.4999e-06","0.0012","C"
"4","Trait5","FASTmrMLM","NsiI.TP523565","10","49766809","1.3934e-05","0.003","C"
"4","Trait5","FASTmrMLM","NsiI.TP315151","10","49812738","1.0366e-05","0.0023","A"
"4","Trait5","FASTmrMLM","NsiI.TP510581","10","49892388","3.5147e-05","0.0077","C"
"4","Trait5","FASTmrMLM","PstI.TP529698","10","49892865","-1.5902e-05","0.0035","A"
"4","Trait5","FASTmrMLM","PstI.TP1173737","10","49903323","2.0078e-05","0.0044","C"
"4","Trait5","FASTmrMLM","NsiI.TP509957","10","49922070","1.5826e-05","0.0035","C"
"4","Trait5","FASTmrMLM","NsiI.TP668598","10","49924782","1.2271e-05","0.0027","C"
"4","Trait5","FASTmrMLM","NsiI.TP23197","10","49925074","0.1462","0.6809","G"
"4","Trait5","FASTmrMLM","NsiI.TP293944","10","49957137","2.2562e-06","5e-04","A"
"4","Trait5","FASTmrMLM","NsiI.TP213164","10","50013318","0.1285","0.6468","C"
"4","Trait5","FASTmrMLM","NsiI.TP178869","10","50023115","-0.1327","0.4312","A"
"4","Trait5","FASTmrMLM","NsiI.TP667560","10","50051366","-2.7068e-07","5.8912e-05","A"
"4","Trait5","FASTmrMLM","NsiI.TP397975","10","50051424","-1.479e-05","0.0032","C"
"4","Trait5","FASTmrMLM","PstI.TP937634","10","50089066","-3.0397e-05","0.0067","C"
"4","Trait5","FASTmrMLM","PstI.TP61778","10","50177946","-1.4575e-06","3e-04","A"
"4","Trait5","FASTmrMLM","PstI.TP417311","10","50180152","0.1619","0.7878","A"
"4","Trait5","FASTmrMLM","PstI.TP682257","10","50183864","-2.4873e-05","0.0054","C"
"4","Trait5","FASTmrMLM","PstI.TP1121953","10","50199090","-2e-04","0.0135","A"
"4","Trait5","FASTmrMLM","PstI.TP1292743","10","50234337","-1.7645e-05","0.0039","A"
"4","Trait5","FASTmrMLM","NsiI.TP778479","10","50273616","-8.0005e-06","0.0017","A"
"4","Trait5","FASTmrMLM","NsiI.TP156616","10","50274388","-1.5098e-05","0.0033","A"
"4","Trait5","FASTmrMLM","PstI.TP244212","10","50286739","1.227e-05","0.0027","A"
"4","Trait5","FASTmrMLM","PstI.TP532263","10","50312279","-0.0826","0.5182","A"
"4","Trait5","FASTmrMLM","PstI.TP464711","10","50362823","1.0296e-05","0.0022","C"
"4","Trait5","FASTmrMLM","NsiI.TP820120","10","50382237","0.0736","0.6241","C"
"4","Trait5","FASTmrMLM","PstI.TP125419","10","50424324","8.5953e-06","0.0019","G"
"4","Trait5","FASTmrMLM","PstI.TP646511","10","50425404","2.0659e-07","4.4966e-05","A"
"4","Trait5","FASTmrMLM","PstI.TP24930","10","50426851","1.8043e-05","0.0039","A"
"4","Trait5","FASTmrMLM","PstI.TP1136756","10","50427433","0.159","1.2334","C"
"4","Trait5","FASTmrMLM","NsiI.TP707136","10","50427602","-1.0566e-05","0.0023","C"
"4","Trait5","FASTmrMLM","PstI.TP868239","10","50612298","-4.264e-06","9e-04","C"
"4","Trait5","FASTmrMLM","PstI.TP219735","10","50659048","-3.5835e-05","0.0079","C"
"4","Trait5","FASTmrMLM","PstI.TP570326","10","50662192","-4.5177e-07","9.8325e-05","A"
"4","Trait5","FASTmrMLM","NsiI.TP225571","10","50691656","-1.3103e-05","0.0029","C"
"4","Trait5","FASTmrMLM","PstI.TP15443","10","50810258","-0.0439","0.326","A"
"4","Trait5","FASTmrMLM","PstI.TP53904","10","50834979","1.2894e-05","0.0028","C"
"4","Trait5","FASTmrMLM","GFSSContig7223_314","10","50837810","1.8176e-05","0.004","A"
"4","Trait5","FASTmrMLM","PstI.TP1185926","10","50927108","0.0947","0.4296","C"
"4","Trait5","FASTmrMLM","PstI.TP723879","10","51006962","-0.0179","0.1904","C"
"4","Trait5","FASTmrMLM","PstI.TP335022","10","51006983","2.6717e-06","6e-04","C"
"4","Trait5","FASTmrMLM","PstI.TP109328","10","51013976","6.6002e-06","0.0014","A"
"4","Trait5","FASTmrMLM","NsiI.TP272109","10","51085262","0.0479","0.3762","A"
"4","Trait5","FASTmrMLM","PstI.TP5755","10","51085432","-1e-04","0.0088","G"
"4","Trait5","FASTmrMLM","NsiI.TP470842","10","51130928","-2.4144e-05","0.0053","A"
"4","Trait5","FASTmrMLM","GFSSContig8083_743","10","51337378","2.5046e-05","0.0055","C"
"4","Trait5","FASTmrMLM","NsiI.TP193372","10","51340112","0.185","0.8164","A"
"4","Trait5","FASTmrMLM","NsiI.TP520626","10","51364757","-1.724e-05","0.0038","C"
"4","Trait5","FASTmrMLM","NsiI.TP423891","10","51417287","-0.1429","0.4702","C"
"4","Trait5","FASTmrMLM","PstI.TP1170241","10","51421895","-6.5188e-06","0.0014","A"
"4","Trait5","FASTmrMLM","PstI.TP20263","10","51463261","-2.6448e-05","0.0058","A"
"4","Trait5","FASTmrMLM","PstI.TP674218","10","51514209","3.613e-05","0.0079","A"
"4","Trait5","FASTmrMLM","NsiI.TP6280","10","51530400","0.1942","1.1444","C"
"4","Trait5","FASTmrMLM","PstI.TP87052","10","51531585","-2.2264e-05","0.0049","C"
"4","Trait5","FASTmrMLM","NsiI.TP458691","10","51540116","1.6668e-05","0.0036","A"
"4","Trait5","FASTmrMLM","NsiI.TP112386","10","51547588","-9.5329e-07","2e-04","A"
"4","Trait5","FASTmrMLM","PstI.TP1273141","10","51595380","0.1913","0.9218","A"
"4","Trait5","FASTmrMLM","PstI.TP1013228","10","51619016","1.8762e-05","0.0041","A"
"4","Trait5","FASTmrMLM","NsiI.TP410719","10","51647624","-1.2728e-05","0.0028","C"
"4","Trait5","FASTmrMLM","PstI.TP178843","10","51681279","-0.0634","0.5366","A"
"4","Trait5","FASTmrMLM","PstI.TP195926","10","51681294","-3.2105e-06","7e-04","G"
"4","Trait5","FASTmrMLM","NsiI.TP679802","10","51705906","-2.3742e-05","0.0052","C"
"4","Trait5","FASTmrMLM","PstI.TP433469","10","51737515","-1.6102e-05","0.0035","C"
"4","Trait5","FASTmrMLM","NsiI.TP254325","10","51767969","-0.104","0.5058","C"
"4","Trait5","FASTmrMLM","NsiI.TP760284","10","51789361","0.0337","0.2288","C"
"4","Trait5","FASTmrMLM","NsiI.TP290905","10","51924216","-0.0824","0.7225","G"
"4","Trait5","FASTmrMLM","PstI.TP11868","10","52014085","-1.9982e-06","4e-04","A"
"4","Trait5","FASTmrMLM","PstI.TP720120","10","52017270","-4.3743e-06","0.001","A"
"4","Trait5","FASTmrMLM","PstI.TP1053992","10","52019277","-0.0141","0.1519","A"
"4","Trait5","FASTmrMLM","NsiI.TP470298","10","52026025","4.9254e-06","0.0011","A"
"4","Trait5","FASTmrMLM","NsiI.TP149236","10","52051989","-0.2228","1.1047","C"
"4","Trait5","FASTmrMLM","PstI.TP260371","10","52056932","2.0949e-05","0.0046","C"
"4","Trait5","FASTmrMLM","PstI.TP426262","10","52072704","-5.6457e-06","0.0012","C"
"4","Trait5","FASTmrMLM","GFSSContig17850_1447","10","52073322","-5.0049e-06","0.0011","A"
"4","Trait5","FASTmrMLM","NsiI.TP437450","10","52074699","-1.5172e-05","0.0033","A"
"4","Trait5","FASTmrMLM","NsiI.TP261624","10","52084028","0.0113","0.1765","A"
"4","Trait5","FASTmrMLM","PstI.TP1292807","10","52092909","-1.0426e-05","0.0023","C"
"4","Trait5","FASTmrMLM","PstI.TP661854","10","52095010","1.6432e-06","4e-04","A"
"4","Trait5","FASTmrMLM","NsiI.TP751992","10","52214487","-1.2151e-05","0.0027","A"
"4","Trait5","FASTmrMLM","NsiI.TP703441","10","52233441","-0.213","1.1984","C"
"4","Trait5","FASTmrMLM","NsiI.TP387042","10","52233954","-2.1963e-05","0.0048","C"
"4","Trait5","FASTmrMLM","PstI.TP771967","10","52242723","0.0424","0.4047","C"
"4","Trait5","FASTmrMLM","PstI.TP106723","10","52247586","0.1342","1.0176","A"
"4","Trait5","FASTmrMLM","NsiI.TP218696","10","52279503","-1.7259e-05","0.0038","A"
"4","Trait5","FASTmrMLM","NsiI.TP437409","10","52282583","0.018","0.2325","A"
"4","Trait5","FASTmrMLM","NsiI.TP631452","10","52286358","-0.1445","1.5605","A"
"4","Trait5","FASTmrMLM","PstI.TP486850","10","52287586","3.9329e-07","8.5591e-05","A"
"4","Trait5","FASTmrMLM","PstI.TP38763","10","52306839","7.8908e-06","0.0017","A"
"4","Trait5","FASTmrMLM","PstI.TP42898","10","52309781","1.3929e-05","0.003","A"
"4","Trait5","FASTmrMLM","PstI.TP50860","10","52412919","-0.2562","1.3471","A"
"4","Trait5","FASTmrMLM","PstI.TP709257","10","52450199","1.1404e-05","0.0025","A"
"4","Trait5","FASTmrMLM","NsiI.TP367228","10","52451029","0.0331","0.4031","A"
"4","Trait5","FASTmrMLM","NsiI.TP705997","10","52485176","-1.3619e-05","0.003","A"
"4","Trait5","FASTmrMLM","PstI.TP700255","10","52485631","6.6432e-06","0.0014","A"
"4","Trait5","FASTmrMLM","NsiI.TP128214","10","52490885","0.0655","0.4181","G"
"4","Trait5","FASTmrMLM","NsiI.TP389583","10","52493178","-0.0336","0.4671","C"
"4","Trait5","FASTmrMLM","GFSSContig20137_812","10","52495932","0.0792","0.8271","A"
"4","Trait5","FASTmrMLM","NsiI.TP798136","10","52520928","1.9082e-05","0.0042","C"
"4","Trait5","FASTmrMLM","NsiI.TP218071","10","52522488","-0.0434","0.2568","C"
"4","Trait5","FASTmrMLM","NsiI.TP241550","10","52523125","-1.0087e-05","0.0022","C"
"4","Trait5","FASTmrMLM","PstI.TP1076856","10","52560923","-1.9142e-06","4e-04","C"
"4","Trait5","FASTmrMLM","PstI.TP831823","10","52577215","-2.102e-05","0.0046","A"
"4","Trait5","FASTmrMLM","NsiI.TP260208","10","52582112","-3.6598e-06","8e-04","A"
"4","Trait5","FASTmrMLM","PstI.TP361697","10","52585189","0.0487","0.5399","A"
"4","Trait5","FASTmrMLM","PstI.TP263035","10","52618156","6.3393e-06","0.0014","A"
"4","Trait5","FASTmrMLM","PstI.TP1228414","10","52632905","-1.2706e-05","0.0028","C"
"4","Trait5","FASTmrMLM","NsiI.TP238741","10","52633058","0.053","0.49","C"
"4","Trait5","FASTmrMLM","NsiI.TP238740","10","52633081","-1.0299e-05","0.0022","A"
"4","Trait5","FASTmrMLM","NsiI.TP717229","10","52682882","0.0216","0.2324","C"
"4","Trait5","FASTmrMLM","PstI.TP1086849","10","52687006","-1.3828e-05","0.003","A"
"4","Trait5","FASTmrMLM","PstI.TP1021967","10","52703098","0.0297","0.2338","A"
"4","Trait5","FASTmrMLM","NsiI.TP495272","10","52726073","2.9299e-06","6e-04","A"
"4","Trait5","FASTmrMLM","NsiI.TP329333","10","52726189","-1.1941e-05","0.0026","A"
"4","Trait5","FASTmrMLM","NsiI.TP70408","10","52743822","-8.2065e-06","0.0018","A"
"4","Trait5","FASTmrMLM","NsiI.TP521924","10","52812906","-0.1241","0.817","C"
"4","Trait5","FASTmrMLM","NsiI.TP42778","10","52815086","0.0297","0.2907","C"
"4","Trait5","FASTmrMLM","GFk50ctg18383_265","10","52816775","1.6635e-05","0.0036","A"
"4","Trait5","FASTmrMLM","NsiI.TP124896","10","52888347","-0.0426","0.2326","A"
"4","Trait5","FASTmrMLM","PstI.TP475850","10","52909822","-1.8709e-05","0.0041","C"
"4","Trait5","FASTmrMLM","PstI.TP107358","10","52917794","-1.5698e-05","0.0034","C"
"4","Trait5","FASTmrMLM","PstI.TP223986","10","52958855","1.8013e-05","0.0039","C"
"4","Trait5","FASTmrMLM","NsiI.TP669484","10","52962837","-1.6678e-05","0.0036","A"
"4","Trait5","FASTmrMLM","NsiI.TP780557","10","53001221","7.2282e-06","0.0016","A"
"4","Trait5","FASTmrMLM","PstI.TP350445","10","53018395","0.0299","0.378","G"
"4","Trait5","FASTmrMLM","PstI.TP350443","10","53018412","-0.1248","1.2279","A"
"4","Trait5","FASTmrMLM","PstI.TP134017","10","53064853","0.44","1.4434","G"
"4","Trait5","FASTmrMLM","NsiI.TP320769","10","53068823","1.0825e-06","2e-04","C"
"4","Trait5","FASTmrMLM","PstI.TP814682","10","53107040","-0.1108","0.5571","A"
"4","Trait5","FASTmrMLM","NsiI.TP36667","10","53111578","1.7562e-05","0.0038","C"
"4","Trait5","FASTmrMLM","NsiI.TP183747","10","53127914","-5.7836e-06","0.0013","C"
"4","Trait5","FASTmrMLM","PstI.TP532535","10","53161445","-0.0191","0.2352","C"
"4","Trait5","FASTmrMLM","NsiI.TP486343","10","53163806","-9.1524e-06","0.002","A"
"4","Trait5","FASTmrMLM","PstI.TP212091","10","53165592","0.1074","0.377","C"
"4","Trait5","FASTmrMLM","PstI.TP727385","10","53174224","-0.1325","0.8598","C"
"4","Trait5","FASTmrMLM","PstI.TP727388","10","53174248","-2.1506e-06","5e-04","C"
"4","Trait5","FASTmrMLM","NsiI.TP321761","10","53175522","-2.8495e-05","0.0062","A"
"4","Trait5","FASTmrMLM","PstI.TP1143983","10","53211387","1.8157e-05","0.004","A"
"4","Trait5","FASTmrMLM","PstI.TP778560","10","53212680","5.1395e-06","0.0011","C"
"4","Trait5","FASTmrMLM","PstI.TP459190","10","53216840","9.2255e-06","0.002","C"
"4","Trait5","FASTmrMLM","PstI.TP906303","10","53220537","-0.074","0.3478","A"
"4","Trait5","FASTmrMLM","PstI.TP1028013","10","53221437","0.0757","0.5301","A"
"4","Trait5","FASTmrMLM","PstI.TP308255","10","53225710","-1.6327e-05","0.0036","A"
"4","Trait5","FASTmrMLM","PstI.TP930317","10","53226414","-4.4053e-06","0.001","A"
"4","Trait5","FASTmrMLM","PstI.TP319628","10","53231492","-1.5953e-05","0.0035","C"
"4","Trait5","FASTmrMLM","NsiI.TP705624","10","53232940","1.8729e-05","0.0041","A"
"4","Trait5","FASTmrMLM","NsiI.TP249362","10","53235875","-7.207e-06","0.0016","A"
"4","Trait5","FASTmrMLM","NsiI.TP249383","10","53235878","3.5287e-05","0.0077","C"
"4","Trait5","FASTmrMLM","NsiI.TP622267","10","53237415","-0.0212","0.3348","C"
"4","Trait5","FASTmrMLM","NsiI.TP798062","10","53247076","-2.5459e-05","0.0056","A"
"4","Trait5","FASTmrMLM","PstI.TP1133476","10","53345019","1.3361e-05","0.0029","C"
"4","Trait5","FASTmrMLM","PstI.TP84709","10","53386370","1.0379e-05","0.0023","A"
"4","Trait5","FASTmrMLM","PstI.TP784128","10","53394716","2.14e-06","5e-04","C"
"4","Trait5","FASTmrMLM","NsiI.TP438012","10","53454878","8.106e-06","0.0018","C"
"4","Trait5","FASTmrMLM","PstI.TP1176094","10","53461215","0.0705","0.6381","C"
"4","Trait5","FASTmrMLM","NsiI.TP229385","10","53463564","-1.807e-06","4e-04","A"
"4","Trait5","FASTmrMLM","PstI.TP1136731","10","53464697","5.4967e-05","0.0059","A"
"4","Trait5","FASTmrMLM","PstI.TP1009027","10","53467120","1.2509e-05","0.0027","A"
"4","Trait5","FASTmrMLM","PstI.TP541255","10","53477961","1.6265e-05","0.0036","C"
"4","Trait5","FASTmrMLM","PstI.TP541249","10","53477972","0.118","0.6242","A"
"4","Trait5","FASTmrMLM","PstI.TP187548","10","53478010","8.9699e-06","0.002","A"
"4","Trait5","FASTmrMLM","NsiI.TP413516","10","53483683","5.0052e-07","1e-04","C"
"4","Trait5","FASTmrMLM","PstI.TP186522","10","53486270","2.4919e-05","0.0055","A"
"4","Trait5","FASTmrMLM","NsiI.TP105243","10","53510064","2.324e-05","0.0051","A"
"4","Trait5","FASTmrMLM","PstI.TP168634","10","53533349","-0.0173","0.2223","C"
"4","Trait5","FASTmrMLM","NsiI.TP716232","10","53533726","1.6316e-05","0.0036","C"
"4","Trait5","FASTmrMLM","NsiI.TP234431","10","53539520","2.1194e-05","0.0046","C"
"4","Trait5","FASTmrMLM","NsiI.TP3054","10","53587522","-8.4842e-06","0.0019","C"
"4","Trait5","FASTmrMLM","PstI.TP1228267","10","53617994","0.0774","0.8807","A"
"4","Trait5","FASTmrMLM","PstI.TP63573","10","53647194","-4.9158e-06","0.0011","C"
"4","Trait5","FASTmrMLM","PstI.TP1069101","10","53708362","-6.0248e-06","0.0013","A"
"4","Trait5","FASTmrMLM","PstI.TP1027534","10","53709062","-1.021e-05","0.0022","C"
"4","Trait5","FASTmrMLM","PstI.TP790645","10","53743947","7.4626e-06","0.0016","A"
"4","Trait5","FASTmrMLM","NsiI.TP760710","10","53746143","5.5546e-06","0.0012","G"
"4","Trait5","FASTmrMLM","PstI.TP1236840","10","53749636","-1.721e-05","0.0038","G"
"4","Trait5","FASTmrMLM","PstI.TP1232675","10","53781797","-2.2988e-05","0.005","A"
"4","Trait5","FASTmrMLM","PstI.TP863480","10","53788550","-1.6912e-05","0.0037","C"
"4","Trait5","FASTmrMLM","NsiI.TP561668","10","53807106","1.0621e-05","0.0023","A"
"4","Trait5","FASTmrMLM","PstI.TP340987","10","53814983","0.1735","1.0308","A"
"4","Trait5","FASTmrMLM","PstI.TP449108","10","53846567","0.1023","0.6342","C"
"4","Trait5","FASTmrMLM","PstI.TP330860","10","53846633","-0.0101","0.1601","A"
"4","Trait5","FASTmrMLM","PstI.TP1164010","10","53853086","2.1919e-05","0.0048","C"
"4","Trait5","FASTmrMLM","PstI.TP62759","10","53860104","-5.6289e-06","0.0012","A"
"4","Trait5","FASTmrMLM","NsiI.TP754861","10","53872441","8.4769e-06","0.0018","A"
"4","Trait5","FASTmrMLM","NsiI.TP105348","10","53884381","2.0217e-05","0.0044","A"
"4","Trait5","FASTmrMLM","NsiI.TP458676","10","53897116","0.1718","1.1412","A"
"4","Trait5","FASTmrMLM","NsiI.TP825662","10","53913974","-0.0441","0.4412","C"
"4","Trait5","FASTmrMLM","PstI.TP410728","10","54017261","1.6893e-05","0.0037","C"
"4","Trait5","FASTmrMLM","PstI.TP1245284","10","54019996","1.5151e-05","0.0033","A"
"4","Trait5","FASTmrMLM","NsiI.TP255034","10","54041136","2.9506e-05","0.0065","C"
"4","Trait5","FASTmrMLM","NsiI.TP753115","10","54052527","0.0644","0.3152","A"
"4","Trait5","FASTmrMLM","NsiI.TP681586","10","54070078","-7.9821e-06","0.0017","C"
"4","Trait5","FASTmrMLM","PstI.TP271639","10","54081292","-0.0151","0.1906","C"
"4","Trait5","FASTmrMLM","NsiI.TP622418","10","54090606","-6.7907e-06","0.0015","A"
"4","Trait5","FASTmrMLM","PstI.TP1109485","10","54131399","-0.0844","0.8499","A"
"4","Trait5","FASTmrMLM","NsiI.TP580116","10","54131962","0.0394","0.2544","A"
"4","Trait5","FASTmrMLM","NsiI.TP436910","10","54134148","0.0228","0.2668","A"
"4","Trait5","FASTmrMLM","NsiI.TP652320","10","54138549","1.3754e-05","0.003","A"
"4","Trait5","FASTmrMLM","PstI.TP487850","10","54139344","-0.0274","0.3047","G"
"4","Trait5","FASTmrMLM","NsiI.TP64744","10","54154567","-0.0082","0.1389","C"
"4","Trait5","FASTmrMLM","PstI.TP1047126","10","54157586","0.1647","0.735","A"
"4","Trait5","FASTmrMLM","NsiI.TP619174","10","54171747","5.0806e-06","0.0011","G"
"4","Trait5","FASTmrMLM","PstI.TP1125186","10","54186772","7.1568e-06","0.0016","A"
"4","Trait5","FASTmrMLM","PstI.TP998956","10","54190123","1.6986e-05","0.0037","C"
"4","Trait5","FASTmrMLM","PstI.TP364058","10","54205221","1.833e-05","0.004","C"
"4","Trait5","FASTmrMLM","PstI.TP277515","10","54227481","-1.0382e-05","0.0023","C"
"4","Trait5","FASTmrMLM","NsiI.TP229740","10","54228950","-1.0108e-05","0.0022","A"
"4","Trait5","FASTmrMLM","GFSSContig19588_253","10","54235621","3.1452e-05","0.0069","A"
"4","Trait5","FASTmrMLM","NsiI.TP117346","10","54240359","-1.0811e-05","0.0024","A"
"4","Trait5","FASTmrMLM","NsiI.TP264370","10","54257349","-1.5792e-05","0.0035","A"
"4","Trait5","FASTmrMLM","NsiI.TP302379","10","54262037","-0.0523","0.6725","A"
"4","Trait5","FASTmrMLM","PstI.TP891669","10","54262693","-0.035","0.345","A"
"4","Trait5","FASTmrMLM","PstI.TP1137650","10","54284844","-1.1921e-05","0.0026","A"
"4","Trait5","FASTmrMLM","NsiI.TP40744","10","54312080","9.2118e-05","0.0092","A"
"4","Trait5","FASTmrMLM","NsiI.TP122771","10","54336741","-2.0552e-05","0.0045","C"
"4","Trait5","FASTmrMLM","NsiI.TP820403","10","54341408","-7.913e-06","0.0017","A"
"4","Trait5","FASTmrMLM","PstI.TP256742","10","54367407","3.0902e-06","7e-04","C"
"4","Trait5","FASTmrMLM","PstI.TP256752","10","54367437","-1.2667e-06","3e-04","C"
"4","Trait5","FASTmrMLM","PstI.TP996719","10","54374523","3.6812e-05","0.0081","C"
"4","Trait5","FASTmrMLM","PstI.TP147719","10","54379653","-0.0718","0.5484","C"
"4","Trait5","FASTmrMLM","NsiI.TP186828","10","54379826","0.1934","1.2747","A"
"4","Trait5","FASTmrMLM","NsiI.TP521085","10","54384414","3.8295e-06","8e-04","A"
"4","Trait5","FASTmrMLM","NsiI.TP413239","10","54391868","-2.6923e-06","6e-04","A"
"4","Trait5","FASTmrMLM","NsiI.TP467872","10","54393096","-5.89e-06","0.0013","C"
"4","Trait5","FASTmrMLM","PstI.TP1114752","10","54445382","5.6698e-06","0.0012","A"
"4","Trait5","FASTmrMLM","PstI.TP451916","10","54445697","-3.7377e-06","8e-04","G"
"4","Trait5","FASTmrMLM","NsiI.TP540208","10","54455601","-2.069e-06","5e-04","A"
"4","Trait5","FASTmrMLM","NsiI.TP782526","10","54462449","8.0848e-06","0.0018","C"
"4","Trait5","FASTmrMLM","PstI.TP128322","10","54480297","-2.6629e-05","0.0058","A"
"4","Trait5","FASTmrMLM","PstI.TP269547","10","54491009","-0.0564","0.3452","C"
"4","Trait5","FASTmrMLM","PstI.TP450204","10","54493143","0.0795","0.5797","C"
"4","Trait5","FASTmrMLM","PstI.TP117838","10","54500517","-0.1367","1.315","C"
"4","Trait5","FASTmrMLM","PstI.TP320710","10","54501313","4.4083e-06","0.001","A"
"4","Trait5","FASTmrMLM","NsiI.TP124066","10","54511960","0.1277","1.031","A"
"4","Trait5","FASTmrMLM","PstI.TP180687","10","54518367","-4.917e-05","0.0069","C"
"4","Trait5","FASTmrMLM","PstI.TP1211738","10","54530196","-1.0105e-05","0.0022","G"
"4","Trait5","FASTmrMLM","NsiI.TP672230","10","54530526","1.032e-05","0.0023","A"
"4","Trait5","FASTmrMLM","NsiI.TP672068","10","54530527","0.0615","0.5511","A"
"4","Trait5","FASTmrMLM","PstI.TP79348","10","54544206","0.024","0.1627","A"
"4","Trait5","FASTmrMLM","NsiI.TP534513","10","54553122","-0.0308","0.3825","C"
"4","Trait5","FASTmrMLM","NsiI.TP63304","10","54553278","-0.0828","0.7658","A"
"4","Trait5","FASTmrMLM","PstI.TP992016","10","54553654","-0.3316","2.137","A"
"4","Trait5","FASTmrMLM","NsiI.TP152015","10","54557245","-0.3098","2.7959","C"
"4","Trait5","FASTmrMLM","PstI.TP865404","10","54566399","-1.2807e-05","0.0028","C"
"4","Trait5","FASTmrMLM","PstI.TP908452","10","54570890","2e-04","0.0112","C"
"4","Trait5","FASTmrMLM","NsiI.TP313260","10","54588906","-1.1448e-05","0.0025","C"
"4","Trait5","FASTmrMLM","PstI.TP172232","10","54590551","1.0329e-05","0.0023","C"
"4","Trait5","FASTmrMLM","NsiI.TP577880","10","54611174","1.752e-05","0.0038","A"
"4","Trait5","FASTmrMLM","PstI.TP1281465","10","54613487","0.0495","0.3932","A"
"4","Trait5","FASTmrMLM","PstI.TP994161","10","54613589","0.0869","0.9898","A"
"4","Trait5","FASTmrMLM","PstI.TP1051000","10","54674360","-2.4403e-05","0.0053","A"
"4","Trait5","FASTmrMLM","PstI.TP151981","10","54680742","9.5537e-06","0.0021","A"
"4","Trait5","FASTmrMLM","NsiI.TP831422","10","54817510","1.0912e-05","0.0024","A"
"4","Trait5","FASTmrMLM","PstI.TP602402","10","54941931","-0.1376","1.0073","C"
"4","Trait5","FASTmrMLM","PstI.TP64096","10","54947050","0.0385","0.4592","C"
"4","Trait5","FASTmrMLM","PstI.TP1191774","10","54951396","2.2503e-05","0.0049","C"
"4","Trait5","FASTmrMLM","PstI.TP585117","10","54951950","2.2417e-05","0.0049","A"
"4","Trait5","FASTmrMLM","NsiI.TP452570","10","54952925","0.0574","0.6111","A"
"4","Trait5","FASTmrMLM","PstI.TP818976","10","54967968","2.33e-05","0.0051","C"
"4","Trait5","FASTmrMLM","NsiI.TP236391","10","54968940","-0.0159","0.265","A"
"4","Trait5","FASTmrMLM","PstI.TP719659","10","54993631","1.2599e-05","0.0028","A"
"4","Trait5","FASTmrMLM","PstI.TP135674","10","54993857","0.232","2.0035","C"
"4","Trait5","FASTmrMLM","PstI.TP917636","10","55007339","1.298e-05","0.0028","A"
"4","Trait5","FASTmrMLM","NsiI.TP739298","10","55018597","0.0438","0.5136","A"
"4","Trait5","FASTmrMLM","NsiI.TP521504","10","55033397","-1.3946e-05","0.003","C"
"4","Trait5","FASTmrMLM","PstI.TP1190408","10","55038705","0.0676","0.5591","A"
"4","Trait5","FASTmrMLM","PstI.TP581881","10","55053502","6.9432e-06","0.0015","A"
"4","Trait5","FASTmrMLM","PstI.TP49353","10","55083551","0.1064","1.2614","A"
"4","Trait5","FASTmrMLM","PstI.TP832276","10","55089669","-3.1771e-05","0.007","C"
"4","Trait5","FASTmrMLM","NsiI.TP305193","10","55090385","-4.1698e-06","9e-04","C"
"4","Trait5","FASTmrMLM","PstI.TP735357","10","55100759","-0.031","0.1568","A"
"4","Trait5","FASTmrMLM","PstI.TP1149056","10","55108061","0.0525","0.4189","A"
"4","Trait5","FASTmrMLM","NsiI.TP177223","10","55118084","1.7091e-05","0.0037","A"
"4","Trait5","FASTmrMLM","NsiI.TP557652","10","55121411","0.1205","0.9599","C"
"4","Trait5","FASTmrMLM","PstI.TP200760","10","55128780","-1.601e-05","0.0035","A"
"4","Trait5","FASTmrMLM","PstI.TP768105","10","55157500","-4.8998e-06","0.0011","A"
"4","Trait5","FASTmrMLM","NsiI.TP471077","10","55159986","-7.5971e-06","0.0017","G"
"4","Trait5","FASTmrMLM","PstI.TP625029","10","55191714","-1.3174e-05","0.0029","A"
"4","Trait5","FASTmrMLM","PstI.TP1250260","10","55217909","-0.0188","0.1547","C"
"4","Trait5","FASTmrMLM","PstI.TP1164355","10","55218000","-3.8745e-05","0.0085","C"
"4","Trait5","FASTmrMLM","PstI.TP675605","10","55218060","2.1163e-06","5e-04","G"
"4","Trait5","FASTmrMLM","NsiI.TP423103","10","55244356","-1.0109e-05","0.0022","C"
"4","Trait5","FASTmrMLM","NsiI.TP669504","10","55252025","0.0554","0.5894","C"
"4","Trait5","FASTmrMLM","PstI.TP152882","10","55270489","-0.0495","0.3152","C"
"4","Trait5","FASTmrMLM","PstI.TP986652","10","55293480","3.0229e-06","7e-04","A"
"4","Trait5","FASTmrMLM","NsiI.TP757582","10","55323042","3.9636e-06","9e-04","A"
"4","Trait5","FASTmrMLM","PstI.TP177199","10","55333311","1.3793e-05","0.003","A"
"4","Trait5","FASTmrMLM","PstI.TP293694","10","55334702","-7.1267e-06","0.0016","C"
"4","Trait5","FASTmrMLM","PstI.TP1088104","10","55370727","-0.0105","0.1462","A"
"4","Trait5","FASTmrMLM","PstI.TP747497","10","55416870","-1.7734e-05","0.0039","A"
"4","Trait5","FASTmrMLM","PstI.TP762031","10","55416903","1.0584e-05","0.0023","A"
"4","Trait5","FASTmrMLM","PstI.TP745357","10","55417244","1.2184e-06","3e-04","C"
"4","Trait5","FASTmrMLM","NsiI.TP277396","10","55425765","-0.0349","0.2913","A"
"4","Trait5","FASTmrMLM","PstI.TP1012886","10","55426376","-1.5917e-05","0.0035","C"
"4","Trait5","FASTmrMLM","PstI.TP1157962","10","55436512","-9.3229e-06","0.002","C"
"4","Trait5","FASTmrMLM","PstI.TP43644","10","55462944","3.4155e-05","0.0075","A"
"4","Trait5","FASTmrMLM","PstI.TP1207922","10","55463410","0.0863","0.6873","G"
"4","Trait5","FASTmrMLM","NsiI.TP31999","10","55493115","1.6997e-05","0.0037","A"
"4","Trait5","FASTmrMLM","NsiI.TP466119","10","55494510","-8.3661e-06","0.0018","A"
"4","Trait5","FASTmrMLM","PstI.TP707759","10","55544501","-1.6762e-05","0.0037","G"
"4","Trait5","FASTmrMLM","NsiI.TP60000","10","55575212","-2.6005e-05","0.0037","C"
"4","Trait5","FASTmrMLM","NsiI.TP527741","10","55575641","-0.0886","0.4913","C"
"4","Trait5","FASTmrMLM","PstI.TP1276738","10","55582929","-2.8689e-05","0.0063","A"
"4","Trait5","FASTmrMLM","NsiI.TP802016","10","55584117","0.0281","0.2511","C"
"4","Trait5","FASTmrMLM","PstI.TP880922","10","55606004","0.3184","1.1035","A"
"4","Trait5","FASTmrMLM","NsiI.TP437839","10","55680934","-1.2153e-05","0.0027","C"
"4","Trait5","FASTmrMLM","PstI.TP45187","10","55707500","7.8083e-06","0.0017","A"
"4","Trait5","FASTmrMLM","NsiI.TP139501","10","55716297","1.8104e-05","0.004","A"
"4","Trait5","FASTmrMLM","PstI.TP887121","10","55720067","-2.5113e-05","0.0055","G"
"4","Trait5","FASTmrMLM","NsiI.TP419906","10","55733127","0.0612","0.5479","A"
"4","Trait5","FASTmrMLM","NsiI.TP473372","10","55734255","-0.1737","0.5303","A"
"4","Trait5","FASTmrMLM","PstI.TP282598","10","55748349","-0.3056","1.6067","C"
"4","Trait5","FASTmrMLM","PstI.TP714039","10","55773042","-0.0448","0.4787","A"
"4","Trait5","FASTmrMLM","PstI.TP962151","10","55776127","-0.0682","0.6356","C"
"4","Trait5","FASTmrMLM","NsiI.TP134955","10","55781876","0.316","0.9671","A"
"4","Trait5","FASTmrMLM","NsiI.TP450419","10","55791832","1.9314e-05","0.0042","C"
"4","Trait5","FASTmrMLM","NsiI.TP482991","10","55800492","-0.0206","0.23","A"
"4","Trait5","FASTmrMLM","NsiI.TP62289","10","55801034","-0.1323","1.0138","A"
"4","Trait5","FASTmrMLM","NsiI.TP386617","10","55802096","-2.0901e-06","5e-04","A"
"4","Trait5","FASTmrMLM","NsiI.TP386616","10","55802123","-3.5237e-05","0.0077","A"
"4","Trait5","FASTmrMLM","PstI.TP10115","10","55846940","-8.6801e-06","0.0019","A"
"4","Trait5","FASTmrMLM","PstI.TP568763","10","55874415","2.5924e-05","0.0057","A"
"4","Trait5","FASTmrMLM","PstI.TP539853","10","55903817","-2.0245e-05","0.0044","C"
"4","Trait5","FASTmrMLM","PstI.TP494764","10","55904701","1.4496e-06","3e-04","A"
"4","Trait5","FASTmrMLM","PstI.TP237199","10","55905397","-0.0338","0.3512","C"
"4","Trait5","FASTmrMLM","NsiI.TP441998","10","55908462","2.0315e-05","0.0044","A"
"4","Trait5","FASTmrMLM","PstI.TP738290","10","55921908","-0.0787","0.9497","A"
"4","Trait5","FASTmrMLM","PstI.TP1075367","10","55922964","0.0223","0.1633","A"
"4","Trait5","FASTmrMLM","NsiI.TP467422","10","55949323","-0.0503","0.3687","G"
"4","Trait5","FASTmrMLM","PstI.TP898421","10","55967041","2.1062e-05","0.0046","C"
"4","Trait5","FASTmrMLM","PstI.TP198426","10","55973218","-0.1665","0.792","C"
"4","Trait5","FASTmrMLM","PstI.TP1191273","10","55973245","-7.436e-06","0.0016","A"
"4","Trait5","FASTmrMLM","PstI.TP467914","10","55974804","-1.3193e-05","0.0029","C"
"4","Trait5","FASTmrMLM","PstI.TP338483","10","55977800","0.0147","0.0947","G"
"4","Trait5","FASTmrMLM","PstI.TP1120718","10","55997546","-1.7185e-05","0.0038","A"
"4","Trait5","FASTmrMLM","PstI.TP891978","10","55999175","0.0778","0.6547","C"
"4","Trait5","FASTmrMLM","PstI.TP905642","10","56002134","4.1289e-05","0.0091","C"
"4","Trait5","FASTmrMLM","NsiI.TP305158","10","56037527","-0.0138","0.2376","A"
"4","Trait5","FASTmrMLM","NsiI.TP305157","10","56037561","1.2227e-05","0.0027","A"
"4","Trait5","FASTmrMLM","NsiI.TP350028","10","56058607","-2.1351e-05","0.0047","A"
"4","Trait5","FASTmrMLM","PstI.TP243672","10","56062196","-8.7355e-06","0.0019","G"
"4","Trait5","FASTmrMLM","NsiI.TP54576","10","56092565","4.1488e-05","0.0091","A"
"4","Trait5","FASTmrMLM","PstI.TP1127363","10","56099029","-3.6187e-05","0.0079","G"
"4","Trait5","FASTmrMLM","PstI.TP101438","10","56101348","-6.7506e-06","0.0015","C"
"4","Trait5","FASTmrMLM","PstI.TP177678","10","56115246","-0.0651","0.2787","A"
"4","Trait5","FASTmrMLM","NsiI.TP825176","10","56124622","1.3696e-06","3e-04","C"
"4","Trait5","FASTmrMLM","PstI.TP712918","10","56125218","1.6953e-05","0.0037","A"
"4","Trait5","FASTmrMLM","PstI.TP271541","10","56172761","-2.5542e-05","0.0056","C"
"4","Trait5","FASTmrMLM","NsiI.TP795502","10","56173028","-0.0229","0.3197","A"
"4","Trait5","FASTmrMLM","PstI.TP202284","10","56175041","-1.7562e-05","0.0038","C"
"4","Trait5","FASTmrMLM","PstI.TP1009563","10","56175139","-0.0521","0.2646","A"
"4","Trait5","FASTmrMLM","PstI.TP124195","10","56177761","1.2505e-05","0.0027","A"
"4","Trait5","FASTmrMLM","PstI.TP1222468","10","56178068","6.0513e-06","0.0013","A"
"4","Trait5","FASTmrMLM","PstI.TP263994","10","56183296","1.0869e-05","0.0024","A"
"4","Trait5","FASTmrMLM","PstI.TP804730","10","56184709","-2.9206e-05","0.0064","A"
"4","Trait5","FASTmrMLM","PstI.TP162536","10","56188930","1.2959e-06","3e-04","A"
"4","Trait5","FASTmrMLM","NsiI.TP337624","10","56201507","9.3495e-06","0.002","A"
"4","Trait5","FASTmrMLM","NsiI.TP780583","10","56223197","0.0526","0.3127","A"
"4","Trait5","FASTmrMLM","PstI.TP1123265","10","56230428","-3.744e-06","8e-04","A"
"4","Trait5","FASTmrMLM","PstI.TP299682","10","56230477","-4.3159e-06","9e-04","A"
"4","Trait5","FASTmrMLM","NsiI.TP36278","10","56255147","-0.0521","0.3465","A"
"4","Trait5","FASTmrMLM","PstI.TP140535","10","56266608","8.1714e-06","0.0018","A"
"4","Trait5","FASTmrMLM","PstI.TP269318","10","56276045","2.7196e-05","0.006","A"
"4","Trait5","FASTmrMLM","NsiI.TP108840","10","56283539","-0.0253","0.2913","A"
"4","Trait5","FASTmrMLM","PstI.TP1159632","10","56290471","1.3252e-05","0.0029","A"
"4","Trait5","FASTmrMLM","NsiI.TP330963","10","56296082","3.7245e-05","0.0059","A"
"4","Trait5","FASTmrMLM","NsiI.TP545316","10","56300203","-3.686e-05","0.0081","A"
"4","Trait5","FASTmrMLM","NsiI.TP602515","10","56300282","-2.5961e-05","0.0057","C"
"4","Trait5","FASTmrMLM","PstI.TP409507","10","56313003","-1e-04","0.0124","G"
"4","Trait5","FASTmrMLM","NsiI.TP385611","10","56337243","1.2633e-05","0.0028","G"
"4","Trait5","FASTmrMLM","PstI.TP1042925","10","56340320","2.9319e-05","0.0064","A"
"4","Trait5","FASTmrMLM","NsiI.TP328184","10","56346502","-0.0648","0.2875","A"
"4","Trait5","FASTmrMLM","NsiI.TP559543","10","56346801","-0.1279","0.9904","G"
"4","Trait5","FASTmrMLM","NsiI.TP669502","10","56357081","-5.756e-06","0.0013","C"
"4","Trait5","FASTmrMLM","NsiI.TP574007","10","56359003","0.0786","0.865","C"
"4","Trait5","FASTmrMLM","PstI.TP642159","10","56363399","6.0276e-07","1e-04","A"
"4","Trait5","FASTmrMLM","PstI.TP1187290","10","56390260","-6.4767e-06","0.0014","C"
"4","Trait5","FASTmrMLM","NsiI.TP302923","10","56419615","-2.1021e-05","0.0046","A"
"4","Trait5","FASTmrMLM","NsiI.TP476148","10","56419668","0.1294","0.6405","A"
"4","Trait5","FASTmrMLM","NsiI.TP660871","10","56470218","8.0397e-06","0.0018","C"
"4","Trait5","FASTmrMLM","NsiI.TP434715","10","56495741","1.0232e-05","0.0022","G"
"4","Trait5","FASTmrMLM","NsiI.TP592469","10","56527885","-0.007","0.1406","A"
"4","Trait5","FASTmrMLM","NsiI.TP723334","10","56532435","-0.0389","0.485","A"
"4","Trait5","FASTmrMLM","NsiI.TP235501","10","56547987","7.8128e-06","0.0017","C"
"4","Trait5","FASTmrMLM","PstI.TP942427","10","56551535","3e-04","0.0149","A"
"4","Trait5","FASTmrMLM","PstI.TP193753","10","56570665","1.7789e-05","0.0039","C"
"4","Trait5","FASTmrMLM","NsiI.TP531585","10","56578639","7.5297e-06","0.0016","A"
"4","Trait5","FASTmrMLM","PstI.TP740299","10","56585445","-1.8141e-05","0.004","C"
"4","Trait5","FASTmrMLM","NsiI.TP577274","10","56588401","-0.0339","0.227","A"
"4","Trait5","FASTmrMLM","NsiI.TP499775","10","56599343","-3.7264e-05","0.0082","C"
"4","Trait5","FASTmrMLM","NsiI.TP322549","10","56604294","-0.0189","0.1961","G"
"4","Trait5","FASTmrMLM","PstI.TP683199","10","56630287","-1.6063e-05","0.0035","C"
"4","Trait5","FASTmrMLM","PstI.TP977353","10","56640763","-1.011e-05","0.0022","G"
"4","Trait5","FASTmrMLM","NsiI.TP133718","10","56652488","-6.9815e-06","0.0015","A"
"4","Trait5","FASTmrMLM","NsiI.TP766058","10","56739907","5.4052e-06","0.0012","C"
"4","Trait5","FASTmrMLM","NsiI.TP279148","10","56770513","-9.3911e-06","0.002","A"
"4","Trait5","FASTmrMLM","PstI.TP453443","10","56793256","3.1079e-05","0.0054","A"
"4","Trait5","FASTmrMLM","NsiI.TP71856","10","56824424","-1.6645e-05","0.0036","C"
"4","Trait5","FASTmrMLM","NsiI.TP400095","10","56834344","1.9481e-05","0.0043","A"
"4","Trait5","FASTmrMLM","PstI.TP838518","10","56835723","1.1375e-05","0.0025","C"
"4","Trait5","FASTmrMLM","PstI.TP49052","10","56847524","-0.0198","0.258","C"
"4","Trait5","FASTmrMLM","PstI.TP809215","10","56847671","-9.8161e-06","0.0021","G"
"4","Trait5","FASTmrMLM","PstI.TP297694","10","56908050","-0.0569","0.3692","A"
"4","Trait5","FASTmrMLM","PstI.TP1230374","10","56908185","0.0663","0.6511","C"
"4","Trait5","FASTmrMLM","NsiI.TP521066","10","56914882","0.0282","0.2649","A"
"4","Trait5","FASTmrMLM","PstI.TP363270","10","56918488","3e-04","0.0156","A"
"4","Trait5","FASTmrMLM","PstI.TP363271","10","56918504","7.9144e-06","0.0017","A"
"4","Trait5","FASTmrMLM","PstI.TP965698","10","56922517","-1.0491e-05","0.0023","C"
"4","Trait5","FASTmrMLM","PstI.TP1257254","10","56955563","-1.0886e-05","0.0024","C"
"4","Trait5","FASTmrMLM","NsiI.TP507755","10","56991253","-1.1006e-05","0.0024","A"
"4","Trait5","FASTmrMLM","PstI.TP201134","10","56993003","-3.1022e-06","7e-04","A"
"4","Trait5","FASTmrMLM","NsiI.TP701950","10","56995150","5.3548e-06","0.0012","G"
"4","Trait5","FASTmrMLM","NsiI.TP673123","10","56995729","-2.2435e-05","0.0049","A"
"4","Trait5","FASTmrMLM","PstI.TP59054","10","56995730","-0.0379","0.3361","C"
"4","Trait5","FASTmrMLM","PstI.TP620676","10","56996317","0.2765","1.3685","A"
"4","Trait5","FASTmrMLM","NsiI.TP740855","10","57038703","-0.0326","0.3384","C"
"4","Trait5","FASTmrMLM","PstI.TP334670","10","57097496","-5.2483e-06","0.0011","C"
"4","Trait5","FASTmrMLM","NsiI.TP411009","10","57098164","1.6365e-05","0.0036","A"
"4","Trait5","FASTmrMLM","PstI.TP1047537","10","57105280","-8.2285e-06","0.0018","G"
"4","Trait5","FASTmrMLM","PstI.TP1047533","10","57105290","-5.5952e-07","1e-04","C"
"4","Trait5","FASTmrMLM","NsiI.TP415745","10","57122222","0.0394","0.2632","G"
"4","Trait5","FASTmrMLM","PstI.TP606311","10","57135062","3.6743e-05","0.0081","A"
"4","Trait5","FASTmrMLM","NsiI.TP348626","10","57137466","-0.0075","0.1379","G"
"4","Trait5","FASTmrMLM","NsiI.TP11670","10","57162910","7.0919e-06","0.0015","A"
"4","Trait5","FASTmrMLM","PstI.TP7632","10","57163611","2.5759e-06","6e-04","A"
"4","Trait5","FASTmrMLM","NsiI.TP266544","10","57183595","-0.1128","1.195","C"
"4","Trait5","FASTmrMLM","PstI.TP987903","10","57187336","-0.0487","0.2581","C"
"4","Trait5","FASTmrMLM","NsiI.TP557502","10","57196967","4.7775e-06","0.001","C"
"4","Trait5","FASTmrMLM","NsiI.TP557496","10","57196993","-4.2605e-05","0.0068","A"
"4","Trait5","FASTmrMLM","PstI.TP374182","10","57199593","-1.3169e-05","0.0029","G"
"4","Trait5","FASTmrMLM","PstI.TP179166","10","57199840","-1.5171e-05","0.0033","G"
"4","Trait5","FASTmrMLM","PstI.TP1244156","10","57206520","1.5265e-05","0.0033","C"
"4","Trait5","FASTmrMLM","NsiI.TP420480","10","57227913","4.9783e-06","0.0011","C"
"4","Trait5","FASTmrMLM","NsiI.TP181876","10","57276158","6.4626e-06","0.0014","C"
"4","Trait5","FASTmrMLM","NsiI.TP465270","10","57290741","0.3842","1.9141","C"
"4","Trait5","FASTmrMLM","NsiI.TP184002","10","57336998","9.0921e-05","0.0102","G"
"4","Trait5","FASTmrMLM","NsiI.TP801903","10","57368510","2.3644e-05","0.0052","C"
"4","Trait5","FASTmrMLM","PstI.TP435004","10","57409712","2.5567e-06","6e-04","A"
"4","Trait5","FASTmrMLM","PstI.TP248498","10","57422064","0.0837","0.4231","A"
"4","Trait5","FASTmrMLM","NsiI.TP239784","10","57422222","2.0113e-06","4e-04","A"
"4","Trait5","FASTmrMLM","PstI.TP977259","10","57435024","8.5455e-06","0.0019","C"
"4","Trait5","FASTmrMLM","PstI.TP256494","10","57442492","-0.034","0.4925","G"
"4","Trait5","FASTmrMLM","NsiI.TP426553","10","57449737","-3.9377e-06","9e-04","A"
"4","Trait5","FASTmrMLM","PstI.TP879651","10","57455167","-0.0459","0.2757","C"
"4","Trait5","FASTmrMLM","NsiI.TP346917","10","57456364","2.2418e-06","5e-04","A"
"4","Trait5","FASTmrMLM","PstI.TP185809","10","57504686","-7.4669e-06","0.0016","A"
"4","Trait5","FASTmrMLM","NsiI.TP49920","10","57511809","-1.2191e-05","0.0027","G"
"4","Trait5","FASTmrMLM","NsiI.TP819128","10","57516100","-9.4606e-06","0.0021","G"
"4","Trait5","FASTmrMLM","PstI.TP1189247","10","57554144","-1.2236e-05","0.0027","A"
"4","Trait5","FASTmrMLM","NsiI.TP427254","10","57555604","-2.2328e-05","0.0049","A"
"4","Trait5","FASTmrMLM","PstI.TP103381","10","57562553","-0.1588","0.8563","A"
"4","Trait5","FASTmrMLM","NsiI.TP686147","10","57609368","8.9786e-06","0.002","C"
"4","Trait5","FASTmrMLM","PstI.TP776136","10","57640851","-3.1848e-05","0.007","A"
"4","Trait5","FASTmrMLM","NsiI.TP620239","10","57650638","-1.0598e-05","0.0023","C"
"4","Trait5","FASTmrMLM","PstI.TP740525","10","57651326","-1.2576e-05","0.0027","G"
"4","Trait5","FASTmrMLM","PstI.TP630830","10","57652475","-1.9752e-05","0.0043","A"
"4","Trait5","FASTmrMLM","PstI.TP309603","10","57653642","5.6691e-06","0.0012","A"
"4","Trait5","FASTmrMLM","PstI.TP309605","10","57653642","-2.6044e-05","0.0057","A"
"4","Trait5","FASTmrMLM","PstI.TP694310","10","57658733","-0.0461","0.2972","C"
"4","Trait5","FASTmrMLM","PstI.TP1044398","10","57687904","-0.208","0.8801","G"
"4","Trait5","FASTmrMLM","PstI.TP463299","10","57692462","-2.5141e-05","0.0055","A"
"4","Trait5","FASTmrMLM","PstI.TP408230","10","57718955","8.0474e-06","0.0018","G"
"4","Trait5","FASTmrMLM","PstI.TP998630","10","57725140","-0.0364","0.3495","C"
"4","Trait5","FASTmrMLM","PstI.TP914537","10","57752412","1.0967e-05","0.0024","A"
"4","Trait5","FASTmrMLM","PstI.TP103307","10","57752572","1.75e-05","0.0038","C"
"4","Trait5","FASTmrMLM","PstI.TP311770","10","57774357","-2.1249e-05","0.0047","A"
"4","Trait5","FASTmrMLM","PstI.TP124631","10","57809558","-0.1657","1.4758","C"
"4","Trait5","FASTmrMLM","NsiI.TP507276","10","57819129","4.8677e-06","0.0011","A"
"4","Trait5","FASTmrMLM","PstI.TP356244","10","57837092","-4.3866e-06","0.001","A"
"4","Trait5","FASTmrMLM","NsiI.TP191051","10","57843418","1.8199e-05","0.004","C"
"4","Trait5","FASTmrMLM","PstI.TP209198","10","57847766","2.2519e-05","0.0049","A"
"4","Trait5","FASTmrMLM","PstI.TP696186","10","57848314","9.3426e-06","0.002","A"
"4","Trait5","FASTmrMLM","PstI.TP897599","10","57879300","-0.0588","0.4012","A"
"4","Trait5","FASTmrMLM","PstI.TP1132484","10","57883541","6.7534e-06","0.0015","A"
"4","Trait5","FASTmrMLM","PstI.TP1000550","10","57945113","9.1351e-06","0.002","C"
"4","Trait5","FASTmrMLM","PstI.TP541885","10","57947224","-2.0238e-06","4e-04","A"
"4","Trait5","FASTmrMLM","PstI.TP594635","10","57947466","8.9732e-06","0.002","G"
"4","Trait5","FASTmrMLM","PstI.TP297863","10","57956117","2.6568e-05","0.0058","C"
"4","Trait5","FASTmrMLM","PstI.TP1255957","10","57956794","1.0237e-05","0.0022","C"
"4","Trait5","FASTmrMLM","PstI.TP193465","10","57962068","-0.0659","0.4841","A"
"4","Trait5","FASTmrMLM","PstI.TP48077","10","57984303","-2.0967e-06","5e-04","A"
"4","Trait5","FASTmrMLM","PstI.TP841570","10","57984409","-0.0113","0.1958","G"
"4","Trait5","FASTmrMLM","PstI.TP217791","10","57985816","-1.511e-05","0.0033","A"
"4","Trait5","FASTmrMLM","PstI.TP1245021","10","57989538","3.4145e-05","0.0075","A"
"4","Trait5","FASTmrMLM","PstI.TP133190","10","57991199","7.9477e-06","0.0017","C"
"4","Trait5","FASTmrMLM","PstI.TP816550","10","57991288","-2e-04","0.0135","G"
"4","Trait5","FASTmrMLM","NsiI.TP573981","10","57998219","-7.2612e-06","0.0016","C"
"4","Trait5","FASTmrMLM","NsiI.TP194773","10","58001061","-0.1671","0.9193","A"
"4","Trait5","FASTmrMLM","PstI.TP835320","10","58023893","-1.391e-08","3.0271e-06","C"
"4","Trait5","FASTmrMLM","NsiI.TP717578","10","58023898","5.1783e-06","0.0011","C"
"4","Trait5","FASTmrMLM","PstI.TP10852","10","58028954","0.0196","0.1898","C"
"4","Trait5","FASTmrMLM","NsiI.TP506601","10","58036028","6.1373e-06","0.0013","C"
"4","Trait5","FASTmrMLM","PstI.TP710301","10","58042630","7.7357e-06","0.0017","C"
"4","Trait5","FASTmrMLM","NsiI.TP430259","10","58051523","-1.2667e-05","0.0028","C"
"4","Trait5","FASTmrMLM","PstI.TP1121282","10","58066144","1.2118e-05","0.0026","A"
"4","Trait5","FASTmrMLM","NsiI.TP177685","10","58071665","-1.4499e-08","3.1565e-06","A"
"4","Trait5","FASTmrMLM","GFSSContig5387_711","10","58083210","-0.0457","0.5774","A"
"4","Trait5","FASTmrMLM","PstI.TP608953","10","58098899","-1e-04","0.0099","G"
"4","Trait5","FASTmrMLM","NsiI.TP630075","10","58104159","-1.1618e-05","0.0025","A"
"4","Trait5","FASTmrMLM","PstI.TP106443","10","58115913","3.5003e-05","0.0077","A"
"4","Trait5","FASTmrMLM","NsiI.TP247163","10","58137647","1.0642e-05","0.0023","C"
"4","Trait5","FASTmrMLM","PstI.TP282657","10","58159508","9.2455e-06","0.002","C"
"4","Trait5","FASTmrMLM","GFSSContig20006_1334","10","58161744","1.0503e-05","0.0023","A"
"4","Trait5","FASTmrMLM","PstI.TP1033517","10","58165351","-1.61e-05","0.0035","G"
"4","Trait5","FASTmrMLM","PstI.TP1123051","10","58183845","0.1476","1.3155","C"
"4","Trait5","FASTmrMLM","PstI.TP237773","10","58184327","0.0189","0.1678","A"
"4","Trait5","FASTmrMLM","PstI.TP6645","10","58193019","-1.7386e-06","4e-04","A"
"4","Trait5","FASTmrMLM","NsiI.TP314957","10","58216554","-0.1656","0.7308","C"
"4","Trait5","FASTmrMLM","PstI.TP614291","10","58224972","-0.0222","0.1595","C"
"4","Trait5","FASTmrMLM","PstI.TP1122182","10","58269182","2.5052e-05","0.0055","A"
"4","Trait5","FASTmrMLM","PstI.TP1167993","10","58303417","1.0641e-05","0.0023","A"
"4","Trait5","FASTmrMLM","GFSSContig13679_522","10","58314982","-1.3824e-05","0.003","A"
"4","Trait5","FASTmrMLM","PstI.TP874275","10","58320876","-0.0183","0.2677","A"
"4","Trait5","FASTmrMLM","PstI.TP624732","10","58322395","-0.0944","0.7943","A"
"4","Trait5","FASTmrMLM","PstI.TP953647","10","58327094","-6.362e-06","0.0014","C"
"4","Trait5","FASTmrMLM","PstI.TP837318","10","58334573","-1.2428e-05","0.0027","A"
"4","Trait5","FASTmrMLM","NsiI.TP826976","10","58339212","-2.6842e-05","0.0059","A"
"4","Trait5","FASTmrMLM","PstI.TP31645","10","58342331","5.5646e-06","0.0012","A"
"4","Trait5","FASTmrMLM","PstI.TP835061","10","58345184","-7.6256e-05","0.0094","A"
"4","Trait5","FASTmrMLM","PstI.TP460194","10","58346238","6.7345e-06","0.0015","C"
"4","Trait5","FASTmrMLM","PstI.TP710861","10","58347300","-0.1848","1.6545","C"
"4","Trait5","FASTmrMLM","NsiI.TP35119","10","58385252","-1.278e-06","3e-04","A"
"4","Trait5","FASTmrMLM","PstI.TP830410","10","58385319","-1.1921e-05","0.0026","A"
"4","Trait5","FASTmrMLM","NsiI.TP530610","10","58487000","-0.0962","0.9845","C"
"4","Trait5","FASTmrMLM","NsiI.TP150218","10","58487041","0.0421","0.418","A"
"4","Trait5","FASTmrMLM","NsiI.TP324486","10","58500616","0.104","0.4643","C"
"4","Trait5","FASTmrMLM","PstI.TP622832","10","58505390","-3.5236e-06","8e-04","C"
"4","Trait5","FASTmrMLM","PstI.TP251561","10","58512107","2.4424e-05","0.0053","A"
"4","Trait5","FASTmrMLM","PstI.TP344771","10","58518729","-1.1106e-05","0.0024","C"
"4","Trait5","FASTmrMLM","GFSSContig13073_887","10","58519712","-3.2287e-07","7.0273e-05","A"
"4","Trait5","FASTmrMLM","PstI.TP984525","10","58519750","5.3581e-06","0.0012","A"
"4","Trait5","FASTmrMLM","PstI.TP991057","10","58519754","0.1307","1.9134","A"
"4","Trait5","FASTmrMLM","PstI.TP1135567","10","58527374","1.1739e-05","0.0026","C"
"4","Trait5","FASTmrMLM","PstI.TP1172046","10","58527764","-1.5818e-06","3e-04","A"
"4","Trait5","FASTmrMLM","NsiI.TP472627","10","58539297","8.6638e-06","0.0019","A"
"4","Trait5","FASTmrMLM","NsiI.TP436743","10","58539618","0.1677","0.8463","A"
"4","Trait5","FASTmrMLM","PstI.TP930398","10","58540105","-6.3793e-06","0.0014","A"
"4","Trait5","FASTmrMLM","PstI.TP780634","10","58540112","3.2912e-06","7e-04","A"
"4","Trait5","FASTmrMLM","NsiI.TP442238","10","58588151","-0.0832","1.079","C"
"4","Trait5","FASTmrMLM","PstI.TP1021190","10","58588164","5.6234e-06","0.0012","G"
"4","Trait5","FASTmrMLM","PstI.TP926141","10","58598953","3.1294e-05","0.0061","C"
"4","Trait5","FASTmrMLM","PstI.TP137221","10","58604051","2e-04","0.0131","A"
"4","Trait5","FASTmrMLM","PstI.TP1073707","10","58606049","0.0767","0.3764","A"
"4","Trait5","FASTmrMLM","PstI.TP1114104","10","58620739","2.7546e-06","6e-04","C"
"4","Trait5","FASTmrMLM","PstI.TP851906","10","58624598","-0.0527","0.3761","C"
"4","Trait5","FASTmrMLM","PstI.TP924871","10","58628021","-8.3083e-06","0.0018","C"
"4","Trait5","FASTmrMLM","PstI.TP1141035","10","58664328","-0.1103","1.3428","G"
"4","Trait5","FASTmrMLM","NsiI.TP416677","10","58670412","-5.7953e-06","0.0013","C"
"4","Trait5","FASTmrMLM","NsiI.TP623561","10","58695603","1.3889e-05","0.003","C"
"4","Trait5","FASTmrMLM","NsiI.TP596468","10","58704389","0.0268","0.2276","A"
"4","Trait5","FASTmrMLM","NsiI.TP101365","10","58707662","-1.4584e-05","0.0032","C"
"4","Trait5","FASTmrMLM","PstI.TP925206","10","58730377","2.4584e-05","0.0054","A"
"4","Trait5","FASTmrMLM","NsiI.TP590482","10","58734764","-9.9488e-06","0.0022","C"
"4","Trait5","FASTmrMLM","PstI.TP1198960","10","58745110","0.0745","0.4722","A"
"4","Trait5","FASTmrMLM","PstI.TP523742","10","58752161","-1.1811e-06","3e-04","A"
"4","Trait5","FASTmrMLM","PstI.TP332933","10","58767502","8.7669e-06","0.0019","A"
"4","Trait5","FASTmrMLM","NsiI.TP511109","10","58780153","0.0935","0.7331","A"
"4","Trait5","FASTmrMLM","PstI.TP922440","10","58806673","1.686e-05","0.0037","C"
"4","Trait5","FASTmrMLM","NsiI.TP576231","10","58809304","-4.2541e-06","9e-04","G"
"4","Trait5","FASTmrMLM","PstI.TP175221","10","58836257","-0.1036","1.1156","C"
"4","Trait5","FASTmrMLM","NsiI.TP409901","10","58840468","0.1609","0.8042","G"
"4","Trait5","FASTmrMLM","PstI.TP1093124","10","58840758","-5.5359e-06","0.0012","G"
"4","Trait5","FASTmrMLM","PstI.TP340427","10","58897511","-9.1103e-06","0.002","A"
"4","Trait5","FASTmrMLM","PstI.TP117701","10","58898407","-0.2324","1.2011","C"
"4","Trait5","FASTmrMLM","PstI.TP32557","10","58906622","5.9196e-06","0.0013","A"
"4","Trait5","FASTmrMLM","PstI.TP767664","10","58907220","-1.9203e-05","0.0042","C"
"4","Trait5","FASTmrMLM","GFSSContig20378_1618","10","58910029","1.4194e-05","0.0031","A"
"4","Trait5","FASTmrMLM","NsiI.TP74711","10","58910118","1.3038e-06","3e-04","C"
"4","Trait5","FASTmrMLM","NsiI.TP398441","10","58918774","1.8397e-05","0.004","A"
"4","Trait5","FASTmrMLM","NsiI.TP717065","10","58945595","0.0338","0.418","A"
"4","Trait5","FASTmrMLM","PstI.TP651715","10","58956886","-0.0498","0.5913","A"
"4","Trait5","FASTmrMLM","NsiI.TP571544","10","58959373","6.4543e-06","0.0014","A"
"4","Trait5","FASTmrMLM","PstI.TP360715","10","58959795","-0.0807","0.7589","C"
"4","Trait5","FASTmrMLM","PstI.TP890733","10","58967729","0.1018","0.6598","C"
"4","Trait5","FASTmrMLM","PstI.TP351081","10","58968087","-1.8039e-05","0.0039","C"
"4","Trait5","FASTmrMLM","PstI.TP608972","10","58983719","-1.6e-05","0.0035","C"
"4","Trait5","FASTmrMLM","PstI.TP619929","10","58984044","-5.5404e-06","0.0012","A"
"4","Trait5","FASTmrMLM","NsiI.TP596601","10","58990372","-1.4014e-05","0.0031","A"
"4","Trait5","FASTmrMLM","NsiI.TP707375","10","58994311","4.2877e-05","0.0094","G"
"4","Trait5","FASTmrMLM","NsiI.TP347871","10","58997976","0.2252","1.9742","G"
"4","Trait5","FASTmrMLM","PstI.TP1272828","10","59027538","7.3811e-06","0.0016","C"
"4","Trait5","FASTmrMLM","NsiI.TP40426","10","59093728","-4.6029e-06","0.001","C"
"4","Trait5","FASTmrMLM","PstI.TP545548","10","59100551","0.094","0.4742","C"
"4","Trait5","FASTmrMLM","PstI.TP545552","10","59100566","2.4748e-05","0.0054","C"
"4","Trait5","FASTmrMLM","PstI.TP860074","10","59104580","-0.0039","0.0565","A"
"4","Trait5","FASTmrMLM","NsiI.TP389133","10","59115241","-7.8047e-06","0.0017","A"
"4","Trait5","FASTmrMLM","PstI.TP1049135","10","59119911","1.3998e-06","3e-04","A"
"4","Trait5","FASTmrMLM","NsiI.TP363618","10","59138949","3.0915e-05","0.0068","C"
"4","Trait5","FASTmrMLM","PstI.TP144888","10","59140226","-2.7586e-05","0.006","C"
"4","Trait5","FASTmrMLM","PstI.TP36101","10","59141310","-3.0143e-05","0.0066","A"
"4","Trait5","FASTmrMLM","PstI.TP36102","10","59141312","-1.035e-05","0.0023","A"
"4","Trait5","FASTmrMLM","PstI.TP1260292","10","59157715","-2.454e-05","0.0054","A"
"4","Trait5","FASTmrMLM","NsiI.TP41855","10","59162920","-1.487e-05","0.0032","A"
"4","Trait5","FASTmrMLM","PstI.TP534866","10","59187610","-8.1997e-06","0.0018","A"
"4","Trait5","FASTmrMLM","NsiI.TP436535","10","59201341","-0.0844","0.82","A"
"4","Trait5","FASTmrMLM","NsiI.TP82850","10","59221386","-3.4129e-05","0.0075","A"
"4","Trait5","FASTmrMLM","NsiI.TP436800","10","59248274","-7.0988e-06","0.0015","A"
"4","Trait5","FASTmrMLM","PstI.TP1112609","10","59256851","0.0248","0.3012","A"
"4","Trait5","FASTmrMLM","NsiI.TP86701","10","59264268","-0.1134","0.5511","G"
"4","Trait5","FASTmrMLM","PstI.TP399073","10","59270394","-2.0545e-05","0.0045","C"
"4","Trait5","FASTmrMLM","NsiI.TP722187","10","59294468","-1.099e-05","0.0024","C"
"4","Trait5","FASTmrMLM","NsiI.TP422390","10","59294517","0.0207","0.1635","A"
"4","Trait5","FASTmrMLM","NsiI.TP86280","10","59308792","0.0083","0.1411","C"
"4","Trait5","FASTmrMLM","NsiI.TP128483","10","59308875","0.0995","1.2238","C"
"4","Trait5","FASTmrMLM","PstI.TP1230372","10","59309250","-0.1385","0.9913","A"
"4","Trait5","FASTmrMLM","PstI.TP691123","10","59325638","-1.6852e-05","0.0037","A"
"4","Trait5","FASTmrMLM","PstI.TP424337","10","59336379","-1.8055e-05","0.0039","C"
"4","Trait5","FASTmrMLM","PstI.TP775667","10","59344209","2.211e-05","0.0048","C"
"4","Trait5","FASTmrMLM","NsiI.TP123418","10","59359310","1.4081e-05","0.0031","A"
"4","Trait5","FASTmrMLM","NsiI.TP368323","10","59421910","-0.2848","1.4175","A"
"4","Trait5","FASTmrMLM","PstI.TP477347","10","59427629","0.0638","0.6962","C"
"4","Trait5","FASTmrMLM","NsiI.TP660965","10","59435519","-2.5062e-05","0.0055","A"
"4","Trait5","FASTmrMLM","PstI.TP1142775","10","59444663","-0.1599","0.9869","A"
"4","Trait5","FASTmrMLM","PstI.TP984726","10","59446670","6.7122e-06","0.0015","A"
"4","Trait5","FASTmrMLM","NsiI.TP579850","10","59454139","0.0751","0.332","G"
"4","Trait5","FASTmrMLM","PstI.TP347009","10","59492534","-2.5887e-06","6e-04","C"
"4","Trait5","FASTmrMLM","PstI.TP1151109","10","59550166","0.1904","0.6366","A"
"4","Trait5","FASTmrMLM","NsiI.TP5731","10","59553714","2.5028e-06","5e-04","A"
"4","Trait5","FASTmrMLM","PstI.TP83188","10","59560474","-0.103","0.504","A"
"4","Trait5","FASTmrMLM","NsiI.TP804035","10","59560652","-4.2242e-05","0.0093","G"
"4","Trait5","FASTmrMLM","PstI.TP1204456","10","59574064","-1.7142e-06","4e-04","A"
"4","Trait5","FASTmrMLM","NsiI.TP269555","10","59593348","0.0222","0.2954","A"
"4","Trait5","FASTmrMLM","PstI.TP771256","10","59597858","8.9268e-06","0.0019","A"
"4","Trait5","FASTmrMLM","PstI.TP1261100","10","59613969","1.4938e-05","0.0033","A"
"4","Trait5","FASTmrMLM","NsiI.TP174837","10","59618927","-2.1271e-05","0.0047","A"
"4","Trait5","FASTmrMLM","NsiI.TP522982","10","59633055","-9.8319e-06","0.0021","C"
"4","Trait5","FASTmrMLM","PstI.TP294461","10","59637613","-7.6583e-05","0.0094","A"
"4","Trait5","FASTmrMLM","PstI.TP173369","10","59649220","-0.2006","3.5856","G"
"4","Trait5","FASTmrMLM","PstI.TP759675","10","59672253","2.1676e-05","0.0047","A"
"4","Trait5","FASTmrMLM","PstI.TP759680","10","59672256","-0.046","0.2727","A"
"4","Trait5","FASTmrMLM","PstI.TP932502","10","59687232","6.0853e-06","0.0013","A"
"4","Trait5","FASTmrMLM","NsiI.TP65555","10","59702115","-3.5795e-06","8e-04","G"
"4","Trait5","FASTmrMLM","GFSSContig17419_591","10","59706968","-0.0262","0.3645","A"
"4","Trait5","FASTmrMLM","NsiI.TP632738","10","59708885","-0.0343","0.2911","A"
"4","Trait5","FASTmrMLM","PstI.TP157241","10","59711903","-0.0247","0.187","C"
"4","Trait5","FASTmrMLM","PstI.TP1286321","10","59730724","8.7665e-06","0.0019","C"
"4","Trait5","FASTmrMLM","PstI.TP1222659","10","59748797","-4.4005e-06","0.001","A"
"4","Trait5","FASTmrMLM","PstI.TP901498","10","59750699","1.2631e-05","0.0028","C"
"4","Trait5","FASTmrMLM","PstI.TP699094","10","59761201","-2.5685e-05","0.0056","A"
"4","Trait5","FASTmrMLM","PstI.TP1231079","10","59773578","-3.8096e-05","0.0084","C"
"4","Trait5","FASTmrMLM","PstI.TP571625","10","59784856","-4.932e-06","0.0011","A"
"4","Trait5","FASTmrMLM","PstI.TP311752","10","59788353","0.0351","0.4907","A"
"4","Trait5","FASTmrMLM","NsiI.TP581057","10","59791540","-0.4614","1.38","G"
"4","Trait5","FASTmrMLM","PstI.TP1190143","10","59802312","-0.3906","1.4485","A"
"4","Trait5","FASTmrMLM","NsiI.TP640953","10","59802374","-7.5922e-06","0.0017","C"
"4","Trait5","FASTmrMLM","NsiI.TP640954","10","59802406","-1.4654e-05","0.0032","C"
"4","Trait5","FASTmrMLM","NsiI.TP310793","10","59802622","-0.0777","0.6567","C"
"4","Trait5","FASTmrMLM","NsiI.TP637304","10","59828351","3.2923e-05","0.0072","C"
"4","Trait5","FASTmrMLM","NsiI.TP539696","10","59830931","0.419","2.2184","A"
"4","Trait5","FASTmrMLM","NsiI.TP762469","10","59831302","8.7699e-06","0.0019","G"
"4","Trait5","FASTmrMLM","NsiI.TP440309","10","59839481","2.3743e-05","0.0052","A"
"4","Trait5","FASTmrMLM","PstI.TP115257","10","59841571","-0.0122","0.191","A"
"4","Trait5","FASTmrMLM","PstI.TP115256","10","59841579","9.4578e-06","0.0021","C"
"4","Trait5","FASTmrMLM","NsiI.TP259454","10","59842717","2.8018e-06","6e-04","C"
"4","Trait5","FASTmrMLM","NsiI.TP756808","10","59848770","-3.0778e-05","0.0068","C"
"4","Trait5","FASTmrMLM","PstI.TP216730","10","59855054","0.2074","1.2672","A"
"4","Trait5","FASTmrMLM","NsiI.TP272845","10","59865006","-0.0474","0.264","C"
"4","Trait5","FASTmrMLM","PstI.TP371473","10","59883760","-0.2861","1.1816","C"
"4","Trait5","FASTmrMLM","NsiI.TP119709","10","59896350","-2.2621e-05","0.005","A"
"4","Trait5","FASTmrMLM","NsiI.TP742448","10","59968132","0.0194","0.2438","C"
"4","Trait5","FASTmrMLM","PstI.TP175732","10","60072413","0.0184","0.1855","A"
"4","Trait5","FASTmrMLM","PstI.TP140831","10","60088273","8.8656e-06","0.0019","A"
"4","Trait5","FASTmrMLM","NsiI.TP432854","10","60099526","0.0563","0.5099","A"
"4","Trait5","FASTmrMLM","NsiI.TP627077","10","60121241","6.886e-06","0.0015","A"
"4","Trait5","FASTmrMLM","PstI.TP993513","10","60122723","0.0719","0.4454","A"
"4","Trait5","FASTmrMLM","PstI.TP65527","10","60139620","2.7662e-05","0.0061","A"
"4","Trait5","FASTmrMLM","PstI.TP890926","10","60146452","2.9751e-05","0.0065","A"
"4","Trait5","FASTmrMLM","NsiI.TP479822","10","60147462","1.5811e-06","3e-04","G"
"4","Trait5","FASTmrMLM","PstI.TP302687","10","60161829","5.2187e-06","0.0011","G"
"4","Trait5","FASTmrMLM","NsiI.TP590407","10","60163639","7.4532e-06","0.0016","G"
"4","Trait5","FASTmrMLM","NsiI.TP12416","10","60177735","-3.3684e-05","0.0074","C"
"4","Trait5","FASTmrMLM","PstI.TP210851","10","60214653","0.0181","0.2578","A"
"4","Trait5","FASTmrMLM","PstI.TP587513","10","60215855","2.0956e-05","0.0046","G"
"4","Trait5","FASTmrMLM","PstI.TP1234552","10","60231357","0.0712","0.7555","C"
"4","Trait5","FASTmrMLM","NsiI.TP202281","10","60249425","2.3269e-06","5e-04","A"
"4","Trait5","FASTmrMLM","PstI.TP19863","10","60278801","2.037e-05","0.0045","A"
"4","Trait5","FASTmrMLM","PstI.TP1176340","10","60292206","-2.5952e-06","6e-04","A"
"4","Trait5","FASTmrMLM","PstI.TP886917","10","60308678","-1.4872e-05","0.0032","A"
"4","Trait5","FASTmrMLM","PstI.TP123271","10","60309221","5.7519e-06","0.0013","C"
"4","Trait5","FASTmrMLM","PstI.TP994751","10","60309696","0.1579","1.1226","C"
"4","Trait5","FASTmrMLM","PstI.TP22664","10","60311066","1.4886e-05","0.0033","C"
"4","Trait5","FASTmrMLM","NsiI.TP453818","10","60332466","1.8194e-05","0.004","G"
"4","Trait5","FASTmrMLM","PstI.TP1192387","10","60338751","0.0782","0.5033","C"
"4","Trait5","FASTmrMLM","PstI.TP621902","10","60345809","1.687e-05","0.0037","C"
"4","Trait5","FASTmrMLM","PstI.TP80503","10","60350746","-1.0965e-05","0.0024","A"
"4","Trait5","FASTmrMLM","PstI.TP828270","10","60361221","-8.9358e-07","2e-04","C"
"4","Trait5","FASTmrMLM","PstI.TP214213","10","60370676","-0.064","0.3796","A"
"4","Trait5","FASTmrMLM","NsiI.TP118177","10","60389528","-1.8225e-05","0.004","G"
"4","Trait5","FASTmrMLM","PstI.TP1097750","10","60426697","0.0207","0.2603","A"
"4","Trait5","FASTmrMLM","PstI.TP1191080","10","60427178","-1.0317e-05","0.0023","G"
"4","Trait5","FASTmrMLM","PstI.TP347117","10","60460469","-6.8935e-06","0.0015","A"
"4","Trait5","FASTmrMLM","NsiI.TP637025","10","60487236","-1.1698e-06","3e-04","A"
"4","Trait5","FASTmrMLM","NsiI.TP679357","10","60492068","-1.6928e-05","0.0037","A"
"4","Trait5","FASTmrMLM","PstI.TP133650","10","60497170","1.6866e-05","0.0037","G"
"4","Trait5","FASTmrMLM","NsiI.TP812275","10","60511218","2.4584e-05","0.0054","A"
"4","Trait5","FASTmrMLM","NsiI.TP4616","10","60516686","-0.0053","0.1171","G"
"4","Trait5","FASTmrMLM","NsiI.TP808638","10","60530212","-3.995e-06","9e-04","C"
"4","Trait5","FASTmrMLM","NsiI.TP475686","10","60551560","-0.0299","0.2185","A"
"4","Trait5","FASTmrMLM","PstI.TP1108784","10","60551645","0.0879","0.5966","C"
"4","Trait5","FASTmrMLM","PstI.TP320330","10","60557051","-2.3648e-05","0.0052","G"
"4","Trait5","FASTmrMLM","PstI.TP371722","10","60560620","-7.771e-06","0.0017","C"
"4","Trait5","FASTmrMLM","PstI.TP670245","10","60567000","3.4333e-05","0.0075","A"
"4","Trait5","FASTmrMLM","PstI.TP670583","10","60567004","0.0453","0.4627","C"
"4","Trait5","FASTmrMLM","PstI.TP670242","10","60567027","-1.6706e-05","0.0037","C"
"4","Trait5","FASTmrMLM","NsiI.TP631174","10","60575378","-0.039","0.3481","A"
"4","Trait5","FASTmrMLM","PstI.TP131122","10","60582165","-2.343e-05","0.0051","C"
"4","Trait5","FASTmrMLM","NsiI.TP356168","10","60603306","-1.4221e-05","0.0031","A"
"4","Trait5","FASTmrMLM","PstI.TP244060","10","60631936","1.3352e-05","0.0029","C"
"4","Trait5","FASTmrMLM","PstI.TP674085","10","60652012","-2.1933e-05","0.0048","C"
"4","Trait5","FASTmrMLM","NsiI.TP307455","10","60684596","-1.885e-05","0.0041","C"
"4","Trait5","FASTmrMLM","GFSSContig20549_800","10","60693077","-2.1405e-06","5e-04","A"
"4","Trait5","FASTmrMLM","PstI.TP1083462","10","60705978","-2.2744e-05","0.005","A"
"4","Trait5","FASTmrMLM","PstI.TP12981","10","60710836","9.7473e-07","2e-04","C"
"4","Trait5","FASTmrMLM","PstI.TP29798","10","60733525","1.0914e-05","0.0024","C"
"4","Trait5","FASTmrMLM","PstI.TP717975","10","60741952","-7.7526e-06","0.0017","A"
"4","Trait5","FASTmrMLM","NsiI.TP727404","10","60764600","-3.4604e-06","8e-04","A"
"4","Trait5","FASTmrMLM","PstI.TP742913","10","60764603","-0.0341","0.4004","A"
"4","Trait5","FASTmrMLM","NsiI.TP742480","10","60782657","-1.6432e-05","0.0036","A"
"4","Trait5","FASTmrMLM","PstI.TP577412","10","60793591","4.7529e-06","0.001","A"
"4","Trait5","FASTmrMLM","PstI.TP1185018","10","60798067","3.5755e-05","0.0079","C"
"4","Trait5","FASTmrMLM","PstI.TP256734","10","60799113","0.1643","1.0972","A"
"4","Trait5","FASTmrMLM","PstI.TP256738","10","60799162","4.0664e-06","9e-04","C"
"4","Trait5","FASTmrMLM","PstI.TP841513","10","60831378","-9.4097e-08","2.0479e-05","A"
"4","Trait5","FASTmrMLM","PstI.TP127981","10","60834836","-0.2395","2.3121","A"
"4","Trait5","FASTmrMLM","PstI.TP913689","10","60835984","1.1806e-05","0.0026","C"
"4","Trait5","FASTmrMLM","NsiI.TP665061","10","60841511","1.7339e-05","0.0038","C"
"4","Trait5","FASTmrMLM","PstI.TP942676","10","60847194","-1.7229e-05","0.0038","C"
"4","Trait5","FASTmrMLM","PstI.TP1054932","10","60872117","-5.4613e-06","0.0012","A"
"4","Trait5","FASTmrMLM","PstI.TP978427","10","60874497","-1.3886e-05","0.003","A"
"4","Trait5","FASTmrMLM","NsiI.TP417585","10","60886468","0.0171","0.2002","G"
"4","Trait5","FASTmrMLM","PstI.TP85647","10","60886778","4.0627e-06","9e-04","A"
"4","Trait5","FASTmrMLM","PstI.TP85651","10","60886806","7.9138e-06","0.0017","C"
"4","Trait5","FASTmrMLM","PstI.TP1114246","10","60920794","5.4853e-06","0.0012","A"
"4","Trait5","FASTmrMLM","PstI.TP833426","10","60924843","0.0628","0.7283","A"
"4","Trait5","FASTmrMLM","NsiI.TP441858","10","60928769","1.9635e-05","0.0043","C"
"4","Trait5","FASTmrMLM","PstI.TP1224944","10","60962010","-2e-04","0.0116","C"
"4","Trait5","FASTmrMLM","PstI.TP226277","10","60979471","-0.3777","3.7117","A"
"4","Trait5","FASTmrMLM","PstI.TP752700","10","60982018","1.53e-05","0.0033","A"
"4","Trait5","FASTmrMLM","NsiI.TP701854","10","60982272","-6.7483e-06","0.0015","C"
"4","Trait5","FASTmrMLM","PstI.TP16436","10","60984161","0.2448","2.2097","C"
"4","Trait5","FASTmrMLM","PstI.TP457783","10","61002711","-1.7929e-06","4e-04","C"
"4","Trait5","FASTmrMLM","PstI.TP878228","10","61021453","-0.1266","0.8919","A"
"4","Trait5","FASTmrMLM","NsiI.TP760848","10","61039702","1.4906e-05","0.0033","A"
"4","Trait5","FASTmrMLM","NsiI.TP760847","10","61039739","-4.8107e-06","0.001","A"
"4","Trait5","FASTmrMLM","NsiI.TP445219","10","61039770","-2.8039e-05","0.0061","C"
"4","Trait5","FASTmrMLM","PstI.TP496496","10","61042378","0.1721","1.3403","C"
"4","Trait5","FASTmrMLM","NsiI.TP741167","10","61042428","0.0864","0.6004","C"
"4","Trait5","FASTmrMLM","NsiI.TP652838","10","61064369","-1.3166e-07","2.8652e-05","C"
"4","Trait5","FASTmrMLM","PstI.TP215024","10","61071521","-1.7248e-05","0.0038","A"
"4","Trait5","FASTmrMLM","PstI.TP1229725","10","61072728","9.7722e-06","0.0021","C"
"4","Trait5","FASTmrMLM","PstI.TP25388","10","61086106","-1.3325e-05","0.0029","C"
"4","Trait5","FASTmrMLM","PstI.TP574201","10","61087268","8.2025e-06","0.0018","A"
"4","Trait5","FASTmrMLM","PstI.TP386615","10","61090966","8.265e-06","0.0018","A"
"4","Trait5","FASTmrMLM","PstI.TP237680","10","61114356","1.0871e-05","0.0024","G"
"4","Trait5","FASTmrMLM","PstI.TP1181279","10","61156077","-3.3214e-05","0.0073","A"
"4","Trait5","FASTmrMLM","NsiI.TP765657","10","61168589","0.5065","1.6025","A"
"4","Trait5","FASTmrMLM","PstI.TP1087908","10","61172374","-6.4629e-06","0.0014","A"
"4","Trait5","FASTmrMLM","PstI.TP1280478","10","61172993","-3.133e-05","0.0069","C"
"4","Trait5","FASTmrMLM","PstI.TP1280479","10","61173000","1.2868e-05","0.0028","A"
"4","Trait5","FASTmrMLM","NsiI.TP515482","10","61193105","0.0138","0.1556","C"
"4","Trait5","FASTmrMLM","PstI.TP736477","10","61193367","-0.1004","1.2186","C"
"4","Trait5","FASTmrMLM","PstI.TP1192541","10","61210996","-3.3861e-06","7e-04","C"
"4","Trait5","FASTmrMLM","PstI.TP506923","10","61222603","9.6974e-06","0.0021","C"
"4","Trait5","FASTmrMLM","PstI.TP1024760","10","61222672","-0.1534","1.0475","A"
"4","Trait5","FASTmrMLM","PstI.TP846605","10","61222842","-1.9588e-05","0.0043","C"
"4","Trait5","FASTmrMLM","NsiI.TP277339","10","61223170","-0.0119","0.2331","G"
"4","Trait5","FASTmrMLM","PstI.TP111","11","1","2.3857e-05","0.0052","A"
"4","Trait5","FASTmrMLM","PstI.TP210","11","2","1.7999e-05","0.0039","A"
"4","Trait5","FASTmrMLM","PstI.TP272","11","3","2.5758e-05","0.0056","A"
"4","Trait5","FASTmrMLM","PstI.TP309","11","4","-2.3422e-06","5e-04","G"
"4","Trait5","FASTmrMLM","PstI.TP539","11","5","-2.3669e-06","5e-04","A"
"4","Trait5","FASTmrMLM","PstI.TP666","11","7","-1.6295e-05","0.0036","A"
"4","Trait5","FASTmrMLM","PstI.TP784","11","8","-0.0303","0.1936","A"
"4","Trait5","FASTmrMLM","PstI.TP829","11","9","-1.7548e-05","0.0038","C"
"4","Trait5","FASTmrMLM","PstI.TP1061","11","10","-1.8485e-05","0.004","A"
"4","Trait5","FASTmrMLM","PstI.TP1221","11","11","-0.0292","0.3171","A"
"4","Trait5","FASTmrMLM","PstI.TP1588","11","12","-0.0323","0.3166","C"
"4","Trait5","FASTmrMLM","PstI.TP2175","11","13","-2.4451e-05","0.0054","A"
"4","Trait5","FASTmrMLM","PstI.TP2196","11","14","1.0578e-05","0.0023","A"
"4","Trait5","FASTmrMLM","PstI.TP2338","11","15","-1.4997e-06","3e-04","A"
"4","Trait5","FASTmrMLM","PstI.TP2513","11","16","-6.2441e-06","0.0014","C"
"4","Trait5","FASTmrMLM","PstI.TP3955","11","17","4.6636e-06","0.001","A"
"4","Trait5","FASTmrMLM","PstI.TP4061","11","18","0.2157","1.3427","A"
"4","Trait5","FASTmrMLM","PstI.TP4553","11","20","-1.0205e-05","0.0022","A"
"4","Trait5","FASTmrMLM","PstI.TP4570","11","21","-0.0219","0.2672","C"
"4","Trait5","FASTmrMLM","PstI.TP4742","11","22","-0.2354","1.2158","C"
"4","Trait5","FASTmrMLM","PstI.TP4743","11","23","5.0132e-06","0.0011","A"
"4","Trait5","FASTmrMLM","PstI.TP5164","11","27","0.0214","0.1585","C"
"4","Trait5","FASTmrMLM","PstI.TP5181","11","28","1e-04","0.0112","A"
"4","Trait5","FASTmrMLM","PstI.TP5327","11","29","1.318e-05","0.0029","A"
"4","Trait5","FASTmrMLM","PstI.TP5441","11","30","1.0682e-05","0.0023","A"
"4","Trait5","FASTmrMLM","PstI.TP5539","11","31","-1.1878e-05","0.0026","A"
"4","Trait5","FASTmrMLM","PstI.TP5619","11","32","-0.1746","1.1712","C"
"4","Trait5","FASTmrMLM","PstI.TP5650","11","33","1.0843e-05","0.0024","A"
"4","Trait5","FASTmrMLM","PstI.TP5684","11","34","-5.5654e-06","0.0012","G"
"4","Trait5","FASTmrMLM","PstI.TP5857","11","35","6.2262e-06","0.0014","A"
"4","Trait5","FASTmrMLM","PstI.TP6027","11","36","-1.8647e-05","0.0041","A"
"4","Trait5","FASTmrMLM","PstI.TP6058","11","37","0.3108","2.3211","G"
"4","Trait5","FASTmrMLM","PstI.TP6191","11","39","-0.1598","0.9211","A"
"4","Trait5","FASTmrMLM","PstI.TP6271","11","40","-0.1344","1.066","A"
"4","Trait5","FASTmrMLM","PstI.TP6727","11","44","-0.1927","1.3353","A"
"4","Trait5","FASTmrMLM","PstI.TP7100","11","45","0.0494","0.3065","A"
"4","Trait5","FASTmrMLM","PstI.TP7115","11","46","0.0958","0.7205","A"
"4","Trait5","FASTmrMLM","PstI.TP7148","11","48","-4.0168e-05","0.0088","A"
"4","Trait5","FASTmrMLM","PstI.TP7355","11","51","0.0277","0.2804","A"
"4","Trait5","FASTmrMLM","PstI.TP7401","11","52","0.3039","1.4197","C"
"4","Trait5","FASTmrMLM","PstI.TP7528","11","53","2.2706e-05","0.005","C"
"4","Trait5","FASTmrMLM","PstI.TP7533","11","54","3.4173e-05","0.0075","C"
"4","Trait5","FASTmrMLM","PstI.TP8220","11","57","0.0572","0.3539","C"
"4","Trait5","FASTmrMLM","PstI.TP8566","11","58","-2.678e-05","0.0059","A"
"4","Trait5","FASTmrMLM","PstI.TP8667","11","59","0.0713","0.9224","A"
"4","Trait5","FASTmrMLM","PstI.TP9082","11","61","-1.8291e-05","0.004","A"
"4","Trait5","FASTmrMLM","PstI.TP9218","11","63","-1.8107e-05","0.004","A"
"4","Trait5","FASTmrMLM","PstI.TP9255","11","64","-1.2488e-05","0.0027","G"
"4","Trait5","FASTmrMLM","PstI.TP9257","11","65","0.1125","0.6525","A"
"4","Trait5","FASTmrMLM","PstI.TP9355","11","66","3.9745e-06","9e-04","A"
"4","Trait5","FASTmrMLM","PstI.TP9509","11","67","-0.0573","0.3714","A"
"4","Trait5","FASTmrMLM","PstI.TP9549","11","68","3.5429e-05","0.0078","A"
"4","Trait5","FASTmrMLM","PstI.TP9697","11","69","0.0461","0.5362","G"
"4","Trait5","FASTmrMLM","PstI.TP9732","11","70","1.2694e-05","0.0028","A"
"4","Trait5","FASTmrMLM","PstI.TP9753","11","71","-1.3118e-05","0.0029","A"
"4","Trait5","FASTmrMLM","PstI.TP9799","11","72","1.2356e-05","0.0027","A"
"4","Trait5","FASTmrMLM","PstI.TP9838","11","73","-0.0136","0.1478","A"
"4","Trait5","FASTmrMLM","PstI.TP10045","11","74","2.3251e-05","0.0051","C"
"4","Trait5","FASTmrMLM","PstI.TP10109","11","75","-0.0435","0.5486","A"
"4","Trait5","FASTmrMLM","PstI.TP10237","11","76","1.1268e-06","2e-04","C"
"4","Trait5","FASTmrMLM","PstI.TP10244","11","77","2.2467e-05","0.0049","A"
"4","Trait5","FASTmrMLM","PstI.TP10552","11","79","-0.1333","1.6476","A"
"4","Trait5","FASTmrMLM","PstI.TP10553","11","80","-1.3281e-05","0.0029","C"
"4","Trait5","FASTmrMLM","PstI.TP10616","11","82","-0.0255","0.3123","A"
"4","Trait5","FASTmrMLM","PstI.TP10692","11","83","0.0922","0.5973","C"
"4","Trait5","FASTmrMLM","PstI.TP10820","11","84","-4.3293e-05","0.0095","A"
"4","Trait5","FASTmrMLM","PstI.TP10834","11","85","0.0816","0.6722","A"
"4","Trait5","FASTmrMLM","PstI.TP10936","11","87","-9.6222e-06","0.0021","A"
"4","Trait5","FASTmrMLM","PstI.TP11042","11","88","2.4068e-05","0.0053","A"
"4","Trait5","FASTmrMLM","PstI.TP11070","11","89","-9.8095e-06","0.0021","A"
"4","Trait5","FASTmrMLM","PstI.TP11248","11","90","8.8393e-06","0.0019","C"
"4","Trait5","FASTmrMLM","PstI.TP11786","11","91","-2.5869e-05","0.0057","A"
"4","Trait5","FASTmrMLM","PstI.TP11812","11","92","-3.5697e-05","0.0078","A"
"4","Trait5","FASTmrMLM","PstI.TP11880","11","93","-2.1306e-05","0.0047","C"
"4","Trait5","FASTmrMLM","PstI.TP12300","11","95","0.1088","0.699","A"
"4","Trait5","FASTmrMLM","PstI.TP12347","11","97","6.5331e-06","0.0014","A"
"4","Trait5","FASTmrMLM","PstI.TP12508","11","100","-7.5194e-06","0.0016","A"
"4","Trait5","FASTmrMLM","PstI.TP12521","11","101","3.4283e-05","0.0075","C"
"4","Trait5","FASTmrMLM","PstI.TP12670","11","102","3.6525e-06","8e-04","C"
"4","Trait5","FASTmrMLM","PstI.TP12718","11","103","-2.5082e-06","5e-04","A"
"4","Trait5","FASTmrMLM","PstI.TP12767","11","104","1.0703e-05","0.0023","C"
"4","Trait5","FASTmrMLM","PstI.TP12783","11","105","-1.1616e-05","0.0025","A"
"4","Trait5","FASTmrMLM","PstI.TP13205","11","107","0.0827","0.5424","C"
"4","Trait5","FASTmrMLM","PstI.TP13311","11","108","-6.6223e-06","0.0014","A"
"4","Trait5","FASTmrMLM","PstI.TP13330","11","109","-1.7296e-05","0.0038","C"
"4","Trait5","FASTmrMLM","PstI.TP13397","11","111","6.6977e-06","0.0015","A"
"4","Trait5","FASTmrMLM","PstI.TP13436","11","112","-0.0459","0.4369","A"
"4","Trait5","FASTmrMLM","PstI.TP13618","11","114","-0.1581","1.0933","A"
"4","Trait5","FASTmrMLM","PstI.TP13656","11","115","0.0556","0.3651","A"
"4","Trait5","FASTmrMLM","PstI.TP14048","11","117","3.7447e-05","0.0082","C"
"4","Trait5","FASTmrMLM","PstI.TP14094","11","118","2.7709e-06","6e-04","A"
"4","Trait5","FASTmrMLM","PstI.TP14296","11","119","-3.3256e-07","7.2379e-05","A"
"4","Trait5","FASTmrMLM","PstI.TP14413","11","120","7.0775e-06","0.0015","C"
"4","Trait5","FASTmrMLM","PstI.TP14788","11","121","-1.9347e-05","0.0042","C"
"4","Trait5","FASTmrMLM","PstI.TP14886","11","122","4.8717e-06","0.0011","A"
"4","Trait5","FASTmrMLM","PstI.TP15613","11","123","3.8981e-05","0.0086","A"
"4","Trait5","FASTmrMLM","PstI.TP15637","11","124","-6.5774e-06","0.0014","C"
"4","Trait5","FASTmrMLM","PstI.TP15646","11","125","-1.2337e-05","0.0027","C"
"4","Trait5","FASTmrMLM","PstI.TP15787","11","126","-0.0606","0.3174","A"
"4","Trait5","FASTmrMLM","PstI.TP15873","11","127","1.4615e-05","0.0032","A"
"4","Trait5","FASTmrMLM","PstI.TP15960","11","128","6.2822e-06","0.0014","C"
"4","Trait5","FASTmrMLM","PstI.TP16079","11","129","-4.8629e-06","0.0011","C"
"4","Trait5","FASTmrMLM","PstI.TP16284","11","131","9.5741e-08","2.0843e-05","C"
"4","Trait5","FASTmrMLM","PstI.TP16372","11","132","6.587e-06","0.0014","C"
"4","Trait5","FASTmrMLM","PstI.TP17045","11","135","1.6988e-05","0.0037","C"
"4","Trait5","FASTmrMLM","PstI.TP17575","11","139","-1.4892e-05","0.0033","A"
"4","Trait5","FASTmrMLM","PstI.TP17606","11","140","-1.325e-05","0.0029","A"
"4","Trait5","FASTmrMLM","PstI.TP17717","11","141","-4.3058e-06","9e-04","C"
"4","Trait5","FASTmrMLM","PstI.TP17972","11","142","-3.4178e-07","7.4398e-05","C"
"4","Trait5","FASTmrMLM","PstI.TP18291","11","143","0.0517","0.6387","C"
"4","Trait5","FASTmrMLM","PstI.TP18454","11","144","-1.7136e-05","0.0037","A"
"4","Trait5","FASTmrMLM","PstI.TP18541","11","146","2.5156e-05","0.0055","C"
"4","Trait5","FASTmrMLM","PstI.TP18563","11","147","8.4569e-06","0.0018","C"
"4","Trait5","FASTmrMLM","PstI.TP18565","11","148","2.5156e-05","0.0055","A"
"4","Trait5","FASTmrMLM","PstI.TP18569","11","149","2.0512e-05","0.0045","A"
"4","Trait5","FASTmrMLM","PstI.TP18605","11","150","-5.8543e-06","0.0013","A"
"4","Trait5","FASTmrMLM","PstI.TP19123","11","154","0.0159","0.2311","A"
"4","Trait5","FASTmrMLM","PstI.TP19142","11","155","-2.5173e-05","0.0055","G"
"4","Trait5","FASTmrMLM","PstI.TP19319","11","156","-1.0593e-05","0.0023","A"
"4","Trait5","FASTmrMLM","PstI.TP19553","11","157","1.738e-05","0.0038","A"
"4","Trait5","FASTmrMLM","PstI.TP19921","11","159","8.3643e-06","0.0018","A"
"4","Trait5","FASTmrMLM","PstI.TP20208","11","161","2e-04","0.0122","C"
"4","Trait5","FASTmrMLM","PstI.TP20357","11","163","0.0621","0.7987","C"
"4","Trait5","FASTmrMLM","PstI.TP20884","11","164","-0.1121","0.7942","A"
"4","Trait5","FASTmrMLM","PstI.TP20955","11","166","0.0354","0.399","A"
"4","Trait5","FASTmrMLM","PstI.TP21082","11","167","0.0734","0.718","A"
"4","Trait5","FASTmrMLM","PstI.TP21121","11","168","3.351e-05","0.0074","C"
"4","Trait5","FASTmrMLM","PstI.TP21349","11","169","-1.0131e-05","0.0022","C"
"4","Trait5","FASTmrMLM","PstI.TP21379","11","170","-4.1547e-05","0.0091","A"
"4","Trait5","FASTmrMLM","PstI.TP21423","11","171","-1.7748e-06","4e-04","A"
"4","Trait5","FASTmrMLM","PstI.TP21438","11","172","-0.0786","0.9426","A"
"4","Trait5","FASTmrMLM","PstI.TP21461","11","173","0.0718","0.716","C"
"4","Trait5","FASTmrMLM","PstI.TP21462","11","174","3.9528e-05","0.0087","C"
"4","Trait5","FASTmrMLM","PstI.TP21734","11","175","8.7394e-06","0.0019","A"
"4","Trait5","FASTmrMLM","PstI.TP22085","11","177","-1.2985e-05","0.0028","C"
"4","Trait5","FASTmrMLM","PstI.TP22169","11","180","-7.8785e-06","0.0017","A"
"4","Trait5","FASTmrMLM","PstI.TP22403","11","181","-8.6978e-06","0.0019","C"
"4","Trait5","FASTmrMLM","PstI.TP22528","11","182","-1.3798e-05","0.003","A"
"4","Trait5","FASTmrMLM","PstI.TP22620","11","184","-1.4301e-06","3e-04","A"
"4","Trait5","FASTmrMLM","PstI.TP22949","11","185","0.2135","3.1541","A"
"4","Trait5","FASTmrMLM","PstI.TP23524","11","187","-0.0072","0.1511","A"
"4","Trait5","FASTmrMLM","PstI.TP23658","11","188","-1.4913e-05","0.0033","C"
"4","Trait5","FASTmrMLM","PstI.TP24758","11","189","4.8713e-06","0.0011","A"
"4","Trait5","FASTmrMLM","PstI.TP24775","11","190","2.7826e-05","0.006","C"
"4","Trait5","FASTmrMLM","PstI.TP24783","11","191","-4.5907e-06","0.001","A"
"4","Trait5","FASTmrMLM","PstI.TP25058","11","192","-0.0205","0.2274","A"
"4","Trait5","FASTmrMLM","PstI.TP25085","11","193","-2.3813e-05","0.0052","A"
"4","Trait5","FASTmrMLM","PstI.TP25268","11","194","9.16e-06","0.002","G"
"4","Trait5","FASTmrMLM","PstI.TP25408","11","196","-5.0178e-06","0.0011","C"
"4","Trait5","FASTmrMLM","PstI.TP25471","11","197","-0.0259","0.3367","C"
"4","Trait5","FASTmrMLM","PstI.TP25647","11","198","1.3249e-05","0.0029","C"
"4","Trait5","FASTmrMLM","PstI.TP25651","11","199","0.3927","1.7917","C"
"4","Trait5","FASTmrMLM","PstI.TP25993","11","202","-3e-04","0.0168","A"
"4","Trait5","FASTmrMLM","PstI.TP26012","11","203","2.0267e-05","0.0044","A"
"4","Trait5","FASTmrMLM","PstI.TP26112","11","204","-0.0659","0.7924","C"
"4","Trait5","FASTmrMLM","PstI.TP26586","11","205","-0.0077","0.1445","C"
"4","Trait5","FASTmrMLM","PstI.TP26727","11","206","-5.7826e-06","0.0013","C"
"4","Trait5","FASTmrMLM","PstI.TP26837","11","207","-3.0518e-05","0.0067","C"
"4","Trait5","FASTmrMLM","PstI.TP27140","11","208","-0.154","1.1821","C"
"4","Trait5","FASTmrMLM","PstI.TP27310","11","209","6.0977e-06","0.0013","C"
"4","Trait5","FASTmrMLM","PstI.TP27334","11","210","7.7234e-06","0.0017","A"
"4","Trait5","FASTmrMLM","PstI.TP27379","11","211","-0.0815","1.1425","G"
"4","Trait5","FASTmrMLM","PstI.TP27888","11","213","-7.3909e-07","2e-04","C"
"4","Trait5","FASTmrMLM","PstI.TP27950","11","214","-0.078","0.7204","A"
"4","Trait5","FASTmrMLM","PstI.TP27966","11","215","0.0827","0.9899","A"
"4","Trait5","FASTmrMLM","PstI.TP28147","11","216","6.7409e-07","1e-04","C"
"4","Trait5","FASTmrMLM","PstI.TP28325","11","217","3.0522e-06","7e-04","A"
"4","Trait5","FASTmrMLM","PstI.TP28921","11","220","-0.0301","0.297","C"
"4","Trait5","FASTmrMLM","PstI.TP28935","11","221","-3.7295e-06","8e-04","A"
"4","Trait5","FASTmrMLM","PstI.TP28989","11","222","1.6974e-05","0.0037","C"
"4","Trait5","FASTmrMLM","PstI.TP29226","11","224","-0.133","1.1184","A"
"4","Trait5","FASTmrMLM","PstI.TP29253","11","225","-9.1026e-07","2e-04","C"
"4","Trait5","FASTmrMLM","PstI.TP29269","11","226","0.0524","0.5181","A"
"4","Trait5","FASTmrMLM","PstI.TP29396","11","227","8.1753e-06","0.0018","G"
"4","Trait5","FASTmrMLM","PstI.TP29402","11","228","-1.1887e-05","0.0026","C"
"4","Trait5","FASTmrMLM","PstI.TP29599","11","229","-3.6283e-05","0.0064","A"
"4","Trait5","FASTmrMLM","PstI.TP29818","11","230","1.1514e-05","0.0025","C"
"4","Trait5","FASTmrMLM","PstI.TP29837","11","231","-5.5727e-06","0.0012","C"
"4","Trait5","FASTmrMLM","PstI.TP30419","11","232","0.022","0.2503","A"
"4","Trait5","FASTmrMLM","PstI.TP30427","11","233","0.1627","0.9948","A"
"4","Trait5","FASTmrMLM","PstI.TP30564","11","234","6.4101e-06","0.0014","C"
"4","Trait5","FASTmrMLM","PstI.TP30682","11","236","-0.0947","0.6449","C"
"4","Trait5","FASTmrMLM","PstI.TP30726","11","237","0.1713","0.6974","C"
"4","Trait5","FASTmrMLM","PstI.TP30835","11","238","-0.0492","0.2855","A"
"4","Trait5","FASTmrMLM","PstI.TP30853","11","239","0.096","0.4948","C"
"4","Trait5","FASTmrMLM","PstI.TP31022","11","240","-1.4692e-05","0.0032","C"
"4","Trait5","FASTmrMLM","PstI.TP31023","11","241","-1.9931e-05","0.0044","C"
"4","Trait5","FASTmrMLM","PstI.TP31141","11","242","-0.0885","1.3699","A"
"4","Trait5","FASTmrMLM","PstI.TP31208","11","245","0.0834","0.2962","A"
"4","Trait5","FASTmrMLM","PstI.TP31333","11","246","2.5067e-05","0.0055","A"
"4","Trait5","FASTmrMLM","PstI.TP31615","11","248","0.0343","0.3842","A"
"4","Trait5","FASTmrMLM","PstI.TP31637","11","249","1.5704e-05","0.0034","C"
"4","Trait5","FASTmrMLM","PstI.TP31685","11","250","6.8921e-06","0.0015","C"
"4","Trait5","FASTmrMLM","PstI.TP31817","11","252","-3.8346e-05","0.0084","C"
"4","Trait5","FASTmrMLM","PstI.TP31819","11","253","2.8034e-06","6e-04","A"
"4","Trait5","FASTmrMLM","PstI.TP31823","11","254","-0.0404","0.3121","A"
"4","Trait5","FASTmrMLM","PstI.TP31825","11","255","-7.1993e-06","0.0016","C"
"4","Trait5","FASTmrMLM","PstI.TP31859","11","256","-2.4557e-05","0.0054","A"
"4","Trait5","FASTmrMLM","PstI.TP31891","11","258","-5.7838e-06","0.0013","A"
"4","Trait5","FASTmrMLM","PstI.TP31983","11","259","-0.0075","0.139","C"
"4","Trait5","FASTmrMLM","PstI.TP32026","11","260","0.0716","0.5789","A"
"4","Trait5","FASTmrMLM","PstI.TP32146","11","261","-9.9149e-06","0.0022","A"
"4","Trait5","FASTmrMLM","PstI.TP32321","11","262","-0.2172","0.9977","C"
"4","Trait5","FASTmrMLM","PstI.TP32343","11","263","-0.0253","0.1503","C"
"4","Trait5","FASTmrMLM","PstI.TP32347","11","264","-1.8662e-05","0.0041","A"
"4","Trait5","FASTmrMLM","PstI.TP32390","11","265","-9.8353e-06","0.0021","A"
"4","Trait5","FASTmrMLM","PstI.TP32559","11","269","4.06e-05","0.0089","G"
"4","Trait5","FASTmrMLM","PstI.TP33156","11","271","-6.9268e-06","0.0015","A"
"4","Trait5","FASTmrMLM","PstI.TP33340","11","272","0.1646","1.1832","G"
"4","Trait5","FASTmrMLM","PstI.TP33885","11","274","-0.1132","1.1147","A"
"4","Trait5","FASTmrMLM","PstI.TP33944","11","276","0.1278","1.1952","C"
"4","Trait5","FASTmrMLM","PstI.TP34246","11","277","7.8379e-06","0.0017","A"
"4","Trait5","FASTmrMLM","PstI.TP34324","11","278","-1e-04","0.011","C"
"4","Trait5","FASTmrMLM","PstI.TP34509","11","279","0.4305","1.5959","A"
"4","Trait5","FASTmrMLM","PstI.TP34662","11","281","-2.9042e-06","6e-04","C"
"4","Trait5","FASTmrMLM","PstI.TP34873","11","284","-0.2133","1.5032","A"
"4","Trait5","FASTmrMLM","PstI.TP34986","11","286","2.268e-05","0.005","C"
"4","Trait5","FASTmrMLM","PstI.TP35024","11","287","-1.2795e-05","0.0028","A"
"4","Trait5","FASTmrMLM","PstI.TP35050","11","288","-8.7355e-06","0.0019","A"
"4","Trait5","FASTmrMLM","PstI.TP35103","11","289","-2.5017e-05","0.0055","A"
"4","Trait5","FASTmrMLM","PstI.TP35152","11","290","-1.1968e-05","0.0026","G"
"4","Trait5","FASTmrMLM","PstI.TP35356","11","291","-2.2889e-06","5e-04","C"
"4","Trait5","FASTmrMLM","PstI.TP35420","11","292","0.2739","0.8364","C"
"4","Trait5","FASTmrMLM","PstI.TP35504","11","294","1.7353e-05","0.0038","A"
"4","Trait5","FASTmrMLM","PstI.TP35555","11","295","1.2193e-05","0.0027","A"
"4","Trait5","FASTmrMLM","PstI.TP35952","11","297","-7.7128e-06","0.0017","A"
"4","Trait5","FASTmrMLM","PstI.TP36125","11","299","0.1005","0.5017","C"
"4","Trait5","FASTmrMLM","PstI.TP36138","11","300","0.1294","1.138","A"
"4","Trait5","FASTmrMLM","PstI.TP36509","11","303","-7.886e-07","2e-04","G"
"4","Trait5","FASTmrMLM","PstI.TP37052","11","304","-0.0842","0.4895","A"
"4","Trait5","FASTmrMLM","PstI.TP37228","11","305","0.0916","0.9055","C"
"4","Trait5","FASTmrMLM","PstI.TP37787","11","308","0.0852","0.9313","A"
"4","Trait5","FASTmrMLM","PstI.TP37827","11","309","-2.084e-05","0.0046","A"
"4","Trait5","FASTmrMLM","PstI.TP37942","11","310","-3.6837e-05","0.0081","A"
"4","Trait5","FASTmrMLM","PstI.TP38016","11","311","-0.0277","0.2826","A"
"4","Trait5","FASTmrMLM","PstI.TP38223","11","313","1.0363e-05","0.0023","C"
"4","Trait5","FASTmrMLM","PstI.TP38518","11","314","-0.0996","1.1532","C"
"4","Trait5","FASTmrMLM","PstI.TP38637","11","315","2.2959e-05","0.005","C"
"4","Trait5","FASTmrMLM","PstI.TP38676","11","316","1.6168e-05","0.0032","C"
"4","Trait5","FASTmrMLM","PstI.TP38773","11","317","5.0017e-07","1e-04","C"
"4","Trait5","FASTmrMLM","PstI.TP38986","11","318","0.1444","0.7175","G"
"4","Trait5","FASTmrMLM","PstI.TP39150","11","319","2.7264e-05","0.006","A"
"4","Trait5","FASTmrMLM","PstI.TP39378","11","320","-1.5356e-05","0.0034","A"
"4","Trait5","FASTmrMLM","PstI.TP39647","11","322","6.632e-06","0.0014","A"
"4","Trait5","FASTmrMLM","PstI.TP39660","11","323","4.1659e-05","0.0092","C"
"4","Trait5","FASTmrMLM","PstI.TP39687","11","324","-1.4749e-05","0.0032","A"
"4","Trait5","FASTmrMLM","PstI.TP39688","11","325","0.18","0.9798","A"
"4","Trait5","FASTmrMLM","PstI.TP39730","11","326","0.0814","0.8308","C"
"4","Trait5","FASTmrMLM","PstI.TP39747","11","327","0.0394","0.3521","A"
"4","Trait5","FASTmrMLM","PstI.TP39987","11","329","-0.0385","0.4552","A"
"4","Trait5","FASTmrMLM","PstI.TP40026","11","331","0.1586","1.2707","C"
"4","Trait5","FASTmrMLM","PstI.TP40045","11","332","-5.3993e-06","0.0012","G"
"4","Trait5","FASTmrMLM","PstI.TP40244","11","333","2.2928e-05","0.005","A"
"4","Trait5","FASTmrMLM","PstI.TP40292","11","334","-1.8794e-05","0.0041","A"
"4","Trait5","FASTmrMLM","PstI.TP40306","11","335","0.0328","0.3762","C"
"4","Trait5","FASTmrMLM","PstI.TP40328","11","336","-1.4176e-05","0.0031","A"
"4","Trait5","FASTmrMLM","PstI.TP40393","11","337","-1.5221e-06","3e-04","C"
"4","Trait5","FASTmrMLM","PstI.TP40429","11","338","1.9286e-05","0.0042","C"
"4","Trait5","FASTmrMLM","PstI.TP40627","11","339","-2.9183e-06","6e-04","A"
"4","Trait5","FASTmrMLM","PstI.TP40631","11","340","2e-04","0.0113","A"
"4","Trait5","FASTmrMLM","PstI.TP40658","11","341","2.8237e-07","6.1453e-05","G"
"4","Trait5","FASTmrMLM","PstI.TP40792","11","342","1.8665e-06","4e-04","A"
"4","Trait5","FASTmrMLM","PstI.TP40916","11","343","0.0179","0.1253","G"
"4","Trait5","FASTmrMLM","PstI.TP40922","11","344","1.3919e-06","3e-04","C"
"4","Trait5","FASTmrMLM","PstI.TP40961","11","345","-2.0664e-05","0.0045","A"
"4","Trait5","FASTmrMLM","PstI.TP41180","11","346","2.0458e-05","0.0045","A"
"4","Trait5","FASTmrMLM","PstI.TP41285","11","347","-7.197e-06","0.0016","A"
"4","Trait5","FASTmrMLM","PstI.TP41409","11","351","-1e-04","0.0092","A"
"4","Trait5","FASTmrMLM","PstI.TP42106","11","352","1.1602e-05","0.0025","A"
"4","Trait5","FASTmrMLM","PstI.TP42146","11","353","3.0072e-05","0.0066","A"
"4","Trait5","FASTmrMLM","PstI.TP42350","11","354","0.0531","0.622","C"
"4","Trait5","FASTmrMLM","PstI.TP42492","11","355","-8.5598e-07","2e-04","A"
"4","Trait5","FASTmrMLM","PstI.TP42722","11","357","-0.0789","0.425","C"
"4","Trait5","FASTmrMLM","PstI.TP42776","11","358","-2.1932e-06","5e-04","A"
"4","Trait5","FASTmrMLM","PstI.TP43003","11","359","-3e-04","0.0171","A"
"4","Trait5","FASTmrMLM","PstI.TP43258","11","361","-0.0439","0.36","C"
"4","Trait5","FASTmrMLM","PstI.TP43277","11","362","0.0184","0.2415","C"
"4","Trait5","FASTmrMLM","PstI.TP43328","11","363","-0.1389","1.1309","A"
"4","Trait5","FASTmrMLM","PstI.TP43758","11","364","3.6845e-06","8e-04","C"
"4","Trait5","FASTmrMLM","PstI.TP43876","11","365","1.3687e-05","0.003","A"
"4","Trait5","FASTmrMLM","PstI.TP43916","11","366","7.3789e-06","0.0016","A"
"4","Trait5","FASTmrMLM","PstI.TP43957","11","367","0.1101","1.6149","A"
"4","Trait5","FASTmrMLM","PstI.TP44013","11","368","-0.0294","0.3243","C"
"4","Trait5","FASTmrMLM","PstI.TP44035","11","369","-0.0781","0.7535","C"
"4","Trait5","FASTmrMLM","PstI.TP44111","11","370","-9.3566e-06","0.002","A"
"4","Trait5","FASTmrMLM","PstI.TP44229","11","371","-0.0161","0.2483","A"
"4","Trait5","FASTmrMLM","PstI.TP44270","11","372","0.0174","0.2744","A"
"4","Trait5","FASTmrMLM","PstI.TP44345","11","373","0.2481","1.7746","A"
"4","Trait5","FASTmrMLM","PstI.TP44418","11","374","-2.2845e-05","0.005","A"
"4","Trait5","FASTmrMLM","PstI.TP44423","11","375","1.8654e-05","0.0041","C"
"4","Trait5","FASTmrMLM","PstI.TP44448","11","377","-2.7909e-06","6e-04","A"
"4","Trait5","FASTmrMLM","PstI.TP44531","11","378","5.2664e-06","0.0011","C"
"4","Trait5","FASTmrMLM","PstI.TP44533","11","379","-2.3325e-05","0.0051","A"
"4","Trait5","FASTmrMLM","PstI.TP44763","11","380","3.9546e-05","0.0087","A"
"4","Trait5","FASTmrMLM","PstI.TP44802","11","381","-2.6993e-05","0.0059","C"
"4","Trait5","FASTmrMLM","PstI.TP44840","11","382","-1.3951e-05","0.003","C"
"4","Trait5","FASTmrMLM","PstI.TP44900","11","383","0.2021","1.3343","A"
"4","Trait5","FASTmrMLM","PstI.TP44998","11","384","1.2306e-06","3e-04","A"
"4","Trait5","FASTmrMLM","PstI.TP45154","11","386","2.578e-06","6e-04","C"
"4","Trait5","FASTmrMLM","PstI.TP45584","11","388","-0.0536","0.2359","A"
"4","Trait5","FASTmrMLM","PstI.TP45703","11","389","-4.3542e-05","0.0096","A"
"4","Trait5","FASTmrMLM","PstI.TP45791","11","391","0.0337","0.2147","A"
"4","Trait5","FASTmrMLM","PstI.TP46032","11","392","-0.1568","1.1045","A"
"4","Trait5","FASTmrMLM","PstI.TP46107","11","393","-0.1354","0.5974","A"
"4","Trait5","FASTmrMLM","PstI.TP46166","11","394","1.9173e-05","0.0042","A"
"4","Trait5","FASTmrMLM","PstI.TP46177","11","395","2.0994e-05","0.0046","A"
"4","Trait5","FASTmrMLM","PstI.TP46411","11","396","-0.0585","0.4831","A"
"4","Trait5","FASTmrMLM","PstI.TP46444","11","397","8.2492e-06","0.0018","C"
"4","Trait5","FASTmrMLM","PstI.TP46457","11","398","-2.4994e-05","0.0055","G"
"4","Trait5","FASTmrMLM","PstI.TP47013","11","400","1.5548e-05","0.0034","C"
"4","Trait5","FASTmrMLM","PstI.TP47302","11","401","-2e-04","0.0113","C"
"4","Trait5","FASTmrMLM","PstI.TP47357","11","402","-9.0608e-06","0.002","A"
"4","Trait5","FASTmrMLM","PstI.TP47389","11","403","-1.355e-05","0.003","A"
"4","Trait5","FASTmrMLM","PstI.TP47535","11","404","0.126","0.5949","C"
"4","Trait5","FASTmrMLM","PstI.TP47669","11","405","-0.1538","0.8621","C"
"4","Trait5","FASTmrMLM","PstI.TP47743","11","406","-0.066","0.7654","G"
"4","Trait5","FASTmrMLM","PstI.TP47808","11","407","2.4017e-05","0.0053","A"
"4","Trait5","FASTmrMLM","PstI.TP47847","11","408","2.308e-05","0.0051","A"
"4","Trait5","FASTmrMLM","PstI.TP48113","11","409","0.0213","0.2448","C"
"4","Trait5","FASTmrMLM","PstI.TP48643","11","411","0.0912","0.7313","A"
"4","Trait5","FASTmrMLM","PstI.TP48991","11","412","1.0723e-05","0.0023","C"
"4","Trait5","FASTmrMLM","PstI.TP49184","11","415","-1.9093e-06","4e-04","A"
"4","Trait5","FASTmrMLM","PstI.TP49186","11","416","2.0689e-05","0.0045","C"
"4","Trait5","FASTmrMLM","PstI.TP49713","11","419","3.9144e-07","8.5191e-05","A"
"4","Trait5","FASTmrMLM","PstI.TP49822","11","420","-0.1998","1.0026","A"
"4","Trait5","FASTmrMLM","PstI.TP49894","11","421","-0.0295","0.2236","A"
"4","Trait5","FASTmrMLM","PstI.TP49907","11","422","2.2796e-05","0.005","C"
"4","Trait5","FASTmrMLM","PstI.TP49984","11","423","0.0296","0.3798","A"
"4","Trait5","FASTmrMLM","PstI.TP50012","11","424","-1.3118e-05","0.0029","A"
"4","Trait5","FASTmrMLM","PstI.TP50033","11","425","-2.4378e-05","0.0053","A"
"4","Trait5","FASTmrMLM","PstI.TP50363","11","426","0.013","0.2338","A"
"4","Trait5","FASTmrMLM","PstI.TP50381","11","427","0.0072","0.0854","C"
"4","Trait5","FASTmrMLM","PstI.TP50401","11","428","-1.1895e-05","0.0026","A"
"4","Trait5","FASTmrMLM","PstI.TP51079","11","429","-0.1432","1.3788","A"
"4","Trait5","FASTmrMLM","PstI.TP51242","11","430","-9.4119e-06","0.0021","A"
"4","Trait5","FASTmrMLM","PstI.TP51380","11","431","6.821e-06","0.0015","A"
"4","Trait5","FASTmrMLM","PstI.TP51875","11","432","-1.6035e-05","0.0035","A"
"4","Trait5","FASTmrMLM","PstI.TP51884","11","433","0.4422","1.6214","G"
"4","Trait5","FASTmrMLM","PstI.TP51908","11","435","-1.5834e-06","3e-04","A"
"4","Trait5","FASTmrMLM","PstI.TP51961","11","436","0.1407","1.073","A"
"4","Trait5","FASTmrMLM","PstI.TP52604","11","438","1.3278e-05","0.0029","A"
"4","Trait5","FASTmrMLM","PstI.TP52673","11","440","-0.0655","0.7489","G"
"4","Trait5","FASTmrMLM","PstI.TP52862","11","441","-1.2626e-05","0.0028","G"
"4","Trait5","FASTmrMLM","PstI.TP53451","11","444","0.0925","0.5611","A"
"4","Trait5","FASTmrMLM","PstI.TP53843","11","446","-4.4484e-06","0.001","C"
"4","Trait5","FASTmrMLM","PstI.TP53914","11","447","-0.0068","0.1268","A"
"4","Trait5","FASTmrMLM","PstI.TP53971","11","448","-1.6482e-05","0.0036","C"
"4","Trait5","FASTmrMLM","PstI.TP54033","11","449","-0.0837","0.3415","A"
"4","Trait5","FASTmrMLM","PstI.TP54176","11","450","-1.0068e-05","0.0022","A"
"4","Trait5","FASTmrMLM","PstI.TP54210","11","451","-8.4313e-06","0.0018","A"
"4","Trait5","FASTmrMLM","PstI.TP54585","11","452","-2.3994e-05","0.0053","A"
"4","Trait5","FASTmrMLM","PstI.TP54669","11","453","-2.3001e-07","5.0059e-05","A"
"4","Trait5","FASTmrMLM","PstI.TP54867","11","454","1.1885e-05","0.0026","A"
"4","Trait5","FASTmrMLM","PstI.TP55209","11","456","-0.2193","1.0321","C"
"4","Trait5","FASTmrMLM","PstI.TP55312","11","458","1.2318e-05","0.0027","C"
"4","Trait5","FASTmrMLM","PstI.TP55348","11","459","-1.9586e-05","0.0043","A"
"4","Trait5","FASTmrMLM","PstI.TP55565","11","461","0.1186","1.4317","A"
"4","Trait5","FASTmrMLM","PstI.TP55683","11","463","-0.0772","0.811","C"
"4","Trait5","FASTmrMLM","PstI.TP55750","11","464","-2.3754e-06","5e-04","A"
"4","Trait5","FASTmrMLM","PstI.TP55771","11","465","-3.6559e-06","8e-04","A"
"4","Trait5","FASTmrMLM","PstI.TP55781","11","466","0.1676","0.8049","A"
"4","Trait5","FASTmrMLM","PstI.TP55980","11","467","-0.0987","0.8577","A"
"4","Trait5","FASTmrMLM","PstI.TP56268","11","469","0.0382","0.2822","A"
"4","Trait5","FASTmrMLM","PstI.TP56651","11","470","-1.7184e-05","0.0038","C"
"4","Trait5","FASTmrMLM","PstI.TP56692","11","471","2.9294e-06","6e-04","C"
"4","Trait5","FASTmrMLM","PstI.TP56825","11","472","-2.9035e-05","0.0064","A"
"4","Trait5","FASTmrMLM","PstI.TP57121","11","475","1.1967e-05","0.0026","C"
"4","Trait5","FASTmrMLM","PstI.TP57427","11","477","0.2075","1.1698","C"
"4","Trait5","FASTmrMLM","PstI.TP57493","11","478","0.1198","0.6856","A"
"4","Trait5","FASTmrMLM","PstI.TP57859","11","479","-5.4073e-06","0.0012","A"
"4","Trait5","FASTmrMLM","PstI.TP57980","11","481","5.2817e-07","1e-04","A"
"4","Trait5","FASTmrMLM","PstI.TP58050","11","483","-6.6433e-06","0.0014","A"
"4","Trait5","FASTmrMLM","PstI.TP58051","11","484","-4.8923e-06","0.0011","C"
"4","Trait5","FASTmrMLM","PstI.TP58088","11","485","-1.6127e-05","0.0035","G"
"4","Trait5","FASTmrMLM","PstI.TP58373","11","486","3.9311e-05","0.0086","C"
"4","Trait5","FASTmrMLM","PstI.TP58429","11","488","0.0199","0.221","C"
"4","Trait5","FASTmrMLM","PstI.TP58464","11","489","1.8241e-06","4e-04","C"
"4","Trait5","FASTmrMLM","PstI.TP58484","11","490","0.2399","3.5429","C"
"4","Trait5","FASTmrMLM","PstI.TP58505","11","491","-2.0581e-05","0.0045","C"
"4","Trait5","FASTmrMLM","PstI.TP58732","11","494","-6.6869e-06","0.0015","A"
"4","Trait5","FASTmrMLM","PstI.TP58821","11","495","1.3925e-05","0.003","A"
"4","Trait5","FASTmrMLM","PstI.TP58885","11","496","0.039","0.4677","A"
"4","Trait5","FASTmrMLM","PstI.TP58916","11","497","1.9778e-05","0.0043","C"
"4","Trait5","FASTmrMLM","PstI.TP58942","11","498","-2.8347e-07","6.1706e-05","C"
"4","Trait5","FASTmrMLM","PstI.TP58986","11","499","2.8774e-05","0.0063","A"
"4","Trait5","FASTmrMLM","PstI.TP58992","11","500","8.6876e-06","0.0019","C"
"4","Trait5","FASTmrMLM","PstI.TP59340","11","501","6.228e-06","0.0014","C"
"4","Trait5","FASTmrMLM","PstI.TP59530","11","503","-0.0766","0.3596","G"
"4","Trait5","FASTmrMLM","PstI.TP59564","11","504","-0.299","2.0313","C"
"4","Trait5","FASTmrMLM","PstI.TP60187","11","505","-2.3115e-05","0.005","A"
"4","Trait5","FASTmrMLM","PstI.TP60231","11","506","0.1268","1.1985","A"
"4","Trait5","FASTmrMLM","PstI.TP60254","11","507","-1.4358e-05","0.0031","C"
"4","Trait5","FASTmrMLM","PstI.TP60269","11","509","-2.3394e-05","0.0051","A"
"4","Trait5","FASTmrMLM","PstI.TP60536","11","511","1.1085e-05","0.0024","A"
"4","Trait5","FASTmrMLM","PstI.TP60784","11","512","-1.1105e-05","0.0024","A"
"4","Trait5","FASTmrMLM","PstI.TP61032","11","513","2.6059e-05","0.0057","A"
"4","Trait5","FASTmrMLM","PstI.TP61828","11","514","-1.0268e-05","0.0022","A"
"4","Trait5","FASTmrMLM","PstI.TP61862","11","515","-2.7852e-06","6e-04","A"
"4","Trait5","FASTmrMLM","PstI.TP62314","11","516","2.3021e-05","0.005","A"
"4","Trait5","FASTmrMLM","PstI.TP62388","11","517","0.0348","0.3414","G"
"4","Trait5","FASTmrMLM","PstI.TP62509","11","518","4.3411e-06","9e-04","C"
"4","Trait5","FASTmrMLM","PstI.TP62536","11","519","7.0692e-07","2e-04","A"
"4","Trait5","FASTmrMLM","PstI.TP62942","11","520","-0.009","0.1636","A"
"4","Trait5","FASTmrMLM","PstI.TP62962","11","521","1.8328e-05","0.004","C"
"4","Trait5","FASTmrMLM","PstI.TP63272","11","523","-0.0394","0.5534","C"
"4","Trait5","FASTmrMLM","PstI.TP63310","11","524","0.0191","0.1937","A"
"4","Trait5","FASTmrMLM","PstI.TP63317","11","525","0.0149","0.2377","A"
"4","Trait5","FASTmrMLM","PstI.TP63489","11","526","3.0921e-05","0.0068","C"
"4","Trait5","FASTmrMLM","PstI.TP63542","11","527","1.1755e-05","0.0026","A"
"4","Trait5","FASTmrMLM","PstI.TP63642","11","528","-1.5743e-05","0.0034","G"
"4","Trait5","FASTmrMLM","PstI.TP63666","11","529","2.9983e-05","0.0066","C"
"4","Trait5","FASTmrMLM","PstI.TP63668","11","530","2.6396e-05","0.0058","C"
"4","Trait5","FASTmrMLM","PstI.TP63829","11","533","8.5103e-06","0.0019","A"
"4","Trait5","FASTmrMLM","PstI.TP63995","11","534","7.7642e-06","0.0017","C"
"4","Trait5","FASTmrMLM","PstI.TP64172","11","535","-2.3062e-05","0.005","A"
"4","Trait5","FASTmrMLM","PstI.TP64227","11","536","-1.2647e-05","0.0028","A"
"4","Trait5","FASTmrMLM","PstI.TP64429","11","538","8.5284e-06","0.0019","C"
"4","Trait5","FASTmrMLM","PstI.TP64433","11","539","8.9685e-06","0.002","C"
"4","Trait5","FASTmrMLM","PstI.TP64469","11","540","-1.7202e-05","0.0038","G"
"4","Trait5","FASTmrMLM","PstI.TP64879","11","542","0.0801","0.6187","A"
"4","Trait5","FASTmrMLM","PstI.TP65492","11","545","-0.0554","0.4331","A"
"4","Trait5","FASTmrMLM","PstI.TP65497","11","546","5.4883e-06","0.0012","G"
"4","Trait5","FASTmrMLM","PstI.TP65501","11","547","-0.1513","0.9107","C"
"4","Trait5","FASTmrMLM","PstI.TP65832","11","549","5.7612e-06","0.0013","C"
"4","Trait5","FASTmrMLM","PstI.TP65972","11","551","1.9215e-05","0.0042","A"
"4","Trait5","FASTmrMLM","PstI.TP66164","11","552","3.3282e-05","0.0073","C"
"4","Trait5","FASTmrMLM","PstI.TP66363","11","553","-0.043","0.2566","G"
"4","Trait5","FASTmrMLM","PstI.TP66685","11","555","-1.7752e-05","0.0039","A"
"4","Trait5","FASTmrMLM","PstI.TP66732","11","556","-0.0526","0.651","A"
"4","Trait5","FASTmrMLM","PstI.TP67429","11","559","-0.0299","0.198","A"
"4","Trait5","FASTmrMLM","PstI.TP67512","11","560","2.1719e-05","0.0048","A"
"4","Trait5","FASTmrMLM","PstI.TP67547","11","561","-1.0336e-05","0.0023","A"
"4","Trait5","FASTmrMLM","PstI.TP67899","11","562","0.0451","0.3064","G"
"4","Trait5","FASTmrMLM","PstI.TP67917","11","563","0.0461","0.5176","A"
"4","Trait5","FASTmrMLM","PstI.TP68052","11","564","-1.5765e-05","0.0034","C"
"4","Trait5","FASTmrMLM","PstI.TP68263","11","567","2e-04","0.0129","G"
"4","Trait5","FASTmrMLM","PstI.TP68287","11","568","-1.0914e-05","0.0024","A"
"4","Trait5","FASTmrMLM","PstI.TP68441","11","569","-4.7836e-06","0.001","C"
"4","Trait5","FASTmrMLM","PstI.TP68751","11","570","6.7087e-06","0.0015","A"
"4","Trait5","FASTmrMLM","PstI.TP68889","11","571","2.656e-05","0.0058","A"
"4","Trait5","FASTmrMLM","PstI.TP68941","11","572","1.2738e-05","0.0028","A"
"4","Trait5","FASTmrMLM","PstI.TP68960","11","573","0.0091","0.1095","C"
"4","Trait5","FASTmrMLM","PstI.TP69104","11","574","-0.1856","3.2824","C"
"4","Trait5","FASTmrMLM","PstI.TP69359","11","575","-3.6488e-06","8e-04","A"
"4","Trait5","FASTmrMLM","PstI.TP69372","11","576","0.0915","0.7863","A"
"4","Trait5","FASTmrMLM","PstI.TP69394","11","577","0.0401","0.2282","A"
"4","Trait5","FASTmrMLM","PstI.TP69454","11","578","-6.3199e-06","0.0014","A"
"4","Trait5","FASTmrMLM","PstI.TP69599","11","579","-5.2949e-06","0.0012","C"
"4","Trait5","FASTmrMLM","PstI.TP69938","11","581","0.0199","0.2763","A"
"4","Trait5","FASTmrMLM","PstI.TP69950","11","582","-1.2439e-05","0.0027","G"
"4","Trait5","FASTmrMLM","PstI.TP70244","11","585","-2.902e-05","0.0064","C"
"4","Trait5","FASTmrMLM","PstI.TP70359","11","586","-0.0994","0.9482","C"
"4","Trait5","FASTmrMLM","PstI.TP70371","11","587","-2.1581e-05","0.0047","C"
"4","Trait5","FASTmrMLM","PstI.TP70597","11","588","-0.0473","0.4843","C"
"4","Trait5","FASTmrMLM","PstI.TP70963","11","591","1.4061e-05","0.0031","A"
"4","Trait5","FASTmrMLM","PstI.TP71003","11","592","3e-04","0.0139","C"
"4","Trait5","FASTmrMLM","PstI.TP71008","11","593","1.588e-05","0.0035","A"
"4","Trait5","FASTmrMLM","PstI.TP71096","11","594","7.7252e-06","0.0017","A"
"4","Trait5","FASTmrMLM","PstI.TP71382","11","596","-1.5113e-05","0.0033","A"
"4","Trait5","FASTmrMLM","PstI.TP71449","11","597","-3.4264e-06","7e-04","A"
"4","Trait5","FASTmrMLM","PstI.TP71572","11","598","0.2292","1.4635","C"
"4","Trait5","FASTmrMLM","PstI.TP71579","11","599","-7.8047e-06","0.0017","A"
"4","Trait5","FASTmrMLM","PstI.TP71771","11","600","2.2264e-05","0.0049","C"
"4","Trait5","FASTmrMLM","PstI.TP71775","11","601","-1.3402e-05","0.0029","A"
"4","Trait5","FASTmrMLM","PstI.TP71879","11","602","1.3461e-06","3e-04","C"
"4","Trait5","FASTmrMLM","PstI.TP71893","11","603","3.2274e-05","0.0059","A"
"4","Trait5","FASTmrMLM","PstI.TP71937","11","604","-3.0568e-05","0.0067","A"
"4","Trait5","FASTmrMLM","PstI.TP71951","11","605","-2.157e-05","0.0047","A"
"4","Trait5","FASTmrMLM","PstI.TP72046","11","607","8.0318e-06","0.0018","C"
"4","Trait5","FASTmrMLM","PstI.TP72235","11","608","-8.1867e-06","0.0018","A"
"4","Trait5","FASTmrMLM","PstI.TP72398","11","609","0.046","0.2335","A"
"4","Trait5","FASTmrMLM","PstI.TP72590","11","610","-9.2104e-07","2e-04","C"
"4","Trait5","FASTmrMLM","PstI.TP72608","11","612","1.0642e-05","0.0023","A"
"4","Trait5","FASTmrMLM","PstI.TP72613","11","613","-5.4936e-06","0.0012","G"
"4","Trait5","FASTmrMLM","PstI.TP72798","11","614","8.0545e-06","0.0018","G"
"4","Trait5","FASTmrMLM","PstI.TP73126","11","615","-1.4165e-06","3e-04","C"
"4","Trait5","FASTmrMLM","PstI.TP73560","11","616","1.0057e-05","0.0022","C"
"4","Trait5","FASTmrMLM","PstI.TP73665","11","618","-5.4456e-06","0.0012","C"
"4","Trait5","FASTmrMLM","PstI.TP73777","11","620","-0.0604","0.3198","C"
"4","Trait5","FASTmrMLM","PstI.TP73847","11","621","-0.0247","0.1767","C"
"4","Trait5","FASTmrMLM","PstI.TP73916","11","622","2.5762e-05","0.0056","C"
"4","Trait5","FASTmrMLM","PstI.TP74242","11","623","-0.0522","0.569","C"
"4","Trait5","FASTmrMLM","PstI.TP74795","11","626","4.2464e-05","0.0093","C"
"4","Trait5","FASTmrMLM","PstI.TP74836","11","627","1.3606e-05","0.003","C"
"4","Trait5","FASTmrMLM","PstI.TP74868","11","628","0.1393","1.0999","A"
"4","Trait5","FASTmrMLM","PstI.TP74931","11","629","1.1911e-06","3e-04","C"
"4","Trait5","FASTmrMLM","PstI.TP75043","11","630","-2.6922e-05","0.0059","C"
"4","Trait5","FASTmrMLM","PstI.TP75222","11","631","0.008","0.1322","A"
"4","Trait5","FASTmrMLM","PstI.TP75401","11","632","-3.1464e-06","7e-04","C"
"4","Trait5","FASTmrMLM","PstI.TP75643","11","633","-2.6687e-06","6e-04","A"
"4","Trait5","FASTmrMLM","PstI.TP75657","11","634","1.1259e-06","2e-04","A"
"4","Trait5","FASTmrMLM","PstI.TP75668","11","635","-8.4546e-06","0.0018","C"
"4","Trait5","FASTmrMLM","PstI.TP75720","11","636","-3.8259e-06","8e-04","A"
"4","Trait5","FASTmrMLM","PstI.TP75731","11","637","3.8315e-06","8e-04","A"
"4","Trait5","FASTmrMLM","PstI.TP75769","11","638","0.0233","0.1876","C"
"4","Trait5","FASTmrMLM","PstI.TP75777","11","639","2.1974e-05","0.0048","A"
"4","Trait5","FASTmrMLM","PstI.TP75877","11","640","3.4353e-05","0.0075","A"
"4","Trait5","FASTmrMLM","PstI.TP76147","11","642","-0.0604","0.2961","A"
"4","Trait5","FASTmrMLM","PstI.TP76280","11","643","0.1463","1.0412","C"
"4","Trait5","FASTmrMLM","PstI.TP76678","11","644","-0.0276","0.3461","G"
"4","Trait5","FASTmrMLM","PstI.TP77108","11","645","-6.8751e-06","0.0015","A"
"4","Trait5","FASTmrMLM","PstI.TP77264","11","647","-7.4762e-06","0.0016","C"
"4","Trait5","FASTmrMLM","PstI.TP77674","11","648","-3.8746e-06","8e-04","C"
"4","Trait5","FASTmrMLM","PstI.TP77950","11","651","-2.2319e-05","0.0049","G"
"4","Trait5","FASTmrMLM","PstI.TP78045","11","652","-1.4114e-05","0.0031","A"
"4","Trait5","FASTmrMLM","PstI.TP78127","11","653","-1.3413e-07","2.9192e-05","C"
"4","Trait5","FASTmrMLM","PstI.TP78165","11","654","1.1569e-05","0.0025","G"
"4","Trait5","FASTmrMLM","PstI.TP78202","11","655","-2e-04","0.0133","A"
"4","Trait5","FASTmrMLM","PstI.TP78546","11","657","-1.2257e-05","0.0027","A"
"4","Trait5","FASTmrMLM","PstI.TP78729","11","658","-7.2081e-06","0.0016","C"
"4","Trait5","FASTmrMLM","PstI.TP78983","11","660","0.0642","0.6582","A"
"4","Trait5","FASTmrMLM","PstI.TP79276","11","662","1.149e-05","0.0025","A"
"4","Trait5","FASTmrMLM","PstI.TP79279","11","663","-1.1991e-05","0.0026","A"
"4","Trait5","FASTmrMLM","PstI.TP79300","11","664","-3.9847e-06","9e-04","A"
"4","Trait5","FASTmrMLM","PstI.TP79302","11","665","3.1475e-05","0.0069","G"
"4","Trait5","FASTmrMLM","PstI.TP79327","11","666","-0.0791","0.8983","A"
"4","Trait5","FASTmrMLM","PstI.TP79567","11","667","-0.0851","0.6245","A"
"4","Trait5","FASTmrMLM","PstI.TP79741","11","668","1.0205e-05","0.0022","G"
"4","Trait5","FASTmrMLM","PstI.TP79812","11","669","-9.9721e-07","2e-04","G"
"4","Trait5","FASTmrMLM","PstI.TP79878","11","671","-6.7087e-06","0.0015","C"
"4","Trait5","FASTmrMLM","PstI.TP79883","11","672","-0.1197","1.232","A"
"4","Trait5","FASTmrMLM","PstI.TP80015","11","673","0.038","0.3323","G"
"4","Trait5","FASTmrMLM","PstI.TP80251","11","674","0.0448","0.2953","C"
"4","Trait5","FASTmrMLM","PstI.TP80912","11","676","1.4056e-05","0.0031","A"
"4","Trait5","FASTmrMLM","PstI.TP81008","11","677","-0.1198","1.806","A"
"4","Trait5","FASTmrMLM","PstI.TP81460","11","678","0.2529","0.8038","G"
"4","Trait5","FASTmrMLM","PstI.TP81678","11","679","-0.0202","0.2891","C"
"4","Trait5","FASTmrMLM","PstI.TP81757","11","680","5.1574e-06","0.0011","C"
"4","Trait5","FASTmrMLM","PstI.TP81973","11","681","7.3833e-07","2e-04","A"
"4","Trait5","FASTmrMLM","PstI.TP81983","11","682","7.5969e-06","0.0017","C"
"4","Trait5","FASTmrMLM","PstI.TP82009","11","683","-3.0268e-05","0.0066","A"
"4","Trait5","FASTmrMLM","PstI.TP82247","11","686","1.6434e-05","0.0036","A"
"4","Trait5","FASTmrMLM","PstI.TP82277","11","687","-1.4965e-05","0.0033","A"
"4","Trait5","FASTmrMLM","PstI.TP82280","11","688","-3e-04","0.0148","C"
"4","Trait5","FASTmrMLM","PstI.TP82780","11","693","1.0376e-05","0.0023","C"
"4","Trait5","FASTmrMLM","PstI.TP82908","11","694","-0.0425","0.4072","A"
"4","Trait5","FASTmrMLM","PstI.TP82969","11","695","0.0928","0.7316","A"
"4","Trait5","FASTmrMLM","PstI.TP82984","11","696","1.0832e-05","0.0024","A"
"4","Trait5","FASTmrMLM","PstI.TP83038","11","698","-1.2678e-05","0.0028","A"
"4","Trait5","FASTmrMLM","PstI.TP83588","11","699","-0.1646","1.0633","A"
"4","Trait5","FASTmrMLM","PstI.TP83978","11","701","-2.9178e-08","6.3509e-06","A"
"4","Trait5","FASTmrMLM","PstI.TP83987","11","702","-0.0376","0.4591","C"
"4","Trait5","FASTmrMLM","PstI.TP84020","11","703","2.1026e-05","0.0046","A"
"4","Trait5","FASTmrMLM","PstI.TP84140","11","704","4.5259e-06","0.001","A"
"4","Trait5","FASTmrMLM","PstI.TP84170","11","705","1.9326e-05","0.0042","C"
"4","Trait5","FASTmrMLM","PstI.TP84278","11","706","-6.3904e-06","0.0014","A"
"4","Trait5","FASTmrMLM","PstI.TP84350","11","708","1.5179e-05","0.0033","C"
"4","Trait5","FASTmrMLM","PstI.TP84550","11","710","0.0095","0.149","C"
"4","Trait5","FASTmrMLM","PstI.TP84606","11","711","-1.2139e-05","0.0026","A"
"4","Trait5","FASTmrMLM","PstI.TP84697","11","713","1.3414e-05","0.0029","C"
"4","Trait5","FASTmrMLM","PstI.TP84780","11","714","-0.1055","0.6937","A"
"4","Trait5","FASTmrMLM","PstI.TP84808","11","715","9.586e-06","0.0021","C"
"4","Trait5","FASTmrMLM","PstI.TP84850","11","716","-1.439e-05","0.0031","A"
"4","Trait5","FASTmrMLM","PstI.TP85413","11","718","-1.6721e-05","0.0037","C"
"4","Trait5","FASTmrMLM","PstI.TP85717","11","720","-0.0255","0.2668","C"
"4","Trait5","FASTmrMLM","PstI.TP85803","11","722","1.5348e-07","3.3403e-05","C"
"4","Trait5","FASTmrMLM","PstI.TP85872","11","723","1.8281e-05","0.004","C"
"4","Trait5","FASTmrMLM","PstI.TP85914","11","724","-0.0838","0.776","A"
"4","Trait5","FASTmrMLM","PstI.TP86153","11","725","7.3275e-06","0.0016","A"
"4","Trait5","FASTmrMLM","PstI.TP86184","11","726","2.1184e-05","0.0046","C"
"4","Trait5","FASTmrMLM","PstI.TP86604","11","728","-0.0551","0.5896","C"
"4","Trait5","FASTmrMLM","PstI.TP86685","11","729","-0.087","0.5167","C"
"4","Trait5","FASTmrMLM","PstI.TP86751","11","730","1.3732e-06","3e-04","A"
"4","Trait5","FASTmrMLM","PstI.TP86826","11","731","4.2674e-05","0.0094","A"
"4","Trait5","FASTmrMLM","PstI.TP86865","11","732","9.7989e-06","0.0021","G"
"4","Trait5","FASTmrMLM","PstI.TP87244","11","733","-5.162e-06","0.0011","C"
"4","Trait5","FASTmrMLM","PstI.TP87293","11","734","-2.038e-05","0.0045","C"
"4","Trait5","FASTmrMLM","PstI.TP87397","11","735","-0.0153","0.2479","A"
"4","Trait5","FASTmrMLM","PstI.TP87694","11","736","5.9575e-06","0.0013","A"
"4","Trait5","FASTmrMLM","PstI.TP87853","11","737","7.6356e-06","0.0017","A"
"4","Trait5","FASTmrMLM","PstI.TP87872","11","738","3.2012e-05","0.007","A"
"4","Trait5","FASTmrMLM","PstI.TP88263","11","739","2.6035e-05","0.0057","A"
"4","Trait5","FASTmrMLM","PstI.TP88428","11","740","3.6769e-06","8e-04","A"
"4","Trait5","FASTmrMLM","PstI.TP88536","11","742","-1.2405e-05","0.0027","C"
"4","Trait5","FASTmrMLM","PstI.TP88567","11","743","9.1087e-07","2e-04","A"
"4","Trait5","FASTmrMLM","PstI.TP88597","11","744","0.0539","0.5475","A"
"4","Trait5","FASTmrMLM","PstI.TP88917","11","745","4.9584e-06","0.0011","C"
"4","Trait5","FASTmrMLM","PstI.TP89007","11","746","-0.1367","0.6424","C"
"4","Trait5","FASTmrMLM","PstI.TP89076","11","749","-0.0838","0.4012","C"
"4","Trait5","FASTmrMLM","PstI.TP89212","11","750","8.9464e-06","0.002","A"
"4","Trait5","FASTmrMLM","PstI.TP89261","11","751","-1.7722e-05","0.0039","A"
"4","Trait5","FASTmrMLM","PstI.TP89282","11","752","-1.2238e-05","0.0027","C"
"4","Trait5","FASTmrMLM","PstI.TP89427","11","753","-6.3393e-07","1e-04","C"
"4","Trait5","FASTmrMLM","PstI.TP89495","11","754","8.1959e-06","0.0018","A"
"4","Trait5","FASTmrMLM","PstI.TP89657","11","755","-1.4369e-05","0.0031","C"
"4","Trait5","FASTmrMLM","PstI.TP89708","11","756","-3.5615e-05","0.0078","C"
"4","Trait5","FASTmrMLM","PstI.TP89743","11","757","-3.4054e-06","7e-04","C"
"4","Trait5","FASTmrMLM","PstI.TP89900","11","758","-2.6459e-05","0.0058","A"
"4","Trait5","FASTmrMLM","PstI.TP90125","11","759","-0.0472","0.4286","A"
"4","Trait5","FASTmrMLM","PstI.TP90184","11","760","0.1813","1.0636","C"
"4","Trait5","FASTmrMLM","PstI.TP90718","11","762","-8.6971e-06","0.0019","C"
"4","Trait5","FASTmrMLM","PstI.TP90840","11","764","0.0735","0.4666","A"
"4","Trait5","FASTmrMLM","PstI.TP90906","11","766","-0.0451","0.3998","A"
"4","Trait5","FASTmrMLM","PstI.TP90907","11","767","-1.4089e-05","0.0031","C"
"4","Trait5","FASTmrMLM","PstI.TP90936","11","768","-1.2797e-06","3e-04","A"
"4","Trait5","FASTmrMLM","PstI.TP91067","11","769","1.7912e-07","3.8986e-05","A"
"4","Trait5","FASTmrMLM","PstI.TP91271","11","770","2.4705e-06","5e-04","A"
"4","Trait5","FASTmrMLM","PstI.TP91371","11","771","-1.1466e-05","0.0025","A"
"4","Trait5","FASTmrMLM","PstI.TP91449","11","772","-0.0832","0.4612","A"
"4","Trait5","FASTmrMLM","PstI.TP91552","11","775","6.9659e-06","0.0015","G"
"4","Trait5","FASTmrMLM","PstI.TP91606","11","776","-2.7735e-05","0.0061","C"
"4","Trait5","FASTmrMLM","PstI.TP91758","11","777","2.653e-05","0.0058","C"
"4","Trait5","FASTmrMLM","PstI.TP91767","11","778","-2.0659e-05","0.0045","A"
"4","Trait5","FASTmrMLM","PstI.TP94103","11","779","-0.0507","0.4771","C"
"4","Trait5","FASTmrMLM","PstI.TP94250","11","780","1.2952e-05","0.0028","G"
"4","Trait5","FASTmrMLM","PstI.TP94378","11","781","2.2104e-05","0.0048","C"
"4","Trait5","FASTmrMLM","PstI.TP94390","11","782","3.0857e-05","0.0068","A"
"4","Trait5","FASTmrMLM","PstI.TP94742","11","786","2.5098e-06","5e-04","C"
"4","Trait5","FASTmrMLM","PstI.TP94756","11","787","-9.9174e-06","0.0022","A"
"4","Trait5","FASTmrMLM","PstI.TP94813","11","788","1.6694e-05","0.0036","A"
"4","Trait5","FASTmrMLM","PstI.TP94935","11","789","-0.0902","0.7971","A"
"4","Trait5","FASTmrMLM","PstI.TP95469","11","790","1.1228e-05","0.0025","C"
"4","Trait5","FASTmrMLM","PstI.TP95612","11","791","-0.0502","0.377","C"
"4","Trait5","FASTmrMLM","PstI.TP96206","11","793","0.0831","0.7668","A"
"4","Trait5","FASTmrMLM","PstI.TP96398","11","794","4.9706e-06","0.0011","C"
"4","Trait5","FASTmrMLM","PstI.TP96611","11","796","0.0142","0.1513","A"
"4","Trait5","FASTmrMLM","PstI.TP96919","11","797","2.2497e-05","0.0035","A"
"4","Trait5","FASTmrMLM","PstI.TP96953","11","798","0.1346","0.8389","A"
"4","Trait5","FASTmrMLM","PstI.TP97114","11","799","3.6831e-06","8e-04","A"
"4","Trait5","FASTmrMLM","PstI.TP97410","11","801","-1.6272e-05","0.0036","C"
"4","Trait5","FASTmrMLM","PstI.TP97708","11","802","0.2148","1.2092","C"
"4","Trait5","FASTmrMLM","PstI.TP97883","11","803","0.2887","1.1095","A"
"4","Trait5","FASTmrMLM","PstI.TP97927","11","804","5.4857e-06","0.0012","A"
"4","Trait5","FASTmrMLM","PstI.TP97986","11","805","-1.1137e-05","0.0024","A"
"4","Trait5","FASTmrMLM","PstI.TP98014","11","806","0.0171","0.2203","C"
"4","Trait5","FASTmrMLM","PstI.TP98480","11","808","8.1145e-06","0.0018","A"
"4","Trait5","FASTmrMLM","PstI.TP98560","11","809","2.7976e-05","0.0061","A"
"4","Trait5","FASTmrMLM","PstI.TP98683","11","810","8.7318e-06","0.0019","C"
"4","Trait5","FASTmrMLM","PstI.TP98827","11","811","2.5066e-05","0.0055","C"
"4","Trait5","FASTmrMLM","PstI.TP99018","11","812","1.0312e-05","0.0022","A"
"4","Trait5","FASTmrMLM","PstI.TP99608","11","815","-0.0186","0.2401","G"
"4","Trait5","FASTmrMLM","PstI.TP100020","11","817","1.8876e-05","0.0041","C"
"4","Trait5","FASTmrMLM","PstI.TP100426","11","819","1.0547e-05","0.0023","C"
"4","Trait5","FASTmrMLM","PstI.TP100539","11","820","0.0883","0.4925","C"
"4","Trait5","FASTmrMLM","PstI.TP100651","11","821","1.9379e-05","0.0042","C"
"4","Trait5","FASTmrMLM","PstI.TP100708","11","822","3.4169e-06","7e-04","A"
"4","Trait5","FASTmrMLM","PstI.TP100735","11","823","0.0833","0.9478","A"
"4","Trait5","FASTmrMLM","PstI.TP100806","11","824","-0.2428","0.7861","G"
"4","Trait5","FASTmrMLM","PstI.TP100842","11","825","-5.4089e-06","0.0012","C"
"4","Trait5","FASTmrMLM","PstI.TP100912","11","826","-1.6238e-06","4e-04","C"
"4","Trait5","FASTmrMLM","PstI.TP101180","11","827","1.029e-05","0.0022","C"
"4","Trait5","FASTmrMLM","PstI.TP101188","11","828","5.0457e-06","0.0011","A"
"4","Trait5","FASTmrMLM","PstI.TP101533","11","831","0.0237","0.2637","C"
"4","Trait5","FASTmrMLM","PstI.TP101546","11","832","-1.5345e-06","3e-04","A"
"4","Trait5","FASTmrMLM","PstI.TP101772","11","833","-7.1542e-06","0.0016","C"
"4","Trait5","FASTmrMLM","PstI.TP101889","11","835","0.0299","0.2868","A"
"4","Trait5","FASTmrMLM","PstI.TP101937","11","837","0.0354","0.3109","C"
"4","Trait5","FASTmrMLM","PstI.TP102149","11","838","-0.2264","0.7703","G"
"4","Trait5","FASTmrMLM","PstI.TP102317","11","839","2.2613e-05","0.005","A"
"4","Trait5","FASTmrMLM","PstI.TP102517","11","840","-7.8696e-06","0.0017","C"
"4","Trait5","FASTmrMLM","PstI.TP102747","11","841","4.9048e-06","0.0011","A"
"4","Trait5","FASTmrMLM","PstI.TP103400","11","843","-2.474e-06","5e-04","A"
"4","Trait5","FASTmrMLM","PstI.TP103499","11","844","-0.055","0.7296","A"
"4","Trait5","FASTmrMLM","PstI.TP103523","11","845","-0.151","0.6891","A"
"4","Trait5","FASTmrMLM","PstI.TP103677","11","848","7.8748e-06","0.0017","A"
"4","Trait5","FASTmrMLM","PstI.TP103806","11","849","-1.6049e-05","0.0035","C"
"4","Trait5","FASTmrMLM","PstI.TP103840","11","850","-9.3388e-06","0.002","A"
"4","Trait5","FASTmrMLM","PstI.TP103912","11","852","-0.1988","0.8802","C"
"4","Trait5","FASTmrMLM","PstI.TP104021","11","854","7.7042e-06","0.0017","C"
"4","Trait5","FASTmrMLM","PstI.TP104053","11","856","0.078","0.8797","A"
"4","Trait5","FASTmrMLM","PstI.TP104310","11","857","-0.0753","0.3104","C"
"4","Trait5","FASTmrMLM","PstI.TP104324","11","858","-2.7684e-06","6e-04","A"
"4","Trait5","FASTmrMLM","PstI.TP104358","11","859","-3.8778e-05","0.0085","G"
"4","Trait5","FASTmrMLM","PstI.TP104391","11","860","-2.0572e-05","0.0045","C"
"4","Trait5","FASTmrMLM","PstI.TP104475","11","861","-0.1308","0.5085","A"
"4","Trait5","FASTmrMLM","PstI.TP104764","11","862","-2.2473e-05","0.0049","G"
"4","Trait5","FASTmrMLM","PstI.TP104779","11","863","1.1055e-05","0.0024","C"
"4","Trait5","FASTmrMLM","PstI.TP104953","11","864","7.4128e-06","0.0016","A"
"4","Trait5","FASTmrMLM","PstI.TP104967","11","865","-0.0558","0.4835","G"
"4","Trait5","FASTmrMLM","PstI.TP105142","11","867","0.0256","0.3693","A"
"4","Trait5","FASTmrMLM","PstI.TP105310","11","868","-1.4467e-05","0.0032","A"
"4","Trait5","FASTmrMLM","PstI.TP105363","11","869","1.3109e-05","0.0029","A"
"4","Trait5","FASTmrMLM","PstI.TP105609","11","870","7.5855e-06","0.0017","G"
"4","Trait5","FASTmrMLM","PstI.TP105610","11","871","3.9729e-05","0.0087","A"
"4","Trait5","FASTmrMLM","PstI.TP105678","11","872","-1.9766e-06","4e-04","A"
"4","Trait5","FASTmrMLM","PstI.TP105705","11","873","1.9073e-05","0.0042","C"
"4","Trait5","FASTmrMLM","PstI.TP105717","11","874","-1.0007e-05","0.0022","C"
"4","Trait5","FASTmrMLM","PstI.TP105737","11","875","3.6887e-06","8e-04","G"
"4","Trait5","FASTmrMLM","PstI.TP105778","11","876","5.5998e-06","0.0012","C"
"4","Trait5","FASTmrMLM","PstI.TP106170","11","877","-6.4036e-06","0.0014","A"
"4","Trait5","FASTmrMLM","PstI.TP106369","11","879","-1.4765e-05","0.0032","A"
"4","Trait5","FASTmrMLM","PstI.TP106433","11","880","1.2858e-06","3e-04","C"
"4","Trait5","FASTmrMLM","PstI.TP106471","11","881","-1.3079e-05","0.0029","C"
"4","Trait5","FASTmrMLM","PstI.TP106499","11","882","1.6802e-05","0.0037","A"
"4","Trait5","FASTmrMLM","PstI.TP106573","11","883","0.028","0.3103","A"
"4","Trait5","FASTmrMLM","PstI.TP106713","11","884","0.0498","0.2795","C"
"4","Trait5","FASTmrMLM","PstI.TP106794","11","885","-3.3937e-05","0.0074","A"
"4","Trait5","FASTmrMLM","PstI.TP106852","11","886","-3.4207e-05","0.0075","A"
"4","Trait5","FASTmrMLM","PstI.TP106951","11","887","9.0999e-06","0.002","C"
"4","Trait5","FASTmrMLM","PstI.TP107412","11","888","7.4722e-06","0.0016","A"
"4","Trait5","FASTmrMLM","PstI.TP107716","11","890","4.2883e-06","9e-04","A"
"4","Trait5","FASTmrMLM","PstI.TP107878","11","891","1.549e-05","0.0034","G"
"4","Trait5","FASTmrMLM","PstI.TP107950","11","892","-0.0771","0.5821","C"
"4","Trait5","FASTmrMLM","PstI.TP108124","11","893","-0.0623","0.4691","C"
"4","Trait5","FASTmrMLM","PstI.TP108126","11","894","-2.9477e-05","0.0065","A"
"4","Trait5","FASTmrMLM","PstI.TP108163","11","895","0.0334","0.2573","A"
"4","Trait5","FASTmrMLM","PstI.TP108332","11","896","-1.6205e-05","0.0035","A"
"4","Trait5","FASTmrMLM","PstI.TP108563","11","898","0.0453","0.4608","A"
"4","Trait5","FASTmrMLM","PstI.TP108730","11","899","2.0303e-05","0.0044","G"
"4","Trait5","FASTmrMLM","PstI.TP108863","11","900","0.3009","1.8937","A"
"4","Trait5","FASTmrMLM","PstI.TP109054","11","901","-0.1092","0.8171","A"
"4","Trait5","FASTmrMLM","PstI.TP109393","11","902","-1.545e-05","0.0034","G"
"4","Trait5","FASTmrMLM","PstI.TP109421","11","903","8.8492e-06","0.0019","G"
"4","Trait5","FASTmrMLM","PstI.TP109544","11","904","-0.0265","0.3654","C"
"4","Trait5","FASTmrMLM","PstI.TP109581","11","905","-2.2231e-05","0.0049","C"
"4","Trait5","FASTmrMLM","PstI.TP109827","11","908","-0.219","1.5021","C"
"4","Trait5","FASTmrMLM","PstI.TP110022","11","909","1.0477e-05","0.0023","A"
"4","Trait5","FASTmrMLM","PstI.TP110203","11","910","4.9495e-06","0.0011","C"
"4","Trait5","FASTmrMLM","PstI.TP110497","11","912","1.0637e-06","2e-04","C"
"4","Trait5","FASTmrMLM","PstI.TP110541","11","913","-3.0221e-05","0.0066","C"
"4","Trait5","FASTmrMLM","PstI.TP111598","11","919","-1.411e-05","0.0031","C"
"4","Trait5","FASTmrMLM","PstI.TP111739","11","920","-0.0623","0.4056","A"
"4","Trait5","FASTmrMLM","PstI.TP111914","11","921","-9.5634e-06","0.0021","A"
"4","Trait5","FASTmrMLM","PstI.TP111960","11","922","1.5912e-05","0.0035","C"
"4","Trait5","FASTmrMLM","PstI.TP111965","11","923","-1.3482e-05","0.0029","A"
"4","Trait5","FASTmrMLM","PstI.TP112048","11","924","-3.5764e-05","0.0079","C"
"4","Trait5","FASTmrMLM","PstI.TP112175","11","925","-2.4892e-05","0.0055","C"
"4","Trait5","FASTmrMLM","PstI.TP112214","11","926","7.665e-06","0.0017","C"
"4","Trait5","FASTmrMLM","PstI.TP112233","11","928","-1.0206e-05","0.0022","C"
"4","Trait5","FASTmrMLM","PstI.TP112555","11","931","-1.159e-05","0.0025","C"
"4","Trait5","FASTmrMLM","PstI.TP112609","11","932","-2.4473e-05","0.0054","A"
"4","Trait5","FASTmrMLM","PstI.TP112874","11","933","-3.7355e-05","0.0082","C"
"4","Trait5","FASTmrMLM","PstI.TP113001","11","934","0.3398","1.2061","A"
"4","Trait5","FASTmrMLM","PstI.TP113043","11","935","0.1403","1.3369","A"
"4","Trait5","FASTmrMLM","PstI.TP113226","11","936","-0.0225","0.205","A"
"4","Trait5","FASTmrMLM","PstI.TP113275","11","937","4.7084e-06","0.001","G"
"4","Trait5","FASTmrMLM","PstI.TP113408","11","938","4.0283e-06","9e-04","A"
"4","Trait5","FASTmrMLM","PstI.TP113536","11","939","-5.596e-06","0.0012","C"
"4","Trait5","FASTmrMLM","PstI.TP113541","11","940","0.0873","0.6041","A"
"4","Trait5","FASTmrMLM","PstI.TP113607","11","942","1.7618e-05","0.0039","A"
"4","Trait5","FASTmrMLM","PstI.TP113683","11","943","2.3377e-06","5e-04","A"
"4","Trait5","FASTmrMLM","PstI.TP113758","11","944","-6.1492e-06","0.0013","G"
"4","Trait5","FASTmrMLM","PstI.TP113912","11","945","-0.0202","0.2927","C"
"4","Trait5","FASTmrMLM","PstI.TP114009","11","946","-2.2843e-05","0.0046","A"
"4","Trait5","FASTmrMLM","PstI.TP114158","11","949","-7.2247e-06","0.0016","A"
"4","Trait5","FASTmrMLM","PstI.TP114371","11","951","-0.1278","0.4958","C"
"4","Trait5","FASTmrMLM","PstI.TP114913","11","952","-1.2282e-05","0.0027","A"
"4","Trait5","FASTmrMLM","PstI.TP115244","11","953","7.674e-06","0.0017","A"
"4","Trait5","FASTmrMLM","PstI.TP115390","11","954","2.4038e-05","0.0053","A"
"4","Trait5","FASTmrMLM","PstI.TP115601","11","957","-0.0566","0.663","A"
"4","Trait5","FASTmrMLM","PstI.TP115642","11","958","3e-04","0.0147","A"
"4","Trait5","FASTmrMLM","PstI.TP115865","11","960","0.0368","0.3358","A"
"4","Trait5","FASTmrMLM","PstI.TP115915","11","961","-1.9784e-05","0.0043","G"
"4","Trait5","FASTmrMLM","PstI.TP116033","11","962","0.4004","2.5651","G"
"4","Trait5","FASTmrMLM","PstI.TP116328","11","965","-0.0928","0.7642","C"
"4","Trait5","FASTmrMLM","PstI.TP116450","11","967","1.0544e-05","0.0023","C"
"4","Trait5","FASTmrMLM","PstI.TP116482","11","968","1.2866e-05","0.0028","A"
"4","Trait5","FASTmrMLM","PstI.TP116626","11","969","1.1362e-06","2e-04","A"
"4","Trait5","FASTmrMLM","PstI.TP116998","11","971","7.5511e-05","0.0084","C"
"4","Trait5","FASTmrMLM","PstI.TP117305","11","972","5.7709e-06","0.0013","C"
"4","Trait5","FASTmrMLM","PstI.TP117396","11","973","2.9515e-05","0.0065","C"
"4","Trait5","FASTmrMLM","PstI.TP118104","11","974","-1.6446e-05","0.0036","C"
"4","Trait5","FASTmrMLM","PstI.TP118121","11","975","2.6672e-05","0.0058","A"
"4","Trait5","FASTmrMLM","PstI.TP118266","11","976","0.1003","0.9258","A"
"4","Trait5","FASTmrMLM","PstI.TP118367","11","977","-0.0222","0.2591","C"
"4","Trait5","FASTmrMLM","PstI.TP118441","11","979","-2.4451e-06","5e-04","G"
"4","Trait5","FASTmrMLM","PstI.TP118720","11","980","-2e-04","0.0135","A"
"4","Trait5","FASTmrMLM","PstI.TP118807","11","981","-2.7799e-06","6e-04","C"
"4","Trait5","FASTmrMLM","PstI.TP118821","11","982","-0.0079","0.1487","C"
"4","Trait5","FASTmrMLM","PstI.TP118848","11","983","-1.0288e-05","0.0022","A"
"4","Trait5","FASTmrMLM","PstI.TP119098","11","986","4.2147e-06","9e-04","C"
"4","Trait5","FASTmrMLM","PstI.TP119231","11","988","1.3054e-05","0.0029","A"
"4","Trait5","FASTmrMLM","PstI.TP119327","11","989","-0.0241","0.2237","A"
"4","Trait5","FASTmrMLM","PstI.TP119343","11","990","0.0263","0.3023","G"
"4","Trait5","FASTmrMLM","PstI.TP119441","11","991","-0.0292","0.311","A"
"4","Trait5","FASTmrMLM","PstI.TP119485","11","992","-7.8882e-08","1.7168e-05","C"
"4","Trait5","FASTmrMLM","PstI.TP119497","11","993","-2.3e-05","0.005","A"
"4","Trait5","FASTmrMLM","PstI.TP119537","11","994","-0.0043","0.1076","C"
"4","Trait5","FASTmrMLM","PstI.TP119772","11","996","-1.7764e-05","0.0039","C"
"4","Trait5","FASTmrMLM","PstI.TP119835","11","997","-1.6912e-05","0.0037","G"
"4","Trait5","FASTmrMLM","PstI.TP120115","11","999","0.0137","0.1606","A"
"4","Trait5","FASTmrMLM","PstI.TP120320","11","1001","9.6282e-06","0.0021","A"
"4","Trait5","FASTmrMLM","PstI.TP120486","11","1002","-1.1316e-05","0.0025","C"
"4","Trait5","FASTmrMLM","PstI.TP120545","11","1003","0.0303","0.2974","A"
"4","Trait5","FASTmrMLM","PstI.TP120646","11","1005","2.0672e-05","0.0045","G"
"4","Trait5","FASTmrMLM","PstI.TP120947","11","1007","-2.762e-05","0.0061","A"
"4","Trait5","FASTmrMLM","PstI.TP121400","11","1008","-2.5693e-05","0.0056","A"
"4","Trait5","FASTmrMLM","PstI.TP121637","11","1009","2.082e-06","5e-04","A"
"4","Trait5","FASTmrMLM","PstI.TP121878","11","1010","-0.0467","0.4273","A"
"4","Trait5","FASTmrMLM","PstI.TP122141","11","1011","-4.0529e-05","0.0089","A"
"4","Trait5","FASTmrMLM","PstI.TP122236","11","1012","4.9661e-06","0.0011","A"
"4","Trait5","FASTmrMLM","PstI.TP122257","11","1013","-1.6241e-05","0.0035","A"
"4","Trait5","FASTmrMLM","PstI.TP122268","11","1014","-6.5419e-06","0.0014","C"
"4","Trait5","FASTmrMLM","PstI.TP122894","11","1015","-0.0188","0.2394","C"
"4","Trait5","FASTmrMLM","PstI.TP122999","11","1017","-0.2373","1.0697","A"
"4","Trait5","FASTmrMLM","PstI.TP123078","11","1018","-1.1318e-05","0.0025","A"
"4","Trait5","FASTmrMLM","PstI.TP123329","11","1019","0.1915","1.5145","A"
"4","Trait5","FASTmrMLM","PstI.TP123344","11","1020","-5.1083e-06","0.0011","A"
"4","Trait5","FASTmrMLM","PstI.TP123465","11","1021","1.9043e-05","0.0042","C"
"4","Trait5","FASTmrMLM","PstI.TP123616","11","1022","9.5449e-06","0.0021","A"
"4","Trait5","FASTmrMLM","PstI.TP123646","11","1023","0.0971","0.3592","A"
"4","Trait5","FASTmrMLM","PstI.TP123869","11","1025","-3.1207e-05","0.0068","G"
"4","Trait5","FASTmrMLM","PstI.TP123884","11","1026","2.7667e-05","0.0061","A"
"4","Trait5","FASTmrMLM","PstI.TP123918","11","1027","2e-04","0.0124","A"
"4","Trait5","FASTmrMLM","PstI.TP123922","11","1028","3.4423e-05","0.0076","C"
"4","Trait5","FASTmrMLM","PstI.TP123976","11","1029","0.0292","0.257","A"
"4","Trait5","FASTmrMLM","PstI.TP124053","11","1030","-0.1242","0.9358","C"
"4","Trait5","FASTmrMLM","PstI.TP124123","11","1032","-1.0274e-05","0.0022","C"
"4","Trait5","FASTmrMLM","PstI.TP124210","11","1033","0.0266","0.2995","A"
"4","Trait5","FASTmrMLM","PstI.TP124314","11","1034","-2.3139e-05","0.0051","G"
"4","Trait5","FASTmrMLM","PstI.TP124648","11","1037","1.2985e-05","0.0028","G"
"4","Trait5","FASTmrMLM","PstI.TP124716","11","1038","-1.6831e-05","0.0037","G"
"4","Trait5","FASTmrMLM","PstI.TP124742","11","1039","-0.1851","1.3374","C"
"4","Trait5","FASTmrMLM","PstI.TP124890","11","1040","0.1376","1.6483","A"
"4","Trait5","FASTmrMLM","PstI.TP124986","11","1041","0.0336","0.4143","G"
"4","Trait5","FASTmrMLM","PstI.TP125121","11","1042","-2.2125e-05","0.0048","C"
"4","Trait5","FASTmrMLM","PstI.TP125194","11","1043","-6.1636e-07","1e-04","C"
"4","Trait5","FASTmrMLM","PstI.TP125214","11","1044","-7.2032e-07","2e-04","A"
"4","Trait5","FASTmrMLM","PstI.TP125251","11","1045","-7.899e-06","0.0017","G"
"4","Trait5","FASTmrMLM","PstI.TP125282","11","1046","-8.0143e-06","0.0017","C"
"4","Trait5","FASTmrMLM","PstI.TP125484","11","1047","-3.5919e-05","0.0065","C"
"4","Trait5","FASTmrMLM","PstI.TP125552","11","1048","1.8704e-05","0.0041","A"
"4","Trait5","FASTmrMLM","PstI.TP125619","11","1049","0.1394","1.9318","C"
"4","Trait5","FASTmrMLM","PstI.TP125644","11","1050","-0.015","0.2407","A"
"4","Trait5","FASTmrMLM","PstI.TP125699","11","1051","3.0623e-05","0.0067","A"
"4","Trait5","FASTmrMLM","PstI.TP125821","11","1052","2.0274e-07","4.4129e-05","A"
"4","Trait5","FASTmrMLM","PstI.TP125880","11","1053","1.8989e-05","0.0042","A"
"4","Trait5","FASTmrMLM","PstI.TP125992","11","1054","6.5764e-06","0.0014","C"
"4","Trait5","FASTmrMLM","PstI.TP126054","11","1055","-8.42e-06","0.0018","A"
"4","Trait5","FASTmrMLM","PstI.TP126133","11","1057","0.0728","0.3998","A"
"4","Trait5","FASTmrMLM","PstI.TP126211","11","1059","1.7169e-05","0.0038","A"
"4","Trait5","FASTmrMLM","PstI.TP126351","11","1060","-4.4162e-06","0.001","G"
"4","Trait5","FASTmrMLM","PstI.TP126508","11","1061","2.7625e-05","0.0061","C"
"4","Trait5","FASTmrMLM","PstI.TP126605","11","1062","1.2193e-05","0.0027","G"
"4","Trait5","FASTmrMLM","PstI.TP126813","11","1064","0.0199","0.1454","C"
"4","Trait5","FASTmrMLM","PstI.TP126916","11","1065","0.0432","0.521","A"
"4","Trait5","FASTmrMLM","PstI.TP127213","11","1066","0.0116","0.0965","C"
"4","Trait5","FASTmrMLM","PstI.TP127331","11","1069","1.6238e-05","0.0035","A"
"4","Trait5","FASTmrMLM","PstI.TP127343","11","1070","0.2061","0.9335","A"
"4","Trait5","FASTmrMLM","PstI.TP127482","11","1071","-8.3931e-06","0.0018","C"
"4","Trait5","FASTmrMLM","PstI.TP127739","11","1072","0.0227","0.323","C"
"4","Trait5","FASTmrMLM","PstI.TP127748","11","1073","3.4817e-05","0.0076","A"
"4","Trait5","FASTmrMLM","PstI.TP127764","11","1074","-2.4133e-06","5e-04","A"
"4","Trait5","FASTmrMLM","PstI.TP128168","11","1076","5.3337e-06","0.0012","C"
"4","Trait5","FASTmrMLM","PstI.TP128432","11","1077","9.1786e-06","0.002","C"
"4","Trait5","FASTmrMLM","PstI.TP128471","11","1078","-9.201e-06","0.002","A"
"4","Trait5","FASTmrMLM","PstI.TP128663","11","1079","6.9055e-05","0.0091","C"
"4","Trait5","FASTmrMLM","PstI.TP128846","11","1080","0.11","1.1555","A"
"4","Trait5","FASTmrMLM","PstI.TP128994","11","1081","4e-04","0.0171","C"
"4","Trait5","FASTmrMLM","PstI.TP129025","11","1082","-6.3394e-07","1e-04","A"
"4","Trait5","FASTmrMLM","PstI.TP129098","11","1085","-1.4458e-05","0.0032","A"
"4","Trait5","FASTmrMLM","PstI.TP129437","11","1088","-0.2023","1.56","A"
"4","Trait5","FASTmrMLM","PstI.TP129649","11","1089","0.069","0.6178","C"
"4","Trait5","FASTmrMLM","PstI.TP129831","11","1090","0.0344","0.4358","G"
"4","Trait5","FASTmrMLM","PstI.TP130295","11","1092","-3.515e-05","0.0077","A"
"4","Trait5","FASTmrMLM","PstI.TP130337","11","1093","0.0978","0.4933","G"
"4","Trait5","FASTmrMLM","PstI.TP130356","11","1094","4.4506e-06","0.001","C"
"4","Trait5","FASTmrMLM","PstI.TP130468","11","1096","0.2591","1.2706","G"
"4","Trait5","FASTmrMLM","PstI.TP130480","11","1097","-4.2048e-06","9e-04","A"
"4","Trait5","FASTmrMLM","PstI.TP130496","11","1098","-1.0889e-05","0.0024","A"
"4","Trait5","FASTmrMLM","PstI.TP130695","11","1099","-0.1921","0.9483","C"
"4","Trait5","FASTmrMLM","PstI.TP130976","11","1101","4e-04","0.0181","A"
"4","Trait5","FASTmrMLM","PstI.TP131020","11","1103","3.8835e-05","0.0085","A"
"4","Trait5","FASTmrMLM","PstI.TP131562","11","1105","-0.2841","1.2419","A"
"4","Trait5","FASTmrMLM","PstI.TP131738","11","1106","5.9971e-07","1e-04","A"
"4","Trait5","FASTmrMLM","PstI.TP131788","11","1107","-1.9855e-05","0.0043","A"
"4","Trait5","FASTmrMLM","PstI.TP131821","11","1108","7.5714e-06","0.0017","C"
"4","Trait5","FASTmrMLM","PstI.TP132021","11","1110","-1.5438e-05","0.0034","A"
"4","Trait5","FASTmrMLM","PstI.TP132096","11","1111","0.0361","0.3505","G"
"4","Trait5","FASTmrMLM","PstI.TP132132","11","1112","0.0242","0.3148","C"
"4","Trait5","FASTmrMLM","PstI.TP132651","11","1113","-0.0307","0.1931","C"
"4","Trait5","FASTmrMLM","PstI.TP132895","11","1115","6.4427e-06","0.0014","A"
"4","Trait5","FASTmrMLM","PstI.TP133069","11","1116","-7.8377e-06","0.0017","C"
"4","Trait5","FASTmrMLM","PstI.TP133358","11","1117","-8.2586e-06","0.0018","C"
"4","Trait5","FASTmrMLM","PstI.TP133402","11","1118","8.2758e-06","0.0018","A"
"4","Trait5","FASTmrMLM","PstI.TP133767","11","1119","-9.4586e-06","0.0021","A"
"4","Trait5","FASTmrMLM","PstI.TP134049","11","1120","1.4477e-05","0.0032","A"
"4","Trait5","FASTmrMLM","PstI.TP134303","11","1121","0.3927","2.339","A"
"4","Trait5","FASTmrMLM","PstI.TP134343","11","1122","0.0983","1.152","C"
"4","Trait5","FASTmrMLM","PstI.TP135027","11","1124","1.4233e-05","0.0031","C"
"4","Trait5","FASTmrMLM","PstI.TP135455","11","1125","0.0704","0.7089","A"
"4","Trait5","FASTmrMLM","PstI.TP135488","11","1126","4.5992e-07","1e-04","C"
"4","Trait5","FASTmrMLM","PstI.TP135868","11","1127","-0.2169","1.5644","G"
"4","Trait5","FASTmrMLM","PstI.TP136088","11","1129","4.6902e-06","0.001","C"
"4","Trait5","FASTmrMLM","PstI.TP136209","11","1131","2.0006e-05","0.0044","A"
"4","Trait5","FASTmrMLM","PstI.TP136256","11","1132","3.6202e-06","8e-04","A"
"4","Trait5","FASTmrMLM","PstI.TP136275","11","1133","0.0044","0.0609","A"
"4","Trait5","FASTmrMLM","PstI.TP136362","11","1134","-0.0408","0.2224","C"
"4","Trait5","FASTmrMLM","PstI.TP136445","11","1135","9.2288e-06","0.002","A"
"4","Trait5","FASTmrMLM","PstI.TP136780","11","1137","1.5494e-05","0.0034","G"
"4","Trait5","FASTmrMLM","PstI.TP137200","11","1139","6.4574e-06","0.0014","A"
"4","Trait5","FASTmrMLM","PstI.TP137425","11","1140","-6.454e-06","0.0014","C"
"4","Trait5","FASTmrMLM","PstI.TP137772","11","1142","1.5134e-05","0.0033","A"
"4","Trait5","FASTmrMLM","PstI.TP138681","11","1144","-1.2237e-06","3e-04","A"
"4","Trait5","FASTmrMLM","PstI.TP138690","11","1145","0.0569","0.5887","C"
"4","Trait5","FASTmrMLM","PstI.TP138830","11","1146","-0.0624","0.2358","A"
"4","Trait5","FASTmrMLM","PstI.TP138953","11","1147","1.2503e-05","0.0027","C"
"4","Trait5","FASTmrMLM","PstI.TP139046","11","1148","-8.5814e-06","0.0019","G"
"4","Trait5","FASTmrMLM","PstI.TP139250","11","1151","1.9495e-05","0.0043","A"
"4","Trait5","FASTmrMLM","PstI.TP139285","11","1152","-9.3828e-07","2e-04","A"
"4","Trait5","FASTmrMLM","PstI.TP139391","11","1153","-0.1163","0.6966","G"
"4","Trait5","FASTmrMLM","PstI.TP139507","11","1154","-3.519e-05","0.0077","A"
"4","Trait5","FASTmrMLM","PstI.TP139554","11","1155","0.0423","0.5254","A"
"4","Trait5","FASTmrMLM","PstI.TP139596","11","1156","4.2693e-05","0.0094","A"
"4","Trait5","FASTmrMLM","PstI.TP139713","11","1157","2.3118e-06","5e-04","A"
"4","Trait5","FASTmrMLM","PstI.TP139726","11","1158","0.0918","0.5503","A"
"4","Trait5","FASTmrMLM","PstI.TP139839","11","1159","0.0713","0.6257","C"
"4","Trait5","FASTmrMLM","PstI.TP139915","11","1160","-5.6153e-06","0.0012","A"
"4","Trait5","FASTmrMLM","PstI.TP139975","11","1162","0.0801","0.6175","A"
"4","Trait5","FASTmrMLM","PstI.TP140195","11","1163","-0.0482","0.3128","A"
"4","Trait5","FASTmrMLM","PstI.TP140312","11","1164","-1.3544e-05","0.003","A"
"4","Trait5","FASTmrMLM","PstI.TP140488","11","1166","9.0802e-06","0.002","C"
"4","Trait5","FASTmrMLM","PstI.TP140508","11","1167","-2.5205e-06","5e-04","C"
"4","Trait5","FASTmrMLM","PstI.TP140570","11","1168","2.0729e-08","4.5114e-06","A"
"4","Trait5","FASTmrMLM","PstI.TP140594","11","1169","-0.1706","1.1025","A"
"4","Trait5","FASTmrMLM","PstI.TP140710","11","1170","-2.6314e-06","6e-04","C"
"4","Trait5","FASTmrMLM","PstI.TP140756","11","1171","-0.0328","0.3574","A"
"4","Trait5","FASTmrMLM","PstI.TP141009","11","1174","2.1096e-05","0.0046","C"
"4","Trait5","FASTmrMLM","PstI.TP141152","11","1175","0.0207","0.1353","A"
"4","Trait5","FASTmrMLM","PstI.TP141160","11","1176","5.3648e-06","0.0012","A"
"4","Trait5","FASTmrMLM","PstI.TP141173","11","1177","-1.8047e-06","4e-04","A"
"4","Trait5","FASTmrMLM","PstI.TP141454","11","1178","6.5478e-06","0.0014","C"
"4","Trait5","FASTmrMLM","PstI.TP141494","11","1179","-0.1984","0.7885","A"
"4","Trait5","FASTmrMLM","PstI.TP141949","11","1180","-1.0913e-05","0.0024","G"
"4","Trait5","FASTmrMLM","PstI.TP142011","11","1181","-0.0865","0.6402","A"
"4","Trait5","FASTmrMLM","PstI.TP142024","11","1182","-0.053","0.5312","C"
"4","Trait5","FASTmrMLM","PstI.TP142050","11","1183","1.3432e-06","3e-04","A"
"4","Trait5","FASTmrMLM","PstI.TP142059","11","1184","-1.7716e-05","0.0039","C"
"4","Trait5","FASTmrMLM","PstI.TP142106","11","1185","-1.6017e-07","3.4856e-05","C"
"4","Trait5","FASTmrMLM","PstI.TP142130","11","1186","-1.3745e-05","0.003","C"
"4","Trait5","FASTmrMLM","PstI.TP142256","11","1187","-0.0328","0.3324","C"
"4","Trait5","FASTmrMLM","PstI.TP142379","11","1189","8.3636e-06","0.0018","A"
"4","Trait5","FASTmrMLM","PstI.TP142614","11","1193","-4.0467e-05","0.0052","A"
"4","Trait5","FASTmrMLM","PstI.TP142684","11","1194","4.57e-05","0.0101","A"
"4","Trait5","FASTmrMLM","PstI.TP142685","11","1195","0.0386","0.4477","A"
"4","Trait5","FASTmrMLM","PstI.TP142755","11","1196","-0.0292","0.2506","A"
"4","Trait5","FASTmrMLM","PstI.TP142946","11","1198","-1.6224e-05","0.0035","A"
"4","Trait5","FASTmrMLM","PstI.TP142964","11","1199","1.8438e-06","4e-04","A"
"4","Trait5","FASTmrMLM","PstI.TP142986","11","1200","1.6879e-05","0.0037","A"
"4","Trait5","FASTmrMLM","PstI.TP143038","11","1201","1.939e-05","0.0042","A"
"4","Trait5","FASTmrMLM","PstI.TP143068","11","1203","7.317e-07","2e-04","A"
"4","Trait5","FASTmrMLM","PstI.TP143220","11","1205","-0.3265","1.1541","C"
"4","Trait5","FASTmrMLM","PstI.TP143384","11","1206","-9.3969e-07","2e-04","G"
"4","Trait5","FASTmrMLM","PstI.TP143506","11","1207","2.1156e-05","0.0046","C"
"4","Trait5","FASTmrMLM","PstI.TP143572","11","1209","1.481e-05","0.0032","A"
"4","Trait5","FASTmrMLM","PstI.TP143644","11","1211","-4.4787e-06","0.001","G"
"4","Trait5","FASTmrMLM","PstI.TP143749","11","1212","1.8095e-05","0.004","A"
"4","Trait5","FASTmrMLM","PstI.TP143773","11","1214","1.3491e-05","0.0029","G"
"4","Trait5","FASTmrMLM","PstI.TP143805","11","1215","2.0997e-05","0.0046","A"
"4","Trait5","FASTmrMLM","PstI.TP143857","11","1216","2.1037e-05","0.0046","C"
"4","Trait5","FASTmrMLM","PstI.TP143894","11","1217","0.0825","0.3552","A"
"4","Trait5","FASTmrMLM","PstI.TP144140","11","1218","-0.0714","0.6262","A"
"4","Trait5","FASTmrMLM","PstI.TP144181","11","1219","1.3495e-05","0.0029","A"
"4","Trait5","FASTmrMLM","PstI.TP144413","11","1220","3.4281e-05","0.0075","G"
"4","Trait5","FASTmrMLM","PstI.TP144622","11","1221","-0.0298","0.3272","A"
"4","Trait5","FASTmrMLM","PstI.TP144650","11","1222","0.0773","0.6456","A"
"4","Trait5","FASTmrMLM","PstI.TP145003","11","1223","-3.2737e-05","0.0072","G"
"4","Trait5","FASTmrMLM","PstI.TP145177","11","1224","-0.0681","0.6469","A"
"4","Trait5","FASTmrMLM","PstI.TP145538","11","1225","2.282e-05","0.005","C"
"4","Trait5","FASTmrMLM","PstI.TP145809","11","1227","1.1419e-05","0.0025","C"
"4","Trait5","FASTmrMLM","PstI.TP145934","11","1228","-0.1263","1.075","C"
"4","Trait5","FASTmrMLM","PstI.TP146062","11","1230","1.1946e-05","0.0026","C"
"4","Trait5","FASTmrMLM","PstI.TP146096","11","1231","1.5221e-05","0.0033","A"
"4","Trait5","FASTmrMLM","PstI.TP146456","11","1232","-8.901e-06","0.0019","A"
"4","Trait5","FASTmrMLM","PstI.TP146695","11","1233","-0.0213","0.2309","A"
"4","Trait5","FASTmrMLM","PstI.TP146774","11","1234","0.0185","0.2357","A"
"4","Trait5","FASTmrMLM","PstI.TP147075","11","1235","0.2158","0.7898","C"
"4","Trait5","FASTmrMLM","PstI.TP147905","11","1237","-4.8831e-06","0.0011","G"
"4","Trait5","FASTmrMLM","PstI.TP148431","11","1238","-1.3755e-05","0.003","C"
"4","Trait5","FASTmrMLM","PstI.TP148658","11","1240","-0.1617","0.8077","G"
"4","Trait5","FASTmrMLM","PstI.TP148762","11","1241","4.8445e-07","1e-04","C"
"4","Trait5","FASTmrMLM","PstI.TP148918","11","1242","-1.7084e-07","3.7188e-05","A"
"4","Trait5","FASTmrMLM","PstI.TP148984","11","1243","7.4404e-06","0.0016","G"
"4","Trait5","FASTmrMLM","PstI.TP149053","11","1244","-0.032","0.2743","A"
"4","Trait5","FASTmrMLM","PstI.TP150156","11","1246","-0.1083","1.4098","A"
"4","Trait5","FASTmrMLM","PstI.TP150827","11","1249","-1.8102e-05","0.004","A"
"4","Trait5","FASTmrMLM","PstI.TP151071","11","1250","-1.3883e-05","0.003","G"
"4","Trait5","FASTmrMLM","PstI.TP151124","11","1251","0.0114","0.1774","A"
"4","Trait5","FASTmrMLM","PstI.TP151939","11","1254","-3.5985e-06","8e-04","A"
"4","Trait5","FASTmrMLM","PstI.TP152329","11","1257","-4.2963e-06","9e-04","A"
"4","Trait5","FASTmrMLM","PstI.TP152409","11","1258","2.4703e-05","0.0054","A"
"4","Trait5","FASTmrMLM","PstI.TP152505","11","1259","0.0865","1.0426","A"
"4","Trait5","FASTmrMLM","PstI.TP152511","11","1260","1.4659e-05","0.0032","C"
"4","Trait5","FASTmrMLM","PstI.TP152709","11","1261","1.8635e-06","4e-04","A"
"4","Trait5","FASTmrMLM","PstI.TP152718","11","1262","1.3928e-05","0.003","C"
"4","Trait5","FASTmrMLM","PstI.TP152995","11","1264","-9.823e-06","0.0021","C"
"4","Trait5","FASTmrMLM","PstI.TP153213","11","1265","0.1422","0.8867","A"
"4","Trait5","FASTmrMLM","PstI.TP153239","11","1266","-1.0653e-05","0.0023","C"
"4","Trait5","FASTmrMLM","PstI.TP153481","11","1267","-0.1386","0.7614","G"
"4","Trait5","FASTmrMLM","PstI.TP153533","11","1270","1.594e-05","0.0035","A"
"4","Trait5","FASTmrMLM","PstI.TP153683","11","1271","7.5274e-06","0.0016","A"
"4","Trait5","FASTmrMLM","PstI.TP154510","11","1273","-2.1086e-05","0.0046","A"
"4","Trait5","FASTmrMLM","PstI.TP154672","11","1274","-0.0259","0.2234","A"
"4","Trait5","FASTmrMLM","PstI.TP154805","11","1275","-1.4128e-05","0.0031","C"
"4","Trait5","FASTmrMLM","PstI.TP154842","11","1277","-0.0118","0.148","G"
"4","Trait5","FASTmrMLM","PstI.TP154932","11","1278","-0.0933","0.4134","G"
"4","Trait5","FASTmrMLM","PstI.TP155191","11","1279","2e-04","0.0119","C"
"4","Trait5","FASTmrMLM","PstI.TP155357","11","1280","9.6222e-06","0.0021","C"
"4","Trait5","FASTmrMLM","PstI.TP155404","11","1281","-2.1345e-05","0.0047","A"
"4","Trait5","FASTmrMLM","PstI.TP156037","11","1285","-0.4382","1.4238","C"
"4","Trait5","FASTmrMLM","PstI.TP156090","11","1286","-1.1528e-06","3e-04","C"
"4","Trait5","FASTmrMLM","PstI.TP156136","11","1287","0.0189","0.1893","C"
"4","Trait5","FASTmrMLM","PstI.TP156223","11","1288","3.7949e-05","0.0083","A"
"4","Trait5","FASTmrMLM","PstI.TP156548","11","1289","1.4754e-05","0.0032","C"
"4","Trait5","FASTmrMLM","PstI.TP157003","11","1290","3.8434e-07","8.3671e-05","C"
"4","Trait5","FASTmrMLM","PstI.TP157942","11","1293","1.0759e-05","0.0023","C"
"4","Trait5","FASTmrMLM","PstI.TP157965","11","1294","-1.7456e-05","0.0038","A"
"4","Trait5","FASTmrMLM","PstI.TP158011","11","1295","-1.9092e-05","0.0042","G"
"4","Trait5","FASTmrMLM","PstI.TP158297","11","1297","-2.7061e-05","0.0059","C"
"4","Trait5","FASTmrMLM","PstI.TP158576","11","1299","0.3077","2.4552","G"
"4","Trait5","FASTmrMLM","PstI.TP158728","11","1301","-0.0823","0.688","A"
"4","Trait5","FASTmrMLM","PstI.TP158844","11","1302","-0.1557","1.1882","A"
"4","Trait5","FASTmrMLM","PstI.TP158908","11","1303","-6.9669e-06","0.0015","C"
"4","Trait5","FASTmrMLM","PstI.TP159179","11","1304","-1.9544e-05","0.0043","A"
"4","Trait5","FASTmrMLM","PstI.TP159185","11","1305","1.3692e-05","0.003","C"
"4","Trait5","FASTmrMLM","PstI.TP159372","11","1308","2.5499e-05","0.0056","A"
"4","Trait5","FASTmrMLM","PstI.TP159460","11","1309","-0.0597","0.3975","C"
"4","Trait5","FASTmrMLM","PstI.TP159505","11","1310","7.5199e-06","0.0016","A"
"4","Trait5","FASTmrMLM","PstI.TP159682","11","1311","0.0105","0.1776","A"
"4","Trait5","FASTmrMLM","PstI.TP159748","11","1312","-1.5413e-05","0.0034","A"
"4","Trait5","FASTmrMLM","PstI.TP159779","11","1313","2.876e-05","0.0063","A"
"4","Trait5","FASTmrMLM","PstI.TP159827","11","1314","-2.1357e-05","0.0047","G"
"4","Trait5","FASTmrMLM","PstI.TP159873","11","1316","-1.5178e-05","0.003","A"
"4","Trait5","FASTmrMLM","PstI.TP160620","11","1319","0.3019","3.0059","A"
"4","Trait5","FASTmrMLM","PstI.TP160736","11","1321","-1.6162e-05","0.0035","A"
"4","Trait5","FASTmrMLM","PstI.TP160752","11","1322","-2.8118e-05","0.0062","C"
"4","Trait5","FASTmrMLM","PstI.TP160805","11","1323","0.1232","0.6618","G"
"4","Trait5","FASTmrMLM","PstI.TP160845","11","1324","-0.2244","2.2185","C"
"4","Trait5","FASTmrMLM","PstI.TP161018","11","1326","0.2199","0.7853","A"
"4","Trait5","FASTmrMLM","PstI.TP161021","11","1327","-7.7084e-07","2e-04","C"
"4","Trait5","FASTmrMLM","PstI.TP161059","11","1328","-1e-04","0.0097","C"
"4","Trait5","FASTmrMLM","PstI.TP161178","11","1329","-0.025","0.2592","C"
"4","Trait5","FASTmrMLM","PstI.TP161436","11","1332","1.3746e-05","0.003","A"
"4","Trait5","FASTmrMLM","PstI.TP162241","11","1333","-1.9815e-05","0.0043","C"
"4","Trait5","FASTmrMLM","PstI.TP162263","11","1334","0.0847","0.5734","C"
"4","Trait5","FASTmrMLM","PstI.TP162301","11","1335","0.0054","0.1148","A"
"4","Trait5","FASTmrMLM","PstI.TP162310","11","1336","1.612e-05","0.0035","A"
"4","Trait5","FASTmrMLM","PstI.TP162397","11","1337","9.1213e-06","0.002","A"
"4","Trait5","FASTmrMLM","PstI.TP162401","11","1338","4.0361e-06","9e-04","C"
"4","Trait5","FASTmrMLM","PstI.TP162632","11","1339","-1.3643e-05","0.003","A"
"4","Trait5","FASTmrMLM","PstI.TP162697","11","1340","5.1663e-06","0.0011","C"
"4","Trait5","FASTmrMLM","PstI.TP163230","11","1342","-0.0403","0.2856","C"
"4","Trait5","FASTmrMLM","PstI.TP163772","11","1345","-1.1611e-05","0.0025","A"
"4","Trait5","FASTmrMLM","PstI.TP163860","11","1347","3.0898e-06","7e-04","A"
"4","Trait5","FASTmrMLM","PstI.TP163923","11","1348","3.1003e-05","0.0068","A"
"4","Trait5","FASTmrMLM","PstI.TP163929","11","1349","-0.1052","0.6513","C"
"4","Trait5","FASTmrMLM","PstI.TP164016","11","1350","-0.0315","0.3514","A"
"4","Trait5","FASTmrMLM","PstI.TP164060","11","1351","-1.4812e-05","0.0032","C"
"4","Trait5","FASTmrMLM","PstI.TP164133","11","1352","0.0449","0.4225","A"
"4","Trait5","FASTmrMLM","PstI.TP164155","11","1353","-0.0229","0.2733","A"
"4","Trait5","FASTmrMLM","PstI.TP164605","11","1356","1.1395e-06","2e-04","A"
"4","Trait5","FASTmrMLM","PstI.TP164661","11","1357","9.92e-06","0.0022","G"
"4","Trait5","FASTmrMLM","PstI.TP165585","11","1359","0.0053","0.1202","G"
"4","Trait5","FASTmrMLM","PstI.TP165587","11","1360","-7.3098e-06","0.0016","A"
"4","Trait5","FASTmrMLM","PstI.TP165648","11","1361","3.186e-05","0.007","A"
"4","Trait5","FASTmrMLM","PstI.TP166018","11","1363","-7.4482e-06","0.0016","A"
"4","Trait5","FASTmrMLM","PstI.TP166331","11","1366","-0.1221","0.7772","A"
"4","Trait5","FASTmrMLM","PstI.TP166904","11","1367","-8.7995e-06","0.0019","C"
"4","Trait5","FASTmrMLM","PstI.TP166938","11","1368","-2.4195e-05","0.0053","C"
"4","Trait5","FASTmrMLM","PstI.TP167040","11","1369","0.025","0.3706","C"
"4","Trait5","FASTmrMLM","PstI.TP167287","11","1370","2.7575e-07","6.0018e-05","A"
"4","Trait5","FASTmrMLM","PstI.TP167467","11","1371","5.3767e-06","0.0012","A"
"4","Trait5","FASTmrMLM","PstI.TP167831","11","1372","-0.0562","0.3298","C"
"4","Trait5","FASTmrMLM","PstI.TP167893","11","1373","0.0241","0.3369","A"
"4","Trait5","FASTmrMLM","PstI.TP168139","11","1375","1.3399e-05","0.0029","C"
"4","Trait5","FASTmrMLM","PstI.TP168162","11","1376","8.2547e-06","0.0018","C"
"4","Trait5","FASTmrMLM","PstI.TP168207","11","1377","3.7865e-06","8e-04","A"
"4","Trait5","FASTmrMLM","PstI.TP168281","11","1379","-8.9184e-06","0.0019","C"
"4","Trait5","FASTmrMLM","PstI.TP168319","11","1380","-2.2426e-06","5e-04","C"
"4","Trait5","FASTmrMLM","PstI.TP168441","11","1381","-2.4525e-05","0.0054","C"
"4","Trait5","FASTmrMLM","PstI.TP168491","11","1382","-0.2032","0.6055","G"
"4","Trait5","FASTmrMLM","PstI.TP168592","11","1384","2.353e-05","0.0052","C"
"4","Trait5","FASTmrMLM","PstI.TP168885","11","1386","1.9556e-05","0.0043","A"
"4","Trait5","FASTmrMLM","PstI.TP169069","11","1387","-0.075","0.4871","A"
"4","Trait5","FASTmrMLM","PstI.TP169118","11","1388","2.4062e-05","0.0053","A"
"4","Trait5","FASTmrMLM","PstI.TP169172","11","1389","1.3386e-05","0.0029","C"
"4","Trait5","FASTmrMLM","PstI.TP169478","11","1390","0.0675","0.7983","A"
"4","Trait5","FASTmrMLM","PstI.TP169528","11","1391","-1.4632e-05","0.0032","A"
"4","Trait5","FASTmrMLM","PstI.TP169892","11","1393","-0.1783","0.5816","C"
"4","Trait5","FASTmrMLM","PstI.TP169954","11","1394","-3.7239e-06","8e-04","A"
"4","Trait5","FASTmrMLM","PstI.TP169985","11","1395","-0.1494","2.2984","A"
"4","Trait5","FASTmrMLM","PstI.TP170025","11","1396","-2.1858e-05","0.0048","A"
"4","Trait5","FASTmrMLM","PstI.TP170196","11","1398","-3.6925e-05","0.0081","C"
"4","Trait5","FASTmrMLM","PstI.TP170278","11","1399","-0.0163","0.2074","C"
"4","Trait5","FASTmrMLM","PstI.TP170647","11","1402","2.13e-05","0.0047","C"
"4","Trait5","FASTmrMLM","PstI.TP170887","11","1403","-9.7357e-06","0.0021","A"
"4","Trait5","FASTmrMLM","PstI.TP171414","11","1405","2.4365e-06","5e-04","A"
"4","Trait5","FASTmrMLM","PstI.TP171418","11","1406","2.021e-05","0.0044","G"
"4","Trait5","FASTmrMLM","PstI.TP171747","11","1409","-1.2773e-05","0.0028","A"
"4","Trait5","FASTmrMLM","PstI.TP171760","11","1410","-2.682e-05","0.0059","C"
"4","Trait5","FASTmrMLM","PstI.TP172351","11","1412","1.9994e-05","0.0044","A"
"4","Trait5","FASTmrMLM","PstI.TP172569","11","1414","-0.1759","0.9645","A"
"4","Trait5","FASTmrMLM","PstI.TP172746","11","1415","-0.1393","0.8185","C"
"4","Trait5","FASTmrMLM","PstI.TP172766","11","1416","-1.1946e-05","0.0026","C"
"4","Trait5","FASTmrMLM","PstI.TP172842","11","1417","-8.1497e-06","0.0018","A"
"4","Trait5","FASTmrMLM","PstI.TP172948","11","1418","1.0244e-05","0.0022","C"
"4","Trait5","FASTmrMLM","PstI.TP173114","11","1419","-0.3855","2.2216","A"
"4","Trait5","FASTmrMLM","PstI.TP173458","11","1420","-1.4407e-05","0.0031","A"
"4","Trait5","FASTmrMLM","PstI.TP173467","11","1421","2.677e-06","6e-04","C"
"4","Trait5","FASTmrMLM","PstI.TP173578","11","1424","-0.062","0.6827","C"
"4","Trait5","FASTmrMLM","PstI.TP173646","11","1425","2.0652e-05","0.0045","C"
"4","Trait5","FASTmrMLM","PstI.TP173678","11","1427","-1.3638e-05","0.003","G"
"4","Trait5","FASTmrMLM","PstI.TP173774","11","1428","2.5569e-05","0.0056","A"
"4","Trait5","FASTmrMLM","PstI.TP174000","11","1429","-2.2953e-05","0.005","A"
"4","Trait5","FASTmrMLM","PstI.TP174477","11","1430","-2.6268e-05","0.0058","C"
"4","Trait5","FASTmrMLM","PstI.TP174556","11","1431","0.0739","0.579","C"
"4","Trait5","FASTmrMLM","PstI.TP174949","11","1432","9.5504e-06","0.0021","A"
"4","Trait5","FASTmrMLM","PstI.TP175143","11","1435","0.0278","0.2442","C"
"4","Trait5","FASTmrMLM","PstI.TP175170","11","1436","1.2028e-05","0.0026","C"
"4","Trait5","FASTmrMLM","PstI.TP175236","11","1438","-1.0605e-05","0.0023","G"
"4","Trait5","FASTmrMLM","PstI.TP175521","11","1439","5.2544e-06","0.0011","G"
"4","Trait5","FASTmrMLM","PstI.TP175593","11","1440","2.1558e-05","0.0047","C"
"4","Trait5","FASTmrMLM","PstI.TP175620","11","1441","-4.9227e-06","0.0011","C"
"4","Trait5","FASTmrMLM","PstI.TP175634","11","1442","-0.0115","0.1776","C"
"4","Trait5","FASTmrMLM","PstI.TP175702","11","1443","0.0726","0.3534","A"
"4","Trait5","FASTmrMLM","PstI.TP175721","11","1444","4.8338e-06","0.0011","G"
"4","Trait5","FASTmrMLM","PstI.TP175806","11","1446","0.1773","1.2353","C"
"4","Trait5","FASTmrMLM","PstI.TP175927","11","1448","-0.075","0.327","G"
"4","Trait5","FASTmrMLM","PstI.TP176035","11","1449","-4.5235e-06","0.001","A"
"4","Trait5","FASTmrMLM","PstI.TP176062","11","1450","0.0726","0.8752","A"
"4","Trait5","FASTmrMLM","PstI.TP176186","11","1451","-3.6994e-06","8e-04","A"
"4","Trait5","FASTmrMLM","PstI.TP176307","11","1452","3.7801e-05","0.0083","A"
"4","Trait5","FASTmrMLM","PstI.TP176798","11","1453","-1.4149e-05","0.0031","A"
"4","Trait5","FASTmrMLM","PstI.TP177101","11","1454","-2.5684e-05","0.0056","C"
"4","Trait5","FASTmrMLM","PstI.TP177166","11","1456","3.0877e-06","7e-04","C"
"4","Trait5","FASTmrMLM","PstI.TP177440","11","1457","-0.0381","0.3362","A"
"4","Trait5","FASTmrMLM","PstI.TP177523","11","1458","0.0822","0.6497","A"
"4","Trait5","FASTmrMLM","PstI.TP177901","11","1459","-8.951e-05","0.009","A"
"4","Trait5","FASTmrMLM","PstI.TP178216","11","1460","5.649e-06","0.0012","C"
"4","Trait5","FASTmrMLM","PstI.TP178301","11","1461","1.0894e-05","0.0024","C"
"4","Trait5","FASTmrMLM","PstI.TP178349","11","1462","3.3534e-05","0.0074","C"
"4","Trait5","FASTmrMLM","PstI.TP178386","11","1463","8.6199e-06","0.0019","A"
"4","Trait5","FASTmrMLM","PstI.TP178437","11","1464","-1.2585e-06","3e-04","G"
"4","Trait5","FASTmrMLM","PstI.TP178438","11","1465","-1.3282e-05","0.0029","A"
"4","Trait5","FASTmrMLM","PstI.TP178503","11","1466","-0.2378","1.2272","G"
"4","Trait5","FASTmrMLM","PstI.TP178620","11","1467","-1.7048e-05","0.0037","C"
"4","Trait5","FASTmrMLM","PstI.TP178993","11","1468","6.5519e-06","0.0014","A"
"4","Trait5","FASTmrMLM","PstI.TP179464","11","1469","0.1257","0.5688","A"
"4","Trait5","FASTmrMLM","PstI.TP179522","11","1470","1.0856e-06","2e-04","A"
"4","Trait5","FASTmrMLM","PstI.TP179859","11","1472","0.0293","0.3021","C"
"4","Trait5","FASTmrMLM","PstI.TP179883","11","1473","3.588e-06","8e-04","A"
"4","Trait5","FASTmrMLM","PstI.TP179937","11","1476","9.1436e-06","0.002","A"
"4","Trait5","FASTmrMLM","PstI.TP180007","11","1477","0.2304","0.8165","C"
"4","Trait5","FASTmrMLM","PstI.TP180163","11","1479","-5.6056e-06","0.0012","A"
"4","Trait5","FASTmrMLM","PstI.TP180517","11","1480","-0.1853","1.1296","A"
"4","Trait5","FASTmrMLM","PstI.TP180600","11","1481","-5.4809e-06","0.0012","A"
"4","Trait5","FASTmrMLM","PstI.TP180894","11","1482","-1.9013e-06","4e-04","A"
"4","Trait5","FASTmrMLM","PstI.TP180929","11","1483","-0.0647","0.8707","A"
"4","Trait5","FASTmrMLM","PstI.TP181122","11","1484","-0.0106","0.1703","C"
"4","Trait5","FASTmrMLM","PstI.TP181127","11","1485","-0.0421","0.4059","A"
"4","Trait5","FASTmrMLM","PstI.TP181250","11","1487","0.0249","0.1768","C"
"4","Trait5","FASTmrMLM","PstI.TP181252","11","1488","-5.2892e-06","0.0012","C"
"4","Trait5","FASTmrMLM","PstI.TP181457","11","1490","0.0785","0.763","A"
"4","Trait5","FASTmrMLM","PstI.TP181796","11","1492","1.1877e-05","0.0026","C"
"4","Trait5","FASTmrMLM","PstI.TP181854","11","1493","1.552e-06","3e-04","C"
"4","Trait5","FASTmrMLM","PstI.TP181916","11","1495","2.2918e-05","0.005","C"
"4","Trait5","FASTmrMLM","PstI.TP181983","11","1496","-1.571e-05","0.0034","C"
"4","Trait5","FASTmrMLM","PstI.TP182059","11","1497","1.0619e-05","0.0023","C"
"4","Trait5","FASTmrMLM","PstI.TP182489","11","1499","-0.0523","0.3803","A"
"4","Trait5","FASTmrMLM","PstI.TP182621","11","1500","-0.0528","0.6301","A"
"4","Trait5","FASTmrMLM","PstI.TP183004","11","1501","-4.4421e-05","0.0098","A"
"4","Trait5","FASTmrMLM","PstI.TP183135","11","1502","3.3619e-06","7e-04","C"
"4","Trait5","FASTmrMLM","PstI.TP183151","11","1503","1.4297e-05","0.0031","A"
"4","Trait5","FASTmrMLM","PstI.TP183739","11","1504","4.7929e-05","0.0106","C"
"4","Trait5","FASTmrMLM","PstI.TP183967","11","1505","2.2377e-06","5e-04","A"
"4","Trait5","FASTmrMLM","PstI.TP184058","11","1506","-2.3284e-05","0.0051","G"
"4","Trait5","FASTmrMLM","PstI.TP184375","11","1508","-1.0141e-05","0.0022","A"
"4","Trait5","FASTmrMLM","PstI.TP184391","11","1509","-1.0089e-06","2e-04","A"
"4","Trait5","FASTmrMLM","PstI.TP184407","11","1510","2.0825e-05","0.0046","C"
"4","Trait5","FASTmrMLM","PstI.TP184516","11","1511","-0.0177","0.2658","A"
"4","Trait5","FASTmrMLM","PstI.TP184692","11","1512","-0.0051","0.1263","C"
"4","Trait5","FASTmrMLM","PstI.TP184799","11","1513","8.1222e-06","0.0018","C"
"4","Trait5","FASTmrMLM","PstI.TP184849","11","1514","1.022e-05","0.0022","A"
"4","Trait5","FASTmrMLM","PstI.TP185252","11","1516","1.3245e-05","0.0029","A"
"4","Trait5","FASTmrMLM","PstI.TP185309","11","1517","-2.6111e-06","6e-04","A"
"4","Trait5","FASTmrMLM","PstI.TP185310","11","1518","8.5248e-07","2e-04","A"
"4","Trait5","FASTmrMLM","PstI.TP185501","11","1519","-4.7776e-06","0.001","A"
"4","Trait5","FASTmrMLM","PstI.TP185653","11","1520","1.8537e-05","0.0041","C"
"4","Trait5","FASTmrMLM","PstI.TP185658","11","1521","1.6707e-06","4e-04","A"
"4","Trait5","FASTmrMLM","PstI.TP185897","11","1522","8.0931e-06","0.0018","A"
"4","Trait5","FASTmrMLM","PstI.TP185917","11","1523","2.0689e-06","5e-04","A"
"4","Trait5","FASTmrMLM","PstI.TP185939","11","1524","2.2957e-05","0.005","C"
"4","Trait5","FASTmrMLM","PstI.TP186419","11","1526","-1.6832e-05","0.0037","A"
"4","Trait5","FASTmrMLM","PstI.TP186444","11","1527","2.0135e-05","0.0044","C"
"4","Trait5","FASTmrMLM","PstI.TP186469","11","1528","-3.7599e-06","8e-04","C"
"4","Trait5","FASTmrMLM","PstI.TP187087","11","1529","-6.8243e-06","0.0015","A"
"4","Trait5","FASTmrMLM","PstI.TP187258","11","1530","-2.6385e-05","0.0058","C"
"4","Trait5","FASTmrMLM","PstI.TP187918","11","1532","2.0622e-05","0.0045","G"
"4","Trait5","FASTmrMLM","PstI.TP187994","11","1533","-6.4284e-06","0.0014","C"
"4","Trait5","FASTmrMLM","PstI.TP188052","11","1534","0.1833","0.7154","C"
"4","Trait5","FASTmrMLM","PstI.TP188414","11","1535","1.7771e-05","0.0039","A"
"4","Trait5","FASTmrMLM","PstI.TP188797","11","1536","-2.1869e-05","0.0048","A"
"4","Trait5","FASTmrMLM","PstI.TP188877","11","1537","-1.6822e-05","0.0037","A"
"4","Trait5","FASTmrMLM","PstI.TP188943","11","1538","8.7624e-06","0.0019","A"
"4","Trait5","FASTmrMLM","PstI.TP189065","11","1539","0.068","0.5071","C"
"4","Trait5","FASTmrMLM","PstI.TP189070","11","1540","-1.1982e-05","0.0026","C"
"4","Trait5","FASTmrMLM","PstI.TP189102","11","1542","3.4861e-06","8e-04","A"
"4","Trait5","FASTmrMLM","PstI.TP189198","11","1543","-3.1215e-05","0.0068","G"
"4","Trait5","FASTmrMLM","PstI.TP189313","11","1544","3.1338e-05","0.0069","C"
"4","Trait5","FASTmrMLM","PstI.TP189379","11","1545","1.2037e-05","0.0026","C"
"4","Trait5","FASTmrMLM","PstI.TP189419","11","1546","0.1477","0.9934","G"
"4","Trait5","FASTmrMLM","PstI.TP189633","11","1547","-0.1053","0.5213","C"
"4","Trait5","FASTmrMLM","PstI.TP189665","11","1548","3e-04","0.014","C"
"4","Trait5","FASTmrMLM","PstI.TP190009","11","1549","-0.0862","0.9928","G"
"4","Trait5","FASTmrMLM","PstI.TP190033","11","1550","3.8821e-06","8e-04","C"
"4","Trait5","FASTmrMLM","PstI.TP190150","11","1552","-0.0983","1.3103","A"
"4","Trait5","FASTmrMLM","PstI.TP190242","11","1553","1.1654e-05","0.0025","A"
"4","Trait5","FASTmrMLM","PstI.TP190296","11","1554","0.0853","0.2778","A"
"4","Trait5","FASTmrMLM","PstI.TP190318","11","1555","-3e-04","0.016","C"
"4","Trait5","FASTmrMLM","PstI.TP190492","11","1556","1.2633e-05","0.0028","C"
"4","Trait5","FASTmrMLM","PstI.TP190688","11","1558","-0.1009","0.4009","A"
"4","Trait5","FASTmrMLM","PstI.TP190814","11","1559","0.0216","0.3111","G"
"4","Trait5","FASTmrMLM","PstI.TP191200","11","1561","0.0753","0.5672","A"
"4","Trait5","FASTmrMLM","PstI.TP191335","11","1562","-1.7568e-05","0.0038","G"
"4","Trait5","FASTmrMLM","PstI.TP191364","11","1563","0.0124","0.172","C"
"4","Trait5","FASTmrMLM","PstI.TP191369","11","1564","-1.8663e-06","4e-04","C"
"4","Trait5","FASTmrMLM","PstI.TP191455","11","1565","6.5767e-06","0.0014","A"
"4","Trait5","FASTmrMLM","PstI.TP191473","11","1566","0.1167","0.7368","A"
"4","Trait5","FASTmrMLM","PstI.TP191510","11","1567","-0.044","0.4567","A"
"4","Trait5","FASTmrMLM","PstI.TP191520","11","1568","-1.4246e-05","0.0031","A"
"4","Trait5","FASTmrMLM","PstI.TP191591","11","1569","-1.9896e-05","0.0044","C"
"4","Trait5","FASTmrMLM","PstI.TP191608","11","1570","-2.4037e-05","0.0053","C"
"4","Trait5","FASTmrMLM","PstI.TP191619","11","1571","-2.2216e-06","5e-04","C"
"4","Trait5","FASTmrMLM","PstI.TP191688","11","1572","-2.893e-06","6e-04","C"
"4","Trait5","FASTmrMLM","PstI.TP192044","11","1573","0.0975","1.5393","A"
"4","Trait5","FASTmrMLM","PstI.TP192234","11","1574","-2.5429e-05","0.0056","A"
"4","Trait5","FASTmrMLM","PstI.TP192620","11","1575","0.1624","0.6759","C"
"4","Trait5","FASTmrMLM","PstI.TP192794","11","1577","1.7676e-05","0.0039","A"
"4","Trait5","FASTmrMLM","PstI.TP193244","11","1578","0.072","0.4572","A"
"4","Trait5","FASTmrMLM","PstI.TP193392","11","1579","-3.5738e-05","0.0078","A"
"4","Trait5","FASTmrMLM","PstI.TP194177","11","1582","0.205","0.886","C"
"4","Trait5","FASTmrMLM","PstI.TP194654","11","1584","-3.0663e-05","0.0067","A"
"4","Trait5","FASTmrMLM","PstI.TP194797","11","1585","-1.2159e-05","0.0027","C"
"4","Trait5","FASTmrMLM","PstI.TP194815","11","1586","1.4019e-05","0.0031","C"
"4","Trait5","FASTmrMLM","PstI.TP194887","11","1587","0.1362","0.8375","C"
"4","Trait5","FASTmrMLM","PstI.TP194988","11","1588","-2.7854e-05","0.0061","A"
"4","Trait5","FASTmrMLM","PstI.TP195218","11","1591","-0.0114","0.1468","C"
"4","Trait5","FASTmrMLM","PstI.TP195327","11","1592","-3.7029e-06","8e-04","A"
"4","Trait5","FASTmrMLM","PstI.TP195367","11","1593","-3.5617e-06","8e-04","G"
"4","Trait5","FASTmrMLM","PstI.TP195491","11","1594","-0.0397","0.4168","G"
"4","Trait5","FASTmrMLM","PstI.TP195838","11","1595","-0.1468","1.8345","G"
"4","Trait5","FASTmrMLM","PstI.TP196061","11","1597","9.5546e-07","2e-04","A"
"4","Trait5","FASTmrMLM","PstI.TP196073","11","1598","-3.8222e-06","8e-04","G"
"4","Trait5","FASTmrMLM","PstI.TP196133","11","1599","-1.7658e-05","0.0039","G"
"4","Trait5","FASTmrMLM","PstI.TP196590","11","1601","0.1125","0.6003","G"
"4","Trait5","FASTmrMLM","PstI.TP196680","11","1602","-1.2189e-05","0.0027","A"
"4","Trait5","FASTmrMLM","PstI.TP196691","11","1603","4.8932e-05","0.0108","C"
"4","Trait5","FASTmrMLM","PstI.TP196733","11","1604","1.0677e-05","0.0023","A"
"4","Trait5","FASTmrMLM","PstI.TP197124","11","1607","-1.8787e-06","4e-04","G"
"4","Trait5","FASTmrMLM","PstI.TP197174","11","1608","0.1077","0.6305","C"
"4","Trait5","FASTmrMLM","PstI.TP198056","11","1612","0.4667","3.8539","A"
"4","Trait5","FASTmrMLM","PstI.TP198126","11","1613","-9.0139e-06","0.002","A"
"4","Trait5","FASTmrMLM","PstI.TP198374","11","1614","0.0076","0.1375","A"
"4","Trait5","FASTmrMLM","PstI.TP198603","11","1615","-8.2781e-06","0.0018","A"
"4","Trait5","FASTmrMLM","PstI.TP198630","11","1616","0.0655","0.7109","A"
"4","Trait5","FASTmrMLM","PstI.TP198647","11","1617","1.7581e-05","0.0038","A"
"4","Trait5","FASTmrMLM","PstI.TP198662","11","1618","1.6301e-05","0.0036","A"
"4","Trait5","FASTmrMLM","PstI.TP198822","11","1619","-0.0239","0.1932","G"
"4","Trait5","FASTmrMLM","PstI.TP199027","11","1620","-4.7171e-05","0.0076","G"
"4","Trait5","FASTmrMLM","PstI.TP199075","11","1621","-7.3693e-06","0.0016","A"
"4","Trait5","FASTmrMLM","PstI.TP199096","11","1622","1.2326e-07","2.6829e-05","G"
"4","Trait5","FASTmrMLM","PstI.TP199264","11","1623","0.0708","0.6125","A"
"4","Trait5","FASTmrMLM","PstI.TP199490","11","1624","2.5172e-07","5.4779e-05","C"
"4","Trait5","FASTmrMLM","PstI.TP199641","11","1625","-3.2534e-05","0.0071","C"
"4","Trait5","FASTmrMLM","PstI.TP199807","11","1626","2.7708e-05","0.0061","C"
"4","Trait5","FASTmrMLM","PstI.TP199817","11","1628","0.2105","1.9719","A"
"4","Trait5","FASTmrMLM","PstI.TP199859","11","1629","1.4553e-05","0.0032","A"
"4","Trait5","FASTmrMLM","PstI.TP199866","11","1630","0.0476","0.5545","A"
"4","Trait5","FASTmrMLM","PstI.TP199887","11","1631","2.4759e-06","5e-04","A"
"4","Trait5","FASTmrMLM","PstI.TP199951","11","1632","-9.4686e-05","0.0103","A"
"4","Trait5","FASTmrMLM","PstI.TP200108","11","1633","0.1144","0.6665","C"
"4","Trait5","FASTmrMLM","PstI.TP200259","11","1634","1.3385e-05","0.0029","A"
"4","Trait5","FASTmrMLM","PstI.TP200261","11","1635","-9.8452e-06","0.0021","A"
"4","Trait5","FASTmrMLM","PstI.TP200472","11","1636","5.9244e-06","0.0013","C"
"4","Trait5","FASTmrMLM","PstI.TP200675","11","1637","0.0891","0.4889","A"
"4","Trait5","FASTmrMLM","PstI.TP200776","11","1638","-4.6336e-06","0.001","A"
"4","Trait5","FASTmrMLM","PstI.TP200865","11","1639","-8.5063e-06","0.0019","A"
"4","Trait5","FASTmrMLM","PstI.TP200892","11","1640","6.5399e-06","0.0014","C"
"4","Trait5","FASTmrMLM","PstI.TP201108","11","1641","7.0519e-05","0.0082","A"
"4","Trait5","FASTmrMLM","PstI.TP201406","11","1644","9.7001e-05","0.0081","A"
"4","Trait5","FASTmrMLM","PstI.TP201408","11","1645","3.0759e-06","7e-04","C"
"4","Trait5","FASTmrMLM","PstI.TP201489","11","1646","-9.3304e-06","0.002","A"
"4","Trait5","FASTmrMLM","PstI.TP201539","11","1647","0.1676","1.2227","A"
"4","Trait5","FASTmrMLM","PstI.TP201653","11","1648","-3.4888e-06","8e-04","A"
"4","Trait5","FASTmrMLM","PstI.TP201678","11","1649","-3.9943e-06","9e-04","C"
"4","Trait5","FASTmrMLM","PstI.TP201683","11","1650","0.0268","0.1881","A"
"4","Trait5","FASTmrMLM","PstI.TP201752","11","1651","0.1578","0.92","C"
"4","Trait5","FASTmrMLM","PstI.TP202060","11","1652","1.4158e-05","0.0031","C"
"4","Trait5","FASTmrMLM","PstI.TP202104","11","1653","-1.4881e-05","0.0033","A"
"4","Trait5","FASTmrMLM","PstI.TP202221","11","1654","0.101","1.0494","A"
"4","Trait5","FASTmrMLM","PstI.TP203196","11","1657","-5.0368e-06","0.0011","A"
"4","Trait5","FASTmrMLM","PstI.TP203214","11","1658","2.1726e-05","0.0048","G"
"4","Trait5","FASTmrMLM","PstI.TP203344","11","1659","-0.0558","0.6428","C"
"4","Trait5","FASTmrMLM","PstI.TP203477","11","1660","1.0924e-05","0.0024","C"
"4","Trait5","FASTmrMLM","PstI.TP203581","11","1662","-0.0249","0.2582","C"
"4","Trait5","FASTmrMLM","PstI.TP203815","11","1664","-1.0948e-05","0.0024","A"
"4","Trait5","FASTmrMLM","PstI.TP204191","11","1666","-0.0983","0.8438","A"
"4","Trait5","FASTmrMLM","PstI.TP204231","11","1667","1.1146e-05","0.0024","A"
"4","Trait5","FASTmrMLM","PstI.TP204357","11","1668","-0.2871","1.2957","C"
"4","Trait5","FASTmrMLM","PstI.TP204579","11","1669","-4.271e-06","9e-04","A"
"4","Trait5","FASTmrMLM","PstI.TP204842","11","1672","7.5972e-06","0.0017","A"
"4","Trait5","FASTmrMLM","PstI.TP204888","11","1673","-1.0408e-05","0.0023","A"
"4","Trait5","FASTmrMLM","PstI.TP204901","11","1674","2.8333e-05","0.0062","A"
"4","Trait5","FASTmrMLM","PstI.TP205009","11","1675","-0.1288","0.6559","C"
"4","Trait5","FASTmrMLM","PstI.TP205095","11","1676","2.558e-05","0.0056","C"
"4","Trait5","FASTmrMLM","PstI.TP205136","11","1677","6.4866e-07","1e-04","C"
"4","Trait5","FASTmrMLM","PstI.TP205179","11","1678","3.0539e-05","0.0067","C"
"4","Trait5","FASTmrMLM","PstI.TP205190","11","1679","1.5426e-05","0.0034","C"
"4","Trait5","FASTmrMLM","PstI.TP205344","11","1680","0.0432","0.4557","C"
"4","Trait5","FASTmrMLM","PstI.TP205385","11","1681","-1.7811e-05","0.0039","C"
"4","Trait5","FASTmrMLM","PstI.TP205391","11","1682","2.5392e-05","0.0056","C"
"4","Trait5","FASTmrMLM","PstI.TP205746","11","1683","9.357e-06","0.002","A"
"4","Trait5","FASTmrMLM","PstI.TP205888","11","1684","-3.8632e-05","0.0085","A"
"4","Trait5","FASTmrMLM","PstI.TP205923","11","1686","0.1049","0.5495","A"
"4","Trait5","FASTmrMLM","PstI.TP205979","11","1687","-3.869e-06","8e-04","A"
"4","Trait5","FASTmrMLM","PstI.TP206335","11","1688","-0.0351","0.3344","C"
"4","Trait5","FASTmrMLM","PstI.TP206338","11","1689","-0.0371","0.2192","A"
"4","Trait5","FASTmrMLM","PstI.TP206754","11","1690","1.1203e-05","0.0024","A"
"4","Trait5","FASTmrMLM","PstI.TP206787","11","1691","-0.0916","0.4423","A"
"4","Trait5","FASTmrMLM","PstI.TP207008","11","1693","-4.089e-06","9e-04","C"
"4","Trait5","FASTmrMLM","PstI.TP207203","11","1694","1.4254e-06","3e-04","A"
"4","Trait5","FASTmrMLM","PstI.TP207551","11","1695","-2.6115e-05","0.0057","A"
"4","Trait5","FASTmrMLM","PstI.TP207593","11","1696","2.0877e-05","0.0046","C"
"4","Trait5","FASTmrMLM","PstI.TP207745","11","1697","1.778e-05","0.0039","C"
"4","Trait5","FASTmrMLM","PstI.TP207910","11","1698","-1.2549e-05","0.0027","A"
"4","Trait5","FASTmrMLM","PstI.TP207916","11","1699","5.4293e-06","0.0012","A"
"4","Trait5","FASTmrMLM","PstI.TP208551","11","1702","3.3101e-05","0.0073","A"
"4","Trait5","FASTmrMLM","PstI.TP208634","11","1703","-1.7404e-05","0.0038","G"
"4","Trait5","FASTmrMLM","PstI.TP208641","11","1704","0.0308","0.3747","A"
"4","Trait5","FASTmrMLM","PstI.TP208761","11","1705","0.0467","0.5813","A"
"4","Trait5","FASTmrMLM","PstI.TP209164","11","1706","2.5134e-06","5e-04","A"
"4","Trait5","FASTmrMLM","PstI.TP209176","11","1707","-8.8627e-06","0.0019","A"
"4","Trait5","FASTmrMLM","PstI.TP209252","11","1709","6.5714e-06","0.0014","C"
"4","Trait5","FASTmrMLM","PstI.TP209435","11","1713","2.0208e-05","0.0044","C"
"4","Trait5","FASTmrMLM","PstI.TP209473","11","1714","0.0514","0.3302","A"
"4","Trait5","FASTmrMLM","PstI.TP209491","11","1715","1.8361e-05","0.004","A"
"4","Trait5","FASTmrMLM","PstI.TP209609","11","1716","0.1355","0.7719","G"
"4","Trait5","FASTmrMLM","PstI.TP209958","11","1718","-2.1397e-05","0.0047","C"
"4","Trait5","FASTmrMLM","PstI.TP210200","11","1720","-1.0715e-05","0.0023","C"
"4","Trait5","FASTmrMLM","PstI.TP210434","11","1721","-4.5189e-06","0.001","A"
"4","Trait5","FASTmrMLM","PstI.TP210533","11","1722","8.191e-06","0.0018","A"
"4","Trait5","FASTmrMLM","PstI.TP210560","11","1723","1.8824e-05","0.0041","A"
"4","Trait5","FASTmrMLM","PstI.TP210602","11","1724","3.2719e-05","0.0072","A"
"4","Trait5","FASTmrMLM","PstI.TP210734","11","1725","-0.1814","0.7577","A"
"4","Trait5","FASTmrMLM","PstI.TP210761","11","1726","0.0815","0.5115","C"
"4","Trait5","FASTmrMLM","PstI.TP210802","11","1727","-0.1085","1.5346","A"
"4","Trait5","FASTmrMLM","PstI.TP211134","11","1728","0.3454","2.652","A"
"4","Trait5","FASTmrMLM","PstI.TP211163","11","1729","2.3175e-05","0.0051","A"
"4","Trait5","FASTmrMLM","PstI.TP211841","11","1731","-0.2759","1.3144","C"
"4","Trait5","FASTmrMLM","PstI.TP211934","11","1732","-0.0416","0.5543","C"
"4","Trait5","FASTmrMLM","PstI.TP212060","11","1733","4.2585e-05","0.0067","C"
"4","Trait5","FASTmrMLM","PstI.TP212110","11","1734","-1.9858e-05","0.0043","A"
"4","Trait5","FASTmrMLM","PstI.TP212301","11","1735","-0.2132","1.1428","C"
"4","Trait5","FASTmrMLM","PstI.TP212400","11","1736","1.0065e-05","0.0022","A"
"4","Trait5","FASTmrMLM","PstI.TP212428","11","1737","6.4499e-06","0.0014","A"
"4","Trait5","FASTmrMLM","PstI.TP212432","11","1738","-0.1169","0.7825","G"
"4","Trait5","FASTmrMLM","PstI.TP212455","11","1739","-0.009","0.1037","C"
"4","Trait5","FASTmrMLM","PstI.TP212690","11","1740","3.2634e-05","0.0072","C"
"4","Trait5","FASTmrMLM","PstI.TP212816","11","1741","-4.7783e-06","0.001","G"
"4","Trait5","FASTmrMLM","PstI.TP212882","11","1742","-2.0319e-06","4e-04","A"
"4","Trait5","FASTmrMLM","PstI.TP212936","11","1743","2.2717e-05","0.005","A"
"4","Trait5","FASTmrMLM","PstI.TP213011","11","1745","-0.1105","0.4947","A"
"4","Trait5","FASTmrMLM","PstI.TP213462","11","1747","5.1755e-06","0.0011","C"
"4","Trait5","FASTmrMLM","PstI.TP213670","11","1748","-0.1179","0.921","G"
"4","Trait5","FASTmrMLM","PstI.TP213714","11","1750","2.0511e-06","4e-04","C"
"4","Trait5","FASTmrMLM","PstI.TP214632","11","1752","0.0888","0.8273","C"
"4","Trait5","FASTmrMLM","PstI.TP214637","11","1753","4.484e-05","0.0099","C"
"4","Trait5","FASTmrMLM","PstI.TP214870","11","1756","2.6077e-05","0.0057","A"
"4","Trait5","FASTmrMLM","PstI.TP214911","11","1757","9.4402e-06","0.0021","A"
"4","Trait5","FASTmrMLM","PstI.TP215342","11","1758","-3e-04","0.0147","A"
"4","Trait5","FASTmrMLM","PstI.TP215389","11","1759","-1.6141e-05","0.0035","A"
"4","Trait5","FASTmrMLM","PstI.TP215425","11","1760","3.8268e-05","0.0084","G"
"4","Trait5","FASTmrMLM","PstI.TP216135","11","1761","2.469e-05","0.0054","C"
"4","Trait5","FASTmrMLM","PstI.TP216465","11","1763","3e-04","0.0147","C"
"4","Trait5","FASTmrMLM","PstI.TP216489","11","1764","0.079","0.9345","A"
"4","Trait5","FASTmrMLM","PstI.TP216583","11","1765","-7.0567e-06","0.0015","G"
"4","Trait5","FASTmrMLM","PstI.TP216668","11","1766","2.8839e-05","0.0063","A"
"4","Trait5","FASTmrMLM","PstI.TP216873","11","1767","-0.03","0.2482","C"
"4","Trait5","FASTmrMLM","PstI.TP217064","11","1768","0.0179","0.2563","A"
"4","Trait5","FASTmrMLM","PstI.TP217095","11","1769","-0.099","0.4299","A"
"4","Trait5","FASTmrMLM","PstI.TP217175","11","1770","0.1353","0.5659","A"
"4","Trait5","FASTmrMLM","PstI.TP217336","11","1771","-2.1582e-05","0.0047","C"
"4","Trait5","FASTmrMLM","PstI.TP217446","11","1772","1.3928e-05","0.003","A"
"4","Trait5","FASTmrMLM","PstI.TP217462","11","1773","-0.0352","0.448","G"
"4","Trait5","FASTmrMLM","PstI.TP217555","11","1774","4.2115e-05","0.0093","C"
"4","Trait5","FASTmrMLM","PstI.TP217765","11","1775","-3.1401e-05","0.0069","A"
"4","Trait5","FASTmrMLM","PstI.TP218048","11","1776","-4.4031e-05","0.0072","C"
"4","Trait5","FASTmrMLM","PstI.TP218134","11","1777","-2.1446e-05","0.0047","A"
"4","Trait5","FASTmrMLM","PstI.TP218242","11","1778","0.0628","0.5314","A"
"4","Trait5","FASTmrMLM","PstI.TP218291","11","1779","-1.4742e-05","0.0032","C"
"4","Trait5","FASTmrMLM","PstI.TP218473","11","1782","0.0349","0.4333","C"
"4","Trait5","FASTmrMLM","PstI.TP218530","11","1783","1.8069e-05","0.004","C"
"4","Trait5","FASTmrMLM","PstI.TP218698","11","1784","5.5793e-06","0.0012","A"
"4","Trait5","FASTmrMLM","PstI.TP218722","11","1786","-2.2702e-05","0.005","C"
"4","Trait5","FASTmrMLM","PstI.TP218751","11","1787","-4.7692e-05","0.0105","A"
"4","Trait5","FASTmrMLM","PstI.TP218805","11","1788","5.532e-06","0.0012","A"
"4","Trait5","FASTmrMLM","PstI.TP218891","11","1789","3.5807e-05","0.0079","C"
"4","Trait5","FASTmrMLM","PstI.TP219359","11","1790","8.7624e-06","0.0019","G"
"4","Trait5","FASTmrMLM","PstI.TP219505","11","1791","0.0864","0.3912","A"
"4","Trait5","FASTmrMLM","PstI.TP219629","11","1793","-0.1352","1.2914","C"
"4","Trait5","FASTmrMLM","PstI.TP219747","11","1794","-1.5122e-06","3e-04","C"
"4","Trait5","FASTmrMLM","PstI.TP219786","11","1796","8.979e-07","2e-04","C"
"4","Trait5","FASTmrMLM","PstI.TP219843","11","1797","2.8964e-05","0.0064","A"
"4","Trait5","FASTmrMLM","PstI.TP219866","11","1798","6e-04","0.0179","A"
"4","Trait5","FASTmrMLM","PstI.TP219955","11","1799","-1.5094e-05","0.0033","A"
"4","Trait5","FASTmrMLM","PstI.TP220092","11","1800","-2.9697e-05","0.0058","C"
"4","Trait5","FASTmrMLM","PstI.TP220287","11","1801","2.6402e-05","0.0058","A"
"4","Trait5","FASTmrMLM","PstI.TP220394","11","1803","-0.0611","0.4038","A"
"4","Trait5","FASTmrMLM","PstI.TP220576","11","1806","-0.0834","0.6828","C"
"4","Trait5","FASTmrMLM","PstI.TP220828","11","1807","2.3525e-05","0.0051","C"
"4","Trait5","FASTmrMLM","PstI.TP221100","11","1809","7.2376e-06","0.0016","A"
"4","Trait5","FASTmrMLM","PstI.TP221104","11","1810","1.6025e-05","0.0035","A"
"4","Trait5","FASTmrMLM","PstI.TP221128","11","1812","-1.3692e-05","0.003","A"
"4","Trait5","FASTmrMLM","PstI.TP221253","11","1814","9.5679e-06","0.0021","G"
"4","Trait5","FASTmrMLM","PstI.TP221302","11","1815","2.7545e-06","6e-04","A"
"4","Trait5","FASTmrMLM","PstI.TP221413","11","1816","-1.482e-06","3e-04","C"
"4","Trait5","FASTmrMLM","PstI.TP221794","11","1818","4.2022e-06","9e-04","C"
"4","Trait5","FASTmrMLM","PstI.TP221824","11","1819","0.0972","1.3314","A"
"4","Trait5","FASTmrMLM","PstI.TP221885","11","1820","0.0215","0.2701","G"
"4","Trait5","FASTmrMLM","PstI.TP222106","11","1821","-0.1831","1.0385","C"
"4","Trait5","FASTmrMLM","PstI.TP222110","11","1822","3.7429e-06","8e-04","G"
"4","Trait5","FASTmrMLM","PstI.TP222872","11","1823","-9.8661e-06","0.0022","A"
"4","Trait5","FASTmrMLM","PstI.TP222909","11","1824","0.0631","0.4454","C"
"4","Trait5","FASTmrMLM","PstI.TP222976","11","1826","-2.8131e-06","6e-04","C"
"4","Trait5","FASTmrMLM","PstI.TP222991","11","1827","-8.2351e-06","0.0018","C"
"4","Trait5","FASTmrMLM","PstI.TP223156","11","1828","-4.1538e-06","9e-04","A"
"4","Trait5","FASTmrMLM","PstI.TP223198","11","1829","1.3892e-05","0.003","A"
"4","Trait5","FASTmrMLM","PstI.TP223236","11","1830","-3.0967e-05","0.0068","A"
"4","Trait5","FASTmrMLM","PstI.TP223261","11","1831","-9.4391e-06","0.0021","C"
"4","Trait5","FASTmrMLM","PstI.TP223348","11","1832","0.1137","1.2853","A"
"4","Trait5","FASTmrMLM","PstI.TP223423","11","1834","-0.0506","0.6107","A"
"4","Trait5","FASTmrMLM","PstI.TP223445","11","1835","-0.3182","1.5411","G"
"4","Trait5","FASTmrMLM","PstI.TP223643","11","1838","3.6364e-06","8e-04","A"
"4","Trait5","FASTmrMLM","PstI.TP223925","11","1839","-9.9433e-07","2e-04","C"
"4","Trait5","FASTmrMLM","PstI.TP224049","11","1840","0.1144","0.4746","A"
"4","Trait5","FASTmrMLM","PstI.TP224107","11","1841","-1e-04","0.0122","A"
"4","Trait5","FASTmrMLM","PstI.TP224188","11","1842","1.4556e-06","3e-04","A"
"4","Trait5","FASTmrMLM","PstI.TP224672","11","1845","3.5203e-06","8e-04","C"
"4","Trait5","FASTmrMLM","PstI.TP224905","11","1847","0.0365","0.2639","C"
"4","Trait5","FASTmrMLM","PstI.TP224941","11","1848","-3.7842e-05","0.0083","G"
"4","Trait5","FASTmrMLM","PstI.TP225347","11","1850","-3.5134e-06","8e-04","C"
"4","Trait5","FASTmrMLM","PstI.TP225656","11","1851","1.701e-05","0.0037","G"
"4","Trait5","FASTmrMLM","PstI.TP225696","11","1852","-7.5599e-06","0.0016","A"
"4","Trait5","FASTmrMLM","PstI.TP225746","11","1853","0.0891","0.5336","C"
"4","Trait5","FASTmrMLM","PstI.TP225790","11","1854","3.1904e-06","7e-04","C"
"4","Trait5","FASTmrMLM","PstI.TP225964","11","1857","6.3111e-06","0.0014","C"
"4","Trait5","FASTmrMLM","PstI.TP226426","11","1858","-3.3579e-06","7e-04","A"
"4","Trait5","FASTmrMLM","PstI.TP226488","11","1859","8.1491e-06","0.0018","A"
"4","Trait5","FASTmrMLM","PstI.TP226506","11","1860","3.8101e-06","8e-04","C"
"4","Trait5","FASTmrMLM","PstI.TP226509","11","1861","0.0223","0.1945","C"
"4","Trait5","FASTmrMLM","PstI.TP226527","11","1862","-6.3711e-05","0.0084","C"
"4","Trait5","FASTmrMLM","PstI.TP226901","11","1863","-0.1205","0.7797","C"
"4","Trait5","FASTmrMLM","PstI.TP227229","11","1866","-0.0389","0.4202","C"
"4","Trait5","FASTmrMLM","PstI.TP227748","11","1867","-1.7483e-05","0.0038","C"
"4","Trait5","FASTmrMLM","PstI.TP227782","11","1868","1.0797e-05","0.0024","A"
"4","Trait5","FASTmrMLM","PstI.TP227989","11","1871","-3.1253e-05","0.0069","A"
"4","Trait5","FASTmrMLM","PstI.TP228025","11","1872","-1.0094e-05","0.0022","A"
"4","Trait5","FASTmrMLM","PstI.TP228136","11","1873","-0.0312","0.3636","A"
"4","Trait5","FASTmrMLM","PstI.TP228250","11","1876","1.1013e-06","2e-04","A"
"4","Trait5","FASTmrMLM","PstI.TP228768","11","1880","-1.2578e-05","0.0027","A"
"4","Trait5","FASTmrMLM","PstI.TP229079","11","1881","3.0699e-06","7e-04","A"
"4","Trait5","FASTmrMLM","PstI.TP229229","11","1883","-1.4769e-05","0.0032","A"
"4","Trait5","FASTmrMLM","PstI.TP229256","11","1884","2.3839e-05","0.0052","A"
"4","Trait5","FASTmrMLM","PstI.TP229265","11","1885","-1.2895e-05","0.0028","A"
"4","Trait5","FASTmrMLM","PstI.TP229360","11","1886","1.1304e-05","0.0025","A"
"4","Trait5","FASTmrMLM","PstI.TP229407","11","1887","0.3345","1.0352","A"
"4","Trait5","FASTmrMLM","PstI.TP229433","11","1888","-0.0395","0.2423","A"
"4","Trait5","FASTmrMLM","PstI.TP229461","11","1889","1.4125e-05","0.0031","A"
"4","Trait5","FASTmrMLM","PstI.TP229486","11","1890","1.1232e-05","0.0025","C"
"4","Trait5","FASTmrMLM","PstI.TP229497","11","1891","3.0355e-05","0.0067","C"
"4","Trait5","FASTmrMLM","PstI.TP229583","11","1892","2.122e-05","0.0046","A"
"4","Trait5","FASTmrMLM","PstI.TP229641","11","1893","-0.1798","0.7901","A"
"4","Trait5","FASTmrMLM","PstI.TP229878","11","1895","1.6358e-05","0.0036","C"
"4","Trait5","FASTmrMLM","PstI.TP230049","11","1896","-3.3916e-05","0.0059","A"
"4","Trait5","FASTmrMLM","PstI.TP230112","11","1898","2.0249e-05","0.0044","C"
"4","Trait5","FASTmrMLM","PstI.TP230121","11","1899","0.1963","1.1535","G"
"4","Trait5","FASTmrMLM","PstI.TP230367","11","1900","0.0299","0.2379","C"
"4","Trait5","FASTmrMLM","PstI.TP230418","11","1901","-8.9447e-06","0.002","C"
"4","Trait5","FASTmrMLM","PstI.TP230626","11","1904","-2.4585e-05","0.0054","C"
"4","Trait5","FASTmrMLM","PstI.TP230668","11","1905","0.0538","0.3078","G"
"4","Trait5","FASTmrMLM","PstI.TP230688","11","1906","3.1858e-05","0.007","A"
"4","Trait5","FASTmrMLM","PstI.TP231049","11","1907","8.4119e-05","0.0069","A"
"4","Trait5","FASTmrMLM","PstI.TP231090","11","1908","0.0528","0.4071","A"
"4","Trait5","FASTmrMLM","PstI.TP231364","11","1909","-2.6619e-05","0.005","A"
"4","Trait5","FASTmrMLM","PstI.TP231365","11","1910","-0.0535","0.4816","A"
"4","Trait5","FASTmrMLM","PstI.TP231550","11","1912","1.3392e-05","0.0029","G"
"4","Trait5","FASTmrMLM","PstI.TP231933","11","1913","-2e-04","0.0125","G"
"4","Trait5","FASTmrMLM","PstI.TP231999","11","1914","2.5e-06","5e-04","A"
"4","Trait5","FASTmrMLM","PstI.TP232042","11","1915","0.0136","0.1766","A"
"4","Trait5","FASTmrMLM","PstI.TP233017","11","1916","-2.6076e-05","0.0057","A"
"4","Trait5","FASTmrMLM","PstI.TP233034","11","1917","-0.0185","0.2402","A"
"4","Trait5","FASTmrMLM","PstI.TP233044","11","1918","1.6508e-05","0.0036","G"
"4","Trait5","FASTmrMLM","PstI.TP233770","11","1919","-1.7844e-05","0.0039","A"
"4","Trait5","FASTmrMLM","PstI.TP233991","11","1920","-4.9521e-06","0.0011","A"
"4","Trait5","FASTmrMLM","PstI.TP234053","11","1921","1.0358e-05","0.0023","A"
"4","Trait5","FASTmrMLM","PstI.TP234104","11","1922","1.6808e-05","0.0037","A"
"4","Trait5","FASTmrMLM","PstI.TP234214","11","1923","0.021","0.2085","C"
"4","Trait5","FASTmrMLM","PstI.TP234364","11","1924","0.0161","0.1646","A"
"4","Trait5","FASTmrMLM","PstI.TP234520","11","1925","-6.2901e-06","0.0014","A"
"4","Trait5","FASTmrMLM","PstI.TP234651","11","1926","-1.0983e-05","0.0024","A"
"4","Trait5","FASTmrMLM","PstI.TP234782","11","1927","-2.2943e-05","0.005","A"
"4","Trait5","FASTmrMLM","PstI.TP234825","11","1928","-0.0274","0.2751","A"
"4","Trait5","FASTmrMLM","PstI.TP234996","11","1929","4.9639e-06","0.0011","C"
"4","Trait5","FASTmrMLM","PstI.TP235160","11","1931","0.0322","0.3869","A"
"4","Trait5","FASTmrMLM","PstI.TP235636","11","1933","0.2171","2.5998","A"
"4","Trait5","FASTmrMLM","PstI.TP235874","11","1935","2.2904e-05","0.005","A"
"4","Trait5","FASTmrMLM","PstI.TP236137","11","1936","0.0731","0.3912","A"
"4","Trait5","FASTmrMLM","PstI.TP236166","11","1937","-1.7603e-05","0.0038","A"
"4","Trait5","FASTmrMLM","PstI.TP236537","11","1939","1.7055e-05","0.0037","C"
"4","Trait5","FASTmrMLM","PstI.TP236647","11","1940","6.6889e-06","0.0015","A"
"4","Trait5","FASTmrMLM","PstI.TP236684","11","1941","1.1127e-05","0.0024","A"
"4","Trait5","FASTmrMLM","PstI.TP237212","11","1942","4.2294e-06","9e-04","A"
"4","Trait5","FASTmrMLM","PstI.TP237244","11","1943","5.8822e-06","0.0013","C"
"4","Trait5","FASTmrMLM","PstI.TP237440","11","1946","2.7333e-05","0.006","A"
"4","Trait5","FASTmrMLM","PstI.TP237739","11","1948","0.1681","1.0371","A"
"4","Trait5","FASTmrMLM","PstI.TP237881","11","1949","-1.3558e-05","0.003","A"
"4","Trait5","FASTmrMLM","PstI.TP237971","11","1950","2.3032e-05","0.005","A"
"4","Trait5","FASTmrMLM","PstI.TP238110","11","1952","-0.0403","0.4998","A"
"4","Trait5","FASTmrMLM","PstI.TP238823","11","1954","-3.1717e-05","0.007","A"
"4","Trait5","FASTmrMLM","PstI.TP238859","11","1956","-0.0263","0.2934","A"
"4","Trait5","FASTmrMLM","PstI.TP239002","11","1957","-8.9405e-06","0.002","C"
"4","Trait5","FASTmrMLM","PstI.TP239033","11","1958","0.1625","0.5578","C"
"4","Trait5","FASTmrMLM","PstI.TP239042","11","1959","-1.4424e-05","0.0032","A"
"4","Trait5","FASTmrMLM","PstI.TP239598","11","1961","1.2512e-06","3e-04","C"
"4","Trait5","FASTmrMLM","PstI.TP239636","11","1962","0.1059","0.9453","A"
"4","Trait5","FASTmrMLM","PstI.TP239778","11","1963","-0.2492","1.6908","A"
"4","Trait5","FASTmrMLM","PstI.TP239791","11","1964","1.5077e-06","3e-04","A"
"4","Trait5","FASTmrMLM","PstI.TP240230","11","1966","9.6865e-06","0.0021","C"
"4","Trait5","FASTmrMLM","PstI.TP240322","11","1967","-1.274e-06","3e-04","A"
"4","Trait5","FASTmrMLM","PstI.TP240869","11","1968","1.4832e-05","0.0032","G"
"4","Trait5","FASTmrMLM","PstI.TP240889","11","1969","0.0987","0.5333","A"
"4","Trait5","FASTmrMLM","PstI.TP241340","11","1971","1.9343e-05","0.0042","C"
"4","Trait5","FASTmrMLM","PstI.TP241591","11","1972","-6.7586e-06","0.0015","C"
"4","Trait5","FASTmrMLM","PstI.TP241647","11","1973","8.4599e-06","0.0018","A"
"4","Trait5","FASTmrMLM","PstI.TP241720","11","1974","-9.8712e-06","0.0022","G"
"4","Trait5","FASTmrMLM","PstI.TP241855","11","1975","0.4549","2.0586","C"
"4","Trait5","FASTmrMLM","PstI.TP241902","11","1976","1.5652e-06","3e-04","A"
"4","Trait5","FASTmrMLM","PstI.TP241977","11","1977","0.1799","1.255","C"
"4","Trait5","FASTmrMLM","PstI.TP242268","11","1979","3.1042e-06","7e-04","A"
"4","Trait5","FASTmrMLM","PstI.TP242983","11","1983","-2.6213e-06","6e-04","C"
"4","Trait5","FASTmrMLM","PstI.TP243181","11","1984","1.2152e-05","0.0027","A"
"4","Trait5","FASTmrMLM","PstI.TP243246","11","1985","4.6932e-05","0.0072","C"
"4","Trait5","FASTmrMLM","PstI.TP243305","11","1987","8.1489e-06","0.0018","C"
"4","Trait5","FASTmrMLM","PstI.TP243379","11","1988","-0.0495","0.6068","A"
"4","Trait5","FASTmrMLM","PstI.TP244086","11","1990","7.1103e-06","0.0016","A"
"4","Trait5","FASTmrMLM","PstI.TP244109","11","1992","-4.527e-06","0.001","C"
"4","Trait5","FASTmrMLM","PstI.TP244133","11","1993","1.4651e-05","0.0032","C"
"4","Trait5","FASTmrMLM","PstI.TP244431","11","1994","0.208","1.7008","C"
"4","Trait5","FASTmrMLM","PstI.TP244578","11","1995","6.7098e-06","0.0015","A"
"4","Trait5","FASTmrMLM","PstI.TP244587","11","1996","-0.1562","1.0618","C"
"4","Trait5","FASTmrMLM","PstI.TP244901","11","1997","-1.9872e-05","0.0043","C"
"4","Trait5","FASTmrMLM","PstI.TP245124","11","1999","0.0475","0.4215","A"
"4","Trait5","FASTmrMLM","PstI.TP245148","11","2000","-1.5296e-05","0.0033","C"
"4","Trait5","FASTmrMLM","PstI.TP245202","11","2001","1.4647e-05","0.0032","C"
"4","Trait5","FASTmrMLM","PstI.TP245298","11","2003","2.299e-05","0.005","C"
"4","Trait5","FASTmrMLM","PstI.TP245979","11","2004","0.0975","0.329","A"
"4","Trait5","FASTmrMLM","PstI.TP245992","11","2005","1.8635e-05","0.0041","A"
"4","Trait5","FASTmrMLM","PstI.TP246072","11","2006","-2.9581e-06","6e-04","C"
"4","Trait5","FASTmrMLM","PstI.TP246413","11","2008","0.0464","0.551","A"
"4","Trait5","FASTmrMLM","PstI.TP246622","11","2009","1e-04","0.0086","A"
"4","Trait5","FASTmrMLM","PstI.TP247007","11","2011","0.1503","1.4441","C"
"4","Trait5","FASTmrMLM","PstI.TP247627","11","2014","0.0336","0.345","A"
"4","Trait5","FASTmrMLM","PstI.TP247926","11","2015","-0.0398","0.483","G"
"4","Trait5","FASTmrMLM","PstI.TP248071","11","2016","4.3174e-05","0.0095","C"
"4","Trait5","FASTmrMLM","PstI.TP248137","11","2017","0.037","0.3919","C"
"4","Trait5","FASTmrMLM","PstI.TP248625","11","2018","-7.0282e-06","0.0015","A"
"4","Trait5","FASTmrMLM","PstI.TP248791","11","2020","3.1111e-05","0.0068","A"
"4","Trait5","FASTmrMLM","PstI.TP248887","11","2021","1.0799e-05","0.0024","A"
"4","Trait5","FASTmrMLM","PstI.TP248973","11","2023","-1.3898e-05","0.003","G"
"4","Trait5","FASTmrMLM","PstI.TP249023","11","2024","5.816e-06","0.0013","A"
"4","Trait5","FASTmrMLM","PstI.TP249283","11","2025","-2.4466e-05","0.0054","C"
"4","Trait5","FASTmrMLM","PstI.TP249319","11","2026","7.6633e-06","0.0017","A"
"4","Trait5","FASTmrMLM","PstI.TP249357","11","2027","0.1315","1.5599","A"
"4","Trait5","FASTmrMLM","PstI.TP249591","11","2028","-0.0217","0.157","A"
"4","Trait5","FASTmrMLM","PstI.TP249756","11","2031","-1.0303e-05","0.0022","A"
"4","Trait5","FASTmrMLM","PstI.TP249835","11","2032","0.2051","1.4062","G"
"4","Trait5","FASTmrMLM","PstI.TP250138","11","2033","-0.2549","2.2666","G"
"4","Trait5","FASTmrMLM","PstI.TP250191","11","2035","-1.2006e-06","3e-04","G"
"4","Trait5","FASTmrMLM","PstI.TP250385","11","2036","-9.4316e-08","2.0525e-05","A"
"4","Trait5","FASTmrMLM","PstI.TP250830","11","2038","-8.4008e-07","2e-04","C"
"4","Trait5","FASTmrMLM","PstI.TP250849","11","2039","2.3749e-07","5.1685e-05","A"
"4","Trait5","FASTmrMLM","PstI.TP250949","11","2040","-0.1218","1.4526","C"
"4","Trait5","FASTmrMLM","PstI.TP251108","11","2041","1.3915e-05","0.003","A"
"4","Trait5","FASTmrMLM","PstI.TP251137","11","2043","4.4421e-06","0.001","C"
"4","Trait5","FASTmrMLM","PstI.TP251270","11","2044","2.8494e-05","0.0062","A"
"4","Trait5","FASTmrMLM","PstI.TP251365","11","2045","1.0817e-05","0.0024","A"
"4","Trait5","FASTmrMLM","PstI.TP251740","11","2046","-1.4347e-05","0.0031","C"
"4","Trait5","FASTmrMLM","PstI.TP251851","11","2047","2.2798e-05","0.005","A"
"4","Trait5","FASTmrMLM","PstI.TP251975","11","2049","0.1827","0.8662","C"
"4","Trait5","FASTmrMLM","PstI.TP251993","11","2050","-2.7209e-05","0.006","A"
"4","Trait5","FASTmrMLM","PstI.TP252500","11","2052","6.6853e-06","0.0015","C"
"4","Trait5","FASTmrMLM","PstI.TP252508","11","2053","-2.0329e-05","0.0044","A"
"4","Trait5","FASTmrMLM","PstI.TP252564","11","2054","1.7975e-06","4e-04","C"
"4","Trait5","FASTmrMLM","PstI.TP252584","11","2055","-0.0369","0.4554","A"
"4","Trait5","FASTmrMLM","PstI.TP252911","11","2058","-2.5503e-06","6e-04","A"
"4","Trait5","FASTmrMLM","PstI.TP253082","11","2059","-1.1111e-05","0.0024","C"
"4","Trait5","FASTmrMLM","PstI.TP253210","11","2060","2.699e-06","6e-04","G"
"4","Trait5","FASTmrMLM","PstI.TP253457","11","2062","0.1791","0.7294","A"
"4","Trait5","FASTmrMLM","PstI.TP253832","11","2065","-0.0084","0.1316","A"
"4","Trait5","FASTmrMLM","PstI.TP254032","11","2066","2.4888e-06","5e-04","A"
"4","Trait5","FASTmrMLM","PstI.TP254081","11","2067","1.4039e-05","0.0031","A"
"4","Trait5","FASTmrMLM","PstI.TP254128","11","2068","5.0517e-06","0.0011","C"
"4","Trait5","FASTmrMLM","PstI.TP254188","11","2069","-3.5902e-05","0.0079","A"
"4","Trait5","FASTmrMLM","PstI.TP254230","11","2070","-3.4793e-05","0.0076","A"
"4","Trait5","FASTmrMLM","PstI.TP254236","11","2071","-1.3163e-05","0.0029","A"
"4","Trait5","FASTmrMLM","PstI.TP254242","11","2072","6.8799e-06","0.0015","A"
"4","Trait5","FASTmrMLM","PstI.TP254443","11","2074","3.8995e-06","8e-04","C"
"4","Trait5","FASTmrMLM","PstI.TP254953","11","2076","0.0196","0.2589","G"
"4","Trait5","FASTmrMLM","PstI.TP255001","11","2077","1.7387e-05","0.0038","A"
"4","Trait5","FASTmrMLM","PstI.TP255296","11","2078","-0.1061","1.4942","A"
"4","Trait5","FASTmrMLM","PstI.TP255599","11","2079","-9.5829e-07","2e-04","C"
"4","Trait5","FASTmrMLM","PstI.TP255725","11","2080","4.0532e-05","0.0089","C"
"4","Trait5","FASTmrMLM","PstI.TP255778","11","2081","1.2639e-05","0.0028","A"
"4","Trait5","FASTmrMLM","PstI.TP255821","11","2083","-4.9553e-05","0.0109","G"
"4","Trait5","FASTmrMLM","PstI.TP255867","11","2084","3e-04","0.0155","C"
"4","Trait5","FASTmrMLM","PstI.TP255892","11","2085","-0.0818","0.6408","A"
"4","Trait5","FASTmrMLM","PstI.TP256007","11","2086","0.0888","0.565","A"
"4","Trait5","FASTmrMLM","PstI.TP256040","11","2087","-6.3196e-06","0.0014","A"
"4","Trait5","FASTmrMLM","PstI.TP256221","11","2088","0.0489","0.7434","A"
"4","Trait5","FASTmrMLM","PstI.TP256240","11","2089","-1.7911e-05","0.0039","C"
"4","Trait5","FASTmrMLM","PstI.TP256241","11","2090","-3.7966e-06","8e-04","A"
"4","Trait5","FASTmrMLM","PstI.TP256291","11","2091","-0.0556","0.6873","A"
"4","Trait5","FASTmrMLM","PstI.TP256342","11","2092","-0.0116","0.1824","A"
"4","Trait5","FASTmrMLM","PstI.TP256348","11","2093","0.0559","0.4416","C"
"4","Trait5","FASTmrMLM","PstI.TP256959","11","2095","-0.1424","0.9974","A"
"4","Trait5","FASTmrMLM","PstI.TP257290","11","2097","-0.0918","0.8302","C"
"4","Trait5","FASTmrMLM","PstI.TP257582","11","2099","7.396e-06","0.0016","A"
"4","Trait5","FASTmrMLM","PstI.TP257587","11","2100","-0.0552","0.5604","C"
"4","Trait5","FASTmrMLM","PstI.TP258249","11","2102","-1.9098e-05","0.0042","C"
"4","Trait5","FASTmrMLM","PstI.TP258307","11","2104","-2.5227e-06","5e-04","A"
"4","Trait5","FASTmrMLM","PstI.TP258711","11","2106","-0.0608","0.3809","G"
"4","Trait5","FASTmrMLM","PstI.TP258800","11","2107","-3.9102e-06","9e-04","A"
"4","Trait5","FASTmrMLM","PstI.TP258803","11","2108","-8.8436e-06","0.0019","A"
"4","Trait5","FASTmrMLM","PstI.TP258928","11","2109","-1.6116e-05","0.0035","A"
"4","Trait5","FASTmrMLM","PstI.TP259004","11","2110","8.3348e-06","0.0018","C"
"4","Trait5","FASTmrMLM","PstI.TP259507","11","2111","0.1074","1.4056","A"
"4","Trait5","FASTmrMLM","PstI.TP259628","11","2112","-0.0173","0.2817","A"
"4","Trait5","FASTmrMLM","PstI.TP260138","11","2113","1.605e-05","0.0035","C"
"4","Trait5","FASTmrMLM","PstI.TP260153","11","2114","-1.4644e-05","0.0032","C"
"4","Trait5","FASTmrMLM","PstI.TP260181","11","2115","-1.4009e-05","0.0031","C"
"4","Trait5","FASTmrMLM","PstI.TP260223","11","2116","-1.0527e-05","0.0023","A"
"4","Trait5","FASTmrMLM","PstI.TP260268","11","2117","-0.0563","0.2862","C"
"4","Trait5","FASTmrMLM","PstI.TP260295","11","2118","0.1126","0.9578","A"
"4","Trait5","FASTmrMLM","PstI.TP261431","11","2120","0.0752","0.5383","C"
"4","Trait5","FASTmrMLM","PstI.TP261581","11","2121","-2e-04","0.0145","G"
"4","Trait5","FASTmrMLM","PstI.TP262227","11","2123","-3e-04","0.0153","C"
"4","Trait5","FASTmrMLM","PstI.TP262343","11","2124","1e-04","0.0099","C"
"4","Trait5","FASTmrMLM","PstI.TP262487","11","2125","5.3332e-06","0.0012","A"
"4","Trait5","FASTmrMLM","PstI.TP262493","11","2126","1.1014e-05","0.0024","A"
"4","Trait5","FASTmrMLM","PstI.TP262611","11","2127","3.1376e-05","0.0069","C"
"4","Trait5","FASTmrMLM","PstI.TP262734","11","2128","0.0847","0.686","A"
"4","Trait5","FASTmrMLM","PstI.TP263036","11","2130","-1.9483e-05","0.0043","C"
"4","Trait5","FASTmrMLM","PstI.TP263096","11","2133","-3.7607e-05","0.0083","C"
"4","Trait5","FASTmrMLM","PstI.TP263163","11","2134","-0.1211","0.8216","C"
"4","Trait5","FASTmrMLM","PstI.TP263510","11","2135","-3.5518e-05","0.0078","A"
"4","Trait5","FASTmrMLM","PstI.TP263565","11","2137","-0.0354","0.4827","C"
"4","Trait5","FASTmrMLM","PstI.TP263755","11","2140","0.1062","0.6191","A"
"4","Trait5","FASTmrMLM","PstI.TP263822","11","2141","-1.4747e-05","0.0032","A"
"4","Trait5","FASTmrMLM","PstI.TP264152","11","2142","-1.9304e-05","0.0042","C"
"4","Trait5","FASTmrMLM","PstI.TP264306","11","2143","-0.0038","0.0594","A"
"4","Trait5","FASTmrMLM","PstI.TP264386","11","2144","-1.1891e-05","0.0026","C"
"4","Trait5","FASTmrMLM","PstI.TP264408","11","2145","6.9172e-06","0.0015","A"
"4","Trait5","FASTmrMLM","PstI.TP264488","11","2146","-1.1262e-05","0.0025","A"
"4","Trait5","FASTmrMLM","PstI.TP264507","11","2147","0.0701","0.5161","A"
"4","Trait5","FASTmrMLM","PstI.TP264946","11","2151","0.0502","0.2557","A"
"4","Trait5","FASTmrMLM","PstI.TP264949","11","2152","0.3181","2.0656","A"
"4","Trait5","FASTmrMLM","PstI.TP265163","11","2153","-1e-04","0.0107","C"
"4","Trait5","FASTmrMLM","PstI.TP265353","11","2155","1.3154e-06","3e-04","A"
"4","Trait5","FASTmrMLM","PstI.TP265446","11","2157","-0.085","0.9942","G"
"4","Trait5","FASTmrMLM","PstI.TP265603","11","2159","-8.3463e-07","2e-04","A"
"4","Trait5","FASTmrMLM","PstI.TP265718","11","2160","-1.7822e-06","4e-04","A"
"4","Trait5","FASTmrMLM","PstI.TP266388","11","2162","3.9108e-05","0.0086","C"
"4","Trait5","FASTmrMLM","PstI.TP266465","11","2163","3.7716e-05","0.0083","C"
"4","Trait5","FASTmrMLM","PstI.TP266556","11","2164","-0.0851","0.5473","C"
"4","Trait5","FASTmrMLM","PstI.TP266574","11","2165","-0.0413","0.4963","A"
"4","Trait5","FASTmrMLM","PstI.TP267263","11","2166","-3.455e-05","0.0076","C"
"4","Trait5","FASTmrMLM","PstI.TP267341","11","2168","-0.0318","0.215","A"
"4","Trait5","FASTmrMLM","PstI.TP267454","11","2169","-2.4323e-05","0.0053","A"
"4","Trait5","FASTmrMLM","PstI.TP267544","11","2170","-3.2079e-05","0.007","A"
"4","Trait5","FASTmrMLM","PstI.TP267743","11","2171","4.2362e-05","0.0093","A"
"4","Trait5","FASTmrMLM","PstI.TP267873","11","2174","0.1118","0.5315","C"
"4","Trait5","FASTmrMLM","PstI.TP268088","11","2176","1.3524e-06","3e-04","A"
"4","Trait5","FASTmrMLM","PstI.TP268129","11","2177","-2.7325e-06","6e-04","C"
"4","Trait5","FASTmrMLM","PstI.TP268577","11","2179","-0.0386","0.2693","C"
"4","Trait5","FASTmrMLM","PstI.TP268595","11","2180","0.1125","0.8024","C"
"4","Trait5","FASTmrMLM","PstI.TP268740","11","2181","4.5338e-05","0.01","A"
"4","Trait5","FASTmrMLM","PstI.TP268917","11","2182","-3.2989e-06","7e-04","C"
"4","Trait5","FASTmrMLM","PstI.TP269193","11","2184","-4.4533e-06","0.001","C"
"4","Trait5","FASTmrMLM","PstI.TP269338","11","2185","0.0669","0.5225","A"
"4","Trait5","FASTmrMLM","PstI.TP269382","11","2186","-1.1319e-05","0.0025","A"
"4","Trait5","FASTmrMLM","PstI.TP269498","11","2187","5.0929e-05","0.0057","A"
"4","Trait5","FASTmrMLM","PstI.TP269598","11","2189","1.3154e-05","0.0029","C"
"4","Trait5","FASTmrMLM","PstI.TP269611","11","2190","-0.053","0.4051","A"
"4","Trait5","FASTmrMLM","PstI.TP269815","11","2191","2.5161e-05","0.0055","A"
"4","Trait5","FASTmrMLM","PstI.TP269969","11","2194","9.7491e-06","0.0021","A"
"4","Trait5","FASTmrMLM","PstI.TP270099","11","2195","-0.0104","0.1553","A"
"4","Trait5","FASTmrMLM","PstI.TP270115","11","2196","5.3885e-06","0.0012","C"
"4","Trait5","FASTmrMLM","PstI.TP270250","11","2197","3.8376e-05","0.0068","C"
"4","Trait5","FASTmrMLM","PstI.TP270269","11","2198","-3.8104e-05","0.0084","C"
"4","Trait5","FASTmrMLM","PstI.TP270346","11","2200","8.5205e-06","0.0019","A"
"4","Trait5","FASTmrMLM","PstI.TP270445","11","2201","0.1363","0.7186","G"
"4","Trait5","FASTmrMLM","PstI.TP271140","11","2202","3.8728e-05","0.0085","A"
"4","Trait5","FASTmrMLM","PstI.TP271270","11","2205","5.9438e-06","0.0013","A"
"4","Trait5","FASTmrMLM","PstI.TP271407","11","2207","2.0457e-05","0.0045","A"
"4","Trait5","FASTmrMLM","PstI.TP271519","11","2208","-0.0333","0.438","G"
"4","Trait5","FASTmrMLM","PstI.TP271669","11","2209","-1.6507e-05","0.0036","A"
"4","Trait5","FASTmrMLM","PstI.TP272048","11","2210","-1.6416e-05","0.0036","C"
"4","Trait5","FASTmrMLM","PstI.TP272164","11","2212","2.9613e-05","0.0065","A"
"4","Trait5","FASTmrMLM","PstI.TP272439","11","2215","2.6628e-06","6e-04","C"
"4","Trait5","FASTmrMLM","PstI.TP272794","11","2217","-1.4589e-05","0.0032","A"
"4","Trait5","FASTmrMLM","PstI.TP273013","11","2218","-0.1915","2.2199","A"
"4","Trait5","FASTmrMLM","PstI.TP273285","11","2219","-6.0594e-06","0.0013","A"
"4","Trait5","FASTmrMLM","PstI.TP273316","11","2220","4.1741e-06","9e-04","C"
"4","Trait5","FASTmrMLM","PstI.TP273323","11","2221","1.1426e-05","0.0025","G"
"4","Trait5","FASTmrMLM","PstI.TP273441","11","2222","0.0459","0.5186","A"
"4","Trait5","FASTmrMLM","PstI.TP273522","11","2223","-1.1869e-05","0.0026","C"
"4","Trait5","FASTmrMLM","PstI.TP273563","11","2224","-6.4417e-06","0.0014","A"
"4","Trait5","FASTmrMLM","PstI.TP273969","11","2227","-0.0346","0.2336","C"
"4","Trait5","FASTmrMLM","PstI.TP274072","11","2228","1.3996e-05","0.0031","C"
"4","Trait5","FASTmrMLM","PstI.TP274427","11","2230","-0.0268","0.1801","C"
"4","Trait5","FASTmrMLM","PstI.TP274477","11","2231","-3.9164e-05","0.0086","A"
"4","Trait5","FASTmrMLM","PstI.TP274727","11","2235","-8.2353e-06","0.0018","A"
"4","Trait5","FASTmrMLM","PstI.TP275021","11","2236","-1.0699e-05","0.0023","G"
"4","Trait5","FASTmrMLM","PstI.TP275023","11","2237","-1.2517e-05","0.0027","C"
"4","Trait5","FASTmrMLM","PstI.TP275126","11","2238","1.7772e-05","0.0039","C"
"4","Trait5","FASTmrMLM","PstI.TP275205","11","2239","-1.8592e-06","4e-04","A"
"4","Trait5","FASTmrMLM","PstI.TP275425","11","2240","0.1633","1.0034","C"
"4","Trait5","FASTmrMLM","PstI.TP275926","11","2242","1.3833e-05","0.003","C"
"4","Trait5","FASTmrMLM","PstI.TP276130","11","2243","4.4345e-05","0.0098","C"
"4","Trait5","FASTmrMLM","PstI.TP276492","11","2244","0.016","0.126","C"
"4","Trait5","FASTmrMLM","PstI.TP276524","11","2245","2.4914e-05","0.0055","C"
"4","Trait5","FASTmrMLM","PstI.TP276732","11","2247","0.0711","0.3201","A"
"4","Trait5","FASTmrMLM","PstI.TP276796","11","2248","-9.1928e-06","0.002","A"
"4","Trait5","FASTmrMLM","PstI.TP276987","11","2249","-2.736e-05","0.006","C"
"4","Trait5","FASTmrMLM","PstI.TP278850","11","2250","-0.0787","0.5776","C"
"4","Trait5","FASTmrMLM","PstI.TP278956","11","2251","1.3859e-05","0.003","C"
"4","Trait5","FASTmrMLM","PstI.TP279107","11","2252","0.1491","0.7911","C"
"4","Trait5","FASTmrMLM","PstI.TP279179","11","2253","3.948e-05","0.0087","A"
"4","Trait5","FASTmrMLM","PstI.TP279884","11","2256","-5.3503e-06","0.0012","A"
"4","Trait5","FASTmrMLM","PstI.TP279993","11","2257","4.4568e-06","0.001","C"
"4","Trait5","FASTmrMLM","PstI.TP280351","11","2258","0.0676","0.4248","C"
"4","Trait5","FASTmrMLM","PstI.TP280352","11","2259","3.4857e-05","0.0077","C"
"4","Trait5","FASTmrMLM","PstI.TP280696","11","2260","2.0231e-05","0.0044","A"
"4","Trait5","FASTmrMLM","PstI.TP282525","11","2261","7.6764e-06","0.0017","C"
"4","Trait5","FASTmrMLM","PstI.TP282814","11","2263","0.0039","0.0562","A"
"4","Trait5","FASTmrMLM","PstI.TP283408","11","2264","-1.4378e-05","0.0031","A"
"4","Trait5","FASTmrMLM","PstI.TP283868","11","2265","-3.7835e-06","8e-04","A"
"4","Trait5","FASTmrMLM","PstI.TP283964","11","2266","0.2137","1.5629","C"
"4","Trait5","FASTmrMLM","PstI.TP284091","11","2267","-9.5987e-06","0.0021","C"
"4","Trait5","FASTmrMLM","PstI.TP284241","11","2268","1.5546e-05","0.0034","C"
"4","Trait5","FASTmrMLM","PstI.TP284281","11","2269","3.1184e-06","7e-04","A"
"4","Trait5","FASTmrMLM","PstI.TP285137","11","2271","9.9216e-06","0.0022","A"
"4","Trait5","FASTmrMLM","PstI.TP285776","11","2272","-7.2816e-06","0.0016","A"
"4","Trait5","FASTmrMLM","PstI.TP285954","11","2273","1.4935e-05","0.0033","A"
"4","Trait5","FASTmrMLM","PstI.TP286251","11","2274","2.1105e-05","0.0046","C"
"4","Trait5","FASTmrMLM","PstI.TP286296","11","2275","0.1631","0.8417","A"
"4","Trait5","FASTmrMLM","PstI.TP287009","11","2276","-1.2071e-05","0.0026","C"
"4","Trait5","FASTmrMLM","PstI.TP287185","11","2277","2.4e-05","0.0053","A"
"4","Trait5","FASTmrMLM","PstI.TP287411","11","2280","-4.6083e-05","0.0101","C"
"4","Trait5","FASTmrMLM","PstI.TP287532","11","2281","0.0492","0.3345","A"
"4","Trait5","FASTmrMLM","PstI.TP287729","11","2282","4.581e-06","0.001","A"
"4","Trait5","FASTmrMLM","PstI.TP287754","11","2283","2.5698e-05","0.0056","A"
"4","Trait5","FASTmrMLM","PstI.TP287825","11","2284","8.7777e-06","0.0019","A"
"4","Trait5","FASTmrMLM","PstI.TP287897","11","2285","0.0946","0.7734","G"
"4","Trait5","FASTmrMLM","PstI.TP287962","11","2286","2.9968e-05","0.0066","G"
"4","Trait5","FASTmrMLM","PstI.TP287973","11","2287","-1.06e-05","0.0023","A"
"4","Trait5","FASTmrMLM","PstI.TP288023","11","2288","4.1667e-06","9e-04","C"
"4","Trait5","FASTmrMLM","PstI.TP288092","11","2289","0.0561","0.4476","A"
"4","Trait5","FASTmrMLM","PstI.TP288176","11","2290","1.0177e-05","0.0022","A"
"4","Trait5","FASTmrMLM","PstI.TP288284","11","2291","-2.3468e-06","5e-04","A"
"4","Trait5","FASTmrMLM","PstI.TP288651","11","2292","5.7723e-06","0.0013","A"
"4","Trait5","FASTmrMLM","PstI.TP288701","11","2293","-2.7426e-07","5.9687e-05","C"
"4","Trait5","FASTmrMLM","PstI.TP288886","11","2295","-4.2577e-06","9e-04","A"
"4","Trait5","FASTmrMLM","PstI.TP289179","11","2296","2.9696e-06","6e-04","A"
"4","Trait5","FASTmrMLM","PstI.TP289250","11","2297","2.4474e-06","5e-04","G"
"4","Trait5","FASTmrMLM","PstI.TP289307","11","2298","-2.6495e-05","0.0058","A"
"4","Trait5","FASTmrMLM","PstI.TP289352","11","2299","-0.2424","2.2306","G"
"4","Trait5","FASTmrMLM","PstI.TP289449","11","2300","-3.0323e-05","0.0066","A"
"4","Trait5","FASTmrMLM","PstI.TP289682","11","2301","2.1971e-06","5e-04","C"
"4","Trait5","FASTmrMLM","PstI.TP289788","11","2302","1.7123e-05","0.0037","C"
"4","Trait5","FASTmrMLM","PstI.TP289825","11","2303","-1.3981e-05","0.0031","C"
"4","Trait5","FASTmrMLM","PstI.TP290439","11","2305","1.3088e-05","0.0029","C"
"4","Trait5","FASTmrMLM","PstI.TP290625","11","2306","0.0112","0.1569","C"
"4","Trait5","FASTmrMLM","PstI.TP290680","11","2307","1.7765e-05","0.0039","A"
"4","Trait5","FASTmrMLM","PstI.TP290890","11","2308","-1.1071e-05","0.0024","G"
"4","Trait5","FASTmrMLM","PstI.TP291418","11","2309","-0.024","0.2817","C"
"4","Trait5","FASTmrMLM","PstI.TP291634","11","2310","-1.9525e-05","0.0043","C"
"4","Trait5","FASTmrMLM","PstI.TP291675","11","2311","0.0122","0.1727","A"
"4","Trait5","FASTmrMLM","PstI.TP292029","11","2312","4.688e-06","0.001","A"
"4","Trait5","FASTmrMLM","PstI.TP292262","11","2313","2.9897e-05","0.0066","A"
"4","Trait5","FASTmrMLM","PstI.TP292291","11","2314","-6.9197e-06","0.0015","C"
"4","Trait5","FASTmrMLM","PstI.TP292313","11","2315","-2.9055e-05","0.0064","A"
"4","Trait5","FASTmrMLM","PstI.TP292353","11","2316","-0.0251","0.1967","A"
"4","Trait5","FASTmrMLM","PstI.TP292938","11","2320","-1.436e-05","0.0031","C"
"4","Trait5","FASTmrMLM","PstI.TP292939","11","2321","-8.367e-06","0.0018","C"
"4","Trait5","FASTmrMLM","PstI.TP292972","11","2322","7.9281e-06","0.0017","A"
"4","Trait5","FASTmrMLM","PstI.TP293016","11","2323","0.0678","0.4459","C"
"4","Trait5","FASTmrMLM","PstI.TP293124","11","2324","-3.2556e-05","0.0071","A"
"4","Trait5","FASTmrMLM","PstI.TP293376","11","2325","0.1874","1.7085","C"
"4","Trait5","FASTmrMLM","PstI.TP293442","11","2326","-0.037","0.4033","C"
"4","Trait5","FASTmrMLM","PstI.TP293680","11","2327","-9.1526e-06","0.002","A"
"4","Trait5","FASTmrMLM","PstI.TP293813","11","2329","-1.0177e-05","0.0022","A"
"4","Trait5","FASTmrMLM","PstI.TP293826","11","2330","7.414e-06","0.0016","C"
"4","Trait5","FASTmrMLM","PstI.TP293832","11","2331","0.0029","0.0475","G"
"4","Trait5","FASTmrMLM","PstI.TP294071","11","2334","-1.0652e-05","0.0023","A"
"4","Trait5","FASTmrMLM","PstI.TP294151","11","2335","5.6281e-06","0.0012","C"
"4","Trait5","FASTmrMLM","PstI.TP294168","11","2336","0.1717","0.6843","C"
"4","Trait5","FASTmrMLM","PstI.TP294236","11","2338","-8.7032e-06","0.0019","A"
"4","Trait5","FASTmrMLM","PstI.TP294320","11","2339","8.6312e-06","0.0019","A"
"4","Trait5","FASTmrMLM","PstI.TP297307","11","2346","-5.607e-06","0.0012","C"
"4","Trait5","FASTmrMLM","PstI.TP297698","11","2348","7.487e-06","0.0016","C"
"4","Trait5","FASTmrMLM","PstI.TP297702","11","2349","-6.0334e-06","0.0013","A"
"4","Trait5","FASTmrMLM","PstI.TP297771","11","2350","-1.702e-05","0.0037","C"
"4","Trait5","FASTmrMLM","PstI.TP297855","11","2351","-5.2503e-06","0.0011","A"
"4","Trait5","FASTmrMLM","PstI.TP297884","11","2352","1.207e-05","0.0026","A"
"4","Trait5","FASTmrMLM","PstI.TP298231","11","2353","-3.5076e-05","0.0077","A"
"4","Trait5","FASTmrMLM","PstI.TP298340","11","2355","1.6153e-06","4e-04","A"
"4","Trait5","FASTmrMLM","PstI.TP298620","11","2356","-1.5381e-05","0.0034","A"
"4","Trait5","FASTmrMLM","PstI.TP298835","11","2358","-1.5745e-05","0.0034","A"
"4","Trait5","FASTmrMLM","PstI.TP299137","11","2359","3.4546e-06","8e-04","G"
"4","Trait5","FASTmrMLM","PstI.TP299464","11","2362","-0.1401","0.8384","A"
"4","Trait5","FASTmrMLM","PstI.TP299595","11","2363","0.0363","0.3071","G"
"4","Trait5","FASTmrMLM","PstI.TP299602","11","2364","-2.3466e-05","0.0051","A"
"4","Trait5","FASTmrMLM","PstI.TP299614","11","2366","1.01e-05","0.0022","A"
"4","Trait5","FASTmrMLM","PstI.TP299731","11","2368","-1.9113e-05","0.0042","C"
"4","Trait5","FASTmrMLM","PstI.TP300300","11","2369","1.3213e-05","0.0029","A"
"4","Trait5","FASTmrMLM","PstI.TP300340","11","2370","-0.2032","0.9056","A"
"4","Trait5","FASTmrMLM","PstI.TP300667","11","2371","-0.006","0.1181","G"
"4","Trait5","FASTmrMLM","PstI.TP300823","11","2372","1.1107e-05","0.0024","A"
"4","Trait5","FASTmrMLM","PstI.TP300995","11","2373","-2.5017e-05","0.0055","C"
"4","Trait5","FASTmrMLM","PstI.TP301119","11","2374","-1.595e-05","0.0035","A"
"4","Trait5","FASTmrMLM","PstI.TP301179","11","2375","4.6206e-06","0.001","A"
"4","Trait5","FASTmrMLM","PstI.TP301181","11","2376","-2.06e-05","0.0045","C"
"4","Trait5","FASTmrMLM","PstI.TP301183","11","2377","-0.0286","0.1969","C"
"4","Trait5","FASTmrMLM","PstI.TP301300","11","2378","5.6161e-06","0.0012","C"
"4","Trait5","FASTmrMLM","PstI.TP301432","11","2382","0.0344","0.3298","C"
"4","Trait5","FASTmrMLM","PstI.TP301480","11","2383","-0.1099","0.7926","A"
"4","Trait5","FASTmrMLM","PstI.TP301527","11","2384","-1.6924e-06","4e-04","A"
"4","Trait5","FASTmrMLM","PstI.TP301708","11","2386","7.9401e-07","2e-04","A"
"4","Trait5","FASTmrMLM","PstI.TP302137","11","2387","-3.0758e-06","7e-04","A"
"4","Trait5","FASTmrMLM","PstI.TP302202","11","2388","0.1227","0.5436","C"
"4","Trait5","FASTmrMLM","PstI.TP302415","11","2390","-1.6129e-05","0.0035","A"
"4","Trait5","FASTmrMLM","PstI.TP302470","11","2391","3.1414e-05","0.0069","G"
"4","Trait5","FASTmrMLM","PstI.TP302909","11","2392","-2.1275e-06","5e-04","C"
"4","Trait5","FASTmrMLM","PstI.TP303120","11","2393","-0.1295","0.5999","C"
"4","Trait5","FASTmrMLM","PstI.TP303171","11","2394","2.836e-05","0.0062","A"
"4","Trait5","FASTmrMLM","PstI.TP303241","11","2395","-0.1018","0.7021","A"
"4","Trait5","FASTmrMLM","PstI.TP303248","11","2396","-0.0716","0.554","C"
"4","Trait5","FASTmrMLM","PstI.TP303339","11","2397","-0.0675","0.6816","G"
"4","Trait5","FASTmrMLM","PstI.TP303355","11","2398","-2.1234e-05","0.0046","A"
"4","Trait5","FASTmrMLM","PstI.TP303396","11","2399","-0.0674","0.433","A"
"4","Trait5","FASTmrMLM","PstI.TP303412","11","2400","2.7011e-07","5.879e-05","A"
"4","Trait5","FASTmrMLM","PstI.TP303420","11","2401","5.8897e-06","0.0013","A"
"4","Trait5","FASTmrMLM","PstI.TP303586","11","2402","-1.4318e-06","3e-04","C"
"4","Trait5","FASTmrMLM","PstI.TP303869","11","2403","-0.068","0.4063","A"
"4","Trait5","FASTmrMLM","PstI.TP303875","11","2404","0.1448","0.828","A"
"4","Trait5","FASTmrMLM","PstI.TP303950","11","2405","1.3143e-05","0.0029","A"
"4","Trait5","FASTmrMLM","PstI.TP304170","11","2406","3.5476e-05","0.0078","A"
"4","Trait5","FASTmrMLM","PstI.TP304387","11","2407","0.1051","0.7278","C"
"4","Trait5","FASTmrMLM","PstI.TP304449","11","2408","-2.0389e-05","0.0045","A"
"4","Trait5","FASTmrMLM","PstI.TP304578","11","2409","-1.365e-05","0.003","C"
"4","Trait5","FASTmrMLM","PstI.TP304690","11","2410","-1.1151e-05","0.0024","A"
"4","Trait5","FASTmrMLM","PstI.TP304758","11","2411","7.9927e-06","0.0017","A"
"4","Trait5","FASTmrMLM","PstI.TP304955","11","2412","-1.6314e-05","0.0036","A"
"4","Trait5","FASTmrMLM","PstI.TP304960","11","2413","2.1419e-05","0.0047","A"
"4","Trait5","FASTmrMLM","PstI.TP305103","11","2415","-1.7325e-05","0.0038","C"
"4","Trait5","FASTmrMLM","PstI.TP305125","11","2416","0.0218","0.2674","A"
"4","Trait5","FASTmrMLM","PstI.TP306148","11","2420","2.1275e-05","0.0047","C"
"4","Trait5","FASTmrMLM","PstI.TP306344","11","2423","-0.1397","1.2576","A"
"4","Trait5","FASTmrMLM","PstI.TP306425","11","2424","-1.9746e-05","0.0043","A"
"4","Trait5","FASTmrMLM","PstI.TP306442","11","2425","0.0505","0.5127","A"
"4","Trait5","FASTmrMLM","PstI.TP306456","11","2426","-4.9786e-06","0.0011","A"
"4","Trait5","FASTmrMLM","PstI.TP306510","11","2427","0.04","0.3939","C"
"4","Trait5","FASTmrMLM","PstI.TP306579","11","2428","-1.8741e-06","4e-04","A"
"4","Trait5","FASTmrMLM","PstI.TP306806","11","2430","2.7481e-05","0.006","A"
"4","Trait5","FASTmrMLM","PstI.TP306928","11","2431","-2.2536e-05","0.0049","C"
"4","Trait5","FASTmrMLM","PstI.TP307668","11","2432","0.0337","0.2644","G"
"4","Trait5","FASTmrMLM","PstI.TP307921","11","2435","0.0764","0.6784","C"
"4","Trait5","FASTmrMLM","PstI.TP307991","11","2436","-1.1478e-05","0.0025","A"
"4","Trait5","FASTmrMLM","PstI.TP308002","11","2437","-0.2111","1.3112","A"
"4","Trait5","FASTmrMLM","PstI.TP308202","11","2440","8.7481e-06","0.0019","C"
"4","Trait5","FASTmrMLM","PstI.TP308309","11","2441","2.8251e-06","6e-04","C"
"4","Trait5","FASTmrMLM","PstI.TP308557","11","2443","0.0677","0.4179","A"
"4","Trait5","FASTmrMLM","PstI.TP308563","11","2444","0.2095","1.8687","C"
"4","Trait5","FASTmrMLM","PstI.TP308617","11","2445","0.0409","0.4995","A"
"4","Trait5","FASTmrMLM","PstI.TP308822","11","2446","1.9835e-05","0.0043","A"
"4","Trait5","FASTmrMLM","PstI.TP308853","11","2447","5.4713e-06","0.0012","G"
"4","Trait5","FASTmrMLM","PstI.TP308962","11","2448","-1.3146e-05","0.0029","C"
"4","Trait5","FASTmrMLM","PstI.TP308974","11","2449","1.5331e-05","0.0033","A"
"4","Trait5","FASTmrMLM","PstI.TP309015","11","2450","-3.211e-05","0.007","A"
"4","Trait5","FASTmrMLM","PstI.TP309197","11","2451","5.4955e-06","0.0012","A"
"4","Trait5","FASTmrMLM","PstI.TP310033","11","2454","-0.0218","0.1999","A"
"4","Trait5","FASTmrMLM","PstI.TP310118","11","2455","-1.5769e-05","0.0034","A"
"4","Trait5","FASTmrMLM","PstI.TP310149","11","2456","0.0679","0.5943","C"
"4","Trait5","FASTmrMLM","PstI.TP310156","11","2457","-4.2459e-06","9e-04","A"
"4","Trait5","FASTmrMLM","PstI.TP310303","11","2458","-1.2412e-05","0.0027","A"
"4","Trait5","FASTmrMLM","PstI.TP310319","11","2459","7.9294e-06","0.0017","C"
"4","Trait5","FASTmrMLM","PstI.TP310451","11","2460","-3.1755e-06","7e-04","A"
"4","Trait5","FASTmrMLM","PstI.TP310503","11","2461","-2.0361e-05","0.0045","A"
"4","Trait5","FASTmrMLM","PstI.TP310513","11","2462","-0.0758","0.5897","G"
"4","Trait5","FASTmrMLM","PstI.TP310539","11","2463","-0.0424","0.4023","A"
"4","Trait5","FASTmrMLM","PstI.TP310596","11","2464","-0.1952","0.805","A"
"4","Trait5","FASTmrMLM","PstI.TP310597","11","2465","-2.6978e-06","6e-04","A"
"4","Trait5","FASTmrMLM","PstI.TP310634","11","2466","-2.9627e-05","0.0065","A"
"4","Trait5","FASTmrMLM","PstI.TP310731","11","2467","-1.1079e-05","0.0024","A"
"4","Trait5","FASTmrMLM","PstI.TP310838","11","2468","-1.1934e-05","0.0026","C"
"4","Trait5","FASTmrMLM","PstI.TP311802","11","2471","-0.1045","0.9861","A"
"4","Trait5","FASTmrMLM","PstI.TP312094","11","2472","0.0223","0.2436","G"
"4","Trait5","FASTmrMLM","PstI.TP312970","11","2475","-0.0633","0.562","C"
"4","Trait5","FASTmrMLM","PstI.TP312980","11","2476","1.9761e-05","0.0043","A"
"4","Trait5","FASTmrMLM","PstI.TP313085","11","2478","-0.2242","0.8752","C"
"4","Trait5","FASTmrMLM","PstI.TP313213","11","2479","9.5055e-06","0.0021","A"
"4","Trait5","FASTmrMLM","PstI.TP313628","11","2480","0.0314","0.3869","C"
"4","Trait5","FASTmrMLM","PstI.TP314040","11","2481","-0.1334","0.4715","A"
"4","Trait5","FASTmrMLM","PstI.TP314157","11","2482","2.5721e-06","6e-04","C"
"4","Trait5","FASTmrMLM","PstI.TP314188","11","2483","-5.5283e-06","0.0012","C"
"4","Trait5","FASTmrMLM","PstI.TP314213","11","2484","9.4962e-07","2e-04","A"
"4","Trait5","FASTmrMLM","PstI.TP314354","11","2485","0.0088","0.1409","A"
"4","Trait5","FASTmrMLM","PstI.TP314431","11","2486","3.3566e-06","7e-04","G"
"4","Trait5","FASTmrMLM","PstI.TP314454","11","2487","0.0682","0.6501","A"
"4","Trait5","FASTmrMLM","PstI.TP314578","11","2488","0.1689","0.7718","A"
"4","Trait5","FASTmrMLM","PstI.TP314846","11","2489","1.9241e-05","0.0042","A"
"4","Trait5","FASTmrMLM","PstI.TP315152","11","2490","1.3092e-05","0.0029","G"
"4","Trait5","FASTmrMLM","PstI.TP315223","11","2491","-6.5101e-06","0.0014","C"
"4","Trait5","FASTmrMLM","PstI.TP315270","11","2492","-3.2585e-05","0.0072","C"
"4","Trait5","FASTmrMLM","PstI.TP315350","11","2493","9.2742e-06","0.002","C"
"4","Trait5","FASTmrMLM","PstI.TP315364","11","2494","5.9422e-06","0.0013","C"
"4","Trait5","FASTmrMLM","PstI.TP315674","11","2495","-3.2418e-05","0.0071","C"
"4","Trait5","FASTmrMLM","PstI.TP315679","11","2496","1.0426e-05","0.0023","A"
"4","Trait5","FASTmrMLM","PstI.TP315802","11","2497","-5.7719e-06","0.0013","G"
"4","Trait5","FASTmrMLM","PstI.TP315827","11","2498","1e-04","0.0081","C"
"4","Trait5","FASTmrMLM","PstI.TP316237","11","2499","-2.0723e-05","0.0045","A"
"4","Trait5","FASTmrMLM","PstI.TP316243","11","2500","-2.3008e-05","0.005","A"
"4","Trait5","FASTmrMLM","PstI.TP316318","11","2501","-3.4224e-05","0.0075","A"
"4","Trait5","FASTmrMLM","PstI.TP316368","11","2502","3.2261e-05","0.0071","G"
"4","Trait5","FASTmrMLM","PstI.TP316438","11","2503","-5.9824e-06","0.0013","A"
"4","Trait5","FASTmrMLM","PstI.TP316449","11","2504","2.2101e-05","0.0048","C"
"4","Trait5","FASTmrMLM","PstI.TP316488","11","2505","4.8921e-06","0.0011","C"
"4","Trait5","FASTmrMLM","PstI.TP316504","11","2506","8.2012e-06","0.0018","A"
"4","Trait5","FASTmrMLM","PstI.TP316592","11","2507","0.1318","0.7557","A"
"4","Trait5","FASTmrMLM","PstI.TP316640","11","2508","1.7031e-05","0.0037","C"
"4","Trait5","FASTmrMLM","PstI.TP316731","11","2510","-0.0507","0.4253","C"
"4","Trait5","FASTmrMLM","PstI.TP317610","11","2514","2.3551e-05","0.0052","G"
"4","Trait5","FASTmrMLM","PstI.TP318033","11","2515","-0.1396","0.6353","A"
"4","Trait5","FASTmrMLM","PstI.TP318276","11","2517","-0.1093","0.9888","A"
"4","Trait5","FASTmrMLM","PstI.TP318306","11","2518","-2.7462e-05","0.006","C"
"4","Trait5","FASTmrMLM","PstI.TP318374","11","2519","0.0287","0.3106","A"
"4","Trait5","FASTmrMLM","PstI.TP318526","11","2522","2.0764e-05","0.0045","G"
"4","Trait5","FASTmrMLM","PstI.TP318749","11","2524","-1.7217e-05","0.0038","C"
"4","Trait5","FASTmrMLM","PstI.TP319062","11","2525","2.6454e-05","0.0058","C"
"4","Trait5","FASTmrMLM","PstI.TP319263","11","2526","-6.025e-06","0.0013","A"
"4","Trait5","FASTmrMLM","PstI.TP319324","11","2527","-0.1513","0.951","A"
"4","Trait5","FASTmrMLM","PstI.TP319579","11","2529","-3.531e-06","8e-04","A"
"4","Trait5","FASTmrMLM","PstI.TP319690","11","2530","-1.8723e-05","0.0041","A"
"4","Trait5","FASTmrMLM","PstI.TP319776","11","2531","-2.2795e-06","5e-04","C"
"4","Trait5","FASTmrMLM","PstI.TP319778","11","2532","5.0331e-07","1e-04","C"
"4","Trait5","FASTmrMLM","PstI.TP319792","11","2533","-1.8403e-05","0.004","G"
"4","Trait5","FASTmrMLM","PstI.TP319826","11","2534","0.0258","0.31","C"
"4","Trait5","FASTmrMLM","PstI.TP320216","11","2535","-0.046","0.3266","A"
"4","Trait5","FASTmrMLM","PstI.TP320220","11","2536","5.0061e-06","0.0011","C"
"4","Trait5","FASTmrMLM","PstI.TP320230","11","2537","0.1567","1.0351","A"
"4","Trait5","FASTmrMLM","PstI.TP320351","11","2538","8.9721e-06","0.002","G"
"4","Trait5","FASTmrMLM","PstI.TP320495","11","2539","-2.3128e-05","0.0051","A"
"4","Trait5","FASTmrMLM","PstI.TP320532","11","2540","9.6007e-06","0.0021","G"
"4","Trait5","FASTmrMLM","PstI.TP320947","11","2541","-0.0371","0.417","C"
"4","Trait5","FASTmrMLM","PstI.TP320970","11","2542","9.4679e-06","0.0021","A"
"4","Trait5","FASTmrMLM","PstI.TP321156","11","2544","-8.2638e-06","0.0018","C"
"4","Trait5","FASTmrMLM","PstI.TP321158","11","2545","-2.64e-05","0.0058","G"
"4","Trait5","FASTmrMLM","PstI.TP321406","11","2547","-6.3347e-06","0.0014","C"
"4","Trait5","FASTmrMLM","PstI.TP321591","11","2548","4.7343e-06","0.001","A"
"4","Trait5","FASTmrMLM","PstI.TP321657","11","2549","-1.9889e-06","4e-04","A"
"4","Trait5","FASTmrMLM","PstI.TP321745","11","2550","0.1158","1.3513","C"
"4","Trait5","FASTmrMLM","PstI.TP321804","11","2551","0.1594","1.0821","C"
"4","Trait5","FASTmrMLM","PstI.TP322607","11","2552","0.0828","0.3545","A"
"4","Trait5","FASTmrMLM","PstI.TP322652","11","2553","-2.0368e-05","0.0045","C"
"4","Trait5","FASTmrMLM","PstI.TP322847","11","2554","1.0748e-05","0.0023","A"
"4","Trait5","FASTmrMLM","PstI.TP322951","11","2556","0.0768","0.3246","A"
"4","Trait5","FASTmrMLM","PstI.TP323001","11","2558","-4.1218e-07","8.9737e-05","C"
"4","Trait5","FASTmrMLM","PstI.TP323149","11","2559","0.0222","0.2529","A"
"4","Trait5","FASTmrMLM","PstI.TP323188","11","2560","-7.341e-06","0.0016","A"
"4","Trait5","FASTmrMLM","PstI.TP323198","11","2561","-0.0159","0.2199","C"
"4","Trait5","FASTmrMLM","PstI.TP323240","11","2562","4.4889e-05","0.0072","C"
"4","Trait5","FASTmrMLM","PstI.TP323256","11","2563","1.2095e-06","3e-04","A"
"4","Trait5","FASTmrMLM","PstI.TP323391","11","2564","-8.6017e-06","0.0019","G"
"4","Trait5","FASTmrMLM","PstI.TP323449","11","2565","-0.0326","0.2768","A"
"4","Trait5","FASTmrMLM","PstI.TP323642","11","2566","-0.1795","1.0304","C"
"4","Trait5","FASTmrMLM","PstI.TP323843","11","2568","1.6619e-05","0.0036","C"
"4","Trait5","FASTmrMLM","PstI.TP323980","11","2569","0.0569","0.7477","A"
"4","Trait5","FASTmrMLM","PstI.TP324057","11","2570","-6.5373e-06","0.0014","A"
"4","Trait5","FASTmrMLM","PstI.TP324397","11","2571","-3.2329e-05","0.0071","A"
"4","Trait5","FASTmrMLM","PstI.TP324715","11","2573","-0.05","0.3851","A"
"4","Trait5","FASTmrMLM","PstI.TP324749","11","2574","0.2651","1.1345","G"
"4","Trait5","FASTmrMLM","PstI.TP324767","11","2575","0.072","0.6159","A"
"4","Trait5","FASTmrMLM","PstI.TP324899","11","2577","-2.4859e-05","0.0054","C"
"4","Trait5","FASTmrMLM","PstI.TP325000","11","2578","1.1889e-05","0.0026","C"
"4","Trait5","FASTmrMLM","PstI.TP325104","11","2580","-2.1491e-05","0.0047","A"
"4","Trait5","FASTmrMLM","PstI.TP325126","11","2581","-4.9292e-06","0.0011","C"
"4","Trait5","FASTmrMLM","PstI.TP325158","11","2582","2.4615e-05","0.0054","C"
"4","Trait5","FASTmrMLM","PstI.TP325938","11","2583","-0.0762","0.5701","A"
"4","Trait5","FASTmrMLM","PstI.TP326030","11","2584","0.0187","0.1771","A"
"4","Trait5","FASTmrMLM","PstI.TP326515","11","2587","1.1421e-05","0.0025","A"
"4","Trait5","FASTmrMLM","PstI.TP326537","11","2588","-0.1132","0.7179","C"
"4","Trait5","FASTmrMLM","PstI.TP326546","11","2589","-1.4424e-05","0.0032","C"
"4","Trait5","FASTmrMLM","PstI.TP326645","11","2590","-3.4134e-06","7e-04","C"
"4","Trait5","FASTmrMLM","PstI.TP326969","11","2591","2e-04","0.0147","A"
"4","Trait5","FASTmrMLM","PstI.TP327099","11","2593","4.3931e-06","0.001","C"
"4","Trait5","FASTmrMLM","PstI.TP327376","11","2595","-1.268e-05","0.0028","C"
"4","Trait5","FASTmrMLM","PstI.TP327439","11","2596","0.1093","0.9128","C"
"4","Trait5","FASTmrMLM","PstI.TP327748","11","2597","0.051","0.4676","A"
"4","Trait5","FASTmrMLM","PstI.TP327921","11","2598","5.5813e-06","0.0012","C"
"4","Trait5","FASTmrMLM","PstI.TP328246","11","2599","1e-04","0.0096","C"
"4","Trait5","FASTmrMLM","PstI.TP328259","11","2600","-5.264e-06","0.0011","C"
"4","Trait5","FASTmrMLM","PstI.TP328277","11","2601","-1.6437e-05","0.0036","G"
"4","Trait5","FASTmrMLM","PstI.TP328749","11","2602","-8.9433e-06","0.002","A"
"4","Trait5","FASTmrMLM","PstI.TP328765","11","2603","-0.1474","2.0538","A"
"4","Trait5","FASTmrMLM","PstI.TP329215","11","2604","-1.7684e-05","0.0039","A"
"4","Trait5","FASTmrMLM","PstI.TP329239","11","2605","1.0675e-06","2e-04","A"
"4","Trait5","FASTmrMLM","PstI.TP329282","11","2606","1.6263e-05","0.0036","A"
"4","Trait5","FASTmrMLM","PstI.TP329312","11","2607","-0.076","0.5267","A"
"4","Trait5","FASTmrMLM","PstI.TP329411","11","2608","1.3876e-05","0.003","G"
"4","Trait5","FASTmrMLM","PstI.TP329692","11","2611","-1.2694e-05","0.0028","C"
"4","Trait5","FASTmrMLM","PstI.TP329699","11","2612","-1.1902e-06","3e-04","C"
"4","Trait5","FASTmrMLM","PstI.TP329726","11","2613","3.5854e-05","0.0079","G"
"4","Trait5","FASTmrMLM","PstI.TP330180","11","2614","3.331e-05","0.0073","A"
"4","Trait5","FASTmrMLM","PstI.TP330461","11","2615","1.075e-05","0.0023","G"
"4","Trait5","FASTmrMLM","PstI.TP330756","11","2616","4.0589e-06","9e-04","A"
"4","Trait5","FASTmrMLM","PstI.TP330897","11","2617","0.0941","0.6547","C"
"4","Trait5","FASTmrMLM","PstI.TP331009","11","2618","6.166e-06","0.0013","C"
"4","Trait5","FASTmrMLM","PstI.TP331390","11","2619","-0.0149","0.1739","A"
"4","Trait5","FASTmrMLM","PstI.TP331989","11","2620","0.0974","1.009","A"
"4","Trait5","FASTmrMLM","PstI.TP332006","11","2621","-2.6351e-05","0.0058","C"
"4","Trait5","FASTmrMLM","PstI.TP332281","11","2622","3e-04","0.015","A"
"4","Trait5","FASTmrMLM","PstI.TP332492","11","2623","-4.7698e-06","0.001","C"
"4","Trait5","FASTmrMLM","PstI.TP332672","11","2624","-3.1284e-06","7e-04","A"
"4","Trait5","FASTmrMLM","PstI.TP332716","11","2625","-1.2927e-05","0.0028","C"
"4","Trait5","FASTmrMLM","PstI.TP332896","11","2626","1.5292e-06","3e-04","A"
"4","Trait5","FASTmrMLM","PstI.TP333031","11","2627","-0.0147","0.1956","C"
"4","Trait5","FASTmrMLM","PstI.TP333033","11","2628","2.738e-05","0.006","C"
"4","Trait5","FASTmrMLM","PstI.TP333071","11","2629","-5.9177e-06","0.0013","A"
"4","Trait5","FASTmrMLM","PstI.TP333165","11","2630","3.0914e-05","0.0068","A"
"4","Trait5","FASTmrMLM","PstI.TP333190","11","2631","-0.0718","0.5905","C"
"4","Trait5","FASTmrMLM","PstI.TP333228","11","2632","-1.7192e-06","4e-04","A"
"4","Trait5","FASTmrMLM","PstI.TP333310","11","2633","4.4285e-06","0.001","A"
"4","Trait5","FASTmrMLM","PstI.TP333616","11","2634","-0.0112","0.1915","C"
"4","Trait5","FASTmrMLM","PstI.TP333726","11","2635","6.6259e-06","0.0014","A"
"4","Trait5","FASTmrMLM","PstI.TP333768","11","2636","-2.1237e-05","0.0046","C"
"4","Trait5","FASTmrMLM","PstI.TP333778","11","2637","-0.1818","0.9714","A"
"4","Trait5","FASTmrMLM","PstI.TP333880","11","2639","1.4692e-05","0.0032","A"
"4","Trait5","FASTmrMLM","PstI.TP333883","11","2640","0.1299","0.8313","C"
"4","Trait5","FASTmrMLM","PstI.TP334138","11","2642","-4.0456e-06","9e-04","A"
"4","Trait5","FASTmrMLM","PstI.TP334261","11","2643","9.4521e-06","0.0021","A"
"4","Trait5","FASTmrMLM","PstI.TP334601","11","2644","-1.8093e-05","0.004","A"
"4","Trait5","FASTmrMLM","PstI.TP334769","11","2645","8.2863e-05","0.0097","C"
"4","Trait5","FASTmrMLM","PstI.TP334880","11","2646","1.0303e-05","0.0022","C"
"4","Trait5","FASTmrMLM","PstI.TP334940","11","2647","-3.8607e-06","8e-04","A"
"4","Trait5","FASTmrMLM","PstI.TP335155","11","2648","1.6652e-05","0.0036","A"
"4","Trait5","FASTmrMLM","PstI.TP335586","11","2649","3.477e-05","0.0076","A"
"4","Trait5","FASTmrMLM","PstI.TP335876","11","2650","-5.7246e-07","1e-04","A"
"4","Trait5","FASTmrMLM","PstI.TP336323","11","2653","-0.2223","1.7715","A"
"4","Trait5","FASTmrMLM","PstI.TP336398","11","2654","3.0527e-05","0.0067","C"
"4","Trait5","FASTmrMLM","PstI.TP336765","11","2655","1.4547e-05","0.0032","A"
"4","Trait5","FASTmrMLM","PstI.TP337383","11","2657","2.4209e-05","0.0053","A"
"4","Trait5","FASTmrMLM","PstI.TP337608","11","2658","-0.0256","0.2284","A"
"4","Trait5","FASTmrMLM","PstI.TP337631","11","2659","3.4952e-05","0.0077","A"
"4","Trait5","FASTmrMLM","PstI.TP337973","11","2662","7.0646e-06","0.0015","C"
"4","Trait5","FASTmrMLM","PstI.TP338192","11","2664","1.7322e-05","0.0038","C"
"4","Trait5","FASTmrMLM","PstI.TP338352","11","2665","-0.0255","0.3205","G"
"4","Trait5","FASTmrMLM","PstI.TP338365","11","2666","-0.0447","0.4599","C"
"4","Trait5","FASTmrMLM","PstI.TP338402","11","2667","1.4649e-05","0.0032","A"
"4","Trait5","FASTmrMLM","PstI.TP338468","11","2668","1.2622e-05","0.0028","A"
"4","Trait5","FASTmrMLM","PstI.TP338556","11","2669","2.4347e-05","0.0053","A"
"4","Trait5","FASTmrMLM","PstI.TP338693","11","2670","-2.0323e-05","0.0044","C"
"4","Trait5","FASTmrMLM","PstI.TP338711","11","2671","4.8336e-06","0.0011","C"
"4","Trait5","FASTmrMLM","PstI.TP338959","11","2672","1.2783e-05","0.0028","C"
"4","Trait5","FASTmrMLM","PstI.TP339006","11","2674","5.0837e-06","0.0011","C"
"4","Trait5","FASTmrMLM","PstI.TP339262","11","2676","0.0514","0.5431","C"
"4","Trait5","FASTmrMLM","PstI.TP339321","11","2677","0.0625","0.3892","C"
"4","Trait5","FASTmrMLM","PstI.TP339490","11","2679","0.025","0.2274","A"
"4","Trait5","FASTmrMLM","PstI.TP339843","11","2683","1.5489e-06","3e-04","C"
"4","Trait5","FASTmrMLM","PstI.TP339880","11","2684","3.0225e-05","0.0066","A"
"4","Trait5","FASTmrMLM","PstI.TP339933","11","2685","-0.0095","0.1497","A"
"4","Trait5","FASTmrMLM","PstI.TP339945","11","2686","-0.2546","1.3853","A"
"4","Trait5","FASTmrMLM","PstI.TP339976","11","2688","1.0281e-05","0.0022","A"
"4","Trait5","FASTmrMLM","PstI.TP340105","11","2691","7.5346e-06","0.0016","A"
"4","Trait5","FASTmrMLM","PstI.TP340194","11","2692","0.0542","0.2877","A"
"4","Trait5","FASTmrMLM","PstI.TP340277","11","2693","-1.8677e-05","0.0041","G"
"4","Trait5","FASTmrMLM","PstI.TP340636","11","2694","-7.5966e-06","0.0017","A"
"4","Trait5","FASTmrMLM","PstI.TP341013","11","2695","0.0487","0.3271","C"
"4","Trait5","FASTmrMLM","PstI.TP341298","11","2697","2.3512e-05","0.0051","A"
"4","Trait5","FASTmrMLM","PstI.TP342311","11","2698","7.1398e-06","0.0016","A"
"4","Trait5","FASTmrMLM","PstI.TP342709","11","2700","-1.1729e-05","0.0026","C"
"4","Trait5","FASTmrMLM","PstI.TP343043","11","2701","1.6171e-05","0.0035","A"
"4","Trait5","FASTmrMLM","PstI.TP343389","11","2703","-3.1836e-05","0.007","A"
"4","Trait5","FASTmrMLM","PstI.TP343669","11","2706","1.0582e-06","2e-04","A"
"4","Trait5","FASTmrMLM","PstI.TP343679","11","2707","-0.0566","0.4465","G"
"4","Trait5","FASTmrMLM","PstI.TP344006","11","2710","-0.3313","1.8522","A"
"4","Trait5","FASTmrMLM","PstI.TP344062","11","2711","2.8461e-05","0.0062","A"
"4","Trait5","FASTmrMLM","PstI.TP344362","11","2713","-2.529e-05","0.0055","C"
"4","Trait5","FASTmrMLM","PstI.TP344471","11","2714","-0.0295","0.1435","A"
"4","Trait5","FASTmrMLM","PstI.TP344604","11","2716","-0.209","1.2976","C"
"4","Trait5","FASTmrMLM","PstI.TP344707","11","2717","0.026","0.213","C"
"4","Trait5","FASTmrMLM","PstI.TP344944","11","2718","-0.1596","1.1305","A"
"4","Trait5","FASTmrMLM","PstI.TP345018","11","2719","0.183","1.211","A"
"4","Trait5","FASTmrMLM","PstI.TP345199","11","2720","3.3784e-05","0.0074","A"
"4","Trait5","FASTmrMLM","PstI.TP345375","11","2721","-3.3048e-05","0.0073","C"
"4","Trait5","FASTmrMLM","PstI.TP345524","11","2722","5.3368e-06","0.0012","C"
"4","Trait5","FASTmrMLM","PstI.TP345564","11","2723","3.2795e-05","0.0072","A"
"4","Trait5","FASTmrMLM","PstI.TP345636","11","2725","1.3781e-05","0.003","C"
"4","Trait5","FASTmrMLM","PstI.TP345738","11","2726","1.1353e-05","0.0025","A"
"4","Trait5","FASTmrMLM","PstI.TP345895","11","2727","-0.0429","0.4905","C"
"4","Trait5","FASTmrMLM","PstI.TP345904","11","2728","5.1609e-07","1e-04","A"
"4","Trait5","FASTmrMLM","PstI.TP346633","11","2731","2.3606e-06","5e-04","A"
"4","Trait5","FASTmrMLM","PstI.TP347015","11","2733","-6.9315e-06","0.0015","G"
"4","Trait5","FASTmrMLM","PstI.TP347161","11","2734","0.2407","1.1987","A"
"4","Trait5","FASTmrMLM","PstI.TP347207","11","2735","0.1776","1.565","A"
"4","Trait5","FASTmrMLM","PstI.TP347218","11","2736","2.0076e-06","4e-04","C"
"4","Trait5","FASTmrMLM","PstI.TP347634","11","2737","-2.0109e-05","0.0044","A"
"4","Trait5","FASTmrMLM","PstI.TP347789","11","2738","-0.0636","0.4992","C"
"4","Trait5","FASTmrMLM","PstI.TP347863","11","2739","-1.3336e-05","0.0029","C"
"4","Trait5","FASTmrMLM","PstI.TP347899","11","2740","-2.1329e-06","5e-04","A"
"4","Trait5","FASTmrMLM","PstI.TP348113","11","2741","0.0276","0.3645","C"
"4","Trait5","FASTmrMLM","PstI.TP348199","11","2742","-4.1304e-06","9e-04","C"
"4","Trait5","FASTmrMLM","PstI.TP348304","11","2743","-7.7679e-05","0.0069","C"
"4","Trait5","FASTmrMLM","PstI.TP348609","11","2744","-4.0736e-05","0.009","A"
"4","Trait5","FASTmrMLM","PstI.TP348639","11","2745","0.1488","1.1196","C"
"4","Trait5","FASTmrMLM","PstI.TP348904","11","2746","-0.0383","0.4228","A"
"4","Trait5","FASTmrMLM","PstI.TP349073","11","2747","-1.6569e-05","0.0036","A"
"4","Trait5","FASTmrMLM","PstI.TP349163","11","2748","-0.0733","0.69","A"
"4","Trait5","FASTmrMLM","PstI.TP349380","11","2749","-8.2465e-06","0.0018","A"
"4","Trait5","FASTmrMLM","PstI.TP349411","11","2751","-1.082e-05","0.0024","C"
"4","Trait5","FASTmrMLM","PstI.TP349610","11","2752","0.0679","0.812","G"
"4","Trait5","FASTmrMLM","PstI.TP350074","11","2754","6.8428e-06","0.0015","C"
"4","Trait5","FASTmrMLM","PstI.TP350131","11","2755","-7.4771e-06","0.0016","C"
"4","Trait5","FASTmrMLM","PstI.TP350272","11","2756","-1.6808e-05","0.0037","C"
"4","Trait5","FASTmrMLM","PstI.TP350290","11","2757","-0.0251","0.2128","A"
"4","Trait5","FASTmrMLM","PstI.TP350508","11","2759","-0.0078","0.1369","A"
"4","Trait5","FASTmrMLM","PstI.TP350552","11","2761","-1.0384e-05","0.0023","A"
"4","Trait5","FASTmrMLM","PstI.TP350671","11","2762","1.7415e-05","0.0038","A"
"4","Trait5","FASTmrMLM","PstI.TP350689","11","2763","1.5207e-05","0.0033","A"
"4","Trait5","FASTmrMLM","PstI.TP350692","11","2764","-0.0786","1.065","G"
"4","Trait5","FASTmrMLM","PstI.TP350940","11","2765","-0.1185","0.9488","C"
"4","Trait5","FASTmrMLM","PstI.TP350959","11","2766","-9.0593e-06","0.002","A"
"4","Trait5","FASTmrMLM","PstI.TP351433","11","2768","-0.0662","0.3647","C"
"4","Trait5","FASTmrMLM","PstI.TP351601","11","2770","-0.0607","0.7084","A"
"4","Trait5","FASTmrMLM","PstI.TP351635","11","2771","-0.0319","0.3937","A"
"4","Trait5","FASTmrMLM","PstI.TP351851","11","2772","3.6135e-06","8e-04","C"
"4","Trait5","FASTmrMLM","PstI.TP351985","11","2773","0.1006","0.6184","C"
"4","Trait5","FASTmrMLM","PstI.TP352065","11","2774","4.2799e-05","0.0094","C"
"4","Trait5","FASTmrMLM","PstI.TP352360","11","2775","-4.6208e-06","0.001","A"
"4","Trait5","FASTmrMLM","PstI.TP352395","11","2776","3.3107e-05","0.0073","G"
"4","Trait5","FASTmrMLM","PstI.TP352424","11","2777","-2.8209e-05","0.0062","C"
"4","Trait5","FASTmrMLM","PstI.TP352559","11","2778","-1.3234e-05","0.0029","A"
"4","Trait5","FASTmrMLM","PstI.TP352580","11","2779","-2.2498e-05","0.0049","C"
"4","Trait5","FASTmrMLM","PstI.TP352655","11","2781","6.9396e-07","2e-04","C"
"4","Trait5","FASTmrMLM","PstI.TP352760","11","2782","2.0831e-05","0.0046","A"
"4","Trait5","FASTmrMLM","PstI.TP352836","11","2783","1.8167e-06","4e-04","A"
"4","Trait5","FASTmrMLM","PstI.TP352987","11","2784","-0.05","0.5559","C"
"4","Trait5","FASTmrMLM","PstI.TP353127","11","2785","0.0175","0.1216","C"
"4","Trait5","FASTmrMLM","PstI.TP353173","11","2786","1.7539e-05","0.0038","C"
"4","Trait5","FASTmrMLM","PstI.TP353268","11","2787","-0.0923","0.7575","A"
"4","Trait5","FASTmrMLM","PstI.TP353301","11","2788","1.8514e-05","0.004","C"
"4","Trait5","FASTmrMLM","PstI.TP353762","11","2790","-1.6484e-07","3.5876e-05","C"
"4","Trait5","FASTmrMLM","PstI.TP354086","11","2791","1.0481e-09","2.2808e-07","C"
"4","Trait5","FASTmrMLM","PstI.TP354117","11","2792","-0.2984","1.6881","G"
"4","Trait5","FASTmrMLM","PstI.TP354339","11","2794","2.9825e-06","6e-04","A"
"4","Trait5","FASTmrMLM","PstI.TP354547","11","2795","1.2686e-05","0.0028","A"
"4","Trait5","FASTmrMLM","PstI.TP354809","11","2797","1.1003e-05","0.0024","C"
"4","Trait5","FASTmrMLM","PstI.TP354834","11","2798","-3.2011e-05","0.007","C"
"4","Trait5","FASTmrMLM","PstI.TP354968","11","2799","0.1997","1.7736","A"
"4","Trait5","FASTmrMLM","PstI.TP354970","11","2800","-6.8044e-06","0.0015","A"
"4","Trait5","FASTmrMLM","PstI.TP355004","11","2801","6.5688e-06","0.0014","C"
"4","Trait5","FASTmrMLM","PstI.TP355154","11","2802","-2.4895e-07","5.4189e-05","C"
"4","Trait5","FASTmrMLM","PstI.TP355242","11","2803","-2.3372e-05","0.0051","C"
"4","Trait5","FASTmrMLM","PstI.TP355345","11","2804","-3.7058e-05","0.0081","C"
"4","Trait5","FASTmrMLM","PstI.TP355533","11","2805","-3.1917e-05","0.007","C"
"4","Trait5","FASTmrMLM","PstI.TP355540","11","2806","4.2289e-06","9e-04","C"
"4","Trait5","FASTmrMLM","PstI.TP355788","11","2807","-0.0435","0.4142","A"
"4","Trait5","FASTmrMLM","PstI.TP355789","11","2808","-2.9493e-05","0.0065","G"
"4","Trait5","FASTmrMLM","PstI.TP355877","11","2809","-7.0173e-06","0.0015","A"
"4","Trait5","FASTmrMLM","PstI.TP355907","11","2810","-0.0629","0.5048","C"
"4","Trait5","FASTmrMLM","PstI.TP355931","11","2811","0.0832","0.5101","G"
"4","Trait5","FASTmrMLM","PstI.TP355964","11","2812","3.1018e-05","0.0068","C"
"4","Trait5","FASTmrMLM","PstI.TP355988","11","2813","-0.0818","1.0297","C"
"4","Trait5","FASTmrMLM","PstI.TP356174","11","2816","0.0744","1.1149","A"
"4","Trait5","FASTmrMLM","PstI.TP356195","11","2817","1.0542e-05","0.0023","C"
"4","Trait5","FASTmrMLM","PstI.TP356223","11","2818","0.0377","0.2545","A"
"4","Trait5","FASTmrMLM","PstI.TP356628","11","2820","-3.6536e-05","0.008","A"
"4","Trait5","FASTmrMLM","PstI.TP356830","11","2821","-0.0287","0.4139","A"
"4","Trait5","FASTmrMLM","PstI.TP356857","11","2822","9.7131e-06","0.0021","C"
"4","Trait5","FASTmrMLM","PstI.TP357369","11","2823","-0.1092","0.8919","C"
"4","Trait5","FASTmrMLM","PstI.TP357552","11","2824","8.4874e-06","0.0019","C"
"4","Trait5","FASTmrMLM","PstI.TP357808","11","2826","0.1737","1.1263","A"
"4","Trait5","FASTmrMLM","PstI.TP357886","11","2827","-0.044","0.5074","C"
"4","Trait5","FASTmrMLM","PstI.TP357910","11","2828","2.0419e-05","0.0045","A"
"4","Trait5","FASTmrMLM","PstI.TP357928","11","2829","-3.3268e-05","0.0073","A"
"4","Trait5","FASTmrMLM","PstI.TP358103","11","2830","1.3337e-05","0.0029","G"
"4","Trait5","FASTmrMLM","PstI.TP358553","11","2831","3.2621e-05","0.0072","A"
"4","Trait5","FASTmrMLM","PstI.TP358559","11","2832","-1.6191e-05","0.0035","A"
"4","Trait5","FASTmrMLM","PstI.TP358570","11","2833","-3.4296e-05","0.0075","A"
"4","Trait5","FASTmrMLM","PstI.TP358610","11","2834","-4.4759e-05","0.0076","C"
"4","Trait5","FASTmrMLM","PstI.TP358632","11","2835","-1.3732e-05","0.003","C"
"4","Trait5","FASTmrMLM","PstI.TP358798","11","2836","0.1193","0.6135","A"
"4","Trait5","FASTmrMLM","PstI.TP359009","11","2837","-2.362e-05","0.0052","C"
"4","Trait5","FASTmrMLM","PstI.TP359324","11","2840","-1.8852e-05","0.0041","A"
"4","Trait5","FASTmrMLM","PstI.TP359578","11","2842","-2.9614e-05","0.0065","C"
"4","Trait5","FASTmrMLM","PstI.TP359700","11","2843","-0.0846","0.8674","A"
"4","Trait5","FASTmrMLM","PstI.TP359715","11","2844","-0.0788","0.5787","G"
"4","Trait5","FASTmrMLM","PstI.TP359851","11","2846","0.0459","0.4033","G"
"4","Trait5","FASTmrMLM","PstI.TP360129","11","2848","-2.6205e-05","0.0057","A"
"4","Trait5","FASTmrMLM","PstI.TP360233","11","2850","2.8041e-06","6e-04","C"
"4","Trait5","FASTmrMLM","PstI.TP360315","11","2851","6.1592e-06","0.0013","A"
"4","Trait5","FASTmrMLM","PstI.TP360343","11","2852","-0.0665","0.5573","A"
"4","Trait5","FASTmrMLM","PstI.TP360538","11","2853","1.7811e-05","0.0039","A"
"4","Trait5","FASTmrMLM","PstI.TP360832","11","2855","0.2309","1.4635","C"
"4","Trait5","FASTmrMLM","PstI.TP361016","11","2859","0.0653","0.674","C"
"4","Trait5","FASTmrMLM","PstI.TP361410","11","2860","-2.0803e-05","0.0046","A"
"4","Trait5","FASTmrMLM","PstI.TP361925","11","2861","1.1729e-05","0.0026","C"
"4","Trait5","FASTmrMLM","PstI.TP362095","11","2863","1.4194e-05","0.0031","C"
"4","Trait5","FASTmrMLM","PstI.TP362797","11","2864","-0.0123","0.1545","C"
"4","Trait5","FASTmrMLM","PstI.TP362826","11","2865","0.1521","1.1907","C"
"4","Trait5","FASTmrMLM","PstI.TP363053","11","2867","-3.0105e-06","7e-04","A"
"4","Trait5","FASTmrMLM","PstI.TP363116","11","2868","0.0559","0.7493","A"
"4","Trait5","FASTmrMLM","PstI.TP363291","11","2870","-0.1015","0.6082","A"
"4","Trait5","FASTmrMLM","PstI.TP363357","11","2872","8.3493e-07","2e-04","C"
"4","Trait5","FASTmrMLM","PstI.TP363545","11","2873","-1.2982e-05","0.0028","A"
"4","Trait5","FASTmrMLM","PstI.TP363900","11","2874","6.3069e-06","0.0014","A"
"4","Trait5","FASTmrMLM","PstI.TP364010","11","2875","-1.5067e-05","0.0033","A"
"4","Trait5","FASTmrMLM","PstI.TP364192","11","2876","1.4172e-05","0.0031","C"
"4","Trait5","FASTmrMLM","PstI.TP364261","11","2877","-7.7085e-06","0.0017","A"
"4","Trait5","FASTmrMLM","PstI.TP364816","11","2880","0.1319","1.0236","C"
"4","Trait5","FASTmrMLM","PstI.TP364873","11","2882","-2e-04","0.0114","A"
"4","Trait5","FASTmrMLM","PstI.TP364909","11","2883","-3.7881e-06","8e-04","A"
"4","Trait5","FASTmrMLM","PstI.TP364953","11","2884","5.624e-06","0.0012","C"
"4","Trait5","FASTmrMLM","PstI.TP365115","11","2886","1.7215e-05","0.0038","C"
"4","Trait5","FASTmrMLM","PstI.TP365432","11","2887","-1.0721e-05","0.0023","C"
"4","Trait5","FASTmrMLM","PstI.TP365468","11","2888","-3.5583e-05","0.0078","C"
"4","Trait5","FASTmrMLM","PstI.TP365618","11","2889","3.544e-06","8e-04","C"
"4","Trait5","FASTmrMLM","PstI.TP365666","11","2890","-1.1394e-05","0.0025","A"
"4","Trait5","FASTmrMLM","PstI.TP365677","11","2891","2.8889e-05","0.0059","C"
"4","Trait5","FASTmrMLM","PstI.TP365991","11","2892","-1.2993e-05","0.0028","C"
"4","Trait5","FASTmrMLM","PstI.TP366350","11","2893","3.4656e-05","0.0076","C"
"4","Trait5","FASTmrMLM","PstI.TP366392","11","2894","2.3983e-05","0.0053","C"
"4","Trait5","FASTmrMLM","PstI.TP366456","11","2895","-7.8878e-07","2e-04","A"
"4","Trait5","FASTmrMLM","PstI.TP366885","11","2897","1.6524e-05","0.0036","A"
"4","Trait5","FASTmrMLM","PstI.TP366962","11","2898","-2.2178e-05","0.0049","C"
"4","Trait5","FASTmrMLM","PstI.TP367546","11","2899","0.0288","0.3145","C"
"4","Trait5","FASTmrMLM","PstI.TP367568","11","2900","-0.0242","0.2378","C"
"4","Trait5","FASTmrMLM","PstI.TP367618","11","2901","-0.1943","1.1487","A"
"4","Trait5","FASTmrMLM","PstI.TP367630","11","2902","1.3982e-05","0.0031","A"
"4","Trait5","FASTmrMLM","PstI.TP368325","11","2905","4.5867e-06","0.001","C"
"4","Trait5","FASTmrMLM","PstI.TP369019","11","2906","1.3301e-05","0.0029","A"
"4","Trait5","FASTmrMLM","PstI.TP369603","11","2907","-0.064","0.6427","A"
"4","Trait5","FASTmrMLM","PstI.TP369634","11","2908","1.7713e-05","0.0039","A"
"4","Trait5","FASTmrMLM","PstI.TP369656","11","2909","-0.1989","1.6751","A"
"4","Trait5","FASTmrMLM","PstI.TP369895","11","2910","-2.7711e-06","6e-04","A"
"4","Trait5","FASTmrMLM","PstI.TP370052","11","2911","2.9417e-05","0.0064","G"
"4","Trait5","FASTmrMLM","PstI.TP370442","11","2913","-8.8737e-06","0.0019","A"
"4","Trait5","FASTmrMLM","PstI.TP370682","11","2914","-1.212e-05","0.0026","G"
"4","Trait5","FASTmrMLM","PstI.TP371413","11","2915","-0.091","0.4322","C"
"4","Trait5","FASTmrMLM","PstI.TP371649","11","2916","1e-04","0.0116","A"
"4","Trait5","FASTmrMLM","PstI.TP372279","11","2917","-0.0538","0.3555","C"
"4","Trait5","FASTmrMLM","PstI.TP372417","11","2918","3.2008e-06","7e-04","C"
"4","Trait5","FASTmrMLM","PstI.TP372455","11","2919","-7.262e-06","0.0016","A"
"4","Trait5","FASTmrMLM","PstI.TP373097","11","2921","5.4194e-06","0.0012","C"
"4","Trait5","FASTmrMLM","PstI.TP373132","11","2922","1.9689e-05","0.0043","A"
"4","Trait5","FASTmrMLM","PstI.TP373577","11","2924","-0.1167","0.6524","A"
"4","Trait5","FASTmrMLM","PstI.TP373767","11","2926","-3.2909e-05","0.0072","A"
"4","Trait5","FASTmrMLM","PstI.TP374056","11","2927","1.2185e-05","0.0027","A"
"4","Trait5","FASTmrMLM","PstI.TP374113","11","2928","0.0576","0.3097","A"
"4","Trait5","FASTmrMLM","PstI.TP374751","11","2930","1.0294e-05","0.0022","A"
"4","Trait5","FASTmrMLM","PstI.TP374784","11","2931","-2.0598e-05","0.0045","A"
"4","Trait5","FASTmrMLM","PstI.TP374846","11","2932","2.5197e-05","0.0055","A"
"4","Trait5","FASTmrMLM","PstI.TP374944","11","2933","-0.2198","0.777","A"
"4","Trait5","FASTmrMLM","PstI.TP375021","11","2934","-1.192e-05","0.0026","A"
"4","Trait5","FASTmrMLM","PstI.TP375085","11","2935","0.0577","0.2933","C"
"4","Trait5","FASTmrMLM","PstI.TP375140","11","2936","0.2734","1.0748","A"
"4","Trait5","FASTmrMLM","PstI.TP375331","11","2937","-3.1518e-05","0.0069","G"
"4","Trait5","FASTmrMLM","PstI.TP375377","11","2938","-0.0596","0.4973","A"
"4","Trait5","FASTmrMLM","PstI.TP375752","11","2941","-4.7311e-07","1e-04","C"
"4","Trait5","FASTmrMLM","PstI.TP375816","11","2942","-4.756e-07","1e-04","C"
"4","Trait5","FASTmrMLM","PstI.TP376194","11","2943","-2.0404e-05","0.0045","C"
"4","Trait5","FASTmrMLM","PstI.TP376315","11","2944","0.0707","1.0199","A"
"4","Trait5","FASTmrMLM","PstI.TP376326","11","2945","-3e-04","0.0154","G"
"4","Trait5","FASTmrMLM","PstI.TP376363","11","2946","-2.4109e-06","5e-04","A"
"4","Trait5","FASTmrMLM","PstI.TP376473","11","2947","3.0213e-05","0.0066","C"
"4","Trait5","FASTmrMLM","PstI.TP376567","11","2948","7.5725e-06","0.0017","C"
"4","Trait5","FASTmrMLM","PstI.TP376595","11","2950","-0.0122","0.1711","G"
"4","Trait5","FASTmrMLM","PstI.TP376724","11","2951","1.0356e-05","0.0023","A"
"4","Trait5","FASTmrMLM","PstI.TP376926","11","2952","-1.2932e-05","0.0028","C"
"4","Trait5","FASTmrMLM","PstI.TP377001","11","2953","-0.0094","0.1451","C"
"4","Trait5","FASTmrMLM","PstI.TP377080","11","2954","4.2293e-05","0.0093","C"
"4","Trait5","FASTmrMLM","PstI.TP377694","11","2955","1.9118e-06","4e-04","C"
"4","Trait5","FASTmrMLM","PstI.TP377784","11","2956","-2.6101e-05","0.0057","C"
"4","Trait5","FASTmrMLM","PstI.TP378297","11","2959","-2.1704e-06","5e-04","A"
"4","Trait5","FASTmrMLM","PstI.TP378319","11","2960","0.0762","0.4447","A"
"4","Trait5","FASTmrMLM","PstI.TP378766","11","2961","2.4333e-07","5.2961e-05","C"
"4","Trait5","FASTmrMLM","PstI.TP378839","11","2963","-3.3437e-05","0.0073","C"
"4","Trait5","FASTmrMLM","PstI.TP378849","11","2964","-1.2085e-05","0.0026","C"
"4","Trait5","FASTmrMLM","PstI.TP379265","11","2966","0.2735","1.0546","A"
"4","Trait5","FASTmrMLM","PstI.TP379292","11","2967","-5.858e-06","0.0013","C"
"4","Trait5","FASTmrMLM","PstI.TP379298","11","2968","2.7823e-06","6e-04","A"
"4","Trait5","FASTmrMLM","PstI.TP379369","11","2969","2.7886e-05","0.0061","G"
"4","Trait5","FASTmrMLM","PstI.TP379844","11","2972","0.0419","0.3775","C"
"4","Trait5","FASTmrMLM","PstI.TP379850","11","2973","0.0728","0.5678","C"
"4","Trait5","FASTmrMLM","PstI.TP379973","11","2974","-2.5565e-05","0.0056","A"
"4","Trait5","FASTmrMLM","PstI.TP380369","11","2976","5.7677e-06","0.0013","A"
"4","Trait5","FASTmrMLM","PstI.TP380417","11","2977","-1.2971e-05","0.0028","A"
"4","Trait5","FASTmrMLM","PstI.TP380564","11","2978","1.7378e-05","0.0038","A"
"4","Trait5","FASTmrMLM","PstI.TP380596","11","2980","-1.1631e-05","0.0025","C"
"4","Trait5","FASTmrMLM","PstI.TP380604","11","2981","1.5006e-05","0.0033","A"
"4","Trait5","FASTmrMLM","PstI.TP380788","11","2982","-7.595e-06","0.0017","A"
"4","Trait5","FASTmrMLM","PstI.TP380791","11","2983","1.1157e-05","0.0024","A"
"4","Trait5","FASTmrMLM","PstI.TP381085","11","2985","6.6636e-06","0.0015","G"
"4","Trait5","FASTmrMLM","PstI.TP381197","11","2986","-0.3117","1.506","C"
"4","Trait5","FASTmrMLM","PstI.TP381388","11","2987","1.4535e-05","0.0032","A"
"4","Trait5","FASTmrMLM","PstI.TP381443","11","2988","1.9404e-06","4e-04","A"
"4","Trait5","FASTmrMLM","PstI.TP381567","11","2989","-0.0372","0.3755","C"
"4","Trait5","FASTmrMLM","PstI.TP381685","11","2990","-7.5315e-06","0.0016","A"
"4","Trait5","FASTmrMLM","PstI.TP381995","11","2992","2.2788e-05","0.005","A"
"4","Trait5","FASTmrMLM","PstI.TP382259","11","2993","2.0307e-05","0.0044","A"
"4","Trait5","FASTmrMLM","PstI.TP382656","11","2995","0.1295","0.7389","C"
"4","Trait5","FASTmrMLM","PstI.TP382933","11","2997","-9.5332e-06","0.0021","A"
"4","Trait5","FASTmrMLM","PstI.TP383042","11","2998","1.7024e-06","4e-04","A"
"4","Trait5","FASTmrMLM","PstI.TP383286","11","3000","-0.0214","0.2162","A"
"4","Trait5","FASTmrMLM","PstI.TP383464","11","3001","4.0624e-06","9e-04","A"
"4","Trait5","FASTmrMLM","PstI.TP383609","11","3002","2.506e-06","5e-04","A"
"4","Trait5","FASTmrMLM","PstI.TP383749","11","3004","4.1422e-06","9e-04","A"
"4","Trait5","FASTmrMLM","PstI.TP384214","11","3005","-0.0157","0.2124","G"
"4","Trait5","FASTmrMLM","PstI.TP384307","11","3006","-0.0072","0.1297","G"
"4","Trait5","FASTmrMLM","PstI.TP384341","11","3007","-1.8414e-05","0.004","A"
"4","Trait5","FASTmrMLM","PstI.TP384599","11","3009","-4.3636e-06","0.001","C"
"4","Trait5","FASTmrMLM","PstI.TP384803","11","3010","-0.0239","0.2582","A"
"4","Trait5","FASTmrMLM","PstI.TP385048","11","3011","-0.2123","1.4937","A"
"4","Trait5","FASTmrMLM","PstI.TP385119","11","3012","2.9681e-05","0.0065","C"
"4","Trait5","FASTmrMLM","PstI.TP385537","11","3013","0.2066","1.8252","C"
"4","Trait5","FASTmrMLM","PstI.TP385544","11","3014","1.3699e-05","0.003","C"
"4","Trait5","FASTmrMLM","PstI.TP386010","11","3016","8.8796e-06","0.0019","A"
"4","Trait5","FASTmrMLM","PstI.TP386260","11","3017","-7.8586e-06","0.0017","G"
"4","Trait5","FASTmrMLM","PstI.TP386406","11","3018","-1.4364e-05","0.0031","A"
"4","Trait5","FASTmrMLM","PstI.TP386442","11","3019","-3.0463e-06","7e-04","A"
"4","Trait5","FASTmrMLM","PstI.TP386476","11","3020","0.0115","0.1891","G"
"4","Trait5","FASTmrMLM","PstI.TP386967","11","3022","1.9614e-05","0.0043","A"
"4","Trait5","FASTmrMLM","PstI.TP387158","11","3023","-0.2507","2.3433","A"
"4","Trait5","FASTmrMLM","PstI.TP387187","11","3024","2.9975e-06","7e-04","A"
"4","Trait5","FASTmrMLM","PstI.TP387504","11","3025","0.1834","0.7685","A"
"4","Trait5","FASTmrMLM","PstI.TP387724","11","3028","0.0149","0.1973","A"
"4","Trait5","FASTmrMLM","PstI.TP387838","11","3029","5.7746e-05","0.006","C"
"4","Trait5","FASTmrMLM","PstI.TP388878","11","3031","2.0608e-06","4e-04","A"
"4","Trait5","FASTmrMLM","PstI.TP388969","11","3032","1.7723e-05","0.0039","A"
"4","Trait5","FASTmrMLM","PstI.TP389033","11","3033","0.0886","0.48","C"
"4","Trait5","FASTmrMLM","PstI.TP389040","11","3034","-4.7637e-06","0.001","A"
"4","Trait5","FASTmrMLM","PstI.TP389168","11","3035","0.2283","1.2858","A"
"4","Trait5","FASTmrMLM","PstI.TP389415","11","3036","1.8215e-05","0.004","C"
"4","Trait5","FASTmrMLM","PstI.TP389445","11","3037","-0.0206","0.2322","A"
"4","Trait5","FASTmrMLM","PstI.TP389870","11","3038","2.2442e-06","5e-04","C"
"4","Trait5","FASTmrMLM","PstI.TP390120","11","3039","-3.8037e-05","0.0084","A"
"4","Trait5","FASTmrMLM","PstI.TP390161","11","3040","-1.9671e-05","0.0043","G"
"4","Trait5","FASTmrMLM","PstI.TP390223","11","3042","1.1304e-05","0.0025","A"
"4","Trait5","FASTmrMLM","PstI.TP390237","11","3043","-0.0932","0.4611","A"
"4","Trait5","FASTmrMLM","PstI.TP390273","11","3044","0.0063","0.0769","C"
"4","Trait5","FASTmrMLM","PstI.TP390282","11","3045","-0.1184","0.8308","C"
"4","Trait5","FASTmrMLM","PstI.TP390327","11","3046","-5.7979e-06","0.0013","A"
"4","Trait5","FASTmrMLM","PstI.TP390975","11","3049","1.8381e-06","4e-04","A"
"4","Trait5","FASTmrMLM","PstI.TP391260","11","3050","-0.1272","0.4711","C"
"4","Trait5","FASTmrMLM","PstI.TP391414","11","3052","-2.8882e-05","0.0063","A"
"4","Trait5","FASTmrMLM","PstI.TP391696","11","3053","-0.0067","0.1322","A"
"4","Trait5","FASTmrMLM","PstI.TP392243","11","3054","5.2376e-06","0.0011","A"
"4","Trait5","FASTmrMLM","PstI.TP392580","11","3055","0.1068","0.5433","C"
"4","Trait5","FASTmrMLM","PstI.TP392821","11","3056","-9.1233e-06","0.002","A"
"4","Trait5","FASTmrMLM","PstI.TP393010","11","3057","6.0475e-06","0.0013","A"
"4","Trait5","FASTmrMLM","PstI.TP393060","11","3059","-3.0087e-05","0.0066","A"
"4","Trait5","FASTmrMLM","PstI.TP393202","11","3062","-1.9936e-05","0.0044","C"
"4","Trait5","FASTmrMLM","PstI.TP393272","11","3063","0.0226","0.2235","C"
"4","Trait5","FASTmrMLM","PstI.TP393341","11","3064","1.5652e-05","0.0034","A"
"4","Trait5","FASTmrMLM","PstI.TP393396","11","3065","0.1015","1.0102","C"
"4","Trait5","FASTmrMLM","PstI.TP393487","11","3066","-0.1351","2.1778","A"
"4","Trait5","FASTmrMLM","PstI.TP393669","11","3067","-7.5363e-06","0.0016","A"
"4","Trait5","FASTmrMLM","PstI.TP393690","11","3068","9.7824e-06","0.0021","A"
"4","Trait5","FASTmrMLM","PstI.TP393705","11","3069","0.0862","0.685","C"
"4","Trait5","FASTmrMLM","PstI.TP393757","11","3070","-3.0191e-07","6.5712e-05","A"
"4","Trait5","FASTmrMLM","PstI.TP393995","11","3071","-8.1559e-06","0.0018","A"
"4","Trait5","FASTmrMLM","PstI.TP394132","11","3072","-1.588e-05","0.0035","A"
"4","Trait5","FASTmrMLM","PstI.TP394191","11","3073","1.0252e-05","0.0022","A"
"4","Trait5","FASTmrMLM","PstI.TP394246","11","3074","0.0873","1.0522","C"
"4","Trait5","FASTmrMLM","PstI.TP394271","11","3075","1.6297e-05","0.0036","C"
"4","Trait5","FASTmrMLM","PstI.TP394317","11","3076","-1.1575e-05","0.0025","C"
"4","Trait5","FASTmrMLM","PstI.TP394472","11","3077","0.0305","0.3873","A"
"4","Trait5","FASTmrMLM","PstI.TP394783","11","3078","-2.018e-05","0.0044","G"
"4","Trait5","FASTmrMLM","PstI.TP394915","11","3079","2.5324e-05","0.0055","C"
"4","Trait5","FASTmrMLM","PstI.TP394950","11","3080","-0.1386","1.9536","C"
"4","Trait5","FASTmrMLM","PstI.TP394955","11","3081","2.2391e-06","5e-04","A"
"4","Trait5","FASTmrMLM","PstI.TP395118","11","3082","-0.0397","0.3942","C"
"4","Trait5","FASTmrMLM","PstI.TP395169","11","3083","-3.4236e-06","7e-04","C"
"4","Trait5","FASTmrMLM","PstI.TP395278","11","3084","1.1378e-05","0.0025","A"
"4","Trait5","FASTmrMLM","PstI.TP395625","11","3086","-6.3939e-06","0.0014","C"
"4","Trait5","FASTmrMLM","PstI.TP396204","11","3088","7.9464e-06","0.0017","A"
"4","Trait5","FASTmrMLM","PstI.TP396649","11","3089","-0.325","1.328","A"
"4","Trait5","FASTmrMLM","PstI.TP396662","11","3090","-9.6046e-06","0.0021","G"
"4","Trait5","FASTmrMLM","PstI.TP396811","11","3092","9.4435e-06","0.0021","A"
"4","Trait5","FASTmrMLM","PstI.TP396871","11","3093","-0.0266","0.2056","A"
"4","Trait5","FASTmrMLM","PstI.TP396934","11","3094","0.2479","1.3276","C"
"4","Trait5","FASTmrMLM","PstI.TP397295","11","3096","0.0378","0.3234","C"
"4","Trait5","FASTmrMLM","PstI.TP397322","11","3097","0.3369","1.7226","A"
"4","Trait5","FASTmrMLM","PstI.TP397378","11","3098","-9.7827e-06","0.0021","C"
"4","Trait5","FASTmrMLM","PstI.TP397567","11","3099","-5.7729e-06","0.0013","A"
"4","Trait5","FASTmrMLM","PstI.TP397569","11","3100","0.4197","2.4865","A"
"4","Trait5","FASTmrMLM","PstI.TP397628","11","3101","6.4698e-06","0.0014","C"
"4","Trait5","FASTmrMLM","PstI.TP397673","11","3102","1.0751e-07","2.3398e-05","C"
"4","Trait5","FASTmrMLM","PstI.TP397940","11","3103","-3.2427e-05","0.0071","A"
"4","Trait5","FASTmrMLM","PstI.TP398042","11","3104","-0.0734","0.8277","A"
"4","Trait5","FASTmrMLM","PstI.TP398239","11","3105","-2.8103e-05","0.0062","A"
"4","Trait5","FASTmrMLM","PstI.TP398337","11","3106","-1.0234e-05","0.0022","G"
"4","Trait5","FASTmrMLM","PstI.TP398345","11","3107","8.2807e-06","0.0018","A"
"4","Trait5","FASTmrMLM","PstI.TP398624","11","3109","-4.0348e-06","9e-04","A"
"4","Trait5","FASTmrMLM","PstI.TP398739","11","3111","-3.5744e-05","0.0079","G"
"4","Trait5","FASTmrMLM","PstI.TP399247","11","3112","-3.2708e-05","0.0072","C"
"4","Trait5","FASTmrMLM","PstI.TP399389","11","3113","0.0623","0.7286","A"
"4","Trait5","FASTmrMLM","PstI.TP399602","11","3114","2.7924e-05","0.0061","A"
"4","Trait5","FASTmrMLM","PstI.TP400103","11","3115","1.9364e-05","0.0042","C"
"4","Trait5","FASTmrMLM","PstI.TP400205","11","3116","1.0973e-05","0.0024","C"
"4","Trait5","FASTmrMLM","PstI.TP400329","11","3117","-9.9806e-08","2.1722e-05","C"
"4","Trait5","FASTmrMLM","PstI.TP400476","11","3118","-5.6491e-06","0.0012","A"
"4","Trait5","FASTmrMLM","PstI.TP401147","11","3119","-0.1048","0.7883","A"
"4","Trait5","FASTmrMLM","PstI.TP401473","11","3120","0.0818","0.8289","A"
"4","Trait5","FASTmrMLM","PstI.TP401669","11","3121","2.0032e-05","0.0044","G"
"4","Trait5","FASTmrMLM","PstI.TP401701","11","3122","-3.915e-05","0.0086","A"
"4","Trait5","FASTmrMLM","PstI.TP401855","11","3123","-0.0874","1.1127","A"
"4","Trait5","FASTmrMLM","PstI.TP402092","11","3125","7.695e-06","0.0017","A"
"4","Trait5","FASTmrMLM","PstI.TP402188","11","3126","-2.8774e-06","6e-04","C"
"4","Trait5","FASTmrMLM","PstI.TP402784","11","3127","0.0153","0.2467","A"
"4","Trait5","FASTmrMLM","PstI.TP402932","11","3128","0.2979","0.9299","C"
"4","Trait5","FASTmrMLM","PstI.TP403201","11","3129","-4.6302e-06","0.001","A"
"4","Trait5","FASTmrMLM","PstI.TP403269","11","3130","-7.2651e-06","0.0016","A"
"4","Trait5","FASTmrMLM","PstI.TP403290","11","3132","2.2413e-05","0.0049","A"
"4","Trait5","FASTmrMLM","PstI.TP403307","11","3133","-3.0527e-05","0.0067","C"
"4","Trait5","FASTmrMLM","PstI.TP404167","11","3138","-7.9552e-07","2e-04","C"
"4","Trait5","FASTmrMLM","PstI.TP404190","11","3139","-2.4592e-05","0.0054","A"
"4","Trait5","FASTmrMLM","PstI.TP404606","11","3140","2.9984e-05","0.0066","A"
"4","Trait5","FASTmrMLM","PstI.TP404668","11","3141","2.6002e-06","6e-04","A"
"4","Trait5","FASTmrMLM","PstI.TP404827","11","3144","1.1595e-05","0.0025","C"
"4","Trait5","FASTmrMLM","PstI.TP404861","11","3145","0.0765","0.4558","A"
"4","Trait5","FASTmrMLM","PstI.TP404920","11","3146","-1.5788e-05","0.0034","A"
"4","Trait5","FASTmrMLM","PstI.TP404996","11","3147","2.6417e-05","0.0058","C"
"4","Trait5","FASTmrMLM","PstI.TP405108","11","3148","-0.0643","0.5381","A"
"4","Trait5","FASTmrMLM","PstI.TP405283","11","3150","3.6859e-06","8e-04","C"
"4","Trait5","FASTmrMLM","PstI.TP405335","11","3151","-3.8697e-05","0.0085","A"
"4","Trait5","FASTmrMLM","PstI.TP407292","11","3152","-4.702e-05","0.0104","C"
"4","Trait5","FASTmrMLM","PstI.TP407410","11","3154","2.0331e-05","0.0044","A"
"4","Trait5","FASTmrMLM","PstI.TP407773","11","3155","0.0262","0.2583","G"
"4","Trait5","FASTmrMLM","PstI.TP407989","11","3156","-1.3041e-05","0.0028","C"
"4","Trait5","FASTmrMLM","PstI.TP408001","11","3157","-5.8555e-05","0.0075","C"
"4","Trait5","FASTmrMLM","PstI.TP408101","11","3159","5.8902e-07","1e-04","C"
"4","Trait5","FASTmrMLM","PstI.TP408343","11","3160","1.4931e-05","0.0033","C"
"4","Trait5","FASTmrMLM","PstI.TP408495","11","3162","1.9341e-05","0.0042","C"
"4","Trait5","FASTmrMLM","PstI.TP408719","11","3164","1.6653e-05","0.0036","A"
"4","Trait5","FASTmrMLM","PstI.TP408924","11","3165","-0.0819","0.5023","G"
"4","Trait5","FASTmrMLM","PstI.TP409082","11","3166","1.9677e-05","0.0043","C"
"4","Trait5","FASTmrMLM","PstI.TP409277","11","3168","-1.6279e-05","0.0036","C"
"4","Trait5","FASTmrMLM","PstI.TP409444","11","3169","-0.0667","0.4451","C"
"4","Trait5","FASTmrMLM","PstI.TP409904","11","3170","-1.2036e-05","0.0026","C"
"4","Trait5","FASTmrMLM","PstI.TP409967","11","3171","-0.0565","0.2761","A"
"4","Trait5","FASTmrMLM","PstI.TP410069","11","3172","-0.0219","0.2001","C"
"4","Trait5","FASTmrMLM","PstI.TP410249","11","3173","-1.865e-05","0.0041","C"
"4","Trait5","FASTmrMLM","PstI.TP410397","11","3175","0.1681","1.3055","A"
"4","Trait5","FASTmrMLM","PstI.TP410531","11","3177","-3.976e-06","9e-04","A"
"4","Trait5","FASTmrMLM","PstI.TP410532","11","3178","-2.2007e-05","0.0048","C"
"4","Trait5","FASTmrMLM","PstI.TP410616","11","3179","6.3974e-06","0.0014","A"
"4","Trait5","FASTmrMLM","PstI.TP410682","11","3180","2.9513e-05","0.0058","A"
"4","Trait5","FASTmrMLM","PstI.TP410927","11","3181","-1.2776e-05","0.0028","C"
"4","Trait5","FASTmrMLM","PstI.TP411066","11","3182","-9.271e-06","0.002","A"
"4","Trait5","FASTmrMLM","PstI.TP411074","11","3183","-9.4943e-06","0.0021","C"
"4","Trait5","FASTmrMLM","PstI.TP411274","11","3184","-1.3091e-05","0.0029","A"
"4","Trait5","FASTmrMLM","PstI.TP411518","11","3185","-5.6777e-05","0.0077","C"
"4","Trait5","FASTmrMLM","PstI.TP411817","11","3187","-2.8567e-05","0.0063","C"
"4","Trait5","FASTmrMLM","PstI.TP411848","11","3188","-0.1216","1.7099","G"
"4","Trait5","FASTmrMLM","PstI.TP412003","11","3189","0.2385","2.1731","G"
"4","Trait5","FASTmrMLM","PstI.TP412317","11","3190","-2e-04","0.012","C"
"4","Trait5","FASTmrMLM","PstI.TP412333","11","3191","-1.3686e-05","0.003","A"
"4","Trait5","FASTmrMLM","PstI.TP412952","11","3193","7.5255e-06","0.0016","C"
"4","Trait5","FASTmrMLM","PstI.TP413112","11","3196","1.4808e-05","0.0032","A"
"4","Trait5","FASTmrMLM","PstI.TP413219","11","3197","-1.286e-05","0.0028","A"
"4","Trait5","FASTmrMLM","PstI.TP413289","11","3198","-3.3886e-05","0.0074","A"
"4","Trait5","FASTmrMLM","PstI.TP413677","11","3201","-1.8726e-05","0.0041","A"
"4","Trait5","FASTmrMLM","PstI.TP413714","11","3202","-2.2956e-05","0.005","A"
"4","Trait5","FASTmrMLM","PstI.TP413792","11","3203","-1.1162e-05","0.0024","A"
"4","Trait5","FASTmrMLM","PstI.TP413966","11","3204","2.6546e-06","6e-04","C"
"4","Trait5","FASTmrMLM","PstI.TP414130","11","3205","-6.098e-06","0.0013","C"
"4","Trait5","FASTmrMLM","PstI.TP414753","11","3208","0.0697","0.8162","A"
"4","Trait5","FASTmrMLM","PstI.TP414818","11","3210","0.1128","1.4001","C"
"4","Trait5","FASTmrMLM","PstI.TP414892","11","3211","0.0106","0.1842","A"
"4","Trait5","FASTmrMLM","PstI.TP415034","11","3213","2.9898e-05","0.0066","C"
"4","Trait5","FASTmrMLM","PstI.TP415223","11","3214","-7.3705e-06","0.0016","C"
"4","Trait5","FASTmrMLM","PstI.TP415331","11","3215","-0.0395","0.4287","C"
"4","Trait5","FASTmrMLM","PstI.TP415401","11","3216","-6.6416e-06","0.0014","A"
"4","Trait5","FASTmrMLM","PstI.TP415431","11","3217","-0.0937","0.5635","C"
"4","Trait5","FASTmrMLM","PstI.TP415676","11","3218","-2.6058e-06","6e-04","C"
"4","Trait5","FASTmrMLM","PstI.TP415684","11","3219","-5.8602e-06","0.0013","C"
"4","Trait5","FASTmrMLM","PstI.TP415754","11","3220","1.9111e-05","0.0042","A"
"4","Trait5","FASTmrMLM","PstI.TP415755","11","3221","-7.683e-06","0.0017","A"
"4","Trait5","FASTmrMLM","PstI.TP415787","11","3222","1.0328e-05","0.0023","A"
"4","Trait5","FASTmrMLM","PstI.TP415965","11","3223","-1.9387e-06","4e-04","C"
"4","Trait5","FASTmrMLM","PstI.TP415974","11","3224","1.0429e-05","0.0023","C"
"4","Trait5","FASTmrMLM","PstI.TP416069","11","3225","0.0565","0.349","C"
"4","Trait5","FASTmrMLM","PstI.TP416126","11","3226","0.0159","0.1305","C"
"4","Trait5","FASTmrMLM","PstI.TP416210","11","3227","-1.8118e-05","0.004","G"
"4","Trait5","FASTmrMLM","PstI.TP416352","11","3228","0.2086","0.7539","A"
"4","Trait5","FASTmrMLM","PstI.TP416422","11","3229","-1.2423e-05","0.0027","A"
"4","Trait5","FASTmrMLM","PstI.TP416576","11","3230","2.0032e-05","0.0044","A"
"4","Trait5","FASTmrMLM","PstI.TP416705","11","3232","-2.4511e-06","5e-04","A"
"4","Trait5","FASTmrMLM","PstI.TP416866","11","3233","7.9184e-06","0.0017","C"
"4","Trait5","FASTmrMLM","PstI.TP416913","11","3235","0.0702","0.3818","C"
"4","Trait5","FASTmrMLM","PstI.TP417374","11","3236","-0.0769","0.9299","A"
"4","Trait5","FASTmrMLM","PstI.TP417462","11","3237","0.1188","1.5123","C"
"4","Trait5","FASTmrMLM","PstI.TP417668","11","3238","-1.5258e-05","0.0033","C"
"4","Trait5","FASTmrMLM","PstI.TP417758","11","3239","-0.0954","1.1736","A"
"4","Trait5","FASTmrMLM","PstI.TP418429","11","3241","1.7242e-05","0.0038","A"
"4","Trait5","FASTmrMLM","PstI.TP418463","11","3242","-0.2901","1.7392","A"
"4","Trait5","FASTmrMLM","PstI.TP418632","11","3243","-0.1072","0.5819","C"
"4","Trait5","FASTmrMLM","PstI.TP418643","11","3244","8.1795e-06","0.0018","A"
"4","Trait5","FASTmrMLM","PstI.TP418645","11","3245","5.9886e-06","0.0013","C"
"4","Trait5","FASTmrMLM","PstI.TP418745","11","3247","-1.5557e-06","3e-04","C"
"4","Trait5","FASTmrMLM","PstI.TP418787","11","3248","2.3286e-05","0.0051","C"
"4","Trait5","FASTmrMLM","PstI.TP418813","11","3249","0.0506","0.5563","A"
"4","Trait5","FASTmrMLM","PstI.TP418970","11","3252","-2.9311e-05","0.0064","C"
"4","Trait5","FASTmrMLM","PstI.TP418989","11","3253","1.1234e-05","0.0025","C"
"4","Trait5","FASTmrMLM","PstI.TP419116","11","3255","3.0139e-06","7e-04","C"
"4","Trait5","FASTmrMLM","PstI.TP419923","11","3257","-3.9728e-06","9e-04","A"
"4","Trait5","FASTmrMLM","PstI.TP420791","11","3259","-3.1168e-05","0.0068","A"
"4","Trait5","FASTmrMLM","PstI.TP420996","11","3261","0.0235","0.2026","C"
"4","Trait5","FASTmrMLM","PstI.TP421297","11","3262","0.1493","0.5395","A"
"4","Trait5","FASTmrMLM","PstI.TP421643","11","3264","1.8585e-05","0.0041","A"
"4","Trait5","FASTmrMLM","PstI.TP421703","11","3265","3.8748e-06","8e-04","A"
"4","Trait5","FASTmrMLM","PstI.TP421743","11","3266","-0.1678","0.9617","C"
"4","Trait5","FASTmrMLM","PstI.TP421998","11","3269","-0.1437","0.9666","C"
"4","Trait5","FASTmrMLM","PstI.TP422365","11","3270","4.9002e-05","0.0108","C"
"4","Trait5","FASTmrMLM","PstI.TP422698","11","3272","-1.2608e-05","0.0028","G"
"4","Trait5","FASTmrMLM","PstI.TP422756","11","3273","6.5989e-06","0.0014","C"
"4","Trait5","FASTmrMLM","PstI.TP423482","11","3275","2.0299e-06","4e-04","A"
"4","Trait5","FASTmrMLM","PstI.TP423653","11","3276","-0.0183","0.1307","A"
"4","Trait5","FASTmrMLM","PstI.TP423745","11","3277","2.2156e-05","0.0048","A"
"4","Trait5","FASTmrMLM","PstI.TP424393","11","3279","0.0938","0.8958","A"
"4","Trait5","FASTmrMLM","PstI.TP424478","11","3280","0.0565","0.3549","C"
"4","Trait5","FASTmrMLM","PstI.TP424722","11","3281","5.5846e-06","0.0012","A"
"4","Trait5","FASTmrMLM","PstI.TP425034","11","3282","5.4771e-06","0.0012","C"
"4","Trait5","FASTmrMLM","PstI.TP425481","11","3284","3.2152e-05","0.0071","A"
"4","Trait5","FASTmrMLM","PstI.TP425496","11","3285","2.0447e-05","0.0045","C"
"4","Trait5","FASTmrMLM","PstI.TP425511","11","3286","-4.365e-05","0.0096","A"
"4","Trait5","FASTmrMLM","PstI.TP425692","11","3287","-3.0363e-06","7e-04","C"
"4","Trait5","FASTmrMLM","PstI.TP425754","11","3288","-0.0561","0.5533","C"
"4","Trait5","FASTmrMLM","PstI.TP426523","11","3290","1.8384e-05","0.004","A"
"4","Trait5","FASTmrMLM","PstI.TP426591","11","3291","-0.0884","0.444","A"
"4","Trait5","FASTmrMLM","PstI.TP426633","11","3292","1.0079e-05","0.0022","C"
"4","Trait5","FASTmrMLM","PstI.TP426669","11","3293","4.3957e-05","0.0097","C"
"4","Trait5","FASTmrMLM","PstI.TP426774","11","3294","-0.3316","2.6931","A"
"4","Trait5","FASTmrMLM","PstI.TP426783","11","3295","2.7564e-06","6e-04","G"
"4","Trait5","FASTmrMLM","PstI.TP426818","11","3296","-1.2813e-05","0.0028","A"
"4","Trait5","FASTmrMLM","PstI.TP426975","11","3297","1.1243e-05","0.0025","C"
"4","Trait5","FASTmrMLM","PstI.TP427133","11","3298","-2.8779e-05","0.0063","G"
"4","Trait5","FASTmrMLM","PstI.TP427350","11","3299","6.2831e-06","0.0014","C"
"4","Trait5","FASTmrMLM","PstI.TP427528","11","3301","3.1236e-05","0.0069","A"
"4","Trait5","FASTmrMLM","PstI.TP428140","11","3303","1.5403e-05","0.0034","A"
"4","Trait5","FASTmrMLM","PstI.TP428141","11","3304","-1.1856e-05","0.0026","A"
"4","Trait5","FASTmrMLM","PstI.TP428467","11","3305","-1.1113e-05","0.0024","A"
"4","Trait5","FASTmrMLM","PstI.TP428568","11","3306","-0.2108","1.0356","C"
"4","Trait5","FASTmrMLM","PstI.TP428574","11","3307","1.543e-05","0.0034","C"
"4","Trait5","FASTmrMLM","PstI.TP428834","11","3309","6.85e-06","0.0015","G"
"4","Trait5","FASTmrMLM","PstI.TP428843","11","3310","5.3924e-06","0.0012","C"
"4","Trait5","FASTmrMLM","PstI.TP429340","11","3311","1e-04","0.0115","A"
"4","Trait5","FASTmrMLM","PstI.TP429501","11","3312","-3.598e-05","0.0079","C"
"4","Trait5","FASTmrMLM","PstI.TP429798","11","3313","2.0513e-05","0.0045","C"
"4","Trait5","FASTmrMLM","PstI.TP429888","11","3314","2.549e-05","0.0056","A"
"4","Trait5","FASTmrMLM","PstI.TP429929","11","3315","1.8384e-05","0.004","C"
"4","Trait5","FASTmrMLM","PstI.TP432782","11","3317","-0.052","0.5916","A"
"4","Trait5","FASTmrMLM","PstI.TP432918","11","3318","-3.3016e-06","7e-04","C"
"4","Trait5","FASTmrMLM","PstI.TP433110","11","3319","-2.904e-05","0.0064","A"
"4","Trait5","FASTmrMLM","PstI.TP433234","11","3320","-0.1437","1.4235","G"
"4","Trait5","FASTmrMLM","PstI.TP433397","11","3321","-9.4848e-06","0.0021","G"
"4","Trait5","FASTmrMLM","PstI.TP433625","11","3323","-0.207","1.2324","C"
"4","Trait5","FASTmrMLM","PstI.TP433679","11","3324","0.1484","1.7444","C"
"4","Trait5","FASTmrMLM","PstI.TP433998","11","3325","-1.7618e-05","0.0039","A"
"4","Trait5","FASTmrMLM","PstI.TP434010","11","3326","8.2773e-06","0.0018","A"
"4","Trait5","FASTmrMLM","PstI.TP434247","11","3327","0.0977","0.9796","C"
"4","Trait5","FASTmrMLM","PstI.TP434277","11","3328","2.5099e-06","5e-04","A"
"4","Trait5","FASTmrMLM","PstI.TP434344","11","3329","0.0361","0.3757","C"
"4","Trait5","FASTmrMLM","PstI.TP435453","11","3331","-1.6534e-05","0.0036","C"
"4","Trait5","FASTmrMLM","PstI.TP435478","11","3332","7.6816e-06","0.0017","A"
"4","Trait5","FASTmrMLM","PstI.TP435891","11","3336","0.1176","1.6701","C"
"4","Trait5","FASTmrMLM","PstI.TP435913","11","3337","0.1761","1.2666","C"
"4","Trait5","FASTmrMLM","PstI.TP435923","11","3338","0.1443","1.1478","A"
"4","Trait5","FASTmrMLM","PstI.TP435933","11","3339","-5.0266e-07","1e-04","G"
"4","Trait5","FASTmrMLM","PstI.TP436519","11","3341","-6.4468e-05","0.0079","C"
"4","Trait5","FASTmrMLM","PstI.TP436643","11","3344","2.4625e-05","0.0054","C"
"4","Trait5","FASTmrMLM","PstI.TP436753","11","3346","-1.5168e-06","3e-04","A"
"4","Trait5","FASTmrMLM","PstI.TP436899","11","3347","-9.6629e-06","0.0021","A"
"4","Trait5","FASTmrMLM","PstI.TP437599","11","3350","-2.895e-05","0.0063","C"
"4","Trait5","FASTmrMLM","PstI.TP437620","11","3351","-0.0714","0.7612","C"
"4","Trait5","FASTmrMLM","PstI.TP437628","11","3352","2.6804e-05","0.0059","C"
"4","Trait5","FASTmrMLM","PstI.TP437672","11","3353","-1.5721e-05","0.0034","C"
"4","Trait5","FASTmrMLM","PstI.TP437905","11","3354","9.0058e-06","0.002","A"
"4","Trait5","FASTmrMLM","PstI.TP438019","11","3355","-0.0797","0.691","G"
"4","Trait5","FASTmrMLM","PstI.TP438228","11","3357","1.5336e-06","3e-04","C"
"4","Trait5","FASTmrMLM","PstI.TP438416","11","3358","1.4907e-05","0.0033","C"
"4","Trait5","FASTmrMLM","PstI.TP438529","11","3359","-0.0899","0.7532","G"
"4","Trait5","FASTmrMLM","PstI.TP438663","11","3360","3.0038e-05","0.0066","G"
"4","Trait5","FASTmrMLM","PstI.TP439138","11","3362","0.0539","0.4558","C"
"4","Trait5","FASTmrMLM","PstI.TP439372","11","3363","2.3827e-05","0.0052","C"
"4","Trait5","FASTmrMLM","PstI.TP439492","11","3364","-3.0308e-05","0.0066","A"
"4","Trait5","FASTmrMLM","PstI.TP439519","11","3365","9.5916e-06","0.0021","C"
"4","Trait5","FASTmrMLM","PstI.TP439968","11","3366","-0.0724","0.6952","C"
"4","Trait5","FASTmrMLM","PstI.TP440030","11","3367","-1.8629e-05","0.0041","A"
"4","Trait5","FASTmrMLM","PstI.TP440255","11","3368","-2.5388e-05","0.0056","A"
"4","Trait5","FASTmrMLM","PstI.TP440570","11","3369","2.0604e-05","0.0045","A"
"4","Trait5","FASTmrMLM","PstI.TP440578","11","3370","-4.016e-05","0.0072","A"
"4","Trait5","FASTmrMLM","PstI.TP440662","11","3372","-1.4105e-05","0.0031","C"
"4","Trait5","FASTmrMLM","PstI.TP440714","11","3373","4.0785e-05","0.009","A"
"4","Trait5","FASTmrMLM","PstI.TP440785","11","3374","2.9913e-05","0.0066","A"
"4","Trait5","FASTmrMLM","PstI.TP441162","11","3375","6.818e-06","0.0015","A"
"4","Trait5","FASTmrMLM","PstI.TP441587","11","3379","1.5067e-05","0.0033","A"
"4","Trait5","FASTmrMLM","PstI.TP441793","11","3380","2.4345e-05","0.0053","C"
"4","Trait5","FASTmrMLM","PstI.TP441943","11","3381","1.3018e-05","0.0028","A"
"4","Trait5","FASTmrMLM","PstI.TP442135","11","3383","-0.0594","0.4241","A"
"4","Trait5","FASTmrMLM","PstI.TP442473","11","3384","-8.5356e-06","0.0019","A"
"4","Trait5","FASTmrMLM","PstI.TP442578","11","3386","1.1143e-05","0.0024","C"
"4","Trait5","FASTmrMLM","PstI.TP442918","11","3388","-1.0147e-05","0.0022","C"
"4","Trait5","FASTmrMLM","PstI.TP443155","11","3389","2.6142e-05","0.0057","A"
"4","Trait5","FASTmrMLM","PstI.TP443504","11","3391","2.1632e-05","0.0047","C"
"4","Trait5","FASTmrMLM","PstI.TP443535","11","3392","-4.1307e-06","9e-04","A"
"4","Trait5","FASTmrMLM","PstI.TP443635","11","3393","0.0801","0.7105","C"
"4","Trait5","FASTmrMLM","PstI.TP443650","11","3394","-1.7068e-05","0.0037","A"
"4","Trait5","FASTmrMLM","PstI.TP443694","11","3395","-1.1805e-05","0.0026","C"
"4","Trait5","FASTmrMLM","PstI.TP443719","11","3396","-1.7152e-06","4e-04","A"
"4","Trait5","FASTmrMLM","PstI.TP443759","11","3397","1.6162e-06","4e-04","C"
"4","Trait5","FASTmrMLM","PstI.TP443810","11","3398","0.0961","0.7826","C"
"4","Trait5","FASTmrMLM","PstI.TP443846","11","3399","2.2728e-06","5e-04","C"
"4","Trait5","FASTmrMLM","PstI.TP443974","11","3403","-7.6512e-06","0.0017","A"
"4","Trait5","FASTmrMLM","PstI.TP444076","11","3404","-3.345e-05","0.0073","A"
"4","Trait5","FASTmrMLM","PstI.TP444102","11","3406","-1.0675e-05","0.0023","C"
"4","Trait5","FASTmrMLM","PstI.TP444137","11","3407","-4.822e-06","0.0011","A"
"4","Trait5","FASTmrMLM","PstI.TP444248","11","3408","-2.9191e-05","0.0064","A"
"4","Trait5","FASTmrMLM","PstI.TP444282","11","3410","2.0474e-05","0.0045","C"
"4","Trait5","FASTmrMLM","PstI.TP444440","11","3411","-1.3454e-07","2.9278e-05","A"
"4","Trait5","FASTmrMLM","PstI.TP444675","11","3412","-4.1822e-06","9e-04","A"
"4","Trait5","FASTmrMLM","PstI.TP444729","11","3413","-2.7949e-06","6e-04","C"
"4","Trait5","FASTmrMLM","PstI.TP444753","11","3414","1.3949e-05","0.003","A"
"4","Trait5","FASTmrMLM","PstI.TP444813","11","3415","-3.172e-05","0.007","C"
"4","Trait5","FASTmrMLM","PstI.TP445381","11","3416","0.3232","1.1204","A"
"4","Trait5","FASTmrMLM","PstI.TP445606","11","3417","-2.032e-06","4e-04","A"
"4","Trait5","FASTmrMLM","PstI.TP445713","11","3418","1.324e-05","0.0029","C"
"4","Trait5","FASTmrMLM","PstI.TP445836","11","3419","0.4489","1.7085","C"
"4","Trait5","FASTmrMLM","PstI.TP445909","11","3420","0.0721","0.603","G"
"4","Trait5","FASTmrMLM","PstI.TP445964","11","3421","1.1445e-06","2e-04","C"
"4","Trait5","FASTmrMLM","PstI.TP446408","11","3424","-1.0299e-05","0.0022","A"
"4","Trait5","FASTmrMLM","PstI.TP446572","11","3426","-5.7825e-06","0.0013","A"
"4","Trait5","FASTmrMLM","PstI.TP446629","11","3427","4.912e-06","0.0011","C"
"4","Trait5","FASTmrMLM","PstI.TP446652","11","3428","-2.8166e-05","0.0062","A"
"4","Trait5","FASTmrMLM","PstI.TP446790","11","3429","0.1191","1.3141","C"
"4","Trait5","FASTmrMLM","PstI.TP447632","11","3431","1.2549e-05","0.0027","C"
"4","Trait5","FASTmrMLM","PstI.TP447831","11","3432","1.4712e-05","0.0032","A"
"4","Trait5","FASTmrMLM","PstI.TP447981","11","3433","-0.2814","1.5306","A"
"4","Trait5","FASTmrMLM","PstI.TP448357","11","3434","2.536e-05","0.0056","A"
"4","Trait5","FASTmrMLM","PstI.TP448414","11","3435","1.0351e-05","0.0023","C"
"4","Trait5","FASTmrMLM","PstI.TP448477","11","3436","-1.3201e-05","0.0029","C"
"4","Trait5","FASTmrMLM","PstI.TP448699","11","3438","8.3649e-06","0.0018","C"
"4","Trait5","FASTmrMLM","PstI.TP448792","11","3439","3.4579e-06","8e-04","C"
"4","Trait5","FASTmrMLM","PstI.TP449089","11","3441","5.6271e-06","0.0012","G"
"4","Trait5","FASTmrMLM","PstI.TP449209","11","3442","0.0717","0.8399","A"
"4","Trait5","FASTmrMLM","PstI.TP449252","11","3443","-3.385e-05","0.0074","C"
"4","Trait5","FASTmrMLM","PstI.TP449531","11","3444","0.0789","0.3517","C"
"4","Trait5","FASTmrMLM","PstI.TP449599","11","3445","3.5319e-05","0.0078","A"
"4","Trait5","FASTmrMLM","PstI.TP449951","11","3446","6.3916e-05","0.0082","C"
"4","Trait5","FASTmrMLM","PstI.TP450500","11","3448","1.7042e-05","0.0037","G"
"4","Trait5","FASTmrMLM","PstI.TP450610","11","3449","3.1646e-05","0.0069","G"
"4","Trait5","FASTmrMLM","PstI.TP450913","11","3450","0.0849","0.5777","A"
"4","Trait5","FASTmrMLM","PstI.TP450940","11","3451","5.2453e-06","0.0011","C"
"4","Trait5","FASTmrMLM","PstI.TP451164","11","3454","-0.0315","0.2824","A"
"4","Trait5","FASTmrMLM","PstI.TP451280","11","3455","-0.0666","0.6919","C"
"4","Trait5","FASTmrMLM","PstI.TP451421","11","3456","9.8951e-06","0.0022","C"
"4","Trait5","FASTmrMLM","PstI.TP451532","11","3457","-0.0285","0.2503","C"
"4","Trait5","FASTmrMLM","PstI.TP451663","11","3458","3.4576e-05","0.0076","A"
"4","Trait5","FASTmrMLM","PstI.TP451776","11","3459","1.9438e-05","0.0043","C"
"4","Trait5","FASTmrMLM","PstI.TP451853","11","3460","-0.0831","0.9147","C"
"4","Trait5","FASTmrMLM","PstI.TP452061","11","3461","3.5049e-06","8e-04","A"
"4","Trait5","FASTmrMLM","PstI.TP452142","11","3462","-8.8428e-06","0.0019","G"
"4","Trait5","FASTmrMLM","PstI.TP452151","11","3463","0.1183","0.4923","A"
"4","Trait5","FASTmrMLM","PstI.TP452465","11","3464","-1.467e-05","0.0032","C"
"4","Trait5","FASTmrMLM","PstI.TP452924","11","3465","6.5535e-06","0.0014","A"
"4","Trait5","FASTmrMLM","PstI.TP452961","11","3466","0.0215","0.3201","A"
"4","Trait5","FASTmrMLM","PstI.TP453074","11","3468","2.8609e-05","0.0063","A"
"4","Trait5","FASTmrMLM","PstI.TP453103","11","3469","-1.2648e-05","0.0028","C"
"4","Trait5","FASTmrMLM","PstI.TP453160","11","3470","-1.2966e-05","0.0028","C"
"4","Trait5","FASTmrMLM","PstI.TP453182","11","3471","-1.2696e-05","0.0028","A"
"4","Trait5","FASTmrMLM","PstI.TP453411","11","3472","-8.8057e-06","0.0019","A"
"4","Trait5","FASTmrMLM","PstI.TP453426","11","3473","-1.4965e-05","0.0033","A"
"4","Trait5","FASTmrMLM","PstI.TP453485","11","3475","-1.8386e-05","0.004","C"
"4","Trait5","FASTmrMLM","PstI.TP453578","11","3476","-1.5899e-05","0.0035","A"
"4","Trait5","FASTmrMLM","PstI.TP453580","11","3477","-1.0525e-06","2e-04","A"
"4","Trait5","FASTmrMLM","PstI.TP453721","11","3478","2.3944e-05","0.0052","C"
"4","Trait5","FASTmrMLM","PstI.TP453722","11","3479","0.0357","0.3238","C"
"4","Trait5","FASTmrMLM","PstI.TP454066","11","3480","-5.5217e-07","1e-04","G"
"4","Trait5","FASTmrMLM","PstI.TP454197","11","3481","-2.1209e-05","0.0046","C"
"4","Trait5","FASTmrMLM","PstI.TP454344","11","3482","3.3679e-06","7e-04","A"
"4","Trait5","FASTmrMLM","PstI.TP454650","11","3483","2.6265e-05","0.0058","C"
"4","Trait5","FASTmrMLM","PstI.TP454878","11","3484","-0.0375","0.4106","C"
"4","Trait5","FASTmrMLM","PstI.TP454907","11","3485","-2.7946e-05","0.0061","A"
"4","Trait5","FASTmrMLM","PstI.TP455498","11","3486","0.1065","0.3424","G"
"4","Trait5","FASTmrMLM","PstI.TP455544","11","3487","-2.5653e-05","0.0056","C"
"4","Trait5","FASTmrMLM","PstI.TP455766","11","3488","4.3894e-06","0.001","G"
"4","Trait5","FASTmrMLM","PstI.TP455986","11","3490","-1.0232e-05","0.0022","A"
"4","Trait5","FASTmrMLM","PstI.TP456103","11","3491","-3.0627e-05","0.0067","G"
"4","Trait5","FASTmrMLM","PstI.TP457038","11","3493","1.9445e-05","0.0043","C"
"4","Trait5","FASTmrMLM","PstI.TP457321","11","3495","-0.0172","0.2268","G"
"4","Trait5","FASTmrMLM","PstI.TP457399","11","3496","5.0356e-06","0.0011","A"
"4","Trait5","FASTmrMLM","PstI.TP457407","11","3497","1.0458e-05","0.0023","G"
"4","Trait5","FASTmrMLM","PstI.TP457659","11","3498","-5.2325e-06","0.0011","C"
"4","Trait5","FASTmrMLM","PstI.TP457972","11","3499","-8.4451e-06","0.0018","C"
"4","Trait5","FASTmrMLM","PstI.TP458032","11","3500","-1.192e-05","0.0026","C"
"4","Trait5","FASTmrMLM","PstI.TP458316","11","3501","1.0892e-05","0.0024","A"
"4","Trait5","FASTmrMLM","PstI.TP458335","11","3502","-0.1055","0.951","C"
"4","Trait5","FASTmrMLM","PstI.TP459082","11","3504","-0.074","0.6771","A"
"4","Trait5","FASTmrMLM","PstI.TP459158","11","3505","-2.4127e-05","0.0053","A"
"4","Trait5","FASTmrMLM","PstI.TP459430","11","3506","1.7549e-05","0.0038","A"
"4","Trait5","FASTmrMLM","PstI.TP459505","11","3507","-2e-04","0.0121","A"
"4","Trait5","FASTmrMLM","PstI.TP459565","11","3508","-1.7272e-05","0.0038","A"
"4","Trait5","FASTmrMLM","PstI.TP459584","11","3509","-0.1446","0.6096","C"
"4","Trait5","FASTmrMLM","PstI.TP459896","11","3510","1.0582e-05","0.0023","C"
"4","Trait5","FASTmrMLM","PstI.TP459900","11","3511","1.7364e-06","4e-04","A"
"4","Trait5","FASTmrMLM","PstI.TP460035","11","3512","-2.1842e-05","0.0048","C"
"4","Trait5","FASTmrMLM","PstI.TP460037","11","3513","-1.1399e-05","0.0025","C"
"4","Trait5","FASTmrMLM","PstI.TP460090","11","3514","0.1114","0.7392","A"
"4","Trait5","FASTmrMLM","PstI.TP460107","11","3515","-8.4018e-06","0.0018","A"
"4","Trait5","FASTmrMLM","PstI.TP460472","11","3517","0.0806","0.3553","A"
"4","Trait5","FASTmrMLM","PstI.TP460679","11","3519","-1.2504e-05","0.0027","A"
"4","Trait5","FASTmrMLM","PstI.TP460814","11","3520","4.6457e-06","0.001","G"
"4","Trait5","FASTmrMLM","PstI.TP460830","11","3521","0.0805","0.4193","C"
"4","Trait5","FASTmrMLM","PstI.TP460863","11","3522","-0.0991","0.5799","A"
"4","Trait5","FASTmrMLM","PstI.TP460941","11","3523","-5.2403e-06","0.0011","C"
"4","Trait5","FASTmrMLM","PstI.TP460989","11","3524","-0.0371","0.2324","C"
"4","Trait5","FASTmrMLM","PstI.TP461194","11","3525","1.6516e-06","4e-04","C"
"4","Trait5","FASTmrMLM","PstI.TP461447","11","3527","0.0562","0.2686","A"
"4","Trait5","FASTmrMLM","PstI.TP461801","11","3528","-1.9922e-05","0.0044","A"
"4","Trait5","FASTmrMLM","PstI.TP463088","11","3529","2.401e-05","0.0053","C"
"4","Trait5","FASTmrMLM","PstI.TP463211","11","3530","1.0643e-05","0.0023","C"
"4","Trait5","FASTmrMLM","PstI.TP463329","11","3531","1.692e-05","0.0037","C"
"4","Trait5","FASTmrMLM","PstI.TP463648","11","3532","9.9129e-06","0.0022","C"
"4","Trait5","FASTmrMLM","PstI.TP464095","11","3533","1.9628e-05","0.0043","G"
"4","Trait5","FASTmrMLM","PstI.TP464186","11","3534","-4.9161e-06","0.0011","C"
"4","Trait5","FASTmrMLM","PstI.TP464241","11","3535","-6.7008e-06","0.0015","A"
"4","Trait5","FASTmrMLM","PstI.TP464435","11","3536","-1.4481e-06","3e-04","C"
"4","Trait5","FASTmrMLM","PstI.TP464460","11","3537","-1.7401e-05","0.0038","A"
"4","Trait5","FASTmrMLM","PstI.TP464630","11","3538","-5.3008e-06","0.0012","A"
"4","Trait5","FASTmrMLM","PstI.TP464884","11","3541","-1.344e-05","0.0029","C"
"4","Trait5","FASTmrMLM","PstI.TP464910","11","3542","2.6809e-05","0.0059","A"
"4","Trait5","FASTmrMLM","PstI.TP464920","11","3543","0.0812","0.8563","A"
"4","Trait5","FASTmrMLM","PstI.TP465425","11","3545","-6.9353e-06","0.0015","A"
"4","Trait5","FASTmrMLM","PstI.TP465891","11","3546","-2.6853e-05","0.0059","G"
"4","Trait5","FASTmrMLM","PstI.TP466360","11","3547","3.0478e-05","0.0067","C"
"4","Trait5","FASTmrMLM","PstI.TP466877","11","3549","1.4956e-06","3e-04","C"
"4","Trait5","FASTmrMLM","PstI.TP466878","11","3550","0.0499","0.5304","C"
"4","Trait5","FASTmrMLM","PstI.TP467138","11","3552","0.04","0.5087","A"
"4","Trait5","FASTmrMLM","PstI.TP467145","11","3553","4.368e-06","0.001","A"
"4","Trait5","FASTmrMLM","PstI.TP467352","11","3554","7.4935e-06","0.0016","A"
"4","Trait5","FASTmrMLM","PstI.TP467396","11","3555","-1.6192e-05","0.0035","A"
"4","Trait5","FASTmrMLM","PstI.TP467512","11","3556","1.3078e-06","3e-04","C"
"4","Trait5","FASTmrMLM","PstI.TP467821","11","3557","-0.1117","0.9419","C"
"4","Trait5","FASTmrMLM","PstI.TP468243","11","3559","-0.0504","0.3124","C"
"4","Trait5","FASTmrMLM","PstI.TP468410","11","3560","1.6964e-05","0.0037","A"
"4","Trait5","FASTmrMLM","PstI.TP468651","11","3561","-2.1319e-05","0.0047","C"
"4","Trait5","FASTmrMLM","PstI.TP468700","11","3562","-0.0278","0.3219","C"
"4","Trait5","FASTmrMLM","PstI.TP468958","11","3564","4.1516e-06","9e-04","C"
"4","Trait5","FASTmrMLM","PstI.TP469094","11","3565","1.0033e-06","2e-04","A"
"4","Trait5","FASTmrMLM","PstI.TP469119","11","3566","-3.9477e-05","0.0087","C"
"4","Trait5","FASTmrMLM","PstI.TP469162","11","3567","0.1668","1.1394","C"
"4","Trait5","FASTmrMLM","PstI.TP469475","11","3568","1.5429e-05","0.0034","C"
"4","Trait5","FASTmrMLM","PstI.TP469533","11","3570","1.1119e-05","0.0024","C"
"4","Trait5","FASTmrMLM","PstI.TP469587","11","3571","3.145e-06","7e-04","G"
"4","Trait5","FASTmrMLM","PstI.TP469722","11","3572","0.4556","2.8668","C"
"4","Trait5","FASTmrMLM","PstI.TP469898","11","3573","-4.8973e-06","0.0011","A"
"4","Trait5","FASTmrMLM","PstI.TP470111","11","3574","9.3494e-06","0.002","A"
"4","Trait5","FASTmrMLM","PstI.TP470828","11","3576","0.0595","0.5026","A"
"4","Trait5","FASTmrMLM","PstI.TP470855","11","3577","-2.4503e-06","5e-04","C"
"4","Trait5","FASTmrMLM","PstI.TP471390","11","3579","1.1869e-05","0.0026","C"
"4","Trait5","FASTmrMLM","PstI.TP471554","11","3580","-0.0504","0.3481","A"
"4","Trait5","FASTmrMLM","PstI.TP471768","11","3581","4.2393e-06","9e-04","C"
"4","Trait5","FASTmrMLM","PstI.TP471808","11","3582","-2.0417e-05","0.0045","A"
"4","Trait5","FASTmrMLM","PstI.TP471886","11","3583","-2e-04","0.0123","A"
"4","Trait5","FASTmrMLM","PstI.TP472030","11","3584","-0.1929","1.2501","C"
"4","Trait5","FASTmrMLM","PstI.TP472049","11","3585","1.7049e-05","0.0037","C"
"4","Trait5","FASTmrMLM","PstI.TP472116","11","3587","0.0282","0.2342","G"
"4","Trait5","FASTmrMLM","PstI.TP472201","11","3588","-1.9064e-06","4e-04","A"
"4","Trait5","FASTmrMLM","PstI.TP472234","11","3589","-0.0755","0.3895","C"
"4","Trait5","FASTmrMLM","PstI.TP472247","11","3590","0.0898","0.9111","C"
"4","Trait5","FASTmrMLM","PstI.TP473003","11","3592","9.3473e-06","0.002","C"
"4","Trait5","FASTmrMLM","PstI.TP473021","11","3593","-2.7327e-05","0.006","A"
"4","Trait5","FASTmrMLM","PstI.TP473090","11","3594","0.0653","0.389","A"
"4","Trait5","FASTmrMLM","PstI.TP473452","11","3597","-1.5369e-06","3e-04","A"
"4","Trait5","FASTmrMLM","PstI.TP473508","11","3598","1.624e-05","0.0035","A"
"4","Trait5","FASTmrMLM","PstI.TP473628","11","3599","-1.2544e-05","0.0027","A"
"4","Trait5","FASTmrMLM","PstI.TP474063","11","3601","1.8662e-05","0.0041","C"
"4","Trait5","FASTmrMLM","PstI.TP474150","11","3602","-0.0287","0.2159","A"
"4","Trait5","FASTmrMLM","PstI.TP474720","11","3603","1e-04","0.01","A"
"4","Trait5","FASTmrMLM","PstI.TP475178","11","3604","-0.1197","1.2076","A"
"4","Trait5","FASTmrMLM","PstI.TP475415","11","3605","-0.0952","1.0335","A"
"4","Trait5","FASTmrMLM","PstI.TP475534","11","3607","1.0626e-06","2e-04","C"
"4","Trait5","FASTmrMLM","PstI.TP475806","11","3608","8.6322e-06","0.0019","C"
"4","Trait5","FASTmrMLM","PstI.TP475852","11","3609","0.0889","0.5337","C"
"4","Trait5","FASTmrMLM","PstI.TP475936","11","3610","-2.6007e-05","0.0057","C"
"4","Trait5","FASTmrMLM","PstI.TP475953","11","3611","0.1579","0.898","C"
"4","Trait5","FASTmrMLM","PstI.TP475981","11","3612","-1.1054e-05","0.0024","C"
"4","Trait5","FASTmrMLM","PstI.TP475994","11","3613","0.0242","0.2753","C"
"4","Trait5","FASTmrMLM","PstI.TP476029","11","3615","7.6531e-06","0.0017","A"
"4","Trait5","FASTmrMLM","PstI.TP476206","11","3616","5.3861e-06","0.0012","C"
"4","Trait5","FASTmrMLM","PstI.TP476212","11","3617","-1.8818e-05","0.0041","A"
"4","Trait5","FASTmrMLM","PstI.TP476360","11","3618","8.2836e-06","0.0018","C"
"4","Trait5","FASTmrMLM","PstI.TP476562","11","3619","2.0287e-05","0.0044","C"
"4","Trait5","FASTmrMLM","PstI.TP477226","11","3621","0.0564","0.4273","A"
"4","Trait5","FASTmrMLM","PstI.TP477293","11","3622","-1.4157e-05","0.0031","A"
"4","Trait5","FASTmrMLM","PstI.TP477471","11","3623","-7.5512e-06","0.0016","A"
"4","Trait5","FASTmrMLM","PstI.TP477500","11","3624","2.5107e-05","0.0055","A"
"4","Trait5","FASTmrMLM","PstI.TP477501","11","3625","-1.5478e-05","0.0034","C"
"4","Trait5","FASTmrMLM","PstI.TP477505","11","3626","2.5216e-05","0.0055","A"
"4","Trait5","FASTmrMLM","PstI.TP477611","11","3627","-1.5139e-05","0.0033","A"
"4","Trait5","FASTmrMLM","PstI.TP477641","11","3628","-2.9579e-05","0.0065","C"
"4","Trait5","FASTmrMLM","PstI.TP477939","11","3629","-1.5422e-05","0.0034","A"
"4","Trait5","FASTmrMLM","PstI.TP478207","11","3630","2.59e-05","0.0057","A"
"4","Trait5","FASTmrMLM","PstI.TP478241","11","3631","3.7031e-05","0.0081","A"
"4","Trait5","FASTmrMLM","PstI.TP478418","11","3633","0.2878","1.5315","G"
"4","Trait5","FASTmrMLM","PstI.TP478815","11","3634","0.0253","0.2947","A"
"4","Trait5","FASTmrMLM","PstI.TP478844","11","3635","1.6071e-05","0.0035","G"
"4","Trait5","FASTmrMLM","PstI.TP479081","11","3636","-9.8691e-06","0.0022","C"
"4","Trait5","FASTmrMLM","PstI.TP479083","11","3637","-6.3194e-06","0.0014","A"
"4","Trait5","FASTmrMLM","PstI.TP479093","11","3638","-2.0902e-05","0.004","A"
"4","Trait5","FASTmrMLM","PstI.TP479356","11","3639","-1.7981e-05","0.0039","C"
"4","Trait5","FASTmrMLM","PstI.TP479968","11","3641","-1.4204e-05","0.0031","C"
"4","Trait5","FASTmrMLM","PstI.TP480358","11","3642","-0.0159","0.2617","C"
"4","Trait5","FASTmrMLM","PstI.TP480563","11","3643","-4.4954e-05","0.0099","A"
"4","Trait5","FASTmrMLM","PstI.TP480771","11","3644","7.1668e-06","0.0016","C"
"4","Trait5","FASTmrMLM","PstI.TP480911","11","3645","4.0302e-05","0.0089","C"
"4","Trait5","FASTmrMLM","PstI.TP481157","11","3646","-1.3403e-05","0.0029","C"
"4","Trait5","FASTmrMLM","PstI.TP481484","11","3647","7.6799e-06","0.0017","A"
"4","Trait5","FASTmrMLM","PstI.TP481507","11","3648","-1.6879e-05","0.0037","C"
"4","Trait5","FASTmrMLM","PstI.TP481610","11","3649","-3.1291e-05","0.0069","A"
"4","Trait5","FASTmrMLM","PstI.TP481850","11","3651","0.014","0.1992","A"
"4","Trait5","FASTmrMLM","PstI.TP482128","11","3652","-5.6497e-05","0.0082","C"
"4","Trait5","FASTmrMLM","PstI.TP482374","11","3655","-2.6142e-05","0.0057","C"
"4","Trait5","FASTmrMLM","PstI.TP482485","11","3656","-9.5776e-06","0.0021","A"
"4","Trait5","FASTmrMLM","PstI.TP482786","11","3658","8.1763e-05","0.0093","G"
"4","Trait5","FASTmrMLM","PstI.TP482851","11","3659","-2.9795e-05","0.0065","C"
"4","Trait5","FASTmrMLM","PstI.TP483019","11","3660","-0.0696","0.3909","G"
"4","Trait5","FASTmrMLM","PstI.TP483021","11","3661","-0.1314","0.7484","C"
"4","Trait5","FASTmrMLM","PstI.TP483332","11","3662","0.1042","0.4491","A"
"4","Trait5","FASTmrMLM","PstI.TP483562","11","3663","-1.5719e-05","0.0034","A"
"4","Trait5","FASTmrMLM","PstI.TP483603","11","3664","-9.5152e-06","0.0021","C"
"4","Trait5","FASTmrMLM","PstI.TP483619","11","3665","-4.8564e-06","0.0011","C"
"4","Trait5","FASTmrMLM","PstI.TP483713","11","3666","-5.9097e-06","0.0013","C"
"4","Trait5","FASTmrMLM","PstI.TP483726","11","3667","1.4411e-05","0.0031","A"
"4","Trait5","FASTmrMLM","PstI.TP483748","11","3668","0.145","0.9951","A"
"4","Trait5","FASTmrMLM","PstI.TP483928","11","3669","-1.3865e-05","0.003","C"
"4","Trait5","FASTmrMLM","PstI.TP483938","11","3670","-0.0243","0.3067","C"
"4","Trait5","FASTmrMLM","PstI.TP483940","11","3671","-0.0479","0.4697","C"
"4","Trait5","FASTmrMLM","PstI.TP484104","11","3672","-1.8825e-05","0.0041","C"
"4","Trait5","FASTmrMLM","PstI.TP485423","11","3675","1.7304e-06","4e-04","C"
"4","Trait5","FASTmrMLM","PstI.TP485510","11","3676","-2.1838e-05","0.0048","C"
"4","Trait5","FASTmrMLM","PstI.TP486255","11","3678","-1.6269e-05","0.0036","A"
"4","Trait5","FASTmrMLM","PstI.TP486260","11","3679","3.1632e-06","7e-04","A"
"4","Trait5","FASTmrMLM","PstI.TP683339","11","3679","-0.0305","0.3117","A"
"4","Trait5","FASTmrMLM","PstI.TP486314","11","3680","0.2535","1.0381","C"
"4","Trait5","FASTmrMLM","PstI.TP486321","11","3681","1.9422e-06","4e-04","A"
"4","Trait5","FASTmrMLM","PstI.TP486337","11","3682","2.3723e-05","0.0052","A"
"4","Trait5","FASTmrMLM","PstI.TP486383","11","3683","0.1434","0.7868","A"
"4","Trait5","FASTmrMLM","PstI.TP486408","11","3684","-0.0408","0.5268","C"
"4","Trait5","FASTmrMLM","PstI.TP486535","11","3685","-3.592e-05","0.0079","A"
"4","Trait5","FASTmrMLM","PstI.TP486556","11","3686","-0.0515","0.2265","A"
"4","Trait5","FASTmrMLM","PstI.TP486577","11","3687","1.4638e-07","3.1863e-05","A"
"4","Trait5","FASTmrMLM","PstI.TP486582","11","3688","2.7058e-05","0.0059","G"
"4","Trait5","FASTmrMLM","PstI.TP486622","11","3689","1.8223e-05","0.004","C"
"4","Trait5","FASTmrMLM","PstI.TP486941","11","3690","2.8891e-07","6.2874e-05","C"
"4","Trait5","FASTmrMLM","PstI.TP487027","11","3691","-1.8235e-07","3.9686e-05","C"
"4","Trait5","FASTmrMLM","PstI.TP487244","11","3692","1.9692e-05","0.0043","A"
"4","Trait5","FASTmrMLM","PstI.TP487376","11","3693","-0.169","1.3174","C"
"4","Trait5","FASTmrMLM","PstI.TP487491","11","3694","6.9288e-06","0.0015","A"
"4","Trait5","FASTmrMLM","PstI.TP487648","11","3695","1.9079e-05","0.0042","A"
"4","Trait5","FASTmrMLM","PstI.TP487710","11","3697","-1.632e-06","4e-04","C"
"4","Trait5","FASTmrMLM","PstI.TP487776","11","3698","3.6429e-06","8e-04","C"
"4","Trait5","FASTmrMLM","PstI.TP488416","11","3701","2.3079e-05","0.0051","C"
"4","Trait5","FASTmrMLM","PstI.TP488827","11","3703","-6.4849e-06","0.0014","C"
"4","Trait5","FASTmrMLM","PstI.TP488963","11","3705","2.8194e-05","0.0062","C"
"4","Trait5","FASTmrMLM","PstI.TP489019","11","3706","-1.0226e-05","0.0022","C"
"4","Trait5","FASTmrMLM","PstI.TP489301","11","3708","4.5316e-06","0.001","A"
"4","Trait5","FASTmrMLM","PstI.TP489313","11","3709","-3.8534e-05","0.0085","A"
"4","Trait5","FASTmrMLM","PstI.TP489471","11","3710","1.2655e-05","0.0028","A"
"4","Trait5","FASTmrMLM","PstI.TP489507","11","3711","0.0491","0.5176","G"
"4","Trait5","FASTmrMLM","PstI.TP489768","11","3713","0.0316","0.2794","C"
"4","Trait5","FASTmrMLM","PstI.TP489845","11","3714","-1.2344e-05","0.0027","A"
"4","Trait5","FASTmrMLM","PstI.TP489938","11","3716","1.4766e-05","0.0032","C"
"4","Trait5","FASTmrMLM","PstI.TP490102","11","3717","1.5232e-06","3e-04","G"
"4","Trait5","FASTmrMLM","PstI.TP490113","11","3718","1.4271e-06","3e-04","A"
"4","Trait5","FASTmrMLM","PstI.TP490145","11","3719","-0.0543","0.5746","A"
"4","Trait5","FASTmrMLM","PstI.TP490506","11","3721","-8.0392e-06","0.0018","G"
"4","Trait5","FASTmrMLM","PstI.TP490688","11","3722","-0.0751","0.5214","C"
"4","Trait5","FASTmrMLM","PstI.TP490707","11","3723","5.4003e-06","0.0012","C"
"4","Trait5","FASTmrMLM","PstI.TP490731","11","3724","0.1135","1.151","A"
"4","Trait5","FASTmrMLM","PstI.TP490779","11","3725","2.7513e-06","6e-04","C"
"4","Trait5","FASTmrMLM","PstI.TP490964","11","3726","-2.9455e-06","6e-04","A"
"4","Trait5","FASTmrMLM","PstI.TP491101","11","3727","1.2576e-05","0.0027","A"
"4","Trait5","FASTmrMLM","PstI.TP491206","11","3728","0.0147","0.1768","A"
"4","Trait5","FASTmrMLM","PstI.TP491243","11","3729","4.1816e-05","0.0092","G"
"4","Trait5","FASTmrMLM","PstI.TP491245","11","3730","-2.9004e-05","0.0064","G"
"4","Trait5","FASTmrMLM","PstI.TP491452","11","3731","-3.2683e-06","7e-04","A"
"4","Trait5","FASTmrMLM","PstI.TP491688","11","3732","1.9545e-05","0.0043","A"
"4","Trait5","FASTmrMLM","PstI.TP491689","11","3733","-3.0156e-05","0.0066","C"
"4","Trait5","FASTmrMLM","PstI.TP491703","11","3734","0.101","1.2704","C"
"4","Trait5","FASTmrMLM","PstI.TP492052","11","3735","4.2248e-05","0.0093","A"
"4","Trait5","FASTmrMLM","PstI.TP492152","11","3736","-1.2903e-05","0.0028","C"
"4","Trait5","FASTmrMLM","PstI.TP492157","11","3737","-1.1138e-05","0.0024","C"
"4","Trait5","FASTmrMLM","PstI.TP492185","11","3738","0.2244","2.2994","A"
"4","Trait5","FASTmrMLM","PstI.TP492299","11","3739","0.323","3.3809","G"
"4","Trait5","FASTmrMLM","PstI.TP493510","11","3740","3.1902e-06","7e-04","C"
"4","Trait5","FASTmrMLM","PstI.TP493785","11","3741","7.8735e-06","0.0017","A"
"4","Trait5","FASTmrMLM","PstI.TP494076","11","3742","-1.0537e-05","0.0023","A"
"4","Trait5","FASTmrMLM","PstI.TP494085","11","3743","-1.0959e-06","2e-04","A"
"4","Trait5","FASTmrMLM","PstI.TP494133","11","3744","-2.0624e-05","0.0045","A"
"4","Trait5","FASTmrMLM","PstI.TP494252","11","3745","1.2205e-05","0.0027","A"
"4","Trait5","FASTmrMLM","PstI.TP494571","11","3746","-6.0221e-06","0.0013","C"
"4","Trait5","FASTmrMLM","PstI.TP494701","11","3747","-3.2009e-05","0.007","A"
"4","Trait5","FASTmrMLM","PstI.TP494967","11","3749","-1.4487e-05","0.0032","A"
"4","Trait5","FASTmrMLM","PstI.TP494979","11","3750","-0.2148","0.7314","C"
"4","Trait5","FASTmrMLM","PstI.TP495241","11","3751","-1.1579e-06","3e-04","A"
"4","Trait5","FASTmrMLM","PstI.TP495303","11","3752","-0.1257","0.8002","C"
"4","Trait5","FASTmrMLM","PstI.TP495357","11","3753","-0.0427","0.3985","A"
"4","Trait5","FASTmrMLM","PstI.TP495423","11","3754","8.8135e-06","0.0019","A"
"4","Trait5","FASTmrMLM","PstI.TP495506","11","3755","-3.3457e-05","0.0073","C"
"4","Trait5","FASTmrMLM","PstI.TP496101","11","3758","1.3984e-05","0.0031","C"
"4","Trait5","FASTmrMLM","PstI.TP496119","11","3759","1.3096e-05","0.0029","C"
"4","Trait5","FASTmrMLM","PstI.TP496252","11","3761","4.3274e-05","0.0074","C"
"4","Trait5","FASTmrMLM","PstI.TP496256","11","3762","5.7517e-07","1e-04","A"
"4","Trait5","FASTmrMLM","PstI.TP496814","11","3764","-0.0326","0.3987","C"
"4","Trait5","FASTmrMLM","PstI.TP497168","11","3766","0.1019","0.6339","A"
"4","Trait5","FASTmrMLM","PstI.TP497226","11","3767","-0.1129","0.7042","G"
"4","Trait5","FASTmrMLM","PstI.TP497284","11","3768","-7.0744e-06","0.0015","A"
"4","Trait5","FASTmrMLM","PstI.TP497329","11","3769","-0.3496","2.0203","A"
"4","Trait5","FASTmrMLM","PstI.TP497572","11","3771","-9.0212e-06","0.002","C"
"4","Trait5","FASTmrMLM","PstI.TP497649","11","3772","-0.1253","0.73","A"
"4","Trait5","FASTmrMLM","PstI.TP497711","11","3773","2.433e-05","0.0053","G"
"4","Trait5","FASTmrMLM","PstI.TP497788","11","3774","0.2431","0.8159","A"
"4","Trait5","FASTmrMLM","PstI.TP497792","11","3775","-0.0992","1.4054","C"
"4","Trait5","FASTmrMLM","PstI.TP497823","11","3776","1.9597e-05","0.0043","G"
"4","Trait5","FASTmrMLM","PstI.TP498020","11","3778","4.2665e-07","9.2854e-05","A"
"4","Trait5","FASTmrMLM","PstI.TP498363","11","3779","-2.8128e-05","0.0062","C"
"4","Trait5","FASTmrMLM","PstI.TP498475","11","3780","-4.2659e-05","0.0094","A"
"4","Trait5","FASTmrMLM","PstI.TP498478","11","3781","-3.401e-06","7e-04","G"
"4","Trait5","FASTmrMLM","PstI.TP498552","11","3782","-0.018","0.1935","C"
"4","Trait5","FASTmrMLM","PstI.TP498600","11","3783","1.6703e-05","0.0037","C"
"4","Trait5","FASTmrMLM","PstI.TP498648","11","3784","-2.8715e-06","6e-04","A"
"4","Trait5","FASTmrMLM","PstI.TP498655","11","3785","-0.0144","0.226","C"
"4","Trait5","FASTmrMLM","PstI.TP498962","11","3786","-3.8388e-05","0.0063","C"
"4","Trait5","FASTmrMLM","PstI.TP499343","11","3787","4e-04","0.0175","A"
"4","Trait5","FASTmrMLM","PstI.TP500543","11","3788","-1.9531e-05","0.0043","A"
"4","Trait5","FASTmrMLM","PstI.TP500993","11","3790","0.0922","0.77","A"
"4","Trait5","FASTmrMLM","PstI.TP501044","11","3791","2.6157e-05","0.0057","A"
"4","Trait5","FASTmrMLM","PstI.TP501801","11","3792","-0.0425","0.4792","C"
"4","Trait5","FASTmrMLM","PstI.TP502309","11","3794","-1.0237e-05","0.0022","C"
"4","Trait5","FASTmrMLM","PstI.TP502400","11","3795","1.4548e-05","0.0032","G"
"4","Trait5","FASTmrMLM","PstI.TP502457","11","3796","-0.1558","0.6654","C"
"4","Trait5","FASTmrMLM","PstI.TP502534","11","3797","9.8e-06","0.0021","A"
"4","Trait5","FASTmrMLM","PstI.TP502614","11","3798","4.0846e-06","9e-04","A"
"4","Trait5","FASTmrMLM","PstI.TP502917","11","3800","-0.191","1.1313","C"
"4","Trait5","FASTmrMLM","PstI.TP503042","11","3801","-1.1187e-05","0.0024","A"
"4","Trait5","FASTmrMLM","PstI.TP503217","11","3803","-2.2029e-05","0.0048","A"
"4","Trait5","FASTmrMLM","PstI.TP503283","11","3804","2.4683e-05","0.0054","A"
"4","Trait5","FASTmrMLM","PstI.TP503296","11","3805","5.4589e-07","1e-04","A"
"4","Trait5","FASTmrMLM","PstI.TP503304","11","3806","7.7304e-06","0.0017","A"
"4","Trait5","FASTmrMLM","PstI.TP503346","11","3807","1.2923e-05","0.0028","C"
"4","Trait5","FASTmrMLM","PstI.TP503865","11","3809","0.2444","0.8427","C"
"4","Trait5","FASTmrMLM","PstI.TP504045","11","3810","3.6384e-05","0.008","C"
"4","Trait5","FASTmrMLM","PstI.TP504306","11","3811","-1.0625e-05","0.0023","A"
"4","Trait5","FASTmrMLM","PstI.TP504380","11","3812","3.1657e-05","0.0069","A"
"4","Trait5","FASTmrMLM","PstI.TP504430","11","3813","-1.2284e-05","0.0027","C"
"4","Trait5","FASTmrMLM","PstI.TP504532","11","3814","0.1908","0.7568","C"
"4","Trait5","FASTmrMLM","PstI.TP504873","11","3815","-5.2021e-06","0.0011","C"
"4","Trait5","FASTmrMLM","PstI.TP505079","11","3817","-2.0088e-05","0.0044","A"
"4","Trait5","FASTmrMLM","PstI.TP505395","11","3818","4.7677e-06","0.001","C"
"4","Trait5","FASTmrMLM","PstI.TP505412","11","3819","7.4184e-06","0.0016","G"
"4","Trait5","FASTmrMLM","PstI.TP505534","11","3820","-1.876e-07","4.0827e-05","C"
"4","Trait5","FASTmrMLM","PstI.TP505800","11","3821","1.3253e-05","0.0029","A"
"4","Trait5","FASTmrMLM","PstI.TP505977","11","3823","1.5888e-06","3e-04","A"
"4","Trait5","FASTmrMLM","PstI.TP506126","11","3824","-2.2572e-05","0.0049","C"
"4","Trait5","FASTmrMLM","PstI.TP506446","11","3826","0.0242","0.1815","G"
"4","Trait5","FASTmrMLM","PstI.TP506638","11","3827","-6.483e-06","0.0014","C"
"4","Trait5","FASTmrMLM","PstI.TP507006","11","3829","-1.2229e-06","3e-04","A"
"4","Trait5","FASTmrMLM","PstI.TP507073","11","3830","2.4754e-05","0.0054","A"
"4","Trait5","FASTmrMLM","PstI.TP507126","11","3831","-1e-04","0.0111","A"
"4","Trait5","FASTmrMLM","PstI.TP507172","11","3832","-4.1672e-06","9e-04","A"
"4","Trait5","FASTmrMLM","PstI.TP507267","11","3833","-1.5099e-05","0.0033","A"
"4","Trait5","FASTmrMLM","PstI.TP507515","11","3834","0.0775","0.8264","C"
"4","Trait5","FASTmrMLM","PstI.TP507814","11","3836","1.2672e-05","0.0028","C"
"4","Trait5","FASTmrMLM","PstI.TP507933","11","3837","-2.2335e-06","5e-04","C"
"4","Trait5","FASTmrMLM","PstI.TP508209","11","3838","0.1817","2.1092","C"
"4","Trait5","FASTmrMLM","PstI.TP508232","11","3839","-1.4371e-05","0.0031","G"
"4","Trait5","FASTmrMLM","PstI.TP508253","11","3840","7.8935e-06","0.0017","C"
"4","Trait5","FASTmrMLM","PstI.TP508753","11","3842","-2.9024e-06","6e-04","A"
"4","Trait5","FASTmrMLM","PstI.TP508911","11","3843","-0.0279","0.3387","A"
"4","Trait5","FASTmrMLM","PstI.TP508963","11","3844","-2.3305e-05","0.0051","A"
"4","Trait5","FASTmrMLM","PstI.TP509047","11","3846","-0.178","0.5471","C"
"4","Trait5","FASTmrMLM","PstI.TP509552","11","3848","7.5753e-06","0.0017","G"
"4","Trait5","FASTmrMLM","PstI.TP509584","11","3849","1.1302e-05","0.0025","A"
"4","Trait5","FASTmrMLM","PstI.TP509764","11","3850","2.0053e-05","0.0044","A"
"4","Trait5","FASTmrMLM","PstI.TP510204","11","3851","0.0617","0.4207","A"
"4","Trait5","FASTmrMLM","PstI.TP510308","11","3852","-7.3764e-06","0.0016","A"
"4","Trait5","FASTmrMLM","PstI.TP511205","11","3854","0.0104","0.1719","A"
"4","Trait5","FASTmrMLM","PstI.TP511311","11","3855","-1.7424e-05","0.0038","A"
"4","Trait5","FASTmrMLM","PstI.TP511515","11","3856","1.0343e-05","0.0023","A"
"4","Trait5","FASTmrMLM","PstI.TP511523","11","3857","-1.0079e-05","0.0022","A"
"4","Trait5","FASTmrMLM","PstI.TP511612","11","3858","1.785e-05","0.0039","A"
"4","Trait5","FASTmrMLM","PstI.TP511695","11","3859","-0.1258","0.5723","C"
"4","Trait5","FASTmrMLM","PstI.TP511947","11","3860","1e-04","0.0116","C"
"4","Trait5","FASTmrMLM","PstI.TP511957","11","3861","1.6964e-05","0.0037","G"
"4","Trait5","FASTmrMLM","PstI.TP512067","11","3863","0.2019","1.7128","C"
"4","Trait5","FASTmrMLM","PstI.TP512700","11","3866","2.8433e-05","0.0062","A"
"4","Trait5","FASTmrMLM","PstI.TP512725","11","3867","0.1076","0.8649","G"
"4","Trait5","FASTmrMLM","PstI.TP512755","11","3868","0.1391","0.7454","A"
"4","Trait5","FASTmrMLM","PstI.TP513297","11","3871","-3.5078e-06","8e-04","A"
"4","Trait5","FASTmrMLM","PstI.TP513834","11","3872","-2.8242e-05","0.0062","C"
"4","Trait5","FASTmrMLM","PstI.TP514153","11","3873","2.0311e-05","0.0044","G"
"4","Trait5","FASTmrMLM","PstI.TP514170","11","3874","7.6224e-07","2e-04","A"
"4","Trait5","FASTmrMLM","PstI.TP514216","11","3875","-1.2332e-05","0.0027","A"
"4","Trait5","FASTmrMLM","PstI.TP514680","11","3877","2.5184e-05","0.0055","C"
"4","Trait5","FASTmrMLM","PstI.TP514742","11","3878","-6.35e-06","0.0014","A"
"4","Trait5","FASTmrMLM","PstI.TP514752","11","3879","1.4431e-05","0.0032","C"
"4","Trait5","FASTmrMLM","PstI.TP514838","11","3880","7.8768e-06","0.0017","G"
"4","Trait5","FASTmrMLM","PstI.TP514845","11","3881","2.8005e-05","0.0061","C"
"4","Trait5","FASTmrMLM","PstI.TP515339","11","3882","-0.0352","0.3595","A"
"4","Trait5","FASTmrMLM","PstI.TP515539","11","3884","1.8038e-05","0.0039","A"
"4","Trait5","FASTmrMLM","PstI.TP515758","11","3885","9.4469e-06","0.0021","C"
"4","Trait5","FASTmrMLM","PstI.TP516159","11","3887","0.1017","0.8156","A"
"4","Trait5","FASTmrMLM","PstI.TP516426","11","3889","-0.0729","0.8085","G"
"4","Trait5","FASTmrMLM","PstI.TP516626","11","3890","0.0397","0.3993","A"
"4","Trait5","FASTmrMLM","PstI.TP516632","11","3891","0.0937","0.674","C"
"4","Trait5","FASTmrMLM","PstI.TP516660","11","3892","3.3427e-05","0.0073","A"
"4","Trait5","FASTmrMLM","PstI.TP516939","11","3893","-3.7123e-05","0.0082","G"
"4","Trait5","FASTmrMLM","PstI.TP517195","11","3894","2.4093e-06","5e-04","A"
"4","Trait5","FASTmrMLM","PstI.TP520958","11","3895","-3.7898e-06","8e-04","A"
"4","Trait5","FASTmrMLM","PstI.TP521385","11","3896","2.8131e-05","0.0062","A"
"4","Trait5","FASTmrMLM","PstI.TP521411","11","3897","1.1063e-05","0.0024","A"
"4","Trait5","FASTmrMLM","PstI.TP521576","11","3898","-1.7881e-05","0.0039","A"
"4","Trait5","FASTmrMLM","PstI.TP521628","11","3899","0.1216","1.218","C"
"4","Trait5","FASTmrMLM","PstI.TP521809","11","3900","-3.157e-05","0.0069","A"
"4","Trait5","FASTmrMLM","PstI.TP522119","11","3902","-3.8457e-06","8e-04","C"
"4","Trait5","FASTmrMLM","PstI.TP522635","11","3904","3.0741e-05","0.0067","C"
"4","Trait5","FASTmrMLM","PstI.TP522637","11","3905","2.3098e-05","0.0051","A"
"4","Trait5","FASTmrMLM","PstI.TP522715","11","3906","0.1727","1.8354","A"
"4","Trait5","FASTmrMLM","PstI.TP523224","11","3909","2.2454e-05","0.0049","A"
"4","Trait5","FASTmrMLM","PstI.TP523876","11","3913","-6.9527e-06","0.0015","A"
"4","Trait5","FASTmrMLM","PstI.TP523962","11","3914","-8.783e-06","0.0019","C"
"4","Trait5","FASTmrMLM","PstI.TP524216","11","3915","0.1246","0.659","A"
"4","Trait5","FASTmrMLM","PstI.TP524595","11","3916","-1.9777e-05","0.0043","C"
"4","Trait5","FASTmrMLM","PstI.TP524601","11","3917","-9.3866e-06","0.002","C"
"4","Trait5","FASTmrMLM","PstI.TP524841","11","3918","-1.1964e-06","3e-04","C"
"4","Trait5","FASTmrMLM","PstI.TP524871","11","3919","-1.449e-05","0.0032","C"
"4","Trait5","FASTmrMLM","PstI.TP525046","11","3920","0.0282","0.2475","C"
"4","Trait5","FASTmrMLM","PstI.TP525199","11","3921","0.0324","0.321","A"
"4","Trait5","FASTmrMLM","PstI.TP525648","11","3922","-0.0561","0.6426","C"
"4","Trait5","FASTmrMLM","PstI.TP525810","11","3923","-3.7614e-07","8.1868e-05","A"
"4","Trait5","FASTmrMLM","PstI.TP525928","11","3925","0.2081","0.9081","A"
"4","Trait5","FASTmrMLM","PstI.TP526012","11","3926","-1.658e-05","0.0036","C"
"4","Trait5","FASTmrMLM","PstI.TP526424","11","3929","-1.2383e-05","0.0027","G"
"4","Trait5","FASTmrMLM","PstI.TP526501","11","3930","1.191e-05","0.0026","A"
"4","Trait5","FASTmrMLM","PstI.TP526552","11","3931","2.9893e-05","0.0066","A"
"4","Trait5","FASTmrMLM","PstI.TP527087","11","3933","3.6296e-06","8e-04","G"
"4","Trait5","FASTmrMLM","PstI.TP527171","11","3934","0.1804","0.7404","C"
"4","Trait5","FASTmrMLM","PstI.TP527265","11","3935","-8.6684e-06","0.0019","A"
"4","Trait5","FASTmrMLM","PstI.TP527434","11","3936","-0.056","0.4799","C"
"4","Trait5","FASTmrMLM","PstI.TP527543","11","3937","0.1935","1.2821","C"
"4","Trait5","FASTmrMLM","PstI.TP528159","11","3939","1.0611e-05","0.0023","C"
"4","Trait5","FASTmrMLM","PstI.TP528163","11","3940","-0.1552","1.1272","A"
"4","Trait5","FASTmrMLM","PstI.TP528276","11","3941","-2.6073e-05","0.0057","C"
"4","Trait5","FASTmrMLM","PstI.TP528362","11","3942","4.4233e-05","0.007","C"
"4","Trait5","FASTmrMLM","PstI.TP528440","11","3943","-0.0505","0.5047","C"
"4","Trait5","FASTmrMLM","PstI.TP528506","11","3945","-0.0837","0.7625","A"
"4","Trait5","FASTmrMLM","PstI.TP529090","11","3947","8.4434e-06","0.0018","C"
"4","Trait5","FASTmrMLM","PstI.TP529236","11","3948","-5.4431e-05","0.0061","A"
"4","Trait5","FASTmrMLM","PstI.TP529373","11","3949","2.2113e-07","4.8125e-05","C"
"4","Trait5","FASTmrMLM","PstI.TP529677","11","3950","-2.7369e-05","0.006","C"
"4","Trait5","FASTmrMLM","PstI.TP530069","11","3952","-0.1389","0.7949","C"
"4","Trait5","FASTmrMLM","PstI.TP530112","11","3953","-2.0996e-07","4.5693e-05","C"
"4","Trait5","FASTmrMLM","PstI.TP530291","11","3954","-2.6221e-05","0.0057","G"
"4","Trait5","FASTmrMLM","PstI.TP530459","11","3955","0.0846","0.5328","C"
"4","Trait5","FASTmrMLM","PstI.TP530559","11","3956","-0.0283","0.342","A"
"4","Trait5","FASTmrMLM","PstI.TP530582","11","3957","2.5497e-05","0.0056","C"
"4","Trait5","FASTmrMLM","PstI.TP530613","11","3959","0.1013","0.5597","G"
"4","Trait5","FASTmrMLM","PstI.TP530615","11","3960","-4.4057e-07","9.5901e-05","C"
"4","Trait5","FASTmrMLM","PstI.TP530646","11","3961","-6.4132e-06","0.0014","C"
"4","Trait5","FASTmrMLM","PstI.TP530661","11","3962","-1.5522e-06","3e-04","A"
"4","Trait5","FASTmrMLM","PstI.TP530663","11","3963","-1.6023e-05","0.0035","A"
"4","Trait5","FASTmrMLM","PstI.TP530722","11","3964","-1.1065e-05","0.0024","C"
"4","Trait5","FASTmrMLM","PstI.TP530830","11","3966","-1.5614e-06","3e-04","C"
"4","Trait5","FASTmrMLM","PstI.TP530991","11","3967","1.0775e-05","0.0024","A"
"4","Trait5","FASTmrMLM","PstI.TP531226","11","3968","2.383e-05","0.0052","C"
"4","Trait5","FASTmrMLM","PstI.TP531297","11","3969","0.0197","0.2824","C"
"4","Trait5","FASTmrMLM","PstI.TP531337","11","3970","-1.3953e-05","0.003","C"
"4","Trait5","FASTmrMLM","PstI.TP531340","11","3971","-2.668e-05","0.0058","C"
"4","Trait5","FASTmrMLM","PstI.TP531506","11","3972","0.0603","0.7489","C"
"4","Trait5","FASTmrMLM","PstI.TP531801","11","3973","-1.4998e-05","0.0033","G"
"4","Trait5","FASTmrMLM","PstI.TP531814","11","3974","0.1024","0.59","A"
"4","Trait5","FASTmrMLM","PstI.TP532131","11","3976","1.0566e-05","0.0023","A"
"4","Trait5","FASTmrMLM","PstI.TP532260","11","3977","-0.0265","0.2192","A"
"4","Trait5","FASTmrMLM","PstI.TP532500","11","3979","3.8264e-06","8e-04","A"
"4","Trait5","FASTmrMLM","PstI.TP532556","11","3980","2.3952e-06","5e-04","A"
"4","Trait5","FASTmrMLM","PstI.TP532624","11","3981","1.7334e-05","0.0038","C"
"4","Trait5","FASTmrMLM","PstI.TP532633","11","3982","0.083","0.763","G"
"4","Trait5","FASTmrMLM","PstI.TP532665","11","3983","-0.1029","0.6029","A"
"4","Trait5","FASTmrMLM","PstI.TP532915","11","3984","-0.1153","1.0658","G"
"4","Trait5","FASTmrMLM","PstI.TP533080","11","3986","-5.3711e-06","0.0012","C"
"4","Trait5","FASTmrMLM","PstI.TP533267","11","3988","0.0257","0.3073","C"
"4","Trait5","FASTmrMLM","PstI.TP533375","11","3989","8.6203e-06","0.0019","C"
"4","Trait5","FASTmrMLM","PstI.TP533670","11","3991","0.0421","0.4244","C"
"4","Trait5","FASTmrMLM","PstI.TP534090","11","3992","-0.0124","0.2094","C"
"4","Trait5","FASTmrMLM","PstI.TP534278","11","3993","2.7637e-05","0.0061","C"
"4","Trait5","FASTmrMLM","PstI.TP534281","11","3994","-7.3115e-06","0.0016","A"
"4","Trait5","FASTmrMLM","PstI.TP534282","11","3995","-1.315e-06","3e-04","C"
"4","Trait5","FASTmrMLM","PstI.TP534619","11","3996","7.943e-06","0.0017","A"
"4","Trait5","FASTmrMLM","PstI.TP534647","11","3997","-0.0512","0.2814","A"
"4","Trait5","FASTmrMLM","PstI.TP534952","11","3998","-7.6186e-07","2e-04","C"
"4","Trait5","FASTmrMLM","PstI.TP536209","11","4000","8.9307e-06","0.0019","C"
"4","Trait5","FASTmrMLM","PstI.TP536343","11","4001","2.8961e-05","0.0063","A"
"4","Trait5","FASTmrMLM","PstI.TP536488","11","4002","1.4056e-05","0.0031","A"
"4","Trait5","FASTmrMLM","PstI.TP536670","11","4003","-0.3043","1.4352","C"
"4","Trait5","FASTmrMLM","PstI.TP536701","11","4004","9.6011e-07","2e-04","C"
"4","Trait5","FASTmrMLM","PstI.TP537330","11","4005","-3.0813e-05","0.0068","G"
"4","Trait5","FASTmrMLM","PstI.TP537429","11","4006","1.9381e-05","0.0042","A"
"4","Trait5","FASTmrMLM","PstI.TP538176","11","4007","0.0358","0.2371","C"
"4","Trait5","FASTmrMLM","PstI.TP538260","11","4008","0.0234","0.2614","A"
"4","Trait5","FASTmrMLM","PstI.TP538261","11","4009","-3e-04","0.0169","A"
"4","Trait5","FASTmrMLM","PstI.TP539015","11","4010","-0.2029","0.8266","G"
"4","Trait5","FASTmrMLM","PstI.TP539131","11","4011","0.095","0.7453","G"
"4","Trait5","FASTmrMLM","PstI.TP539149","11","4012","-0.0776","0.7597","A"
"4","Trait5","FASTmrMLM","PstI.TP539324","11","4013","0.062","0.5099","C"
"4","Trait5","FASTmrMLM","PstI.TP539500","11","4014","1.1861e-05","0.0026","A"
"4","Trait5","FASTmrMLM","PstI.TP539556","11","4015","-1.2954e-05","0.0028","A"
"4","Trait5","FASTmrMLM","PstI.TP539637","11","4016","1.0417e-06","2e-04","C"
"4","Trait5","FASTmrMLM","PstI.TP539751","11","4017","-3.662e-07","7.9724e-05","A"
"4","Trait5","FASTmrMLM","PstI.TP539857","11","4018","-0.1124","0.876","A"
"4","Trait5","FASTmrMLM","PstI.TP540176","11","4021","-0.07","0.4559","A"
"4","Trait5","FASTmrMLM","PstI.TP540645","11","4022","-7.6375e-06","0.0017","C"
"4","Trait5","FASTmrMLM","PstI.TP540839","11","4023","1.5084e-05","0.0033","C"
"4","Trait5","FASTmrMLM","PstI.TP541015","11","4024","3.767e-05","0.0083","A"
"4","Trait5","FASTmrMLM","PstI.TP541800","11","4028","-2e-04","0.0137","C"
"4","Trait5","FASTmrMLM","PstI.TP541901","11","4029","-3.1542e-05","0.0069","A"
"4","Trait5","FASTmrMLM","PstI.TP542102","11","4030","-0.3932","1.1976","C"
"4","Trait5","FASTmrMLM","PstI.TP542180","11","4031","2.0724e-05","0.0045","C"
"4","Trait5","FASTmrMLM","PstI.TP542460","11","4032","-7.0932e-06","0.0015","A"
"4","Trait5","FASTmrMLM","PstI.TP542542","11","4033","-0.071","0.4512","A"
"4","Trait5","FASTmrMLM","PstI.TP542717","11","4034","1.3899e-05","0.003","C"
"4","Trait5","FASTmrMLM","PstI.TP543102","11","4035","8.3319e-06","0.0018","C"
"4","Trait5","FASTmrMLM","PstI.TP543485","11","4036","0.1709","1.0883","A"
"4","Trait5","FASTmrMLM","PstI.TP543643","11","4037","-1.0456e-05","0.0023","A"
"4","Trait5","FASTmrMLM","PstI.TP544149","11","4038","-0.0796","0.8728","G"
"4","Trait5","FASTmrMLM","PstI.TP544899","11","4039","-3.5493e-06","8e-04","A"
"4","Trait5","FASTmrMLM","PstI.TP545170","11","4040","1.027e-05","0.0022","C"
"4","Trait5","FASTmrMLM","PstI.TP545644","11","4041","0.0922","0.7892","A"
"4","Trait5","FASTmrMLM","PstI.TP545718","11","4042","-6.7363e-06","0.0015","C"
"4","Trait5","FASTmrMLM","PstI.TP545864","11","4043","1.7855e-05","0.0039","A"
"4","Trait5","FASTmrMLM","PstI.TP546203","11","4045","5.3446e-06","0.0012","A"
"4","Trait5","FASTmrMLM","PstI.TP546545","11","4046","-1.2303e-05","0.0027","C"
"4","Trait5","FASTmrMLM","PstI.TP546941","11","4049","-0.0378","0.3768","G"
"4","Trait5","FASTmrMLM","PstI.TP547659","11","4051","4.989e-06","0.0011","A"
"4","Trait5","FASTmrMLM","PstI.TP547728","11","4052","-7.4344e-06","0.0016","A"
"4","Trait5","FASTmrMLM","PstI.TP547968","11","4053","-1.0488e-05","0.0023","G"
"4","Trait5","FASTmrMLM","PstI.TP547988","11","4054","0.1422","0.6135","G"
"4","Trait5","FASTmrMLM","PstI.TP548010","11","4055","-4.1191e-05","0.0091","A"
"4","Trait5","FASTmrMLM","PstI.TP548251","11","4057","6.8057e-06","0.0015","C"
"4","Trait5","FASTmrMLM","PstI.TP548255","11","4058","1e-04","0.0114","C"
"4","Trait5","FASTmrMLM","PstI.TP548698","11","4060","-9.2422e-06","0.002","G"
"4","Trait5","FASTmrMLM","PstI.TP548699","11","4061","-3.883e-05","0.0085","C"
"4","Trait5","FASTmrMLM","PstI.TP548769","11","4062","-0.075","0.6143","C"
"4","Trait5","FASTmrMLM","PstI.TP549115","11","4063","-1.5068e-05","0.0033","C"
"4","Trait5","FASTmrMLM","PstI.TP549117","11","4064","-0.0191","0.2768","C"
"4","Trait5","FASTmrMLM","PstI.TP549377","11","4066","0.1043","1.4904","C"
"4","Trait5","FASTmrMLM","PstI.TP549489","11","4067","0.1585","0.9011","C"
"4","Trait5","FASTmrMLM","PstI.TP550228","11","4069","0.1858","1.2792","C"
"4","Trait5","FASTmrMLM","PstI.TP550234","11","4070","1.7515e-05","0.0038","A"
"4","Trait5","FASTmrMLM","PstI.TP550459","11","4071","8.637e-06","0.0019","A"
"4","Trait5","FASTmrMLM","PstI.TP550490","11","4072","-0.051","0.4011","A"
"4","Trait5","FASTmrMLM","PstI.TP550522","11","4074","0.0621","0.4937","A"
"4","Trait5","FASTmrMLM","PstI.TP550640","11","4075","0.0441","0.4679","C"
"4","Trait5","FASTmrMLM","PstI.TP550642","11","4076","-9.6302e-06","0.0021","C"
"4","Trait5","FASTmrMLM","PstI.TP550663","11","4077","-1.333e-05","0.0029","C"
"4","Trait5","FASTmrMLM","PstI.TP551396","11","4078","-0.1612","0.77","A"
"4","Trait5","FASTmrMLM","PstI.TP551690","11","4079","-2.7693e-05","0.0061","G"
"4","Trait5","FASTmrMLM","PstI.TP551866","11","4080","1.1415e-05","0.0025","G"
"4","Trait5","FASTmrMLM","PstI.TP551918","11","4081","-4.493e-06","0.001","A"
"4","Trait5","FASTmrMLM","PstI.TP552132","11","4082","-1.407e-05","0.0031","G"
"4","Trait5","FASTmrMLM","PstI.TP552335","11","4083","0.0772","0.6229","A"
"4","Trait5","FASTmrMLM","PstI.TP552656","11","4084","-0.0776","0.4429","A"
"4","Trait5","FASTmrMLM","PstI.TP552676","11","4085","0.075","0.477","A"
"4","Trait5","FASTmrMLM","PstI.TP552710","11","4086","1.0005e-05","0.0022","G"
"4","Trait5","FASTmrMLM","PstI.TP553292","11","4088","-0.0124","0.2173","C"
"4","Trait5","FASTmrMLM","PstI.TP553309","11","4089","3e-04","0.0168","C"
"4","Trait5","FASTmrMLM","PstI.TP553409","11","4090","-2.8157e-06","6e-04","C"
"4","Trait5","FASTmrMLM","PstI.TP553436","11","4091","-1.3449e-05","0.0029","A"
"4","Trait5","FASTmrMLM","PstI.TP568316","11","4093","-8.5344e-06","0.0019","C"
"4","Trait5","FASTmrMLM","PstI.TP568515","11","4094","3.6664e-06","8e-04","A"
"4","Trait5","FASTmrMLM","PstI.TP568587","11","4095","-1.3538e-06","3e-04","A"
"4","Trait5","FASTmrMLM","PstI.TP568894","11","4096","-6.0731e-06","0.0013","C"
"4","Trait5","FASTmrMLM","PstI.TP569155","11","4097","-3.6319e-06","8e-04","C"
"4","Trait5","FASTmrMLM","PstI.TP569209","11","4098","2.905e-05","0.0064","C"
"4","Trait5","FASTmrMLM","PstI.TP569234","11","4099","1.1384e-05","0.0025","C"
"4","Trait5","FASTmrMLM","PstI.TP569964","11","4101","9.8656e-06","0.0022","A"
"4","Trait5","FASTmrMLM","PstI.TP570071","11","4102","-0.0123","0.165","A"
"4","Trait5","FASTmrMLM","PstI.TP570332","11","4104","2.3997e-05","0.0053","A"
"4","Trait5","FASTmrMLM","PstI.TP570499","11","4105","1.0876e-05","0.0024","A"
"4","Trait5","FASTmrMLM","PstI.TP571018","11","4106","-0.025","0.283","A"
"4","Trait5","FASTmrMLM","PstI.TP571142","11","4108","-3e-04","0.0154","A"
"4","Trait5","FASTmrMLM","PstI.TP571386","11","4109","-3.3109e-06","7e-04","C"
"4","Trait5","FASTmrMLM","PstI.TP571400","11","4110","-1.2715e-05","0.0028","A"
"4","Trait5","FASTmrMLM","PstI.TP571522","11","4111","-1.0393e-05","0.0023","G"
"4","Trait5","FASTmrMLM","PstI.TP571614","11","4112","-0.0989","0.5754","C"
"4","Trait5","FASTmrMLM","PstI.TP571935","11","4114","0.1041","0.4992","G"
"4","Trait5","FASTmrMLM","PstI.TP572025","11","4115","-0.1005","0.5847","G"
"4","Trait5","FASTmrMLM","PstI.TP572042","11","4116","0.0455","0.3711","A"
"4","Trait5","FASTmrMLM","PstI.TP572581","11","4118","6.2595e-06","0.0014","A"
"4","Trait5","FASTmrMLM","PstI.TP572605","11","4119","2.6912e-05","0.0059","C"
"4","Trait5","FASTmrMLM","PstI.TP572651","11","4120","7.4314e-06","0.0016","A"
"4","Trait5","FASTmrMLM","PstI.TP573481","11","4122","2.4036e-05","0.0053","A"
"4","Trait5","FASTmrMLM","PstI.TP573755","11","4123","-3.0886e-06","7e-04","A"
"4","Trait5","FASTmrMLM","PstI.TP573786","11","4124","-3.1019e-06","7e-04","A"
"4","Trait5","FASTmrMLM","PstI.TP573804","11","4125","-0.2098","1.7865","G"
"4","Trait5","FASTmrMLM","PstI.TP573838","11","4126","-1.2573e-05","0.0027","C"
"4","Trait5","FASTmrMLM","PstI.TP573931","11","4127","1.5822e-05","0.0035","C"
"4","Trait5","FASTmrMLM","PstI.TP573942","11","4128","1.2211e-05","0.0027","C"
"4","Trait5","FASTmrMLM","PstI.TP573952","11","4129","-0.0921","0.893","C"
"4","Trait5","FASTmrMLM","PstI.TP574024","11","4130","1.4597e-05","0.0032","C"
"4","Trait5","FASTmrMLM","PstI.TP574038","11","4131","1.1463e-05","0.0025","A"
"4","Trait5","FASTmrMLM","PstI.TP574429","11","4133","-1.6543e-05","0.0036","G"
"4","Trait5","FASTmrMLM","PstI.TP574507","11","4134","9.6923e-06","0.0021","G"
"4","Trait5","FASTmrMLM","PstI.TP574763","11","4135","0.4435","2.1646","C"
"4","Trait5","FASTmrMLM","PstI.TP574881","11","4136","1.0671e-05","0.0023","A"
"4","Trait5","FASTmrMLM","PstI.TP574906","11","4137","-2.5985e-05","0.0057","A"
"4","Trait5","FASTmrMLM","PstI.TP574989","11","4138","-8.9946e-06","0.002","A"
"4","Trait5","FASTmrMLM","PstI.TP575020","11","4139","0.2952","1.9793","C"
"4","Trait5","FASTmrMLM","PstI.TP575033","11","4140","-9.4904e-06","0.0021","C"
"4","Trait5","FASTmrMLM","PstI.TP576693","11","4142","-2.1731e-05","0.0048","C"
"4","Trait5","FASTmrMLM","PstI.TP577221","11","4144","9.244e-06","0.002","C"
"4","Trait5","FASTmrMLM","PstI.TP577408","11","4145","0.1275","0.6092","C"
"4","Trait5","FASTmrMLM","PstI.TP577596","11","4146","-2.1083e-06","5e-04","A"
"4","Trait5","FASTmrMLM","PstI.TP577613","11","4147","0.0669","0.4024","A"
"4","Trait5","FASTmrMLM","PstI.TP578035","11","4149","-0.0076","0.0883","A"
"4","Trait5","FASTmrMLM","PstI.TP578343","11","4153","-1.9415e-05","0.0042","A"
"4","Trait5","FASTmrMLM","PstI.TP578451","11","4154","1.1155e-06","2e-04","C"
"4","Trait5","FASTmrMLM","PstI.TP578631","11","4156","1e-04","0.0101","C"
"4","Trait5","FASTmrMLM","PstI.TP578777","11","4158","-0.1403","1.0943","C"
"4","Trait5","FASTmrMLM","PstI.TP579609","11","4161","-1.8256e-05","0.004","A"
"4","Trait5","FASTmrMLM","PstI.TP579713","11","4162","-4.6556e-06","0.001","C"
"4","Trait5","FASTmrMLM","PstI.TP579734","11","4164","1.0749e-05","0.0023","A"
"4","Trait5","FASTmrMLM","PstI.TP579772","11","4166","2.3366e-05","0.0051","C"
"4","Trait5","FASTmrMLM","PstI.TP580096","11","4167","-1.7168e-05","0.0038","C"
"4","Trait5","FASTmrMLM","PstI.TP580204","11","4168","1.5188e-05","0.0033","C"
"4","Trait5","FASTmrMLM","PstI.TP580243","11","4169","-1.0401e-05","0.0023","A"
"4","Trait5","FASTmrMLM","PstI.TP580270","11","4170","2.9716e-05","0.0065","C"
"4","Trait5","FASTmrMLM","PstI.TP580776","11","4171","-0.1006","0.8772","A"
"4","Trait5","FASTmrMLM","PstI.TP581260","11","4172","7.4955e-06","0.0016","A"
"4","Trait5","FASTmrMLM","PstI.TP581321","11","4173","-0.0457","0.2046","A"
"4","Trait5","FASTmrMLM","PstI.TP581475","11","4174","-0.0648","0.8274","C"
"4","Trait5","FASTmrMLM","PstI.TP581786","11","4175","-2.3277e-06","5e-04","G"
"4","Trait5","FASTmrMLM","PstI.TP581839","11","4176","1.9361e-05","0.0042","C"
"4","Trait5","FASTmrMLM","PstI.TP581920","11","4177","0.1842","0.9558","C"
"4","Trait5","FASTmrMLM","PstI.TP582023","11","4178","1.52e-05","0.0033","G"
"4","Trait5","FASTmrMLM","PstI.TP582186","11","4180","-0.1609","0.5602","A"
"4","Trait5","FASTmrMLM","PstI.TP582194","11","4181","-9.4589e-06","0.0021","C"
"4","Trait5","FASTmrMLM","PstI.TP582421","11","4182","-0.0401","0.1693","C"
"4","Trait5","FASTmrMLM","PstI.TP582448","11","4183","0.1332","0.8144","C"
"4","Trait5","FASTmrMLM","PstI.TP582842","11","4184","1.1223e-05","0.0024","A"
"4","Trait5","FASTmrMLM","PstI.TP583043","11","4186","6.1746e-06","0.0013","G"
"4","Trait5","FASTmrMLM","PstI.TP583125","11","4187","0.2165","1.6473","A"
"4","Trait5","FASTmrMLM","PstI.TP583520","11","4188","-2.9919e-05","0.0066","A"
"4","Trait5","FASTmrMLM","PstI.TP583773","11","4189","-0.0951","0.8884","A"
"4","Trait5","FASTmrMLM","PstI.TP583791","11","4191","-0.0363","0.2606","G"
"4","Trait5","FASTmrMLM","PstI.TP584412","11","4192","1.362e-05","0.003","A"
"4","Trait5","FASTmrMLM","PstI.TP584473","11","4193","0.0158","0.2533","C"
"4","Trait5","FASTmrMLM","PstI.TP584580","11","4194","1.6524e-05","0.0036","C"
"4","Trait5","FASTmrMLM","PstI.TP584593","11","4195","-2.4862e-05","0.0054","A"
"4","Trait5","FASTmrMLM","PstI.TP584707","11","4196","0.3049","2.0523","A"
"4","Trait5","FASTmrMLM","PstI.TP584906","11","4197","-3.9771e-05","0.0087","A"
"4","Trait5","FASTmrMLM","PstI.TP584960","11","4198","0.1264","1.3671","C"
"4","Trait5","FASTmrMLM","PstI.TP585052","11","4199","-0.1012","0.4717","A"
"4","Trait5","FASTmrMLM","PstI.TP585670","11","4200","-1.9227e-05","0.0042","C"
"4","Trait5","FASTmrMLM","PstI.TP585734","11","4201","1.1617e-05","0.0025","C"
"4","Trait5","FASTmrMLM","PstI.TP585921","11","4202","-2.1167e-05","0.0046","C"
"4","Trait5","FASTmrMLM","PstI.TP586000","11","4203","-1.0136e-05","0.0022","A"
"4","Trait5","FASTmrMLM","PstI.TP586733","11","4204","2.7603e-06","6e-04","G"
"4","Trait5","FASTmrMLM","PstI.TP586859","11","4205","2.7489e-06","6e-04","A"
"4","Trait5","FASTmrMLM","PstI.TP587490","11","4206","2.3548e-05","0.0052","G"
"4","Trait5","FASTmrMLM","PstI.TP587792","11","4207","-3.0833e-06","7e-04","C"
"4","Trait5","FASTmrMLM","PstI.TP587840","11","4208","0.0112","0.1816","A"
"4","Trait5","FASTmrMLM","PstI.TP587876","11","4209","-1.0412e-05","0.0023","A"
"4","Trait5","FASTmrMLM","PstI.TP588135","11","4210","-9.7464e-06","0.0021","A"
"4","Trait5","FASTmrMLM","PstI.TP588220","11","4211","0.0523","0.6816","A"
"4","Trait5","FASTmrMLM","PstI.TP588590","11","4212","7.1289e-06","0.0016","A"
"4","Trait5","FASTmrMLM","PstI.TP588782","11","4213","7.522e-06","0.0016","A"
"4","Trait5","FASTmrMLM","PstI.TP589050","11","4214","1.4272e-05","0.0031","C"
"4","Trait5","FASTmrMLM","PstI.TP589093","11","4215","0.1312","0.8359","C"
"4","Trait5","FASTmrMLM","PstI.TP589466","11","4216","-0.0825","0.7457","G"
"4","Trait5","FASTmrMLM","PstI.TP589499","11","4217","1.3393e-05","0.0029","A"
"4","Trait5","FASTmrMLM","PstI.TP590827","11","4218","-4.3187e-06","9e-04","A"
"4","Trait5","FASTmrMLM","PstI.TP590998","11","4219","0.0503","0.3756","C"
"4","Trait5","FASTmrMLM","PstI.TP591101","11","4220","1.1441e-06","2e-04","C"
"4","Trait5","FASTmrMLM","PstI.TP591170","11","4221","-0.0254","0.3175","G"
"4","Trait5","FASTmrMLM","PstI.TP591525","11","4222","-1.0735e-05","0.0023","C"
"4","Trait5","FASTmrMLM","PstI.TP591950","11","4223","-1.4295e-05","0.0031","A"
"4","Trait5","FASTmrMLM","PstI.TP592808","11","4225","1.0895e-05","0.0024","C"
"4","Trait5","FASTmrMLM","PstI.TP594236","11","4229","-1.3209e-05","0.0029","A"
"4","Trait5","FASTmrMLM","PstI.TP596006","11","4233","1.8639e-05","0.0041","A"
"4","Trait5","FASTmrMLM","PstI.TP596050","11","4234","-1.3213e-05","0.0029","A"
"4","Trait5","FASTmrMLM","PstI.TP596876","11","4237","-1.8402e-05","0.004","A"
"4","Trait5","FASTmrMLM","PstI.TP597057","11","4238","-0.0109","0.0915","G"
"4","Trait5","FASTmrMLM","PstI.TP597359","11","4239","0.0627","0.2821","A"
"4","Trait5","FASTmrMLM","PstI.TP597372","11","4240","4.3036e-06","9e-04","C"
"4","Trait5","FASTmrMLM","PstI.TP597397","11","4241","9.7962e-06","0.0021","G"
"4","Trait5","FASTmrMLM","PstI.TP597541","11","4243","-7.3479e-06","0.0016","C"
"4","Trait5","FASTmrMLM","PstI.TP597877","11","4246","-0.2467","1.0787","A"
"4","Trait5","FASTmrMLM","PstI.TP597890","11","4247","2.4389e-05","0.0053","C"
"4","Trait5","FASTmrMLM","PstI.TP598281","11","4248","7.5887e-06","0.0017","A"
"4","Trait5","FASTmrMLM","PstI.TP598337","11","4249","0.1349","0.6912","C"
"4","Trait5","FASTmrMLM","PstI.TP599162","11","4250","-0.064","0.7349","C"
"4","Trait5","FASTmrMLM","PstI.TP599272","11","4251","0.2005","1.2063","C"
"4","Trait5","FASTmrMLM","PstI.TP599643","11","4252","-0.0564","0.3438","A"
"4","Trait5","FASTmrMLM","PstI.TP599713","11","4253","-0.0361","0.208","C"
"4","Trait5","FASTmrMLM","PstI.TP600107","11","4254","-2.3193e-05","0.0051","A"
"4","Trait5","FASTmrMLM","PstI.TP600316","11","4255","1.1999e-05","0.0026","C"
"4","Trait5","FASTmrMLM","PstI.TP600639","11","4256","-1.937e-05","0.0042","A"
"4","Trait5","FASTmrMLM","PstI.TP601126","11","4257","0.0391","0.3849","A"
"4","Trait5","FASTmrMLM","PstI.TP601149","11","4258","6.7348e-06","0.0015","G"
"4","Trait5","FASTmrMLM","PstI.TP601295","11","4259","6.8007e-06","0.0015","C"
"4","Trait5","FASTmrMLM","PstI.TP601317","11","4260","-1.4889e-08","3.24e-06","G"
"4","Trait5","FASTmrMLM","PstI.TP601485","11","4262","5.134e-06","0.0011","C"
"4","Trait5","FASTmrMLM","PstI.TP601609","11","4263","-0.0031","0.0974","G"
"4","Trait5","FASTmrMLM","PstI.TP601748","11","4264","-7.707e-07","2e-04","C"
"4","Trait5","FASTmrMLM","PstI.TP601995","11","4265","-8.1812e-06","0.0018","A"
"4","Trait5","FASTmrMLM","PstI.TP602334","11","4267","-5.386e-06","0.0012","A"
"4","Trait5","FASTmrMLM","PstI.TP602532","11","4268","-1.7299e-05","0.0038","C"
"4","Trait5","FASTmrMLM","PstI.TP602900","11","4269","-8.7608e-06","0.0019","C"
"4","Trait5","FASTmrMLM","PstI.TP604284","11","4271","1.1608e-05","0.0025","A"
"4","Trait5","FASTmrMLM","PstI.TP604308","11","4272","0.1572","0.682","C"
"4","Trait5","FASTmrMLM","PstI.TP604549","11","4274","3.4699e-05","0.0076","A"
"4","Trait5","FASTmrMLM","PstI.TP604949","11","4275","0.0971","0.9229","C"
"4","Trait5","FASTmrMLM","PstI.TP605421","11","4281","-1.254e-05","0.0027","A"
"4","Trait5","FASTmrMLM","PstI.TP605833","11","4282","6.8419e-06","0.0015","G"
"4","Trait5","FASTmrMLM","PstI.TP605891","11","4283","6.1306e-07","1e-04","A"
"4","Trait5","FASTmrMLM","PstI.TP605931","11","4284","0.1663","0.5873","C"
"4","Trait5","FASTmrMLM","PstI.TP605976","11","4285","0.0332","0.3885","A"
"4","Trait5","FASTmrMLM","PstI.TP606114","11","4286","-1.916e-06","4e-04","G"
"4","Trait5","FASTmrMLM","PstI.TP606218","11","4287","-5.3988e-06","0.0012","A"
"4","Trait5","FASTmrMLM","PstI.TP607122","11","4288","4.8037e-06","0.001","C"
"4","Trait5","FASTmrMLM","PstI.TP607350","11","4289","0.2175","2.0905","G"
"4","Trait5","FASTmrMLM","PstI.TP607438","11","4290","0.1258","1.0783","C"
"4","Trait5","FASTmrMLM","PstI.TP607450","11","4291","-2.3051e-05","0.005","A"
"4","Trait5","FASTmrMLM","PstI.TP607656","11","4292","-6.4289e-06","0.0014","A"
"4","Trait5","FASTmrMLM","PstI.TP607810","11","4293","8.5062e-06","0.0019","C"
"4","Trait5","FASTmrMLM","PstI.TP608118","11","4294","1.1314e-05","0.0025","A"
"4","Trait5","FASTmrMLM","PstI.TP608139","11","4295","-0.0881","0.443","C"
"4","Trait5","FASTmrMLM","PstI.TP608232","11","4296","0.0056","0.1157","A"
"4","Trait5","FASTmrMLM","PstI.TP608650","11","4297","-9.1107e-06","0.002","C"
"4","Trait5","FASTmrMLM","PstI.TP608676","11","4298","2.3996e-05","0.0053","A"
"4","Trait5","FASTmrMLM","PstI.TP608698","11","4299","0.0423","0.2182","A"
"4","Trait5","FASTmrMLM","PstI.TP609049","11","4301","4.2585e-06","9e-04","C"
"4","Trait5","FASTmrMLM","PstI.TP609155","11","4302","6.5099e-06","0.0014","C"
"4","Trait5","FASTmrMLM","PstI.TP609692","11","4304","-7.2827e-06","0.0016","A"
"4","Trait5","FASTmrMLM","PstI.TP609726","11","4305","-1.4815e-05","0.0032","A"
"4","Trait5","FASTmrMLM","PstI.TP609737","11","4306","2.4639e-06","5e-04","C"
"4","Trait5","FASTmrMLM","PstI.TP610480","11","4308","-0.042","0.3204","C"
"4","Trait5","FASTmrMLM","PstI.TP610743","11","4310","-1.5732e-05","0.0034","A"
"4","Trait5","FASTmrMLM","PstI.TP610745","11","4311","1.4951e-06","3e-04","C"
"4","Trait5","FASTmrMLM","PstI.TP610776","11","4312","-0.1152","0.7968","A"
"4","Trait5","FASTmrMLM","PstI.TP610867","11","4314","-4.2695e-06","9e-04","C"
"4","Trait5","FASTmrMLM","PstI.TP611080","11","4315","0.034","0.2982","G"
"4","Trait5","FASTmrMLM","PstI.TP611456","11","4317","2.7503e-06","6e-04","C"
"4","Trait5","FASTmrMLM","PstI.TP612214","11","4318","-6.2e-06","0.0014","A"
"4","Trait5","FASTmrMLM","PstI.TP613367","11","4321","0.0681","0.5222","A"
"4","Trait5","FASTmrMLM","PstI.TP613492","11","4322","1.3381e-05","0.0029","C"
"4","Trait5","FASTmrMLM","PstI.TP613604","11","4323","7.8663e-06","0.0017","C"
"4","Trait5","FASTmrMLM","PstI.TP613809","11","4324","-2e-04","0.0125","C"
"4","Trait5","FASTmrMLM","PstI.TP613855","11","4325","-1.6078e-05","0.0035","A"
"4","Trait5","FASTmrMLM","PstI.TP614273","11","4327","-1.6427e-05","0.0036","C"
"4","Trait5","FASTmrMLM","PstI.TP614282","11","4328","-2.9005e-06","6e-04","C"
"4","Trait5","FASTmrMLM","PstI.TP615093","11","4329","0.0591","0.4547","A"
"4","Trait5","FASTmrMLM","PstI.TP615107","11","4330","-1.2843e-05","0.0028","C"
"4","Trait5","FASTmrMLM","PstI.TP615623","11","4332","2.3834e-06","5e-04","A"
"4","Trait5","FASTmrMLM","PstI.TP616772","11","4333","0.0263","0.2679","A"
"4","Trait5","FASTmrMLM","PstI.TP616773","11","4334","-0.2191","0.8451","G"
"4","Trait5","FASTmrMLM","PstI.TP616950","11","4335","0.3321","2.2381","A"
"4","Trait5","FASTmrMLM","PstI.TP617522","11","4337","-2.3185e-05","0.0051","C"
"4","Trait5","FASTmrMLM","PstI.TP618740","11","4338","-0.0463","0.4432","C"
"4","Trait5","FASTmrMLM","PstI.TP619281","11","4341","-7.4546e-06","0.0016","A"
"4","Trait5","FASTmrMLM","PstI.TP619311","11","4342","0.1593","1.5733","C"
"4","Trait5","FASTmrMLM","PstI.TP619468","11","4343","6.2618e-06","0.0014","C"
"4","Trait5","FASTmrMLM","PstI.TP619580","11","4344","-1.9378e-05","0.0042","C"
"4","Trait5","FASTmrMLM","PstI.TP619609","11","4345","-2.8822e-05","0.0063","A"
"4","Trait5","FASTmrMLM","PstI.TP620079","11","4348","-6.5334e-06","0.0014","A"
"4","Trait5","FASTmrMLM","PstI.TP620173","11","4350","-4.3103e-06","9e-04","C"
"4","Trait5","FASTmrMLM","PstI.TP620236","11","4351","-0.0762","0.62","C"
"4","Trait5","FASTmrMLM","PstI.TP620257","11","4352","-0.2808","1.3448","C"
"4","Trait5","FASTmrMLM","PstI.TP620357","11","4354","-2.404e-05","0.0053","C"
"4","Trait5","FASTmrMLM","PstI.TP620719","11","4355","-2e-04","0.0111","G"
"4","Trait5","FASTmrMLM","PstI.TP620764","11","4356","1.1501e-05","0.0025","G"
"4","Trait5","FASTmrMLM","PstI.TP620861","11","4357","1.1807e-05","0.0026","C"
"4","Trait5","FASTmrMLM","PstI.TP621165","11","4359","-0.0447","0.3423","C"
"4","Trait5","FASTmrMLM","PstI.TP621310","11","4360","2.7173e-05","0.006","A"
"4","Trait5","FASTmrMLM","PstI.TP621381","11","4361","-8.6821e-06","0.0019","C"
"4","Trait5","FASTmrMLM","PstI.TP621404","11","4362","-0.0355","0.4765","A"
"4","Trait5","FASTmrMLM","PstI.TP621527","11","4364","-0.1023","1.1292","A"
"4","Trait5","FASTmrMLM","PstI.TP621649","11","4365","9.3574e-06","0.002","C"
"4","Trait5","FASTmrMLM","PstI.TP621756","11","4367","-0.1036","0.5512","A"
"4","Trait5","FASTmrMLM","PstI.TP621778","11","4368","-0.1512","0.7512","C"
"4","Trait5","FASTmrMLM","PstI.TP621782","11","4369","-3.8884e-05","0.0085","G"
"4","Trait5","FASTmrMLM","PstI.TP622021","11","4371","1.5731e-05","0.0034","A"
"4","Trait5","FASTmrMLM","PstI.TP622105","11","4372","2e-04","0.0131","A"
"4","Trait5","FASTmrMLM","PstI.TP622354","11","4373","-1.075e-05","0.0023","C"
"4","Trait5","FASTmrMLM","PstI.TP622738","11","4375","-0.1034","0.3662","A"
"4","Trait5","FASTmrMLM","PstI.TP622861","11","4376","0.0837","0.7783","C"
"4","Trait5","FASTmrMLM","PstI.TP623428","11","4377","-1.1567e-05","0.0025","C"
"4","Trait5","FASTmrMLM","PstI.TP624207","11","4380","1.3978e-05","0.0031","A"
"4","Trait5","FASTmrMLM","PstI.TP624372","11","4381","-3.0839e-06","7e-04","G"
"4","Trait5","FASTmrMLM","PstI.TP624488","11","4383","-1.7864e-05","0.0039","C"
"4","Trait5","FASTmrMLM","PstI.TP624890","11","4384","-0.011","0.1666","A"
"4","Trait5","FASTmrMLM","PstI.TP624914","11","4385","-1.8925e-05","0.0041","A"
"4","Trait5","FASTmrMLM","PstI.TP625486","11","4386","9.5471e-06","0.0021","C"
"4","Trait5","FASTmrMLM","PstI.TP625591","11","4387","-1.471e-05","0.0032","C"
"4","Trait5","FASTmrMLM","PstI.TP625608","11","4388","-3.7855e-05","0.0083","C"
"4","Trait5","FASTmrMLM","PstI.TP625782","11","4389","0.0374","0.4134","C"
"4","Trait5","FASTmrMLM","PstI.TP626179","11","4390","1.307e-05","0.0029","G"
"4","Trait5","FASTmrMLM","PstI.TP626260","11","4392","-0.068","0.2925","C"
"4","Trait5","FASTmrMLM","PstI.TP626596","11","4394","-6.4879e-06","0.0014","G"
"4","Trait5","FASTmrMLM","PstI.TP626786","11","4396","2.1154e-05","0.0046","C"
"4","Trait5","FASTmrMLM","PstI.TP626794","11","4397","0.0356","0.3639","A"
"4","Trait5","FASTmrMLM","PstI.TP626997","11","4398","8.0218e-06","0.0017","A"
"4","Trait5","FASTmrMLM","PstI.TP627151","11","4399","4.1213e-06","9e-04","A"
"4","Trait5","FASTmrMLM","PstI.TP627185","11","4400","-2.6801e-06","6e-04","G"
"4","Trait5","FASTmrMLM","PstI.TP627295","11","4401","-2.1383e-05","0.0047","C"
"4","Trait5","FASTmrMLM","PstI.TP627822","11","4403","-1.0814e-05","0.0024","G"
"4","Trait5","FASTmrMLM","PstI.TP628022","11","4405","2.9278e-06","6e-04","A"
"4","Trait5","FASTmrMLM","PstI.TP628026","11","4406","5.1756e-06","0.0011","C"
"4","Trait5","FASTmrMLM","PstI.TP628073","11","4407","-3.1407e-05","0.0069","C"
"4","Trait5","FASTmrMLM","PstI.TP628241","11","4409","-0.102","0.7841","A"
"4","Trait5","FASTmrMLM","PstI.TP628571","11","4411","-0.0649","0.4485","A"
"4","Trait5","FASTmrMLM","PstI.TP628649","11","4412","0.2756","1.4253","C"
"4","Trait5","FASTmrMLM","PstI.TP628792","11","4413","-1.0414e-05","0.0023","A"
"4","Trait5","FASTmrMLM","PstI.TP628958","11","4414","-1.4885e-05","0.0033","A"
"4","Trait5","FASTmrMLM","PstI.TP629553","11","4418","9.1849e-06","0.002","A"
"4","Trait5","FASTmrMLM","PstI.TP629601","11","4419","0.1115","0.4192","G"
"4","Trait5","FASTmrMLM","PstI.TP629716","11","4420","-0.1052","0.6189","A"
"4","Trait5","FASTmrMLM","PstI.TP629726","11","4421","4.3696e-05","0.0096","C"
"4","Trait5","FASTmrMLM","PstI.TP629804","11","4422","-0.0145","0.2101","A"
"4","Trait5","FASTmrMLM","PstI.TP629845","11","4423","-3.4022e-06","7e-04","A"
"4","Trait5","FASTmrMLM","PstI.TP630010","11","4424","5.1432e-06","0.0011","C"
"4","Trait5","FASTmrMLM","PstI.TP630572","11","4427","5.5709e-06","0.0012","A"
"4","Trait5","FASTmrMLM","PstI.TP630673","11","4428","-2.9613e-05","0.0065","C"
"4","Trait5","FASTmrMLM","PstI.TP631036","11","4430","1.1127e-06","2e-04","A"
"4","Trait5","FASTmrMLM","PstI.TP631220","11","4431","0.0856","0.5298","G"
"4","Trait5","FASTmrMLM","PstI.TP631239","11","4432","1.2585e-05","0.0027","C"
"4","Trait5","FASTmrMLM","PstI.TP631320","11","4433","-0.0122","0.1822","C"
"4","Trait5","FASTmrMLM","PstI.TP631330","11","4434","-1.1202e-07","2.4379e-05","C"
"4","Trait5","FASTmrMLM","PstI.TP631697","11","4436","-1.1305e-06","2e-04","C"
"4","Trait5","FASTmrMLM","PstI.TP631928","11","4437","0.0609","0.5944","C"
"4","Trait5","FASTmrMLM","PstI.TP631937","11","4438","-8.2959e-07","2e-04","A"
"4","Trait5","FASTmrMLM","PstI.TP631982","11","4439","-8.8677e-07","2e-04","C"
"4","Trait5","FASTmrMLM","PstI.TP632245","11","4440","-0.0841","0.6166","A"
"4","Trait5","FASTmrMLM","PstI.TP632573","11","4441","-2.2832e-05","0.005","A"
"4","Trait5","FASTmrMLM","PstI.TP632675","11","4443","2.7754e-05","0.0061","A"
"4","Trait5","FASTmrMLM","PstI.TP632681","11","4444","-8.9065e-06","0.0019","A"
"4","Trait5","FASTmrMLM","PstI.TP632737","11","4445","1.216e-06","3e-04","A"
"4","Trait5","FASTmrMLM","PstI.TP632774","11","4446","1.5653e-05","0.0034","C"
"4","Trait5","FASTmrMLM","PstI.TP633008","11","4447","-1.2734e-05","0.0028","A"
"4","Trait5","FASTmrMLM","PstI.TP633023","11","4448","-3.3476e-07","7.286e-05","A"
"4","Trait5","FASTmrMLM","PstI.TP633145","11","4450","2.7168e-05","0.006","A"
"4","Trait5","FASTmrMLM","PstI.TP633241","11","4451","-0.0743","0.7493","A"
"4","Trait5","FASTmrMLM","PstI.TP633243","11","4452","-1.4243e-05","0.0031","A"
"4","Trait5","FASTmrMLM","PstI.TP633324","11","4453","4.7367e-06","0.001","C"
"4","Trait5","FASTmrMLM","PstI.TP633359","11","4454","-0.0669","0.3861","C"
"4","Trait5","FASTmrMLM","PstI.TP633761","11","4457","-1.2907e-05","0.0028","C"
"4","Trait5","FASTmrMLM","PstI.TP633862","11","4458","-0.0139","0.1969","A"
"4","Trait5","FASTmrMLM","PstI.TP634405","11","4459","1.0126e-05","0.0022","A"
"4","Trait5","FASTmrMLM","PstI.TP634544","11","4461","2.2984e-05","0.005","A"
"4","Trait5","FASTmrMLM","PstI.TP634577","11","4463","-1.0767e-05","0.0023","C"
"4","Trait5","FASTmrMLM","PstI.TP634699","11","4464","0.0649","0.4482","C"
"4","Trait5","FASTmrMLM","PstI.TP635406","11","4468","0.1747","1.556","A"
"4","Trait5","FASTmrMLM","PstI.TP635969","11","4469","-1.9101e-05","0.0042","A"
"4","Trait5","FASTmrMLM","PstI.TP636093","11","4470","9.0923e-06","0.002","G"
"4","Trait5","FASTmrMLM","PstI.TP636384","11","4471","-2.1608e-05","0.0047","A"
"4","Trait5","FASTmrMLM","PstI.TP636457","11","4473","3.8242e-07","8.3228e-05","A"
"4","Trait5","FASTmrMLM","PstI.TP636511","11","4474","-2.3381e-05","0.0051","C"
"4","Trait5","FASTmrMLM","PstI.TP636784","11","4475","-1.025e-05","0.0022","C"
"4","Trait5","FASTmrMLM","PstI.TP636805","11","4476","-1.5471e-05","0.0034","A"
"4","Trait5","FASTmrMLM","PstI.TP637156","11","4477","-8.7042e-06","0.0019","A"
"4","Trait5","FASTmrMLM","PstI.TP637221","11","4478","8.7024e-06","0.0019","A"
"4","Trait5","FASTmrMLM","PstI.TP637242","11","4479","5.047e-06","0.0011","A"
"4","Trait5","FASTmrMLM","PstI.TP637282","11","4480","2.8506e-05","0.0062","C"
"4","Trait5","FASTmrMLM","PstI.TP637347","11","4481","-1.8038e-05","0.0039","A"
"4","Trait5","FASTmrMLM","PstI.TP637641","11","4483","-1.0094e-05","0.0022","A"
"4","Trait5","FASTmrMLM","PstI.TP638347","11","4486","-9.4524e-06","0.0021","A"
"4","Trait5","FASTmrMLM","PstI.TP639108","11","4489","-5.782e-06","0.0013","A"
"4","Trait5","FASTmrMLM","PstI.TP639199","11","4490","6.4069e-06","0.0014","A"
"4","Trait5","FASTmrMLM","PstI.TP639494","11","4491","-0.0106","0.1847","C"
"4","Trait5","FASTmrMLM","PstI.TP639955","11","4493","1.5822e-06","3e-04","C"
"4","Trait5","FASTmrMLM","PstI.TP640205","11","4494","-0.1052","0.8192","A"
"4","Trait5","FASTmrMLM","PstI.TP640416","11","4495","8.6174e-07","2e-04","A"
"4","Trait5","FASTmrMLM","PstI.TP640446","11","4496","-1.9845e-06","4e-04","A"
"4","Trait5","FASTmrMLM","PstI.TP640503","11","4497","1.6008e-05","0.0035","C"
"4","Trait5","FASTmrMLM","PstI.TP640607","11","4498","0.0159","0.2577","A"
"4","Trait5","FASTmrMLM","PstI.TP640879","11","4500","-0.05","0.4213","G"
"4","Trait5","FASTmrMLM","PstI.TP640880","11","4501","-8.1646e-06","0.0018","G"
"4","Trait5","FASTmrMLM","PstI.TP640933","11","4502","0.0337","0.3255","C"
"4","Trait5","FASTmrMLM","PstI.TP640936","11","4503","0.0886","0.6458","A"
"4","Trait5","FASTmrMLM","PstI.TP640983","11","4504","3.9847e-05","0.0088","C"
"4","Trait5","FASTmrMLM","PstI.TP641067","11","4505","3.0602e-05","0.0067","A"
"4","Trait5","FASTmrMLM","PstI.TP641433","11","4506","2.1771e-05","0.0048","C"
"4","Trait5","FASTmrMLM","PstI.TP641518","11","4507","0.1017","0.8404","C"
"4","Trait5","FASTmrMLM","PstI.TP641529","11","4508","1.6695e-05","0.0036","C"
"4","Trait5","FASTmrMLM","PstI.TP641877","11","4509","3.2621e-05","0.0062","C"
"4","Trait5","FASTmrMLM","PstI.TP642111","11","4511","1.5901e-05","0.0035","C"
"4","Trait5","FASTmrMLM","PstI.TP642179","11","4512","-4.0911e-06","9e-04","A"
"4","Trait5","FASTmrMLM","PstI.TP642281","11","4513","2.0426e-05","0.0045","C"
"4","Trait5","FASTmrMLM","PstI.TP642620","11","4514","2.5545e-05","0.0056","G"
"4","Trait5","FASTmrMLM","PstI.TP642761","11","4516","-4.79e-07","1e-04","C"
"4","Trait5","FASTmrMLM","PstI.TP642819","11","4517","0.0566","0.4108","C"
"4","Trait5","FASTmrMLM","PstI.TP642834","11","4518","-6.6515e-06","0.0015","C"
"4","Trait5","FASTmrMLM","PstI.TP642844","11","4519","0.0947","0.6788","G"
"4","Trait5","FASTmrMLM","PstI.TP643059","11","4521","0.0359","0.1849","C"
"4","Trait5","FASTmrMLM","PstI.TP643433","11","4524","-0.0408","0.4587","A"
"4","Trait5","FASTmrMLM","PstI.TP643444","11","4525","-5.2464e-06","0.0011","A"
"4","Trait5","FASTmrMLM","PstI.TP643562","11","4526","-9.4998e-06","0.0021","C"
"4","Trait5","FASTmrMLM","PstI.TP643641","11","4527","-1.556e-05","0.0034","G"
"4","Trait5","FASTmrMLM","PstI.TP643842","11","4529","-1.3929e-05","0.003","A"
"4","Trait5","FASTmrMLM","PstI.TP643937","11","4530","-1.3555e-05","0.003","C"
"4","Trait5","FASTmrMLM","PstI.TP644394","11","4531","-9.9484e-06","0.0022","G"
"4","Trait5","FASTmrMLM","PstI.TP644437","11","4532","2.2966e-05","0.005","A"
"4","Trait5","FASTmrMLM","PstI.TP644883","11","4534","0.0701","0.5178","G"
"4","Trait5","FASTmrMLM","PstI.TP644930","11","4535","-0.018","0.2257","G"
"4","Trait5","FASTmrMLM","PstI.TP644982","11","4536","-4.9802e-05","0.011","A"
"4","Trait5","FASTmrMLM","PstI.TP645080","11","4537","-0.1153","0.6274","C"
"4","Trait5","FASTmrMLM","PstI.TP645172","11","4539","6.4634e-06","0.0014","A"
"4","Trait5","FASTmrMLM","PstI.TP645285","11","4541","-1.2962e-05","0.0028","C"
"4","Trait5","FASTmrMLM","PstI.TP645363","11","4542","1.6122e-06","4e-04","A"
"4","Trait5","FASTmrMLM","PstI.TP645496","11","4544","0.0763","0.4096","C"
"4","Trait5","FASTmrMLM","PstI.TP645502","11","4545","-7.143e-06","0.0016","A"
"4","Trait5","FASTmrMLM","PstI.TP645574","11","4546","6.7362e-06","0.0015","C"
"4","Trait5","FASTmrMLM","PstI.TP645700","11","4547","-7.0977e-06","0.0015","A"
"4","Trait5","FASTmrMLM","PstI.TP645724","11","4548","7.2204e-06","0.0016","A"
"4","Trait5","FASTmrMLM","PstI.TP645744","11","4549","3.4878e-05","0.0077","A"
"4","Trait5","FASTmrMLM","PstI.TP645944","11","4550","0.1844","0.8411","A"
"4","Trait5","FASTmrMLM","PstI.TP645987","11","4552","-1.1044e-05","0.0024","C"
"4","Trait5","FASTmrMLM","PstI.TP645990","11","4553","0.0128","0.19","A"
"4","Trait5","FASTmrMLM","PstI.TP646012","11","4554","-1.9691e-05","0.0043","G"
"4","Trait5","FASTmrMLM","PstI.TP646574","11","4557","-8.2658e-06","0.0018","C"
"4","Trait5","FASTmrMLM","PstI.TP646910","11","4558","0.2412","1.6327","C"
"4","Trait5","FASTmrMLM","PstI.TP647118","11","4560","0.1833","1.2145","A"
"4","Trait5","FASTmrMLM","PstI.TP647473","11","4561","-1.0724e-05","0.0023","A"
"4","Trait5","FASTmrMLM","PstI.TP647499","11","4562","0.1247","0.8577","A"
"4","Trait5","FASTmrMLM","PstI.TP647534","11","4563","8.2717e-06","0.0018","C"
"4","Trait5","FASTmrMLM","PstI.TP647553","11","4564","0.0293","0.334","A"
"4","Trait5","FASTmrMLM","PstI.TP647632","11","4565","-0.168","0.9672","A"
"4","Trait5","FASTmrMLM","PstI.TP647717","11","4566","0.1242","1.5083","A"
"4","Trait5","FASTmrMLM","PstI.TP647824","11","4567","0.06","0.7535","A"
"4","Trait5","FASTmrMLM","PstI.TP647861","11","4568","2.228e-06","5e-04","C"
"4","Trait5","FASTmrMLM","PstI.TP647908","11","4569","-1.1902e-05","0.0026","A"
"4","Trait5","FASTmrMLM","PstI.TP648051","11","4570","-1.7169e-05","0.0038","A"
"4","Trait5","FASTmrMLM","PstI.TP648083","11","4571","-5.0833e-06","0.0011","C"
"4","Trait5","FASTmrMLM","PstI.TP648204","11","4573","-0.1177","0.6877","A"
"4","Trait5","FASTmrMLM","PstI.TP648569","11","4574","-0.0385","0.2712","C"
"4","Trait5","FASTmrMLM","PstI.TP648583","11","4575","0.1083","0.5605","C"
"4","Trait5","FASTmrMLM","PstI.TP648632","11","4576","2.6701e-05","0.0059","C"
"4","Trait5","FASTmrMLM","PstI.TP648679","11","4577","1.4617e-05","0.0032","C"
"4","Trait5","FASTmrMLM","PstI.TP648846","11","4578","-0.0342","0.2953","A"
"4","Trait5","FASTmrMLM","PstI.TP648892","11","4579","1.1276e-05","0.0025","C"
"4","Trait5","FASTmrMLM","PstI.TP648992","11","4580","6.7022e-07","1e-04","A"
"4","Trait5","FASTmrMLM","PstI.TP649010","11","4581","1.4446e-05","0.0032","C"
"4","Trait5","FASTmrMLM","PstI.TP649149","11","4582","-2.4842e-05","0.0054","A"
"4","Trait5","FASTmrMLM","PstI.TP649485","11","4583","-0.0287","0.1786","C"
"4","Trait5","FASTmrMLM","PstI.TP649769","11","4584","1.4993e-05","0.0033","C"
"4","Trait5","FASTmrMLM","PstI.TP650434","11","4587","-0.2693","1.681","C"
"4","Trait5","FASTmrMLM","PstI.TP650599","11","4588","1.7725e-05","0.0039","G"
"4","Trait5","FASTmrMLM","PstI.TP650759","11","4589","0.2105","1.8907","C"
"4","Trait5","FASTmrMLM","PstI.TP651415","11","4591","-0.0537","0.3502","A"
"4","Trait5","FASTmrMLM","PstI.TP651654","11","4592","1.9967e-05","0.0044","C"
"4","Trait5","FASTmrMLM","PstI.TP651686","11","4593","0.0545","0.3122","G"
"4","Trait5","FASTmrMLM","PstI.TP651762","11","4594","-8.0435e-06","0.0018","A"
"4","Trait5","FASTmrMLM","PstI.TP651907","11","4596","-0.1359","1.1245","C"
"4","Trait5","FASTmrMLM","PstI.TP651992","11","4597","1.333e-05","0.0029","C"
"4","Trait5","FASTmrMLM","PstI.TP652161","11","4599","5.9672e-07","1e-04","C"
"4","Trait5","FASTmrMLM","PstI.TP652190","11","4600","-1.1722e-06","3e-04","A"
"4","Trait5","FASTmrMLM","PstI.TP652290","11","4601","1.4444e-05","0.0032","C"
"4","Trait5","FASTmrMLM","PstI.TP652323","11","4602","-1.666e-05","0.0036","C"
"4","Trait5","FASTmrMLM","PstI.TP652723","11","4603","-2.365e-05","0.0052","G"
"4","Trait5","FASTmrMLM","PstI.TP652759","11","4604","1.8275e-06","4e-04","C"
"4","Trait5","FASTmrMLM","PstI.TP653238","11","4605","4.2608e-07","9.274e-05","A"
"4","Trait5","FASTmrMLM","PstI.TP653791","11","4607","-0.0658","0.5035","C"
"4","Trait5","FASTmrMLM","PstI.TP654162","11","4608","-5.0125e-06","0.0011","C"
"4","Trait5","FASTmrMLM","PstI.TP654167","11","4609","-0.1687","0.8313","C"
"4","Trait5","FASTmrMLM","PstI.TP656528","11","4611","5.718e-06","0.0012","A"
"4","Trait5","FASTmrMLM","PstI.TP656559","11","4612","6.3259e-06","0.0014","A"
"4","Trait5","FASTmrMLM","PstI.TP661073","11","4613","1.6339e-05","0.0036","C"
"4","Trait5","FASTmrMLM","PstI.TP661173","11","4614","-2.9605e-06","6e-04","A"
"4","Trait5","FASTmrMLM","PstI.TP661364","11","4615","4.3712e-07","9.5133e-05","A"
"4","Trait5","FASTmrMLM","PstI.TP661430","11","4616","1.1711e-05","0.0026","G"
"4","Trait5","FASTmrMLM","PstI.TP662465","11","4621","1.3161e-05","0.0029","A"
"4","Trait5","FASTmrMLM","PstI.TP662634","11","4622","-1.1869e-05","0.0026","A"
"4","Trait5","FASTmrMLM","PstI.TP662651","11","4623","-1.294e-05","0.0028","A"
"4","Trait5","FASTmrMLM","PstI.TP662789","11","4624","-1.5745e-05","0.0034","C"
"4","Trait5","FASTmrMLM","PstI.TP662830","11","4625","-1.0479e-05","0.0023","C"
"4","Trait5","FASTmrMLM","PstI.TP662876","11","4626","-1.2146e-08","2.6431e-06","C"
"4","Trait5","FASTmrMLM","PstI.TP662975","11","4627","0.1515","0.7719","C"
"4","Trait5","FASTmrMLM","PstI.TP662987","11","4628","0.0577","0.4559","C"
"4","Trait5","FASTmrMLM","PstI.TP663014","11","4629","-9.8684e-06","0.0022","A"
"4","Trait5","FASTmrMLM","PstI.TP663107","11","4630","0.0284","0.256","C"
"4","Trait5","FASTmrMLM","PstI.TP663492","11","4631","-1.0793e-06","2e-04","A"
"4","Trait5","FASTmrMLM","PstI.TP663815","11","4632","-0.0731","0.6259","C"
"4","Trait5","FASTmrMLM","PstI.TP664215","11","4634","-0.0935","0.6686","C"
"4","Trait5","FASTmrMLM","PstI.TP664355","11","4635","-0.1135","0.7202","A"
"4","Trait5","FASTmrMLM","PstI.TP664543","11","4636","-0.0688","0.5683","C"
"4","Trait5","FASTmrMLM","PstI.TP664847","11","4637","0.0998","0.4223","A"
"4","Trait5","FASTmrMLM","PstI.TP666274","11","4641","-7.8699e-07","2e-04","G"
"4","Trait5","FASTmrMLM","PstI.TP666677","11","4642","-0.1309","1.7595","G"
"4","Trait5","FASTmrMLM","PstI.TP666982","11","4643","-4e-04","0.0171","C"
"4","Trait5","FASTmrMLM","PstI.TP667089","11","4644","-2.3372e-05","0.0051","A"
"4","Trait5","FASTmrMLM","PstI.TP667202","11","4646","0.0454","0.5442","G"
"4","Trait5","FASTmrMLM","PstI.TP667264","11","4647","-3.3133e-05","0.0073","C"
"4","Trait5","FASTmrMLM","PstI.TP667509","11","4648","-1.0163e-05","0.0022","C"
"4","Trait5","FASTmrMLM","PstI.TP667574","11","4649","-6.3689e-06","0.0014","C"
"4","Trait5","FASTmrMLM","PstI.TP667910","11","4651","-4.9834e-06","0.0011","A"
"4","Trait5","FASTmrMLM","PstI.TP668043","11","4652","-5.7609e-06","0.0013","A"
"4","Trait5","FASTmrMLM","PstI.TP668118","11","4653","-4.6219e-06","0.001","C"
"4","Trait5","FASTmrMLM","PstI.TP668337","11","4654","1.1031e-05","0.0024","A"
"4","Trait5","FASTmrMLM","PstI.TP668393","11","4655","-3.4666e-06","8e-04","A"
"4","Trait5","FASTmrMLM","PstI.TP668431","11","4656","7.6989e-06","0.0017","A"
"4","Trait5","FASTmrMLM","PstI.TP668732","11","4657","-4.5913e-07","9.9927e-05","G"
"4","Trait5","FASTmrMLM","PstI.TP669543","11","4661","0.0152","0.1941","C"
"4","Trait5","FASTmrMLM","PstI.TP669547","11","4663","0.0245","0.2175","A"
"4","Trait5","FASTmrMLM","PstI.TP669630","11","4665","-4.0295e-05","0.0089","C"
"4","Trait5","FASTmrMLM","PstI.TP670118","11","4668","7.4126e-06","0.0016","C"
"4","Trait5","FASTmrMLM","PstI.TP670870","11","4670","-1e-04","0.0113","A"
"4","Trait5","FASTmrMLM","PstI.TP671428","11","4671","4.6737e-06","0.001","A"
"4","Trait5","FASTmrMLM","PstI.TP671672","11","4672","-0.0126","0.1621","C"
"4","Trait5","FASTmrMLM","PstI.TP671829","11","4673","1.1444e-05","0.0025","C"
"4","Trait5","FASTmrMLM","PstI.TP673327","11","4677","-4.8917e-05","0.0067","A"
"4","Trait5","FASTmrMLM","PstI.TP673652","11","4679","-0.2431","1.0899","A"
"4","Trait5","FASTmrMLM","PstI.TP673783","11","4680","-8.5076e-06","0.0019","G"
"4","Trait5","FASTmrMLM","PstI.TP674163","11","4681","-1.093e-05","0.0024","C"
"4","Trait5","FASTmrMLM","PstI.TP674386","11","4684","-2.3435e-05","0.0051","C"
"4","Trait5","FASTmrMLM","PstI.TP674424","11","4685","-0.012","0.179","A"
"4","Trait5","FASTmrMLM","PstI.TP674472","11","4686","-3.0656e-05","0.0067","C"
"4","Trait5","FASTmrMLM","PstI.TP674499","11","4687","0.0348","0.4115","C"
"4","Trait5","FASTmrMLM","PstI.TP674882","11","4689","-3.7403e-06","8e-04","C"
"4","Trait5","FASTmrMLM","PstI.TP675084","11","4690","1.8965e-05","0.0041","C"
"4","Trait5","FASTmrMLM","PstI.TP675116","11","4691","-0.0446","0.4776","C"
"4","Trait5","FASTmrMLM","PstI.TP675261","11","4692","-0.0979","0.748","C"
"4","Trait5","FASTmrMLM","PstI.TP675307","11","4693","-0.0181","0.256","C"
"4","Trait5","FASTmrMLM","PstI.TP675635","11","4694","6.8529e-06","0.0015","A"
"4","Trait5","FASTmrMLM","PstI.TP675743","11","4695","0.0497","0.4522","A"
"4","Trait5","FASTmrMLM","PstI.TP675802","11","4696","-3e-04","0.0161","A"
"4","Trait5","FASTmrMLM","PstI.TP676041","11","4697","3.4094e-05","0.0075","G"
"4","Trait5","FASTmrMLM","PstI.TP676572","11","4698","-7.6422e-07","2e-04","C"
"4","Trait5","FASTmrMLM","PstI.TP676649","11","4699","-1.3812e-05","0.003","A"
"4","Trait5","FASTmrMLM","PstI.TP676829","11","4700","-8.3026e-06","0.0018","C"
"4","Trait5","FASTmrMLM","PstI.TP676837","11","4701","-0.0518","0.3328","C"
"4","Trait5","FASTmrMLM","PstI.TP676888","11","4702","-3.6042e-05","0.0079","A"
"4","Trait5","FASTmrMLM","PstI.TP677463","11","4705","0.1232","0.6409","C"
"4","Trait5","FASTmrMLM","PstI.TP677490","11","4706","-2.6573e-06","6e-04","A"
"4","Trait5","FASTmrMLM","PstI.TP677900","11","4708","0.0513","0.4104","C"
"4","Trait5","FASTmrMLM","PstI.TP679407","11","4710","1.4209e-05","0.0031","A"
"4","Trait5","FASTmrMLM","PstI.TP679776","11","4711","0.1975","1.1018","A"
"4","Trait5","FASTmrMLM","PstI.TP679845","11","4712","4.2502e-06","9e-04","A"
"4","Trait5","FASTmrMLM","PstI.TP680030","11","4714","1.208e-05","0.0026","C"
"4","Trait5","FASTmrMLM","PstI.TP680562","11","4715","1.5397e-07","3.3518e-05","A"
"4","Trait5","FASTmrMLM","PstI.TP680915","11","4717","-1.021e-05","0.0022","C"
"4","Trait5","FASTmrMLM","PstI.TP680958","11","4718","2.0709e-05","0.0045","C"
"4","Trait5","FASTmrMLM","PstI.TP681031","11","4719","9.3095e-06","0.002","G"
"4","Trait5","FASTmrMLM","PstI.TP681216","11","4720","1.9219e-05","0.0042","A"
"4","Trait5","FASTmrMLM","PstI.TP681258","11","4721","0.0226","0.245","C"
"4","Trait5","FASTmrMLM","PstI.TP682076","11","4722","4.3405e-06","9e-04","C"
"4","Trait5","FASTmrMLM","PstI.TP683077","11","4723","9.2957e-06","0.002","A"
"4","Trait5","FASTmrMLM","PstI.TP683207","11","4724","-2.5235e-05","0.0055","C"
"4","Trait5","FASTmrMLM","PstI.TP683345","11","4725","1.2174e-05","0.0027","G"
"4","Trait5","FASTmrMLM","PstI.TP683502","11","4726","-9.0044e-06","0.002","C"
"4","Trait5","FASTmrMLM","PstI.TP683530","11","4727","-1.1988e-05","0.0026","G"
"4","Trait5","FASTmrMLM","PstI.TP683903","11","4730","-2.6406e-05","0.0058","A"
"4","Trait5","FASTmrMLM","PstI.TP684381","11","4732","-0.2619","1.8401","A"
"4","Trait5","FASTmrMLM","PstI.TP684409","11","4733","6.8209e-06","0.0015","A"
"4","Trait5","FASTmrMLM","PstI.TP684509","11","4734","-1.8181e-05","0.004","A"
"4","Trait5","FASTmrMLM","PstI.TP684592","11","4735","4.7224e-06","0.001","A"
"4","Trait5","FASTmrMLM","PstI.TP684774","11","4736","2.3079e-05","0.0051","C"
"4","Trait5","FASTmrMLM","PstI.TP685303","11","4738","-0.1722","0.935","A"
"4","Trait5","FASTmrMLM","PstI.TP685319","11","4739","0.0311","0.3694","A"
"4","Trait5","FASTmrMLM","PstI.TP685360","11","4740","-5.1259e-06","0.0011","C"
"4","Trait5","FASTmrMLM","PstI.TP686087","11","4741","0.042","0.2923","G"
"4","Trait5","FASTmrMLM","PstI.TP686182","11","4742","0.0548","0.4675","A"
"4","Trait5","FASTmrMLM","PstI.TP686637","11","4743","-8.4804e-06","0.0018","C"
"4","Trait5","FASTmrMLM","PstI.TP686828","11","4744","6.5516e-06","0.0014","A"
"4","Trait5","FASTmrMLM","PstI.TP686847","11","4745","3.6213e-06","8e-04","C"
"4","Trait5","FASTmrMLM","PstI.TP686856","11","4746","9.1835e-06","0.002","C"
"4","Trait5","FASTmrMLM","PstI.TP687150","11","4748","-1.0271e-05","0.0022","C"
"4","Trait5","FASTmrMLM","PstI.TP687247","11","4749","6.6648e-06","0.0015","G"
"4","Trait5","FASTmrMLM","PstI.TP687364","11","4750","-0.0644","0.3952","C"
"4","Trait5","FASTmrMLM","PstI.TP687504","11","4751","-1.7979e-05","0.0039","G"
"4","Trait5","FASTmrMLM","PstI.TP687576","11","4752","-1.6549e-05","0.0036","C"
"4","Trait5","FASTmrMLM","PstI.TP687765","11","4753","7.8365e-05","0.0092","C"
"4","Trait5","FASTmrMLM","PstI.TP687894","11","4754","2.791e-06","6e-04","A"
"4","Trait5","FASTmrMLM","PstI.TP688005","11","4755","-6.9309e-06","0.0015","A"
"4","Trait5","FASTmrMLM","PstI.TP688053","11","4756","2.4173e-06","5e-04","C"
"4","Trait5","FASTmrMLM","PstI.TP688240","11","4757","-0.0245","0.1783","A"
"4","Trait5","FASTmrMLM","PstI.TP688265","11","4758","-0.129","0.6899","C"
"4","Trait5","FASTmrMLM","PstI.TP688629","11","4759","8.5725e-06","0.0019","A"
"4","Trait5","FASTmrMLM","PstI.TP688671","11","4760","1.9745e-05","0.0043","G"
"4","Trait5","FASTmrMLM","PstI.TP688811","11","4761","-0.018","0.1625","A"
"4","Trait5","FASTmrMLM","PstI.TP689039","11","4762","-2.5197e-05","0.0055","C"
"4","Trait5","FASTmrMLM","PstI.TP689136","11","4763","-1.9641e-05","0.0043","C"
"4","Trait5","FASTmrMLM","PstI.TP689241","11","4764","2.6869e-05","0.0059","G"
"4","Trait5","FASTmrMLM","PstI.TP689267","11","4765","2.1466e-05","0.0047","C"
"4","Trait5","FASTmrMLM","PstI.TP689331","11","4766","-0.0733","0.2848","A"
"4","Trait5","FASTmrMLM","PstI.TP689339","11","4767","-0.0755","0.7075","C"
"4","Trait5","FASTmrMLM","PstI.TP689492","11","4768","4.1311e-05","0.0091","C"
"4","Trait5","FASTmrMLM","PstI.TP690066","11","4769","0.0164","0.2316","C"
"4","Trait5","FASTmrMLM","PstI.TP690148","11","4770","-2.5645e-05","0.0056","A"
"4","Trait5","FASTmrMLM","PstI.TP690511","11","4772","-1.1417e-05","0.0025","G"
"4","Trait5","FASTmrMLM","PstI.TP690527","11","4773","0.1195","0.8526","A"
"4","Trait5","FASTmrMLM","PstI.TP690591","11","4774","-5.9473e-05","0.0065","C"
"4","Trait5","FASTmrMLM","PstI.TP690712","11","4775","1.8101e-06","4e-04","A"
"4","Trait5","FASTmrMLM","PstI.TP690791","11","4776","-0.0647","0.8171","C"
"4","Trait5","FASTmrMLM","PstI.TP691048","11","4777","-3e-04","0.0137","C"
"4","Trait5","FASTmrMLM","PstI.TP691171","11","4778","1.1399e-05","0.0025","A"
"4","Trait5","FASTmrMLM","PstI.TP691472","11","4780","1.1498e-05","0.0025","C"
"4","Trait5","FASTmrMLM","PstI.TP691554","11","4781","-7.4138e-06","0.0016","A"
"4","Trait5","FASTmrMLM","PstI.TP691668","11","4782","-0.1021","0.3822","G"
"4","Trait5","FASTmrMLM","PstI.TP691691","11","4783","-2.6275e-05","0.0058","C"
"4","Trait5","FASTmrMLM","PstI.TP691743","11","4784","-1.071e-05","0.0023","A"
"4","Trait5","FASTmrMLM","PstI.TP691752","11","4785","-3.8767e-06","8e-04","C"
"4","Trait5","FASTmrMLM","PstI.TP691761","11","4786","1.6141e-05","0.0035","A"
"4","Trait5","FASTmrMLM","PstI.TP691817","11","4787","-0.1718","0.941","C"
"4","Trait5","FASTmrMLM","PstI.TP691935","11","4789","-0.02","0.2372","C"
"4","Trait5","FASTmrMLM","PstI.TP692048","11","4790","-4.2483e-07","9.2462e-05","C"
"4","Trait5","FASTmrMLM","PstI.TP692191","11","4791","-0.0505","0.3254","C"
"4","Trait5","FASTmrMLM","PstI.TP692195","11","4792","-3.5884e-05","0.0079","A"
"4","Trait5","FASTmrMLM","PstI.TP692299","11","4794","0.0944","0.4731","A"
"4","Trait5","FASTmrMLM","PstI.TP692394","11","4795","-8.6079e-06","0.0019","A"
"4","Trait5","FASTmrMLM","PstI.TP692656","11","4799","7.2455e-06","0.0016","C"
"4","Trait5","FASTmrMLM","PstI.TP692748","11","4800","-1.1371e-05","0.0025","A"
"4","Trait5","FASTmrMLM","PstI.TP693190","11","4801","1.4886e-05","0.0033","A"
"4","Trait5","FASTmrMLM","PstI.TP693329","11","4802","-1.1818e-05","0.0026","A"
"4","Trait5","FASTmrMLM","PstI.TP693480","11","4803","3.5655e-07","7.7605e-05","G"
"4","Trait5","FASTmrMLM","PstI.TP693499","11","4804","5.6929e-07","1e-04","A"
"4","Trait5","FASTmrMLM","PstI.TP694315","11","4807","-1.088e-05","0.0024","C"
"4","Trait5","FASTmrMLM","PstI.TP694479","11","4809","-4.4875e-06","0.001","C"
"4","Trait5","FASTmrMLM","PstI.TP697077","11","4814","-9.1424e-06","0.002","A"
"4","Trait5","FASTmrMLM","PstI.TP697231","11","4815","-8.048e-06","0.0018","C"
"4","Trait5","FASTmrMLM","PstI.TP697263","11","4816","2.1334e-05","0.0047","A"
"4","Trait5","FASTmrMLM","PstI.TP697467","11","4818","-5.8719e-06","0.0013","G"
"4","Trait5","FASTmrMLM","PstI.TP697981","11","4819","-1.4497e-06","3e-04","G"
"4","Trait5","FASTmrMLM","PstI.TP697993","11","4820","-2.7712e-05","0.0061","A"
"4","Trait5","FASTmrMLM","PstI.TP698025","11","4821","1.9527e-06","4e-04","C"
"4","Trait5","FASTmrMLM","PstI.TP698135","11","4822","-3.3517e-05","0.0074","A"
"4","Trait5","FASTmrMLM","PstI.TP698154","11","4823","-1.7183e-05","0.0038","A"
"4","Trait5","FASTmrMLM","PstI.TP698300","11","4824","5.6001e-06","0.0012","C"
"4","Trait5","FASTmrMLM","PstI.TP698613","11","4826","-5.3888e-06","0.0012","A"
"4","Trait5","FASTmrMLM","PstI.TP698636","11","4827","1.5935e-05","0.0035","A"
"4","Trait5","FASTmrMLM","PstI.TP698805","11","4829","-0.0441","0.4988","C"
"4","Trait5","FASTmrMLM","PstI.TP698835","11","4830","-0.0262","0.1825","C"
"4","Trait5","FASTmrMLM","PstI.TP698941","11","4832","0.1812","0.6643","A"
"4","Trait5","FASTmrMLM","PstI.TP698973","11","4833","0.2536","1.1461","A"
"4","Trait5","FASTmrMLM","PstI.TP698977","11","4834","4.7768e-05","0.0077","A"
"4","Trait5","FASTmrMLM","PstI.TP698981","11","4835","-8.5593e-06","0.0019","A"
"4","Trait5","FASTmrMLM","PstI.TP698994","11","4836","-2.2933e-05","0.005","C"
"4","Trait5","FASTmrMLM","PstI.TP698997","11","4837","1.5236e-06","3e-04","C"
"4","Trait5","FASTmrMLM","PstI.TP699506","11","4840","0.1026","0.4893","A"
"4","Trait5","FASTmrMLM","PstI.TP699515","11","4841","0.1326","0.7695","A"
"4","Trait5","FASTmrMLM","PstI.TP699747","11","4842","0.1514","0.9381","A"
"4","Trait5","FASTmrMLM","PstI.TP699758","11","4843","0.2174","1.2333","A"
"4","Trait5","FASTmrMLM","PstI.TP700039","11","4845","-0.0564","0.5248","A"
"4","Trait5","FASTmrMLM","PstI.TP700315","11","4846","-1.2986e-05","0.0028","A"
"4","Trait5","FASTmrMLM","PstI.TP700559","11","4847","-3.4957e-06","8e-04","A"
"4","Trait5","FASTmrMLM","PstI.TP700730","11","4848","-2.7759e-05","0.0061","A"
"4","Trait5","FASTmrMLM","PstI.TP700800","11","4849","3.1512e-05","0.0069","G"
"4","Trait5","FASTmrMLM","PstI.TP700816","11","4850","-1.7454e-05","0.0038","C"
"4","Trait5","FASTmrMLM","PstI.TP701035","11","4852","-1.2075e-05","0.0026","A"
"4","Trait5","FASTmrMLM","PstI.TP701142","11","4853","-1.2602e-06","3e-04","C"
"4","Trait5","FASTmrMLM","PstI.TP701234","11","4855","-1.939e-05","0.0042","A"
"4","Trait5","FASTmrMLM","PstI.TP701473","11","4856","-1.1011e-05","0.0024","A"
"4","Trait5","FASTmrMLM","PstI.TP701577","11","4858","5.1532e-07","1e-04","C"
"4","Trait5","FASTmrMLM","PstI.TP701596","11","4859","-7.0229e-07","2e-04","A"
"4","Trait5","FASTmrMLM","PstI.TP701610","11","4860","0.0282","0.3831","C"
"4","Trait5","FASTmrMLM","PstI.TP701641","11","4862","2.764e-05","0.0061","G"
"4","Trait5","FASTmrMLM","PstI.TP701699","11","4863","1.6855e-05","0.0037","A"
"4","Trait5","FASTmrMLM","PstI.TP701806","11","4864","1.1107e-05","0.0024","A"
"4","Trait5","FASTmrMLM","PstI.TP702115","11","4865","-1.3441e-05","0.0029","G"
"4","Trait5","FASTmrMLM","PstI.TP702120","11","4866","-1.0531e-06","2e-04","A"
"4","Trait5","FASTmrMLM","PstI.TP702483","11","4867","0.2489","0.8086","A"
"4","Trait5","FASTmrMLM","PstI.TP702612","11","4868","0.0404","0.241","A"
"4","Trait5","FASTmrMLM","PstI.TP702711","11","4869","-0.2257","1.4576","C"
"4","Trait5","FASTmrMLM","PstI.TP702740","11","4870","-8.8964e-06","0.0019","A"
"4","Trait5","FASTmrMLM","PstI.TP702922","11","4872","-0.0346","0.3175","A"
"4","Trait5","FASTmrMLM","PstI.TP702968","11","4873","1.091e-05","0.0024","A"
"4","Trait5","FASTmrMLM","PstI.TP703027","11","4874","-9.4927e-07","2e-04","A"
"4","Trait5","FASTmrMLM","PstI.TP703425","11","4876","3.0179e-05","0.0066","A"
"4","Trait5","FASTmrMLM","PstI.TP703594","11","4877","-0.2415","2.5815","C"
"4","Trait5","FASTmrMLM","PstI.TP703889","11","4878","0.146","1.3725","A"
"4","Trait5","FASTmrMLM","PstI.TP704563","11","4879","3.3143e-05","0.0073","C"
"4","Trait5","FASTmrMLM","PstI.TP704615","11","4880","-0.0953","0.523","C"
"4","Trait5","FASTmrMLM","PstI.TP704648","11","4881","-2.214e-06","5e-04","C"
"4","Trait5","FASTmrMLM","PstI.TP704687","11","4882","-1.6231e-05","0.0035","C"
"4","Trait5","FASTmrMLM","PstI.TP704818","11","4883","-1.5734e-06","3e-04","C"
"4","Trait5","FASTmrMLM","PstI.TP704895","11","4884","-1.1206e-06","2e-04","A"
"4","Trait5","FASTmrMLM","PstI.TP705125","11","4885","3.6983e-07","8.0488e-05","A"
"4","Trait5","FASTmrMLM","PstI.TP705137","11","4886","-0.061","0.5071","A"
"4","Trait5","FASTmrMLM","PstI.TP705353","11","4887","-1.4089e-05","0.0031","A"
"4","Trait5","FASTmrMLM","PstI.TP705377","11","4888","-0.0658","0.6712","C"
"4","Trait5","FASTmrMLM","PstI.TP705948","11","4890","-7.3014e-06","0.0016","A"
"4","Trait5","FASTmrMLM","PstI.TP705958","11","4891","0.1633","1.6093","C"
"4","Trait5","FASTmrMLM","PstI.TP706026","11","4892","7.8213e-07","2e-04","C"
"4","Trait5","FASTmrMLM","PstI.TP706281","11","4894","-8.7894e-06","0.0019","A"
"4","Trait5","FASTmrMLM","PstI.TP706401","11","4895","-1.1101e-05","0.0024","A"
"4","Trait5","FASTmrMLM","PstI.TP706415","11","4896","1.1395e-05","0.0025","A"
"4","Trait5","FASTmrMLM","PstI.TP706451","11","4897","0.0954","0.518","C"
"4","Trait5","FASTmrMLM","PstI.TP706596","11","4898","-0.0181","0.2392","A"
"4","Trait5","FASTmrMLM","PstI.TP706666","11","4900","-0.123","0.789","C"
"4","Trait5","FASTmrMLM","PstI.TP706687","11","4901","-9.3914e-06","0.002","A"
"4","Trait5","FASTmrMLM","PstI.TP707014","11","4902","3.8771e-05","0.0085","C"
"4","Trait5","FASTmrMLM","PstI.TP707547","11","4904","2.7501e-05","0.006","C"
"4","Trait5","FASTmrMLM","PstI.TP707700","11","4905","3.1196e-05","0.0068","A"
"4","Trait5","FASTmrMLM","PstI.TP707947","11","4908","-1.5345e-05","0.0034","C"
"4","Trait5","FASTmrMLM","PstI.TP708407","11","4909","3.6764e-05","0.0081","A"
"4","Trait5","FASTmrMLM","PstI.TP708473","11","4910","4.9658e-06","0.0011","C"
"4","Trait5","FASTmrMLM","PstI.TP708504","11","4911","2.3457e-05","0.0051","A"
"4","Trait5","FASTmrMLM","PstI.TP708524","11","4912","-0.1989","1.1865","C"
"4","Trait5","FASTmrMLM","PstI.TP708548","11","4913","-2.1463e-05","0.0047","A"
"4","Trait5","FASTmrMLM","PstI.TP708580","11","4914","-0.0612","0.3038","C"
"4","Trait5","FASTmrMLM","PstI.TP708745","11","4915","2.0317e-05","0.0044","C"
"4","Trait5","FASTmrMLM","PstI.TP709029","11","4916","-6.5034e-06","0.0014","G"
"4","Trait5","FASTmrMLM","PstI.TP709060","11","4917","-4.1612e-06","9e-04","A"
"4","Trait5","FASTmrMLM","PstI.TP709086","11","4918","-2.8641e-06","6e-04","C"
"4","Trait5","FASTmrMLM","PstI.TP709097","11","4919","-0.1092","0.7894","A"
"4","Trait5","FASTmrMLM","PstI.TP709310","11","4920","-3.0263e-06","7e-04","C"
"4","Trait5","FASTmrMLM","PstI.TP709313","11","4921","-9.8632e-06","0.0022","C"
"4","Trait5","FASTmrMLM","PstI.TP709752","11","4923","3.7232e-05","0.0082","A"
"4","Trait5","FASTmrMLM","PstI.TP710226","11","4924","-2.5489e-05","0.0056","A"
"4","Trait5","FASTmrMLM","PstI.TP710614","11","4925","-2.3423e-06","5e-04","C"
"4","Trait5","FASTmrMLM","PstI.TP710823","11","4927","0.0232","0.3223","C"
"4","Trait5","FASTmrMLM","PstI.TP711286","11","4928","2.5058e-05","0.0055","C"
"4","Trait5","FASTmrMLM","PstI.TP711670","11","4929","1.0497e-06","2e-04","A"
"4","Trait5","FASTmrMLM","PstI.TP712352","11","4930","-4.5905e-06","0.001","C"
"4","Trait5","FASTmrMLM","PstI.TP712711","11","4932","7.2323e-06","0.0016","A"
"4","Trait5","FASTmrMLM","PstI.TP712774","11","4933","1.682e-05","0.0037","A"
"4","Trait5","FASTmrMLM","PstI.TP712883","11","4934","-0.1125","1.0173","C"
"4","Trait5","FASTmrMLM","PstI.TP712963","11","4936","-0.0639","0.7112","C"
"4","Trait5","FASTmrMLM","PstI.TP713037","11","4937","-0.2017","0.6639","C"
"4","Trait5","FASTmrMLM","PstI.TP713465","11","4939","2.4757e-06","5e-04","A"
"4","Trait5","FASTmrMLM","PstI.TP714149","11","4941","-2.9297e-06","6e-04","C"
"4","Trait5","FASTmrMLM","PstI.TP714290","11","4942","0.083","1.0368","C"
"4","Trait5","FASTmrMLM","PstI.TP714416","11","4943","0.0943","1.2074","A"
"4","Trait5","FASTmrMLM","PstI.TP715191","11","4947","1.6907e-05","0.0037","C"
"4","Trait5","FASTmrMLM","PstI.TP715527","11","4949","6.1032e-06","0.0013","G"
"4","Trait5","FASTmrMLM","PstI.TP715640","11","4950","0.0365","0.2127","A"
"4","Trait5","FASTmrMLM","PstI.TP715984","11","4951","1.2718e-05","0.0028","C"
"4","Trait5","FASTmrMLM","PstI.TP716120","11","4952","5.6376e-05","0.0074","C"
"4","Trait5","FASTmrMLM","PstI.TP716541","11","4955","-7.7466e-06","0.0017","A"
"4","Trait5","FASTmrMLM","PstI.TP716553","11","4956","2.8779e-07","6.2643e-05","A"
"4","Trait5","FASTmrMLM","PstI.TP716571","11","4957","-1.3396e-05","0.0029","G"
"4","Trait5","FASTmrMLM","PstI.TP716669","11","4958","-9.8554e-06","0.0022","A"
"4","Trait5","FASTmrMLM","PstI.TP718192","11","4959","0.1416","0.8649","C"
"4","Trait5","FASTmrMLM","PstI.TP718215","11","4961","2.699e-05","0.0059","A"
"4","Trait5","FASTmrMLM","PstI.TP718243","11","4962","-8.6241e-06","0.0019","A"
"4","Trait5","FASTmrMLM","PstI.TP718438","11","4963","5.8787e-06","0.0013","C"
"4","Trait5","FASTmrMLM","PstI.TP718528","11","4964","-3.9111e-05","0.0086","C"
"4","Trait5","FASTmrMLM","PstI.TP718552","11","4965","0.0304","0.1973","A"
"4","Trait5","FASTmrMLM","PstI.TP718792","11","4966","-7.042e-07","2e-04","C"
"4","Trait5","FASTmrMLM","PstI.TP718840","11","4967","2.8103e-05","0.0062","A"
"4","Trait5","FASTmrMLM","PstI.TP719262","11","4968","0.0864","0.9182","C"
"4","Trait5","FASTmrMLM","PstI.TP719742","11","4969","0.0105","0.1521","A"
"4","Trait5","FASTmrMLM","PstI.TP719900","11","4970","-0.071","0.3316","C"
"4","Trait5","FASTmrMLM","PstI.TP719928","11","4971","-1.6575e-05","0.0036","C"
"4","Trait5","FASTmrMLM","PstI.TP720017","11","4972","-1.141e-05","0.0025","G"
"4","Trait5","FASTmrMLM","PstI.TP720110","11","4973","3.7146e-05","0.0082","A"
"4","Trait5","FASTmrMLM","PstI.TP720214","11","4974","0.157","0.8376","C"
"4","Trait5","FASTmrMLM","PstI.TP720229","11","4975","1.4401e-06","3e-04","A"
"4","Trait5","FASTmrMLM","PstI.TP720296","11","4976","-3.5998e-06","8e-04","C"
"4","Trait5","FASTmrMLM","PstI.TP720502","11","4977","-0.0356","0.3327","C"
"4","Trait5","FASTmrMLM","PstI.TP720591","11","4978","-1.9127e-05","0.0042","C"
"4","Trait5","FASTmrMLM","PstI.TP720765","11","4979","0.1593","0.7279","G"
"4","Trait5","FASTmrMLM","PstI.TP720767","11","4980","6.8132e-06","0.0015","C"
"4","Trait5","FASTmrMLM","PstI.TP720893","11","4981","0.1181","0.7881","A"
"4","Trait5","FASTmrMLM","PstI.TP720919","11","4982","1.0311e-05","0.0023","A"
"4","Trait5","FASTmrMLM","PstI.TP721525","11","4984","-2.8689e-05","0.0063","C"
"4","Trait5","FASTmrMLM","PstI.TP721585","11","4985","-3.087e-05","0.0061","C"
"4","Trait5","FASTmrMLM","PstI.TP722033","11","4987","-2.2165e-06","5e-04","C"
"4","Trait5","FASTmrMLM","PstI.TP723433","11","4990","-2.7655e-05","0.0061","A"
"4","Trait5","FASTmrMLM","PstI.TP723452","11","4991","3.2399e-05","0.0071","C"
"4","Trait5","FASTmrMLM","PstI.TP723526","11","4992","-1.1658e-05","0.0025","A"
"4","Trait5","FASTmrMLM","PstI.TP723584","11","4994","7.9073e-05","0.0085","A"
"4","Trait5","FASTmrMLM","PstI.TP724007","11","4995","1.6987e-05","0.0037","A"
"4","Trait5","FASTmrMLM","PstI.TP724056","11","4996","3.4634e-05","0.0076","G"
"4","Trait5","FASTmrMLM","PstI.TP724158","11","4997","4.6421e-06","0.001","C"
"4","Trait5","FASTmrMLM","PstI.TP724187","11","4998","-0.2214","1.0368","A"
"4","Trait5","FASTmrMLM","PstI.TP724300","11","4999","-1.6815e-05","0.0037","A"
"4","Trait5","FASTmrMLM","PstI.TP724399","11","5000","-2.0904e-05","0.0046","C"
"4","Trait5","FASTmrMLM","PstI.TP724436","11","5001","-1.785e-05","0.0039","C"
"4","Trait5","FASTmrMLM","PstI.TP724444","11","5002","-0.0191","0.2242","C"
"4","Trait5","FASTmrMLM","PstI.TP724562","11","5003","-1.3125e-05","0.0029","A"
"4","Trait5","FASTmrMLM","PstI.TP724567","11","5004","7.9849e-06","0.0017","G"
"4","Trait5","FASTmrMLM","PstI.TP724677","11","5005","1.9656e-05","0.0043","A"
"4","Trait5","FASTmrMLM","PstI.TP724701","11","5006","0.0565","0.5526","C"
"4","Trait5","FASTmrMLM","PstI.TP725955","11","5010","0.0432","0.4618","C"
"4","Trait5","FASTmrMLM","PstI.TP725975","11","5011","1.3294e-05","0.0029","C"
"4","Trait5","FASTmrMLM","PstI.TP726235","11","5012","-1.1058e-05","0.0024","C"
"4","Trait5","FASTmrMLM","PstI.TP726297","11","5013","0.107","0.6522","C"
"4","Trait5","FASTmrMLM","PstI.TP726864","11","5014","-0.022","0.2864","C"
"4","Trait5","FASTmrMLM","PstI.TP727316","11","5015","1.1729e-05","0.0026","A"
"4","Trait5","FASTmrMLM","PstI.TP727464","11","5016","5.1082e-06","0.0011","A"
"4","Trait5","FASTmrMLM","PstI.TP727468","11","5017","1.934e-05","0.0042","G"
"4","Trait5","FASTmrMLM","PstI.TP727839","11","5019","-4.002e-06","9e-04","G"
"4","Trait5","FASTmrMLM","PstI.TP727994","11","5020","-3.9126e-05","0.0086","C"
"4","Trait5","FASTmrMLM","PstI.TP728020","11","5021","4.2696e-06","9e-04","C"
"4","Trait5","FASTmrMLM","PstI.TP728082","11","5022","6.0151e-06","0.0013","C"
"4","Trait5","FASTmrMLM","PstI.TP728330","11","5023","-3.5755e-05","0.0079","C"
"4","Trait5","FASTmrMLM","PstI.TP728365","11","5024","-2.3442e-05","0.0051","A"
"4","Trait5","FASTmrMLM","PstI.TP729285","11","5025","4.9816e-06","0.0011","C"
"4","Trait5","FASTmrMLM","PstI.TP729343","11","5026","3.6284e-06","8e-04","C"
"4","Trait5","FASTmrMLM","PstI.TP729511","11","5027","0.0964","0.7579","C"
"4","Trait5","FASTmrMLM","PstI.TP729894","11","5029","1.1323e-07","2.4642e-05","A"
"4","Trait5","FASTmrMLM","PstI.TP730168","11","5030","-0.0525","0.3161","A"
"4","Trait5","FASTmrMLM","PstI.TP730365","11","5031","-1.783e-05","0.0039","G"
"4","Trait5","FASTmrMLM","PstI.TP730410","11","5032","1.3537e-05","0.003","C"
"4","Trait5","FASTmrMLM","PstI.TP730438","11","5033","1.8894e-05","0.0041","A"
"4","Trait5","FASTmrMLM","PstI.TP730477","11","5034","-6.0878e-06","0.0013","G"
"4","Trait5","FASTmrMLM","PstI.TP730687","11","5036","-1.2913e-05","0.0028","A"
"4","Trait5","FASTmrMLM","PstI.TP730976","11","5037","-0.1401","1.2517","A"
"4","Trait5","FASTmrMLM","PstI.TP731067","11","5038","1.1206e-05","0.0024","C"
"4","Trait5","FASTmrMLM","PstI.TP731126","11","5039","1.0406e-05","0.0023","G"
"4","Trait5","FASTmrMLM","PstI.TP731286","11","5040","-2.3626e-06","5e-04","A"
"4","Trait5","FASTmrMLM","PstI.TP731332","11","5041","-3.205e-05","0.007","A"
"4","Trait5","FASTmrMLM","PstI.TP731425","11","5043","1.1119e-05","0.0024","C"
"4","Trait5","FASTmrMLM","PstI.TP731477","11","5044","-0.2631","1.7823","A"
"4","Trait5","FASTmrMLM","PstI.TP731608","11","5045","2.25e-05","0.0049","A"
"4","Trait5","FASTmrMLM","PstI.TP731949","11","5046","-0.0836","1.0265","A"
"4","Trait5","FASTmrMLM","PstI.TP731968","11","5047","-9.4971e-07","2e-04","A"
"4","Trait5","FASTmrMLM","PstI.TP732014","11","5048","1.679e-05","0.0037","A"
"4","Trait5","FASTmrMLM","PstI.TP732544","11","5049","0.0842","1.0375","A"
"4","Trait5","FASTmrMLM","PstI.TP732599","11","5050","-0.0767","0.687","G"
"4","Trait5","FASTmrMLM","PstI.TP732707","11","5051","-1.6016e-05","0.0035","A"
"4","Trait5","FASTmrMLM","PstI.TP732951","11","5054","-2.2009e-05","0.0048","A"
"4","Trait5","FASTmrMLM","PstI.TP732959","11","5055","2.809e-06","6e-04","A"
"4","Trait5","FASTmrMLM","PstI.TP733086","11","5056","0.0199","0.3019","C"
"4","Trait5","FASTmrMLM","PstI.TP733089","11","5057","-2.2914e-05","0.005","C"
"4","Trait5","FASTmrMLM","PstI.TP733316","11","5058","0.1131","0.6753","A"
"4","Trait5","FASTmrMLM","PstI.TP733510","11","5059","-1.2179e-05","0.0027","A"
"4","Trait5","FASTmrMLM","PstI.TP733607","11","5060","-2.9298e-05","0.0064","A"
"4","Trait5","FASTmrMLM","PstI.TP733771","11","5061","0.2483","1.6822","A"
"4","Trait5","FASTmrMLM","PstI.TP733958","11","5062","-7.7538e-06","0.0017","C"
"4","Trait5","FASTmrMLM","PstI.TP734725","11","5065","9.8762e-06","0.0022","C"
"4","Trait5","FASTmrMLM","PstI.TP734808","11","5067","-2.9123e-05","0.0064","A"
"4","Trait5","FASTmrMLM","PstI.TP734880","11","5068","-6.2882e-06","0.0014","A"
"4","Trait5","FASTmrMLM","PstI.TP735086","11","5069","-1.3054e-05","0.0029","A"
"4","Trait5","FASTmrMLM","PstI.TP735421","11","5070","1.5815e-05","0.0035","A"
"4","Trait5","FASTmrMLM","PstI.TP735474","11","5071","3.0525e-05","0.0067","C"
"4","Trait5","FASTmrMLM","PstI.TP735528","11","5072","3.2198e-06","7e-04","A"
"4","Trait5","FASTmrMLM","PstI.TP735554","11","5073","1.9928e-05","0.0044","G"
"4","Trait5","FASTmrMLM","PstI.TP735727","11","5074","1.9509e-05","0.0043","A"
"4","Trait5","FASTmrMLM","PstI.TP735757","11","5075","-2.9334e-05","0.0064","A"
"4","Trait5","FASTmrMLM","PstI.TP736106","11","5078","0.1241","0.8543","C"
"4","Trait5","FASTmrMLM","PstI.TP736128","11","5079","1.5603e-05","0.0034","C"
"4","Trait5","FASTmrMLM","PstI.TP736378","11","5082","0.0219","0.2605","C"
"4","Trait5","FASTmrMLM","PstI.TP736465","11","5084","-2.177e-05","0.0048","A"
"4","Trait5","FASTmrMLM","PstI.TP736501","11","5085","-2.2384e-05","0.0049","C"
"4","Trait5","FASTmrMLM","PstI.TP736678","11","5087","2.6984e-05","0.0059","A"
"4","Trait5","FASTmrMLM","PstI.TP736729","11","5088","-1.7643e-05","0.0039","C"
"4","Trait5","FASTmrMLM","PstI.TP736894","11","5089","9.3808e-06","0.002","A"
"4","Trait5","FASTmrMLM","PstI.TP736975","11","5091","2.9475e-06","6e-04","A"
"4","Trait5","FASTmrMLM","PstI.TP737431","11","5092","0.0401","0.3124","A"
"4","Trait5","FASTmrMLM","PstI.TP737746","11","5095","-1.0066e-05","0.0022","C"
"4","Trait5","FASTmrMLM","PstI.TP737962","11","5096","0.163","2.2698","C"
"4","Trait5","FASTmrMLM","PstI.TP738688","11","5098","-2.2095e-05","0.0048","C"
"4","Trait5","FASTmrMLM","PstI.TP738822","11","5099","-0.0512","0.4078","A"
"4","Trait5","FASTmrMLM","PstI.TP739117","11","5100","-0.0106","0.1534","C"
"4","Trait5","FASTmrMLM","PstI.TP739179","11","5101","-0.2806","1.7918","A"
"4","Trait5","FASTmrMLM","PstI.TP739202","11","5102","-0.1498","1.1483","A"
"4","Trait5","FASTmrMLM","PstI.TP739206","11","5103","-0.0454","0.2528","C"
"4","Trait5","FASTmrMLM","PstI.TP739620","11","5105","1.9046e-05","0.0042","C"
"4","Trait5","FASTmrMLM","PstI.TP739746","11","5106","0.0372","0.3016","A"
"4","Trait5","FASTmrMLM","PstI.TP740119","11","5107","-8.7647e-06","0.0019","C"
"4","Trait5","FASTmrMLM","PstI.TP740138","11","5109","-1.9534e-05","0.0043","A"
"4","Trait5","FASTmrMLM","PstI.TP740326","11","5110","2.6763e-05","0.0059","A"
"4","Trait5","FASTmrMLM","PstI.TP740473","11","5111","-3.8847e-06","8e-04","A"
"4","Trait5","FASTmrMLM","PstI.TP740583","11","5112","1.6356e-05","0.0036","C"
"4","Trait5","FASTmrMLM","PstI.TP740638","11","5113","-2.3822e-05","0.0052","A"
"4","Trait5","FASTmrMLM","PstI.TP740664","11","5114","2.8558e-05","0.0063","C"
"4","Trait5","FASTmrMLM","PstI.TP740679","11","5115","0.0384","0.4648","C"
"4","Trait5","FASTmrMLM","PstI.TP740983","11","5116","-0.0583","0.3727","A"
"4","Trait5","FASTmrMLM","PstI.TP740984","11","5117","1.9333e-05","0.0042","A"
"4","Trait5","FASTmrMLM","PstI.TP741039","11","5118","-6.9767e-06","0.0015","A"
"4","Trait5","FASTmrMLM","PstI.TP741500","11","5120","-0.148","0.578","C"
"4","Trait5","FASTmrMLM","PstI.TP741672","11","5123","-3.1535e-05","0.0069","C"
"4","Trait5","FASTmrMLM","PstI.TP741725","11","5125","9.917e-06","0.0022","A"
"4","Trait5","FASTmrMLM","PstI.TP741889","11","5126","9.7484e-06","0.0021","C"
"4","Trait5","FASTmrMLM","PstI.TP742004","11","5127","0.0886","0.9268","G"
"4","Trait5","FASTmrMLM","PstI.TP742174","11","5128","-1e-04","0.0086","A"
"4","Trait5","FASTmrMLM","PstI.TP742360","11","5129","-6.3352e-06","0.0014","A"
"4","Trait5","FASTmrMLM","PstI.TP742374","11","5130","-0.1757","0.6782","C"
"4","Trait5","FASTmrMLM","PstI.TP742631","11","5131","-9.163e-07","2e-04","C"
"4","Trait5","FASTmrMLM","PstI.TP742974","11","5132","-2.7766e-05","0.0061","C"
"4","Trait5","FASTmrMLM","PstI.TP743263","11","5133","1.1271e-05","0.0025","C"
"4","Trait5","FASTmrMLM","PstI.TP743317","11","5134","1.0032e-05","0.0022","A"
"4","Trait5","FASTmrMLM","PstI.TP743474","11","5135","-0.0776","0.8614","A"
"4","Trait5","FASTmrMLM","PstI.TP743566","11","5137","2.7935e-05","0.0061","C"
"4","Trait5","FASTmrMLM","PstI.TP743589","11","5138","-0.0459","0.541","C"
"4","Trait5","FASTmrMLM","PstI.TP744880","11","5139","8.7713e-06","0.0019","A"
"4","Trait5","FASTmrMLM","PstI.TP744920","11","5140","0.5106","2.1396","A"
"4","Trait5","FASTmrMLM","PstI.TP744959","11","5141","1.4661e-05","0.0032","C"
"4","Trait5","FASTmrMLM","PstI.TP744999","11","5142","2.2747e-05","0.005","A"
"4","Trait5","FASTmrMLM","PstI.TP745101","11","5143","3.1368e-05","0.0069","A"
"4","Trait5","FASTmrMLM","PstI.TP745177","11","5144","-0.1727","0.7606","A"
"4","Trait5","FASTmrMLM","PstI.TP745331","11","5146","9.8001e-06","0.0021","G"
"4","Trait5","FASTmrMLM","PstI.TP745710","11","5150","3.1462e-05","0.0069","C"
"4","Trait5","FASTmrMLM","PstI.TP745929","11","5151","3.7609e-06","8e-04","C"
"4","Trait5","FASTmrMLM","PstI.TP745952","11","5152","5.5449e-06","0.0012","A"
"4","Trait5","FASTmrMLM","PstI.TP746004","11","5153","0.0345","0.4552","A"
"4","Trait5","FASTmrMLM","PstI.TP746042","11","5154","-5.9634e-07","1e-04","A"
"4","Trait5","FASTmrMLM","PstI.TP746184","11","5155","-2.4466e-05","0.0054","A"
"4","Trait5","FASTmrMLM","PstI.TP746189","11","5156","2.2846e-05","0.005","C"
"4","Trait5","FASTmrMLM","PstI.TP746279","11","5157","1.3476e-05","0.0029","A"
"4","Trait5","FASTmrMLM","PstI.TP746433","11","5158","0.0861","0.4032","G"
"4","Trait5","FASTmrMLM","PstI.TP746821","11","5159","-2.0394e-05","0.0045","G"
"4","Trait5","FASTmrMLM","PstI.TP746834","11","5160","-0.0804","0.8185","C"
"4","Trait5","FASTmrMLM","PstI.TP746902","11","5161","-4.9731e-06","0.0011","A"
"4","Trait5","FASTmrMLM","PstI.TP747417","11","5163","-5.0721e-05","0.0058","C"
"4","Trait5","FASTmrMLM","PstI.TP747659","11","5164","-1.884e-06","4e-04","C"
"4","Trait5","FASTmrMLM","PstI.TP747907","11","5165","-0.0118","0.1922","A"
"4","Trait5","FASTmrMLM","PstI.TP747917","11","5166","4.4517e-06","0.001","A"
"4","Trait5","FASTmrMLM","PstI.TP747990","11","5167","1.4707e-05","0.0032","C"
"4","Trait5","FASTmrMLM","PstI.TP748134","11","5169","1.2226e-05","0.0027","C"
"4","Trait5","FASTmrMLM","PstI.TP748172","11","5170","-3.1961e-06","7e-04","A"
"4","Trait5","FASTmrMLM","PstI.TP748187","11","5171","2.3748e-05","0.0052","C"
"4","Trait5","FASTmrMLM","PstI.TP748278","11","5172","-7.1579e-06","0.0016","G"
"4","Trait5","FASTmrMLM","PstI.TP748286","11","5173","-1.1308e-05","0.0025","A"
"4","Trait5","FASTmrMLM","PstI.TP748445","11","5174","-6.9053e-06","0.0015","A"
"4","Trait5","FASTmrMLM","PstI.TP748481","11","5175","-1.0051e-05","0.0022","C"
"4","Trait5","FASTmrMLM","PstI.TP748540","11","5176","0.1066","0.8491","A"
"4","Trait5","FASTmrMLM","PstI.TP748874","11","5177","-0.1831","1.3112","A"
"4","Trait5","FASTmrMLM","PstI.TP748919","11","5178","0.0513","0.349","A"
"4","Trait5","FASTmrMLM","PstI.TP749153","11","5180","-3.0982e-05","0.0068","A"
"4","Trait5","FASTmrMLM","PstI.TP749183","11","5181","1.4469e-05","0.0032","A"
"4","Trait5","FASTmrMLM","PstI.TP749918","11","5182","0.1718","1.2018","A"
"4","Trait5","FASTmrMLM","PstI.TP749968","11","5184","0.0659","0.8074","A"
"4","Trait5","FASTmrMLM","PstI.TP750047","11","5185","-5.786e-06","0.0013","C"
"4","Trait5","FASTmrMLM","PstI.TP750394","11","5187","-6.7486e-06","0.0015","G"
"4","Trait5","FASTmrMLM","PstI.TP750399","11","5188","-1.0914e-05","0.0024","A"
"4","Trait5","FASTmrMLM","PstI.TP750432","11","5189","-5.5181e-06","0.0012","A"
"4","Trait5","FASTmrMLM","PstI.TP750520","11","5190","2.6292e-06","6e-04","C"
"4","Trait5","FASTmrMLM","PstI.TP750926","11","5191","7.4515e-06","0.0016","A"
"4","Trait5","FASTmrMLM","PstI.TP750988","11","5192","2.4269e-05","0.0053","A"
"4","Trait5","FASTmrMLM","PstI.TP751026","11","5193","0.0396","0.509","C"
"4","Trait5","FASTmrMLM","PstI.TP751201","11","5194","-0.0699","0.6588","A"
"4","Trait5","FASTmrMLM","PstI.TP751437","11","5195","6.4529e-06","0.0014","G"
"4","Trait5","FASTmrMLM","PstI.TP751870","11","5196","0.1311","0.5581","G"
"4","Trait5","FASTmrMLM","PstI.TP752309","11","5197","-2.2809e-05","0.005","C"
"4","Trait5","FASTmrMLM","PstI.TP752615","11","5198","9.947e-06","0.0022","A"
"4","Trait5","FASTmrMLM","PstI.TP753183","11","5199","-3.4881e-05","0.0077","A"
"4","Trait5","FASTmrMLM","PstI.TP753727","11","5201","3.6176e-05","0.0079","C"
"4","Trait5","FASTmrMLM","PstI.TP753775","11","5202","-2.8374e-05","0.0062","C"
"4","Trait5","FASTmrMLM","PstI.TP753879","11","5203","-2.7337e-06","6e-04","G"
"4","Trait5","FASTmrMLM","PstI.TP754021","11","5204","1.294e-05","0.0028","G"
"4","Trait5","FASTmrMLM","PstI.TP754221","11","5205","0.1956","0.7708","C"
"4","Trait5","FASTmrMLM","PstI.TP754254","11","5206","-0.1563","0.7898","C"
"4","Trait5","FASTmrMLM","PstI.TP754708","11","5207","3.585e-06","8e-04","A"
"4","Trait5","FASTmrMLM","PstI.TP754972","11","5209","-0.0128","0.2067","A"
"4","Trait5","FASTmrMLM","PstI.TP755087","11","5210","-0.1868","0.6496","A"
"4","Trait5","FASTmrMLM","PstI.TP755453","11","5212","-5.2602e-06","0.0011","A"
"4","Trait5","FASTmrMLM","PstI.TP755492","11","5213","-2.4504e-06","5e-04","C"
"4","Trait5","FASTmrMLM","PstI.TP755613","11","5215","-1.1899e-05","0.0026","C"
"4","Trait5","FASTmrMLM","PstI.TP755615","11","5216","0.0607","0.3832","A"
"4","Trait5","FASTmrMLM","PstI.TP755646","11","5218","0.0246","0.2501","C"
"4","Trait5","FASTmrMLM","PstI.TP755790","11","5219","-1.2444e-05","0.0027","C"
"4","Trait5","FASTmrMLM","PstI.TP755840","11","5220","-2.8461e-05","0.0062","A"
"4","Trait5","FASTmrMLM","PstI.TP755963","11","5221","-4.308e-06","9e-04","C"
"4","Trait5","FASTmrMLM","PstI.TP756164","11","5222","0.0742","1.0616","A"
"4","Trait5","FASTmrMLM","PstI.TP756240","11","5223","0.088","0.6253","C"
"4","Trait5","FASTmrMLM","PstI.TP756298","11","5224","3.9653e-05","0.0087","C"
"4","Trait5","FASTmrMLM","PstI.TP756404","11","5225","-2.6075e-05","0.0057","A"
"4","Trait5","FASTmrMLM","PstI.TP756530","11","5226","1.6457e-05","0.0036","C"
"4","Trait5","FASTmrMLM","PstI.TP757402","11","5228","-3.7893e-05","0.0083","C"
"4","Trait5","FASTmrMLM","PstI.TP757560","11","5229","1.1148e-05","0.0024","C"
"4","Trait5","FASTmrMLM","PstI.TP757711","11","5230","-1.8832e-05","0.0041","C"
"4","Trait5","FASTmrMLM","PstI.TP758091","11","5231","-0.2582","2.4585","A"
"4","Trait5","FASTmrMLM","PstI.TP758191","11","5232","-3.7325e-06","8e-04","C"
"4","Trait5","FASTmrMLM","PstI.TP758288","11","5234","0.1487","1.1225","C"
"4","Trait5","FASTmrMLM","PstI.TP758494","11","5236","3.7412e-06","8e-04","A"
"4","Trait5","FASTmrMLM","PstI.TP758591","11","5237","-0.0165","0.1719","A"
"4","Trait5","FASTmrMLM","PstI.TP758596","11","5238","-2.4819e-06","5e-04","C"
"4","Trait5","FASTmrMLM","PstI.TP758624","11","5239","-1.8883e-05","0.0041","C"
"4","Trait5","FASTmrMLM","PstI.TP758835","11","5240","-7.3567e-06","0.0016","A"
"4","Trait5","FASTmrMLM","PstI.TP758872","11","5241","-1.3927e-05","0.003","A"
"4","Trait5","FASTmrMLM","PstI.TP759292","11","5243","-1.4042e-05","0.0031","C"
"4","Trait5","FASTmrMLM","PstI.TP759365","11","5245","-2.6099e-05","0.0057","G"
"4","Trait5","FASTmrMLM","PstI.TP759988","11","5246","-1.2729e-06","3e-04","C"
"4","Trait5","FASTmrMLM","PstI.TP760074","11","5247","0.1368","0.9678","C"
"4","Trait5","FASTmrMLM","PstI.TP760353","11","5249","2.6192e-05","0.0057","G"
"4","Trait5","FASTmrMLM","PstI.TP760702","11","5252","-0.4298","1.5252","C"
"4","Trait5","FASTmrMLM","PstI.TP761024","11","5253","3.4887e-06","8e-04","A"
"4","Trait5","FASTmrMLM","PstI.TP761453","11","5254","6.6547e-06","0.0015","A"
"4","Trait5","FASTmrMLM","PstI.TP761550","11","5255","0.0584","0.6061","A"
"4","Trait5","FASTmrMLM","PstI.TP761571","11","5256","-2.0737e-05","0.0045","A"
"4","Trait5","FASTmrMLM","PstI.TP761757","11","5257","0.0188","0.1433","A"
"4","Trait5","FASTmrMLM","PstI.TP761913","11","5258","-7.5776e-06","0.0017","A"
"4","Trait5","FASTmrMLM","PstI.TP761979","11","5259","-2.2269e-05","0.0049","A"
"4","Trait5","FASTmrMLM","PstI.TP762075","11","5260","4.2453e-06","9e-04","C"
"4","Trait5","FASTmrMLM","PstI.TP762327","11","5261","7.5097e-06","0.0016","C"
"4","Trait5","FASTmrMLM","PstI.TP762555","11","5262","0.0862","1.1426","C"
"4","Trait5","FASTmrMLM","PstI.TP762573","11","5263","-2.5989e-05","0.0057","C"
"4","Trait5","FASTmrMLM","PstI.TP762792","11","5266","-4.0353e-08","8.7819e-06","C"
"4","Trait5","FASTmrMLM","PstI.TP762923","11","5267","0.0926","0.6788","A"
"4","Trait5","FASTmrMLM","PstI.TP762971","11","5268","6.8316e-06","0.0015","C"
"4","Trait5","FASTmrMLM","PstI.TP763045","11","5269","-1.7027e-05","0.0037","A"
"4","Trait5","FASTmrMLM","PstI.TP763166","11","5270","3e-04","0.0163","G"
"4","Trait5","FASTmrMLM","PstI.TP763566","11","5271","-4.9248e-06","0.0011","C"
"4","Trait5","FASTmrMLM","PstI.TP763699","11","5272","1.6673e-05","0.0036","A"
"4","Trait5","FASTmrMLM","PstI.TP763802","11","5273","1.0161e-05","0.0022","A"
"4","Trait5","FASTmrMLM","PstI.TP764114","11","5274","1.0866e-05","0.0024","A"
"4","Trait5","FASTmrMLM","PstI.TP764265","11","5275","3.0511e-05","0.0067","C"
"4","Trait5","FASTmrMLM","PstI.TP764534","11","5276","8.3345e-06","0.0018","C"
"4","Trait5","FASTmrMLM","PstI.TP764888","11","5278","1.174e-05","0.0026","C"
"4","Trait5","FASTmrMLM","PstI.TP764929","11","5279","-8.8114e-06","0.0019","C"
"4","Trait5","FASTmrMLM","PstI.TP764933","11","5280","6.3341e-06","0.0014","A"
"4","Trait5","FASTmrMLM","PstI.TP765192","11","5281","-6.7139e-06","0.0015","A"
"4","Trait5","FASTmrMLM","PstI.TP765220","11","5283","2.5806e-05","0.0057","G"
"4","Trait5","FASTmrMLM","PstI.TP765245","11","5284","1.075e-05","0.0023","A"
"4","Trait5","FASTmrMLM","PstI.TP765282","11","5285","1.1628e-05","0.0025","A"
"4","Trait5","FASTmrMLM","PstI.TP765987","11","5287","-3e-04","0.0158","A"
"4","Trait5","FASTmrMLM","PstI.TP765988","11","5288","2.0137e-05","0.0044","G"
"4","Trait5","FASTmrMLM","PstI.TP766165","11","5289","-1.2302e-05","0.0027","C"
"4","Trait5","FASTmrMLM","PstI.TP766216","11","5290","-1.5639e-05","0.0034","C"
"4","Trait5","FASTmrMLM","PstI.TP766314","11","5291","3.0455e-06","7e-04","A"
"4","Trait5","FASTmrMLM","PstI.TP766812","11","5293","6.2665e-06","0.0014","C"
"4","Trait5","FASTmrMLM","PstI.TP767203","11","5298","-3.327e-05","0.0073","A"
"4","Trait5","FASTmrMLM","PstI.TP767409","11","5299","-0.1795","1.6542","C"
"4","Trait5","FASTmrMLM","PstI.TP767653","11","5301","1.8082e-05","0.004","C"
"4","Trait5","FASTmrMLM","PstI.TP767995","11","5302","2.2371e-05","0.0049","A"
"4","Trait5","FASTmrMLM","PstI.TP768189","11","5303","5.1431e-06","0.0011","A"
"4","Trait5","FASTmrMLM","PstI.TP768449","11","5304","-1.6682e-05","0.0036","C"
"4","Trait5","FASTmrMLM","PstI.TP768661","11","5306","-2.0132e-05","0.0044","C"
"4","Trait5","FASTmrMLM","PstI.TP769243","11","5307","-0.0364","0.3363","A"
"4","Trait5","FASTmrMLM","PstI.TP769320","11","5308","0.0063","0.1206","C"
"4","Trait5","FASTmrMLM","PstI.TP769359","11","5309","-1.8282e-05","0.004","A"
"4","Trait5","FASTmrMLM","PstI.TP769654","11","5311","-1.3904e-05","0.003","C"
"4","Trait5","FASTmrMLM","PstI.TP769719","11","5313","0.103","0.917","A"
"4","Trait5","FASTmrMLM","PstI.TP770020","11","5314","-2.1494e-05","0.0047","A"
"4","Trait5","FASTmrMLM","PstI.TP770028","11","5315","0.1025","0.6372","A"
"4","Trait5","FASTmrMLM","PstI.TP770188","11","5317","-1.6212e-05","0.0035","C"
"4","Trait5","FASTmrMLM","PstI.TP770283","11","5318","-0.1177","0.7544","A"
"4","Trait5","FASTmrMLM","PstI.TP770341","11","5320","0.0783","0.5478","C"
"4","Trait5","FASTmrMLM","PstI.TP770459","11","5322","6.5253e-05","0.0077","A"
"4","Trait5","FASTmrMLM","PstI.TP771656","11","5325","-1.4009e-05","0.0031","A"
"4","Trait5","FASTmrMLM","PstI.TP771928","11","5326","-0.0211","0.2781","C"
"4","Trait5","FASTmrMLM","PstI.TP772316","11","5327","0.0311","0.4194","C"
"4","Trait5","FASTmrMLM","PstI.TP772551","11","5330","8.5655e-06","0.0019","A"
"4","Trait5","FASTmrMLM","PstI.TP772558","11","5331","1.1036e-05","0.0024","C"
"4","Trait5","FASTmrMLM","PstI.TP772648","11","5332","2.0452e-05","0.0045","C"
"4","Trait5","FASTmrMLM","PstI.TP772793","11","5333","1.0998e-05","0.0024","G"
"4","Trait5","FASTmrMLM","PstI.TP772838","11","5334","-0.0169","0.1712","A"
"4","Trait5","FASTmrMLM","PstI.TP772842","11","5335","3.2779e-05","0.0072","A"
"4","Trait5","FASTmrMLM","PstI.TP772843","11","5336","8.4976e-06","0.0019","C"
"4","Trait5","FASTmrMLM","PstI.TP772845","11","5337","-8.179e-06","0.0018","C"
"4","Trait5","FASTmrMLM","PstI.TP772847","11","5338","2.9511e-06","6e-04","C"
"4","Trait5","FASTmrMLM","PstI.TP773041","11","5339","-0.0962","1.2696","A"
"4","Trait5","FASTmrMLM","PstI.TP773122","11","5340","2.6725e-05","0.0059","C"
"4","Trait5","FASTmrMLM","PstI.TP773496","11","5341","-0.0389","0.3863","C"
"4","Trait5","FASTmrMLM","PstI.TP773510","11","5342","-1.2211e-05","0.0027","A"
"4","Trait5","FASTmrMLM","PstI.TP773777","11","5343","-8.7304e-07","2e-04","A"
"4","Trait5","FASTmrMLM","PstI.TP774041","11","5344","9.3202e-07","2e-04","A"
"4","Trait5","FASTmrMLM","PstI.TP774443","11","5346","-1.3944e-05","0.003","A"
"4","Trait5","FASTmrMLM","PstI.TP774822","11","5348","-0.057","0.5637","A"
"4","Trait5","FASTmrMLM","PstI.TP775027","11","5349","-1.6212e-05","0.0035","G"
"4","Trait5","FASTmrMLM","PstI.TP775182","11","5350","-0.041","0.243","G"
"4","Trait5","FASTmrMLM","PstI.TP775417","11","5351","-2.9607e-05","0.0065","A"
"4","Trait5","FASTmrMLM","PstI.TP775572","11","5352","1.4192e-07","3.0887e-05","G"
"4","Trait5","FASTmrMLM","PstI.TP775614","11","5353","-1.8445e-05","0.004","A"
"4","Trait5","FASTmrMLM","PstI.TP775860","11","5357","-0.0362","0.2307","C"
"4","Trait5","FASTmrMLM","PstI.TP776059","11","5358","-4.0787e-05","0.009","C"
"4","Trait5","FASTmrMLM","PstI.TP776063","11","5359","2.152e-05","0.0047","A"
"4","Trait5","FASTmrMLM","PstI.TP776101","11","5360","-0.0087","0.1722","A"
"4","Trait5","FASTmrMLM","PstI.TP776389","11","5361","4.6229e-06","0.001","A"
"4","Trait5","FASTmrMLM","PstI.TP776760","11","5363","-6.7091e-06","0.0015","A"
"4","Trait5","FASTmrMLM","PstI.TP776971","11","5364","-4.6057e-05","0.0075","A"
"4","Trait5","FASTmrMLM","PstI.TP777254","11","5366","-6.5685e-06","0.0014","A"
"4","Trait5","FASTmrMLM","PstI.TP777696","11","5367","3.9265e-06","9e-04","C"
"4","Trait5","FASTmrMLM","PstI.TP777753","11","5368","-8.4622e-06","0.0018","A"
"4","Trait5","FASTmrMLM","PstI.TP777795","11","5369","1.6424e-05","0.0036","A"
"4","Trait5","FASTmrMLM","PstI.TP777812","11","5370","3.0571e-06","7e-04","A"
"4","Trait5","FASTmrMLM","PstI.TP777829","11","5371","-0.1749","0.7262","G"
"4","Trait5","FASTmrMLM","PstI.TP778072","11","5373","3.462e-05","0.0076","A"
"4","Trait5","FASTmrMLM","PstI.TP778083","11","5374","-1.6886e-05","0.0037","C"
"4","Trait5","FASTmrMLM","PstI.TP778193","11","5375","8.8729e-06","0.0019","G"
"4","Trait5","FASTmrMLM","PstI.TP778231","11","5376","0.016","0.1819","A"
"4","Trait5","FASTmrMLM","PstI.TP778291","11","5377","4.2446e-06","9e-04","C"
"4","Trait5","FASTmrMLM","PstI.TP778351","11","5378","-1.2444e-05","0.0027","A"
"4","Trait5","FASTmrMLM","PstI.TP778926","11","5379","7.2015e-06","0.0016","A"
"4","Trait5","FASTmrMLM","PstI.TP779824","11","5380","4.5558e-06","0.001","A"
"4","Trait5","FASTmrMLM","PstI.TP779898","11","5381","-0.0242","0.2296","C"
"4","Trait5","FASTmrMLM","PstI.TP780122","11","5382","1.2674e-05","0.0028","A"
"4","Trait5","FASTmrMLM","PstI.TP780329","11","5383","0.1117","0.6852","A"
"4","Trait5","FASTmrMLM","PstI.TP780359","11","5384","0.1943","0.9271","A"
"4","Trait5","FASTmrMLM","PstI.TP780415","11","5385","0.12","1.2095","C"
"4","Trait5","FASTmrMLM","PstI.TP780471","11","5386","0.0087","0.1755","C"
"4","Trait5","FASTmrMLM","PstI.TP781593","11","5390","-0.2149","1.1253","C"
"4","Trait5","FASTmrMLM","PstI.TP781629","11","5392","6.3868e-06","0.0014","C"
"4","Trait5","FASTmrMLM","PstI.TP781717","11","5393","0.0928","1.0042","C"
"4","Trait5","FASTmrMLM","PstI.TP781837","11","5395","-1.7924e-05","0.0039","A"
"4","Trait5","FASTmrMLM","PstI.TP781847","11","5396","0.0604","0.6392","C"
"4","Trait5","FASTmrMLM","PstI.TP782089","11","5397","0.1624","1.9309","G"
"4","Trait5","FASTmrMLM","PstI.TP782194","11","5398","0.0325","0.2525","C"
"4","Trait5","FASTmrMLM","PstI.TP782285","11","5400","1.0015e-05","0.0022","C"
"4","Trait5","FASTmrMLM","PstI.TP782696","11","5401","-0.0198","0.2283","A"
"4","Trait5","FASTmrMLM","PstI.TP783534","11","5406","-0.2585","2.5487","C"
"4","Trait5","FASTmrMLM","PstI.TP783561","11","5407","2.3581e-05","0.0052","C"
"4","Trait5","FASTmrMLM","PstI.TP783714","11","5408","0.0817","1.0339","A"
"4","Trait5","FASTmrMLM","PstI.TP783734","11","5409","2.1328e-05","0.0047","A"
"4","Trait5","FASTmrMLM","PstI.TP783781","11","5410","2.5744e-06","6e-04","C"
"4","Trait5","FASTmrMLM","PstI.TP783959","11","5411","1.2923e-05","0.0028","A"
"4","Trait5","FASTmrMLM","PstI.TP783969","11","5412","5.7698e-06","0.0013","C"
"4","Trait5","FASTmrMLM","PstI.TP784063","11","5413","1.3256e-05","0.0029","G"
"4","Trait5","FASTmrMLM","PstI.TP784809","11","5416","0.0519","0.2205","A"
"4","Trait5","FASTmrMLM","PstI.TP784815","11","5417","-7.4442e-06","0.0016","C"
"4","Trait5","FASTmrMLM","PstI.TP784855","11","5418","9.078e-06","0.002","A"
"4","Trait5","FASTmrMLM","PstI.TP785012","11","5419","-6.7765e-06","0.0015","A"
"4","Trait5","FASTmrMLM","PstI.TP785178","11","5421","0.1019","0.6126","A"
"4","Trait5","FASTmrMLM","PstI.TP785259","11","5422","-5.742e-06","0.0013","C"
"4","Trait5","FASTmrMLM","PstI.TP785663","11","5424","1.5336e-07","3.3381e-05","A"
"4","Trait5","FASTmrMLM","PstI.TP785740","11","5425","2.2269e-05","0.0049","C"
"4","Trait5","FASTmrMLM","PstI.TP785762","11","5426","-7.5841e-06","0.0017","A"
"4","Trait5","FASTmrMLM","PstI.TP785834","11","5427","0.0368","0.2076","G"
"4","Trait5","FASTmrMLM","PstI.TP785838","11","5428","-1.4945e-05","0.0029","A"
"4","Trait5","FASTmrMLM","PstI.TP785868","11","5429","6.6672e-06","0.0015","G"
"4","Trait5","FASTmrMLM","PstI.TP785896","11","5430","-0.0255","0.2239","A"
"4","Trait5","FASTmrMLM","PstI.TP786071","11","5431","0.019","0.3094","A"
"4","Trait5","FASTmrMLM","PstI.TP786169","11","5432","6.6053e-06","0.0014","A"
"4","Trait5","FASTmrMLM","PstI.TP786274","11","5433","-3.7352e-05","0.0082","A"
"4","Trait5","FASTmrMLM","PstI.TP786408","11","5434","2.001e-05","0.0044","G"
"4","Trait5","FASTmrMLM","PstI.TP786555","11","5436","1.6827e-05","0.0037","C"
"4","Trait5","FASTmrMLM","PstI.TP786649","11","5437","-2.6827e-05","0.0059","A"
"4","Trait5","FASTmrMLM","PstI.TP786919","11","5439","-3.6896e-06","8e-04","A"
"4","Trait5","FASTmrMLM","PstI.TP786986","11","5440","1.358e-05","0.003","C"
"4","Trait5","FASTmrMLM","PstI.TP787000","11","5441","-3.5241e-06","8e-04","A"
"4","Trait5","FASTmrMLM","PstI.TP787108","11","5442","6.4668e-06","0.0014","C"
"4","Trait5","FASTmrMLM","PstI.TP787236","11","5443","1.2934e-05","0.0028","A"
"4","Trait5","FASTmrMLM","PstI.TP787540","11","5445","-2.5741e-05","0.0056","G"
"4","Trait5","FASTmrMLM","PstI.TP787885","11","5446","2.7666e-05","0.0061","A"
"4","Trait5","FASTmrMLM","PstI.TP787897","11","5447","-1.1748e-05","0.0026","G"
"4","Trait5","FASTmrMLM","PstI.TP788085","11","5448","2.6321e-05","0.0045","A"
"4","Trait5","FASTmrMLM","PstI.TP788306","11","5450","0.1208","1.5348","C"
"4","Trait5","FASTmrMLM","PstI.TP788376","11","5451","-3.7415e-06","8e-04","C"
"4","Trait5","FASTmrMLM","PstI.TP788460","11","5452","-3.8515e-06","8e-04","C"
"4","Trait5","FASTmrMLM","PstI.TP788468","11","5453","5.4957e-07","1e-04","G"
"4","Trait5","FASTmrMLM","PstI.TP788496","11","5455","-3.7319e-05","0.0082","A"
"4","Trait5","FASTmrMLM","PstI.TP788533","11","5456","-7.9558e-06","0.0017","A"
"4","Trait5","FASTmrMLM","PstI.TP789239","11","5457","3.1836e-05","0.007","C"
"4","Trait5","FASTmrMLM","PstI.TP789496","11","5458","-1.7227e-05","0.0038","A"
"4","Trait5","FASTmrMLM","PstI.TP789502","11","5459","2e-04","0.0143","A"
"4","Trait5","FASTmrMLM","PstI.TP789573","11","5460","-2.0244e-05","0.0044","C"
"4","Trait5","FASTmrMLM","PstI.TP789686","11","5461","-6.6637e-06","0.0015","A"
"4","Trait5","FASTmrMLM","PstI.TP789849","11","5463","-2.5939e-08","5.645e-06","C"
"4","Trait5","FASTmrMLM","PstI.TP789881","11","5465","4.5878e-05","0.0101","A"
"4","Trait5","FASTmrMLM","PstI.TP790153","11","5467","6.2316e-06","0.0014","C"
"4","Trait5","FASTmrMLM","PstI.TP790211","11","5468","-2.4279e-06","5e-04","A"
"4","Trait5","FASTmrMLM","PstI.TP790509","11","5469","3.9164e-06","9e-04","A"
"4","Trait5","FASTmrMLM","PstI.TP790525","11","5470","1.0977e-05","0.0024","A"
"4","Trait5","FASTmrMLM","PstI.TP790783","11","5472","-1.2916e-05","0.0028","C"
"4","Trait5","FASTmrMLM","PstI.TP790810","11","5474","3.4926e-05","0.0077","A"
"4","Trait5","FASTmrMLM","PstI.TP790986","11","5475","1.8287e-05","0.004","C"
"4","Trait5","FASTmrMLM","PstI.TP791036","11","5476","-2.2532e-05","0.0049","A"
"4","Trait5","FASTmrMLM","PstI.TP791364","11","5478","0.0334","0.272","A"
"4","Trait5","FASTmrMLM","PstI.TP791664","11","5479","-1.4386e-05","0.0031","A"
"4","Trait5","FASTmrMLM","PstI.TP791721","11","5480","-0.2933","1.5521","A"
"4","Trait5","FASTmrMLM","PstI.TP792091","11","5481","-3.1265e-06","7e-04","C"
"4","Trait5","FASTmrMLM","PstI.TP792229","11","5482","-2.0296e-05","0.0044","C"
"4","Trait5","FASTmrMLM","PstI.TP792836","11","5483","1.094e-05","0.0024","C"
"4","Trait5","FASTmrMLM","PstI.TP793039","11","5486","0.0296","0.2404","A"
"4","Trait5","FASTmrMLM","PstI.TP793391","11","5488","-2.1509e-05","0.0047","C"
"4","Trait5","FASTmrMLM","PstI.TP793469","11","5489","-0.033","0.2214","C"
"4","Trait5","FASTmrMLM","PstI.TP793898","11","5491","-2.1207e-05","0.0046","C"
"4","Trait5","FASTmrMLM","PstI.TP793934","11","5492","0.0181","0.2094","A"
"4","Trait5","FASTmrMLM","PstI.TP794138","11","5493","0.0699","0.6433","C"
"4","Trait5","FASTmrMLM","PstI.TP794410","11","5494","0.128","1.1351","C"
"4","Trait5","FASTmrMLM","PstI.TP794443","11","5495","0.0425","0.4572","C"
"4","Trait5","FASTmrMLM","PstI.TP794484","11","5496","0.0062","0.1265","A"
"4","Trait5","FASTmrMLM","PstI.TP794672","11","5497","2.8674e-05","0.0063","C"
"4","Trait5","FASTmrMLM","PstI.TP794701","11","5498","-1.7003e-05","0.0037","A"
"4","Trait5","FASTmrMLM","PstI.TP794708","11","5499","2.6396e-06","6e-04","A"
"4","Trait5","FASTmrMLM","PstI.TP795301","11","5501","0.1192","0.7636","A"
"4","Trait5","FASTmrMLM","PstI.TP795437","11","5502","0.0249","0.2217","A"
"4","Trait5","FASTmrMLM","PstI.TP795556","11","5504","7.3392e-06","0.0016","C"
"4","Trait5","FASTmrMLM","PstI.TP795560","11","5505","3.5059e-05","0.0077","C"
"4","Trait5","FASTmrMLM","PstI.TP795642","11","5506","0.1046","1.0007","A"
"4","Trait5","FASTmrMLM","PstI.TP796006","11","5507","0.0732","0.6767","C"
"4","Trait5","FASTmrMLM","PstI.TP796391","11","5508","-3.5369e-06","8e-04","A"
"4","Trait5","FASTmrMLM","PstI.TP796524","11","5509","9.378e-06","0.002","C"
"4","Trait5","FASTmrMLM","PstI.TP796707","11","5511","-1.1028e-05","0.0024","A"
"4","Trait5","FASTmrMLM","PstI.TP796712","11","5512","-1.1689e-05","0.0026","G"
"4","Trait5","FASTmrMLM","PstI.TP797001","11","5514","6.1675e-06","0.0013","A"
"4","Trait5","FASTmrMLM","PstI.TP797079","11","5515","-1.0669e-05","0.0023","C"
"4","Trait5","FASTmrMLM","PstI.TP797090","11","5516","0.0783","0.7706","A"
"4","Trait5","FASTmrMLM","PstI.TP797125","11","5517","6.7497e-05","0.0067","C"
"4","Trait5","FASTmrMLM","PstI.TP797126","11","5518","-1.3308e-05","0.0029","C"
"4","Trait5","FASTmrMLM","PstI.TP797273","11","5519","-0.3359","2.1498","A"
"4","Trait5","FASTmrMLM","PstI.TP797415","11","5520","0.1446","1.5329","G"
"4","Trait5","FASTmrMLM","PstI.TP797450","11","5522","-0.216","1.2335","C"
"4","Trait5","FASTmrMLM","PstI.TP797528","11","5523","-2.4462e-05","0.0054","A"
"4","Trait5","FASTmrMLM","PstI.TP797611","11","5524","2.3657e-05","0.0052","G"
"4","Trait5","FASTmrMLM","PstI.TP798583","11","5529","2.2906e-05","0.005","A"
"4","Trait5","FASTmrMLM","PstI.TP798665","11","5530","0.0452","0.4353","A"
"4","Trait5","FASTmrMLM","PstI.TP798836","11","5531","5.0571e-06","0.0011","A"
"4","Trait5","FASTmrMLM","PstI.TP799489","11","5532","-2.5177e-05","0.0055","A"
"4","Trait5","FASTmrMLM","PstI.TP799587","11","5533","-2.4499e-06","5e-04","C"
"4","Trait5","FASTmrMLM","PstI.TP799706","11","5534","1.235e-05","0.0027","A"
"4","Trait5","FASTmrMLM","PstI.TP799767","11","5535","-2.8296e-05","0.0062","A"
"4","Trait5","FASTmrMLM","PstI.TP799993","11","5537","-1.1622e-05","0.0025","A"
"4","Trait5","FASTmrMLM","PstI.TP800106","11","5538","1.499e-05","0.0033","C"
"4","Trait5","FASTmrMLM","PstI.TP800162","11","5540","-2.7996e-06","6e-04","A"
"4","Trait5","FASTmrMLM","PstI.TP800169","11","5541","-0.0952","0.6882","C"
"4","Trait5","FASTmrMLM","PstI.TP800231","11","5542","1.2645e-05","0.0028","A"
"4","Trait5","FASTmrMLM","PstI.TP800600","11","5543","1.692e-05","0.0037","C"
"4","Trait5","FASTmrMLM","PstI.TP800952","11","5544","2.002e-05","0.0044","A"
"4","Trait5","FASTmrMLM","PstI.TP801188","11","5546","-0.0868","0.7718","C"
"4","Trait5","FASTmrMLM","PstI.TP801370","11","5547","-0.0838","0.6342","G"
"4","Trait5","FASTmrMLM","PstI.TP801546","11","5548","-6.2921e-06","0.0014","A"
"4","Trait5","FASTmrMLM","PstI.TP801687","11","5549","1.1155e-05","0.0024","G"
"4","Trait5","FASTmrMLM","PstI.TP801760","11","5551","-1.2649e-05","0.0028","A"
"4","Trait5","FASTmrMLM","PstI.TP801916","11","5553","-9.8383e-06","0.0021","G"
"4","Trait5","FASTmrMLM","PstI.TP801941","11","5554","-0.1611","0.7089","A"
"4","Trait5","FASTmrMLM","PstI.TP801991","11","5555","1.1289e-05","0.0025","A"
"4","Trait5","FASTmrMLM","PstI.TP802013","11","5556","-0.0367","0.3615","A"
"4","Trait5","FASTmrMLM","PstI.TP802077","11","5557","0.0843","0.6662","G"
"4","Trait5","FASTmrMLM","PstI.TP802137","11","5558","-1.5931e-05","0.0035","C"
"4","Trait5","FASTmrMLM","PstI.TP802672","11","5559","1.8761e-06","4e-04","A"
"4","Trait5","FASTmrMLM","PstI.TP802799","11","5560","-9.9846e-06","0.0022","A"
"4","Trait5","FASTmrMLM","PstI.TP802937","11","5562","0.1697","1.2027","A"
"4","Trait5","FASTmrMLM","PstI.TP802973","11","5563","1.5546e-05","0.0034","C"
"4","Trait5","FASTmrMLM","PstI.TP803048","11","5564","-1e-04","0.0109","C"
"4","Trait5","FASTmrMLM","PstI.TP803239","11","5565","2.5066e-05","0.0055","C"
"4","Trait5","FASTmrMLM","PstI.TP803333","11","5566","0.0565","0.362","C"
"4","Trait5","FASTmrMLM","PstI.TP803637","11","5567","-1.2091e-05","0.0026","A"
"4","Trait5","FASTmrMLM","PstI.TP803662","11","5568","-1.6638e-05","0.0036","C"
"4","Trait5","FASTmrMLM","PstI.TP803669","11","5569","-0.1173","0.5666","A"
"4","Trait5","FASTmrMLM","PstI.TP803702","11","5570","-8.4969e-06","0.0019","C"
"4","Trait5","FASTmrMLM","PstI.TP803779","11","5571","0.1619","1.4779","A"
"4","Trait5","FASTmrMLM","PstI.TP804108","11","5572","0.1732","0.8495","A"
"4","Trait5","FASTmrMLM","PstI.TP804124","11","5573","6.3467e-06","0.0014","A"
"4","Trait5","FASTmrMLM","PstI.TP804144","11","5574","0.0163","0.2308","A"
"4","Trait5","FASTmrMLM","PstI.TP804248","11","5575","0.1011","0.8159","A"
"4","Trait5","FASTmrMLM","PstI.TP804528","11","5576","-1.9716e-05","0.0043","A"
"4","Trait5","FASTmrMLM","PstI.TP804573","11","5577","-1.4518e-05","0.0032","A"
"4","Trait5","FASTmrMLM","PstI.TP804846","11","5579","0.1748","1.1873","A"
"4","Trait5","FASTmrMLM","PstI.TP805024","11","5580","-2.0633e-05","0.0045","C"
"4","Trait5","FASTmrMLM","PstI.TP805208","11","5581","-0.0556","0.6613","G"
"4","Trait5","FASTmrMLM","PstI.TP805420","11","5582","0.2398","0.9278","C"
"4","Trait5","FASTmrMLM","PstI.TP806054","11","5585","0.1954","1.2184","G"
"4","Trait5","FASTmrMLM","PstI.TP806145","11","5586","8.8059e-06","0.0019","A"
"4","Trait5","FASTmrMLM","PstI.TP806311","11","5587","0.0216","0.2604","G"
"4","Trait5","FASTmrMLM","PstI.TP806728","11","5588","-1.1393e-05","0.0025","A"
"4","Trait5","FASTmrMLM","PstI.TP806753","11","5589","-3.4872e-06","8e-04","A"
"4","Trait5","FASTmrMLM","PstI.TP806776","11","5590","-8.6831e-06","0.0019","C"
"4","Trait5","FASTmrMLM","PstI.TP806817","11","5591","-3.2857e-05","0.0072","A"
"4","Trait5","FASTmrMLM","PstI.TP807076","11","5592","-1.18e-06","3e-04","A"
"4","Trait5","FASTmrMLM","PstI.TP807301","11","5593","3.1321e-05","0.0069","A"
"4","Trait5","FASTmrMLM","PstI.TP807327","11","5594","0.1106","0.5666","C"
"4","Trait5","FASTmrMLM","PstI.TP807374","11","5595","-1.1773e-05","0.0026","A"
"4","Trait5","FASTmrMLM","PstI.TP807456","11","5596","-2.8315e-06","6e-04","C"
"4","Trait5","FASTmrMLM","PstI.TP807469","11","5597","-2.1536e-05","0.0047","A"
"4","Trait5","FASTmrMLM","PstI.TP807476","11","5598","-7.9494e-06","0.0017","C"
"4","Trait5","FASTmrMLM","PstI.TP807834","11","5599","-0.0732","0.4447","C"
"4","Trait5","FASTmrMLM","PstI.TP807843","11","5600","0.0647","0.495","C"
"4","Trait5","FASTmrMLM","PstI.TP807962","11","5602","8.9094e-06","0.0019","A"
"4","Trait5","FASTmrMLM","PstI.TP808057","11","5603","-4.0179e-05","0.0088","A"
"4","Trait5","FASTmrMLM","PstI.TP808211","11","5604","3.5562e-06","8e-04","C"
"4","Trait5","FASTmrMLM","PstI.TP808425","11","5605","-1e-04","0.0082","A"
"4","Trait5","FASTmrMLM","PstI.TP808539","11","5606","4.9395e-05","0.0055","A"
"4","Trait5","FASTmrMLM","PstI.TP808595","11","5607","1.787e-05","0.0039","C"
"4","Trait5","FASTmrMLM","PstI.TP808677","11","5608","0.0679","0.8026","A"
"4","Trait5","FASTmrMLM","PstI.TP808856","11","5609","-9.5656e-06","0.0021","G"
"4","Trait5","FASTmrMLM","PstI.TP809486","11","5611","3e-04","0.0146","A"
"4","Trait5","FASTmrMLM","PstI.TP809492","11","5612","-2.4025e-05","0.0053","C"
"4","Trait5","FASTmrMLM","PstI.TP809789","11","5613","1.3378e-05","0.0029","A"
"4","Trait5","FASTmrMLM","PstI.TP810424","11","5614","0.1867","1.7636","A"
"4","Trait5","FASTmrMLM","PstI.TP810489","11","5615","2.9129e-06","6e-04","G"
"4","Trait5","FASTmrMLM","PstI.TP810575","11","5616","-2.1676e-05","0.0047","A"
"4","Trait5","FASTmrMLM","PstI.TP810977","11","5619","1.2265e-05","0.0027","A"
"4","Trait5","FASTmrMLM","PstI.TP811128","11","5620","4.3392e-06","9e-04","C"
"4","Trait5","FASTmrMLM","PstI.TP811157","11","5621","1.518e-06","3e-04","C"
"4","Trait5","FASTmrMLM","PstI.TP811183","11","5622","-1.3587e-05","0.003","C"
"4","Trait5","FASTmrMLM","PstI.TP811767","11","5624","8.1274e-06","0.0018","C"
"4","Trait5","FASTmrMLM","PstI.TP812468","11","5625","1.6894e-05","0.0037","C"
"4","Trait5","FASTmrMLM","PstI.TP812631","11","5627","-8.2881e-06","0.0018","C"
"4","Trait5","FASTmrMLM","PstI.TP812898","11","5628","-1.8303e-05","0.004","C"
"4","Trait5","FASTmrMLM","PstI.TP813014","11","5630","-5.0329e-06","0.0011","A"
"4","Trait5","FASTmrMLM","PstI.TP813186","11","5632","-1.18e-05","0.0026","A"
"4","Trait5","FASTmrMLM","PstI.TP813210","11","5633","0.1626","1.1281","C"
"4","Trait5","FASTmrMLM","PstI.TP814331","11","5634","-0.0196","0.1302","C"
"4","Trait5","FASTmrMLM","PstI.TP815112","11","5636","1.4187e-05","0.0031","C"
"4","Trait5","FASTmrMLM","PstI.TP815213","11","5637","6.532e-06","0.0014","C"
"4","Trait5","FASTmrMLM","PstI.TP815540","11","5639","5.1497e-07","1e-04","C"
"4","Trait5","FASTmrMLM","PstI.TP815553","11","5640","1.4755e-05","0.0032","A"
"4","Trait5","FASTmrMLM","PstI.TP815804","11","5641","9.619e-06","0.0021","G"
"4","Trait5","FASTmrMLM","PstI.TP815907","11","5642","-1.9809e-06","4e-04","A"
"4","Trait5","FASTmrMLM","PstI.TP815910","11","5643","9.3069e-06","0.002","G"
"4","Trait5","FASTmrMLM","PstI.TP816066","11","5644","1.2034e-05","0.0026","A"
"4","Trait5","FASTmrMLM","PstI.TP816075","11","5645","-0.029","0.2603","G"
"4","Trait5","FASTmrMLM","PstI.TP816096","11","5646","4.2101e-06","9e-04","G"
"4","Trait5","FASTmrMLM","PstI.TP816241","11","5647","-7.0659e-06","0.0015","C"
"4","Trait5","FASTmrMLM","PstI.TP816515","11","5649","-0.0648","0.3332","A"
"4","Trait5","FASTmrMLM","PstI.TP816588","11","5650","-2.3738e-05","0.0052","G"
"4","Trait5","FASTmrMLM","PstI.TP816663","11","5651","-0.0392","0.2526","A"
"4","Trait5","FASTmrMLM","PstI.TP816821","11","5652","2.9999e-05","0.0066","A"
"4","Trait5","FASTmrMLM","PstI.TP816953","11","5653","0.1534","2.7643","A"
"4","Trait5","FASTmrMLM","PstI.TP817132","11","5654","-2.8994e-05","0.0058","A"
"4","Trait5","FASTmrMLM","PstI.TP817164","11","5655","-0.1202","0.7664","A"
"4","Trait5","FASTmrMLM","PstI.TP817265","11","5656","-6.7097e-07","1e-04","C"
"4","Trait5","FASTmrMLM","PstI.TP817578","11","5658","2.3253e-05","0.0051","A"
"4","Trait5","FASTmrMLM","PstI.TP817687","11","5659","-9.114e-06","0.002","C"
"4","Trait5","FASTmrMLM","PstI.TP818049","11","5660","1.141e-05","0.0025","C"
"4","Trait5","FASTmrMLM","PstI.TP818076","11","5661","0.0621","0.3407","C"
"4","Trait5","FASTmrMLM","PstI.TP818100","11","5662","3.0172e-05","0.0066","A"
"4","Trait5","FASTmrMLM","PstI.TP818146","11","5663","1.8159e-05","0.004","A"
"4","Trait5","FASTmrMLM","PstI.TP818406","11","5664","-3.0409e-05","0.0067","C"
"4","Trait5","FASTmrMLM","PstI.TP818500","11","5666","-0.0604","0.6506","C"
"4","Trait5","FASTmrMLM","PstI.TP818502","11","5667","-0.1405","0.7257","A"
"4","Trait5","FASTmrMLM","PstI.TP818611","11","5668","2.1779e-05","0.0048","C"
"4","Trait5","FASTmrMLM","PstI.TP818854","11","5669","1.3542e-05","0.003","A"
"4","Trait5","FASTmrMLM","PstI.TP819103","11","5670","1.0819e-05","0.0024","C"
"4","Trait5","FASTmrMLM","PstI.TP819171","11","5671","1.1365e-05","0.0025","A"
"4","Trait5","FASTmrMLM","PstI.TP819214","11","5672","-9.3255e-06","0.002","A"
"4","Trait5","FASTmrMLM","PstI.TP819446","11","5673","1.6837e-05","0.0037","A"
"4","Trait5","FASTmrMLM","PstI.TP819584","11","5674","9.8681e-07","2e-04","C"
"4","Trait5","FASTmrMLM","PstI.TP819619","11","5675","9.8752e-06","0.0022","A"
"4","Trait5","FASTmrMLM","PstI.TP819667","11","5676","-7.9802e-06","0.0017","A"
"4","Trait5","FASTmrMLM","PstI.TP820455","11","5678","-2.8422e-05","0.0062","A"
"4","Trait5","FASTmrMLM","PstI.TP820779","11","5679","-3.0754e-06","7e-04","A"
"4","Trait5","FASTmrMLM","PstI.TP820790","11","5680","-7.1041e-06","0.0015","A"
"4","Trait5","FASTmrMLM","PstI.TP821232","11","5682","9.8627e-05","0.0083","A"
"4","Trait5","FASTmrMLM","PstI.TP821397","11","5683","1.6546e-05","0.0036","A"
"4","Trait5","FASTmrMLM","PstI.TP821459","11","5684","-0.0257","0.3092","G"
"4","Trait5","FASTmrMLM","PstI.TP821945","11","5685","3.6085e-05","0.0079","A"
"4","Trait5","FASTmrMLM","PstI.TP822051","11","5686","-5.0936e-06","0.0011","A"
"4","Trait5","FASTmrMLM","PstI.TP822564","11","5689","1.018e-05","0.0022","A"
"4","Trait5","FASTmrMLM","PstI.TP822737","11","5690","-3.7463e-05","0.0082","A"
"4","Trait5","FASTmrMLM","PstI.TP822848","11","5691","-6.6519e-06","0.0015","C"
"4","Trait5","FASTmrMLM","PstI.TP823005","11","5693","0.2049","2.7975","A"
"4","Trait5","FASTmrMLM","PstI.TP823057","11","5694","-0.0375","0.2794","C"
"4","Trait5","FASTmrMLM","PstI.TP823107","11","5695","0.0221","0.2418","A"
"4","Trait5","FASTmrMLM","PstI.TP823115","11","5696","-8.2241e-06","0.0018","C"
"4","Trait5","FASTmrMLM","PstI.TP823292","11","5698","6.2882e-06","0.0014","A"
"4","Trait5","FASTmrMLM","PstI.TP823383","11","5699","-3.2087e-05","0.007","G"
"4","Trait5","FASTmrMLM","PstI.TP824682","11","5701","-1.6185e-05","0.0035","A"
"4","Trait5","FASTmrMLM","PstI.TP824939","11","5702","9.4175e-06","0.0021","C"
"4","Trait5","FASTmrMLM","PstI.TP825182","11","5703","0.2784","0.9627","C"
"4","Trait5","FASTmrMLM","PstI.TP825319","11","5704","-1.5005e-05","0.0033","A"
"4","Trait5","FASTmrMLM","PstI.TP825325","11","5705","-7.8293e-06","0.0017","A"
"4","Trait5","FASTmrMLM","PstI.TP825351","11","5706","0.1616","0.8936","C"
"4","Trait5","FASTmrMLM","PstI.TP825387","11","5708","-1.954e-05","0.0043","C"
"4","Trait5","FASTmrMLM","PstI.TP825674","11","5710","0.0092","0.1781","A"
"4","Trait5","FASTmrMLM","PstI.TP825696","11","5711","-1.3928e-05","0.003","C"
"4","Trait5","FASTmrMLM","PstI.TP826117","11","5712","-1.3072e-05","0.0029","A"
"4","Trait5","FASTmrMLM","PstI.TP826133","11","5713","1.1114e-05","0.0024","A"
"4","Trait5","FASTmrMLM","PstI.TP826403","11","5715","1.1141e-05","0.0024","A"
"4","Trait5","FASTmrMLM","PstI.TP826484","11","5716","-2.4864e-05","0.0054","A"
"4","Trait5","FASTmrMLM","PstI.TP826843","11","5718","-0.0525","0.3283","C"
"4","Trait5","FASTmrMLM","PstI.TP826892","11","5719","0.0751","0.7081","C"
"4","Trait5","FASTmrMLM","PstI.TP827155","11","5720","-2.7779e-05","0.0061","C"
"4","Trait5","FASTmrMLM","PstI.TP827330","11","5723","4.2472e-07","9.2436e-05","A"
"4","Trait5","FASTmrMLM","PstI.TP827388","11","5724","-0.1019","0.7229","A"
"4","Trait5","FASTmrMLM","PstI.TP827959","11","5726","6.062e-06","0.0013","C"
"4","Trait5","FASTmrMLM","PstI.TP828055","11","5727","0.0336","0.237","A"
"4","Trait5","FASTmrMLM","PstI.TP828385","11","5729","-1.8116e-05","0.004","C"
"4","Trait5","FASTmrMLM","PstI.TP828499","11","5732","8.3893e-07","2e-04","A"
"4","Trait5","FASTmrMLM","PstI.TP828768","11","5734","-0.0112","0.1799","A"
"4","Trait5","FASTmrMLM","PstI.TP829095","11","5736","1.4218e-05","0.0031","A"
"4","Trait5","FASTmrMLM","PstI.TP829191","11","5737","1.1512e-05","0.0025","C"
"4","Trait5","FASTmrMLM","PstI.TP829377","11","5738","1.5914e-05","0.0035","A"
"4","Trait5","FASTmrMLM","PstI.TP829443","11","5739","6.6634e-06","0.0015","A"
"4","Trait5","FASTmrMLM","PstI.TP829498","11","5740","-1.7327e-06","4e-04","C"
"4","Trait5","FASTmrMLM","PstI.TP829685","11","5741","-1.4138e-05","0.0031","A"
"4","Trait5","FASTmrMLM","PstI.TP829817","11","5742","-0.0094","0.175","C"
"4","Trait5","FASTmrMLM","PstI.TP830055","11","5743","-0.0727","0.6312","C"
"4","Trait5","FASTmrMLM","PstI.TP830787","11","5747","-0.0391","0.2348","A"
"4","Trait5","FASTmrMLM","PstI.TP830793","11","5748","-3.8461e-06","8e-04","A"
"4","Trait5","FASTmrMLM","PstI.TP830857","11","5749","1.8227e-05","0.004","A"
"4","Trait5","FASTmrMLM","PstI.TP830864","11","5750","-0.0709","0.5605","A"
"4","Trait5","FASTmrMLM","PstI.TP831129","11","5751","1.2698e-06","3e-04","A"
"4","Trait5","FASTmrMLM","PstI.TP831228","11","5753","-6.072e-06","0.0013","C"
"4","Trait5","FASTmrMLM","PstI.TP831306","11","5754","1.8993e-06","4e-04","C"
"4","Trait5","FASTmrMLM","PstI.TP831947","11","5755","1e-04","0.0107","A"
"4","Trait5","FASTmrMLM","PstI.TP832204","11","5758","4.1364e-06","9e-04","A"
"4","Trait5","FASTmrMLM","PstI.TP832349","11","5759","0.1094","0.3746","C"
"4","Trait5","FASTmrMLM","PstI.TP832697","11","5760","-1.117e-05","0.0024","A"
"4","Trait5","FASTmrMLM","PstI.TP832830","11","5761","-9.0659e-06","0.002","A"
"4","Trait5","FASTmrMLM","PstI.TP833186","11","5762","-0.1252","0.5869","C"
"4","Trait5","FASTmrMLM","PstI.TP833210","11","5763","-2.63e-05","0.0058","C"
"4","Trait5","FASTmrMLM","PstI.TP833318","11","5765","-6.6267e-06","0.0014","A"
"4","Trait5","FASTmrMLM","PstI.TP833383","11","5766","2.8216e-06","6e-04","C"
"4","Trait5","FASTmrMLM","PstI.TP833387","11","5767","1.0709e-05","0.0023","A"
"4","Trait5","FASTmrMLM","PstI.TP833535","11","5768","0.0167","0.1654","C"
"4","Trait5","FASTmrMLM","PstI.TP833822","11","5769","9.4176e-06","0.0021","A"
"4","Trait5","FASTmrMLM","PstI.TP833857","11","5770","2.0161e-05","0.0044","C"
"4","Trait5","FASTmrMLM","PstI.TP833897","11","5771","2.0391e-05","0.0045","A"
"4","Trait5","FASTmrMLM","PstI.TP834119","11","5772","0.2553","0.9453","G"
"4","Trait5","FASTmrMLM","PstI.TP834205","11","5773","2.388e-05","0.0052","A"
"4","Trait5","FASTmrMLM","PstI.TP834222","11","5774","-2.3562e-06","5e-04","A"
"4","Trait5","FASTmrMLM","PstI.TP834249","11","5775","-1.3348e-05","0.0029","A"
"4","Trait5","FASTmrMLM","PstI.TP834454","11","5776","-0.21","1.2662","C"
"4","Trait5","FASTmrMLM","PstI.TP834509","11","5777","0.0468","0.4055","A"
"4","Trait5","FASTmrMLM","PstI.TP834553","11","5778","5.7674e-06","0.0013","C"
"4","Trait5","FASTmrMLM","PstI.TP834740","11","5779","-0.0703","0.5001","G"
"4","Trait5","FASTmrMLM","PstI.TP834844","11","5780","3.961e-05","0.0087","G"
"4","Trait5","FASTmrMLM","PstI.TP834959","11","5781","0.1074","0.7382","C"
"4","Trait5","FASTmrMLM","PstI.TP834967","11","5782","0.1927","1.864","A"
"4","Trait5","FASTmrMLM","PstI.TP835040","11","5784","-2.5521e-05","0.0056","A"
"4","Trait5","FASTmrMLM","PstI.TP835886","11","5786","-8.5604e-06","0.0019","C"
"4","Trait5","FASTmrMLM","PstI.TP835911","11","5788","-1.0202e-06","2e-04","C"
"4","Trait5","FASTmrMLM","PstI.TP835957","11","5789","-1.175e-05","0.0026","A"
"4","Trait5","FASTmrMLM","PstI.TP835958","11","5790","-9.4152e-06","0.0021","C"
"4","Trait5","FASTmrMLM","PstI.TP836115","11","5792","-2.0007e-05","0.0044","A"
"4","Trait5","FASTmrMLM","PstI.TP836173","11","5793","0.0102","0.1595","C"
"4","Trait5","FASTmrMLM","PstI.TP836193","11","5794","1.1589e-06","3e-04","A"
"4","Trait5","FASTmrMLM","PstI.TP836290","11","5795","0.0079","0.147","G"
"4","Trait5","FASTmrMLM","PstI.TP836485","11","5797","-1.1288e-05","0.0025","C"
"4","Trait5","FASTmrMLM","PstI.TP836677","11","5798","4.2818e-05","0.0094","C"
"4","Trait5","FASTmrMLM","PstI.TP836762","11","5799","-0.1934","1.4065","A"
"4","Trait5","FASTmrMLM","PstI.TP836924","11","5800","1.0175e-05","0.0022","C"
"4","Trait5","FASTmrMLM","PstI.TP837104","11","5801","-2.3095e-05","0.0037","A"
"4","Trait5","FASTmrMLM","PstI.TP837284","11","5802","-0.0357","0.4342","A"
"4","Trait5","FASTmrMLM","PstI.TP837431","11","5803","3.2936e-06","7e-04","C"
"4","Trait5","FASTmrMLM","PstI.TP837448","11","5804","-1.5203e-05","0.0033","A"
"4","Trait5","FASTmrMLM","PstI.TP837653","11","5806","2.09e-05","0.0046","A"
"4","Trait5","FASTmrMLM","PstI.TP838063","11","5808","1.367e-05","0.003","C"
"4","Trait5","FASTmrMLM","PstI.TP838309","11","5809","-4.9877e-07","1e-04","A"
"4","Trait5","FASTmrMLM","PstI.TP838694","11","5810","4.9416e-06","0.0011","A"
"4","Trait5","FASTmrMLM","PstI.TP839289","11","5811","-1.2316e-05","0.0027","A"
"4","Trait5","FASTmrMLM","PstI.TP839519","11","5813","1.2912e-05","0.0028","A"
"4","Trait5","FASTmrMLM","PstI.TP839543","11","5814","0.1216","1.0381","A"
"4","Trait5","FASTmrMLM","PstI.TP839549","11","5815","4.3681e-05","0.0096","C"
"4","Trait5","FASTmrMLM","PstI.TP839918","11","5816","-1.3106e-05","0.0029","G"
"4","Trait5","FASTmrMLM","PstI.TP840083","11","5817","-4.8282e-06","0.0011","A"
"4","Trait5","FASTmrMLM","PstI.TP840392","11","5819","-0.0337","0.2597","C"
"4","Trait5","FASTmrMLM","PstI.TP840841","11","5822","1.5866e-05","0.0035","A"
"4","Trait5","FASTmrMLM","PstI.TP841180","11","5823","-2.4638e-05","0.0054","C"
"4","Trait5","FASTmrMLM","PstI.TP841420","11","5824","-7.3926e-06","0.0016","A"
"4","Trait5","FASTmrMLM","PstI.TP841627","11","5825","2.8846e-05","0.0063","A"
"4","Trait5","FASTmrMLM","PstI.TP841981","11","5827","-0.0918","0.9394","A"
"4","Trait5","FASTmrMLM","PstI.TP842010","11","5828","-4.0049e-06","9e-04","G"
"4","Trait5","FASTmrMLM","PstI.TP842236","11","5829","0.0825","0.4431","A"
"4","Trait5","FASTmrMLM","PstI.TP842253","11","5830","0.25","1.2337","C"
"4","Trait5","FASTmrMLM","PstI.TP842387","11","5832","1.1823e-05","0.0026","C"
"4","Trait5","FASTmrMLM","PstI.TP842611","11","5834","-1.5471e-05","0.0034","G"
"4","Trait5","FASTmrMLM","PstI.TP843002","11","5836","3.4439e-06","8e-04","A"
"4","Trait5","FASTmrMLM","PstI.TP843396","11","5839","8.3322e-06","0.0018","C"
"4","Trait5","FASTmrMLM","PstI.TP843493","11","5840","-0.0561","0.5999","C"
"4","Trait5","FASTmrMLM","PstI.TP843632","11","5841","-0.0694","0.3188","G"
"4","Trait5","FASTmrMLM","PstI.TP843666","11","5842","-5.8452e-06","0.0013","A"
"4","Trait5","FASTmrMLM","PstI.TP843718","11","5843","7.9947e-08","1.7398e-05","C"
"4","Trait5","FASTmrMLM","PstI.TP843962","11","5845","7.425e-06","0.0016","G"
"4","Trait5","FASTmrMLM","PstI.TP844060","11","5847","0.0871","1.1346","A"
"4","Trait5","FASTmrMLM","PstI.TP844435","11","5848","-1.3112e-05","0.0029","A"
"4","Trait5","FASTmrMLM","PstI.TP845014","11","5850","-1.0145e-05","0.0022","A"
"4","Trait5","FASTmrMLM","PstI.TP845126","11","5851","1.1259e-05","0.0025","C"
"4","Trait5","FASTmrMLM","PstI.TP845160","11","5852","2.5759e-05","0.0056","C"
"4","Trait5","FASTmrMLM","PstI.TP845323","11","5854","-1.1734e-05","0.0026","A"
"4","Trait5","FASTmrMLM","PstI.TP845579","11","5855","-0.0124","0.2149","A"
"4","Trait5","FASTmrMLM","PstI.TP845794","11","5856","6.8477e-06","0.0015","A"
"4","Trait5","FASTmrMLM","PstI.TP845853","11","5857","-0.2294","1.079","A"
"4","Trait5","FASTmrMLM","PstI.TP846057","11","5858","1.3734e-05","0.003","A"
"4","Trait5","FASTmrMLM","PstI.TP846261","11","5859","-1.7769e-05","0.0039","C"
"4","Trait5","FASTmrMLM","PstI.TP846295","11","5860","-0.0196","0.2542","A"
"4","Trait5","FASTmrMLM","PstI.TP846392","11","5862","-1.246e-05","0.0027","C"
"4","Trait5","FASTmrMLM","PstI.TP846428","11","5863","4.7582e-05","0.0069","A"
"4","Trait5","FASTmrMLM","PstI.TP846472","11","5864","-1.2015e-06","3e-04","G"
"4","Trait5","FASTmrMLM","PstI.TP846491","11","5865","1.6985e-05","0.0037","C"
"4","Trait5","FASTmrMLM","PstI.TP846504","11","5866","4.3307e-06","9e-04","A"
"4","Trait5","FASTmrMLM","PstI.TP846513","11","5867","-0.1395","0.6761","A"
"4","Trait5","FASTmrMLM","PstI.TP846889","11","5868","-0.1164","0.4973","C"
"4","Trait5","FASTmrMLM","PstI.TP846894","11","5869","1.9422e-06","4e-04","C"
"4","Trait5","FASTmrMLM","PstI.TP846975","11","5870","-3.7218e-05","0.0082","A"
"4","Trait5","FASTmrMLM","PstI.TP847050","11","5871","-1.3532e-05","0.003","C"
"4","Trait5","FASTmrMLM","PstI.TP847298","11","5872","-3.4726e-06","8e-04","A"
"4","Trait5","FASTmrMLM","PstI.TP847354","11","5873","-3.1438e-05","0.0069","A"
"4","Trait5","FASTmrMLM","PstI.TP847969","11","5876","-2.4028e-05","0.0053","G"
"4","Trait5","FASTmrMLM","PstI.TP847989","11","5877","-2.4002e-05","0.0053","A"
"4","Trait5","FASTmrMLM","PstI.TP848034","11","5878","-2.3819e-05","0.0052","A"
"4","Trait5","FASTmrMLM","PstI.TP848049","11","5879","-3.0328e-05","0.0067","C"
"4","Trait5","FASTmrMLM","PstI.TP848458","11","5880","0.0875","0.4017","A"
"4","Trait5","FASTmrMLM","PstI.TP848505","11","5881","-2.4835e-05","0.0054","A"
"4","Trait5","FASTmrMLM","PstI.TP848774","11","5882","-1.5362e-05","0.0034","A"
"4","Trait5","FASTmrMLM","PstI.TP848810","11","5883","1.1139e-05","0.0024","A"
"4","Trait5","FASTmrMLM","PstI.TP848834","11","5884","9.7438e-06","0.0021","G"
"4","Trait5","FASTmrMLM","PstI.TP848946","11","5885","2.331e-05","0.0051","A"
"4","Trait5","FASTmrMLM","PstI.TP849015","11","5886","-9.9591e-06","0.0022","A"
"4","Trait5","FASTmrMLM","PstI.TP849262","11","5889","0.0425","0.2721","A"
"4","Trait5","FASTmrMLM","PstI.TP849452","11","5892","-0.0271","0.2711","C"
"4","Trait5","FASTmrMLM","PstI.TP849936","11","5893","-6.7621e-06","0.0015","A"
"4","Trait5","FASTmrMLM","PstI.TP850021","11","5894","1.7996e-05","0.0039","C"
"4","Trait5","FASTmrMLM","PstI.TP850648","11","5895","3.8567e-06","8e-04","A"
"4","Trait5","FASTmrMLM","PstI.TP850878","11","5896","6.2959e-06","0.0014","G"
"4","Trait5","FASTmrMLM","PstI.TP850999","11","5898","5.0374e-06","0.0011","C"
"4","Trait5","FASTmrMLM","PstI.TP851114","11","5901","-5.6498e-06","0.0012","A"
"4","Trait5","FASTmrMLM","PstI.TP851163","11","5902","0.1225","0.7275","A"
"4","Trait5","FASTmrMLM","PstI.TP851203","11","5903","-1.9113e-05","0.0042","A"
"4","Trait5","FASTmrMLM","PstI.TP851231","11","5904","-0.0301","0.3886","C"
"4","Trait5","FASTmrMLM","PstI.TP851537","11","5907","-0.033","0.2396","C"
"4","Trait5","FASTmrMLM","PstI.TP851663","11","5909","3.2059e-05","0.007","C"
"4","Trait5","FASTmrMLM","PstI.TP851709","11","5910","-1.2738e-05","0.0028","A"
"4","Trait5","FASTmrMLM","PstI.TP852117","11","5914","2.5224e-05","0.0055","G"
"4","Trait5","FASTmrMLM","PstI.TP852125","11","5915","1.7694e-05","0.0039","C"
"4","Trait5","FASTmrMLM","PstI.TP852128","11","5916","-8.3573e-06","0.0018","C"
"4","Trait5","FASTmrMLM","PstI.TP852471","11","5918","0.1682","0.7382","C"
"4","Trait5","FASTmrMLM","PstI.TP852506","11","5920","-1.6592e-06","4e-04","A"
"4","Trait5","FASTmrMLM","PstI.TP852593","11","5921","-1.5589e-06","3e-04","C"
"4","Trait5","FASTmrMLM","PstI.TP852665","11","5922","-0.118","0.6537","C"
"4","Trait5","FASTmrMLM","PstI.TP852688","11","5923","2.3335e-06","5e-04","C"
"4","Trait5","FASTmrMLM","PstI.TP852913","11","5927","2.8003e-05","0.0061","C"
"4","Trait5","FASTmrMLM","PstI.TP852935","11","5928","1.5726e-05","0.0034","A"
"4","Trait5","FASTmrMLM","PstI.TP852946","11","5929","-0.1244","1.5259","A"
"4","Trait5","FASTmrMLM","PstI.TP853033","11","5930","-0.1075","0.6198","C"
"4","Trait5","FASTmrMLM","PstI.TP853182","11","5931","7.3225e-06","0.0016","C"
"4","Trait5","FASTmrMLM","PstI.TP853184","11","5932","-1.095e-05","0.0024","C"
"4","Trait5","FASTmrMLM","PstI.TP853245","11","5933","3.0321e-05","0.0066","A"
"4","Trait5","FASTmrMLM","PstI.TP853400","11","5934","-5.9661e-06","0.0013","A"
"4","Trait5","FASTmrMLM","PstI.TP853516","11","5935","-0.2196","1.3308","C"
"4","Trait5","FASTmrMLM","PstI.TP853569","11","5936","0.2657","2.0633","A"
"4","Trait5","FASTmrMLM","PstI.TP853852","11","5938","2.3968e-06","5e-04","A"
"4","Trait5","FASTmrMLM","PstI.TP853956","11","5940","-2.2845e-05","0.005","A"
"4","Trait5","FASTmrMLM","PstI.TP854126","11","5942","-5.9422e-06","0.0013","A"
"4","Trait5","FASTmrMLM","PstI.TP854157","11","5943","-4.2789e-06","9e-04","A"
"4","Trait5","FASTmrMLM","PstI.TP854160","11","5944","-0.1109","1.0213","A"
"4","Trait5","FASTmrMLM","PstI.TP854186","11","5945","-3.0281e-05","0.0066","C"
"4","Trait5","FASTmrMLM","PstI.TP854571","11","5946","-2.8887e-06","6e-04","C"
"4","Trait5","FASTmrMLM","PstI.TP854592","11","5947","0.1226","0.8785","C"
"4","Trait5","FASTmrMLM","PstI.TP854660","11","5948","5.5029e-06","0.0012","A"
"4","Trait5","FASTmrMLM","PstI.TP854774","11","5949","1.618e-05","0.0035","C"
"4","Trait5","FASTmrMLM","PstI.TP854797","11","5950","-7.0647e-06","0.0015","C"
"4","Trait5","FASTmrMLM","PstI.TP854917","11","5951","0.0569","0.7501","A"
"4","Trait5","FASTmrMLM","PstI.TP854988","11","5952","0.0403","0.5104","C"
"4","Trait5","FASTmrMLM","PstI.TP855156","11","5953","-0.0355","0.2293","C"
"4","Trait5","FASTmrMLM","PstI.TP855419","11","5954","-1.5983e-05","0.0035","A"
"4","Trait5","FASTmrMLM","PstI.TP855509","11","5956","-8.6698e-07","2e-04","A"
"4","Trait5","FASTmrMLM","PstI.TP855549","11","5957","1.8238e-05","0.004","A"
"4","Trait5","FASTmrMLM","PstI.TP855559","11","5958","1.6496e-05","0.0036","C"
"4","Trait5","FASTmrMLM","PstI.TP855628","11","5959","-0.0593","0.4101","C"
"4","Trait5","FASTmrMLM","PstI.TP855643","11","5960","-4.3087e-06","9e-04","A"
"4","Trait5","FASTmrMLM","PstI.TP855659","11","5961","4.4176e-06","0.001","A"
"4","Trait5","FASTmrMLM","PstI.TP856013","11","5962","0.2516","1.3614","C"
"4","Trait5","FASTmrMLM","PstI.TP856174","11","5963","-0.0569","0.4992","G"
"4","Trait5","FASTmrMLM","PstI.TP856388","11","5964","0.0537","0.652","C"
"4","Trait5","FASTmrMLM","PstI.TP856598","11","5965","-3.4347e-05","0.0075","C"
"4","Trait5","FASTmrMLM","PstI.TP856692","11","5966","-1.6064e-06","3e-04","C"
"4","Trait5","FASTmrMLM","PstI.TP856859","11","5967","1.5776e-05","0.0034","C"
"4","Trait5","FASTmrMLM","PstI.TP856910","11","5968","5.7335e-07","1e-04","A"
"4","Trait5","FASTmrMLM","PstI.TP856988","11","5970","-4.1743e-05","0.0092","A"
"4","Trait5","FASTmrMLM","PstI.TP857012","11","5971","0.0344","0.4352","A"
"4","Trait5","FASTmrMLM","PstI.TP857062","11","5972","-2.2743e-06","5e-04","A"
"4","Trait5","FASTmrMLM","PstI.TP857256","11","5973","1.0051e-05","0.0022","C"
"4","Trait5","FASTmrMLM","PstI.TP857335","11","5974","0.1875","1.8302","A"
"4","Trait5","FASTmrMLM","PstI.TP857413","11","5975","2e-04","0.0137","C"
"4","Trait5","FASTmrMLM","PstI.TP857437","11","5976","-2.6343e-05","0.0058","A"
"4","Trait5","FASTmrMLM","PstI.TP857842","11","5977","-4.9131e-06","0.0011","A"
"4","Trait5","FASTmrMLM","PstI.TP858245","11","5978","-6.5322e-06","0.0014","C"
"4","Trait5","FASTmrMLM","PstI.TP858463","11","5979","-1.9554e-05","0.0043","A"
"4","Trait5","FASTmrMLM","PstI.TP858927","11","5981","1.4033e-06","3e-04","C"
"4","Trait5","FASTmrMLM","PstI.TP859115","11","5983","-0.0694","0.4796","C"
"4","Trait5","FASTmrMLM","PstI.TP859207","11","5984","1.6649e-05","0.0036","C"
"4","Trait5","FASTmrMLM","PstI.TP859276","11","5985","0.058","0.3324","G"
"4","Trait5","FASTmrMLM","PstI.TP859320","11","5986","8.9432e-06","0.002","C"
"4","Trait5","FASTmrMLM","PstI.TP859565","11","5990","-3.1257e-06","7e-04","A"
"4","Trait5","FASTmrMLM","PstI.TP859581","11","5993","-0.0342","0.2945","C"
"4","Trait5","FASTmrMLM","PstI.TP859893","11","5996","-9.249e-06","0.002","A"
"4","Trait5","FASTmrMLM","PstI.TP860014","11","5997","2.6474e-05","0.0058","A"
"4","Trait5","FASTmrMLM","PstI.TP860210","11","5999","-3.761e-05","0.0083","A"
"4","Trait5","FASTmrMLM","PstI.TP860396","11","6000","-9.1297e-05","0.0093","A"
"4","Trait5","FASTmrMLM","PstI.TP860633","11","6001","3.4016e-05","0.0075","A"
"4","Trait5","FASTmrMLM","PstI.TP860748","11","6002","-0.1408","2.4328","C"
"4","Trait5","FASTmrMLM","PstI.TP861309","11","6003","0.2048","1.1762","A"
"4","Trait5","FASTmrMLM","PstI.TP861447","11","6004","1.2279e-06","3e-04","A"
"4","Trait5","FASTmrMLM","PstI.TP861526","11","6005","-7.3427e-06","0.0016","A"
"4","Trait5","FASTmrMLM","PstI.TP861686","11","6006","2.0737e-05","0.0045","C"
"4","Trait5","FASTmrMLM","PstI.TP861818","11","6007","-2.8782e-07","6.2641e-05","C"
"4","Trait5","FASTmrMLM","PstI.TP862075","11","6010","-1e-04","0.0103","C"
"4","Trait5","FASTmrMLM","PstI.TP862299","11","6013","-1.1624e-05","0.0025","C"
"4","Trait5","FASTmrMLM","PstI.TP862456","11","6014","0.1126","0.4494","C"
"4","Trait5","FASTmrMLM","PstI.TP862541","11","6015","2.7493e-05","0.006","G"
"4","Trait5","FASTmrMLM","PstI.TP862880","11","6017","1.0505e-05","0.0023","A"
"4","Trait5","FASTmrMLM","PstI.TP863093","11","6018","0.0747","0.8126","C"
"4","Trait5","FASTmrMLM","PstI.TP863191","11","6019","-0.1203","0.9043","A"
"4","Trait5","FASTmrMLM","PstI.TP863269","11","6020","-2.3563e-05","0.0052","A"
"4","Trait5","FASTmrMLM","PstI.TP863575","11","6021","-1.9456e-05","0.0043","C"
"4","Trait5","FASTmrMLM","PstI.TP863638","11","6022","-1.0791e-05","0.0024","A"
"4","Trait5","FASTmrMLM","PstI.TP863716","11","6023","2.7787e-05","0.0061","A"
"4","Trait5","FASTmrMLM","PstI.TP863905","11","6024","1.2109e-05","0.0026","C"
"4","Trait5","FASTmrMLM","PstI.TP863984","11","6025","-2.0204e-05","0.0044","C"
"4","Trait5","FASTmrMLM","PstI.TP864233","11","6026","0.2762","1.1669","C"
"4","Trait5","FASTmrMLM","PstI.TP864234","11","6027","2.7196e-05","0.006","C"
"4","Trait5","FASTmrMLM","PstI.TP864322","11","6028","-0.1587","1.3097","A"
"4","Trait5","FASTmrMLM","PstI.TP864685","11","6031","-1.7347e-05","0.0038","C"
"4","Trait5","FASTmrMLM","PstI.TP864689","11","6032","-4.1128e-06","9e-04","C"
"4","Trait5","FASTmrMLM","PstI.TP864728","11","6033","-0.0535","0.2594","C"
"4","Trait5","FASTmrMLM","PstI.TP864877","11","6034","6.4587e-06","0.0014","G"
"4","Trait5","FASTmrMLM","PstI.TP865072","11","6035","-1.4286e-05","0.0031","C"
"4","Trait5","FASTmrMLM","PstI.TP865416","11","6037","1.4959e-05","0.0033","A"
"4","Trait5","FASTmrMLM","PstI.TP865678","11","6039","-1.6299e-05","0.0036","C"
"4","Trait5","FASTmrMLM","PstI.TP865711","11","6040","0.0088","0.1701","A"
"4","Trait5","FASTmrMLM","PstI.TP865965","11","6041","-2.0499e-05","0.0045","C"
"4","Trait5","FASTmrMLM","PstI.TP866461","11","6042","1.3114e-05","0.0029","A"
"4","Trait5","FASTmrMLM","PstI.TP866553","11","6043","-1.8844e-06","4e-04","A"
"4","Trait5","FASTmrMLM","PstI.TP866769","11","6044","1.4126e-05","0.0031","A"
"4","Trait5","FASTmrMLM","PstI.TP866977","11","6046","4.5896e-06","0.001","A"
"4","Trait5","FASTmrMLM","PstI.TP867080","11","6047","7.8229e-06","0.0017","A"
"4","Trait5","FASTmrMLM","PstI.TP867146","11","6048","-0.187","1.7369","A"
"4","Trait5","FASTmrMLM","PstI.TP867186","11","6049","-5.6667e-06","0.0012","A"
"4","Trait5","FASTmrMLM","PstI.TP867353","11","6051","0.0096","0.1381","A"
"4","Trait5","FASTmrMLM","PstI.TP867532","11","6052","8.1615e-07","2e-04","A"
"4","Trait5","FASTmrMLM","PstI.TP867717","11","6054","5.7722e-06","0.0013","C"
"4","Trait5","FASTmrMLM","PstI.TP867778","11","6055","3.8918e-05","0.0086","A"
"4","Trait5","FASTmrMLM","PstI.TP867840","11","6056","-1.1876e-05","0.0026","A"
"4","Trait5","FASTmrMLM","PstI.TP867855","11","6057","-2.5337e-05","0.0055","A"
"4","Trait5","FASTmrMLM","PstI.TP868037","11","6059","-7.1704e-07","2e-04","A"
"4","Trait5","FASTmrMLM","PstI.TP868524","11","6061","2.4596e-05","0.0054","C"
"4","Trait5","FASTmrMLM","PstI.TP868583","11","6062","-1.1814e-05","0.0026","A"
"4","Trait5","FASTmrMLM","PstI.TP868771","11","6063","0.0371","0.3736","A"
"4","Trait5","FASTmrMLM","PstI.TP868867","11","6064","-1.772e-05","0.0039","A"
"4","Trait5","FASTmrMLM","PstI.TP869036","11","6066","-1.3543e-05","0.003","C"
"4","Trait5","FASTmrMLM","PstI.TP869354","11","6068","-0.2651","1.5963","A"
"4","Trait5","FASTmrMLM","PstI.TP869572","11","6069","-1.7467e-05","0.0038","C"
"4","Trait5","FASTmrMLM","PstI.TP869637","11","6070","3.0783e-05","0.0068","G"
"4","Trait5","FASTmrMLM","PstI.TP869751","11","6071","0.1017","0.5362","C"
"4","Trait5","FASTmrMLM","PstI.TP869950","11","6072","0.1273","1.0955","C"
"4","Trait5","FASTmrMLM","PstI.TP869964","11","6073","-2.3428e-05","0.0051","A"
"4","Trait5","FASTmrMLM","PstI.TP870007","11","6074","-0.0725","0.3527","A"
"4","Trait5","FASTmrMLM","PstI.TP870049","11","6075","-0.1196","0.5521","A"
"4","Trait5","FASTmrMLM","PstI.TP870162","11","6076","-1.7861e-05","0.0039","A"
"4","Trait5","FASTmrMLM","PstI.TP870173","11","6077","0.0267","0.2187","A"
"4","Trait5","FASTmrMLM","PstI.TP870191","11","6078","-8.2929e-07","2e-04","C"
"4","Trait5","FASTmrMLM","PstI.TP870317","11","6079","-1.987e-05","0.0043","A"
"4","Trait5","FASTmrMLM","PstI.TP870401","11","6080","1.3191e-05","0.0029","C"
"4","Trait5","FASTmrMLM","PstI.TP870479","11","6081","-3.8331e-06","8e-04","C"
"4","Trait5","FASTmrMLM","PstI.TP870827","11","6082","7.3893e-06","0.0016","C"
"4","Trait5","FASTmrMLM","PstI.TP870837","11","6083","-2.555e-05","0.0056","C"
"4","Trait5","FASTmrMLM","PstI.TP871722","11","6084","1.8432e-05","0.004","A"
"4","Trait5","FASTmrMLM","PstI.TP871820","11","6085","1.3388e-05","0.0029","C"
"4","Trait5","FASTmrMLM","PstI.TP871873","11","6086","-9.9524e-06","0.0022","C"
"4","Trait5","FASTmrMLM","PstI.TP871892","11","6087","5.1322e-06","0.0011","A"
"4","Trait5","FASTmrMLM","PstI.TP872659","11","6090","0.1229","0.9686","A"
"4","Trait5","FASTmrMLM","PstI.TP873116","11","6091","0.0079","0.1405","A"
"4","Trait5","FASTmrMLM","PstI.TP873491","11","6092","-2.4229e-05","0.0053","C"
"4","Trait5","FASTmrMLM","PstI.TP873674","11","6093","-2.527e-05","0.0055","A"
"4","Trait5","FASTmrMLM","PstI.TP873716","11","6094","-0.1086","1.3421","C"
"4","Trait5","FASTmrMLM","PstI.TP873850","11","6095","-9.0113e-06","0.002","A"
"4","Trait5","FASTmrMLM","PstI.TP873929","11","6096","-1.0824e-05","0.0024","A"
"4","Trait5","FASTmrMLM","PstI.TP874115","11","6097","-2.5385e-05","0.0056","C"
"4","Trait5","FASTmrMLM","PstI.TP874146","11","6098","-0.0524","0.3765","A"
"4","Trait5","FASTmrMLM","PstI.TP874248","11","6099","1.433e-05","0.0031","A"
"4","Trait5","FASTmrMLM","PstI.TP874561","11","6100","-1.8353e-05","0.004","A"
"4","Trait5","FASTmrMLM","PstI.TP874708","11","6103","-1.2633e-05","0.0028","A"
"4","Trait5","FASTmrMLM","PstI.TP875036","11","6105","-0.0606","0.2775","A"
"4","Trait5","FASTmrMLM","PstI.TP875292","11","6106","0.0436","0.4868","A"
"4","Trait5","FASTmrMLM","PstI.TP875443","11","6107","1.2728e-05","0.0028","C"
"4","Trait5","FASTmrMLM","PstI.TP875447","11","6108","-1.8544e-05","0.0041","G"
"4","Trait5","FASTmrMLM","PstI.TP875529","11","6110","0.1324","0.9032","A"
"4","Trait5","FASTmrMLM","PstI.TP876037","11","6111","3.4126e-05","0.0075","C"
"4","Trait5","FASTmrMLM","PstI.TP876293","11","6112","0.1283","1.2485","A"
"4","Trait5","FASTmrMLM","PstI.TP876310","11","6113","0.0504","0.5918","A"
"4","Trait5","FASTmrMLM","PstI.TP876330","11","6114","-2.0813e-06","5e-04","C"
"4","Trait5","FASTmrMLM","PstI.TP876478","11","6115","-4.4107e-06","0.001","A"
"4","Trait5","FASTmrMLM","PstI.TP876864","11","6117","1.4762e-06","3e-04","A"
"4","Trait5","FASTmrMLM","PstI.TP876877","11","6118","5.9248e-05","0.0082","A"
"4","Trait5","FASTmrMLM","PstI.TP877080","11","6119","-2e-04","0.0126","C"
"4","Trait5","FASTmrMLM","PstI.TP877093","11","6120","-1.0665e-05","0.0023","A"
"4","Trait5","FASTmrMLM","PstI.TP877370","11","6121","-0.1027","0.6219","C"
"4","Trait5","FASTmrMLM","PstI.TP877509","11","6123","-5.356e-06","0.0012","C"
"4","Trait5","FASTmrMLM","PstI.TP877747","11","6124","-1.0025e-05","0.0022","A"
"4","Trait5","FASTmrMLM","PstI.TP878425","11","6126","-0.0239","0.2266","A"
"4","Trait5","FASTmrMLM","PstI.TP878433","11","6127","0.039","0.4883","C"
"4","Trait5","FASTmrMLM","PstI.TP878450","11","6128","6.8693e-06","0.0015","G"
"4","Trait5","FASTmrMLM","PstI.TP878500","11","6129","-3.216e-06","7e-04","G"
"4","Trait5","FASTmrMLM","PstI.TP878542","11","6131","-7.947e-05","0.0073","A"
"4","Trait5","FASTmrMLM","PstI.TP878715","11","6132","-1.5504e-05","0.0034","G"
"4","Trait5","FASTmrMLM","PstI.TP878834","11","6134","4.0782e-06","9e-04","C"
"4","Trait5","FASTmrMLM","PstI.TP878858","11","6135","1.1438e-06","2e-04","C"
"4","Trait5","FASTmrMLM","PstI.TP878996","11","6136","-3.6482e-05","0.008","C"
"4","Trait5","FASTmrMLM","PstI.TP879201","11","6139","3.4602e-06","8e-04","C"
"4","Trait5","FASTmrMLM","PstI.TP879569","11","6140","7.5447e-07","2e-04","G"
"4","Trait5","FASTmrMLM","PstI.TP879718","11","6142","-3.2515e-06","7e-04","C"
"4","Trait5","FASTmrMLM","PstI.TP879786","11","6143","0.0677","0.5347","C"
"4","Trait5","FASTmrMLM","PstI.TP879976","11","6144","-0.4162","2.6501","C"
"4","Trait5","FASTmrMLM","PstI.TP880208","11","6145","3.3627e-05","0.0074","G"
"4","Trait5","FASTmrMLM","PstI.TP880258","11","6146","-0.0919","1.0642","C"
"4","Trait5","FASTmrMLM","PstI.TP880487","11","6147","-0.1413","1.0336","A"
"4","Trait5","FASTmrMLM","PstI.TP880653","11","6148","-0.2702","1.3367","C"
"4","Trait5","FASTmrMLM","PstI.TP880858","11","6149","-3.5157e-05","0.0077","A"
"4","Trait5","FASTmrMLM","PstI.TP881000","11","6150","1.55e-05","0.0034","A"
"4","Trait5","FASTmrMLM","PstI.TP881282","11","6152","1.1459e-05","0.0025","C"
"4","Trait5","FASTmrMLM","PstI.TP881453","11","6153","-0.1613","1.8742","C"
"4","Trait5","FASTmrMLM","PstI.TP881678","11","6154","-0.0955","0.4545","A"
"4","Trait5","FASTmrMLM","PstI.TP881695","11","6155","1.6982e-05","0.0037","A"
"4","Trait5","FASTmrMLM","PstI.TP881941","11","6157","0.0817","1.0363","A"
"4","Trait5","FASTmrMLM","PstI.TP881948","11","6158","-2.4495e-05","0.0054","A"
"4","Trait5","FASTmrMLM","PstI.TP882016","11","6159","-0.0788","0.534","G"
"4","Trait5","FASTmrMLM","PstI.TP882172","11","6160","-0.1458","0.575","A"
"4","Trait5","FASTmrMLM","PstI.TP882240","11","6161","1.6758e-05","0.0037","C"
"4","Trait5","FASTmrMLM","PstI.TP882541","11","6163","-1.0546e-05","0.0023","A"
"4","Trait5","FASTmrMLM","PstI.TP882802","11","6164","0.0798","0.5828","A"
"4","Trait5","FASTmrMLM","PstI.TP883374","11","6166","-0.114","1.7533","C"
"4","Trait5","FASTmrMLM","PstI.TP883382","11","6167","1.6092e-05","0.0035","A"
"4","Trait5","FASTmrMLM","PstI.TP883421","11","6168","-1.8986e-06","4e-04","C"
"4","Trait5","FASTmrMLM","PstI.TP883439","11","6169","-3.6726e-06","8e-04","C"
"4","Trait5","FASTmrMLM","PstI.TP883745","11","6171","-2.8631e-05","0.0063","C"
"4","Trait5","FASTmrMLM","PstI.TP883809","11","6172","-2.0228e-05","0.0044","C"
"4","Trait5","FASTmrMLM","PstI.TP883908","11","6173","-0.0331","0.2526","A"
"4","Trait5","FASTmrMLM","PstI.TP884105","11","6176","-0.3421","2.3547","G"
"4","Trait5","FASTmrMLM","PstI.TP884326","11","6177","-4.1588e-05","0.0091","C"
"4","Trait5","FASTmrMLM","PstI.TP884591","11","6179","1.9479e-05","0.0043","A"
"4","Trait5","FASTmrMLM","PstI.TP884634","11","6180","-7.5014e-06","0.0016","A"
"4","Trait5","FASTmrMLM","PstI.TP884717","11","6182","-0.0979","0.4365","C"
"4","Trait5","FASTmrMLM","PstI.TP884826","11","6183","-7.1174e-06","0.0016","A"
"4","Trait5","FASTmrMLM","PstI.TP884962","11","6184","-2.6285e-06","6e-04","G"
"4","Trait5","FASTmrMLM","PstI.TP885027","11","6185","-1.9875e-06","4e-04","A"
"4","Trait5","FASTmrMLM","PstI.TP885120","11","6187","0.108","0.7453","C"
"4","Trait5","FASTmrMLM","PstI.TP885164","11","6188","-9.6501e-07","2e-04","C"
"4","Trait5","FASTmrMLM","PstI.TP885747","11","6189","3.7381e-07","8.1376e-05","A"
"4","Trait5","FASTmrMLM","PstI.TP885854","11","6190","-5.4409e-06","0.0012","C"
"4","Trait5","FASTmrMLM","PstI.TP886053","11","6191","-0.284","1.1698","C"
"4","Trait5","FASTmrMLM","PstI.TP886077","11","6192","2.3052e-05","0.005","A"
"4","Trait5","FASTmrMLM","PstI.TP886185","11","6193","-3.0352e-06","7e-04","C"
"4","Trait5","FASTmrMLM","PstI.TP886258","11","6194","9.9075e-06","0.0022","A"
"4","Trait5","FASTmrMLM","PstI.TP886436","11","6196","7.1339e-06","0.0016","A"
"4","Trait5","FASTmrMLM","PstI.TP886545","11","6197","6.2503e-06","0.0014","A"
"4","Trait5","FASTmrMLM","PstI.TP886557","11","6198","-2.4868e-05","0.0054","C"
"4","Trait5","FASTmrMLM","PstI.TP886677","11","6199","5.9028e-06","0.0013","A"
"4","Trait5","FASTmrMLM","PstI.TP886907","11","6200","7.7029e-06","0.0017","C"
"4","Trait5","FASTmrMLM","PstI.TP887025","11","6201","5.6082e-06","0.0012","A"
"4","Trait5","FASTmrMLM","PstI.TP887325","11","6202","-3.1601e-05","0.0062","C"
"4","Trait5","FASTmrMLM","PstI.TP887622","11","6203","-4.0182e-05","0.0088","C"
"4","Trait5","FASTmrMLM","PstI.TP887648","11","6204","0.0199","0.2436","A"
"4","Trait5","FASTmrMLM","PstI.TP887664","11","6205","-3.3982e-05","0.0075","G"
"4","Trait5","FASTmrMLM","PstI.TP887760","11","6207","-0.2674","1.3727","C"
"4","Trait5","FASTmrMLM","PstI.TP888077","11","6208","-0.1456","1.1905","A"
"4","Trait5","FASTmrMLM","PstI.TP888098","11","6209","-0.0213","0.1529","A"
"4","Trait5","FASTmrMLM","PstI.TP888254","11","6211","7.628e-06","0.0017","A"
"4","Trait5","FASTmrMLM","PstI.TP888861","11","6214","0.079","1.0759","C"
"4","Trait5","FASTmrMLM","PstI.TP889563","11","6217","-7.8157e-06","0.0017","G"
"4","Trait5","FASTmrMLM","PstI.TP889703","11","6218","0.0295","0.1783","G"
"4","Trait5","FASTmrMLM","PstI.TP889836","11","6219","8.8328e-05","0.0092","A"
"4","Trait5","FASTmrMLM","PstI.TP890020","11","6220","-2.6514e-06","6e-04","A"
"4","Trait5","FASTmrMLM","PstI.TP890950","11","6221","0.0362","0.4798","C"
"4","Trait5","FASTmrMLM","PstI.TP891433","11","6223","0.0289","0.4062","A"
"4","Trait5","FASTmrMLM","PstI.TP891608","11","6224","0.065","0.3957","C"
"4","Trait5","FASTmrMLM","PstI.TP891613","11","6225","1.482e-06","3e-04","A"
"4","Trait5","FASTmrMLM","PstI.TP892116","11","6226","-0.0613","0.5086","A"
"4","Trait5","FASTmrMLM","PstI.TP892152","11","6227","-0.0819","0.3664","C"
"4","Trait5","FASTmrMLM","PstI.TP892799","11","6229","0.0924","0.653","C"
"4","Trait5","FASTmrMLM","PstI.TP892979","11","6230","1.4681e-05","0.0032","C"
"4","Trait5","FASTmrMLM","PstI.TP893141","11","6231","1.2262e-05","0.0027","C"
"4","Trait5","FASTmrMLM","PstI.TP893273","11","6232","2.4701e-05","0.0054","C"
"4","Trait5","FASTmrMLM","PstI.TP893595","11","6233","1.1837e-05","0.0026","C"
"4","Trait5","FASTmrMLM","PstI.TP893602","11","6234","2.3517e-05","0.0051","A"
"4","Trait5","FASTmrMLM","PstI.TP894331","11","6236","-3.8042e-05","0.0084","G"
"4","Trait5","FASTmrMLM","PstI.TP894630","11","6237","0.0116","0.1233","C"
"4","Trait5","FASTmrMLM","PstI.TP894843","11","6239","1.6903e-05","0.0037","G"
"4","Trait5","FASTmrMLM","PstI.TP895071","11","6241","-0.1203","1.5439","C"
"4","Trait5","FASTmrMLM","PstI.TP895079","11","6242","3.9069e-06","9e-04","G"
"4","Trait5","FASTmrMLM","PstI.TP895159","11","6243","-2.4945e-05","0.0055","C"
"4","Trait5","FASTmrMLM","PstI.TP895335","11","6245","0.0439","0.3839","A"
"4","Trait5","FASTmrMLM","PstI.TP895422","11","6247","-0.1062","0.9272","A"
"4","Trait5","FASTmrMLM","PstI.TP895461","11","6248","-0.1815","1.4827","A"
"4","Trait5","FASTmrMLM","PstI.TP896264","11","6249","2e-04","0.0134","G"
"4","Trait5","FASTmrMLM","PstI.TP896600","11","6250","1.8263e-06","4e-04","G"
"4","Trait5","FASTmrMLM","PstI.TP896832","11","6251","-3.7164e-06","8e-04","A"
"4","Trait5","FASTmrMLM","PstI.TP896950","11","6252","-1.345e-06","3e-04","C"
"4","Trait5","FASTmrMLM","PstI.TP897101","11","6253","-1.5451e-05","0.0034","A"
"4","Trait5","FASTmrMLM","PstI.TP897332","11","6254","-8.2309e-06","0.0018","G"
"4","Trait5","FASTmrMLM","PstI.TP897375","11","6255","0.1274","0.7225","A"
"4","Trait5","FASTmrMLM","PstI.TP897604","11","6256","-9.5987e-06","0.0021","A"
"4","Trait5","FASTmrMLM","PstI.TP898033","11","6259","-9.0894e-06","0.002","A"
"4","Trait5","FASTmrMLM","PstI.TP898114","11","6260","1.0025e-05","0.0022","G"
"4","Trait5","FASTmrMLM","PstI.TP898366","11","6261","1.0254e-05","0.0022","A"
"4","Trait5","FASTmrMLM","PstI.TP898428","11","6262","1.4554e-05","0.0032","C"
"4","Trait5","FASTmrMLM","PstI.TP898582","11","6263","-2.8324e-05","0.0062","C"
"4","Trait5","FASTmrMLM","PstI.TP898705","11","6264","-2.5523e-05","0.0056","G"
"4","Trait5","FASTmrMLM","PstI.TP898747","11","6265","-7.2547e-07","2e-04","C"
"4","Trait5","FASTmrMLM","PstI.TP898766","11","6266","2.2509e-05","0.0049","C"
"4","Trait5","FASTmrMLM","PstI.TP898796","11","6267","3.4848e-05","0.0077","C"
"4","Trait5","FASTmrMLM","PstI.TP898944","11","6268","-2.2421e-05","0.0049","A"
"4","Trait5","FASTmrMLM","PstI.TP899120","11","6269","-3.1936e-05","0.007","C"
"4","Trait5","FASTmrMLM","PstI.TP899123","11","6270","0.1107","0.7343","A"
"4","Trait5","FASTmrMLM","PstI.TP899214","11","6271","-1.6981e-05","0.0037","C"
"4","Trait5","FASTmrMLM","PstI.TP900092","11","6273","3.6222e-06","8e-04","G"
"4","Trait5","FASTmrMLM","PstI.TP900167","11","6274","2.0014e-05","0.0044","G"
"4","Trait5","FASTmrMLM","PstI.TP900230","11","6275","-1.0788e-06","2e-04","C"
"4","Trait5","FASTmrMLM","PstI.TP901091","11","6276","1.5809e-05","0.0035","A"
"4","Trait5","FASTmrMLM","PstI.TP901740","11","6278","-9.5666e-06","0.0021","C"
"4","Trait5","FASTmrMLM","PstI.TP901895","11","6279","-1.6037e-05","0.0035","A"
"4","Trait5","FASTmrMLM","PstI.TP901979","11","6280","-0.1397","1.0618","C"
"4","Trait5","FASTmrMLM","PstI.TP901984","11","6281","9.9758e-06","0.0022","C"
"4","Trait5","FASTmrMLM","PstI.TP902107","11","6284","9.6092e-06","0.0021","C"
"4","Trait5","FASTmrMLM","PstI.TP902242","11","6285","-0.026","0.2971","A"
"4","Trait5","FASTmrMLM","PstI.TP902300","11","6286","0.1194","0.7849","C"
"4","Trait5","FASTmrMLM","PstI.TP902444","11","6287","2.3389e-05","0.0051","C"
"4","Trait5","FASTmrMLM","PstI.TP902470","11","6288","1.6021e-05","0.0035","A"
"4","Trait5","FASTmrMLM","PstI.TP902502","11","6289","-0.092","1.3723","C"
"4","Trait5","FASTmrMLM","PstI.TP902674","11","6291","-2.285e-05","0.005","A"
"4","Trait5","FASTmrMLM","PstI.TP903161","11","6295","-1.0037e-05","0.0022","A"
"4","Trait5","FASTmrMLM","PstI.TP903169","11","6296","1.6623e-05","0.0036","A"
"4","Trait5","FASTmrMLM","PstI.TP903284","11","6298","2.8381e-05","0.0062","A"
"4","Trait5","FASTmrMLM","PstI.TP903635","11","6300","8.0881e-06","0.0018","C"
"4","Trait5","FASTmrMLM","PstI.TP903713","11","6301","-1.1109e-05","0.0024","A"
"4","Trait5","FASTmrMLM","PstI.TP903828","11","6302","0.0263","0.1994","G"
"4","Trait5","FASTmrMLM","PstI.TP904124","11","6303","0.0261","0.2174","C"
"4","Trait5","FASTmrMLM","PstI.TP904371","11","6304","-6.7645e-07","1e-04","A"
"4","Trait5","FASTmrMLM","PstI.TP904509","11","6305","5.6215e-06","0.0012","A"
"4","Trait5","FASTmrMLM","PstI.TP904576","11","6306","1.2984e-05","0.0028","C"
"4","Trait5","FASTmrMLM","PstI.TP904728","11","6307","6.3786e-06","0.0014","C"
"4","Trait5","FASTmrMLM","PstI.TP904730","11","6308","1.53e-06","3e-04","C"
"4","Trait5","FASTmrMLM","PstI.TP904739","11","6309","0.1462","0.4688","C"
"4","Trait5","FASTmrMLM","PstI.TP904740","11","6310","-0.0364","0.2879","C"
"4","Trait5","FASTmrMLM","PstI.TP904786","11","6311","0.0173","0.254","A"
"4","Trait5","FASTmrMLM","PstI.TP905000","11","6312","-2.4998e-05","0.0055","C"
"4","Trait5","FASTmrMLM","PstI.TP905427","11","6314","-1e-04","0.0117","A"
"4","Trait5","FASTmrMLM","PstI.TP905563","11","6315","-0.0058","0.1247","C"
"4","Trait5","FASTmrMLM","PstI.TP905683","11","6316","-1.679e-05","0.0037","A"
"4","Trait5","FASTmrMLM","PstI.TP905996","11","6318","-1.1529e-05","0.0025","G"
"4","Trait5","FASTmrMLM","PstI.TP906016","11","6319","0.1609","1.3454","A"
"4","Trait5","FASTmrMLM","PstI.TP906049","11","6320","8.6081e-06","0.0019","A"
"4","Trait5","FASTmrMLM","PstI.TP906089","11","6322","-1.7449e-05","0.0038","A"
"4","Trait5","FASTmrMLM","PstI.TP906105","11","6323","5.6942e-06","0.0012","C"
"4","Trait5","FASTmrMLM","PstI.TP906541","11","6324","2.6157e-06","6e-04","A"
"4","Trait5","FASTmrMLM","PstI.TP906573","11","6325","-2.3471e-06","5e-04","A"
"4","Trait5","FASTmrMLM","PstI.TP906714","11","6326","1.4146e-05","0.0031","C"
"4","Trait5","FASTmrMLM","PstI.TP906905","11","6327","0.089","0.3103","G"
"4","Trait5","FASTmrMLM","PstI.TP906993","11","6329","1.0716e-05","0.0023","A"
"4","Trait5","FASTmrMLM","PstI.TP907331","11","6330","-7.8964e-06","0.0017","C"
"4","Trait5","FASTmrMLM","PstI.TP907530","11","6331","-0.0311","0.2579","C"
"4","Trait5","FASTmrMLM","PstI.TP907766","11","6332","8.5928e-07","2e-04","C"
"4","Trait5","FASTmrMLM","PstI.TP907938","11","6333","-0.0465","0.2203","G"
"4","Trait5","FASTmrMLM","PstI.TP907949","11","6334","2.3887e-05","0.0052","C"
"4","Trait5","FASTmrMLM","PstI.TP907970","11","6335","-7.0429e-06","0.0015","C"
"4","Trait5","FASTmrMLM","PstI.TP907985","11","6336","1.2437e-05","0.0027","A"
"4","Trait5","FASTmrMLM","PstI.TP908061","11","6337","-0.0616","0.5245","A"
"4","Trait5","FASTmrMLM","PstI.TP908064","11","6338","0.1952","1.225","G"
"4","Trait5","FASTmrMLM","PstI.TP908127","11","6339","-1.079e-05","0.0024","A"
"4","Trait5","FASTmrMLM","PstI.TP908149","11","6340","-0.1131","1.2714","A"
"4","Trait5","FASTmrMLM","PstI.TP908187","11","6341","-1.2654e-05","0.0028","C"
"4","Trait5","FASTmrMLM","PstI.TP908218","11","6342","-1.5204e-05","0.0033","A"
"4","Trait5","FASTmrMLM","PstI.TP908981","11","6345","-4e-04","0.019","A"
"4","Trait5","FASTmrMLM","PstI.TP908983","11","6346","-0.0932","0.6287","C"
"4","Trait5","FASTmrMLM","PstI.TP909123","11","6347","9.8056e-06","0.0021","C"
"4","Trait5","FASTmrMLM","PstI.TP909180","11","6348","-0.0227","0.2185","A"
"4","Trait5","FASTmrMLM","PstI.TP909463","11","6351","7.3138e-06","0.0016","A"
"4","Trait5","FASTmrMLM","PstI.TP909576","11","6352","3.4818e-05","0.0076","G"
"4","Trait5","FASTmrMLM","PstI.TP910161","11","6355","-2.4947e-05","0.0055","G"
"4","Trait5","FASTmrMLM","PstI.TP910221","11","6356","-1.8172e-05","0.004","A"
"4","Trait5","FASTmrMLM","PstI.TP910534","11","6357","-7.174e-06","0.0016","A"
"4","Trait5","FASTmrMLM","PstI.TP910585","11","6358","-0.0099","0.116","C"
"4","Trait5","FASTmrMLM","PstI.TP910616","11","6359","-2.5175e-06","5e-04","A"
"4","Trait5","FASTmrMLM","PstI.TP910813","11","6360","0.0444","0.2679","C"
"4","Trait5","FASTmrMLM","PstI.TP911654","11","6361","-1.3912e-06","3e-04","C"
"4","Trait5","FASTmrMLM","PstI.TP911805","11","6362","-0.0201","0.1798","C"
"4","Trait5","FASTmrMLM","PstI.TP911810","11","6363","-0.0491","0.387","G"
"4","Trait5","FASTmrMLM","PstI.TP911878","11","6364","2e-04","0.013","C"
"4","Trait5","FASTmrMLM","PstI.TP911949","11","6365","1.9141e-05","0.0042","A"
"4","Trait5","FASTmrMLM","PstI.TP912081","11","6366","-0.083","0.3759","A"
"4","Trait5","FASTmrMLM","PstI.TP912107","11","6367","-9.0397e-06","0.002","C"
"4","Trait5","FASTmrMLM","PstI.TP912135","11","6368","-2.0492e-05","0.0045","C"
"4","Trait5","FASTmrMLM","PstI.TP912551","11","6370","9.7051e-06","0.0021","C"
"4","Trait5","FASTmrMLM","PstI.TP912560","11","6371","-1.8889e-05","0.0041","A"
"4","Trait5","FASTmrMLM","PstI.TP912578","11","6372","-2.8947e-05","0.0063","A"
"4","Trait5","FASTmrMLM","PstI.TP912708","11","6373","-8.7302e-06","0.0019","A"
"4","Trait5","FASTmrMLM","PstI.TP912729","11","6374","-1e-04","0.0085","A"
"4","Trait5","FASTmrMLM","PstI.TP912861","11","6375","-2.9202e-06","6e-04","G"
"4","Trait5","FASTmrMLM","PstI.TP913114","11","6376","0.0411","0.5044","A"
"4","Trait5","FASTmrMLM","PstI.TP913158","11","6378","0.0955","0.5101","A"
"4","Trait5","FASTmrMLM","PstI.TP913169","11","6379","-2.0433e-05","0.0045","C"
"4","Trait5","FASTmrMLM","PstI.TP913711","11","6381","1.6361e-05","0.0036","A"
"4","Trait5","FASTmrMLM","PstI.TP913847","11","6382","-1.0383e-05","0.0023","C"
"4","Trait5","FASTmrMLM","PstI.TP913978","11","6383","-0.041","0.3828","G"
"4","Trait5","FASTmrMLM","PstI.TP914241","11","6384","6.7843e-06","0.0015","A"
"4","Trait5","FASTmrMLM","PstI.TP914596","11","6387","-6.3897e-06","0.0014","A"
"4","Trait5","FASTmrMLM","PstI.TP914774","11","6388","4.7456e-06","0.001","A"
"4","Trait5","FASTmrMLM","PstI.TP914914","11","6389","2.7672e-05","0.0061","A"
"4","Trait5","FASTmrMLM","PstI.TP915068","11","6390","-0.1238","1.3292","A"
"4","Trait5","FASTmrMLM","PstI.TP915084","11","6391","-0.0479","0.3892","A"
"4","Trait5","FASTmrMLM","PstI.TP915106","11","6392","-1.5989e-06","3e-04","G"
"4","Trait5","FASTmrMLM","PstI.TP915198","11","6393","4.3029e-05","0.0095","A"
"4","Trait5","FASTmrMLM","PstI.TP915238","11","6394","1.4748e-05","0.0032","C"
"4","Trait5","FASTmrMLM","PstI.TP915405","11","6395","-1.5248e-05","0.0033","A"
"4","Trait5","FASTmrMLM","PstI.TP915441","11","6396","0.0174","0.1758","A"
"4","Trait5","FASTmrMLM","PstI.TP915531","11","6397","-7.4083e-06","0.0016","G"
"4","Trait5","FASTmrMLM","PstI.TP915538","11","6398","5.4107e-06","0.0012","A"
"4","Trait5","FASTmrMLM","PstI.TP915608","11","6399","1.1344e-05","0.0025","A"
"4","Trait5","FASTmrMLM","PstI.TP915698","11","6400","-6.9754e-06","0.0015","A"
"4","Trait5","FASTmrMLM","PstI.TP915962","11","6401","-0.1146","1.7498","A"
"4","Trait5","FASTmrMLM","PstI.TP916242","11","6402","1.5292e-05","0.0033","A"
"4","Trait5","FASTmrMLM","PstI.TP916472","11","6403","-0.0648","0.6069","A"
"4","Trait5","FASTmrMLM","PstI.TP916576","11","6404","0.1062","0.7733","G"
"4","Trait5","FASTmrMLM","PstI.TP916669","11","6405","-2.2265e-07","4.8464e-05","A"
"4","Trait5","FASTmrMLM","PstI.TP916727","11","6406","2.1293e-05","0.0047","C"
"4","Trait5","FASTmrMLM","PstI.TP916844","11","6407","-0.0473","0.3061","G"
"4","Trait5","FASTmrMLM","PstI.TP916930","11","6408","-2.8396e-05","0.0062","G"
"4","Trait5","FASTmrMLM","PstI.TP916996","11","6409","1.1896e-05","0.0026","C"
"4","Trait5","FASTmrMLM","PstI.TP917018","11","6410","-1.4573e-05","0.0032","G"
"4","Trait5","FASTmrMLM","PstI.TP917385","11","6411","1.6591e-05","0.0036","A"
"4","Trait5","FASTmrMLM","PstI.TP917420","11","6412","-1.6023e-05","0.0035","C"
"4","Trait5","FASTmrMLM","PstI.TP917602","11","6413","-0.0136","0.1968","A"
"4","Trait5","FASTmrMLM","PstI.TP918154","11","6414","-1.2618e-06","3e-04","A"
"4","Trait5","FASTmrMLM","PstI.TP918163","11","6415","-1.8638e-05","0.0041","C"
"4","Trait5","FASTmrMLM","PstI.TP918254","11","6416","-0.1395","1.0135","C"
"4","Trait5","FASTmrMLM","PstI.TP918390","11","6417","-1.7111e-05","0.0037","G"
"4","Trait5","FASTmrMLM","PstI.TP918424","11","6418","-0.089","0.7957","A"
"4","Trait5","FASTmrMLM","PstI.TP918652","11","6419","-5.7596e-06","0.0013","A"
"4","Trait5","FASTmrMLM","PstI.TP918657","11","6420","1.1038e-05","0.0024","G"
"4","Trait5","FASTmrMLM","PstI.TP918869","11","6421","5.004e-06","0.0011","A"
"4","Trait5","FASTmrMLM","PstI.TP918913","11","6422","1.4114e-05","0.0031","C"
"4","Trait5","FASTmrMLM","PstI.TP918944","11","6423","9.8991e-06","0.0022","C"
"4","Trait5","FASTmrMLM","PstI.TP919407","11","6426","-4.4369e-06","0.001","C"
"4","Trait5","FASTmrMLM","PstI.TP919581","11","6429","2e-04","0.0138","A"
"4","Trait5","FASTmrMLM","PstI.TP919595","11","6430","0.0426","0.3884","A"
"4","Trait5","FASTmrMLM","PstI.TP919648","11","6431","1.3128e-06","3e-04","C"
"4","Trait5","FASTmrMLM","PstI.TP920301","11","6432","-4.8845e-06","0.0011","A"
"4","Trait5","FASTmrMLM","PstI.TP920762","11","6433","0.2863","1.0139","A"
"4","Trait5","FASTmrMLM","PstI.TP920773","11","6434","-0.0676","0.5883","C"
"4","Trait5","FASTmrMLM","PstI.TP920824","11","6435","-1.0782e-05","0.0024","C"
"4","Trait5","FASTmrMLM","PstI.TP920856","11","6436","-1.4269e-05","0.0031","G"
"4","Trait5","FASTmrMLM","PstI.TP920857","11","6437","-1.2239e-05","0.0027","A"
"4","Trait5","FASTmrMLM","PstI.TP920939","11","6438","0.0537","0.3671","G"
"4","Trait5","FASTmrMLM","PstI.TP920980","11","6439","-1.3132e-05","0.0029","A"
"4","Trait5","FASTmrMLM","PstI.TP921033","11","6440","-0.1104","1.2179","A"
"4","Trait5","FASTmrMLM","PstI.TP921635","11","6441","3.1262e-05","0.0069","A"
"4","Trait5","FASTmrMLM","PstI.TP921749","11","6443","4.8893e-06","0.0011","G"
"4","Trait5","FASTmrMLM","PstI.TP921767","11","6444","1.8954e-05","0.0041","C"
"4","Trait5","FASTmrMLM","PstI.TP921900","11","6445","1.5302e-05","0.0033","A"
"4","Trait5","FASTmrMLM","PstI.TP922050","11","6446","-0.0294","0.2966","C"
"4","Trait5","FASTmrMLM","PstI.TP922102","11","6447","-0.1784","0.6345","A"
"4","Trait5","FASTmrMLM","PstI.TP922498","11","6450","7.2885e-06","0.0016","C"
"4","Trait5","FASTmrMLM","PstI.TP922501","11","6451","-5.2969e-06","0.0012","C"
"4","Trait5","FASTmrMLM","PstI.TP922546","11","6452","2.2621e-06","5e-04","A"
"4","Trait5","FASTmrMLM","PstI.TP922622","11","6453","-2.8551e-05","0.0063","C"
"4","Trait5","FASTmrMLM","PstI.TP922645","11","6454","-0.0842","0.4544","A"
"4","Trait5","FASTmrMLM","PstI.TP922902","11","6455","-0.0385","0.2843","C"
"4","Trait5","FASTmrMLM","PstI.TP922904","11","6456","0.0299","0.2937","A"
"4","Trait5","FASTmrMLM","PstI.TP923013","11","6457","0.3665","2.3817","A"
"4","Trait5","FASTmrMLM","PstI.TP923325","11","6459","-3.5962e-06","8e-04","A"
"4","Trait5","FASTmrMLM","PstI.TP923610","11","6464","-0.094","1.1103","C"
"4","Trait5","FASTmrMLM","PstI.TP923687","11","6465","-2.8809e-06","6e-04","C"
"4","Trait5","FASTmrMLM","PstI.TP923694","11","6466","3.735e-05","0.0082","A"
"4","Trait5","FASTmrMLM","PstI.TP923806","11","6467","-2.2703e-05","0.005","C"
"4","Trait5","FASTmrMLM","PstI.TP924038","11","6468","-1.7588e-05","0.0038","G"
"4","Trait5","FASTmrMLM","PstI.TP924162","11","6469","0.0718","0.4229","C"
"4","Trait5","FASTmrMLM","PstI.TP924394","11","6470","-2.4807e-05","0.004","A"
"4","Trait5","FASTmrMLM","PstI.TP924625","11","6473","1.819e-05","0.004","A"
"4","Trait5","FASTmrMLM","PstI.TP924933","11","6475","1.5226e-05","0.0033","G"
"4","Trait5","FASTmrMLM","PstI.TP925340","11","6479","0.1749","1.1253","A"
"4","Trait5","FASTmrMLM","PstI.TP925484","11","6480","-4.035e-06","9e-04","C"
"4","Trait5","FASTmrMLM","PstI.TP925502","11","6481","9.0846e-06","0.002","A"
"4","Trait5","FASTmrMLM","PstI.TP925849","11","6482","4.4755e-06","0.001","C"
"4","Trait5","FASTmrMLM","PstI.TP926038","11","6484","-6.8422e-06","0.0015","C"
"4","Trait5","FASTmrMLM","PstI.TP926161","11","6485","-1.1733e-06","3e-04","A"
"4","Trait5","FASTmrMLM","PstI.TP926621","11","6486","0.2045","1.487","G"
"4","Trait5","FASTmrMLM","PstI.TP926680","11","6487","2.1103e-05","0.0046","G"
"4","Trait5","FASTmrMLM","PstI.TP926722","11","6488","2.3806e-05","0.0052","C"
"4","Trait5","FASTmrMLM","PstI.TP927088","11","6489","-0.0627","0.5303","C"
"4","Trait5","FASTmrMLM","PstI.TP927154","11","6490","1.9886e-05","0.0043","A"
"4","Trait5","FASTmrMLM","PstI.TP927272","11","6491","1.36e-05","0.003","A"
"4","Trait5","FASTmrMLM","PstI.TP927867","11","6492","0.0535","0.4078","A"
"4","Trait5","FASTmrMLM","PstI.TP928020","11","6494","6.7414e-06","0.0015","C"
"4","Trait5","FASTmrMLM","PstI.TP928028","11","6495","0.1197","0.8041","A"
"4","Trait5","FASTmrMLM","PstI.TP928131","11","6496","-1.3869e-05","0.003","A"
"4","Trait5","FASTmrMLM","PstI.TP928877","11","6497","3.3127e-06","7e-04","A"
"4","Trait5","FASTmrMLM","PstI.TP928960","11","6498","-0.1191","1.6657","C"
"4","Trait5","FASTmrMLM","PstI.TP928995","11","6499","-1.6614e-05","0.0036","A"
"4","Trait5","FASTmrMLM","PstI.TP929049","11","6500","0.0293","0.2157","A"
"4","Trait5","FASTmrMLM","PstI.TP929069","11","6501","0.1274","0.6629","A"
"4","Trait5","FASTmrMLM","PstI.TP929213","11","6503","-0.0243","0.2479","A"
"4","Trait5","FASTmrMLM","PstI.TP929345","11","6504","2.0348e-05","0.0045","C"
"4","Trait5","FASTmrMLM","PstI.TP929366","11","6505","-0.021","0.2787","A"
"4","Trait5","FASTmrMLM","PstI.TP929592","11","6506","0.175","0.7294","G"
"4","Trait5","FASTmrMLM","PstI.TP930028","11","6509","-0.0073","0.0835","G"
"4","Trait5","FASTmrMLM","PstI.TP930121","11","6510","-2.3212e-05","0.0051","A"
"4","Trait5","FASTmrMLM","PstI.TP930445","11","6511","-1.4259e-06","3e-04","A"
"4","Trait5","FASTmrMLM","PstI.TP930450","11","6512","-2.8485e-05","0.0062","C"
"4","Trait5","FASTmrMLM","PstI.TP931258","11","6516","1.135e-05","0.0025","A"
"4","Trait5","FASTmrMLM","PstI.TP931579","11","6517","2.7355e-06","6e-04","A"
"4","Trait5","FASTmrMLM","PstI.TP931592","11","6518","-5.9574e-06","0.0013","C"
"4","Trait5","FASTmrMLM","PstI.TP931874","11","6520","-1.8369e-05","0.004","C"
"4","Trait5","FASTmrMLM","PstI.TP932081","11","6521","1.3044e-05","0.0028","A"
"4","Trait5","FASTmrMLM","PstI.TP932117","11","6522","0.0352","0.3779","C"
"4","Trait5","FASTmrMLM","PstI.TP932175","11","6523","-2.7607e-05","0.0061","C"
"4","Trait5","FASTmrMLM","PstI.TP932230","11","6524","0.1607","0.9489","C"
"4","Trait5","FASTmrMLM","PstI.TP932361","11","6525","-1.3027e-05","0.0028","A"
"4","Trait5","FASTmrMLM","PstI.TP932367","11","6526","-0.058","0.5927","G"
"4","Trait5","FASTmrMLM","PstI.TP932689","11","6527","-2.9963e-05","0.0066","C"
"4","Trait5","FASTmrMLM","PstI.TP932850","11","6532","-7.193e-06","0.0016","A"
"4","Trait5","FASTmrMLM","PstI.TP933142","11","6533","-0.0803","1.1097","A"
"4","Trait5","FASTmrMLM","PstI.TP933502","11","6534","-0.2315","1.785","A"
"4","Trait5","FASTmrMLM","PstI.TP933579","11","6536","-0.1083","0.3587","C"
"4","Trait5","FASTmrMLM","PstI.TP933695","11","6537","3.2496e-06","7e-04","C"
"4","Trait5","FASTmrMLM","PstI.TP934024","11","6539","2.4989e-05","0.0055","C"
"4","Trait5","FASTmrMLM","PstI.TP934147","11","6541","-0.2146","1.5703","A"
"4","Trait5","FASTmrMLM","PstI.TP934503","11","6542","-0.056","0.3249","A"
"4","Trait5","FASTmrMLM","PstI.TP934504","11","6543","0.119","0.7824","A"
"4","Trait5","FASTmrMLM","PstI.TP934590","11","6544","-1.2643e-05","0.0028","A"
"4","Trait5","FASTmrMLM","PstI.TP934670","11","6545","0.1341","1.8829","C"
"4","Trait5","FASTmrMLM","PstI.TP934998","11","6547","0.0413","0.297","C"
"4","Trait5","FASTmrMLM","PstI.TP935398","11","6548","-8.563e-06","0.0019","A"
"4","Trait5","FASTmrMLM","PstI.TP936135","11","6549","-3.9938e-06","9e-04","C"
"4","Trait5","FASTmrMLM","PstI.TP936322","11","6550","-9.3808e-06","0.002","C"
"4","Trait5","FASTmrMLM","PstI.TP936448","11","6552","1.3166e-05","0.0029","A"
"4","Trait5","FASTmrMLM","PstI.TP936449","11","6553","-3.5178e-06","8e-04","G"
"4","Trait5","FASTmrMLM","PstI.TP936513","11","6554","4.907e-06","0.0011","A"
"4","Trait5","FASTmrMLM","PstI.TP936824","11","6555","0.1245","0.4152","C"
"4","Trait5","FASTmrMLM","PstI.TP937213","11","6556","-3.9905e-06","9e-04","A"
"4","Trait5","FASTmrMLM","PstI.TP937352","11","6557","-1.0656e-05","0.0023","C"
"4","Trait5","FASTmrMLM","PstI.TP937371","11","6558","0.1222","0.7021","G"
"4","Trait5","FASTmrMLM","PstI.TP937446","11","6559","-9.2264e-06","0.002","C"
"4","Trait5","FASTmrMLM","PstI.TP937647","11","6560","6.4281e-06","0.0014","C"
"4","Trait5","FASTmrMLM","PstI.TP937847","11","6561","-6.731e-06","0.0015","G"
"4","Trait5","FASTmrMLM","PstI.TP938416","11","6563","-0.1438","0.8067","C"
"4","Trait5","FASTmrMLM","PstI.TP938691","11","6564","-1.6839e-05","0.0037","A"
"4","Trait5","FASTmrMLM","PstI.TP938965","11","6565","-3e-04","0.0171","C"
"4","Trait5","FASTmrMLM","PstI.TP939079","11","6566","5.4156e-06","0.0012","A"
"4","Trait5","FASTmrMLM","PstI.TP939178","11","6567","1.81e-06","4e-04","C"
"4","Trait5","FASTmrMLM","PstI.TP939194","11","6568","-1.1423e-05","0.0025","C"
"4","Trait5","FASTmrMLM","PstI.TP939292","11","6569","2.8266e-05","0.0062","A"
"4","Trait5","FASTmrMLM","PstI.TP939360","11","6570","-0.0864","0.6859","A"
"4","Trait5","FASTmrMLM","PstI.TP939402","11","6571","-3.6322e-06","8e-04","A"
"4","Trait5","FASTmrMLM","PstI.TP939504","11","6572","3.5893e-05","0.0079","A"
"4","Trait5","FASTmrMLM","PstI.TP939600","11","6573","-1.6796e-05","0.0037","A"
"4","Trait5","FASTmrMLM","PstI.TP939773","11","6574","5.935e-06","0.0013","C"
"4","Trait5","FASTmrMLM","PstI.TP939825","11","6575","-2.5476e-06","6e-04","A"
"4","Trait5","FASTmrMLM","PstI.TP940057","11","6577","0.1853","1.6211","A"
"4","Trait5","FASTmrMLM","PstI.TP940219","11","6578","0.0416","0.3167","C"
"4","Trait5","FASTmrMLM","PstI.TP940243","11","6579","0.0207","0.2974","C"
"4","Trait5","FASTmrMLM","PstI.TP940344","11","6581","0.0178","0.2608","A"
"4","Trait5","FASTmrMLM","PstI.TP940609","11","6582","3.3264e-05","0.0073","C"
"4","Trait5","FASTmrMLM","PstI.TP940660","11","6583","-0.1383","0.691","A"
"4","Trait5","FASTmrMLM","PstI.TP940921","11","6584","-2.8031e-05","0.0061","C"
"4","Trait5","FASTmrMLM","PstI.TP941012","11","6585","-2.6469e-06","6e-04","C"
"4","Trait5","FASTmrMLM","PstI.TP941023","11","6586","-4.5179e-06","0.001","A"
"4","Trait5","FASTmrMLM","PstI.TP941024","11","6587","4.1086e-05","0.009","C"
"4","Trait5","FASTmrMLM","PstI.TP941070","11","6588","1.059e-05","0.0023","C"
"4","Trait5","FASTmrMLM","PstI.TP941802","11","6589","4.2739e-06","9e-04","C"
"4","Trait5","FASTmrMLM","PstI.TP941904","11","6590","3.6106e-05","0.0079","A"
"4","Trait5","FASTmrMLM","PstI.TP942193","11","6591","2.8659e-05","0.0063","A"
"4","Trait5","FASTmrMLM","PstI.TP942536","11","6592","-0.0196","0.2648","A"
"4","Trait5","FASTmrMLM","PstI.TP942574","11","6593","1.3282e-05","0.0029","A"
"4","Trait5","FASTmrMLM","PstI.TP942718","11","6594","0.1007","0.9198","C"
"4","Trait5","FASTmrMLM","PstI.TP942890","11","6595","1.2092e-05","0.0026","G"
"4","Trait5","FASTmrMLM","PstI.TP942909","11","6596","-6.4907e-06","0.0014","A"
"4","Trait5","FASTmrMLM","PstI.TP944522","11","6600","1.8269e-06","4e-04","C"
"4","Trait5","FASTmrMLM","PstI.TP944589","11","6602","6.3335e-06","0.0014","C"
"4","Trait5","FASTmrMLM","PstI.TP945781","11","6603","-1.6697e-05","0.0036","C"
"4","Trait5","FASTmrMLM","PstI.TP945784","11","6604","-9.0909e-06","0.002","C"
"4","Trait5","FASTmrMLM","PstI.TP946062","11","6607","-0.1621","1.0457","C"
"4","Trait5","FASTmrMLM","PstI.TP946355","11","6609","-1.3145e-05","0.0029","C"
"4","Trait5","FASTmrMLM","PstI.TP946396","11","6610","2e-04","0.0105","A"
"4","Trait5","FASTmrMLM","PstI.TP946578","11","6611","-1.0198e-05","0.0022","C"
"4","Trait5","FASTmrMLM","PstI.TP946775","11","6612","-0.0383","0.4424","G"
"4","Trait5","FASTmrMLM","PstI.TP946826","11","6613","1.9911e-06","4e-04","C"
"4","Trait5","FASTmrMLM","PstI.TP946831","11","6614","-1.7503e-05","0.0038","G"
"4","Trait5","FASTmrMLM","PstI.TP947067","11","6615","1.1661e-05","0.0025","A"
"4","Trait5","FASTmrMLM","PstI.TP947420","11","6618","-0.0866","1.0531","C"
"4","Trait5","FASTmrMLM","PstI.TP947731","11","6619","-0.1578","1.1758","C"
"4","Trait5","FASTmrMLM","PstI.TP947797","11","6620","0.1673","1.0471","A"
"4","Trait5","FASTmrMLM","PstI.TP947829","11","6621","1.7434e-05","0.0038","G"
"4","Trait5","FASTmrMLM","PstI.TP948061","11","6623","-0.0633","0.324","A"
"4","Trait5","FASTmrMLM","PstI.TP948255","11","6624","-0.0952","0.9346","C"
"4","Trait5","FASTmrMLM","PstI.TP948427","11","6625","0.0131","0.2048","G"
"4","Trait5","FASTmrMLM","PstI.TP948744","11","6626","-5.263e-06","0.0011","A"
"4","Trait5","FASTmrMLM","PstI.TP948994","11","6627","2.493e-05","0.0055","A"
"4","Trait5","FASTmrMLM","PstI.TP949022","11","6628","-5.6971e-07","1e-04","A"
"4","Trait5","FASTmrMLM","PstI.TP949429","11","6631","-4.9967e-06","0.0011","C"
"4","Trait5","FASTmrMLM","PstI.TP950232","11","6634","6.1844e-06","0.0013","C"
"4","Trait5","FASTmrMLM","PstI.TP950847","11","6636","6.1396e-06","0.0013","A"
"4","Trait5","FASTmrMLM","PstI.TP951026","11","6637","2.6284e-05","0.0058","A"
"4","Trait5","FASTmrMLM","PstI.TP951028","11","6638","-0.0117","0.1849","C"
"4","Trait5","FASTmrMLM","PstI.TP951176","11","6640","6.7383e-06","0.0015","A"
"4","Trait5","FASTmrMLM","PstI.TP951357","11","6641","0.1549","0.6763","A"
"4","Trait5","FASTmrMLM","PstI.TP951844","11","6642","-8.2205e-07","2e-04","A"
"4","Trait5","FASTmrMLM","PstI.TP951950","11","6643","0.0438","0.3916","A"
"4","Trait5","FASTmrMLM","PstI.TP952060","11","6644","-1.3522e-05","0.003","C"
"4","Trait5","FASTmrMLM","PstI.TP952096","11","6645","3.8693e-05","0.0085","A"
"4","Trait5","FASTmrMLM","PstI.TP952316","11","6647","1.8713e-05","0.0041","A"
"4","Trait5","FASTmrMLM","PstI.TP952442","11","6648","2.2829e-06","5e-04","C"
"4","Trait5","FASTmrMLM","PstI.TP952488","11","6649","3.6747e-06","8e-04","A"
"4","Trait5","FASTmrMLM","PstI.TP952805","11","6650","-0.0237","0.2972","A"
"4","Trait5","FASTmrMLM","PstI.TP952818","11","6651","1.6911e-05","0.0037","A"
"4","Trait5","FASTmrMLM","PstI.TP952869","11","6652","-2.4527e-06","5e-04","G"
"4","Trait5","FASTmrMLM","PstI.TP953233","11","6653","1.5608e-05","0.0034","A"
"4","Trait5","FASTmrMLM","PstI.TP953267","11","6654","-7.4348e-07","2e-04","A"
"4","Trait5","FASTmrMLM","PstI.TP953399","11","6655","-3e-04","0.0167","A"
"4","Trait5","FASTmrMLM","PstI.TP953838","11","6656","0.096","0.7012","C"
"4","Trait5","FASTmrMLM","PstI.TP954118","11","6658","2.3711e-05","0.0052","A"
"4","Trait5","FASTmrMLM","PstI.TP954144","11","6659","0.3075","0.9166","A"
"4","Trait5","FASTmrMLM","PstI.TP954446","11","6660","5.6279e-05","0.0077","A"
"4","Trait5","FASTmrMLM","PstI.TP955327","11","6661","-3.4333e-06","7e-04","G"
"4","Trait5","FASTmrMLM","PstI.TP955372","11","6663","1.5832e-05","0.0035","A"
"4","Trait5","FASTmrMLM","PstI.TP955472","11","6664","0.0264","0.2081","A"
"4","Trait5","FASTmrMLM","PstI.TP955488","11","6665","2.5058e-06","5e-04","G"
"4","Trait5","FASTmrMLM","PstI.TP955866","11","6666","-2.1917e-06","5e-04","A"
"4","Trait5","FASTmrMLM","PstI.TP956054","11","6668","-5.457e-06","0.0012","A"
"4","Trait5","FASTmrMLM","PstI.TP956101","11","6669","0.0625","0.5195","A"
"4","Trait5","FASTmrMLM","PstI.TP956432","11","6670","-0.0766","0.8916","A"
"4","Trait5","FASTmrMLM","PstI.TP956956","11","6671","-0.1661","0.9995","A"
"4","Trait5","FASTmrMLM","PstI.TP957265","11","6672","1.1262e-05","0.0025","C"
"4","Trait5","FASTmrMLM","PstI.TP957297","11","6673","-0.0447","0.3957","C"
"4","Trait5","FASTmrMLM","PstI.TP957477","11","6674","2.1329e-06","5e-04","C"
"4","Trait5","FASTmrMLM","PstI.TP957486","11","6675","0.1324","0.7965","A"
"4","Trait5","FASTmrMLM","PstI.TP957674","11","6676","-3.349e-08","7.2886e-06","A"
"4","Trait5","FASTmrMLM","PstI.TP958090","11","6679","-4.3249e-07","9.4129e-05","C"
"4","Trait5","FASTmrMLM","PstI.TP958319","11","6681","-0.1248","0.7792","A"
"4","Trait5","FASTmrMLM","PstI.TP958383","11","6682","0.0338","0.3911","A"
"4","Trait5","FASTmrMLM","PstI.TP958475","11","6683","3.0609e-05","0.0067","G"
"4","Trait5","FASTmrMLM","PstI.TP958641","11","6684","-0.1457","0.7209","C"
"4","Trait5","FASTmrMLM","PstI.TP959429","11","6686","1.0469e-05","0.0023","A"
"4","Trait5","FASTmrMLM","PstI.TP959839","11","6687","-2.207e-05","0.0048","C"
"4","Trait5","FASTmrMLM","PstI.TP960127","11","6688","-1.604e-06","3e-04","G"
"4","Trait5","FASTmrMLM","PstI.TP960827","11","6689","5.8259e-07","1e-04","G"
"4","Trait5","FASTmrMLM","PstI.TP961116","11","6690","0.2148","1.4413","A"
"4","Trait5","FASTmrMLM","PstI.TP961173","11","6691","1.1585e-05","0.0025","A"
"4","Trait5","FASTmrMLM","PstI.TP961505","11","6692","1.2754e-05","0.0028","A"
"4","Trait5","FASTmrMLM","PstI.TP961539","11","6693","-1.3892e-05","0.003","C"
"4","Trait5","FASTmrMLM","PstI.TP962162","11","6695","2.4622e-05","0.0054","A"
"4","Trait5","FASTmrMLM","PstI.TP962612","11","6697","4.8564e-06","0.0011","G"
"4","Trait5","FASTmrMLM","PstI.TP962915","11","6699","-1.8192e-06","4e-04","A"
"4","Trait5","FASTmrMLM","PstI.TP963456","11","6700","-4.5724e-05","0.0101","A"
"4","Trait5","FASTmrMLM","PstI.TP963526","11","6701","-1.6676e-06","4e-04","C"
"4","Trait5","FASTmrMLM","PstI.TP963828","11","6702","-1.9924e-06","4e-04","A"
"4","Trait5","FASTmrMLM","PstI.TP963885","11","6703","-0.061","0.7283","C"
"4","Trait5","FASTmrMLM","PstI.TP964136","11","6705","0.0117","0.1267","A"
"4","Trait5","FASTmrMLM","PstI.TP964857","11","6708","-2.2316e-06","5e-04","C"
"4","Trait5","FASTmrMLM","PstI.TP965300","11","6709","-0.0415","0.3499","G"
"4","Trait5","FASTmrMLM","PstI.TP965408","11","6710","-4.6125e-06","0.001","A"
"4","Trait5","FASTmrMLM","PstI.TP965846","11","6711","3.0606e-06","7e-04","C"
"4","Trait5","FASTmrMLM","PstI.TP966203","11","6712","3.0709e-05","0.0067","A"
"4","Trait5","FASTmrMLM","PstI.TP966266","11","6713","-2.7697e-05","0.0061","A"
"4","Trait5","FASTmrMLM","PstI.TP966405","11","6715","0.0294","0.276","C"
"4","Trait5","FASTmrMLM","PstI.TP967303","11","6716","-1.0527e-05","0.0023","C"
"4","Trait5","FASTmrMLM","PstI.TP967602","11","6717","2.9332e-05","0.0064","A"
"4","Trait5","FASTmrMLM","PstI.TP967817","11","6718","1.3546e-05","0.003","A"
"4","Trait5","FASTmrMLM","PstI.TP968085","11","6719","-9.4115e-06","0.0021","C"
"4","Trait5","FASTmrMLM","PstI.TP968217","11","6720","0.1197","0.475","A"
"4","Trait5","FASTmrMLM","PstI.TP968586","11","6721","3.6843e-05","0.0081","A"
"4","Trait5","FASTmrMLM","PstI.TP968740","11","6722","-0.0265","0.2083","A"
"4","Trait5","FASTmrMLM","PstI.TP969082","11","6723","-0.1155","0.9653","C"
"4","Trait5","FASTmrMLM","PstI.TP969110","11","6724","0.058","0.3888","C"
"4","Trait5","FASTmrMLM","PstI.TP969551","11","6727","-0.132","1.0115","C"
"4","Trait5","FASTmrMLM","PstI.TP969556","11","6728","-7.2698e-06","0.0016","C"
"4","Trait5","FASTmrMLM","PstI.TP969628","11","6729","-0.0427","0.2573","C"
"4","Trait5","FASTmrMLM","PstI.TP969692","11","6730","-1.2065e-05","0.0026","C"
"4","Trait5","FASTmrMLM","PstI.TP969694","11","6731","0.0681","0.8467","C"
"4","Trait5","FASTmrMLM","PstI.TP969736","11","6732","7.1946e-06","0.0016","A"
"4","Trait5","FASTmrMLM","PstI.TP969818","11","6733","2.414e-06","5e-04","G"
"4","Trait5","FASTmrMLM","PstI.TP970192","11","6735","1.2245e-05","0.0027","C"
"4","Trait5","FASTmrMLM","PstI.TP971132","11","6737","8.707e-05","0.0088","A"
"4","Trait5","FASTmrMLM","PstI.TP971148","11","6738","3.9139e-06","9e-04","C"
"4","Trait5","FASTmrMLM","PstI.TP971268","11","6739","0.0647","0.5803","C"
"4","Trait5","FASTmrMLM","PstI.TP971959","11","6742","-4.3232e-05","0.0095","A"
"4","Trait5","FASTmrMLM","PstI.TP971985","11","6743","0.0951","0.7459","C"
"4","Trait5","FASTmrMLM","PstI.TP972077","11","6744","-5.6879e-05","0.0126","C"
"4","Trait5","FASTmrMLM","PstI.TP972211","11","6745","1.6101e-05","0.0035","G"
"4","Trait5","FASTmrMLM","PstI.TP972614","11","6747","-0.0957","0.6747","C"
"4","Trait5","FASTmrMLM","PstI.TP972893","11","6749","-2.408e-05","0.0053","A"
"4","Trait5","FASTmrMLM","PstI.TP972948","11","6750","-5.0166e-06","0.0011","A"
"4","Trait5","FASTmrMLM","PstI.TP973620","11","6751","-7.56e-06","0.0016","C"
"4","Trait5","FASTmrMLM","PstI.TP974026","11","6753","1.4212e-05","0.0031","G"
"4","Trait5","FASTmrMLM","PstI.TP974291","11","6756","7.027e-06","0.0015","C"
"4","Trait5","FASTmrMLM","PstI.TP974381","11","6757","-1.1386e-05","0.0025","A"
"4","Trait5","FASTmrMLM","PstI.TP974500","11","6759","-1.0239e-05","0.0022","C"
"4","Trait5","FASTmrMLM","PstI.TP974653","11","6761","0.0427","0.3243","C"
"4","Trait5","FASTmrMLM","PstI.TP974703","11","6762","0.1891","0.6004","C"
"4","Trait5","FASTmrMLM","PstI.TP974799","11","6763","-1.3636e-05","0.003","C"
"4","Trait5","FASTmrMLM","PstI.TP974888","11","6764","0.0812","0.7379","A"
"4","Trait5","FASTmrMLM","PstI.TP975447","11","6767","-2.9472e-05","0.0065","A"
"4","Trait5","FASTmrMLM","PstI.TP975677","11","6768","-5.5317e-06","0.0012","C"
"4","Trait5","FASTmrMLM","PstI.TP975764","11","6770","-1.2559e-06","3e-04","C"
"4","Trait5","FASTmrMLM","PstI.TP976048","11","6771","1.9243e-05","0.0042","A"
"4","Trait5","FASTmrMLM","PstI.TP976164","11","6772","3.5662e-06","8e-04","A"
"4","Trait5","FASTmrMLM","PstI.TP976281","11","6773","1.6139e-05","0.0035","C"
"4","Trait5","FASTmrMLM","PstI.TP976336","11","6774","0.0672","0.6208","G"
"4","Trait5","FASTmrMLM","PstI.TP976552","11","6775","-0.1301","0.6745","C"
"4","Trait5","FASTmrMLM","PstI.TP976749","11","6776","1.8811e-06","4e-04","C"
"4","Trait5","FASTmrMLM","PstI.TP977109","11","6778","-1.2852e-05","0.0028","A"
"4","Trait5","FASTmrMLM","PstI.TP977165","11","6779","-0.1417","2.0109","A"
"4","Trait5","FASTmrMLM","PstI.TP977299","11","6780","-7.2185e-06","0.0016","A"
"4","Trait5","FASTmrMLM","PstI.TP977586","11","6781","5.7403e-06","0.0013","G"
"4","Trait5","FASTmrMLM","PstI.TP977688","11","6782","-4.0493e-05","0.0089","A"
"4","Trait5","FASTmrMLM","PstI.TP977751","11","6783","-0.1452","0.9532","C"
"4","Trait5","FASTmrMLM","PstI.TP977902","11","6784","-3.1249e-05","0.0069","A"
"4","Trait5","FASTmrMLM","PstI.TP978245","11","6785","9.4618e-06","0.0021","C"
"4","Trait5","FASTmrMLM","PstI.TP978433","11","6786","0.1412","0.7939","C"
"4","Trait5","FASTmrMLM","PstI.TP978874","11","6787","-0.057","0.6903","A"
"4","Trait5","FASTmrMLM","PstI.TP979528","11","6789","4.2454e-06","9e-04","A"
"4","Trait5","FASTmrMLM","PstI.TP979574","11","6790","9.1084e-06","0.002","A"
"4","Trait5","FASTmrMLM","PstI.TP979641","11","6791","-0.0507","0.3676","C"
"4","Trait5","FASTmrMLM","PstI.TP979656","11","6792","-0.0755","0.3712","C"
"4","Trait5","FASTmrMLM","PstI.TP980067","11","6793","0.1071","0.9811","C"
"4","Trait5","FASTmrMLM","PstI.TP980573","11","6795","-0.0197","0.2162","A"
"4","Trait5","FASTmrMLM","PstI.TP981003","11","6797","7.27e-06","0.0016","C"
"4","Trait5","FASTmrMLM","PstI.TP981187","11","6800","-0.0565","0.5741","C"
"4","Trait5","FASTmrMLM","PstI.TP981232","11","6801","-4.2055e-05","0.0093","C"
"4","Trait5","FASTmrMLM","PstI.TP981233","11","6802","7.2697e-06","0.0016","A"
"4","Trait5","FASTmrMLM","PstI.TP981237","11","6803","0.0754","0.59","A"
"4","Trait5","FASTmrMLM","PstI.TP981260","11","6804","1.6913e-06","4e-04","A"
"4","Trait5","FASTmrMLM","PstI.TP981538","11","6805","3.8416e-06","8e-04","A"
"4","Trait5","FASTmrMLM","PstI.TP981616","11","6807","1.8392e-05","0.004","A"
"4","Trait5","FASTmrMLM","PstI.TP981731","11","6808","0.2124","1.2955","A"
"4","Trait5","FASTmrMLM","PstI.TP982016","11","6809","0.0397","0.3062","A"
"4","Trait5","FASTmrMLM","PstI.TP982072","11","6810","1.4269e-05","0.0031","A"
"4","Trait5","FASTmrMLM","PstI.TP982074","11","6811","-0.0284","0.3057","A"
"4","Trait5","FASTmrMLM","PstI.TP982415","11","6812","4.3507e-05","0.0069","A"
"4","Trait5","FASTmrMLM","PstI.TP982419","11","6813","2.3546e-05","0.0052","A"
"4","Trait5","FASTmrMLM","PstI.TP982997","11","6817","-1.0401e-05","0.0023","A"
"4","Trait5","FASTmrMLM","PstI.TP983069","11","6818","5.1757e-07","1e-04","C"
"4","Trait5","FASTmrMLM","PstI.TP983538","11","6819","5.3634e-07","1e-04","A"
"4","Trait5","FASTmrMLM","PstI.TP983670","11","6820","-1.5479e-05","0.0034","G"
"4","Trait5","FASTmrMLM","PstI.TP983705","11","6821","0.308","0.8554","A"
"4","Trait5","FASTmrMLM","PstI.TP983709","11","6822","-8.0577e-06","0.0018","C"
"4","Trait5","FASTmrMLM","PstI.TP983948","11","6824","1.2928e-05","0.0028","A"
"4","Trait5","FASTmrMLM","PstI.TP983959","11","6825","1.0951e-05","0.0024","C"
"4","Trait5","FASTmrMLM","PstI.TP984199","11","6827","-1.9257e-07","4.1919e-05","C"
"4","Trait5","FASTmrMLM","PstI.TP984326","11","6828","-0.1155","1.0438","A"
"4","Trait5","FASTmrMLM","PstI.TP984391","11","6829","-2.8948e-05","0.0063","C"
"4","Trait5","FASTmrMLM","PstI.TP984537","11","6830","1.725e-05","0.0038","C"
"4","Trait5","FASTmrMLM","PstI.TP984618","11","6831","1.4097e-05","0.0031","C"
"4","Trait5","FASTmrMLM","PstI.TP984642","11","6832","1.6052e-05","0.0035","C"
"4","Trait5","FASTmrMLM","PstI.TP984907","11","6834","-1.8179e-06","4e-04","C"
"4","Trait5","FASTmrMLM","PstI.TP984923","11","6835","0.0696","0.4039","C"
"4","Trait5","FASTmrMLM","PstI.TP985047","11","6836","0.0226","0.3576","A"
"4","Trait5","FASTmrMLM","PstI.TP985069","11","6837","9.1801e-06","0.002","C"
"4","Trait5","FASTmrMLM","PstI.TP985404","11","6838","1.4592e-05","0.0032","A"
"4","Trait5","FASTmrMLM","PstI.TP985976","11","6839","-4.2924e-05","0.0094","C"
"4","Trait5","FASTmrMLM","PstI.TP986004","11","6840","0.0467","0.3784","A"
"4","Trait5","FASTmrMLM","PstI.TP986163","11","6841","0.1162","0.5841","A"
"4","Trait5","FASTmrMLM","PstI.TP986639","11","6842","-3.9253e-06","9e-04","A"
"4","Trait5","FASTmrMLM","PstI.TP987022","11","6844","7.7782e-05","0.0094","A"
"4","Trait5","FASTmrMLM","PstI.TP987102","11","6845","0.1317","0.6339","C"
"4","Trait5","FASTmrMLM","PstI.TP987105","11","6846","0.0452","0.2951","A"
"4","Trait5","FASTmrMLM","PstI.TP987266","11","6848","5.6488e-06","0.0012","A"
"4","Trait5","FASTmrMLM","PstI.TP987403","11","6850","1.3728e-05","0.003","C"
"4","Trait5","FASTmrMLM","PstI.TP987500","11","6851","-0.3057","1.7222","A"
"4","Trait5","FASTmrMLM","PstI.TP987594","11","6852","-0.0431","0.2364","A"
"4","Trait5","FASTmrMLM","PstI.TP987709","11","6853","6.8157e-06","0.0015","A"
"4","Trait5","FASTmrMLM","PstI.TP987840","11","6854","-1.0187e-05","0.0022","C"
"4","Trait5","FASTmrMLM","PstI.TP987853","11","6855","-2.6496e-06","6e-04","C"
"4","Trait5","FASTmrMLM","PstI.TP987941","11","6857","-2.8117e-05","0.0062","A"
"4","Trait5","FASTmrMLM","PstI.TP987977","11","6858","-0.1649","1.0345","A"
"4","Trait5","FASTmrMLM","PstI.TP988015","11","6859","-2.3758e-06","5e-04","G"
"4","Trait5","FASTmrMLM","PstI.TP988112","11","6860","1.9378e-05","0.0042","C"
"4","Trait5","FASTmrMLM","PstI.TP988228","11","6862","0.0984","0.723","C"
"4","Trait5","FASTmrMLM","PstI.TP988377","11","6864","0.0296","0.3258","C"
"4","Trait5","FASTmrMLM","PstI.TP988557","11","6865","0.0533","0.2429","A"
"4","Trait5","FASTmrMLM","PstI.TP988806","11","6866","0.026","0.1536","A"
"4","Trait5","FASTmrMLM","PstI.TP988870","11","6867","-0.1217","0.8373","C"
"4","Trait5","FASTmrMLM","PstI.TP989055","11","6869","-1.6359e-05","0.0036","C"
"4","Trait5","FASTmrMLM","PstI.TP989136","11","6871","0.0551","0.377","A"
"4","Trait5","FASTmrMLM","PstI.TP989364","11","6872","-0.027","0.3083","A"
"4","Trait5","FASTmrMLM","PstI.TP989410","11","6873","-1.2108e-05","0.0026","C"
"4","Trait5","FASTmrMLM","PstI.TP989816","11","6875","7.0045e-06","0.0015","C"
"4","Trait5","FASTmrMLM","PstI.TP989912","11","6876","3.5202e-05","0.0077","A"
"4","Trait5","FASTmrMLM","PstI.TP990339","11","6877","-0.0228","0.1836","A"
"4","Trait5","FASTmrMLM","PstI.TP990482","11","6879","-3.8783e-05","0.0085","A"
"4","Trait5","FASTmrMLM","PstI.TP990802","11","6881","0.0126","0.1604","A"
"4","Trait5","FASTmrMLM","PstI.TP990845","11","6882","-4.0697e-05","0.009","C"
"4","Trait5","FASTmrMLM","PstI.TP991026","11","6883","0.1188","0.9416","A"
"4","Trait5","FASTmrMLM","PstI.TP991542","11","6885","-1.6737e-06","4e-04","A"
"4","Trait5","FASTmrMLM","PstI.TP991685","11","6886","1.5713e-05","0.0034","A"
"4","Trait5","FASTmrMLM","PstI.TP991776","11","6887","1.9589e-05","0.0043","A"
"4","Trait5","FASTmrMLM","PstI.TP991811","11","6888","-0.0526","0.5657","C"
"4","Trait5","FASTmrMLM","PstI.TP991967","11","6890","-2.7943e-06","6e-04","C"
"4","Trait5","FASTmrMLM","PstI.TP992343","11","6891","-2.5188e-06","5e-04","G"
"4","Trait5","FASTmrMLM","PstI.TP992537","11","6892","0.0463","0.486","C"
"4","Trait5","FASTmrMLM","PstI.TP992836","11","6894","-2.0386e-05","0.0045","A"
"4","Trait5","FASTmrMLM","PstI.TP992848","11","6895","-0.0738","0.3481","A"
"4","Trait5","FASTmrMLM","PstI.TP992870","11","6896","-2.0208e-05","0.0044","C"
"4","Trait5","FASTmrMLM","PstI.TP993455","11","6897","1.3332e-05","0.0029","A"
"4","Trait5","FASTmrMLM","PstI.TP993457","11","6898","2.3233e-05","0.0051","C"
"4","Trait5","FASTmrMLM","PstI.TP993881","11","6902","0.0929","0.6884","C"
"4","Trait5","FASTmrMLM","PstI.TP993934","11","6903","3.1785e-05","0.007","C"
"4","Trait5","FASTmrMLM","PstI.TP994472","11","6904","2.3408e-05","0.0051","G"
"4","Trait5","FASTmrMLM","PstI.TP994523","11","6906","-0.2116","1.2459","A"
"4","Trait5","FASTmrMLM","PstI.TP995075","11","6910","-6.4586e-06","0.0014","A"
"4","Trait5","FASTmrMLM","PstI.TP995115","11","6911","0.0252","0.3237","C"
"4","Trait5","FASTmrMLM","PstI.TP995219","11","6912","3.0808e-06","7e-04","A"
"4","Trait5","FASTmrMLM","PstI.TP995845","11","6913","-0.0688","0.7033","C"
"4","Trait5","FASTmrMLM","PstI.TP996140","11","6915","-4.0644e-06","9e-04","A"
"4","Trait5","FASTmrMLM","PstI.TP996314","11","6916","0.1002","0.502","A"
"4","Trait5","FASTmrMLM","PstI.TP996550","11","6917","3.4819e-06","8e-04","C"
"4","Trait5","FASTmrMLM","PstI.TP996642","11","6918","0.0462","0.4844","A"
"4","Trait5","FASTmrMLM","PstI.TP996740","11","6919","4.3375e-06","9e-04","A"
"4","Trait5","FASTmrMLM","PstI.TP996826","11","6920","-0.1866","1.1768","A"
"4","Trait5","FASTmrMLM","PstI.TP996866","11","6921","5.7217e-06","0.0012","A"
"4","Trait5","FASTmrMLM","PstI.TP996907","11","6923","4.2026e-06","9e-04","C"
"4","Trait5","FASTmrMLM","PstI.TP996918","11","6924","-1.9825e-05","0.0043","A"
"4","Trait5","FASTmrMLM","PstI.TP997319","11","6927","8.7048e-06","0.0019","C"
"4","Trait5","FASTmrMLM","PstI.TP997350","11","6928","-0.1617","1.5799","C"
"4","Trait5","FASTmrMLM","PstI.TP997362","11","6929","-1.438e-05","0.0031","C"
"4","Trait5","FASTmrMLM","PstI.TP997548","11","6930","-1.0889e-05","0.0024","C"
"4","Trait5","FASTmrMLM","PstI.TP997573","11","6931","1.3466e-05","0.0029","A"
"4","Trait5","FASTmrMLM","PstI.TP998433","11","6937","0.0521","0.3631","A"
"4","Trait5","FASTmrMLM","PstI.TP998695","11","6938","-9.977e-06","0.0022","A"
"4","Trait5","FASTmrMLM","PstI.TP998730","11","6939","0.0287","0.2784","A"
"4","Trait5","FASTmrMLM","PstI.TP998778","11","6940","-0.0244","0.2131","C"
"4","Trait5","FASTmrMLM","PstI.TP999288","11","6941","7.635e-05","0.0085","A"
"4","Trait5","FASTmrMLM","PstI.TP999446","11","6942","-0.2154","0.624","C"
"4","Trait5","FASTmrMLM","PstI.TP999920","11","6944","1.4914e-05","0.0033","C"
"4","Trait5","FASTmrMLM","PstI.TP1000030","11","6945","2.4934e-05","0.0055","C"
"4","Trait5","FASTmrMLM","PstI.TP1000304","11","6947","2.5173e-05","0.0055","C"
"4","Trait5","FASTmrMLM","PstI.TP1000430","11","6948","-0.1149","0.8111","G"
"4","Trait5","FASTmrMLM","PstI.TP1000463","11","6949","0.0158","0.1795","A"
"4","Trait5","FASTmrMLM","PstI.TP1000498","11","6950","1.7112e-06","4e-04","A"
"4","Trait5","FASTmrMLM","PstI.TP1000868","11","6952","3.0837e-05","0.0068","C"
"4","Trait5","FASTmrMLM","PstI.TP1001272","11","6954","6.02e-06","0.0013","A"
"4","Trait5","FASTmrMLM","PstI.TP1001888","11","6955","3.2096e-06","7e-04","G"
"4","Trait5","FASTmrMLM","PstI.TP1002094","11","6956","0.1309","1.4789","C"
"4","Trait5","FASTmrMLM","PstI.TP1002457","11","6957","-1.6395e-05","0.0036","A"
"4","Trait5","FASTmrMLM","PstI.TP1002539","11","6958","-0.1388","0.6611","A"
"4","Trait5","FASTmrMLM","PstI.TP1002850","11","6959","-4.2405e-06","9e-04","G"
"4","Trait5","FASTmrMLM","PstI.TP1003200","11","6960","-4.8728e-05","0.0078","A"
"4","Trait5","FASTmrMLM","PstI.TP1003385","11","6961","5.7039e-07","1e-04","C"
"4","Trait5","FASTmrMLM","PstI.TP1003529","11","6963","1.9497e-06","4e-04","C"
"4","Trait5","FASTmrMLM","PstI.TP1003919","11","6966","4.7357e-06","0.001","A"
"4","Trait5","FASTmrMLM","PstI.TP1004013","11","6967","1.4427e-05","0.0032","A"
"4","Trait5","FASTmrMLM","PstI.TP1004016","11","6968","8.6968e-06","0.0019","A"
"4","Trait5","FASTmrMLM","PstI.TP1004876","11","6970","-1.6793e-05","0.0037","C"
"4","Trait5","FASTmrMLM","PstI.TP1005058","11","6971","-1.6971e-05","0.0037","C"
"4","Trait5","FASTmrMLM","PstI.TP1005750","11","6973","1.915e-05","0.0042","C"
"4","Trait5","FASTmrMLM","PstI.TP1006432","11","6974","-6.3541e-06","0.0014","G"
"4","Trait5","FASTmrMLM","PstI.TP1006590","11","6975","-0.0898","0.5125","A"
"4","Trait5","FASTmrMLM","PstI.TP1006806","11","6976","3.2947e-05","0.0072","C"
"4","Trait5","FASTmrMLM","PstI.TP1007075","11","6980","-0.0279","0.1984","A"
"4","Trait5","FASTmrMLM","PstI.TP1007102","11","6981","4.9458e-06","0.0011","C"
"4","Trait5","FASTmrMLM","PstI.TP1007306","11","6982","-0.0396","0.2763","G"
"4","Trait5","FASTmrMLM","PstI.TP1007648","11","6984","2.9156e-05","0.0064","G"
"4","Trait5","FASTmrMLM","PstI.TP1007773","11","6986","1.4714e-05","0.0032","C"
"4","Trait5","FASTmrMLM","PstI.TP1007862","11","6987","5.2706e-07","1e-04","C"
"4","Trait5","FASTmrMLM","PstI.TP1008094","11","6988","-0.2657","1.4051","A"
"4","Trait5","FASTmrMLM","PstI.TP1008549","11","6990","-1.9629e-05","0.0043","A"
"4","Trait5","FASTmrMLM","PstI.TP1008688","11","6993","1.6703e-05","0.0037","C"
"4","Trait5","FASTmrMLM","PstI.TP1008843","11","6994","6.9149e-06","0.0015","C"
"4","Trait5","FASTmrMLM","PstI.TP1008887","11","6995","-0.1773","1.004","A"
"4","Trait5","FASTmrMLM","PstI.TP1009078","11","6996","0.1877","1.8214","A"
"4","Trait5","FASTmrMLM","PstI.TP1009395","11","6997","-0.0737","0.4872","C"
"4","Trait5","FASTmrMLM","PstI.TP1009440","11","7000","-3.9744e-08","8.6494e-06","C"
"4","Trait5","FASTmrMLM","PstI.TP1009452","11","7001","-0.0124","0.1403","C"
"4","Trait5","FASTmrMLM","PstI.TP1009550","11","7002","-2.2942e-05","0.005","C"
"4","Trait5","FASTmrMLM","PstI.TP1009573","11","7003","9.7394e-07","2e-04","A"
"4","Trait5","FASTmrMLM","PstI.TP1009665","11","7004","-0.1148","0.6036","A"
"4","Trait5","FASTmrMLM","PstI.TP1009755","11","7005","-0.1569","0.6969","A"
"4","Trait5","FASTmrMLM","PstI.TP1009802","11","7006","-0.1881","0.7363","A"
"4","Trait5","FASTmrMLM","PstI.TP1009864","11","7007","-1.8067e-05","0.0039","A"
"4","Trait5","FASTmrMLM","PstI.TP1009966","11","7008","4.5164e-06","0.001","A"
"4","Trait5","FASTmrMLM","PstI.TP1010032","11","7010","3.2654e-06","7e-04","A"
"4","Trait5","FASTmrMLM","PstI.TP1010043","11","7011","0.0858","0.4386","A"
"4","Trait5","FASTmrMLM","PstI.TP1010077","11","7013","-3.9631e-06","9e-04","C"
"4","Trait5","FASTmrMLM","PstI.TP1010266","11","7015","0.0607","0.7123","C"
"4","Trait5","FASTmrMLM","PstI.TP1010359","11","7016","-3.5769e-05","0.0079","C"
"4","Trait5","FASTmrMLM","PstI.TP1010376","11","7017","-0.0533","0.5573","C"
"4","Trait5","FASTmrMLM","PstI.TP1010464","11","7018","-9.1375e-06","0.002","A"
"4","Trait5","FASTmrMLM","PstI.TP1010988","11","7019","4.1985e-05","0.0092","A"
"4","Trait5","FASTmrMLM","PstI.TP1011171","11","7020","-3.2527e-05","0.0071","A"
"4","Trait5","FASTmrMLM","PstI.TP1011747","11","7021","1.2974e-05","0.0028","A"
"4","Trait5","FASTmrMLM","PstI.TP1012432","11","7025","-9.9823e-06","0.0022","C"
"4","Trait5","FASTmrMLM","PstI.TP1012704","11","7027","2.0285e-05","0.0044","A"
"4","Trait5","FASTmrMLM","PstI.TP1012859","11","7028","-1.9257e-05","0.0042","A"
"4","Trait5","FASTmrMLM","PstI.TP1013438","11","7029","5.5083e-06","0.0012","C"
"4","Trait5","FASTmrMLM","PstI.TP1013445","11","7030","3.7052e-05","0.0081","C"
"4","Trait5","FASTmrMLM","PstI.TP1013455","11","7031","1.5323e-05","0.0033","A"
"4","Trait5","FASTmrMLM","PstI.TP1013797","11","7033","-0.0329","0.4818","A"
"4","Trait5","FASTmrMLM","PstI.TP1013956","11","7037","-2.8661e-06","6e-04","A"
"4","Trait5","FASTmrMLM","PstI.TP1014052","11","7038","3.7875e-06","8e-04","C"
"4","Trait5","FASTmrMLM","PstI.TP1014150","11","7039","-9.87e-06","0.0022","A"
"4","Trait5","FASTmrMLM","PstI.TP1014210","11","7040","2.1021e-05","0.0046","A"
"4","Trait5","FASTmrMLM","PstI.TP1014489","11","7043","4.1432e-05","0.0091","G"
"4","Trait5","FASTmrMLM","PstI.TP1014541","11","7044","0.1251","1.1217","A"
"4","Trait5","FASTmrMLM","PstI.TP1015078","11","7047","-0.0945","0.4942","A"
"4","Trait5","FASTmrMLM","PstI.TP1015225","11","7048","-8.5025e-06","0.0019","C"
"4","Trait5","FASTmrMLM","PstI.TP1015748","11","7049","0.1271","1.4","A"
"4","Trait5","FASTmrMLM","PstI.TP1015896","11","7050","-0.1166","0.6545","C"
"4","Trait5","FASTmrMLM","PstI.TP1015910","11","7051","-2.3109e-05","0.0051","C"
"4","Trait5","FASTmrMLM","PstI.TP1015929","11","7052","-1.9926e-05","0.0044","C"
"4","Trait5","FASTmrMLM","PstI.TP1016155","11","7054","-1.6208e-05","0.0035","C"
"4","Trait5","FASTmrMLM","PstI.TP1016212","11","7055","-1.1199e-05","0.0024","C"
"4","Trait5","FASTmrMLM","PstI.TP1016675","11","7059","1.0934e-05","0.0024","G"
"4","Trait5","FASTmrMLM","PstI.TP1016686","11","7060","4.3827e-06","0.001","C"
"4","Trait5","FASTmrMLM","PstI.TP1016825","11","7061","-8.7843e-06","0.0019","G"
"4","Trait5","FASTmrMLM","PstI.TP1016955","11","7062","2.1622e-05","0.0047","C"
"4","Trait5","FASTmrMLM","PstI.TP1017446","11","7063","1.0024e-05","0.0022","C"
"4","Trait5","FASTmrMLM","PstI.TP1017641","11","7064","-7.7635e-06","0.0017","G"
"4","Trait5","FASTmrMLM","PstI.TP1017741","11","7066","-1.8816e-05","0.0041","C"
"4","Trait5","FASTmrMLM","PstI.TP1017750","11","7067","1.8842e-05","0.0041","A"
"4","Trait5","FASTmrMLM","PstI.TP1018027","11","7068","0.0797","0.5596","A"
"4","Trait5","FASTmrMLM","PstI.TP1018063","11","7069","-5.7296e-06","0.0012","G"
"4","Trait5","FASTmrMLM","PstI.TP1019197","11","7072","0.2309","1.1175","C"
"4","Trait5","FASTmrMLM","PstI.TP1019450","11","7074","1.3436e-05","0.0029","C"
"4","Trait5","FASTmrMLM","PstI.TP1019805","11","7075","4.9654e-06","0.0011","A"
"4","Trait5","FASTmrMLM","PstI.TP1020074","11","7077","1.366e-06","3e-04","C"
"4","Trait5","FASTmrMLM","PstI.TP1020545","11","7078","3.8326e-05","0.0084","A"
"4","Trait5","FASTmrMLM","PstI.TP1020623","11","7079","-2.4696e-05","0.0054","A"
"4","Trait5","FASTmrMLM","PstI.TP1021103","11","7082","2.0589e-05","0.0045","A"
"4","Trait5","FASTmrMLM","PstI.TP1021151","11","7083","0.0746","0.4772","A"
"4","Trait5","FASTmrMLM","PstI.TP1021221","11","7084","2.3195e-05","0.0051","C"
"4","Trait5","FASTmrMLM","PstI.TP1021330","11","7085","-1.4904e-05","0.0033","A"
"4","Trait5","FASTmrMLM","PstI.TP1021441","11","7086","-9.9928e-06","0.0022","C"
"4","Trait5","FASTmrMLM","PstI.TP1021581","11","7088","-3.5493e-05","0.0078","A"
"4","Trait5","FASTmrMLM","PstI.TP1021814","11","7090","0.0811","0.9995","C"
"4","Trait5","FASTmrMLM","PstI.TP1021828","11","7091","-1.4667e-05","0.0032","A"
"4","Trait5","FASTmrMLM","PstI.TP1022071","11","7092","-1.343e-05","0.0029","A"
"4","Trait5","FASTmrMLM","PstI.TP1022098","11","7094","2.112e-05","0.0046","A"
"4","Trait5","FASTmrMLM","PstI.TP1022497","11","7096","1.0738e-05","0.0023","G"
"4","Trait5","FASTmrMLM","PstI.TP1022626","11","7097","0.1314","0.6853","C"
"4","Trait5","FASTmrMLM","PstI.TP1022713","11","7099","1.3167e-05","0.0029","A"
"4","Trait5","FASTmrMLM","PstI.TP1022770","11","7100","0.1698","1.5938","A"
"4","Trait5","FASTmrMLM","PstI.TP1022872","11","7101","4.1859e-06","9e-04","C"
"4","Trait5","FASTmrMLM","PstI.TP1023028","11","7103","-3e-04","0.0165","A"
"4","Trait5","FASTmrMLM","PstI.TP1023146","11","7104","0.18","1.0437","A"
"4","Trait5","FASTmrMLM","PstI.TP1023354","11","7106","-0.0086","0.1657","A"
"4","Trait5","FASTmrMLM","PstI.TP1023458","11","7107","-3.044e-05","0.0067","G"
"4","Trait5","FASTmrMLM","PstI.TP1023721","11","7108","-1.5498e-05","0.0034","A"
"4","Trait5","FASTmrMLM","PstI.TP1023748","11","7109","-1.075e-05","0.0023","C"
"4","Trait5","FASTmrMLM","PstI.TP1023758","11","7110","-0.0202","0.2629","C"
"4","Trait5","FASTmrMLM","PstI.TP1023787","11","7111","-0.1174","0.6132","A"
"4","Trait5","FASTmrMLM","PstI.TP1023809","11","7112","0.0541","0.5366","C"
"4","Trait5","FASTmrMLM","PstI.TP1024109","11","7113","0.0892","0.4219","C"
"4","Trait5","FASTmrMLM","PstI.TP1024688","11","7115","-1.542e-06","3e-04","C"
"4","Trait5","FASTmrMLM","PstI.TP1024938","11","7117","2.8033e-05","0.0061","C"
"4","Trait5","FASTmrMLM","PstI.TP1025082","11","7118","2.4107e-05","0.0053","C"
"4","Trait5","FASTmrMLM","PstI.TP1025367","11","7121","-0.053","0.6267","C"
"4","Trait5","FASTmrMLM","PstI.TP1025387","11","7122","3.9276e-06","9e-04","C"
"4","Trait5","FASTmrMLM","PstI.TP1025405","11","7123","-6.1383e-06","0.0013","C"
"4","Trait5","FASTmrMLM","PstI.TP1025425","11","7124","0.0332","0.3689","A"
"4","Trait5","FASTmrMLM","PstI.TP1025493","11","7125","0.0654","0.3402","A"
"4","Trait5","FASTmrMLM","PstI.TP1025656","11","7127","-2.8692e-05","0.0063","C"
"4","Trait5","FASTmrMLM","PstI.TP1025746","11","7128","-0.1082","1.2498","C"
"4","Trait5","FASTmrMLM","PstI.TP1026261","11","7130","-1.1571e-05","0.0025","A"
"4","Trait5","FASTmrMLM","PstI.TP1026367","11","7131","3.5901e-06","8e-04","C"
"4","Trait5","FASTmrMLM","PstI.TP1026724","11","7132","-1.4057e-05","0.0031","C"
"4","Trait5","FASTmrMLM","PstI.TP1026763","11","7133","-0.0196","0.2028","C"
"4","Trait5","FASTmrMLM","PstI.TP1026818","11","7134","-0.1172","1.1628","A"
"4","Trait5","FASTmrMLM","PstI.TP1026837","11","7135","-3.574e-05","0.0078","C"
"4","Trait5","FASTmrMLM","PstI.TP1026873","11","7136","6.0716e-06","0.0013","A"
"4","Trait5","FASTmrMLM","PstI.TP1026958","11","7137","-3.2628e-05","0.0072","A"
"4","Trait5","FASTmrMLM","PstI.TP1027140","11","7140","0.1226","0.5411","A"
"4","Trait5","FASTmrMLM","PstI.TP1027354","11","7141","1.172e-05","0.0026","C"
"4","Trait5","FASTmrMLM","PstI.TP1027384","11","7142","3.2485e-05","0.0071","A"
"4","Trait5","FASTmrMLM","PstI.TP1027402","11","7143","-7.4542e-07","2e-04","C"
"4","Trait5","FASTmrMLM","PstI.TP1027663","11","7144","-7.7521e-06","0.0017","A"
"4","Trait5","FASTmrMLM","PstI.TP1027664","11","7145","-2.7996e-06","6e-04","A"
"4","Trait5","FASTmrMLM","PstI.TP1027676","11","7146","-6.2418e-06","0.0014","C"
"4","Trait5","FASTmrMLM","PstI.TP1027760","11","7147","9.0548e-07","2e-04","A"
"4","Trait5","FASTmrMLM","PstI.TP1027831","11","7148","1.7025e-05","0.0037","A"
"4","Trait5","FASTmrMLM","PstI.TP1027970","11","7149","4.5589e-06","0.001","C"
"4","Trait5","FASTmrMLM","PstI.TP1028005","11","7150","1.201e-05","0.0026","G"
"4","Trait5","FASTmrMLM","PstI.TP1028179","11","7151","7.0988e-06","0.0015","A"
"4","Trait5","FASTmrMLM","PstI.TP1028718","11","7152","-1.384e-05","0.003","A"
"4","Trait5","FASTmrMLM","PstI.TP1028942","11","7153","-1.9797e-05","0.0043","A"
"4","Trait5","FASTmrMLM","PstI.TP1029157","11","7154","-0.0449","0.4108","C"
"4","Trait5","FASTmrMLM","PstI.TP1029228","11","7155","-1.9438e-05","0.0043","C"
"4","Trait5","FASTmrMLM","PstI.TP1029531","11","7156","1.9278e-05","0.0042","A"
"4","Trait5","FASTmrMLM","PstI.TP1029642","11","7158","-1e-04","0.0107","C"
"4","Trait5","FASTmrMLM","PstI.TP1029808","11","7159","-0.2782","1.9332","C"
"4","Trait5","FASTmrMLM","PstI.TP1030085","11","7161","-4.5481e-05","0.01","C"
"4","Trait5","FASTmrMLM","PstI.TP1030382","11","7163","-1.1223e-05","0.0024","A"
"4","Trait5","FASTmrMLM","PstI.TP1030502","11","7164","0.2467","1.5036","C"
"4","Trait5","FASTmrMLM","PstI.TP1030531","11","7165","0.0906","1.1308","A"
"4","Trait5","FASTmrMLM","PstI.TP1030559","11","7166","3.824e-06","8e-04","C"
"4","Trait5","FASTmrMLM","PstI.TP1031387","11","7167","3.3011e-06","7e-04","A"
"4","Trait5","FASTmrMLM","PstI.TP1031412","11","7168","-4e-04","0.0176","A"
"4","Trait5","FASTmrMLM","PstI.TP1031456","11","7169","2.0189e-05","0.0044","C"
"4","Trait5","FASTmrMLM","PstI.TP1031770","11","7170","-2.3339e-05","0.0051","A"
"4","Trait5","FASTmrMLM","PstI.TP1032241","11","7171","8.5269e-06","0.0019","C"
"4","Trait5","FASTmrMLM","PstI.TP1032344","11","7173","-1.4648e-05","0.0032","A"
"4","Trait5","FASTmrMLM","PstI.TP1032370","11","7175","0.0278","0.3748","C"
"4","Trait5","FASTmrMLM","PstI.TP1033001","11","7176","0.0625","0.5005","A"
"4","Trait5","FASTmrMLM","PstI.TP1033004","11","7177","-2.7911e-07","6.0741e-05","A"
"4","Trait5","FASTmrMLM","PstI.TP1033215","11","7179","-0.0555","0.4239","A"
"4","Trait5","FASTmrMLM","PstI.TP1033471","11","7180","-2.6487e-05","0.0058","C"
"4","Trait5","FASTmrMLM","PstI.TP1033706","11","7181","0.0419","0.4607","A"
"4","Trait5","FASTmrMLM","PstI.TP1033768","11","7182","0.0768","0.4324","A"
"4","Trait5","FASTmrMLM","PstI.TP1033896","11","7183","5.5687e-06","0.0012","C"
"4","Trait5","FASTmrMLM","PstI.TP1033987","11","7184","-1.0921e-05","0.0024","C"
"4","Trait5","FASTmrMLM","PstI.TP1034819","11","7187","-3.06e-05","0.0067","C"
"4","Trait5","FASTmrMLM","PstI.TP1034905","11","7188","7.9939e-06","0.0017","A"
"4","Trait5","FASTmrMLM","PstI.TP1035165","11","7190","2.8043e-06","6e-04","A"
"4","Trait5","FASTmrMLM","PstI.TP1035561","11","7191","0.0823","0.6038","C"
"4","Trait5","FASTmrMLM","PstI.TP1035639","11","7192","6.2947e-07","1e-04","A"
"4","Trait5","FASTmrMLM","PstI.TP1035870","11","7195","-1.2079e-06","3e-04","G"
"4","Trait5","FASTmrMLM","PstI.TP1035906","11","7196","0.0484","0.6817","A"
"4","Trait5","FASTmrMLM","PstI.TP1036421","11","7197","0.0347","0.3861","A"
"4","Trait5","FASTmrMLM","PstI.TP1036707","11","7198","2.7447e-05","0.006","A"
"4","Trait5","FASTmrMLM","PstI.TP1036910","11","7200","0.0133","0.2255","A"
"4","Trait5","FASTmrMLM","PstI.TP1036997","11","7201","-1.2772e-05","0.0028","A"
"4","Trait5","FASTmrMLM","PstI.TP1036999","11","7202","2.1126e-05","0.0046","A"
"4","Trait5","FASTmrMLM","PstI.TP1037009","11","7203","-1.2639e-05","0.0028","A"
"4","Trait5","FASTmrMLM","PstI.TP1037084","11","7204","1.4042e-05","0.0031","A"
"4","Trait5","FASTmrMLM","PstI.TP1037387","11","7205","8.6876e-06","0.0019","A"
"4","Trait5","FASTmrMLM","PstI.TP1037440","11","7206","-0.0411","0.4311","C"
"4","Trait5","FASTmrMLM","PstI.TP1037500","11","7207","1.0495e-05","0.0023","C"
"4","Trait5","FASTmrMLM","PstI.TP1038124","11","7209","0.1191","1.0006","C"
"4","Trait5","FASTmrMLM","PstI.TP1038131","11","7210","2.1799e-05","0.0048","C"
"4","Trait5","FASTmrMLM","PstI.TP1038157","11","7211","5.5428e-06","0.0012","C"
"4","Trait5","FASTmrMLM","PstI.TP1038708","11","7212","-8.7064e-06","0.0019","A"
"4","Trait5","FASTmrMLM","PstI.TP1038719","11","7213","-2.2827e-06","5e-04","C"
"4","Trait5","FASTmrMLM","PstI.TP1038914","11","7214","3.4744e-07","7.5624e-05","C"
"4","Trait5","FASTmrMLM","PstI.TP1038955","11","7215","-0.0558","0.7461","C"
"4","Trait5","FASTmrMLM","PstI.TP1039573","11","7216","-1.1028e-05","0.0024","C"
"4","Trait5","FASTmrMLM","PstI.TP1039604","11","7217","-0.1221","0.8308","A"
"4","Trait5","FASTmrMLM","PstI.TP1040229","11","7220","-1.1623e-05","0.0025","C"
"4","Trait5","FASTmrMLM","PstI.TP1040358","11","7221","-3.8124e-08","8.2963e-06","C"
"4","Trait5","FASTmrMLM","PstI.TP1040856","11","7222","3.4014e-06","7e-04","C"
"4","Trait5","FASTmrMLM","PstI.TP1040866","11","7223","5.471e-06","0.0012","A"
"4","Trait5","FASTmrMLM","PstI.TP1041336","11","7225","7.3833e-06","0.0016","G"
"4","Trait5","FASTmrMLM","PstI.TP1041394","11","7226","3.6384e-05","0.008","C"
"4","Trait5","FASTmrMLM","PstI.TP1041422","11","7227","0.0271","0.3","A"
"4","Trait5","FASTmrMLM","PstI.TP1041609","11","7228","4.1387e-05","0.0091","A"
"4","Trait5","FASTmrMLM","PstI.TP1041693","11","7229","9.4658e-06","0.0021","A"
"4","Trait5","FASTmrMLM","PstI.TP1042065","11","7230","-2.364e-05","0.0052","A"
"4","Trait5","FASTmrMLM","PstI.TP1042290","11","7231","7.1373e-06","0.0016","A"
"4","Trait5","FASTmrMLM","PstI.TP1042298","11","7232","-3.7226e-06","8e-04","C"
"4","Trait5","FASTmrMLM","PstI.TP1042354","11","7233","9.8116e-06","0.0021","A"
"4","Trait5","FASTmrMLM","PstI.TP1042699","11","7234","-0.0461","0.3585","A"
"4","Trait5","FASTmrMLM","PstI.TP1042742","11","7236","-2.906e-05","0.0064","C"
"4","Trait5","FASTmrMLM","PstI.TP1042791","11","7237","1.7297e-05","0.0038","C"
"4","Trait5","FASTmrMLM","PstI.TP1043030","11","7238","-0.0634","0.4984","A"
"4","Trait5","FASTmrMLM","PstI.TP1043051","11","7239","-2.2874e-06","5e-04","A"
"4","Trait5","FASTmrMLM","PstI.TP1043165","11","7240","9.7187e-06","0.0021","G"
"4","Trait5","FASTmrMLM","PstI.TP1043424","11","7241","2.538e-05","0.0056","C"
"4","Trait5","FASTmrMLM","PstI.TP1043657","11","7242","2.3356e-05","0.0051","A"
"4","Trait5","FASTmrMLM","PstI.TP1043746","11","7243","-0.0961","0.4407","A"
"4","Trait5","FASTmrMLM","PstI.TP1043749","11","7244","1.1013e-05","0.0024","G"
"4","Trait5","FASTmrMLM","PstI.TP1044116","11","7245","-0.0507","0.2959","A"
"4","Trait5","FASTmrMLM","PstI.TP1044200","11","7246","2.3788e-05","0.0052","A"
"4","Trait5","FASTmrMLM","PstI.TP1044258","11","7247","1.9956e-05","0.0044","A"
"4","Trait5","FASTmrMLM","PstI.TP1044428","11","7248","-6.6031e-06","0.0014","C"
"4","Trait5","FASTmrMLM","PstI.TP1044618","11","7249","-0.166","1.0065","A"
"4","Trait5","FASTmrMLM","PstI.TP1044744","11","7252","2.5505e-05","0.0056","A"
"4","Trait5","FASTmrMLM","PstI.TP1044757","11","7253","2.4108e-06","5e-04","G"
"4","Trait5","FASTmrMLM","PstI.TP1045319","11","7255","-0.0578","0.5817","A"
"4","Trait5","FASTmrMLM","PstI.TP1045835","11","7256","3.3243e-06","7e-04","C"
"4","Trait5","FASTmrMLM","PstI.TP1045837","11","7257","7.9328e-06","0.0017","C"
"4","Trait5","FASTmrMLM","PstI.TP1046021","11","7259","-5.5022e-06","0.0012","A"
"4","Trait5","FASTmrMLM","PstI.TP1046468","11","7261","-1.6183e-05","0.0035","A"
"4","Trait5","FASTmrMLM","PstI.TP1046722","11","7262","-1.6211e-05","0.0035","C"
"4","Trait5","FASTmrMLM","PstI.TP1046792","11","7263","1.4853e-05","0.0032","G"
"4","Trait5","FASTmrMLM","PstI.TP1046877","11","7265","-9.4289e-06","0.0021","G"
"4","Trait5","FASTmrMLM","PstI.TP1047121","11","7266","2e-04","0.0133","A"
"4","Trait5","FASTmrMLM","PstI.TP1047221","11","7267","-4.2395e-05","0.0072","A"
"4","Trait5","FASTmrMLM","PstI.TP1047326","11","7268","0.0709","0.6148","A"
"4","Trait5","FASTmrMLM","PstI.TP1047379","11","7269","-0.0484","0.5745","C"
"4","Trait5","FASTmrMLM","PstI.TP1047434","11","7270","-4.4452e-05","0.0098","A"
"4","Trait5","FASTmrMLM","PstI.TP1047608","11","7271","-0.113","0.735","A"
"4","Trait5","FASTmrMLM","PstI.TP1047764","11","7272","-0.0117","0.1346","A"
"4","Trait5","FASTmrMLM","PstI.TP1047925","11","7273","-0.0728","0.6745","A"
"4","Trait5","FASTmrMLM","PstI.TP1047940","11","7274","3.0555e-05","0.0067","C"
"4","Trait5","FASTmrMLM","PstI.TP1048078","11","7275","0.0378","0.2751","A"
"4","Trait5","FASTmrMLM","PstI.TP1048109","11","7276","4.1398e-06","9e-04","A"
"4","Trait5","FASTmrMLM","PstI.TP1048145","11","7277","1.0845e-05","0.0024","C"
"4","Trait5","FASTmrMLM","PstI.TP1048416","11","7278","2.3169e-05","0.0051","A"
"4","Trait5","FASTmrMLM","PstI.TP1048490","11","7279","-1.6074e-05","0.0035","A"
"4","Trait5","FASTmrMLM","PstI.TP1048742","11","7281","-0.1766","0.6842","A"
"4","Trait5","FASTmrMLM","PstI.TP1048808","11","7282","0.2672","1.3564","A"
"4","Trait5","FASTmrMLM","PstI.TP1049009","11","7283","0.1932","1.6631","A"
"4","Trait5","FASTmrMLM","PstI.TP1049364","11","7286","-4.4406e-06","0.001","C"
"4","Trait5","FASTmrMLM","PstI.TP1049590","11","7287","0.0357","0.1634","A"
"4","Trait5","FASTmrMLM","PstI.TP1049979","11","7289","0.1206","1.1066","A"
"4","Trait5","FASTmrMLM","PstI.TP1050043","11","7290","-0.2136","1.1696","A"
"4","Trait5","FASTmrMLM","PstI.TP1050720","11","7292","3.9919e-05","0.0088","A"
"4","Trait5","FASTmrMLM","PstI.TP1050787","11","7293","0.1333","0.5517","A"
"4","Trait5","FASTmrMLM","PstI.TP1050835","11","7294","1.1757e-05","0.0026","C"
"4","Trait5","FASTmrMLM","PstI.TP1050927","11","7295","-1.0406e-05","0.0023","A"
"4","Trait5","FASTmrMLM","PstI.TP1051045","11","7298","-7.9458e-06","0.0017","A"
"4","Trait5","FASTmrMLM","PstI.TP1051333","11","7299","0.2537","2.6586","C"
"4","Trait5","FASTmrMLM","PstI.TP1052012","11","7301","1.5884e-05","0.0035","A"
"4","Trait5","FASTmrMLM","PstI.TP1052041","11","7302","-2.0754e-05","0.0045","C"
"4","Trait5","FASTmrMLM","PstI.TP1052171","11","7303","2.6754e-06","6e-04","A"
"4","Trait5","FASTmrMLM","PstI.TP1052207","11","7304","1.3888e-05","0.003","A"
"4","Trait5","FASTmrMLM","PstI.TP1052247","11","7305","3.995e-06","9e-04","C"
"4","Trait5","FASTmrMLM","PstI.TP1052359","11","7306","-2.6966e-05","0.0059","C"
"4","Trait5","FASTmrMLM","PstI.TP1052416","11","7307","-2.1349e-05","0.0047","A"
"4","Trait5","FASTmrMLM","PstI.TP1052479","11","7310","-7.6379e-06","0.0017","C"
"4","Trait5","FASTmrMLM","PstI.TP1053156","11","7312","-0.0609","0.562","A"
"4","Trait5","FASTmrMLM","PstI.TP1053379","11","7313","4.4496e-06","0.001","A"
"4","Trait5","FASTmrMLM","PstI.TP1053528","11","7315","0.0999","0.7786","A"
"4","Trait5","FASTmrMLM","PstI.TP1053561","11","7316","0.0448","0.2583","A"
"4","Trait5","FASTmrMLM","PstI.TP1053664","11","7317","-0.0171","0.115","G"
"4","Trait5","FASTmrMLM","PstI.TP1053692","11","7318","6.9944e-05","0.0087","A"
"4","Trait5","FASTmrMLM","PstI.TP1053731","11","7319","-9.3066e-06","0.002","A"
"4","Trait5","FASTmrMLM","PstI.TP1053740","11","7321","-0.0598","0.7661","C"
"4","Trait5","FASTmrMLM","PstI.TP1053935","11","7325","2.6758e-05","0.0059","A"
"4","Trait5","FASTmrMLM","PstI.TP1053948","11","7326","-0.0087","0.1487","C"
"4","Trait5","FASTmrMLM","PstI.TP1054049","11","7328","1.866e-06","4e-04","A"
"4","Trait5","FASTmrMLM","PstI.TP1054061","11","7329","3.8154e-06","8e-04","A"
"4","Trait5","FASTmrMLM","PstI.TP1054223","11","7330","-1.0163e-06","2e-04","A"
"4","Trait5","FASTmrMLM","PstI.TP1054267","11","7331","-2.3675e-06","5e-04","C"
"4","Trait5","FASTmrMLM","PstI.TP1054353","11","7333","3.1781e-05","0.007","A"
"4","Trait5","FASTmrMLM","PstI.TP1054357","11","7334","1.2784e-05","0.0028","C"
"4","Trait5","FASTmrMLM","PstI.TP1054721","11","7335","0.2127","1.3214","A"
"4","Trait5","FASTmrMLM","PstI.TP1054839","11","7336","9.2616e-06","0.002","C"
"4","Trait5","FASTmrMLM","PstI.TP1054843","11","7337","-0.0253","0.3584","A"
"4","Trait5","FASTmrMLM","PstI.TP1055177","11","7341","1.133e-05","0.0025","C"
"4","Trait5","FASTmrMLM","PstI.TP1055181","11","7342","-7.8865e-06","0.0017","A"
"4","Trait5","FASTmrMLM","PstI.TP1055381","11","7344","-1.0838e-05","0.0024","A"
"4","Trait5","FASTmrMLM","PstI.TP1055511","11","7345","-6.7762e-06","0.0015","A"
"4","Trait5","FASTmrMLM","PstI.TP1055532","11","7347","6.1313e-06","0.0013","A"
"4","Trait5","FASTmrMLM","PstI.TP1055830","11","7348","-2.2231e-05","0.0049","C"
"4","Trait5","FASTmrMLM","PstI.TP1055947","11","7349","0.0481","0.576","A"
"4","Trait5","FASTmrMLM","PstI.TP1055971","11","7350","-0.067","0.5601","G"
"4","Trait5","FASTmrMLM","PstI.TP1056069","11","7351","-0.0649","0.4115","A"
"4","Trait5","FASTmrMLM","PstI.TP1056322","11","7354","3.6967e-06","8e-04","A"
"4","Trait5","FASTmrMLM","PstI.TP1056508","11","7356","-1.6218e-05","0.0035","C"
"4","Trait5","FASTmrMLM","PstI.TP1056582","11","7357","1.7275e-05","0.0038","C"
"4","Trait5","FASTmrMLM","PstI.TP1056618","11","7358","1.1801e-05","0.0026","A"
"4","Trait5","FASTmrMLM","PstI.TP1057007","11","7360","-0.0155","0.1767","A"
"4","Trait5","FASTmrMLM","PstI.TP1057039","11","7361","-2.5872e-05","0.0057","C"
"4","Trait5","FASTmrMLM","PstI.TP1057670","11","7365","0.0704","0.8634","G"
"4","Trait5","FASTmrMLM","PstI.TP1057943","11","7366","-1.8414e-05","0.004","C"
"4","Trait5","FASTmrMLM","PstI.TP1058517","11","7367","1.2793e-05","0.0028","A"
"4","Trait5","FASTmrMLM","PstI.TP1058739","11","7368","-6.9072e-06","0.0015","C"
"4","Trait5","FASTmrMLM","PstI.TP1058810","11","7369","1.7139e-05","0.0037","C"
"4","Trait5","FASTmrMLM","PstI.TP1058867","11","7370","0.077","0.4226","A"
"4","Trait5","FASTmrMLM","PstI.TP1059192","11","7372","0.0549","0.5783","C"
"4","Trait5","FASTmrMLM","PstI.TP1059224","11","7374","-1.2919e-05","0.0028","A"
"4","Trait5","FASTmrMLM","PstI.TP1059540","11","7375","1.688e-05","0.0037","C"
"4","Trait5","FASTmrMLM","PstI.TP1059541","11","7376","-1.0394e-05","0.0023","A"
"4","Trait5","FASTmrMLM","PstI.TP1059562","11","7377","1.1293e-05","0.0025","A"
"4","Trait5","FASTmrMLM","PstI.TP1059564","11","7378","0.0796","0.4311","A"
"4","Trait5","FASTmrMLM","PstI.TP1059825","11","7379","-5.9698e-06","0.0013","A"
"4","Trait5","FASTmrMLM","PstI.TP1059902","11","7380","3.3993e-06","7e-04","A"
"4","Trait5","FASTmrMLM","PstI.TP1059910","11","7381","-8.8617e-06","0.0019","A"
"4","Trait5","FASTmrMLM","PstI.TP1060055","11","7383","-0.1773","0.5657","A"
"4","Trait5","FASTmrMLM","PstI.TP1060073","11","7384","-3.3195e-06","7e-04","A"
"4","Trait5","FASTmrMLM","PstI.TP1060171","11","7385","-9.5468e-06","0.0021","A"
"4","Trait5","FASTmrMLM","PstI.TP1060488","11","7386","4.1138e-05","0.009","A"
"4","Trait5","FASTmrMLM","PstI.TP1060680","11","7387","2.9561e-05","0.0065","G"
"4","Trait5","FASTmrMLM","PstI.TP1060721","11","7388","-4.0749e-05","0.009","C"
"4","Trait5","FASTmrMLM","PstI.TP1060763","11","7389","-0.0238","0.2368","A"
"4","Trait5","FASTmrMLM","PstI.TP1060830","11","7390","1.1006e-05","0.0024","G"
"4","Trait5","FASTmrMLM","PstI.TP1060947","11","7391","0.1878","1.2846","A"
"4","Trait5","FASTmrMLM","PstI.TP1061303","11","7392","1.8949e-05","0.0041","C"
"4","Trait5","FASTmrMLM","PstI.TP1061874","11","7393","0.0261","0.172","A"
"4","Trait5","FASTmrMLM","PstI.TP1061914","11","7394","-4.4824e-06","0.001","C"
"4","Trait5","FASTmrMLM","PstI.TP1061935","11","7395","-5.009e-06","0.0011","C"
"4","Trait5","FASTmrMLM","PstI.TP1062084","11","7397","-0.2194","1.7349","A"
"4","Trait5","FASTmrMLM","PstI.TP1062268","11","7398","6.1445e-06","0.0013","A"
"4","Trait5","FASTmrMLM","PstI.TP1062425","11","7399","-0.0443","0.3334","A"
"4","Trait5","FASTmrMLM","PstI.TP1062476","11","7400","-0.2808","1.5852","A"
"4","Trait5","FASTmrMLM","PstI.TP1062625","11","7402","2.5535e-05","0.0056","C"
"4","Trait5","FASTmrMLM","PstI.TP1062918","11","7403","3e-04","0.0149","C"
"4","Trait5","FASTmrMLM","PstI.TP1063019","11","7404","0.0553","0.3834","C"
"4","Trait5","FASTmrMLM","PstI.TP1063157","11","7405","-0.0272","0.2896","A"
"4","Trait5","FASTmrMLM","PstI.TP1063390","11","7407","4.8669e-06","0.0011","C"
"4","Trait5","FASTmrMLM","PstI.TP1063463","11","7409","2.0388e-05","0.0045","C"
"4","Trait5","FASTmrMLM","PstI.TP1064102","11","7412","3.1981e-05","0.007","G"
"4","Trait5","FASTmrMLM","PstI.TP1064206","11","7413","0.0319","0.2502","A"
"4","Trait5","FASTmrMLM","PstI.TP1064229","11","7414","0.1685","0.6112","C"
"4","Trait5","FASTmrMLM","PstI.TP1064311","11","7415","-4.9294e-06","0.0011","C"
"4","Trait5","FASTmrMLM","PstI.TP1064748","11","7418","3.5452e-05","0.0078","A"
"4","Trait5","FASTmrMLM","PstI.TP1065187","11","7419","2.2774e-05","0.005","G"
"4","Trait5","FASTmrMLM","PstI.TP1065202","11","7420","-0.0194","0.2444","C"
"4","Trait5","FASTmrMLM","PstI.TP1065335","11","7422","1.4074e-07","3.0629e-05","C"
"4","Trait5","FASTmrMLM","PstI.TP1065437","11","7424","1.4119e-05","0.0031","A"
"4","Trait5","FASTmrMLM","PstI.TP1065600","11","7425","0.1535","0.7837","C"
"4","Trait5","FASTmrMLM","PstI.TP1065949","11","7426","-4.7483e-06","0.001","A"
"4","Trait5","FASTmrMLM","PstI.TP1066094","11","7427","-1.1328e-05","0.0025","A"
"4","Trait5","FASTmrMLM","PstI.TP1066171","11","7428","-2.0687e-05","0.0045","C"
"4","Trait5","FASTmrMLM","PstI.TP1066544","11","7429","-3.5899e-06","8e-04","C"
"4","Trait5","FASTmrMLM","PstI.TP1066588","11","7430","-1.3397e-05","0.0029","A"
"4","Trait5","FASTmrMLM","PstI.TP1066774","11","7431","0.039","0.3146","A"
"4","Trait5","FASTmrMLM","PstI.TP1067065","11","7432","3.0554e-06","7e-04","C"
"4","Trait5","FASTmrMLM","PstI.TP1067317","11","7433","-2.0153e-05","0.0044","C"
"4","Trait5","FASTmrMLM","PstI.TP1067575","11","7434","-5.7099e-06","0.0012","A"
"4","Trait5","FASTmrMLM","PstI.TP1067674","11","7435","-8.3674e-06","0.0018","C"
"4","Trait5","FASTmrMLM","PstI.TP1068317","11","7437","-0.0841","0.6901","C"
"4","Trait5","FASTmrMLM","PstI.TP1068412","11","7438","-1.978e-06","4e-04","A"
"4","Trait5","FASTmrMLM","PstI.TP1069050","11","7440","-2.0727e-07","4.5111e-05","C"
"4","Trait5","FASTmrMLM","PstI.TP1069375","11","7443","2.5129e-05","0.0055","A"
"4","Trait5","FASTmrMLM","PstI.TP1069500","11","7445","3.8511e-05","0.0052","C"
"4","Trait5","FASTmrMLM","PstI.TP1069612","11","7446","-0.0598","0.4292","C"
"4","Trait5","FASTmrMLM","PstI.TP1069729","11","7448","3.5766e-05","0.0079","A"
"4","Trait5","FASTmrMLM","PstI.TP1069991","11","7449","2e-04","0.0115","G"
"4","Trait5","FASTmrMLM","PstI.TP1069998","11","7450","0.2507","2.0668","C"
"4","Trait5","FASTmrMLM","PstI.TP1070109","11","7451","-6.4793e-06","0.0014","A"
"4","Trait5","FASTmrMLM","PstI.TP1070143","11","7452","-7.5574e-06","0.0016","C"
"4","Trait5","FASTmrMLM","PstI.TP1070277","11","7453","0.0382","0.2896","C"
"4","Trait5","FASTmrMLM","PstI.TP1070341","11","7454","0.0635","0.3816","A"
"4","Trait5","FASTmrMLM","PstI.TP1070416","11","7455","-1.7643e-05","0.0039","C"
"4","Trait5","FASTmrMLM","PstI.TP1070528","11","7456","0.0647","0.5351","C"
"4","Trait5","FASTmrMLM","PstI.TP1070567","11","7457","3.2646e-05","0.0072","A"
"4","Trait5","FASTmrMLM","PstI.TP1070665","11","7458","-0.0153","0.2396","A"
"4","Trait5","FASTmrMLM","PstI.TP1070733","11","7459","0.2165","1.3211","C"
"4","Trait5","FASTmrMLM","PstI.TP1070781","11","7460","-3.7539e-06","8e-04","A"
"4","Trait5","FASTmrMLM","PstI.TP1070913","11","7461","2.0675e-05","0.0045","C"
"4","Trait5","FASTmrMLM","PstI.TP1071073","11","7463","1.9287e-05","0.0042","A"
"4","Trait5","FASTmrMLM","PstI.TP1071178","11","7464","0.0075","0.157","C"
"4","Trait5","FASTmrMLM","PstI.TP1071296","11","7466","0.1235","1.1147","C"
"4","Trait5","FASTmrMLM","PstI.TP1071340","11","7467","-0.0744","0.4801","A"
"4","Trait5","FASTmrMLM","PstI.TP1071477","11","7469","-0.0928","0.5055","C"
"4","Trait5","FASTmrMLM","PstI.TP1071502","11","7470","-0.2183","1.0171","A"
"4","Trait5","FASTmrMLM","PstI.TP1071605","11","7472","9.9024e-06","0.0022","G"
"4","Trait5","FASTmrMLM","PstI.TP1071655","11","7473","-6.8298e-06","0.0015","C"
"4","Trait5","FASTmrMLM","PstI.TP1072193","11","7475","-2e-04","0.0144","A"
"4","Trait5","FASTmrMLM","PstI.TP1072225","11","7476","-2.7427e-05","0.006","C"
"4","Trait5","FASTmrMLM","PstI.TP1072231","11","7477","0.0419","0.2234","A"
"4","Trait5","FASTmrMLM","PstI.TP1072474","11","7479","-1.1518e-05","0.0025","A"
"4","Trait5","FASTmrMLM","PstI.TP1072724","11","7481","-0.0149","0.1769","C"
"4","Trait5","FASTmrMLM","PstI.TP1072839","11","7482","-8.4174e-06","0.0018","C"
"4","Trait5","FASTmrMLM","PstI.TP1072937","11","7483","1.158e-05","0.0025","C"
"4","Trait5","FASTmrMLM","PstI.TP1072979","11","7484","0.0281","0.35","A"
"4","Trait5","FASTmrMLM","PstI.TP1073089","11","7485","2.9931e-05","0.0066","C"
"4","Trait5","FASTmrMLM","PstI.TP1073318","11","7486","-5.6612e-06","0.0012","A"
"4","Trait5","FASTmrMLM","PstI.TP1074015","11","7489","-6.7251e-06","0.0015","A"
"4","Trait5","FASTmrMLM","PstI.TP1074130","11","7490","-8.8064e-06","0.0019","C"
"4","Trait5","FASTmrMLM","PstI.TP1074153","11","7491","0.0556","0.6061","C"
"4","Trait5","FASTmrMLM","PstI.TP1074232","11","7492","-0.0466","0.2029","C"
"4","Trait5","FASTmrMLM","PstI.TP1074299","11","7494","1.1889e-05","0.0026","A"
"4","Trait5","FASTmrMLM","PstI.TP1074300","11","7495","5.0873e-06","0.0011","C"
"4","Trait5","FASTmrMLM","PstI.TP1074519","11","7497","-0.0349","0.274","G"
"4","Trait5","FASTmrMLM","PstI.TP1074620","11","7499","9.0194e-06","0.002","A"
"4","Trait5","FASTmrMLM","PstI.TP1074637","11","7500","0.05","0.3157","C"
"4","Trait5","FASTmrMLM","PstI.TP1074812","11","7501","7.3772e-06","0.0016","A"
"4","Trait5","FASTmrMLM","PstI.TP1074983","11","7502","1.8929e-05","0.0041","C"
"4","Trait5","FASTmrMLM","PstI.TP1075510","11","7503","3.2469e-05","0.0071","A"
"4","Trait5","FASTmrMLM","PstI.TP1075605","11","7505","-9.4875e-08","2.0646e-05","A"
"4","Trait5","FASTmrMLM","PstI.TP1075783","11","7506","-0.0189","0.2708","C"
"4","Trait5","FASTmrMLM","PstI.TP1075828","11","7507","-0.0409","0.4266","A"
"4","Trait5","FASTmrMLM","PstI.TP1076020","11","7508","0.2445","1.5889","C"
"4","Trait5","FASTmrMLM","PstI.TP1076989","11","7509","-2.2897e-06","5e-04","C"
"4","Trait5","FASTmrMLM","PstI.TP1077279","11","7511","-3.3084e-06","7e-04","A"
"4","Trait5","FASTmrMLM","PstI.TP1077481","11","7512","-0.2008","1.2464","C"
"4","Trait5","FASTmrMLM","PstI.TP1077538","11","7514","-0.074","0.6717","C"
"4","Trait5","FASTmrMLM","PstI.TP1077765","11","7515","-0.2058","1.5437","G"
"4","Trait5","FASTmrMLM","PstI.TP1077788","11","7516","0.1086","0.5368","A"
"4","Trait5","FASTmrMLM","PstI.TP1077834","11","7517","-0.021","0.1986","A"
"4","Trait5","FASTmrMLM","PstI.TP1077920","11","7518","2.1319e-05","0.0047","C"
"4","Trait5","FASTmrMLM","PstI.TP1078053","11","7520","5.804e-06","0.0013","G"
"4","Trait5","FASTmrMLM","PstI.TP1078154","11","7521","-7.6742e-06","0.0017","A"
"4","Trait5","FASTmrMLM","PstI.TP1078202","11","7522","-1.7398e-05","0.0038","C"
"4","Trait5","FASTmrMLM","PstI.TP1078209","11","7523","5.8564e-06","0.0013","C"
"4","Trait5","FASTmrMLM","PstI.TP1078219","11","7524","1.7636e-05","0.0039","A"
"4","Trait5","FASTmrMLM","PstI.TP1078281","11","7525","-9.6924e-06","0.0021","C"
"4","Trait5","FASTmrMLM","PstI.TP1078384","11","7527","6.8606e-06","0.0015","C"
"4","Trait5","FASTmrMLM","PstI.TP1078392","11","7528","3.0713e-06","7e-04","A"
"4","Trait5","FASTmrMLM","PstI.TP1078462","11","7529","1.833e-05","0.004","C"
"4","Trait5","FASTmrMLM","PstI.TP1078544","11","7530","-0.0735","0.9152","C"
"4","Trait5","FASTmrMLM","PstI.TP1078578","11","7531","9.7279e-06","0.0021","A"
"4","Trait5","FASTmrMLM","PstI.TP1079130","11","7533","8.7063e-06","0.0019","C"
"4","Trait5","FASTmrMLM","PstI.TP1079248","11","7534","4.4756e-09","9.7403e-07","C"
"4","Trait5","FASTmrMLM","PstI.TP1079579","11","7537","-5.6144e-06","0.0012","A"
"4","Trait5","FASTmrMLM","PstI.TP1079869","11","7539","-0.0518","0.3644","A"
"4","Trait5","FASTmrMLM","PstI.TP1079926","11","7540","2.7627e-06","6e-04","A"
"4","Trait5","FASTmrMLM","PstI.TP1079952","11","7541","0.0479","0.4914","A"
"4","Trait5","FASTmrMLM","PstI.TP1079991","11","7542","0.0586","0.5972","A"
"4","Trait5","FASTmrMLM","PstI.TP1080085","11","7543","-7.8652e-06","0.0017","A"
"4","Trait5","FASTmrMLM","PstI.TP1080106","11","7544","9.9111e-06","0.0022","A"
"4","Trait5","FASTmrMLM","PstI.TP1080135","11","7545","9.7283e-06","0.0021","A"
"4","Trait5","FASTmrMLM","PstI.TP1080168","11","7546","-1.2173e-05","0.0027","G"
"4","Trait5","FASTmrMLM","PstI.TP1080476","11","7547","0.111","0.5237","C"
"4","Trait5","FASTmrMLM","PstI.TP1080725","11","7548","-2.2001e-05","0.0048","G"
"4","Trait5","FASTmrMLM","PstI.TP1080799","11","7549","1.9061e-05","0.0042","C"
"4","Trait5","FASTmrMLM","PstI.TP1081584","11","7551","-8.5345e-06","0.0019","A"
"4","Trait5","FASTmrMLM","PstI.TP1081718","11","7552","-0.1229","0.9674","A"
"4","Trait5","FASTmrMLM","PstI.TP1081719","11","7553","1.239e-05","0.0027","C"
"4","Trait5","FASTmrMLM","PstI.TP1081774","11","7554","-2.8652e-06","6e-04","A"
"4","Trait5","FASTmrMLM","PstI.TP1082042","11","7555","2.5494e-06","6e-04","A"
"4","Trait5","FASTmrMLM","PstI.TP1082413","11","7556","-0.317","1.6988","C"
"4","Trait5","FASTmrMLM","PstI.TP1082638","11","7557","3.4055e-06","7e-04","C"
"4","Trait5","FASTmrMLM","PstI.TP1082731","11","7558","4.1142e-06","9e-04","A"
"4","Trait5","FASTmrMLM","PstI.TP1082780","11","7559","-1.2161e-05","0.0027","G"
"4","Trait5","FASTmrMLM","PstI.TP1083012","11","7560","-0.0082","0.0904","A"
"4","Trait5","FASTmrMLM","PstI.TP1083312","11","7562","-0.116","0.576","G"
"4","Trait5","FASTmrMLM","PstI.TP1083569","11","7563","1.0775e-05","0.0024","C"
"4","Trait5","FASTmrMLM","PstI.TP1083935","11","7564","0.016","0.224","C"
"4","Trait5","FASTmrMLM","PstI.TP1084158","11","7565","-0.1096","1.1473","C"
"4","Trait5","FASTmrMLM","PstI.TP1084246","11","7566","6.5466e-06","0.0014","A"
"4","Trait5","FASTmrMLM","PstI.TP1084297","11","7567","-1.0915e-05","0.0024","G"
"4","Trait5","FASTmrMLM","PstI.TP1084530","11","7569","0.2542","1.5727","C"
"4","Trait5","FASTmrMLM","PstI.TP1084627","11","7570","0.033","0.2327","C"
"4","Trait5","FASTmrMLM","PstI.TP1084644","11","7571","-2.8969e-06","6e-04","A"
"4","Trait5","FASTmrMLM","PstI.TP1084700","11","7572","-7.2942e-05","0.0089","C"
"4","Trait5","FASTmrMLM","PstI.TP1085371","11","7577","0.1198","0.661","C"
"4","Trait5","FASTmrMLM","PstI.TP1086389","11","7579","-7.2389e-06","0.0016","C"
"4","Trait5","FASTmrMLM","PstI.TP1086505","11","7580","1.0918e-05","0.0024","C"
"4","Trait5","FASTmrMLM","PstI.TP1086510","11","7581","-8.0896e-06","0.0018","C"
"4","Trait5","FASTmrMLM","PstI.TP1086543","11","7582","-0.1224","1.2078","A"
"4","Trait5","FASTmrMLM","PstI.TP1086739","11","7583","-2.7317e-05","0.006","A"
"4","Trait5","FASTmrMLM","PstI.TP1086763","11","7584","1.8674e-05","0.0041","C"
"4","Trait5","FASTmrMLM","PstI.TP1087179","11","7585","-1.8905e-06","4e-04","A"
"4","Trait5","FASTmrMLM","PstI.TP1087180","11","7586","0.0388","0.3351","C"
"4","Trait5","FASTmrMLM","PstI.TP1087235","11","7587","0.0833","0.4806","A"
"4","Trait5","FASTmrMLM","PstI.TP1087551","11","7589","-1.3607e-05","0.003","G"
"4","Trait5","FASTmrMLM","PstI.TP1087763","11","7590","2.7626e-05","0.0061","A"
"4","Trait5","FASTmrMLM","PstI.TP1087906","11","7591","3.1663e-05","0.0069","A"
"4","Trait5","FASTmrMLM","PstI.TP1088009","11","7593","-3.8299e-06","8e-04","A"
"4","Trait5","FASTmrMLM","PstI.TP1088018","11","7594","3.7e-06","8e-04","A"
"4","Trait5","FASTmrMLM","PstI.TP1088038","11","7595","-3.6214e-06","8e-04","A"
"4","Trait5","FASTmrMLM","PstI.TP1088058","11","7596","1.9345e-05","0.0042","A"
"4","Trait5","FASTmrMLM","PstI.TP1088064","11","7597","-0.0867","0.9634","A"
"4","Trait5","FASTmrMLM","PstI.TP1088574","11","7599","0.0479","0.3538","C"
"4","Trait5","FASTmrMLM","PstI.TP1088710","11","7600","0.026","0.3247","A"
"4","Trait5","FASTmrMLM","PstI.TP1088829","11","7601","1.0349e-05","0.0023","A"
"4","Trait5","FASTmrMLM","PstI.TP1089091","11","7602","3.5068e-05","0.0077","A"
"4","Trait5","FASTmrMLM","PstI.TP1089275","11","7603","-0.4172","3.1696","A"
"4","Trait5","FASTmrMLM","PstI.TP1089362","11","7604","-1.0794e-05","0.0024","G"
"4","Trait5","FASTmrMLM","PstI.TP1089490","11","7605","-1.0468e-05","0.0023","C"
"4","Trait5","FASTmrMLM","PstI.TP1089516","11","7606","4.164e-05","0.0092","A"
"4","Trait5","FASTmrMLM","PstI.TP1089520","11","7607","0.009","0.1094","A"
"4","Trait5","FASTmrMLM","PstI.TP1089530","11","7608","7.6555e-07","2e-04","A"
"4","Trait5","FASTmrMLM","PstI.TP1089756","11","7610","0.0295","0.3123","A"
"4","Trait5","FASTmrMLM","PstI.TP1089868","11","7611","-2.7937e-05","0.0061","C"
"4","Trait5","FASTmrMLM","PstI.TP1090440","11","7612","4.6134e-07","1e-04","A"
"4","Trait5","FASTmrMLM","PstI.TP1090522","11","7613","-1.4988e-05","0.0033","A"
"4","Trait5","FASTmrMLM","PstI.TP1090634","11","7614","7.9027e-06","0.0017","A"
"4","Trait5","FASTmrMLM","PstI.TP1090692","11","7615","-0.0488","0.357","G"
"4","Trait5","FASTmrMLM","PstI.TP1090755","11","7616","-2.4774e-05","0.0054","G"
"4","Trait5","FASTmrMLM","PstI.TP1090776","11","7617","-3.6623e-06","8e-04","C"
"4","Trait5","FASTmrMLM","PstI.TP1091168","11","7618","-2.9598e-06","6e-04","G"
"4","Trait5","FASTmrMLM","PstI.TP1091563","11","7620","0.0268","0.3051","C"
"4","Trait5","FASTmrMLM","PstI.TP1091711","11","7622","2.4754e-05","0.0054","A"
"4","Trait5","FASTmrMLM","PstI.TP1091731","11","7624","1e-04","0.008","A"
"4","Trait5","FASTmrMLM","PstI.TP1091804","11","7625","-1e-04","0.0107","A"
"4","Trait5","FASTmrMLM","PstI.TP1091870","11","7627","2.3621e-06","5e-04","G"
"4","Trait5","FASTmrMLM","PstI.TP1092068","11","7628","3.2349e-05","0.0071","C"
"4","Trait5","FASTmrMLM","PstI.TP1092123","11","7629","-0.067","0.3908","A"
"4","Trait5","FASTmrMLM","PstI.TP1092146","11","7630","-3.5709e-05","0.0078","G"
"4","Trait5","FASTmrMLM","PstI.TP1092406","11","7631","-2.3778e-07","5.1752e-05","C"
"4","Trait5","FASTmrMLM","PstI.TP1092594","11","7633","-0.115","1.0613","A"
"4","Trait5","FASTmrMLM","PstI.TP1092614","11","7634","-0.0652","0.7005","A"
"4","Trait5","FASTmrMLM","PstI.TP1092641","11","7635","1.4373e-05","0.0031","C"
"4","Trait5","FASTmrMLM","PstI.TP1092701","11","7636","-3.4233e-05","0.0075","G"
"4","Trait5","FASTmrMLM","PstI.TP1092851","11","7637","-6.9281e-06","0.0015","C"
"4","Trait5","FASTmrMLM","PstI.TP1092900","11","7638","0.0371","0.2116","C"
"4","Trait5","FASTmrMLM","PstI.TP1092931","11","7639","-1.439e-05","0.0031","A"
"4","Trait5","FASTmrMLM","PstI.TP1092934","11","7640","0.043","0.4093","A"
"4","Trait5","FASTmrMLM","PstI.TP1092945","11","7641","-2.302e-05","0.005","A"
"4","Trait5","FASTmrMLM","PstI.TP1093037","11","7642","-1.4554e-05","0.0032","C"
"4","Trait5","FASTmrMLM","PstI.TP1093421","11","7643","1.6536e-05","0.0036","C"
"4","Trait5","FASTmrMLM","PstI.TP1093605","11","7645","-0.158","0.5347","A"
"4","Trait5","FASTmrMLM","PstI.TP1093711","11","7647","0.0409","0.4068","A"
"4","Trait5","FASTmrMLM","PstI.TP1093749","11","7648","-5.586e-06","0.0012","A"
"4","Trait5","FASTmrMLM","PstI.TP1093776","11","7649","-4.8724e-07","1e-04","A"
"4","Trait5","FASTmrMLM","PstI.TP1094459","11","7653","0.1039","0.791","A"
"4","Trait5","FASTmrMLM","PstI.TP1094699","11","7654","-1.9021e-07","4.1403e-05","C"
"4","Trait5","FASTmrMLM","PstI.TP1094772","11","7655","5.6397e-06","0.0012","A"
"4","Trait5","FASTmrMLM","PstI.TP1094844","11","7656","-0.0283","0.3652","A"
"4","Trait5","FASTmrMLM","PstI.TP1094875","11","7657","-3.3642e-05","0.0074","A"
"4","Trait5","FASTmrMLM","PstI.TP1095011","11","7660","0.0293","0.31","A"
"4","Trait5","FASTmrMLM","PstI.TP1095030","11","7661","-0.0266","0.3189","C"
"4","Trait5","FASTmrMLM","PstI.TP1095306","11","7662","1.4984e-05","0.0033","C"
"4","Trait5","FASTmrMLM","PstI.TP1095393","11","7663","1.1731e-06","3e-04","C"
"4","Trait5","FASTmrMLM","PstI.TP1095675","11","7664","-0.0505","0.2012","C"
"4","Trait5","FASTmrMLM","PstI.TP1095751","11","7665","1.6002e-05","0.0035","C"
"4","Trait5","FASTmrMLM","PstI.TP1095770","11","7666","1.855e-05","0.0041","G"
"4","Trait5","FASTmrMLM","PstI.TP1096323","11","7667","-5.1614e-06","0.0011","C"
"4","Trait5","FASTmrMLM","PstI.TP1096552","11","7668","6.0283e-07","1e-04","C"
"4","Trait5","FASTmrMLM","PstI.TP1097099","11","7671","-2.9322e-05","0.0064","A"
"4","Trait5","FASTmrMLM","PstI.TP1097115","11","7672","-4.6795e-06","0.001","A"
"4","Trait5","FASTmrMLM","PstI.TP1097162","11","7673","-0.1097","0.6845","G"
"4","Trait5","FASTmrMLM","PstI.TP1097359","11","7675","9.7664e-06","0.0021","A"
"4","Trait5","FASTmrMLM","PstI.TP1097429","11","7676","9.8054e-06","0.0021","A"
"4","Trait5","FASTmrMLM","PstI.TP1097463","11","7677","-7.0328e-06","0.0015","A"
"4","Trait5","FASTmrMLM","PstI.TP1097474","11","7678","1.0693e-05","0.0023","C"
"4","Trait5","FASTmrMLM","PstI.TP1097479","11","7679","2.0114e-05","0.0044","C"
"4","Trait5","FASTmrMLM","PstI.TP1097617","11","7680","-8.6634e-05","0.0094","C"
"4","Trait5","FASTmrMLM","PstI.TP1097728","11","7681","1.3625e-05","0.003","C"
"4","Trait5","FASTmrMLM","PstI.TP1098439","11","7683","2.0374e-05","0.0045","A"
"4","Trait5","FASTmrMLM","PstI.TP1098700","11","7684","-2.2741e-05","0.005","A"
"4","Trait5","FASTmrMLM","PstI.TP1098749","11","7686","-1.9806e-05","0.0043","C"
"4","Trait5","FASTmrMLM","PstI.TP1098788","11","7687","3.2023e-05","0.007","C"
"4","Trait5","FASTmrMLM","PstI.TP1098978","11","7690","6.1334e-06","0.0013","A"
"4","Trait5","FASTmrMLM","PstI.TP1099377","11","7691","-0.1667","0.7978","C"
"4","Trait5","FASTmrMLM","PstI.TP1099688","11","7692","1.3776e-05","0.003","A"
"4","Trait5","FASTmrMLM","PstI.TP1099792","11","7693","1.4915e-06","3e-04","A"
"4","Trait5","FASTmrMLM","PstI.TP1099972","11","7694","0.0604","0.5456","C"
"4","Trait5","FASTmrMLM","PstI.TP1100017","11","7695","-9.8303e-06","0.0021","A"
"4","Trait5","FASTmrMLM","PstI.TP1100364","11","7697","-0.1712","1.9944","A"
"4","Trait5","FASTmrMLM","PstI.TP1100378","11","7698","0.0215","0.2578","G"
"4","Trait5","FASTmrMLM","PstI.TP1100532","11","7699","-2.4567e-05","0.0054","A"
"4","Trait5","FASTmrMLM","PstI.TP1100745","11","7701","-1e-04","0.0112","A"
"4","Trait5","FASTmrMLM","PstI.TP1100995","11","7703","4.9504e-06","0.0011","C"
"4","Trait5","FASTmrMLM","PstI.TP1101021","11","7704","-0.0845","0.9125","A"
"4","Trait5","FASTmrMLM","PstI.TP1101430","11","7706","1.7501e-05","0.0038","C"
"4","Trait5","FASTmrMLM","PstI.TP1101631","11","7707","-2.6632e-06","6e-04","G"
"4","Trait5","FASTmrMLM","PstI.TP1101910","11","7708","-1.2629e-05","0.0028","A"
"4","Trait5","FASTmrMLM","PstI.TP1102206","11","7711","-3.6038e-06","8e-04","C"
"4","Trait5","FASTmrMLM","PstI.TP1102261","11","7712","-0.0153","0.243","C"
"4","Trait5","FASTmrMLM","PstI.TP1102451","11","7714","-2.7844e-06","6e-04","C"
"4","Trait5","FASTmrMLM","PstI.TP1102598","11","7715","-0.1303","1.1438","C"
"4","Trait5","FASTmrMLM","PstI.TP1102606","11","7716","0.3164","1.675","A"
"4","Trait5","FASTmrMLM","PstI.TP1103348","11","7717","0.037","0.3275","A"
"4","Trait5","FASTmrMLM","PstI.TP1103456","11","7721","4.1182e-07","8.9646e-05","A"
"4","Trait5","FASTmrMLM","PstI.TP1103719","11","7722","-0.0901","0.5163","A"
"4","Trait5","FASTmrMLM","PstI.TP1103883","11","7723","0.0167","0.1579","A"
"4","Trait5","FASTmrMLM","PstI.TP1104096","11","7724","-0.181","1.4603","G"
"4","Trait5","FASTmrMLM","PstI.TP1104168","11","7725","3.5507e-05","0.0078","C"
"4","Trait5","FASTmrMLM","PstI.TP1104209","11","7726","-6.7663e-06","0.0015","A"
"4","Trait5","FASTmrMLM","PstI.TP1104392","11","7727","3.0535e-05","0.0067","C"
"4","Trait5","FASTmrMLM","PstI.TP1104522","11","7730","-5.1406e-06","0.0011","C"
"4","Trait5","FASTmrMLM","PstI.TP1104539","11","7731","0.0555","0.6378","A"
"4","Trait5","FASTmrMLM","PstI.TP1104616","11","7732","2.3464e-05","0.0051","C"
"4","Trait5","FASTmrMLM","PstI.TP1104643","11","7733","-0.0797","0.8863","C"
"4","Trait5","FASTmrMLM","PstI.TP1104730","11","7734","0.0915","0.3879","A"
"4","Trait5","FASTmrMLM","PstI.TP1104816","11","7736","-0.4086","3.2671","C"
"4","Trait5","FASTmrMLM","PstI.TP1104827","11","7737","-3.7727e-06","8e-04","A"
"4","Trait5","FASTmrMLM","PstI.TP1104967","11","7738","-0.0411","0.492","A"
"4","Trait5","FASTmrMLM","PstI.TP1105170","11","7739","1.227e-05","0.0027","A"
"4","Trait5","FASTmrMLM","PstI.TP1105223","11","7740","1.4907e-05","0.0033","C"
"4","Trait5","FASTmrMLM","PstI.TP1105386","11","7742","0.0887","0.8997","C"
"4","Trait5","FASTmrMLM","PstI.TP1105417","11","7743","-2.1612e-05","0.0047","C"
"4","Trait5","FASTmrMLM","PstI.TP1105691","11","7745","-0.0384","0.4196","C"
"4","Trait5","FASTmrMLM","PstI.TP1105889","11","7746","2.242e-05","0.0049","C"
"4","Trait5","FASTmrMLM","PstI.TP1105906","11","7747","-5.2203e-06","0.0011","A"
"4","Trait5","FASTmrMLM","PstI.TP1105951","11","7748","-4.3543e-06","9e-04","C"
"4","Trait5","FASTmrMLM","PstI.TP1106131","11","7749","8.5212e-06","0.0019","A"
"4","Trait5","FASTmrMLM","PstI.TP1106286","11","7750","-3.7902e-08","8.2514e-06","A"
"4","Trait5","FASTmrMLM","PstI.TP1107169","11","7752","0.0999","0.5594","G"
"4","Trait5","FASTmrMLM","PstI.TP1107629","11","7755","0.0514","0.2522","G"
"4","Trait5","FASTmrMLM","PstI.TP1107833","11","7757","-8.6241e-06","0.0019","C"
"4","Trait5","FASTmrMLM","PstI.TP1108069","11","7758","-7.8696e-06","0.0017","C"
"4","Trait5","FASTmrMLM","PstI.TP1108114","11","7759","0.1654","1.8987","A"
"4","Trait5","FASTmrMLM","PstI.TP1108229","11","7760","2.7658e-05","0.0061","C"
"4","Trait5","FASTmrMLM","PstI.TP1108304","11","7761","-0.0658","0.5084","G"
"4","Trait5","FASTmrMLM","PstI.TP1108344","11","7762","-1.1554e-05","0.0025","A"
"4","Trait5","FASTmrMLM","PstI.TP1108404","11","7763","2.4975e-05","0.0055","C"
"4","Trait5","FASTmrMLM","PstI.TP1108547","11","7764","3.5591e-05","0.0078","C"
"4","Trait5","FASTmrMLM","PstI.TP1108796","11","7766","-3.0351e-05","0.0067","C"
"4","Trait5","FASTmrMLM","PstI.TP1109180","11","7768","-6.903e-06","0.0015","C"
"4","Trait5","FASTmrMLM","PstI.TP1109641","11","7771","-1.5593e-05","0.0034","A"
"4","Trait5","FASTmrMLM","PstI.TP1110236","11","7772","-0.133","0.6842","C"
"4","Trait5","FASTmrMLM","PstI.TP1110489","11","7773","0.0832","0.5272","A"
"4","Trait5","FASTmrMLM","PstI.TP1110544","11","7774","-0.0618","0.6193","A"
"4","Trait5","FASTmrMLM","PstI.TP1110764","11","7776","-5.9396e-06","0.0013","C"
"4","Trait5","FASTmrMLM","PstI.TP1111251","11","7778","-9.3078e-06","0.002","A"
"4","Trait5","FASTmrMLM","PstI.TP1111691","11","7779","-1.4783e-05","0.0032","A"
"4","Trait5","FASTmrMLM","PstI.TP1111766","11","7780","7.3117e-06","0.0016","A"
"4","Trait5","FASTmrMLM","PstI.TP1111777","11","7781","-1.7377e-05","0.0038","C"
"4","Trait5","FASTmrMLM","PstI.TP1112209","11","7783","2.3549e-05","0.0052","A"
"4","Trait5","FASTmrMLM","PstI.TP1112303","11","7784","-7.425e-06","0.0016","C"
"4","Trait5","FASTmrMLM","PstI.TP1112578","11","7787","-1.2645e-05","0.0028","A"
"4","Trait5","FASTmrMLM","PstI.TP1112621","11","7789","-2.7748e-05","0.0061","C"
"4","Trait5","FASTmrMLM","PstI.TP1112734","11","7790","2.0174e-05","0.0044","C"
"4","Trait5","FASTmrMLM","PstI.TP1113065","11","7791","-3.0882e-05","0.0068","A"
"4","Trait5","FASTmrMLM","PstI.TP1113107","11","7792","-0.0673","0.6247","A"
"4","Trait5","FASTmrMLM","PstI.TP1113201","11","7794","-2.3112e-05","0.0051","A"
"4","Trait5","FASTmrMLM","PstI.TP1113424","11","7797","3.6279e-05","0.008","A"
"4","Trait5","FASTmrMLM","PstI.TP1113610","11","7798","-7.709e-06","0.0017","C"
"4","Trait5","FASTmrMLM","PstI.TP1113615","11","7799","-7.557e-06","0.0016","C"
"4","Trait5","FASTmrMLM","PstI.TP1113732","11","7800","6.9293e-06","0.0015","C"
"4","Trait5","FASTmrMLM","PstI.TP1113836","11","7801","-9.9341e-06","0.0022","C"
"4","Trait5","FASTmrMLM","PstI.TP1114007","11","7802","2.9836e-05","0.0065","C"
"4","Trait5","FASTmrMLM","PstI.TP1114127","11","7803","-1.6957e-05","0.0037","C"
"4","Trait5","FASTmrMLM","PstI.TP1114142","11","7804","4.7257e-06","0.001","A"
"4","Trait5","FASTmrMLM","PstI.TP1114187","11","7805","-1.1236e-05","0.0025","G"
"4","Trait5","FASTmrMLM","PstI.TP1114362","11","7807","-0.0649","0.3903","A"
"4","Trait5","FASTmrMLM","PstI.TP1114610","11","7809","9.0541e-06","0.002","C"
"4","Trait5","FASTmrMLM","PstI.TP1114613","11","7810","-8.3841e-06","0.0018","C"
"4","Trait5","FASTmrMLM","PstI.TP1114695","11","7811","7.8339e-06","0.0017","G"
"4","Trait5","FASTmrMLM","PstI.TP1114719","11","7812","5.1857e-06","0.0011","A"
"4","Trait5","FASTmrMLM","PstI.TP1114850","11","7813","-1.3204e-05","0.0029","A"
"4","Trait5","FASTmrMLM","PstI.TP1115283","11","7816","-5.3886e-06","0.0012","A"
"4","Trait5","FASTmrMLM","PstI.TP1115285","11","7817","1.2152e-05","0.0027","A"
"4","Trait5","FASTmrMLM","PstI.TP1115398","11","7818","-7.5629e-06","0.0016","G"
"4","Trait5","FASTmrMLM","PstI.TP1115634","11","7820","-3.0569e-05","0.0067","C"
"4","Trait5","FASTmrMLM","PstI.TP1115683","11","7821","0.1214","0.7532","C"
"4","Trait5","FASTmrMLM","PstI.TP1115849","11","7823","0.1544","0.8031","A"
"4","Trait5","FASTmrMLM","PstI.TP1115853","11","7824","1.1373e-05","0.0025","A"
"4","Trait5","FASTmrMLM","PstI.TP1115875","11","7825","-0.0579","0.5761","A"
"4","Trait5","FASTmrMLM","PstI.TP1115898","11","7826","2.4642e-05","0.0054","C"
"4","Trait5","FASTmrMLM","PstI.TP1116215","11","7827","-1.7785e-05","0.0039","A"
"4","Trait5","FASTmrMLM","PstI.TP1116419","11","7828","-3.5954e-06","8e-04","A"
"4","Trait5","FASTmrMLM","PstI.TP1116437","11","7829","-1.0305e-06","2e-04","A"
"4","Trait5","FASTmrMLM","PstI.TP1116487","11","7830","-2.2317e-06","5e-04","A"
"4","Trait5","FASTmrMLM","PstI.TP1116491","11","7831","1.4416e-05","0.0031","A"
"4","Trait5","FASTmrMLM","PstI.TP1116493","11","7832","-0.2713","2.7037","C"
"4","Trait5","FASTmrMLM","PstI.TP1116623","11","7833","1.114e-05","0.0024","A"
"4","Trait5","FASTmrMLM","PstI.TP1116747","11","7834","-1.1384e-05","0.0025","A"
"4","Trait5","FASTmrMLM","PstI.TP1117181","11","7837","4.7461e-06","0.001","A"
"4","Trait5","FASTmrMLM","PstI.TP1117297","11","7838","0.0026","0.0518","C"
"4","Trait5","FASTmrMLM","PstI.TP1117304","11","7839","2.9824e-05","0.0065","C"
"4","Trait5","FASTmrMLM","PstI.TP1117461","11","7842","1.1017e-05","0.0024","A"
"4","Trait5","FASTmrMLM","PstI.TP1117554","11","7844","0.0094","0.1624","A"
"4","Trait5","FASTmrMLM","PstI.TP1117569","11","7845","1.8557e-05","0.0041","A"
"4","Trait5","FASTmrMLM","PstI.TP1117908","11","7846","0.0995","1.0149","A"
"4","Trait5","FASTmrMLM","PstI.TP1118065","11","7847","-6.6964e-06","0.0015","A"
"4","Trait5","FASTmrMLM","PstI.TP1118498","11","7852","-2.4534e-05","0.0054","A"
"4","Trait5","FASTmrMLM","PstI.TP1118524","11","7853","-0.0238","0.2757","C"
"4","Trait5","FASTmrMLM","PstI.TP1118556","11","7854","2.5103e-05","0.0055","G"
"4","Trait5","FASTmrMLM","PstI.TP1118684","11","7855","0.0327","0.3751","A"
"4","Trait5","FASTmrMLM","PstI.TP1118727","11","7856","1.6516e-05","0.0036","A"
"4","Trait5","FASTmrMLM","PstI.TP1118734","11","7857","2.5987e-05","0.0057","A"
"4","Trait5","FASTmrMLM","PstI.TP1119422","11","7860","0.0183","0.1905","C"
"4","Trait5","FASTmrMLM","PstI.TP1119548","11","7861","1.0793e-05","0.0024","G"
"4","Trait5","FASTmrMLM","PstI.TP1120028","11","7862","1.4618e-05","0.0032","A"
"4","Trait5","FASTmrMLM","PstI.TP1120091","11","7864","0.1302","0.9669","C"
"4","Trait5","FASTmrMLM","PstI.TP1120171","11","7865","-1.25e-05","0.0027","C"
"4","Trait5","FASTmrMLM","PstI.TP1120317","11","7867","-2.5497e-05","0.0056","C"
"4","Trait5","FASTmrMLM","PstI.TP1120630","11","7868","-1.8453e-05","0.004","C"
"4","Trait5","FASTmrMLM","PstI.TP1120784","11","7869","3.3921e-05","0.0074","A"
"4","Trait5","FASTmrMLM","PstI.TP1120883","11","7870","-0.064","0.3652","A"
"4","Trait5","FASTmrMLM","PstI.TP1121083","11","7872","-5.4908e-06","0.0012","A"
"4","Trait5","FASTmrMLM","PstI.TP1121842","11","7873","0.0265","0.3474","A"
"4","Trait5","FASTmrMLM","PstI.TP1121933","11","7875","6.0853e-06","0.0013","C"
"4","Trait5","FASTmrMLM","PstI.TP1122952","11","7877","-0.0206","0.2204","A"
"4","Trait5","FASTmrMLM","PstI.TP1123085","11","7878","-0.0277","0.3269","A"
"4","Trait5","FASTmrMLM","PstI.TP1123176","11","7879","4.1115e-06","9e-04","A"
"4","Trait5","FASTmrMLM","PstI.TP1123232","11","7880","-7.3784e-06","0.0016","C"
"4","Trait5","FASTmrMLM","PstI.TP1123426","11","7881","7.0433e-08","1.5329e-05","G"
"4","Trait5","FASTmrMLM","PstI.TP1123526","11","7883","-5.6667e-06","0.0012","C"
"4","Trait5","FASTmrMLM","PstI.TP1123565","11","7884","-0.2099","0.8185","G"
"4","Trait5","FASTmrMLM","PstI.TP1123581","11","7885","6.4263e-06","0.0014","A"
"4","Trait5","FASTmrMLM","PstI.TP1123892","11","7887","-1e-04","0.0082","C"
"4","Trait5","FASTmrMLM","PstI.TP1123937","11","7888","-2.2074e-07","4.8041e-05","A"
"4","Trait5","FASTmrMLM","PstI.TP1124076","11","7889","-9.9139e-06","0.0022","C"
"4","Trait5","FASTmrMLM","PstI.TP1124175","11","7890","1.4043e-05","0.0031","A"
"4","Trait5","FASTmrMLM","PstI.TP1124199","11","7891","-1e-04","0.0103","A"
"4","Trait5","FASTmrMLM","PstI.TP1124649","11","7892","-2.4799e-05","0.0052","A"
"4","Trait5","FASTmrMLM","PstI.TP1125627","11","7894","3.3604e-05","0.0074","A"
"4","Trait5","FASTmrMLM","PstI.TP1125669","11","7895","9.6391e-06","0.0021","C"
"4","Trait5","FASTmrMLM","PstI.TP1125774","11","7896","0.0658","0.5004","G"
"4","Trait5","FASTmrMLM","PstI.TP1126117","11","7898","3.32e-05","0.0073","A"
"4","Trait5","FASTmrMLM","PstI.TP1126134","11","7899","0.0912","0.7653","A"
"4","Trait5","FASTmrMLM","PstI.TP1126158","11","7900","8.1787e-06","0.0018","C"
"4","Trait5","FASTmrMLM","PstI.TP1126293","11","7902","0.0051","0.0707","C"
"4","Trait5","FASTmrMLM","PstI.TP1126574","11","7903","-1.8849e-05","0.0041","A"
"4","Trait5","FASTmrMLM","PstI.TP1126952","11","7904","-3.7212e-06","8e-04","C"
"4","Trait5","FASTmrMLM","PstI.TP1127105","11","7905","-3.3341e-05","0.0066","A"
"4","Trait5","FASTmrMLM","PstI.TP1127146","11","7907","9.174e-06","0.002","A"
"4","Trait5","FASTmrMLM","PstI.TP1127198","11","7909","0.0667","0.7886","A"
"4","Trait5","FASTmrMLM","PstI.TP1127564","11","7910","1.7277e-05","0.0038","C"
"4","Trait5","FASTmrMLM","PstI.TP1127708","11","7911","-3.263e-05","0.0072","C"
"4","Trait5","FASTmrMLM","PstI.TP1127725","11","7912","-2.7063e-05","0.0059","C"
"4","Trait5","FASTmrMLM","PstI.TP1127833","11","7913","8.386e-06","0.0018","C"
"4","Trait5","FASTmrMLM","PstI.TP1128300","11","7914","-2.9322e-05","0.0064","A"
"4","Trait5","FASTmrMLM","PstI.TP1128342","11","7916","9.7702e-06","0.0021","C"
"4","Trait5","FASTmrMLM","PstI.TP1128346","11","7917","-3.3373e-05","0.0073","A"
"4","Trait5","FASTmrMLM","PstI.TP1128541","11","7921","0.0788","0.6443","C"
"4","Trait5","FASTmrMLM","PstI.TP1128591","11","7922","1.7982e-05","0.0039","C"
"4","Trait5","FASTmrMLM","PstI.TP1128649","11","7923","2.0666e-05","0.0045","A"
"4","Trait5","FASTmrMLM","PstI.TP1128710","11","7924","9.1796e-06","0.002","A"
"4","Trait5","FASTmrMLM","PstI.TP1128938","11","7925","4.5523e-06","0.001","G"
"4","Trait5","FASTmrMLM","PstI.TP1128970","11","7926","0.1095","1.1259","C"
"4","Trait5","FASTmrMLM","PstI.TP1129375","11","7927","-8.045e-06","0.0018","C"
"4","Trait5","FASTmrMLM","PstI.TP1129399","11","7928","-1.8285e-05","0.004","C"
"4","Trait5","FASTmrMLM","PstI.TP1130370","11","7930","-0.0725","0.6159","C"
"4","Trait5","FASTmrMLM","PstI.TP1130832","11","7932","7.5437e-05","0.0092","C"
"4","Trait5","FASTmrMLM","PstI.TP1130877","11","7933","1.1731e-05","0.0026","A"
"4","Trait5","FASTmrMLM","PstI.TP1130898","11","7934","-0.1075","0.6289","A"
"4","Trait5","FASTmrMLM","PstI.TP1131607","11","7935","-0.1385","1.3384","A"
"4","Trait5","FASTmrMLM","PstI.TP1131780","11","7936","3.3154e-05","0.0073","C"
"4","Trait5","FASTmrMLM","PstI.TP1131784","11","7937","0.0847","0.5932","A"
"4","Trait5","FASTmrMLM","PstI.TP1131811","11","7939","-0.0679","0.517","C"
"4","Trait5","FASTmrMLM","PstI.TP1131988","11","7940","0.0245","0.2546","A"
"4","Trait5","FASTmrMLM","PstI.TP1132089","11","7941","7.6255e-06","0.0017","C"
"4","Trait5","FASTmrMLM","PstI.TP1132204","11","7942","-8.1859e-06","0.0018","C"
"4","Trait5","FASTmrMLM","PstI.TP1132320","11","7943","-8.0702e-06","0.0018","G"
"4","Trait5","FASTmrMLM","PstI.TP1132479","11","7944","3.56e-05","0.0078","A"
"4","Trait5","FASTmrMLM","PstI.TP1132607","11","7945","2.0815e-05","0.0046","A"
"4","Trait5","FASTmrMLM","PstI.TP1132608","11","7946","-9.779e-06","0.0021","A"
"4","Trait5","FASTmrMLM","PstI.TP1132619","11","7947","-1.6196e-05","0.0035","C"
"4","Trait5","FASTmrMLM","PstI.TP1134001","11","7951","8.4545e-07","2e-04","C"
"4","Trait5","FASTmrMLM","PstI.TP1134033","11","7952","-1.422e-05","0.0031","C"
"4","Trait5","FASTmrMLM","PstI.TP1134151","11","7953","0.0315","0.3154","G"
"4","Trait5","FASTmrMLM","PstI.TP1134469","11","7954","-9.9569e-06","0.0022","A"
"4","Trait5","FASTmrMLM","PstI.TP1134670","11","7955","1.1621e-06","3e-04","A"
"4","Trait5","FASTmrMLM","PstI.TP1134689","11","7956","-4.4713e-06","0.001","A"
"4","Trait5","FASTmrMLM","PstI.TP1134942","11","7957","3.2483e-05","0.0071","A"
"4","Trait5","FASTmrMLM","PstI.TP1135050","11","7959","-2.3599e-05","0.0052","C"
"4","Trait5","FASTmrMLM","PstI.TP1135116","11","7960","0.0216","0.2691","A"
"4","Trait5","FASTmrMLM","PstI.TP1135308","11","7962","6.9073e-06","0.0015","A"
"4","Trait5","FASTmrMLM","PstI.TP1135347","11","7963","1.4567e-05","0.0032","C"
"4","Trait5","FASTmrMLM","PstI.TP1135693","11","7964","-0.2082","0.8405","C"
"4","Trait5","FASTmrMLM","PstI.TP1135748","11","7965","-0.0054","0.1321","A"
"4","Trait5","FASTmrMLM","PstI.TP1135804","11","7966","4.412e-06","0.001","C"
"4","Trait5","FASTmrMLM","PstI.TP1135827","11","7967","1.0383e-05","0.0023","A"
"4","Trait5","FASTmrMLM","PstI.TP1136115","11","7968","-1.3116e-05","0.0029","C"
"4","Trait5","FASTmrMLM","PstI.TP1137393","11","7970","8.9988e-06","0.002","A"
"4","Trait5","FASTmrMLM","PstI.TP1137624","11","7971","-2.1624e-05","0.0047","C"
"4","Trait5","FASTmrMLM","PstI.TP1137886","11","7974","2.6633e-05","0.0058","A"
"4","Trait5","FASTmrMLM","PstI.TP1137900","11","7975","9.7398e-06","0.0021","C"
"4","Trait5","FASTmrMLM","PstI.TP1138067","11","7976","0.0184","0.2848","A"
"4","Trait5","FASTmrMLM","PstI.TP1138359","11","7977","-0.0178","0.2579","C"
"4","Trait5","FASTmrMLM","PstI.TP1138510","11","7978","0.0925","0.4839","G"
"4","Trait5","FASTmrMLM","PstI.TP1138810","11","7980","-1.7134e-05","0.0037","A"
"4","Trait5","FASTmrMLM","PstI.TP1139023","11","7981","-0.0674","0.6762","A"
"4","Trait5","FASTmrMLM","PstI.TP1139109","11","7982","1e-04","0.0121","C"
"4","Trait5","FASTmrMLM","PstI.TP1139236","11","7983","7.9398e-06","0.0017","C"
"4","Trait5","FASTmrMLM","PstI.TP1139280","11","7984","-1.3571e-05","0.003","A"
"4","Trait5","FASTmrMLM","PstI.TP1139421","11","7987","-1.4541e-05","0.0032","A"
"4","Trait5","FASTmrMLM","PstI.TP1140031","11","7988","-2.4968e-05","0.0055","C"
"4","Trait5","FASTmrMLM","PstI.TP1140067","11","7989","0.0054","0.124","C"
"4","Trait5","FASTmrMLM","PstI.TP1140275","11","7990","-5.2691e-06","0.0011","A"
"4","Trait5","FASTmrMLM","PstI.TP1140544","11","7991","-0.1923","1.8309","C"
"4","Trait5","FASTmrMLM","PstI.TP1140556","11","7992","5.882e-06","0.0013","C"
"4","Trait5","FASTmrMLM","PstI.TP1140805","11","7994","7.8306e-06","0.0017","A"
"4","Trait5","FASTmrMLM","PstI.TP1141068","11","7995","5.5535e-06","0.0012","A"
"4","Trait5","FASTmrMLM","PstI.TP1141161","11","7996","3.2486e-06","7e-04","C"
"4","Trait5","FASTmrMLM","PstI.TP1141406","11","7997","-1.6416e-05","0.0036","C"
"4","Trait5","FASTmrMLM","PstI.TP1141531","11","7998","-0.027","0.3177","C"
"4","Trait5","FASTmrMLM","PstI.TP1141852","11","8000","-5.8562e-06","0.0013","A"
"4","Trait5","FASTmrMLM","PstI.TP1142252","11","8002","0.1306","1.7295","A"
"4","Trait5","FASTmrMLM","PstI.TP1142495","11","8003","-1.804e-06","4e-04","A"
"4","Trait5","FASTmrMLM","PstI.TP1142561","11","8004","-0.0316","0.4234","A"
"4","Trait5","FASTmrMLM","PstI.TP1142567","11","8005","1.4282e-05","0.0031","C"
"4","Trait5","FASTmrMLM","PstI.TP1142647","11","8006","1.0419e-05","0.0023","A"
"4","Trait5","FASTmrMLM","PstI.TP1142887","11","8007","-0.0428","0.2414","C"
"4","Trait5","FASTmrMLM","PstI.TP1143289","11","8009","1.8679e-05","0.0041","A"
"4","Trait5","FASTmrMLM","PstI.TP1143715","11","8011","1.0445e-05","0.0023","C"
"4","Trait5","FASTmrMLM","PstI.TP1143724","11","8012","2.4626e-07","5.3592e-05","C"
"4","Trait5","FASTmrMLM","PstI.TP1144149","11","8013","-0.023","0.205","A"
"4","Trait5","FASTmrMLM","PstI.TP1144174","11","8014","-7.772e-06","0.0017","C"
"4","Trait5","FASTmrMLM","PstI.TP1144286","11","8017","6.0975e-05","0.0078","G"
"4","Trait5","FASTmrMLM","PstI.TP1144400","11","8018","3.3801e-05","0.0074","C"
"4","Trait5","FASTmrMLM","PstI.TP1144847","11","8019","-4.2882e-06","9e-04","A"
"4","Trait5","FASTmrMLM","PstI.TP1144855","11","8020","-3.5905e-06","8e-04","C"
"4","Trait5","FASTmrMLM","PstI.TP1144918","11","8021","-6.8058e-06","0.0015","G"
"4","Trait5","FASTmrMLM","PstI.TP1144993","11","8022","5.0854e-06","0.0011","C"
"4","Trait5","FASTmrMLM","PstI.TP1145373","11","8024","-3.6847e-06","8e-04","C"
"4","Trait5","FASTmrMLM","PstI.TP1145577","11","8026","0.0319","0.349","C"
"4","Trait5","FASTmrMLM","PstI.TP1145679","11","8027","-2.9401e-06","6e-04","C"
"4","Trait5","FASTmrMLM","PstI.TP1146063","11","8029","-0.012","0.1503","C"
"4","Trait5","FASTmrMLM","PstI.TP1146142","11","8031","-3.6684e-06","8e-04","C"
"4","Trait5","FASTmrMLM","PstI.TP1146237","11","8032","2.5877e-05","0.0057","C"
"4","Trait5","FASTmrMLM","PstI.TP1146473","11","8034","3.2835e-05","0.0072","C"
"4","Trait5","FASTmrMLM","PstI.TP1146504","11","8036","-2.4572e-05","0.0054","C"
"4","Trait5","FASTmrMLM","PstI.TP1146668","11","8037","0.0271","0.2276","C"
"4","Trait5","FASTmrMLM","PstI.TP1146793","11","8038","-7.2221e-06","0.0016","A"
"4","Trait5","FASTmrMLM","PstI.TP1146821","11","8039","-1.2898e-05","0.0028","C"
"4","Trait5","FASTmrMLM","PstI.TP1147267","11","8040","-0.0751","0.4572","A"
"4","Trait5","FASTmrMLM","PstI.TP1147318","11","8041","0.1256","0.9413","A"
"4","Trait5","FASTmrMLM","PstI.TP1147319","11","8042","2.5189e-05","0.0055","C"
"4","Trait5","FASTmrMLM","PstI.TP1147495","11","8044","5.0518e-06","0.0011","A"
"4","Trait5","FASTmrMLM","PstI.TP1147891","11","8046","-1.6491e-06","4e-04","A"
"4","Trait5","FASTmrMLM","PstI.TP1148069","11","8047","-0.1045","1.4635","A"
"4","Trait5","FASTmrMLM","PstI.TP1148150","11","8048","0.1117","0.5565","A"
"4","Trait5","FASTmrMLM","PstI.TP1148245","11","8050","1.2562e-05","0.0027","C"
"4","Trait5","FASTmrMLM","PstI.TP1148320","11","8051","0.0947","0.4297","A"
"4","Trait5","FASTmrMLM","PstI.TP1148368","11","8053","0.0212","0.2067","G"
"4","Trait5","FASTmrMLM","PstI.TP1148444","11","8055","-0.0357","0.4025","A"
"4","Trait5","FASTmrMLM","PstI.TP1148584","11","8057","-1.2478e-05","0.0027","C"
"4","Trait5","FASTmrMLM","PstI.TP1149039","11","8059","-4.7972e-05","0.0106","C"
"4","Trait5","FASTmrMLM","PstI.TP1149137","11","8061","-1.7412e-05","0.0038","C"
"4","Trait5","FASTmrMLM","PstI.TP1149275","11","8063","1.8086e-06","4e-04","A"
"4","Trait5","FASTmrMLM","PstI.TP1149311","11","8064","-0.155","0.846","A"
"4","Trait5","FASTmrMLM","PstI.TP1149529","11","8065","-1.0098e-06","2e-04","C"
"4","Trait5","FASTmrMLM","PstI.TP1149663","11","8066","2e-04","0.0137","C"
"4","Trait5","FASTmrMLM","PstI.TP1149720","11","8067","-0.1832","1.5819","C"
"4","Trait5","FASTmrMLM","PstI.TP1149728","11","8068","-1.7294e-06","4e-04","C"
"4","Trait5","FASTmrMLM","PstI.TP1149744","11","8069","0.145","0.5234","C"
"4","Trait5","FASTmrMLM","PstI.TP1150072","11","8070","1.2451e-05","0.0027","G"
"4","Trait5","FASTmrMLM","PstI.TP1150130","11","8071","0.069","0.7473","A"
"4","Trait5","FASTmrMLM","PstI.TP1150227","11","8072","-7.0899e-07","2e-04","A"
"4","Trait5","FASTmrMLM","PstI.TP1150298","11","8073","-2e-04","0.0134","A"
"4","Trait5","FASTmrMLM","PstI.TP1150303","11","8074","-2.3983e-05","0.0053","A"
"4","Trait5","FASTmrMLM","PstI.TP1150405","11","8075","0.1084","0.7781","A"
"4","Trait5","FASTmrMLM","PstI.TP1150451","11","8076","-7.7182e-06","0.0017","C"
"4","Trait5","FASTmrMLM","PstI.TP1150621","11","8077","1.1496e-05","0.0025","A"
"4","Trait5","FASTmrMLM","PstI.TP1150876","11","8079","-9.3346e-06","0.002","A"
"4","Trait5","FASTmrMLM","PstI.TP1151011","11","8080","-0.2006","3.2315","C"
"4","Trait5","FASTmrMLM","PstI.TP1151240","11","8081","1.0149e-05","0.0022","C"
"4","Trait5","FASTmrMLM","PstI.TP1151341","11","8082","-3.2596e-06","7e-04","G"
"4","Trait5","FASTmrMLM","PstI.TP1151415","11","8084","2.1663e-05","0.0047","G"
"4","Trait5","FASTmrMLM","PstI.TP1151495","11","8085","0.1069","0.4522","C"
"4","Trait5","FASTmrMLM","PstI.TP1151934","11","8086","-0.0827","0.8567","C"
"4","Trait5","FASTmrMLM","PstI.TP1152009","11","8087","2.7011e-05","0.0059","A"
"4","Trait5","FASTmrMLM","PstI.TP1152046","11","8089","1.3782e-05","0.003","C"
"4","Trait5","FASTmrMLM","PstI.TP1152171","11","8091","-3.1313e-06","7e-04","A"
"4","Trait5","FASTmrMLM","PstI.TP1152333","11","8093","-0.0966","0.7865","C"
"4","Trait5","FASTmrMLM","PstI.TP1152455","11","8094","-6.7653e-06","0.0015","A"
"4","Trait5","FASTmrMLM","PstI.TP1152541","11","8096","-0.0525","0.597","A"
"4","Trait5","FASTmrMLM","PstI.TP1152554","11","8097","1.3509e-05","0.003","C"
"4","Trait5","FASTmrMLM","PstI.TP1152925","11","8098","-1.3174e-05","0.0029","C"
"4","Trait5","FASTmrMLM","PstI.TP1153026","11","8099","-3.2068e-06","7e-04","C"
"4","Trait5","FASTmrMLM","PstI.TP1153902","11","8100","0.0544","0.4185","C"
"4","Trait5","FASTmrMLM","PstI.TP1154071","11","8101","-4.7172e-06","0.001","A"
"4","Trait5","FASTmrMLM","PstI.TP1154406","11","8102","0.0965","1.0781","C"
"4","Trait5","FASTmrMLM","PstI.TP1154415","11","8103","3.7104e-05","0.0082","A"
"4","Trait5","FASTmrMLM","PstI.TP1154429","11","8104","9.1847e-06","0.002","C"
"4","Trait5","FASTmrMLM","PstI.TP1154447","11","8105","1.5977e-06","3e-04","C"
"4","Trait5","FASTmrMLM","PstI.TP1154805","11","8107","1.4733e-05","0.0032","A"
"4","Trait5","FASTmrMLM","PstI.TP1154811","11","8108","3.4776e-06","8e-04","G"
"4","Trait5","FASTmrMLM","PstI.TP1154847","11","8110","-3.0126e-06","7e-04","A"
"4","Trait5","FASTmrMLM","PstI.TP1155810","11","8114","4.8719e-06","0.0011","G"
"4","Trait5","FASTmrMLM","PstI.TP1156206","11","8116","0.1997","1.252","A"
"4","Trait5","FASTmrMLM","PstI.TP1156641","11","8119","0.0651","0.3985","C"
"4","Trait5","FASTmrMLM","PstI.TP1156839","11","8120","9.0467e-06","0.002","A"
"4","Trait5","FASTmrMLM","PstI.TP1156877","11","8121","-2.784e-06","6e-04","C"
"4","Trait5","FASTmrMLM","PstI.TP1157239","11","8122","-1.2138e-05","0.0027","C"
"4","Trait5","FASTmrMLM","PstI.TP1157245","11","8123","-0.0135","0.1532","C"
"4","Trait5","FASTmrMLM","PstI.TP1157254","11","8124","0.0607","0.4753","C"
"4","Trait5","FASTmrMLM","PstI.TP1157255","11","8125","-5.5018e-06","0.0012","C"
"4","Trait5","FASTmrMLM","PstI.TP1157433","11","8126","0.1029","0.8171","A"
"4","Trait5","FASTmrMLM","PstI.TP1157609","11","8127","-0.0572","0.6078","C"
"4","Trait5","FASTmrMLM","PstI.TP1157714","11","8128","1.2745e-05","0.0028","A"
"4","Trait5","FASTmrMLM","PstI.TP1158042","11","8129","1.4317e-05","0.0031","A"
"4","Trait5","FASTmrMLM","PstI.TP1158178","11","8130","-1.5392e-05","0.0034","C"
"4","Trait5","FASTmrMLM","PstI.TP1158265","11","8131","0.1719","1.7871","C"
"4","Trait5","FASTmrMLM","PstI.TP1158509","11","8132","-1.4063e-05","0.0031","G"
"4","Trait5","FASTmrMLM","PstI.TP1158639","11","8133","0.0922","0.5886","C"
"4","Trait5","FASTmrMLM","PstI.TP1158808","11","8134","7.3058e-07","2e-04","A"
"4","Trait5","FASTmrMLM","PstI.TP1158983","11","8136","5.6891e-06","0.0012","A"
"4","Trait5","FASTmrMLM","PstI.TP1159137","11","8138","0.0711","0.5177","A"
"4","Trait5","FASTmrMLM","PstI.TP1159160","11","8139","-1.5231e-05","0.0033","A"
"4","Trait5","FASTmrMLM","PstI.TP1159423","11","8140","0.032","0.3788","C"
"4","Trait5","FASTmrMLM","PstI.TP1159424","11","8141","0.1792","0.7522","C"
"4","Trait5","FASTmrMLM","PstI.TP1159854","11","8142","-2.2084e-05","0.0048","A"
"4","Trait5","FASTmrMLM","PstI.TP1159860","11","8143","2.7168e-05","0.006","C"
"4","Trait5","FASTmrMLM","PstI.TP1159924","11","8144","-1.2337e-05","0.0027","A"
"4","Trait5","FASTmrMLM","PstI.TP1160322","11","8146","-1.3955e-05","0.003","G"
"4","Trait5","FASTmrMLM","PstI.TP1160577","11","8148","0.0225","0.2922","C"
"4","Trait5","FASTmrMLM","PstI.TP1160606","11","8149","-4.2244e-05","0.0093","A"
"4","Trait5","FASTmrMLM","PstI.TP1160878","11","8151","1.0281e-05","0.0022","A"
"4","Trait5","FASTmrMLM","PstI.TP1161254","11","8152","-3.7719e-06","8e-04","A"
"4","Trait5","FASTmrMLM","PstI.TP1161418","11","8153","-4.3231e-06","9e-04","A"
"4","Trait5","FASTmrMLM","PstI.TP1161540","11","8155","0.1173","0.4251","A"
"4","Trait5","FASTmrMLM","PstI.TP1161603","11","8156","-3.8957e-06","8e-04","A"
"4","Trait5","FASTmrMLM","PstI.TP1161687","11","8158","-0.0615","0.5289","G"
"4","Trait5","FASTmrMLM","PstI.TP1161742","11","8159","-2.7765e-05","0.0061","C"
"4","Trait5","FASTmrMLM","PstI.TP1161929","11","8161","5.1273e-06","0.0011","C"
"4","Trait5","FASTmrMLM","PstI.TP1162023","11","8162","8.1657e-06","0.0018","A"
"4","Trait5","FASTmrMLM","PstI.TP1162073","11","8163","2.3387e-05","0.0051","A"
"4","Trait5","FASTmrMLM","PstI.TP1162215","11","8164","3.7401e-05","0.0069","C"
"4","Trait5","FASTmrMLM","PstI.TP1162877","11","8166","1.2305e-05","0.0027","A"
"4","Trait5","FASTmrMLM","PstI.TP1162951","11","8168","1.0512e-05","0.0023","A"
"4","Trait5","FASTmrMLM","PstI.TP1162955","11","8169","-0.106","0.9084","C"
"4","Trait5","FASTmrMLM","PstI.TP1163003","11","8170","-0.0466","0.4176","A"
"4","Trait5","FASTmrMLM","PstI.TP1163084","11","8171","0.0618","0.4418","C"
"4","Trait5","FASTmrMLM","PstI.TP1163151","11","8173","3.6409e-05","0.008","A"
"4","Trait5","FASTmrMLM","PstI.TP1163161","11","8174","-0.1983","1.69","A"
"4","Trait5","FASTmrMLM","PstI.TP1163170","11","8175","0.1837","0.9919","C"
"4","Trait5","FASTmrMLM","PstI.TP1163178","11","8176","7.0042e-06","0.0015","G"
"4","Trait5","FASTmrMLM","PstI.TP1163307","11","8177","1.8186e-05","0.004","A"
"4","Trait5","FASTmrMLM","PstI.TP1163546","11","8178","1.0789e-05","0.0024","C"
"4","Trait5","FASTmrMLM","PstI.TP1163628","11","8179","-3.4986e-06","8e-04","A"
"4","Trait5","FASTmrMLM","PstI.TP1163826","11","8181","1.6995e-05","0.0037","G"
"4","Trait5","FASTmrMLM","PstI.TP1163884","11","8182","0.0751","0.8405","G"
"4","Trait5","FASTmrMLM","PstI.TP1164169","11","8183","1.8898e-05","0.0041","C"
"4","Trait5","FASTmrMLM","PstI.TP1164301","11","8184","6.8985e-07","2e-04","C"
"4","Trait5","FASTmrMLM","PstI.TP1164478","11","8185","0.0357","0.1936","C"
"4","Trait5","FASTmrMLM","PstI.TP1164576","11","8187","5.0267e-06","0.0011","A"
"4","Trait5","FASTmrMLM","PstI.TP1164686","11","8188","-1.4005e-05","0.0031","C"
"4","Trait5","FASTmrMLM","PstI.TP1164803","11","8190","1.3957e-05","0.003","A"
"4","Trait5","FASTmrMLM","PstI.TP1164990","11","8191","0.0092","0.1932","G"
"4","Trait5","FASTmrMLM","PstI.TP1165514","11","8192","3.1123e-05","0.0068","C"
"4","Trait5","FASTmrMLM","PstI.TP1165702","11","8193","2.9178e-06","6e-04","G"
"4","Trait5","FASTmrMLM","PstI.TP1165814","11","8194","0.0241","0.2465","A"
"4","Trait5","FASTmrMLM","PstI.TP1165956","11","8196","2.504e-06","5e-04","A"
"4","Trait5","FASTmrMLM","PstI.TP1166120","11","8197","-2.1574e-05","0.0047","C"
"4","Trait5","FASTmrMLM","PstI.TP1166185","11","8198","1.585e-05","0.0035","A"
"4","Trait5","FASTmrMLM","PstI.TP1166684","11","8202","-0.0534","0.4465","A"
"4","Trait5","FASTmrMLM","PstI.TP1166781","11","8203","-2.4497e-06","5e-04","C"
"4","Trait5","FASTmrMLM","PstI.TP1167261","11","8204","6.5957e-07","1e-04","A"
"4","Trait5","FASTmrMLM","PstI.TP1167599","11","8206","-2.1679e-05","0.0047","A"
"4","Trait5","FASTmrMLM","PstI.TP1167654","11","8207","9.6271e-06","0.0021","A"
"4","Trait5","FASTmrMLM","PstI.TP1167705","11","8208","2.7229e-06","6e-04","A"
"4","Trait5","FASTmrMLM","PstI.TP1167792","11","8209","-5.3035e-05","0.0081","A"
"4","Trait5","FASTmrMLM","PstI.TP1167983","11","8210","3.4409e-05","0.0076","A"
"4","Trait5","FASTmrMLM","PstI.TP1167998","11","8211","-2.7339e-05","0.006","C"
"4","Trait5","FASTmrMLM","PstI.TP1168062","11","8212","-0.0686","0.9104","C"
"4","Trait5","FASTmrMLM","PstI.TP1168212","11","8213","1.9978e-05","0.0044","C"
"4","Trait5","FASTmrMLM","PstI.TP1168531","11","8214","-0.0314","0.2413","C"
"4","Trait5","FASTmrMLM","PstI.TP1168860","11","8215","-1.9808e-05","0.0043","C"
"4","Trait5","FASTmrMLM","PstI.TP1169013","11","8216","2.7728e-06","6e-04","C"
"4","Trait5","FASTmrMLM","PstI.TP1169376","11","8218","1.6029e-06","3e-04","A"
"4","Trait5","FASTmrMLM","PstI.TP1169556","11","8219","-0.1039","1.261","G"
"4","Trait5","FASTmrMLM","PstI.TP1169636","11","8220","1.5809e-05","0.0035","A"
"4","Trait5","FASTmrMLM","PstI.TP1169909","11","8221","0.0891","0.5017","G"
"4","Trait5","FASTmrMLM","PstI.TP1170228","11","8222","1.1718e-05","0.0026","C"
"4","Trait5","FASTmrMLM","PstI.TP1170703","11","8223","-1.0451e-05","0.0023","A"
"4","Trait5","FASTmrMLM","PstI.TP1170814","11","8224","-0.0705","0.7085","C"
"4","Trait5","FASTmrMLM","PstI.TP1170856","11","8225","-1.4913e-05","0.0033","C"
"4","Trait5","FASTmrMLM","PstI.TP1170910","11","8226","2.8393e-06","6e-04","A"
"4","Trait5","FASTmrMLM","PstI.TP1170969","11","8228","1.4828e-05","0.0032","A"
"4","Trait5","FASTmrMLM","PstI.TP1171017","11","8229","0.2188","2.2609","C"
"4","Trait5","FASTmrMLM","PstI.TP1171019","11","8230","-0.2007","0.6855","C"
"4","Trait5","FASTmrMLM","PstI.TP1171486","11","8231","-1.574e-05","0.0034","G"
"4","Trait5","FASTmrMLM","PstI.TP1171514","11","8232","-9.4796e-06","0.0021","G"
"4","Trait5","FASTmrMLM","PstI.TP1171718","11","8233","0.0661","0.6575","A"
"4","Trait5","FASTmrMLM","PstI.TP1171815","11","8234","1.8678e-05","0.0041","A"
"4","Trait5","FASTmrMLM","PstI.TP1171896","11","8235","1.4696e-05","0.0032","C"
"4","Trait5","FASTmrMLM","PstI.TP1171981","11","8238","-0.0363","0.3724","C"
"4","Trait5","FASTmrMLM","PstI.TP1172032","11","8240","0.2121","0.9586","A"
"4","Trait5","FASTmrMLM","PstI.TP1172215","11","8242","0.0759","0.5686","G"
"4","Trait5","FASTmrMLM","PstI.TP1172252","11","8243","-0.1217","0.5141","A"
"4","Trait5","FASTmrMLM","PstI.TP1172327","11","8244","-3.4398e-07","7.4862e-05","C"
"4","Trait5","FASTmrMLM","PstI.TP1172386","11","8246","-4.2583e-06","9e-04","C"
"4","Trait5","FASTmrMLM","PstI.TP1172771","11","8249","0.165","1.1148","A"
"4","Trait5","FASTmrMLM","PstI.TP1172912","11","8250","3.0981e-06","7e-04","C"
"4","Trait5","FASTmrMLM","PstI.TP1173305","11","8252","-0.0172","0.2705","A"
"4","Trait5","FASTmrMLM","PstI.TP1173442","11","8253","-2.0037e-05","0.0044","C"
"4","Trait5","FASTmrMLM","PstI.TP1173990","11","8256","3.7971e-08","8.2628e-06","A"
"4","Trait5","FASTmrMLM","PstI.TP1174169","11","8257","2.3081e-05","0.0051","C"
"4","Trait5","FASTmrMLM","PstI.TP1174195","11","8259","-0.1091","1.1041","C"
"4","Trait5","FASTmrMLM","PstI.TP1174223","11","8260","0.064","0.3294","A"
"4","Trait5","FASTmrMLM","PstI.TP1174341","11","8261","-9.0625e-06","0.002","A"
"4","Trait5","FASTmrMLM","PstI.TP1174398","11","8263","1.6909e-05","0.0037","A"
"4","Trait5","FASTmrMLM","PstI.TP1174505","11","8265","-0.1704","0.9336","A"
"4","Trait5","FASTmrMLM","PstI.TP1174582","11","8266","1.1317e-05","0.0025","C"
"4","Trait5","FASTmrMLM","PstI.TP1174617","11","8267","-2.0553e-05","0.0045","A"
"4","Trait5","FASTmrMLM","PstI.TP1174833","11","8269","0.0678","0.3826","A"
"4","Trait5","FASTmrMLM","PstI.TP1174881","11","8270","3e-04","0.0137","A"
"4","Trait5","FASTmrMLM","PstI.TP1174936","11","8271","-1.6089e-05","0.0035","A"
"4","Trait5","FASTmrMLM","PstI.TP1175015","11","8272","3.4756e-06","8e-04","C"
"4","Trait5","FASTmrMLM","PstI.TP1175036","11","8273","0.1121","0.837","A"
"4","Trait5","FASTmrMLM","PstI.TP1175096","11","8274","-4.3263e-06","9e-04","A"
"4","Trait5","FASTmrMLM","PstI.TP1175101","11","8275","-1.1452e-05","0.0025","C"
"4","Trait5","FASTmrMLM","PstI.TP1175107","11","8276","-3.5869e-06","8e-04","A"
"4","Trait5","FASTmrMLM","PstI.TP1175135","11","8277","-0.1197","0.9964","A"
"4","Trait5","FASTmrMLM","PstI.TP1175142","11","8278","-1.4914e-05","0.0033","A"
"4","Trait5","FASTmrMLM","PstI.TP1175252","11","8279","-0.1111","0.8555","C"
"4","Trait5","FASTmrMLM","PstI.TP1175461","11","8280","-0.0063","0.1294","C"
"4","Trait5","FASTmrMLM","PstI.TP1175604","11","8282","-0.0772","0.7502","A"
"4","Trait5","FASTmrMLM","PstI.TP1176376","11","8285","-1.8219e-05","0.004","C"
"4","Trait5","FASTmrMLM","PstI.TP1176448","11","8287","0.0287","0.1706","A"
"4","Trait5","FASTmrMLM","PstI.TP1176681","11","8289","2.2097e-05","0.0048","C"
"4","Trait5","FASTmrMLM","PstI.TP1176683","11","8290","-1.4747e-05","0.0032","G"
"4","Trait5","FASTmrMLM","PstI.TP1176715","11","8291","0.0042","0.105","A"
"4","Trait5","FASTmrMLM","PstI.TP1176793","11","8292","0.0392","0.3245","A"
"4","Trait5","FASTmrMLM","PstI.TP1176910","11","8293","4.628e-06","0.001","A"
"4","Trait5","FASTmrMLM","PstI.TP1177173","11","8294","-2.3727e-05","0.0052","A"
"4","Trait5","FASTmrMLM","PstI.TP1177181","11","8295","-2.6684e-05","0.0058","A"
"4","Trait5","FASTmrMLM","PstI.TP1177200","11","8297","0.0853","0.859","A"
"4","Trait5","FASTmrMLM","PstI.TP1177506","11","8298","-1.0129e-05","0.0022","C"
"4","Trait5","FASTmrMLM","PstI.TP1177625","11","8299","-0.1302","0.904","C"
"4","Trait5","FASTmrMLM","PstI.TP1177675","11","8300","1.093e-05","0.0024","A"
"4","Trait5","FASTmrMLM","PstI.TP1177795","11","8301","0.0958","1.1389","A"
"4","Trait5","FASTmrMLM","PstI.TP1177996","11","8302","-2.0155e-05","0.0044","C"
"4","Trait5","FASTmrMLM","PstI.TP1178181","11","8303","0.3048","1.3335","A"
"4","Trait5","FASTmrMLM","PstI.TP1178552","11","8304","-7.0217e-06","0.0015","A"
"4","Trait5","FASTmrMLM","PstI.TP1178578","11","8306","-0.0111","0.1794","C"
"4","Trait5","FASTmrMLM","PstI.TP1178652","11","8307","-1.9884e-05","0.0044","A"
"4","Trait5","FASTmrMLM","PstI.TP1178981","11","8308","-0.1911","0.5561","A"
"4","Trait5","FASTmrMLM","PstI.TP1179075","11","8309","0.0247","0.1939","C"
"4","Trait5","FASTmrMLM","PstI.TP1179212","11","8310","-1.371e-05","0.003","G"
"4","Trait5","FASTmrMLM","PstI.TP1179246","11","8311","5.1223e-07","1e-04","G"
"4","Trait5","FASTmrMLM","PstI.TP1179459","11","8312","-0.1956","1.4785","A"
"4","Trait5","FASTmrMLM","PstI.TP1179606","11","8313","-0.0229","0.3501","C"
"4","Trait5","FASTmrMLM","PstI.TP1179650","11","8314","6.5312e-05","0.0078","A"
"4","Trait5","FASTmrMLM","PstI.TP1179881","11","8315","-3.2635e-05","0.0072","C"
"4","Trait5","FASTmrMLM","PstI.TP1179945","11","8317","-1.8482e-06","4e-04","A"
"4","Trait5","FASTmrMLM","PstI.TP1180385","11","8319","9.5992e-06","0.0021","A"
"4","Trait5","FASTmrMLM","PstI.TP1180478","11","8320","3.2627e-05","0.0072","A"
"4","Trait5","FASTmrMLM","PstI.TP1180583","11","8321","6.8758e-06","0.0015","C"
"4","Trait5","FASTmrMLM","PstI.TP1180648","11","8322","-2.1699e-05","0.0047","A"
"4","Trait5","FASTmrMLM","PstI.TP1180859","11","8323","-0.064","0.4356","A"
"4","Trait5","FASTmrMLM","PstI.TP1180967","11","8324","-3.0398e-05","0.0067","A"
"4","Trait5","FASTmrMLM","PstI.TP1180982","11","8325","-0.2177","1.0164","A"
"4","Trait5","FASTmrMLM","PstI.TP1181013","11","8326","1.3062e-05","0.0029","A"
"4","Trait5","FASTmrMLM","PstI.TP1181103","11","8327","-1.1129e-05","0.0024","C"
"4","Trait5","FASTmrMLM","PstI.TP1181161","11","8328","1.4397e-05","0.0031","C"
"4","Trait5","FASTmrMLM","PstI.TP1181511","11","8331","-0.0376","0.3665","C"
"4","Trait5","FASTmrMLM","PstI.TP1181734","11","8332","1.7188e-06","4e-04","A"
"4","Trait5","FASTmrMLM","PstI.TP1181998","11","8335","0.0602","0.348","C"
"4","Trait5","FASTmrMLM","PstI.TP1182001","11","8336","-0.0404","0.3114","C"
"4","Trait5","FASTmrMLM","PstI.TP1182387","11","8337","-1.4261e-05","0.0031","C"
"4","Trait5","FASTmrMLM","PstI.TP1182414","11","8338","1.0297e-05","0.0022","C"
"4","Trait5","FASTmrMLM","PstI.TP1182748","11","8339","-0.0447","0.3946","A"
"4","Trait5","FASTmrMLM","PstI.TP1182788","11","8341","1.291e-06","3e-04","A"
"4","Trait5","FASTmrMLM","PstI.TP1182890","11","8342","5.472e-06","0.0012","A"
"4","Trait5","FASTmrMLM","PstI.TP1183040","11","8343","-1.5233e-05","0.0033","C"
"4","Trait5","FASTmrMLM","PstI.TP1183122","11","8345","3.6294e-05","0.0054","A"
"4","Trait5","FASTmrMLM","PstI.TP1183195","11","8346","-0.2349","1.7722","C"
"4","Trait5","FASTmrMLM","PstI.TP1183292","11","8347","0.0223","0.3201","C"
"4","Trait5","FASTmrMLM","PstI.TP1183302","11","8348","0.0877","0.5922","G"
"4","Trait5","FASTmrMLM","PstI.TP1183342","11","8350","-3.8989e-05","0.0086","C"
"4","Trait5","FASTmrMLM","PstI.TP1183488","11","8352","6.8598e-06","0.0015","A"
"4","Trait5","FASTmrMLM","PstI.TP1183491","11","8353","1.1041e-05","0.0024","C"
"4","Trait5","FASTmrMLM","PstI.TP1183807","11","8355","-1.3091e-05","0.0029","C"
"4","Trait5","FASTmrMLM","PstI.TP1184007","11","8357","-1.867e-05","0.0041","G"
"4","Trait5","FASTmrMLM","PstI.TP1184069","11","8359","0.0452","0.3348","C"
"4","Trait5","FASTmrMLM","PstI.TP1184245","11","8361","9.0062e-06","0.002","A"
"4","Trait5","FASTmrMLM","PstI.TP1184368","11","8362","7.4171e-06","0.0016","A"
"4","Trait5","FASTmrMLM","PstI.TP1184377","11","8363","-0.0443","0.5502","C"
"4","Trait5","FASTmrMLM","PstI.TP1184385","11","8364","-2.31e-05","0.0051","G"
"4","Trait5","FASTmrMLM","PstI.TP1184478","11","8365","1.6461e-05","0.0036","G"
"4","Trait5","FASTmrMLM","PstI.TP1184907","11","8367","-1.8212e-06","4e-04","A"
"4","Trait5","FASTmrMLM","PstI.TP1184930","11","8368","0.1018","1.1978","G"
"4","Trait5","FASTmrMLM","PstI.TP1185012","11","8369","-2.3485e-05","0.0051","A"
"4","Trait5","FASTmrMLM","PstI.TP1185087","11","8371","9.6603e-06","0.0021","A"
"4","Trait5","FASTmrMLM","PstI.TP1185093","11","8372","2e-04","0.0152","C"
"4","Trait5","FASTmrMLM","PstI.TP1185183","11","8373","-0.0467","0.4412","C"
"4","Trait5","FASTmrMLM","PstI.TP1185245","11","8374","-1.0328e-05","0.0023","C"
"4","Trait5","FASTmrMLM","PstI.TP1185454","11","8376","1.472e-05","0.0032","A"
"4","Trait5","FASTmrMLM","PstI.TP1186005","11","8382","-3.7669e-07","8.199e-05","A"
"4","Trait5","FASTmrMLM","PstI.TP1186047","11","8383","-7.1878e-06","0.0016","A"
"4","Trait5","FASTmrMLM","PstI.TP1186124","11","8384","7.9971e-06","0.0017","C"
"4","Trait5","FASTmrMLM","PstI.TP1186542","11","8386","-3.6767e-06","8e-04","G"
"4","Trait5","FASTmrMLM","PstI.TP1186549","11","8387","-0.069","0.4085","A"
"4","Trait5","FASTmrMLM","PstI.TP1187093","11","8389","-4.3847e-05","0.0074","A"
"4","Trait5","FASTmrMLM","PstI.TP1187517","11","8390","-3.3327e-05","0.0073","A"
"4","Trait5","FASTmrMLM","PstI.TP1187813","11","8391","3e-04","0.0151","C"
"4","Trait5","FASTmrMLM","PstI.TP1188065","11","8392","-2.3546e-06","5e-04","C"
"4","Trait5","FASTmrMLM","PstI.TP1188323","11","8394","-0.0389","0.2421","A"
"4","Trait5","FASTmrMLM","PstI.TP1188697","11","8395","1.0999e-06","2e-04","A"
"4","Trait5","FASTmrMLM","PstI.TP1188741","11","8396","-1.7961e-06","4e-04","G"
"4","Trait5","FASTmrMLM","PstI.TP1188827","11","8397","3.8832e-07","8.4522e-05","C"
"4","Trait5","FASTmrMLM","PstI.TP1188882","11","8398","-0.0694","0.7767","G"
"4","Trait5","FASTmrMLM","PstI.TP1188898","11","8399","-0.1322","1.023","A"
"4","Trait5","FASTmrMLM","PstI.TP1188917","11","8400","3.796e-05","0.0083","C"
"4","Trait5","FASTmrMLM","PstI.TP1189013","11","8402","1.2263e-05","0.0027","A"
"4","Trait5","FASTmrMLM","PstI.TP1189138","11","8403","2.4257e-06","5e-04","A"
"4","Trait5","FASTmrMLM","PstI.TP1189355","11","8404","-2.0623e-05","0.0045","G"
"4","Trait5","FASTmrMLM","PstI.TP1189433","11","8405","-1.2242e-05","0.0027","A"
"4","Trait5","FASTmrMLM","PstI.TP1189602","11","8406","0.1621","1.1054","A"
"4","Trait5","FASTmrMLM","PstI.TP1189845","11","8407","0.1888","0.6669","A"
"4","Trait5","FASTmrMLM","PstI.TP1190452","11","8410","-0.1939","0.7726","C"
"4","Trait5","FASTmrMLM","PstI.TP1190483","11","8411","3.4314e-05","0.0075","A"
"4","Trait5","FASTmrMLM","PstI.TP1190717","11","8412","7.0283e-06","0.0015","C"
"4","Trait5","FASTmrMLM","PstI.TP1190924","11","8414","-0.0241","0.2192","A"
"4","Trait5","FASTmrMLM","PstI.TP1191208","11","8417","3.735e-05","0.0082","A"
"4","Trait5","FASTmrMLM","PstI.TP1191243","11","8418","-9.4023e-06","0.0021","A"
"4","Trait5","FASTmrMLM","PstI.TP1191282","11","8419","-1.4638e-05","0.0032","A"
"4","Trait5","FASTmrMLM","PstI.TP1191293","11","8421","2.7449e-05","0.006","A"
"4","Trait5","FASTmrMLM","PstI.TP1191340","11","8422","1.1679e-05","0.0025","G"
"4","Trait5","FASTmrMLM","PstI.TP1191444","11","8423","7.8671e-05","0.0086","C"
"4","Trait5","FASTmrMLM","PstI.TP1191629","11","8424","-2.1938e-05","0.0048","C"
"4","Trait5","FASTmrMLM","PstI.TP1191682","11","8426","-1.2692e-05","0.0028","C"
"4","Trait5","FASTmrMLM","PstI.TP1191750","11","8427","1.1141e-05","0.0024","A"
"4","Trait5","FASTmrMLM","PstI.TP1191859","11","8428","-4.2236e-06","9e-04","A"
"4","Trait5","FASTmrMLM","PstI.TP1191975","11","8430","8.2659e-06","0.0018","A"
"4","Trait5","FASTmrMLM","PstI.TP1192515","11","8431","-0.0534","0.4874","A"
"4","Trait5","FASTmrMLM","PstI.TP1192546","11","8432","-3.5493e-05","0.0078","C"
"4","Trait5","FASTmrMLM","PstI.TP1192610","11","8433","0.0267","0.3576","A"
"4","Trait5","FASTmrMLM","PstI.TP1192919","11","8434","5.6911e-06","0.0012","G"
"4","Trait5","FASTmrMLM","PstI.TP1192927","11","8435","1.5253e-05","0.0033","A"
"4","Trait5","FASTmrMLM","PstI.TP1193318","11","8436","2.7179e-05","0.006","A"
"4","Trait5","FASTmrMLM","PstI.TP1193383","11","8437","1.1479e-05","0.0025","A"
"4","Trait5","FASTmrMLM","PstI.TP1193511","11","8438","1.0004e-05","0.0022","C"
"4","Trait5","FASTmrMLM","PstI.TP1193562","11","8439","-0.0788","0.8504","A"
"4","Trait5","FASTmrMLM","PstI.TP1193608","11","8440","-0.0511","0.4105","A"
"4","Trait5","FASTmrMLM","PstI.TP1193653","11","8441","-0.0129","0.0977","C"
"4","Trait5","FASTmrMLM","PstI.TP1193743","11","8442","-0.2412","1.6157","C"
"4","Trait5","FASTmrMLM","PstI.TP1193826","11","8443","0.1825","1.343","A"
"4","Trait5","FASTmrMLM","PstI.TP1193860","11","8444","-1.8258e-06","4e-04","A"
"4","Trait5","FASTmrMLM","PstI.TP1193905","11","8445","-1.1458e-05","0.0025","C"
"4","Trait5","FASTmrMLM","PstI.TP1193927","11","8446","1.909e-05","0.0042","A"
"4","Trait5","FASTmrMLM","PstI.TP1193959","11","8447","1.559e-06","3e-04","A"
"4","Trait5","FASTmrMLM","PstI.TP1193997","11","8448","-2.448e-05","0.0054","A"
"4","Trait5","FASTmrMLM","PstI.TP1194132","11","8449","1.5056e-05","0.0033","A"
"4","Trait5","FASTmrMLM","PstI.TP1194898","11","8450","9.7701e-07","2e-04","A"
"4","Trait5","FASTmrMLM","PstI.TP1195369","11","8454","-0.0569","0.4553","C"
"4","Trait5","FASTmrMLM","PstI.TP1195402","11","8455","2.2814e-05","0.005","A"
"4","Trait5","FASTmrMLM","PstI.TP1195693","11","8456","1.1174e-05","0.0024","A"
"4","Trait5","FASTmrMLM","PstI.TP1195695","11","8457","1.8899e-05","0.0041","A"
"4","Trait5","FASTmrMLM","PstI.TP1196190","11","8459","0.6289","2.8289","A"
"4","Trait5","FASTmrMLM","PstI.TP1196344","11","8461","0.1026","0.4932","C"
"4","Trait5","FASTmrMLM","PstI.TP1196374","11","8462","1.0192e-07","2.2183e-05","C"
"4","Trait5","FASTmrMLM","PstI.TP1196614","11","8463","-9.0678e-06","0.002","G"
"4","Trait5","FASTmrMLM","PstI.TP1197358","11","8464","9.1528e-06","0.002","C"
"4","Trait5","FASTmrMLM","PstI.TP1198055","11","8465","-7.0115e-06","0.0015","C"
"4","Trait5","FASTmrMLM","PstI.TP1198228","11","8466","-9.8859e-06","0.0022","A"
"4","Trait5","FASTmrMLM","PstI.TP1198416","11","8467","-7.9191e-06","0.0017","C"
"4","Trait5","FASTmrMLM","PstI.TP1198511","11","8468","0.124","0.8889","A"
"4","Trait5","FASTmrMLM","PstI.TP1198706","11","8469","0.0288","0.3016","A"
"4","Trait5","FASTmrMLM","PstI.TP1198735","11","8470","-0.0315","0.2691","A"
"4","Trait5","FASTmrMLM","PstI.TP1198797","11","8471","-8.6825e-07","2e-04","C"
"4","Trait5","FASTmrMLM","PstI.TP1199221","11","8472","0.0407","0.252","A"
"4","Trait5","FASTmrMLM","PstI.TP1199268","11","8473","8.3691e-06","0.0018","A"
"4","Trait5","FASTmrMLM","PstI.TP1199324","11","8474","-1.8534e-05","0.0041","G"
"4","Trait5","FASTmrMLM","PstI.TP1199327","11","8475","-1.8028e-05","0.0039","G"
"4","Trait5","FASTmrMLM","PstI.TP1200110","11","8477","-9.4654e-06","0.0021","A"
"4","Trait5","FASTmrMLM","PstI.TP1200648","11","8479","2.2284e-05","0.0049","A"
"4","Trait5","FASTmrMLM","PstI.TP1200684","11","8480","-1.7487e-05","0.0038","A"
"4","Trait5","FASTmrMLM","PstI.TP1200719","11","8481","-0.0316","0.2782","C"
"4","Trait5","FASTmrMLM","PstI.TP1201075","11","8484","6.0041e-06","0.0013","C"
"4","Trait5","FASTmrMLM","PstI.TP1201238","11","8485","1.6228e-07","3.5317e-05","A"
"4","Trait5","FASTmrMLM","PstI.TP1201445","11","8486","0.1137","1.2546","A"
"4","Trait5","FASTmrMLM","PstI.TP1201826","11","8487","-0.0959","0.5799","A"
"4","Trait5","FASTmrMLM","PstI.TP1202406","11","8488","-0.0354","0.4602","C"
"4","Trait5","FASTmrMLM","PstI.TP1202714","11","8490","0.0889","0.922","C"
"4","Trait5","FASTmrMLM","PstI.TP1203044","11","8491","-2.3785e-05","0.0052","C"
"4","Trait5","FASTmrMLM","PstI.TP1203227","11","8492","-9.3834e-06","0.002","G"
"4","Trait5","FASTmrMLM","PstI.TP1203500","11","8493","-3.9842e-05","0.0088","G"
"4","Trait5","FASTmrMLM","PstI.TP1203650","11","8494","-2e-04","0.0081","A"
"4","Trait5","FASTmrMLM","PstI.TP1203741","11","8496","1.1691e-05","0.0026","C"
"4","Trait5","FASTmrMLM","PstI.TP1204045","11","8497","1.3388e-05","0.0029","C"
"4","Trait5","FASTmrMLM","PstI.TP1204344","11","8498","0.0314","0.3483","C"
"4","Trait5","FASTmrMLM","PstI.TP1204390","11","8499","-2.4107e-05","0.0053","A"
"4","Trait5","FASTmrMLM","PstI.TP1204692","11","8501","2.7208e-05","0.006","C"
"4","Trait5","FASTmrMLM","PstI.TP1204787","11","8502","-0.077","0.7699","A"
"4","Trait5","FASTmrMLM","PstI.TP1205180","11","8503","-4.3681e-06","0.001","C"
"4","Trait5","FASTmrMLM","PstI.TP1205276","11","8504","-2.4694e-05","0.0054","G"
"4","Trait5","FASTmrMLM","PstI.TP1205395","11","8505","-9.366e-06","0.002","C"
"4","Trait5","FASTmrMLM","PstI.TP1206488","11","8506","2.412e-05","0.0053","C"
"4","Trait5","FASTmrMLM","PstI.TP1206996","11","8508","0.1215","1.18","A"
"4","Trait5","FASTmrMLM","PstI.TP1207283","11","8509","0.0403","0.3806","C"
"4","Trait5","FASTmrMLM","PstI.TP1207451","11","8510","1.597e-05","0.0035","C"
"4","Trait5","FASTmrMLM","PstI.TP1207496","11","8511","1.1081e-05","0.0024","A"
"4","Trait5","FASTmrMLM","PstI.TP1207589","11","8512","6.347e-06","0.0014","C"
"4","Trait5","FASTmrMLM","PstI.TP1207636","11","8513","1.1978e-05","0.0026","G"
"4","Trait5","FASTmrMLM","PstI.TP1207707","11","8514","0.0073","0.1373","A"
"4","Trait5","FASTmrMLM","PstI.TP1207737","11","8515","9.6362e-06","0.0021","A"
"4","Trait5","FASTmrMLM","PstI.TP1207763","11","8516","0.015","0.2143","A"
"4","Trait5","FASTmrMLM","PstI.TP1207929","11","8518","0.0582","0.4386","A"
"4","Trait5","FASTmrMLM","PstI.TP1208060","11","8519","-1.8606e-05","0.0041","A"
"4","Trait5","FASTmrMLM","PstI.TP1208068","11","8520","-2e-04","0.0131","A"
"4","Trait5","FASTmrMLM","PstI.TP1208082","11","8521","-1.4709e-05","0.0032","C"
"4","Trait5","FASTmrMLM","PstI.TP1208142","11","8522","0.0508","0.3213","A"
"4","Trait5","FASTmrMLM","PstI.TP1208646","11","8526","1.3441e-05","0.0029","A"
"4","Trait5","FASTmrMLM","PstI.TP1209436","11","8529","1.0082e-05","0.0022","A"
"4","Trait5","FASTmrMLM","PstI.TP1210578","11","8532","1.694e-06","4e-04","C"
"4","Trait5","FASTmrMLM","PstI.TP1210713","11","8533","-1.6274e-05","0.0036","C"
"4","Trait5","FASTmrMLM","PstI.TP1210955","11","8534","0.1104","1.1501","C"
"4","Trait5","FASTmrMLM","PstI.TP1211045","11","8535","-0.2479","0.981","C"
"4","Trait5","FASTmrMLM","PstI.TP1211657","11","8538","5.1302e-06","0.0011","C"
"4","Trait5","FASTmrMLM","PstI.TP1211752","11","8539","-0.2274","1.0425","G"
"4","Trait5","FASTmrMLM","PstI.TP1211937","11","8540","3.5825e-05","0.0058","G"
"4","Trait5","FASTmrMLM","PstI.TP1212087","11","8541","-1.0022e-05","0.0022","A"
"4","Trait5","FASTmrMLM","PstI.TP1212297","11","8542","-3.1751e-05","0.007","C"
"4","Trait5","FASTmrMLM","PstI.TP1212450","11","8543","-1.7898e-05","0.0039","C"
"4","Trait5","FASTmrMLM","PstI.TP1212904","11","8545","-9.4588e-06","0.0021","A"
"4","Trait5","FASTmrMLM","PstI.TP1213111","11","8546","-3.2666e-05","0.0072","G"
"4","Trait5","FASTmrMLM","PstI.TP1213357","11","8547","0.0609","0.5532","A"
"4","Trait5","FASTmrMLM","PstI.TP1213404","11","8548","-4.7829e-07","1e-04","A"
"4","Trait5","FASTmrMLM","PstI.TP1213759","11","8549","-2.6359e-05","0.0058","C"
"4","Trait5","FASTmrMLM","PstI.TP1213777","11","8551","-1.4134e-05","0.0031","A"
"4","Trait5","FASTmrMLM","PstI.TP1213921","11","8552","-0.0198","0.2296","C"
"4","Trait5","FASTmrMLM","PstI.TP1213962","11","8553","0.1206","0.8091","C"
"4","Trait5","FASTmrMLM","PstI.TP1214266","11","8554","0.2054","1.3486","A"
"4","Trait5","FASTmrMLM","PstI.TP1214465","11","8555","-0.047","0.3221","A"
"4","Trait5","FASTmrMLM","PstI.TP1214643","11","8556","-3.2917e-08","7.1649e-06","C"
"4","Trait5","FASTmrMLM","PstI.TP1214827","11","8557","1.7383e-05","0.0038","C"
"4","Trait5","FASTmrMLM","PstI.TP1215143","11","8559","-1.3146e-05","0.0029","A"
"4","Trait5","FASTmrMLM","PstI.TP1215306","11","8560","-1e-04","0.0104","A"
"4","Trait5","FASTmrMLM","PstI.TP1215356","11","8561","2.8981e-06","6e-04","A"
"4","Trait5","FASTmrMLM","PstI.TP1215484","11","8562","3.7789e-06","8e-04","A"
"4","Trait5","FASTmrMLM","PstI.TP1215579","11","8563","1.0523e-05","0.0023","A"
"4","Trait5","FASTmrMLM","PstI.TP1216035","11","8564","2.5663e-05","0.0056","A"
"4","Trait5","FASTmrMLM","PstI.TP1216244","11","8565","-1.3652e-05","0.003","C"
"4","Trait5","FASTmrMLM","PstI.TP1216716","11","8566","1.2687e-05","0.0028","A"
"4","Trait5","FASTmrMLM","PstI.TP1216933","11","8568","9.1881e-06","0.002","G"
"4","Trait5","FASTmrMLM","PstI.TP1216947","11","8569","-8.8244e-06","0.0019","G"
"4","Trait5","FASTmrMLM","PstI.TP1217147","11","8570","7.4521e-06","0.0016","C"
"4","Trait5","FASTmrMLM","PstI.TP1217202","11","8571","-0.0421","0.3258","A"
"4","Trait5","FASTmrMLM","PstI.TP1217428","11","8572","-1.003e-05","0.0022","C"
"4","Trait5","FASTmrMLM","PstI.TP1217667","11","8574","-1.3548e-05","0.003","C"
"4","Trait5","FASTmrMLM","PstI.TP1217714","11","8576","-1.6968e-05","0.0037","A"
"4","Trait5","FASTmrMLM","PstI.TP1217739","11","8577","3.6176e-05","0.0079","C"
"4","Trait5","FASTmrMLM","PstI.TP1217885","11","8578","-2.2072e-05","0.0048","A"
"4","Trait5","FASTmrMLM","PstI.TP1218059","11","8579","9.9244e-07","2e-04","A"
"4","Trait5","FASTmrMLM","PstI.TP1218298","11","8580","-6.1685e-06","0.0013","A"
"4","Trait5","FASTmrMLM","PstI.TP1218371","11","8581","1.1644e-05","0.0025","A"
"4","Trait5","FASTmrMLM","PstI.TP1218726","11","8582","-2.2422e-07","4.8795e-05","A"
"4","Trait5","FASTmrMLM","PstI.TP1218869","11","8583","7.9577e-06","0.0017","C"
"4","Trait5","FASTmrMLM","PstI.TP1218934","11","8584","-1.1857e-05","0.0026","G"
"4","Trait5","FASTmrMLM","PstI.TP1219194","11","8585","-0.1908","0.8022","A"
"4","Trait5","FASTmrMLM","PstI.TP1219311","11","8586","7.846e-06","0.0017","A"
"4","Trait5","FASTmrMLM","PstI.TP1219457","11","8587","0.0278","0.1752","C"
"4","Trait5","FASTmrMLM","PstI.TP1219491","11","8588","-1.0334e-05","0.0023","A"
"4","Trait5","FASTmrMLM","PstI.TP1219510","11","8589","4.9038e-06","0.0011","C"
"4","Trait5","FASTmrMLM","PstI.TP1219577","11","8590","0.0594","0.5239","A"
"4","Trait5","FASTmrMLM","PstI.TP1219743","11","8591","0.0086","0.1021","C"
"4","Trait5","FASTmrMLM","PstI.TP1220154","11","8592","0.0659","0.4383","C"
"4","Trait5","FASTmrMLM","PstI.TP1220222","11","8593","-0.0122","0.1058","C"
"4","Trait5","FASTmrMLM","PstI.TP1220538","11","8594","-0.0284","0.3599","C"
"4","Trait5","FASTmrMLM","PstI.TP1220590","11","8595","0.0932","0.4637","C"
"4","Trait5","FASTmrMLM","PstI.TP1220698","11","8596","-7.022e-06","0.0015","C"
"4","Trait5","FASTmrMLM","PstI.TP1220795","11","8597","-9.5013e-06","0.0021","C"
"4","Trait5","FASTmrMLM","PstI.TP1220820","11","8598","5.7032e-05","0.0081","A"
"4","Trait5","FASTmrMLM","PstI.TP1220899","11","8599","-8.1205e-07","2e-04","G"
"4","Trait5","FASTmrMLM","PstI.TP1220940","11","8600","1.3263e-05","0.0029","A"
"4","Trait5","FASTmrMLM","PstI.TP1221206","11","8601","-5.0719e-06","0.0011","C"
"4","Trait5","FASTmrMLM","PstI.TP1221281","11","8602","4.3517e-06","9e-04","G"
"4","Trait5","FASTmrMLM","PstI.TP1221498","11","8603","-2.3983e-07","5.2194e-05","C"
"4","Trait5","FASTmrMLM","PstI.TP1221704","11","8604","2.578e-06","6e-04","C"
"4","Trait5","FASTmrMLM","PstI.TP1221706","11","8605","0.0447","0.3948","C"
"4","Trait5","FASTmrMLM","PstI.TP1221763","11","8606","-3.8367e-06","8e-04","G"
"4","Trait5","FASTmrMLM","PstI.TP1221905","11","8607","-0.0196","0.2388","C"
"4","Trait5","FASTmrMLM","PstI.TP1221960","11","8608","2.4666e-05","0.0054","C"
"4","Trait5","FASTmrMLM","PstI.TP1221987","11","8610","0.0706","0.675","A"
"4","Trait5","FASTmrMLM","PstI.TP1222562","11","8613","-9.2187e-06","0.002","A"
"4","Trait5","FASTmrMLM","PstI.TP1222704","11","8614","-0.0482","0.661","G"
"4","Trait5","FASTmrMLM","PstI.TP1223092","11","8616","-2.3148e-05","0.0051","G"
"4","Trait5","FASTmrMLM","PstI.TP1223273","11","8617","4.113e-06","9e-04","G"
"4","Trait5","FASTmrMLM","PstI.TP1223298","11","8618","0.073","0.9554","C"
"4","Trait5","FASTmrMLM","PstI.TP1223336","11","8620","0.0352","0.2539","A"
"4","Trait5","FASTmrMLM","PstI.TP1223366","11","8621","-2.2104e-05","0.0048","C"
"4","Trait5","FASTmrMLM","PstI.TP1223894","11","8623","-0.0599","0.599","A"
"4","Trait5","FASTmrMLM","PstI.TP1224088","11","8624","0.0431","0.3211","G"
"4","Trait5","FASTmrMLM","PstI.TP1224138","11","8625","-1.2498e-05","0.0027","A"
"4","Trait5","FASTmrMLM","PstI.TP1224154","11","8626","6.9833e-05","0.0084","A"
"4","Trait5","FASTmrMLM","PstI.TP1224594","11","8629","-3.3457e-06","7e-04","A"
"4","Trait5","FASTmrMLM","PstI.TP1224651","11","8631","2.2718e-05","0.005","G"
"4","Trait5","FASTmrMLM","PstI.TP1224879","11","8632","0.0311","0.2001","C"
"4","Trait5","FASTmrMLM","PstI.TP1225236","11","8633","-0.0675","0.6908","A"
"4","Trait5","FASTmrMLM","PstI.TP1225250","11","8634","1.2875e-05","0.0028","A"
"4","Trait5","FASTmrMLM","PstI.TP1225567","11","8635","-1.1866e-05","0.0026","A"
"4","Trait5","FASTmrMLM","PstI.TP1225854","11","8636","-4.7501e-06","0.001","A"
"4","Trait5","FASTmrMLM","PstI.TP1225885","11","8637","4.6291e-05","0.0102","G"
"4","Trait5","FASTmrMLM","PstI.TP1225942","11","8638","-5.1684e-06","0.0011","A"
"4","Trait5","FASTmrMLM","PstI.TP1226000","11","8639","-0.0647","0.4518","A"
"4","Trait5","FASTmrMLM","PstI.TP1226051","11","8640","-6.3846e-06","0.0014","A"
"4","Trait5","FASTmrMLM","PstI.TP1226108","11","8641","1.5542e-05","0.0034","A"
"4","Trait5","FASTmrMLM","PstI.TP1226122","11","8642","-0.0658","0.5093","A"
"4","Trait5","FASTmrMLM","PstI.TP1226294","11","8643","-0.0327","0.1908","C"
"4","Trait5","FASTmrMLM","PstI.TP1226356","11","8644","2e-04","0.0121","A"
"4","Trait5","FASTmrMLM","PstI.TP1226733","11","8645","7.8072e-06","0.0017","C"
"4","Trait5","FASTmrMLM","PstI.TP1227243","11","8647","-1.8622e-05","0.0041","C"
"4","Trait5","FASTmrMLM","PstI.TP1227244","11","8648","-1.9392e-06","4e-04","C"
"4","Trait5","FASTmrMLM","PstI.TP1227477","11","8649","-0.042","0.3715","A"
"4","Trait5","FASTmrMLM","PstI.TP1227640","11","8650","-4.5628e-05","0.01","C"
"4","Trait5","FASTmrMLM","PstI.TP1227746","11","8651","-0.0998","0.4897","A"
"4","Trait5","FASTmrMLM","PstI.TP1227857","11","8652","2.3703e-05","0.0052","C"
"4","Trait5","FASTmrMLM","PstI.TP1227976","11","8653","-3e-04","0.0154","A"
"4","Trait5","FASTmrMLM","PstI.TP1228047","11","8654","0.1855","0.799","A"
"4","Trait5","FASTmrMLM","PstI.TP1228708","11","8656","2.8998e-05","0.0064","A"
"4","Trait5","FASTmrMLM","PstI.TP1228725","11","8657","0.0367","0.3515","C"
"4","Trait5","FASTmrMLM","PstI.TP1228762","11","8658","-4.356e-05","0.0072","A"
"4","Trait5","FASTmrMLM","PstI.TP1228819","11","8659","-0.0778","0.3853","A"
"4","Trait5","FASTmrMLM","PstI.TP1228954","11","8661","6.7612e-06","0.0015","A"
"4","Trait5","FASTmrMLM","PstI.TP1229175","11","8662","1.2908e-05","0.0028","A"
"4","Trait5","FASTmrMLM","PstI.TP1229285","11","8663","-3.0784e-05","0.0068","C"
"4","Trait5","FASTmrMLM","PstI.TP1229446","11","8664","2.3408e-05","0.0051","C"
"4","Trait5","FASTmrMLM","PstI.TP1229591","11","8665","-7.0798e-06","0.0015","C"
"4","Trait5","FASTmrMLM","PstI.TP1229865","11","8666","-0.0926","0.8039","G"
"4","Trait5","FASTmrMLM","PstI.TP1229912","11","8667","-3.4846e-05","0.0062","A"
"4","Trait5","FASTmrMLM","PstI.TP1229946","11","8668","-4.3062e-06","9e-04","G"
"4","Trait5","FASTmrMLM","PstI.TP1230473","11","8670","-8.1655e-06","0.0018","C"
"4","Trait5","FASTmrMLM","PstI.TP1230532","11","8671","9e-06","0.002","C"
"4","Trait5","FASTmrMLM","PstI.TP1230551","11","8672","1.8112e-05","0.004","A"
"4","Trait5","FASTmrMLM","PstI.TP1230709","11","8673","-1.7577e-07","3.8258e-05","C"
"4","Trait5","FASTmrMLM","PstI.TP1230739","11","8674","1.4733e-06","3e-04","A"
"4","Trait5","FASTmrMLM","PstI.TP1230769","11","8675","6.293e-06","0.0014","A"
"4","Trait5","FASTmrMLM","PstI.TP1230984","11","8677","-7.837e-06","0.0017","C"
"4","Trait5","FASTmrMLM","PstI.TP1231139","11","8679","0.1338","1.0929","A"
"4","Trait5","FASTmrMLM","PstI.TP1231305","11","8681","7.3035e-05","0.0085","C"
"4","Trait5","FASTmrMLM","PstI.TP1231356","11","8682","3.7409e-05","0.0082","C"
"4","Trait5","FASTmrMLM","PstI.TP1231364","11","8683","5.1327e-06","0.0011","C"
"4","Trait5","FASTmrMLM","PstI.TP1231619","11","8685","-0.1412","1.292","C"
"4","Trait5","FASTmrMLM","PstI.TP1231684","11","8686","8.5348e-06","0.0019","A"
"4","Trait5","FASTmrMLM","PstI.TP1232706","11","8687","-2.1115e-05","0.0046","C"
"4","Trait5","FASTmrMLM","PstI.TP1232861","11","8688","-3.0086e-05","0.0066","A"
"4","Trait5","FASTmrMLM","PstI.TP1233147","11","8689","-0.2652","1.3141","A"
"4","Trait5","FASTmrMLM","PstI.TP1233150","11","8690","-3.0317e-05","0.0066","A"
"4","Trait5","FASTmrMLM","PstI.TP1233984","11","8691","3.9549e-05","0.0087","A"
"4","Trait5","FASTmrMLM","PstI.TP1234011","11","8692","-0.0142","0.2029","A"
"4","Trait5","FASTmrMLM","PstI.TP1234048","11","8693","-0.1455","1.4445","C"
"4","Trait5","FASTmrMLM","PstI.TP1234154","11","8694","-0.1702","1.1851","C"
"4","Trait5","FASTmrMLM","PstI.TP1234221","11","8695","4.0421e-05","0.0089","A"
"4","Trait5","FASTmrMLM","PstI.TP1234285","11","8696","-0.1083","1.1371","C"
"4","Trait5","FASTmrMLM","PstI.TP1234406","11","8697","1.6403e-05","0.0036","A"
"4","Trait5","FASTmrMLM","PstI.TP1234441","11","8698","1.5945e-05","0.0035","A"
"4","Trait5","FASTmrMLM","PstI.TP1234527","11","8699","-0.0585","0.4173","A"
"4","Trait5","FASTmrMLM","PstI.TP1234687","11","8701","-2.2186e-06","5e-04","C"
"4","Trait5","FASTmrMLM","PstI.TP1234710","11","8702","1.3915e-05","0.003","A"
"4","Trait5","FASTmrMLM","PstI.TP1234830","11","8703","6.8501e-06","0.0015","A"
"4","Trait5","FASTmrMLM","PstI.TP1235069","11","8704","3e-04","0.0151","A"
"4","Trait5","FASTmrMLM","PstI.TP1235521","11","8705","-0.1674","2.5752","G"
"4","Trait5","FASTmrMLM","PstI.TP1235702","11","8706","-1.5213e-05","0.0033","A"
"4","Trait5","FASTmrMLM","PstI.TP1235706","11","8707","6.24e-06","0.0014","G"
"4","Trait5","FASTmrMLM","PstI.TP1236507","11","8708","1.9417e-05","0.0042","A"
"4","Trait5","FASTmrMLM","PstI.TP1236766","11","8710","-0.0693","0.6689","G"
"4","Trait5","FASTmrMLM","PstI.TP1237542","11","8713","1.3825e-05","0.003","G"
"4","Trait5","FASTmrMLM","PstI.TP1237734","11","8714","-2.8771e-06","6e-04","A"
"4","Trait5","FASTmrMLM","PstI.TP1237889","11","8715","0.335","1.9434","A"
"4","Trait5","FASTmrMLM","PstI.TP1237941","11","8716","0.181","1.0018","G"
"4","Trait5","FASTmrMLM","PstI.TP1237979","11","8717","-2.7035e-06","6e-04","A"
"4","Trait5","FASTmrMLM","PstI.TP1238123","11","8718","6.6346e-06","0.0014","C"
"4","Trait5","FASTmrMLM","PstI.TP1238399","11","8719","-4.8231e-06","0.0011","A"
"4","Trait5","FASTmrMLM","PstI.TP1238555","11","8720","3.4744e-06","8e-04","A"
"4","Trait5","FASTmrMLM","PstI.TP1238719","11","8722","-1.8272e-05","0.004","G"
"4","Trait5","FASTmrMLM","PstI.TP1238825","11","8723","-5.6693e-06","0.0012","G"
"4","Trait5","FASTmrMLM","PstI.TP1239032","11","8724","-0.0548","0.4453","A"
"4","Trait5","FASTmrMLM","PstI.TP1239133","11","8725","0.0407","0.3076","A"
"4","Trait5","FASTmrMLM","PstI.TP1239394","11","8726","3.7594e-05","0.0083","A"
"4","Trait5","FASTmrMLM","PstI.TP1239800","11","8727","0.0395","0.4476","C"
"4","Trait5","FASTmrMLM","PstI.TP1239821","11","8728","3.5998e-05","0.0079","A"
"4","Trait5","FASTmrMLM","PstI.TP1239973","11","8729","-0.0657","0.353","A"
"4","Trait5","FASTmrMLM","PstI.TP1239977","11","8730","-0.0273","0.2534","C"
"4","Trait5","FASTmrMLM","PstI.TP1240105","11","8733","2.8146e-05","0.0062","A"
"4","Trait5","FASTmrMLM","PstI.TP1240142","11","8734","-1.8351e-06","4e-04","A"
"4","Trait5","FASTmrMLM","PstI.TP1240155","11","8735","5.1376e-05","0.0113","A"
"4","Trait5","FASTmrMLM","PstI.TP1240171","11","8736","-1e-04","0.0103","G"
"4","Trait5","FASTmrMLM","PstI.TP1240544","11","8737","0.0589","0.7269","C"
"4","Trait5","FASTmrMLM","PstI.TP1240613","11","8738","-3.0928e-05","0.0068","A"
"4","Trait5","FASTmrMLM","PstI.TP1240798","11","8739","-3.8982e-06","8e-04","A"
"4","Trait5","FASTmrMLM","PstI.TP1240799","11","8740","-4.2567e-05","0.0094","C"
"4","Trait5","FASTmrMLM","PstI.TP1241040","11","8741","-2.5181e-05","0.0055","G"
"4","Trait5","FASTmrMLM","PstI.TP1241157","11","8742","0.006","0.0639","C"
"4","Trait5","FASTmrMLM","PstI.TP1241248","11","8743","-3.678e-05","0.0081","A"
"4","Trait5","FASTmrMLM","PstI.TP1241738","11","8744","0.0082","0.1528","A"
"4","Trait5","FASTmrMLM","PstI.TP1241930","11","8746","-0.1099","0.6425","G"
"4","Trait5","FASTmrMLM","PstI.TP1242125","11","8747","-7.3867e-06","0.0016","A"
"4","Trait5","FASTmrMLM","PstI.TP1242596","11","8750","1.7328e-05","0.0038","C"
"4","Trait5","FASTmrMLM","PstI.TP1242628","11","8751","0.1161","1.3525","A"
"4","Trait5","FASTmrMLM","PstI.TP1242757","11","8753","3.9236e-05","0.0086","A"
"4","Trait5","FASTmrMLM","PstI.TP1242773","11","8754","-1.8751e-07","4.0806e-05","C"
"4","Trait5","FASTmrMLM","PstI.TP1242858","11","8755","-2.1076e-06","5e-04","A"
"4","Trait5","FASTmrMLM","PstI.TP1242881","11","8756","0.1691","1.1538","C"
"4","Trait5","FASTmrMLM","PstI.TP1242917","11","8758","-2.917e-05","0.0064","A"
"4","Trait5","FASTmrMLM","PstI.TP1243010","11","8760","-5.849e-06","0.0013","A"
"4","Trait5","FASTmrMLM","PstI.TP1243013","11","8761","0.0414","0.1637","C"
"4","Trait5","FASTmrMLM","PstI.TP1243037","11","8762","0.1036","0.9445","A"
"4","Trait5","FASTmrMLM","PstI.TP1243209","11","8763","5.0208e-06","0.0011","C"
"4","Trait5","FASTmrMLM","PstI.TP1243630","11","8766","-1.2896e-05","0.0028","A"
"4","Trait5","FASTmrMLM","PstI.TP1243783","11","8767","3.8324e-05","0.0084","A"
"4","Trait5","FASTmrMLM","PstI.TP1243965","11","8768","-1.5539e-05","0.0034","A"
"4","Trait5","FASTmrMLM","PstI.TP1244093","11","8770","-0.0293","0.4297","A"
"4","Trait5","FASTmrMLM","PstI.TP1244661","11","8773","-0.1994","0.7493","A"
"4","Trait5","FASTmrMLM","PstI.TP1245447","11","8776","0.256","0.8568","A"
"4","Trait5","FASTmrMLM","PstI.TP1245564","11","8777","-0.0568","0.5515","A"
"4","Trait5","FASTmrMLM","PstI.TP1245595","11","8778","6.7374e-06","0.0015","C"
"4","Trait5","FASTmrMLM","PstI.TP1246102","11","8779","0.1741","1.3864","C"
"4","Trait5","FASTmrMLM","PstI.TP1246310","11","8780","-1.0187e-05","0.0022","C"
"4","Trait5","FASTmrMLM","PstI.TP1247760","11","8782","-1.2697e-05","0.0028","C"
"4","Trait5","FASTmrMLM","PstI.TP1247796","11","8783","-5.0545e-06","0.0011","C"
"4","Trait5","FASTmrMLM","PstI.TP1247924","11","8784","-2.7204e-05","0.006","C"
"4","Trait5","FASTmrMLM","PstI.TP1247989","11","8785","-2.2918e-05","0.005","C"
"4","Trait5","FASTmrMLM","PstI.TP1248001","11","8786","-5.9949e-06","0.0013","A"
"4","Trait5","FASTmrMLM","PstI.TP1248038","11","8787","-1.6209e-05","0.0035","C"
"4","Trait5","FASTmrMLM","PstI.TP1248039","11","8788","-2.9167e-05","0.0064","C"
"4","Trait5","FASTmrMLM","PstI.TP1248391","11","8789","0.0371","0.2869","A"
"4","Trait5","FASTmrMLM","PstI.TP1248507","11","8790","-3.9813e-06","9e-04","A"
"4","Trait5","FASTmrMLM","PstI.TP1248873","11","8791","-2.998e-05","0.0066","G"
"4","Trait5","FASTmrMLM","PstI.TP1249096","11","8793","4.2424e-05","0.0093","C"
"4","Trait5","FASTmrMLM","PstI.TP1249414","11","8796","-6.6813e-06","0.0015","A"
"4","Trait5","FASTmrMLM","PstI.TP1250021","11","8798","-9.334e-06","0.002","C"
"4","Trait5","FASTmrMLM","PstI.TP1250222","11","8799","-0.1446","1.0278","C"
"4","Trait5","FASTmrMLM","PstI.TP1250317","11","8800","-3.5393e-05","0.0078","A"
"4","Trait5","FASTmrMLM","PstI.TP1250446","11","8801","7.9458e-06","0.0017","C"
"4","Trait5","FASTmrMLM","PstI.TP1250648","11","8802","0.1403","1.3915","C"
"4","Trait5","FASTmrMLM","PstI.TP1251275","11","8804","-0.0861","0.7047","A"
"4","Trait5","FASTmrMLM","PstI.TP1251376","11","8805","-2.2273e-05","0.0049","C"
"4","Trait5","FASTmrMLM","PstI.TP1251415","11","8806","-0.2283","1.5083","G"
"4","Trait5","FASTmrMLM","PstI.TP1251494","11","8807","1.4742e-05","0.0032","C"
"4","Trait5","FASTmrMLM","PstI.TP1251568","11","8808","1.5501e-06","3e-04","A"
"4","Trait5","FASTmrMLM","PstI.TP1252100","11","8809","-5.3231e-06","0.0012","A"
"4","Trait5","FASTmrMLM","PstI.TP1252106","11","8810","-0.0186","0.139","C"
"4","Trait5","FASTmrMLM","PstI.TP1252152","11","8811","1.1152e-05","0.0024","C"
"4","Trait5","FASTmrMLM","PstI.TP1252188","11","8812","1.2961e-05","0.0028","C"
"4","Trait5","FASTmrMLM","PstI.TP1252344","11","8813","4.7543e-06","0.001","A"
"4","Trait5","FASTmrMLM","PstI.TP1252756","11","8816","2.5365e-05","0.0056","G"
"4","Trait5","FASTmrMLM","PstI.TP1252871","11","8817","0.0594","0.3536","G"
"4","Trait5","FASTmrMLM","PstI.TP1253009","11","8818","-6.4891e-06","0.0014","C"
"4","Trait5","FASTmrMLM","PstI.TP1253160","11","8819","1.4728e-05","0.0032","A"
"4","Trait5","FASTmrMLM","PstI.TP1253170","11","8820","0.0159","0.2727","A"
"4","Trait5","FASTmrMLM","PstI.TP1253172","11","8821","0.0506","0.453","A"
"4","Trait5","FASTmrMLM","PstI.TP1253514","11","8822","0.0677","0.6798","C"
"4","Trait5","FASTmrMLM","PstI.TP1253765","11","8823","-2.0547e-06","4e-04","A"
"4","Trait5","FASTmrMLM","PstI.TP1253843","11","8824","3.2929e-06","7e-04","A"
"4","Trait5","FASTmrMLM","PstI.TP1254106","11","8826","-1.3191e-05","0.0029","A"
"4","Trait5","FASTmrMLM","PstI.TP1254648","11","8827","-1.0572e-05","0.0023","C"
"4","Trait5","FASTmrMLM","PstI.TP1254766","11","8828","-0.0365","0.2115","C"
"4","Trait5","FASTmrMLM","PstI.TP1254810","11","8829","1.2707e-05","0.0028","A"
"4","Trait5","FASTmrMLM","PstI.TP1254833","11","8830","8.2537e-06","0.0018","C"
"4","Trait5","FASTmrMLM","PstI.TP1254866","11","8831","-0.1488","0.5884","C"
"4","Trait5","FASTmrMLM","PstI.TP1254973","11","8832","-4.1134e-07","8.9528e-05","C"
"4","Trait5","FASTmrMLM","PstI.TP1255136","11","8834","4.6773e-07","1e-04","A"
"4","Trait5","FASTmrMLM","PstI.TP1255297","11","8835","-0.0433","0.4826","C"
"4","Trait5","FASTmrMLM","PstI.TP1255453","11","8836","-0.0333","0.3481","C"
"4","Trait5","FASTmrMLM","PstI.TP1255816","11","8839","-0.1013","0.5141","C"
"4","Trait5","FASTmrMLM","PstI.TP1255868","11","8840","-6.2708e-06","0.0014","A"
"4","Trait5","FASTmrMLM","PstI.TP1255945","11","8841","2.392e-05","0.0052","A"
"4","Trait5","FASTmrMLM","PstI.TP1256235","11","8842","1.375e-05","0.003","C"
"4","Trait5","FASTmrMLM","PstI.TP1256455","11","8843","-7.0992e-06","0.0015","C"
"4","Trait5","FASTmrMLM","PstI.TP1256578","11","8844","-0.0735","0.337","A"
"4","Trait5","FASTmrMLM","PstI.TP1256600","11","8845","-0.0381","0.2921","C"
"4","Trait5","FASTmrMLM","PstI.TP1256830","11","8846","-0.0549","0.5143","C"
"4","Trait5","FASTmrMLM","PstI.TP1256881","11","8847","-1.7288e-06","4e-04","G"
"4","Trait5","FASTmrMLM","PstI.TP1256959","11","8848","-1.8706e-05","0.0041","A"
"4","Trait5","FASTmrMLM","PstI.TP1257087","11","8849","-0.0546","0.2686","A"
"4","Trait5","FASTmrMLM","PstI.TP1257130","11","8850","-1.3106e-05","0.0029","A"
"4","Trait5","FASTmrMLM","PstI.TP1257198","11","8851","-1.4751e-05","0.0032","C"
"4","Trait5","FASTmrMLM","PstI.TP1257269","11","8852","-0.1925","1.776","C"
"4","Trait5","FASTmrMLM","PstI.TP1257271","11","8853","-5.3557e-06","0.0012","G"
"4","Trait5","FASTmrMLM","PstI.TP1257405","11","8854","-0.1005","0.599","C"
"4","Trait5","FASTmrMLM","PstI.TP1257460","11","8855","0.0222","0.2435","C"
"4","Trait5","FASTmrMLM","PstI.TP1257673","11","8856","3.2948e-07","7.1706e-05","A"
"4","Trait5","FASTmrMLM","PstI.TP1257679","11","8857","-0.0742","0.9747","A"
"4","Trait5","FASTmrMLM","PstI.TP1257809","11","8858","0.0163","0.2159","A"
"4","Trait5","FASTmrMLM","PstI.TP1257881","11","8859","1.2922e-05","0.0028","C"
"4","Trait5","FASTmrMLM","PstI.TP1258017","11","8860","-8.3006e-05","0.0088","A"
"4","Trait5","FASTmrMLM","PstI.TP1258024","11","8861","-7.7396e-06","0.0017","A"
"4","Trait5","FASTmrMLM","PstI.TP1258605","11","8862","-6.8689e-06","0.0015","C"
"4","Trait5","FASTmrMLM","PstI.TP1258817","11","8864","2.7812e-06","6e-04","C"
"4","Trait5","FASTmrMLM","PstI.TP1258947","11","8866","1.0772e-05","0.0024","C"
"4","Trait5","FASTmrMLM","PstI.TP1259050","11","8867","-9.7688e-06","0.0021","A"
"4","Trait5","FASTmrMLM","PstI.TP1259062","11","8868","8.8299e-05","0.0101","A"
"4","Trait5","FASTmrMLM","PstI.TP1259214","11","8871","1.0621e-05","0.0023","A"
"4","Trait5","FASTmrMLM","PstI.TP1259566","11","8872","-0.0199","0.2743","C"
"4","Trait5","FASTmrMLM","PstI.TP1259821","11","8873","-3.2901e-05","0.0072","C"
"4","Trait5","FASTmrMLM","PstI.TP1260029","11","8875","-2.1831e-05","0.0048","A"
"4","Trait5","FASTmrMLM","PstI.TP1260138","11","8876","-2.4198e-05","0.0053","G"
"4","Trait5","FASTmrMLM","PstI.TP1260287","11","8877","0.059","0.4886","A"
"4","Trait5","FASTmrMLM","PstI.TP1260668","11","8878","0.0759","0.7056","G"
"4","Trait5","FASTmrMLM","PstI.TP1260688","11","8879","0.0603","0.57","A"
"4","Trait5","FASTmrMLM","PstI.TP1261043","11","8880","9.6669e-06","0.0021","A"
"4","Trait5","FASTmrMLM","PstI.TP1261057","11","8881","1.3649e-05","0.003","C"
"4","Trait5","FASTmrMLM","PstI.TP1261185","11","8882","1.7566e-05","0.0038","G"
"4","Trait5","FASTmrMLM","PstI.TP1261963","11","8883","3.7853e-05","0.0083","A"
"4","Trait5","FASTmrMLM","PstI.TP1262153","11","8884","-0.0535","0.3919","C"
"4","Trait5","FASTmrMLM","PstI.TP1262210","11","8885","0.079","0.9767","A"
"4","Trait5","FASTmrMLM","PstI.TP1262355","11","8887","-0.1343","0.6841","C"
"4","Trait5","FASTmrMLM","PstI.TP1262452","11","8888","3.8679e-05","0.0085","C"
"4","Trait5","FASTmrMLM","PstI.TP1262623","11","8889","-0.188","0.9093","C"
"4","Trait5","FASTmrMLM","PstI.TP1262624","11","8890","-2.1291e-06","5e-04","C"
"4","Trait5","FASTmrMLM","PstI.TP1262700","11","8891","2.0645e-05","0.0045","A"
"4","Trait5","FASTmrMLM","PstI.TP1262719","11","8892","-6.0945e-05","0.0084","G"
"4","Trait5","FASTmrMLM","PstI.TP1262872","11","8893","2.3383e-05","0.0051","A"
"4","Trait5","FASTmrMLM","PstI.TP1262915","11","8894","1.1782e-05","0.0026","A"
"4","Trait5","FASTmrMLM","PstI.TP1263025","11","8895","-3.4615e-05","0.0061","C"
"4","Trait5","FASTmrMLM","PstI.TP1263276","11","8896","-2.481e-05","0.0054","G"
"4","Trait5","FASTmrMLM","PstI.TP1263377","11","8898","0.0405","0.2754","C"
"4","Trait5","FASTmrMLM","PstI.TP1263585","11","8899","-0.0695","0.6335","C"
"4","Trait5","FASTmrMLM","PstI.TP1263751","11","8900","2.21e-05","0.0048","C"
"4","Trait5","FASTmrMLM","PstI.TP1263934","11","8901","-2.9867e-05","0.0065","C"
"4","Trait5","FASTmrMLM","PstI.TP1264059","11","8902","0.1005","0.421","C"
"4","Trait5","FASTmrMLM","PstI.TP1264311","11","8903","-1.1803e-05","0.0026","A"
"4","Trait5","FASTmrMLM","PstI.TP1264398","11","8904","-2.1604e-05","0.0047","A"
"4","Trait5","FASTmrMLM","PstI.TP1264624","11","8907","-2.4394e-05","0.0053","C"
"4","Trait5","FASTmrMLM","PstI.TP1265015","11","8908","2.809e-05","0.0062","C"
"4","Trait5","FASTmrMLM","PstI.TP1265020","11","8909","-2.9151e-05","0.0064","A"
"4","Trait5","FASTmrMLM","PstI.TP1265659","11","8910","-7.2682e-06","0.0016","G"
"4","Trait5","FASTmrMLM","PstI.TP1265666","11","8911","-0.2813","2.0655","G"
"4","Trait5","FASTmrMLM","PstI.TP1265743","11","8912","1.2803e-05","0.0028","C"
"4","Trait5","FASTmrMLM","PstI.TP1265922","11","8914","-1.783e-05","0.0039","A"
"4","Trait5","FASTmrMLM","PstI.TP1266055","11","8916","0.1929","1.0828","G"
"4","Trait5","FASTmrMLM","PstI.TP1266357","11","8917","0.0523","0.3294","G"
"4","Trait5","FASTmrMLM","PstI.TP1266373","11","8918","-8.0601e-06","0.0018","A"
"4","Trait5","FASTmrMLM","PstI.TP1266907","11","8920","-5.8105e-06","0.0013","G"
"4","Trait5","FASTmrMLM","PstI.TP1266950","11","8921","-4.6714e-06","0.001","G"
"4","Trait5","FASTmrMLM","PstI.TP1267198","11","8922","2.8769e-05","0.0063","A"
"4","Trait5","FASTmrMLM","PstI.TP1267202","11","8923","2.1109e-05","0.0046","C"
"4","Trait5","FASTmrMLM","PstI.TP1267349","11","8924","2.2131e-06","5e-04","A"
"4","Trait5","FASTmrMLM","PstI.TP1268112","11","8928","1.2409e-05","0.0027","C"
"4","Trait5","FASTmrMLM","PstI.TP1268120","11","8929","-0.1342","0.8815","C"
"4","Trait5","FASTmrMLM","PstI.TP1268541","11","8931","0.0126","0.1416","A"
"4","Trait5","FASTmrMLM","PstI.TP1268571","11","8932","-1.0323e-05","0.0023","A"
"4","Trait5","FASTmrMLM","PstI.TP1268630","11","8933","-8.9638e-06","0.002","C"
"4","Trait5","FASTmrMLM","PstI.TP1268638","11","8934","-2.5007e-07","5.4437e-05","C"
"4","Trait5","FASTmrMLM","PstI.TP1268750","11","8936","0.0709","0.4286","A"
"4","Trait5","FASTmrMLM","PstI.TP1268841","11","8938","0.1627","2.0624","A"
"4","Trait5","FASTmrMLM","PstI.TP1269391","11","8939","-0.286","2.4854","G"
"4","Trait5","FASTmrMLM","PstI.TP1269904","11","8940","-9.2564e-06","0.002","A"
"4","Trait5","FASTmrMLM","PstI.TP1270360","11","8941","0.0399","0.4612","A"
"4","Trait5","FASTmrMLM","PstI.TP1270448","11","8942","-0.0036","0.1008","C"
"4","Trait5","FASTmrMLM","PstI.TP1270627","11","8943","1.4768e-06","3e-04","G"
"4","Trait5","FASTmrMLM","PstI.TP1270884","11","8945","-0.0605","0.7574","A"
"4","Trait5","FASTmrMLM","PstI.TP1270956","11","8946","2.5813e-05","0.0057","A"
"4","Trait5","FASTmrMLM","PstI.TP1270999","11","8947","-0.1261","1.361","C"
"4","Trait5","FASTmrMLM","PstI.TP1271004","11","8948","-1.2605e-06","3e-04","G"
"4","Trait5","FASTmrMLM","PstI.TP1271055","11","8949","1.6402e-05","0.0036","C"
"4","Trait5","FASTmrMLM","PstI.TP1271062","11","8950","-1.4748e-05","0.0032","C"
"4","Trait5","FASTmrMLM","PstI.TP1271222","11","8951","-0.408","2.4465","C"
"4","Trait5","FASTmrMLM","PstI.TP1271325","11","8952","0.0887","0.7908","G"
"4","Trait5","FASTmrMLM","PstI.TP1271338","11","8953","-0.1596","2.1353","A"
"4","Trait5","FASTmrMLM","PstI.TP1271482","11","8955","1.2893e-06","3e-04","C"
"4","Trait5","FASTmrMLM","PstI.TP1271799","11","8956","-0.0286","0.263","A"
"4","Trait5","FASTmrMLM","PstI.TP1271892","11","8957","-4.951e-06","0.0011","A"
"4","Trait5","FASTmrMLM","PstI.TP1272009","11","8958","2.5315e-05","0.0055","C"
"4","Trait5","FASTmrMLM","PstI.TP1272031","11","8959","0.0489","0.356","C"
"4","Trait5","FASTmrMLM","PstI.TP1272138","11","8960","-2.2498e-05","0.0049","C"
"4","Trait5","FASTmrMLM","PstI.TP1272264","11","8962","-0.0408","0.3936","A"
"4","Trait5","FASTmrMLM","PstI.TP1272338","11","8963","-2.4288e-05","0.0053","C"
"4","Trait5","FASTmrMLM","PstI.TP1272344","11","8964","0.3665","1.8092","C"
"4","Trait5","FASTmrMLM","PstI.TP1272351","11","8965","-2.4216e-05","0.0053","A"
"4","Trait5","FASTmrMLM","PstI.TP1272417","11","8966","-7.8783e-06","0.0017","G"
"4","Trait5","FASTmrMLM","PstI.TP1272419","11","8967","2.5438e-05","0.0056","A"
"4","Trait5","FASTmrMLM","PstI.TP1272933","11","8969","-0.0877","0.6076","G"
"4","Trait5","FASTmrMLM","PstI.TP1273314","11","8970","-1.3011e-05","0.0028","A"
"4","Trait5","FASTmrMLM","PstI.TP1273592","11","8971","1.6629e-06","4e-04","A"
"4","Trait5","FASTmrMLM","PstI.TP1273872","11","8972","-0.1646","1.1311","A"
"4","Trait5","FASTmrMLM","PstI.TP1274016","11","8974","-1.2653e-05","0.0028","A"
"4","Trait5","FASTmrMLM","PstI.TP1274254","11","8975","-0.038","0.3784","A"
"4","Trait5","FASTmrMLM","PstI.TP1274341","11","8976","0.1053","0.7866","A"
"4","Trait5","FASTmrMLM","PstI.TP1274580","11","8977","3.9576e-06","9e-04","A"
"4","Trait5","FASTmrMLM","PstI.TP1274787","11","8978","3.829e-05","0.0084","C"
"4","Trait5","FASTmrMLM","PstI.TP1274954","11","8979","3.1857e-06","7e-04","A"
"4","Trait5","FASTmrMLM","PstI.TP1275124","11","8980","2.7341e-05","0.006","A"
"4","Trait5","FASTmrMLM","PstI.TP1275167","11","8981","-8.3106e-06","0.0018","A"
"4","Trait5","FASTmrMLM","PstI.TP1275218","11","8982","-0.1221","0.8347","A"
"4","Trait5","FASTmrMLM","PstI.TP1275363","11","8983","2.3877e-05","0.0052","C"
"4","Trait5","FASTmrMLM","PstI.TP1275638","11","8984","-3.1535e-05","0.0069","G"
"4","Trait5","FASTmrMLM","PstI.TP1275640","11","8985","0.1191","1.1887","A"
"4","Trait5","FASTmrMLM","PstI.TP1275689","11","8986","2.0503e-05","0.0045","C"
"4","Trait5","FASTmrMLM","PstI.TP1275729","11","8987","2.844e-05","0.0062","A"
"4","Trait5","FASTmrMLM","PstI.TP1275746","11","8988","-3.2403e-05","0.0071","C"
"4","Trait5","FASTmrMLM","PstI.TP1275752","11","8989","-0.0771","0.4846","G"
"4","Trait5","FASTmrMLM","PstI.TP1275889","11","8990","-3.4471e-06","8e-04","A"
"4","Trait5","FASTmrMLM","PstI.TP1276178","11","8991","4.6624e-06","0.001","A"
"4","Trait5","FASTmrMLM","PstI.TP1276771","11","8993","-0.1371","0.9838","A"
"4","Trait5","FASTmrMLM","PstI.TP1276787","11","8994","-0.0512","0.6561","A"
"4","Trait5","FASTmrMLM","PstI.TP1277202","11","8995","0.1469","1.0296","C"
"4","Trait5","FASTmrMLM","PstI.TP1277330","11","8996","0.0641","0.5926","C"
"4","Trait5","FASTmrMLM","PstI.TP1277768","11","8997","-3e-04","0.0162","C"
"4","Trait5","FASTmrMLM","PstI.TP1277774","11","8998","0.0749","0.6922","A"
"4","Trait5","FASTmrMLM","PstI.TP1277966","11","8999","0.0936","0.3566","A"
"4","Trait5","FASTmrMLM","PstI.TP1278000","11","9001","-2.2453e-07","4.8863e-05","C"
"4","Trait5","FASTmrMLM","PstI.TP1278036","11","9002","-3.1723e-05","0.0063","A"
"4","Trait5","FASTmrMLM","PstI.TP1278150","11","9003","2.2825e-05","0.005","A"
"4","Trait5","FASTmrMLM","PstI.TP1278187","11","9004","-0.0348","0.3841","A"
"4","Trait5","FASTmrMLM","PstI.TP1278398","11","9006","1.7887e-05","0.0039","C"
"4","Trait5","FASTmrMLM","PstI.TP1278414","11","9007","-8.9921e-07","2e-04","C"
"4","Trait5","FASTmrMLM","PstI.TP1278606","11","9008","-1.1671e-05","0.0025","A"
"4","Trait5","FASTmrMLM","PstI.TP1278865","11","9009","9.1376e-06","0.002","A"
"4","Trait5","FASTmrMLM","PstI.TP1279035","11","9011","-0.2651","1.3715","A"
"4","Trait5","FASTmrMLM","PstI.TP1279411","11","9014","-1.0723e-05","0.0023","C"
"4","Trait5","FASTmrMLM","PstI.TP1279586","11","9015","1.8774e-05","0.0041","A"
"4","Trait5","FASTmrMLM","PstI.TP1279985","11","9017","2.4219e-06","5e-04","A"
"4","Trait5","FASTmrMLM","PstI.TP1280018","11","9018","-1.8499e-05","0.004","C"
"4","Trait5","FASTmrMLM","PstI.TP1280039","11","9019","5.0304e-06","0.0011","C"
"4","Trait5","FASTmrMLM","PstI.TP1280111","11","9021","0.0583","0.4442","A"
"4","Trait5","FASTmrMLM","PstI.TP1280126","11","9022","-0.118","0.7514","A"
"4","Trait5","FASTmrMLM","PstI.TP1280274","11","9025","-1.248e-05","0.0027","A"
"4","Trait5","FASTmrMLM","PstI.TP1280405","11","9027","-4.7376e-06","0.001","A"
"4","Trait5","FASTmrMLM","PstI.TP1280757","11","9028","8.6578e-06","0.0019","C"
"4","Trait5","FASTmrMLM","PstI.TP1280779","11","9029","1.3247e-05","0.0029","C"
"4","Trait5","FASTmrMLM","PstI.TP1280946","11","9030","1.9839e-07","4.3177e-05","C"
"4","Trait5","FASTmrMLM","PstI.TP1281179","11","9031","1.0567e-05","0.0023","C"
"4","Trait5","FASTmrMLM","PstI.TP1281313","11","9032","-1.1105e-05","0.0024","C"
"4","Trait5","FASTmrMLM","PstI.TP1281534","11","9033","3.1916e-05","0.007","A"
"4","Trait5","FASTmrMLM","PstI.TP1282127","11","9034","-5.3583e-06","0.0012","A"
"4","Trait5","FASTmrMLM","PstI.TP1282519","11","9035","4.4351e-06","0.001","C"
"4","Trait5","FASTmrMLM","PstI.TP1282815","11","9036","4.1379e-05","0.0091","G"
"4","Trait5","FASTmrMLM","PstI.TP1283330","11","9037","3.5077e-05","0.0077","C"
"4","Trait5","FASTmrMLM","PstI.TP1283425","11","9038","0.1017","1.2057","A"
"4","Trait5","FASTmrMLM","PstI.TP1283654","11","9039","2.4793e-05","0.0054","A"
"4","Trait5","FASTmrMLM","PstI.TP1283661","11","9040","-1.4073e-05","0.0031","G"
"4","Trait5","FASTmrMLM","PstI.TP1283668","11","9041","-5.4224e-06","0.0012","C"
"4","Trait5","FASTmrMLM","PstI.TP1283811","11","9042","0.0549","0.3952","C"
"4","Trait5","FASTmrMLM","PstI.TP1283881","11","9043","-2e-04","0.0139","C"
"4","Trait5","FASTmrMLM","PstI.TP1284141","11","9044","9.4301e-06","0.0021","A"
"4","Trait5","FASTmrMLM","PstI.TP1284145","11","9045","-1.9382e-05","0.0042","C"
"4","Trait5","FASTmrMLM","PstI.TP1284260","11","9046","-3.3755e-05","0.0074","A"
"4","Trait5","FASTmrMLM","PstI.TP1284294","11","9047","-0.2794","0.9319","C"
"4","Trait5","FASTmrMLM","PstI.TP1284503","11","9049","-2.894e-05","0.0063","A"
"4","Trait5","FASTmrMLM","PstI.TP1284520","11","9050","0.1107","0.6671","C"
"4","Trait5","FASTmrMLM","PstI.TP1284595","11","9051","2.1088e-05","0.0046","A"
"4","Trait5","FASTmrMLM","PstI.TP1284628","11","9052","-5.5619e-06","0.0012","C"
"4","Trait5","FASTmrMLM","PstI.TP1285583","11","9053","5.8937e-06","0.0013","A"
"4","Trait5","FASTmrMLM","PstI.TP1285846","11","9054","9.264e-06","0.002","A"
"4","Trait5","FASTmrMLM","PstI.TP1285941","11","9055","3.175e-05","0.007","A"
"4","Trait5","FASTmrMLM","PstI.TP1286055","11","9056","-1.1642e-05","0.0025","C"
"4","Trait5","FASTmrMLM","PstI.TP1286312","11","9058","0.1523","1.3016","A"
"4","Trait5","FASTmrMLM","PstI.TP1286344","11","9059","0.0277","0.3573","A"
"4","Trait5","FASTmrMLM","PstI.TP1286426","11","9060","8.2455e-06","0.0018","C"
"4","Trait5","FASTmrMLM","PstI.TP1286429","11","9061","1.7436e-05","0.0038","G"
"4","Trait5","FASTmrMLM","PstI.TP1286446","11","9062","-5.3965e-07","1e-04","A"
"4","Trait5","FASTmrMLM","PstI.TP1286540","11","9063","-7.7953e-06","0.0017","C"
"4","Trait5","FASTmrMLM","PstI.TP1286631","11","9064","-0.2147","0.8056","C"
"4","Trait5","FASTmrMLM","PstI.TP1286655","11","9065","5.1762e-06","0.0011","A"
"4","Trait5","FASTmrMLM","PstI.TP1286748","11","9066","1.1636e-05","0.0025","C"
"4","Trait5","FASTmrMLM","PstI.TP1286824","11","9067","0.0695","0.8402","A"
"4","Trait5","FASTmrMLM","PstI.TP1286871","11","9068","-4.0899e-06","9e-04","C"
"4","Trait5","FASTmrMLM","PstI.TP1286978","11","9069","1.4633e-05","0.0032","C"
"4","Trait5","FASTmrMLM","PstI.TP1287436","11","9072","0.0779","0.4183","C"
"4","Trait5","FASTmrMLM","PstI.TP1287455","11","9073","-9.9458e-06","0.0022","C"
"4","Trait5","FASTmrMLM","PstI.TP1287678","11","9075","-3.364e-06","7e-04","C"
"4","Trait5","FASTmrMLM","PstI.TP1287778","11","9076","0.0252","0.264","A"
"4","Trait5","FASTmrMLM","PstI.TP1287907","11","9077","-0.0432","0.4329","C"
"4","Trait5","FASTmrMLM","PstI.TP1287938","11","9078","-8.4545e-06","0.0018","C"
"4","Trait5","FASTmrMLM","PstI.TP1288091","11","9080","0.0597","0.3408","C"
"4","Trait5","FASTmrMLM","PstI.TP1288099","11","9081","-0.0901","0.7561","A"
"4","Trait5","FASTmrMLM","PstI.TP1288264","11","9082","-6.934e-06","0.0015","A"
"4","Trait5","FASTmrMLM","PstI.TP1288348","11","9083","0.0245","0.2336","C"
"4","Trait5","FASTmrMLM","PstI.TP1288567","11","9085","-1.8203e-05","0.004","A"
"4","Trait5","FASTmrMLM","PstI.TP1288597","11","9086","3.4175e-05","0.0075","C"
"4","Trait5","FASTmrMLM","PstI.TP1288798","11","9087","1.5788e-05","0.0034","G"
"4","Trait5","FASTmrMLM","PstI.TP1288800","11","9088","-5.4694e-06","0.0012","G"
"4","Trait5","FASTmrMLM","PstI.TP1289681","11","9089","1.08e-05","0.0024","C"
"4","Trait5","FASTmrMLM","PstI.TP1290175","11","9090","-1.7055e-05","0.0037","C"
"4","Trait5","FASTmrMLM","PstI.TP1290291","11","9091","0.0073","0.083","A"
"4","Trait5","FASTmrMLM","PstI.TP1290454","11","9092","-1.1868e-05","0.0026","A"
"4","Trait5","FASTmrMLM","PstI.TP1290645","11","9093","-0.1215","1.1701","G"
"4","Trait5","FASTmrMLM","PstI.TP1290654","11","9094","-0.1636","1.7353","G"
"4","Trait5","FASTmrMLM","PstI.TP1290670","11","9095","-0.1161","1.0242","G"
"4","Trait5","FASTmrMLM","PstI.TP1291010","11","9097","0.036","0.2526","A"
"4","Trait5","FASTmrMLM","PstI.TP1291386","11","9099","1.5341e-05","0.0034","C"
"4","Trait5","FASTmrMLM","PstI.TP1291754","11","9100","-3.2552e-05","0.0071","A"
"4","Trait5","FASTmrMLM","PstI.TP1291768","11","9101","-0.0364","0.2431","G"
"4","Trait5","FASTmrMLM","PstI.TP1291800","11","9103","2.505e-05","0.0055","A"
"4","Trait5","FASTmrMLM","PstI.TP1292045","11","9104","-5.2124e-07","1e-04","A"
"4","Trait5","FASTmrMLM","PstI.TP1292069","11","9105","-1.7678e-05","0.0039","C"
"4","Trait5","FASTmrMLM","PstI.TP1292123","11","9106","-2.2348e-05","0.0049","C"
"4","Trait5","FASTmrMLM","PstI.TP1292142","11","9107","1.8182e-05","0.004","A"
"4","Trait5","FASTmrMLM","PstI.TP1292532","11","9108","-0.0209","0.2294","A"
"4","Trait5","FASTmrMLM","PstI.TP1292543","11","9109","0.0887","0.6792","A"
"4","Trait5","FASTmrMLM","PstI.TP1292604","11","9110","2.8966e-06","6e-04","A"
"4","Trait5","FASTmrMLM","PstI.TP1292609","11","9111","0.0981","0.8954","C"
"4","Trait5","FASTmrMLM","PstI.TP1292782","11","9114","7.66e-06","0.0017","C"
"4","Trait5","FASTmrMLM","PstI.TP1292933","11","9116","1.3676e-05","0.003","A"
"4","Trait5","FASTmrMLM","PstI.TP1293011","11","9117","-2.3449e-05","0.0051","C"
"4","Trait5","FASTmrMLM","PstI.TP1293089","11","9118","0.0739","0.6068","A"
"4","Trait5","FASTmrMLM","PstI.TP1293090","11","9119","0.0508","0.3538","A"
"4","Trait5","FASTmrMLM","PstI.TP1293114","11","9120","2.2349e-06","5e-04","G"
"4","Trait5","FASTmrMLM","PstI.TP1293308","11","9121","1.2655e-05","0.0028","C"
"4","Trait5","FASTmrMLM","PstI.TP1293547","11","9124","-0.0432","0.5455","A"
"4","Trait5","FASTmrMLM","PstI.TP1293900","11","9126","-1.7804e-05","0.0039","A"
"4","Trait5","FASTmrMLM","PstI.TP1293961","11","9127","-1.4656e-05","0.0032","C"
"4","Trait5","FASTmrMLM","PstI.TP1294113","11","9129","2.8904e-05","0.0063","C"
"4","Trait5","FASTmrMLM","PstI.TP1294195","11","9130","0.3498","1.8705","A"
"4","Trait5","FASTmrMLM","PstI.TP1294242","11","9131","-0.0795","0.6889","A"
"4","Trait5","FASTmrMLM","PstI.TP1294344","11","9132","0.1124","1.0662","A"
"4","Trait5","FASTmrMLM","PstI.TP1294374","11","9133","1.3042e-05","0.0028","G"
"4","Trait5","FASTmrMLM","PstI.TP1294837","11","9134","0.0901","1.1305","A"
"4","Trait5","FASTmrMLM","PstI.TP1294996","11","9135","-1.9166e-05","0.0042","C"
"4","Trait5","FASTmrMLM","PstI.TP1295314","11","9137","0.0216","0.2148","C"
"4","Trait5","FASTmrMLM","NsiI.TP224","11","9139","0.0717","0.8273","A"
"4","Trait5","FASTmrMLM","NsiI.TP568","11","9143","-0.0085","0.1382","A"
"4","Trait5","FASTmrMLM","NsiI.TP578","11","9144","-9.8444e-06","0.0021","C"
"4","Trait5","FASTmrMLM","NsiI.TP932","11","9145","-1.6909e-05","0.0037","C"
"4","Trait5","FASTmrMLM","NsiI.TP985","11","9146","2.7478e-05","0.006","C"
"4","Trait5","FASTmrMLM","NsiI.TP1016","11","9147","-2.8447e-05","0.0062","A"
"4","Trait5","FASTmrMLM","NsiI.TP1051","11","9148","2.6989e-05","0.0059","A"
"4","Trait5","FASTmrMLM","NsiI.TP1064","11","9150","-4.3494e-06","9e-04","A"
"4","Trait5","FASTmrMLM","NsiI.TP1295","11","9152","-0.0905","0.4266","A"
"4","Trait5","FASTmrMLM","NsiI.TP1465","11","9153","-2.6383e-07","5.7416e-05","A"
"4","Trait5","FASTmrMLM","NsiI.TP1720","11","9155","-2.5753e-05","0.0056","C"
"4","Trait5","FASTmrMLM","NsiI.TP1783","11","9157","0.1384","0.8242","C"
"4","Trait5","FASTmrMLM","NsiI.TP1993","11","9158","1.7941e-06","4e-04","A"
"4","Trait5","FASTmrMLM","NsiI.TP2176","11","9159","2e-04","0.0136","C"
"4","Trait5","FASTmrMLM","NsiI.TP2370","11","9160","-3.9796e-06","9e-04","C"
"4","Trait5","FASTmrMLM","NsiI.TP2469","11","9161","1.3825e-05","0.003","A"
"4","Trait5","FASTmrMLM","NsiI.TP2645","11","9163","-8.2243e-06","0.0018","A"
"4","Trait5","FASTmrMLM","NsiI.TP2849","11","9165","-3.3325e-05","0.0073","A"
"4","Trait5","FASTmrMLM","NsiI.TP3078","11","9168","-2.8528e-05","0.0063","C"
"4","Trait5","FASTmrMLM","NsiI.TP3214","11","9170","-7.3049e-06","0.0016","A"
"4","Trait5","FASTmrMLM","NsiI.TP3524","11","9171","-1.4064e-05","0.0031","A"
"4","Trait5","FASTmrMLM","NsiI.TP3530","11","9172","0.0816","0.8154","C"
"4","Trait5","FASTmrMLM","NsiI.TP4635","11","9175","2.8765e-05","0.0063","A"
"4","Trait5","FASTmrMLM","NsiI.TP4692","11","9176","-2.0946e-06","5e-04","A"
"4","Trait5","FASTmrMLM","NsiI.TP4824","11","9179","-3.4093e-05","0.0075","A"
"4","Trait5","FASTmrMLM","NsiI.TP4829","11","9180","-5.4878e-06","0.0012","C"
"4","Trait5","FASTmrMLM","NsiI.TP4902","11","9181","-0.0545","0.3547","A"
"4","Trait5","FASTmrMLM","NsiI.TP4937","11","9182","-9.5082e-06","0.0021","A"
"4","Trait5","FASTmrMLM","NsiI.TP5013","11","9183","-2.3102e-05","0.0051","C"
"4","Trait5","FASTmrMLM","NsiI.TP5059","11","9184","-0.0209","0.2471","A"
"4","Trait5","FASTmrMLM","NsiI.TP5147","11","9186","0.1315","1.622","A"
"4","Trait5","FASTmrMLM","NsiI.TP5216","11","9187","-0.099","1.1558","C"
"4","Trait5","FASTmrMLM","NsiI.TP5257","11","9189","-0.0257","0.1994","A"
"4","Trait5","FASTmrMLM","NsiI.TP5349","11","9190","-0.0229","0.2153","A"
"4","Trait5","FASTmrMLM","NsiI.TP5409","11","9191","1.261e-05","0.0028","C"
"4","Trait5","FASTmrMLM","NsiI.TP5485","11","9192","1.2226e-05","0.0027","C"
"4","Trait5","FASTmrMLM","NsiI.TP5622","11","9194","8.9507e-06","0.002","C"
"4","Trait5","FASTmrMLM","NsiI.TP5718","11","9195","-0.0416","0.57","C"
"4","Trait5","FASTmrMLM","NsiI.TP5842","11","9196","1.1431e-05","0.0025","A"
"4","Trait5","FASTmrMLM","NsiI.TP5949","11","9198","4.2341e-06","9e-04","A"
"4","Trait5","FASTmrMLM","NsiI.TP6029","11","9200","0.1083","0.3929","A"
"4","Trait5","FASTmrMLM","NsiI.TP6363","11","9203","0.355","1.322","A"
"4","Trait5","FASTmrMLM","NsiI.TP6507","11","9204","-0.0977","1.286","C"
"4","Trait5","FASTmrMLM","NsiI.TP6525","11","9205","-9.7615e-06","0.0021","C"
"4","Trait5","FASTmrMLM","NsiI.TP6637","11","9206","-2.8921e-05","0.0063","A"
"4","Trait5","FASTmrMLM","NsiI.TP6801","11","9208","1.5487e-05","0.0034","A"
"4","Trait5","FASTmrMLM","NsiI.TP7140","11","9212","-2.9306e-06","6e-04","A"
"4","Trait5","FASTmrMLM","NsiI.TP7309","11","9214","-0.0257","0.3053","C"
"4","Trait5","FASTmrMLM","NsiI.TP7390","11","9215","-7.2449e-06","0.0016","G"
"4","Trait5","FASTmrMLM","NsiI.TP7461","11","9216","1.008e-05","0.0022","C"
"4","Trait5","FASTmrMLM","NsiI.TP7568","11","9217","3.0756e-07","6.6939e-05","C"
"4","Trait5","FASTmrMLM","NsiI.TP8035","11","9220","1.0115e-05","0.0022","C"
"4","Trait5","FASTmrMLM","NsiI.TP8243","11","9221","1.6335e-05","0.0036","A"
"4","Trait5","FASTmrMLM","NsiI.TP8276","11","9222","6.3052e-06","0.0014","A"
"4","Trait5","FASTmrMLM","NsiI.TP8416","11","9224","1.8402e-05","0.004","A"
"4","Trait5","FASTmrMLM","NsiI.TP8541","11","9225","-1.2906e-05","0.0028","G"
"4","Trait5","FASTmrMLM","NsiI.TP8744","11","9226","-0.0718","0.7795","A"
"4","Trait5","FASTmrMLM","NsiI.TP8981","11","9227","2.8629e-05","0.0063","C"
"4","Trait5","FASTmrMLM","NsiI.TP9250","11","9229","-2.8969e-05","0.0064","A"
"4","Trait5","FASTmrMLM","NsiI.TP9939","11","9230","4.1181e-06","9e-04","G"
"4","Trait5","FASTmrMLM","NsiI.TP10149","11","9232","-1e-04","0.0107","A"
"4","Trait5","FASTmrMLM","NsiI.TP10202","11","9233","-3.9954e-05","0.0088","A"
"4","Trait5","FASTmrMLM","NsiI.TP10253","11","9235","-5.112e-06","0.0011","C"
"4","Trait5","FASTmrMLM","NsiI.TP10279","11","9237","1.9847e-05","0.0043","A"
"4","Trait5","FASTmrMLM","NsiI.TP10565","11","9242","-6.4353e-06","0.0014","A"
"4","Trait5","FASTmrMLM","NsiI.TP10855","11","9245","3.2802e-06","7e-04","A"
"4","Trait5","FASTmrMLM","NsiI.TP10979","11","9246","2.303e-05","0.005","A"
"4","Trait5","FASTmrMLM","NsiI.TP11108","11","9247","0.0074","0.1303","C"
"4","Trait5","FASTmrMLM","NsiI.TP11267","11","9250","7.8458e-06","0.0017","C"
"4","Trait5","FASTmrMLM","NsiI.TP11887","11","9256","-1.9126e-05","0.0042","C"
"4","Trait5","FASTmrMLM","NsiI.TP11968","11","9257","1.6932e-05","0.0037","A"
"4","Trait5","FASTmrMLM","NsiI.TP12172","11","9258","-1.5681e-05","0.0034","G"
"4","Trait5","FASTmrMLM","NsiI.TP12252","11","9259","-3.0077e-07","6.5456e-05","A"
"4","Trait5","FASTmrMLM","NsiI.TP12272","11","9260","-4.2574e-05","0.0094","A"
"4","Trait5","FASTmrMLM","NsiI.TP12645","11","9261","-2.347e-05","0.0051","C"
"4","Trait5","FASTmrMLM","NsiI.TP12820","11","9262","0.2129","1.5585","G"
"4","Trait5","FASTmrMLM","NsiI.TP13118","11","9264","-2.1016e-05","0.0046","A"
"4","Trait5","FASTmrMLM","NsiI.TP13124","11","9265","2.7978e-05","0.0061","A"
"4","Trait5","FASTmrMLM","NsiI.TP13441","11","9266","-2.062e-06","4e-04","C"
"4","Trait5","FASTmrMLM","NsiI.TP13472","11","9267","-2.2106e-05","0.0048","A"
"4","Trait5","FASTmrMLM","NsiI.TP13678","11","9269","0.3071","2.6929","A"
"4","Trait5","FASTmrMLM","NsiI.TP13689","11","9270","-5.4368e-06","0.0012","C"
"4","Trait5","FASTmrMLM","NsiI.TP13700","11","9271","-1.3753e-05","0.003","A"
"4","Trait5","FASTmrMLM","NsiI.TP13900","11","9274","-3.6628e-05","0.008","G"
"4","Trait5","FASTmrMLM","NsiI.TP14071","11","9277","-1.9379e-05","0.0042","C"
"4","Trait5","FASTmrMLM","NsiI.TP14098","11","9278","-1.2196e-05","0.0027","A"
"4","Trait5","FASTmrMLM","NsiI.TP14129","11","9279","-2.1207e-05","0.0046","A"
"4","Trait5","FASTmrMLM","NsiI.TP14156","11","9280","3.6141e-05","0.0079","C"
"4","Trait5","FASTmrMLM","NsiI.TP14385","11","9281","-2.3289e-05","0.0051","C"
"4","Trait5","FASTmrMLM","NsiI.TP14409","11","9282","0.0301","0.295","A"
"4","Trait5","FASTmrMLM","NsiI.TP14441","11","9283","-1.1184e-05","0.0024","C"
"4","Trait5","FASTmrMLM","NsiI.TP14532","11","9284","2.0098e-05","0.0044","A"
"4","Trait5","FASTmrMLM","NsiI.TP15087","11","9287","3.2607e-05","0.0072","C"
"4","Trait5","FASTmrMLM","NsiI.TP15255","11","9290","-7.5557e-06","0.0016","A"
"4","Trait5","FASTmrMLM","NsiI.TP15268","11","9292","-1.0782e-05","0.0024","C"
"4","Trait5","FASTmrMLM","NsiI.TP15532","11","9296","2.5251e-05","0.0055","C"
"4","Trait5","FASTmrMLM","NsiI.TP15549","11","9297","0.1206","1.1565","A"
"4","Trait5","FASTmrMLM","NsiI.TP15662","11","9298","-5.1045e-06","0.0011","A"
"4","Trait5","FASTmrMLM","NsiI.TP15741","11","9300","0.2516","1.4819","A"
"4","Trait5","FASTmrMLM","NsiI.TP15785","11","9301","0.2426","0.8191","C"
"4","Trait5","FASTmrMLM","NsiI.TP15890","11","9303","0.0961","0.626","A"
"4","Trait5","FASTmrMLM","NsiI.TP15926","11","9304","8.9918e-07","2e-04","G"
"4","Trait5","FASTmrMLM","NsiI.TP15929","11","9306","1.7095e-05","0.0037","A"
"4","Trait5","FASTmrMLM","NsiI.TP16233","11","9309","-3.1567e-05","0.0069","A"
"4","Trait5","FASTmrMLM","NsiI.TP16385","11","9310","-3.254e-05","0.0071","C"
"4","Trait5","FASTmrMLM","NsiI.TP16416","11","9311","-0.0953","0.5623","A"
"4","Trait5","FASTmrMLM","NsiI.TP16515","11","9312","1.1426e-06","2e-04","A"
"4","Trait5","FASTmrMLM","NsiI.TP16621","11","9315","2.6188e-05","0.0057","C"
"4","Trait5","FASTmrMLM","NsiI.TP16824","11","9316","-2.555e-05","0.0056","G"
"4","Trait5","FASTmrMLM","NsiI.TP16847","11","9317","1.2497e-05","0.0027","C"
"4","Trait5","FASTmrMLM","NsiI.TP16950","11","9318","2.4012e-05","0.0053","G"
"4","Trait5","FASTmrMLM","NsiI.TP17209","11","9320","0.1276","1.176","A"
"4","Trait5","FASTmrMLM","NsiI.TP17357","11","9322","1.0954e-05","0.0024","A"
"4","Trait5","FASTmrMLM","NsiI.TP17675","11","9326","-9.7781e-07","2e-04","C"
"4","Trait5","FASTmrMLM","NsiI.TP17799","11","9328","-6.2353e-06","0.0014","A"
"4","Trait5","FASTmrMLM","NsiI.TP18074","11","9329","6.2355e-06","0.0014","C"
"4","Trait5","FASTmrMLM","NsiI.TP18720","11","9336","2.7055e-05","0.0059","G"
"4","Trait5","FASTmrMLM","NsiI.TP18758","11","9337","-1.7348e-05","0.0038","A"
"4","Trait5","FASTmrMLM","NsiI.TP18856","11","9338","0.0343","0.3493","A"
"4","Trait5","FASTmrMLM","NsiI.TP18985","11","9339","-0.2052","1.8169","A"
"4","Trait5","FASTmrMLM","NsiI.TP19031","11","9340","9.5705e-06","0.0021","C"
"4","Trait5","FASTmrMLM","NsiI.TP19086","11","9342","-1.0221e-05","0.0022","G"
"4","Trait5","FASTmrMLM","NsiI.TP19327","11","9345","-1.1704e-05","0.0026","C"
"4","Trait5","FASTmrMLM","NsiI.TP19780","11","9347","0.0473","0.3949","A"
"4","Trait5","FASTmrMLM","NsiI.TP19898","11","9348","1.4355e-05","0.0031","C"
"4","Trait5","FASTmrMLM","NsiI.TP20006","11","9349","2.438e-06","5e-04","C"
"4","Trait5","FASTmrMLM","NsiI.TP20090","11","9350","1.6232e-05","0.0035","C"
"4","Trait5","FASTmrMLM","NsiI.TP20096","11","9351","3.2971e-05","0.0046","C"
"4","Trait5","FASTmrMLM","NsiI.TP20148","11","9353","-3.0076e-07","6.5474e-05","C"
"4","Trait5","FASTmrMLM","NsiI.TP20276","11","9354","2.3634e-06","5e-04","A"
"4","Trait5","FASTmrMLM","NsiI.TP20478","11","9356","-1.7152e-05","0.0037","G"
"4","Trait5","FASTmrMLM","NsiI.TP20534","11","9357","1.5835e-05","0.0035","A"
"4","Trait5","FASTmrMLM","NsiI.TP21130","11","9360","-1.1542e-05","0.0025","C"
"4","Trait5","FASTmrMLM","NsiI.TP21982","11","9362","1.0057e-05","0.0022","C"
"4","Trait5","FASTmrMLM","NsiI.TP22036","11","9363","-1.6523e-05","0.0036","C"
"4","Trait5","FASTmrMLM","NsiI.TP22197","11","9366","3.9637e-06","9e-04","C"
"4","Trait5","FASTmrMLM","NsiI.TP22324","11","9367","2.3239e-05","0.0051","A"
"4","Trait5","FASTmrMLM","NsiI.TP22693","11","9369","-1.4002e-05","0.0031","C"
"4","Trait5","FASTmrMLM","NsiI.TP22761","11","9370","-0.0404","0.4591","A"
"4","Trait5","FASTmrMLM","NsiI.TP22801","11","9372","9.2142e-06","0.002","A"
"4","Trait5","FASTmrMLM","NsiI.TP22867","11","9374","1.0131e-05","0.0022","A"
"4","Trait5","FASTmrMLM","NsiI.TP23087","11","9375","-2.2449e-05","0.0049","C"
"4","Trait5","FASTmrMLM","NsiI.TP23128","11","9377","1.2353e-05","0.0027","A"
"4","Trait5","FASTmrMLM","NsiI.TP23230","11","9378","-0.1258","0.5687","A"
"4","Trait5","FASTmrMLM","NsiI.TP23333","11","9380","2.1566e-05","0.0047","A"
"4","Trait5","FASTmrMLM","NsiI.TP23487","11","9381","-7.2225e-06","0.0016","A"
"4","Trait5","FASTmrMLM","NsiI.TP23511","11","9383","-7.7955e-07","2e-04","A"
"4","Trait5","FASTmrMLM","NsiI.TP23515","11","9384","-1.2484e-05","0.0027","C"
"4","Trait5","FASTmrMLM","NsiI.TP23912","11","9387","-0.075","1.1994","A"
"4","Trait5","FASTmrMLM","NsiI.TP24289","11","9392","-9.4543e-06","0.0021","A"
"4","Trait5","FASTmrMLM","NsiI.TP24725","11","9395","0.1883","2.0203","A"
"4","Trait5","FASTmrMLM","NsiI.TP24748","11","9396","3.1084e-06","7e-04","A"
"4","Trait5","FASTmrMLM","NsiI.TP24783","11","9397","1.0884e-05","0.0024","A"
"4","Trait5","FASTmrMLM","NsiI.TP24942","11","9398","0.0581","0.6829","G"
"4","Trait5","FASTmrMLM","NsiI.TP24973","11","9399","0.1462","2.4658","A"
"4","Trait5","FASTmrMLM","NsiI.TP25045","11","9400","1.5323e-05","0.0033","A"
"4","Trait5","FASTmrMLM","NsiI.TP25384","11","9404","1.2319e-05","0.0027","C"
"4","Trait5","FASTmrMLM","NsiI.TP25900","11","9407","3.0621e-05","0.0067","A"
"4","Trait5","FASTmrMLM","NsiI.TP25965","11","9408","-1.3458e-06","3e-04","C"
"4","Trait5","FASTmrMLM","NsiI.TP26077","11","9409","1.179e-05","0.0026","A"
"4","Trait5","FASTmrMLM","NsiI.TP26503","11","9411","-0.1233","1.1914","G"
"4","Trait5","FASTmrMLM","NsiI.TP26517","11","9412","-0.0319","0.2619","A"
"4","Trait5","FASTmrMLM","NsiI.TP26544","11","9413","-0.2606","1.2708","A"
"4","Trait5","FASTmrMLM","NsiI.TP26592","11","9415","-0.031","0.3289","A"
"4","Trait5","FASTmrMLM","NsiI.TP26637","11","9416","3.2389e-05","0.0071","C"
"4","Trait5","FASTmrMLM","NsiI.TP26661","11","9417","0.2017","0.7109","A"
"4","Trait5","FASTmrMLM","NsiI.TP26854","11","9418","2.0454e-06","4e-04","A"
"4","Trait5","FASTmrMLM","NsiI.TP26932","11","9419","1.2469e-05","0.0027","A"
"4","Trait5","FASTmrMLM","NsiI.TP27091","11","9422","0.0688","0.4751","C"
"4","Trait5","FASTmrMLM","NsiI.TP27092","11","9423","-0.1753","1.5235","C"
"4","Trait5","FASTmrMLM","NsiI.TP27095","11","9424","0.1391","0.648","A"
"4","Trait5","FASTmrMLM","NsiI.TP27134","11","9425","1.5922e-05","0.0035","A"
"4","Trait5","FASTmrMLM","NsiI.TP27139","11","9426","1.1957e-05","0.0026","A"
"4","Trait5","FASTmrMLM","NsiI.TP27142","11","9427","-0.1484","1.5872","A"
"4","Trait5","FASTmrMLM","NsiI.TP27263","11","9428","2.5955e-05","0.0057","A"
"4","Trait5","FASTmrMLM","NsiI.TP27355","11","9430","2.8794e-05","0.0063","A"
"4","Trait5","FASTmrMLM","NsiI.TP27967","11","9433","1.2026e-05","0.0026","A"
"4","Trait5","FASTmrMLM","NsiI.TP28072","11","9434","-3.04e-05","0.0067","A"
"4","Trait5","FASTmrMLM","NsiI.TP28119","11","9435","-0.1259","1.2056","A"
"4","Trait5","FASTmrMLM","NsiI.TP28153","11","9436","-0.175","2.2388","C"
"4","Trait5","FASTmrMLM","NsiI.TP28186","11","9437","5.6422e-07","1e-04","A"
"4","Trait5","FASTmrMLM","NsiI.TP28194","11","9439","0.0839","0.3478","A"
"4","Trait5","FASTmrMLM","NsiI.TP28822","11","9440","-0.1403","0.6748","A"
"4","Trait5","FASTmrMLM","NsiI.TP28864","11","9442","-3.5551e-05","0.0078","C"
"4","Trait5","FASTmrMLM","NsiI.TP28953","11","9443","1.7368e-05","0.0038","G"
"4","Trait5","FASTmrMLM","NsiI.TP29076","11","9444","-3.1324e-07","6.818e-05","A"
"4","Trait5","FASTmrMLM","NsiI.TP29246","11","9446","-1.6793e-05","0.0037","A"
"4","Trait5","FASTmrMLM","NsiI.TP29262","11","9447","-6.4502e-06","0.0014","C"
"4","Trait5","FASTmrMLM","NsiI.TP29263","11","9448","0.1749","0.9245","A"
"4","Trait5","FASTmrMLM","NsiI.TP29266","11","9449","4.7638e-06","0.001","A"
"4","Trait5","FASTmrMLM","NsiI.TP29268","11","9450","2.0461e-06","4e-04","G"
"4","Trait5","FASTmrMLM","NsiI.TP29344","11","9451","-1.0988e-05","0.0024","C"
"4","Trait5","FASTmrMLM","NsiI.TP29348","11","9452","-3.3672e-06","7e-04","C"
"4","Trait5","FASTmrMLM","NsiI.TP29356","11","9453","-2.7996e-06","6e-04","A"
"4","Trait5","FASTmrMLM","NsiI.TP29407","11","9454","3.8998e-06","8e-04","C"
"4","Trait5","FASTmrMLM","NsiI.TP29484","11","9456","1.1911e-05","0.0026","C"
"4","Trait5","FASTmrMLM","NsiI.TP29555","11","9457","0.0747","0.4345","A"
"4","Trait5","FASTmrMLM","NsiI.TP29803","11","9460","0.0872","0.6253","C"
"4","Trait5","FASTmrMLM","NsiI.TP29805","11","9461","-3.6882e-06","8e-04","A"
"4","Trait5","FASTmrMLM","NsiI.TP30004","11","9463","2.0896e-05","0.0046","C"
"4","Trait5","FASTmrMLM","NsiI.TP30009","11","9464","3.0463e-06","7e-04","C"
"4","Trait5","FASTmrMLM","NsiI.TP30118","11","9465","0.4201","2.2859","C"
"4","Trait5","FASTmrMLM","NsiI.TP30188","11","9467","0.1041","0.5734","C"
"4","Trait5","FASTmrMLM","NsiI.TP30213","11","9468","-0.0755","0.4024","A"
"4","Trait5","FASTmrMLM","NsiI.TP30216","11","9469","-0.1481","1.2483","A"
"4","Trait5","FASTmrMLM","NsiI.TP30286","11","9470","-2.5982e-05","0.0057","G"
"4","Trait5","FASTmrMLM","NsiI.TP30691","11","9472","1.2893e-05","0.0028","C"
"4","Trait5","FASTmrMLM","NsiI.TP30785","11","9474","-0.0779","0.4749","G"
"4","Trait5","FASTmrMLM","NsiI.TP30964","11","9476","0.1942","0.5686","A"
"4","Trait5","FASTmrMLM","NsiI.TP30976","11","9477","1.3553e-05","0.003","A"
"4","Trait5","FASTmrMLM","NsiI.TP31001","11","9478","0.029","0.4199","A"
"4","Trait5","FASTmrMLM","NsiI.TP31117","11","9479","-1.5845e-05","0.0035","A"
"4","Trait5","FASTmrMLM","NsiI.TP31185","11","9481","1.2499e-05","0.0027","G"
"4","Trait5","FASTmrMLM","NsiI.TP31261","11","9482","-0.0153","0.2714","A"
"4","Trait5","FASTmrMLM","NsiI.TP31309","11","9483","7.4346e-06","0.0016","A"
"4","Trait5","FASTmrMLM","NsiI.TP31539","11","9485","-0.101","0.8543","A"
"4","Trait5","FASTmrMLM","NsiI.TP31560","11","9486","-4.315e-06","9e-04","C"
"4","Trait5","FASTmrMLM","NsiI.TP31581","11","9487","0.1613","0.8352","A"
"4","Trait5","FASTmrMLM","NsiI.TP31814","11","9489","-1.2151e-05","0.0027","C"
"4","Trait5","FASTmrMLM","NsiI.TP31833","11","9490","-2.7777e-06","6e-04","C"
"4","Trait5","FASTmrMLM","NsiI.TP32021","11","9492","-2.9724e-06","6e-04","A"
"4","Trait5","FASTmrMLM","NsiI.TP32241","11","9494","0.091","0.5774","A"
"4","Trait5","FASTmrMLM","NsiI.TP32586","11","9495","7.0373e-06","0.0015","A"
"4","Trait5","FASTmrMLM","NsiI.TP32787","11","9496","-1.48e-05","0.0032","A"
"4","Trait5","FASTmrMLM","NsiI.TP32809","11","9498","8.7082e-06","0.0019","C"
"4","Trait5","FASTmrMLM","NsiI.TP32963","11","9499","2.4122e-05","0.0053","A"
"4","Trait5","FASTmrMLM","NsiI.TP33016","11","9500","-0.0223","0.1899","C"
"4","Trait5","FASTmrMLM","NsiI.TP33044","11","9502","2.0762e-05","0.0045","A"
"4","Trait5","FASTmrMLM","NsiI.TP33103","11","9503","1.6282e-06","4e-04","A"
"4","Trait5","FASTmrMLM","NsiI.TP33131","11","9505","2.3702e-05","0.0052","A"
"4","Trait5","FASTmrMLM","NsiI.TP33147","11","9506","-0.0359","0.4171","C"
"4","Trait5","FASTmrMLM","NsiI.TP33372","11","9508","-7.5224e-06","0.0016","A"
"4","Trait5","FASTmrMLM","NsiI.TP33407","11","9509","6.7445e-06","0.0015","A"
"4","Trait5","FASTmrMLM","NsiI.TP33423","11","9510","-6.4883e-06","0.0014","A"
"4","Trait5","FASTmrMLM","NsiI.TP33621","11","9511","6.6974e-06","0.0015","A"
"4","Trait5","FASTmrMLM","NsiI.TP33685","11","9512","-9.5461e-06","0.0021","A"
"4","Trait5","FASTmrMLM","NsiI.TP33741","11","9513","-0.0194","0.1969","A"
"4","Trait5","FASTmrMLM","NsiI.TP33829","11","9514","1.3024e-05","0.0028","A"
"4","Trait5","FASTmrMLM","NsiI.TP34105","11","9516","-0.0371","0.3059","A"
"4","Trait5","FASTmrMLM","NsiI.TP34165","11","9518","1.7441e-05","0.0038","A"
"4","Trait5","FASTmrMLM","NsiI.TP34209","11","9519","-1.6561e-05","0.0036","C"
"4","Trait5","FASTmrMLM","NsiI.TP34298","11","9520","-5.3992e-06","0.0012","A"
"4","Trait5","FASTmrMLM","NsiI.TP34524","11","9522","0.0676","0.4968","A"
"4","Trait5","FASTmrMLM","NsiI.TP34654","11","9523","-1.3124e-05","0.0029","A"
"4","Trait5","FASTmrMLM","NsiI.TP34761","11","9524","-2.5777e-06","6e-04","A"
"4","Trait5","FASTmrMLM","NsiI.TP34770","11","9525","0.0204","0.144","A"
"4","Trait5","FASTmrMLM","NsiI.TP34878","11","9527","2.5805e-06","6e-04","C"
"4","Trait5","FASTmrMLM","NsiI.TP34888","11","9528","5.6866e-06","0.0012","A"
"4","Trait5","FASTmrMLM","NsiI.TP34915","11","9529","8.1921e-06","0.0018","A"
"4","Trait5","FASTmrMLM","NsiI.TP35302","11","9531","0.005","0.121","A"
"4","Trait5","FASTmrMLM","NsiI.TP35491","11","9532","-0.0242","0.3492","C"
"4","Trait5","FASTmrMLM","NsiI.TP35493","11","9533","2.8598e-05","0.0063","C"
"4","Trait5","FASTmrMLM","NsiI.TP35579","11","9534","-0.0942","0.7174","C"
"4","Trait5","FASTmrMLM","NsiI.TP35613","11","9535","3.3749e-06","7e-04","A"
"4","Trait5","FASTmrMLM","NsiI.TP35623","11","9536","1.8637e-05","0.0041","C"
"4","Trait5","FASTmrMLM","NsiI.TP35699","11","9537","2.3786e-05","0.0052","C"
"4","Trait5","FASTmrMLM","NsiI.TP35756","11","9538","1.3066e-05","0.0029","C"
"4","Trait5","FASTmrMLM","NsiI.TP35787","11","9539","-5.4698e-06","0.0012","G"
"4","Trait5","FASTmrMLM","NsiI.TP35954","11","9540","-1.4603e-05","0.0032","C"
"4","Trait5","FASTmrMLM","NsiI.TP36040","11","9542","8.7162e-06","0.0019","C"
"4","Trait5","FASTmrMLM","NsiI.TP36219","11","9546","4.2282e-05","0.0093","C"
"4","Trait5","FASTmrMLM","NsiI.TP36308","11","9548","-1.7984e-05","0.0039","A"
"4","Trait5","FASTmrMLM","NsiI.TP36344","11","9549","2.8093e-06","6e-04","C"
"4","Trait5","FASTmrMLM","NsiI.TP36448","11","9550","8.4414e-07","2e-04","A"
"4","Trait5","FASTmrMLM","NsiI.TP36703","11","9551","2.2713e-05","0.005","A"
"4","Trait5","FASTmrMLM","NsiI.TP36721","11","9552","-2.712e-06","6e-04","A"
"4","Trait5","FASTmrMLM","NsiI.TP36737","11","9553","-2.9494e-05","0.0065","A"
"4","Trait5","FASTmrMLM","NsiI.TP36750","11","9554","1.8689e-05","0.0041","C"
"4","Trait5","FASTmrMLM","NsiI.TP36811","11","9556","0.0684","0.3993","A"
"4","Trait5","FASTmrMLM","NsiI.TP36828","11","9557","-0.043","0.4177","C"
"4","Trait5","FASTmrMLM","NsiI.TP36835","11","9558","0.0351","0.3855","A"
"4","Trait5","FASTmrMLM","NsiI.TP36867","11","9560","0.1074","1.1357","G"
"4","Trait5","FASTmrMLM","NsiI.TP37023","11","9561","1.8424e-05","0.004","C"
"4","Trait5","FASTmrMLM","NsiI.TP37044","11","9562","-3.4576e-07","7.5255e-05","A"
"4","Trait5","FASTmrMLM","NsiI.TP37277","11","9564","-0.3897","1.5972","C"
"4","Trait5","FASTmrMLM","NsiI.TP37282","11","9565","-1.4849e-06","3e-04","C"
"4","Trait5","FASTmrMLM","NsiI.TP37454","11","9567","-0.0765","0.7531","C"
"4","Trait5","FASTmrMLM","NsiI.TP37510","11","9568","-9.9742e-06","0.0022","A"
"4","Trait5","FASTmrMLM","NsiI.TP37592","11","9569","0.2108","0.9671","A"
"4","Trait5","FASTmrMLM","NsiI.TP37717","11","9571","-2.2603e-05","0.0049","C"
"4","Trait5","FASTmrMLM","NsiI.TP37843","11","9574","3.9973e-05","0.0088","G"
"4","Trait5","FASTmrMLM","NsiI.TP37939","11","9576","-8.1487e-06","0.0018","C"
"4","Trait5","FASTmrMLM","NsiI.TP38115","11","9577","-0.0157","0.2195","A"
"4","Trait5","FASTmrMLM","NsiI.TP38142","11","9578","7.1921e-06","0.0016","A"
"4","Trait5","FASTmrMLM","NsiI.TP38437","11","9581","-0.2332","2.2115","G"
"4","Trait5","FASTmrMLM","NsiI.TP38451","11","9582","4.2321e-05","0.0093","A"
"4","Trait5","FASTmrMLM","NsiI.TP38642","11","9584","-0.0091","0.1777","C"
"4","Trait5","FASTmrMLM","NsiI.TP38649","11","9585","-2.762e-06","6e-04","C"
"4","Trait5","FASTmrMLM","NsiI.TP38756","11","9586","-2.208e-05","0.0048","A"
"4","Trait5","FASTmrMLM","NsiI.TP38880","11","9587","3.4124e-05","0.0075","C"
"4","Trait5","FASTmrMLM","NsiI.TP38924","11","9588","9.8385e-05","0.0101","A"
"4","Trait5","FASTmrMLM","NsiI.TP39141","11","9590","3.8168e-06","8e-04","A"
"4","Trait5","FASTmrMLM","NsiI.TP39208","11","9592","2.9718e-06","6e-04","A"
"4","Trait5","FASTmrMLM","NsiI.TP39316","11","9593","-2.1647e-05","0.0047","C"
"4","Trait5","FASTmrMLM","NsiI.TP39386","11","9594","1.4494e-06","3e-04","G"
"4","Trait5","FASTmrMLM","NsiI.TP39445","11","9596","0.0633","0.5244","A"
"4","Trait5","FASTmrMLM","NsiI.TP39479","11","9597","1.3662e-06","3e-04","C"
"4","Trait5","FASTmrMLM","NsiI.TP39519","11","9600","0.0809","0.6934","C"
"4","Trait5","FASTmrMLM","NsiI.TP39611","11","9601","2.1485e-05","0.0047","A"
"4","Trait5","FASTmrMLM","NsiI.TP39625","11","9602","0.1736","0.5002","A"
"4","Trait5","FASTmrMLM","NsiI.TP39662","11","9603","2.9815e-06","6e-04","G"
"4","Trait5","FASTmrMLM","NsiI.TP39711","11","9604","4.2636e-05","0.0094","C"
"4","Trait5","FASTmrMLM","NsiI.TP39717","11","9605","2.8667e-05","0.0063","C"
"4","Trait5","FASTmrMLM","NsiI.TP39769","11","9606","-0.123","1.3598","C"
"4","Trait5","FASTmrMLM","NsiI.TP39791","11","9607","-2.9519e-05","0.0065","A"
"4","Trait5","FASTmrMLM","NsiI.TP39871","11","9609","1.133e-05","0.0025","A"
"4","Trait5","FASTmrMLM","NsiI.TP39895","11","9610","1.4027e-05","0.0031","C"
"4","Trait5","FASTmrMLM","NsiI.TP39896","11","9611","0.0371","0.3961","C"
"4","Trait5","FASTmrMLM","NsiI.TP39983","11","9613","1.3584e-06","3e-04","C"
"4","Trait5","FASTmrMLM","NsiI.TP40182","11","9615","1.1904e-05","0.0026","C"
"4","Trait5","FASTmrMLM","NsiI.TP40303","11","9617","-1.1218e-05","0.0024","A"
"4","Trait5","FASTmrMLM","NsiI.TP40351","11","9618","1.1072e-05","0.0024","C"
"4","Trait5","FASTmrMLM","NsiI.TP40477","11","9620","1.0812e-05","0.0024","A"
"4","Trait5","FASTmrMLM","NsiI.TP40504","11","9622","2.8688e-05","0.0063","A"
"4","Trait5","FASTmrMLM","NsiI.TP40599","11","9625","-7.3333e-06","0.0016","C"
"4","Trait5","FASTmrMLM","NsiI.TP40690","11","9627","1.4587e-05","0.0032","A"
"4","Trait5","FASTmrMLM","NsiI.TP40771","11","9628","1.4188e-05","0.0031","C"
"4","Trait5","FASTmrMLM","NsiI.TP40790","11","9629","-2.8569e-05","0.0063","C"
"4","Trait5","FASTmrMLM","NsiI.TP41079","11","9630","-2.6573e-06","6e-04","A"
"4","Trait5","FASTmrMLM","NsiI.TP41143","11","9632","-1.1177e-05","0.0024","C"
"4","Trait5","FASTmrMLM","NsiI.TP41302","11","9634","-3.339e-06","7e-04","C"
"4","Trait5","FASTmrMLM","NsiI.TP41336","11","9635","-1.2483e-05","0.0027","A"
"4","Trait5","FASTmrMLM","NsiI.TP41505","11","9637","-0.0584","0.6225","A"
"4","Trait5","FASTmrMLM","NsiI.TP41618","11","9638","3.8381e-05","0.0084","C"
"4","Trait5","FASTmrMLM","NsiI.TP41628","11","9639","-0.0152","0.1609","A"
"4","Trait5","FASTmrMLM","NsiI.TP41833","11","9642","-0.0828","0.6172","C"
"4","Trait5","FASTmrMLM","NsiI.TP41926","11","9643","0.2268","3.0238","C"
"4","Trait5","FASTmrMLM","NsiI.TP42015","11","9644","-4.8766e-06","0.0011","A"
"4","Trait5","FASTmrMLM","NsiI.TP42087","11","9645","8.5723e-06","0.0019","A"
"4","Trait5","FASTmrMLM","NsiI.TP42122","11","9647","-2.2568e-05","0.0049","C"
"4","Trait5","FASTmrMLM","NsiI.TP42304","11","9649","1.6349e-05","0.0036","C"
"4","Trait5","FASTmrMLM","NsiI.TP42306","11","9650","0.0419","0.5257","C"
"4","Trait5","FASTmrMLM","NsiI.TP42407","11","9653","-3.2691e-05","0.0072","A"
"4","Trait5","FASTmrMLM","NsiI.TP42418","11","9654","-2.6778e-05","0.0059","C"
"4","Trait5","FASTmrMLM","NsiI.TP42421","11","9655","-7.3647e-06","0.0016","A"
"4","Trait5","FASTmrMLM","NsiI.TP42487","11","9657","7.1198e-06","0.0016","A"
"4","Trait5","FASTmrMLM","NsiI.TP42711","11","9661","1.1388e-05","0.0025","A"
"4","Trait5","FASTmrMLM","NsiI.TP42787","11","9662","-2e-04","0.0137","A"
"4","Trait5","FASTmrMLM","NsiI.TP42861","11","9663","6.4368e-06","0.0014","C"
"4","Trait5","FASTmrMLM","NsiI.TP42921","11","9664","1.7769e-05","0.0039","A"
"4","Trait5","FASTmrMLM","NsiI.TP43044","11","9666","-0.1806","1.3213","A"
"4","Trait5","FASTmrMLM","NsiI.TP43126","11","9667","1.9969e-05","0.0044","A"
"4","Trait5","FASTmrMLM","NsiI.TP43185","11","9669","6.2711e-06","0.0014","C"
"4","Trait5","FASTmrMLM","NsiI.TP43297","11","9670","0.0185","0.1826","G"
"4","Trait5","FASTmrMLM","NsiI.TP43481","11","9671","0.0982","0.7113","A"
"4","Trait5","FASTmrMLM","NsiI.TP43574","11","9672","-0.0426","0.2909","A"
"4","Trait5","FASTmrMLM","NsiI.TP43684","11","9674","3.7602e-05","0.0083","C"
"4","Trait5","FASTmrMLM","NsiI.TP43753","11","9675","-1.9655e-05","0.0043","A"
"4","Trait5","FASTmrMLM","NsiI.TP43842","11","9677","3.7843e-05","0.0083","A"
"4","Trait5","FASTmrMLM","NsiI.TP44267","11","9680","-1.569e-05","0.0034","C"
"4","Trait5","FASTmrMLM","NsiI.TP44349","11","9682","1.6357e-05","0.0036","C"
"4","Trait5","FASTmrMLM","NsiI.TP44390","11","9683","-0.2046","0.9608","A"
"4","Trait5","FASTmrMLM","NsiI.TP44404","11","9684","0.0057","0.1329","C"
"4","Trait5","FASTmrMLM","NsiI.TP44423","11","9686","0.2376","1.5735","A"
"4","Trait5","FASTmrMLM","NsiI.TP44503","11","9687","4.6372e-06","0.001","C"
"4","Trait5","FASTmrMLM","NsiI.TP44847","11","9689","8.7829e-07","2e-04","C"
"4","Trait5","FASTmrMLM","NsiI.TP44947","11","9690","-0.0963","0.7311","C"
"4","Trait5","FASTmrMLM","NsiI.TP45002","11","9691","0.0771","0.5593","C"
"4","Trait5","FASTmrMLM","NsiI.TP45237","11","9692","-0.015","0.2391","A"
"4","Trait5","FASTmrMLM","NsiI.TP45500","11","9695","0.3093","2.1661","A"
"4","Trait5","FASTmrMLM","NsiI.TP46040","11","9697","0.0222","0.2444","C"
"4","Trait5","FASTmrMLM","NsiI.TP46117","11","9698","-0.072","0.5241","A"
"4","Trait5","FASTmrMLM","NsiI.TP46163","11","9699","2.2845e-06","5e-04","A"
"4","Trait5","FASTmrMLM","NsiI.TP46730","11","9702","-2.6537e-06","6e-04","A"
"4","Trait5","FASTmrMLM","NsiI.TP47124","11","9704","-0.0161","0.2408","G"
"4","Trait5","FASTmrMLM","NsiI.TP47494","11","9708","3.0285e-05","0.0066","A"
"4","Trait5","FASTmrMLM","NsiI.TP47547","11","9709","-4.9783e-07","1e-04","A"
"4","Trait5","FASTmrMLM","NsiI.TP47797","11","9710","2.9662e-05","0.0065","A"
"4","Trait5","FASTmrMLM","NsiI.TP48279","11","9712","0.1066","0.7709","A"
"4","Trait5","FASTmrMLM","NsiI.TP48282","11","9713","-1.4587e-05","0.0032","A"
"4","Trait5","FASTmrMLM","NsiI.TP48341","11","9714","0.0629","0.4565","A"
"4","Trait5","FASTmrMLM","NsiI.TP48486","11","9715","0.0945","1.1656","A"
"4","Trait5","FASTmrMLM","NsiI.TP48541","11","9716","-6.9182e-06","0.0015","A"
"4","Trait5","FASTmrMLM","NsiI.TP49887","11","9722","-5.8957e-06","0.0013","A"
"4","Trait5","FASTmrMLM","NsiI.TP49937","11","9724","-1.044e-05","0.0023","C"
"4","Trait5","FASTmrMLM","NsiI.TP50191","11","9725","-1.4387e-05","0.0031","A"
"4","Trait5","FASTmrMLM","NsiI.TP50506","11","9727","-0.0623","0.5819","G"
"4","Trait5","FASTmrMLM","NsiI.TP50587","11","9728","-2.8346e-05","0.0062","A"
"4","Trait5","FASTmrMLM","NsiI.TP50652","11","9729","-1.7727e-05","0.0039","C"
"4","Trait5","FASTmrMLM","NsiI.TP50683","11","9730","0.0296","0.3456","C"
"4","Trait5","FASTmrMLM","NsiI.TP50748","11","9731","2.2349e-05","0.0049","C"
"4","Trait5","FASTmrMLM","NsiI.TP50985","11","9734","-1.6133e-05","0.0035","A"
"4","Trait5","FASTmrMLM","NsiI.TP51176","11","9735","-5.2992e-06","0.0012","A"
"4","Trait5","FASTmrMLM","NsiI.TP51228","11","9736","-1.6635e-05","0.0036","A"
"4","Trait5","FASTmrMLM","NsiI.TP51351","11","9737","-3.983e-06","9e-04","C"
"4","Trait5","FASTmrMLM","NsiI.TP51372","11","9738","8.9821e-06","0.002","G"
"4","Trait5","FASTmrMLM","NsiI.TP51456","11","9739","-0.0142","0.2152","C"
"4","Trait5","FASTmrMLM","NsiI.TP51472","11","9740","1.8724e-06","4e-04","A"
"4","Trait5","FASTmrMLM","NsiI.TP51483","11","9741","2.1456e-05","0.0047","C"
"4","Trait5","FASTmrMLM","NsiI.TP51734","11","9744","-1.1363e-05","0.0025","C"
"4","Trait5","FASTmrMLM","NsiI.TP51911","11","9746","1.0899e-05","0.0024","C"
"4","Trait5","FASTmrMLM","NsiI.TP51932","11","9747","5.2345e-06","0.0011","C"
"4","Trait5","FASTmrMLM","NsiI.TP52290","11","9748","-6.201e-06","0.0014","A"
"4","Trait5","FASTmrMLM","NsiI.TP52317","11","9749","1.5348e-05","0.0034","A"
"4","Trait5","FASTmrMLM","NsiI.TP52663","11","9750","7.1885e-06","0.0016","A"
"4","Trait5","FASTmrMLM","NsiI.TP52712","11","9751","-0.0478","0.4661","A"
"4","Trait5","FASTmrMLM","NsiI.TP52832","11","9752","1.5638e-06","3e-04","A"
"4","Trait5","FASTmrMLM","NsiI.TP53625","11","9753","3.0462e-05","0.0067","C"
"4","Trait5","FASTmrMLM","NsiI.TP54214","11","9756","6.3233e-07","1e-04","A"
"4","Trait5","FASTmrMLM","NsiI.TP54249","11","9757","-0.1163","1.3927","C"
"4","Trait5","FASTmrMLM","NsiI.TP54252","11","9758","-4.6913e-06","0.001","A"
"4","Trait5","FASTmrMLM","NsiI.TP54347","11","9759","1.6311e-05","0.0036","C"
"4","Trait5","FASTmrMLM","NsiI.TP54353","11","9760","3.1952e-06","7e-04","C"
"4","Trait5","FASTmrMLM","NsiI.TP54363","11","9761","-0.1391","1.287","A"
"4","Trait5","FASTmrMLM","NsiI.TP54406","11","9762","-7.4443e-06","0.0016","C"
"4","Trait5","FASTmrMLM","NsiI.TP54428","11","9763","1.0862e-05","0.0024","A"
"4","Trait5","FASTmrMLM","NsiI.TP54454","11","9765","-1.2502e-05","0.0027","A"
"4","Trait5","FASTmrMLM","NsiI.TP54722","11","9768","-0.2584","1.9124","C"
"4","Trait5","FASTmrMLM","NsiI.TP54937","11","9771","2.1835e-05","0.0048","A"
"4","Trait5","FASTmrMLM","NsiI.TP54970","11","9772","7.2243e-06","0.0016","A"
"4","Trait5","FASTmrMLM","NsiI.TP55141","11","9775","5.8703e-06","0.0013","A"
"4","Trait5","FASTmrMLM","NsiI.TP55168","11","9776","-8.9137e-06","0.0019","A"
"4","Trait5","FASTmrMLM","NsiI.TP55385","11","9778","2.8215e-05","0.0062","C"
"4","Trait5","FASTmrMLM","NsiI.TP55543","11","9779","5.803e-06","0.0013","A"
"4","Trait5","FASTmrMLM","NsiI.TP55722","11","9782","1.5828e-05","0.0035","C"
"4","Trait5","FASTmrMLM","NsiI.TP55734","11","9783","-0.0682","0.654","A"
"4","Trait5","FASTmrMLM","NsiI.TP56093","11","9784","1.8588e-05","0.0041","A"
"4","Trait5","FASTmrMLM","NsiI.TP56325","11","9785","-0.1191","1.0148","C"
"4","Trait5","FASTmrMLM","NsiI.TP56342","11","9786","-4.3161e-05","0.0095","C"
"4","Trait5","FASTmrMLM","NsiI.TP56466","11","9788","7.4695e-06","0.0016","C"
"4","Trait5","FASTmrMLM","NsiI.TP56493","11","9789","-0.0641","0.5342","G"
"4","Trait5","FASTmrMLM","NsiI.TP56527","11","9790","8.8749e-06","0.0019","A"
"4","Trait5","FASTmrMLM","NsiI.TP56528","11","9791","2.3403e-05","0.0051","C"
"4","Trait5","FASTmrMLM","NsiI.TP56529","11","9792","0.0705","0.3771","C"
"4","Trait5","FASTmrMLM","NsiI.TP56535","11","9793","0.2153","1.2748","C"
"4","Trait5","FASTmrMLM","NsiI.TP56639","11","9795","9.3175e-07","2e-04","G"
"4","Trait5","FASTmrMLM","NsiI.TP56727","11","9796","-0.0617","0.6206","A"
"4","Trait5","FASTmrMLM","NsiI.TP56822","11","9798","2.5952e-05","0.0057","C"
"4","Trait5","FASTmrMLM","NsiI.TP56869","11","9800","-6.8813e-06","0.0015","G"
"4","Trait5","FASTmrMLM","NsiI.TP56957","11","9801","-1.1262e-05","0.0025","C"
"4","Trait5","FASTmrMLM","NsiI.TP56963","11","9802","1.6141e-05","0.0035","C"
"4","Trait5","FASTmrMLM","NsiI.TP57082","11","9803","3.7057e-05","0.0081","A"
"4","Trait5","FASTmrMLM","NsiI.TP57361","11","9805","2.369e-05","0.0052","A"
"4","Trait5","FASTmrMLM","NsiI.TP57404","11","9806","0.0337","0.369","A"
"4","Trait5","FASTmrMLM","NsiI.TP57411","11","9807","4.0743e-05","0.009","A"
"4","Trait5","FASTmrMLM","NsiI.TP57440","11","9808","0.0266","0.367","A"
"4","Trait5","FASTmrMLM","NsiI.TP57474","11","9810","0.159","0.6843","G"
"4","Trait5","FASTmrMLM","NsiI.TP57495","11","9811","1.3577e-05","0.003","A"
"4","Trait5","FASTmrMLM","NsiI.TP57551","11","9813","3.4583e-05","0.0076","C"
"4","Trait5","FASTmrMLM","NsiI.TP57603","11","9814","-0.0426","0.2341","C"
"4","Trait5","FASTmrMLM","NsiI.TP57617","11","9815","-1.0112e-05","0.0022","A"
"4","Trait5","FASTmrMLM","NsiI.TP57640","11","9816","-2.4872e-06","5e-04","C"
"4","Trait5","FASTmrMLM","NsiI.TP58630","11","9819","-2.3667e-05","0.0052","A"
"4","Trait5","FASTmrMLM","NsiI.TP58648","11","9820","7.2556e-06","0.0016","A"
"4","Trait5","FASTmrMLM","NsiI.TP58678","11","9821","1.6602e-05","0.0036","A"
"4","Trait5","FASTmrMLM","NsiI.TP59023","11","9822","6.9375e-06","0.0015","A"
"4","Trait5","FASTmrMLM","NsiI.TP59030","11","9823","-5.5704e-05","0.0075","A"
"4","Trait5","FASTmrMLM","NsiI.TP59092","11","9824","0.0486","0.2812","C"
"4","Trait5","FASTmrMLM","NsiI.TP59114","11","9826","-0.0584","0.356","C"
"4","Trait5","FASTmrMLM","NsiI.TP59129","11","9828","-1.8092e-05","0.004","A"
"4","Trait5","FASTmrMLM","NsiI.TP59163","11","9829","0.0891","0.7428","C"
"4","Trait5","FASTmrMLM","NsiI.TP59314","11","9830","-3.3176e-05","0.0073","A"
"4","Trait5","FASTmrMLM","NsiI.TP59375","11","9832","-0.0143","0.2122","A"
"4","Trait5","FASTmrMLM","NsiI.TP59527","11","9833","0.0165","0.2221","A"
"4","Trait5","FASTmrMLM","NsiI.TP59590","11","9834","0.1442","0.7427","A"
"4","Trait5","FASTmrMLM","NsiI.TP59858","11","9837","-1.0023e-06","2e-04","C"
"4","Trait5","FASTmrMLM","NsiI.TP60003","11","9840","-1.0554e-05","0.0023","G"
"4","Trait5","FASTmrMLM","NsiI.TP60008","11","9841","-0.1203","0.8857","C"
"4","Trait5","FASTmrMLM","NsiI.TP60110","11","9843","2.3373e-06","5e-04","A"
"4","Trait5","FASTmrMLM","NsiI.TP60254","11","9845","-2.1765e-05","0.0048","C"
"4","Trait5","FASTmrMLM","NsiI.TP60597","11","9849","-5.7141e-06","0.0012","A"
"4","Trait5","FASTmrMLM","NsiI.TP60655","11","9851","6.9379e-06","0.0015","G"
"4","Trait5","FASTmrMLM","NsiI.TP60693","11","9852","0.1255","0.7756","A"
"4","Trait5","FASTmrMLM","NsiI.TP60820","11","9853","2.6379e-06","6e-04","A"
"4","Trait5","FASTmrMLM","NsiI.TP60981","11","9854","-0.1046","1.2922","A"
"4","Trait5","FASTmrMLM","NsiI.TP60997","11","9855","2.564e-06","6e-04","A"
"4","Trait5","FASTmrMLM","NsiI.TP61178","11","9856","0.0943","0.4303","C"
"4","Trait5","FASTmrMLM","NsiI.TP61239","11","9857","-0.0628","0.5723","C"
"4","Trait5","FASTmrMLM","NsiI.TP61350","11","9858","0.1137","0.6282","C"
"4","Trait5","FASTmrMLM","NsiI.TP61405","11","9859","-1.1792e-05","0.0026","C"
"4","Trait5","FASTmrMLM","NsiI.TP61552","11","9860","0.1182","1.9065","C"
"4","Trait5","FASTmrMLM","NsiI.TP61633","11","9861","1.6007e-05","0.0035","G"
"4","Trait5","FASTmrMLM","NsiI.TP62084","11","9863","-0.0876","0.5104","C"
"4","Trait5","FASTmrMLM","NsiI.TP62320","11","9866","1.6356e-05","0.0036","C"
"4","Trait5","FASTmrMLM","NsiI.TP62344","11","9868","-0.0755","0.619","C"
"4","Trait5","FASTmrMLM","NsiI.TP62363","11","9869","1.0399e-06","2e-04","A"
"4","Trait5","FASTmrMLM","NsiI.TP62478","11","9870","0.0306","0.2806","A"
"4","Trait5","FASTmrMLM","NsiI.TP63075","11","9871","0.0688","0.6103","C"
"4","Trait5","FASTmrMLM","NsiI.TP63079","11","9872","-2.0261e-05","0.0044","A"
"4","Trait5","FASTmrMLM","NsiI.TP63098","11","9873","-0.0087","0.1603","C"
"4","Trait5","FASTmrMLM","NsiI.TP63305","11","9874","-0.3683","1.8785","A"
"4","Trait5","FASTmrMLM","NsiI.TP63394","11","9876","3.5709e-07","7.7718e-05","G"
"4","Trait5","FASTmrMLM","NsiI.TP63509","11","9880","-1.3588e-05","0.003","A"
"4","Trait5","FASTmrMLM","NsiI.TP63585","11","9881","2.9434e-05","0.0065","G"
"4","Trait5","FASTmrMLM","NsiI.TP63600","11","9882","-0.2196","1.4561","A"
"4","Trait5","FASTmrMLM","NsiI.TP63643","11","9883","-8.9315e-06","0.0019","A"
"4","Trait5","FASTmrMLM","NsiI.TP63821","11","9884","5.2797e-06","0.0012","A"
"4","Trait5","FASTmrMLM","NsiI.TP63925","11","9885","1.8611e-05","0.0041","A"
"4","Trait5","FASTmrMLM","NsiI.TP63950","11","9886","-0.0986","0.5244","C"
"4","Trait5","FASTmrMLM","NsiI.TP64031","11","9887","0.028","0.3086","A"
"4","Trait5","FASTmrMLM","NsiI.TP64490","11","9888","-2.4655e-05","0.0054","A"
"4","Trait5","FASTmrMLM","NsiI.TP64641","11","9889","-9.1962e-06","0.002","A"
"4","Trait5","FASTmrMLM","NsiI.TP64876","11","9890","4.8637e-07","1e-04","G"
"4","Trait5","FASTmrMLM","NsiI.TP65019","11","9891","7.6259e-06","0.0017","C"
"4","Trait5","FASTmrMLM","NsiI.TP65115","11","9892","-0.2854","1.6542","C"
"4","Trait5","FASTmrMLM","NsiI.TP65170","11","9893","2.0398e-05","0.0045","C"
"4","Trait5","FASTmrMLM","NsiI.TP65189","11","9894","-2.7729e-05","0.0061","A"
"4","Trait5","FASTmrMLM","NsiI.TP65209","11","9895","-4.2585e-07","9.2687e-05","C"
"4","Trait5","FASTmrMLM","NsiI.TP65357","11","9896","1.6797e-05","0.0037","A"
"4","Trait5","FASTmrMLM","NsiI.TP65433","11","9898","3.5533e-06","8e-04","C"
"4","Trait5","FASTmrMLM","NsiI.TP65519","11","9900","1.4438e-07","3.1422e-05","C"
"4","Trait5","FASTmrMLM","NsiI.TP65604","11","9902","0.1307","0.7824","A"
"4","Trait5","FASTmrMLM","NsiI.TP65691","11","9903","-0.2166","1.5","A"
"4","Trait5","FASTmrMLM","NsiI.TP65963","11","9905","1.6349e-06","4e-04","C"
"4","Trait5","FASTmrMLM","NsiI.TP66011","11","9906","1.1751e-05","0.0026","C"
"4","Trait5","FASTmrMLM","NsiI.TP66062","11","9908","1.6755e-05","0.0037","C"
"4","Trait5","FASTmrMLM","NsiI.TP66075","11","9909","1.2352e-05","0.0027","C"
"4","Trait5","FASTmrMLM","NsiI.TP66088","11","9910","2.5504e-05","0.0056","A"
"4","Trait5","FASTmrMLM","NsiI.TP66168","11","9911","0.0932","0.5755","C"
"4","Trait5","FASTmrMLM","NsiI.TP66212","11","9913","-6.428e-06","0.0014","C"
"4","Trait5","FASTmrMLM","NsiI.TP66337","11","9916","-5.0768e-06","0.0011","A"
"4","Trait5","FASTmrMLM","NsiI.TP66466","11","9917","-0.2583","2.29","A"
"4","Trait5","FASTmrMLM","NsiI.TP66512","11","9918","-0.0398","0.3037","A"
"4","Trait5","FASTmrMLM","NsiI.TP66515","11","9919","-1.3498e-05","0.0029","A"
"4","Trait5","FASTmrMLM","NsiI.TP66555","11","9920","0.2233","3.4321","G"
"4","Trait5","FASTmrMLM","NsiI.TP66675","11","9921","0.1205","0.7588","C"
"4","Trait5","FASTmrMLM","NsiI.TP66747","11","9923","4.0352e-06","9e-04","A"
"4","Trait5","FASTmrMLM","NsiI.TP67116","11","9925","1.6975e-06","4e-04","A"
"4","Trait5","FASTmrMLM","NsiI.TP67134","11","9926","0.1379","0.5071","A"
"4","Trait5","FASTmrMLM","NsiI.TP67325","11","9929","4.1229e-06","9e-04","A"
"4","Trait5","FASTmrMLM","NsiI.TP67452","11","9931","0.0487","0.2768","A"
"4","Trait5","FASTmrMLM","NsiI.TP67463","11","9932","-2.9642e-06","6e-04","A"
"4","Trait5","FASTmrMLM","NsiI.TP67507","11","9933","-6.8383e-06","0.0015","A"
"4","Trait5","FASTmrMLM","NsiI.TP67554","11","9937","2e-04","0.0104","C"
"4","Trait5","FASTmrMLM","NsiI.TP67589","11","9939","-3.1095e-06","7e-04","C"
"4","Trait5","FASTmrMLM","NsiI.TP67681","11","9940","-9.6803e-06","0.0021","C"
"4","Trait5","FASTmrMLM","NsiI.TP67777","11","9941","-1.1865e-05","0.0026","C"
"4","Trait5","FASTmrMLM","NsiI.TP67788","11","9942","-0.048","0.4648","A"
"4","Trait5","FASTmrMLM","NsiI.TP67874","11","9943","5.5067e-06","0.0012","C"
"4","Trait5","FASTmrMLM","NsiI.TP68115","11","9944","0.0691","0.6578","A"
"4","Trait5","FASTmrMLM","NsiI.TP68416","11","9945","-2.1076e-05","0.0046","A"
"4","Trait5","FASTmrMLM","NsiI.TP69055","11","9946","-1.1364e-05","0.0025","A"
"4","Trait5","FASTmrMLM","NsiI.TP69372","11","9948","-2.7478e-06","6e-04","A"
"4","Trait5","FASTmrMLM","NsiI.TP69415","11","9949","0.1041","0.6784","A"
"4","Trait5","FASTmrMLM","NsiI.TP69465","11","9950","2.2177e-05","0.0049","A"
"4","Trait5","FASTmrMLM","NsiI.TP69524","11","9951","4.9676e-06","0.0011","A"
"4","Trait5","FASTmrMLM","NsiI.TP69591","11","9952","-1.8974e-05","0.0041","C"
"4","Trait5","FASTmrMLM","NsiI.TP69764","11","9953","-1.4784e-05","0.0032","A"
"4","Trait5","FASTmrMLM","NsiI.TP69893","11","9954","-1.7171e-05","0.0038","C"
"4","Trait5","FASTmrMLM","NsiI.TP69911","11","9955","9.3084e-06","0.002","C"
"4","Trait5","FASTmrMLM","NsiI.TP70234","11","9958","8.1811e-06","0.0018","G"
"4","Trait5","FASTmrMLM","NsiI.TP70958","11","9961","0.3133","1.3203","C"
"4","Trait5","FASTmrMLM","NsiI.TP71045","11","9962","-5.2511e-06","0.0011","C"
"4","Trait5","FASTmrMLM","NsiI.TP71059","11","9963","-1.7695e-05","0.0039","G"
"4","Trait5","FASTmrMLM","NsiI.TP71244","11","9964","0.017","0.2625","A"
"4","Trait5","FASTmrMLM","NsiI.TP71642","11","9965","9.903e-06","0.0022","G"
"4","Trait5","FASTmrMLM","NsiI.TP71828","11","9966","-8.6871e-06","0.0019","G"
"4","Trait5","FASTmrMLM","NsiI.TP72107","11","9967","6.6258e-05","0.0089","A"
"4","Trait5","FASTmrMLM","NsiI.TP72219","11","9968","0.0191","0.2823","A"
"4","Trait5","FASTmrMLM","NsiI.TP72375","11","9970","-4.6163e-06","0.001","A"
"4","Trait5","FASTmrMLM","NsiI.TP72613","11","9972","1.4918e-05","0.0033","C"
"4","Trait5","FASTmrMLM","NsiI.TP72810","11","9974","-3.0697e-05","0.0067","A"
"4","Trait5","FASTmrMLM","NsiI.TP73038","11","9975","-7.0308e-06","0.0015","A"
"4","Trait5","FASTmrMLM","NsiI.TP73196","11","9976","-2.6728e-07","5.8181e-05","A"
"4","Trait5","FASTmrMLM","NsiI.TP73358","11","9978","-1.2788e-05","0.0028","C"
"4","Trait5","FASTmrMLM","NsiI.TP73638","11","9981","2.4635e-06","5e-04","C"
"4","Trait5","FASTmrMLM","NsiI.TP74312","11","9983","9.8763e-06","0.0022","C"
"4","Trait5","FASTmrMLM","NsiI.TP74400","11","9984","-0.0635","0.5011","A"
"4","Trait5","FASTmrMLM","NsiI.TP74464","11","9985","0.0247","0.1879","C"
"4","Trait5","FASTmrMLM","NsiI.TP74638","11","9986","0.2078","0.8387","A"
"4","Trait5","FASTmrMLM","NsiI.TP74754","11","9987","-7.2094e-06","0.0016","A"
"4","Trait5","FASTmrMLM","NsiI.TP74769","11","9988","1.8965e-06","4e-04","A"
"4","Trait5","FASTmrMLM","NsiI.TP75147","11","9989","-8.6333e-06","0.0019","C"
"4","Trait5","FASTmrMLM","NsiI.TP75666","11","9993","0.0796","0.3486","C"
"4","Trait5","FASTmrMLM","NsiI.TP76368","11","9997","-1.3431e-05","0.0029","A"
"4","Trait5","FASTmrMLM","NsiI.TP76480","11","9998","-2.0432e-06","4e-04","G"
"4","Trait5","FASTmrMLM","NsiI.TP76552","11","9999","-0.2775","2.2249","C"
"4","Trait5","FASTmrMLM","NsiI.TP76826","11","10000","-1.4358e-05","0.0031","G"
"4","Trait5","FASTmrMLM","NsiI.TP76999","11","10001","-5.3448e-06","0.0012","A"
"4","Trait5","FASTmrMLM","NsiI.TP77416","11","10002","1.7353e-05","0.0038","C"
"4","Trait5","FASTmrMLM","NsiI.TP77431","11","10003","-0.1349","0.9619","C"
"4","Trait5","FASTmrMLM","NsiI.TP77776","11","10006","-4.8814e-07","1e-04","A"
"4","Trait5","FASTmrMLM","NsiI.TP77848","11","10007","-1.6577e-05","0.0036","A"
"4","Trait5","FASTmrMLM","NsiI.TP77862","11","10008","-3.1496e-05","0.0069","A"
"4","Trait5","FASTmrMLM","NsiI.TP77872","11","10009","-1.1737e-06","3e-04","C"
"4","Trait5","FASTmrMLM","NsiI.TP77964","11","10010","-0.0733","0.4058","C"
"4","Trait5","FASTmrMLM","NsiI.TP78098","11","10011","1.1843e-05","0.0026","C"
"4","Trait5","FASTmrMLM","NsiI.TP78104","11","10012","-1.4255e-05","0.0031","A"
"4","Trait5","FASTmrMLM","NsiI.TP78135","11","10013","-2.6864e-05","0.0059","A"
"4","Trait5","FASTmrMLM","NsiI.TP78640","11","10014","0.0585","0.5639","A"
"4","Trait5","FASTmrMLM","NsiI.TP78756","11","10015","-1.3116e-06","3e-04","A"
"4","Trait5","FASTmrMLM","NsiI.TP78967","11","10016","1.2792e-05","0.0028","C"
"4","Trait5","FASTmrMLM","NsiI.TP79025","11","10017","-4.9405e-06","0.0011","A"
"4","Trait5","FASTmrMLM","NsiI.TP79145","11","10018","-0.209","1.491","A"
"4","Trait5","FASTmrMLM","NsiI.TP79545","11","10021","-2.485e-05","0.0054","A"
"4","Trait5","FASTmrMLM","NsiI.TP79618","11","10022","-6.9016e-06","0.0015","A"
"4","Trait5","FASTmrMLM","NsiI.TP79776","11","10023","0.0106","0.1643","A"
"4","Trait5","FASTmrMLM","NsiI.TP80216","11","10024","-7.3908e-06","0.0016","C"
"4","Trait5","FASTmrMLM","NsiI.TP80609","11","10026","2.4768e-06","5e-04","A"
"4","Trait5","FASTmrMLM","NsiI.TP80682","11","10028","-1.1511e-05","0.0025","A"
"4","Trait5","FASTmrMLM","NsiI.TP80703","11","10029","0.0787","0.5847","C"
"4","Trait5","FASTmrMLM","NsiI.TP80932","11","10033","7.1947e-06","0.0016","C"
"4","Trait5","FASTmrMLM","NsiI.TP81226","11","10034","-0.1429","0.6742","A"
"4","Trait5","FASTmrMLM","NsiI.TP81339","11","10035","-2.5569e-05","0.0054","C"
"4","Trait5","FASTmrMLM","NsiI.TP81857","11","10037","0.3847","1.8852","A"
"4","Trait5","FASTmrMLM","NsiI.TP82053","11","10041","-5.4927e-06","0.0012","A"
"4","Trait5","FASTmrMLM","NsiI.TP82066","11","10042","-0.0715","0.496","A"
"4","Trait5","FASTmrMLM","NsiI.TP82195","11","10044","1.2917e-05","0.0028","G"
"4","Trait5","FASTmrMLM","NsiI.TP82442","11","10045","2.3547e-05","0.0052","G"
"4","Trait5","FASTmrMLM","NsiI.TP82467","11","10046","-7.095e-06","0.0015","A"
"4","Trait5","FASTmrMLM","NsiI.TP82666","11","10047","-3.3219e-06","7e-04","C"
"4","Trait5","FASTmrMLM","NsiI.TP82756","11","10048","5.1966e-06","0.0011","A"
"4","Trait5","FASTmrMLM","NsiI.TP82838","11","10050","1.001e-05","0.0022","A"
"4","Trait5","FASTmrMLM","NsiI.TP82932","11","10051","-0.0281","0.307","A"
"4","Trait5","FASTmrMLM","NsiI.TP82935","11","10052","0.0332","0.3481","A"
"4","Trait5","FASTmrMLM","NsiI.TP83047","11","10053","3.1153e-05","0.0068","A"
"4","Trait5","FASTmrMLM","NsiI.TP83141","11","10054","-9.6849e-06","0.0021","A"
"4","Trait5","FASTmrMLM","NsiI.TP83164","11","10055","0.1185","0.527","C"
"4","Trait5","FASTmrMLM","NsiI.TP83199","11","10056","-4.0949e-06","9e-04","A"
"4","Trait5","FASTmrMLM","NsiI.TP83257","11","10057","8.1571e-06","0.0018","A"
"4","Trait5","FASTmrMLM","NsiI.TP83828","11","10060","-0.2457","2.3968","A"
"4","Trait5","FASTmrMLM","NsiI.TP83860","11","10061","-1.7047e-05","0.0037","A"
"4","Trait5","FASTmrMLM","NsiI.TP83932","11","10063","0.0158","0.2084","C"
"4","Trait5","FASTmrMLM","NsiI.TP84001","11","10065","-1.1439e-06","2e-04","C"
"4","Trait5","FASTmrMLM","NsiI.TP84023","11","10066","-0.0569","0.4544","C"
"4","Trait5","FASTmrMLM","NsiI.TP84094","11","10069","4.423e-06","0.001","C"
"4","Trait5","FASTmrMLM","NsiI.TP84409","11","10070","7.8581e-06","0.0017","C"
"4","Trait5","FASTmrMLM","NsiI.TP84450","11","10072","-4.5054e-06","0.001","C"
"4","Trait5","FASTmrMLM","NsiI.TP84531","11","10073","0.0583","0.4542","A"
"4","Trait5","FASTmrMLM","NsiI.TP84768","11","10075","-2.3177e-05","0.0051","A"
"4","Trait5","FASTmrMLM","NsiI.TP84792","11","10076","-1.2914e-05","0.0028","A"
"4","Trait5","FASTmrMLM","NsiI.TP85707","11","10078","2.3967e-06","5e-04","C"
"4","Trait5","FASTmrMLM","NsiI.TP85817","11","10079","9.5289e-06","0.0021","C"
"4","Trait5","FASTmrMLM","NsiI.TP85829","11","10080","-0.006","0.1383","C"
"4","Trait5","FASTmrMLM","NsiI.TP86015","11","10081","0.1543","0.7391","A"
"4","Trait5","FASTmrMLM","NsiI.TP86022","11","10082","0.0423","0.3995","A"
"4","Trait5","FASTmrMLM","NsiI.TP86373","11","10083","-8.3237e-06","0.0018","C"
"4","Trait5","FASTmrMLM","NsiI.TP86611","11","10085","-0.0227","0.2633","A"
"4","Trait5","FASTmrMLM","NsiI.TP86624","11","10086","-1.6104e-05","0.0035","G"
"4","Trait5","FASTmrMLM","NsiI.TP86687","11","10087","-0.0543","0.3091","G"
"4","Trait5","FASTmrMLM","NsiI.TP86754","11","10088","2.7806e-06","6e-04","C"
"4","Trait5","FASTmrMLM","NsiI.TP86805","11","10089","-0.064","0.4403","A"
"4","Trait5","FASTmrMLM","NsiI.TP86839","11","10090","1.3379e-06","3e-04","C"
"4","Trait5","FASTmrMLM","NsiI.TP86911","11","10091","1.0693e-05","0.0023","C"
"4","Trait5","FASTmrMLM","NsiI.TP86966","11","10092","2.1236e-05","0.0046","A"
"4","Trait5","FASTmrMLM","NsiI.TP87258","11","10093","8.3702e-06","0.0018","G"
"4","Trait5","FASTmrMLM","NsiI.TP87263","11","10094","4.0748e-05","0.0053","C"
"4","Trait5","FASTmrMLM","NsiI.TP87403","11","10095","-0.0244","0.1952","C"
"4","Trait5","FASTmrMLM","NsiI.TP87417","11","10096","6.7472e-06","0.0015","A"
"4","Trait5","FASTmrMLM","NsiI.TP87588","11","10098","-1.5708e-05","0.0034","C"
"4","Trait5","FASTmrMLM","NsiI.TP87715","11","10099","-1.4596e-05","0.0032","C"
"4","Trait5","FASTmrMLM","NsiI.TP87879","11","10101","8.6734e-06","0.0019","A"
"4","Trait5","FASTmrMLM","NsiI.TP88032","11","10103","9.5061e-06","0.0021","A"
"4","Trait5","FASTmrMLM","NsiI.TP88256","11","10104","0.0238","0.2834","C"
"4","Trait5","FASTmrMLM","NsiI.TP88356","11","10105","0.0614","0.6834","A"
"4","Trait5","FASTmrMLM","NsiI.TP88759","11","10108","-0.0692","0.2788","A"
"4","Trait5","FASTmrMLM","NsiI.TP88855","11","10109","-6.3118e-06","0.0014","C"
"4","Trait5","FASTmrMLM","NsiI.TP88865","11","10110","-0.0396","0.4522","C"
"4","Trait5","FASTmrMLM","NsiI.TP89021","11","10111","-1.696e-05","0.0037","A"
"4","Trait5","FASTmrMLM","NsiI.TP89222","11","10114","-1.8581e-05","0.0041","A"
"4","Trait5","FASTmrMLM","NsiI.TP89640","11","10116","0.0391","0.426","A"
"4","Trait5","FASTmrMLM","NsiI.TP89689","11","10117","-0.0321","0.3207","C"
"4","Trait5","FASTmrMLM","NsiI.TP89700","11","10118","-0.1029","0.9964","A"
"4","Trait5","FASTmrMLM","NsiI.TP89738","11","10120","-0.0336","0.2417","A"
"4","Trait5","FASTmrMLM","NsiI.TP89744","11","10121","1.0799e-05","0.0024","C"
"4","Trait5","FASTmrMLM","NsiI.TP89972","11","10122","-1.7643e-05","0.0039","C"
"4","Trait5","FASTmrMLM","NsiI.TP90013","11","10123","-1.924e-05","0.0042","A"
"4","Trait5","FASTmrMLM","NsiI.TP90073","11","10125","6.7801e-06","0.0015","C"
"4","Trait5","FASTmrMLM","NsiI.TP90355","11","10126","6.2049e-06","0.0014","C"
"4","Trait5","FASTmrMLM","NsiI.TP90417","11","10128","-2.1415e-06","5e-04","C"
"4","Trait5","FASTmrMLM","NsiI.TP90696","11","10129","0.0698","0.8304","C"
"4","Trait5","FASTmrMLM","NsiI.TP90756","11","10130","-0.21","1.6324","C"
"4","Trait5","FASTmrMLM","NsiI.TP91061","11","10132","3.1331e-05","0.0069","C"
"4","Trait5","FASTmrMLM","NsiI.TP91546","11","10135","5.2569e-05","0.0073","C"
"4","Trait5","FASTmrMLM","NsiI.TP91699","11","10136","0.0797","0.6338","A"
"4","Trait5","FASTmrMLM","NsiI.TP91908","11","10137","-1.3056e-05","0.0029","C"
"4","Trait5","FASTmrMLM","NsiI.TP91929","11","10138","-7.2421e-06","0.0016","A"
"4","Trait5","FASTmrMLM","NsiI.TP92066","11","10140","-0.0734","0.6468","C"
"4","Trait5","FASTmrMLM","NsiI.TP92295","11","10143","-3.502e-06","8e-04","G"
"4","Trait5","FASTmrMLM","NsiI.TP92323","11","10144","2.8805e-05","0.0063","C"
"4","Trait5","FASTmrMLM","NsiI.TP92536","11","10146","0.2707","1.0661","A"
"4","Trait5","FASTmrMLM","NsiI.TP92539","11","10147","0.1942","1.2763","G"
"4","Trait5","FASTmrMLM","NsiI.TP93408","11","10152","-7.6671e-06","0.0017","A"
"4","Trait5","FASTmrMLM","NsiI.TP93414","11","10153","2.1089e-05","0.0046","A"
"4","Trait5","FASTmrMLM","NsiI.TP93454","11","10154","1.807e-05","0.004","A"
"4","Trait5","FASTmrMLM","NsiI.TP93485","11","10155","-0.0052","0.1247","C"
"4","Trait5","FASTmrMLM","NsiI.TP94436","11","10160","2e-04","0.0125","C"
"4","Trait5","FASTmrMLM","NsiI.TP94438","11","10161","1.2137e-05","0.0026","A"
"4","Trait5","FASTmrMLM","NsiI.TP94595","11","10163","-2.2763e-05","0.005","C"
"4","Trait5","FASTmrMLM","NsiI.TP94612","11","10164","-5.4972e-06","0.0012","A"
"4","Trait5","FASTmrMLM","NsiI.TP94641","11","10166","-1.9049e-05","0.0042","A"
"4","Trait5","FASTmrMLM","NsiI.TP95027","11","10168","2.7236e-07","5.9279e-05","C"
"4","Trait5","FASTmrMLM","NsiI.TP95338","11","10169","-1.5422e-05","0.0034","A"
"4","Trait5","FASTmrMLM","NsiI.TP95398","11","10170","-5.1022e-06","0.0011","A"
"4","Trait5","FASTmrMLM","NsiI.TP95686","11","10172","-1.9963e-05","0.0044","A"
"4","Trait5","FASTmrMLM","NsiI.TP95710","11","10173","-1.8886e-05","0.0041","A"
"4","Trait5","FASTmrMLM","NsiI.TP95780","11","10174","-1.9603e-06","4e-04","A"
"4","Trait5","FASTmrMLM","NsiI.TP96017","11","10177","1.2963e-06","3e-04","A"
"4","Trait5","FASTmrMLM","NsiI.TP96157","11","10179","3.2353e-06","7e-04","A"
"4","Trait5","FASTmrMLM","NsiI.TP96307","11","10180","-6.581e-06","0.0014","C"
"4","Trait5","FASTmrMLM","NsiI.TP96522","11","10182","-3.3551e-05","0.0074","A"
"4","Trait5","FASTmrMLM","NsiI.TP96967","11","10184","-0.0601","0.2916","C"
"4","Trait5","FASTmrMLM","NsiI.TP97346","11","10188","0.0093","0.157","A"
"4","Trait5","FASTmrMLM","NsiI.TP97455","11","10189","-2.1479e-05","0.0047","A"
"4","Trait5","FASTmrMLM","NsiI.TP97586","11","10190","0.0573","0.3414","G"
"4","Trait5","FASTmrMLM","NsiI.TP97660","11","10191","-0.0723","0.8055","A"
"4","Trait5","FASTmrMLM","NsiI.TP98782","11","10198","1.7054e-05","0.0037","A"
"4","Trait5","FASTmrMLM","NsiI.TP98826","11","10199","1.9454e-06","4e-04","A"
"4","Trait5","FASTmrMLM","NsiI.TP99418","11","10202","-0.0098","0.193","A"
"4","Trait5","FASTmrMLM","NsiI.TP99483","11","10204","8.0651e-06","0.0018","C"
"4","Trait5","FASTmrMLM","NsiI.TP99496","11","10205","4.9917e-07","1e-04","C"
"4","Trait5","FASTmrMLM","NsiI.TP99663","11","10206","-0.0404","0.4054","C"
"4","Trait5","FASTmrMLM","NsiI.TP99738","11","10207","-0.038","0.2073","A"
"4","Trait5","FASTmrMLM","NsiI.TP100210","11","10208","2.6915e-05","0.0059","A"
"4","Trait5","FASTmrMLM","NsiI.TP100372","11","10209","-3.3278e-05","0.0073","A"
"4","Trait5","FASTmrMLM","NsiI.TP100767","11","10210","0.0907","0.6228","C"
"4","Trait5","FASTmrMLM","NsiI.TP100835","11","10211","3.6763e-06","8e-04","A"
"4","Trait5","FASTmrMLM","NsiI.TP100985","11","10213","0.191","1.5176","A"
"4","Trait5","FASTmrMLM","NsiI.TP101004","11","10214","0.0184","0.2266","A"
"4","Trait5","FASTmrMLM","NsiI.TP101321","11","10215","3.5148e-06","8e-04","C"
"4","Trait5","FASTmrMLM","NsiI.TP101339","11","10216","2.7325e-06","6e-04","A"
"4","Trait5","FASTmrMLM","NsiI.TP101356","11","10217","-1.1174e-07","2.4316e-05","C"
"4","Trait5","FASTmrMLM","NsiI.TP101382","11","10218","1.7584e-06","4e-04","A"
"4","Trait5","FASTmrMLM","NsiI.TP101470","11","10219","0.2416","0.6832","A"
"4","Trait5","FASTmrMLM","NsiI.TP101708","11","10220","-1.3823e-05","0.003","C"
"4","Trait5","FASTmrMLM","NsiI.TP101726","11","10221","8.2222e-06","0.0018","C"
"4","Trait5","FASTmrMLM","NsiI.TP101822","11","10223","-1.013e-05","0.0022","G"
"4","Trait5","FASTmrMLM","NsiI.TP101987","11","10225","-0.2092","1.1339","A"
"4","Trait5","FASTmrMLM","NsiI.TP102135","11","10227","2.0592e-05","0.0045","A"
"4","Trait5","FASTmrMLM","NsiI.TP102497","11","10231","1.0435e-05","0.0023","C"
"4","Trait5","FASTmrMLM","NsiI.TP102533","11","10233","-3.0414e-05","0.0067","C"
"4","Trait5","FASTmrMLM","NsiI.TP102719","11","10234","-9.951e-06","0.0022","C"
"4","Trait5","FASTmrMLM","NsiI.TP102773","11","10236","0.1049","0.4998","A"
"4","Trait5","FASTmrMLM","NsiI.TP102905","11","10237","-0.0354","0.4476","G"
"4","Trait5","FASTmrMLM","NsiI.TP102942","11","10238","9.9743e-06","0.0022","A"
"4","Trait5","FASTmrMLM","NsiI.TP103087","11","10240","2.2375e-05","0.0049","A"
"4","Trait5","FASTmrMLM","NsiI.TP103132","11","10241","3.6482e-05","0.008","A"
"4","Trait5","FASTmrMLM","NsiI.TP103763","11","10242","0.2882","1.4961","G"
"4","Trait5","FASTmrMLM","NsiI.TP103812","11","10243","-0.1124","1.2599","C"
"4","Trait5","FASTmrMLM","NsiI.TP103816","11","10244","6.7229e-06","0.0015","A"
"4","Trait5","FASTmrMLM","NsiI.TP103979","11","10246","0.0582","0.5385","C"
"4","Trait5","FASTmrMLM","NsiI.TP104399","11","10247","-1.8113e-05","0.004","C"
"4","Trait5","FASTmrMLM","NsiI.TP104400","11","10248","-2.0408e-05","0.0045","C"
"4","Trait5","FASTmrMLM","NsiI.TP104716","11","10249","-4.3862e-06","0.001","C"
"4","Trait5","FASTmrMLM","NsiI.TP105019","11","10250","-1.645e-05","0.0036","G"
"4","Trait5","FASTmrMLM","NsiI.TP105057","11","10251","5.1357e-06","0.0011","A"
"4","Trait5","FASTmrMLM","NsiI.TP105112","11","10252","-2.4982e-05","0.0055","C"
"4","Trait5","FASTmrMLM","NsiI.TP105174","11","10253","0.0153","0.2447","C"
"4","Trait5","FASTmrMLM","NsiI.TP105198","11","10254","-4.725e-06","0.001","G"
"4","Trait5","FASTmrMLM","NsiI.TP105290","11","10255","1.8833e-06","4e-04","A"
"4","Trait5","FASTmrMLM","NsiI.TP106048","11","10256","-1.3371e-05","0.0029","A"
"4","Trait5","FASTmrMLM","NsiI.TP106121","11","10257","-2.2478e-05","0.0049","A"
"4","Trait5","FASTmrMLM","NsiI.TP106199","11","10258","-1.3581e-05","0.003","A"
"4","Trait5","FASTmrMLM","NsiI.TP106214","11","10260","-1.7437e-05","0.0038","C"
"4","Trait5","FASTmrMLM","NsiI.TP106440","11","10262","-2.9934e-06","7e-04","A"
"4","Trait5","FASTmrMLM","NsiI.TP106505","11","10263","3.6325e-06","8e-04","C"
"4","Trait5","FASTmrMLM","NsiI.TP106646","11","10266","2.406e-06","5e-04","G"
"4","Trait5","FASTmrMLM","NsiI.TP106740","11","10268","6.5089e-06","0.0014","C"
"4","Trait5","FASTmrMLM","NsiI.TP106835","11","10269","-2.3654e-05","0.0052","G"
"4","Trait5","FASTmrMLM","NsiI.TP106852","11","10270","0.0178","0.1723","A"
"4","Trait5","FASTmrMLM","NsiI.TP106868","11","10271","-2.3424e-06","5e-04","A"
"4","Trait5","FASTmrMLM","NsiI.TP107770","11","10275","0.0287","0.3387","A"
"4","Trait5","FASTmrMLM","NsiI.TP108050","11","10278","1.8951e-05","0.0041","A"
"4","Trait5","FASTmrMLM","NsiI.TP108218","11","10279","0.0738","0.6532","G"
"4","Trait5","FASTmrMLM","NsiI.TP108894","11","10281","8.8509e-07","2e-04","C"
"4","Trait5","FASTmrMLM","NsiI.TP109053","11","10282","-1.2706e-05","0.0028","C"
"4","Trait5","FASTmrMLM","NsiI.TP109257","11","10284","2e-04","0.0138","C"
"4","Trait5","FASTmrMLM","NsiI.TP109378","11","10285","-0.0809","0.4407","G"
"4","Trait5","FASTmrMLM","NsiI.TP109401","11","10286","7.9107e-06","0.0017","A"
"4","Trait5","FASTmrMLM","NsiI.TP109430","11","10287","7.3616e-06","0.0016","A"
"4","Trait5","FASTmrMLM","NsiI.TP109633","11","10288","-4.7635e-05","0.0105","A"
"4","Trait5","FASTmrMLM","NsiI.TP109655","11","10289","-7.3944e-06","0.0016","A"
"4","Trait5","FASTmrMLM","NsiI.TP110070","11","10293","2.6482e-05","0.0058","C"
"4","Trait5","FASTmrMLM","NsiI.TP110161","11","10294","0.0439","0.3019","A"
"4","Trait5","FASTmrMLM","NsiI.TP110167","11","10295","-4.9556e-05","0.0109","C"
"4","Trait5","FASTmrMLM","NsiI.TP110216","11","10297","-2.2992e-06","5e-04","A"
"4","Trait5","FASTmrMLM","NsiI.TP110217","11","10298","4.8186e-05","0.0106","A"
"4","Trait5","FASTmrMLM","NsiI.TP110495","11","10300","-0.0665","0.6213","C"
"4","Trait5","FASTmrMLM","NsiI.TP110721","11","10302","3.7382e-05","0.0082","A"
"4","Trait5","FASTmrMLM","NsiI.TP110772","11","10303","-9.3017e-07","2e-04","G"
"4","Trait5","FASTmrMLM","NsiI.TP110828","11","10304","-3.5676e-06","8e-04","A"
"4","Trait5","FASTmrMLM","NsiI.TP110896","11","10306","-1.9096e-05","0.0042","A"
"4","Trait5","FASTmrMLM","NsiI.TP111042","11","10307","-0.077","0.7273","A"
"4","Trait5","FASTmrMLM","NsiI.TP111085","11","10309","-0.2347","0.7471","A"
"4","Trait5","FASTmrMLM","NsiI.TP111087","11","10310","3.4089e-05","0.0075","G"
"4","Trait5","FASTmrMLM","NsiI.TP111109","11","10311","1.6119e-05","0.0035","A"
"4","Trait5","FASTmrMLM","NsiI.TP111126","11","10312","1.94e-05","0.0042","A"
"4","Trait5","FASTmrMLM","NsiI.TP111194","11","10313","-1.8192e-05","0.004","A"
"4","Trait5","FASTmrMLM","NsiI.TP111219","11","10314","1.8023e-05","0.0039","A"
"4","Trait5","FASTmrMLM","NsiI.TP111245","11","10315","-0.018","0.2336","C"
"4","Trait5","FASTmrMLM","NsiI.TP111341","11","10316","-8.4315e-06","0.0018","A"
"4","Trait5","FASTmrMLM","NsiI.TP111455","11","10317","-1.5094e-05","0.0033","A"
"4","Trait5","FASTmrMLM","NsiI.TP111568","11","10319","2.2316e-06","5e-04","A"
"4","Trait5","FASTmrMLM","NsiI.TP111753","11","10321","-1.5281e-05","0.0033","C"
"4","Trait5","FASTmrMLM","NsiI.TP111766","11","10322","1.155e-05","0.0025","A"
"4","Trait5","FASTmrMLM","NsiI.TP111829","11","10323","-1.8633e-05","0.0041","C"
"4","Trait5","FASTmrMLM","NsiI.TP111858","11","10325","-1.0935e-05","0.0024","C"
"4","Trait5","FASTmrMLM","NsiI.TP112104","11","10327","-2.1647e-05","0.0047","C"
"4","Trait5","FASTmrMLM","NsiI.TP112348","11","10328","0.0317","0.1869","A"
"4","Trait5","FASTmrMLM","NsiI.TP112447","11","10329","1.6474e-05","0.0036","A"
"4","Trait5","FASTmrMLM","NsiI.TP112481","11","10330","-0.2157","0.6775","C"
"4","Trait5","FASTmrMLM","NsiI.TP112503","11","10331","1.191e-05","0.0026","C"
"4","Trait5","FASTmrMLM","NsiI.TP112574","11","10334","-0.1509","0.9038","C"
"4","Trait5","FASTmrMLM","NsiI.TP112809","11","10335","-0.1201","1.2634","A"
"4","Trait5","FASTmrMLM","NsiI.TP112817","11","10336","-6.4335e-06","0.0014","G"
"4","Trait5","FASTmrMLM","NsiI.TP112825","11","10338","0.1645","0.7396","A"
"4","Trait5","FASTmrMLM","NsiI.TP112927","11","10339","4.4544e-06","0.001","A"
"4","Trait5","FASTmrMLM","NsiI.TP112942","11","10340","1.5172e-05","0.0033","C"
"4","Trait5","FASTmrMLM","NsiI.TP113089","11","10342","1.1558e-06","3e-04","C"
"4","Trait5","FASTmrMLM","NsiI.TP113258","11","10343","1.2811e-05","0.0028","C"
"4","Trait5","FASTmrMLM","NsiI.TP113279","11","10344","1.2403e-05","0.0027","A"
"4","Trait5","FASTmrMLM","NsiI.TP113305","11","10346","2.1043e-06","5e-04","A"
"4","Trait5","FASTmrMLM","NsiI.TP113321","11","10347","-0.0574","0.5833","C"
"4","Trait5","FASTmrMLM","NsiI.TP113478","11","10349","-4.2284e-05","0.0093","C"
"4","Trait5","FASTmrMLM","NsiI.TP114141","11","10352","-1.0777e-05","0.0024","C"
"4","Trait5","FASTmrMLM","NsiI.TP114899","11","10355","-2.1473e-05","0.0047","C"
"4","Trait5","FASTmrMLM","NsiI.TP114916","11","10356","7.2387e-06","0.0016","C"
"4","Trait5","FASTmrMLM","NsiI.TP115007","11","10357","0.1738","0.9956","A"
"4","Trait5","FASTmrMLM","NsiI.TP115012","11","10358","-2.5807e-07","5.6165e-05","G"
"4","Trait5","FASTmrMLM","NsiI.TP115094","11","10359","0.1889","1.1419","C"
"4","Trait5","FASTmrMLM","NsiI.TP115113","11","10360","0.0872","0.5585","C"
"4","Trait5","FASTmrMLM","NsiI.TP115118","11","10361","0.0377","0.4697","A"
"4","Trait5","FASTmrMLM","NsiI.TP115157","11","10362","-1.849e-05","0.004","C"
"4","Trait5","FASTmrMLM","NsiI.TP115169","11","10363","5.7657e-05","0.0059","A"
"4","Trait5","FASTmrMLM","NsiI.TP115367","11","10365","-0.0285","0.3443","C"
"4","Trait5","FASTmrMLM","NsiI.TP115400","11","10366","2.7556e-05","0.006","A"
"4","Trait5","FASTmrMLM","NsiI.TP115467","11","10367","3.1809e-05","0.007","A"
"4","Trait5","FASTmrMLM","NsiI.TP115613","11","10368","-4.2074e-06","9e-04","C"
"4","Trait5","FASTmrMLM","NsiI.TP115632","11","10369","8.5249e-07","2e-04","C"
"4","Trait5","FASTmrMLM","NsiI.TP115786","11","10372","-1.9775e-05","0.0043","A"
"4","Trait5","FASTmrMLM","NsiI.TP115799","11","10373","3.6518e-05","0.008","A"
"4","Trait5","FASTmrMLM","NsiI.TP115933","11","10374","-1.3011e-05","0.0028","A"
"4","Trait5","FASTmrMLM","NsiI.TP115947","11","10375","-2.7439e-05","0.006","A"
"4","Trait5","FASTmrMLM","NsiI.TP115990","11","10376","-0.1225","1.7133","C"
"4","Trait5","FASTmrMLM","NsiI.TP116532","11","10378","-0.3682","2.4063","C"
"4","Trait5","FASTmrMLM","NsiI.TP117007","11","10380","1.0507e-05","0.0023","C"
"4","Trait5","FASTmrMLM","NsiI.TP117122","11","10381","0.0041","0.0625","A"
"4","Trait5","FASTmrMLM","NsiI.TP117375","11","10383","-2.4181e-05","0.0053","C"
"4","Trait5","FASTmrMLM","NsiI.TP117605","11","10385","-0.0899","0.3846","A"
"4","Trait5","FASTmrMLM","NsiI.TP117619","11","10386","0.0555","0.2883","A"
"4","Trait5","FASTmrMLM","NsiI.TP117730","11","10388","1e-04","0.0082","A"
"4","Trait5","FASTmrMLM","NsiI.TP117834","11","10390","-1.2757e-05","0.0028","C"
"4","Trait5","FASTmrMLM","NsiI.TP117954","11","10391","-1.9577e-05","0.0043","C"
"4","Trait5","FASTmrMLM","NsiI.TP118109","11","10393","0.142","1.1477","C"
"4","Trait5","FASTmrMLM","NsiI.TP118112","11","10394","1e-04","0.0122","C"
"4","Trait5","FASTmrMLM","NsiI.TP118336","11","10396","9.4283e-06","0.0021","A"
"4","Trait5","FASTmrMLM","NsiI.TP118514","11","10397","-1.7048e-05","0.0037","A"
"4","Trait5","FASTmrMLM","NsiI.TP118784","11","10399","-2.2913e-05","0.005","C"
"4","Trait5","FASTmrMLM","NsiI.TP118956","11","10400","0.1723","0.8259","C"
"4","Trait5","FASTmrMLM","NsiI.TP119103","11","10402","-6.2108e-06","0.0014","A"
"4","Trait5","FASTmrMLM","NsiI.TP119109","11","10403","-2.4531e-05","0.0054","A"
"4","Trait5","FASTmrMLM","NsiI.TP119173","11","10404","0.2679","1.4969","A"
"4","Trait5","FASTmrMLM","NsiI.TP119333","11","10405","-7.8404e-06","0.0017","C"
"4","Trait5","FASTmrMLM","NsiI.TP119411","11","10406","-3.1802e-05","0.007","A"
"4","Trait5","FASTmrMLM","NsiI.TP119685","11","10407","0.0698","0.3518","A"
"4","Trait5","FASTmrMLM","NsiI.TP119700","11","10410","-0.0172","0.239","A"
"4","Trait5","FASTmrMLM","NsiI.TP119751","11","10411","3.3189e-06","7e-04","A"
"4","Trait5","FASTmrMLM","NsiI.TP119766","11","10412","-1.1998e-06","3e-04","A"
"4","Trait5","FASTmrMLM","NsiI.TP119830","11","10413","5.0596e-07","1e-04","A"
"4","Trait5","FASTmrMLM","NsiI.TP119998","11","10414","0.0298","0.2811","A"
"4","Trait5","FASTmrMLM","NsiI.TP120114","11","10415","0.0862","0.4592","A"
"4","Trait5","FASTmrMLM","NsiI.TP120245","11","10416","2e-04","0.0127","A"
"4","Trait5","FASTmrMLM","NsiI.TP120255","11","10417","1.1822e-05","0.0026","A"
"4","Trait5","FASTmrMLM","NsiI.TP120409","11","10420","0.0566","0.5994","A"
"4","Trait5","FASTmrMLM","NsiI.TP120421","11","10422","8.111e-07","2e-04","A"
"4","Trait5","FASTmrMLM","NsiI.TP120425","11","10423","0.0297","0.3038","A"
"4","Trait5","FASTmrMLM","NsiI.TP120452","11","10425","0.0165","0.189","C"
"4","Trait5","FASTmrMLM","NsiI.TP120478","11","10426","-2.7561e-07","5.9983e-05","C"
"4","Trait5","FASTmrMLM","NsiI.TP120544","11","10427","3.0871e-05","0.0068","C"
"4","Trait5","FASTmrMLM","NsiI.TP120590","11","10429","2.2009e-05","0.0048","C"
"4","Trait5","FASTmrMLM","NsiI.TP120645","11","10430","-2.6677e-05","0.0058","A"
"4","Trait5","FASTmrMLM","NsiI.TP120658","11","10432","1.3309e-05","0.0029","A"
"4","Trait5","FASTmrMLM","NsiI.TP120671","11","10433","-0.0523","0.721","C"
"4","Trait5","FASTmrMLM","NsiI.TP120780","11","10434","-0.0448","0.3847","C"
"4","Trait5","FASTmrMLM","NsiI.TP120854","11","10436","-0.0263","0.2221","A"
"4","Trait5","FASTmrMLM","NsiI.TP121016","11","10439","-9.7763e-08","2.1276e-05","C"
"4","Trait5","FASTmrMLM","NsiI.TP121077","11","10440","1.0728e-05","0.0023","G"
"4","Trait5","FASTmrMLM","NsiI.TP121145","11","10441","-0.0166","0.2255","A"
"4","Trait5","FASTmrMLM","NsiI.TP121214","11","10443","-3.3355e-06","7e-04","A"
"4","Trait5","FASTmrMLM","NsiI.TP121230","11","10444","-2.0567e-06","4e-04","C"
"4","Trait5","FASTmrMLM","NsiI.TP121444","11","10447","8.7451e-05","0.0088","A"
"4","Trait5","FASTmrMLM","NsiI.TP121497","11","10448","1.933e-05","0.0042","A"
"4","Trait5","FASTmrMLM","NsiI.TP121519","11","10449","-5.4897e-06","0.0012","A"
"4","Trait5","FASTmrMLM","NsiI.TP121583","11","10450","-1.4127e-05","0.0031","A"
"4","Trait5","FASTmrMLM","NsiI.TP121584","11","10451","1.2458e-05","0.0027","C"
"4","Trait5","FASTmrMLM","NsiI.TP121684","11","10453","-6.7237e-06","0.0015","C"
"4","Trait5","FASTmrMLM","NsiI.TP121729","11","10456","9.5036e-06","0.0021","C"
"4","Trait5","FASTmrMLM","NsiI.TP121752","11","10457","2.6416e-05","0.0058","A"
"4","Trait5","FASTmrMLM","NsiI.TP121780","11","10458","-2.0703e-05","0.0045","C"
"4","Trait5","FASTmrMLM","NsiI.TP121955","11","10461","-1.0468e-05","0.0023","A"
"4","Trait5","FASTmrMLM","NsiI.TP122031","11","10464","-2.3592e-06","5e-04","A"
"4","Trait5","FASTmrMLM","NsiI.TP122639","11","10467","-1.8201e-06","4e-04","A"
"4","Trait5","FASTmrMLM","NsiI.TP122732","11","10468","-8.1056e-06","0.0018","A"
"4","Trait5","FASTmrMLM","NsiI.TP123021","11","10471","1.2108e-05","0.0026","A"
"4","Trait5","FASTmrMLM","NsiI.TP123053","11","10473","-0.0687","0.3806","C"
"4","Trait5","FASTmrMLM","NsiI.TP123090","11","10476","6.2377e-06","0.0014","A"
"4","Trait5","FASTmrMLM","NsiI.TP123206","11","10479","9.4276e-06","0.0021","A"
"4","Trait5","FASTmrMLM","NsiI.TP123251","11","10480","-1.0932e-05","0.0024","A"
"4","Trait5","FASTmrMLM","NsiI.TP123281","11","10481","3.6612e-05","0.008","G"
"4","Trait5","FASTmrMLM","NsiI.TP123344","11","10483","0.0556","0.5931","A"
"4","Trait5","FASTmrMLM","NsiI.TP123450","11","10484","1.3586e-05","0.003","A"
"4","Trait5","FASTmrMLM","NsiI.TP123811","11","10486","-0.0812","0.914","A"
"4","Trait5","FASTmrMLM","NsiI.TP123833","11","10487","-0.4001","1.7495","C"
"4","Trait5","FASTmrMLM","NsiI.TP123918","11","10488","-8.2018e-06","0.0018","A"
"4","Trait5","FASTmrMLM","NsiI.TP123978","11","10489","-3.3595e-05","0.0074","A"
"4","Trait5","FASTmrMLM","NsiI.TP124207","11","10491","-6.3371e-06","0.0014","C"
"4","Trait5","FASTmrMLM","NsiI.TP124257","11","10493","-5.8386e-06","0.0013","A"
"4","Trait5","FASTmrMLM","NsiI.TP124294","11","10495","-1.5375e-05","0.0034","A"
"4","Trait5","FASTmrMLM","NsiI.TP124479","11","10496","-1.2066e-06","3e-04","A"
"4","Trait5","FASTmrMLM","NsiI.TP124848","11","10498","-1.4609e-05","0.0032","A"
"4","Trait5","FASTmrMLM","NsiI.TP125096","11","10499","2.5712e-05","0.0056","A"
"4","Trait5","FASTmrMLM","NsiI.TP125154","11","10500","2.725e-05","0.006","A"
"4","Trait5","FASTmrMLM","NsiI.TP125335","11","10502","-6.0444e-06","0.0013","C"
"4","Trait5","FASTmrMLM","NsiI.TP125341","11","10503","-4.0124e-05","0.0088","C"
"4","Trait5","FASTmrMLM","NsiI.TP125603","11","10508","0.0191","0.1633","A"
"4","Trait5","FASTmrMLM","NsiI.TP125636","11","10510","-1.4998e-05","0.0033","A"
"4","Trait5","FASTmrMLM","NsiI.TP125826","11","10513","-0.0335","0.3126","A"
"4","Trait5","FASTmrMLM","NsiI.TP125847","11","10514","3.5884e-05","0.0079","C"
"4","Trait5","FASTmrMLM","NsiI.TP125932","11","10518","2.3476e-05","0.0051","A"
"4","Trait5","FASTmrMLM","NsiI.TP126027","11","10520","-0.0699","0.5699","C"
"4","Trait5","FASTmrMLM","NsiI.TP126030","11","10521","1.2482e-05","0.0027","C"
"4","Trait5","FASTmrMLM","NsiI.TP126435","11","10525","1.6969e-05","0.0037","A"
"4","Trait5","FASTmrMLM","NsiI.TP126464","11","10526","0.2165","0.9498","A"
"4","Trait5","FASTmrMLM","NsiI.TP126819","11","10527","-4.6757e-06","0.001","A"
"4","Trait5","FASTmrMLM","NsiI.TP126878","11","10528","-1.3242e-05","0.0029","C"
"4","Trait5","FASTmrMLM","NsiI.TP127159","11","10530","-2.0544e-05","0.0045","C"
"4","Trait5","FASTmrMLM","NsiI.TP127365","11","10531","-1.1928e-05","0.0026","C"
"4","Trait5","FASTmrMLM","NsiI.TP127422","11","10532","1.9586e-05","0.0043","A"
"4","Trait5","FASTmrMLM","NsiI.TP127599","11","10534","2.1585e-05","0.0047","C"
"4","Trait5","FASTmrMLM","NsiI.TP127774","11","10537","1.7716e-05","0.0039","A"
"4","Trait5","FASTmrMLM","NsiI.TP128050","11","10540","-4.0374e-06","9e-04","A"
"4","Trait5","FASTmrMLM","NsiI.TP128122","11","10542","0.0892","0.5494","A"
"4","Trait5","FASTmrMLM","NsiI.TP128193","11","10543","9.0491e-06","0.002","A"
"4","Trait5","FASTmrMLM","NsiI.TP128261","11","10544","-5.4416e-06","0.0012","G"
"4","Trait5","FASTmrMLM","NsiI.TP128306","11","10545","-1e-04","0.0107","C"
"4","Trait5","FASTmrMLM","NsiI.TP128325","11","10546","-0.2901","0.9082","A"
"4","Trait5","FASTmrMLM","NsiI.TP128463","11","10548","4.9228e-06","0.0011","C"
"4","Trait5","FASTmrMLM","NsiI.TP128490","11","10549","0.1856","0.9972","C"
"4","Trait5","FASTmrMLM","NsiI.TP128605","11","10550","0.1209","0.5545","A"
"4","Trait5","FASTmrMLM","NsiI.TP128647","11","10551","9.7282e-06","0.0021","A"
"4","Trait5","FASTmrMLM","NsiI.TP128648","11","10552","-1.9637e-06","4e-04","C"
"4","Trait5","FASTmrMLM","NsiI.TP128705","11","10553","-1.3542e-05","0.003","A"
"4","Trait5","FASTmrMLM","NsiI.TP128710","11","10554","-0.2069","1.1167","A"
"4","Trait5","FASTmrMLM","NsiI.TP129054","11","10555","-0.0767","0.3532","C"
"4","Trait5","FASTmrMLM","NsiI.TP129262","11","10556","-4.2799e-06","9e-04","A"
"4","Trait5","FASTmrMLM","NsiI.TP129524","11","10557","-4.0428e-06","9e-04","A"
"4","Trait5","FASTmrMLM","NsiI.TP129575","11","10558","0.022","0.34","C"
"4","Trait5","FASTmrMLM","NsiI.TP129582","11","10560","1.0167e-05","0.0022","A"
"4","Trait5","FASTmrMLM","NsiI.TP129600","11","10561","2.0377e-05","0.0045","A"
"4","Trait5","FASTmrMLM","NsiI.TP129614","11","10562","-1.4783e-06","3e-04","A"
"4","Trait5","FASTmrMLM","NsiI.TP130179","11","10565","-1.3591e-05","0.003","C"
"4","Trait5","FASTmrMLM","NsiI.TP130514","11","10566","-0.0719","0.8797","C"
"4","Trait5","FASTmrMLM","NsiI.TP130657","11","10567","-1.0563e-05","0.0023","C"
"4","Trait5","FASTmrMLM","NsiI.TP130730","11","10568","1.2892e-05","0.0028","A"
"4","Trait5","FASTmrMLM","NsiI.TP130838","11","10569","-1e-04","0.0108","C"
"4","Trait5","FASTmrMLM","NsiI.TP130984","11","10571","-2.4086e-05","0.0051","A"
"4","Trait5","FASTmrMLM","NsiI.TP131113","11","10572","-3.9878e-05","0.0088","C"
"4","Trait5","FASTmrMLM","NsiI.TP131175","11","10573","-4.2416e-05","0.0068","A"
"4","Trait5","FASTmrMLM","NsiI.TP131216","11","10574","-0.0305","0.2114","A"
"4","Trait5","FASTmrMLM","NsiI.TP131224","11","10575","0.0339","0.2591","A"
"4","Trait5","FASTmrMLM","NsiI.TP131444","11","10578","0.0225","0.1603","A"
"4","Trait5","FASTmrMLM","NsiI.TP131517","11","10579","2.6473e-05","0.0058","G"
"4","Trait5","FASTmrMLM","NsiI.TP131537","11","10580","-8.6674e-06","0.0019","A"
"4","Trait5","FASTmrMLM","NsiI.TP131963","11","10582","-0.0402","0.2689","C"
"4","Trait5","FASTmrMLM","NsiI.TP132013","11","10583","-2.3867e-06","5e-04","C"
"4","Trait5","FASTmrMLM","NsiI.TP132029","11","10584","3.3995e-05","0.0062","A"
"4","Trait5","FASTmrMLM","NsiI.TP132132","11","10586","-2.1507e-05","0.0047","A"
"4","Trait5","FASTmrMLM","NsiI.TP132147","11","10587","1.0235e-05","0.0022","C"
"4","Trait5","FASTmrMLM","NsiI.TP132168","11","10588","3.2212e-05","0.0071","A"
"4","Trait5","FASTmrMLM","NsiI.TP132378","11","10590","1.9696e-05","0.0043","A"
"4","Trait5","FASTmrMLM","NsiI.TP132379","11","10591","1.3175e-05","0.0029","C"
"4","Trait5","FASTmrMLM","NsiI.TP132514","11","10593","-9.3733e-06","0.002","G"
"4","Trait5","FASTmrMLM","NsiI.TP132548","11","10594","-4.4577e-05","0.0098","C"
"4","Trait5","FASTmrMLM","NsiI.TP132616","11","10595","-1.2558e-05","0.0027","G"
"4","Trait5","FASTmrMLM","NsiI.TP132945","11","10596","6.9815e-06","0.0015","A"
"4","Trait5","FASTmrMLM","NsiI.TP133146","11","10598","1.5438e-05","0.0034","A"
"4","Trait5","FASTmrMLM","NsiI.TP133158","11","10599","-0.0754","0.302","C"
"4","Trait5","FASTmrMLM","NsiI.TP133160","11","10600","-9.8259e-06","0.0021","A"
"4","Trait5","FASTmrMLM","NsiI.TP133199","11","10601","-2.9181e-05","0.0064","C"
"4","Trait5","FASTmrMLM","NsiI.TP133229","11","10602","-3.8802e-05","0.0085","A"
"4","Trait5","FASTmrMLM","NsiI.TP133259","11","10604","0.004","0.0568","A"
"4","Trait5","FASTmrMLM","NsiI.TP133387","11","10606","-2.2655e-05","0.005","C"
"4","Trait5","FASTmrMLM","NsiI.TP133399","11","10607","-2.0221e-05","0.0044","G"
"4","Trait5","FASTmrMLM","NsiI.TP133793","11","10610","-0.0173","0.2293","C"
"4","Trait5","FASTmrMLM","NsiI.TP133969","11","10614","1.614e-05","0.0035","A"
"4","Trait5","FASTmrMLM","NsiI.TP134003","11","10616","-2.6587e-06","6e-04","C"
"4","Trait5","FASTmrMLM","NsiI.TP134156","11","10618","2.7482e-05","0.006","A"
"4","Trait5","FASTmrMLM","NsiI.TP134168","11","10619","-2.0259e-06","4e-04","C"
"4","Trait5","FASTmrMLM","NsiI.TP134188","11","10620","8.0462e-07","2e-04","A"
"4","Trait5","FASTmrMLM","NsiI.TP134193","11","10621","3.2755e-06","7e-04","A"
"4","Trait5","FASTmrMLM","NsiI.TP134279","11","10622","-2.2555e-05","0.0049","A"
"4","Trait5","FASTmrMLM","NsiI.TP134318","11","10623","-2.1961e-05","0.0048","C"
"4","Trait5","FASTmrMLM","NsiI.TP134345","11","10624","-8.7568e-06","0.0019","C"
"4","Trait5","FASTmrMLM","NsiI.TP134405","11","10625","3.0387e-05","0.0067","A"
"4","Trait5","FASTmrMLM","NsiI.TP134503","11","10626","8.4477e-05","0.0071","A"
"4","Trait5","FASTmrMLM","NsiI.TP134591","11","10627","-9.9263e-06","0.0022","C"
"4","Trait5","FASTmrMLM","NsiI.TP134592","11","10628","-3.8062e-07","8.2839e-05","C"
"4","Trait5","FASTmrMLM","NsiI.TP134721","11","10629","-9.2435e-06","0.002","A"
"4","Trait5","FASTmrMLM","NsiI.TP134845","11","10630","-3.0842e-05","0.0068","C"
"4","Trait5","FASTmrMLM","NsiI.TP135081","11","10633","1.2749e-05","0.0028","G"
"4","Trait5","FASTmrMLM","NsiI.TP135085","11","10634","1.0304e-05","0.0022","A"
"4","Trait5","FASTmrMLM","NsiI.TP135090","11","10635","1.3246e-05","0.0029","C"
"4","Trait5","FASTmrMLM","NsiI.TP135257","11","10636","6.9045e-06","0.0015","C"
"4","Trait5","FASTmrMLM","NsiI.TP135263","11","10637","1.3435e-05","0.0029","C"
"4","Trait5","FASTmrMLM","NsiI.TP135308","11","10638","-0.0726","0.5921","A"
"4","Trait5","FASTmrMLM","NsiI.TP135373","11","10639","0.2169","1.4462","A"
"4","Trait5","FASTmrMLM","NsiI.TP135600","11","10641","1.0367e-05","0.0023","C"
"4","Trait5","FASTmrMLM","NsiI.TP135783","11","10642","-0.0242","0.2875","C"
"4","Trait5","FASTmrMLM","NsiI.TP135919","11","10644","-0.5011","1.7959","A"
"4","Trait5","FASTmrMLM","NsiI.TP135973","11","10646","-1.5582e-05","0.0034","A"
"4","Trait5","FASTmrMLM","NsiI.TP136036","11","10647","-0.0033","0.1024","A"
"4","Trait5","FASTmrMLM","NsiI.TP136037","11","10648","1.8696e-05","0.0041","C"
"4","Trait5","FASTmrMLM","NsiI.TP136058","11","10649","-1.5872e-05","0.0035","C"
"4","Trait5","FASTmrMLM","NsiI.TP136099","11","10650","-2.5822e-05","0.0057","C"
"4","Trait5","FASTmrMLM","NsiI.TP136172","11","10652","6.3527e-06","0.0014","A"
"4","Trait5","FASTmrMLM","NsiI.TP136328","11","10653","0.126","1.6241","C"
"4","Trait5","FASTmrMLM","NsiI.TP136344","11","10654","1.9662e-05","0.0043","C"
"4","Trait5","FASTmrMLM","NsiI.TP136435","11","10655","1.5857e-05","0.0035","A"
"4","Trait5","FASTmrMLM","NsiI.TP136467","11","10656","0.1894","0.8693","A"
"4","Trait5","FASTmrMLM","NsiI.TP136540","11","10657","0.0229","0.1584","C"
"4","Trait5","FASTmrMLM","NsiI.TP137271","11","10660","2.6424e-06","6e-04","C"
"4","Trait5","FASTmrMLM","NsiI.TP137320","11","10662","0.0606","0.6381","A"
"4","Trait5","FASTmrMLM","NsiI.TP137778","11","10663","1.2121e-05","0.0026","A"
"4","Trait5","FASTmrMLM","NsiI.TP137864","11","10665","1.5747e-05","0.0034","C"
"4","Trait5","FASTmrMLM","NsiI.TP137988","11","10666","-1.3965e-07","3.0395e-05","C"
"4","Trait5","FASTmrMLM","NsiI.TP138154","11","10667","0.0676","0.3836","C"
"4","Trait5","FASTmrMLM","NsiI.TP138185","11","10668","2.0589e-05","0.0045","C"
"4","Trait5","FASTmrMLM","NsiI.TP138255","11","10669","-6.9984e-06","0.0015","A"
"4","Trait5","FASTmrMLM","NsiI.TP138363","11","10670","1.6141e-05","0.0035","C"
"4","Trait5","FASTmrMLM","NsiI.TP138389","11","10671","-1.4983e-05","0.0033","A"
"4","Trait5","FASTmrMLM","NsiI.TP138508","11","10672","-0.0175","0.1915","C"
"4","Trait5","FASTmrMLM","NsiI.TP138581","11","10673","-1.3294e-05","0.0029","A"
"4","Trait5","FASTmrMLM","NsiI.TP138645","11","10674","0.2607","2.1856","C"
"4","Trait5","FASTmrMLM","NsiI.TP138768","11","10675","4.1663e-05","0.0092","C"
"4","Trait5","FASTmrMLM","NsiI.TP138776","11","10676","-0.294","0.8737","C"
"4","Trait5","FASTmrMLM","NsiI.TP138777","11","10677","1.8104e-05","0.004","G"
"4","Trait5","FASTmrMLM","NsiI.TP139005","11","10680","2.6735e-05","0.0059","A"
"4","Trait5","FASTmrMLM","NsiI.TP139101","11","10681","-6.4676e-06","0.0014","G"
"4","Trait5","FASTmrMLM","NsiI.TP139229","11","10683","1.5619e-05","0.0034","A"
"4","Trait5","FASTmrMLM","NsiI.TP139249","11","10684","2.2898e-05","0.005","A"
"4","Trait5","FASTmrMLM","NsiI.TP139286","11","10685","-5.4111e-09","1.1778e-06","C"
"4","Trait5","FASTmrMLM","NsiI.TP139676","11","10686","-1.6562e-05","0.0036","C"
"4","Trait5","FASTmrMLM","NsiI.TP139890","11","10689","-5.5925e-06","0.0012","A"
"4","Trait5","FASTmrMLM","NsiI.TP140044","11","10690","0.0732","0.7154","A"
"4","Trait5","FASTmrMLM","NsiI.TP140094","11","10691","-1.8499e-05","0.004","C"
"4","Trait5","FASTmrMLM","NsiI.TP140129","11","10692","9.8726e-07","2e-04","C"
"4","Trait5","FASTmrMLM","NsiI.TP140140","11","10693","2.6109e-05","0.0057","G"
"4","Trait5","FASTmrMLM","NsiI.TP140643","11","10694","3.2056e-05","0.007","A"
"4","Trait5","FASTmrMLM","NsiI.TP141159","11","10697","2.2977e-06","5e-04","C"
"4","Trait5","FASTmrMLM","NsiI.TP143717","11","10700","0.0323","0.2866","A"
"4","Trait5","FASTmrMLM","NsiI.TP143875","11","10701","2.1713e-06","5e-04","C"
"4","Trait5","FASTmrMLM","NsiI.TP144045","11","10703","-1.2949e-05","0.0028","C"
"4","Trait5","FASTmrMLM","NsiI.TP144117","11","10704","0.0335","0.2748","C"
"4","Trait5","FASTmrMLM","NsiI.TP144406","11","10705","-0.1576","0.7714","G"
"4","Trait5","FASTmrMLM","NsiI.TP144685","11","10707","0.0163","0.2671","C"
"4","Trait5","FASTmrMLM","NsiI.TP144735","11","10709","0.0192","0.2195","A"
"4","Trait5","FASTmrMLM","NsiI.TP145081","11","10712","7.0785e-06","0.0015","A"
"4","Trait5","FASTmrMLM","NsiI.TP145116","11","10713","-4.9203e-06","0.0011","A"
"4","Trait5","FASTmrMLM","NsiI.TP145213","11","10715","0.2386","1.9789","A"
"4","Trait5","FASTmrMLM","NsiI.TP145530","11","10716","-9.3236e-06","0.002","C"
"4","Trait5","FASTmrMLM","NsiI.TP145567","11","10717","-6.7444e-06","0.0015","A"
"4","Trait5","FASTmrMLM","NsiI.TP145631","11","10718","-0.032","0.2934","A"
"4","Trait5","FASTmrMLM","NsiI.TP145656","11","10720","-3.6409e-06","8e-04","A"
"4","Trait5","FASTmrMLM","NsiI.TP145732","11","10722","-0.0425","0.2562","A"
"4","Trait5","FASTmrMLM","NsiI.TP145794","11","10723","2.3287e-05","0.0051","A"
"4","Trait5","FASTmrMLM","NsiI.TP145816","11","10724","-5.8325e-06","0.0013","C"
"4","Trait5","FASTmrMLM","NsiI.TP145852","11","10725","-6.253e-08","1.3608e-05","A"
"4","Trait5","FASTmrMLM","NsiI.TP145879","11","10726","-4.1071e-07","8.9414e-05","G"
"4","Trait5","FASTmrMLM","NsiI.TP146483","11","10731","1.4292e-05","0.0031","C"
"4","Trait5","FASTmrMLM","NsiI.TP146493","11","10732","0.2323","0.9404","A"
"4","Trait5","FASTmrMLM","NsiI.TP146531","11","10734","0.0388","0.3849","C"
"4","Trait5","FASTmrMLM","NsiI.TP146660","11","10735","-2.2667e-05","0.005","C"
"4","Trait5","FASTmrMLM","NsiI.TP146839","11","10736","-0.0448","0.3858","A"
"4","Trait5","FASTmrMLM","NsiI.TP147485","11","10737","0.3165","1.7281","C"
"4","Trait5","FASTmrMLM","NsiI.TP147534","11","10738","-7.7557e-06","0.0017","A"
"4","Trait5","FASTmrMLM","NsiI.TP147565","11","10740","-2.2018e-05","0.0048","C"
"4","Trait5","FASTmrMLM","NsiI.TP147703","11","10744","-0.0462","0.5735","A"
"4","Trait5","FASTmrMLM","NsiI.TP147828","11","10745","-5.4456e-06","0.0012","C"
"4","Trait5","FASTmrMLM","NsiI.TP147879","11","10747","0.198","1.2098","C"
"4","Trait5","FASTmrMLM","NsiI.TP148137","11","10749","-2.0338e-06","4e-04","A"
"4","Trait5","FASTmrMLM","NsiI.TP148156","11","10750","-0.0729","0.5672","C"
"4","Trait5","FASTmrMLM","NsiI.TP148161","11","10751","0.1939","0.7384","A"
"4","Trait5","FASTmrMLM","NsiI.TP148226","11","10752","-0.0502","0.4139","A"
"4","Trait5","FASTmrMLM","NsiI.TP148428","11","10753","0.0751","0.3456","C"
"4","Trait5","FASTmrMLM","NsiI.TP148490","11","10754","-1.3097e-05","0.0029","C"
"4","Trait5","FASTmrMLM","NsiI.TP148551","11","10755","3e-04","0.0159","C"
"4","Trait5","FASTmrMLM","NsiI.TP148726","11","10758","-3.7359e-06","8e-04","A"
"4","Trait5","FASTmrMLM","NsiI.TP148756","11","10760","0.033","0.3578","C"
"4","Trait5","FASTmrMLM","NsiI.TP148795","11","10761","-9.1103e-06","0.002","A"
"4","Trait5","FASTmrMLM","NsiI.TP148952","11","10763","0.0935","0.379","G"
"4","Trait5","FASTmrMLM","NsiI.TP149037","11","10764","-1.4013e-05","0.0031","C"
"4","Trait5","FASTmrMLM","NsiI.TP149067","11","10765","-0.0882","0.6316","A"
"4","Trait5","FASTmrMLM","NsiI.TP149102","11","10766","4.0287e-06","9e-04","G"
"4","Trait5","FASTmrMLM","NsiI.TP149182","11","10769","1.7019e-05","0.0037","G"
"4","Trait5","FASTmrMLM","NsiI.TP149318","11","10770","8.3074e-06","0.0018","A"
"4","Trait5","FASTmrMLM","NsiI.TP149343","11","10772","-1.4333e-06","3e-04","G"
"4","Trait5","FASTmrMLM","NsiI.TP149468","11","10773","0.0675","0.492","C"
"4","Trait5","FASTmrMLM","NsiI.TP149484","11","10774","-1.0021e-05","0.0022","A"
"4","Trait5","FASTmrMLM","NsiI.TP149521","11","10775","3.3441e-05","0.0073","A"
"4","Trait5","FASTmrMLM","NsiI.TP149550","11","10776","-4.5216e-08","9.8407e-06","C"
"4","Trait5","FASTmrMLM","NsiI.TP149654","11","10777","1.9029e-05","0.0042","C"
"4","Trait5","FASTmrMLM","NsiI.TP149672","11","10778","-4.6436e-05","0.0102","A"
"4","Trait5","FASTmrMLM","NsiI.TP149676","11","10779","0.0306","0.2464","C"
"4","Trait5","FASTmrMLM","NsiI.TP149677","11","10780","-1.1702e-05","0.0026","C"
"4","Trait5","FASTmrMLM","NsiI.TP149692","11","10781","6.5158e-06","0.0014","G"
"4","Trait5","FASTmrMLM","NsiI.TP149732","11","10782","0.0737","0.5031","A"
"4","Trait5","FASTmrMLM","NsiI.TP150024","11","10783","-0.0712","0.8565","A"
"4","Trait5","FASTmrMLM","NsiI.TP150032","11","10784","-1.681e-05","0.0037","C"
"4","Trait5","FASTmrMLM","NsiI.TP150073","11","10785","9.7915e-06","0.0021","C"
"4","Trait5","FASTmrMLM","NsiI.TP150103","11","10786","1.0965e-05","0.0024","A"
"4","Trait5","FASTmrMLM","NsiI.TP150121","11","10787","-0.0296","0.3355","C"
"4","Trait5","FASTmrMLM","NsiI.TP150122","11","10788","1.0457e-05","0.0023","A"
"4","Trait5","FASTmrMLM","NsiI.TP150169","11","10790","1.3832e-06","3e-04","A"
"4","Trait5","FASTmrMLM","NsiI.TP150179","11","10791","-5.6106e-06","0.0012","C"
"4","Trait5","FASTmrMLM","NsiI.TP150324","11","10793","-0.0849","0.8784","C"
"4","Trait5","FASTmrMLM","NsiI.TP150338","11","10794","3.9223e-06","9e-04","A"
"4","Trait5","FASTmrMLM","NsiI.TP150390","11","10795","3.5008e-05","0.0065","C"
"4","Trait5","FASTmrMLM","NsiI.TP150407","11","10796","0.0247","0.2263","A"
"4","Trait5","FASTmrMLM","NsiI.TP151119","11","10801","-0.072","0.6604","C"
"4","Trait5","FASTmrMLM","NsiI.TP151265","11","10803","-0.201","1.2472","A"
"4","Trait5","FASTmrMLM","NsiI.TP151437","11","10804","-9.1626e-06","0.002","C"
"4","Trait5","FASTmrMLM","NsiI.TP151574","11","10805","-0.035","0.3968","A"
"4","Trait5","FASTmrMLM","NsiI.TP151575","11","10806","2e-04","0.0137","A"
"4","Trait5","FASTmrMLM","NsiI.TP151604","11","10807","-1.5721e-05","0.0034","A"
"4","Trait5","FASTmrMLM","NsiI.TP151943","11","10810","-8.1568e-06","0.0018","A"
"4","Trait5","FASTmrMLM","NsiI.TP152033","11","10811","-5.3521e-06","0.0012","C"
"4","Trait5","FASTmrMLM","NsiI.TP152187","11","10812","-3.8814e-05","0.0085","A"
"4","Trait5","FASTmrMLM","NsiI.TP152226","11","10813","3.2464e-06","7e-04","C"
"4","Trait5","FASTmrMLM","NsiI.TP152255","11","10814","1.683e-05","0.0037","C"
"4","Trait5","FASTmrMLM","NsiI.TP152314","11","10815","-8.912e-06","0.0019","A"
"4","Trait5","FASTmrMLM","NsiI.TP152573","11","10818","-1.3363e-05","0.0029","A"
"4","Trait5","FASTmrMLM","NsiI.TP152788","11","10820","2.854e-05","0.0063","C"
"4","Trait5","FASTmrMLM","NsiI.TP152918","11","10821","0.0225","0.2343","C"
"4","Trait5","FASTmrMLM","NsiI.TP152998","11","10822","1.3371e-06","3e-04","G"
"4","Trait5","FASTmrMLM","NsiI.TP153077","11","10824","-1.8358e-06","4e-04","C"
"4","Trait5","FASTmrMLM","NsiI.TP153082","11","10825","-5.1449e-06","0.0011","C"
"4","Trait5","FASTmrMLM","NsiI.TP153175","11","10826","-5.0754e-06","0.0011","A"
"4","Trait5","FASTmrMLM","NsiI.TP153238","11","10827","-1.7886e-06","4e-04","A"
"4","Trait5","FASTmrMLM","NsiI.TP153396","11","10828","-2.6325e-05","0.0058","A"
"4","Trait5","FASTmrMLM","NsiI.TP153404","11","10829","6.6294e-06","0.0014","A"
"4","Trait5","FASTmrMLM","NsiI.TP153572","11","10830","0.1666","0.8277","A"
"4","Trait5","FASTmrMLM","NsiI.TP153704","11","10831","3.2995e-06","7e-04","A"
"4","Trait5","FASTmrMLM","NsiI.TP153709","11","10832","-3.7187e-06","8e-04","A"
"4","Trait5","FASTmrMLM","NsiI.TP153895","11","10835","1.3749e-05","0.003","C"
"4","Trait5","FASTmrMLM","NsiI.TP153985","11","10836","3.8814e-05","0.0068","C"
"4","Trait5","FASTmrMLM","NsiI.TP154366","11","10840","-3.0451e-05","0.0067","A"
"4","Trait5","FASTmrMLM","NsiI.TP154562","11","10842","-1.5559e-05","0.0034","C"
"4","Trait5","FASTmrMLM","NsiI.TP155185","11","10843","3.8769e-06","8e-04","A"
"4","Trait5","FASTmrMLM","NsiI.TP155271","11","10844","-6.3312e-09","1.3777e-06","C"
"4","Trait5","FASTmrMLM","NsiI.TP155993","11","10845","-7.2905e-07","2e-04","C"
"4","Trait5","FASTmrMLM","NsiI.TP156130","11","10846","8.2091e-06","0.0018","A"
"4","Trait5","FASTmrMLM","NsiI.TP156173","11","10847","7.7693e-06","0.0017","C"
"4","Trait5","FASTmrMLM","NsiI.TP156244","11","10848","-3.1473e-05","0.0069","G"
"4","Trait5","FASTmrMLM","NsiI.TP156251","11","10849","-0.0527","0.3546","C"
"4","Trait5","FASTmrMLM","NsiI.TP156298","11","10850","0.0824","0.9558","G"
"4","Trait5","FASTmrMLM","NsiI.TP156411","11","10851","0.0613","0.3672","A"
"4","Trait5","FASTmrMLM","NsiI.TP156483","11","10853","-0.2104","1.9744","C"
"4","Trait5","FASTmrMLM","NsiI.TP156555","11","10854","3.6518e-05","0.008","A"
"4","Trait5","FASTmrMLM","NsiI.TP156662","11","10856","0.0333","0.3801","A"
"4","Trait5","FASTmrMLM","NsiI.TP157116","11","10857","-2.3043e-06","5e-04","A"
"4","Trait5","FASTmrMLM","NsiI.TP157196","11","10858","0.0944","0.5973","C"
"4","Trait5","FASTmrMLM","NsiI.TP157301","11","10860","-8.3352e-06","0.0018","A"
"4","Trait5","FASTmrMLM","NsiI.TP157367","11","10861","-2.1905e-05","0.0048","A"
"4","Trait5","FASTmrMLM","NsiI.TP157533","11","10862","-1.3125e-06","3e-04","C"
"4","Trait5","FASTmrMLM","NsiI.TP157613","11","10863","0.0935","0.4809","A"
"4","Trait5","FASTmrMLM","NsiI.TP157826","11","10864","-0.2226","1.1519","C"
"4","Trait5","FASTmrMLM","NsiI.TP158115","11","10869","4.5629e-06","0.001","G"
"4","Trait5","FASTmrMLM","NsiI.TP158159","11","10870","-2.8437e-05","0.0062","C"
"4","Trait5","FASTmrMLM","NsiI.TP158212","11","10871","7.1319e-06","0.0016","A"
"4","Trait5","FASTmrMLM","NsiI.TP158499","11","10872","-0.0382","0.3023","G"
"4","Trait5","FASTmrMLM","NsiI.TP158596","11","10873","-2.3119e-06","5e-04","G"
"4","Trait5","FASTmrMLM","NsiI.TP158743","11","10874","-5.9512e-06","0.0013","G"
"4","Trait5","FASTmrMLM","NsiI.TP158764","11","10876","1.6954e-05","0.0037","A"
"4","Trait5","FASTmrMLM","NsiI.TP158809","11","10877","0.098","0.6048","C"
"4","Trait5","FASTmrMLM","NsiI.TP159052","11","10880","-2.1193e-05","0.0046","A"
"4","Trait5","FASTmrMLM","NsiI.TP159110","11","10881","-2.953e-05","0.0065","C"
"4","Trait5","FASTmrMLM","NsiI.TP159420","11","10884","-0.1459","0.6988","C"
"4","Trait5","FASTmrMLM","NsiI.TP159531","11","10886","-1.8675e-05","0.0041","A"
"4","Trait5","FASTmrMLM","NsiI.TP159561","11","10887","2.2331e-05","0.0049","G"
"4","Trait5","FASTmrMLM","NsiI.TP159605","11","10889","-8.2706e-06","0.0018","C"
"4","Trait5","FASTmrMLM","NsiI.TP159626","11","10890","-1.7001e-06","4e-04","A"
"4","Trait5","FASTmrMLM","NsiI.TP159883","11","10892","-1.1621e-05","0.0025","A"
"4","Trait5","FASTmrMLM","NsiI.TP159904","11","10893","-0.0044","0.1183","C"
"4","Trait5","FASTmrMLM","NsiI.TP159938","11","10894","3.0203e-06","7e-04","A"
"4","Trait5","FASTmrMLM","NsiI.TP160279","11","10896","0.0225","0.2969","C"
"4","Trait5","FASTmrMLM","NsiI.TP160611","11","10897","-0.0061","0.1246","A"
"4","Trait5","FASTmrMLM","NsiI.TP160682","11","10899","-0.0674","0.8385","C"
"4","Trait5","FASTmrMLM","NsiI.TP160781","11","10900","2.5828e-05","0.0057","A"
"4","Trait5","FASTmrMLM","NsiI.TP160791","11","10901","-0.1252","1.5559","C"
"4","Trait5","FASTmrMLM","NsiI.TP160900","11","10903","6.8113e-06","0.0015","G"
"4","Trait5","FASTmrMLM","NsiI.TP161290","11","10905","-0.3376","1.0969","C"
"4","Trait5","FASTmrMLM","NsiI.TP161310","11","10906","0.0482","0.492","C"
"4","Trait5","FASTmrMLM","NsiI.TP161388","11","10908","-0.0624","0.4166","A"
"4","Trait5","FASTmrMLM","NsiI.TP161399","11","10910","-3.6237e-05","0.008","A"
"4","Trait5","FASTmrMLM","NsiI.TP161400","11","10911","0.206","2.8472","A"
"4","Trait5","FASTmrMLM","NsiI.TP161676","11","10913","-2e-06","4e-04","A"
"4","Trait5","FASTmrMLM","NsiI.TP161686","11","10914","3.8146e-06","8e-04","A"
"4","Trait5","FASTmrMLM","NsiI.TP161767","11","10915","2.7077e-05","0.0059","C"
"4","Trait5","FASTmrMLM","NsiI.TP161773","11","10916","4.9077e-06","0.0011","C"
"4","Trait5","FASTmrMLM","NsiI.TP161805","11","10917","-0.1842","1.1","A"
"4","Trait5","FASTmrMLM","NsiI.TP162745","11","10922","0.0299","0.3298","C"
"4","Trait5","FASTmrMLM","NsiI.TP162765","11","10923","1.0527e-05","0.0023","G"
"4","Trait5","FASTmrMLM","NsiI.TP162770","11","10924","4.1798e-06","9e-04","C"
"4","Trait5","FASTmrMLM","NsiI.TP162797","11","10925","-1.0716e-05","0.0023","G"
"4","Trait5","FASTmrMLM","NsiI.TP163069","11","10927","0.2725","1.0201","C"
"4","Trait5","FASTmrMLM","NsiI.TP163070","11","10928","2.2288e-05","0.0049","A"
"4","Trait5","FASTmrMLM","NsiI.TP163443","11","10930","1.8391e-05","0.004","A"
"4","Trait5","FASTmrMLM","NsiI.TP163541","11","10931","-1.2007e-05","0.0026","A"
"4","Trait5","FASTmrMLM","NsiI.TP163814","11","10934","-0.0184","0.2689","A"
"4","Trait5","FASTmrMLM","NsiI.TP163860","11","10935","-0.0711","0.4316","G"
"4","Trait5","FASTmrMLM","NsiI.TP164292","11","10938","0.0824","0.7939","C"
"4","Trait5","FASTmrMLM","NsiI.TP164551","11","10941","1.2357e-05","0.0027","C"
"4","Trait5","FASTmrMLM","NsiI.TP164582","11","10942","1.7038e-05","0.0037","A"
"4","Trait5","FASTmrMLM","NsiI.TP164720","11","10943","-0.0809","0.4491","A"
"4","Trait5","FASTmrMLM","NsiI.TP164721","11","10944","0.0302","0.334","C"
"4","Trait5","FASTmrMLM","NsiI.TP164937","11","10950","-3.6821e-05","0.0081","A"
"4","Trait5","FASTmrMLM","NsiI.TP165119","11","10952","2.0865e-06","5e-04","A"
"4","Trait5","FASTmrMLM","NsiI.TP165373","11","10954","-1.179e-05","0.0026","A"
"4","Trait5","FASTmrMLM","NsiI.TP165379","11","10955","-1.1353e-05","0.0025","C"
"4","Trait5","FASTmrMLM","NsiI.TP165468","11","10957","-6.2047e-06","0.0014","C"
"4","Trait5","FASTmrMLM","NsiI.TP165765","11","10960","-0.0268","0.2154","G"
"4","Trait5","FASTmrMLM","NsiI.TP165909","11","10962","-4.5659e-06","0.001","C"
"4","Trait5","FASTmrMLM","NsiI.TP165981","11","10964","8.1849e-07","2e-04","A"
"4","Trait5","FASTmrMLM","NsiI.TP166019","11","10965","1.36e-05","0.003","A"
"4","Trait5","FASTmrMLM","NsiI.TP166334","11","10966","1.4687e-05","0.0032","A"
"4","Trait5","FASTmrMLM","NsiI.TP166435","11","10968","-3.5808e-05","0.0079","C"
"4","Trait5","FASTmrMLM","NsiI.TP166467","11","10969","6.3924e-06","0.0014","G"
"4","Trait5","FASTmrMLM","NsiI.TP166590","11","10970","-1.4486e-05","0.0032","C"
"4","Trait5","FASTmrMLM","NsiI.TP166639","11","10971","2.8117e-05","0.0062","C"
"4","Trait5","FASTmrMLM","NsiI.TP166664","11","10973","0.01","0.1673","A"
"4","Trait5","FASTmrMLM","NsiI.TP166703","11","10976","1.7821e-05","0.0039","A"
"4","Trait5","FASTmrMLM","NsiI.TP166752","11","10977","-0.0184","0.244","C"
"4","Trait5","FASTmrMLM","NsiI.TP166753","11","10978","-0.0132","0.1845","A"
"4","Trait5","FASTmrMLM","NsiI.TP166961","11","10979","0.0315","0.2225","A"
"4","Trait5","FASTmrMLM","NsiI.TP167028","11","10980","1.0149e-05","0.0022","A"
"4","Trait5","FASTmrMLM","NsiI.TP167107","11","10982","-1.9246e-05","0.0042","C"
"4","Trait5","FASTmrMLM","NsiI.TP167218","11","10984","3.8364e-06","8e-04","A"
"4","Trait5","FASTmrMLM","NsiI.TP167319","11","10986","-0.0163","0.2457","C"
"4","Trait5","FASTmrMLM","NsiI.TP167320","11","10987","0.0497","0.3196","G"
"4","Trait5","FASTmrMLM","NsiI.TP167454","11","10989","0.0823","0.4243","A"
"4","Trait5","FASTmrMLM","NsiI.TP167553","11","10991","-6.4493e-06","0.0014","A"
"4","Trait5","FASTmrMLM","NsiI.TP167598","11","10992","1.6962e-06","4e-04","C"
"4","Trait5","FASTmrMLM","NsiI.TP167708","11","10993","-2.1812e-05","0.0048","C"
"4","Trait5","FASTmrMLM","NsiI.TP167983","11","10995","-0.0254","0.2239","A"
"4","Trait5","FASTmrMLM","NsiI.TP168028","11","10996","1.2195e-05","0.0027","A"
"4","Trait5","FASTmrMLM","NsiI.TP168175","11","10997","1.0086e-05","0.0022","C"
"4","Trait5","FASTmrMLM","NsiI.TP168235","11","10998","-0.1882","1.2135","C"
"4","Trait5","FASTmrMLM","NsiI.TP168402","11","10999","0.0403","0.4717","C"
"4","Trait5","FASTmrMLM","NsiI.TP168638","11","11003","-0.1521","0.8666","C"
"4","Trait5","FASTmrMLM","NsiI.TP168812","11","11004","4.7856e-05","0.0105","C"
"4","Trait5","FASTmrMLM","NsiI.TP168887","11","11005","-0.1208","0.6143","G"
"4","Trait5","FASTmrMLM","NsiI.TP169313","11","11006","0.0539","0.7057","A"
"4","Trait5","FASTmrMLM","NsiI.TP169340","11","11007","-0.2112","1.2516","C"
"4","Trait5","FASTmrMLM","NsiI.TP169341","11","11008","-1.3531e-05","0.003","G"
"4","Trait5","FASTmrMLM","NsiI.TP169357","11","11009","1.5958e-05","0.0035","A"
"4","Trait5","FASTmrMLM","NsiI.TP169621","11","11011","-0.1001","0.9205","C"
"4","Trait5","FASTmrMLM","NsiI.TP169669","11","11012","7.6404e-06","0.0017","A"
"4","Trait5","FASTmrMLM","NsiI.TP169738","11","11013","1.386e-05","0.003","C"
"4","Trait5","FASTmrMLM","NsiI.TP169769","11","11014","0.0322","0.3761","A"
"4","Trait5","FASTmrMLM","NsiI.TP169827","11","11015","-2.6822e-05","0.0059","G"
"4","Trait5","FASTmrMLM","NsiI.TP170000","11","11016","2.0525e-06","4e-04","A"
"4","Trait5","FASTmrMLM","NsiI.TP170068","11","11018","-4.9116e-06","0.0011","A"
"4","Trait5","FASTmrMLM","NsiI.TP170132","11","11019","-0.0801","0.4673","A"
"4","Trait5","FASTmrMLM","NsiI.TP170263","11","11020","1.1667e-05","0.0025","A"
"4","Trait5","FASTmrMLM","NsiI.TP170314","11","11022","0.0409","0.4815","A"
"4","Trait5","FASTmrMLM","NsiI.TP171118","11","11024","-1.8992e-05","0.0042","C"
"4","Trait5","FASTmrMLM","NsiI.TP171234","11","11025","2.4108e-05","0.0053","C"
"4","Trait5","FASTmrMLM","NsiI.TP171256","11","11026","0.0903","0.6027","A"
"4","Trait5","FASTmrMLM","NsiI.TP171480","11","11029","0.0668","0.4273","C"
"4","Trait5","FASTmrMLM","NsiI.TP171498","11","11030","-1.317e-06","3e-04","A"
"4","Trait5","FASTmrMLM","NsiI.TP171539","11","11031","6.1112e-06","0.0013","G"
"4","Trait5","FASTmrMLM","NsiI.TP171607","11","11032","-0.0484","0.2628","C"
"4","Trait5","FASTmrMLM","NsiI.TP171627","11","11033","8.481e-06","0.0018","A"
"4","Trait5","FASTmrMLM","NsiI.TP171775","11","11034","0.1697","0.8891","A"
"4","Trait5","FASTmrMLM","NsiI.TP171776","11","11035","0.0493","0.5626","A"
"4","Trait5","FASTmrMLM","NsiI.TP171936","11","11036","0.0465","0.5412","C"
"4","Trait5","FASTmrMLM","NsiI.TP172219","11","11037","-1.0277e-06","2e-04","A"
"4","Trait5","FASTmrMLM","NsiI.TP172239","11","11038","-0.1071","0.6727","A"
"4","Trait5","FASTmrMLM","NsiI.TP172351","11","11039","-1.0719e-05","0.0023","A"
"4","Trait5","FASTmrMLM","NsiI.TP172371","11","11040","-1.3428e-05","0.0029","C"
"4","Trait5","FASTmrMLM","NsiI.TP172395","11","11041","-1.7533e-05","0.0038","C"
"4","Trait5","FASTmrMLM","NsiI.TP172508","11","11042","1.9377e-05","0.0042","A"
"4","Trait5","FASTmrMLM","NsiI.TP172532","11","11043","3.4524e-05","0.0076","C"
"4","Trait5","FASTmrMLM","NsiI.TP173014","11","11045","-0.1337","0.8398","A"
"4","Trait5","FASTmrMLM","NsiI.TP173290","11","11048","1.4339e-05","0.0031","A"
"4","Trait5","FASTmrMLM","NsiI.TP173317","11","11049","0.0484","0.5809","A"
"4","Trait5","FASTmrMLM","NsiI.TP173371","11","11051","0.072","0.5472","A"
"4","Trait5","FASTmrMLM","NsiI.TP173445","11","11052","2.1847e-06","5e-04","A"
"4","Trait5","FASTmrMLM","NsiI.TP173738","11","11054","2.1597e-05","0.0047","C"
"4","Trait5","FASTmrMLM","NsiI.TP174329","11","11057","-2.7612e-06","6e-04","C"
"4","Trait5","FASTmrMLM","NsiI.TP174599","11","11059","4.2315e-06","9e-04","A"
"4","Trait5","FASTmrMLM","NsiI.TP174753","11","11060","-0.0546","0.6356","G"
"4","Trait5","FASTmrMLM","NsiI.TP174826","11","11062","2.1455e-05","0.0047","A"
"4","Trait5","FASTmrMLM","NsiI.TP174898","11","11063","4.1983e-05","0.0092","C"
"4","Trait5","FASTmrMLM","NsiI.TP174963","11","11064","-1.1347e-05","0.0025","C"
"4","Trait5","FASTmrMLM","NsiI.TP174974","11","11065","0.0576","0.4695","A"
"4","Trait5","FASTmrMLM","NsiI.TP175031","11","11067","1.0756e-05","0.0023","C"
"4","Trait5","FASTmrMLM","NsiI.TP175068","11","11069","-4.2969e-06","9e-04","A"
"4","Trait5","FASTmrMLM","NsiI.TP175132","11","11071","1.0208e-06","2e-04","A"
"4","Trait5","FASTmrMLM","NsiI.TP175232","11","11073","3.6964e-06","8e-04","A"
"4","Trait5","FASTmrMLM","NsiI.TP175381","11","11074","-5.6911e-06","0.0012","G"
"4","Trait5","FASTmrMLM","NsiI.TP175409","11","11076","-2.6919e-05","0.0059","A"
"4","Trait5","FASTmrMLM","NsiI.TP175435","11","11077","-0.0835","0.4935","C"
"4","Trait5","FASTmrMLM","NsiI.TP175439","11","11078","-0.1959","1.0276","A"
"4","Trait5","FASTmrMLM","NsiI.TP175473","11","11079","-0.1343","0.8266","C"
"4","Trait5","FASTmrMLM","NsiI.TP175505","11","11080","-1.5981e-05","0.0035","A"
"4","Trait5","FASTmrMLM","NsiI.TP175771","11","11084","1.7333e-05","0.0038","G"
"4","Trait5","FASTmrMLM","NsiI.TP175785","11","11085","2.6099e-05","0.0057","G"
"4","Trait5","FASTmrMLM","NsiI.TP175972","11","11087","-1.5133e-05","0.0033","G"
"4","Trait5","FASTmrMLM","NsiI.TP176087","11","11088","2.5128e-05","0.0054","A"
"4","Trait5","FASTmrMLM","NsiI.TP176304","11","11090","0.1264","0.7327","C"
"4","Trait5","FASTmrMLM","NsiI.TP176373","11","11091","-0.0141","0.1827","A"
"4","Trait5","FASTmrMLM","NsiI.TP176376","11","11092","1.533e-05","0.0033","C"
"4","Trait5","FASTmrMLM","NsiI.TP176487","11","11094","-3.7916e-06","8e-04","A"
"4","Trait5","FASTmrMLM","NsiI.TP176525","11","11095","3.8044e-06","8e-04","C"
"4","Trait5","FASTmrMLM","NsiI.TP176828","11","11097","1.7303e-05","0.0038","A"
"4","Trait5","FASTmrMLM","NsiI.TP176849","11","11098","-1.3677e-05","0.003","G"
"4","Trait5","FASTmrMLM","NsiI.TP176915","11","11099","-0.0544","0.5522","G"
"4","Trait5","FASTmrMLM","NsiI.TP176938","11","11100","-1.3648e-05","0.003","G"
"4","Trait5","FASTmrMLM","NsiI.TP176959","11","11101","1.6417e-06","4e-04","C"
"4","Trait5","FASTmrMLM","NsiI.TP177325","11","11102","5.0755e-06","0.0011","A"
"4","Trait5","FASTmrMLM","NsiI.TP177363","11","11104","-1.8482e-05","0.004","C"
"4","Trait5","FASTmrMLM","NsiI.TP177393","11","11105","-2.997e-05","0.0066","A"
"4","Trait5","FASTmrMLM","NsiI.TP177454","11","11106","0.0306","0.2811","A"
"4","Trait5","FASTmrMLM","NsiI.TP177541","11","11107","-0.0454","0.3165","C"
"4","Trait5","FASTmrMLM","NsiI.TP177597","11","11109","-1.2245e-05","0.0027","C"
"4","Trait5","FASTmrMLM","NsiI.TP177699","11","11111","6.3326e-07","1e-04","C"
"4","Trait5","FASTmrMLM","NsiI.TP177732","11","11112","-2.6966e-05","0.0059","A"
"4","Trait5","FASTmrMLM","NsiI.TP177773","11","11113","-0.0655","0.3073","A"
"4","Trait5","FASTmrMLM","NsiI.TP178504","11","11115","2.8834e-05","0.0063","A"
"4","Trait5","FASTmrMLM","NsiI.TP178509","11","11116","0.1099","0.8011","C"
"4","Trait5","FASTmrMLM","NsiI.TP178533","11","11117","-3.1246e-05","0.0069","A"
"4","Trait5","FASTmrMLM","NsiI.TP179002","11","11118","0.1081","0.722","A"
"4","Trait5","FASTmrMLM","NsiI.TP179201","11","11122","-2.8175e-05","0.0062","C"
"4","Trait5","FASTmrMLM","NsiI.TP179292","11","11125","-1.6909e-07","3.68e-05","C"
"4","Trait5","FASTmrMLM","NsiI.TP179298","11","11126","2.0796e-06","5e-04","C"
"4","Trait5","FASTmrMLM","NsiI.TP179331","11","11127","1.7659e-05","0.0039","A"
"4","Trait5","FASTmrMLM","NsiI.TP179498","11","11129","-3.2409e-05","0.0071","A"
"4","Trait5","FASTmrMLM","NsiI.TP179961","11","11131","-0.1385","0.8113","A"
"4","Trait5","FASTmrMLM","NsiI.TP180006","11","11132","-0.038","0.4283","G"
"4","Trait5","FASTmrMLM","NsiI.TP180026","11","11133","-0.0254","0.3115","A"
"4","Trait5","FASTmrMLM","NsiI.TP180046","11","11134","-9.7279e-06","0.0021","A"
"4","Trait5","FASTmrMLM","NsiI.TP180294","11","11137","4.0775e-07","8.8747e-05","A"
"4","Trait5","FASTmrMLM","NsiI.TP180314","11","11138","3.7765e-05","0.0083","A"
"4","Trait5","FASTmrMLM","NsiI.TP180453","11","11139","-9.8862e-06","0.0022","A"
"4","Trait5","FASTmrMLM","NsiI.TP180510","11","11140","4.083e-06","9e-04","C"
"4","Trait5","FASTmrMLM","NsiI.TP180601","11","11141","-2.4479e-05","0.0054","A"
"4","Trait5","FASTmrMLM","NsiI.TP180735","11","11144","1.0427e-05","0.0023","A"
"4","Trait5","FASTmrMLM","NsiI.TP180742","11","11145","0.128","1.3778","A"
"4","Trait5","FASTmrMLM","NsiI.TP180786","11","11146","-0.2061","0.8179","C"
"4","Trait5","FASTmrMLM","NsiI.TP180874","11","11147","0.1475","1.1529","C"
"4","Trait5","FASTmrMLM","NsiI.TP180969","11","11148","-9.0535e-06","0.002","C"
"4","Trait5","FASTmrMLM","NsiI.TP181055","11","11150","-0.0103","0.1742","C"
"4","Trait5","FASTmrMLM","NsiI.TP181207","11","11151","6.9798e-06","0.0015","A"
"4","Trait5","FASTmrMLM","NsiI.TP181366","11","11152","2.1048e-05","0.0046","A"
"4","Trait5","FASTmrMLM","NsiI.TP181556","11","11153","-9.1755e-06","0.002","C"
"4","Trait5","FASTmrMLM","NsiI.TP181609","11","11154","4.8913e-06","0.0011","A"
"4","Trait5","FASTmrMLM","NsiI.TP181724","11","11155","0.0548","0.3914","A"
"4","Trait5","FASTmrMLM","NsiI.TP181814","11","11156","2.8568e-05","0.0063","C"
"4","Trait5","FASTmrMLM","NsiI.TP181997","11","11158","-6.6302e-06","0.0014","C"
"4","Trait5","FASTmrMLM","NsiI.TP182102","11","11159","0.1714","1.8977","G"
"4","Trait5","FASTmrMLM","NsiI.TP182158","11","11162","-0.0276","0.286","G"
"4","Trait5","FASTmrMLM","NsiI.TP182202","11","11163","4.231e-05","0.007","A"
"4","Trait5","FASTmrMLM","NsiI.TP182347","11","11164","4.8267e-06","0.0011","C"
"4","Trait5","FASTmrMLM","NsiI.TP182487","11","11165","-0.2016","0.7875","C"
"4","Trait5","FASTmrMLM","NsiI.TP182597","11","11166","1e-04","0.0118","C"
"4","Trait5","FASTmrMLM","NsiI.TP182600","11","11167","-1.7745e-05","0.0039","A"
"4","Trait5","FASTmrMLM","NsiI.TP182753","11","11168","-0.0691","0.5852","A"
"4","Trait5","FASTmrMLM","NsiI.TP183206","11","11169","0.0074","0.1322","A"
"4","Trait5","FASTmrMLM","NsiI.TP183257","11","11170","1.6687e-05","0.0036","A"
"4","Trait5","FASTmrMLM","NsiI.TP183393","11","11171","-0.0319","0.3693","A"
"4","Trait5","FASTmrMLM","NsiI.TP183516","11","11172","0.0334","0.4575","C"
"4","Trait5","FASTmrMLM","NsiI.TP183595","11","11174","1.4763e-05","0.0032","A"
"4","Trait5","FASTmrMLM","NsiI.TP183620","11","11175","-1.3699e-05","0.003","A"
"4","Trait5","FASTmrMLM","NsiI.TP183850","11","11176","3.6872e-06","8e-04","G"
"4","Trait5","FASTmrMLM","NsiI.TP183882","11","11178","0.262","1.5959","G"
"4","Trait5","FASTmrMLM","NsiI.TP183934","11","11179","1.9888e-06","4e-04","A"
"4","Trait5","FASTmrMLM","NsiI.TP183957","11","11180","0.0976","0.675","C"
"4","Trait5","FASTmrMLM","NsiI.TP184311","11","11182","-0.0934","0.6333","C"
"4","Trait5","FASTmrMLM","NsiI.TP184556","11","11184","-7.2815e-06","0.0016","A"
"4","Trait5","FASTmrMLM","NsiI.TP184947","11","11185","0.078","0.285","C"
"4","Trait5","FASTmrMLM","NsiI.TP184954","11","11186","0.1596","1.0432","A"
"4","Trait5","FASTmrMLM","NsiI.TP184977","11","11187","8.8536e-06","0.0019","C"
"4","Trait5","FASTmrMLM","NsiI.TP185707","11","11191","0.137","1.0636","A"
"4","Trait5","FASTmrMLM","NsiI.TP185783","11","11193","1.1772e-05","0.0026","C"
"4","Trait5","FASTmrMLM","NsiI.TP185806","11","11194","0.0214","0.291","C"
"4","Trait5","FASTmrMLM","NsiI.TP185826","11","11195","-3.3885e-06","7e-04","A"
"4","Trait5","FASTmrMLM","NsiI.TP185829","11","11196","-0.018","0.2738","C"
"4","Trait5","FASTmrMLM","NsiI.TP185833","11","11197","-1.9087e-06","4e-04","C"
"4","Trait5","FASTmrMLM","NsiI.TP185906","11","11198","-1.638e-06","4e-04","A"
"4","Trait5","FASTmrMLM","NsiI.TP185936","11","11199","1.3877e-05","0.003","C"
"4","Trait5","FASTmrMLM","NsiI.TP186380","11","11202","-5.07e-06","0.0011","C"
"4","Trait5","FASTmrMLM","NsiI.TP186616","11","11203","-3.9367e-05","0.0087","A"
"4","Trait5","FASTmrMLM","NsiI.TP186662","11","11205","0.1327","1.0686","G"
"4","Trait5","FASTmrMLM","NsiI.TP186871","11","11206","-0.0586","0.2558","A"
"4","Trait5","FASTmrMLM","NsiI.TP186957","11","11208","0.0528","0.3658","G"
"4","Trait5","FASTmrMLM","NsiI.TP187023","11","11209","0.0484","0.4206","A"
"4","Trait5","FASTmrMLM","NsiI.TP187190","11","11210","-1e-04","0.0085","A"
"4","Trait5","FASTmrMLM","NsiI.TP187245","11","11211","9.4638e-06","0.0021","C"
"4","Trait5","FASTmrMLM","NsiI.TP187304","11","11212","3.1802e-06","7e-04","A"
"4","Trait5","FASTmrMLM","NsiI.TP187320","11","11213","0.0576","0.369","A"
"4","Trait5","FASTmrMLM","NsiI.TP187342","11","11214","1.1584e-05","0.0025","A"
"4","Trait5","FASTmrMLM","NsiI.TP187345","11","11215","1.3376e-05","0.0029","C"
"4","Trait5","FASTmrMLM","NsiI.TP187492","11","11217","-3.576e-05","0.0079","C"
"4","Trait5","FASTmrMLM","NsiI.TP187579","11","11218","2.4007e-05","0.0053","A"
"4","Trait5","FASTmrMLM","NsiI.TP187656","11","11219","2.8179e-06","6e-04","C"
"4","Trait5","FASTmrMLM","NsiI.TP187680","11","11220","2.0958e-05","0.0046","A"
"4","Trait5","FASTmrMLM","NsiI.TP187694","11","11221","2.4612e-05","0.0054","G"
"4","Trait5","FASTmrMLM","NsiI.TP187923","11","11223","0.0325","0.1849","C"
"4","Trait5","FASTmrMLM","NsiI.TP188151","11","11224","-1.2794e-05","0.0028","C"
"4","Trait5","FASTmrMLM","NsiI.TP188167","11","11226","-2.0979e-05","0.0046","A"
"4","Trait5","FASTmrMLM","NsiI.TP188225","11","11227","-2.2753e-05","0.005","A"
"4","Trait5","FASTmrMLM","NsiI.TP188269","11","11229","7.0163e-06","0.0015","A"
"4","Trait5","FASTmrMLM","NsiI.TP188281","11","11230","0.2492","1.574","A"
"4","Trait5","FASTmrMLM","NsiI.TP188289","11","11231","1.6735e-05","0.0037","C"
"4","Trait5","FASTmrMLM","NsiI.TP188408","11","11232","4.6332e-06","0.001","C"
"4","Trait5","FASTmrMLM","NsiI.TP188689","11","11234","-5.5351e-06","0.0012","C"
"4","Trait5","FASTmrMLM","NsiI.TP188727","11","11235","-6.8541e-06","0.0015","A"
"4","Trait5","FASTmrMLM","NsiI.TP189024","11","11237","1.4622e-06","3e-04","C"
"4","Trait5","FASTmrMLM","NsiI.TP189171","11","11239","-2.1591e-05","0.0047","C"
"4","Trait5","FASTmrMLM","NsiI.TP190244","11","11240","-3.3985e-05","0.0075","A"
"4","Trait5","FASTmrMLM","NsiI.TP190481","11","11241","0.1498","1.2053","C"
"4","Trait5","FASTmrMLM","NsiI.TP190484","11","11242","7.413e-06","0.0016","G"
"4","Trait5","FASTmrMLM","NsiI.TP190665","11","11243","-7.303e-06","0.0016","C"
"4","Trait5","FASTmrMLM","NsiI.TP190912","11","11244","-1.016e-05","0.0022","A"
"4","Trait5","FASTmrMLM","NsiI.TP191004","11","11245","7.3694e-06","0.0016","A"
"4","Trait5","FASTmrMLM","NsiI.TP191025","11","11246","-3e-04","0.0164","G"
"4","Trait5","FASTmrMLM","NsiI.TP191037","11","11248","-0.0436","0.2425","A"
"4","Trait5","FASTmrMLM","NsiI.TP191075","11","11249","0.0178","0.2136","C"
"4","Trait5","FASTmrMLM","NsiI.TP191077","11","11250","-0.0383","0.3247","A"
"4","Trait5","FASTmrMLM","NsiI.TP191784","11","11251","4.318e-05","0.0095","C"
"4","Trait5","FASTmrMLM","NsiI.TP191968","11","11253","0.0506","0.3392","C"
"4","Trait5","FASTmrMLM","NsiI.TP191988","11","11254","1.1003e-05","0.0024","C"
"4","Trait5","FASTmrMLM","NsiI.TP192160","11","11255","-8.3106e-06","0.0018","C"
"4","Trait5","FASTmrMLM","NsiI.TP192642","11","11257","-0.0213","0.1835","C"
"4","Trait5","FASTmrMLM","NsiI.TP192802","11","11259","-1.4952e-05","0.0033","A"
"4","Trait5","FASTmrMLM","NsiI.TP192955","11","11260","-0.0146","0.1762","C"
"4","Trait5","FASTmrMLM","NsiI.TP193238","11","11261","-4.3266e-06","9e-04","C"
"4","Trait5","FASTmrMLM","NsiI.TP193457","11","11264","2.1116e-05","0.0046","A"
"4","Trait5","FASTmrMLM","NsiI.TP193552","11","11265","-2.9554e-05","0.0065","G"
"4","Trait5","FASTmrMLM","NsiI.TP193597","11","11267","-0.351","1.7765","A"
"4","Trait5","FASTmrMLM","NsiI.TP193598","11","11268","1.5748e-05","0.0034","C"
"4","Trait5","FASTmrMLM","NsiI.TP193735","11","11270","1.9707e-05","0.0043","C"
"4","Trait5","FASTmrMLM","NsiI.TP193938","11","11271","9.5467e-06","0.0021","A"
"4","Trait5","FASTmrMLM","NsiI.TP194072","11","11273","0.2043","1.1277","C"
"4","Trait5","FASTmrMLM","NsiI.TP194147","11","11274","-0.0616","0.4578","A"
"4","Trait5","FASTmrMLM","NsiI.TP194379","11","11275","-3.9076e-05","0.0086","A"
"4","Trait5","FASTmrMLM","NsiI.TP194380","11","11276","-4.1767e-05","0.0092","A"
"4","Trait5","FASTmrMLM","NsiI.TP194404","11","11277","3e-04","0.0168","A"
"4","Trait5","FASTmrMLM","NsiI.TP194429","11","11278","-4.3996e-05","0.0072","C"
"4","Trait5","FASTmrMLM","NsiI.TP194466","11","11279","-1.3474e-05","0.0029","C"
"4","Trait5","FASTmrMLM","NsiI.TP194485","11","11280","1.9866e-05","0.0043","A"
"4","Trait5","FASTmrMLM","NsiI.TP194607","11","11281","1.1774e-05","0.0026","C"
"4","Trait5","FASTmrMLM","NsiI.TP194707","11","11282","0.0117","0.1702","A"
"4","Trait5","FASTmrMLM","NsiI.TP194858","11","11283","1.3995e-05","0.0031","C"
"4","Trait5","FASTmrMLM","NsiI.TP194861","11","11284","1.1809e-05","0.0026","A"
"4","Trait5","FASTmrMLM","NsiI.TP194980","11","11286","-0.1138","0.6084","C"
"4","Trait5","FASTmrMLM","NsiI.TP194999","11","11287","-2.6433e-05","0.0058","C"
"4","Trait5","FASTmrMLM","NsiI.TP195002","11","11288","9.7263e-06","0.0021","C"
"4","Trait5","FASTmrMLM","NsiI.TP195028","11","11289","0.1544","0.6428","A"
"4","Trait5","FASTmrMLM","NsiI.TP195046","11","11290","-2.5567e-06","6e-04","C"
"4","Trait5","FASTmrMLM","NsiI.TP195098","11","11291","7.7739e-07","2e-04","C"
"4","Trait5","FASTmrMLM","NsiI.TP195179","11","11292","-1.3393e-06","3e-04","A"
"4","Trait5","FASTmrMLM","NsiI.TP195225","11","11293","-1.1327e-05","0.0025","G"
"4","Trait5","FASTmrMLM","NsiI.TP195528","11","11294","-2.3792e-05","0.0052","A"
"4","Trait5","FASTmrMLM","NsiI.TP195554","11","11295","-1.0852e-05","0.0024","G"
"4","Trait5","FASTmrMLM","NsiI.TP195712","11","11296","0.0362","0.4836","C"
"4","Trait5","FASTmrMLM","NsiI.TP195737","11","11297","-0.0609","0.7127","C"
"4","Trait5","FASTmrMLM","NsiI.TP196061","11","11298","-5.6483e-06","0.0012","C"
"4","Trait5","FASTmrMLM","NsiI.TP196066","11","11300","0.0726","0.6742","A"
"4","Trait5","FASTmrMLM","NsiI.TP196097","11","11301","1e-04","0.011","C"
"4","Trait5","FASTmrMLM","NsiI.TP196111","11","11302","-0.2354","1.6412","A"
"4","Trait5","FASTmrMLM","NsiI.TP196221","11","11304","1.8255e-05","0.004","A"
"4","Trait5","FASTmrMLM","NsiI.TP196281","11","11305","1.0756e-05","0.0023","A"
"4","Trait5","FASTmrMLM","NsiI.TP196381","11","11308","-4.0271e-05","0.0066","C"
"4","Trait5","FASTmrMLM","NsiI.TP196449","11","11310","-0.3045","1.7725","C"
"4","Trait5","FASTmrMLM","NsiI.TP196463","11","11311","3.9532e-06","9e-04","C"
"4","Trait5","FASTmrMLM","NsiI.TP196493","11","11312","0.0691","0.6168","A"
"4","Trait5","FASTmrMLM","NsiI.TP196539","11","11313","-0.0211","0.1405","C"
"4","Trait5","FASTmrMLM","NsiI.TP196565","11","11315","0.0715","0.4836","C"
"4","Trait5","FASTmrMLM","NsiI.TP196572","11","11316","2.2713e-05","0.005","A"
"4","Trait5","FASTmrMLM","NsiI.TP196598","11","11317","-5.0758e-06","0.0011","A"
"4","Trait5","FASTmrMLM","NsiI.TP196641","11","11318","1.1337e-05","0.0025","C"
"4","Trait5","FASTmrMLM","NsiI.TP197044","11","11319","0.0207","0.2151","A"
"4","Trait5","FASTmrMLM","NsiI.TP197226","11","11322","5.8553e-07","1e-04","C"
"4","Trait5","FASTmrMLM","NsiI.TP197359","11","11325","0.0349","0.4041","C"
"4","Trait5","FASTmrMLM","NsiI.TP197433","11","11326","-0.0353","0.3553","A"
"4","Trait5","FASTmrMLM","NsiI.TP197522","11","11327","0.0426","0.2437","C"
"4","Trait5","FASTmrMLM","NsiI.TP197854","11","11328","1.5298e-05","0.0033","C"
"4","Trait5","FASTmrMLM","NsiI.TP197954","11","11329","-2.2752e-05","0.005","C"
"4","Trait5","FASTmrMLM","NsiI.TP197957","11","11330","-1.9698e-05","0.0043","A"
"4","Trait5","FASTmrMLM","NsiI.TP198009","11","11331","-3e-04","0.0142","A"
"4","Trait5","FASTmrMLM","NsiI.TP198159","11","11332","0.0629","0.7638","A"
"4","Trait5","FASTmrMLM","NsiI.TP198336","11","11333","0.0556","0.5904","A"
"4","Trait5","FASTmrMLM","NsiI.TP198402","11","11335","-2.5512e-05","0.0056","C"
"4","Trait5","FASTmrMLM","NsiI.TP198424","11","11336","-2.4142e-05","0.0053","A"
"4","Trait5","FASTmrMLM","NsiI.TP198829","11","11338","-0.0231","0.1818","C"
"4","Trait5","FASTmrMLM","NsiI.TP199138","11","11340","-9.1476e-06","0.002","A"
"4","Trait5","FASTmrMLM","NsiI.TP199566","11","11343","1.7589e-05","0.0038","A"
"4","Trait5","FASTmrMLM","NsiI.TP199710","11","11347","2.1932e-05","0.0048","C"
"4","Trait5","FASTmrMLM","NsiI.TP199794","11","11348","2.1337e-06","5e-04","C"
"4","Trait5","FASTmrMLM","NsiI.TP199859","11","11349","-0.2146","1.6775","G"
"4","Trait5","FASTmrMLM","NsiI.TP199937","11","11350","-1.6123e-05","0.0035","A"
"4","Trait5","FASTmrMLM","NsiI.TP199941","11","11351","-0.0957","0.5527","C"
"4","Trait5","FASTmrMLM","NsiI.TP200232","11","11353","2.7187e-05","0.006","A"
"4","Trait5","FASTmrMLM","NsiI.TP200298","11","11355","-1.6844e-05","0.0037","A"
"4","Trait5","FASTmrMLM","NsiI.TP200326","11","11356","-1.7123e-05","0.0037","A"
"4","Trait5","FASTmrMLM","NsiI.TP200589","11","11359","7.7845e-06","0.0017","A"
"4","Trait5","FASTmrMLM","NsiI.TP200616","11","11360","-0.0775","0.5061","A"
"4","Trait5","FASTmrMLM","NsiI.TP200692","11","11361","-1.1614e-05","0.0025","C"
"4","Trait5","FASTmrMLM","NsiI.TP200769","11","11362","8.4728e-06","0.0018","A"
"4","Trait5","FASTmrMLM","NsiI.TP201240","11","11364","0.062","0.684","C"
"4","Trait5","FASTmrMLM","NsiI.TP201301","11","11365","-3.0166e-05","0.0066","C"
"4","Trait5","FASTmrMLM","NsiI.TP201357","11","11366","0.0245","0.2277","C"
"4","Trait5","FASTmrMLM","NsiI.TP201413","11","11367","6.9529e-06","0.0015","A"
"4","Trait5","FASTmrMLM","NsiI.TP201427","11","11368","1.4932e-05","0.0033","A"
"4","Trait5","FASTmrMLM","NsiI.TP201446","11","11369","0.0033","0.1004","A"
"4","Trait5","FASTmrMLM","NsiI.TP201877","11","11372","-0.4461","1.5843","A"
"4","Trait5","FASTmrMLM","NsiI.TP201915","11","11373","-1.8409e-05","0.004","A"
"4","Trait5","FASTmrMLM","NsiI.TP201958","11","11374","2.7788e-06","6e-04","C"
"4","Trait5","FASTmrMLM","NsiI.TP202121","11","11376","1.0153e-05","0.0022","G"
"4","Trait5","FASTmrMLM","NsiI.TP202261","11","11378","4.6313e-06","0.001","A"
"4","Trait5","FASTmrMLM","NsiI.TP202846","11","11383","-0.072","0.6304","A"
"4","Trait5","FASTmrMLM","NsiI.TP203050","11","11384","4.0172e-06","9e-04","C"
"4","Trait5","FASTmrMLM","NsiI.TP203429","11","11387","3e-04","0.0155","A"
"4","Trait5","FASTmrMLM","NsiI.TP203561","11","11388","5.2407e-08","1.1405e-05","A"
"4","Trait5","FASTmrMLM","NsiI.TP203757","11","11390","-3.4236e-06","7e-04","C"
"4","Trait5","FASTmrMLM","NsiI.TP203764","11","11391","-2.9933e-05","0.0066","A"
"4","Trait5","FASTmrMLM","NsiI.TP203883","11","11392","-1.4995e-05","0.0033","C"
"4","Trait5","FASTmrMLM","NsiI.TP204049","11","11394","-4.1451e-07","9.0245e-05","C"
"4","Trait5","FASTmrMLM","NsiI.TP204109","11","11395","-1.3248e-05","0.0029","C"
"4","Trait5","FASTmrMLM","NsiI.TP204149","11","11396","3.9495e-06","9e-04","A"
"4","Trait5","FASTmrMLM","NsiI.TP204197","11","11397","0.1396","1.298","C"
"4","Trait5","FASTmrMLM","NsiI.TP204383","11","11398","-1.9627e-05","0.0043","A"
"4","Trait5","FASTmrMLM","NsiI.TP204464","11","11400","3.2588e-06","7e-04","C"
"4","Trait5","FASTmrMLM","NsiI.TP204521","11","11401","7.4577e-06","0.0016","A"
"4","Trait5","FASTmrMLM","NsiI.TP204530","11","11402","-2.7595e-05","0.006","C"
"4","Trait5","FASTmrMLM","NsiI.TP204885","11","11404","-0.0846","0.5185","G"
"4","Trait5","FASTmrMLM","NsiI.TP204887","11","11405","-1.2576e-05","0.0027","C"
"4","Trait5","FASTmrMLM","NsiI.TP205034","11","11407","-1.131e-06","2e-04","C"
"4","Trait5","FASTmrMLM","NsiI.TP205056","11","11408","-3.1343e-05","0.0069","C"
"4","Trait5","FASTmrMLM","NsiI.TP205216","11","11410","2.2496e-06","5e-04","C"
"4","Trait5","FASTmrMLM","NsiI.TP205248","11","11411","-3.503e-05","0.0077","A"
"4","Trait5","FASTmrMLM","NsiI.TP205323","11","11412","1.5628e-05","0.0034","A"
"4","Trait5","FASTmrMLM","NsiI.TP205334","11","11413","8.1483e-06","0.0018","A"
"4","Trait5","FASTmrMLM","NsiI.TP205417","11","11415","0.2014","0.979","A"
"4","Trait5","FASTmrMLM","NsiI.TP205450","11","11416","1.0022e-06","2e-04","C"
"4","Trait5","FASTmrMLM","NsiI.TP205503","11","11417","-0.3546","1.872","A"
"4","Trait5","FASTmrMLM","NsiI.TP205558","11","11419","0.2028","1.0573","C"
"4","Trait5","FASTmrMLM","NsiI.TP205559","11","11420","2.6075e-06","6e-04","A"
"4","Trait5","FASTmrMLM","NsiI.TP205589","11","11422","-0.0523","0.4651","A"
"4","Trait5","FASTmrMLM","NsiI.TP206070","11","11428","0.0854","0.7093","C"
"4","Trait5","FASTmrMLM","NsiI.TP206260","11","11430","-0.0332","0.3818","G"
"4","Trait5","FASTmrMLM","NsiI.TP206307","11","11432","1.02e-05","0.0022","G"
"4","Trait5","FASTmrMLM","NsiI.TP206461","11","11433","2.444e-05","0.0054","G"
"4","Trait5","FASTmrMLM","NsiI.TP206470","11","11434","1.0502e-05","0.0023","A"
"4","Trait5","FASTmrMLM","NsiI.TP206978","11","11436","1.3012e-05","0.0028","A"
"4","Trait5","FASTmrMLM","NsiI.TP206982","11","11437","-1.5481e-05","0.0034","C"
"4","Trait5","FASTmrMLM","NsiI.TP207113","11","11439","2.9656e-05","0.0065","A"
"4","Trait5","FASTmrMLM","NsiI.TP207128","11","11440","-1.2689e-05","0.0028","A"
"4","Trait5","FASTmrMLM","NsiI.TP207132","11","11441","-6.4926e-06","0.0014","G"
"4","Trait5","FASTmrMLM","NsiI.TP207235","11","11442","1.9442e-05","0.0043","C"
"4","Trait5","FASTmrMLM","NsiI.TP207247","11","11443","-0.0608","0.3997","A"
"4","Trait5","FASTmrMLM","NsiI.TP207343","11","11444","0.0014","0.0351","A"
"4","Trait5","FASTmrMLM","NsiI.TP207497","11","11445","1.3566e-05","0.003","A"
"4","Trait5","FASTmrMLM","NsiI.TP207743","11","11447","-0.0665","0.6289","A"
"4","Trait5","FASTmrMLM","NsiI.TP207993","11","11449","-9.6624e-06","0.0021","C"
"4","Trait5","FASTmrMLM","NsiI.TP208306","11","11451","2.5494e-05","0.0056","A"
"4","Trait5","FASTmrMLM","NsiI.TP208388","11","11452","-4.8842e-07","1e-04","A"
"4","Trait5","FASTmrMLM","NsiI.TP208407","11","11453","2.6666e-05","0.0058","A"
"4","Trait5","FASTmrMLM","NsiI.TP208538","11","11454","-1.8605e-05","0.0041","G"
"4","Trait5","FASTmrMLM","NsiI.TP208587","11","11456","-0.0688","0.6475","G"
"4","Trait5","FASTmrMLM","NsiI.TP208628","11","11458","0.0196","0.2232","C"
"4","Trait5","FASTmrMLM","NsiI.TP208749","11","11461","-2.8579e-06","6e-04","G"
"4","Trait5","FASTmrMLM","NsiI.TP208754","11","11462","1.1771e-05","0.0026","G"
"4","Trait5","FASTmrMLM","NsiI.TP209160","11","11463","-0.0389","0.2358","C"
"4","Trait5","FASTmrMLM","NsiI.TP209190","11","11464","-6.4146e-06","0.0014","A"
"4","Trait5","FASTmrMLM","NsiI.TP209349","11","11465","2.7541e-05","0.006","A"
"4","Trait5","FASTmrMLM","NsiI.TP210049","11","11467","-2.9544e-06","6e-04","C"
"4","Trait5","FASTmrMLM","NsiI.TP210226","11","11468","1.5095e-05","0.0033","A"
"4","Trait5","FASTmrMLM","NsiI.TP210231","11","11469","-1.7861e-05","0.0039","A"
"4","Trait5","FASTmrMLM","NsiI.TP210502","11","11473","-1.6182e-05","0.0035","C"
"4","Trait5","FASTmrMLM","NsiI.TP210897","11","11476","-0.1293","0.7845","C"
"4","Trait5","FASTmrMLM","NsiI.TP210946","11","11477","1.2563e-06","3e-04","G"
"4","Trait5","FASTmrMLM","NsiI.TP211042","11","11478","-1.0831e-05","0.0024","A"
"4","Trait5","FASTmrMLM","NsiI.TP211143","11","11479","-6.7055e-06","0.0015","C"
"4","Trait5","FASTmrMLM","NsiI.TP211741","11","11481","0.2969","1.5351","C"
"4","Trait5","FASTmrMLM","NsiI.TP211776","11","11482","0.2049","1.1833","A"
"4","Trait5","FASTmrMLM","NsiI.TP211795","11","11483","-1.1708e-05","0.0026","C"
"4","Trait5","FASTmrMLM","NsiI.TP211804","11","11484","-1.7374e-05","0.0038","A"
"4","Trait5","FASTmrMLM","NsiI.TP211874","11","11486","-2e-04","0.011","C"
"4","Trait5","FASTmrMLM","NsiI.TP212064","11","11487","-9.8254e-06","0.0021","C"
"4","Trait5","FASTmrMLM","NsiI.TP212292","11","11488","5.0401e-06","0.0011","C"
"4","Trait5","FASTmrMLM","NsiI.TP212538","11","11489","1.2528e-05","0.0027","A"
"4","Trait5","FASTmrMLM","NsiI.TP212846","11","11490","-0.0271","0.2144","G"
"4","Trait5","FASTmrMLM","NsiI.TP212890","11","11491","-0.1082","0.4788","C"
"4","Trait5","FASTmrMLM","NsiI.TP213046","11","11492","6.3512e-06","0.0014","C"
"4","Trait5","FASTmrMLM","NsiI.TP213104","11","11493","2.6617e-05","0.0058","A"
"4","Trait5","FASTmrMLM","NsiI.TP213155","11","11495","-1.8169e-06","4e-04","A"
"4","Trait5","FASTmrMLM","NsiI.TP213231","11","11496","-0.0713","0.5531","G"
"4","Trait5","FASTmrMLM","NsiI.TP213251","11","11497","-8.4507e-06","0.0018","A"
"4","Trait5","FASTmrMLM","NsiI.TP213253","11","11498","-3.4343e-05","0.0049","C"
"4","Trait5","FASTmrMLM","NsiI.TP213579","11","11501","1.2782e-05","0.0028","A"
"4","Trait5","FASTmrMLM","NsiI.TP213816","11","11502","0.0709","0.4676","A"
"4","Trait5","FASTmrMLM","NsiI.TP213881","11","11503","8.2179e-06","0.0018","A"
"4","Trait5","FASTmrMLM","NsiI.TP214122","11","11505","-0.1084","1.3469","A"
"4","Trait5","FASTmrMLM","NsiI.TP214173","11","11507","3.4494e-05","0.0076","G"
"4","Trait5","FASTmrMLM","NsiI.TP214498","11","11510","4.3563e-06","9e-04","A"
"4","Trait5","FASTmrMLM","NsiI.TP214511","11","11511","-1.1025e-06","2e-04","C"
"4","Trait5","FASTmrMLM","NsiI.TP214514","11","11512","-1.3437e-05","0.0029","A"
"4","Trait5","FASTmrMLM","NsiI.TP214589","11","11514","2.5603e-06","6e-04","A"
"4","Trait5","FASTmrMLM","NsiI.TP214661","11","11515","-1.9668e-05","0.0043","A"
"4","Trait5","FASTmrMLM","NsiI.TP214927","11","11518","4.6746e-06","0.001","A"
"4","Trait5","FASTmrMLM","NsiI.TP215181","11","11521","0.0714","0.5291","C"
"4","Trait5","FASTmrMLM","NsiI.TP215196","11","11522","-0.0521","0.3616","G"
"4","Trait5","FASTmrMLM","NsiI.TP215321","11","11525","-0.0742","0.6072","A"
"4","Trait5","FASTmrMLM","NsiI.TP215334","11","11526","-1.382e-05","0.003","A"
"4","Trait5","FASTmrMLM","NsiI.TP215517","11","11527","0.05","0.3599","C"
"4","Trait5","FASTmrMLM","NsiI.TP215626","11","11531","0.1965","0.7654","C"
"4","Trait5","FASTmrMLM","NsiI.TP215659","11","11532","0.0256","0.3329","C"
"4","Trait5","FASTmrMLM","NsiI.TP215660","11","11533","-0.0199","0.2298","C"
"4","Trait5","FASTmrMLM","NsiI.TP215810","11","11534","3.0402e-05","0.0067","A"
"4","Trait5","FASTmrMLM","NsiI.TP215812","11","11535","0.0966","0.335","A"
"4","Trait5","FASTmrMLM","NsiI.TP215820","11","11536","-0.0699","0.7937","A"
"4","Trait5","FASTmrMLM","NsiI.TP215844","11","11537","-0.0335","0.294","A"
"4","Trait5","FASTmrMLM","NsiI.TP215916","11","11538","1.3733e-05","0.003","A"
"4","Trait5","FASTmrMLM","NsiI.TP216228","11","11541","-3.9732e-06","9e-04","A"
"4","Trait5","FASTmrMLM","NsiI.TP216289","11","11542","-8.9754e-06","0.002","A"
"4","Trait5","FASTmrMLM","NsiI.TP216323","11","11543","-0.0727","0.8074","A"
"4","Trait5","FASTmrMLM","NsiI.TP216351","11","11545","-1.095e-05","0.0024","A"
"4","Trait5","FASTmrMLM","NsiI.TP216369","11","11546","-9.6063e-06","0.0021","A"
"4","Trait5","FASTmrMLM","NsiI.TP216490","11","11547","4.6963e-06","0.001","G"
"4","Trait5","FASTmrMLM","NsiI.TP216631","11","11549","0.1357","1.5117","A"
"4","Trait5","FASTmrMLM","NsiI.TP216721","11","11550","0.0219","0.2043","A"
"4","Trait5","FASTmrMLM","NsiI.TP217157","11","11553","9.9257e-06","0.0022","A"
"4","Trait5","FASTmrMLM","NsiI.TP217337","11","11555","-1.8054e-05","0.0039","A"
"4","Trait5","FASTmrMLM","NsiI.TP217491","11","11556","0.0823","0.3782","C"
"4","Trait5","FASTmrMLM","NsiI.TP217508","11","11558","-1.4056e-05","0.0031","C"
"4","Trait5","FASTmrMLM","NsiI.TP217543","11","11559","-0.0477","0.5951","A"
"4","Trait5","FASTmrMLM","NsiI.TP217721","11","11560","2e-04","0.0104","C"
"4","Trait5","FASTmrMLM","NsiI.TP217784","11","11561","-0.0041","0.1135","C"
"4","Trait5","FASTmrMLM","NsiI.TP217929","11","11563","-3.4855e-06","8e-04","A"
"4","Trait5","FASTmrMLM","NsiI.TP217950","11","11564","0.0504","0.3176","A"
"4","Trait5","FASTmrMLM","NsiI.TP218034","11","11565","-0.0917","0.6865","C"
"4","Trait5","FASTmrMLM","NsiI.TP218161","11","11567","0.0799","0.5956","A"
"4","Trait5","FASTmrMLM","NsiI.TP218177","11","11568","3.8941e-05","0.0086","A"
"4","Trait5","FASTmrMLM","NsiI.TP218199","11","11569","-1.1059e-05","0.0024","C"
"4","Trait5","FASTmrMLM","NsiI.TP218251","11","11570","-3.1327e-06","7e-04","A"
"4","Trait5","FASTmrMLM","NsiI.TP218295","11","11571","-4.655e-06","0.001","A"
"4","Trait5","FASTmrMLM","NsiI.TP218318","11","11572","-0.0992","1.2509","G"
"4","Trait5","FASTmrMLM","NsiI.TP218420","11","11573","-0.0297","0.1777","A"
"4","Trait5","FASTmrMLM","NsiI.TP218555","11","11575","-3.1398e-05","0.0069","C"
"4","Trait5","FASTmrMLM","NsiI.TP218567","11","11576","9.3827e-06","0.002","A"
"4","Trait5","FASTmrMLM","NsiI.TP218625","11","11577","0.0666","0.3601","A"
"4","Trait5","FASTmrMLM","NsiI.TP218726","11","11578","-0.079","0.3936","C"
"4","Trait5","FASTmrMLM","NsiI.TP218806","11","11579","5.2239e-06","0.0011","A"
"4","Trait5","FASTmrMLM","NsiI.TP218948","11","11580","0.048","0.4255","A"
"4","Trait5","FASTmrMLM","NsiI.TP218988","11","11581","-2.0112e-05","0.0044","A"
"4","Trait5","FASTmrMLM","NsiI.TP219100","11","11583","-0.1216","0.6232","A"
"4","Trait5","FASTmrMLM","NsiI.TP219331","11","11585","-1.2707e-05","0.0028","C"
"4","Trait5","FASTmrMLM","NsiI.TP219470","11","11586","2.1043e-05","0.0046","C"
"4","Trait5","FASTmrMLM","NsiI.TP219524","11","11587","9.558e-06","0.0021","A"
"4","Trait5","FASTmrMLM","NsiI.TP219586","11","11588","1.1111e-06","2e-04","C"
"4","Trait5","FASTmrMLM","NsiI.TP219631","11","11589","1.2722e-05","0.0028","A"
"4","Trait5","FASTmrMLM","NsiI.TP219777","11","11592","3.916e-05","0.0086","A"
"4","Trait5","FASTmrMLM","NsiI.TP220100","11","11594","-1.4047e-05","0.0031","C"
"4","Trait5","FASTmrMLM","NsiI.TP220250","11","11595","2.8415e-05","0.0062","C"
"4","Trait5","FASTmrMLM","NsiI.TP220467","11","11596","7.0867e-06","0.0015","A"
"4","Trait5","FASTmrMLM","NsiI.TP221194","11","11601","0.0692","0.5777","A"
"4","Trait5","FASTmrMLM","NsiI.TP221693","11","11603","1.4055e-05","0.0031","A"
"4","Trait5","FASTmrMLM","NsiI.TP221716","11","11604","-3.4457e-05","0.0076","C"
"4","Trait5","FASTmrMLM","NsiI.TP221758","11","11606","5.0704e-06","0.0011","A"
"4","Trait5","FASTmrMLM","NsiI.TP221798","11","11607","6.2334e-07","1e-04","A"
"4","Trait5","FASTmrMLM","NsiI.TP221845","11","11608","0.2405","0.9127","A"
"4","Trait5","FASTmrMLM","NsiI.TP221889","11","11609","-0.2525","1.2045","C"
"4","Trait5","FASTmrMLM","NsiI.TP221891","11","11610","-9.6534e-06","0.0021","A"
"4","Trait5","FASTmrMLM","NsiI.TP221911","11","11611","-1.3237e-05","0.0029","A"
"4","Trait5","FASTmrMLM","NsiI.TP222089","11","11614","-0.05","0.2763","C"
"4","Trait5","FASTmrMLM","NsiI.TP222163","11","11615","0.0826","0.655","C"
"4","Trait5","FASTmrMLM","NsiI.TP222225","11","11616","-0.1189","1.046","A"
"4","Trait5","FASTmrMLM","NsiI.TP222284","11","11617","-2.9672e-05","0.0065","A"
"4","Trait5","FASTmrMLM","NsiI.TP222562","11","11621","-2.0161e-05","0.0044","A"
"4","Trait5","FASTmrMLM","NsiI.TP222628","11","11622","-4.8787e-06","0.0011","A"
"4","Trait5","FASTmrMLM","NsiI.TP222692","11","11623","-0.0195","0.1902","A"
"4","Trait5","FASTmrMLM","NsiI.TP222734","11","11624","0.0386","0.3461","C"
"4","Trait5","FASTmrMLM","NsiI.TP222867","11","11625","-0.0517","0.4839","A"
"4","Trait5","FASTmrMLM","NsiI.TP222886","11","11626","-4.8612e-05","0.0107","A"
"4","Trait5","FASTmrMLM","NsiI.TP222887","11","11627","-0.0214","0.1946","C"
"4","Trait5","FASTmrMLM","NsiI.TP222978","11","11628","-2.2487e-05","0.0049","C"
"4","Trait5","FASTmrMLM","NsiI.TP223155","11","11629","0.0041","0.0603","A"
"4","Trait5","FASTmrMLM","NsiI.TP223178","11","11630","-1.1423e-05","0.0025","A"
"4","Trait5","FASTmrMLM","NsiI.TP223344","11","11631","-1.3193e-05","0.0029","A"
"4","Trait5","FASTmrMLM","NsiI.TP223484","11","11633","0.0396","0.3461","C"
"4","Trait5","FASTmrMLM","NsiI.TP223569","11","11634","-0.0081","0.1356","C"
"4","Trait5","FASTmrMLM","NsiI.TP223570","11","11635","-2.4613e-05","0.0054","A"
"4","Trait5","FASTmrMLM","NsiI.TP223782","11","11636","1.4222e-05","0.0031","A"
"4","Trait5","FASTmrMLM","NsiI.TP224021","11","11637","5.0639e-06","0.0011","A"
"4","Trait5","FASTmrMLM","NsiI.TP224425","11","11641","-0.0169","0.2667","A"
"4","Trait5","FASTmrMLM","NsiI.TP224450","11","11642","-0.1512","0.7558","A"
"4","Trait5","FASTmrMLM","NsiI.TP224699","11","11643","6.2772e-06","0.0014","A"
"4","Trait5","FASTmrMLM","NsiI.TP224707","11","11644","-6.8869e-06","0.0015","C"
"4","Trait5","FASTmrMLM","NsiI.TP224824","11","11646","-2.3864e-06","5e-04","C"
"4","Trait5","FASTmrMLM","NsiI.TP224952","11","11647","1.0591e-05","0.0023","G"
"4","Trait5","FASTmrMLM","NsiI.TP225234","11","11650","-6.2736e-05","0.0077","G"
"4","Trait5","FASTmrMLM","NsiI.TP225272","11","11651","-0.1157","0.9784","C"
"4","Trait5","FASTmrMLM","NsiI.TP225332","11","11653","1.4613e-05","0.0032","A"
"4","Trait5","FASTmrMLM","NsiI.TP225388","11","11654","2.6254e-05","0.0058","C"
"4","Trait5","FASTmrMLM","NsiI.TP225494","11","11655","-0.0697","0.4227","C"
"4","Trait5","FASTmrMLM","NsiI.TP225535","11","11657","-0.2191","2.151","C"
"4","Trait5","FASTmrMLM","NsiI.TP225731","11","11659","-0.1191","0.4891","C"
"4","Trait5","FASTmrMLM","NsiI.TP225733","11","11660","-9.3107e-06","0.002","C"
"4","Trait5","FASTmrMLM","NsiI.TP225981","11","11662","0.0312","0.3081","A"
"4","Trait5","FASTmrMLM","NsiI.TP226043","11","11664","0.0456","0.2591","A"
"4","Trait5","FASTmrMLM","NsiI.TP226068","11","11665","-9.4039e-06","0.0021","C"
"4","Trait5","FASTmrMLM","NsiI.TP226102","11","11666","2.1291e-05","0.0047","C"
"4","Trait5","FASTmrMLM","NsiI.TP226241","11","11669","0.1278","0.6141","C"
"4","Trait5","FASTmrMLM","NsiI.TP226333","11","11671","-1.6583e-05","0.0036","C"
"4","Trait5","FASTmrMLM","NsiI.TP226352","11","11672","-1.2744e-05","0.0028","A"
"4","Trait5","FASTmrMLM","NsiI.TP226353","11","11673","-1.6563e-05","0.0036","C"
"4","Trait5","FASTmrMLM","NsiI.TP226401","11","11675","-0.1405","0.4875","C"
"4","Trait5","FASTmrMLM","NsiI.TP226453","11","11676","-3.0147e-05","0.0066","C"
"4","Trait5","FASTmrMLM","NsiI.TP226642","11","11677","0.2273","2.5271","A"
"4","Trait5","FASTmrMLM","NsiI.TP226677","11","11678","-0.2408","0.6744","C"
"4","Trait5","FASTmrMLM","NsiI.TP226776","11","11679","6.1055e-06","0.0013","A"
"4","Trait5","FASTmrMLM","NsiI.TP226889","11","11680","2.5543e-05","0.0056","A"
"4","Trait5","FASTmrMLM","NsiI.TP227306","11","11681","6.3371e-06","0.0014","G"
"4","Trait5","FASTmrMLM","NsiI.TP227489","11","11682","-1.4293e-05","0.0031","A"
"4","Trait5","FASTmrMLM","NsiI.TP227784","11","11683","-0.0779","0.7444","A"
"4","Trait5","FASTmrMLM","NsiI.TP227815","11","11684","-1.8195e-05","0.004","A"
"4","Trait5","FASTmrMLM","NsiI.TP227883","11","11686","-2.7933e-06","6e-04","C"
"4","Trait5","FASTmrMLM","NsiI.TP228047","11","11688","-9.3235e-07","2e-04","A"
"4","Trait5","FASTmrMLM","NsiI.TP228060","11","11689","-1.1151e-05","0.0024","C"
"4","Trait5","FASTmrMLM","NsiI.TP228105","11","11690","-0.0296","0.3325","G"
"4","Trait5","FASTmrMLM","NsiI.TP228174","11","11691","4.1984e-06","9e-04","A"
"4","Trait5","FASTmrMLM","NsiI.TP228364","11","11692","-0.0438","0.3915","A"
"4","Trait5","FASTmrMLM","NsiI.TP228555","11","11693","-1.86e-06","4e-04","C"
"4","Trait5","FASTmrMLM","NsiI.TP228619","11","11695","-2.7984e-06","6e-04","C"
"4","Trait5","FASTmrMLM","NsiI.TP228869","11","11696","0.02","0.2572","C"
"4","Trait5","FASTmrMLM","NsiI.TP228985","11","11697","-2.3012e-05","0.005","A"
"4","Trait5","FASTmrMLM","NsiI.TP229027","11","11698","1.9145e-05","0.0042","A"
"4","Trait5","FASTmrMLM","NsiI.TP229129","11","11700","1.4931e-05","0.0033","C"
"4","Trait5","FASTmrMLM","NsiI.TP229144","11","11701","4.4773e-05","0.0099","A"
"4","Trait5","FASTmrMLM","NsiI.TP229150","11","11702","2.6955e-05","0.0059","G"
"4","Trait5","FASTmrMLM","NsiI.TP229206","11","11703","2.0796e-05","0.0046","A"
"4","Trait5","FASTmrMLM","NsiI.TP229208","11","11704","8.8084e-06","0.0019","C"
"4","Trait5","FASTmrMLM","NsiI.TP229224","11","11705","0.0887","0.7196","A"
"4","Trait5","FASTmrMLM","NsiI.TP229776","11","11707","2.7173e-06","6e-04","A"
"4","Trait5","FASTmrMLM","NsiI.TP229970","11","11709","-0.0363","0.552","C"
"4","Trait5","FASTmrMLM","NsiI.TP230082","11","11710","2.6672e-05","0.0058","C"
"4","Trait5","FASTmrMLM","NsiI.TP230115","11","11711","0.1956","0.9982","A"
"4","Trait5","FASTmrMLM","NsiI.TP230244","11","11712","-8.8851e-06","0.0019","A"
"4","Trait5","FASTmrMLM","NsiI.TP230395","11","11713","1.388e-05","0.003","A"
"4","Trait5","FASTmrMLM","NsiI.TP230573","11","11714","1.2571e-06","3e-04","A"
"4","Trait5","FASTmrMLM","NsiI.TP230675","11","11715","-0.1113","0.4661","C"
"4","Trait5","FASTmrMLM","NsiI.TP231054","11","11716","3.8316e-05","0.0084","C"
"4","Trait5","FASTmrMLM","NsiI.TP231253","11","11717","-0.1589","1.0061","G"
"4","Trait5","FASTmrMLM","NsiI.TP231273","11","11718","-2.8652e-05","0.0063","C"
"4","Trait5","FASTmrMLM","NsiI.TP231319","11","11719","-1.3239e-06","3e-04","A"
"4","Trait5","FASTmrMLM","NsiI.TP231587","11","11724","-2.5199e-05","0.0055","C"
"4","Trait5","FASTmrMLM","NsiI.TP231684","11","11725","1.2565e-06","3e-04","G"
"4","Trait5","FASTmrMLM","NsiI.TP231961","11","11728","-0.0761","0.6545","G"
"4","Trait5","FASTmrMLM","NsiI.TP231999","11","11729","-9.4745e-06","0.0021","A"
"4","Trait5","FASTmrMLM","NsiI.TP232007","11","11730","-0.0183","0.2524","A"
"4","Trait5","FASTmrMLM","NsiI.TP232300","11","11734","-0.0199","0.2452","C"
"4","Trait5","FASTmrMLM","NsiI.TP232718","11","11737","0.0944","0.8539","C"
"4","Trait5","FASTmrMLM","NsiI.TP233158","11","11742","0.1094","0.6251","A"
"4","Trait5","FASTmrMLM","NsiI.TP233284","11","11744","0.1029","0.4861","A"
"4","Trait5","FASTmrMLM","NsiI.TP233339","11","11746","8.3789e-06","0.0018","C"
"4","Trait5","FASTmrMLM","NsiI.TP233485","11","11748","0.0173","0.211","C"
"4","Trait5","FASTmrMLM","NsiI.TP233491","11","11749","2.4812e-05","0.0054","A"
"4","Trait5","FASTmrMLM","NsiI.TP233801","11","11751","-5.3575e-06","0.0012","C"
"4","Trait5","FASTmrMLM","NsiI.TP233804","11","11752","-0.0171","0.1422","A"
"4","Trait5","FASTmrMLM","NsiI.TP233848","11","11753","-0.0388","0.2657","A"
"4","Trait5","FASTmrMLM","NsiI.TP233866","11","11754","0.294","1.7639","A"
"4","Trait5","FASTmrMLM","NsiI.TP234330","11","11756","2.1328e-05","0.0047","C"
"4","Trait5","FASTmrMLM","NsiI.TP234352","11","11757","-7e-04","0.0241","C"
"4","Trait5","FASTmrMLM","NsiI.TP234466","11","11758","-9.8722e-06","0.0022","A"
"4","Trait5","FASTmrMLM","NsiI.TP234563","11","11760","0.3097","2.0918","A"
"4","Trait5","FASTmrMLM","NsiI.TP234582","11","11761","-4.2243e-06","9e-04","A"
"4","Trait5","FASTmrMLM","NsiI.TP234611","11","11762","5.3907e-06","0.0012","G"
"4","Trait5","FASTmrMLM","NsiI.TP234663","11","11764","0.2794","1.6719","C"
"4","Trait5","FASTmrMLM","NsiI.TP234877","11","11766","1.3953e-06","3e-04","A"
"4","Trait5","FASTmrMLM","NsiI.TP234912","11","11767","-0.0127","0.0949","C"
"4","Trait5","FASTmrMLM","NsiI.TP235132","11","11768","-1.1663e-05","0.0025","C"
"4","Trait5","FASTmrMLM","NsiI.TP235225","11","11769","0.1956","1.0355","C"
"4","Trait5","FASTmrMLM","NsiI.TP235245","11","11770","2.0044e-05","0.0044","C"
"4","Trait5","FASTmrMLM","NsiI.TP235292","11","11771","1.6702e-05","0.0037","C"
"4","Trait5","FASTmrMLM","NsiI.TP235311","11","11772","-2.0754e-05","0.0035","A"
"4","Trait5","FASTmrMLM","NsiI.TP235319","11","11773","6.2182e-06","0.0014","A"
"4","Trait5","FASTmrMLM","NsiI.TP235502","11","11776","-5.0416e-06","0.0011","C"
"4","Trait5","FASTmrMLM","NsiI.TP235658","11","11777","-1.8917e-05","0.0041","G"
"4","Trait5","FASTmrMLM","NsiI.TP235815","11","11778","1.9977e-05","0.0044","A"
"4","Trait5","FASTmrMLM","NsiI.TP235853","11","11779","-3.9043e-06","9e-04","C"
"4","Trait5","FASTmrMLM","NsiI.TP235883","11","11780","6.3224e-06","0.0014","A"
"4","Trait5","FASTmrMLM","NsiI.TP235895","11","11781","-1.4856e-05","0.0032","A"
"4","Trait5","FASTmrMLM","NsiI.TP236118","11","11784","4.1977e-06","9e-04","C"
"4","Trait5","FASTmrMLM","NsiI.TP236171","11","11785","-0.2412","1.612","A"
"4","Trait5","FASTmrMLM","NsiI.TP236312","11","11787","4.4017e-05","0.0097","C"
"4","Trait5","FASTmrMLM","NsiI.TP236607","11","11790","-8.0109e-06","0.0017","A"
"4","Trait5","FASTmrMLM","NsiI.TP236725","11","11792","-5.1755e-06","0.0011","A"
"4","Trait5","FASTmrMLM","NsiI.TP237203","11","11795","5.4752e-06","0.0012","C"
"4","Trait5","FASTmrMLM","NsiI.TP237225","11","11796","1.0502e-05","0.0023","A"
"4","Trait5","FASTmrMLM","NsiI.TP237234","11","11797","4.0403e-05","0.0089","C"
"4","Trait5","FASTmrMLM","NsiI.TP237257","11","11798","-2.0813e-05","0.0046","A"
"4","Trait5","FASTmrMLM","NsiI.TP237295","11","11799","1.567e-05","0.0034","C"
"4","Trait5","FASTmrMLM","NsiI.TP237565","11","11802","0.0517","0.3676","A"
"4","Trait5","FASTmrMLM","NsiI.TP237626","11","11803","0.0378","0.3866","A"
"4","Trait5","FASTmrMLM","NsiI.TP237633","11","11804","-9.2791e-06","0.002","G"
"4","Trait5","FASTmrMLM","NsiI.TP237729","11","11805","-1.7369e-06","4e-04","C"
"4","Trait5","FASTmrMLM","NsiI.TP237789","11","11806","1.0314e-05","0.0023","A"
"4","Trait5","FASTmrMLM","NsiI.TP238098","11","11809","1.3653e-06","3e-04","C"
"4","Trait5","FASTmrMLM","NsiI.TP238116","11","11810","-2.0787e-05","0.0045","G"
"4","Trait5","FASTmrMLM","NsiI.TP238119","11","11811","8.8371e-06","0.0019","A"
"4","Trait5","FASTmrMLM","NsiI.TP238316","11","11814","-1.809e-06","4e-04","A"
"4","Trait5","FASTmrMLM","NsiI.TP238335","11","11815","0.1054","0.5746","C"
"4","Trait5","FASTmrMLM","NsiI.TP238478","11","11818","-2.0113e-05","0.0044","A"
"4","Trait5","FASTmrMLM","NsiI.TP238537","11","11819","2.8297e-06","6e-04","G"
"4","Trait5","FASTmrMLM","NsiI.TP238564","11","11820","-1.0038e-05","0.0022","C"
"4","Trait5","FASTmrMLM","NsiI.TP238617","11","11821","1.2964e-05","0.0028","C"
"4","Trait5","FASTmrMLM","NsiI.TP239332","11","11826","6.8264e-06","0.0015","A"
"4","Trait5","FASTmrMLM","NsiI.TP239554","11","11827","-1.8983e-05","0.0042","C"
"4","Trait5","FASTmrMLM","NsiI.TP239771","11","11828","-7.8568e-06","0.0017","A"
"4","Trait5","FASTmrMLM","NsiI.TP239815","11","11829","5.066e-06","0.0011","C"
"4","Trait5","FASTmrMLM","NsiI.TP239972","11","11830","1.9737e-05","0.0043","C"
"4","Trait5","FASTmrMLM","NsiI.TP240184","11","11832","0.122","0.9017","A"
"4","Trait5","FASTmrMLM","NsiI.TP240206","11","11833","-5.201e-06","0.0011","C"
"4","Trait5","FASTmrMLM","NsiI.TP240567","11","11834","0.2639","1.742","C"
"4","Trait5","FASTmrMLM","NsiI.TP240736","11","11835","-0.0977","1.1537","C"
"4","Trait5","FASTmrMLM","NsiI.TP240840","11","11836","-1.5872e-05","0.0035","A"
"4","Trait5","FASTmrMLM","NsiI.TP240849","11","11837","-0.0642","0.5618","G"
"4","Trait5","FASTmrMLM","NsiI.TP240864","11","11838","1.0204e-05","0.0022","A"
"4","Trait5","FASTmrMLM","NsiI.TP241088","11","11839","1.0474e-05","0.0023","C"
"4","Trait5","FASTmrMLM","NsiI.TP241110","11","11840","1.1174e-06","2e-04","C"
"4","Trait5","FASTmrMLM","NsiI.TP241246","11","11841","2.3517e-05","0.0051","A"
"4","Trait5","FASTmrMLM","NsiI.TP241256","11","11842","2.8806e-05","0.0063","A"
"4","Trait5","FASTmrMLM","NsiI.TP241298","11","11843","-1.6343e-05","0.0036","A"
"4","Trait5","FASTmrMLM","NsiI.TP241417","11","11846","0.0137","0.1671","C"
"4","Trait5","FASTmrMLM","NsiI.TP241516","11","11847","0.0637","0.3898","C"
"4","Trait5","FASTmrMLM","NsiI.TP241518","11","11848","0.1151","1.1733","G"
"4","Trait5","FASTmrMLM","NsiI.TP241912","11","11851","-1.5108e-05","0.0033","A"
"4","Trait5","FASTmrMLM","NsiI.TP241914","11","11853","-9.2074e-05","0.0062","C"
"4","Trait5","FASTmrMLM","NsiI.TP241948","11","11854","8.4821e-06","0.0019","A"
"4","Trait5","FASTmrMLM","NsiI.TP242016","11","11855","-6.5383e-06","0.0014","G"
"4","Trait5","FASTmrMLM","NsiI.TP242037","11","11856","-1.4284e-05","0.0031","A"
"4","Trait5","FASTmrMLM","NsiI.TP242059","11","11857","7.7812e-06","0.0017","A"
"4","Trait5","FASTmrMLM","NsiI.TP242062","11","11858","-1.5585e-05","0.0034","A"
"4","Trait5","FASTmrMLM","NsiI.TP242125","11","11859","3.9064e-06","9e-04","C"
"4","Trait5","FASTmrMLM","NsiI.TP242160","11","11861","0.0291","0.4307","C"
"4","Trait5","FASTmrMLM","NsiI.TP242219","11","11862","1.0819e-05","0.0024","G"
"4","Trait5","FASTmrMLM","NsiI.TP242898","11","11863","0.0516","0.6346","C"
"4","Trait5","FASTmrMLM","NsiI.TP242956","11","11864","-0.05","0.3063","C"
"4","Trait5","FASTmrMLM","NsiI.TP242982","11","11865","-2.9137e-05","0.0064","C"
"4","Trait5","FASTmrMLM","NsiI.TP242983","11","11866","-9.588e-06","0.0021","A"
"4","Trait5","FASTmrMLM","NsiI.TP243010","11","11867","-0.1353","0.6221","C"
"4","Trait5","FASTmrMLM","NsiI.TP243142","11","11868","3.9352e-06","9e-04","C"
"4","Trait5","FASTmrMLM","NsiI.TP243238","11","11869","4.5781e-05","0.0101","A"
"4","Trait5","FASTmrMLM","NsiI.TP243253","11","11871","0.0473","0.5649","A"
"4","Trait5","FASTmrMLM","NsiI.TP243261","11","11872","2.8464e-05","0.0062","A"
"4","Trait5","FASTmrMLM","NsiI.TP243305","11","11873","-2.8268e-05","0.0062","C"
"4","Trait5","FASTmrMLM","NsiI.TP243523","11","11875","1.2443e-05","0.0027","A"
"4","Trait5","FASTmrMLM","NsiI.TP243576","11","11876","0.0735","0.4395","C"
"4","Trait5","FASTmrMLM","NsiI.TP243959","11","11879","-1.3016e-05","0.0028","C"
"4","Trait5","FASTmrMLM","NsiI.TP244119","11","11881","-0.0076","0.0931","C"
"4","Trait5","FASTmrMLM","NsiI.TP244158","11","11883","-1.7284e-05","0.0038","C"
"4","Trait5","FASTmrMLM","NsiI.TP244193","11","11884","9.4623e-06","0.0021","C"
"4","Trait5","FASTmrMLM","NsiI.TP244238","11","11886","1.9875e-06","4e-04","C"
"4","Trait5","FASTmrMLM","NsiI.TP244277","11","11887","0.286","3.4284","G"
"4","Trait5","FASTmrMLM","NsiI.TP244340","11","11888","2.1476e-05","0.0047","A"
"4","Trait5","FASTmrMLM","NsiI.TP244376","11","11889","2.0653e-06","4e-04","C"
"4","Trait5","FASTmrMLM","NsiI.TP244797","11","11891","-2.2633e-06","5e-04","C"
"4","Trait5","FASTmrMLM","NsiI.TP244820","11","11892","0.0196","0.2502","C"
"4","Trait5","FASTmrMLM","NsiI.TP244874","11","11894","-1.8898e-06","4e-04","C"
"4","Trait5","FASTmrMLM","NsiI.TP244934","11","11895","-0.1029","1.4579","G"
"4","Trait5","FASTmrMLM","NsiI.TP245149","11","11896","0.0274","0.3726","A"
"4","Trait5","FASTmrMLM","NsiI.TP245331","11","11897","-9.6029e-06","0.0021","A"
"4","Trait5","FASTmrMLM","NsiI.TP245361","11","11899","0.1724","1.2143","G"
"4","Trait5","FASTmrMLM","NsiI.TP245615","11","11901","0.0155","0.207","C"
"4","Trait5","FASTmrMLM","NsiI.TP245635","11","11902","2.3503e-05","0.0046","A"
"4","Trait5","FASTmrMLM","NsiI.TP245805","11","11904","0.178","0.832","A"
"4","Trait5","FASTmrMLM","NsiI.TP245817","11","11905","0.1181","0.8037","C"
"4","Trait5","FASTmrMLM","NsiI.TP245890","11","11906","-0.0148","0.2637","A"
"4","Trait5","FASTmrMLM","NsiI.TP246002","11","11908","7.6114e-06","0.0017","C"
"4","Trait5","FASTmrMLM","NsiI.TP246423","11","11910","-1.4429e-05","0.0032","G"
"4","Trait5","FASTmrMLM","NsiI.TP246552","11","11911","-2.556e-06","6e-04","C"
"4","Trait5","FASTmrMLM","NsiI.TP246761","11","11912","-0.0052","0.0604","C"
"4","Trait5","FASTmrMLM","NsiI.TP246918","11","11913","4.0261e-06","9e-04","G"
"4","Trait5","FASTmrMLM","NsiI.TP247033","11","11914","2.1415e-05","0.0047","C"
"4","Trait5","FASTmrMLM","NsiI.TP247079","11","11915","3.1307e-05","0.0069","A"
"4","Trait5","FASTmrMLM","NsiI.TP247319","11","11917","-0.1869","0.9757","C"
"4","Trait5","FASTmrMLM","NsiI.TP247769","11","11921","0.0274","0.3669","A"
"4","Trait5","FASTmrMLM","NsiI.TP247941","11","11922","-2.1655e-06","5e-04","C"
"4","Trait5","FASTmrMLM","NsiI.TP247987","11","11923","-0.2357","2.2313","G"
"4","Trait5","FASTmrMLM","NsiI.TP248023","11","11924","3.707e-06","8e-04","A"
"4","Trait5","FASTmrMLM","NsiI.TP248198","11","11925","5.679e-06","0.0012","C"
"4","Trait5","FASTmrMLM","NsiI.TP248666","11","11926","1.4327e-05","0.0031","A"
"4","Trait5","FASTmrMLM","NsiI.TP248673","11","11927","-5.1749e-06","0.0011","C"
"4","Trait5","FASTmrMLM","NsiI.TP248677","11","11928","-8.8709e-06","0.0019","A"
"4","Trait5","FASTmrMLM","NsiI.TP248824","11","11930","-1.7504e-05","0.0038","A"
"4","Trait5","FASTmrMLM","NsiI.TP248839","11","11931","-2.2189e-05","0.0049","A"
"4","Trait5","FASTmrMLM","NsiI.TP248901","11","11933","-0.0967","0.4496","C"
"4","Trait5","FASTmrMLM","NsiI.TP248968","11","11934","2.5668e-05","0.0056","C"
"4","Trait5","FASTmrMLM","NsiI.TP249097","11","11935","3.4409e-05","0.0076","C"
"4","Trait5","FASTmrMLM","NsiI.TP249136","11","11936","-1.2386e-05","0.0027","A"
"4","Trait5","FASTmrMLM","NsiI.TP249314","11","11937","4.0718e-06","9e-04","C"
"4","Trait5","FASTmrMLM","NsiI.TP249330","11","11938","1.3057e-05","0.0029","C"
"4","Trait5","FASTmrMLM","NsiI.TP249517","11","11939","-5.0403e-07","1e-04","A"
"4","Trait5","FASTmrMLM","NsiI.TP249574","11","11940","1.6259e-06","4e-04","C"
"4","Trait5","FASTmrMLM","NsiI.TP249730","11","11941","0.0986","0.5491","A"
"4","Trait5","FASTmrMLM","NsiI.TP249887","11","11942","0.0729","0.7899","C"
"4","Trait5","FASTmrMLM","NsiI.TP249929","11","11943","-1.4829e-05","0.0032","C"
"4","Trait5","FASTmrMLM","NsiI.TP250140","11","11945","1.2608e-05","0.0028","C"
"4","Trait5","FASTmrMLM","NsiI.TP250414","11","11947","-6.6321e-06","0.0014","A"
"4","Trait5","FASTmrMLM","NsiI.TP250465","11","11949","0.0364","0.23","C"
"4","Trait5","FASTmrMLM","NsiI.TP250472","11","11950","-2.07e-05","0.0045","A"
"4","Trait5","FASTmrMLM","NsiI.TP250679","11","11951","-0.0265","0.194","C"
"4","Trait5","FASTmrMLM","NsiI.TP250800","11","11952","-0.1934","0.817","A"
"4","Trait5","FASTmrMLM","NsiI.TP251032","11","11954","-2.4447e-05","0.0054","C"
"4","Trait5","FASTmrMLM","NsiI.TP251131","11","11955","-6.8802e-06","0.0015","A"
"4","Trait5","FASTmrMLM","NsiI.TP251193","11","11958","-0.0704","0.4486","C"
"4","Trait5","FASTmrMLM","NsiI.TP251244","11","11960","1.009e-05","0.0022","A"
"4","Trait5","FASTmrMLM","NsiI.TP251292","11","11961","-5.3196e-06","0.0012","A"
"4","Trait5","FASTmrMLM","NsiI.TP251988","11","11963","-1.7167e-05","0.0038","G"
"4","Trait5","FASTmrMLM","NsiI.TP251994","11","11964","-1.477e-05","0.0032","C"
"4","Trait5","FASTmrMLM","NsiI.TP252291","11","11966","-2.02e-05","0.0044","A"
"4","Trait5","FASTmrMLM","NsiI.TP252368","11","11967","-7.2589e-06","0.0016","A"
"4","Trait5","FASTmrMLM","NsiI.TP252392","11","11969","-2.3487e-06","5e-04","C"
"4","Trait5","FASTmrMLM","NsiI.TP252455","11","11970","2.4125e-05","0.0053","C"
"4","Trait5","FASTmrMLM","NsiI.TP252604","11","11971","-5.9909e-06","0.0013","A"
"4","Trait5","FASTmrMLM","NsiI.TP252644","11","11972","2.3883e-05","0.0052","A"
"4","Trait5","FASTmrMLM","NsiI.TP253200","11","11975","4.8033e-06","0.001","C"
"4","Trait5","FASTmrMLM","NsiI.TP253302","11","11976","3.1266e-05","0.0069","A"
"4","Trait5","FASTmrMLM","NsiI.TP253571","11","11977","0.181","0.8121","A"
"4","Trait5","FASTmrMLM","NsiI.TP253739","11","11978","-1.8232e-05","0.004","A"
"4","Trait5","FASTmrMLM","NsiI.TP253904","11","11979","3.3688e-05","0.0074","C"
"4","Trait5","FASTmrMLM","NsiI.TP253929","11","11980","-3.9422e-06","9e-04","A"
"4","Trait5","FASTmrMLM","NsiI.TP253989","11","11981","-1.641e-05","0.0036","A"
"4","Trait5","FASTmrMLM","NsiI.TP254017","11","11982","-4.1655e-06","9e-04","A"
"4","Trait5","FASTmrMLM","NsiI.TP254044","11","11983","-1.3801e-05","0.003","C"
"4","Trait5","FASTmrMLM","NsiI.TP254060","11","11984","-2.3375e-05","0.0051","A"
"4","Trait5","FASTmrMLM","NsiI.TP254061","11","11985","0.0409","0.3953","A"
"4","Trait5","FASTmrMLM","NsiI.TP254730","11","11990","-3.2649e-06","7e-04","A"
"4","Trait5","FASTmrMLM","NsiI.TP254743","11","11991","1.8661e-05","0.0041","C"
"4","Trait5","FASTmrMLM","NsiI.TP254799","11","11992","0.1009","0.8039","A"
"4","Trait5","FASTmrMLM","NsiI.TP255093","11","11994","-0.1238","1.5651","A"
"4","Trait5","FASTmrMLM","NsiI.TP255594","11","11998","-0.0478","0.4835","C"
"4","Trait5","FASTmrMLM","NsiI.TP256401","11","12000","-2.7009e-07","5.8785e-05","A"
"4","Trait5","FASTmrMLM","NsiI.TP256871","11","12002","4.1368e-06","9e-04","A"
"4","Trait5","FASTmrMLM","NsiI.TP256943","11","12003","-1.5494e-06","3e-04","C"
"4","Trait5","FASTmrMLM","NsiI.TP257143","11","12004","0.0493","0.2835","C"
"4","Trait5","FASTmrMLM","NsiI.TP257195","11","12005","0.0465","0.5342","C"
"4","Trait5","FASTmrMLM","NsiI.TP257205","11","12006","-0.2459","1.0787","A"
"4","Trait5","FASTmrMLM","NsiI.TP257231","11","12008","1.5309e-05","0.0033","A"
"4","Trait5","FASTmrMLM","NsiI.TP257237","11","12009","-1.4398e-05","0.0031","C"
"4","Trait5","FASTmrMLM","NsiI.TP257355","11","12012","-3e-04","0.0154","C"
"4","Trait5","FASTmrMLM","NsiI.TP257521","11","12015","-1.3625e-05","0.003","A"
"4","Trait5","FASTmrMLM","NsiI.TP257635","11","12016","4.1683e-06","9e-04","C"
"4","Trait5","FASTmrMLM","NsiI.TP257644","11","12017","3.0069e-05","0.0066","A"
"4","Trait5","FASTmrMLM","NsiI.TP257838","11","12019","0.067","0.5298","C"
"4","Trait5","FASTmrMLM","NsiI.TP257845","11","12020","-3.1275e-05","0.0069","A"
"4","Trait5","FASTmrMLM","NsiI.TP257950","11","12022","-2.4005e-06","5e-04","C"
"4","Trait5","FASTmrMLM","NsiI.TP257975","11","12024","-0.2937","2.6412","A"
"4","Trait5","FASTmrMLM","NsiI.TP258459","11","12029","-0.1065","0.5164","A"
"4","Trait5","FASTmrMLM","NsiI.TP258468","11","12030","8.4844e-06","0.0019","C"
"4","Trait5","FASTmrMLM","NsiI.TP258528","11","12031","3.545e-05","0.0078","C"
"4","Trait5","FASTmrMLM","NsiI.TP258707","11","12033","3.6227e-05","0.008","C"
"4","Trait5","FASTmrMLM","NsiI.TP258714","11","12034","0.1737","0.5303","A"
"4","Trait5","FASTmrMLM","NsiI.TP258856","11","12035","7.2095e-05","0.0089","G"
"4","Trait5","FASTmrMLM","NsiI.TP258944","11","12036","3.0782e-05","0.0068","C"
"4","Trait5","FASTmrMLM","NsiI.TP259047","11","12038","-1.117e-05","0.0024","A"
"4","Trait5","FASTmrMLM","NsiI.TP259075","11","12039","9.5511e-06","0.0021","C"
"4","Trait5","FASTmrMLM","NsiI.TP259388","11","12040","0.0269","0.3246","C"
"4","Trait5","FASTmrMLM","NsiI.TP259582","11","12041","-0.0511","0.3008","A"
"4","Trait5","FASTmrMLM","NsiI.TP260204","11","12044","3.2567e-06","7e-04","A"
"4","Trait5","FASTmrMLM","NsiI.TP260305","11","12045","0.0227","0.1677","A"
"4","Trait5","FASTmrMLM","NsiI.TP260358","11","12046","0.1072","0.4994","C"
"4","Trait5","FASTmrMLM","NsiI.TP260586","11","12047","-2.7517e-05","0.006","A"
"4","Trait5","FASTmrMLM","NsiI.TP260681","11","12048","1.3306e-05","0.0029","C"
"4","Trait5","FASTmrMLM","NsiI.TP260906","11","12049","-6.6024e-06","0.0014","C"
"4","Trait5","FASTmrMLM","NsiI.TP260915","11","12050","-5.9686e-06","0.0013","C"
"4","Trait5","FASTmrMLM","NsiI.TP261169","11","12051","-0.1932","0.7469","C"
"4","Trait5","FASTmrMLM","NsiI.TP261380","11","12053","0.1038","0.7938","A"
"4","Trait5","FASTmrMLM","NsiI.TP261631","11","12054","-2.7706e-05","0.0061","A"
"4","Trait5","FASTmrMLM","NsiI.TP261660","11","12055","3.7722e-05","0.0083","A"
"4","Trait5","FASTmrMLM","NsiI.TP261782","11","12056","-1.0181e-05","0.0022","C"
"4","Trait5","FASTmrMLM","NsiI.TP262590","11","12060","-2.7416e-06","6e-04","C"
"4","Trait5","FASTmrMLM","NsiI.TP262630","11","12061","1.1421e-05","0.0025","A"
"4","Trait5","FASTmrMLM","NsiI.TP263573","11","12063","-4.0992e-08","8.9206e-06","C"
"4","Trait5","FASTmrMLM","NsiI.TP263592","11","12064","8.5016e-06","0.0019","A"
"4","Trait5","FASTmrMLM","NsiI.TP263947","11","12068","1.3632e-05","0.003","A"
"4","Trait5","FASTmrMLM","NsiI.TP264111","11","12070","8.3263e-06","0.0018","A"
"4","Trait5","FASTmrMLM","NsiI.TP264321","11","12072","-0.0771","1.0661","A"
"4","Trait5","FASTmrMLM","NsiI.TP264328","11","12073","2.0431e-05","0.0045","C"
"4","Trait5","FASTmrMLM","NsiI.TP264329","11","12074","7.1849e-06","0.0016","A"
"4","Trait5","FASTmrMLM","NsiI.TP264333","11","12075","-5.1176e-06","0.0011","A"
"4","Trait5","FASTmrMLM","NsiI.TP264542","11","12077","-0.0131","0.1865","C"
"4","Trait5","FASTmrMLM","NsiI.TP264681","11","12078","-1.5156e-05","0.0033","C"
"4","Trait5","FASTmrMLM","NsiI.TP264855","11","12079","-6.3081e-06","0.0014","A"
"4","Trait5","FASTmrMLM","NsiI.TP264909","11","12080","1.6881e-05","0.0037","C"
"4","Trait5","FASTmrMLM","NsiI.TP264917","11","12081","0.0823","1.2321","C"
"4","Trait5","FASTmrMLM","NsiI.TP264931","11","12082","-0.0442","0.5558","A"
"4","Trait5","FASTmrMLM","NsiI.TP265075","11","12083","3.3356e-05","0.0073","C"
"4","Trait5","FASTmrMLM","NsiI.TP265085","11","12084","-1.6048e-05","0.0035","A"
"4","Trait5","FASTmrMLM","NsiI.TP265804","11","12087","-7.2269e-06","0.0016","G"
"4","Trait5","FASTmrMLM","NsiI.TP266607","11","12089","2.7776e-05","0.0048","A"
"4","Trait5","FASTmrMLM","NsiI.TP266769","11","12090","-0.0275","0.3685","C"
"4","Trait5","FASTmrMLM","NsiI.TP266856","11","12091","6.804e-07","1e-04","A"
"4","Trait5","FASTmrMLM","NsiI.TP267066","11","12093","0.0848","0.858","A"
"4","Trait5","FASTmrMLM","NsiI.TP267127","11","12095","-1.0056e-05","0.0022","C"
"4","Trait5","FASTmrMLM","NsiI.TP267204","11","12096","-0.022","0.1822","A"
"4","Trait5","FASTmrMLM","NsiI.TP267208","11","12097","1.6058e-05","0.0035","C"
"4","Trait5","FASTmrMLM","NsiI.TP267299","11","12098","-1.4027e-05","0.0031","A"
"4","Trait5","FASTmrMLM","NsiI.TP267385","11","12099","-1.6956e-05","0.0037","A"
"4","Trait5","FASTmrMLM","NsiI.TP267497","11","12100","-3.193e-05","0.007","A"
"4","Trait5","FASTmrMLM","NsiI.TP267510","11","12101","-0.0375","0.2565","C"
"4","Trait5","FASTmrMLM","NsiI.TP267527","11","12102","3.7334e-05","0.0082","A"
"4","Trait5","FASTmrMLM","NsiI.TP267894","11","12103","0.053","0.5","A"
"4","Trait5","FASTmrMLM","NsiI.TP268420","11","12105","-1.0497e-05","0.0023","A"
"4","Trait5","FASTmrMLM","NsiI.TP268539","11","12107","1.7074e-05","0.0037","C"
"4","Trait5","FASTmrMLM","NsiI.TP269092","11","12112","3.1346e-05","0.0069","C"
"4","Trait5","FASTmrMLM","NsiI.TP269126","11","12113","0.0648","0.4143","C"
"4","Trait5","FASTmrMLM","NsiI.TP269244","11","12114","2e-04","0.0124","C"
"4","Trait5","FASTmrMLM","NsiI.TP269404","11","12117","3.1809e-05","0.007","C"
"4","Trait5","FASTmrMLM","NsiI.TP269536","11","12118","-2.9568e-05","0.0065","A"
"4","Trait5","FASTmrMLM","NsiI.TP269545","11","12119","-2.9834e-06","6e-04","A"
"4","Trait5","FASTmrMLM","NsiI.TP269891","11","12123","-5.0894e-06","0.0011","A"
"4","Trait5","FASTmrMLM","NsiI.TP270381","11","12124","2.3221e-05","0.0051","C"
"4","Trait5","FASTmrMLM","NsiI.TP270395","11","12125","0.1418","0.7826","A"
"4","Trait5","FASTmrMLM","NsiI.TP270432","11","12126","-1.4282e-05","0.0031","A"
"4","Trait5","FASTmrMLM","NsiI.TP270786","11","12128","5.2426e-06","0.0011","C"
"4","Trait5","FASTmrMLM","NsiI.TP271366","11","12131","-1.3077e-05","0.0029","C"
"4","Trait5","FASTmrMLM","NsiI.TP271403","11","12132","-0.1083","0.7672","C"
"4","Trait5","FASTmrMLM","NsiI.TP271448","11","12134","-2.3605e-06","5e-04","C"
"4","Trait5","FASTmrMLM","NsiI.TP271839","11","12135","-2.2622e-06","5e-04","C"
"4","Trait5","FASTmrMLM","NsiI.TP272074","11","12138","-0.0217","0.2196","A"
"4","Trait5","FASTmrMLM","NsiI.TP272083","11","12139","2.0171e-06","4e-04","C"
"4","Trait5","FASTmrMLM","NsiI.TP272132","11","12140","2.3719e-05","0.0052","A"
"4","Trait5","FASTmrMLM","NsiI.TP272138","11","12141","-0.1328","1.2707","C"
"4","Trait5","FASTmrMLM","NsiI.TP272152","11","12142","-0.1631","0.9885","C"
"4","Trait5","FASTmrMLM","NsiI.TP272227","11","12143","-7.6069e-05","0.0092","C"
"4","Trait5","FASTmrMLM","NsiI.TP272371","11","12146","-3.1685e-05","0.007","A"
"4","Trait5","FASTmrMLM","NsiI.TP272375","11","12147","-1.0004e-05","0.0022","C"
"4","Trait5","FASTmrMLM","NsiI.TP272412","11","12148","1.0713e-05","0.0023","A"
"4","Trait5","FASTmrMLM","NsiI.TP272441","11","12149","9.7405e-06","0.0021","C"
"4","Trait5","FASTmrMLM","NsiI.TP272721","11","12152","6.7645e-06","0.0015","C"
"4","Trait5","FASTmrMLM","NsiI.TP272736","11","12153","0.0247","0.2747","C"
"4","Trait5","FASTmrMLM","NsiI.TP272765","11","12154","2.8688e-05","0.0063","A"
"4","Trait5","FASTmrMLM","NsiI.TP272859","11","12155","2.6762e-05","0.0059","C"
"4","Trait5","FASTmrMLM","NsiI.TP272965","11","12156","3.0415e-07","6.6205e-05","A"
"4","Trait5","FASTmrMLM","NsiI.TP273026","11","12157","0.0835","0.7311","A"
"4","Trait5","FASTmrMLM","NsiI.TP273034","11","12158","-0.1559","0.6075","A"
"4","Trait5","FASTmrMLM","NsiI.TP273049","11","12159","0.1423","0.7131","G"
"4","Trait5","FASTmrMLM","NsiI.TP273142","11","12160","-1.7831e-05","0.0039","C"
"4","Trait5","FASTmrMLM","NsiI.TP273313","11","12161","-2.4384e-05","0.0053","G"
"4","Trait5","FASTmrMLM","NsiI.TP273402","11","12162","0.2685","1.4537","C"
"4","Trait5","FASTmrMLM","NsiI.TP273601","11","12164","1.6943e-05","0.0037","C"
"4","Trait5","FASTmrMLM","NsiI.TP273734","11","12166","1.7829e-05","0.0039","C"
"4","Trait5","FASTmrMLM","NsiI.TP273802","11","12167","-5.6785e-06","0.0012","C"
"4","Trait5","FASTmrMLM","NsiI.TP274071","11","12170","-1.2157e-05","0.0027","A"
"4","Trait5","FASTmrMLM","NsiI.TP274091","11","12171","-9.3402e-06","0.002","A"
"4","Trait5","FASTmrMLM","NsiI.TP274172","11","12172","0.1007","0.4558","G"
"4","Trait5","FASTmrMLM","NsiI.TP274383","11","12173","1.3216e-05","0.0029","C"
"4","Trait5","FASTmrMLM","NsiI.TP274395","11","12174","0.0452","0.3863","A"
"4","Trait5","FASTmrMLM","NsiI.TP274564","11","12175","-1.9189e-05","0.0042","A"
"4","Trait5","FASTmrMLM","NsiI.TP274605","11","12176","0.0447","0.2045","A"
"4","Trait5","FASTmrMLM","NsiI.TP275068","11","12179","1.5273e-05","0.0033","C"
"4","Trait5","FASTmrMLM","NsiI.TP275269","11","12180","1.4722e-05","0.0032","G"
"4","Trait5","FASTmrMLM","NsiI.TP275513","11","12184","-1.3848e-05","0.003","G"
"4","Trait5","FASTmrMLM","NsiI.TP275545","11","12185","8.453e-06","0.0018","A"
"4","Trait5","FASTmrMLM","NsiI.TP275555","11","12186","0.0307","0.3643","C"
"4","Trait5","FASTmrMLM","NsiI.TP275582","11","12187","-5.9436e-06","0.0013","C"
"4","Trait5","FASTmrMLM","NsiI.TP275680","11","12188","0.0133","0.1555","C"
"4","Trait5","FASTmrMLM","NsiI.TP276013","11","12189","1.6839e-05","0.0037","A"
"4","Trait5","FASTmrMLM","NsiI.TP276014","11","12190","0.0692","0.7354","G"
"4","Trait5","FASTmrMLM","NsiI.TP276227","11","12192","-1.8807e-05","0.0041","A"
"4","Trait5","FASTmrMLM","NsiI.TP276353","11","12193","2.6464e-05","0.0058","C"
"4","Trait5","FASTmrMLM","NsiI.TP276378","11","12194","-1.6299e-06","4e-04","C"
"4","Trait5","FASTmrMLM","NsiI.TP276462","11","12195","-0.2379","2.1629","C"
"4","Trait5","FASTmrMLM","NsiI.TP276672","11","12196","-1.0529e-05","0.0023","C"
"4","Trait5","FASTmrMLM","NsiI.TP277135","11","12199","-0.1116","0.4448","C"
"4","Trait5","FASTmrMLM","NsiI.TP277345","11","12201","0.1398","0.6502","C"
"4","Trait5","FASTmrMLM","NsiI.TP277384","11","12202","4.3079e-05","0.006","C"
"4","Trait5","FASTmrMLM","NsiI.TP277425","11","12203","-0.0939","0.4928","A"
"4","Trait5","FASTmrMLM","NsiI.TP277654","11","12205","3.4007e-07","7.4017e-05","C"
"4","Trait5","FASTmrMLM","NsiI.TP277660","11","12206","2.4128e-06","5e-04","C"
"4","Trait5","FASTmrMLM","NsiI.TP277972","11","12207","-9.0984e-07","2e-04","C"
"4","Trait5","FASTmrMLM","NsiI.TP278010","11","12208","0.0476","0.3978","A"
"4","Trait5","FASTmrMLM","NsiI.TP278724","11","12211","-2.6943e-07","5.8637e-05","C"
"4","Trait5","FASTmrMLM","NsiI.TP278886","11","12212","0.0703","0.2929","C"
"4","Trait5","FASTmrMLM","NsiI.TP278971","11","12213","-8.642e-06","0.0019","A"
"4","Trait5","FASTmrMLM","NsiI.TP278972","11","12214","-0.1821","0.6594","C"
"4","Trait5","FASTmrMLM","NsiI.TP278982","11","12215","-3.4163e-05","0.0075","C"
"4","Trait5","FASTmrMLM","NsiI.TP279001","11","12216","1.6534e-05","0.0036","A"
"4","Trait5","FASTmrMLM","NsiI.TP279205","11","12220","6.1065e-06","0.0013","A"
"4","Trait5","FASTmrMLM","NsiI.TP279349","11","12221","0.1961","0.6933","C"
"4","Trait5","FASTmrMLM","NsiI.TP279354","11","12222","0.233","1.7168","C"
"4","Trait5","FASTmrMLM","NsiI.TP279429","11","12223","2.2388e-05","0.0049","G"
"4","Trait5","FASTmrMLM","NsiI.TP279430","11","12224","-0.4418","1.7472","C"
"4","Trait5","FASTmrMLM","NsiI.TP279473","11","12225","2.1331e-05","0.0047","C"
"4","Trait5","FASTmrMLM","NsiI.TP279512","11","12226","-1.0417e-05","0.0023","C"
"4","Trait5","FASTmrMLM","NsiI.TP279529","11","12227","0.0111","0.1298","C"
"4","Trait5","FASTmrMLM","NsiI.TP279562","11","12228","-6.0315e-06","0.0013","C"
"4","Trait5","FASTmrMLM","NsiI.TP279616","11","12229","-1.1092e-05","0.0024","C"
"4","Trait5","FASTmrMLM","NsiI.TP279625","11","12230","0.1071","0.5007","A"
"4","Trait5","FASTmrMLM","NsiI.TP279665","11","12231","-2.0309e-06","4e-04","A"
"4","Trait5","FASTmrMLM","NsiI.TP279670","11","12232","3.3231e-06","7e-04","C"
"4","Trait5","FASTmrMLM","NsiI.TP279761","11","12233","0.1952","1.176","C"
"4","Trait5","FASTmrMLM","NsiI.TP279779","11","12234","-1.4675e-06","3e-04","C"
"4","Trait5","FASTmrMLM","NsiI.TP279805","11","12235","-2.973e-06","6e-04","C"
"4","Trait5","FASTmrMLM","NsiI.TP279900","11","12236","3.325e-05","0.0073","C"
"4","Trait5","FASTmrMLM","NsiI.TP279916","11","12237","-0.0398","0.4979","C"
"4","Trait5","FASTmrMLM","NsiI.TP279921","11","12238","1.4707e-06","3e-04","A"
"4","Trait5","FASTmrMLM","NsiI.TP280034","11","12239","0.1345","0.8621","C"
"4","Trait5","FASTmrMLM","NsiI.TP280153","11","12241","0.0475","0.3853","C"
"4","Trait5","FASTmrMLM","NsiI.TP280235","11","12242","1.126e-06","2e-04","A"
"4","Trait5","FASTmrMLM","NsiI.TP280339","11","12243","1.1499e-05","0.0025","A"
"4","Trait5","FASTmrMLM","NsiI.TP280624","11","12244","3.0372e-05","0.0067","A"
"4","Trait5","FASTmrMLM","NsiI.TP280678","11","12245","-1.0526e-05","0.0023","A"
"4","Trait5","FASTmrMLM","NsiI.TP280756","11","12247","1.269e-05","0.0028","C"
"4","Trait5","FASTmrMLM","NsiI.TP280873","11","12248","1.4177e-05","0.0031","A"
"4","Trait5","FASTmrMLM","NsiI.TP280922","11","12250","-5.4953e-05","0.0081","C"
"4","Trait5","FASTmrMLM","NsiI.TP281042","11","12252","5.4272e-05","0.0062","C"
"4","Trait5","FASTmrMLM","NsiI.TP281126","11","12253","-7.607e-06","0.0017","C"
"4","Trait5","FASTmrMLM","NsiI.TP281128","11","12254","-0.0333","0.3699","A"
"4","Trait5","FASTmrMLM","NsiI.TP281146","11","12255","0.1176","0.9431","C"
"4","Trait5","FASTmrMLM","NsiI.TP281180","11","12256","2.9291e-05","0.0064","A"
"4","Trait5","FASTmrMLM","NsiI.TP281261","11","12257","-8.8934e-06","0.0019","A"
"4","Trait5","FASTmrMLM","NsiI.TP281392","11","12259","-0.0243","0.3421","A"
"4","Trait5","FASTmrMLM","NsiI.TP281659","11","12260","1.1804e-05","0.0026","A"
"4","Trait5","FASTmrMLM","NsiI.TP281713","11","12261","-1.1456e-05","0.0025","C"
"4","Trait5","FASTmrMLM","NsiI.TP282009","11","12263","-0.1846","1.0732","A"
"4","Trait5","FASTmrMLM","NsiI.TP282317","11","12265","1.9003e-05","0.0042","G"
"4","Trait5","FASTmrMLM","NsiI.TP282487","11","12268","1.5955e-05","0.0035","G"
"4","Trait5","FASTmrMLM","NsiI.TP282513","11","12269","-0.2103","1.6679","A"
"4","Trait5","FASTmrMLM","NsiI.TP282520","11","12270","6.7792e-07","1e-04","A"
"4","Trait5","FASTmrMLM","NsiI.TP282571","11","12272","0.0227","0.2785","A"
"4","Trait5","FASTmrMLM","NsiI.TP282824","11","12274","1.3849e-06","3e-04","C"
"4","Trait5","FASTmrMLM","NsiI.TP283229","11","12278","0.0957","1.2274","C"
"4","Trait5","FASTmrMLM","NsiI.TP283297","11","12280","-0.0868","0.5766","A"
"4","Trait5","FASTmrMLM","NsiI.TP283323","11","12281","7.1206e-06","0.0016","G"
"4","Trait5","FASTmrMLM","NsiI.TP283362","11","12282","-0.1277","0.6092","C"
"4","Trait5","FASTmrMLM","NsiI.TP283655","11","12283","-1.3351e-05","0.0029","C"
"4","Trait5","FASTmrMLM","NsiI.TP283773","11","12284","-0.0223","0.3415","C"
"4","Trait5","FASTmrMLM","NsiI.TP283977","11","12286","1.3553e-05","0.003","A"
"4","Trait5","FASTmrMLM","NsiI.TP284022","11","12287","1.3357e-05","0.0029","C"
"4","Trait5","FASTmrMLM","NsiI.TP284185","11","12288","-2.1003e-05","0.0046","A"
"4","Trait5","FASTmrMLM","NsiI.TP284915","11","12289","-4.9525e-06","0.0011","A"
"4","Trait5","FASTmrMLM","NsiI.TP285044","11","12290","-0.0407","0.4529","C"
"4","Trait5","FASTmrMLM","NsiI.TP285092","11","12291","-1.5642e-05","0.0034","A"
"4","Trait5","FASTmrMLM","NsiI.TP285187","11","12292","-1.1305e-05","0.0025","C"
"4","Trait5","FASTmrMLM","NsiI.TP285290","11","12293","-0.0072","0.1629","C"
"4","Trait5","FASTmrMLM","NsiI.TP285398","11","12294","-0.0574","0.3223","C"
"4","Trait5","FASTmrMLM","NsiI.TP285418","11","12295","0.0726","0.8098","A"
"4","Trait5","FASTmrMLM","NsiI.TP285462","11","12296","-0.0828","0.7508","C"
"4","Trait5","FASTmrMLM","NsiI.TP285959","11","12297","-0.0197","0.1521","A"
"4","Trait5","FASTmrMLM","NsiI.TP285979","11","12298","0.1546","1.9645","A"
"4","Trait5","FASTmrMLM","NsiI.TP286119","11","12299","-0.0575","0.325","G"
"4","Trait5","FASTmrMLM","NsiI.TP286303","11","12300","-6.3226e-06","0.0014","C"
"4","Trait5","FASTmrMLM","NsiI.TP286305","11","12301","0.102","0.7637","C"
"4","Trait5","FASTmrMLM","NsiI.TP286461","11","12302","2.0378e-05","0.0045","C"
"4","Trait5","FASTmrMLM","NsiI.TP286477","11","12303","0.0933","0.8152","C"
"4","Trait5","FASTmrMLM","NsiI.TP286571","11","12304","0.1301","0.6842","A"
"4","Trait5","FASTmrMLM","NsiI.TP286676","11","12305","1.3132e-05","0.0029","G"
"4","Trait5","FASTmrMLM","NsiI.TP286878","11","12306","0.0714","0.6738","C"
"4","Trait5","FASTmrMLM","NsiI.TP287056","11","12307","1.4481e-05","0.0032","C"
"4","Trait5","FASTmrMLM","NsiI.TP287091","11","12309","0.083","0.4764","A"
"4","Trait5","FASTmrMLM","NsiI.TP287145","11","12310","-1.9724e-05","0.0043","C"
"4","Trait5","FASTmrMLM","NsiI.TP287206","11","12311","-9.1793e-06","0.002","G"
"4","Trait5","FASTmrMLM","NsiI.TP287319","11","12312","-0.0175","0.1935","A"
"4","Trait5","FASTmrMLM","NsiI.TP287332","11","12313","1.3667e-05","0.003","C"
"4","Trait5","FASTmrMLM","NsiI.TP287395","11","12314","0.0676","0.9686","C"
"4","Trait5","FASTmrMLM","NsiI.TP287401","11","12315","1.8862e-05","0.0041","A"
"4","Trait5","FASTmrMLM","NsiI.TP287703","11","12318","1.0281e-05","0.0022","A"
"4","Trait5","FASTmrMLM","NsiI.TP287776","11","12320","1.6055e-06","3e-04","C"
"4","Trait5","FASTmrMLM","NsiI.TP287947","11","12321","-7.3697e-06","0.0016","A"
"4","Trait5","FASTmrMLM","NsiI.TP288415","11","12323","-1.005e-05","0.0022","C"
"4","Trait5","FASTmrMLM","NsiI.TP288843","11","12324","-9.585e-06","0.0021","C"
"4","Trait5","FASTmrMLM","NsiI.TP288950","11","12325","-2.3055e-05","0.005","C"
"4","Trait5","FASTmrMLM","NsiI.TP289019","11","12326","-2.9892e-05","0.0066","A"
"4","Trait5","FASTmrMLM","NsiI.TP289308","11","12328","-1.0816e-05","0.0024","C"
"4","Trait5","FASTmrMLM","NsiI.TP289582","11","12329","-0.169","0.5389","C"
"4","Trait5","FASTmrMLM","NsiI.TP290045","11","12330","0.066","0.8477","A"
"4","Trait5","FASTmrMLM","NsiI.TP290493","11","12331","-9.8383e-06","0.0021","A"
"4","Trait5","FASTmrMLM","NsiI.TP290592","11","12332","-0.0082","0.1489","A"
"4","Trait5","FASTmrMLM","NsiI.TP290914","11","12333","-0.0184","0.2113","A"
"4","Trait5","FASTmrMLM","NsiI.TP290920","11","12334","-0.1233","0.746","A"
"4","Trait5","FASTmrMLM","NsiI.TP291212","11","12335","1.3499e-05","0.0029","A"
"4","Trait5","FASTmrMLM","NsiI.TP291273","11","12337","-3.0299e-05","0.0066","C"
"4","Trait5","FASTmrMLM","NsiI.TP291279","11","12338","3.192e-05","0.0062","C"
"4","Trait5","FASTmrMLM","NsiI.TP291320","11","12339","0.0479","0.2939","A"
"4","Trait5","FASTmrMLM","NsiI.TP291446","11","12341","-0.1208","0.7744","A"
"4","Trait5","FASTmrMLM","NsiI.TP291526","11","12342","5.53e-06","0.0012","C"
"4","Trait5","FASTmrMLM","NsiI.TP291531","11","12343","-2.784e-05","0.0061","A"
"4","Trait5","FASTmrMLM","NsiI.TP291534","11","12344","-8.6095e-06","0.0019","A"
"4","Trait5","FASTmrMLM","NsiI.TP291680","11","12345","3.0691e-05","0.0067","C"
"4","Trait5","FASTmrMLM","NsiI.TP291787","11","12346","-1.5944e-05","0.0035","C"
"4","Trait5","FASTmrMLM","NsiI.TP292635","11","12352","-1.9495e-05","0.0043","C"
"4","Trait5","FASTmrMLM","NsiI.TP292823","11","12354","-1.8538e-05","0.0041","A"
"4","Trait5","FASTmrMLM","NsiI.TP293341","11","12360","1.1654e-05","0.0025","A"
"4","Trait5","FASTmrMLM","NsiI.TP293355","11","12361","1.4377e-05","0.0031","C"
"4","Trait5","FASTmrMLM","NsiI.TP293416","11","12363","3.5561e-06","8e-04","C"
"4","Trait5","FASTmrMLM","NsiI.TP293440","11","12365","-2.0098e-05","0.0044","C"
"4","Trait5","FASTmrMLM","NsiI.TP293699","11","12366","-7.6801e-06","0.0017","A"
"4","Trait5","FASTmrMLM","NsiI.TP294173","11","12368","0.1058","0.5069","C"
"4","Trait5","FASTmrMLM","NsiI.TP294470","11","12372","-1.9731e-05","0.0043","C"
"4","Trait5","FASTmrMLM","NsiI.TP294717","11","12373","-4.9826e-06","0.0011","C"
"4","Trait5","FASTmrMLM","NsiI.TP294760","11","12374","0.0248","0.2639","C"
"4","Trait5","FASTmrMLM","NsiI.TP294896","11","12375","-1.4889e-05","0.0033","C"
"4","Trait5","FASTmrMLM","NsiI.TP295189","11","12378","2.7979e-06","6e-04","G"
"4","Trait5","FASTmrMLM","NsiI.TP295288","11","12379","-0.0079","0.0984","A"
"4","Trait5","FASTmrMLM","NsiI.TP295344","11","12380","1.4294e-05","0.0031","C"
"4","Trait5","FASTmrMLM","NsiI.TP295432","11","12381","-1.421e-05","0.0031","C"
"4","Trait5","FASTmrMLM","NsiI.TP295433","11","12382","-0.0256","0.3681","A"
"4","Trait5","FASTmrMLM","NsiI.TP295480","11","12383","-4.2728e-07","9.2999e-05","A"
"4","Trait5","FASTmrMLM","NsiI.TP295506","11","12384","-2.5925e-05","0.0057","C"
"4","Trait5","FASTmrMLM","NsiI.TP295615","11","12385","-2.1158e-05","0.0046","A"
"4","Trait5","FASTmrMLM","NsiI.TP295655","11","12386","-0.0902","0.5348","C"
"4","Trait5","FASTmrMLM","NsiI.TP295906","11","12387","0.0719","0.832","C"
"4","Trait5","FASTmrMLM","NsiI.TP296589","11","12388","9.0757e-06","0.002","C"
"4","Trait5","FASTmrMLM","NsiI.TP296983","11","12390","1.3883e-05","0.003","C"
"4","Trait5","FASTmrMLM","NsiI.TP297167","11","12391","1.5422e-05","0.0034","A"
"4","Trait5","FASTmrMLM","NsiI.TP297302","11","12392","0.0305","0.2466","C"
"4","Trait5","FASTmrMLM","NsiI.TP298343","11","12393","1.6494e-05","0.0036","C"
"4","Trait5","FASTmrMLM","NsiI.TP299082","11","12394","-1.1263e-05","0.0025","G"
"4","Trait5","FASTmrMLM","NsiI.TP299123","11","12395","8.3472e-06","0.0018","A"
"4","Trait5","FASTmrMLM","NsiI.TP299152","11","12396","-1.8784e-06","4e-04","A"
"4","Trait5","FASTmrMLM","NsiI.TP299568","11","12398","-0.0595","0.6214","C"
"4","Trait5","FASTmrMLM","NsiI.TP299865","11","12399","0.1216","0.5974","A"
"4","Trait5","FASTmrMLM","NsiI.TP300465","11","12400","-0.0278","0.2283","A"
"4","Trait5","FASTmrMLM","NsiI.TP300581","11","12401","2.6912e-05","0.0059","A"
"4","Trait5","FASTmrMLM","NsiI.TP300894","11","12403","1.9592e-05","0.0043","C"
"4","Trait5","FASTmrMLM","NsiI.TP300993","11","12404","-1.1063e-08","2.4079e-06","C"
"4","Trait5","FASTmrMLM","NsiI.TP301241","11","12405","-1.6504e-05","0.0036","C"
"4","Trait5","FASTmrMLM","NsiI.TP301248","11","12406","1.2224e-05","0.0027","C"
"4","Trait5","FASTmrMLM","NsiI.TP301317","11","12407","-8.6393e-06","0.0019","A"
"4","Trait5","FASTmrMLM","NsiI.TP301345","11","12408","0.0576","0.5864","A"
"4","Trait5","FASTmrMLM","NsiI.TP301376","11","12409","4.3523e-05","0.0096","A"
"4","Trait5","FASTmrMLM","NsiI.TP301793","11","12411","-1.0858e-05","0.0024","C"
"4","Trait5","FASTmrMLM","NsiI.TP301839","11","12412","-0.0606","0.3735","C"
"4","Trait5","FASTmrMLM","NsiI.TP301862","11","12413","9.2675e-06","0.002","C"
"4","Trait5","FASTmrMLM","NsiI.TP301876","11","12414","-3.8148e-05","0.0084","C"
"4","Trait5","FASTmrMLM","NsiI.TP301893","11","12415","1.0855e-05","0.0024","G"
"4","Trait5","FASTmrMLM","NsiI.TP301999","11","12417","1.0166e-05","0.0022","A"
"4","Trait5","FASTmrMLM","NsiI.TP302068","11","12418","-0.0515","0.2922","A"
"4","Trait5","FASTmrMLM","NsiI.TP302363","11","12420","-3.0534e-05","0.0067","C"
"4","Trait5","FASTmrMLM","NsiI.TP302373","11","12421","1.1541e-06","3e-04","A"
"4","Trait5","FASTmrMLM","NsiI.TP302382","11","12422","-1.7075e-05","0.0037","G"
"4","Trait5","FASTmrMLM","NsiI.TP302477","11","12423","-0.1835","0.9781","A"
"4","Trait5","FASTmrMLM","NsiI.TP302610","11","12424","-1.1092e-05","0.0024","A"
"4","Trait5","FASTmrMLM","NsiI.TP302681","11","12425","-0.0561","0.5061","G"
"4","Trait5","FASTmrMLM","NsiI.TP302696","11","12426","0.0494","0.3648","C"
"4","Trait5","FASTmrMLM","NsiI.TP302830","11","12428","-1.113e-05","0.0024","A"
"4","Trait5","FASTmrMLM","NsiI.TP302947","11","12430","2.3022e-06","5e-04","A"
"4","Trait5","FASTmrMLM","NsiI.TP303442","11","12434","5.933e-06","0.0013","C"
"4","Trait5","FASTmrMLM","NsiI.TP303620","11","12438","-3.5857e-06","8e-04","A"
"4","Trait5","FASTmrMLM","NsiI.TP303621","11","12439","-2.8287e-05","0.0062","C"
"4","Trait5","FASTmrMLM","NsiI.TP303656","11","12440","8.0323e-06","0.0018","G"
"4","Trait5","FASTmrMLM","NsiI.TP303762","11","12442","-7.7906e-06","0.0017","G"
"4","Trait5","FASTmrMLM","NsiI.TP303844","11","12444","0.0466","0.5637","A"
"4","Trait5","FASTmrMLM","NsiI.TP303878","11","12446","-1.6508e-05","0.0036","C"
"4","Trait5","FASTmrMLM","NsiI.TP303897","11","12447","-3.6066e-06","8e-04","A"
"4","Trait5","FASTmrMLM","NsiI.TP303923","11","12448","-5.2148e-07","1e-04","C"
"4","Trait5","FASTmrMLM","NsiI.TP304249","11","12450","-9.4588e-06","0.0021","A"
"4","Trait5","FASTmrMLM","NsiI.TP304370","11","12452","-0.2161","0.7592","C"
"4","Trait5","FASTmrMLM","NsiI.TP304395","11","12453","-0.1619","0.5629","C"
"4","Trait5","FASTmrMLM","NsiI.TP304396","11","12454","-0.0178","0.1766","C"
"4","Trait5","FASTmrMLM","NsiI.TP304428","11","12457","-1.3547e-05","0.003","C"
"4","Trait5","FASTmrMLM","NsiI.TP304546","11","12460","-8.0037e-05","0.0087","G"
"4","Trait5","FASTmrMLM","NsiI.TP304629","11","12461","-1.2485e-05","0.0027","C"
"4","Trait5","FASTmrMLM","NsiI.TP304739","11","12462","-7.6285e-06","0.0017","C"
"4","Trait5","FASTmrMLM","NsiI.TP304882","11","12463","-0.0261","0.2788","A"
"4","Trait5","FASTmrMLM","NsiI.TP305096","11","12467","0.2555","1.6509","C"
"4","Trait5","FASTmrMLM","NsiI.TP305326","11","12469","3.7368e-05","0.0082","C"
"4","Trait5","FASTmrMLM","NsiI.TP305487","11","12470","3.5887e-06","8e-04","A"
"4","Trait5","FASTmrMLM","NsiI.TP305515","11","12471","-1.4723e-05","0.0032","A"
"4","Trait5","FASTmrMLM","NsiI.TP305517","11","12472","0.031","0.2201","A"
"4","Trait5","FASTmrMLM","NsiI.TP305706","11","12474","-5.544e-06","0.0012","C"
"4","Trait5","FASTmrMLM","NsiI.TP305764","11","12475","0.0247","0.26","C"
"4","Trait5","FASTmrMLM","NsiI.TP305811","11","12476","-3.5917e-05","0.0079","A"
"4","Trait5","FASTmrMLM","NsiI.TP305992","11","12478","-2.4928e-05","0.0055","C"
"4","Trait5","FASTmrMLM","NsiI.TP306028","11","12480","8.1042e-06","0.0018","C"
"4","Trait5","FASTmrMLM","NsiI.TP306848","11","12484","-4.7993e-07","1e-04","G"
"4","Trait5","FASTmrMLM","NsiI.TP307018","11","12486","-1.4069e-05","0.0031","G"
"4","Trait5","FASTmrMLM","NsiI.TP307144","11","12487","6.5287e-06","0.0014","G"
"4","Trait5","FASTmrMLM","NsiI.TP307259","11","12489","0.0071","0.0716","C"
"4","Trait5","FASTmrMLM","NsiI.TP307361","11","12490","2.4683e-06","5e-04","C"
"4","Trait5","FASTmrMLM","NsiI.TP307563","11","12491","0.0521","0.2337","C"
"4","Trait5","FASTmrMLM","NsiI.TP307586","11","12492","-1.0284e-05","0.0022","A"
"4","Trait5","FASTmrMLM","NsiI.TP307628","11","12494","-6.9527e-06","0.0015","C"
"4","Trait5","FASTmrMLM","NsiI.TP307724","11","12496","2.3479e-05","0.0051","A"
"4","Trait5","FASTmrMLM","NsiI.TP307930","11","12498","0.0473","0.44","G"
"4","Trait5","FASTmrMLM","NsiI.TP308222","11","12500","0.1763","0.9991","C"
"4","Trait5","FASTmrMLM","NsiI.TP308237","11","12501","3.2932e-05","0.0072","C"
"4","Trait5","FASTmrMLM","NsiI.TP308398","11","12503","1.0491e-05","0.0023","A"
"4","Trait5","FASTmrMLM","NsiI.TP308443","11","12504","0.1139","0.6834","C"
"4","Trait5","FASTmrMLM","NsiI.TP308626","11","12505","9.8035e-06","0.0021","C"
"4","Trait5","FASTmrMLM","NsiI.TP308641","11","12506","1.0966e-05","0.0024","C"
"4","Trait5","FASTmrMLM","NsiI.TP308674","11","12507","0.0448","0.5328","A"
"4","Trait5","FASTmrMLM","NsiI.TP308829","11","12509","-1.8515e-05","0.004","C"
"4","Trait5","FASTmrMLM","NsiI.TP308965","11","12510","-2.1086e-05","0.0046","A"
"4","Trait5","FASTmrMLM","NsiI.TP309032","11","12511","-0.0735","0.9439","A"
"4","Trait5","FASTmrMLM","NsiI.TP309068","11","12512","0.1639","0.8857","A"
"4","Trait5","FASTmrMLM","NsiI.TP309760","11","12514","0.1666","0.9887","G"
"4","Trait5","FASTmrMLM","NsiI.TP309924","11","12516","-1.5076e-05","0.0033","A"
"4","Trait5","FASTmrMLM","NsiI.TP309926","11","12517","4.3569e-06","9e-04","A"
"4","Trait5","FASTmrMLM","NsiI.TP309932","11","12518","0.075","0.8044","A"
"4","Trait5","FASTmrMLM","NsiI.TP309946","11","12519","1.5698e-05","0.0034","A"
"4","Trait5","FASTmrMLM","NsiI.TP309979","11","12521","-1.5035e-05","0.0033","A"
"4","Trait5","FASTmrMLM","NsiI.TP310040","11","12523","2.7119e-05","0.0059","A"
"4","Trait5","FASTmrMLM","NsiI.TP310047","11","12524","3.8512e-06","8e-04","C"
"4","Trait5","FASTmrMLM","NsiI.TP310185","11","12527","0.0584","0.2897","A"
"4","Trait5","FASTmrMLM","NsiI.TP310294","11","12528","-1.8926e-05","0.0041","C"
"4","Trait5","FASTmrMLM","NsiI.TP310336","11","12529","0.1236","1.0628","A"
"4","Trait5","FASTmrMLM","NsiI.TP310745","11","12530","-6.1328e-06","0.0013","C"
"4","Trait5","FASTmrMLM","NsiI.TP310974","11","12531","-1.4778e-05","0.0032","C"
"4","Trait5","FASTmrMLM","NsiI.TP310983","11","12532","1.4381e-05","0.0031","C"
"4","Trait5","FASTmrMLM","NsiI.TP310995","11","12533","-3.6547e-06","8e-04","A"
"4","Trait5","FASTmrMLM","NsiI.TP311406","11","12534","-2.755e-05","0.006","A"
"4","Trait5","FASTmrMLM","NsiI.TP311798","11","12538","0.1237","1.181","C"
"4","Trait5","FASTmrMLM","NsiI.TP311806","11","12539","1.234e-06","3e-04","G"
"4","Trait5","FASTmrMLM","NsiI.TP311811","11","12540","2.8286e-06","6e-04","A"
"4","Trait5","FASTmrMLM","NsiI.TP311817","11","12541","6.4315e-06","0.0014","A"
"4","Trait5","FASTmrMLM","NsiI.TP311889","11","12543","-2.7137e-05","0.0059","A"
"4","Trait5","FASTmrMLM","NsiI.TP311982","11","12544","-0.0402","0.434","A"
"4","Trait5","FASTmrMLM","NsiI.TP311991","11","12545","-3.1422e-06","7e-04","A"
"4","Trait5","FASTmrMLM","NsiI.TP312014","11","12546","1.8619e-05","0.0041","A"
"4","Trait5","FASTmrMLM","NsiI.TP312068","11","12547","-0.1023","1.2257","A"
"4","Trait5","FASTmrMLM","NsiI.TP312207","11","12548","-1.3022e-05","0.0028","C"
"4","Trait5","FASTmrMLM","NsiI.TP312280","11","12549","1.0777e-05","0.0024","A"
"4","Trait5","FASTmrMLM","NsiI.TP312282","11","12550","0.0686","0.6295","G"
"4","Trait5","FASTmrMLM","NsiI.TP312305","11","12551","-1.6833e-05","0.0037","C"
"4","Trait5","FASTmrMLM","NsiI.TP312349","11","12552","-1.2655e-05","0.0028","C"
"4","Trait5","FASTmrMLM","NsiI.TP312446","11","12553","-1.1242e-05","0.0025","A"
"4","Trait5","FASTmrMLM","NsiI.TP312757","11","12556","-2.2396e-05","0.0049","A"
"4","Trait5","FASTmrMLM","NsiI.TP312782","11","12557","1.799e-05","0.0039","C"
"4","Trait5","FASTmrMLM","NsiI.TP312820","11","12558","9.8786e-06","0.0022","A"
"4","Trait5","FASTmrMLM","NsiI.TP312988","11","12559","0.227","1.4145","C"
"4","Trait5","FASTmrMLM","NsiI.TP313062","11","12561","4.5104e-05","0.0099","A"
"4","Trait5","FASTmrMLM","NsiI.TP313215","11","12565","1.4726e-05","0.0032","C"
"4","Trait5","FASTmrMLM","NsiI.TP313292","11","12566","-2.7645e-05","0.0061","A"
"4","Trait5","FASTmrMLM","NsiI.TP313377","11","12567","-4.0768e-06","9e-04","C"
"4","Trait5","FASTmrMLM","NsiI.TP313566","11","12569","2.5528e-05","0.0056","A"
"4","Trait5","FASTmrMLM","NsiI.TP313664","11","12570","-1.6756e-05","0.0037","G"
"4","Trait5","FASTmrMLM","NsiI.TP313673","11","12571","-9.1683e-06","0.002","C"
"4","Trait5","FASTmrMLM","NsiI.TP313890","11","12572","-0.0787","0.7518","C"
"4","Trait5","FASTmrMLM","NsiI.TP314017","11","12573","-2.8866e-05","0.0063","A"
"4","Trait5","FASTmrMLM","NsiI.TP314066","11","12574","-0.0847","0.5228","C"
"4","Trait5","FASTmrMLM","NsiI.TP314272","11","12576","3.8359e-05","0.0084","A"
"4","Trait5","FASTmrMLM","NsiI.TP314287","11","12577","-8.4029e-06","0.0018","A"
"4","Trait5","FASTmrMLM","NsiI.TP314364","11","12578","-1.1822e-05","0.0026","C"
"4","Trait5","FASTmrMLM","NsiI.TP314390","11","12579","-8.5014e-06","0.0019","C"
"4","Trait5","FASTmrMLM","NsiI.TP314429","11","12580","1.9759e-05","0.0043","C"
"4","Trait5","FASTmrMLM","NsiI.TP314482","11","12583","-0.2098","1.2621","C"
"4","Trait5","FASTmrMLM","NsiI.TP314520","11","12584","-0.0183","0.2099","A"
"4","Trait5","FASTmrMLM","NsiI.TP314863","11","12585","0.1639","1.6684","A"
"4","Trait5","FASTmrMLM","NsiI.TP314928","11","12587","0.1243","0.4985","A"
"4","Trait5","FASTmrMLM","NsiI.TP314946","11","12588","1.7929e-05","0.0039","A"
"4","Trait5","FASTmrMLM","NsiI.TP315096","11","12589","-0.0922","1.2979","C"
"4","Trait5","FASTmrMLM","NsiI.TP315259","11","12590","-2.2164e-05","0.0049","C"
"4","Trait5","FASTmrMLM","NsiI.TP315270","11","12591","2e-04","0.0123","C"
"4","Trait5","FASTmrMLM","NsiI.TP315318","11","12592","-2.2679e-05","0.005","C"
"4","Trait5","FASTmrMLM","NsiI.TP316247","11","12594","-0.162","1.2268","G"
"4","Trait5","FASTmrMLM","NsiI.TP316557","11","12596","0.0188","0.2854","C"
"4","Trait5","FASTmrMLM","NsiI.TP316589","11","12597","-1.8482e-06","4e-04","C"
"4","Trait5","FASTmrMLM","NsiI.TP316618","11","12598","1.6852e-05","0.0037","A"
"4","Trait5","FASTmrMLM","NsiI.TP316818","11","12599","-9.3747e-06","0.002","C"
"4","Trait5","FASTmrMLM","NsiI.TP316971","11","12601","0.183","1.6013","C"
"4","Trait5","FASTmrMLM","NsiI.TP317071","11","12602","-2.6318e-06","6e-04","C"
"4","Trait5","FASTmrMLM","NsiI.TP317353","11","12604","5.0674e-06","0.0011","A"
"4","Trait5","FASTmrMLM","NsiI.TP317451","11","12605","3.186e-05","0.007","A"
"4","Trait5","FASTmrMLM","NsiI.TP317648","11","12609","2.9841e-06","6e-04","C"
"4","Trait5","FASTmrMLM","NsiI.TP317692","11","12610","-2.7216e-05","0.006","A"
"4","Trait5","FASTmrMLM","NsiI.TP318439","11","12616","-2.7139e-06","6e-04","C"
"4","Trait5","FASTmrMLM","NsiI.TP318460","11","12617","-2.897e-06","6e-04","C"
"4","Trait5","FASTmrMLM","NsiI.TP318588","11","12618","-4.1504e-06","9e-04","A"
"4","Trait5","FASTmrMLM","NsiI.TP319118","11","12620","0.0196","0.1649","A"
"4","Trait5","FASTmrMLM","NsiI.TP319204","11","12621","-3.8676e-06","8e-04","C"
"4","Trait5","FASTmrMLM","NsiI.TP319493","11","12625","3e-04","0.0149","C"
"4","Trait5","FASTmrMLM","NsiI.TP319516","11","12626","-0.277","1.5823","A"
"4","Trait5","FASTmrMLM","NsiI.TP319685","11","12628","3.6932e-06","8e-04","G"
"4","Trait5","FASTmrMLM","NsiI.TP319863","11","12629","2.4239e-05","0.0053","A"
"4","Trait5","FASTmrMLM","NsiI.TP320101","11","12631","1.6723e-05","0.0037","A"
"4","Trait5","FASTmrMLM","NsiI.TP320104","11","12632","-0.2769","1.6703","A"
"4","Trait5","FASTmrMLM","NsiI.TP320123","11","12633","-2.5634e-05","0.0056","C"
"4","Trait5","FASTmrMLM","NsiI.TP320244","11","12635","-3.164e-05","0.0069","A"
"4","Trait5","FASTmrMLM","NsiI.TP320266","11","12636","-0.0879","0.2935","C"
"4","Trait5","FASTmrMLM","NsiI.TP320269","11","12637","7.086e-06","0.0015","C"
"4","Trait5","FASTmrMLM","NsiI.TP320321","11","12638","7.2195e-06","0.0016","A"
"4","Trait5","FASTmrMLM","NsiI.TP320513","11","12640","-0.0178","0.1594","A"
"4","Trait5","FASTmrMLM","NsiI.TP320623","11","12643","-1.2862e-05","0.0028","A"
"4","Trait5","FASTmrMLM","NsiI.TP320702","11","12644","1.5433e-05","0.0034","A"
"4","Trait5","FASTmrMLM","NsiI.TP320740","11","12645","9.5834e-06","0.0021","A"
"4","Trait5","FASTmrMLM","NsiI.TP320865","11","12646","-0.0117","0.1773","A"
"4","Trait5","FASTmrMLM","NsiI.TP320877","11","12647","0.0306","0.2192","C"
"4","Trait5","FASTmrMLM","NsiI.TP320967","11","12648","0.0741","0.6069","A"
"4","Trait5","FASTmrMLM","NsiI.TP321118","11","12649","1.589e-05","0.0035","A"
"4","Trait5","FASTmrMLM","NsiI.TP321206","11","12650","-1.504e-05","0.0033","C"
"4","Trait5","FASTmrMLM","NsiI.TP321288","11","12651","2.2706e-05","0.005","G"
"4","Trait5","FASTmrMLM","NsiI.TP321307","11","12652","0.2393","0.836","G"
"4","Trait5","FASTmrMLM","NsiI.TP321487","11","12654","1.9786e-05","0.0043","A"
"4","Trait5","FASTmrMLM","NsiI.TP321512","11","12655","1.8919e-05","0.0041","G"
"4","Trait5","FASTmrMLM","NsiI.TP321731","11","12656","3.2637e-05","0.0072","C"
"4","Trait5","FASTmrMLM","NsiI.TP321874","11","12658","-1.7488e-05","0.0038","G"
"4","Trait5","FASTmrMLM","NsiI.TP322086","11","12660","0.249","1.5048","G"
"4","Trait5","FASTmrMLM","NsiI.TP322089","11","12661","2.3078e-06","5e-04","A"
"4","Trait5","FASTmrMLM","NsiI.TP322205","11","12663","-4.6701e-05","0.0103","C"
"4","Trait5","FASTmrMLM","NsiI.TP322608","11","12667","4.2839e-06","9e-04","C"
"4","Trait5","FASTmrMLM","NsiI.TP322629","11","12668","5.2807e-06","0.0012","A"
"4","Trait5","FASTmrMLM","NsiI.TP322666","11","12669","-1.2537e-05","0.0027","A"
"4","Trait5","FASTmrMLM","NsiI.TP322730","11","12670","0.0318","0.3203","C"
"4","Trait5","FASTmrMLM","NsiI.TP322768","11","12671","1.0172e-05","0.0022","A"
"4","Trait5","FASTmrMLM","NsiI.TP323141","11","12676","3.0331e-05","0.0067","A"
"4","Trait5","FASTmrMLM","NsiI.TP323226","11","12679","-2.7694e-05","0.0061","A"
"4","Trait5","FASTmrMLM","NsiI.TP323328","11","12680","0.053","0.338","A"
"4","Trait5","FASTmrMLM","NsiI.TP323678","11","12681","-0.199","1.0436","G"
"4","Trait5","FASTmrMLM","NsiI.TP323729","11","12682","3.9617e-05","0.0087","A"
"4","Trait5","FASTmrMLM","NsiI.TP323789","11","12683","0.169","2.184","A"
"4","Trait5","FASTmrMLM","NsiI.TP323814","11","12684","-3.4606e-05","0.0076","A"
"4","Trait5","FASTmrMLM","NsiI.TP323819","11","12685","3.3592e-05","0.0074","C"
"4","Trait5","FASTmrMLM","NsiI.TP323897","11","12686","-6.2699e-07","1e-04","A"
"4","Trait5","FASTmrMLM","NsiI.TP324061","11","12690","3.5127e-06","8e-04","C"
"4","Trait5","FASTmrMLM","NsiI.TP324089","11","12691","1.1786e-05","0.0026","C"
"4","Trait5","FASTmrMLM","NsiI.TP324155","11","12692","-7.9825e-06","0.0017","C"
"4","Trait5","FASTmrMLM","NsiI.TP324215","11","12693","2.2994e-05","0.005","A"
"4","Trait5","FASTmrMLM","NsiI.TP324219","11","12694","-1.1266e-05","0.0025","A"
"4","Trait5","FASTmrMLM","NsiI.TP324223","11","12695","0.1246","0.8645","A"
"4","Trait5","FASTmrMLM","NsiI.TP324424","11","12697","0.0296","0.4177","C"
"4","Trait5","FASTmrMLM","NsiI.TP324519","11","12698","-0.1142","0.8292","C"
"4","Trait5","FASTmrMLM","NsiI.TP324675","11","12701","-5.4473e-06","0.0012","G"
"4","Trait5","FASTmrMLM","NsiI.TP324718","11","12702","-0.2713","1.3424","C"
"4","Trait5","FASTmrMLM","NsiI.TP324732","11","12703","-6.0971e-06","0.0013","C"
"4","Trait5","FASTmrMLM","NsiI.TP324905","11","12704","2.401e-05","0.0053","C"
"4","Trait5","FASTmrMLM","NsiI.TP324949","11","12705","-0.0772","0.5602","A"
"4","Trait5","FASTmrMLM","NsiI.TP325453","11","12708","-1.7193e-05","0.0038","C"
"4","Trait5","FASTmrMLM","NsiI.TP325562","11","12709","-4.6562e-05","0.0103","A"
"4","Trait5","FASTmrMLM","NsiI.TP325589","11","12710","8.5736e-06","0.0019","G"
"4","Trait5","FASTmrMLM","NsiI.TP325730","11","12711","0.0521","0.4688","C"
"4","Trait5","FASTmrMLM","NsiI.TP325941","11","12712","0.1838","1.3333","A"
"4","Trait5","FASTmrMLM","NsiI.TP326582","11","12715","0.133","0.5091","C"
"4","Trait5","FASTmrMLM","NsiI.TP326588","11","12716","2.026e-05","0.0044","A"
"4","Trait5","FASTmrMLM","NsiI.TP326974","11","12717","-2.5174e-05","0.0055","A"
"4","Trait5","FASTmrMLM","PstI.TP141279","11","12718","-2.5908e-05","0.0057","A"
"4","Trait5","FASTmrMLM","NsiI.TP327085","11","12718","-0.0487","0.4452","C"
"4","Trait5","FASTmrMLM","NsiI.TP327144","11","12719","-1.6774e-05","0.0037","C"
"4","Trait5","FASTmrMLM","NsiI.TP327202","11","12720","8.3871e-06","0.0018","A"
"4","Trait5","FASTmrMLM","NsiI.TP327219","11","12721","0.0309","0.3138","C"
"4","Trait5","FASTmrMLM","NsiI.TP327358","11","12722","1.3187e-05","0.0029","A"
"4","Trait5","FASTmrMLM","NsiI.TP327359","11","12723","6.6035e-07","1e-04","C"
"4","Trait5","FASTmrMLM","NsiI.TP327383","11","12724","-8.9086e-06","0.0019","A"
"4","Trait5","FASTmrMLM","NsiI.TP327401","11","12725","6.5948e-06","0.0014","G"
"4","Trait5","FASTmrMLM","NsiI.TP327883","11","12727","-2.4728e-05","0.0054","A"
"4","Trait5","FASTmrMLM","NsiI.TP328018","11","12728","-7.1835e-06","0.0016","C"
"4","Trait5","FASTmrMLM","NsiI.TP328019","11","12729","-1.5071e-05","0.0033","A"
"4","Trait5","FASTmrMLM","NsiI.TP328105","11","12731","-7.8745e-07","2e-04","A"
"4","Trait5","FASTmrMLM","NsiI.TP328133","11","12732","-0.3251","1.0339","C"
"4","Trait5","FASTmrMLM","NsiI.TP328244","11","12733","-0.0778","0.497","C"
"4","Trait5","FASTmrMLM","NsiI.TP328261","11","12734","3.837e-05","0.0084","C"
"4","Trait5","FASTmrMLM","NsiI.TP328345","11","12736","1.3975e-05","0.0031","A"
"4","Trait5","FASTmrMLM","NsiI.TP328369","11","12737","-1.467e-05","0.0032","C"
"4","Trait5","FASTmrMLM","NsiI.TP328489","11","12739","3.0362e-05","0.0067","C"
"4","Trait5","FASTmrMLM","NsiI.TP328730","11","12742","-0.073","0.4653","A"
"4","Trait5","FASTmrMLM","NsiI.TP328958","11","12745","2.3304e-05","0.0051","G"
"4","Trait5","FASTmrMLM","NsiI.TP328961","11","12746","-8.1625e-06","0.0018","A"
"4","Trait5","FASTmrMLM","NsiI.TP328982","11","12748","-0.0751","0.774","A"
"4","Trait5","FASTmrMLM","NsiI.TP329039","11","12749","-1.228e-05","0.0027","A"
"4","Trait5","FASTmrMLM","NsiI.TP329189","11","12751","0.0358","0.4029","A"
"4","Trait5","FASTmrMLM","NsiI.TP329199","11","12752","-4.9065e-06","0.0011","G"
"4","Trait5","FASTmrMLM","NsiI.TP329249","11","12755","-2.8211e-05","0.0062","C"
"4","Trait5","FASTmrMLM","NsiI.TP329278","11","12756","7.7306e-06","0.0017","A"
"4","Trait5","FASTmrMLM","NsiI.TP329293","11","12757","4.3674e-05","0.0068","A"
"4","Trait5","FASTmrMLM","NsiI.TP329314","11","12758","-1.2526e-05","0.0027","A"
"4","Trait5","FASTmrMLM","NsiI.TP329415","11","12759","0.0569","0.517","C"
"4","Trait5","FASTmrMLM","NsiI.TP329495","11","12761","1.581e-05","0.0035","A"
"4","Trait5","FASTmrMLM","NsiI.TP329528","11","12762","0.0838","0.8338","A"
"4","Trait5","FASTmrMLM","NsiI.TP329550","11","12763","-5.0724e-06","0.0011","C"
"4","Trait5","FASTmrMLM","NsiI.TP329575","11","12764","-0.0408","0.3507","A"
"4","Trait5","FASTmrMLM","NsiI.TP329714","11","12766","-1.2072e-05","0.0026","C"
"4","Trait5","FASTmrMLM","NsiI.TP329726","11","12767","1.0823e-05","0.0024","G"
"4","Trait5","FASTmrMLM","NsiI.TP329943","11","12769","5.4977e-06","0.0012","C"
"4","Trait5","FASTmrMLM","NsiI.TP329964","11","12770","-9.3753e-06","0.002","C"
"4","Trait5","FASTmrMLM","NsiI.TP330003","11","12771","0.1975","1.1328","C"
"4","Trait5","FASTmrMLM","NsiI.TP330061","11","12772","-6.7552e-06","0.0015","A"
"4","Trait5","FASTmrMLM","NsiI.TP330068","11","12773","-0.0885","0.7429","A"
"4","Trait5","FASTmrMLM","NsiI.TP330135","11","12774","4.4245e-06","0.001","G"
"4","Trait5","FASTmrMLM","NsiI.TP330230","11","12775","-0.2246","1.4696","A"
"4","Trait5","FASTmrMLM","NsiI.TP330232","11","12776","-2.0227e-05","0.0044","A"
"4","Trait5","FASTmrMLM","NsiI.TP330282","11","12777","-3.0565e-05","0.0067","C"
"4","Trait5","FASTmrMLM","NsiI.TP330416","11","12778","-0.0779","0.6938","G"
"4","Trait5","FASTmrMLM","NsiI.TP330422","11","12779","2.6946e-05","0.0059","A"
"4","Trait5","FASTmrMLM","NsiI.TP330540","11","12780","-6.49e-06","0.0014","A"
"4","Trait5","FASTmrMLM","NsiI.TP330881","11","12782","0.0544","0.4351","A"
"4","Trait5","FASTmrMLM","NsiI.TP331003","11","12784","-1.0479e-05","0.0023","C"
"4","Trait5","FASTmrMLM","NsiI.TP331082","11","12786","1.1433e-05","0.0025","C"
"4","Trait5","FASTmrMLM","NsiI.TP331093","11","12787","0.1149","1.001","C"
"4","Trait5","FASTmrMLM","NsiI.TP331221","11","12788","-0.0544","0.591","C"
"4","Trait5","FASTmrMLM","NsiI.TP331229","11","12789","3.8061e-06","8e-04","A"
"4","Trait5","FASTmrMLM","NsiI.TP331241","11","12790","-1.3725e-05","0.003","C"
"4","Trait5","FASTmrMLM","NsiI.TP331306","11","12791","1.1174e-05","0.0024","G"
"4","Trait5","FASTmrMLM","NsiI.TP331617","11","12793","-2.7123e-05","0.0059","C"
"4","Trait5","FASTmrMLM","NsiI.TP331738","11","12794","-2.8699e-05","0.0063","A"
"4","Trait5","FASTmrMLM","NsiI.TP331832","11","12795","-0.0546","0.3717","A"
"4","Trait5","FASTmrMLM","NsiI.TP331922","11","12796","0.0431","0.1904","C"
"4","Trait5","FASTmrMLM","NsiI.TP332442","11","12799","-1.5496e-05","0.0034","A"
"4","Trait5","FASTmrMLM","NsiI.TP332485","11","12800","-0.5547","2.1917","C"
"4","Trait5","FASTmrMLM","NsiI.TP332502","11","12801","-0.0128","0.1718","A"
"4","Trait5","FASTmrMLM","NsiI.TP332539","11","12802","-0.0154","0.175","G"
"4","Trait5","FASTmrMLM","NsiI.TP332579","11","12803","-8.1578e-05","0.0086","A"
"4","Trait5","FASTmrMLM","NsiI.TP333037","11","12805","9.8193e-06","0.0021","A"
"4","Trait5","FASTmrMLM","NsiI.TP333462","11","12807","-2.2957e-05","0.005","C"
"4","Trait5","FASTmrMLM","NsiI.TP333584","11","12808","-6.064e-06","0.0013","C"
"4","Trait5","FASTmrMLM","NsiI.TP333705","11","12809","-0.0843","1.201","C"
"4","Trait5","FASTmrMLM","NsiI.TP333882","11","12811","-3.6316e-05","0.008","C"
"4","Trait5","FASTmrMLM","NsiI.TP333914","11","12812","0.0794","0.565","A"
"4","Trait5","FASTmrMLM","NsiI.TP333958","11","12813","-0.0846","0.5874","A"
"4","Trait5","FASTmrMLM","NsiI.TP333980","11","12814","2.3691e-05","0.0052","C"
"4","Trait5","FASTmrMLM","NsiI.TP333998","11","12816","3.068e-05","0.0067","G"
"4","Trait5","FASTmrMLM","NsiI.TP334059","11","12817","0.0102","0.1052","C"
"4","Trait5","FASTmrMLM","NsiI.TP334084","11","12818","0.1696","1.5001","A"
"4","Trait5","FASTmrMLM","NsiI.TP335173","11","12820","-1.3979e-05","0.0031","C"
"4","Trait5","FASTmrMLM","NsiI.TP335176","11","12821","-0.0827","0.5284","C"
"4","Trait5","FASTmrMLM","NsiI.TP335196","11","12822","-2.2625e-05","0.005","C"
"4","Trait5","FASTmrMLM","NsiI.TP335486","11","12824","1.6497e-05","0.0036","C"
"4","Trait5","FASTmrMLM","NsiI.TP335634","11","12825","-0.0203","0.2619","C"
"4","Trait5","FASTmrMLM","NsiI.TP335653","11","12826","-0.0957","0.6213","A"
"4","Trait5","FASTmrMLM","NsiI.TP336234","11","12829","1.5402e-05","0.0034","C"
"4","Trait5","FASTmrMLM","NsiI.TP336245","11","12830","1.2789e-06","3e-04","G"
"4","Trait5","FASTmrMLM","NsiI.TP336246","11","12831","1.3067e-05","0.0029","C"
"4","Trait5","FASTmrMLM","NsiI.TP336384","11","12833","4.026e-05","0.0089","G"
"4","Trait5","FASTmrMLM","NsiI.TP336427","11","12834","-1.7989e-05","0.0039","C"
"4","Trait5","FASTmrMLM","NsiI.TP336567","11","12835","0.0326","0.3086","A"
"4","Trait5","FASTmrMLM","NsiI.TP336597","11","12836","-1.3403e-05","0.0029","C"
"4","Trait5","FASTmrMLM","NsiI.TP336647","11","12837","-4.4244e-05","0.0097","A"
"4","Trait5","FASTmrMLM","NsiI.TP336731","11","12838","1.1673e-05","0.0025","A"
"4","Trait5","FASTmrMLM","NsiI.TP336782","11","12839","-0.0598","0.7971","G"
"4","Trait5","FASTmrMLM","NsiI.TP336870","11","12841","2.9169e-05","0.0064","A"
"4","Trait5","FASTmrMLM","NsiI.TP336902","11","12842","-3.7173e-06","8e-04","A"
"4","Trait5","FASTmrMLM","NsiI.TP337191","11","12843","-2.7006e-05","0.0059","A"
"4","Trait5","FASTmrMLM","NsiI.TP337196","11","12844","-2e-04","0.0121","C"
"4","Trait5","FASTmrMLM","NsiI.TP337205","11","12845","-1.2651e-05","0.0028","A"
"4","Trait5","FASTmrMLM","NsiI.TP337249","11","12846","-7.8397e-06","0.0017","C"
"4","Trait5","FASTmrMLM","NsiI.TP337278","11","12847","0.1323","0.4209","G"
"4","Trait5","FASTmrMLM","NsiI.TP337305","11","12848","0.0262","0.3589","C"
"4","Trait5","FASTmrMLM","NsiI.TP337357","11","12849","-0.1176","0.5784","C"
"4","Trait5","FASTmrMLM","NsiI.TP337369","11","12850","-5.0293e-06","0.0011","A"
"4","Trait5","FASTmrMLM","NsiI.TP337434","11","12851","-0.1489","0.8651","C"
"4","Trait5","FASTmrMLM","NsiI.TP337674","11","12853","3.9558e-06","9e-04","A"
"4","Trait5","FASTmrMLM","NsiI.TP337699","11","12854","-1.2178e-05","0.0027","C"
"4","Trait5","FASTmrMLM","NsiI.TP337871","11","12856","0.0677","0.3981","A"
"4","Trait5","FASTmrMLM","NsiI.TP338052","11","12857","9.2031e-06","0.002","C"
"4","Trait5","FASTmrMLM","NsiI.TP338068","11","12858","-3.415e-06","7e-04","C"
"4","Trait5","FASTmrMLM","NsiI.TP338074","11","12859","3.1649e-06","7e-04","A"
"4","Trait5","FASTmrMLM","NsiI.TP338288","11","12862","-0.053","0.6013","A"
"4","Trait5","FASTmrMLM","NsiI.TP338714","11","12864","-1.6989e-05","0.0037","C"
"4","Trait5","FASTmrMLM","NsiI.TP338721","11","12865","1.7535e-05","0.0038","C"
"4","Trait5","FASTmrMLM","NsiI.TP338772","11","12866","-0.0875","0.6371","C"
"4","Trait5","FASTmrMLM","NsiI.TP338774","11","12867","-8.4344e-06","0.0018","A"
"4","Trait5","FASTmrMLM","NsiI.TP338838","11","12868","-2.1175e-05","0.0046","C"
"4","Trait5","FASTmrMLM","NsiI.TP338850","11","12869","-7.4676e-06","0.0016","C"
"4","Trait5","FASTmrMLM","NsiI.TP339652","11","12871","1.0856e-05","0.0024","A"
"4","Trait5","FASTmrMLM","NsiI.TP339690","11","12872","-3.1874e-05","0.007","G"
"4","Trait5","FASTmrMLM","NsiI.TP339752","11","12874","-0.0173","0.2412","C"
"4","Trait5","FASTmrMLM","NsiI.TP339779","11","12875","-1.1867e-05","0.0026","C"
"4","Trait5","FASTmrMLM","NsiI.TP340172","11","12879","0.1544","2.669","A"
"4","Trait5","FASTmrMLM","NsiI.TP340724","11","12881","1.9384e-06","4e-04","C"
"4","Trait5","FASTmrMLM","NsiI.TP340788","11","12882","-0.1987","1.0865","C"
"4","Trait5","FASTmrMLM","NsiI.TP340807","11","12884","2.2046e-06","5e-04","C"
"4","Trait5","FASTmrMLM","NsiI.TP340957","11","12887","-0.0282","0.3676","C"
"4","Trait5","FASTmrMLM","NsiI.TP341014","11","12888","0.0037","0.0573","C"
"4","Trait5","FASTmrMLM","NsiI.TP341077","11","12889","-0.194","0.6497","A"
"4","Trait5","FASTmrMLM","NsiI.TP341131","11","12890","-8.4239e-06","0.0018","C"
"4","Trait5","FASTmrMLM","NsiI.TP341172","11","12891","0.0575","0.2854","C"
"4","Trait5","FASTmrMLM","NsiI.TP341195","11","12892","1.6463e-06","4e-04","A"
"4","Trait5","FASTmrMLM","NsiI.TP341667","11","12893","2.9457e-05","0.0065","A"
"4","Trait5","FASTmrMLM","NsiI.TP341679","11","12894","-1.8452e-06","4e-04","C"
"4","Trait5","FASTmrMLM","NsiI.TP341785","11","12895","-1.9699e-06","4e-04","C"
"4","Trait5","FASTmrMLM","NsiI.TP341871","11","12896","-1.9185e-05","0.0042","C"
"4","Trait5","FASTmrMLM","NsiI.TP342027","11","12897","-2.5167e-05","0.0055","A"
"4","Trait5","FASTmrMLM","NsiI.TP342603","11","12898","-5.783e-06","0.0013","C"
"4","Trait5","FASTmrMLM","NsiI.TP342731","11","12899","-7.9511e-06","0.0017","A"
"4","Trait5","FASTmrMLM","NsiI.TP343288","11","12901","0.0962","1.3218","C"
"4","Trait5","FASTmrMLM","NsiI.TP343301","11","12902","0.0071","0.1343","G"
"4","Trait5","FASTmrMLM","NsiI.TP343459","11","12903","2.4658e-05","0.0054","C"
"4","Trait5","FASTmrMLM","NsiI.TP343512","11","12904","-7.6046e-06","0.0017","C"
"4","Trait5","FASTmrMLM","NsiI.TP343534","11","12905","-0.0389","0.5102","C"
"4","Trait5","FASTmrMLM","NsiI.TP343718","11","12907","-6.0166e-07","1e-04","G"
"4","Trait5","FASTmrMLM","NsiI.TP343761","11","12909","3e-04","0.0157","C"
"4","Trait5","FASTmrMLM","NsiI.TP343846","11","12910","8.6392e-06","0.0019","A"
"4","Trait5","FASTmrMLM","NsiI.TP343969","11","12911","0.0498","0.6607","A"
"4","Trait5","FASTmrMLM","NsiI.TP344303","11","12913","2.1032e-05","0.0046","A"
"4","Trait5","FASTmrMLM","NsiI.TP344445","11","12914","-9.3329e-06","0.002","A"
"4","Trait5","FASTmrMLM","NsiI.TP344759","11","12916","-0.0836","0.786","C"
"4","Trait5","FASTmrMLM","NsiI.TP344870","11","12918","-2.1874e-07","4.7603e-05","A"
"4","Trait5","FASTmrMLM","NsiI.TP345051","11","12919","3.0273e-05","0.0066","A"
"4","Trait5","FASTmrMLM","NsiI.TP345077","11","12920","-1.4488e-05","0.0032","C"
"4","Trait5","FASTmrMLM","NsiI.TP345205","11","12921","-9.8647e-06","0.0022","A"
"4","Trait5","FASTmrMLM","NsiI.TP345277","11","12922","1.0777e-06","2e-04","A"
"4","Trait5","FASTmrMLM","NsiI.TP345716","11","12923","3.7198e-05","0.0082","A"
"4","Trait5","FASTmrMLM","NsiI.TP345800","11","12925","1.5855e-05","0.0035","A"
"4","Trait5","FASTmrMLM","NsiI.TP345837","11","12926","-5.97e-06","0.0013","A"
"4","Trait5","FASTmrMLM","NsiI.TP345903","11","12927","2.0762e-06","5e-04","A"
"4","Trait5","FASTmrMLM","NsiI.TP345947","11","12929","1.4857e-05","0.0032","C"
"4","Trait5","FASTmrMLM","NsiI.TP345953","11","12930","0.0701","0.356","C"
"4","Trait5","FASTmrMLM","NsiI.TP346003","11","12933","-1.6963e-05","0.0037","A"
"4","Trait5","FASTmrMLM","NsiI.TP346051","11","12934","0.2873","1.0946","C"
"4","Trait5","FASTmrMLM","NsiI.TP346232","11","12936","-6.0373e-06","0.0013","C"
"4","Trait5","FASTmrMLM","NsiI.TP346601","11","12940","-0.068","0.3863","A"
"4","Trait5","FASTmrMLM","NsiI.TP346609","11","12941","-1.6671e-06","4e-04","C"
"4","Trait5","FASTmrMLM","NsiI.TP346687","11","12942","1.6642e-05","0.0036","C"
"4","Trait5","FASTmrMLM","NsiI.TP347450","11","12945","-0.0292","0.3419","A"
"4","Trait5","FASTmrMLM","NsiI.TP347553","11","12946","-2.1514e-05","0.0047","A"
"4","Trait5","FASTmrMLM","NsiI.TP347655","11","12948","-6.502e-06","0.0014","A"
"4","Trait5","FASTmrMLM","NsiI.TP347686","11","12949","8.1587e-06","0.0018","A"
"4","Trait5","FASTmrMLM","NsiI.TP347852","11","12951","-0.0833","0.9466","A"
"4","Trait5","FASTmrMLM","NsiI.TP348071","11","12953","-0.1113","0.3518","A"
"4","Trait5","FASTmrMLM","NsiI.TP348272","11","12954","1.1796e-06","3e-04","C"
"4","Trait5","FASTmrMLM","NsiI.TP348366","11","12955","1.7164e-05","0.0038","A"
"4","Trait5","FASTmrMLM","NsiI.TP348381","11","12956","0.061","0.8821","C"
"4","Trait5","FASTmrMLM","NsiI.TP348666","11","12958","4.8976e-06","0.0011","C"
"4","Trait5","FASTmrMLM","NsiI.TP348758","11","12960","1.6243e-05","0.0035","C"
"4","Trait5","FASTmrMLM","NsiI.TP349261","11","12963","2e-04","0.0142","A"
"4","Trait5","FASTmrMLM","NsiI.TP349535","11","12964","0.0713","0.6848","A"
"4","Trait5","FASTmrMLM","NsiI.TP349591","11","12965","-2.6322e-05","0.0058","G"
"4","Trait5","FASTmrMLM","NsiI.TP349632","11","12967","-1.4856e-05","0.0032","A"
"4","Trait5","FASTmrMLM","NsiI.TP349700","11","12968","-1.3611e-05","0.003","A"
"4","Trait5","FASTmrMLM","NsiI.TP349745","11","12969","-0.112","0.6178","A"
"4","Trait5","FASTmrMLM","NsiI.TP349831","11","12970","-1.4507e-05","0.0032","A"
"4","Trait5","FASTmrMLM","NsiI.TP349909","11","12971","-9.1805e-06","0.002","A"
"4","Trait5","FASTmrMLM","NsiI.TP350066","11","12972","5.7808e-06","0.0013","A"
"4","Trait5","FASTmrMLM","NsiI.TP350377","11","12973","-0.1278","1.56","C"
"4","Trait5","FASTmrMLM","NsiI.TP350512","11","12975","-2.5539e-05","0.0056","C"
"4","Trait5","FASTmrMLM","NsiI.TP350577","11","12976","-0.1169","1.7298","A"
"4","Trait5","FASTmrMLM","NsiI.TP350683","11","12977","9.634e-06","0.0021","C"
"4","Trait5","FASTmrMLM","NsiI.TP350907","11","12979","-1.9121e-06","4e-04","G"
"4","Trait5","FASTmrMLM","NsiI.TP350913","11","12980","0.3215","1.5075","A"
"4","Trait5","FASTmrMLM","NsiI.TP351182","11","12983","-3.3563e-07","7.3043e-05","A"
"4","Trait5","FASTmrMLM","NsiI.TP351231","11","12984","-3.8339e-05","0.0084","C"
"4","Trait5","FASTmrMLM","NsiI.TP351366","11","12985","-0.0395","0.3141","C"
"4","Trait5","FASTmrMLM","NsiI.TP351424","11","12986","1.059e-05","0.0023","C"
"4","Trait5","FASTmrMLM","NsiI.TP351426","11","12987","6.2135e-06","0.0014","A"
"4","Trait5","FASTmrMLM","NsiI.TP351550","11","12989","3.1467e-06","7e-04","A"
"4","Trait5","FASTmrMLM","NsiI.TP351688","11","12990","0.3482","1.5362","A"
"4","Trait5","FASTmrMLM","NsiI.TP352174","11","12994","-0.1827","0.785","A"
"4","Trait5","FASTmrMLM","NsiI.TP352352","11","12995","-0.209","0.8609","C"
"4","Trait5","FASTmrMLM","NsiI.TP352508","11","12997","-1.7528e-05","0.0038","G"
"4","Trait5","FASTmrMLM","NsiI.TP352656","11","12998","6.2945e-06","0.0014","A"
"4","Trait5","FASTmrMLM","NsiI.TP352836","11","12999","-2.9108e-05","0.0064","C"
"4","Trait5","FASTmrMLM","NsiI.TP352961","11","13000","-1.024e-05","0.0022","A"
"4","Trait5","FASTmrMLM","NsiI.TP353009","11","13001","-0.0809","0.316","A"
"4","Trait5","FASTmrMLM","NsiI.TP353028","11","13002","0.0975","0.7246","C"
"4","Trait5","FASTmrMLM","NsiI.TP353064","11","13004","-2.3993e-05","0.0053","G"
"4","Trait5","FASTmrMLM","NsiI.TP353108","11","13006","3.1116e-08","6.7717e-06","C"
"4","Trait5","FASTmrMLM","NsiI.TP353194","11","13010","2.9417e-05","0.0064","C"
"4","Trait5","FASTmrMLM","NsiI.TP353467","11","13011","2.1023e-05","0.0046","C"
"4","Trait5","FASTmrMLM","NsiI.TP353473","11","13012","1e-04","0.0098","C"
"4","Trait5","FASTmrMLM","NsiI.TP353589","11","13013","-2.1239e-05","0.0046","C"
"4","Trait5","FASTmrMLM","NsiI.TP353678","11","13014","0.0905","0.4776","C"
"4","Trait5","FASTmrMLM","NsiI.TP353788","11","13017","1.3224e-05","0.0029","C"
"4","Trait5","FASTmrMLM","NsiI.TP354047","11","13018","-1.6209e-06","4e-04","A"
"4","Trait5","FASTmrMLM","NsiI.TP354103","11","13019","-8.1789e-07","2e-04","A"
"4","Trait5","FASTmrMLM","NsiI.TP354241","11","13021","3.0256e-05","0.0066","A"
"4","Trait5","FASTmrMLM","NsiI.TP354271","11","13022","-1.6984e-05","0.0037","G"
"4","Trait5","FASTmrMLM","NsiI.TP354382","11","13023","-7.5144e-06","0.0016","C"
"4","Trait5","FASTmrMLM","NsiI.TP354402","11","13024","-2.1194e-05","0.0046","C"
"4","Trait5","FASTmrMLM","NsiI.TP354578","11","13026","7.0113e-06","0.0015","C"
"4","Trait5","FASTmrMLM","NsiI.TP354677","11","13027","-4.1778e-06","9e-04","C"
"4","Trait5","FASTmrMLM","NsiI.TP354789","11","13028","0.1964","0.6231","C"
"4","Trait5","FASTmrMLM","NsiI.TP355028","11","13031","0.0582","0.4308","A"
"4","Trait5","FASTmrMLM","NsiI.TP355168","11","13033","7.0124e-06","0.0015","C"
"4","Trait5","FASTmrMLM","NsiI.TP355225","11","13034","2.5953e-06","6e-04","A"
"4","Trait5","FASTmrMLM","NsiI.TP355289","11","13035","-2.3175e-06","5e-04","A"
"4","Trait5","FASTmrMLM","NsiI.TP355661","11","13037","6.1455e-06","0.0013","A"
"4","Trait5","FASTmrMLM","NsiI.TP355758","11","13038","-9.16e-06","0.002","A"
"4","Trait5","FASTmrMLM","NsiI.TP355777","11","13039","-0.0829","1.1465","A"
"4","Trait5","FASTmrMLM","NsiI.TP355787","11","13040","-2.0026e-05","0.0044","G"
"4","Trait5","FASTmrMLM","NsiI.TP355818","11","13041","-0.1851","1.1162","C"
"4","Trait5","FASTmrMLM","NsiI.TP355888","11","13042","-0.0814","0.7371","A"
"4","Trait5","FASTmrMLM","NsiI.TP355965","11","13043","-0.0527","0.5158","A"
"4","Trait5","FASTmrMLM","NsiI.TP356287","11","13044","-3.2089e-06","7e-04","G"
"4","Trait5","FASTmrMLM","NsiI.TP356849","11","13047","-2.8275e-05","0.0062","C"
"4","Trait5","FASTmrMLM","NsiI.TP356855","11","13048","-9.9284e-06","0.0022","A"
"4","Trait5","FASTmrMLM","NsiI.TP357068","11","13049","-0.1353","0.6034","A"
"4","Trait5","FASTmrMLM","NsiI.TP357081","11","13050","-3.7161e-06","8e-04","A"
"4","Trait5","FASTmrMLM","NsiI.TP357082","11","13051","-1.3478e-05","0.0029","A"
"4","Trait5","FASTmrMLM","NsiI.TP357178","11","13055","-0.0217","0.2523","A"
"4","Trait5","FASTmrMLM","NsiI.TP357271","11","13056","-4.1528e-05","0.0068","C"
"4","Trait5","FASTmrMLM","NsiI.TP357352","11","13057","-2.6207e-05","0.0057","G"
"4","Trait5","FASTmrMLM","NsiI.TP357380","11","13058","-0.0775","0.3574","A"
"4","Trait5","FASTmrMLM","NsiI.TP358152","11","13062","1.3085e-05","0.0029","C"
"4","Trait5","FASTmrMLM","NsiI.TP358223","11","13064","0.0479","0.4738","G"
"4","Trait5","FASTmrMLM","NsiI.TP358239","11","13065","-3.8538e-05","0.0085","C"
"4","Trait5","FASTmrMLM","NsiI.TP358254","11","13066","0.0563","0.4331","C"
"4","Trait5","FASTmrMLM","NsiI.TP358257","11","13067","-8.015e-06","0.0017","A"
"4","Trait5","FASTmrMLM","NsiI.TP358261","11","13068","-2.687e-05","0.0059","A"
"4","Trait5","FASTmrMLM","NsiI.TP358272","11","13069","-1.4869e-05","0.0032","C"
"4","Trait5","FASTmrMLM","NsiI.TP358399","11","13070","-3.3592e-05","0.0074","A"
"4","Trait5","FASTmrMLM","NsiI.TP358599","11","13071","-9.0603e-06","0.002","A"
"4","Trait5","FASTmrMLM","NsiI.TP358725","11","13072","-0.0788","0.672","C"
"4","Trait5","FASTmrMLM","NsiI.TP358726","11","13073","-1.3921e-05","0.003","G"
"4","Trait5","FASTmrMLM","NsiI.TP358792","11","13074","-1.2657e-05","0.0028","A"
"4","Trait5","FASTmrMLM","NsiI.TP358793","11","13075","-2.0722e-05","0.0045","A"
"4","Trait5","FASTmrMLM","NsiI.TP358883","11","13076","-1.3221e-05","0.0029","C"
"4","Trait5","FASTmrMLM","NsiI.TP358942","11","13077","1.4967e-05","0.0033","A"
"4","Trait5","FASTmrMLM","NsiI.TP359033","11","13078","-0.0679","0.5513","A"
"4","Trait5","FASTmrMLM","NsiI.TP359068","11","13079","-0.1506","0.8663","C"
"4","Trait5","FASTmrMLM","NsiI.TP359116","11","13080","5.4736e-06","0.0012","A"
"4","Trait5","FASTmrMLM","NsiI.TP359191","11","13081","-1.7111e-05","0.0037","A"
"4","Trait5","FASTmrMLM","NsiI.TP359324","11","13082","1.6034e-05","0.0035","A"
"4","Trait5","FASTmrMLM","NsiI.TP359521","11","13084","5.5012e-06","0.0012","C"
"4","Trait5","FASTmrMLM","NsiI.TP359530","11","13085","-2.0672e-05","0.0045","C"
"4","Trait5","FASTmrMLM","NsiI.TP359659","11","13087","3.2276e-05","0.0071","A"
"4","Trait5","FASTmrMLM","NsiI.TP359987","11","13091","2.546e-05","0.0056","A"
"4","Trait5","FASTmrMLM","NsiI.TP360018","11","13092","-0.1362","0.6578","G"
"4","Trait5","FASTmrMLM","NsiI.TP360284","11","13094","2.5132e-06","5e-04","A"
"4","Trait5","FASTmrMLM","NsiI.TP360312","11","13095","-2.3975e-06","5e-04","C"
"4","Trait5","FASTmrMLM","NsiI.TP360313","11","13096","-0.1225","0.6832","C"
"4","Trait5","FASTmrMLM","NsiI.TP360446","11","13097","2.4093e-06","5e-04","C"
"4","Trait5","FASTmrMLM","NsiI.TP360568","11","13098","1.2872e-05","0.0028","A"
"4","Trait5","FASTmrMLM","NsiI.TP360632","11","13099","5.9041e-06","0.0013","A"
"4","Trait5","FASTmrMLM","NsiI.TP360652","11","13100","-0.0861","0.9056","A"
"4","Trait5","FASTmrMLM","NsiI.TP360703","11","13101","-1.8759e-05","0.0041","A"
"4","Trait5","FASTmrMLM","NsiI.TP360709","11","13102","1.4488e-05","0.0032","A"
"4","Trait5","FASTmrMLM","NsiI.TP360730","11","13104","-7.1119e-06","0.0016","A"
"4","Trait5","FASTmrMLM","NsiI.TP360904","11","13105","0.0852","0.8912","C"
"4","Trait5","FASTmrMLM","NsiI.TP360926","11","13107","-5.8723e-07","1e-04","A"
"4","Trait5","FASTmrMLM","NsiI.TP360972","11","13108","-7.1727e-06","0.0016","A"
"4","Trait5","FASTmrMLM","NsiI.TP361161","11","13110","-2.5218e-06","5e-04","A"
"4","Trait5","FASTmrMLM","NsiI.TP361309","11","13111","5.1728e-08","1.126e-05","C"
"4","Trait5","FASTmrMLM","NsiI.TP361343","11","13112","1.127e-05","0.0025","G"
"4","Trait5","FASTmrMLM","NsiI.TP361408","11","13113","3.9414e-05","0.0087","A"
"4","Trait5","FASTmrMLM","NsiI.TP361493","11","13114","1.3536e-05","0.003","A"
"4","Trait5","FASTmrMLM","NsiI.TP361594","11","13115","-1.1327e-05","0.0025","A"
"4","Trait5","FASTmrMLM","NsiI.TP361679","11","13117","-1.4337e-06","3e-04","C"
"4","Trait5","FASTmrMLM","NsiI.TP361680","11","13118","0.0187","0.1524","C"
"4","Trait5","FASTmrMLM","NsiI.TP361756","11","13119","1.3415e-06","3e-04","A"
"4","Trait5","FASTmrMLM","NsiI.TP361880","11","13120","1.1465e-05","0.0025","C"
"4","Trait5","FASTmrMLM","NsiI.TP362071","11","13121","-2.9969e-06","7e-04","A"
"4","Trait5","FASTmrMLM","NsiI.TP362113","11","13122","4.4895e-06","0.001","A"
"4","Trait5","FASTmrMLM","NsiI.TP362299","11","13124","-0.0288","0.215","C"
"4","Trait5","FASTmrMLM","NsiI.TP362358","11","13127","0.0282","0.2507","A"
"4","Trait5","FASTmrMLM","NsiI.TP362412","11","13128","2.2941e-05","0.005","A"
"4","Trait5","FASTmrMLM","NsiI.TP362413","11","13129","-0.0026","0.0506","C"
"4","Trait5","FASTmrMLM","NsiI.TP362606","11","13131","-0.0342","0.462","A"
"4","Trait5","FASTmrMLM","NsiI.TP362607","11","13132","-1.1009e-05","0.0024","C"
"4","Trait5","FASTmrMLM","NsiI.TP362609","11","13133","4.7836e-06","0.001","A"
"4","Trait5","FASTmrMLM","NsiI.TP362834","11","13134","-3.1445e-05","0.0069","G"
"4","Trait5","FASTmrMLM","NsiI.TP363057","11","13135","2e-04","0.0136","A"
"4","Trait5","FASTmrMLM","NsiI.TP363117","11","13136","6.4844e-06","0.0014","A"
"4","Trait5","FASTmrMLM","NsiI.TP363125","11","13137","2.1083e-05","0.0046","A"
"4","Trait5","FASTmrMLM","NsiI.TP363227","11","13138","-0.0877","0.521","A"
"4","Trait5","FASTmrMLM","NsiI.TP363444","11","13139","2.678e-05","0.0059","G"
"4","Trait5","FASTmrMLM","NsiI.TP363465","11","13141","-0.0413","0.3632","A"
"4","Trait5","FASTmrMLM","NsiI.TP363471","11","13142","-0.0707","0.5658","A"
"4","Trait5","FASTmrMLM","NsiI.TP363507","11","13143","3.4999e-05","0.0077","C"
"4","Trait5","FASTmrMLM","NsiI.TP363699","11","13144","-1.0778e-05","0.0024","C"
"4","Trait5","FASTmrMLM","NsiI.TP363730","11","13145","1.5012e-06","3e-04","A"
"4","Trait5","FASTmrMLM","NsiI.TP363739","11","13146","3.881e-06","8e-04","A"
"4","Trait5","FASTmrMLM","NsiI.TP363762","11","13147","-4.3705e-06","0.001","C"
"4","Trait5","FASTmrMLM","NsiI.TP363886","11","13149","-3.9161e-06","9e-04","C"
"4","Trait5","FASTmrMLM","NsiI.TP363890","11","13150","3.0876e-06","7e-04","A"
"4","Trait5","FASTmrMLM","NsiI.TP363892","11","13151","-0.1225","0.8982","A"
"4","Trait5","FASTmrMLM","NsiI.TP364108","11","13152","3.0337e-06","7e-04","A"
"4","Trait5","FASTmrMLM","NsiI.TP364284","11","13153","1.6572e-05","0.0036","G"
"4","Trait5","FASTmrMLM","NsiI.TP364287","11","13154","1.2612e-05","0.0028","C"
"4","Trait5","FASTmrMLM","NsiI.TP364672","11","13155","-1.661e-05","0.0036","A"
"4","Trait5","FASTmrMLM","NsiI.TP364845","11","13156","-0.0122","0.1374","A"
"4","Trait5","FASTmrMLM","NsiI.TP365006","11","13157","3.8529e-06","8e-04","C"
"4","Trait5","FASTmrMLM","NsiI.TP365078","11","13158","-6.3843e-06","0.0014","A"
"4","Trait5","FASTmrMLM","NsiI.TP365675","11","13159","-5.7377e-07","1e-04","A"
"4","Trait5","FASTmrMLM","NsiI.TP365772","11","13160","1.7096e-06","4e-04","A"
"4","Trait5","FASTmrMLM","NsiI.TP365895","11","13161","4.9193e-06","0.0011","C"
"4","Trait5","FASTmrMLM","NsiI.TP365973","11","13162","-0.0515","0.5269","A"
"4","Trait5","FASTmrMLM","NsiI.TP366164","11","13169","-0.12","0.7245","A"
"4","Trait5","FASTmrMLM","NsiI.TP366176","11","13170","-4.3585e-06","9e-04","A"
"4","Trait5","FASTmrMLM","NsiI.TP366177","11","13171","8.2045e-06","0.0018","G"
"4","Trait5","FASTmrMLM","NsiI.TP366197","11","13172","-1.7142e-05","0.0037","A"
"4","Trait5","FASTmrMLM","NsiI.TP366678","11","13174","2.7664e-06","6e-04","A"
"4","Trait5","FASTmrMLM","NsiI.TP366771","11","13176","1.9103e-05","0.0042","C"
"4","Trait5","FASTmrMLM","NsiI.TP366855","11","13177","1.6335e-05","0.0036","A"
"4","Trait5","FASTmrMLM","NsiI.TP366870","11","13178","-0.084","0.3501","A"
"4","Trait5","FASTmrMLM","NsiI.TP366891","11","13179","-0.0059","0.1182","C"
"4","Trait5","FASTmrMLM","NsiI.TP367020","11","13181","1.4832e-05","0.0032","C"
"4","Trait5","FASTmrMLM","NsiI.TP367027","11","13182","0.2074","1.1065","A"
"4","Trait5","FASTmrMLM","NsiI.TP367058","11","13183","-2.0352e-05","0.0045","C"
"4","Trait5","FASTmrMLM","NsiI.TP367183","11","13184","-2.4133e-05","0.0053","A"
"4","Trait5","FASTmrMLM","NsiI.TP367237","11","13185","-0.1049","0.7438","A"
"4","Trait5","FASTmrMLM","NsiI.TP367256","11","13186","1.0777e-05","0.0024","C"
"4","Trait5","FASTmrMLM","NsiI.TP367264","11","13187","4.7548e-06","0.001","A"
"4","Trait5","FASTmrMLM","NsiI.TP367336","11","13188","-1.7952e-05","0.0039","C"
"4","Trait5","FASTmrMLM","NsiI.TP367351","11","13189","-2.031e-05","0.0044","A"
"4","Trait5","FASTmrMLM","NsiI.TP367495","11","13192","-1.019e-06","2e-04","A"
"4","Trait5","FASTmrMLM","NsiI.TP367592","11","13193","-1.9692e-05","0.0043","A"
"4","Trait5","FASTmrMLM","NsiI.TP367706","11","13195","6.0954e-07","1e-04","C"
"4","Trait5","FASTmrMLM","NsiI.TP367709","11","13196","-0.1313","0.5286","A"
"4","Trait5","FASTmrMLM","NsiI.TP367819","11","13197","-1.8115e-05","0.004","C"
"4","Trait5","FASTmrMLM","NsiI.TP368023","11","13199","-3.2862e-05","0.0072","A"
"4","Trait5","FASTmrMLM","NsiI.TP368101","11","13200","-3e-04","0.0157","A"
"4","Trait5","FASTmrMLM","NsiI.TP368818","11","13201","-0.0602","0.5224","C"
"4","Trait5","FASTmrMLM","NsiI.TP368873","11","13202","-8.1053e-06","0.0018","C"
"4","Trait5","FASTmrMLM","NsiI.TP368933","11","13203","-4.6258e-06","0.001","C"
"4","Trait5","FASTmrMLM","NsiI.TP369064","11","13206","2e-04","0.0113","A"
"4","Trait5","FASTmrMLM","NsiI.TP369090","11","13208","-1.4084e-05","0.0031","G"
"4","Trait5","FASTmrMLM","NsiI.TP369099","11","13209","-2.7746e-05","0.0061","A"
"4","Trait5","FASTmrMLM","NsiI.TP369161","11","13210","1.2047e-05","0.0026","A"
"4","Trait5","FASTmrMLM","NsiI.TP369279","11","13211","1.2104e-05","0.0026","C"
"4","Trait5","FASTmrMLM","NsiI.TP369359","11","13212","1.7445e-05","0.0038","C"
"4","Trait5","FASTmrMLM","NsiI.TP369413","11","13214","1.9326e-05","0.0042","C"
"4","Trait5","FASTmrMLM","NsiI.TP369451","11","13216","-0.0499","0.4407","G"
"4","Trait5","FASTmrMLM","NsiI.TP369452","11","13217","-0.0799","0.785","A"
"4","Trait5","FASTmrMLM","NsiI.TP369490","11","13219","1.0583e-06","2e-04","A"
"4","Trait5","FASTmrMLM","NsiI.TP369801","11","13220","0.0645","0.5024","A"
"4","Trait5","FASTmrMLM","NsiI.TP369860","11","13221","1.099e-05","0.0024","C"
"4","Trait5","FASTmrMLM","NsiI.TP370006","11","13222","1.9018e-05","0.0042","A"
"4","Trait5","FASTmrMLM","NsiI.TP370456","11","13225","-0.0609","0.3445","A"
"4","Trait5","FASTmrMLM","NsiI.TP370466","11","13226","-6.6881e-05","0.0087","C"
"4","Trait5","FASTmrMLM","NsiI.TP370606","11","13227","-0.1891","1.0871","A"
"4","Trait5","FASTmrMLM","NsiI.TP370639","11","13228","-1.1488e-05","0.0025","A"
"4","Trait5","FASTmrMLM","NsiI.TP370657","11","13229","-1.1573e-05","0.0025","C"
"4","Trait5","FASTmrMLM","NsiI.TP370698","11","13230","4.7379e-06","0.001","C"
"4","Trait5","FASTmrMLM","NsiI.TP370701","11","13231","0.0392","0.4744","A"
"4","Trait5","FASTmrMLM","NsiI.TP370773","11","13232","-1.5649e-05","0.0034","G"
"4","Trait5","FASTmrMLM","NsiI.TP370797","11","13233","0.11","1.5264","C"
"4","Trait5","FASTmrMLM","NsiI.TP370872","11","13236","3.3738e-06","7e-04","C"
"4","Trait5","FASTmrMLM","NsiI.TP370973","11","13237","1.3428e-05","0.0029","C"
"4","Trait5","FASTmrMLM","NsiI.TP371077","11","13238","3e-04","0.0153","G"
"4","Trait5","FASTmrMLM","NsiI.TP371149","11","13240","4.7481e-05","0.0105","A"
"4","Trait5","FASTmrMLM","NsiI.TP371513","11","13241","-5.8011e-06","0.0013","C"
"4","Trait5","FASTmrMLM","NsiI.TP371701","11","13242","-0.041","0.2653","A"
"4","Trait5","FASTmrMLM","NsiI.TP371724","11","13243","2.0878e-05","0.0046","C"
"4","Trait5","FASTmrMLM","NsiI.TP371761","11","13244","7.032e-06","0.0015","C"
"4","Trait5","FASTmrMLM","NsiI.TP372179","11","13245","-3.0187e-05","0.0066","A"
"4","Trait5","FASTmrMLM","NsiI.TP372712","11","13248","0.1872","1.5145","A"
"4","Trait5","FASTmrMLM","NsiI.TP372807","11","13249","1.0466e-05","0.0023","C"
"4","Trait5","FASTmrMLM","NsiI.TP372828","11","13250","2.3147e-05","0.0051","C"
"4","Trait5","FASTmrMLM","NsiI.TP373041","11","13252","1.0966e-06","2e-04","A"
"4","Trait5","FASTmrMLM","NsiI.TP373067","11","13253","-7.5349e-06","0.0016","A"
"4","Trait5","FASTmrMLM","NsiI.TP373151","11","13254","6.4589e-06","0.0014","G"
"4","Trait5","FASTmrMLM","NsiI.TP373162","11","13255","-0.0073","0.0881","C"
"4","Trait5","FASTmrMLM","NsiI.TP373424","11","13257","0.059","0.411","C"
"4","Trait5","FASTmrMLM","NsiI.TP373581","11","13258","-0.0627","0.3518","A"
"4","Trait5","FASTmrMLM","NsiI.TP373942","11","13260","-0.0438","0.4043","A"
"4","Trait5","FASTmrMLM","NsiI.TP374113","11","13261","-5.5076e-06","0.0012","A"
"4","Trait5","FASTmrMLM","NsiI.TP374397","11","13262","1.4889e-06","3e-04","C"
"4","Trait5","FASTmrMLM","NsiI.TP374405","11","13263","2.9596e-05","0.0065","C"
"4","Trait5","FASTmrMLM","NsiI.TP374411","11","13264","-1.3448e-05","0.0029","A"
"4","Trait5","FASTmrMLM","NsiI.TP374704","11","13267","0.0811","0.7445","C"
"4","Trait5","FASTmrMLM","NsiI.TP374737","11","13268","-0.1106","0.3822","A"
"4","Trait5","FASTmrMLM","NsiI.TP374805","11","13270","2.4517e-05","0.0054","A"
"4","Trait5","FASTmrMLM","NsiI.TP374987","11","13273","-2.8989e-05","0.0064","C"
"4","Trait5","FASTmrMLM","NsiI.TP375188","11","13274","0.0346","0.2568","A"
"4","Trait5","FASTmrMLM","NsiI.TP375220","11","13275","-0.0458","0.3217","A"
"4","Trait5","FASTmrMLM","NsiI.TP375293","11","13276","1.5029e-06","3e-04","A"
"4","Trait5","FASTmrMLM","NsiI.TP375341","11","13277","1.6476e-05","0.0036","C"
"4","Trait5","FASTmrMLM","NsiI.TP375418","11","13279","-0.158","0.734","C"
"4","Trait5","FASTmrMLM","NsiI.TP375430","11","13280","-3.1552e-06","7e-04","C"
"4","Trait5","FASTmrMLM","NsiI.TP375455","11","13281","-0.1676","0.77","A"
"4","Trait5","FASTmrMLM","NsiI.TP375571","11","13283","1.0802e-05","0.0024","A"
"4","Trait5","FASTmrMLM","NsiI.TP375610","11","13284","-0.0275","0.3539","C"
"4","Trait5","FASTmrMLM","NsiI.TP375642","11","13285","-0.025","0.3068","C"
"4","Trait5","FASTmrMLM","NsiI.TP375729","11","13287","0.1807","0.8723","A"
"4","Trait5","FASTmrMLM","NsiI.TP375865","11","13289","-1.5104e-05","0.0033","A"
"4","Trait5","FASTmrMLM","NsiI.TP375874","11","13290","-0.1121","1.3294","A"
"4","Trait5","FASTmrMLM","NsiI.TP375920","11","13291","-4.5173e-06","0.001","A"
"4","Trait5","FASTmrMLM","NsiI.TP376017","11","13292","1.3377e-05","0.0029","C"
"4","Trait5","FASTmrMLM","NsiI.TP376066","11","13294","1.59e-05","0.0035","C"
"4","Trait5","FASTmrMLM","NsiI.TP376074","11","13295","-0.0511","0.6422","A"
"4","Trait5","FASTmrMLM","NsiI.TP376139","11","13296","-0.0485","0.3615","A"
"4","Trait5","FASTmrMLM","NsiI.TP376570","11","13299","-3.0877e-05","0.0068","A"
"4","Trait5","FASTmrMLM","NsiI.TP376743","11","13300","2.5815e-05","0.0057","C"
"4","Trait5","FASTmrMLM","NsiI.TP376960","11","13302","-0.0663","0.6059","C"
"4","Trait5","FASTmrMLM","NsiI.TP377223","11","13305","2e-04","0.0117","A"
"4","Trait5","FASTmrMLM","NsiI.TP377407","11","13306","-3.4432e-06","8e-04","A"
"4","Trait5","FASTmrMLM","NsiI.TP377416","11","13307","0.1328","1.3061","A"
"4","Trait5","FASTmrMLM","NsiI.TP377434","11","13308","-1.4807e-05","0.0032","G"
"4","Trait5","FASTmrMLM","NsiI.TP377446","11","13309","-8.2991e-06","0.0018","A"
"4","Trait5","FASTmrMLM","NsiI.TP377901","11","13310","0.0565","0.4777","C"
"4","Trait5","FASTmrMLM","NsiI.TP377961","11","13311","0.1619","1.4041","A"
"4","Trait5","FASTmrMLM","NsiI.TP378016","11","13312","2.1774e-05","0.0048","C"
"4","Trait5","FASTmrMLM","NsiI.TP378143","11","13313","-2e-04","0.0135","C"
"4","Trait5","FASTmrMLM","NsiI.TP378255","11","13314","-5.6253e-06","0.0012","C"
"4","Trait5","FASTmrMLM","NsiI.TP378653","11","13315","4.6933e-06","0.001","A"
"4","Trait5","FASTmrMLM","NsiI.TP378703","11","13317","-3.4311e-05","0.0075","C"
"4","Trait5","FASTmrMLM","NsiI.TP379018","11","13318","-2e-04","0.0148","C"
"4","Trait5","FASTmrMLM","NsiI.TP379226","11","13319","-1.54e-05","0.0034","C"
"4","Trait5","FASTmrMLM","NsiI.TP379282","11","13321","7.4106e-05","0.0084","A"
"4","Trait5","FASTmrMLM","NsiI.TP379426","11","13322","-6.3321e-07","1e-04","A"
"4","Trait5","FASTmrMLM","NsiI.TP379435","11","13323","-0.1163","1.0124","C"
"4","Trait5","FASTmrMLM","NsiI.TP379507","11","13324","-7.1899e-06","0.0016","C"
"4","Trait5","FASTmrMLM","NsiI.TP379566","11","13325","-1.2532e-05","0.0027","C"
"4","Trait5","FASTmrMLM","NsiI.TP379567","11","13326","-1.1047e-05","0.0024","C"
"4","Trait5","FASTmrMLM","NsiI.TP379663","11","13328","-8.4927e-06","0.0019","C"
"4","Trait5","FASTmrMLM","NsiI.TP379678","11","13329","-5.8738e-07","1e-04","A"
"4","Trait5","FASTmrMLM","NsiI.TP379807","11","13331","-0.0187","0.2955","A"
"4","Trait5","FASTmrMLM","NsiI.TP379955","11","13333","-1.1447e-05","0.0025","A"
"4","Trait5","FASTmrMLM","NsiI.TP380123","11","13334","-5.5743e-06","0.0012","C"
"4","Trait5","FASTmrMLM","NsiI.TP380263","11","13335","5.1671e-06","0.0011","A"
"4","Trait5","FASTmrMLM","NsiI.TP380271","11","13336","-2.4509e-05","0.0054","C"
"4","Trait5","FASTmrMLM","NsiI.TP380536","11","13337","9.852e-06","0.0021","A"
"4","Trait5","FASTmrMLM","NsiI.TP380711","11","13339","-1.0606e-05","0.0023","A"
"4","Trait5","FASTmrMLM","NsiI.TP380747","11","13340","-1.5383e-05","0.0034","A"
"4","Trait5","FASTmrMLM","NsiI.TP380947","11","13343","0.2063","0.8488","A"
"4","Trait5","FASTmrMLM","NsiI.TP381158","11","13344","-1.4617e-05","0.0032","C"
"4","Trait5","FASTmrMLM","NsiI.TP381231","11","13346","-0.0977","0.4094","C"
"4","Trait5","FASTmrMLM","NsiI.TP381345","11","13349","-1e-04","0.0089","A"
"4","Trait5","FASTmrMLM","NsiI.TP381754","11","13353","-4.2091e-05","0.0093","C"
"4","Trait5","FASTmrMLM","NsiI.TP381783","11","13354","-0.2145","1.7047","C"
"4","Trait5","FASTmrMLM","NsiI.TP381932","11","13355","-3.7491e-05","0.0082","A"
"4","Trait5","FASTmrMLM","NsiI.TP382431","11","13359","0.0833","0.6782","C"
"4","Trait5","FASTmrMLM","NsiI.TP382582","11","13360","-0.0169","0.2115","C"
"4","Trait5","FASTmrMLM","NsiI.TP382804","11","13361","-2.0267e-05","0.0044","A"
"4","Trait5","FASTmrMLM","NsiI.TP382835","11","13362","1.4314e-05","0.0031","A"
"4","Trait5","FASTmrMLM","NsiI.TP382864","11","13363","0.0234","0.2084","C"
"4","Trait5","FASTmrMLM","NsiI.TP383029","11","13365","-1.0566e-05","0.0023","A"
"4","Trait5","FASTmrMLM","NsiI.TP383066","11","13367","0.0532","0.5037","C"
"4","Trait5","FASTmrMLM","NsiI.TP383197","11","13368","1.3627e-05","0.003","C"
"4","Trait5","FASTmrMLM","NsiI.TP383200","11","13370","-0.0912","0.8221","A"
"4","Trait5","FASTmrMLM","NsiI.TP383245","11","13371","3.7515e-07","8.1647e-05","C"
"4","Trait5","FASTmrMLM","NsiI.TP383699","11","13372","-2.4629e-06","5e-04","A"
"4","Trait5","FASTmrMLM","NsiI.TP383949","11","13373","7.5937e-06","0.0017","C"
"4","Trait5","FASTmrMLM","NsiI.TP384044","11","13374","6.6867e-06","0.0015","A"
"4","Trait5","FASTmrMLM","NsiI.TP384120","11","13376","0.1434","1.1508","C"
"4","Trait5","FASTmrMLM","NsiI.TP384130","11","13377","-1.6949e-06","4e-04","C"
"4","Trait5","FASTmrMLM","NsiI.TP384160","11","13378","-1.1864e-06","3e-04","C"
"4","Trait5","FASTmrMLM","NsiI.TP384172","11","13379","-7.0105e-06","0.0015","C"
"4","Trait5","FASTmrMLM","NsiI.TP384237","11","13380","4.2677e-06","9e-04","C"
"4","Trait5","FASTmrMLM","NsiI.TP384295","11","13381","4.3525e-07","9.4726e-05","C"
"4","Trait5","FASTmrMLM","NsiI.TP384711","11","13384","-1.6812e-05","0.0037","G"
"4","Trait5","FASTmrMLM","NsiI.TP384737","11","13385","8.306e-06","0.0018","A"
"4","Trait5","FASTmrMLM","NsiI.TP384761","11","13386","-0.0185","0.1501","A"
"4","Trait5","FASTmrMLM","NsiI.TP384887","11","13387","0.3141","1.5476","A"
"4","Trait5","FASTmrMLM","NsiI.TP385076","11","13388","0.0605","0.3846","A"
"4","Trait5","FASTmrMLM","NsiI.TP385278","11","13389","1.4118e-05","0.0031","A"
"4","Trait5","FASTmrMLM","NsiI.TP385322","11","13390","2.3663e-06","5e-04","A"
"4","Trait5","FASTmrMLM","NsiI.TP385328","11","13392","0.1177","0.968","A"
"4","Trait5","FASTmrMLM","NsiI.TP385347","11","13393","5.7268e-07","1e-04","C"
"4","Trait5","FASTmrMLM","NsiI.TP385591","11","13394","6.7551e-06","0.0015","A"
"4","Trait5","FASTmrMLM","NsiI.TP386050","11","13395","-1.7205e-05","0.0038","A"
"4","Trait5","FASTmrMLM","NsiI.TP386342","11","13397","-0.0509","0.2148","C"
"4","Trait5","FASTmrMLM","NsiI.TP386794","11","13401","-0.0189","0.2691","A"
"4","Trait5","FASTmrMLM","NsiI.TP387336","11","13406","0.255","1.2179","C"
"4","Trait5","FASTmrMLM","NsiI.TP387853","11","13409","8.2952e-06","0.0018","C"
"4","Trait5","FASTmrMLM","NsiI.TP388058","11","13411","1.9942e-05","0.0044","C"
"4","Trait5","FASTmrMLM","NsiI.TP388598","11","13416","0.1413","0.8808","C"
"4","Trait5","FASTmrMLM","NsiI.TP388806","11","13418","-9.716e-06","0.0021","C"
"4","Trait5","FASTmrMLM","NsiI.TP388882","11","13419","-1.5967e-05","0.0035","A"
"4","Trait5","FASTmrMLM","NsiI.TP388920","11","13420","5.6553e-06","0.0012","A"
"4","Trait5","FASTmrMLM","NsiI.TP388928","11","13421","0.087","0.5942","A"
"4","Trait5","FASTmrMLM","NsiI.TP388993","11","13423","1.9691e-07","4.2852e-05","C"
"4","Trait5","FASTmrMLM","NsiI.TP389065","11","13424","5.8555e-07","1e-04","C"
"4","Trait5","FASTmrMLM","NsiI.TP389150","11","13425","0.0171","0.2197","A"
"4","Trait5","FASTmrMLM","NsiI.TP389298","11","13427","6.4771e-06","0.0014","A"
"4","Trait5","FASTmrMLM","NsiI.TP389311","11","13428","-2.0946e-05","0.0046","A"
"4","Trait5","FASTmrMLM","NsiI.TP389335","11","13429","1.0613e-05","0.0023","A"
"4","Trait5","FASTmrMLM","NsiI.TP389596","11","13430","-2.8525e-05","0.0063","G"
"4","Trait5","FASTmrMLM","NsiI.TP389713","11","13432","-5.3385e-06","0.0012","A"
"4","Trait5","FASTmrMLM","NsiI.TP389716","11","13433","-0.0262","0.3527","A"
"4","Trait5","FASTmrMLM","NsiI.TP389886","11","13435","-0.115","0.4244","A"
"4","Trait5","FASTmrMLM","NsiI.TP389962","11","13436","-1.394e-05","0.003","C"
"4","Trait5","FASTmrMLM","NsiI.TP389974","11","13437","3.5305e-06","8e-04","A"
"4","Trait5","FASTmrMLM","NsiI.TP389999","11","13438","-3.4052e-05","0.0075","A"
"4","Trait5","FASTmrMLM","NsiI.TP390369","11","13439","-1.9121e-06","4e-04","C"
"4","Trait5","FASTmrMLM","NsiI.TP390623","11","13441","1.4388e-05","0.0031","A"
"4","Trait5","FASTmrMLM","NsiI.TP390772","11","13442","0.0445","0.5388","A"
"4","Trait5","FASTmrMLM","NsiI.TP391004","11","13445","8.7847e-06","0.0019","A"
"4","Trait5","FASTmrMLM","NsiI.TP391114","11","13448","0.1627","0.9902","A"
"4","Trait5","FASTmrMLM","NsiI.TP391218","11","13450","4.2859e-05","0.0094","C"
"4","Trait5","FASTmrMLM","NsiI.TP391265","11","13451","1.8357e-05","0.004","A"
"4","Trait5","FASTmrMLM","NsiI.TP391356","11","13452","-9.5015e-06","0.0021","C"
"4","Trait5","FASTmrMLM","NsiI.TP391371","11","13453","-1.3785e-05","0.003","A"
"4","Trait5","FASTmrMLM","NsiI.TP391470","11","13454","-0.0147","0.1558","C"
"4","Trait5","FASTmrMLM","NsiI.TP391523","11","13456","-9.6644e-06","0.0021","A"
"4","Trait5","FASTmrMLM","NsiI.TP391829","11","13458","8.2264e-06","0.0018","A"
"4","Trait5","FASTmrMLM","NsiI.TP391894","11","13459","-6.8004e-06","0.0015","A"
"4","Trait5","FASTmrMLM","NsiI.TP392037","11","13462","3.6734e-06","8e-04","C"
"4","Trait5","FASTmrMLM","NsiI.TP392213","11","13465","0.014","0.1886","A"
"4","Trait5","FASTmrMLM","NsiI.TP392482","11","13467","-1.4888e-05","0.0033","C"
"4","Trait5","FASTmrMLM","NsiI.TP392908","11","13468","-1.9527e-05","0.0043","C"
"4","Trait5","FASTmrMLM","NsiI.TP392945","11","13469","7.0971e-06","0.0015","G"
"4","Trait5","FASTmrMLM","NsiI.TP393109","11","13472","-1.3781e-08","2.999e-06","A"
"4","Trait5","FASTmrMLM","NsiI.TP393752","11","13473","1.1005e-05","0.0024","A"
"4","Trait5","FASTmrMLM","NsiI.TP393989","11","13474","0.0904","0.5947","C"
"4","Trait5","FASTmrMLM","NsiI.TP394305","11","13476","0.0914","0.4432","A"
"4","Trait5","FASTmrMLM","NsiI.TP394615","11","13478","-4.746e-06","0.001","C"
"4","Trait5","FASTmrMLM","NsiI.TP395597","11","13480","-4.7606e-06","0.001","A"
"4","Trait5","FASTmrMLM","NsiI.TP395626","11","13481","-2.5816e-06","6e-04","C"
"4","Trait5","FASTmrMLM","NsiI.TP395697","11","13483","1.2585e-05","0.0027","A"
"4","Trait5","FASTmrMLM","NsiI.TP395714","11","13484","-2.7342e-07","5.9515e-05","A"
"4","Trait5","FASTmrMLM","NsiI.TP395732","11","13485","-2.2015e-05","0.0048","C"
"4","Trait5","FASTmrMLM","NsiI.TP395736","11","13486","1.1184e-05","0.0024","A"
"4","Trait5","FASTmrMLM","NsiI.TP395737","11","13487","9.731e-06","0.0021","G"
"4","Trait5","FASTmrMLM","NsiI.TP395759","11","13488","0.0142","0.2014","C"
"4","Trait5","FASTmrMLM","NsiI.TP395838","11","13489","1.8087e-05","0.004","A"
"4","Trait5","FASTmrMLM","NsiI.TP395840","11","13490","-2.0241e-05","0.0044","C"
"4","Trait5","FASTmrMLM","NsiI.TP395863","11","13491","-2.8094e-05","0.0062","C"
"4","Trait5","FASTmrMLM","NsiI.TP396775","11","13495","-5.2109e-06","0.0011","A"
"4","Trait5","FASTmrMLM","NsiI.TP397001","11","13497","0.106","1.2991","A"
"4","Trait5","FASTmrMLM","NsiI.TP397080","11","13499","-3.3226e-05","0.0073","C"
"4","Trait5","FASTmrMLM","NsiI.TP397093","11","13500","-1.773e-05","0.0039","G"
"4","Trait5","FASTmrMLM","NsiI.TP397133","11","13501","1.4382e-05","0.0031","A"
"4","Trait5","FASTmrMLM","NsiI.TP397338","11","13503","-1.7477e-05","0.0038","C"
"4","Trait5","FASTmrMLM","NsiI.TP397454","11","13504","-1.6583e-05","0.0036","C"
"4","Trait5","FASTmrMLM","NsiI.TP397551","11","13505","1.5313e-05","0.0033","G"
"4","Trait5","FASTmrMLM","NsiI.TP397682","11","13507","-1.6236e-05","0.0035","A"
"4","Trait5","FASTmrMLM","NsiI.TP398250","11","13511","-1.308e-05","0.0029","C"
"4","Trait5","FASTmrMLM","NsiI.TP398377","11","13512","1.3541e-05","0.003","C"
"4","Trait5","FASTmrMLM","NsiI.TP398510","11","13513","0.0587","0.7347","A"
"4","Trait5","FASTmrMLM","NsiI.TP399291","11","13519","-2.8873e-06","6e-04","C"
"4","Trait5","FASTmrMLM","NsiI.TP399428","11","13521","3.6494e-06","8e-04","C"
"4","Trait5","FASTmrMLM","NsiI.TP400105","11","13522","0.0072","0.0856","A"
"4","Trait5","FASTmrMLM","NsiI.TP400271","11","13523","-0.0877","0.4076","A"
"4","Trait5","FASTmrMLM","NsiI.TP400485","11","13527","0.1644","0.9815","A"
"4","Trait5","FASTmrMLM","NsiI.TP400661","11","13528","4.4505e-06","0.001","A"
"4","Trait5","FASTmrMLM","NsiI.TP400977","11","13529","1.9942e-05","0.0044","C"
"4","Trait5","FASTmrMLM","NsiI.TP401000","11","13530","2.2127e-06","5e-04","A"
"4","Trait5","FASTmrMLM","NsiI.TP401051","11","13531","-1.6672e-05","0.0036","A"
"4","Trait5","FASTmrMLM","NsiI.TP401109","11","13532","8.5655e-07","2e-04","A"
"4","Trait5","FASTmrMLM","NsiI.TP401115","11","13533","-0.0907","0.5943","A"
"4","Trait5","FASTmrMLM","NsiI.TP401126","11","13534","-0.1701","0.8886","A"
"4","Trait5","FASTmrMLM","NsiI.TP401140","11","13535","-0.0365","0.2893","A"
"4","Trait5","FASTmrMLM","NsiI.TP401148","11","13536","7.018e-06","0.0015","C"
"4","Trait5","FASTmrMLM","NsiI.TP401321","11","13537","-8.883e-06","0.0019","A"
"4","Trait5","FASTmrMLM","NsiI.TP401322","11","13538","-7.0244e-06","0.0015","G"
"4","Trait5","FASTmrMLM","NsiI.TP401676","11","13539","2.5729e-06","6e-04","C"
"4","Trait5","FASTmrMLM","NsiI.TP401735","11","13540","-1.065e-05","0.0023","A"
"4","Trait5","FASTmrMLM","NsiI.TP401909","11","13541","0.0525","0.4975","C"
"4","Trait5","FASTmrMLM","NsiI.TP402090","11","13542","5.6397e-06","0.0012","C"
"4","Trait5","FASTmrMLM","NsiI.TP402255","11","13543","7.8687e-06","0.0017","A"
"4","Trait5","FASTmrMLM","NsiI.TP402510","11","13544","-2.9597e-06","6e-04","C"
"4","Trait5","FASTmrMLM","NsiI.TP402781","11","13547","4.6309e-05","0.0072","A"
"4","Trait5","FASTmrMLM","NsiI.TP402946","11","13548","-0.0477","0.4288","C"
"4","Trait5","FASTmrMLM","NsiI.TP403136","11","13550","3.9334e-05","0.0086","A"
"4","Trait5","FASTmrMLM","NsiI.TP403347","11","13551","0.0508","0.5771","C"
"4","Trait5","FASTmrMLM","NsiI.TP403394","11","13552","3.0027e-05","0.0053","A"
"4","Trait5","FASTmrMLM","NsiI.TP403490","11","13553","3.2954e-05","0.0072","A"
"4","Trait5","FASTmrMLM","NsiI.TP403617","11","13555","3.2907e-06","7e-04","A"
"4","Trait5","FASTmrMLM","NsiI.TP403681","11","13557","-1.0753e-05","0.0023","C"
"4","Trait5","FASTmrMLM","NsiI.TP403861","11","13559","-1.3058e-05","0.0029","C"
"4","Trait5","FASTmrMLM","NsiI.TP403935","11","13560","0.1097","0.5967","A"
"4","Trait5","FASTmrMLM","NsiI.TP404027","11","13562","7.8248e-06","0.0017","A"
"4","Trait5","FASTmrMLM","NsiI.TP404087","11","13564","-4.8217e-06","0.0011","A"
"4","Trait5","FASTmrMLM","NsiI.TP404218","11","13565","-1.0163e-05","0.0022","A"
"4","Trait5","FASTmrMLM","NsiI.TP404473","11","13567","-0.1312","1.1284","G"
"4","Trait5","FASTmrMLM","NsiI.TP404592","11","13568","-6.5452e-06","0.0014","C"
"4","Trait5","FASTmrMLM","NsiI.TP404690","11","13569","-0.0451","0.4396","C"
"4","Trait5","FASTmrMLM","NsiI.TP404873","11","13571","4.498e-05","0.0099","C"
"4","Trait5","FASTmrMLM","NsiI.TP404945","11","13572","0.0231","0.1847","A"
"4","Trait5","FASTmrMLM","NsiI.TP405008","11","13573","-0.0125","0.1401","C"
"4","Trait5","FASTmrMLM","NsiI.TP405016","11","13574","0.0455","0.4661","C"
"4","Trait5","FASTmrMLM","NsiI.TP405131","11","13575","-1.2255e-07","2.6672e-05","A"
"4","Trait5","FASTmrMLM","NsiI.TP405362","11","13576","-5.267e-06","0.0011","A"
"4","Trait5","FASTmrMLM","NsiI.TP405564","11","13578","0.0226","0.1693","A"
"4","Trait5","FASTmrMLM","NsiI.TP405700","11","13579","-7.0824e-06","0.0015","A"
"4","Trait5","FASTmrMLM","NsiI.TP406073","11","13580","2.3855e-05","0.0052","A"
"4","Trait5","FASTmrMLM","NsiI.TP406206","11","13582","-1.3106e-05","0.0029","C"
"4","Trait5","FASTmrMLM","NsiI.TP406302","11","13584","2.9632e-05","0.0065","A"
"4","Trait5","FASTmrMLM","NsiI.TP406307","11","13585","1.0741e-05","0.0023","A"
"4","Trait5","FASTmrMLM","NsiI.TP406324","11","13586","-3.4058e-05","0.0075","A"
"4","Trait5","FASTmrMLM","NsiI.TP406369","11","13587","1.5655e-05","0.0034","A"
"4","Trait5","FASTmrMLM","NsiI.TP406413","11","13588","1.6745e-05","0.0037","C"
"4","Trait5","FASTmrMLM","NsiI.TP406460","11","13589","-3.1134e-08","6.7752e-06","A"
"4","Trait5","FASTmrMLM","NsiI.TP406542","11","13590","-2.8519e-05","0.0063","C"
"4","Trait5","FASTmrMLM","NsiI.TP406650","11","13591","-1.3528e-05","0.003","A"
"4","Trait5","FASTmrMLM","NsiI.TP406701","11","13592","0.0884","0.5139","C"
"4","Trait5","FASTmrMLM","NsiI.TP406723","11","13594","-0.0851","0.6342","C"
"4","Trait5","FASTmrMLM","NsiI.TP406752","11","13595","-8.1655e-06","0.0018","C"
"4","Trait5","FASTmrMLM","NsiI.TP406794","11","13596","-0.1419","1.0034","G"
"4","Trait5","FASTmrMLM","NsiI.TP406831","11","13597","0.0679","0.3551","C"
"4","Trait5","FASTmrMLM","NsiI.TP406870","11","13598","4e-04","0.0175","C"
"4","Trait5","FASTmrMLM","NsiI.TP407011","11","13599","7.3981e-06","0.0016","C"
"4","Trait5","FASTmrMLM","NsiI.TP407054","11","13601","-0.0955","1.3488","G"
"4","Trait5","FASTmrMLM","NsiI.TP407161","11","13603","-1.7027e-05","0.0037","C"
"4","Trait5","FASTmrMLM","NsiI.TP407178","11","13604","-0.0771","0.5711","C"
"4","Trait5","FASTmrMLM","NsiI.TP407233","11","13606","1.5403e-05","0.0034","G"
"4","Trait5","FASTmrMLM","NsiI.TP407300","11","13607","-3.0655e-05","0.0067","C"
"4","Trait5","FASTmrMLM","NsiI.TP407317","11","13608","3.6111e-05","0.0079","A"
"4","Trait5","FASTmrMLM","NsiI.TP407352","11","13609","-1.9613e-05","0.0043","A"
"4","Trait5","FASTmrMLM","NsiI.TP407488","11","13610","-5.0759e-08","1.1047e-05","G"
"4","Trait5","FASTmrMLM","NsiI.TP407517","11","13611","2.1524e-05","0.0047","C"
"4","Trait5","FASTmrMLM","NsiI.TP407565","11","13613","1.0578e-05","0.0023","C"
"4","Trait5","FASTmrMLM","NsiI.TP407709","11","13617","-2.1596e-05","0.0047","A"
"4","Trait5","FASTmrMLM","NsiI.TP407718","11","13618","-0.3581","1.3571","A"
"4","Trait5","FASTmrMLM","NsiI.TP408071","11","13621","3.6512e-06","8e-04","A"
"4","Trait5","FASTmrMLM","NsiI.TP408135","11","13622","1.3952e-05","0.003","A"
"4","Trait5","FASTmrMLM","NsiI.TP408302","11","13625","-8.4247e-06","0.0018","G"
"4","Trait5","FASTmrMLM","NsiI.TP408370","11","13626","4.0668e-06","9e-04","C"
"4","Trait5","FASTmrMLM","NsiI.TP408457","11","13628","-0.1136","0.6691","C"
"4","Trait5","FASTmrMLM","NsiI.TP408466","11","13629","1.0036e-05","0.0022","A"
"4","Trait5","FASTmrMLM","NsiI.TP408741","11","13632","2.2468e-06","5e-04","A"
"4","Trait5","FASTmrMLM","NsiI.TP408761","11","13633","2.4309e-06","5e-04","G"
"4","Trait5","FASTmrMLM","NsiI.TP408816","11","13634","0.1007","1.396","C"
"4","Trait5","FASTmrMLM","NsiI.TP408972","11","13635","-5.8892e-06","0.0013","G"
"4","Trait5","FASTmrMLM","NsiI.TP409068","11","13636","2.0365e-05","0.0045","A"
"4","Trait5","FASTmrMLM","NsiI.TP409172","11","13637","3.4582e-05","0.0076","A"
"4","Trait5","FASTmrMLM","NsiI.TP409224","11","13638","0.1691","0.9065","G"
"4","Trait5","FASTmrMLM","NsiI.TP409351","11","13639","-0.1001","0.6985","A"
"4","Trait5","FASTmrMLM","NsiI.TP409357","11","13640","0.007","0.1339","C"
"4","Trait5","FASTmrMLM","NsiI.TP409401","11","13641","-1.018e-05","0.0022","C"
"4","Trait5","FASTmrMLM","NsiI.TP409473","11","13642","-3.5171e-06","8e-04","G"
"4","Trait5","FASTmrMLM","NsiI.TP409596","11","13643","0.0221","0.3223","A"
"4","Trait5","FASTmrMLM","NsiI.TP409757","11","13644","-4.1427e-06","9e-04","G"
"4","Trait5","FASTmrMLM","NsiI.TP409929","11","13646","1.4846e-05","0.0032","C"
"4","Trait5","FASTmrMLM","NsiI.TP409972","11","13648","2.2055e-05","0.0048","C"
"4","Trait5","FASTmrMLM","NsiI.TP410067","11","13649","-2.3738e-05","0.0052","A"
"4","Trait5","FASTmrMLM","NsiI.TP410138","11","13651","6.2554e-06","0.0014","A"
"4","Trait5","FASTmrMLM","NsiI.TP410143","11","13652","1.9936e-05","0.0044","A"
"4","Trait5","FASTmrMLM","NsiI.TP410237","11","13653","-0.0257","0.3082","A"
"4","Trait5","FASTmrMLM","NsiI.TP410683","11","13656","0.063","0.4775","A"
"4","Trait5","FASTmrMLM","NsiI.TP410698","11","13657","-8.3054e-06","0.0018","A"
"4","Trait5","FASTmrMLM","NsiI.TP410750","11","13658","-0.0673","0.4319","A"
"4","Trait5","FASTmrMLM","NsiI.TP410755","11","13659","1.2054e-05","0.0026","A"
"4","Trait5","FASTmrMLM","NsiI.TP410888","11","13661","-1.0303e-05","0.0022","G"
"4","Trait5","FASTmrMLM","NsiI.TP411044","11","13663","1.4607e-05","0.0032","C"
"4","Trait5","FASTmrMLM","NsiI.TP411146","11","13664","-3.0928e-06","7e-04","G"
"4","Trait5","FASTmrMLM","NsiI.TP411208","11","13665","0.0887","0.7549","C"
"4","Trait5","FASTmrMLM","NsiI.TP411290","11","13666","-8.6247e-06","0.0019","A"
"4","Trait5","FASTmrMLM","NsiI.TP411326","11","13667","1.9361e-05","0.0042","C"
"4","Trait5","FASTmrMLM","NsiI.TP411356","11","13668","-5.2608e-06","0.0011","A"
"4","Trait5","FASTmrMLM","NsiI.TP411460","11","13669","0.1571","2.4654","C"
"4","Trait5","FASTmrMLM","NsiI.TP411469","11","13670","3.5996e-05","0.0079","A"
"4","Trait5","FASTmrMLM","NsiI.TP411478","11","13671","-3.1791e-06","7e-04","C"
"4","Trait5","FASTmrMLM","NsiI.TP411555","11","13672","-0.0579","0.3651","A"
"4","Trait5","FASTmrMLM","NsiI.TP411619","11","13674","-2.5378e-05","0.0056","C"
"4","Trait5","FASTmrMLM","NsiI.TP411670","11","13675","-0.0367","0.39","C"
"4","Trait5","FASTmrMLM","NsiI.TP411756","11","13676","0.1209","0.93","A"
"4","Trait5","FASTmrMLM","NsiI.TP411803","11","13677","-0.1778","0.7123","C"
"4","Trait5","FASTmrMLM","NsiI.TP411806","11","13678","0.0599","0.7089","C"
"4","Trait5","FASTmrMLM","NsiI.TP411899","11","13681","2.6488e-06","6e-04","C"
"4","Trait5","FASTmrMLM","NsiI.TP411912","11","13682","-0.0324","0.4312","A"
"4","Trait5","FASTmrMLM","NsiI.TP412144","11","13683","8.4289e-06","0.0018","A"
"4","Trait5","FASTmrMLM","NsiI.TP412216","11","13684","-1.0557e-05","0.0023","C"
"4","Trait5","FASTmrMLM","NsiI.TP412249","11","13685","3.9214e-06","9e-04","A"
"4","Trait5","FASTmrMLM","NsiI.TP412259","11","13686","0.192","1.1702","A"
"4","Trait5","FASTmrMLM","NsiI.TP412307","11","13687","0.0673","0.4294","C"
"4","Trait5","FASTmrMLM","NsiI.TP412339","11","13688","-2e-04","0.0121","C"
"4","Trait5","FASTmrMLM","NsiI.TP412406","11","13689","-7.366e-06","0.0016","C"
"4","Trait5","FASTmrMLM","NsiI.TP412455","11","13690","-2.8727e-06","6e-04","C"
"4","Trait5","FASTmrMLM","NsiI.TP412489","11","13691","1.05e-05","0.0023","A"
"4","Trait5","FASTmrMLM","NsiI.TP412802","11","13693","0.0355","0.2878","A"
"4","Trait5","FASTmrMLM","NsiI.TP412810","11","13694","3.6348e-06","8e-04","A"
"4","Trait5","FASTmrMLM","NsiI.TP412867","11","13695","-2.6854e-05","0.0059","A"
"4","Trait5","FASTmrMLM","NsiI.TP412912","11","13697","-9.7323e-07","2e-04","C"
"4","Trait5","FASTmrMLM","NsiI.TP412935","11","13698","3.1343e-05","0.0069","G"
"4","Trait5","FASTmrMLM","NsiI.TP413273","11","13699","0.0173","0.1724","A"
"4","Trait5","FASTmrMLM","NsiI.TP413358","11","13700","-3.66e-05","0.008","C"
"4","Trait5","FASTmrMLM","NsiI.TP413555","11","13704","0.0338","0.2959","A"
"4","Trait5","FASTmrMLM","NsiI.TP413619","11","13706","-1.3553e-06","3e-04","C"
"4","Trait5","FASTmrMLM","NsiI.TP413741","11","13708","-8.1201e-06","0.0018","A"
"4","Trait5","FASTmrMLM","NsiI.TP413855","11","13709","1.415e-05","0.0031","C"
"4","Trait5","FASTmrMLM","NsiI.TP413949","11","13711","-0.007","0.083","G"
"4","Trait5","FASTmrMLM","NsiI.TP413968","11","13712","1.1776e-05","0.0026","A"
"4","Trait5","FASTmrMLM","NsiI.TP413999","11","13713","0.1755","2.2798","A"
"4","Trait5","FASTmrMLM","NsiI.TP414264","11","13716","0.0512","0.3789","C"
"4","Trait5","FASTmrMLM","NsiI.TP414494","11","13717","1.1798e-05","0.0026","G"
"4","Trait5","FASTmrMLM","NsiI.TP414531","11","13719","1.33e-05","0.0029","A"
"4","Trait5","FASTmrMLM","NsiI.TP414672","11","13720","-1.2247e-05","0.0027","A"
"4","Trait5","FASTmrMLM","NsiI.TP414673","11","13721","0.068","0.4733","G"
"4","Trait5","FASTmrMLM","NsiI.TP414778","11","13722","-0.2009","0.6699","C"
"4","Trait5","FASTmrMLM","NsiI.TP414813","11","13723","0.1494","0.5998","C"
"4","Trait5","FASTmrMLM","NsiI.TP414921","11","13724","-0.1056","1.3027","C"
"4","Trait5","FASTmrMLM","NsiI.TP415241","11","13725","-0.018","0.2473","A"
"4","Trait5","FASTmrMLM","NsiI.TP415246","11","13726","-0.0236","0.1973","A"
"4","Trait5","FASTmrMLM","NsiI.TP415423","11","13729","-0.026","0.3402","A"
"4","Trait5","FASTmrMLM","NsiI.TP415555","11","13730","1.2002e-05","0.0026","C"
"4","Trait5","FASTmrMLM","NsiI.TP415579","11","13731","3.0147e-05","0.0066","C"
"4","Trait5","FASTmrMLM","NsiI.TP415946","11","13733","-1.6608e-05","0.0036","A"
"4","Trait5","FASTmrMLM","NsiI.TP416009","11","13734","4.6394e-06","0.001","A"
"4","Trait5","FASTmrMLM","NsiI.TP416021","11","13735","1.4204e-05","0.0031","C"
"4","Trait5","FASTmrMLM","NsiI.TP416022","11","13736","-5.8483e-06","0.0013","C"
"4","Trait5","FASTmrMLM","NsiI.TP416028","11","13737","-9.5438e-06","0.0021","A"
"4","Trait5","FASTmrMLM","NsiI.TP416033","11","13738","1.3436e-06","3e-04","A"
"4","Trait5","FASTmrMLM","NsiI.TP416060","11","13739","0.1192","0.68","C"
"4","Trait5","FASTmrMLM","NsiI.TP416112","11","13740","1.7371e-05","0.0038","C"
"4","Trait5","FASTmrMLM","NsiI.TP416152","11","13741","-0.0347","0.1678","A"
"4","Trait5","FASTmrMLM","NsiI.TP416271","11","13742","4.767e-06","0.001","C"
"4","Trait5","FASTmrMLM","NsiI.TP416359","11","13744","4.8028e-06","0.001","A"
"4","Trait5","FASTmrMLM","NsiI.TP416552","11","13746","1.1324e-06","2e-04","C"
"4","Trait5","FASTmrMLM","NsiI.TP416602","11","13747","1.2821e-05","0.0028","C"
"4","Trait5","FASTmrMLM","NsiI.TP416619","11","13748","-3e-04","0.0149","C"
"4","Trait5","FASTmrMLM","NsiI.TP416781","11","13749","3.7865e-06","8e-04","A"
"4","Trait5","FASTmrMLM","NsiI.TP416810","11","13751","-1.431e-05","0.0031","A"
"4","Trait5","FASTmrMLM","NsiI.TP416872","11","13753","-0.0417","0.2614","A"
"4","Trait5","FASTmrMLM","NsiI.TP416911","11","13756","-2.0873e-05","0.0046","C"
"4","Trait5","FASTmrMLM","NsiI.TP416928","11","13757","1.6193e-06","4e-04","C"
"4","Trait5","FASTmrMLM","NsiI.TP416963","11","13758","-2.5729e-05","0.0056","A"
"4","Trait5","FASTmrMLM","NsiI.TP416968","11","13759","-0.0515","0.365","C"
"4","Trait5","FASTmrMLM","NsiI.TP416981","11","13760","-1.928e-05","0.0042","C"
"4","Trait5","FASTmrMLM","NsiI.TP417089","11","13762","7.8826e-05","0.0087","C"
"4","Trait5","FASTmrMLM","NsiI.TP417376","11","13763","-2.8518e-05","0.0063","A"
"4","Trait5","FASTmrMLM","NsiI.TP417422","11","13764","6.1852e-06","0.0013","C"
"4","Trait5","FASTmrMLM","NsiI.TP417444","11","13765","-2.5651e-05","0.0056","A"
"4","Trait5","FASTmrMLM","NsiI.TP417472","11","13767","0.0458","0.3792","C"
"4","Trait5","FASTmrMLM","NsiI.TP417678","11","13768","4.1654e-07","9.0653e-05","C"
"4","Trait5","FASTmrMLM","NsiI.TP417840","11","13770","6.8704e-06","0.0015","A"
"4","Trait5","FASTmrMLM","NsiI.TP418050","11","13771","3.4783e-06","8e-04","C"
"4","Trait5","FASTmrMLM","NsiI.TP418092","11","13772","-2.58e-06","6e-04","C"
"4","Trait5","FASTmrMLM","NsiI.TP418173","11","13775","-4.3405e-05","0.0096","A"
"4","Trait5","FASTmrMLM","NsiI.TP418191","11","13776","-2.3233e-05","0.0051","C"
"4","Trait5","FASTmrMLM","NsiI.TP418226","11","13777","-0.0209","0.1686","C"
"4","Trait5","FASTmrMLM","NsiI.TP418802","11","13779","7.9282e-06","0.0017","C"
"4","Trait5","FASTmrMLM","NsiI.TP418902","11","13780","-0.1785","0.9596","C"
"4","Trait5","FASTmrMLM","NsiI.TP419930","11","13781","-0.1256","1.2023","A"
"4","Trait5","FASTmrMLM","NsiI.TP419978","11","13783","-2.0627e-06","4e-04","A"
"4","Trait5","FASTmrMLM","NsiI.TP420021","11","13784","-9.3703e-06","0.002","A"
"4","Trait5","FASTmrMLM","NsiI.TP420022","11","13785","-0.0799","0.6145","C"
"4","Trait5","FASTmrMLM","NsiI.TP420102","11","13786","1.8729e-06","4e-04","G"
"4","Trait5","FASTmrMLM","NsiI.TP420251","11","13787","1.5051e-05","0.0033","A"
"4","Trait5","FASTmrMLM","NsiI.TP420272","11","13788","0.0345","0.3357","A"
"4","Trait5","FASTmrMLM","NsiI.TP420358","11","13790","-1.1602e-06","3e-04","A"
"4","Trait5","FASTmrMLM","NsiI.TP420393","11","13791","1.1396e-05","0.0025","A"
"4","Trait5","FASTmrMLM","NsiI.TP420467","11","13792","-1.894e-05","0.0041","A"
"4","Trait5","FASTmrMLM","NsiI.TP420483","11","13793","-0.06","0.6394","A"
"4","Trait5","FASTmrMLM","NsiI.TP420509","11","13796","7.6361e-06","0.0017","A"
"4","Trait5","FASTmrMLM","NsiI.TP420563","11","13797","-1.3312e-06","3e-04","C"
"4","Trait5","FASTmrMLM","NsiI.TP420603","11","13799","0.0121","0.1811","C"
"4","Trait5","FASTmrMLM","NsiI.TP420784","11","13802","0.1309","0.984","C"
"4","Trait5","FASTmrMLM","NsiI.TP420795","11","13803","-0.019","0.2886","C"
"4","Trait5","FASTmrMLM","NsiI.TP420914","11","13804","0.0443","0.355","C"
"4","Trait5","FASTmrMLM","NsiI.TP420947","11","13806","-3.0409e-06","7e-04","C"
"4","Trait5","FASTmrMLM","NsiI.TP421064","11","13807","-1.2383e-05","0.0027","A"
"4","Trait5","FASTmrMLM","NsiI.TP421112","11","13808","-0.0238","0.1903","A"
"4","Trait5","FASTmrMLM","NsiI.TP421125","11","13810","-9.7204e-06","0.0021","A"
"4","Trait5","FASTmrMLM","NsiI.TP421198","11","13811","-4.5154e-05","0.0099","C"
"4","Trait5","FASTmrMLM","NsiI.TP421249","11","13812","-4.1225e-06","9e-04","A"
"4","Trait5","FASTmrMLM","NsiI.TP421252","11","13813","-0.0197","0.2598","A"
"4","Trait5","FASTmrMLM","NsiI.TP421283","11","13814","-0.1403","0.5166","C"
"4","Trait5","FASTmrMLM","NsiI.TP421330","11","13816","4.5896e-06","0.001","A"
"4","Trait5","FASTmrMLM","NsiI.TP421511","11","13821","-2.0701e-06","5e-04","C"
"4","Trait5","FASTmrMLM","NsiI.TP421533","11","13822","1.461e-05","0.0032","C"
"4","Trait5","FASTmrMLM","NsiI.TP421535","11","13823","-4.0128e-05","0.0088","C"
"4","Trait5","FASTmrMLM","NsiI.TP421542","11","13824","-3.0948e-05","0.0068","A"
"4","Trait5","FASTmrMLM","NsiI.TP421588","11","13826","0.0324","0.3572","A"
"4","Trait5","FASTmrMLM","NsiI.TP421590","11","13827","0.0556","0.4384","C"
"4","Trait5","FASTmrMLM","NsiI.TP421633","11","13828","7.3588e-06","0.0016","C"
"4","Trait5","FASTmrMLM","NsiI.TP421673","11","13830","-2.9038e-05","0.0064","A"
"4","Trait5","FASTmrMLM","NsiI.TP421688","11","13831","-1.0399e-05","0.0023","A"
"4","Trait5","FASTmrMLM","NsiI.TP421766","11","13832","0.0081","0.0908","G"
"4","Trait5","FASTmrMLM","NsiI.TP421770","11","13833","4.2272e-06","9e-04","A"
"4","Trait5","FASTmrMLM","NsiI.TP421828","11","13835","2.4491e-05","0.0054","G"
"4","Trait5","FASTmrMLM","NsiI.TP421887","11","13836","-1.2766e-05","0.0028","A"
"4","Trait5","FASTmrMLM","NsiI.TP421972","11","13838","-7.1443e-06","0.0016","C"
"4","Trait5","FASTmrMLM","NsiI.TP421973","11","13839","-7.0776e-06","0.0015","A"
"4","Trait5","FASTmrMLM","NsiI.TP422015","11","13841","3.4846e-05","0.0077","A"
"4","Trait5","FASTmrMLM","NsiI.TP422025","11","13842","-0.0581","0.4373","A"
"4","Trait5","FASTmrMLM","NsiI.TP422028","11","13843","-1.666e-05","0.0036","C"
"4","Trait5","FASTmrMLM","NsiI.TP422030","11","13844","5.9193e-06","0.0013","A"
"4","Trait5","FASTmrMLM","NsiI.TP422046","11","13845","2.8991e-05","0.0064","C"
"4","Trait5","FASTmrMLM","NsiI.TP422111","11","13846","-2.2497e-05","0.0049","A"
"4","Trait5","FASTmrMLM","NsiI.TP422297","11","13848","-3.0383e-05","0.0067","A"
"4","Trait5","FASTmrMLM","NsiI.TP422298","11","13849","3.3346e-05","0.0073","C"
"4","Trait5","FASTmrMLM","NsiI.TP422407","11","13850","-2.0151e-05","0.0044","A"
"4","Trait5","FASTmrMLM","NsiI.TP422433","11","13851","4.5067e-05","0.0099","C"
"4","Trait5","FASTmrMLM","NsiI.TP422575","11","13853","-0.0216","0.2997","A"
"4","Trait5","FASTmrMLM","NsiI.TP422576","11","13854","-1.8726e-05","0.0041","C"
"4","Trait5","FASTmrMLM","NsiI.TP422610","11","13855","9.7278e-06","0.0021","A"
"4","Trait5","FASTmrMLM","NsiI.TP422621","11","13856","-1.736e-07","3.7779e-05","A"
"4","Trait5","FASTmrMLM","NsiI.TP422694","11","13857","-1.7205e-05","0.0038","A"
"4","Trait5","FASTmrMLM","NsiI.TP422835","11","13858","-2.3493e-05","0.0051","C"
"4","Trait5","FASTmrMLM","NsiI.TP422889","11","13859","-1.3237e-05","0.0029","A"
"4","Trait5","FASTmrMLM","NsiI.TP422932","11","13861","0.0622","0.4719","A"
"4","Trait5","FASTmrMLM","NsiI.TP422982","11","13862","-0.3447","1.7647","C"
"4","Trait5","FASTmrMLM","NsiI.TP423003","11","13863","0.1834","1.2756","A"
"4","Trait5","FASTmrMLM","NsiI.TP423031","11","13865","4.056e-06","9e-04","C"
"4","Trait5","FASTmrMLM","NsiI.TP423078","11","13866","-1.1422e-05","0.0025","A"
"4","Trait5","FASTmrMLM","NsiI.TP423085","11","13867","-7.4438e-06","0.0016","A"
"4","Trait5","FASTmrMLM","NsiI.TP423087","11","13868","-0.0604","0.5987","C"
"4","Trait5","FASTmrMLM","NsiI.TP423145","11","13869","1.8431e-05","0.004","C"
"4","Trait5","FASTmrMLM","NsiI.TP423204","11","13870","9.7783e-06","0.0021","A"
"4","Trait5","FASTmrMLM","NsiI.TP423212","11","13871","-4.9629e-06","0.0011","C"
"4","Trait5","FASTmrMLM","NsiI.TP423233","11","13872","0.0856","0.3795","C"
"4","Trait5","FASTmrMLM","NsiI.TP423274","11","13873","0.0917","0.5073","A"
"4","Trait5","FASTmrMLM","NsiI.TP423283","11","13874","-1.669e-05","0.0036","A"
"4","Trait5","FASTmrMLM","NsiI.TP423352","11","13875","-0.0668","0.5477","A"
"4","Trait5","FASTmrMLM","NsiI.TP423380","11","13876","2.252e-05","0.0049","A"
"4","Trait5","FASTmrMLM","NsiI.TP423513","11","13878","1.4449e-06","3e-04","G"
"4","Trait5","FASTmrMLM","NsiI.TP423546","11","13879","1.2539e-05","0.0027","A"
"4","Trait5","FASTmrMLM","NsiI.TP423582","11","13880","-9.6963e-06","0.0021","A"
"4","Trait5","FASTmrMLM","NsiI.TP423587","11","13881","2.3946e-05","0.0052","C"
"4","Trait5","FASTmrMLM","NsiI.TP423617","11","13884","-1.1474e-06","2e-04","G"
"4","Trait5","FASTmrMLM","NsiI.TP423673","11","13886","-2.3929e-05","0.0052","A"
"4","Trait5","FASTmrMLM","NsiI.TP423679","11","13887","-1.9074e-06","4e-04","C"
"4","Trait5","FASTmrMLM","NsiI.TP423680","11","13888","3.1875e-07","6.9379e-05","A"
"4","Trait5","FASTmrMLM","NsiI.TP423724","11","13889","-2.1231e-05","0.0046","A"
"4","Trait5","FASTmrMLM","NsiI.TP423725","11","13890","2.6764e-06","6e-04","A"
"4","Trait5","FASTmrMLM","NsiI.TP423751","11","13891","0.1026","0.4587","C"
"4","Trait5","FASTmrMLM","NsiI.TP423791","11","13893","6.3923e-06","0.0014","G"
"4","Trait5","FASTmrMLM","NsiI.TP423829","11","13894","0.115","0.4122","A"
"4","Trait5","FASTmrMLM","NsiI.TP423864","11","13895","0.1119","0.7982","G"
"4","Trait5","FASTmrMLM","NsiI.TP423982","11","13896","0.0692","0.9096","C"
"4","Trait5","FASTmrMLM","NsiI.TP423996","11","13897","-0.0941","0.6121","C"
"4","Trait5","FASTmrMLM","NsiI.TP424124","11","13898","-0.2702","1.6766","C"
"4","Trait5","FASTmrMLM","NsiI.TP424155","11","13899","-1.0187e-05","0.0022","C"
"4","Trait5","FASTmrMLM","NsiI.TP424159","11","13900","-0.2175","0.8393","G"
"4","Trait5","FASTmrMLM","NsiI.TP424166","11","13901","-3.1329e-06","7e-04","A"
"4","Trait5","FASTmrMLM","NsiI.TP424452","11","13906","-1.2923e-06","3e-04","A"
"4","Trait5","FASTmrMLM","NsiI.TP424479","11","13908","-3.7959e-06","8e-04","C"
"4","Trait5","FASTmrMLM","NsiI.TP424498","11","13909","6.5227e-06","0.0014","C"
"4","Trait5","FASTmrMLM","NsiI.TP424508","11","13910","-7.7106e-06","0.0017","A"
"4","Trait5","FASTmrMLM","NsiI.TP424524","11","13911","0.0423","0.4063","A"
"4","Trait5","FASTmrMLM","NsiI.TP424529","11","13913","-2.543e-05","0.0056","C"
"4","Trait5","FASTmrMLM","NsiI.TP424541","11","13914","-1.004e-05","0.0022","A"
"4","Trait5","FASTmrMLM","NsiI.TP424549","11","13915","-5.122e-06","0.0011","C"
"4","Trait5","FASTmrMLM","NsiI.TP424570","11","13916","-3.4646e-06","8e-04","C"
"4","Trait5","FASTmrMLM","NsiI.TP424622","11","13917","-6.3216e-06","0.0014","C"
"4","Trait5","FASTmrMLM","NsiI.TP424742","11","13918","5.7028e-06","0.0012","A"
"4","Trait5","FASTmrMLM","NsiI.TP424883","11","13920","-0.1337","1.4239","A"
"4","Trait5","FASTmrMLM","NsiI.TP424935","11","13921","-1.2022e-05","0.0026","A"
"4","Trait5","FASTmrMLM","NsiI.TP424973","11","13922","0.0131","0.163","C"
"4","Trait5","FASTmrMLM","NsiI.TP425034","11","13923","-2.1327e-05","0.0047","A"
"4","Trait5","FASTmrMLM","NsiI.TP425098","11","13924","1.2405e-05","0.0027","C"
"4","Trait5","FASTmrMLM","NsiI.TP425224","11","13926","-2.5332e-05","0.0055","G"
"4","Trait5","FASTmrMLM","NsiI.TP425341","11","13927","-0.1768","1.3464","A"
"4","Trait5","FASTmrMLM","NsiI.TP425366","11","13928","-0.2007","0.9094","C"
"4","Trait5","FASTmrMLM","NsiI.TP425418","11","13930","-1.5865e-05","0.0035","C"
"4","Trait5","FASTmrMLM","NsiI.TP425648","11","13934","2.1172e-05","0.0046","A"
"4","Trait5","FASTmrMLM","NsiI.TP425661","11","13935","7.7663e-06","0.0017","A"
"4","Trait5","FASTmrMLM","NsiI.TP425781","11","13936","1.415e-05","0.0031","A"
"4","Trait5","FASTmrMLM","NsiI.TP425820","11","13937","1.5378e-05","0.0034","A"
"4","Trait5","FASTmrMLM","NsiI.TP425847","11","13938","0.0239","0.2024","A"
"4","Trait5","FASTmrMLM","NsiI.TP425921","11","13939","4.1419e-06","9e-04","A"
"4","Trait5","FASTmrMLM","NsiI.TP426147","11","13941","8.2226e-06","0.0018","A"
"4","Trait5","FASTmrMLM","NsiI.TP426231","11","13942","-6.9322e-06","0.0015","A"
"4","Trait5","FASTmrMLM","NsiI.TP426232","11","13943","-2.2748e-05","0.005","A"
"4","Trait5","FASTmrMLM","NsiI.TP426250","11","13945","6.2744e-06","0.0014","C"
"4","Trait5","FASTmrMLM","NsiI.TP426319","11","13946","9.8008e-06","0.0021","C"
"4","Trait5","FASTmrMLM","NsiI.TP426326","11","13947","-1.1908e-05","0.0026","A"
"4","Trait5","FASTmrMLM","NsiI.TP426411","11","13948","7.0326e-06","0.0015","C"
"4","Trait5","FASTmrMLM","NsiI.TP426468","11","13949","-0.0128","0.2055","A"
"4","Trait5","FASTmrMLM","NsiI.TP426523","11","13953","2.4145e-05","0.0053","A"
"4","Trait5","FASTmrMLM","NsiI.TP426530","11","13954","-1.425e-05","0.0031","A"
"4","Trait5","FASTmrMLM","NsiI.TP426561","11","13955","5.6833e-06","0.0012","G"
"4","Trait5","FASTmrMLM","NsiI.TP426583","11","13956","0.1726","1.0877","C"
"4","Trait5","FASTmrMLM","NsiI.TP426595","11","13957","1.1237e-05","0.0025","A"
"4","Trait5","FASTmrMLM","NsiI.TP426615","11","13958","0.1096","0.4422","A"
"4","Trait5","FASTmrMLM","NsiI.TP426624","11","13959","0.225","0.7989","C"
"4","Trait5","FASTmrMLM","NsiI.TP426709","11","13964","2.2501e-05","0.0049","C"
"4","Trait5","FASTmrMLM","NsiI.TP426876","11","13966","6.2196e-05","0.0077","C"
"4","Trait5","FASTmrMLM","NsiI.TP426952","11","13969","-0.1505","0.5698","C"
"4","Trait5","FASTmrMLM","NsiI.TP426988","11","13971","0.0444","0.3965","C"
"4","Trait5","FASTmrMLM","NsiI.TP426992","11","13972","-1.3016e-05","0.0028","A"
"4","Trait5","FASTmrMLM","NsiI.TP427034","11","13973","0.3312","1.1159","C"
"4","Trait5","FASTmrMLM","NsiI.TP427039","11","13974","-1.6784e-05","0.0037","C"
"4","Trait5","FASTmrMLM","NsiI.TP427042","11","13975","0.025","0.2023","G"
"4","Trait5","FASTmrMLM","NsiI.TP427131","11","13977","1.6549e-05","0.0036","C"
"4","Trait5","FASTmrMLM","NsiI.TP427276","11","13978","-0.2181","1.6069","G"
"4","Trait5","FASTmrMLM","NsiI.TP427293","11","13979","-1.3102e-05","0.0029","C"
"4","Trait5","FASTmrMLM","NsiI.TP427416","11","13980","-0.1657","1.6712","C"
"4","Trait5","FASTmrMLM","NsiI.TP427428","11","13981","2.374e-05","0.0052","A"
"4","Trait5","FASTmrMLM","NsiI.TP427623","11","13982","4.247e-06","9e-04","A"
"4","Trait5","FASTmrMLM","NsiI.TP427630","11","13983","-0.0438","0.4465","A"
"4","Trait5","FASTmrMLM","NsiI.TP427672","11","13984","3.627e-06","8e-04","C"
"4","Trait5","FASTmrMLM","NsiI.TP427679","11","13985","0.0873","0.359","A"
"4","Trait5","FASTmrMLM","NsiI.TP427736","11","13986","-0.1725","0.5907","A"
"4","Trait5","FASTmrMLM","NsiI.TP427815","11","13987","2.6423e-05","0.0058","A"
"4","Trait5","FASTmrMLM","NsiI.TP427832","11","13988","-0.0925","0.5975","A"
"4","Trait5","FASTmrMLM","NsiI.TP427846","11","13989","1.0068e-05","0.0022","C"
"4","Trait5","FASTmrMLM","NsiI.TP427858","11","13991","-0.1468","0.8299","C"
"4","Trait5","FASTmrMLM","NsiI.TP428174","11","13992","-1.0834e-05","0.0024","A"
"4","Trait5","FASTmrMLM","NsiI.TP428177","11","13993","-0.045","0.3028","G"
"4","Trait5","FASTmrMLM","NsiI.TP428200","11","13994","3.814e-06","8e-04","A"
"4","Trait5","FASTmrMLM","NsiI.TP428269","11","13995","3.4761e-06","8e-04","C"
"4","Trait5","FASTmrMLM","NsiI.TP428306","11","13996","-0.047","0.5965","A"
"4","Trait5","FASTmrMLM","NsiI.TP428321","11","13997","-2.0616e-06","4e-04","C"
"4","Trait5","FASTmrMLM","NsiI.TP428337","11","13998","-1.0372e-06","2e-04","C"
"4","Trait5","FASTmrMLM","NsiI.TP428365","11","13999","-2.5336e-05","0.0056","A"
"4","Trait5","FASTmrMLM","NsiI.TP428390","11","14000","2.7898e-05","0.0061","A"
"4","Trait5","FASTmrMLM","NsiI.TP428452","11","14001","0.0085","0.1754","G"
"4","Trait5","FASTmrMLM","NsiI.TP428457","11","14002","0.0861","0.358","C"
"4","Trait5","FASTmrMLM","NsiI.TP428470","11","14003","-0.061","0.7077","A"
"4","Trait5","FASTmrMLM","NsiI.TP428610","11","14005","-3.3819e-05","0.0062","G"
"4","Trait5","FASTmrMLM","NsiI.TP428632","11","14006","-6.6963e-06","0.0015","G"
"4","Trait5","FASTmrMLM","NsiI.TP428765","11","14008","-1.1986e-05","0.0026","C"
"4","Trait5","FASTmrMLM","NsiI.TP428782","11","14009","1e-04","0.0089","C"
"4","Trait5","FASTmrMLM","NsiI.TP428842","11","14010","-3.6495e-06","8e-04","C"
"4","Trait5","FASTmrMLM","NsiI.TP428943","11","14011","4.9966e-06","0.0011","A"
"4","Trait5","FASTmrMLM","NsiI.TP428969","11","14012","-2.1725e-05","0.0048","C"
"4","Trait5","FASTmrMLM","NsiI.TP429032","11","14013","1.3949e-05","0.003","A"
"4","Trait5","FASTmrMLM","NsiI.TP429044","11","14014","9.1233e-06","0.002","G"
"4","Trait5","FASTmrMLM","NsiI.TP429128","11","14015","-8.0776e-06","0.0018","A"
"4","Trait5","FASTmrMLM","NsiI.TP429337","11","14016","9.6131e-06","0.0021","C"
"4","Trait5","FASTmrMLM","NsiI.TP429355","11","14018","1.3645e-05","0.003","A"
"4","Trait5","FASTmrMLM","NsiI.TP429380","11","14020","-2.4392e-05","0.0053","A"
"4","Trait5","FASTmrMLM","NsiI.TP429516","11","14024","2.2543e-05","0.0049","C"
"4","Trait5","FASTmrMLM","NsiI.TP429619","11","14026","0.1064","1.2268","C"
"4","Trait5","FASTmrMLM","NsiI.TP429661","11","14027","0.1341","0.5693","C"
"4","Trait5","FASTmrMLM","NsiI.TP429684","11","14029","-4.3042e-06","9e-04","A"
"4","Trait5","FASTmrMLM","NsiI.TP429732","11","14030","-0.0629","0.316","C"
"4","Trait5","FASTmrMLM","NsiI.TP429737","11","14031","-1.2115e-05","0.0026","A"
"4","Trait5","FASTmrMLM","NsiI.TP429781","11","14032","-2e-04","0.0121","A"
"4","Trait5","FASTmrMLM","NsiI.TP429819","11","14033","2.537e-06","6e-04","A"
"4","Trait5","FASTmrMLM","NsiI.TP430080","11","14035","-6.408e-07","1e-04","G"
"4","Trait5","FASTmrMLM","NsiI.TP430082","11","14036","2.2853e-06","5e-04","G"
"4","Trait5","FASTmrMLM","NsiI.TP430231","11","14037","-0.0855","1.1706","G"
"4","Trait5","FASTmrMLM","NsiI.TP430255","11","14038","-9.0375e-06","0.002","A"
"4","Trait5","FASTmrMLM","NsiI.TP430300","11","14039","-0.2199","1.5244","A"
"4","Trait5","FASTmrMLM","NsiI.TP430308","11","14040","-1.396e-06","3e-04","A"
"4","Trait5","FASTmrMLM","NsiI.TP430332","11","14041","-1.0158e-05","0.0022","A"
"4","Trait5","FASTmrMLM","NsiI.TP430590","11","14043","-2.3906e-05","0.0041","C"
"4","Trait5","FASTmrMLM","NsiI.TP430591","11","14044","-0.0798","0.5199","A"
"4","Trait5","FASTmrMLM","NsiI.TP430604","11","14045","-2.9557e-06","6e-04","A"
"4","Trait5","FASTmrMLM","NsiI.TP430622","11","14046","8.1191e-06","0.0018","A"
"4","Trait5","FASTmrMLM","NsiI.TP430743","11","14048","-2.4669e-05","0.0054","G"
"4","Trait5","FASTmrMLM","NsiI.TP430806","11","14049","0.0295","0.3126","A"
"4","Trait5","FASTmrMLM","NsiI.TP430838","11","14050","-0.1765","0.9966","A"
"4","Trait5","FASTmrMLM","NsiI.TP430865","11","14052","-1.754e-05","0.0038","C"
"4","Trait5","FASTmrMLM","NsiI.TP430887","11","14053","1.1229e-05","0.0025","A"
"4","Trait5","FASTmrMLM","NsiI.TP430986","11","14056","2.8234e-05","0.0062","C"
"4","Trait5","FASTmrMLM","NsiI.TP430995","11","14057","1.6505e-05","0.0036","A"
"4","Trait5","FASTmrMLM","NsiI.TP431090","11","14058","3.0663e-05","0.0067","C"
"4","Trait5","FASTmrMLM","NsiI.TP431241","11","14060","-2.9628e-06","6e-04","C"
"4","Trait5","FASTmrMLM","NsiI.TP431381","11","14062","-1.0112e-06","2e-04","A"
"4","Trait5","FASTmrMLM","NsiI.TP431393","11","14063","-0.0591","0.5084","G"
"4","Trait5","FASTmrMLM","NsiI.TP431600","11","14065","0.0798","0.3991","A"
"4","Trait5","FASTmrMLM","NsiI.TP431612","11","14066","-3.8932e-06","8e-04","A"
"4","Trait5","FASTmrMLM","NsiI.TP431614","11","14068","0.0618","0.5632","C"
"4","Trait5","FASTmrMLM","NsiI.TP431652","11","14069","-5.9397e-06","0.0013","A"
"4","Trait5","FASTmrMLM","NsiI.TP431667","11","14070","-0.2056","1.1685","C"
"4","Trait5","FASTmrMLM","NsiI.TP431930","11","14072","-0.0837","0.4385","A"
"4","Trait5","FASTmrMLM","NsiI.TP431946","11","14073","-8.7792e-06","0.0019","C"
"4","Trait5","FASTmrMLM","NsiI.TP431947","11","14074","-4.4898e-06","0.001","A"
"4","Trait5","FASTmrMLM","NsiI.TP431951","11","14075","4.5405e-06","0.001","A"
"4","Trait5","FASTmrMLM","NsiI.TP431956","11","14076","2.3697e-05","0.0052","C"
"4","Trait5","FASTmrMLM","NsiI.TP432115","11","14078","-1.4482e-05","0.0032","C"
"4","Trait5","FASTmrMLM","NsiI.TP432117","11","14079","-1.1201e-05","0.0024","A"
"4","Trait5","FASTmrMLM","NsiI.TP432122","11","14080","0.0518","0.3516","A"
"4","Trait5","FASTmrMLM","NsiI.TP432317","11","14081","1.4847e-05","0.0032","A"
"4","Trait5","FASTmrMLM","NsiI.TP432364","11","14082","3.9892e-06","9e-04","A"
"4","Trait5","FASTmrMLM","NsiI.TP432383","11","14083","0.0859","0.7543","A"
"4","Trait5","FASTmrMLM","NsiI.TP432396","11","14084","-0.0663","0.3918","C"
"4","Trait5","FASTmrMLM","NsiI.TP432447","11","14085","2.3283e-06","5e-04","C"
"4","Trait5","FASTmrMLM","NsiI.TP432469","11","14086","5.1967e-06","0.0011","A"
"4","Trait5","FASTmrMLM","NsiI.TP432507","11","14087","8.6204e-06","0.0019","A"
"4","Trait5","FASTmrMLM","NsiI.TP432618","11","14088","-1.6568e-05","0.0036","A"
"4","Trait5","FASTmrMLM","NsiI.TP432740","11","14092","2.0261e-06","4e-04","C"
"4","Trait5","FASTmrMLM","NsiI.TP432766","11","14093","-9.2303e-06","0.002","C"
"4","Trait5","FASTmrMLM","NsiI.TP432827","11","14094","1.1203e-05","0.0024","A"
"4","Trait5","FASTmrMLM","NsiI.TP432842","11","14095","-1.9709e-05","0.0043","C"
"4","Trait5","FASTmrMLM","NsiI.TP432848","11","14096","-5.9866e-06","0.0013","A"
"4","Trait5","FASTmrMLM","NsiI.TP432866","11","14097","-1.7348e-05","0.0038","A"
"4","Trait5","FASTmrMLM","NsiI.TP432869","11","14098","7.5413e-05","0.0092","C"
"4","Trait5","FASTmrMLM","NsiI.TP432878","11","14099","0.0312","0.4525","C"
"4","Trait5","FASTmrMLM","NsiI.TP433230","11","14104","-4.4341e-06","0.001","C"
"4","Trait5","FASTmrMLM","NsiI.TP433282","11","14106","1.4181e-05","0.0031","A"
"4","Trait5","FASTmrMLM","NsiI.TP433313","11","14108","2.6746e-05","0.0059","G"
"4","Trait5","FASTmrMLM","NsiI.TP433379","11","14110","-5.8973e-06","0.0013","A"
"4","Trait5","FASTmrMLM","NsiI.TP433453","11","14114","-0.0851","0.6476","A"
"4","Trait5","FASTmrMLM","NsiI.TP433468","11","14115","0.119","0.6672","C"
"4","Trait5","FASTmrMLM","NsiI.TP433562","11","14116","-0.1954","1.4752","A"
"4","Trait5","FASTmrMLM","NsiI.TP433644","11","14118","1.4111e-05","0.0031","C"
"4","Trait5","FASTmrMLM","NsiI.TP433646","11","14119","3.2594e-06","7e-04","C"
"4","Trait5","FASTmrMLM","NsiI.TP433717","11","14120","0.3144","1.705","A"
"4","Trait5","FASTmrMLM","NsiI.TP433766","11","14121","1.4779e-05","0.0032","G"
"4","Trait5","FASTmrMLM","NsiI.TP433774","11","14122","-3.181e-06","7e-04","A"
"4","Trait5","FASTmrMLM","NsiI.TP433863","11","14123","-0.0117","0.1859","A"
"4","Trait5","FASTmrMLM","NsiI.TP433866","11","14124","-1.0824e-05","0.0024","A"
"4","Trait5","FASTmrMLM","NsiI.TP433871","11","14125","-3.4837e-05","0.0076","C"
"4","Trait5","FASTmrMLM","NsiI.TP433923","11","14126","-1.9612e-05","0.0043","G"
"4","Trait5","FASTmrMLM","NsiI.TP433926","11","14127","-0.0843","1.1836","C"
"4","Trait5","FASTmrMLM","NsiI.TP433929","11","14128","-1.2736e-05","0.0028","G"
"4","Trait5","FASTmrMLM","NsiI.TP433930","11","14129","-2.7699e-05","0.0061","A"
"4","Trait5","FASTmrMLM","NsiI.TP433982","11","14131","-4.1271e-06","9e-04","C"
"4","Trait5","FASTmrMLM","NsiI.TP433999","11","14132","-0.1001","0.4699","C"
"4","Trait5","FASTmrMLM","NsiI.TP434109","11","14133","2.7655e-06","6e-04","A"
"4","Trait5","FASTmrMLM","NsiI.TP434131","11","14134","1.5474e-06","3e-04","A"
"4","Trait5","FASTmrMLM","NsiI.TP434160","11","14135","0.059","0.7085","A"
"4","Trait5","FASTmrMLM","NsiI.TP434321","11","14138","-0.1121","0.4887","A"
"4","Trait5","FASTmrMLM","NsiI.TP434358","11","14139","-1.4529e-05","0.0032","A"
"4","Trait5","FASTmrMLM","NsiI.TP434363","11","14140","1.4364e-05","0.0031","C"
"4","Trait5","FASTmrMLM","NsiI.TP434515","11","14143","-1.3568e-05","0.003","C"
"4","Trait5","FASTmrMLM","NsiI.TP434553","11","14144","1.0262e-06","2e-04","A"
"4","Trait5","FASTmrMLM","NsiI.TP434650","11","14147","2.979e-06","6e-04","A"
"4","Trait5","FASTmrMLM","NsiI.TP434725","11","14149","4.9351e-06","0.0011","A"
"4","Trait5","FASTmrMLM","NsiI.TP434797","11","14150","-0.1106","0.4621","C"
"4","Trait5","FASTmrMLM","NsiI.TP434835","11","14151","8.8187e-06","0.0019","A"
"4","Trait5","FASTmrMLM","NsiI.TP435227","11","14152","-2.8665e-05","0.0063","C"
"4","Trait5","FASTmrMLM","NsiI.TP435268","11","14153","-1.6013e-05","0.0035","A"
"4","Trait5","FASTmrMLM","NsiI.TP435280","11","14154","-0.2438","1.3562","A"
"4","Trait5","FASTmrMLM","NsiI.TP435290","11","14155","-1.2855e-06","3e-04","C"
"4","Trait5","FASTmrMLM","NsiI.TP435307","11","14156","-1.4969e-05","0.0033","C"
"4","Trait5","FASTmrMLM","NsiI.TP435354","11","14157","0.0091","0.1611","A"
"4","Trait5","FASTmrMLM","NsiI.TP435468","11","14158","6.2066e-06","0.0014","A"
"4","Trait5","FASTmrMLM","NsiI.TP435530","11","14159","1.6273e-05","0.0036","A"
"4","Trait5","FASTmrMLM","NsiI.TP435604","11","14160","-1.0702e-06","2e-04","A"
"4","Trait5","FASTmrMLM","NsiI.TP435649","11","14161","-8.5899e-06","0.0019","C"
"4","Trait5","FASTmrMLM","NsiI.TP435703","11","14163","9.5733e-06","0.0021","C"
"4","Trait5","FASTmrMLM","NsiI.TP435824","11","14164","-4.7945e-06","0.001","A"
"4","Trait5","FASTmrMLM","NsiI.TP435991","11","14166","0.1089","0.8636","C"
"4","Trait5","FASTmrMLM","NsiI.TP436072","11","14167","3.267e-05","0.0072","C"
"4","Trait5","FASTmrMLM","NsiI.TP436121","11","14168","-2.2478e-05","0.0049","C"
"4","Trait5","FASTmrMLM","NsiI.TP436157","11","14169","-2.5485e-05","0.0056","A"
"4","Trait5","FASTmrMLM","NsiI.TP436166","11","14170","-9.8791e-06","0.0022","A"
"4","Trait5","FASTmrMLM","NsiI.TP436167","11","14171","1.6614e-05","0.0036","G"
"4","Trait5","FASTmrMLM","NsiI.TP436233","11","14172","-5.8242e-06","0.0013","C"
"4","Trait5","FASTmrMLM","NsiI.TP436293","11","14175","2.6819e-06","6e-04","C"
"4","Trait5","FASTmrMLM","NsiI.TP436346","11","14178","1.1688e-05","0.0026","G"
"4","Trait5","FASTmrMLM","NsiI.TP436368","11","14179","-0.0197","0.3016","C"
"4","Trait5","FASTmrMLM","NsiI.TP436422","11","14180","-2.9033e-05","0.0064","A"
"4","Trait5","FASTmrMLM","NsiI.TP436445","11","14181","-0.1719","1.316","A"
"4","Trait5","FASTmrMLM","NsiI.TP436616","11","14182","2.5526e-06","6e-04","A"
"4","Trait5","FASTmrMLM","NsiI.TP436620","11","14183","-2.5652e-06","6e-04","G"
"4","Trait5","FASTmrMLM","NsiI.TP436696","11","14185","7.874e-07","2e-04","A"
"4","Trait5","FASTmrMLM","NsiI.TP436742","11","14186","-0.0931","0.7834","A"
"4","Trait5","FASTmrMLM","NsiI.TP436917","11","14188","-7.9956e-06","0.0017","C"
"4","Trait5","FASTmrMLM","NsiI.TP436929","11","14189","-7.234e-06","0.0016","G"
"4","Trait5","FASTmrMLM","NsiI.TP436982","11","14191","0.0133","0.1723","A"
"4","Trait5","FASTmrMLM","NsiI.TP436994","11","14193","-1.4091e-05","0.0031","C"
"4","Trait5","FASTmrMLM","NsiI.TP437019","11","14194","-0.0231","0.2429","A"
"4","Trait5","FASTmrMLM","NsiI.TP437031","11","14195","-0.0238","0.2639","C"
"4","Trait5","FASTmrMLM","NsiI.TP437073","11","14196","1.7159e-06","4e-04","G"
"4","Trait5","FASTmrMLM","NsiI.TP437121","11","14197","1.5925e-06","3e-04","A"
"4","Trait5","FASTmrMLM","NsiI.TP437124","11","14198","-0.1877","1.5924","A"
"4","Trait5","FASTmrMLM","NsiI.TP437243","11","14200","-0.127","1.3524","A"
"4","Trait5","FASTmrMLM","NsiI.TP437252","11","14201","9.012e-06","0.002","C"
"4","Trait5","FASTmrMLM","NsiI.TP437283","11","14203","0.0507","0.3209","C"
"4","Trait5","FASTmrMLM","NsiI.TP437314","11","14204","1.1849e-05","0.0026","A"
"4","Trait5","FASTmrMLM","NsiI.TP437341","11","14205","-4.405e-06","0.001","C"
"4","Trait5","FASTmrMLM","NsiI.TP437390","11","14206","0.0311","0.4188","A"
"4","Trait5","FASTmrMLM","NsiI.TP437404","11","14207","0.0106","0.1482","A"
"4","Trait5","FASTmrMLM","NsiI.TP437451","11","14208","8.495e-06","0.0019","A"
"4","Trait5","FASTmrMLM","NsiI.TP437456","11","14210","2.0244e-05","0.0044","C"
"4","Trait5","FASTmrMLM","NsiI.TP437571","11","14211","-2.0523e-05","0.0045","G"
"4","Trait5","FASTmrMLM","NsiI.TP437577","11","14212","-0.003","0.0541","A"
"4","Trait5","FASTmrMLM","NsiI.TP437616","11","14214","-2.0309e-05","0.0044","C"
"4","Trait5","FASTmrMLM","NsiI.TP437617","11","14215","6.1895e-06","0.0013","A"
"4","Trait5","FASTmrMLM","NsiI.TP437635","11","14216","-3.0309e-06","7e-04","C"
"4","Trait5","FASTmrMLM","NsiI.TP437707","11","14217","-0.0216","0.2307","A"
"4","Trait5","FASTmrMLM","NsiI.TP437776","11","14219","2.1657e-05","0.0047","C"
"4","Trait5","FASTmrMLM","NsiI.TP437908","11","14220","-9.161e-06","0.002","A"
"4","Trait5","FASTmrMLM","NsiI.TP437922","11","14221","1.0866e-06","2e-04","A"
"4","Trait5","FASTmrMLM","NsiI.TP437928","11","14222","1.5738e-05","0.0034","A"
"4","Trait5","FASTmrMLM","NsiI.TP437933","11","14223","0.069","0.3913","A"
"4","Trait5","FASTmrMLM","NsiI.TP437945","11","14224","-3.4299e-05","0.0075","C"
"4","Trait5","FASTmrMLM","NsiI.TP437987","11","14225","-7.9153e-06","0.0017","G"
"4","Trait5","FASTmrMLM","NsiI.TP438024","11","14227","-1.7341e-05","0.0038","C"
"4","Trait5","FASTmrMLM","NsiI.TP438029","11","14228","-4.2763e-06","9e-04","A"
"4","Trait5","FASTmrMLM","NsiI.TP438086","11","14230","-0.0902","0.3635","C"
"4","Trait5","FASTmrMLM","NsiI.TP438128","11","14231","-2e-04","0.0122","A"
"4","Trait5","FASTmrMLM","NsiI.TP438192","11","14232","-2.4929e-05","0.0055","A"
"4","Trait5","FASTmrMLM","NsiI.TP438230","11","14233","-2.5189e-07","5.4819e-05","C"
"4","Trait5","FASTmrMLM","NsiI.TP438238","11","14234","4.1326e-06","9e-04","C"
"4","Trait5","FASTmrMLM","NsiI.TP438799","11","14239","0.1607","0.7981","A"
"4","Trait5","FASTmrMLM","NsiI.TP438867","11","14240","-6.3704e-06","0.0014","A"
"4","Trait5","FASTmrMLM","NsiI.TP438869","11","14241","0.1143","0.7062","C"
"4","Trait5","FASTmrMLM","NsiI.TP438914","11","14242","7.2031e-06","0.0016","C"
"4","Trait5","FASTmrMLM","NsiI.TP438917","11","14243","1.1599e-05","0.0025","A"
"4","Trait5","FASTmrMLM","NsiI.TP438923","11","14244","-1.4639e-05","0.0032","A"
"4","Trait5","FASTmrMLM","NsiI.TP439051","11","14248","1.1393e-05","0.0025","C"
"4","Trait5","FASTmrMLM","NsiI.TP439062","11","14250","-0.0617","0.3973","C"
"4","Trait5","FASTmrMLM","NsiI.TP439090","11","14251","0.0762","0.3841","C"
"4","Trait5","FASTmrMLM","NsiI.TP439116","11","14252","9.3569e-06","0.002","A"
"4","Trait5","FASTmrMLM","NsiI.TP439198","11","14253","-2.8297e-06","6e-04","C"
"4","Trait5","FASTmrMLM","NsiI.TP439292","11","14254","-3.2082e-05","0.007","A"
"4","Trait5","FASTmrMLM","NsiI.TP439293","11","14255","-1.4457e-05","0.0032","C"
"4","Trait5","FASTmrMLM","NsiI.TP439345","11","14256","-9.9219e-06","0.0022","C"
"4","Trait5","FASTmrMLM","NsiI.TP439393","11","14258","0.2119","1.444","A"
"4","Trait5","FASTmrMLM","NsiI.TP439399","11","14259","0.0451","0.4317","A"
"4","Trait5","FASTmrMLM","NsiI.TP439511","11","14263","7.0609e-06","0.0015","C"
"4","Trait5","FASTmrMLM","NsiI.TP439542","11","14264","-1.4981e-05","0.0033","A"
"4","Trait5","FASTmrMLM","NsiI.TP439602","11","14265","0.1443","0.7778","G"
"4","Trait5","FASTmrMLM","NsiI.TP439901","11","14267","-1.9123e-06","4e-04","C"
"4","Trait5","FASTmrMLM","NsiI.TP439915","11","14268","-0.028","0.3803","A"
"4","Trait5","FASTmrMLM","NsiI.TP440186","11","14271","5.0872e-06","0.0011","A"
"4","Trait5","FASTmrMLM","NsiI.TP440244","11","14273","-0.1113","0.7842","A"
"4","Trait5","FASTmrMLM","NsiI.TP440297","11","14274","-1.0652e-05","0.0023","C"
"4","Trait5","FASTmrMLM","NsiI.TP440333","11","14275","1.3928e-05","0.003","C"
"4","Trait5","FASTmrMLM","NsiI.TP440349","11","14276","1.3813e-05","0.003","C"
"4","Trait5","FASTmrMLM","NsiI.TP440458","11","14278","1.6488e-05","0.0036","G"
"4","Trait5","FASTmrMLM","NsiI.TP440528","11","14279","-4.5993e-05","0.0101","C"
"4","Trait5","FASTmrMLM","NsiI.TP440553","11","14280","-0.0745","0.8043","C"
"4","Trait5","FASTmrMLM","NsiI.TP440593","11","14281","-1.1925e-05","0.0026","C"
"4","Trait5","FASTmrMLM","NsiI.TP440603","11","14282","-0.0399","0.3087","C"
"4","Trait5","FASTmrMLM","NsiI.TP440678","11","14284","-9.1853e-06","0.002","A"
"4","Trait5","FASTmrMLM","NsiI.TP440693","11","14285","5.9973e-06","0.0013","G"
"4","Trait5","FASTmrMLM","NsiI.TP440709","11","14286","1.695e-05","0.0037","A"
"4","Trait5","FASTmrMLM","NsiI.TP440710","11","14287","3.3282e-06","7e-04","C"
"4","Trait5","FASTmrMLM","NsiI.TP440825","11","14290","-5.9493e-06","0.0013","C"
"4","Trait5","FASTmrMLM","NsiI.TP440866","11","14292","8.2099e-06","0.0018","A"
"4","Trait5","FASTmrMLM","NsiI.TP441098","11","14296","-9.8517e-07","2e-04","G"
"4","Trait5","FASTmrMLM","NsiI.TP441136","11","14298","-1.3994e-05","0.0031","C"
"4","Trait5","FASTmrMLM","NsiI.TP441147","11","14299","-0.1113","0.6103","A"
"4","Trait5","FASTmrMLM","NsiI.TP441161","11","14301","-0.0832","0.7277","G"
"4","Trait5","FASTmrMLM","NsiI.TP441232","11","14302","6.8443e-06","0.0015","A"
"4","Trait5","FASTmrMLM","NsiI.TP441304","11","14303","0.3168","1.5262","A"
"4","Trait5","FASTmrMLM","NsiI.TP441306","11","14304","-1.3998e-06","3e-04","C"
"4","Trait5","FASTmrMLM","NsiI.TP441363","11","14305","-0.0356","0.37","A"
"4","Trait5","FASTmrMLM","NsiI.TP441512","11","14306","-1.6095e-05","0.0035","A"
"4","Trait5","FASTmrMLM","NsiI.TP441557","11","14307","-1.8891e-05","0.0041","G"
"4","Trait5","FASTmrMLM","NsiI.TP441664","11","14308","4.8559e-06","0.0011","A"
"4","Trait5","FASTmrMLM","NsiI.TP441682","11","14309","-2.2542e-05","0.0049","C"
"4","Trait5","FASTmrMLM","NsiI.TP441701","11","14310","-1.5414e-05","0.0034","G"
"4","Trait5","FASTmrMLM","NsiI.TP441710","11","14311","-1.8049e-05","0.0039","A"
"4","Trait5","FASTmrMLM","NsiI.TP441797","11","14313","-0.0343","0.448","C"
"4","Trait5","FASTmrMLM","NsiI.TP441886","11","14314","8.1908e-06","0.0018","C"
"4","Trait5","FASTmrMLM","NsiI.TP441926","11","14315","-0.0588","0.4841","A"
"4","Trait5","FASTmrMLM","NsiI.TP441940","11","14316","1e-04","0.009","C"
"4","Trait5","FASTmrMLM","NsiI.TP442079","11","14317","2.3567e-05","0.0052","A"
"4","Trait5","FASTmrMLM","NsiI.TP442083","11","14319","-2.5325e-05","0.0055","C"
"4","Trait5","FASTmrMLM","NsiI.TP442097","11","14320","1.3914e-05","0.003","G"
"4","Trait5","FASTmrMLM","NsiI.TP442209","11","14322","-9.7625e-06","0.0021","A"
"4","Trait5","FASTmrMLM","NsiI.TP442242","11","14323","0.1393","1.1526","C"
"4","Trait5","FASTmrMLM","NsiI.TP442293","11","14324","5.4342e-06","0.0012","C"
"4","Trait5","FASTmrMLM","NsiI.TP442306","11","14326","-9.3691e-06","0.002","G"
"4","Trait5","FASTmrMLM","NsiI.TP442361","11","14328","-0.0878","0.713","A"
"4","Trait5","FASTmrMLM","NsiI.TP442482","11","14329","3e-04","0.0168","C"
"4","Trait5","FASTmrMLM","NsiI.TP442547","11","14330","-3.9552e-05","0.0087","C"
"4","Trait5","FASTmrMLM","NsiI.TP442549","11","14331","2.128e-06","5e-04","C"
"4","Trait5","FASTmrMLM","NsiI.TP442704","11","14332","-3.4716e-05","0.0076","C"
"4","Trait5","FASTmrMLM","NsiI.TP442764","11","14335","-6.7405e-06","0.0015","C"
"4","Trait5","FASTmrMLM","NsiI.TP442875","11","14336","-2.8464e-06","6e-04","A"
"4","Trait5","FASTmrMLM","NsiI.TP442941","11","14338","-9.0765e-06","0.002","G"
"4","Trait5","FASTmrMLM","NsiI.TP443009","11","14340","-0.1303","1.0598","A"
"4","Trait5","FASTmrMLM","NsiI.TP443026","11","14341","-1.2896e-05","0.0028","A"
"4","Trait5","FASTmrMLM","NsiI.TP443033","11","14342","1.4094e-05","0.0031","C"
"4","Trait5","FASTmrMLM","NsiI.TP443035","11","14343","-1.1785e-05","0.0026","C"
"4","Trait5","FASTmrMLM","NsiI.TP443136","11","14348","-2.6004e-06","6e-04","A"
"4","Trait5","FASTmrMLM","NsiI.TP443153","11","14349","1.073e-05","0.0023","G"
"4","Trait5","FASTmrMLM","NsiI.TP443210","11","14350","1.9824e-05","0.0043","C"
"4","Trait5","FASTmrMLM","NsiI.TP443225","11","14351","-2.1976e-06","5e-04","C"
"4","Trait5","FASTmrMLM","NsiI.TP443253","11","14352","-2.5554e-07","5.5612e-05","A"
"4","Trait5","FASTmrMLM","NsiI.TP443279","11","14353","-1.6509e-05","0.0036","C"
"4","Trait5","FASTmrMLM","NsiI.TP443298","11","14354","1.3542e-05","0.003","C"
"4","Trait5","FASTmrMLM","NsiI.TP443420","11","14356","-3.6523e-06","8e-04","A"
"4","Trait5","FASTmrMLM","NsiI.TP443471","11","14357","0.0395","0.4189","A"
"4","Trait5","FASTmrMLM","NsiI.TP443591","11","14358","4.4061e-06","0.001","C"
"4","Trait5","FASTmrMLM","NsiI.TP443632","11","14359","5.1792e-06","0.0011","C"
"4","Trait5","FASTmrMLM","NsiI.TP443697","11","14361","-4.8235e-06","0.0011","C"
"4","Trait5","FASTmrMLM","NsiI.TP443698","11","14362","3.9181e-06","9e-04","C"
"4","Trait5","FASTmrMLM","NsiI.TP443702","11","14363","-0.1463","0.7661","A"
"4","Trait5","FASTmrMLM","NsiI.TP443948","11","14365","-1.2276e-06","3e-04","C"
"4","Trait5","FASTmrMLM","NsiI.TP443949","11","14366","-1.3359e-05","0.0029","G"
"4","Trait5","FASTmrMLM","NsiI.TP444108","11","14367","-7.8574e-06","0.0017","A"
"4","Trait5","FASTmrMLM","NsiI.TP444147","11","14368","-1.8019e-06","4e-04","A"
"4","Trait5","FASTmrMLM","NsiI.TP444160","11","14369","-0.0387","0.5677","A"
"4","Trait5","FASTmrMLM","NsiI.TP444309","11","14370","-1.2045e-05","0.0026","G"
"4","Trait5","FASTmrMLM","NsiI.TP444364","11","14371","2.6843e-05","0.0059","C"
"4","Trait5","FASTmrMLM","NsiI.TP444455","11","14372","-2.6169e-05","0.0057","C"
"4","Trait5","FASTmrMLM","NsiI.TP444501","11","14373","-2.6058e-06","6e-04","A"
"4","Trait5","FASTmrMLM","NsiI.TP444536","11","14374","6.452e-06","0.0014","A"
"4","Trait5","FASTmrMLM","NsiI.TP444557","11","14375","-1.0815e-05","0.0024","A"
"4","Trait5","FASTmrMLM","NsiI.TP444569","11","14376","-0.2333","2.0386","A"
"4","Trait5","FASTmrMLM","NsiI.TP444587","11","14377","4.3332e-06","9e-04","C"
"4","Trait5","FASTmrMLM","NsiI.TP444630","11","14378","-0.1187","1.5332","A"
"4","Trait5","FASTmrMLM","NsiI.TP444709","11","14379","9.6957e-06","0.0021","C"
"4","Trait5","FASTmrMLM","NsiI.TP444838","11","14380","-1.3447e-05","0.0029","C"
"4","Trait5","FASTmrMLM","NsiI.TP444841","11","14381","-1.8539e-06","4e-04","G"
"4","Trait5","FASTmrMLM","NsiI.TP445038","11","14385","2.9826e-06","6e-04","C"
"4","Trait5","FASTmrMLM","NsiI.TP445260","11","14389","-1.217e-05","0.0027","A"
"4","Trait5","FASTmrMLM","NsiI.TP445310","11","14390","1.0904e-05","0.0024","A"
"4","Trait5","FASTmrMLM","NsiI.TP445704","11","14394","-1.6078e-05","0.0035","A"
"4","Trait5","FASTmrMLM","NsiI.TP446252","11","14396","-0.1509","0.9937","C"
"4","Trait5","FASTmrMLM","NsiI.TP446368","11","14397","2.3638e-05","0.0052","A"
"4","Trait5","FASTmrMLM","NsiI.TP446425","11","14398","1.5817e-05","0.0035","A"
"4","Trait5","FASTmrMLM","NsiI.TP446560","11","14400","3.0078e-06","7e-04","C"
"4","Trait5","FASTmrMLM","NsiI.TP446664","11","14401","-2.9909e-05","0.0066","C"
"4","Trait5","FASTmrMLM","NsiI.TP446668","11","14402","-0.1293","0.6327","A"
"4","Trait5","FASTmrMLM","NsiI.TP446772","11","14403","0.0765","0.4932","A"
"4","Trait5","FASTmrMLM","NsiI.TP446832","11","14404","-9.7693e-06","0.0021","C"
"4","Trait5","FASTmrMLM","NsiI.TP446863","11","14405","-6.2343e-06","0.0014","C"
"4","Trait5","FASTmrMLM","NsiI.TP446919","11","14406","2.3615e-05","0.0052","C"
"4","Trait5","FASTmrMLM","NsiI.TP447355","11","14411","-7.0075e-06","0.0015","C"
"4","Trait5","FASTmrMLM","NsiI.TP447866","11","14414","0.0301","0.3314","C"
"4","Trait5","FASTmrMLM","NsiI.TP448019","11","14417","-1.9715e-05","0.0043","C"
"4","Trait5","FASTmrMLM","NsiI.TP448134","11","14419","-1.0501e-05","0.0023","A"
"4","Trait5","FASTmrMLM","NsiI.TP448197","11","14420","2.5858e-05","0.0057","C"
"4","Trait5","FASTmrMLM","NsiI.TP448710","11","14423","0.0826","0.8848","A"
"4","Trait5","FASTmrMLM","NsiI.TP448738","11","14424","-1.0671e-05","0.0023","C"
"4","Trait5","FASTmrMLM","NsiI.TP448978","11","14430","3.6562e-05","0.0065","C"
"4","Trait5","FASTmrMLM","NsiI.TP449236","11","14433","-6.8788e-06","0.0015","C"
"4","Trait5","FASTmrMLM","NsiI.TP449267","11","14434","-1.1248e-05","0.0025","C"
"4","Trait5","FASTmrMLM","NsiI.TP449353","11","14435","-0.0598","0.4687","A"
"4","Trait5","FASTmrMLM","NsiI.TP449403","11","14437","-1.0409e-05","0.0023","A"
"4","Trait5","FASTmrMLM","NsiI.TP449419","11","14438","4.8104e-06","0.001","A"
"4","Trait5","FASTmrMLM","NsiI.TP449421","11","14439","-0.145","0.5081","C"
"4","Trait5","FASTmrMLM","NsiI.TP449425","11","14440","0.0778","1.0836","A"
"4","Trait5","FASTmrMLM","NsiI.TP449571","11","14442","-0.0913","0.5359","A"
"4","Trait5","FASTmrMLM","NsiI.TP449591","11","14443","1.6179e-07","3.5211e-05","C"
"4","Trait5","FASTmrMLM","NsiI.TP449698","11","14444","-0.0434","0.5513","C"
"4","Trait5","FASTmrMLM","NsiI.TP449783","11","14445","-0.067","0.3693","A"
"4","Trait5","FASTmrMLM","NsiI.TP449849","11","14446","2.1654e-05","0.0047","A"
"4","Trait5","FASTmrMLM","NsiI.TP449894","11","14447","3.0867e-06","7e-04","A"
"4","Trait5","FASTmrMLM","NsiI.TP449903","11","14448","-1.132e-06","2e-04","A"
"4","Trait5","FASTmrMLM","NsiI.TP449913","11","14449","-3.3347e-05","0.0073","C"
"4","Trait5","FASTmrMLM","NsiI.TP449920","11","14450","-0.0559","0.3212","C"
"4","Trait5","FASTmrMLM","NsiI.TP450025","11","14452","5.5639e-06","0.0012","C"
"4","Trait5","FASTmrMLM","NsiI.TP450221","11","14453","-0.0811","0.5823","C"
"4","Trait5","FASTmrMLM","NsiI.TP450225","11","14455","-0.0307","0.3549","G"
"4","Trait5","FASTmrMLM","NsiI.TP450231","11","14456","-1.5319e-05","0.0033","C"
"4","Trait5","FASTmrMLM","NsiI.TP450332","11","14458","-0.2081","0.994","A"
"4","Trait5","FASTmrMLM","NsiI.TP450348","11","14459","-2.5589e-05","0.0056","C"
"4","Trait5","FASTmrMLM","NsiI.TP450391","11","14460","2.0034e-06","4e-04","C"
"4","Trait5","FASTmrMLM","NsiI.TP450394","11","14461","0.0608","0.6034","C"
"4","Trait5","FASTmrMLM","NsiI.TP450498","11","14463","1e-04","0.0117","C"
"4","Trait5","FASTmrMLM","NsiI.TP450541","11","14464","-3.4377e-06","7e-04","A"
"4","Trait5","FASTmrMLM","NsiI.TP450609","11","14465","-0.0992","0.9782","C"
"4","Trait5","FASTmrMLM","NsiI.TP450647","11","14466","0.1811","0.9822","C"
"4","Trait5","FASTmrMLM","NsiI.TP450674","11","14468","3.0381e-05","0.0067","C"
"4","Trait5","FASTmrMLM","NsiI.TP450684","11","14470","2.4805e-05","0.0054","A"
"4","Trait5","FASTmrMLM","NsiI.TP450780","11","14472","-2.7598e-05","0.006","C"
"4","Trait5","FASTmrMLM","NsiI.TP450787","11","14473","1.1858e-05","0.0026","C"
"4","Trait5","FASTmrMLM","NsiI.TP450818","11","14474","-1.849e-05","0.004","C"
"4","Trait5","FASTmrMLM","NsiI.TP451094","11","14476","1.0429e-05","0.0023","C"
"4","Trait5","FASTmrMLM","NsiI.TP451292","11","14477","-3.1271e-05","0.0069","C"
"4","Trait5","FASTmrMLM","NsiI.TP451551","11","14479","-0.037","0.3284","C"
"4","Trait5","FASTmrMLM","NsiI.TP451683","11","14480","-8.5652e-06","0.0019","C"
"4","Trait5","FASTmrMLM","NsiI.TP451964","11","14482","-8.7961e-06","0.0019","A"
"4","Trait5","FASTmrMLM","NsiI.TP452061","11","14485","-3.5929e-08","7.8195e-06","A"
"4","Trait5","FASTmrMLM","NsiI.TP452078","11","14486","1.0743e-05","0.0023","A"
"4","Trait5","FASTmrMLM","NsiI.TP452464","11","14489","-0.474","1.6213","C"
"4","Trait5","FASTmrMLM","NsiI.TP452489","11","14490","-0.0743","0.3953","A"
"4","Trait5","FASTmrMLM","NsiI.TP452865","11","14494","-1e-04","0.0096","A"
"4","Trait5","FASTmrMLM","NsiI.TP452911","11","14495","8.586e-06","0.0019","C"
"4","Trait5","FASTmrMLM","NsiI.TP453000","11","14498","-0.042","0.2736","A"
"4","Trait5","FASTmrMLM","NsiI.TP453026","11","14499","-0.0473","0.3646","C"
"4","Trait5","FASTmrMLM","NsiI.TP453088","11","14500","8.8389e-06","0.0019","A"
"4","Trait5","FASTmrMLM","NsiI.TP453116","11","14501","2.3851e-05","0.0052","A"
"4","Trait5","FASTmrMLM","NsiI.TP453137","11","14502","3.874e-06","8e-04","C"
"4","Trait5","FASTmrMLM","NsiI.TP453184","11","14504","-3.3103e-05","0.0073","C"
"4","Trait5","FASTmrMLM","NsiI.TP453240","11","14505","1.047e-05","0.0023","C"
"4","Trait5","FASTmrMLM","NsiI.TP453723","11","14508","-0.0701","0.7649","C"
"4","Trait5","FASTmrMLM","NsiI.TP453826","11","14509","1.0323e-05","0.0023","C"
"4","Trait5","FASTmrMLM","NsiI.TP454067","11","14510","-5.8965e-06","0.0013","C"
"4","Trait5","FASTmrMLM","NsiI.TP454230","11","14512","2.2515e-05","0.0049","A"
"4","Trait5","FASTmrMLM","NsiI.TP454233","11","14513","-1.9113e-05","0.0042","C"
"4","Trait5","FASTmrMLM","NsiI.TP454475","11","14515","1.4593e-05","0.0032","C"
"4","Trait5","FASTmrMLM","NsiI.TP454779","11","14518","-2.9118e-05","0.0064","A"
"4","Trait5","FASTmrMLM","NsiI.TP454898","11","14519","-1.626e-05","0.0036","C"
"4","Trait5","FASTmrMLM","NsiI.TP454947","11","14520","-7.4616e-06","0.0016","A"
"4","Trait5","FASTmrMLM","NsiI.TP455041","11","14522","-0.2107","0.9553","A"
"4","Trait5","FASTmrMLM","NsiI.TP455152","11","14523","0.1063","1.0576","A"
"4","Trait5","FASTmrMLM","NsiI.TP455167","11","14524","-9.4525e-06","0.0021","C"
"4","Trait5","FASTmrMLM","NsiI.TP455250","11","14526","0.1979","0.588","C"
"4","Trait5","FASTmrMLM","NsiI.TP455253","11","14527","0.1257","0.9865","C"
"4","Trait5","FASTmrMLM","NsiI.TP455677","11","14529","-3.8371e-05","0.0084","A"
"4","Trait5","FASTmrMLM","NsiI.TP455693","11","14530","3.1173e-05","0.0068","A"
"4","Trait5","FASTmrMLM","NsiI.TP455700","11","14531","-7.7053e-06","0.0017","C"
"4","Trait5","FASTmrMLM","NsiI.TP455853","11","14533","-1.2185e-05","0.0027","C"
"4","Trait5","FASTmrMLM","NsiI.TP455855","11","14534","3.4167e-05","0.0075","C"
"4","Trait5","FASTmrMLM","NsiI.TP455891","11","14535","0.1555","1.0721","C"
"4","Trait5","FASTmrMLM","NsiI.TP456029","11","14536","0.1084","0.3744","C"
"4","Trait5","FASTmrMLM","NsiI.TP456072","11","14537","-0.0558","0.4143","C"
"4","Trait5","FASTmrMLM","NsiI.TP456097","11","14538","-3.7085e-06","8e-04","C"
"4","Trait5","FASTmrMLM","NsiI.TP456139","11","14539","2.1199e-05","0.0046","C"
"4","Trait5","FASTmrMLM","NsiI.TP456239","11","14540","-8.3725e-06","0.0018","C"
"4","Trait5","FASTmrMLM","NsiI.TP456277","11","14541","-1.2423e-06","3e-04","A"
"4","Trait5","FASTmrMLM","NsiI.TP456371","11","14544","-0.0359","0.3436","C"
"4","Trait5","FASTmrMLM","NsiI.TP456445","11","14545","4.952e-07","1e-04","A"
"4","Trait5","FASTmrMLM","NsiI.TP456520","11","14547","-3.0254e-05","0.0066","C"
"4","Trait5","FASTmrMLM","NsiI.TP456563","11","14549","1.8413e-05","0.004","A"
"4","Trait5","FASTmrMLM","NsiI.TP456615","11","14550","-1.7314e-05","0.0038","C"
"4","Trait5","FASTmrMLM","NsiI.TP456659","11","14551","1.2003e-05","0.0026","C"
"4","Trait5","FASTmrMLM","NsiI.TP456707","11","14552","0.3215","1.8236","C"
"4","Trait5","FASTmrMLM","NsiI.TP456787","11","14553","-0.0448","0.2151","C"
"4","Trait5","FASTmrMLM","NsiI.TP456798","11","14554","1.2873e-05","0.0028","A"
"4","Trait5","FASTmrMLM","NsiI.TP456922","11","14556","3.0538e-05","0.0067","A"
"4","Trait5","FASTmrMLM","NsiI.TP456970","11","14558","2.7074e-06","6e-04","A"
"4","Trait5","FASTmrMLM","NsiI.TP457095","11","14560","5.4284e-06","0.0012","A"
"4","Trait5","FASTmrMLM","NsiI.TP457132","11","14561","0.0461","0.4621","G"
"4","Trait5","FASTmrMLM","NsiI.TP457144","11","14562","-3.4324e-05","0.0075","C"
"4","Trait5","FASTmrMLM","NsiI.TP457495","11","14564","0.2145","1.0579","A"
"4","Trait5","FASTmrMLM","NsiI.TP457503","11","14566","4.8696e-07","1e-04","C"
"4","Trait5","FASTmrMLM","NsiI.TP457514","11","14567","3.3938e-05","0.0075","C"
"4","Trait5","FASTmrMLM","NsiI.TP457618","11","14568","-4.9244e-06","0.0011","A"
"4","Trait5","FASTmrMLM","NsiI.TP457620","11","14569","1.3303e-05","0.0029","C"
"4","Trait5","FASTmrMLM","NsiI.TP457636","11","14570","6.6397e-06","0.0014","G"
"4","Trait5","FASTmrMLM","NsiI.TP457648","11","14571","-0.0034","0.1017","C"
"4","Trait5","FASTmrMLM","NsiI.TP457668","11","14572","-0.1096","0.7313","C"
"4","Trait5","FASTmrMLM","NsiI.TP458088","11","14578","-9.1306e-07","2e-04","G"
"4","Trait5","FASTmrMLM","NsiI.TP458100","11","14579","-0.0932","0.6394","A"
"4","Trait5","FASTmrMLM","NsiI.TP458174","11","14581","5.5213e-06","0.0012","G"
"4","Trait5","FASTmrMLM","NsiI.TP458281","11","14583","-7.0691e-06","0.0015","A"
"4","Trait5","FASTmrMLM","NsiI.TP458363","11","14584","5.8564e-06","0.0013","C"
"4","Trait5","FASTmrMLM","NsiI.TP458380","11","14585","-2.0296e-05","0.0044","C"
"4","Trait5","FASTmrMLM","NsiI.TP458403","11","14586","2e-04","0.0147","C"
"4","Trait5","FASTmrMLM","NsiI.TP458472","11","14587","-5.6949e-06","0.0012","C"
"4","Trait5","FASTmrMLM","NsiI.TP458474","11","14588","0.0685","0.4314","C"
"4","Trait5","FASTmrMLM","NsiI.TP458537","11","14589","-1e-04","0.0108","C"
"4","Trait5","FASTmrMLM","NsiI.TP458574","11","14591","8.7208e-06","0.0019","C"
"4","Trait5","FASTmrMLM","NsiI.TP458578","11","14592","0.2515","1.04","C"
"4","Trait5","FASTmrMLM","NsiI.TP458620","11","14593","1.2455e-05","0.0027","C"
"4","Trait5","FASTmrMLM","NsiI.TP458702","11","14594","0.1193","0.6909","A"
"4","Trait5","FASTmrMLM","NsiI.TP458870","11","14595","3.4404e-05","0.0076","C"
"4","Trait5","FASTmrMLM","NsiI.TP458887","11","14596","3.9324e-05","0.0086","C"
"4","Trait5","FASTmrMLM","NsiI.TP458921","11","14597","-2.4323e-05","0.0053","A"
"4","Trait5","FASTmrMLM","NsiI.TP458927","11","14598","6.4522e-06","0.0014","G"
"4","Trait5","FASTmrMLM","NsiI.TP458999","11","14599","3.5533e-06","8e-04","C"
"4","Trait5","FASTmrMLM","NsiI.TP459041","11","14600","1.521e-05","0.0033","C"
"4","Trait5","FASTmrMLM","NsiI.TP459043","11","14601","-0.0612","0.3479","G"
"4","Trait5","FASTmrMLM","NsiI.TP459546","11","14604","0.036","0.42","C"
"4","Trait5","FASTmrMLM","NsiI.TP459558","11","14605","-8.0834e-06","0.0018","C"
"4","Trait5","FASTmrMLM","NsiI.TP459562","11","14606","1.8009e-05","0.0039","A"
"4","Trait5","FASTmrMLM","NsiI.TP459599","11","14608","-1.285e-05","0.0028","C"
"4","Trait5","FASTmrMLM","NsiI.TP459742","11","14610","-1.2894e-05","0.0028","C"
"4","Trait5","FASTmrMLM","NsiI.TP459799","11","14612","0.0143","0.1645","A"
"4","Trait5","FASTmrMLM","NsiI.TP459803","11","14613","-1.5241e-06","3e-04","C"
"4","Trait5","FASTmrMLM","NsiI.TP459852","11","14614","-2.4404e-05","0.0053","C"
"4","Trait5","FASTmrMLM","NsiI.TP459856","11","14615","3.354e-05","0.0074","C"
"4","Trait5","FASTmrMLM","NsiI.TP460177","11","14617","0.1052","0.7757","C"
"4","Trait5","FASTmrMLM","NsiI.TP460201","11","14619","-2.464e-05","0.0054","A"
"4","Trait5","FASTmrMLM","NsiI.TP460312","11","14621","-0.4351","2.1855","C"
"4","Trait5","FASTmrMLM","NsiI.TP460338","11","14623","-2.7849e-05","0.0061","A"
"4","Trait5","FASTmrMLM","NsiI.TP460618","11","14626","2.164e-06","5e-04","C"
"4","Trait5","FASTmrMLM","NsiI.TP460901","11","14628","0.1741","1.2045","C"
"4","Trait5","FASTmrMLM","NsiI.TP461325","11","14631","-3.599e-06","8e-04","A"
"4","Trait5","FASTmrMLM","NsiI.TP461677","11","14633","1.2821e-05","0.0028","C"
"4","Trait5","FASTmrMLM","NsiI.TP462448","11","14636","-4.4724e-06","0.001","C"
"4","Trait5","FASTmrMLM","NsiI.TP462617","11","14638","-2e-04","0.0121","A"
"4","Trait5","FASTmrMLM","NsiI.TP462944","11","14640","1.6843e-05","0.0037","A"
"4","Trait5","FASTmrMLM","NsiI.TP462945","11","14641","-3.299e-06","7e-04","A"
"4","Trait5","FASTmrMLM","NsiI.TP462986","11","14642","2.8856e-05","0.0063","C"
"4","Trait5","FASTmrMLM","NsiI.TP463150","11","14644","1.7808e-05","0.0039","C"
"4","Trait5","FASTmrMLM","NsiI.TP463200","11","14646","-0.0711","0.459","C"
"4","Trait5","FASTmrMLM","NsiI.TP463875","11","14650","-2.2195e-05","0.0049","A"
"4","Trait5","FASTmrMLM","NsiI.TP463918","11","14651","-1.0032e-05","0.0022","A"
"4","Trait5","FASTmrMLM","NsiI.TP463974","11","14652","1.7478e-05","0.0038","C"
"4","Trait5","FASTmrMLM","NsiI.TP464041","11","14654","1.4419e-05","0.0031","C"
"4","Trait5","FASTmrMLM","NsiI.TP464267","11","14657","-0.1575","0.9129","C"
"4","Trait5","FASTmrMLM","NsiI.TP464289","11","14660","1.3162e-06","3e-04","A"
"4","Trait5","FASTmrMLM","NsiI.TP464294","11","14661","5.0263e-06","0.0011","C"
"4","Trait5","FASTmrMLM","NsiI.TP464369","11","14662","9.3245e-06","0.002","A"
"4","Trait5","FASTmrMLM","NsiI.TP464397","11","14663","-0.1032","1.2557","C"
"4","Trait5","FASTmrMLM","NsiI.TP464530","11","14665","-0.0252","0.2409","C"
"4","Trait5","FASTmrMLM","NsiI.TP464533","11","14666","0.0313","0.246","C"
"4","Trait5","FASTmrMLM","NsiI.TP464767","11","14667","0.1333","0.9412","A"
"4","Trait5","FASTmrMLM","NsiI.TP464859","11","14668","4.8678e-08","1.0593e-05","C"
"4","Trait5","FASTmrMLM","NsiI.TP464933","11","14669","-0.0411","0.2886","C"
"4","Trait5","FASTmrMLM","NsiI.TP464957","11","14670","-1.5778e-05","0.0034","C"
"4","Trait5","FASTmrMLM","NsiI.TP464987","11","14671","-0.0582","0.4799","C"
"4","Trait5","FASTmrMLM","NsiI.TP465044","11","14673","-2.738e-05","0.006","C"
"4","Trait5","FASTmrMLM","NsiI.TP465060","11","14674","-1.2061e-05","0.0026","C"
"4","Trait5","FASTmrMLM","NsiI.TP465211","11","14676","1.5698e-05","0.0034","C"
"4","Trait5","FASTmrMLM","NsiI.TP465256","11","14677","0.0204","0.2689","A"
"4","Trait5","FASTmrMLM","NsiI.TP465411","11","14678","-0.1726","1.4095","A"
"4","Trait5","FASTmrMLM","NsiI.TP465474","11","14680","-0.0604","0.4163","A"
"4","Trait5","FASTmrMLM","NsiI.TP465623","11","14681","1.3171e-05","0.0029","A"
"4","Trait5","FASTmrMLM","NsiI.TP465665","11","14682","-0.1951","1.3078","C"
"4","Trait5","FASTmrMLM","NsiI.TP465677","11","14684","-1.0656e-05","0.0023","A"
"4","Trait5","FASTmrMLM","NsiI.TP465783","11","14686","-7.8517e-06","0.0017","C"
"4","Trait5","FASTmrMLM","NsiI.TP465801","11","14688","1.7301e-05","0.0038","G"
"4","Trait5","FASTmrMLM","NsiI.TP465897","11","14689","-5.8268e-06","0.0013","A"
"4","Trait5","FASTmrMLM","NsiI.TP466045","11","14690","-2e-04","0.0142","A"
"4","Trait5","FASTmrMLM","NsiI.TP466065","11","14691","-1.1411e-05","0.0025","A"
"4","Trait5","FASTmrMLM","NsiI.TP466128","11","14692","6.5759e-06","0.0014","C"
"4","Trait5","FASTmrMLM","NsiI.TP466393","11","14695","-6.5751e-09","1.431e-06","A"
"4","Trait5","FASTmrMLM","NsiI.TP466452","11","14696","-3.0526e-05","0.0067","C"
"4","Trait5","FASTmrMLM","NsiI.TP466606","11","14697","2.0456e-06","4e-04","C"
"4","Trait5","FASTmrMLM","NsiI.TP466671","11","14698","-1.5096e-05","0.0033","C"
"4","Trait5","FASTmrMLM","NsiI.TP466770","11","14699","7.8514e-07","2e-04","C"
"4","Trait5","FASTmrMLM","NsiI.TP466808","11","14700","1e-04","0.0079","C"
"4","Trait5","FASTmrMLM","NsiI.TP467039","11","14701","-6.1919e-06","0.0013","C"
"4","Trait5","FASTmrMLM","NsiI.TP467077","11","14703","8.1417e-06","0.0018","G"
"4","Trait5","FASTmrMLM","NsiI.TP467080","11","14704","1.9259e-05","0.0042","C"
"4","Trait5","FASTmrMLM","NsiI.TP467081","11","14705","2.4796e-05","0.0052","C"
"4","Trait5","FASTmrMLM","NsiI.TP467124","11","14706","-0.1037","0.512","G"
"4","Trait5","FASTmrMLM","NsiI.TP467334","11","14708","-0.1485","0.9953","A"
"4","Trait5","FASTmrMLM","NsiI.TP467412","11","14709","2.5106e-05","0.0055","G"
"4","Trait5","FASTmrMLM","NsiI.TP467507","11","14710","-0.1038","0.6835","G"
"4","Trait5","FASTmrMLM","NsiI.TP467551","11","14712","-0.0492","0.4611","C"
"4","Trait5","FASTmrMLM","NsiI.TP467595","11","14713","1.4933e-05","0.0033","C"
"4","Trait5","FASTmrMLM","NsiI.TP467631","11","14715","-3.603e-05","0.0079","A"
"4","Trait5","FASTmrMLM","NsiI.TP467776","11","14717","-1.3003e-06","3e-04","C"
"4","Trait5","FASTmrMLM","NsiI.TP467949","11","14719","0.0186","0.2424","A"
"4","Trait5","FASTmrMLM","NsiI.TP468110","11","14723","-0.0045","0.1068","A"
"4","Trait5","FASTmrMLM","NsiI.TP468113","11","14724","-1.2301e-06","3e-04","C"
"4","Trait5","FASTmrMLM","NsiI.TP468201","11","14725","-1.3535e-05","0.003","A"
"4","Trait5","FASTmrMLM","NsiI.TP468214","11","14726","-8.1928e-06","0.0018","A"
"4","Trait5","FASTmrMLM","NsiI.TP468237","11","14727","3.9758e-05","0.0087","A"
"4","Trait5","FASTmrMLM","NsiI.TP468299","11","14728","-0.0235","0.2163","A"
"4","Trait5","FASTmrMLM","NsiI.TP468332","11","14729","-2.9764e-05","0.0065","A"
"4","Trait5","FASTmrMLM","NsiI.TP468380","11","14731","-2.6925e-05","0.0059","C"
"4","Trait5","FASTmrMLM","NsiI.TP468398","11","14732","1.3183e-05","0.0029","A"
"4","Trait5","FASTmrMLM","NsiI.TP468555","11","14734","-0.2881","0.8626","G"
"4","Trait5","FASTmrMLM","NsiI.TP468613","11","14735","8.6643e-06","0.0019","A"
"4","Trait5","FASTmrMLM","NsiI.TP468869","11","14737","-5.8208e-06","0.0013","A"
"4","Trait5","FASTmrMLM","NsiI.TP468926","11","14738","4e-04","0.0183","A"
"4","Trait5","FASTmrMLM","NsiI.TP469094","11","14741","-1e-04","0.0087","C"
"4","Trait5","FASTmrMLM","NsiI.TP469135","11","14742","-1.7226e-06","4e-04","C"
"4","Trait5","FASTmrMLM","NsiI.TP469202","11","14744","-2.4198e-06","5e-04","A"
"4","Trait5","FASTmrMLM","NsiI.TP469203","11","14745","-7.9634e-06","0.0017","A"
"4","Trait5","FASTmrMLM","NsiI.TP469220","11","14746","-1.548e-05","0.0034","C"
"4","Trait5","FASTmrMLM","NsiI.TP469294","11","14747","2.9875e-05","0.0066","G"
"4","Trait5","FASTmrMLM","NsiI.TP469537","11","14750","-0.1948","0.7939","C"
"4","Trait5","FASTmrMLM","NsiI.TP469623","11","14751","4.013e-06","9e-04","C"
"4","Trait5","FASTmrMLM","NsiI.TP469833","11","14754","1.0016e-05","0.0022","A"
"4","Trait5","FASTmrMLM","NsiI.TP469970","11","14755","1.3342e-05","0.0029","C"
"4","Trait5","FASTmrMLM","NsiI.TP469978","11","14756","-0.0582","0.3088","G"
"4","Trait5","FASTmrMLM","NsiI.TP470046","11","14758","1.2227e-05","0.0027","C"
"4","Trait5","FASTmrMLM","NsiI.TP470178","11","14760","-1.09e-05","0.0024","C"
"4","Trait5","FASTmrMLM","NsiI.TP470211","11","14761","2.7719e-06","6e-04","C"
"4","Trait5","FASTmrMLM","NsiI.TP470370","11","14763","-2.183e-05","0.0048","C"
"4","Trait5","FASTmrMLM","NsiI.TP470374","11","14764","-1.2093e-07","2.6317e-05","A"
"4","Trait5","FASTmrMLM","NsiI.TP470420","11","14766","-0.041","0.4611","A"
"4","Trait5","FASTmrMLM","NsiI.TP470465","11","14767","-6.7316e-06","0.0015","A"
"4","Trait5","FASTmrMLM","NsiI.TP470466","11","14768","-2.6831e-05","0.0059","A"
"4","Trait5","FASTmrMLM","NsiI.TP470630","11","14770","2.5701e-06","6e-04","C"
"4","Trait5","FASTmrMLM","NsiI.TP470703","11","14771","-5.1526e-06","0.0011","C"
"4","Trait5","FASTmrMLM","NsiI.TP470733","11","14773","-1.4948e-05","0.0033","C"
"4","Trait5","FASTmrMLM","NsiI.TP470744","11","14774","-7.4117e-06","0.0016","C"
"4","Trait5","FASTmrMLM","NsiI.TP470903","11","14777","-1.3043e-05","0.0028","A"
"4","Trait5","FASTmrMLM","NsiI.TP470904","11","14778","1.3736e-05","0.003","A"
"4","Trait5","FASTmrMLM","NsiI.TP470925","11","14779","1.5451e-05","0.0034","C"
"4","Trait5","FASTmrMLM","NsiI.TP470927","11","14780","-8.5473e-07","2e-04","A"
"4","Trait5","FASTmrMLM","NsiI.TP470928","11","14781","0.0257","0.3357","A"
"4","Trait5","FASTmrMLM","NsiI.TP471113","11","14782","-2.5152e-06","5e-04","C"
"4","Trait5","FASTmrMLM","NsiI.TP471179","11","14786","0.0983","0.5627","C"
"4","Trait5","FASTmrMLM","NsiI.TP471511","11","14789","0.3372","1.0658","A"
"4","Trait5","FASTmrMLM","NsiI.TP471513","11","14790","-1.8517e-06","4e-04","A"
"4","Trait5","FASTmrMLM","NsiI.TP471566","11","14791","-7.3893e-06","0.0016","A"
"4","Trait5","FASTmrMLM","NsiI.TP471639","11","14792","2.1141e-06","5e-04","A"
"4","Trait5","FASTmrMLM","NsiI.TP471645","11","14793","-3.072e-05","0.0067","A"
"4","Trait5","FASTmrMLM","NsiI.TP471709","11","14794","1.1444e-06","2e-04","A"
"4","Trait5","FASTmrMLM","NsiI.TP471716","11","14795","9.0113e-06","0.002","A"
"4","Trait5","FASTmrMLM","NsiI.TP471722","11","14796","-3.5369e-06","8e-04","A"
"4","Trait5","FASTmrMLM","NsiI.TP471770","11","14797","-0.0776","0.6556","C"
"4","Trait5","FASTmrMLM","NsiI.TP471834","11","14798","1.3073e-05","0.0029","A"
"4","Trait5","FASTmrMLM","NsiI.TP471900","11","14799","-4.1147e-07","8.9564e-05","C"
"4","Trait5","FASTmrMLM","NsiI.TP471944","11","14800","-4.5669e-06","0.001","A"
"4","Trait5","FASTmrMLM","NsiI.TP471963","11","14801","0.0778","0.8882","C"
"4","Trait5","FASTmrMLM","NsiI.TP471975","11","14802","-4.2443e-05","0.0093","C"
"4","Trait5","FASTmrMLM","NsiI.TP472039","11","14803","-0.2762","1.0941","A"
"4","Trait5","FASTmrMLM","NsiI.TP472079","11","14806","-8.2764e-06","0.0018","A"
"4","Trait5","FASTmrMLM","NsiI.TP472278","11","14808","-8.8261e-06","0.0019","A"
"4","Trait5","FASTmrMLM","NsiI.TP472286","11","14809","0.1707","0.6536","G"
"4","Trait5","FASTmrMLM","NsiI.TP472325","11","14810","1.8987e-05","0.0042","C"
"4","Trait5","FASTmrMLM","NsiI.TP472428","11","14811","-3.7471e-05","0.0082","A"
"4","Trait5","FASTmrMLM","NsiI.TP472465","11","14812","1.5766e-05","0.0034","A"
"4","Trait5","FASTmrMLM","NsiI.TP472555","11","14813","1.7826e-05","0.0039","C"
"4","Trait5","FASTmrMLM","NsiI.TP472713","11","14815","-0.014","0.1848","C"
"4","Trait5","FASTmrMLM","NsiI.TP472716","11","14816","-0.0256","0.3106","A"
"4","Trait5","FASTmrMLM","NsiI.TP472777","11","14817","-1.3817e-05","0.003","A"
"4","Trait5","FASTmrMLM","NsiI.TP472793","11","14818","-0.0229","0.1598","C"
"4","Trait5","FASTmrMLM","NsiI.TP472952","11","14819","2.1685e-05","0.0047","C"
"4","Trait5","FASTmrMLM","NsiI.TP472966","11","14820","1.3225e-05","0.0029","C"
"4","Trait5","FASTmrMLM","NsiI.TP473030","11","14821","-0.0273","0.3038","A"
"4","Trait5","FASTmrMLM","NsiI.TP473151","11","14822","3.6276e-05","0.008","A"
"4","Trait5","FASTmrMLM","NsiI.TP473183","11","14824","0.0521","0.435","C"
"4","Trait5","FASTmrMLM","NsiI.TP473201","11","14825","-0.0086","0.1375","A"
"4","Trait5","FASTmrMLM","NsiI.TP473204","11","14826","-3.1509e-05","0.0069","A"
"4","Trait5","FASTmrMLM","NsiI.TP473213","11","14827","-2.7913e-05","0.0061","A"
"4","Trait5","FASTmrMLM","NsiI.TP473260","11","14828","-9.4935e-06","0.0021","G"
"4","Trait5","FASTmrMLM","NsiI.TP473267","11","14829","1.5831e-05","0.0035","G"
"4","Trait5","FASTmrMLM","NsiI.TP473824","11","14832","-0.0885","0.4639","A"
"4","Trait5","FASTmrMLM","NsiI.TP473868","11","14833","2.0611e-05","0.0045","C"
"4","Trait5","FASTmrMLM","NsiI.TP473965","11","14834","0.0406","0.3417","C"
"4","Trait5","FASTmrMLM","NsiI.TP474321","11","14835","-8.245e-06","0.0018","C"
"4","Trait5","FASTmrMLM","NsiI.TP474414","11","14836","-2e-04","0.0129","A"
"4","Trait5","FASTmrMLM","NsiI.TP474579","11","14837","1.6245e-05","0.0035","A"
"4","Trait5","FASTmrMLM","NsiI.TP474771","11","14839","-1.6341e-06","4e-04","C"
"4","Trait5","FASTmrMLM","NsiI.TP475103","11","14841","-3.6715e-06","8e-04","C"
"4","Trait5","FASTmrMLM","NsiI.TP475189","11","14842","-3.2736e-09","7.1238e-07","C"
"4","Trait5","FASTmrMLM","NsiI.TP475376","11","14843","1.4718e-05","0.0032","G"
"4","Trait5","FASTmrMLM","NsiI.TP475527","11","14845","-0.0597","0.2583","C"
"4","Trait5","FASTmrMLM","NsiI.TP475815","11","14849","-9.7571e-06","0.0021","C"
"4","Trait5","FASTmrMLM","NsiI.TP475925","11","14850","0.1577","1.1023","C"
"4","Trait5","FASTmrMLM","NsiI.TP475928","11","14851","-0.0169","0.1714","A"
"4","Trait5","FASTmrMLM","NsiI.TP475941","11","14852","-7.712e-06","0.0017","C"
"4","Trait5","FASTmrMLM","NsiI.TP475968","11","14854","1.3267e-05","0.0029","C"
"4","Trait5","FASTmrMLM","NsiI.TP476147","11","14858","6.2362e-06","0.0014","A"
"4","Trait5","FASTmrMLM","NsiI.TP476193","11","14859","3.5222e-06","8e-04","G"
"4","Trait5","FASTmrMLM","NsiI.TP476215","11","14860","0.0948","0.4164","C"
"4","Trait5","FASTmrMLM","NsiI.TP476240","11","14861","-7.5965e-06","0.0017","A"
"4","Trait5","FASTmrMLM","NsiI.TP476275","11","14862","-3.5908e-05","0.0079","C"
"4","Trait5","FASTmrMLM","NsiI.TP476303","11","14864","-2.1875e-06","5e-04","C"
"4","Trait5","FASTmrMLM","NsiI.TP476378","11","14867","7.1658e-06","0.0016","A"
"4","Trait5","FASTmrMLM","NsiI.TP476427","11","14869","-8.7551e-06","0.0019","A"
"4","Trait5","FASTmrMLM","NsiI.TP476465","11","14870","3.1686e-05","0.007","C"
"4","Trait5","FASTmrMLM","NsiI.TP476555","11","14872","-2.8538e-07","6.2126e-05","A"
"4","Trait5","FASTmrMLM","NsiI.TP476561","11","14873","-5.4116e-06","0.0012","C"
"4","Trait5","FASTmrMLM","NsiI.TP476725","11","14876","0.2502","0.8869","C"
"4","Trait5","FASTmrMLM","NsiI.TP476828","11","14877","1.9578e-06","4e-04","A"
"4","Trait5","FASTmrMLM","NsiI.TP476830","11","14878","2.593e-05","0.0057","A"
"4","Trait5","FASTmrMLM","NsiI.TP477347","11","14880","0.087","0.3327","C"
"4","Trait5","FASTmrMLM","NsiI.TP477392","11","14881","2.4996e-05","0.0055","A"
"4","Trait5","FASTmrMLM","NsiI.TP479695","11","14882","1.5749e-05","0.0034","C"
"4","Trait5","FASTmrMLM","NsiI.TP479705","11","14883","0.0523","0.4314","C"
"4","Trait5","FASTmrMLM","NsiI.TP479729","11","14884","-2.7777e-05","0.0061","C"
"4","Trait5","FASTmrMLM","NsiI.TP479743","11","14885","-0.0644","0.7417","A"
"4","Trait5","FASTmrMLM","NsiI.TP479873","11","14887","-2.664e-05","0.0058","C"
"4","Trait5","FASTmrMLM","NsiI.TP479967","11","14889","-2.1417e-05","0.0047","C"
"4","Trait5","FASTmrMLM","NsiI.TP480922","11","14891","-2.5247e-06","5e-04","C"
"4","Trait5","FASTmrMLM","NsiI.TP480948","11","14892","2.8092e-07","6.1139e-05","C"
"4","Trait5","FASTmrMLM","NsiI.TP481015","11","14895","6.0101e-06","0.0013","A"
"4","Trait5","FASTmrMLM","NsiI.TP481048","11","14896","-0.0338","0.3505","G"
"4","Trait5","FASTmrMLM","NsiI.TP481258","11","14897","-0.0109","0.1495","C"
"4","Trait5","FASTmrMLM","NsiI.TP481303","11","14899","-0.1798","1.3209","C"
"4","Trait5","FASTmrMLM","NsiI.TP481383","11","14903","-1.3225e-05","0.0029","C"
"4","Trait5","FASTmrMLM","NsiI.TP481393","11","14904","-4.4648e-05","0.0069","C"
"4","Trait5","FASTmrMLM","NsiI.TP481412","11","14905","0.0495","0.5237","A"
"4","Trait5","FASTmrMLM","NsiI.TP481430","11","14906","1.8184e-05","0.004","C"
"4","Trait5","FASTmrMLM","NsiI.TP481493","11","14907","-0.1562","0.6819","C"
"4","Trait5","FASTmrMLM","NsiI.TP481507","11","14908","2.0877e-05","0.0046","G"
"4","Trait5","FASTmrMLM","NsiI.TP481603","11","14909","-1.5335e-05","0.0034","C"
"4","Trait5","FASTmrMLM","NsiI.TP481746","11","14912","0.0796","0.5841","C"
"4","Trait5","FASTmrMLM","NsiI.TP482260","11","14916","-0.0247","0.3322","C"
"4","Trait5","FASTmrMLM","NsiI.TP482310","11","14918","3.5755e-05","0.0079","C"
"4","Trait5","FASTmrMLM","NsiI.TP482316","11","14919","-1.2108e-05","0.0026","C"
"4","Trait5","FASTmrMLM","NsiI.TP482349","11","14921","0.1718","0.9884","G"
"4","Trait5","FASTmrMLM","NsiI.TP482428","11","14922","6.3275e-06","0.0014","A"
"4","Trait5","FASTmrMLM","NsiI.TP482576","11","14924","-0.4569","3.0116","C"
"4","Trait5","FASTmrMLM","NsiI.TP482743","11","14925","-2.0467e-05","0.0045","C"
"4","Trait5","FASTmrMLM","NsiI.TP482764","11","14927","-9.1158e-06","0.002","A"
"4","Trait5","FASTmrMLM","NsiI.TP482876","11","14928","-5.3503e-06","0.0012","C"
"4","Trait5","FASTmrMLM","NsiI.TP482910","11","14929","4.1681e-05","0.0092","C"
"4","Trait5","FASTmrMLM","NsiI.TP482927","11","14930","-0.0043","0.0671","G"
"4","Trait5","FASTmrMLM","NsiI.TP482928","11","14931","-1.0669e-05","0.0023","A"
"4","Trait5","FASTmrMLM","NsiI.TP482972","11","14932","3.0845e-06","7e-04","C"
"4","Trait5","FASTmrMLM","NsiI.TP483244","11","14936","5.8468e-06","0.0013","A"
"4","Trait5","FASTmrMLM","NsiI.TP483321","11","14937","-0.054","0.316","C"
"4","Trait5","FASTmrMLM","NsiI.TP483872","11","14943","-1.8625e-05","0.0041","C"
"4","Trait5","FASTmrMLM","NsiI.TP483895","11","14944","-1.0084e-05","0.0022","C"
"4","Trait5","FASTmrMLM","NsiI.TP483963","11","14945","3.6184e-06","8e-04","C"
"4","Trait5","FASTmrMLM","NsiI.TP483983","11","14946","-1.0187e-05","0.0022","A"
"4","Trait5","FASTmrMLM","NsiI.TP484008","11","14947","-0.0333","0.3549","A"
"4","Trait5","FASTmrMLM","NsiI.TP484036","11","14948","-1.3899e-05","0.003","C"
"4","Trait5","FASTmrMLM","NsiI.TP484046","11","14949","2e-04","0.0129","A"
"4","Trait5","FASTmrMLM","NsiI.TP484072","11","14950","-0.1298","0.6044","A"
"4","Trait5","FASTmrMLM","NsiI.TP484105","11","14951","-0.0359","0.2833","A"
"4","Trait5","FASTmrMLM","NsiI.TP484292","11","14952","-4.5048e-06","0.001","A"
"4","Trait5","FASTmrMLM","NsiI.TP484304","11","14953","-2.8088e-05","0.0062","A"
"4","Trait5","FASTmrMLM","NsiI.TP484317","11","14954","1.6105e-05","0.0035","C"
"4","Trait5","FASTmrMLM","NsiI.TP484322","11","14955","7.3061e-06","0.0016","A"
"4","Trait5","FASTmrMLM","NsiI.TP484341","11","14956","-0.2434","2.536","A"
"4","Trait5","FASTmrMLM","NsiI.TP484385","11","14957","-8.2709e-05","0.0098","A"
"4","Trait5","FASTmrMLM","NsiI.TP484392","11","14958","-3.6843e-05","0.0063","A"
"4","Trait5","FASTmrMLM","NsiI.TP484589","11","14960","0.0281","0.4212","A"
"4","Trait5","FASTmrMLM","NsiI.TP484643","11","14961","-1.3542e-05","0.003","A"
"4","Trait5","FASTmrMLM","NsiI.TP484648","11","14962","2.8018e-05","0.0061","C"
"4","Trait5","FASTmrMLM","NsiI.TP484679","11","14963","1.4374e-06","3e-04","A"
"4","Trait5","FASTmrMLM","NsiI.TP484747","11","14964","2.5205e-06","5e-04","A"
"4","Trait5","FASTmrMLM","NsiI.TP484765","11","14965","-9.9528e-07","2e-04","A"
"4","Trait5","FASTmrMLM","NsiI.TP484767","11","14966","-0.1629","1.1447","C"
"4","Trait5","FASTmrMLM","NsiI.TP484793","11","14967","2.686e-05","0.0059","A"
"4","Trait5","FASTmrMLM","NsiI.TP484830","11","14968","-9.7099e-06","0.0021","C"
"4","Trait5","FASTmrMLM","NsiI.TP484985","11","14970","1.704e-05","0.0037","C"
"4","Trait5","FASTmrMLM","NsiI.TP484989","11","14971","0.2008","1.1901","A"
"4","Trait5","FASTmrMLM","NsiI.TP485016","11","14972","-1.6913e-05","0.0037","C"
"4","Trait5","FASTmrMLM","NsiI.TP485243","11","14975","0.0582","0.3423","A"
"4","Trait5","FASTmrMLM","NsiI.TP485335","11","14978","0.4134","1.8902","C"
"4","Trait5","FASTmrMLM","NsiI.TP485393","11","14979","-2.2205e-05","0.0049","A"
"4","Trait5","FASTmrMLM","NsiI.TP485510","11","14981","-1.0864e-05","0.0024","A"
"4","Trait5","FASTmrMLM","NsiI.TP485609","11","14983","3.0906e-05","0.0068","C"
"4","Trait5","FASTmrMLM","NsiI.TP485619","11","14984","-0.1533","1.0228","A"
"4","Trait5","FASTmrMLM","NsiI.TP485632","11","14985","-1.9251e-06","4e-04","A"
"4","Trait5","FASTmrMLM","NsiI.TP485707","11","14987","2.9313e-05","0.0064","A"
"4","Trait5","FASTmrMLM","NsiI.TP485720","11","14988","-0.1415","0.6196","C"
"4","Trait5","FASTmrMLM","NsiI.TP485785","11","14989","-0.0885","0.5085","A"
"4","Trait5","FASTmrMLM","NsiI.TP485855","11","14990","1.2702e-05","0.0028","A"
"4","Trait5","FASTmrMLM","NsiI.TP486023","11","14992","0.0717","0.4936","C"
"4","Trait5","FASTmrMLM","NsiI.TP486192","11","14994","1.2351e-05","0.0027","G"
"4","Trait5","FASTmrMLM","NsiI.TP486214","11","14995","-2.6799e-05","0.0059","A"
"4","Trait5","FASTmrMLM","NsiI.TP486424","11","14997","-1.4548e-05","0.0032","G"
"4","Trait5","FASTmrMLM","NsiI.TP486438","11","14999","1.6191e-05","0.0035","C"
"4","Trait5","FASTmrMLM","NsiI.TP486467","11","15000","1.1006e-05","0.0024","C"
"4","Trait5","FASTmrMLM","NsiI.TP486597","11","15001","-5.8379e-06","0.0013","A"
"4","Trait5","FASTmrMLM","NsiI.TP486638","11","15003","-7.6433e-06","0.0017","A"
"4","Trait5","FASTmrMLM","NsiI.TP486642","11","15004","0.0692","0.7044","A"
"4","Trait5","FASTmrMLM","NsiI.TP486825","11","15006","-1.4701e-05","0.0032","C"
"4","Trait5","FASTmrMLM","NsiI.TP486874","11","15007","-3.9309e-07","8.5565e-05","C"
"4","Trait5","FASTmrMLM","NsiI.TP486964","11","15008","-2.8451e-05","0.0062","A"
"4","Trait5","FASTmrMLM","NsiI.TP487024","11","15010","-1.9454e-05","0.0043","A"
"4","Trait5","FASTmrMLM","NsiI.TP487120","11","15011","2.4572e-05","0.0054","C"
"4","Trait5","FASTmrMLM","NsiI.TP487266","11","15012","-1.6854e-05","0.0034","C"
"4","Trait5","FASTmrMLM","NsiI.TP487304","11","15013","9.8603e-06","0.0022","C"
"4","Trait5","FASTmrMLM","NsiI.TP487479","11","15015","0.0355","0.423","C"
"4","Trait5","FASTmrMLM","NsiI.TP487515","11","15016","1.3842e-05","0.003","A"
"4","Trait5","FASTmrMLM","NsiI.TP487531","11","15017","2.0141e-05","0.0044","A"
"4","Trait5","FASTmrMLM","NsiI.TP487604","11","15018","-6.5402e-06","0.0014","C"
"4","Trait5","FASTmrMLM","NsiI.TP487651","11","15019","-1.1179e-05","0.0024","A"
"4","Trait5","FASTmrMLM","NsiI.TP487742","11","15021","0.0057","0.128","A"
"4","Trait5","FASTmrMLM","NsiI.TP487872","11","15023","4.3732e-06","0.001","A"
"4","Trait5","FASTmrMLM","NsiI.TP487991","11","15025","2.0273e-05","0.0044","G"
"4","Trait5","FASTmrMLM","NsiI.TP488322","11","15027","2.2412e-06","5e-04","C"
"4","Trait5","FASTmrMLM","NsiI.TP488343","11","15028","1.2005e-05","0.0026","A"
"4","Trait5","FASTmrMLM","NsiI.TP488375","11","15029","-3.8206e-06","8e-04","A"
"4","Trait5","FASTmrMLM","NsiI.TP488384","11","15030","-4.0073e-06","9e-04","C"
"4","Trait5","FASTmrMLM","NsiI.TP488525","11","15031","-0.1241","0.6568","C"
"4","Trait5","FASTmrMLM","NsiI.TP488578","11","15032","1.1212e-05","0.0024","C"
"4","Trait5","FASTmrMLM","NsiI.TP488679","11","15033","0.0688","0.5921","C"
"4","Trait5","FASTmrMLM","NsiI.TP488704","11","15034","7.6098e-07","2e-04","C"
"4","Trait5","FASTmrMLM","NsiI.TP488806","11","15037","6.5473e-06","0.0014","A"
"4","Trait5","FASTmrMLM","NsiI.TP488883","11","15038","0.2085","1.1316","A"
"4","Trait5","FASTmrMLM","NsiI.TP489029","11","15039","1.5354e-06","3e-04","A"
"4","Trait5","FASTmrMLM","NsiI.TP489032","11","15040","1.457e-05","0.0032","C"
"4","Trait5","FASTmrMLM","NsiI.TP489189","11","15041","-6.8226e-06","0.0015","C"
"4","Trait5","FASTmrMLM","NsiI.TP489203","11","15043","-1.1362e-05","0.0025","G"
"4","Trait5","FASTmrMLM","NsiI.TP489213","11","15044","1.5123e-05","0.0033","A"
"4","Trait5","FASTmrMLM","NsiI.TP489233","11","15045","2.8252e-05","0.0062","A"
"4","Trait5","FASTmrMLM","NsiI.TP489373","11","15047","-1.7867e-05","0.0039","C"
"4","Trait5","FASTmrMLM","NsiI.TP489390","11","15048","-1.0059e-05","0.0022","C"
"4","Trait5","FASTmrMLM","NsiI.TP489646","11","15049","2.9967e-05","0.0066","A"
"4","Trait5","FASTmrMLM","NsiI.TP489659","11","15050","0.0795","0.585","A"
"4","Trait5","FASTmrMLM","NsiI.TP489662","11","15051","-1.8647e-05","0.0041","A"
"4","Trait5","FASTmrMLM","NsiI.TP489943","11","15055","0.0857","1.12","A"
"4","Trait5","FASTmrMLM","NsiI.TP490027","11","15056","-5.0607e-06","0.0011","A"
"4","Trait5","FASTmrMLM","NsiI.TP490149","11","15058","0.1612","1.4691","C"
"4","Trait5","FASTmrMLM","NsiI.TP490231","11","15060","-0.1861","1.4039","A"
"4","Trait5","FASTmrMLM","NsiI.TP490252","11","15061","-0.1828","1.1286","C"
"4","Trait5","FASTmrMLM","NsiI.TP490279","11","15062","-5.8508e-06","0.0013","G"
"4","Trait5","FASTmrMLM","NsiI.TP490327","11","15063","-0.1781","0.8832","C"
"4","Trait5","FASTmrMLM","NsiI.TP490331","11","15064","0.4458","2.5485","A"
"4","Trait5","FASTmrMLM","NsiI.TP490364","11","15066","2.0074e-05","0.0044","C"
"4","Trait5","FASTmrMLM","NsiI.TP490522","11","15068","-2.8224e-05","0.0062","A"
"4","Trait5","FASTmrMLM","NsiI.TP490554","11","15069","-0.0884","0.79","C"
"4","Trait5","FASTmrMLM","NsiI.TP490659","11","15071","-4.5133e-05","0.0099","C"
"4","Trait5","FASTmrMLM","NsiI.TP490736","11","15072","0.0578","0.6368","C"
"4","Trait5","FASTmrMLM","NsiI.TP490744","11","15073","-3.2529e-06","7e-04","C"
"4","Trait5","FASTmrMLM","NsiI.TP490970","11","15076","-1.3203e-05","0.0029","A"
"4","Trait5","FASTmrMLM","NsiI.TP491193","11","15077","0.0269","0.2873","G"
"4","Trait5","FASTmrMLM","NsiI.TP491283","11","15078","-2.7097e-06","6e-04","C"
"4","Trait5","FASTmrMLM","NsiI.TP491324","11","15079","1.8256e-05","0.004","A"
"4","Trait5","FASTmrMLM","NsiI.TP491383","11","15080","-3.4536e-05","0.0076","C"
"4","Trait5","FASTmrMLM","NsiI.TP491527","11","15081","-0.1368","1.5352","A"
"4","Trait5","FASTmrMLM","NsiI.TP491561","11","15083","-2.6408e-05","0.0058","C"
"4","Trait5","FASTmrMLM","NsiI.TP491703","11","15085","-5.6789e-06","0.0012","G"
"4","Trait5","FASTmrMLM","NsiI.TP491725","11","15086","-7.9248e-06","0.0017","A"
"4","Trait5","FASTmrMLM","NsiI.TP491797","11","15087","-0.0787","0.8595","A"
"4","Trait5","FASTmrMLM","NsiI.TP491839","11","15088","-1.0829e-05","0.0024","C"
"4","Trait5","FASTmrMLM","NsiI.TP491929","11","15089","2.094e-06","5e-04","C"
"4","Trait5","FASTmrMLM","NsiI.TP491951","11","15090","-0.3857","1.5531","G"
"4","Trait5","FASTmrMLM","NsiI.TP492341","11","15094","-3.695e-05","0.0081","A"
"4","Trait5","FASTmrMLM","NsiI.TP492468","11","15095","-0.1424","1.3721","C"
"4","Trait5","FASTmrMLM","NsiI.TP492498","11","15096","-0.1853","1.7423","A"
"4","Trait5","FASTmrMLM","NsiI.TP492578","11","15097","2.9856e-05","0.0065","C"
"4","Trait5","FASTmrMLM","NsiI.TP492678","11","15098","1.4942e-06","3e-04","A"
"4","Trait5","FASTmrMLM","NsiI.TP492684","11","15099","-0.1529","0.9531","C"
"4","Trait5","FASTmrMLM","NsiI.TP492752","11","15100","-1.6371e-05","0.0036","C"
"4","Trait5","FASTmrMLM","NsiI.TP492873","11","15101","0.0982","0.9462","C"
"4","Trait5","FASTmrMLM","NsiI.TP492947","11","15102","0.0064","0.1511","A"
"4","Trait5","FASTmrMLM","NsiI.TP493045","11","15103","-1.3342e-07","2.9033e-05","A"
"4","Trait5","FASTmrMLM","NsiI.TP493084","11","15104","3.5964e-05","0.0079","A"
"4","Trait5","FASTmrMLM","NsiI.TP493145","11","15106","-0.0425","0.5035","C"
"4","Trait5","FASTmrMLM","NsiI.TP493149","11","15107","-0.1428","0.7088","C"
"4","Trait5","FASTmrMLM","NsiI.TP493171","11","15108","0.2077","0.9687","G"
"4","Trait5","FASTmrMLM","NsiI.TP493191","11","15109","4.2705e-06","9e-04","A"
"4","Trait5","FASTmrMLM","NsiI.TP493263","11","15110","-2.8165e-05","0.0062","G"
"4","Trait5","FASTmrMLM","NsiI.TP493408","11","15111","-4.1046e-06","9e-04","C"
"4","Trait5","FASTmrMLM","NsiI.TP493425","11","15112","-0.0664","0.429","C"
"4","Trait5","FASTmrMLM","NsiI.TP493499","11","15114","9.4169e-06","0.0021","G"
"4","Trait5","FASTmrMLM","NsiI.TP493602","11","15115","1.4119e-06","3e-04","A"
"4","Trait5","FASTmrMLM","NsiI.TP493622","11","15116","1.1946e-05","0.0026","A"
"4","Trait5","FASTmrMLM","NsiI.TP493652","11","15117","2.1929e-05","0.0048","A"
"4","Trait5","FASTmrMLM","NsiI.TP493680","11","15118","-0.0163","0.2308","A"
"4","Trait5","FASTmrMLM","NsiI.TP493688","11","15119","-0.0582","0.6586","C"
"4","Trait5","FASTmrMLM","NsiI.TP493695","11","15120","-1.205e-05","0.0026","C"
"4","Trait5","FASTmrMLM","NsiI.TP493788","11","15121","-1.8121e-05","0.004","A"
"4","Trait5","FASTmrMLM","NsiI.TP493820","11","15122","-3.034e-05","0.0067","C"
"4","Trait5","FASTmrMLM","NsiI.TP493869","11","15124","-0.2407","1.4639","A"
"4","Trait5","FASTmrMLM","NsiI.TP493880","11","15125","-2.9488e-05","0.0065","C"
"4","Trait5","FASTmrMLM","NsiI.TP493896","11","15126","-1.1746e-05","0.0026","A"
"4","Trait5","FASTmrMLM","NsiI.TP494012","11","15128","-3.4883e-05","0.0077","C"
"4","Trait5","FASTmrMLM","NsiI.TP494032","11","15129","2.2939e-05","0.005","C"
"4","Trait5","FASTmrMLM","NsiI.TP494044","11","15130","-8.9751e-06","0.002","A"
"4","Trait5","FASTmrMLM","NsiI.TP494092","11","15132","1.9514e-05","0.0043","A"
"4","Trait5","FASTmrMLM","NsiI.TP494104","11","15133","-0.0305","0.3755","A"
"4","Trait5","FASTmrMLM","NsiI.TP494231","11","15135","-7.3394e-06","0.0016","A"
"4","Trait5","FASTmrMLM","NsiI.TP494261","11","15136","2.1311e-05","0.0047","A"
"4","Trait5","FASTmrMLM","NsiI.TP494265","11","15137","-7.5635e-06","0.0016","C"
"4","Trait5","FASTmrMLM","NsiI.TP494286","11","15138","-0.099","0.4672","C"
"4","Trait5","FASTmrMLM","NsiI.TP494419","11","15139","0.1646","1.5206","C"
"4","Trait5","FASTmrMLM","NsiI.TP494443","11","15140","0.0443","0.4355","C"
"4","Trait5","FASTmrMLM","NsiI.TP494476","11","15141","1.2702e-05","0.0028","G"
"4","Trait5","FASTmrMLM","NsiI.TP494509","11","15143","0.101","0.8977","A"
"4","Trait5","FASTmrMLM","NsiI.TP494550","11","15144","1.5245e-06","3e-04","G"
"4","Trait5","FASTmrMLM","NsiI.TP494585","11","15145","1.1913e-05","0.0026","A"
"4","Trait5","FASTmrMLM","NsiI.TP494614","11","15146","1.5065e-05","0.0033","A"
"4","Trait5","FASTmrMLM","NsiI.TP494756","11","15149","-7.8714e-06","0.0017","A"
"4","Trait5","FASTmrMLM","NsiI.TP494818","11","15151","-1.3879e-05","0.003","C"
"4","Trait5","FASTmrMLM","NsiI.TP494865","11","15153","2.3864e-05","0.0052","A"
"4","Trait5","FASTmrMLM","NsiI.TP495080","11","15154","-5.6325e-06","0.0012","C"
"4","Trait5","FASTmrMLM","NsiI.TP495178","11","15157","1.6326e-05","0.0036","A"
"4","Trait5","FASTmrMLM","NsiI.TP495298","11","15159","1.3105e-05","0.0029","A"
"4","Trait5","FASTmrMLM","NsiI.TP495302","11","15160","-1.7742e-05","0.0039","C"
"4","Trait5","FASTmrMLM","NsiI.TP495357","11","15161","2.1309e-05","0.0047","C"
"4","Trait5","FASTmrMLM","NsiI.TP495411","11","15163","8.9309e-06","0.0019","A"
"4","Trait5","FASTmrMLM","NsiI.TP495572","11","15165","4.3533e-05","0.0096","C"
"4","Trait5","FASTmrMLM","NsiI.TP495618","11","15166","0.161","1.373","G"
"4","Trait5","FASTmrMLM","NsiI.TP495625","11","15167","-0.1169","0.9704","A"
"4","Trait5","FASTmrMLM","NsiI.TP496061","11","15171","-1.3521e-05","0.003","C"
"4","Trait5","FASTmrMLM","NsiI.TP496433","11","15173","8.2021e-07","2e-04","C"
"4","Trait5","FASTmrMLM","NsiI.TP496502","11","15174","1.4466e-06","3e-04","C"
"4","Trait5","FASTmrMLM","NsiI.TP496636","11","15177","-1.5785e-05","0.0034","C"
"4","Trait5","FASTmrMLM","NsiI.TP496664","11","15178","-2.8267e-05","0.0057","C"
"4","Trait5","FASTmrMLM","NsiI.TP496790","11","15180","0.0592","0.6294","A"
"4","Trait5","FASTmrMLM","NsiI.TP496834","11","15181","6.1656e-06","0.0013","A"
"4","Trait5","FASTmrMLM","NsiI.TP496845","11","15182","-1.1559e-05","0.0025","G"
"4","Trait5","FASTmrMLM","NsiI.TP496858","11","15183","0.0488","0.5196","A"
"4","Trait5","FASTmrMLM","NsiI.TP496948","11","15185","1.5987e-05","0.0035","C"
"4","Trait5","FASTmrMLM","NsiI.TP496960","11","15186","5.1198e-06","0.0011","C"
"4","Trait5","FASTmrMLM","NsiI.TP496980","11","15187","-8.454e-06","0.0018","G"
"4","Trait5","FASTmrMLM","NsiI.TP497059","11","15188","3.5982e-06","8e-04","G"
"4","Trait5","FASTmrMLM","NsiI.TP497133","11","15190","9.9721e-06","0.0022","A"
"4","Trait5","FASTmrMLM","NsiI.TP497251","11","15192","-5.2348e-06","0.0011","A"
"4","Trait5","FASTmrMLM","NsiI.TP497555","11","15194","0.0124","0.1397","A"
"4","Trait5","FASTmrMLM","NsiI.TP497596","11","15195","0.0787","0.4973","C"
"4","Trait5","FASTmrMLM","NsiI.TP497624","11","15196","-1.4213e-05","0.0031","C"
"4","Trait5","FASTmrMLM","NsiI.TP497633","11","15197","1.3575e-05","0.003","A"
"4","Trait5","FASTmrMLM","NsiI.TP497858","11","15201","0.0986","1.3047","C"
"4","Trait5","FASTmrMLM","NsiI.TP499060","11","15205","1.0179e-05","0.0022","A"
"4","Trait5","FASTmrMLM","NsiI.TP499102","11","15206","-7.4107e-06","0.0016","C"
"4","Trait5","FASTmrMLM","NsiI.TP499266","11","15210","-0.0701","0.4011","C"
"4","Trait5","FASTmrMLM","NsiI.TP499317","11","15211","1.2756e-05","0.0028","C"
"4","Trait5","FASTmrMLM","NsiI.TP499462","11","15213","-2.3535e-05","0.0052","C"
"4","Trait5","FASTmrMLM","NsiI.TP499491","11","15214","-0.0939","0.6793","A"
"4","Trait5","FASTmrMLM","NsiI.TP499594","11","15216","0.0775","0.6218","A"
"4","Trait5","FASTmrMLM","NsiI.TP499676","11","15217","9.1013e-06","0.002","C"
"4","Trait5","FASTmrMLM","NsiI.TP499693","11","15218","1.23e-05","0.0027","A"
"4","Trait5","FASTmrMLM","NsiI.TP499905","11","15220","2.0267e-05","0.0044","C"
"4","Trait5","FASTmrMLM","NsiI.TP500038","11","15223","-4.0769e-06","9e-04","C"
"4","Trait5","FASTmrMLM","NsiI.TP500073","11","15224","-2.5218e-06","5e-04","A"
"4","Trait5","FASTmrMLM","NsiI.TP500104","11","15225","-1.4831e-06","3e-04","A"
"4","Trait5","FASTmrMLM","NsiI.TP500146","11","15227","3.0355e-06","7e-04","G"
"4","Trait5","FASTmrMLM","NsiI.TP500238","11","15229","0.0398","0.4635","A"
"4","Trait5","FASTmrMLM","NsiI.TP500270","11","15230","-6.333e-06","0.0014","G"
"4","Trait5","FASTmrMLM","NsiI.TP500293","11","15232","5.8158e-06","0.0013","C"
"4","Trait5","FASTmrMLM","NsiI.TP500395","11","15234","-0.0159","0.2193","A"
"4","Trait5","FASTmrMLM","NsiI.TP500476","11","15236","9.7849e-07","2e-04","C"
"4","Trait5","FASTmrMLM","NsiI.TP500750","11","15239","-4.804e-06","0.001","A"
"4","Trait5","FASTmrMLM","NsiI.TP500827","11","15240","-1.7845e-05","0.0039","A"
"4","Trait5","FASTmrMLM","NsiI.TP500859","11","15241","-1.7397e-06","4e-04","A"
"4","Trait5","FASTmrMLM","NsiI.TP500931","11","15244","-0.293","1.8128","C"
"4","Trait5","FASTmrMLM","NsiI.TP500938","11","15245","-0.0277","0.2095","A"
"4","Trait5","FASTmrMLM","NsiI.TP501040","11","15248","-1.563e-06","3e-04","C"
"4","Trait5","FASTmrMLM","NsiI.TP501317","11","15249","-9.3365e-06","0.002","A"
"4","Trait5","FASTmrMLM","NsiI.TP501520","11","15254","-9.6156e-06","0.0021","C"
"4","Trait5","FASTmrMLM","NsiI.TP501590","11","15255","-4.175e-05","0.0071","C"
"4","Trait5","FASTmrMLM","NsiI.TP501593","11","15256","2.5033e-05","0.0055","C"
"4","Trait5","FASTmrMLM","NsiI.TP501725","11","15257","1.5917e-05","0.0035","G"
"4","Trait5","FASTmrMLM","NsiI.TP501766","11","15258","2.3031e-05","0.005","G"
"4","Trait5","FASTmrMLM","NsiI.TP501793","11","15259","-6.8186e-06","0.0015","C"
"4","Trait5","FASTmrMLM","NsiI.TP501795","11","15260","-0.0552","0.3177","A"
"4","Trait5","FASTmrMLM","NsiI.TP501869","11","15262","-0.1298","0.849","C"
"4","Trait5","FASTmrMLM","NsiI.TP502274","11","15263","0.0644","0.4146","C"
"4","Trait5","FASTmrMLM","NsiI.TP502331","11","15264","2.7062e-05","0.0059","G"
"4","Trait5","FASTmrMLM","NsiI.TP502338","11","15265","2.0726e-05","0.0045","A"
"4","Trait5","FASTmrMLM","NsiI.TP502364","11","15267","-1.1983e-05","0.0026","A"
"4","Trait5","FASTmrMLM","NsiI.TP502508","11","15269","1e-04","0.0118","A"
"4","Trait5","FASTmrMLM","NsiI.TP502621","11","15270","-2.6236e-05","0.0057","A"
"4","Trait5","FASTmrMLM","NsiI.TP502740","11","15271","2.0077e-05","0.0044","C"
"4","Trait5","FASTmrMLM","NsiI.TP502750","11","15272","-7.2408e-06","0.0016","C"
"4","Trait5","FASTmrMLM","NsiI.TP502846","11","15273","-1.6338e-07","3.5558e-05","C"
"4","Trait5","FASTmrMLM","NsiI.TP502855","11","15274","1.4265e-05","0.0031","A"
"4","Trait5","FASTmrMLM","NsiI.TP502881","11","15275","-1.8553e-05","0.0041","C"
"4","Trait5","FASTmrMLM","NsiI.TP502882","11","15276","3.1726e-05","0.007","G"
"4","Trait5","FASTmrMLM","NsiI.TP502918","11","15278","0.1062","0.5561","C"
"4","Trait5","FASTmrMLM","NsiI.TP502927","11","15279","-1.6144e-05","0.0035","A"
"4","Trait5","FASTmrMLM","NsiI.TP503060","11","15281","-0.104","0.5336","G"
"4","Trait5","FASTmrMLM","NsiI.TP503099","11","15282","1.3157e-05","0.0029","A"
"4","Trait5","FASTmrMLM","NsiI.TP503230","11","15284","6.8264e-07","1e-04","C"
"4","Trait5","FASTmrMLM","NsiI.TP503326","11","15286","-8.2332e-06","0.0018","G"
"4","Trait5","FASTmrMLM","NsiI.TP503328","11","15287","-1.9878e-05","0.0043","C"
"4","Trait5","FASTmrMLM","NsiI.TP503338","11","15288","1.6269e-05","0.0036","A"
"4","Trait5","FASTmrMLM","NsiI.TP503384","11","15289","1.6415e-05","0.0036","A"
"4","Trait5","FASTmrMLM","NsiI.TP503498","11","15290","-0.0239","0.2459","A"
"4","Trait5","FASTmrMLM","NsiI.TP503513","11","15291","2.166e-05","0.0047","C"
"4","Trait5","FASTmrMLM","NsiI.TP503531","11","15293","-2.4944e-06","5e-04","A"
"4","Trait5","FASTmrMLM","NsiI.TP503554","11","15294","3e-04","0.0149","G"
"4","Trait5","FASTmrMLM","NsiI.TP503584","11","15295","3.4135e-05","0.0075","A"
"4","Trait5","FASTmrMLM","NsiI.TP503590","11","15296","-2e-04","0.0126","G"
"4","Trait5","FASTmrMLM","NsiI.TP503737","11","15301","-0.0796","0.6977","C"
"4","Trait5","FASTmrMLM","NsiI.TP503772","11","15302","0.1218","0.5368","A"
"4","Trait5","FASTmrMLM","NsiI.TP503807","11","15303","-1.1138e-05","0.0024","C"
"4","Trait5","FASTmrMLM","NsiI.TP503903","11","15304","-7.696e-06","0.0017","A"
"4","Trait5","FASTmrMLM","NsiI.TP503904","11","15305","1.2493e-05","0.0027","A"
"4","Trait5","FASTmrMLM","NsiI.TP503948","11","15308","7.1943e-07","2e-04","A"
"4","Trait5","FASTmrMLM","NsiI.TP504010","11","15309","-3.3805e-06","7e-04","G"
"4","Trait5","FASTmrMLM","NsiI.TP504049","11","15310","-1.6643e-05","0.0036","A"
"4","Trait5","FASTmrMLM","NsiI.TP504060","11","15311","-0.0298","0.2335","C"
"4","Trait5","FASTmrMLM","NsiI.TP504177","11","15312","4.3012e-06","9e-04","C"
"4","Trait5","FASTmrMLM","NsiI.TP504366","11","15313","3.5141e-06","8e-04","A"
"4","Trait5","FASTmrMLM","NsiI.TP504430","11","15314","7.3245e-06","0.0016","A"
"4","Trait5","FASTmrMLM","NsiI.TP504605","11","15316","-1e-04","0.0116","A"
"4","Trait5","FASTmrMLM","NsiI.TP504640","11","15317","0.1509","0.7935","C"
"4","Trait5","FASTmrMLM","NsiI.TP504697","11","15319","-2.6828e-05","0.0059","A"
"4","Trait5","FASTmrMLM","NsiI.TP504709","11","15320","0.0452","0.5587","A"
"4","Trait5","FASTmrMLM","NsiI.TP504735","11","15321","5.4419e-06","0.0012","A"
"4","Trait5","FASTmrMLM","NsiI.TP504991","11","15324","0.0759","0.4723","A"
"4","Trait5","FASTmrMLM","NsiI.TP505131","11","15326","0.0638","0.4131","A"
"4","Trait5","FASTmrMLM","NsiI.TP505531","11","15329","-2.7908e-05","0.0061","A"
"4","Trait5","FASTmrMLM","NsiI.TP505730","11","15331","0.2362","1.6415","G"
"4","Trait5","FASTmrMLM","NsiI.TP505792","11","15332","0.0427","0.4448","A"
"4","Trait5","FASTmrMLM","NsiI.TP505894","11","15333","0.052","0.5671","A"
"4","Trait5","FASTmrMLM","NsiI.TP505901","11","15334","-6.9743e-06","0.0015","A"
"4","Trait5","FASTmrMLM","NsiI.TP505934","11","15335","-0.0728","0.3815","C"
"4","Trait5","FASTmrMLM","NsiI.TP505987","11","15336","6.0458e-06","0.0013","A"
"4","Trait5","FASTmrMLM","NsiI.TP506070","11","15337","1.1975e-05","0.0026","A"
"4","Trait5","FASTmrMLM","NsiI.TP506096","11","15338","3.5473e-05","0.0078","G"
"4","Trait5","FASTmrMLM","NsiI.TP506158","11","15339","-0.0182","0.2502","A"
"4","Trait5","FASTmrMLM","NsiI.TP506201","11","15340","4.2981e-06","9e-04","C"
"4","Trait5","FASTmrMLM","NsiI.TP506210","11","15341","2.4418e-06","5e-04","C"
"4","Trait5","FASTmrMLM","NsiI.TP506280","11","15342","1.9704e-07","4.2883e-05","A"
"4","Trait5","FASTmrMLM","NsiI.TP506291","11","15343","-3.7493e-05","0.0082","A"
"4","Trait5","FASTmrMLM","NsiI.TP506480","11","15344","1.6741e-05","0.0037","G"
"4","Trait5","FASTmrMLM","NsiI.TP506546","11","15345","-3.1293e-07","6.8104e-05","C"
"4","Trait5","FASTmrMLM","NsiI.TP506571","11","15346","-2.4123e-06","5e-04","G"
"4","Trait5","FASTmrMLM","NsiI.TP506618","11","15347","0.0611","0.5605","A"
"4","Trait5","FASTmrMLM","NsiI.TP506689","11","15348","-6.2516e-06","0.0014","C"
"4","Trait5","FASTmrMLM","NsiI.TP506934","11","15349","-1.4037e-05","0.0031","A"
"4","Trait5","FASTmrMLM","NsiI.TP506938","11","15350","2.6788e-05","0.0059","C"
"4","Trait5","FASTmrMLM","NsiI.TP507014","11","15351","4.7495e-06","0.001","A"
"4","Trait5","FASTmrMLM","NsiI.TP507020","11","15352","-0.0225","0.2911","A"
"4","Trait5","FASTmrMLM","NsiI.TP507205","11","15353","-1e-04","0.0099","C"
"4","Trait5","FASTmrMLM","NsiI.TP507207","11","15354","3.8207e-05","0.0084","A"
"4","Trait5","FASTmrMLM","NsiI.TP507219","11","15355","-7.3667e-06","0.0016","C"
"4","Trait5","FASTmrMLM","NsiI.TP507287","11","15356","-5.0096e-06","0.0011","A"
"4","Trait5","FASTmrMLM","NsiI.TP507399","11","15357","-0.125","0.8863","A"
"4","Trait5","FASTmrMLM","NsiI.TP507434","11","15358","9.2072e-06","0.002","G"
"4","Trait5","FASTmrMLM","NsiI.TP507440","11","15359","-1.973e-05","0.0043","C"
"4","Trait5","FASTmrMLM","NsiI.TP507449","11","15360","-1.2597e-05","0.0028","C"
"4","Trait5","FASTmrMLM","NsiI.TP507484","11","15361","-0.1082","0.8675","C"
"4","Trait5","FASTmrMLM","NsiI.TP507609","11","15363","1e-04","0.0092","C"
"4","Trait5","FASTmrMLM","NsiI.TP507979","11","15369","-1.164e-05","0.0025","C"
"4","Trait5","FASTmrMLM","NsiI.TP507980","11","15370","-4.4431e-05","0.0098","C"
"4","Trait5","FASTmrMLM","NsiI.TP507987","11","15371","-5.4777e-06","0.0012","C"
"4","Trait5","FASTmrMLM","NsiI.TP507997","11","15372","7.9339e-06","0.0017","C"
"4","Trait5","FASTmrMLM","NsiI.TP508089","11","15374","-0.2224","1.0009","C"
"4","Trait5","FASTmrMLM","NsiI.TP508124","11","15375","-2.8945e-05","0.0063","C"
"4","Trait5","FASTmrMLM","NsiI.TP508300","11","15380","-1.2732e-06","3e-04","A"
"4","Trait5","FASTmrMLM","NsiI.TP508315","11","15381","-0.0876","0.6502","C"
"4","Trait5","FASTmrMLM","NsiI.TP508389","11","15383","-2.7106e-05","0.0059","G"
"4","Trait5","FASTmrMLM","NsiI.TP508453","11","15384","5.2496e-06","0.0011","C"
"4","Trait5","FASTmrMLM","NsiI.TP508470","11","15385","-2.1459e-06","5e-04","A"
"4","Trait5","FASTmrMLM","NsiI.TP508500","11","15386","-0.0442","0.5595","A"
"4","Trait5","FASTmrMLM","NsiI.TP508574","11","15387","-0.1075","0.6986","C"
"4","Trait5","FASTmrMLM","NsiI.TP508580","11","15388","1.5556e-05","0.0034","G"
"4","Trait5","FASTmrMLM","NsiI.TP508603","11","15389","-1.5131e-05","0.0033","A"
"4","Trait5","FASTmrMLM","NsiI.TP508723","11","15390","3.6919e-06","8e-04","C"
"4","Trait5","FASTmrMLM","NsiI.TP508786","11","15391","-1.4741e-05","0.0032","C"
"4","Trait5","FASTmrMLM","NsiI.TP508870","11","15392","-3.9859e-06","9e-04","C"
"4","Trait5","FASTmrMLM","NsiI.TP508890","11","15393","1.554e-05","0.0034","A"
"4","Trait5","FASTmrMLM","NsiI.TP508992","11","15394","-0.2095","1.1305","A"
"4","Trait5","FASTmrMLM","NsiI.TP509027","11","15395","-1.2068e-05","0.0026","A"
"4","Trait5","FASTmrMLM","NsiI.TP509152","11","15396","0.0149","0.1685","A"
"4","Trait5","FASTmrMLM","NsiI.TP509209","11","15397","1.4391e-05","0.0031","A"
"4","Trait5","FASTmrMLM","NsiI.TP509216","11","15398","-4.8098e-07","1e-04","A"
"4","Trait5","FASTmrMLM","NsiI.TP509333","11","15400","-2.8845e-05","0.0063","C"
"4","Trait5","FASTmrMLM","NsiI.TP509432","11","15401","-4.4837e-06","0.001","C"
"4","Trait5","FASTmrMLM","NsiI.TP509441","11","15402","-2.4908e-06","5e-04","A"
"4","Trait5","FASTmrMLM","NsiI.TP509442","11","15403","0.0362","0.3341","C"
"4","Trait5","FASTmrMLM","NsiI.TP509612","11","15404","9.4146e-06","0.0021","G"
"4","Trait5","FASTmrMLM","NsiI.TP509736","11","15405","1.1115e-05","0.0024","C"
"4","Trait5","FASTmrMLM","NsiI.TP509749","11","15406","-1.9824e-05","0.0043","C"
"4","Trait5","FASTmrMLM","NsiI.TP509763","11","15407","-1.7985e-05","0.0039","C"
"4","Trait5","FASTmrMLM","NsiI.TP509820","11","15408","-7.7264e-05","0.0091","G"
"4","Trait5","FASTmrMLM","NsiI.TP509880","11","15409","3.9763e-06","9e-04","C"
"4","Trait5","FASTmrMLM","NsiI.TP509892","11","15410","-8.0772e-06","0.0018","C"
"4","Trait5","FASTmrMLM","NsiI.TP509897","11","15411","1.8073e-05","0.004","A"
"4","Trait5","FASTmrMLM","NsiI.TP509910","11","15412","2.3974e-05","0.0052","C"
"4","Trait5","FASTmrMLM","NsiI.TP509944","11","15414","-6.9143e-06","0.0015","C"
"4","Trait5","FASTmrMLM","NsiI.TP510009","11","15416","1.2371e-06","3e-04","G"
"4","Trait5","FASTmrMLM","NsiI.TP510047","11","15417","-0.0941","0.8716","C"
"4","Trait5","FASTmrMLM","NsiI.TP510100","11","15420","7.5082e-06","0.0016","C"
"4","Trait5","FASTmrMLM","NsiI.TP510195","11","15422","1.0301e-05","0.0022","A"
"4","Trait5","FASTmrMLM","NsiI.TP510204","11","15423","-2.6717e-05","0.0059","G"
"4","Trait5","FASTmrMLM","NsiI.TP510355","11","15425","9.1061e-06","0.002","C"
"4","Trait5","FASTmrMLM","NsiI.TP510418","11","15427","-1.9194e-06","4e-04","A"
"4","Trait5","FASTmrMLM","NsiI.TP510532","11","15428","5.2118e-06","0.0011","C"
"4","Trait5","FASTmrMLM","NsiI.TP510715","11","15431","2.5379e-05","0.0056","C"
"4","Trait5","FASTmrMLM","NsiI.TP510724","11","15432","-0.0669","0.2565","C"
"4","Trait5","FASTmrMLM","NsiI.TP510776","11","15433","1.3437e-06","3e-04","A"
"4","Trait5","FASTmrMLM","NsiI.TP510865","11","15434","-8.2833e-06","0.0018","C"
"4","Trait5","FASTmrMLM","NsiI.TP510890","11","15435","3.5997e-05","0.0079","C"
"4","Trait5","FASTmrMLM","NsiI.TP510901","11","15436","1.8568e-05","0.0041","C"
"4","Trait5","FASTmrMLM","NsiI.TP510956","11","15438","9.6849e-06","0.0021","G"
"4","Trait5","FASTmrMLM","NsiI.TP510999","11","15439","-9.4252e-06","0.0021","A"
"4","Trait5","FASTmrMLM","NsiI.TP511056","11","15440","-4.2923e-06","9e-04","A"
"4","Trait5","FASTmrMLM","NsiI.TP511087","11","15441","-1.7131e-05","0.0037","C"
"4","Trait5","FASTmrMLM","NsiI.TP511158","11","15442","0.1241","1.4554","A"
"4","Trait5","FASTmrMLM","NsiI.TP511297","11","15443","-1.1763e-05","0.0026","A"
"4","Trait5","FASTmrMLM","NsiI.TP511305","11","15444","8.1498e-05","0.0088","C"
"4","Trait5","FASTmrMLM","NsiI.TP511550","11","15445","-0.1669","1.5901","A"
"4","Trait5","FASTmrMLM","NsiI.TP511551","11","15446","-2.0051e-05","0.0044","G"
"4","Trait5","FASTmrMLM","NsiI.TP511628","11","15447","-0.0688","0.3089","C"
"4","Trait5","FASTmrMLM","NsiI.TP511691","11","15448","-2.2721e-05","0.005","A"
"4","Trait5","FASTmrMLM","NsiI.TP512031","11","15449","1.049e-06","2e-04","C"
"4","Trait5","FASTmrMLM","NsiI.TP512038","11","15450","0.2117","0.895","A"
"4","Trait5","FASTmrMLM","NsiI.TP512048","11","15451","4.0442e-05","0.0089","A"
"4","Trait5","FASTmrMLM","NsiI.TP512053","11","15452","-7.2274e-06","0.0016","A"
"4","Trait5","FASTmrMLM","NsiI.TP512091","11","15453","-1.8443e-05","0.004","C"
"4","Trait5","FASTmrMLM","NsiI.TP512108","11","15454","-1.66e-05","0.0036","A"
"4","Trait5","FASTmrMLM","NsiI.TP512263","11","15456","0.1242","0.5913","C"
"4","Trait5","FASTmrMLM","NsiI.TP512519","11","15460","0.1119","0.7603","A"
"4","Trait5","FASTmrMLM","NsiI.TP512631","11","15461","-7.9785e-06","0.0017","G"
"4","Trait5","FASTmrMLM","NsiI.TP512877","11","15463","1.1051e-05","0.0024","A"
"4","Trait5","FASTmrMLM","NsiI.TP512980","11","15464","3e-04","0.0142","C"
"4","Trait5","FASTmrMLM","NsiI.TP513128","11","15466","-1.5571e-05","0.0034","A"
"4","Trait5","FASTmrMLM","NsiI.TP513329","11","15469","-2.97e-05","0.0065","C"
"4","Trait5","FASTmrMLM","NsiI.TP513344","11","15472","-1.9548e-05","0.0043","A"
"4","Trait5","FASTmrMLM","NsiI.TP513361","11","15473","-2.6298e-05","0.0058","A"
"4","Trait5","FASTmrMLM","NsiI.TP513371","11","15474","-2.798e-05","0.0061","C"
"4","Trait5","FASTmrMLM","NsiI.TP513456","11","15475","6.2205e-05","0.0084","A"
"4","Trait5","FASTmrMLM","NsiI.TP513566","11","15477","0.1669","1.0824","C"
"4","Trait5","FASTmrMLM","NsiI.TP513657","11","15479","-5.5005e-06","0.0012","G"
"4","Trait5","FASTmrMLM","NsiI.TP514019","11","15480","-2.2496e-05","0.0049","C"
"4","Trait5","FASTmrMLM","NsiI.TP514089","11","15481","-3.7606e-05","0.0083","A"
"4","Trait5","FASTmrMLM","NsiI.TP514098","11","15482","4.5649e-06","0.001","C"
"4","Trait5","FASTmrMLM","NsiI.TP514136","11","15483","1.1597e-05","0.0025","A"
"4","Trait5","FASTmrMLM","NsiI.TP514245","11","15484","0.0467","0.5129","A"
"4","Trait5","FASTmrMLM","NsiI.TP514510","11","15488","3.5656e-05","0.0078","C"
"4","Trait5","FASTmrMLM","NsiI.TP515475","11","15494","-7.7474e-06","0.0017","C"
"4","Trait5","FASTmrMLM","NsiI.TP515549","11","15495","4.7113e-06","0.001","C"
"4","Trait5","FASTmrMLM","NsiI.TP515637","11","15496","-0.1668","2.0423","C"
"4","Trait5","FASTmrMLM","NsiI.TP515685","11","15498","-0.2068","0.8665","G"
"4","Trait5","FASTmrMLM","NsiI.TP515909","11","15499","1.3003e-05","0.0028","A"
"4","Trait5","FASTmrMLM","NsiI.TP515911","11","15500","-0.0212","0.1424","C"
"4","Trait5","FASTmrMLM","NsiI.TP516046","11","15501","1.6246e-05","0.0035","A"
"4","Trait5","FASTmrMLM","NsiI.TP516848","11","15505","9.9418e-06","0.0022","A"
"4","Trait5","FASTmrMLM","NsiI.TP517352","11","15508","-2.9729e-05","0.0065","C"
"4","Trait5","FASTmrMLM","NsiI.TP517729","11","15511","1.5985e-05","0.0035","A"
"4","Trait5","FASTmrMLM","NsiI.TP518452","11","15512","1.6967e-05","0.0037","A"
"4","Trait5","FASTmrMLM","NsiI.TP518493","11","15513","0.0757","0.4526","A"
"4","Trait5","FASTmrMLM","NsiI.TP518525","11","15514","3.7431e-05","0.0082","C"
"4","Trait5","FASTmrMLM","NsiI.TP518790","11","15515","0.1362","1.3516","C"
"4","Trait5","FASTmrMLM","NsiI.TP519087","11","15517","-3.6349e-05","0.008","C"
"4","Trait5","FASTmrMLM","NsiI.TP519112","11","15518","-1.9589e-05","0.0043","C"
"4","Trait5","FASTmrMLM","NsiI.TP519516","11","15519","4.5459e-05","0.01","A"
"4","Trait5","FASTmrMLM","NsiI.TP519527","11","15520","-5.7505e-06","0.0013","C"
"4","Trait5","FASTmrMLM","NsiI.TP519677","11","15521","1.3976e-05","0.0031","G"
"4","Trait5","FASTmrMLM","NsiI.TP519875","11","15526","-3.3065e-05","0.0073","C"
"4","Trait5","FASTmrMLM","NsiI.TP519897","11","15527","5.3815e-06","0.0012","A"
"4","Trait5","FASTmrMLM","NsiI.TP520035","11","15529","1.3772e-05","0.003","A"
"4","Trait5","FASTmrMLM","NsiI.TP520097","11","15530","6.173e-06","0.0013","C"
"4","Trait5","FASTmrMLM","NsiI.TP520116","11","15531","9.1372e-06","0.002","G"
"4","Trait5","FASTmrMLM","NsiI.TP520152","11","15532","3.3405e-06","7e-04","C"
"4","Trait5","FASTmrMLM","NsiI.TP520296","11","15533","-1.991e-06","4e-04","C"
"4","Trait5","FASTmrMLM","NsiI.TP520414","11","15534","0.0693","0.705","A"
"4","Trait5","FASTmrMLM","NsiI.TP520446","11","15535","2.2523e-05","0.0049","C"
"4","Trait5","FASTmrMLM","NsiI.TP520458","11","15536","-1.2802e-05","0.0028","C"
"4","Trait5","FASTmrMLM","NsiI.TP520642","11","15537","-6.7457e-06","0.0015","C"
"4","Trait5","FASTmrMLM","NsiI.TP520699","11","15538","-9.4712e-06","0.0021","A"
"4","Trait5","FASTmrMLM","NsiI.TP520705","11","15539","8.8826e-06","0.0019","C"
"4","Trait5","FASTmrMLM","NsiI.TP520721","11","15540","9.034e-05","0.0082","G"
"4","Trait5","FASTmrMLM","NsiI.TP520730","11","15541","1.3761e-05","0.003","C"
"4","Trait5","FASTmrMLM","NsiI.TP520743","11","15542","-1.6274e-05","0.0036","C"
"4","Trait5","FASTmrMLM","NsiI.TP520747","11","15543","2.9614e-05","0.0065","C"
"4","Trait5","FASTmrMLM","NsiI.TP520753","11","15544","1.3892e-05","0.003","A"
"4","Trait5","FASTmrMLM","NsiI.TP520813","11","15547","-1.6523e-05","0.0036","A"
"4","Trait5","FASTmrMLM","NsiI.TP521051","11","15550","-8.0394e-06","0.0018","A"
"4","Trait5","FASTmrMLM","NsiI.TP521092","11","15552","1.4591e-05","0.0032","C"
"4","Trait5","FASTmrMLM","NsiI.TP521106","11","15553","9.0839e-06","0.002","A"
"4","Trait5","FASTmrMLM","NsiI.TP521113","11","15554","-9.4461e-06","0.0021","A"
"4","Trait5","FASTmrMLM","NsiI.TP521154","11","15555","2.0805e-05","0.0046","A"
"4","Trait5","FASTmrMLM","NsiI.TP521171","11","15556","1.7851e-08","3.8849e-06","A"
"4","Trait5","FASTmrMLM","NsiI.TP521250","11","15557","2.2274e-05","0.0049","C"
"4","Trait5","FASTmrMLM","NsiI.TP521290","11","15558","-1.8056e-05","0.0039","A"
"4","Trait5","FASTmrMLM","NsiI.TP521320","11","15559","7.9933e-06","0.0017","A"
"4","Trait5","FASTmrMLM","NsiI.TP521403","11","15560","1.3975e-05","0.0031","G"
"4","Trait5","FASTmrMLM","NsiI.TP521516","11","15561","0.1418","0.6012","A"
"4","Trait5","FASTmrMLM","NsiI.TP521761","11","15563","3.9102e-06","9e-04","A"
"4","Trait5","FASTmrMLM","NsiI.TP521827","11","15564","3.7742e-05","0.0083","A"
"4","Trait5","FASTmrMLM","NsiI.TP521842","11","15565","2.5867e-05","0.0057","A"
"4","Trait5","FASTmrMLM","NsiI.TP521876","11","15566","-6.3824e-06","0.0014","C"
"4","Trait5","FASTmrMLM","NsiI.TP522254","11","15570","0.0518","0.3096","A"
"4","Trait5","FASTmrMLM","NsiI.TP522272","11","15571","4.9575e-06","0.0011","A"
"4","Trait5","FASTmrMLM","NsiI.TP522321","11","15573","2.3365e-05","0.0051","G"
"4","Trait5","FASTmrMLM","NsiI.TP522338","11","15574","0.0578","0.6189","C"
"4","Trait5","FASTmrMLM","NsiI.TP522393","11","15575","-0.0477","0.3703","C"
"4","Trait5","FASTmrMLM","NsiI.TP522507","11","15577","1.471e-05","0.0032","G"
"4","Trait5","FASTmrMLM","NsiI.TP522548","11","15578","0.0281","0.2897","C"
"4","Trait5","FASTmrMLM","NsiI.TP522624","11","15579","2.0553e-05","0.0045","G"
"4","Trait5","FASTmrMLM","NsiI.TP522751","11","15580","1.1893e-05","0.0026","A"
"4","Trait5","FASTmrMLM","NsiI.TP522795","11","15582","-4.6875e-06","0.001","C"
"4","Trait5","FASTmrMLM","NsiI.TP522932","11","15583","6.4261e-06","0.0014","C"
"4","Trait5","FASTmrMLM","NsiI.TP522939","11","15584","-0.0492","0.4891","A"
"4","Trait5","FASTmrMLM","NsiI.TP522956","11","15585","-0.063","0.4657","C"
"4","Trait5","FASTmrMLM","NsiI.TP523082","11","15586","0.0047","0.1188","C"
"4","Trait5","FASTmrMLM","NsiI.TP523183","11","15587","-1.539e-05","0.0034","C"
"4","Trait5","FASTmrMLM","NsiI.TP523403","11","15588","-1.8921e-05","0.0041","A"
"4","Trait5","FASTmrMLM","NsiI.TP523405","11","15589","7.4331e-06","0.0016","A"
"4","Trait5","FASTmrMLM","NsiI.TP523430","11","15590","-2.3498e-05","0.0051","A"
"4","Trait5","FASTmrMLM","NsiI.TP523462","11","15591","5.6684e-06","0.0012","A"
"4","Trait5","FASTmrMLM","NsiI.TP523525","11","15592","-0.0278","0.1638","A"
"4","Trait5","FASTmrMLM","NsiI.TP523562","11","15593","2.5865e-07","5.6289e-05","A"
"4","Trait5","FASTmrMLM","NsiI.TP523581","11","15594","-0.0736","0.8102","G"
"4","Trait5","FASTmrMLM","NsiI.TP523686","11","15595","-0.11","0.5184","A"
"4","Trait5","FASTmrMLM","NsiI.TP523810","11","15598","-0.0238","0.2269","A"
"4","Trait5","FASTmrMLM","NsiI.TP523812","11","15599","0.0167","0.1694","C"
"4","Trait5","FASTmrMLM","NsiI.TP523820","11","15600","-3.0421e-05","0.0067","C"
"4","Trait5","FASTmrMLM","NsiI.TP523926","11","15601","0.0679","0.7353","C"
"4","Trait5","FASTmrMLM","NsiI.TP523988","11","15602","-6.6559e-06","0.0015","A"
"4","Trait5","FASTmrMLM","NsiI.TP524253","11","15604","-0.0252","0.2026","C"
"4","Trait5","FASTmrMLM","NsiI.TP524294","11","15605","0.1409","0.8671","C"
"4","Trait5","FASTmrMLM","NsiI.TP524322","11","15606","-6.4136e-06","0.0014","A"
"4","Trait5","FASTmrMLM","NsiI.TP524786","11","15608","1.7791e-05","0.0039","A"
"4","Trait5","FASTmrMLM","NsiI.TP524852","11","15609","0.1207","0.7009","A"
"4","Trait5","FASTmrMLM","NsiI.TP524858","11","15610","-1e-04","0.0104","G"
"4","Trait5","FASTmrMLM","NsiI.TP524956","11","15612","2.0772e-05","0.0045","C"
"4","Trait5","FASTmrMLM","NsiI.TP524968","11","15613","0.1716","0.9323","A"
"4","Trait5","FASTmrMLM","NsiI.TP524981","11","15614","1.1219e-05","0.0024","A"
"4","Trait5","FASTmrMLM","NsiI.TP525014","11","15615","0.0183","0.1497","A"
"4","Trait5","FASTmrMLM","NsiI.TP525319","11","15616","1.3186e-05","0.0029","C"
"4","Trait5","FASTmrMLM","NsiI.TP525494","11","15617","2.0508e-05","0.0045","C"
"4","Trait5","FASTmrMLM","NsiI.TP525506","11","15618","1.4249e-05","0.0031","C"
"4","Trait5","FASTmrMLM","NsiI.TP525515","11","15619","2.7564e-06","6e-04","C"
"4","Trait5","FASTmrMLM","NsiI.TP525702","11","15621","-2.0928e-05","0.0046","C"
"4","Trait5","FASTmrMLM","NsiI.TP525840","11","15623","-1e-04","0.0083","G"
"4","Trait5","FASTmrMLM","NsiI.TP525885","11","15624","-2.2191e-05","0.0049","C"
"4","Trait5","FASTmrMLM","NsiI.TP526074","11","15627","0.0492","0.4776","C"
"4","Trait5","FASTmrMLM","NsiI.TP526158","11","15628","7.5552e-07","2e-04","G"
"4","Trait5","FASTmrMLM","NsiI.TP526214","11","15630","-7.3768e-06","0.0016","C"
"4","Trait5","FASTmrMLM","NsiI.TP526393","11","15634","-2.8322e-05","0.0062","A"
"4","Trait5","FASTmrMLM","NsiI.TP526396","11","15635","1.037e-05","0.0023","A"
"4","Trait5","FASTmrMLM","NsiI.TP526418","11","15636","-1.2357e-05","0.0027","A"
"4","Trait5","FASTmrMLM","NsiI.TP526659","11","15637","2.5066e-05","0.0055","A"
"4","Trait5","FASTmrMLM","NsiI.TP526954","11","15640","-0.0525","0.4589","G"
"4","Trait5","FASTmrMLM","NsiI.TP527028","11","15641","4.9015e-05","0.0108","G"
"4","Trait5","FASTmrMLM","NsiI.TP527384","11","15643","-3.2789e-05","0.0072","A"
"4","Trait5","FASTmrMLM","NsiI.TP527576","11","15648","0.0628","0.4735","C"
"4","Trait5","FASTmrMLM","NsiI.TP527702","11","15649","-2.7407e-06","6e-04","A"
"4","Trait5","FASTmrMLM","NsiI.TP527736","11","15651","0.0798","0.4824","A"
"4","Trait5","FASTmrMLM","NsiI.TP527944","11","15653","0.0397","0.5376","C"
"4","Trait5","FASTmrMLM","NsiI.TP528011","11","15654","0.0189","0.2499","A"
"4","Trait5","FASTmrMLM","NsiI.TP528034","11","15655","-9.6251e-06","0.0021","A"
"4","Trait5","FASTmrMLM","NsiI.TP528280","11","15657","-1.5382e-05","0.0034","A"
"4","Trait5","FASTmrMLM","NsiI.TP528300","11","15658","-0.0962","1.0613","A"
"4","Trait5","FASTmrMLM","NsiI.TP528323","11","15659","4.4794e-06","0.001","A"
"4","Trait5","FASTmrMLM","NsiI.TP528404","11","15660","-1.4454e-05","0.0032","C"
"4","Trait5","FASTmrMLM","NsiI.TP528414","11","15661","-1.0994e-05","0.0024","C"
"4","Trait5","FASTmrMLM","NsiI.TP528422","11","15662","-0.0701","0.831","C"
"4","Trait5","FASTmrMLM","NsiI.TP528558","11","15664","1.3417e-05","0.0029","C"
"4","Trait5","FASTmrMLM","NsiI.TP528685","11","15665","-2.6534e-05","0.0058","G"
"4","Trait5","FASTmrMLM","NsiI.TP528754","11","15666","0.1848","0.7441","G"
"4","Trait5","FASTmrMLM","NsiI.TP528771","11","15667","5.8369e-06","0.0013","G"
"4","Trait5","FASTmrMLM","NsiI.TP528777","11","15668","1.0552e-05","0.0023","C"
"4","Trait5","FASTmrMLM","NsiI.TP528829","11","15669","-0.1394","1.053","C"
"4","Trait5","FASTmrMLM","NsiI.TP528884","11","15672","-0.0848","0.4003","C"
"4","Trait5","FASTmrMLM","NsiI.TP528898","11","15673","6.6857e-06","0.0015","C"
"4","Trait5","FASTmrMLM","NsiI.TP529096","11","15674","-0.0245","0.3065","C"
"4","Trait5","FASTmrMLM","NsiI.TP529162","11","15675","-9.056e-07","2e-04","A"
"4","Trait5","FASTmrMLM","NsiI.TP529304","11","15678","-3.9188e-06","9e-04","C"
"4","Trait5","FASTmrMLM","NsiI.TP529321","11","15679","-9.7465e-06","0.0021","A"
"4","Trait5","FASTmrMLM","NsiI.TP529605","11","15683","0.0566","0.2782","C"
"4","Trait5","FASTmrMLM","NsiI.TP530128","11","15685","-0.0263","0.2831","C"
"4","Trait5","FASTmrMLM","NsiI.TP530248","11","15687","-3.033e-05","0.0067","C"
"4","Trait5","FASTmrMLM","NsiI.TP530343","11","15688","1.3603e-05","0.003","G"
"4","Trait5","FASTmrMLM","NsiI.TP530737","11","15691","3.3683e-05","0.0074","A"
"4","Trait5","FASTmrMLM","NsiI.TP530767","11","15692","-2.3195e-05","0.0051","C"
"4","Trait5","FASTmrMLM","NsiI.TP530836","11","15693","2.6937e-05","0.0059","C"
"4","Trait5","FASTmrMLM","NsiI.TP530881","11","15694","9.2478e-06","0.002","C"
"4","Trait5","FASTmrMLM","NsiI.TP530892","11","15695","-3.5524e-05","0.0078","C"
"4","Trait5","FASTmrMLM","NsiI.TP531097","11","15696","-3.8173e-06","8e-04","C"
"4","Trait5","FASTmrMLM","NsiI.TP531166","11","15698","7.8226e-06","0.0017","A"
"4","Trait5","FASTmrMLM","NsiI.TP531429","11","15700","-0.1288","1.28","G"
"4","Trait5","FASTmrMLM","NsiI.TP531445","11","15701","9.7686e-06","0.0021","A"
"4","Trait5","FASTmrMLM","NsiI.TP531526","11","15702","1.0473e-06","2e-04","G"
"4","Trait5","FASTmrMLM","NsiI.TP531788","11","15705","-0.0904","0.3106","G"
"4","Trait5","FASTmrMLM","NsiI.TP531823","11","15706","-4.0729e-06","9e-04","A"
"4","Trait5","FASTmrMLM","NsiI.TP531830","11","15707","5.5893e-06","0.0012","G"
"4","Trait5","FASTmrMLM","NsiI.TP531884","11","15708","-4.9161e-06","0.0011","C"
"4","Trait5","FASTmrMLM","NsiI.TP531902","11","15709","-0.27","1.3311","C"
"4","Trait5","FASTmrMLM","NsiI.TP531922","11","15710","0.1119","1.0507","C"
"4","Trait5","FASTmrMLM","NsiI.TP531951","11","15711","-2.7276e-05","0.006","A"
"4","Trait5","FASTmrMLM","NsiI.TP532105","11","15712","-8.5143e-06","0.0019","C"
"4","Trait5","FASTmrMLM","NsiI.TP532130","11","15713","-0.1283","0.7658","A"
"4","Trait5","FASTmrMLM","NsiI.TP532154","11","15714","-1.8315e-05","0.004","C"
"4","Trait5","FASTmrMLM","NsiI.TP532184","11","15715","-3.7768e-06","8e-04","G"
"4","Trait5","FASTmrMLM","NsiI.TP532407","11","15717","-0.1058","0.6611","C"
"4","Trait5","FASTmrMLM","NsiI.TP532499","11","15719","-0.0134","0.2229","C"
"4","Trait5","FASTmrMLM","NsiI.TP532536","11","15720","-2.0531e-05","0.0045","A"
"4","Trait5","FASTmrMLM","NsiI.TP532558","11","15721","-4.7552e-06","0.001","G"
"4","Trait5","FASTmrMLM","NsiI.TP532580","11","15722","1.8832e-05","0.0041","G"
"4","Trait5","FASTmrMLM","NsiI.TP532591","11","15723","1.2009e-05","0.0026","C"
"4","Trait5","FASTmrMLM","NsiI.TP532750","11","15724","0.1607","0.7502","A"
"4","Trait5","FASTmrMLM","NsiI.TP532803","11","15725","1.4361e-05","0.0031","C"
"4","Trait5","FASTmrMLM","NsiI.TP532934","11","15726","-5.7679e-06","0.0013","C"
"4","Trait5","FASTmrMLM","NsiI.TP533340","11","15728","0.0915","1.4732","A"
"4","Trait5","FASTmrMLM","NsiI.TP533351","11","15729","9.2265e-06","0.002","C"
"4","Trait5","FASTmrMLM","NsiI.TP533381","11","15730","-7.7361e-06","0.0017","C"
"4","Trait5","FASTmrMLM","NsiI.TP533425","11","15732","0.0946","0.8148","G"
"4","Trait5","FASTmrMLM","NsiI.TP533627","11","15734","-1.0581e-05","0.0023","C"
"4","Trait5","FASTmrMLM","NsiI.TP533849","11","15737","2.0141e-06","4e-04","C"
"4","Trait5","FASTmrMLM","NsiI.TP534200","11","15740","-1.0757e-05","0.0023","A"
"4","Trait5","FASTmrMLM","NsiI.TP534409","11","15741","-0.3408","1.2487","A"
"4","Trait5","FASTmrMLM","NsiI.TP534459","11","15742","-0.1749","1.1844","C"
"4","Trait5","FASTmrMLM","NsiI.TP534508","11","15743","-0.0047","0.1114","C"
"4","Trait5","FASTmrMLM","NsiI.TP534615","11","15745","-0.1596","0.8847","A"
"4","Trait5","FASTmrMLM","NsiI.TP534649","11","15746","-1.6239e-06","4e-04","C"
"4","Trait5","FASTmrMLM","NsiI.TP534734","11","15747","1.597e-05","0.0035","A"
"4","Trait5","FASTmrMLM","NsiI.TP534761","11","15748","8.9261e-06","0.0019","C"
"4","Trait5","FASTmrMLM","NsiI.TP535012","11","15750","-7.4598e-07","2e-04","A"
"4","Trait5","FASTmrMLM","NsiI.TP535064","11","15752","-8.1791e-06","0.0018","C"
"4","Trait5","FASTmrMLM","NsiI.TP535128","11","15753","2.9618e-06","6e-04","A"
"4","Trait5","FASTmrMLM","NsiI.TP535138","11","15754","0.1506","0.8912","A"
"4","Trait5","FASTmrMLM","NsiI.TP535210","11","15755","1.9224e-06","4e-04","A"
"4","Trait5","FASTmrMLM","NsiI.TP535389","11","15757","0.1051","0.3623","G"
"4","Trait5","FASTmrMLM","NsiI.TP536248","11","15759","3.4806e-06","8e-04","G"
"4","Trait5","FASTmrMLM","NsiI.TP536403","11","15762","2.6675e-06","6e-04","A"
"4","Trait5","FASTmrMLM","NsiI.TP536765","11","15763","-0.0274","0.2954","C"
"4","Trait5","FASTmrMLM","NsiI.TP536796","11","15764","-1.1924e-06","3e-04","A"
"4","Trait5","FASTmrMLM","NsiI.TP537983","11","15766","-2.6945e-05","0.0059","A"
"4","Trait5","FASTmrMLM","NsiI.TP538131","11","15767","3.6782e-06","8e-04","A"
"4","Trait5","FASTmrMLM","NsiI.TP538163","11","15768","0.1051","0.4795","C"
"4","Trait5","FASTmrMLM","NsiI.TP538458","11","15770","-0.1984","1.2349","A"
"4","Trait5","FASTmrMLM","NsiI.TP538514","11","15772","-2.2623e-05","0.005","A"
"4","Trait5","FASTmrMLM","NsiI.TP538577","11","15774","7.5714e-06","0.0017","C"
"4","Trait5","FASTmrMLM","NsiI.TP538844","11","15777","-2.4012e-06","5e-04","A"
"4","Trait5","FASTmrMLM","NsiI.TP538878","11","15778","1.9889e-06","4e-04","C"
"4","Trait5","FASTmrMLM","NsiI.TP538891","11","15779","3.0023e-05","0.0066","C"
"4","Trait5","FASTmrMLM","NsiI.TP539071","11","15780","-2.2547e-05","0.0049","A"
"4","Trait5","FASTmrMLM","NsiI.TP539129","11","15783","-1.8803e-05","0.0041","C"
"4","Trait5","FASTmrMLM","NsiI.TP539163","11","15784","-1.1535e-05","0.0025","A"
"4","Trait5","FASTmrMLM","NsiI.TP539237","11","15786","3.4422e-06","7e-04","C"
"4","Trait5","FASTmrMLM","NsiI.TP539247","11","15787","-9.908e-06","0.0022","A"
"4","Trait5","FASTmrMLM","NsiI.TP539767","11","15790","-5.8475e-06","0.0013","A"
"4","Trait5","FASTmrMLM","NsiI.TP539813","11","15791","-2.9792e-05","0.0065","C"
"4","Trait5","FASTmrMLM","NsiI.TP539990","11","15793","2.4068e-05","0.0053","C"
"4","Trait5","FASTmrMLM","NsiI.TP540352","11","15795","7.4519e-06","0.0016","A"
"4","Trait5","FASTmrMLM","NsiI.TP540354","11","15796","0.0728","0.7739","A"
"4","Trait5","FASTmrMLM","NsiI.TP540423","11","15798","-0.0079","0.1648","A"
"4","Trait5","FASTmrMLM","NsiI.TP540503","11","15799","-0.0183","0.2209","C"
"4","Trait5","FASTmrMLM","NsiI.TP540597","11","15800","8.8239e-06","0.0019","A"
"4","Trait5","FASTmrMLM","NsiI.TP540600","11","15801","2.8218e-05","0.0062","C"
"4","Trait5","FASTmrMLM","NsiI.TP540642","11","15802","-0.2116","0.7392","C"
"4","Trait5","FASTmrMLM","NsiI.TP540689","11","15804","-9.4421e-06","0.0021","C"
"4","Trait5","FASTmrMLM","NsiI.TP540747","11","15805","5.0867e-07","1e-04","A"
"4","Trait5","FASTmrMLM","NsiI.TP541297","11","15808","0.021","0.1933","A"
"4","Trait5","FASTmrMLM","NsiI.TP541305","11","15809","-1.1319e-05","0.0025","C"
"4","Trait5","FASTmrMLM","NsiI.TP541455","11","15810","-3e-04","0.0146","C"
"4","Trait5","FASTmrMLM","NsiI.TP541527","11","15811","1.7152e-05","0.0037","G"
"4","Trait5","FASTmrMLM","NsiI.TP541983","11","15813","-4.7785e-06","0.001","C"
"4","Trait5","FASTmrMLM","NsiI.TP542586","11","15819","-3.8218e-05","0.0084","G"
"4","Trait5","FASTmrMLM","NsiI.TP542595","11","15820","-2.7236e-05","0.006","C"
"4","Trait5","FASTmrMLM","NsiI.TP542868","11","15822","0.0687","0.5622","C"
"4","Trait5","FASTmrMLM","NsiI.TP543064","11","15823","-2.882e-06","6e-04","A"
"4","Trait5","FASTmrMLM","NsiI.TP543113","11","15825","-0.153","1.697","C"
"4","Trait5","FASTmrMLM","NsiI.TP543576","11","15828","1.5663e-05","0.0034","C"
"4","Trait5","FASTmrMLM","NsiI.TP544197","11","15832","-1.2834e-06","3e-04","A"
"4","Trait5","FASTmrMLM","NsiI.TP544309","11","15834","2.5245e-06","5e-04","A"
"4","Trait5","FASTmrMLM","NsiI.TP544630","11","15836","-0.0891","0.6045","A"
"4","Trait5","FASTmrMLM","NsiI.TP544660","11","15837","6.2776e-06","0.0014","A"
"4","Trait5","FASTmrMLM","NsiI.TP544668","11","15838","5.8283e-06","0.0013","C"
"4","Trait5","FASTmrMLM","NsiI.TP544723","11","15839","5.296e-06","0.0012","G"
"4","Trait5","FASTmrMLM","NsiI.TP545223","11","15842","-8.3298e-06","0.0018","A"
"4","Trait5","FASTmrMLM","NsiI.TP545288","11","15843","-0.1336","1.3624","A"
"4","Trait5","FASTmrMLM","NsiI.TP545358","11","15845","-4.4555e-08","9.6961e-06","A"
"4","Trait5","FASTmrMLM","NsiI.TP545368","11","15846","-4.7108e-07","1e-04","C"
"4","Trait5","FASTmrMLM","NsiI.TP545404","11","15848","-2.5109e-05","0.0055","C"
"4","Trait5","FASTmrMLM","NsiI.TP545501","11","15849","7.5676e-06","0.0016","C"
"4","Trait5","FASTmrMLM","NsiI.TP545507","11","15850","-0.0642","0.7712","C"
"4","Trait5","FASTmrMLM","NsiI.TP545810","11","15854","2.2482e-05","0.0049","A"
"4","Trait5","FASTmrMLM","NsiI.TP545877","11","15855","-0.098","1.2303","A"
"4","Trait5","FASTmrMLM","NsiI.TP545890","11","15856","-0.0147","0.2187","G"
"4","Trait5","FASTmrMLM","NsiI.TP545911","11","15857","-1.6551e-05","0.0036","C"
"4","Trait5","FASTmrMLM","NsiI.TP545921","11","15858","1.7131e-05","0.0037","A"
"4","Trait5","FASTmrMLM","NsiI.TP545925","11","15859","-1.9483e-05","0.0043","A"
"4","Trait5","FASTmrMLM","NsiI.TP546061","11","15861","0.1976","1.2079","C"
"4","Trait5","FASTmrMLM","NsiI.TP546116","11","15862","-3.142e-05","0.0069","C"
"4","Trait5","FASTmrMLM","NsiI.TP546302","11","15863","-1.5228e-05","0.0033","A"
"4","Trait5","FASTmrMLM","NsiI.TP546384","11","15864","-0.0429","0.4937","A"
"4","Trait5","FASTmrMLM","NsiI.TP546651","11","15865","-1.7275e-06","4e-04","C"
"4","Trait5","FASTmrMLM","NsiI.TP546666","11","15866","2.6909e-05","0.0059","A"
"4","Trait5","FASTmrMLM","NsiI.TP546930","11","15867","0.0628","0.7032","C"
"4","Trait5","FASTmrMLM","NsiI.TP546993","11","15868","-1.9429e-05","0.0042","C"
"4","Trait5","FASTmrMLM","NsiI.TP547196","11","15874","3.5116e-05","0.0061","A"
"4","Trait5","FASTmrMLM","NsiI.TP547441","11","15875","3.1663e-05","0.0069","A"
"4","Trait5","FASTmrMLM","NsiI.TP547503","11","15877","4.003e-05","0.0088","A"
"4","Trait5","FASTmrMLM","NsiI.TP547757","11","15880","0.0264","0.2089","A"
"4","Trait5","FASTmrMLM","NsiI.TP547784","11","15881","-6.2767e-06","0.0014","A"
"4","Trait5","FASTmrMLM","NsiI.TP547906","11","15882","6.4625e-06","0.0014","C"
"4","Trait5","FASTmrMLM","NsiI.TP547914","11","15883","-1.9137e-05","0.0042","C"
"4","Trait5","FASTmrMLM","NsiI.TP547929","11","15884","0.0819","0.535","A"
"4","Trait5","FASTmrMLM","NsiI.TP547953","11","15886","-0.3487","2.2614","A"
"4","Trait5","FASTmrMLM","NsiI.TP548098","11","15887","0.0993","0.5278","G"
"4","Trait5","FASTmrMLM","NsiI.TP548142","11","15888","-1.1645e-05","0.0025","C"
"4","Trait5","FASTmrMLM","NsiI.TP548189","11","15890","3.8447e-06","8e-04","G"
"4","Trait5","FASTmrMLM","NsiI.TP548243","11","15891","0.0267","0.2835","A"
"4","Trait5","FASTmrMLM","NsiI.TP548376","11","15892","2.5376e-06","6e-04","G"
"4","Trait5","FASTmrMLM","NsiI.TP548674","11","15893","0.126","1.593","C"
"4","Trait5","FASTmrMLM","NsiI.TP548930","11","15895","5.2551e-06","0.0011","C"
"4","Trait5","FASTmrMLM","NsiI.TP548946","11","15896","-0.0434","0.411","A"
"4","Trait5","FASTmrMLM","NsiI.TP549255","11","15897","1.174e-05","0.0026","C"
"4","Trait5","FASTmrMLM","NsiI.TP549380","11","15898","-1.1059e-05","0.0024","A"
"4","Trait5","FASTmrMLM","NsiI.TP549391","11","15899","-0.1009","1.7372","A"
"4","Trait5","FASTmrMLM","NsiI.TP549556","11","15900","-2.4524e-05","0.0054","A"
"4","Trait5","FASTmrMLM","NsiI.TP549593","11","15901","0.0486","0.3019","C"
"4","Trait5","FASTmrMLM","NsiI.TP549645","11","15904","-1.6615e-05","0.0036","G"
"4","Trait5","FASTmrMLM","NsiI.TP549667","11","15905","-2.7838e-05","0.0061","A"
"4","Trait5","FASTmrMLM","NsiI.TP549759","11","15906","-0.0795","0.5478","G"
"4","Trait5","FASTmrMLM","NsiI.TP549847","11","15909","2.8377e-06","6e-04","C"
"4","Trait5","FASTmrMLM","NsiI.TP549901","11","15910","-0.1066","0.9778","A"
"4","Trait5","FASTmrMLM","NsiI.TP549952","11","15911","-0.1886","0.6894","C"
"4","Trait5","FASTmrMLM","NsiI.TP549983","11","15913","0.0715","0.5656","G"
"4","Trait5","FASTmrMLM","NsiI.TP550056","11","15914","8.4951e-06","0.0019","A"
"4","Trait5","FASTmrMLM","NsiI.TP550234","11","15915","0.077","0.5396","A"
"4","Trait5","FASTmrMLM","NsiI.TP550248","11","15916","-5.8479e-06","0.0013","G"
"4","Trait5","FASTmrMLM","NsiI.TP550256","11","15917","-0.0976","0.8725","C"
"4","Trait5","FASTmrMLM","NsiI.TP550280","11","15918","-0.1379","0.8531","A"
"4","Trait5","FASTmrMLM","NsiI.TP550493","11","15922","-1.1701e-05","0.0026","G"
"4","Trait5","FASTmrMLM","NsiI.TP550620","11","15923","0.0372","0.4711","G"
"4","Trait5","FASTmrMLM","NsiI.TP550633","11","15924","-2e-04","0.0133","C"
"4","Trait5","FASTmrMLM","NsiI.TP550663","11","15926","-1.0352e-05","0.0023","C"
"4","Trait5","FASTmrMLM","NsiI.TP550671","11","15927","0.0235","0.2021","A"
"4","Trait5","FASTmrMLM","NsiI.TP550682","11","15928","-8.3463e-06","0.0018","A"
"4","Trait5","FASTmrMLM","NsiI.TP550683","11","15929","-1.4208e-05","0.0031","A"
"4","Trait5","FASTmrMLM","NsiI.TP550762","11","15931","1.1644e-05","0.0025","C"
"4","Trait5","FASTmrMLM","NsiI.TP550937","11","15932","1.6215e-05","0.0035","A"
"4","Trait5","FASTmrMLM","NsiI.TP550945","11","15933","-1.3928e-05","0.003","C"
"4","Trait5","FASTmrMLM","NsiI.TP550949","11","15934","-0.041","0.403","A"
"4","Trait5","FASTmrMLM","NsiI.TP551057","11","15936","0.0727","0.4765","A"
"4","Trait5","FASTmrMLM","NsiI.TP551284","11","15937","-2.4984e-06","5e-04","C"
"4","Trait5","FASTmrMLM","NsiI.TP551407","11","15938","2.9855e-06","7e-04","C"
"4","Trait5","FASTmrMLM","NsiI.TP551687","11","15939","9.5011e-08","2.0677e-05","C"
"4","Trait5","FASTmrMLM","NsiI.TP551733","11","15940","5.8766e-06","0.0013","C"
"4","Trait5","FASTmrMLM","NsiI.TP551753","11","15942","0.1598","1.1914","G"
"4","Trait5","FASTmrMLM","NsiI.TP551794","11","15943","4.0983e-07","8.9193e-05","G"
"4","Trait5","FASTmrMLM","NsiI.TP551839","11","15945","-1.7492e-06","4e-04","C"
"4","Trait5","FASTmrMLM","NsiI.TP551883","11","15946","1.5555e-05","0.0034","A"
"4","Trait5","FASTmrMLM","NsiI.TP551914","11","15948","1.3241e-06","3e-04","G"
"4","Trait5","FASTmrMLM","NsiI.TP552314","11","15951","9.9985e-06","0.0022","A"
"4","Trait5","FASTmrMLM","NsiI.TP552623","11","15954","-5.5392e-06","0.0012","C"
"4","Trait5","FASTmrMLM","NsiI.TP552634","11","15955","-2.6573e-06","6e-04","C"
"4","Trait5","FASTmrMLM","NsiI.TP552726","11","15956","2.7527e-05","0.006","C"
"4","Trait5","FASTmrMLM","NsiI.TP552744","11","15957","-3.5008e-05","0.0077","C"
"4","Trait5","FASTmrMLM","NsiI.TP552745","11","15958","-3.0129e-08","6.5568e-06","C"
"4","Trait5","FASTmrMLM","NsiI.TP552810","11","15959","9.2298e-06","0.002","C"
"4","Trait5","FASTmrMLM","NsiI.TP552835","11","15960","0.2657","2.0222","C"
"4","Trait5","FASTmrMLM","NsiI.TP552882","11","15961","3.8974e-05","0.0086","C"
"4","Trait5","FASTmrMLM","NsiI.TP552991","11","15962","2.1631e-05","0.0047","A"
"4","Trait5","FASTmrMLM","NsiI.TP553041","11","15963","-0.0908","1.14","A"
"4","Trait5","FASTmrMLM","NsiI.TP553088","11","15964","-1.1485e-06","3e-04","A"
"4","Trait5","FASTmrMLM","NsiI.TP553158","11","15966","0.1626","1.1152","A"
"4","Trait5","FASTmrMLM","NsiI.TP553316","11","15969","-1.1177e-05","0.0024","G"
"4","Trait5","FASTmrMLM","NsiI.TP553413","11","15971","-1.945e-05","0.0043","A"
"4","Trait5","FASTmrMLM","NsiI.TP553499","11","15972","1.6959e-05","0.0037","C"
"4","Trait5","FASTmrMLM","NsiI.TP553579","11","15973","-6.0546e-05","0.0067","C"
"4","Trait5","FASTmrMLM","NsiI.TP553662","11","15975","-9.9939e-06","0.0022","A"
"4","Trait5","FASTmrMLM","NsiI.TP553676","11","15976","1.8209e-05","0.004","C"
"4","Trait5","FASTmrMLM","NsiI.TP553698","11","15977","-0.0916","0.6926","G"
"4","Trait5","FASTmrMLM","NsiI.TP553706","11","15978","1.4823e-05","0.0032","C"
"4","Trait5","FASTmrMLM","NsiI.TP553729","11","15979","-2.6111e-05","0.0057","C"
"4","Trait5","FASTmrMLM","NsiI.TP553750","11","15981","5.1984e-05","0.0075","C"
"4","Trait5","FASTmrMLM","NsiI.TP553785","11","15982","-1.8034e-05","0.0039","A"
"4","Trait5","FASTmrMLM","NsiI.TP554047","11","15983","2.2448e-05","0.0049","C"
"4","Trait5","FASTmrMLM","NsiI.TP554543","11","15985","4.3883e-05","0.0067","A"
"4","Trait5","FASTmrMLM","NsiI.TP554663","11","15988","-2.7359e-05","0.006","C"
"4","Trait5","FASTmrMLM","NsiI.TP554728","11","15989","1.9522e-06","4e-04","C"
"4","Trait5","FASTmrMLM","NsiI.TP554944","11","15990","-4.6979e-07","1e-04","A"
"4","Trait5","FASTmrMLM","NsiI.TP555019","11","15991","1.0639e-05","0.0023","C"
"4","Trait5","FASTmrMLM","NsiI.TP555055","11","15992","8.2218e-07","2e-04","A"
"4","Trait5","FASTmrMLM","NsiI.TP555065","11","15993","6.5333e-06","0.0014","A"
"4","Trait5","FASTmrMLM","NsiI.TP555309","11","15995","-1.6123e-05","0.0035","A"
"4","Trait5","FASTmrMLM","NsiI.TP555357","11","15996","1.8193e-05","0.004","A"
"4","Trait5","FASTmrMLM","NsiI.TP555365","11","15997","1.8427e-05","0.004","A"
"4","Trait5","FASTmrMLM","NsiI.TP555369","11","15998","-0.121","0.6988","C"
"4","Trait5","FASTmrMLM","NsiI.TP555395","11","15999","8.7657e-06","0.0019","G"
"4","Trait5","FASTmrMLM","NsiI.TP555498","11","16001","2.1858e-05","0.0048","C"
"4","Trait5","FASTmrMLM","NsiI.TP555580","11","16002","0.3214","1.6111","G"
"4","Trait5","FASTmrMLM","NsiI.TP555631","11","16003","-6.6369e-06","0.0014","A"
"4","Trait5","FASTmrMLM","NsiI.TP555894","11","16005","1.1575e-05","0.0025","A"
"4","Trait5","FASTmrMLM","NsiI.TP555903","11","16006","-9.9045e-06","0.0022","C"
"4","Trait5","FASTmrMLM","NsiI.TP555908","11","16008","-6.1921e-06","0.0013","A"
"4","Trait5","FASTmrMLM","NsiI.TP555974","11","16010","-2.9421e-05","0.0065","A"
"4","Trait5","FASTmrMLM","NsiI.TP555990","11","16011","-2.7167e-05","0.006","C"
"4","Trait5","FASTmrMLM","NsiI.TP556022","11","16012","-2.8799e-07","6.2681e-05","A"
"4","Trait5","FASTmrMLM","NsiI.TP556047","11","16013","2.6124e-07","5.6853e-05","A"
"4","Trait5","FASTmrMLM","NsiI.TP556059","11","16014","-0.2061","1.3037","C"
"4","Trait5","FASTmrMLM","NsiI.TP556086","11","16015","-2.7088e-06","6e-04","C"
"4","Trait5","FASTmrMLM","NsiI.TP556097","11","16016","-7.5564e-06","0.0016","C"
"4","Trait5","FASTmrMLM","NsiI.TP556312","11","16017","-1.3967e-06","3e-04","A"
"4","Trait5","FASTmrMLM","NsiI.TP556318","11","16019","-6.4729e-06","0.0014","G"
"4","Trait5","FASTmrMLM","NsiI.TP556368","11","16020","-1.5617e-05","0.0034","A"
"4","Trait5","FASTmrMLM","NsiI.TP556635","11","16021","0.0846","0.4614","A"
"4","Trait5","FASTmrMLM","NsiI.TP556656","11","16022","1.1144e-05","0.0024","G"
"4","Trait5","FASTmrMLM","NsiI.TP556663","11","16023","1.4318e-05","0.0031","C"
"4","Trait5","FASTmrMLM","NsiI.TP556717","11","16024","1.9483e-05","0.0043","A"
"4","Trait5","FASTmrMLM","NsiI.TP556867","11","16025","0.0619","0.3272","A"
"4","Trait5","FASTmrMLM","NsiI.TP556871","11","16026","0.0668","0.4033","A"
"4","Trait5","FASTmrMLM","NsiI.TP557304","11","16028","4.8989e-06","0.0011","A"
"4","Trait5","FASTmrMLM","NsiI.TP557414","11","16029","1.0909e-05","0.0024","A"
"4","Trait5","FASTmrMLM","NsiI.TP557436","11","16030","-1.9148e-06","4e-04","A"
"4","Trait5","FASTmrMLM","NsiI.TP557445","11","16031","5.1318e-06","0.0011","A"
"4","Trait5","FASTmrMLM","NsiI.TP557489","11","16032","-1.7127e-05","0.0037","G"
"4","Trait5","FASTmrMLM","NsiI.TP557538","11","16033","-1.1161e-05","0.0024","G"
"4","Trait5","FASTmrMLM","NsiI.TP557756","11","16035","0.0572","0.4211","G"
"4","Trait5","FASTmrMLM","NsiI.TP557880","11","16037","2.5584e-05","0.0056","G"
"4","Trait5","FASTmrMLM","NsiI.TP557904","11","16038","1.4173e-05","0.0031","C"
"4","Trait5","FASTmrMLM","NsiI.TP557918","11","16040","-1.5088e-05","0.0033","C"
"4","Trait5","FASTmrMLM","NsiI.TP558024","11","16041","0.0915","0.4912","C"
"4","Trait5","FASTmrMLM","NsiI.TP558305","11","16044","0.1025","0.7912","C"
"4","Trait5","FASTmrMLM","NsiI.TP558485","11","16046","3.7655e-06","8e-04","C"
"4","Trait5","FASTmrMLM","NsiI.TP558889","11","16049","-2.7575e-05","0.006","A"
"4","Trait5","FASTmrMLM","NsiI.TP559060","11","16050","-0.0108","0.1912","A"
"4","Trait5","FASTmrMLM","NsiI.TP559061","11","16051","-0.0329","0.3433","C"
"4","Trait5","FASTmrMLM","NsiI.TP559228","11","16053","-5.9663e-06","0.0013","C"
"4","Trait5","FASTmrMLM","NsiI.TP559334","11","16054","1.1478e-05","0.0025","C"
"4","Trait5","FASTmrMLM","NsiI.TP559354","11","16056","-4.2737e-05","0.0094","A"
"4","Trait5","FASTmrMLM","NsiI.TP559357","11","16057","5.2212e-06","0.0011","A"
"4","Trait5","FASTmrMLM","NsiI.TP559444","11","16058","-3.9627e-07","8.6243e-05","C"
"4","Trait5","FASTmrMLM","NsiI.TP559472","11","16059","9.8511e-06","0.0021","G"
"4","Trait5","FASTmrMLM","NsiI.TP559735","11","16061","0.1185","1.0537","C"
"4","Trait5","FASTmrMLM","NsiI.TP559787","11","16062","1.8665e-05","0.0041","C"
"4","Trait5","FASTmrMLM","NsiI.TP559880","11","16064","0.0922","0.5329","C"
"4","Trait5","FASTmrMLM","NsiI.TP559926","11","16065","3.1264e-05","0.0069","C"
"4","Trait5","FASTmrMLM","NsiI.TP559974","11","16066","-6.7505e-06","0.0015","A"
"4","Trait5","FASTmrMLM","NsiI.TP560012","11","16067","-0.014","0.2239","A"
"4","Trait5","FASTmrMLM","NsiI.TP560022","11","16068","0.0168","0.2041","A"
"4","Trait5","FASTmrMLM","NsiI.TP560232","11","16070","0.0909","0.6724","A"
"4","Trait5","FASTmrMLM","NsiI.TP560260","11","16071","0.0238","0.1973","C"
"4","Trait5","FASTmrMLM","NsiI.TP560453","11","16072","7.1447e-08","1.5548e-05","A"
"4","Trait5","FASTmrMLM","NsiI.TP560606","11","16074","1.1616e-05","0.0025","A"
"4","Trait5","FASTmrMLM","NsiI.TP560751","11","16075","3.3396e-05","0.0073","C"
"4","Trait5","FASTmrMLM","NsiI.TP560923","11","16077","-0.0194","0.2462","C"
"4","Trait5","FASTmrMLM","NsiI.TP561004","11","16078","-1.149e-05","0.0025","A"
"4","Trait5","FASTmrMLM","NsiI.TP561022","11","16079","-0.0481","0.3916","A"
"4","Trait5","FASTmrMLM","NsiI.TP561023","11","16080","-2.4059e-05","0.0053","A"
"4","Trait5","FASTmrMLM","NsiI.TP561283","11","16082","-2.201e-08","4.7898e-06","A"
"4","Trait5","FASTmrMLM","NsiI.TP561326","11","16083","1.572e-05","0.0034","C"
"4","Trait5","FASTmrMLM","NsiI.TP561366","11","16084","-1.3167e-05","0.0029","G"
"4","Trait5","FASTmrMLM","NsiI.TP561414","11","16085","2.0404e-05","0.0045","G"
"4","Trait5","FASTmrMLM","NsiI.TP561481","11","16086","-3.4332e-05","0.0075","C"
"4","Trait5","FASTmrMLM","NsiI.TP561532","11","16088","3.4723e-07","7.5566e-05","A"
"4","Trait5","FASTmrMLM","NsiI.TP561618","11","16089","3.4658e-07","7.5446e-05","C"
"4","Trait5","FASTmrMLM","NsiI.TP561621","11","16090","9.5506e-06","0.0021","A"
"4","Trait5","FASTmrMLM","NsiI.TP561895","11","16092","8.0725e-06","0.0018","C"
"4","Trait5","FASTmrMLM","NsiI.TP561910","11","16093","1.7608e-05","0.0038","A"
"4","Trait5","FASTmrMLM","NsiI.TP562509","11","16095","1.461e-05","0.0032","C"
"4","Trait5","FASTmrMLM","NsiI.TP562561","11","16096","-2.4813e-05","0.0054","G"
"4","Trait5","FASTmrMLM","NsiI.TP562854","11","16098","-4.733e-06","0.001","A"
"4","Trait5","FASTmrMLM","NsiI.TP562963","11","16099","2.7024e-06","6e-04","C"
"4","Trait5","FASTmrMLM","NsiI.TP563194","11","16105","-1.4373e-05","0.0031","A"
"4","Trait5","FASTmrMLM","NsiI.TP563446","11","16107","-5.3798e-06","0.0012","C"
"4","Trait5","FASTmrMLM","NsiI.TP563898","11","16109","-8.9271e-06","0.0019","G"
"4","Trait5","FASTmrMLM","NsiI.TP563915","11","16110","8.1241e-07","2e-04","A"
"4","Trait5","FASTmrMLM","NsiI.TP563961","11","16111","-0.0132","0.1123","C"
"4","Trait5","FASTmrMLM","NsiI.TP563977","11","16112","1.9865e-05","0.0043","A"
"4","Trait5","FASTmrMLM","NsiI.TP564005","11","16113","-1.1831e-07","2.5751e-05","A"
"4","Trait5","FASTmrMLM","NsiI.TP564153","11","16114","-8.7293e-06","0.0019","C"
"4","Trait5","FASTmrMLM","NsiI.TP564326","11","16115","0.004","0.0495","C"
"4","Trait5","FASTmrMLM","NsiI.TP564448","11","16116","0.1446","1.09","C"
"4","Trait5","FASTmrMLM","NsiI.TP564739","11","16118","-0.0526","0.5744","C"
"4","Trait5","FASTmrMLM","NsiI.TP564921","11","16119","-3.11e-06","7e-04","A"
"4","Trait5","FASTmrMLM","NsiI.TP564995","11","16121","-2.5927e-05","0.0057","C"
"4","Trait5","FASTmrMLM","NsiI.TP565125","11","16124","-1.2372e-05","0.0027","C"
"4","Trait5","FASTmrMLM","NsiI.TP565274","11","16126","-2.0051e-06","4e-04","C"
"4","Trait5","FASTmrMLM","NsiI.TP565359","11","16127","2.7001e-06","6e-04","C"
"4","Trait5","FASTmrMLM","NsiI.TP565407","11","16128","4.9493e-05","0.0109","C"
"4","Trait5","FASTmrMLM","NsiI.TP565488","11","16129","4.4259e-06","0.001","G"
"4","Trait5","FASTmrMLM","NsiI.TP565852","11","16131","-2.4343e-06","5e-04","A"
"4","Trait5","FASTmrMLM","NsiI.TP566131","11","16132","-0.0658","0.4844","A"
"4","Trait5","FASTmrMLM","NsiI.TP566534","11","16135","4.6969e-07","1e-04","C"
"4","Trait5","FASTmrMLM","NsiI.TP566535","11","16136","1.0277e-06","2e-04","A"
"4","Trait5","FASTmrMLM","NsiI.TP566547","11","16137","4.4535e-06","0.001","A"
"4","Trait5","FASTmrMLM","NsiI.TP566561","11","16138","-1.7517e-06","4e-04","A"
"4","Trait5","FASTmrMLM","NsiI.TP566761","11","16139","4e-04","0.0183","C"
"4","Trait5","FASTmrMLM","NsiI.TP566776","11","16140","1.8584e-05","0.0041","A"
"4","Trait5","FASTmrMLM","NsiI.TP566900","11","16141","-0.0327","0.2664","A"
"4","Trait5","FASTmrMLM","NsiI.TP566948","11","16142","0.0508","0.6611","G"
"4","Trait5","FASTmrMLM","NsiI.TP567235","11","16143","-0.0119","0.1885","C"
"4","Trait5","FASTmrMLM","NsiI.TP567414","11","16145","4.1546e-06","9e-04","C"
"4","Trait5","FASTmrMLM","NsiI.TP567556","11","16146","-1.447e-06","3e-04","C"
"4","Trait5","FASTmrMLM","NsiI.TP567691","11","16148","-0.0515","0.4566","C"
"4","Trait5","FASTmrMLM","NsiI.TP567954","11","16151","1.1115e-05","0.0024","A"
"4","Trait5","FASTmrMLM","NsiI.TP568340","11","16154","0.0368","0.4132","A"
"4","Trait5","FASTmrMLM","NsiI.TP568513","11","16157","0.1521","0.7968","G"
"4","Trait5","FASTmrMLM","NsiI.TP568842","11","16159","-0.0674","0.5734","C"
"4","Trait5","FASTmrMLM","NsiI.TP568948","11","16161","-9.6645e-07","2e-04","A"
"4","Trait5","FASTmrMLM","NsiI.TP568979","11","16162","-2.1638e-05","0.0047","G"
"4","Trait5","FASTmrMLM","NsiI.TP569258","11","16165","-6.9177e-06","0.0015","A"
"4","Trait5","FASTmrMLM","NsiI.TP569378","11","16166","-0.1289","1.1974","C"
"4","Trait5","FASTmrMLM","NsiI.TP569530","11","16167","-2.0918e-05","0.0046","C"
"4","Trait5","FASTmrMLM","NsiI.TP570031","11","16173","-0.0357","0.3161","C"
"4","Trait5","FASTmrMLM","NsiI.TP570076","11","16174","1.4029e-06","3e-04","A"
"4","Trait5","FASTmrMLM","NsiI.TP570260","11","16175","1.1062e-05","0.0024","G"
"4","Trait5","FASTmrMLM","NsiI.TP570294","11","16176","2.2755e-06","5e-04","C"
"4","Trait5","FASTmrMLM","NsiI.TP570466","11","16178","6.616e-06","0.0014","C"
"4","Trait5","FASTmrMLM","NsiI.TP570531","11","16181","-1.7487e-06","4e-04","A"
"4","Trait5","FASTmrMLM","NsiI.TP570610","11","16183","-3.065e-06","7e-04","A"
"4","Trait5","FASTmrMLM","NsiI.TP570712","11","16184","-4.8362e-06","0.0011","C"
"4","Trait5","FASTmrMLM","NsiI.TP570782","11","16185","-2.8858e-06","6e-04","C"
"4","Trait5","FASTmrMLM","NsiI.TP570786","11","16186","-2.3877e-05","0.0052","C"
"4","Trait5","FASTmrMLM","NsiI.TP570823","11","16187","0.0418","0.2413","A"
"4","Trait5","FASTmrMLM","NsiI.TP571039","11","16189","0.0563","0.6701","A"
"4","Trait5","FASTmrMLM","NsiI.TP571353","11","16191","1.7912e-06","4e-04","C"
"4","Trait5","FASTmrMLM","NsiI.TP571420","11","16192","-0.0217","0.2211","C"
"4","Trait5","FASTmrMLM","NsiI.TP571480","11","16194","1.2138e-05","0.0026","A"
"4","Trait5","FASTmrMLM","NsiI.TP571497","11","16195","0.0694","0.7365","C"
"4","Trait5","FASTmrMLM","NsiI.TP571551","11","16196","3.7297e-06","8e-04","A"
"4","Trait5","FASTmrMLM","NsiI.TP571607","11","16197","-0.0556","0.5324","G"
"4","Trait5","FASTmrMLM","NsiI.TP571678","11","16198","-9.3579e-06","0.002","A"
"4","Trait5","FASTmrMLM","NsiI.TP571719","11","16199","1.1914e-06","3e-04","A"
"4","Trait5","FASTmrMLM","NsiI.TP572017","11","16202","-1.5701e-05","0.0034","C"
"4","Trait5","FASTmrMLM","NsiI.TP572125","11","16204","1.1727e-05","0.0026","C"
"4","Trait5","FASTmrMLM","NsiI.TP572165","11","16205","3.1818e-05","0.007","C"
"4","Trait5","FASTmrMLM","NsiI.TP572254","11","16206","-0.0817","0.5514","G"
"4","Trait5","FASTmrMLM","NsiI.TP572385","11","16207","-5.7379e-06","0.0013","C"
"4","Trait5","FASTmrMLM","NsiI.TP572685","11","16211","-0.1681","1.5375","A"
"4","Trait5","FASTmrMLM","NsiI.TP572755","11","16212","-1.1287e-05","0.0025","A"
"4","Trait5","FASTmrMLM","NsiI.TP572773","11","16213","1.4967e-06","3e-04","C"
"4","Trait5","FASTmrMLM","NsiI.TP572799","11","16214","1.4671e-05","0.0032","A"
"4","Trait5","FASTmrMLM","NsiI.TP573138","11","16215","2.7261e-05","0.006","A"
"4","Trait5","FASTmrMLM","NsiI.TP573142","11","16217","0.0337","0.2017","A"
"4","Trait5","FASTmrMLM","NsiI.TP573168","11","16218","-0.07","0.5884","C"
"4","Trait5","FASTmrMLM","NsiI.TP573302","11","16219","-5.2278e-06","0.0011","A"
"4","Trait5","FASTmrMLM","NsiI.TP573303","11","16220","-1.7176e-05","0.0038","A"
"4","Trait5","FASTmrMLM","NsiI.TP573478","11","16222","1.68e-05","0.0037","C"
"4","Trait5","FASTmrMLM","NsiI.TP573649","11","16224","-1.5937e-05","0.0035","A"
"4","Trait5","FASTmrMLM","NsiI.TP573660","11","16225","-1.8909e-05","0.0041","C"
"4","Trait5","FASTmrMLM","NsiI.TP573662","11","16226","1.3142e-05","0.0029","C"
"4","Trait5","FASTmrMLM","NsiI.TP573669","11","16227","0.0806","1.0233","A"
"4","Trait5","FASTmrMLM","NsiI.TP573714","11","16228","-3.8509e-06","8e-04","C"
"4","Trait5","FASTmrMLM","NsiI.TP573833","11","16230","-9.8747e-06","0.0022","C"
"4","Trait5","FASTmrMLM","NsiI.TP573866","11","16231","0.0493","0.5978","C"
"4","Trait5","FASTmrMLM","NsiI.TP573888","11","16232","6.7761e-06","0.0015","A"
"4","Trait5","FASTmrMLM","NsiI.TP573978","11","16233","-8.8638e-06","0.0019","A"
"4","Trait5","FASTmrMLM","NsiI.TP574075","11","16234","2.4777e-05","0.0054","G"
"4","Trait5","FASTmrMLM","NsiI.TP574129","11","16236","0.1695","0.7728","A"
"4","Trait5","FASTmrMLM","NsiI.TP574209","11","16239","-0.0447","0.5218","G"
"4","Trait5","FASTmrMLM","NsiI.TP574299","11","16241","2.63e-05","0.0058","A"
"4","Trait5","FASTmrMLM","NsiI.TP574340","11","16242","9.8432e-06","0.0021","C"
"4","Trait5","FASTmrMLM","NsiI.TP574385","11","16243","1.6809e-05","0.0037","A"
"4","Trait5","FASTmrMLM","NsiI.TP574451","11","16244","-2.3964e-06","5e-04","C"
"4","Trait5","FASTmrMLM","NsiI.TP574469","11","16245","1.5193e-05","0.0033","C"
"4","Trait5","FASTmrMLM","NsiI.TP574645","11","16246","0.1528","1.068","C"
"4","Trait5","FASTmrMLM","NsiI.TP574692","11","16247","2.2074e-06","5e-04","A"
"4","Trait5","FASTmrMLM","NsiI.TP574701","11","16248","-1.6523e-05","0.0036","C"
"4","Trait5","FASTmrMLM","NsiI.TP574965","11","16251","6.8149e-06","0.0015","A"
"4","Trait5","FASTmrMLM","NsiI.TP574976","11","16252","-1.8703e-06","4e-04","C"
"4","Trait5","FASTmrMLM","NsiI.TP575062","11","16254","3.0926e-06","7e-04","A"
"4","Trait5","FASTmrMLM","NsiI.TP575085","11","16255","0.0894","0.5947","C"
"4","Trait5","FASTmrMLM","NsiI.TP575308","11","16256","0.099","0.7841","A"
"4","Trait5","FASTmrMLM","NsiI.TP575345","11","16257","-0.1686","1.3914","A"
"4","Trait5","FASTmrMLM","NsiI.TP575349","11","16258","4.5105e-06","0.001","C"
"4","Trait5","FASTmrMLM","NsiI.TP575388","11","16259","-0.0782","0.6987","C"
"4","Trait5","FASTmrMLM","NsiI.TP575453","11","16260","0.0155","0.2435","G"
"4","Trait5","FASTmrMLM","NsiI.TP575463","11","16261","-1.8134e-06","4e-04","A"
"4","Trait5","FASTmrMLM","NsiI.TP575488","11","16262","9.1463e-06","0.002","A"
"4","Trait5","FASTmrMLM","NsiI.TP575535","11","16263","-1.462e-05","0.0032","G"
"4","Trait5","FASTmrMLM","NsiI.TP575545","11","16264","1.0064e-05","0.0022","G"
"4","Trait5","FASTmrMLM","NsiI.TP575552","11","16265","-0.1335","0.8387","C"
"4","Trait5","FASTmrMLM","NsiI.TP575575","11","16267","-3.2569e-05","0.0071","C"
"4","Trait5","FASTmrMLM","NsiI.TP575726","11","16268","-0.1118","0.5127","C"
"4","Trait5","FASTmrMLM","NsiI.TP575751","11","16269","2.5342e-05","0.0056","A"
"4","Trait5","FASTmrMLM","NsiI.TP575768","11","16270","0.0885","1.2611","A"
"4","Trait5","FASTmrMLM","NsiI.TP575792","11","16271","2.0916e-05","0.0046","C"
"4","Trait5","FASTmrMLM","NsiI.TP575793","11","16272","7.8232e-06","0.0017","A"
"4","Trait5","FASTmrMLM","NsiI.TP575805","11","16273","2.997e-05","0.0066","A"
"4","Trait5","FASTmrMLM","NsiI.TP575918","11","16274","-1.5436e-06","3e-04","C"
"4","Trait5","FASTmrMLM","NsiI.TP576054","11","16277","2.6664e-06","6e-04","A"
"4","Trait5","FASTmrMLM","NsiI.TP576062","11","16278","-4.6328e-06","0.001","A"
"4","Trait5","FASTmrMLM","NsiI.TP576091","11","16279","-0.078","0.5467","C"
"4","Trait5","FASTmrMLM","NsiI.TP576104","11","16280","2.8941e-05","0.0063","A"
"4","Trait5","FASTmrMLM","NsiI.TP576156","11","16282","-0.0251","0.3325","C"
"4","Trait5","FASTmrMLM","NsiI.TP576201","11","16284","0.3444","1.1655","C"
"4","Trait5","FASTmrMLM","NsiI.TP576404","11","16288","3.1073e-05","0.0068","A"
"4","Trait5","FASTmrMLM","NsiI.TP576769","11","16291","-3.3609e-05","0.0074","C"
"4","Trait5","FASTmrMLM","NsiI.TP577089","11","16295","-1.9538e-06","4e-04","A"
"4","Trait5","FASTmrMLM","NsiI.TP577247","11","16299","1.4808e-05","0.0032","C"
"4","Trait5","FASTmrMLM","NsiI.TP577256","11","16300","-2.6447e-06","6e-04","C"
"4","Trait5","FASTmrMLM","NsiI.TP577298","11","16301","0.0945","1.0185","A"
"4","Trait5","FASTmrMLM","NsiI.TP577332","11","16302","1.9174e-06","4e-04","A"
"4","Trait5","FASTmrMLM","NsiI.TP577558","11","16305","0.0339","0.3121","A"
"4","Trait5","FASTmrMLM","NsiI.TP577638","11","16306","0.2019","1.4766","C"
"4","Trait5","FASTmrMLM","NsiI.TP577703","11","16308","-0.0196","0.279","A"
"4","Trait5","FASTmrMLM","NsiI.TP577813","11","16309","-7.3743e-06","0.0016","C"
"4","Trait5","FASTmrMLM","NsiI.TP577863","11","16311","-7.9468e-07","2e-04","A"
"4","Trait5","FASTmrMLM","NsiI.TP578137","11","16313","5.1928e-06","0.0011","C"
"4","Trait5","FASTmrMLM","NsiI.TP578256","11","16314","0.2063","1.7822","A"
"4","Trait5","FASTmrMLM","NsiI.TP578274","11","16315","4.0722e-06","9e-04","C"
"4","Trait5","FASTmrMLM","NsiI.TP578276","11","16316","-0.064","0.5097","A"
"4","Trait5","FASTmrMLM","NsiI.TP578323","11","16317","8.3608e-06","0.0018","C"
"4","Trait5","FASTmrMLM","NsiI.TP578596","11","16318","-3.511e-07","7.6413e-05","A"
"4","Trait5","FASTmrMLM","NsiI.TP578663","11","16319","-0.1118","1.1511","G"
"4","Trait5","FASTmrMLM","NsiI.TP578731","11","16320","-1.1952e-05","0.0026","C"
"4","Trait5","FASTmrMLM","NsiI.TP578786","11","16321","4.6042e-07","1e-04","A"
"4","Trait5","FASTmrMLM","NsiI.TP578796","11","16322","-1.3402e-05","0.0029","A"
"4","Trait5","FASTmrMLM","NsiI.TP579123","11","16327","-3.3143e-06","7e-04","C"
"4","Trait5","FASTmrMLM","NsiI.TP579131","11","16328","1.5482e-05","0.0034","A"
"4","Trait5","FASTmrMLM","NsiI.TP579729","11","16329","-3.9093e-06","9e-04","C"
"4","Trait5","FASTmrMLM","NsiI.TP579755","11","16330","0.097","0.9734","A"
"4","Trait5","FASTmrMLM","NsiI.TP579839","11","16331","-9.7823e-06","0.0021","A"
"4","Trait5","FASTmrMLM","NsiI.TP579934","11","16333","-0.098","0.4428","A"
"4","Trait5","FASTmrMLM","NsiI.TP579953","11","16334","2.1605e-05","0.0047","C"
"4","Trait5","FASTmrMLM","NsiI.TP580072","11","16335","-8.8186e-06","0.0019","A"
"4","Trait5","FASTmrMLM","NsiI.TP580128","11","16336","-5.4803e-06","0.0012","G"
"4","Trait5","FASTmrMLM","NsiI.TP580142","11","16337","-1.3236e-06","3e-04","G"
"4","Trait5","FASTmrMLM","NsiI.TP580222","11","16338","0.0506","0.3161","A"
"4","Trait5","FASTmrMLM","NsiI.TP580320","11","16340","-1.7543e-05","0.0038","A"
"4","Trait5","FASTmrMLM","NsiI.TP580399","11","16343","-0.0422","0.5263","A"
"4","Trait5","FASTmrMLM","NsiI.TP580449","11","16344","0.0212","0.3082","A"
"4","Trait5","FASTmrMLM","NsiI.TP580482","11","16346","-1.5528e-05","0.0034","C"
"4","Trait5","FASTmrMLM","NsiI.TP580592","11","16348","-0.0539","0.6059","C"
"4","Trait5","FASTmrMLM","NsiI.TP580840","11","16350","1.5231e-05","0.0033","A"
"4","Trait5","FASTmrMLM","NsiI.TP580989","11","16351","-0.0267","0.2863","C"
"4","Trait5","FASTmrMLM","NsiI.TP581113","11","16352","-0.2473","1.3873","C"
"4","Trait5","FASTmrMLM","NsiI.TP581122","11","16353","1.0102e-05","0.0022","A"
"4","Trait5","FASTmrMLM","NsiI.TP581125","11","16354","0.2918","1.0027","C"
"4","Trait5","FASTmrMLM","NsiI.TP581126","11","16355","-4.4169e-06","0.001","A"
"4","Trait5","FASTmrMLM","NsiI.TP581162","11","16357","-1.9329e-06","4e-04","A"
"4","Trait5","FASTmrMLM","NsiI.TP581525","11","16358","0.0535","0.395","C"
"4","Trait5","FASTmrMLM","NsiI.TP581753","11","16359","-1.0542e-05","0.0023","A"
"4","Trait5","FASTmrMLM","NsiI.TP581799","11","16360","-9.2738e-06","0.002","C"
"4","Trait5","FASTmrMLM","NsiI.TP581891","11","16361","-7.2937e-06","0.0016","C"
"4","Trait5","FASTmrMLM","NsiI.TP581916","11","16362","-1.0562e-05","0.0023","A"
"4","Trait5","FASTmrMLM","NsiI.TP581922","11","16363","6.9699e-06","0.0015","G"
"4","Trait5","FASTmrMLM","NsiI.TP582062","11","16365","-1.0298e-05","0.0022","A"
"4","Trait5","FASTmrMLM","NsiI.TP582088","11","16366","-2.301e-05","0.005","G"
"4","Trait5","FASTmrMLM","NsiI.TP582335","11","16367","1.4741e-07","3.208e-05","C"
"4","Trait5","FASTmrMLM","NsiI.TP582401","11","16368","1.3298e-05","0.0029","A"
"4","Trait5","FASTmrMLM","NsiI.TP582416","11","16369","0.059","0.4681","A"
"4","Trait5","FASTmrMLM","NsiI.TP582470","11","16370","-0.4051","1.8857","C"
"4","Trait5","FASTmrMLM","NsiI.TP582727","11","16371","2.948e-05","0.0065","A"
"4","Trait5","FASTmrMLM","NsiI.TP582757","11","16372","8.243e-06","0.0018","C"
"4","Trait5","FASTmrMLM","NsiI.TP583084","11","16374","0.0054","0.1163","A"
"4","Trait5","FASTmrMLM","NsiI.TP583138","11","16375","0.0112","0.1811","A"
"4","Trait5","FASTmrMLM","NsiI.TP583303","11","16376","-1.3552e-05","0.003","G"
"4","Trait5","FASTmrMLM","NsiI.TP583342","11","16377","0.0906","0.8923","A"
"4","Trait5","FASTmrMLM","NsiI.TP583477","11","16381","-0.0666","0.4959","C"
"4","Trait5","FASTmrMLM","NsiI.TP583926","11","16382","6.0947e-07","1e-04","A"
"4","Trait5","FASTmrMLM","NsiI.TP584137","11","16383","-6.999e-06","0.0015","A"
"4","Trait5","FASTmrMLM","NsiI.TP585329","11","16386","-2.2138e-06","5e-04","A"
"4","Trait5","FASTmrMLM","NsiI.TP585644","11","16388","1.8857e-05","0.0041","A"
"4","Trait5","FASTmrMLM","NsiI.TP585786","11","16389","2.7613e-06","6e-04","C"
"4","Trait5","FASTmrMLM","NsiI.TP585802","11","16390","-1.6972e-05","0.0037","A"
"4","Trait5","FASTmrMLM","NsiI.TP585806","11","16391","-1.0072e-05","0.0022","G"
"4","Trait5","FASTmrMLM","NsiI.TP585921","11","16393","-0.0901","0.609","A"
"4","Trait5","FASTmrMLM","NsiI.TP585963","11","16394","8.4525e-06","0.0018","C"
"4","Trait5","FASTmrMLM","NsiI.TP586154","11","16396","2.6104e-06","6e-04","C"
"4","Trait5","FASTmrMLM","NsiI.TP586184","11","16397","-6.9163e-06","0.0015","C"
"4","Trait5","FASTmrMLM","NsiI.TP586241","11","16398","-0.0491","0.5006","C"
"4","Trait5","FASTmrMLM","NsiI.TP586284","11","16399","0.0702","0.4388","C"
"4","Trait5","FASTmrMLM","NsiI.TP586319","11","16400","2.2259e-06","5e-04","A"
"4","Trait5","FASTmrMLM","NsiI.TP586462","11","16404","-6.4098e-07","1e-04","A"
"4","Trait5","FASTmrMLM","NsiI.TP586696","11","16407","-1.8553e-06","4e-04","C"
"4","Trait5","FASTmrMLM","NsiI.TP586741","11","16408","-0.1068","1.0355","A"
"4","Trait5","FASTmrMLM","NsiI.TP586798","11","16409","-0.1307","0.5372","C"
"4","Trait5","FASTmrMLM","NsiI.TP586971","11","16413","4.4763e-06","0.001","C"
"4","Trait5","FASTmrMLM","NsiI.TP587080","11","16414","-1.9695e-05","0.0043","C"
"4","Trait5","FASTmrMLM","NsiI.TP587144","11","16415","-6.2408e-06","0.0014","A"
"4","Trait5","FASTmrMLM","NsiI.TP587155","11","16416","-1.4891e-05","0.0033","C"
"4","Trait5","FASTmrMLM","NsiI.TP587189","11","16417","1.9715e-05","0.0043","C"
"4","Trait5","FASTmrMLM","NsiI.TP587241","11","16420","0.097","0.6933","A"
"4","Trait5","FASTmrMLM","NsiI.TP587255","11","16421","-0.0923","0.5003","C"
"4","Trait5","FASTmrMLM","NsiI.TP587419","11","16422","0.0604","0.5015","A"
"4","Trait5","FASTmrMLM","NsiI.TP587467","11","16423","-1.8444e-05","0.004","A"
"4","Trait5","FASTmrMLM","NsiI.TP587515","11","16424","2.4938e-05","0.0055","A"
"4","Trait5","FASTmrMLM","NsiI.TP587530","11","16425","8.7089e-06","0.0019","C"
"4","Trait5","FASTmrMLM","NsiI.TP587756","11","16426","0.1436","1.3153","A"
"4","Trait5","FASTmrMLM","NsiI.TP588036","11","16427","-4.7199e-06","0.001","A"
"4","Trait5","FASTmrMLM","NsiI.TP588093","11","16429","3.1675e-05","0.0069","A"
"4","Trait5","FASTmrMLM","NsiI.TP588155","11","16431","-1.3184e-07","2.8693e-05","A"
"4","Trait5","FASTmrMLM","NsiI.TP588293","11","16434","2.0697e-05","0.0045","C"
"4","Trait5","FASTmrMLM","NsiI.TP588477","11","16436","-4.2604e-06","9e-04","C"
"4","Trait5","FASTmrMLM","NsiI.TP588558","11","16439","1.3723e-06","3e-04","C"
"4","Trait5","FASTmrMLM","NsiI.TP588850","11","16441","-1.5044e-05","0.0033","C"
"4","Trait5","FASTmrMLM","NsiI.TP588853","11","16442","-2.2302e-06","5e-04","C"
"4","Trait5","FASTmrMLM","NsiI.TP588898","11","16444","2.9432e-07","6.4054e-05","A"
"4","Trait5","FASTmrMLM","NsiI.TP589200","11","16448","0.0726","0.5499","A"
"4","Trait5","FASTmrMLM","NsiI.TP589254","11","16449","-0.2774","1.6153","A"
"4","Trait5","FASTmrMLM","NsiI.TP589380","11","16451","0.0556","0.5256","A"
"4","Trait5","FASTmrMLM","NsiI.TP589453","11","16452","2.3535e-05","0.0052","A"
"4","Trait5","FASTmrMLM","NsiI.TP589504","11","16454","-5.2755e-06","0.0011","A"
"4","Trait5","FASTmrMLM","NsiI.TP589515","11","16455","-0.0785","0.969","G"
"4","Trait5","FASTmrMLM","NsiI.TP589600","11","16457","-3.1934e-06","7e-04","A"
"4","Trait5","FASTmrMLM","NsiI.TP589706","11","16459","7.6228e-05","0.0085","C"
"4","Trait5","FASTmrMLM","NsiI.TP589931","11","16460","2.3521e-05","0.0052","A"
"4","Trait5","FASTmrMLM","NsiI.TP590310","11","16463","-0.0779","1.044","A"
"4","Trait5","FASTmrMLM","NsiI.TP590487","11","16465","-4.2905e-06","9e-04","C"
"4","Trait5","FASTmrMLM","NsiI.TP590493","11","16466","-0.4175","1.5518","A"
"4","Trait5","FASTmrMLM","NsiI.TP590511","11","16467","5.4041e-06","0.0012","C"
"4","Trait5","FASTmrMLM","NsiI.TP590629","11","16468","-3.8463e-06","8e-04","A"
"4","Trait5","FASTmrMLM","NsiI.TP590649","11","16469","0.1679","1.1691","C"
"4","Trait5","FASTmrMLM","NsiI.TP590667","11","16470","-0.0233","0.3253","C"
"4","Trait5","FASTmrMLM","NsiI.TP590834","11","16472","1.0588e-06","2e-04","A"
"4","Trait5","FASTmrMLM","NsiI.TP591041","11","16473","4.105e-06","9e-04","A"
"4","Trait5","FASTmrMLM","NsiI.TP591513","11","16474","4.3339e-06","9e-04","A"
"4","Trait5","FASTmrMLM","NsiI.TP591531","11","16475","-3.7911e-06","8e-04","A"
"4","Trait5","FASTmrMLM","NsiI.TP591569","11","16476","1.4279e-05","0.0031","G"
"4","Trait5","FASTmrMLM","NsiI.TP591705","11","16477","-1.8778e-06","4e-04","C"
"4","Trait5","FASTmrMLM","NsiI.TP591715","11","16478","-0.0817","0.5279","G"
"4","Trait5","FASTmrMLM","NsiI.TP591948","11","16479","-0.016","0.1524","C"
"4","Trait5","FASTmrMLM","NsiI.TP591999","11","16480","-5.575e-06","0.0012","C"
"4","Trait5","FASTmrMLM","NsiI.TP592127","11","16481","0.0922","1.195","G"
"4","Trait5","FASTmrMLM","NsiI.TP592252","11","16482","0.0816","0.4098","A"
"4","Trait5","FASTmrMLM","NsiI.TP592384","11","16483","0.0957","1.0177","A"
"4","Trait5","FASTmrMLM","NsiI.TP592674","11","16485","-0.142","1.34","C"
"4","Trait5","FASTmrMLM","NsiI.TP592768","11","16486","4.8097e-07","1e-04","A"
"4","Trait5","FASTmrMLM","NsiI.TP592770","11","16487","6.1011e-06","0.0013","C"
"4","Trait5","FASTmrMLM","NsiI.TP592813","11","16488","0.0382","0.4818","A"
"4","Trait5","FASTmrMLM","NsiI.TP592858","11","16489","-1.1498e-07","2.502e-05","A"
"4","Trait5","FASTmrMLM","NsiI.TP593024","11","16491","0.0382","0.2411","A"
"4","Trait5","FASTmrMLM","NsiI.TP593087","11","16492","0.09","0.6321","C"
"4","Trait5","FASTmrMLM","NsiI.TP593090","11","16493","-0.5503","2.1343","A"
"4","Trait5","FASTmrMLM","NsiI.TP593169","11","16495","1.7523e-05","0.0038","A"
"4","Trait5","FASTmrMLM","NsiI.TP593384","11","16498","1.2617e-05","0.0028","A"
"4","Trait5","FASTmrMLM","NsiI.TP593488","11","16500","-7.5119e-06","0.0016","G"
"4","Trait5","FASTmrMLM","NsiI.TP593646","11","16501","-2e-04","0.014","A"
"4","Trait5","FASTmrMLM","NsiI.TP593680","11","16502","1.7891e-06","4e-04","C"
"4","Trait5","FASTmrMLM","NsiI.TP593790","11","16503","9.8712e-07","2e-04","C"
"4","Trait5","FASTmrMLM","NsiI.TP593806","11","16504","-2.8542e-05","0.0063","A"
"4","Trait5","FASTmrMLM","NsiI.TP593841","11","16505","1.1644e-05","0.0025","C"
"4","Trait5","FASTmrMLM","NsiI.TP593923","11","16507","1.233e-05","0.0027","A"
"4","Trait5","FASTmrMLM","NsiI.TP593990","11","16509","-7.7732e-06","0.0017","A"
"4","Trait5","FASTmrMLM","NsiI.TP594165","11","16512","0.1553","0.9068","A"
"4","Trait5","FASTmrMLM","NsiI.TP594320","11","16513","1.3533e-05","0.003","C"
"4","Trait5","FASTmrMLM","NsiI.TP594384","11","16514","6.7171e-06","0.0015","C"
"4","Trait5","FASTmrMLM","NsiI.TP594414","11","16515","0.1284","1.0591","A"
"4","Trait5","FASTmrMLM","NsiI.TP594531","11","16516","0.2423","1.1528","C"
"4","Trait5","FASTmrMLM","NsiI.TP594561","11","16517","1.6307e-05","0.0036","C"
"4","Trait5","FASTmrMLM","NsiI.TP594686","11","16518","2.494e-05","0.0055","A"
"4","Trait5","FASTmrMLM","NsiI.TP594737","11","16519","-2.5282e-05","0.0055","C"
"4","Trait5","FASTmrMLM","NsiI.TP594811","11","16521","0.0741","0.3389","C"
"4","Trait5","FASTmrMLM","NsiI.TP594829","11","16522","7.3922e-07","2e-04","C"
"4","Trait5","FASTmrMLM","NsiI.TP594863","11","16524","0.0621","0.7331","A"
"4","Trait5","FASTmrMLM","NsiI.TP595006","11","16525","-1.1097e-05","0.0024","C"
"4","Trait5","FASTmrMLM","NsiI.TP595014","11","16526","-2.9915e-05","0.0066","A"
"4","Trait5","FASTmrMLM","NsiI.TP595109","11","16527","7.4658e-06","0.0016","C"
"4","Trait5","FASTmrMLM","NsiI.TP595384","11","16529","2.8425e-05","0.0062","A"
"4","Trait5","FASTmrMLM","NsiI.TP595390","11","16530","3.9476e-06","9e-04","A"
"4","Trait5","FASTmrMLM","NsiI.TP595658","11","16531","-1.5462e-05","0.0034","A"
"4","Trait5","FASTmrMLM","NsiI.TP595750","11","16532","0.0275","0.2173","G"
"4","Trait5","FASTmrMLM","NsiI.TP595901","11","16534","8.6884e-06","0.0019","C"
"4","Trait5","FASTmrMLM","NsiI.TP596197","11","16537","1.5244e-05","0.0033","A"
"4","Trait5","FASTmrMLM","NsiI.TP596267","11","16539","0.2025","1.4277","A"
"4","Trait5","FASTmrMLM","NsiI.TP596342","11","16540","7.7702e-06","0.0017","C"
"4","Trait5","FASTmrMLM","NsiI.TP596384","11","16541","-1.1938e-06","3e-04","A"
"4","Trait5","FASTmrMLM","NsiI.TP596396","11","16542","-0.0104","0.1163","A"
"4","Trait5","FASTmrMLM","NsiI.TP596563","11","16543","-3.8307e-06","8e-04","C"
"4","Trait5","FASTmrMLM","NsiI.TP596570","11","16544","-0.0805","0.8603","C"
"4","Trait5","FASTmrMLM","NsiI.TP596667","11","16545","1.8141e-05","0.004","A"
"4","Trait5","FASTmrMLM","NsiI.TP596706","11","16547","-0.0195","0.1444","A"
"4","Trait5","FASTmrMLM","NsiI.TP596730","11","16548","0.197","0.6347","C"
"4","Trait5","FASTmrMLM","NsiI.TP596740","11","16549","3e-04","0.0164","C"
"4","Trait5","FASTmrMLM","NsiI.TP596843","11","16550","-3.8114e-06","8e-04","A"
"4","Trait5","FASTmrMLM","NsiI.TP596942","11","16551","-5.1437e-05","0.0075","C"
"4","Trait5","FASTmrMLM","NsiI.TP596953","11","16552","-0.0476","0.4428","G"
"4","Trait5","FASTmrMLM","NsiI.TP596977","11","16553","1.8824e-05","0.0041","A"
"4","Trait5","FASTmrMLM","NsiI.TP597022","11","16554","-1.7802e-05","0.0039","A"
"4","Trait5","FASTmrMLM","NsiI.TP597108","11","16555","1.3351e-05","0.0029","A"
"4","Trait5","FASTmrMLM","NsiI.TP597128","11","16556","0.0262","0.3312","C"
"4","Trait5","FASTmrMLM","NsiI.TP597148","11","16557","-2.4552e-06","5e-04","A"
"4","Trait5","FASTmrMLM","NsiI.TP597883","11","16559","-1.1442e-05","0.0025","A"
"4","Trait5","FASTmrMLM","NsiI.TP597930","11","16560","-3.4387e-05","0.0075","A"
"4","Trait5","FASTmrMLM","NsiI.TP597932","11","16561","-1.1108e-05","0.0024","A"
"4","Trait5","FASTmrMLM","NsiI.TP598190","11","16562","0.0701","0.3843","A"
"4","Trait5","FASTmrMLM","NsiI.TP598195","11","16564","-2.7277e-05","0.006","A"
"4","Trait5","FASTmrMLM","NsiI.TP598196","11","16565","-0.1158","0.8789","C"
"4","Trait5","FASTmrMLM","NsiI.TP598360","11","16566","-1.4924e-06","3e-04","A"
"4","Trait5","FASTmrMLM","NsiI.TP600920","11","16571","9.5501e-06","0.0021","A"
"4","Trait5","FASTmrMLM","NsiI.TP600968","11","16572","-0.0533","0.6857","C"
"4","Trait5","FASTmrMLM","NsiI.TP601016","11","16573","-3.5927e-05","0.0079","C"
"4","Trait5","FASTmrMLM","NsiI.TP601367","11","16575","-1.2651e-05","0.0028","C"
"4","Trait5","FASTmrMLM","NsiI.TP601392","11","16576","-3.0577e-05","0.0043","A"
"4","Trait5","FASTmrMLM","NsiI.TP601395","11","16577","-0.0363","0.3671","A"
"4","Trait5","FASTmrMLM","NsiI.TP601413","11","16579","7.732e-06","0.0017","A"
"4","Trait5","FASTmrMLM","NsiI.TP601451","11","16580","0.0576","0.5941","G"
"4","Trait5","FASTmrMLM","NsiI.TP601527","11","16581","8.4933e-06","0.0019","C"
"4","Trait5","FASTmrMLM","NsiI.TP601558","11","16582","0.0773","0.8382","C"
"4","Trait5","FASTmrMLM","NsiI.TP601669","11","16583","-0.1313","0.848","G"
"4","Trait5","FASTmrMLM","NsiI.TP601760","11","16584","2.8318e-06","6e-04","A"
"4","Trait5","FASTmrMLM","NsiI.TP601900","11","16586","-1.2592e-05","0.0027","A"
"4","Trait5","FASTmrMLM","NsiI.TP602038","11","16589","1.7142e-05","0.0037","A"
"4","Trait5","FASTmrMLM","NsiI.TP602124","11","16590","-1.9137e-05","0.0042","C"
"4","Trait5","FASTmrMLM","NsiI.TP602239","11","16592","1.7177e-05","0.0038","C"
"4","Trait5","FASTmrMLM","NsiI.TP602555","11","16594","-3e-04","0.0143","A"
"4","Trait5","FASTmrMLM","NsiI.TP602795","11","16596","-1.106e-05","0.0024","A"
"4","Trait5","FASTmrMLM","NsiI.TP603177","11","16598","-9.3642e-06","0.002","A"
"4","Trait5","FASTmrMLM","NsiI.TP603324","11","16601","-0.0152","0.1751","C"
"4","Trait5","FASTmrMLM","NsiI.TP603331","11","16602","-6.9771e-06","0.0015","A"
"4","Trait5","FASTmrMLM","NsiI.TP603392","11","16603","8.4887e-06","0.0019","C"
"4","Trait5","FASTmrMLM","NsiI.TP603431","11","16604","-1.4897e-05","0.0033","C"
"4","Trait5","FASTmrMLM","NsiI.TP603605","11","16605","0.0287","0.3768","C"
"4","Trait5","FASTmrMLM","NsiI.TP603896","11","16606","-4.3982e-06","0.001","C"
"4","Trait5","FASTmrMLM","NsiI.TP604461","11","16608","2.5836e-05","0.0057","A"
"4","Trait5","FASTmrMLM","NsiI.TP604674","11","16609","4.9805e-06","0.0011","C"
"4","Trait5","FASTmrMLM","NsiI.TP604677","11","16610","-0.0849","0.4099","C"
"4","Trait5","FASTmrMLM","NsiI.TP604699","11","16612","1.6873e-06","4e-04","A"
"4","Trait5","FASTmrMLM","NsiI.TP604818","11","16613","0.118","1.1081","C"
"4","Trait5","FASTmrMLM","NsiI.TP604856","11","16614","-0.1109","0.7756","C"
"4","Trait5","FASTmrMLM","NsiI.TP604867","11","16615","4.7712e-06","0.001","C"
"4","Trait5","FASTmrMLM","NsiI.TP604879","11","16616","-2.5076e-06","5e-04","A"
"4","Trait5","FASTmrMLM","NsiI.TP606622","11","16617","-6.3226e-06","0.0014","C"
"4","Trait5","FASTmrMLM","NsiI.TP607129","11","16619","-2.1035e-06","5e-04","C"
"4","Trait5","FASTmrMLM","NsiI.TP607236","11","16621","0.0345","0.4404","A"
"4","Trait5","FASTmrMLM","NsiI.TP607301","11","16622","-4.4662e-05","0.0098","C"
"4","Trait5","FASTmrMLM","NsiI.TP607388","11","16623","9.5133e-06","0.0021","C"
"4","Trait5","FASTmrMLM","NsiI.TP607501","11","16624","-1.4212e-05","0.0031","C"
"4","Trait5","FASTmrMLM","NsiI.TP607518","11","16625","2.1948e-05","0.0048","A"
"4","Trait5","FASTmrMLM","NsiI.TP607584","11","16627","-2.7153e-05","0.006","A"
"4","Trait5","FASTmrMLM","NsiI.TP607652","11","16628","1.2617e-05","0.0028","A"
"4","Trait5","FASTmrMLM","NsiI.TP607896","11","16630","3.2193e-06","7e-04","C"
"4","Trait5","FASTmrMLM","NsiI.TP607913","11","16631","-4.6185e-06","0.001","A"
"4","Trait5","FASTmrMLM","NsiI.TP607946","11","16632","3e-04","0.0149","A"
"4","Trait5","FASTmrMLM","NsiI.TP607962","11","16633","8.0668e-06","0.0018","C"
"4","Trait5","FASTmrMLM","NsiI.TP608096","11","16635","0.0064","0.0849","C"
"4","Trait5","FASTmrMLM","NsiI.TP608141","11","16636","-9.4118e-06","0.0021","A"
"4","Trait5","FASTmrMLM","NsiI.TP608142","11","16637","-1.8437e-05","0.004","C"
"4","Trait5","FASTmrMLM","NsiI.TP608212","11","16638","1.3346e-06","3e-04","A"
"4","Trait5","FASTmrMLM","NsiI.TP608296","11","16639","0.0391","0.328","C"
"4","Trait5","FASTmrMLM","NsiI.TP608905","11","16642","7.6294e-06","0.0017","C"
"4","Trait5","FASTmrMLM","NsiI.TP608909","11","16643","-1.4483e-05","0.0032","C"
"4","Trait5","FASTmrMLM","NsiI.TP608990","11","16644","1.4028e-06","3e-04","A"
"4","Trait5","FASTmrMLM","NsiI.TP609177","11","16646","1.2052e-05","0.0026","A"
"4","Trait5","FASTmrMLM","NsiI.TP609205","11","16649","-8.45e-06","0.0018","A"
"4","Trait5","FASTmrMLM","NsiI.TP609371","11","16650","-0.0834","0.4418","C"
"4","Trait5","FASTmrMLM","NsiI.TP609460","11","16651","-3.3101e-05","0.0073","A"
"4","Trait5","FASTmrMLM","NsiI.TP609518","11","16652","-2.4315e-05","0.0053","G"
"4","Trait5","FASTmrMLM","NsiI.TP609527","11","16653","-4.7183e-06","0.001","A"
"4","Trait5","FASTmrMLM","NsiI.TP609545","11","16654","-6.59e-07","1e-04","C"
"4","Trait5","FASTmrMLM","NsiI.TP609571","11","16656","0.1296","1.6488","C"
"4","Trait5","FASTmrMLM","NsiI.TP609614","11","16658","0.2627","0.8427","A"
"4","Trait5","FASTmrMLM","NsiI.TP609765","11","16661","1.2565e-05","0.0027","G"
"4","Trait5","FASTmrMLM","NsiI.TP609786","11","16662","2.4405e-05","0.0053","C"
"4","Trait5","FASTmrMLM","NsiI.TP610250","11","16665","0.0627","0.4835","C"
"4","Trait5","FASTmrMLM","NsiI.TP610773","11","16669","6.0902e-06","0.0013","A"
"4","Trait5","FASTmrMLM","NsiI.TP610781","11","16670","2.4586e-05","0.0054","A"
"4","Trait5","FASTmrMLM","NsiI.TP610792","11","16671","0.1188","0.5346","A"
"4","Trait5","FASTmrMLM","NsiI.TP610850","11","16672","-0.0378","0.44","C"
"4","Trait5","FASTmrMLM","NsiI.TP610903","11","16674","-0.1433","0.6706","C"
"4","Trait5","FASTmrMLM","NsiI.TP610931","11","16675","0.0308","0.228","A"
"4","Trait5","FASTmrMLM","NsiI.TP610964","11","16676","-1.3912e-05","0.003","C"
"4","Trait5","FASTmrMLM","NsiI.TP610976","11","16677","5.6404e-05","0.0073","A"
"4","Trait5","FASTmrMLM","NsiI.TP611071","11","16678","0.1274","0.5259","C"
"4","Trait5","FASTmrMLM","NsiI.TP611072","11","16679","1.5759e-06","3e-04","A"
"4","Trait5","FASTmrMLM","NsiI.TP611104","11","16680","2.148e-05","0.0047","C"
"4","Trait5","FASTmrMLM","NsiI.TP611113","11","16681","-2.3463e-06","5e-04","A"
"4","Trait5","FASTmrMLM","NsiI.TP611124","11","16682","-6.6852e-06","0.0015","C"
"4","Trait5","FASTmrMLM","NsiI.TP611127","11","16683","2.7106e-05","0.0059","A"
"4","Trait5","FASTmrMLM","NsiI.TP611135","11","16684","-7.7869e-06","0.0017","C"
"4","Trait5","FASTmrMLM","NsiI.TP611205","11","16686","-7.8811e-06","0.0017","A"
"4","Trait5","FASTmrMLM","NsiI.TP611218","11","16687","9.0353e-06","0.002","G"
"4","Trait5","FASTmrMLM","NsiI.TP611274","11","16688","-0.1044","1.362","C"
"4","Trait5","FASTmrMLM","NsiI.TP611360","11","16689","-4.2865e-06","9e-04","A"
"4","Trait5","FASTmrMLM","NsiI.TP611579","11","16691","-0.1209","1.0139","C"
"4","Trait5","FASTmrMLM","NsiI.TP611679","11","16692","-1.8381e-05","0.004","A"
"4","Trait5","FASTmrMLM","NsiI.TP611723","11","16693","-0.0531","0.5386","A"
"4","Trait5","FASTmrMLM","NsiI.TP611766","11","16695","-2.5453e-05","0.0056","C"
"4","Trait5","FASTmrMLM","NsiI.TP611846","11","16697","1.1026e-06","2e-04","C"
"4","Trait5","FASTmrMLM","NsiI.TP611938","11","16698","-1.2828e-05","0.0028","G"
"4","Trait5","FASTmrMLM","NsiI.TP611990","11","16699","2.6957e-06","6e-04","C"
"4","Trait5","FASTmrMLM","NsiI.TP612538","11","16700","-1.8267e-05","0.004","A"
"4","Trait5","FASTmrMLM","NsiI.TP612544","11","16701","1.6971e-06","4e-04","A"
"4","Trait5","FASTmrMLM","NsiI.TP613067","11","16703","-0.0392","0.2983","A"
"4","Trait5","FASTmrMLM","NsiI.TP613613","11","16704","1.8388e-06","4e-04","A"
"4","Trait5","FASTmrMLM","NsiI.TP613708","11","16706","-2.1942e-05","0.0048","A"
"4","Trait5","FASTmrMLM","NsiI.TP615056","11","16710","1.3224e-05","0.0029","A"
"4","Trait5","FASTmrMLM","NsiI.TP615077","11","16711","-8.4501e-06","0.0018","C"
"4","Trait5","FASTmrMLM","NsiI.TP615209","11","16712","2.9106e-05","0.0064","A"
"4","Trait5","FASTmrMLM","NsiI.TP615287","11","16713","1.733e-05","0.0038","A"
"4","Trait5","FASTmrMLM","NsiI.TP615471","11","16714","-8.3854e-06","0.0018","C"
"4","Trait5","FASTmrMLM","NsiI.TP615473","11","16715","1.5621e-05","0.0034","C"
"4","Trait5","FASTmrMLM","NsiI.TP615582","11","16716","-3.0523e-05","0.0067","A"
"4","Trait5","FASTmrMLM","NsiI.TP615728","11","16717","-1.6492e-06","4e-04","A"
"4","Trait5","FASTmrMLM","NsiI.TP615800","11","16718","0.0673","0.8014","C"
"4","Trait5","FASTmrMLM","NsiI.TP615914","11","16719","-3.2232e-05","0.0071","C"
"4","Trait5","FASTmrMLM","NsiI.TP615964","11","16720","-1.3178e-05","0.0029","C"
"4","Trait5","FASTmrMLM","NsiI.TP615967","11","16721","0.0494","0.5366","C"
"4","Trait5","FASTmrMLM","NsiI.TP616142","11","16722","-1.6879e-05","0.0037","A"
"4","Trait5","FASTmrMLM","NsiI.TP616246","11","16724","0.0835","0.4377","A"
"4","Trait5","FASTmrMLM","NsiI.TP616283","11","16725","2.0814e-05","0.0046","C"
"4","Trait5","FASTmrMLM","NsiI.TP616299","11","16726","8.4437e-08","1.8377e-05","A"
"4","Trait5","FASTmrMLM","NsiI.TP616403","11","16728","-0.0513","0.3741","A"
"4","Trait5","FASTmrMLM","NsiI.TP616493","11","16729","3.0171e-05","0.0066","A"
"4","Trait5","FASTmrMLM","NsiI.TP616532","11","16731","-3.1886e-05","0.007","C"
"4","Trait5","FASTmrMLM","NsiI.TP616540","11","16732","-2.3054e-05","0.005","A"
"4","Trait5","FASTmrMLM","NsiI.TP616969","11","16736","-3.4009e-05","0.0075","C"
"4","Trait5","FASTmrMLM","NsiI.TP617041","11","16737","-6.2057e-06","0.0014","C"
"4","Trait5","FASTmrMLM","NsiI.TP617054","11","16738","-3.0193e-05","0.0066","C"
"4","Trait5","FASTmrMLM","NsiI.TP617179","11","16740","3.2833e-05","0.0072","A"
"4","Trait5","FASTmrMLM","NsiI.TP617340","11","16741","4.6414e-06","0.001","A"
"4","Trait5","FASTmrMLM","NsiI.TP617432","11","16742","1.7719e-06","4e-04","G"
"4","Trait5","FASTmrMLM","NsiI.TP617560","11","16745","1.7292e-05","0.0038","A"
"4","Trait5","FASTmrMLM","NsiI.TP617608","11","16746","-3.8156e-05","0.0084","G"
"4","Trait5","FASTmrMLM","NsiI.TP617738","11","16748","-2.0328e-05","0.0044","A"
"4","Trait5","FASTmrMLM","NsiI.TP617855","11","16750","-7.145e-06","0.0016","C"
"4","Trait5","FASTmrMLM","NsiI.TP617948","11","16752","-4.364e-06","0.001","A"
"4","Trait5","FASTmrMLM","NsiI.TP618002","11","16754","-2.4262e-05","0.0053","A"
"4","Trait5","FASTmrMLM","NsiI.TP618047","11","16755","0.0442","0.483","G"
"4","Trait5","FASTmrMLM","NsiI.TP618096","11","16756","0.155","1.7222","A"
"4","Trait5","FASTmrMLM","NsiI.TP618185","11","16758","-1e-04","0.0087","A"
"4","Trait5","FASTmrMLM","NsiI.TP618265","11","16759","0.0696","0.8564","C"
"4","Trait5","FASTmrMLM","NsiI.TP618276","11","16760","2.6468e-06","6e-04","C"
"4","Trait5","FASTmrMLM","NsiI.TP618554","11","16763","-0.1832","1.4798","A"
"4","Trait5","FASTmrMLM","NsiI.TP618658","11","16764","1.0032e-05","0.0022","A"
"4","Trait5","FASTmrMLM","NsiI.TP618714","11","16765","-5.3218e-05","0.006","G"
"4","Trait5","FASTmrMLM","NsiI.TP618816","11","16766","0.0512","0.5489","A"
"4","Trait5","FASTmrMLM","NsiI.TP618870","11","16767","0.0886","0.5348","C"
"4","Trait5","FASTmrMLM","NsiI.TP619083","11","16769","-1.7621e-06","4e-04","G"
"4","Trait5","FASTmrMLM","NsiI.TP619165","11","16771","2.9797e-05","0.0065","C"
"4","Trait5","FASTmrMLM","NsiI.TP619167","11","16772","6.4024e-06","0.0014","A"
"4","Trait5","FASTmrMLM","NsiI.TP619675","11","16774","-0.0686","0.5337","C"
"4","Trait5","FASTmrMLM","NsiI.TP619767","11","16775","1.2168e-05","0.0027","G"
"4","Trait5","FASTmrMLM","NsiI.TP619800","11","16776","-0.0125","0.1512","C"
"4","Trait5","FASTmrMLM","NsiI.TP619807","11","16777","2.0122e-06","4e-04","C"
"4","Trait5","FASTmrMLM","NsiI.TP619851","11","16778","0.0383","0.3571","A"
"4","Trait5","FASTmrMLM","NsiI.TP619878","11","16780","-6.5665e-06","0.0014","A"
"4","Trait5","FASTmrMLM","NsiI.TP619989","11","16781","1.2498e-05","0.0027","C"
"4","Trait5","FASTmrMLM","NsiI.TP620047","11","16782","1.0747e-05","0.0023","A"
"4","Trait5","FASTmrMLM","NsiI.TP620138","11","16783","-3.8616e-05","0.0085","A"
"4","Trait5","FASTmrMLM","NsiI.TP620139","11","16784","-0.0108","0.1763","C"
"4","Trait5","FASTmrMLM","NsiI.TP620141","11","16785","0.059","0.7453","C"
"4","Trait5","FASTmrMLM","NsiI.TP620182","11","16786","1.9612e-05","0.0043","G"
"4","Trait5","FASTmrMLM","NsiI.TP620337","11","16789","0.0728","0.4746","C"
"4","Trait5","FASTmrMLM","NsiI.TP620448","11","16791","0.0836","0.6709","C"
"4","Trait5","FASTmrMLM","NsiI.TP620450","11","16792","-4.2756e-06","9e-04","G"
"4","Trait5","FASTmrMLM","NsiI.TP620545","11","16793","-1.2207e-05","0.0027","A"
"4","Trait5","FASTmrMLM","NsiI.TP620558","11","16794","-0.1405","1.1229","C"
"4","Trait5","FASTmrMLM","NsiI.TP620599","11","16795","3.8501e-05","0.0085","C"
"4","Trait5","FASTmrMLM","NsiI.TP620600","11","16796","0.1015","0.377","C"
"4","Trait5","FASTmrMLM","NsiI.TP620671","11","16798","0.2157","2.4984","A"
"4","Trait5","FASTmrMLM","NsiI.TP620723","11","16799","9.1404e-06","0.002","C"
"4","Trait5","FASTmrMLM","NsiI.TP620901","11","16801","0.0031","0.0532","A"
"4","Trait5","FASTmrMLM","NsiI.TP620940","11","16802","-1.4575e-06","3e-04","A"
"4","Trait5","FASTmrMLM","NsiI.TP621015","11","16805","2.81e-05","0.0062","C"
"4","Trait5","FASTmrMLM","NsiI.TP621156","11","16806","-0.1555","0.5408","C"
"4","Trait5","FASTmrMLM","NsiI.TP621177","11","16807","-2.5031e-06","5e-04","A"
"4","Trait5","FASTmrMLM","NsiI.TP621289","11","16808","-1.4231e-05","0.0031","A"
"4","Trait5","FASTmrMLM","NsiI.TP621298","11","16809","0.1183","1.8412","C"
"4","Trait5","FASTmrMLM","NsiI.TP621335","11","16810","-1.1867e-05","0.0026","A"
"4","Trait5","FASTmrMLM","NsiI.TP621494","11","16811","-5.4893e-06","0.0012","C"
"4","Trait5","FASTmrMLM","NsiI.TP621499","11","16812","-3.2696e-05","0.0072","A"
"4","Trait5","FASTmrMLM","NsiI.TP621727","11","16816","0.0385","0.3528","A"
"4","Trait5","FASTmrMLM","NsiI.TP621756","11","16817","2.3669e-05","0.0052","G"
"4","Trait5","FASTmrMLM","NsiI.TP621807","11","16818","-2.1189e-05","0.0046","C"
"4","Trait5","FASTmrMLM","NsiI.TP621861","11","16819","-0.0184","0.2785","A"
"4","Trait5","FASTmrMLM","NsiI.TP621865","11","16820","-6.6095e-06","0.0014","C"
"4","Trait5","FASTmrMLM","NsiI.TP621883","11","16821","4.0181e-05","0.0088","C"
"4","Trait5","FASTmrMLM","NsiI.TP622197","11","16824","0.0868","0.543","C"
"4","Trait5","FASTmrMLM","NsiI.TP622210","11","16825","2.7057e-05","0.0059","A"
"4","Trait5","FASTmrMLM","NsiI.TP622223","11","16826","7.7057e-06","0.0017","C"
"4","Trait5","FASTmrMLM","NsiI.TP622294","11","16827","0.0373","0.2475","C"
"4","Trait5","FASTmrMLM","NsiI.TP622327","11","16828","-0.0476","0.2739","C"
"4","Trait5","FASTmrMLM","NsiI.TP622363","11","16830","-0.1144","0.9602","C"
"4","Trait5","FASTmrMLM","NsiI.TP622377","11","16831","-0.0056","0.1174","C"
"4","Trait5","FASTmrMLM","NsiI.TP622441","11","16832","-0.0601","0.5582","A"
"4","Trait5","FASTmrMLM","NsiI.TP622504","11","16835","-1.6066e-05","0.0035","C"
"4","Trait5","FASTmrMLM","NsiI.TP622507","11","16837","-1.2502e-05","0.0027","A"
"4","Trait5","FASTmrMLM","NsiI.TP622513","11","16838","-0.0181","0.2895","A"
"4","Trait5","FASTmrMLM","NsiI.TP622532","11","16839","-3.4644e-05","0.0076","C"
"4","Trait5","FASTmrMLM","NsiI.TP622649","11","16840","1.6081e-05","0.0035","C"
"4","Trait5","FASTmrMLM","NsiI.TP622680","11","16841","-0.12","0.7927","C"
"4","Trait5","FASTmrMLM","NsiI.TP622818","11","16842","-3.333e-05","0.0073","A"
"4","Trait5","FASTmrMLM","NsiI.TP622964","11","16843","-9.2344e-07","2e-04","C"
"4","Trait5","FASTmrMLM","NsiI.TP622970","11","16844","3.8952e-06","8e-04","A"
"4","Trait5","FASTmrMLM","NsiI.TP623050","11","16846","0.0313","0.4097","C"
"4","Trait5","FASTmrMLM","NsiI.TP623086","11","16847","-0.0998","1.0117","A"
"4","Trait5","FASTmrMLM","NsiI.TP623198","11","16849","-3.3675e-05","0.0074","C"
"4","Trait5","FASTmrMLM","NsiI.TP623361","11","16851","3.2666e-06","7e-04","A"
"4","Trait5","FASTmrMLM","NsiI.TP623388","11","16852","0.0864","0.5689","A"
"4","Trait5","FASTmrMLM","NsiI.TP623450","11","16855","-0.064","0.7192","C"
"4","Trait5","FASTmrMLM","NsiI.TP623618","11","16856","-8.6009e-06","0.0019","A"
"4","Trait5","FASTmrMLM","NsiI.TP623743","11","16857","-5.5613e-06","0.0012","C"
"4","Trait5","FASTmrMLM","NsiI.TP623979","11","16859","0.0705","0.5125","A"
"4","Trait5","FASTmrMLM","NsiI.TP624085","11","16861","-0.0885","0.49","C"
"4","Trait5","FASTmrMLM","NsiI.TP624247","11","16862","2.3094e-05","0.0051","A"
"4","Trait5","FASTmrMLM","NsiI.TP624292","11","16863","-1.3523e-06","3e-04","A"
"4","Trait5","FASTmrMLM","NsiI.TP624322","11","16864","-0.048","0.4272","G"
"4","Trait5","FASTmrMLM","NsiI.TP624417","11","16865","6.963e-06","0.0015","A"
"4","Trait5","FASTmrMLM","NsiI.TP624482","11","16866","-0.28","1.8012","A"
"4","Trait5","FASTmrMLM","NsiI.TP624483","11","16867","-1.1256e-05","0.0025","C"
"4","Trait5","FASTmrMLM","NsiI.TP624695","11","16869","0.0847","0.7387","G"
"4","Trait5","FASTmrMLM","NsiI.TP624734","11","16871","0.1475","0.5182","C"
"4","Trait5","FASTmrMLM","NsiI.TP625104","11","16876","6.8792e-07","1e-04","C"
"4","Trait5","FASTmrMLM","NsiI.TP625137","11","16877","-1.1705e-05","0.0026","G"
"4","Trait5","FASTmrMLM","NsiI.TP625145","11","16878","4.4156e-05","0.0097","C"
"4","Trait5","FASTmrMLM","NsiI.TP625214","11","16880","-1.1956e-05","0.0026","C"
"4","Trait5","FASTmrMLM","NsiI.TP625373","11","16881","0.0184","0.2479","C"
"4","Trait5","FASTmrMLM","NsiI.TP625381","11","16882","-0.0136","0.2248","C"
"4","Trait5","FASTmrMLM","NsiI.TP625624","11","16883","-2.9521e-05","0.0065","G"
"4","Trait5","FASTmrMLM","NsiI.TP625723","11","16884","9.0235e-06","0.002","C"
"4","Trait5","FASTmrMLM","NsiI.TP625743","11","16885","7.6451e-06","0.0017","C"
"4","Trait5","FASTmrMLM","NsiI.TP625795","11","16887","-0.2075","1.4655","G"
"4","Trait5","FASTmrMLM","NsiI.TP625900","11","16888","1.2637e-07","2.75e-05","C"
"4","Trait5","FASTmrMLM","NsiI.TP626163","11","16889","1.2803e-05","0.0028","A"
"4","Trait5","FASTmrMLM","NsiI.TP626522","11","16890","0.018","0.2626","G"
"4","Trait5","FASTmrMLM","NsiI.TP626524","11","16891","1.2655e-05","0.0028","A"
"4","Trait5","FASTmrMLM","NsiI.TP626704","11","16894","-5.5194e-06","0.0012","C"
"4","Trait5","FASTmrMLM","NsiI.TP626842","11","16895","1.1716e-05","0.0026","C"
"4","Trait5","FASTmrMLM","NsiI.TP626894","11","16896","0.0996","0.6","A"
"4","Trait5","FASTmrMLM","NsiI.TP626924","11","16898","-8.3191e-06","0.0018","A"
"4","Trait5","FASTmrMLM","NsiI.TP626945","11","16899","2.2862e-05","0.005","G"
"4","Trait5","FASTmrMLM","NsiI.TP627014","11","16901","7.5223e-06","0.0016","C"
"4","Trait5","FASTmrMLM","NsiI.TP627071","11","16902","1.482e-05","0.0032","C"
"4","Trait5","FASTmrMLM","NsiI.TP627159","11","16903","-0.1243","0.9684","C"
"4","Trait5","FASTmrMLM","NsiI.TP627181","11","16905","-1.6944e-05","0.0037","C"
"4","Trait5","FASTmrMLM","NsiI.TP627349","11","16906","0.0798","0.4753","C"
"4","Trait5","FASTmrMLM","NsiI.TP627509","11","16908","0.0769","0.9112","A"
"4","Trait5","FASTmrMLM","NsiI.TP627519","11","16909","-9.5782e-06","0.0021","G"
"4","Trait5","FASTmrMLM","NsiI.TP627527","11","16910","-8.9365e-06","0.0019","C"
"4","Trait5","FASTmrMLM","NsiI.TP627577","11","16912","1.7596e-05","0.0038","C"
"4","Trait5","FASTmrMLM","NsiI.TP627855","11","16914","0.0748","0.4823","A"
"4","Trait5","FASTmrMLM","NsiI.TP627893","11","16915","1.2654e-05","0.0028","A"
"4","Trait5","FASTmrMLM","NsiI.TP627935","11","16916","0.015","0.1697","C"
"4","Trait5","FASTmrMLM","NsiI.TP628025","11","16917","2.6223e-05","0.0057","A"
"4","Trait5","FASTmrMLM","NsiI.TP628103","11","16918","-7.4927e-07","2e-04","C"
"4","Trait5","FASTmrMLM","NsiI.TP628269","11","16919","0.328","0.911","C"
"4","Trait5","FASTmrMLM","NsiI.TP628518","11","16921","-1.51e-05","0.0033","C"
"4","Trait5","FASTmrMLM","NsiI.TP628562","11","16922","-0.3475","2.6854","C"
"4","Trait5","FASTmrMLM","NsiI.TP628570","11","16923","6.7314e-06","0.0015","A"
"4","Trait5","FASTmrMLM","NsiI.TP628599","11","16924","1.0713e-05","0.0023","A"
"4","Trait5","FASTmrMLM","NsiI.TP628612","11","16925","0.0314","0.2222","C"
"4","Trait5","FASTmrMLM","NsiI.TP628682","11","16926","6.1269e-06","0.0013","A"
"4","Trait5","FASTmrMLM","NsiI.TP628722","11","16928","4.0444e-06","9e-04","G"
"4","Trait5","FASTmrMLM","NsiI.TP628801","11","16929","-1.2314e-05","0.0027","C"
"4","Trait5","FASTmrMLM","NsiI.TP628802","11","16930","0.0511","0.4998","C"
"4","Trait5","FASTmrMLM","NsiI.TP628916","11","16932","-7.2978e-06","0.0016","A"
"4","Trait5","FASTmrMLM","NsiI.TP628924","11","16933","7.5665e-06","0.0016","A"
"4","Trait5","FASTmrMLM","NsiI.TP629018","11","16934","1.9892e-05","0.0044","G"
"4","Trait5","FASTmrMLM","NsiI.TP629207","11","16935","-5.1225e-06","0.0011","C"
"4","Trait5","FASTmrMLM","NsiI.TP629372","11","16938","5.155e-06","0.0011","C"
"4","Trait5","FASTmrMLM","NsiI.TP629640","11","16939","-1.719e-05","0.0038","C"
"4","Trait5","FASTmrMLM","NsiI.TP630035","11","16943","6.937e-06","0.0015","C"
"4","Trait5","FASTmrMLM","NsiI.TP630101","11","16945","5.7883e-06","0.0013","A"
"4","Trait5","FASTmrMLM","NsiI.TP630228","11","16946","-7.9909e-06","0.0017","G"
"4","Trait5","FASTmrMLM","NsiI.TP630333","11","16949","-0.0088","0.1599","A"
"4","Trait5","FASTmrMLM","NsiI.TP630542","11","16952","-4.0612e-07","8.8403e-05","A"
"4","Trait5","FASTmrMLM","NsiI.TP630637","11","16953","-0.1211","1.456","C"
"4","Trait5","FASTmrMLM","NsiI.TP630660","11","16954","-1.7655e-05","0.0039","A"
"4","Trait5","FASTmrMLM","NsiI.TP630711","11","16955","-2.1465e-05","0.0047","A"
"4","Trait5","FASTmrMLM","NsiI.TP630782","11","16957","-3.6513e-06","8e-04","A"
"4","Trait5","FASTmrMLM","NsiI.TP631012","11","16959","-8.6794e-06","0.0019","C"
"4","Trait5","FASTmrMLM","NsiI.TP631106","11","16960","-0.0223","0.2109","A"
"4","Trait5","FASTmrMLM","NsiI.TP631116","11","16961","-2.0522e-05","0.0045","G"
"4","Trait5","FASTmrMLM","NsiI.TP631170","11","16963","-1.7141e-05","0.0037","A"
"4","Trait5","FASTmrMLM","NsiI.TP631361","11","16965","1.1306e-05","0.0025","C"
"4","Trait5","FASTmrMLM","NsiI.TP631391","11","16966","3.2584e-05","0.0072","C"
"4","Trait5","FASTmrMLM","NsiI.TP631402","11","16967","1.2461e-05","0.0027","C"
"4","Trait5","FASTmrMLM","NsiI.TP631576","11","16969","0.0077","0.1602","A"
"4","Trait5","FASTmrMLM","NsiI.TP631761","11","16970","-2.4675e-05","0.0054","A"
"4","Trait5","FASTmrMLM","NsiI.TP631875","11","16972","-0.3664","1.4365","A"
"4","Trait5","FASTmrMLM","NsiI.TP631881","11","16973","-1.6981e-05","0.0037","C"
"4","Trait5","FASTmrMLM","NsiI.TP631905","11","16974","-1e-04","0.0107","A"
"4","Trait5","FASTmrMLM","NsiI.TP631918","11","16975","2.8114e-05","0.0062","C"
"4","Trait5","FASTmrMLM","NsiI.TP631937","11","16976","-8.4575e-07","2e-04","C"
"4","Trait5","FASTmrMLM","NsiI.TP631975","11","16977","-8.407e-06","0.0018","A"
"4","Trait5","FASTmrMLM","NsiI.TP631981","11","16978","1.5058e-05","0.0033","A"
"4","Trait5","FASTmrMLM","NsiI.TP631987","11","16979","1.3903e-06","3e-04","C"
"4","Trait5","FASTmrMLM","NsiI.TP632032","11","16980","-3.3576e-05","0.0074","C"
"4","Trait5","FASTmrMLM","NsiI.TP632088","11","16982","-4.5884e-07","9.9862e-05","A"
"4","Trait5","FASTmrMLM","NsiI.TP632118","11","16984","-0.1045","0.9576","C"
"4","Trait5","FASTmrMLM","NsiI.TP632170","11","16985","1.3193e-05","0.0029","C"
"4","Trait5","FASTmrMLM","NsiI.TP632320","11","16986","9.3138e-06","0.002","C"
"4","Trait5","FASTmrMLM","NsiI.TP632492","11","16988","0.1751","1.0223","C"
"4","Trait5","FASTmrMLM","NsiI.TP632540","11","16989","-5.514e-06","0.0012","G"
"4","Trait5","FASTmrMLM","NsiI.TP632698","11","16992","-0.1278","0.7855","G"
"4","Trait5","FASTmrMLM","NsiI.TP632700","11","16993","-0.0204","0.1625","G"
"4","Trait5","FASTmrMLM","NsiI.TP632743","11","16994","-0.0405","0.3666","C"
"4","Trait5","FASTmrMLM","NsiI.TP632756","11","16995","1.7795e-05","0.0039","A"
"4","Trait5","FASTmrMLM","NsiI.TP632953","11","16997","-0.0599","0.5864","C"
"4","Trait5","FASTmrMLM","NsiI.TP632968","11","16998","-0.0223","0.2156","G"
"4","Trait5","FASTmrMLM","NsiI.TP633048","11","16999","9.1272e-05","0.0079","C"
"4","Trait5","FASTmrMLM","NsiI.TP633064","11","17000","-1.4559e-05","0.0032","A"
"4","Trait5","FASTmrMLM","NsiI.TP633149","11","17001","2.9374e-06","6e-04","A"
"4","Trait5","FASTmrMLM","NsiI.TP633470","11","17004","-0.1675","0.9851","A"
"4","Trait5","FASTmrMLM","NsiI.TP634014","11","17006","1.1926e-05","0.0026","C"
"4","Trait5","FASTmrMLM","NsiI.TP634032","11","17007","-1.8007e-05","0.0039","A"
"4","Trait5","FASTmrMLM","NsiI.TP634100","11","17008","-1.3942e-05","0.003","A"
"4","Trait5","FASTmrMLM","NsiI.TP634106","11","17009","-0.0151","0.1538","A"
"4","Trait5","FASTmrMLM","NsiI.TP634156","11","17010","1.4706e-05","0.0032","A"
"4","Trait5","FASTmrMLM","NsiI.TP634322","11","17012","-4e-04","0.017","A"
"4","Trait5","FASTmrMLM","NsiI.TP634377","11","17014","-3.6458e-06","8e-04","A"
"4","Trait5","FASTmrMLM","NsiI.TP634454","11","17015","6.3728e-06","0.0014","A"
"4","Trait5","FASTmrMLM","NsiI.TP634475","11","17016","-0.2311","1.172","C"
"4","Trait5","FASTmrMLM","NsiI.TP634496","11","17018","0.1921","0.8996","C"
"4","Trait5","FASTmrMLM","NsiI.TP634662","11","17019","3.0967e-05","0.0068","A"
"4","Trait5","FASTmrMLM","NsiI.TP634712","11","17020","-2.2314e-05","0.0049","A"
"4","Trait5","FASTmrMLM","NsiI.TP634730","11","17022","0.2023","1.1747","A"
"4","Trait5","FASTmrMLM","NsiI.TP634817","11","17023","1.1122e-05","0.0024","A"
"4","Trait5","FASTmrMLM","NsiI.TP634919","11","17024","-0.0432","0.4985","C"
"4","Trait5","FASTmrMLM","NsiI.TP634956","11","17025","-3.8232e-05","0.0084","C"
"4","Trait5","FASTmrMLM","NsiI.TP634969","11","17026","-0.0372","0.3617","C"
"4","Trait5","FASTmrMLM","NsiI.TP635090","11","17028","9.3259e-06","0.002","A"
"4","Trait5","FASTmrMLM","NsiI.TP635451","11","17030","-1.0605e-05","0.0023","A"
"4","Trait5","FASTmrMLM","NsiI.TP635629","11","17033","1.0375e-06","2e-04","C"
"4","Trait5","FASTmrMLM","NsiI.TP635660","11","17034","-0.4252","1.5351","C"
"4","Trait5","FASTmrMLM","NsiI.TP635670","11","17035","-3.6317e-06","8e-04","C"
"4","Trait5","FASTmrMLM","NsiI.TP635869","11","17037","1.8186e-05","0.004","C"
"4","Trait5","FASTmrMLM","NsiI.TP635963","11","17038","-1.7557e-05","0.0038","A"
"4","Trait5","FASTmrMLM","NsiI.TP636045","11","17041","8.4228e-07","2e-04","C"
"4","Trait5","FASTmrMLM","NsiI.TP636055","11","17042","0.0873","0.727","C"
"4","Trait5","FASTmrMLM","NsiI.TP636178","11","17044","-9.7253e-06","0.0021","C"
"4","Trait5","FASTmrMLM","NsiI.TP636190","11","17045","0.0228","0.1519","A"
"4","Trait5","FASTmrMLM","NsiI.TP636318","11","17046","-3.9895e-06","9e-04","A"
"4","Trait5","FASTmrMLM","NsiI.TP636326","11","17047","3.2474e-05","0.0071","A"
"4","Trait5","FASTmrMLM","NsiI.TP636784","11","17049","-1.0161e-05","0.0022","A"
"4","Trait5","FASTmrMLM","NsiI.TP636855","11","17050","1.4023e-05","0.0031","A"
"4","Trait5","FASTmrMLM","NsiI.TP637038","11","17051","-0.2047","1.2317","C"
"4","Trait5","FASTmrMLM","NsiI.TP637054","11","17052","-1.4964e-05","0.0033","G"
"4","Trait5","FASTmrMLM","NsiI.TP637222","11","17053","-4.1626e-06","9e-04","A"
"4","Trait5","FASTmrMLM","NsiI.TP637403","11","17055","3.3179e-05","0.0073","A"
"4","Trait5","FASTmrMLM","NsiI.TP637453","11","17056","1.0479e-05","0.0023","G"
"4","Trait5","FASTmrMLM","NsiI.TP639645","11","17057","-8.8613e-06","0.0019","C"
"4","Trait5","FASTmrMLM","NsiI.TP640567","11","17059","5.4699e-07","1e-04","A"
"4","Trait5","FASTmrMLM","NsiI.TP640662","11","17060","3.3282e-05","0.0073","C"
"4","Trait5","FASTmrMLM","NsiI.TP640677","11","17061","-8.6625e-06","0.0019","C"
"4","Trait5","FASTmrMLM","NsiI.TP640805","11","17063","-0.052","0.3856","G"
"4","Trait5","FASTmrMLM","NsiI.TP640870","11","17065","-0.1356","0.6762","C"
"4","Trait5","FASTmrMLM","NsiI.TP640930","11","17066","-1.7038e-05","0.0037","G"
"4","Trait5","FASTmrMLM","NsiI.TP640987","11","17068","7.2183e-06","0.0016","C"
"4","Trait5","FASTmrMLM","NsiI.TP641031","11","17069","-0.0973","0.6211","C"
"4","Trait5","FASTmrMLM","NsiI.TP641152","11","17071","-6.2051e-06","0.0014","C"
"4","Trait5","FASTmrMLM","NsiI.TP641194","11","17072","4.8394e-06","0.0011","C"
"4","Trait5","FASTmrMLM","NsiI.TP641323","11","17074","-1.3947e-05","0.003","G"
"4","Trait5","FASTmrMLM","NsiI.TP641448","11","17075","-1.9074e-05","0.0042","A"
"4","Trait5","FASTmrMLM","NsiI.TP641473","11","17077","-1.0093e-05","0.0022","A"
"4","Trait5","FASTmrMLM","NsiI.TP641607","11","17079","0.006","0.1324","A"
"4","Trait5","FASTmrMLM","NsiI.TP641728","11","17081","0.1958","1.1054","C"
"4","Trait5","FASTmrMLM","NsiI.TP641838","11","17083","-0.1126","0.9235","A"
"4","Trait5","FASTmrMLM","NsiI.TP641996","11","17085","-3.8437e-06","8e-04","C"
"4","Trait5","FASTmrMLM","NsiI.TP642004","11","17086","3.6913e-05","0.0081","A"
"4","Trait5","FASTmrMLM","NsiI.TP642221","11","17088","0.1076","1.366","A"
"4","Trait5","FASTmrMLM","NsiI.TP642319","11","17089","1.6002e-05","0.0035","A"
"4","Trait5","FASTmrMLM","NsiI.TP642546","11","17090","-1.8828e-05","0.0041","A"
"4","Trait5","FASTmrMLM","NsiI.TP642616","11","17091","-1.276e-05","0.0028","C"
"4","Trait5","FASTmrMLM","NsiI.TP642644","11","17092","0.037","0.2481","C"
"4","Trait5","FASTmrMLM","NsiI.TP642770","11","17095","0.0522","0.7208","A"
"4","Trait5","FASTmrMLM","NsiI.TP642810","11","17098","-0.0889","0.5653","A"
"4","Trait5","FASTmrMLM","NsiI.TP643018","11","17099","1.8209e-05","0.004","C"
"4","Trait5","FASTmrMLM","NsiI.TP643179","11","17101","1.3355e-05","0.0029","A"
"4","Trait5","FASTmrMLM","NsiI.TP643620","11","17103","-3.0636e-05","0.0067","G"
"4","Trait5","FASTmrMLM","NsiI.TP643872","11","17105","1.0051e-05","0.0022","C"
"4","Trait5","FASTmrMLM","NsiI.TP643908","11","17106","-2.8963e-05","0.0063","A"
"4","Trait5","FASTmrMLM","NsiI.TP643912","11","17107","0.0724","0.3959","C"
"4","Trait5","FASTmrMLM","NsiI.TP644167","11","17110","-0.0528","0.7199","A"
"4","Trait5","FASTmrMLM","NsiI.TP644175","11","17112","-9.777e-06","0.0021","C"
"4","Trait5","FASTmrMLM","NsiI.TP644191","11","17113","-0.0407","0.2753","C"
"4","Trait5","FASTmrMLM","NsiI.TP644969","11","17114","4.126e-06","9e-04","A"
"4","Trait5","FASTmrMLM","NsiI.TP645050","11","17115","1.2634e-05","0.0028","A"
"4","Trait5","FASTmrMLM","NsiI.TP645171","11","17117","-1.5976e-05","0.0035","C"
"4","Trait5","FASTmrMLM","NsiI.TP645357","11","17118","6.1818e-06","0.0013","A"
"4","Trait5","FASTmrMLM","NsiI.TP645455","11","17119","9.9515e-06","0.0022","A"
"4","Trait5","FASTmrMLM","NsiI.TP645458","11","17120","-1.912e-05","0.0042","A"
"4","Trait5","FASTmrMLM","NsiI.TP645704","11","17122","-2.7629e-05","0.0061","C"
"4","Trait5","FASTmrMLM","NsiI.TP646101","11","17125","-1.3858e-05","0.003","C"
"4","Trait5","FASTmrMLM","NsiI.TP646130","11","17128","0.0967","0.5592","A"
"4","Trait5","FASTmrMLM","NsiI.TP646191","11","17131","7.02e-07","2e-04","A"
"4","Trait5","FASTmrMLM","NsiI.TP646295","11","17132","2.705e-05","0.0059","A"
"4","Trait5","FASTmrMLM","NsiI.TP646369","11","17134","-2.8994e-06","6e-04","G"
"4","Trait5","FASTmrMLM","NsiI.TP646430","11","17135","-3.7026e-06","8e-04","C"
"4","Trait5","FASTmrMLM","NsiI.TP646503","11","17137","0.0415","0.2663","A"
"4","Trait5","FASTmrMLM","NsiI.TP646535","11","17138","1.7265e-06","4e-04","A"
"4","Trait5","FASTmrMLM","NsiI.TP646621","11","17139","6.0437e-06","0.0013","C"
"4","Trait5","FASTmrMLM","NsiI.TP646676","11","17140","0.0207","0.2129","C"
"4","Trait5","FASTmrMLM","NsiI.TP647190","11","17142","5.3339e-06","0.0012","C"
"4","Trait5","FASTmrMLM","NsiI.TP647644","11","17145","-0.1247","0.5541","G"
"4","Trait5","FASTmrMLM","NsiI.TP647651","11","17146","0.027","0.3359","C"
"4","Trait5","FASTmrMLM","NsiI.TP647685","11","17147","5.4481e-06","0.0012","C"
"4","Trait5","FASTmrMLM","NsiI.TP648278","11","17149","-4.1472e-06","9e-04","A"
"4","Trait5","FASTmrMLM","NsiI.TP649767","11","17153","0.0782","1.0154","A"
"4","Trait5","FASTmrMLM","NsiI.TP650064","11","17156","0.1329","1.1028","C"
"4","Trait5","FASTmrMLM","NsiI.TP650391","11","17159","0.2586","1.5726","C"
"4","Trait5","FASTmrMLM","NsiI.TP651511","11","17163","-0.0376","0.398","A"
"4","Trait5","FASTmrMLM","NsiI.TP651645","11","17164","-0.2388","0.8584","C"
"4","Trait5","FASTmrMLM","NsiI.TP651674","11","17165","3.3468e-06","7e-04","A"
"4","Trait5","FASTmrMLM","NsiI.TP651757","11","17166","-0.0393","0.5083","C"
"4","Trait5","FASTmrMLM","NsiI.TP651970","11","17167","-1.7344e-05","0.0038","G"
"4","Trait5","FASTmrMLM","NsiI.TP652142","11","17168","6.6843e-06","0.0015","G"
"4","Trait5","FASTmrMLM","NsiI.TP652578","11","17171","0.0561","0.5143","A"
"4","Trait5","FASTmrMLM","NsiI.TP652580","11","17172","0.0476","0.1998","C"
"4","Trait5","FASTmrMLM","NsiI.TP652633","11","17173","5.1158e-05","0.0058","A"
"4","Trait5","FASTmrMLM","NsiI.TP652861","11","17176","-8.2939e-06","0.0018","A"
"4","Trait5","FASTmrMLM","NsiI.TP653594","11","17178","-0.2262","1.3397","A"
"4","Trait5","FASTmrMLM","NsiI.TP653663","11","17179","-3.0078e-06","7e-04","C"
"4","Trait5","FASTmrMLM","NsiI.TP653703","11","17180","0.1152","0.6681","C"
"4","Trait5","FASTmrMLM","NsiI.TP653721","11","17181","-2.2216e-05","0.0049","A"
"4","Trait5","FASTmrMLM","NsiI.TP653782","11","17182","-1.3577e-05","0.003","G"
"4","Trait5","FASTmrMLM","NsiI.TP653920","11","17184","8.8666e-06","0.0019","C"
"4","Trait5","FASTmrMLM","NsiI.TP653929","11","17185","0.1039","1.3699","C"
"4","Trait5","FASTmrMLM","NsiI.TP653964","11","17186","-3.9525e-06","9e-04","A"
"4","Trait5","FASTmrMLM","NsiI.TP654000","11","17187","-7.1933e-06","0.0016","A"
"4","Trait5","FASTmrMLM","NsiI.TP654055","11","17188","-0.1862","1.1114","A"
"4","Trait5","FASTmrMLM","NsiI.TP654097","11","17190","3.6887e-05","0.0065","C"
"4","Trait5","FASTmrMLM","NsiI.TP654668","11","17191","4.0025e-05","0.0088","G"
"4","Trait5","FASTmrMLM","NsiI.TP654693","11","17192","0.1461","1.6348","A"
"4","Trait5","FASTmrMLM","NsiI.TP654710","11","17193","-6.6024e-06","0.0014","C"
"4","Trait5","FASTmrMLM","NsiI.TP654810","11","17194","0.0808","0.8904","C"
"4","Trait5","FASTmrMLM","NsiI.TP654862","11","17197","-2.8039e-05","0.0061","C"
"4","Trait5","FASTmrMLM","NsiI.TP654961","11","17198","-6.0712e-06","0.0013","C"
"4","Trait5","FASTmrMLM","NsiI.TP655020","11","17199","0.0797","0.4507","A"
"4","Trait5","FASTmrMLM","NsiI.TP655191","11","17200","3.0041e-07","6.5377e-05","A"
"4","Trait5","FASTmrMLM","NsiI.TP655234","11","17201","-3.3294e-05","0.0073","A"
"4","Trait5","FASTmrMLM","NsiI.TP656422","11","17204","-2.4398e-05","0.0053","C"
"4","Trait5","FASTmrMLM","NsiI.TP656560","11","17206","0.0445","0.2798","G"
"4","Trait5","FASTmrMLM","NsiI.TP656596","11","17207","-0.0768","0.3249","A"
"4","Trait5","FASTmrMLM","NsiI.TP656686","11","17208","0.0396","0.3595","C"
"4","Trait5","FASTmrMLM","NsiI.TP656726","11","17209","-2.6266e-05","0.0058","C"
"4","Trait5","FASTmrMLM","NsiI.TP658821","11","17213","-0.0158","0.211","C"
"4","Trait5","FASTmrMLM","NsiI.TP658897","11","17214","4.0743e-05","0.009","A"
"4","Trait5","FASTmrMLM","NsiI.TP659530","11","17217","1.6984e-05","0.0037","A"
"4","Trait5","FASTmrMLM","NsiI.TP659546","11","17218","9.0404e-06","0.002","A"
"4","Trait5","FASTmrMLM","NsiI.TP660498","11","17219","3.9647e-06","9e-04","C"
"4","Trait5","FASTmrMLM","NsiI.TP660837","11","17220","1.4982e-05","0.0033","A"
"4","Trait5","FASTmrMLM","NsiI.TP661068","11","17221","8.6755e-07","2e-04","A"
"4","Trait5","FASTmrMLM","NsiI.TP661158","11","17224","1.0621e-05","0.0023","C"
"4","Trait5","FASTmrMLM","NsiI.TP661415","11","17225","7.1069e-06","0.0015","A"
"4","Trait5","FASTmrMLM","NsiI.TP661540","11","17227","1.9166e-05","0.0042","C"
"4","Trait5","FASTmrMLM","NsiI.TP661709","11","17228","0.1904","1.2549","C"
"4","Trait5","FASTmrMLM","NsiI.TP662126","11","17229","4.056e-06","9e-04","C"
"4","Trait5","FASTmrMLM","NsiI.TP662162","11","17230","-3.8691e-05","0.0085","C"
"4","Trait5","FASTmrMLM","NsiI.TP662522","11","17232","-9.1914e-06","0.002","C"
"4","Trait5","FASTmrMLM","NsiI.TP662588","11","17233","0.0655","0.4166","A"
"4","Trait5","FASTmrMLM","NsiI.TP662617","11","17234","-0.0784","0.6829","C"
"4","Trait5","FASTmrMLM","NsiI.TP662709","11","17236","1.0964e-05","0.0024","A"
"4","Trait5","FASTmrMLM","NsiI.TP662779","11","17237","0.0485","0.3137","C"
"4","Trait5","FASTmrMLM","NsiI.TP662829","11","17239","-0.0186","0.2847","A"
"4","Trait5","FASTmrMLM","NsiI.TP662873","11","17240","2.6254e-06","6e-04","A"
"4","Trait5","FASTmrMLM","NsiI.TP662883","11","17241","1.6525e-05","0.0036","A"
"4","Trait5","FASTmrMLM","NsiI.TP662983","11","17242","-0.1824","0.9124","C"
"4","Trait5","FASTmrMLM","NsiI.TP663156","11","17243","-2.0245e-06","4e-04","A"
"4","Trait5","FASTmrMLM","NsiI.TP663359","11","17247","-8.5716e-06","0.0019","G"
"4","Trait5","FASTmrMLM","NsiI.TP663394","11","17248","-0.0751","0.4417","C"
"4","Trait5","FASTmrMLM","NsiI.TP663562","11","17249","-2.1312e-05","0.0047","A"
"4","Trait5","FASTmrMLM","NsiI.TP663635","11","17250","4.3644e-06","0.001","C"
"4","Trait5","FASTmrMLM","NsiI.TP663839","11","17251","1.7487e-05","0.0038","A"
"4","Trait5","FASTmrMLM","NsiI.TP663972","11","17253","2.6164e-05","0.0057","G"
"4","Trait5","FASTmrMLM","NsiI.TP664473","11","17255","7.6772e-06","0.0017","A"
"4","Trait5","FASTmrMLM","NsiI.TP664504","11","17256","1.6699e-05","0.0037","G"
"4","Trait5","FASTmrMLM","NsiI.TP664551","11","17257","2.4932e-05","0.0055","A"
"4","Trait5","FASTmrMLM","NsiI.TP664840","11","17260","2.3758e-06","5e-04","C"
"4","Trait5","FASTmrMLM","NsiI.TP664848","11","17261","-5.9314e-06","0.0013","A"
"4","Trait5","FASTmrMLM","NsiI.TP665032","11","17265","-1.0883e-06","2e-04","C"
"4","Trait5","FASTmrMLM","NsiI.TP665095","11","17266","0.1302","0.6323","C"
"4","Trait5","FASTmrMLM","NsiI.TP665312","11","17268","-2.7961e-05","0.0055","A"
"4","Trait5","FASTmrMLM","NsiI.TP665366","11","17269","-0.1574","0.723","G"
"4","Trait5","FASTmrMLM","NsiI.TP665411","11","17270","2.6375e-05","0.0058","G"
"4","Trait5","FASTmrMLM","NsiI.TP665437","11","17271","-0.0045","0.1155","C"
"4","Trait5","FASTmrMLM","NsiI.TP665493","11","17272","-7.1841e-06","0.0016","A"
"4","Trait5","FASTmrMLM","NsiI.TP665540","11","17273","-7.6856e-06","0.0017","C"
"4","Trait5","FASTmrMLM","NsiI.TP665590","11","17274","7.8063e-06","0.0017","A"
"4","Trait5","FASTmrMLM","NsiI.TP665603","11","17275","9.6803e-06","0.0021","A"
"4","Trait5","FASTmrMLM","NsiI.TP665624","11","17276","-5.4985e-06","0.0012","A"
"4","Trait5","FASTmrMLM","NsiI.TP665663","11","17277","1.4604e-05","0.0032","G"
"4","Trait5","FASTmrMLM","NsiI.TP665782","11","17278","-6.5428e-06","0.0014","A"
"4","Trait5","FASTmrMLM","NsiI.TP665794","11","17279","8.1185e-07","2e-04","C"
"4","Trait5","FASTmrMLM","NsiI.TP665821","11","17280","2.0118e-05","0.0044","A"
"4","Trait5","FASTmrMLM","NsiI.TP666032","11","17282","-1.9481e-05","0.0043","A"
"4","Trait5","FASTmrMLM","NsiI.TP666151","11","17283","-1.6654e-05","0.0036","A"
"4","Trait5","FASTmrMLM","NsiI.TP666281","11","17284","3.8145e-06","8e-04","A"
"4","Trait5","FASTmrMLM","NsiI.TP666393","11","17286","-7.8871e-06","0.0017","A"
"4","Trait5","FASTmrMLM","NsiI.TP666447","11","17287","2.6664e-05","0.0058","C"
"4","Trait5","FASTmrMLM","NsiI.TP666484","11","17289","2.0783e-05","0.0045","C"
"4","Trait5","FASTmrMLM","NsiI.TP666542","11","17291","1.7485e-05","0.0038","C"
"4","Trait5","FASTmrMLM","NsiI.TP666617","11","17292","-2.6652e-05","0.0058","A"
"4","Trait5","FASTmrMLM","NsiI.TP666789","11","17294","-3.3703e-05","0.0074","G"
"4","Trait5","FASTmrMLM","NsiI.TP666807","11","17295","8.6251e-07","2e-04","A"
"4","Trait5","FASTmrMLM","NsiI.TP666820","11","17296","-0.2095","1.2972","A"
"4","Trait5","FASTmrMLM","NsiI.TP666839","11","17297","1.8081e-06","4e-04","A"
"4","Trait5","FASTmrMLM","NsiI.TP666944","11","17300","7.861e-06","0.0017","A"
"4","Trait5","FASTmrMLM","NsiI.TP666962","11","17301","1.1641e-05","0.0025","A"
"4","Trait5","FASTmrMLM","NsiI.TP667011","11","17302","5.0133e-06","0.0011","A"
"4","Trait5","FASTmrMLM","NsiI.TP667031","11","17303","2.0713e-05","0.0045","C"
"4","Trait5","FASTmrMLM","NsiI.TP667079","11","17305","-1.1417e-05","0.0025","G"
"4","Trait5","FASTmrMLM","NsiI.TP667168","11","17307","2.1075e-06","5e-04","A"
"4","Trait5","FASTmrMLM","NsiI.TP667282","11","17309","-1.2117e-05","0.0026","A"
"4","Trait5","FASTmrMLM","NsiI.TP667290","11","17310","2.2933e-05","0.005","A"
"4","Trait5","FASTmrMLM","NsiI.TP667372","11","17311","-4.2983e-06","9e-04","A"
"4","Trait5","FASTmrMLM","NsiI.TP667539","11","17312","2.2968e-06","5e-04","A"
"4","Trait5","FASTmrMLM","NsiI.TP667708","11","17313","1e-04","0.0114","C"
"4","Trait5","FASTmrMLM","NsiI.TP667760","11","17315","-1.0182e-05","0.0022","A"
"4","Trait5","FASTmrMLM","NsiI.TP667777","11","17316","8.821e-06","0.0019","C"
"4","Trait5","FASTmrMLM","NsiI.TP667985","11","17319","2.869e-05","0.0063","A"
"4","Trait5","FASTmrMLM","NsiI.TP668058","11","17320","-5.8392e-06","0.0013","A"
"4","Trait5","FASTmrMLM","NsiI.TP668059","11","17321","-1.9963e-05","0.0044","A"
"4","Trait5","FASTmrMLM","NsiI.TP668107","11","17322","-0.1366","2.1065","C"
"4","Trait5","FASTmrMLM","NsiI.TP668289","11","17324","1.1163e-05","0.0024","A"
"4","Trait5","FASTmrMLM","NsiI.TP668449","11","17325","8.0951e-06","0.0018","C"
"4","Trait5","FASTmrMLM","NsiI.TP668545","11","17326","0.1088","0.7127","A"
"4","Trait5","FASTmrMLM","NsiI.TP668580","11","17327","1.2502e-05","0.0027","G"
"4","Trait5","FASTmrMLM","NsiI.TP668624","11","17329","2.7141e-05","0.0059","A"
"4","Trait5","FASTmrMLM","NsiI.TP668625","11","17330","-2.0106e-06","4e-04","A"
"4","Trait5","FASTmrMLM","NsiI.TP668732","11","17333","-1.0491e-05","0.0023","C"
"4","Trait5","FASTmrMLM","NsiI.TP668743","11","17334","1.9821e-05","0.0043","A"
"4","Trait5","FASTmrMLM","NsiI.TP668764","11","17335","0.046","0.6279","G"
"4","Trait5","FASTmrMLM","NsiI.TP668788","11","17336","-1.5199e-05","0.0033","A"
"4","Trait5","FASTmrMLM","NsiI.TP668831","11","17337","3.7998e-05","0.0084","A"
"4","Trait5","FASTmrMLM","NsiI.TP668953","11","17338","7.9907e-06","0.0017","A"
"4","Trait5","FASTmrMLM","NsiI.TP669010","11","17341","6.4727e-06","0.0014","C"
"4","Trait5","FASTmrMLM","NsiI.TP669082","11","17344","9.0613e-06","0.002","A"
"4","Trait5","FASTmrMLM","NsiI.TP669130","11","17345","-3.2103e-06","7e-04","C"
"4","Trait5","FASTmrMLM","NsiI.TP669288","11","17347","9.8296e-06","0.0021","G"
"4","Trait5","FASTmrMLM","NsiI.TP669348","11","17348","1.0402e-05","0.0023","C"
"4","Trait5","FASTmrMLM","NsiI.TP669395","11","17349","-2.5682e-05","0.0056","C"
"4","Trait5","FASTmrMLM","NsiI.TP669408","11","17350","-0.117","0.6474","A"
"4","Trait5","FASTmrMLM","NsiI.TP669423","11","17351","-2.422e-05","0.0051","C"
"4","Trait5","FASTmrMLM","NsiI.TP669463","11","17352","-0.0459","0.4477","C"
"4","Trait5","FASTmrMLM","NsiI.TP669465","11","17353","1.1859e-05","0.0026","A"
"4","Trait5","FASTmrMLM","NsiI.TP669517","11","17354","0.0481","0.5276","C"
"4","Trait5","FASTmrMLM","NsiI.TP669563","11","17355","-2.1166e-05","0.0046","A"
"4","Trait5","FASTmrMLM","NsiI.TP669588","11","17356","-0.0101","0.149","A"
"4","Trait5","FASTmrMLM","NsiI.TP669599","11","17358","4.0892e-05","0.009","G"
"4","Trait5","FASTmrMLM","NsiI.TP669601","11","17359","4.287e-05","0.0094","C"
"4","Trait5","FASTmrMLM","NsiI.TP669695","11","17360","-2.5191e-05","0.0055","A"
"4","Trait5","FASTmrMLM","NsiI.TP669729","11","17361","-4.4137e-06","0.001","A"
"4","Trait5","FASTmrMLM","NsiI.TP669764","11","17362","-2.7665e-05","0.0061","C"
"4","Trait5","FASTmrMLM","NsiI.TP669786","11","17363","-7.4343e-07","2e-04","C"
"4","Trait5","FASTmrMLM","NsiI.TP669927","11","17365","4.7038e-06","0.001","C"
"4","Trait5","FASTmrMLM","NsiI.TP670128","11","17368","6.5845e-06","0.0014","C"
"4","Trait5","FASTmrMLM","NsiI.TP670147","11","17369","-2.6948e-06","6e-04","C"
"4","Trait5","FASTmrMLM","NsiI.TP670273","11","17371","-1.4222e-05","0.0031","C"
"4","Trait5","FASTmrMLM","NsiI.TP670319","11","17373","2.8474e-05","0.0062","G"
"4","Trait5","FASTmrMLM","NsiI.TP670683","11","17374","0.0157","0.1983","A"
"4","Trait5","FASTmrMLM","NsiI.TP670692","11","17375","8.4105e-06","0.0018","A"
"4","Trait5","FASTmrMLM","NsiI.TP671002","11","17377","-3.6479e-05","0.008","C"
"4","Trait5","FASTmrMLM","NsiI.TP671017","11","17378","1.8644e-06","4e-04","A"
"4","Trait5","FASTmrMLM","NsiI.TP671131","11","17379","-2.2632e-05","0.005","C"
"4","Trait5","FASTmrMLM","NsiI.TP671135","11","17380","1.5621e-05","0.0034","A"
"4","Trait5","FASTmrMLM","NsiI.TP671184","11","17381","-3.5218e-06","8e-04","C"
"4","Trait5","FASTmrMLM","NsiI.TP671270","11","17382","-1.9571e-05","0.0043","G"
"4","Trait5","FASTmrMLM","NsiI.TP671271","11","17383","-0.0557","0.6883","C"
"4","Trait5","FASTmrMLM","NsiI.TP671291","11","17384","-3.2266e-06","7e-04","A"
"4","Trait5","FASTmrMLM","NsiI.TP671362","11","17385","1.1802e-05","0.0026","C"
"4","Trait5","FASTmrMLM","NsiI.TP671365","11","17386","0.3052","1.6084","A"
"4","Trait5","FASTmrMLM","NsiI.TP671392","11","17387","-6.061e-07","1e-04","C"
"4","Trait5","FASTmrMLM","NsiI.TP671476","11","17388","-2.6562e-05","0.0058","G"
"4","Trait5","FASTmrMLM","NsiI.TP671487","11","17389","5.7666e-06","0.0013","C"
"4","Trait5","FASTmrMLM","NsiI.TP671680","11","17390","0.0129","0.203","A"
"4","Trait5","FASTmrMLM","NsiI.TP671738","11","17392","-0.0531","0.3712","A"
"4","Trait5","FASTmrMLM","NsiI.TP671754","11","17394","7.4569e-06","0.0016","A"
"4","Trait5","FASTmrMLM","NsiI.TP671766","11","17395","1.1273e-05","0.0025","A"
"4","Trait5","FASTmrMLM","NsiI.TP671771","11","17396","0.0043","0.0608","A"
"4","Trait5","FASTmrMLM","NsiI.TP671781","11","17397","0.0482","0.5425","C"
"4","Trait5","FASTmrMLM","NsiI.TP671834","11","17398","2.0549e-05","0.0045","C"
"4","Trait5","FASTmrMLM","NsiI.TP671846","11","17399","1.955e-05","0.0043","C"
"4","Trait5","FASTmrMLM","NsiI.TP672055","11","17403","-1.9763e-06","4e-04","C"
"4","Trait5","FASTmrMLM","NsiI.TP672059","11","17404","1.8571e-06","4e-04","A"
"4","Trait5","FASTmrMLM","NsiI.TP672127","11","17406","0.0783","0.4462","C"
"4","Trait5","FASTmrMLM","NsiI.TP672151","11","17408","-3.1888e-08","6.94e-06","C"
"4","Trait5","FASTmrMLM","NsiI.TP672263","11","17410","-0.015","0.1144","A"
"4","Trait5","FASTmrMLM","NsiI.TP672267","11","17411","0.4694","1.6214","G"
"4","Trait5","FASTmrMLM","NsiI.TP672272","11","17412","-0.32","2.0001","A"
"4","Trait5","FASTmrMLM","NsiI.TP673144","11","17413","-1.762e-05","0.0039","C"
"4","Trait5","FASTmrMLM","NsiI.TP673363","11","17414","-2.4276e-06","5e-04","C"
"4","Trait5","FASTmrMLM","NsiI.TP673378","11","17415","-0.4754","1.6513","A"
"4","Trait5","FASTmrMLM","NsiI.TP673443","11","17416","-6.4406e-06","0.0014","A"
"4","Trait5","FASTmrMLM","NsiI.TP673501","11","17417","-3.6765e-06","8e-04","A"
"4","Trait5","FASTmrMLM","NsiI.TP673767","11","17422","-1.2341e-05","0.0027","C"
"4","Trait5","FASTmrMLM","NsiI.TP673838","11","17423","-1.977e-05","0.0043","A"
"4","Trait5","FASTmrMLM","NsiI.TP673858","11","17424","1.8347e-05","0.004","C"
"4","Trait5","FASTmrMLM","NsiI.TP673888","11","17425","0.0243","0.1503","C"
"4","Trait5","FASTmrMLM","NsiI.TP674037","11","17426","1.2777e-05","0.0028","A"
"4","Trait5","FASTmrMLM","NsiI.TP674085","11","17427","0.0575","0.7338","C"
"4","Trait5","FASTmrMLM","NsiI.TP674156","11","17428","-1.2274e-05","0.0027","A"
"4","Trait5","FASTmrMLM","NsiI.TP674211","11","17429","1.2663e-05","0.0028","A"
"4","Trait5","FASTmrMLM","NsiI.TP674433","11","17430","-5.1585e-06","0.0011","C"
"4","Trait5","FASTmrMLM","NsiI.TP674451","11","17431","6.0419e-06","0.0013","C"
"4","Trait5","FASTmrMLM","NsiI.TP674731","11","17432","-2.0695e-05","0.0045","A"
"4","Trait5","FASTmrMLM","NsiI.TP674813","11","17433","9.3761e-06","0.002","G"
"4","Trait5","FASTmrMLM","NsiI.TP674908","11","17434","-9.5698e-07","2e-04","G"
"4","Trait5","FASTmrMLM","NsiI.TP674912","11","17435","-3.9861e-06","9e-04","G"
"4","Trait5","FASTmrMLM","NsiI.TP675265","11","17436","-2.2322e-05","0.0049","A"
"4","Trait5","FASTmrMLM","NsiI.TP675344","11","17438","1.1591e-05","0.0025","A"
"4","Trait5","FASTmrMLM","NsiI.TP675405","11","17439","-1.224e-05","0.0027","A"
"4","Trait5","FASTmrMLM","NsiI.TP675510","11","17441","-2.5073e-05","0.0055","C"
"4","Trait5","FASTmrMLM","NsiI.TP675599","11","17442","-2.8585e-05","0.0063","A"
"4","Trait5","FASTmrMLM","NsiI.TP675632","11","17443","7.233e-06","0.0016","C"
"4","Trait5","FASTmrMLM","NsiI.TP675711","11","17444","0.147","0.8762","A"
"4","Trait5","FASTmrMLM","NsiI.TP675908","11","17446","-8.2453e-07","2e-04","A"
"4","Trait5","FASTmrMLM","NsiI.TP676236","11","17448","-2.1775e-05","0.0048","C"
"4","Trait5","FASTmrMLM","NsiI.TP676270","11","17449","5.3804e-06","0.0012","A"
"4","Trait5","FASTmrMLM","NsiI.TP676287","11","17450","-0.0714","0.5746","C"
"4","Trait5","FASTmrMLM","NsiI.TP676339","11","17451","2.7534e-05","0.006","A"
"4","Trait5","FASTmrMLM","NsiI.TP676370","11","17452","0.0809","0.5383","A"
"4","Trait5","FASTmrMLM","NsiI.TP676503","11","17454","-0.1115","1.1346","C"
"4","Trait5","FASTmrMLM","NsiI.TP676642","11","17455","-1.499e-05","0.0033","C"
"4","Trait5","FASTmrMLM","NsiI.TP676914","11","17457","-1.3066e-05","0.0029","A"
"4","Trait5","FASTmrMLM","NsiI.TP677090","11","17458","-6.2779e-06","0.0014","C"
"4","Trait5","FASTmrMLM","NsiI.TP677173","11","17459","-1.6e-05","0.0035","A"
"4","Trait5","FASTmrMLM","NsiI.TP677201","11","17460","-6.8667e-06","0.0015","A"
"4","Trait5","FASTmrMLM","NsiI.TP678085","11","17464","7.1181e-06","0.0016","C"
"4","Trait5","FASTmrMLM","NsiI.TP678212","11","17466","-0.0654","0.7023","A"
"4","Trait5","FASTmrMLM","NsiI.TP678251","11","17467","-1.7971e-05","0.0039","C"
"4","Trait5","FASTmrMLM","NsiI.TP678297","11","17468","-0.0748","0.3026","C"
"4","Trait5","FASTmrMLM","NsiI.TP678416","11","17469","-6.3154e-06","0.0014","C"
"4","Trait5","FASTmrMLM","NsiI.TP678446","11","17470","-0.0169","0.2255","A"
"4","Trait5","FASTmrMLM","NsiI.TP678475","11","17471","0.0911","0.4804","G"
"4","Trait5","FASTmrMLM","NsiI.TP678524","11","17472","-8.4218e-06","0.0018","C"
"4","Trait5","FASTmrMLM","NsiI.TP678569","11","17473","2e-04","0.0117","G"
"4","Trait5","FASTmrMLM","NsiI.TP678570","11","17474","0.0313","0.2023","C"
"4","Trait5","FASTmrMLM","NsiI.TP678590","11","17475","2.7369e-05","0.006","C"
"4","Trait5","FASTmrMLM","NsiI.TP678749","11","17476","0.113","0.7426","G"
"4","Trait5","FASTmrMLM","NsiI.TP678757","11","17477","2.3043e-05","0.005","C"
"4","Trait5","FASTmrMLM","NsiI.TP678879","11","17478","-1.9093e-06","4e-04","A"
"4","Trait5","FASTmrMLM","NsiI.TP678890","11","17479","6.6503e-06","0.0014","A"
"4","Trait5","FASTmrMLM","NsiI.TP678906","11","17480","1.4712e-05","0.0032","C"
"4","Trait5","FASTmrMLM","NsiI.TP678918","11","17481","0.0338","0.3913","A"
"4","Trait5","FASTmrMLM","NsiI.TP678950","11","17482","-0.0272","0.178","A"
"4","Trait5","FASTmrMLM","NsiI.TP678959","11","17483","-0.0129","0.1436","A"
"4","Trait5","FASTmrMLM","NsiI.TP678962","11","17484","0.0367","0.4586","C"
"4","Trait5","FASTmrMLM","NsiI.TP679015","11","17486","-1.9173e-05","0.0042","C"
"4","Trait5","FASTmrMLM","NsiI.TP679249","11","17490","0.0677","0.6731","A"
"4","Trait5","FASTmrMLM","NsiI.TP679341","11","17492","-2.7835e-05","0.0061","A"
"4","Trait5","FASTmrMLM","NsiI.TP679472","11","17493","-1.0657e-05","0.0023","A"
"4","Trait5","FASTmrMLM","NsiI.TP679599","11","17495","4.9689e-06","0.0011","A"
"4","Trait5","FASTmrMLM","NsiI.TP679694","11","17496","0.1478","0.6439","A"
"4","Trait5","FASTmrMLM","NsiI.TP679696","11","17497","-7.207e-06","0.0016","A"
"4","Trait5","FASTmrMLM","NsiI.TP679703","11","17498","-0.2425","1.6719","C"
"4","Trait5","FASTmrMLM","NsiI.TP679883","11","17500","-3.4312e-05","0.0075","C"
"4","Trait5","FASTmrMLM","NsiI.TP680012","11","17501","-0.0466","0.3051","A"
"4","Trait5","FASTmrMLM","NsiI.TP680066","11","17502","-4.1167e-05","0.0091","C"
"4","Trait5","FASTmrMLM","NsiI.TP680098","11","17503","-1.6072e-05","0.0035","A"
"4","Trait5","FASTmrMLM","NsiI.TP680099","11","17504","-0.0294","0.3212","C"
"4","Trait5","FASTmrMLM","NsiI.TP680113","11","17505","0.0545","0.3772","C"
"4","Trait5","FASTmrMLM","NsiI.TP680124","11","17506","8.6271e-06","0.0019","A"
"4","Trait5","FASTmrMLM","NsiI.TP680155","11","17507","-2.9194e-06","6e-04","A"
"4","Trait5","FASTmrMLM","NsiI.TP680194","11","17508","0.146","0.5892","C"
"4","Trait5","FASTmrMLM","NsiI.TP680259","11","17509","3.6122e-05","0.0079","A"
"4","Trait5","FASTmrMLM","NsiI.TP680270","11","17510","1.4275e-05","0.0031","C"
"4","Trait5","FASTmrMLM","NsiI.TP680392","11","17514","-2.9651e-05","0.0041","C"
"4","Trait5","FASTmrMLM","NsiI.TP680575","11","17515","-1.7905e-05","0.0039","G"
"4","Trait5","FASTmrMLM","NsiI.TP680601","11","17516","-3.8865e-05","0.0085","A"
"4","Trait5","FASTmrMLM","NsiI.TP680903","11","17517","0.0601","0.7247","C"
"4","Trait5","FASTmrMLM","NsiI.TP680908","11","17518","1.1024e-06","2e-04","A"
"4","Trait5","FASTmrMLM","NsiI.TP680932","11","17519","-1e-04","0.0104","A"
"4","Trait5","FASTmrMLM","NsiI.TP681132","11","17521","-1.988e-05","0.0043","A"
"4","Trait5","FASTmrMLM","NsiI.TP681136","11","17522","0.1231","0.9838","C"
"4","Trait5","FASTmrMLM","NsiI.TP681158","11","17523","-6.0114e-06","0.0013","A"
"4","Trait5","FASTmrMLM","NsiI.TP681288","11","17526","-8.9046e-07","2e-04","C"
"4","Trait5","FASTmrMLM","NsiI.TP681332","11","17528","-0.0952","0.7124","C"
"4","Trait5","FASTmrMLM","NsiI.TP681355","11","17529","3.425e-05","0.0075","C"
"4","Trait5","FASTmrMLM","NsiI.TP681384","11","17530","0.2345","1.1792","A"
"4","Trait5","FASTmrMLM","NsiI.TP681573","11","17535","-8.659e-06","0.0019","G"
"4","Trait5","FASTmrMLM","NsiI.TP681612","11","17536","-2.1121e-05","0.0046","C"
"4","Trait5","FASTmrMLM","NsiI.TP681739","11","17537","-4.3723e-06","0.001","A"
"4","Trait5","FASTmrMLM","NsiI.TP681743","11","17538","1.5797e-05","0.0035","C"
"4","Trait5","FASTmrMLM","NsiI.TP681967","11","17539","-2.7188e-05","0.006","A"
"4","Trait5","FASTmrMLM","NsiI.TP681974","11","17540","-0.0141","0.2285","A"
"4","Trait5","FASTmrMLM","NsiI.TP682001","11","17541","3.9201e-07","8.5315e-05","A"
"4","Trait5","FASTmrMLM","NsiI.TP682097","11","17543","1.5182e-05","0.0033","G"
"4","Trait5","FASTmrMLM","NsiI.TP682325","11","17546","0.2176","1.4278","C"
"4","Trait5","FASTmrMLM","NsiI.TP682442","11","17547","-2.1838e-05","0.0038","C"
"4","Trait5","FASTmrMLM","NsiI.TP682634","11","17548","-0.0117","0.2181","C"
"4","Trait5","FASTmrMLM","NsiI.TP682685","11","17549","-2.4813e-06","5e-04","C"
"4","Trait5","FASTmrMLM","NsiI.TP682707","11","17550","-0.1571","1.1344","A"
"4","Trait5","FASTmrMLM","NsiI.TP682740","11","17551","3.7311e-05","0.0082","C"
"4","Trait5","FASTmrMLM","NsiI.TP682773","11","17552","-2.2987e-05","0.005","C"
"4","Trait5","FASTmrMLM","NsiI.TP682866","11","17553","0.0357","0.2572","C"
"4","Trait5","FASTmrMLM","NsiI.TP682876","11","17554","-2.9292e-05","0.0064","C"
"4","Trait5","FASTmrMLM","NsiI.TP682957","11","17556","-0.2336","1.3662","A"
"4","Trait5","FASTmrMLM","NsiI.TP683076","11","17557","-0.0707","0.5498","C"
"4","Trait5","FASTmrMLM","NsiI.TP683092","11","17558","-3.9413e-06","9e-04","A"
"4","Trait5","FASTmrMLM","NsiI.TP683491","11","17559","1.1794e-05","0.0026","A"
"4","Trait5","FASTmrMLM","NsiI.TP683749","11","17563","2.1897e-05","0.0048","A"
"4","Trait5","FASTmrMLM","NsiI.TP684279","11","17564","8.3846e-06","0.0018","C"
"4","Trait5","FASTmrMLM","NsiI.TP684422","11","17565","1.9389e-05","0.0042","A"
"4","Trait5","FASTmrMLM","NsiI.TP684505","11","17567","-0.0782","0.8708","A"
"4","Trait5","FASTmrMLM","NsiI.TP684566","11","17568","-1.2085e-05","0.0026","A"
"4","Trait5","FASTmrMLM","NsiI.TP684770","11","17569","0.0986","0.6585","C"
"4","Trait5","FASTmrMLM","NsiI.TP684888","11","17572","0.0229","0.2477","C"
"4","Trait5","FASTmrMLM","NsiI.TP684925","11","17573","0.04","0.3529","C"
"4","Trait5","FASTmrMLM","NsiI.TP685166","11","17575","1.5066e-06","3e-04","C"
"4","Trait5","FASTmrMLM","NsiI.TP685361","11","17577","0.0718","0.8163","A"
"4","Trait5","FASTmrMLM","NsiI.TP685488","11","17579","1.1853e-05","0.0026","C"
"4","Trait5","FASTmrMLM","NsiI.TP685530","11","17580","1.3012e-05","0.0028","A"
"4","Trait5","FASTmrMLM","NsiI.TP685628","11","17581","-0.4645","2.1209","A"
"4","Trait5","FASTmrMLM","NsiI.TP685658","11","17582","-0.2296","1.4064","A"
"4","Trait5","FASTmrMLM","NsiI.TP685676","11","17583","-5.5654e-06","0.0012","A"
"4","Trait5","FASTmrMLM","NsiI.TP685712","11","17584","4.4616e-07","9.7102e-05","C"
"4","Trait5","FASTmrMLM","NsiI.TP685734","11","17585","0.008","0.1671","C"
"4","Trait5","FASTmrMLM","NsiI.TP685740","11","17586","-3.298e-06","7e-04","G"
"4","Trait5","FASTmrMLM","NsiI.TP685940","11","17587","-0.0342","0.3427","C"
"4","Trait5","FASTmrMLM","NsiI.TP686119","11","17588","0.0076","0.144","G"
"4","Trait5","FASTmrMLM","NsiI.TP686580","11","17589","-5.7775e-06","0.0013","C"
"4","Trait5","FASTmrMLM","NsiI.TP686784","11","17590","0.0268","0.3675","C"
"4","Trait5","FASTmrMLM","NsiI.TP687090","11","17591","-9.4422e-06","0.0021","A"
"4","Trait5","FASTmrMLM","NsiI.TP687110","11","17592","4.8354e-06","0.0011","A"
"4","Trait5","FASTmrMLM","NsiI.TP687145","11","17593","-2.5752e-05","0.0056","G"
"4","Trait5","FASTmrMLM","NsiI.TP687188","11","17594","-3.3615e-06","7e-04","A"
"4","Trait5","FASTmrMLM","NsiI.TP687395","11","17595","9.47e-06","0.0021","A"
"4","Trait5","FASTmrMLM","NsiI.TP687472","11","17596","-1.6256e-06","4e-04","G"
"4","Trait5","FASTmrMLM","NsiI.TP687623","11","17598","8.6372e-06","0.0019","C"
"4","Trait5","FASTmrMLM","NsiI.TP687653","11","17599","-2.7355e-05","0.006","C"
"4","Trait5","FASTmrMLM","NsiI.TP687919","11","17600","-0.0164","0.2484","C"
"4","Trait5","FASTmrMLM","NsiI.TP687931","11","17601","1.2565e-05","0.0027","C"
"4","Trait5","FASTmrMLM","NsiI.TP687982","11","17602","3.1149e-06","7e-04","A"
"4","Trait5","FASTmrMLM","NsiI.TP688250","11","17603","-9.1623e-06","0.002","C"
"4","Trait5","FASTmrMLM","NsiI.TP688769","11","17608","8.2435e-06","0.0018","C"
"4","Trait5","FASTmrMLM","NsiI.TP688777","11","17609","-1.7303e-05","0.0038","A"
"4","Trait5","FASTmrMLM","NsiI.TP688823","11","17610","-0.2529","1.2759","A"
"4","Trait5","FASTmrMLM","NsiI.TP688826","11","17611","0.0046","0.1134","A"
"4","Trait5","FASTmrMLM","NsiI.TP688991","11","17612","1.4966e-05","0.0033","C"
"4","Trait5","FASTmrMLM","NsiI.TP689183","11","17613","4.2761e-05","0.0046","C"
"4","Trait5","FASTmrMLM","NsiI.TP689210","11","17615","3.0236e-05","0.0066","C"
"4","Trait5","FASTmrMLM","NsiI.TP689265","11","17616","1.1139e-05","0.0024","C"
"4","Trait5","FASTmrMLM","NsiI.TP689303","11","17617","0.0933","0.6621","C"
"4","Trait5","FASTmrMLM","NsiI.TP689317","11","17618","0.0393","0.3666","A"
"4","Trait5","FASTmrMLM","NsiI.TP689330","11","17619","-1e-04","0.011","C"
"4","Trait5","FASTmrMLM","NsiI.TP689359","11","17620","-6.2573e-06","0.0014","A"
"4","Trait5","FASTmrMLM","NsiI.TP689629","11","17621","0.0532","0.6937","A"
"4","Trait5","FASTmrMLM","NsiI.TP689875","11","17622","0.1697","0.8584","A"
"4","Trait5","FASTmrMLM","NsiI.TP689944","11","17623","-0.0388","0.4171","A"
"4","Trait5","FASTmrMLM","NsiI.TP689967","11","17624","-8.826e-06","0.0019","C"
"4","Trait5","FASTmrMLM","NsiI.TP689973","11","17625","-0.0254","0.3051","A"
"4","Trait5","FASTmrMLM","NsiI.TP690172","11","17627","-2.2121e-06","5e-04","A"
"4","Trait5","FASTmrMLM","NsiI.TP690545","11","17632","-0.0673","0.7635","C"
"4","Trait5","FASTmrMLM","NsiI.TP690675","11","17634","-3.6238e-05","0.0062","C"
"4","Trait5","FASTmrMLM","NsiI.TP690881","11","17635","-1.2636e-05","0.0028","C"
"4","Trait5","FASTmrMLM","NsiI.TP691074","11","17638","-5.5878e-06","0.0012","C"
"4","Trait5","FASTmrMLM","NsiI.TP691414","11","17639","0.0901","0.7797","A"
"4","Trait5","FASTmrMLM","NsiI.TP691582","11","17641","-1.5291e-05","0.0033","C"
"4","Trait5","FASTmrMLM","NsiI.TP691583","11","17642","4.6695e-06","0.001","C"
"4","Trait5","FASTmrMLM","NsiI.TP691592","11","17643","-3.9337e-06","9e-04","C"
"4","Trait5","FASTmrMLM","NsiI.TP691641","11","17644","-0.0414","0.4867","A"
"4","Trait5","FASTmrMLM","NsiI.TP692129","11","17648","0.037","0.2702","A"
"4","Trait5","FASTmrMLM","NsiI.TP692236","11","17649","1.585e-05","0.0035","A"
"4","Trait5","FASTmrMLM","NsiI.TP692248","11","17650","2.1458e-05","0.0047","A"
"4","Trait5","FASTmrMLM","NsiI.TP692491","11","17651","7.8031e-06","0.0017","G"
"4","Trait5","FASTmrMLM","NsiI.TP692508","11","17652","-2.6511e-05","0.0058","C"
"4","Trait5","FASTmrMLM","NsiI.TP692624","11","17654","1.5229e-05","0.0033","G"
"4","Trait5","FASTmrMLM","NsiI.TP693377","11","17658","-1.5696e-06","3e-04","C"
"4","Trait5","FASTmrMLM","NsiI.TP693422","11","17660","0.0531","0.2173","C"
"4","Trait5","FASTmrMLM","NsiI.TP693565","11","17661","1.9543e-05","0.0043","C"
"4","Trait5","FASTmrMLM","NsiI.TP693629","11","17662","-1.5892e-05","0.0035","A"
"4","Trait5","FASTmrMLM","NsiI.TP693646","11","17663","1.7541e-05","0.0038","C"
"4","Trait5","FASTmrMLM","NsiI.TP693668","11","17664","1.1452e-05","0.0025","A"
"4","Trait5","FASTmrMLM","NsiI.TP693676","11","17665","-4.7543e-06","0.001","C"
"4","Trait5","FASTmrMLM","NsiI.TP693683","11","17666","-2.3051e-07","5.0168e-05","A"
"4","Trait5","FASTmrMLM","NsiI.TP693729","11","17667","-0.0297","0.2642","C"
"4","Trait5","FASTmrMLM","NsiI.TP693731","11","17668","-0.0671","0.8719","C"
"4","Trait5","FASTmrMLM","NsiI.TP693776","11","17669","1.8561e-05","0.0041","C"
"4","Trait5","FASTmrMLM","NsiI.TP694131","11","17671","1.6892e-05","0.0037","A"
"4","Trait5","FASTmrMLM","NsiI.TP694209","11","17673","9.879e-06","0.0022","C"
"4","Trait5","FASTmrMLM","NsiI.TP694256","11","17674","0.1804","1.0553","C"
"4","Trait5","FASTmrMLM","NsiI.TP694568","11","17677","5.8782e-06","0.0013","C"
"4","Trait5","FASTmrMLM","NsiI.TP694811","11","17679","0.0408","0.1963","A"
"4","Trait5","FASTmrMLM","NsiI.TP694812","11","17680","-5.8788e-06","0.0013","C"
"4","Trait5","FASTmrMLM","NsiI.TP694818","11","17682","8.4067e-06","0.0018","A"
"4","Trait5","FASTmrMLM","NsiI.TP694893","11","17684","-2.2318e-05","0.0049","A"
"4","Trait5","FASTmrMLM","NsiI.TP695058","11","17685","3.3912e-05","0.0074","G"
"4","Trait5","FASTmrMLM","NsiI.TP695064","11","17686","7.3604e-06","0.0016","A"
"4","Trait5","FASTmrMLM","NsiI.TP695121","11","17687","2.5591e-05","0.0056","A"
"4","Trait5","FASTmrMLM","NsiI.TP695292","11","17688","-4.8171e-06","0.001","A"
"4","Trait5","FASTmrMLM","NsiI.TP695299","11","17689","-1.8459e-05","0.004","A"
"4","Trait5","FASTmrMLM","NsiI.TP695304","11","17690","-2.1491e-05","0.0047","G"
"4","Trait5","FASTmrMLM","NsiI.TP695418","11","17692","6.1156e-06","0.0013","A"
"4","Trait5","FASTmrMLM","NsiI.TP695487","11","17693","1.3799e-06","3e-04","C"
"4","Trait5","FASTmrMLM","NsiI.TP695766","11","17695","2.0887e-05","0.0046","A"
"4","Trait5","FASTmrMLM","NsiI.TP695932","11","17696","0.1469","1.2752","A"
"4","Trait5","FASTmrMLM","NsiI.TP696038","11","17699","-1.0532e-05","0.0023","A"
"4","Trait5","FASTmrMLM","NsiI.TP696555","11","17701","0.0316","0.2508","A"
"4","Trait5","FASTmrMLM","NsiI.TP696722","11","17702","-0.1737","1.7838","C"
"4","Trait5","FASTmrMLM","NsiI.TP696909","11","17703","-1.3612e-05","0.003","A"
"4","Trait5","FASTmrMLM","NsiI.TP696957","11","17704","6.9861e-06","0.0015","A"
"4","Trait5","FASTmrMLM","NsiI.TP697010","11","17706","3.2099e-05","0.007","A"
"4","Trait5","FASTmrMLM","NsiI.TP697028","11","17707","-3.5341e-05","0.0078","A"
"4","Trait5","FASTmrMLM","NsiI.TP697075","11","17708","-8.8132e-08","1.9179e-05","A"
"4","Trait5","FASTmrMLM","NsiI.TP697313","11","17709","-7.9583e-06","0.0017","A"
"4","Trait5","FASTmrMLM","NsiI.TP697340","11","17711","-0.1881","0.8829","A"
"4","Trait5","FASTmrMLM","NsiI.TP697359","11","17712","-0.1669","1.0966","C"
"4","Trait5","FASTmrMLM","NsiI.TP697504","11","17714","0.1814","0.9495","A"
"4","Trait5","FASTmrMLM","NsiI.TP697661","11","17716","-8.0314e-06","0.0018","A"
"4","Trait5","FASTmrMLM","NsiI.TP697722","11","17717","-3.5192e-06","8e-04","C"
"4","Trait5","FASTmrMLM","NsiI.TP697750","11","17718","-1.0911e-05","0.0024","A"
"4","Trait5","FASTmrMLM","NsiI.TP697867","11","17722","-0.0771","0.682","A"
"4","Trait5","FASTmrMLM","NsiI.TP697919","11","17723","-3.176e-05","0.007","C"
"4","Trait5","FASTmrMLM","NsiI.TP697941","11","17724","-9.401e-06","0.0021","G"
"4","Trait5","FASTmrMLM","NsiI.TP698028","11","17725","-0.0826","0.3665","A"
"4","Trait5","FASTmrMLM","NsiI.TP698207","11","17727","2.2599e-05","0.0049","C"
"4","Trait5","FASTmrMLM","NsiI.TP698238","11","17728","2.5622e-06","6e-04","C"
"4","Trait5","FASTmrMLM","NsiI.TP698266","11","17729","3.861e-05","0.0085","C"
"4","Trait5","FASTmrMLM","NsiI.TP698283","11","17730","-1.1415e-05","0.0025","A"
"4","Trait5","FASTmrMLM","NsiI.TP698289","11","17731","-1.2376e-05","0.0027","C"
"4","Trait5","FASTmrMLM","NsiI.TP698389","11","17732","-1.2178e-05","0.0027","A"
"4","Trait5","FASTmrMLM","NsiI.TP698766","11","17735","-1.4668e-05","0.0032","A"
"4","Trait5","FASTmrMLM","NsiI.TP698837","11","17737","8.9597e-06","0.002","C"
"4","Trait5","FASTmrMLM","NsiI.TP699401","11","17739","4.9139e-06","0.0011","C"
"4","Trait5","FASTmrMLM","NsiI.TP699960","11","17742","-0.0222","0.2267","C"
"4","Trait5","FASTmrMLM","NsiI.TP700221","11","17744","2.1432e-05","0.0047","A"
"4","Trait5","FASTmrMLM","NsiI.TP700450","11","17745","-2.1246e-05","0.0046","A"
"4","Trait5","FASTmrMLM","NsiI.TP700674","11","17746","4.433e-06","0.001","A"
"4","Trait5","FASTmrMLM","NsiI.TP700793","11","17747","-1.209e-05","0.0026","A"
"4","Trait5","FASTmrMLM","NsiI.TP700899","11","17748","-0.0605","0.6644","A"
"4","Trait5","FASTmrMLM","NsiI.TP701108","11","17750","-0.0328","0.3631","A"
"4","Trait5","FASTmrMLM","NsiI.TP701134","11","17751","2.0995e-06","5e-04","A"
"4","Trait5","FASTmrMLM","NsiI.TP701593","11","17752","-2.2069e-05","0.0048","C"
"4","Trait5","FASTmrMLM","NsiI.TP701668","11","17753","-1.1204e-05","0.0024","A"
"4","Trait5","FASTmrMLM","NsiI.TP701672","11","17754","-1.5842e-05","0.0035","A"
"4","Trait5","FASTmrMLM","NsiI.TP701762","11","17755","-3.788e-06","8e-04","A"
"4","Trait5","FASTmrMLM","NsiI.TP701784","11","17756","-0.1972","1.1545","C"
"4","Trait5","FASTmrMLM","NsiI.TP701791","11","17757","9.1808e-05","0.0069","A"
"4","Trait5","FASTmrMLM","NsiI.TP701894","11","17758","-3.7563e-06","8e-04","C"
"4","Trait5","FASTmrMLM","NsiI.TP701952","11","17759","2.6247e-06","6e-04","A"
"4","Trait5","FASTmrMLM","NsiI.TP701971","11","17760","-0.0666","0.5169","A"
"4","Trait5","FASTmrMLM","NsiI.TP702251","11","17761","-1.4746e-06","3e-04","A"
"4","Trait5","FASTmrMLM","NsiI.TP702531","11","17765","1.2529e-05","0.0027","A"
"4","Trait5","FASTmrMLM","NsiI.TP702687","11","17766","-5.6066e-06","0.0012","A"
"4","Trait5","FASTmrMLM","NsiI.TP702938","11","17769","-1.2465e-05","0.0027","C"
"4","Trait5","FASTmrMLM","NsiI.TP702976","11","17770","-0.0464","0.5188","G"
"4","Trait5","FASTmrMLM","NsiI.TP703062","11","17771","-5.1401e-06","0.0011","A"
"4","Trait5","FASTmrMLM","NsiI.TP703064","11","17772","2.9498e-05","0.0065","A"
"4","Trait5","FASTmrMLM","NsiI.TP703089","11","17773","9.962e-06","0.0022","A"
"4","Trait5","FASTmrMLM","NsiI.TP703168","11","17774","-2.6972e-05","0.0059","C"
"4","Trait5","FASTmrMLM","NsiI.TP703198","11","17775","-0.1348","0.7577","A"
"4","Trait5","FASTmrMLM","NsiI.TP703369","11","17776","0.0584","0.7804","A"
"4","Trait5","FASTmrMLM","NsiI.TP703496","11","17777","0.1316","0.9416","A"
"4","Trait5","FASTmrMLM","NsiI.TP703599","11","17779","-4.6743e-07","1e-04","A"
"4","Trait5","FASTmrMLM","NsiI.TP703637","11","17780","-0.1017","0.5593","C"
"4","Trait5","FASTmrMLM","NsiI.TP703703","11","17781","-0.2045","1.9537","C"
"4","Trait5","FASTmrMLM","NsiI.TP704052","11","17783","7.6511e-06","0.0017","A"
"4","Trait5","FASTmrMLM","NsiI.TP704103","11","17785","-3.5222e-06","8e-04","C"
"4","Trait5","FASTmrMLM","NsiI.TP704206","11","17787","-6.8672e-06","0.0015","A"
"4","Trait5","FASTmrMLM","NsiI.TP704217","11","17788","4.098e-05","0.009","C"
"4","Trait5","FASTmrMLM","NsiI.TP704346","11","17789","0.0941","0.5604","A"
"4","Trait5","FASTmrMLM","NsiI.TP704604","11","17792","0.1088","0.9886","A"
"4","Trait5","FASTmrMLM","NsiI.TP704782","11","17795","-0.2025","1.2627","C"
"4","Trait5","FASTmrMLM","NsiI.TP704785","11","17796","1.2267e-05","0.0027","A"
"4","Trait5","FASTmrMLM","NsiI.TP704858","11","17797","0.1897","1.605","C"
"4","Trait5","FASTmrMLM","NsiI.TP704916","11","17798","1.6e-05","0.0035","C"
"4","Trait5","FASTmrMLM","NsiI.TP704953","11","17799","0.0743","0.3589","A"
"4","Trait5","FASTmrMLM","NsiI.TP705001","11","17801","-1.8792e-05","0.0041","C"
"4","Trait5","FASTmrMLM","NsiI.TP705137","11","17802","1.3409e-05","0.0029","A"
"4","Trait5","FASTmrMLM","NsiI.TP705359","11","17803","-1.3265e-05","0.0029","C"
"4","Trait5","FASTmrMLM","NsiI.TP705395","11","17804","-1.2697e-05","0.0028","C"
"4","Trait5","FASTmrMLM","NsiI.TP705462","11","17805","-1.1793e-05","0.0026","C"
"4","Trait5","FASTmrMLM","NsiI.TP705516","11","17807","1.151e-05","0.0025","A"
"4","Trait5","FASTmrMLM","NsiI.TP705689","11","17810","1.7902e-05","0.0039","C"
"4","Trait5","FASTmrMLM","NsiI.TP705700","11","17811","-0.0395","0.29","A"
"4","Trait5","FASTmrMLM","NsiI.TP705713","11","17812","-2.3386e-05","0.0051","C"
"4","Trait5","FASTmrMLM","NsiI.TP705776","11","17813","2.6875e-06","6e-04","C"
"4","Trait5","FASTmrMLM","NsiI.TP705862","11","17814","2e-04","0.0148","A"
"4","Trait5","FASTmrMLM","NsiI.TP705906","11","17815","0.076","0.4213","A"
"4","Trait5","FASTmrMLM","NsiI.TP705916","11","17816","2e-04","0.0122","A"
"4","Trait5","FASTmrMLM","NsiI.TP706024","11","17817","0.0216","0.1563","C"
"4","Trait5","FASTmrMLM","NsiI.TP706149","11","17819","7.8217e-06","0.0017","C"
"4","Trait5","FASTmrMLM","NsiI.TP706204","11","17820","1.4487e-05","0.0032","C"
"4","Trait5","FASTmrMLM","NsiI.TP706248","11","17821","1.9892e-05","0.0044","C"
"4","Trait5","FASTmrMLM","NsiI.TP706277","11","17822","-0.1419","0.9587","A"
"4","Trait5","FASTmrMLM","NsiI.TP706384","11","17824","2.25e-05","0.0049","C"
"4","Trait5","FASTmrMLM","NsiI.TP706396","11","17825","-1.8518e-05","0.004","A"
"4","Trait5","FASTmrMLM","NsiI.TP706441","11","17826","-5.6559e-06","0.0012","C"
"4","Trait5","FASTmrMLM","NsiI.TP706672","11","17828","-8.6229e-06","0.0019","A"
"4","Trait5","FASTmrMLM","NsiI.TP706681","11","17829","-5.9102e-06","0.0013","C"
"4","Trait5","FASTmrMLM","NsiI.TP706683","11","17830","0.1387","0.7528","A"
"4","Trait5","FASTmrMLM","NsiI.TP706701","11","17831","-0.411","3.3052","A"
"4","Trait5","FASTmrMLM","NsiI.TP706862","11","17832","4.0371e-05","0.0089","A"
"4","Trait5","FASTmrMLM","NsiI.TP706931","11","17833","-0.1563","0.7983","A"
"4","Trait5","FASTmrMLM","NsiI.TP706961","11","17835","-0.0456","0.2112","C"
"4","Trait5","FASTmrMLM","NsiI.TP706966","11","17836","-6.2788e-06","0.0014","A"
"4","Trait5","FASTmrMLM","NsiI.TP706977","11","17837","0.0909","0.406","C"
"4","Trait5","FASTmrMLM","NsiI.TP707069","11","17839","-4.5613e-05","0.01","C"
"4","Trait5","FASTmrMLM","NsiI.TP707081","11","17840","0.1071","0.7553","C"
"4","Trait5","FASTmrMLM","NsiI.TP707307","11","17842","0.0807","0.789","G"
"4","Trait5","FASTmrMLM","NsiI.TP707407","11","17844","1.0479e-05","0.0023","A"
"4","Trait5","FASTmrMLM","NsiI.TP707600","11","17845","0.0384","0.3923","A"
"4","Trait5","FASTmrMLM","NsiI.TP707818","11","17846","-9.3439e-06","0.002","A"
"4","Trait5","FASTmrMLM","NsiI.TP708263","11","17847","-2.2859e-05","0.005","A"
"4","Trait5","FASTmrMLM","NsiI.TP708320","11","17849","0.1044","0.692","C"
"4","Trait5","FASTmrMLM","NsiI.TP708365","11","17850","0.0754","0.6393","A"
"4","Trait5","FASTmrMLM","NsiI.TP708440","11","17852","-2.0056e-05","0.0044","A"
"4","Trait5","FASTmrMLM","NsiI.TP708480","11","17853","-2.9845e-05","0.0065","C"
"4","Trait5","FASTmrMLM","NsiI.TP708539","11","17854","2.3611e-05","0.0052","C"
"4","Trait5","FASTmrMLM","NsiI.TP708561","11","17855","-2.6547e-05","0.0055","C"
"4","Trait5","FASTmrMLM","NsiI.TP708836","11","17857","0.2079","1.851","A"
"4","Trait5","FASTmrMLM","NsiI.TP708843","11","17858","-1.203e-05","0.0026","A"
"4","Trait5","FASTmrMLM","NsiI.TP708852","11","17859","-2.2802e-05","0.005","A"
"4","Trait5","FASTmrMLM","NsiI.TP708868","11","17860","0.0192","0.1858","C"
"4","Trait5","FASTmrMLM","NsiI.TP708907","11","17861","-7.2969e-06","0.0016","A"
"4","Trait5","FASTmrMLM","NsiI.TP708917","11","17862","2.8242e-05","0.0062","A"
"4","Trait5","FASTmrMLM","NsiI.TP709042","11","17863","-4.6665e-06","0.001","A"
"4","Trait5","FASTmrMLM","NsiI.TP709151","11","17865","-1.4531e-05","0.0032","C"
"4","Trait5","FASTmrMLM","NsiI.TP709190","11","17866","-1.1987e-05","0.0026","C"
"4","Trait5","FASTmrMLM","NsiI.TP709445","11","17868","1.8094e-05","0.004","C"
"4","Trait5","FASTmrMLM","NsiI.TP709471","11","17869","2.1069e-06","5e-04","A"
"4","Trait5","FASTmrMLM","NsiI.TP709489","11","17870","-2.2151e-07","4.8212e-05","A"
"4","Trait5","FASTmrMLM","NsiI.TP709794","11","17871","-9.4132e-06","0.0021","C"
"4","Trait5","FASTmrMLM","NsiI.TP709972","11","17872","1.7769e-05","0.0039","C"
"4","Trait5","FASTmrMLM","NsiI.TP710370","11","17875","2.5137e-05","0.0055","C"
"4","Trait5","FASTmrMLM","NsiI.TP710424","11","17877","-2.1463e-05","0.0047","C"
"4","Trait5","FASTmrMLM","NsiI.TP710558","11","17880","-0.1667","1.3736","C"
"4","Trait5","FASTmrMLM","NsiI.TP710614","11","17881","-0.0246","0.2142","C"
"4","Trait5","FASTmrMLM","NsiI.TP710685","11","17883","1.2738e-05","0.0028","A"
"4","Trait5","FASTmrMLM","NsiI.TP710713","11","17884","5.8857e-06","0.0013","C"
"4","Trait5","FASTmrMLM","NsiI.TP710737","11","17885","-8.4316e-06","0.0018","A"
"4","Trait5","FASTmrMLM","NsiI.TP710759","11","17886","-2.8766e-06","6e-04","A"
"4","Trait5","FASTmrMLM","NsiI.TP710806","11","17887","-3.2381e-05","0.0071","A"
"4","Trait5","FASTmrMLM","NsiI.TP710816","11","17888","-0.1409","0.7633","A"
"4","Trait5","FASTmrMLM","NsiI.TP710907","11","17889","3.2775e-07","7.1332e-05","A"
"4","Trait5","FASTmrMLM","NsiI.TP710914","11","17890","2.5568e-06","6e-04","A"
"4","Trait5","FASTmrMLM","NsiI.TP710917","11","17891","-1.5543e-05","0.0034","A"
"4","Trait5","FASTmrMLM","NsiI.TP710975","11","17893","0.1362","0.6041","A"
"4","Trait5","FASTmrMLM","NsiI.TP710986","11","17894","0.1005","0.8869","A"
"4","Trait5","FASTmrMLM","NsiI.TP711020","11","17897","1.092e-05","0.0024","C"
"4","Trait5","FASTmrMLM","NsiI.TP711155","11","17898","2.3832e-05","0.0052","C"
"4","Trait5","FASTmrMLM","NsiI.TP711166","11","17899","1.4162e-06","3e-04","C"
"4","Trait5","FASTmrMLM","NsiI.TP711668","11","17900","1.0822e-06","2e-04","A"
"4","Trait5","FASTmrMLM","NsiI.TP711909","11","17901","0.0106","0.1686","A"
"4","Trait5","FASTmrMLM","NsiI.TP712004","11","17903","-8.024e-06","0.0017","G"
"4","Trait5","FASTmrMLM","NsiI.TP712033","11","17904","4.2377e-06","9e-04","C"
"4","Trait5","FASTmrMLM","NsiI.TP712102","11","17905","0.158","0.6324","C"
"4","Trait5","FASTmrMLM","NsiI.TP712124","11","17906","1.2396e-05","0.0027","A"
"4","Trait5","FASTmrMLM","NsiI.TP712567","11","17908","8.2506e-08","1.7959e-05","C"
"4","Trait5","FASTmrMLM","NsiI.TP712607","11","17910","-0.0743","0.6098","C"
"4","Trait5","FASTmrMLM","NsiI.TP712786","11","17911","1.5607e-05","0.0034","C"
"4","Trait5","FASTmrMLM","NsiI.TP712947","11","17912","0.0103","0.1413","C"
"4","Trait5","FASTmrMLM","NsiI.TP713142","11","17913","-0.0319","0.3829","C"
"4","Trait5","FASTmrMLM","NsiI.TP713418","11","17914","1.1223e-05","0.0024","C"
"4","Trait5","FASTmrMLM","NsiI.TP713435","11","17915","0.2673","3.1818","C"
"4","Trait5","FASTmrMLM","NsiI.TP713437","11","17916","-0.0542","0.3694","G"
"4","Trait5","FASTmrMLM","NsiI.TP713895","11","17919","-1.0193e-05","0.0022","A"
"4","Trait5","FASTmrMLM","NsiI.TP713928","11","17920","-0.0895","0.5455","A"
"4","Trait5","FASTmrMLM","NsiI.TP714128","11","17921","3.593e-06","8e-04","C"
"4","Trait5","FASTmrMLM","NsiI.TP714144","11","17922","1.0082e-05","0.0022","C"
"4","Trait5","FASTmrMLM","NsiI.TP714188","11","17923","-1.5956e-06","3e-04","A"
"4","Trait5","FASTmrMLM","NsiI.TP714330","11","17924","1.2066e-05","0.0026","A"
"4","Trait5","FASTmrMLM","NsiI.TP714342","11","17925","3e-04","0.0154","G"
"4","Trait5","FASTmrMLM","NsiI.TP714398","11","17926","-1.6975e-07","3.6944e-05","A"
"4","Trait5","FASTmrMLM","NsiI.TP714678","11","17927","0.2371","1.5048","C"
"4","Trait5","FASTmrMLM","NsiI.TP714726","11","17928","-0.0415","0.3608","C"
"4","Trait5","FASTmrMLM","NsiI.TP714864","11","17931","-1.1763e-05","0.0026","A"
"4","Trait5","FASTmrMLM","NsiI.TP714921","11","17932","-0.1597","1.8944","C"
"4","Trait5","FASTmrMLM","NsiI.TP714954","11","17934","-2.1675e-06","5e-04","A"
"4","Trait5","FASTmrMLM","NsiI.TP715038","11","17936","-3.2062e-05","0.007","A"
"4","Trait5","FASTmrMLM","NsiI.TP715149","11","17939","-2.0926e-07","4.554e-05","C"
"4","Trait5","FASTmrMLM","NsiI.TP715168","11","17940","0.0197","0.2472","A"
"4","Trait5","FASTmrMLM","NsiI.TP715339","11","17943","2.0511e-05","0.0045","A"
"4","Trait5","FASTmrMLM","NsiI.TP715464","11","17944","3.0636e-05","0.0067","A"
"4","Trait5","FASTmrMLM","NsiI.TP715620","11","17946","0.1945","2.0113","A"
"4","Trait5","FASTmrMLM","NsiI.TP715632","11","17947","-1.61e-05","0.0035","C"
"4","Trait5","FASTmrMLM","NsiI.TP715828","11","17949","2.9408e-05","0.0064","A"
"4","Trait5","FASTmrMLM","NsiI.TP716000","11","17950","-1.2215e-06","3e-04","G"
"4","Trait5","FASTmrMLM","NsiI.TP716024","11","17951","2.9899e-05","0.0066","A"
"4","Trait5","FASTmrMLM","NsiI.TP716106","11","17952","-2.9943e-05","0.0056","G"
"4","Trait5","FASTmrMLM","NsiI.TP716122","11","17953","1.7237e-05","0.0038","A"
"4","Trait5","FASTmrMLM","NsiI.TP716139","11","17954","-5.4882e-06","0.0012","A"
"4","Trait5","FASTmrMLM","NsiI.TP716271","11","17956","0.0727","0.4243","A"
"4","Trait5","FASTmrMLM","NsiI.TP716281","11","17957","-0.0482","0.6035","C"
"4","Trait5","FASTmrMLM","NsiI.TP716296","11","17958","0.2264","1.1335","A"
"4","Trait5","FASTmrMLM","NsiI.TP716302","11","17959","-0.0211","0.2602","C"
"4","Trait5","FASTmrMLM","NsiI.TP716358","11","17960","-1.5695e-05","0.0034","C"
"4","Trait5","FASTmrMLM","NsiI.TP716684","11","17963","1.5467e-05","0.0034","A"
"4","Trait5","FASTmrMLM","NsiI.TP716754","11","17965","9.8962e-06","0.0022","C"
"4","Trait5","FASTmrMLM","NsiI.TP716782","11","17967","-3.4081e-06","7e-04","A"
"4","Trait5","FASTmrMLM","NsiI.TP717028","11","17968","-0.1711","1.1388","C"
"4","Trait5","FASTmrMLM","NsiI.TP717563","11","17975","2.1453e-05","0.0047","A"
"4","Trait5","FASTmrMLM","NsiI.TP718245","11","17978","-1.6443e-05","0.0036","C"
"4","Trait5","FASTmrMLM","NsiI.TP718259","11","17979","-1.5319e-06","3e-04","G"
"4","Trait5","FASTmrMLM","NsiI.TP718317","11","17980","-0.067","0.7979","C"
"4","Trait5","FASTmrMLM","NsiI.TP718410","11","17981","9.0756e-07","2e-04","A"
"4","Trait5","FASTmrMLM","NsiI.TP718474","11","17983","-2.8779e-06","6e-04","C"
"4","Trait5","FASTmrMLM","NsiI.TP718476","11","17984","2.326e-05","0.0051","A"
"4","Trait5","FASTmrMLM","NsiI.TP718935","11","17986","-1e-04","0.0113","C"
"4","Trait5","FASTmrMLM","NsiI.TP719297","11","17990","6.2687e-06","0.0014","C"
"4","Trait5","FASTmrMLM","NsiI.TP719628","11","17992","-1.7041e-06","4e-04","G"
"4","Trait5","FASTmrMLM","NsiI.TP719759","11","17993","-0.3022","1.2875","A"
"4","Trait5","FASTmrMLM","NsiI.TP719810","11","17994","9.8791e-06","0.0022","A"
"4","Trait5","FASTmrMLM","NsiI.TP719903","11","17995","-8.9215e-07","2e-04","C"
"4","Trait5","FASTmrMLM","NsiI.TP719981","11","17997","-6.2246e-06","0.0014","C"
"4","Trait5","FASTmrMLM","NsiI.TP720017","11","17998","-4.5576e-06","0.001","A"
"4","Trait5","FASTmrMLM","NsiI.TP720058","11","17999","-2.5707e-05","0.0042","A"
"4","Trait5","FASTmrMLM","NsiI.TP720148","11","18000","-1.8634e-05","0.0041","C"
"4","Trait5","FASTmrMLM","NsiI.TP720303","11","18002","-2.8608e-05","0.0063","A"
"4","Trait5","FASTmrMLM","NsiI.TP720310","11","18003","0.2374","1.3207","A"
"4","Trait5","FASTmrMLM","NsiI.TP720396","11","18004","-3.4566e-05","0.0076","A"
"4","Trait5","FASTmrMLM","NsiI.TP720511","11","18007","1.2111e-05","0.0026","C"
"4","Trait5","FASTmrMLM","NsiI.TP720542","11","18009","-6.0539e-06","0.0013","A"
"4","Trait5","FASTmrMLM","NsiI.TP720698","11","18010","1.5426e-05","0.0034","C"
"4","Trait5","FASTmrMLM","NsiI.TP720994","11","18012","-1.0053e-05","0.0022","A"
"4","Trait5","FASTmrMLM","NsiI.TP721018","11","18013","-1.4777e-05","0.0032","G"
"4","Trait5","FASTmrMLM","NsiI.TP721063","11","18014","7.4943e-06","0.0016","A"
"4","Trait5","FASTmrMLM","NsiI.TP721094","11","18015","7.1932e-06","0.0016","A"
"4","Trait5","FASTmrMLM","NsiI.TP721710","11","18017","1.593e-05","0.0035","A"
"4","Trait5","FASTmrMLM","NsiI.TP721756","11","18018","4.2718e-05","0.0094","G"
"4","Trait5","FASTmrMLM","NsiI.TP721969","11","18020","1.2725e-05","0.0028","C"
"4","Trait5","FASTmrMLM","NsiI.TP722048","11","18022","-7.0876e-06","0.0015","C"
"4","Trait5","FASTmrMLM","NsiI.TP722177","11","18024","1.1552e-06","3e-04","A"
"4","Trait5","FASTmrMLM","NsiI.TP722300","11","18025","3.692e-05","0.0081","C"
"4","Trait5","FASTmrMLM","NsiI.TP722431","11","18026","-3.4454e-06","8e-04","A"
"4","Trait5","FASTmrMLM","NsiI.TP722762","11","18028","-2.2522e-05","0.0049","G"
"4","Trait5","FASTmrMLM","NsiI.TP722813","11","18030","1.2132e-05","0.0026","C"
"4","Trait5","FASTmrMLM","NsiI.TP723025","11","18031","-5.2803e-06","0.0012","C"
"4","Trait5","FASTmrMLM","NsiI.TP723097","11","18034","0.0522","0.44","A"
"4","Trait5","FASTmrMLM","NsiI.TP723260","11","18036","-0.1014","1.0352","C"
"4","Trait5","FASTmrMLM","NsiI.TP723262","11","18037","5.9509e-06","0.0013","A"
"4","Trait5","FASTmrMLM","NsiI.TP723468","11","18040","3.1224e-05","0.0068","C"
"4","Trait5","FASTmrMLM","NsiI.TP723786","11","18041","3.8236e-05","0.0084","G"
"4","Trait5","FASTmrMLM","NsiI.TP723787","11","18042","7.9074e-06","0.0017","C"
"4","Trait5","FASTmrMLM","NsiI.TP723925","11","18044","9.5612e-06","0.0021","C"
"4","Trait5","FASTmrMLM","NsiI.TP724010","11","18045","7.0056e-06","0.0015","A"
"4","Trait5","FASTmrMLM","NsiI.TP724026","11","18046","0.0152","0.2587","C"
"4","Trait5","FASTmrMLM","NsiI.TP724189","11","18049","0.1223","0.854","C"
"4","Trait5","FASTmrMLM","NsiI.TP724994","11","18051","1.2413e-05","0.0027","A"
"4","Trait5","FASTmrMLM","NsiI.TP725146","11","18052","3.5222e-05","0.0077","A"
"4","Trait5","FASTmrMLM","NsiI.TP725266","11","18053","-0.2969","1.7684","C"
"4","Trait5","FASTmrMLM","NsiI.TP725330","11","18054","0.1051","0.915","A"
"4","Trait5","FASTmrMLM","NsiI.TP725362","11","18055","3.3637e-05","0.0074","A"
"4","Trait5","FASTmrMLM","NsiI.TP725502","11","18057","4.1288e-06","9e-04","A"
"4","Trait5","FASTmrMLM","NsiI.TP725567","11","18058","0.1248","0.7087","A"
"4","Trait5","FASTmrMLM","NsiI.TP726610","11","18059","-0.1106","0.4706","C"
"4","Trait5","FASTmrMLM","NsiI.TP726622","11","18060","-0.2615","1.1588","C"
"4","Trait5","FASTmrMLM","NsiI.TP726655","11","18061","-5.5032e-06","0.0012","A"
"4","Trait5","FASTmrMLM","NsiI.TP726703","11","18062","0.0881","1.1869","C"
"4","Trait5","FASTmrMLM","NsiI.TP726942","11","18063","1.7161e-05","0.0038","A"
"4","Trait5","FASTmrMLM","NsiI.TP726982","11","18064","-0.0257","0.2524","C"
"4","Trait5","FASTmrMLM","NsiI.TP726987","11","18065","0.1853","1.2467","C"
"4","Trait5","FASTmrMLM","NsiI.TP727098","11","18066","-3.1392e-05","0.0069","C"
"4","Trait5","FASTmrMLM","NsiI.TP727186","11","18067","1.1851e-05","0.0026","C"
"4","Trait5","FASTmrMLM","NsiI.TP727988","11","18069","-5.9782e-06","0.0013","C"
"4","Trait5","FASTmrMLM","NsiI.TP728403","11","18070","2.3366e-05","0.0051","A"
"4","Trait5","FASTmrMLM","NsiI.TP728788","11","18071","1.0712e-05","0.0023","C"
"4","Trait5","FASTmrMLM","NsiI.TP729037","11","18073","-0.0442","0.5343","C"
"4","Trait5","FASTmrMLM","NsiI.TP729087","11","18074","1.0533e-05","0.0023","C"
"4","Trait5","FASTmrMLM","NsiI.TP729322","11","18076","-9.846e-06","0.0021","C"
"4","Trait5","FASTmrMLM","NsiI.TP729673","11","18080","0.0874","0.8043","C"
"4","Trait5","FASTmrMLM","NsiI.TP729691","11","18081","1.9815e-05","0.0043","A"
"4","Trait5","FASTmrMLM","NsiI.TP729698","11","18082","-1.9137e-05","0.0042","C"
"4","Trait5","FASTmrMLM","NsiI.TP730351","11","18084","0.0079","0.1473","C"
"4","Trait5","FASTmrMLM","NsiI.TP730471","11","18085","-7.5997e-06","0.0017","A"
"4","Trait5","FASTmrMLM","NsiI.TP730545","11","18087","1.2156e-05","0.0027","C"
"4","Trait5","FASTmrMLM","NsiI.TP730614","11","18088","-2.305e-05","0.005","C"
"4","Trait5","FASTmrMLM","NsiI.TP730817","11","18090","2.0874e-06","5e-04","C"
"4","Trait5","FASTmrMLM","NsiI.TP730827","11","18091","2.9821e-05","0.0065","A"
"4","Trait5","FASTmrMLM","NsiI.TP730868","11","18092","-7.535e-06","0.0016","A"
"4","Trait5","FASTmrMLM","NsiI.TP730965","11","18093","0.1038","1.11","A"
"4","Trait5","FASTmrMLM","NsiI.TP731030","11","18095","0.1213","0.4888","C"
"4","Trait5","FASTmrMLM","NsiI.TP731293","11","18096","-6.2723e-06","0.0014","A"
"4","Trait5","FASTmrMLM","NsiI.TP731302","11","18097","-4.3844e-06","0.001","C"
"4","Trait5","FASTmrMLM","NsiI.TP731490","11","18098","-0.039","0.4569","A"
"4","Trait5","FASTmrMLM","NsiI.TP731536","11","18099","1.9695e-05","0.0043","A"
"4","Trait5","FASTmrMLM","NsiI.TP731617","11","18100","-1.8904e-05","0.0041","A"
"4","Trait5","FASTmrMLM","NsiI.TP731629","11","18101","3.1298e-06","7e-04","A"
"4","Trait5","FASTmrMLM","NsiI.TP731646","11","18102","-1.4504e-05","0.0032","A"
"4","Trait5","FASTmrMLM","NsiI.TP731678","11","18103","-2.6362e-05","0.0058","C"
"4","Trait5","FASTmrMLM","NsiI.TP731691","11","18104","-1.9679e-05","0.0043","C"
"4","Trait5","FASTmrMLM","NsiI.TP731812","11","18106","0.2109","1.1556","C"
"4","Trait5","FASTmrMLM","NsiI.TP731856","11","18107","-0.0085","0.1405","C"
"4","Trait5","FASTmrMLM","NsiI.TP731857","11","18108","-4.627e-06","0.001","C"
"4","Trait5","FASTmrMLM","NsiI.TP732055","11","18109","-1.5513e-05","0.0034","C"
"4","Trait5","FASTmrMLM","NsiI.TP732085","11","18110","-2.6049e-05","0.0057","C"
"4","Trait5","FASTmrMLM","NsiI.TP732133","11","18112","-2.1129e-05","0.0046","C"
"4","Trait5","FASTmrMLM","NsiI.TP732153","11","18113","-1.1375e-05","0.0025","C"
"4","Trait5","FASTmrMLM","NsiI.TP732249","11","18115","-0.0718","0.5761","A"
"4","Trait5","FASTmrMLM","NsiI.TP732250","11","18116","-0.0902","0.5162","C"
"4","Trait5","FASTmrMLM","NsiI.TP732537","11","18118","1.0346e-05","0.0023","A"
"4","Trait5","FASTmrMLM","NsiI.TP732539","11","18119","0.0121","0.1411","C"
"4","Trait5","FASTmrMLM","NsiI.TP732585","11","18120","-1.3362e-05","0.0029","A"
"4","Trait5","FASTmrMLM","NsiI.TP732679","11","18121","-2.4783e-05","0.0054","C"
"4","Trait5","FASTmrMLM","NsiI.TP732684","11","18122","4.067e-06","9e-04","A"
"4","Trait5","FASTmrMLM","NsiI.TP732714","11","18123","8.9451e-06","0.002","C"
"4","Trait5","FASTmrMLM","NsiI.TP732958","11","18125","0.0171","0.1667","A"
"4","Trait5","FASTmrMLM","NsiI.TP733138","11","18126","1.6212e-07","3.5282e-05","A"
"4","Trait5","FASTmrMLM","NsiI.TP733275","11","18127","2.501e-05","0.0055","C"
"4","Trait5","FASTmrMLM","NsiI.TP733766","11","18129","-1.238e-05","0.0027","C"
"4","Trait5","FASTmrMLM","NsiI.TP734072","11","18130","-3.2873e-05","0.0072","C"
"4","Trait5","FASTmrMLM","NsiI.TP734463","11","18131","-0.1156","0.6178","C"
"4","Trait5","FASTmrMLM","NsiI.TP734605","11","18132","-2.6016e-05","0.0057","A"
"4","Trait5","FASTmrMLM","NsiI.TP734694","11","18133","-1.9208e-05","0.0042","C"
"4","Trait5","FASTmrMLM","NsiI.TP734854","11","18135","-7.4875e-06","0.0016","A"
"4","Trait5","FASTmrMLM","NsiI.TP734981","11","18136","-3e-04","0.0151","C"
"4","Trait5","FASTmrMLM","NsiI.TP735064","11","18137","-3.4066e-05","0.0075","A"
"4","Trait5","FASTmrMLM","NsiI.TP735281","11","18138","-0.0873","0.4758","A"
"4","Trait5","FASTmrMLM","NsiI.TP735682","11","18141","-7.3883e-06","0.0016","A"
"4","Trait5","FASTmrMLM","NsiI.TP735702","11","18142","3.4319e-07","7.4716e-05","A"
"4","Trait5","FASTmrMLM","NsiI.TP735839","11","18143","6.3413e-06","0.0014","A"
"4","Trait5","FASTmrMLM","NsiI.TP735924","11","18144","-1.6541e-05","0.0036","C"
"4","Trait5","FASTmrMLM","NsiI.TP736179","11","18146","0.2961","1.631","A"
"4","Trait5","FASTmrMLM","NsiI.TP736273","11","18148","0.0296","0.3982","G"
"4","Trait5","FASTmrMLM","NsiI.TP736287","11","18149","-0.1944","1.5137","C"
"4","Trait5","FASTmrMLM","NsiI.TP736477","11","18151","-3e-04","0.0159","C"
"4","Trait5","FASTmrMLM","NsiI.TP736658","11","18152","8.3845e-06","0.0018","A"
"4","Trait5","FASTmrMLM","NsiI.TP736659","11","18153","6.61e-06","0.0014","C"
"4","Trait5","FASTmrMLM","NsiI.TP736660","11","18154","7.3513e-06","0.0016","G"
"4","Trait5","FASTmrMLM","NsiI.TP736821","11","18156","0.1062","0.7441","C"
"4","Trait5","FASTmrMLM","NsiI.TP736946","11","18157","-0.0206","0.3072","C"
"4","Trait5","FASTmrMLM","NsiI.TP737150","11","18160","-2.8638e-05","0.0063","C"
"4","Trait5","FASTmrMLM","NsiI.TP737174","11","18161","2.2134e-05","0.0048","C"
"4","Trait5","FASTmrMLM","NsiI.TP737533","11","18164","-1.8704e-05","0.0041","A"
"4","Trait5","FASTmrMLM","NsiI.TP737845","11","18165","7.9667e-06","0.0017","C"
"4","Trait5","FASTmrMLM","NsiI.TP737867","11","18167","-0.0217","0.194","A"
"4","Trait5","FASTmrMLM","NsiI.TP737957","11","18168","-0.0498","0.5102","A"
"4","Trait5","FASTmrMLM","NsiI.TP738000","11","18170","3.2142e-06","7e-04","C"
"4","Trait5","FASTmrMLM","NsiI.TP738105","11","18171","-6.4582e-06","0.0014","A"
"4","Trait5","FASTmrMLM","NsiI.TP738108","11","18172","-0.0779","0.323","A"
"4","Trait5","FASTmrMLM","NsiI.TP738214","11","18173","4.4011e-06","0.001","C"
"4","Trait5","FASTmrMLM","NsiI.TP738252","11","18174","4.882e-06","0.0011","G"
"4","Trait5","FASTmrMLM","NsiI.TP738305","11","18175","2.8541e-05","0.0063","A"
"4","Trait5","FASTmrMLM","NsiI.TP738394","11","18176","-1.0483e-05","0.0023","A"
"4","Trait5","FASTmrMLM","NsiI.TP738505","11","18177","8.4147e-06","0.0018","A"
"4","Trait5","FASTmrMLM","NsiI.TP738793","11","18179","-2.5641e-05","0.0056","A"
"4","Trait5","FASTmrMLM","NsiI.TP738918","11","18181","0.1196","0.8111","A"
"4","Trait5","FASTmrMLM","NsiI.TP738919","11","18182","0.174","1.1733","C"
"4","Trait5","FASTmrMLM","NsiI.TP738981","11","18183","-0.1177","0.8866","A"
"4","Trait5","FASTmrMLM","NsiI.TP739042","11","18185","-1.156e-05","0.0025","C"
"4","Trait5","FASTmrMLM","NsiI.TP739142","11","18186","3.2961e-05","0.0046","C"
"4","Trait5","FASTmrMLM","NsiI.TP739212","11","18187","4.4831e-06","0.001","A"
"4","Trait5","FASTmrMLM","NsiI.TP739321","11","18189","-1.825e-05","0.004","A"
"4","Trait5","FASTmrMLM","NsiI.TP739343","11","18190","0.1325","1.1378","A"
"4","Trait5","FASTmrMLM","NsiI.TP739382","11","18191","-5.3866e-07","1e-04","C"
"4","Trait5","FASTmrMLM","NsiI.TP739565","11","18192","-9.5611e-06","0.0021","A"
"4","Trait5","FASTmrMLM","NsiI.TP740164","11","18193","-2.2193e-05","0.0049","C"
"4","Trait5","FASTmrMLM","NsiI.TP740361","11","18195","6.3753e-07","1e-04","A"
"4","Trait5","FASTmrMLM","NsiI.TP740377","11","18196","3.5076e-05","0.0077","C"
"4","Trait5","FASTmrMLM","NsiI.TP740448","11","18197","-0.0507","0.2984","G"
"4","Trait5","FASTmrMLM","NsiI.TP740692","11","18200","1.5181e-05","0.0033","C"
"4","Trait5","FASTmrMLM","NsiI.TP741017","11","18201","-1.8534e-05","0.0041","A"
"4","Trait5","FASTmrMLM","NsiI.TP741045","11","18202","-3.1204e-05","0.0068","A"
"4","Trait5","FASTmrMLM","NsiI.TP741216","11","18203","-1.1455e-05","0.0025","C"
"4","Trait5","FASTmrMLM","NsiI.TP741259","11","18204","0.0369","0.3993","A"
"4","Trait5","FASTmrMLM","NsiI.TP741298","11","18205","1.5908e-05","0.0035","C"
"4","Trait5","FASTmrMLM","NsiI.TP741302","11","18206","-7.2395e-07","2e-04","C"
"4","Trait5","FASTmrMLM","NsiI.TP741309","11","18207","-6.96e-06","0.0015","A"
"4","Trait5","FASTmrMLM","NsiI.TP741311","11","18208","1.908e-05","0.0042","C"
"4","Trait5","FASTmrMLM","NsiI.TP741392","11","18210","-0.0736","0.3212","A"
"4","Trait5","FASTmrMLM","NsiI.TP741499","11","18211","-1.0471e-05","0.0023","C"
"4","Trait5","FASTmrMLM","NsiI.TP741558","11","18212","0.0409","0.32","C"
"4","Trait5","FASTmrMLM","NsiI.TP741706","11","18214","2.3218e-05","0.0051","A"
"4","Trait5","FASTmrMLM","NsiI.TP741754","11","18216","0.0884","0.7364","C"
"4","Trait5","FASTmrMLM","NsiI.TP741904","11","18218","2.7912e-06","6e-04","A"
"4","Trait5","FASTmrMLM","NsiI.TP742073","11","18220","-0.0481","0.2919","C"
"4","Trait5","FASTmrMLM","NsiI.TP742436","11","18224","1.6948e-06","4e-04","C"
"4","Trait5","FASTmrMLM","NsiI.TP742642","11","18225","-1.0816e-05","0.0024","C"
"4","Trait5","FASTmrMLM","NsiI.TP742717","11","18226","0.0359","0.4722","A"
"4","Trait5","FASTmrMLM","NsiI.TP742765","11","18227","-1.5732e-06","3e-04","C"
"4","Trait5","FASTmrMLM","NsiI.TP742785","11","18229","-0.0611","0.4293","C"
"4","Trait5","FASTmrMLM","NsiI.TP742798","11","18230","-0.0815","0.9626","G"
"4","Trait5","FASTmrMLM","NsiI.TP742852","11","18231","-0.0545","0.3646","C"
"4","Trait5","FASTmrMLM","NsiI.TP743045","11","18233","5.1463e-06","0.0011","G"
"4","Trait5","FASTmrMLM","NsiI.TP743083","11","18234","-0.1194","0.5501","A"
"4","Trait5","FASTmrMLM","NsiI.TP743231","11","18235","9.6325e-06","0.0021","A"
"4","Trait5","FASTmrMLM","NsiI.TP743293","11","18236","9.1451e-06","0.002","A"
"4","Trait5","FASTmrMLM","NsiI.TP743499","11","18238","-0.0753","0.4718","A"
"4","Trait5","FASTmrMLM","NsiI.TP743510","11","18239","1.4543e-05","0.0032","C"
"4","Trait5","FASTmrMLM","NsiI.TP743521","11","18240","2.468e-05","0.0054","A"
"4","Trait5","FASTmrMLM","NsiI.TP743640","11","18241","1.921e-05","0.0042","A"
"4","Trait5","FASTmrMLM","NsiI.TP743734","11","18242","-0.023","0.228","A"
"4","Trait5","FASTmrMLM","NsiI.TP743766","11","18243","2.9733e-05","0.0056","C"
"4","Trait5","FASTmrMLM","NsiI.TP743874","11","18245","-3.3911e-05","0.0074","C"
"4","Trait5","FASTmrMLM","NsiI.TP743952","11","18246","-0.0172","0.2048","A"
"4","Trait5","FASTmrMLM","NsiI.TP743958","11","18247","-0.0435","0.2348","C"
"4","Trait5","FASTmrMLM","NsiI.TP744189","11","18249","-5.7166e-05","0.0074","C"
"4","Trait5","FASTmrMLM","NsiI.TP744263","11","18251","2.0431e-05","0.0045","C"
"4","Trait5","FASTmrMLM","NsiI.TP744543","11","18252","0.1034","1.1283","C"
"4","Trait5","FASTmrMLM","NsiI.TP744551","11","18253","-1.1929e-05","0.0026","C"
"4","Trait5","FASTmrMLM","NsiI.TP744687","11","18254","8.6877e-06","0.0019","C"
"4","Trait5","FASTmrMLM","NsiI.TP744690","11","18255","-0.0271","0.2648","C"
"4","Trait5","FASTmrMLM","NsiI.TP744956","11","18256","0.021","0.1462","C"
"4","Trait5","FASTmrMLM","NsiI.TP745051","11","18257","-5.7141e-06","0.0012","C"
"4","Trait5","FASTmrMLM","NsiI.TP745193","11","18258","-3.1857e-05","0.007","A"
"4","Trait5","FASTmrMLM","NsiI.TP745625","11","18260","-0.0436","0.3755","G"
"4","Trait5","FASTmrMLM","NsiI.TP745637","11","18261","0.0957","0.846","C"
"4","Trait5","FASTmrMLM","NsiI.TP745674","11","18262","-0.0694","0.8929","C"
"4","Trait5","FASTmrMLM","NsiI.TP745926","11","18265","-0.1511","0.8789","C"
"4","Trait5","FASTmrMLM","NsiI.TP746082","11","18266","0.1277","1.5275","C"
"4","Trait5","FASTmrMLM","NsiI.TP746193","11","18267","1.2826e-05","0.0028","C"
"4","Trait5","FASTmrMLM","NsiI.TP746309","11","18268","-0.0457","0.2122","A"
"4","Trait5","FASTmrMLM","NsiI.TP746536","11","18269","4.3293e-06","9e-04","C"
"4","Trait5","FASTmrMLM","NsiI.TP746605","11","18270","-3e-04","0.017","A"
"4","Trait5","FASTmrMLM","NsiI.TP746681","11","18271","7.275e-06","0.0016","A"
"4","Trait5","FASTmrMLM","NsiI.TP746765","11","18273","1.5245e-06","3e-04","A"
"4","Trait5","FASTmrMLM","NsiI.TP746953","11","18274","4.5825e-06","0.001","A"
"4","Trait5","FASTmrMLM","NsiI.TP746968","11","18275","-0.178","0.7725","C"
"4","Trait5","FASTmrMLM","NsiI.TP747090","11","18277","0.0214","0.2924","A"
"4","Trait5","FASTmrMLM","NsiI.TP747164","11","18278","-0.0191","0.2372","C"
"4","Trait5","FASTmrMLM","NsiI.TP747201","11","18279","2.8126e-05","0.0062","C"
"4","Trait5","FASTmrMLM","NsiI.TP747642","11","18281","1.2636e-05","0.0028","C"
"4","Trait5","FASTmrMLM","NsiI.TP747742","11","18283","-0.0939","0.6351","A"
"4","Trait5","FASTmrMLM","NsiI.TP747761","11","18284","-1.8161e-06","4e-04","C"
"4","Trait5","FASTmrMLM","NsiI.TP747909","11","18286","-0.09","1.1052","A"
"4","Trait5","FASTmrMLM","NsiI.TP748079","11","18290","-1e-04","0.0116","A"
"4","Trait5","FASTmrMLM","NsiI.TP748083","11","18291","-1.5304e-06","3e-04","A"
"4","Trait5","FASTmrMLM","NsiI.TP748113","11","18292","-1.6848e-05","0.0037","G"
"4","Trait5","FASTmrMLM","NsiI.TP748429","11","18295","-1.4248e-06","3e-04","A"
"4","Trait5","FASTmrMLM","NsiI.TP748618","11","18296","0.1555","0.8412","G"
"4","Trait5","FASTmrMLM","NsiI.TP748785","11","18298","1.9126e-05","0.0042","C"
"4","Trait5","FASTmrMLM","NsiI.TP748803","11","18299","1.5114e-05","0.0033","A"
"4","Trait5","FASTmrMLM","NsiI.TP748963","11","18301","0.1062","0.6474","A"
"4","Trait5","FASTmrMLM","NsiI.TP749090","11","18302","1.2249e-05","0.0027","A"
"4","Trait5","FASTmrMLM","NsiI.TP749124","11","18303","8.2057e-06","0.0018","G"
"4","Trait5","FASTmrMLM","NsiI.TP749312","11","18305","-0.2371","0.9079","A"
"4","Trait5","FASTmrMLM","NsiI.TP749590","11","18306","3.119e-06","7e-04","A"
"4","Trait5","FASTmrMLM","NsiI.TP749729","11","18308","2.4006e-05","0.0053","G"
"4","Trait5","FASTmrMLM","NsiI.TP749756","11","18309","1.0387e-05","0.0023","A"
"4","Trait5","FASTmrMLM","NsiI.TP749813","11","18310","-0.0418","0.2779","C"
"4","Trait5","FASTmrMLM","NsiI.TP749951","11","18312","-9.4105e-06","0.0021","A"
"4","Trait5","FASTmrMLM","NsiI.TP750020","11","18313","1.2285e-05","0.0027","A"
"4","Trait5","FASTmrMLM","NsiI.TP750121","11","18314","6.7051e-06","0.0015","A"
"4","Trait5","FASTmrMLM","NsiI.TP750473","11","18316","1.3697e-05","0.003","A"
"4","Trait5","FASTmrMLM","NsiI.TP750476","11","18317","-0.338","1.8156","G"
"4","Trait5","FASTmrMLM","NsiI.TP750829","11","18318","0.0383","0.2792","A"
"4","Trait5","FASTmrMLM","NsiI.TP751198","11","18320","3.4188e-06","7e-04","A"
"4","Trait5","FASTmrMLM","NsiI.TP751347","11","18321","0.0859","0.8239","A"
"4","Trait5","FASTmrMLM","NsiI.TP751423","11","18323","1.4394e-05","0.0031","C"
"4","Trait5","FASTmrMLM","NsiI.TP751476","11","18326","0.0131","0.1493","C"
"4","Trait5","FASTmrMLM","NsiI.TP751582","11","18329","-3.4015e-06","7e-04","C"
"4","Trait5","FASTmrMLM","NsiI.TP751614","11","18331","-0.02","0.2659","A"
"4","Trait5","FASTmrMLM","NsiI.TP751802","11","18332","-1.6633e-05","0.0036","C"
"4","Trait5","FASTmrMLM","NsiI.TP751842","11","18334","0.058","0.503","A"
"4","Trait5","FASTmrMLM","NsiI.TP751856","11","18335","-1.5476e-05","0.0034","C"
"4","Trait5","FASTmrMLM","NsiI.TP751926","11","18336","-0.1032","0.5115","G"
"4","Trait5","FASTmrMLM","NsiI.TP751979","11","18337","0.0215","0.3088","C"
"4","Trait5","FASTmrMLM","NsiI.TP751991","11","18338","1.5178e-05","0.0033","A"
"4","Trait5","FASTmrMLM","NsiI.TP752040","11","18339","-3.5112e-05","0.0077","A"
"4","Trait5","FASTmrMLM","NsiI.TP752274","11","18343","0.1557","1.1763","A"
"4","Trait5","FASTmrMLM","NsiI.TP752278","11","18344","-0.0658","0.5244","A"
"4","Trait5","FASTmrMLM","NsiI.TP752341","11","18345","0.0518","0.3057","C"
"4","Trait5","FASTmrMLM","NsiI.TP752444","11","18346","0.119","0.4916","C"
"4","Trait5","FASTmrMLM","NsiI.TP752448","11","18347","0.0334","0.2345","C"
"4","Trait5","FASTmrMLM","NsiI.TP752630","11","18348","1.7239e-05","0.0038","A"
"4","Trait5","FASTmrMLM","NsiI.TP752661","11","18349","5.077e-06","0.0011","A"
"4","Trait5","FASTmrMLM","NsiI.TP752797","11","18350","1.4578e-05","0.0032","C"
"4","Trait5","FASTmrMLM","NsiI.TP752850","11","18351","2.8111e-05","0.0062","A"
"4","Trait5","FASTmrMLM","NsiI.TP752864","11","18352","-1.083e-05","0.0024","C"
"4","Trait5","FASTmrMLM","NsiI.TP752897","11","18353","2.4321e-05","0.0053","A"
"4","Trait5","FASTmrMLM","NsiI.TP752905","11","18354","0.0669","0.7597","A"
"4","Trait5","FASTmrMLM","NsiI.TP752960","11","18355","-8.5791e-06","0.0019","C"
"4","Trait5","FASTmrMLM","NsiI.TP753053","11","18356","-3.2355e-05","0.0071","G"
"4","Trait5","FASTmrMLM","NsiI.TP753125","11","18357","-0.131","0.9513","A"
"4","Trait5","FASTmrMLM","NsiI.TP753145","11","18359","-1.3525e-05","0.003","C"
"4","Trait5","FASTmrMLM","NsiI.TP753254","11","18360","6.7637e-06","0.0015","A"
"4","Trait5","FASTmrMLM","NsiI.TP753326","11","18362","-1.306e-06","3e-04","A"
"4","Trait5","FASTmrMLM","NsiI.TP753330","11","18363","0.1528","1.8446","G"
"4","Trait5","FASTmrMLM","NsiI.TP753384","11","18365","-1.8355e-07","3.9948e-05","C"
"4","Trait5","FASTmrMLM","NsiI.TP753438","11","18366","4.1608e-05","0.0092","C"
"4","Trait5","FASTmrMLM","NsiI.TP753580","11","18367","-3.7431e-05","0.0082","C"
"4","Trait5","FASTmrMLM","NsiI.TP753742","11","18369","-4.1859e-06","9e-04","A"
"4","Trait5","FASTmrMLM","NsiI.TP753772","11","18370","-4.3278e-06","9e-04","C"
"4","Trait5","FASTmrMLM","NsiI.TP753835","11","18371","0.16","2.2479","A"
"4","Trait5","FASTmrMLM","NsiI.TP753882","11","18372","-0.0448","0.4233","C"
"4","Trait5","FASTmrMLM","NsiI.TP753932","11","18375","1e-04","0.0114","C"
"4","Trait5","FASTmrMLM","NsiI.TP753957","11","18376","7.2608e-07","2e-04","A"
"4","Trait5","FASTmrMLM","NsiI.TP753972","11","18377","1.5815e-05","0.0035","C"
"4","Trait5","FASTmrMLM","NsiI.TP754058","11","18378","-3.2454e-05","0.0071","A"
"4","Trait5","FASTmrMLM","NsiI.TP754075","11","18380","-3.4044e-05","0.0075","G"
"4","Trait5","FASTmrMLM","NsiI.TP754113","11","18381","1.0052e-05","0.0022","A"
"4","Trait5","FASTmrMLM","NsiI.TP754284","11","18382","-0.0284","0.3761","A"
"4","Trait5","FASTmrMLM","NsiI.TP754357","11","18383","2.3224e-05","0.0051","A"
"4","Trait5","FASTmrMLM","NsiI.TP754368","11","18384","1.9611e-05","0.0043","A"
"4","Trait5","FASTmrMLM","NsiI.TP754417","11","18386","5.4786e-06","0.0012","A"
"4","Trait5","FASTmrMLM","NsiI.TP754536","11","18387","2.9965e-05","0.0066","A"
"4","Trait5","FASTmrMLM","NsiI.TP754542","11","18388","-0.059","0.7523","C"
"4","Trait5","FASTmrMLM","NsiI.TP754560","11","18390","0.0638","0.366","A"
"4","Trait5","FASTmrMLM","NsiI.TP754655","11","18392","6.6235e-06","0.0014","G"
"4","Trait5","FASTmrMLM","NsiI.TP754703","11","18393","3.5645e-06","8e-04","A"
"4","Trait5","FASTmrMLM","NsiI.TP754733","11","18394","9.4212e-06","0.0021","A"
"4","Trait5","FASTmrMLM","NsiI.TP754774","11","18395","-9.1137e-06","0.002","C"
"4","Trait5","FASTmrMLM","NsiI.TP754775","11","18396","-0.0686","0.2847","C"
"4","Trait5","FASTmrMLM","NsiI.TP754833","11","18397","1.3165e-05","0.0029","A"
"4","Trait5","FASTmrMLM","NsiI.TP754834","11","18398","-2.0692e-05","0.0045","G"
"4","Trait5","FASTmrMLM","NsiI.TP754882","11","18401","-3.389e-05","0.0074","C"
"4","Trait5","FASTmrMLM","NsiI.TP754924","11","18402","0.0452","0.5501","A"
"4","Trait5","FASTmrMLM","NsiI.TP754953","11","18403","2.0564e-06","4e-04","A"
"4","Trait5","FASTmrMLM","NsiI.TP755005","11","18404","-3.6812e-05","0.0081","A"
"4","Trait5","FASTmrMLM","NsiI.TP755039","11","18405","-0.1182","1.2651","A"
"4","Trait5","FASTmrMLM","NsiI.TP755413","11","18407","2.7916e-06","6e-04","C"
"4","Trait5","FASTmrMLM","NsiI.TP755633","11","18409","-0.0478","0.5206","G"
"4","Trait5","FASTmrMLM","NsiI.TP755644","11","18410","0.0552","0.7514","C"
"4","Trait5","FASTmrMLM","NsiI.TP755733","11","18411","-2.5692e-05","0.0056","A"
"4","Trait5","FASTmrMLM","NsiI.TP755738","11","18412","2.9354e-05","0.0064","A"
"4","Trait5","FASTmrMLM","NsiI.TP755739","11","18413","1.0183e-05","0.0022","C"
"4","Trait5","FASTmrMLM","NsiI.TP756133","11","18414","2.2673e-06","5e-04","A"
"4","Trait5","FASTmrMLM","NsiI.TP756399","11","18416","1.4878e-06","3e-04","A"
"4","Trait5","FASTmrMLM","NsiI.TP756415","11","18419","-1.2222e-05","0.0027","A"
"4","Trait5","FASTmrMLM","NsiI.TP756601","11","18421","-7.558e-06","0.0016","C"
"4","Trait5","FASTmrMLM","NsiI.TP756667","11","18422","2.5578e-05","0.0056","A"
"4","Trait5","FASTmrMLM","NsiI.TP756730","11","18423","-0.0527","0.3752","C"
"4","Trait5","FASTmrMLM","NsiI.TP756768","11","18424","8.1937e-06","0.0018","C"
"4","Trait5","FASTmrMLM","NsiI.TP756813","11","18425","-2.0351e-05","0.0045","C"
"4","Trait5","FASTmrMLM","NsiI.TP756875","11","18426","-0.029","0.1927","G"
"4","Trait5","FASTmrMLM","NsiI.TP757313","11","18428","-2.0509e-05","0.0045","C"
"4","Trait5","FASTmrMLM","NsiI.TP757316","11","18429","-1.3439e-05","0.0029","C"
"4","Trait5","FASTmrMLM","NsiI.TP757530","11","18431","1.4649e-05","0.0032","A"
"4","Trait5","FASTmrMLM","NsiI.TP757767","11","18433","-0.1464","1.6452","C"
"4","Trait5","FASTmrMLM","NsiI.TP757869","11","18434","-1.3358e-05","0.0029","A"
"4","Trait5","FASTmrMLM","NsiI.TP757884","11","18435","-0.1717","1.3138","A"
"4","Trait5","FASTmrMLM","NsiI.TP757968","11","18436","1.3603e-05","0.003","C"
"4","Trait5","FASTmrMLM","NsiI.TP758045","11","18437","-1.2517e-05","0.0027","C"
"4","Trait5","FASTmrMLM","NsiI.TP758052","11","18438","0.0215","0.2432","C"
"4","Trait5","FASTmrMLM","NsiI.TP758506","11","18441","-3.9474e-05","0.0087","A"
"4","Trait5","FASTmrMLM","NsiI.TP758668","11","18443","-1.2101e-05","0.0026","A"
"4","Trait5","FASTmrMLM","NsiI.TP758704","11","18444","2.1506e-06","5e-04","A"
"4","Trait5","FASTmrMLM","NsiI.TP758724","11","18445","1.9722e-05","0.0043","C"
"4","Trait5","FASTmrMLM","NsiI.TP758728","11","18446","-0.0607","0.4314","G"
"4","Trait5","FASTmrMLM","NsiI.TP758756","11","18448","1.6063e-05","0.0035","C"
"4","Trait5","FASTmrMLM","NsiI.TP758789","11","18449","0.0648","0.4234","C"
"4","Trait5","FASTmrMLM","NsiI.TP759015","11","18450","2.093e-05","0.0046","A"
"4","Trait5","FASTmrMLM","NsiI.TP759132","11","18453","1.0469e-05","0.0023","A"
"4","Trait5","FASTmrMLM","NsiI.TP759141","11","18454","-3.5351e-05","0.0078","C"
"4","Trait5","FASTmrMLM","NsiI.TP759185","11","18455","-1.2456e-05","0.0027","A"
"4","Trait5","FASTmrMLM","NsiI.TP759829","11","18460","-1.5749e-05","0.0034","G"
"4","Trait5","FASTmrMLM","NsiI.TP759872","11","18462","5.6358e-06","0.0012","C"
"4","Trait5","FASTmrMLM","NsiI.TP759960","11","18464","-8.2551e-06","0.0018","A"
"4","Trait5","FASTmrMLM","NsiI.TP759988","11","18465","-0.0444","0.37","A"
"4","Trait5","FASTmrMLM","NsiI.TP760026","11","18467","-1.3208e-06","3e-04","C"
"4","Trait5","FASTmrMLM","NsiI.TP760170","11","18469","3.1856e-05","0.0041","A"
"4","Trait5","FASTmrMLM","NsiI.TP760301","11","18470","-0.2385","1.4015","C"
"4","Trait5","FASTmrMLM","NsiI.TP760466","11","18471","-0.314","1.1079","A"
"4","Trait5","FASTmrMLM","NsiI.TP760483","11","18472","-4.4138e-05","0.0097","C"
"4","Trait5","FASTmrMLM","NsiI.TP760488","11","18473","-0.0057","0.1198","A"
"4","Trait5","FASTmrMLM","NsiI.TP760712","11","18475","-8.9265e-06","0.0019","C"
"4","Trait5","FASTmrMLM","NsiI.TP760719","11","18476","-8.4155e-06","0.0018","C"
"4","Trait5","FASTmrMLM","NsiI.TP760725","11","18477","5.214e-06","0.0011","C"
"4","Trait5","FASTmrMLM","NsiI.TP760784","11","18478","-0.0423","0.4504","C"
"4","Trait5","FASTmrMLM","NsiI.TP760818","11","18479","1.4287e-05","0.0031","C"
"4","Trait5","FASTmrMLM","NsiI.TP760856","11","18481","2e-04","0.0129","C"
"4","Trait5","FASTmrMLM","NsiI.TP760896","11","18484","0.0961","0.5185","A"
"4","Trait5","FASTmrMLM","NsiI.TP760995","11","18486","-0.1533","0.69","A"
"4","Trait5","FASTmrMLM","NsiI.TP761212","11","18488","-0.1861","2.1339","C"
"4","Trait5","FASTmrMLM","NsiI.TP761259","11","18489","-1.6725e-05","0.0037","C"
"4","Trait5","FASTmrMLM","NsiI.TP762038","11","18493","-0.0685","0.4882","A"
"4","Trait5","FASTmrMLM","NsiI.TP762142","11","18495","0.1356","0.7263","C"
"4","Trait5","FASTmrMLM","NsiI.TP762264","11","18496","0.053","0.4851","C"
"4","Trait5","FASTmrMLM","NsiI.TP762429","11","18498","0.0141","0.1995","C"
"4","Trait5","FASTmrMLM","NsiI.TP762490","11","18499","-0.0255","0.2296","A"
"4","Trait5","FASTmrMLM","NsiI.TP762500","11","18500","0.1146","0.667","C"
"4","Trait5","FASTmrMLM","NsiI.TP762593","11","18502","-3.9319e-05","0.0086","A"
"4","Trait5","FASTmrMLM","NsiI.TP762599","11","18503","2.0619e-05","0.0045","C"
"4","Trait5","FASTmrMLM","NsiI.TP762627","11","18504","3.0157e-05","0.0066","C"
"4","Trait5","FASTmrMLM","NsiI.TP762789","11","18505","0.0947","1.2161","G"
"4","Trait5","FASTmrMLM","NsiI.TP762798","11","18506","-1.6758e-05","0.0037","A"
"4","Trait5","FASTmrMLM","NsiI.TP762817","11","18507","1.4861e-05","0.0032","A"
"4","Trait5","FASTmrMLM","NsiI.TP762838","11","18508","-3.008e-06","7e-04","A"
"4","Trait5","FASTmrMLM","NsiI.TP762947","11","18509","-3.5463e-06","8e-04","C"
"4","Trait5","FASTmrMLM","NsiI.TP763107","11","18511","9.418e-06","0.0021","A"
"4","Trait5","FASTmrMLM","NsiI.TP763201","11","18514","-0.2135","1.8952","A"
"4","Trait5","FASTmrMLM","NsiI.TP763300","11","18516","0.0156","0.1846","C"
"4","Trait5","FASTmrMLM","NsiI.TP763435","11","18517","-1.6872e-05","0.0037","C"
"4","Trait5","FASTmrMLM","NsiI.TP763527","11","18519","-1.7373e-05","0.0038","C"
"4","Trait5","FASTmrMLM","NsiI.TP763561","11","18520","-0.0459","0.3736","C"
"4","Trait5","FASTmrMLM","NsiI.TP763691","11","18523","0.0133","0.1613","A"
"4","Trait5","FASTmrMLM","NsiI.TP763723","11","18524","-0.0959","0.7591","G"
"4","Trait5","FASTmrMLM","NsiI.TP763977","11","18525","0.1272","1.376","A"
"4","Trait5","FASTmrMLM","NsiI.TP763994","11","18526","1.9259e-05","0.0042","C"
"4","Trait5","FASTmrMLM","NsiI.TP764013","11","18527","3.2485e-05","0.0071","A"
"4","Trait5","FASTmrMLM","NsiI.TP764175","11","18529","-3.1879e-06","7e-04","C"
"4","Trait5","FASTmrMLM","NsiI.TP764261","11","18531","7.3489e-05","0.0089","C"
"4","Trait5","FASTmrMLM","NsiI.TP764371","11","18533","0.4472","1.8412","A"
"4","Trait5","FASTmrMLM","NsiI.TP764401","11","18534","0.1372","0.7679","A"
"4","Trait5","FASTmrMLM","NsiI.TP764466","11","18535","1.8453e-06","4e-04","A"
"4","Trait5","FASTmrMLM","NsiI.TP764541","11","18536","0.0083","0.1427","C"
"4","Trait5","FASTmrMLM","NsiI.TP764682","11","18538","-2.3854e-05","0.0052","C"
"4","Trait5","FASTmrMLM","NsiI.TP764874","11","18542","-8.9345e-06","0.0019","C"
"4","Trait5","FASTmrMLM","NsiI.TP764880","11","18543","0.0459","0.3489","A"
"4","Trait5","FASTmrMLM","NsiI.TP764893","11","18544","0.0944","1.211","C"
"4","Trait5","FASTmrMLM","NsiI.TP764967","11","18545","1.2019e-05","0.0026","C"
"4","Trait5","FASTmrMLM","NsiI.TP765145","11","18547","0.0542","0.3219","C"
"4","Trait5","FASTmrMLM","NsiI.TP765222","11","18548","5.0273e-06","0.0011","A"
"4","Trait5","FASTmrMLM","NsiI.TP765276","11","18550","0.0489","0.2947","C"
"4","Trait5","FASTmrMLM","NsiI.TP765277","11","18551","-0.0402","0.3552","A"
"4","Trait5","FASTmrMLM","NsiI.TP765283","11","18552","3.3878e-06","7e-04","A"
"4","Trait5","FASTmrMLM","NsiI.TP765341","11","18554","-0.2346","2.2389","C"
"4","Trait5","FASTmrMLM","NsiI.TP765374","11","18555","1.4489e-06","3e-04","C"
"4","Trait5","FASTmrMLM","NsiI.TP765826","11","18559","-7.8996e-06","0.0017","C"
"4","Trait5","FASTmrMLM","NsiI.TP765857","11","18560","-0.0683","0.3622","A"
"4","Trait5","FASTmrMLM","NsiI.TP765941","11","18561","-1.2042e-05","0.0026","C"
"4","Trait5","FASTmrMLM","NsiI.TP766018","11","18565","0.1353","1.2561","A"
"4","Trait5","FASTmrMLM","NsiI.TP766146","11","18566","4.4476e-05","0.0098","C"
"4","Trait5","FASTmrMLM","NsiI.TP766161","11","18567","5.0912e-06","0.0011","A"
"4","Trait5","FASTmrMLM","NsiI.TP766242","11","18569","0.0803","0.8257","G"
"4","Trait5","FASTmrMLM","NsiI.TP766283","11","18570","2.9508e-06","6e-04","G"
"4","Trait5","FASTmrMLM","NsiI.TP766580","11","18573","0.1424","0.8245","A"
"4","Trait5","FASTmrMLM","NsiI.TP766603","11","18574","-0.152","0.5945","A"
"4","Trait5","FASTmrMLM","NsiI.TP766761","11","18577","0.0475","0.362","A"
"4","Trait5","FASTmrMLM","NsiI.TP766775","11","18578","-1.5192e-05","0.0033","C"
"4","Trait5","FASTmrMLM","NsiI.TP766870","11","18579","-9.3479e-06","0.002","A"
"4","Trait5","FASTmrMLM","NsiI.TP766900","11","18580","-0.0685","0.3686","C"
"4","Trait5","FASTmrMLM","NsiI.TP767106","11","18583","-1.6046e-05","0.0035","G"
"4","Trait5","FASTmrMLM","NsiI.TP767168","11","18584","4.6003e-06","0.001","A"
"4","Trait5","FASTmrMLM","NsiI.TP767179","11","18585","2.1074e-05","0.0046","A"
"4","Trait5","FASTmrMLM","NsiI.TP767226","11","18587","-7.0605e-06","0.0015","C"
"4","Trait5","FASTmrMLM","NsiI.TP767235","11","18588","-4.0464e-06","9e-04","A"
"4","Trait5","FASTmrMLM","NsiI.TP767243","11","18589","4.2157e-06","9e-04","A"
"4","Trait5","FASTmrMLM","NsiI.TP767290","11","18590","-1.7208e-06","4e-04","A"
"4","Trait5","FASTmrMLM","NsiI.TP767918","11","18591","0.0818","0.4192","A"
"4","Trait5","FASTmrMLM","NsiI.TP767983","11","18593","-1.5106e-05","0.0033","A"
"4","Trait5","FASTmrMLM","NsiI.TP768134","11","18594","-8.4214e-06","0.0018","A"
"4","Trait5","FASTmrMLM","NsiI.TP768147","11","18595","3.4315e-06","7e-04","C"
"4","Trait5","FASTmrMLM","NsiI.TP768152","11","18596","0.0251","0.2375","A"
"4","Trait5","FASTmrMLM","NsiI.TP768356","11","18599","-2.2939e-05","0.005","A"
"4","Trait5","FASTmrMLM","NsiI.TP768681","11","18601","0.1249","1.1537","C"
"4","Trait5","FASTmrMLM","NsiI.TP769321","11","18604","-0.0508","0.5071","A"
"4","Trait5","FASTmrMLM","NsiI.TP769342","11","18605","-1.0775e-05","0.0024","A"
"4","Trait5","FASTmrMLM","NsiI.TP769358","11","18606","0.0979","1.0691","C"
"4","Trait5","FASTmrMLM","NsiI.TP769375","11","18607","-6.6593e-06","0.0015","A"
"4","Trait5","FASTmrMLM","NsiI.TP769469","11","18608","4.6988e-06","0.001","C"
"4","Trait5","FASTmrMLM","NsiI.TP769524","11","18610","-2.1723e-06","5e-04","A"
"4","Trait5","FASTmrMLM","NsiI.TP769640","11","18611","-0.1533","1.0889","C"
"4","Trait5","FASTmrMLM","NsiI.TP769842","11","18613","-1.7138e-05","0.0037","C"
"4","Trait5","FASTmrMLM","NsiI.TP769979","11","18614","-8.947e-06","0.002","A"
"4","Trait5","FASTmrMLM","NsiI.TP770170","11","18616","0.0703","0.3531","A"
"4","Trait5","FASTmrMLM","NsiI.TP770221","11","18617","2.708e-05","0.0059","A"
"4","Trait5","FASTmrMLM","NsiI.TP770268","11","18618","-1.3153e-05","0.0029","G"
"4","Trait5","FASTmrMLM","NsiI.TP770353","11","18619","-4.2066e-06","9e-04","A"
"4","Trait5","FASTmrMLM","NsiI.TP770598","11","18620","0.2858","1.9207","C"
"4","Trait5","FASTmrMLM","NsiI.TP770602","11","18621","1.0123e-05","0.0022","A"
"4","Trait5","FASTmrMLM","NsiI.TP770773","11","18623","-0.0481","0.4622","C"
"4","Trait5","FASTmrMLM","NsiI.TP770780","11","18624","3.193e-05","0.007","C"
"4","Trait5","FASTmrMLM","NsiI.TP770816","11","18625","-1.8576e-05","0.0041","C"
"4","Trait5","FASTmrMLM","NsiI.TP770913","11","18626","-0.3183","1.8041","C"
"4","Trait5","FASTmrMLM","NsiI.TP771175","11","18628","0.2131","1.9595","A"
"4","Trait5","FASTmrMLM","NsiI.TP771293","11","18630","-1.6699e-05","0.0036","C"
"4","Trait5","FASTmrMLM","NsiI.TP771458","11","18631","-1.8415e-06","4e-04","C"
"4","Trait5","FASTmrMLM","NsiI.TP771507","11","18632","-1.039e-05","0.0023","A"
"4","Trait5","FASTmrMLM","NsiI.TP771555","11","18635","-0.0872","0.483","C"
"4","Trait5","FASTmrMLM","NsiI.TP771630","11","18636","-3.5836e-06","8e-04","A"
"4","Trait5","FASTmrMLM","NsiI.TP771656","11","18637","-0.3283","0.9216","C"
"4","Trait5","FASTmrMLM","NsiI.TP771719","11","18639","-2.3323e-05","0.0038","C"
"4","Trait5","FASTmrMLM","NsiI.TP771870","11","18640","-1.8598e-05","0.0041","C"
"4","Trait5","FASTmrMLM","NsiI.TP772115","11","18641","-0.0489","0.4208","C"
"4","Trait5","FASTmrMLM","NsiI.TP772165","11","18642","0.035","0.4784","A"
"4","Trait5","FASTmrMLM","NsiI.TP772187","11","18643","-2.3938e-05","0.0052","A"
"4","Trait5","FASTmrMLM","NsiI.TP772244","11","18644","-1.3072e-05","0.0029","A"
"4","Trait5","FASTmrMLM","NsiI.TP772261","11","18645","3.9807e-05","0.0088","A"
"4","Trait5","FASTmrMLM","NsiI.TP772712","11","18647","4.9901e-06","0.0011","A"
"4","Trait5","FASTmrMLM","NsiI.TP772809","11","18649","-0.0414","0.4929","A"
"4","Trait5","FASTmrMLM","NsiI.TP773119","11","18651","0.0902","0.6425","A"
"4","Trait5","FASTmrMLM","NsiI.TP773327","11","18652","-0.0662","0.83","A"
"4","Trait5","FASTmrMLM","NsiI.TP773387","11","18655","-9.0917e-06","0.002","G"
"4","Trait5","FASTmrMLM","NsiI.TP773447","11","18656","2.9556e-05","0.0065","A"
"4","Trait5","FASTmrMLM","NsiI.TP773854","11","18657","-2.4078e-05","0.0053","A"
"4","Trait5","FASTmrMLM","NsiI.TP774057","11","18659","4.103e-05","0.009","C"
"4","Trait5","FASTmrMLM","NsiI.TP774380","11","18660","0.0378","0.2645","C"
"4","Trait5","FASTmrMLM","NsiI.TP774604","11","18662","-3.1087e-05","0.0068","A"
"4","Trait5","FASTmrMLM","NsiI.TP774882","11","18664","2.4415e-06","5e-04","A"
"4","Trait5","FASTmrMLM","NsiI.TP774913","11","18665","1.033e-05","0.0023","C"
"4","Trait5","FASTmrMLM","NsiI.TP774957","11","18666","-1e-04","0.0093","C"
"4","Trait5","FASTmrMLM","NsiI.TP775076","11","18668","0.1096","0.8122","C"
"4","Trait5","FASTmrMLM","NsiI.TP775156","11","18669","-4.1531e-06","9e-04","A"
"4","Trait5","FASTmrMLM","NsiI.TP775176","11","18670","-1.0967e-05","0.0024","A"
"4","Trait5","FASTmrMLM","NsiI.TP775185","11","18671","-2.352e-05","0.0051","A"
"4","Trait5","FASTmrMLM","NsiI.TP775255","11","18672","-3.8767e-05","0.0085","A"
"4","Trait5","FASTmrMLM","NsiI.TP775299","11","18673","1.56e-05","0.0034","A"
"4","Trait5","FASTmrMLM","NsiI.TP775404","11","18674","-1.2012e-06","3e-04","A"
"4","Trait5","FASTmrMLM","NsiI.TP775407","11","18675","-1.3445e-05","0.0029","C"
"4","Trait5","FASTmrMLM","NsiI.TP775689","11","18677","2.4754e-05","0.0054","A"
"4","Trait5","FASTmrMLM","NsiI.TP776091","11","18679","0.1033","0.5147","A"
"4","Trait5","FASTmrMLM","NsiI.TP776203","11","18680","-0.0805","0.3741","C"
"4","Trait5","FASTmrMLM","NsiI.TP776852","11","18686","8.8549e-06","0.0019","A"
"4","Trait5","FASTmrMLM","NsiI.TP776897","11","18688","-1.3161e-05","0.0029","A"
"4","Trait5","FASTmrMLM","NsiI.TP776898","11","18689","2.3453e-06","5e-04","A"
"4","Trait5","FASTmrMLM","NsiI.TP777080","11","18691","0.1187","0.963","A"
"4","Trait5","FASTmrMLM","NsiI.TP777134","11","18694","0.0955","0.7539","C"
"4","Trait5","FASTmrMLM","NsiI.TP777192","11","18698","8.0135e-06","0.0017","A"
"4","Trait5","FASTmrMLM","NsiI.TP777325","11","18700","-0.0232","0.3263","C"
"4","Trait5","FASTmrMLM","NsiI.TP777467","11","18702","0.1922","0.8668","C"
"4","Trait5","FASTmrMLM","NsiI.TP777566","11","18703","-4.8286e-06","0.0011","C"
"4","Trait5","FASTmrMLM","NsiI.TP777657","11","18704","4.8606e-06","0.0011","A"
"4","Trait5","FASTmrMLM","NsiI.TP777687","11","18705","1.4298e-05","0.0031","G"
"4","Trait5","FASTmrMLM","NsiI.TP777695","11","18706","-1.2766e-05","0.0028","C"
"4","Trait5","FASTmrMLM","NsiI.TP777758","11","18707","0.1342","1.5994","C"
"4","Trait5","FASTmrMLM","NsiI.TP778041","11","18708","-1.3767e-05","0.003","C"
"4","Trait5","FASTmrMLM","NsiI.TP778207","11","18709","1.392e-05","0.003","A"
"4","Trait5","FASTmrMLM","NsiI.TP778352","11","18710","1.6288e-06","4e-04","A"
"4","Trait5","FASTmrMLM","NsiI.TP778397","11","18711","0.0222","0.2404","C"
"4","Trait5","FASTmrMLM","NsiI.TP778477","11","18712","-5.0907e-06","0.0011","A"
"4","Trait5","FASTmrMLM","NsiI.TP778526","11","18714","2.9664e-05","0.0065","C"
"4","Trait5","FASTmrMLM","NsiI.TP778639","11","18715","-4.1295e-05","0.0091","C"
"4","Trait5","FASTmrMLM","NsiI.TP778674","11","18716","-3.2087e-05","0.007","G"
"4","Trait5","FASTmrMLM","NsiI.TP778906","11","18718","-3.7561e-06","8e-04","A"
"4","Trait5","FASTmrMLM","NsiI.TP778912","11","18719","-8.4495e-07","2e-04","A"
"4","Trait5","FASTmrMLM","NsiI.TP779166","11","18721","2.9547e-05","0.006","A"
"4","Trait5","FASTmrMLM","NsiI.TP779302","11","18722","7.6459e-05","0.0093","A"
"4","Trait5","FASTmrMLM","NsiI.TP779510","11","18727","1.5774e-05","0.0034","C"
"4","Trait5","FASTmrMLM","NsiI.TP779580","11","18728","-1.6693e-05","0.0036","C"
"4","Trait5","FASTmrMLM","NsiI.TP779732","11","18729","-8.0873e-06","0.0018","G"
"4","Trait5","FASTmrMLM","NsiI.TP779947","11","18730","-2.7609e-05","0.0061","G"
"4","Trait5","FASTmrMLM","NsiI.TP779950","11","18731","4.1659e-06","9e-04","C"
"4","Trait5","FASTmrMLM","NsiI.TP779985","11","18732","-0.0081","0.1344","C"
"4","Trait5","FASTmrMLM","NsiI.TP780029","11","18734","-3.8076e-05","0.0084","A"
"4","Trait5","FASTmrMLM","NsiI.TP780201","11","18736","-0.1487","0.7622","A"
"4","Trait5","FASTmrMLM","NsiI.TP780321","11","18737","-2.6531e-05","0.0058","A"
"4","Trait5","FASTmrMLM","NsiI.TP780426","11","18738","0.0404","0.4586","C"
"4","Trait5","FASTmrMLM","NsiI.TP780472","11","18739","0.0449","0.3944","A"
"4","Trait5","FASTmrMLM","NsiI.TP780526","11","18741","0.166","1.1734","C"
"4","Trait5","FASTmrMLM","NsiI.TP780584","11","18743","-6.3929e-06","0.0014","C"
"4","Trait5","FASTmrMLM","NsiI.TP780975","11","18747","9.9559e-06","0.0022","A"
"4","Trait5","FASTmrMLM","NsiI.TP781250","11","18748","1.6952e-05","0.0037","A"
"4","Trait5","FASTmrMLM","NsiI.TP781289","11","18750","-7.5888e-06","0.0017","A"
"4","Trait5","FASTmrMLM","NsiI.TP781486","11","18752","0.068","0.5135","C"
"4","Trait5","FASTmrMLM","NsiI.TP781554","11","18753","-2.6983e-05","0.0059","A"
"4","Trait5","FASTmrMLM","NsiI.TP781624","11","18755","3.0266e-05","0.0066","A"
"4","Trait5","FASTmrMLM","NsiI.TP781643","11","18756","-1.1294e-05","0.0025","A"
"4","Trait5","FASTmrMLM","NsiI.TP782533","11","18758","5.0788e-06","0.0011","A"
"4","Trait5","FASTmrMLM","NsiI.TP782571","11","18759","-1.3899e-05","0.003","C"
"4","Trait5","FASTmrMLM","NsiI.TP782580","11","18760","-0.0662","0.6605","C"
"4","Trait5","FASTmrMLM","NsiI.TP782847","11","18762","-3.7854e-06","8e-04","A"
"4","Trait5","FASTmrMLM","NsiI.TP782857","11","18763","0.6768","2.8028","G"
"4","Trait5","FASTmrMLM","NsiI.TP782889","11","18764","2.937e-05","0.0064","A"
"4","Trait5","FASTmrMLM","NsiI.TP782933","11","18765","1.3815e-05","0.003","A"
"4","Trait5","FASTmrMLM","NsiI.TP783009","11","18766","2.2105e-05","0.0048","A"
"4","Trait5","FASTmrMLM","NsiI.TP783300","11","18767","-1.5992e-05","0.0035","C"
"4","Trait5","FASTmrMLM","NsiI.TP783323","11","18768","0.0759","0.5378","A"
"4","Trait5","FASTmrMLM","NsiI.TP783331","11","18769","0.0603","0.6476","C"
"4","Trait5","FASTmrMLM","NsiI.TP783611","11","18772","-1.0651e-05","0.0023","A"
"4","Trait5","FASTmrMLM","NsiI.TP783756","11","18774","1.9247e-05","0.0042","C"
"4","Trait5","FASTmrMLM","NsiI.TP783832","11","18775","1.4299e-05","0.0031","G"
"4","Trait5","FASTmrMLM","NsiI.TP783961","11","18776","-3.2506e-06","7e-04","C"
"4","Trait5","FASTmrMLM","NsiI.TP783977","11","18777","-5.0422e-06","0.0011","A"
"4","Trait5","FASTmrMLM","NsiI.TP783990","11","18778","-0.056","0.3863","A"
"4","Trait5","FASTmrMLM","NsiI.TP784040","11","18780","-0.077","0.4166","A"
"4","Trait5","FASTmrMLM","NsiI.TP784114","11","18781","-3.6045e-05","0.0061","A"
"4","Trait5","FASTmrMLM","NsiI.TP784170","11","18782","1.2319e-05","0.0027","C"
"4","Trait5","FASTmrMLM","NsiI.TP784196","11","18783","1.4557e-05","0.0032","C"
"4","Trait5","FASTmrMLM","NsiI.TP784216","11","18784","0.01","0.1732","A"
"4","Trait5","FASTmrMLM","NsiI.TP784220","11","18785","-0.1674","1.0367","C"
"4","Trait5","FASTmrMLM","NsiI.TP784292","11","18786","0.0781","0.8056","A"
"4","Trait5","FASTmrMLM","NsiI.TP784358","11","18787","1.3254e-05","0.0029","A"
"4","Trait5","FASTmrMLM","NsiI.TP785272","11","18792","-0.0653","0.3884","C"
"4","Trait5","FASTmrMLM","NsiI.TP785293","11","18793","1.4546e-05","0.0032","G"
"4","Trait5","FASTmrMLM","NsiI.TP785496","11","18795","-4.1291e-05","0.0067","C"
"4","Trait5","FASTmrMLM","NsiI.TP785752","11","18796","0.1865","1.3949","A"
"4","Trait5","FASTmrMLM","NsiI.TP785789","11","18798","-8.421e-06","0.0018","A"
"4","Trait5","FASTmrMLM","NsiI.TP785945","11","18800","-1.4966e-05","0.0033","C"
"4","Trait5","FASTmrMLM","NsiI.TP785949","11","18801","9.6342e-06","0.0021","C"
"4","Trait5","FASTmrMLM","NsiI.TP786086","11","18802","8.5007e-06","0.0019","A"
"4","Trait5","FASTmrMLM","NsiI.TP786260","11","18803","-2.0427e-05","0.0045","G"
"4","Trait5","FASTmrMLM","NsiI.TP786713","11","18806","1.6465e-06","4e-04","C"
"4","Trait5","FASTmrMLM","NsiI.TP786877","11","18808","-0.074","0.5307","A"
"4","Trait5","FASTmrMLM","NsiI.TP786889","11","18809","2.1351e-05","0.0047","A"
"4","Trait5","FASTmrMLM","NsiI.TP787093","11","18813","4.1707e-07","9.0773e-05","A"
"4","Trait5","FASTmrMLM","NsiI.TP787181","11","18814","0.061","0.4156","A"
"4","Trait5","FASTmrMLM","NsiI.TP787481","11","18816","4.3712e-06","0.001","C"
"4","Trait5","FASTmrMLM","NsiI.TP788476","11","18818","0.039","0.3503","A"
"4","Trait5","FASTmrMLM","NsiI.TP788509","11","18819","3.1045e-05","0.0068","A"
"4","Trait5","FASTmrMLM","NsiI.TP788577","11","18820","5.2213e-06","0.0011","A"
"4","Trait5","FASTmrMLM","NsiI.TP789363","11","18823","0.0868","0.5642","A"
"4","Trait5","FASTmrMLM","NsiI.TP789454","11","18824","-8.4491e-06","0.0018","A"
"4","Trait5","FASTmrMLM","NsiI.TP790294","11","18826","7.3279e-07","2e-04","C"
"4","Trait5","FASTmrMLM","NsiI.TP790549","11","18827","-0.0415","0.3171","A"
"4","Trait5","FASTmrMLM","NsiI.TP790801","11","18828","-1.957e-05","0.0043","A"
"4","Trait5","FASTmrMLM","NsiI.TP790804","11","18829","6.2709e-06","0.0014","A"
"4","Trait5","FASTmrMLM","NsiI.TP791301","11","18831","1.3571e-05","0.003","C"
"4","Trait5","FASTmrMLM","NsiI.TP791949","11","18836","-6.1553e-06","0.0013","C"
"4","Trait5","FASTmrMLM","NsiI.TP792021","11","18837","-4.7275e-06","0.001","C"
"4","Trait5","FASTmrMLM","NsiI.TP792137","11","18840","1.6105e-05","0.0035","C"
"4","Trait5","FASTmrMLM","NsiI.TP792210","11","18841","-2.651e-05","0.0058","C"
"4","Trait5","FASTmrMLM","NsiI.TP792425","11","18843","-0.0087","0.1478","G"
"4","Trait5","FASTmrMLM","NsiI.TP792860","11","18845","7.7082e-06","0.0017","A"
"4","Trait5","FASTmrMLM","NsiI.TP792926","11","18846","-0.0903","0.4414","G"
"4","Trait5","FASTmrMLM","NsiI.TP792944","11","18848","-2.16e-05","0.0047","A"
"4","Trait5","FASTmrMLM","NsiI.TP793052","11","18849","2.5556e-05","0.0056","A"
"4","Trait5","FASTmrMLM","NsiI.TP793084","11","18850","0.1236","1.2783","A"
"4","Trait5","FASTmrMLM","NsiI.TP793178","11","18851","-4.9818e-06","0.0011","A"
"4","Trait5","FASTmrMLM","NsiI.TP793230","11","18852","5.8098e-06","0.0013","C"
"4","Trait5","FASTmrMLM","NsiI.TP793324","11","18853","-1.6827e-05","0.0033","A"
"4","Trait5","FASTmrMLM","NsiI.TP793591","11","18855","-0.0744","0.4741","C"
"4","Trait5","FASTmrMLM","NsiI.TP793628","11","18856","-6.9432e-06","0.0015","C"
"4","Trait5","FASTmrMLM","NsiI.TP793702","11","18857","-3.7506e-05","0.0071","G"
"4","Trait5","FASTmrMLM","NsiI.TP794008","11","18860","-0.0662","0.5032","A"
"4","Trait5","FASTmrMLM","NsiI.TP794154","11","18861","6.3887e-06","0.0014","A"
"4","Trait5","FASTmrMLM","NsiI.TP794155","11","18862","-3.7979e-05","0.0083","A"
"4","Trait5","FASTmrMLM","NsiI.TP794156","11","18863","-1.9343e-05","0.0042","A"
"4","Trait5","FASTmrMLM","NsiI.TP794353","11","18865","0.0508","0.6027","A"
"4","Trait5","FASTmrMLM","NsiI.TP794801","11","18867","7.8318e-06","0.0017","C"
"4","Trait5","FASTmrMLM","NsiI.TP794920","11","18868","-2.1543e-05","0.0047","C"
"4","Trait5","FASTmrMLM","NsiI.TP795051","11","18869","-0.4269","3.496","G"
"4","Trait5","FASTmrMLM","NsiI.TP795135","11","18870","1.5734e-05","0.0034","A"
"4","Trait5","FASTmrMLM","NsiI.TP795165","11","18871","-7.0256e-06","0.0015","C"
"4","Trait5","FASTmrMLM","NsiI.TP795182","11","18872","-0.0733","0.3908","C"
"4","Trait5","FASTmrMLM","NsiI.TP795311","11","18873","-0.094","0.4899","G"
"4","Trait5","FASTmrMLM","NsiI.TP795394","11","18874","-4.0296e-06","9e-04","G"
"4","Trait5","FASTmrMLM","NsiI.TP795435","11","18875","-1.1897e-05","0.0026","A"
"4","Trait5","FASTmrMLM","NsiI.TP795691","11","18878","3.8094e-06","8e-04","C"
"4","Trait5","FASTmrMLM","NsiI.TP795760","11","18880","-1.1167e-06","2e-04","C"
"4","Trait5","FASTmrMLM","NsiI.TP795783","11","18881","1.0414e-05","0.0023","A"
"4","Trait5","FASTmrMLM","NsiI.TP795795","11","18882","-1.6537e-06","4e-04","C"
"4","Trait5","FASTmrMLM","NsiI.TP795813","11","18883","0.0726","0.4469","A"
"4","Trait5","FASTmrMLM","NsiI.TP795959","11","18885","-3.4887e-06","8e-04","C"
"4","Trait5","FASTmrMLM","NsiI.TP796160","11","18887","-0.0289","0.2165","A"
"4","Trait5","FASTmrMLM","NsiI.TP796235","11","18888","-2.3216e-05","0.0051","C"
"4","Trait5","FASTmrMLM","NsiI.TP796236","11","18889","-0.0909","0.8461","A"
"4","Trait5","FASTmrMLM","NsiI.TP796386","11","18890","0.0979","0.4831","A"
"4","Trait5","FASTmrMLM","NsiI.TP796596","11","18891","-6.5479e-06","0.0014","C"
"4","Trait5","FASTmrMLM","NsiI.TP796607","11","18892","8.2805e-06","0.0018","C"
"4","Trait5","FASTmrMLM","NsiI.TP796803","11","18894","-0.023","0.2383","C"
"4","Trait5","FASTmrMLM","NsiI.TP796868","11","18895","0.1953","1.0728","A"
"4","Trait5","FASTmrMLM","NsiI.TP796935","11","18896","8.3514e-06","0.0018","C"
"4","Trait5","FASTmrMLM","NsiI.TP797049","11","18897","8.5671e-06","0.0019","C"
"4","Trait5","FASTmrMLM","NsiI.TP797098","11","18898","2e-04","0.015","C"
"4","Trait5","FASTmrMLM","NsiI.TP797672","11","18900","-1.0412e-05","0.0023","C"
"4","Trait5","FASTmrMLM","NsiI.TP797678","11","18901","0.0158","0.1538","C"
"4","Trait5","FASTmrMLM","NsiI.TP797727","11","18902","-2.0801e-05","0.0046","C"
"4","Trait5","FASTmrMLM","NsiI.TP797804","11","18903","-9.3043e-06","0.002","A"
"4","Trait5","FASTmrMLM","NsiI.TP797915","11","18904","4.3033e-06","9e-04","A"
"4","Trait5","FASTmrMLM","NsiI.TP797943","11","18905","0.04","0.3758","C"
"4","Trait5","FASTmrMLM","NsiI.TP797976","11","18906","-2.2471e-05","0.0049","C"
"4","Trait5","FASTmrMLM","NsiI.TP798010","11","18908","-2.3614e-05","0.0052","A"
"4","Trait5","FASTmrMLM","NsiI.TP798107","11","18909","-7.9216e-07","2e-04","C"
"4","Trait5","FASTmrMLM","NsiI.TP798129","11","18910","0.0756","0.4856","G"
"4","Trait5","FASTmrMLM","NsiI.TP798167","11","18911","-0.0609","0.6845","A"
"4","Trait5","FASTmrMLM","NsiI.TP798172","11","18912","-0.0844","0.6612","C"
"4","Trait5","FASTmrMLM","NsiI.TP798350","11","18913","-0.0122","0.1739","A"
"4","Trait5","FASTmrMLM","NsiI.TP798366","11","18914","-7.2615e-07","2e-04","A"
"4","Trait5","FASTmrMLM","NsiI.TP798411","11","18915","3.6606e-05","0.008","A"
"4","Trait5","FASTmrMLM","NsiI.TP798451","11","18916","1.7068e-05","0.0037","A"
"4","Trait5","FASTmrMLM","NsiI.TP798723","11","18919","-1.3268e-05","0.0029","C"
"4","Trait5","FASTmrMLM","NsiI.TP798729","11","18920","-0.1353","1.0982","C"
"4","Trait5","FASTmrMLM","NsiI.TP798814","11","18921","1.7959e-05","0.0039","A"
"4","Trait5","FASTmrMLM","NsiI.TP798970","11","18922","-2.2099e-05","0.0048","C"
"4","Trait5","FASTmrMLM","NsiI.TP798992","11","18923","-1.0899e-06","2e-04","C"
"4","Trait5","FASTmrMLM","NsiI.TP799027","11","18924","-2.306e-05","0.005","A"
"4","Trait5","FASTmrMLM","NsiI.TP799157","11","18925","-2.5922e-05","0.0057","A"
"4","Trait5","FASTmrMLM","NsiI.TP799185","11","18927","9.1956e-05","0.0093","C"
"4","Trait5","FASTmrMLM","NsiI.TP799336","11","18928","-9.3371e-06","0.002","A"
"4","Trait5","FASTmrMLM","NsiI.TP799787","11","18931","-1.0833e-05","0.0024","A"
"4","Trait5","FASTmrMLM","NsiI.TP799872","11","18932","-0.0156","0.2305","A"
"4","Trait5","FASTmrMLM","NsiI.TP800410","11","18933","4.5959e-05","0.0101","A"
"4","Trait5","FASTmrMLM","NsiI.TP800556","11","18936","3.9324e-06","9e-04","A"
"4","Trait5","FASTmrMLM","NsiI.TP800560","11","18937","-3.4354e-05","0.0075","A"
"4","Trait5","FASTmrMLM","NsiI.TP800974","11","18941","-6.5602e-06","0.0014","A"
"4","Trait5","FASTmrMLM","NsiI.TP801072","11","18943","1.9124e-05","0.0042","A"
"4","Trait5","FASTmrMLM","NsiI.TP801125","11","18944","9.7656e-06","0.0021","C"
"4","Trait5","FASTmrMLM","NsiI.TP801230","11","18945","-0.0938","1.1206","A"
"4","Trait5","FASTmrMLM","NsiI.TP801398","11","18946","0.1007","0.437","C"
"4","Trait5","FASTmrMLM","NsiI.TP801849","11","18947","-2.0107e-05","0.0044","A"
"4","Trait5","FASTmrMLM","NsiI.TP801851","11","18948","-0.1157","1.6834","A"
"4","Trait5","FASTmrMLM","NsiI.TP801897","11","18949","0.0529","0.3141","C"
"4","Trait5","FASTmrMLM","NsiI.TP801923","11","18951","0.178","0.8559","A"
"4","Trait5","FASTmrMLM","NsiI.TP801925","11","18952","-1.3153e-05","0.0029","C"
"4","Trait5","FASTmrMLM","NsiI.TP801983","11","18954","1.4354e-05","0.0031","C"
"4","Trait5","FASTmrMLM","NsiI.TP802186","11","18956","-0.0696","0.6795","A"
"4","Trait5","FASTmrMLM","NsiI.TP802198","11","18957","4.1096e-05","0.009","A"
"4","Trait5","FASTmrMLM","NsiI.TP802673","11","18960","-0.0589","0.6114","A"
"4","Trait5","FASTmrMLM","NsiI.TP802857","11","18961","-3.0066e-06","7e-04","G"
"4","Trait5","FASTmrMLM","NsiI.TP802979","11","18962","1.125e-05","0.0025","A"
"4","Trait5","FASTmrMLM","NsiI.TP803817","11","18964","1.3915e-05","0.003","A"
"4","Trait5","FASTmrMLM","NsiI.TP803855","11","18966","0.0185","0.1594","C"
"4","Trait5","FASTmrMLM","NsiI.TP804076","11","18967","-0.1844","2.2792","C"
"4","Trait5","FASTmrMLM","NsiI.TP804180","11","18968","-1.7653e-05","0.0039","C"
"4","Trait5","FASTmrMLM","NsiI.TP804317","11","18969","-0.1468","1.0346","A"
"4","Trait5","FASTmrMLM","NsiI.TP804361","11","18971","1.4081e-05","0.0031","A"
"4","Trait5","FASTmrMLM","NsiI.TP804730","11","18974","-0.0669","0.4845","C"
"4","Trait5","FASTmrMLM","NsiI.TP805003","11","18976","7.1322e-06","0.0016","C"
"4","Trait5","FASTmrMLM","NsiI.TP805238","11","18981","4.817e-06","0.001","A"
"4","Trait5","FASTmrMLM","NsiI.TP805385","11","18982","-0.0681","0.4245","A"
"4","Trait5","FASTmrMLM","NsiI.TP805412","11","18983","2.2107e-05","0.0048","C"
"4","Trait5","FASTmrMLM","NsiI.TP805637","11","18985","0.0151","0.2231","A"
"4","Trait5","FASTmrMLM","NsiI.TP805757","11","18986","0.2973","1.5785","A"
"4","Trait5","FASTmrMLM","NsiI.TP805792","11","18988","0.0987","0.6465","A"
"4","Trait5","FASTmrMLM","NsiI.TP805916","11","18991","1.571e-05","0.0034","A"
"4","Trait5","FASTmrMLM","NsiI.TP806051","11","18992","2.366e-06","5e-04","A"
"4","Trait5","FASTmrMLM","NsiI.TP806121","11","18993","-1.2559e-05","0.0027","C"
"4","Trait5","FASTmrMLM","NsiI.TP806591","11","18995","-2.7776e-05","0.0061","A"
"4","Trait5","FASTmrMLM","NsiI.TP807292","11","18997","-4.4852e-05","0.0099","A"
"4","Trait5","FASTmrMLM","NsiI.TP807336","11","18998","-2.54e-06","6e-04","A"
"4","Trait5","FASTmrMLM","NsiI.TP807339","11","18999","-4.6671e-06","0.001","C"
"4","Trait5","FASTmrMLM","NsiI.TP807384","11","19000","1.6844e-05","0.0037","A"
"4","Trait5","FASTmrMLM","NsiI.TP807619","11","19002","-0.5577","1.1105","G"
"4","Trait5","FASTmrMLM","NsiI.TP807638","11","19003","-2.1747e-06","5e-04","G"
"4","Trait5","FASTmrMLM","NsiI.TP807741","11","19004","-1.9201e-05","0.0042","A"
"4","Trait5","FASTmrMLM","NsiI.TP807867","11","19005","0.053","0.271","A"
"4","Trait5","FASTmrMLM","NsiI.TP807908","11","19007","-3.9267e-05","0.0086","A"
"4","Trait5","FASTmrMLM","NsiI.TP807987","11","19009","-0.0497","0.3467","A"
"4","Trait5","FASTmrMLM","NsiI.TP808058","11","19011","-0.0999","0.4951","A"
"4","Trait5","FASTmrMLM","NsiI.TP808078","11","19012","1.4697e-05","0.0032","A"
"4","Trait5","FASTmrMLM","NsiI.TP808509","11","19013","0.0485","0.6381","C"
"4","Trait5","FASTmrMLM","NsiI.TP808560","11","19014","-0.0908","0.8908","C"
"4","Trait5","FASTmrMLM","NsiI.TP808661","11","19015","-1.3677e-05","0.003","C"
"4","Trait5","FASTmrMLM","NsiI.TP808715","11","19016","0.0095","0.1745","A"
"4","Trait5","FASTmrMLM","NsiI.TP808733","11","19017","1.0664e-05","0.0023","A"
"4","Trait5","FASTmrMLM","NsiI.TP808774","11","19019","-1.1729e-05","0.0026","C"
"4","Trait5","FASTmrMLM","NsiI.TP808919","11","19021","-0.1437","1.1444","C"
"4","Trait5","FASTmrMLM","NsiI.TP809308","11","19023","-4.8125e-06","0.001","G"
"4","Trait5","FASTmrMLM","NsiI.TP809483","11","19025","-1.5201e-06","3e-04","C"
"4","Trait5","FASTmrMLM","NsiI.TP809493","11","19026","-5.9178e-06","0.0013","A"
"4","Trait5","FASTmrMLM","NsiI.TP809648","11","19028","0.1291","1.6022","G"
"4","Trait5","FASTmrMLM","NsiI.TP809650","11","19029","1.1537e-05","0.0025","A"
"4","Trait5","FASTmrMLM","NsiI.TP809724","11","19030","-2.7348e-05","0.006","A"
"4","Trait5","FASTmrMLM","NsiI.TP809920","11","19034","1.2204e-05","0.0027","A"
"4","Trait5","FASTmrMLM","NsiI.TP810021","11","19036","1.0969e-05","0.0024","A"
"4","Trait5","FASTmrMLM","NsiI.TP810042","11","19037","2.4748e-05","0.0054","A"
"4","Trait5","FASTmrMLM","NsiI.TP810222","11","19039","1.3073e-05","0.0029","A"
"4","Trait5","FASTmrMLM","NsiI.TP810241","11","19040","-1.5799e-06","3e-04","A"
"4","Trait5","FASTmrMLM","NsiI.TP810316","11","19041","0.034","0.3881","C"
"4","Trait5","FASTmrMLM","NsiI.TP810332","11","19042","7.8679e-06","0.0017","A"
"4","Trait5","FASTmrMLM","NsiI.TP810425","11","19043","2.6932e-05","0.0059","G"
"4","Trait5","FASTmrMLM","NsiI.TP810504","11","19045","1.4838e-05","0.0032","C"
"4","Trait5","FASTmrMLM","NsiI.TP810580","11","19046","1.0217e-05","0.0022","A"
"4","Trait5","FASTmrMLM","NsiI.TP810584","11","19047","-0.1227","1.1638","G"
"4","Trait5","FASTmrMLM","NsiI.TP810592","11","19048","-2.6013e-06","6e-04","C"
"4","Trait5","FASTmrMLM","NsiI.TP810594","11","19049","-1.2841e-05","0.0028","G"
"4","Trait5","FASTmrMLM","NsiI.TP810605","11","19050","-2.3019e-06","5e-04","A"
"4","Trait5","FASTmrMLM","NsiI.TP810660","11","19052","-2.9685e-06","6e-04","C"
"4","Trait5","FASTmrMLM","NsiI.TP810858","11","19054","-0.0186","0.1716","A"
"4","Trait5","FASTmrMLM","NsiI.TP810871","11","19055","-0.1883","0.7123","C"
"4","Trait5","FASTmrMLM","NsiI.TP810965","11","19059","-0.1547","0.7189","C"
"4","Trait5","FASTmrMLM","NsiI.TP811000","11","19061","8.4041e-06","0.0018","A"
"4","Trait5","FASTmrMLM","NsiI.TP811085","11","19063","-1.1346e-05","0.0025","C"
"4","Trait5","FASTmrMLM","NsiI.TP811277","11","19065","0.0074","0.1333","C"
"4","Trait5","FASTmrMLM","NsiI.TP811304","11","19066","1.4468e-06","3e-04","A"
"4","Trait5","FASTmrMLM","NsiI.TP811334","11","19068","-0.0243","0.243","A"
"4","Trait5","FASTmrMLM","NsiI.TP811356","11","19069","8.1399e-06","0.0018","C"
"4","Trait5","FASTmrMLM","NsiI.TP811464","11","19070","-0.0916","0.6304","G"
"4","Trait5","FASTmrMLM","NsiI.TP811669","11","19072","1.9189e-05","0.0042","A"
"4","Trait5","FASTmrMLM","NsiI.TP811672","11","19073","9.0442e-06","0.002","G"
"4","Trait5","FASTmrMLM","NsiI.TP811762","11","19074","2.2299e-06","5e-04","A"
"4","Trait5","FASTmrMLM","NsiI.TP811764","11","19075","1.4675e-05","0.0032","G"
"4","Trait5","FASTmrMLM","NsiI.TP811800","11","19076","-0.0148","0.1645","G"
"4","Trait5","FASTmrMLM","NsiI.TP811900","11","19077","1.4166e-05","0.0031","A"
"4","Trait5","FASTmrMLM","NsiI.TP812001","11","19079","0.0316","0.2689","C"
"4","Trait5","FASTmrMLM","NsiI.TP812041","11","19080","3.0163e-05","0.0066","C"
"4","Trait5","FASTmrMLM","NsiI.TP812073","11","19081","-0.1026","0.5604","A"
"4","Trait5","FASTmrMLM","NsiI.TP812238","11","19083","-2.0652e-05","0.0045","A"
"4","Trait5","FASTmrMLM","NsiI.TP812251","11","19084","-9.7837e-06","0.0021","C"
"4","Trait5","FASTmrMLM","NsiI.TP812295","11","19086","-9.9073e-06","0.0022","C"
"4","Trait5","FASTmrMLM","NsiI.TP812314","11","19087","-1.0138e-06","2e-04","G"
"4","Trait5","FASTmrMLM","NsiI.TP812432","11","19088","-5.9118e-06","0.0013","C"
"4","Trait5","FASTmrMLM","NsiI.TP812500","11","19089","0.3754","1.4353","A"
"4","Trait5","FASTmrMLM","NsiI.TP812501","11","19090","-0.1883","0.9536","C"
"4","Trait5","FASTmrMLM","NsiI.TP812531","11","19091","-0.16","0.7443","C"
"4","Trait5","FASTmrMLM","NsiI.TP812674","11","19093","7.6845e-06","0.0017","A"
"4","Trait5","FASTmrMLM","NsiI.TP812753","11","19094","-6.7145e-06","0.0015","C"
"4","Trait5","FASTmrMLM","NsiI.TP812818","11","19095","-2.9391e-06","6e-04","C"
"4","Trait5","FASTmrMLM","NsiI.TP813110","11","19098","-5.038e-06","0.0011","A"
"4","Trait5","FASTmrMLM","NsiI.TP813157","11","19099","7.5808e-06","0.0017","C"
"4","Trait5","FASTmrMLM","NsiI.TP813161","11","19100","-8.2446e-06","0.0018","A"
"4","Trait5","FASTmrMLM","NsiI.TP813253","11","19102","-0.0273","0.2561","C"
"4","Trait5","FASTmrMLM","NsiI.TP813299","11","19104","-0.2795","1.1108","A"
"4","Trait5","FASTmrMLM","NsiI.TP813629","11","19106","-0.0907","0.6646","A"
"4","Trait5","FASTmrMLM","NsiI.TP813632","11","19107","-3.608e-05","0.0079","G"
"4","Trait5","FASTmrMLM","NsiI.TP813658","11","19108","-0.0187","0.1498","A"
"4","Trait5","FASTmrMLM","NsiI.TP813787","11","19109","2.7213e-06","6e-04","C"
"4","Trait5","FASTmrMLM","NsiI.TP813850","11","19110","-0.1409","0.7793","A"
"4","Trait5","FASTmrMLM","NsiI.TP813871","11","19111","0.1255","0.9263","C"
"4","Trait5","FASTmrMLM","NsiI.TP814107","11","19113","0.1063","0.7257","C"
"4","Trait5","FASTmrMLM","NsiI.TP814152","11","19115","-9.1198e-07","2e-04","A"
"4","Trait5","FASTmrMLM","NsiI.TP814223","11","19117","-0.0196","0.2023","C"
"4","Trait5","FASTmrMLM","NsiI.TP814253","11","19118","1.7478e-05","0.0038","A"
"4","Trait5","FASTmrMLM","NsiI.TP814294","11","19119","0.0536","0.5195","A"
"4","Trait5","FASTmrMLM","NsiI.TP814419","11","19122","0.0901","0.6459","A"
"4","Trait5","FASTmrMLM","NsiI.TP814562","11","19123","3.2903e-05","0.0072","A"
"4","Trait5","FASTmrMLM","NsiI.TP814591","11","19124","2.0557e-05","0.0045","C"
"4","Trait5","FASTmrMLM","NsiI.TP814593","11","19125","1.3308e-05","0.0029","C"
"4","Trait5","FASTmrMLM","NsiI.TP814997","11","19126","-1.354e-05","0.003","A"
"4","Trait5","FASTmrMLM","NsiI.TP815009","11","19127","0.5009","2.1904","C"
"4","Trait5","FASTmrMLM","NsiI.TP815164","11","19130","0.1665","1.1776","A"
"4","Trait5","FASTmrMLM","NsiI.TP815398","11","19131","6.3053e-06","0.0014","A"
"4","Trait5","FASTmrMLM","NsiI.TP815789","11","19132","-3.3571e-05","0.0074","A"
"4","Trait5","FASTmrMLM","NsiI.TP815809","11","19133","0.1369","0.5977","C"
"4","Trait5","FASTmrMLM","NsiI.TP816088","11","19136","-0.0408","0.2849","C"
"4","Trait5","FASTmrMLM","NsiI.TP816322","11","19137","1.6318e-06","4e-04","A"
"4","Trait5","FASTmrMLM","NsiI.TP816391","11","19138","0.0724","0.6203","C"
"4","Trait5","FASTmrMLM","NsiI.TP816471","11","19139","-0.0237","0.3212","C"
"4","Trait5","FASTmrMLM","NsiI.TP816510","11","19140","-0.1564","0.8122","A"
"4","Trait5","FASTmrMLM","NsiI.TP816614","11","19141","-1.6548e-05","0.0036","A"
"4","Trait5","FASTmrMLM","NsiI.TP816623","11","19142","2.5652e-05","0.0056","G"
"4","Trait5","FASTmrMLM","NsiI.TP816777","11","19143","-3.0361e-05","0.0067","A"
"4","Trait5","FASTmrMLM","NsiI.TP816892","11","19146","1.7163e-05","0.0038","G"
"4","Trait5","FASTmrMLM","NsiI.TP816941","11","19147","1.8222e-05","0.004","C"
"4","Trait5","FASTmrMLM","NsiI.TP817049","11","19150","4.6971e-06","0.001","A"
"4","Trait5","FASTmrMLM","NsiI.TP817540","11","19151","-0.1438","0.9065","A"
"4","Trait5","FASTmrMLM","NsiI.TP818245","11","19154","0.014","0.1524","A"
"4","Trait5","FASTmrMLM","NsiI.TP818757","11","19156","-0.2885","1.0438","C"
"4","Trait5","FASTmrMLM","NsiI.TP818864","11","19158","-2.5889e-06","6e-04","A"
"4","Trait5","FASTmrMLM","NsiI.TP818907","11","19159","-0.1994","1.5351","C"
"4","Trait5","FASTmrMLM","NsiI.TP818908","11","19160","2.2982e-06","5e-04","C"
"4","Trait5","FASTmrMLM","NsiI.TP818942","11","19161","0.1974","0.9153","G"
"4","Trait5","FASTmrMLM","NsiI.TP819048","11","19164","0.1127","0.9865","A"
"4","Trait5","FASTmrMLM","NsiI.TP819086","11","19165","-0.0354","0.3901","C"
"4","Trait5","FASTmrMLM","NsiI.TP819226","11","19167","-4.4875e-05","0.0099","C"
"4","Trait5","FASTmrMLM","NsiI.TP819234","11","19168","-0.1788","0.9364","A"
"4","Trait5","FASTmrMLM","NsiI.TP819304","11","19169","1.166e-05","0.0025","C"
"4","Trait5","FASTmrMLM","NsiI.TP819432","11","19170","-0.1905","1.5888","C"
"4","Trait5","FASTmrMLM","NsiI.TP819443","11","19171","1.5591e-06","3e-04","A"
"4","Trait5","FASTmrMLM","NsiI.TP819458","11","19172","1.2023e-05","0.0026","G"
"4","Trait5","FASTmrMLM","NsiI.TP819606","11","19173","5.7071e-06","0.0012","A"
"4","Trait5","FASTmrMLM","NsiI.TP819614","11","19174","0.0783","0.6673","A"
"4","Trait5","FASTmrMLM","NsiI.TP819621","11","19175","1.7889e-05","0.0039","C"
"4","Trait5","FASTmrMLM","NsiI.TP819623","11","19176","-0.0471","0.4373","C"
"4","Trait5","FASTmrMLM","NsiI.TP819642","11","19177","1.0546e-05","0.0023","C"
"4","Trait5","FASTmrMLM","NsiI.TP819825","11","19178","0.2415","0.9125","A"
"4","Trait5","FASTmrMLM","NsiI.TP820242","11","19181","8.4397e-06","0.0018","A"
"4","Trait5","FASTmrMLM","NsiI.TP820545","11","19183","-0.1037","0.5168","A"
"4","Trait5","FASTmrMLM","NsiI.TP820563","11","19184","4.5801e-06","0.001","C"
"4","Trait5","FASTmrMLM","NsiI.TP820678","11","19185","-6.1964e-06","0.0014","A"
"4","Trait5","FASTmrMLM","NsiI.TP820695","11","19186","1.1289e-05","0.0025","C"
"4","Trait5","FASTmrMLM","NsiI.TP820746","11","19187","1.0184e-06","2e-04","C"
"4","Trait5","FASTmrMLM","NsiI.TP820848","11","19189","-0.0668","0.6797","C"
"4","Trait5","FASTmrMLM","NsiI.TP820940","11","19190","-1.0868e-06","2e-04","G"
"4","Trait5","FASTmrMLM","NsiI.TP820999","11","19191","-1.1432e-05","0.0025","G"
"4","Trait5","FASTmrMLM","NsiI.TP821084","11","19192","-2.9923e-05","0.0061","A"
"4","Trait5","FASTmrMLM","NsiI.TP821276","11","19193","7.2068e-06","0.0016","C"
"4","Trait5","FASTmrMLM","NsiI.TP821453","11","19194","5.6686e-06","0.0012","A"
"4","Trait5","FASTmrMLM","NsiI.TP821578","11","19196","-0.1465","1.8067","A"
"4","Trait5","FASTmrMLM","NsiI.TP821626","11","19197","-0.0621","0.6503","C"
"4","Trait5","FASTmrMLM","NsiI.TP821705","11","19198","-1.4449e-05","0.0032","C"
"4","Trait5","FASTmrMLM","NsiI.TP821742","11","19199","-2.9694e-05","0.0065","A"
"4","Trait5","FASTmrMLM","NsiI.TP821864","11","19200","-1.1193e-05","0.0024","C"
"4","Trait5","FASTmrMLM","NsiI.TP821921","11","19202","2.8629e-05","0.0063","C"
"4","Trait5","FASTmrMLM","NsiI.TP821959","11","19203","1.4245e-05","0.0031","C"
"4","Trait5","FASTmrMLM","NsiI.TP821985","11","19204","-2.5359e-05","0.0056","A"
"4","Trait5","FASTmrMLM","NsiI.TP822007","11","19205","-1.413e-05","0.0031","A"
"4","Trait5","FASTmrMLM","NsiI.TP822091","11","19206","-1.8757e-05","0.0041","C"
"4","Trait5","FASTmrMLM","NsiI.TP822108","11","19207","2.6817e-06","6e-04","A"
"4","Trait5","FASTmrMLM","NsiI.TP822151","11","19210","-1.3039e-05","0.0028","C"
"4","Trait5","FASTmrMLM","NsiI.TP822300","11","19212","-0.0669","0.7593","A"
"4","Trait5","FASTmrMLM","NsiI.TP822312","11","19213","1.6325e-06","4e-04","A"
"4","Trait5","FASTmrMLM","NsiI.TP822322","11","19214","-2.124e-05","0.0046","C"
"4","Trait5","FASTmrMLM","NsiI.TP822524","11","19215","-9.9842e-06","0.0022","G"
"4","Trait5","FASTmrMLM","NsiI.TP822573","11","19216","-6.8663e-06","0.0015","C"
"4","Trait5","FASTmrMLM","NsiI.TP822631","11","19218","0.122","1.0152","A"
"4","Trait5","FASTmrMLM","NsiI.TP822744","11","19220","-0.1505","0.9102","A"
"4","Trait5","FASTmrMLM","NsiI.TP822787","11","19221","-0.2295","1.258","G"
"4","Trait5","FASTmrMLM","NsiI.TP822887","11","19222","-0.2333","1.811","A"
"4","Trait5","FASTmrMLM","NsiI.TP822914","11","19223","1.664e-05","0.0036","A"
"4","Trait5","FASTmrMLM","NsiI.TP823009","11","19225","-3.7647e-05","0.0083","A"
"4","Trait5","FASTmrMLM","NsiI.TP823198","11","19228","-1.1495e-05","0.0025","A"
"4","Trait5","FASTmrMLM","NsiI.TP823238","11","19229","0.046","0.4101","A"
"4","Trait5","FASTmrMLM","NsiI.TP823264","11","19231","-0.0749","0.8647","C"
"4","Trait5","FASTmrMLM","NsiI.TP823284","11","19232","-6.3185e-06","0.0014","A"
"4","Trait5","FASTmrMLM","NsiI.TP823381","11","19234","-1.0729e-05","0.0023","A"
"4","Trait5","FASTmrMLM","NsiI.TP823495","11","19235","0.033","0.3158","A"
"4","Trait5","FASTmrMLM","NsiI.TP823575","11","19236","-1.1937e-05","0.0026","A"
"4","Trait5","FASTmrMLM","NsiI.TP823594","11","19237","-2.2312e-05","0.0049","A"
"4","Trait5","FASTmrMLM","NsiI.TP823635","11","19238","2.2863e-05","0.005","A"
"4","Trait5","FASTmrMLM","NsiI.TP823699","11","19239","-0.1407","0.8247","A"
"4","Trait5","FASTmrMLM","NsiI.TP823921","11","19242","-2.7681e-06","6e-04","A"
"4","Trait5","FASTmrMLM","NsiI.TP824165","11","19243","-1.3993e-05","0.0031","A"
"4","Trait5","FASTmrMLM","NsiI.TP824214","11","19244","-0.2513","1.5092","C"
"4","Trait5","FASTmrMLM","NsiI.TP824423","11","19247","1.3093e-06","3e-04","A"
"4","Trait5","FASTmrMLM","NsiI.TP824537","11","19249","-7.4563e-06","0.0016","A"
"4","Trait5","FASTmrMLM","NsiI.TP824960","11","19253","-3.3817e-05","0.0074","A"
"4","Trait5","FASTmrMLM","NsiI.TP824994","11","19254","3.3369e-05","0.0073","A"
"4","Trait5","FASTmrMLM","NsiI.TP825048","11","19255","0.1464","1.1157","G"
"4","Trait5","FASTmrMLM","NsiI.TP825248","11","19256","5.1169e-06","0.0011","A"
"4","Trait5","FASTmrMLM","NsiI.TP825259","11","19257","1.4437e-05","0.0032","C"
"4","Trait5","FASTmrMLM","NsiI.TP825555","11","19259","-0.1917","1.198","C"
"4","Trait5","FASTmrMLM","NsiI.TP825560","11","19260","3.2541e-06","7e-04","A"
"4","Trait5","FASTmrMLM","NsiI.TP825595","11","19261","0.065","0.7076","C"
"4","Trait5","FASTmrMLM","NsiI.TP825641","11","19262","-1e-04","0.0104","C"
"4","Trait5","FASTmrMLM","NsiI.TP825700","11","19263","0.2544","1.2899","C"
"4","Trait5","FASTmrMLM","NsiI.TP825906","11","19265","-1.925e-05","0.0042","C"
"4","Trait5","FASTmrMLM","NsiI.TP826040","11","19266","-1.2874e-06","3e-04","C"
"4","Trait5","FASTmrMLM","NsiI.TP826104","11","19267","0.1039","0.5516","G"
"4","Trait5","FASTmrMLM","NsiI.TP826243","11","19268","1.1366e-05","0.0025","C"
"4","Trait5","FASTmrMLM","NsiI.TP826371","11","19270","1.459e-05","0.0032","C"
"4","Trait5","FASTmrMLM","NsiI.TP826733","11","19273","3.1914e-05","0.007","C"
"4","Trait5","FASTmrMLM","NsiI.TP826830","11","19274","2.8119e-06","6e-04","C"
"4","Trait5","FASTmrMLM","NsiI.TP826832","11","19275","-3.4551e-05","0.0076","A"
"4","Trait5","FASTmrMLM","NsiI.TP826891","11","19276","-8.7623e-06","0.0019","C"
"4","Trait5","FASTmrMLM","NsiI.TP826936","11","19277","-1.4584e-05","0.0032","C"
"4","Trait5","FASTmrMLM","NsiI.TP827179","11","19278","2.9752e-05","0.0065","C"
"4","Trait5","FASTmrMLM","NsiI.TP827204","11","19279","-3.9519e-05","0.0087","C"
"4","Trait5","FASTmrMLM","NsiI.TP827319","11","19280","2.6265e-06","6e-04","A"
"4","Trait5","FASTmrMLM","NsiI.TP827467","11","19281","-8.9736e-06","0.002","A"
"4","Trait5","FASTmrMLM","NsiI.TP827468","11","19282","-3.6335e-05","0.008","C"
"4","Trait5","FASTmrMLM","NsiI.TP827621","11","19283","-2.3569e-06","5e-04","A"
"4","Trait5","FASTmrMLM","NsiI.TP827685","11","19284","-0.0481","0.6355","A"
"4","Trait5","FASTmrMLM","NsiI.TP827803","11","19285","0.1245","0.9793","G"
"4","Trait5","FASTmrMLM","NsiI.TP827811","11","19286","0.2584","1.5056","A"
"4","Trait5","FASTmrMLM","NsiI.TP827871","11","19287","-0.1254","0.6858","A"
"4","Trait5","FASTmrMLM","NsiI.TP827893","11","19288","0.0937","0.9862","A"
"4","Trait5","FASTmrMLM","NsiI.TP827926","11","19289","2.9653e-06","6e-04","A"
"4","Trait5","FASTmrMLM","NsiI.TP827955","11","19290","1.908e-05","0.0042","A"
"4","Trait5","FASTmrMLM","NsiI.TP828260","11","19294","5.1487e-06","0.0011","A"
"4","Trait5","FASTmrMLM","NsiI.TP828345","11","19295","0.0716","0.6635","A"
"4","Trait5","FASTmrMLM","NsiI.TP828678","11","19297","-1.6298e-05","0.0036","C"
"4","Trait5","FASTmrMLM","NsiI.TP828738","11","19298","-1.5414e-05","0.0034","A"
"4","Trait5","FASTmrMLM","NsiI.TP828812","11","19300","1.7394e-05","0.0038","A"
"4","Trait5","FASTmrMLM","NsiI.TP828839","11","19301","-2.7064e-06","6e-04","A"
"4","Trait5","FASTmrMLM","NsiI.TP828846","11","19302","-1.5514e-06","3e-04","A"
"4","Trait5","FASTmrMLM","NsiI.TP829149","11","19303","-8.157e-06","0.0018","A"
"4","Trait5","FASTmrMLM","NsiI.TP829280","11","19304","-0.1254","0.5401","G"
"4","Trait5","FASTmrMLM","NsiI.TP829478","11","19306","-7.3588e-06","0.0016","A"
"4","Trait5","FASTmrMLM","NsiI.TP829584","11","19308","0.2379","1.2069","G"
"4","Trait5","FASTmrMLM","NsiI.TP829977","11","19311","4.0916e-06","9e-04","A"
"4","Trait5","FASTmrMLM","NsiI.TP830197","11","19312","-2.0506e-06","4e-04","G"
"4","Trait5","FASTmrMLM","NsiI.TP830341","11","19313","-0.0859","0.8973","G"
"4","Trait5","FASTmrMLM","NsiI.TP830617","11","19317","-2.2975e-05","0.005","A"
"4","Trait5","FASTmrMLM","NsiI.TP830698","11","19318","1.5064e-05","0.0033","C"
"4","Trait5","FASTmrMLM","NsiI.TP830929","11","19321","2.4214e-06","5e-04","C"
"4","Trait5","FASTmrMLM","NsiI.TP831091","11","19322","0.0349","0.4364","A"
"4","Trait5","FASTmrMLM","NsiI.TP831263","11","19323","1.0161e-05","0.0022","G"
"4","Trait5","FASTmrMLM","NsiI.TP831460","11","19326","-0.1554","0.7326","C"
"4","Trait5","FASTmrMLM","NsiI.TP831464","11","19327","0.0447","0.2687","A"
"4","Trait5","FASTmrMLM","NsiI.TP831718","11","19328","1.7366e-06","4e-04","C"
"4","Trait5","FASTmrMLM","NsiI.TP831719","11","19329","5.4047e-06","0.0012","C"
"4","Trait5","FASTmrMLM","NsiI.TP832142","11","19332","-2.7248e-05","0.006","C"
"4","Trait5","FASTmrMLM","NsiI.TP832325","11","19334","0.1753","0.8238","A"
"4","Trait5","FASTmrMLM","NsiI.TP832379","11","19335","0.0841","0.4748","C"
"4","Trait5","FASTmrMLM","NsiI.TP832418","11","19336","0.3073","1.6329","C"
"4","Trait5","FASTmrMLM","NsiI.TP832484","11","19337","-1.3542e-05","0.003","C"
"4","Trait5","FASTmrMLM","NsiI.TP832677","11","19340","0.1373","0.4776","A"
"4","Trait5","FASTmrMLM","NsiI.TP832754","11","19341","-2.8726e-05","0.0063","A"
"4","Trait5","FASTmrMLM","NsiI.TP832792","11","19342","0.0083","0.1598","A"
"4","Trait5","FASTmrMLM","NsiI.TP832900","11","19343","4.0039e-06","9e-04","A"
"4","Trait5","FASTmrMLM","NsiI.TP832922","11","19344","-2.0984e-06","5e-04","A"
"4","Trait5","FASTmrMLM","NsiI.TP833589","11","19346","-1.277e-05","0.0028","C"
"4","Trait5","FASTmrMLM","NsiI.TP833748","11","19347","-3.689e-05","0.0081","A"
"4","Trait5","FASTmrMLM","NsiI.TP833898","11","19348","-0.1435","0.9362","C"
"4","Trait5","FASTmrMLM","NsiI.TP833926","11","19349","1.7647e-05","0.0039","C"
"4","Trait5","FASTmrMLM","NsiI.TP834180","11","19350","-1.5585e-06","3e-04","G"
"4","Trait5","FASTmrMLM","NsiI.TP834606","11","19352","2.6213e-05","0.0057","C"
"4","Trait5","FASTmrMLM","NsiI.TP834705","11","19353","2.6829e-06","6e-04","A"
"4","Trait5","FASTmrMLM","NsiI.TP835047","11","19356","-1.6247e-06","4e-04","A"
"4","Trait5","FASTmrMLM","NsiI.TP835068","11","19357","-7.7391e-06","0.0017","A"
"4","Trait5","FASTmrMLM","NsiI.TP835127","11","19358","-7.611e-06","0.0017","C"
"4","Trait5","FASTmrMLM","NsiI.TP835201","11","19361","-1.8415e-06","4e-04","C"
"4","Trait5","FASTmrMLM","NsiI.TP835314","11","19362","-8.3954e-06","0.0018","A"
"4","Trait5","FASTmrMLM","NsiI.TP835724","11","19363","2.7196e-06","6e-04","C"
"4","Trait5","FASTmrMLM","NsiI.TP835729","11","19364","9.0997e-06","0.002","G"
"4","Trait5","FASTmrMLM","NsiI.TP27725","11","22357","-4.4418e-06","0.001","A"
"4","Trait5","FASTmrMLM","PstI.TP167116","11","22418","0.0477","0.5702","A"
"4","Trait5","FASTmrMLM","NsiI.TP481532","11","32608","-3.6311e-06","8e-04","A"
"4","Trait5","FASTmrMLM","NsiI.TP427552","11","32693","3.0137e-05","0.0066","A"
"4","Trait5","FASTmrMLM","NsiI.TP726933","11","87720","1.7682e-05","0.0039","C"
"4","Trait5","FASTmrMLM","PstI.TP861546","11","432719","-0.0824","0.9663","C"
"4","Trait5","FASTmrMLM","NsiI.TP22535","11","623919","1.1709e-05","0.0026","A"
"4","Trait5","FASTmrMLM","NsiI.TP819350","11","720120","-0.0549","0.3646","A"
"4","Trait5","FASTmrMLM","NsiI.TP486716","11","721349","1.2427e-05","0.0027","A"
"4","Trait5","FASTmrMLM","PstI.TP701939","11","789248","7.6709e-06","0.0017","C"
"4","Trait5","FASTmrMLM","NsiI.TP236938","11","851348","-0.0289","0.3023","C"
"4","Trait5","FASTmrMLM","NsiI.TP781546","11","918804","0.1955","0.9506","C"
"4","Trait5","FASTmrMLM","NsiI.TP236310","11","1548618","-1.935e-05","0.0042","C"
"4","Trait5","FASTmrMLM","PstI.TP933462","11","1796358","-5.2627e-06","0.0011","C"
"4","Trait5","FASTmrMLM","NsiI.TP260136","11","2356328","-0.1567","0.7386","C"
"4","Trait5","FASTmrMLM","NsiI.TP774639","11","2664197","1.4428e-05","0.0032","A"
"4","Trait5","FASTmrMLM","PstI.TP253222","11","2768113","-2.8462e-06","6e-04","A"
"4","Trait5","FASTmrMLM","NsiI.TP375944","11","3152574","-1.3571e-06","3e-04","G"
"4","Trait5","FASTmrMLM","PstI.TP879649","11","6190304","-4.9379e-06","0.0011","C"
"4","Trait5","FASTmrMLM","NsiI.TP799296","11","6299729","-4.1209e-06","9e-04","A"
"4","Trait5","FASTmrMLM","NsiI.TP661166","11","7766467","-0.1762","0.9432","C"
"4","Trait5","pKWmEB","NsiI.TP620354"," 1","    2563","","0.2782","A"
"4","Trait5","pKWmEB","PstI.TP453248"," 1","    3988","","0.6614","C"
"4","Trait5","pKWmEB","GFSSContig17137_1860"," 1","   35412","","1.3890","T"
"4","Trait5","pKWmEB","GFSSContig17137_940"," 1","   36536","","0.1493","T"
"4","Trait5","pKWmEB","PstI.TP1112203"," 1","   63590","","0.5434","A"
"4","Trait5","pKWmEB","PstI.TP506588"," 1","   80675","","0.6096","C"
"4","Trait5","pKWmEB","PstI.TP989644"," 1","   80828","","0.7706","C"
"4","Trait5","pKWmEB","PstI.TP312105"," 1","   81356","","1.0997","G"
"4","Trait5","pKWmEB","NsiI.TP481742"," 1","  154583","","0.4006","A"
"4","Trait5","pKWmEB","PstI.TP863331"," 1","  161269","","0.4074","A"
"4","Trait5","pKWmEB","NsiI.TP71772"," 1","  180079","","0.8489","C"
"4","Trait5","pKWmEB","NsiI.TP611047"," 1","  185165","","0.1976","A"
"4","Trait5","pKWmEB","NsiI.TP611046"," 1","  185173","","0.3038","C"
"4","Trait5","pKWmEB","PstI.TP1169914"," 1","  194807","","0.4939","G"
"4","Trait5","pKWmEB","NsiI.TP96063"," 1","  195779","","0.3582","A"
"4","Trait5","pKWmEB","NsiI.TP521153"," 1","  258294","","0.1941","A"
"4","Trait5","pKWmEB","PstI.TP271714"," 1","  262844","","0.1019","A"
"4","Trait5","pKWmEB","PstI.TP424788"," 1","  263370","","0.2318","A"
"4","Trait5","pKWmEB","PstI.TP811380"," 1","  281841","","1.4962","C"
"4","Trait5","pKWmEB","PstI.TP931820"," 1","  284314","","0.0661","A"
"4","Trait5","pKWmEB","NsiI.TP426085"," 1","  284999","","0.2665","A"
"4","Trait5","pKWmEB","NsiI.TP148773"," 1","  285352","","0.0093","A"
"4","Trait5","pKWmEB","NsiI.TP148774"," 1","  285397","","0.9419","A"
"4","Trait5","pKWmEB","PstI.TP301730"," 1","  298129","","0.2281","A"
"4","Trait5","pKWmEB","PstI.TP710662"," 1","  335281","","0.2193","A"
"4","Trait5","pKWmEB","NsiI.TP579900"," 1","  335878","","1.3247","G"
"4","Trait5","pKWmEB","PstI.TP1043924"," 1","  365760","","0.6657","A"
"4","Trait5","pKWmEB","PstI.TP1043926"," 1","  365816","","0.2991","A"
"4","Trait5","pKWmEB","NsiI.TP414280"," 1","  378096","","0.3593","A"
"4","Trait5","pKWmEB","NsiI.TP807695"," 1","  389941","","1.3385","A"
"4","Trait5","pKWmEB","NsiI.TP687955"," 1","  398596","","0.1647","C"
"4","Trait5","pKWmEB","PstI.TP948856"," 1","  403321","","0.3718","A"
"4","Trait5","pKWmEB","PstI.TP1037554"," 1","  403777","","0.0134","A"
"4","Trait5","pKWmEB","NsiI.TP122940"," 1","  430012","","0.3283","A"
"4","Trait5","pKWmEB","NsiI.TP703893"," 1","  450123","","0.7466","C"
"4","Trait5","pKWmEB","PstI.TP1026667"," 1","  480929","","0.1839","A"
"4","Trait5","pKWmEB","NsiI.TP413787"," 1","  481003","","0.4912","A"
"4","Trait5","pKWmEB","NsiI.TP591161"," 1","  512907","","0.5506","A"
"4","Trait5","pKWmEB","NsiI.TP260303"," 1","  526218","","0.4292","A"
"4","Trait5","pKWmEB","NsiI.TP160827"," 1","  542721","","0.5575","A"
"4","Trait5","pKWmEB","PstI.TP425356"," 1","  569039","","1.0135","C"
"4","Trait5","pKWmEB","PstI.TP999740"," 1","  569491","","0.5957","A"
"4","Trait5","pKWmEB","PstI.TP184304"," 1","  572620","","0.3999","C"
"4","Trait5","pKWmEB","PstI.TP1132231"," 1","  588023","","0.0917","A"
"4","Trait5","pKWmEB","PstI.TP536170"," 1","  662254","","0.0899","C"
"4","Trait5","pKWmEB","PstI.TP854736"," 1","  683267","","0.2734","A"
"4","Trait5","pKWmEB","PstI.TP83381"," 1","  713539","","1.3195","A"
"4","Trait5","pKWmEB","PstI.TP94792"," 1","  731905","","1.9574","C"
"4","Trait5","pKWmEB","PstI.TP968891"," 1","  748410","","0.0074","C"
"4","Trait5","pKWmEB","NsiI.TP802651"," 1","  754114","","0.9010","C"
"4","Trait5","pKWmEB","PstI.TP1039014"," 1","  759496","","0.0612","A"
"4","Trait5","pKWmEB","PstI.TP1248576"," 1","  760805","","0.1085","C"
"4","Trait5","pKWmEB","NsiI.TP241552"," 1","  773227","","0.5503","C"
"4","Trait5","pKWmEB","NsiI.TP241535"," 1","  773253","","0.0602","A"
"4","Trait5","pKWmEB","NsiI.TP282375"," 1","  773642","","0.1629","C"
"4","Trait5","pKWmEB","NsiI.TP559422"," 1","  781613","","0.4728","A"
"4","Trait5","pKWmEB","PstI.TP579974"," 1","  783866","","0.2211","C"
"4","Trait5","pKWmEB","PstI.TP1090052"," 1","  815564","","1.0038","A"
"4","Trait5","pKWmEB","PstI.TP1216290"," 1","  817784","","0.6482","A"
"4","Trait5","pKWmEB","NsiI.TP199750"," 1","  819727","","0.2741","A"
"4","Trait5","pKWmEB","NsiI.TP619705"," 1","  820317","","0.2834","A"
"4","Trait5","pKWmEB","PstI.TP537601"," 1","  822113","","0.2781","C"
"4","Trait5","pKWmEB","NsiI.TP585976"," 1","  829048","","0.5040","C"
"4","Trait5","pKWmEB","NsiI.TP358960"," 1","  864806","","0.3654","A"
"4","Trait5","pKWmEB","PstI.TP1152021"," 1","  865447","","0.2048","A"
"4","Trait5","pKWmEB","PstI.TP139718"," 1","  866121","","0.1699","C"
"4","Trait5","pKWmEB","NsiI.TP603024"," 1","  882892","","0.1344","C"
"4","Trait5","pKWmEB","PstI.TP2218"," 1","  905152","","0.2997","A"
"4","Trait5","pKWmEB","NsiI.TP410050"," 1","  907438","","0.9093","C"
"4","Trait5","pKWmEB","NsiI.TP410051"," 1","  907440","","0.0861","A"
"4","Trait5","pKWmEB","PstI.TP716618"," 1","  918921","","0.3964","G"
"4","Trait5","pKWmEB","PstI.TP34534"," 1","  923689","","1.3817","A"
"4","Trait5","pKWmEB","PstI.TP724910"," 1","  925871","","0.0836","C"
"4","Trait5","pKWmEB","PstI.TP383349"," 1","  950724","","0.0354","A"
"4","Trait5","pKWmEB","NsiI.TP809841"," 1","  955990","","0.1962","A"
"4","Trait5","pKWmEB","PstI.TP39577"," 1","  959521","","0.7748","C"
"4","Trait5","pKWmEB","PstI.TP1246584"," 1"," 1015480","","1.5438","C"
"4","Trait5","pKWmEB","NsiI.TP443042"," 1"," 1033284","","2.3568","A"
"4","Trait5","pKWmEB","PstI.TP354591"," 1"," 1050082","","0.1386","C"
"4","Trait5","pKWmEB","PstI.TP1060928"," 1"," 1054924","","0.0547","A"
"4","Trait5","pKWmEB","PstI.TP968458"," 1"," 1145895","","0.2586","A"
"4","Trait5","pKWmEB","PstI.TP979329"," 1"," 1145899","","0.6612","A"
"4","Trait5","pKWmEB","PstI.TP856852"," 1"," 1153760","","0.5014","G"
"4","Trait5","pKWmEB","PstI.TP1010387"," 1"," 1174408","","0.1716","C"
"4","Trait5","pKWmEB","NsiI.TP379925"," 1"," 1174994","","0.1302","C"
"4","Trait5","pKWmEB","PstI.TP775725"," 1"," 1175417","","0.8109","A"
"4","Trait5","pKWmEB","PstI.TP885953"," 1"," 1195721","","0.3496","A"
"4","Trait5","pKWmEB","PstI.TP530416"," 1"," 1196937","","0.2925","A"
"4","Trait5","pKWmEB","NsiI.TP809990"," 1"," 1199529","","0.0933","G"
"4","Trait5","pKWmEB","NsiI.TP621329"," 1"," 1209175","","0.2567","C"
"4","Trait5","pKWmEB","PstI.TP136460"," 1"," 1229717","","0.2564","A"
"4","Trait5","pKWmEB","NsiI.TP226174"," 1"," 1247110","","0.2314","C"
"4","Trait5","pKWmEB","NsiI.TP622"," 1"," 1250740","","0.3332","A"
"4","Trait5","pKWmEB","PstI.TP952646"," 1"," 1257515","","0.0820","A"
"4","Trait5","pKWmEB","NsiI.TP429501"," 1"," 1266624","","0.2793","A"
"4","Trait5","pKWmEB","PstI.TP112674"," 1"," 1270544","","0.5955","A"
"4","Trait5","pKWmEB","NsiI.TP321202"," 1"," 1270981","","0.3946","A"
"4","Trait5","pKWmEB","NsiI.TP321203"," 1"," 1270985","","1.2887","A"
"4","Trait5","pKWmEB","PstI.TP761288"," 1"," 1274696","","0.2446","G"
"4","Trait5","pKWmEB","NsiI.TP83302"," 1"," 1275020","","0.0795","C"
"4","Trait5","pKWmEB","PstI.TP250182"," 1"," 1293920","","0.1859","A"
"4","Trait5","pKWmEB","NsiI.TP139486"," 1"," 1336169","","0.0941","A"
"4","Trait5","pKWmEB","PstI.TP219964"," 1"," 1343660","","0.3227","C"
"4","Trait5","pKWmEB","NsiI.TP280619"," 1"," 1353156","","0.3885","A"
"4","Trait5","pKWmEB","NsiI.TP476134"," 1"," 1354429","","0.1604","A"
"4","Trait5","pKWmEB","PstI.TP919568"," 1"," 1369588","","0.0583","A"
"4","Trait5","pKWmEB","PstI.TP646654"," 1"," 1399111","","2.1693","A"
"4","Trait5","pKWmEB","NsiI.TP279368"," 1"," 1408065","","0.0311","C"
"4","Trait5","pKWmEB","NsiI.TP408020"," 1"," 1421422","","0.5295","A"
"4","Trait5","pKWmEB","NsiI.TP72077"," 1"," 1422420","","0.7614","A"
"4","Trait5","pKWmEB","GFSSContig11377_769"," 1"," 1481480","","0.4026","A"
"4","Trait5","pKWmEB","NsiI.TP707218"," 1"," 1504041","","0.0147","A"
"4","Trait5","pKWmEB","NsiI.TP229070"," 1"," 1511230","","1.1699","A"
"4","Trait5","pKWmEB","PstI.TP13650"," 1"," 1521127","","1.1970","A"
"4","Trait5","pKWmEB","PstI.TP329515"," 1"," 1537490","","0.2839","C"
"4","Trait5","pKWmEB","PstI.TP1121399"," 1"," 1542224","","0.2809","A"
"4","Trait5","pKWmEB","NsiI.TP735901"," 1"," 1547162","","0.3819","A"
"4","Trait5","pKWmEB","PstI.TP312988"," 1"," 1615878","","0.0710","C"
"4","Trait5","pKWmEB","PstI.TP115729"," 1"," 1627848","","0.8363","C"
"4","Trait5","pKWmEB","NsiI.TP287495"," 1"," 1629591","","0.3685","C"
"4","Trait5","pKWmEB","NsiI.TP830386"," 1"," 1644699","","0.0010","A"
"4","Trait5","pKWmEB","PstI.TP1031399"," 1"," 1661159","","0.3762","C"
"4","Trait5","pKWmEB","PstI.TP1294494"," 1"," 1663938","","0.1376","C"
"4","Trait5","pKWmEB","PstI.TP394777"," 1"," 1676644","","2.3707","A"
"4","Trait5","pKWmEB","PstI.TP455158"," 1"," 1676669","","0.2183","A"
"4","Trait5","pKWmEB","NsiI.TP796534"," 1"," 1682668","","0.2150","A"
"4","Trait5","pKWmEB","NsiI.TP709976"," 1"," 1682685","","0.7565","A"
"4","Trait5","pKWmEB","NsiI.TP595268"," 1"," 1683111","","0.0170","A"
"4","Trait5","pKWmEB","PstI.TP340129"," 1"," 1696284","","0.1005","C"
"4","Trait5","pKWmEB","PstI.TP879262"," 1"," 1711195","","0.3744","C"
"4","Trait5","pKWmEB","PstI.TP396517"," 1"," 1727743","","0.3756","C"
"4","Trait5","pKWmEB","PstI.TP362194"," 1"," 1738428","","0.9415","C"
"4","Trait5","pKWmEB","NsiI.TP257038"," 1"," 1777966","","0.4781","C"
"4","Trait5","pKWmEB","NsiI.TP331446"," 1"," 1795203","","0.3245","A"
"4","Trait5","pKWmEB","PstI.TP404971"," 1"," 1802717","","0.2973","A"
"4","Trait5","pKWmEB","PstI.TP752031"," 1"," 1812794","","0.8190","C"
"4","Trait5","pKWmEB","PstI.TP1164925"," 1"," 1823087","","0.0968","G"
"4","Trait5","pKWmEB","PstI.TP267190"," 1"," 1826471","","0.1518","C"
"4","Trait5","pKWmEB","PstI.TP358550"," 1"," 1827875","","0.2789","C"
"4","Trait5","pKWmEB","PstI.TP162847"," 1"," 1850794","","0.1221","A"
"4","Trait5","pKWmEB","PstI.TP973765"," 1"," 1850824","","0.2787","A"
"4","Trait5","pKWmEB","PstI.TP662746"," 1"," 1875120","","0.2579","A"
"4","Trait5","pKWmEB","NsiI.TP198999"," 1"," 1902613","","0.0181","G"
"4","Trait5","pKWmEB","PstI.TP569202"," 1"," 1913143","","0.3757","C"
"4","Trait5","pKWmEB","PstI.TP193367"," 1"," 1929457","","0.6349","C"
"4","Trait5","pKWmEB","PstI.TP1004354"," 1"," 1929463","","0.1620","G"
"4","Trait5","pKWmEB","PstI.TP929619"," 1"," 1952038","","0.1965","A"
"4","Trait5","pKWmEB","NsiI.TP501075"," 1"," 1970427","","1.2651","A"
"4","Trait5","pKWmEB","NsiI.TP212267"," 1"," 1974353","","1.3072","C"
"4","Trait5","pKWmEB","PstI.TP1073657"," 1"," 1992755","","0.2956","C"
"4","Trait5","pKWmEB","NsiI.TP346928"," 1"," 2007649","","1.2696","A"
"4","Trait5","pKWmEB","NsiI.TP465382"," 1"," 2030255","","0.2736","C"
"4","Trait5","pKWmEB","PstI.TP417865"," 1"," 2030761","","0.7784","C"
"4","Trait5","pKWmEB","NsiI.TP666080"," 1"," 2031570","","1.2773","C"
"4","Trait5","pKWmEB","NsiI.TP76995"," 1"," 2035657","","0.2581","A"
"4","Trait5","pKWmEB","PstI.TP1108087"," 1"," 2058532","","0.0913","C"
"4","Trait5","pKWmEB","NsiI.TP520381"," 1"," 2061408","","0.1762","C"
"4","Trait5","pKWmEB","PstI.TP937968"," 1"," 2082361","","0.4535","A"
"4","Trait5","pKWmEB","PstI.TP885267"," 1"," 2084430","","0.5860","A"
"4","Trait5","pKWmEB","NsiI.TP522007"," 1"," 2084710","","0.1005","C"
"4","Trait5","pKWmEB","PstI.TP871791"," 1"," 2088837","","0.1306","A"
"4","Trait5","pKWmEB","PstI.TP1172854"," 1"," 2090281","","1.7243","C"
"4","Trait5","pKWmEB","NsiI.TP412045"," 1"," 2102732","","0.1469","A"
"4","Trait5","pKWmEB","NsiI.TP252447"," 1"," 2106782","","0.5514","A"
"4","Trait5","pKWmEB","PstI.TP194713"," 1"," 2118577","","0.4082","C"
"4","Trait5","pKWmEB","PstI.TP992189"," 1"," 2128106","","0.4093","A"
"4","Trait5","pKWmEB","NsiI.TP224834"," 1"," 2135892","","1.2769","C"
"4","Trait5","pKWmEB","NsiI.TP812198"," 1"," 2141115","","0.2216","C"
"4","Trait5","pKWmEB","PstI.TP1074104"," 1"," 2141726","","0.4555","A"
"4","Trait5","pKWmEB","PstI.TP1161765"," 1"," 2167489","","0.2915","A"
"4","Trait5","pKWmEB","PstI.TP99836"," 1"," 2167938","","0.3139","A"
"4","Trait5","pKWmEB","PstI.TP127171"," 1"," 2168030","","0.1435","C"
"4","Trait5","pKWmEB","PstI.TP1142098"," 1"," 2178144","","0.1198","G"
"4","Trait5","pKWmEB","NsiI.TP77014"," 1"," 2184209","","0.4421","A"
"4","Trait5","pKWmEB","PstI.TP291430"," 1"," 2184590","","1.2458","C"
"4","Trait5","pKWmEB","PstI.TP19978"," 1"," 2238336","","0.5519","A"
"4","Trait5","pKWmEB","PstI.TP627948"," 1"," 2248757","","0.4390","A"
"4","Trait5","pKWmEB","PstI.TP456950"," 1"," 2253706","","0.2173","A"
"4","Trait5","pKWmEB","NsiI.TP435455"," 1"," 2255018","","0.2034","A"
"4","Trait5","pKWmEB","GFSSContig18743_720"," 1"," 2267526","","0.6060","A"
"4","Trait5","pKWmEB","PstI.TP1294018"," 1"," 2280325","","0.0656","C"
"4","Trait5","pKWmEB","NsiI.TP452359"," 1"," 2295850","","0.2484","C"
"4","Trait5","pKWmEB","PstI.TP56186"," 1"," 2315028","","0.2134","A"
"4","Trait5","pKWmEB","PstI.TP35983"," 1"," 2316412","","1.5888","A"
"4","Trait5","pKWmEB","PstI.TP1078305"," 1"," 2344174","","0.9739","A"
"4","Trait5","pKWmEB","NsiI.TP581618"," 1"," 2360930","","0.8439","A"
"4","Trait5","pKWmEB","PstI.TP167208"," 1"," 2365447","","2.3076","A"
"4","Trait5","pKWmEB","PstI.TP1070532"," 1"," 2365508","","0.0079","A"
"4","Trait5","pKWmEB","PstI.TP435581"," 1"," 2382439","","0.1388","C"
"4","Trait5","pKWmEB","NsiI.TP823476"," 1"," 2397333","","0.8911","C"
"4","Trait5","pKWmEB","PstI.TP962587"," 1"," 2401015","","0.7143","A"
"4","Trait5","pKWmEB","PstI.TP1061070"," 1"," 2406219","","0.0177","C"
"4","Trait5","pKWmEB","PstI.TP1270297"," 1"," 2407541","","0.1252","A"
"4","Trait5","pKWmEB","PstI.TP830503"," 1"," 2436800","","0.0445","C"
"4","Trait5","pKWmEB","PstI.TP1236997"," 1"," 2443424","","0.6258","C"
"4","Trait5","pKWmEB","PstI.TP653218"," 1"," 2466683","","0.7050","A"
"4","Trait5","pKWmEB","PstI.TP731711"," 1"," 2484952","","0.5248","C"
"4","Trait5","pKWmEB","PstI.TP584911"," 1"," 2497040","","0.0836","C"
"4","Trait5","pKWmEB","PstI.TP101400"," 1"," 2524399","","0.8751","A"
"4","Trait5","pKWmEB","PstI.TP87257"," 1"," 2524425","","0.0041","C"
"4","Trait5","pKWmEB","NsiI.TP509743"," 1"," 2527815","","0.2077","A"
"4","Trait5","pKWmEB","PstI.TP1194780"," 1"," 2560012","","0.5233","C"
"4","Trait5","pKWmEB","PstI.TP1194789"," 1"," 2560027","","0.3174","A"
"4","Trait5","pKWmEB","PstI.TP1194784"," 1"," 2560051","","0.3220","G"
"4","Trait5","pKWmEB","PstI.TP684585"," 1"," 2561805","","0.6054","A"
"4","Trait5","pKWmEB","PstI.TP108989"," 1"," 2588793","","0.1314","C"
"4","Trait5","pKWmEB","PstI.TP1224775"," 1"," 2595649","","0.7875","A"
"4","Trait5","pKWmEB","NsiI.TP814891"," 1"," 2595684","","0.2801","A"
"4","Trait5","pKWmEB","PstI.TP966432"," 1"," 2596832","","0.3696","A"
"4","Trait5","pKWmEB","PstI.TP302196"," 1"," 2600097","","0.0391","C"
"4","Trait5","pKWmEB","NsiI.TP421700"," 1"," 2601493","","0.2970","A"
"4","Trait5","pKWmEB","NsiI.TP486649"," 1"," 2601704","","1.8770","A"
"4","Trait5","pKWmEB","NsiI.TP747936"," 1"," 2617302","","0.2713","C"
"4","Trait5","pKWmEB","PstI.TP12220"," 1"," 2623236","","0.4097","A"
"4","Trait5","pKWmEB","PstI.TP84372"," 1"," 2643915","","0.4947","C"
"4","Trait5","pKWmEB","PstI.TP84374"," 1"," 2643932","","0.1681","A"
"4","Trait5","pKWmEB","PstI.TP1234629"," 1"," 2650110","","0.1361","C"
"4","Trait5","pKWmEB","NsiI.TP262405"," 1"," 2659265","","0.4946","A"
"4","Trait5","pKWmEB","PstI.TP1095066"," 1"," 2661867","","0.3557","C"
"4","Trait5","pKWmEB","NsiI.TP436355"," 1"," 2683471","","0.7103","C"
"4","Trait5","pKWmEB","PstI.TP91366"," 1"," 2683935","","0.5006","G"
"4","Trait5","pKWmEB","PstI.TP91367"," 1"," 2683983","","0.4015","C"
"4","Trait5","pKWmEB","NsiI.TP262723"," 1"," 2701695","","0.0762","C"
"4","Trait5","pKWmEB","PstI.TP362461"," 1"," 2717854","","0.2358","A"
"4","Trait5","pKWmEB","NsiI.TP810022"," 1"," 2736782","","0.4390","A"
"4","Trait5","pKWmEB","NsiI.TP346840"," 1"," 2737708","","0.1889","A"
"4","Trait5","pKWmEB","NsiI.TP612"," 1"," 2739494","","0.8342","C"
"4","Trait5","pKWmEB","NsiI.TP543728"," 1"," 2758860","","0.3186","C"
"4","Trait5","pKWmEB","NsiI.TP476081"," 1"," 2787885","","0.0959","A"
"4","Trait5","pKWmEB","PstI.TP1243434"," 1"," 2816817","","0.2094","A"
"4","Trait5","pKWmEB","PstI.TP441536"," 1"," 2816855","","0.1161","C"
"4","Trait5","pKWmEB","PstI.TP1085601"," 1"," 2820903","","0.0950","A"
"4","Trait5","pKWmEB","NsiI.TP807937"," 1"," 2822504","","1.0199","C"
"4","Trait5","pKWmEB","NsiI.TP307886"," 1"," 2823030","","0.8774","A"
"4","Trait5","pKWmEB","NsiI.TP603286"," 1"," 2837607","","0.6555","C"
"4","Trait5","pKWmEB","PstI.TP322672"," 1"," 2846372","","0.1219","A"
"4","Trait5","pKWmEB","PstI.TP65696"," 1"," 2848477","","0.0563","C"
"4","Trait5","pKWmEB","PstI.TP1085884"," 1"," 2858599","","0.2379","G"
"4","Trait5","pKWmEB","NsiI.TP615715"," 1"," 2859563","","0.2158","A"
"4","Trait5","pKWmEB","NsiI.TP601192"," 1"," 2877217","","1.0278","A"
"4","Trait5","pKWmEB","PstI.TP525202"," 1"," 2884119","","0.5986","A"
"4","Trait5","pKWmEB","PstI.TP68906"," 1"," 2893380","","0.1107","C"
"4","Trait5","pKWmEB","NsiI.TP248493"," 1"," 2912143","","1.2081","A"
"4","Trait5","pKWmEB","NsiI.TP248494"," 1"," 2912156","","0.0021","G"
"4","Trait5","pKWmEB","NsiI.TP800628"," 1"," 2914696","","0.1555","A"
"4","Trait5","pKWmEB","PstI.TP218456"," 1"," 2917050","","0.7904","C"
"4","Trait5","pKWmEB","NsiI.TP472422"," 1"," 2943582","","0.2307","A"
"4","Trait5","pKWmEB","PstI.TP808618"," 1"," 2956046","","0.6656","A"
"4","Trait5","pKWmEB","PstI.TP87177"," 1"," 2958035","","0.7735","G"
"4","Trait5","pKWmEB","PstI.TP910121"," 1"," 2970548","","0.5685","G"
"4","Trait5","pKWmEB","NsiI.TP502177"," 1"," 2971516","","0.1881","A"
"4","Trait5","pKWmEB","PstI.TP740841"," 1"," 2979318","","0.4925","G"
"4","Trait5","pKWmEB","PstI.TP736503"," 1"," 2979376","","0.9550","A"
"4","Trait5","pKWmEB","NsiI.TP795690"," 1"," 2979520","","0.7955","C"
"4","Trait5","pKWmEB","PstI.TP23705"," 1"," 2985941","","0.7648","A"
"4","Trait5","pKWmEB","PstI.TP1268585"," 1"," 2988383","","0.4283","C"
"4","Trait5","pKWmEB","PstI.TP266209"," 1"," 3006594","","0.5566","A"
"4","Trait5","pKWmEB","NsiI.TP474256"," 1"," 3014149","","0.4104","A"
"4","Trait5","pKWmEB","NsiI.TP523557"," 1"," 3014710","","1.9475","C"
"4","Trait5","pKWmEB","PstI.TP1262838"," 1"," 3015902","","1.1130","C"
"4","Trait5","pKWmEB","PstI.TP526532"," 1"," 3016481","","0.0582","C"
"4","Trait5","pKWmEB","PstI.TP362775"," 1"," 3016582","","0.8408","C"
"4","Trait5","pKWmEB","NsiI.TP307255"," 1"," 3020815","","0.1314","C"
"4","Trait5","pKWmEB","PstI.TP648800"," 1"," 3026447","","0.8550","A"
"4","Trait5","pKWmEB","PstI.TP59735"," 1"," 3027630","","0.8153","A"
"4","Trait5","pKWmEB","PstI.TP849876"," 1"," 3050119","","0.4526","C"
"4","Trait5","pKWmEB","PstI.TP1268920"," 1"," 3050813","","0.0071","G"
"4","Trait5","pKWmEB","NsiI.TP641200"," 1"," 3051168","","0.0448","C"
"4","Trait5","pKWmEB","PstI.TP691644"," 1"," 3081682","","0.0835","A"
"4","Trait5","pKWmEB","NsiI.TP603018"," 1"," 3084527","","0.4072","A"
"4","Trait5","pKWmEB","NsiI.TP326185"," 1"," 3085249","","0.0044","C"
"4","Trait5","pKWmEB","PstI.TP496269"," 1"," 3093556","","0.1239","A"
"4","Trait5","pKWmEB","PstI.TP47659"," 1"," 3099267","","0.2720","A"
"4","Trait5","pKWmEB","PstI.TP47658"," 1"," 3099273","","0.4622","A"
"4","Trait5","pKWmEB","NsiI.TP810718"," 1"," 3099667","","0.0457","C"
"4","Trait5","pKWmEB","NsiI.TP624882"," 1"," 3100006","","0.9281","A"
"4","Trait5","pKWmEB","PstI.TP768785"," 1"," 3108150","","0.8207","C"
"4","Trait5","pKWmEB","NsiI.TP520698"," 1"," 3113038","","0.1106","C"
"4","Trait5","pKWmEB","PstI.TP394468"," 1"," 3118128","","0.0513","A"
"4","Trait5","pKWmEB","NsiI.TP749903"," 1"," 3170487","","0.0031","C"
"4","Trait5","pKWmEB","NsiI.TP542903"," 1"," 3218791","","0.5021","A"
"4","Trait5","pKWmEB","NsiI.TP231108"," 1"," 3222611","","0.1913","C"
"4","Trait5","pKWmEB","NsiI.TP400110"," 1"," 3226080","","0.9603","G"
"4","Trait5","pKWmEB","PstI.TP21363"," 1"," 3287441","","0.0856","G"
"4","Trait5","pKWmEB","PstI.TP1091652"," 1"," 3288560","","0.3864","A"
"4","Trait5","pKWmEB","NsiI.TP320544"," 1"," 3288804","","0.8168","A"
"4","Trait5","pKWmEB","PstI.TP919804"," 1"," 3298099","","0.2347","A"
"4","Trait5","pKWmEB","NsiI.TP211514"," 1"," 3302756","","0.2083","C"
"4","Trait5","pKWmEB","PstI.TP209693"," 1"," 3305106","","0.7713","A"
"4","Trait5","pKWmEB","PstI.TP269249"," 1"," 3305595","","0.6957","C"
"4","Trait5","pKWmEB","PstI.TP1184342"," 1"," 3305691","","1.1223","A"
"4","Trait5","pKWmEB","PstI.TP741170"," 1"," 3312416","","0.0960","A"
"4","Trait5","pKWmEB","PstI.TP626124"," 1"," 3342723","","0.6457","A"
"4","Trait5","pKWmEB","NsiI.TP177729"," 1"," 3353639","","0.0286","A"
"4","Trait5","pKWmEB","NsiI.TP518551"," 1"," 3353724","","0.1838","C"
"4","Trait5","pKWmEB","PstI.TP1279908"," 1"," 3354502","","1.0267","A"
"4","Trait5","pKWmEB","PstI.TP1059573"," 1"," 3357749","","0.5482","A"
"4","Trait5","pKWmEB","NsiI.TP428684"," 1"," 3363336","","0.1035","A"
"4","Trait5","pKWmEB","NsiI.TP582201"," 1"," 3374367","","2.3270","A"
"4","Trait5","pKWmEB","NsiI.TP504485"," 1"," 3381640","","1.1848","A"
"4","Trait5","pKWmEB","PstI.TP1243055"," 1"," 3389055","","0.0234","A"
"4","Trait5","pKWmEB","PstI.TP637101"," 1"," 3390212","","0.4847","A"
"4","Trait5","pKWmEB","NsiI.TP260939"," 1"," 3396877","","0.2386","C"
"4","Trait5","pKWmEB","PstI.TP1244443"," 1"," 3397749","","0.1277","C"
"4","Trait5","pKWmEB","NsiI.TP24278"," 1"," 3414839","","0.3964","A"
"4","Trait5","pKWmEB","PstI.TP632135"," 1"," 3443106","","0.2236","A"
"4","Trait5","pKWmEB","NsiI.TP679512"," 1"," 3457260","","0.5406","A"
"4","Trait5","pKWmEB","PstI.TP1199997"," 1"," 3471828","","0.3138","C"
"4","Trait5","pKWmEB","PstI.TP757375"," 1"," 3471897","","0.7713","A"
"4","Trait5","pKWmEB","PstI.TP65781"," 1"," 3479205","","0.9163","A"
"4","Trait5","pKWmEB","PstI.TP17640"," 1"," 3513489","","0.4509","C"
"4","Trait5","pKWmEB","PstI.TP726521"," 1"," 3535515","","0.0656","C"
"4","Trait5","pKWmEB","PstI.TP149871"," 1"," 3568761","","0.3560","C"
"4","Trait5","pKWmEB","PstI.TP374511"," 1"," 3576636","","0.5024","A"
"4","Trait5","pKWmEB","PstI.TP1267977"," 1"," 3576713","","0.1145","A"
"4","Trait5","pKWmEB","PstI.TP210807"," 1"," 3577073","","0.3113","A"
"4","Trait5","pKWmEB","PstI.TP217326"," 1"," 3620492","","0.9745","G"
"4","Trait5","pKWmEB","PstI.TP1155202"," 1"," 3620639","","0.3667","A"
"4","Trait5","pKWmEB","GFSSContig18013_689"," 1"," 3623605","","0.2499","A"
"4","Trait5","pKWmEB","GFSSContig1730_934"," 1"," 3627877","","0.7682","A"
"4","Trait5","pKWmEB","PstI.TP227791"," 1"," 3658866","","0.1334","A"
"4","Trait5","pKWmEB","PstI.TP669284"," 1"," 3667773","","0.9254","C"
"4","Trait5","pKWmEB","PstI.TP972367"," 1"," 3682483","","0.2314","A"
"4","Trait5","pKWmEB","PstI.TP12228"," 1"," 3683456","","0.1258","C"
"4","Trait5","pKWmEB","PstI.TP374309"," 1"," 3692759","","0.0682","C"
"4","Trait5","pKWmEB","PstI.TP961085"," 1"," 3705536","","1.4162","A"
"4","Trait5","pKWmEB","PstI.TP21889"," 1"," 3705780","","1.0588","A"
"4","Trait5","pKWmEB","PstI.TP236358"," 1"," 3737433","","1.1040","A"
"4","Trait5","pKWmEB","PstI.TP339980"," 1"," 3742769","","0.0850","C"
"4","Trait5","pKWmEB","NsiI.TP177313"," 1"," 3751879","","0.5416","C"
"4","Trait5","pKWmEB","PstI.TP15894"," 1"," 3778286","","0.3487","A"
"4","Trait5","pKWmEB","PstI.TP353084"," 1"," 3778381","","0.3453","A"
"4","Trait5","pKWmEB","NsiI.TP38024"," 1"," 3799851","","0.9323","C"
"4","Trait5","pKWmEB","PstI.TP1175821"," 1"," 3851577","","0.2982","A"
"4","Trait5","pKWmEB","NsiI.TP670277"," 1"," 3855543","","0.2925","A"
"4","Trait5","pKWmEB","PstI.TP12252"," 1"," 3868495","","0.9297","G"
"4","Trait5","pKWmEB","PstI.TP84946"," 1"," 3887760","","0.1315","C"
"4","Trait5","pKWmEB","NsiI.TP730040"," 1"," 3910389","","0.3425","C"
"4","Trait5","pKWmEB","NsiI.TP221823"," 1"," 3948125","","0.0378","A"
"4","Trait5","pKWmEB","PstI.TP1053336"," 1"," 3955998","","0.7047","A"
"4","Trait5","pKWmEB","NsiI.TP403662"," 1"," 3957731","","0.4439","A"
"4","Trait5","pKWmEB","NsiI.TP591769"," 1"," 3965582","","1.5448","A"
"4","Trait5","pKWmEB","PstI.TP343137"," 1"," 3988996","","1.1367","C"
"4","Trait5","pKWmEB","PstI.TP51305"," 1"," 3991347","","0.2873","C"
"4","Trait5","pKWmEB","PstI.TP184548"," 1"," 4015875","","0.0189","C"
"4","Trait5","pKWmEB","NsiI.TP227654"," 1"," 4023324","","0.0769","C"
"4","Trait5","pKWmEB","PstI.TP891020"," 1"," 4033768","","0.4345","G"
"4","Trait5","pKWmEB","PstI.TP1114972"," 1"," 4045057","","0.1986","C"
"4","Trait5","pKWmEB","PstI.TP1146887"," 1"," 4048849","","0.5710","C"
"4","Trait5","pKWmEB","PstI.TP1007615"," 1"," 4064445","","0.2001","A"
"4","Trait5","pKWmEB","NsiI.TP418157"," 1"," 4070487","","0.7340","G"
"4","Trait5","pKWmEB","PstI.TP1266866"," 1"," 4075813","","0.1804","A"
"4","Trait5","pKWmEB","NsiI.TP564528"," 1"," 4080985","","0.0061","C"
"4","Trait5","pKWmEB","PstI.TP231983"," 1"," 4083370","","0.8207","C"
"4","Trait5","pKWmEB","NsiI.TP673754"," 1"," 4124063","","0.7093","C"
"4","Trait5","pKWmEB","PstI.TP384512"," 1"," 4144052","","0.0120","A"
"4","Trait5","pKWmEB","PstI.TP48404"," 1"," 4196705","","0.2778","C"
"4","Trait5","pKWmEB","NsiI.TP495513"," 1"," 4196957","","0.3289","C"
"4","Trait5","pKWmEB","NsiI.TP748831"," 1"," 4198755","","0.1537","A"
"4","Trait5","pKWmEB","PstI.TP1160229"," 1"," 4204691","","0.6940","A"
"4","Trait5","pKWmEB","PstI.TP17940"," 1"," 4209698","","0.3307","A"
"4","Trait5","pKWmEB","PstI.TP346636"," 1"," 4227896","","0.0903","C"
"4","Trait5","pKWmEB","PstI.TP539908"," 1"," 4267394","","0.3941","C"
"4","Trait5","pKWmEB","PstI.TP629259"," 1"," 4276027","","0.3454","C"
"4","Trait5","pKWmEB","PstI.TP629254"," 1"," 4276045","","0.1634","A"
"4","Trait5","pKWmEB","NsiI.TP225206"," 1"," 4278964","","0.5683","A"
"4","Trait5","pKWmEB","PstI.TP599866"," 1"," 4279155","","0.0609","C"
"4","Trait5","pKWmEB","PstI.TP704354"," 1"," 4298455","","1.0891","G"
"4","Trait5","pKWmEB","PstI.TP736289"," 1"," 4314719","","0.2415","A"
"4","Trait5","pKWmEB","NsiI.TP497468"," 1"," 4342825","","0.2341","A"
"4","Trait5","pKWmEB","PstI.TP911466"," 1"," 4343935","","1.2701","C"
"4","Trait5","pKWmEB","PstI.TP820611"," 1"," 4393513","","1.3445","A"
"4","Trait5","pKWmEB","NsiI.TP188114"," 1"," 4401488","","1.2073","A"
"4","Trait5","pKWmEB","NsiI.TP235210"," 1"," 4408895","","0.2569","A"
"4","Trait5","pKWmEB","PstI.TP222764"," 1"," 4421935","","0.1905","A"
"4","Trait5","pKWmEB","GFSSContig12925_418"," 1"," 4422459","","0.1443","T"
"4","Trait5","pKWmEB","NsiI.TP693921"," 1"," 4440364","","0.4827","A"
"4","Trait5","pKWmEB","PstI.TP1014212"," 1"," 4444231","","0.0924","C"
"4","Trait5","pKWmEB","PstI.TP1161147"," 1"," 4451923","","0.5702","A"
"4","Trait5","pKWmEB","NsiI.TP414259"," 1"," 4455947","","0.1859","C"
"4","Trait5","pKWmEB","PstI.TP140451"," 1"," 4460094","","0.5975","G"
"4","Trait5","pKWmEB","NsiI.TP467384"," 1"," 4465685","","0.1839","C"
"4","Trait5","pKWmEB","NsiI.TP39399"," 1"," 4465777","","1.2231","C"
"4","Trait5","pKWmEB","NsiI.TP432788"," 1"," 4467622","","0.7198","A"
"4","Trait5","pKWmEB","NsiI.TP601351"," 1"," 4467655","","0.9514","A"
"4","Trait5","pKWmEB","NsiI.TP486661"," 1"," 4467735","","0.6291","A"
"4","Trait5","pKWmEB","NsiI.TP414683"," 1"," 4485212","","0.0287","A"
"4","Trait5","pKWmEB","NsiI.TP675939"," 1"," 4512107","","0.6302","C"
"4","Trait5","pKWmEB","NsiI.TP370249"," 1"," 4530033","","0.8262","A"
"4","Trait5","pKWmEB","PstI.TP403796"," 1"," 4535758","","0.2588","A"
"4","Trait5","pKWmEB","PstI.TP403850"," 1"," 4535788","","0.5232","A"
"4","Trait5","pKWmEB","PstI.TP403890"," 1"," 4535793","","0.1568","C"
"4","Trait5","pKWmEB","NsiI.TP199266"," 1"," 4536282","","0.2200","G"
"4","Trait5","pKWmEB","PstI.TP1181755"," 1"," 4538349","","0.0903","C"
"4","Trait5","pKWmEB","PstI.TP1250346"," 1"," 4555696","","0.6355","A"
"4","Trait5","pKWmEB","NsiI.TP340740"," 1"," 4578881","","0.2629","A"
"4","Trait5","pKWmEB","PstI.TP131557"," 1"," 4584058","","0.2257","A"
"4","Trait5","pKWmEB","PstI.TP426347"," 1"," 4584143","","2.0719","A"
"4","Trait5","pKWmEB","PstI.TP508233"," 1"," 4588529","","0.5942","C"
"4","Trait5","pKWmEB","NsiI.TP384361"," 1"," 4589554","","0.2884","C"
"4","Trait5","pKWmEB","PstI.TP214969"," 1"," 4591303","","0.3252","C"
"4","Trait5","pKWmEB","NsiI.TP44353"," 1"," 4593181","","0.0640","C"
"4","Trait5","pKWmEB","NsiI.TP301688"," 1"," 4594203","","0.8012","A"
"4","Trait5","pKWmEB","PstI.TP1022656"," 1"," 4620609","","0.0992","C"
"4","Trait5","pKWmEB","NsiI.TP468762"," 1"," 4620729","","0.2043","A"
"4","Trait5","pKWmEB","GFSSContig15281_3466"," 1"," 4622395","","1.7853","T"
"4","Trait5","pKWmEB","PstI.TP1284267"," 1"," 4623696","","0.8728","C"
"4","Trait5","pKWmEB","PstI.TP1009631"," 1"," 4625223","","0.0499","A"
"4","Trait5","pKWmEB","NsiI.TP82287"," 1"," 4640346","","1.2314","C"
"4","Trait5","pKWmEB","NsiI.TP348206"," 1"," 4668970","","0.2420","A"
"4","Trait5","pKWmEB","PstI.TP1176986"," 1"," 4675228","","0.3281","C"
"4","Trait5","pKWmEB","PstI.TP1038860"," 1"," 4677799","","0.2211","C"
"4","Trait5","pKWmEB","PstI.TP982823"," 1"," 4677828","","0.1816","C"
"4","Trait5","pKWmEB","PstI.TP253046"," 1"," 4690705","","0.2874","A"
"4","Trait5","pKWmEB","NsiI.TP391090"," 1"," 4693160","","0.4452","A"
"4","Trait5","pKWmEB","PstI.TP456930"," 1"," 4693819","","0.3215","C"
"4","Trait5","pKWmEB","NsiI.TP450894"," 1"," 4698796","","0.2090","C"
"4","Trait5","pKWmEB","PstI.TP307588"," 1"," 4762662","","1.2162","A"
"4","Trait5","pKWmEB","PstI.TP920636"," 1"," 4777048","","0.5107","A"
"4","Trait5","pKWmEB","PstI.TP1168479"," 1"," 4789991","","0.6824","C"
"4","Trait5","pKWmEB","NsiI.TP664576"," 1"," 4800417","","0.0729","G"
"4","Trait5","pKWmEB","PstI.TP395577"," 1"," 4836167","","0.3017","A"
"4","Trait5","pKWmEB","PstI.TP885531"," 1"," 4878428","","0.0584","A"
"4","Trait5","pKWmEB","PstI.TP947391"," 1"," 4891496","","0.4314","C"
"4","Trait5","pKWmEB","PstI.TP360448"," 1"," 4892312","","0.3153","A"
"4","Trait5","pKWmEB","PstI.TP683907"," 1"," 4900973","","0.2112","A"
"4","Trait5","pKWmEB","NsiI.TP31575"," 1"," 4926728","","0.1940","C"
"4","Trait5","pKWmEB","NsiI.TP12890"," 1"," 4931988","","0.2032","C"
"4","Trait5","pKWmEB","PstI.TP912651"," 1"," 4932459","","0.2174","A"
"4","Trait5","pKWmEB","NsiI.TP21698"," 1"," 4937940","","0.0326","A"
"4","Trait5","pKWmEB","NsiI.TP326387"," 1"," 4938046","","0.3953","C"
"4","Trait5","pKWmEB","PstI.TP1100793"," 1"," 4939667","","1.1631","A"
"4","Trait5","pKWmEB","PstI.TP1056729"," 1"," 4939994","","0.8478","C"
"4","Trait5","pKWmEB","NsiI.TP157838"," 1"," 4943014","","0.2785","A"
"4","Trait5","pKWmEB","PstI.TP129148"," 1"," 4989914","","0.4486","A"
"4","Trait5","pKWmEB","PstI.TP402201"," 1"," 4990012","","1.0810","A"
"4","Trait5","pKWmEB","PstI.TP402429"," 1"," 4990016","","0.5128","C"
"4","Trait5","pKWmEB","GFSSContig12956_423"," 1"," 4994838","","0.6457","A"
"4","Trait5","pKWmEB","NsiI.TP327562"," 1"," 5014848","","0.1596","A"
"4","Trait5","pKWmEB","PstI.TP748688"," 1"," 5063937","","0.1206","C"
"4","Trait5","pKWmEB","PstI.TP1139990"," 1"," 5067430","","0.1144","G"
"4","Trait5","pKWmEB","PstI.TP220219"," 1"," 5091614","","0.8833","A"
"4","Trait5","pKWmEB","PstI.TP1279200"," 1"," 5095401","","1.3508","C"
"4","Trait5","pKWmEB","PstI.TP408948"," 1"," 5101286","","0.0531","C"
"4","Trait5","pKWmEB","PstI.TP1126882"," 1"," 5115206","","0.4221","A"
"4","Trait5","pKWmEB","NsiI.TP396103"," 1"," 5130670","","0.1027","G"
"4","Trait5","pKWmEB","NsiI.TP104521"," 1"," 5158944","","0.7576","C"
"4","Trait5","pKWmEB","NsiI.TP732230"," 1"," 5223682","","0.4151","G"
"4","Trait5","pKWmEB","PstI.TP803325"," 1"," 5232863","","1.2915","A"
"4","Trait5","pKWmEB","PstI.TP946324"," 1"," 5257596","","0.8130","C"
"4","Trait5","pKWmEB","NsiI.TP207745"," 1"," 5280145","","2.4101","A"
"4","Trait5","pKWmEB","NsiI.TP694711"," 1"," 5307532","","0.6531","C"
"4","Trait5","pKWmEB","PstI.TP684655"," 1"," 5379329","","0.1651","A"
"4","Trait5","pKWmEB","PstI.TP833660"," 1"," 5379490","","0.0430","C"
"4","Trait5","pKWmEB","PstI.TP1245993"," 1"," 5381667","","0.2269","C"
"4","Trait5","pKWmEB","PstI.TP818000"," 1"," 5383679","","0.1616","A"
"4","Trait5","pKWmEB","NsiI.TP186834"," 1"," 5384525","","0.7251","C"
"4","Trait5","pKWmEB","PstI.TP833532"," 1"," 5408760","","0.2097","C"
"4","Trait5","pKWmEB","PstI.TP213596"," 1"," 5408780","","0.1036","A"
"4","Trait5","pKWmEB","NsiI.TP183355"," 1"," 5408909","","0.6654","C"
"4","Trait5","pKWmEB","PstI.TP33116"," 1"," 5454770","","0.1374","A"
"4","Trait5","pKWmEB","NsiI.TP556033"," 1"," 5459542","","0.1589","C"
"4","Trait5","pKWmEB","NsiI.TP693304"," 1"," 5459602","","0.3834","A"
"4","Trait5","pKWmEB","NsiI.TP574665"," 1"," 5460544","","2.4959","C"
"4","Trait5","pKWmEB","NsiI.TP367540"," 1"," 5460609","","0.2756","C"
"4","Trait5","pKWmEB","PstI.TP297431"," 1"," 5461181","","0.2399","G"
"4","Trait5","pKWmEB","PstI.TP364708"," 1"," 5483501","","0.5543","C"
"4","Trait5","pKWmEB","PstI.TP1027235"," 1"," 5483548","","0.0724","C"
"4","Trait5","pKWmEB","NsiI.TP66130"," 1"," 5486828","","0.3105","A"
"4","Trait5","pKWmEB","PstI.TP1250143"," 1"," 5493583","","0.2235","C"
"4","Trait5","pKWmEB","PstI.TP58802"," 1"," 5496161","","0.2676","A"
"4","Trait5","pKWmEB","PstI.TP928135"," 1"," 5502147","","0.7766","A"
"4","Trait5","pKWmEB","PstI.TP209171"," 1"," 5529947","","1.3060","A"
"4","Trait5","pKWmEB","NsiI.TP199612"," 1"," 5531684","","0.9217","C"
"4","Trait5","pKWmEB","PstI.TP9547"," 1"," 5534818","","0.2969","C"
"4","Trait5","pKWmEB","PstI.TP476949"," 1"," 5536792","","0.9266","A"
"4","Trait5","pKWmEB","PstI.TP118830"," 1"," 5536868","","0.0249","C"
"4","Trait5","pKWmEB","PstI.TP137261"," 1"," 5540981","","0.5274","A"
"4","Trait5","pKWmEB","PstI.TP44335"," 1"," 5558934","","0.0659","A"
"4","Trait5","pKWmEB","PstI.TP1113834"," 1"," 5559012","","0.4280","C"
"4","Trait5","pKWmEB","PstI.TP291849"," 1"," 5571398","","0.1155","G"
"4","Trait5","pKWmEB","PstI.TP134953"," 1"," 5571436","","0.1546","G"
"4","Trait5","pKWmEB","NsiI.TP421037"," 1"," 5571751","","0.2831","A"
"4","Trait5","pKWmEB","GFSSContig20018_283"," 1"," 5572945","","0.3368","T"
"4","Trait5","pKWmEB","PstI.TP1152372"," 1"," 5586472","","0.7448","A"
"4","Trait5","pKWmEB","NsiI.TP251927"," 1"," 5599747","","0.0437","A"
"4","Trait5","pKWmEB","PstI.TP32476"," 1"," 5631986","","1.1320","A"
"4","Trait5","pKWmEB","NsiI.TP83219"," 1"," 5636529","","0.1203","A"
"4","Trait5","pKWmEB","PstI.TP627555"," 1"," 5638058","","0.0419","A"
"4","Trait5","pKWmEB","PstI.TP984423"," 1"," 5649219","","1.2713","C"
"4","Trait5","pKWmEB","NsiI.TP279301"," 1"," 5652100","","0.1807","C"
"4","Trait5","pKWmEB","PstI.TP584919"," 1"," 5663458","","0.2743","G"
"4","Trait5","pKWmEB","NsiI.TP308650"," 1"," 5669500","","0.2785","A"
"4","Trait5","pKWmEB","PstI.TP1280528"," 1"," 5674758","","0.2664","A"
"4","Trait5","pKWmEB","PstI.TP125117"," 1"," 5706174","","0.3587","A"
"4","Trait5","pKWmEB","PstI.TP125118"," 1"," 5706204","","0.8424","C"
"4","Trait5","pKWmEB","PstI.TP980790"," 1"," 5717059","","0.1942","C"
"4","Trait5","pKWmEB","NsiI.TP522455"," 1"," 5717942","","0.3332","C"
"4","Trait5","pKWmEB","NsiI.TP420896"," 1"," 5726246","","0.6288","A"
"4","Trait5","pKWmEB","NsiI.TP313532"," 1"," 5727346","","0.7244","C"
"4","Trait5","pKWmEB","PstI.TP808948"," 1"," 5727878","","0.1507","C"
"4","Trait5","pKWmEB","NsiI.TP568156"," 1"," 5733174","","2.4442","A"
"4","Trait5","pKWmEB","PstI.TP677745"," 1"," 5751851","","0.2874","C"
"4","Trait5","pKWmEB","PstI.TP356699"," 1"," 5752437","","0.2687","G"
"4","Trait5","pKWmEB","NsiI.TP678859"," 1"," 5757606","","1.3374","A"
"4","Trait5","pKWmEB","NsiI.TP423569"," 1"," 5760102","","0.3188","A"
"4","Trait5","pKWmEB","PstI.TP491506"," 1"," 5763887","","0.7974","C"
"4","Trait5","pKWmEB","PstI.TP43585"," 1"," 5767419","","0.1625","A"
"4","Trait5","pKWmEB","PstI.TP159233"," 1"," 5767483","","0.4707","C"
"4","Trait5","pKWmEB","PstI.TP224103"," 1"," 5770168","","0.1878","A"
"4","Trait5","pKWmEB","NsiI.TP494167"," 1"," 5774178","","0.3327","A"
"4","Trait5","pKWmEB","PstI.TP716030"," 1"," 5777867","","0.7500","A"
"4","Trait5","pKWmEB","PstI.TP174008"," 1"," 5805470","","0.0401","C"
"4","Trait5","pKWmEB","NsiI.TP522559"," 1"," 5821306","","1.1796","A"
"4","Trait5","pKWmEB","PstI.TP705967"," 1"," 5858828","","0.2216","C"
"4","Trait5","pKWmEB","PstI.TP771091"," 1"," 5868071","","1.0214","A"
"4","Trait5","pKWmEB","NsiI.TP530879"," 1"," 5870811","","0.3348","A"
"4","Trait5","pKWmEB","NsiI.TP530878"," 1"," 5870812","","0.7446","A"
"4","Trait5","pKWmEB","PstI.TP869720"," 1"," 5871355","","2.2604","C"
"4","Trait5","pKWmEB","PstI.TP134289"," 1"," 5884192","","0.9258","A"
"4","Trait5","pKWmEB","NsiI.TP327602"," 1"," 5891442","","0.4215","A"
"4","Trait5","pKWmEB","NsiI.TP560132"," 1"," 5891509","","0.0411","C"
"4","Trait5","pKWmEB","PstI.TP352750"," 1"," 5892417","","0.0036","C"
"4","Trait5","pKWmEB","PstI.TP68903"," 1"," 5898727","","0.6010","C"
"4","Trait5","pKWmEB","PstI.TP751807"," 1"," 5899520","","0.9442","A"
"4","Trait5","pKWmEB","PstI.TP109454"," 1"," 5900665","","0.4145","C"
"4","Trait5","pKWmEB","NsiI.TP375193"," 1"," 5909674","","0.5028","A"
"4","Trait5","pKWmEB","PstI.TP1252197"," 1"," 5912854","","1.3940","C"
"4","Trait5","pKWmEB","PstI.TP302812"," 1"," 5912934","","0.6715","A"
"4","Trait5","pKWmEB","NsiI.TP473756"," 1"," 5929291","","0.5784","A"
"4","Trait5","pKWmEB","NsiI.TP745811"," 1"," 5929386","","0.1565","A"
"4","Trait5","pKWmEB","NsiI.TP554788"," 1"," 5933733","","0.6200","C"
"4","Trait5","pKWmEB","NsiI.TP397166"," 1"," 5939378","","0.0400","C"
"4","Trait5","pKWmEB","NsiI.TP757731"," 1"," 5956239","","0.9446","A"
"4","Trait5","pKWmEB","NsiI.TP623439"," 1"," 5964413","","0.3289","C"
"4","Trait5","pKWmEB","PstI.TP116123"," 1"," 5967108","","0.8441","A"
"4","Trait5","pKWmEB","PstI.TP804275"," 1"," 5979740","","0.1890","A"
"4","Trait5","pKWmEB","NsiI.TP735045"," 1"," 5984469","","0.1199","A"
"4","Trait5","pKWmEB","PstI.TP1004899"," 1"," 5995547","","0.3245","A"
"4","Trait5","pKWmEB","PstI.TP882936"," 1"," 5999154","","1.1923","C"
"4","Trait5","pKWmEB","PstI.TP523933"," 1"," 6018181","","0.4353","C"
"4","Trait5","pKWmEB","PstI.TP537665"," 1"," 6031806","","0.3418","G"
"4","Trait5","pKWmEB","NsiI.TP503481"," 1"," 6032580","","0.9426","G"
"4","Trait5","pKWmEB","PstI.TP942384"," 1"," 6032710","","0.2084","C"
"4","Trait5","pKWmEB","PstI.TP635333"," 1"," 6032769","","0.7270","A"
"4","Trait5","pKWmEB","NsiI.TP390317"," 1"," 6033387","","0.2881","A"
"4","Trait5","pKWmEB","NsiI.TP408642"," 1"," 6033586","","1.2773","A"
"4","Trait5","pKWmEB","PstI.TP263594"," 1"," 6035364","","0.5407","A"
"4","Trait5","pKWmEB","NsiI.TP681096"," 1"," 6060428","","0.0260","C"
"4","Trait5","pKWmEB","PstI.TP1238583"," 1"," 6062331","","0.0560","A"
"4","Trait5","pKWmEB","PstI.TP8949"," 1"," 6074946","","0.0585","C"
"4","Trait5","pKWmEB","NsiI.TP336946"," 1"," 6074946","","0.2517","C"
"4","Trait5","pKWmEB","NsiI.TP7164"," 1"," 6094801","","0.3827","A"
"4","Trait5","pKWmEB","PstI.TP314566"," 1"," 6098764","","0.0986","A"
"4","Trait5","pKWmEB","NsiI.TP257077"," 1"," 6103539","","1.4222","C"
"4","Trait5","pKWmEB","NsiI.TP330880"," 1"," 6105246","","0.3046","C"
"4","Trait5","pKWmEB","NsiI.TP102967"," 1"," 6105258","","0.1695","A"
"4","Trait5","pKWmEB","PstI.TP1092752"," 1"," 6105280","","0.0739","C"
"4","Trait5","pKWmEB","NsiI.TP416737"," 1"," 6114038","","0.1031","A"
"4","Trait5","pKWmEB","PstI.TP914278"," 1"," 6116355","","0.0506","C"
"4","Trait5","pKWmEB","PstI.TP850835"," 1"," 6117705","","0.4126","A"
"4","Trait5","pKWmEB","NsiI.TP123095"," 1"," 6127379","","0.0295","C"
"4","Trait5","pKWmEB","NsiI.TP673329"," 1"," 6130409","","0.4280","A"
"4","Trait5","pKWmEB","NsiI.TP433049"," 1"," 6132851","","1.0989","C"
"4","Trait5","pKWmEB","NsiI.TP715263"," 1"," 6134311","","1.0740","A"
"4","Trait5","pKWmEB","NsiI.TP715272"," 1"," 6134318","","0.0411","A"
"4","Trait5","pKWmEB","PstI.TP476157"," 1"," 6155212","","0.5925","G"
"4","Trait5","pKWmEB","PstI.TP1104113"," 1"," 6159260","","0.1378","A"
"4","Trait5","pKWmEB","NsiI.TP476261"," 1"," 6164220","","0.0405","A"
"4","Trait5","pKWmEB","PstI.TP897862"," 1"," 6177514","","1.3405","G"
"4","Trait5","pKWmEB","PstI.TP722242"," 1"," 6187691","","0.2243","A"
"4","Trait5","pKWmEB","NsiI.TP618448"," 1"," 6195922","","0.0551","A"
"4","Trait5","pKWmEB","NsiI.TP662821"," 1"," 6196406","","0.2144","C"
"4","Trait5","pKWmEB","NsiI.TP655173"," 1"," 6196412","","1.3219","C"
"4","Trait5","pKWmEB","NsiI.TP655174"," 1"," 6196438","","0.1409","A"
"4","Trait5","pKWmEB","NsiI.TP16286"," 1"," 6224788","","0.0672","C"
"4","Trait5","pKWmEB","PstI.TP13958"," 1"," 6228644","","0.1780","A"
"4","Trait5","pKWmEB","PstI.TP915815"," 1"," 6240832","","0.2888","C"
"4","Trait5","pKWmEB","PstI.TP1060862"," 1"," 6247131","","0.9578","C"
"4","Trait5","pKWmEB","PstI.TP175883"," 1"," 6248759","","0.3243","C"
"4","Trait5","pKWmEB","NsiI.TP502213"," 1"," 6312443","","0.1523","C"
"4","Trait5","pKWmEB","PstI.TP103404"," 1"," 6316783","","0.6026","A"
"4","Trait5","pKWmEB","PstI.TP706227"," 1"," 6336683","","0.7167","A"
"4","Trait5","pKWmEB","PstI.TP593353"," 1"," 6363225","","0.5909","C"
"4","Trait5","pKWmEB","PstI.TP338428"," 1"," 6379340","","0.7716","C"
"4","Trait5","pKWmEB","PstI.TP137290"," 1"," 6379384","","0.1578","A"
"4","Trait5","pKWmEB","PstI.TP1242505"," 1"," 6406612","","1.2588","A"
"4","Trait5","pKWmEB","NsiI.TP488601"," 1"," 6409370","","0.7564","C"
"4","Trait5","pKWmEB","PstI.TP27373"," 1"," 6447059","","1.1097","A"
"4","Trait5","pKWmEB","PstI.TP147640"," 1"," 6450994","","1.5817","C"
"4","Trait5","pKWmEB","NsiI.TP722435"," 1"," 6467881","","1.0422","C"
"4","Trait5","pKWmEB","NsiI.TP338338"," 1"," 6473754","","0.1847","C"
"4","Trait5","pKWmEB","NsiI.TP18644"," 1"," 6476966","","0.1874","A"
"4","Trait5","pKWmEB","PstI.TP1033113"," 1"," 6482846","","1.4824","A"
"4","Trait5","pKWmEB","NsiI.TP258679"," 1"," 6486741","","0.1096","A"
"4","Trait5","pKWmEB","NsiI.TP164772"," 1"," 6509668","","0.7015","A"
"4","Trait5","pKWmEB","NsiI.TP327780"," 1"," 6511617","","0.6400","C"
"4","Trait5","pKWmEB","PstI.TP1015835"," 1"," 6514843","","0.1236","A"
"4","Trait5","pKWmEB","NsiI.TP468565"," 1"," 6537903","","0.3350","A"
"4","Trait5","pKWmEB","NsiI.TP80518"," 1"," 6543207","","0.1737","C"
"4","Trait5","pKWmEB","NsiI.TP166380"," 1"," 6560443","","0.8565","C"
"4","Trait5","pKWmEB","PstI.TP547229"," 1"," 6574881","","0.4585","C"
"4","Trait5","pKWmEB","PstI.TP36571"," 1"," 6574933","","0.9803","C"
"4","Trait5","pKWmEB","PstI.TP1129801"," 1"," 6608649","","0.1924","C"
"4","Trait5","pKWmEB","PstI.TP380773"," 1"," 6608677","","0.1400","A"
"4","Trait5","pKWmEB","NsiI.TP15605"," 1"," 6652808","","2.0772","A"
"4","Trait5","pKWmEB","PstI.TP17591"," 1"," 6662448","","0.0915","A"
"4","Trait5","pKWmEB","NsiI.TP432880"," 1"," 6678801","","1.7363","A"
"4","Trait5","pKWmEB","PstI.TP272307"," 1"," 6679965","","1.1138","A"
"4","Trait5","pKWmEB","NsiI.TP495375"," 1"," 6686209","","1.3181","A"
"4","Trait5","pKWmEB","NsiI.TP174370"," 1"," 6704694","","0.6895","C"
"4","Trait5","pKWmEB","NsiI.TP35346"," 1"," 6729137","","0.0509","C"
"4","Trait5","pKWmEB","NsiI.TP435157"," 1"," 6730511","","0.3987","C"
"4","Trait5","pKWmEB","PstI.TP841428"," 1"," 6731433","","0.7558","A"
"4","Trait5","pKWmEB","PstI.TP1260294"," 1"," 6732655","","0.9564","A"
"4","Trait5","pKWmEB","PstI.TP233341"," 1"," 6737757","","0.2762","A"
"4","Trait5","pKWmEB","PstI.TP1245357"," 1"," 6748280","","0.4864","A"
"4","Trait5","pKWmEB","PstI.TP1136661"," 1"," 6752030","","0.5712","G"
"4","Trait5","pKWmEB","PstI.TP788176"," 1"," 6772518","","0.0854","G"
"4","Trait5","pKWmEB","NsiI.TP15291"," 1"," 6803475","","0.0944","C"
"4","Trait5","pKWmEB","PstI.TP952153"," 1"," 6826200","","0.2323","A"
"4","Trait5","pKWmEB","PstI.TP174889"," 1"," 6831469","","0.1931","C"
"4","Trait5","pKWmEB","NsiI.TP755257"," 1"," 6847773","","0.0649","A"
"4","Trait5","pKWmEB","NsiI.TP17656"," 1"," 6853064","","0.2216","A"
"4","Trait5","pKWmEB","NsiI.TP524908"," 1"," 6864736","","0.5450","A"
"4","Trait5","pKWmEB","NsiI.TP165034"," 1"," 6885772","","0.4294","C"
"4","Trait5","pKWmEB","NsiI.TP750756"," 1"," 6898016","","0.3523","G"
"4","Trait5","pKWmEB","NsiI.TP742565"," 1"," 6918112","","0.4506","C"
"4","Trait5","pKWmEB","PstI.TP857707"," 1"," 6924500","","0.0683","C"
"4","Trait5","pKWmEB","PstI.TP444825"," 1"," 6930877","","0.6457","C"
"4","Trait5","pKWmEB","NsiI.TP350497"," 1"," 6933742","","0.3452","C"
"4","Trait5","pKWmEB","PstI.TP403985"," 1"," 6941718","","0.9308","A"
"4","Trait5","pKWmEB","NsiI.TP696604"," 1"," 6941882","","0.4097","C"
"4","Trait5","pKWmEB","NsiI.TP800074"," 1"," 6979429","","0.9133","C"
"4","Trait5","pKWmEB","NsiI.TP699899"," 1"," 6980288","","0.1083","A"
"4","Trait5","pKWmEB","NsiI.TP405440"," 1"," 6998861","","0.0915","A"
"4","Trait5","pKWmEB","PstI.TP806450"," 1"," 7007771","","0.2182","C"
"4","Trait5","pKWmEB","NsiI.TP431278"," 1"," 7013198","","0.1257","C"
"4","Trait5","pKWmEB","PstI.TP77052"," 1"," 7028361","","0.3667","A"
"4","Trait5","pKWmEB","NsiI.TP552974"," 1"," 7084312","","0.2415","C"
"4","Trait5","pKWmEB","PstI.TP830642"," 1"," 7094544","","0.9184","A"
"4","Trait5","pKWmEB","NsiI.TP697083"," 1"," 7095095","","0.1803","A"
"4","Trait5","pKWmEB","PstI.TP490597"," 1"," 7096187","","1.7593","C"
"4","Trait5","pKWmEB","PstI.TP283842"," 1"," 7099312","","1.0972","A"
"4","Trait5","pKWmEB","PstI.TP917625"," 1"," 7104916","","0.1374","A"
"4","Trait5","pKWmEB","PstI.TP763419"," 1"," 7119829","","0.7640","A"
"4","Trait5","pKWmEB","GFSSContig3389_148"," 1"," 7132238","","0.8757","A"
"4","Trait5","pKWmEB","GFSSContig3389_68"," 1"," 7132320","","1.0336","A"
"4","Trait5","pKWmEB","NsiI.TP383926"," 1"," 7140839","","0.1794","A"
"4","Trait5","pKWmEB","NsiI.TP821685"," 1"," 7143597","","0.1215","C"
"4","Trait5","pKWmEB","NsiI.TP587336"," 1"," 7189824","","0.0095","C"
"4","Trait5","pKWmEB","NsiI.TP508091"," 1"," 7192741","","1.0673","A"
"4","Trait5","pKWmEB","PstI.TP295203"," 1"," 7196786","","0.4157","C"
"4","Trait5","pKWmEB","PstI.TP443586"," 1"," 7215893","","0.2398","A"
"4","Trait5","pKWmEB","PstI.TP1064562"," 1"," 7218368","","0.2811","C"
"4","Trait5","pKWmEB","PstI.TP270146"," 1"," 7218381","","0.5503","C"
"4","Trait5","pKWmEB","PstI.TP488378"," 1"," 7260223","","0.6977","C"
"4","Trait5","pKWmEB","PstI.TP485051"," 1"," 7260226","","1.3153","A"
"4","Trait5","pKWmEB","PstI.TP356624"," 1"," 7268772","","0.5434","A"
"4","Trait5","pKWmEB","PstI.TP523453"," 1"," 7269176","","0.7287","A"
"4","Trait5","pKWmEB","PstI.TP864797"," 1"," 7318382","","0.0225","C"
"4","Trait5","pKWmEB","NsiI.TP375218"," 1"," 7321465","","0.5754","A"
"4","Trait5","pKWmEB","PstI.TP1268689"," 1"," 7325012","","0.7429","A"
"4","Trait5","pKWmEB","PstI.TP1166579"," 1"," 7326576","","0.0627","A"
"4","Trait5","pKWmEB","PstI.TP1164717"," 1"," 7326599","","0.0371","A"
"4","Trait5","pKWmEB","PstI.TP451905"," 1"," 7339832","","0.1328","A"
"4","Trait5","pKWmEB","PstI.TP1272378"," 1"," 7340536","","1.1099","A"
"4","Trait5","pKWmEB","PstI.TP867155"," 1"," 7342618","","0.0193","G"
"4","Trait5","pKWmEB","PstI.TP1288486"," 1"," 7349710","","0.9667","C"
"4","Trait5","pKWmEB","NsiI.TP481176"," 1"," 7350098","","0.5896","A"
"4","Trait5","pKWmEB","PstI.TP227789"," 1"," 7378209","","0.8087","A"
"4","Trait5","pKWmEB","NsiI.TP693536"," 1"," 7378433","","0.6291","C"
"4","Trait5","pKWmEB","PstI.TP85559"," 1"," 7403508","","0.1571","A"
"4","Trait5","pKWmEB","NsiI.TP573749"," 1"," 7405642","","0.6532","A"
"4","Trait5","pKWmEB","PstI.TP1223757"," 1"," 7405753","","0.1063","A"
"4","Trait5","pKWmEB","PstI.TP541656"," 1"," 7412397","","0.5242","C"
"4","Trait5","pKWmEB","PstI.TP131472"," 1"," 7412958","","0.6498","A"
"4","Trait5","pKWmEB","NsiI.TP711626"," 1"," 7413388","","0.5095","A"
"4","Trait5","pKWmEB","PstI.TP682958"," 1"," 7415360","","0.8421","C"
"4","Trait5","pKWmEB","NsiI.TP327206"," 1"," 7415373","","0.3588","A"
"4","Trait5","pKWmEB","NsiI.TP182523"," 1"," 7448300","","1.0992","C"
"4","Trait5","pKWmEB","PstI.TP712786"," 1"," 7449325","","0.0193","C"
"4","Trait5","pKWmEB","PstI.TP1253759"," 1"," 7461235","","0.1096","C"
"4","Trait5","pKWmEB","PstI.TP1187500"," 1"," 7475596","","0.0485","C"
"4","Trait5","pKWmEB","NsiI.TP136347"," 1"," 7481771","","0.0212","C"
"4","Trait5","pKWmEB","PstI.TP1137764"," 1"," 7486769","","0.4446","A"
"4","Trait5","pKWmEB","NsiI.TP753612"," 1"," 7487168","","0.6681","C"
"4","Trait5","pKWmEB","PstI.TP222720"," 1"," 7498619","","0.1695","A"
"4","Trait5","pKWmEB","PstI.TP222721"," 1"," 7498625","","0.4665","A"
"4","Trait5","pKWmEB","PstI.TP808037"," 1"," 7511635","","0.1140","G"
"4","Trait5","pKWmEB","NsiI.TP19429"," 1"," 7547599","","0.9254","A"
"4","Trait5","pKWmEB","PstI.TP965574"," 1"," 7554758","","0.0999","C"
"4","Trait5","pKWmEB","PstI.TP132412"," 1"," 7566497","","0.0491","G"
"4","Trait5","pKWmEB","PstI.TP1173447"," 1"," 7571007","","0.6532","C"
"4","Trait5","pKWmEB","PstI.TP997163"," 1"," 7572170","","0.4392","C"
"4","Trait5","pKWmEB","PstI.TP478499"," 1"," 7597039","","0.2185","A"
"4","Trait5","pKWmEB","NsiI.TP362892"," 1"," 7605926","","0.0040","C"
"4","Trait5","pKWmEB","PstI.TP782688"," 1"," 7620667","","0.1106","A"
"4","Trait5","pKWmEB","NsiI.TP80819"," 1"," 7639391","","0.0889","C"
"4","Trait5","pKWmEB","NsiI.TP574677"," 1"," 7669097","","0.1702","A"
"4","Trait5","pKWmEB","PstI.TP91633"," 1"," 7693586","","0.9059","A"
"4","Trait5","pKWmEB","PstI.TP800858"," 1"," 7750707","","0.1081","A"
"4","Trait5","pKWmEB","NsiI.TP439369"," 1"," 7767929","","0.4908","G"
"4","Trait5","pKWmEB","GFSSContig11950_1194"," 1"," 7790962","","0.2297","A"
"4","Trait5","pKWmEB","PstI.TP750814"," 1"," 7812784","","0.4278","C"
"4","Trait5","pKWmEB","NsiI.TP441010"," 1"," 7822032","","0.0235","A"
"4","Trait5","pKWmEB","NsiI.TP432315"," 1"," 7822652","","1.2112","A"
"4","Trait5","pKWmEB","PstI.TP1180459"," 1"," 7823272","","0.3510","G"
"4","Trait5","pKWmEB","NsiI.TP322696"," 1"," 7823312","","0.0447","A"
"4","Trait5","pKWmEB","PstI.TP614866"," 1"," 7824409","","1.3859","A"
"4","Trait5","pKWmEB","PstI.TP614858"," 1"," 7824443","","0.7597","A"
"4","Trait5","pKWmEB","NsiI.TP716260"," 1"," 7827928","","0.5531","C"
"4","Trait5","pKWmEB","PstI.TP49145"," 1"," 7849275","","0.9595","A"
"4","Trait5","pKWmEB","PstI.TP1018555"," 1"," 7893116","","0.2304","G"
"4","Trait5","pKWmEB","PstI.TP973605"," 1"," 7933170","","0.4505","G"
"4","Trait5","pKWmEB","PstI.TP316058"," 1"," 7952093","","0.5442","A"
"4","Trait5","pKWmEB","PstI.TP972953"," 1"," 7984963","","1.0471","C"
"4","Trait5","pKWmEB","PstI.TP1047052"," 1"," 7985231","","0.1195","A"
"4","Trait5","pKWmEB","PstI.TP516878"," 1"," 8001249","","0.0672","C"
"4","Trait5","pKWmEB","PstI.TP410206"," 1"," 8001262","","0.2913","C"
"4","Trait5","pKWmEB","PstI.TP815194"," 1"," 8017699","","0.1450","C"
"4","Trait5","pKWmEB","NsiI.TP667968"," 1"," 8018554","","0.0654","A"
"4","Trait5","pKWmEB","PstI.TP599293"," 1"," 8022382","","1.0785","G"
"4","Trait5","pKWmEB","PstI.TP351745"," 1"," 8023481","","0.0730","A"
"4","Trait5","pKWmEB","PstI.TP215410"," 1"," 8027580","","0.3869","A"
"4","Trait5","pKWmEB","PstI.TP36329"," 1"," 8029204","","0.6442","A"
"4","Trait5","pKWmEB","PstI.TP487966"," 1"," 8034394","","0.4183","C"
"4","Trait5","pKWmEB","NsiI.TP233805"," 1"," 8084301","","0.1628","A"
"4","Trait5","pKWmEB","PstI.TP1289285"," 1"," 8099310","","0.3285","C"
"4","Trait5","pKWmEB","NsiI.TP273737"," 1"," 8121676","","0.2734","C"
"4","Trait5","pKWmEB","NsiI.TP137978"," 1"," 8153110","","0.0868","C"
"4","Trait5","pKWmEB","PstI.TP333544"," 1"," 8155694","","0.0299","A"
"4","Trait5","pKWmEB","NsiI.TP493332"," 1"," 8165777","","0.0071","C"
"4","Trait5","pKWmEB","NsiI.TP681203"," 1"," 8181678","","0.1394","A"
"4","Trait5","pKWmEB","NsiI.TP293258"," 1"," 8225860","","0.1185","C"
"4","Trait5","pKWmEB","PstI.TP1183980"," 1"," 8236582","","0.2648","A"
"4","Trait5","pKWmEB","PstI.TP1008494"," 1"," 8261177","","0.1334","C"
"4","Trait5","pKWmEB","NsiI.TP470387"," 1"," 8323609","","1.3349","C"
"4","Trait5","pKWmEB","NsiI.TP527730"," 1"," 8328407","","0.2766","A"
"4","Trait5","pKWmEB","NsiI.TP416698"," 1"," 8330137","","0.5274","C"
"4","Trait5","pKWmEB","NsiI.TP699098"," 1"," 8330261","","0.3379","C"
"4","Trait5","pKWmEB","PstI.TP308053"," 1"," 8330660","","0.7397","A"
"4","Trait5","pKWmEB","PstI.TP402756"," 1"," 8332613","","0.2995","A"
"4","Trait5","pKWmEB","PstI.TP1246915"," 1"," 8333935","","0.6310","C"
"4","Trait5","pKWmEB","PstI.TP505448"," 1"," 8333987","","0.3117","A"
"4","Trait5","pKWmEB","PstI.TP235369"," 1"," 8337767","","0.5822","A"
"4","Trait5","pKWmEB","PstI.TP158030"," 1"," 8374092","","0.1473","G"
"4","Trait5","pKWmEB","PstI.TP267968"," 1"," 8374215","","0.2994","C"
"4","Trait5","pKWmEB","NsiI.TP439818"," 1"," 8391383","","0.1095","C"
"4","Trait5","pKWmEB","NsiI.TP229515"," 1"," 8404214","","1.0989","G"
"4","Trait5","pKWmEB","PstI.TP749462"," 1"," 8424107","","0.2890","C"
"4","Trait5","pKWmEB","NsiI.TP8168"," 1"," 8446627","","0.2586","A"
"4","Trait5","pKWmEB","PstI.TP623961"," 1"," 8461485","","0.3817","A"
"4","Trait5","pKWmEB","PstI.TP944743"," 1"," 8504253","","0.2421","C"
"4","Trait5","pKWmEB","PstI.TP932750"," 1"," 8517660","","0.0793","A"
"4","Trait5","pKWmEB","PstI.TP424566"," 1"," 8533790","","1.3347","C"
"4","Trait5","pKWmEB","PstI.TP983141"," 1"," 8569458","","0.4707","C"
"4","Trait5","pKWmEB","PstI.TP1199160"," 1"," 8608908","","0.5236","C"
"4","Trait5","pKWmEB","PstI.TP453539"," 1"," 8609113","","1.0041","A"
"4","Trait5","pKWmEB","PstI.TP426455"," 1"," 8609159","","1.3243","C"
"4","Trait5","pKWmEB","PstI.TP422394"," 1"," 8609166","","0.2947","A"
"4","Trait5","pKWmEB","NsiI.TP423962"," 1"," 8615505","","0.1741","A"
"4","Trait5","pKWmEB","PstI.TP207082"," 1"," 8617526","","0.0249","A"
"4","Trait5","pKWmEB","PstI.TP1126600"," 1"," 8679457","","0.0064","C"
"4","Trait5","pKWmEB","NsiI.TP182744"," 1"," 8680205","","0.2111","A"
"4","Trait5","pKWmEB","NsiI.TP380223"," 1"," 8717061","","1.0127","G"
"4","Trait5","pKWmEB","PstI.TP226344"," 1"," 8781728","","0.2949","A"
"4","Trait5","pKWmEB","NsiI.TP470210"," 1"," 8785660","","0.0776","A"
"4","Trait5","pKWmEB","NsiI.TP602586"," 1"," 8818270","","0.0911","G"
"4","Trait5","pKWmEB","PstI.TP545486"," 1"," 8870035","","0.0650","C"
"4","Trait5","pKWmEB","NsiI.TP747813"," 1"," 8871075","","0.7202","G"
"4","Trait5","pKWmEB","GFSSContig64_325"," 1"," 8871969","","0.7457","C"
"4","Trait5","pKWmEB","PstI.TP616681"," 1"," 8881601","","0.3861","A"
"4","Trait5","pKWmEB","NsiI.TP164568"," 1"," 8896362","","0.1698","C"
"4","Trait5","pKWmEB","NsiI.TP360890"," 1"," 8910052","","1.5125","A"
"4","Trait5","pKWmEB","PstI.TP1252518"," 1"," 8923236","","0.3550","A"
"4","Trait5","pKWmEB","PstI.TP302093"," 1"," 8923298","","0.1845","C"
"4","Trait5","pKWmEB","NsiI.TP811359"," 1"," 8934388","","0.1800","G"
"4","Trait5","pKWmEB","NsiI.TP770403"," 1"," 8937989","","0.4482","C"
"4","Trait5","pKWmEB","NsiI.TP519390"," 1"," 8948456","","0.8129","A"
"4","Trait5","pKWmEB","PstI.TP1141085"," 1"," 8948758","","0.3883","A"
"4","Trait5","pKWmEB","NsiI.TP195586"," 1"," 8957745","","0.9966","A"
"4","Trait5","pKWmEB","NsiI.TP43893"," 1"," 8964777","","0.3992","C"
"4","Trait5","pKWmEB","NsiI.TP556825"," 1"," 8977552","","0.7880","A"
"4","Trait5","pKWmEB","NsiI.TP31528"," 1"," 8991859","","0.6841","G"
"4","Trait5","pKWmEB","PstI.TP1278633"," 1"," 8999171","","0.2515","A"
"4","Trait5","pKWmEB","PstI.TP1278283"," 1"," 8999172","","0.4002","C"
"4","Trait5","pKWmEB","NsiI.TP323856"," 1"," 8999199","","0.6496","A"
"4","Trait5","pKWmEB","PstI.TP461927"," 1"," 9014162","","0.1727","A"
"4","Trait5","pKWmEB","PstI.TP13498"," 1"," 9028575","","1.4099","A"
"4","Trait5","pKWmEB","PstI.TP691226"," 1"," 9036242","","0.1776","C"
"4","Trait5","pKWmEB","PstI.TP691225"," 1"," 9036250","","0.0984","G"
"4","Trait5","pKWmEB","NsiI.TP820715"," 1"," 9036320","","0.3078","C"
"4","Trait5","pKWmEB","PstI.TP443245"," 1"," 9039678","","0.7696","C"
"4","Trait5","pKWmEB","PstI.TP294671"," 1"," 9046587","","0.6802","C"
"4","Trait5","pKWmEB","PstI.TP978811"," 1"," 9073364","","0.1496","C"
"4","Trait5","pKWmEB","NsiI.TP638869"," 1"," 9092999","","0.2276","C"
"4","Trait5","pKWmEB","NsiI.TP370563"," 1"," 9097286","","0.0142","C"
"4","Trait5","pKWmEB","NsiI.TP810588"," 1"," 9097347","","0.1676","A"
"4","Trait5","pKWmEB","PstI.TP306038"," 1"," 9108367","","0.5366","G"
"4","Trait5","pKWmEB","PstI.TP1170262"," 1"," 9115102","","0.0763","C"
"4","Trait5","pKWmEB","PstI.TP19191"," 1"," 9116254","","0.0447","C"
"4","Trait5","pKWmEB","PstI.TP542649"," 1"," 9116308","","0.2775","C"
"4","Trait5","pKWmEB","PstI.TP550784"," 1"," 9140137","","0.0366","A"
"4","Trait5","pKWmEB","PstI.TP581769"," 1"," 9144035","","0.2692","A"
"4","Trait5","pKWmEB","NsiI.TP7530"," 1"," 9158277","","0.3869","G"
"4","Trait5","pKWmEB","NsiI.TP6770"," 1"," 9158281","","0.5128","C"
"4","Trait5","pKWmEB","NsiI.TP359148"," 1"," 9159698","","1.3262","A"
"4","Trait5","pKWmEB","NsiI.TP728992"," 1"," 9172687","","0.1860","A"
"4","Trait5","pKWmEB","PstI.TP1044672"," 1"," 9184815","","0.4741","G"
"4","Trait5","pKWmEB","NsiI.TP268407"," 1"," 9186650","","0.1462","C"
"4","Trait5","pKWmEB","NsiI.TP695856"," 1"," 9199595","","0.4506","A"
"4","Trait5","pKWmEB","NsiI.TP300557"," 1"," 9206508","","0.2064","A"
"4","Trait5","pKWmEB","NsiI.TP202476"," 1"," 9213658","","2.0386","C"
"4","Trait5","pKWmEB","NsiI.TP689945"," 1"," 9238139","","0.1521","A"
"4","Trait5","pKWmEB","NsiI.TP703710"," 1"," 9238146","","0.1297","A"
"4","Trait5","pKWmEB","PstI.TP199606"," 1"," 9270277","","0.1523","A"
"4","Trait5","pKWmEB","PstI.TP745827"," 1"," 9270379","","0.2415","A"
"4","Trait5","pKWmEB","NsiI.TP634289"," 1"," 9273457","","0.2528","C"
"4","Trait5","pKWmEB","NsiI.TP564360"," 1"," 9273495","","0.3999","C"
"4","Trait5","pKWmEB","NsiI.TP528646"," 1"," 9273547","","0.6768","A"
"4","Trait5","pKWmEB","PstI.TP199603"," 1"," 9274102","","0.5198","A"
"4","Trait5","pKWmEB","PstI.TP456141"," 1"," 9284445","","0.1484","C"
"4","Trait5","pKWmEB","PstI.TP874167"," 1"," 9284942","","0.1474","A"
"4","Trait5","pKWmEB","PstI.TP107393"," 1"," 9287566","","0.6406","A"
"4","Trait5","pKWmEB","PstI.TP1222623"," 1"," 9291501","","0.0885","A"
"4","Trait5","pKWmEB","NsiI.TP420080"," 1"," 9300080","","0.6081","A"
"4","Trait5","pKWmEB","NsiI.TP180655"," 1"," 9315536","","0.8063","C"
"4","Trait5","pKWmEB","PstI.TP1193907"," 1"," 9320037","","0.2713","A"
"4","Trait5","pKWmEB","NsiI.TP769756"," 1"," 9322002","","0.1685","A"
"4","Trait5","pKWmEB","PstI.TP1094183"," 1"," 9329880","","0.3731","C"
"4","Trait5","pKWmEB","NsiI.TP410576"," 1"," 9344162","","0.8661","C"
"4","Trait5","pKWmEB","PstI.TP20556"," 1"," 9376087","","0.3730","C"
"4","Trait5","pKWmEB","PstI.TP662300"," 1"," 9383388","","1.1651","A"
"4","Trait5","pKWmEB","PstI.TP513098"," 1"," 9384357","","0.0537","C"
"4","Trait5","pKWmEB","NsiI.TP757835"," 1"," 9414257","","0.2953","C"
"4","Trait5","pKWmEB","PstI.TP56378"," 1"," 9447320","","0.5548","C"
"4","Trait5","pKWmEB","PstI.TP122068"," 1"," 9447751","","0.0150","C"
"4","Trait5","pKWmEB","PstI.TP180963"," 1"," 9447770","","0.2681","C"
"4","Trait5","pKWmEB","NsiI.TP793729"," 1"," 9458454","","0.7513","C"
"4","Trait5","pKWmEB","NsiI.TP620442"," 1"," 9479442","","0.3410","A"
"4","Trait5","pKWmEB","NsiI.TP809833"," 1"," 9480634","","0.5419","A"
"4","Trait5","pKWmEB","PstI.TP180524"," 1"," 9482127","","0.0300","A"
"4","Trait5","pKWmEB","PstI.TP974726"," 1"," 9504539","","0.2996","G"
"4","Trait5","pKWmEB","NsiI.TP134750"," 1"," 9511955","","0.5514","A"
"4","Trait5","pKWmEB","PstI.TP1221215"," 1"," 9512741","","1.7258","C"
"4","Trait5","pKWmEB","PstI.TP1102970"," 1"," 9514931","","0.4847","C"
"4","Trait5","pKWmEB","NsiI.TP523277"," 1"," 9547342","","0.2821","C"
"4","Trait5","pKWmEB","NsiI.TP237314"," 1"," 9552373","","0.0311","C"
"4","Trait5","pKWmEB","PstI.TP701371"," 1"," 9558859","","0.2346","C"
"4","Trait5","pKWmEB","PstI.TP1174311"," 1"," 9559149","","0.8211","A"
"4","Trait5","pKWmEB","PstI.TP1174312"," 1"," 9559160","","0.2966","C"
"4","Trait5","pKWmEB","PstI.TP493750"," 1"," 9561853","","1.1396","C"
"4","Trait5","pKWmEB","PstI.TP1193219"," 1"," 9570148","","0.8595","C"
"4","Trait5","pKWmEB","PstI.TP48695"," 1"," 9570766","","0.8053","A"
"4","Trait5","pKWmEB","NsiI.TP424199"," 1"," 9579619","","0.1507","A"
"4","Trait5","pKWmEB","PstI.TP1238244"," 1"," 9585113","","0.0468","A"
"4","Trait5","pKWmEB","NsiI.TP174012"," 1"," 9619772","","1.3846","A"
"4","Trait5","pKWmEB","PstI.TP1286999"," 1"," 9623485","","0.5184","A"
"4","Trait5","pKWmEB","PstI.TP336334"," 1"," 9630139","","0.2161","G"
"4","Trait5","pKWmEB","NsiI.TP365904"," 1"," 9635266","","0.7953","A"
"4","Trait5","pKWmEB","PstI.TP932325"," 1"," 9693867","","0.0381","C"
"4","Trait5","pKWmEB","PstI.TP100031"," 1"," 9697446","","0.0291","A"
"4","Trait5","pKWmEB","SSk40ctg20422_195"," 1"," 9699984","","0.3772","A"
"4","Trait5","pKWmEB","PstI.TP53642"," 1"," 9729065","","0.4918","A"
"4","Trait5","pKWmEB","PstI.TP1238044"," 1"," 9732355","","0.6348","A"
"4","Trait5","pKWmEB","NsiI.TP691823"," 1"," 9734131","","0.0317","C"
"4","Trait5","pKWmEB","NsiI.TP815976"," 1"," 9739609","","0.6599","A"
"4","Trait5","pKWmEB","PstI.TP390724"," 1"," 9756005","","0.2491","G"
"4","Trait5","pKWmEB","PstI.TP258967"," 1"," 9761381","","0.8010","C"
"4","Trait5","pKWmEB","PstI.TP114839"," 1"," 9777039","","0.1228","A"
"4","Trait5","pKWmEB","NsiI.TP727325"," 1"," 9821700","","0.6996","A"
"4","Trait5","pKWmEB","PstI.TP1278278"," 1"," 9821711","","0.0061","C"
"4","Trait5","pKWmEB","PstI.TP362977"," 1"," 9822890","","0.3820","C"
"4","Trait5","pKWmEB","PstI.TP532216"," 1"," 9838175","","0.8933","A"
"4","Trait5","pKWmEB","PstI.TP377612"," 1"," 9851429","","0.6192","A"
"4","Trait5","pKWmEB","PstI.TP377610"," 1"," 9851445","","0.6599","C"
"4","Trait5","pKWmEB","PstI.TP204849"," 1"," 9884152","","0.2105","A"
"4","Trait5","pKWmEB","PstI.TP36013"," 1"," 9885650","","0.0790","A"
"4","Trait5","pKWmEB","PstI.TP1201259"," 1"," 9906780","","0.6681","A"
"4","Trait5","pKWmEB","PstI.TP900535"," 1"," 9917203","","0.5585","G"
"4","Trait5","pKWmEB","PstI.TP900796"," 1"," 9917203","","0.1680","G"
"4","Trait5","pKWmEB","PstI.TP900534"," 1"," 9917205","","0.3306","G"
"4","Trait5","pKWmEB","NsiI.TP804217"," 1"," 9918277","","1.6672","A"
"4","Trait5","pKWmEB","PstI.TP1001875"," 1"," 9929490","","0.7954","C"
"4","Trait5","pKWmEB","PstI.TP120265"," 1"," 9929566","","0.5687","A"
"4","Trait5","pKWmEB","NsiI.TP303399"," 1"," 9939496","","0.7558","A"
"4","Trait5","pKWmEB","NsiI.TP833134"," 1"," 9946863","","0.2457","A"
"4","Trait5","pKWmEB","PstI.TP845850"," 1"," 9949636","","0.2581","A"
"4","Trait5","pKWmEB","PstI.TP860929"," 1"," 9985288","","0.0408","C"
"4","Trait5","pKWmEB","PstI.TP145867"," 1"," 9990979","","0.0531","C"
"4","Trait5","pKWmEB","PstI.TP821356"," 1","10005335","","0.1337","C"
"4","Trait5","pKWmEB","PstI.TP498398"," 1","10010021","","0.0710","A"
"4","Trait5","pKWmEB","PstI.TP498402"," 1","10010025","","1.0977","C"
"4","Trait5","pKWmEB","PstI.TP474486"," 1","10028947","","0.1027","A"
"4","Trait5","pKWmEB","PstI.TP456781"," 1","10088332","","0.3452","A"
"4","Trait5","pKWmEB","PstI.TP1077323"," 1","10112795","","0.5186","A"
"4","Trait5","pKWmEB","PstI.TP1075817"," 1","10117174","","0.0630","A"
"4","Trait5","pKWmEB","NsiI.TP527775"," 1","10124859","","0.0721","A"
"4","Trait5","pKWmEB","PstI.TP750529"," 1","10140721","","1.2533","C"
"4","Trait5","pKWmEB","PstI.TP1106149"," 1","10181736","","0.1900","C"
"4","Trait5","pKWmEB","PstI.TP308125"," 1","10181847","","0.3951","C"
"4","Trait5","pKWmEB","NsiI.TP403625"," 1","10182616","","0.1662","C"
"4","Trait5","pKWmEB","NsiI.TP801059"," 1","10208217","","0.1917","C"
"4","Trait5","pKWmEB","NsiI.TP489786"," 1","10219250","","1.2247","C"
"4","Trait5","pKWmEB","NsiI.TP66172"," 1","10224640","","2.0133","A"
"4","Trait5","pKWmEB","NsiI.TP678115"," 1","10277349","","0.8705","A"
"4","Trait5","pKWmEB","PstI.TP345581"," 1","10284848","","0.3750","C"
"4","Trait5","pKWmEB","PstI.TP620724"," 1","10286545","","0.4636","C"
"4","Trait5","pKWmEB","NsiI.TP664565"," 1","10300447","","0.1348","A"
"4","Trait5","pKWmEB","PstI.TP156806"," 1","10317905","","0.1376","C"
"4","Trait5","pKWmEB","NsiI.TP12510"," 1","10383086","","0.1328","A"
"4","Trait5","pKWmEB","PstI.TP593918"," 1","10465079","","0.1788","A"
"4","Trait5","pKWmEB","NsiI.TP360999"," 1","10465743","","0.4160","C"
"4","Trait5","pKWmEB","PstI.TP372465"," 1","10465762","","0.4834","A"
"4","Trait5","pKWmEB","PstI.TP1200480"," 1","10476925","","0.0725","C"
"4","Trait5","pKWmEB","PstI.TP91211"," 1","10530796","","0.0571","G"
"4","Trait5","pKWmEB","PstI.TP1079720"," 1","10565436","","0.6927","C"
"4","Trait5","pKWmEB","PstI.TP488889"," 1","10576905","","0.5001","G"
"4","Trait5","pKWmEB","PstI.TP491075"," 1","10576908","","0.5908","A"
"4","Trait5","pKWmEB","NsiI.TP56378"," 1","10583216","","0.3645","A"
"4","Trait5","pKWmEB","PstI.TP851583"," 1","10583893","","0.7141","C"
"4","Trait5","pKWmEB","PstI.TP166877"," 1","10607092","","0.0329","C"
"4","Trait5","pKWmEB","NsiI.TP139766"," 1","10628670","","0.0196","C"
"4","Trait5","pKWmEB","PstI.TP948493"," 1","10639570","","0.8544","A"
"4","Trait5","pKWmEB","NsiI.TP714515"," 1","10649306","","0.4157","C"
"4","Trait5","pKWmEB","PstI.TP931662"," 1","10651611","","0.1801","C"
"4","Trait5","pKWmEB","NsiI.TP501783"," 1","10653579","","0.0490","A"
"4","Trait5","pKWmEB","NsiI.TP677128"," 1","10653848","","0.2113","A"
"4","Trait5","pKWmEB","PstI.TP201416"," 1","10678222","","1.1823","A"
"4","Trait5","pKWmEB","PstI.TP980214"," 1","10687788","","0.4003","G"
"4","Trait5","pKWmEB","NsiI.TP671397"," 1","10714530","","0.7017","C"
"4","Trait5","pKWmEB","NsiI.TP58669"," 1","10757346","","0.3770","C"
"4","Trait5","pKWmEB","NsiI.TP6201"," 1","10769170","","0.2324","A"
"4","Trait5","pKWmEB","PstI.TP871348"," 1","10788683","","0.5685","C"
"4","Trait5","pKWmEB","NsiI.TP676929"," 1","10800684","","1.1942","C"
"4","Trait5","pKWmEB","NsiI.TP538616"," 1","10802958","","0.0231","A"
"4","Trait5","pKWmEB","NsiI.TP325802"," 1","10807304","","0.3085","A"
"4","Trait5","pKWmEB","PstI.TP895107"," 1","10822750","","0.3688","C"
"4","Trait5","pKWmEB","NsiI.TP300721"," 1","10823386","","0.1032","A"
"4","Trait5","pKWmEB","NsiI.TP229595"," 1","10839714","","0.4870","A"
"4","Trait5","pKWmEB","NsiI.TP201069"," 1","10876750","","1.2188","C"
"4","Trait5","pKWmEB","PstI.TP784423"," 1","10894785","","1.5866","C"
"4","Trait5","pKWmEB","PstI.TP494040"," 1","10895583","","0.0816","C"
"4","Trait5","pKWmEB","PstI.TP667320"," 1","10965394","","1.7556","C"
"4","Trait5","pKWmEB","NsiI.TP509653"," 1","11013763","","0.2513","C"
"4","Trait5","pKWmEB","NsiI.TP798310"," 1","11018598","","0.3631","A"
"4","Trait5","pKWmEB","PstI.TP1244424"," 1","11026364","","0.0701","C"
"4","Trait5","pKWmEB","PstI.TP57864"," 1","11053835","","1.0485","A"
"4","Trait5","pKWmEB","PstI.TP927833"," 1","11059251","","0.4693","A"
"4","Trait5","pKWmEB","NsiI.TP205847"," 1","11081877","","0.2620","A"
"4","Trait5","pKWmEB","PstI.TP163797"," 1","11126733","","1.0805","A"
"4","Trait5","pKWmEB","NsiI.TP636758"," 1","11134414","","0.4036","C"
"4","Trait5","pKWmEB","PstI.TP850610"," 1","11151819","","1.1523","G"
"4","Trait5","pKWmEB","NsiI.TP140899"," 1","11162813","","1.0612","C"
"4","Trait5","pKWmEB","NsiI.TP142297"," 1","11162838","","1.1567","C"
"4","Trait5","pKWmEB","NsiI.TP142244"," 1","11162862","","0.4321","A"
"4","Trait5","pKWmEB","PstI.TP1164162"," 1","11169685","","0.0417","C"
"4","Trait5","pKWmEB","NsiI.TP670864"," 1","11173569","","0.1886","A"
"4","Trait5","pKWmEB","PstI.TP632220"," 1","11173690","","0.2608","C"
"4","Trait5","pKWmEB","NsiI.TP246551"," 1","11187178","","0.1350","A"
"4","Trait5","pKWmEB","PstI.TP869093"," 1","11187262","","0.6177","C"
"4","Trait5","pKWmEB","NsiI.TP446370"," 1","11187900","","0.0079","C"
"4","Trait5","pKWmEB","NsiI.TP158358"," 1","11191805","","0.7729","C"
"4","Trait5","pKWmEB","PstI.TP872356"," 1","11195895","","0.1207","C"
"4","Trait5","pKWmEB","PstI.TP807135"," 1","11195899","","0.0816","A"
"4","Trait5","pKWmEB","PstI.TP553201"," 1","11198433","","0.1059","C"
"4","Trait5","pKWmEB","NsiI.TP58591"," 1","11198433","","0.0222","A"
"4","Trait5","pKWmEB","PstI.TP5049"," 1","11225331","","0.5103","A"
"4","Trait5","pKWmEB","NsiI.TP279652"," 1","11238006","","1.5817","C"
"4","Trait5","pKWmEB","PstI.TP336105"," 1","11324961","","0.0111","C"
"4","Trait5","pKWmEB","NsiI.TP48695"," 1","11325346","","0.9112","A"
"4","Trait5","pKWmEB","NsiI.TP84300"," 1","11353410","","1.1948","A"
"4","Trait5","pKWmEB","NsiI.TP259521"," 1","11377749","","0.3350","A"
"4","Trait5","pKWmEB","PstI.TP960636"," 1","11389834","","0.4475","C"
"4","Trait5","pKWmEB","PstI.TP1095636"," 1","11402208","","0.3386","C"
"4","Trait5","pKWmEB","NsiI.TP758539"," 1","11418165","","0.9728","A"
"4","Trait5","pKWmEB","NsiI.TP286989"," 1","11423301","","0.0260","C"
"4","Trait5","pKWmEB","NsiI.TP48159"," 1","11432982","","0.0133","C"
"4","Trait5","pKWmEB","PstI.TP835148"," 1","11456164","","0.8613","A"
"4","Trait5","pKWmEB","PstI.TP1144034"," 1","11465878","","0.3963","A"
"4","Trait5","pKWmEB","NsiI.TP731670"," 1","11467794","","0.3863","A"
"4","Trait5","pKWmEB","PstI.TP151028"," 1","11471426","","0.2653","C"
"4","Trait5","pKWmEB","NsiI.TP594672"," 1","11504246","","0.1859","A"
"4","Trait5","pKWmEB","PstI.TP44118"," 1","11512341","","2.0522","A"
"4","Trait5","pKWmEB","NsiI.TP159785"," 1","11512824","","2.9531","A"
"4","Trait5","pKWmEB","PstI.TP871978"," 1","11515285","","0.1215","A"
"4","Trait5","pKWmEB","PstI.TP383048"," 1","11518318","","0.2778","C"
"4","Trait5","pKWmEB","PstI.TP367643"," 1","11520154","","0.7576","A"
"4","Trait5","pKWmEB","PstI.TP794882"," 1","11532179","","0.0811","A"
"4","Trait5","pKWmEB","PstI.TP454776"," 1","11548005","","0.2413","C"
"4","Trait5","pKWmEB","PstI.TP850929"," 1","11599529","","0.2411","G"
"4","Trait5","pKWmEB","NsiI.TP441419"," 1","11624620","","0.0260","A"
"4","Trait5","pKWmEB","PstI.TP1169952"," 1","11630130","","0.5365","A"
"4","Trait5","pKWmEB","NsiI.TP126127"," 1","11636563","","1.0358","A"
"4","Trait5","pKWmEB","PstI.TP781647"," 1","11637565","","0.1198","A"
"4","Trait5","pKWmEB","PstI.TP96286"," 1","11637643","","0.4627","A"
"4","Trait5","pKWmEB","NsiI.TP468813"," 1","11641735","","1.0276","C"
"4","Trait5","pKWmEB","NsiI.TP386974"," 1","11641779","","0.1555","C"
"4","Trait5","pKWmEB","NsiI.TP507557"," 1","11673644","","0.0618","A"
"4","Trait5","pKWmEB","PstI.TP883214"," 1","11685337","","0.3165","A"
"4","Trait5","pKWmEB","PstI.TP1045636"," 1","11697258","","0.9834","A"
"4","Trait5","pKWmEB","NsiI.TP65377"," 1","11706782","","0.6546","A"
"4","Trait5","pKWmEB","PstI.TP458346"," 1","11754862","","0.0471","C"
"4","Trait5","pKWmEB","PstI.TP269293"," 1","11759371","","0.8493","C"
"4","Trait5","pKWmEB","PstI.TP671731"," 1","11762098","","0.9100","C"
"4","Trait5","pKWmEB","PstI.TP83573"," 1","11768205","","0.0464","A"
"4","Trait5","pKWmEB","PstI.TP280531"," 1","11808426","","1.1577","C"
"4","Trait5","pKWmEB","NsiI.TP83031"," 1","11814530","","0.5860","G"
"4","Trait5","pKWmEB","PstI.TP319571"," 1","11815150","","0.4285","A"
"4","Trait5","pKWmEB","PstI.TP637734"," 1","11832551","","0.0151","A"
"4","Trait5","pKWmEB","NsiI.TP693981"," 1","11914835","","0.0628","C"
"4","Trait5","pKWmEB","PstI.TP342646"," 1","11915252","","1.3379","C"
"4","Trait5","pKWmEB","PstI.TP581040"," 1","11920166","","1.1188","A"
"4","Trait5","pKWmEB","PstI.TP303581"," 1","11926685","","0.2099","A"
"4","Trait5","pKWmEB","NsiI.TP151741"," 1","11927845","","0.0105","A"
"4","Trait5","pKWmEB","PstI.TP969394"," 1","11931933","","0.0365","C"
"4","Trait5","pKWmEB","PstI.TP1288084"," 1","11935767","","0.7525","A"
"4","Trait5","pKWmEB","NsiI.TP68480"," 1","11941858","","0.3488","C"
"4","Trait5","pKWmEB","PstI.TP369891"," 1","11947502","","0.2618","A"
"4","Trait5","pKWmEB","NsiI.TP736839"," 1","11973561","","0.1628","C"
"4","Trait5","pKWmEB","NsiI.TP492306"," 1","11973621","","0.5963","G"
"4","Trait5","pKWmEB","PstI.TP939213"," 1","11990855","","0.3574","A"
"4","Trait5","pKWmEB","NsiI.TP590006"," 1","11992102","","1.2307","C"
"4","Trait5","pKWmEB","GFSSContig8870_238"," 1","12002926","","0.8618","T"
"4","Trait5","pKWmEB","NsiI.TP324559"," 1","12011932","","0.0371","C"
"4","Trait5","pKWmEB","PstI.TP166900"," 1","12024794","","0.3831","C"
"4","Trait5","pKWmEB","NsiI.TP200262"," 1","12031128","","0.0168","A"
"4","Trait5","pKWmEB","PstI.TP1016611"," 1","12066190","","0.5469","C"
"4","Trait5","pKWmEB","NsiI.TP589787"," 1","12102248","","0.0968","C"
"4","Trait5","pKWmEB","PstI.TP301133"," 1","12137712","","1.5343","G"
"4","Trait5","pKWmEB","NsiI.TP690036"," 1","12138480","","0.0167","C"
"4","Trait5","pKWmEB","PstI.TP824123"," 1","12146700","","0.0085","A"
"4","Trait5","pKWmEB","NsiI.TP425091"," 1","12156938","","0.1975","A"
"4","Trait5","pKWmEB","PstI.TP80196"," 1","12160063","","0.1539","A"
"4","Trait5","pKWmEB","NsiI.TP411644"," 1","12163725","","0.3111","C"
"4","Trait5","pKWmEB","PstI.TP357827"," 1","12168818","","0.3899","C"
"4","Trait5","pKWmEB","PstI.TP242530"," 1","12171110","","0.4030","C"
"4","Trait5","pKWmEB","PstI.TP419110"," 1","12172842","","0.7963","A"
"4","Trait5","pKWmEB","PstI.TP181460"," 1","12172878","","0.5210","C"
"4","Trait5","pKWmEB","NsiI.TP336715"," 1","12172946","","2.5688","C"
"4","Trait5","pKWmEB","PstI.TP852925"," 1","12176015","","1.7762","A"
"4","Trait5","pKWmEB","NsiI.TP627743"," 1","12178939","","1.1072","A"
"4","Trait5","pKWmEB","PstI.TP699351"," 1","12181552","","0.4071","C"
"4","Trait5","pKWmEB","PstI.TP970608"," 1","12189706","","0.2758","C"
"4","Trait5","pKWmEB","PstI.TP1244212"," 1","12194943","","0.0795","A"
"4","Trait5","pKWmEB","PstI.TP308387"," 1","12249163","","0.5274","A"
"4","Trait5","pKWmEB","NsiI.TP388261"," 1","12277429","","0.6517","C"
"4","Trait5","pKWmEB","NsiI.TP95821"," 1","12295395","","1.6799","C"
"4","Trait5","pKWmEB","NsiI.TP246433"," 1","12296148","","0.6215","C"
"4","Trait5","pKWmEB","PstI.TP1150967"," 1","12321648","","0.6087","C"
"4","Trait5","pKWmEB","NsiI.TP759008"," 1","12334143","","0.1895","C"
"4","Trait5","pKWmEB","PstI.TP372277"," 1","12338360","","0.6909","C"
"4","Trait5","pKWmEB","NsiI.TP343566"," 1","12339365","","0.0656","C"
"4","Trait5","pKWmEB","PstI.TP972335"," 1","12340082","","0.0938","C"
"4","Trait5","pKWmEB","PstI.TP1129618"," 1","12340098","","0.0674","A"
"4","Trait5","pKWmEB","PstI.TP119895"," 1","12341093","","0.6928","A"
"4","Trait5","pKWmEB","PstI.TP120612"," 1","12347979","","0.1489","A"
"4","Trait5","pKWmEB","PstI.TP54196"," 1","12356926","","0.6488","C"
"4","Trait5","pKWmEB","PstI.TP125663"," 1","12414541","","0.0102","G"
"4","Trait5","pKWmEB","PstI.TP1131247"," 1","12445082","","0.1951","A"
"4","Trait5","pKWmEB","GFSSContig14714_678"," 1","12449005","","0.0083","T"
"4","Trait5","pKWmEB","PstI.TP533230"," 1","12546491","","0.6656","A"
"4","Trait5","pKWmEB","PstI.TP470694"," 1","12548914","","0.5521","C"
"4","Trait5","pKWmEB","NsiI.TP359250"," 1","12549769","","0.1231","C"
"4","Trait5","pKWmEB","NsiI.TP162883"," 1","12569712","","0.6673","C"
"4","Trait5","pKWmEB","PstI.TP1231592"," 1","12574939","","0.8771","C"
"4","Trait5","pKWmEB","NsiI.TP104065"," 1","12578208","","0.5863","C"
"4","Trait5","pKWmEB","PstI.TP233543"," 1","12604764","","0.0462","C"
"4","Trait5","pKWmEB","PstI.TP298322"," 1","12608614","","0.0543","A"
"4","Trait5","pKWmEB","PstI.TP953256"," 1","12608761","","0.5927","C"
"4","Trait5","pKWmEB","PstI.TP869664"," 1","12608841","","1.0336","A"
"4","Trait5","pKWmEB","PstI.TP869661"," 1","12608858","","0.4800","A"
"4","Trait5","pKWmEB","NsiI.TP130986"," 1","12609418","","1.4317","A"
"4","Trait5","pKWmEB","NsiI.TP415957"," 1","12619054","","0.4548","G"
"4","Trait5","pKWmEB","NsiI.TP652852"," 1","12621421","","0.0720","A"
"4","Trait5","pKWmEB","PstI.TP49650"," 1","12621450","","0.0667","A"
"4","Trait5","pKWmEB","PstI.TP1120707"," 1","12628050","","0.3289","C"
"4","Trait5","pKWmEB","PstI.TP544906"," 1","12628073","","0.9248","A"
"4","Trait5","pKWmEB","NsiI.TP707511"," 1","12652994","","0.2440","C"
"4","Trait5","pKWmEB","NsiI.TP750615"," 1","12653027","","0.0590","G"
"4","Trait5","pKWmEB","PstI.TP335314"," 1","12658698","","0.7670","C"
"4","Trait5","pKWmEB","NsiI.TP487841"," 1","12659124","","1.6010","A"
"4","Trait5","pKWmEB","PstI.TP862579"," 1","12701706","","3.3672","A"
"4","Trait5","pKWmEB","PstI.TP401102"," 1","12714512","","0.6900","C"
"4","Trait5","pKWmEB","NsiI.TP426892"," 1","12727995","","0.4367","A"
"4","Trait5","pKWmEB","NsiI.TP602440"," 1","12732883","","1.7487","A"
"4","Trait5","pKWmEB","PstI.TP949560"," 1","12735786","","0.8382","G"
"4","Trait5","pKWmEB","NsiI.TP476800"," 1","12738693","","0.2525","A"
"4","Trait5","pKWmEB","NsiI.TP447210"," 1","12738793","","0.1018","A"
"4","Trait5","pKWmEB","NsiI.TP336894"," 1","12738987","","0.6560","C"
"4","Trait5","pKWmEB","PstI.TP47447"," 1","12743038","","1.5877","A"
"4","Trait5","pKWmEB","PstI.TP822515"," 1","12784656","","0.5273","A"
"4","Trait5","pKWmEB","PstI.TP323718"," 1","12814103","","1.2773","C"
"4","Trait5","pKWmEB","PstI.TP197754"," 1","12831519","","0.6697","A"
"4","Trait5","pKWmEB","NsiI.TP442488"," 1","12846248","","0.5800","C"
"4","Trait5","pKWmEB","NsiI.TP195180"," 1","12857502","","0.0301","A"
"4","Trait5","pKWmEB","NsiI.TP636471"," 1","12863942","","0.7521","G"
"4","Trait5","pKWmEB","PstI.TP2212"," 1","12945153","","0.0069","A"
"4","Trait5","pKWmEB","PstI.TP787741"," 1","13021367","","0.4141","A"
"4","Trait5","pKWmEB","NsiI.TP127941"," 1","13028214","","0.1492","C"
"4","Trait5","pKWmEB","PstI.TP254268"," 1","13028392","","0.5590","A"
"4","Trait5","pKWmEB","NsiI.TP464642"," 1","13039779","","0.1822","C"
"4","Trait5","pKWmEB","PstI.TP20247"," 1","13067598","","1.1702","C"
"4","Trait5","pKWmEB","NsiI.TP415606"," 1","13074876","","0.2150","G"
"4","Trait5","pKWmEB","NsiI.TP481934"," 1","13076221","","0.4594","G"
"4","Trait5","pKWmEB","NsiI.TP647288"," 1","13079139","","0.1289","A"
"4","Trait5","pKWmEB","PstI.TP342493"," 1","13096228","","0.1417","C"
"4","Trait5","pKWmEB","PstI.TP1051083"," 1","13150553","","0.1036","G"
"4","Trait5","pKWmEB","PstI.TP225437"," 1","13150621","","0.1164","A"
"4","Trait5","pKWmEB","PstI.TP1284231"," 1","13151323","","0.0770","A"
"4","Trait5","pKWmEB","PstI.TP1284224"," 1","13151334","","1.0862","G"
"4","Trait5","pKWmEB","PstI.TP419952"," 1","13194145","","1.6724","C"
"4","Trait5","pKWmEB","PstI.TP1041568"," 1","13234710","","0.6108","C"
"4","Trait5","pKWmEB","NsiI.TP193833"," 1","13245570","","0.0947","A"
"4","Trait5","pKWmEB","PstI.TP770895"," 1","13263569","","0.5012","A"
"4","Trait5","pKWmEB","PstI.TP726878"," 1","13263594","","0.0278","A"
"4","Trait5","pKWmEB","NsiI.TP810853"," 1","13264665","","0.9393","A"
"4","Trait5","pKWmEB","PstI.TP297644"," 1","13299552","","0.2007","A"
"4","Trait5","pKWmEB","NsiI.TP99495"," 1","13300518","","0.3943","C"
"4","Trait5","pKWmEB","NsiI.TP442997"," 1","13359027","","1.2808","C"
"4","Trait5","pKWmEB","NsiI.TP779201"," 1","13367144","","0.0418","C"
"4","Trait5","pKWmEB","NsiI.TP693115"," 1","13373622","","0.6876","C"
"4","Trait5","pKWmEB","NsiI.TP690370"," 1","13378311","","0.2193","C"
"4","Trait5","pKWmEB","PstI.TP15791"," 1","13382353","","1.1589","C"
"4","Trait5","pKWmEB","NsiI.TP570918"," 1","13400968","","0.3034","C"
"4","Trait5","pKWmEB","PstI.TP1273474"," 1","13406210","","0.5241","C"
"4","Trait5","pKWmEB","NsiI.TP146220"," 1","13426299","","0.3617","A"
"4","Trait5","pKWmEB","PstI.TP437757"," 1","13444288","","0.1735","C"
"4","Trait5","pKWmEB","PstI.TP1175215"," 1","13490079","","0.2746","C"
"4","Trait5","pKWmEB","PstI.TP51186"," 1","13535076","","0.1823","A"
"4","Trait5","pKWmEB","NsiI.TP461366"," 1","13535528","","0.2010","G"
"4","Trait5","pKWmEB","PstI.TP945515"," 1","13536404","","0.1190","C"
"4","Trait5","pKWmEB","PstI.TP775845"," 1","13537099","","0.3251","C"
"4","Trait5","pKWmEB","NsiI.TP214625"," 1","13537106","","0.7397","C"
"4","Trait5","pKWmEB","NsiI.TP694123"," 1","13570229","","0.2520","C"
"4","Trait5","pKWmEB","PstI.TP211414"," 1","13593203","","0.5914","A"
"4","Trait5","pKWmEB","PstI.TP154406"," 1","13601732","","0.0867","A"
"4","Trait5","pKWmEB","NsiI.TP367019"," 1","13622529","","0.4050","C"
"4","Trait5","pKWmEB","PstI.TP746755"," 1","13706401","","0.2669","G"
"4","Trait5","pKWmEB","PstI.TP21535"," 1","13757306","","0.9452","A"
"4","Trait5","pKWmEB","NsiI.TP771339"," 1","13768778","","0.3433","G"
"4","Trait5","pKWmEB","PstI.TP177830"," 1","13784150","","2.1098","G"
"4","Trait5","pKWmEB","NsiI.TP499595"," 1","13794502","","0.0509","A"
"4","Trait5","pKWmEB","NsiI.TP35556"," 1","13809932","","0.4373","A"
"4","Trait5","pKWmEB","PstI.TP120285"," 1","13839309","","0.3640","C"
"4","Trait5","pKWmEB","PstI.TP1204396"," 1","13845263","","0.0028","A"
"4","Trait5","pKWmEB","PstI.TP1204395"," 1","13845267","","0.9266","C"
"4","Trait5","pKWmEB","PstI.TP672785"," 1","13856592","","0.3037","C"
"4","Trait5","pKWmEB","NsiI.TP495012"," 1","13858689","","1.0151","A"
"4","Trait5","pKWmEB","NsiI.TP300775"," 1","13891493","","0.2385","C"
"4","Trait5","pKWmEB","PstI.TP621859"," 1","13917133","","0.5669","C"
"4","Trait5","pKWmEB","PstI.TP1224207"," 1","13917136","","0.6583","C"
"4","Trait5","pKWmEB","PstI.TP703045"," 1","13942056","","0.7399","A"
"4","Trait5","pKWmEB","NsiI.TP766568"," 1","13943502","","0.3858","C"
"4","Trait5","pKWmEB","NsiI.TP501038"," 1","13956574","","0.0049","A"
"4","Trait5","pKWmEB","PstI.TP308922"," 1","14021607","","1.4220","C"
"4","Trait5","pKWmEB","NsiI.TP819777"," 1","14025316","","1.2175","C"
"4","Trait5","pKWmEB","NsiI.TP266519"," 1","14038497","","1.2165","G"
"4","Trait5","pKWmEB","NsiI.TP437992"," 1","14042838","","0.9163","A"
"4","Trait5","pKWmEB","PstI.TP125868"," 1","14057029","","0.0600","A"
"4","Trait5","pKWmEB","GFSSContig14643_563"," 1","14059551","","2.3461","T"
"4","Trait5","pKWmEB","NsiI.TP269042"," 1","14064552","","0.3399","C"
"4","Trait5","pKWmEB","NsiI.TP303355"," 1","14151291","","0.3410","C"
"4","Trait5","pKWmEB","PstI.TP843475"," 1","14155219","","1.3931","A"
"4","Trait5","pKWmEB","PstI.TP981330"," 1","14205068","","0.3731","A"
"4","Trait5","pKWmEB","PstI.TP882042"," 1","14207905","","0.4980","G"
"4","Trait5","pKWmEB","NsiI.TP356917"," 1","14233628","","0.0394","C"
"4","Trait5","pKWmEB","NsiI.TP119580"," 1","14256346","","0.2211","C"
"4","Trait5","pKWmEB","NsiI.TP825520"," 1","14262612","","1.3380","C"
"4","Trait5","pKWmEB","NsiI.TP420386"," 1","14283502","","0.6048","A"
"4","Trait5","pKWmEB","PstI.TP12544"," 1","14288002","","0.5639","A"
"4","Trait5","pKWmEB","PstI.TP37475"," 1","14297444","","0.1718","A"
"4","Trait5","pKWmEB","PstI.TP37488"," 1","14297475","","0.0143","C"
"4","Trait5","pKWmEB","NsiI.TP717724"," 1","14304646","","0.6627","C"
"4","Trait5","pKWmEB","PstI.TP1089523"," 1","14324920","","0.1361","A"
"4","Trait5","pKWmEB","PstI.TP220389"," 1","14347637","","0.4305","A"
"4","Trait5","pKWmEB","PstI.TP225473"," 1","14398694","","1.2595","A"
"4","Trait5","pKWmEB","PstI.TP225478"," 1","14404245","","0.4506","C"
"4","Trait5","pKWmEB","PstI.TP784723"," 1","14438505","","0.4026","A"
"4","Trait5","pKWmEB","NsiI.TP467233"," 1","14455377","","0.0393","C"
"4","Trait5","pKWmEB","NsiI.TP658424"," 1","14469572","","0.2297","G"
"4","Trait5","pKWmEB","NsiI.TP410209"," 1","14510145","","0.3693","G"
"4","Trait5","pKWmEB","PstI.TP863368"," 1","14520797","","0.3992","C"
"4","Trait5","pKWmEB","SSk50ctg225336_353"," 1","14558654","","0.7097","T"
"4","Trait5","pKWmEB","NsiI.TP423901"," 1","14565704","","0.5264","C"
"4","Trait5","pKWmEB","PstI.TP152122"," 1","14611936","","0.0099","C"
"4","Trait5","pKWmEB","NsiI.TP482085"," 1","14660014","","0.6220","C"
"4","Trait5","pKWmEB","PstI.TP1070412"," 1","14662120","","0.2844","A"
"4","Trait5","pKWmEB","PstI.TP174141"," 1","14670362","","0.3458","A"
"4","Trait5","pKWmEB","PstI.TP1098610"," 1","14727981","","0.5022","A"
"4","Trait5","pKWmEB","PstI.TP271793"," 1","14742998","","0.9930","A"
"4","Trait5","pKWmEB","PstI.TP282764"," 1","14743057","","0.2059","C"
"4","Trait5","pKWmEB","NsiI.TP25651"," 1","14867989","","0.3322","A"
"4","Trait5","pKWmEB","PstI.TP155202"," 1","14875559","","0.2484","A"
"4","Trait5","pKWmEB","NsiI.TP380814"," 1","14893190","","0.0684","C"
"4","Trait5","pKWmEB","PstI.TP366230"," 1","14917814","","0.3842","C"
"4","Trait5","pKWmEB","PstI.TP60778"," 1","14925987","","0.3442","C"
"4","Trait5","pKWmEB","PstI.TP389936"," 1","14968234","","0.1035","A"
"4","Trait5","pKWmEB","PstI.TP473065"," 1","14979768","","0.2977","C"
"4","Trait5","pKWmEB","PstI.TP994295"," 1","15000089","","0.1774","C"
"4","Trait5","pKWmEB","NsiI.TP430273"," 1","15009878","","0.1657","G"
"4","Trait5","pKWmEB","NsiI.TP173516"," 1","15009936","","0.1685","A"
"4","Trait5","pKWmEB","PstI.TP980794"," 1","15035098","","0.1801","C"
"4","Trait5","pKWmEB","PstI.TP993599"," 1","15059302","","0.0105","G"
"4","Trait5","pKWmEB","NsiI.TP649739"," 1","15060402","","0.1015","A"
"4","Trait5","pKWmEB","NsiI.TP651148"," 1","15060420","","0.3591","A"
"4","Trait5","pKWmEB","NsiI.TP649742"," 1","15060446","","0.7642","A"
"4","Trait5","pKWmEB","NsiI.TP258606"," 1","15160092","","0.0010","C"
"4","Trait5","pKWmEB","PstI.TP311828"," 1","15160302","","0.1086","C"
"4","Trait5","pKWmEB","NsiI.TP453296"," 1","15160906","","0.2699","G"
"4","Trait5","pKWmEB","PstI.TP336162"," 1","15170686","","0.2692","A"
"4","Trait5","pKWmEB","PstI.TP745600"," 1","15174350","","0.6291","A"
"4","Trait5","pKWmEB","NsiI.TP51676"," 1","15234555","","0.0762","A"
"4","Trait5","pKWmEB","PstI.TP1015687"," 1","15247755","","0.3978","C"
"4","Trait5","pKWmEB","PstI.TP1062718"," 1","15364899","","0.2819","A"
"4","Trait5","pKWmEB","PstI.TP1078239"," 1","15375816","","0.6508","C"
"4","Trait5","pKWmEB","PstI.TP698841"," 1","15386033","","0.4893","G"
"4","Trait5","pKWmEB","NsiI.TP190002"," 1","15394010","","0.6248","C"
"4","Trait5","pKWmEB","NsiI.TP171506"," 1","15417277","","0.1359","A"
"4","Trait5","pKWmEB","NsiI.TP255144"," 1","15433398","","0.4071","C"
"4","Trait5","pKWmEB","NsiI.TP649951"," 1","15467141","","0.2640","A"
"4","Trait5","pKWmEB","PstI.TP800100"," 1","15471914","","0.3468","A"
"4","Trait5","pKWmEB","NsiI.TP746922"," 1","15479561","","1.0794","A"
"4","Trait5","pKWmEB","NsiI.TP755310"," 1","15480859","","0.1067","C"
"4","Trait5","pKWmEB","NsiI.TP444665"," 1","15492552","","0.5160","C"
"4","Trait5","pKWmEB","PstI.TP932846"," 1","15517451","","0.0156","C"
"4","Trait5","pKWmEB","PstI.TP1256458"," 1","15517510","","0.3307","C"
"4","Trait5","pKWmEB","PstI.TP375366"," 1","15556694","","0.6768","C"
"4","Trait5","pKWmEB","PstI.TP37494"," 1","15597809","","0.2279","C"
"4","Trait5","pKWmEB","PstI.TP1092363"," 1","15638428","","0.2646","C"
"4","Trait5","pKWmEB","PstI.TP571211"," 1","15648129","","0.1741","A"
"4","Trait5","pKWmEB","PstI.TP393750"," 1","15650792","","0.0964","G"
"4","Trait5","pKWmEB","PstI.TP147426"," 1","15718731","","0.2992","C"
"4","Trait5","pKWmEB","NsiI.TP330148"," 1","15807421","","0.3564","A"
"4","Trait5","pKWmEB","PstI.TP364469"," 1","15807512","","0.1907","A"
"4","Trait5","pKWmEB","PstI.TP597611"," 1","15812434","","0.4982","G"
"4","Trait5","pKWmEB","NsiI.TP825699"," 1","15815917","","0.8091","C"
"4","Trait5","pKWmEB","PstI.TP537488"," 1","15836219","","0.4416","C"
"4","Trait5","pKWmEB","PstI.TP31035"," 1","15851386","","0.3249","A"
"4","Trait5","pKWmEB","PstI.TP896922"," 1","15851610","","0.0484","C"
"4","Trait5","pKWmEB","NsiI.TP618751"," 1","15855923","","0.4151","C"
"4","Trait5","pKWmEB","PstI.TP774779"," 1","15879997","","1.0136","A"
"4","Trait5","pKWmEB","PstI.TP775724"," 1","15890437","","0.2856","C"
"4","Trait5","pKWmEB","GFSSContig17245_347"," 1","15924838","","0.2145","A"
"4","Trait5","pKWmEB","GFSSContig17245_481"," 1","15924972","","0.4212","A"
"4","Trait5","pKWmEB","PstI.TP256999"," 1","15936570","","1.1209","C"
"4","Trait5","pKWmEB","PstI.TP73792"," 1","16408882","","0.1558","C"
"4","Trait5","pKWmEB","PstI.TP548596"," 1","16432580","","0.5352","A"
"4","Trait5","pKWmEB","PstI.TP1108027"," 1","16453688","","0.2881","C"
"4","Trait5","pKWmEB","NsiI.TP210346"," 1","16604420","","0.5197","C"
"4","Trait5","pKWmEB","NsiI.TP210345"," 1","16604421","","0.0084","C"
"4","Trait5","pKWmEB","PstI.TP312264"," 1","16641290","","0.3304","C"
"4","Trait5","pKWmEB","NsiI.TP500717"," 1","16675031","","0.0109","C"
"4","Trait5","pKWmEB","PstI.TP475870"," 1","16694458","","0.0991","A"
"4","Trait5","pKWmEB","PstI.TP184964"," 1","16701416","","0.0385","A"
"4","Trait5","pKWmEB","PstI.TP1150194"," 1","16733554","","1.1655","A"
"4","Trait5","pKWmEB","NsiI.TP452510"," 1","16761671","","0.6691","C"
"4","Trait5","pKWmEB","PstI.TP286374"," 1","16762028","","0.9297","G"
"4","Trait5","pKWmEB","NsiI.TP137056"," 1","16781901","","0.1239","A"
"4","Trait5","pKWmEB","PstI.TP1062903"," 1","16796019","","0.0773","A"
"4","Trait5","pKWmEB","NsiI.TP829961"," 1","16799395","","1.3317","A"
"4","Trait5","pKWmEB","NsiI.TP498832"," 1","16844150","","0.1867","A"
"4","Trait5","pKWmEB","PstI.TP772190"," 1","16854375","","0.3047","G"
"4","Trait5","pKWmEB","NsiI.TP253869"," 1","16894827","","0.0088","A"
"4","Trait5","pKWmEB","PstI.TP351621"," 1","16931277","","0.4684","G"
"4","Trait5","pKWmEB","NsiI.TP34852"," 1","16931827","","0.5186","A"
"4","Trait5","pKWmEB","NsiI.TP340676"," 1","16940162","","0.7405","A"
"4","Trait5","pKWmEB","GFSSContig19978_2050"," 1","16994300","","0.0691","T"
"4","Trait5","pKWmEB","PstI.TP1202247"," 1","17001036","","0.0734","C"
"4","Trait5","pKWmEB","NsiI.TP598222"," 1","17012247","","0.6871","C"
"4","Trait5","pKWmEB","GFk50ctg100382_211"," 1","17024823","","0.1593","A"
"4","Trait5","pKWmEB","GFSSContig10419_989"," 1","17026623","","0.7055","A"
"4","Trait5","pKWmEB","GFSSContig18974_238"," 1","17068192","","0.2535","A"
"4","Trait5","pKWmEB","PstI.TP38431"," 1","17117695","","0.0177","G"
"4","Trait5","pKWmEB","NsiI.TP759031"," 1","17129533","","0.1379","A"
"4","Trait5","pKWmEB","PstI.TP875497"," 1","17132096","","1.0673","G"
"4","Trait5","pKWmEB","PstI.TP270063"," 1","17132801","","0.3995","A"
"4","Trait5","pKWmEB","NsiI.TP747614"," 1","17192351","","0.8154","G"
"4","Trait5","pKWmEB","PstI.TP381954"," 1","17197451","","0.1048","A"
"4","Trait5","pKWmEB","NsiI.TP347636"," 1","17221327","","0.8288","G"
"4","Trait5","pKWmEB","NsiI.TP301063"," 1","17242293","","0.0838","A"
"4","Trait5","pKWmEB","PstI.TP272849"," 1","17249586","","0.4319","A"
"4","Trait5","pKWmEB","NsiI.TP35382"," 1","17263489","","0.3379","C"
"4","Trait5","pKWmEB","NsiI.TP458186"," 1","17286811","","0.0536","G"
"4","Trait5","pKWmEB","NsiI.TP641314"," 1","17429648","","0.0989","A"
"4","Trait5","pKWmEB","PstI.TP1129496"," 1","17451041","","0.7387","A"
"4","Trait5","pKWmEB","NsiI.TP229448"," 1","17457495","","0.8541","C"
"4","Trait5","pKWmEB","PstI.TP103232"," 1","17462250","","0.1860","A"
"4","Trait5","pKWmEB","PstI.TP527404"," 1","17466495","","0.5022","A"
"4","Trait5","pKWmEB","PstI.TP25758"," 1","17466771","","0.0000","C"
"4","Trait5","pKWmEB","NsiI.TP462375"," 1","17470507","","1.1072","A"
"4","Trait5","pKWmEB","PstI.TP97518"," 1","17476051","","0.0683","C"
"4","Trait5","pKWmEB","PstI.TP1024630"," 1","17476089","","0.6595","C"
"4","Trait5","pKWmEB","NsiI.TP525823"," 1","17484007","","0.2682","G"
"4","Trait5","pKWmEB","PstI.TP55799"," 1","17484725","","1.1246","G"
"4","Trait5","pKWmEB","NsiI.TP474832"," 1","17489398","","0.1177","G"
"4","Trait5","pKWmEB","NsiI.TP466365"," 1","17489404","","0.0087","A"
"4","Trait5","pKWmEB","PstI.TP1199193"," 1","17514474","","0.1391","A"
"4","Trait5","pKWmEB","PstI.TP1199192"," 1","17514476","","0.0863","A"
"4","Trait5","pKWmEB","PstI.TP155582"," 1","17577155","","0.1735","A"
"4","Trait5","pKWmEB","NsiI.TP473032"," 1","17585225","","0.0012","G"
"4","Trait5","pKWmEB","PstI.TP318302"," 1","17585680","","0.1797","G"
"4","Trait5","pKWmEB","NsiI.TP210953"," 1","17586467","","1.2298","C"
"4","Trait5","pKWmEB","NsiI.TP625844"," 1","17592650","","0.5450","C"
"4","Trait5","pKWmEB","PstI.TP311967"," 1","17610629","","0.2227","C"
"4","Trait5","pKWmEB","PstI.TP392482"," 1","17611146","","1.3285","A"
"4","Trait5","pKWmEB","PstI.TP277421"," 1","17621133","","0.1532","C"
"4","Trait5","pKWmEB","PstI.TP1219099"," 1","17631595","","0.4446","A"
"4","Trait5","pKWmEB","PstI.TP297269"," 1","17656465","","0.0403","A"
"4","Trait5","pKWmEB","NsiI.TP594902"," 1","17688614","","0.3819","A"
"4","Trait5","pKWmEB","NsiI.TP169607"," 1","17749425","","0.1315","A"
"4","Trait5","pKWmEB","PstI.TP816389"," 1","17750979","","0.3975","G"
"4","Trait5","pKWmEB","PstI.TP1082699"," 1","17758802","","0.2482","A"
"4","Trait5","pKWmEB","PstI.TP537181"," 1","17761519","","0.5619","C"
"4","Trait5","pKWmEB","PstI.TP537182"," 1","17761520","","1.3253","C"
"4","Trait5","pKWmEB","PstI.TP985298"," 1","17808711","","0.1292","C"
"4","Trait5","pKWmEB","PstI.TP72214"," 1","17829896","","0.5699","A"
"4","Trait5","pKWmEB","PstI.TP21667"," 1","17831114","","0.5548","A"
"4","Trait5","pKWmEB","PstI.TP1096743"," 1","17902676","","1.1261","A"
"4","Trait5","pKWmEB","NsiI.TP224217"," 1","17932840","","0.6345","C"
"4","Trait5","pKWmEB","NsiI.TP487331"," 1","17957458","","0.4193","C"
"4","Trait5","pKWmEB","NsiI.TP487330"," 1","17957461","","0.2483","G"
"4","Trait5","pKWmEB","PstI.TP213346"," 1","17977700","","0.2881","C"
"4","Trait5","pKWmEB","PstI.TP194240"," 1","18003561","","0.1465","A"
"4","Trait5","pKWmEB","PstI.TP907404"," 1","18035898","","0.6012","A"
"4","Trait5","pKWmEB","PstI.TP147052"," 1","18036670","","0.2057","A"
"4","Trait5","pKWmEB","PstI.TP904357"," 1","18039419","","1.1595","C"
"4","Trait5","pKWmEB","NsiI.TP446696"," 1","18054371","","0.1307","C"
"4","Trait5","pKWmEB","NsiI.TP297192"," 1","18054455","","0.4683","A"
"4","Trait5","pKWmEB","PstI.TP115083"," 1","18065275","","0.2437","C"
"4","Trait5","pKWmEB","NsiI.TP753912"," 1","18081527","","0.2124","G"
"4","Trait5","pKWmEB","PstI.TP807298"," 1","18104978","","0.2546","G"
"4","Trait5","pKWmEB","PstI.TP909448"," 1","18163576","","0.1253","G"
"4","Trait5","pKWmEB","PstI.TP353784"," 1","18167193","","0.7616","C"
"4","Trait5","pKWmEB","PstI.TP510832"," 1","18167351","","0.2734","A"
"4","Trait5","pKWmEB","NsiI.TP32815"," 1","18169703","","0.3580","A"
"4","Trait5","pKWmEB","NsiI.TP20060"," 1","18191763","","0.0022","A"
"4","Trait5","pKWmEB","PstI.TP1245745"," 1","18203316","","0.9624","C"
"4","Trait5","pKWmEB","PstI.TP1245741"," 1","18203364","","0.5959","A"
"4","Trait5","pKWmEB","PstI.TP1203527"," 1","18203746","","0.5393","C"
"4","Trait5","pKWmEB","NsiI.TP792686"," 1","18214875","","1.7363","C"
"4","Trait5","pKWmEB","NsiI.TP553582"," 1","18225047","","0.9828","G"
"4","Trait5","pKWmEB","NsiI.TP822399"," 1","18230052","","0.5504","A"
"4","Trait5","pKWmEB","NsiI.TP465973"," 1","18243284","","0.0348","A"
"4","Trait5","pKWmEB","PstI.TP1183011"," 1","18308062","","0.0248","G"
"4","Trait5","pKWmEB","PstI.TP399941"," 1","18308136","","0.6497","A"
"4","Trait5","pKWmEB","PstI.TP460935"," 1","18308167","","0.0982","A"
"4","Trait5","pKWmEB","PstI.TP389887"," 1","18317107","","0.1820","C"
"4","Trait5","pKWmEB","PstI.TP402944"," 1","18317931","","0.2832","C"
"4","Trait5","pKWmEB","NsiI.TP496974"," 1","18321659","","0.2392","A"
"4","Trait5","pKWmEB","PstI.TP1279895"," 1","18383885","","0.4948","A"
"4","Trait5","pKWmEB","PstI.TP126528"," 1","18396876","","0.2422","C"
"4","Trait5","pKWmEB","PstI.TP102086"," 1","18402297","","2.8789","A"
"4","Trait5","pKWmEB","PstI.TP910433"," 1","18407927","","0.3198","G"
"4","Trait5","pKWmEB","PstI.TP840542"," 1","18414544","","0.1987","A"
"4","Trait5","pKWmEB","PstI.TP446397"," 1","18421945","","0.2773","A"
"4","Trait5","pKWmEB","NsiI.TP694875"," 1","18437117","","0.3656","C"
"4","Trait5","pKWmEB","PstI.TP1126710"," 1","18437271","","0.1374","G"
"4","Trait5","pKWmEB","NsiI.TP772843"," 1","18447607","","0.5140","G"
"4","Trait5","pKWmEB","NsiI.TP168692"," 1","18509909","","0.2094","C"
"4","Trait5","pKWmEB","NsiI.TP375636"," 1","18514595","","0.1765","C"
"4","Trait5","pKWmEB","PstI.TP39503"," 1","18515765","","0.0889","G"
"4","Trait5","pKWmEB","PstI.TP782649"," 1","18524859","","0.3989","A"
"4","Trait5","pKWmEB","NsiI.TP17757"," 1","18535555","","0.1501","G"
"4","Trait5","pKWmEB","NsiI.TP730814"," 1","18543570","","0.3006","C"
"4","Trait5","pKWmEB","PstI.TP978920"," 1","18559835","","0.2430","A"
"4","Trait5","pKWmEB","NsiI.TP730116"," 1","18562747","","0.9285","C"
"4","Trait5","pKWmEB","PstI.TP590958"," 1","18570749","","0.5508","C"
"4","Trait5","pKWmEB","PstI.TP902375"," 1","18570894","","0.8243","G"
"4","Trait5","pKWmEB","PstI.TP1277242"," 1","18598884","","0.9911","A"
"4","Trait5","pKWmEB","PstI.TP207690"," 1","18619316","","0.2472","A"
"4","Trait5","pKWmEB","PstI.TP1124228"," 1","18619316","","0.3460","C"
"4","Trait5","pKWmEB","PstI.TP533117"," 1","18662889","","0.3830","G"
"4","Trait5","pKWmEB","NsiI.TP227711"," 1","18774898","","1.0647","C"
"4","Trait5","pKWmEB","PstI.TP1052160"," 1","18775996","","0.9872","C"
"4","Trait5","pKWmEB","PstI.TP12832"," 1","18776455","","0.3404","A"
"4","Trait5","pKWmEB","PstI.TP765167"," 1","18780449","","0.4193","A"
"4","Trait5","pKWmEB","PstI.TP166501"," 1","18793961","","0.1306","A"
"4","Trait5","pKWmEB","PstI.TP164378"," 1","18794001","","0.0208","C"
"4","Trait5","pKWmEB","NsiI.TP463409"," 1","18837893","","0.0876","A"
"4","Trait5","pKWmEB","PstI.TP1049351"," 1","18838580","","0.7525","A"
"4","Trait5","pKWmEB","PstI.TP776099"," 1","18880730","","0.3083","A"
"4","Trait5","pKWmEB","PstI.TP611399"," 1","18887226","","0.7844","C"
"4","Trait5","pKWmEB","NsiI.TP632210"," 1","18891462","","0.0650","A"
"4","Trait5","pKWmEB","PstI.TP579656"," 1","18905212","","0.3659","C"
"4","Trait5","pKWmEB","NsiI.TP732577"," 1","18967273","","0.0138","A"
"4","Trait5","pKWmEB","PstI.TP933002"," 1","18980084","","0.3523","A"
"4","Trait5","pKWmEB","NsiI.TP307600"," 1","19030036","","0.0393","G"
"4","Trait5","pKWmEB","PstI.TP259003"," 1","19053407","","0.6152","C"
"4","Trait5","pKWmEB","PstI.TP1140029"," 1","19067860","","0.4193","A"
"4","Trait5","pKWmEB","NsiI.TP175150"," 1","19077723","","0.0168","A"
"4","Trait5","pKWmEB","PstI.TP844462"," 1","19077913","","1.4114","A"
"4","Trait5","pKWmEB","PstI.TP1188252"," 1","19077945","","0.1292","A"
"4","Trait5","pKWmEB","NsiI.TP60355"," 1","19090165","","0.1376","C"
"4","Trait5","pKWmEB","PstI.TP298371"," 1","19099334","","0.1144","A"
"4","Trait5","pKWmEB","NsiI.TP673534"," 1","19100277","","0.1341","A"
"4","Trait5","pKWmEB","NsiI.TP356370"," 1","19100329","","0.1518","C"
"4","Trait5","pKWmEB","PstI.TP458499"," 1","19100550","","0.5153","A"
"4","Trait5","pKWmEB","PstI.TP32567"," 1","19196244","","1.1224","C"
"4","Trait5","pKWmEB","PstI.TP402708"," 1","19244402","","1.6215","A"
"4","Trait5","pKWmEB","PstI.TP402677"," 1","19244412","","0.2624","A"
"4","Trait5","pKWmEB","PstI.TP216475"," 1","19256904","","0.0994","A"
"4","Trait5","pKWmEB","PstI.TP700265"," 1","19260692","","1.1614","A"
"4","Trait5","pKWmEB","NsiI.TP112078"," 1","19306902","","0.6238","A"
"4","Trait5","pKWmEB","PstI.TP1192096"," 1","19348919","","0.1337","A"
"4","Trait5","pKWmEB","NsiI.TP705647"," 1","19516496","","0.1604","G"
"4","Trait5","pKWmEB","PstI.TP48535"," 1","19526877","","0.9750","G"
"4","Trait5","pKWmEB","PstI.TP755111"," 1","19552506","","0.9691","C"
"4","Trait5","pKWmEB","PstI.TP104009"," 1","19553232","","1.0411","C"
"4","Trait5","pKWmEB","PstI.TP104004"," 1","19553251","","0.0285","G"
"4","Trait5","pKWmEB","PstI.TP64230"," 1","19553346","","0.7615","C"
"4","Trait5","pKWmEB","NsiI.TP764230"," 1","19561377","","0.5181","C"
"4","Trait5","pKWmEB","NsiI.TP800691"," 1","19575278","","0.0709","A"
"4","Trait5","pKWmEB","NsiI.TP113064"," 1","19596875","","1.2616","C"
"4","Trait5","pKWmEB","PstI.TP1217279"," 1","19627447","","0.2580","C"
"4","Trait5","pKWmEB","PstI.TP579186"," 1","19637965","","0.3750","C"
"4","Trait5","pKWmEB","PstI.TP360710"," 1","19693851","","0.1981","C"
"4","Trait5","pKWmEB","PstI.TP250169"," 1","19758326","","0.0990","G"
"4","Trait5","pKWmEB","NsiI.TP213305"," 1","19768755","","0.0267","A"
"4","Trait5","pKWmEB","NsiI.TP131452"," 1","19869319","","0.0111","C"
"4","Trait5","pKWmEB","NsiI.TP414865"," 1","19871236","","0.5125","A"
"4","Trait5","pKWmEB","PstI.TP689624"," 1","19885525","","0.5181","G"
"4","Trait5","pKWmEB","NsiI.TP698381"," 1","19909703","","0.1625","C"
"4","Trait5","pKWmEB","PstI.TP894707"," 1","19943755","","0.8476","A"
"4","Trait5","pKWmEB","PstI.TP574132"," 1","19943823","","0.9075","A"
"4","Trait5","pKWmEB","PstI.TP52776"," 1","19980086","","0.0964","A"
"4","Trait5","pKWmEB","NsiI.TP576208"," 1","19994793","","2.4464","A"
"4","Trait5","pKWmEB","PstI.TP598023"," 1","20000137","","0.4156","G"
"4","Trait5","pKWmEB","PstI.TP1110165"," 1","20001173","","0.2680","A"
"4","Trait5","pKWmEB","PstI.TP890955"," 1","20013544","","0.6452","A"
"4","Trait5","pKWmEB","PstI.TP890977"," 1","20013575","","1.2224","C"
"4","Trait5","pKWmEB","PstI.TP169317"," 1","20049961","","0.7503","C"
"4","Trait5","pKWmEB","PstI.TP976118"," 1","20051732","","0.6249","C"
"4","Trait5","pKWmEB","PstI.TP933340"," 1","20057917","","0.8732","G"
"4","Trait5","pKWmEB","NsiI.TP416977"," 1","20058002","","2.4163","C"
"4","Trait5","pKWmEB","PstI.TP1269238"," 1","20062856","","0.3635","A"
"4","Trait5","pKWmEB","PstI.TP1162242"," 1","20076811","","2.9018","A"
"4","Trait5","pKWmEB","PstI.TP183711"," 1","20086049","","0.2798","A"
"4","Trait5","pKWmEB","PstI.TP721601"," 1","20117900","","0.1536","G"
"4","Trait5","pKWmEB","PstI.TP1203204"," 1","20170473","","0.0904","A"
"4","Trait5","pKWmEB","NsiI.TP211576"," 1","20196980","","0.1518","A"
"4","Trait5","pKWmEB","PstI.TP581539"," 1","20198717","","1.5507","C"
"4","Trait5","pKWmEB","NsiI.TP319812"," 1","20221389","","0.0359","C"
"4","Trait5","pKWmEB","PstI.TP385421"," 1","20238710","","0.4209","A"
"4","Trait5","pKWmEB","NsiI.TP352570"," 1","20251715","","0.0998","C"
"4","Trait5","pKWmEB","NsiI.TP440927"," 1","20252244","","0.2513","A"
"4","Trait5","pKWmEB","PstI.TP119299"," 1","20256212","","1.1878","C"
"4","Trait5","pKWmEB","NsiI.TP494369"," 1","20266459","","0.5720","C"
"4","Trait5","pKWmEB","PstI.TP1221288"," 1","20300650","","0.2480","A"
"4","Trait5","pKWmEB","NsiI.TP418168"," 1","20328405","","0.7589","C"
"4","Trait5","pKWmEB","PstI.TP71479"," 1","20431664","","0.3031","A"
"4","Trait5","pKWmEB","PstI.TP14098"," 1","20563933","","0.0682","C"
"4","Trait5","pKWmEB","PstI.TP242889"," 1","20584686","","0.4951","A"
"4","Trait5","pKWmEB","NsiI.TP51631"," 1","20587907","","0.4837","C"
"4","Trait5","pKWmEB","NsiI.TP363937"," 1","20591680","","0.3794","C"
"4","Trait5","pKWmEB","NsiI.TP186723"," 1","20683744","","0.2209","A"
"4","Trait5","pKWmEB","PstI.TP1239144"," 1","20685889","","0.2645","C"
"4","Trait5","pKWmEB","PstI.TP861963"," 1","20685949","","1.7589","C"
"4","Trait5","pKWmEB","PstI.TP861964"," 1","20685961","","0.3283","A"
"4","Trait5","pKWmEB","NsiI.TP221754"," 1","20732688","","0.7454","C"
"4","Trait5","pKWmEB","NsiI.TP396900"," 1","20733511","","0.1228","A"
"4","Trait5","pKWmEB","PstI.TP692910"," 1","20750897","","1.6226","A"
"4","Trait5","pKWmEB","GFSSContig4787_601"," 1","20799071","","0.2679","A"
"4","Trait5","pKWmEB","PstI.TP187958"," 1","20807868","","0.1150","A"
"4","Trait5","pKWmEB","GFSSContig19471_685"," 1","20815453","","0.2679","C"
"4","Trait5","pKWmEB","PstI.TP449104"," 1","20843899","","0.0114","A"
"4","Trait5","pKWmEB","NsiI.TP665420"," 1","20878178","","2.1833","C"
"4","Trait5","pKWmEB","NsiI.TP502602"," 1","20932230","","0.4818","A"
"4","Trait5","pKWmEB","PstI.TP775660"," 1","20966649","","0.3048","A"
"4","Trait5","pKWmEB","PstI.TP980727"," 1","20986814","","0.3138","A"
"4","Trait5","pKWmEB","PstI.TP751380"," 1","21009178","","0.9311","A"
"4","Trait5","pKWmEB","NsiI.TP616011"," 1","21042200","","0.2624","A"
"4","Trait5","pKWmEB","NsiI.TP608895"," 1","21123105","","0.7992","C"
"4","Trait5","pKWmEB","NsiI.TP562524"," 1","21213159","","0.0616","A"
"4","Trait5","pKWmEB","PstI.TP851166"," 1","21305923","","0.0927","C"
"4","Trait5","pKWmEB","PstI.TP791712"," 1","21320307","","0.6616","C"
"4","Trait5","pKWmEB","NsiI.TP116456"," 1","21339197","","0.5660","G"
"4","Trait5","pKWmEB","NsiI.TP181017"," 1","21440904","","0.0080","C"
"4","Trait5","pKWmEB","PstI.TP269661"," 1","21444393","","0.3551","C"
"4","Trait5","pKWmEB","PstI.TP804333"," 1","21450705","","0.9182","C"
"4","Trait5","pKWmEB","PstI.TP82406"," 1","21456943","","0.0999","A"
"4","Trait5","pKWmEB","NsiI.TP813345"," 1","21499318","","0.2702","C"
"4","Trait5","pKWmEB","PstI.TP265375"," 1","21509659","","0.8383","A"
"4","Trait5","pKWmEB","NsiI.TP291566"," 1","21510033","","0.1558","A"
"4","Trait5","pKWmEB","NsiI.TP41463"," 1","21517429","","0.4008","C"
"4","Trait5","pKWmEB","PstI.TP31180"," 1","21521967","","0.4541","A"
"4","Trait5","pKWmEB","PstI.TP246926"," 1","21526787","","1.5686","C"
"4","Trait5","pKWmEB","PstI.TP265643"," 1","21534801","","0.0383","A"
"4","Trait5","pKWmEB","PstI.TP733780"," 1","21534851","","0.1391","A"
"4","Trait5","pKWmEB","PstI.TP31166"," 1","21535414","","0.7732","A"
"4","Trait5","pKWmEB","PstI.TP730593"," 1","21558474","","0.5172","A"
"4","Trait5","pKWmEB","NsiI.TP495000"," 1","21577084","","0.1634","A"
"4","Trait5","pKWmEB","PstI.TP976681"," 1","21596763","","0.0345","A"
"4","Trait5","pKWmEB","NsiI.TP509885"," 1","21597481","","0.1148","A"
"4","Trait5","pKWmEB","NsiI.TP331606"," 1","21598230","","0.8325","A"
"4","Trait5","pKWmEB","PstI.TP1222913"," 1","21606888","","0.1669","C"
"4","Trait5","pKWmEB","PstI.TP343978"," 1","21606944","","0.2111","G"
"4","Trait5","pKWmEB","NsiI.TP717159"," 1","21610202","","0.8833","G"
"4","Trait5","pKWmEB","NsiI.TP171370"," 1","21618374","","2.8712","A"
"4","Trait5","pKWmEB","PstI.TP198890"," 1","21626192","","0.3926","A"
"4","Trait5","pKWmEB","NsiI.TP621849"," 1","21679396","","0.4187","C"
"4","Trait5","pKWmEB","PstI.TP17760"," 1","21692123","","0.0990","A"
"4","Trait5","pKWmEB","NsiI.TP758628"," 1","21736568","","0.5019","A"
"4","Trait5","pKWmEB","NsiI.TP626225"," 1","21785011","","0.0544","C"
"4","Trait5","pKWmEB","NsiI.TP834121"," 1","21845560","","1.9655","A"
"4","Trait5","pKWmEB","NsiI.TP698023"," 1","21880339","","0.3415","C"
"4","Trait5","pKWmEB","PstI.TP1074331"," 1","21885836","","0.0038","A"
"4","Trait5","pKWmEB","PstI.TP119530"," 1","21888490","","0.1914","C"
"4","Trait5","pKWmEB","NsiI.TP124898"," 1","21921051","","0.4432","C"
"4","Trait5","pKWmEB","NsiI.TP403194"," 1","21945850","","0.4185","A"
"4","Trait5","pKWmEB","PstI.TP1254328"," 1","22098030","","0.5843","C"
"4","Trait5","pKWmEB","PstI.TP1254352"," 1","22098030","","0.6740","C"
"4","Trait5","pKWmEB","PstI.TP1254439"," 1","22098030","","0.2753","C"
"4","Trait5","pKWmEB","PstI.TP475168"," 1","22162401","","0.0484","C"
"4","Trait5","pKWmEB","PstI.TP667763"," 1","22192603","","0.6217","A"
"4","Trait5","pKWmEB","NsiI.TP161413"," 1","22222480","","0.1158","C"
"4","Trait5","pKWmEB","PstI.TP998401"," 1","22233896","","0.0481","A"
"4","Trait5","pKWmEB","PstI.TP493844"," 1","22248452","","1.1117","G"
"4","Trait5","pKWmEB","PstI.TP761935"," 1","22258955","","1.1625","A"
"4","Trait5","pKWmEB","PstI.TP90605"," 1","22269286","","1.0746","A"
"4","Trait5","pKWmEB","NsiI.TP760512"," 1","22274928","","0.0885","C"
"4","Trait5","pKWmEB","PstI.TP543648"," 1","22275588","","1.0238","C"
"4","Trait5","pKWmEB","PstI.TP686526"," 1","22331623","","0.0687","C"
"4","Trait5","pKWmEB","NsiI.TP736014"," 1","22331623","","0.6686","A"
"4","Trait5","pKWmEB","PstI.TP686527"," 1","22331630","","1.0805","A"
"4","Trait5","pKWmEB","PstI.TP1123560"," 1","22335081","","0.2233","C"
"4","Trait5","pKWmEB","NsiI.TP304101"," 1","22335385","","0.0771","C"
"4","Trait5","pKWmEB","NsiI.TP408788"," 1","22357510","","0.7050","A"
"4","Trait5","pKWmEB","NsiI.TP442728"," 1","22435882","","0.2012","G"
"4","Trait5","pKWmEB","NsiI.TP62704"," 1","22461830","","0.1703","C"
"4","Trait5","pKWmEB","NsiI.TP62703"," 1","22461871","","0.0268","A"
"4","Trait5","pKWmEB","PstI.TP20840"," 1","22571279","","0.6193","A"
"4","Trait5","pKWmEB","PstI.TP884268"," 1","22671173","","0.0803","C"
"4","Trait5","pKWmEB","NsiI.TP179553"," 1","22681787","","0.6262","C"
"4","Trait5","pKWmEB","NsiI.TP212379"," 1","22730922","","0.0256","C"
"4","Trait5","pKWmEB","NsiI.TP503471"," 1","22798219","","0.7046","C"
"4","Trait5","pKWmEB","NsiI.TP246767"," 1","22815883","","0.3453","A"
"4","Trait5","pKWmEB","PstI.TP1154991"," 1","22969451","","2.0307","C"
"4","Trait5","pKWmEB","PstI.TP1040925"," 1","23057306","","0.6616","G"
"4","Trait5","pKWmEB","PstI.TP726810"," 1","23057395","","0.2287","A"
"4","Trait5","pKWmEB","PstI.TP1133775"," 1","23057893","","0.0835","C"
"4","Trait5","pKWmEB","PstI.TP1133741"," 1","23057929","","0.7264","A"
"4","Trait5","pKWmEB","PstI.TP663223"," 1","23095352","","2.2755","A"
"4","Trait5","pKWmEB","PstI.TP876768"," 1","23246197","","0.0529","G"
"4","Trait5","pKWmEB","PstI.TP1020277"," 1","23246220","","1.0587","C"
"4","Trait5","pKWmEB","PstI.TP1106448"," 1","23276548","","0.8000","A"
"4","Trait5","pKWmEB","NsiI.TP376615"," 1","23369581","","1.3464","G"
"4","Trait5","pKWmEB","PstI.TP413554"," 1","23370056","","0.1289","A"
"4","Trait5","pKWmEB","NsiI.TP831456"," 1","23512118","","0.0053","C"
"4","Trait5","pKWmEB","PstI.TP1114341"," 1","23513036","","0.0294","A"
"4","Trait5","pKWmEB","NsiI.TP521439"," 1","23513091","","0.5980","A"
"4","Trait5","pKWmEB","PstI.TP1144827"," 1","23543304","","0.0791","C"
"4","Trait5","pKWmEB","PstI.TP420365"," 1","23556111","","0.4283","A"
"4","Trait5","pKWmEB","NsiI.TP674958"," 1","23556185","","0.4245","G"
"4","Trait5","pKWmEB","PstI.TP13739"," 1","23745287","","0.0316","A"
"4","Trait5","pKWmEB","PstI.TP13231"," 1","23745299","","0.5999","A"
"4","Trait5","pKWmEB","PstI.TP484228"," 1","23745334","","1.8005","C"
"4","Trait5","pKWmEB","PstI.TP1256502"," 1","23777666","","0.3965","A"
"4","Trait5","pKWmEB","NsiI.TP814348"," 1","23854028","","0.2883","A"
"4","Trait5","pKWmEB","PstI.TP871493"," 1","23884762","","0.0895","A"
"4","Trait5","pKWmEB","PstI.TP202565"," 1","23912623","","1.0522","A"
"4","Trait5","pKWmEB","PstI.TP985212"," 1","23912680","","0.2435","C"
"4","Trait5","pKWmEB","PstI.TP696637"," 1","23943590","","0.2838","G"
"4","Trait5","pKWmEB","NsiI.TP323761"," 1","23959003","","0.3158","A"
"4","Trait5","pKWmEB","GFSSContig17336_1550"," 1","23965526","","0.1106","T"
"4","Trait5","pKWmEB","PstI.TP884909"," 1","23972025","","0.0972","C"
"4","Trait5","pKWmEB","NsiI.TP428122"," 1","24190942","","0.2606","C"
"4","Trait5","pKWmEB","NsiI.TP242000"," 1","24212453","","1.1015","A"
"4","Trait5","pKWmEB","NsiI.TP539662"," 1","24405622","","0.8401","C"
"4","Trait5","pKWmEB","PstI.TP418337"," 1","24431944","","0.3655","C"
"4","Trait5","pKWmEB","PstI.TP418335"," 1","24431953","","0.8078","G"
"4","Trait5","pKWmEB","NsiI.TP248674"," 1","24465369","","0.0885","C"
"4","Trait5","pKWmEB","NsiI.TP628006"," 1","24471377","","0.0893","C"
"4","Trait5","pKWmEB","NsiI.TP643413"," 1","24476052","","0.2473","C"
"4","Trait5","pKWmEB","NsiI.TP812619"," 1","24481015","","0.9258","A"
"4","Trait5","pKWmEB","NsiI.TP681323"," 1","24522622","","0.6600","C"
"4","Trait5","pKWmEB","PstI.TP700409"," 1","24589061","","0.6004","A"
"4","Trait5","pKWmEB","PstI.TP283898"," 1","24589128","","0.0556","A"
"4","Trait5","pKWmEB","PstI.TP789478"," 1","24608035","","0.4603","A"
"4","Trait5","pKWmEB","PstI.TP1051892"," 1","24680518","","0.1448","C"
"4","Trait5","pKWmEB","NsiI.TP354424"," 1","24696627","","0.0287","G"
"4","Trait5","pKWmEB","PstI.TP136711"," 1","24697339","","1.6025","A"
"4","Trait5","pKWmEB","PstI.TP477936"," 1","24765218","","0.2329","C"
"4","Trait5","pKWmEB","NsiI.TP614612"," 1","24771257","","2.1700","C"
"4","Trait5","pKWmEB","PstI.TP1165429"," 1","24780813","","0.0853","C"
"4","Trait5","pKWmEB","NsiI.TP636354"," 1","24793038","","0.5586","A"
"4","Trait5","pKWmEB","NsiI.TP792909"," 1","24793039","","0.0810","A"
"4","Trait5","pKWmEB","NsiI.TP754954"," 1","24793080","","0.8359","A"
"4","Trait5","pKWmEB","NsiI.TP792915"," 1","24793083","","0.2009","A"
"4","Trait5","pKWmEB","PstI.TP583992"," 1","24802048","","0.2718","C"
"4","Trait5","pKWmEB","PstI.TP889430"," 1","24803164","","0.3269","A"
"4","Trait5","pKWmEB","PstI.TP1092153"," 1","24809634","","0.3208","C"
"4","Trait5","pKWmEB","NsiI.TP615699"," 1","24833300","","0.1039","C"
"4","Trait5","pKWmEB","PstI.TP197351"," 1","24876065","","0.1835","C"
"4","Trait5","pKWmEB","NsiI.TP269540"," 1","24901828","","0.1774","A"
"4","Trait5","pKWmEB","NsiI.TP633763"," 1","25034365","","1.0041","C"
"4","Trait5","pKWmEB","PstI.TP510443"," 1","25088662","","0.7513","G"
"4","Trait5","pKWmEB","PstI.TP183213"," 1","25117469","","0.7511","C"
"4","Trait5","pKWmEB","PstI.TP98839"," 1","25165051","","0.0547","C"
"4","Trait5","pKWmEB","NsiI.TP442212"," 1","25199008","","0.2418","A"
"4","Trait5","pKWmEB","PstI.TP53225"," 1","25200640","","0.1554","G"
"4","Trait5","pKWmEB","PstI.TP713933"," 1","25304804","","0.0682","A"
"4","Trait5","pKWmEB","PstI.TP412574"," 1","25335508","","0.9571","A"
"4","Trait5","pKWmEB","PstI.TP175730"," 1","25373881","","0.2324","C"
"4","Trait5","pKWmEB","PstI.TP455507"," 1","25454965","","0.2569","A"
"4","Trait5","pKWmEB","PstI.TP938342"," 1","25465702","","0.1231","A"
"4","Trait5","pKWmEB","PstI.TP543090"," 1","25480362","","0.5352","A"
"4","Trait5","pKWmEB","NsiI.TP440783"," 1","25487685","","0.3285","A"
"4","Trait5","pKWmEB","GFSSContig14236_783"," 1","25490866","","0.0607","C"
"4","Trait5","pKWmEB","PstI.TP370290"," 1","25497963","","0.4352","C"
"4","Trait5","pKWmEB","PstI.TP796726"," 1","25509474","","0.0507","C"
"4","Trait5","pKWmEB","NsiI.TP442344"," 1","25523877","","0.0593","C"
"4","Trait5","pKWmEB","PstI.TP592887"," 1","25527443","","0.1318","C"
"4","Trait5","pKWmEB","NsiI.TP388888"," 1","25587993","","0.1295","A"
"4","Trait5","pKWmEB","NsiI.TP446582"," 1","25591237","","0.0177","A"
"4","Trait5","pKWmEB","PstI.TP89975"," 1","25592124","","0.1168","A"
"4","Trait5","pKWmEB","NsiI.TP481995"," 1","25592128","","0.0187","G"
"4","Trait5","pKWmEB","NsiI.TP572024"," 1","25817159","","0.0809","G"
"4","Trait5","pKWmEB","PstI.TP942802"," 1","26010567","","0.2269","G"
"4","Trait5","pKWmEB","PstI.TP47054"," 1","26095269","","0.3319","A"
"4","Trait5","pKWmEB","PstI.TP1115586"," 1","26270446","","0.1307","A"
"4","Trait5","pKWmEB","NsiI.TP356169"," 1","26312357","","1.0848","C"
"4","Trait5","pKWmEB","PstI.TP1239196"," 1","26316791","","0.1163","A"
"4","Trait5","pKWmEB","NsiI.TP794858"," 1","26320711","","0.3714","A"
"4","Trait5","pKWmEB","PstI.TP1063835"," 1","26479377","","0.5107","A"
"4","Trait5","pKWmEB","NsiI.TP285879"," 1","26479498","","0.6271","A"
"4","Trait5","pKWmEB","NsiI.TP704474"," 1","26519309","","0.1209","A"
"4","Trait5","pKWmEB","NsiI.TP704475"," 1","26519314","","0.1181","G"
"4","Trait5","pKWmEB","GFSSContig7729_683"," 1","26554524","","0.1162","T"
"4","Trait5","pKWmEB","PstI.TP905794"," 1","26554618","","0.2101","C"
"4","Trait5","pKWmEB","NsiI.TP716491"," 1","26782151","","0.2784","C"
"4","Trait5","pKWmEB","NsiI.TP424885"," 1","26846480","","0.0408","A"
"4","Trait5","pKWmEB","PstI.TP21552"," 1","26847368","","0.2910","A"
"4","Trait5","pKWmEB","PstI.TP757921"," 1","26848011","","0.6198","A"
"4","Trait5","pKWmEB","PstI.TP1217912"," 1","26851894","","0.8190","C"
"4","Trait5","pKWmEB","PstI.TP1235653"," 1","26856510","","0.0307","A"
"4","Trait5","pKWmEB","NsiI.TP378252"," 1","26880821","","0.5351","A"
"4","Trait5","pKWmEB","PstI.TP400020"," 1","26901825","","0.1139","A"
"4","Trait5","pKWmEB","PstI.TP19694"," 1","26927564","","0.7136","A"
"4","Trait5","pKWmEB","PstI.TP402314"," 1","26932166","","0.9402","G"
"4","Trait5","pKWmEB","PstI.TP400818"," 1","26932208","","1.2760","A"
"4","Trait5","pKWmEB","PstI.TP320357"," 1","26934148","","1.1451","A"
"4","Trait5","pKWmEB","NsiI.TP344815"," 1","27077303","","1.1519","A"
"4","Trait5","pKWmEB","PstI.TP118116"," 1","27080557","","0.3809","C"
"4","Trait5","pKWmEB","PstI.TP483670"," 1","27130763","","0.1245","A"
"4","Trait5","pKWmEB","PstI.TP709296"," 1","27152329","","0.8010","C"
"4","Trait5","pKWmEB","PstI.TP288641"," 1","27158173","","0.2036","A"
"4","Trait5","pKWmEB","PstI.TP364380"," 1","27181483","","0.0307","A"
"4","Trait5","pKWmEB","PstI.TP52665"," 1","27201505","","0.3041","A"
"4","Trait5","pKWmEB","NsiI.TP161949"," 1","27353507","","0.3216","C"
"4","Trait5","pKWmEB","NsiI.TP631800"," 1","27359405","","0.1882","A"
"4","Trait5","pKWmEB","NsiI.TP682778"," 1","27363743","","0.4818","C"
"4","Trait5","pKWmEB","NsiI.TP233987"," 1","27364229","","0.1792","A"
"4","Trait5","pKWmEB","NsiI.TP622806"," 1","27365125","","0.2777","C"
"4","Trait5","pKWmEB","PstI.TP635703"," 1","27368323","","0.0873","A"
"4","Trait5","pKWmEB","PstI.TP1227908"," 1","27374280","","0.5276","C"
"4","Trait5","pKWmEB","NsiI.TP22822"," 1","27423923","","1.1040","C"
"4","Trait5","pKWmEB","PstI.TP308752"," 1","27449641","","0.9807","G"
"4","Trait5","pKWmEB","PstI.TP626212"," 1","27543084","","0.6585","C"
"4","Trait5","pKWmEB","PstI.TP393655"," 1","27733652","","0.0623","G"
"4","Trait5","pKWmEB","NsiI.TP701632"," 1","27877395","","0.8482","A"
"4","Trait5","pKWmEB","PstI.TP830920"," 1","27988897","","3.2224","C"
"4","Trait5","pKWmEB","NsiI.TP303366"," 1","28076885","","0.1829","A"
"4","Trait5","pKWmEB","PstI.TP128835"," 1","28077998","","0.2393","C"
"4","Trait5","pKWmEB","NsiI.TP303265"," 1","28198704","","0.8025","A"
"4","Trait5","pKWmEB","PstI.TP176880"," 1","28241729","","1.2863","A"
"4","Trait5","pKWmEB","NsiI.TP787288"," 1","28276912","","0.9488","A"
"4","Trait5","pKWmEB","NsiI.TP792352"," 1","28276916","","0.4093","A"
"4","Trait5","pKWmEB","NsiI.TP788658"," 1","28276918","","1.8912","A"
"4","Trait5","pKWmEB","NsiI.TP789014"," 1","28276920","","0.8307","A"
"4","Trait5","pKWmEB","NsiI.TP788860"," 1","28276960","","0.4288","G"
"4","Trait5","pKWmEB","NsiI.TP113555"," 1","28448779","","0.2530","A"
"4","Trait5","pKWmEB","NsiI.TP499188"," 1","28678132","","0.5803","A"
"4","Trait5","pKWmEB","PstI.TP376790"," 1","28681754","","0.5012","C"
"4","Trait5","pKWmEB","PstI.TP896979"," 1","28970255","","0.5627","G"
"4","Trait5","pKWmEB","NsiI.TP117794"," 1","29000859","","0.5091","C"
"4","Trait5","pKWmEB","PstI.TP45802"," 1","29365878","","1.6841","A"
"4","Trait5","pKWmEB","PstI.TP736666"," 1","29404566","","0.6719","A"
"4","Trait5","pKWmEB","NsiI.TP425431"," 1","29611471","","0.9758","A"
"4","Trait5","pKWmEB","PstI.TP835294"," 1","29611742","","0.7008","C"
"4","Trait5","pKWmEB","NsiI.TP633588"," 1","29778455","","0.0521","A"
"4","Trait5","pKWmEB","NsiI.TP39290"," 1","30218094","","0.1624","A"
"4","Trait5","pKWmEB","NsiI.TP177297"," 1","30377847","","0.4760","A"
"4","Trait5","pKWmEB","PstI.TP150197"," 1","30650620","","1.1189","G"
"4","Trait5","pKWmEB","PstI.TP58145"," 1","30654828","","0.8245","C"
"4","Trait5","pKWmEB","PstI.TP31070"," 1","30825121","","0.2823","C"
"4","Trait5","pKWmEB","NsiI.TP61845"," 1","30836654","","0.7988","C"
"4","Trait5","pKWmEB","PstI.TP1132123"," 1","31011863","","0.3908","C"
"4","Trait5","pKWmEB","NsiI.TP420617"," 1","31035254","","0.1866","G"
"4","Trait5","pKWmEB","PstI.TP510044"," 1","31327463","","0.0504","C"
"4","Trait5","pKWmEB","PstI.TP1161943"," 1","31327654","","0.1376","G"
"4","Trait5","pKWmEB","PstI.TP277079"," 1","31345380","","0.0835","A"
"4","Trait5","pKWmEB","PstI.TP552564"," 1","31345670","","0.3174","C"
"4","Trait5","pKWmEB","NsiI.TP394009"," 1","33797640","","0.0184","A"
"4","Trait5","pKWmEB","PstI.TP711666"," 1","34470259","","0.3156","C"
"4","Trait5","pKWmEB","PstI.TP447726"," 1","34500570","","0.3731","A"
"4","Trait5","pKWmEB","NsiI.TP142936"," 1","35940462","","0.5120","C"
"4","Trait5","pKWmEB","PstI.TP1159015"," 1","36160534","","0.2109","C"
"4","Trait5","pKWmEB","NsiI.TP375233"," 1","37427919","","0.1249","A"
"4","Trait5","pKWmEB","NsiI.TP725781"," 1","37725091","","0.3507","C"
"4","Trait5","pKWmEB","PstI.TP20869"," 1","39514067","","0.2721","A"
"4","Trait5","pKWmEB","NsiI.TP305483"," 1","39984940","","2.3941","G"
"4","Trait5","pKWmEB","NsiI.TP678897"," 1","45967425","","0.0027","C"
"4","Trait5","pKWmEB","NsiI.TP217547"," 1","45967901","","0.6607","A"
"4","Trait5","pKWmEB","NsiI.TP414962"," 1","46184765","","0.1455","C"
"4","Trait5","pKWmEB","PstI.TP231608"," 1","46403489","","0.2085","A"
"4","Trait5","pKWmEB","PstI.TP1213378"," 1","46786394","","0.2789","C"
"4","Trait5","pKWmEB","PstI.TP925101"," 1","47183326","","0.2056","C"
"4","Trait5","pKWmEB","PstI.TP850652"," 1","49250616","","0.5528","C"
"4","Trait5","pKWmEB","NsiI.TP601373"," 1","49722390","","0.9474","C"
"4","Trait5","pKWmEB","PstI.TP286748"," 1","49731278","","0.0430","A"
"4","Trait5","pKWmEB","NsiI.TP783625"," 1","49738878","","0.1434","C"
"4","Trait5","pKWmEB","PstI.TP261824"," 1","50142562","","0.1101","A"
"4","Trait5","pKWmEB","PstI.TP1189297"," 1","50142670","","0.3688","A"
"4","Trait5","pKWmEB","PstI.TP1162168"," 1","50144561","","0.9413","A"
"4","Trait5","pKWmEB","NsiI.TP410418"," 1","50177681","","0.1291","A"
"4","Trait5","pKWmEB","PstI.TP122157"," 1","50223254","","0.2036","A"
"4","Trait5","pKWmEB","PstI.TP757744"," 1","50223956","","0.1904","G"
"4","Trait5","pKWmEB","PstI.TP109752"," 1","50256891","","0.2661","A"
"4","Trait5","pKWmEB","NsiI.TP95070"," 1","50298058","","0.1579","A"
"4","Trait5","pKWmEB","NsiI.TP594451"," 1","50298081","","0.0074","A"
"4","Trait5","pKWmEB","NsiI.TP443000"," 1","50535023","","0.4191","C"
"4","Trait5","pKWmEB","PstI.TP1196177"," 1","50596952","","0.0087","A"
"4","Trait5","pKWmEB","PstI.TP15026"," 1","50852743","","0.3253","A"
"4","Trait5","pKWmEB","PstI.TP15027"," 1","50852753","","0.4318","C"
"4","Trait5","pKWmEB","NsiI.TP558322"," 1","50863891","","0.4008","C"
"4","Trait5","pKWmEB","NsiI.TP717647"," 1","50889702","","0.3699","A"
"4","Trait5","pKWmEB","NsiI.TP489333"," 1","50910297","","2.8007","C"
"4","Trait5","pKWmEB","NsiI.TP438157"," 1","51067369","","0.1693","A"
"4","Trait5","pKWmEB","PstI.TP1150172"," 1","51067431","","0.5580","A"
"4","Trait5","pKWmEB","PstI.TP473185"," 1","51128441","","0.1863","A"
"4","Trait5","pKWmEB","NsiI.TP30868"," 1","51136397","","0.6886","G"
"4","Trait5","pKWmEB","PstI.TP387658"," 1","51186931","","0.8987","C"
"4","Trait5","pKWmEB","NsiI.TP523435"," 1","51273694","","0.6767","G"
"4","Trait5","pKWmEB","NsiI.TP386556"," 1","51589796","","0.2546","A"
"4","Trait5","pKWmEB","PstI.TP707940"," 1","51590033","","0.6270","C"
"4","Trait5","pKWmEB","PstI.TP738167"," 1","51590112","","0.4795","A"
"4","Trait5","pKWmEB","NsiI.TP436040"," 1","51631285","","0.1642","C"
"4","Trait5","pKWmEB","NsiI.TP659107"," 1","51888662","","0.0867","C"
"4","Trait5","pKWmEB","PstI.TP1138376"," 1","51888724","","0.6000","A"
"4","Trait5","pKWmEB","PstI.TP616894"," 1","51889049","","0.8233","C"
"4","Trait5","pKWmEB","PstI.TP481755"," 1","51889649","","0.0224","G"
"4","Trait5","pKWmEB","NsiI.TP36031"," 1","51889699","","0.3809","C"
"4","Trait5","pKWmEB","NsiI.TP325274"," 1","52033692","","0.8259","G"
"4","Trait5","pKWmEB","PstI.TP195721"," 1","52255702","","1.2591","C"
"4","Trait5","pKWmEB","PstI.TP237512"," 1","52255782","","0.1781","A"
"4","Trait5","pKWmEB","NsiI.TP1182"," 1","52274424","","0.5144","C"
"4","Trait5","pKWmEB","NsiI.TP493667"," 1","52329021","","0.4357","C"
"4","Trait5","pKWmEB","NsiI.TP350556"," 1","52759595","","0.7590","C"
"4","Trait5","pKWmEB","NsiI.TP215254"," 1","52805646","","0.5365","C"
"4","Trait5","pKWmEB","PstI.TP452799"," 1","52828554","","0.1204","A"
"4","Trait5","pKWmEB","NsiI.TP754725"," 1","52870061","","0.2946","A"
"4","Trait5","pKWmEB","PstI.TP434972"," 1","52873107","","0.2549","G"
"4","Trait5","pKWmEB","NsiI.TP672641"," 1","52874403","","0.8104","C"
"4","Trait5","pKWmEB","NsiI.TP672765"," 1","52874420","","0.5012","A"
"4","Trait5","pKWmEB","PstI.TP1041358"," 1","52903806","","0.2178","G"
"4","Trait5","pKWmEB","NsiI.TP124457"," 1","52929191","","0.1568","C"
"4","Trait5","pKWmEB","NsiI.TP779723"," 1","53110208","","0.1765","C"
"4","Trait5","pKWmEB","PstI.TP1134497"," 1","53143016","","0.5543","C"
"4","Trait5","pKWmEB","PstI.TP506147"," 1","53144699","","0.2563","C"
"4","Trait5","pKWmEB","PstI.TP923960"," 1","53144705","","0.8077","C"
"4","Trait5","pKWmEB","NsiI.TP67753"," 1","53203995","","0.4125","A"
"4","Trait5","pKWmEB","PstI.TP132834"," 1","53395351","","0.2751","A"
"4","Trait5","pKWmEB","PstI.TP920319"," 1","53454385","","0.3520","G"
"4","Trait5","pKWmEB","NsiI.TP715565"," 1","53455190","","0.5621","A"
"4","Trait5","pKWmEB","PstI.TP643290"," 1","53455562","","0.9023","A"
"4","Trait5","pKWmEB","PstI.TP692806"," 1","53793051","","0.5181","A"
"4","Trait5","pKWmEB","GFSSContig19568_1644"," 1","53884459","","0.4176","T"
"4","Trait5","pKWmEB","PstI.TP486350"," 1","53986066","","0.0960","C"
"4","Trait5","pKWmEB","PstI.TP486349"," 1","53986102","","0.7988","C"
"4","Trait5","pKWmEB","NsiI.TP336194"," 1","54025268","","0.6477","A"
"4","Trait5","pKWmEB","PstI.TP378778"," 1","54121051","","0.0116","G"
"4","Trait5","pKWmEB","NsiI.TP177228"," 1","54134389","","0.0071","A"
"4","Trait5","pKWmEB","NsiI.TP157484"," 1","54192727","","0.0102","C"
"4","Trait5","pKWmEB","PstI.TP618473"," 1","54300788","","0.3017","C"
"4","Trait5","pKWmEB","NsiI.TP22558"," 1","54384283","","0.0731","C"
"4","Trait5","pKWmEB","NsiI.TP650193"," 1","54384290","","0.3519","A"
"4","Trait5","pKWmEB","NsiI.TP519581"," 1","54384302","","0.0018","A"
"4","Trait5","pKWmEB","NsiI.TP22553"," 1","54384316","","1.1084","C"
"4","Trait5","pKWmEB","NsiI.TP586800"," 1","54384326","","0.1997","C"
"4","Trait5","pKWmEB","PstI.TP1274651"," 1","54391000","","0.0334","G"
"4","Trait5","pKWmEB","NsiI.TP625965"," 1","54631020","","0.1245","G"
"4","Trait5","pKWmEB","PstI.TP506173"," 1","54722183","","0.1902","C"
"4","Trait5","pKWmEB","NsiI.TP619862"," 1","54736785","","2.2285","C"
"4","Trait5","pKWmEB","NsiI.TP120966"," 1","54752370","","0.0201","A"
"4","Trait5","pKWmEB","NsiI.TP160863"," 1","54752388","","0.8518","C"
"4","Trait5","pKWmEB","PstI.TP665440"," 1","54999158","","2.1319","A"
"4","Trait5","pKWmEB","PstI.TP665437"," 1","54999161","","1.1459","C"
"4","Trait5","pKWmEB","PstI.TP744195"," 1","54999176","","0.7751","C"
"4","Trait5","pKWmEB","PstI.TP1021663"," 1","55052456","","0.4893","A"
"4","Trait5","pKWmEB","PstI.TP1262692"," 1","55104350","","0.2882","C"
"4","Trait5","pKWmEB","NsiI.TP421581"," 1","55104513","","0.5728","A"
"4","Trait5","pKWmEB","NsiI.TP432889"," 1","55125416","","0.9097","A"
"4","Trait5","pKWmEB","NsiI.TP787179"," 1","55180451","","0.6440","A"
"4","Trait5","pKWmEB","NsiI.TP485052"," 1","55296514","","0.0174","A"
"4","Trait5","pKWmEB","NsiI.TP450087"," 1","55415304","","0.2863","G"
"4","Trait5","pKWmEB","PstI.TP729720"," 1","55464084","","0.5566","A"
"4","Trait5","pKWmEB","NsiI.TP797168"," 1","55471144","","0.1229","A"
"4","Trait5","pKWmEB","NsiI.TP642020"," 1","55483764","","0.1807","A"
"4","Trait5","pKWmEB","PstI.TP941231"," 1","55563415","","0.7968","C"
"4","Trait5","pKWmEB","PstI.TP15074"," 1","55573654","","1.1291","A"
"4","Trait5","pKWmEB","NsiI.TP808101"," 1","55581036","","0.1382","A"
"4","Trait5","pKWmEB","NsiI.TP45485"," 1","55585048","","0.0260","A"
"4","Trait5","pKWmEB","NsiI.TP386711"," 1","55586122","","0.9446","A"
"4","Trait5","pKWmEB","NsiI.TP386759"," 1","55589297","","0.9136","G"
"4","Trait5","pKWmEB","PstI.TP87709"," 1","55612897","","1.3715","C"
"4","Trait5","pKWmEB","PstI.TP301725"," 1","55683570","","0.6054","A"
"4","Trait5","pKWmEB","PstI.TP160672"," 1","55685308","","0.8587","A"
"4","Trait5","pKWmEB","NsiI.TP24945"," 1","55705522","","1.4149","A"
"4","Trait5","pKWmEB","NsiI.TP724007"," 1","55711703","","0.4756","C"
"4","Trait5","pKWmEB","NsiI.TP369163"," 1","55813566","","0.3941","C"
"4","Trait5","pKWmEB","NsiI.TP369159"," 1","55813567","","0.5944","A"
"4","Trait5","pKWmEB","PstI.TP21677"," 1","55813664","","0.6313","A"
"4","Trait5","pKWmEB","NsiI.TP587390"," 1","55819070","","0.6874","A"
"4","Trait5","pKWmEB","NsiI.TP110253"," 1","55824124","","0.9198","C"
"4","Trait5","pKWmEB","NsiI.TP212377"," 1","55830093","","0.3229","C"
"4","Trait5","pKWmEB","PstI.TP687051"," 1","55830875","","0.0134","C"
"4","Trait5","pKWmEB","PstI.TP432584"," 1","55856314","","1.1691","C"
"4","Trait5","pKWmEB","PstI.TP189059"," 1","55881763","","0.1209","C"
"4","Trait5","pKWmEB","NsiI.TP37840"," 1","55886039","","0.3371","A"
"4","Trait5","pKWmEB","PstI.TP503707"," 1","55923841","","0.8089","A"
"4","Trait5","pKWmEB","NsiI.TP31929"," 1","55925238","","0.2409","C"
"4","Trait5","pKWmEB","NsiI.TP175336"," 1","56033904","","0.3496","A"
"4","Trait5","pKWmEB","PstI.TP292366"," 1","56035164","","0.8662","C"
"4","Trait5","pKWmEB","PstI.TP1065657"," 1","56061646","","0.2471","C"
"4","Trait5","pKWmEB","PstI.TP1065658"," 1","56061666","","0.5781","A"
"4","Trait5","pKWmEB","NsiI.TP488682"," 1","56063834","","0.0592","A"
"4","Trait5","pKWmEB","NsiI.TP662909"," 1","56193172","","0.6252","A"
"4","Trait5","pKWmEB","NsiI.TP241069"," 1","56195369","","0.1068","G"
"4","Trait5","pKWmEB","NsiI.TP819478"," 1","56196947","","0.4982","C"
"4","Trait5","pKWmEB","NsiI.TP110819"," 1","56199649","","1.4355","A"
"4","Trait5","pKWmEB","PstI.TP1178077"," 1","56201122","","0.5827","C"
"4","Trait5","pKWmEB","PstI.TP1224014"," 1","56225691","","0.3797","A"
"4","Trait5","pKWmEB","PstI.TP164210"," 1","56226416","","0.4234","A"
"4","Trait5","pKWmEB","NsiI.TP214374"," 1","56256265","","0.3174","G"
"4","Trait5","pKWmEB","PstI.TP1167747"," 1","56262223","","0.5374","A"
"4","Trait5","pKWmEB","PstI.TP1007712"," 1","56295361","","0.7216","A"
"4","Trait5","pKWmEB","PstI.TP969427"," 1","56297222","","0.0627","C"
"4","Trait5","pKWmEB","PstI.TP1255073"," 1","56318472","","0.1486","C"
"4","Trait5","pKWmEB","PstI.TP868323"," 1","56319033","","0.1485","A"
"4","Trait5","pKWmEB","PstI.TP309283"," 1","56385216","","0.6463","A"
"4","Trait5","pKWmEB","PstI.TP1275574"," 1","56412571","","1.0396","C"
"4","Trait5","pKWmEB","NsiI.TP629408"," 1","56453536","","0.0958","G"
"4","Trait5","pKWmEB","NsiI.TP742789"," 1","56568036","","0.4568","A"
"4","Trait5","pKWmEB","NsiI.TP565063"," 1","56578610","","0.7008","G"
"4","Trait5","pKWmEB","PstI.TP375706"," 1","56627262","","0.4317","A"
"4","Trait5","pKWmEB","NsiI.TP341652"," 1","56679136","","1.3940","C"
"4","Trait5","pKWmEB","NsiI.TP201262"," 1","56730502","","0.6277","A"
"4","Trait5","pKWmEB","NsiI.TP326816"," 1","56731318","","0.2920","C"
"4","Trait5","pKWmEB","NsiI.TP195507"," 1","56731722","","0.5292","C"
"4","Trait5","pKWmEB","PstI.TP1016838"," 1","56734725","","0.1648","A"
"4","Trait5","pKWmEB","PstI.TP131457"," 1","56735080","","0.4069","C"
"4","Trait5","pKWmEB","NsiI.TP824820"," 1","56735765","","0.6096","A"
"4","Trait5","pKWmEB","GFSSContig10130_795"," 1","56767016","","0.1491","A"
"4","Trait5","pKWmEB","PstI.TP36444"," 1","56771106","","0.0910","A"
"4","Trait5","pKWmEB","NsiI.TP797918"," 1","56793400","","0.3681","A"
"4","Trait5","pKWmEB","NsiI.TP770450"," 1","56795757","","0.2013","C"
"4","Trait5","pKWmEB","GFSSContig14911_734"," 1","56797111","","0.1912","A"
"4","Trait5","pKWmEB","NsiI.TP42868"," 1","56808984","","0.0568","C"
"4","Trait5","pKWmEB","PstI.TP1060907"," 1","56815300","","0.0294","A"
"4","Trait5","pKWmEB","PstI.TP757895"," 1","56852520","","1.0783","A"
"4","Trait5","pKWmEB","NsiI.TP530218"," 1","56852817","","0.4372","A"
"4","Trait5","pKWmEB","PstI.TP822327"," 1","56871868","","0.0113","A"
"4","Trait5","pKWmEB","PstI.TP62793"," 1","56902432","","0.2863","C"
"4","Trait5","pKWmEB","NsiI.TP273243"," 1","56909502","","0.1387","A"
"4","Trait5","pKWmEB","PstI.TP8983"," 1","56910028","","1.1143","A"
"4","Trait5","pKWmEB","PstI.TP377200"," 1","56910407","","0.1992","G"
"4","Trait5","pKWmEB","NsiI.TP367681"," 1","56912027","","1.2519","A"
"4","Trait5","pKWmEB","PstI.TP846532"," 1","56947153","","0.0343","G"
"4","Trait5","pKWmEB","NsiI.TP521486"," 1","56983058","","0.2145","G"
"4","Trait5","pKWmEB","NsiI.TP521487"," 1","56983060","","0.0752","G"
"4","Trait5","pKWmEB","PstI.TP78286"," 1","56993333","","0.0063","C"
"4","Trait5","pKWmEB","PstI.TP1041006"," 1","57001520","","0.8692","C"
"4","Trait5","pKWmEB","NsiI.TP640983"," 1","57076989","","0.1129","C"
"4","Trait5","pKWmEB","PstI.TP736510"," 1","57078421","","0.3965","C"
"4","Trait5","pKWmEB","NsiI.TP410076"," 1","57085643","","0.2326","A"
"4","Trait5","pKWmEB","NsiI.TP235916"," 1","57088539","","0.1187","C"
"4","Trait5","pKWmEB","PstI.TP1106426"," 1","57091175","","0.0465","A"
"4","Trait5","pKWmEB","NsiI.TP129226"," 1","57114013","","0.4169","A"
"4","Trait5","pKWmEB","PstI.TP1282088"," 1","57117988","","0.0531","G"
"4","Trait5","pKWmEB","PstI.TP330137"," 1","57129372","","0.0198","A"
"4","Trait5","pKWmEB","PstI.TP798526"," 1","57130081","","0.0314","C"
"4","Trait5","pKWmEB","PstI.TP807213"," 1","57183105","","0.6319","C"
"4","Trait5","pKWmEB","PstI.TP1165736"," 1","57192298","","0.1010","C"
"4","Trait5","pKWmEB","SSk35ctg124514_137"," 1","57192302","","0.1323","T"
"4","Trait5","pKWmEB","NsiI.TP466224"," 1","57193737","","0.6348","C"
"4","Trait5","pKWmEB","PstI.TP35482"," 1","57202156","","0.2197","A"
"4","Trait5","pKWmEB","PstI.TP814028"," 1","57202623","","0.6993","C"
"4","Trait5","pKWmEB","PstI.TP691006"," 1","57215615","","0.3789","C"
"4","Trait5","pKWmEB","NsiI.TP816328"," 1","57218194","","1.2040","A"
"4","Trait5","pKWmEB","NsiI.TP204200"," 1","57218258","","0.0968","C"
"4","Trait5","pKWmEB","PstI.TP7548"," 1","57222160","","0.5100","C"
"4","Trait5","pKWmEB","PstI.TP782114"," 1","57225536","","0.3748","A"
"4","Trait5","pKWmEB","PstI.TP352896"," 1","57282460","","1.3870","A"
"4","Trait5","pKWmEB","PstI.TP264010"," 1","57283338","","0.6387","A"
"4","Trait5","pKWmEB","PstI.TP264009"," 1","57283379","","0.4585","A"
"4","Trait5","pKWmEB","PstI.TP945756"," 1","57314106","","0.5297","A"
"4","Trait5","pKWmEB","PstI.TP445858"," 1","57330069","","0.8154","C"
"4","Trait5","pKWmEB","PstI.TP1229332"," 1","57346693","","1.2809","G"
"4","Trait5","pKWmEB","PstI.TP1228785"," 1","57346707","","0.0274","A"
"4","Trait5","pKWmEB","PstI.TP550962"," 1","57353770","","0.1909","A"
"4","Trait5","pKWmEB","NsiI.TP673967"," 1","57364380","","0.0264","A"
"4","Trait5","pKWmEB","PstI.TP96755"," 1","57367730","","0.1410","C"
"4","Trait5","pKWmEB","PstI.TP210339"," 1","57367748","","0.1267","C"
"4","Trait5","pKWmEB","PstI.TP184844"," 1","57374590","","0.1801","A"
"4","Trait5","pKWmEB","PstI.TP1248141"," 1","57379416","","0.3472","C"
"4","Trait5","pKWmEB","PstI.TP1081593"," 1","57396337","","0.0520","A"
"4","Trait5","pKWmEB","NsiI.TP459313"," 1","57397568","","0.7868","A"
"4","Trait5","pKWmEB","PstI.TP968463"," 1","57418406","","0.1984","A"
"4","Trait5","pKWmEB","NsiI.TP457313"," 1","57418702","","0.2792","C"
"4","Trait5","pKWmEB","NsiI.TP520920"," 1","57490898","","0.1369","A"
"4","Trait5","pKWmEB","NsiI.TP749897"," 1","57496162","","0.5467","A"
"4","Trait5","pKWmEB","NsiI.TP758763"," 1","57499558","","0.8639","G"
"4","Trait5","pKWmEB","PstI.TP315329"," 1","57536015","","1.2683","A"
"4","Trait5","pKWmEB","NsiI.TP105693"," 1","57577600","","0.0163","C"
"4","Trait5","pKWmEB","PstI.TP1152180"," 1","57665941","","0.1663","C"
"4","Trait5","pKWmEB","PstI.TP1152182"," 1","57665957","","0.2032","C"
"4","Trait5","pKWmEB","PstI.TP213877"," 1","57679539","","0.2221","C"
"4","Trait5","pKWmEB","NsiI.TP755202"," 1","57718474","","0.1180","C"
"4","Trait5","pKWmEB","PstI.TP990494"," 1","57720038","","0.2581","A"
"4","Trait5","pKWmEB","NsiI.TP441589"," 1","57721177","","1.4095","C"
"4","Trait5","pKWmEB","PstI.TP32197"," 1","57776452","","0.3820","A"
"4","Trait5","pKWmEB","NsiI.TP46196"," 1","57778864","","0.2881","C"
"4","Trait5","pKWmEB","NsiI.TP345054"," 1","57816926","","0.0548","A"
"4","Trait5","pKWmEB","NsiI.TP489836"," 1","57849492","","0.2309","C"
"4","Trait5","pKWmEB","PstI.TP34270"," 1","57851637","","0.2997","G"
"4","Trait5","pKWmEB","NsiI.TP524987"," 1","57865941","","0.1252","A"
"4","Trait5","pKWmEB","NsiI.TP56806"," 1","57874750","","0.7397","C"
"4","Trait5","pKWmEB","PstI.TP9065"," 1","57881166","","0.0762","A"
"4","Trait5","pKWmEB","PstI.TP1290130"," 1","57881907","","1.1094","C"
"4","Trait5","pKWmEB","NsiI.TP467560"," 1","57895232","","0.6559","A"
"4","Trait5","pKWmEB","NsiI.TP421863"," 1","57943909","","1.5295","C"
"4","Trait5","pKWmEB","PstI.TP382058"," 1","57952174","","0.2609","A"
"4","Trait5","pKWmEB","PstI.TP708344"," 1","57964831","","0.5947","A"
"4","Trait5","pKWmEB","NsiI.TP186149"," 1","58019864","","0.2957","A"
"4","Trait5","pKWmEB","PstI.TP1261332"," 1","58045052","","0.1576","A"
"4","Trait5","pKWmEB","NsiI.TP413314"," 1","58050134","","0.0162","A"
"4","Trait5","pKWmEB","NsiI.TP675235"," 1","58051745","","0.5036","A"
"4","Trait5","pKWmEB","PstI.TP253036"," 1","58055728","","0.1399","A"
"4","Trait5","pKWmEB","NsiI.TP427434"," 1","58058621","","0.4048","C"
"4","Trait5","pKWmEB","NsiI.TP211926"," 1","58061383","","0.5911","C"
"4","Trait5","pKWmEB","PstI.TP801445"," 1","58073819","","0.7996","C"
"4","Trait5","pKWmEB","NsiI.TP575795"," 1","58162267","","0.2583","C"
"4","Trait5","pKWmEB","PstI.TP720409"," 1","58165134","","0.1356","C"
"4","Trait5","pKWmEB","PstI.TP306310"," 1","58165810","","0.4057","C"
"4","Trait5","pKWmEB","PstI.TP499034"," 1","58167106","","1.3400","A"
"4","Trait5","pKWmEB","NsiI.TP37952"," 1","58175407","","0.1176","A"
"4","Trait5","pKWmEB","NsiI.TP471887"," 1","58194653","","0.1211","C"
"4","Trait5","pKWmEB","PstI.TP1024616"," 1","58201435","","0.1818","A"
"4","Trait5","pKWmEB","PstI.TP144616"," 1","58204165","","0.1101","A"
"4","Trait5","pKWmEB","PstI.TP1113029"," 1","58204202","","0.5154","C"
"4","Trait5","pKWmEB","PstI.TP894259"," 1","58263461","","0.0685","C"
"4","Trait5","pKWmEB","NsiI.TP20336"," 1","58285925","","0.4665","C"
"4","Trait5","pKWmEB","PstI.TP178720"," 1","58289912","","1.0099","C"
"4","Trait5","pKWmEB","NsiI.TP121548"," 1","58302095","","0.1993","C"
"4","Trait5","pKWmEB","GFSSContig240_200"," 1","58341822","","0.6719","A"
"4","Trait5","pKWmEB","NsiI.TP326794"," 1","58346265","","0.2480","C"
"4","Trait5","pKWmEB","PstI.TP607895"," 1","58398018","","0.4498","C"
"4","Trait5","pKWmEB","PstI.TP178092"," 1","58465542","","0.2256","C"
"4","Trait5","pKWmEB","PstI.TP1205830"," 1","58490873","","0.0253","C"
"4","Trait5","pKWmEB","NsiI.TP483075"," 1","58536723","","1.5828","A"
"4","Trait5","pKWmEB","NsiI.TP432955"," 1","58612378","","1.1108","C"
"4","Trait5","pKWmEB","NsiI.TP441879"," 1","58612386","","0.6191","A"
"4","Trait5","pKWmEB","NsiI.TP272368"," 1","58622242","","1.0716","G"
"4","Trait5","pKWmEB","NsiI.TP224601"," 1","58622993","","0.0329","C"
"4","Trait5","pKWmEB","NsiI.TP106508"," 1","58625824","","0.8688","A"
"4","Trait5","pKWmEB","NsiI.TP75131"," 1","58631347","","0.0438","C"
"4","Trait5","pKWmEB","NsiI.TP518518"," 1","58631349","","0.6193","A"
"4","Trait5","pKWmEB","PstI.TP1261392"," 1","58631594","","0.1174","A"
"4","Trait5","pKWmEB","PstI.TP59473"," 1","58631638","","0.0738","A"
"4","Trait5","pKWmEB","NsiI.TP410402"," 1","58640538","","1.0448","C"
"4","Trait5","pKWmEB","NsiI.TP800446"," 1","58656120","","0.3655","A"
"4","Trait5","pKWmEB","PstI.TP702563"," 1","58685555","","0.2361","A"
"4","Trait5","pKWmEB","PstI.TP268120"," 1","58685595","","0.0360","A"
"4","Trait5","pKWmEB","PstI.TP223231"," 1","58701336","","0.0723","C"
"4","Trait5","pKWmEB","NsiI.TP423377"," 1","58713829","","0.1285","A"
"4","Trait5","pKWmEB","PstI.TP734071"," 1","58717449","","0.4850","A"
"4","Trait5","pKWmEB","NsiI.TP347457"," 1","58797125","","0.2344","A"
"4","Trait5","pKWmEB","PstI.TP866871"," 1","58819880","","0.1102","A"
"4","Trait5","pKWmEB","NsiI.TP281550"," 1","58820625","","0.1032","C"
"4","Trait5","pKWmEB","PstI.TP1250492"," 1","58851534","","0.5488","G"
"4","Trait5","pKWmEB","NsiI.TP555152"," 1","58895190","","0.0665","G"
"4","Trait5","pKWmEB","PstI.TP208457"," 1","58918436","","0.4980","A"
"4","Trait5","pKWmEB","PstI.TP264759"," 1","58964561","","0.6305","G"
"4","Trait5","pKWmEB","PstI.TP528504"," 1","58987469","","0.6906","C"
"4","Trait5","pKWmEB","PstI.TP54004"," 1","58989607","","1.1295","C"
"4","Trait5","pKWmEB","PstI.TP1255723"," 1","58991896","","0.1204","C"
"4","Trait5","pKWmEB","NsiI.TP509280"," 1","58994548","","0.1743","G"
"4","Trait5","pKWmEB","PstI.TP57213"," 1","59006419","","1.3073","C"
"4","Trait5","pKWmEB","PstI.TP975092"," 1","59040624","","0.2996","C"
"4","Trait5","pKWmEB","PstI.TP546331"," 1","59140499","","0.4345","A"
"4","Trait5","pKWmEB","PstI.TP14371"," 1","59142447","","0.8581","A"
"4","Trait5","pKWmEB","PstI.TP306288"," 1","59166326","","0.2312","A"
"4","Trait5","pKWmEB","PstI.TP238231"," 1","59166389","","0.0760","A"
"4","Trait5","pKWmEB","PstI.TP652781"," 1","59167621","","1.3347","C"
"4","Trait5","pKWmEB","NsiI.TP170158"," 1","59168840","","0.4120","C"
"4","Trait5","pKWmEB","PstI.TP1163695"," 1","59313377","","0.3452","A"
"4","Trait5","pKWmEB","PstI.TP638286"," 1","59313458","","0.0348","A"
"4","Trait5","pKWmEB","NsiI.TP361925"," 1","59330788","","1.1599","G"
"4","Trait5","pKWmEB","NsiI.TP83284"," 1","59364938","","0.5375","G"
"4","Trait5","pKWmEB","NsiI.TP430960"," 1","59369857","","0.1432","C"
"4","Trait5","pKWmEB","PstI.TP242761"," 1","59386457","","0.1425","A"
"4","Trait5","pKWmEB","PstI.TP721503"," 1","59394107","","0.0175","G"
"4","Trait5","pKWmEB","PstI.TP1215889"," 1","59426450","","0.4210","A"
"4","Trait5","pKWmEB","PstI.TP502131"," 1","59426545","","0.2024","C"
"4","Trait5","pKWmEB","PstI.TP94665"," 1","59444750","","0.8671","C"
"4","Trait5","pKWmEB","PstI.TP120121"," 1","59449088","","1.4820","G"
"4","Trait5","pKWmEB","PstI.TP426507"," 1","59451800","","0.1723","C"
"4","Trait5","pKWmEB","PstI.TP1211570"," 1","59455677","","0.8234","C"
"4","Trait5","pKWmEB","PstI.TP77520"," 1","59457117","","0.5573","C"
"4","Trait5","pKWmEB","PstI.TP460627"," 1","59468543","","0.9471","A"
"4","Trait5","pKWmEB","PstI.TP228354"," 1","59520320","","0.5124","C"
"4","Trait5","pKWmEB","NsiI.TP615308"," 1","59529897","","0.2121","A"
"4","Trait5","pKWmEB","PstI.TP219854"," 1","59531357","","1.7378","C"
"4","Trait5","pKWmEB","NsiI.TP73500"," 1","59668068","","0.4604","G"
"4","Trait5","pKWmEB","PstI.TP816116"," 1","59685970","","0.1564","A"
"4","Trait5","pKWmEB","NsiI.TP241959"," 1","59686555","","0.2279","C"
"4","Trait5","pKWmEB","PstI.TP96778"," 1","59686732","","0.1676","C"
"4","Trait5","pKWmEB","PstI.TP244063"," 1","59701281","","0.1033","A"
"4","Trait5","pKWmEB","NsiI.TP617618"," 1","59751346","","1.0576","A"
"4","Trait5","pKWmEB","PstI.TP211466"," 1","59817985","","0.2633","A"
"4","Trait5","pKWmEB","PstI.TP1082267"," 1","59821185","","0.2514","A"
"4","Trait5","pKWmEB","NsiI.TP520108"," 1","59835578","","0.7409","A"
"4","Trait5","pKWmEB","PstI.TP450848"," 1","59835683","","0.3764","A"
"4","Trait5","pKWmEB","NsiI.TP672319"," 1","59838979","","0.0248","A"
"4","Trait5","pKWmEB","PstI.TP524080"," 1","59840300","","1.2161","A"
"4","Trait5","pKWmEB","NsiI.TP702210"," 1","59893984","","0.4193","G"
"4","Trait5","pKWmEB","PstI.TP1160457"," 1","59990130","","0.2117","G"
"4","Trait5","pKWmEB","PstI.TP1072427"," 1","59994659","","1.1309","C"
"4","Trait5","pKWmEB","NsiI.TP404884"," 1","60001597","","0.0802","G"
"4","Trait5","pKWmEB","PstI.TP867108"," 1","60024040","","0.0938","C"
"4","Trait5","pKWmEB","PstI.TP172501"," 1","60026566","","0.6220","A"
"4","Trait5","pKWmEB","NsiI.TP45219"," 1","60042018","","0.0633","C"
"4","Trait5","pKWmEB","GFSSContig14239_269"," 1","60082687","","0.7596","T"
"4","Trait5","pKWmEB","PstI.TP179590"," 1","60086838","","0.0730","A"
"4","Trait5","pKWmEB","PstI.TP773822"," 1","60097008","","1.2593","C"
"4","Trait5","pKWmEB","PstI.TP457393"," 1","60097068","","1.2757","C"
"4","Trait5","pKWmEB","PstI.TP375174"," 1","60098102","","0.4734","A"
"4","Trait5","pKWmEB","PstI.TP839280"," 1","60106488","","0.0643","G"
"4","Trait5","pKWmEB","NsiI.TP831967"," 1","60135050","","0.4030","A"
"4","Trait5","pKWmEB","PstI.TP1185674"," 1","60148122","","0.6944","A"
"4","Trait5","pKWmEB","PstI.TP139515"," 1","60150577","","0.9868","A"
"4","Trait5","pKWmEB","NsiI.TP811389"," 1","60163649","","0.1946","C"
"4","Trait5","pKWmEB","NsiI.TP337751"," 1","60167980","","0.1593","C"
"4","Trait5","pKWmEB","PstI.TP477217"," 1","60186116","","0.1663","A"
"4","Trait5","pKWmEB","PstI.TP862381"," 1","60269299","","0.0053","C"
"4","Trait5","pKWmEB","PstI.TP744749"," 1","60271574","","1.0776","C"
"4","Trait5","pKWmEB","PstI.TP247788"," 1","60302111","","0.0100","C"
"4","Trait5","pKWmEB","NsiI.TP519801"," 1","60317592","","0.1680","A"
"4","Trait5","pKWmEB","PstI.TP437066"," 1","60318934","","0.4046","C"
"4","Trait5","pKWmEB","PstI.TP78139"," 1","60348880","","0.0861","A"
"4","Trait5","pKWmEB","PstI.TP308061"," 1","60402946","","0.0884","A"
"4","Trait5","pKWmEB","PstI.TP519282"," 1","60412460","","0.1228","G"
"4","Trait5","pKWmEB","PstI.TP110030"," 1","60421130","","0.0934","A"
"4","Trait5","pKWmEB","NsiI.TP364897"," 1","60433399","","0.1350","A"
"4","Trait5","pKWmEB","NsiI.TP786927"," 1","60469838","","0.1905","A"
"4","Trait5","pKWmEB","NsiI.TP322216"," 1","60505442","","0.6260","A"
"4","Trait5","pKWmEB","PstI.TP1081772"," 1","60516578","","0.1859","A"
"4","Trait5","pKWmEB","PstI.TP56214"," 1","60520380","","1.0398","A"
"4","Trait5","pKWmEB","PstI.TP52146"," 1","60531162","","0.1619","G"
"4","Trait5","pKWmEB","NsiI.TP123778"," 1","60586278","","0.8074","C"
"4","Trait5","pKWmEB","NsiI.TP753426"," 1","60703192","","0.1382","A"
"4","Trait5","pKWmEB","NsiI.TP323681"," 1","60801737","","1.6813","C"
"4","Trait5","pKWmEB","PstI.TP1254049"," 1","60803657","","0.3768","C"
"4","Trait5","pKWmEB","NsiI.TP555932"," 1","60807540","","0.6213","A"
"4","Trait5","pKWmEB","NsiI.TP766483"," 1","60815221","","0.2746","A"
"4","Trait5","pKWmEB","PstI.TP217751"," 1","60815278","","0.0796","A"
"4","Trait5","pKWmEB","NsiI.TP59822"," 1","60815330","","0.2440","C"
"4","Trait5","pKWmEB","PstI.TP1193326"," 1","60826784","","0.4294","A"
"4","Trait5","pKWmEB","NsiI.TP370890"," 1","60850547","","0.8348","C"
"4","Trait5","pKWmEB","NsiI.TP370868"," 1","60850564","","0.2011","C"
"4","Trait5","pKWmEB","NsiI.TP123366"," 1","60882657","","0.3913","C"
"4","Trait5","pKWmEB","PstI.TP198152"," 1","60885969","","0.0133","A"
"4","Trait5","pKWmEB","PstI.TP846215"," 1","60886180","","1.2449","A"
"4","Trait5","pKWmEB","PstI.TP334705"," 1","60887007","","1.0576","A"
"4","Trait5","pKWmEB","PstI.TP504752"," 1","60890147","","0.0182","C"
"4","Trait5","pKWmEB","PstI.TP238883"," 1","60897822","","0.0264","A"
"4","Trait5","pKWmEB","PstI.TP1149053"," 1","60902977","","0.2582","C"
"4","Trait5","pKWmEB","PstI.TP883521"," 1","60919432","","0.1215","C"
"4","Trait5","pKWmEB","PstI.TP44230"," 1","60926782","","0.0285","C"
"4","Trait5","pKWmEB","PstI.TP51171"," 1","60937899","","0.3987","A"
"4","Trait5","pKWmEB","PstI.TP1014707"," 1","60949616","","0.1195","C"
"4","Trait5","pKWmEB","PstI.TP771763"," 1","60980007","","0.0010","A"
"4","Trait5","pKWmEB","PstI.TP155487"," 1","60996990","","0.9471","A"
"4","Trait5","pKWmEB","PstI.TP1228712"," 1","60999459","","2.3154","A"
"4","Trait5","pKWmEB","PstI.TP1152227"," 1","60999485","","0.4375","C"
"4","Trait5","pKWmEB","NsiI.TP173416"," 1","61000228","","0.0371","A"
"4","Trait5","pKWmEB","NsiI.TP163696"," 1","61012621","","0.2661","C"
"4","Trait5","pKWmEB","PstI.TP1193586"," 1","61024932","","0.3448","C"
"4","Trait5","pKWmEB","PstI.TP1245285"," 1","61065478","","0.4286","A"
"4","Trait5","pKWmEB","NsiI.TP348897"," 1","61129322","","0.1157","A"
"4","Trait5","pKWmEB","PstI.TP1020492"," 1","61135975","","0.5053","C"
"4","Trait5","pKWmEB","PstI.TP774975"," 1","61157443","","1.2415","C"
"4","Trait5","pKWmEB","PstI.TP194586"," 1","61165672","","0.4002","C"
"4","Trait5","pKWmEB","NsiI.TP458359"," 1","61221391","","0.0181","C"
"4","Trait5","pKWmEB","PstI.TP237552"," 1","61243169","","0.6053","A"
"4","Trait5","pKWmEB","PstI.TP1246681"," 1","61289286","","0.0659","C"
"4","Trait5","pKWmEB","PstI.TP256832"," 1","61315549","","0.4476","A"
"4","Trait5","pKWmEB","NsiI.TP707091"," 1","61336589","","0.0321","C"
"4","Trait5","pKWmEB","NsiI.TP707090"," 1","61336602","","0.9452","A"
"4","Trait5","pKWmEB","PstI.TP365645"," 1","61353360","","0.6185","A"
"4","Trait5","pKWmEB","PstI.TP54382"," 1","61364779","","0.3916","G"
"4","Trait5","pKWmEB","PstI.TP734017"," 1","61378048","","0.2644","A"
"4","Trait5","pKWmEB","PstI.TP1226531"," 1","61378161","","1.0237","C"
"4","Trait5","pKWmEB","PstI.TP629959"," 1","61380603","","0.0552","A"
"4","Trait5","pKWmEB","NsiI.TP293391"," 1","61462267","","0.3237","C"
"4","Trait5","pKWmEB","PstI.TP534429"," 1","61462653","","1.3028","C"
"4","Trait5","pKWmEB","NsiI.TP119595"," 1","61467903","","0.9813","A"
"4","Trait5","pKWmEB","PstI.TP1144230"," 1","61560525","","0.6543","C"
"4","Trait5","pKWmEB","NsiI.TP706469"," 1","61560588","","0.6140","C"
"4","Trait5","pKWmEB","PstI.TP547145"," 1","61639840","","1.3343","C"
"4","Trait5","pKWmEB","NsiI.TP20339"," 1","61641800","","1.2485","A"
"4","Trait5","pKWmEB","NsiI.TP20340"," 1","61641800","","0.0140","A"
"4","Trait5","pKWmEB","PstI.TP1040444"," 1","61649660","","1.3277","C"
"4","Trait5","pKWmEB","PstI.TP198615"," 1","61668610","","0.3395","C"
"4","Trait5","pKWmEB","PstI.TP198614"," 1","61668612","","0.3865","A"
"4","Trait5","pKWmEB","PstI.TP288841"," 1","61669378","","0.3419","C"
"4","Trait5","pKWmEB","PstI.TP1220377"," 1","61728924","","0.0440","A"
"4","Trait5","pKWmEB","PstI.TP1186183"," 1","61738157","","0.8985","A"
"4","Trait5","pKWmEB","PstI.TP1046140"," 1","61788461","","0.1297","G"
"4","Trait5","pKWmEB","PstI.TP513139"," 1","61807254","","0.2335","A"
"4","Trait5","pKWmEB","PstI.TP630184"," 1","61807366","","0.2581","C"
"4","Trait5","pKWmEB","PstI.TP246100"," 1","61838454","","0.0161","C"
"4","Trait5","pKWmEB","GFSSContig18538_1416"," 1","61838562","","0.4785","T"
"4","Trait5","pKWmEB","PstI.TP256210"," 1","61839639","","0.2213","G"
"4","Trait5","pKWmEB","PstI.TP1115883"," 1","61846851","","0.0910","G"
"4","Trait5","pKWmEB","NsiI.TP322953"," 1","61858424","","1.0566","C"
"4","Trait5","pKWmEB","PstI.TP266921"," 1","61897257","","0.7456","A"
"4","Trait5","pKWmEB","PstI.TP111781"," 1","61899166","","0.7288","A"
"4","Trait5","pKWmEB","PstI.TP778849"," 1","61900805","","1.3134","G"
"4","Trait5","pKWmEB","PstI.TP483846"," 1","61901448","","0.2094","C"
"4","Trait5","pKWmEB","NsiI.TP615559"," 1","61907935","","0.4039","A"
"4","Trait5","pKWmEB","NsiI.TP125314"," 1","61907944","","1.3232","C"
"4","Trait5","pKWmEB","NsiI.TP440515"," 1","61908122","","0.2698","A"
"4","Trait5","pKWmEB","PstI.TP1144658"," 1","61920125","","0.8074","A"
"4","Trait5","pKWmEB","NsiI.TP315988"," 1","61920888","","0.6088","A"
"4","Trait5","pKWmEB","PstI.TP822017"," 1","62017236","","1.4064","A"
"4","Trait5","pKWmEB","PstI.TP830761"," 1","62057598","","0.4817","C"
"4","Trait5","pKWmEB","PstI.TP288904"," 1","62080065","","0.4240","C"
"4","Trait5","pKWmEB","NsiI.TP516245"," 1","62087738","","0.0089","A"
"4","Trait5","pKWmEB","PstI.TP177740"," 1","62091552","","0.1439","C"
"4","Trait5","pKWmEB","NsiI.TP761443"," 1","62177665","","0.3169","C"
"4","Trait5","pKWmEB","PstI.TP358518"," 1","62218187","","0.1276","C"
"4","Trait5","pKWmEB","PstI.TP153019"," 1","62238600","","0.0239","A"
"4","Trait5","pKWmEB","PstI.TP306917"," 1","62342500","","1.8403","A"
"4","Trait5","pKWmEB","PstI.TP775577"," 1","62350118","","0.0490","A"
"4","Trait5","pKWmEB","PstI.TP394914"," 1","62355006","","1.8422","C"
"4","Trait5","pKWmEB","PstI.TP279308"," 1","62362768","","0.9690","A"
"4","Trait5","pKWmEB","PstI.TP452332"," 1","62364666","","1.2412","A"
"4","Trait5","pKWmEB","NsiI.TP474172"," 1","62376131","","0.2298","C"
"4","Trait5","pKWmEB","NsiI.TP362816"," 1","62376198","","0.0726","C"
"4","Trait5","pKWmEB","NsiI.TP161494"," 1","62385232","","0.5252","G"
"4","Trait5","pKWmEB","PstI.TP855562"," 1","62407408","","0.2959","C"
"4","Trait5","pKWmEB","NsiI.TP25249"," 1","62407691","","0.1211","A"
"4","Trait5","pKWmEB","NsiI.TP62301"," 1","62433616","","0.2282","C"
"4","Trait5","pKWmEB","NsiI.TP462536"," 1","62433879","","0.3247","A"
"4","Trait5","pKWmEB","PstI.TP1235985"," 1","62443684","","0.0379","A"
"4","Trait5","pKWmEB","NsiI.TP751488"," 1","62465306","","0.5689","C"
"4","Trait5","pKWmEB","PstI.TP884205"," 1","62465435","","1.7296","C"
"4","Trait5","pKWmEB","NsiI.TP472404"," 1","62465693","","0.8396","A"
"4","Trait5","pKWmEB","NsiI.TP610817"," 1","62492981","","0.0040","A"
"4","Trait5","pKWmEB","NsiI.TP24994"," 1","62506034","","0.2582","A"
"4","Trait5","pKWmEB","PstI.TP720349"," 1","62536036","","1.5762","A"
"4","Trait5","pKWmEB","NsiI.TP240734"," 1","62546174","","0.0217","A"
"4","Trait5","pKWmEB","PstI.TP116300"," 1","62579930","","0.0923","A"
"4","Trait5","pKWmEB","PstI.TP180494"," 1","62604937","","1.1893","A"
"4","Trait5","pKWmEB","PstI.TP463652"," 1","62607697","","0.3114","C"
"4","Trait5","pKWmEB","PstI.TP445990"," 1","62623753","","0.1776","A"
"4","Trait5","pKWmEB","PstI.TP71345"," 1","62705763","","0.4582","A"
"4","Trait5","pKWmEB","NsiI.TP631899"," 1","62718159","","0.1521","A"
"4","Trait5","pKWmEB","PstI.TP972547"," 1","62729483","","0.2483","C"
"4","Trait5","pKWmEB","PstI.TP1150718"," 1","62729646","","0.2652","A"
"4","Trait5","pKWmEB","NsiI.TP718594"," 1","62729719","","0.2904","C"
"4","Trait5","pKWmEB","PstI.TP263840"," 1","62735544","","0.1032","G"
"4","Trait5","pKWmEB","PstI.TP116028"," 1","62738111","","0.5378","G"
"4","Trait5","pKWmEB","NsiI.TP431920"," 1","62770157","","0.1417","A"
"4","Trait5","pKWmEB","NsiI.TP776211"," 1","62780257","","0.1560","A"
"4","Trait5","pKWmEB","PstI.TP393494"," 1","62823011","","0.0729","C"
"4","Trait5","pKWmEB","PstI.TP332665"," 1","62857264","","0.0066","A"
"4","Trait5","pKWmEB","PstI.TP320731"," 1","62857281","","0.5498","A"
"4","Trait5","pKWmEB","NsiI.TP29130"," 1","62888526","","0.0610","C"
"4","Trait5","pKWmEB","PstI.TP1032405"," 1","62899325","","0.1879","G"
"4","Trait5","pKWmEB","NsiI.TP432445"," 1","62916079","","0.2150","A"
"4","Trait5","pKWmEB","NsiI.TP549898"," 1","62918080","","0.3725","A"
"4","Trait5","pKWmEB","PstI.TP10464"," 1","62932369","","0.6890","C"
"4","Trait5","pKWmEB","PstI.TP834485"," 1","62936010","","0.3562","A"
"4","Trait5","pKWmEB","PstI.TP420801"," 1","62946889","","0.7356","G"
"4","Trait5","pKWmEB","PstI.TP240779"," 1","63011773","","0.3092","G"
"4","Trait5","pKWmEB","PstI.TP238830"," 1","63011799","","0.0337","A"
"4","Trait5","pKWmEB","PstI.TP855865"," 1","63015030","","0.1278","C"
"4","Trait5","pKWmEB","NsiI.TP714442"," 1","63038096","","0.7519","A"
"4","Trait5","pKWmEB","NsiI.TP253868"," 1","63049278","","0.2721","C"
"4","Trait5","pKWmEB","PstI.TP846324"," 1","63212381","","0.0938","A"
"4","Trait5","pKWmEB","PstI.TP303033"," 1","63224584","","0.4775","A"
"4","Trait5","pKWmEB","NsiI.TP267487"," 1","63232309","","0.8989","C"
"4","Trait5","pKWmEB","PstI.TP929267"," 1","63290479","","0.3102","C"
"4","Trait5","pKWmEB","NsiI.TP31850"," 1","63292131","","0.1719","A"
"4","Trait5","pKWmEB","NsiI.TP80907"," 1","63292579","","0.0167","A"
"4","Trait5","pKWmEB","PstI.TP350575"," 1","63306837","","0.0508","C"
"4","Trait5","pKWmEB","PstI.TP428256"," 1","63323451","","0.4564","C"
"4","Trait5","pKWmEB","PstI.TP766024"," 1","63347100","","0.4847","A"
"4","Trait5","pKWmEB","PstI.TP1168288"," 1","63355894","","0.3563","A"
"4","Trait5","pKWmEB","PstI.TP1160645"," 1","63359101","","0.0733","C"
"4","Trait5","pKWmEB","NsiI.TP154359"," 1","63371844","","0.4691","C"
"4","Trait5","pKWmEB","PstI.TP543091"," 1","63403226","","0.0939","A"
"4","Trait5","pKWmEB","NsiI.TP504047"," 1","63405180","","0.8409","A"
"4","Trait5","pKWmEB","NsiI.TP504046"," 1","63405202","","0.8469","A"
"4","Trait5","pKWmEB","PstI.TP424159"," 1","63417435","","0.4151","C"
"4","Trait5","pKWmEB","NsiI.TP56624"," 1","63509426","","0.3876","A"
"4","Trait5","pKWmEB","GFSSContig2984_879"," 1","63572513","","0.2863","A"
"4","Trait5","pKWmEB","PstI.TP88375"," 1","63599328","","0.7619","A"
"4","Trait5","pKWmEB","PstI.TP927635"," 1","63621987","","0.2230","C"
"4","Trait5","pKWmEB","PstI.TP1094705"," 1","63666206","","0.1634","A"
"4","Trait5","pKWmEB","NsiI.TP123264"," 1","63666696","","0.5242","G"
"4","Trait5","pKWmEB","PstI.TP84880"," 1","63680478","","1.7147","C"
"4","Trait5","pKWmEB","PstI.TP550179"," 1","63729348","","0.5924","A"
"4","Trait5","pKWmEB","PstI.TP59594"," 1","63737514","","0.7551","C"
"4","Trait5","pKWmEB","NsiI.TP654975"," 1","63744460","","0.7233","A"
"4","Trait5","pKWmEB","NsiI.TP358092"," 1","63760591","","0.3668","A"
"4","Trait5","pKWmEB","NsiI.TP532191"," 1","63784495","","1.1328","A"
"4","Trait5","pKWmEB","NsiI.TP280338"," 1","63802216","","0.3482","A"
"4","Trait5","pKWmEB","PstI.TP1213356"," 1","63804024","","0.6444","A"
"4","Trait5","pKWmEB","NsiI.TP267317"," 1","63808055","","1.2179","C"
"4","Trait5","pKWmEB","PstI.TP339315"," 1","63808218","","0.1302","C"
"4","Trait5","pKWmEB","PstI.TP608352"," 1","63849910","","0.5161","G"
"4","Trait5","pKWmEB","PstI.TP622702"," 1","63849924","","0.2425","C"
"4","Trait5","pKWmEB","PstI.TP22567"," 1","63856431","","0.1471","C"
"4","Trait5","pKWmEB","PstI.TP403217"," 1","63867116","","0.6249","C"
"4","Trait5","pKWmEB","PstI.TP975567"," 1","63867159","","0.4156","A"
"4","Trait5","pKWmEB","PstI.TP1041579"," 1","63867308","","0.9093","A"
"4","Trait5","pKWmEB","PstI.TP1150994"," 1","63892548","","0.0675","C"
"4","Trait5","pKWmEB","PstI.TP315914"," 1","63952170","","0.4039","A"
"4","Trait5","pKWmEB","NsiI.TP484505"," 1","63970510","","0.6056","A"
"4","Trait5","pKWmEB","NsiI.TP380912"," 1","63973901","","0.2077","A"
"4","Trait5","pKWmEB","PstI.TP125136"," 1","64015598","","0.1594","A"
"4","Trait5","pKWmEB","PstI.TP528403"," 1","64043429","","0.2580","C"
"4","Trait5","pKWmEB","NsiI.TP213812"," 1","64055127","","1.1485","A"
"4","Trait5","pKWmEB","PstI.TP816739"," 1","64060896","","0.0252","C"
"4","Trait5","pKWmEB","NsiI.TP743726"," 1","64077289","","0.2659","C"
"4","Trait5","pKWmEB","NsiI.TP188409"," 1","64102768","","0.0058","A"
"4","Trait5","pKWmEB","NsiI.TP499343"," 1","64103746","","1.2862","A"
"4","Trait5","pKWmEB","PstI.TP1252633"," 1","64114120","","0.4490","A"
"4","Trait5","pKWmEB","PstI.TP820348"," 1","64116607","","0.6885","A"
"4","Trait5","pKWmEB","PstI.TP685350"," 1","64136832","","0.4171","G"
"4","Trait5","pKWmEB","PstI.TP943825"," 1","64161087","","0.1266","A"
"4","Trait5","pKWmEB","NsiI.TP607192"," 1","64177308","","0.4823","C"
"4","Trait5","pKWmEB","NsiI.TP88778"," 1","64177819","","0.6081","A"
"4","Trait5","pKWmEB","PstI.TP102719"," 1","64188323","","0.0173","C"
"4","Trait5","pKWmEB","PstI.TP1199682"," 1","64192657","","1.4905","A"
"4","Trait5","pKWmEB","PstI.TP255968"," 1","64202094","","0.0720","A"
"4","Trait5","pKWmEB","PstI.TP1011846"," 1","64301611","","0.0101","A"
"4","Trait5","pKWmEB","NsiI.TP431374"," 1","64340591","","0.3793","A"
"4","Trait5","pKWmEB","PstI.TP217686"," 1","64354125","","1.8382","A"
"4","Trait5","pKWmEB","PstI.TP8646"," 1","64361608","","0.0982","A"
"4","Trait5","pKWmEB","NsiI.TP295105"," 1","64405737","","0.5009","C"
"4","Trait5","pKWmEB","NsiI.TP617088"," 1","64447244","","0.9616","C"
"4","Trait5","pKWmEB","PstI.TP71737"," 1","64450559","","0.2001","A"
"4","Trait5","pKWmEB","NsiI.TP163212"," 1","64450959","","0.7096","C"
"4","Trait5","pKWmEB","NsiI.TP630648"," 1","64479438","","0.2144","C"
"4","Trait5","pKWmEB","NsiI.TP829814"," 1","64484061","","0.7329","A"
"4","Trait5","pKWmEB","PstI.TP1281541"," 1","64484981","","0.2608","A"
"4","Trait5","pKWmEB","NsiI.TP39224"," 1","64511495","","0.0282","A"
"4","Trait5","pKWmEB","PstI.TP219519"," 1","64515581","","0.7830","C"
"4","Trait5","pKWmEB","PstI.TP769786"," 1","64536453","","0.3452","C"
"4","Trait5","pKWmEB","PstI.TP623879"," 1","64552804","","0.3906","C"
"4","Trait5","pKWmEB","NsiI.TP552663"," 1","64553553","","0.1997","A"
"4","Trait5","pKWmEB","NsiI.TP546327"," 1","64568428","","0.0619","G"
"4","Trait5","pKWmEB","NsiI.TP688174"," 1","64621630","","0.4756","A"
"4","Trait5","pKWmEB","NsiI.TP374015"," 1","64625827","","0.7375","A"
"4","Trait5","pKWmEB","NsiI.TP302840"," 1","64691519","","0.0812","A"
"4","Trait5","pKWmEB","PstI.TP801025"," 1","64710653","","0.7509","C"
"4","Trait5","pKWmEB","PstI.TP98123"," 1","64733848","","0.1676","C"
"4","Trait5","pKWmEB","PstI.TP1180674"," 1","64789171","","0.4215","A"
"4","Trait5","pKWmEB","PstI.TP997652"," 1","64799296","","0.3988","C"
"4","Trait5","pKWmEB","PstI.TP833589"," 1","64801253","","0.0431","A"
"4","Trait5","pKWmEB","NsiI.TP824716"," 1","64821100","","0.2093","A"
"4","Trait5","pKWmEB","NsiI.TP222846"," 1","64856990","","0.5265","C"
"4","Trait5","pKWmEB","NsiI.TP801530"," 1","64872973","","0.0789","C"
"4","Trait5","pKWmEB","NsiI.TP534316"," 1","64880295","","0.6795","G"
"4","Trait5","pKWmEB","NsiI.TP539097"," 1","64882827","","0.9388","A"
"4","Trait5","pKWmEB","PstI.TP944748"," 1","64883503","","0.4144","A"
"4","Trait5","pKWmEB","PstI.TP892964"," 1","64884870","","0.6977","A"
"4","Trait5","pKWmEB","PstI.TP351385"," 1","64885906","","0.1518","A"
"4","Trait5","pKWmEB","PstI.TP252284"," 1","64895994","","1.1625","A"
"4","Trait5","pKWmEB","NsiI.TP740366"," 1","64896156","","0.0541","A"
"4","Trait5","pKWmEB","PstI.TP1264364"," 1","64906860","","0.0428","C"
"4","Trait5","pKWmEB","NsiI.TP276145"," 1","64909332","","0.4509","C"
"4","Trait5","pKWmEB","NsiI.TP408372"," 1","64909366","","0.0690","C"
"4","Trait5","pKWmEB","PstI.TP964165"," 1","64928312","","1.5348","C"
"4","Trait5","pKWmEB","NsiI.TP794834"," 1","64931896","","0.5455","C"
"4","Trait5","pKWmEB","NsiI.TP621081"," 1","64945731","","1.5897","C"
"4","Trait5","pKWmEB","PstI.TP791089"," 1","64948753","","1.7993","C"
"4","Trait5","pKWmEB","PstI.TP365493"," 1","64949731","","0.4008","G"
"4","Trait5","pKWmEB","NsiI.TP488800"," 1","64951351","","0.3475","C"
"4","Trait5","pKWmEB","PstI.TP630324"," 1","64952328","","0.0066","A"
"4","Trait5","pKWmEB","PstI.TP67631"," 1","65029760","","1.0280","C"
"4","Trait5","pKWmEB","NsiI.TP735969"," 1","65030378","","0.3537","A"
"4","Trait5","pKWmEB","NsiI.TP717833"," 1","65030503","","0.6675","A"
"4","Trait5","pKWmEB","PstI.TP877289"," 1","65043651","","0.5611","C"
"4","Trait5","pKWmEB","PstI.TP876794"," 1","65066495","","0.4746","C"
"4","Trait5","pKWmEB","PstI.TP974325"," 1","65069397","","0.5351","A"
"4","Trait5","pKWmEB","PstI.TP765900"," 1","65094935","","0.5482","C"
"4","Trait5","pKWmEB","PstI.TP486244"," 1","65124857","","0.1204","C"
"4","Trait5","pKWmEB","NsiI.TP337189"," 1","65136624","","0.0417","C"
"4","Trait5","pKWmEB","PstI.TP961110"," 1","65184135","","1.4363","C"
"4","Trait5","pKWmEB","PstI.TP1245513"," 1","65197856","","0.0719","C"
"4","Trait5","pKWmEB","GFSSContig1526_230"," 1","65227354","","1.0658","C"
"4","Trait5","pKWmEB","PstI.TP924682"," 1","65236847","","0.3059","A"
"4","Trait5","pKWmEB","PstI.TP477722"," 1","65237049","","1.3791","A"
"4","Trait5","pKWmEB","PstI.TP477712"," 1","65237054","","0.4480","C"
"4","Trait5","pKWmEB","PstI.TP197677"," 1","65249144","","0.1281","C"
"4","Trait5","pKWmEB","PstI.TP669936"," 1","65249574","","0.8946","C"
"4","Trait5","pKWmEB","PstI.TP44522"," 1","65255833","","0.2778","C"
"4","Trait5","pKWmEB","PstI.TP358803"," 1","65256453","","0.1918","C"
"4","Trait5","pKWmEB","PstI.TP208529"," 1","65256889","","0.7102","C"
"4","Trait5","pKWmEB","PstI.TP924658"," 1","65264909","","0.0680","A"
"4","Trait5","pKWmEB","NsiI.TP553344"," 1","65270679","","0.7447","A"
"4","Trait5","pKWmEB","PstI.TP234242"," 1","65271315","","0.1821","A"
"4","Trait5","pKWmEB","NsiI.TP347041"," 1","65271359","","0.8396","A"
"4","Trait5","pKWmEB","PstI.TP931830"," 1","65273426","","0.4261","A"
"4","Trait5","pKWmEB","PstI.TP891410"," 1","65277770","","0.7368","C"
"4","Trait5","pKWmEB","NsiI.TP615624"," 1","65289533","","0.0299","C"
"4","Trait5","pKWmEB","NsiI.TP414439"," 1","65297722","","0.3621","C"
"4","Trait5","pKWmEB","NsiI.TP777696"," 1","65354775","","1.2367","A"
"4","Trait5","pKWmEB","NsiI.TP99883"," 1","65402272","","0.6695","A"
"4","Trait5","pKWmEB","PstI.TP845409"," 1","65402932","","0.0153","A"
"4","Trait5","pKWmEB","NsiI.TP200164"," 1","65494239","","0.2949","G"
"4","Trait5","pKWmEB","PstI.TP317977"," 1","65494643","","0.3243","A"
"4","Trait5","pKWmEB","PstI.TP23116"," 1","65514877","","0.1829","A"
"4","Trait5","pKWmEB","PstI.TP105650"," 1","65552824","","0.0063","C"
"4","Trait5","pKWmEB","NsiI.TP545512"," 1","65564544","","0.7102","A"
"4","Trait5","pKWmEB","PstI.TP68682"," 1","65572744","","1.4239","C"
"4","Trait5","pKWmEB","PstI.TP245229"," 1","65669958","","1.4710","C"
"4","Trait5","pKWmEB","NsiI.TP485264"," 1","65682187","","0.5771","A"
"4","Trait5","pKWmEB","PstI.TP21658"," 1","65682514","","0.0139","A"
"4","Trait5","pKWmEB","PstI.TP786567"," 1","65736737","","3.0849","C"
"4","Trait5","pKWmEB","NsiI.TP120353"," 1","65773705","","0.1665","C"
"4","Trait5","pKWmEB","PstI.TP966260"," 1","65795867","","1.0654","A"
"4","Trait5","pKWmEB","PstI.TP997472"," 1","65795948","","0.3792","A"
"4","Trait5","pKWmEB","NsiI.TP216600"," 1","65827481","","0.5972","A"
"4","Trait5","pKWmEB","NsiI.TP702989"," 1","65833452","","0.5598","A"
"4","Trait5","pKWmEB","PstI.TP530837"," 1","65836675","","0.6497","A"
"4","Trait5","pKWmEB","NsiI.TP749989"," 1","65843473","","0.1616","A"
"4","Trait5","pKWmEB","PstI.TP72269"," 1","65855513","","0.2782","A"
"4","Trait5","pKWmEB","NsiI.TP407852"," 1","65928155","","0.6393","G"
"4","Trait5","pKWmEB","PstI.TP408002"," 1","65930080","","0.4318","A"
"4","Trait5","pKWmEB","PstI.TP864271"," 1","65984344","","0.0710","C"
"4","Trait5","pKWmEB","PstI.TP913826"," 1","65989098","","0.4555","C"
"4","Trait5","pKWmEB","PstI.TP822028"," 1","65998612","","0.9756","A"
"4","Trait5","pKWmEB","NsiI.TP25518"," 1","66003290","","0.0115","C"
"4","Trait5","pKWmEB","PstI.TP1127188"," 1","66011964","","0.5514","C"
"4","Trait5","pKWmEB","PstI.TP1125918"," 1","66012040","","0.0105","C"
"4","Trait5","pKWmEB","PstI.TP973670"," 1","66012738","","0.0278","C"
"4","Trait5","pKWmEB","PstI.TP696470"," 1","66023772","","0.6636","A"
"4","Trait5","pKWmEB","NsiI.TP67657"," 1","66035055","","1.0078","C"
"4","Trait5","pKWmEB","NsiI.TP25448"," 1","66046325","","0.8004","C"
"4","Trait5","pKWmEB","NsiI.TP403557"," 1","66046347","","0.3609","G"
"4","Trait5","pKWmEB","PstI.TP147009"," 1","66056156","","0.1494","A"
"4","Trait5","pKWmEB","PstI.TP826778"," 1","66070899","","0.1092","A"
"4","Trait5","pKWmEB","NsiI.TP591702"," 1","66071779","","0.3421","C"
"4","Trait5","pKWmEB","PstI.TP481644"," 1","66087407","","0.2415","A"
"4","Trait5","pKWmEB","NsiI.TP117758"," 1","66087512","","0.1629","A"
"4","Trait5","pKWmEB","PstI.TP46198"," 1","66096584","","0.1010","C"
"4","Trait5","pKWmEB","NsiI.TP407754"," 1","66114304","","0.6487","C"
"4","Trait5","pKWmEB","PstI.TP14085"," 1","66170736","","0.0838","A"
"4","Trait5","pKWmEB","NsiI.TP394323"," 1","66177986","","0.1465","C"
"4","Trait5","pKWmEB","NsiI.TP401509"," 1","66178010","","0.2595","A"
"4","Trait5","pKWmEB","PstI.TP230808"," 1","66203536","","0.6326","A"
"4","Trait5","pKWmEB","PstI.TP69498"," 1","66230707","","0.0848","A"
"4","Trait5","pKWmEB","PstI.TP203225"," 1","66234221","","1.5817","C"
"4","Trait5","pKWmEB","NsiI.TP339716"," 1","66234686","","0.2386","C"
"4","Trait5","pKWmEB","NsiI.TP66906"," 1","66339343","","0.0190","A"
"4","Trait5","pKWmEB","PstI.TP609610"," 1","66343811","","0.4215","A"
"4","Trait5","pKWmEB","PstI.TP770722"," 1","66347924","","0.0850","A"
"4","Trait5","pKWmEB","PstI.TP357904"," 1","66348003","","0.3140","C"
"4","Trait5","pKWmEB","PstI.TP394916"," 1","66363202","","1.5447","A"
"4","Trait5","pKWmEB","NsiI.TP814944"," 1","66369934","","0.5956","A"
"4","Trait5","pKWmEB","NsiI.TP443374"," 1","66404106","","0.3760","C"
"4","Trait5","pKWmEB","NsiI.TP763661"," 1","66404133","","0.1699","A"
"4","Trait5","pKWmEB","NsiI.TP763660"," 1","66404152","","0.0234","G"
"4","Trait5","pKWmEB","NsiI.TP753025"," 1","66460848","","0.6395","C"
"4","Trait5","pKWmEB","NsiI.TP482264"," 1","66520178","","1.2211","A"
"4","Trait5","pKWmEB","NsiI.TP580929"," 1","66574512","","0.5121","A"
"4","Trait5","pKWmEB","PstI.TP1092854"," 1","66590767","","0.2969","A"
"4","Trait5","pKWmEB","NsiI.TP3649"," 1","66621250","","0.0423","A"
"4","Trait5","pKWmEB","NsiI.TP340092"," 1","66629766","","0.7803","A"
"4","Trait5","pKWmEB","GFSSContig20558_126"," 1","66631596","","0.8661","T"
"4","Trait5","pKWmEB","GFSSContig20558_410"," 1","66632040","","0.4387","T"
"4","Trait5","pKWmEB","PstI.TP393536"," 1","66632271","","0.7164","C"
"4","Trait5","pKWmEB","PstI.TP819380"," 1","66643342","","0.1637","G"
"4","Trait5","pKWmEB","PstI.TP532012"," 1","66649568","","0.9314","A"
"4","Trait5","pKWmEB","NsiI.TP213349"," 1","66657439","","0.1498","A"
"4","Trait5","pKWmEB","PstI.TP1065275"," 1","66657449","","0.0611","A"
"4","Trait5","pKWmEB","PstI.TP7738"," 1","66709859","","1.2950","A"
"4","Trait5","pKWmEB","PstI.TP861694"," 1","66718282","","0.6922","A"
"4","Trait5","pKWmEB","NsiI.TP459832"," 1","66718699","","1.1283","A"
"4","Trait5","pKWmEB","PstI.TP865058"," 1","66719551","","0.1819","A"
"4","Trait5","pKWmEB","PstI.TP1084761"," 1","66720416","","0.4568","C"
"4","Trait5","pKWmEB","NsiI.TP313273"," 1","66723114","","0.3861","C"
"4","Trait5","pKWmEB","PstI.TP507937"," 1","66723275","","1.6940","A"
"4","Trait5","pKWmEB","PstI.TP295701"," 1","66729129","","0.6223","A"
"4","Trait5","pKWmEB","NsiI.TP603222"," 1","66753937","","0.5956","A"
"4","Trait5","pKWmEB","NsiI.TP707198"," 1","66770322","","1.3502","A"
"4","Trait5","pKWmEB","PstI.TP131297"," 1","66772958","","1.3523","C"
"4","Trait5","pKWmEB","NsiI.TP567785"," 1","66777195","","0.6957","A"
"4","Trait5","pKWmEB","NsiI.TP489965"," 1","66777217","","0.0968","C"
"4","Trait5","pKWmEB","NsiI.TP475064"," 1","66777724","","0.8743","A"
"4","Trait5","pKWmEB","NsiI.TP431993"," 1","66787450","","1.0652","A"
"4","Trait5","pKWmEB","PstI.TP873698"," 1","66791800","","0.2120","A"
"4","Trait5","pKWmEB","NsiI.TP196008"," 1","66811641","","0.2503","A"
"4","Trait5","pKWmEB","NsiI.TP819242"," 1","66818631","","0.7371","C"
"4","Trait5","pKWmEB","PstI.TP1174143"," 1","66832618","","1.5837","C"
"4","Trait5","pKWmEB","NsiI.TP575744"," 1","66841969","","2.3443","A"
"4","Trait5","pKWmEB","PstI.TP967164"," 1","66844557","","0.5126","C"
"4","Trait5","pKWmEB","PstI.TP932844"," 1","66844574","","0.3449","A"
"4","Trait5","pKWmEB","PstI.TP54964"," 1","66860167","","0.1654","A"
"4","Trait5","pKWmEB","NsiI.TP43891"," 1","66864733","","0.2221","A"
"4","Trait5","pKWmEB","NsiI.TP502427"," 1","66876060","","0.1490","A"
"4","Trait5","pKWmEB","NsiI.TP489423"," 1","66879621","","0.5961","A"
"4","Trait5","pKWmEB","PstI.TP1020853"," 1","66882875","","0.7626","A"
"4","Trait5","pKWmEB","PstI.TP755610"," 1","66892567","","0.7005","A"
"4","Trait5","pKWmEB","NsiI.TP283148"," 1","66893393","","0.2177","C"
"4","Trait5","pKWmEB","PstI.TP28636"," 1","66901342","","0.9048","C"
"4","Trait5","pKWmEB","PstI.TP334609"," 1","66904074","","0.2386","C"
"4","Trait5","pKWmEB","NsiI.TP214866"," 1","66931515","","0.0954","A"
"4","Trait5","pKWmEB","NsiI.TP665062"," 1","66973876","","0.1880","A"
"4","Trait5","pKWmEB","PstI.TP1041030"," 1","66983381","","0.3525","A"
"4","Trait5","pKWmEB","PstI.TP300168"," 1","66985894","","0.1219","A"
"4","Trait5","pKWmEB","NsiI.TP37099"," 1","66988505","","0.0142","A"
"4","Trait5","pKWmEB","NsiI.TP718149"," 1","67002191","","0.0499","A"
"4","Trait5","pKWmEB","NsiI.TP40378"," 1","67002235","","0.6430","A"
"4","Trait5","pKWmEB","PstI.TP1103405"," 1","67016993","","0.0660","A"
"4","Trait5","pKWmEB","PstI.TP490103"," 1","67018899","","0.2780","G"
"4","Trait5","pKWmEB","NsiI.TP395734"," 1","67052690","","0.7050","A"
"4","Trait5","pKWmEB","NsiI.TP459012"," 1","67058618","","0.0262","A"
"4","Trait5","pKWmEB","PstI.TP866810"," 1","67074583","","0.2082","A"
"4","Trait5","pKWmEB","PstI.TP578717"," 1","67093042","","0.4468","C"
"4","Trait5","pKWmEB","PstI.TP1102564"," 1","67094571","","0.2049","A"
"4","Trait5","pKWmEB","GFSSContig18772_497"," 1","67104443","","0.5277","T"
"4","Trait5","pKWmEB","PstI.TP178139"," 1","67121193","","0.6897","A"
"4","Trait5","pKWmEB","NsiI.TP458393"," 1","67134508","","0.8537","A"
"4","Trait5","pKWmEB","PstI.TP1094695"," 1","67135061","","0.8836","C"
"4","Trait5","pKWmEB","NsiI.TP630315"," 1","67135447","","0.2862","A"
"4","Trait5","pKWmEB","NsiI.TP10293"," 1","67144524","","0.4541","C"
"4","Trait5","pKWmEB","PstI.TP1099071"," 1","67147795","","0.7335","C"
"4","Trait5","pKWmEB","NsiI.TP344195"," 1","67163611","","1.0318","C"
"4","Trait5","pKWmEB","NsiI.TP360952"," 1","67170243","","0.4515","A"
"4","Trait5","pKWmEB","NsiI.TP466004"," 1","67193756","","0.8360","C"
"4","Trait5","pKWmEB","PstI.TP111833"," 1","67205643","","0.3081","A"
"4","Trait5","pKWmEB","NsiI.TP705076"," 1","67211049","","0.0784","C"
"4","Trait5","pKWmEB","NsiI.TP575559"," 1","67211133","","0.5596","G"
"4","Trait5","pKWmEB","PstI.TP296060"," 1","67217900","","0.1179","C"
"4","Trait5","pKWmEB","PstI.TP120060"," 1","67290007","","0.2160","A"
"4","Trait5","pKWmEB","PstI.TP873782"," 1","67300042","","0.0451","A"
"4","Trait5","pKWmEB","PstI.TP763741"," 1","67300114","","0.6833","A"
"4","Trait5","pKWmEB","NsiI.TP835430"," 1","67307091","","0.8294","G"
"4","Trait5","pKWmEB","PstI.TP794784"," 1","67315648","","0.5766","C"
"4","Trait5","pKWmEB","PstI.TP809339"," 1","67315670","","0.2973","A"
"4","Trait5","pKWmEB","NsiI.TP205900"," 1","67315853","","0.5668","C"
"4","Trait5","pKWmEB","PstI.TP94366"," 1","67316019","","0.8566","G"
"4","Trait5","pKWmEB","NsiI.TP275058"," 1","67350592","","0.7078","A"
"4","Trait5","pKWmEB","NsiI.TP827946"," 1","67359033","","0.0547","C"
"4","Trait5","pKWmEB","GFSSContig5332_531"," 1","67375972","","1.1405","T"
"4","Trait5","pKWmEB","PstI.TP1171121"," 1","67376990","","0.0889","A"
"4","Trait5","pKWmEB","NsiI.TP174290"," 1","67378678","","0.0715","A"
"4","Trait5","pKWmEB","NsiI.TP175715"," 1","67381011","","0.2652","A"
"4","Trait5","pKWmEB","NsiI.TP812526"," 1","67384074","","0.2010","A"
"4","Trait5","pKWmEB","PstI.TP243602"," 1","67384152","","0.0390","A"
"4","Trait5","pKWmEB","PstI.TP764441"," 1","67384225","","0.6558","A"
"4","Trait5","pKWmEB","NsiI.TP809452"," 1","67384231","","0.3589","C"
"4","Trait5","pKWmEB","PstI.TP764446"," 1","67384233","","0.9542","C"
"4","Trait5","pKWmEB","PstI.TP884792"," 1","67384684","","0.1183","A"
"4","Trait5","pKWmEB","PstI.TP1149851"," 1","67393273","","0.0895","A"
"4","Trait5","pKWmEB","NsiI.TP751821"," 1","67393369","","0.2950","A"
"4","Trait5","pKWmEB","PstI.TP1012261"," 1","67422499","","0.2944","C"
"4","Trait5","pKWmEB","NsiI.TP438719"," 1","67426609","","0.5580","C"
"4","Trait5","pKWmEB","PstI.TP514114"," 1","67430601","","0.1918","A"
"4","Trait5","pKWmEB","NsiI.TP416113"," 1","67435951","","0.4390","G"
"4","Trait5","pKWmEB","PstI.TP714009"," 1","67445656","","0.0670","A"
"4","Trait5","pKWmEB","PstI.TP182975"," 1","67454856","","0.0915","G"
"4","Trait5","pKWmEB","PstI.TP842695"," 1","67465056","","0.4210","A"
"4","Trait5","pKWmEB","PstI.TP787593"," 1","67474277","","0.9766","A"
"4","Trait5","pKWmEB","PstI.TP443240"," 1","67519986","","1.2312","C"
"4","Trait5","pKWmEB","NsiI.TP744254"," 1","67529403","","0.0392","A"
"4","Trait5","pKWmEB","PstI.TP305008"," 1","67538854","","1.0589","A"
"4","Trait5","pKWmEB","PstI.TP721763"," 1","67560203","","0.4390","A"
"4","Trait5","pKWmEB","NsiI.TP242098"," 1","67574019","","0.0814","C"
"4","Trait5","pKWmEB","NsiI.TP419909"," 1","67589872","","0.3439","C"
"4","Trait5","pKWmEB","NsiI.TP343843"," 1","67593055","","0.3619","G"
"4","Trait5","pKWmEB","NsiI.TP172212"," 1","67605060","","0.2546","A"
"4","Trait5","pKWmEB","PstI.TP942368"," 1","67610309","","0.1681","A"
"4","Trait5","pKWmEB","PstI.TP1178467"," 1","67613746","","0.5190","A"
"4","Trait5","pKWmEB","PstI.TP216091"," 1","67620053","","0.0452","A"
"4","Trait5","pKWmEB","NsiI.TP665370"," 1","67621979","","0.1282","G"
"4","Trait5","pKWmEB","NsiI.TP586320"," 1","67622023","","0.9993","A"
"4","Trait5","pKWmEB","PstI.TP841826"," 1","67635003","","0.0616","G"
"4","Trait5","pKWmEB","PstI.TP1167044"," 1","67636497","","0.0335","G"
"4","Trait5","pKWmEB","NsiI.TP488628"," 1","67646173","","1.5969","C"
"4","Trait5","pKWmEB","NsiI.TP92311"," 1","67646209","","0.3865","C"
"4","Trait5","pKWmEB","NsiI.TP54803"," 1","67661802","","2.3764","G"
"4","Trait5","pKWmEB","NsiI.TP754072"," 1","67675884","","0.0814","A"
"4","Trait5","pKWmEB","NsiI.TP699833"," 1","67681472","","0.0329","A"
"4","Trait5","pKWmEB","NsiI.TP186127"," 1","67708602","","0.5254","A"
"4","Trait5","pKWmEB","NsiI.TP186123"," 1","67708615","","0.6132","A"
"4","Trait5","pKWmEB","PstI.TP221608"," 1","67709830","","1.0828","G"
"4","Trait5","pKWmEB","NsiI.TP50728"," 1","67713188","","0.6249","C"
"4","Trait5","pKWmEB","NsiI.TP312767"," 1","67722161","","0.2174","C"
"4","Trait5","pKWmEB","PstI.TP148680"," 1","67724801","","0.0220","A"
"4","Trait5","pKWmEB","PstI.TP678255"," 1","67745947","","0.1610","A"
"4","Trait5","pKWmEB","PstI.TP42220"," 1","67767670","","0.2026","A"
"4","Trait5","pKWmEB","PstI.TP467242"," 1","67768009","","0.1872","G"
"4","Trait5","pKWmEB","PstI.TP1238129"," 1","67778818","","0.7680","A"
"4","Trait5","pKWmEB","NsiI.TP666616"," 1","67782379","","0.1342","G"
"4","Trait5","pKWmEB","NsiI.TP240963"," 1","67782585","","0.7004","G"
"4","Trait5","pKWmEB","NsiI.TP507394"," 1","67791963","","0.4749","G"
"4","Trait5","pKWmEB","PstI.TP646505"," 1","67798760","","0.3964","A"
"4","Trait5","pKWmEB","NsiI.TP243496"," 1","67824251","","0.8234","A"
"4","Trait5","pKWmEB","NsiI.TP776883"," 1","67828541","","0.5033","G"
"4","Trait5","pKWmEB","PstI.TP1128427"," 1","67833322","","0.0715","C"
"4","Trait5","pKWmEB","NsiI.TP385048"," 1","67840971","","0.1378","C"
"4","Trait5","pKWmEB","PstI.TP1287183"," 1","67842111","","0.1549","A"
"4","Trait5","pKWmEB","PstI.TP209249"," 1","67863639","","0.0129","C"
"4","Trait5","pKWmEB","PstI.TP1078708"," 1","67863796","","0.1086","C"
"4","Trait5","pKWmEB","NsiI.TP770363"," 1","67899901","","0.4373","G"
"4","Trait5","pKWmEB","NsiI.TP393087"," 1","67913643","","1.0591","A"
"4","Trait5","pKWmEB","NsiI.TP121588"," 1","67922481","","0.4451","A"
"4","Trait5","pKWmEB","PstI.TP841694"," 1","67926591","","0.2831","C"
"4","Trait5","pKWmEB","NsiI.TP401450"," 1","67928325","","0.5176","A"
"4","Trait5","pKWmEB","NsiI.TP712037"," 1","67933970","","0.6645","G"
"4","Trait5","pKWmEB","PstI.TP828045"," 1","67935078","","0.0711","G"
"4","Trait5","pKWmEB","NsiI.TP147902"," 1","67937825","","0.4925","C"
"4","Trait5","pKWmEB","PstI.TP1242965"," 1","67938339","","0.2926","A"
"4","Trait5","pKWmEB","NsiI.TP628972"," 1","67938662","","0.6871","G"
"4","Trait5","pKWmEB","PstI.TP234382"," 1","67947376","","0.8417","C"
"4","Trait5","pKWmEB","PstI.TP726861"," 1","67952212","","0.3226","C"
"4","Trait5","pKWmEB","PstI.TP674379"," 1","67954429","","0.7147","C"
"4","Trait5","pKWmEB","PstI.TP962618"," 1","67954519","","0.0195","A"
"4","Trait5","pKWmEB","NsiI.TP348909"," 1","67965400","","0.3748","A"
"4","Trait5","pKWmEB","PstI.TP723610"," 1","67965618","","0.4050","C"
"4","Trait5","pKWmEB","PstI.TP1242678"," 1","67969747","","0.6131","C"
"4","Trait5","pKWmEB","PstI.TP1130916"," 1","67986030","","0.3851","A"
"4","Trait5","pKWmEB","PstI.TP631738"," 1","68002718","","0.5230","A"
"4","Trait5","pKWmEB","NsiI.TP103520"," 1","68007355","","0.7559","C"
"4","Trait5","pKWmEB","PstI.TP873668"," 1","68013493","","0.0944","A"
"4","Trait5","pKWmEB","PstI.TP1124482"," 1","68019981","","0.1954","A"
"4","Trait5","pKWmEB","NsiI.TP210174"," 1","68026224","","0.1837","A"
"4","Trait5","pKWmEB","PstI.TP420086"," 1","68042057","","0.0999","A"
"4","Trait5","pKWmEB","PstI.TP820370"," 1","68065605","","1.5128","G"
"4","Trait5","pKWmEB","PstI.TP59532"," 1","68069679","","0.7781","C"
"4","Trait5","pKWmEB","PstI.TP94114"," 1","68081418","","0.7280","G"
"4","Trait5","pKWmEB","PstI.TP1065325"," 1","68123704","","0.3530","A"
"4","Trait5","pKWmEB","PstI.TP822050"," 1","68132274","","0.7078","C"
"4","Trait5","pKWmEB","PstI.TP618427"," 1","68135205","","0.3327","C"
"4","Trait5","pKWmEB","PstI.TP114450"," 1","68143622","","0.2145","C"
"4","Trait5","pKWmEB","NsiI.TP624683"," 1","68159137","","0.2572","C"
"4","Trait5","pKWmEB","GFSSContig14473_841"," 1","68163894","","0.2613","A"
"4","Trait5","pKWmEB","NsiI.TP700374"," 1","68176238","","1.1724","C"
"4","Trait5","pKWmEB","PstI.TP129411"," 1","68190029","","0.4523","G"
"4","Trait5","pKWmEB","PstI.TP1089809"," 1","68213813","","0.0242","C"
"4","Trait5","pKWmEB","PstI.TP410596"," 1","68214078","","0.7831","G"
"4","Trait5","pKWmEB","PstI.TP1201434"," 1","68222181","","0.2449","A"
"4","Trait5","pKWmEB","PstI.TP497812"," 1","68250366","","0.5548","A"
"4","Trait5","pKWmEB","NsiI.TP827526"," 1","68255222","","0.3357","A"
"4","Trait5","pKWmEB","PstI.TP502366"," 1","68255723","","0.1113","C"
"4","Trait5","pKWmEB","NsiI.TP205429"," 1","68259081","","0.6562","C"
"4","Trait5","pKWmEB","PstI.TP56908"," 1","68294067","","0.2766","C"
"4","Trait5","pKWmEB","NsiI.TP460161"," 1","68300151","","1.0454","C"
"4","Trait5","pKWmEB","PstI.TP878529"," 1","68301193","","0.7106","A"
"4","Trait5","pKWmEB","NsiI.TP241500"," 1","68301853","","0.0247","G"
"4","Trait5","pKWmEB","PstI.TP736706"," 1","68304011","","0.7118","C"
"4","Trait5","pKWmEB","PstI.TP1105514"," 1","68304064","","0.8477","A"
"4","Trait5","pKWmEB","PstI.TP368152"," 1","68317162","","0.1843","A"
"4","Trait5","pKWmEB","NsiI.TP618444"," 1","68323274","","0.3922","A"
"4","Trait5","pKWmEB","NsiI.TP563669"," 1","68344319","","0.0865","C"
"4","Trait5","pKWmEB","PstI.TP2084"," 1","68344425","","0.3950","C"
"4","Trait5","pKWmEB","PstI.TP1021466"," 1","68344473","","1.4811","C"
"4","Trait5","pKWmEB","PstI.TP1193705"," 1","68372210","","0.0587","A"
"4","Trait5","pKWmEB","NsiI.TP754784"," 1","68376094","","0.0124","G"
"4","Trait5","pKWmEB","NsiI.TP531395"," 1","68376259","","0.3802","A"
"4","Trait5","pKWmEB","NsiI.TP762644"," 1","68381925","","0.4737","G"
"4","Trait5","pKWmEB","PstI.TP1731"," 1","68388050","","1.1074","C"
"4","Trait5","pKWmEB","PstI.TP903595"," 1","68397652","","0.0531","C"
"4","Trait5","pKWmEB","PstI.TP940838"," 1","68400152","","0.4904","G"
"4","Trait5","pKWmEB","PstI.TP345337"," 1","68412354","","0.5963","C"
"4","Trait5","pKWmEB","NsiI.TP439936"," 1","68414441","","0.0046","A"
"4","Trait5","pKWmEB","NsiI.TP576771"," 1","68414794","","0.2227","A"
"4","Trait5","pKWmEB","PstI.TP369743"," 1","68418598","","0.7387","A"
"4","Trait5","pKWmEB","NsiI.TP783076"," 1","68421456","","1.2430","C"
"4","Trait5","pKWmEB","NsiI.TP654803"," 1","68424180","","0.2966","A"
"4","Trait5","pKWmEB","PstI.TP872396"," 1","68499251","","0.9352","C"
"4","Trait5","pKWmEB","NsiI.TP430940"," 1","68502125","","0.5840","A"
"4","Trait5","pKWmEB","PstI.TP1131578"," 1","68512918","","0.8966","A"
"4","Trait5","pKWmEB","PstI.TP914823"," 1","68524535","","0.4763","C"
"4","Trait5","pKWmEB","NsiI.TP372725"," 1","68527174","","0.1356","A"
"4","Trait5","pKWmEB","PstI.TP784618"," 1","68529560","","0.5573","G"
"4","Trait5","pKWmEB","PstI.TP23667"," 1","68558901","","0.3214","C"
"4","Trait5","pKWmEB","PstI.TP929783"," 1","68577350","","0.9163","A"
"4","Trait5","pKWmEB","PstI.TP49463"," 1","68578559","","0.2166","A"
"4","Trait5","pKWmEB","PstI.TP577286"," 1","68698894","","0.6332","C"
"4","Trait5","pKWmEB","PstI.TP985998"," 1","68708312","","0.4281","A"
"4","Trait5","pKWmEB","NsiI.TP609610"," 1","68718517","","0.1007","A"
"4","Trait5","pKWmEB","PstI.TP940564"," 1","68737866","","0.8343","C"
"4","Trait5","pKWmEB","NsiI.TP793799"," 1","68746767","","0.8125","A"
"4","Trait5","pKWmEB","NsiI.TP79196"," 1","68759204","","0.7046","G"
"4","Trait5","pKWmEB","PstI.TP1051399"," 1","68769952","","0.3943","C"
"4","Trait5","pKWmEB","PstI.TP936112"," 1","68774678","","0.0058","C"
"4","Trait5","pKWmEB","PstI.TP944489"," 1","68774710","","0.6705","C"
"4","Trait5","pKWmEB","NsiI.TP337383"," 1","68790731","","0.5583","C"
"4","Trait5","pKWmEB","NsiI.TP401442"," 1","68804945","","0.1405","A"
"4","Trait5","pKWmEB","NsiI.TP325760"," 1","68823651","","0.0635","C"
"4","Trait5","pKWmEB","NsiI.TP188906"," 1","68825109","","0.9059","G"
"4","Trait5","pKWmEB","NsiI.TP159049"," 1","68827687","","0.1776","A"
"4","Trait5","pKWmEB","PstI.TP997692"," 1","68828195","","0.0548","A"
"4","Trait5","pKWmEB","PstI.TP251999"," 1","68828244","","0.0631","G"
"4","Trait5","pKWmEB","PstI.TP139934"," 1","68828445","","0.4515","A"
"4","Trait5","pKWmEB","NsiI.TP732439"," 1","68828737","","0.3525","A"
"4","Trait5","pKWmEB","PstI.TP986856"," 1","68829630","","0.1234","A"
"4","Trait5","pKWmEB","NsiI.TP778060"," 1","68838686","","0.7343","G"
"4","Trait5","pKWmEB","NsiI.TP8686"," 1","68885051","","0.7454","A"
"4","Trait5","pKWmEB","NsiI.TP650033"," 1","68897272","","0.4974","C"
"4","Trait5","pKWmEB","NsiI.TP757455"," 1","68916800","","0.1298","C"
"4","Trait5","pKWmEB","PstI.TP745183"," 1","68939948","","0.8184","A"
"4","Trait5","pKWmEB","PstI.TP688823"," 1","68946521","","0.6755","C"
"4","Trait5","pKWmEB","PstI.TP711436"," 1","68960434","","0.2111","C"
"4","Trait5","pKWmEB","PstI.TP707331"," 1","68960441","","0.1955","G"
"4","Trait5","pKWmEB","PstI.TP1107867"," 1","68965774","","0.7209","A"
"4","Trait5","pKWmEB","NsiI.TP205277"," 1","68965894","","0.2959","C"
"4","Trait5","pKWmEB","PstI.TP184531"," 1","68967801","","0.9654","A"
"4","Trait5","pKWmEB","NsiI.TP409392"," 1","68980705","","0.2526","C"
"4","Trait5","pKWmEB","NsiI.TP286611"," 1","68980766","","0.2638","C"
"4","Trait5","pKWmEB","NsiI.TP276540"," 1","68981304","","1.7323","G"
"4","Trait5","pKWmEB","NsiI.TP252602"," 1","68982448","","0.6953","C"
"4","Trait5","pKWmEB","PstI.TP287439"," 1","69014177","","0.4398","C"
"4","Trait5","pKWmEB","PstI.TP1198391"," 1","69016047","","0.3824","A"
"4","Trait5","pKWmEB","PstI.TP374675"," 1","69016680","","0.2315","G"
"4","Trait5","pKWmEB","PstI.TP374673"," 1","69016692","","0.2983","A"
"4","Trait5","pKWmEB","PstI.TP287864"," 1","69016716","","0.1500","C"
"4","Trait5","pKWmEB","PstI.TP1045708"," 1","69041513","","0.3918","C"
"4","Trait5","pKWmEB","PstI.TP794928"," 1","69043246","","0.3088","C"
"4","Trait5","pKWmEB","NsiI.TP801056"," 1","69044428","","0.1312","C"
"4","Trait5","pKWmEB","PstI.TP871336"," 1","69055455","","0.3307","A"
"4","Trait5","pKWmEB","PstI.TP29658"," 1","69057856","","0.0846","A"
"4","Trait5","pKWmEB","PstI.TP833197"," 1","69061947","","0.5785","C"
"4","Trait5","pKWmEB","NsiI.TP674601"," 1","69112506","","0.2113","A"
"4","Trait5","pKWmEB","PstI.TP884447"," 1","69119836","","0.0966","A"
"4","Trait5","pKWmEB","PstI.TP288323"," 1","69119899","","0.2891","C"
"4","Trait5","pKWmEB","PstI.TP288321"," 1","69119924","","1.2852","A"
"4","Trait5","pKWmEB","PstI.TP521905"," 1","69121568","","0.3812","C"
"4","Trait5","pKWmEB","PstI.TP777165"," 1","69129454","","1.8031","A"
"4","Trait5","pKWmEB","PstI.TP468115"," 1","69143489","","0.6152","C"
"4","Trait5","pKWmEB","NsiI.TP5701"," 1","69156484","","1.1852","C"
"4","Trait5","pKWmEB","NsiI.TP400429"," 1","69178656","","1.3422","G"
"4","Trait5","pKWmEB","PstI.TP299690"," 1","69193739","","0.2196","C"
"4","Trait5","pKWmEB","PstI.TP1069681"," 1","69204461","","0.5121","C"
"4","Trait5","pKWmEB","PstI.TP754866"," 1","69204551","","0.9508","A"
"4","Trait5","pKWmEB","PstI.TP489786"," 1","69233890","","0.1829","C"
"4","Trait5","pKWmEB","PstI.TP473430"," 1","69239697","","0.0360","C"
"4","Trait5","pKWmEB","NsiI.TP127610"," 1","69282032","","0.0805","G"
"4","Trait5","pKWmEB","NsiI.TP333033"," 1","69283813","","0.1043","A"
"4","Trait5","pKWmEB","PstI.TP1026778"," 1","69284392","","0.3820","C"
"4","Trait5","pKWmEB","NsiI.TP474277"," 1","69292516","","0.2208","G"
"4","Trait5","pKWmEB","NsiI.TP228986"," 1","69292625","","0.4198","A"
"4","Trait5","pKWmEB","PstI.TP345976"," 1","69318742","","0.2043","A"
"4","Trait5","pKWmEB","PstI.TP951992"," 1","69324980","","0.9767","A"
"4","Trait5","pKWmEB","PstI.TP688709"," 1","69327852","","0.1305","A"
"4","Trait5","pKWmEB","NsiI.TP19909"," 1","69328566","","0.4193","A"
"4","Trait5","pKWmEB","NsiI.TP327355"," 1","69331734","","0.8279","A"
"4","Trait5","pKWmEB","NsiI.TP294423"," 1","69386076","","1.3667","A"
"4","Trait5","pKWmEB","PstI.TP385376"," 1","69397412","","1.6176","C"
"4","Trait5","pKWmEB","PstI.TP361742"," 1","69400386","","1.3210","C"
"4","Trait5","pKWmEB","NsiI.TP444157"," 1","69418722","","0.0786","C"
"4","Trait5","pKWmEB","PstI.TP572603"," 1","69419938","","0.2323","C"
"4","Trait5","pKWmEB","PstI.TP59721"," 1","69434073","","0.3199","C"
"4","Trait5","pKWmEB","PstI.TP370271"," 1","69447386","","0.3655","A"
"4","Trait5","pKWmEB","PstI.TP182911"," 1","69491226","","1.1236","A"
"4","Trait5","pKWmEB","PstI.TP270796"," 1","69492296","","0.0089","C"
"4","Trait5","pKWmEB","NsiI.TP239839"," 1","69493415","","0.9589","A"
"4","Trait5","pKWmEB","NsiI.TP493856"," 1","69496441","","0.0412","A"
"4","Trait5","pKWmEB","NsiI.TP487740"," 1","69506499","","0.0156","A"
"4","Trait5","pKWmEB","NsiI.TP487741"," 1","69506512","","0.0773","C"
"4","Trait5","pKWmEB","NsiI.TP197269"," 1","69517152","","1.0327","G"
"4","Trait5","pKWmEB","NsiI.TP630503"," 1","69525007","","0.2297","A"
"4","Trait5","pKWmEB","PstI.TP784346"," 1","69525687","","0.1931","G"
"4","Trait5","pKWmEB","PstI.TP829877"," 1","69526201","","0.2064","C"
"4","Trait5","pKWmEB","NsiI.TP580761"," 1","69530083","","0.1041","G"
"4","Trait5","pKWmEB","NsiI.TP361622"," 1","69534233","","0.1070","C"
"4","Trait5","pKWmEB","PstI.TP1177969"," 1","69551175","","0.3051","A"
"4","Trait5","pKWmEB","GFSSContig19996_653"," 1","69555622","","0.1699","A"
"4","Trait5","pKWmEB","PstI.TP1134597"," 1","69556754","","1.0494","G"
"4","Trait5","pKWmEB","PstI.TP1006729"," 1","69556836","","0.2113","A"
"4","Trait5","pKWmEB","PstI.TP304122"," 1","69587801","","0.5390","A"
"4","Trait5","pKWmEB","PstI.TP1241996"," 1","69588043","","0.2809","A"
"4","Trait5","pKWmEB","NsiI.TP176314"," 1","69598404","","0.1373","A"
"4","Trait5","pKWmEB","PstI.TP296282"," 1","69603963","","0.4460","C"
"4","Trait5","pKWmEB","PstI.TP890694"," 1","69615049","","0.1622","A"
"4","Trait5","pKWmEB","NsiI.TP388683"," 1","69615225","","0.4985","C"
"4","Trait5","pKWmEB","NsiI.TP604920"," 1","69617612","","0.5760","C"
"4","Trait5","pKWmEB","PstI.TP526428"," 1","69620298","","1.4535","A"
"4","Trait5","pKWmEB","PstI.TP232316"," 1","69645448","","0.0088","A"
"4","Trait5","pKWmEB","PstI.TP356750"," 1","69657306","","1.1265","A"
"4","Trait5","pKWmEB","PstI.TP250224"," 1","69664479","","0.0462","C"
"4","Trait5","pKWmEB","PstI.TP515234"," 1","69680580","","1.4650","C"
"4","Trait5","pKWmEB","PstI.TP183071"," 1","69688577","","0.1554","A"
"4","Trait5","pKWmEB","NsiI.TP693777"," 1","69767711","","0.4915","A"
"4","Trait5","pKWmEB","PstI.TP327202"," 1","69771717","","0.1905","A"
"4","Trait5","pKWmEB","NsiI.TP716051"," 1","69775028","","0.4498","A"
"4","Trait5","pKWmEB","PstI.TP629836"," 1","69776626","","0.4403","A"
"4","Trait5","pKWmEB","PstI.TP629837"," 1","69776627","","0.1390","C"
"4","Trait5","pKWmEB","PstI.TP342373"," 1","69789077","","0.0755","C"
"4","Trait5","pKWmEB","PstI.TP222462"," 1","69790547","","0.0938","C"
"4","Trait5","pKWmEB","PstI.TP317631"," 1","69806063","","0.1050","C"
"4","Trait5","pKWmEB","PstI.TP721511"," 1","69810929","","0.8567","G"
"4","Trait5","pKWmEB","PstI.TP821118"," 1","69831632","","1.1455","A"
"4","Trait5","pKWmEB","PstI.TP1183728"," 1","69834022","","0.6245","C"
"4","Trait5","pKWmEB","NsiI.TP204318"," 1","69834030","","0.0309","A"
"4","Trait5","pKWmEB","PstI.TP1007724"," 1","69846351","","0.2440","A"
"4","Trait5","pKWmEB","PstI.TP957697"," 1","69861037","","0.4642","A"
"4","Trait5","pKWmEB","PstI.TP1249688"," 1","69861277","","1.3529","A"
"4","Trait5","pKWmEB","NsiI.TP553060"," 1","69868836","","0.0294","A"
"4","Trait5","pKWmEB","PstI.TP669192"," 1","69877846","","0.5323","A"
"4","Trait5","pKWmEB","PstI.TP130505"," 1","69885963","","0.1359","C"
"4","Trait5","pKWmEB","NsiI.TP283461"," 1","69907110","","0.7688","A"
"4","Trait5","pKWmEB","NsiI.TP653916"," 1","69920064","","1.4846","C"
"4","Trait5","pKWmEB","PstI.TP1097347"," 1","69955856","","0.0160","A"
"4","Trait5","pKWmEB","PstI.TP687743"," 1","69969234","","0.2915","C"
"4","Trait5","pKWmEB","PstI.TP363787"," 1","70069249","","1.3430","C"
"4","Trait5","pKWmEB","PstI.TP1260746"," 1","70070968","","0.3305","C"
"4","Trait5","pKWmEB","NsiI.TP675635"," 1","70082590","","0.6714","A"
"4","Trait5","pKWmEB","GFSSContig20175_2257"," 1","70174294","","0.6880","T"
"4","Trait5","pKWmEB","PstI.TP812080"," 1","70190110","","0.5327","A"
"4","Trait5","pKWmEB","PstI.TP402410"," 1","70205528","","0.0147","A"
"4","Trait5","pKWmEB","NsiI.TP340695"," 1","70223476","","1.3401","A"
"4","Trait5","pKWmEB","PstI.TP977233"," 1","70272418","","0.3355","A"
"4","Trait5","pKWmEB","NsiI.TP442078"," 1","70293091","","0.5154","A"
"4","Trait5","pKWmEB","PstI.TP440583"," 1","70293723","","0.0785","A"
"4","Trait5","pKWmEB","NsiI.TP758512"," 1","70300341","","0.2897","A"
"4","Trait5","pKWmEB","PstI.TP489499"," 1","70307404","","0.5521","A"
"4","Trait5","pKWmEB","PstI.TP1241952"," 1","70307543","","0.1066","C"
"4","Trait5","pKWmEB","PstI.TP204294"," 1","70307594","","0.2103","C"
"4","Trait5","pKWmEB","NsiI.TP10024"," 1","70308823","","0.2724","A"
"4","Trait5","pKWmEB","PstI.TP1292685"," 1","70326613","","1.1327","C"
"4","Trait5","pKWmEB","PstI.TP372374"," 1","70331274","","0.5318","A"
"4","Trait5","pKWmEB","PstI.TP840130"," 1","70354222","","0.1385","C"
"4","Trait5","pKWmEB","PstI.TP1041362"," 1","70355328","","0.7174","A"
"4","Trait5","pKWmEB","PstI.TP395640"," 1","70357867","","0.1759","C"
"4","Trait5","pKWmEB","NsiI.TP817262"," 1","70370783","","0.0835","A"
"4","Trait5","pKWmEB","PstI.TP1226177"," 1","70377230","","0.1404","C"
"4","Trait5","pKWmEB","PstI.TP921276"," 1","70382591","","0.2862","A"
"4","Trait5","pKWmEB","NsiI.TP159946"," 1","70402881","","1.6488","A"
"4","Trait5","pKWmEB","GFSSContig10391_197"," 1","70404542","","0.5703","T"
"4","Trait5","pKWmEB","PstI.TP522146"," 1","70413087","","1.1620","C"
"4","Trait5","pKWmEB","PstI.TP459201"," 1","70416560","","0.0649","A"
"4","Trait5","pKWmEB","NsiI.TP771629"," 1","70416577","","0.1755","G"
"4","Trait5","pKWmEB","PstI.TP452364"," 1","70416615","","0.0999","C"
"4","Trait5","pKWmEB","NsiI.TP508861"," 1","70417359","","0.0046","G"
"4","Trait5","pKWmEB","NsiI.TP8655"," 1","70417916","","0.0159","A"
"4","Trait5","pKWmEB","PstI.TP1055999"," 1","70436408","","0.3847","A"
"4","Trait5","pKWmEB","NsiI.TP706847"," 1","70445342","","0.4050","A"
"4","Trait5","pKWmEB","PstI.TP34700"," 1","70478756","","0.0602","C"
"4","Trait5","pKWmEB","NsiI.TP238067"," 1","70479021","","0.2820","A"
"4","Trait5","pKWmEB","PstI.TP180949"," 1","70527436","","0.1807","A"
"4","Trait5","pKWmEB","PstI.TP663427"," 1","70529598","","0.3098","C"
"4","Trait5","pKWmEB","PstI.TP968118"," 1","70532598","","0.0945","C"
"4","Trait5","pKWmEB","PstI.TP488184"," 1","70532632","","0.1435","C"
"4","Trait5","pKWmEB","PstI.TP158366"," 1","70536086","","0.7903","A"
"4","Trait5","pKWmEB","NsiI.TP347314"," 1","70546948","","1.0036","A"
"4","Trait5","pKWmEB","PstI.TP969142"," 1","70558586","","0.4112","C"
"4","Trait5","pKWmEB","NsiI.TP350489"," 1","70558900","","0.4478","A"
"4","Trait5","pKWmEB","NsiI.TP551048"," 1","70577911","","0.1499","G"
"4","Trait5","pKWmEB","PstI.TP448080"," 1","70586488","","0.3938","C"
"4","Trait5","pKWmEB","PstI.TP351951"," 1","70589260","","0.0630","G"
"4","Trait5","pKWmEB","PstI.TP799393"," 1","70645621","","0.4408","C"
"4","Trait5","pKWmEB","NsiI.TP586456"," 1","70676571","","0.6493","A"
"4","Trait5","pKWmEB","PstI.TP494387"," 1","70689700","","0.5480","A"
"4","Trait5","pKWmEB","PstI.TP1180659"," 1","70717978","","0.4765","A"
"4","Trait5","pKWmEB","PstI.TP718716"," 1","70718936","","0.6361","A"
"4","Trait5","pKWmEB","GFSSContig11916_535"," 1","70719937","","0.1471","A"
"4","Trait5","pKWmEB","PstI.TP33054"," 1","70724568","","0.7297","A"
"4","Trait5","pKWmEB","PstI.TP1205408"," 1","70741243","","0.0319","C"
"4","Trait5","pKWmEB","PstI.TP173623"," 1","70746071","","0.0544","C"
"4","Trait5","pKWmEB","PstI.TP911544"," 1","70749500","","1.6903","A"
"4","Trait5","pKWmEB","PstI.TP790103"," 1","70752961","","0.3464","A"
"4","Trait5","pKWmEB","PstI.TP549992"," 1","70753172","","0.2496","C"
"4","Trait5","pKWmEB","PstI.TP665587"," 1","70753604","","0.4328","C"
"4","Trait5","pKWmEB","NsiI.TP353419"," 1","70763753","","0.0214","C"
"4","Trait5","pKWmEB","PstI.TP530224"," 1","70772572","","0.2415","A"
"4","Trait5","pKWmEB","PstI.TP225232"," 1","70799952","","1.3027","A"
"4","Trait5","pKWmEB","PstI.TP69823"," 1","70805200","","0.4328","C"
"4","Trait5","pKWmEB","PstI.TP1295242"," 1","70821690","","0.6662","C"
"4","Trait5","pKWmEB","PstI.TP711376"," 1","70838018","","0.0287","A"
"4","Trait5","pKWmEB","NsiI.TP631996"," 1","70863806","","0.4195","C"
"4","Trait5","pKWmEB","NsiI.TP632002"," 1","70863814","","0.4291","C"
"4","Trait5","pKWmEB","NsiI.TP603054"," 1","70882642","","0.1373","A"
"4","Trait5","pKWmEB","PstI.TP133902"," 1","70891541","","0.1936","A"
"4","Trait5","pKWmEB","NsiI.TP44825"," 1","70914156","","0.7312","A"
"4","Trait5","pKWmEB","NsiI.TP828370"," 1","70923770","","0.0285","G"
"4","Trait5","pKWmEB","PstI.TP135535"," 1","70955272","","0.1307","C"
"4","Trait5","pKWmEB","PstI.TP1193640"," 1","70959491","","0.5823","C"
"4","Trait5","pKWmEB","PstI.TP1046932"," 1","70959564","","0.7450","A"
"4","Trait5","pKWmEB","NsiI.TP664650"," 1","71025558","","0.2714","A"
"4","Trait5","pKWmEB","PstI.TP665902"," 1","71068001","","0.0193","A"
"4","Trait5","pKWmEB","PstI.TP853551"," 1","71069569","","0.2379","C"
"4","Trait5","pKWmEB","PstI.TP1113308"," 1","71070381","","0.0576","A"
"4","Trait5","pKWmEB","NsiI.TP267059"," 1","71071057","","0.5615","C"
"4","Trait5","pKWmEB","NsiI.TP614856"," 1","71075654","","0.9319","C"
"4","Trait5","pKWmEB","NsiI.TP64614"," 1","71079620","","0.0086","C"
"4","Trait5","pKWmEB","PstI.TP548356"," 1","71082455","","0.2227","G"
"4","Trait5","pKWmEB","PstI.TP1172129"," 1","71086656","","0.2962","A"
"4","Trait5","pKWmEB","PstI.TP1172162"," 1","71086658","","0.2716","A"
"4","Trait5","pKWmEB","PstI.TP1046209"," 1","71112715","","0.3098","A"
"4","Trait5","pKWmEB","PstI.TP301362"," 1","71125764","","0.0311","A"
"4","Trait5","pKWmEB","PstI.TP1260320"," 1","71135288","","0.1679","C"
"4","Trait5","pKWmEB","PstI.TP698485"," 1","71153581","","0.5415","A"
"4","Trait5","pKWmEB","NsiI.TP33811"," 1","71154148","","0.2452","C"
"4","Trait5","pKWmEB","PstI.TP301031"," 1","71156709","","0.5143","A"
"4","Trait5","pKWmEB","NsiI.TP338353"," 1","71156917","","0.1788","A"
"4","Trait5","pKWmEB","PstI.TP1260916"," 1","71157310","","0.6830","A"
"4","Trait5","pKWmEB","PstI.TP38927"," 1","71163836","","0.3293","A"
"4","Trait5","pKWmEB","PstI.TP713432"," 1","71174660","","0.3055","C"
"4","Trait5","pKWmEB","GFSSContig12526_606"," 1","71182923","","0.2422","T"
"4","Trait5","pKWmEB","GFSSContig18694_969"," 1","71184431","","0.2405","T"
"4","Trait5","pKWmEB","PstI.TP212855"," 1","71195899","","0.0918","C"
"4","Trait5","pKWmEB","NsiI.TP609079"," 1","71221775","","0.0192","A"
"4","Trait5","pKWmEB","PstI.TP1052870"," 1","71227822","","0.0222","A"
"4","Trait5","pKWmEB","PstI.TP218467"," 1","71228475","","0.1528","A"
"4","Trait5","pKWmEB","PstI.TP380221"," 1","71235386","","0.0719","A"
"4","Trait5","pKWmEB","PstI.TP142395"," 1","71238859","","0.1333","A"
"4","Trait5","pKWmEB","PstI.TP461821"," 1","71239180","","0.3096","C"
"4","Trait5","pKWmEB","NsiI.TP363847"," 1","71249684","","0.5822","A"
"4","Trait5","pKWmEB","NsiI.TP441114"," 1","71250822","","0.1107","C"
"4","Trait5","pKWmEB","PstI.TP754592"," 1","71251901","","0.1267","A"
"4","Trait5","pKWmEB","PstI.TP745772"," 1","71261629","","0.0121","A"
"4","Trait5","pKWmEB","NsiI.TP227336"," 1","71286147","","0.0513","A"
"4","Trait5","pKWmEB","NsiI.TP523695"," 1","71288051","","2.1819","C"
"4","Trait5","pKWmEB","NsiI.TP234211"," 1","71290395","","0.7844","C"
"4","Trait5","pKWmEB","PstI.TP1112721"," 1","71302602","","0.1727","C"
"4","Trait5","pKWmEB","PstI.TP669762"," 1","71322148","","0.2413","A"
"4","Trait5","pKWmEB","NsiI.TP756804"," 1","71322389","","0.3635","A"
"4","Trait5","pKWmEB","PstI.TP805461"," 1","71344044","","0.2620","C"
"4","Trait5","pKWmEB","NsiI.TP693931"," 1","71370174","","0.4052","C"
"4","Trait5","pKWmEB","PstI.TP1177494"," 1","71370263","","0.3622","A"
"4","Trait5","pKWmEB","NsiI.TP82540"," 1","71370263","","0.0165","A"
"4","Trait5","pKWmEB","PstI.TP805981"," 1","71371113","","1.0997","G"
"4","Trait5","pKWmEB","PstI.TP588686"," 1","71389933","","0.4355","C"
"4","Trait5","pKWmEB","NsiI.TP668636"," 1","71391032","","0.2280","C"
"4","Trait5","pKWmEB","PstI.TP901545"," 1","71391273","","0.2221","G"
"4","Trait5","pKWmEB","PstI.TP682187"," 1","71443578","","0.4635","A"
"4","Trait5","pKWmEB","PstI.TP463661"," 1","71460631","","0.0087","A"
"4","Trait5","pKWmEB","NsiI.TP6232"," 1","71460901","","0.3614","C"
"4","Trait5","pKWmEB","PstI.TP65793"," 1","71466825","","0.6286","A"
"4","Trait5","pKWmEB","PstI.TP881015"," 1","71469178","","0.6744","A"
"4","Trait5","pKWmEB","GFSSContig17622_639"," 1","71469331","","0.0487","T"
"4","Trait5","pKWmEB","NsiI.TP345789"," 1","71472888","","0.0998","A"
"4","Trait5","pKWmEB","PstI.TP80"," 1","71496795","","0.8958","A"
"4","Trait5","pKWmEB","GFSSContig7317_190"," 1","71505138","","0.5600","A"
"4","Trait5","pKWmEB","PstI.TP1265392"," 1","71506619","","2.1958","C"
"4","Trait5","pKWmEB","NsiI.TP456517"," 1","71506832","","0.3403","C"
"4","Trait5","pKWmEB","PstI.TP1160624"," 1","71507069","","0.2105","A"
"4","Trait5","pKWmEB","PstI.TP826904"," 1","71509086","","0.4059","A"
"4","Trait5","pKWmEB","PstI.TP635920"," 1","71525230","","1.5503","C"
"4","Trait5","pKWmEB","PstI.TP773311"," 1","71563448","","0.1929","C"
"4","Trait5","pKWmEB","NsiI.TP520596"," 1","71567399","","0.5041","A"
"4","Trait5","pKWmEB","NsiI.TP525740"," 1","71568891","","0.0094","G"
"4","Trait5","pKWmEB","NsiI.TP225931"," 1","71600950","","0.5531","A"
"4","Trait5","pKWmEB","PstI.TP118924"," 1","71639905","","0.3160","C"
"4","Trait5","pKWmEB","NsiI.TP55442"," 1","71666996","","0.3013","A"
"4","Trait5","pKWmEB","PstI.TP998425"," 1","71688433","","0.0690","G"
"4","Trait5","pKWmEB","NsiI.TP432172"," 1","71698309","","1.0827","G"
"4","Trait5","pKWmEB","PstI.TP170189"," 1","71699333","","0.3964","A"
"4","Trait5","pKWmEB","NsiI.TP742360"," 1","71702156","","0.0234","A"
"4","Trait5","pKWmEB","NsiI.TP229180"," 1","71707969","","0.4246","C"
"4","Trait5","pKWmEB","NsiI.TP814565"," 1","71710260","","0.1306","C"
"4","Trait5","pKWmEB","NsiI.TP528559"," 1","71711055","","0.1521","C"
"4","Trait5","pKWmEB","PstI.TP352846"," 1","71717994","","0.1909","C"
"4","Trait5","pKWmEB","NsiI.TP760095"," 1","71718657","","1.5817","A"
"4","Trait5","pKWmEB","PstI.TP352811"," 1","71729037","","0.1330","A"
"4","Trait5","pKWmEB","PstI.TP586874"," 1","71729101","","0.0335","A"
"4","Trait5","pKWmEB","PstI.TP397645"," 1","71731073","","1.6928","A"
"4","Trait5","pKWmEB","PstI.TP33981"," 1","71732178","","0.0952","C"
"4","Trait5","pKWmEB","PstI.TP256584"," 1","71749251","","0.0595","C"
"4","Trait5","pKWmEB","PstI.TP841306"," 1","71749339","","0.1507","A"
"4","Trait5","pKWmEB","GFSSContig18963_787"," 1","71755080","","0.3960","T"
"4","Trait5","pKWmEB","PstI.TP1094527"," 1","71782202","","0.1865","A"
"4","Trait5","pKWmEB","NsiI.TP20381"," 1","71795739","","1.2863","G"
"4","Trait5","pKWmEB","NsiI.TP214519"," 1","71815536","","0.8935","A"
"4","Trait5","pKWmEB","PstI.TP271687"," 1","71823399","","0.5356","C"
"4","Trait5","pKWmEB","NsiI.TP360063"," 1","71825840","","0.5791","C"
"4","Trait5","pKWmEB","PstI.TP224158"," 1","71831375","","0.0193","C"
"4","Trait5","pKWmEB","PstI.TP903662"," 1","71837908","","0.2624","C"
"4","Trait5","pKWmEB","PstI.TP871065"," 1","71868564","","0.8517","A"
"4","Trait5","pKWmEB","NsiI.TP59960"," 1","71875702","","0.3670","A"
"4","Trait5","pKWmEB","NsiI.TP59961"," 1","71875725","","0.1798","C"
"4","Trait5","pKWmEB","PstI.TP448714"," 1","71901069","","1.5629","A"
"4","Trait5","pKWmEB","PstI.TP436494"," 1","71906250","","0.4340","C"
"4","Trait5","pKWmEB","PstI.TP1259220"," 1","71924579","","0.4104","C"
"4","Trait5","pKWmEB","PstI.TP271813"," 1","71926599","","0.2705","C"
"4","Trait5","pKWmEB","PstI.TP590182"," 1","71928782","","1.3649","C"
"4","Trait5","pKWmEB","NsiI.TP345468"," 1","71931769","","0.0253","G"
"4","Trait5","pKWmEB","PstI.TP283526"," 1","71936668","","0.1945","C"
"4","Trait5","pKWmEB","PstI.TP886622"," 1","71946280","","1.3060","A"
"4","Trait5","pKWmEB","NsiI.TP351499"," 1","71949166","","0.4698","A"
"4","Trait5","pKWmEB","NsiI.TP267471"," 1","71949181","","0.0627","G"
"4","Trait5","pKWmEB","NsiI.TP799676"," 1","71955139","","0.2901","A"
"4","Trait5","pKWmEB","PstI.TP421406"," 1","71974654","","0.8213","C"
"4","Trait5","pKWmEB","NsiI.TP576258"," 1","71984395","","0.9940","C"
"4","Trait5","pKWmEB","NsiI.TP367275"," 1","72012340","","0.1350","A"
"4","Trait5","pKWmEB","PstI.TP381598"," 1","72014976","","0.2947","A"
"4","Trait5","pKWmEB","PstI.TP215976"," 1","72027878","","2.0823","C"
"4","Trait5","pKWmEB","NsiI.TP604843"," 1","72043861","","0.0159","A"
"4","Trait5","pKWmEB","NsiI.TP544201"," 1","72059833","","0.1054","A"
"4","Trait5","pKWmEB","NsiI.TP304452"," 1","72088732","","0.9939","C"
"4","Trait5","pKWmEB","NsiI.TP259034"," 1","72098932","","0.0348","C"
"4","Trait5","pKWmEB","GFSSContig15477"," 1","72122767","","2.2163","T"
"4","Trait5","pKWmEB","PstI.TP1168153"," 1","72122981","","1.0148","A"
"4","Trait5","pKWmEB","PstI.TP1212724"," 1","72123046","","0.6940","C"
"4","Trait5","pKWmEB","NsiI.TP211798"," 1","72131324","","0.0193","A"
"4","Trait5","pKWmEB","PstI.TP298274"," 1","72133723","","0.1872","C"
"4","Trait5","pKWmEB","PstI.TP916434"," 1","72137966","","0.1395","A"
"4","Trait5","pKWmEB","PstI.TP1184661"," 1","72144773","","2.3172","C"
"4","Trait5","pKWmEB","PstI.TP55623"," 1","72147488","","0.4806","A"
"4","Trait5","pKWmEB","PstI.TP288856"," 1","72170357","","0.0861","G"
"4","Trait5","pKWmEB","NsiI.TP499949"," 1","72170440","","0.9234","A"
"4","Trait5","pKWmEB","PstI.TP1178947"," 1","72170699","","0.2413","A"
"4","Trait5","pKWmEB","PstI.TP324568"," 1","72175111","","1.0022","C"
"4","Trait5","pKWmEB","PstI.TP1025376"," 1","72186259","","0.8552","A"
"4","Trait5","pKWmEB","PstI.TP963844"," 1","72204894","","0.2403","A"
"4","Trait5","pKWmEB","PstI.TP23506"," 1","72214314","","0.2157","C"
"4","Trait5","pKWmEB","GFSSContig19961_188"," 1","72220849","","0.1858","C"
"4","Trait5","pKWmEB","PstI.TP389192"," 1","72222738","","0.3035","A"
"4","Trait5","pKWmEB","NsiI.TP10297"," 1","72232363","","0.6238","A"
"4","Trait5","pKWmEB","PstI.TP852297"," 1","72235992","","1.0844","A"
"4","Trait5","pKWmEB","PstI.TP1168372"," 1","72238288","","0.4345","A"
"4","Trait5","pKWmEB","PstI.TP1168619"," 1","72248681","","1.0959","A"
"4","Trait5","pKWmEB","PstI.TP106735"," 1","72248683","","2.1743","A"
"4","Trait5","pKWmEB","PstI.TP198202"," 1","72248913","","0.4591","C"
"4","Trait5","pKWmEB","PstI.TP163995"," 1","72261839","","0.1143","C"
"4","Trait5","pKWmEB","NsiI.TP247746"," 1","72265162","","0.0196","C"
"4","Trait5","pKWmEB","NsiI.TP555342"," 1","72280607","","1.0033","A"
"4","Trait5","pKWmEB","PstI.TP843326"," 1","72291957","","0.0785","A"
"4","Trait5","pKWmEB","PstI.TP1143540"," 1","72294378","","1.6496","C"
"4","Trait5","pKWmEB","PstI.TP1272710"," 1","72295373","","0.4649","C"
"4","Trait5","pKWmEB","NsiI.TP221927"," 1","72301205","","0.2496","A"
"4","Trait5","pKWmEB","PstI.TP1177477"," 1","72302086","","0.6324","C"
"4","Trait5","pKWmEB","PstI.TP197060"," 1","72303333","","1.0282","A"
"4","Trait5","pKWmEB","PstI.TP1136034"," 1","72327412","","0.1301","C"
"4","Trait5","pKWmEB","PstI.TP634894"," 1","72331899","","2.3081","C"
"4","Trait5","pKWmEB","PstI.TP1035398"," 1","72342880","","0.9952","A"
"4","Trait5","pKWmEB","PstI.TP1150061"," 1","72347889","","0.4594","G"
"4","Trait5","pKWmEB","NsiI.TP505177"," 1","72348319","","0.0548","G"
"4","Trait5","pKWmEB","PstI.TP650147"," 1","72348332","","0.2315","A"
"4","Trait5","pKWmEB","NsiI.TP462844"," 1","72348521","","0.1685","A"
"4","Trait5","pKWmEB","PstI.TP13354"," 1","72348985","","0.4488","G"
"4","Trait5","pKWmEB","PstI.TP13355"," 1","72349022","","0.0353","C"
"4","Trait5","pKWmEB","NsiI.TP568728"," 1","72350946","","1.3444","A"
"4","Trait5","pKWmEB","PstI.TP452929"," 1","72368447","","0.4743","A"
"4","Trait5","pKWmEB","NsiI.TP607427"," 1","72380263","","0.3294","A"
"4","Trait5","pKWmEB","NsiI.TP555321"," 1","72455894","","0.1829","C"
"4","Trait5","pKWmEB","NsiI.TP811382"," 1","72464009","","0.6165","C"
"4","Trait5","pKWmEB","PstI.TP913771"," 1","72469518","","0.6302","C"
"4","Trait5","pKWmEB","PstI.TP813982"," 1","72476178","","0.1548","C"
"4","Trait5","pKWmEB","PstI.TP1028892"," 1","72476957","","0.4035","G"
"4","Trait5","pKWmEB","PstI.TP1237469"," 1","72494540","","0.0762","C"
"4","Trait5","pKWmEB","PstI.TP468706"," 1","72516014","","1.0533","A"
"4","Trait5","pKWmEB","PstI.TP1250869"," 1","72516911","","0.3611","A"
"4","Trait5","pKWmEB","PstI.TP834002"," 1","72517077","","0.6222","A"
"4","Trait5","pKWmEB","NsiI.TP145885"," 1","72524116","","0.1536","A"
"4","Trait5","pKWmEB","PstI.TP378462"," 1","72566191","","0.4653","C"
"4","Trait5","pKWmEB","PstI.TP91130"," 1","72585815","","0.3111","G"
"4","Trait5","pKWmEB","NsiI.TP652520"," 1","72620519","","0.0894","A"
"4","Trait5","pKWmEB","NsiI.TP508594"," 1","72623469","","1.4180","C"
"4","Trait5","pKWmEB","NsiI.TP132536"," 1","72623717","","0.1677","C"
"4","Trait5","pKWmEB","PstI.TP645994"," 1","72633618","","0.7953","A"
"4","Trait5","pKWmEB","PstI.TP1222284"," 1","72660548","","0.3162","C"
"4","Trait5","pKWmEB","PstI.TP49873"," 1","72661944","","1.0095","G"
"4","Trait5","pKWmEB","NsiI.TP594207"," 1","72663556","","0.5624","C"
"4","Trait5","pKWmEB","PstI.TP1207347"," 1","72663921","","0.6022","C"
"4","Trait5","pKWmEB","NsiI.TP388887"," 1","72666037","","0.2449","C"
"4","Trait5","pKWmEB","PstI.TP412177"," 1","72673321","","0.1229","A"
"4","Trait5","pKWmEB","NsiI.TP674263"," 1","72675641","","0.6971","A"
"4","Trait5","pKWmEB","NsiI.TP469911"," 1","72682614","","0.4715","C"
"4","Trait5","pKWmEB","NsiI.TP786579"," 1","72682717","","0.5620","A"
"4","Trait5","pKWmEB","NsiI.TP394481"," 1","72690463","","0.4940","A"
"4","Trait5","pKWmEB","PstI.TP1267101"," 1","72690983","","0.4904","C"
"4","Trait5","pKWmEB","PstI.TP356352"," 1","72691347","","0.0936","C"
"4","Trait5","pKWmEB","PstI.TP1111001"," 1","72699767","","0.0066","A"
"4","Trait5","pKWmEB","PstI.TP867217"," 1","72701068","","0.5407","C"
"4","Trait5","pKWmEB","NsiI.TP6172"," 1","72725653","","0.0547","A"
"4","Trait5","pKWmEB","NsiI.TP81654"," 1","72734854","","0.1203","A"
"4","Trait5","pKWmEB","PstI.TP82716"," 1","72737215","","0.3150","A"
"4","Trait5","pKWmEB","NsiI.TP742458"," 1","72741549","","0.0035","C"
"4","Trait5","pKWmEB","PstI.TP1104826"," 1","72744589","","1.0211","C"
"4","Trait5","pKWmEB","NsiI.TP670607"," 1","72759048","","0.9626","A"
"4","Trait5","pKWmEB","NsiI.TP87947"," 1","72759085","","0.2456","A"
"4","Trait5","pKWmEB","PstI.TP834572"," 1","72763177","","0.3671","A"
"4","Trait5","pKWmEB","PstI.TP122384"," 1","72791843","","0.9162","C"
"4","Trait5","pKWmEB","NsiI.TP760870"," 1","72814385","","0.4103","A"
"4","Trait5","pKWmEB","PstI.TP990238"," 1","72830421","","0.8892","C"
"4","Trait5","pKWmEB","PstI.TP69064"," 1","72841125","","0.1452","A"
"4","Trait5","pKWmEB","NsiI.TP153110"," 1","72852234","","1.2634","A"
"4","Trait5","pKWmEB","PstI.TP1158409"," 1","72860093","","0.3994","A"
"4","Trait5","pKWmEB","PstI.TP273518"," 1","72860991","","0.8238","C"
"4","Trait5","pKWmEB","PstI.TP365519"," 1","72860999","","0.1594","G"
"4","Trait5","pKWmEB","PstI.TP1164523"," 1","72861113","","0.4049","C"
"4","Trait5","pKWmEB","PstI.TP708871"," 1","72868211","","0.3282","C"
"4","Trait5","pKWmEB","PstI.TP889862"," 1","72868614","","0.6381","G"
"4","Trait5","pKWmEB","NsiI.TP200059"," 1","72872198","","0.4665","C"
"4","Trait5","pKWmEB","PstI.TP1004938"," 1","72895372","","0.0610","C"
"4","Trait5","pKWmEB","PstI.TP195038"," 1","72903432","","1.4014","G"
"4","Trait5","pKWmEB","PstI.TP339412"," 1","72911521","","0.2043","G"
"4","Trait5","pKWmEB","PstI.TP873401"," 1","72914676","","0.3305","C"
"4","Trait5","pKWmEB","PstI.TP848433"," 1","72949385","","0.2619","C"
"4","Trait5","pKWmEB","PstI.TP97512"," 1","72949822","","0.3863","A"
"4","Trait5","pKWmEB","PstI.TP735061"," 1","72976269","","0.1975","C"
"4","Trait5","pKWmEB","NsiI.TP613724"," 1","72976871","","0.0141","C"
"4","Trait5","pKWmEB","PstI.TP587962"," 1","72984552","","0.2747","A"
"4","Trait5","pKWmEB","NsiI.TP33363"," 1","72987528","","1.4078","C"
"4","Trait5","pKWmEB","PstI.TP326325"," 1","72996509","","0.0423","A"
"4","Trait5","pKWmEB","PstI.TP1277595"," 1","73013204","","1.7075","A"
"4","Trait5","pKWmEB","NsiI.TP675729"," 1","73026878","","0.1637","G"
"4","Trait5","pKWmEB","NsiI.TP675727"," 1","73026885","","0.5134","A"
"4","Trait5","pKWmEB","NsiI.TP453211"," 1","73034023","","0.0168","A"
"4","Trait5","pKWmEB","PstI.TP1152951"," 1","73036679","","2.2077","C"
"4","Trait5","pKWmEB","PstI.TP1038172"," 1","73037380","","0.2929","A"
"4","Trait5","pKWmEB","NsiI.TP508753"," 1","73042701","","0.1141","A"
"4","Trait5","pKWmEB","NsiI.TP507421"," 1","73059093","","0.2230","C"
"4","Trait5","pKWmEB","PstI.TP180465"," 1","73062507","","0.0785","G"
"4","Trait5","pKWmEB","NsiI.TP274080"," 1","73064136","","0.0522","G"
"4","Trait5","pKWmEB","GFSSContig8113_253"," 1","73087203","","0.6303","A"
"4","Trait5","pKWmEB","PstI.TP913272"," 1","73099596","","0.1343","C"
"4","Trait5","pKWmEB","NsiI.TP148166"," 1","73109471","","0.8439","A"
"4","Trait5","pKWmEB","PstI.TP837057"," 1","73119677","","0.2699","C"
"4","Trait5","pKWmEB","PstI.TP209975"," 1","73122812","","0.2221","A"
"4","Trait5","pKWmEB","NsiI.TP151812"," 1","73122816","","0.8004","A"
"4","Trait5","pKWmEB","NsiI.TP216198"," 1","73125177","","0.2747","G"
"4","Trait5","pKWmEB","PstI.TP927424"," 1","73127829","","1.5637","A"
"4","Trait5","pKWmEB","NsiI.TP422526"," 1","73137230","","0.5807","C"
"4","Trait5","pKWmEB","PstI.TP666143"," 1","73143593","","0.1903","A"
"4","Trait5","pKWmEB","PstI.TP1212476"," 1","73145262","","0.0609","A"
"4","Trait5","pKWmEB","NsiI.TP156560"," 1","73170217","","0.2730","C"
"4","Trait5","pKWmEB","PstI.TP1181312"," 1","73170409","","0.3282","A"
"4","Trait5","pKWmEB","PstI.TP1047587"," 1","73170480","","0.2043","A"
"4","Trait5","pKWmEB","NsiI.TP690845"," 1","73173149","","0.0311","C"
"4","Trait5","pKWmEB","PstI.TP408698"," 1","73181067","","0.5041","C"
"4","Trait5","pKWmEB","PstI.TP360407"," 1","73181762","","0.7256","A"
"4","Trait5","pKWmEB","PstI.TP880946"," 1","73182431","","0.2792","C"
"4","Trait5","pKWmEB","NsiI.TP397168"," 1","73183621","","0.0855","G"
"4","Trait5","pKWmEB","PstI.TP1187691"," 1","73183705","","0.0659","C"
"4","Trait5","pKWmEB","PstI.TP491291"," 1","73199290","","0.4474","C"
"4","Trait5","pKWmEB","NsiI.TP611100"," 1","73210908","","0.2813","A"
"4","Trait5","pKWmEB","NsiI.TP552857"," 1","73216460","","0.2268","G"
"4","Trait5","pKWmEB","NsiI.TP435271"," 1","73216515","","0.5114","A"
"4","Trait5","pKWmEB","NsiI.TP811866"," 1","73230480","","0.3030","C"
"4","Trait5","pKWmEB","NsiI.TP620864"," 1","73234924","","0.4827","A"
"4","Trait5","pKWmEB","PstI.TP827589"," 1","73240480","","0.5289","A"
"4","Trait5","pKWmEB","NsiI.TP628928"," 1","73247122","","0.2209","C"
"4","Trait5","pKWmEB","PstI.TP354576"," 1","73254845","","0.0311","C"
"4","Trait5","pKWmEB","PstI.TP359705"," 1","73259173","","0.5772","C"
"4","Trait5","pKWmEB","NsiI.TP172096"," 1","73259271","","1.0899","C"
"4","Trait5","pKWmEB","PstI.TP745945"," 1","73261615","","0.5023","G"
"4","Trait5","pKWmEB","NsiI.TP813085"," 1","73266383","","0.1525","C"
"4","Trait5","pKWmEB","NsiI.TP702993"," 1","73273481","","0.2816","C"
"4","Trait5","pKWmEB","PstI.TP5073"," 1","73274153","","0.0351","A"
"4","Trait5","pKWmEB","NsiI.TP222587"," 1","73275339","","0.2229","A"
"4","Trait5","pKWmEB","NsiI.TP146445"," 1","73316692","","0.0280","C"
"4","Trait5","pKWmEB","PstI.TP448761"," 1","73324734","","0.1948","C"
"4","Trait5","pKWmEB","PstI.TP819173"," 1","73334962","","0.3786","A"
"4","Trait5","pKWmEB","PstI.TP637766"," 1","73335155","","0.0693","A"
"4","Trait5","pKWmEB","PstI.TP757801"," 1","73392292","","0.4462","C"
"4","Trait5","pKWmEB","PstI.TP368239"," 1","73423927","","0.4368","A"
"4","Trait5","pKWmEB","NsiI.TP485844"," 1","73429352","","0.5321","A"
"4","Trait5","pKWmEB","PstI.TP636334"," 1","73435857","","1.7204","A"
"4","Trait5","pKWmEB","NsiI.TP319918"," 1","73448725","","0.6929","A"
"4","Trait5","pKWmEB","PstI.TP1254730"," 1","73475354","","0.0604","G"
"4","Trait5","pKWmEB","PstI.TP76766"," 1","73479855","","0.9357","G"
"4","Trait5","pKWmEB","PstI.TP114424"," 1","73494664","","0.2789","A"
"4","Trait5","pKWmEB","PstI.TP837664"," 1","73498170","","0.2064","A"
"4","Trait5","pKWmEB","NsiI.TP716117"," 1","73501589","","0.2730","C"
"4","Trait5","pKWmEB","PstI.TP1243455"," 1","73504848","","0.3834","A"
"4","Trait5","pKWmEB","PstI.TP160648"," 1","73515608","","0.4157","A"
"4","Trait5","pKWmEB","PstI.TP1087435"," 1","73516899","","0.5925","A"
"4","Trait5","pKWmEB","PstI.TP103448"," 1","73516989","","0.5605","A"
"4","Trait5","pKWmEB","PstI.TP274902"," 1","73517954","","0.8761","C"
"4","Trait5","pKWmEB","PstI.TP249057"," 1","73523293","","0.1975","A"
"4","Trait5","pKWmEB","PstI.TP1007073"," 1","73532076","","0.0351","C"
"4","Trait5","pKWmEB","NsiI.TP282407"," 1","73542574","","0.3283","C"
"4","Trait5","pKWmEB","PstI.TP984008"," 1","73546683","","0.5914","A"
"4","Trait5","pKWmEB","NsiI.TP324428"," 1","73547894","","1.8254","A"
"4","Trait5","pKWmEB","PstI.TP130578"," 1","73563559","","0.6056","A"
"4","Trait5","pKWmEB","PstI.TP135889"," 1","73564522","","0.6238","A"
"4","Trait5","pKWmEB","NsiI.TP705804"," 1","73566158","","0.0228","C"
"4","Trait5","pKWmEB","NsiI.TP222046"," 1","73576744","","0.4418","A"
"4","Trait5","pKWmEB","NsiI.TP131926"," 1","73580803","","0.1481","C"
"4","Trait5","pKWmEB","NsiI.TP162391"," 1","73583086","","0.5700","A"
"4","Trait5","pKWmEB","PstI.TP1047511"," 1","73589498","","0.4423","A"
"4","Trait5","pKWmEB","PstI.TP134743"," 1","73610397","","0.1619","A"
"4","Trait5","pKWmEB","PstI.TP80388"," 1","73626823","","0.0711","A"
"4","Trait5","pKWmEB","PstI.TP46491"," 1","73639666","","0.2665","A"
"4","Trait5","pKWmEB","PstI.TP1027923"," 1","73654913","","2.9092","A"
"4","Trait5","pKWmEB","NsiI.TP60704"," 1","73654991","","0.5367","A"
"4","Trait5","pKWmEB","NsiI.TP471231"," 1","73666304","","0.1302","A"
"4","Trait5","pKWmEB","PstI.TP1252600"," 1","73666649","","0.0389","C"
"4","Trait5","pKWmEB","PstI.TP261875"," 1","73671392","","0.9163","A"
"4","Trait5","pKWmEB","NsiI.TP325991"," 1","73682267","","1.1073","C"
"4","Trait5","pKWmEB","NsiI.TP328467"," 1","73682346","","1.2179","C"
"4","Trait5","pKWmEB","NsiI.TP294842"," 1","73707059","","0.0438","A"
"4","Trait5","pKWmEB","NsiI.TP426943"," 1","73733282","","0.7828","C"
"4","Trait5","pKWmEB","PstI.TP1013121"," 1","73737116","","0.1723","A"
"4","Trait5","pKWmEB","NsiI.TP337422"," 1","73740061","","0.2649","A"
"4","Trait5","pKWmEB","NsiI.TP510696"," 1","73756998","","0.5207","A"
"4","Trait5","pKWmEB","PstI.TP1113794"," 1","73766782","","0.0965","C"
"4","Trait5","pKWmEB","NsiI.TP283831"," 1","73777901","","1.5309","G"
"4","Trait5","pKWmEB","NsiI.TP643306"," 1","73788367","","0.2905","A"
"4","Trait5","pKWmEB","NsiI.TP426850"," 1","73788816","","0.0032","C"
"4","Trait5","pKWmEB","PstI.TP1088043"," 1","73790447","","0.3573","A"
"4","Trait5","pKWmEB","NsiI.TP282971"," 1","73791421","","0.3123","C"
"4","Trait5","pKWmEB","PstI.TP544748"," 1","73791429","","0.2146","C"
"4","Trait5","pKWmEB","PstI.TP645714"," 1","73791462","","1.3253","A"
"4","Trait5","pKWmEB","PstI.TP735774"," 1","73800485","","0.1112","G"
"4","Trait5","pKWmEB","PstI.TP975773"," 1","73806356","","1.2911","A"
"4","Trait5","pKWmEB","NsiI.TP462316"," 1","73808021","","0.3530","A"
"4","Trait5","pKWmEB","PstI.TP717007"," 1","73811509","","0.1571","A"
"4","Trait5","pKWmEB","PstI.TP1166634"," 1","73811619","","0.0201","A"
"4","Trait5","pKWmEB","PstI.TP256272"," 1","73827582","","0.3571","C"
"4","Trait5","pKWmEB","PstI.TP271167"," 1","73832777","","0.5828","C"
"4","Trait5","pKWmEB","NsiI.TP245879"," 1","73833901","","0.8934","G"
"4","Trait5","pKWmEB","PstI.TP843466"," 1","73836689","","0.4418","A"
"4","Trait5","pKWmEB","NsiI.TP206712"," 1","73837213","","0.2013","C"
"4","Trait5","pKWmEB","NsiI.TP204124"," 1","73847223","","0.3710","A"
"4","Trait5","pKWmEB","PstI.TP985325"," 1","73865257","","0.0838","A"
"4","Trait5","pKWmEB","NsiI.TP802001"," 1","73872069","","0.0193","A"
"4","Trait5","pKWmEB","PstI.TP1241351"," 1","73878167","","0.0889","A"
"4","Trait5","pKWmEB","PstI.TP491938"," 1","73887440","","0.3020","C"
"4","Trait5","pKWmEB","PstI.TP189129"," 1","73890221","","0.3420","C"
"4","Trait5","pKWmEB","NsiI.TP652715"," 1","73893279","","0.7372","A"
"4","Trait5","pKWmEB","NsiI.TP513596"," 1","73904640","","0.0558","C"
"4","Trait5","pKWmEB","PstI.TP998598"," 1","73910717","","0.8218","C"
"4","Trait5","pKWmEB","PstI.TP187405"," 1","73910743","","0.0882","A"
"4","Trait5","pKWmEB","NsiI.TP420405"," 1","73939946","","0.1596","C"
"4","Trait5","pKWmEB","GFSSContig11701_739"," 1","73953149","","0.0141","A"
"4","Trait5","pKWmEB","NsiI.TP169818"," 1","73961280","","0.1278","G"
"4","Trait5","pKWmEB","PstI.TP513006"," 1","73971974","","0.4395","C"
"4","Trait5","pKWmEB","PstI.TP832974"," 1","73972161","","1.9210","C"
"4","Trait5","pKWmEB","PstI.TP535893"," 1","73975816","","0.3528","C"
"4","Trait5","pKWmEB","NsiI.TP162879"," 1","74026438","","0.3183","C"
"4","Trait5","pKWmEB","NsiI.TP488690"," 1","74031369","","0.2144","C"
"4","Trait5","pKWmEB","PstI.TP326891"," 1","74036176","","0.7755","A"
"4","Trait5","pKWmEB","PstI.TP1167892"," 1","74037395","","1.1286","A"
"4","Trait5","pKWmEB","NsiI.TP566138"," 1","74069839","","0.2002","A"
"4","Trait5","pKWmEB","PstI.TP514329"," 1","74074227","","0.4210","A"
"4","Trait5","pKWmEB","PstI.TP926409"," 1","74097223","","0.3085","C"
"4","Trait5","pKWmEB","NsiI.TP244932"," 1","74100659","","0.3866","G"
"4","Trait5","pKWmEB","PstI.TP393658"," 1","74108190","","0.2066","A"
"4","Trait5","pKWmEB","PstI.TP1242131"," 1","74121379","","0.1263","G"
"4","Trait5","pKWmEB","NsiI.TP486569"," 1","74123229","","0.2013","A"
"4","Trait5","pKWmEB","NsiI.TP552932"," 1","74123343","","0.4069","G"
"4","Trait5","pKWmEB","NsiI.TP494970"," 1","74124026","","0.0661","A"
"4","Trait5","pKWmEB","NsiI.TP282281"," 1","74127383","","0.3903","C"
"4","Trait5","pKWmEB","NsiI.TP370829"," 1","74129263","","0.0363","C"
"4","Trait5","pKWmEB","PstI.TP914378"," 1","74129281","","0.0513","C"
"4","Trait5","pKWmEB","PstI.TP802577"," 1","74132587","","0.1088","A"
"4","Trait5","pKWmEB","PstI.TP335898"," 1","74135775","","0.0862","G"
"4","Trait5","pKWmEB","NsiI.TP86357"," 1","74157557","","0.0576","G"
"4","Trait5","pKWmEB","PstI.TP87698"," 1","74157702","","0.3023","A"
"4","Trait5","pKWmEB","PstI.TP736136"," 1","74190367","","0.4224","C"
"4","Trait5","pKWmEB","PstI.TP468261"," 1","74190398","","0.2013","A"
"4","Trait5","pKWmEB","PstI.TP455140"," 1","74199572","","2.2046","A"
"4","Trait5","pKWmEB","NsiI.TP823283"," 1","74209914","","1.5647","C"
"4","Trait5","pKWmEB","PstI.TP192308"," 1","74218508","","1.0411","A"
"4","Trait5","pKWmEB","NsiI.TP570756"," 1","74225247","","0.1107","C"
"4","Trait5","pKWmEB","PstI.TP130559"," 1","74240434","","0.5697","A"
"4","Trait5","pKWmEB","PstI.TP546282"," 1","74246317","","0.3558","G"
"4","Trait5","pKWmEB","PstI.TP544328"," 1","74290363","","0.5644","C"
"4","Trait5","pKWmEB","NsiI.TP620972"," 1","74293861","","0.3283","C"
"4","Trait5","pKWmEB","PstI.TP880155"," 1","74294114","","0.1781","C"
"4","Trait5","pKWmEB","PstI.TP154471"," 1","74295208","","0.2617","A"
"4","Trait5","pKWmEB","NsiI.TP406463"," 1","74297745","","0.0381","C"
"4","Trait5","pKWmEB","NsiI.TP371401"," 1","74298489","","0.4885","A"
"4","Trait5","pKWmEB","NsiI.TP287157"," 1","74298562","","0.5621","A"
"4","Trait5","pKWmEB","PstI.TP893899"," 1","74312919","","0.0968","C"
"4","Trait5","pKWmEB","NsiI.TP653711"," 1","74336567","","0.3746","C"
"4","Trait5","pKWmEB","NsiI.TP156088"," 1","74340900","","0.2150","C"
"4","Trait5","pKWmEB","PstI.TP334182"," 1","74360210","","0.0999","C"
"4","Trait5","pKWmEB","NsiI.TP346583"," 1","74361642","","0.5975","A"
"4","Trait5","pKWmEB","PstI.TP258621"," 1","74361721","","0.8560","A"
"4","Trait5","pKWmEB","NsiI.TP807290"," 1","74362701","","0.7879","A"
"4","Trait5","pKWmEB","PstI.TP1196417"," 1","74370670","","1.1769","A"
"4","Trait5","pKWmEB","NsiI.TP470723"," 1","74378808","","0.6870","A"
"4","Trait5","pKWmEB","PstI.TP1032632"," 1","74402757","","0.5521","A"
"4","Trait5","pKWmEB","NsiI.TP425253"," 1","74403091","","0.6700","A"
"4","Trait5","pKWmEB","PstI.TP670330"," 1","74404426","","0.4069","A"
"4","Trait5","pKWmEB","PstI.TP853328"," 1","74427611","","0.6739","C"
"4","Trait5","pKWmEB","PstI.TP609579"," 1","74441655","","0.1774","C"
"4","Trait5","pKWmEB","PstI.TP82865"," 1","74447451","","0.2957","C"
"4","Trait5","pKWmEB","PstI.TP795530"," 1","74447495","","1.5856","A"
"4","Trait5","pKWmEB","NsiI.TP783071"," 1","74489443","","0.8004","A"
"4","Trait5","pKWmEB","NsiI.TP551538"," 1","74505630","","0.3452","A"
"4","Trait5","pKWmEB","PstI.TP220429"," 1","74527810","","0.4301","C"
"4","Trait5","pKWmEB","NsiI.TP164686"," 1","74530342","","0.9811","A"
"4","Trait5","pKWmEB","NsiI.TP665067"," 1","74533903","","0.9467","C"
"4","Trait5","pKWmEB","PstI.TP214301"," 1","74533970","","0.7136","A"
"4","Trait5","pKWmEB","PstI.TP706856"," 1","74539608","","0.2948","C"
"4","Trait5","pKWmEB","NsiI.TP501226"," 1","74548397","","0.1832","G"
"4","Trait5","pKWmEB","PstI.TP1203869"," 1","74588086","","0.4038","G"
"4","Trait5","pKWmEB","PstI.TP18789"," 1","74589455","","0.7496","A"
"4","Trait5","pKWmEB","PstI.TP398108"," 1","74599097","","0.0181","C"
"4","Trait5","pKWmEB","NsiI.TP171470"," 1","74618657","","0.5041","C"
"4","Trait5","pKWmEB","PstI.TP1167699"," 1","74628243","","1.0063","A"
"4","Trait5","pKWmEB","PstI.TP505352"," 1","74651201","","0.1975","A"
"4","Trait5","pKWmEB","NsiI.TP301475"," 1","74664233","","0.3240","A"
"4","Trait5","pKWmEB","PstI.TP302844"," 1","74664707","","0.2608","C"
"4","Trait5","pKWmEB","PstI.TP987252"," 1","74668478","","0.2210","C"
"4","Trait5","pKWmEB","PstI.TP512736"," 1","74671934","","0.1951","A"
"4","Trait5","pKWmEB","PstI.TP693726"," 1","74701328","","0.3517","C"
"4","Trait5","pKWmEB","PstI.TP95450"," 1","74768149","","0.5362","C"
"4","Trait5","pKWmEB","PstI.TP1029904"," 1","74770232","","0.1145","C"
"4","Trait5","pKWmEB","NsiI.TP323224"," 1","74770262","","0.3847","C"
"4","Trait5","pKWmEB","NsiI.TP323223"," 1","74770267","","1.3373","C"
"4","Trait5","pKWmEB","NsiI.TP447130"," 1","74774494","","0.2185","A"
"4","Trait5","pKWmEB","PstI.TP1187680"," 1","74780008","","0.4531","C"
"4","Trait5","pKWmEB","PstI.TP1282620"," 1","74797102","","0.6886","A"
"4","Trait5","pKWmEB","PstI.TP137469"," 1","74815207","","0.0419","A"
"4","Trait5","pKWmEB","GFSSContig15931_175"," 1","74820300","","1.3066","A"
"4","Trait5","pKWmEB","NsiI.TP465791"," 1","74820948","","0.0000","A"
"4","Trait5","pKWmEB","PstI.TP1291324"," 1","74827939","","0.3231","C"
"4","Trait5","pKWmEB","NsiI.TP77992"," 1","74837346","","0.0885","C"
"4","Trait5","pKWmEB","NsiI.TP781285"," 1","74837414","","0.3420","C"
"4","Trait5","pKWmEB","PstI.TP30857"," 1","74846682","","1.6674","A"
"4","Trait5","pKWmEB","NsiI.TP635035"," 1","74846699","","1.6931","C"
"4","Trait5","pKWmEB","PstI.TP13346"," 1","74849030","","0.3092","A"
"4","Trait5","pKWmEB","PstI.TP133988"," 1","74849338","","0.6517","A"
"4","Trait5","pKWmEB","PstI.TP459113"," 1","74849398","","0.1918","A"
"4","Trait5","pKWmEB","PstI.TP180742"," 1","74850089","","0.1596","A"
"4","Trait5","pKWmEB","PstI.TP930223"," 1","74881486","","0.8784","G"
"4","Trait5","pKWmEB","PstI.TP75596"," 1","74903267","","0.0936","C"
"4","Trait5","pKWmEB","PstI.TP304860"," 1","74969305","","0.3131","A"
"4","Trait5","pKWmEB","NsiI.TP369014"," 1","74970143","","0.0095","A"
"4","Trait5","pKWmEB","PstI.TP174996"," 1","74974178","","0.4838","C"
"4","Trait5","pKWmEB","NsiI.TP38202"," 1","74974320","","0.2888","A"
"4","Trait5","pKWmEB","PstI.TP386089"," 1","74989741","","0.2714","A"
"4","Trait5","pKWmEB","NsiI.TP132498"," 1","74992153","","0.3596","A"
"4","Trait5","pKWmEB","NsiI.TP528055"," 1","74998042","","0.7188","C"
"4","Trait5","pKWmEB","PstI.TP320980"," 1","74998289","","0.1584","C"
"4","Trait5","pKWmEB","NsiI.TP108920"," 1","75045010","","0.0110","A"
"4","Trait5","pKWmEB","PstI.TP373462"," 1","75068031","","0.3587","C"
"4","Trait5","pKWmEB","PstI.TP418168"," 1","75078799","","0.6005","C"
"4","Trait5","pKWmEB","NsiI.TP591143"," 1","75079868","","0.5578","C"
"4","Trait5","pKWmEB","PstI.TP405184"," 1","75082559","","0.9101","A"
"4","Trait5","pKWmEB","PstI.TP867863"," 1","75084001","","0.1483","C"
"4","Trait5","pKWmEB","NsiI.TP352338"," 1","75094284","","0.0258","C"
"4","Trait5","pKWmEB","NsiI.TP40810"," 1","75094392","","0.0535","A"
"4","Trait5","pKWmEB","PstI.TP113670"," 1","75122360","","0.5203","A"
"4","Trait5","pKWmEB","NsiI.TP146007"," 1","75124467","","0.0602","C"
"4","Trait5","pKWmEB","NsiI.TP528837"," 1","75148612","","0.1862","C"
"4","Trait5","pKWmEB","PstI.TP710507"," 1","75154807","","0.0067","C"
"4","Trait5","pKWmEB","NsiI.TP368296"," 1","75154939","","0.1298","C"
"4","Trait5","pKWmEB","NsiI.TP499245"," 1","75159916","","0.2813","C"
"4","Trait5","pKWmEB","NsiI.TP625136"," 1","75160822","","0.0637","A"
"4","Trait5","pKWmEB","PstI.TP626222"," 1","75163481","","0.1302","A"
"4","Trait5","pKWmEB","PstI.TP978043"," 1","75183592","","0.3553","C"
"4","Trait5","pKWmEB","PstI.TP1173107"," 1","75183658","","0.0092","C"
"4","Trait5","pKWmEB","PstI.TP38227"," 1","75241998","","0.0224","A"
"4","Trait5","pKWmEB","NsiI.TP78269"," 1","75282753","","0.4215","A"
"4","Trait5","pKWmEB","NsiI.TP416550"," 1","75287127","","0.3786","C"
"4","Trait5","pKWmEB","NsiI.TP418118"," 1","75287253","","0.9629","A"
"4","Trait5","pKWmEB","PstI.TP124034"," 1","75313278","","0.1967","A"
"4","Trait5","pKWmEB","PstI.TP241635"," 1","75313297","","0.2047","A"
"4","Trait5","pKWmEB","PstI.TP650884"," 1","75313903","","0.1954","C"
"4","Trait5","pKWmEB","NsiI.TP463976"," 1","75324039","","0.1007","C"
"4","Trait5","pKWmEB","NsiI.TP629989"," 1","75324107","","0.0553","A"
"4","Trait5","pKWmEB","PstI.TP451984"," 1","75334729","","0.1573","A"
"4","Trait5","pKWmEB","NsiI.TP415654"," 1","75354964","","0.7830","A"
"4","Trait5","pKWmEB","PstI.TP405299"," 1","75361286","","0.1192","G"
"4","Trait5","pKWmEB","NsiI.TP520447"," 1","75369197","","0.5704","A"
"4","Trait5","pKWmEB","NsiI.TP437356"," 1","75370023","","0.6911","A"
"4","Trait5","pKWmEB","NsiI.TP641784"," 1","75379851","","0.2395","C"
"4","Trait5","pKWmEB","NsiI.TP572807"," 1","75388349","","0.1361","A"
"4","Trait5","pKWmEB","NsiI.TP148803"," 1","75391839","","0.4144","A"
"4","Trait5","pKWmEB","PstI.TP606465"," 1","75416261","","0.9934","C"
"4","Trait5","pKWmEB","NsiI.TP195403"," 1","75432709","","0.8055","G"
"4","Trait5","pKWmEB","PstI.TP336567"," 1","75434162","","0.7460","A"
"4","Trait5","pKWmEB","NsiI.TP575406"," 1","75441102","","0.5303","A"
"4","Trait5","pKWmEB","NsiI.TP575405"," 1","75441125","","0.9187","C"
"4","Trait5","pKWmEB","NsiI.TP387081"," 1","75463805","","0.0889","C"
"4","Trait5","pKWmEB","PstI.TP1004618"," 1","75467016","","0.3040","C"
"4","Trait5","pKWmEB","PstI.TP860935"," 1","75475470","","0.8319","C"
"4","Trait5","pKWmEB","PstI.TP116421"," 1","75487515","","0.0234","A"
"4","Trait5","pKWmEB","NsiI.TP421896"," 1","75490287","","0.3739","A"
"4","Trait5","pKWmEB","NsiI.TP621837"," 1","75531021","","1.1773","A"
"4","Trait5","pKWmEB","PstI.TP130057"," 1","75536936","","0.2983","A"
"4","Trait5","pKWmEB","PstI.TP705628"," 1","75537014","","0.5108","C"
"4","Trait5","pKWmEB","PstI.TP931247"," 1","75539044","","0.8103","A"
"4","Trait5","pKWmEB","PstI.TP263305"," 1","75579096","","0.0040","A"
"4","Trait5","pKWmEB","PstI.TP1014264"," 1","75579176","","0.1378","C"
"4","Trait5","pKWmEB","PstI.TP792380"," 1","75587459","","0.1070","A"
"4","Trait5","pKWmEB","PstI.TP191410"," 1","75595577","","0.4930","A"
"4","Trait5","pKWmEB","NsiI.TP752080"," 1","75595902","","0.3548","A"
"4","Trait5","pKWmEB","NsiI.TP454231"," 1","75616421","","0.5482","A"
"4","Trait5","pKWmEB","NsiI.TP670301"," 1","75616619","","0.0364","C"
"4","Trait5","pKWmEB","NsiI.TP670303"," 1","75616637","","0.0043","G"
"4","Trait5","pKWmEB","NsiI.TP426452"," 1","75617475","","0.5265","C"
"4","Trait5","pKWmEB","NsiI.TP74770"," 1","75620191","","0.0737","A"
"4","Trait5","pKWmEB","NsiI.TP625297"," 1","75638754","","0.1342","A"
"4","Trait5","pKWmEB","PstI.TP1266924"," 1","75661597","","0.2171","A"
"4","Trait5","pKWmEB","PstI.TP107268"," 1","75679602","","0.7375","C"
"4","Trait5","pKWmEB","PstI.TP950922"," 1","75703487","","0.8961","C"
"4","Trait5","pKWmEB","PstI.TP1155269"," 1","75726570","","0.6262","A"
"4","Trait5","pKWmEB","PstI.TP697248"," 1","75745925","","1.6871","A"
"4","Trait5","pKWmEB","NsiI.TP506284"," 1","75748041","","1.6830","C"
"4","Trait5","pKWmEB","PstI.TP1131100"," 1","75760470","","0.3683","A"
"4","Trait5","pKWmEB","PstI.TP998162"," 1","75764530","","0.2685","A"
"4","Trait5","pKWmEB","PstI.TP186953"," 1","75764897","","0.3419","A"
"4","Trait5","pKWmEB","PstI.TP795152"," 1","75796894","","0.3557","C"
"4","Trait5","pKWmEB","PstI.TP1226590"," 1","75797707","","0.2285","A"
"4","Trait5","pKWmEB","NsiI.TP8476"," 1","75801815","","1.1518","A"
"4","Trait5","pKWmEB","NsiI.TP560501"," 1","75823861","","0.9911","A"
"4","Trait5","pKWmEB","NsiI.TP560502"," 1","75823863","","0.7380","A"
"4","Trait5","pKWmEB","NsiI.TP506838"," 1","75823936","","0.5580","A"
"4","Trait5","pKWmEB","NsiI.TP108819"," 1","75825158","","0.3700","C"
"4","Trait5","pKWmEB","PstI.TP1065133"," 1","75825553","","0.3245","A"
"4","Trait5","pKWmEB","PstI.TP36462"," 1","75827343","","0.1628","A"
"4","Trait5","pKWmEB","PstI.TP306856"," 1","75848833","","0.0683","A"
"4","Trait5","pKWmEB","NsiI.TP575821"," 1","75862405","","0.1948","G"
"4","Trait5","pKWmEB","PstI.TP854771"," 1","75863530","","0.1211","A"
"4","Trait5","pKWmEB","NsiI.TP424837"," 1","75863878","","0.4919","C"
"4","Trait5","pKWmEB","PstI.TP761781"," 1","75871105","","0.3448","G"
"4","Trait5","pKWmEB","NsiI.TP446938"," 1","75897062","","0.4657","G"
"4","Trait5","pKWmEB","NsiI.TP35373"," 1","75917930","","0.0430","C"
"4","Trait5","pKWmEB","PstI.TP243580"," 1","75922486","","0.3770","C"
"4","Trait5","pKWmEB","PstI.TP1186136"," 1","75922898","","1.8988","A"
"4","Trait5","pKWmEB","NsiI.TP340348"," 1","75967143","","0.7346","A"
"4","Trait5","pKWmEB","PstI.TP149501"," 1","75982580","","0.0731","A"
"4","Trait5","pKWmEB","PstI.TP455545"," 1","75986610","","0.5997","A"
"4","Trait5","pKWmEB","PstI.TP178749"," 1","75987001","","0.0712","A"
"4","Trait5","pKWmEB","PstI.TP786079"," 1","75991098","","0.0228","C"
"4","Trait5","pKWmEB","NsiI.TP522298"," 1","76000935","","0.6154","A"
"4","Trait5","pKWmEB","NsiI.TP503926"," 1","76022515","","0.1192","C"
"4","Trait5","pKWmEB","NsiI.TP716293"," 1","76063572","","0.3938","A"
"4","Trait5","pKWmEB","NsiI.TP716292"," 1","76063604","","0.1489","A"
"4","Trait5","pKWmEB","NsiI.TP320748"," 1","76072042","","0.2682","A"
"4","Trait5","pKWmEB","NsiI.TP827059"," 1","76090300","","0.2136","G"
"4","Trait5","pKWmEB","GFSSContig19736_4089"," 1","76098390","","0.9253","A"
"4","Trait5","pKWmEB","NsiI.TP352765"," 1","76099839","","0.0825","A"
"4","Trait5","pKWmEB","PstI.TP744556"," 1","76101544","","0.1998","A"
"4","Trait5","pKWmEB","PstI.TP357677"," 1","76102511","","0.2425","A"
"4","Trait5","pKWmEB","PstI.TP747261"," 1","76107837","","0.7274","G"
"4","Trait5","pKWmEB","PstI.TP628316"," 1","76113889","","0.3806","C"
"4","Trait5","pKWmEB","PstI.TP373008"," 1","76115111","","0.4200","A"
"4","Trait5","pKWmEB","PstI.TP951802"," 1","76115163","","0.9629","C"
"4","Trait5","pKWmEB","PstI.TP1117811"," 1","76155423","","0.0025","C"
"4","Trait5","pKWmEB","NsiI.TP422447"," 1","76155603","","0.0419","A"
"4","Trait5","pKWmEB","PstI.TP24084"," 1","76155984","","0.1663","C"
"4","Trait5","pKWmEB","NsiI.TP203794"," 1","76165231","","0.3187","A"
"4","Trait5","pKWmEB","NsiI.TP203790"," 1","76165257","","0.5111","A"
"4","Trait5","pKWmEB","PstI.TP551527"," 1","76166616","","0.6054","A"
"4","Trait5","pKWmEB","PstI.TP742499"," 1","76179984","","0.0995","C"
"4","Trait5","pKWmEB","PstI.TP1263200"," 1","76180497","","0.1822","A"
"4","Trait5","pKWmEB","NsiI.TP832364"," 1","76203935","","1.5365","G"
"4","Trait5","pKWmEB","PstI.TP1284754"," 1","76220168","","0.0773","C"
"4","Trait5","pKWmEB","PstI.TP37460"," 1","76253040","","0.7274","G"
"4","Trait5","pKWmEB","PstI.TP314244"," 1","76274649","","0.0519","C"
"4","Trait5","pKWmEB","GFk45ctg313733_129"," 1","76275239","","0.1311","A"
"4","Trait5","pKWmEB","PstI.TP109458"," 1","76286790","","0.3640","C"
"4","Trait5","pKWmEB","NsiI.TP511244"," 1","76291569","","1.7486","A"
"4","Trait5","pKWmEB","NsiI.TP376365"," 1","76342208","","1.7575","A"
"4","Trait5","pKWmEB","NsiI.TP520952"," 1","76349249","","0.3372","C"
"4","Trait5","pKWmEB","PstI.TP1246078"," 1","76351578","","0.0389","A"
"4","Trait5","pKWmEB","PstI.TP197970"," 1","76351944","","0.1845","A"
"4","Trait5","pKWmEB","NsiI.TP499934"," 1","76362422","","0.7880","G"
"4","Trait5","pKWmEB","NsiI.TP499936"," 1","76362441","","0.5612","C"
"4","Trait5","pKWmEB","PstI.TP1071288"," 1","76388738","","0.3343","C"
"4","Trait5","pKWmEB","NsiI.TP404457"," 1","76403176","","0.1868","A"
"4","Trait5","pKWmEB","PstI.TP297686"," 1","76403396","","0.8569","C"
"4","Trait5","pKWmEB","PstI.TP297682"," 1","76403420","","0.3917","C"
"4","Trait5","pKWmEB","NsiI.TP439820"," 1","76415349","","0.0983","C"
"4","Trait5","pKWmEB","NsiI.TP528762"," 1","76435180","","0.5107","A"
"4","Trait5","pKWmEB","NsiI.TP528742"," 1","76444423","","1.4108","A"
"4","Trait5","pKWmEB","NsiI.TP528766"," 1","76444433","","0.2197","C"
"4","Trait5","pKWmEB","NsiI.TP328643"," 1","76478049","","0.7322","C"
"4","Trait5","pKWmEB","PstI.TP258997"," 1","76479804","","0.5819","A"
"4","Trait5","pKWmEB","PstI.TP120913"," 1","76485023","","0.2507","A"
"4","Trait5","pKWmEB","NsiI.TP420692"," 1","76527293","","1.1218","C"
"4","Trait5","pKWmEB","NsiI.TP627670"," 1","76554738","","0.0719","A"
"4","Trait5","pKWmEB","NsiI.TP488689"," 1","76564800","","0.7446","C"
"4","Trait5","pKWmEB","PstI.TP413420"," 1","76642889","","1.7824","G"
"4","Trait5","pKWmEB","PstI.TP910778"," 1","76643935","","0.1190","A"
"4","Trait5","pKWmEB","NsiI.TP258256"," 1","76660578","","0.5841","C"
"4","Trait5","pKWmEB","NsiI.TP258257"," 1","76660602","","0.2682","A"
"4","Trait5","pKWmEB","NsiI.TP456169"," 1","76660988","","0.7968","A"
"4","Trait5","pKWmEB","PstI.TP87222"," 1","76670261","","0.9361","C"
"4","Trait5","pKWmEB","NsiI.TP332684"," 1","76671524","","0.3465","A"
"4","Trait5","pKWmEB","NsiI.TP237909"," 1","76673586","","0.2949","C"
"4","Trait5","pKWmEB","PstI.TP104467"," 1","76678896","","0.5033","G"
"4","Trait5","pKWmEB","NsiI.TP616725"," 1","76679493","","0.7840","C"
"4","Trait5","pKWmEB","NsiI.TP385607"," 1","76681155","","0.0229","A"
"4","Trait5","pKWmEB","NsiI.TP798690"," 1","76683673","","0.0012","C"
"4","Trait5","pKWmEB","NsiI.TP664435"," 1","76700674","","0.1351","C"
"4","Trait5","pKWmEB","NsiI.TP56048"," 1","76704148","","0.1738","A"
"4","Trait5","pKWmEB","PstI.TP324439"," 1","76705670","","0.3807","A"
"4","Trait5","pKWmEB","PstI.TP143900"," 1","76721157","","0.3238","C"
"4","Trait5","pKWmEB","NsiI.TP29120"," 1","76725881","","0.1390","G"
"4","Trait5","pKWmEB","NsiI.TP796587"," 1","76740694","","0.1680","C"
"4","Trait5","pKWmEB","NsiI.TP195045"," 1","76748463","","0.3339","C"
"4","Trait5","pKWmEB","NsiI.TP221908"," 1","76748469","","0.0118","C"
"4","Trait5","pKWmEB","PstI.TP32939"," 1","76748752","","0.1374","A"
"4","Trait5","pKWmEB","PstI.TP308534"," 1","76810876","","0.4544","A"
"4","Trait5","pKWmEB","PstI.TP52592"," 1","76810927","","0.4353","A"
"4","Trait5","pKWmEB","PstI.TP111007"," 1","76814269","","0.4348","A"
"4","Trait5","pKWmEB","PstI.TP1042097"," 1","76818158","","0.6761","G"
"4","Trait5","pKWmEB","PstI.TP1063207"," 1","76849979","","1.8588","A"
"4","Trait5","pKWmEB","NsiI.TP443683"," 1","76864567","","0.2312","A"
"4","Trait5","pKWmEB","NsiI.TP386876"," 1","76865112","","0.1154","A"
"4","Trait5","pKWmEB","PstI.TP836894"," 1","76867148","","0.1527","C"
"4","Trait5","pKWmEB","NsiI.TP457548"," 1","76928921","","0.1723","C"
"4","Trait5","pKWmEB","NsiI.TP158087"," 1","76933848","","0.7652","C"
"4","Trait5","pKWmEB","PstI.TP638883"," 1","76935542","","0.4405","C"
"4","Trait5","pKWmEB","PstI.TP113137"," 1","76935640","","0.5038","C"
"4","Trait5","pKWmEB","NsiI.TP457459"," 1","76936701","","0.2597","C"
"4","Trait5","pKWmEB","NsiI.TP612350"," 1","76936701","","0.0841","G"
"4","Trait5","pKWmEB","NsiI.TP204672"," 1","76937185","","0.4971","C"
"4","Trait5","pKWmEB","NsiI.TP674441"," 1","76937584","","0.0225","A"
"4","Trait5","pKWmEB","NsiI.TP56323"," 1","76939788","","0.8707","C"
"4","Trait5","pKWmEB","NsiI.TP631040"," 1","76939823","","0.0032","G"
"4","Trait5","pKWmEB","NsiI.TP738506"," 1","76983201","","0.0096","C"
"4","Trait5","pKWmEB","PstI.TP214169"," 1","76984999","","0.0660","C"
"4","Trait5","pKWmEB","NsiI.TP494537"," 1","76989799","","0.1858","C"
"4","Trait5","pKWmEB","PstI.TP111209"," 1","76999156","","0.4240","A"
"4","Trait5","pKWmEB","NsiI.TP577292"," 1","77013324","","0.0939","A"
"4","Trait5","pKWmEB","PstI.TP1166641"," 1","77042877","","0.5065","A"
"4","Trait5","pKWmEB","NsiI.TP742840"," 1","77051091","","0.6381","G"
"4","Trait5","pKWmEB","PstI.TP503339"," 1","77063375","","0.3344","A"
"4","Trait5","pKWmEB","NsiI.TP521277"," 1","77064058","","0.0433","C"
"4","Trait5","pKWmEB","PstI.TP864305"," 1","77077806","","0.1269","A"
"4","Trait5","pKWmEB","PstI.TP80405"," 1","77077924","","0.3057","G"
"4","Trait5","pKWmEB","PstI.TP737507"," 1","77078825","","0.5813","A"
"4","Trait5","pKWmEB","PstI.TP986105"," 1","77094369","","0.4393","A"
"4","Trait5","pKWmEB","NsiI.TP680028"," 1","77098509","","0.7060","A"
"4","Trait5","pKWmEB","PstI.TP911508"," 1","77105026","","0.0523","C"
"4","Trait5","pKWmEB","NsiI.TP621083"," 1","77106321","","0.7220","A"
"4","Trait5","pKWmEB","NsiI.TP129502"," 1","77111324","","0.0399","A"
"4","Trait5","pKWmEB","PstI.TP655019"," 1","77130678","","0.0044","C"
"4","Trait5","pKWmEB","NsiI.TP726823"," 1","77132874","","0.0659","C"
"4","Trait5","pKWmEB","GFSSContig18881_588"," 1","77133165","","1.6616","A"
"4","Trait5","pKWmEB","NsiI.TP825202"," 1","77140704","","0.0756","C"
"4","Trait5","pKWmEB","NsiI.TP41096"," 1","77143550","","0.4081","A"
"4","Trait5","pKWmEB","PstI.TP523598"," 1","77160468","","0.3464","C"
"4","Trait5","pKWmEB","PstI.TP1108372"," 1","77160525","","0.4332","C"
"4","Trait5","pKWmEB","NsiI.TP475857"," 1","77164996","","0.3950","A"
"4","Trait5","pKWmEB","NsiI.TP475855"," 1","77165023","","0.1804","A"
"4","Trait5","pKWmEB","PstI.TP739808"," 1","77165647","","0.0267","A"
"4","Trait5","pKWmEB","PstI.TP543309"," 1","77166071","","0.3253","A"
"4","Trait5","pKWmEB","NsiI.TP559086"," 1","77166683","","0.2248","G"
"4","Trait5","pKWmEB","NsiI.TP696475"," 1","77183589","","0.1088","A"
"4","Trait5","pKWmEB","PstI.TP221089"," 1","77184045","","0.2223","A"
"4","Trait5","pKWmEB","PstI.TP858544"," 1","77208007","","1.3116","C"
"4","Trait5","pKWmEB","PstI.TP1151255"," 1","77213117","","0.8596","A"
"4","Trait5","pKWmEB","NsiI.TP501566"," 1","77214818","","0.2427","A"
"4","Trait5","pKWmEB","NsiI.TP501565"," 1","77214831","","1.4564","C"
"4","Trait5","pKWmEB","PstI.TP815825"," 1","77215495","","0.1449","A"
"4","Trait5","pKWmEB","PstI.TP360170"," 1","77217924","","1.0760","C"
"4","Trait5","pKWmEB","PstI.TP226753"," 1","77218429","","0.4611","A"
"4","Trait5","pKWmEB","PstI.TP189885"," 1","77223222","","0.0149","G"
"4","Trait5","pKWmEB","PstI.TP937800"," 1","77225298","","1.4910","A"
"4","Trait5","pKWmEB","PstI.TP833275"," 1","77225365","","0.4074","C"
"4","Trait5","pKWmEB","NsiI.TP285396"," 1","77225474","","0.0685","A"
"4","Trait5","pKWmEB","NsiI.TP550018"," 1","77225808","","0.1721","C"
"4","Trait5","pKWmEB","PstI.TP7045"," 1","77244483","","0.2669","A"
"4","Trait5","pKWmEB","PstI.TP375640"," 1","77251518","","0.3554","A"
"4","Trait5","pKWmEB","NsiI.TP323206"," 1","77278386","","0.3997","C"
"4","Trait5","pKWmEB","NsiI.TP277004"," 1","77284693","","0.1564","A"
"4","Trait5","pKWmEB","NsiI.TP132718"," 1","77289381","","2.2674","G"
"4","Trait5","pKWmEB","NsiI.TP73627"," 1","77311293","","0.7732","A"
"4","Trait5","pKWmEB","GFSSContig17989_352"," 1","77311515","","0.2801","A"
"4","Trait5","pKWmEB","PstI.TP101269"," 1","77318955","","0.1700","A"
"4","Trait5","pKWmEB","NsiI.TP434746"," 1","77326949","","0.2107","C"
"4","Trait5","pKWmEB","PstI.TP1124337"," 1","77338610","","0.0610","C"
"4","Trait5","pKWmEB","PstI.TP387304"," 1","77345403","","0.1018","C"
"4","Trait5","pKWmEB","PstI.TP641814"," 1","77353564","","0.0871","A"
"4","Trait5","pKWmEB","PstI.TP1013416"," 1","77366262","","0.3786","G"
"4","Trait5","pKWmEB","PstI.TP282710"," 1","77386644","","1.2239","G"
"4","Trait5","pKWmEB","PstI.TP315020"," 1","77386737","","0.1252","A"
"4","Trait5","pKWmEB","PstI.TP89031"," 1","77412737","","0.1302","G"
"4","Trait5","pKWmEB","PstI.TP698125"," 1","77425641","","0.1629","A"
"4","Trait5","pKWmEB","NsiI.TP621997"," 1","77441060","","0.0676","A"
"4","Trait5","pKWmEB","NsiI.TP66208"," 1","77488848","","0.1020","C"
"4","Trait5","pKWmEB","NsiI.TP549768"," 1","77494082","","0.5227","C"
"4","Trait5","pKWmEB","NsiI.TP474215"," 1","77512901","","0.2836","A"
"4","Trait5","pKWmEB","NsiI.TP753450"," 1","77514681","","0.2664","A"
"4","Trait5","pKWmEB","GFSSContig4708_491"," 1","77516952","","0.7153","C"
"4","Trait5","pKWmEB","PstI.TP1263658"," 1","77519864","","0.8647","A"
"4","Trait5","pKWmEB","NsiI.TP270372"," 1","77559480","","0.8991","C"
"4","Trait5","pKWmEB","PstI.TP14292"," 1","77560987","","0.2540","C"
"4","Trait5","pKWmEB","NsiI.TP354390"," 1","77569036","","0.1719","C"
"4","Trait5","pKWmEB","NsiI.TP761081"," 1","77596442","","1.5346","C"
"4","Trait5","pKWmEB","NsiI.TP574233"," 1","77601585","","0.0398","C"
"4","Trait5","pKWmEB","PstI.TP843008"," 1","77620090","","0.3256","C"
"4","Trait5","pKWmEB","PstI.TP470727"," 1","77637271","","0.6233","C"
"4","Trait5","pKWmEB","NsiI.TP495134"," 1","77638188","","0.7623","C"
"4","Trait5","pKWmEB","NsiI.TP495133"," 1","77638200","","1.5217","C"
"4","Trait5","pKWmEB","NsiI.TP206581"," 1","77638270","","0.2995","A"
"4","Trait5","pKWmEB","NsiI.TP405417"," 1","77640407","","0.1163","C"
"4","Trait5","pKWmEB","PstI.TP821655"," 1","77641643","","0.7905","C"
"4","Trait5","pKWmEB","NsiI.TP662828"," 1","77642013","","0.1453","A"
"4","Trait5","pKWmEB","PstI.TP553319"," 1","77643893","","0.7858","C"
"4","Trait5","pKWmEB","PstI.TP1047055"," 1","77645405","","0.4403","G"
"4","Trait5","pKWmEB","NsiI.TP552958"," 1","77651922","","0.3942","C"
"4","Trait5","pKWmEB","PstI.TP482591"," 1","77666836","","0.3510","C"
"4","Trait5","pKWmEB","PstI.TP773989"," 1","77725400","","0.9512","A"
"4","Trait5","pKWmEB","PstI.TP1184423"," 1","77735174","","0.5317","A"
"4","Trait5","pKWmEB","PstI.TP918165"," 1","77765111","","0.1506","A"
"4","Trait5","pKWmEB","PstI.TP411298"," 1","77771698","","0.8482","G"
"4","Trait5","pKWmEB","PstI.TP378981"," 1","77781742","","1.8674","C"
"4","Trait5","pKWmEB","PstI.TP414687"," 1","77796873","","0.1343","A"
"4","Trait5","pKWmEB","NsiI.TP307083"," 1","77812711","","0.0498","C"
"4","Trait5","pKWmEB","PstI.TP954227"," 1","77821138","","0.1181","C"
"4","Trait5","pKWmEB","PstI.TP1177236"," 1","77829112","","0.5334","A"
"4","Trait5","pKWmEB","PstI.TP952321"," 1","77832524","","0.1687","A"
"4","Trait5","pKWmEB","PstI.TP485326"," 1","77836863","","0.2684","A"
"4","Trait5","pKWmEB","NsiI.TP218211"," 1","77848816","","0.3691","A"
"4","Trait5","pKWmEB","PstI.TP381498"," 1","77850894","","1.5422","A"
"4","Trait5","pKWmEB","NsiI.TP626984"," 1","77862304","","0.2107","C"
"4","Trait5","pKWmEB","NsiI.TP549839"," 1","77866184","","1.3938","A"
"4","Trait5","pKWmEB","PstI.TP425825"," 1","77868398","","0.3073","A"
"4","Trait5","pKWmEB","NsiI.TP570268"," 1","77869363","","1.2683","G"
"4","Trait5","pKWmEB","NsiI.TP401941"," 1","77869366","","0.2852","A"
"4","Trait5","pKWmEB","NsiI.TP401943"," 1","77869379","","1.8386","C"
"4","Trait5","pKWmEB","NsiI.TP38070"," 1","77875322","","0.0556","A"
"4","Trait5","pKWmEB","PstI.TP665919"," 1","77878301","","0.7446","A"
"4","Trait5","pKWmEB","PstI.TP139187"," 1","77886529","","0.1112","C"
"4","Trait5","pKWmEB","PstI.TP682618"," 1","77950613","","0.2343","G"
"4","Trait5","pKWmEB","NsiI.TP193091"," 1","77956626","","0.5793","A"
"4","Trait5","pKWmEB","PstI.TP550591"," 1","77970267","","0.1990","A"
"4","Trait5","pKWmEB","PstI.TP546071"," 1","77974534","","0.4732","A"
"4","Trait5","pKWmEB","PstI.TP544254"," 1","77974580","","0.1053","A"
"4","Trait5","pKWmEB","NsiI.TP116346"," 1","77978669","","0.4481","A"
"4","Trait5","pKWmEB","PstI.TP1172052"," 1","77997430","","0.2329","C"
"4","Trait5","pKWmEB","PstI.TP187975"," 1","78022358","","0.0464","C"
"4","Trait5","pKWmEB","NsiI.TP120099"," 1","78025387","","0.2779","A"
"4","Trait5","pKWmEB","NsiI.TP177029"," 1","78026896","","0.1765","A"
"4","Trait5","pKWmEB","NsiI.TP800048"," 1","78038376","","1.3714","A"
"4","Trait5","pKWmEB","NsiI.TP503757"," 1","78066361","","0.4193","C"
"4","Trait5","pKWmEB","PstI.TP478966"," 1","78077218","","0.7076","C"
"4","Trait5","pKWmEB","NsiI.TP258948"," 1","78088375","","0.2049","G"
"4","Trait5","pKWmEB","PstI.TP71986"," 1","78100718","","1.4567","A"
"4","Trait5","pKWmEB","NsiI.TP379742"," 1","78106787","","0.0317","A"
"4","Trait5","pKWmEB","PstI.TP942411"," 1","78121527","","0.2576","C"
"4","Trait5","pKWmEB","NsiI.TP505777"," 1","78121589","","0.6791","A"
"4","Trait5","pKWmEB","PstI.TP726643"," 1","78132042","","0.0684","A"
"4","Trait5","pKWmEB","PstI.TP197596"," 1","78145007","","0.2646","A"
"4","Trait5","pKWmEB","NsiI.TP444533"," 1","78145150","","0.2962","A"
"4","Trait5","pKWmEB","NsiI.TP69948"," 1","78146694","","0.0358","C"
"4","Trait5","pKWmEB","NsiI.TP590554"," 1","78156460","","0.4059","A"
"4","Trait5","pKWmEB","PstI.TP130255"," 1","78156903","","0.6803","G"
"4","Trait5","pKWmEB","PstI.TP831412"," 1","78156959","","0.3121","A"
"4","Trait5","pKWmEB","PstI.TP537292"," 1","78162057","","0.4886","C"
"4","Trait5","pKWmEB","PstI.TP459121"," 1","78162835","","2.5433","C"
"4","Trait5","pKWmEB","PstI.TP128144"," 1","78163072","","0.0085","C"
"4","Trait5","pKWmEB","NsiI.TP566572"," 1","78181125","","0.7748","C"
"4","Trait5","pKWmEB","PstI.TP652837"," 1","78182401","","0.0465","C"
"4","Trait5","pKWmEB","NsiI.TP196580"," 1","78183822","","0.0841","C"
"4","Trait5","pKWmEB","PstI.TP588109"," 1","78200524","","0.3322","C"
"4","Trait5","pKWmEB","PstI.TP946695"," 1","78239497","","0.2730","A"
"4","Trait5","pKWmEB","PstI.TP469636"," 1","78240594","","0.0853","C"
"4","Trait5","pKWmEB","PstI.TP168334"," 1","78240700","","0.0132","A"
"4","Trait5","pKWmEB","PstI.TP1144768"," 1","78240904","","0.0907","A"
"4","Trait5","pKWmEB","NsiI.TP623210"," 1","78255114","","0.1072","A"
"4","Trait5","pKWmEB","NsiI.TP592449"," 1","78263344","","0.3695","A"
"4","Trait5","pKWmEB","PstI.TP779651"," 1","78264274","","0.3025","C"
"4","Trait5","pKWmEB","NsiI.TP725109"," 1","78285548","","0.2458","C"
"4","Trait5","pKWmEB","NsiI.TP725115"," 1","78285558","","0.5277","A"
"4","Trait5","pKWmEB","NsiI.TP450689"," 1","78324443","","0.2781","C"
"4","Trait5","pKWmEB","NsiI.TP52111"," 1","78326702","","0.2424","C"
"4","Trait5","pKWmEB","PstI.TP966300"," 1","78332944","","0.8348","A"
"4","Trait5","pKWmEB","PstI.TP1027179"," 1","78340749","","0.2910","A"
"4","Trait5","pKWmEB","NsiI.TP217249"," 1","78346901","","0.1576","C"
"4","Trait5","pKWmEB","PstI.TP1166693"," 1","78346994","","1.9155","A"
"4","Trait5","pKWmEB","PstI.TP1198075"," 1","78377478","","0.0102","C"
"4","Trait5","pKWmEB","PstI.TP1198077"," 1","78377504","","0.0032","A"
"4","Trait5","pKWmEB","PstI.TP79407"," 1","78385917","","0.3492","C"
"4","Trait5","pKWmEB","NsiI.TP423755"," 1","78386749","","0.5657","G"
"4","Trait5","pKWmEB","PstI.TP217199"," 1","78396312","","2.1267","A"
"4","Trait5","pKWmEB","PstI.TP128807"," 1","78396392","","0.7822","C"
"4","Trait5","pKWmEB","PstI.TP445406"," 1","78397054","","1.1799","A"
"4","Trait5","pKWmEB","PstI.TP942471"," 1","78400363","","0.4562","G"
"4","Trait5","pKWmEB","PstI.TP215406"," 1","78409580","","0.0082","C"
"4","Trait5","pKWmEB","NsiI.TP720755"," 1","78419419","","0.2234","C"
"4","Trait5","pKWmEB","NsiI.TP750745"," 1","78419426","","0.5131","C"
"4","Trait5","pKWmEB","PstI.TP1237450"," 1","78424713","","0.5766","A"
"4","Trait5","pKWmEB","PstI.TP387423"," 1","78425327","","0.8379","C"
"4","Trait5","pKWmEB","PstI.TP1120122"," 1","78429408","","0.0984","A"
"4","Trait5","pKWmEB","NsiI.TP617537"," 1","78452651","","0.5047","C"
"4","Trait5","pKWmEB","NsiI.TP567207"," 1","78452804","","0.2626","A"
"4","Trait5","pKWmEB","PstI.TP674153"," 1","78459110","","0.3216","G"
"4","Trait5","pKWmEB","PstI.TP294664"," 1","78489046","","0.3546","G"
"4","Trait5","pKWmEB","PstI.TP1221179"," 1","78509132","","0.0224","C"
"4","Trait5","pKWmEB","NsiI.TP429188"," 1","78510261","","0.2827","C"
"4","Trait5","pKWmEB","NsiI.TP421785"," 1","78510321","","0.5307","A"
"4","Trait5","pKWmEB","PstI.TP79947"," 1","78516625","","2.5100","C"
"4","Trait5","pKWmEB","PstI.TP6273"," 1","78517337","","0.6262","C"
"4","Trait5","pKWmEB","PstI.TP1084987"," 1","78521283","","0.0548","A"
"4","Trait5","pKWmEB","NsiI.TP813731"," 1","78532783","","0.0972","A"
"4","Trait5","pKWmEB","NsiI.TP520618"," 1","78533009","","0.4765","C"
"4","Trait5","pKWmEB","NsiI.TP423790"," 1","78556598","","0.3866","A"
"4","Trait5","pKWmEB","PstI.TP856768"," 1","78557039","","0.1842","C"
"4","Trait5","pKWmEB","NsiI.TP628522"," 1","78557741","","1.0828","G"
"4","Trait5","pKWmEB","NsiI.TP645019"," 1","78560876","","0.1759","C"
"4","Trait5","pKWmEB","PstI.TP803259"," 1","78564283","","0.2435","C"
"4","Trait5","pKWmEB","PstI.TP837802"," 1","78565577","","0.2949","A"
"4","Trait5","pKWmEB","PstI.TP835300"," 1","78565589","","0.1410","A"
"4","Trait5","pKWmEB","PstI.TP639503"," 1","78579633","","0.6941","A"
"4","Trait5","pKWmEB","NsiI.TP72985"," 1","78580487","","0.0934","A"
"4","Trait5","pKWmEB","NsiI.TP669717"," 1","78593679","","2.7361","A"
"4","Trait5","pKWmEB","NsiI.TP669716"," 1","78593714","","0.1946","G"
"4","Trait5","pKWmEB","NsiI.TP811453"," 1","78599597","","0.1241","A"
"4","Trait5","pKWmEB","GFSSContig11183_265"," 1","78604057","","0.2209","T"
"4","Trait5","pKWmEB","NsiI.TP521511"," 1","78620772","","0.3168","A"
"4","Trait5","pKWmEB","NsiI.TP257162"," 1","78648219","","0.6393","A"
"4","Trait5","pKWmEB","PstI.TP525604"," 1","78648237","","0.2236","G"
"4","Trait5","pKWmEB","NsiI.TP259955"," 1","78724090","","0.5619","A"
"4","Trait5","pKWmEB","PstI.TP151617"," 1","78724834","","0.1934","A"
"4","Trait5","pKWmEB","NsiI.TP162258"," 1","78726606","","0.4027","A"
"4","Trait5","pKWmEB","PstI.TP239867"," 1","78726610","","1.1552","A"
"4","Trait5","pKWmEB","PstI.TP96766"," 1","78742126","","0.2323","A"
"4","Trait5","pKWmEB","PstI.TP833273"," 1","78742149","","0.0167","G"
"4","Trait5","pKWmEB","PstI.TP185565"," 1","78747471","","0.2877","A"
"4","Trait5","pKWmEB","PstI.TP31197"," 1","78757795","","0.2356","C"
"4","Trait5","pKWmEB","NsiI.TP450106"," 1","78775645","","0.0484","C"
"4","Trait5","pKWmEB","NsiI.TP679895"," 1","78780694","","0.7619","G"
"4","Trait5","pKWmEB","PstI.TP254193"," 1","78784358","","0.3304","A"
"4","Trait5","pKWmEB","PstI.TP1072616"," 1","78788131","","0.0217","C"
"4","Trait5","pKWmEB","NsiI.TP746656"," 1","78795371","","0.0832","A"
"4","Trait5","pKWmEB","NsiI.TP431330"," 1","78798313","","1.1332","C"
"4","Trait5","pKWmEB","PstI.TP860304"," 1","78798493","","0.0000","A"
"4","Trait5","pKWmEB","PstI.TP1252401"," 1","78811645","","0.1804","G"
"4","Trait5","pKWmEB","PstI.TP4803"," 1","78818384","","0.1571","A"
"4","Trait5","pKWmEB","PstI.TP463183"," 1","78828774","","0.9993","G"
"4","Trait5","pKWmEB","PstI.TP42896"," 1","78847640","","0.0337","A"
"4","Trait5","pKWmEB","NsiI.TP820834"," 1","78863601","","0.3559","C"
"4","Trait5","pKWmEB","NsiI.TP216578"," 1","78866090","","0.7618","A"
"4","Trait5","pKWmEB","PstI.TP1169781"," 1","78869856","","0.4879","A"
"4","Trait5","pKWmEB","PstI.TP76676"," 1","78875616","","0.4408","A"
"4","Trait5","pKWmEB","PstI.TP1066379"," 1","78899176","","0.2247","C"
"4","Trait5","pKWmEB","NsiI.TP387064"," 1","78909565","","0.0596","A"
"4","Trait5","pKWmEB","NsiI.TP387106"," 1","78909568","","0.3116","A"
"4","Trait5","pKWmEB","PstI.TP1195389"," 1","78926999","","0.2721","A"
"4","Trait5","pKWmEB","PstI.TP1195390"," 1","78927004","","0.1584","C"
"4","Trait5","pKWmEB","PstI.TP512519"," 1","78935006","","0.9667","C"
"4","Trait5","pKWmEB","NsiI.TP743320"," 1","78939784","","0.1448","A"
"4","Trait5","pKWmEB","PstI.TP353803"," 1","78947488","","1.1755","C"
"4","Trait5","pKWmEB","PstI.TP1276462"," 1","78952828","","0.1143","C"
"4","Trait5","pKWmEB","PstI.TP803367"," 1","78963580","","1.9484","C"
"4","Trait5","pKWmEB","PstI.TP856970"," 1","78963659","","0.2158","A"
"4","Trait5","pKWmEB","PstI.TP1287058"," 1","78969745","","0.2180","A"
"4","Trait5","pKWmEB","NsiI.TP630710"," 1","78991711","","0.2427","C"
"4","Trait5","pKWmEB","PstI.TP708980"," 1","78991790","","0.4044","C"
"4","Trait5","pKWmEB","PstI.TP593279"," 1","78992355","","0.2557","G"
"4","Trait5","pKWmEB","NsiI.TP623899"," 1","79001152","","0.6935","A"
"4","Trait5","pKWmEB","PstI.TP819011"," 1","79004677","","0.0462","C"
"4","Trait5","pKWmEB","NsiI.TP573897"," 1","79004865","","0.5960","C"
"4","Trait5","pKWmEB","PstI.TP539520"," 1","79006048","","0.7056","A"
"4","Trait5","pKWmEB","PstI.TP203485"," 1","79007913","","0.3548","C"
"4","Trait5","pKWmEB","NsiI.TP25851"," 1","79021936","","0.7014","A"
"4","Trait5","pKWmEB","PstI.TP854386"," 1","79027395","","0.2046","A"
"4","Trait5","pKWmEB","PstI.TP987275"," 1","79035482","","0.9939","C"
"4","Trait5","pKWmEB","PstI.TP1711"," 1","79037363","","0.0848","C"
"4","Trait5","pKWmEB","NsiI.TP813592"," 1","79047838","","0.8482","C"
"4","Trait5","pKWmEB","PstI.TP970238"," 1","79048400","","0.1510","C"
"4","Trait5","pKWmEB","NsiI.TP492704"," 1","79052861","","0.0311","C"
"4","Trait5","pKWmEB","NsiI.TP201472"," 1","79103427","","0.0946","C"
"4","Trait5","pKWmEB","PstI.TP1013643"," 1","79126920","","0.0162","C"
"4","Trait5","pKWmEB","PstI.TP315114"," 1","79156064","","0.5053","A"
"4","Trait5","pKWmEB","PstI.TP1084534"," 1","79162898","","1.1994","A"
"4","Trait5","pKWmEB","PstI.TP434977"," 1","79165905","","0.6712","C"
"4","Trait5","pKWmEB","PstI.TP6990"," 1","79172378","","0.1437","C"
"4","Trait5","pKWmEB","PstI.TP47497"," 1","79181255","","0.1814","C"
"4","Trait5","pKWmEB","PstI.TP62520"," 1","79185340","","2.1216","A"
"4","Trait5","pKWmEB","PstI.TP1028829"," 1","79187692","","0.1014","A"
"4","Trait5","pKWmEB","GFSSContig17152_572"," 1","79190136","","0.4191","A"
"4","Trait5","pKWmEB","PstI.TP373538"," 1","79191911","","0.2221","A"
"4","Trait5","pKWmEB","PstI.TP546888"," 1","79200062","","0.7717","C"
"4","Trait5","pKWmEB","PstI.TP646523"," 1","79201450","","0.8844","A"
"4","Trait5","pKWmEB","NsiI.TP276241"," 1","79202469","","0.1712","A"
"4","Trait5","pKWmEB","PstI.TP138600"," 1","79203439","","0.1386","A"
"4","Trait5","pKWmEB","PstI.TP127200"," 1","79273113","","0.0462","A"
"4","Trait5","pKWmEB","PstI.TP1180192"," 1","79273197","","0.2694","C"
"4","Trait5","pKWmEB","NsiI.TP335330"," 1","79274389","","0.7297","C"
"4","Trait5","pKWmEB","PstI.TP1122495"," 1","79282757","","1.1568","A"
"4","Trait5","pKWmEB","PstI.TP1122269"," 1","79282797","","0.1245","G"
"4","Trait5","pKWmEB","PstI.TP334245"," 1","79301821","","0.4772","C"
"4","Trait5","pKWmEB","PstI.TP19536"," 1","79302806","","0.0600","A"
"4","Trait5","pKWmEB","PstI.TP1277409"," 1","79353211","","0.0951","G"
"4","Trait5","pKWmEB","NsiI.TP369347"," 1","79354958","","0.3356","A"
"4","Trait5","pKWmEB","NsiI.TP356286"," 1","79361824","","2.5432","C"
"4","Trait5","pKWmEB","PstI.TP168893"," 1","79361956","","1.4996","A"
"4","Trait5","pKWmEB","PstI.TP128075"," 1","79363077","","0.6927","C"
"4","Trait5","pKWmEB","PstI.TP329415"," 1","79369869","","0.3819","C"
"4","Trait5","pKWmEB","PstI.TP329417"," 1","79369878","","0.5126","A"
"4","Trait5","pKWmEB","PstI.TP12145"," 1","79379948","","0.3396","A"
"4","Trait5","pKWmEB","NsiI.TP743891"," 1","79380852","","0.2649","C"
"4","Trait5","pKWmEB","PstI.TP71849"," 1","79387348","","1.0730","C"
"4","Trait5","pKWmEB","NsiI.TP675994"," 1","79402322","","0.5782","A"
"4","Trait5","pKWmEB","PstI.TP13042"," 1","79426331","","0.0494","A"
"4","Trait5","pKWmEB","PstI.TP404192"," 1","79434638","","0.0740","A"
"4","Trait5","pKWmEB","PstI.TP1010512"," 1","79440784","","0.0699","A"
"4","Trait5","pKWmEB","PstI.TP898259"," 1","79442910","","0.1195","A"
"4","Trait5","pKWmEB","NsiI.TP621776"," 1","79466998","","1.0872","C"
"4","Trait5","pKWmEB","PstI.TP291200"," 1","79471623","","0.0365","C"
"4","Trait5","pKWmEB","NsiI.TP437351"," 1","79473769","","0.1749","C"
"4","Trait5","pKWmEB","NsiI.TP739570"," 1","79483934","","0.0479","G"
"4","Trait5","pKWmEB","PstI.TP172804"," 1","79485436","","0.1940","A"
"4","Trait5","pKWmEB","PstI.TP619305"," 1","79505879","","0.0821","A"
"4","Trait5","pKWmEB","PstI.TP237030"," 1","79508787","","1.3626","A"
"4","Trait5","pKWmEB","NsiI.TP713574"," 1","79510866","","0.3174","G"
"4","Trait5","pKWmEB","PstI.TP504128"," 1","79511194","","1.1116","A"
"4","Trait5","pKWmEB","NsiI.TP730267"," 1","79517382","","0.2020","C"
"4","Trait5","pKWmEB","NsiI.TP680933"," 1","79528022","","0.3394","A"
"4","Trait5","pKWmEB","PstI.TP813497"," 1","79540010","","0.2384","A"
"4","Trait5","pKWmEB","NsiI.TP596087"," 1","79540913","","0.3366","G"
"4","Trait5","pKWmEB","PstI.TP947447"," 1","79542486","","0.2185","G"
"4","Trait5","pKWmEB","PstI.TP330560"," 1","79546617","","0.2077","C"
"4","Trait5","pKWmEB","NsiI.TP441405"," 1","79566499","","0.2358","A"
"4","Trait5","pKWmEB","NsiI.TP671726"," 1","79566576","","0.3081","C"
"4","Trait5","pKWmEB","NsiI.TP416851"," 1","79573410","","0.5328","A"
"4","Trait5","pKWmEB","NsiI.TP492031"," 1","79573880","","0.4350","C"
"4","Trait5","pKWmEB","PstI.TP1008313"," 1","79584308","","0.1385","C"
"4","Trait5","pKWmEB","NsiI.TP415239"," 1","79586726","","1.2797","A"
"4","Trait5","pKWmEB","PstI.TP839435"," 1","79594246","","1.1261","G"
"4","Trait5","pKWmEB","GFSSContig14485_1273"," 1","79597601","","0.2149","A"
"4","Trait5","pKWmEB","PstI.TP1216566"," 1","79599777","","0.4536","A"
"4","Trait5","pKWmEB","PstI.TP174211"," 1","79622662","","2.4442","A"
"4","Trait5","pKWmEB","PstI.TP1115208"," 1","79624488","","0.0631","A"
"4","Trait5","pKWmEB","PstI.TP277803"," 1","79649997","","0.8398","G"
"4","Trait5","pKWmEB","PstI.TP277812"," 1","79649997","","0.0918","G"
"4","Trait5","pKWmEB","PstI.TP277871"," 1","79649997","","2.4754","G"
"4","Trait5","pKWmEB","PstI.TP277954"," 1","79649997","","0.5072","G"
"4","Trait5","pKWmEB","PstI.TP277955"," 1","79649997","","0.5945","G"
"4","Trait5","pKWmEB","PstI.TP277963"," 1","79649997","","0.3442","G"
"4","Trait5","pKWmEB","PstI.TP277973"," 1","79649997","","0.1032","G"
"4","Trait5","pKWmEB","PstI.TP77067"," 1","79664579","","0.3453","A"
"4","Trait5","pKWmEB","PstI.TP1025772"," 1","79665639","","0.0998","C"
"4","Trait5","pKWmEB","PstI.TP1040877"," 1","79678618","","0.0210","C"
"4","Trait5","pKWmEB","PstI.TP897753"," 1","79685962","","0.9380","C"
"4","Trait5","pKWmEB","PstI.TP1003155"," 1","79688534","","0.4440","C"
"4","Trait5","pKWmEB","NsiI.TP454955"," 1","79688846","","0.1160","A"
"4","Trait5","pKWmEB","NsiI.TP450855"," 1","79721570","","0.2144","C"
"4","Trait5","pKWmEB","NsiI.TP681651"," 1","79746417","","0.2329","C"
"4","Trait5","pKWmEB","NsiI.TP30148"," 1","79750238","","0.1297","G"
"4","Trait5","pKWmEB","NsiI.TP149985"," 1","79753157","","0.5517","C"
"4","Trait5","pKWmEB","NsiI.TP539756"," 1","79753228","","0.4435","A"
"4","Trait5","pKWmEB","PstI.TP964019"," 1","79753663","","0.1776","A"
"4","Trait5","pKWmEB","NsiI.TP458805"," 1","79753663","","0.0656","A"
"4","Trait5","pKWmEB","PstI.TP912371"," 1","79754777","","0.4685","C"
"4","Trait5","pKWmEB","NsiI.TP429155"," 1","79758909","","1.0444","C"
"4","Trait5","pKWmEB","PstI.TP791681"," 1","79769824","","0.5252","A"
"4","Trait5","pKWmEB","PstI.TP1024215"," 1","79775287","","0.2464","A"
"4","Trait5","pKWmEB","PstI.TP964390"," 1","79775870","","0.6514","C"
"4","Trait5","pKWmEB","NsiI.TP336549"," 1","79775876","","0.4800","A"
"4","Trait5","pKWmEB","NsiI.TP339645"," 1","79809479","","0.0286","C"
"4","Trait5","pKWmEB","PstI.TP224682"," 1","79810295","","1.7166","A"
"4","Trait5","pKWmEB","PstI.TP402716"," 1","79822030","","1.0031","A"
"4","Trait5","pKWmEB","PstI.TP1113724"," 1","79826234","","0.3055","A"
"4","Trait5","pKWmEB","PstI.TP156101"," 1","79854996","","0.2645","A"
"4","Trait5","pKWmEB","NsiI.TP575416"," 1","79857960","","1.2027","C"
"4","Trait5","pKWmEB","NsiI.TP723729"," 1","79892230","","0.1628","C"
"4","Trait5","pKWmEB","PstI.TP1259171"," 1","79892318","","0.1468","G"
"4","Trait5","pKWmEB","NsiI.TP179387"," 1","79906287","","0.3988","C"
"4","Trait5","pKWmEB","NsiI.TP56686"," 1","79930776","","1.3869","C"
"4","Trait5","pKWmEB","PstI.TP1255744"," 1","79931387","","2.2631","A"
"4","Trait5","pKWmEB","PstI.TP95174"," 1","79947590","","0.2868","A"
"4","Trait5","pKWmEB","PstI.TP245404"," 1","79960134","","0.9307","C"
"4","Trait5","pKWmEB","PstI.TP934939"," 1","79968511","","0.9249","C"
"4","Trait5","pKWmEB","PstI.TP934946"," 1","79968521","","0.3111","A"
"4","Trait5","pKWmEB","PstI.TP1110591"," 1","79975952","","0.2064","C"
"4","Trait5","pKWmEB","NsiI.TP373216"," 1","79976000","","0.5429","G"
"4","Trait5","pKWmEB","NsiI.TP409672"," 1","79988536","","0.6054","G"
"4","Trait5","pKWmEB","NsiI.TP601750"," 1","79996217","","0.3452","C"
"4","Trait5","pKWmEB","PstI.TP41109"," 1","80011442","","0.3244","C"
"4","Trait5","pKWmEB","PstI.TP1060233"," 1","80022372","","0.4131","A"
"4","Trait5","pKWmEB","NsiI.TP249856"," 1","80024446","","0.3313","A"
"4","Trait5","pKWmEB","NsiI.TP669050"," 1","80035622","","0.2604","A"
"4","Trait5","pKWmEB","NsiI.TP581823"," 1","80077073","","0.1118","C"
"4","Trait5","pKWmEB","NsiI.TP487690"," 1","80077669","","0.7852","A"
"4","Trait5","pKWmEB","PstI.TP1180966"," 1","80079077","","0.8112","G"
"4","Trait5","pKWmEB","NsiI.TP667882"," 1","80090506","","0.2301","A"
"4","Trait5","pKWmEB","NsiI.TP612277"," 1","80090510","","0.0923","A"
"4","Trait5","pKWmEB","PstI.TP35904"," 1","80142097","","0.4122","A"
"4","Trait5","pKWmEB","PstI.TP35908"," 1","80142104","","0.0962","A"
"4","Trait5","pKWmEB","NsiI.TP249867"," 1","80147423","","0.9698","A"
"4","Trait5","pKWmEB","PstI.TP1224286"," 1","80188589","","0.1206","A"
"4","Trait5","pKWmEB","PstI.TP640960"," 1","80209769","","0.3945","C"
"4","Trait5","pKWmEB","NsiI.TP422810"," 1","80212977","","0.0576","C"
"4","Trait5","pKWmEB","PstI.TP1294472"," 1","80228389","","0.1889","A"
"4","Trait5","pKWmEB","NsiI.TP811280"," 1","80229911","","0.9215","A"
"4","Trait5","pKWmEB","PstI.TP694031"," 1","80233157","","0.0935","A"
"4","Trait5","pKWmEB","NsiI.TP507448"," 1","80310430","","0.1498","A"
"4","Trait5","pKWmEB","PstI.TP892749"," 1","80310797","","0.9911","C"
"4","Trait5","pKWmEB","PstI.TP351402"," 1","80321028","","0.1742","A"
"4","Trait5","pKWmEB","NsiI.TP745890"," 1","80331120","","0.0905","C"
"4","Trait5","pKWmEB","PstI.TP491961"," 1","80394916","","0.1945","A"
"4","Trait5","pKWmEB","PstI.TP709320"," 1","80397468","","0.6543","C"
"4","Trait5","pKWmEB","PstI.TP752522"," 1","80410183","","0.2074","A"
"4","Trait5","pKWmEB","PstI.TP454518"," 1","80446510","","0.7777","A"
"4","Trait5","pKWmEB","PstI.TP49139"," 1","80477608","","0.1666","A"
"4","Trait5","pKWmEB","PstI.TP851463"," 1","80479917","","1.0958","A"
"4","Trait5","pKWmEB","PstI.TP532395"," 1","80511189","","0.5660","A"
"4","Trait5","pKWmEB","NsiI.TP676199"," 1","80582463","","1.4084","A"
"4","Trait5","pKWmEB","NsiI.TP32249"," 1","80582554","","0.1395","A"
"4","Trait5","pKWmEB","PstI.TP829309"," 1","80621051","","0.4379","A"
"4","Trait5","pKWmEB","PstI.TP276751"," 1","80694115","","0.0644","A"
"4","Trait5","pKWmEB","NsiI.TP655257"," 1","80728948","","0.0209","A"
"4","Trait5","pKWmEB","PstI.TP702373"," 1","80829183","","0.2583","A"
"4","Trait5","pKWmEB","NsiI.TP418719"," 1","80872893","","0.2807","A"
"4","Trait5","pKWmEB","NsiI.TP404940"," 1","80876498","","1.7590","A"
"4","Trait5","pKWmEB","PstI.TP703969"," 1","80877289","","0.2286","C"
"4","Trait5","pKWmEB","NsiI.TP358966"," 2","  115225","","0.3655","A"
"4","Trait5","pKWmEB","PstI.TP477872"," 2","  124621","","0.0487","A"
"4","Trait5","pKWmEB","PstI.TP989477"," 2","  124717","","0.4452","A"
"4","Trait5","pKWmEB","NsiI.TP39335"," 2","  128242","","0.6307","C"
"4","Trait5","pKWmEB","PstI.TP764680"," 2","  128379","","0.1081","G"
"4","Trait5","pKWmEB","NsiI.TP578895"," 2","  130889","","0.5001","C"
"4","Trait5","pKWmEB","PstI.TP77995"," 2","  141925","","0.1840","A"
"4","Trait5","pKWmEB","NsiI.TP168250"," 2","  153697","","0.1444","A"
"4","Trait5","pKWmEB","PstI.TP131273"," 2","  155776","","0.0474","A"
"4","Trait5","pKWmEB","PstI.TP457332"," 2","  161081","","0.7295","A"
"4","Trait5","pKWmEB","NsiI.TP612404"," 2","  168796","","0.2427","C"
"4","Trait5","pKWmEB","NsiI.TP39740"," 2","  186613","","0.3205","C"
"4","Trait5","pKWmEB","NsiI.TP515564"," 2","  248930","","0.3351","A"
"4","Trait5","pKWmEB","PstI.TP347169"," 2","  250299","","0.0656","C"
"4","Trait5","pKWmEB","NsiI.TP611653"," 2","  251575","","0.2682","A"
"4","Trait5","pKWmEB","NsiI.TP627578"," 2","  262929","","0.2659","G"
"4","Trait5","pKWmEB","NsiI.TP419921"," 2","  263256","","0.5316","A"
"4","Trait5","pKWmEB","PstI.TP590797"," 2","  275937","","0.1962","A"
"4","Trait5","pKWmEB","PstI.TP986476"," 2","  275973","","1.1744","A"
"4","Trait5","pKWmEB","NsiI.TP667407"," 2","  318134","","0.0948","C"
"4","Trait5","pKWmEB","NsiI.TP667406"," 2","  318138","","0.3926","A"
"4","Trait5","pKWmEB","PstI.TP999714"," 2","  327480","","0.1521","A"
"4","Trait5","pKWmEB","PstI.TP846789"," 2","  327961","","0.1123","G"
"4","Trait5","pKWmEB","PstI.TP157588"," 2","  329470","","0.0631","A"
"4","Trait5","pKWmEB","PstI.TP1124514"," 2","  332407","","0.8359","C"
"4","Trait5","pKWmEB","PstI.TP748345"," 2","  359987","","0.0363","G"
"4","Trait5","pKWmEB","NsiI.TP681349"," 2","  360225","","0.1032","G"
"4","Trait5","pKWmEB","NsiI.TP681584"," 2","  360235","","0.1268","G"
"4","Trait5","pKWmEB","PstI.TP576366"," 2","  375350","","0.6238","A"
"4","Trait5","pKWmEB","PstI.TP545286"," 2","  380670","","1.1732","A"
"4","Trait5","pKWmEB","PstI.TP576394"," 2","  382720","","0.0066","C"
"4","Trait5","pKWmEB","NsiI.TP296908"," 2","  383531","","0.5622","A"
"4","Trait5","pKWmEB","NsiI.TP332586"," 2","  388635","","0.4835","C"
"4","Trait5","pKWmEB","NsiI.TP332585"," 2","  388641","","0.1401","C"
"4","Trait5","pKWmEB","PstI.TP707578"," 2","  388643","","0.4354","C"
"4","Trait5","pKWmEB","NsiI.TP571940"," 2","  412759","","0.4616","A"
"4","Trait5","pKWmEB","NsiI.TP571942"," 2","  412794","","0.1353","A"
"4","Trait5","pKWmEB","PstI.TP364924"," 2","  417378","","1.5256","A"
"4","Trait5","pKWmEB","PstI.TP260255"," 2","  427741","","1.0548","A"
"4","Trait5","pKWmEB","NsiI.TP267424"," 2","  445451","","0.2363","C"
"4","Trait5","pKWmEB","NsiI.TP124218"," 2","  450339","","0.1167","A"
"4","Trait5","pKWmEB","NsiI.TP208586"," 2","  451866","","0.1874","C"
"4","Trait5","pKWmEB","PstI.TP199591"," 2","  465963","","0.4261","A"
"4","Trait5","pKWmEB","NsiI.TP619508"," 2","  466269","","0.1373","G"
"4","Trait5","pKWmEB","NsiI.TP275785"," 2","  516393","","0.1601","A"
"4","Trait5","pKWmEB","PstI.TP1174282"," 2","  529141","","1.3637","A"
"4","Trait5","pKWmEB","PstI.TP280889"," 2","  544293","","0.2897","C"
"4","Trait5","pKWmEB","NsiI.TP219720"," 2","  552699","","0.0024","A"
"4","Trait5","pKWmEB","NsiI.TP216167"," 2","  567991","","0.0419","C"
"4","Trait5","pKWmEB","PstI.TP602587"," 2","  568003","","0.2583","C"
"4","Trait5","pKWmEB","PstI.TP42145"," 2","  578489","","0.2267","A"
"4","Trait5","pKWmEB","PstI.TP497131"," 2","  583508","","0.8292","C"
"4","Trait5","pKWmEB","PstI.TP850631"," 2","  602280","","0.1946","A"
"4","Trait5","pKWmEB","PstI.TP1271376"," 2","  630465","","0.5235","A"
"4","Trait5","pKWmEB","NsiI.TP282888"," 2","  675031","","0.3893","C"
"4","Trait5","pKWmEB","PstI.TP790069"," 2","  699673","","1.5216","A"
"4","Trait5","pKWmEB","PstI.TP168046"," 2","  704382","","0.8609","A"
"4","Trait5","pKWmEB","PstI.TP737528"," 2","  709219","","0.0931","A"
"4","Trait5","pKWmEB","PstI.TP762261"," 2","  709232","","0.2844","A"
"4","Trait5","pKWmEB","NsiI.TP102717"," 2","  738120","","0.2594","A"
"4","Trait5","pKWmEB","PstI.TP667863"," 2","  746281","","0.1911","A"
"4","Trait5","pKWmEB","PstI.TP571203"," 2","  749077","","0.5655","C"
"4","Trait5","pKWmEB","NsiI.TP588734"," 2","  802971","","0.5726","C"
"4","Trait5","pKWmEB","NsiI.TP777595"," 2","  852382","","1.6491","A"
"4","Trait5","pKWmEB","PstI.TP398716"," 2","  890320","","0.2223","C"
"4","Trait5","pKWmEB","PstI.TP359523"," 2","  905371","","0.2621","C"
"4","Trait5","pKWmEB","PstI.TP669393"," 2","  905422","","0.5006","G"
"4","Trait5","pKWmEB","PstI.TP1200511"," 2","  909362","","0.5416","C"
"4","Trait5","pKWmEB","NsiI.TP182043"," 2","  910605","","0.0695","C"
"4","Trait5","pKWmEB","NsiI.TP123217"," 2","  925324","","0.0683","A"
"4","Trait5","pKWmEB","NsiI.TP374154"," 2","  949746","","0.7883","G"
"4","Trait5","pKWmEB","PstI.TP1262414"," 2","  960634","","0.6439","A"
"4","Trait5","pKWmEB","NsiI.TP337168"," 2","  960656","","0.1596","A"
"4","Trait5","pKWmEB","PstI.TP1262412"," 2","  960662","","0.1425","A"
"4","Trait5","pKWmEB","PstI.TP204841"," 2","  960687","","0.7150","A"
"4","Trait5","pKWmEB","NsiI.TP215800"," 2"," 1008516","","0.3260","C"
"4","Trait5","pKWmEB","NsiI.TP635475"," 2"," 1032623","","1.1095","A"
"4","Trait5","pKWmEB","NsiI.TP574474"," 2"," 1069691","","0.7777","C"
"4","Trait5","pKWmEB","PstI.TP136428"," 2"," 1104696","","0.9629","C"
"4","Trait5","pKWmEB","NsiI.TP487312"," 2"," 1105481","","0.4650","G"
"4","Trait5","pKWmEB","NsiI.TP233465"," 2"," 1118892","","0.0086","C"
"4","Trait5","pKWmEB","PstI.TP380456"," 2"," 1138018","","0.1764","A"
"4","Trait5","pKWmEB","NsiI.TP204392"," 2"," 1280426","","2.5244","C"
"4","Trait5","pKWmEB","NsiI.TP608979"," 2"," 1286110","","0.6556","A"
"4","Trait5","pKWmEB","PstI.TP1102575"," 2"," 1296644","","0.3864","A"
"4","Trait5","pKWmEB","PstI.TP1211874"," 2"," 1299235","","0.0389","A"
"4","Trait5","pKWmEB","NsiI.TP134289"," 2"," 1384583","","0.3877","A"
"4","Trait5","pKWmEB","NsiI.TP232028"," 2"," 1386181","","1.1466","C"
"4","Trait5","pKWmEB","PstI.TP401412"," 2"," 1393633","","0.1516","G"
"4","Trait5","pKWmEB","NsiI.TP153144"," 2"," 1393996","","0.3414","C"
"4","Trait5","pKWmEB","NsiI.TP204714"," 2"," 1424597","","0.2193","A"
"4","Trait5","pKWmEB","PstI.TP1263449"," 2"," 1474965","","0.2874","A"
"4","Trait5","pKWmEB","PstI.TP1011736"," 2"," 1476653","","0.1878","G"
"4","Trait5","pKWmEB","NsiI.TP482106"," 2"," 1476701","","0.3010","C"
"4","Trait5","pKWmEB","NsiI.TP482105"," 2"," 1476705","","0.4275","C"
"4","Trait5","pKWmEB","NsiI.TP12376"," 2"," 1488847","","0.6204","A"
"4","Trait5","pKWmEB","PstI.TP747097"," 2"," 1573957","","0.5687","C"
"4","Trait5","pKWmEB","PstI.TP635848"," 2"," 1585621","","0.1714","A"
"4","Trait5","pKWmEB","NsiI.TP269436"," 2"," 1588997","","0.1629","A"
"4","Trait5","pKWmEB","PstI.TP461232"," 2"," 1598553","","0.3093","A"
"4","Trait5","pKWmEB","PstI.TP909928"," 2"," 1630374","","1.6426","A"
"4","Trait5","pKWmEB","PstI.TP361822"," 2"," 1673606","","0.2572","A"
"4","Trait5","pKWmEB","NsiI.TP18431"," 2"," 1702606","","0.8329","A"
"4","Trait5","pKWmEB","PstI.TP1263450"," 2"," 1738753","","0.5033","G"
"4","Trait5","pKWmEB","PstI.TP140459"," 2"," 1744355","","0.3194","C"
"4","Trait5","pKWmEB","NsiI.TP54394"," 2"," 1780211","","0.7439","G"
"4","Trait5","pKWmEB","PstI.TP869146"," 2"," 1820693","","0.5444","A"
"4","Trait5","pKWmEB","PstI.TP107881"," 2"," 1829534","","0.4795","A"
"4","Trait5","pKWmEB","NsiI.TP594174"," 2"," 1893390","","1.3640","A"
"4","Trait5","pKWmEB","PstI.TP227983"," 2"," 1895497","","0.8046","A"
"4","Trait5","pKWmEB","PstI.TP153476"," 2"," 1907782","","0.2801","A"
"4","Trait5","pKWmEB","PstI.TP1276687"," 2"," 1909527","","0.3313","C"
"4","Trait5","pKWmEB","PstI.TP1050186"," 2"," 1911820","","1.2718","G"
"4","Trait5","pKWmEB","PstI.TP24191"," 2"," 1913899","","0.4600","A"
"4","Trait5","pKWmEB","PstI.TP703873"," 2"," 1924222","","0.2323","C"
"4","Trait5","pKWmEB","PstI.TP1122810"," 2"," 1924249","","0.0985","G"
"4","Trait5","pKWmEB","PstI.TP908081"," 2"," 1937968","","0.1272","C"
"4","Trait5","pKWmEB","PstI.TP282786"," 2"," 1950110","","0.0688","A"
"4","Trait5","pKWmEB","PstI.TP470160"," 2"," 1964484","","0.0307","C"
"4","Trait5","pKWmEB","PstI.TP469864"," 2"," 2030644","","0.0689","C"
"4","Trait5","pKWmEB","PstI.TP852002"," 2"," 2041108","","1.0740","C"
"4","Trait5","pKWmEB","PstI.TP348342"," 2"," 2043793","","0.0841","A"
"4","Trait5","pKWmEB","PstI.TP634560"," 2"," 2050815","","0.2566","C"
"4","Trait5","pKWmEB","PstI.TP772589"," 2"," 2064232","","0.1600","C"
"4","Trait5","pKWmEB","PstI.TP1279013"," 2"," 2065396","","0.0229","C"
"4","Trait5","pKWmEB","PstI.TP24479"," 2"," 2073995","","0.4439","C"
"4","Trait5","pKWmEB","PstI.TP460897"," 2"," 2074034","","0.1559","C"
"4","Trait5","pKWmEB","NsiI.TP801585"," 2"," 2076062","","0.3058","A"
"4","Trait5","pKWmEB","PstI.TP57504"," 2"," 2167249","","0.6387","A"
"4","Trait5","pKWmEB","NsiI.TP390743"," 2"," 2215082","","0.6695","A"
"4","Trait5","pKWmEB","NsiI.TP575555"," 2"," 2228424","","1.4826","C"
"4","Trait5","pKWmEB","NsiI.TP162018"," 2"," 2235441","","0.5823","G"
"4","Trait5","pKWmEB","NsiI.TP279944"," 2"," 2237229","","0.1918","A"
"4","Trait5","pKWmEB","PstI.TP1095370"," 2"," 2322379","","0.6841","G"
"4","Trait5","pKWmEB","PstI.TP1095372"," 2"," 2322397","","0.5870","G"
"4","Trait5","pKWmEB","GFSSContig17456_751"," 2"," 2367836","","0.2242","T"
"4","Trait5","pKWmEB","PstI.TP21529"," 2"," 2371944","","0.7843","A"
"4","Trait5","pKWmEB","NsiI.TP32994"," 2"," 2526783","","0.4109","A"
"4","Trait5","pKWmEB","NsiI.TP442501"," 2"," 2526979","","0.4345","A"
"4","Trait5","pKWmEB","NsiI.TP428904"," 2"," 2527555","","1.1304","G"
"4","Trait5","pKWmEB","PstI.TP201505"," 2"," 2551861","","0.0671","A"
"4","Trait5","pKWmEB","PstI.TP1120910"," 2"," 2555547","","0.3287","A"
"4","Trait5","pKWmEB","PstI.TP1202981"," 2"," 2606117","","0.0167","C"
"4","Trait5","pKWmEB","NsiI.TP661660"," 2"," 2656385","","0.2287","A"
"4","Trait5","pKWmEB","NsiI.TP514453"," 2"," 2742924","","0.0233","A"
"4","Trait5","pKWmEB","NsiI.TP463718"," 2"," 2751608","","0.9258","C"
"4","Trait5","pKWmEB","PstI.TP587883"," 2"," 2757798","","0.1527","C"
"4","Trait5","pKWmEB","NsiI.TP423139"," 2"," 2758292","","0.3703","C"
"4","Trait5","pKWmEB","PstI.TP702408"," 2"," 2773923","","0.1699","C"
"4","Trait5","pKWmEB","GFSSContig11785_150"," 2"," 2791621","","1.1807","T"
"4","Trait5","pKWmEB","NsiI.TP418126"," 2"," 2821399","","0.6599","A"
"4","Trait5","pKWmEB","PstI.TP360841"," 2"," 2832783","","0.0544","C"
"4","Trait5","pKWmEB","PstI.TP24974"," 2"," 2834442","","0.0323","A"
"4","Trait5","pKWmEB","PstI.TP502677"," 2"," 2861066","","0.5233","C"
"4","Trait5","pKWmEB","NsiI.TP571744"," 2"," 2865326","","0.2581","A"
"4","Trait5","pKWmEB","PstI.TP1207144"," 2"," 2884287","","0.7594","A"
"4","Trait5","pKWmEB","PstI.TP312941"," 2"," 2888124","","0.4468","A"
"4","Trait5","pKWmEB","NsiI.TP491669"," 2"," 2894322","","0.4280","G"
"4","Trait5","pKWmEB","NsiI.TP457092"," 2"," 2894409","","1.0423","G"
"4","Trait5","pKWmEB","NsiI.TP738686"," 2"," 2900091","","0.1159","A"
"4","Trait5","pKWmEB","NsiI.TP423518"," 2"," 2921270","","0.0871","C"
"4","Trait5","pKWmEB","PstI.TP547941"," 2"," 2922308","","0.2010","A"
"4","Trait5","pKWmEB","NsiI.TP555591"," 2"," 2975750","","0.1067","A"
"4","Trait5","pKWmEB","NsiI.TP15815"," 2"," 2981573","","0.7798","A"
"4","Trait5","pKWmEB","PstI.TP8678"," 2"," 2984246","","0.5679","A"
"4","Trait5","pKWmEB","PstI.TP8679"," 2"," 2984264","","0.0220","A"
"4","Trait5","pKWmEB","PstI.TP122197"," 2"," 2990049","","0.1886","C"
"4","Trait5","pKWmEB","NsiI.TP439642"," 2"," 3008715","","0.1346","C"
"4","Trait5","pKWmEB","PstI.TP972096"," 2"," 3042190","","0.1077","A"
"4","Trait5","pKWmEB","PstI.TP767919"," 2"," 3043607","","0.2057","A"
"4","Trait5","pKWmEB","PstI.TP102849"," 2"," 3058102","","1.7081","A"
"4","Trait5","pKWmEB","PstI.TP1242719"," 2"," 3058843","","0.5613","C"
"4","Trait5","pKWmEB","NsiI.TP797433"," 2"," 3066400","","0.5830","C"
"4","Trait5","pKWmEB","PstI.TP582635"," 2"," 3104247","","0.2698","G"
"4","Trait5","pKWmEB","NsiI.TP421022"," 2"," 3135537","","0.1061","A"
"4","Trait5","pKWmEB","NsiI.TP489115"," 2"," 3180885","","0.0867","A"
"4","Trait5","pKWmEB","NsiI.TP570636"," 2"," 3195123","","0.1367","A"
"4","Trait5","pKWmEB","NsiI.TP238795"," 2"," 3213228","","1.2863","C"
"4","Trait5","pKWmEB","PstI.TP887037"," 2"," 3218943","","0.0408","C"
"4","Trait5","pKWmEB","NsiI.TP87616"," 2"," 3252135","","0.2815","A"
"4","Trait5","pKWmEB","NsiI.TP630885"," 2"," 3257537","","0.1416","A"
"4","Trait5","pKWmEB","NsiI.TP479909"," 2"," 3269231","","0.7152","G"
"4","Trait5","pKWmEB","NsiI.TP567955"," 2"," 3314921","","0.0056","A"
"4","Trait5","pKWmEB","NsiI.TP344418"," 2"," 3321098","","0.6834","C"
"4","Trait5","pKWmEB","PstI.TP704596"," 2"," 3325739","","0.6238","C"
"4","Trait5","pKWmEB","NsiI.TP477328"," 2"," 3325739","","0.2536","A"
"4","Trait5","pKWmEB","NsiI.TP437716"," 2"," 3325805","","0.2616","A"
"4","Trait5","pKWmEB","NsiI.TP4997"," 2"," 3335341","","0.1179","C"
"4","Trait5","pKWmEB","PstI.TP156242"," 2"," 3343441","","0.1881","A"
"4","Trait5","pKWmEB","PstI.TP229147"," 2"," 3390758","","2.4265","C"
"4","Trait5","pKWmEB","PstI.TP219584"," 2"," 3429973","","0.0551","A"
"4","Trait5","pKWmEB","NsiI.TP417974"," 2"," 3631692","","0.0806","C"
"4","Trait5","pKWmEB","NsiI.TP615142"," 2"," 3637127","","0.0887","A"
"4","Trait5","pKWmEB","NsiI.TP167949"," 2"," 3639209","","0.6258","C"
"4","Trait5","pKWmEB","NsiI.TP449369"," 2"," 3640582","","0.4570","C"
"4","Trait5","pKWmEB","PstI.TP661261"," 2"," 3657127","","0.6389","A"
"4","Trait5","pKWmEB","PstI.TP458571"," 2"," 3669039","","0.3498","C"
"4","Trait5","pKWmEB","NsiI.TP237452"," 2"," 3709448","","0.0991","C"
"4","Trait5","pKWmEB","NsiI.TP404856"," 2"," 3714881","","0.1186","C"
"4","Trait5","pKWmEB","PstI.TP804429"," 2"," 3714956","","0.1160","C"
"4","Trait5","pKWmEB","PstI.TP815746"," 2"," 3715114","","0.0841","C"
"4","Trait5","pKWmEB","PstI.TP794569"," 2"," 3715278","","2.5419","A"
"4","Trait5","pKWmEB","PstI.TP203336"," 2"," 3720066","","0.7244","A"
"4","Trait5","pKWmEB","PstI.TP203335"," 2"," 3720075","","0.9770","A"
"4","Trait5","pKWmEB","NsiI.TP391306"," 2"," 3760134","","0.0772","C"
"4","Trait5","pKWmEB","NsiI.TP391602"," 2"," 3765100","","0.4160","C"
"4","Trait5","pKWmEB","NsiI.TP555510"," 2"," 3766733","","0.6791","A"
"4","Trait5","pKWmEB","PstI.TP666999"," 2"," 3783531","","0.0888","C"
"4","Trait5","pKWmEB","NsiI.TP505510"," 2"," 3810005","","0.0503","A"
"4","Trait5","pKWmEB","PstI.TP1027999"," 2"," 3815242","","1.1824","A"
"4","Trait5","pKWmEB","PstI.TP1219165"," 2"," 3820233","","0.0789","C"
"4","Trait5","pKWmEB","PstI.TP312639"," 2"," 3911470","","0.5009","A"
"4","Trait5","pKWmEB","NsiI.TP428405"," 2"," 3912472","","0.6688","A"
"4","Trait5","pKWmEB","PstI.TP739775"," 2"," 3917222","","0.3348","C"
"4","Trait5","pKWmEB","PstI.TP694473"," 2"," 3932203","","0.9714","A"
"4","Trait5","pKWmEB","PstI.TP421294"," 2"," 3942366","","0.4855","C"
"4","Trait5","pKWmEB","NsiI.TP479847"," 2"," 3957268","","0.2033","C"
"4","Trait5","pKWmEB","GFSSContig6268_272"," 2"," 3959119","","0.1299","T"
"4","Trait5","pKWmEB","PstI.TP1132419"," 2"," 3988312","","0.0179","C"
"4","Trait5","pKWmEB","GFSSContig20611_1874"," 2"," 4006695","","0.1276","C"
"4","Trait5","pKWmEB","PstI.TP601806"," 2"," 4021548","","0.8251","C"
"4","Trait5","pKWmEB","PstI.TP785151"," 2"," 4069035","","0.5341","A"
"4","Trait5","pKWmEB","PstI.TP908566"," 2"," 4095448","","0.7305","A"
"4","Trait5","pKWmEB","PstI.TP415742"," 2"," 4098961","","0.5147","G"
"4","Trait5","pKWmEB","PstI.TP35935"," 2"," 4118637","","0.1858","C"
"4","Trait5","pKWmEB","PstI.TP826204"," 2"," 4127455","","0.8283","A"
"4","Trait5","pKWmEB","PstI.TP51748"," 2"," 4127459","","0.5776","A"
"4","Trait5","pKWmEB","NsiI.TP560035"," 2"," 4136155","","0.1228","C"
"4","Trait5","pKWmEB","NsiI.TP7672"," 2"," 4145630","","0.0891","C"
"4","Trait5","pKWmEB","NsiI.TP711715"," 2"," 4148416","","0.5297","A"
"4","Trait5","pKWmEB","PstI.TP782266"," 2"," 4173244","","0.3983","C"
"4","Trait5","pKWmEB","PstI.TP370716"," 2"," 4270163","","1.2988","A"
"4","Trait5","pKWmEB","PstI.TP1244466"," 2"," 4309777","","0.1491","A"
"4","Trait5","pKWmEB","PstI.TP127545"," 2"," 4343917","","0.6705","C"
"4","Trait5","pKWmEB","PstI.TP493468"," 2"," 4347785","","0.1058","A"
"4","Trait5","pKWmEB","PstI.TP1193525"," 2"," 4415350","","0.2793","C"
"4","Trait5","pKWmEB","NsiI.TP129503"," 2"," 4424110","","0.0227","A"
"4","Trait5","pKWmEB","PstI.TP361220"," 2"," 4474541","","0.1514","A"
"4","Trait5","pKWmEB","PstI.TP42080"," 2"," 4482472","","1.2231","G"
"4","Trait5","pKWmEB","PstI.TP16535"," 2"," 4499267","","0.4754","A"
"4","Trait5","pKWmEB","NsiI.TP362814"," 2"," 4591437","","0.5319","A"
"4","Trait5","pKWmEB","PstI.TP1145028"," 2"," 4612479","","1.0471","A"
"4","Trait5","pKWmEB","PstI.TP773928"," 2"," 4635764","","0.1663","C"
"4","Trait5","pKWmEB","PstI.TP665435"," 2"," 4646947","","0.1137","C"
"4","Trait5","pKWmEB","PstI.TP668842"," 2"," 4648949","","0.3880","A"
"4","Trait5","pKWmEB","PstI.TP981001"," 2"," 4681014","","0.9215","A"
"4","Trait5","pKWmEB","PstI.TP342466"," 2"," 4686314","","0.0150","A"
"4","Trait5","pKWmEB","PstI.TP262331"," 2"," 4692065","","0.1968","A"
"4","Trait5","pKWmEB","PstI.TP318650"," 2"," 4705365","","1.3093","A"
"4","Trait5","pKWmEB","NsiI.TP620431"," 2"," 4707723","","0.0190","C"
"4","Trait5","pKWmEB","PstI.TP663772"," 2"," 4768961","","0.2293","C"
"4","Trait5","pKWmEB","PstI.TP182549"," 2"," 4769024","","0.9197","A"
"4","Trait5","pKWmEB","PstI.TP487615"," 2"," 4774643","","0.7831","A"
"4","Trait5","pKWmEB","NsiI.TP756229"," 2"," 4779453","","0.3908","A"
"4","Trait5","pKWmEB","PstI.TP985033"," 2"," 4786608","","0.2042","A"
"4","Trait5","pKWmEB","PstI.TP584875"," 2"," 4812441","","0.9817","A"
"4","Trait5","pKWmEB","NsiI.TP180361"," 2"," 4855817","","1.8811","A"
"4","Trait5","pKWmEB","PstI.TP688729"," 2"," 4929876","","1.3315","A"
"4","Trait5","pKWmEB","PstI.TP1023443"," 2"," 4929930","","0.0141","A"
"4","Trait5","pKWmEB","PstI.TP1142871"," 2"," 4930821","","0.2006","C"
"4","Trait5","pKWmEB","NsiI.TP544486"," 2"," 4939850","","1.5358","C"
"4","Trait5","pKWmEB","PstI.TP725609"," 2"," 4942696","","2.4235","G"
"4","Trait5","pKWmEB","PstI.TP730974"," 2"," 4968872","","0.1058","A"
"4","Trait5","pKWmEB","NsiI.TP376675"," 2"," 5051419","","0.0664","A"
"4","Trait5","pKWmEB","PstI.TP1083606"," 2"," 5100645","","0.8833","C"
"4","Trait5","pKWmEB","PstI.TP1294035"," 2"," 5163080","","0.3188","C"
"4","Trait5","pKWmEB","PstI.TP297282"," 2"," 5214604","","0.1890","A"
"4","Trait5","pKWmEB","PstI.TP380157"," 2"," 5222953","","0.1542","A"
"4","Trait5","pKWmEB","PstI.TP241219"," 2"," 5225650","","0.1298","A"
"4","Trait5","pKWmEB","NsiI.TP370497"," 2"," 5228620","","0.1845","A"
"4","Trait5","pKWmEB","PstI.TP68478"," 2"," 5243180","","0.0481","C"
"4","Trait5","pKWmEB","NsiI.TP538517"," 2"," 5273866","","0.1756","A"
"4","Trait5","pKWmEB","PstI.TP539779"," 2"," 5282633","","0.7046","G"
"4","Trait5","pKWmEB","PstI.TP292862"," 2"," 5295535","","0.5715","A"
"4","Trait5","pKWmEB","PstI.TP44945"," 2"," 5312015","","0.1634","A"
"4","Trait5","pKWmEB","NsiI.TP275026"," 2"," 5321915","","0.1106","C"
"4","Trait5","pKWmEB","PstI.TP580104"," 2"," 5389101","","0.2208","A"
"4","Trait5","pKWmEB","PstI.TP137903"," 2"," 5490554","","0.1975","A"
"4","Trait5","pKWmEB","PstI.TP35716"," 2"," 5500236","","0.7698","A"
"4","Trait5","pKWmEB","PstI.TP838325"," 2"," 5507959","","0.0788","A"
"4","Trait5","pKWmEB","PstI.TP168511"," 2"," 5511417","","0.0083","A"
"4","Trait5","pKWmEB","PstI.TP198396"," 2"," 5516660","","0.3225","A"
"4","Trait5","pKWmEB","NsiI.TP221707"," 2"," 5558392","","0.3750","C"
"4","Trait5","pKWmEB","NsiI.TP571566"," 2"," 5559193","","0.0768","G"
"4","Trait5","pKWmEB","NsiI.TP36895"," 2"," 5560647","","0.0835","A"
"4","Trait5","pKWmEB","NsiI.TP144638"," 2"," 5562203","","0.4232","A"
"4","Trait5","pKWmEB","PstI.TP219162"," 2"," 5567905","","0.6454","C"
"4","Trait5","pKWmEB","PstI.TP304979"," 2"," 5567971","","0.4342","A"
"4","Trait5","pKWmEB","PstI.TP217237"," 2"," 5570708","","0.3156","C"
"4","Trait5","pKWmEB","NsiI.TP529125"," 2"," 5630525","","0.0233","A"
"4","Trait5","pKWmEB","PstI.TP851734"," 2"," 5649828","","0.0079","C"
"4","Trait5","pKWmEB","PstI.TP71456"," 2"," 5649876","","0.2996","A"
"4","Trait5","pKWmEB","PstI.TP741957"," 2"," 5655578","","0.3319","C"
"4","Trait5","pKWmEB","PstI.TP383143"," 2"," 5722060","","0.1321","C"
"4","Trait5","pKWmEB","PstI.TP259578"," 2"," 5808068","","0.5911","G"
"4","Trait5","pKWmEB","NsiI.TP767972"," 2"," 5837194","","0.2614","A"
"4","Trait5","pKWmEB","NsiI.TP487965"," 2"," 5838121","","0.3458","A"
"4","Trait5","pKWmEB","PstI.TP814590"," 2"," 5879101","","0.3208","C"
"4","Trait5","pKWmEB","PstI.TP1102959"," 2"," 5884759","","0.6063","A"
"4","Trait5","pKWmEB","PstI.TP236859"," 2"," 5981510","","0.3667","A"
"4","Trait5","pKWmEB","PstI.TP208221"," 2"," 5983666","","0.3463","A"
"4","Trait5","pKWmEB","PstI.TP749904"," 2"," 6008894","","0.0213","A"
"4","Trait5","pKWmEB","PstI.TP749903"," 2"," 6008931","","0.0948","C"
"4","Trait5","pKWmEB","PstI.TP398618"," 2"," 6009711","","0.8384","C"
"4","Trait5","pKWmEB","NsiI.TP463421"," 2"," 6010875","","0.5115","A"
"4","Trait5","pKWmEB","PstI.TP957946"," 2"," 6015319","","0.4162","C"
"4","Trait5","pKWmEB","NsiI.TP744444"," 2"," 6018062","","1.0757","C"
"4","Trait5","pKWmEB","NsiI.TP313952"," 2"," 6018124","","0.2840","A"
"4","Trait5","pKWmEB","NsiI.TP567453"," 2"," 6042585","","1.0799","A"
"4","Trait5","pKWmEB","PstI.TP336124"," 2"," 6045000","","0.1038","G"
"4","Trait5","pKWmEB","NsiI.TP783433"," 2"," 6091366","","1.1551","C"
"4","Trait5","pKWmEB","PstI.TP1034264"," 2"," 6135831","","0.3415","A"
"4","Trait5","pKWmEB","PstI.TP308332"," 2"," 6238774","","0.2921","C"
"4","Trait5","pKWmEB","NsiI.TP635661"," 2"," 6270373","","0.2202","A"
"4","Trait5","pKWmEB","NsiI.TP423810"," 2"," 6291646","","0.4423","C"
"4","Trait5","pKWmEB","PstI.TP794546"," 2"," 6395513","","0.8705","A"
"4","Trait5","pKWmEB","NsiI.TP750875"," 2"," 6430032","","0.5636","G"
"4","Trait5","pKWmEB","PstI.TP509948"," 2"," 6460419","","1.3786","G"
"4","Trait5","pKWmEB","NsiI.TP361899"," 2"," 6469070","","0.7397","A"
"4","Trait5","pKWmEB","NsiI.TP493686"," 2"," 6471155","","0.0731","A"
"4","Trait5","pKWmEB","PstI.TP892300"," 2"," 6572905","","0.6821","A"
"4","Trait5","pKWmEB","PstI.TP413223"," 2"," 6616604","","0.0322","A"
"4","Trait5","pKWmEB","PstI.TP413226"," 2"," 6616612","","1.0092","A"
"4","Trait5","pKWmEB","NsiI.TP776540"," 2"," 6691211","","0.2248","C"
"4","Trait5","pKWmEB","GFSSContig14840_1377"," 2"," 6698083","","0.0842","A"
"4","Trait5","pKWmEB","PstI.TP176956"," 2"," 6740655","","0.3175","A"
"4","Trait5","pKWmEB","NsiI.TP825543"," 2"," 6845244","","0.0470","C"
"4","Trait5","pKWmEB","PstI.TP817616"," 2"," 6858746","","0.1425","G"
"4","Trait5","pKWmEB","PstI.TP1053389"," 2"," 6882567","","1.4467","A"
"4","Trait5","pKWmEB","NsiI.TP383956"," 2"," 6882924","","0.0656","A"
"4","Trait5","pKWmEB","NsiI.TP351533"," 2"," 6998232","","0.1105","G"
"4","Trait5","pKWmEB","PstI.TP155981"," 2"," 7080756","","0.3006","A"
"4","Trait5","pKWmEB","NsiI.TP43011"," 2"," 7084573","","0.0305","A"
"4","Trait5","pKWmEB","PstI.TP316604"," 2"," 7089684","","0.8338","A"
"4","Trait5","pKWmEB","PstI.TP669878"," 2"," 7105659","","0.8063","C"
"4","Trait5","pKWmEB","NsiI.TP331117"," 2"," 7123575","","0.7855","A"
"4","Trait5","pKWmEB","PstI.TP506408"," 2"," 7240618","","0.0125","C"
"4","Trait5","pKWmEB","PstI.TP921414"," 2"," 7249958","","0.1747","C"
"4","Trait5","pKWmEB","PstI.TP297556"," 2"," 7251629","","0.4136","A"
"4","Trait5","pKWmEB","PstI.TP1252533"," 2"," 7329384","","0.0688","C"
"4","Trait5","pKWmEB","PstI.TP144930"," 2"," 7329792","","0.0099","C"
"4","Trait5","pKWmEB","PstI.TP901866"," 2"," 7365029","","0.8214","A"
"4","Trait5","pKWmEB","PstI.TP841149"," 2"," 7377884","","0.1662","A"
"4","Trait5","pKWmEB","PstI.TP262290"," 2"," 7378306","","0.1776","A"
"4","Trait5","pKWmEB","NsiI.TP214321"," 2"," 7479442","","0.1766","A"
"4","Trait5","pKWmEB","PstI.TP848781"," 2"," 7553248","","0.0278","C"
"4","Trait5","pKWmEB","PstI.TP507408"," 2"," 7561605","","1.3578","A"
"4","Trait5","pKWmEB","PstI.TP881382"," 2"," 7732506","","0.8260","A"
"4","Trait5","pKWmEB","NsiI.TP344402"," 2"," 7747119","","0.4160","A"
"4","Trait5","pKWmEB","PstI.TP401923"," 2"," 7767639","","0.2563","C"
"4","Trait5","pKWmEB","PstI.TP181926"," 2"," 7817398","","0.8613","C"
"4","Trait5","pKWmEB","PstI.TP1264070"," 2"," 7827620","","0.0207","A"
"4","Trait5","pKWmEB","PstI.TP548378"," 2"," 7827689","","0.2111","A"
"4","Trait5","pKWmEB","PstI.TP1251590"," 2"," 7834748","","0.0091","A"
"4","Trait5","pKWmEB","NsiI.TP340722"," 2"," 7835817","","0.4438","C"
"4","Trait5","pKWmEB","NsiI.TP391268"," 2"," 7876397","","0.2000","G"
"4","Trait5","pKWmEB","NsiI.TP61267"," 2"," 7889439","","1.3243","C"
"4","Trait5","pKWmEB","PstI.TP1209642"," 2"," 7903969","","0.6564","A"
"4","Trait5","pKWmEB","PstI.TP1152019"," 2"," 7926717","","0.4838","A"
"4","Trait5","pKWmEB","PstI.TP1015323"," 2"," 7941964","","0.1396","C"
"4","Trait5","pKWmEB","NsiI.TP634180"," 2"," 7958102","","0.4355","A"
"4","Trait5","pKWmEB","NsiI.TP666280"," 2"," 7962401","","0.2542","C"
"4","Trait5","pKWmEB","PstI.TP542884"," 2"," 7975969","","2.2087","C"
"4","Trait5","pKWmEB","NsiI.TP543497"," 2"," 7976217","","0.1537","A"
"4","Trait5","pKWmEB","NsiI.TP420988"," 2"," 7976608","","0.2510","C"
"4","Trait5","pKWmEB","NsiI.TP805756"," 2"," 7991960","","0.1209","A"
"4","Trait5","pKWmEB","PstI.TP730455"," 2"," 8113277","","1.1309","C"
"4","Trait5","pKWmEB","NsiI.TP7764"," 2"," 8133534","","0.2936","A"
"4","Trait5","pKWmEB","PstI.TP725918"," 2"," 8160952","","0.1068","A"
"4","Trait5","pKWmEB","PstI.TP1043088"," 2"," 8205635","","0.2880","C"
"4","Trait5","pKWmEB","PstI.TP1043092"," 2"," 8205665","","0.0644","A"
"4","Trait5","pKWmEB","PstI.TP893925"," 2"," 8205911","","0.0086","C"
"4","Trait5","pKWmEB","NsiI.TP755123"," 2"," 8225139","","0.1436","G"
"4","Trait5","pKWmEB","PstI.TP81471"," 2"," 8235709","","0.0810","C"
"4","Trait5","pKWmEB","PstI.TP1186327"," 2"," 8257580","","0.3231","C"
"4","Trait5","pKWmEB","PstI.TP535942"," 2"," 8257610","","0.1759","C"
"4","Trait5","pKWmEB","PstI.TP8087"," 2"," 8265447","","0.0147","A"
"4","Trait5","pKWmEB","PstI.TP500549"," 2"," 8325489","","0.4316","G"
"4","Trait5","pKWmEB","NsiI.TP213203"," 2"," 8336167","","0.0627","C"
"4","Trait5","pKWmEB","PstI.TP1059373"," 2"," 8426061","","0.1859","A"
"4","Trait5","pKWmEB","PstI.TP769403"," 2"," 8436637","","0.0027","A"
"4","Trait5","pKWmEB","PstI.TP1168893"," 2"," 8450083","","0.3847","A"
"4","Trait5","pKWmEB","NsiI.TP765459"," 2"," 8577674","","1.6558","A"
"4","Trait5","pKWmEB","PstI.TP410821"," 2"," 8615723","","0.2215","A"
"4","Trait5","pKWmEB","PstI.TP238072"," 2"," 8660311","","0.0856","A"
"4","Trait5","pKWmEB","PstI.TP923284"," 2"," 8668624","","0.2488","C"
"4","Trait5","pKWmEB","PstI.TP523895"," 2"," 8676195","","0.1249","A"
"4","Trait5","pKWmEB","GFSSContig17916_723"," 2"," 8702027","","0.7485","T"
"4","Trait5","pKWmEB","PstI.TP220949"," 2"," 8703070","","0.6663","A"
"4","Trait5","pKWmEB","PstI.TP848601"," 2"," 8721933","","0.0620","A"
"4","Trait5","pKWmEB","PstI.TP146124"," 2"," 8785153","","0.2947","C"
"4","Trait5","pKWmEB","PstI.TP384707"," 2"," 8798159","","0.3869","A"
"4","Trait5","pKWmEB","NsiI.TP411279"," 2"," 8810196","","0.0204","C"
"4","Trait5","pKWmEB","NsiI.TP411311"," 2"," 8810226","","0.0026","C"
"4","Trait5","pKWmEB","PstI.TP806349"," 2"," 8815136","","0.8002","A"
"4","Trait5","pKWmEB","PstI.TP286792"," 2"," 8823503","","0.3013","C"
"4","Trait5","pKWmEB","PstI.TP915401"," 2"," 8871252","","0.6319","A"
"4","Trait5","pKWmEB","PstI.TP745911"," 2"," 8890642","","0.0000","C"
"4","Trait5","pKWmEB","PstI.TP970565"," 2"," 8917107","","0.5369","C"
"4","Trait5","pKWmEB","PstI.TP685253"," 2"," 8949707","","0.3487","A"
"4","Trait5","pKWmEB","NsiI.TP545095"," 2"," 8978995","","0.9416","C"
"4","Trait5","pKWmEB","PstI.TP238302"," 2"," 9013203","","0.2362","A"
"4","Trait5","pKWmEB","NsiI.TP438203"," 2"," 9025618","","0.2730","C"
"4","Trait5","pKWmEB","PstI.TP347077"," 2"," 9052028","","0.1081","A"
"4","Trait5","pKWmEB","PstI.TP101696"," 2"," 9065576","","1.9221","A"
"4","Trait5","pKWmEB","PstI.TP185100"," 2"," 9065988","","0.7843","G"
"4","Trait5","pKWmEB","PstI.TP71186"," 2"," 9177435","","0.1916","G"
"4","Trait5","pKWmEB","PstI.TP1096216"," 2"," 9204799","","0.6482","A"
"4","Trait5","pKWmEB","PstI.TP1135499"," 2"," 9250499","","1.2756","A"
"4","Trait5","pKWmEB","PstI.TP577735"," 2"," 9251583","","0.2298","A"
"4","Trait5","pKWmEB","PstI.TP382744"," 2"," 9260485","","1.4738","A"
"4","Trait5","pKWmEB","NsiI.TP765496"," 2"," 9320924","","0.0167","C"
"4","Trait5","pKWmEB","PstI.TP340360"," 2"," 9336954","","0.9872","G"
"4","Trait5","pKWmEB","PstI.TP38325"," 2"," 9348396","","0.7165","C"
"4","Trait5","pKWmEB","NsiI.TP112876"," 2"," 9353395","","0.1758","A"
"4","Trait5","pKWmEB","NsiI.TP47841"," 2"," 9427275","","0.0021","C"
"4","Trait5","pKWmEB","PstI.TP48632"," 2"," 9434509","","0.6049","A"
"4","Trait5","pKWmEB","PstI.TP810988"," 2"," 9437995","","0.0503","A"
"4","Trait5","pKWmEB","NsiI.TP373980"," 2"," 9439542","","0.5047","A"
"4","Trait5","pKWmEB","PstI.TP422349"," 2"," 9464090","","0.6435","A"
"4","Trait5","pKWmEB","PstI.TP100041"," 2"," 9497062","","0.6509","A"
"4","Trait5","pKWmEB","NsiI.TP483892"," 2"," 9521117","","0.1699","A"
"4","Trait5","pKWmEB","NsiI.TP189127"," 2"," 9521211","","0.5521","A"
"4","Trait5","pKWmEB","PstI.TP749310"," 2"," 9525754","","0.3339","C"
"4","Trait5","pKWmEB","PstI.TP620181"," 2"," 9565149","","0.6313","A"
"4","Trait5","pKWmEB","PstI.TP906574"," 2"," 9567798","","0.0299","G"
"4","Trait5","pKWmEB","PstI.TP1065484"," 2"," 9592436","","0.1800","C"
"4","Trait5","pKWmEB","PstI.TP767883"," 2"," 9601804","","0.2384","A"
"4","Trait5","pKWmEB","PstI.TP752035"," 2"," 9612569","","0.4109","A"
"4","Trait5","pKWmEB","PstI.TP374085"," 2"," 9617733","","0.0354","A"
"4","Trait5","pKWmEB","PstI.TP1062938"," 2"," 9628038","","0.0012","A"
"4","Trait5","pKWmEB","PstI.TP941577"," 2"," 9663617","","0.4782","G"
"4","Trait5","pKWmEB","PstI.TP772432"," 2"," 9820897","","0.0775","A"
"4","Trait5","pKWmEB","PstI.TP366613"," 2"," 9834803","","0.9928","A"
"4","Trait5","pKWmEB","PstI.TP275110"," 2"," 9834807","","0.2613","A"
"4","Trait5","pKWmEB","PstI.TP845869"," 2"," 9862801","","1.0900","A"
"4","Trait5","pKWmEB","PstI.TP19752"," 2"," 9862947","","0.6303","A"
"4","Trait5","pKWmEB","PstI.TP931630"," 2"," 9892526","","0.2491","A"
"4","Trait5","pKWmEB","NsiI.TP669512"," 2","10009734","","0.0519","A"
"4","Trait5","pKWmEB","NsiI.TP770335"," 2","10199450","","0.7805","A"
"4","Trait5","pKWmEB","PstI.TP790795"," 2","10200111","","0.1277","C"
"4","Trait5","pKWmEB","PstI.TP1181576"," 2","10298312","","0.6725","C"
"4","Trait5","pKWmEB","PstI.TP788850"," 2","10401678","","0.3265","G"
"4","Trait5","pKWmEB","PstI.TP452173"," 2","10527282","","1.2040","C"
"4","Trait5","pKWmEB","PstI.TP80826"," 2","10542416","","0.2807","A"
"4","Trait5","pKWmEB","PstI.TP214696"," 2","10546371","","0.4153","A"
"4","Trait5","pKWmEB","PstI.TP216314"," 2","10546412","","0.1290","C"
"4","Trait5","pKWmEB","PstI.TP1031882"," 2","10618717","","0.6029","A"
"4","Trait5","pKWmEB","PstI.TP1274664"," 2","10641196","","0.0294","A"
"4","Trait5","pKWmEB","PstI.TP1286086"," 2","10858840","","3.0694","A"
"4","Trait5","pKWmEB","PstI.TP1110260"," 2","10970034","","0.1403","A"
"4","Trait5","pKWmEB","PstI.TP615083"," 2","11176998","","1.2422","C"
"4","Trait5","pKWmEB","GFSSContig19229_860"," 2","11550006","","0.0501","T"
"4","Trait5","pKWmEB","PstI.TP766482"," 2","11550091","","1.0475","A"
"4","Trait5","pKWmEB","NsiI.TP304401"," 2","11963795","","0.6305","A"
"4","Trait5","pKWmEB","NsiI.TP188522"," 2","12102013","","0.0563","C"
"4","Trait5","pKWmEB","GFSSContig11545_976"," 2","12244116","","1.0078","T"
"4","Trait5","pKWmEB","PstI.TP1256743"," 2","12349536","","0.1610","C"
"4","Trait5","pKWmEB","PstI.TP205566"," 2","12368592","","0.2516","C"
"4","Trait5","pKWmEB","NsiI.TP371824"," 2","12388729","","0.2413","A"
"4","Trait5","pKWmEB","NsiI.TP116106"," 2","12411022","","0.1328","A"
"4","Trait5","pKWmEB","NsiI.TP358777"," 2","12478713","","0.1286","A"
"4","Trait5","pKWmEB","PstI.TP87823"," 2","12499508","","0.0491","A"
"4","Trait5","pKWmEB","NsiI.TP169987"," 2","12533440","","0.2350","C"
"4","Trait5","pKWmEB","NsiI.TP746331"," 2","12756538","","0.3725","A"
"4","Trait5","pKWmEB","PstI.TP814161"," 2","12758584","","0.3885","A"
"4","Trait5","pKWmEB","NsiI.TP412927"," 2","12932233","","0.0853","A"
"4","Trait5","pKWmEB","NsiI.TP42832"," 2","13066304","","0.6092","A"
"4","Trait5","pKWmEB","PstI.TP743419"," 2","13067196","","0.1670","C"
"4","Trait5","pKWmEB","PstI.TP51705"," 2","13076006","","0.0561","A"
"4","Trait5","pKWmEB","PstI.TP998112"," 2","13166227","","0.4940","C"
"4","Trait5","pKWmEB","PstI.TP839560"," 2","13167754","","0.3659","G"
"4","Trait5","pKWmEB","NsiI.TP499956"," 2","13229256","","0.5374","C"
"4","Trait5","pKWmEB","PstI.TP669472"," 2","13247155","","0.0527","A"
"4","Trait5","pKWmEB","NsiI.TP441994"," 2","13270607","","0.0106","G"
"4","Trait5","pKWmEB","PstI.TP203615"," 2","13271675","","0.1213","A"
"4","Trait5","pKWmEB","NsiI.TP503252"," 2","13290797","","0.3908","A"
"4","Trait5","pKWmEB","NsiI.TP202126"," 2","13358970","","0.3288","A"
"4","Trait5","pKWmEB","NsiI.TP51047"," 2","13453548","","0.8003","A"
"4","Trait5","pKWmEB","NsiI.TP6336"," 2","13499908","","0.1593","C"
"4","Trait5","pKWmEB","PstI.TP1200270"," 2","13518060","","0.9405","A"
"4","Trait5","pKWmEB","NsiI.TP744737"," 2","13521067","","0.0249","A"
"4","Trait5","pKWmEB","PstI.TP640452"," 2","13526708","","0.2260","C"
"4","Trait5","pKWmEB","NsiI.TP329056"," 2","13541116","","0.7558","C"
"4","Trait5","pKWmEB","PstI.TP898807"," 2","13546443","","1.0420","G"
"4","Trait5","pKWmEB","PstI.TP1164756"," 2","13547011","","0.4697","A"
"4","Trait5","pKWmEB","PstI.TP139749"," 2","13559614","","0.9406","C"
"4","Trait5","pKWmEB","PstI.TP200935"," 2","13608138","","0.5605","C"
"4","Trait5","pKWmEB","PstI.TP278903"," 2","13608360","","0.0429","A"
"4","Trait5","pKWmEB","PstI.TP947087"," 2","13610693","","0.0607","A"
"4","Trait5","pKWmEB","NsiI.TP438264"," 2","13681869","","0.4114","A"
"4","Trait5","pKWmEB","NsiI.TP463738"," 2","13682540","","0.1359","C"
"4","Trait5","pKWmEB","NsiI.TP3476"," 2","13688466","","0.2983","A"
"4","Trait5","pKWmEB","NsiI.TP784723"," 2","13689174","","0.9168","A"
"4","Trait5","pKWmEB","NsiI.TP793044"," 2","13689179","","0.6394","C"
"4","Trait5","pKWmEB","NsiI.TP786394"," 2","13689209","","0.2259","A"
"4","Trait5","pKWmEB","NsiI.TP786094"," 2","13689212","","1.2824","C"
"4","Trait5","pKWmEB","NsiI.TP786059"," 2","13689217","","0.6456","C"
"4","Trait5","pKWmEB","NsiI.TP697615"," 2","13689231","","0.0434","A"
"4","Trait5","pKWmEB","NsiI.TP32826"," 2","13691196","","0.4304","A"
"4","Trait5","pKWmEB","PstI.TP1086028"," 2","13702157","","0.2852","C"
"4","Trait5","pKWmEB","NsiI.TP465195"," 2","13702547","","0.4591","A"
"4","Trait5","pKWmEB","NsiI.TP646776"," 2","13780096","","0.2618","A"
"4","Trait5","pKWmEB","NsiI.TP646777"," 2","13780108","","0.3047","C"
"4","Trait5","pKWmEB","PstI.TP632422"," 2","13806534","","1.4633","A"
"4","Trait5","pKWmEB","PstI.TP117337"," 2","13824821","","0.5661","C"
"4","Trait5","pKWmEB","PstI.TP201411"," 2","14003821","","0.0527","A"
"4","Trait5","pKWmEB","NsiI.TP293002"," 2","14123287","","0.0135","A"
"4","Trait5","pKWmEB","PstI.TP25701"," 2","14149405","","0.0465","C"
"4","Trait5","pKWmEB","PstI.TP81487"," 2","14172195","","0.2286","C"
"4","Trait5","pKWmEB","PstI.TP1138902"," 2","14219817","","0.8685","A"
"4","Trait5","pKWmEB","NsiI.TP149172"," 2","14257478","","0.0683","C"
"4","Trait5","pKWmEB","NsiI.TP493902"," 2","14260446","","0.1081","C"
"4","Trait5","pKWmEB","PstI.TP706479"," 2","14264983","","0.8091","G"
"4","Trait5","pKWmEB","PstI.TP259080"," 2","14265997","","0.1764","A"
"4","Trait5","pKWmEB","PstI.TP259088"," 2","14266020","","0.0133","C"
"4","Trait5","pKWmEB","NsiI.TP42250"," 2","14266773","","0.1466","C"
"4","Trait5","pKWmEB","PstI.TP624006"," 2","14333414","","0.7519","C"
"4","Trait5","pKWmEB","PstI.TP802029"," 2","14358830","","0.1213","A"
"4","Trait5","pKWmEB","PstI.TP829526"," 2","14358912","","0.2436","A"
"4","Trait5","pKWmEB","PstI.TP749072"," 2","14359850","","1.3721","C"
"4","Trait5","pKWmEB","PstI.TP995823"," 2","14368850","","0.0874","A"
"4","Trait5","pKWmEB","PstI.TP723971"," 2","14394959","","0.1985","C"
"4","Trait5","pKWmEB","NsiI.TP660683"," 2","14396862","","0.9728","A"
"4","Trait5","pKWmEB","PstI.TP1130306"," 2","14438079","","0.3521","C"
"4","Trait5","pKWmEB","PstI.TP478908"," 2","14478233","","0.1477","A"
"4","Trait5","pKWmEB","PstI.TP1078961"," 2","14481910","","0.9920","C"
"4","Trait5","pKWmEB","PstI.TP998491"," 2","14521096","","0.9119","C"
"4","Trait5","pKWmEB","NsiI.TP741434"," 2","14719335","","0.1435","A"
"4","Trait5","pKWmEB","NsiI.TP700871"," 2","14748009","","0.1344","G"
"4","Trait5","pKWmEB","NsiI.TP694083"," 2","14769883","","1.0630","A"
"4","Trait5","pKWmEB","NsiI.TP65215"," 2","14799328","","0.3223","G"
"4","Trait5","pKWmEB","NsiI.TP523212"," 2","14805387","","0.0709","C"
"4","Trait5","pKWmEB","PstI.TP743010"," 2","14880369","","0.0607","G"
"4","Trait5","pKWmEB","PstI.TP23330"," 2","14890257","","0.1644","A"
"4","Trait5","pKWmEB","NsiI.TP669128"," 2","14976284","","0.9290","A"
"4","Trait5","pKWmEB","NsiI.TP607578"," 2","15114940","","0.6768","C"
"4","Trait5","pKWmEB","PstI.TP1064795"," 2","15164316","","0.6165","G"
"4","Trait5","pKWmEB","NsiI.TP131334"," 2","15190023","","0.3403","A"
"4","Trait5","pKWmEB","NsiI.TP485286"," 2","15201135","","0.9827","C"
"4","Trait5","pKWmEB","PstI.TP607155"," 2","15373321","","0.1573","A"
"4","Trait5","pKWmEB","NsiI.TP730564"," 2","15407513","","0.0286","G"
"4","Trait5","pKWmEB","NsiI.TP222535"," 2","15561544","","0.1057","A"
"4","Trait5","pKWmEB","PstI.TP126486"," 2","15706808","","0.3081","A"
"4","Trait5","pKWmEB","PstI.TP1013077"," 2","15710121","","1.1137","C"
"4","Trait5","pKWmEB","PstI.TP343649"," 2","15710706","","0.2157","A"
"4","Trait5","pKWmEB","NsiI.TP132105"," 2","15898008","","0.8476","A"
"4","Trait5","pKWmEB","NsiI.TP77209"," 2","15957189","","0.5091","A"
"4","Trait5","pKWmEB","PstI.TP108652"," 2","15963619","","0.8424","A"
"4","Trait5","pKWmEB","NsiI.TP671715"," 2","15963992","","0.2427","A"
"4","Trait5","pKWmEB","NsiI.TP135552"," 2","15989917","","0.0813","C"
"4","Trait5","pKWmEB","NsiI.TP51510"," 2","15994531","","0.4518","A"
"4","Trait5","pKWmEB","NsiI.TP637405"," 2","16276164","","1.0568","A"
"4","Trait5","pKWmEB","NsiI.TP688808"," 2","16410862","","0.0970","A"
"4","Trait5","pKWmEB","PstI.TP1096193"," 2","16420113","","0.1059","A"
"4","Trait5","pKWmEB","PstI.TP935823"," 2","16479925","","1.7485","G"
"4","Trait5","pKWmEB","PstI.TP1133231"," 2","16502221","","0.0850","C"
"4","Trait5","pKWmEB","NsiI.TP765685"," 2","16612091","","1.0980","A"
"4","Trait5","pKWmEB","PstI.TP1029844"," 2","16673841","","0.1038","A"
"4","Trait5","pKWmEB","NsiI.TP338319"," 2","16850730","","0.2456","A"
"4","Trait5","pKWmEB","NsiI.TP620217"," 2","16850766","","0.0365","A"
"4","Trait5","pKWmEB","NsiI.TP640755"," 2","16850781","","1.5217","G"
"4","Trait5","pKWmEB","NsiI.TP697307"," 2","16857287","","0.4067","A"
"4","Trait5","pKWmEB","PstI.TP1086412"," 2","16857975","","1.3886","C"
"4","Trait5","pKWmEB","PstI.TP201747"," 2","16880214","","0.3137","C"
"4","Trait5","pKWmEB","PstI.TP249017"," 2","16907392","","0.1943","C"
"4","Trait5","pKWmEB","NsiI.TP689559"," 2","16908451","","0.8053","A"
"4","Trait5","pKWmEB","PstI.TP326938"," 2","16984761","","0.0024","A"
"4","Trait5","pKWmEB","NsiI.TP636057"," 2","16986845","","0.0400","A"
"4","Trait5","pKWmEB","GFSSContig10720_700"," 2","17049151","","0.0168","T"
"4","Trait5","pKWmEB","NsiI.TP167999"," 2","17066870","","0.8563","G"
"4","Trait5","pKWmEB","PstI.TP1097650"," 2","17104324","","1.1796","A"
"4","Trait5","pKWmEB","GFSSContig3212_326"," 2","17269304","","0.9443","A"
"4","Trait5","pKWmEB","NsiI.TP116105"," 2","17271954","","0.8189","A"
"4","Trait5","pKWmEB","NsiI.TP621350"," 2","17294324","","0.2970","C"
"4","Trait5","pKWmEB","PstI.TP636524"," 2","17304780","","0.9084","G"
"4","Trait5","pKWmEB","PstI.TP990758"," 2","17587135","","1.1569","C"
"4","Trait5","pKWmEB","NsiI.TP30530"," 2","17708321","","1.1416","A"
"4","Trait5","pKWmEB","NsiI.TP551533"," 2","17708401","","0.3982","C"
"4","Trait5","pKWmEB","PstI.TP1219300"," 2","17726808","","0.2801","C"
"4","Trait5","pKWmEB","NsiI.TP369993"," 2","17729968","","0.1672","C"
"4","Trait5","pKWmEB","NsiI.TP185790"," 2","17764926","","0.3902","A"
"4","Trait5","pKWmEB","PstI.TP26506"," 2","17982247","","0.2047","G"
"4","Trait5","pKWmEB","NsiI.TP343143"," 2","17982334","","0.0239","A"
"4","Trait5","pKWmEB","NsiI.TP397189"," 2","17997205","","0.0643","C"
"4","Trait5","pKWmEB","PstI.TP873010"," 2","18318332","","0.2287","A"
"4","Trait5","pKWmEB","PstI.TP116004"," 2","18318413","","0.1054","A"
"4","Trait5","pKWmEB","NsiI.TP501986"," 2","18533135","","1.0581","A"
"4","Trait5","pKWmEB","PstI.TP197948"," 2","18537474","","0.5845","A"
"4","Trait5","pKWmEB","NsiI.TP716628"," 2","18537633","","0.3421","C"
"4","Trait5","pKWmEB","GFSSContig623_207"," 2","18538897","","0.6156","A"
"4","Trait5","pKWmEB","NsiI.TP729839"," 2","18540344","","0.1909","C"
"4","Trait5","pKWmEB","PstI.TP387372"," 2","18542714","","0.8058","G"
"4","Trait5","pKWmEB","NsiI.TP340298"," 2","18542990","","0.7218","C"
"4","Trait5","pKWmEB","PstI.TP10310"," 2","18574283","","0.3216","C"
"4","Trait5","pKWmEB","PstI.TP976703"," 2","18574379","","0.0910","C"
"4","Trait5","pKWmEB","PstI.TP905168"," 2","18578782","","0.4209","G"
"4","Trait5","pKWmEB","NsiI.TP462688"," 2","18776804","","1.3536","A"
"4","Trait5","pKWmEB","PstI.TP843258"," 2","18785310","","0.1307","G"
"4","Trait5","pKWmEB","PstI.TP1284448"," 2","18810260","","0.6584","G"
"4","Trait5","pKWmEB","PstI.TP255230"," 2","18810670","","0.0446","A"
"4","Trait5","pKWmEB","PstI.TP311508"," 2","18811212","","0.0539","A"
"4","Trait5","pKWmEB","PstI.TP715121"," 2","18844611","","0.0272","C"
"4","Trait5","pKWmEB","PstI.TP995869"," 2","18919482","","0.0392","C"
"4","Trait5","pKWmEB","PstI.TP77189"," 2","18920943","","1.4704","C"
"4","Trait5","pKWmEB","NsiI.TP61739"," 2","18920956","","0.0099","A"
"4","Trait5","pKWmEB","NsiI.TP227349"," 2","18921208","","1.0210","C"
"4","Trait5","pKWmEB","PstI.TP1147178"," 2","19167828","","0.2569","A"
"4","Trait5","pKWmEB","PstI.TP1097010"," 2","19533020","","0.2018","A"
"4","Trait5","pKWmEB","NsiI.TP820147"," 2","19537481","","0.0959","A"
"4","Trait5","pKWmEB","PstI.TP364647"," 2","19726028","","2.1809","C"
"4","Trait5","pKWmEB","PstI.TP612262"," 2","19764719","","0.2318","C"
"4","Trait5","pKWmEB","PstI.TP1294337"," 2","19795219","","0.5657","A"
"4","Trait5","pKWmEB","PstI.TP718762"," 2","19798138","","0.4340","A"
"4","Trait5","pKWmEB","NsiI.TP487428"," 2","19803765","","0.5522","A"
"4","Trait5","pKWmEB","NsiI.TP624537"," 2","19826828","","1.1016","A"
"4","Trait5","pKWmEB","PstI.TP216305"," 2","19837768","","0.2378","A"
"4","Trait5","pKWmEB","PstI.TP4837"," 2","19838374","","1.2386","A"
"4","Trait5","pKWmEB","NsiI.TP417060"," 2","19859544","","0.0370","A"
"4","Trait5","pKWmEB","NsiI.TP253777"," 2","20124179","","0.2207","G"
"4","Trait5","pKWmEB","NsiI.TP23308"," 2","20189145","","0.1368","A"
"4","Trait5","pKWmEB","PstI.TP613714"," 2","20235279","","0.0801","A"
"4","Trait5","pKWmEB","NsiI.TP120325"," 2","20239248","","0.2259","C"
"4","Trait5","pKWmEB","NsiI.TP293938"," 2","20244831","","0.4542","A"
"4","Trait5","pKWmEB","NsiI.TP659539"," 2","20500478","","0.0314","A"
"4","Trait5","pKWmEB","NsiI.TP144861"," 2","20500544","","1.3356","A"
"4","Trait5","pKWmEB","NsiI.TP115800"," 2","20500579","","0.1609","C"
"4","Trait5","pKWmEB","NsiI.TP144864"," 2","20500585","","0.1546","A"
"4","Trait5","pKWmEB","PstI.TP294013"," 2","20558919","","0.1692","A"
"4","Trait5","pKWmEB","PstI.TP323280"," 2","20594752","","0.0659","A"
"4","Trait5","pKWmEB","PstI.TP733506"," 2","20595082","","0.0915","A"
"4","Trait5","pKWmEB","NsiI.TP573065"," 2","20701878","","0.0561","C"
"4","Trait5","pKWmEB","NsiI.TP244612"," 2","20703525","","0.2064","C"
"4","Trait5","pKWmEB","PstI.TP815699"," 2","20860666","","0.4388","G"
"4","Trait5","pKWmEB","NsiI.TP161816"," 2","20891158","","0.2259","C"
"4","Trait5","pKWmEB","NsiI.TP407972"," 2","20899089","","0.6654","C"
"4","Trait5","pKWmEB","NsiI.TP619792"," 2","20972514","","0.7969","A"
"4","Trait5","pKWmEB","PstI.TP1052134"," 2","20977582","","0.4006","A"
"4","Trait5","pKWmEB","NsiI.TP496272"," 2","21104644","","0.2480","A"
"4","Trait5","pKWmEB","NsiI.TP498857"," 2","21156558","","0.2062","C"
"4","Trait5","pKWmEB","PstI.TP982120"," 2","21428233","","0.2472","A"
"4","Trait5","pKWmEB","PstI.TP333846"," 2","21429094","","0.2221","A"
"4","Trait5","pKWmEB","PstI.TP1146052"," 2","21430924","","0.8755","A"
"4","Trait5","pKWmEB","PstI.TP941483"," 2","21521726","","1.1975","A"
"4","Trait5","pKWmEB","NsiI.TP183334"," 2","21523636","","0.5422","A"
"4","Trait5","pKWmEB","NsiI.TP40347"," 2","21595648","","0.0646","C"
"4","Trait5","pKWmEB","NsiI.TP282845"," 2","21883367","","0.2944","A"
"4","Trait5","pKWmEB","NsiI.TP248959"," 2","21918992","","0.7850","C"
"4","Trait5","pKWmEB","NsiI.TP132146"," 2","21919408","","1.0628","C"
"4","Trait5","pKWmEB","PstI.TP1179426"," 2","22129951","","0.2156","A"
"4","Trait5","pKWmEB","PstI.TP455422"," 2","22139812","","0.1520","A"
"4","Trait5","pKWmEB","NsiI.TP307324"," 2","22200701","","0.4383","A"
"4","Trait5","pKWmEB","NsiI.TP678341"," 2","22203749","","0.4294","A"
"4","Trait5","pKWmEB","PstI.TP205512"," 2","22342699","","0.6321","A"
"4","Trait5","pKWmEB","NsiI.TP442920"," 2","22462507","","1.9892","A"
"4","Trait5","pKWmEB","NsiI.TP56338"," 2","22463556","","0.9034","A"
"4","Trait5","pKWmEB","NsiI.TP487417"," 2","22482603","","1.2478","A"
"4","Trait5","pKWmEB","PstI.TP700714"," 2","22951859","","0.0389","C"
"4","Trait5","pKWmEB","PstI.TP718032"," 2","23093745","","0.5673","A"
"4","Trait5","pKWmEB","PstI.TP595475"," 2","23185705","","0.3686","C"
"4","Trait5","pKWmEB","PstI.TP8007"," 2","23185884","","0.8109","A"
"4","Trait5","pKWmEB","PstI.TP549798"," 2","23212519","","0.2446","C"
"4","Trait5","pKWmEB","PstI.TP118996"," 2","23316351","","0.0657","A"
"4","Trait5","pKWmEB","PstI.TP833228"," 2","23342056","","0.1778","G"
"4","Trait5","pKWmEB","PstI.TP200327"," 2","23342582","","0.0818","C"
"4","Trait5","pKWmEB","PstI.TP205500"," 2","23346653","","0.1018","C"
"4","Trait5","pKWmEB","PstI.TP926794"," 2","23346740","","1.4411","C"
"4","Trait5","pKWmEB","NsiI.TP337093"," 2","23346740","","0.7830","C"
"4","Trait5","pKWmEB","PstI.TP1254847"," 2","23603100","","1.1699","C"
"4","Trait5","pKWmEB","PstI.TP738286"," 2","23745418","","1.6565","C"
"4","Trait5","pKWmEB","NsiI.TP628429"," 2","23760021","","0.0771","A"
"4","Trait5","pKWmEB","PstI.TP18098"," 2","23769344","","0.7955","A"
"4","Trait5","pKWmEB","PstI.TP1277536"," 2","23996480","","0.1123","C"
"4","Trait5","pKWmEB","PstI.TP380288"," 2","25348641","","0.1454","A"
"4","Trait5","pKWmEB","NsiI.TP713800"," 2","25410985","","0.3920","C"
"4","Trait5","pKWmEB","PstI.TP776875"," 2","27154974","","0.4342","G"
"4","Trait5","pKWmEB","NsiI.TP521139"," 2","27217250","","0.5206","A"
"4","Trait5","pKWmEB","NsiI.TP494189"," 2","27518717","","0.5306","C"
"4","Trait5","pKWmEB","PstI.TP506280"," 2","27578762","","0.6056","C"
"4","Trait5","pKWmEB","PstI.TP949269"," 2","27614839","","0.6026","A"
"4","Trait5","pKWmEB","PstI.TP402269"," 2","27615402","","0.5096","C"
"4","Trait5","pKWmEB","PstI.TP551509"," 2","27803104","","0.0282","C"
"4","Trait5","pKWmEB","NsiI.TP199778"," 2","27804707","","0.7471","G"
"4","Trait5","pKWmEB","PstI.TP982462"," 2","28670723","","1.2069","A"
"4","Trait5","pKWmEB","PstI.TP1184522"," 2","29037914","","1.1518","A"
"4","Trait5","pKWmEB","NsiI.TP522658"," 2","29235102","","0.4861","A"
"4","Trait5","pKWmEB","PstI.TP106192"," 2","29343010","","0.7060","G"
"4","Trait5","pKWmEB","PstI.TP297158"," 2","29504947","","0.2903","C"
"4","Trait5","pKWmEB","NsiI.TP421742"," 2","29895267","","0.8327","A"
"4","Trait5","pKWmEB","PstI.TP840565"," 2","31129874","","1.5774","A"
"4","Trait5","pKWmEB","NsiI.TP532566"," 2","31135097","","0.1612","G"
"4","Trait5","pKWmEB","NsiI.TP532563"," 2","31135123","","0.7397","A"
"4","Trait5","pKWmEB","NsiI.TP6824"," 2","37081934","","0.2205","A"
"4","Trait5","pKWmEB","NsiI.TP136029"," 2","37088189","","0.8535","A"
"4","Trait5","pKWmEB","NsiI.TP780797"," 2","37090033","","0.4814","C"
"4","Trait5","pKWmEB","GFSSContig16734_2201"," 2","37100980","","0.6841","A"
"4","Trait5","pKWmEB","PstI.TP229922"," 2","37812716","","1.1051","G"
"4","Trait5","pKWmEB","NsiI.TP499189"," 2","38534155","","0.5677","A"
"4","Trait5","pKWmEB","NsiI.TP712437"," 2","38534332","","0.4259","A"
"4","Trait5","pKWmEB","NsiI.TP559984"," 2","38838004","","0.2980","A"
"4","Trait5","pKWmEB","NsiI.TP559985"," 2","38838033","","0.7328","C"
"4","Trait5","pKWmEB","PstI.TP1060183"," 2","39474046","","0.0110","A"
"4","Trait5","pKWmEB","NsiI.TP185738"," 2","39952629","","1.6009","A"
"4","Trait5","pKWmEB","PstI.TP115189"," 2","41366046","","1.1661","A"
"4","Trait5","pKWmEB","PstI.TP152155"," 2","41366318","","0.4498","C"
"4","Trait5","pKWmEB","NsiI.TP38533"," 2","41373269","","1.2780","C"
"4","Trait5","pKWmEB","NsiI.TP717742"," 2","42579868","","0.8993","A"
"4","Trait5","pKWmEB","PstI.TP404373"," 2","44085849","","0.0497","G"
"4","Trait5","pKWmEB","NsiI.TP139756"," 2","44968498","","0.3911","A"
"4","Trait5","pKWmEB","PstI.TP198343"," 2","45081606","","0.4232","G"
"4","Trait5","pKWmEB","PstI.TP50640"," 2","45441656","","1.1437","A"
"4","Trait5","pKWmEB","NsiI.TP518409"," 2","45764088","","0.3174","C"
"4","Trait5","pKWmEB","PstI.TP385678"," 2","45782629","","0.1416","C"
"4","Trait5","pKWmEB","NsiI.TP119191"," 2","45878088","","0.1267","A"
"4","Trait5","pKWmEB","PstI.TP759980"," 2","45884147","","1.1744","C"
"4","Trait5","pKWmEB","NsiI.TP258067"," 2","45969771","","0.7904","A"
"4","Trait5","pKWmEB","PstI.TP117081"," 2","45986549","","1.7873","C"
"4","Trait5","pKWmEB","PstI.TP117089"," 2","45986595","","0.1878","A"
"4","Trait5","pKWmEB","PstI.TP666113"," 2","46660522","","0.6085","G"
"4","Trait5","pKWmEB","PstI.TP385344"," 2","46664405","","0.0350","C"
"4","Trait5","pKWmEB","NsiI.TP743201"," 2","46673454","","0.0272","A"
"4","Trait5","pKWmEB","PstI.TP130960"," 2","46747557","","0.1158","G"
"4","Trait5","pKWmEB","NsiI.TP534178"," 2","46769024","","0.5915","A"
"4","Trait5","pKWmEB","NsiI.TP629871"," 2","46790175","","0.9498","A"
"4","Trait5","pKWmEB","PstI.TP1198748"," 2","46870734","","0.0139","A"
"4","Trait5","pKWmEB","PstI.TP826945"," 2","46930601","","0.7958","C"
"4","Trait5","pKWmEB","NsiI.TP750546"," 2","46939014","","0.1591","C"
"4","Trait5","pKWmEB","PstI.TP1154493"," 2","47054143","","1.8564","A"
"4","Trait5","pKWmEB","PstI.TP785708"," 2","47159689","","0.1546","C"
"4","Trait5","pKWmEB","PstI.TP689993"," 2","47160415","","0.1032","A"
"4","Trait5","pKWmEB","PstI.TP53443"," 2","47160491","","0.0101","A"
"4","Trait5","pKWmEB","PstI.TP209906"," 2","47204337","","0.7575","A"
"4","Trait5","pKWmEB","NsiI.TP38709"," 2","47204347","","0.0790","A"
"4","Trait5","pKWmEB","PstI.TP54171"," 2","47254365","","0.7141","C"
"4","Trait5","pKWmEB","NsiI.TP367697"," 2","47283706","","0.6046","G"
"4","Trait5","pKWmEB","NsiI.TP321951"," 2","47382869","","0.5934","C"
"4","Trait5","pKWmEB","PstI.TP129992"," 2","47440033","","2.1103","A"
"4","Trait5","pKWmEB","PstI.TP1220879"," 2","47479697","","0.6837","A"
"4","Trait5","pKWmEB","NsiI.TP385912"," 2","47485966","","0.1828","A"
"4","Trait5","pKWmEB","PstI.TP654111"," 2","47489621","","0.0711","C"
"4","Trait5","pKWmEB","NsiI.TP802075"," 2","47648652","","0.5443","C"
"4","Trait5","pKWmEB","PstI.TP883579"," 2","47758114","","0.3256","C"
"4","Trait5","pKWmEB","NsiI.TP326806"," 2","48437370","","0.4210","C"
"4","Trait5","pKWmEB","NsiI.TP458529"," 2","48714152","","0.4707","C"
"4","Trait5","pKWmEB","PstI.TP842764"," 2","49079381","","0.2980","C"
"4","Trait5","pKWmEB","PstI.TP1198894"," 2","49090569","","0.7858","A"
"4","Trait5","pKWmEB","PstI.TP377175"," 2","49470375","","0.2150","A"
"4","Trait5","pKWmEB","PstI.TP510304"," 2","49519374","","0.5270","A"
"4","Trait5","pKWmEB","PstI.TP483350"," 2","49522561","","1.5647","C"
"4","Trait5","pKWmEB","PstI.TP238016"," 2","49531813","","0.0994","C"
"4","Trait5","pKWmEB","NsiI.TP400530"," 2","49626564","","0.0297","C"
"4","Trait5","pKWmEB","PstI.TP237380"," 2","49698711","","0.4034","A"
"4","Trait5","pKWmEB","PstI.TP912290"," 2","49702186","","0.6791","A"
"4","Trait5","pKWmEB","PstI.TP427104"," 2","49743751","","0.2171","A"
"4","Trait5","pKWmEB","GFSSContig17648_463"," 2","49751578","","0.1539","A"
"4","Trait5","pKWmEB","GFSSContig17648_1410"," 2","49754931","","0.2281","A"
"4","Trait5","pKWmEB","NsiI.TP245065"," 2","49755024","","0.4697","A"
"4","Trait5","pKWmEB","PstI.TP153473"," 2","49922484","","0.1690","C"
"4","Trait5","pKWmEB","NsiI.TP441740"," 2","49922532","","0.4846","C"
"4","Trait5","pKWmEB","NsiI.TP593469"," 2","49950560","","0.4628","A"
"4","Trait5","pKWmEB","PstI.TP263467"," 2","49996422","","0.0125","A"
"4","Trait5","pKWmEB","PstI.TP959729"," 2","49996496","","1.6402","C"
"4","Trait5","pKWmEB","PstI.TP607405"," 2","50007024","","0.2557","A"
"4","Trait5","pKWmEB","PstI.TP478931"," 2","50018891","","0.8989","C"
"4","Trait5","pKWmEB","PstI.TP159461"," 2","50019441","","0.5961","C"
"4","Trait5","pKWmEB","PstI.TP24205"," 2","50025261","","1.1792","C"
"4","Trait5","pKWmEB","PstI.TP79885"," 2","50392385","","0.7771","A"
"4","Trait5","pKWmEB","NsiI.TP102234"," 2","50518078","","0.5585","A"
"4","Trait5","pKWmEB","PstI.TP745907"," 2","50691405","","0.6013","C"
"4","Trait5","pKWmEB","PstI.TP220565"," 2","50694038","","0.2694","A"
"4","Trait5","pKWmEB","NsiI.TP81632"," 2","50706705","","0.3663","A"
"4","Trait5","pKWmEB","PstI.TP1235048"," 2","50897094","","0.7291","A"
"4","Trait5","pKWmEB","PstI.TP158204"," 2","51022027","","0.7497","A"
"4","Trait5","pKWmEB","PstI.TP1012196"," 2","51185492","","0.9192","C"
"4","Trait5","pKWmEB","PstI.TP1292597"," 2","51189337","","0.6166","C"
"4","Trait5","pKWmEB","NsiI.TP409668"," 2","51206932","","0.0321","C"
"4","Trait5","pKWmEB","PstI.TP327995"," 2","51251522","","1.1583","C"
"4","Trait5","pKWmEB","PstI.TP989400"," 2","51253529","","0.1655","C"
"4","Trait5","pKWmEB","PstI.TP845124"," 2","51289268","","0.0957","A"
"4","Trait5","pKWmEB","NsiI.TP532372"," 2","51294705","","0.0988","A"
"4","Trait5","pKWmEB","NsiI.TP292897"," 2","51301122","","0.6000","C"
"4","Trait5","pKWmEB","NsiI.TP793341"," 2","51526245","","0.7418","C"
"4","Trait5","pKWmEB","NsiI.TP804461"," 2","51561167","","0.1790","C"
"4","Trait5","pKWmEB","NsiI.TP825746"," 2","51562955","","0.0657","C"
"4","Trait5","pKWmEB","PstI.TP62939"," 2","51630076","","0.4423","G"
"4","Trait5","pKWmEB","PstI.TP1275139"," 2","51630604","","0.3456","G"
"4","Trait5","pKWmEB","PstI.TP879159"," 2","51632459","","0.1447","C"
"4","Trait5","pKWmEB","NsiI.TP420096"," 2","51633038","","0.4668","A"
"4","Trait5","pKWmEB","NsiI.TP783827"," 2","51637245","","0.2064","C"
"4","Trait5","pKWmEB","PstI.TP837987"," 2","51707122","","0.0317","A"
"4","Trait5","pKWmEB","NsiI.TP619900"," 2","51762633","","0.0629","A"
"4","Trait5","pKWmEB","PstI.TP334931"," 2","51848838","","1.4960","A"
"4","Trait5","pKWmEB","NsiI.TP11642"," 2","51874620","","0.0918","C"
"4","Trait5","pKWmEB","PstI.TP1002724"," 2","51880482","","0.8153","C"
"4","Trait5","pKWmEB","PstI.TP229716"," 2","52006699","","0.1410","A"
"4","Trait5","pKWmEB","NsiI.TP617177"," 2","52050200","","0.2447","C"
"4","Trait5","pKWmEB","NsiI.TP705057"," 2","52115207","","0.0480","A"
"4","Trait5","pKWmEB","PstI.TP471158"," 2","52122110","","0.3775","A"
"4","Trait5","pKWmEB","PstI.TP1248463"," 2","52122902","","1.5179","A"
"4","Trait5","pKWmEB","PstI.TP74485"," 2","52125081","","0.3906","A"
"4","Trait5","pKWmEB","PstI.TP358466"," 2","52234585","","0.1036","G"
"4","Trait5","pKWmEB","PstI.TP700043"," 2","52251967","","0.0274","C"
"4","Trait5","pKWmEB","NsiI.TP565148"," 2","52354916","","0.0215","A"
"4","Trait5","pKWmEB","NsiI.TP645364"," 2","52544015","","1.4857","C"
"4","Trait5","pKWmEB","PstI.TP240292"," 2","52552645","","0.5557","A"
"4","Trait5","pKWmEB","NsiI.TP163051"," 2","53382177","","0.0138","C"
"4","Trait5","pKWmEB","PstI.TP747313"," 2","53434843","","0.1285","A"
"4","Trait5","pKWmEB","PstI.TP774809"," 2","53479898","","0.5319","C"
"4","Trait5","pKWmEB","NsiI.TP690065"," 2","53640609","","1.3865","A"
"4","Trait5","pKWmEB","PstI.TP878368"," 2","54218608","","1.0296","C"
"4","Trait5","pKWmEB","NsiI.TP486065"," 2","54246152","","0.0738","C"
"4","Trait5","pKWmEB","NsiI.TP381075"," 2","54381275","","0.9559","C"
"4","Trait5","pKWmEB","NsiI.TP139556"," 2","54466501","","0.0951","A"
"4","Trait5","pKWmEB","PstI.TP1174831"," 2","54474666","","0.1325","A"
"4","Trait5","pKWmEB","PstI.TP607512"," 2","54493888","","0.2182","A"
"4","Trait5","pKWmEB","PstI.TP1075290"," 2","54494001","","0.1829","A"
"4","Trait5","pKWmEB","PstI.TP768419"," 2","54502818","","2.0789","C"
"4","Trait5","pKWmEB","PstI.TP938200"," 2","54569410","","0.2232","C"
"4","Trait5","pKWmEB","PstI.TP671098"," 2","54577903","","0.0790","C"
"4","Trait5","pKWmEB","PstI.TP1087330"," 2","54591809","","0.7350","G"
"4","Trait5","pKWmEB","PstI.TP695158"," 2","55008713","","0.5064","G"
"4","Trait5","pKWmEB","PstI.TP552980"," 2","55009626","","0.5664","C"
"4","Trait5","pKWmEB","NsiI.TP594342"," 2","55025553","","0.2595","A"
"4","Trait5","pKWmEB","PstI.TP84097"," 2","55026074","","0.0581","C"
"4","Trait5","pKWmEB","PstI.TP541875"," 2","55037307","","0.1224","A"
"4","Trait5","pKWmEB","PstI.TP541874"," 2","55037354","","0.2649","C"
"4","Trait5","pKWmEB","PstI.TP330470"," 2","55037372","","0.1768","C"
"4","Trait5","pKWmEB","NsiI.TP406836"," 2","55041475","","0.2566","A"
"4","Trait5","pKWmEB","NsiI.TP369853"," 2","55063679","","0.5742","C"
"4","Trait5","pKWmEB","NsiI.TP431965"," 2","55134748","","0.0043","A"
"4","Trait5","pKWmEB","PstI.TP718102"," 2","55136138","","0.4349","A"
"4","Trait5","pKWmEB","PstI.TP306976"," 2","55357057","","0.1972","C"
"4","Trait5","pKWmEB","NsiI.TP11763"," 2","55368372","","0.3983","A"
"4","Trait5","pKWmEB","PstI.TP65472"," 2","55384747","","1.1168","A"
"4","Trait5","pKWmEB","PstI.TP476886"," 2","55394288","","1.9577","C"
"4","Trait5","pKWmEB","NsiI.TP551763"," 2","55395571","","0.1146","A"
"4","Trait5","pKWmEB","NsiI.TP352028"," 2","55395652","","0.1206","A"
"4","Trait5","pKWmEB","PstI.TP951829"," 2","55414626","","0.3589","A"
"4","Trait5","pKWmEB","PstI.TP45434"," 2","55477024","","0.1851","C"
"4","Trait5","pKWmEB","PstI.TP848956"," 2","55477082","","0.3159","C"
"4","Trait5","pKWmEB","PstI.TP848954"," 2","55477100","","0.6213","C"
"4","Trait5","pKWmEB","PstI.TP545206"," 2","55587230","","0.3580","A"
"4","Trait5","pKWmEB","PstI.TP697322"," 2","55713623","","0.7843","A"
"4","Trait5","pKWmEB","PstI.TP1223116"," 2","55714459","","0.1969","A"
"4","Trait5","pKWmEB","PstI.TP990928"," 2","55732686","","0.2806","C"
"4","Trait5","pKWmEB","NsiI.TP424496"," 2","55828224","","0.5077","C"
"4","Trait5","pKWmEB","NsiI.TP186725"," 2","56007971","","0.6545","C"
"4","Trait5","pKWmEB","PstI.TP74982"," 2","56009354","","0.1018","A"
"4","Trait5","pKWmEB","NsiI.TP593666"," 2","56047090","","0.3372","A"
"4","Trait5","pKWmEB","PstI.TP827126"," 2","56058934","","0.3289","G"
"4","Trait5","pKWmEB","NsiI.TP231443"," 2","56076805","","0.2889","C"
"4","Trait5","pKWmEB","PstI.TP323444"," 2","56176337","","0.1746","A"
"4","Trait5","pKWmEB","PstI.TP410091"," 2","56176361","","0.4462","A"
"4","Trait5","pKWmEB","PstI.TP1084924"," 2","56227368","","0.3489","A"
"4","Trait5","pKWmEB","PstI.TP692281"," 2","56248202","","0.9428","A"
"4","Trait5","pKWmEB","PstI.TP933320"," 2","56250123","","0.3901","A"
"4","Trait5","pKWmEB","PstI.TP1122752"," 2","56295956","","0.2916","A"
"4","Trait5","pKWmEB","PstI.TP1155231"," 2","56342788","","0.0399","A"
"4","Trait5","pKWmEB","NsiI.TP661568"," 2","56475452","","0.6216","A"
"4","Trait5","pKWmEB","NsiI.TP481604"," 2","56475480","","0.3151","C"
"4","Trait5","pKWmEB","PstI.TP505880"," 2","56476216","","0.5772","C"
"4","Trait5","pKWmEB","NsiI.TP694486"," 2","56476853","","0.4368","C"
"4","Trait5","pKWmEB","PstI.TP1072104"," 2","56561012","","0.1723","A"
"4","Trait5","pKWmEB","PstI.TP1179066"," 2","56564506","","0.0749","A"
"4","Trait5","pKWmEB","NsiI.TP392178"," 2","56585061","","1.0254","A"
"4","Trait5","pKWmEB","PstI.TP271878"," 2","56598718","","1.0181","A"
"4","Trait5","pKWmEB","NsiI.TP221709"," 2","56647453","","0.6291","A"
"4","Trait5","pKWmEB","PstI.TP886614"," 2","56651766","","0.0058","A"
"4","Trait5","pKWmEB","PstI.TP259066"," 2","56693726","","0.4934","A"
"4","Trait5","pKWmEB","NsiI.TP133661"," 2","56698805","","0.2346","A"
"4","Trait5","pKWmEB","NsiI.TP443023"," 2","56699414","","0.8626","C"
"4","Trait5","pKWmEB","PstI.TP307262"," 2","56792254","","0.4645","A"
"4","Trait5","pKWmEB","PstI.TP109850"," 2","56793387","","0.1840","C"
"4","Trait5","pKWmEB","PstI.TP305073"," 2","56794565","","0.2410","G"
"4","Trait5","pKWmEB","NsiI.TP238695"," 2","56851247","","0.8775","G"
"4","Trait5","pKWmEB","PstI.TP210983"," 2","56861414","","0.2401","A"
"4","Trait5","pKWmEB","NsiI.TP322881"," 2","56868573","","0.5023","G"
"4","Trait5","pKWmEB","NsiI.TP750600"," 2","56869336","","0.5256","C"
"4","Trait5","pKWmEB","NsiI.TP729056"," 2","56870524","","0.2327","A"
"4","Trait5","pKWmEB","NsiI.TP433333"," 2","56870655","","1.1216","C"
"4","Trait5","pKWmEB","NsiI.TP654059"," 2","56877523","","0.0026","C"
"4","Trait5","pKWmEB","PstI.TP398347"," 2","56904120","","0.2768","A"
"4","Trait5","pKWmEB","PstI.TP213333"," 2","56904758","","0.0959","C"
"4","Trait5","pKWmEB","PstI.TP383939"," 2","56907410","","0.8238","A"
"4","Trait5","pKWmEB","NsiI.TP754822"," 2","56928503","","1.3859","A"
"4","Trait5","pKWmEB","PstI.TP141827"," 2","56954455","","0.1593","A"
"4","Trait5","pKWmEB","PstI.TP199902"," 2","56957269","","0.4068","G"
"4","Trait5","pKWmEB","PstI.TP1061896"," 2","56969155","","1.0868","A"
"4","Trait5","pKWmEB","PstI.TP1062019"," 2","56969161","","0.4691","A"
"4","Trait5","pKWmEB","NsiI.TP678319"," 2","56972682","","0.2429","C"
"4","Trait5","pKWmEB","PstI.TP348729"," 2","56985174","","0.1640","C"
"4","Trait5","pKWmEB","PstI.TP371503"," 2","57085223","","0.9505","C"
"4","Trait5","pKWmEB","NsiI.TP38620"," 2","57085297","","0.4780","A"
"4","Trait5","pKWmEB","NsiI.TP802662"," 2","57163430","","0.2145","A"
"4","Trait5","pKWmEB","PstI.TP86008"," 2","57163563","","0.2490","C"
"4","Trait5","pKWmEB","PstI.TP133700"," 2","57163911","","0.3527","A"
"4","Trait5","pKWmEB","GFSSContig7165_442"," 2","57164692","","0.0134","A"
"4","Trait5","pKWmEB","NsiI.TP801527"," 2","57166686","","0.1478","C"
"4","Trait5","pKWmEB","PstI.TP1082141"," 2","57174602","","0.1770","A"
"4","Trait5","pKWmEB","NsiI.TP50533"," 2","57199808","","0.0213","A"
"4","Trait5","pKWmEB","PstI.TP325176"," 2","57255856","","0.6056","C"
"4","Trait5","pKWmEB","NsiI.TP286339"," 2","57264133","","1.4756","C"
"4","Trait5","pKWmEB","NsiI.TP286341"," 2","57264141","","0.5120","C"
"4","Trait5","pKWmEB","PstI.TP971521"," 2","57267752","","0.1711","A"
"4","Trait5","pKWmEB","NsiI.TP763261"," 2","57413137","","0.1602","A"
"4","Trait5","pKWmEB","NsiI.TP794833"," 2","57413788","","0.2847","C"
"4","Trait5","pKWmEB","PstI.TP249296"," 2","57415075","","0.5533","A"
"4","Trait5","pKWmEB","NsiI.TP49179"," 2","57415539","","0.1598","A"
"4","Trait5","pKWmEB","PstI.TP1215732"," 2","57449553","","0.0159","G"
"4","Trait5","pKWmEB","PstI.TP738881"," 2","57512325","","0.0995","A"
"4","Trait5","pKWmEB","PstI.TP697310"," 2","57512345","","0.3489","C"
"4","Trait5","pKWmEB","NsiI.TP555571"," 2","57514367","","0.1124","A"
"4","Trait5","pKWmEB","PstI.TP47654"," 2","57514489","","1.6044","G"
"4","Trait5","pKWmEB","NsiI.TP476367"," 2","57542179","","0.1799","G"
"4","Trait5","pKWmEB","PstI.TP1114827"," 2","57544790","","1.1153","C"
"4","Trait5","pKWmEB","PstI.TP806112"," 2","57558204","","0.4287","A"
"4","Trait5","pKWmEB","PstI.TP49910"," 2","57563536","","0.5921","A"
"4","Trait5","pKWmEB","NsiI.TP423584"," 2","57602883","","0.6156","A"
"4","Trait5","pKWmEB","NsiI.TP83377"," 2","57603008","","0.4441","A"
"4","Trait5","pKWmEB","PstI.TP808486"," 2","57607955","","0.0135","A"
"4","Trait5","pKWmEB","PstI.TP1256707"," 2","57679416","","0.4210","A"
"4","Trait5","pKWmEB","NsiI.TP830166"," 2","57700835","","0.5362","C"
"4","Trait5","pKWmEB","NsiI.TP775055"," 2","57703433","","0.5253","G"
"4","Trait5","pKWmEB","PstI.TP1179516"," 2","57731330","","0.4488","A"
"4","Trait5","pKWmEB","NsiI.TP571735"," 2","57731371","","0.3453","A"
"4","Trait5","pKWmEB","PstI.TP753013"," 2","57739584","","0.6173","C"
"4","Trait5","pKWmEB","PstI.TP309600"," 2","57862559","","0.4647","C"
"4","Trait5","pKWmEB","PstI.TP773866"," 2","57873632","","0.4650","A"
"4","Trait5","pKWmEB","NsiI.TP773495"," 2","57875586","","1.9525","C"
"4","Trait5","pKWmEB","NsiI.TP10089"," 2","57931643","","0.3897","A"
"4","Trait5","pKWmEB","NsiI.TP608557"," 2","57932069","","1.1691","C"
"4","Trait5","pKWmEB","NsiI.TP233507"," 2","57932937","","1.0937","A"
"4","Trait5","pKWmEB","PstI.TP395407"," 2","57933769","","1.7708","A"
"4","Trait5","pKWmEB","NsiI.TP179649"," 2","57951142","","0.2646","A"
"4","Trait5","pKWmEB","PstI.TP13843"," 2","57967122","","0.3667","A"
"4","Trait5","pKWmEB","PstI.TP714241"," 2","58003649","","1.0799","C"
"4","Trait5","pKWmEB","NsiI.TP742331"," 2","58004105","","0.0775","C"
"4","Trait5","pKWmEB","NsiI.TP259427"," 2","58020841","","0.4616","A"
"4","Trait5","pKWmEB","NsiI.TP259429"," 2","58020858","","0.7360","C"
"4","Trait5","pKWmEB","NsiI.TP574518"," 2","58071652","","1.6274","A"
"4","Trait5","pKWmEB","NsiI.TP740562"," 2","58073889","","0.7548","G"
"4","Trait5","pKWmEB","PstI.TP1181945"," 2","58126432","","0.3938","C"
"4","Trait5","pKWmEB","PstI.TP1181944"," 2","58126443","","0.4522","A"
"4","Trait5","pKWmEB","NsiI.TP485772"," 2","58129588","","0.3358","C"
"4","Trait5","pKWmEB","PstI.TP820789"," 2","58131056","","0.5297","A"
"4","Trait5","pKWmEB","NsiI.TP538867"," 2","58176491","","0.4317","G"
"4","Trait5","pKWmEB","PstI.TP846031"," 2","58182383","","0.1482","G"
"4","Trait5","pKWmEB","NsiI.TP631274"," 2","58195717","","1.0767","G"
"4","Trait5","pKWmEB","NsiI.TP133232"," 2","58224541","","0.0322","A"
"4","Trait5","pKWmEB","NsiI.TP560779"," 2","58238603","","0.4294","A"
"4","Trait5","pKWmEB","PstI.TP454107"," 2","58284642","","0.3073","C"
"4","Trait5","pKWmEB","PstI.TP343061"," 2","58286580","","0.4773","C"
"4","Trait5","pKWmEB","PstI.TP343044"," 2","58286600","","0.4078","A"
"4","Trait5","pKWmEB","PstI.TP993272"," 2","58286678","","1.1922","C"
"4","Trait5","pKWmEB","NsiI.TP716763"," 2","58287576","","0.6752","A"
"4","Trait5","pKWmEB","NsiI.TP103487"," 2","58287864","","0.2890","A"
"4","Trait5","pKWmEB","NsiI.TP763242"," 2","58287902","","0.1194","C"
"4","Trait5","pKWmEB","PstI.TP721827"," 2","58288607","","0.1771","A"
"4","Trait5","pKWmEB","PstI.TP924334"," 2","58289021","","0.3613","A"
"4","Trait5","pKWmEB","PstI.TP484921"," 2","58289099","","1.6980","C"
"4","Trait5","pKWmEB","PstI.TP64046"," 2","58295714","","0.2157","A"
"4","Trait5","pKWmEB","NsiI.TP502909"," 2","58325149","","0.1594","C"
"4","Trait5","pKWmEB","NsiI.TP432309"," 2","58331508","","0.0672","C"
"4","Trait5","pKWmEB","PstI.TP1173274"," 2","58331744","","0.4482","G"
"4","Trait5","pKWmEB","NsiI.TP514724"," 2","58333562","","0.1228","C"
"4","Trait5","pKWmEB","PstI.TP690744"," 2","58500961","","0.2317","A"
"4","Trait5","pKWmEB","PstI.TP224038"," 2","58505863","","0.1346","A"
"4","Trait5","pKWmEB","PstI.TP1215799"," 2","58552434","","0.5320","C"
"4","Trait5","pKWmEB","NsiI.TP399950"," 2","58560990","","0.3953","G"
"4","Trait5","pKWmEB","PstI.TP1046643"," 2","58595318","","0.0274","A"
"4","Trait5","pKWmEB","PstI.TP451020"," 2","58599188","","0.2261","A"
"4","Trait5","pKWmEB","NsiI.TP469708"," 2","58601187","","0.1980","A"
"4","Trait5","pKWmEB","NsiI.TP273150"," 2","58601969","","0.0378","C"
"4","Trait5","pKWmEB","NsiI.TP205114"," 2","58611885","","0.0362","G"
"4","Trait5","pKWmEB","PstI.TP1045265"," 2","58635988","","0.3086","G"
"4","Trait5","pKWmEB","PstI.TP1005335"," 2","58635995","","0.7216","C"
"4","Trait5","pKWmEB","PstI.TP844985"," 2","58637331","","0.4681","G"
"4","Trait5","pKWmEB","PstI.TP1109625"," 2","58639087","","0.2650","A"
"4","Trait5","pKWmEB","NsiI.TP592526"," 2","58642454","","0.1280","A"
"4","Trait5","pKWmEB","PstI.TP174184"," 2","58642963","","0.2604","A"
"4","Trait5","pKWmEB","PstI.TP123674"," 2","58648454","","0.5140","G"
"4","Trait5","pKWmEB","NsiI.TP651986"," 2","58656091","","0.7489","C"
"4","Trait5","pKWmEB","PstI.TP259827"," 2","58657047","","0.3623","C"
"4","Trait5","pKWmEB","NsiI.TP140139"," 2","58660758","","0.8319","A"
"4","Trait5","pKWmEB","PstI.TP243328"," 2","58674737","","0.1538","A"
"4","Trait5","pKWmEB","NsiI.TP754630"," 2","58680530","","0.1923","A"
"4","Trait5","pKWmEB","NsiI.TP466600"," 2","58716699","","0.8465","C"
"4","Trait5","pKWmEB","NsiI.TP466601"," 2","58716699","","0.0470","C"
"4","Trait5","pKWmEB","NsiI.TP461483"," 2","58716875","","0.1268","A"
"4","Trait5","pKWmEB","PstI.TP76191"," 2","58722393","","0.2589","C"
"4","Trait5","pKWmEB","PstI.TP201174"," 2","58722498","","0.2474","A"
"4","Trait5","pKWmEB","PstI.TP79904"," 2","58722578","","0.2508","G"
"4","Trait5","pKWmEB","PstI.TP185016"," 2","58722584","","0.2757","C"
"4","Trait5","pKWmEB","PstI.TP126450"," 2","58727657","","1.2184","C"
"4","Trait5","pKWmEB","PstI.TP888435"," 2","58767569","","0.2579","A"
"4","Trait5","pKWmEB","PstI.TP912712"," 2","58773993","","1.0527","C"
"4","Trait5","pKWmEB","PstI.TP773670"," 2","58845474","","0.0468","C"
"4","Trait5","pKWmEB","PstI.TP104876"," 2","58864116","","1.1782","A"
"4","Trait5","pKWmEB","NsiI.TP799647"," 2","58864452","","0.1127","A"
"4","Trait5","pKWmEB","PstI.TP402771"," 2","58865612","","0.6605","A"
"4","Trait5","pKWmEB","NsiI.TP806172"," 2","58871698","","0.0114","C"
"4","Trait5","pKWmEB","PstI.TP215008"," 2","58877475","","0.0379","A"
"4","Trait5","pKWmEB","PstI.TP864185"," 2","58881487","","0.0045","A"
"4","Trait5","pKWmEB","PstI.TP118564"," 2","58881859","","0.2117","A"
"4","Trait5","pKWmEB","NsiI.TP356149"," 2","58887355","","0.2455","C"
"4","Trait5","pKWmEB","NsiI.TP390195"," 2","58888149","","0.1877","A"
"4","Trait5","pKWmEB","NsiI.TP375523"," 2","58945573","","0.1711","G"
"4","Trait5","pKWmEB","NsiI.TP228936"," 2","58958019","","1.0408","A"
"4","Trait5","pKWmEB","PstI.TP469917"," 2","58995360","","0.4175","A"
"4","Trait5","pKWmEB","PstI.TP1283938"," 2","58996796","","0.7030","C"
"4","Trait5","pKWmEB","GFSSContig11918_395"," 2","58999886","","0.7289","T"
"4","Trait5","pKWmEB","PstI.TP14388"," 2","59005945","","0.8568","A"
"4","Trait5","pKWmEB","NsiI.TP216964"," 2","59006273","","0.0423","A"
"4","Trait5","pKWmEB","NsiI.TP741833"," 2","59012838","","0.2090","A"
"4","Trait5","pKWmEB","NsiI.TP207553"," 2","59041997","","0.1088","C"
"4","Trait5","pKWmEB","NsiI.TP207554"," 2","59042033","","0.4526","A"
"4","Trait5","pKWmEB","PstI.TP227318"," 2","59042482","","0.0554","A"
"4","Trait5","pKWmEB","PstI.TP1283925"," 2","59043473","","0.0038","A"
"4","Trait5","pKWmEB","PstI.TP1094982"," 2","59043617","","0.0704","C"
"4","Trait5","pKWmEB","GFSSContig19789_133"," 2","59043918","","1.2442","T"
"4","Trait5","pKWmEB","PstI.TP382389"," 2","59073597","","0.0549","A"
"4","Trait5","pKWmEB","PstI.TP584552"," 2","59081475","","0.9712","A"
"4","Trait5","pKWmEB","NsiI.TP267232"," 2","59093589","","0.8817","A"
"4","Trait5","pKWmEB","PstI.TP1161727"," 2","59132485","","0.1872","A"
"4","Trait5","pKWmEB","NsiI.TP295313"," 2","59144611","","0.8239","C"
"4","Trait5","pKWmEB","PstI.TP1279506"," 2","59166866","","0.2003","A"
"4","Trait5","pKWmEB","NsiI.TP489634"," 2","59179303","","0.5028","G"
"4","Trait5","pKWmEB","NsiI.TP754490"," 2","59182039","","0.2250","G"
"4","Trait5","pKWmEB","PstI.TP928866"," 2","59221226","","0.5863","C"
"4","Trait5","pKWmEB","PstI.TP1210763"," 2","59225263","","0.4227","A"
"4","Trait5","pKWmEB","PstI.TP1203393"," 2","59227258","","0.8212","A"
"4","Trait5","pKWmEB","PstI.TP908373"," 2","59228654","","0.1698","C"
"4","Trait5","pKWmEB","PstI.TP1037372"," 2","59238183","","0.0470","C"
"4","Trait5","pKWmEB","NsiI.TP700242"," 2","59240348","","0.4898","C"
"4","Trait5","pKWmEB","NsiI.TP403597"," 2","59243975","","0.0053","A"
"4","Trait5","pKWmEB","PstI.TP951624"," 2","59246898","","0.7391","A"
"4","Trait5","pKWmEB","PstI.TP664516"," 2","59247561","","0.6715","A"
"4","Trait5","pKWmEB","NsiI.TP208724"," 2","59247744","","1.0411","C"
"4","Trait5","pKWmEB","PstI.TP640454"," 2","59252808","","0.0447","C"
"4","Trait5","pKWmEB","PstI.TP985315"," 2","59277191","","0.5956","C"
"4","Trait5","pKWmEB","PstI.TP122680"," 2","59309858","","0.4150","C"
"4","Trait5","pKWmEB","NsiI.TP421790"," 2","59362040","","0.6047","C"
"4","Trait5","pKWmEB","NsiI.TP152407"," 2","59441712","","0.4646","A"
"4","Trait5","pKWmEB","PstI.TP738023"," 2","59441982","","0.0584","C"
"4","Trait5","pKWmEB","NsiI.TP438769"," 2","59534222","","0.2301","A"
"4","Trait5","pKWmEB","NsiI.TP741199"," 2","59555953","","0.7575","G"
"4","Trait5","pKWmEB","PstI.TP343538"," 2","59561828","","0.0606","C"
"4","Trait5","pKWmEB","PstI.TP1280475"," 2","59580166","","1.2616","C"
"4","Trait5","pKWmEB","PstI.TP930435"," 2","59600248","","0.2661","A"
"4","Trait5","pKWmEB","PstI.TP1012416"," 2","59610846","","0.9624","C"
"4","Trait5","pKWmEB","PstI.TP23562"," 2","59662045","","0.0502","C"
"4","Trait5","pKWmEB","NsiI.TP101325"," 2","59698255","","0.0523","G"
"4","Trait5","pKWmEB","PstI.TP810140"," 2","59709495","","0.0604","A"
"4","Trait5","pKWmEB","NsiI.TP811483"," 2","59722714","","0.4506","A"
"4","Trait5","pKWmEB","PstI.TP1128002"," 2","59726913","","0.1800","C"
"4","Trait5","pKWmEB","PstI.TP1128004"," 2","59726931","","0.3806","C"
"4","Trait5","pKWmEB","PstI.TP118616"," 2","59730365","","0.7996","A"
"4","Trait5","pKWmEB","PstI.TP338856"," 2","59737782","","0.0575","A"
"4","Trait5","pKWmEB","PstI.TP285215"," 2","59740735","","0.8548","C"
"4","Trait5","pKWmEB","PstI.TP666073"," 2","59740819","","0.7749","A"
"4","Trait5","pKWmEB","NsiI.TP356679"," 2","59751156","","0.0383","A"
"4","Trait5","pKWmEB","PstI.TP1171359"," 2","59753397","","0.3348","G"
"4","Trait5","pKWmEB","PstI.TP1171385"," 2","59753397","","0.9310","G"
"4","Trait5","pKWmEB","PstI.TP632941"," 2","59755581","","0.2061","C"
"4","Trait5","pKWmEB","PstI.TP269313"," 2","59758000","","0.6583","C"
"4","Trait5","pKWmEB","NsiI.TP85097"," 2","59761786","","0.0407","C"
"4","Trait5","pKWmEB","PstI.TP136699"," 2","59796392","","0.7188","A"
"4","Trait5","pKWmEB","PstI.TP146107"," 2","59799394","","0.0490","A"
"4","Trait5","pKWmEB","PstI.TP359092"," 2","59864138","","0.2722","C"
"4","Trait5","pKWmEB","PstI.TP1180051"," 2","59864175","","0.0111","G"
"4","Trait5","pKWmEB","PstI.TP1040786"," 2","59875096","","0.6736","C"
"4","Trait5","pKWmEB","PstI.TP987072"," 2","59915110","","1.0918","G"
"4","Trait5","pKWmEB","PstI.TP987073"," 2","59915114","","0.4855","C"
"4","Trait5","pKWmEB","PstI.TP1142298"," 2","59921596","","0.2502","C"
"4","Trait5","pKWmEB","PstI.TP681957"," 2","59948360","","0.5026","G"
"4","Trait5","pKWmEB","NsiI.TP424611"," 2","59949009","","0.1781","C"
"4","Trait5","pKWmEB","NsiI.TP441529"," 2","59949437","","0.1231","A"
"4","Trait5","pKWmEB","NsiI.TP587079"," 2","59950301","","1.5499","G"
"4","Trait5","pKWmEB","NsiI.TP120823"," 2","59953239","","0.2438","C"
"4","Trait5","pKWmEB","NsiI.TP619978"," 2","59970774","","1.4080","A"
"4","Trait5","pKWmEB","PstI.TP735538"," 2","59972522","","0.3148","A"
"4","Trait5","pKWmEB","NsiI.TP615628"," 2","59972569","","0.6226","A"
"4","Trait5","pKWmEB","PstI.TP663190"," 2","59985727","","0.1931","C"
"4","Trait5","pKWmEB","PstI.TP53003"," 2","60034090","","0.0805","G"
"4","Trait5","pKWmEB","NsiI.TP277442"," 2","60088533","","1.0086","A"
"4","Trait5","pKWmEB","PstI.TP1004851"," 2","60096206","","0.1126","C"
"4","Trait5","pKWmEB","PstI.TP308187"," 2","60112794","","0.6913","A"
"4","Trait5","pKWmEB","NsiI.TP201323"," 2","60117213","","0.0531","A"
"4","Trait5","pKWmEB","NsiI.TP269369"," 2","60150244","","1.0680","A"
"4","Trait5","pKWmEB","PstI.TP257906"," 2","60163776","","0.2503","A"
"4","Trait5","pKWmEB","PstI.TP473818"," 2","60163852","","1.0848","C"
"4","Trait5","pKWmEB","PstI.TP911474"," 2","60165255","","0.5748","C"
"4","Trait5","pKWmEB","NsiI.TP549944"," 2","60184081","","0.0241","C"
"4","Trait5","pKWmEB","NsiI.TP545561"," 2","60187695","","1.6344","C"
"4","Trait5","pKWmEB","PstI.TP811379"," 2","60190610","","0.9411","G"
"4","Trait5","pKWmEB","NsiI.TP473148"," 2","60191605","","0.7459","A"
"4","Trait5","pKWmEB","NsiI.TP473892"," 2","60191841","","0.2535","C"
"4","Trait5","pKWmEB","NsiI.TP589678"," 2","60201181","","0.3671","C"
"4","Trait5","pKWmEB","PstI.TP911300"," 2","60279218","","0.6139","A"
"4","Trait5","pKWmEB","PstI.TP323760"," 2","60296121","","0.0922","C"
"4","Trait5","pKWmEB","NsiI.TP441040"," 2","60296283","","0.3245","A"
"4","Trait5","pKWmEB","PstI.TP249537"," 2","60321259","","0.3182","A"
"4","Trait5","pKWmEB","PstI.TP456074"," 2","60324862","","0.3290","C"
"4","Trait5","pKWmEB","NsiI.TP662535"," 2","60332010","","0.5482","C"
"4","Trait5","pKWmEB","NsiI.TP617484"," 2","60361299","","0.1669","A"
"4","Trait5","pKWmEB","PstI.TP631253"," 2","60385263","","0.0108","A"
"4","Trait5","pKWmEB","NsiI.TP452080"," 2","60386915","","0.0683","C"
"4","Trait5","pKWmEB","GFSSContig15605_1353"," 2","60429799","","0.0869","T"
"4","Trait5","pKWmEB","NsiI.TP255454"," 2","60432930","","0.2813","C"
"4","Trait5","pKWmEB","GFSSContig18119_1138"," 2","60451017","","0.5125","T"
"4","Trait5","pKWmEB","PstI.TP359942"," 2","60451936","","2.4442","A"
"4","Trait5","pKWmEB","PstI.TP359943"," 2","60451946","","0.1516","A"
"4","Trait5","pKWmEB","PstI.TP769160"," 2","60455158","","0.2208","A"
"4","Trait5","pKWmEB","PstI.TP1209118"," 2","60455450","","0.3291","A"
"4","Trait5","pKWmEB","NsiI.TP571768"," 2","60490930","","0.0350","G"
"4","Trait5","pKWmEB","PstI.TP1178906"," 2","60492006","","0.6207","C"
"4","Trait5","pKWmEB","PstI.TP1178908"," 2","60492013","","0.1245","C"
"4","Trait5","pKWmEB","PstI.TP1129605"," 2","60533982","","0.5268","A"
"4","Trait5","pKWmEB","PstI.TP52689"," 2","60543352","","0.1252","G"
"4","Trait5","pKWmEB","NsiI.TP208275"," 2","60558624","","0.5330","C"
"4","Trait5","pKWmEB","PstI.TP111430"," 2","60561163","","0.1130","C"
"4","Trait5","pKWmEB","NsiI.TP127890"," 2","60576502","","2.4695","A"
"4","Trait5","pKWmEB","NsiI.TP445213"," 2","60586154","","3.1224","A"
"4","Trait5","pKWmEB","PstI.TP1044904"," 2","60586200","","0.5022","A"
"4","Trait5","pKWmEB","NsiI.TP452273"," 2","60589260","","0.7008","C"
"4","Trait5","pKWmEB","NsiI.TP783461"," 2","60636561","","0.2535","C"
"4","Trait5","pKWmEB","NsiI.TP298988"," 2","60640927","","0.5754","C"
"4","Trait5","pKWmEB","PstI.TP1087346"," 2","60652439","","0.7194","A"
"4","Trait5","pKWmEB","NsiI.TP1092"," 2","60665930","","0.5378","C"
"4","Trait5","pKWmEB","PstI.TP929497"," 2","60716322","","0.1499","C"
"4","Trait5","pKWmEB","PstI.TP1062048"," 2","60723870","","0.3292","A"
"4","Trait5","pKWmEB","PstI.TP65744"," 2","60726974","","0.2780","G"
"4","Trait5","pKWmEB","PstI.TP770208"," 2","60778556","","0.1600","A"
"4","Trait5","pKWmEB","NsiI.TP459772"," 2","60812297","","0.3113","C"
"4","Trait5","pKWmEB","PstI.TP942284"," 2","60815396","","1.4121","C"
"4","Trait5","pKWmEB","PstI.TP997600"," 2","60822373","","2.0511","G"
"4","Trait5","pKWmEB","PstI.TP997608"," 2","60831371","","0.4784","A"
"4","Trait5","pKWmEB","NsiI.TP481333"," 2","60854956","","0.3285","A"
"4","Trait5","pKWmEB","PstI.TP242340"," 2","60864364","","0.1928","C"
"4","Trait5","pKWmEB","PstI.TP1008940"," 2","60904995","","0.1382","G"
"4","Trait5","pKWmEB","NsiI.TP771955"," 2","60922097","","1.5864","A"
"4","Trait5","pKWmEB","PstI.TP115071"," 2","60925527","","0.7419","A"
"4","Trait5","pKWmEB","PstI.TP401157"," 2","60957693","","0.4259","A"
"4","Trait5","pKWmEB","PstI.TP1080568"," 2","60958321","","0.9100","A"
"4","Trait5","pKWmEB","PstI.TP761845"," 2","60973325","","0.0255","A"
"4","Trait5","pKWmEB","GFSSContig19987_1483"," 2","60975090","","1.8227","T"
"4","Trait5","pKWmEB","NsiI.TP25459"," 2","61014638","","0.1929","C"
"4","Trait5","pKWmEB","NsiI.TP755285"," 2","61017687","","1.4751","C"
"4","Trait5","pKWmEB","PstI.TP382088"," 2","61025046","","0.9158","A"
"4","Trait5","pKWmEB","PstI.TP736485"," 2","61059615","","0.9056","C"
"4","Trait5","pKWmEB","PstI.TP162549"," 2","61066549","","0.6571","G"
"4","Trait5","pKWmEB","NsiI.TP351136"," 2","61077854","","0.9066","A"
"4","Trait5","pKWmEB","NsiI.TP491655"," 2","61080220","","0.0736","A"
"4","Trait5","pKWmEB","NsiI.TP465300"," 2","61080507","","0.1515","C"
"4","Trait5","pKWmEB","NsiI.TP806962"," 2","61080595","","0.7060","A"
"4","Trait5","pKWmEB","PstI.TP339634"," 2","61084238","","0.0810","A"
"4","Trait5","pKWmEB","NsiI.TP829543"," 2","61092129","","0.5660","C"
"4","Trait5","pKWmEB","PstI.TP1085697"," 2","61106761","","0.1144","A"
"4","Trait5","pKWmEB","PstI.TP30748"," 2","61112102","","1.4465","C"
"4","Trait5","pKWmEB","PstI.TP1187249"," 2","61152815","","1.2730","A"
"4","Trait5","pKWmEB","PstI.TP155500"," 2","61159658","","0.2344","A"
"4","Trait5","pKWmEB","PstI.TP694469"," 2","61192392","","0.5138","C"
"4","Trait5","pKWmEB","NsiI.TP417423"," 2","61223513","","0.3282","C"
"4","Trait5","pKWmEB","NsiI.TP632601"," 2","61233897","","0.9563","G"
"4","Trait5","pKWmEB","NsiI.TP513267"," 2","61239677","","0.1294","A"
"4","Trait5","pKWmEB","PstI.TP1228552"," 2","61269369","","0.2114","A"
"4","Trait5","pKWmEB","NsiI.TP494603"," 2","61270017","","0.6589","A"
"4","Trait5","pKWmEB","NsiI.TP494604"," 2","61270017","","0.1010","C"
"4","Trait5","pKWmEB","PstI.TP250202"," 2","61270945","","0.4771","A"
"4","Trait5","pKWmEB","NsiI.TP120225"," 2","61271227","","1.1765","C"
"4","Trait5","pKWmEB","NsiI.TP548701"," 2","61303127","","0.0368","A"
"4","Trait5","pKWmEB","NsiI.TP810561"," 2","61303139","","0.1481","C"
"4","Trait5","pKWmEB","NsiI.TP108018"," 2","61308777","","0.0095","G"
"4","Trait5","pKWmEB","NsiI.TP293415"," 2","61309425","","0.8893","C"
"4","Trait5","pKWmEB","NsiI.TP666939"," 2","61311508","","0.3138","C"
"4","Trait5","pKWmEB","NsiI.TP596484"," 2","61311528","","0.1669","A"
"4","Trait5","pKWmEB","PstI.TP1160855"," 2","61313736","","0.2682","C"
"4","Trait5","pKWmEB","NsiI.TP539730"," 2","61314598","","0.0445","A"
"4","Trait5","pKWmEB","PstI.TP192390"," 2","61333913","","1.2507","A"
"4","Trait5","pKWmEB","PstI.TP548709"," 2","61335066","","0.2653","A"
"4","Trait5","pKWmEB","PstI.TP577552"," 2","61335361","","0.3297","A"
"4","Trait5","pKWmEB","PstI.TP714477"," 2","61336251","","0.1740","A"
"4","Trait5","pKWmEB","PstI.TP346506"," 2","61336330","","0.0525","C"
"4","Trait5","pKWmEB","NsiI.TP464287"," 2","61339842","","0.1417","A"
"4","Trait5","pKWmEB","PstI.TP762318"," 2","61355207","","0.9751","C"
"4","Trait5","pKWmEB","NsiI.TP29448"," 2","61356571","","0.3924","A"
"4","Trait5","pKWmEB","PstI.TP1008253"," 2","61356637","","0.1082","C"
"4","Trait5","pKWmEB","NsiI.TP435917"," 2","61357557","","1.8646","C"
"4","Trait5","pKWmEB","NsiI.TP28163"," 2","61360517","","0.1564","C"
"4","Trait5","pKWmEB","PstI.TP483705"," 2","61398652","","1.2093","A"
"4","Trait5","pKWmEB","NsiI.TP616591"," 2","61418890","","0.1207","A"
"4","Trait5","pKWmEB","NsiI.TP508238"," 2","61419445","","0.1771","A"
"4","Trait5","pKWmEB","NsiI.TP318111"," 2","61422929","","0.8024","A"
"4","Trait5","pKWmEB","PstI.TP110242"," 2","61430624","","0.2205","C"
"4","Trait5","pKWmEB","PstI.TP25544"," 2","61439861","","0.4296","G"
"4","Trait5","pKWmEB","PstI.TP929878"," 2","61445555","","0.0448","A"
"4","Trait5","pKWmEB","PstI.TP181995"," 2","61452565","","1.1892","A"
"4","Trait5","pKWmEB","PstI.TP1161045"," 2","61497818","","1.4332","A"
"4","Trait5","pKWmEB","PstI.TP643315"," 2","61513421","","0.8074","A"
"4","Trait5","pKWmEB","NsiI.TP97000"," 2","61536303","","1.0565","C"
"4","Trait5","pKWmEB","PstI.TP904659"," 2","61538991","","0.3302","A"
"4","Trait5","pKWmEB","NsiI.TP636290"," 2","61546369","","0.0700","C"
"4","Trait5","pKWmEB","PstI.TP815233"," 2","61560008","","0.1081","A"
"4","Trait5","pKWmEB","PstI.TP732900"," 2","61561300","","0.3079","C"
"4","Trait5","pKWmEB","PstI.TP1076494"," 2","61562100","","0.7968","C"
"4","Trait5","pKWmEB","NsiI.TP534153"," 2","61587794","","0.0333","C"
"4","Trait5","pKWmEB","PstI.TP812943"," 2","61589887","","0.2350","A"
"4","Trait5","pKWmEB","PstI.TP1267959"," 2","61590108","","0.7614","A"
"4","Trait5","pKWmEB","PstI.TP880682"," 2","61633625","","0.7666","C"
"4","Trait5","pKWmEB","PstI.TP975023"," 2","61638010","","1.6175","A"
"4","Trait5","pKWmEB","PstI.TP1180897"," 2","61651592","","0.0267","C"
"4","Trait5","pKWmEB","PstI.TP929487"," 2","61654422","","1.4143","C"
"4","Trait5","pKWmEB","PstI.TP44348"," 2","61688094","","0.6607","A"
"4","Trait5","pKWmEB","PstI.TP1239894"," 2","61692152","","1.0957","C"
"4","Trait5","pKWmEB","PstI.TP1204709"," 2","61698217","","1.3448","C"
"4","Trait5","pKWmEB","PstI.TP408602"," 2","61706850","","0.4930","C"
"4","Trait5","pKWmEB","NsiI.TP215437"," 2","61709437","","0.2949","C"
"4","Trait5","pKWmEB","PstI.TP690728"," 2","61712420","","0.1350","C"
"4","Trait5","pKWmEB","NsiI.TP367324"," 2","61737709","","0.7331","A"
"4","Trait5","pKWmEB","PstI.TP641744"," 2","61738293","","0.6055","G"
"4","Trait5","pKWmEB","NsiI.TP531832"," 2","61739202","","0.1156","A"
"4","Trait5","pKWmEB","PstI.TP1167243"," 2","61742988","","0.2438","C"
"4","Trait5","pKWmEB","PstI.TP1167244"," 2","61743010","","1.2311","A"
"4","Trait5","pKWmEB","PstI.TP663666"," 2","61773347","","0.2938","C"
"4","Trait5","pKWmEB","NsiI.TP263189"," 2","61806281","","0.0894","C"
"4","Trait5","pKWmEB","PstI.TP13833"," 2","61808729","","0.1874","A"
"4","Trait5","pKWmEB","NsiI.TP340260"," 2","61822324","","1.9583","A"
"4","Trait5","pKWmEB","PstI.TP642706"," 2","61823191","","1.6250","G"
"4","Trait5","pKWmEB","NsiI.TP181611"," 2","61824315","","0.1772","C"
"4","Trait5","pKWmEB","NsiI.TP232276"," 2","61824334","","0.1983","C"
"4","Trait5","pKWmEB","PstI.TP133791"," 2","61841472","","2.2770","C"
"4","Trait5","pKWmEB","NsiI.TP283766"," 2","61857548","","0.3699","C"
"4","Trait5","pKWmEB","PstI.TP584034"," 2","61859803","","0.4606","A"
"4","Trait5","pKWmEB","PstI.TP134453"," 2","61861955","","0.5163","C"
"4","Trait5","pKWmEB","NsiI.TP539141"," 2","61862930","","0.3963","G"
"4","Trait5","pKWmEB","NsiI.TP113604"," 2","61863962","","0.2400","A"
"4","Trait5","pKWmEB","NsiI.TP179278"," 2","61874011","","0.2094","C"
"4","Trait5","pKWmEB","PstI.TP1151182"," 2","61931371","","0.1808","C"
"4","Trait5","pKWmEB","PstI.TP1144152"," 2","61957721","","1.1368","C"
"4","Trait5","pKWmEB","NsiI.TP747108"," 2","61957721","","1.1391","C"
"4","Trait5","pKWmEB","PstI.TP1123778"," 2","61958273","","0.9300","C"
"4","Trait5","pKWmEB","PstI.TP191169"," 2","61963533","","0.0661","G"
"4","Trait5","pKWmEB","PstI.TP141528"," 2","61974919","","1.4601","A"
"4","Trait5","pKWmEB","NsiI.TP705623"," 2","62012470","","0.5548","C"
"4","Trait5","pKWmEB","NsiI.TP97850"," 2","62013315","","0.1127","C"
"4","Trait5","pKWmEB","PstI.TP1148558"," 2","62049812","","1.3242","A"
"4","Trait5","pKWmEB","NsiI.TP209091"," 2","62052421","","0.6617","G"
"4","Trait5","pKWmEB","NsiI.TP148533"," 2","62053428","","0.0210","A"
"4","Trait5","pKWmEB","PstI.TP569602"," 2","62058125","","0.1654","C"
"4","Trait5","pKWmEB","NsiI.TP331864"," 2","62081302","","0.6104","A"
"4","Trait5","pKWmEB","NsiI.TP502956"," 2","62081342","","0.2806","C"
"4","Trait5","pKWmEB","NsiI.TP681249"," 2","62081360","","0.0805","A"
"4","Trait5","pKWmEB","PstI.TP901447"," 2","62096442","","0.1813","A"
"4","Trait5","pKWmEB","NsiI.TP548203"," 2","62096723","","0.4427","A"
"4","Trait5","pKWmEB","NsiI.TP252714"," 2","62096963","","0.2734","A"
"4","Trait5","pKWmEB","PstI.TP32136"," 2","62098551","","0.1153","C"
"4","Trait5","pKWmEB","PstI.TP32135"," 2","62098576","","0.5977","C"
"4","Trait5","pKWmEB","PstI.TP509122"," 2","62099032","","0.0633","C"
"4","Trait5","pKWmEB","NsiI.TP210634"," 2","62099387","","1.0385","A"
"4","Trait5","pKWmEB","NsiI.TP198536"," 2","62119499","","0.0111","A"
"4","Trait5","pKWmEB","NsiI.TP326711"," 2","62124263","","0.1634","C"
"4","Trait5","pKWmEB","NsiI.TP825860"," 2","62131029","","1.1338","A"
"4","Trait5","pKWmEB","NsiI.TP438031"," 2","62133346","","0.5550","G"
"4","Trait5","pKWmEB","NsiI.TP431056"," 2","62182837","","0.0639","C"
"4","Trait5","pKWmEB","PstI.TP532736"," 2","62195730","","0.0838","A"
"4","Trait5","pKWmEB","PstI.TP397490"," 2","62195783","","0.2863","C"
"4","Trait5","pKWmEB","PstI.TP4106"," 2","62207704","","0.2226","A"
"4","Trait5","pKWmEB","PstI.TP1168670"," 2","62220844","","0.1978","C"
"4","Trait5","pKWmEB","PstI.TP923639"," 2","62221483","","0.2190","G"
"4","Trait5","pKWmEB","PstI.TP1073969"," 2","62221523","","1.8740","A"
"4","Trait5","pKWmEB","NsiI.TP337409"," 2","62229133","","0.6577","A"
"4","Trait5","pKWmEB","PstI.TP610851"," 2","62230111","","0.1350","A"
"4","Trait5","pKWmEB","NsiI.TP429579"," 2","62232354","","0.5822","A"
"4","Trait5","pKWmEB","NsiI.TP430697"," 2","62257725","","0.6240","A"
"4","Trait5","pKWmEB","PstI.TP80300"," 2","62263495","","0.0657","C"
"4","Trait5","pKWmEB","NsiI.TP455424"," 2","62269512","","0.3290","C"
"4","Trait5","pKWmEB","PstI.TP185298"," 2","62297361","","0.9800","C"
"4","Trait5","pKWmEB","PstI.TP1287076"," 2","62300556","","0.0253","G"
"4","Trait5","pKWmEB","PstI.TP1194049"," 2","62331220","","0.7157","A"
"4","Trait5","pKWmEB","NsiI.TP549004"," 2","62333756","","0.0329","C"
"4","Trait5","pKWmEB","PstI.TP987666"," 2","62343916","","0.1448","G"
"4","Trait5","pKWmEB","PstI.TP1181052"," 2","62344184","","0.0507","G"
"4","Trait5","pKWmEB","NsiI.TP594897"," 2","62344484","","0.6943","A"
"4","Trait5","pKWmEB","NsiI.TP594896"," 2","62344502","","0.1737","C"
"4","Trait5","pKWmEB","PstI.TP849126"," 2","62350163","","2.2934","C"
"4","Trait5","pKWmEB","PstI.TP57056"," 2","62352260","","0.0082","C"
"4","Trait5","pKWmEB","NsiI.TP534510"," 2","62381607","","0.0864","C"
"4","Trait5","pKWmEB","PstI.TP1245144"," 2","62399654","","0.5807","A"
"4","Trait5","pKWmEB","GFSSContig7235_407"," 2","62400621","","0.0248","T"
"4","Trait5","pKWmEB","PstI.TP331265"," 2","62408732","","0.1326","C"
"4","Trait5","pKWmEB","NsiI.TP614629"," 2","62417756","","0.4884","C"
"4","Trait5","pKWmEB","NsiI.TP681001"," 2","62421010","","0.4835","A"
"4","Trait5","pKWmEB","PstI.TP944561"," 2","62421967","","0.9170","A"
"4","Trait5","pKWmEB","PstI.TP196396"," 2","62460198","","0.7537","C"
"4","Trait5","pKWmEB","GFSSContig19037_366"," 2","62477555","","1.0855","C"
"4","Trait5","pKWmEB","PstI.TP886589"," 2","62498521","","0.0137","G"
"4","Trait5","pKWmEB","PstI.TP1019672"," 2","62506577","","1.3113","A"
"4","Trait5","pKWmEB","NsiI.TP774921"," 2","62506932","","0.0419","C"
"4","Trait5","pKWmEB","NsiI.TP618384"," 2","62507974","","1.0711","C"
"4","Trait5","pKWmEB","PstI.TP967671"," 2","62512513","","0.5739","A"
"4","Trait5","pKWmEB","NsiI.TP561171"," 2","62521030","","0.9447","C"
"4","Trait5","pKWmEB","PstI.TP736170"," 2","62555396","","0.1589","A"
"4","Trait5","pKWmEB","PstI.TP897958"," 2","62555400","","0.0959","G"
"4","Trait5","pKWmEB","PstI.TP710432"," 2","62555401","","2.2531","A"
"4","Trait5","pKWmEB","NsiI.TP301992"," 2","62556164","","0.6086","A"
"4","Trait5","pKWmEB","PstI.TP870640"," 2","62558309","","0.3739","C"
"4","Trait5","pKWmEB","PstI.TP907626"," 2","62558318","","0.0402","C"
"4","Trait5","pKWmEB","NsiI.TP68299"," 2","62560082","","1.1975","G"
"4","Trait5","pKWmEB","PstI.TP1093135"," 2","62560841","","0.1950","A"
"4","Trait5","pKWmEB","NsiI.TP617907"," 2","62611787","","0.5368","A"
"4","Trait5","pKWmEB","PstI.TP175097"," 2","62618411","","0.5943","A"
"4","Trait5","pKWmEB","NsiI.TP783847"," 2","62628811","","0.2064","A"
"4","Trait5","pKWmEB","PstI.TP418800"," 2","62653861","","1.5821","C"
"4","Trait5","pKWmEB","PstI.TP1160341"," 2","62653956","","0.4092","C"
"4","Trait5","pKWmEB","PstI.TP631692"," 2","62659796","","2.0178","A"
"4","Trait5","pKWmEB","PstI.TP6025"," 2","62661228","","0.6238","G"
"4","Trait5","pKWmEB","NsiI.TP111030"," 2","62661855","","2.5893","A"
"4","Trait5","pKWmEB","NsiI.TP267029"," 2","62662903","","0.0558","A"
"4","Trait5","pKWmEB","PstI.TP537473"," 2","62667234","","1.3674","A"
"4","Trait5","pKWmEB","PstI.TP479172"," 2","62668613","","0.5498","A"
"4","Trait5","pKWmEB","PstI.TP609818"," 2","62678485","","0.7696","A"
"4","Trait5","pKWmEB","PstI.TP178231"," 2","62690478","","0.2085","A"
"4","Trait5","pKWmEB","NsiI.TP252815"," 2","62703324","","0.2043","G"
"4","Trait5","pKWmEB","NsiI.TP779584"," 2","62705154","","1.0828","C"
"4","Trait5","pKWmEB","PstI.TP1163017"," 2","62722944","","0.0170","C"
"4","Trait5","pKWmEB","PstI.TP1287302"," 2","62726748","","0.0822","C"
"4","Trait5","pKWmEB","NsiI.TP127707"," 2","62735474","","0.1368","G"
"4","Trait5","pKWmEB","PstI.TP460623"," 2","62795899","","0.1637","A"
"4","Trait5","pKWmEB","PstI.TP662487"," 2","62795989","","0.7466","A"
"4","Trait5","pKWmEB","PstI.TP387521"," 2","62798615","","0.8732","C"
"4","Trait5","pKWmEB","NsiI.TP532253"," 2","62805809","","0.4243","C"
"4","Trait5","pKWmEB","PstI.TP827408"," 2","62810980","","0.3693","C"
"4","Trait5","pKWmEB","PstI.TP808992"," 2","62812242","","0.5891","C"
"4","Trait5","pKWmEB","GFSSContig14156_604"," 2","62826033","","0.4226","A"
"4","Trait5","pKWmEB","NsiI.TP747050"," 2","62826526","","1.4734","A"
"4","Trait5","pKWmEB","NsiI.TP566315"," 2","62850243","","0.9952","C"
"4","Trait5","pKWmEB","NsiI.TP566314"," 2","62856978","","0.1629","C"
"4","Trait5","pKWmEB","NsiI.TP762060"," 2","62872379","","0.1033","A"
"4","Trait5","pKWmEB","PstI.TP491361"," 2","62891449","","0.0150","A"
"4","Trait5","pKWmEB","PstI.TP389548"," 2","62919573","","0.3903","C"
"4","Trait5","pKWmEB","PstI.TP1100383"," 2","62926860","","1.5037","A"
"4","Trait5","pKWmEB","PstI.TP1121003"," 2","62934564","","0.5583","A"
"4","Trait5","pKWmEB","NsiI.TP682136"," 2","62939395","","1.6429","A"
"4","Trait5","pKWmEB","NsiI.TP745005"," 2","62939927","","0.4660","A"
"4","Trait5","pKWmEB","NsiI.TP682138"," 2","62951172","","1.3300","C"
"4","Trait5","pKWmEB","PstI.TP932636"," 2","62958734","","1.1713","G"
"4","Trait5","pKWmEB","PstI.TP1008178"," 2","62960839","","1.2789","A"
"4","Trait5","pKWmEB","PstI.TP465347"," 2","62972071","","0.3148","C"
"4","Trait5","pKWmEB","PstI.TP465335"," 2","62972110","","0.8467","C"
"4","Trait5","pKWmEB","PstI.TP470589"," 2","62972115","","0.8576","G"
"4","Trait5","pKWmEB","PstI.TP750514"," 2","62972310","","0.2323","C"
"4","Trait5","pKWmEB","PstI.TP1163880"," 2","62981202","","0.7299","C"
"4","Trait5","pKWmEB","NsiI.TP189008"," 2","63014257","","0.0009","A"
"4","Trait5","pKWmEB","PstI.TP214994"," 2","63068949","","0.0311","C"
"4","Trait5","pKWmEB","PstI.TP477486"," 2","63077632","","0.0610","C"
"4","Trait5","pKWmEB","NsiI.TP210176"," 2","63098520","","0.0744","A"
"4","Trait5","pKWmEB","PstI.TP651782"," 2","63115676","","0.0110","C"
"4","Trait5","pKWmEB","NsiI.TP758664"," 2","63124598","","0.8535","C"
"4","Trait5","pKWmEB","NsiI.TP545563"," 2","63124650","","0.1804","G"
"4","Trait5","pKWmEB","NsiI.TP274692"," 2","63139646","","0.4280","C"
"4","Trait5","pKWmEB","PstI.TP301756"," 2","63147071","","0.2134","A"
"4","Trait5","pKWmEB","NsiI.TP153717"," 2","63150273","","1.5507","C"
"4","Trait5","pKWmEB","PstI.TP873482"," 2","63150410","","0.0110","G"
"4","Trait5","pKWmEB","PstI.TP744225"," 2","63151267","","0.0335","C"
"4","Trait5","pKWmEB","PstI.TP454285"," 2","63153549","","2.5190","A"
"4","Trait5","pKWmEB","PstI.TP460957"," 2","63153566","","0.3827","A"
"4","Trait5","pKWmEB","NsiI.TP824078"," 2","63156723","","0.7184","A"
"4","Trait5","pKWmEB","PstI.TP1066894"," 2","63156865","","1.0929","A"
"4","Trait5","pKWmEB","NsiI.TP415925"," 2","63174632","","0.4280","C"
"4","Trait5","pKWmEB","PstI.TP903912"," 2","63218438","","0.6828","A"
"4","Trait5","pKWmEB","PstI.TP696515"," 2","63219644","","0.4268","C"
"4","Trait5","pKWmEB","NsiI.TP506374"," 2","63219829","","0.5479","C"
"4","Trait5","pKWmEB","NsiI.TP506375"," 2","63219863","","0.5696","G"
"4","Trait5","pKWmEB","PstI.TP181967"," 2","63225229","","0.3116","A"
"4","Trait5","pKWmEB","GFSSContig20140_1961"," 2","63225419","","0.0381","C"
"4","Trait5","pKWmEB","PstI.TP1143527"," 2","63225703","","0.0000","C"
"4","Trait5","pKWmEB","NsiI.TP236891"," 2","63252350","","0.2243","A"
"4","Trait5","pKWmEB","PstI.TP665885"," 2","63263725","","0.3693","G"
"4","Trait5","pKWmEB","NsiI.TP512453"," 2","63293916","","0.0904","A"
"4","Trait5","pKWmEB","PstI.TP418882"," 2","63294374","","1.3149","A"
"4","Trait5","pKWmEB","PstI.TP197766"," 2","63307829","","0.2315","C"
"4","Trait5","pKWmEB","PstI.TP1217033"," 2","63330699","","0.0253","A"
"4","Trait5","pKWmEB","PstI.TP25138"," 2","63331179","","0.1235","A"
"4","Trait5","pKWmEB","PstI.TP828177"," 2","63340448","","1.4491","C"
"4","Trait5","pKWmEB","PstI.TP1100764"," 2","63346042","","1.0348","A"
"4","Trait5","pKWmEB","PstI.TP915623"," 2","63352609","","0.1620","A"
"4","Trait5","pKWmEB","NsiI.TP819990"," 2","63379830","","0.0549","C"
"4","Trait5","pKWmEB","PstI.TP747312"," 2","63408848","","0.1134","G"
"4","Trait5","pKWmEB","PstI.TP957550"," 2","63408981","","0.2425","G"
"4","Trait5","pKWmEB","PstI.TP578565"," 2","63409175","","0.2483","A"
"4","Trait5","pKWmEB","NsiI.TP434529"," 2","63427340","","0.7136","A"
"4","Trait5","pKWmEB","PstI.TP821466"," 2","63495052","","0.5406","C"
"4","Trait5","pKWmEB","PstI.TP1003114"," 2","63495122","","0.1940","C"
"4","Trait5","pKWmEB","NsiI.TP315522"," 2","63495356","","0.1822","C"
"4","Trait5","pKWmEB","NsiI.TP364999"," 2","63498766","","1.4527","A"
"4","Trait5","pKWmEB","PstI.TP1092483"," 2","63503448","","0.1491","A"
"4","Trait5","pKWmEB","PstI.TP18820"," 2","63515572","","0.9777","C"
"4","Trait5","pKWmEB","NsiI.TP630636"," 2","63520018","","0.8789","C"
"4","Trait5","pKWmEB","NsiI.TP510051"," 2","63529122","","0.5406","C"
"4","Trait5","pKWmEB","NsiI.TP243290"," 2","63529374","","0.1039","A"
"4","Trait5","pKWmEB","PstI.TP443783"," 2","63532872","","1.0144","A"
"4","Trait5","pKWmEB","NsiI.TP166775"," 2","63533748","","0.0633","A"
"4","Trait5","pKWmEB","PstI.TP214763"," 2","63534053","","0.5112","C"
"4","Trait5","pKWmEB","NsiI.TP42976"," 2","63536185","","0.2446","C"
"4","Trait5","pKWmEB","NsiI.TP679167"," 2","63536188","","1.1265","C"
"4","Trait5","pKWmEB","NsiI.TP476269"," 2","63537225","","0.0097","C"
"4","Trait5","pKWmEB","PstI.TP742379"," 2","63540984","","2.9147","A"
"4","Trait5","pKWmEB","NsiI.TP592387"," 2","63543316","","2.0431","A"
"4","Trait5","pKWmEB","NsiI.TP465879"," 2","63549697","","0.4491","A"
"4","Trait5","pKWmEB","NsiI.TP525508"," 2","63549776","","0.6126","A"
"4","Trait5","pKWmEB","PstI.TP1021339"," 2","63565830","","0.1684","C"
"4","Trait5","pKWmEB","NsiI.TP1992"," 2","63568102","","0.2111","A"
"4","Trait5","pKWmEB","PstI.TP957454"," 2","63568453","","0.4707","G"
"4","Trait5","pKWmEB","PstI.TP1022383"," 2","63575726","","0.0239","C"
"4","Trait5","pKWmEB","PstI.TP33642"," 2","63632818","","0.0633","A"
"4","Trait5","pKWmEB","PstI.TP1069784"," 2","63643324","","1.4326","A"
"4","Trait5","pKWmEB","PstI.TP210328"," 2","63643382","","0.1879","A"
"4","Trait5","pKWmEB","PstI.TP251932"," 2","63653245","","0.1798","G"
"4","Trait5","pKWmEB","PstI.TP1069781"," 2","63663252","","0.3420","C"
"4","Trait5","pKWmEB","NsiI.TP110823"," 2","63663518","","0.7319","A"
"4","Trait5","pKWmEB","PstI.TP944954"," 2","63670385","","0.4095","A"
"4","Trait5","pKWmEB","PstI.TP982615"," 2","63682812","","0.4966","C"
"4","Trait5","pKWmEB","PstI.TP173663"," 2","63685671","","0.3679","C"
"4","Trait5","pKWmEB","GFSSContig11619_923"," 2","63686436","","0.0184","T"
"4","Trait5","pKWmEB","NsiI.TP388428"," 2","63687309","","0.4417","A"
"4","Trait5","pKWmEB","PstI.TP388433"," 2","63692898","","0.0976","A"
"4","Trait5","pKWmEB","PstI.TP449117"," 2","63692942","","0.2647","A"
"4","Trait5","pKWmEB","PstI.TP349067"," 2","63692960","","0.6421","C"
"4","Trait5","pKWmEB","PstI.TP62991"," 2","63693247","","0.7684","C"
"4","Trait5","pKWmEB","PstI.TP825683"," 2","63726337","","0.8450","G"
"4","Trait5","pKWmEB","PstI.TP1025950"," 2","63727163","","0.0836","C"
"4","Trait5","pKWmEB","NsiI.TP401027"," 2","63727211","","0.0149","A"
"4","Trait5","pKWmEB","PstI.TP62977"," 2","63730349","","0.2435","C"
"4","Trait5","pKWmEB","NsiI.TP313019"," 2","63730600","","0.0248","C"
"4","Trait5","pKWmEB","NsiI.TP264007"," 2","63732145","","0.7043","A"
"4","Trait5","pKWmEB","NsiI.TP571832"," 2","63804104","","0.3827","G"
"4","Trait5","pKWmEB","PstI.TP412743"," 2","63812090","","0.5978","C"
"4","Trait5","pKWmEB","NsiI.TP188919"," 2","63812102","","0.6249","A"
"4","Trait5","pKWmEB","NsiI.TP437484"," 2","63813676","","0.0046","A"
"4","Trait5","pKWmEB","NsiI.TP336031"," 2","63813920","","0.7474","C"
"4","Trait5","pKWmEB","PstI.TP528884"," 2","63869478","","0.1878","C"
"4","Trait5","pKWmEB","PstI.TP228545"," 2","63881407","","0.3310","C"
"4","Trait5","pKWmEB","PstI.TP164140"," 2","63905688","","0.2327","A"
"4","Trait5","pKWmEB","PstI.TP1265761"," 2","63924188","","1.2896","C"
"4","Trait5","pKWmEB","PstI.TP332893"," 2","63934460","","0.3247","C"
"4","Trait5","pKWmEB","NsiI.TP378899"," 2","63934773","","0.4681","A"
"4","Trait5","pKWmEB","PstI.TP1201805"," 2","63964510","","0.1491","C"
"4","Trait5","pKWmEB","PstI.TP213479"," 2","63992469","","0.3488","C"
"4","Trait5","pKWmEB","PstI.TP680879"," 2","64067358","","0.0353","G"
"4","Trait5","pKWmEB","NsiI.TP358144"," 2","64072836","","0.7705","C"
"4","Trait5","pKWmEB","PstI.TP938598"," 2","64076779","","2.1215","G"
"4","Trait5","pKWmEB","NsiI.TP26790"," 2","64083150","","0.5380","A"
"4","Trait5","pKWmEB","PstI.TP602086"," 2","64120506","","0.4740","G"
"4","Trait5","pKWmEB","PstI.TP1015830"," 2","64144907","","2.5019","A"
"4","Trait5","pKWmEB","PstI.TP311369"," 2","64154564","","1.3280","A"
"4","Trait5","pKWmEB","PstI.TP511920"," 2","64154632","","0.0423","A"
"4","Trait5","pKWmEB","PstI.TP692444"," 2","64173598","","0.2134","C"
"4","Trait5","pKWmEB","PstI.TP199067"," 2","64174213","","0.0817","C"
"4","Trait5","pKWmEB","PstI.TP501670"," 2","64178029","","0.3946","A"
"4","Trait5","pKWmEB","PstI.TP903376"," 2","64182104","","0.9215","A"
"4","Trait5","pKWmEB","NsiI.TP705530"," 2","64193242","","1.2038","A"
"4","Trait5","pKWmEB","NsiI.TP762102"," 2","64194218","","0.3148","C"
"4","Trait5","pKWmEB","PstI.TP1138813"," 2","64207351","","0.4681","A"
"4","Trait5","pKWmEB","PstI.TP48914"," 2","64219114","","0.0126","A"
"4","Trait5","pKWmEB","PstI.TP944965"," 2","64230005","","0.1561","A"
"4","Trait5","pKWmEB","PstI.TP632828"," 2","64238905","","0.2476","A"
"4","Trait5","pKWmEB","PstI.TP114021"," 2","64240526","","0.0767","A"
"4","Trait5","pKWmEB","PstI.TP53492"," 2","64246149","","1.5438","A"
"4","Trait5","pKWmEB","PstI.TP53494"," 2","64246189","","0.6443","A"
"4","Trait5","pKWmEB","PstI.TP1279693"," 2","64246805","","0.2363","A"
"4","Trait5","pKWmEB","NsiI.TP206149"," 2","64247128","","0.1434","A"
"4","Trait5","pKWmEB","NsiI.TP622588"," 2","64257542","","0.0573","C"
"4","Trait5","pKWmEB","PstI.TP222154"," 2","64264460","","0.8582","G"
"4","Trait5","pKWmEB","PstI.TP268085"," 2","64265265","","1.1212","A"
"4","Trait5","pKWmEB","NsiI.TP59921"," 2","64266017","","0.9072","A"
"4","Trait5","pKWmEB","NsiI.TP723158"," 2","64303365","","0.2184","A"
"4","Trait5","pKWmEB","PstI.TP385438"," 2","64341110","","1.0570","A"
"4","Trait5","pKWmEB","PstI.TP49826"," 2","64341378","","0.5233","C"
"4","Trait5","pKWmEB","NsiI.TP399928"," 2","64359591","","0.6330","G"
"4","Trait5","pKWmEB","NsiI.TP715698"," 2","64378315","","0.2297","G"
"4","Trait5","pKWmEB","NsiI.TP435441"," 2","64379871","","1.5166","A"
"4","Trait5","pKWmEB","PstI.TP31812"," 2","64382762","","0.8409","A"
"4","Trait5","pKWmEB","NsiI.TP126430"," 2","64382854","","1.2450","A"
"4","Trait5","pKWmEB","PstI.TP486783"," 2","64391613","","0.0683","C"
"4","Trait5","pKWmEB","PstI.TP991232"," 2","64423119","","0.0055","A"
"4","Trait5","pKWmEB","PstI.TP136266"," 2","64424937","","0.7748","A"
"4","Trait5","pKWmEB","PstI.TP1213136"," 2","64427943","","0.7055","A"
"4","Trait5","pKWmEB","NsiI.TP103938"," 2","64448359","","0.4653","G"
"4","Trait5","pKWmEB","NsiI.TP400737"," 2","64456259","","0.6599","A"
"4","Trait5","pKWmEB","PstI.TP843176"," 2","64461491","","0.4150","A"
"4","Trait5","pKWmEB","NsiI.TP36264"," 2","64464560","","0.3841","C"
"4","Trait5","pKWmEB","PstI.TP65909"," 2","64466663","","0.5721","C"
"4","Trait5","pKWmEB","PstI.TP1027360"," 2","64471256","","0.1992","A"
"4","Trait5","pKWmEB","PstI.TP1046232"," 2","64504186","","0.3111","A"
"4","Trait5","pKWmEB","PstI.TP1172157"," 2","64506673","","0.9230","C"
"4","Trait5","pKWmEB","PstI.TP1187368"," 2","64507096","","0.2111","G"
"4","Trait5","pKWmEB","PstI.TP543346"," 2","64518197","","0.5194","C"
"4","Trait5","pKWmEB","NsiI.TP635811"," 2","64519837","","0.0317","C"
"4","Trait5","pKWmEB","NsiI.TP596580"," 2","64526209","","0.5241","C"
"4","Trait5","pKWmEB","PstI.TP830420"," 2","64526827","","1.3435","C"
"4","Trait5","pKWmEB","NsiI.TP624412"," 2","64546061","","0.7184","C"
"4","Trait5","pKWmEB","NsiI.TP218394"," 2","64546093","","0.2053","A"
"4","Trait5","pKWmEB","NsiI.TP431955"," 2","64564549","","0.1594","A"
"4","Trait5","pKWmEB","NsiI.TP434031"," 2","64564572","","0.0988","A"
"4","Trait5","pKWmEB","PstI.TP764085"," 2","64577730","","0.0812","A"
"4","Trait5","pKWmEB","PstI.TP1285666"," 2","64593899","","0.2564","C"
"4","Trait5","pKWmEB","NsiI.TP795232"," 2","64626348","","0.2339","A"
"4","Trait5","pKWmEB","NsiI.TP797224"," 2","64672541","","0.6171","A"
"4","Trait5","pKWmEB","PstI.TP838455"," 2","64681502","","0.9111","A"
"4","Trait5","pKWmEB","PstI.TP793328"," 2","64714606","","0.2048","C"
"4","Trait5","pKWmEB","NsiI.TP212769"," 2","64735173","","0.7914","A"
"4","Trait5","pKWmEB","PstI.TP1114725"," 2","64759859","","0.5080","G"
"4","Trait5","pKWmEB","PstI.TP9341"," 2","64801185","","0.0714","A"
"4","Trait5","pKWmEB","NsiI.TP10006"," 2","64838541","","0.6736","C"
"4","Trait5","pKWmEB","PstI.TP150789"," 2","64840814","","1.0862","A"
"4","Trait5","pKWmEB","PstI.TP1087230"," 2","64864287","","0.1492","C"
"4","Trait5","pKWmEB","NsiI.TP411635"," 2","64873186","","0.6514","C"
"4","Trait5","pKWmEB","PstI.TP287478"," 2","64900404","","1.0920","A"
"4","Trait5","pKWmEB","PstI.TP143146"," 2","64924253","","0.1211","A"
"4","Trait5","pKWmEB","NsiI.TP197880"," 2","64925797","","0.8134","A"
"4","Trait5","pKWmEB","PstI.TP258152"," 2","64939805","","1.4840","A"
"4","Trait5","pKWmEB","NsiI.TP124988"," 2","64952087","","0.2813","G"
"4","Trait5","pKWmEB","NsiI.TP742769"," 2","64965783","","0.1602","C"
"4","Trait5","pKWmEB","NsiI.TP679514"," 2","65029064","","0.4676","A"
"4","Trait5","pKWmEB","PstI.TP384804"," 2","65029446","","2.7057","C"
"4","Trait5","pKWmEB","PstI.TP75674"," 2","65030494","","0.0381","C"
"4","Trait5","pKWmEB","NsiI.TP313981"," 2","65045194","","0.0143","C"
"4","Trait5","pKWmEB","PstI.TP662545"," 2","65075286","","0.5316","G"
"4","Trait5","pKWmEB","NsiI.TP485134"," 2","65083528","","0.0472","C"
"4","Trait5","pKWmEB","PstI.TP67765"," 2","65087402","","0.2134","A"
"4","Trait5","pKWmEB","NsiI.TP11618"," 2","65089549","","0.2862","C"
"4","Trait5","pKWmEB","NsiI.TP409721"," 2","65096533","","0.5068","A"
"4","Trait5","pKWmEB","PstI.TP269118"," 2","65111541","","0.0925","A"
"4","Trait5","pKWmEB","PstI.TP688032"," 2","65120135","","0.0012","A"
"4","Trait5","pKWmEB","PstI.TP687337"," 2","65120143","","0.2211","A"
"4","Trait5","pKWmEB","PstI.TP482751"," 2","65127319","","0.9076","A"
"4","Trait5","pKWmEB","NsiI.TP245312"," 2","65127626","","0.4169","G"
"4","Trait5","pKWmEB","PstI.TP203172"," 2","65178529","","0.8063","C"
"4","Trait5","pKWmEB","PstI.TP1096753"," 2","65202956","","0.4730","A"
"4","Trait5","pKWmEB","PstI.TP841003"," 2","65203283","","0.3158","A"
"4","Trait5","pKWmEB","PstI.TP245075"," 2","65206067","","1.1893","A"
"4","Trait5","pKWmEB","NsiI.TP616806"," 2","65206179","","0.0012","C"
"4","Trait5","pKWmEB","NsiI.TP827848"," 2","65213568","","0.0105","A"
"4","Trait5","pKWmEB","PstI.TP1048151"," 2","65222646","","1.0247","A"
"4","Trait5","pKWmEB","PstI.TP848799"," 2","65227208","","0.9158","A"
"4","Trait5","pKWmEB","NsiI.TP670716"," 2","65249451","","1.3371","C"
"4","Trait5","pKWmEB","PstI.TP212672"," 2","65281161","","0.2912","C"
"4","Trait5","pKWmEB","NsiI.TP43444"," 2","65281519","","1.0071","A"
"4","Trait5","pKWmEB","PstI.TP142572"," 2","65284355","","0.1975","A"
"4","Trait5","pKWmEB","PstI.TP596454"," 2","65323968","","0.7419","C"
"4","Trait5","pKWmEB","PstI.TP803926"," 2","65327202","","0.9299","A"
"4","Trait5","pKWmEB","PstI.TP293151"," 2","65329772","","0.0398","A"
"4","Trait5","pKWmEB","NsiI.TP432637"," 2","65336133","","0.5679","A"
"4","Trait5","pKWmEB","NsiI.TP286823"," 2","65354249","","0.4763","C"
"4","Trait5","pKWmEB","NsiI.TP588396"," 2","65356142","","0.0935","A"
"4","Trait5","pKWmEB","NsiI.TP417144"," 2","65360114","","0.1272","C"
"4","Trait5","pKWmEB","NsiI.TP437492"," 2","65360815","","0.5467","A"
"4","Trait5","pKWmEB","NsiI.TP509444"," 2","65366375","","0.0927","A"
"4","Trait5","pKWmEB","NsiI.TP335209"," 2","65367884","","0.3790","A"
"4","Trait5","pKWmEB","NsiI.TP588393"," 2","65367960","","1.5623","A"
"4","Trait5","pKWmEB","NsiI.TP563232"," 2","65378339","","0.6437","A"
"4","Trait5","pKWmEB","PstI.TP106244"," 2","65381904","","0.7731","A"
"4","Trait5","pKWmEB","NsiI.TP411820"," 2","65384810","","0.3452","C"
"4","Trait5","pKWmEB","PstI.TP929174"," 2","65390153","","0.3290","G"
"4","Trait5","pKWmEB","PstI.TP550208"," 2","65391016","","0.2314","A"
"4","Trait5","pKWmEB","PstI.TP1096805"," 2","65392728","","0.4423","A"
"4","Trait5","pKWmEB","NsiI.TP593870"," 2","65398623","","0.8125","A"
"4","Trait5","pKWmEB","NsiI.TP555118"," 2","65424457","","0.7411","A"
"4","Trait5","pKWmEB","NsiI.TP668518"," 2","65450703","","1.3205","C"
"4","Trait5","pKWmEB","NsiI.TP674760"," 2","65460909","","1.7060","A"
"4","Trait5","pKWmEB","PstI.TP1080742"," 2","65475272","","0.2561","A"
"4","Trait5","pKWmEB","PstI.TP873911"," 2","65476325","","0.7830","A"
"4","Trait5","pKWmEB","NsiI.TP596241"," 2","65479458","","0.2499","C"
"4","Trait5","pKWmEB","PstI.TP264545"," 2","65486230","","1.0616","A"
"4","Trait5","pKWmEB","PstI.TP364783"," 2","65488173","","0.0911","A"
"4","Trait5","pKWmEB","NsiI.TP394681"," 2","65531276","","0.0946","A"
"4","Trait5","pKWmEB","PstI.TP315378"," 2","65531306","","1.6101","A"
"4","Trait5","pKWmEB","PstI.TP315509"," 2","65531314","","0.1924","A"
"4","Trait5","pKWmEB","NsiI.TP510662"," 2","65563827","","0.3695","C"
"4","Trait5","pKWmEB","NsiI.TP81903"," 2","65571458","","0.0604","C"
"4","Trait5","pKWmEB","PstI.TP909443"," 2","65572055","","0.8732","G"
"4","Trait5","pKWmEB","PstI.TP1022511"," 2","65574264","","0.3094","C"
"4","Trait5","pKWmEB","NsiI.TP532922"," 2","65588258","","1.5577","A"
"4","Trait5","pKWmEB","NsiI.TP557474"," 2","65588261","","0.2516","A"
"4","Trait5","pKWmEB","PstI.TP529734"," 2","65604246","","0.2095","C"
"4","Trait5","pKWmEB","NsiI.TP243894"," 2","65614474","","0.0398","C"
"4","Trait5","pKWmEB","NsiI.TP411101"," 2","65617128","","0.0201","C"
"4","Trait5","pKWmEB","NsiI.TP406740"," 2","65617702","","1.2283","A"
"4","Trait5","pKWmEB","NsiI.TP406742"," 2","65617730","","1.7789","C"
"4","Trait5","pKWmEB","PstI.TP636397"," 2","65617813","","1.0284","A"
"4","Trait5","pKWmEB","PstI.TP327234"," 2","65636263","","0.6504","G"
"4","Trait5","pKWmEB","PstI.TP1201147"," 2","65649739","","1.1562","C"
"4","Trait5","pKWmEB","PstI.TP393591"," 2","65650487","","0.0185","A"
"4","Trait5","pKWmEB","PstI.TP767430"," 2","65651169","","0.0791","A"
"4","Trait5","pKWmEB","PstI.TP1010215"," 2","65658184","","0.2398","C"
"4","Trait5","pKWmEB","PstI.TP682301"," 2","65662699","","0.0000","A"
"4","Trait5","pKWmEB","GFSSContig18367_562"," 2","65667566","","0.4898","T"
"4","Trait5","pKWmEB","PstI.TP789863"," 2","65670320","","0.6430","A"
"4","Trait5","pKWmEB","PstI.TP138117"," 2","65682250","","0.4795","A"
"4","Trait5","pKWmEB","NsiI.TP260920"," 2","65684606","","0.9364","A"
"4","Trait5","pKWmEB","NsiI.TP489879"," 2","65709062","","0.6371","C"
"4","Trait5","pKWmEB","NsiI.TP534928"," 2","65715103","","0.3775","C"
"4","Trait5","pKWmEB","PstI.TP552084"," 2","65715849","","1.2592","A"
"4","Trait5","pKWmEB","PstI.TP269244"," 2","65718488","","0.1298","G"
"4","Trait5","pKWmEB","NsiI.TP484870"," 2","65718574","","1.0817","A"
"4","Trait5","pKWmEB","PstI.TP849699"," 2","65719233","","1.0912","A"
"4","Trait5","pKWmEB","PstI.TP548326"," 2","65728112","","0.5862","C"
"4","Trait5","pKWmEB","NsiI.TP400850"," 2","65731215","","0.2827","A"
"4","Trait5","pKWmEB","PstI.TP1048016"," 2","65756715","","0.1960","C"
"4","Trait5","pKWmEB","PstI.TP573905"," 2","65757565","","0.3512","A"
"4","Trait5","pKWmEB","PstI.TP710730"," 2","65757843","","0.8654","C"
"4","Trait5","pKWmEB","PstI.TP1114443"," 2","65763281","","0.2335","A"
"4","Trait5","pKWmEB","NsiI.TP793884"," 2","65782279","","0.8521","C"
"4","Trait5","pKWmEB","GFSSContig20332_1836"," 2","65785646","","0.3227","A"
"4","Trait5","pKWmEB","GFSSContig19618_2015"," 2","65785768","","0.7864","A"
"4","Trait5","pKWmEB","NsiI.TP550916"," 2","65807314","","0.0709","C"
"4","Trait5","pKWmEB","PstI.TP569150"," 2","65819445","","0.8723","A"
"4","Trait5","pKWmEB","PstI.TP889642"," 2","65820815","","0.2679","C"
"4","Trait5","pKWmEB","NsiI.TP315024"," 2","65833623","","0.6053","A"
"4","Trait5","pKWmEB","NsiI.TP30781"," 2","65845684","","0.2048","A"
"4","Trait5","pKWmEB","NsiI.TP36396"," 2","65918717","","0.1259","A"
"4","Trait5","pKWmEB","PstI.TP772632"," 2","65920887","","0.0867","A"
"4","Trait5","pKWmEB","PstI.TP316167"," 2","65920981","","0.8893","C"
"4","Trait5","pKWmEB","PstI.TP863254"," 2","65930452","","0.7988","G"
"4","Trait5","pKWmEB","PstI.TP1212867"," 2","65932428","","0.5376","C"
"4","Trait5","pKWmEB","NsiI.TP741991"," 2","65962511","","1.3166","C"
"4","Trait5","pKWmEB","NsiI.TP204910"," 2","65965770","","0.8109","G"
"4","Trait5","pKWmEB","NsiI.TP204911"," 2","65965773","","0.2828","C"
"4","Trait5","pKWmEB","PstI.TP217528"," 2","65973956","","1.3921","A"
"4","Trait5","pKWmEB","PstI.TP796064"," 2","65982048","","1.4265","A"
"4","Trait5","pKWmEB","PstI.TP1164194"," 2","65989872","","0.7839","A"
"4","Trait5","pKWmEB","PstI.TP1250919"," 2","66001645","","0.2495","A"
"4","Trait5","pKWmEB","PstI.TP1008678"," 2","66011517","","0.3324","A"
"4","Trait5","pKWmEB","PstI.TP132033"," 2","66024864","","0.1568","C"
"4","Trait5","pKWmEB","GFSSContig16759_1172"," 2","66025133","","0.0663","T"
"4","Trait5","pKWmEB","PstI.TP665640"," 2","66034973","","0.0794","A"
"4","Trait5","pKWmEB","PstI.TP585255"," 2","66036132","","0.1302","C"
"4","Trait5","pKWmEB","PstI.TP585251"," 2","66036168","","0.0950","A"
"4","Trait5","pKWmEB","NsiI.TP429738"," 2","66036431","","1.3777","A"
"4","Trait5","pKWmEB","PstI.TP448270"," 2","66044722","","0.2297","C"
"4","Trait5","pKWmEB","NsiI.TP583360"," 2","66047191","","0.6694","C"
"4","Trait5","pKWmEB","PstI.TP832588"," 2","66061550","","0.1381","C"
"4","Trait5","pKWmEB","PstI.TP1177162"," 2","66066858","","0.1383","A"
"4","Trait5","pKWmEB","NsiI.TP494594"," 2","66071640","","0.2449","G"
"4","Trait5","pKWmEB","NsiI.TP494593"," 2","66071660","","0.3580","G"
"4","Trait5","pKWmEB","PstI.TP1162111"," 2","66075578","","0.8576","A"
"4","Trait5","pKWmEB","NsiI.TP366067"," 2","66089943","","0.0965","G"
"4","Trait5","pKWmEB","PstI.TP1268778"," 2","66105203","","0.5647","A"
"4","Trait5","pKWmEB","PstI.TP451316"," 2","66105214","","0.1698","C"
"4","Trait5","pKWmEB","NsiI.TP60744"," 2","66109409","","0.0719","A"
"4","Trait5","pKWmEB","PstI.TP688814"," 2","66114697","","1.4222","A"
"4","Trait5","pKWmEB","PstI.TP805469"," 2","66116319","","0.6871","C"
"4","Trait5","pKWmEB","PstI.TP56299"," 2","66116392","","0.2820","A"
"4","Trait5","pKWmEB","PstI.TP302641"," 2","66124238","","0.1629","A"
"4","Trait5","pKWmEB","NsiI.TP566758"," 2","66134979","","0.1993","A"
"4","Trait5","pKWmEB","PstI.TP678292"," 2","66137737","","0.1206","C"
"4","Trait5","pKWmEB","PstI.TP670751"," 2","66139115","","0.4899","C"
"4","Trait5","pKWmEB","PstI.TP155374"," 2","66143391","","0.8778","A"
"4","Trait5","pKWmEB","PstI.TP1062801"," 2","66168895","","0.7107","C"
"4","Trait5","pKWmEB","PstI.TP269065"," 2","66188061","","0.7771","A"
"4","Trait5","pKWmEB","PstI.TP976293"," 2","66188757","","0.2597","A"
"4","Trait5","pKWmEB","NsiI.TP409084"," 2","66252897","","0.1224","A"
"4","Trait5","pKWmEB","PstI.TP304872"," 2","66253164","","0.2851","A"
"4","Trait5","pKWmEB","NsiI.TP183285"," 2","66272815","","0.6291","A"
"4","Trait5","pKWmEB","NsiI.TP176440"," 2","66284969","","0.3037","G"
"4","Trait5","pKWmEB","PstI.TP139937"," 2","66298184","","1.2558","C"
"4","Trait5","pKWmEB","PstI.TP277119"," 2","66298262","","0.0202","A"
"4","Trait5","pKWmEB","PstI.TP277120"," 2","66298305","","0.1141","A"
"4","Trait5","pKWmEB","PstI.TP1117601"," 2","66314926","","0.8074","C"
"4","Trait5","pKWmEB","PstI.TP1028185"," 2","66319586","","0.5463","G"
"4","Trait5","pKWmEB","PstI.TP208292"," 2","66325675","","0.2194","A"
"4","Trait5","pKWmEB","PstI.TP1135284"," 2","66334242","","0.2155","A"
"4","Trait5","pKWmEB","PstI.TP772685"," 2","66338128","","0.8288","G"
"4","Trait5","pKWmEB","PstI.TP772684"," 2","66338149","","0.3970","A"
"4","Trait5","pKWmEB","PstI.TP1051210"," 2","66345717","","0.9015","A"
"4","Trait5","pKWmEB","NsiI.TP237430"," 2","66374519","","0.5284","A"
"4","Trait5","pKWmEB","PstI.TP160192"," 2","66374866","","1.9563","A"
"4","Trait5","pKWmEB","PstI.TP965828"," 2","66424423","","0.9567","C"
"4","Trait5","pKWmEB","NsiI.TP305933"," 2","66473005","","0.3084","G"
"4","Trait5","pKWmEB","NsiI.TP279812"," 2","66497329","","0.3178","A"
"4","Trait5","pKWmEB","NsiI.TP203885"," 2","66511978","","0.2048","A"
"4","Trait5","pKWmEB","NsiI.TP691599"," 2","66513990","","0.0836","A"
"4","Trait5","pKWmEB","PstI.TP800800"," 2","66545388","","1.3640","C"
"4","Trait5","pKWmEB","PstI.TP724455"," 2","66559519","","0.5717","A"
"4","Trait5","pKWmEB","PstI.TP580905"," 2","66570918","","0.6622","A"
"4","Trait5","pKWmEB","NsiI.TP661532"," 2","66573691","","0.4887","C"
"4","Trait5","pKWmEB","NsiI.TP248367"," 2","66583258","","0.5873","C"
"4","Trait5","pKWmEB","NsiI.TP444892"," 2","66583539","","0.5087","A"
"4","Trait5","pKWmEB","PstI.TP948986"," 2","66606743","","0.8721","A"
"4","Trait5","pKWmEB","PstI.TP631813"," 2","66615764","","0.3116","A"
"4","Trait5","pKWmEB","PstI.TP928628"," 2","66615911","","0.2596","A"
"4","Trait5","pKWmEB","PstI.TP1175594"," 2","66624144","","0.2324","A"
"4","Trait5","pKWmEB","PstI.TP683583"," 2","66629362","","0.1747","G"
"4","Trait5","pKWmEB","PstI.TP279091"," 2","66629856","","0.6902","C"
"4","Trait5","pKWmEB","PstI.TP290760"," 2","66629856","","0.2693","C"
"4","Trait5","pKWmEB","PstI.TP774715"," 2","66630116","","0.8640","A"
"4","Trait5","pKWmEB","NsiI.TP417329"," 2","66632931","","0.2529","A"
"4","Trait5","pKWmEB","PstI.TP541236"," 2","66633277","","0.2528","A"
"4","Trait5","pKWmEB","PstI.TP541274"," 2","66633323","","0.1728","G"
"4","Trait5","pKWmEB","NsiI.TP803994"," 2","66633362","","0.4071","A"
"4","Trait5","pKWmEB","PstI.TP1140882"," 2","66633827","","0.4542","A"
"4","Trait5","pKWmEB","PstI.TP912333"," 2","66641452","","1.0404","G"
"4","Trait5","pKWmEB","PstI.TP916617"," 2","66641704","","0.2111","A"
"4","Trait5","pKWmEB","PstI.TP686048"," 2","66644480","","0.4128","A"
"4","Trait5","pKWmEB","PstI.TP1170287"," 2","66649970","","0.6253","G"
"4","Trait5","pKWmEB","NsiI.TP741168"," 2","66652960","","0.4505","A"
"4","Trait5","pKWmEB","NsiI.TP27574"," 2","66655212","","0.1407","A"
"4","Trait5","pKWmEB","PstI.TP211077"," 2","66658872","","2.4015","A"
"4","Trait5","pKWmEB","NsiI.TP313543"," 2","66665393","","0.1542","A"
"4","Trait5","pKWmEB","PstI.TP214149"," 2","66672122","","0.0778","C"
"4","Trait5","pKWmEB","NsiI.TP257125"," 2","66673374","","0.1681","A"
"4","Trait5","pKWmEB","PstI.TP773869"," 2","66744137","","0.0259","A"
"4","Trait5","pKWmEB","PstI.TP35249"," 2","66802824","","0.0561","C"
"4","Trait5","pKWmEB","GFSSContig19031_267"," 2","66811225","","0.4586","A"
"4","Trait5","pKWmEB","PstI.TP434461"," 2","66813498","","0.6524","A"
"4","Trait5","pKWmEB","GFSSContig10862_580"," 2","66813911","","0.1133","A"
"4","Trait5","pKWmEB","NsiI.TP148747"," 2","66829935","","1.0485","C"
"4","Trait5","pKWmEB","NsiI.TP412669"," 2","66830502","","0.1882","A"
"4","Trait5","pKWmEB","NsiI.TP237306"," 2","66849495","","0.0253","C"
"4","Trait5","pKWmEB","NsiI.TP169684"," 2","66900417","","1.2363","A"
"4","Trait5","pKWmEB","NsiI.TP505754"," 2","66915519","","0.0966","C"
"4","Trait5","pKWmEB","PstI.TP1168506"," 2","66930815","","0.4784","A"
"4","Trait5","pKWmEB","NsiI.TP164577"," 2","66970277","","0.3114","A"
"4","Trait5","pKWmEB","NsiI.TP125999"," 2","66980191","","0.7098","A"
"4","Trait5","pKWmEB","NsiI.TP695317"," 2","66984343","","0.4140","C"
"4","Trait5","pKWmEB","NsiI.TP695008"," 2","66984378","","0.8811","A"
"4","Trait5","pKWmEB","PstI.TP139319"," 2","66985593","","0.8641","C"
"4","Trait5","pKWmEB","PstI.TP512588"," 2","66988960","","0.0069","C"
"4","Trait5","pKWmEB","PstI.TP1186389"," 2","67000117","","0.2785","A"
"4","Trait5","pKWmEB","PstI.TP1186392"," 2","67000148","","0.1676","A"
"4","Trait5","pKWmEB","NsiI.TP707888"," 2","67002829","","0.7146","C"
"4","Trait5","pKWmEB","NsiI.TP39438"," 2","67004686","","0.0035","A"
"4","Trait5","pKWmEB","PstI.TP650798"," 2","67010862","","0.7095","C"
"4","Trait5","pKWmEB","PstI.TP489940"," 2","67010937","","0.1400","C"
"4","Trait5","pKWmEB","NsiI.TP352560"," 2","67013461","","0.8550","C"
"4","Trait5","pKWmEB","NsiI.TP661673"," 2","67033504","","0.6531","A"
"4","Trait5","pKWmEB","NsiI.TP25038"," 2","67058328","","1.3925","A"
"4","Trait5","pKWmEB","NsiI.TP434686"," 2","67063061","","0.0052","G"
"4","Trait5","pKWmEB","PstI.TP977916"," 2","67063264","","0.1194","A"
"4","Trait5","pKWmEB","NsiI.TP449316"," 2","67107178","","0.6658","A"
"4","Trait5","pKWmEB","PstI.TP1282105"," 2","67119674","","0.3806","C"
"4","Trait5","pKWmEB","PstI.TP925971"," 2","67121384","","0.0472","C"
"4","Trait5","pKWmEB","PstI.TP538405"," 2","67140566","","1.1160","C"
"4","Trait5","pKWmEB","PstI.TP1187163"," 2","67152220","","0.2504","C"
"4","Trait5","pKWmEB","PstI.TP1179676"," 2","67153277","","0.0489","A"
"4","Trait5","pKWmEB","PstI.TP38946"," 2","67175662","","0.1399","A"
"4","Trait5","pKWmEB","PstI.TP1099442"," 2","67195902","","0.0191","C"
"4","Trait5","pKWmEB","NsiI.TP717168"," 2","67196094","","0.0288","C"
"4","Trait5","pKWmEB","PstI.TP209642"," 2","67215455","","0.0139","C"
"4","Trait5","pKWmEB","PstI.TP96355"," 2","67215476","","0.6154","C"
"4","Trait5","pKWmEB","PstI.TP323167"," 2","67215535","","0.4006","C"
"4","Trait5","pKWmEB","PstI.TP324907"," 2","67222605","","0.2636","A"
"4","Trait5","pKWmEB","PstI.TP1186476"," 2","67229094","","0.0174","C"
"4","Trait5","pKWmEB","PstI.TP1016823"," 2","67273075","","1.2497","C"
"4","Trait5","pKWmEB","PstI.TP160109"," 2","67274463","","0.5840","C"
"4","Trait5","pKWmEB","PstI.TP1227117"," 2","67279217","","0.8053","A"
"4","Trait5","pKWmEB","NsiI.TP578929"," 2","67287408","","0.2156","A"
"4","Trait5","pKWmEB","PstI.TP438722"," 2","67288454","","0.2526","A"
"4","Trait5","pKWmEB","PstI.TP1123659"," 2","67288484","","0.8482","C"
"4","Trait5","pKWmEB","PstI.TP418451"," 2","67296949","","0.1168","A"
"4","Trait5","pKWmEB","PstI.TP1231564"," 2","67297003","","0.0959","A"
"4","Trait5","pKWmEB","NsiI.TP35357"," 2","67311248","","0.0460","C"
"4","Trait5","pKWmEB","NsiI.TP757789"," 2","67334730","","1.1765","C"
"4","Trait5","pKWmEB","PstI.TP152556"," 2","67340962","","0.0446","A"
"4","Trait5","pKWmEB","PstI.TP1230363"," 2","67341370","","1.0202","A"
"4","Trait5","pKWmEB","PstI.TP967280"," 2","67346302","","0.4893","C"
"4","Trait5","pKWmEB","PstI.TP57930"," 2","67346618","","1.2681","C"
"4","Trait5","pKWmEB","PstI.TP1215048"," 2","67348111","","0.6521","A"
"4","Trait5","pKWmEB","NsiI.TP751924"," 2","67349192","","0.3386","A"
"4","Trait5","pKWmEB","PstI.TP223415"," 2","67353385","","1.3367","A"
"4","Trait5","pKWmEB","NsiI.TP344801"," 2","67361097","","0.1353","C"
"4","Trait5","pKWmEB","PstI.TP282604"," 2","67364848","","0.1860","A"
"4","Trait5","pKWmEB","NsiI.TP740457"," 2","67389846","","0.5186","C"
"4","Trait5","pKWmEB","NsiI.TP782473"," 2","67395458","","0.1403","A"
"4","Trait5","pKWmEB","NsiI.TP242810"," 2","67395983","","0.0248","A"
"4","Trait5","pKWmEB","PstI.TP697442"," 2","67420496","","0.0762","A"
"4","Trait5","pKWmEB","NsiI.TP45545"," 2","67426599","","0.1037","C"
"4","Trait5","pKWmEB","PstI.TP1020517"," 2","67480548","","0.8663","C"
"4","Trait5","pKWmEB","PstI.TP697441"," 2","67488263","","0.0168","A"
"4","Trait5","pKWmEB","NsiI.TP421645"," 2","67548745","","0.3560","C"
"4","Trait5","pKWmEB","NsiI.TP597142"," 2","67557878","","0.1704","A"
"4","Trait5","pKWmEB","NsiI.TP811656"," 2","67574094","","0.1683","A"
"4","Trait5","pKWmEB","PstI.TP735902"," 2","67576566","","0.9457","C"
"4","Trait5","pKWmEB","NsiI.TP535451"," 2","67583538","","0.1597","C"
"4","Trait5","pKWmEB","PstI.TP270399"," 2","67586193","","0.1737","A"
"4","Trait5","pKWmEB","PstI.TP832042"," 2","67594237","","0.4795","A"
"4","Trait5","pKWmEB","PstI.TP674426"," 2","67595892","","1.2752","A"
"4","Trait5","pKWmEB","NsiI.TP117620"," 2","67631513","","0.0441","A"
"4","Trait5","pKWmEB","NsiI.TP328386"," 2","67659685","","0.1170","A"
"4","Trait5","pKWmEB","PstI.TP965617"," 2","67664721","","0.4909","A"
"4","Trait5","pKWmEB","PstI.TP503632"," 2","67683883","","0.0833","G"
"4","Trait5","pKWmEB","PstI.TP862581"," 2","67699153","","1.6606","A"
"4","Trait5","pKWmEB","PstI.TP1006464"," 2","67700769","","0.0196","A"
"4","Trait5","pKWmEB","NsiI.TP613825"," 2","67706432","","0.7445","A"
"4","Trait5","pKWmEB","NsiI.TP316726"," 2","67706502","","0.9559","A"
"4","Trait5","pKWmEB","NsiI.TP213158"," 2","67720379","","2.6956","A"
"4","Trait5","pKWmEB","PstI.TP621010"," 2","67732843","","0.8469","C"
"4","Trait5","pKWmEB","PstI.TP1042982"," 2","67753919","","0.1722","G"
"4","Trait5","pKWmEB","PstI.TP205881"," 2","67763930","","0.1776","C"
"4","Trait5","pKWmEB","PstI.TP1241127"," 2","67764066","","1.9766","G"
"4","Trait5","pKWmEB","NsiI.TP829822"," 2","67765317","","0.7108","C"
"4","Trait5","pKWmEB","NsiI.TP375196"," 2","67765806","","0.0360","A"
"4","Trait5","pKWmEB","PstI.TP539833"," 2","67766569","","0.0817","A"
"4","Trait5","pKWmEB","NsiI.TP290587"," 2","67766572","","0.1315","C"
"4","Trait5","pKWmEB","PstI.TP320850"," 2","67769408","","1.1826","A"
"4","Trait5","pKWmEB","PstI.TP781835"," 2","67796926","","0.7788","A"
"4","Trait5","pKWmEB","PstI.TP804018"," 2","67814862","","0.2555","C"
"4","Trait5","pKWmEB","PstI.TP1093731"," 2","67823974","","1.5875","C"
"4","Trait5","pKWmEB","PstI.TP537688"," 2","67833294","","0.4341","A"
"4","Trait5","pKWmEB","PstI.TP937496"," 2","67836820","","0.4150","C"
"4","Trait5","pKWmEB","PstI.TP511713"," 2","67844447","","1.0334","A"
"4","Trait5","pKWmEB","PstI.TP731791"," 2","67846780","","0.2660","A"
"4","Trait5","pKWmEB","NsiI.TP128497"," 2","67877915","","0.6918","A"
"4","Trait5","pKWmEB","PstI.TP301846"," 2","67889412","","0.5431","C"
"4","Trait5","pKWmEB","NsiI.TP396284"," 2","67890160","","0.6003","A"
"4","Trait5","pKWmEB","NsiI.TP707927"," 2","67890709","","1.4432","A"
"4","Trait5","pKWmEB","NsiI.TP18700"," 2","67895505","","1.0001","A"
"4","Trait5","pKWmEB","PstI.TP1238700"," 2","67899877","","0.3977","C"
"4","Trait5","pKWmEB","PstI.TP1078440"," 2","67902035","","0.0264","A"
"4","Trait5","pKWmEB","PstI.TP922393"," 2","67926136","","0.4398","C"
"4","Trait5","pKWmEB","PstI.TP672776"," 2","67927952","","1.2533","A"
"4","Trait5","pKWmEB","PstI.TP26764"," 2","67945480","","0.4454","A"
"4","Trait5","pKWmEB","PstI.TP1157209"," 2","67952515","","0.6288","A"
"4","Trait5","pKWmEB","GFSSContig17477_775"," 2","67954599","","0.0393","T"
"4","Trait5","pKWmEB","PstI.TP1272570"," 2","67960359","","0.7726","A"
"4","Trait5","pKWmEB","NsiI.TP315103"," 2","67963850","","1.0616","C"
"4","Trait5","pKWmEB","PstI.TP767739"," 2","67985738","","0.4604","A"
"4","Trait5","pKWmEB","PstI.TP969794"," 2","67990747","","0.5680","G"
"4","Trait5","pKWmEB","PstI.TP1193570"," 2","68003060","","0.4720","A"
"4","Trait5","pKWmEB","PstI.TP963977"," 2","68012933","","1.0735","C"
"4","Trait5","pKWmEB","PstI.TP835013"," 2","68055073","","0.5467","A"
"4","Trait5","pKWmEB","PstI.TP750874"," 2","68062345","","0.2259","A"
"4","Trait5","pKWmEB","PstI.TP1151078"," 2","68069588","","0.0960","A"
"4","Trait5","pKWmEB","PstI.TP282991"," 2","68080536","","0.0324","A"
"4","Trait5","pKWmEB","NsiI.TP507550"," 2","68083311","","0.5356","A"
"4","Trait5","pKWmEB","PstI.TP14631"," 2","68127880","","0.1685","C"
"4","Trait5","pKWmEB","NsiI.TP551575"," 2","68146828","","0.0341","A"
"4","Trait5","pKWmEB","PstI.TP258963"," 2","68162387","","0.8544","A"
"4","Trait5","pKWmEB","PstI.TP796611"," 2","68198347","","0.5107","A"
"4","Trait5","pKWmEB","NsiI.TP208425"," 2","68199092","","0.2720","G"
"4","Trait5","pKWmEB","NsiI.TP290165"," 2","68205802","","0.7402","A"
"4","Trait5","pKWmEB","NsiI.TP293336"," 2","68209303","","0.8011","C"
"4","Trait5","pKWmEB","NsiI.TP195995"," 2","68227771","","0.0739","C"
"4","Trait5","pKWmEB","PstI.TP68170"," 2","68230580","","0.8984","C"
"4","Trait5","pKWmEB","NsiI.TP414796"," 2","68231988","","0.0544","G"
"4","Trait5","pKWmEB","PstI.TP1194387"," 2","68240707","","0.1454","A"
"4","Trait5","pKWmEB","NsiI.TP546513"," 2","68245421","","0.0911","A"
"4","Trait5","pKWmEB","PstI.TP301623"," 2","68256626","","0.1858","C"
"4","Trait5","pKWmEB","PstI.TP73689"," 2","68257747","","0.1909","C"
"4","Trait5","pKWmEB","PstI.TP166590"," 2","68259502","","0.0684","G"
"4","Trait5","pKWmEB","PstI.TP745383"," 2","68265224","","1.1361","C"
"4","Trait5","pKWmEB","NsiI.TP367901"," 2","68272385","","0.2727","C"
"4","Trait5","pKWmEB","PstI.TP914756"," 2","68280991","","0.0524","C"
"4","Trait5","pKWmEB","PstI.TP1191760"," 2","68304097","","0.0725","A"
"4","Trait5","pKWmEB","NsiI.TP747943"," 2","68325910","","0.1096","C"
"4","Trait5","pKWmEB","NsiI.TP129506"," 2","68346945","","1.2572","A"
"4","Trait5","pKWmEB","PstI.TP936576"," 2","68359890","","0.5256","C"
"4","Trait5","pKWmEB","PstI.TP662387"," 2","68410567","","0.0965","G"
"4","Trait5","pKWmEB","PstI.TP396771"," 2","68414725","","0.1847","C"
"4","Trait5","pKWmEB","PstI.TP1097795"," 2","68477159","","0.0818","C"
"4","Trait5","pKWmEB","NsiI.TP676260"," 2","68505176","","0.3017","C"
"4","Trait5","pKWmEB","GFSSContig9726_926"," 2","68556864","","0.0801","A"
"4","Trait5","pKWmEB","NsiI.TP41450"," 2","68574998","","0.2837","A"
"4","Trait5","pKWmEB","NsiI.TP470514"," 2","68587414","","0.3433","C"
"4","Trait5","pKWmEB","NsiI.TP210110"," 2","68596691","","0.2115","C"
"4","Trait5","pKWmEB","NsiI.TP432109"," 2","68602175","","0.5931","C"
"4","Trait5","pKWmEB","NsiI.TP741057"," 2","68613626","","0.9446","A"
"4","Trait5","pKWmEB","PstI.TP948861"," 2","68614882","","0.6132","A"
"4","Trait5","pKWmEB","NsiI.TP495984"," 2","68615777","","0.4654","C"
"4","Trait5","pKWmEB","PstI.TP920125"," 2","68619167","","0.0352","A"
"4","Trait5","pKWmEB","NsiI.TP615647"," 2","68626980","","0.8842","A"
"4","Trait5","pKWmEB","PstI.TP1022778"," 2","68642235","","1.6044","A"
"4","Trait5","pKWmEB","GFSSContig18443_1437"," 2","68677177","","0.5874","A"
"4","Trait5","pKWmEB","PstI.TP241283"," 2","68685023","","0.0484","C"
"4","Trait5","pKWmEB","PstI.TP1194765"," 2","68696824","","0.0515","G"
"4","Trait5","pKWmEB","NsiI.TP208576"," 2","68701539","","0.5455","A"
"4","Trait5","pKWmEB","NsiI.TP411551"," 2","68720764","","0.4842","G"
"4","Trait5","pKWmEB","NsiI.TP628730"," 2","68743166","","0.3225","A"
"4","Trait5","pKWmEB","NsiI.TP139560"," 2","68743190","","0.1258","A"
"4","Trait5","pKWmEB","PstI.TP150916"," 2","68747494","","0.1070","A"
"4","Trait5","pKWmEB","NsiI.TP549069"," 2","68751376","","0.0178","A"
"4","Trait5","pKWmEB","PstI.TP681685"," 2","68785398","","0.5828","C"
"4","Trait5","pKWmEB","NsiI.TP268955"," 2","68789448","","0.3125","C"
"4","Trait5","pKWmEB","NsiI.TP250732"," 2","68789482","","0.4789","A"
"4","Trait5","pKWmEB","PstI.TP684973"," 2","68827380","","0.4495","C"
"4","Trait5","pKWmEB","PstI.TP56152"," 2","68829116","","0.0586","A"
"4","Trait5","pKWmEB","PstI.TP100118"," 2","68834374","","0.4732","C"
"4","Trait5","pKWmEB","PstI.TP838341"," 2","68835106","","0.1985","C"
"4","Trait5","pKWmEB","NsiI.TP269512"," 2","68836553","","0.0531","C"
"4","Trait5","pKWmEB","NsiI.TP215611"," 2","68845939","","0.8472","C"
"4","Trait5","pKWmEB","PstI.TP455007"," 2","68850378","","0.4114","C"
"4","Trait5","pKWmEB","NsiI.TP720246"," 2","68851174","","0.6585","A"
"4","Trait5","pKWmEB","PstI.TP117604"," 2","68868344","","1.6477","A"
"4","Trait5","pKWmEB","GFk25ctg2347921_248"," 2","68885011","","0.1401","T"
"4","Trait5","pKWmEB","PstI.TP1239066"," 2","68885499","","0.7911","C"
"4","Trait5","pKWmEB","NsiI.TP784624"," 2","68888010","","0.7297","C"
"4","Trait5","pKWmEB","PstI.TP177807"," 2","68900132","","0.3605","C"
"4","Trait5","pKWmEB","PstI.TP865937"," 2","68902948","","0.7108","A"
"4","Trait5","pKWmEB","PstI.TP865938"," 2","68902990","","0.6157","C"
"4","Trait5","pKWmEB","NsiI.TP521849"," 2","68931250","","1.0350","A"
"4","Trait5","pKWmEB","NsiI.TP522323"," 2","68931282","","0.3707","G"
"4","Trait5","pKWmEB","NsiI.TP362028"," 2","68945769","","2.9934","A"
"4","Trait5","pKWmEB","NsiI.TP309047"," 2","68947946","","0.0144","A"
"4","Trait5","pKWmEB","PstI.TP122987"," 2","68996190","","0.5386","C"
"4","Trait5","pKWmEB","NsiI.TP833341"," 2","68997897","","0.0935","C"
"4","Trait5","pKWmEB","NsiI.TP760901"," 2","69029581","","0.2378","C"
"4","Trait5","pKWmEB","NsiI.TP633500"," 2","69036798","","0.0256","A"
"4","Trait5","pKWmEB","PstI.TP1077255"," 2","69041995","","1.6250","A"
"4","Trait5","pKWmEB","PstI.TP937273"," 2","69057036","","0.0525","A"
"4","Trait5","pKWmEB","PstI.TP65639"," 2","69075318","","0.7617","G"
"4","Trait5","pKWmEB","PstI.TP35116"," 2","69089968","","0.5190","A"
"4","Trait5","pKWmEB","NsiI.TP736796"," 2","69108801","","0.3893","C"
"4","Trait5","pKWmEB","PstI.TP253737"," 2","69121109","","1.7248","A"
"4","Trait5","pKWmEB","PstI.TP813004"," 2","69147725","","0.0613","G"
"4","Trait5","pKWmEB","NsiI.TP80604"," 2","69157092","","0.8369","A"
"4","Trait5","pKWmEB","PstI.TP1196336"," 2","69173677","","0.3795","C"
"4","Trait5","pKWmEB","NsiI.TP540039"," 2","69176258","","0.5857","C"
"4","Trait5","pKWmEB","NsiI.TP44621"," 2","69189479","","0.1282","G"
"4","Trait5","pKWmEB","PstI.TP200848"," 2","69223364","","1.1123","C"
"4","Trait5","pKWmEB","PstI.TP139651"," 2","69224467","","1.0156","C"
"4","Trait5","pKWmEB","NsiI.TP25279"," 2","69225463","","0.3367","C"
"4","Trait5","pKWmEB","NsiI.TP602190"," 2","69281568","","1.6207","A"
"4","Trait5","pKWmEB","NsiI.TP628132"," 2","69312977","","0.1954","C"
"4","Trait5","pKWmEB","NsiI.TP222432"," 2","69314559","","0.1267","C"
"4","Trait5","pKWmEB","PstI.TP548301"," 2","69315660","","1.6356","A"
"4","Trait5","pKWmEB","PstI.TP1206060"," 2","69316419","","1.4672","G"
"4","Trait5","pKWmEB","NsiI.TP437846"," 2","69316454","","1.0396","A"
"4","Trait5","pKWmEB","NsiI.TP366836"," 2","69326833","","0.1390","A"
"4","Trait5","pKWmEB","NsiI.TP636234"," 2","69329441","","0.6038","A"
"4","Trait5","pKWmEB","PstI.TP343842"," 2","69334049","","0.3688","C"
"4","Trait5","pKWmEB","NsiI.TP632544"," 2","69341988","","0.5087","C"
"4","Trait5","pKWmEB","NsiI.TP609101"," 2","69347017","","0.1116","A"
"4","Trait5","pKWmEB","NsiI.TP297190"," 2","69347483","","0.2477","G"
"4","Trait5","pKWmEB","NsiI.TP297195"," 2","69347500","","0.0633","A"
"4","Trait5","pKWmEB","PstI.TP887742"," 2","69350031","","1.0058","C"
"4","Trait5","pKWmEB","PstI.TP67611"," 2","69364189","","0.5024","A"
"4","Trait5","pKWmEB","PstI.TP851725"," 2","69365267","","0.5469","A"
"4","Trait5","pKWmEB","NsiI.TP775861"," 2","69418493","","0.2944","A"
"4","Trait5","pKWmEB","PstI.TP283787"," 2","69444034","","0.1673","C"
"4","Trait5","pKWmEB","NsiI.TP483806"," 2","69445706","","1.2509","G"
"4","Trait5","pKWmEB","NsiI.TP201276"," 2","69462910","","0.2215","A"
"4","Trait5","pKWmEB","PstI.TP1241361"," 2","69481251","","0.1060","C"
"4","Trait5","pKWmEB","NsiI.TP420073"," 2","69490825","","0.1112","A"
"4","Trait5","pKWmEB","PstI.TP34573"," 2","69507595","","0.5823","A"
"4","Trait5","pKWmEB","NsiI.TP486165"," 2","69565335","","0.1785","C"
"4","Trait5","pKWmEB","PstI.TP1276349"," 2","69568839","","0.0253","C"
"4","Trait5","pKWmEB","PstI.TP550198"," 2","69597659","","0.0278","A"
"4","Trait5","pKWmEB","NsiI.TP91360"," 2","69599736","","0.1017","A"
"4","Trait5","pKWmEB","PstI.TP944857"," 2","69601395","","0.4477","C"
"4","Trait5","pKWmEB","PstI.TP944858"," 2","69605822","","0.2946","C"
"4","Trait5","pKWmEB","NsiI.TP177261"," 2","69619285","","0.1280","A"
"4","Trait5","pKWmEB","PstI.TP260492"," 2","69620358","","0.0415","G"
"4","Trait5","pKWmEB","PstI.TP260494"," 2","69620378","","0.4860","C"
"4","Trait5","pKWmEB","NsiI.TP444478"," 2","69620378","","0.5444","C"
"4","Trait5","pKWmEB","NsiI.TP444479"," 2","69620402","","0.5374","C"
"4","Trait5","pKWmEB","PstI.TP1064497"," 2","69620927","","0.0867","C"
"4","Trait5","pKWmEB","PstI.TP99294"," 2","69646921","","0.1001","C"
"4","Trait5","pKWmEB","PstI.TP266022"," 2","69651260","","1.1688","G"
"4","Trait5","pKWmEB","PstI.TP1067954"," 2","69723954","","0.4971","C"
"4","Trait5","pKWmEB","PstI.TP879034"," 2","69724022","","1.4726","C"
"4","Trait5","pKWmEB","PstI.TP604270"," 2","69731343","","0.1936","C"
"4","Trait5","pKWmEB","PstI.TP304318"," 2","69746689","","0.2849","C"
"4","Trait5","pKWmEB","PstI.TP893646"," 2","69747250","","0.1490","C"
"4","Trait5","pKWmEB","PstI.TP155898"," 2","69747938","","0.0359","A"
"4","Trait5","pKWmEB","PstI.TP894296"," 2","69767427","","0.2293","C"
"4","Trait5","pKWmEB","PstI.TP37276"," 2","69768497","","0.2608","A"
"4","Trait5","pKWmEB","PstI.TP869335"," 2","69787277","","0.5333","C"
"4","Trait5","pKWmEB","PstI.TP459708"," 2","69799922","","0.9677","C"
"4","Trait5","pKWmEB","PstI.TP1247330"," 2","69807171","","0.0507","C"
"4","Trait5","pKWmEB","NsiI.TP660927"," 2","69816370","","0.4915","A"
"4","Trait5","pKWmEB","PstI.TP872483"," 2","69831084","","0.4185","A"
"4","Trait5","pKWmEB","NsiI.TP507400"," 2","69831121","","0.0825","C"
"4","Trait5","pKWmEB","PstI.TP510785"," 2","69836275","","0.9869","C"
"4","Trait5","pKWmEB","PstI.TP865869"," 2","69849794","","1.3614","C"
"4","Trait5","pKWmEB","PstI.TP241112"," 2","69878337","","0.6929","G"
"4","Trait5","pKWmEB","NsiI.TP436795"," 2","69883657","","0.2215","C"
"4","Trait5","pKWmEB","NsiI.TP668904"," 2","69896491","","0.1788","G"
"4","Trait5","pKWmEB","NsiI.TP62325"," 2","69899026","","0.1814","A"
"4","Trait5","pKWmEB","PstI.TP663163"," 2","69910554","","0.1285","A"
"4","Trait5","pKWmEB","NsiI.TP129512"," 2","69942081","","0.2129","G"
"4","Trait5","pKWmEB","PstI.TP962578"," 2","69945612","","0.3941","G"
"4","Trait5","pKWmEB","PstI.TP1165391"," 2","69968329","","0.3923","A"
"4","Trait5","pKWmEB","PstI.TP60029"," 2","69972188","","1.3940","A"
"4","Trait5","pKWmEB","NsiI.TP732689"," 2","70033459","","0.9693","A"
"4","Trait5","pKWmEB","NsiI.TP746893"," 2","70036236","","1.4648","C"
"4","Trait5","pKWmEB","PstI.TP157563"," 2","70093706","","0.2881","C"
"4","Trait5","pKWmEB","PstI.TP305253"," 2","70153729","","0.6721","A"
"4","Trait5","pKWmEB","PstI.TP778374"," 2","70165447","","0.0656","A"
"4","Trait5","pKWmEB","NsiI.TP350482"," 2","70170433","","0.4449","G"
"4","Trait5","pKWmEB","PstI.TP995173"," 2","70172526","","0.0963","C"
"4","Trait5","pKWmEB","PstI.TP920933"," 2","70185045","","0.3924","C"
"4","Trait5","pKWmEB","PstI.TP1059677"," 2","70210119","","0.4523","C"
"4","Trait5","pKWmEB","PstI.TP352629"," 2","70210441","","1.2495","C"
"4","Trait5","pKWmEB","PstI.TP649137"," 2","70210492","","0.4974","C"
"4","Trait5","pKWmEB","PstI.TP550469"," 2","70228783","","0.3259","G"
"4","Trait5","pKWmEB","GFSSContig19146_697"," 2","70229911","","0.1573","C"
"4","Trait5","pKWmEB","PstI.TP860893"," 2","70230959","","0.2741","G"
"4","Trait5","pKWmEB","NsiI.TP350239"," 2","70238391","","0.7968","A"
"4","Trait5","pKWmEB","PstI.TP127068"," 2","70239204","","0.0779","A"
"4","Trait5","pKWmEB","PstI.TP735407"," 2","70242833","","0.2782","A"
"4","Trait5","pKWmEB","PstI.TP108483"," 2","70256327","","0.3931","A"
"4","Trait5","pKWmEB","PstI.TP241746"," 2","70262681","","0.0302","C"
"4","Trait5","pKWmEB","PstI.TP125447"," 2","70300453","","0.7872","A"
"4","Trait5","pKWmEB","PstI.TP233386"," 2","70302953","","2.0823","A"
"4","Trait5","pKWmEB","PstI.TP825093"," 2","70340007","","0.2787","A"
"4","Trait5","pKWmEB","NsiI.TP669591"," 2","70346334","","0.1044","A"
"4","Trait5","pKWmEB","PstI.TP251658"," 2","70372261","","0.8147","C"
"4","Trait5","pKWmEB","PstI.TP1014548"," 2","70376858","","0.1466","C"
"4","Trait5","pKWmEB","PstI.TP1050354"," 2","70383422","","0.0167","C"
"4","Trait5","pKWmEB","PstI.TP229160"," 2","70391771","","0.5346","C"
"4","Trait5","pKWmEB","PstI.TP1147271"," 2","70407506","","0.1527","C"
"4","Trait5","pKWmEB","PstI.TP1146151"," 2","70407535","","0.1499","G"
"4","Trait5","pKWmEB","NsiI.TP437410"," 2","70409105","","0.3047","C"
"4","Trait5","pKWmEB","PstI.TP788858"," 2","70424868","","0.0650","A"
"4","Trait5","pKWmEB","NsiI.TP507865"," 2","70439195","","0.0755","C"
"4","Trait5","pKWmEB","PstI.TP1016958"," 2","70458905","","1.5271","G"
"4","Trait5","pKWmEB","PstI.TP845278"," 2","70466190","","0.6695","A"
"4","Trait5","pKWmEB","GFSSContig16002_345"," 2","70467850","","0.4446","A"
"4","Trait5","pKWmEB","PstI.TP928851"," 2","70475419","","0.0336","G"
"4","Trait5","pKWmEB","NsiI.TP395768"," 2","70478699","","0.5604","G"
"4","Trait5","pKWmEB","PstI.TP521787"," 2","70479993","","0.5221","A"
"4","Trait5","pKWmEB","PstI.TP1092368"," 2","70489679","","1.0570","C"
"4","Trait5","pKWmEB","NsiI.TP195426"," 2","70509073","","0.4399","A"
"4","Trait5","pKWmEB","NsiI.TP688484"," 2","70530734","","0.5119","A"
"4","Trait5","pKWmEB","NsiI.TP352557"," 2","70560039","","0.0465","C"
"4","Trait5","pKWmEB","PstI.TP1020661"," 2","70562442","","0.9011","C"
"4","Trait5","pKWmEB","PstI.TP859069"," 2","70562742","","0.2320","A"
"4","Trait5","pKWmEB","PstI.TP706248"," 2","70564596","","0.2773","C"
"4","Trait5","pKWmEB","PstI.TP361176"," 2","70567397","","0.3270","C"
"4","Trait5","pKWmEB","NsiI.TP830335"," 2","70569713","","0.1324","C"
"4","Trait5","pKWmEB","NsiI.TP580375"," 2","70579039","","0.0703","C"
"4","Trait5","pKWmEB","PstI.TP275900"," 2","70592522","","0.1878","C"
"4","Trait5","pKWmEB","PstI.TP1224948"," 2","70592770","","1.5156","C"
"4","Trait5","pKWmEB","PstI.TP623312"," 2","70592772","","0.0490","C"
"4","Trait5","pKWmEB","PstI.TP126284"," 2","70593281","","0.3824","C"
"4","Trait5","pKWmEB","NsiI.TP472192"," 2","70594449","","0.0961","A"
"4","Trait5","pKWmEB","PstI.TP488000"," 2","70608583","","0.0828","C"
"4","Trait5","pKWmEB","NsiI.TP784047"," 2","70615250","","0.5276","A"
"4","Trait5","pKWmEB","NsiI.TP366193"," 2","70615686","","0.0298","C"
"4","Trait5","pKWmEB","PstI.TP1120688"," 2","70631924","","0.7194","G"
"4","Trait5","pKWmEB","PstI.TP689231"," 2","70634264","","0.2193","A"
"4","Trait5","pKWmEB","PstI.TP209410"," 2","70639586","","1.0980","A"
"4","Trait5","pKWmEB","PstI.TP4149"," 2","70643378","","0.1422","A"
"4","Trait5","pKWmEB","NsiI.TP774085"," 2","70680647","","0.2590","C"
"4","Trait5","pKWmEB","NsiI.TP20885"," 2","70680874","","0.2800","A"
"4","Trait5","pKWmEB","NsiI.TP67925"," 2","70686406","","0.2052","C"
"4","Trait5","pKWmEB","PstI.TP1143879"," 2","70707227","","0.0210","A"
"4","Trait5","pKWmEB","NsiI.TP771783"," 2","70714209","","0.5671","C"
"4","Trait5","pKWmEB","PstI.TP402235"," 2","70727485","","0.1479","A"
"4","Trait5","pKWmEB","NsiI.TP226337"," 2","70734931","","0.4362","A"
"4","Trait5","pKWmEB","NsiI.TP313629"," 2","70760459","","0.3793","C"
"4","Trait5","pKWmEB","NsiI.TP485492"," 2","70768145","","0.1587","C"
"4","Trait5","pKWmEB","PstI.TP799398"," 2","70792274","","0.2665","C"
"4","Trait5","pKWmEB","PstI.TP1283713"," 2","70792323","","1.8808","A"
"4","Trait5","pKWmEB","PstI.TP948464"," 2","70792950","","0.0911","C"
"4","Trait5","pKWmEB","PstI.TP1053287"," 2","70803182","","0.0176","C"
"4","Trait5","pKWmEB","PstI.TP548897"," 2","70835377","","0.0094","A"
"4","Trait5","pKWmEB","NsiI.TP441913"," 2","70836472","","0.1128","A"
"4","Trait5","pKWmEB","NsiI.TP179944"," 2","70843380","","1.0001","A"
"4","Trait5","pKWmEB","PstI.TP58797"," 2","70845867","","0.3827","C"
"4","Trait5","pKWmEB","PstI.TP308882"," 2","70861060","","0.6258","C"
"4","Trait5","pKWmEB","PstI.TP1045751"," 2","70869265","","0.5579","A"
"4","Trait5","pKWmEB","NsiI.TP441416"," 2","70869755","","0.0329","C"
"4","Trait5","pKWmEB","NsiI.TP506753"," 2","70871451","","0.7304","A"
"4","Trait5","pKWmEB","NsiI.TP214170"," 2","70879253","","0.1883","A"
"4","Trait5","pKWmEB","NsiI.TP431410"," 2","70880127","","0.0470","A"
"4","Trait5","pKWmEB","PstI.TP380099"," 2","70908978","","0.1915","C"
"4","Trait5","pKWmEB","NsiI.TP80859"," 2","70913962","","0.2409","A"
"4","Trait5","pKWmEB","NsiI.TP159783"," 2","70917617","","0.0656","A"
"4","Trait5","pKWmEB","PstI.TP391279"," 2","70925840","","0.3114","C"
"4","Trait5","pKWmEB","NsiI.TP3186"," 2","70926056","","0.7523","A"
"4","Trait5","pKWmEB","NsiI.TP269799"," 2","70926214","","0.4509","C"
"4","Trait5","pKWmEB","NsiI.TP717199"," 2","70926266","","0.1135","A"
"4","Trait5","pKWmEB","PstI.TP4086"," 2","70932438","","0.3343","A"
"4","Trait5","pKWmEB","NsiI.TP179335"," 2","70933511","","0.9739","A"
"4","Trait5","pKWmEB","PstI.TP785517"," 2","70940396","","1.3508","A"
"4","Trait5","pKWmEB","NsiI.TP346359"," 2","70972957","","0.0715","C"
"4","Trait5","pKWmEB","PstI.TP18451"," 2","70973688","","1.3638","A"
"4","Trait5","pKWmEB","NsiI.TP180407"," 2","70976820","","0.0946","C"
"4","Trait5","pKWmEB","PstI.TP1113849"," 2","70994925","","0.7953","G"
"4","Trait5","pKWmEB","NsiI.TP111392"," 2","71036593","","0.0076","A"
"4","Trait5","pKWmEB","NsiI.TP618019"," 2","71092848","","0.6244","A"
"4","Trait5","pKWmEB","PstI.TP804767"," 2","71102945","","1.9738","C"
"4","Trait5","pKWmEB","NsiI.TP435728"," 2","71103910","","0.2761","C"
"4","Trait5","pKWmEB","PstI.TP636417"," 2","71118214","","0.7657","C"
"4","Trait5","pKWmEB","PstI.TP227133"," 2","71118714","","0.1143","C"
"4","Trait5","pKWmEB","PstI.TP1081008"," 2","71118803","","1.3235","C"
"4","Trait5","pKWmEB","PstI.TP267051"," 2","71195963","","0.0485","C"
"4","Trait5","pKWmEB","GFSSContig20018_1695"," 2","71215774","","0.1259","C"
"4","Trait5","pKWmEB","NsiI.TP194183"," 2","71215858","","0.2720","C"
"4","Trait5","pKWmEB","PstI.TP483917"," 2","71246092","","0.5327","A"
"4","Trait5","pKWmEB","PstI.TP483920"," 2","71246128","","0.1080","A"
"4","Trait5","pKWmEB","PstI.TP48338"," 2","71250737","","0.2329","A"
"4","Trait5","pKWmEB","NsiI.TP136079"," 2","71254827","","1.2603","A"
"4","Trait5","pKWmEB","PstI.TP250100"," 2","71256308","","0.0814","C"
"4","Trait5","pKWmEB","NsiI.TP388907"," 2","71256645","","0.5951","A"
"4","Trait5","pKWmEB","PstI.TP1295135"," 2","71260768","","0.9848","C"
"4","Trait5","pKWmEB","PstI.TP31701"," 2","71261586","","0.4903","C"
"4","Trait5","pKWmEB","PstI.TP1025634"," 2","71277610","","1.8310","G"
"4","Trait5","pKWmEB","PstI.TP876687"," 2","71285534","","0.3539","C"
"4","Trait5","pKWmEB","PstI.TP671654"," 2","71324361","","0.1258","A"
"4","Trait5","pKWmEB","PstI.TP781971"," 2","71331724","","0.0293","C"
"4","Trait5","pKWmEB","NsiI.TP214929"," 2","71351884","","0.0876","A"
"4","Trait5","pKWmEB","NsiI.TP32273"," 2","71357596","","1.1586","A"
"4","Trait5","pKWmEB","PstI.TP474225"," 2","71358734","","0.3911","G"
"4","Trait5","pKWmEB","NsiI.TP625887"," 2","71362948","","0.2041","C"
"4","Trait5","pKWmEB","PstI.TP356782"," 2","71378441","","0.2849","A"
"4","Trait5","pKWmEB","PstI.TP163375"," 2","71379619","","0.2205","C"
"4","Trait5","pKWmEB","NsiI.TP450800"," 2","71382441","","0.5144","G"
"4","Trait5","pKWmEB","NsiI.TP507237"," 2","71382528","","1.1282","C"
"4","Trait5","pKWmEB","PstI.TP893748"," 2","71384719","","0.3437","A"
"4","Trait5","pKWmEB","PstI.TP1254958"," 2","71396781","","0.7095","A"
"4","Trait5","pKWmEB","NsiI.TP439898"," 2","71404337","","0.6959","A"
"4","Trait5","pKWmEB","NsiI.TP82254"," 2","71408121","","0.9782","A"
"4","Trait5","pKWmEB","PstI.TP925474"," 2","71450209","","0.2997","C"
"4","Trait5","pKWmEB","PstI.TP459624"," 2","71457905","","0.4379","A"
"4","Trait5","pKWmEB","PstI.TP425751"," 2","71461615","","0.1395","C"
"4","Trait5","pKWmEB","PstI.TP1117116"," 2","71461640","","0.0656","C"
"4","Trait5","pKWmEB","PstI.TP1110867"," 2","71471291","","0.1629","G"
"4","Trait5","pKWmEB","PstI.TP291234"," 2","71490880","","0.2916","C"
"4","Trait5","pKWmEB","PstI.TP291348"," 2","71490922","","0.0145","C"
"4","Trait5","pKWmEB","PstI.TP691242"," 2","71491341","","1.5634","A"
"4","Trait5","pKWmEB","PstI.TP884754"," 2","71495745","","1.4919","C"
"4","Trait5","pKWmEB","NsiI.TP8544"," 2","71503634","","0.1932","A"
"4","Trait5","pKWmEB","NsiI.TP547555"," 2","71520352","","0.1772","C"
"4","Trait5","pKWmEB","PstI.TP439012"," 2","71527319","","0.4041","G"
"4","Trait5","pKWmEB","NsiI.TP345583"," 2","71563186","","0.8532","G"
"4","Trait5","pKWmEB","PstI.TP31397"," 2","71568807","","0.5963","G"
"4","Trait5","pKWmEB","NsiI.TP444585"," 2","71581669","","1.1079","A"
"4","Trait5","pKWmEB","PstI.TP621469"," 2","71594764","","0.0620","A"
"4","Trait5","pKWmEB","NsiI.TP306005"," 2","71594815","","0.7274","A"
"4","Trait5","pKWmEB","PstI.TP459634"," 2","71595601","","0.6162","G"
"4","Trait5","pKWmEB","NsiI.TP140285"," 2","71609172","","0.5146","A"
"4","Trait5","pKWmEB","NsiI.TP141969"," 2","71609177","","1.0095","A"
"4","Trait5","pKWmEB","NsiI.TP142630"," 2","71609177","","0.1757","G"
"4","Trait5","pKWmEB","NsiI.TP141999"," 2","71609178","","0.4728","A"
"4","Trait5","pKWmEB","PstI.TP921432"," 2","71640137","","0.4146","A"
"4","Trait5","pKWmEB","NsiI.TP126343"," 2","71669382","","0.4305","A"
"4","Trait5","pKWmEB","PstI.TP4051"," 2","71675375","","0.2216","G"
"4","Trait5","pKWmEB","PstI.TP1150271"," 2","71680683","","0.5760","G"
"4","Trait5","pKWmEB","PstI.TP632746"," 2","71689525","","0.1571","A"
"4","Trait5","pKWmEB","NsiI.TP762041"," 2","71690501","","0.0344","A"
"4","Trait5","pKWmEB","NsiI.TP762042"," 2","71690505","","0.6343","A"
"4","Trait5","pKWmEB","PstI.TP1113712"," 2","71692555","","0.1507","A"
"4","Trait5","pKWmEB","PstI.TP1263302"," 2","71707680","","0.8463","A"
"4","Trait5","pKWmEB","PstI.TP596044"," 2","71708440","","0.8545","G"
"4","Trait5","pKWmEB","NsiI.TP101471"," 2","71708844","","2.1684","G"
"4","Trait5","pKWmEB","NsiI.TP416000"," 2","71727096","","0.1415","C"
"4","Trait5","pKWmEB","PstI.TP229057"," 2","71728079","","0.1288","C"
"4","Trait5","pKWmEB","PstI.TP486560"," 2","71750001","","0.3622","C"
"4","Trait5","pKWmEB","NsiI.TP56799"," 2","71751615","","0.0319","C"
"4","Trait5","pKWmEB","PstI.TP304739"," 2","71790900","","0.5176","C"
"4","Trait5","pKWmEB","PstI.TP482377"," 2","71803501","","0.8792","A"
"4","Trait5","pKWmEB","GFSSContig17549_819"," 2","71805649","","0.0214","T"
"4","Trait5","pKWmEB","PstI.TP139822"," 2","71811481","","0.4526","A"
"4","Trait5","pKWmEB","PstI.TP578158"," 2","71842980","","1.7423","C"
"4","Trait5","pKWmEB","PstI.TP217861"," 2","71848467","","0.2768","C"
"4","Trait5","pKWmEB","PstI.TP425840"," 2","71864917","","0.0035","A"
"4","Trait5","pKWmEB","PstI.TP743029"," 2","71882739","","0.7604","A"
"4","Trait5","pKWmEB","PstI.TP1245004"," 2","71910973","","1.6128","A"
"4","Trait5","pKWmEB","PstI.TP309757"," 2","71910998","","0.3125","A"
"4","Trait5","pKWmEB","PstI.TP290330"," 2","71935391","","0.7909","A"
"4","Trait5","pKWmEB","PstI.TP935052"," 2","71937638","","1.3712","C"
"4","Trait5","pKWmEB","PstI.TP166155"," 2","71943540","","1.3293","G"
"4","Trait5","pKWmEB","PstI.TP857297"," 2","71950355","","1.3472","C"
"4","Trait5","pKWmEB","NsiI.TP144822"," 2","71951415","","0.1974","C"
"4","Trait5","pKWmEB","NsiI.TP440910"," 2","71951512","","0.8601","A"
"4","Trait5","pKWmEB","PstI.TP118776"," 2","71956309","","0.0504","A"
"4","Trait5","pKWmEB","PstI.TP1226157"," 2","71966862","","0.8363","C"
"4","Trait5","pKWmEB","PstI.TP767032"," 2","71966917","","0.3697","A"
"4","Trait5","pKWmEB","NsiI.TP16006"," 2","71985394","","0.0100","A"
"4","Trait5","pKWmEB","NsiI.TP503023"," 2","71986338","","0.1130","A"
"4","Trait5","pKWmEB","PstI.TP708099"," 2","71987708","","0.2093","A"
"4","Trait5","pKWmEB","NsiI.TP31010"," 2","72013712","","0.0209","A"
"4","Trait5","pKWmEB","PstI.TP1167444"," 2","72022190","","0.4127","C"
"4","Trait5","pKWmEB","PstI.TP476507"," 2","72023153","","0.6098","A"
"4","Trait5","pKWmEB","NsiI.TP174448"," 2","72030473","","0.4941","C"
"4","Trait5","pKWmEB","PstI.TP74603"," 2","72032620","","0.1417","A"
"4","Trait5","pKWmEB","PstI.TP1146849"," 2","72036886","","0.5064","A"
"4","Trait5","pKWmEB","NsiI.TP438594"," 2","72037052","","0.0279","C"
"4","Trait5","pKWmEB","NsiI.TP156747"," 2","72037359","","0.1597","A"
"4","Trait5","pKWmEB","NsiI.TP4874"," 2","72051499","","0.1159","A"
"4","Trait5","pKWmEB","NsiI.TP4875"," 2","72051507","","0.5452","C"
"4","Trait5","pKWmEB","NsiI.TP543408"," 2","72052989","","0.8925","C"
"4","Trait5","pKWmEB","NsiI.TP86315"," 2","72052998","","0.5845","A"
"4","Trait5","pKWmEB","NsiI.TP86948"," 2","72054087","","0.5751","C"
"4","Trait5","pKWmEB","PstI.TP741005"," 2","72058826","","0.6854","A"
"4","Trait5","pKWmEB","PstI.TP332110"," 2","72096377","","0.3802","A"
"4","Trait5","pKWmEB","PstI.TP820804"," 2","72096898","","0.4510","A"
"4","Trait5","pKWmEB","PstI.TP197055"," 2","72096988","","0.4013","C"
"4","Trait5","pKWmEB","PstI.TP39691"," 2","72097604","","0.1070","C"
"4","Trait5","pKWmEB","PstI.TP911720"," 2","72102883","","0.2546","A"
"4","Trait5","pKWmEB","PstI.TP911718"," 2","72102887","","0.2645","C"
"4","Trait5","pKWmEB","PstI.TP453807"," 2","72125384","","0.2754","A"
"4","Trait5","pKWmEB","NsiI.TP283312"," 2","72153084","","0.6846","G"
"4","Trait5","pKWmEB","NsiI.TP609127"," 2","72163462","","0.1383","A"
"4","Trait5","pKWmEB","PstI.TP1215202"," 2","72163551","","0.0659","A"
"4","Trait5","pKWmEB","NsiI.TP59922"," 2","72170229","","0.0565","C"
"4","Trait5","pKWmEB","PstI.TP736251"," 2","72190143","","0.0267","A"
"4","Trait5","pKWmEB","NsiI.TP408031"," 2","72193245","","0.1144","C"
"4","Trait5","pKWmEB","PstI.TP971693"," 2","72196985","","0.9936","C"
"4","Trait5","pKWmEB","PstI.TP940518"," 2","72206315","","1.0338","A"
"4","Trait5","pKWmEB","PstI.TP674170"," 2","72206365","","0.0604","C"
"4","Trait5","pKWmEB","PstI.TP190631"," 2","72207342","","0.2888","A"
"4","Trait5","pKWmEB","NsiI.TP427100"," 2","72211902","","0.1355","C"
"4","Trait5","pKWmEB","NsiI.TP530279"," 2","72212478","","0.4106","A"
"4","Trait5","pKWmEB","NsiI.TP611963"," 2","72221752","","0.2063","C"
"4","Trait5","pKWmEB","PstI.TP970991"," 2","72222252","","0.0918","A"
"4","Trait5","pKWmEB","PstI.TP674366"," 2","72225136","","0.7535","A"
"4","Trait5","pKWmEB","PstI.TP674364"," 2","72225142","","0.3986","C"
"4","Trait5","pKWmEB","NsiI.TP25009"," 2","72225661","","0.0217","C"
"4","Trait5","pKWmEB","NsiI.TP321743"," 2","72239402","","0.2094","G"
"4","Trait5","pKWmEB","NsiI.TP772242"," 2","72242394","","0.9327","A"
"4","Trait5","pKWmEB","NsiI.TP631439"," 2","72246697","","0.6215","C"
"4","Trait5","pKWmEB","PstI.TP523535"," 2","72259109","","0.0674","A"
"4","Trait5","pKWmEB","PstI.TP71294"," 2","72259211","","0.3037","A"
"4","Trait5","pKWmEB","PstI.TP1139713"," 2","72261109","","0.2580","C"
"4","Trait5","pKWmEB","PstI.TP50939"," 2","72265591","","0.0708","A"
"4","Trait5","pKWmEB","PstI.TP1071968"," 2","72265698","","0.0709","C"
"4","Trait5","pKWmEB","PstI.TP1071969"," 2","72265725","","0.0535","G"
"4","Trait5","pKWmEB","PstI.TP1197317"," 2","72276730","","1.3049","C"
"4","Trait5","pKWmEB","PstI.TP279484"," 2","72288823","","0.0715","C"
"4","Trait5","pKWmEB","PstI.TP944645"," 2","72305368","","0.4740","C"
"4","Trait5","pKWmEB","PstI.TP681637"," 2","72313757","","0.4350","C"
"4","Trait5","pKWmEB","PstI.TP671248"," 2","72313766","","0.6377","A"
"4","Trait5","pKWmEB","PstI.TP1000478"," 2","72314995","","2.4736","C"
"4","Trait5","pKWmEB","NsiI.TP57066"," 2","72316913","","0.1124","A"
"4","Trait5","pKWmEB","PstI.TP645063"," 2","72322091","","0.0968","A"
"4","Trait5","pKWmEB","PstI.TP1274263"," 2","72323176","","0.6627","A"
"4","Trait5","pKWmEB","PstI.TP908782"," 2","72357451","","0.1378","A"
"4","Trait5","pKWmEB","NsiI.TP818876"," 2","72357498","","0.4931","A"
"4","Trait5","pKWmEB","NsiI.TP265519"," 2","72361853","","0.1298","A"
"4","Trait5","pKWmEB","NsiI.TP444103"," 2","72395635","","0.8379","A"
"4","Trait5","pKWmEB","NsiI.TP601798"," 2","72417322","","0.2406","A"
"4","Trait5","pKWmEB","PstI.TP951622"," 2","72433507","","0.5013","A"
"4","Trait5","pKWmEB","PstI.TP729769"," 2","72439495","","0.6804","G"
"4","Trait5","pKWmEB","GFSSContig17006_576"," 2","72443507","","0.0760","T"
"4","Trait5","pKWmEB","PstI.TP778721"," 2","72456067","","0.4026","C"
"4","Trait5","pKWmEB","PstI.TP778717"," 2","72456107","","0.2349","A"
"4","Trait5","pKWmEB","NsiI.TP759619"," 2","72462554","","0.1388","A"
"4","Trait5","pKWmEB","PstI.TP1059278"," 2","72486659","","0.7408","A"
"4","Trait5","pKWmEB","NsiI.TP532390"," 2","72514246","","0.3852","C"
"4","Trait5","pKWmEB","NsiI.TP530876"," 2","72514281","","0.3817","C"
"4","Trait5","pKWmEB","PstI.TP383381"," 2","72517227","","0.3997","A"
"4","Trait5","pKWmEB","NsiI.TP523910"," 2","72531506","","0.4316","A"
"4","Trait5","pKWmEB","PstI.TP727010"," 2","72532686","","0.2335","C"
"4","Trait5","pKWmEB","PstI.TP727016"," 2","72532686","","0.4159","C"
"4","Trait5","pKWmEB","PstI.TP727107"," 2","72532686","","0.5534","C"
"4","Trait5","pKWmEB","PstI.TP727161"," 2","72532686","","0.0670","C"
"4","Trait5","pKWmEB","PstI.TP727001"," 2","72532688","","0.6101","C"
"4","Trait5","pKWmEB","PstI.TP727092"," 2","72532688","","0.4740","C"
"4","Trait5","pKWmEB","PstI.TP668465"," 2","72532742","","0.2862","A"
"4","Trait5","pKWmEB","NsiI.TP655201"," 2","72534022","","0.0602","C"
"4","Trait5","pKWmEB","NsiI.TP493169"," 2","72539660","","0.2738","A"
"4","Trait5","pKWmEB","PstI.TP1235971"," 2","72541421","","1.0652","C"
"4","Trait5","pKWmEB","NsiI.TP579877"," 2","72558498","","0.4326","A"
"4","Trait5","pKWmEB","PstI.TP52519"," 2","72565878","","0.8079","C"
"4","Trait5","pKWmEB","PstI.TP305982"," 2","72575359","","0.1927","C"
"4","Trait5","pKWmEB","PstI.TP478371"," 2","72594799","","0.1589","G"
"4","Trait5","pKWmEB","PstI.TP890801"," 2","72613106","","1.5711","A"
"4","Trait5","pKWmEB","NsiI.TP544028"," 2","72616788","","0.7192","C"
"4","Trait5","pKWmEB","PstI.TP28499"," 2","72618880","","0.0703","C"
"4","Trait5","pKWmEB","PstI.TP210905"," 2","72650615","","1.9279","C"
"4","Trait5","pKWmEB","PstI.TP432405"," 2","72662195","","0.2268","A"
"4","Trait5","pKWmEB","NsiI.TP717252"," 2","72662923","","1.2436","A"
"4","Trait5","pKWmEB","NsiI.TP620094"," 2","72685163","","0.0838","A"
"4","Trait5","pKWmEB","NsiI.TP773490"," 2","72685265","","0.8662","A"
"4","Trait5","pKWmEB","PstI.TP987734"," 2","72694881","","0.4391","G"
"4","Trait5","pKWmEB","PstI.TP208273"," 2","72705924","","0.4292","C"
"4","Trait5","pKWmEB","NsiI.TP6465"," 2","72708844","","0.2317","A"
"4","Trait5","pKWmEB","PstI.TP795095"," 2","72710649","","0.2482","A"
"4","Trait5","pKWmEB","NsiI.TP753660"," 2","72714981","","1.4505","C"
"4","Trait5","pKWmEB","PstI.TP1114754"," 2","72715985","","0.0058","C"
"4","Trait5","pKWmEB","NsiI.TP503982"," 2","72721437","","0.4108","A"
"4","Trait5","pKWmEB","NsiI.TP539242"," 2","72721874","","0.8318","G"
"4","Trait5","pKWmEB","NsiI.TP619492"," 2","72752987","","0.6351","A"
"4","Trait5","pKWmEB","NsiI.TP232331"," 2","72757508","","0.4660","C"
"4","Trait5","pKWmEB","PstI.TP1071759"," 2","72760203","","0.2855","C"
"4","Trait5","pKWmEB","PstI.TP450294"," 2","72761555","","0.1120","C"
"4","Trait5","pKWmEB","PstI.TP261926"," 2","72788934","","0.9282","A"
"4","Trait5","pKWmEB","PstI.TP105258"," 2","72804076","","0.5661","A"
"4","Trait5","pKWmEB","PstI.TP1012808"," 2","72820597","","0.0730","A"
"4","Trait5","pKWmEB","NsiI.TP563567"," 2","72884008","","0.3617","C"
"4","Trait5","pKWmEB","PstI.TP452201"," 2","72888145","","0.7565","A"
"4","Trait5","pKWmEB","NsiI.TP14271"," 2","72918724","","0.9124","A"
"4","Trait5","pKWmEB","PstI.TP875140"," 2","72930521","","1.6496","A"
"4","Trait5","pKWmEB","GFSSContig18404_380"," 2","72941797","","0.4803","T"
"4","Trait5","pKWmEB","NsiI.TP132109"," 2","72971977","","0.6011","C"
"4","Trait5","pKWmEB","PstI.TP1197267"," 2","72980167","","0.8340","A"
"4","Trait5","pKWmEB","NsiI.TP759568"," 2","72981996","","0.6262","C"
"4","Trait5","pKWmEB","PstI.TP239129"," 2","72983624","","0.3084","A"
"4","Trait5","pKWmEB","PstI.TP60395"," 2","73017155","","0.5931","C"
"4","Trait5","pKWmEB","PstI.TP845428"," 2","73021573","","0.8758","C"
"4","Trait5","pKWmEB","NsiI.TP835221"," 2","73022807","","0.1674","A"
"4","Trait5","pKWmEB","PstI.TP1096440"," 2","73055036","","0.0351","C"
"4","Trait5","pKWmEB","NsiI.TP223943"," 2","73061862","","0.2953","C"
"4","Trait5","pKWmEB","PstI.TP119425"," 2","73077344","","0.8698","C"
"4","Trait5","pKWmEB","NsiI.TP349839"," 2","73083143","","0.3984","C"
"4","Trait5","pKWmEB","PstI.TP503391"," 2","73095782","","0.2595","C"
"4","Trait5","pKWmEB","NsiI.TP307543"," 2","73096489","","0.3234","C"
"4","Trait5","pKWmEB","NsiI.TP506343"," 2","73096530","","0.2484","A"
"4","Trait5","pKWmEB","PstI.TP124082"," 2","73100016","","0.0373","G"
"4","Trait5","pKWmEB","PstI.TP944726"," 2","73103112","","0.1458","C"
"4","Trait5","pKWmEB","PstI.TP1108387"," 2","73105706","","0.4482","A"
"4","Trait5","pKWmEB","PstI.TP577025"," 2","73118159","","0.3425","A"
"4","Trait5","pKWmEB","PstI.TP65061"," 2","73159281","","0.7449","A"
"4","Trait5","pKWmEB","PstI.TP163618"," 2","73163982","","0.0750","G"
"4","Trait5","pKWmEB","NsiI.TP450783"," 2","73164177","","0.5537","A"
"4","Trait5","pKWmEB","PstI.TP360015"," 2","73181318","","0.2520","A"
"4","Trait5","pKWmEB","NsiI.TP832286"," 2","73185615","","0.0851","C"
"4","Trait5","pKWmEB","PstI.TP488926"," 2","73214655","","1.3014","G"
"4","Trait5","pKWmEB","NsiI.TP485031"," 2","73215522","","0.2537","A"
"4","Trait5","pKWmEB","PstI.TP1213861"," 2","73220469","","0.2764","A"
"4","Trait5","pKWmEB","NsiI.TP218162"," 2","73233162","","0.3388","C"
"4","Trait5","pKWmEB","PstI.TP798652"," 2","73255657","","1.4294","G"
"4","Trait5","pKWmEB","NsiI.TP449902"," 2","73259064","","0.0705","C"
"4","Trait5","pKWmEB","NsiI.TP128643"," 2","73262159","","0.5002","A"
"4","Trait5","pKWmEB","NsiI.TP217295"," 2","73278952","","0.8050","A"
"4","Trait5","pKWmEB","PstI.TP39230"," 2","73281829","","0.5446","A"
"4","Trait5","pKWmEB","NsiI.TP177467"," 2","73282771","","1.2457","A"
"4","Trait5","pKWmEB","PstI.TP405253"," 2","73300771","","0.3935","C"
"4","Trait5","pKWmEB","NsiI.TP235005"," 2","73301064","","0.5886","C"
"4","Trait5","pKWmEB","NsiI.TP381422"," 2","73301073","","0.3052","C"
"4","Trait5","pKWmEB","PstI.TP677208"," 2","73306633","","0.1424","C"
"4","Trait5","pKWmEB","NsiI.TP694621"," 2","73306694","","0.2155","C"
"4","Trait5","pKWmEB","PstI.TP1141184"," 2","73316224","","0.4931","C"
"4","Trait5","pKWmEB","PstI.TP63776"," 2","73323191","","0.7152","C"
"4","Trait5","pKWmEB","PstI.TP637692"," 2","73332665","","0.0417","C"
"4","Trait5","pKWmEB","PstI.TP920295"," 2","73373373","","0.1474","C"
"4","Trait5","pKWmEB","PstI.TP1215716"," 2","73397741","","0.1625","C"
"4","Trait5","pKWmEB","PstI.TP360667"," 2","73427599","","0.5593","A"
"4","Trait5","pKWmEB","PstI.TP574317"," 2","73427677","","0.0196","A"
"4","Trait5","pKWmEB","NsiI.TP404589"," 2","73446605","","0.7201","A"
"4","Trait5","pKWmEB","PstI.TP883444"," 2","73448450","","0.0562","A"
"4","Trait5","pKWmEB","NsiI.TP30367"," 2","73460629","","1.3954","C"
"4","Trait5","pKWmEB","PstI.TP834285"," 2","73460645","","1.8151","C"
"4","Trait5","pKWmEB","NsiI.TP130519"," 2","73476327","","0.5507","G"
"4","Trait5","pKWmEB","PstI.TP905685"," 2","73489863","","0.0894","A"
"4","Trait5","pKWmEB","PstI.TP910279"," 2","73490064","","0.0011","G"
"4","Trait5","pKWmEB","NsiI.TP300576"," 2","73492961","","0.4235","C"
"4","Trait5","pKWmEB","PstI.TP1066472"," 2","73495691","","0.2347","A"
"4","Trait5","pKWmEB","NsiI.TP820576"," 2","73503160","","0.9253","C"
"4","Trait5","pKWmEB","PstI.TP237905"," 2","73515537","","1.8238","G"
"4","Trait5","pKWmEB","NsiI.TP763815"," 2","73556862","","0.6814","C"
"4","Trait5","pKWmEB","PstI.TP1049477"," 2","73562509","","0.1436","A"
"4","Trait5","pKWmEB","PstI.TP689286"," 2","73563234","","0.2475","C"
"4","Trait5","pKWmEB","PstI.TP1232618"," 2","73564672","","0.1145","C"
"4","Trait5","pKWmEB","PstI.TP391442"," 2","73566067","","0.4936","C"
"4","Trait5","pKWmEB","PstI.TP387550"," 2","73605960","","0.0389","A"
"4","Trait5","pKWmEB","PstI.TP425439"," 2","73607787","","0.4553","A"
"4","Trait5","pKWmEB","NsiI.TP391289"," 2","73619415","","0.2511","C"
"4","Trait5","pKWmEB","PstI.TP218011"," 2","73633092","","0.6487","A"
"4","Trait5","pKWmEB","PstI.TP336193"," 2","73663045","","0.3557","C"
"4","Trait5","pKWmEB","NsiI.TP504479"," 2","73713191","","0.7098","A"
"4","Trait5","pKWmEB","NsiI.TP13267"," 2","73718309","","0.0139","A"
"4","Trait5","pKWmEB","PstI.TP770044"," 2","73737012","","1.3287","A"
"4","Trait5","pKWmEB","NsiI.TP655253"," 2","73773883","","0.4622","A"
"4","Trait5","pKWmEB","PstI.TP1009658"," 2","73789690","","1.4390","A"
"4","Trait5","pKWmEB","NsiI.TP394376"," 2","73795096","","0.2110","A"
"4","Trait5","pKWmEB","NsiI.TP318539"," 2","73815438","","0.4603","A"
"4","Trait5","pKWmEB","NsiI.TP450366"," 2","73815537","","0.3772","A"
"4","Trait5","pKWmEB","NsiI.TP622318"," 2","73833914","","0.3678","A"
"4","Trait5","pKWmEB","NsiI.TP355817"," 2","73882730","","1.3406","A"
"4","Trait5","pKWmEB","NsiI.TP434582"," 2","73887451","","0.0210","C"
"4","Trait5","pKWmEB","PstI.TP698939"," 2","73889603","","0.6709","A"
"4","Trait5","pKWmEB","PstI.TP828603"," 2","73889665","","0.5741","C"
"4","Trait5","pKWmEB","NsiI.TP267353"," 2","73896405","","0.4003","A"
"4","Trait5","pKWmEB","PstI.TP875591"," 2","73899609","","0.1017","A"
"4","Trait5","pKWmEB","PstI.TP621386"," 2","73900604","","0.7185","C"
"4","Trait5","pKWmEB","PstI.TP1231486"," 2","73904492","","0.0324","A"
"4","Trait5","pKWmEB","PstI.TP1194820"," 2","73905813","","0.4819","A"
"4","Trait5","pKWmEB","PstI.TP653588"," 2","73909840","","0.3848","A"
"4","Trait5","pKWmEB","PstI.TP437086"," 2","73910094","","2.3121","C"
"4","Trait5","pKWmEB","PstI.TP86096"," 2","73912891","","0.5822","A"
"4","Trait5","pKWmEB","PstI.TP673173"," 2","73925420","","0.1165","G"
"4","Trait5","pKWmEB","PstI.TP1124025"," 2","73928606","","0.2013","C"
"4","Trait5","pKWmEB","PstI.TP1171650"," 2","73930357","","0.2281","G"
"4","Trait5","pKWmEB","NsiI.TP241079"," 2","73951476","","0.1390","A"
"4","Trait5","pKWmEB","PstI.TP368759"," 2","73973899","","0.2183","A"
"4","Trait5","pKWmEB","PstI.TP299144"," 2","73974614","","1.2165","A"
"4","Trait5","pKWmEB","NsiI.TP777037"," 2","73985749","","0.5660","A"
"4","Trait5","pKWmEB","PstI.TP627658"," 2","73988488","","0.1378","C"
"4","Trait5","pKWmEB","NsiI.TP131202"," 2","73995438","","0.3415","C"
"4","Trait5","pKWmEB","PstI.TP1046882"," 2","74014248","","0.4564","A"
"4","Trait5","pKWmEB","NsiI.TP435423"," 2","74014463","","0.3993","A"
"4","Trait5","pKWmEB","PstI.TP832728"," 2","74016042","","0.5742","C"
"4","Trait5","pKWmEB","NsiI.TP794351"," 2","74027441","","0.3285","A"
"4","Trait5","pKWmEB","PstI.TP652075"," 2","74034354","","0.0474","C"
"4","Trait5","pKWmEB","NsiI.TP332537"," 2","74045155","","0.4662","A"
"4","Trait5","pKWmEB","PstI.TP426606"," 2","74067576","","0.1498","A"
"4","Trait5","pKWmEB","PstI.TP939943"," 2","74074703","","0.0883","C"
"4","Trait5","pKWmEB","PstI.TP366617"," 2","74102969","","0.1592","A"
"4","Trait5","pKWmEB","PstI.TP1018526"," 2","74108162","","0.5323","A"
"4","Trait5","pKWmEB","PstI.TP956112"," 2","74134866","","0.5186","A"
"4","Trait5","pKWmEB","PstI.TP1083210"," 2","74137420","","0.2223","A"
"4","Trait5","pKWmEB","GFSSContig3429_157"," 2","74145571","","1.1144","A"
"4","Trait5","pKWmEB","NsiI.TP632649"," 2","74155149","","1.0047","A"
"4","Trait5","pKWmEB","NsiI.TP511048"," 2","74157361","","0.7122","A"
"4","Trait5","pKWmEB","PstI.TP783653"," 2","74160306","","1.3904","A"
"4","Trait5","pKWmEB","PstI.TP1025461"," 2","74160371","","0.4819","A"
"4","Trait5","pKWmEB","PstI.TP667855"," 2","74180736","","0.2588","A"
"4","Trait5","pKWmEB","NsiI.TP485639"," 2","74181691","","0.1801","G"
"4","Trait5","pKWmEB","NsiI.TP44316"," 2","74181876","","0.6104","A"
"4","Trait5","pKWmEB","PstI.TP113808"," 2","74189742","","0.0790","G"
"4","Trait5","pKWmEB","PstI.TP1115678"," 2","74207862","","0.1252","G"
"4","Trait5","pKWmEB","PstI.TP229546"," 2","74208278","","0.4800","A"
"4","Trait5","pKWmEB","PstI.TP98285"," 2","74208363","","0.0760","C"
"4","Trait5","pKWmEB","PstI.TP597315"," 2","74225334","","0.3671","C"
"4","Trait5","pKWmEB","PstI.TP470724"," 2","74233578","","0.3673","A"
"4","Trait5","pKWmEB","NsiI.TP333723"," 2","74239929","","0.7798","C"
"4","Trait5","pKWmEB","NsiI.TP436561"," 2","74244361","","0.1241","G"
"4","Trait5","pKWmEB","NsiI.TP188428"," 2","74244645","","0.1001","G"
"4","Trait5","pKWmEB","PstI.TP690716"," 2","74246727","","0.2320","C"
"4","Trait5","pKWmEB","NsiI.TP355804"," 2","74246894","","0.0287","A"
"4","Trait5","pKWmEB","PstI.TP318623"," 2","74247436","","0.8930","C"
"4","Trait5","pKWmEB","NsiI.TP730806"," 2","74269636","","1.0631","A"
"4","Trait5","pKWmEB","PstI.TP1139105"," 2","74276092","","0.2081","C"
"4","Trait5","pKWmEB","PstI.TP541575"," 2","74276308","","0.5636","C"
"4","Trait5","pKWmEB","PstI.TP253012"," 2","74284979","","0.7864","C"
"4","Trait5","pKWmEB","PstI.TP1201483"," 2","74285052","","0.0659","C"
"4","Trait5","pKWmEB","NsiI.TP757015"," 2","74305571","","3.0163","A"
"4","Trait5","pKWmEB","NsiI.TP98486"," 2","74337544","","1.0849","A"
"4","Trait5","pKWmEB","PstI.TP628733"," 2","74339825","","0.3959","A"
"4","Trait5","pKWmEB","NsiI.TP240682"," 2","74341499","","0.0389","C"
"4","Trait5","pKWmEB","PstI.TP963472"," 2","74365535","","0.9691","A"
"4","Trait5","pKWmEB","PstI.TP131041"," 2","74365562","","0.6211","C"
"4","Trait5","pKWmEB","PstI.TP994553"," 2","74405508","","1.4883","C"
"4","Trait5","pKWmEB","NsiI.TP667943"," 2","74406586","","0.6997","C"
"4","Trait5","pKWmEB","NsiI.TP421092"," 2","74418745","","0.2486","A"
"4","Trait5","pKWmEB","PstI.TP481651"," 2","74433538","","0.1703","A"
"4","Trait5","pKWmEB","NsiI.TP630500"," 2","74435495","","0.3550","C"
"4","Trait5","pKWmEB","NsiI.TP7588"," 2","74438360","","0.6299","A"
"4","Trait5","pKWmEB","NsiI.TP665402"," 2","74460311","","0.0451","A"
"4","Trait5","pKWmEB","PstI.TP16800"," 2","74460397","","0.1265","A"
"4","Trait5","pKWmEB","NsiI.TP106851"," 2","74463789","","0.5298","C"
"4","Trait5","pKWmEB","NsiI.TP759023"," 2","74474776","","0.3146","A"
"4","Trait5","pKWmEB","PstI.TP749093"," 2","74477521","","0.1095","A"
"4","Trait5","pKWmEB","NsiI.TP50958"," 2","74502622","","1.1471","C"
"4","Trait5","pKWmEB","PstI.TP147859"," 2","74518389","","1.1896","C"
"4","Trait5","pKWmEB","NsiI.TP139942"," 2","74519273","","0.3139","G"
"4","Trait5","pKWmEB","PstI.TP1225669"," 2","74521583","","0.7886","C"
"4","Trait5","pKWmEB","PstI.TP1179090"," 2","74526134","","0.3315","C"
"4","Trait5","pKWmEB","NsiI.TP514967"," 2","74529451","","0.8441","C"
"4","Trait5","pKWmEB","PstI.TP899848"," 2","74532319","","0.1796","G"
"4","Trait5","pKWmEB","PstI.TP305275"," 2","74544938","","2.2309","C"
"4","Trait5","pKWmEB","PstI.TP972757"," 2","74544996","","0.7928","C"
"4","Trait5","pKWmEB","PstI.TP750088"," 2","74551816","","2.1864","C"
"4","Trait5","pKWmEB","PstI.TP617580"," 2","74592975","","0.9146","C"
"4","Trait5","pKWmEB","PstI.TP263268"," 2","74593677","","1.3638","C"
"4","Trait5","pKWmEB","PstI.TP5429"," 2","74605041","","1.0828","G"
"4","Trait5","pKWmEB","NsiI.TP747508"," 2","74610627","","0.0604","A"
"4","Trait5","pKWmEB","NsiI.TP635643"," 2","74627072","","0.2606","C"
"4","Trait5","pKWmEB","NsiI.TP41841"," 2","74627859","","1.7881","A"
"4","Trait5","pKWmEB","PstI.TP476220"," 2","74636899","","1.3997","C"
"4","Trait5","pKWmEB","GFSSContig12299_294"," 2","74657970","","0.5860","C"
"4","Trait5","pKWmEB","NsiI.TP374646"," 2","74682302","","0.5386","C"
"4","Trait5","pKWmEB","PstI.TP863693"," 2","74699135","","0.0212","A"
"4","Trait5","pKWmEB","NsiI.TP136162"," 2","74701703","","0.4280","C"
"4","Trait5","pKWmEB","PstI.TP843926"," 2","74702611","","0.6406","A"
"4","Trait5","pKWmEB","NsiI.TP335419"," 2","74707808","","0.0787","C"
"4","Trait5","pKWmEB","PstI.TP13629"," 2","74748191","","1.3888","A"
"4","Trait5","pKWmEB","NsiI.TP699560"," 2","74758879","","0.1550","A"
"4","Trait5","pKWmEB","NsiI.TP748304"," 2","74773992","","0.0945","C"
"4","Trait5","pKWmEB","PstI.TP783172"," 2","74775056","","0.2111","A"
"4","Trait5","pKWmEB","PstI.TP264141"," 2","74829513","","0.2916","A"
"4","Trait5","pKWmEB","NsiI.TP43669"," 2","74830506","","0.2663","G"
"4","Trait5","pKWmEB","PstI.TP51995"," 2","74836619","","0.0423","A"
"4","Trait5","pKWmEB","GFSSContig2383_483"," 2","74841918","","1.3459","A"
"4","Trait5","pKWmEB","PstI.TP160077"," 2","74853246","","0.7374","A"
"4","Trait5","pKWmEB","PstI.TP103361"," 2","74859736","","1.2039","A"
"4","Trait5","pKWmEB","NsiI.TP430233"," 2","74867064","","0.4081","C"
"4","Trait5","pKWmEB","NsiI.TP533181"," 2","74867953","","0.2649","G"
"4","Trait5","pKWmEB","PstI.TP803610"," 2","74889401","","0.0106","C"
"4","Trait5","pKWmEB","NsiI.TP133835"," 2","74932493","","0.6583","A"
"4","Trait5","pKWmEB","NsiI.TP241120"," 2","74944352","","0.3729","C"
"4","Trait5","pKWmEB","NsiI.TP126113"," 2","74966338","","0.3809","C"
"4","Trait5","pKWmEB","PstI.TP1101453"," 2","74966614","","1.9950","C"
"4","Trait5","pKWmEB","PstI.TP1162079"," 2","74969881","","0.1808","C"
"4","Trait5","pKWmEB","PstI.TP418762"," 2","74972183","","0.0742","C"
"4","Trait5","pKWmEB","PstI.TP836656"," 2","74973104","","0.7419","A"
"4","Trait5","pKWmEB","PstI.TP836370"," 2","74973263","","0.6210","A"
"4","Trait5","pKWmEB","PstI.TP40154"," 2","74988847","","0.2135","C"
"4","Trait5","pKWmEB","NsiI.TP167396"," 2","75013814","","1.7813","A"
"4","Trait5","pKWmEB","NsiI.TP716920"," 2","75017730","","0.1256","A"
"4","Trait5","pKWmEB","PstI.TP732685"," 2","75019634","","0.0017","A"
"4","Trait5","pKWmEB","PstI.TP217373"," 2","75022093","","0.5022","C"
"4","Trait5","pKWmEB","PstI.TP215841"," 2","75022138","","0.6980","A"
"4","Trait5","pKWmEB","NsiI.TP424626"," 2","75047684","","0.0432","A"
"4","Trait5","pKWmEB","NsiI.TP429862"," 2","75047703","","0.1252","C"
"4","Trait5","pKWmEB","NsiI.TP198676"," 2","75069959","","0.1695","G"
"4","Trait5","pKWmEB","PstI.TP766006"," 2","75070517","","0.6196","C"
"4","Trait5","pKWmEB","NsiI.TP490519"," 2","75142389","","0.1032","A"
"4","Trait5","pKWmEB","NsiI.TP482616"," 2","75179365","","0.4360","C"
"4","Trait5","pKWmEB","NsiI.TP502025"," 2","75191746","","1.1116","A"
"4","Trait5","pKWmEB","NsiI.TP458534"," 2","75191846","","0.0490","A"
"4","Trait5","pKWmEB","NsiI.TP532921"," 2","75209767","","1.0760","A"
"4","Trait5","pKWmEB","NsiI.TP703439"," 2","75214252","","0.6566","C"
"4","Trait5","pKWmEB","NsiI.TP686399"," 2","75214286","","0.2184","A"
"4","Trait5","pKWmEB","PstI.TP936172"," 2","75217141","","0.8805","A"
"4","Trait5","pKWmEB","NsiI.TP286304"," 2","75224496","","0.2071","C"
"4","Trait5","pKWmEB","PstI.TP426528"," 2","75226780","","0.7520","A"
"4","Trait5","pKWmEB","NsiI.TP396238"," 2","75242223","","0.1993","C"
"4","Trait5","pKWmEB","NsiI.TP399251"," 2","75242266","","0.1946","C"
"4","Trait5","pKWmEB","PstI.TP46038"," 2","75257343","","0.0622","A"
"4","Trait5","pKWmEB","PstI.TP414297"," 2","75262594","","0.0905","A"
"4","Trait5","pKWmEB","GFSSContig17883_3292"," 2","75293222","","0.2052","T"
"4","Trait5","pKWmEB","PstI.TP91738"," 2","75325372","","0.1118","C"
"4","Trait5","pKWmEB","PstI.TP698852"," 2","75333362","","0.2919","C"
"4","Trait5","pKWmEB","PstI.TP433676"," 2","75336590","","0.1211","A"
"4","Trait5","pKWmEB","PstI.TP484959"," 2","75347407","","0.0521","C"
"4","Trait5","pKWmEB","PstI.TP1201365"," 2","75348824","","0.0709","C"
"4","Trait5","pKWmEB","NsiI.TP530485"," 2","75356155","","0.0159","A"
"4","Trait5","pKWmEB","PstI.TP1014870"," 2","75357159","","0.2105","A"
"4","Trait5","pKWmEB","PstI.TP1270963"," 2","75367949","","0.8012","A"
"4","Trait5","pKWmEB","NsiI.TP464213"," 2","75413419","","0.7017","A"
"4","Trait5","pKWmEB","NsiI.TP148238"," 2","75418608","","0.3102","A"
"4","Trait5","pKWmEB","PstI.TP177130"," 2","75420404","","0.9095","C"
"4","Trait5","pKWmEB","NsiI.TP261212"," 2","75427990","","0.3983","C"
"4","Trait5","pKWmEB","PstI.TP668000"," 2","75429637","","1.0810","C"
"4","Trait5","pKWmEB","GFSSContig14716_1047"," 2","75444144","","0.1463","A"
"4","Trait5","pKWmEB","PstI.TP1244481"," 2","75457518","","0.4506","A"
"4","Trait5","pKWmEB","NsiI.TP557805"," 2","75471445","","0.4320","A"
"4","Trait5","pKWmEB","NsiI.TP77639"," 2","75493158","","0.3384","C"
"4","Trait5","pKWmEB","NsiI.TP89226"," 2","75495877","","0.2746","A"
"4","Trait5","pKWmEB","PstI.TP523465"," 2","75496167","","0.7778","A"
"4","Trait5","pKWmEB","PstI.TP1272477"," 2","75556663","","0.2424","A"
"4","Trait5","pKWmEB","PstI.TP589928"," 2","75564388","","0.2944","G"
"4","Trait5","pKWmEB","PstI.TP547023"," 2","75564773","","1.3812","C"
"4","Trait5","pKWmEB","PstI.TP1084041"," 2","75593890","","0.9532","A"
"4","Trait5","pKWmEB","NsiI.TP197655"," 2","75607433","","1.1604","C"
"4","Trait5","pKWmEB","NsiI.TP421795"," 2","75631318","","0.4159","A"
"4","Trait5","pKWmEB","NsiI.TP421794"," 2","75631332","","1.0257","A"
"4","Trait5","pKWmEB","PstI.TP877840"," 2","75679813","","0.0253","C"
"4","Trait5","pKWmEB","NsiI.TP592344"," 2","75689234","","0.4481","G"
"4","Trait5","pKWmEB","PstI.TP124624"," 2","75731187","","0.6003","A"
"4","Trait5","pKWmEB","NsiI.TP144719"," 2","75734550","","0.1687","C"
"4","Trait5","pKWmEB","NsiI.TP144720"," 2","75734552","","1.1586","C"
"4","Trait5","pKWmEB","PstI.TP789962"," 2","75761816","","0.1910","A"
"4","Trait5","pKWmEB","PstI.TP684616"," 2","75766042","","1.5934","A"
"4","Trait5","pKWmEB","NsiI.TP164112"," 2","75774037","","0.0086","A"
"4","Trait5","pKWmEB","NsiI.TP621291"," 2","75792936","","0.0998","A"
"4","Trait5","pKWmEB","PstI.TP1196760"," 2","75793874","","0.0858","G"
"4","Trait5","pKWmEB","NsiI.TP345522"," 2","75795014","","1.1404","G"
"4","Trait5","pKWmEB","NsiI.TP601663"," 2","75796926","","0.0772","A"
"4","Trait5","pKWmEB","NsiI.TP737776"," 2","75806835","","0.0442","A"
"4","Trait5","pKWmEB","NsiI.TP557583"," 2","75812920","","1.9867","C"
"4","Trait5","pKWmEB","PstI.TP971823"," 2","75829543","","0.1096","C"
"4","Trait5","pKWmEB","PstI.TP265153"," 2","75829578","","0.0948","A"
"4","Trait5","pKWmEB","GFSSContig9424_249"," 2","75838782","","0.1721","T"
"4","Trait5","pKWmEB","PstI.TP136412"," 2","75942141","","0.5095","C"
"4","Trait5","pKWmEB","NsiI.TP643544"," 2","75946500","","0.3731","G"
"4","Trait5","pKWmEB","PstI.TP852382"," 2","75954470","","0.4941","A"
"4","Trait5","pKWmEB","PstI.TP1256498"," 2","75977176","","0.2017","A"
"4","Trait5","pKWmEB","NsiI.TP430472"," 2","76015342","","1.3877","C"
"4","Trait5","pKWmEB","PstI.TP1049469"," 2","76019458","","0.4067","A"
"4","Trait5","pKWmEB","NsiI.TP568758"," 2","76025770","","0.2747","G"
"4","Trait5","pKWmEB","PstI.TP377913"," 2","76045388","","0.0053","C"
"4","Trait5","pKWmEB","NsiI.TP367714"," 2","76046856","","0.3635","A"
"4","Trait5","pKWmEB","PstI.TP240569"," 2","76098555","","0.0365","A"
"4","Trait5","pKWmEB","PstI.TP884600"," 2","76099857","","0.1032","A"
"4","Trait5","pKWmEB","PstI.TP879073"," 2","76104995","","0.1493","C"
"4","Trait5","pKWmEB","NsiI.TP486731"," 2","76163097","","0.3609","C"
"4","Trait5","pKWmEB","PstI.TP542274"," 2","76164023","","0.5176","A"
"4","Trait5","pKWmEB","PstI.TP888980"," 2","76169411","","0.2461","C"
"4","Trait5","pKWmEB","NsiI.TP754476"," 2","76199690","","0.1617","A"
"4","Trait5","pKWmEB","NsiI.TP504232"," 2","76200275","","0.2210","C"
"4","Trait5","pKWmEB","NsiI.TP500086"," 2","76200338","","0.0382","A"
"4","Trait5","pKWmEB","NsiI.TP538641"," 2","76208251","","0.0855","A"
"4","Trait5","pKWmEB","NsiI.TP729346"," 2","76241885","","0.1507","C"
"4","Trait5","pKWmEB","PstI.TP988947"," 2","76243149","","1.8898","C"
"4","Trait5","pKWmEB","PstI.TP189657"," 2","76275837","","1.4454","A"
"4","Trait5","pKWmEB","PstI.TP153500"," 2","76322220","","0.4720","A"
"4","Trait5","pKWmEB","PstI.TP704538"," 2","76324550","","0.5160","C"
"4","Trait5","pKWmEB","PstI.TP1027981"," 2","76324874","","0.0891","C"
"4","Trait5","pKWmEB","NsiI.TP357145"," 2","76370252","","0.2614","C"
"4","Trait5","pKWmEB","NsiI.TP437870"," 2","76401588","","1.1534","A"
"4","Trait5","pKWmEB","NsiI.TP39913"," 2","76409395","","0.0630","C"
"4","Trait5","pKWmEB","NsiI.TP27442"," 2","76412261","","1.1768","A"
"4","Trait5","pKWmEB","NsiI.TP631573"," 2","76412324","","0.2526","G"
"4","Trait5","pKWmEB","NsiI.TP698937"," 2","76417589","","1.1052","A"
"4","Trait5","pKWmEB","PstI.TP173053"," 2","76417730","","1.1379","C"
"4","Trait5","pKWmEB","PstI.TP51270"," 2","76427354","","0.3971","A"
"4","Trait5","pKWmEB","PstI.TP702471"," 2","76427378","","0.1975","A"
"4","Trait5","pKWmEB","PstI.TP827535"," 2","76431310","","0.1794","C"
"4","Trait5","pKWmEB","NsiI.TP229104"," 2","76432095","","0.0026","A"
"4","Trait5","pKWmEB","PstI.TP211541"," 2","76435795","","0.0219","C"
"4","Trait5","pKWmEB","NsiI.TP84709"," 2","76450766","","0.4833","A"
"4","Trait5","pKWmEB","NsiI.TP505147"," 2","76494500","","0.0133","C"
"4","Trait5","pKWmEB","NsiI.TP194036"," 2","76497332","","0.3142","C"
"4","Trait5","pKWmEB","PstI.TP163131"," 2","76497375","","0.4050","A"
"4","Trait5","pKWmEB","PstI.TP1191737"," 2","76509702","","0.1359","C"
"4","Trait5","pKWmEB","PstI.TP1152304"," 2","76517421","","0.8427","A"
"4","Trait5","pKWmEB","PstI.TP614480"," 2","76558600","","0.1002","G"
"4","Trait5","pKWmEB","NsiI.TP777122"," 2","76600394","","0.4041","A"
"4","Trait5","pKWmEB","NsiI.TP188998"," 2","76600741","","0.4002","A"
"4","Trait5","pKWmEB","PstI.TP881184"," 2","76620224","","0.2713","A"
"4","Trait5","pKWmEB","PstI.TP1171163"," 2","76656926","","0.0076","C"
"4","Trait5","pKWmEB","PstI.TP1226627"," 2","76679009","","0.5933","A"
"4","Trait5","pKWmEB","NsiI.TP521144"," 2","76682950","","0.5293","C"
"4","Trait5","pKWmEB","NsiI.TP413289"," 2","76684626","","0.4795","A"
"4","Trait5","pKWmEB","PstI.TP133896"," 2","76688457","","0.4258","A"
"4","Trait5","pKWmEB","NsiI.TP439822"," 2","76701841","","0.3085","C"
"4","Trait5","pKWmEB","NsiI.TP15808"," 2","76703925","","0.1167","A"
"4","Trait5","pKWmEB","PstI.TP669832"," 2","76707459","","0.0726","C"
"4","Trait5","pKWmEB","PstI.TP219830"," 2","76708479","","1.6514","A"
"4","Trait5","pKWmEB","PstI.TP255193"," 2","76708604","","0.6555","A"
"4","Trait5","pKWmEB","PstI.TP822549"," 2","76711758","","0.0124","C"
"4","Trait5","pKWmEB","PstI.TP40831"," 2","76737443","","0.1649","A"
"4","Trait5","pKWmEB","PstI.TP360583"," 2","76751283","","0.1017","A"
"4","Trait5","pKWmEB","PstI.TP932728"," 2","76753489","","0.0861","C"
"4","Trait5","pKWmEB","PstI.TP158137"," 2","76754889","","0.2008","A"
"4","Trait5","pKWmEB","PstI.TP159254"," 2","76754930","","0.0521","A"
"4","Trait5","pKWmEB","NsiI.TP328196"," 2","76790121","","0.4807","A"
"4","Trait5","pKWmEB","NsiI.TP513342"," 2","76805949","","1.0098","C"
"4","Trait5","pKWmEB","NsiI.TP662446"," 2","76810101","","0.3992","C"
"4","Trait5","pKWmEB","NsiI.TP431512"," 2","76812635","","0.9801","A"
"4","Trait5","pKWmEB","PstI.TP378617"," 2","76813654","","0.7445","A"
"4","Trait5","pKWmEB","NsiI.TP731576"," 2","76814620","","0.4187","C"
"4","Trait5","pKWmEB","NsiI.TP523428"," 2","76817812","","0.2759","C"
"4","Trait5","pKWmEB","NsiI.TP507453"," 2","76834675","","0.3502","G"
"4","Trait5","pKWmEB","NsiI.TP111505"," 2","76892193","","0.3081","A"
"4","Trait5","pKWmEB","PstI.TP212651"," 2","76927155","","0.6851","A"
"4","Trait5","pKWmEB","NsiI.TP734809"," 2","76947994","","0.3093","C"
"4","Trait5","pKWmEB","PstI.TP606677"," 2","76974488","","0.5909","A"
"4","Trait5","pKWmEB","PstI.TP684435"," 2","76993257","","0.0576","A"
"4","Trait5","pKWmEB","PstI.TP684437"," 2","76993284","","0.0631","A"
"4","Trait5","pKWmEB","PstI.TP19604"," 2","77024130","","1.1072","G"
"4","Trait5","pKWmEB","PstI.TP489365"," 2","77061474","","0.4071","A"
"4","Trait5","pKWmEB","PstI.TP759089"," 2","77092893","","0.1103","G"
"4","Trait5","pKWmEB","NsiI.TP773047"," 2","77106799","","0.0415","A"
"4","Trait5","pKWmEB","NsiI.TP247457"," 2","77110708","","0.9176","G"
"4","Trait5","pKWmEB","NsiI.TP642629"," 2","77178723","","0.5771","C"
"4","Trait5","pKWmEB","PstI.TP309715"," 2","77178741","","1.7686","C"
"4","Trait5","pKWmEB","PstI.TP247420"," 2","77186968","","0.2584","C"
"4","Trait5","pKWmEB","PstI.TP1102650"," 2","77204402","","0.8355","C"
"4","Trait5","pKWmEB","NsiI.TP67391"," 2","77227185","","0.2378","A"
"4","Trait5","pKWmEB","NsiI.TP267068"," 2","77239716","","0.7723","G"
"4","Trait5","pKWmEB","PstI.TP337812"," 2","77243776","","0.0440","A"
"4","Trait5","pKWmEB","NsiI.TP71273"," 2","77254780","","0.5293","A"
"4","Trait5","pKWmEB","PstI.TP682522"," 2","77263024","","0.3215","C"
"4","Trait5","pKWmEB","PstI.TP8259"," 2","77302082","","0.6482","C"
"4","Trait5","pKWmEB","PstI.TP270928"," 2","77316339","","0.2328","A"
"4","Trait5","pKWmEB","NsiI.TP776707"," 2","77323616","","0.2003","A"
"4","Trait5","pKWmEB","PstI.TP975510"," 2","77328545","","0.8842","A"
"4","Trait5","pKWmEB","NsiI.TP415698"," 2","77335059","","0.0545","C"
"4","Trait5","pKWmEB","PstI.TP1127936"," 2","77356479","","0.0687","C"
"4","Trait5","pKWmEB","PstI.TP187879"," 2","77384233","","2.0416","C"
"4","Trait5","pKWmEB","NsiI.TP354396"," 2","77409816","","0.2267","C"
"4","Trait5","pKWmEB","NsiI.TP556241"," 2","77429950","","1.0473","C"
"4","Trait5","pKWmEB","NsiI.TP254218"," 2","77444700","","0.1474","A"
"4","Trait5","pKWmEB","PstI.TP1074694"," 2","77446111","","0.0070","A"
"4","Trait5","pKWmEB","NsiI.TP596373"," 2","77455296","","0.6112","A"
"4","Trait5","pKWmEB","PstI.TP915000"," 2","77458262","","0.2535","A"
"4","Trait5","pKWmEB","NsiI.TP167690"," 2","77466163","","0.6305","C"
"4","Trait5","pKWmEB","PstI.TP1249485"," 2","77478436","","0.8262","C"
"4","Trait5","pKWmEB","NsiI.TP583078"," 2","77479141","","0.0279","A"
"4","Trait5","pKWmEB","PstI.TP51382"," 2","77487440","","0.1536","A"
"4","Trait5","pKWmEB","PstI.TP992580"," 2","77487725","","0.0738","G"
"4","Trait5","pKWmEB","NsiI.TP29793"," 2","77504514","","0.0131","C"
"4","Trait5","pKWmEB","PstI.TP1236628"," 2","77517498","","0.5891","A"
"4","Trait5","pKWmEB","PstI.TP40160"," 2","77518912","","0.5241","G"
"4","Trait5","pKWmEB","PstI.TP338015"," 2","77540960","","0.0231","G"
"4","Trait5","pKWmEB","PstI.TP819762"," 2","77563231","","0.6830","A"
"4","Trait5","pKWmEB","PstI.TP208875"," 2","77571497","","0.3986","C"
"4","Trait5","pKWmEB","PstI.TP839994"," 2","77582128","","0.2101","A"
"4","Trait5","pKWmEB","PstI.TP1014630"," 2","77584126","","0.2699","C"
"4","Trait5","pKWmEB","NsiI.TP354177"," 2","77587295","","0.3728","A"
"4","Trait5","pKWmEB","NsiI.TP363864"," 2","77610535","","0.1776","C"
"4","Trait5","pKWmEB","PstI.TP310027"," 2","77613740","","0.0069","G"
"4","Trait5","pKWmEB","PstI.TP359102"," 2","77614014","","1.9820","C"
"4","Trait5","pKWmEB","NsiI.TP430643"," 2","77650726","","0.1633","A"
"4","Trait5","pKWmEB","PstI.TP1184179"," 3","   25531","","0.1050","A"
"4","Trait5","pKWmEB","PstI.TP1264040"," 3","   25831","","0.0968","C"
"4","Trait5","pKWmEB","NsiI.TP340238"," 3","   67622","","0.5897","A"
"4","Trait5","pKWmEB","PstI.TP238098"," 3","  116442","","0.2210","C"
"4","Trait5","pKWmEB","NsiI.TP827492"," 3","  136669","","0.5886","G"
"4","Trait5","pKWmEB","NsiI.TP421889"," 3","  138526","","0.6088","A"
"4","Trait5","pKWmEB","NsiI.TP578589"," 3","  199949","","0.0298","A"
"4","Trait5","pKWmEB","NsiI.TP436966"," 3","  208286","","0.0348","A"
"4","Trait5","pKWmEB","NsiI.TP37195"," 3","  231287","","0.3841","C"
"4","Trait5","pKWmEB","GFSSContig12124_870"," 3","  231933","","0.4350","T"
"4","Trait5","pKWmEB","PstI.TP813572"," 3","  233118","","0.7094","C"
"4","Trait5","pKWmEB","PstI.TP945778"," 3","  233704","","0.0915","G"
"4","Trait5","pKWmEB","PstI.TP1267260"," 3","  273484","","0.1637","A"
"4","Trait5","pKWmEB","PstI.TP927956"," 3","  304752","","0.7107","G"
"4","Trait5","pKWmEB","NsiI.TP467042"," 3","  307026","","0.1748","C"
"4","Trait5","pKWmEB","NsiI.TP388426"," 3","  311330","","0.5997","A"
"4","Trait5","pKWmEB","PstI.TP1107212"," 3","  326411","","0.0115","G"
"4","Trait5","pKWmEB","PstI.TP1273310"," 3","  337611","","0.5768","A"
"4","Trait5","pKWmEB","PstI.TP899766"," 3","  375733","","0.5273","A"
"4","Trait5","pKWmEB","NsiI.TP307245"," 3","  375733","","0.0362","C"
"4","Trait5","pKWmEB","NsiI.TP808690"," 3","  387577","","0.4232","A"
"4","Trait5","pKWmEB","NsiI.TP45036"," 3","  389776","","0.1579","A"
"4","Trait5","pKWmEB","PstI.TP436194"," 3","  390179","","0.5860","A"
"4","Trait5","pKWmEB","PstI.TP269152"," 3","  390266","","0.5550","A"
"4","Trait5","pKWmEB","PstI.TP889699"," 3","  395043","","0.2322","C"
"4","Trait5","pKWmEB","NsiI.TP716235"," 3","  401571","","1.1315","A"
"4","Trait5","pKWmEB","GFSSContig4415_344"," 3","  418331","","0.4899","A"
"4","Trait5","pKWmEB","PstI.TP1283869"," 3","  431620","","0.5115","C"
"4","Trait5","pKWmEB","GFSSContig11879_277"," 3","  432163","","0.1579","A"
"4","Trait5","pKWmEB","NsiI.TP378526"," 3","  465733","","0.1158","A"
"4","Trait5","pKWmEB","NsiI.TP533643"," 3","  471619","","0.1579","A"
"4","Trait5","pKWmEB","PstI.TP624906"," 3","  472608","","1.1408","A"
"4","Trait5","pKWmEB","NsiI.TP690773"," 3","  474392","","0.0010","A"
"4","Trait5","pKWmEB","NsiI.TP39838"," 3","  515389","","0.0903","A"
"4","Trait5","pKWmEB","PstI.TP817093"," 3","  515909","","0.4316","A"
"4","Trait5","pKWmEB","NsiI.TP107039"," 3","  530352","","0.5221","G"
"4","Trait5","pKWmEB","PstI.TP1102391"," 3","  553598","","0.3673","C"
"4","Trait5","pKWmEB","PstI.TP992560"," 3","  554935","","0.6132","C"
"4","Trait5","pKWmEB","NsiI.TP743447"," 3","  562900","","0.4572","A"
"4","Trait5","pKWmEB","NsiI.TP39892"," 3","  574631","","0.6776","C"
"4","Trait5","pKWmEB","NsiI.TP152677"," 3","  602439","","0.2694","A"
"4","Trait5","pKWmEB","NsiI.TP735814"," 3","  634224","","0.9042","C"
"4","Trait5","pKWmEB","GFSSContig1614_738"," 3","  645241","","1.3667","T"
"4","Trait5","pKWmEB","PstI.TP235775"," 3","  671330","","0.3148","C"
"4","Trait5","pKWmEB","PstI.TP869606"," 3","  671922","","0.0960","C"
"4","Trait5","pKWmEB","PstI.TP858135"," 3","  671946","","1.0623","C"
"4","Trait5","pKWmEB","PstI.TP987920"," 3","  679807","","0.8594","C"
"4","Trait5","pKWmEB","PstI.TP693626"," 3","  692292","","0.4891","A"
"4","Trait5","pKWmEB","PstI.TP1049281"," 3","  705558","","0.0534","A"
"4","Trait5","pKWmEB","PstI.TP620526"," 3","  716710","","0.0187","C"
"4","Trait5","pKWmEB","PstI.TP244561"," 3","  727644","","1.4187","A"
"4","Trait5","pKWmEB","PstI.TP910515"," 3","  799187","","0.1081","A"
"4","Trait5","pKWmEB","NsiI.TP326716"," 3","  808949","","0.3317","A"
"4","Trait5","pKWmEB","PstI.TP664741"," 3","  811979","","0.0299","A"
"4","Trait5","pKWmEB","NsiI.TP819455"," 3","  863872","","0.0734","C"
"4","Trait5","pKWmEB","NsiI.TP622394"," 3","  880552","","0.2609","A"
"4","Trait5","pKWmEB","PstI.TP15204"," 3","  912527","","0.1350","C"
"4","Trait5","pKWmEB","PstI.TP922943"," 3","  924284","","0.9882","A"
"4","Trait5","pKWmEB","NsiI.TP565172"," 3","  944664","","1.0500","A"
"4","Trait5","pKWmEB","NsiI.TP65419"," 3","  945902","","0.7171","C"
"4","Trait5","pKWmEB","PstI.TP424908"," 3","  951072","","0.1068","C"
"4","Trait5","pKWmEB","NsiI.TP715791"," 3","  960930","","0.1962","A"
"4","Trait5","pKWmEB","NsiI.TP409408"," 3","  987525","","0.3121","C"
"4","Trait5","pKWmEB","PstI.TP109994"," 3","  998411","","0.2768","C"
"4","Trait5","pKWmEB","PstI.TP1271315"," 3"," 1000218","","0.2077","A"
"4","Trait5","pKWmEB","PstI.TP1170092"," 3"," 1000269","","0.1474","C"
"4","Trait5","pKWmEB","PstI.TP12165"," 3"," 1009062","","0.1112","C"
"4","Trait5","pKWmEB","PstI.TP1242958"," 3"," 1063940","","0.9063","A"
"4","Trait5","pKWmEB","PstI.TP506855"," 3"," 1076083","","0.0337","A"
"4","Trait5","pKWmEB","NsiI.TP202398"," 3"," 1077848","","0.3660","A"
"4","Trait5","pKWmEB","NsiI.TP608366"," 3"," 1136404","","0.0659","C"
"4","Trait5","pKWmEB","PstI.TP1203665"," 3"," 1140451","","0.3187","G"
"4","Trait5","pKWmEB","PstI.TP1030217"," 3"," 1141809","","1.0098","G"
"4","Trait5","pKWmEB","PstI.TP829848"," 3"," 1169406","","0.2335","A"
"4","Trait5","pKWmEB","PstI.TP177818"," 3"," 1173132","","0.3226","A"
"4","Trait5","pKWmEB","PstI.TP150305"," 3"," 1174820","","0.0429","A"
"4","Trait5","pKWmEB","PstI.TP222580"," 3"," 1218572","","0.6197","A"
"4","Trait5","pKWmEB","NsiI.TP636002"," 3"," 1219431","","0.2298","C"
"4","Trait5","pKWmEB","PstI.TP792213"," 3"," 1228699","","0.1816","C"
"4","Trait5","pKWmEB","NsiI.TP625668"," 3"," 1228713","","0.3486","C"
"4","Trait5","pKWmEB","NsiI.TP484790"," 3"," 1230186","","0.0999","A"
"4","Trait5","pKWmEB","PstI.TP469036"," 3"," 1239679","","0.3525","A"
"4","Trait5","pKWmEB","PstI.TP981662"," 3"," 1256836","","1.0022","A"
"4","Trait5","pKWmEB","PstI.TP864763"," 3"," 1256958","","0.3244","C"
"4","Trait5","pKWmEB","NsiI.TP580217"," 3"," 1283470","","0.2682","C"
"4","Trait5","pKWmEB","NsiI.TP233159"," 3"," 1290506","","0.6162","C"
"4","Trait5","pKWmEB","PstI.TP851527"," 3"," 1292449","","0.4568","A"
"4","Trait5","pKWmEB","NsiI.TP797203"," 3"," 1292686","","0.4683","C"
"4","Trait5","pKWmEB","NsiI.TP307068"," 3"," 1307996","","0.0359","G"
"4","Trait5","pKWmEB","PstI.TP799869"," 3"," 1332119","","0.8567","A"
"4","Trait5","pKWmEB","PstI.TP276179"," 3"," 1344299","","0.6702","C"
"4","Trait5","pKWmEB","PstI.TP293017"," 3"," 1347786","","0.0780","A"
"4","Trait5","pKWmEB","NsiI.TP34738"," 3"," 1405293","","0.2113","G"
"4","Trait5","pKWmEB","NsiI.TP439833"," 3"," 1409062","","0.4745","C"
"4","Trait5","pKWmEB","PstI.TP320876"," 3"," 1436337","","0.1842","A"
"4","Trait5","pKWmEB","PstI.TP749748"," 3"," 1436383","","0.4246","A"
"4","Trait5","pKWmEB","PstI.TP875104"," 3"," 1447825","","0.5420","A"
"4","Trait5","pKWmEB","PstI.TP974423"," 3"," 1448580","","0.2511","C"
"4","Trait5","pKWmEB","NsiI.TP471154"," 3"," 1453865","","0.6393","C"
"4","Trait5","pKWmEB","PstI.TP993168"," 3"," 1456902","","0.7687","G"
"4","Trait5","pKWmEB","NsiI.TP521868"," 3"," 1462770","","0.2479","C"
"4","Trait5","pKWmEB","PstI.TP802117"," 3"," 1469017","","0.2912","A"
"4","Trait5","pKWmEB","PstI.TP671650"," 3"," 1491598","","0.8573","G"
"4","Trait5","pKWmEB","NsiI.TP681352"," 3"," 1496392","","0.3116","C"
"4","Trait5","pKWmEB","NsiI.TP7824"," 3"," 1497822","","1.5848","G"
"4","Trait5","pKWmEB","PstI.TP487778"," 3"," 1541283","","0.0358","C"
"4","Trait5","pKWmEB","PstI.TP1175375"," 3"," 1541888","","1.3124","A"
"4","Trait5","pKWmEB","PstI.TP579357"," 3"," 1555869","","1.6395","C"
"4","Trait5","pKWmEB","GFSSContig5486_299"," 3"," 1574810","","0.1617","A"
"4","Trait5","pKWmEB","PstI.TP1157898"," 3"," 1576323","","0.7811","A"
"4","Trait5","pKWmEB","PstI.TP1004455"," 3"," 1576742","","0.1910","C"
"4","Trait5","pKWmEB","PstI.TP80558"," 3"," 1581858","","0.0351","C"
"4","Trait5","pKWmEB","PstI.TP5709"," 3"," 1593159","","0.3530","C"
"4","Trait5","pKWmEB","PstI.TP675948"," 3"," 1596822","","0.0260","A"
"4","Trait5","pKWmEB","NsiI.TP36902"," 3"," 1611928","","0.5080","A"
"4","Trait5","pKWmEB","NsiI.TP475463"," 3"," 1613406","","1.1770","A"
"4","Trait5","pKWmEB","PstI.TP225552"," 3"," 1637273","","0.5264","C"
"4","Trait5","pKWmEB","NsiI.TP471227"," 3"," 1655623","","0.3824","A"
"4","Trait5","pKWmEB","NsiI.TP471228"," 3"," 1655636","","0.6649","G"
"4","Trait5","pKWmEB","PstI.TP387942"," 3"," 1681133","","0.6700","C"
"4","Trait5","pKWmEB","PstI.TP387943"," 3"," 1681135","","0.4693","C"
"4","Trait5","pKWmEB","PstI.TP933571"," 3"," 1703532","","0.0012","C"
"4","Trait5","pKWmEB","NsiI.TP517340"," 3"," 1719309","","0.0660","A"
"4","Trait5","pKWmEB","NsiI.TP493930"," 3"," 1747107","","0.0432","C"
"4","Trait5","pKWmEB","PstI.TP1224612"," 3"," 1747110","","0.2548","A"
"4","Trait5","pKWmEB","NsiI.TP468338"," 3"," 1770761","","0.0233","C"
"4","Trait5","pKWmEB","NsiI.TP629723"," 3"," 1773449","","0.0882","C"
"4","Trait5","pKWmEB","PstI.TP275635"," 3"," 1773752","","0.8757","A"
"4","Trait5","pKWmEB","PstI.TP224541"," 3"," 1782299","","0.3659","A"
"4","Trait5","pKWmEB","PstI.TP364848"," 3"," 1784739","","0.2627","C"
"4","Trait5","pKWmEB","NsiI.TP391574"," 3"," 1786357","","0.6458","A"
"4","Trait5","pKWmEB","PstI.TP1096280"," 3"," 1833730","","0.2046","A"
"4","Trait5","pKWmEB","NsiI.TP304764"," 3"," 1836392","","0.2890","C"
"4","Trait5","pKWmEB","NsiI.TP210276"," 3"," 1836480","","0.0032","A"
"4","Trait5","pKWmEB","PstI.TP356238"," 3"," 1849836","","2.1323","A"
"4","Trait5","pKWmEB","NsiI.TP473363"," 3"," 1866168","","0.1068","A"
"4","Trait5","pKWmEB","NsiI.TP473364"," 3"," 1866183","","0.1314","A"
"4","Trait5","pKWmEB","PstI.TP1064534"," 3"," 1870807","","0.3410","G"
"4","Trait5","pKWmEB","PstI.TP1064580"," 3"," 1870844","","0.6791","G"
"4","Trait5","pKWmEB","PstI.TP26379"," 3"," 1904189","","0.1050","G"
"4","Trait5","pKWmEB","PstI.TP877451"," 3"," 1927412","","0.3964","C"
"4","Trait5","pKWmEB","PstI.TP71583"," 3"," 1929402","","0.8245","C"
"4","Trait5","pKWmEB","PstI.TP1253947"," 3"," 1935992","","0.4417","A"
"4","Trait5","pKWmEB","NsiI.TP555693"," 3"," 1937329","","0.7880","A"
"4","Trait5","pKWmEB","PstI.TP542244"," 3"," 1937468","","0.5226","C"
"4","Trait5","pKWmEB","PstI.TP542404"," 3"," 1937470","","0.1249","A"
"4","Trait5","pKWmEB","NsiI.TP39366"," 3"," 1939898","","0.2590","A"
"4","Trait5","pKWmEB","NsiI.TP634953"," 3"," 1945759","","0.1642","C"
"4","Trait5","pKWmEB","PstI.TP166481"," 3"," 1960833","","0.7335","A"
"4","Trait5","pKWmEB","PstI.TP707831"," 3"," 1962270","","0.5997","C"
"4","Trait5","pKWmEB","NsiI.TP281134"," 3"," 1974705","","1.1655","A"
"4","Trait5","pKWmEB","PstI.TP195562"," 3"," 2002525","","0.8261","A"
"4","Trait5","pKWmEB","PstI.TP1289056"," 3"," 2011598","","0.7194","A"
"4","Trait5","pKWmEB","NsiI.TP678565"," 3"," 2012974","","0.1646","A"
"4","Trait5","pKWmEB","PstI.TP481318"," 3"," 2024165","","1.3223","G"
"4","Trait5","pKWmEB","NsiI.TP213627"," 3"," 2064923","","0.1265","G"
"4","Trait5","pKWmEB","PstI.TP124100"," 3"," 2071615","","0.9402","G"
"4","Trait5","pKWmEB","NsiI.TP642503"," 3"," 2116537","","0.0303","A"
"4","Trait5","pKWmEB","NsiI.TP337762"," 3"," 2117374","","0.3786","A"
"4","Trait5","pKWmEB","NsiI.TP213960"," 3"," 2122907","","0.3861","C"
"4","Trait5","pKWmEB","PstI.TP267556"," 3"," 2124660","","0.0105","A"
"4","Trait5","pKWmEB","NsiI.TP576394"," 3"," 2140335","","0.5877","C"
"4","Trait5","pKWmEB","NsiI.TP816454"," 3"," 2141105","","1.0358","A"
"4","Trait5","pKWmEB","NsiI.TP624113"," 3"," 2144767","","0.0604","G"
"4","Trait5","pKWmEB","PstI.TP1236623"," 3"," 2150758","","0.8048","C"
"4","Trait5","pKWmEB","NsiI.TP144348"," 3"," 2152221","","0.6940","A"
"4","Trait5","pKWmEB","NsiI.TP144962"," 3"," 2170945","","1.0682","A"
"4","Trait5","pKWmEB","PstI.TP444619"," 3"," 2190567","","2.1521","G"
"4","Trait5","pKWmEB","PstI.TP629964"," 3"," 2191405","","0.0071","C"
"4","Trait5","pKWmEB","PstI.TP459717"," 3"," 2206366","","1.7843","C"
"4","Trait5","pKWmEB","PstI.TP463361"," 3"," 2206400","","0.0193","C"
"4","Trait5","pKWmEB","PstI.TP786016"," 3"," 2229779","","0.0779","A"
"4","Trait5","pKWmEB","PstI.TP705742"," 3"," 2247166","","0.8142","A"
"4","Trait5","pKWmEB","NsiI.TP574642"," 3"," 2257023","","0.2874","C"
"4","Trait5","pKWmEB","PstI.TP630828"," 3"," 2257100","","1.9812","C"
"4","Trait5","pKWmEB","NsiI.TP280924"," 3"," 2257121","","0.2586","A"
"4","Trait5","pKWmEB","PstI.TP232414"," 3"," 2271933","","0.1801","A"
"4","Trait5","pKWmEB","PstI.TP365886"," 3"," 2326972","","0.1298","C"
"4","Trait5","pKWmEB","NsiI.TP822804"," 3"," 2337899","","0.9382","A"
"4","Trait5","pKWmEB","PstI.TP758501"," 3"," 2339350","","0.2512","G"
"4","Trait5","pKWmEB","PstI.TP1112030"," 3"," 2344602","","0.1306","A"
"4","Trait5","pKWmEB","NsiI.TP203846"," 3"," 2352210","","0.4638","A"
"4","Trait5","pKWmEB","NsiI.TP291485"," 3"," 2359806","","1.4189","A"
"4","Trait5","pKWmEB","PstI.TP473143"," 3"," 2361003","","0.2664","C"
"4","Trait5","pKWmEB","NsiI.TP499978"," 3"," 2384016","","0.6600","G"
"4","Trait5","pKWmEB","NsiI.TP136164"," 3"," 2387796","","0.4485","G"
"4","Trait5","pKWmEB","PstI.TP390367"," 3"," 2402925","","0.2916","A"
"4","Trait5","pKWmEB","PstI.TP774514"," 3"," 2411196","","0.9192","A"
"4","Trait5","pKWmEB","PstI.TP487081"," 3"," 2424586","","0.1674","C"
"4","Trait5","pKWmEB","PstI.TP209814"," 3"," 2426320","","0.7222","A"
"4","Trait5","pKWmEB","NsiI.TP530135"," 3"," 2432669","","1.3716","C"
"4","Trait5","pKWmEB","NsiI.TP545362"," 3"," 2432670","","0.0162","A"
"4","Trait5","pKWmEB","NsiI.TP571965"," 3"," 2432698","","0.0115","A"
"4","Trait5","pKWmEB","NsiI.TP608855"," 3"," 2436065","","0.0447","A"
"4","Trait5","pKWmEB","NsiI.TP114895"," 3"," 2441296","","0.5186","C"
"4","Trait5","pKWmEB","PstI.TP162483"," 3"," 2449555","","1.2825","A"
"4","Trait5","pKWmEB","NsiI.TP286990"," 3"," 2450030","","0.1862","A"
"4","Trait5","pKWmEB","PstI.TP718639"," 3"," 2454790","","0.0341","A"
"4","Trait5","pKWmEB","PstI.TP718641"," 3"," 2454794","","0.8640","C"
"4","Trait5","pKWmEB","NsiI.TP239837"," 3"," 2466199","","0.6918","A"
"4","Trait5","pKWmEB","PstI.TP1179525"," 3"," 2466208","","0.7004","A"
"4","Trait5","pKWmEB","PstI.TP937639"," 3"," 2497513","","1.3692","C"
"4","Trait5","pKWmEB","PstI.TP1016514"," 3"," 2500893","","0.6450","C"
"4","Trait5","pKWmEB","NsiI.TP429461"," 3"," 2501436","","0.8742","A"
"4","Trait5","pKWmEB","PstI.TP789303"," 3"," 2503265","","0.1516","A"
"4","Trait5","pKWmEB","NsiI.TP361448"," 3"," 2513057","","1.0157","C"
"4","Trait5","pKWmEB","NsiI.TP653780"," 3"," 2515654","","0.2815","A"
"4","Trait5","pKWmEB","PstI.TP545419"," 3"," 2528853","","0.4395","C"
"4","Trait5","pKWmEB","PstI.TP985611"," 3"," 2531572","","0.1298","A"
"4","Trait5","pKWmEB","NsiI.TP450693"," 3"," 2531716","","0.2062","C"
"4","Trait5","pKWmEB","NsiI.TP215469"," 3"," 2544043","","0.4691","C"
"4","Trait5","pKWmEB","NsiI.TP828786"," 3"," 2547753","","0.1687","A"
"4","Trait5","pKWmEB","NsiI.TP35048"," 3"," 2574192","","0.0950","C"
"4","Trait5","pKWmEB","PstI.TP513843"," 3"," 2577255","","0.3667","A"
"4","Trait5","pKWmEB","PstI.TP1264009"," 3"," 2578481","","0.7655","A"
"4","Trait5","pKWmEB","PstI.TP1264005"," 3"," 2578488","","0.5133","C"
"4","Trait5","pKWmEB","NsiI.TP4993"," 3"," 2582440","","0.0476","C"
"4","Trait5","pKWmEB","NsiI.TP474263"," 3"," 2590476","","0.2345","C"
"4","Trait5","pKWmEB","NsiI.TP137236"," 3"," 2590858","","0.2144","G"
"4","Trait5","pKWmEB","PstI.TP1237994"," 3"," 2598519","","0.7107","A"
"4","Trait5","pKWmEB","PstI.TP1026630"," 3"," 2602309","","0.4330","C"
"4","Trait5","pKWmEB","PstI.TP1010623"," 3"," 2603844","","0.2050","C"
"4","Trait5","pKWmEB","NsiI.TP176258"," 3"," 2605958","","0.4462","A"
"4","Trait5","pKWmEB","PstI.TP209007"," 3"," 2643667","","2.1206","A"
"4","Trait5","pKWmEB","NsiI.TP631512"," 3"," 2655138","","0.5136","A"
"4","Trait5","pKWmEB","PstI.TP65271"," 3"," 2656013","","0.8799","G"
"4","Trait5","pKWmEB","NsiI.TP441693"," 3"," 2660294","","0.5823","C"
"4","Trait5","pKWmEB","NsiI.TP328094"," 3"," 2696940","","0.1853","A"
"4","Trait5","pKWmEB","PstI.TP33762"," 3"," 2698512","","0.1596","C"
"4","Trait5","pKWmEB","PstI.TP1227919"," 3"," 2709559","","0.1087","C"
"4","Trait5","pKWmEB","PstI.TP1248285"," 3"," 2715263","","0.8214","C"
"4","Trait5","pKWmEB","PstI.TP1248288"," 3"," 2715385","","0.2814","A"
"4","Trait5","pKWmEB","PstI.TP774685"," 3"," 2733446","","0.5823","A"
"4","Trait5","pKWmEB","NsiI.TP811577"," 3"," 2742014","","0.1462","A"
"4","Trait5","pKWmEB","GFSSContig17910_784"," 3"," 2745496","","0.2995","T"
"4","Trait5","pKWmEB","GFSSContig17910_1353"," 3"," 2746068","","0.2995","T"
"4","Trait5","pKWmEB","PstI.TP577228"," 3"," 2746408","","0.4048","A"
"4","Trait5","pKWmEB","PstI.TP300113"," 3"," 2789209","","0.2675","C"
"4","Trait5","pKWmEB","PstI.TP1184603"," 3"," 2835614","","0.4004","G"
"4","Trait5","pKWmEB","NsiI.TP395621"," 3"," 2835995","","0.5669","C"
"4","Trait5","pKWmEB","PstI.TP48802"," 3"," 2871140","","1.3245","A"
"4","Trait5","pKWmEB","PstI.TP1154932"," 3"," 2876006","","0.1644","A"
"4","Trait5","pKWmEB","PstI.TP1244899"," 3"," 2879279","","0.0752","C"
"4","Trait5","pKWmEB","NsiI.TP273494"," 3"," 2899907","","0.4893","C"
"4","Trait5","pKWmEB","PstI.TP1257104"," 3"," 2916484","","0.5281","A"
"4","Trait5","pKWmEB","PstI.TP372286"," 3"," 2927462","","1.0290","C"
"4","Trait5","pKWmEB","NsiI.TP482724"," 3"," 2931654","","1.3223","A"
"4","Trait5","pKWmEB","NsiI.TP476437"," 3"," 2931662","","0.0701","C"
"4","Trait5","pKWmEB","NsiI.TP476438"," 3"," 2931700","","0.2406","C"
"4","Trait5","pKWmEB","NsiI.TP633852"," 3"," 2933212","","0.2088","A"
"4","Trait5","pKWmEB","NsiI.TP279524"," 3"," 2933257","","2.2655","A"
"4","Trait5","pKWmEB","PstI.TP172254"," 3"," 2936250","","0.5012","C"
"4","Trait5","pKWmEB","NsiI.TP145615"," 3"," 2940500","","0.5717","C"
"4","Trait5","pKWmEB","NsiI.TP291060"," 3"," 2944113","","0.0556","A"
"4","Trait5","pKWmEB","NsiI.TP583450"," 3"," 2956396","","0.0329","C"
"4","Trait5","pKWmEB","PstI.TP452304"," 3"," 2977792","","0.2654","A"
"4","Trait5","pKWmEB","NsiI.TP77263"," 3"," 2980178","","0.0734","A"
"4","Trait5","pKWmEB","PstI.TP1237477"," 3"," 2980305","","1.0224","A"
"4","Trait5","pKWmEB","PstI.TP968973"," 3"," 2980616","","0.2347","A"
"4","Trait5","pKWmEB","NsiI.TP702580"," 3"," 2998523","","0.1215","G"
"4","Trait5","pKWmEB","PstI.TP1140972"," 3"," 3019093","","0.5308","A"
"4","Trait5","pKWmEB","PstI.TP1111956"," 3"," 3037451","","0.8089","C"
"4","Trait5","pKWmEB","PstI.TP74282"," 3"," 3037521","","0.2221","C"
"4","Trait5","pKWmEB","NsiI.TP412276"," 3"," 3066703","","0.8482","A"
"4","Trait5","pKWmEB","NsiI.TP436526"," 3"," 3069793","","1.0410","C"
"4","Trait5","pKWmEB","NsiI.TP747304"," 3"," 3069848","","0.6589","A"
"4","Trait5","pKWmEB","PstI.TP698798"," 3"," 3070871","","0.2046","G"
"4","Trait5","pKWmEB","PstI.TP42309"," 3"," 3090020","","0.4399","A"
"4","Trait5","pKWmEB","PstI.TP688603"," 3"," 3090055","","0.5573","A"
"4","Trait5","pKWmEB","NsiI.TP431155"," 3"," 3090982","","0.1968","G"
"4","Trait5","pKWmEB","NsiI.TP431097"," 3"," 3091013","","0.1716","A"
"4","Trait5","pKWmEB","PstI.TP679708"," 3"," 3094454","","0.1212","A"
"4","Trait5","pKWmEB","NsiI.TP694670"," 3"," 3095021","","0.0622","C"
"4","Trait5","pKWmEB","NsiI.TP654253"," 3"," 3101084","","0.2480","A"
"4","Trait5","pKWmEB","PstI.TP995914"," 3"," 3105777","","0.2931","C"
"4","Trait5","pKWmEB","NsiI.TP214429"," 3"," 3105834","","0.6662","C"
"4","Trait5","pKWmEB","PstI.TP51833"," 3"," 3112047","","0.4564","C"
"4","Trait5","pKWmEB","NsiI.TP173065"," 3"," 3112906","","0.1007","A"
"4","Trait5","pKWmEB","NsiI.TP151793"," 3"," 3127334","","0.6983","C"
"4","Trait5","pKWmEB","PstI.TP910330"," 3"," 3127837","","0.4200","C"
"4","Trait5","pKWmEB","PstI.TP149809"," 3"," 3132048","","1.1916","C"
"4","Trait5","pKWmEB","NsiI.TP609368"," 3"," 3167228","","0.1847","C"
"4","Trait5","pKWmEB","NsiI.TP601690"," 3"," 3202526","","0.0272","C"
"4","Trait5","pKWmEB","NsiI.TP236682"," 3"," 3205785","","0.1155","A"
"4","Trait5","pKWmEB","PstI.TP696999"," 3"," 3227877","","1.0887","A"
"4","Trait5","pKWmEB","NsiI.TP433606"," 3"," 3236633","","0.8826","A"
"4","Trait5","pKWmEB","PstI.TP190927"," 3"," 3236781","","1.5465","C"
"4","Trait5","pKWmEB","NsiI.TP409255"," 3"," 3241188","","0.8372","A"
"4","Trait5","pKWmEB","PstI.TP1114836"," 3"," 3245214","","0.2881","C"
"4","Trait5","pKWmEB","PstI.TP747046"," 3"," 3250215","","0.8552","A"
"4","Trait5","pKWmEB","PstI.TP761602"," 3"," 3266703","","0.0058","C"
"4","Trait5","pKWmEB","NsiI.TP331580"," 3"," 3282415","","0.6889","A"
"4","Trait5","pKWmEB","PstI.TP1128689"," 3"," 3289133","","0.5133","A"
"4","Trait5","pKWmEB","PstI.TP501227"," 3"," 3306422","","0.5241","A"
"4","Trait5","pKWmEB","PstI.TP580141"," 3"," 3309801","","0.0133","C"
"4","Trait5","pKWmEB","PstI.TP1140756"," 3"," 3314015","","0.0079","A"
"4","Trait5","pKWmEB","PstI.TP530763"," 3"," 3316912","","1.7291","C"
"4","Trait5","pKWmEB","PstI.TP1158544"," 3"," 3329218","","0.3641","A"
"4","Trait5","pKWmEB","NsiI.TP331651"," 3"," 3354634","","0.3290","C"
"4","Trait5","pKWmEB","PstI.TP19139"," 3"," 3373248","","0.0319","C"
"4","Trait5","pKWmEB","NsiI.TP596051"," 3"," 3373268","","0.5161","C"
"4","Trait5","pKWmEB","PstI.TP603772"," 3"," 3389590","","0.8682","C"
"4","Trait5","pKWmEB","PstI.TP207713"," 3"," 3436667","","0.7964","C"
"4","Trait5","pKWmEB","PstI.TP365053"," 3"," 3451546","","0.1062","C"
"4","Trait5","pKWmEB","NsiI.TP560610"," 3"," 3458135","","0.2898","C"
"4","Trait5","pKWmEB","NsiI.TP34748"," 3"," 3480743","","0.0408","A"
"4","Trait5","pKWmEB","NsiI.TP493151"," 3"," 3481929","","0.2553","C"
"4","Trait5","pKWmEB","NsiI.TP796345"," 3"," 3481969","","0.2550","C"
"4","Trait5","pKWmEB","NsiI.TP796346"," 3"," 3481975","","0.8888","A"
"4","Trait5","pKWmEB","PstI.TP1014785"," 3"," 3504439","","0.3093","A"
"4","Trait5","pKWmEB","NsiI.TP83663"," 3"," 3507089","","0.6840","C"
"4","Trait5","pKWmEB","PstI.TP19943"," 3"," 3508127","","0.4648","A"
"4","Trait5","pKWmEB","NsiI.TP384364"," 3"," 3518092","","0.3896","G"
"4","Trait5","pKWmEB","NsiI.TP560478"," 3"," 3520612","","0.4865","A"
"4","Trait5","pKWmEB","PstI.TP926743"," 3"," 3522183","","0.2446","G"
"4","Trait5","pKWmEB","NsiI.TP833923"," 3"," 3523257","","0.3037","C"
"4","Trait5","pKWmEB","PstI.TP1032333"," 3"," 3528771","","0.5444","G"
"4","Trait5","pKWmEB","NsiI.TP178866"," 3"," 3528771","","0.4900","G"
"4","Trait5","pKWmEB","NsiI.TP743545"," 3"," 3546784","","0.1723","A"
"4","Trait5","pKWmEB","PstI.TP1122217"," 3"," 3554938","","0.2884","C"
"4","Trait5","pKWmEB","NsiI.TP797217"," 3"," 3555708","","0.0066","C"
"4","Trait5","pKWmEB","PstI.TP1123380"," 3"," 3557266","","1.9046","A"
"4","Trait5","pKWmEB","PstI.TP1168316"," 3"," 3573386","","1.3877","A"
"4","Trait5","pKWmEB","PstI.TP120517"," 3"," 3584004","","0.4352","G"
"4","Trait5","pKWmEB","NsiI.TP217838"," 3"," 3586934","","1.5592","C"
"4","Trait5","pKWmEB","NsiI.TP677022"," 3"," 3602878","","1.8072","G"
"4","Trait5","pKWmEB","NsiI.TP139627"," 3"," 3612807","","0.3255","A"
"4","Trait5","pKWmEB","PstI.TP1080621"," 3"," 3657091","","0.0177","C"
"4","Trait5","pKWmEB","PstI.TP638471"," 3"," 3671264","","0.1462","C"
"4","Trait5","pKWmEB","PstI.TP831757"," 3"," 3676028","","0.4286","A"
"4","Trait5","pKWmEB","PstI.TP831752"," 3"," 3676042","","0.2449","G"
"4","Trait5","pKWmEB","PstI.TP676875"," 3"," 3702504","","2.3795","C"
"4","Trait5","pKWmEB","NsiI.TP570976"," 3"," 3711018","","0.0270","G"
"4","Trait5","pKWmEB","PstI.TP937953"," 3"," 3716534","","0.2314","A"
"4","Trait5","pKWmEB","PstI.TP906726"," 3"," 3716611","","0.3571","C"
"4","Trait5","pKWmEB","NsiI.TP47925"," 3"," 3717046","","0.4497","C"
"4","Trait5","pKWmEB","PstI.TP1277784"," 3"," 3752097","","0.2982","A"
"4","Trait5","pKWmEB","PstI.TP1289979"," 3"," 3775660","","0.2139","C"
"4","Trait5","pKWmEB","PstI.TP865836"," 3"," 3784055","","0.1699","A"
"4","Trait5","pKWmEB","NsiI.TP476794"," 3"," 3789076","","0.5249","C"
"4","Trait5","pKWmEB","NsiI.TP239366"," 3"," 3842671","","0.1804","G"
"4","Trait5","pKWmEB","NsiI.TP4640"," 3"," 3845881","","0.4112","C"
"4","Trait5","pKWmEB","NsiI.TP17375"," 3"," 3866471","","1.5013","C"
"4","Trait5","pKWmEB","NsiI.TP774307"," 3"," 3883631","","0.5131","C"
"4","Trait5","pKWmEB","PstI.TP822670"," 3"," 3886179","","0.0331","C"
"4","Trait5","pKWmEB","NsiI.TP197261"," 3"," 3889136","","0.2636","A"
"4","Trait5","pKWmEB","NsiI.TP485637"," 3"," 3916651","","0.2847","A"
"4","Trait5","pKWmEB","NsiI.TP134325"," 3"," 3938322","","0.4993","C"
"4","Trait5","pKWmEB","NsiI.TP453263"," 3"," 3954963","","0.0841","A"
"4","Trait5","pKWmEB","NsiI.TP670947"," 3"," 3955978","","0.0658","G"
"4","Trait5","pKWmEB","PstI.TP718114"," 3"," 3956286","","0.0017","C"
"4","Trait5","pKWmEB","PstI.TP1044288"," 3"," 3988286","","0.0651","A"
"4","Trait5","pKWmEB","PstI.TP1044287"," 3"," 3988298","","0.1478","A"
"4","Trait5","pKWmEB","PstI.TP217258"," 3"," 3992070","","0.2682","C"
"4","Trait5","pKWmEB","PstI.TP838943"," 3"," 4037471","","3.1361","C"
"4","Trait5","pKWmEB","PstI.TP547839"," 3"," 4042596","","0.2189","C"
"4","Trait5","pKWmEB","NsiI.TP683157"," 3"," 4058114","","0.0115","C"
"4","Trait5","pKWmEB","NsiI.TP726918"," 3"," 4064206","","0.0964","C"
"4","Trait5","pKWmEB","PstI.TP1163496"," 3"," 4076649","","0.3355","A"
"4","Trait5","pKWmEB","PstI.TP1207695"," 3"," 4076702","","1.8898","G"
"4","Trait5","pKWmEB","NsiI.TP703627"," 3"," 4093586","","0.8314","G"
"4","Trait5","pKWmEB","PstI.TP821347"," 3"," 4103679","","0.0642","A"
"4","Trait5","pKWmEB","PstI.TP1212070"," 3"," 4109029","","0.4074","C"
"4","Trait5","pKWmEB","PstI.TP712210"," 3"," 4110373","","1.3744","A"
"4","Trait5","pKWmEB","PstI.TP645810"," 3"," 4110555","","0.8074","C"
"4","Trait5","pKWmEB","NsiI.TP776601"," 3"," 4136498","","1.5316","A"
"4","Trait5","pKWmEB","PstI.TP935008"," 3"," 4138343","","0.4471","A"
"4","Trait5","pKWmEB","PstI.TP831238"," 3"," 4140006","","0.1662","A"
"4","Trait5","pKWmEB","PstI.TP811351"," 3"," 4140044","","0.0119","A"
"4","Trait5","pKWmEB","PstI.TP1006562"," 3"," 4149154","","0.0394","C"
"4","Trait5","pKWmEB","NsiI.TP205740"," 3"," 4149845","","0.0315","C"
"4","Trait5","pKWmEB","PstI.TP1159413"," 3"," 4158395","","1.5396","A"
"4","Trait5","pKWmEB","PstI.TP952923"," 3"," 4165010","","0.3205","A"
"4","Trait5","pKWmEB","PstI.TP877331"," 3"," 4170047","","0.1298","A"
"4","Trait5","pKWmEB","PstI.TP801530"," 3"," 4170257","","0.1202","A"
"4","Trait5","pKWmEB","PstI.TP1060556"," 3"," 4173183","","0.3245","A"
"4","Trait5","pKWmEB","PstI.TP677919"," 3"," 4173247","","0.3553","A"
"4","Trait5","pKWmEB","PstI.TP286131"," 3"," 4213473","","0.1050","G"
"4","Trait5","pKWmEB","PstI.TP792244"," 3"," 4214096","","0.0395","C"
"4","Trait5","pKWmEB","NsiI.TP472433"," 3"," 4214101","","0.8238","A"
"4","Trait5","pKWmEB","PstI.TP715411"," 3"," 4214133","","0.0650","A"
"4","Trait5","pKWmEB","NsiI.TP82479"," 3"," 4219472","","0.1379","C"
"4","Trait5","pKWmEB","NsiI.TP370942"," 3"," 4219616","","0.2079","G"
"4","Trait5","pKWmEB","NsiI.TP224586"," 3"," 4243452","","0.2477","C"
"4","Trait5","pKWmEB","NsiI.TP810860"," 3"," 4243647","","0.4259","A"
"4","Trait5","pKWmEB","PstI.TP1027273"," 3"," 4274869","","0.3808","A"
"4","Trait5","pKWmEB","NsiI.TP309730"," 3"," 4275108","","0.0629","A"
"4","Trait5","pKWmEB","PstI.TP906047"," 3"," 4276001","","0.8317","C"
"4","Trait5","pKWmEB","NsiI.TP467842"," 3"," 4276209","","0.7867","C"
"4","Trait5","pKWmEB","NsiI.TP467841"," 3"," 4276212","","0.1425","C"
"4","Trait5","pKWmEB","PstI.TP838373"," 3"," 4277724","","0.0123","A"
"4","Trait5","pKWmEB","PstI.TP688344"," 3"," 4314042","","0.1270","C"
"4","Trait5","pKWmEB","PstI.TP784632"," 3"," 4314116","","0.7698","C"
"4","Trait5","pKWmEB","PstI.TP221816"," 3"," 4376021","","0.2424","C"
"4","Trait5","pKWmEB","PstI.TP1124808"," 3"," 4381551","","0.5423","A"
"4","Trait5","pKWmEB","PstI.TP40029"," 3"," 4393398","","0.8317","C"
"4","Trait5","pKWmEB","PstI.TP712350"," 3"," 4418750","","0.3775","C"
"4","Trait5","pKWmEB","NsiI.TP443269"," 3"," 4418763","","1.6423","A"
"4","Trait5","pKWmEB","NsiI.TP279366"," 3"," 4422791","","0.3985","C"
"4","Trait5","pKWmEB","PstI.TP96410"," 3"," 4423816","","0.0203","C"
"4","Trait5","pKWmEB","NsiI.TP349396"," 3"," 4440288","","0.3059","C"
"4","Trait5","pKWmEB","PstI.TP975239"," 3"," 4444258","","0.3208","C"
"4","Trait5","pKWmEB","PstI.TP405528"," 3"," 4444303","","0.2739","G"
"4","Trait5","pKWmEB","NsiI.TP619276"," 3"," 4447263","","0.0811","A"
"4","Trait5","pKWmEB","NsiI.TP793548"," 3"," 4447360","","0.3748","C"
"4","Trait5","pKWmEB","PstI.TP725292"," 3"," 4449847","","0.0918","A"
"4","Trait5","pKWmEB","PstI.TP919429"," 3"," 4451711","","0.2947","A"
"4","Trait5","pKWmEB","PstI.TP633756"," 3"," 4477734","","0.8409","A"
"4","Trait5","pKWmEB","NsiI.TP675091"," 3"," 4478365","","0.6789","A"
"4","Trait5","pKWmEB","PstI.TP37313"," 3"," 4479720","","0.3006","C"
"4","Trait5","pKWmEB","PstI.TP653230"," 3"," 4507877","","0.0474","C"
"4","Trait5","pKWmEB","PstI.TP238545"," 3"," 4512269","","0.4068","C"
"4","Trait5","pKWmEB","PstI.TP238549"," 3"," 4512275","","0.0692","A"
"4","Trait5","pKWmEB","GFSSContig14090_244"," 3"," 4520006","","0.9509","A"
"4","Trait5","pKWmEB","PstI.TP1280049"," 3"," 4545043","","0.5488","A"
"4","Trait5","pKWmEB","PstI.TP534942"," 3"," 4552949","","0.7991","C"
"4","Trait5","pKWmEB","NsiI.TP647360"," 3"," 4556265","","0.1374","A"
"4","Trait5","pKWmEB","NsiI.TP644038"," 3"," 4556688","","0.2787","A"
"4","Trait5","pKWmEB","PstI.TP227360"," 3"," 4567287","","0.1525","C"
"4","Trait5","pKWmEB","GFk50ctg173656_119"," 3"," 4572511","","0.9509","A"
"4","Trait5","pKWmEB","PstI.TP74252"," 3"," 4598161","","0.4047","A"
"4","Trait5","pKWmEB","NsiI.TP170276"," 3"," 4609165","","2.1604","A"
"4","Trait5","pKWmEB","PstI.TP967109"," 3"," 4646186","","0.9571","G"
"4","Trait5","pKWmEB","PstI.TP262586"," 3"," 4654014","","0.0401","A"
"4","Trait5","pKWmEB","NsiI.TP466604"," 3"," 4659120","","0.1267","C"
"4","Trait5","pKWmEB","PstI.TP1164205"," 3"," 4663279","","1.0580","C"
"4","Trait5","pKWmEB","PstI.TP368020"," 3"," 4665593","","0.6012","A"
"4","Trait5","pKWmEB","NsiI.TP527015"," 3"," 4676752","","0.1050","C"
"4","Trait5","pKWmEB","PstI.TP1101584"," 3"," 4678577","","0.3537","C"
"4","Trait5","pKWmEB","NsiI.TP343268"," 3"," 4680930","","0.1435","C"
"4","Trait5","pKWmEB","NsiI.TP576783"," 3"," 4681015","","0.4459","A"
"4","Trait5","pKWmEB","NsiI.TP654079"," 3"," 4682537","","0.0420","C"
"4","Trait5","pKWmEB","PstI.TP395203"," 3"," 4685664","","0.0613","C"
"4","Trait5","pKWmEB","PstI.TP122566"," 3"," 4692206","","0.1307","C"
"4","Trait5","pKWmEB","PstI.TP967613"," 3"," 4724304","","0.2613","A"
"4","Trait5","pKWmEB","NsiI.TP222784"," 3"," 4731384","","0.7375","A"
"4","Trait5","pKWmEB","NsiI.TP563841"," 3"," 4781905","","0.1366","C"
"4","Trait5","pKWmEB","PstI.TP415985"," 3"," 4782932","","0.3035","G"
"4","Trait5","pKWmEB","NsiI.TP145943"," 3"," 4782932","","0.8405","G"
"4","Trait5","pKWmEB","NsiI.TP2769"," 3"," 4785844","","0.0658","C"
"4","Trait5","pKWmEB","NsiI.TP666624"," 3"," 4815277","","0.3993","C"
"4","Trait5","pKWmEB","NsiI.TP390095"," 3"," 4820799","","0.6167","A"
"4","Trait5","pKWmEB","NsiI.TP261228"," 3"," 4847503","","1.2805","A"
"4","Trait5","pKWmEB","PstI.TP691334"," 3"," 4847914","","0.3042","A"
"4","Trait5","pKWmEB","PstI.TP1014621"," 3"," 4850582","","0.0123","A"
"4","Trait5","pKWmEB","NsiI.TP106346"," 3"," 4853318","","0.1163","A"
"4","Trait5","pKWmEB","PstI.TP179905"," 3"," 4869587","","0.9883","A"
"4","Trait5","pKWmEB","NsiI.TP87958"," 3"," 4877347","","0.0124","G"
"4","Trait5","pKWmEB","NsiI.TP647505"," 3"," 4885920","","0.4249","C"
"4","Trait5","pKWmEB","PstI.TP141330"," 3"," 4950107","","0.3492","A"
"4","Trait5","pKWmEB","PstI.TP103626"," 3"," 4967649","","0.1947","A"
"4","Trait5","pKWmEB","NsiI.TP595381"," 3"," 4968162","","0.3138","A"
"4","Trait5","pKWmEB","NsiI.TP609767"," 3"," 4968186","","0.4176","C"
"4","Trait5","pKWmEB","NsiI.TP355114"," 3"," 4991404","","0.2617","C"
"4","Trait5","pKWmEB","PstI.TP687584"," 3"," 4995445","","1.5228","C"
"4","Trait5","pKWmEB","PstI.TP870698"," 3"," 4999757","","0.3262","A"
"4","Trait5","pKWmEB","PstI.TP931180"," 3"," 5004020","","0.2982","G"
"4","Trait5","pKWmEB","PstI.TP1225677"," 3"," 5004476","","0.4552","A"
"4","Trait5","pKWmEB","PstI.TP1095003"," 3"," 5015281","","0.6394","A"
"4","Trait5","pKWmEB","NsiI.TP39297"," 3"," 5024001","","0.7234","A"
"4","Trait5","pKWmEB","PstI.TP439473"," 3"," 5026244","","0.0386","A"
"4","Trait5","pKWmEB","PstI.TP1230201"," 3"," 5047579","","0.1702","C"
"4","Trait5","pKWmEB","PstI.TP38133"," 3"," 5048694","","0.4847","C"
"4","Trait5","pKWmEB","PstI.TP38134"," 3"," 5048721","","0.0371","A"
"4","Trait5","pKWmEB","PstI.TP287868"," 3"," 5064916","","0.2285","A"
"4","Trait5","pKWmEB","PstI.TP60513"," 3"," 5066682","","0.1191","A"
"4","Trait5","pKWmEB","PstI.TP1020748"," 3"," 5075521","","0.2079","A"
"4","Trait5","pKWmEB","PstI.TP242104"," 3"," 5088021","","0.0734","A"
"4","Trait5","pKWmEB","PstI.TP925141"," 3"," 5097722","","0.9580","A"
"4","Trait5","pKWmEB","NsiI.TP351320"," 3"," 5126229","","0.1721","A"
"4","Trait5","pKWmEB","PstI.TP745959"," 3"," 5141381","","0.9443","C"
"4","Trait5","pKWmEB","PstI.TP643379"," 3"," 5147929","","0.2079","A"
"4","Trait5","pKWmEB","PstI.TP931913"," 3"," 5176808","","0.2583","C"
"4","Trait5","pKWmEB","NsiI.TP453794"," 3"," 5177334","","0.4692","G"
"4","Trait5","pKWmEB","PstI.TP680792"," 3"," 5190546","","0.1159","A"
"4","Trait5","pKWmEB","PstI.TP213720"," 3"," 5231540","","0.0860","A"
"4","Trait5","pKWmEB","PstI.TP49083"," 3"," 5274971","","1.1238","A"
"4","Trait5","pKWmEB","PstI.TP636202"," 3"," 5280876","","0.0556","C"
"4","Trait5","pKWmEB","NsiI.TP264723"," 3"," 5284065","","0.2653","A"
"4","Trait5","pKWmEB","NsiI.TP172972"," 3"," 5328512","","0.3621","A"
"4","Trait5","pKWmEB","NsiI.TP430145"," 3"," 5430441","","0.3954","G"
"4","Trait5","pKWmEB","NsiI.TP570384"," 3"," 5432659","","0.1909","A"
"4","Trait5","pKWmEB","PstI.TP278960"," 3"," 5435168","","0.6872","G"
"4","Trait5","pKWmEB","GFSSContig16256_300"," 3"," 5453936","","0.2166","C"
"4","Trait5","pKWmEB","PstI.TP426652"," 3"," 5481349","","0.1679","A"
"4","Trait5","pKWmEB","PstI.TP174297"," 3"," 5563037","","0.9290","A"
"4","Trait5","pKWmEB","PstI.TP410173"," 3"," 5585945","","0.2828","A"
"4","Trait5","pKWmEB","PstI.TP801907"," 3"," 5689993","","0.7727","C"
"4","Trait5","pKWmEB","NsiI.TP671951"," 3"," 5697929","","0.4983","C"
"4","Trait5","pKWmEB","NsiI.TP747165"," 3"," 5713329","","0.1984","C"
"4","Trait5","pKWmEB","PstI.TP482258"," 3"," 5713979","","0.1057","A"
"4","Trait5","pKWmEB","PstI.TP721838"," 3"," 5714318","","0.1158","C"
"4","Trait5","pKWmEB","PstI.TP115586"," 3"," 5715154","","2.4851","C"
"4","Trait5","pKWmEB","PstI.TP8773"," 3"," 5715225","","0.3134","A"
"4","Trait5","pKWmEB","NsiI.TP440766"," 3"," 5753690","","0.3240","A"
"4","Trait5","pKWmEB","PstI.TP125376"," 3"," 5758206","","0.6789","C"
"4","Trait5","pKWmEB","NsiI.TP768975"," 3"," 5764222","","0.9727","C"
"4","Trait5","pKWmEB","PstI.TP785543"," 3"," 5771227","","0.9839","A"
"4","Trait5","pKWmEB","PstI.TP728172"," 3"," 5787468","","0.2766","G"
"4","Trait5","pKWmEB","NsiI.TP7041"," 3"," 5991415","","0.7280","A"
"4","Trait5","pKWmEB","PstI.TP365407"," 3"," 6004710","","0.0223","A"
"4","Trait5","pKWmEB","PstI.TP992716"," 3"," 6017443","","0.4907","A"
"4","Trait5","pKWmEB","PstI.TP48498"," 3"," 6041067","","1.2065","A"
"4","Trait5","pKWmEB","PstI.TP762772"," 3"," 6044042","","1.0044","C"
"4","Trait5","pKWmEB","PstI.TP1293611"," 3"," 6058621","","1.4567","C"
"4","Trait5","pKWmEB","NsiI.TP529691"," 3"," 6082062","","0.2835","G"
"4","Trait5","pKWmEB","PstI.TP188641"," 3"," 6088178","","0.9411","A"
"4","Trait5","pKWmEB","PstI.TP186433"," 3"," 6088211","","0.4749","A"
"4","Trait5","pKWmEB","PstI.TP308152"," 3"," 6124917","","0.3805","A"
"4","Trait5","pKWmEB","PstI.TP541764"," 3"," 6125111","","0.0095","A"
"4","Trait5","pKWmEB","PstI.TP1246489"," 3"," 6130583","","0.0738","C"
"4","Trait5","pKWmEB","PstI.TP1206934"," 3"," 6141050","","0.1058","A"
"4","Trait5","pKWmEB","NsiI.TP326908"," 3"," 6141142","","0.2544","C"
"4","Trait5","pKWmEB","NsiI.TP614930"," 3"," 6164151","","0.1521","A"
"4","Trait5","pKWmEB","PstI.TP1119160"," 3"," 6164715","","0.1209","A"
"4","Trait5","pKWmEB","PstI.TP1119335"," 3"," 6164741","","0.0819","C"
"4","Trait5","pKWmEB","PstI.TP66802"," 3"," 6165211","","0.5026","G"
"4","Trait5","pKWmEB","NsiI.TP255092"," 3"," 6170362","","0.3293","C"
"4","Trait5","pKWmEB","NsiI.TP594399"," 3"," 6173149","","0.3026","C"
"4","Trait5","pKWmEB","NsiI.TP572484"," 3"," 6188211","","0.0759","C"
"4","Trait5","pKWmEB","NsiI.TP120580"," 3"," 6191698","","0.1768","A"
"4","Trait5","pKWmEB","PstI.TP852580"," 3"," 6204488","","0.8104","A"
"4","Trait5","pKWmEB","NsiI.TP810645"," 3"," 6232475","","0.0389","C"
"4","Trait5","pKWmEB","NsiI.TP405337"," 3"," 6299247","","1.1462","A"
"4","Trait5","pKWmEB","PstI.TP904729"," 3"," 6306293","","0.1212","A"
"4","Trait5","pKWmEB","PstI.TP392273"," 3"," 6332867","","0.4115","A"
"4","Trait5","pKWmEB","NsiI.TP195259"," 3"," 6332952","","0.2432","A"
"4","Trait5","pKWmEB","PstI.TP398580"," 3"," 6360865","","0.5481","A"
"4","Trait5","pKWmEB","PstI.TP930241"," 3"," 6360927","","0.8325","G"
"4","Trait5","pKWmEB","NsiI.TP694884"," 3"," 6382094","","0.3415","A"
"4","Trait5","pKWmEB","NsiI.TP634727"," 3"," 6399724","","0.8757","C"
"4","Trait5","pKWmEB","PstI.TP663866"," 3"," 6410825","","0.1178","G"
"4","Trait5","pKWmEB","PstI.TP362829"," 3"," 6437246","","0.6106","A"
"4","Trait5","pKWmEB","PstI.TP1291354"," 3"," 6437333","","1.0988","A"
"4","Trait5","pKWmEB","PstI.TP153696"," 3"," 6482525","","0.0739","A"
"4","Trait5","pKWmEB","PstI.TP58897"," 3"," 6511771","","0.0354","G"
"4","Trait5","pKWmEB","PstI.TP443507"," 3"," 6515810","","0.1195","A"
"4","Trait5","pKWmEB","PstI.TP230552"," 3"," 6536193","","0.9200","A"
"4","Trait5","pKWmEB","NsiI.TP621162"," 3"," 6536235","","0.5249","A"
"4","Trait5","pKWmEB","NsiI.TP259359"," 3"," 6541132","","0.6350","C"
"4","Trait5","pKWmEB","NsiI.TP257172"," 3"," 6560304","","0.8142","A"
"4","Trait5","pKWmEB","PstI.TP154327"," 3"," 6603820","","0.5182","A"
"4","Trait5","pKWmEB","GFSSContig11465_504"," 3"," 6605990","","1.6230","T"
"4","Trait5","pKWmEB","PstI.TP431135"," 3"," 6609541","","0.6835","C"
"4","Trait5","pKWmEB","NsiI.TP760192"," 3"," 6623356","","0.2664","A"
"4","Trait5","pKWmEB","NsiI.TP773278"," 3"," 6632208","","0.0654","A"
"4","Trait5","pKWmEB","NsiI.TP420344"," 3"," 6635288","","0.4819","C"
"4","Trait5","pKWmEB","PstI.TP433649"," 3"," 6644837","","1.8462","C"
"4","Trait5","pKWmEB","NsiI.TP426185"," 3"," 6645847","","0.4925","C"
"4","Trait5","pKWmEB","NsiI.TP523861"," 3"," 6688247","","0.7450","G"
"4","Trait5","pKWmEB","PstI.TP150879"," 3"," 6693048","","0.7041","A"
"4","Trait5","pKWmEB","PstI.TP1175503"," 3"," 6703848","","0.1342","G"
"4","Trait5","pKWmEB","NsiI.TP749172"," 3"," 6703859","","0.6900","A"
"4","Trait5","pKWmEB","NsiI.TP561476"," 3"," 6721083","","0.4704","C"
"4","Trait5","pKWmEB","NsiI.TP453301"," 3"," 6733897","","0.0253","A"
"4","Trait5","pKWmEB","PstI.TP1153192"," 3"," 6746550","","0.8851","A"
"4","Trait5","pKWmEB","NsiI.TP112463"," 3"," 6752843","","0.3852","A"
"4","Trait5","pKWmEB","NsiI.TP536712"," 3"," 6767531","","0.0619","G"
"4","Trait5","pKWmEB","NsiI.TP591503"," 3"," 6784461","","0.1881","A"
"4","Trait5","pKWmEB","PstI.TP258827"," 3"," 6794341","","0.0479","A"
"4","Trait5","pKWmEB","PstI.TP29525"," 3"," 6810228","","0.2269","A"
"4","Trait5","pKWmEB","PstI.TP1251703"," 3"," 6837058","","0.7713","A"
"4","Trait5","pKWmEB","PstI.TP678449"," 3"," 6895124","","0.5419","A"
"4","Trait5","pKWmEB","PstI.TP377631"," 3"," 6940601","","0.3519","A"
"4","Trait5","pKWmEB","NsiI.TP810809"," 3"," 6959086","","0.7936","A"
"4","Trait5","pKWmEB","PstI.TP1142314"," 3"," 6981311","","0.3259","G"
"4","Trait5","pKWmEB","PstI.TP786913"," 3"," 6996621","","0.2888","A"
"4","Trait5","pKWmEB","PstI.TP265208"," 3"," 7057209","","0.6363","C"
"4","Trait5","pKWmEB","PstI.TP286294"," 3"," 7073229","","0.2595","C"
"4","Trait5","pKWmEB","PstI.TP1051109"," 3"," 7082779","","0.1204","C"
"4","Trait5","pKWmEB","PstI.TP977013"," 3"," 7090045","","0.4322","C"
"4","Trait5","pKWmEB","NsiI.TP291065"," 3"," 7124215","","0.8010","A"
"4","Trait5","pKWmEB","NsiI.TP444857"," 3"," 7126264","","0.1238","A"
"4","Trait5","pKWmEB","PstI.TP911625"," 3"," 7132239","","0.2144","C"
"4","Trait5","pKWmEB","PstI.TP1027731"," 3"," 7144004","","0.1882","A"
"4","Trait5","pKWmEB","PstI.TP65397"," 3"," 7162104","","0.9350","A"
"4","Trait5","pKWmEB","PstI.TP476897"," 3"," 7193887","","0.0000","A"
"4","Trait5","pKWmEB","PstI.TP69148"," 3"," 7211746","","1.1194","A"
"4","Trait5","pKWmEB","PstI.TP101298"," 3"," 7218627","","0.5516","C"
"4","Trait5","pKWmEB","PstI.TP630492"," 3"," 7227693","","1.0400","C"
"4","Trait5","pKWmEB","NsiI.TP557979"," 3"," 7233715","","0.7069","A"
"4","Trait5","pKWmEB","NsiI.TP228391"," 3"," 7255373","","0.3454","C"
"4","Trait5","pKWmEB","NsiI.TP666753"," 3"," 7258282","","0.3847","A"
"4","Trait5","pKWmEB","NsiI.TP515361"," 3"," 7327286","","0.1696","A"
"4","Trait5","pKWmEB","PstI.TP238084"," 3"," 7339640","","0.4693","C"
"4","Trait5","pKWmEB","PstI.TP1226186"," 3"," 7342289","","0.7817","C"
"4","Trait5","pKWmEB","NsiI.TP420657"," 3"," 7345169","","0.0978","A"
"4","Trait5","pKWmEB","PstI.TP346513"," 3"," 7347907","","1.0936","G"
"4","Trait5","pKWmEB","PstI.TP1246626"," 3"," 7356019","","0.1867","A"
"4","Trait5","pKWmEB","NsiI.TP555534"," 3"," 7370035","","0.0219","C"
"4","Trait5","pKWmEB","PstI.TP889842"," 3"," 7384338","","0.0134","C"
"4","Trait5","pKWmEB","PstI.TP1280623"," 3"," 7412529","","0.1123","C"
"4","Trait5","pKWmEB","PstI.TP202435"," 3"," 7414396","","0.7825","C"
"4","Trait5","pKWmEB","GFSSContig12703_673"," 3"," 7426013","","0.5523","T"
"4","Trait5","pKWmEB","NsiI.TP462576"," 3"," 7449896","","0.4353","C"
"4","Trait5","pKWmEB","NsiI.TP221520"," 3"," 7460639","","0.1999","A"
"4","Trait5","pKWmEB","NsiI.TP461474"," 3"," 7462706","","0.3191","C"
"4","Trait5","pKWmEB","PstI.TP864108"," 3"," 7475336","","0.0027","A"
"4","Trait5","pKWmEB","PstI.TP391194"," 3"," 7481176","","0.0975","G"
"4","Trait5","pKWmEB","NsiI.TP468961"," 3"," 7495751","","0.6179","C"
"4","Trait5","pKWmEB","PstI.TP226226"," 3"," 7504729","","1.6730","A"
"4","Trait5","pKWmEB","PstI.TP413820"," 3"," 7504817","","0.6986","G"
"4","Trait5","pKWmEB","NsiI.TP503043"," 3"," 7505890","","0.5107","C"
"4","Trait5","pKWmEB","NsiI.TP41559"," 3"," 7520352","","1.2703","C"
"4","Trait5","pKWmEB","PstI.TP39746"," 3"," 7551318","","0.5189","A"
"4","Trait5","pKWmEB","PstI.TP364785"," 3"," 7551383","","0.0263","A"
"4","Trait5","pKWmEB","PstI.TP170727"," 3"," 7559445","","0.2635","C"
"4","Trait5","pKWmEB","PstI.TP541042"," 3"," 7567947","","0.3196","C"
"4","Trait5","pKWmEB","PstI.TP796"," 3"," 7618646","","0.0244","G"
"4","Trait5","pKWmEB","PstI.TP877625"," 3"," 7621796","","0.2747","G"
"4","Trait5","pKWmEB","PstI.TP492586"," 3"," 7659432","","0.3293","C"
"4","Trait5","pKWmEB","NsiI.TP527435"," 3"," 7664263","","0.0044","A"
"4","Trait5","pKWmEB","NsiI.TP520378"," 3"," 7666924","","0.0104","C"
"4","Trait5","pKWmEB","PstI.TP736914"," 3"," 7689930","","0.1400","A"
"4","Trait5","pKWmEB","PstI.TP115526"," 3"," 7689963","","0.7143","A"
"4","Trait5","pKWmEB","NsiI.TP502976"," 3"," 7719502","","0.3175","A"
"4","Trait5","pKWmEB","NsiI.TP815195"," 3"," 7719514","","0.2929","C"
"4","Trait5","pKWmEB","PstI.TP247152"," 3"," 7734239","","0.8301","A"
"4","Trait5","pKWmEB","NsiI.TP26749"," 3"," 7739731","","0.0707","G"
"4","Trait5","pKWmEB","NsiI.TP682311"," 3"," 7752663","","0.3440","A"
"4","Trait5","pKWmEB","NsiI.TP619610"," 3"," 7784428","","0.0360","A"
"4","Trait5","pKWmEB","PstI.TP776290"," 3"," 7831939","","0.2174","A"
"4","Trait5","pKWmEB","PstI.TP9228"," 3"," 7843942","","0.0579","A"
"4","Trait5","pKWmEB","NsiI.TP805734"," 3"," 7851544","","0.4069","C"
"4","Trait5","pKWmEB","PstI.TP521455"," 3"," 7881226","","1.3211","C"
"4","Trait5","pKWmEB","PstI.TP166748"," 3"," 7900736","","0.8527","A"
"4","Trait5","pKWmEB","PstI.TP625206"," 3"," 7926813","","0.1379","A"
"4","Trait5","pKWmEB","PstI.TP320499"," 3"," 7930219","","1.1412","A"
"4","Trait5","pKWmEB","PstI.TP398799"," 3"," 7944638","","0.3578","A"
"4","Trait5","pKWmEB","PstI.TP1212954"," 3"," 7944653","","0.4081","G"
"4","Trait5","pKWmEB","NsiI.TP188258"," 3"," 7978302","","0.9774","G"
"4","Trait5","pKWmEB","NsiI.TP227395"," 3"," 7991942","","0.6185","A"
"4","Trait5","pKWmEB","NsiI.TP361163"," 3"," 8012389","","0.4037","A"
"4","Trait5","pKWmEB","PstI.TP865095"," 3"," 8019519","","0.2611","A"
"4","Trait5","pKWmEB","PstI.TP1149566"," 3"," 8032699","","0.1032","C"
"4","Trait5","pKWmEB","NsiI.TP694488"," 3"," 8044879","","0.4658","C"
"4","Trait5","pKWmEB","NsiI.TP739448"," 3"," 8062502","","0.3210","C"
"4","Trait5","pKWmEB","NsiI.TP713583"," 3"," 8063584","","0.7251","A"
"4","Trait5","pKWmEB","PstI.TP756287"," 3"," 8078660","","0.7878","C"
"4","Trait5","pKWmEB","NsiI.TP372565"," 3"," 8086953","","1.0760","C"
"4","Trait5","pKWmEB","NsiI.TP484594"," 3"," 8103903","","0.2363","A"
"4","Trait5","pKWmEB","PstI.TP175787"," 3"," 8122423","","0.1646","G"
"4","Trait5","pKWmEB","PstI.TP175786"," 3"," 8122431","","0.7758","G"
"4","Trait5","pKWmEB","PstI.TP72853"," 3"," 8138919","","0.4737","A"
"4","Trait5","pKWmEB","NsiI.TP93299"," 3"," 8149998","","0.4657","C"
"4","Trait5","pKWmEB","NsiI.TP825037"," 3"," 8167210","","0.0715","A"
"4","Trait5","pKWmEB","PstI.TP1258336"," 3"," 8199860","","0.1564","A"
"4","Trait5","pKWmEB","NsiI.TP831870"," 3"," 8283766","","1.1588","C"
"4","Trait5","pKWmEB","PstI.TP365495"," 3"," 8362234","","0.9884","A"
"4","Trait5","pKWmEB","NsiI.TP654742"," 3"," 8368746","","0.2067","G"
"4","Trait5","pKWmEB","PstI.TP1032548"," 3"," 8384565","","0.0256","A"
"4","Trait5","pKWmEB","PstI.TP312198"," 3"," 8384639","","0.3209","C"
"4","Trait5","pKWmEB","NsiI.TP416338"," 3"," 8397389","","0.9682","A"
"4","Trait5","pKWmEB","PstI.TP820558"," 3"," 8412197","","0.0793","C"
"4","Trait5","pKWmEB","PstI.TP740179"," 3"," 8414014","","0.1604","A"
"4","Trait5","pKWmEB","NsiI.TP172900"," 3"," 8425723","","0.6084","A"
"4","Trait5","pKWmEB","NsiI.TP115044"," 3"," 8438259","","0.9046","A"
"4","Trait5","pKWmEB","PstI.TP854255"," 3"," 8438795","","0.8095","A"
"4","Trait5","pKWmEB","NsiI.TP177270"," 3"," 8466701","","0.1352","A"
"4","Trait5","pKWmEB","PstI.TP18321"," 3"," 8476005","","0.0087","C"
"4","Trait5","pKWmEB","PstI.TP18322"," 3"," 8476007","","0.4827","A"
"4","Trait5","pKWmEB","PstI.TP1107426"," 3"," 8476812","","1.9520","G"
"4","Trait5","pKWmEB","NsiI.TP458763"," 3"," 8481480","","0.3772","C"
"4","Trait5","pKWmEB","NsiI.TP673972"," 3"," 8500378","","0.8307","G"
"4","Trait5","pKWmEB","NsiI.TP672275"," 3"," 8500394","","0.0699","C"
"4","Trait5","pKWmEB","PstI.TP1227132"," 3"," 8500895","","1.2478","C"
"4","Trait5","pKWmEB","PstI.TP788810"," 3"," 8503251","","0.3348","G"
"4","Trait5","pKWmEB","NsiI.TP536805"," 3"," 8503418","","0.3965","A"
"4","Trait5","pKWmEB","PstI.TP734462"," 3"," 8515425","","0.3367","C"
"4","Trait5","pKWmEB","PstI.TP1193854"," 3"," 8521345","","0.0577","A"
"4","Trait5","pKWmEB","PstI.TP991359"," 3"," 8535072","","0.2925","A"
"4","Trait5","pKWmEB","PstI.TP466413"," 3"," 8627003","","0.1571","A"
"4","Trait5","pKWmEB","NsiI.TP718157"," 3"," 8632016","","0.1698","A"
"4","Trait5","pKWmEB","NsiI.TP520155"," 3"," 8650404","","1.1304","C"
"4","Trait5","pKWmEB","NsiI.TP41268"," 3"," 8668358","","0.0773","A"
"4","Trait5","pKWmEB","NsiI.TP179661"," 3"," 8669703","","0.2944","G"
"4","Trait5","pKWmEB","NsiI.TP590826"," 3"," 8669765","","0.6195","A"
"4","Trait5","pKWmEB","PstI.TP1251067"," 3"," 8677858","","0.4827","A"
"4","Trait5","pKWmEB","PstI.TP132940"," 3"," 8690384","","0.2178","C"
"4","Trait5","pKWmEB","NsiI.TP626418"," 3"," 8691415","","0.3110","A"
"4","Trait5","pKWmEB","NsiI.TP83855"," 3"," 8719140","","0.4257","C"
"4","Trait5","pKWmEB","PstI.TP752859"," 3"," 8719958","","0.8767","C"
"4","Trait5","pKWmEB","PstI.TP1098048"," 3"," 8729042","","0.1771","A"
"4","Trait5","pKWmEB","NsiI.TP298419"," 3"," 8739444","","0.3631","G"
"4","Trait5","pKWmEB","PstI.TP1208950"," 3"," 8740326","","1.3318","C"
"4","Trait5","pKWmEB","PstI.TP692200"," 3"," 8782578","","0.2180","C"
"4","Trait5","pKWmEB","PstI.TP842828"," 3"," 8783224","","0.2146","C"
"4","Trait5","pKWmEB","NsiI.TP337348"," 3"," 8788016","","0.4449","A"
"4","Trait5","pKWmEB","PstI.TP810363"," 3"," 8828897","","0.0755","C"
"4","Trait5","pKWmEB","PstI.TP913405"," 3"," 8829755","","0.6795","G"
"4","Trait5","pKWmEB","PstI.TP1023093"," 3"," 8895686","","0.7036","A"
"4","Trait5","pKWmEB","PstI.TP303642"," 3"," 8895952","","0.0784","A"
"4","Trait5","pKWmEB","PstI.TP83629"," 3"," 8924840","","0.3046","A"
"4","Trait5","pKWmEB","PstI.TP83631"," 3"," 8924840","","0.0885","G"
"4","Trait5","pKWmEB","PstI.TP163530"," 3"," 8926322","","0.2553","C"
"4","Trait5","pKWmEB","PstI.TP1080743"," 3"," 8926434","","0.5909","A"
"4","Trait5","pKWmEB","PstI.TP629794"," 3"," 8934220","","0.1435","A"
"4","Trait5","pKWmEB","NsiI.TP112582"," 3"," 8984652","","0.0576","G"
"4","Trait5","pKWmEB","NsiI.TP202071"," 3"," 9002455","","0.7347","C"
"4","Trait5","pKWmEB","PstI.TP788471"," 3"," 9034927","","0.1323","G"
"4","Trait5","pKWmEB","PstI.TP223614"," 3"," 9044171","","1.8772","A"
"4","Trait5","pKWmEB","NsiI.TP670689"," 3"," 9048290","","0.0385","C"
"4","Trait5","pKWmEB","NsiI.TP426233"," 3"," 9066857","","0.0308","A"
"4","Trait5","pKWmEB","PstI.TP587242"," 3"," 9088919","","0.0793","A"
"4","Trait5","pKWmEB","PstI.TP490616"," 3"," 9155706","","1.2127","A"
"4","Trait5","pKWmEB","NsiI.TP689916"," 3"," 9158804","","0.8968","A"
"4","Trait5","pKWmEB","NsiI.TP669791"," 3"," 9159334","","0.8196","G"
"4","Trait5","pKWmEB","NsiI.TP669792"," 3"," 9159336","","0.1871","C"
"4","Trait5","pKWmEB","NsiI.TP37587"," 3"," 9187241","","0.1801","A"
"4","Trait5","pKWmEB","PstI.TP1127055"," 3"," 9190752","","0.2320","C"
"4","Trait5","pKWmEB","PstI.TP735684"," 3"," 9221825","","0.1328","A"
"4","Trait5","pKWmEB","NsiI.TP794177"," 3"," 9313268","","0.1100","A"
"4","Trait5","pKWmEB","PstI.TP1043154"," 3"," 9321488","","1.2292","C"
"4","Trait5","pKWmEB","PstI.TP241235"," 3"," 9336109","","0.0776","A"
"4","Trait5","pKWmEB","PstI.TP962023"," 3"," 9348960","","0.0814","A"
"4","Trait5","pKWmEB","PstI.TP177547"," 3"," 9427471","","0.1254","A"
"4","Trait5","pKWmEB","PstI.TP110121"," 3"," 9496981","","0.1048","C"
"4","Trait5","pKWmEB","PstI.TP12740"," 3"," 9502386","","0.2389","C"
"4","Trait5","pKWmEB","NsiI.TP797517"," 3"," 9504402","","1.1140","C"
"4","Trait5","pKWmEB","NsiI.TP616060"," 3"," 9505059","","0.2487","C"
"4","Trait5","pKWmEB","PstI.TP849003"," 3"," 9532818","","0.2628","C"
"4","Trait5","pKWmEB","PstI.TP788752"," 3"," 9543251","","0.0442","A"
"4","Trait5","pKWmEB","PstI.TP495915"," 3"," 9545050","","0.0173","G"
"4","Trait5","pKWmEB","NsiI.TP241228"," 3"," 9570669","","0.4861","C"
"4","Trait5","pKWmEB","NsiI.TP191951"," 3"," 9570768","","0.0125","A"
"4","Trait5","pKWmEB","NsiI.TP497451"," 3"," 9571031","","1.4834","C"
"4","Trait5","pKWmEB","PstI.TP937546"," 3"," 9571551","","0.1086","G"
"4","Trait5","pKWmEB","NsiI.TP401662"," 3"," 9571797","","0.7041","C"
"4","Trait5","pKWmEB","NsiI.TP394652"," 3"," 9571817","","1.0703","A"
"4","Trait5","pKWmEB","PstI.TP909510"," 3"," 9589677","","0.2779","A"
"4","Trait5","pKWmEB","NsiI.TP404561"," 3"," 9590427","","0.0017","A"
"4","Trait5","pKWmEB","PstI.TP99312"," 3"," 9601934","","0.1229","A"
"4","Trait5","pKWmEB","GFSSContig17769_257"," 3"," 9603539","","0.4107","T"
"4","Trait5","pKWmEB","PstI.TP1268817"," 3"," 9611335","","0.3148","C"
"4","Trait5","pKWmEB","PstI.TP504482"," 3"," 9613005","","0.0711","A"
"4","Trait5","pKWmEB","PstI.TP1064081"," 3"," 9621573","","0.1873","C"
"4","Trait5","pKWmEB","PstI.TP1064078"," 3"," 9621608","","0.3226","C"
"4","Trait5","pKWmEB","NsiI.TP771309"," 3"," 9646331","","0.2379","A"
"4","Trait5","pKWmEB","PstI.TP735032"," 3"," 9654444","","0.7808","A"
"4","Trait5","pKWmEB","PstI.TP944631"," 3"," 9661977","","0.1190","A"
"4","Trait5","pKWmEB","PstI.TP1127453"," 3"," 9694051","","0.0822","C"
"4","Trait5","pKWmEB","PstI.TP1027916"," 3"," 9697919","","0.0893","C"
"4","Trait5","pKWmEB","NsiI.TP718128"," 3"," 9698802","","0.2560","A"
"4","Trait5","pKWmEB","NsiI.TP515271"," 3"," 9700583","","0.9852","C"
"4","Trait5","pKWmEB","PstI.TP1222764"," 3"," 9701990","","0.3491","A"
"4","Trait5","pKWmEB","PstI.TP1055594"," 3"," 9702203","","0.4006","C"
"4","Trait5","pKWmEB","NsiI.TP287399"," 3"," 9710589","","0.0739","A"
"4","Trait5","pKWmEB","PstI.TP364404"," 3"," 9713912","","1.0838","G"
"4","Trait5","pKWmEB","NsiI.TP580136"," 3"," 9714131","","0.1640","A"
"4","Trait5","pKWmEB","PstI.TP25906"," 3"," 9734512","","0.0810","A"
"4","Trait5","pKWmEB","PstI.TP913237"," 3"," 9787095","","0.0257","C"
"4","Trait5","pKWmEB","PstI.TP56525"," 3"," 9789280","","0.3665","A"
"4","Trait5","pKWmEB","PstI.TP1166832"," 3"," 9820668","","0.5669","A"
"4","Trait5","pKWmEB","PstI.TP115855"," 3"," 9836311","","0.1319","G"
"4","Trait5","pKWmEB","PstI.TP885055"," 3"," 9863789","","0.0107","A"
"4","Trait5","pKWmEB","PstI.TP422072"," 3"," 9885778","","0.4506","C"
"4","Trait5","pKWmEB","PstI.TP667305"," 3"," 9919030","","0.8352","A"
"4","Trait5","pKWmEB","PstI.TP225921"," 3"," 9970806","","0.0639","C"
"4","Trait5","pKWmEB","PstI.TP225611"," 3"," 9970824","","0.5622","A"
"4","Trait5","pKWmEB","PstI.TP183034"," 3"," 9973059","","0.2924","A"
"4","Trait5","pKWmEB","NsiI.TP576056"," 3"," 9976848","","0.2889","C"
"4","Trait5","pKWmEB","PstI.TP510262"," 3","10002322","","0.4277","C"
"4","Trait5","pKWmEB","PstI.TP122691"," 3","10005408","","0.0239","C"
"4","Trait5","pKWmEB","NsiI.TP532766"," 3","10008044","","0.6872","C"
"4","Trait5","pKWmEB","GFSSContig12794_648"," 3","10010768","","0.5690","T"
"4","Trait5","pKWmEB","PstI.TP803734"," 3","10034801","","0.1333","C"
"4","Trait5","pKWmEB","PstI.TP256389"," 3","10043104","","0.0283","C"
"4","Trait5","pKWmEB","NsiI.TP755529"," 3","10065212","","0.0840","C"
"4","Trait5","pKWmEB","PstI.TP788512"," 3","10065778","","0.1891","A"
"4","Trait5","pKWmEB","NsiI.TP60998"," 3","10070529","","0.2340","C"
"4","Trait5","pKWmEB","PstI.TP1233098"," 3","10075325","","0.5931","C"
"4","Trait5","pKWmEB","PstI.TP36054"," 3","10093232","","0.2116","A"
"4","Trait5","pKWmEB","PstI.TP764611"," 3","10097873","","0.7852","A"
"4","Trait5","pKWmEB","NsiI.TP238093"," 3","10105373","","0.0558","A"
"4","Trait5","pKWmEB","PstI.TP808072"," 3","10105565","","0.1649","C"
"4","Trait5","pKWmEB","PstI.TP214139"," 3","10115683","","0.5921","A"
"4","Trait5","pKWmEB","NsiI.TP216204"," 3","10213700","","0.2708","A"
"4","Trait5","pKWmEB","PstI.TP181227"," 3","10213933","","0.1665","A"
"4","Trait5","pKWmEB","NsiI.TP245352"," 3","10232945","","0.6626","A"
"4","Trait5","pKWmEB","PstI.TP461393"," 3","10232947","","0.0035","A"
"4","Trait5","pKWmEB","PstI.TP600909"," 3","10254363","","0.1525","C"
"4","Trait5","pKWmEB","PstI.TP218767"," 3","10270309","","0.4845","C"
"4","Trait5","pKWmEB","PstI.TP402502"," 3","10299573","","0.2120","G"
"4","Trait5","pKWmEB","NsiI.TP698403"," 3","10302201","","0.1109","A"
"4","Trait5","pKWmEB","PstI.TP849286"," 3","10316458","","0.0691","G"
"4","Trait5","pKWmEB","PstI.TP1198821"," 3","10317729","","0.7322","A"
"4","Trait5","pKWmEB","NsiI.TP438949"," 3","10369781","","0.0762","A"
"4","Trait5","pKWmEB","PstI.TP417418"," 3","10369860","","0.4541","A"
"4","Trait5","pKWmEB","PstI.TP237435"," 3","10383816","","0.9437","C"
"4","Trait5","pKWmEB","PstI.TP950949"," 3","10385762","","0.6301","C"
"4","Trait5","pKWmEB","PstI.TP300328"," 3","10399618","","0.0215","A"
"4","Trait5","pKWmEB","NsiI.TP364233"," 3","10442574","","0.0996","A"
"4","Trait5","pKWmEB","PstI.TP691574"," 3","10455989","","0.5699","A"
"4","Trait5","pKWmEB","PstI.TP707848"," 3","10456060","","0.4604","C"
"4","Trait5","pKWmEB","PstI.TP932606"," 3","10490441","","0.8475","C"
"4","Trait5","pKWmEB","PstI.TP1079651"," 3","10526525","","0.0899","C"
"4","Trait5","pKWmEB","NsiI.TP403260"," 3","10532753","","1.5942","A"
"4","Trait5","pKWmEB","PstI.TP1237174"," 3","10547074","","0.9471","A"
"4","Trait5","pKWmEB","PstI.TP15772"," 3","10547132","","0.8504","A"
"4","Trait5","pKWmEB","NsiI.TP217148"," 3","10559850","","0.0519","A"
"4","Trait5","pKWmEB","NsiI.TP137100"," 3","10611582","","0.0865","A"
"4","Trait5","pKWmEB","NsiI.TP137099"," 3","10611590","","0.3523","C"
"4","Trait5","pKWmEB","NsiI.TP591571"," 3","10614751","","1.3865","C"
"4","Trait5","pKWmEB","PstI.TP884257"," 3","10631587","","0.1070","C"
"4","Trait5","pKWmEB","PstI.TP20394"," 3","10668193","","0.4907","C"
"4","Trait5","pKWmEB","PstI.TP675793"," 3","10722066","","0.0260","A"
"4","Trait5","pKWmEB","PstI.TP718531"," 3","10722354","","1.3423","G"
"4","Trait5","pKWmEB","NsiI.TP643016"," 3","10749174","","0.5232","A"
"4","Trait5","pKWmEB","PstI.TP210857"," 3","10749271","","0.7592","A"
"4","Trait5","pKWmEB","NsiI.TP297416"," 3","10749850","","0.4368","C"
"4","Trait5","pKWmEB","PstI.TP1079805"," 3","10764412","","0.5628","A"
"4","Trait5","pKWmEB","PstI.TP885273"," 3","10777425","","0.3149","C"
"4","Trait5","pKWmEB","GFSSContig19553_1853"," 3","10802480","","1.0797","T"
"4","Trait5","pKWmEB","PstI.TP1226324"," 3","10805986","","0.4095","C"
"4","Trait5","pKWmEB","PstI.TP187861"," 3","10814651","","0.1489","A"
"4","Trait5","pKWmEB","PstI.TP1084418"," 3","10906949","","0.5133","A"
"4","Trait5","pKWmEB","PstI.TP433171"," 3","10952394","","1.6106","A"
"4","Trait5","pKWmEB","NsiI.TP725467"," 3","10967015","","0.4628","C"
"4","Trait5","pKWmEB","PstI.TP862253"," 3","10977331","","0.3671","A"
"4","Trait5","pKWmEB","PstI.TP1261979"," 3","10993379","","1.0152","A"
"4","Trait5","pKWmEB","PstI.TP575380"," 3","10993468","","0.3866","A"
"4","Trait5","pKWmEB","NsiI.TP449361"," 3","11015929","","0.4206","A"
"4","Trait5","pKWmEB","PstI.TP1256117"," 3","11017293","","0.4754","C"
"4","Trait5","pKWmEB","NsiI.TP255959"," 3","11040031","","0.0997","A"
"4","Trait5","pKWmEB","PstI.TP782149"," 3","11041154","","0.2884","A"
"4","Trait5","pKWmEB","PstI.TP178400"," 3","11041210","","0.5521","A"
"4","Trait5","pKWmEB","PstI.TP647008"," 3","11041234","","0.7319","C"
"4","Trait5","pKWmEB","NsiI.TP131565"," 3","11085778","","0.1390","C"
"4","Trait5","pKWmEB","NsiI.TP225180"," 3","11100193","","0.7490","A"
"4","Trait5","pKWmEB","NsiI.TP249405"," 3","11104348","","0.2608","G"
"4","Trait5","pKWmEB","PstI.TP1102395"," 3","11109705","","0.1856","C"
"4","Trait5","pKWmEB","PstI.TP1126899"," 3","11139100","","0.1295","A"
"4","Trait5","pKWmEB","NsiI.TP313537"," 3","11149200","","0.0082","A"
"4","Trait5","pKWmEB","PstI.TP1215110"," 3","11170159","","0.6000","A"
"4","Trait5","pKWmEB","NsiI.TP358308"," 3","11232963","","0.1987","A"
"4","Trait5","pKWmEB","PstI.TP108184"," 3","11234426","","0.2304","A"
"4","Trait5","pKWmEB","PstI.TP513105"," 3","11237478","","0.1746","A"
"4","Trait5","pKWmEB","PstI.TP910355"," 3","11278736","","0.2912","A"
"4","Trait5","pKWmEB","PstI.TP253967"," 3","11279127","","0.1729","A"
"4","Trait5","pKWmEB","NsiI.TP609355"," 3","11279977","","0.8077","A"
"4","Trait5","pKWmEB","PstI.TP46130"," 3","11289615","","0.6423","A"
"4","Trait5","pKWmEB","PstI.TP1290066"," 3","11291286","","0.8427","A"
"4","Trait5","pKWmEB","NsiI.TP107484"," 3","11301567","","0.7590","C"
"4","Trait5","pKWmEB","NsiI.TP420176"," 3","11348401","","0.5936","G"
"4","Trait5","pKWmEB","PstI.TP711381"," 3","11355125","","0.0182","C"
"4","Trait5","pKWmEB","PstI.TP1288470"," 3","11375569","","0.0452","C"
"4","Trait5","pKWmEB","PstI.TP377249"," 3","11377265","","0.0357","A"
"4","Trait5","pKWmEB","NsiI.TP413615"," 3","11401977","","0.4712","A"
"4","Trait5","pKWmEB","PstI.TP853014"," 3","11408141","","0.2513","A"
"4","Trait5","pKWmEB","PstI.TP1143613"," 3","11471096","","0.1318","C"
"4","Trait5","pKWmEB","NsiI.TP184008"," 3","11490897","","0.0036","A"
"4","Trait5","pKWmEB","NsiI.TP619563"," 3","11513513","","0.0523","A"
"4","Trait5","pKWmEB","PstI.TP1217016"," 3","11532831","","1.3028","A"
"4","Trait5","pKWmEB","NsiI.TP125550"," 3","11550598","","0.5284","A"
"4","Trait5","pKWmEB","PstI.TP115547"," 3","11558444","","0.5286","C"
"4","Trait5","pKWmEB","PstI.TP840581"," 3","11558496","","0.5341","A"
"4","Trait5","pKWmEB","PstI.TP1086017"," 3","11602118","","0.1510","C"
"4","Trait5","pKWmEB","NsiI.TP249146"," 3","11611514","","0.0311","A"
"4","Trait5","pKWmEB","NsiI.TP694899"," 3","11621467","","0.0389","A"
"4","Trait5","pKWmEB","NsiI.TP668937"," 3","11645348","","0.1555","A"
"4","Trait5","pKWmEB","PstI.TP262333"," 3","11703052","","0.1772","A"
"4","Trait5","pKWmEB","PstI.TP697323"," 3","11724725","","0.1873","A"
"4","Trait5","pKWmEB","PstI.TP412274"," 3","11727072","","0.2154","C"
"4","Trait5","pKWmEB","GFSSContig12271_165"," 3","11754183","","0.1868","A"
"4","Trait5","pKWmEB","PstI.TP1007552"," 3","11754660","","0.5107","C"
"4","Trait5","pKWmEB","PstI.TP895240"," 3","11789978","","0.2263","A"
"4","Trait5","pKWmEB","PstI.TP1092235"," 3","11792122","","0.1943","A"
"4","Trait5","pKWmEB","NsiI.TP108844"," 3","11797171","","0.0412","A"
"4","Trait5","pKWmEB","PstI.TP750640"," 3","11819956","","0.6090","C"
"4","Trait5","pKWmEB","NsiI.TP434679"," 3","11842346","","0.5252","C"
"4","Trait5","pKWmEB","PstI.TP842954"," 3","11857444","","0.0285","A"
"4","Trait5","pKWmEB","NsiI.TP467984"," 3","11869759","","0.1231","C"
"4","Trait5","pKWmEB","NsiI.TP642657"," 3","11869779","","0.0540","A"
"4","Trait5","pKWmEB","NsiI.TP486680"," 3","11870201","","0.3458","G"
"4","Trait5","pKWmEB","PstI.TP24971"," 3","11892571","","0.0708","A"
"4","Trait5","pKWmEB","NsiI.TP807676"," 3","11959108","","0.1107","C"
"4","Trait5","pKWmEB","PstI.TP1073882"," 3","11959153","","1.5468","C"
"4","Trait5","pKWmEB","PstI.TP340845"," 3","11967839","","0.4841","C"
"4","Trait5","pKWmEB","PstI.TP1292795"," 3","11984245","","0.2350","A"
"4","Trait5","pKWmEB","PstI.TP814395"," 3","12067947","","1.7993","C"
"4","Trait5","pKWmEB","PstI.TP814397"," 3","12067993","","1.5765","C"
"4","Trait5","pKWmEB","PstI.TP597894"," 3","12103125","","0.0815","C"
"4","Trait5","pKWmEB","PstI.TP350622"," 3","12106094","","0.6482","A"
"4","Trait5","pKWmEB","PstI.TP1266207"," 3","12109877","","0.5156","C"
"4","Trait5","pKWmEB","GFSSContig19896_719"," 3","12136535","","0.4171","T"
"4","Trait5","pKWmEB","PstI.TP797446"," 3","12140520","","0.2220","A"
"4","Trait5","pKWmEB","NsiI.TP645342"," 3","12164037","","0.1926","A"
"4","Trait5","pKWmEB","NsiI.TP664405"," 3","12167133","","0.0903","C"
"4","Trait5","pKWmEB","NsiI.TP422936"," 3","12174028","","0.0752","A"
"4","Trait5","pKWmEB","PstI.TP370724"," 3","12222692","","0.1679","A"
"4","Trait5","pKWmEB","PstI.TP68880"," 3","12222755","","0.6772","A"
"4","Trait5","pKWmEB","NsiI.TP199924"," 3","12234930","","0.2525","A"
"4","Trait5","pKWmEB","NsiI.TP181568"," 3","12237706","","0.7525","C"
"4","Trait5","pKWmEB","PstI.TP1043865"," 3","12238339","","0.0558","A"
"4","Trait5","pKWmEB","NsiI.TP769803"," 3","12238811","","0.7044","A"
"4","Trait5","pKWmEB","PstI.TP413401"," 3","12299683","","0.2356","C"
"4","Trait5","pKWmEB","PstI.TP302826"," 3","12312514","","0.3598","C"
"4","Trait5","pKWmEB","PstI.TP1235051"," 3","12315286","","0.0399","C"
"4","Trait5","pKWmEB","PstI.TP273678"," 3","12316343","","1.3066","A"
"4","Trait5","pKWmEB","NsiI.TP519965"," 3","12385588","","0.4766","A"
"4","Trait5","pKWmEB","PstI.TP140809"," 3","12430671","","0.0267","A"
"4","Trait5","pKWmEB","NsiI.TP817180"," 3","12436618","","0.2722","A"
"4","Trait5","pKWmEB","PstI.TP154031"," 3","12467058","","0.1702","G"
"4","Trait5","pKWmEB","PstI.TP460053"," 3","12467100","","0.2707","G"
"4","Trait5","pKWmEB","PstI.TP111267"," 3","12467817","","0.0915","A"
"4","Trait5","pKWmEB","PstI.TP948477"," 3","12469423","","0.4049","A"
"4","Trait5","pKWmEB","PstI.TP208155"," 3","12469663","","0.1734","A"
"4","Trait5","pKWmEB","PstI.TP1182919"," 3","12471856","","1.7968","C"
"4","Trait5","pKWmEB","PstI.TP131729"," 3","12472832","","0.0053","A"
"4","Trait5","pKWmEB","PstI.TP799567"," 3","12474394","","0.5988","G"
"4","Trait5","pKWmEB","PstI.TP901193"," 3","12590444","","0.1594","G"
"4","Trait5","pKWmEB","PstI.TP845682"," 3","12624260","","0.5813","C"
"4","Trait5","pKWmEB","NsiI.TP113668"," 3","12624893","","1.0984","C"
"4","Trait5","pKWmEB","NsiI.TP514380"," 3","12668487","","0.4748","C"
"4","Trait5","pKWmEB","PstI.TP240327"," 3","12693160","","0.7273","A"
"4","Trait5","pKWmEB","PstI.TP211419"," 3","12715735","","0.0707","C"
"4","Trait5","pKWmEB","PstI.TP308412"," 3","12715828","","1.0700","A"
"4","Trait5","pKWmEB","PstI.TP105023"," 3","12716065","","1.7684","A"
"4","Trait5","pKWmEB","NsiI.TP327055"," 3","12746343","","0.0457","A"
"4","Trait5","pKWmEB","PstI.TP1025510"," 3","12856217","","0.4931","A"
"4","Trait5","pKWmEB","NsiI.TP308651"," 3","12865039","","0.2267","A"
"4","Trait5","pKWmEB","PstI.TP934416"," 3","12865830","","0.9768","A"
"4","Trait5","pKWmEB","NsiI.TP820115"," 3","12885820","","1.3813","A"
"4","Trait5","pKWmEB","PstI.TP794413"," 3","12896526","","0.4636","G"
"4","Trait5","pKWmEB","PstI.TP203633"," 3","12897920","","0.2982","C"
"4","Trait5","pKWmEB","NsiI.TP156234"," 3","12904371","","0.3059","C"
"4","Trait5","pKWmEB","PstI.TP333090"," 3","12932645","","0.0000","A"
"4","Trait5","pKWmEB","NsiI.TP824652"," 3","12949828","","0.5548","A"
"4","Trait5","pKWmEB","PstI.TP861895"," 3","12987175","","0.3117","C"
"4","Trait5","pKWmEB","NsiI.TP563229"," 3","13084031","","0.1837","A"
"4","Trait5","pKWmEB","NsiI.TP779342"," 3","13084298","","1.8170","C"
"4","Trait5","pKWmEB","PstI.TP53378"," 3","13096862","","0.8799","C"
"4","Trait5","pKWmEB","PstI.TP1034276"," 3","13098892","","0.6165","A"
"4","Trait5","pKWmEB","NsiI.TP35265"," 3","13099689","","0.1289","A"
"4","Trait5","pKWmEB","NsiI.TP27544"," 3","13133154","","0.1662","A"
"4","Trait5","pKWmEB","NsiI.TP65406"," 3","13181164","","0.5230","C"
"4","Trait5","pKWmEB","NsiI.TP462384"," 3","13183947","","0.2941","A"
"4","Trait5","pKWmEB","NsiI.TP550410"," 3","13199114","","0.6599","C"
"4","Trait5","pKWmEB","NsiI.TP830575"," 3","13207047","","0.4372","A"
"4","Trait5","pKWmEB","NsiI.TP528401"," 3","13213249","","0.3420","A"
"4","Trait5","pKWmEB","PstI.TP1200658"," 3","13213556","","0.0036","A"
"4","Trait5","pKWmEB","NsiI.TP439808"," 3","13233852","","0.1875","A"
"4","Trait5","pKWmEB","NsiI.TP389615"," 3","13358199","","0.4990","C"
"4","Trait5","pKWmEB","NsiI.TP492954"," 3","13396004","","0.4041","A"
"4","Trait5","pKWmEB","PstI.TP367196"," 3","13409311","","0.8870","A"
"4","Trait5","pKWmEB","PstI.TP1226727"," 3","13410875","","0.0622","C"
"4","Trait5","pKWmEB","NsiI.TP218402"," 3","13422024","","0.1756","A"
"4","Trait5","pKWmEB","PstI.TP287910"," 3","13439196","","0.0231","C"
"4","Trait5","pKWmEB","PstI.TP319819"," 3","13500198","","0.2211","A"
"4","Trait5","pKWmEB","NsiI.TP775735"," 3","13550015","","0.2443","C"
"4","Trait5","pKWmEB","PstI.TP188785"," 3","13557905","","0.2033","A"
"4","Trait5","pKWmEB","NsiI.TP150286"," 3","13563733","","1.5727","A"
"4","Trait5","pKWmEB","PstI.TP643018"," 3","13625505","","0.0613","A"
"4","Trait5","pKWmEB","NsiI.TP442768"," 3","13681353","","0.3967","A"
"4","Trait5","pKWmEB","NsiI.TP388729"," 3","13703033","","0.1032","A"
"4","Trait5","pKWmEB","PstI.TP868090"," 3","13709410","","0.2432","A"
"4","Trait5","pKWmEB","PstI.TP1289837"," 3","13768005","","0.3975","G"
"4","Trait5","pKWmEB","NsiI.TP238541"," 3","13817896","","0.6633","A"
"4","Trait5","pKWmEB","PstI.TP89289"," 3","14045560","","0.0835","A"
"4","Trait5","pKWmEB","NsiI.TP679326"," 3","14060060","","0.4321","C"
"4","Trait5","pKWmEB","NsiI.TP679336"," 3","14060064","","0.3047","C"
"4","Trait5","pKWmEB","PstI.TP51547"," 3","14061193","","2.4399","C"
"4","Trait5","pKWmEB","NsiI.TP538185"," 3","14073186","","0.1473","C"
"4","Trait5","pKWmEB","NsiI.TP380130"," 3","14124852","","0.0573","A"
"4","Trait5","pKWmEB","NsiI.TP536543"," 3","14129295","","0.6046","C"
"4","Trait5","pKWmEB","PstI.TP1038153"," 3","14204402","","1.5366","A"
"4","Trait5","pKWmEB","NsiI.TP193897"," 3","14207695","","0.0423","C"
"4","Trait5","pKWmEB","PstI.TP1048696"," 3","14214988","","0.0482","A"
"4","Trait5","pKWmEB","GFSSContig20060_2192"," 3","14318717","","0.1916","A"
"4","Trait5","pKWmEB","NsiI.TP353977"," 3","14319235","","0.1579","C"
"4","Trait5","pKWmEB","GFSSContig13835_1414"," 3","14322039","","0.0657","A"
"4","Trait5","pKWmEB","NsiI.TP339590"," 3","14330735","","0.6364","A"
"4","Trait5","pKWmEB","NsiI.TP351008"," 3","14399765","","0.5165","C"
"4","Trait5","pKWmEB","NsiI.TP222902"," 3","14444918","","1.2430","C"
"4","Trait5","pKWmEB","PstI.TP1215641"," 3","14451892","","0.7614","A"
"4","Trait5","pKWmEB","PstI.TP880132"," 3","14454738","","0.3117","G"
"4","Trait5","pKWmEB","PstI.TP867369"," 3","14568699","","0.3548","G"
"4","Trait5","pKWmEB","PstI.TP867378"," 3","14568731","","0.4733","C"
"4","Trait5","pKWmEB","PstI.TP1171725"," 3","14636294","","0.5618","A"
"4","Trait5","pKWmEB","PstI.TP157488"," 3","14637148","","0.0776","A"
"4","Trait5","pKWmEB","PstI.TP778088"," 3","14656031","","0.5517","A"
"4","Trait5","pKWmEB","NsiI.TP725316"," 3","14750214","","0.3415","C"
"4","Trait5","pKWmEB","PstI.TP487519"," 3","14750766","","0.3900","A"
"4","Trait5","pKWmEB","NsiI.TP311718"," 3","14840365","","0.3263","A"
"4","Trait5","pKWmEB","PstI.TP1220386"," 3","14873213","","0.5794","A"
"4","Trait5","pKWmEB","PstI.TP841043"," 3","14943105","","0.6999","C"
"4","Trait5","pKWmEB","NsiI.TP440571"," 3","14960091","","0.3035","A"
"4","Trait5","pKWmEB","NsiI.TP199264"," 3","14962697","","0.5926","A"
"4","Trait5","pKWmEB","NsiI.TP231122"," 3","15007184","","0.3740","C"
"4","Trait5","pKWmEB","PstI.TP163173"," 3","15054458","","0.3252","A"
"4","Trait5","pKWmEB","NsiI.TP485684"," 3","15106145","","0.4605","C"
"4","Trait5","pKWmEB","PstI.TP21992"," 3","15132086","","0.6684","C"
"4","Trait5","pKWmEB","PstI.TP1123006"," 3","15144093","","0.1604","A"
"4","Trait5","pKWmEB","NsiI.TP221769"," 3","15194145","","1.0515","A"
"4","Trait5","pKWmEB","PstI.TP356415"," 3","15356034","","0.5522","A"
"4","Trait5","pKWmEB","PstI.TP369571"," 3","15356314","","0.4622","C"
"4","Trait5","pKWmEB","PstI.TP1024303"," 3","15413025","","0.2082","C"
"4","Trait5","pKWmEB","PstI.TP876659"," 3","15413080","","0.1913","C"
"4","Trait5","pKWmEB","PstI.TP686919"," 3","15422502","","0.3174","A"
"4","Trait5","pKWmEB","NsiI.TP302704"," 3","15424029","","0.3133","C"
"4","Trait5","pKWmEB","PstI.TP105118"," 3","15425067","","0.0668","C"
"4","Trait5","pKWmEB","NsiI.TP412511"," 3","15426781","","0.0286","A"
"4","Trait5","pKWmEB","PstI.TP737313"," 3","15429136","","0.4496","A"
"4","Trait5","pKWmEB","PstI.TP516117"," 3","15555143","","0.1814","G"
"4","Trait5","pKWmEB","PstI.TP169104"," 3","15672632","","0.2261","G"
"4","Trait5","pKWmEB","PstI.TP1270439"," 3","15756535","","0.5418","A"
"4","Trait5","pKWmEB","NsiI.TP616451"," 3","15756558","","0.2019","A"
"4","Trait5","pKWmEB","PstI.TP671700"," 3","15764634","","0.4526","A"
"4","Trait5","pKWmEB","PstI.TP419523"," 3","15768751","","0.4304","C"
"4","Trait5","pKWmEB","NsiI.TP571134"," 3","15778021","","0.3284","A"
"4","Trait5","pKWmEB","PstI.TP264600"," 3","15802617","","1.1337","A"
"4","Trait5","pKWmEB","PstI.TP679941"," 3","15834789","","0.7061","A"
"4","Trait5","pKWmEB","PstI.TP1011738"," 3","15835687","","0.1740","A"
"4","Trait5","pKWmEB","PstI.TP599654"," 3","15840870","","0.0684","A"
"4","Trait5","pKWmEB","NsiI.TP99982"," 3","15842723","","1.2183","C"
"4","Trait5","pKWmEB","PstI.TP1210684"," 3","15872813","","0.5716","C"
"4","Trait5","pKWmEB","PstI.TP1094069"," 3","15872941","","0.3025","A"
"4","Trait5","pKWmEB","NsiI.TP36420"," 3","15881197","","0.3525","C"
"4","Trait5","pKWmEB","NsiI.TP679264"," 3","15889736","","0.0664","C"
"4","Trait5","pKWmEB","PstI.TP295245"," 3","15915061","","0.1756","A"
"4","Trait5","pKWmEB","PstI.TP295247"," 3","15915100","","0.0000","A"
"4","Trait5","pKWmEB","NsiI.TP389874"," 3","15941283","","0.3553","C"
"4","Trait5","pKWmEB","NsiI.TP487878"," 3","16015288","","0.1369","C"
"4","Trait5","pKWmEB","PstI.TP933591"," 3","16034208","","2.6891","C"
"4","Trait5","pKWmEB","NsiI.TP702959"," 3","16191811","","0.1946","A"
"4","Trait5","pKWmEB","NsiI.TP830904"," 3","16219824","","1.1808","A"
"4","Trait5","pKWmEB","PstI.TP8468"," 3","16234278","","0.0123","C"
"4","Trait5","pKWmEB","NsiI.TP602875"," 3","16331268","","0.0099","A"
"4","Trait5","pKWmEB","PstI.TP730744"," 3","16373477","","0.2036","A"
"4","Trait5","pKWmEB","PstI.TP662534"," 3","16373499","","0.3532","C"
"4","Trait5","pKWmEB","PstI.TP24724"," 3","16395774","","0.2946","G"
"4","Trait5","pKWmEB","PstI.TP24722"," 3","16395923","","1.0678","C"
"4","Trait5","pKWmEB","PstI.TP881144"," 3","16397608","","0.6802","C"
"4","Trait5","pKWmEB","PstI.TP1263202"," 3","16424516","","0.4448","A"
"4","Trait5","pKWmEB","NsiI.TP471929"," 3","16529771","","0.5287","C"
"4","Trait5","pKWmEB","NsiI.TP471928"," 3","16529777","","0.7265","C"
"4","Trait5","pKWmEB","NsiI.TP471927"," 3","16529794","","0.2401","A"
"4","Trait5","pKWmEB","NsiI.TP272453"," 3","16542964","","0.2345","A"
"4","Trait5","pKWmEB","NsiI.TP620951"," 3","16553842","","0.3789","A"
"4","Trait5","pKWmEB","NsiI.TP620953"," 3","16553842","","0.2193","A"
"4","Trait5","pKWmEB","NsiI.TP41073"," 3","16557308","","0.3046","G"
"4","Trait5","pKWmEB","PstI.TP65942"," 3","16722092","","0.0141","A"
"4","Trait5","pKWmEB","PstI.TP876556"," 3","16731447","","0.3536","A"
"4","Trait5","pKWmEB","NsiI.TP174240"," 3","16791229","","0.8125","C"
"4","Trait5","pKWmEB","PstI.TP413521"," 3","16794353","","0.0936","C"
"4","Trait5","pKWmEB","NsiI.TP620135"," 3","16826264","","2.5188","A"
"4","Trait5","pKWmEB","PstI.TP773027"," 3","16863797","","0.0116","A"
"4","Trait5","pKWmEB","PstI.TP786831"," 3","16868831","","0.2256","A"
"4","Trait5","pKWmEB","PstI.TP1007253"," 3","16975651","","0.4784","A"
"4","Trait5","pKWmEB","NsiI.TP281455"," 3","17018250","","0.2034","G"
"4","Trait5","pKWmEB","NsiI.TP15322"," 3","17021509","","0.2546","A"
"4","Trait5","pKWmEB","NsiI.TP733536"," 3","17102485","","0.4441","A"
"4","Trait5","pKWmEB","PstI.TP232886"," 3","17142808","","0.4003","C"
"4","Trait5","pKWmEB","PstI.TP197187"," 3","17294454","","0.8465","C"
"4","Trait5","pKWmEB","PstI.TP1146105"," 3","17294985","","0.1129","A"
"4","Trait5","pKWmEB","PstI.TP1146103"," 3","17295026","","0.8521","C"
"4","Trait5","pKWmEB","NsiI.TP796663"," 3","17298671","","0.2083","A"
"4","Trait5","pKWmEB","PstI.TP332313"," 3","17307698","","0.3449","A"
"4","Trait5","pKWmEB","NsiI.TP679308"," 3","17370119","","0.1804","G"
"4","Trait5","pKWmEB","PstI.TP260508"," 3","17568419","","0.1041","A"
"4","Trait5","pKWmEB","NsiI.TP420064"," 3","17591637","","0.2793","A"
"4","Trait5","pKWmEB","PstI.TP649427"," 3","17594522","","0.9177","A"
"4","Trait5","pKWmEB","NsiI.TP735370"," 3","17759862","","0.4491","A"
"4","Trait5","pKWmEB","NsiI.TP467649"," 3","17996178","","0.2739","A"
"4","Trait5","pKWmEB","NsiI.TP24515"," 3","17996842","","0.4737","C"
"4","Trait5","pKWmEB","NsiI.TP580323"," 3","18001535","","0.6073","C"
"4","Trait5","pKWmEB","PstI.TP1122932"," 3","18011135","","1.1411","A"
"4","Trait5","pKWmEB","NsiI.TP475230"," 3","18203767","","0.1139","A"
"4","Trait5","pKWmEB","GFSSContig19723_735"," 3","18233976","","0.7785","A"
"4","Trait5","pKWmEB","NsiI.TP289586"," 3","18234531","","1.4331","A"
"4","Trait5","pKWmEB","PstI.TP679532"," 3","18260932","","0.2646","A"
"4","Trait5","pKWmEB","NsiI.TP340767"," 3","18276477","","0.2000","G"
"4","Trait5","pKWmEB","PstI.TP601752"," 3","18397840","","0.2964","C"
"4","Trait5","pKWmEB","NsiI.TP441969"," 3","18464066","","0.9113","C"
"4","Trait5","pKWmEB","GFSSContig8275_336"," 3","18780871","","0.1288","A"
"4","Trait5","pKWmEB","PstI.TP898958"," 3","18783182","","0.1378","A"
"4","Trait5","pKWmEB","NsiI.TP517346"," 3","18784331","","0.4097","A"
"4","Trait5","pKWmEB","PstI.TP60703"," 3","18784626","","0.6207","C"
"4","Trait5","pKWmEB","PstI.TP513824"," 3","18798266","","0.0440","A"
"4","Trait5","pKWmEB","PstI.TP810408"," 3","18798269","","0.0094","C"
"4","Trait5","pKWmEB","PstI.TP1186559"," 3","18802983","","0.0858","G"
"4","Trait5","pKWmEB","NsiI.TP374359"," 3","18829967","","0.0227","A"
"4","Trait5","pKWmEB","PstI.TP105421"," 3","19147994","","1.0401","A"
"4","Trait5","pKWmEB","NsiI.TP829016"," 3","19157041","","0.4766","C"
"4","Trait5","pKWmEB","PstI.TP424396"," 3","19276647","","0.2196","C"
"4","Trait5","pKWmEB","NsiI.TP113393"," 3","19292462","","0.2314","A"
"4","Trait5","pKWmEB","NsiI.TP420912"," 3","19319965","","0.1818","C"
"4","Trait5","pKWmEB","PstI.TP308012"," 3","19320110","","0.0231","A"
"4","Trait5","pKWmEB","PstI.TP49191"," 3","19403522","","0.4523","A"
"4","Trait5","pKWmEB","PstI.TP1274885"," 3","19467449","","0.3932","C"
"4","Trait5","pKWmEB","PstI.TP830863"," 3","19467690","","0.4515","A"
"4","Trait5","pKWmEB","PstI.TP246975"," 3","19673688","","0.2876","A"
"4","Trait5","pKWmEB","PstI.TP731882"," 3","19716780","","0.3489","C"
"4","Trait5","pKWmEB","PstI.TP1038494"," 3","19716895","","0.0209","C"
"4","Trait5","pKWmEB","PstI.TP50734"," 3","19717023","","1.6951","G"
"4","Trait5","pKWmEB","GFSSContig17760_1991"," 3","19940061","","0.0172","A"
"4","Trait5","pKWmEB","PstI.TP715461"," 3","20004205","","0.6776","C"
"4","Trait5","pKWmEB","PstI.TP956119"," 3","20016642","","0.1246","C"
"4","Trait5","pKWmEB","PstI.TP77540"," 3","20016862","","0.2329","A"
"4","Trait5","pKWmEB","NsiI.TP376064"," 3","20037868","","0.7152","G"
"4","Trait5","pKWmEB","PstI.TP654145"," 3","20073167","","0.0017","A"
"4","Trait5","pKWmEB","PstI.TP765965"," 3","20259611","","0.5323","C"
"4","Trait5","pKWmEB","GFSSContig10593_69"," 3","20368364","","0.0204","A"
"4","Trait5","pKWmEB","NsiI.TP216176"," 3","20518674","","0.4224","A"
"4","Trait5","pKWmEB","PstI.TP958037"," 3","20518856","","0.0954","C"
"4","Trait5","pKWmEB","PstI.TP42359"," 3","20536087","","0.4015","C"
"4","Trait5","pKWmEB","GFSSContig13202_231"," 3","20804060","","0.6322","A"
"4","Trait5","pKWmEB","PstI.TP485073"," 3","20881384","","0.6760","C"
"4","Trait5","pKWmEB","NsiI.TP471510"," 3","20919773","","0.2026","G"
"4","Trait5","pKWmEB","NsiI.TP120931"," 3","20921114","","0.1183","C"
"4","Trait5","pKWmEB","GFSSContig13702_411"," 3","23670210","","0.3790","A"
"4","Trait5","pKWmEB","PstI.TP933357"," 3","24835151","","1.0801","G"
"4","Trait5","pKWmEB","PstI.TP933353"," 3","24835175","","0.2490","C"
"4","Trait5","pKWmEB","PstI.TP1109574"," 3","25892792","","0.3216","A"
"4","Trait5","pKWmEB","PstI.TP82997"," 3","26681365","","0.0203","C"
"4","Trait5","pKWmEB","NsiI.TP187491"," 3","26963306","","0.8149","C"
"4","Trait5","pKWmEB","PstI.TP766646"," 3","27736431","","0.0884","A"
"4","Trait5","pKWmEB","NsiI.TP386998"," 3","27744393","","0.2633","C"
"4","Trait5","pKWmEB","PstI.TP775215"," 3","27762023","","0.3183","G"
"4","Trait5","pKWmEB","PstI.TP1045559"," 3","27964225","","0.0545","C"
"4","Trait5","pKWmEB","NsiI.TP454398"," 3","27980767","","0.9405","A"
"4","Trait5","pKWmEB","GFSSContig14674_1096"," 3","28457341","","0.5402","T"
"4","Trait5","pKWmEB","PstI.TP242731"," 3","28459042","","0.5757","A"
"4","Trait5","pKWmEB","NsiI.TP721989"," 3","28849579","","0.1571","A"
"4","Trait5","pKWmEB","NsiI.TP165117"," 3","28937633","","0.0095","A"
"4","Trait5","pKWmEB","PstI.TP1043493"," 3","29129522","","0.1076","G"
"4","Trait5","pKWmEB","PstI.TP461080"," 3","29174937","","0.3262","A"
"4","Trait5","pKWmEB","NsiI.TP672907"," 3","29368902","","0.5149","A"
"4","Trait5","pKWmEB","PstI.TP50293"," 3","29381523","","0.3863","A"
"4","Trait5","pKWmEB","PstI.TP1026819"," 3","29389410","","0.1068","C"
"4","Trait5","pKWmEB","PstI.TP315998"," 3","29390832","","0.1850","A"
"4","Trait5","pKWmEB","PstI.TP175027"," 3","30286779","","0.1532","C"
"4","Trait5","pKWmEB","PstI.TP176384"," 3","30293354","","0.0776","C"
"4","Trait5","pKWmEB","PstI.TP69787"," 3","30530582","","0.1751","G"
"4","Trait5","pKWmEB","PstI.TP489540"," 3","30530607","","1.1614","C"
"4","Trait5","pKWmEB","NsiI.TP573918"," 3","32132222","","0.5233","C"
"4","Trait5","pKWmEB","NsiI.TP88373"," 3","36475016","","0.2598","C"
"4","Trait5","pKWmEB","PstI.TP118856"," 3","37389858","","1.3204","G"
"4","Trait5","pKWmEB","NsiI.TP29043"," 3","38303455","","0.0674","C"
"4","Trait5","pKWmEB","NsiI.TP118097"," 3","38372677","","0.0095","G"
"4","Trait5","pKWmEB","NsiI.TP791854"," 3","38566702","","0.1604","C"
"4","Trait5","pKWmEB","NsiI.TP790468"," 3","38566710","","1.0063","A"
"4","Trait5","pKWmEB","NsiI.TP636263"," 3","38566722","","0.3114","A"
"4","Trait5","pKWmEB","NsiI.TP168458"," 3","38768710","","0.0170","A"
"4","Trait5","pKWmEB","PstI.TP210083"," 3","39389888","","0.9855","A"
"4","Trait5","pKWmEB","PstI.TP1277415"," 3","39391648","","0.3332","A"
"4","Trait5","pKWmEB","NsiI.TP571751"," 3","39398206","","0.0109","C"
"4","Trait5","pKWmEB","PstI.TP176124"," 3","41212630","","0.9800","C"
"4","Trait5","pKWmEB","NsiI.TP514212"," 3","41353039","","0.0685","C"
"4","Trait5","pKWmEB","NsiI.TP783209"," 3","41877564","","0.0365","C"
"4","Trait5","pKWmEB","NsiI.TP434107"," 3","41984598","","0.5788","C"
"4","Trait5","pKWmEB","PstI.TP961429"," 3","42107327","","0.3229","A"
"4","Trait5","pKWmEB","NsiI.TP452197"," 3","42637106","","0.0787","A"
"4","Trait5","pKWmEB","NsiI.TP713867"," 3","44528410","","0.2461","A"
"4","Trait5","pKWmEB","PstI.TP262720"," 3","44841430","","1.0099","C"
"4","Trait5","pKWmEB","PstI.TP112648"," 3","44928201","","0.2082","A"
"4","Trait5","pKWmEB","PstI.TP482650"," 3","44928246","","0.0072","A"
"4","Trait5","pKWmEB","PstI.TP1217918"," 3","44928959","","0.4059","C"
"4","Trait5","pKWmEB","NsiI.TP375876"," 3","45274559","","0.0044","A"
"4","Trait5","pKWmEB","PstI.TP530571"," 3","45538893","","0.2512","C"
"4","Trait5","pKWmEB","NsiI.TP109767"," 3","45539191","","0.3320","C"
"4","Trait5","pKWmEB","NsiI.TP499493"," 3","45563275","","0.8872","A"
"4","Trait5","pKWmEB","PstI.TP156057"," 3","45564496","","1.3308","A"
"4","Trait5","pKWmEB","NsiI.TP603323"," 3","45571402","","0.2354","C"
"4","Trait5","pKWmEB","PstI.TP898924"," 3","45627071","","0.0749","G"
"4","Trait5","pKWmEB","PstI.TP309206"," 3","45627127","","0.4495","C"
"4","Trait5","pKWmEB","NsiI.TP701706"," 3","45628159","","0.1420","A"
"4","Trait5","pKWmEB","NsiI.TP602866"," 3","45640292","","1.5727","C"
"4","Trait5","pKWmEB","PstI.TP1260663"," 3","46365943","","0.1813","G"
"4","Trait5","pKWmEB","NsiI.TP411037"," 3","46590356","","0.3454","A"
"4","Trait5","pKWmEB","NsiI.TP145844"," 3","46777098","","0.0012","A"
"4","Trait5","pKWmEB","NsiI.TP689486"," 3","46809623","","0.1237","A"
"4","Trait5","pKWmEB","PstI.TP275923"," 3","46818280","","0.4108","A"
"4","Trait5","pKWmEB","NsiI.TP436934"," 3","46864295","","0.4971","A"
"4","Trait5","pKWmEB","NsiI.TP823981"," 3","46941934","","0.2874","C"
"4","Trait5","pKWmEB","NsiI.TP328743"," 3","47606967","","0.0806","C"
"4","Trait5","pKWmEB","NsiI.TP415228"," 3","47610168","","0.2466","A"
"4","Trait5","pKWmEB","NsiI.TP62377"," 3","48524833","","0.6418","A"
"4","Trait5","pKWmEB","NsiI.TP819503"," 3","48628844","","0.3360","G"
"4","Trait5","pKWmEB","NsiI.TP546249"," 3","48691658","","0.4909","A"
"4","Trait5","pKWmEB","NsiI.TP611089"," 3","48693616","","0.5139","A"
"4","Trait5","pKWmEB","PstI.TP1256120"," 3","48694888","","1.1360","A"
"4","Trait5","pKWmEB","NsiI.TP706994"," 3","48751967","","0.6267","A"
"4","Trait5","pKWmEB","NsiI.TP529810"," 3","48806886","","0.3158","C"
"4","Trait5","pKWmEB","NsiI.TP627000"," 3","48915039","","0.0406","A"
"4","Trait5","pKWmEB","NsiI.TP425455"," 3","48959611","","0.4461","A"
"4","Trait5","pKWmEB","NsiI.TP425456"," 3","48959639","","0.3125","A"
"4","Trait5","pKWmEB","PstI.TP643551"," 3","49027360","","0.1491","G"
"4","Trait5","pKWmEB","NsiI.TP464599"," 3","49109508","","0.5579","C"
"4","Trait5","pKWmEB","PstI.TP1189709"," 3","49508836","","0.8177","A"
"4","Trait5","pKWmEB","NsiI.TP481731"," 3","49592212","","0.0368","A"
"4","Trait5","pKWmEB","GFSSContig15237_626"," 3","49715414","","0.2466","A"
"4","Trait5","pKWmEB","PstI.TP1005487"," 3","49717109","","0.0418","C"
"4","Trait5","pKWmEB","PstI.TP643547"," 3","49717113","","0.1521","A"
"4","Trait5","pKWmEB","PstI.TP1030600"," 3","49719109","","0.3825","C"
"4","Trait5","pKWmEB","NsiI.TP246083"," 3","49774550","","0.2317","C"
"4","Trait5","pKWmEB","PstI.TP1159254"," 3","50031209","","0.1758","C"
"4","Trait5","pKWmEB","PstI.TP609001"," 3","50049992","","0.6151","C"
"4","Trait5","pKWmEB","NsiI.TP737934"," 3","50050790","","0.1130","A"
"4","Trait5","pKWmEB","NsiI.TP101439"," 3","50050903","","0.2431","C"
"4","Trait5","pKWmEB","NsiI.TP190013"," 3","50060923","","0.1508","A"
"4","Trait5","pKWmEB","NsiI.TP707686"," 3","50280980","","0.0241","C"
"4","Trait5","pKWmEB","PstI.TP1039693"," 3","50291092","","0.1236","A"
"4","Trait5","pKWmEB","PstI.TP308868"," 3","50361949","","0.3945","A"
"4","Trait5","pKWmEB","PstI.TP22049"," 3","50375809","","0.3599","C"
"4","Trait5","pKWmEB","PstI.TP380502"," 3","50376181","","1.0276","A"
"4","Trait5","pKWmEB","PstI.TP366877"," 3","50380522","","0.0456","A"
"4","Trait5","pKWmEB","PstI.TP885758"," 3","50408437","","0.1270","C"
"4","Trait5","pKWmEB","NsiI.TP570404"," 3","50549540","","0.9258","C"
"4","Trait5","pKWmEB","NsiI.TP554032"," 3","50563424","","0.7288","A"
"4","Trait5","pKWmEB","NsiI.TP470421"," 3","50564096","","0.1734","C"
"4","Trait5","pKWmEB","NsiI.TP470422"," 3","50564127","","1.1063","C"
"4","Trait5","pKWmEB","NsiI.TP125437"," 3","50564139","","0.5240","C"
"4","Trait5","pKWmEB","NsiI.TP123876"," 3","50564177","","0.8074","A"
"4","Trait5","pKWmEB","NsiI.TP621554"," 3","50623569","","0.1379","G"
"4","Trait5","pKWmEB","PstI.TP1112912"," 3","50623707","","0.1369","A"
"4","Trait5","pKWmEB","NsiI.TP396295"," 3","50627087","","0.3269","A"
"4","Trait5","pKWmEB","PstI.TP646918"," 3","50666591","","0.3511","A"
"4","Trait5","pKWmEB","PstI.TP704244"," 3","50687892","","1.6845","A"
"4","Trait5","pKWmEB","NsiI.TP404012"," 3","50726629","","0.2285","A"
"4","Trait5","pKWmEB","PstI.TP48479"," 3","50764585","","0.2023","A"
"4","Trait5","pKWmEB","NsiI.TP173646"," 3","50768852","","0.0835","A"
"4","Trait5","pKWmEB","PstI.TP1230172"," 3","50775530","","0.3509","C"
"4","Trait5","pKWmEB","PstI.TP1126954"," 3","50775750","","0.2747","A"
"4","Trait5","pKWmEB","PstI.TP541336"," 3","50804241","","0.3116","A"
"4","Trait5","pKWmEB","NsiI.TP320222"," 3","50881942","","0.3488","A"
"4","Trait5","pKWmEB","NsiI.TP425325"," 3","50885200","","0.3900","G"
"4","Trait5","pKWmEB","NsiI.TP174068"," 3","50891816","","0.1830","A"
"4","Trait5","pKWmEB","PstI.TP840235"," 3","50897546","","0.1425","G"
"4","Trait5","pKWmEB","PstI.TP254515"," 3","50898097","","0.0719","C"
"4","Trait5","pKWmEB","PstI.TP354335"," 3","50899095","","1.4754","C"
"4","Trait5","pKWmEB","PstI.TP1068006"," 3","51034769","","0.4340","C"
"4","Trait5","pKWmEB","PstI.TP983937"," 3","51061004","","0.2288","C"
"4","Trait5","pKWmEB","PstI.TP528708"," 3","51123508","","0.8134","A"
"4","Trait5","pKWmEB","NsiI.TP819861"," 3","51143212","","0.6788","C"
"4","Trait5","pKWmEB","PstI.TP229875"," 3","51162558","","0.2420","C"
"4","Trait5","pKWmEB","PstI.TP382498"," 3","51237483","","0.0523","A"
"4","Trait5","pKWmEB","PstI.TP249697"," 3","51237492","","0.1448","A"
"4","Trait5","pKWmEB","NsiI.TP287446"," 3","51237637","","0.3688","C"
"4","Trait5","pKWmEB","PstI.TP505936"," 3","51322827","","0.6928","A"
"4","Trait5","pKWmEB","PstI.TP789643"," 3","51322890","","0.5317","C"
"4","Trait5","pKWmEB","PstI.TP236499"," 3","51323526","","0.8888","A"
"4","Trait5","pKWmEB","NsiI.TP241521"," 3","51401464","","0.6266","C"
"4","Trait5","pKWmEB","PstI.TP821727"," 3","51406610","","0.3059","A"
"4","Trait5","pKWmEB","PstI.TP324481"," 3","51536521","","0.4980","C"
"4","Trait5","pKWmEB","PstI.TP722060"," 3","51617970","","0.0200","A"
"4","Trait5","pKWmEB","NsiI.TP85397"," 3","51623606","","0.5171","C"
"4","Trait5","pKWmEB","PstI.TP95870"," 3","51646220","","0.5980","C"
"4","Trait5","pKWmEB","PstI.TP38299"," 3","51647164","","0.4257","C"
"4","Trait5","pKWmEB","NsiI.TP442129"," 3","51657346","","0.0515","C"
"4","Trait5","pKWmEB","NsiI.TP556897"," 3","51657863","","0.3717","A"
"4","Trait5","pKWmEB","NsiI.TP779384"," 3","51680503","","0.1661","A"
"4","Trait5","pKWmEB","NsiI.TP779386"," 3","51680530","","0.2894","C"
"4","Trait5","pKWmEB","NsiI.TP520094"," 3","51791708","","0.1400","A"
"4","Trait5","pKWmEB","NsiI.TP218789"," 3","51796050","","0.1552","G"
"4","Trait5","pKWmEB","NsiI.TP218788"," 3","51796084","","0.1008","A"
"4","Trait5","pKWmEB","NsiI.TP38808"," 3","51798536","","0.4338","G"
"4","Trait5","pKWmEB","NsiI.TP89943"," 3","51800909","","0.1281","C"
"4","Trait5","pKWmEB","PstI.TP463155"," 3","51816930","","0.1872","C"
"4","Trait5","pKWmEB","PstI.TP21476"," 3","51831530","","0.2727","C"
"4","Trait5","pKWmEB","PstI.TP460467"," 3","51838826","","0.5105","C"
"4","Trait5","pKWmEB","PstI.TP1169498"," 3","51898039","","1.1710","C"
"4","Trait5","pKWmEB","NsiI.TP40632"," 3","51898973","","0.0803","C"
"4","Trait5","pKWmEB","PstI.TP597478"," 3","51899678","","0.0670","A"
"4","Trait5","pKWmEB","PstI.TP981287"," 3","51905432","","0.5324","A"
"4","Trait5","pKWmEB","PstI.TP148151"," 3","51906026","","0.1601","C"
"4","Trait5","pKWmEB","PstI.TP1169049"," 3","51910083","","0.3094","A"
"4","Trait5","pKWmEB","NsiI.TP568257"," 3","51913950","","0.0633","C"
"4","Trait5","pKWmEB","NsiI.TP641107"," 3","51931014","","0.3368","A"
"4","Trait5","pKWmEB","NsiI.TP111578"," 3","51972260","","0.6196","A"
"4","Trait5","pKWmEB","NsiI.TP412310"," 3","51975007","","0.7217","A"
"4","Trait5","pKWmEB","NsiI.TP360003"," 3","52004296","","0.2221","G"
"4","Trait5","pKWmEB","PstI.TP346744"," 3","52014149","","0.6671","A"
"4","Trait5","pKWmEB","NsiI.TP217705"," 3","52086855","","0.2530","C"
"4","Trait5","pKWmEB","PstI.TP1266759"," 3","52149252","","1.0334","C"
"4","Trait5","pKWmEB","PstI.TP1087177"," 3","52153001","","0.5877","A"
"4","Trait5","pKWmEB","NsiI.TP27440"," 3","52246752","","0.0803","A"
"4","Trait5","pKWmEB","PstI.TP178525"," 3","52262548","","0.2890","A"
"4","Trait5","pKWmEB","NsiI.TP778183"," 3","52267523","","0.2953","A"
"4","Trait5","pKWmEB","PstI.TP465863"," 3","52270722","","0.5001","C"
"4","Trait5","pKWmEB","PstI.TP806693"," 3","52342115","","0.6331","A"
"4","Trait5","pKWmEB","PstI.TP793079"," 3","52368295","","0.0838","C"
"4","Trait5","pKWmEB","PstI.TP209991"," 3","52373704","","0.9625","C"
"4","Trait5","pKWmEB","NsiI.TP375747"," 3","52422596","","0.2840","G"
"4","Trait5","pKWmEB","PstI.TP74594"," 3","52427704","","0.6924","C"
"4","Trait5","pKWmEB","NsiI.TP797788"," 3","52444465","","0.3249","A"
"4","Trait5","pKWmEB","NsiI.TP612104"," 3","52461118","","0.1647","C"
"4","Trait5","pKWmEB","PstI.TP218793"," 3","52473609","","0.7405","C"
"4","Trait5","pKWmEB","NsiI.TP772099"," 3","52480890","","0.0556","C"
"4","Trait5","pKWmEB","PstI.TP232399"," 3","52637459","","0.9005","A"
"4","Trait5","pKWmEB","PstI.TP1274894"," 3","52668866","","0.5760","C"
"4","Trait5","pKWmEB","GFSSContig10620_391"," 3","52780412","","0.9892","T"
"4","Trait5","pKWmEB","GFSSContig10620_634"," 3","52781343","","1.7050","T"
"4","Trait5","pKWmEB","PstI.TP73125"," 3","52783142","","0.3307","G"
"4","Trait5","pKWmEB","PstI.TP1231136"," 3","52841481","","0.1600","C"
"4","Trait5","pKWmEB","PstI.TP908229"," 3","52846575","","0.0865","C"
"4","Trait5","pKWmEB","PstI.TP114373"," 3","52855853","","0.3473","A"
"4","Trait5","pKWmEB","NsiI.TP184053"," 3","52975387","","1.3063","G"
"4","Trait5","pKWmEB","NsiI.TP612897"," 3","53000216","","0.2789","C"
"4","Trait5","pKWmEB","NsiI.TP237414"," 3","53070218","","0.0810","A"
"4","Trait5","pKWmEB","PstI.TP537424"," 3","53114444","","0.6889","C"
"4","Trait5","pKWmEB","PstI.TP696439"," 3","53175188","","0.0633","C"
"4","Trait5","pKWmEB","PstI.TP1178174"," 3","53189924","","0.2705","C"
"4","Trait5","pKWmEB","NsiI.TP390512"," 3","53191618","","0.3772","C"
"4","Trait5","pKWmEB","PstI.TP1169991"," 3","53218048","","0.3165","A"
"4","Trait5","pKWmEB","NsiI.TP753682"," 3","53229241","","0.1112","C"
"4","Trait5","pKWmEB","NsiI.TP488350"," 3","53232085","","0.0529","A"
"4","Trait5","pKWmEB","PstI.TP482477"," 3","53260098","","0.6830","A"
"4","Trait5","pKWmEB","PstI.TP282777"," 3","53278988","","1.1519","C"
"4","Trait5","pKWmEB","NsiI.TP338771"," 3","53281012","","0.4999","C"
"4","Trait5","pKWmEB","NsiI.TP668278"," 3","53284401","","0.0819","A"
"4","Trait5","pKWmEB","PstI.TP1001126"," 3","53290416","","0.0508","C"
"4","Trait5","pKWmEB","NsiI.TP632251"," 3","53336761","","0.0900","A"
"4","Trait5","pKWmEB","PstI.TP62997"," 3","53375307","","0.6544","A"
"4","Trait5","pKWmEB","NsiI.TP678203"," 3","53375307","","0.0762","C"
"4","Trait5","pKWmEB","NsiI.TP751110"," 3","53391145","","0.6372","A"
"4","Trait5","pKWmEB","NsiI.TP589727"," 3","53404125","","0.2492","G"
"4","Trait5","pKWmEB","NsiI.TP455635"," 3","53468049","","0.0021","C"
"4","Trait5","pKWmEB","PstI.TP920178"," 3","53498058","","0.0071","G"
"4","Trait5","pKWmEB","PstI.TP120798"," 3","53516016","","0.2521","G"
"4","Trait5","pKWmEB","PstI.TP607503"," 3","53550832","","0.0029","C"
"4","Trait5","pKWmEB","PstI.TP138896"," 3","53559658","","0.2881","A"
"4","Trait5","pKWmEB","PstI.TP900003"," 3","53586609","","0.3463","A"
"4","Trait5","pKWmEB","NsiI.TP270392"," 3","53588941","","0.4296","C"
"4","Trait5","pKWmEB","NsiI.TP149575"," 3","53623427","","0.0454","C"
"4","Trait5","pKWmEB","GFSSContig20069_834"," 3","53623880","","0.4069","A"
"4","Trait5","pKWmEB","PstI.TP1184962"," 3","53633241","","0.0833","A"
"4","Trait5","pKWmEB","PstI.TP388577"," 3","53679201","","0.3768","A"
"4","Trait5","pKWmEB","NsiI.TP48583"," 3","53683290","","0.2196","C"
"4","Trait5","pKWmEB","NsiI.TP682055"," 3","53727323","","0.2475","A"
"4","Trait5","pKWmEB","NsiI.TP181453"," 3","53736628","","0.1014","A"
"4","Trait5","pKWmEB","NsiI.TP174041"," 3","53753386","","0.4958","A"
"4","Trait5","pKWmEB","PstI.TP587275"," 3","53798725","","0.0950","C"
"4","Trait5","pKWmEB","PstI.TP951441"," 3","53917406","","0.0945","C"
"4","Trait5","pKWmEB","NsiI.TP468502"," 3","53945669","","0.0607","C"
"4","Trait5","pKWmEB","PstI.TP126937"," 3","53948314","","1.1115","A"
"4","Trait5","pKWmEB","PstI.TP35140"," 3","54088946","","0.0714","C"
"4","Trait5","pKWmEB","NsiI.TP709767"," 3","54092447","","0.0111","G"
"4","Trait5","pKWmEB","NsiI.TP321318"," 3","54101895","","0.0874","A"
"4","Trait5","pKWmEB","PstI.TP325811"," 3","54129392","","0.2620","C"
"4","Trait5","pKWmEB","PstI.TP325958"," 3","54129415","","0.0000","C"
"4","Trait5","pKWmEB","PstI.TP661215"," 3","54129611","","0.1608","A"
"4","Trait5","pKWmEB","PstI.TP343739"," 3","54134760","","0.3371","C"
"4","Trait5","pKWmEB","NsiI.TP809217"," 3","54180993","","0.6110","A"
"4","Trait5","pKWmEB","NsiI.TP33438"," 3","54220318","","0.5782","A"
"4","Trait5","pKWmEB","NsiI.TP32394"," 3","54277373","","0.3640","C"
"4","Trait5","pKWmEB","PstI.TP609245"," 3","54319663","","0.8147","A"
"4","Trait5","pKWmEB","PstI.TP318422"," 3","54362877","","0.1118","A"
"4","Trait5","pKWmEB","PstI.TP1291134"," 3","54363846","","1.7937","C"
"4","Trait5","pKWmEB","PstI.TP550115"," 3","54367520","","0.5382","G"
"4","Trait5","pKWmEB","PstI.TP550121"," 3","54367525","","0.1596","C"
"4","Trait5","pKWmEB","NsiI.TP59696"," 3","54391522","","0.9867","A"
"4","Trait5","pKWmEB","NsiI.TP662609"," 3","54492130","","0.0064","C"
"4","Trait5","pKWmEB","GFSSContig18167_254"," 3","54614177","","0.2687","A"
"4","Trait5","pKWmEB","PstI.TP533617"," 3","54614431","","0.1341","A"
"4","Trait5","pKWmEB","PstI.TP82542"," 3","54652150","","0.3994","A"
"4","Trait5","pKWmEB","PstI.TP246552"," 3","54709176","","0.7509","C"
"4","Trait5","pKWmEB","PstI.TP791833"," 3","54714868","","0.1075","C"
"4","Trait5","pKWmEB","PstI.TP141051"," 3","54726050","","0.5687","C"
"4","Trait5","pKWmEB","NsiI.TP415908"," 3","54738061","","0.9828","A"
"4","Trait5","pKWmEB","NsiI.TP640361"," 3","54738814","","0.5950","A"
"4","Trait5","pKWmEB","NsiI.TP640362"," 3","54738821","","0.6929","G"
"4","Trait5","pKWmEB","PstI.TP11080"," 3","54738867","","0.1521","C"
"4","Trait5","pKWmEB","PstI.TP475943"," 3","54779935","","1.0818","G"
"4","Trait5","pKWmEB","PstI.TP475958"," 3","54779957","","0.3913","C"
"4","Trait5","pKWmEB","PstI.TP342602"," 3","54780030","","0.0948","A"
"4","Trait5","pKWmEB","PstI.TP1162288"," 3","54780033","","0.8334","C"
"4","Trait5","pKWmEB","PstI.TP580928"," 3","54824392","","0.3560","A"
"4","Trait5","pKWmEB","PstI.TP508387"," 3","54826011","","0.6712","A"
"4","Trait5","pKWmEB","PstI.TP862971"," 3","54829131","","0.8013","A"
"4","Trait5","pKWmEB","PstI.TP105605"," 3","54845915","","1.2311","G"
"4","Trait5","pKWmEB","PstI.TP302301"," 3","54893826","","0.0394","A"
"4","Trait5","pKWmEB","PstI.TP119200"," 3","54894448","","0.3932","A"
"4","Trait5","pKWmEB","PstI.TP395597"," 3","54899385","","0.0196","C"
"4","Trait5","pKWmEB","PstI.TP21217"," 3","54903763","","0.5742","A"
"4","Trait5","pKWmEB","PstI.TP545057"," 3","54934171","","0.4749","C"
"4","Trait5","pKWmEB","NsiI.TP402018"," 3","54935727","","0.3138","A"
"4","Trait5","pKWmEB","PstI.TP180781"," 3","54937150","","0.1576","A"
"4","Trait5","pKWmEB","PstI.TP802382"," 3","54961574","","0.0436","C"
"4","Trait5","pKWmEB","NsiI.TP813726"," 3","54995836","","0.0923","C"
"4","Trait5","pKWmEB","PstI.TP57881"," 3","55001488","","0.4095","A"
"4","Trait5","pKWmEB","NsiI.TP148887"," 3","55003733","","0.2384","A"
"4","Trait5","pKWmEB","NsiI.TP180962"," 3","55022518","","2.5651","C"
"4","Trait5","pKWmEB","PstI.TP982467"," 3","55023479","","0.2743","C"
"4","Trait5","pKWmEB","PstI.TP110387"," 3","55061235","","0.0426","A"
"4","Trait5","pKWmEB","PstI.TP773172"," 3","55061314","","2.6956","A"
"4","Trait5","pKWmEB","PstI.TP1027457"," 3","55061994","","0.7446","A"
"4","Trait5","pKWmEB","PstI.TP868137"," 3","55062786","","0.2216","C"
"4","Trait5","pKWmEB","PstI.TP1201964"," 3","55064837","","0.0363","A"
"4","Trait5","pKWmEB","PstI.TP1011116"," 3","55073374","","1.2043","A"
"4","Trait5","pKWmEB","PstI.TP258402"," 3","55103333","","0.2378","C"
"4","Trait5","pKWmEB","PstI.TP482340"," 3","55123583","","0.3086","G"
"4","Trait5","pKWmEB","PstI.TP493463"," 3","55158212","","0.0589","C"
"4","Trait5","pKWmEB","NsiI.TP21532"," 3","55159486","","0.3938","C"
"4","Trait5","pKWmEB","PstI.TP180056"," 3","55163564","","1.0889","C"
"4","Trait5","pKWmEB","PstI.TP370692"," 3","55164432","","0.2471","C"
"4","Trait5","pKWmEB","PstI.TP611035"," 3","55264003","","0.0911","C"
"4","Trait5","pKWmEB","NsiI.TP572298"," 3","55282727","","0.0115","A"
"4","Trait5","pKWmEB","NsiI.TP134779"," 3","55282911","","0.2617","A"
"4","Trait5","pKWmEB","PstI.TP732481"," 3","55304067","","0.2392","C"
"4","Trait5","pKWmEB","NsiI.TP660703"," 3","55310103","","0.4568","A"
"4","Trait5","pKWmEB","PstI.TP301582"," 3","55310171","","0.2969","A"
"4","Trait5","pKWmEB","NsiI.TP810259"," 3","55341510","","0.0485","G"
"4","Trait5","pKWmEB","NsiI.TP63560"," 3","55345174","","0.4318","A"
"4","Trait5","pKWmEB","PstI.TP1020718"," 3","55345299","","0.7015","C"
"4","Trait5","pKWmEB","NsiI.TP299172"," 3","55365719","","0.0430","C"
"4","Trait5","pKWmEB","GFk40ctg540920_180"," 3","55373583","","0.3390","A"
"4","Trait5","pKWmEB","PstI.TP643851"," 3","55374705","","0.0437","C"
"4","Trait5","pKWmEB","NsiI.TP799523"," 3","55381507","","0.6487","C"
"4","Trait5","pKWmEB","NsiI.TP634419"," 3","55382335","","0.0417","C"
"4","Trait5","pKWmEB","NsiI.TP149005"," 3","55409152","","1.7040","C"
"4","Trait5","pKWmEB","PstI.TP951275"," 3","55414649","","0.1874","C"
"4","Trait5","pKWmEB","PstI.TP345838"," 3","55454066","","0.1220","C"
"4","Trait5","pKWmEB","PstI.TP790301"," 3","55460621","","0.2736","C"
"4","Trait5","pKWmEB","PstI.TP780666"," 3","55474046","","0.6749","A"
"4","Trait5","pKWmEB","PstI.TP853696"," 3","55474054","","0.2062","C"
"4","Trait5","pKWmEB","NsiI.TP475307"," 3","55474106","","0.2798","A"
"4","Trait5","pKWmEB","PstI.TP75872"," 3","55474631","","0.8521","C"
"4","Trait5","pKWmEB","PstI.TP165362"," 3","55480183","","0.3954","C"
"4","Trait5","pKWmEB","PstI.TP321390"," 3","55497945","","2.2649","C"
"4","Trait5","pKWmEB","NsiI.TP631468"," 3","55525552","","0.0433","G"
"4","Trait5","pKWmEB","PstI.TP1214992"," 3","55546977","","0.0752","C"
"4","Trait5","pKWmEB","PstI.TP4797"," 3","55551419","","0.1674","G"
"4","Trait5","pKWmEB","NsiI.TP522717"," 3","55554093","","0.1741","C"
"4","Trait5","pKWmEB","NsiI.TP383174"," 3","55680036","","1.0261","C"
"4","Trait5","pKWmEB","NsiI.TP118327"," 3","55695034","","0.4095","G"
"4","Trait5","pKWmEB","NsiI.TP319425"," 3","55713733","","0.0954","A"
"4","Trait5","pKWmEB","NsiI.TP804310"," 3","55729178","","1.0346","C"
"4","Trait5","pKWmEB","NsiI.TP161884"," 3","55736166","","0.2991","A"
"4","Trait5","pKWmEB","NsiI.TP127103"," 3","55736173","","0.1068","A"
"4","Trait5","pKWmEB","PstI.TP142044"," 3","55736496","","0.0691","A"
"4","Trait5","pKWmEB","NsiI.TP776183"," 3","55747622","","0.0408","A"
"4","Trait5","pKWmEB","PstI.TP1211769"," 3","55780732","","0.5186","A"
"4","Trait5","pKWmEB","PstI.TP456039"," 3","55801419","","0.1146","C"
"4","Trait5","pKWmEB","NsiI.TP354771"," 3","55802955","","0.1610","A"
"4","Trait5","pKWmEB","PstI.TP170146"," 3","55802986","","0.0042","A"
"4","Trait5","pKWmEB","PstI.TP487527"," 3","55804343","","0.2946","C"
"4","Trait5","pKWmEB","PstI.TP890464"," 3","55804580","","0.7909","C"
"4","Trait5","pKWmEB","PstI.TP105201"," 3","55869447","","0.0147","A"
"4","Trait5","pKWmEB","PstI.TP336268"," 3","55896402","","0.3923","C"
"4","Trait5","pKWmEB","NsiI.TP521260"," 3","55904816","","0.0105","G"
"4","Trait5","pKWmEB","PstI.TP415065"," 3","55917740","","0.0185","A"
"4","Trait5","pKWmEB","PstI.TP415068"," 3","55917741","","0.2773","C"
"4","Trait5","pKWmEB","PstI.TP352561"," 3","55923085","","0.4947","A"
"4","Trait5","pKWmEB","NsiI.TP670240"," 3","55949544","","0.1454","A"
"4","Trait5","pKWmEB","NsiI.TP123780"," 3","55955099","","0.3112","C"
"4","Trait5","pKWmEB","PstI.TP119054"," 3","55984046","","0.7280","A"
"4","Trait5","pKWmEB","PstI.TP465605"," 3","56004662","","0.1500","C"
"4","Trait5","pKWmEB","PstI.TP285571"," 3","56007559","","0.3304","C"
"4","Trait5","pKWmEB","NsiI.TP102008"," 3","56008137","","0.1145","A"
"4","Trait5","pKWmEB","PstI.TP114049"," 3","56021694","","0.1868","A"
"4","Trait5","pKWmEB","PstI.TP114052"," 3","56021734","","2.0605","C"
"4","Trait5","pKWmEB","PstI.TP224318"," 3","56022652","","0.1053","A"
"4","Trait5","pKWmEB","NsiI.TP193343"," 3","56022966","","0.0684","C"
"4","Trait5","pKWmEB","PstI.TP264109"," 3","56031041","","0.9124","G"
"4","Trait5","pKWmEB","NsiI.TP359161"," 3","56064439","","0.3094","A"
"4","Trait5","pKWmEB","NsiI.TP295930"," 3","56065690","","0.4184","C"
"4","Trait5","pKWmEB","PstI.TP469090"," 3","56113852","","0.5537","C"
"4","Trait5","pKWmEB","NsiI.TP325461"," 3","56147918","","0.1949","C"
"4","Trait5","pKWmEB","NsiI.TP465198"," 3","56187895","","0.7965","A"
"4","Trait5","pKWmEB","PstI.TP1178595"," 3","56251660","","0.3253","A"
"4","Trait5","pKWmEB","PstI.TP1129138"," 3","56257265","","0.3827","C"
"4","Trait5","pKWmEB","PstI.TP1276499"," 3","56267571","","0.1976","A"
"4","Trait5","pKWmEB","PstI.TP28134"," 3","56267653","","0.1962","A"
"4","Trait5","pKWmEB","PstI.TP178929"," 3","56274485","","0.4350","C"
"4","Trait5","pKWmEB","PstI.TP170723"," 3","56275594","","0.9176","C"
"4","Trait5","pKWmEB","PstI.TP624446"," 3","56276161","","0.0271","A"
"4","Trait5","pKWmEB","PstI.TP24440"," 3","56292065","","0.9158","A"
"4","Trait5","pKWmEB","NsiI.TP281272"," 3","56294407","","0.2891","C"
"4","Trait5","pKWmEB","NsiI.TP732985"," 3","56296715","","0.1907","A"
"4","Trait5","pKWmEB","NsiI.TP700456"," 3","56313888","","1.3110","C"
"4","Trait5","pKWmEB","NsiI.TP215974"," 3","56338222","","0.1194","C"
"4","Trait5","pKWmEB","NsiI.TP630006"," 3","56338871","","0.2526","G"
"4","Trait5","pKWmEB","PstI.TP15910"," 3","56379124","","0.4842","A"
"4","Trait5","pKWmEB","NsiI.TP45503"," 3","56508929","","2.2243","A"
"4","Trait5","pKWmEB","NsiI.TP821452"," 3","56522948","","0.6754","C"
"4","Trait5","pKWmEB","PstI.TP825119"," 3","56557489","","0.0046","A"
"4","Trait5","pKWmEB","NsiI.TP677854"," 3","56584848","","1.1673","A"
"4","Trait5","pKWmEB","PstI.TP713079"," 3","56589564","","0.1277","C"
"4","Trait5","pKWmEB","PstI.TP882314"," 3","56647635","","0.1171","A"
"4","Trait5","pKWmEB","PstI.TP1078271"," 3","56648383","","0.1629","C"
"4","Trait5","pKWmEB","PstI.TP27715"," 3","56682004","","0.0811","A"
"4","Trait5","pKWmEB","NsiI.TP91322"," 3","56683113","","0.0972","C"
"4","Trait5","pKWmEB","PstI.TP827342"," 3","56694405","","0.6873","A"
"4","Trait5","pKWmEB","NsiI.TP159029"," 3","56710759","","0.1252","C"
"4","Trait5","pKWmEB","NsiI.TP231976"," 3","56714737","","0.0523","C"
"4","Trait5","pKWmEB","NsiI.TP231977"," 3","56714756","","0.3262","A"
"4","Trait5","pKWmEB","NsiI.TP268751"," 3","56723684","","0.1033","C"
"4","Trait5","pKWmEB","PstI.TP393188"," 3","56724811","","0.5449","C"
"4","Trait5","pKWmEB","PstI.TP836166"," 3","56759327","","0.9167","C"
"4","Trait5","pKWmEB","PstI.TP1246172"," 3","56777602","","0.1796","G"
"4","Trait5","pKWmEB","NsiI.TP596343"," 3","56942149","","0.4164","A"
"4","Trait5","pKWmEB","GFSSContig18486_678"," 3","56952027","","0.1252","T"
"4","Trait5","pKWmEB","PstI.TP48974"," 3","56955553","","0.0243","C"
"4","Trait5","pKWmEB","PstI.TP29613"," 3","56968925","","0.1979","A"
"4","Trait5","pKWmEB","PstI.TP923633"," 3","56983174","","0.6574","A"
"4","Trait5","pKWmEB","PstI.TP1189360"," 3","56984785","","1.0263","G"
"4","Trait5","pKWmEB","PstI.TP915109"," 3","56994292","","0.8062","A"
"4","Trait5","pKWmEB","NsiI.TP546535"," 3","57018835","","0.3553","C"
"4","Trait5","pKWmEB","NsiI.TP669383"," 3","57019180","","0.7005","C"
"4","Trait5","pKWmEB","PstI.TP335135"," 3","57021984","","0.1975","A"
"4","Trait5","pKWmEB","PstI.TP44697"," 3","57047248","","0.0423","A"
"4","Trait5","pKWmEB","PstI.TP797783"," 3","57068036","","1.7207","C"
"4","Trait5","pKWmEB","PstI.TP119903"," 3","57121769","","0.2890","A"
"4","Trait5","pKWmEB","NsiI.TP445084"," 3","57122128","","0.8259","A"
"4","Trait5","pKWmEB","NsiI.TP541334"," 3","57122620","","1.1063","C"
"4","Trait5","pKWmEB","PstI.TP811968"," 3","57125961","","2.2636","G"
"4","Trait5","pKWmEB","NsiI.TP224443"," 3","57138318","","1.9447","A"
"4","Trait5","pKWmEB","PstI.TP1020099"," 3","57143742","","0.0389","A"
"4","Trait5","pKWmEB","PstI.TP632749"," 3","57143982","","1.5936","C"
"4","Trait5","pKWmEB","NsiI.TP545530"," 3","57167835","","0.2547","A"
"4","Trait5","pKWmEB","NsiI.TP471939"," 3","57170153","","0.1253","A"
"4","Trait5","pKWmEB","PstI.TP136600"," 3","57170778","","0.5556","C"
"4","Trait5","pKWmEB","NsiI.TP208614"," 3","57189309","","0.4536","C"
"4","Trait5","pKWmEB","PstI.TP870115"," 3","57193200","","0.2054","C"
"4","Trait5","pKWmEB","NsiI.TP756058"," 3","57216597","","0.1905","G"
"4","Trait5","pKWmEB","NsiI.TP796137"," 3","57217346","","0.7017","A"
"4","Trait5","pKWmEB","PstI.TP7752"," 3","57234377","","0.1401","A"
"4","Trait5","pKWmEB","PstI.TP1158271"," 3","57241454","","1.3579","C"
"4","Trait5","pKWmEB","PstI.TP1278155"," 3","57243880","","0.2924","C"
"4","Trait5","pKWmEB","PstI.TP87010"," 3","57244014","","1.4213","A"
"4","Trait5","pKWmEB","PstI.TP1236277"," 3","57259501","","0.8662","G"
"4","Trait5","pKWmEB","NsiI.TP441453"," 3","57267022","","0.0457","C"
"4","Trait5","pKWmEB","NsiI.TP631032"," 3","57267957","","0.4491","A"
"4","Trait5","pKWmEB","PstI.TP504660"," 3","57295611","","0.7004","A"
"4","Trait5","pKWmEB","PstI.TP868305"," 3","57307103","","0.2727","A"
"4","Trait5","pKWmEB","PstI.TP433824"," 3","57313153","","0.3903","C"
"4","Trait5","pKWmEB","NsiI.TP457301"," 3","57315005","","0.7234","A"
"4","Trait5","pKWmEB","PstI.TP9793"," 3","57316477","","0.3679","A"
"4","Trait5","pKWmEB","PstI.TP819138"," 3","57316499","","0.0036","C"
"4","Trait5","pKWmEB","NsiI.TP234348"," 3","57334635","","0.4342","A"
"4","Trait5","pKWmEB","PstI.TP52888"," 3","57354305","","0.1075","A"
"4","Trait5","pKWmEB","PstI.TP603308"," 3","57422067","","0.5034","A"
"4","Trait5","pKWmEB","PstI.TP157801"," 3","57440051","","0.7789","C"
"4","Trait5","pKWmEB","NsiI.TP588328"," 3","57440634","","0.3525","A"
"4","Trait5","pKWmEB","NsiI.TP129358"," 3","57453905","","0.1308","A"
"4","Trait5","pKWmEB","PstI.TP71825"," 3","57464060","","0.0690","A"
"4","Trait5","pKWmEB","PstI.TP892247"," 3","57467578","","0.2682","C"
"4","Trait5","pKWmEB","PstI.TP1154630"," 3","57496992","","0.7800","A"
"4","Trait5","pKWmEB","NsiI.TP457669"," 3","57602184","","0.6344","G"
"4","Trait5","pKWmEB","PstI.TP18242"," 3","57641887","","0.5616","A"
"4","Trait5","pKWmEB","PstI.TP366455"," 3","57645799","","0.1475","C"
"4","Trait5","pKWmEB","NsiI.TP158277"," 3","57664073","","0.2621","C"
"4","Trait5","pKWmEB","PstI.TP1017531"," 3","57672209","","0.3913","C"
"4","Trait5","pKWmEB","PstI.TP577154"," 3","57696272","","4.3848","A"
"4","Trait5","pKWmEB","PstI.TP276416"," 3","57697475","","0.0716","A"
"4","Trait5","pKWmEB","NsiI.TP101372"," 3","57704817","","0.4004","A"
"4","Trait5","pKWmEB","PstI.TP759501"," 3","57715018","","0.1756","A"
"4","Trait5","pKWmEB","PstI.TP1253977"," 3","57794776","","0.6448","C"
"4","Trait5","pKWmEB","NsiI.TP778808"," 3","57796922","","0.8616","C"
"4","Trait5","pKWmEB","PstI.TP1097142"," 3","57806695","","0.0335","A"
"4","Trait5","pKWmEB","GFSSContig11715_952"," 3","57807546","","0.2614","T"
"4","Trait5","pKWmEB","PstI.TP28954"," 3","57848808","","0.3194","C"
"4","Trait5","pKWmEB","NsiI.TP586300"," 3","57849113","","0.2491","A"
"4","Trait5","pKWmEB","PstI.TP835253"," 3","57856850","","0.0861","A"
"4","Trait5","pKWmEB","NsiI.TP227338"," 3","57863248","","0.1056","A"
"4","Trait5","pKWmEB","NsiI.TP671581"," 3","57864752","","0.7070","A"
"4","Trait5","pKWmEB","PstI.TP323960"," 3","57882671","","1.6525","C"
"4","Trait5","pKWmEB","PstI.TP323959"," 3","57882705","","0.4624","A"
"4","Trait5","pKWmEB","NsiI.TP78904"," 3","57894680","","1.7879","C"
"4","Trait5","pKWmEB","NsiI.TP679867"," 3","57897228","","0.2528","C"
"4","Trait5","pKWmEB","NsiI.TP681905"," 3","57898045","","0.0499","C"
"4","Trait5","pKWmEB","PstI.TP604077"," 3","57900751","","0.6768","A"
"4","Trait5","pKWmEB","NsiI.TP377630"," 3","57920874","","0.5487","A"
"4","Trait5","pKWmEB","NsiI.TP491687"," 3","57924753","","0.8559","C"
"4","Trait5","pKWmEB","GFSSContig473"," 3","57924993","","0.1571","T"
"4","Trait5","pKWmEB","PstI.TP43928"," 3","57930256","","0.1168","A"
"4","Trait5","pKWmEB","PstI.TP600974"," 3","57930822","","0.6283","C"
"4","Trait5","pKWmEB","NsiI.TP557457"," 3","57953815","","1.0549","A"
"4","Trait5","pKWmEB","PstI.TP458283"," 3","58009717","","0.2886","A"
"4","Trait5","pKWmEB","PstI.TP725868"," 3","58011270","","0.1226","A"
"4","Trait5","pKWmEB","NsiI.TP557945"," 3","58017482","","0.0867","A"
"4","Trait5","pKWmEB","PstI.TP38512"," 3","58017498","","0.2389","G"
"4","Trait5","pKWmEB","NsiI.TP597936"," 3","58027780","","0.0785","A"
"4","Trait5","pKWmEB","NsiI.TP632717"," 3","58034049","","0.4695","C"
"4","Trait5","pKWmEB","GFSSContig19953_1437"," 3","58043502","","0.1077","A"
"4","Trait5","pKWmEB","NsiI.TP440012"," 3","58064648","","0.1061","C"
"4","Trait5","pKWmEB","NsiI.TP620642"," 3","58080278","","0.3421","A"
"4","Trait5","pKWmEB","NsiI.TP465150"," 3","58082517","","0.1302","A"
"4","Trait5","pKWmEB","NsiI.TP350962"," 3","58144077","","0.1153","C"
"4","Trait5","pKWmEB","NsiI.TP577815"," 3","58146871","","0.7251","G"
"4","Trait5","pKWmEB","NsiI.TP446634"," 3","58146955","","0.3937","G"
"4","Trait5","pKWmEB","PstI.TP160730"," 3","58173764","","1.0992","A"
"4","Trait5","pKWmEB","PstI.TP132492"," 3","58201719","","0.3725","A"
"4","Trait5","pKWmEB","NsiI.TP480150"," 3","58208874","","0.1987","C"
"4","Trait5","pKWmEB","PstI.TP150272"," 3","58220072","","0.1244","G"
"4","Trait5","pKWmEB","NsiI.TP416718"," 3","58255990","","1.2341","G"
"4","Trait5","pKWmEB","PstI.TP749674"," 3","58268494","","0.1688","A"
"4","Trait5","pKWmEB","PstI.TP443483"," 3","58268518","","0.2627","A"
"4","Trait5","pKWmEB","PstI.TP71471"," 3","58274545","","0.1267","A"
"4","Trait5","pKWmEB","PstI.TP796812"," 3","58281108","","0.5794","A"
"4","Trait5","pKWmEB","NsiI.TP453334"," 3","58281953","","0.0999","C"
"4","Trait5","pKWmEB","NsiI.TP453333"," 3","58281964","","0.6531","A"
"4","Trait5","pKWmEB","PstI.TP883895"," 3","58300855","","0.2890","G"
"4","Trait5","pKWmEB","NsiI.TP18975"," 3","58318752","","0.2908","C"
"4","Trait5","pKWmEB","NsiI.TP18976"," 3","58318774","","0.8059","A"
"4","Trait5","pKWmEB","NsiI.TP433079"," 3","58320822","","0.3399","C"
"4","Trait5","pKWmEB","PstI.TP1171031"," 3","58321376","","0.7646","A"
"4","Trait5","pKWmEB","NsiI.TP282541"," 3","58343684","","0.1343","G"
"4","Trait5","pKWmEB","PstI.TP863197"," 3","58349677","","1.1610","C"
"4","Trait5","pKWmEB","NsiI.TP572651"," 3","58366862","","0.9395","C"
"4","Trait5","pKWmEB","PstI.TP696987"," 3","58367338","","0.0196","C"
"4","Trait5","pKWmEB","PstI.TP1014826"," 3","58370652","","0.3992","A"
"4","Trait5","pKWmEB","PstI.TP1040438"," 3","58373947","","0.8776","C"
"4","Trait5","pKWmEB","PstI.TP352820"," 3","58380067","","0.1821","A"
"4","Trait5","pKWmEB","PstI.TP985838"," 3","58380810","","0.3847","G"
"4","Trait5","pKWmEB","NsiI.TP441920"," 3","58381381","","0.1467","C"
"4","Trait5","pKWmEB","PstI.TP160687"," 3","58387902","","0.5748","G"
"4","Trait5","pKWmEB","PstI.TP816960"," 3","58391663","","0.0664","A"
"4","Trait5","pKWmEB","PstI.TP1227194"," 3","58398922","","0.1818","A"
"4","Trait5","pKWmEB","PstI.TP797083"," 3","58432596","","0.8134","C"
"4","Trait5","pKWmEB","NsiI.TP327447"," 3","58489021","","1.3548","A"
"4","Trait5","pKWmEB","PstI.TP125738"," 3","58495347","","0.0271","A"
"4","Trait5","pKWmEB","PstI.TP1249212"," 3","58498950","","1.4951","A"
"4","Trait5","pKWmEB","NsiI.TP507759"," 3","58502007","","0.0661","A"
"4","Trait5","pKWmEB","PstI.TP671518"," 3","58508684","","0.3120","A"
"4","Trait5","pKWmEB","PstI.TP873609"," 3","58543129","","0.3645","C"
"4","Trait5","pKWmEB","NsiI.TP750854"," 3","58548924","","0.8574","G"
"4","Trait5","pKWmEB","NsiI.TP452403"," 3","58551556","","0.8854","G"
"4","Trait5","pKWmEB","NsiI.TP146184"," 3","58570725","","1.1387","A"
"4","Trait5","pKWmEB","NsiI.TP146185"," 3","58570725","","0.1326","A"
"4","Trait5","pKWmEB","NsiI.TP146180"," 3","58570743","","0.4022","C"
"4","Trait5","pKWmEB","NsiI.TP834411"," 3","58581179","","0.9043","A"
"4","Trait5","pKWmEB","GFSSContig14160_179"," 3","58588120","","0.2272","T"
"4","Trait5","pKWmEB","GFSSContig14160_962"," 3","58590636","","0.3196","A"
"4","Trait5","pKWmEB","PstI.TP231001"," 3","58595847","","0.9817","A"
"4","Trait5","pKWmEB","NsiI.TP128543"," 3","58601953","","0.3778","A"
"4","Trait5","pKWmEB","PstI.TP1229898"," 3","58606079","","1.2298","C"
"4","Trait5","pKWmEB","PstI.TP1055459"," 3","58609425","","0.5181","A"
"4","Trait5","pKWmEB","NsiI.TP532383"," 3","58613393","","0.2480","A"
"4","Trait5","pKWmEB","PstI.TP1199156"," 3","58613719","","1.5054","C"
"4","Trait5","pKWmEB","PstI.TP1199155"," 3","58613731","","0.9567","C"
"4","Trait5","pKWmEB","PstI.TP19379"," 3","58618373","","0.0610","C"
"4","Trait5","pKWmEB","PstI.TP1058701"," 3","58657937","","0.4682","A"
"4","Trait5","pKWmEB","PstI.TP1058712"," 3","58657944","","0.0725","C"
"4","Trait5","pKWmEB","NsiI.TP558749"," 3","58676234","","0.4409","G"
"4","Trait5","pKWmEB","PstI.TP490438"," 3","58711141","","0.2304","G"
"4","Trait5","pKWmEB","NsiI.TP521086"," 3","58719283","","0.6011","C"
"4","Trait5","pKWmEB","PstI.TP307875"," 3","58719628","","3.2188","C"
"4","Trait5","pKWmEB","NsiI.TP493750"," 3","58726735","","0.7697","G"
"4","Trait5","pKWmEB","PstI.TP679431"," 3","58735230","","2.2840","C"
"4","Trait5","pKWmEB","PstI.TP429654"," 3","58736454","","0.5794","A"
"4","Trait5","pKWmEB","PstI.TP44794"," 3","58769663","","1.2498","G"
"4","Trait5","pKWmEB","PstI.TP150005"," 3","58784404","","0.0750","A"
"4","Trait5","pKWmEB","PstI.TP150004"," 3","58784416","","0.0105","A"
"4","Trait5","pKWmEB","PstI.TP1036827"," 3","58816748","","0.2110","G"
"4","Trait5","pKWmEB","NsiI.TP687951"," 3","58829577","","0.2228","A"
"4","Trait5","pKWmEB","PstI.TP704084"," 3","58839496","","0.1358","C"
"4","Trait5","pKWmEB","NsiI.TP41323"," 3","58847374","","0.1698","C"
"4","Trait5","pKWmEB","PstI.TP12619"," 3","58867746","","0.1891","C"
"4","Trait5","pKWmEB","PstI.TP110922"," 3","58873002","","0.8139","C"
"4","Trait5","pKWmEB","NsiI.TP630735"," 3","58889928","","0.4784","C"
"4","Trait5","pKWmEB","NsiI.TP468533"," 3","58896542","","1.6076","A"
"4","Trait5","pKWmEB","NsiI.TP470490"," 3","58896575","","0.3343","C"
"4","Trait5","pKWmEB","NsiI.TP458576"," 3","58898481","","0.1112","C"
"4","Trait5","pKWmEB","NsiI.TP351254"," 3","58898990","","0.2918","C"
"4","Trait5","pKWmEB","NsiI.TP660628"," 3","58910296","","0.3093","A"
"4","Trait5","pKWmEB","PstI.TP119376"," 3","58911203","","0.0293","C"
"4","Trait5","pKWmEB","PstI.TP630950"," 3","58914609","","0.0553","G"
"4","Trait5","pKWmEB","PstI.TP851952"," 3","58933248","","0.1974","C"
"4","Trait5","pKWmEB","NsiI.TP403795"," 3","58936080","","0.3546","A"
"4","Trait5","pKWmEB","PstI.TP223164"," 3","58940865","","0.0584","G"
"4","Trait5","pKWmEB","PstI.TP223169"," 3","58940989","","1.0223","A"
"4","Trait5","pKWmEB","PstI.TP1153020"," 3","58977424","","0.4066","A"
"4","Trait5","pKWmEB","NsiI.TP817028"," 3","58982174","","0.0885","C"
"4","Trait5","pKWmEB","NsiI.TP575286"," 3","58993922","","0.0074","C"
"4","Trait5","pKWmEB","NsiI.TP37006"," 3","58997441","","0.2583","C"
"4","Trait5","pKWmEB","NsiI.TP466936"," 3","59005478","","1.0021","A"
"4","Trait5","pKWmEB","NsiI.TP800848"," 3","59007084","","0.0244","G"
"4","Trait5","pKWmEB","NsiI.TP44015"," 3","59016749","","0.3167","C"
"4","Trait5","pKWmEB","PstI.TP1151443"," 3","59082832","","0.0593","A"
"4","Trait5","pKWmEB","PstI.TP1163053"," 3","59117424","","0.4818","C"
"4","Trait5","pKWmEB","NsiI.TP338132"," 3","59218088","","0.0461","C"
"4","Trait5","pKWmEB","PstI.TP139224"," 3","59241408","","0.0400","C"
"4","Trait5","pKWmEB","PstI.TP336233"," 3","59242216","","0.0092","C"
"4","Trait5","pKWmEB","PstI.TP1193031"," 3","59246520","","0.5072","G"
"4","Trait5","pKWmEB","PstI.TP998988"," 3","59275358","","0.0787","C"
"4","Trait5","pKWmEB","PstI.TP847227"," 3","59292583","","0.3425","A"
"4","Trait5","pKWmEB","NsiI.TP231960"," 3","59292658","","1.4998","C"
"4","Trait5","pKWmEB","NsiI.TP680522"," 3","59306518","","0.4249","C"
"4","Trait5","pKWmEB","PstI.TP1213036"," 3","59319881","","1.2223","A"
"4","Trait5","pKWmEB","PstI.TP461527"," 3","59331702","","0.2279","A"
"4","Trait5","pKWmEB","NsiI.TP689034"," 3","59332537","","0.3897","A"
"4","Trait5","pKWmEB","NsiI.TP311568"," 3","59344957","","0.1277","C"
"4","Trait5","pKWmEB","NsiI.TP196522"," 3","59358646","","0.0287","A"
"4","Trait5","pKWmEB","NsiI.TP133171"," 3","59370384","","2.0416","A"
"4","Trait5","pKWmEB","PstI.TP828568"," 3","59387991","","1.0623","C"
"4","Trait5","pKWmEB","PstI.TP21924"," 3","59388087","","1.2296","A"
"4","Trait5","pKWmEB","NsiI.TP321365"," 3","59388397","","1.1399","C"
"4","Trait5","pKWmEB","PstI.TP142391"," 3","59390022","","0.4990","G"
"4","Trait5","pKWmEB","NsiI.TP59576"," 3","59392834","","1.5370","G"
"4","Trait5","pKWmEB","NsiI.TP87500"," 3","59400736","","0.0129","A"
"4","Trait5","pKWmEB","PstI.TP758077"," 3","59405974","","0.9822","A"
"4","Trait5","pKWmEB","PstI.TP398454"," 3","59419188","","0.8714","C"
"4","Trait5","pKWmEB","PstI.TP431785"," 3","59423995","","0.9882","C"
"4","Trait5","pKWmEB","NsiI.TP460839"," 3","59424718","","0.0308","A"
"4","Trait5","pKWmEB","NsiI.TP462694"," 3","59432640","","0.1837","C"
"4","Trait5","pKWmEB","NsiI.TP110046"," 3","59456190","","0.2326","A"
"4","Trait5","pKWmEB","PstI.TP357448"," 3","59477841","","0.5227","A"
"4","Trait5","pKWmEB","NsiI.TP264976"," 3","59488140","","0.5123","G"
"4","Trait5","pKWmEB","PstI.TP80928"," 3","59496787","","0.1632","C"
"4","Trait5","pKWmEB","NsiI.TP716476"," 3","59497403","","0.5977","C"
"4","Trait5","pKWmEB","PstI.TP322764"," 3","59497851","","1.6581","G"
"4","Trait5","pKWmEB","PstI.TP341272"," 3","59500037","","1.0337","A"
"4","Trait5","pKWmEB","PstI.TP879017"," 3","59523730","","0.1581","A"
"4","Trait5","pKWmEB","PstI.TP134761"," 3","59529523","","0.8200","A"
"4","Trait5","pKWmEB","PstI.TP841525"," 3","59531363","","0.6193","C"
"4","Trait5","pKWmEB","NsiI.TP134273"," 3","59544635","","0.4091","G"
"4","Trait5","pKWmEB","NsiI.TP754718"," 3","59558542","","0.1842","C"
"4","Trait5","pKWmEB","PstI.TP87836"," 3","59575398","","0.0753","C"
"4","Trait5","pKWmEB","PstI.TP77306"," 3","59583483","","0.3768","A"
"4","Trait5","pKWmEB","PstI.TP1049005"," 3","59604248","","0.6291","A"
"4","Trait5","pKWmEB","NsiI.TP815896"," 3","59605669","","0.0393","A"
"4","Trait5","pKWmEB","NsiI.TP771064"," 3","59608432","","0.0015","C"
"4","Trait5","pKWmEB","PstI.TP1253498"," 3","59619326","","0.7443","G"
"4","Trait5","pKWmEB","NsiI.TP203010"," 3","59652589","","0.5661","C"
"4","Trait5","pKWmEB","PstI.TP165961"," 3","59670260","","0.4315","C"
"4","Trait5","pKWmEB","PstI.TP1216287"," 3","59670325","","0.8714","A"
"4","Trait5","pKWmEB","PstI.TP830207"," 3","59673885","","0.6089","A"
"4","Trait5","pKWmEB","NsiI.TP629158"," 3","59687349","","0.6182","A"
"4","Trait5","pKWmEB","NsiI.TP13692"," 3","59687845","","0.2917","C"
"4","Trait5","pKWmEB","NsiI.TP462873"," 3","59700623","","0.7031","C"
"4","Trait5","pKWmEB","PstI.TP583118"," 3","59716925","","0.2322","G"
"4","Trait5","pKWmEB","NsiI.TP489856"," 3","59746303","","0.6248","C"
"4","Trait5","pKWmEB","PstI.TP242719"," 3","59746767","","0.2688","A"
"4","Trait5","pKWmEB","NsiI.TP82159"," 3","59746898","","0.6871","A"
"4","Trait5","pKWmEB","NsiI.TP489963"," 3","59749074","","0.0098","A"
"4","Trait5","pKWmEB","PstI.TP258589"," 3","59776102","","0.0988","A"
"4","Trait5","pKWmEB","PstI.TP608629"," 3","59778528","","0.3322","A"
"4","Trait5","pKWmEB","PstI.TP864618"," 3","59785501","","0.3571","A"
"4","Trait5","pKWmEB","PstI.TP612450"," 3","59785572","","0.2657","A"
"4","Trait5","pKWmEB","PstI.TP621399"," 3","59785579","","0.0294","C"
"4","Trait5","pKWmEB","PstI.TP925435"," 3","59813964","","0.0509","C"
"4","Trait5","pKWmEB","NsiI.TP134984"," 3","59816116","","0.0145","C"
"4","Trait5","pKWmEB","NsiI.TP756830"," 3","59816618","","0.2315","A"
"4","Trait5","pKWmEB","NsiI.TP443563"," 3","59820878","","0.2351","C"
"4","Trait5","pKWmEB","PstI.TP1063373"," 3","59855371","","0.2259","A"
"4","Trait5","pKWmEB","PstI.TP1036003"," 3","59881138","","0.0110","C"
"4","Trait5","pKWmEB","PstI.TP41440"," 3","59899767","","0.2395","G"
"4","Trait5","pKWmEB","NsiI.TP807819"," 3","59954776","","2.6060","C"
"4","Trait5","pKWmEB","PstI.TP667905"," 3","59988739","","0.2226","A"
"4","Trait5","pKWmEB","PstI.TP396748"," 3","59990539","","0.0307","A"
"4","Trait5","pKWmEB","PstI.TP156659"," 3","59996559","","0.4081","C"
"4","Trait5","pKWmEB","NsiI.TP138882"," 3","59997214","","0.5221","A"
"4","Trait5","pKWmEB","NsiI.TP669696"," 3","59997263","","0.7238","C"
"4","Trait5","pKWmEB","NsiI.TP350232"," 3","60012421","","0.1915","A"
"4","Trait5","pKWmEB","NsiI.TP502620"," 3","60014083","","0.1193","C"
"4","Trait5","pKWmEB","PstI.TP51148"," 3","60052612","","0.1860","C"
"4","Trait5","pKWmEB","PstI.TP486816"," 3","60055704","","0.3551","C"
"4","Trait5","pKWmEB","NsiI.TP711144"," 3","60068524","","0.7762","A"
"4","Trait5","pKWmEB","PstI.TP489426"," 3","60118439","","0.0462","A"
"4","Trait5","pKWmEB","PstI.TP701332"," 3","60121147","","0.3082","A"
"4","Trait5","pKWmEB","PstI.TP884163"," 3","60121398","","1.0992","A"
"4","Trait5","pKWmEB","NsiI.TP777929"," 3","60138967","","0.3932","C"
"4","Trait5","pKWmEB","PstI.TP1191807"," 3","60145417","","0.0123","C"
"4","Trait5","pKWmEB","PstI.TP541610"," 3","60150538","","0.7360","C"
"4","Trait5","pKWmEB","NsiI.TP832685"," 3","60157538","","0.0348","C"
"4","Trait5","pKWmEB","NsiI.TP327985"," 3","60165319","","0.5006","C"
"4","Trait5","pKWmEB","NsiI.TP301308"," 3","60166686","","0.2597","G"
"4","Trait5","pKWmEB","PstI.TP133037"," 3","60188422","","0.1643","A"
"4","Trait5","pKWmEB","NsiI.TP552305"," 3","60198029","","0.1130","C"
"4","Trait5","pKWmEB","NsiI.TP807497"," 3","60223421","","0.9603","A"
"4","Trait5","pKWmEB","NsiI.TP736691"," 3","60245071","","0.1527","C"
"4","Trait5","pKWmEB","PstI.TP514040"," 3","60245354","","0.0059","C"
"4","Trait5","pKWmEB","NsiI.TP755635"," 3","60252667","","0.0365","C"
"4","Trait5","pKWmEB","PstI.TP136422"," 3","60253262","","0.8593","A"
"4","Trait5","pKWmEB","PstI.TP1268442"," 3","60280275","","0.1221","A"
"4","Trait5","pKWmEB","NsiI.TP214881"," 3","60293360","","0.2513","A"
"4","Trait5","pKWmEB","PstI.TP1092466"," 3","60325983","","0.1204","A"
"4","Trait5","pKWmEB","PstI.TP922309"," 3","60329739","","0.1616","A"
"4","Trait5","pKWmEB","NsiI.TP28705"," 3","60372807","","0.0461","A"
"4","Trait5","pKWmEB","PstI.TP246272"," 3","60373826","","0.0700","C"
"4","Trait5","pKWmEB","PstI.TP223245"," 3","60398077","","0.1604","C"
"4","Trait5","pKWmEB","PstI.TP1103566"," 3","60411718","","1.6952","A"
"4","Trait5","pKWmEB","NsiI.TP68122"," 3","60476259","","0.4808","C"
"4","Trait5","pKWmEB","NsiI.TP364172"," 3","60493716","","0.6746","A"
"4","Trait5","pKWmEB","NsiI.TP761970"," 3","60500820","","0.0613","C"
"4","Trait5","pKWmEB","NsiI.TP124152"," 3","60504298","","0.9940","A"
"4","Trait5","pKWmEB","PstI.TP1210595"," 3","60504444","","0.0358","A"
"4","Trait5","pKWmEB","NsiI.TP77326"," 3","60530476","","0.0659","C"
"4","Trait5","pKWmEB","NsiI.TP547937"," 3","60572795","","0.1962","C"
"4","Trait5","pKWmEB","NsiI.TP472657"," 3","60599983","","0.0920","A"
"4","Trait5","pKWmEB","PstI.TP237442"," 3","60602220","","0.4453","A"
"4","Trait5","pKWmEB","NsiI.TP769766"," 3","60610978","","0.4707","A"
"4","Trait5","pKWmEB","NsiI.TP823995"," 3","60631433","","0.1363","A"
"4","Trait5","pKWmEB","PstI.TP226912"," 3","60634411","","0.3933","A"
"4","Trait5","pKWmEB","PstI.TP934231"," 3","60634673","","0.0768","A"
"4","Trait5","pKWmEB","PstI.TP781083"," 3","60635010","","0.5003","C"
"4","Trait5","pKWmEB","NsiI.TP131280"," 3","60635010","","0.4067","C"
"4","Trait5","pKWmEB","NsiI.TP442162"," 3","60635535","","0.5009","A"
"4","Trait5","pKWmEB","NsiI.TP798736"," 3","60644451","","0.1297","A"
"4","Trait5","pKWmEB","NsiI.TP798735"," 3","60644474","","0.8427","C"
"4","Trait5","pKWmEB","PstI.TP753132"," 3","60649454","","0.1015","C"
"4","Trait5","pKWmEB","NsiI.TP822310"," 3","60656912","","0.2110","C"
"4","Trait5","pKWmEB","PstI.TP744552"," 3","60666124","","0.3908","A"
"4","Trait5","pKWmEB","PstI.TP855345"," 3","60670818","","0.0075","A"
"4","Trait5","pKWmEB","NsiI.TP522476"," 3","60687548","","0.0035","G"
"4","Trait5","pKWmEB","NsiI.TP222427"," 3","60692215","","1.2138","C"
"4","Trait5","pKWmEB","NsiI.TP673320"," 3","60693609","","0.1522","A"
"4","Trait5","pKWmEB","NsiI.TP376618"," 3","60694341","","0.0690","C"
"4","Trait5","pKWmEB","PstI.TP839954"," 3","60694468","","0.2483","A"
"4","Trait5","pKWmEB","PstI.TP321605"," 3","60695100","","0.2343","A"
"4","Trait5","pKWmEB","PstI.TP784356"," 3","60719568","","1.0562","A"
"4","Trait5","pKWmEB","NsiI.TP38859"," 3","60731093","","0.1788","A"
"4","Trait5","pKWmEB","PstI.TP1242803"," 3","60735069","","0.3057","A"
"4","Trait5","pKWmEB","NsiI.TP166838"," 3","60735782","","0.3772","C"
"4","Trait5","pKWmEB","PstI.TP1102757"," 3","60738907","","1.3233","A"
"4","Trait5","pKWmEB","PstI.TP989802"," 3","60753871","","0.1878","A"
"4","Trait5","pKWmEB","PstI.TP620296"," 3","60788823","","0.2183","A"
"4","Trait5","pKWmEB","PstI.TP893323"," 3","60804145","","0.1085","G"
"4","Trait5","pKWmEB","PstI.TP863565"," 3","60804522","","0.2736","A"
"4","Trait5","pKWmEB","PstI.TP875573"," 3","60804814","","1.0233","C"
"4","Trait5","pKWmEB","PstI.TP890825"," 3","60812107","","0.1225","C"
"4","Trait5","pKWmEB","NsiI.TP473140"," 3","60813315","","1.1637","A"
"4","Trait5","pKWmEB","NsiI.TP67186"," 3","60823792","","0.4108","G"
"4","Trait5","pKWmEB","PstI.TP286022"," 3","60831142","","1.1837","A"
"4","Trait5","pKWmEB","PstI.TP26378"," 3","60842946","","0.1931","C"
"4","Trait5","pKWmEB","PstI.TP94692"," 3","60843174","","0.0816","A"
"4","Trait5","pKWmEB","PstI.TP701649"," 3","60847329","","0.6767","C"
"4","Trait5","pKWmEB","PstI.TP1138485"," 3","60847391","","0.2787","G"
"4","Trait5","pKWmEB","PstI.TP236690"," 3","60908020","","0.2388","C"
"4","Trait5","pKWmEB","PstI.TP989764"," 3","60914605","","0.1390","A"
"4","Trait5","pKWmEB","NsiI.TP425305"," 3","60919523","","2.1440","C"
"4","Trait5","pKWmEB","NsiI.TP395227"," 3","60920364","","0.1409","C"
"4","Trait5","pKWmEB","NsiI.TP360142"," 3","60924217","","0.4672","G"
"4","Trait5","pKWmEB","NsiI.TP630557"," 3","60925767","","0.3532","C"
"4","Trait5","pKWmEB","PstI.TP479064"," 3","60925871","","0.4865","A"
"4","Trait5","pKWmEB","NsiI.TP635683"," 3","60926748","","1.0925","C"
"4","Trait5","pKWmEB","PstI.TP17994"," 3","60977256","","0.4964","A"
"4","Trait5","pKWmEB","NsiI.TP355222"," 3","60983118","","0.6370","A"
"4","Trait5","pKWmEB","PstI.TP1066422"," 3","60988993","","0.6960","A"
"4","Trait5","pKWmEB","NsiI.TP215912"," 3","61002449","","0.7164","A"
"4","Trait5","pKWmEB","NsiI.TP179905"," 3","61013150","","0.2136","C"
"4","Trait5","pKWmEB","PstI.TP641175"," 3","61017020","","0.8902","A"
"4","Trait5","pKWmEB","PstI.TP694159"," 3","61030989","","0.0889","C"
"4","Trait5","pKWmEB","PstI.TP1027144"," 3","61037758","","0.2317","A"
"4","Trait5","pKWmEB","PstI.TP1040466"," 3","61038224","","1.2353","A"
"4","Trait5","pKWmEB","PstI.TP269016"," 3","61043666","","0.3053","C"
"4","Trait5","pKWmEB","PstI.TP1226824"," 3","61052168","","0.1462","A"
"4","Trait5","pKWmEB","GFSSContig17612_773"," 3","61133785","","0.0686","T"
"4","Trait5","pKWmEB","NsiI.TP772853"," 3","61175250","","0.0727","C"
"4","Trait5","pKWmEB","PstI.TP1092177"," 3","61213554","","0.2077","A"
"4","Trait5","pKWmEB","PstI.TP991622"," 3","61247052","","0.2698","G"
"4","Trait5","pKWmEB","PstI.TP433113"," 3","61260841","","0.1813","G"
"4","Trait5","pKWmEB","NsiI.TP496851"," 3","61267172","","0.4459","C"
"4","Trait5","pKWmEB","PstI.TP1183031"," 3","61268637","","0.4211","A"
"4","Trait5","pKWmEB","PstI.TP770467"," 3","61279233","","0.3971","A"
"4","Trait5","pKWmEB","NsiI.TP741130"," 3","61288684","","0.6047","C"
"4","Trait5","pKWmEB","PstI.TP626189"," 3","61292587","","0.8053","G"
"4","Trait5","pKWmEB","PstI.TP510088"," 3","61294512","","0.5080","A"
"4","Trait5","pKWmEB","PstI.TP158463"," 3","61326761","","0.3138","A"
"4","Trait5","pKWmEB","PstI.TP1229494"," 3","61329711","","0.6555","C"
"4","Trait5","pKWmEB","PstI.TP238422"," 3","61336314","","2.2110","A"
"4","Trait5","pKWmEB","NsiI.TP567629"," 3","61349073","","0.3798","A"
"4","Trait5","pKWmEB","PstI.TP115576"," 3","61364669","","0.4074","A"
"4","Trait5","pKWmEB","PstI.TP513949"," 3","61369495","","0.4435","A"
"4","Trait5","pKWmEB","PstI.TP1022061"," 3","61377198","","0.3897","A"
"4","Trait5","pKWmEB","NsiI.TP217016"," 3","61389742","","0.1233","A"
"4","Trait5","pKWmEB","PstI.TP729345"," 3","61392711","","0.3730","C"
"4","Trait5","pKWmEB","NsiI.TP640814"," 3","61420634","","0.1057","C"
"4","Trait5","pKWmEB","PstI.TP205682"," 3","61421944","","0.6819","A"
"4","Trait5","pKWmEB","PstI.TP205683"," 3","61421946","","0.4026","A"
"4","Trait5","pKWmEB","NsiI.TP219782"," 3","61442376","","0.3113","A"
"4","Trait5","pKWmEB","NsiI.TP156140"," 3","61466152","","0.0365","A"
"4","Trait5","pKWmEB","NsiI.TP767976"," 3","61489172","","0.8779","A"
"4","Trait5","pKWmEB","NsiI.TP473101"," 3","61489556","","0.1490","C"
"4","Trait5","pKWmEB","PstI.TP710312"," 3","61493650","","0.0279","C"
"4","Trait5","pKWmEB","NsiI.TP29647"," 3","61493987","","0.1286","C"
"4","Trait5","pKWmEB","NsiI.TP807503"," 3","61522042","","0.3505","C"
"4","Trait5","pKWmEB","PstI.TP863870"," 3","61525095","","0.1144","A"
"4","Trait5","pKWmEB","PstI.TP1055454"," 3","61538301","","0.0788","C"
"4","Trait5","pKWmEB","NsiI.TP194161"," 3","61538308","","0.4198","A"
"4","Trait5","pKWmEB","NsiI.TP494561"," 3","61541099","","0.8722","A"
"4","Trait5","pKWmEB","PstI.TP477932"," 3","61551815","","0.6452","A"
"4","Trait5","pKWmEB","NsiI.TP704503"," 3","61556233","","0.3084","A"
"4","Trait5","pKWmEB","NsiI.TP91904"," 3","61568869","","0.3174","C"
"4","Trait5","pKWmEB","PstI.TP1158211"," 3","61619462","","0.6691","C"
"4","Trait5","pKWmEB","NsiI.TP227264"," 3","61644071","","0.7875","C"
"4","Trait5","pKWmEB","NsiI.TP526301"," 3","61655465","","1.2522","A"
"4","Trait5","pKWmEB","NsiI.TP767160"," 3","61668483","","0.5039","C"
"4","Trait5","pKWmEB","PstI.TP682692"," 3","61669687","","0.2576","C"
"4","Trait5","pKWmEB","PstI.TP744473"," 3","61669976","","1.3815","A"
"4","Trait5","pKWmEB","PstI.TP181101"," 3","61672463","","0.1807","A"
"4","Trait5","pKWmEB","GFSSContig3855_930"," 3","61675070","","0.2327","T"
"4","Trait5","pKWmEB","PstI.TP1123625"," 3","61680413","","0.4457","A"
"4","Trait5","pKWmEB","PstI.TP1123622"," 3","61680445","","0.4897","A"
"4","Trait5","pKWmEB","NsiI.TP513368"," 3","61687792","","0.2905","C"
"4","Trait5","pKWmEB","NsiI.TP648145"," 3","61688849","","0.1186","C"
"4","Trait5","pKWmEB","NsiI.TP137681"," 3","61691801","","0.7651","C"
"4","Trait5","pKWmEB","NsiI.TP754402"," 3","61695089","","0.3030","G"
"4","Trait5","pKWmEB","NsiI.TP601708"," 3","61708605","","0.7261","C"
"4","Trait5","pKWmEB","NsiI.TP470920"," 3","61721599","","0.4444","G"
"4","Trait5","pKWmEB","NsiI.TP29426"," 3","61721739","","0.2811","A"
"4","Trait5","pKWmEB","PstI.TP1058684"," 3","61740645","","0.2121","A"
"4","Trait5","pKWmEB","NsiI.TP444971"," 3","61743262","","0.3311","C"
"4","Trait5","pKWmEB","NsiI.TP215631"," 3","61752529","","1.6896","A"
"4","Trait5","pKWmEB","NsiI.TP561674"," 3","61754089","","0.6139","C"
"4","Trait5","pKWmEB","NsiI.TP317101"," 3","61771383","","0.0107","A"
"4","Trait5","pKWmEB","PstI.TP1215679"," 3","61776795","","0.2529","C"
"4","Trait5","pKWmEB","PstI.TP1047233"," 3","61797601","","0.0911","A"
"4","Trait5","pKWmEB","PstI.TP1068378"," 3","61797657","","0.2946","C"
"4","Trait5","pKWmEB","PstI.TP47278"," 3","61828317","","0.0069","G"
"4","Trait5","pKWmEB","PstI.TP756650"," 3","61832560","","0.3532","A"
"4","Trait5","pKWmEB","NsiI.TP127429"," 3","61847094","","0.7120","C"
"4","Trait5","pKWmEB","NsiI.TP65535"," 3","61868801","","0.2950","A"
"4","Trait5","pKWmEB","NsiI.TP240686"," 3","61881616","","0.2942","A"
"4","Trait5","pKWmEB","NsiI.TP411007"," 3","61881674","","0.0898","C"
"4","Trait5","pKWmEB","NsiI.TP512189"," 3","61885782","","0.1373","C"
"4","Trait5","pKWmEB","NsiI.TP348354"," 3","61890086","","0.3918","C"
"4","Trait5","pKWmEB","NsiI.TP824702"," 3","61899474","","1.4534","C"
"4","Trait5","pKWmEB","NsiI.TP636075"," 3","61900461","","0.0267","C"
"4","Trait5","pKWmEB","NsiI.TP640913"," 3","61900470","","0.0277","A"
"4","Trait5","pKWmEB","PstI.TP1002549"," 3","61933672","","0.0770","G"
"4","Trait5","pKWmEB","NsiI.TP18199"," 3","61934242","","0.6543","A"
"4","Trait5","pKWmEB","NsiI.TP270205"," 3","61960163","","0.4931","C"
"4","Trait5","pKWmEB","NsiI.TP188827"," 3","61962465","","0.2216","G"
"4","Trait5","pKWmEB","NsiI.TP490563"," 3","61962827","","0.0988","G"
"4","Trait5","pKWmEB","PstI.TP1206334"," 3","61963148","","0.3739","C"
"4","Trait5","pKWmEB","NsiI.TP450432"," 3","61963697","","0.2790","A"
"4","Trait5","pKWmEB","NsiI.TP421367"," 3","61964857","","0.0746","G"
"4","Trait5","pKWmEB","PstI.TP1015557"," 3","61964858","","0.7773","G"
"4","Trait5","pKWmEB","PstI.TP212330"," 3","61992139","","0.3696","A"
"4","Trait5","pKWmEB","PstI.TP606496"," 3","62018965","","0.0820","C"
"4","Trait5","pKWmEB","PstI.TP118158"," 3","62028568","","0.2691","C"
"4","Trait5","pKWmEB","PstI.TP1241806"," 3","62038117","","0.0587","G"
"4","Trait5","pKWmEB","NsiI.TP726681"," 3","62054481","","0.5161","A"
"4","Trait5","pKWmEB","PstI.TP106632"," 3","62055462","","0.3168","A"
"4","Trait5","pKWmEB","PstI.TP235538"," 3","62102611","","1.7765","C"
"4","Trait5","pKWmEB","PstI.TP1087876"," 3","62102839","","0.9269","A"
"4","Trait5","pKWmEB","PstI.TP1163825"," 3","62149566","","0.1698","C"
"4","Trait5","pKWmEB","PstI.TP620503"," 3","62167098","","0.0499","A"
"4","Trait5","pKWmEB","PstI.TP116867"," 3","62167764","","0.0032","A"
"4","Trait5","pKWmEB","NsiI.TP532124"," 3","62168115","","0.0096","C"
"4","Trait5","pKWmEB","PstI.TP1100263"," 3","62171167","","0.4304","A"
"4","Trait5","pKWmEB","PstI.TP1100260"," 3","62171188","","0.9215","C"
"4","Trait5","pKWmEB","PstI.TP1199619"," 3","62188472","","0.1601","C"
"4","Trait5","pKWmEB","PstI.TP197088"," 3","62192090","","0.0024","C"
"4","Trait5","pKWmEB","PstI.TP688796"," 3","62196971","","0.0436","C"
"4","Trait5","pKWmEB","NsiI.TP225884"," 3","62210775","","0.4193","A"
"4","Trait5","pKWmEB","NsiI.TP717641"," 3","62218386","","0.4636","A"
"4","Trait5","pKWmEB","PstI.TP948881"," 3","62232654","","0.6191","C"
"4","Trait5","pKWmEB","PstI.TP259912"," 3","62235611","","0.6726","C"
"4","Trait5","pKWmEB","NsiI.TP426936"," 3","62236290","","0.1429","A"
"4","Trait5","pKWmEB","NsiI.TP669739"," 3","62236822","","1.2386","A"
"4","Trait5","pKWmEB","PstI.TP229860"," 3","62239983","","0.4948","A"
"4","Trait5","pKWmEB","PstI.TP1260683"," 3","62249445","","0.0334","C"
"4","Trait5","pKWmEB","NsiI.TP571441"," 3","62263730","","0.5571","C"
"4","Trait5","pKWmEB","NsiI.TP209279"," 3","62271200","","0.6828","A"
"4","Trait5","pKWmEB","NsiI.TP523526"," 3","62290466","","0.9479","C"
"4","Trait5","pKWmEB","PstI.TP197729"," 3","62304693","","0.6361","C"
"4","Trait5","pKWmEB","NsiI.TP700951"," 3","62304693","","0.2844","C"
"4","Trait5","pKWmEB","NsiI.TP418114"," 3","62312084","","0.3263","A"
"4","Trait5","pKWmEB","NsiI.TP469506"," 3","62312511","","0.5616","A"
"4","Trait5","pKWmEB","NsiI.TP394538"," 3","62312606","","0.0153","C"
"4","Trait5","pKWmEB","PstI.TP1248247"," 3","62346879","","1.4466","A"
"4","Trait5","pKWmEB","PstI.TP375011"," 3","62352025","","0.0100","C"
"4","Trait5","pKWmEB","NsiI.TP343521"," 3","62364335","","0.7444","G"
"4","Trait5","pKWmEB","PstI.TP28426"," 3","62364471","","0.3548","C"
"4","Trait5","pKWmEB","NsiI.TP556661"," 3","62384966","","1.0290","A"
"4","Trait5","pKWmEB","PstI.TP1207401"," 3","62394167","","0.0968","C"
"4","Trait5","pKWmEB","PstI.TP1218442"," 3","62395382","","0.4153","C"
"4","Trait5","pKWmEB","NsiI.TP452428"," 3","62411078","","0.3300","A"
"4","Trait5","pKWmEB","PstI.TP197785"," 3","62421321","","0.0299","C"
"4","Trait5","pKWmEB","NsiI.TP305135"," 3","62446748","","0.0040","C"
"4","Trait5","pKWmEB","PstI.TP212363"," 3","62460226","","0.4400","A"
"4","Trait5","pKWmEB","PstI.TP88512"," 3","62462150","","0.6258","A"
"4","Trait5","pKWmEB","NsiI.TP490321"," 3","62472581","","0.3396","G"
"4","Trait5","pKWmEB","NsiI.TP307317"," 3","62489784","","0.2845","A"
"4","Trait5","pKWmEB","NsiI.TP587502"," 3","62509726","","0.4372","G"
"4","Trait5","pKWmEB","NsiI.TP795088"," 3","62532850","","0.4441","C"
"4","Trait5","pKWmEB","PstI.TP220172"," 3","62533241","","0.0034","A"
"4","Trait5","pKWmEB","NsiI.TP423105"," 3","62553166","","0.7169","C"
"4","Trait5","pKWmEB","PstI.TP491926"," 3","62555932","","0.6126","A"
"4","Trait5","pKWmEB","PstI.TP784055"," 3","62556774","","4.1368","A"
"4","Trait5","pKWmEB","PstI.TP167777"," 3","62571181","","0.0871","C"
"4","Trait5","pKWmEB","PstI.TP1154452"," 3","62582232","","1.3301","G"
"4","Trait5","pKWmEB","PstI.TP1227898"," 3","62582412","","0.2110","G"
"4","Trait5","pKWmEB","NsiI.TP187535"," 3","62613185","","0.1141","C"
"4","Trait5","pKWmEB","NsiI.TP555265"," 3","62613271","","0.1251","A"
"4","Trait5","pKWmEB","NsiI.TP532189"," 3","62620279","","0.2613","G"
"4","Trait5","pKWmEB","PstI.TP315047"," 3","62632863","","0.1472","G"
"4","Trait5","pKWmEB","PstI.TP315041"," 3","62632908","","0.3719","A"
"4","Trait5","pKWmEB","PstI.TP981905"," 3","62633333","","0.2549","A"
"4","Trait5","pKWmEB","PstI.TP1044788"," 3","62637358","","0.1088","G"
"4","Trait5","pKWmEB","PstI.TP709539"," 3","62651637","","1.3144","C"
"4","Trait5","pKWmEB","PstI.TP830193"," 3","62651722","","0.4045","C"
"4","Trait5","pKWmEB","NsiI.TP373053"," 3","62688725","","0.0501","A"
"4","Trait5","pKWmEB","PstI.TP213377"," 3","62690207","","0.9042","A"
"4","Trait5","pKWmEB","PstI.TP894657"," 3","62690347","","0.1813","A"
"4","Trait5","pKWmEB","PstI.TP1149685"," 3","62713314","","0.2517","G"
"4","Trait5","pKWmEB","NsiI.TP457387"," 3","62713333","","0.2109","G"
"4","Trait5","pKWmEB","PstI.TP1119947"," 3","62720101","","0.0761","A"
"4","Trait5","pKWmEB","PstI.TP747371"," 3","62732304","","0.4549","A"
"4","Trait5","pKWmEB","NsiI.TP590626"," 3","62733679","","0.0947","A"
"4","Trait5","pKWmEB","NsiI.TP189403"," 3","62733721","","0.4114","C"
"4","Trait5","pKWmEB","PstI.TP396501"," 3","62733946","","0.7900","A"
"4","Trait5","pKWmEB","PstI.TP706848"," 3","62734689","","0.4424","C"
"4","Trait5","pKWmEB","PstI.TP31362"," 3","62734726","","0.6448","C"
"4","Trait5","pKWmEB","NsiI.TP797585"," 3","62736855","","0.1975","C"
"4","Trait5","pKWmEB","PstI.TP448424"," 3","62740930","","0.3136","A"
"4","Trait5","pKWmEB","NsiI.TP723677"," 3","62767764","","0.2136","C"
"4","Trait5","pKWmEB","PstI.TP67232"," 3","62769011","","0.2480","C"
"4","Trait5","pKWmEB","NsiI.TP268816"," 3","62797388","","0.4737","A"
"4","Trait5","pKWmEB","NsiI.TP766808"," 3","62798622","","1.5271","A"
"4","Trait5","pKWmEB","PstI.TP793406"," 3","62798999","","0.5514","A"
"4","Trait5","pKWmEB","GFSSContig775_598"," 3","62803541","","0.9800","T"
"4","Trait5","pKWmEB","NsiI.TP273716"," 3","62809987","","0.7953","A"
"4","Trait5","pKWmEB","NsiI.TP364661"," 3","62810648","","0.1735","C"
"4","Trait5","pKWmEB","PstI.TP731871"," 3","62811136","","0.2604","C"
"4","Trait5","pKWmEB","PstI.TP731868"," 3","62811145","","1.8256","C"
"4","Trait5","pKWmEB","PstI.TP852461"," 3","62811319","","0.1160","A"
"4","Trait5","pKWmEB","PstI.TP351473"," 3","62816493","","0.5870","C"
"4","Trait5","pKWmEB","NsiI.TP57497"," 3","62837378","","0.0057","G"
"4","Trait5","pKWmEB","NsiI.TP57499"," 3","62837391","","0.1259","A"
"4","Trait5","pKWmEB","NsiI.TP560698"," 3","62837431","","0.8006","A"
"4","Trait5","pKWmEB","PstI.TP252423"," 3","62843438","","0.2500","A"
"4","Trait5","pKWmEB","NsiI.TP121610"," 3","62853580","","0.9668","A"
"4","Trait5","pKWmEB","NsiI.TP527955"," 3","62865681","","0.1026","C"
"4","Trait5","pKWmEB","NsiI.TP589623"," 3","62870321","","0.4345","A"
"4","Trait5","pKWmEB","NsiI.TP194993"," 3","62870591","","0.2351","C"
"4","Trait5","pKWmEB","NsiI.TP814805"," 3","62875271","","0.0912","A"
"4","Trait5","pKWmEB","PstI.TP513222"," 3","62897899","","0.2847","A"
"4","Trait5","pKWmEB","PstI.TP1157196"," 3","62934362","","0.4109","A"
"4","Trait5","pKWmEB","PstI.TP10059"," 3","62988492","","0.1212","A"
"4","Trait5","pKWmEB","PstI.TP510694"," 3","63018633","","0.1388","A"
"4","Trait5","pKWmEB","NsiI.TP36218"," 3","63029747","","0.5758","A"
"4","Trait5","pKWmEB","NsiI.TP437742"," 3","63030426","","0.0810","C"
"4","Trait5","pKWmEB","NsiI.TP467606"," 3","63030544","","0.1640","G"
"4","Trait5","pKWmEB","NsiI.TP559855"," 3","63044172","","0.1674","A"
"4","Trait5","pKWmEB","NsiI.TP207536"," 3","63061544","","0.2782","C"
"4","Trait5","pKWmEB","PstI.TP628687"," 3","63092385","","0.1373","G"
"4","Trait5","pKWmEB","PstI.TP125277"," 3","63116909","","1.0142","A"
"4","Trait5","pKWmEB","PstI.TP1110234"," 3","63126555","","1.0086","C"
"4","Trait5","pKWmEB","PstI.TP714526"," 3","63126967","","0.5679","C"
"4","Trait5","pKWmEB","NsiI.TP529124"," 3","63127607","","1.3117","C"
"4","Trait5","pKWmEB","GFSSContig5557_72"," 3","63136908","","0.2580","A"
"4","Trait5","pKWmEB","PstI.TP907836"," 3","63143644","","1.1673","A"
"4","Trait5","pKWmEB","NsiI.TP825350"," 3","63153710","","0.2890","C"
"4","Trait5","pKWmEB","NsiI.TP63915"," 3","63176148","","0.1712","C"
"4","Trait5","pKWmEB","NsiI.TP271695"," 3","63181469","","0.1301","C"
"4","Trait5","pKWmEB","PstI.TP569829"," 3","63182435","","0.4232","A"
"4","Trait5","pKWmEB","NsiI.TP726999"," 3","63190246","","0.2800","C"
"4","Trait5","pKWmEB","PstI.TP977801"," 3","63195590","","1.3964","A"
"4","Trait5","pKWmEB","NsiI.TP521093"," 3","63200633","","0.1231","G"
"4","Trait5","pKWmEB","NsiI.TP563437"," 3","63200954","","0.1350","A"
"4","Trait5","pKWmEB","NsiI.TP428248"," 3","63202030","","0.3511","A"
"4","Trait5","pKWmEB","NsiI.TP438077"," 3","63207007","","0.5271","C"
"4","Trait5","pKWmEB","PstI.TP218170"," 3","63210084","","0.1532","C"
"4","Trait5","pKWmEB","PstI.TP223388"," 3","63212857","","0.6307","C"
"4","Trait5","pKWmEB","NsiI.TP286903"," 3","63225582","","0.2946","A"
"4","Trait5","pKWmEB","PstI.TP27143"," 3","63237234","","0.2569","C"
"4","Trait5","pKWmEB","PstI.TP51093"," 3","63237258","","0.3609","A"
"4","Trait5","pKWmEB","NsiI.TP121287"," 3","63237263","","0.8341","C"
"4","Trait5","pKWmEB","NsiI.TP458938"," 3","63243078","","0.5116","C"
"4","Trait5","pKWmEB","PstI.TP901065"," 3","63246535","","0.0876","C"
"4","Trait5","pKWmEB","NsiI.TP131543"," 3","63252906","","0.1401","C"
"4","Trait5","pKWmEB","NsiI.TP139027"," 3","63289950","","0.0179","C"
"4","Trait5","pKWmEB","PstI.TP993511"," 3","63295775","","0.3153","A"
"4","Trait5","pKWmEB","PstI.TP916840"," 3","63298133","","0.1415","A"
"4","Trait5","pKWmEB","PstI.TP970049"," 3","63324423","","0.0219","A"
"4","Trait5","pKWmEB","PstI.TP816774"," 3","63324470","","0.2611","A"
"4","Trait5","pKWmEB","PstI.TP816568"," 3","63324477","","0.0017","A"
"4","Trait5","pKWmEB","NsiI.TP430186"," 3","63325030","","1.0794","A"
"4","Trait5","pKWmEB","PstI.TP888368"," 3","63337334","","0.8984","G"
"4","Trait5","pKWmEB","PstI.TP918770"," 3","63337945","","0.3449","C"
"4","Trait5","pKWmEB","PstI.TP280346"," 3","63351343","","0.1475","A"
"4","Trait5","pKWmEB","PstI.TP484738"," 3","63356049","","0.7280","C"
"4","Trait5","pKWmEB","PstI.TP692240"," 3","63368255","","0.8125","A"
"4","Trait5","pKWmEB","PstI.TP1209805"," 3","63368307","","0.2350","A"
"4","Trait5","pKWmEB","PstI.TP602861"," 3","63369361","","0.9977","A"
"4","Trait5","pKWmEB","NsiI.TP366671"," 3","63372521","","0.0506","G"
"4","Trait5","pKWmEB","NsiI.TP652660"," 3","63375523","","0.2692","C"
"4","Trait5","pKWmEB","PstI.TP654237"," 3","63375812","","0.3137","A"
"4","Trait5","pKWmEB","PstI.TP798778"," 3","63375873","","0.9174","G"
"4","Trait5","pKWmEB","PstI.TP1185597"," 3","63390455","","0.5823","A"
"4","Trait5","pKWmEB","PstI.TP528497"," 3","63408638","","0.2777","A"
"4","Trait5","pKWmEB","PstI.TP450478"," 3","63412067","","0.8854","C"
"4","Trait5","pKWmEB","PstI.TP987283"," 3","63426749","","0.0159","A"
"4","Trait5","pKWmEB","NsiI.TP465548"," 3","63446283","","1.8645","A"
"4","Trait5","pKWmEB","PstI.TP478050"," 3","63462498","","1.7853","C"
"4","Trait5","pKWmEB","PstI.TP338993"," 3","63489864","","0.0263","A"
"4","Trait5","pKWmEB","NsiI.TP176667"," 3","63492497","","1.0853","A"
"4","Trait5","pKWmEB","NsiI.TP741429"," 3","63493065","","0.8142","C"
"4","Trait5","pKWmEB","PstI.TP792442"," 3","63504938","","0.2369","A"
"4","Trait5","pKWmEB","PstI.TP199791"," 3","63508120","","0.0785","A"
"4","Trait5","pKWmEB","NsiI.TP433022"," 3","63510103","","0.8649","A"
"4","Trait5","pKWmEB","NsiI.TP252824"," 3","63519177","","0.0861","G"
"4","Trait5","pKWmEB","NsiI.TP631251"," 3","63519772","","0.5100","A"
"4","Trait5","pKWmEB","NsiI.TP551480"," 3","63524894","","0.9058","A"
"4","Trait5","pKWmEB","NsiI.TP349068"," 3","63530177","","0.7060","A"
"4","Trait5","pKWmEB","NsiI.TP86907"," 3","63530179","","0.1993","A"
"4","Trait5","pKWmEB","PstI.TP965825"," 3","63530528","","1.6262","C"
"4","Trait5","pKWmEB","NsiI.TP148399"," 3","63530653","","0.0613","A"
"4","Trait5","pKWmEB","NsiI.TP447144"," 3","63530717","","2.4577","A"
"4","Trait5","pKWmEB","NsiI.TP800814"," 3","63540139","","0.0997","C"
"4","Trait5","pKWmEB","PstI.TP1098025"," 3","63567838","","0.1246","A"
"4","Trait5","pKWmEB","PstI.TP629983"," 3","63581607","","0.3757","C"
"4","Trait5","pKWmEB","PstI.TP295024"," 3","63583771","","0.5758","C"
"4","Trait5","pKWmEB","NsiI.TP175445"," 3","63583785","","0.3729","A"
"4","Trait5","pKWmEB","PstI.TP1222662"," 3","63583875","","0.0250","C"
"4","Trait5","pKWmEB","NsiI.TP540667"," 3","63587650","","0.1737","G"
"4","Trait5","pKWmEB","PstI.TP778793"," 3","63590224","","0.9514","A"
"4","Trait5","pKWmEB","NsiI.TP176480"," 3","63593277","","0.9822","A"
"4","Trait5","pKWmEB","GFSSContig14210_1233"," 3","63619163","","0.3256","A"
"4","Trait5","pKWmEB","NsiI.TP719571"," 3","63639298","","0.0750","C"
"4","Trait5","pKWmEB","NsiI.TP465631"," 3","63640075","","0.0816","A"
"4","Trait5","pKWmEB","NsiI.TP393786"," 3","63644097","","0.0399","C"
"4","Trait5","pKWmEB","PstI.TP269566"," 3","63644939","","0.2915","A"
"4","Trait5","pKWmEB","PstI.TP1057917"," 3","63645828","","0.6943","C"
"4","Trait5","pKWmEB","GFSSContig12527_197"," 3","63688831","","0.3202","T"
"4","Trait5","pKWmEB","PstI.TP265343"," 3","63692161","","0.0204","A"
"4","Trait5","pKWmEB","PstI.TP374544"," 3","63699323","","0.2077","A"
"4","Trait5","pKWmEB","PstI.TP743018"," 3","63741852","","0.1302","C"
"4","Trait5","pKWmEB","PstI.TP743016"," 3","63741878","","0.1711","C"
"4","Trait5","pKWmEB","PstI.TP142505"," 3","63747083","","0.3455","A"
"4","Trait5","pKWmEB","NsiI.TP347549"," 3","63747331","","0.3093","G"
"4","Trait5","pKWmEB","PstI.TP119815"," 3","63747743","","0.5905","A"
"4","Trait5","pKWmEB","NsiI.TP595425"," 3","63763805","","0.1872","G"
"4","Trait5","pKWmEB","PstI.TP1056199"," 3","63767546","","1.4033","A"
"4","Trait5","pKWmEB","PstI.TP248861"," 3","63767565","","0.1168","A"
"4","Trait5","pKWmEB","GFSSContig10741_1216"," 3","63771306","","0.1011","A"
"4","Trait5","pKWmEB","PstI.TP378140"," 3","63771773","","0.9382","C"
"4","Trait5","pKWmEB","PstI.TP995236"," 3","63809440","","0.7999","A"
"4","Trait5","pKWmEB","PstI.TP683092"," 3","63809485","","0.0900","C"
"4","Trait5","pKWmEB","PstI.TP176936"," 3","63829208","","0.5982","C"
"4","Trait5","pKWmEB","NsiI.TP717162"," 3","63834924","","1.1244","A"
"4","Trait5","pKWmEB","NsiI.TP350448"," 3","63834942","","0.4240","A"
"4","Trait5","pKWmEB","NsiI.TP503413"," 3","63835388","","0.4290","A"
"4","Trait5","pKWmEB","NsiI.TP414855"," 3","63835452","","0.2747","C"
"4","Trait5","pKWmEB","NsiI.TP696434"," 3","63870524","","0.2607","A"
"4","Trait5","pKWmEB","NsiI.TP755634"," 3","63871706","","0.1649","A"
"4","Trait5","pKWmEB","PstI.TP975358"," 3","63875437","","0.4200","A"
"4","Trait5","pKWmEB","NsiI.TP625740"," 3","63928256","","1.7865","C"
"4","Trait5","pKWmEB","PstI.TP458650"," 3","63973238","","0.3681","C"
"4","Trait5","pKWmEB","PstI.TP815514"," 3","63973277","","0.0398","A"
"4","Trait5","pKWmEB","PstI.TP973883"," 3","63986038","","0.0824","C"
"4","Trait5","pKWmEB","PstI.TP1273524"," 3","64005585","","0.0173","A"
"4","Trait5","pKWmEB","PstI.TP230402"," 3","64005631","","0.1394","A"
"4","Trait5","pKWmEB","PstI.TP240142"," 3","64019572","","0.1902","C"
"4","Trait5","pKWmEB","PstI.TP811969"," 3","64051653","","0.9026","C"
"4","Trait5","pKWmEB","NsiI.TP376933"," 3","64056069","","0.2970","A"
"4","Trait5","pKWmEB","PstI.TP795010"," 3","64056361","","0.4099","C"
"4","Trait5","pKWmEB","PstI.TP899599"," 3","64061155","","0.7568","C"
"4","Trait5","pKWmEB","PstI.TP982685"," 3","64062314","","0.0395","A"
"4","Trait5","pKWmEB","NsiI.TP201870"," 3","64132657","","0.0415","C"
"4","Trait5","pKWmEB","NsiI.TP435805"," 3","64133076","","0.5612","A"
"4","Trait5","pKWmEB","NsiI.TP546613"," 3","64139071","","0.2061","A"
"4","Trait5","pKWmEB","PstI.TP118304"," 3","64199565","","1.3812","G"
"4","Trait5","pKWmEB","PstI.TP681235"," 3","64200366","","0.2516","A"
"4","Trait5","pKWmEB","NsiI.TP440093"," 3","64205828","","0.1728","A"
"4","Trait5","pKWmEB","NsiI.TP308604"," 3","64205832","","0.3524","C"
"4","Trait5","pKWmEB","NsiI.TP624834"," 3","64214715","","0.1132","A"
"4","Trait5","pKWmEB","PstI.TP213483"," 3","64224454","","0.0539","C"
"4","Trait5","pKWmEB","PstI.TP383715"," 3","64236301","","0.9206","C"
"4","Trait5","pKWmEB","NsiI.TP489618"," 3","64250401","","0.3174","A"
"4","Trait5","pKWmEB","PstI.TP1179541"," 3","64258110","","1.3081","C"
"4","Trait5","pKWmEB","NsiI.TP386886"," 3","64281292","","1.2709","C"
"4","Trait5","pKWmEB","NsiI.TP550459"," 3","64325444","","0.6905","C"
"4","Trait5","pKWmEB","NsiI.TP393300"," 3","64334616","","0.4097","A"
"4","Trait5","pKWmEB","NsiI.TP332475"," 3","64344627","","0.1529","C"
"4","Trait5","pKWmEB","NsiI.TP738076"," 3","64378455","","0.0052","A"
"4","Trait5","pKWmEB","PstI.TP1157682"," 3","64398630","","0.3255","A"
"4","Trait5","pKWmEB","PstI.TP131841"," 3","64461399","","0.3756","C"
"4","Trait5","pKWmEB","PstI.TP763619"," 3","64466860","","0.1146","C"
"4","Trait5","pKWmEB","NsiI.TP602959"," 3","64466920","","1.1175","C"
"4","Trait5","pKWmEB","PstI.TP263277"," 3","64477115","","0.5028","A"
"4","Trait5","pKWmEB","PstI.TP932448"," 3","64479943","","0.2056","C"
"4","Trait5","pKWmEB","PstI.TP1271715"," 3","64483560","","0.4169","C"
"4","Trait5","pKWmEB","PstI.TP981980"," 3","64500878","","0.6922","A"
"4","Trait5","pKWmEB","NsiI.TP102678"," 3","64512906","","1.0766","C"
"4","Trait5","pKWmEB","PstI.TP15431"," 3","64515813","","0.4900","A"
"4","Trait5","pKWmEB","NsiI.TP495410"," 3","64532359","","0.6140","C"
"4","Trait5","pKWmEB","NsiI.TP538686"," 3","64534125","","0.2051","A"
"4","Trait5","pKWmEB","NsiI.TP55415"," 3","64630564","","0.0207","C"
"4","Trait5","pKWmEB","NsiI.TP255391"," 3","64648824","","1.6175","C"
"4","Trait5","pKWmEB","PstI.TP710702"," 3","64702098","","0.1521","C"
"4","Trait5","pKWmEB","PstI.TP433358"," 3","64702344","","1.0686","C"
"4","Trait5","pKWmEB","NsiI.TP566814"," 3","64704540","","0.1180","A"
"4","Trait5","pKWmEB","PstI.TP698"," 3","64710220","","0.2694","C"
"4","Trait5","pKWmEB","NsiI.TP224401"," 3","64711918","","0.6736","A"
"4","Trait5","pKWmEB","PstI.TP950567"," 3","64725335","","0.3391","G"
"4","Trait5","pKWmEB","PstI.TP131990"," 3","64753470","","0.1168","G"
"4","Trait5","pKWmEB","PstI.TP892866"," 3","64754537","","0.1905","C"
"4","Trait5","pKWmEB","PstI.TP942675"," 3","64754613","","0.5308","G"
"4","Trait5","pKWmEB","PstI.TP52306"," 3","64766194","","0.0682","A"
"4","Trait5","pKWmEB","NsiI.TP623459"," 3","64767434","","0.3447","C"
"4","Trait5","pKWmEB","NsiI.TP661125"," 3","64767791","","0.1808","A"
"4","Trait5","pKWmEB","PstI.TP964683"," 3","64769478","","1.2638","C"
"4","Trait5","pKWmEB","NsiI.TP144113"," 3","64770922","","0.0890","A"
"4","Trait5","pKWmEB","PstI.TP642937"," 3","64771219","","0.3168","A"
"4","Trait5","pKWmEB","PstI.TP1048748"," 3","64771307","","0.5954","C"
"4","Trait5","pKWmEB","NsiI.TP173658"," 3","64787835","","0.3149","C"
"4","Trait5","pKWmEB","NsiI.TP173657"," 3","64787865","","0.1819","A"
"4","Trait5","pKWmEB","NsiI.TP408092"," 3","64787906","","1.5801","G"
"4","Trait5","pKWmEB","NsiI.TP579718"," 3","64789626","","1.0900","A"
"4","Trait5","pKWmEB","PstI.TP1105407"," 3","64790706","","0.2413","A"
"4","Trait5","pKWmEB","PstI.TP1177182"," 3","64795342","","0.0522","A"
"4","Trait5","pKWmEB","PstI.TP1158338"," 3","64796586","","0.2315","A"
"4","Trait5","pKWmEB","PstI.TP1162938"," 3","64796788","","0.3589","A"
"4","Trait5","pKWmEB","PstI.TP944410"," 3","64807625","","0.1698","C"
"4","Trait5","pKWmEB","PstI.TP106875"," 3","64830008","","0.0549","C"
"4","Trait5","pKWmEB","NsiI.TP748755"," 3","64851266","","0.6002","C"
"4","Trait5","pKWmEB","NsiI.TP436975"," 3","64856441","","0.0293","A"
"4","Trait5","pKWmEB","PstI.TP834705"," 3","64875013","","0.8243","C"
"4","Trait5","pKWmEB","NsiI.TP439596"," 3","64875036","","0.0273","A"
"4","Trait5","pKWmEB","PstI.TP1210787"," 3","64877108","","0.8317","C"
"4","Trait5","pKWmEB","PstI.TP102370"," 3","64877170","","0.8874","G"
"4","Trait5","pKWmEB","SSk50ctg79047_102"," 3","64879201","","0.1082","T"
"4","Trait5","pKWmEB","PstI.TP29922"," 3","64880194","","0.3215","A"
"4","Trait5","pKWmEB","NsiI.TP390204"," 3","64892556","","0.2049","A"
"4","Trait5","pKWmEB","GFSSContig5800_117"," 3","64906485","","0.3206","C"
"4","Trait5","pKWmEB","PstI.TP764077"," 3","64918104","","0.2041","G"
"4","Trait5","pKWmEB","PstI.TP700499"," 3","64918158","","0.7398","A"
"4","Trait5","pKWmEB","PstI.TP420029"," 3","64967488","","0.4541","A"
"4","Trait5","pKWmEB","NsiI.TP732981"," 3","64967561","","1.0827","A"
"4","Trait5","pKWmEB","PstI.TP521055"," 3","64969364","","2.3517","A"
"4","Trait5","pKWmEB","PstI.TP548880"," 3","64984146","","0.3135","C"
"4","Trait5","pKWmEB","PstI.TP720500"," 3","64984304","","0.4362","G"
"4","Trait5","pKWmEB","PstI.TP1187104"," 3","64995440","","0.4493","G"
"4","Trait5","pKWmEB","PstI.TP446300"," 3","65000613","","1.3746","G"
"4","Trait5","pKWmEB","PstI.TP811780"," 3","65003112","","0.2588","C"
"4","Trait5","pKWmEB","PstI.TP142597"," 3","65056640","","0.3374","A"
"4","Trait5","pKWmEB","NsiI.TP8833"," 3","65063189","","0.4128","A"
"4","Trait5","pKWmEB","NsiI.TP217021"," 3","65072693","","0.3116","G"
"4","Trait5","pKWmEB","PstI.TP927942"," 3","65107992","","0.2398","A"
"4","Trait5","pKWmEB","PstI.TP40890"," 3","65111259","","0.2049","A"
"4","Trait5","pKWmEB","NsiI.TP425378"," 3","65120251","","1.4348","C"
"4","Trait5","pKWmEB","NsiI.TP423742"," 3","65124805","","3.1343","A"
"4","Trait5","pKWmEB","PstI.TP729855"," 3","65126133","","0.1182","C"
"4","Trait5","pKWmEB","PstI.TP622176"," 3","65129470","","0.1411","C"
"4","Trait5","pKWmEB","PstI.TP275295"," 3","65129510","","0.0788","A"
"4","Trait5","pKWmEB","PstI.TP924365"," 3","65140264","","0.4836","C"
"4","Trait5","pKWmEB","PstI.TP1129598"," 3","65151728","","0.0384","A"
"4","Trait5","pKWmEB","PstI.TP1057926"," 3","65160984","","0.0757","C"
"4","Trait5","pKWmEB","NsiI.TP61883"," 3","65198128","","1.0641","A"
"4","Trait5","pKWmEB","PstI.TP1279695"," 3","65199639","","0.2079","A"
"4","Trait5","pKWmEB","NsiI.TP347674"," 3","65200177","","0.0398","C"
"4","Trait5","pKWmEB","NsiI.TP128459"," 3","65210815","","0.8495","A"
"4","Trait5","pKWmEB","PstI.TP497176"," 3","65212174","","0.2384","A"
"4","Trait5","pKWmEB","PstI.TP811397"," 3","65212504","","0.0577","A"
"4","Trait5","pKWmEB","NsiI.TP499824"," 3","65221976","","0.2017","G"
"4","Trait5","pKWmEB","PstI.TP4963"," 3","65245788","","0.2366","A"
"4","Trait5","pKWmEB","PstI.TP796422"," 3","65263672","","0.3421","C"
"4","Trait5","pKWmEB","GFSSContig4458_856"," 3","65265916","","0.1369","A"
"4","Trait5","pKWmEB","NsiI.TP131203"," 3","65279015","","1.5711","A"
"4","Trait5","pKWmEB","PstI.TP1146858"," 3","65279133","","0.7338","A"
"4","Trait5","pKWmEB","NsiI.TP25665"," 3","65286239","","2.0278","C"
"4","Trait5","pKWmEB","PstI.TP736293"," 3","65301908","","1.4605","A"
"4","Trait5","pKWmEB","PstI.TP1217152"," 3","65310010","","1.0989","A"
"4","Trait5","pKWmEB","PstI.TP36373"," 3","65310791","","0.2201","A"
"4","Trait5","pKWmEB","PstI.TP623942"," 3","65310848","","0.0262","C"
"4","Trait5","pKWmEB","NsiI.TP634149"," 3","65311762","","0.0643","G"
"4","Trait5","pKWmEB","PstI.TP619787"," 3","65315228","","1.6429","C"
"4","Trait5","pKWmEB","PstI.TP679058"," 3","65318520","","0.1587","C"
"4","Trait5","pKWmEB","PstI.TP679069"," 3","65318520","","0.0492","C"
"4","Trait5","pKWmEB","PstI.TP679099"," 3","65318520","","0.0780","C"
"4","Trait5","pKWmEB","PstI.TP679013"," 3","65318526","","0.0000","C"
"4","Trait5","pKWmEB","NsiI.TP59803"," 3","65353258","","0.7728","A"
"4","Trait5","pKWmEB","PstI.TP931133"," 3","65353554","","0.1794","A"
"4","Trait5","pKWmEB","NsiI.TP490676"," 3","65358322","","1.7901","C"
"4","Trait5","pKWmEB","PstI.TP743168"," 3","65407735","","0.6440","C"
"4","Trait5","pKWmEB","NsiI.TP501941"," 3","65413138","","0.7335","C"
"4","Trait5","pKWmEB","NsiI.TP281579"," 3","65419972","","0.3558","C"
"4","Trait5","pKWmEB","PstI.TP1046523"," 3","65420012","","0.2915","C"
"4","Trait5","pKWmEB","PstI.TP1181836"," 3","65443395","","0.0498","A"
"4","Trait5","pKWmEB","PstI.TP1184037"," 3","65443424","","2.0190","C"
"4","Trait5","pKWmEB","PstI.TP909597"," 3","65465865","","0.8458","C"
"4","Trait5","pKWmEB","NsiI.TP133942"," 3","65486201","","0.0465","C"
"4","Trait5","pKWmEB","NsiI.TP754511"," 3","65486397","","1.3260","A"
"4","Trait5","pKWmEB","PstI.TP828420"," 3","65513671","","2.2465","A"
"4","Trait5","pKWmEB","NsiI.TP595895"," 3","65547562","","0.3081","A"
"4","Trait5","pKWmEB","PstI.TP873460"," 3","65589591","","1.1702","C"
"4","Trait5","pKWmEB","PstI.TP1074627"," 3","65592157","","2.4011","C"
"4","Trait5","pKWmEB","NsiI.TP348040"," 3","65611667","","0.9501","C"
"4","Trait5","pKWmEB","NsiI.TP409416"," 3","65615041","","0.0277","A"
"4","Trait5","pKWmEB","NsiI.TP409418"," 3","65615069","","1.0318","A"
"4","Trait5","pKWmEB","PstI.TP131097"," 3","65620414","","0.1541","A"
"4","Trait5","pKWmEB","PstI.TP56332"," 3","65620528","","0.3715","A"
"4","Trait5","pKWmEB","NsiI.TP260534"," 3","65628707","","0.1011","A"
"4","Trait5","pKWmEB","NsiI.TP682243"," 3","65632416","","0.4827","C"
"4","Trait5","pKWmEB","PstI.TP226380"," 3","65660695","","0.1193","A"
"4","Trait5","pKWmEB","NsiI.TP91174"," 3","65662130","","1.2313","A"
"4","Trait5","pKWmEB","PstI.TP1128716"," 3","65668248","","1.3178","C"
"4","Trait5","pKWmEB","PstI.TP673750"," 3","65713273","","0.1803","C"
"4","Trait5","pKWmEB","PstI.TP1248832"," 3","65713285","","0.1610","C"
"4","Trait5","pKWmEB","PstI.TP36798"," 3","65713716","","0.9782","C"
"4","Trait5","pKWmEB","PstI.TP172654"," 3","65720000","","0.8696","C"
"4","Trait5","pKWmEB","PstI.TP65197"," 3","65732857","","1.7001","G"
"4","Trait5","pKWmEB","PstI.TP827144"," 3","65732872","","0.2608","C"
"4","Trait5","pKWmEB","PstI.TP28652"," 3","65736798","","0.3697","A"
"4","Trait5","pKWmEB","PstI.TP305227"," 3","65741456","","2.6275","A"
"4","Trait5","pKWmEB","PstI.TP1212134"," 3","65768168","","0.0860","A"
"4","Trait5","pKWmEB","SSk40ctg268352_219"," 3","65771848","","0.0010","T"
"4","Trait5","pKWmEB","PstI.TP1065786"," 3","65773469","","0.1239","C"
"4","Trait5","pKWmEB","NsiI.TP190228"," 3","65789712","","0.1600","G"
"4","Trait5","pKWmEB","PstI.TP185010"," 3","65791497","","0.3835","C"
"4","Trait5","pKWmEB","PstI.TP1166904"," 3","65807719","","0.6890","C"
"4","Trait5","pKWmEB","PstI.TP179992"," 3","65808212","","0.4393","A"
"4","Trait5","pKWmEB","NsiI.TP309040"," 3","65811802","","0.0580","C"
"4","Trait5","pKWmEB","NsiI.TP295308"," 3","65816539","","0.2946","A"
"4","Trait5","pKWmEB","NsiI.TP416816"," 3","65830742","","0.3094","C"
"4","Trait5","pKWmEB","NsiI.TP432925"," 3","65857162","","0.0277","A"
"4","Trait5","pKWmEB","PstI.TP1147545"," 3","65865123","","0.3410","C"
"4","Trait5","pKWmEB","NsiI.TP603545"," 3","65866973","","0.3468","C"
"4","Trait5","pKWmEB","PstI.TP39822"," 3","65876412","","0.6741","A"
"4","Trait5","pKWmEB","PstI.TP1257324"," 3","65916131","","0.6439","C"
"4","Trait5","pKWmEB","PstI.TP1217118"," 3","65927162","","0.1109","C"
"4","Trait5","pKWmEB","PstI.TP110007"," 3","65988708","","0.1491","A"
"4","Trait5","pKWmEB","PstI.TP169344"," 3","66006889","","0.2464","A"
"4","Trait5","pKWmEB","NsiI.TP244814"," 3","66011512","","0.3696","C"
"4","Trait5","pKWmEB","PstI.TP123984"," 3","66020334","","0.7312","C"
"4","Trait5","pKWmEB","NsiI.TP756465"," 3","66022257","","0.2134","A"
"4","Trait5","pKWmEB","PstI.TP256359"," 3","66030994","","0.0346","A"
"4","Trait5","pKWmEB","PstI.TP1067985"," 3","66032016","","0.6946","C"
"4","Trait5","pKWmEB","PstI.TP1187375"," 3","66032128","","0.4357","C"
"4","Trait5","pKWmEB","NsiI.TP632148"," 3","66037707","","0.0132","A"
"4","Trait5","pKWmEB","PstI.TP52761"," 3","66042781","","0.2889","A"
"4","Trait5","pKWmEB","PstI.TP1283404"," 3","66044380","","0.1759","C"
"4","Trait5","pKWmEB","PstI.TP222395"," 3","66046453","","0.6260","C"
"4","Trait5","pKWmEB","PstI.TP876849"," 3","66050191","","0.8071","C"
"4","Trait5","pKWmEB","PstI.TP1004443"," 3","66051537","","0.5165","G"
"4","Trait5","pKWmEB","PstI.TP904259"," 3","66075604","","1.7521","A"
"4","Trait5","pKWmEB","NsiI.TP574459"," 3","66082861","","0.9300","C"
"4","Trait5","pKWmEB","PstI.TP745674"," 3","66083753","","1.5460","G"
"4","Trait5","pKWmEB","NsiI.TP628317"," 3","66097269","","0.3621","G"
"4","Trait5","pKWmEB","PstI.TP523998"," 3","66128752","","0.5398","A"
"4","Trait5","pKWmEB","PstI.TP909203"," 3","66137147","","0.2892","A"
"4","Trait5","pKWmEB","NsiI.TP583428"," 3","66145490","","0.4184","A"
"4","Trait5","pKWmEB","NsiI.TP664567"," 3","66146735","","2.3198","A"
"4","Trait5","pKWmEB","NsiI.TP521201"," 3","66148962","","1.0356","C"
"4","Trait5","pKWmEB","PstI.TP709334"," 3","66159458","","1.1653","A"
"4","Trait5","pKWmEB","PstI.TP918301"," 3","66190813","","1.4858","C"
"4","Trait5","pKWmEB","NsiI.TP4703"," 3","66190950","","0.3849","A"
"4","Trait5","pKWmEB","PstI.TP1005755"," 3","66200815","","1.3132","A"
"4","Trait5","pKWmEB","PstI.TP1178407"," 3","66215279","","0.3958","C"
"4","Trait5","pKWmEB","NsiI.TP540514"," 3","66219776","","0.6943","C"
"4","Trait5","pKWmEB","PstI.TP937085"," 3","66223721","","0.3877","C"
"4","Trait5","pKWmEB","NsiI.TP254345"," 3","66226814","","0.6891","A"
"4","Trait5","pKWmEB","PstI.TP647496"," 3","66241419","","0.5830","C"
"4","Trait5","pKWmEB","PstI.TP1214174"," 3","66252363","","0.8612","A"
"4","Trait5","pKWmEB","PstI.TP166965"," 3","66268685","","0.2780","A"
"4","Trait5","pKWmEB","PstI.TP167312"," 3","66268712","","0.7963","A"
"4","Trait5","pKWmEB","PstI.TP976503"," 3","66284631","","0.4931","G"
"4","Trait5","pKWmEB","PstI.TP540206"," 3","66293725","","0.3933","C"
"4","Trait5","pKWmEB","NsiI.TP196578"," 3","66299465","","0.5825","A"
"4","Trait5","pKWmEB","PstI.TP285269"," 3","66299606","","0.9419","A"
"4","Trait5","pKWmEB","PstI.TP852474"," 3","66325325","","0.5070","A"
"4","Trait5","pKWmEB","NsiI.TP10802"," 3","66346443","","0.1299","A"
"4","Trait5","pKWmEB","PstI.TP997591"," 3","66347444","","0.6281","A"
"4","Trait5","pKWmEB","PstI.TP469669"," 3","66350305","","0.2412","C"
"4","Trait5","pKWmEB","NsiI.TP543749"," 3","66362318","","0.6795","C"
"4","Trait5","pKWmEB","NsiI.TP414206"," 3","66369863","","0.4569","C"
"4","Trait5","pKWmEB","PstI.TP1101578"," 3","66383201","","0.0700","A"
"4","Trait5","pKWmEB","PstI.TP934426"," 3","66383455","","0.2868","C"
"4","Trait5","pKWmEB","NsiI.TP305392"," 3","66385587","","1.4002","A"
"4","Trait5","pKWmEB","PstI.TP730549"," 3","66385660","","0.2936","A"
"4","Trait5","pKWmEB","PstI.TP1284288"," 3","66387283","","0.7320","A"
"4","Trait5","pKWmEB","PstI.TP7858"," 3","66409995","","0.2918","A"
"4","Trait5","pKWmEB","NsiI.TP133996"," 3","66414706","","0.0900","A"
"4","Trait5","pKWmEB","PstI.TP794667"," 3","66423576","","0.2077","A"
"4","Trait5","pKWmEB","PstI.TP8762"," 3","66427331","","0.4707","C"
"4","Trait5","pKWmEB","PstI.TP402655"," 3","66433579","","0.2059","C"
"4","Trait5","pKWmEB","NsiI.TP231887"," 3","66434838","","0.6355","C"
"4","Trait5","pKWmEB","PstI.TP1094666"," 3","66462116","","1.0666","A"
"4","Trait5","pKWmEB","NsiI.TP487732"," 3","66464681","","0.0408","C"
"4","Trait5","pKWmEB","NsiI.TP45922"," 3","66483370","","0.0099","G"
"4","Trait5","pKWmEB","PstI.TP24527"," 3","66501042","","0.7162","A"
"4","Trait5","pKWmEB","PstI.TP703640"," 3","66502775","","0.2358","A"
"4","Trait5","pKWmEB","NsiI.TP533591"," 3","66506853","","0.3796","G"
"4","Trait5","pKWmEB","PstI.TP582861"," 3","66513476","","0.1007","A"
"4","Trait5","pKWmEB","PstI.TP229389"," 3","66525430","","1.0114","C"
"4","Trait5","pKWmEB","PstI.TP858716"," 3","66525528","","0.6092","A"
"4","Trait5","pKWmEB","PstI.TP218450"," 3","66526192","","0.1258","A"
"4","Trait5","pKWmEB","PstI.TP44472"," 3","66531786","","0.0565","C"
"4","Trait5","pKWmEB","PstI.TP549811"," 3","66531825","","0.2909","C"
"4","Trait5","pKWmEB","PstI.TP960487"," 3","66532357","","0.3073","A"
"4","Trait5","pKWmEB","PstI.TP694382"," 3","66532430","","0.3394","A"
"4","Trait5","pKWmEB","NsiI.TP119499"," 3","66557695","","0.0009","A"
"4","Trait5","pKWmEB","PstI.TP1043570"," 3","66559337","","0.3971","C"
"4","Trait5","pKWmEB","PstI.TP359762"," 3","66562641","","0.0492","A"
"4","Trait5","pKWmEB","NsiI.TP640901"," 3","66566153","","0.1826","C"
"4","Trait5","pKWmEB","PstI.TP207141"," 3","66578246","","1.2429","A"
"4","Trait5","pKWmEB","PstI.TP640318"," 3","66580470","","0.2413","C"
"4","Trait5","pKWmEB","PstI.TP91433"," 3","66583782","","0.9855","A"
"4","Trait5","pKWmEB","PstI.TP640904"," 3","66602989","","0.1980","A"
"4","Trait5","pKWmEB","PstI.TP1169461"," 3","66602998","","1.2915","A"
"4","Trait5","pKWmEB","NsiI.TP744870"," 3","66626788","","0.0629","C"
"4","Trait5","pKWmEB","NsiI.TP104261"," 3","66627085","","0.4983","A"
"4","Trait5","pKWmEB","PstI.TP214386"," 3","66629978","","0.7234","A"
"4","Trait5","pKWmEB","NsiI.TP682859"," 3","66632883","","0.3396","C"
"4","Trait5","pKWmEB","PstI.TP875370"," 3","66640627","","0.1941","C"
"4","Trait5","pKWmEB","PstI.TP662488"," 3","66648878","","0.2710","G"
"4","Trait5","pKWmEB","PstI.TP766097"," 3","66653828","","0.3178","A"
"4","Trait5","pKWmEB","PstI.TP972363"," 3","66704307","","0.1238","C"
"4","Trait5","pKWmEB","PstI.TP819018"," 3","66708924","","0.1181","A"
"4","Trait5","pKWmEB","PstI.TP932815"," 3","66708998","","0.0633","A"
"4","Trait5","pKWmEB","PstI.TP940999"," 3","66708999","","0.3746","G"
"4","Trait5","pKWmEB","NsiI.TP826645"," 3","66710702","","0.0305","C"
"4","Trait5","pKWmEB","PstI.TP538549"," 3","66711537","","0.3336","A"
"4","Trait5","pKWmEB","PstI.TP391374"," 3","66712259","","0.0359","C"
"4","Trait5","pKWmEB","PstI.TP854235"," 3","66715588","","0.0762","A"
"4","Trait5","pKWmEB","NsiI.TP363461"," 3","66747247","","0.0365","C"
"4","Trait5","pKWmEB","NsiI.TP331333"," 3","66751080","","0.5555","A"
"4","Trait5","pKWmEB","PstI.TP1292760"," 3","66753576","","0.8005","A"
"4","Trait5","pKWmEB","PstI.TP60621"," 3","66769645","","0.4576","C"
"4","Trait5","pKWmEB","PstI.TP192416"," 3","66769941","","1.0984","C"
"4","Trait5","pKWmEB","PstI.TP217593"," 3","66787516","","0.0242","C"
"4","Trait5","pKWmEB","PstI.TP760678"," 3","66797316","","0.0401","G"
"4","Trait5","pKWmEB","PstI.TP738731"," 3","66801099","","0.4896","A"
"4","Trait5","pKWmEB","NsiI.TP425346"," 3","66801989","","0.0202","C"
"4","Trait5","pKWmEB","NsiI.TP407822"," 3","66802785","","0.0882","C"
"4","Trait5","pKWmEB","PstI.TP60635"," 3","66807545","","0.0351","A"
"4","Trait5","pKWmEB","PstI.TP1078343"," 3","66828688","","0.2295","C"
"4","Trait5","pKWmEB","PstI.TP865412"," 3","66830234","","0.5253","C"
"4","Trait5","pKWmEB","PstI.TP858082"," 3","66830693","","0.4040","A"
"4","Trait5","pKWmEB","PstI.TP180013"," 3","66851078","","0.9443","A"
"4","Trait5","pKWmEB","PstI.TP1042880"," 3","66870288","","0.4741","C"
"4","Trait5","pKWmEB","PstI.TP229000"," 3","66886730","","0.0035","C"
"4","Trait5","pKWmEB","PstI.TP807474"," 3","66888453","","0.1601","G"
"4","Trait5","pKWmEB","PstI.TP1005244"," 3","66903579","","0.2721","A"
"4","Trait5","pKWmEB","NsiI.TP433024"," 3","66912165","","0.2212","C"
"4","Trait5","pKWmEB","NsiI.TP580166"," 3","66912231","","0.5844","C"
"4","Trait5","pKWmEB","NsiI.TP302732"," 3","66913444","","0.0445","A"
"4","Trait5","pKWmEB","PstI.TP802166"," 3","66915037","","0.8292","C"
"4","Trait5","pKWmEB","PstI.TP724939"," 3","66915295","","0.1100","A"
"4","Trait5","pKWmEB","NsiI.TP635611"," 3","66931431","","0.0682","G"
"4","Trait5","pKWmEB","NsiI.TP549966"," 3","66950266","","0.3725","A"
"4","Trait5","pKWmEB","NsiI.TP757233"," 3","66951090","","0.7174","A"
"4","Trait5","pKWmEB","PstI.TP111352"," 3","66952529","","0.0085","C"
"4","Trait5","pKWmEB","PstI.TP867194"," 3","66952812","","0.1383","A"
"4","Trait5","pKWmEB","PstI.TP545135"," 3","66972327","","0.3806","C"
"4","Trait5","pKWmEB","PstI.TP10544"," 3","66976956","","0.4852","A"
"4","Trait5","pKWmEB","PstI.TP172727"," 3","66983928","","0.0518","A"
"4","Trait5","pKWmEB","PstI.TP172726"," 3","66983971","","0.5055","A"
"4","Trait5","pKWmEB","PstI.TP1150886"," 3","66988881","","0.0994","C"
"4","Trait5","pKWmEB","PstI.TP87374"," 3","67022428","","0.4461","A"
"4","Trait5","pKWmEB","PstI.TP1010078"," 3","67023433","","0.0655","C"
"4","Trait5","pKWmEB","PstI.TP318338"," 3","67023794","","1.3859","A"
"4","Trait5","pKWmEB","PstI.TP337669"," 3","67023795","","0.3263","C"
"4","Trait5","pKWmEB","NsiI.TP326087"," 3","67026734","","0.1621","C"
"4","Trait5","pKWmEB","GFSSContig19880_1376"," 3","67026955","","0.0095","T"
"4","Trait5","pKWmEB","PstI.TP30572"," 3","67038111","","0.1429","A"
"4","Trait5","pKWmEB","NsiI.TP736788"," 3","67044233","","0.3011","C"
"4","Trait5","pKWmEB","NsiI.TP674265"," 3","67081454","","2.1235","C"
"4","Trait5","pKWmEB","PstI.TP780708"," 3","67081545","","0.6599","C"
"4","Trait5","pKWmEB","PstI.TP414211"," 3","67091316","","0.8443","C"
"4","Trait5","pKWmEB","PstI.TP916482"," 3","67091321","","0.3770","A"
"4","Trait5","pKWmEB","NsiI.TP580439"," 3","67091331","","0.3307","A"
"4","Trait5","pKWmEB","PstI.TP613663"," 3","67097151","","0.1127","A"
"4","Trait5","pKWmEB","NsiI.TP152019"," 3","67104142","","0.1355","G"
"4","Trait5","pKWmEB","NsiI.TP218990"," 3","67119017","","0.4968","C"
"4","Trait5","pKWmEB","PstI.TP917557"," 3","67125399","","0.1403","A"
"4","Trait5","pKWmEB","PstI.TP1087928"," 3","67150662","","1.1268","A"
"4","Trait5","pKWmEB","PstI.TP454901"," 3","67156381","","0.1035","G"
"4","Trait5","pKWmEB","NsiI.TP285119"," 3","67157192","","0.3853","A"
"4","Trait5","pKWmEB","NsiI.TP362322"," 3","67167078","","0.1646","A"
"4","Trait5","pKWmEB","NsiI.TP823996"," 3","67170267","","0.6005","A"
"4","Trait5","pKWmEB","NsiI.TP823997"," 3","67170291","","0.2208","A"
"4","Trait5","pKWmEB","NsiI.TP407460"," 3","67171779","","0.0315","C"
"4","Trait5","pKWmEB","PstI.TP937129"," 3","67175086","","0.0317","C"
"4","Trait5","pKWmEB","NsiI.TP442985"," 3","67177180","","0.3447","A"
"4","Trait5","pKWmEB","PstI.TP911288"," 3","67183998","","0.1534","C"
"4","Trait5","pKWmEB","PstI.TP287525"," 3","67205597","","0.7602","A"
"4","Trait5","pKWmEB","PstI.TP1013361"," 3","67211115","","0.2737","C"
"4","Trait5","pKWmEB","NsiI.TP19729"," 3","67222888","","0.0078","C"
"4","Trait5","pKWmEB","NsiI.TP506238"," 3","67233052","","0.5863","C"
"4","Trait5","pKWmEB","NsiI.TP387878"," 3","67238400","","0.4506","A"
"4","Trait5","pKWmEB","PstI.TP668543"," 3","67241317","","0.0490","A"
"4","Trait5","pKWmEB","PstI.TP166044"," 3","67244466","","0.5785","A"
"4","Trait5","pKWmEB","PstI.TP86476"," 3","67246221","","0.2810","G"
"4","Trait5","pKWmEB","NsiI.TP224257"," 3","67274437","","0.5481","C"
"4","Trait5","pKWmEB","NsiI.TP400051"," 3","67274500","","0.6798","A"
"4","Trait5","pKWmEB","PstI.TP895984"," 3","67274572","","0.1455","G"
"4","Trait5","pKWmEB","PstI.TP896023"," 3","67274572","","0.0220","G"
"4","Trait5","pKWmEB","PstI.TP896072"," 3","67274572","","0.1666","G"
"4","Trait5","pKWmEB","PstI.TP896116"," 3","67274572","","0.4285","G"
"4","Trait5","pKWmEB","PstI.TP2261"," 3","67281275","","0.1307","C"
"4","Trait5","pKWmEB","NsiI.TP499362"," 3","67293391","","0.3726","C"
"4","Trait5","pKWmEB","PstI.TP457731"," 3","67295008","","1.4323","A"
"4","Trait5","pKWmEB","NsiI.TP504298"," 3","67318022","","0.0912","G"
"4","Trait5","pKWmEB","PstI.TP790794"," 3","67323189","","0.2178","C"
"4","Trait5","pKWmEB","NsiI.TP343137"," 3","67329902","","1.4527","C"
"4","Trait5","pKWmEB","PstI.TP43384"," 3","67394818","","0.9094","A"
"4","Trait5","pKWmEB","NsiI.TP564007"," 3","67397849","","0.1934","C"
"4","Trait5","pKWmEB","NsiI.TP635478"," 3","67401484","","0.0351","A"
"4","Trait5","pKWmEB","PstI.TP724829"," 3","67406291","","0.1389","C"
"4","Trait5","pKWmEB","PstI.TP168043"," 3","67447162","","0.3215","C"
"4","Trait5","pKWmEB","NsiI.TP443169"," 3","67453878","","0.9170","G"
"4","Trait5","pKWmEB","NsiI.TP555329"," 3","67453921","","0.0492","C"
"4","Trait5","pKWmEB","NsiI.TP609387"," 3","67454919","","0.2757","A"
"4","Trait5","pKWmEB","NsiI.TP218743"," 3","67464206","","0.6301","A"
"4","Trait5","pKWmEB","PstI.TP179234"," 3","67479874","","0.4852","C"
"4","Trait5","pKWmEB","NsiI.TP279817"," 3","67480573","","0.6104","C"
"4","Trait5","pKWmEB","PstI.TP362641"," 3","67491541","","0.3010","C"
"4","Trait5","pKWmEB","PstI.TP163155"," 3","67491624","","0.0460","A"
"4","Trait5","pKWmEB","PstI.TP696676"," 3","67503814","","0.0893","A"
"4","Trait5","pKWmEB","PstI.TP770204"," 3","67523376","","0.3275","A"
"4","Trait5","pKWmEB","NsiI.TP340538"," 3","67539099","","0.5136","A"
"4","Trait5","pKWmEB","NsiI.TP931"," 3","67539143","","0.1741","A"
"4","Trait5","pKWmEB","PstI.TP671156"," 3","67539818","","0.4738","A"
"4","Trait5","pKWmEB","PstI.TP671157"," 3","67539833","","0.6443","C"
"4","Trait5","pKWmEB","PstI.TP446036"," 3","67572231","","0.2165","C"
"4","Trait5","pKWmEB","PstI.TP273897"," 3","67574112","","0.8636","A"
"4","Trait5","pKWmEB","NsiI.TP59062"," 3","67575213","","0.7844","C"
"4","Trait5","pKWmEB","GFSSContig19818_1869"," 3","67580884","","0.1698","A"
"4","Trait5","pKWmEB","NsiI.TP112410"," 3","67596486","","0.4112","A"
"4","Trait5","pKWmEB","PstI.TP482697"," 3","67603937","","0.1008","C"
"4","Trait5","pKWmEB","PstI.TP1013565"," 3","67604431","","1.2896","A"
"4","Trait5","pKWmEB","NsiI.TP353286"," 3","67614065","","1.3177","A"
"4","Trait5","pKWmEB","NsiI.TP593280"," 3","67614075","","0.2205","C"
"4","Trait5","pKWmEB","NsiI.TP593504"," 3","67614104","","0.0915","C"
"4","Trait5","pKWmEB","GFSSContig20515_639"," 3","67627021","","0.2775","T"
"4","Trait5","pKWmEB","NsiI.TP690648"," 3","67647392","","1.2989","G"
"4","Trait5","pKWmEB","PstI.TP688720"," 3","67647819","","0.0887","A"
"4","Trait5","pKWmEB","NsiI.TP411165"," 3","67648694","","0.4702","C"
"4","Trait5","pKWmEB","GFk50ctg127857_253"," 3","67664843","","0.4646","A"
"4","Trait5","pKWmEB","PstI.TP982401"," 3","67694659","","0.7047","C"
"4","Trait5","pKWmEB","NsiI.TP813774"," 3","67697426","","0.4441","C"
"4","Trait5","pKWmEB","PstI.TP195741"," 3","67699319","","0.5372","A"
"4","Trait5","pKWmEB","PstI.TP1100831"," 3","67702485","","0.0913","C"
"4","Trait5","pKWmEB","PstI.TP264484"," 3","67703017","","1.1139","A"
"4","Trait5","pKWmEB","NsiI.TP351438"," 3","67707328","","1.4029","A"
"4","Trait5","pKWmEB","NsiI.TP525457"," 3","67707475","","0.0172","A"
"4","Trait5","pKWmEB","PstI.TP205616"," 3","67708245","","1.0854","C"
"4","Trait5","pKWmEB","NsiI.TP758672"," 3","67708258","","1.0686","A"
"4","Trait5","pKWmEB","NsiI.TP429077"," 3","67755561","","0.2865","C"
"4","Trait5","pKWmEB","NsiI.TP614331"," 3","67760145","","0.1684","A"
"4","Trait5","pKWmEB","PstI.TP360305"," 3","67764027","","0.5450","A"
"4","Trait5","pKWmEB","PstI.TP759811"," 3","67775848","","0.2881","A"
"4","Trait5","pKWmEB","NsiI.TP469622"," 3","67782273","","1.1399","A"
"4","Trait5","pKWmEB","PstI.TP664936"," 3","67782484","","0.1442","A"
"4","Trait5","pKWmEB","NsiI.TP555948"," 3","67784264","","0.4728","C"
"4","Trait5","pKWmEB","NsiI.TP389990"," 3","67784770","","0.2345","C"
"4","Trait5","pKWmEB","NsiI.TP236660"," 3","67796543","","0.1474","A"
"4","Trait5","pKWmEB","PstI.TP21445"," 3","67799827","","0.5452","C"
"4","Trait5","pKWmEB","PstI.TP706730"," 3","67810301","","0.8234","C"
"4","Trait5","pKWmEB","PstI.TP963405"," 3","67810374","","0.1771","A"
"4","Trait5","pKWmEB","PstI.TP157314"," 3","67817635","","0.9051","C"
"4","Trait5","pKWmEB","NsiI.TP274880"," 3","67830852","","0.8125","A"
"4","Trait5","pKWmEB","NsiI.TP274984"," 3","67830863","","0.0285","C"
"4","Trait5","pKWmEB","PstI.TP102225"," 3","67856941","","0.1913","C"
"4","Trait5","pKWmEB","PstI.TP1160385"," 3","67858212","","0.6922","C"
"4","Trait5","pKWmEB","PstI.TP4521"," 3","67858261","","0.2780","C"
"4","Trait5","pKWmEB","PstI.TP1144840"," 3","67858951","","0.3148","C"
"4","Trait5","pKWmEB","NsiI.TP476728"," 3","67867988","","0.7407","C"
"4","Trait5","pKWmEB","NsiI.TP55883"," 3","67872124","","0.3478","G"
"4","Trait5","pKWmEB","PstI.TP955356"," 3","67880743","","1.0064","A"
"4","Trait5","pKWmEB","PstI.TP198015"," 3","67910785","","0.5001","C"
"4","Trait5","pKWmEB","NsiI.TP583456"," 3","67916854","","0.2032","C"
"4","Trait5","pKWmEB","PstI.TP336333"," 3","67925080","","0.9810","C"
"4","Trait5","pKWmEB","PstI.TP507793"," 3","67925892","","0.4275","C"
"4","Trait5","pKWmEB","NsiI.TP586720"," 3","67938130","","0.8482","C"
"4","Trait5","pKWmEB","NsiI.TP257803"," 3","67938171","","0.3432","C"
"4","Trait5","pKWmEB","NsiI.TP730312"," 3","67952404","","0.7976","G"
"4","Trait5","pKWmEB","PstI.TP90901"," 3","67958171","","0.6600","A"
"4","Trait5","pKWmEB","PstI.TP43035"," 3","67960309","","0.0263","A"
"4","Trait5","pKWmEB","NsiI.TP43111"," 3","67974359","","0.1407","C"
"4","Trait5","pKWmEB","PstI.TP787938"," 3","67980122","","0.0013","C"
"4","Trait5","pKWmEB","PstI.TP968728"," 3","67983257","","0.1932","C"
"4","Trait5","pKWmEB","NsiI.TP354761"," 3","67983543","","0.0608","A"
"4","Trait5","pKWmEB","NsiI.TP296055"," 3","67991110","","1.4665","A"
"4","Trait5","pKWmEB","PstI.TP413531"," 3","67991446","","1.1389","C"
"4","Trait5","pKWmEB","PstI.TP282617"," 3","67991463","","0.0378","A"
"4","Trait5","pKWmEB","PstI.TP777298"," 3","67992982","","0.8639","A"
"4","Trait5","pKWmEB","NsiI.TP10984"," 3","68015568","","0.1988","A"
"4","Trait5","pKWmEB","PstI.TP1181392"," 3","68016268","","0.1379","A"
"4","Trait5","pKWmEB","PstI.TP629786"," 3","68029217","","0.0383","C"
"4","Trait5","pKWmEB","PstI.TP1009541"," 3","68035202","","0.2463","A"
"4","Trait5","pKWmEB","PstI.TP805312"," 3","68035215","","0.1671","A"
"4","Trait5","pKWmEB","PstI.TP332845"," 3","68039381","","0.3958","C"
"4","Trait5","pKWmEB","PstI.TP975012"," 3","68051383","","0.6940","C"
"4","Trait5","pKWmEB","NsiI.TP57103"," 3","68055813","","0.5036","G"
"4","Trait5","pKWmEB","PstI.TP68926"," 3","68057123","","0.3779","C"
"4","Trait5","pKWmEB","NsiI.TP601366"," 3","68057917","","0.0114","C"
"4","Trait5","pKWmEB","PstI.TP1025557"," 3","68089507","","0.0041","A"
"4","Trait5","pKWmEB","PstI.TP673057"," 3","68094426","","0.0736","A"
"4","Trait5","pKWmEB","NsiI.TP805840"," 3","68107951","","0.0095","C"
"4","Trait5","pKWmEB","NsiI.TP45610"," 3","68108015","","0.1803","A"
"4","Trait5","pKWmEB","PstI.TP354937"," 3","68110161","","1.1316","G"
"4","Trait5","pKWmEB","NsiI.TP292961"," 3","68110996","","0.0576","C"
"4","Trait5","pKWmEB","NsiI.TP370880"," 3","68111215","","1.2286","A"
"4","Trait5","pKWmEB","NsiI.TP33360"," 3","68111513","","0.7558","A"
"4","Trait5","pKWmEB","PstI.TP703729"," 3","68112941","","0.6419","A"
"4","Trait5","pKWmEB","PstI.TP1075360"," 3","68128945","","0.2381","C"
"4","Trait5","pKWmEB","PstI.TP769101"," 3","68129008","","0.0167","C"
"4","Trait5","pKWmEB","NsiI.TP756994"," 3","68130123","","0.6532","C"
"4","Trait5","pKWmEB","PstI.TP1066499"," 3","68152569","","0.0336","A"
"4","Trait5","pKWmEB","PstI.TP536900"," 3","68152590","","0.3779","C"
"4","Trait5","pKWmEB","PstI.TP528865"," 3","68152597","","1.1736","C"
"4","Trait5","pKWmEB","NsiI.TP252466"," 3","68154380","","0.2552","A"
"4","Trait5","pKWmEB","NsiI.TP592926"," 3","68161285","","0.2562","A"
"4","Trait5","pKWmEB","NsiI.TP798004"," 3","68163863","","2.9142","A"
"4","Trait5","pKWmEB","PstI.TP112564"," 3","68180539","","0.0212","C"
"4","Trait5","pKWmEB","PstI.TP377456"," 3","68183917","","0.0658","C"
"4","Trait5","pKWmEB","NsiI.TP589436"," 3","68184564","","1.6644","A"
"4","Trait5","pKWmEB","PstI.TP761879"," 3","68191140","","0.0606","C"
"4","Trait5","pKWmEB","PstI.TP991644"," 3","68199059","","0.0231","A"
"4","Trait5","pKWmEB","NsiI.TP441596"," 3","68205955","","0.1522","C"
"4","Trait5","pKWmEB","NsiI.TP666262"," 3","68207345","","0.4907","C"
"4","Trait5","pKWmEB","PstI.TP1103696"," 3","68213353","","0.2813","C"
"4","Trait5","pKWmEB","PstI.TP651788"," 3","68226452","","0.1358","A"
"4","Trait5","pKWmEB","NsiI.TP780516"," 3","68227956","","0.2015","A"
"4","Trait5","pKWmEB","PstI.TP600362"," 3","68229964","","0.1685","A"
"4","Trait5","pKWmEB","NsiI.TP149023"," 3","68238709","","0.2737","C"
"4","Trait5","pKWmEB","PstI.TP1014067"," 3","68239896","","0.1048","C"
"4","Trait5","pKWmEB","PstI.TP641439"," 3","68242861","","0.3188","A"
"4","Trait5","pKWmEB","PstI.TP1060625"," 3","68250621","","0.0227","A"
"4","Trait5","pKWmEB","PstI.TP922261"," 3","68252406","","0.9836","A"
"4","Trait5","pKWmEB","PstI.TP10645"," 3","68256494","","0.0412","G"
"4","Trait5","pKWmEB","PstI.TP372062"," 3","68259445","","0.2587","A"
"4","Trait5","pKWmEB","PstI.TP410505"," 3","68268137","","0.1709","C"
"4","Trait5","pKWmEB","PstI.TP235450"," 3","68272072","","0.7244","C"
"4","Trait5","pKWmEB","PstI.TP618913"," 3","68276528","","1.0361","G"
"4","Trait5","pKWmEB","NsiI.TP413522"," 3","68348495","","0.4008","A"
"4","Trait5","pKWmEB","PstI.TP528513"," 3","68348954","","1.0263","C"
"4","Trait5","pKWmEB","PstI.TP528515"," 3","68348992","","0.1670","C"
"4","Trait5","pKWmEB","NsiI.TP39861"," 3","68368696","","0.3418","A"
"4","Trait5","pKWmEB","PstI.TP807352"," 3","68371565","","0.3098","A"
"4","Trait5","pKWmEB","PstI.TP39682"," 3","68375421","","0.5846","A"
"4","Trait5","pKWmEB","PstI.TP176839"," 3","68380476","","0.0865","G"
"4","Trait5","pKWmEB","PstI.TP642813"," 3","68381004","","0.7883","C"
"4","Trait5","pKWmEB","PstI.TP580065"," 3","68386473","","0.2321","C"
"4","Trait5","pKWmEB","NsiI.TP36102"," 3","68390413","","0.2397","A"
"4","Trait5","pKWmEB","PstI.TP26384"," 3","68403932","","0.0585","G"
"4","Trait5","pKWmEB","NsiI.TP623573"," 3","68430946","","0.2074","A"
"4","Trait5","pKWmEB","PstI.TP233495"," 3","68462863","","0.7433","C"
"4","Trait5","pKWmEB","PstI.TP87057"," 3","68497158","","0.0135","A"
"4","Trait5","pKWmEB","NsiI.TP596594"," 3","68502450","","0.2248","C"
"4","Trait5","pKWmEB","PstI.TP167782"," 3","68567976","","2.5566","A"
"4","Trait5","pKWmEB","NsiI.TP706614"," 3","68575235","","0.1277","A"
"4","Trait5","pKWmEB","NsiI.TP175548"," 3","68629810","","0.1306","A"
"4","Trait5","pKWmEB","PstI.TP826996"," 3","68696850","","1.0094","A"
"4","Trait5","pKWmEB","PstI.TP379031"," 3","68701578","","0.8668","C"
"4","Trait5","pKWmEB","PstI.TP917218"," 3","68741261","","0.0545","G"
"4","Trait5","pKWmEB","NsiI.TP762238"," 3","68747242","","0.1087","C"
"4","Trait5","pKWmEB","NsiI.TP229271"," 3","68761849","","0.3385","A"
"4","Trait5","pKWmEB","PstI.TP86116"," 3","68775418","","0.3372","C"
"4","Trait5","pKWmEB","PstI.TP1211760"," 3","68786408","","2.7694","C"
"4","Trait5","pKWmEB","PstI.TP41367"," 3","68811405","","0.6879","G"
"4","Trait5","pKWmEB","PstI.TP162332"," 3","68814269","","1.0078","A"
"4","Trait5","pKWmEB","PstI.TP829117"," 3","68826630","","0.2659","A"
"4","Trait5","pKWmEB","NsiI.TP436762"," 3","68827121","","0.6381","C"
"4","Trait5","pKWmEB","PstI.TP899075"," 3","68837126","","0.9921","C"
"4","Trait5","pKWmEB","NsiI.TP203687"," 3","68844144","","0.0431","A"
"4","Trait5","pKWmEB","PstI.TP77225"," 3","68857391","","0.5364","A"
"4","Trait5","pKWmEB","PstI.TP770506"," 3","68857417","","0.4693","A"
"4","Trait5","pKWmEB","NsiI.TP7603"," 3","68863364","","0.1522","A"
"4","Trait5","pKWmEB","PstI.TP108450"," 3","68864180","","0.6920","A"
"4","Trait5","pKWmEB","PstI.TP108449"," 3","68864209","","0.7351","A"
"4","Trait5","pKWmEB","PstI.TP1176205"," 3","68891880","","0.0865","C"
"4","Trait5","pKWmEB","NsiI.TP555938"," 3","68896134","","0.0028","G"
"4","Trait5","pKWmEB","NsiI.TP580951"," 3","68897574","","0.0438","A"
"4","Trait5","pKWmEB","NsiI.TP548002"," 3","68898512","","0.3864","A"
"4","Trait5","pKWmEB","PstI.TP189918"," 3","68900320","","0.0258","A"
"4","Trait5","pKWmEB","PstI.TP1001212"," 3","68900375","","0.3693","G"
"4","Trait5","pKWmEB","PstI.TP695075"," 3","68905151","","0.1856","A"
"4","Trait5","pKWmEB","PstI.TP207042"," 3","68906982","","0.1202","A"
"4","Trait5","pKWmEB","NsiI.TP642960"," 3","68906982","","0.1163","A"
"4","Trait5","pKWmEB","PstI.TP1276364"," 3","68920540","","0.2350","A"
"4","Trait5","pKWmEB","NsiI.TP815246"," 3","68931243","","0.3505","C"
"4","Trait5","pKWmEB","NsiI.TP815245"," 3","68931295","","0.1705","C"
"4","Trait5","pKWmEB","NsiI.TP771511"," 3","68941941","","1.1763","C"
"4","Trait5","pKWmEB","NsiI.TP624365"," 3","68942331","","0.7511","C"
"4","Trait5","pKWmEB","NsiI.TP406126"," 3","68942911","","0.4372","G"
"4","Trait5","pKWmEB","PstI.TP670845"," 3","68951426","","0.0749","A"
"4","Trait5","pKWmEB","PstI.TP1020519"," 3","68956928","","0.3406","A"
"4","Trait5","pKWmEB","PstI.TP544527"," 3","68956971","","1.3176","G"
"4","Trait5","pKWmEB","PstI.TP45087"," 3","68980488","","0.9687","A"
"4","Trait5","pKWmEB","PstI.TP439834"," 3","68981832","","0.3627","C"
"4","Trait5","pKWmEB","PstI.TP1008089"," 3","68982816","","0.2598","A"
"4","Trait5","pKWmEB","NsiI.TP203023"," 3","68985411","","0.1832","A"
"4","Trait5","pKWmEB","NsiI.TP777924"," 3","68985687","","0.7766","A"
"4","Trait5","pKWmEB","NsiI.TP128678"," 3","69000501","","0.0316","C"
"4","Trait5","pKWmEB","NsiI.TP381737"," 3","69008243","","0.0364","A"
"4","Trait5","pKWmEB","PstI.TP382734"," 3","69008837","","0.0871","A"
"4","Trait5","pKWmEB","PstI.TP1226997"," 3","69008840","","0.7241","G"
"4","Trait5","pKWmEB","PstI.TP1270826"," 3","69010637","","0.2329","A"
"4","Trait5","pKWmEB","NsiI.TP306151"," 3","69029612","","0.7083","C"
"4","Trait5","pKWmEB","PstI.TP922053"," 3","69032046","","0.3702","C"
"4","Trait5","pKWmEB","NsiI.TP733063"," 3","69036149","","0.1764","C"
"4","Trait5","pKWmEB","PstI.TP782213"," 3","69036409","","0.5972","C"
"4","Trait5","pKWmEB","PstI.TP1237556"," 3","69042473","","0.2827","A"
"4","Trait5","pKWmEB","NsiI.TP50689"," 3","69048183","","0.1064","A"
"4","Trait5","pKWmEB","NsiI.TP437437"," 3","69051959","","0.1084","C"
"4","Trait5","pKWmEB","PstI.TP423361"," 3","69052893","","0.9509","A"
"4","Trait5","pKWmEB","GFSSContig20112_1572"," 3","69060121","","0.5166","A"
"4","Trait5","pKWmEB","PstI.TP489977"," 3","69072955","","0.0779","A"
"4","Trait5","pKWmEB","PstI.TP133198"," 3","69073422","","0.1076","A"
"4","Trait5","pKWmEB","PstI.TP162371"," 3","69081917","","0.9452","C"
"4","Trait5","pKWmEB","PstI.TP919660"," 3","69086087","","0.6550","C"
"4","Trait5","pKWmEB","PstI.TP853706"," 3","69087896","","0.5368","G"
"4","Trait5","pKWmEB","NsiI.TP471856"," 3","69099934","","0.6648","A"
"4","Trait5","pKWmEB","NsiI.TP715156"," 3","69101453","","0.1048","A"
"4","Trait5","pKWmEB","NsiI.TP229245"," 3","69107555","","0.6651","C"
"4","Trait5","pKWmEB","NsiI.TP469147"," 3","69125120","","0.3863","C"
"4","Trait5","pKWmEB","NsiI.TP22847"," 3","69137402","","0.0683","C"
"4","Trait5","pKWmEB","NsiI.TP392116"," 3","69146730","","0.1416","A"
"4","Trait5","pKWmEB","NsiI.TP277189"," 3","69146923","","1.2341","C"
"4","Trait5","pKWmEB","PstI.TP851515"," 3","69195343","","0.8527","A"
"4","Trait5","pKWmEB","PstI.TP271370"," 3","69195668","","1.2450","A"
"4","Trait5","pKWmEB","NsiI.TP39018"," 3","69197876","","0.0105","A"
"4","Trait5","pKWmEB","NsiI.TP779339"," 3","69209657","","0.7405","A"
"4","Trait5","pKWmEB","NsiI.TP163378"," 3","69210201","","0.3987","A"
"4","Trait5","pKWmEB","NsiI.TP314456"," 3","69216184","","0.0968","A"
"4","Trait5","pKWmEB","PstI.TP1249095"," 3","69250097","","0.0441","C"
"4","Trait5","pKWmEB","PstI.TP37249"," 3","69253360","","0.7081","A"
"4","Trait5","pKWmEB","PstI.TP911396"," 3","69255975","","0.8090","C"
"4","Trait5","pKWmEB","PstI.TP772377"," 3","69256488","","0.1237","A"
"4","Trait5","pKWmEB","PstI.TP210361"," 3","69263449","","1.4811","A"
"4","Trait5","pKWmEB","PstI.TP272901"," 3","69265677","","0.1320","C"
"4","Trait5","pKWmEB","NsiI.TP144405"," 3","69339750","","0.2546","A"
"4","Trait5","pKWmEB","PstI.TP1228813"," 3","69340079","","1.5969","A"
"4","Trait5","pKWmEB","NsiI.TP422975"," 3","69354411","","0.8054","A"
"4","Trait5","pKWmEB","PstI.TP789647"," 3","69354547","","1.3974","A"
"4","Trait5","pKWmEB","NsiI.TP61945"," 3","69368364","","0.2820","A"
"4","Trait5","pKWmEB","NsiI.TP491811"," 3","69368373","","0.7033","A"
"4","Trait5","pKWmEB","PstI.TP366766"," 3","69394739","","0.0084","C"
"4","Trait5","pKWmEB","PstI.TP1095590"," 3","69404347","","0.1146","G"
"4","Trait5","pKWmEB","NsiI.TP150749"," 3","69413427","","0.6500","C"
"4","Trait5","pKWmEB","PstI.TP845726"," 3","69416301","","0.2850","A"
"4","Trait5","pKWmEB","NsiI.TP208563"," 3","69417868","","0.1907","A"
"4","Trait5","pKWmEB","PstI.TP620142"," 3","69421198","","0.1350","C"
"4","Trait5","pKWmEB","NsiI.TP437493"," 3","69421292","","0.5679","A"
"4","Trait5","pKWmEB","PstI.TP1158098"," 3","69421824","","0.1665","A"
"4","Trait5","pKWmEB","NsiI.TP678374"," 3","69487068","","0.8200","C"
"4","Trait5","pKWmEB","PstI.TP1105795"," 3","69521595","","0.3847","A"
"4","Trait5","pKWmEB","PstI.TP907726"," 3","69552487","","1.9945","A"
"4","Trait5","pKWmEB","PstI.TP933083"," 3","69570297","","0.5701","A"
"4","Trait5","pKWmEB","NsiI.TP510361"," 3","69577386","","0.6161","C"
"4","Trait5","pKWmEB","NsiI.TP190131"," 3","69587339","","0.3363","C"
"4","Trait5","pKWmEB","NsiI.TP190132"," 3","69587364","","0.1657","A"
"4","Trait5","pKWmEB","PstI.TP24505"," 3","69594648","","0.0012","A"
"4","Trait5","pKWmEB","NsiI.TP43469"," 3","69599897","","0.3510","A"
"4","Trait5","pKWmEB","PstI.TP403406"," 3","69602313","","0.8640","A"
"4","Trait5","pKWmEB","PstI.TP410209"," 3","69602329","","0.7497","A"
"4","Trait5","pKWmEB","PstI.TP466638"," 3","69604087","","0.0079","A"
"4","Trait5","pKWmEB","PstI.TP220651"," 3","69605754","","1.0715","A"
"4","Trait5","pKWmEB","NsiI.TP443413"," 3","69606017","","0.0568","A"
"4","Trait5","pKWmEB","PstI.TP764852"," 3","69624934","","0.6880","C"
"4","Trait5","pKWmEB","PstI.TP168553"," 3","69628062","","0.0454","C"
"4","Trait5","pKWmEB","NsiI.TP223028"," 3","69634696","","0.5909","A"
"4","Trait5","pKWmEB","NsiI.TP824277"," 3","69658477","","0.1746","A"
"4","Trait5","pKWmEB","PstI.TP930911"," 3","69663440","","0.4529","G"
"4","Trait5","pKWmEB","PstI.TP984914"," 3","69664430","","0.2998","A"
"4","Trait5","pKWmEB","PstI.TP1072874"," 3","69666223","","0.4278","C"
"4","Trait5","pKWmEB","NsiI.TP417407"," 3","69669814","","1.0841","A"
"4","Trait5","pKWmEB","PstI.TP794298"," 3","69685699","","0.5379","A"
"4","Trait5","pKWmEB","PstI.TP946383"," 3","69685699","","0.4039","C"
"4","Trait5","pKWmEB","PstI.TP1116745"," 3","69692317","","0.9979","A"
"4","Trait5","pKWmEB","PstI.TP1180811"," 3","69708786","","0.6413","A"
"4","Trait5","pKWmEB","NsiI.TP466518"," 3","69709166","","0.0466","A"
"4","Trait5","pKWmEB","NsiI.TP466791"," 3","69709229","","1.0036","A"
"4","Trait5","pKWmEB","NsiI.TP547242"," 3","69709305","","0.0733","A"
"4","Trait5","pKWmEB","GFSSContig11128_893"," 3","69715214","","0.1491","T"
"4","Trait5","pKWmEB","NsiI.TP404545"," 3","69729678","","0.6096","A"
"4","Trait5","pKWmEB","NsiI.TP520018"," 3","69748306","","0.5713","A"
"4","Trait5","pKWmEB","NsiI.TP520017"," 3","69748335","","0.1676","A"
"4","Trait5","pKWmEB","PstI.TP143961"," 3","69764873","","0.7420","A"
"4","Trait5","pKWmEB","PstI.TP1245442"," 3","69765933","","0.6047","A"
"4","Trait5","pKWmEB","NsiI.TP389021"," 3","69802051","","0.7339","A"
"4","Trait5","pKWmEB","PstI.TP900560"," 3","69827943","","0.2002","G"
"4","Trait5","pKWmEB","PstI.TP288798"," 3","69828015","","0.4564","G"
"4","Trait5","pKWmEB","PstI.TP1002422"," 3","69835392","","0.0738","A"
"4","Trait5","pKWmEB","NsiI.TP282725"," 3","69846519","","0.0976","A"
"4","Trait5","pKWmEB","PstI.TP1053697"," 3","69900965","","0.2597","G"
"4","Trait5","pKWmEB","PstI.TP107814"," 3","69906793","","0.9248","C"
"4","Trait5","pKWmEB","PstI.TP887107"," 3","69906836","","0.1154","C"
"4","Trait5","pKWmEB","PstI.TP388391"," 3","69918190","","0.2461","C"
"4","Trait5","pKWmEB","PstI.TP1139294"," 3","69919085","","1.3367","A"
"4","Trait5","pKWmEB","PstI.TP1060709"," 3","69926348","","0.1128","A"
"4","Trait5","pKWmEB","NsiI.TP76242"," 3","69937083","","0.1945","C"
"4","Trait5","pKWmEB","PstI.TP987636"," 3","69944092","","0.6332","G"
"4","Trait5","pKWmEB","PstI.TP45881"," 3","69950174","","0.1596","C"
"4","Trait5","pKWmEB","PstI.TP479605"," 3","69960347","","0.6053","C"
"4","Trait5","pKWmEB","PstI.TP479581"," 3","69960351","","2.1940","C"
"4","Trait5","pKWmEB","PstI.TP77411"," 3","69966036","","0.1672","G"
"4","Trait5","pKWmEB","PstI.TP1085254"," 3","69969350","","0.3617","A"
"4","Trait5","pKWmEB","PstI.TP14623"," 3","69969364","","0.9299","A"
"4","Trait5","pKWmEB","NsiI.TP725036"," 3","70014821","","0.6524","C"
"4","Trait5","pKWmEB","PstI.TP376273"," 3","70018629","","0.4847","A"
"4","Trait5","pKWmEB","NsiI.TP690863"," 3","70040297","","0.2504","A"
"4","Trait5","pKWmEB","NsiI.TP360954"," 3","70051979","","0.5715","C"
"4","Trait5","pKWmEB","NsiI.TP625894"," 3","70088553","","0.2125","G"
"4","Trait5","pKWmEB","PstI.TP629013"," 3","70101916","","0.3983","G"
"4","Trait5","pKWmEB","PstI.TP367205"," 3","70105914","","0.2202","A"
"4","Trait5","pKWmEB","PstI.TP366699"," 3","70105955","","0.0036","C"
"4","Trait5","pKWmEB","PstI.TP1058693"," 3","70141291","","0.4799","C"
"4","Trait5","pKWmEB","PstI.TP143125"," 3","70169985","","0.5518","A"
"4","Trait5","pKWmEB","NsiI.TP468343"," 3","70187996","","0.8341","A"
"4","Trait5","pKWmEB","NsiI.TP238264"," 3","70195305","","0.3210","C"
"4","Trait5","pKWmEB","NsiI.TP121013"," 3","70201421","","0.3281","A"
"4","Trait5","pKWmEB","PstI.TP991444"," 3","70205397","","0.1523","C"
"4","Trait5","pKWmEB","NsiI.TP128994"," 3","70221019","","0.0968","C"
"4","Trait5","pKWmEB","PstI.TP1032610"," 3","70290026","","0.4920","A"
"4","Trait5","pKWmEB","PstI.TP53351"," 3","70312778","","0.3354","A"
"4","Trait5","pKWmEB","PstI.TP998085"," 3","70312802","","0.7297","C"
"4","Trait5","pKWmEB","PstI.TP991667"," 3","70339975","","0.3134","A"
"4","Trait5","pKWmEB","PstI.TP1143155"," 3","70340091","","0.1015","C"
"4","Trait5","pKWmEB","NsiI.TP418817"," 3","70373036","","0.9355","A"
"4","Trait5","pKWmEB","PstI.TP1027117"," 3","70383646","","0.7299","C"
"4","Trait5","pKWmEB","GFSSContig10511_296"," 3","70392889","","0.3880","T"
"4","Trait5","pKWmEB","PstI.TP1284786"," 3","70425831","","0.0793","C"
"4","Trait5","pKWmEB","PstI.TP57935"," 3","70455343","","1.1609","C"
"4","Trait5","pKWmEB","NsiI.TP367017"," 3","70458887","","0.3077","C"
"4","Trait5","pKWmEB","PstI.TP1137071"," 3","70461261","","0.2927","A"
"4","Trait5","pKWmEB","NsiI.TP250630"," 3","70473811","","0.3717","A"
"4","Trait5","pKWmEB","GFSSContig18141_379"," 3","70486999","","0.0793","T"
"4","Trait5","pKWmEB","PstI.TP489028"," 3","70489937","","0.9988","A"
"4","Trait5","pKWmEB","PstI.TP1229866"," 3","70515532","","0.3442","A"
"4","Trait5","pKWmEB","NsiI.TP448700"," 3","70521931","","0.1945","C"
"4","Trait5","pKWmEB","PstI.TP271302"," 3","70522473","","0.1502","G"
"4","Trait5","pKWmEB","GFSSContig18394_720"," 3","70524519","","0.2795","T"
"4","Trait5","pKWmEB","NsiI.TP609769"," 3","70540310","","0.7201","A"
"4","Trait5","pKWmEB","NsiI.TP692636"," 3","70540355","","0.5469","A"
"4","Trait5","pKWmEB","PstI.TP1033109"," 3","70540648","","0.6047","C"
"4","Trait5","pKWmEB","PstI.TP445558"," 3","70545848","","0.0084","A"
"4","Trait5","pKWmEB","NsiI.TP60465"," 3","70558159","","0.3226","A"
"4","Trait5","pKWmEB","NsiI.TP428565"," 3","70558346","","0.1358","A"
"4","Trait5","pKWmEB","PstI.TP212044"," 3","70558808","","0.5703","A"
"4","Trait5","pKWmEB","NsiI.TP466040"," 3","70574097","","0.3471","C"
"4","Trait5","pKWmEB","PstI.TP773708"," 3","70577510","","0.4712","C"
"4","Trait5","pKWmEB","PstI.TP778261"," 3","70577518","","0.0058","G"
"4","Trait5","pKWmEB","NsiI.TP602441"," 3","70582246","","0.2413","C"
"4","Trait5","pKWmEB","PstI.TP542225"," 3","70594490","","0.4627","C"
"4","Trait5","pKWmEB","PstI.TP621980"," 3","70598290","","1.3059","C"
"4","Trait5","pKWmEB","PstI.TP461219"," 3","70619341","","0.1873","G"
"4","Trait5","pKWmEB","PstI.TP838362"," 3","70636567","","0.4572","A"
"4","Trait5","pKWmEB","NsiI.TP213365"," 3","70670633","","0.0098","C"
"4","Trait5","pKWmEB","NsiI.TP75624"," 3","70673787","","0.1764","G"
"4","Trait5","pKWmEB","PstI.TP598237"," 3","70678696","","1.4457","A"
"4","Trait5","pKWmEB","PstI.TP1022814"," 3","70684115","","0.4940","C"
"4","Trait5","pKWmEB","PstI.TP733612"," 3","70684605","","0.4446","A"
"4","Trait5","pKWmEB","NsiI.TP700512"," 3","70684944","","0.1473","C"
"4","Trait5","pKWmEB","PstI.TP444388"," 3","70694014","","0.2253","G"
"4","Trait5","pKWmEB","NsiI.TP767318"," 3","70696250","","0.1807","C"
"4","Trait5","pKWmEB","NsiI.TP241810"," 3","70721934","","0.2106","A"
"4","Trait5","pKWmEB","PstI.TP868070"," 3","70725307","","0.2838","G"
"4","Trait5","pKWmEB","NsiI.TP597035"," 3","70761336","","1.0005","G"
"4","Trait5","pKWmEB","NsiI.TP431746"," 3","70764675","","0.1833","C"
"4","Trait5","pKWmEB","NsiI.TP145721"," 3","70764680","","0.2918","C"
"4","Trait5","pKWmEB","PstI.TP317655"," 3","70764880","","0.8482","A"
"4","Trait5","pKWmEB","PstI.TP217009"," 3","70775556","","0.0708","A"
"4","Trait5","pKWmEB","PstI.TP641952"," 3","70790894","","0.0294","G"
"4","Trait5","pKWmEB","PstI.TP1151127"," 3","70806259","","0.4934","G"
"4","Trait5","pKWmEB","PstI.TP923008"," 3","70806537","","0.8873","A"
"4","Trait5","pKWmEB","PstI.TP955526"," 3","70806559","","0.0408","A"
"4","Trait5","pKWmEB","NsiI.TP730441"," 3","70813388","","0.6895","C"
"4","Trait5","pKWmEB","PstI.TP76102"," 3","70821927","","0.1314","A"
"4","Trait5","pKWmEB","PstI.TP367511"," 3","70822259","","0.2211","A"
"4","Trait5","pKWmEB","PstI.TP1187570"," 3","70827569","","1.4757","A"
"4","Trait5","pKWmEB","NsiI.TP422411"," 3","70832262","","0.1373","C"
"4","Trait5","pKWmEB","NsiI.TP234267"," 3","70840629","","0.4002","A"
"4","Trait5","pKWmEB","NsiI.TP510843"," 3","70844265","","0.2110","C"
"4","Trait5","pKWmEB","NsiI.TP634457"," 3","70856596","","0.1509","A"
"4","Trait5","pKWmEB","NsiI.TP552770"," 3","70860989","","0.0233","C"
"4","Trait5","pKWmEB","PstI.TP44584"," 3","70870928","","0.8868","A"
"4","Trait5","pKWmEB","NsiI.TP659581"," 3","70887842","","0.3771","A"
"4","Trait5","pKWmEB","PstI.TP490777"," 3","70896479","","0.0496","A"
"4","Trait5","pKWmEB","PstI.TP906687"," 3","70914410","","0.1509","C"
"4","Trait5","pKWmEB","PstI.TP821085"," 3","70914465","","0.3563","A"
"4","Trait5","pKWmEB","PstI.TP338917"," 3","70919217","","0.1522","G"
"4","Trait5","pKWmEB","PstI.TP115281"," 3","70931458","","0.3973","A"
"4","Trait5","pKWmEB","PstI.TP384626"," 3","70941292","","0.0105","A"
"4","Trait5","pKWmEB","PstI.TP918908"," 3","70942837","","0.5056","C"
"4","Trait5","pKWmEB","PstI.TP203440"," 3","70956921","","0.4118","A"
"4","Trait5","pKWmEB","PstI.TP169765"," 3","70960737","","0.4407","C"
"4","Trait5","pKWmEB","PstI.TP650369"," 3","70976262","","0.2177","G"
"4","Trait5","pKWmEB","GFk45ctg47373_237"," 3","71014549","","0.0851","A"
"4","Trait5","pKWmEB","PstI.TP916678"," 3","71023065","","0.6903","C"
"4","Trait5","pKWmEB","PstI.TP1206"," 3","71046047","","0.0429","A"
"4","Trait5","pKWmEB","PstI.TP1195326"," 3","71068169","","0.7525","C"
"4","Trait5","pKWmEB","PstI.TP505540"," 3","71068246","","1.3166","A"
"4","Trait5","pKWmEB","PstI.TP9469"," 3","71068756","","0.6345","C"
"4","Trait5","pKWmEB","NsiI.TP402300"," 3","71093583","","0.6013","A"
"4","Trait5","pKWmEB","NsiI.TP601400"," 3","71108213","","0.3883","A"
"4","Trait5","pKWmEB","NsiI.TP377122"," 3","71109414","","0.6974","C"
"4","Trait5","pKWmEB","PstI.TP773795"," 3","71115536","","0.1672","C"
"4","Trait5","pKWmEB","PstI.TP946836"," 3","71116942","","0.5219","A"
"4","Trait5","pKWmEB","PstI.TP1102186"," 3","71118933","","0.0542","A"
"4","Trait5","pKWmEB","NsiI.TP327757"," 3","71119897","","0.3915","A"
"4","Trait5","pKWmEB","PstI.TP74962"," 3","71137238","","1.1837","C"
"4","Trait5","pKWmEB","PstI.TP683006"," 3","71138581","","0.4113","C"
"4","Trait5","pKWmEB","NsiI.TP499448"," 3","71138864","","0.4453","A"
"4","Trait5","pKWmEB","PstI.TP737101"," 3","71170506","","1.5027","A"
"4","Trait5","pKWmEB","PstI.TP698562"," 3","71173232","","0.7861","A"
"4","Trait5","pKWmEB","PstI.TP572438"," 3","71178778","","0.0703","A"
"4","Trait5","pKWmEB","PstI.TP396457"," 3","71181418","","0.1662","G"
"4","Trait5","pKWmEB","PstI.TP1011271"," 3","71182556","","0.2250","C"
"4","Trait5","pKWmEB","NsiI.TP777241"," 3","71199343","","0.0463","C"
"4","Trait5","pKWmEB","PstI.TP822650"," 3","71202560","","0.2079","G"
"4","Trait5","pKWmEB","PstI.TP759529"," 3","71215407","","0.4885","A"
"4","Trait5","pKWmEB","PstI.TP306737"," 3","71220834","","0.9136","A"
"4","Trait5","pKWmEB","PstI.TP118279"," 3","71225099","","0.0558","A"
"4","Trait5","pKWmEB","PstI.TP330349"," 3","71225123","","0.6982","C"
"4","Trait5","pKWmEB","PstI.TP883563"," 3","71236884","","0.8255","C"
"4","Trait5","pKWmEB","PstI.TP329326"," 3","71243176","","1.2336","A"
"4","Trait5","pKWmEB","NsiI.TP322598"," 3","71278455","","0.8687","A"
"4","Trait5","pKWmEB","PstI.TP845977"," 3","71280773","","0.1032","A"
"4","Trait5","pKWmEB","PstI.TP403752"," 3","71284384","","0.2801","C"
"4","Trait5","pKWmEB","PstI.TP24470"," 3","71284933","","0.1358","C"
"4","Trait5","pKWmEB","PstI.TP113250"," 3","71287731","","0.2617","A"
"4","Trait5","pKWmEB","NsiI.TP328854"," 3","71291896","","0.5003","A"
"4","Trait5","pKWmEB","PstI.TP995093"," 3","71293277","","0.1041","A"
"4","Trait5","pKWmEB","NsiI.TP570570"," 3","71299631","","0.8500","A"
"4","Trait5","pKWmEB","NsiI.TP778810"," 3","71299961","","0.5569","C"
"4","Trait5","pKWmEB","NsiI.TP359075"," 3","71301013","","0.5728","A"
"4","Trait5","pKWmEB","PstI.TP579004"," 3","71313289","","0.0833","A"
"4","Trait5","pKWmEB","PstI.TP532668"," 3","71313378","","0.3297","A"
"4","Trait5","pKWmEB","PstI.TP921434"," 3","71315794","","0.0502","G"
"4","Trait5","pKWmEB","NsiI.TP292301"," 3","71320423","","0.6248","A"
"4","Trait5","pKWmEB","NsiI.TP295096"," 3","71320519","","0.0577","C"
"4","Trait5","pKWmEB","PstI.TP759583"," 3","71370495","","0.8798","G"
"4","Trait5","pKWmEB","NsiI.TP323773"," 3","71375672","","0.7507","A"
"4","Trait5","pKWmEB","PstI.TP346735"," 3","71414448","","0.2856","A"
"4","Trait5","pKWmEB","PstI.TP1043971"," 3","71414485","","0.3307","A"
"4","Trait5","pKWmEB","PstI.TP1047513"," 3","71419164","","0.7322","C"
"4","Trait5","pKWmEB","NsiI.TP510537"," 3","71420877","","0.4691","A"
"4","Trait5","pKWmEB","PstI.TP386255"," 3","71429224","","0.6764","A"
"4","Trait5","pKWmEB","PstI.TP853213"," 3","71458543","","0.9631","C"
"4","Trait5","pKWmEB","PstI.TP56127"," 3","71484332","","0.4582","A"
"4","Trait5","pKWmEB","PstI.TP795416"," 3","71488115","","0.7623","C"
"4","Trait5","pKWmEB","PstI.TP1179281"," 3","71493798","","0.1962","A"
"4","Trait5","pKWmEB","PstI.TP200587"," 3","71494724","","1.6667","G"
"4","Trait5","pKWmEB","NsiI.TP532123"," 3","71504956","","0.2029","A"
"4","Trait5","pKWmEB","NsiI.TP67105"," 3","71507776","","0.8911","C"
"4","Trait5","pKWmEB","NsiI.TP678482"," 3","71517833","","0.2829","A"
"4","Trait5","pKWmEB","NsiI.TP533289"," 3","71518206","","0.1026","C"
"4","Trait5","pKWmEB","NsiI.TP232832"," 3","71523567","","0.0433","A"
"4","Trait5","pKWmEB","PstI.TP745087"," 3","71534823","","0.3193","C"
"4","Trait5","pKWmEB","NsiI.TP522504"," 3","71564566","","0.2215","A"
"4","Trait5","pKWmEB","PstI.TP1159441"," 3","71573471","","0.3621","A"
"4","Trait5","pKWmEB","PstI.TP145562"," 3","71581008","","0.0348","A"
"4","Trait5","pKWmEB","PstI.TP974045"," 3","71607310","","0.0739","A"
"4","Trait5","pKWmEB","PstI.TP973509"," 3","71631915","","0.1950","A"
"4","Trait5","pKWmEB","NsiI.TP390199"," 3","71648489","","1.0999","A"
"4","Trait5","pKWmEB","NsiI.TP490460"," 3","71670676","","0.4286","A"
"4","Trait5","pKWmEB","NsiI.TP547469"," 3","71674129","","0.0329","A"
"4","Trait5","pKWmEB","PstI.TP770377"," 3","71680305","","0.7953","C"
"4","Trait5","pKWmEB","NsiI.TP250795"," 3","71690375","","0.0840","C"
"4","Trait5","pKWmEB","PstI.TP1223764"," 3","71709912","","0.0311","C"
"4","Trait5","pKWmEB","NsiI.TP526435"," 3","71717358","","0.5071","C"
"4","Trait5","pKWmEB","NsiI.TP187793"," 3","71720682","","0.6355","C"
"4","Trait5","pKWmEB","NsiI.TP189210"," 3","71744409","","0.3437","G"
"4","Trait5","pKWmEB","PstI.TP1198874"," 3","71767172","","0.2848","A"
"4","Trait5","pKWmEB","NsiI.TP509790"," 3","71778076","","1.2296","A"
"4","Trait5","pKWmEB","PstI.TP639082"," 3","71815374","","0.1683","A"
"4","Trait5","pKWmEB","NsiI.TP391322"," 3","71825154","","0.3911","G"
"4","Trait5","pKWmEB","PstI.TP161974"," 3","71850539","","1.4026","A"
"4","Trait5","pKWmEB","PstI.TP1040904"," 3","71853195","","1.7970","C"
"4","Trait5","pKWmEB","PstI.TP908813"," 3","71853833","","0.5771","C"
"4","Trait5","pKWmEB","NsiI.TP29345"," 3","71859785","","0.1211","A"
"4","Trait5","pKWmEB","PstI.TP5918"," 3","71874492","","0.4432","C"
"4","Trait5","pKWmEB","NsiI.TP616371"," 3","71876871","","0.1621","A"
"4","Trait5","pKWmEB","PstI.TP505819"," 3","71878953","","0.3018","C"
"4","Trait5","pKWmEB","NsiI.TP471432"," 3","71881964","","0.7046","A"
"4","Trait5","pKWmEB","NsiI.TP452027"," 3","71895534","","0.1371","A"
"4","Trait5","pKWmEB","PstI.TP584814"," 3","71926708","","0.2169","C"
"4","Trait5","pKWmEB","PstI.TP612491"," 3","71936195","","0.1528","C"
"4","Trait5","pKWmEB","NsiI.TP56826"," 3","71937864","","0.5927","A"
"4","Trait5","pKWmEB","PstI.TP234599"," 3","71941464","","0.1341","A"
"4","Trait5","pKWmEB","NsiI.TP204873"," 3","71949110","","3.1716","G"
"4","Trait5","pKWmEB","PstI.TP1132567"," 3","71972612","","0.6752","A"
"4","Trait5","pKWmEB","NsiI.TP64589"," 3","71972732","","0.4475","A"
"4","Trait5","pKWmEB","PstI.TP906694"," 3","71997518","","1.7556","C"
"4","Trait5","pKWmEB","PstI.TP27753"," 3","72063176","","1.8452","A"
"4","Trait5","pKWmEB","NsiI.TP198450"," 3","72064311","","0.1259","A"
"4","Trait5","pKWmEB","PstI.TP421793"," 3","72066807","","0.0471","C"
"4","Trait5","pKWmEB","PstI.TP421792"," 3","72066843","","0.3136","A"
"4","Trait5","pKWmEB","PstI.TP626140"," 3","72087552","","0.8562","C"
"4","Trait5","pKWmEB","NsiI.TP668633"," 3","72087795","","0.4452","C"
"4","Trait5","pKWmEB","PstI.TP704102"," 3","72097083","","0.3137","C"
"4","Trait5","pKWmEB","NsiI.TP280625"," 3","72097579","","0.1455","A"
"4","Trait5","pKWmEB","NsiI.TP396040"," 3","72109079","","0.6026","A"
"4","Trait5","pKWmEB","NsiI.TP83920"," 3","72112802","","0.1848","C"
"4","Trait5","pKWmEB","PstI.TP1046316"," 3","72119163","","0.0359","A"
"4","Trait5","pKWmEB","PstI.TP1241108"," 3","72141013","","0.1406","A"
"4","Trait5","pKWmEB","PstI.TP898136"," 3","72148923","","0.3486","C"
"4","Trait5","pKWmEB","NsiI.TP127064"," 3","72149010","","0.0659","A"
"4","Trait5","pKWmEB","PstI.TP204092"," 3","72149469","","0.9887","A"
"4","Trait5","pKWmEB","PstI.TP145862"," 3","72157475","","0.5204","G"
"4","Trait5","pKWmEB","PstI.TP262789"," 3","72159095","","0.9051","A"
"4","Trait5","pKWmEB","NsiI.TP171909"," 3","72216197","","0.2043","C"
"4","Trait5","pKWmEB","NsiI.TP177413"," 3","72216222","","1.2312","A"
"4","Trait5","pKWmEB","PstI.TP754993"," 3","72228785","","0.1735","C"
"4","Trait5","pKWmEB","NsiI.TP163434"," 3","72233817","","0.6049","A"
"4","Trait5","pKWmEB","PstI.TP1153923"," 3","72256661","","0.9977","C"
"4","Trait5","pKWmEB","GFSSContig6446_373"," 3","72296527","","0.2959","T"
"4","Trait5","pKWmEB","NsiI.TP73322"," 3","72308329","","0.3116","C"
"4","Trait5","pKWmEB","NsiI.TP250160"," 3","72327869","","0.3764","A"
"4","Trait5","pKWmEB","PstI.TP329796"," 3","72330956","","0.2432","C"
"4","Trait5","pKWmEB","PstI.TP279809"," 3","72330993","","0.2722","A"
"4","Trait5","pKWmEB","NsiI.TP218730"," 3","72336467","","0.2781","C"
"4","Trait5","pKWmEB","PstI.TP682612"," 3","72341823","","0.3717","A"
"4","Trait5","pKWmEB","NsiI.TP475401"," 3","72357250","","0.3660","A"
"4","Trait5","pKWmEB","PstI.TP806771"," 3","72365455","","0.3247","A"
"4","Trait5","pKWmEB","PstI.TP233305"," 3","72380511","","1.1379","A"
"4","Trait5","pKWmEB","PstI.TP664073"," 3","72380597","","0.1222","C"
"4","Trait5","pKWmEB","NsiI.TP645635"," 3","72384458","","0.8021","C"
"4","Trait5","pKWmEB","NsiI.TP630701"," 3","72384480","","0.4295","A"
"4","Trait5","pKWmEB","PstI.TP155675"," 3","72392047","","0.0119","A"
"4","Trait5","pKWmEB","NsiI.TP421594"," 3","72392349","","0.4357","A"
"4","Trait5","pKWmEB","NsiI.TP253420"," 3","72398140","","0.0489","A"
"4","Trait5","pKWmEB","NsiI.TP211589"," 3","72398492","","1.2469","C"
"4","Trait5","pKWmEB","PstI.TP799973"," 3","72401926","","0.8379","A"
"4","Trait5","pKWmEB","PstI.TP81443"," 3","72402402","","0.2419","C"
"4","Trait5","pKWmEB","NsiI.TP770208"," 3","72404689","","0.5784","C"
"4","Trait5","pKWmEB","PstI.TP668030"," 3","72408331","","0.3525","A"
"4","Trait5","pKWmEB","NsiI.TP244372"," 3","72408680","","1.2091","A"
"4","Trait5","pKWmEB","PstI.TP942393"," 3","72444465","","0.1495","A"
"4","Trait5","pKWmEB","PstI.TP5232"," 3","72451142","","0.1511","C"
"4","Trait5","pKWmEB","PstI.TP351441"," 3","72475949","","0.3181","A"
"4","Trait5","pKWmEB","NsiI.TP778547"," 3","72499499","","0.5271","A"
"4","Trait5","pKWmEB","PstI.TP753532"," 3","72504255","","0.5391","G"
"4","Trait5","pKWmEB","PstI.TP178192"," 3","72519537","","0.2253","G"
"4","Trait5","pKWmEB","PstI.TP178194"," 3","72519583","","0.3865","A"
"4","Trait5","pKWmEB","PstI.TP187280"," 3","72520423","","0.3048","C"
"4","Trait5","pKWmEB","PstI.TP795371"," 3","72534871","","0.5622","C"
"4","Trait5","pKWmEB","PstI.TP1248796"," 3","72560557","","0.1737","A"
"4","Trait5","pKWmEB","PstI.TP1198599"," 3","72561086","","0.0854","C"
"4","Trait5","pKWmEB","PstI.TP68420"," 3","72562123","","0.4345","A"
"4","Trait5","pKWmEB","NsiI.TP823075"," 3","72605095","","0.0637","C"
"4","Trait5","pKWmEB","NsiI.TP815078"," 3","72615887","","1.3764","A"
"4","Trait5","pKWmEB","NsiI.TP4650"," 3","72617483","","1.3433","A"
"4","Trait5","pKWmEB","PstI.TP338489"," 3","72629780","","1.1699","A"
"4","Trait5","pKWmEB","NsiI.TP428251"," 3","72635092","","0.3156","C"
"4","Trait5","pKWmEB","NsiI.TP176283"," 3","72635877","","0.0610","G"
"4","Trait5","pKWmEB","PstI.TP1144421"," 3","72644550","","0.1683","A"
"4","Trait5","pKWmEB","PstI.TP1144762"," 3","72644583","","0.5434","C"
"4","Trait5","pKWmEB","NsiI.TP195396"," 3","72661661","","0.6764","A"
"4","Trait5","pKWmEB","PstI.TP762612"," 3","72663785","","0.4414","A"
"4","Trait5","pKWmEB","NsiI.TP263500"," 3","72673824","","0.3628","C"
"4","Trait5","pKWmEB","PstI.TP1270458"," 3","72678410","","0.5480","G"
"4","Trait5","pKWmEB","NsiI.TP737521"," 3","72694500","","0.0124","C"
"4","Trait5","pKWmEB","NsiI.TP442195"," 3","72697158","","0.2613","A"
"4","Trait5","pKWmEB","PstI.TP647653"," 3","72697701","","0.8103","C"
"4","Trait5","pKWmEB","NsiI.TP41276"," 3","72703220","","0.1341","A"
"4","Trait5","pKWmEB","PstI.TP1107761"," 3","72704680","","0.9681","A"
"4","Trait5","pKWmEB","NsiI.TP513666"," 3","72716471","","0.8831","A"
"4","Trait5","pKWmEB","PstI.TP505588"," 3","72716537","","0.0624","C"
"4","Trait5","pKWmEB","PstI.TP428584"," 3","72723527","","1.2095","C"
"4","Trait5","pKWmEB","NsiI.TP502933"," 3","72742685","","0.7819","C"
"4","Trait5","pKWmEB","NsiI.TP224530"," 3","72743117","","0.4034","A"
"4","Trait5","pKWmEB","NsiI.TP553613"," 3","72745621","","0.3738","G"
"4","Trait5","pKWmEB","NsiI.TP615894"," 3","72754264","","0.4345","A"
"4","Trait5","pKWmEB","PstI.TP338258"," 3","72759792","","0.8621","G"
"4","Trait5","pKWmEB","NsiI.TP822394"," 3","72776168","","0.1326","A"
"4","Trait5","pKWmEB","PstI.TP314655"," 3","72791842","","0.4832","A"
"4","Trait5","pKWmEB","NsiI.TP17480"," 3","72792213","","0.2362","A"
"4","Trait5","pKWmEB","PstI.TP986205"," 3","72802717","","0.5772","C"
"4","Trait5","pKWmEB","PstI.TP1124223"," 3","72814129","","0.2638","C"
"4","Trait5","pKWmEB","NsiI.TP460223"," 3","72815501","","0.1407","A"
"4","Trait5","pKWmEB","NsiI.TP64069"," 3","72817675","","1.0444","C"
"4","Trait5","pKWmEB","NsiI.TP751897"," 3","72836667","","0.6792","A"
"4","Trait5","pKWmEB","NsiI.TP263217"," 3","72840362","","0.0475","A"
"4","Trait5","pKWmEB","PstI.TP1206536"," 3","72840397","","0.3966","A"
"4","Trait5","pKWmEB","PstI.TP1250074"," 3","72840429","","0.2584","C"
"4","Trait5","pKWmEB","NsiI.TP693881"," 3","72845855","","0.6527","A"
"4","Trait5","pKWmEB","PstI.TP495912"," 3","72850069","","0.3679","A"
"4","Trait5","pKWmEB","PstI.TP457576"," 3","72854766","","0.2189","A"
"4","Trait5","pKWmEB","PstI.TP426801"," 3","72873242","","0.8026","C"
"4","Trait5","pKWmEB","NsiI.TP409467"," 3","72878819","","0.9363","C"
"4","Trait5","pKWmEB","PstI.TP59482"," 3","72881051","","0.2148","C"
"4","Trait5","pKWmEB","PstI.TP891165"," 3","72909897","","0.2491","A"
"4","Trait5","pKWmEB","PstI.TP133012"," 3","72913190","","0.1282","C"
"4","Trait5","pKWmEB","NsiI.TP473026"," 3","72913418","","0.0474","A"
"4","Trait5","pKWmEB","PstI.TP720237"," 3","72913450","","0.5198","A"
"4","Trait5","pKWmEB","NsiI.TP66607"," 3","72925427","","0.0206","A"
"4","Trait5","pKWmEB","NsiI.TP152796"," 3","72941657","","0.0144","C"
"4","Trait5","pKWmEB","PstI.TP924470"," 3","72950968","","0.1050","A"
"4","Trait5","pKWmEB","NsiI.TP392536"," 3","72995483","","0.2947","A"
"4","Trait5","pKWmEB","PstI.TP540228"," 3","73006322","","0.1759","C"
"4","Trait5","pKWmEB","NsiI.TP442084"," 3","73011596","","0.2086","A"
"4","Trait5","pKWmEB","NsiI.TP376338"," 3","73019311","","0.2713","A"
"4","Trait5","pKWmEB","PstI.TP264349"," 3","73030966","","0.1566","A"
"4","Trait5","pKWmEB","PstI.TP318195"," 3","73032713","","0.4929","C"
"4","Trait5","pKWmEB","PstI.TP456192"," 3","73032770","","0.2589","A"
"4","Trait5","pKWmEB","PstI.TP37723"," 3","73045620","","0.4206","C"
"4","Trait5","pKWmEB","PstI.TP922855"," 3","73053768","","0.1222","A"
"4","Trait5","pKWmEB","PstI.TP1270259"," 3","73055182","","0.3713","A"
"4","Trait5","pKWmEB","NsiI.TP689859"," 3","73077435","","1.2805","A"
"4","Trait5","pKWmEB","PstI.TP42625"," 3","73083763","","0.6985","C"
"4","Trait5","pKWmEB","PstI.TP872193"," 3","73084011","","0.0392","C"
"4","Trait5","pKWmEB","PstI.TP798238"," 3","73087364","","0.0600","C"
"4","Trait5","pKWmEB","PstI.TP936850"," 3","73106932","","0.3437","C"
"4","Trait5","pKWmEB","PstI.TP981152"," 3","73114919","","0.8359","A"
"4","Trait5","pKWmEB","NsiI.TP615300"," 3","73120136","","0.8596","A"
"4","Trait5","pKWmEB","PstI.TP99861"," 3","73138767","","0.7205","A"
"4","Trait5","pKWmEB","NsiI.TP430210"," 3","73142543","","0.0532","C"
"4","Trait5","pKWmEB","PstI.TP1271938"," 3","73149860","","0.4871","C"
"4","Trait5","pKWmEB","GFSSContig2914_315"," 3","73150306","","0.4069","T"
"4","Trait5","pKWmEB","PstI.TP343944"," 3","73164839","","0.0752","G"
"4","Trait5","pKWmEB","PstI.TP1062251"," 3","73165084","","0.1600","A"
"4","Trait5","pKWmEB","PstI.TP1062252"," 3","73165103","","0.7616","A"
"4","Trait5","pKWmEB","NsiI.TP356712"," 3","73168456","","0.9238","G"
"4","Trait5","pKWmEB","PstI.TP1079502"," 3","73170955","","0.1855","C"
"4","Trait5","pKWmEB","PstI.TP248986"," 3","73178542","","1.2622","C"
"4","Trait5","pKWmEB","PstI.TP173195"," 3","73184477","","1.0686","C"
"4","Trait5","pKWmEB","PstI.TP135129"," 3","73200688","","0.1396","C"
"4","Trait5","pKWmEB","NsiI.TP530822"," 3","73205140","","0.1976","C"
"4","Trait5","pKWmEB","NsiI.TP197829"," 3","73223691","","0.4684","C"
"4","Trait5","pKWmEB","PstI.TP601322"," 3","73231445","","0.9054","C"
"4","Trait5","pKWmEB","PstI.TP908088"," 3","73239870","","1.8695","A"
"4","Trait5","pKWmEB","NsiI.TP329929"," 3","73241123","","0.0855","A"
"4","Trait5","pKWmEB","PstI.TP190216"," 3","73241576","","0.0240","A"
"4","Trait5","pKWmEB","NsiI.TP802657"," 3","73241783","","0.4769","C"
"4","Trait5","pKWmEB","PstI.TP749398"," 3","73262747","","0.4126","A"
"4","Trait5","pKWmEB","PstI.TP261417"," 3","73269489","","0.6047","C"
"4","Trait5","pKWmEB","NsiI.TP303398"," 3","73301221","","0.0111","A"
"4","Trait5","pKWmEB","NsiI.TP588258"," 3","73310107","","0.1032","A"
"4","Trait5","pKWmEB","PstI.TP435484"," 3","73310470","","0.0311","C"
"4","Trait5","pKWmEB","PstI.TP1256343"," 3","73319224","","0.0058","A"
"4","Trait5","pKWmEB","NsiI.TP244617"," 3","73319930","","0.8481","A"
"4","Trait5","pKWmEB","NsiI.TP554929"," 3","73321437","","2.2030","C"
"4","Trait5","pKWmEB","PstI.TP967803"," 3","73321934","","0.2527","G"
"4","Trait5","pKWmEB","NsiI.TP550959"," 3","73321962","","0.9225","G"
"4","Trait5","pKWmEB","NsiI.TP480919"," 3","73344597","","0.0515","G"
"4","Trait5","pKWmEB","NsiI.TP454481"," 3","73353862","","0.0841","C"
"4","Trait5","pKWmEB","PstI.TP1059288"," 3","73376494","","0.4179","G"
"4","Trait5","pKWmEB","NsiI.TP661879"," 3","73421724","","1.4973","C"
"4","Trait5","pKWmEB","NsiI.TP136567"," 3","73427286","","0.0779","C"
"4","Trait5","pKWmEB","NsiI.TP672558"," 3","73427308","","1.3702","C"
"4","Trait5","pKWmEB","NsiI.TP136698"," 3","73427320","","0.5160","G"
"4","Trait5","pKWmEB","NsiI.TP163982"," 3","73427335","","0.3795","A"
"4","Trait5","pKWmEB","NsiI.TP669481"," 3","73429735","","0.6146","C"
"4","Trait5","pKWmEB","NsiI.TP540545"," 3","73442407","","0.9225","C"
"4","Trait5","pKWmEB","PstI.TP996188"," 3","73444130","","0.2285","G"
"4","Trait5","pKWmEB","PstI.TP439066"," 3","73445402","","0.0910","C"
"4","Trait5","pKWmEB","PstI.TP439065"," 3","73445409","","0.1814","A"
"4","Trait5","pKWmEB","NsiI.TP533200"," 3","73448428","","0.9715","C"
"4","Trait5","pKWmEB","PstI.TP195257"," 3","73454659","","0.0377","A"
"4","Trait5","pKWmEB","PstI.TP1014699"," 3","73502246","","0.2778","A"
"4","Trait5","pKWmEB","NsiI.TP473257"," 3","73502806","","0.9766","A"
"4","Trait5","pKWmEB","PstI.TP765244"," 3","73539517","","0.1453","A"
"4","Trait5","pKWmEB","NsiI.TP801841"," 3","73553633","","0.8878","A"
"4","Trait5","pKWmEB","PstI.TP1023531"," 3","73557384","","1.0686","C"
"4","Trait5","pKWmEB","PstI.TP755163"," 3","73580364","","0.7409","C"
"4","Trait5","pKWmEB","PstI.TP1332"," 3","73617488","","0.3088","A"
"4","Trait5","pKWmEB","PstI.TP286801"," 3","73633053","","0.1844","C"
"4","Trait5","pKWmEB","PstI.TP1131250"," 3","73634827","","0.3572","C"
"4","Trait5","pKWmEB","GFSSContig14223_306"," 3","73649965","","0.5086","T"
"4","Trait5","pKWmEB","PstI.TP323081"," 3","73665845","","0.1859","C"
"4","Trait5","pKWmEB","PstI.TP323101"," 3","73665851","","0.0063","C"
"4","Trait5","pKWmEB","PstI.TP1294611"," 3","73704669","","0.0936","C"
"4","Trait5","pKWmEB","PstI.TP233282"," 3","73735479","","0.4144","A"
"4","Trait5","pKWmEB","PstI.TP1100905"," 3","73743770","","0.3601","G"
"4","Trait5","pKWmEB","PstI.TP477812"," 3","73744508","","0.7106","C"
"4","Trait5","pKWmEB","NsiI.TP144440"," 3","73756470","","0.1851","A"
"4","Trait5","pKWmEB","NsiI.TP144436"," 3","73756484","","2.4032","C"
"4","Trait5","pKWmEB","NsiI.TP251016"," 3","73789751","","0.7809","A"
"4","Trait5","pKWmEB","PstI.TP1146475"," 3","73807045","","0.9675","G"
"4","Trait5","pKWmEB","NsiI.TP515499"," 3","73834383","","0.3963","A"
"4","Trait5","pKWmEB","NsiI.TP515498"," 3","73834433","","0.1396","C"
"4","Trait5","pKWmEB","NsiI.TP195520"," 3","73836019","","0.2587","G"
"4","Trait5","pKWmEB","NsiI.TP685527"," 3","73884192","","0.5868","A"
"4","Trait5","pKWmEB","NsiI.TP685474"," 3","73884202","","1.4771","A"
"4","Trait5","pKWmEB","PstI.TP1004277"," 3","73886342","","0.1843","C"
"4","Trait5","pKWmEB","PstI.TP1004248"," 3","73886346","","0.7706","C"
"4","Trait5","pKWmEB","PstI.TP115378"," 3","73935711","","1.3636","A"
"4","Trait5","pKWmEB","PstI.TP485188"," 3","73943256","","0.2687","C"
"4","Trait5","pKWmEB","NsiI.TP426299"," 3","73949400","","0.3582","C"
"4","Trait5","pKWmEB","PstI.TP1031256"," 3","73960143","","0.0353","C"
"4","Trait5","pKWmEB","PstI.TP1178079"," 3","74031494","","0.0972","C"
"4","Trait5","pKWmEB","NsiI.TP392823"," 3","74032182","","0.1946","C"
"4","Trait5","pKWmEB","PstI.TP639987"," 3","74052057","","0.4915","C"
"4","Trait5","pKWmEB","NsiI.TP414"," 3","74056366","","0.2120","A"
"4","Trait5","pKWmEB","NsiI.TP804051"," 3","74083102","","0.3487","C"
"4","Trait5","pKWmEB","PstI.TP1249457"," 3","74100631","","0.2255","A"
"4","Trait5","pKWmEB","NsiI.TP117152"," 3","74104438","","0.1447","C"
"4","Trait5","pKWmEB","PstI.TP180348"," 3","74109186","","0.5747","A"
"4","Trait5","pKWmEB","NsiI.TP436820"," 3","74118413","","0.5662","A"
"4","Trait5","pKWmEB","NsiI.TP423114"," 3","74119294","","0.2746","C"
"4","Trait5","pKWmEB","PstI.TP732464"," 3","74132330","","0.1671","A"
"4","Trait5","pKWmEB","NsiI.TP716447"," 3","74142751","","1.5156","C"
"4","Trait5","pKWmEB","NsiI.TP703205"," 3","74196970","","0.2750","C"
"4","Trait5","pKWmEB","PstI.TP930877"," 3","74253026","","0.0202","A"
"4","Trait5","pKWmEB","NsiI.TP151264"," 3","74264365","","0.3580","A"
"4","Trait5","pKWmEB","NsiI.TP694210"," 3","74274384","","0.9267","C"
"4","Trait5","pKWmEB","NsiI.TP353958"," 3","74302874","","1.1384","C"
"4","Trait5","pKWmEB","PstI.TP706641"," 3","74303182","","0.7748","C"
"4","Trait5","pKWmEB","PstI.TP1223187"," 3","74310960","","0.1844","A"
"4","Trait5","pKWmEB","PstI.TP568461"," 3","74315454","","0.5026","A"
"4","Trait5","pKWmEB","PstI.TP7926"," 3","74328750","","0.0521","G"
"4","Trait5","pKWmEB","PstI.TP744909"," 3","74341871","","0.7287","A"
"4","Trait5","pKWmEB","PstI.TP1060094"," 3","74361925","","0.5448","A"
"4","Trait5","pKWmEB","NsiI.TP10232"," 3","74376488","","0.0704","A"
"4","Trait5","pKWmEB","PstI.TP621994"," 3","74383503","","0.6377","G"
"4","Trait5","pKWmEB","PstI.TP1178670"," 4","   54185","","0.0228","A"
"4","Trait5","pKWmEB","NsiI.TP744165"," 4","   55823","","0.3875","G"
"4","Trait5","pKWmEB","NsiI.TP515938"," 4","   63106","","0.6151","C"
"4","Trait5","pKWmEB","NsiI.TP801135"," 4","   63162","","0.4247","C"
"4","Trait5","pKWmEB","PstI.TP1119191"," 4","   72019","","0.4095","A"
"4","Trait5","pKWmEB","NsiI.TP76340"," 4","   72467","","0.2658","G"
"4","Trait5","pKWmEB","PstI.TP358092"," 4","   78246","","0.1529","C"
"4","Trait5","pKWmEB","PstI.TP358095"," 4","   78261","","0.3015","G"
"4","Trait5","pKWmEB","NsiI.TP112859"," 4","  112373","","0.3490","C"
"4","Trait5","pKWmEB","PstI.TP128224"," 4","  119123","","0.7748","G"
"4","Trait5","pKWmEB","PstI.TP257531"," 4","  120954","","0.0435","A"
"4","Trait5","pKWmEB","NsiI.TP374846"," 4","  121049","","0.2535","C"
"4","Trait5","pKWmEB","PstI.TP172702"," 4","  135426","","0.7490","C"
"4","Trait5","pKWmEB","PstI.TP1280524"," 4","  135529","","0.2034","G"
"4","Trait5","pKWmEB","PstI.TP894344"," 4","  148931","","0.5936","C"
"4","Trait5","pKWmEB","GFSSContig17930_1907"," 4","  176618","","0.4334","A"
"4","Trait5","pKWmEB","PstI.TP704363"," 4","  180971","","0.4968","G"
"4","Trait5","pKWmEB","PstI.TP777325"," 4","  184981","","0.1439","A"
"4","Trait5","pKWmEB","PstI.TP934142"," 4","  194652","","0.7327","A"
"4","Trait5","pKWmEB","PstI.TP744500"," 4","  207873","","0.0187","A"
"4","Trait5","pKWmEB","PstI.TP718962"," 4","  252030","","0.4536","A"
"4","Trait5","pKWmEB","PstI.TP713541"," 4","  274858","","0.0999","A"
"4","Trait5","pKWmEB","PstI.TP1193006"," 4","  373781","","0.0100","A"
"4","Trait5","pKWmEB","PstI.TP1003955"," 4","  393469","","0.9682","A"
"4","Trait5","pKWmEB","NsiI.TP203425"," 4","  416511","","1.4657","A"
"4","Trait5","pKWmEB","PstI.TP509367"," 4","  420393","","0.0399","C"
"4","Trait5","pKWmEB","PstI.TP984365"," 4","  420529","","0.2495","C"
"4","Trait5","pKWmEB","NsiI.TP412948"," 4","  420625","","0.1484","A"
"4","Trait5","pKWmEB","PstI.TP1202955"," 4","  421405","","0.2120","A"
"4","Trait5","pKWmEB","PstI.TP287066"," 4","  421567","","0.4488","G"
"4","Trait5","pKWmEB","NsiI.TP519733"," 4","  421752","","0.4191","A"
"4","Trait5","pKWmEB","NsiI.TP12005"," 4","  443266","","0.0657","A"
"4","Trait5","pKWmEB","PstI.TP1229853"," 4","  446677","","0.6061","A"
"4","Trait5","pKWmEB","NsiI.TP200263"," 4","  525550","","0.1784","A"
"4","Trait5","pKWmEB","NsiI.TP688400"," 4","  530630","","0.0199","A"
"4","Trait5","pKWmEB","PstI.TP1010357"," 4","  571391","","0.4348","C"
"4","Trait5","pKWmEB","PstI.TP149283"," 4","  660442","","0.1654","A"
"4","Trait5","pKWmEB","NsiI.TP364708"," 4","  663022","","1.1459","A"
"4","Trait5","pKWmEB","PstI.TP189469"," 4","  665915","","0.0715","C"
"4","Trait5","pKWmEB","PstI.TP189474"," 4","  665951","","0.6000","C"
"4","Trait5","pKWmEB","PstI.TP1250993"," 4","  666401","","1.0984","A"
"4","Trait5","pKWmEB","PstI.TP338799"," 4","  666525","","0.0734","A"
"4","Trait5","pKWmEB","NsiI.TP395809"," 4","  675900","","0.1001","G"
"4","Trait5","pKWmEB","NsiI.TP684349"," 4","  684636","","0.0305","A"
"4","Trait5","pKWmEB","NsiI.TP684348"," 4","  684662","","0.0991","C"
"4","Trait5","pKWmEB","PstI.TP219514"," 4","  691478","","0.2667","C"
"4","Trait5","pKWmEB","PstI.TP1227785"," 4","  692003","","0.7616","G"
"4","Trait5","pKWmEB","PstI.TP929440"," 4","  697214","","0.8691","C"
"4","Trait5","pKWmEB","PstI.TP1021884"," 4","  738112","","0.0444","C"
"4","Trait5","pKWmEB","PstI.TP235956"," 4","  743591","","0.5311","A"
"4","Trait5","pKWmEB","PstI.TP161537"," 4","  745375","","0.0978","A"
"4","Trait5","pKWmEB","PstI.TP161583"," 4","  745375","","0.0749","A"
"4","Trait5","pKWmEB","PstI.TP207794"," 4","  746946","","0.4972","C"
"4","Trait5","pKWmEB","PstI.TP343524"," 4","  750739","","0.5877","A"
"4","Trait5","pKWmEB","NsiI.TP120973"," 4","  763707","","0.6746","C"
"4","Trait5","pKWmEB","NsiI.TP120962"," 4","  763742","","0.8893","A"
"4","Trait5","pKWmEB","NsiI.TP415605"," 4","  763962","","0.4387","A"
"4","Trait5","pKWmEB","NsiI.TP100753"," 4","  777737","","0.5234","A"
"4","Trait5","pKWmEB","PstI.TP1276029"," 4","  795438","","1.7635","C"
"4","Trait5","pKWmEB","NsiI.TP316163"," 4","  813552","","0.5758","C"
"4","Trait5","pKWmEB","NsiI.TP826544"," 4","  820136","","0.4145","A"
"4","Trait5","pKWmEB","NsiI.TP275870"," 4","  820523","","0.0579","A"
"4","Trait5","pKWmEB","GFSSContig19151_2029"," 4","  821892","","0.0551","T"
"4","Trait5","pKWmEB","NsiI.TP403496"," 4","  824979","","0.3116","A"
"4","Trait5","pKWmEB","PstI.TP922777"," 4","  829116","","0.1770","C"
"4","Trait5","pKWmEB","NsiI.TP191068"," 4","  829116","","0.1328","C"
"4","Trait5","pKWmEB","PstI.TP264938"," 4","  829188","","0.2738","A"
"4","Trait5","pKWmEB","NsiI.TP226095"," 4","  829188","","0.1486","A"
"4","Trait5","pKWmEB","NsiI.TP469730"," 4","  834771","","0.0731","A"
"4","Trait5","pKWmEB","NsiI.TP681423"," 4","  835074","","1.5394","C"
"4","Trait5","pKWmEB","NsiI.TP627351"," 4","  837334","","1.3296","C"
"4","Trait5","pKWmEB","PstI.TP471512"," 4","  838209","","0.9197","C"
"4","Trait5","pKWmEB","PstI.TP1027744"," 4","  838258","","0.1705","C"
"4","Trait5","pKWmEB","PstI.TP52512"," 4","  914648","","1.4508","A"
"4","Trait5","pKWmEB","NsiI.TP337589"," 4","  923915","","0.3256","C"
"4","Trait5","pKWmEB","NsiI.TP755316"," 4","  982821","","0.4066","G"
"4","Trait5","pKWmEB","PstI.TP345173"," 4"," 1007674","","0.4880","C"
"4","Trait5","pKWmEB","NsiI.TP340042"," 4"," 1007876","","0.0428","A"
"4","Trait5","pKWmEB","PstI.TP132713"," 4"," 1009711","","0.8286","A"
"4","Trait5","pKWmEB","PstI.TP1194458"," 4"," 1033220","","0.5253","A"
"4","Trait5","pKWmEB","PstI.TP994702"," 4"," 1044228","","0.1018","C"
"4","Trait5","pKWmEB","PstI.TP219303"," 4"," 1052705","","0.2243","A"
"4","Trait5","pKWmEB","NsiI.TP676052"," 4"," 1055463","","0.5514","C"
"4","Trait5","pKWmEB","NsiI.TP50387"," 4"," 1055492","","0.6155","A"
"4","Trait5","pKWmEB","PstI.TP138714"," 4"," 1056939","","0.0234","C"
"4","Trait5","pKWmEB","NsiI.TP274184"," 4"," 1065229","","0.4008","C"
"4","Trait5","pKWmEB","NsiI.TP4941"," 4"," 1071933","","0.4229","C"
"4","Trait5","pKWmEB","PstI.TP1046495"," 4"," 1086787","","0.0233","A"
"4","Trait5","pKWmEB","NsiI.TP67307"," 4"," 1095544","","0.8176","A"
"4","Trait5","pKWmEB","NsiI.TP800527"," 4"," 1112622","","1.0021","A"
"4","Trait5","pKWmEB","PstI.TP478177"," 4"," 1115646","","1.4054","A"
"4","Trait5","pKWmEB","PstI.TP383572"," 4"," 1121106","","0.3334","C"
"4","Trait5","pKWmEB","NsiI.TP666365"," 4"," 1124172","","1.5569","A"
"4","Trait5","pKWmEB","PstI.TP1250411"," 4"," 1145072","","0.1126","A"
"4","Trait5","pKWmEB","PstI.TP77040"," 4"," 1147463","","0.6819","A"
"4","Trait5","pKWmEB","NsiI.TP533294"," 4"," 1147786","","0.1180","C"
"4","Trait5","pKWmEB","PstI.TP12754"," 4"," 1184144","","0.2473","A"
"4","Trait5","pKWmEB","PstI.TP716830"," 4"," 1195696","","0.3260","C"
"4","Trait5","pKWmEB","NsiI.TP100088"," 4"," 1265369","","0.6106","C"
"4","Trait5","pKWmEB","PstI.TP106235"," 4"," 1307357","","0.2086","C"
"4","Trait5","pKWmEB","PstI.TP583331"," 4"," 1337875","","0.3368","C"
"4","Trait5","pKWmEB","PstI.TP583332"," 4"," 1337909","","1.0818","C"
"4","Trait5","pKWmEB","NsiI.TP345799"," 4"," 1359670","","0.0235","A"
"4","Trait5","pKWmEB","NsiI.TP182518"," 4"," 1371109","","0.8915","C"
"4","Trait5","pKWmEB","PstI.TP217551"," 4"," 1371186","","0.1669","A"
"4","Trait5","pKWmEB","PstI.TP1252901"," 4"," 1372858","","0.4400","A"
"4","Trait5","pKWmEB","PstI.TP875232"," 4"," 1379976","","0.5684","G"
"4","Trait5","pKWmEB","PstI.TP442449"," 4"," 1386178","","0.2422","C"
"4","Trait5","pKWmEB","PstI.TP848855"," 4"," 1420176","","1.0374","A"
"4","Trait5","pKWmEB","NsiI.TP410126"," 4"," 1427603","","1.1332","C"
"4","Trait5","pKWmEB","NsiI.TP324394"," 4"," 1436115","","1.6207","C"
"4","Trait5","pKWmEB","PstI.TP100405"," 4"," 1454906","","1.4199","C"
"4","Trait5","pKWmEB","PstI.TP47294"," 4"," 1457368","","0.0736","C"
"4","Trait5","pKWmEB","PstI.TP262567"," 4"," 1479003","","0.5982","A"
"4","Trait5","pKWmEB","NsiI.TP635021"," 4"," 1491524","","0.9381","C"
"4","Trait5","pKWmEB","PstI.TP350585"," 4"," 1509412","","0.3407","C"
"4","Trait5","pKWmEB","NsiI.TP684170"," 4"," 1520200","","0.6185","A"
"4","Trait5","pKWmEB","NsiI.TP173630"," 4"," 1520212","","0.2044","C"
"4","Trait5","pKWmEB","PstI.TP1019463"," 4"," 1525044","","0.7189","C"
"4","Trait5","pKWmEB","NsiI.TP46244"," 4"," 1540278","","0.0574","C"
"4","Trait5","pKWmEB","PstI.TP1069273"," 4"," 1570159","","1.0848","C"
"4","Trait5","pKWmEB","PstI.TP160183"," 4"," 1580413","","0.3617","A"
"4","Trait5","pKWmEB","PstI.TP494672"," 4"," 1583739","","1.0908","C"
"4","Trait5","pKWmEB","PstI.TP385231"," 4"," 1587194","","0.0856","A"
"4","Trait5","pKWmEB","PstI.TP1117511"," 4"," 1590390","","0.4107","A"
"4","Trait5","pKWmEB","PstI.TP1005096"," 4"," 1608243","","0.1803","C"
"4","Trait5","pKWmEB","NsiI.TP340936"," 4"," 1635314","","1.0722","C"
"4","Trait5","pKWmEB","PstI.TP1251"," 4"," 1637098","","0.0612","A"
"4","Trait5","pKWmEB","NsiI.TP429824"," 4"," 1665285","","0.1328","A"
"4","Trait5","pKWmEB","PstI.TP542628"," 4"," 1690566","","0.1928","A"
"4","Trait5","pKWmEB","PstI.TP106029"," 4"," 1757035","","0.1053","C"
"4","Trait5","pKWmEB","PstI.TP17078"," 4"," 1779295","","0.1740","A"
"4","Trait5","pKWmEB","PstI.TP314326"," 4"," 1792445","","0.4749","C"
"4","Trait5","pKWmEB","NsiI.TP636470"," 4"," 1801601","","0.0400","A"
"4","Trait5","pKWmEB","NsiI.TP616318"," 4"," 1844961","","0.2381","C"
"4","Trait5","pKWmEB","PstI.TP704692"," 4"," 1863881","","0.3584","C"
"4","Trait5","pKWmEB","PstI.TP1286323"," 4"," 1881541","","0.5961","C"
"4","Trait5","pKWmEB","PstI.TP1036080"," 4"," 1894451","","1.3531","C"
"4","Trait5","pKWmEB","PstI.TP1137612"," 4"," 1936764","","1.8463","C"
"4","Trait5","pKWmEB","PstI.TP597841"," 4"," 1943404","","1.9794","A"
"4","Trait5","pKWmEB","NsiI.TP823759"," 4"," 1947839","","0.4270","A"
"4","Trait5","pKWmEB","NsiI.TP443522"," 4"," 1949621","","1.2384","C"
"4","Trait5","pKWmEB","NsiI.TP348716"," 4"," 2007111","","0.5668","A"
"4","Trait5","pKWmEB","PstI.TP845769"," 4"," 2010929","","0.4781","A"
"4","Trait5","pKWmEB","NsiI.TP668182"," 4"," 2035506","","0.2694","A"
"4","Trait5","pKWmEB","PstI.TP753697"," 4"," 2038364","","0.3458","A"
"4","Trait5","pKWmEB","PstI.TP797882"," 4"," 2038467","","1.4222","C"
"4","Trait5","pKWmEB","PstI.TP708955"," 4"," 2043677","","0.8396","C"
"4","Trait5","pKWmEB","NsiI.TP319805"," 4"," 2048414","","0.0240","A"
"4","Trait5","pKWmEB","NsiI.TP547633"," 4"," 2054665","","0.2667","A"
"4","Trait5","pKWmEB","PstI.TP1192938"," 4"," 2074508","","0.4581","C"
"4","Trait5","pKWmEB","PstI.TP1180325"," 4"," 2075190","","0.1873","C"
"4","Trait5","pKWmEB","PstI.TP458006"," 4"," 2078229","","0.0430","C"
"4","Trait5","pKWmEB","PstI.TP1198406"," 4"," 2136493","","0.1220","A"
"4","Trait5","pKWmEB","PstI.TP411672"," 4"," 2137647","","0.6015","A"
"4","Trait5","pKWmEB","PstI.TP97507"," 4"," 2151212","","0.7083","A"
"4","Trait5","pKWmEB","PstI.TP881801"," 4"," 2152103","","0.3490","A"
"4","Trait5","pKWmEB","NsiI.TP421539"," 4"," 2153793","","0.0000","A"
"4","Trait5","pKWmEB","NsiI.TP313761"," 4"," 2177668","","0.2608","C"
"4","Trait5","pKWmEB","NsiI.TP369405"," 4"," 2234375","","1.1243","A"
"4","Trait5","pKWmEB","PstI.TP117522"," 4"," 2241087","","0.2982","A"
"4","Trait5","pKWmEB","PstI.TP1257939"," 4"," 2246447","","0.6558","C"
"4","Trait5","pKWmEB","NsiI.TP524000"," 4"," 2250308","","0.7564","C"
"4","Trait5","pKWmEB","PstI.TP1168717"," 4"," 2253724","","0.3153","A"
"4","Trait5","pKWmEB","NsiI.TP736858"," 4"," 2281889","","0.8089","G"
"4","Trait5","pKWmEB","PstI.TP587376"," 4"," 2288697","","0.8888","C"
"4","Trait5","pKWmEB","PstI.TP767760"," 4"," 2305970","","0.3619","A"
"4","Trait5","pKWmEB","PstI.TP336253"," 4"," 2308455","","0.0812","G"
"4","Trait5","pKWmEB","NsiI.TP460741"," 4"," 2309395","","0.0687","A"
"4","Trait5","pKWmEB","PstI.TP256804"," 4"," 2309598","","0.3908","C"
"4","Trait5","pKWmEB","PstI.TP256801"," 4"," 2309609","","0.0579","C"
"4","Trait5","pKWmEB","NsiI.TP395816"," 4"," 2310125","","0.3319","C"
"4","Trait5","pKWmEB","NsiI.TP402634"," 4"," 2310133","","1.3367","A"
"4","Trait5","pKWmEB","PstI.TP1115006"," 4"," 2397430","","0.6746","C"
"4","Trait5","pKWmEB","NsiI.TP618409"," 4"," 2405730","","0.4535","A"
"4","Trait5","pKWmEB","PstI.TP952501"," 4"," 2430240","","0.2566","C"
"4","Trait5","pKWmEB","PstI.TP1038729"," 4"," 2475346","","0.8940","A"
"4","Trait5","pKWmEB","PstI.TP253271"," 4"," 2475378","","1.2681","A"
"4","Trait5","pKWmEB","NsiI.TP459409"," 4"," 2496748","","0.9133","A"
"4","Trait5","pKWmEB","PstI.TP396850"," 4"," 2511406","","0.4102","C"
"4","Trait5","pKWmEB","PstI.TP404712"," 4"," 2511431","","0.9282","A"
"4","Trait5","pKWmEB","PstI.TP1198803"," 4"," 2512141","","0.0620","A"
"4","Trait5","pKWmEB","PstI.TP679698"," 4"," 2532042","","0.0608","A"
"4","Trait5","pKWmEB","NsiI.TP164832"," 4"," 2581253","","0.3074","C"
"4","Trait5","pKWmEB","NsiI.TP545330"," 4"," 2584742","","0.0123","C"
"4","Trait5","pKWmEB","NsiI.TP346702"," 4"," 2590299","","0.0862","C"
"4","Trait5","pKWmEB","PstI.TP20145"," 4"," 2594879","","0.5416","C"
"4","Trait5","pKWmEB","PstI.TP1026957"," 4"," 2601687","","1.3242","G"
"4","Trait5","pKWmEB","PstI.TP106294"," 4"," 2604377","","0.3790","C"
"4","Trait5","pKWmEB","NsiI.TP643859"," 4"," 2616618","","0.3225","C"
"4","Trait5","pKWmEB","PstI.TP534854"," 4"," 2623672","","0.4737","C"
"4","Trait5","pKWmEB","NsiI.TP434355"," 4"," 2627126","","0.0311","C"
"4","Trait5","pKWmEB","PstI.TP414313"," 4"," 2641289","","0.6789","C"
"4","Trait5","pKWmEB","NsiI.TP501659"," 4"," 2656242","","0.1581","C"
"4","Trait5","pKWmEB","NsiI.TP750458"," 4"," 2658745","","1.2992","A"
"4","Trait5","pKWmEB","PstI.TP242436"," 4"," 2670410","","0.2714","A"
"4","Trait5","pKWmEB","PstI.TP771597"," 4"," 2670433","","1.0441","A"
"4","Trait5","pKWmEB","NsiI.TP187166"," 4"," 2675078","","0.5416","A"
"4","Trait5","pKWmEB","NsiI.TP187140"," 4"," 2675121","","0.0736","C"
"4","Trait5","pKWmEB","NsiI.TP415166"," 4"," 2743039","","0.1527","G"
"4","Trait5","pKWmEB","PstI.TP156810"," 4"," 2774722","","1.4995","A"
"4","Trait5","pKWmEB","GFSSContig16982_1242"," 4"," 2786738","","0.2048","A"
"4","Trait5","pKWmEB","GFSSContig15731_814"," 4"," 2794172","","1.9154","A"
"4","Trait5","pKWmEB","GFSSContig15731_680"," 4"," 2794306","","0.1877","C"
"4","Trait5","pKWmEB","PstI.TP727705"," 4"," 2828636","","0.4124","C"
"4","Trait5","pKWmEB","PstI.TP599396"," 4"," 2836730","","0.0649","C"
"4","Trait5","pKWmEB","PstI.TP347648"," 4"," 2836741","","0.2233","A"
"4","Trait5","pKWmEB","PstI.TP19970"," 4"," 2839309","","0.0040","A"
"4","Trait5","pKWmEB","NsiI.TP314432"," 4"," 2842632","","0.0572","A"
"4","Trait5","pKWmEB","PstI.TP812906"," 4"," 2889246","","0.0903","A"
"4","Trait5","pKWmEB","PstI.TP923980"," 4"," 2893769","","0.0575","A"
"4","Trait5","pKWmEB","PstI.TP899837"," 4"," 2894449","","0.0195","G"
"4","Trait5","pKWmEB","PstI.TP326882"," 4"," 2901954","","2.1916","C"
"4","Trait5","pKWmEB","NsiI.TP630102"," 4"," 2902616","","0.3986","A"
"4","Trait5","pKWmEB","NsiI.TP42758"," 4"," 2918479","","0.0517","G"
"4","Trait5","pKWmEB","PstI.TP997878"," 4"," 2944707","","0.1945","A"
"4","Trait5","pKWmEB","NsiI.TP161169"," 4"," 2955612","","0.4399","A"
"4","Trait5","pKWmEB","PstI.TP453168"," 4"," 2961097","","1.0798","C"
"4","Trait5","pKWmEB","PstI.TP1149784"," 4"," 2961156","","0.3539","C"
"4","Trait5","pKWmEB","PstI.TP270489"," 4"," 3028995","","0.3938","A"
"4","Trait5","pKWmEB","PstI.TP687323"," 4"," 3040159","","0.1975","A"
"4","Trait5","pKWmEB","PstI.TP58487"," 4"," 3094074","","0.6828","A"
"4","Trait5","pKWmEB","PstI.TP385361"," 4"," 3192655","","0.4231","A"
"4","Trait5","pKWmEB","PstI.TP132222"," 4"," 3227883","","0.0389","A"
"4","Trait5","pKWmEB","PstI.TP539951"," 4"," 3227883","","0.9423","C"
"4","Trait5","pKWmEB","PstI.TP34983"," 4"," 3227919","","0.8590","C"
"4","Trait5","pKWmEB","GFSSContig19333_2734"," 4"," 3228803","","0.7497","C"
"4","Trait5","pKWmEB","NsiI.TP753313"," 4"," 3235012","","0.0037","C"
"4","Trait5","pKWmEB","PstI.TP993480"," 4"," 3235053","","0.1124","C"
"4","Trait5","pKWmEB","PstI.TP76409"," 4"," 3286176","","0.3865","A"
"4","Trait5","pKWmEB","PstI.TP911826"," 4"," 3293902","","0.0053","A"
"4","Trait5","pKWmEB","PstI.TP960878"," 4"," 3301312","","0.5810","A"
"4","Trait5","pKWmEB","PstI.TP1272556"," 4"," 3340800","","0.4405","G"
"4","Trait5","pKWmEB","PstI.TP11835"," 4"," 3358955","","0.4046","A"
"4","Trait5","pKWmEB","NsiI.TP234225"," 4"," 3371419","","0.1601","C"
"4","Trait5","pKWmEB","PstI.TP18693"," 4"," 3373673","","0.1334","A"
"4","Trait5","pKWmEB","PstI.TP39944"," 4"," 3373898","","1.1985","A"
"4","Trait5","pKWmEB","NsiI.TP753431"," 4"," 3374106","","1.1576","C"
"4","Trait5","pKWmEB","PstI.TP1151448"," 4"," 3402389","","0.0759","A"
"4","Trait5","pKWmEB","NsiI.TP31471"," 4"," 3409345","","0.9714","C"
"4","Trait5","pKWmEB","NsiI.TP473998"," 4"," 3432503","","0.4589","A"
"4","Trait5","pKWmEB","NsiI.TP355261"," 4"," 3433941","","0.0972","C"
"4","Trait5","pKWmEB","NsiI.TP355255"," 4"," 3433952","","0.3058","A"
"4","Trait5","pKWmEB","PstI.TP137486"," 4"," 3458570","","1.7378","C"
"4","Trait5","pKWmEB","PstI.TP18130"," 4"," 3460810","","0.3096","A"
"4","Trait5","pKWmEB","PstI.TP358578"," 4"," 3464049","","0.4497","C"
"4","Trait5","pKWmEB","PstI.TP77606"," 4"," 3464848","","1.2677","A"
"4","Trait5","pKWmEB","GFSSContig20076_2471"," 4"," 3467004","","0.1322","T"
"4","Trait5","pKWmEB","PstI.TP801303"," 4"," 3494190","","0.0534","A"
"4","Trait5","pKWmEB","PstI.TP532669"," 4"," 3498516","","0.1774","A"
"4","Trait5","pKWmEB","PstI.TP79716"," 4"," 3504452","","0.5308","G"
"4","Trait5","pKWmEB","NsiI.TP757902"," 4"," 3504983","","0.2698","A"
"4","Trait5","pKWmEB","PstI.TP777320"," 4"," 3534524","","0.8601","A"
"4","Trait5","pKWmEB","PstI.TP1059365"," 4"," 3535002","","0.2438","A"
"4","Trait5","pKWmEB","PstI.TP314411"," 4"," 3574691","","0.4730","A"
"4","Trait5","pKWmEB","NsiI.TP503606"," 4"," 3579673","","0.7706","C"
"4","Trait5","pKWmEB","NsiI.TP385100"," 4"," 3586471","","0.6739","A"
"4","Trait5","pKWmEB","PstI.TP219671"," 4"," 3615787","","1.6509","A"
"4","Trait5","pKWmEB","PstI.TP219998"," 4"," 3615834","","0.4934","A"
"4","Trait5","pKWmEB","NsiI.TP414700"," 4"," 3616213","","0.4813","A"
"4","Trait5","pKWmEB","NsiI.TP414699"," 4"," 3616221","","2.1090","A"
"4","Trait5","pKWmEB","PstI.TP311401"," 4"," 3634353","","0.1412","A"
"4","Trait5","pKWmEB","PstI.TP831615"," 4"," 3669760","","0.1097","C"
"4","Trait5","pKWmEB","PstI.TP79215"," 4"," 3678101","","0.3711","C"
"4","Trait5","pKWmEB","PstI.TP1131447"," 4"," 3684040","","0.0053","A"
"4","Trait5","pKWmEB","PstI.TP1083403"," 4"," 3687293","","0.0725","A"
"4","Trait5","pKWmEB","PstI.TP25653"," 4"," 3716470","","1.2093","A"
"4","Trait5","pKWmEB","GFSSContig14712_247"," 4"," 3728550","","0.7108","A"
"4","Trait5","pKWmEB","PstI.TP318895"," 4"," 3757902","","0.5834","C"
"4","Trait5","pKWmEB","PstI.TP682412"," 4"," 3761104","","1.2620","A"
"4","Trait5","pKWmEB","PstI.TP757321"," 4"," 3761248","","0.1878","A"
"4","Trait5","pKWmEB","PstI.TP1020861"," 4"," 3763358","","0.2112","A"
"4","Trait5","pKWmEB","PstI.TP1160968"," 4"," 3780549","","0.1637","A"
"4","Trait5","pKWmEB","NsiI.TP814129"," 4"," 3780711","","0.3828","G"
"4","Trait5","pKWmEB","NsiI.TP827086"," 4"," 3796469","","0.2500","C"
"4","Trait5","pKWmEB","NsiI.TP308739"," 4"," 3797554","","0.4134","A"
"4","Trait5","pKWmEB","NsiI.TP311867"," 4"," 3839971","","0.1356","A"
"4","Trait5","pKWmEB","NsiI.TP835756"," 4"," 3851644","","0.2949","A"
"4","Trait5","pKWmEB","PstI.TP581457"," 4"," 3856550","","0.3584","G"
"4","Trait5","pKWmEB","PstI.TP963117"," 4"," 3856619","","0.0043","A"
"4","Trait5","pKWmEB","PstI.TP1033696"," 4"," 3858549","","1.2509","A"
"4","Trait5","pKWmEB","PstI.TP840657"," 4"," 3859798","","1.2989","A"
"4","Trait5","pKWmEB","NsiI.TP360544"," 4"," 3865251","","0.2650","A"
"4","Trait5","pKWmEB","NsiI.TP704265"," 4"," 3869168","","0.1057","A"
"4","Trait5","pKWmEB","PstI.TP897080"," 4"," 3870643","","0.2384","A"
"4","Trait5","pKWmEB","PstI.TP133948"," 4"," 3870704","","1.1338","A"
"4","Trait5","pKWmEB","PstI.TP535302"," 4"," 3877724","","0.1698","C"
"4","Trait5","pKWmEB","NsiI.TP470493"," 4"," 3950522","","1.0680","C"
"4","Trait5","pKWmEB","NsiI.TP333357"," 4"," 3951479","","0.0350","A"
"4","Trait5","pKWmEB","PstI.TP154644"," 4"," 3958832","","0.1112","A"
"4","Trait5","pKWmEB","NsiI.TP465543"," 4"," 3980092","","0.3406","A"
"4","Trait5","pKWmEB","PstI.TP437411"," 4"," 3981971","","0.6207","C"
"4","Trait5","pKWmEB","NsiI.TP250912"," 4"," 3998887","","0.0078","C"
"4","Trait5","pKWmEB","NsiI.TP32701"," 4"," 3999466","","0.9689","C"
"4","Trait5","pKWmEB","PstI.TP699178"," 4"," 4004689","","0.4491","A"
"4","Trait5","pKWmEB","PstI.TP322575"," 4"," 4009543","","0.0076","A"
"4","Trait5","pKWmEB","PstI.TP1142192"," 4"," 4021373","","0.1053","C"
"4","Trait5","pKWmEB","NsiI.TP577006"," 4"," 4026576","","0.6371","A"
"4","Trait5","pKWmEB","PstI.TP223312"," 4"," 4035768","","0.0954","C"
"4","Trait5","pKWmEB","NsiI.TP56457"," 4"," 4041209","","0.0772","A"
"4","Trait5","pKWmEB","NsiI.TP561148"," 4"," 4054896","","0.1192","A"
"4","Trait5","pKWmEB","NsiI.TP55441"," 4"," 4075447","","1.4912","C"
"4","Trait5","pKWmEB","PstI.TP129326"," 4"," 4098608","","2.0133","C"
"4","Trait5","pKWmEB","PstI.TP795407"," 4"," 4101064","","2.0415","A"
"4","Trait5","pKWmEB","PstI.TP653805"," 4"," 4153738","","0.8693","A"
"4","Trait5","pKWmEB","NsiI.TP726995"," 4"," 4161844","","0.0915","C"
"4","Trait5","pKWmEB","PstI.TP226605"," 4"," 4198409","","0.3037","A"
"4","Trait5","pKWmEB","PstI.TP57846"," 4"," 4201581","","1.9174","C"
"4","Trait5","pKWmEB","PstI.TP479309"," 4"," 4213046","","0.2210","C"
"4","Trait5","pKWmEB","NsiI.TP501674"," 4"," 4215268","","0.4320","G"
"4","Trait5","pKWmEB","PstI.TP947758"," 4"," 4216183","","0.2785","G"
"4","Trait5","pKWmEB","NsiI.TP717615"," 4"," 4230526","","1.8327","A"
"4","Trait5","pKWmEB","PstI.TP1204447"," 4"," 4235135","","0.0549","C"
"4","Trait5","pKWmEB","NsiI.TP715482"," 4"," 4235638","","0.1454","G"
"4","Trait5","pKWmEB","NsiI.TP237994"," 4"," 4237089","","0.5289","A"
"4","Trait5","pKWmEB","NsiI.TP475316"," 4"," 4321977","","0.2617","C"
"4","Trait5","pKWmEB","PstI.TP417186"," 4"," 4327410","","0.9783","A"
"4","Trait5","pKWmEB","NsiI.TP504221"," 4"," 4339312","","0.1698","G"
"4","Trait5","pKWmEB","PstI.TP570804"," 4"," 4364673","","0.2110","C"
"4","Trait5","pKWmEB","PstI.TP297382"," 4"," 4364885","","0.6805","C"
"4","Trait5","pKWmEB","NsiI.TP276562"," 4"," 4364939","","0.0162","C"
"4","Trait5","pKWmEB","PstI.TP364323"," 4"," 4365011","","0.0153","C"
"4","Trait5","pKWmEB","NsiI.TP221887"," 4"," 4366444","","0.1777","A"
"4","Trait5","pKWmEB","NsiI.TP345318"," 4"," 4395027","","0.3216","A"
"4","Trait5","pKWmEB","NsiI.TP189010"," 4"," 4413580","","1.6880","C"
"4","Trait5","pKWmEB","NsiI.TP493269"," 4"," 4423181","","0.1589","A"
"4","Trait5","pKWmEB","PstI.TP156065"," 4"," 4423262","","0.0091","G"
"4","Trait5","pKWmEB","PstI.TP778311"," 4"," 4451472","","0.1723","C"
"4","Trait5","pKWmEB","PstI.TP31684"," 4"," 4484293","","0.5950","A"
"4","Trait5","pKWmEB","PstI.TP1146365"," 4"," 4495695","","0.3497","A"
"4","Trait5","pKWmEB","NsiI.TP175677"," 4"," 4506541","","0.1890","A"
"4","Trait5","pKWmEB","NsiI.TP410766"," 4"," 4507132","","0.0228","C"
"4","Trait5","pKWmEB","NsiI.TP146761"," 4"," 4509992","","1.8388","C"
"4","Trait5","pKWmEB","PstI.TP248797"," 4"," 4510425","","0.6271","C"
"4","Trait5","pKWmEB","NsiI.TP663602"," 4"," 4513363","","0.3357","C"
"4","Trait5","pKWmEB","NsiI.TP333580"," 4"," 4514060","","0.4431","A"
"4","Trait5","pKWmEB","PstI.TP339832"," 4"," 4521807","","0.7599","A"
"4","Trait5","pKWmEB","PstI.TP688010"," 4"," 4574449","","0.1019","C"
"4","Trait5","pKWmEB","NsiI.TP421051"," 4"," 4576830","","0.4536","A"
"4","Trait5","pKWmEB","PstI.TP246674"," 4"," 4598220","","1.0838","C"
"4","Trait5","pKWmEB","NsiI.TP675518"," 4"," 4604486","","1.0064","A"
"4","Trait5","pKWmEB","NsiI.TP437991"," 4"," 4610453","","0.1547","C"
"4","Trait5","pKWmEB","PstI.TP913145"," 4"," 4637956","","0.6104","A"
"4","Trait5","pKWmEB","PstI.TP78031"," 4"," 4644130","","1.2588","C"
"4","Trait5","pKWmEB","PstI.TP596020"," 4"," 4676035","","0.1637","C"
"4","Trait5","pKWmEB","PstI.TP390783"," 4"," 4679102","","0.4071","C"
"4","Trait5","pKWmEB","NsiI.TP797595"," 4"," 4693672","","0.4926","G"
"4","Trait5","pKWmEB","PstI.TP652183"," 4"," 4695059","","0.1134","A"
"4","Trait5","pKWmEB","NsiI.TP363879"," 4"," 4702929","","0.5126","A"
"4","Trait5","pKWmEB","PstI.TP636059"," 4"," 4704009","","0.1315","C"
"4","Trait5","pKWmEB","PstI.TP140856"," 4"," 4704020","","0.1356","A"
"4","Trait5","pKWmEB","PstI.TP335787"," 4"," 4738410","","0.2597","A"
"4","Trait5","pKWmEB","PstI.TP871097"," 4"," 4753682","","1.1807","C"
"4","Trait5","pKWmEB","NsiI.TP289776"," 4"," 4806117","","0.3320","G"
"4","Trait5","pKWmEB","PstI.TP941508"," 4"," 4806466","","1.4738","C"
"4","Trait5","pKWmEB","PstI.TP293926"," 4"," 4835466","","0.2317","A"
"4","Trait5","pKWmEB","NsiI.TP49915"," 4"," 4877425","","3.1103","A"
"4","Trait5","pKWmEB","PstI.TP1148728"," 4"," 4899557","","0.6681","C"
"4","Trait5","pKWmEB","NsiI.TP183869"," 4"," 4904863","","0.0098","C"
"4","Trait5","pKWmEB","PstI.TP736193"," 4"," 4905282","","0.0606","A"
"4","Trait5","pKWmEB","PstI.TP1040489"," 4"," 4932783","","0.2279","A"
"4","Trait5","pKWmEB","PstI.TP692956"," 4"," 4934545","","0.8443","A"
"4","Trait5","pKWmEB","NsiI.TP363641"," 4"," 4961259","","0.6558","A"
"4","Trait5","pKWmEB","PstI.TP392200"," 4"," 4963210","","0.1620","A"
"4","Trait5","pKWmEB","PstI.TP1277764"," 4"," 5002492","","1.0642","A"
"4","Trait5","pKWmEB","PstI.TP743134"," 4"," 5007166","","0.3521","A"
"4","Trait5","pKWmEB","NsiI.TP465470"," 4"," 5007205","","0.2819","C"
"4","Trait5","pKWmEB","PstI.TP913522"," 4"," 5007225","","0.0989","C"
"4","Trait5","pKWmEB","NsiI.TP154371"," 4"," 5011408","","1.0909","G"
"4","Trait5","pKWmEB","NsiI.TP329204"," 4"," 5014755","","0.0012","A"
"4","Trait5","pKWmEB","NsiI.TP761374"," 4"," 5016621","","1.1637","A"
"4","Trait5","pKWmEB","NsiI.TP533738"," 4"," 5022934","","0.1417","A"
"4","Trait5","pKWmEB","PstI.TP332919"," 4"," 5031605","","0.3128","G"
"4","Trait5","pKWmEB","PstI.TP641042"," 4"," 5044546","","0.0982","A"
"4","Trait5","pKWmEB","PstI.TP573508"," 4"," 5044971","","0.0323","C"
"4","Trait5","pKWmEB","NsiI.TP771441"," 4"," 5082432","","0.2600","C"
"4","Trait5","pKWmEB","PstI.TP742556"," 4"," 5083145","","2.8883","C"
"4","Trait5","pKWmEB","NsiI.TP345302"," 4"," 5096541","","0.4784","A"
"4","Trait5","pKWmEB","PstI.TP888847"," 4"," 5102874","","0.1307","A"
"4","Trait5","pKWmEB","NsiI.TP133333"," 4"," 5108256","","0.8348","A"
"4","Trait5","pKWmEB","PstI.TP1093857"," 4"," 5108666","","0.0790","A"
"4","Trait5","pKWmEB","PstI.TP993154"," 4"," 5112823","","0.1462","C"
"4","Trait5","pKWmEB","PstI.TP595680"," 4"," 5121773","","0.0085","A"
"4","Trait5","pKWmEB","PstI.TP504809"," 4"," 5155593","","0.5774","G"
"4","Trait5","pKWmEB","PstI.TP506830"," 4"," 5166890","","0.4085","G"
"4","Trait5","pKWmEB","NsiI.TP27599"," 4"," 5167845","","0.3487","A"
"4","Trait5","pKWmEB","PstI.TP776140"," 4"," 5169040","","0.0141","A"
"4","Trait5","pKWmEB","PstI.TP1072365"," 4"," 5178713","","1.4386","C"
"4","Trait5","pKWmEB","PstI.TP942081"," 4"," 5194632","","0.8552","C"
"4","Trait5","pKWmEB","PstI.TP237468"," 4"," 5204815","","0.1150","G"
"4","Trait5","pKWmEB","NsiI.TP664450"," 4"," 5206028","","0.1617","A"
"4","Trait5","pKWmEB","PstI.TP677757"," 4"," 5206037","","0.1798","C"
"4","Trait5","pKWmEB","PstI.TP1082013"," 4"," 5219400","","1.7206","C"
"4","Trait5","pKWmEB","NsiI.TP407798"," 4"," 5228531","","0.1526","A"
"4","Trait5","pKWmEB","PstI.TP72666"," 4"," 5260522","","0.9225","C"
"4","Trait5","pKWmEB","PstI.TP761159"," 4"," 5265528","","0.5190","A"
"4","Trait5","pKWmEB","PstI.TP1062105"," 4"," 5286510","","1.6064","A"
"4","Trait5","pKWmEB","NsiI.TP349126"," 4"," 5290870","","0.2925","C"
"4","Trait5","pKWmEB","PstI.TP1215015"," 4"," 5297310","","0.0149","A"
"4","Trait5","pKWmEB","PstI.TP1152170"," 4"," 5308498","","0.0502","A"
"4","Trait5","pKWmEB","NsiI.TP237564"," 4"," 5346242","","0.0240","C"
"4","Trait5","pKWmEB","NsiI.TP196718"," 4"," 5356993","","0.8207","C"
"4","Trait5","pKWmEB","NsiI.TP611500"," 4"," 5359861","","0.1100","A"
"4","Trait5","pKWmEB","NsiI.TP317055"," 4"," 5415114","","0.2097","A"
"4","Trait5","pKWmEB","PstI.TP110355"," 4"," 5419560","","0.2988","G"
"4","Trait5","pKWmEB","PstI.TP976834"," 4"," 5425135","","0.0913","C"
"4","Trait5","pKWmEB","PstI.TP973471"," 4"," 5426016","","1.3020","C"
"4","Trait5","pKWmEB","NsiI.TP782812"," 4"," 5441032","","0.0762","C"
"4","Trait5","pKWmEB","PstI.TP703574"," 4"," 5441522","","0.3223","A"
"4","Trait5","pKWmEB","PstI.TP1163770"," 4"," 5468905","","0.2490","C"
"4","Trait5","pKWmEB","NsiI.TP268111"," 4"," 5478148","","1.0890","A"
"4","Trait5","pKWmEB","NsiI.TP624358"," 4"," 5496874","","0.2298","C"
"4","Trait5","pKWmEB","NsiI.TP497578"," 4"," 5504529","","1.0861","C"
"4","Trait5","pKWmEB","PstI.TP167013"," 4"," 5509627","","0.3539","A"
"4","Trait5","pKWmEB","PstI.TP618634"," 4"," 5510030","","0.1400","C"
"4","Trait5","pKWmEB","PstI.TP1149268"," 4"," 5513690","","0.1902","A"
"4","Trait5","pKWmEB","NsiI.TP523128"," 4"," 5528813","","0.1071","C"
"4","Trait5","pKWmEB","NsiI.TP701921"," 4"," 5537452","","2.4494","C"
"4","Trait5","pKWmEB","PstI.TP1210079"," 4"," 5549399","","0.2707","A"
"4","Trait5","pKWmEB","PstI.TP1210085"," 4"," 5549411","","4.0956","C"
"4","Trait5","pKWmEB","NsiI.TP406028"," 4"," 5561041","","0.6448","C"
"4","Trait5","pKWmEB","PstI.TP70014"," 4"," 5572416","","0.7171","C"
"4","Trait5","pKWmEB","GFSSContig15080_288"," 4"," 5578470","","0.0492","A"
"4","Trait5","pKWmEB","NsiI.TP269239"," 4"," 5603488","","0.0392","G"
"4","Trait5","pKWmEB","NsiI.TP548714"," 4"," 5711468","","0.0876","A"
"4","Trait5","pKWmEB","PstI.TP981814"," 4"," 5731357","","1.7635","G"
"4","Trait5","pKWmEB","PstI.TP866942"," 4"," 5761973","","0.1257","C"
"4","Trait5","pKWmEB","PstI.TP707693"," 4"," 5818754","","0.4585","A"
"4","Trait5","pKWmEB","PstI.TP934996"," 4"," 5828380","","0.0734","A"
"4","Trait5","pKWmEB","PstI.TP751851"," 4"," 5829145","","0.3924","A"
"4","Trait5","pKWmEB","PstI.TP818107"," 4"," 5840211","","0.8293","A"
"4","Trait5","pKWmEB","PstI.TP156419"," 4"," 5873463","","0.5959","A"
"4","Trait5","pKWmEB","PstI.TP416502"," 4"," 5879613","","0.7842","C"
"4","Trait5","pKWmEB","PstI.TP740426"," 4"," 5881765","","0.7482","A"
"4","Trait5","pKWmEB","PstI.TP133468"," 4"," 5883959","","0.2281","C"
"4","Trait5","pKWmEB","GFSSContig20589_1320"," 4"," 5924218","","0.8098","T"
"4","Trait5","pKWmEB","NsiI.TP235617"," 4"," 5928214","","0.1524","A"
"4","Trait5","pKWmEB","PstI.TP543247"," 4"," 5947998","","0.2720","C"
"4","Trait5","pKWmEB","NsiI.TP153287"," 4"," 5948448","","0.7749","C"
"4","Trait5","pKWmEB","NsiI.TP83459"," 4"," 5948863","","0.5644","C"
"4","Trait5","pKWmEB","NsiI.TP55213"," 4"," 5964307","","0.3249","C"
"4","Trait5","pKWmEB","NsiI.TP472754"," 4"," 5966031","","0.2778","A"
"4","Trait5","pKWmEB","NsiI.TP355398"," 4"," 5978801","","0.0301","G"
"4","Trait5","pKWmEB","NsiI.TP762801"," 4"," 5993134","","0.5563","C"
"4","Trait5","pKWmEB","NsiI.TP513270"," 4"," 6005209","","0.1195","A"
"4","Trait5","pKWmEB","PstI.TP1124519"," 4"," 6022906","","0.2417","C"
"4","Trait5","pKWmEB","PstI.TP828372"," 4"," 6034380","","0.2113","C"
"4","Trait5","pKWmEB","NsiI.TP592247"," 4"," 6079213","","0.6230","A"
"4","Trait5","pKWmEB","PstI.TP1074057"," 4"," 6087533","","0.4080","C"
"4","Trait5","pKWmEB","NsiI.TP358286"," 4"," 6118094","","0.0212","A"
"4","Trait5","pKWmEB","NsiI.TP815368"," 4"," 6125138","","0.4855","A"
"4","Trait5","pKWmEB","PstI.TP1079356"," 4"," 6128789","","0.1414","C"
"4","Trait5","pKWmEB","PstI.TP308806"," 4"," 6140413","","0.2996","C"
"4","Trait5","pKWmEB","NsiI.TP160480"," 4"," 6157813","","0.0252","A"
"4","Trait5","pKWmEB","NsiI.TP260139"," 4"," 6192733","","0.0130","C"
"4","Trait5","pKWmEB","PstI.TP621865"," 4"," 6195722","","0.5488","C"
"4","Trait5","pKWmEB","NsiI.TP664612"," 4"," 6238305","","0.0994","C"
"4","Trait5","pKWmEB","NsiI.TP617572"," 4"," 6326142","","0.4431","G"
"4","Trait5","pKWmEB","NsiI.TP206517"," 4"," 6364737","","0.2335","A"
"4","Trait5","pKWmEB","PstI.TP728315"," 4"," 6366039","","0.1797","A"
"4","Trait5","pKWmEB","PstI.TP995875"," 4"," 6370917","","0.1442","C"
"4","Trait5","pKWmEB","PstI.TP248632"," 4"," 6371322","","0.4074","A"
"4","Trait5","pKWmEB","PstI.TP1182815"," 4"," 6372875","","1.5625","A"
"4","Trait5","pKWmEB","PstI.TP1182813"," 4"," 6372876","","0.3288","C"
"4","Trait5","pKWmEB","PstI.TP480760"," 4"," 6374848","","0.0545","A"
"4","Trait5","pKWmEB","PstI.TP300986"," 4"," 6397397","","0.5573","A"
"4","Trait5","pKWmEB","PstI.TP724332"," 4"," 6400749","","0.2613","C"
"4","Trait5","pKWmEB","PstI.TP1104632"," 4"," 6400816","","0.1221","A"
"4","Trait5","pKWmEB","PstI.TP53141"," 4"," 6406176","","0.4337","C"
"4","Trait5","pKWmEB","PstI.TP841688"," 4"," 6408410","","0.2531","A"
"4","Trait5","pKWmEB","PstI.TP173141"," 4"," 6415166","","0.0353","A"
"4","Trait5","pKWmEB","PstI.TP414736"," 4"," 6415216","","0.0788","A"
"4","Trait5","pKWmEB","PstI.TP10713"," 4"," 6438194","","0.7723","C"
"4","Trait5","pKWmEB","NsiI.TP313635"," 4"," 6444390","","0.1154","C"
"4","Trait5","pKWmEB","NsiI.TP71977"," 4"," 6453611","","1.4836","A"
"4","Trait5","pKWmEB","PstI.TP1001032"," 4"," 6463834","","0.8006","C"
"4","Trait5","pKWmEB","NsiI.TP540558"," 4"," 6464719","","0.1443","A"
"4","Trait5","pKWmEB","PstI.TP1166205"," 4"," 6470898","","0.1563","A"
"4","Trait5","pKWmEB","PstI.TP1119493"," 4"," 6481328","","0.4349","A"
"4","Trait5","pKWmEB","NsiI.TP752912"," 4"," 6500341","","1.0523","A"
"4","Trait5","pKWmEB","NsiI.TP407119"," 4"," 6500382","","0.3656","C"
"4","Trait5","pKWmEB","NsiI.TP34695"," 4"," 6508508","","0.7777","A"
"4","Trait5","pKWmEB","PstI.TP466586"," 4"," 6549959","","0.0452","A"
"4","Trait5","pKWmEB","NsiI.TP550180"," 4"," 6574579","","1.4901","C"
"4","Trait5","pKWmEB","NsiI.TP242906"," 4"," 6575020","","0.6239","A"
"4","Trait5","pKWmEB","NsiI.TP466532"," 4"," 6576780","","0.4660","C"
"4","Trait5","pKWmEB","NsiI.TP36864"," 4"," 6582638","","0.2814","C"
"4","Trait5","pKWmEB","NsiI.TP534247"," 4"," 6601698","","0.1695","A"
"4","Trait5","pKWmEB","PstI.TP1283613"," 4"," 6636109","","0.0491","C"
"4","Trait5","pKWmEB","PstI.TP1194018"," 4"," 6641201","","0.0278","A"
"4","Trait5","pKWmEB","PstI.TP443103"," 4"," 6659195","","0.1327","A"
"4","Trait5","pKWmEB","PstI.TP1108681"," 4"," 6664032","","1.0707","C"
"4","Trait5","pKWmEB","PstI.TP846678"," 4"," 6665204","","0.2803","A"
"4","Trait5","pKWmEB","NsiI.TP438283"," 4"," 6666391","","0.9867","A"
"4","Trait5","pKWmEB","PstI.TP1180566"," 4"," 6703480","","0.1922","A"
"4","Trait5","pKWmEB","NsiI.TP177429"," 4"," 6727944","","0.3446","G"
"4","Trait5","pKWmEB","PstI.TP739865"," 4"," 6799738","","0.3924","C"
"4","Trait5","pKWmEB","NsiI.TP451101"," 4"," 6840216","","0.2286","A"
"4","Trait5","pKWmEB","NsiI.TP109422"," 4"," 6859402","","0.1798","C"
"4","Trait5","pKWmEB","PstI.TP876839"," 4"," 6887064","","0.5642","C"
"4","Trait5","pKWmEB","NsiI.TP765606"," 4"," 6898244","","0.1280","A"
"4","Trait5","pKWmEB","PstI.TP171713"," 4"," 6902976","","0.3876","A"
"4","Trait5","pKWmEB","PstI.TP318112"," 4"," 6903074","","0.6135","A"
"4","Trait5","pKWmEB","NsiI.TP34726"," 4"," 6940594","","0.2077","C"
"4","Trait5","pKWmEB","PstI.TP586654"," 4"," 6987623","","0.0120","A"
"4","Trait5","pKWmEB","PstI.TP89664"," 4"," 6990475","","0.3671","A"
"4","Trait5","pKWmEB","NsiI.TP620550"," 4"," 7018968","","0.3534","C"
"4","Trait5","pKWmEB","NsiI.TP744160"," 4"," 7019026","","0.4232","A"
"4","Trait5","pKWmEB","PstI.TP705826"," 4"," 7071172","","1.9481","C"
"4","Trait5","pKWmEB","PstI.TP168538"," 4"," 7112151","","0.2077","C"
"4","Trait5","pKWmEB","PstI.TP949089"," 4"," 7121992","","0.3117","A"
"4","Trait5","pKWmEB","PstI.TP949077"," 4"," 7122037","","0.2959","A"
"4","Trait5","pKWmEB","PstI.TP379728"," 4"," 7125702","","0.2958","A"
"4","Trait5","pKWmEB","PstI.TP262688"," 4"," 7128828","","0.0606","A"
"4","Trait5","pKWmEB","NsiI.TP195660"," 4"," 7129189","","0.0478","C"
"4","Trait5","pKWmEB","PstI.TP1196454"," 4"," 7130689","","0.7019","A"
"4","Trait5","pKWmEB","GFSSContig15044_1090"," 4"," 7164817","","0.6351","A"
"4","Trait5","pKWmEB","NsiI.TP48357"," 4"," 7166088","","0.1163","A"
"4","Trait5","pKWmEB","NsiI.TP424006"," 4"," 7186102","","0.2189","C"
"4","Trait5","pKWmEB","NsiI.TP590588"," 4"," 7187181","","0.0431","C"
"4","Trait5","pKWmEB","PstI.TP216958"," 4"," 7196463","","0.9059","C"
"4","Trait5","pKWmEB","NsiI.TP126939"," 4"," 7198403","","0.6490","G"
"4","Trait5","pKWmEB","NsiI.TP766407"," 4"," 7198620","","0.1559","C"
"4","Trait5","pKWmEB","PstI.TP163692"," 4"," 7198941","","0.3856","C"
"4","Trait5","pKWmEB","NsiI.TP65983"," 4"," 7204395","","0.5853","C"
"4","Trait5","pKWmEB","PstI.TP63386"," 4"," 7213974","","0.1043","A"
"4","Trait5","pKWmEB","PstI.TP352508"," 4"," 7219729","","0.3247","A"
"4","Trait5","pKWmEB","NsiI.TP602136"," 4"," 7246831","","1.0192","C"
"4","Trait5","pKWmEB","NsiI.TP699643"," 4"," 7280492","","0.7631","A"
"4","Trait5","pKWmEB","PstI.TP993038"," 4"," 7335919","","0.0240","A"
"4","Trait5","pKWmEB","PstI.TP625512"," 4"," 7338212","","0.6691","C"
"4","Trait5","pKWmEB","NsiI.TP810319"," 4"," 7410126","","0.0513","A"
"4","Trait5","pKWmEB","PstI.TP1230335"," 4"," 7437222","","0.8301","A"
"4","Trait5","pKWmEB","PstI.TP1184148"," 4"," 7441818","","1.3159","C"
"4","Trait5","pKWmEB","NsiI.TP346423"," 4"," 7445840","","0.0405","C"
"4","Trait5","pKWmEB","NsiI.TP127729"," 4"," 7462596","","0.0578","A"
"4","Trait5","pKWmEB","PstI.TP1286870"," 4"," 7464111","","0.7785","C"
"4","Trait5","pKWmEB","PstI.TP774504"," 4"," 7549373","","1.3193","C"
"4","Trait5","pKWmEB","PstI.TP778226"," 4"," 7580398","","0.0175","C"
"4","Trait5","pKWmEB","NsiI.TP246728"," 4"," 7580471","","0.2274","C"
"4","Trait5","pKWmEB","NsiI.TP775775"," 4"," 7624650","","0.2129","A"
"4","Trait5","pKWmEB","NsiI.TP276665"," 4"," 7631123","","0.7139","C"
"4","Trait5","pKWmEB","PstI.TP644898"," 4"," 7646282","","0.7495","C"
"4","Trait5","pKWmEB","NsiI.TP813788"," 4"," 7692768","","0.6185","A"
"4","Trait5","pKWmEB","NsiI.TP590308"," 4"," 7740268","","0.6310","A"
"4","Trait5","pKWmEB","PstI.TP1289936"," 4"," 7771909","","0.5171","G"
"4","Trait5","pKWmEB","PstI.TP1289934"," 4"," 7771912","","0.1144","A"
"4","Trait5","pKWmEB","NsiI.TP273129"," 4"," 7775164","","1.1014","A"
"4","Trait5","pKWmEB","PstI.TP1201120"," 4"," 7779628","","0.2499","A"
"4","Trait5","pKWmEB","PstI.TP71094"," 4"," 7781131","","0.1048","A"
"4","Trait5","pKWmEB","GFSSContig13121_533"," 4"," 7835251","","0.1951","A"
"4","Trait5","pKWmEB","PstI.TP324574"," 4"," 7865493","","0.0810","A"
"4","Trait5","pKWmEB","PstI.TP324616"," 4"," 7865494","","0.0321","C"
"4","Trait5","pKWmEB","NsiI.TP151909"," 4"," 7942828","","0.3713","C"
"4","Trait5","pKWmEB","NsiI.TP626772"," 4"," 7948509","","0.0239","C"
"4","Trait5","pKWmEB","PstI.TP285429"," 4"," 7961079","","0.0368","A"
"4","Trait5","pKWmEB","PstI.TP1164337"," 4"," 7965976","","0.5093","A"
"4","Trait5","pKWmEB","PstI.TP1164364"," 4"," 7965997","","0.5171","A"
"4","Trait5","pKWmEB","PstI.TP181058"," 4"," 7967268","","0.2649","A"
"4","Trait5","pKWmEB","PstI.TP1167685"," 4"," 7967341","","0.0337","C"
"4","Trait5","pKWmEB","PstI.TP868925"," 4"," 7967759","","0.3385","C"
"4","Trait5","pKWmEB","NsiI.TP504681"," 4"," 7975380","","0.1353","A"
"4","Trait5","pKWmEB","NsiI.TP552630"," 4"," 8029248","","0.5562","C"
"4","Trait5","pKWmEB","NsiI.TP551540"," 4"," 8029273","","0.3382","A"
"4","Trait5","pKWmEB","PstI.TP229107"," 4"," 8064474","","0.6834","C"
"4","Trait5","pKWmEB","NsiI.TP632099"," 4"," 8064916","","1.9519","A"
"4","Trait5","pKWmEB","PstI.TP1227618"," 4"," 8072394","","0.2868","C"
"4","Trait5","pKWmEB","PstI.TP901169"," 4"," 8078963","","0.4933","A"
"4","Trait5","pKWmEB","NsiI.TP452731"," 4"," 8178075","","0.2071","A"
"4","Trait5","pKWmEB","NsiI.TP379635"," 4"," 8185872","","0.6545","A"
"4","Trait5","pKWmEB","NsiI.TP379634"," 4"," 8185919","","0.7288","C"
"4","Trait5","pKWmEB","PstI.TP1185195"," 4"," 8186278","","0.5712","A"
"4","Trait5","pKWmEB","NsiI.TP307737"," 4"," 8225054","","0.0115","A"
"4","Trait5","pKWmEB","PstI.TP1137040"," 4"," 8230646","","0.1266","C"
"4","Trait5","pKWmEB","NsiI.TP254738"," 4"," 8251029","","0.5678","C"
"4","Trait5","pKWmEB","PstI.TP865707"," 4"," 8265404","","0.2800","A"
"4","Trait5","pKWmEB","PstI.TP1148710"," 4"," 8271532","","0.3486","C"
"4","Trait5","pKWmEB","PstI.TP391349"," 4"," 8271997","","0.4398","C"
"4","Trait5","pKWmEB","PstI.TP403553"," 4"," 8282587","","0.3239","C"
"4","Trait5","pKWmEB","NsiI.TP690234"," 4"," 8289431","","2.1460","A"
"4","Trait5","pKWmEB","GFSSContig17278_2352"," 4"," 8294542","","0.2891","A"
"4","Trait5","pKWmEB","PstI.TP226371"," 4"," 8306488","","0.2580","A"
"4","Trait5","pKWmEB","PstI.TP1104527"," 4"," 8439326","","0.0472","A"
"4","Trait5","pKWmEB","PstI.TP65649"," 4"," 8460692","","0.2552","A"
"4","Trait5","pKWmEB","NsiI.TP239848"," 4"," 8514485","","1.7330","A"
"4","Trait5","pKWmEB","NsiI.TP618758"," 4"," 8518791","","0.8184","A"
"4","Trait5","pKWmEB","NsiI.TP25504"," 4"," 8530577","","0.2012","A"
"4","Trait5","pKWmEB","PstI.TP311861"," 4"," 8539842","","0.3859","C"
"4","Trait5","pKWmEB","PstI.TP624796"," 4"," 8543926","","0.1610","C"
"4","Trait5","pKWmEB","PstI.TP1127508"," 4"," 8586112","","0.8107","A"
"4","Trait5","pKWmEB","PstI.TP445258"," 4"," 8590503","","1.0587","A"
"4","Trait5","pKWmEB","PstI.TP1089453"," 4"," 8592955","","0.5181","A"
"4","Trait5","pKWmEB","PstI.TP835676"," 4"," 8640214","","0.9990","C"
"4","Trait5","pKWmEB","GFSSContig8400_100"," 4"," 8648906","","0.0659","A"
"4","Trait5","pKWmEB","PstI.TP700770"," 4"," 8669855","","1.3858","G"
"4","Trait5","pKWmEB","PstI.TP111622"," 4"," 8673504","","1.6084","C"
"4","Trait5","pKWmEB","PstI.TP882736"," 4"," 8674165","","0.0899","A"
"4","Trait5","pKWmEB","PstI.TP185167"," 4"," 8674666","","0.2033","A"
"4","Trait5","pKWmEB","PstI.TP168674"," 4"," 8676929","","0.0785","C"
"4","Trait5","pKWmEB","PstI.TP482536"," 4"," 8679868","","0.5190","A"
"4","Trait5","pKWmEB","PstI.TP1130618"," 4"," 8720351","","0.1729","A"
"4","Trait5","pKWmEB","NsiI.TP61562"," 4"," 8722331","","0.0026","A"
"4","Trait5","pKWmEB","PstI.TP31122"," 4"," 8772983","","0.7840","A"
"4","Trait5","pKWmEB","PstI.TP1172638"," 4"," 8815887","","0.0983","A"
"4","Trait5","pKWmEB","PstI.TP3877"," 4"," 8823434","","0.2007","A"
"4","Trait5","pKWmEB","GFSSContig20368_1202"," 4"," 8831180","","0.2997","C"
"4","Trait5","pKWmEB","GFSSContig20368_1365"," 4"," 8831343","","0.1453","T"
"4","Trait5","pKWmEB","PstI.TP1060800"," 4"," 8862892","","0.6303","A"
"4","Trait5","pKWmEB","NsiI.TP113486"," 4"," 8888772","","0.2113","A"
"4","Trait5","pKWmEB","NsiI.TP670199"," 4"," 8932265","","0.6000","C"
"4","Trait5","pKWmEB","PstI.TP1007974"," 4"," 8934721","","1.4678","A"
"4","Trait5","pKWmEB","NsiI.TP633951"," 4"," 8936437","","0.5040","A"
"4","Trait5","pKWmEB","PstI.TP784208"," 4"," 8959349","","0.2639","A"
"4","Trait5","pKWmEB","NsiI.TP385136"," 4"," 9122952","","0.3212","A"
"4","Trait5","pKWmEB","PstI.TP320430"," 4"," 9160176","","0.9750","C"
"4","Trait5","pKWmEB","PstI.TP408444"," 4"," 9160208","","1.2131","A"
"4","Trait5","pKWmEB","PstI.TP171628"," 4"," 9274753","","1.2250","C"
"4","Trait5","pKWmEB","PstI.TP454159"," 4"," 9277223","","0.1157","C"
"4","Trait5","pKWmEB","NsiI.TP148049"," 4"," 9277691","","0.4662","A"
"4","Trait5","pKWmEB","NsiI.TP474301"," 4"," 9312729","","0.3487","A"
"4","Trait5","pKWmEB","PstI.TP852731"," 4"," 9317191","","0.3221","C"
"4","Trait5","pKWmEB","NsiI.TP391547"," 4"," 9374567","","0.0193","A"
"4","Trait5","pKWmEB","PstI.TP1128259"," 4"," 9388344","","0.6672","A"
"4","Trait5","pKWmEB","PstI.TP682160"," 4"," 9425789","","0.0474","C"
"4","Trait5","pKWmEB","NsiI.TP731097"," 4"," 9434143","","0.1908","G"
"4","Trait5","pKWmEB","PstI.TP369888"," 4"," 9447472","","0.0739","C"
"4","Trait5","pKWmEB","NsiI.TP799952"," 4"," 9492712","","0.4535","G"
"4","Trait5","pKWmEB","NsiI.TP241487"," 4"," 9493588","","1.1465","A"
"4","Trait5","pKWmEB","PstI.TP482092"," 4"," 9565568","","0.0966","C"
"4","Trait5","pKWmEB","NsiI.TP310178"," 4"," 9568402","","0.2318","A"
"4","Trait5","pKWmEB","NsiI.TP615697"," 4"," 9585672","","0.0683","A"
"4","Trait5","pKWmEB","PstI.TP757431"," 4"," 9630255","","0.1183","C"
"4","Trait5","pKWmEB","PstI.TP1285647"," 4"," 9641335","","0.6775","A"
"4","Trait5","pKWmEB","PstI.TP813144"," 4"," 9651032","","0.4662","A"
"4","Trait5","pKWmEB","PstI.TP1180066"," 4"," 9693303","","0.9692","C"
"4","Trait5","pKWmEB","PstI.TP998275"," 4"," 9701801","","0.1622","G"
"4","Trait5","pKWmEB","PstI.TP295985"," 4"," 9739196","","0.2228","C"
"4","Trait5","pKWmEB","PstI.TP374327"," 4"," 9802521","","0.2774","A"
"4","Trait5","pKWmEB","NsiI.TP452697"," 4"," 9830298","","0.4480","C"
"4","Trait5","pKWmEB","NsiI.TP630645"," 4"," 9861795","","0.8500","G"
"4","Trait5","pKWmEB","NsiI.TP718499"," 4"," 9862101","","0.5521","C"
"4","Trait5","pKWmEB","NsiI.TP50062"," 4"," 9875887","","1.2907","A"
"4","Trait5","pKWmEB","NsiI.TP624146"," 4"," 9903498","","0.1782","A"
"4","Trait5","pKWmEB","PstI.TP1257840"," 4"," 9913802","","1.0054","C"
"4","Trait5","pKWmEB","PstI.TP1257834"," 4"," 9913833","","0.1508","A"
"4","Trait5","pKWmEB","NsiI.TP588890"," 4"," 9914641","","0.3057","C"
"4","Trait5","pKWmEB","PstI.TP387625"," 4"," 9914701","","0.3528","A"
"4","Trait5","pKWmEB","NsiI.TP423505"," 4"," 9914914","","0.1258","A"
"4","Trait5","pKWmEB","PstI.TP697156"," 4"," 9915378","","0.8879","C"
"4","Trait5","pKWmEB","NsiI.TP487745"," 4"," 9920334","","0.1454","A"
"4","Trait5","pKWmEB","PstI.TP1259253"," 4"," 9921203","","0.4707","A"
"4","Trait5","pKWmEB","NsiI.TP415883"," 4"," 9939446","","0.4899","A"
"4","Trait5","pKWmEB","PstI.TP61690"," 4"," 9949386","","0.3971","A"
"4","Trait5","pKWmEB","GFSSContig19193_773"," 4","10061255","","0.0465","A"
"4","Trait5","pKWmEB","PstI.TP1120613"," 4","10061427","","0.1113","C"
"4","Trait5","pKWmEB","NsiI.TP163805"," 4","10120148","","0.1168","C"
"4","Trait5","pKWmEB","PstI.TP1025308"," 4","10123474","","0.0835","C"
"4","Trait5","pKWmEB","NsiI.TP61238"," 4","10125832","","0.6346","A"
"4","Trait5","pKWmEB","PstI.TP346289"," 4","10178525","","0.0022","A"
"4","Trait5","pKWmEB","PstI.TP7735"," 4","10191482","","0.4779","C"
"4","Trait5","pKWmEB","PstI.TP1043816"," 4","10208138","","0.4342","G"
"4","Trait5","pKWmEB","PstI.TP706841"," 4","10213298","","0.0683","A"
"4","Trait5","pKWmEB","NsiI.TP703676"," 4","10234015","","1.3210","A"
"4","Trait5","pKWmEB","PstI.TP259360"," 4","10246962","","0.1797","A"
"4","Trait5","pKWmEB","NsiI.TP696486"," 4","10248885","","0.1886","A"
"4","Trait5","pKWmEB","PstI.TP1110331"," 4","10252693","","0.2419","A"
"4","Trait5","pKWmEB","PstI.TP738123"," 4","10269389","","0.3011","C"
"4","Trait5","pKWmEB","PstI.TP621042"," 4","10273186","","0.3935","C"
"4","Trait5","pKWmEB","PstI.TP691263"," 4","10278351","","0.0174","C"
"4","Trait5","pKWmEB","NsiI.TP580906"," 4","10305150","","0.8357","C"
"4","Trait5","pKWmEB","NsiI.TP633323"," 4","10331179","","0.8414","C"
"4","Trait5","pKWmEB","PstI.TP263612"," 4","10364819","","1.0153","A"
"4","Trait5","pKWmEB","NsiI.TP453309"," 4","10367633","","0.1192","C"
"4","Trait5","pKWmEB","NsiI.TP561726"," 4","10367714","","0.7590","C"
"4","Trait5","pKWmEB","NsiI.TP238554"," 4","10368613","","0.0093","C"
"4","Trait5","pKWmEB","PstI.TP128236"," 4","10368754","","0.0139","C"
"4","Trait5","pKWmEB","PstI.TP706576"," 4","10368828","","0.2722","A"
"4","Trait5","pKWmEB","NsiI.TP420667"," 4","10371653","","0.3717","C"
"4","Trait5","pKWmEB","PstI.TP345423"," 4","10479763","","1.5517","A"
"4","Trait5","pKWmEB","NsiI.TP457948"," 4","10479967","","0.9411","C"
"4","Trait5","pKWmEB","NsiI.TP240693"," 4","10495861","","0.6022","C"
"4","Trait5","pKWmEB","PstI.TP171745"," 4","10542305","","0.2664","C"
"4","Trait5","pKWmEB","NsiI.TP358798"," 4","10635613","","0.0606","G"
"4","Trait5","pKWmEB","PstI.TP146575"," 4","10635659","","0.1035","C"
"4","Trait5","pKWmEB","PstI.TP135739"," 4","10636104","","0.2167","C"
"4","Trait5","pKWmEB","PstI.TP449164"," 4","10636146","","0.4322","A"
"4","Trait5","pKWmEB","PstI.TP1293746"," 4","10710177","","0.0293","C"
"4","Trait5","pKWmEB","PstI.TP855651"," 4","10722059","","0.2082","A"
"4","Trait5","pKWmEB","PstI.TP189219"," 4","10805775","","0.1290","A"
"4","Trait5","pKWmEB","NsiI.TP488648"," 4","10810212","","0.5493","A"
"4","Trait5","pKWmEB","NsiI.TP519535"," 4","10839592","","0.7957","A"
"4","Trait5","pKWmEB","PstI.TP844534"," 4","10905321","","0.8500","A"
"4","Trait5","pKWmEB","PstI.TP158812"," 4","10951684","","0.0818","C"
"4","Trait5","pKWmEB","NsiI.TP795009"," 4","11005104","","0.2458","A"
"4","Trait5","pKWmEB","PstI.TP280290"," 4","11044267","","0.4480","C"
"4","Trait5","pKWmEB","NsiI.TP78058"," 4","11075063","","0.6583","A"
"4","Trait5","pKWmEB","NsiI.TP435168"," 4","11084171","","0.2657","A"
"4","Trait5","pKWmEB","NsiI.TP151814"," 4","11087805","","0.2295","C"
"4","Trait5","pKWmEB","PstI.TP105120"," 4","11122087","","0.8421","A"
"4","Trait5","pKWmEB","GFSSContig12613_658"," 4","11187274","","0.3887","A"
"4","Trait5","pKWmEB","PstI.TP1257615"," 4","11197584","","1.0118","A"
"4","Trait5","pKWmEB","PstI.TP552926"," 4","11236461","","1.0368","C"
"4","Trait5","pKWmEB","NsiI.TP592666"," 4","11294572","","1.1834","A"
"4","Trait5","pKWmEB","NsiI.TP325661"," 4","11406452","","0.5807","A"
"4","Trait5","pKWmEB","PstI.TP839848"," 4","11496748","","0.0260","C"
"4","Trait5","pKWmEB","PstI.TP839656"," 4","11496765","","0.2270","G"
"4","Trait5","pKWmEB","PstI.TP1251359"," 4","11514879","","0.6324","C"
"4","Trait5","pKWmEB","PstI.TP382139"," 4","11514958","","0.4803","C"
"4","Trait5","pKWmEB","PstI.TP1215962"," 4","11574895","","0.0738","G"
"4","Trait5","pKWmEB","PstI.TP815058"," 4","11586452","","0.1390","A"
"4","Trait5","pKWmEB","NsiI.TP494269"," 4","11587228","","0.5363","A"
"4","Trait5","pKWmEB","PstI.TP352020"," 4","11667140","","0.6046","C"
"4","Trait5","pKWmEB","NsiI.TP308600"," 4","11755266","","0.9300","A"
"4","Trait5","pKWmEB","PstI.TP979025"," 4","11818176","","0.1456","G"
"4","Trait5","pKWmEB","NsiI.TP782860"," 4","11860254","","1.0054","A"
"4","Trait5","pKWmEB","PstI.TP1036535"," 4","12005514","","0.0776","A"
"4","Trait5","pKWmEB","NsiI.TP501984"," 4","12012343","","0.5619","C"
"4","Trait5","pKWmEB","PstI.TP373489"," 4","12025790","","0.0659","A"
"4","Trait5","pKWmEB","PstI.TP760954"," 4","12028150","","0.1875","C"
"4","Trait5","pKWmEB","PstI.TP548545"," 4","12028244","","0.4159","C"
"4","Trait5","pKWmEB","NsiI.TP813500"," 4","12070767","","0.0493","C"
"4","Trait5","pKWmEB","NsiI.TP102705"," 4","12103867","","1.0700","C"
"4","Trait5","pKWmEB","NsiI.TP701740"," 4","12166406","","0.4704","A"
"4","Trait5","pKWmEB","NsiI.TP262304"," 4","12176511","","0.4003","C"
"4","Trait5","pKWmEB","NsiI.TP734475"," 4","12179795","","2.0212","C"
"4","Trait5","pKWmEB","NsiI.TP504595"," 4","12191381","","1.4939","G"
"4","Trait5","pKWmEB","GFSSContig2301_308"," 4","12207433","","0.2036","T"
"4","Trait5","pKWmEB","PstI.TP542480"," 4","12258849","","0.6344","A"
"4","Trait5","pKWmEB","NsiI.TP827851"," 4","12330408","","1.9902","G"
"4","Trait5","pKWmEB","PstI.TP1204465"," 4","12361335","","0.5584","C"
"4","Trait5","pKWmEB","PstI.TP1155622"," 4","12369378","","0.2079","G"
"4","Trait5","pKWmEB","PstI.TP1146985"," 4","12387246","","0.7535","C"
"4","Trait5","pKWmEB","NsiI.TP595695"," 4","12413777","","0.6050","C"
"4","Trait5","pKWmEB","NsiI.TP560976"," 4","12413786","","0.3392","C"
"4","Trait5","pKWmEB","PstI.TP854112"," 4","12454467","","0.6929","C"
"4","Trait5","pKWmEB","PstI.TP1075951"," 4","12476645","","1.2142","C"
"4","Trait5","pKWmEB","NsiI.TP199725"," 4","12480788","","0.0589","A"
"4","Trait5","pKWmEB","PstI.TP364032"," 4","12575906","","0.4210","C"
"4","Trait5","pKWmEB","NsiI.TP35466"," 4","12633998","","0.2183","C"
"4","Trait5","pKWmEB","PstI.TP306851"," 4","12639614","","0.2220","A"
"4","Trait5","pKWmEB","PstI.TP662108"," 4","12702463","","0.3587","A"
"4","Trait5","pKWmEB","PstI.TP1043803"," 4","12818841","","0.4104","A"
"4","Trait5","pKWmEB","PstI.TP106489"," 4","12822062","","0.6278","A"
"4","Trait5","pKWmEB","GFSSContig18299_1838"," 4","12995724","","0.1133","A"
"4","Trait5","pKWmEB","NsiI.TP533252"," 4","13323444","","0.8469","G"
"4","Trait5","pKWmEB","PstI.TP375423"," 4","13324419","","0.2680","C"
"4","Trait5","pKWmEB","NsiI.TP225219"," 4","13324426","","0.1267","C"
"4","Trait5","pKWmEB","PstI.TP94581"," 4","13330311","","0.7859","C"
"4","Trait5","pKWmEB","PstI.TP489918"," 4","13490772","","0.0462","C"
"4","Trait5","pKWmEB","NsiI.TP48579"," 4","13590250","","0.2513","C"
"4","Trait5","pKWmEB","PstI.TP163651"," 4","13684038","","0.7084","C"
"4","Trait5","pKWmEB","PstI.TP1160572"," 4","13700890","","0.7323","A"
"4","Trait5","pKWmEB","NsiI.TP151463"," 4","13768195","","0.1399","A"
"4","Trait5","pKWmEB","NsiI.TP701627"," 4","13835368","","0.4200","A"
"4","Trait5","pKWmEB","NsiI.TP265079"," 4","13841233","","0.3151","C"
"4","Trait5","pKWmEB","PstI.TP356199"," 4","13903738","","1.4758","A"
"4","Trait5","pKWmEB","NsiI.TP2816"," 4","13910479","","0.3285","A"
"4","Trait5","pKWmEB","PstI.TP751172"," 4","14003120","","0.0904","C"
"4","Trait5","pKWmEB","NsiI.TP345980"," 4","14132815","","0.1057","G"
"4","Trait5","pKWmEB","NsiI.TP701029"," 4","14147787","","0.2747","G"
"4","Trait5","pKWmEB","NsiI.TP823582"," 4","14166177","","0.1961","C"
"4","Trait5","pKWmEB","PstI.TP43515"," 4","14189966","","1.1863","A"
"4","Trait5","pKWmEB","NsiI.TP307116"," 4","14204562","","1.1947","C"
"4","Trait5","pKWmEB","PstI.TP257951"," 4","14228269","","0.8688","A"
"4","Trait5","pKWmEB","NsiI.TP575629"," 4","14235179","","1.3159","G"
"4","Trait5","pKWmEB","PstI.TP937938"," 4","14237548","","0.1527","C"
"4","Trait5","pKWmEB","PstI.TP438135"," 4","14593222","","0.2221","A"
"4","Trait5","pKWmEB","NsiI.TP468483"," 4","14594461","","0.0260","A"
"4","Trait5","pKWmEB","PstI.TP1022338"," 4","14596942","","0.2504","G"
"4","Trait5","pKWmEB","NsiI.TP219993"," 4","14690742","","0.5476","A"
"4","Trait5","pKWmEB","NsiI.TP509099"," 4","14692852","","1.4330","C"
"4","Trait5","pKWmEB","NsiI.TP458405"," 4","14905579","","0.2809","A"
"4","Trait5","pKWmEB","PstI.TP228807"," 4","14920308","","0.4108","C"
"4","Trait5","pKWmEB","PstI.TP267591"," 4","14921131","","0.0145","C"
"4","Trait5","pKWmEB","NsiI.TP641163"," 4","14924363","","0.0626","A"
"4","Trait5","pKWmEB","PstI.TP224340"," 4","14926882","","0.3863","C"
"4","Trait5","pKWmEB","PstI.TP978122"," 4","14930204","","0.0427","C"
"4","Trait5","pKWmEB","PstI.TP100146"," 4","15152517","","0.1194","A"
"4","Trait5","pKWmEB","PstI.TP110920"," 4","15319956","","0.8173","C"
"4","Trait5","pKWmEB","PstI.TP1194303"," 4","15320890","","0.1359","C"
"4","Trait5","pKWmEB","PstI.TP1045192"," 4","15594452","","0.0482","A"
"4","Trait5","pKWmEB","PstI.TP457434"," 4","15595824","","0.0474","C"
"4","Trait5","pKWmEB","PstI.TP128291"," 4","15659539","","0.0268","A"
"4","Trait5","pKWmEB","PstI.TP324007"," 4","15684128","","0.0328","C"
"4","Trait5","pKWmEB","PstI.TP324014"," 4","15684136","","0.0709","C"
"4","Trait5","pKWmEB","PstI.TP1062473"," 4","15709616","","0.2521","C"
"4","Trait5","pKWmEB","NsiI.TP801221"," 4","15709616","","0.1784","C"
"4","Trait5","pKWmEB","PstI.TP1062471"," 4","15709646","","0.0408","C"
"4","Trait5","pKWmEB","GFSSContig15381_363"," 4","15710002","","0.0548","T"
"4","Trait5","pKWmEB","PstI.TP1211962"," 4","15710410","","0.7391","A"
"4","Trait5","pKWmEB","PstI.TP490502"," 4","15891050","","0.2319","C"
"4","Trait5","pKWmEB","PstI.TP478429"," 4","15891301","","0.2180","C"
"4","Trait5","pKWmEB","PstI.TP23761"," 4","15893812","","0.2737","C"
"4","Trait5","pKWmEB","PstI.TP1087220"," 4","16035555","","0.5647","A"
"4","Trait5","pKWmEB","NsiI.TP468188"," 4","16051806","","0.4193","C"
"4","Trait5","pKWmEB","NsiI.TP461374"," 4","16055208","","0.1725","C"
"4","Trait5","pKWmEB","NsiI.TP573867"," 4","16208827","","0.7506","C"
"4","Trait5","pKWmEB","PstI.TP411059"," 4","16250998","","0.1179","A"
"4","Trait5","pKWmEB","PstI.TP191324"," 4","16297801","","0.0134","C"
"4","Trait5","pKWmEB","PstI.TP71331"," 4","16297873","","0.0549","G"
"4","Trait5","pKWmEB","GFSSContig19297_2392"," 4","16366431","","0.8668","T"
"4","Trait5","pKWmEB","PstI.TP97820"," 4","16367813","","0.3517","A"
"4","Trait5","pKWmEB","PstI.TP423828"," 4","16477754","","0.1473","C"
"4","Trait5","pKWmEB","PstI.TP603951"," 4","16499951","","0.5862","A"
"4","Trait5","pKWmEB","PstI.TP254648"," 4","16500015","","0.3958","A"
"4","Trait5","pKWmEB","PstI.TP605734"," 4","16501301","","0.5606","A"
"4","Trait5","pKWmEB","NsiI.TP32958"," 4","16508052","","0.3939","A"
"4","Trait5","pKWmEB","NsiI.TP690791"," 4","16551464","","0.0972","C"
"4","Trait5","pKWmEB","PstI.TP173583"," 4","16551946","","0.0181","G"
"4","Trait5","pKWmEB","NsiI.TP102128"," 4","16552385","","0.0036","C"
"4","Trait5","pKWmEB","NsiI.TP830716"," 4","18311149","","0.1185","A"
"4","Trait5","pKWmEB","PstI.TP680311"," 4","18313480","","0.3654","A"
"4","Trait5","pKWmEB","PstI.TP1237511"," 4","18890758","","0.0233","C"
"4","Trait5","pKWmEB","PstI.TP1169104"," 4","19508414","","0.5785","A"
"4","Trait5","pKWmEB","PstI.TP1095693"," 4","19512189","","0.6371","A"
"4","Trait5","pKWmEB","NsiI.TP11597"," 4","19528444","","0.0661","A"
"4","Trait5","pKWmEB","PstI.TP340344"," 4","19667066","","0.0111","C"
"4","Trait5","pKWmEB","PstI.TP31583"," 4","19670544","","0.0787","A"
"4","Trait5","pKWmEB","PstI.TP621493"," 4","19796948","","1.6279","C"
"4","Trait5","pKWmEB","NsiI.TP157332"," 4","19902560","","0.1720","A"
"4","Trait5","pKWmEB","NsiI.TP396265"," 4","20185440","","0.3655","A"
"4","Trait5","pKWmEB","NsiI.TP396263"," 4","20185447","","0.0767","A"
"4","Trait5","pKWmEB","PstI.TP1239257"," 4","20365947","","0.1852","A"
"4","Trait5","pKWmEB","PstI.TP1096983"," 4","20708817","","0.2247","C"
"4","Trait5","pKWmEB","PstI.TP134536"," 4","20754069","","1.0673","A"
"4","Trait5","pKWmEB","PstI.TP225325"," 4","20955190","","0.2854","G"
"4","Trait5","pKWmEB","NsiI.TP570512"," 4","20959424","","0.5421","G"
"4","Trait5","pKWmEB","NsiI.TP503037"," 4","21144799","","2.0226","C"
"4","Trait5","pKWmEB","PstI.TP1054573"," 4","21150389","","0.1294","G"
"4","Trait5","pKWmEB","PstI.TP1009593"," 4","21150455","","0.1202","A"
"4","Trait5","pKWmEB","PstI.TP390069"," 4","21847241","","0.5669","A"
"4","Trait5","pKWmEB","PstI.TP83195"," 4","22466628","","0.5655","A"
"4","Trait5","pKWmEB","GFk45ctg179201_418"," 4","22559183","","1.5451","A"
"4","Trait5","pKWmEB","PstI.TP339012"," 4","23730556","","0.2279","C"
"4","Trait5","pKWmEB","NsiI.TP620347"," 4","27291851","","1.1243","A"
"4","Trait5","pKWmEB","PstI.TP1219768"," 4","27303290","","0.1346","C"
"4","Trait5","pKWmEB","NsiI.TP495634"," 4","32803678","","1.0166","C"
"4","Trait5","pKWmEB","NsiI.TP427488"," 4","34032051","","0.4247","G"
"4","Trait5","pKWmEB","PstI.TP388798"," 4","34703211","","0.3588","C"
"4","Trait5","pKWmEB","NsiI.TP18194"," 4","34703332","","0.9917","C"
"4","Trait5","pKWmEB","PstI.TP1211804"," 4","34712354","","0.8959","C"
"4","Trait5","pKWmEB","PstI.TP1076652"," 4","34857099","","0.2698","A"
"4","Trait5","pKWmEB","NsiI.TP490188"," 4","35132045","","0.0456","C"
"4","Trait5","pKWmEB","PstI.TP120638"," 4","35323656","","0.0244","A"
"4","Trait5","pKWmEB","NsiI.TP671673"," 4","35758840","","0.3488","A"
"4","Trait5","pKWmEB","NsiI.TP739519"," 4","35759871","","0.0078","A"
"4","Trait5","pKWmEB","PstI.TP1045968"," 4","37910344","","0.0168","A"
"4","Trait5","pKWmEB","NsiI.TP315575"," 4","38384766","","0.4958","A"
"4","Trait5","pKWmEB","NsiI.TP676973"," 4","38389441","","0.0025","G"
"4","Trait5","pKWmEB","NsiI.TP230537"," 4","38900044","","0.0935","C"
"4","Trait5","pKWmEB","NsiI.TP494925"," 4","38912027","","0.0897","G"
"4","Trait5","pKWmEB","PstI.TP667600"," 4","39529579","","0.6265","C"
"4","Trait5","pKWmEB","PstI.TP1244182"," 4","40221879","","0.7137","C"
"4","Trait5","pKWmEB","PstI.TP337951"," 4","40615943","","0.7638","A"
"4","Trait5","pKWmEB","PstI.TP1006395"," 4","41120868","","0.7864","C"
"4","Trait5","pKWmEB","PstI.TP1249107"," 4","41378631","","1.0870","C"
"4","Trait5","pKWmEB","PstI.TP982139"," 4","41445278","","0.6305","A"
"4","Trait5","pKWmEB","PstI.TP7916"," 4","41445749","","0.5834","C"
"4","Trait5","pKWmEB","PstI.TP714267"," 4","41525523","","1.0686","G"
"4","Trait5","pKWmEB","PstI.TP1119498"," 4","41538677","","1.4560","A"
"4","Trait5","pKWmEB","PstI.TP384419"," 4","41626482","","0.2874","A"
"4","Trait5","pKWmEB","PstI.TP934991"," 4","41846979","","0.2915","A"
"4","Trait5","pKWmEB","NsiI.TP796361"," 4","42127688","","0.2608","C"
"4","Trait5","pKWmEB","PstI.TP498043"," 4","42143441","","0.3165","C"
"4","Trait5","pKWmEB","NsiI.TP391227"," 4","42698388","","0.3631","C"
"4","Trait5","pKWmEB","PstI.TP1084308"," 4","42752899","","0.1098","A"
"4","Trait5","pKWmEB","PstI.TP1193195"," 4","42910683","","1.7528","C"
"4","Trait5","pKWmEB","PstI.TP39227"," 4","42910747","","0.2877","G"
"4","Trait5","pKWmEB","PstI.TP39226"," 4","42910794","","0.0526","C"
"4","Trait5","pKWmEB","PstI.TP335891"," 4","42916499","","0.2013","A"
"4","Trait5","pKWmEB","PstI.TP24825"," 4","43525001","","0.4350","A"
"4","Trait5","pKWmEB","PstI.TP1038856"," 4","43731538","","0.2046","C"
"4","Trait5","pKWmEB","PstI.TP28557"," 4","43964717","","0.7004","A"
"4","Trait5","pKWmEB","PstI.TP1227932"," 4","44102303","","0.1325","C"
"4","Trait5","pKWmEB","NsiI.TP670897"," 4","44102679","","0.9011","G"
"4","Trait5","pKWmEB","PstI.TP143333"," 4","44467739","","0.0810","C"
"4","Trait5","pKWmEB","NsiI.TP101671"," 4","44686469","","0.4253","C"
"4","Trait5","pKWmEB","NsiI.TP671815"," 4","44692869","","0.1693","A"
"4","Trait5","pKWmEB","PstI.TP379812"," 4","44732427","","0.0072","A"
"4","Trait5","pKWmEB","NsiI.TP69352"," 4","44818346","","0.0783","A"
"4","Trait5","pKWmEB","PstI.TP662376"," 4","44844832","","1.3626","A"
"4","Trait5","pKWmEB","NsiI.TP735199"," 4","45035039","","0.6041","C"
"4","Trait5","pKWmEB","PstI.TP170658"," 4","45392020","","0.1323","C"
"4","Trait5","pKWmEB","NsiI.TP695171"," 4","45394796","","0.0954","C"
"4","Trait5","pKWmEB","NsiI.TP111500"," 4","45765430","","0.6860","A"
"4","Trait5","pKWmEB","NsiI.TP457214"," 4","45834089","","0.2898","C"
"4","Trait5","pKWmEB","NsiI.TP587782"," 4","45876240","","0.2527","C"
"4","Trait5","pKWmEB","NsiI.TP514975"," 4","45876590","","0.0814","C"
"4","Trait5","pKWmEB","PstI.TP371552"," 4","45884872","","1.4588","C"
"4","Trait5","pKWmEB","NsiI.TP668888"," 4","46350881","","0.2910","A"
"4","Trait5","pKWmEB","NsiI.TP756490"," 4","46354437","","0.4372","A"
"4","Trait5","pKWmEB","PstI.TP1153375"," 4","46355433","","0.6104","A"
"4","Trait5","pKWmEB","NsiI.TP382222"," 4","46359513","","0.9428","A"
"4","Trait5","pKWmEB","PstI.TP65828"," 4","46538766","","0.0433","A"
"4","Trait5","pKWmEB","NsiI.TP356110"," 4","46657472","","0.0115","A"
"4","Trait5","pKWmEB","PstI.TP645452"," 4","46698558","","1.8511","C"
"4","Trait5","pKWmEB","PstI.TP129466"," 4","46872452","","0.8241","G"
"4","Trait5","pKWmEB","PstI.TP229656"," 4","46914021","","0.0243","A"
"4","Trait5","pKWmEB","NsiI.TP457162"," 4","46961378","","0.3676","C"
"4","Trait5","pKWmEB","PstI.TP1058832"," 4","46982758","","0.0219","G"
"4","Trait5","pKWmEB","NsiI.TP660"," 4","47532159","","0.0750","C"
"4","Trait5","pKWmEB","NsiI.TP661"," 4","47532167","","1.2377","C"
"4","Trait5","pKWmEB","NsiI.TP753138"," 4","47705467","","0.3486","A"
"4","Trait5","pKWmEB","NsiI.TP771022"," 4","47845770","","0.9777","C"
"4","Trait5","pKWmEB","NsiI.TP81944"," 4","47846954","","0.5913","A"
"4","Trait5","pKWmEB","PstI.TP908401"," 4","47909121","","0.2048","C"
"4","Trait5","pKWmEB","NsiI.TP635034"," 4","47911863","","1.1519","A"
"4","Trait5","pKWmEB","NsiI.TP628614"," 4","47937476","","0.5038","A"
"4","Trait5","pKWmEB","PstI.TP765640"," 4","48027712","","0.6323","A"
"4","Trait5","pKWmEB","PstI.TP232395"," 4","48031995","","0.8833","A"
"4","Trait5","pKWmEB","PstI.TP1265926"," 4","48033598","","0.5080","A"
"4","Trait5","pKWmEB","PstI.TP31281"," 4","48075879","","1.0109","C"
"4","Trait5","pKWmEB","PstI.TP744262"," 4","48092727","","0.8164","C"
"4","Trait5","pKWmEB","NsiI.TP609845"," 4","48352833","","0.0683","G"
"4","Trait5","pKWmEB","PstI.TP1148487"," 4","48397503","","0.3125","G"
"4","Trait5","pKWmEB","PstI.TP1142732"," 4","48400591","","0.1158","C"
"4","Trait5","pKWmEB","GFSSContig16567_1127"," 4","48426666","","0.7185","A"
"4","Trait5","pKWmEB","GFSSContig1697_227"," 4","48426930","","0.1640","T"
"4","Trait5","pKWmEB","NsiI.TP821811"," 4","48427329","","1.1974","A"
"4","Trait5","pKWmEB","PstI.TP768230"," 4","48611784","","0.1567","A"
"4","Trait5","pKWmEB","PstI.TP1002701"," 4","48613681","","0.2074","C"
"4","Trait5","pKWmEB","NsiI.TP520835"," 4","48697029","","0.4958","A"
"4","Trait5","pKWmEB","PstI.TP1002453"," 4","48704152","","1.1249","A"
"4","Trait5","pKWmEB","NsiI.TP62800"," 4","48704161","","0.2110","A"
"4","Trait5","pKWmEB","PstI.TP973972"," 4","48704215","","0.5051","C"
"4","Trait5","pKWmEB","NsiI.TP830798"," 4","48851837","","1.6808","C"
"4","Trait5","pKWmEB","NsiI.TP356397"," 4","48854231","","0.3357","A"
"4","Trait5","pKWmEB","PstI.TP936606"," 4","49135392","","0.4564","A"
"4","Trait5","pKWmEB","PstI.TP920502"," 4","49225685","","0.3574","C"
"4","Trait5","pKWmEB","PstI.TP333205"," 4","49231325","","0.2464","C"
"4","Trait5","pKWmEB","GFk45ctg296738_328"," 4","49235742","","0.5613","T"
"4","Trait5","pKWmEB","PstI.TP718982"," 4","49258260","","0.4259","A"
"4","Trait5","pKWmEB","NsiI.TP312454"," 4","49292509","","0.5619","A"
"4","Trait5","pKWmEB","PstI.TP198316"," 4","49293313","","0.5795","A"
"4","Trait5","pKWmEB","NsiI.TP164780"," 4","49447515","","0.5603","A"
"4","Trait5","pKWmEB","PstI.TP182297"," 4","49450299","","0.0610","C"
"4","Trait5","pKWmEB","NsiI.TP135323"," 4","49456476","","0.1651","C"
"4","Trait5","pKWmEB","PstI.TP793792"," 4","49516153","","0.1612","A"
"4","Trait5","pKWmEB","PstI.TP1095630"," 4","49522511","","0.1978","G"
"4","Trait5","pKWmEB","NsiI.TP423735"," 4","49526655","","0.2318","A"
"4","Trait5","pKWmEB","PstI.TP1269911"," 4","49585404","","0.8672","C"
"4","Trait5","pKWmEB","NsiI.TP30913"," 4","49805444","","0.2354","A"
"4","Trait5","pKWmEB","NsiI.TP9667"," 4","49805812","","0.5108","A"
"4","Trait5","pKWmEB","NsiI.TP9710"," 4","49805830","","0.1751","C"
"4","Trait5","pKWmEB","NsiI.TP715437"," 4","49813047","","0.0523","A"
"4","Trait5","pKWmEB","NsiI.TP42348"," 4","49820590","","1.0007","A"
"4","Trait5","pKWmEB","NsiI.TP151057"," 4","49824243","","0.0321","C"
"4","Trait5","pKWmEB","NsiI.TP131428"," 4","49830030","","0.0513","C"
"4","Trait5","pKWmEB","PstI.TP1250734"," 4","49904627","","0.1776","C"
"4","Trait5","pKWmEB","NsiI.TP622430"," 4","49908847","","0.6371","A"
"4","Trait5","pKWmEB","NsiI.TP331108"," 4","49980904","","0.1081","A"
"4","Trait5","pKWmEB","NsiI.TP245903"," 4","50112731","","0.9900","A"
"4","Trait5","pKWmEB","PstI.TP1269743"," 4","50113990","","0.6381","C"
"4","Trait5","pKWmEB","NsiI.TP427762"," 4","50118560","","0.5533","A"
"4","Trait5","pKWmEB","PstI.TP748785"," 4","50119001","","0.0000","A"
"4","Trait5","pKWmEB","PstI.TP299340"," 4","50252276","","0.2237","A"
"4","Trait5","pKWmEB","NsiI.TP77318"," 4","50254697","","0.0144","A"
"4","Trait5","pKWmEB","NsiI.TP412067"," 4","50327763","","0.1204","A"
"4","Trait5","pKWmEB","NsiI.TP477424"," 4","50327964","","0.1359","A"
"4","Trait5","pKWmEB","NsiI.TP13066"," 4","50511117","","0.3916","C"
"4","Trait5","pKWmEB","NsiI.TP125439"," 4","50516044","","0.1879","A"
"4","Trait5","pKWmEB","PstI.TP365959"," 4","50569786","","1.0519","C"
"4","Trait5","pKWmEB","NsiI.TP634743"," 4","50670050","","0.4583","C"
"4","Trait5","pKWmEB","NsiI.TP481272"," 4","50672323","","0.1369","C"
"4","Trait5","pKWmEB","PstI.TP705712"," 4","50769897","","0.0785","C"
"4","Trait5","pKWmEB","PstI.TP411131"," 4","50796187","","0.3325","A"
"4","Trait5","pKWmEB","GFSSContig18484_975"," 4","50798293","","0.4151","T"
"4","Trait5","pKWmEB","PstI.TP806204"," 4","50917548","","0.0915","A"
"4","Trait5","pKWmEB","NsiI.TP497377"," 4","50966704","","1.0704","C"
"4","Trait5","pKWmEB","NsiI.TP378250"," 4","50966772","","0.4642","A"
"4","Trait5","pKWmEB","NsiI.TP536725"," 4","50982107","","1.4910","C"
"4","Trait5","pKWmEB","PstI.TP1097424"," 4","51077609","","1.2773","C"
"4","Trait5","pKWmEB","NsiI.TP566474"," 4","51081160","","1.5779","A"
"4","Trait5","pKWmEB","PstI.TP1242812"," 4","51104367","","0.1993","A"
"4","Trait5","pKWmEB","PstI.TP1010525"," 4","51111345","","0.1032","A"
"4","Trait5","pKWmEB","NsiI.TP555814"," 4","51117245","","0.0537","G"
"4","Trait5","pKWmEB","PstI.TP852023"," 4","51121423","","1.8077","C"
"4","Trait5","pKWmEB","PstI.TP112091"," 4","51152855","","0.3165","C"
"4","Trait5","pKWmEB","NsiI.TP165212"," 4","51172902","","0.0503","A"
"4","Trait5","pKWmEB","NsiI.TP165213"," 4","51172928","","0.1129","A"
"4","Trait5","pKWmEB","NsiI.TP435919"," 4","51192809","","0.4285","C"
"4","Trait5","pKWmEB","PstI.TP343186"," 4","51207966","","0.0618","A"
"4","Trait5","pKWmEB","PstI.TP802133"," 4","51215387","","0.0730","A"
"4","Trait5","pKWmEB","PstI.TP802170"," 4","51215407","","0.2493","C"
"4","Trait5","pKWmEB","PstI.TP193499"," 4","51228237","","0.4747","C"
"4","Trait5","pKWmEB","PstI.TP940948"," 4","51244722","","1.3007","C"
"4","Trait5","pKWmEB","PstI.TP186284"," 4","51270491","","0.7717","A"
"4","Trait5","pKWmEB","NsiI.TP510788"," 4","51309466","","1.0749","A"
"4","Trait5","pKWmEB","PstI.TP1070447"," 4","51373922","","0.0169","G"
"4","Trait5","pKWmEB","PstI.TP348903"," 4","51423533","","0.0178","C"
"4","Trait5","pKWmEB","PstI.TP258000"," 4","51424322","","1.7271","C"
"4","Trait5","pKWmEB","NsiI.TP653848"," 4","51429984","","0.4317","A"
"4","Trait5","pKWmEB","PstI.TP453257"," 4","51431216","","0.0084","G"
"4","Trait5","pKWmEB","PstI.TP1165594"," 4","51435097","","0.5316","C"
"4","Trait5","pKWmEB","NsiI.TP744805"," 4","51441275","","0.2446","C"
"4","Trait5","pKWmEB","PstI.TP264541"," 4","51454302","","0.0087","A"
"4","Trait5","pKWmEB","NsiI.TP487552"," 4","51467824","","0.0373","C"
"4","Trait5","pKWmEB","PstI.TP68012"," 4","51475577","","0.0041","A"
"4","Trait5","pKWmEB","PstI.TP824743"," 4","51495892","","0.6518","C"
"4","Trait5","pKWmEB","PstI.TP1064467"," 4","51514364","","0.4928","C"
"4","Trait5","pKWmEB","PstI.TP683573"," 4","51515338","","0.4257","A"
"4","Trait5","pKWmEB","PstI.TP313639"," 4","51533595","","0.1270","A"
"4","Trait5","pKWmEB","NsiI.TP568456"," 4","51585680","","1.1896","C"
"4","Trait5","pKWmEB","PstI.TP24804"," 4","51590266","","2.6143","G"
"4","Trait5","pKWmEB","PstI.TP718411"," 4","51590334","","1.3183","G"
"4","Trait5","pKWmEB","PstI.TP114846"," 4","51608962","","0.6139","G"
"4","Trait5","pKWmEB","NsiI.TP298862"," 4","51651085","","0.0179","C"
"4","Trait5","pKWmEB","PstI.TP157346"," 4","51651443","","0.1657","C"
"4","Trait5","pKWmEB","NsiI.TP641187"," 4","51655402","","0.1440","C"
"4","Trait5","pKWmEB","PstI.TP1004265"," 4","51656140","","0.9136","A"
"4","Trait5","pKWmEB","PstI.TP801959"," 4","51656199","","0.0825","C"
"4","Trait5","pKWmEB","PstI.TP549664"," 4","51714036","","0.3332","C"
"4","Trait5","pKWmEB","PstI.TP349355"," 4","51739537","","1.7901","A"
"4","Trait5","pKWmEB","NsiI.TP211613"," 4","51742137","","0.6614","A"
"4","Trait5","pKWmEB","PstI.TP1131201"," 4","51779943","","0.4526","A"
"4","Trait5","pKWmEB","NsiI.TP348593"," 4","51813277","","0.7813","A"
"4","Trait5","pKWmEB","PstI.TP183270"," 4","51849104","","0.2094","C"
"4","Trait5","pKWmEB","PstI.TP529540"," 4","51912921","","0.6983","C"
"4","Trait5","pKWmEB","PstI.TP1248818"," 4","51912991","","0.6166","A"
"4","Trait5","pKWmEB","NsiI.TP351614"," 4","51915777","","0.0769","C"
"4","Trait5","pKWmEB","NsiI.TP283254"," 4","51916229","","0.5732","A"
"4","Trait5","pKWmEB","PstI.TP738277"," 4","51919117","","0.0861","C"
"4","Trait5","pKWmEB","PstI.TP1133379"," 4","51922694","","0.1304","A"
"4","Trait5","pKWmEB","NsiI.TP125425"," 4","51923859","","1.6155","A"
"4","Trait5","pKWmEB","NsiI.TP149269"," 4","51951868","","0.8944","A"
"4","Trait5","pKWmEB","PstI.TP712933"," 4","51959766","","0.9428","A"
"4","Trait5","pKWmEB","PstI.TP253849"," 4","51966861","","0.7545","C"
"4","Trait5","pKWmEB","PstI.TP534958"," 4","51967347","","0.8642","G"
"4","Trait5","pKWmEB","PstI.TP1284384"," 4","51973695","","0.1335","C"
"4","Trait5","pKWmEB","NsiI.TP172767"," 4","51980537","","0.1082","A"
"4","Trait5","pKWmEB","NsiI.TP213961"," 4","52007715","","0.6760","A"
"4","Trait5","pKWmEB","PstI.TP486220"," 4","52088795","","0.3808","A"
"4","Trait5","pKWmEB","NsiI.TP754585"," 4","52092240","","0.0565","A"
"4","Trait5","pKWmEB","NsiI.TP470206"," 4","52133121","","0.5848","A"
"4","Trait5","pKWmEB","NsiI.TP799120"," 4","52139636","","0.2512","A"
"4","Trait5","pKWmEB","NsiI.TP443125"," 4","52156961","","0.4752","C"
"4","Trait5","pKWmEB","PstI.TP1278246"," 4","52239505","","0.2184","C"
"4","Trait5","pKWmEB","PstI.TP853588"," 4","52241476","","0.4122","C"
"4","Trait5","pKWmEB","NsiI.TP587023"," 4","52287799","","0.7514","G"
"4","Trait5","pKWmEB","PstI.TP339319"," 4","52332747","","0.5407","A"
"4","Trait5","pKWmEB","NsiI.TP412502"," 4","52349074","","0.8833","C"
"4","Trait5","pKWmEB","PstI.TP831969"," 4","52358433","","0.1192","A"
"4","Trait5","pKWmEB","NsiI.TP499370"," 4","52358612","","0.0513","A"
"4","Trait5","pKWmEB","PstI.TP949990"," 4","52404605","","0.1018","C"
"4","Trait5","pKWmEB","PstI.TP248582"," 4","52409374","","1.1644","A"
"4","Trait5","pKWmEB","PstI.TP175667"," 4","52410299","","0.4131","A"
"4","Trait5","pKWmEB","NsiI.TP503329"," 4","52418045","","0.0019","A"
"4","Trait5","pKWmEB","PstI.TP492170"," 4","52421551","","0.7747","A"
"4","Trait5","pKWmEB","PstI.TP1148759"," 4","52423453","","0.2938","A"
"4","Trait5","pKWmEB","NsiI.TP574675"," 4","52424685","","1.1901","G"
"4","Trait5","pKWmEB","PstI.TP845494"," 4","52425318","","0.0419","A"
"4","Trait5","pKWmEB","PstI.TP1036129"," 4","52433390","","0.4390","G"
"4","Trait5","pKWmEB","PstI.TP965479"," 4","52472251","","0.2524","A"
"4","Trait5","pKWmEB","PstI.TP1197361"," 4","52473553","","0.5760","A"
"4","Trait5","pKWmEB","PstI.TP1261275"," 4","52583838","","0.0917","A"
"4","Trait5","pKWmEB","NsiI.TP110486"," 4","52625759","","0.6103","A"
"4","Trait5","pKWmEB","PstI.TP36018"," 4","52630073","","0.6220","A"
"4","Trait5","pKWmEB","NsiI.TP388811"," 4","52645190","","0.5749","A"
"4","Trait5","pKWmEB","PstI.TP244021"," 4","52647780","","1.8348","A"
"4","Trait5","pKWmEB","PstI.TP786333"," 4","52701234","","0.4517","G"
"4","Trait5","pKWmEB","PstI.TP139731"," 4","52706534","","0.0744","A"
"4","Trait5","pKWmEB","PstI.TP993409"," 4","52708520","","0.4112","C"
"4","Trait5","pKWmEB","PstI.TP470432"," 4","52709206","","0.0013","A"
"4","Trait5","pKWmEB","NsiI.TP338590"," 4","52709492","","0.3918","C"
"4","Trait5","pKWmEB","PstI.TP208913"," 4","52776627","","0.7228","C"
"4","Trait5","pKWmEB","PstI.TP978417"," 4","52815794","","0.4778","A"
"4","Trait5","pKWmEB","PstI.TP418823"," 4","52874753","","1.3340","C"
"4","Trait5","pKWmEB","PstI.TP1260649"," 4","52875541","","0.0575","C"
"4","Trait5","pKWmEB","NsiI.TP344696"," 4","52876283","","0.2707","A"
"4","Trait5","pKWmEB","PstI.TP629590"," 4","52879245","","0.2665","A"
"4","Trait5","pKWmEB","NsiI.TP407173"," 4","52879944","","0.5967","C"
"4","Trait5","pKWmEB","NsiI.TP485929"," 4","52927802","","0.0292","A"
"4","Trait5","pKWmEB","NsiI.TP589563"," 4","52932175","","0.0242","C"
"4","Trait5","pKWmEB","NsiI.TP635932"," 4","52941463","","0.1631","G"
"4","Trait5","pKWmEB","PstI.TP1211792"," 4","52941499","","1.3152","A"
"4","Trait5","pKWmEB","PstI.TP187643"," 4","52943944","","1.1610","C"
"4","Trait5","pKWmEB","NsiI.TP341648"," 4","52954085","","0.1432","G"
"4","Trait5","pKWmEB","NsiI.TP821634"," 4","52966946","","0.3114","C"
"4","Trait5","pKWmEB","PstI.TP24110"," 4","52990968","","0.2215","A"
"4","Trait5","pKWmEB","NsiI.TP438956"," 4","53041908","","0.0793","G"
"4","Trait5","pKWmEB","NsiI.TP362006"," 4","53046565","","1.1927","G"
"4","Trait5","pKWmEB","PstI.TP918645"," 4","53049022","","0.5108","G"
"4","Trait5","pKWmEB","NsiI.TP794756"," 4","53049429","","0.1716","A"
"4","Trait5","pKWmEB","NsiI.TP113107"," 4","53058647","","0.5123","A"
"4","Trait5","pKWmEB","NsiI.TP324695"," 4","53060137","","0.3348","C"
"4","Trait5","pKWmEB","PstI.TP982477"," 4","53079952","","0.3059","C"
"4","Trait5","pKWmEB","PstI.TP1094441"," 4","53080201","","0.0133","C"
"4","Trait5","pKWmEB","NsiI.TP800522"," 4","53081363","","0.3624","A"
"4","Trait5","pKWmEB","NsiI.TP672"," 4","53084075","","0.4222","A"
"4","Trait5","pKWmEB","PstI.TP222317"," 4","53112242","","2.1681","A"
"4","Trait5","pKWmEB","NsiI.TP134728"," 4","53153983","","0.0634","A"
"4","Trait5","pKWmEB","GFSSContig19061_572"," 4","53216116","","0.1785","C"
"4","Trait5","pKWmEB","PstI.TP12358"," 4","53221076","","0.4510","A"
"4","Trait5","pKWmEB","NsiI.TP71134"," 4","53235715","","0.0118","A"
"4","Trait5","pKWmEB","PstI.TP414824"," 4","53239247","","0.6063","G"
"4","Trait5","pKWmEB","NsiI.TP308895"," 4","53256231","","0.2994","A"
"4","Trait5","pKWmEB","PstI.TP1045651"," 4","53258401","","0.0374","A"
"4","Trait5","pKWmEB","NsiI.TP179280"," 4","53278030","","0.0182","C"
"4","Trait5","pKWmEB","PstI.TP332839"," 4","53286029","","0.4765","A"
"4","Trait5","pKWmEB","PstI.TP282518"," 4","53315539","","1.4252","C"
"4","Trait5","pKWmEB","PstI.TP637947"," 4","53318565","","0.2185","A"
"4","Trait5","pKWmEB","NsiI.TP510742"," 4","53319802","","1.2044","C"
"4","Trait5","pKWmEB","NsiI.TP426339"," 4","53336949","","0.1389","C"
"4","Trait5","pKWmEB","PstI.TP1135965"," 4","53376085","","0.3575","A"
"4","Trait5","pKWmEB","PstI.TP643305"," 4","53381612","","0.7318","A"
"4","Trait5","pKWmEB","NsiI.TP752819"," 4","53384492","","0.1909","A"
"4","Trait5","pKWmEB","GFSSContig7525_157"," 4","53538697","","0.6173","A"
"4","Trait5","pKWmEB","PstI.TP664261"," 4","53614493","","0.5152","C"
"4","Trait5","pKWmEB","NsiI.TP3008"," 4","53631292","","0.1129","A"
"4","Trait5","pKWmEB","NsiI.TP412850"," 4","53649638","","0.2624","C"
"4","Trait5","pKWmEB","NsiI.TP625960"," 4","53651156","","0.4640","C"
"4","Trait5","pKWmEB","NsiI.TP312081"," 4","53667684","","0.8470","C"
"4","Trait5","pKWmEB","NsiI.TP525580"," 4","53732679","","0.3614","A"
"4","Trait5","pKWmEB","PstI.TP212989"," 4","53734894","","0.4683","G"
"4","Trait5","pKWmEB","NsiI.TP251873"," 4","53735546","","0.3364","C"
"4","Trait5","pKWmEB","PstI.TP983713"," 4","53739075","","0.0661","A"
"4","Trait5","pKWmEB","NsiI.TP388861"," 4","53760575","","0.1981","A"
"4","Trait5","pKWmEB","PstI.TP12056"," 4","53765578","","0.3259","A"
"4","Trait5","pKWmEB","PstI.TP283482"," 4","53765906","","0.0936","A"
"4","Trait5","pKWmEB","PstI.TP854535"," 4","53779010","","0.2110","A"
"4","Trait5","pKWmEB","PstI.TP30575"," 4","53784300","","0.1282","A"
"4","Trait5","pKWmEB","PstI.TP1065771"," 4","53786884","","0.6110","A"
"4","Trait5","pKWmEB","NsiI.TP773756"," 4","53789013","","0.0433","C"
"4","Trait5","pKWmEB","NsiI.TP411261"," 4","53789060","","0.4616","C"
"4","Trait5","pKWmEB","PstI.TP852425"," 4","53801587","","0.0749","A"
"4","Trait5","pKWmEB","PstI.TP758217"," 4","53816542","","0.3757","C"
"4","Trait5","pKWmEB","NsiI.TP442164"," 4","53817049","","0.7533","G"
"4","Trait5","pKWmEB","PstI.TP321647"," 4","53852701","","0.0751","A"
"4","Trait5","pKWmEB","PstI.TP4546"," 4","53857017","","0.4341","A"
"4","Trait5","pKWmEB","PstI.TP539355"," 4","53869628","","0.8418","A"
"4","Trait5","pKWmEB","PstI.TP478290"," 4","53890123","","0.1858","C"
"4","Trait5","pKWmEB","PstI.TP121503"," 4","53891622","","1.1221","A"
"4","Trait5","pKWmEB","PstI.TP988008"," 4","53910327","","0.5931","A"
"4","Trait5","pKWmEB","NsiI.TP356904"," 4","53921144","","0.0563","C"
"4","Trait5","pKWmEB","PstI.TP521834"," 4","53924496","","0.8626","G"
"4","Trait5","pKWmEB","PstI.TP1068462"," 4","53925785","","1.9714","C"
"4","Trait5","pKWmEB","PstI.TP65504"," 4","53926304","","0.2463","A"
"4","Trait5","pKWmEB","NsiI.TP88838"," 4","53926304","","0.5243","C"
"4","Trait5","pKWmEB","NsiI.TP656364"," 4","53975459","","0.6085","A"
"4","Trait5","pKWmEB","NsiI.TP266817"," 4","54015019","","0.9423","A"
"4","Trait5","pKWmEB","PstI.TP397988"," 4","54041708","","0.3240","A"
"4","Trait5","pKWmEB","PstI.TP827038"," 4","54042262","","0.0212","A"
"4","Trait5","pKWmEB","PstI.TP1166700"," 4","54042535","","0.1139","C"
"4","Trait5","pKWmEB","PstI.TP163763"," 4","54075916","","0.1046","C"
"4","Trait5","pKWmEB","NsiI.TP153146"," 4","54084605","","0.0268","C"
"4","Trait5","pKWmEB","NsiI.TP136638"," 4","54093457","","0.6243","A"
"4","Trait5","pKWmEB","NsiI.TP587937"," 4","54101000","","0.1975","C"
"4","Trait5","pKWmEB","NsiI.TP291856"," 4","54111681","","0.0151","A"
"4","Trait5","pKWmEB","NsiI.TP533453"," 4","54189630","","0.6004","A"
"4","Trait5","pKWmEB","NsiI.TP418285"," 4","54194966","","1.4123","A"
"4","Trait5","pKWmEB","PstI.TP26232"," 4","54197890","","0.3293","G"
"4","Trait5","pKWmEB","NsiI.TP459541"," 4","54209493","","0.3219","A"
"4","Trait5","pKWmEB","PstI.TP50261"," 4","54312494","","0.2936","C"
"4","Trait5","pKWmEB","PstI.TP1291249"," 4","54350182","","2.4952","C"
"4","Trait5","pKWmEB","PstI.TP279630"," 4","54350227","","0.2708","A"
"4","Trait5","pKWmEB","NsiI.TP673957"," 4","54354320","","1.2081","A"
"4","Trait5","pKWmEB","PstI.TP547059"," 4","54363094","","0.6271","A"
"4","Trait5","pKWmEB","PstI.TP1119155"," 4","54364765","","0.0179","A"
"4","Trait5","pKWmEB","PstI.TP1287189"," 4","54422890","","0.0323","G"
"4","Trait5","pKWmEB","GFSSContig10781_370"," 4","54423680","","0.0202","A"
"4","Trait5","pKWmEB","NsiI.TP545458"," 4","54424654","","0.0734","A"
"4","Trait5","pKWmEB","NsiI.TP24716"," 4","54439315","","0.2020","G"
"4","Trait5","pKWmEB","PstI.TP804706"," 4","54445856","","0.0762","G"
"4","Trait5","pKWmEB","PstI.TP989059"," 4","54451954","","0.1948","A"
"4","Trait5","pKWmEB","PstI.TP901989"," 4","54463784","","0.0805","C"
"4","Trait5","pKWmEB","NsiI.TP62383"," 4","54490647","","0.3588","A"
"4","Trait5","pKWmEB","PstI.TP521327"," 4","54492451","","0.8853","A"
"4","Trait5","pKWmEB","PstI.TP385432"," 4","54494375","","0.6798","C"
"4","Trait5","pKWmEB","PstI.TP185395"," 4","54512209","","0.1440","A"
"4","Trait5","pKWmEB","NsiI.TP59931"," 4","54523789","","0.3778","C"
"4","Trait5","pKWmEB","PstI.TP1078082"," 4","54527792","","0.2128","C"
"4","Trait5","pKWmEB","NsiI.TP407755"," 4","54528290","","0.4653","A"
"4","Trait5","pKWmEB","NsiI.TP580707"," 4","54531341","","0.1867","C"
"4","Trait5","pKWmEB","PstI.TP626100"," 4","54531804","","0.3700","A"
"4","Trait5","pKWmEB","NsiI.TP208434"," 4","54533329","","0.7911","A"
"4","Trait5","pKWmEB","NsiI.TP694236"," 4","54534121","","0.3085","A"
"4","Trait5","pKWmEB","PstI.TP402694"," 4","54538389","","0.1719","A"
"4","Trait5","pKWmEB","NsiI.TP409219"," 4","54558752","","0.5293","A"
"4","Trait5","pKWmEB","NsiI.TP202440"," 4","54558796","","0.4733","A"
"4","Trait5","pKWmEB","NsiI.TP719737"," 4","54591602","","0.3797","C"
"4","Trait5","pKWmEB","NsiI.TP204537"," 4","54614608","","0.2499","C"
"4","Trait5","pKWmEB","PstI.TP777730"," 4","54650938","","1.4033","A"
"4","Trait5","pKWmEB","NsiI.TP630442"," 4","54684529","","0.3327","G"
"4","Trait5","pKWmEB","NsiI.TP237940"," 4","54719275","","0.1765","C"
"4","Trait5","pKWmEB","PstI.TP318872"," 4","54744673","","0.9229","A"
"4","Trait5","pKWmEB","PstI.TP310601"," 4","54744696","","0.2043","A"
"4","Trait5","pKWmEB","NsiI.TP127922"," 4","54754163","","0.4309","C"
"4","Trait5","pKWmEB","NsiI.TP442640"," 4","54754468","","0.6707","G"
"4","Trait5","pKWmEB","PstI.TP166433"," 4","54754497","","0.2157","G"
"4","Trait5","pKWmEB","PstI.TP628745"," 4","54755272","","0.4609","C"
"4","Trait5","pKWmEB","PstI.TP26965"," 4","54759684","","0.4029","A"
"4","Trait5","pKWmEB","PstI.TP27002"," 4","54759695","","0.6217","G"
"4","Trait5","pKWmEB","PstI.TP751813"," 4","54760723","","0.4404","A"
"4","Trait5","pKWmEB","PstI.TP40183"," 4","54789393","","0.3865","A"
"4","Trait5","pKWmEB","NsiI.TP217847"," 4","54804621","","0.1643","C"
"4","Trait5","pKWmEB","NsiI.TP403906"," 4","54810023","","0.1602","A"
"4","Trait5","pKWmEB","PstI.TP1040729"," 4","54844080","","1.7633","A"
"4","Trait5","pKWmEB","NsiI.TP395143"," 4","54866305","","0.0131","C"
"4","Trait5","pKWmEB","NsiI.TP597273"," 4","54884967","","0.1427","A"
"4","Trait5","pKWmEB","PstI.TP1226806"," 4","54902573","","0.0651","C"
"4","Trait5","pKWmEB","NsiI.TP324593"," 4","54954569","","0.3500","C"
"4","Trait5","pKWmEB","PstI.TP40093"," 4","55013388","","0.4224","C"
"4","Trait5","pKWmEB","PstI.TP40101"," 4","55013427","","0.0089","C"
"4","Trait5","pKWmEB","NsiI.TP813337"," 4","55039972","","0.3165","A"
"4","Trait5","pKWmEB","PstI.TP604906"," 4","55054625","","0.3790","C"
"4","Trait5","pKWmEB","PstI.TP780370"," 4","55054662","","0.4502","A"
"4","Trait5","pKWmEB","PstI.TP372007"," 4","55074516","","0.0079","A"
"4","Trait5","pKWmEB","PstI.TP775097"," 4","55076823","","0.0587","C"
"4","Trait5","pKWmEB","GFSSContig16978_83"," 4","55080043","","0.8525","T"
"4","Trait5","pKWmEB","PstI.TP758451"," 4","55085325","","0.0487","C"
"4","Trait5","pKWmEB","PstI.TP1037118"," 4","55087787","","0.6977","A"
"4","Trait5","pKWmEB","NsiI.TP750468"," 4","55101918","","1.2691","A"
"4","Trait5","pKWmEB","NsiI.TP424175"," 4","55105534","","0.1768","C"
"4","Trait5","pKWmEB","PstI.TP1127790"," 4","55131412","","0.4985","C"
"4","Trait5","pKWmEB","NsiI.TP386956"," 4","55174516","","0.0092","A"
"4","Trait5","pKWmEB","NsiI.TP17176"," 4","55259103","","0.0540","C"
"4","Trait5","pKWmEB","NsiI.TP112317"," 4","55262593","","0.0465","A"
"4","Trait5","pKWmEB","PstI.TP514943"," 4","55295093","","0.1735","C"
"4","Trait5","pKWmEB","NsiI.TP206420"," 4","55297776","","0.3379","G"
"4","Trait5","pKWmEB","NsiI.TP217924"," 4","55298870","","0.2743","C"
"4","Trait5","pKWmEB","NsiI.TP392502"," 4","55307417","","0.5233","C"
"4","Trait5","pKWmEB","PstI.TP503153"," 4","55308637","","0.3786","A"
"4","Trait5","pKWmEB","PstI.TP927411"," 4","55321457","","1.4053","A"
"4","Trait5","pKWmEB","NsiI.TP591747"," 4","55411050","","1.9290","A"
"4","Trait5","pKWmEB","PstI.TP1022401"," 4","55466707","","0.4414","A"
"4","Trait5","pKWmEB","PstI.TP1011973"," 4","55469393","","0.0092","G"
"4","Trait5","pKWmEB","GFSSContig19043"," 4","55469831","","0.2193","A"
"4","Trait5","pKWmEB","PstI.TP401135"," 4","55470390","","0.0627","C"
"4","Trait5","pKWmEB","NsiI.TP588670"," 4","55483421","","1.7569","A"
"4","Trait5","pKWmEB","NsiI.TP650437"," 4","55508870","","0.0579","C"
"4","Trait5","pKWmEB","PstI.TP1150046"," 4","55510631","","0.5652","A"
"4","Trait5","pKWmEB","NsiI.TP296271"," 4","55524370","","0.4506","C"
"4","Trait5","pKWmEB","PstI.TP121918"," 4","55525353","","0.4815","A"
"4","Trait5","pKWmEB","PstI.TP407752"," 4","55527280","","1.9572","A"
"4","Trait5","pKWmEB","NsiI.TP608930"," 4","55551213","","0.5190","C"
"4","Trait5","pKWmEB","NsiI.TP566965"," 4","55551277","","0.5801","C"
"4","Trait5","pKWmEB","NsiI.TP624540"," 4","55565785","","1.1901","A"
"4","Trait5","pKWmEB","NsiI.TP113283"," 4","55572326","","0.3316","C"
"4","Trait5","pKWmEB","PstI.TP133743"," 4","55575218","","0.7328","C"
"4","Trait5","pKWmEB","PstI.TP698016"," 4","55582726","","0.0647","A"
"4","Trait5","pKWmEB","PstI.TP89038"," 4","55585143","","0.0264","A"
"4","Trait5","pKWmEB","NsiI.TP200649"," 4","55598688","","0.4319","A"
"4","Trait5","pKWmEB","PstI.TP107082"," 4","55600630","","0.0044","A"
"4","Trait5","pKWmEB","PstI.TP857726"," 4","55633086","","0.2246","C"
"4","Trait5","pKWmEB","NsiI.TP57615"," 4","55639401","","0.3542","C"
"4","Trait5","pKWmEB","PstI.TP418472"," 4","55643598","","0.0126","A"
"4","Trait5","pKWmEB","PstI.TP802412"," 4","55643788","","0.1081","A"
"4","Trait5","pKWmEB","PstI.TP939643"," 4","55645936","","0.3182","A"
"4","Trait5","pKWmEB","PstI.TP660995"," 4","55647037","","0.1874","A"
"4","Trait5","pKWmEB","PstI.TP602657"," 4","55651202","","0.0462","C"
"4","Trait5","pKWmEB","PstI.TP602651"," 4","55651212","","0.2698","A"
"4","Trait5","pKWmEB","PstI.TP678405"," 4","55658378","","0.1557","C"
"4","Trait5","pKWmEB","PstI.TP203169"," 4","55660397","","0.0576","A"
"4","Trait5","pKWmEB","PstI.TP707030"," 4","55665489","","0.1436","A"
"4","Trait5","pKWmEB","PstI.TP178862"," 4","55666948","","1.4301","A"
"4","Trait5","pKWmEB","PstI.TP290288"," 4","55674649","","0.3497","C"
"4","Trait5","pKWmEB","PstI.TP1253111"," 4","55679808","","0.6406","C"
"4","Trait5","pKWmEB","PstI.TP875578"," 4","55697620","","0.7819","A"
"4","Trait5","pKWmEB","PstI.TP708511"," 4","55697742","","0.2850","C"
"4","Trait5","pKWmEB","PstI.TP821899"," 4","55702019","","0.1306","A"
"4","Trait5","pKWmEB","NsiI.TP466323"," 4","55723833","","1.0925","C"
"4","Trait5","pKWmEB","PstI.TP757342"," 4","55744110","","1.0599","C"
"4","Trait5","pKWmEB","PstI.TP1173954"," 4","55755095","","0.0381","G"
"4","Trait5","pKWmEB","PstI.TP705428"," 4","55764125","","0.4982","C"
"4","Trait5","pKWmEB","PstI.TP982503"," 4","55764847","","0.0141","C"
"4","Trait5","pKWmEB","PstI.TP187778"," 4","55772813","","0.9514","A"
"4","Trait5","pKWmEB","PstI.TP109564"," 4","55773938","","0.1236","C"
"4","Trait5","pKWmEB","PstI.TP108360"," 4","55774145","","0.4321","C"
"4","Trait5","pKWmEB","NsiI.TP521175"," 4","55787564","","0.0516","A"
"4","Trait5","pKWmEB","PstI.TP813352"," 4","55845291","","1.0509","C"
"4","Trait5","pKWmEB","PstI.TP625384"," 4","55852841","","1.0041","A"
"4","Trait5","pKWmEB","PstI.TP625381"," 4","55852860","","0.0481","G"
"4","Trait5","pKWmEB","PstI.TP182752"," 4","55853968","","1.3667","A"
"4","Trait5","pKWmEB","PstI.TP13949"," 4","55862152","","1.2357","A"
"4","Trait5","pKWmEB","NsiI.TP217643"," 4","55878743","","0.2692","A"
"4","Trait5","pKWmEB","PstI.TP1083079"," 4","55888724","","0.0701","A"
"4","Trait5","pKWmEB","NsiI.TP237950"," 4","55919595","","0.7139","A"
"4","Trait5","pKWmEB","PstI.TP1125751"," 4","55945964","","0.3938","A"
"4","Trait5","pKWmEB","NsiI.TP204816"," 4","55963666","","0.3225","A"
"4","Trait5","pKWmEB","NsiI.TP554609"," 4","56082851","","0.2236","A"
"4","Trait5","pKWmEB","NsiI.TP99994"," 4","56086231","","0.1669","A"
"4","Trait5","pKWmEB","NsiI.TP732849"," 4","56102329","","0.3411","A"
"4","Trait5","pKWmEB","NsiI.TP198067"," 4","56102584","","1.4593","C"
"4","Trait5","pKWmEB","NsiI.TP810754"," 4","56124520","","0.5287","C"
"4","Trait5","pKWmEB","NsiI.TP416600"," 4","56131191","","0.5607","C"
"4","Trait5","pKWmEB","PstI.TP1179806"," 4","56133595","","1.1197","A"
"4","Trait5","pKWmEB","PstI.TP1218307"," 4","56133612","","0.8673","A"
"4","Trait5","pKWmEB","NsiI.TP470601"," 4","56135094","","0.1080","G"
"4","Trait5","pKWmEB","NsiI.TP691950"," 4","56141002","","0.5469","A"
"4","Trait5","pKWmEB","PstI.TP1175207"," 4","56142630","","0.1350","C"
"4","Trait5","pKWmEB","PstI.TP1264968"," 4","56143169","","1.0980","A"
"4","Trait5","pKWmEB","PstI.TP147765"," 4","56150442","","0.1130","C"
"4","Trait5","pKWmEB","PstI.TP256442"," 4","56152747","","0.1975","A"
"4","Trait5","pKWmEB","NsiI.TP179124"," 4","56161726","","0.4590","C"
"4","Trait5","pKWmEB","NsiI.TP132618"," 4","56193856","","0.2297","C"
"4","Trait5","pKWmEB","PstI.TP464052"," 4","56200094","","0.7134","C"
"4","Trait5","pKWmEB","GFSSContig19730_2443"," 4","56302274","","0.3903","T"
"4","Trait5","pKWmEB","PstI.TP1243427"," 4","56369065","","0.2210","G"
"4","Trait5","pKWmEB","NsiI.TP550188"," 4","56371920","","0.2018","C"
"4","Trait5","pKWmEB","NsiI.TP433986"," 4","56373599","","0.0801","A"
"4","Trait5","pKWmEB","NsiI.TP426915"," 4","56389145","","0.7750","A"
"4","Trait5","pKWmEB","NsiI.TP555561"," 4","56400621","","0.2183","C"
"4","Trait5","pKWmEB","NsiI.TP379289"," 4","56401529","","0.1527","A"
"4","Trait5","pKWmEB","PstI.TP832300"," 4","56401593","","0.1867","C"
"4","Trait5","pKWmEB","NsiI.TP234341"," 4","56427882","","0.4355","C"
"4","Trait5","pKWmEB","PstI.TP840797"," 4","56428585","","0.5203","A"
"4","Trait5","pKWmEB","PstI.TP157958"," 4","56507042","","0.1871","A"
"4","Trait5","pKWmEB","PstI.TP1169832"," 4","56534152","","0.3191","A"
"4","Trait5","pKWmEB","NsiI.TP775348"," 4","56542069","","0.5276","C"
"4","Trait5","pKWmEB","PstI.TP460173"," 4","56593478","","0.7479","A"
"4","Trait5","pKWmEB","PstI.TP856657"," 4","56609629","","0.0773","A"
"4","Trait5","pKWmEB","PstI.TP605026"," 4","56611049","","0.0920","A"
"4","Trait5","pKWmEB","PstI.TP75445"," 4","56611410","","0.2013","A"
"4","Trait5","pKWmEB","PstI.TP186480"," 4","56626102","","0.0100","A"
"4","Trait5","pKWmEB","PstI.TP1018894"," 4","56669759","","0.0797","G"
"4","Trait5","pKWmEB","PstI.TP1018975"," 4","56669759","","0.3943","G"
"4","Trait5","pKWmEB","PstI.TP1019073"," 4","56669759","","0.1749","G"
"4","Trait5","pKWmEB","PstI.TP1246441"," 4","56669780","","0.3219","A"
"4","Trait5","pKWmEB","PstI.TP1245422"," 4","56669797","","0.5262","A"
"4","Trait5","pKWmEB","NsiI.TP180967"," 4","56671369","","0.1585","C"
"4","Trait5","pKWmEB","NsiI.TP434311"," 4","56687690","","1.0452","C"
"4","Trait5","pKWmEB","NsiI.TP620299"," 4","56693404","","0.2589","C"
"4","Trait5","pKWmEB","PstI.TP950526"," 4","56694751","","0.2840","A"
"4","Trait5","pKWmEB","PstI.TP335471"," 4","56710032","","0.1248","C"
"4","Trait5","pKWmEB","NsiI.TP530838"," 4","56713302","","0.1987","C"
"4","Trait5","pKWmEB","PstI.TP1222649"," 4","56726014","","0.4999","C"
"4","Trait5","pKWmEB","PstI.TP754044"," 4","56745945","","0.7513","C"
"4","Trait5","pKWmEB","NsiI.TP766387"," 4","56757009","","0.0467","C"
"4","Trait5","pKWmEB","NsiI.TP777871"," 4","56773942","","0.1070","C"
"4","Trait5","pKWmEB","NsiI.TP810765"," 4","56795945","","0.0105","C"
"4","Trait5","pKWmEB","NsiI.TP589249"," 4","56797515","","0.1228","A"
"4","Trait5","pKWmEB","PstI.TP80572"," 4","56807066","","0.0092","A"
"4","Trait5","pKWmEB","PstI.TP80571"," 4","56807073","","0.6583","A"
"4","Trait5","pKWmEB","NsiI.TP108055"," 4","56826013","","0.8876","A"
"4","Trait5","pKWmEB","NsiI.TP515918"," 4","56841413","","0.3199","A"
"4","Trait5","pKWmEB","PstI.TP809774"," 4","56844386","","0.6841","C"
"4","Trait5","pKWmEB","PstI.TP708002"," 4","56844475","","0.7831","A"
"4","Trait5","pKWmEB","NsiI.TP333074"," 4","56847259","","0.2307","A"
"4","Trait5","pKWmEB","PstI.TP8024"," 4","56870656","","0.0253","A"
"4","Trait5","pKWmEB","NsiI.TP281265"," 4","56904318","","0.0934","A"
"4","Trait5","pKWmEB","NsiI.TP331423"," 4","56913396","","0.1715","C"
"4","Trait5","pKWmEB","NsiI.TP438747"," 4","56934691","","1.0984","C"
"4","Trait5","pKWmEB","PstI.TP159466"," 4","56954317","","0.1289","A"
"4","Trait5","pKWmEB","PstI.TP6513"," 4","56964095","","0.0622","A"
"4","Trait5","pKWmEB","NsiI.TP176730"," 4","56998426","","0.2801","A"
"4","Trait5","pKWmEB","NsiI.TP206148"," 4","56998438","","1.3570","A"
"4","Trait5","pKWmEB","NsiI.TP439687"," 4","57063788","","0.2145","A"
"4","Trait5","pKWmEB","PstI.TP128515"," 4","57065304","","0.7616","A"
"4","Trait5","pKWmEB","PstI.TP421127"," 4","57085377","","0.1160","C"
"4","Trait5","pKWmEB","NsiI.TP759572"," 4","57095849","","0.6899","G"
"4","Trait5","pKWmEB","PstI.TP661203"," 4","57100807","","0.5804","A"
"4","Trait5","pKWmEB","PstI.TP73198"," 4","57132612","","0.3316","A"
"4","Trait5","pKWmEB","NsiI.TP503145"," 4","57153113","","0.8378","A"
"4","Trait5","pKWmEB","NsiI.TP71603"," 4","57156396","","0.3343","A"
"4","Trait5","pKWmEB","PstI.TP641006"," 4","57157671","","0.8393","A"
"4","Trait5","pKWmEB","PstI.TP858505"," 4","57158801","","0.0731","C"
"4","Trait5","pKWmEB","PstI.TP137179"," 4","57159505","","0.8012","A"
"4","Trait5","pKWmEB","PstI.TP572234"," 4","57174114","","0.1844","A"
"4","Trait5","pKWmEB","NsiI.TP389841"," 4","57182535","","1.3015","A"
"4","Trait5","pKWmEB","NsiI.TP553449"," 4","57182560","","0.1184","G"
"4","Trait5","pKWmEB","PstI.TP818006"," 4","57188936","","0.2499","A"
"4","Trait5","pKWmEB","NsiI.TP175967"," 4","57203178","","0.0457","A"
"4","Trait5","pKWmEB","NsiI.TP717913"," 4","57224161","","0.5797","G"
"4","Trait5","pKWmEB","NsiI.TP752454"," 4","57230163","","1.7401","C"
"4","Trait5","pKWmEB","NsiI.TP615669"," 4","57235730","","0.0666","C"
"4","Trait5","pKWmEB","PstI.TP663261"," 4","57247758","","0.5677","C"
"4","Trait5","pKWmEB","NsiI.TP100469"," 4","57248732","","0.6885","C"
"4","Trait5","pKWmEB","PstI.TP41450"," 4","57358739","","0.7201","A"
"4","Trait5","pKWmEB","PstI.TP41452"," 4","57358774","","0.0661","A"
"4","Trait5","pKWmEB","PstI.TP121942"," 4","57360370","","0.9380","C"
"4","Trait5","pKWmEB","PstI.TP441794"," 4","57386478","","0.1383","A"
"4","Trait5","pKWmEB","NsiI.TP637476"," 4","57403726","","0.2780","A"
"4","Trait5","pKWmEB","NsiI.TP41461"," 4","57410522","","0.2837","A"
"4","Trait5","pKWmEB","PstI.TP807820"," 4","57467261","","0.1454","G"
"4","Trait5","pKWmEB","NsiI.TP113086"," 4","57482039","","0.0000","C"
"4","Trait5","pKWmEB","PstI.TP122369"," 4","57517903","","0.2180","A"
"4","Trait5","pKWmEB","PstI.TP150013"," 4","57517927","","0.0187","C"
"4","Trait5","pKWmEB","NsiI.TP735602"," 4","57518876","","0.0656","C"
"4","Trait5","pKWmEB","PstI.TP1225296"," 4","57521701","","0.7643","C"
"4","Trait5","pKWmEB","PstI.TP213688"," 4","57521992","","0.4806","C"
"4","Trait5","pKWmEB","PstI.TP1019779"," 4","57524658","","0.2079","C"
"4","Trait5","pKWmEB","PstI.TP98675"," 4","57524900","","0.3079","C"
"4","Trait5","pKWmEB","GFSSContig15964_682"," 4","57538403","","0.2891","T"
"4","Trait5","pKWmEB","NsiI.TP59983"," 4","57547883","","0.2801","A"
"4","Trait5","pKWmEB","PstI.TP1070026"," 4","57558817","","0.0235","A"
"4","Trait5","pKWmEB","PstI.TP1211202"," 4","57572558","","0.8166","C"
"4","Trait5","pKWmEB","PstI.TP771187"," 4","57601178","","0.4730","A"
"4","Trait5","pKWmEB","NsiI.TP447213"," 4","57609104","","0.2329","A"
"4","Trait5","pKWmEB","NsiI.TP420372"," 4","57623143","","0.4125","A"
"4","Trait5","pKWmEB","PstI.TP469343"," 4","57648841","","0.3496","C"
"4","Trait5","pKWmEB","NsiI.TP821316"," 4","57659865","","0.0313","C"
"4","Trait5","pKWmEB","NsiI.TP360192"," 4","57666407","","0.2560","C"
"4","Trait5","pKWmEB","NsiI.TP360542"," 4","57671826","","0.2645","C"
"4","Trait5","pKWmEB","NsiI.TP333586"," 4","57671856","","0.2239","A"
"4","Trait5","pKWmEB","NsiI.TP661404"," 4","57708595","","0.1873","A"
"4","Trait5","pKWmEB","NsiI.TP473787"," 4","57709868","","0.7754","C"
"4","Trait5","pKWmEB","NsiI.TP475513"," 4","57709886","","0.0257","C"
"4","Trait5","pKWmEB","PstI.TP1179779"," 4","57733259","","0.7512","C"
"4","Trait5","pKWmEB","GFSSContig12142_295"," 4","57734882","","0.1522","A"
"4","Trait5","pKWmEB","PstI.TP1199069"," 4","57736484","","0.0577","C"
"4","Trait5","pKWmEB","NsiI.TP528737"," 4","57746048","","1.5569","C"
"4","Trait5","pKWmEB","PstI.TP894258"," 4","57750214","","0.3270","C"
"4","Trait5","pKWmEB","PstI.TP527159"," 4","57766844","","0.9012","C"
"4","Trait5","pKWmEB","PstI.TP998558"," 4","57766875","","0.7717","A"
"4","Trait5","pKWmEB","PstI.TP998613"," 4","57808215","","0.5613","A"
"4","Trait5","pKWmEB","PstI.TP310740"," 4","57809441","","0.6179","A"
"4","Trait5","pKWmEB","NsiI.TP676678"," 4","57809690","","0.1594","A"
"4","Trait5","pKWmEB","NsiI.TP146448"," 4","57810772","","0.2247","C"
"4","Trait5","pKWmEB","NsiI.TP276799"," 4","57812210","","1.0205","A"
"4","Trait5","pKWmEB","PstI.TP1133387"," 4","57821028","","1.4637","C"
"4","Trait5","pKWmEB","PstI.TP1133385"," 4","57821066","","0.2597","C"
"4","Trait5","pKWmEB","NsiI.TP625251"," 4","57822346","","0.3943","C"
"4","Trait5","pKWmEB","PstI.TP1149922"," 4","57832152","","0.2801","G"
"4","Trait5","pKWmEB","NsiI.TP162922"," 4","57856165","","0.8163","A"
"4","Trait5","pKWmEB","PstI.TP1148070"," 4","57865747","","0.3348","G"
"4","Trait5","pKWmEB","PstI.TP768574"," 4","57878359","","0.1035","A"
"4","Trait5","pKWmEB","NsiI.TP329488"," 4","57907146","","0.6728","A"
"4","Trait5","pKWmEB","PstI.TP530627"," 4","57907294","","1.1422","A"
"4","Trait5","pKWmEB","NsiI.TP668767"," 4","57917211","","0.4773","C"
"4","Trait5","pKWmEB","NsiI.TP690515"," 4","57942423","","0.0812","C"
"4","Trait5","pKWmEB","NsiI.TP408344"," 4","57943493","","0.0377","A"
"4","Trait5","pKWmEB","PstI.TP331765"," 4","58025299","","0.5403","A"
"4","Trait5","pKWmEB","PstI.TP771799"," 4","58026767","","0.0992","A"
"4","Trait5","pKWmEB","PstI.TP17148"," 4","58030737","","0.0491","A"
"4","Trait5","pKWmEB","NsiI.TP752426"," 4","58049068","","0.0603","A"
"4","Trait5","pKWmEB","NsiI.TP830164"," 4","58049149","","0.3085","C"
"4","Trait5","pKWmEB","PstI.TP808392"," 4","58052669","","0.0064","C"
"4","Trait5","pKWmEB","PstI.TP345727"," 4","58070330","","0.1943","G"
"4","Trait5","pKWmEB","PstI.TP12395"," 4","58075868","","0.4010","C"
"4","Trait5","pKWmEB","PstI.TP376858"," 4","58079172","","0.1365","A"
"4","Trait5","pKWmEB","PstI.TP882163"," 4","58087026","","0.4607","C"
"4","Trait5","pKWmEB","PstI.TP1012823"," 4","58094495","","0.0315","A"
"4","Trait5","pKWmEB","NsiI.TP402511"," 4","58096507","","0.0860","C"
"4","Trait5","pKWmEB","PstI.TP107349"," 4","58096875","","0.0255","C"
"4","Trait5","pKWmEB","NsiI.TP407503"," 4","58103386","","0.7655","A"
"4","Trait5","pKWmEB","PstI.TP553056"," 4","58107085","","0.1960","A"
"4","Trait5","pKWmEB","PstI.TP132481"," 4","58123979","","0.3597","A"
"4","Trait5","pKWmEB","NsiI.TP374862"," 4","58138458","","1.2740","C"
"4","Trait5","pKWmEB","NsiI.TP426364"," 4","58143413","","0.0186","A"
"4","Trait5","pKWmEB","NsiI.TP437100"," 4","58143606","","0.1060","C"
"4","Trait5","pKWmEB","PstI.TP475894"," 4","58148297","","0.2653","A"
"4","Trait5","pKWmEB","PstI.TP578751"," 4","58148374","","0.5206","A"
"4","Trait5","pKWmEB","PstI.TP105629"," 4","58160218","","0.0752","A"
"4","Trait5","pKWmEB","NsiI.TP6022"," 4","58163548","","0.4210","C"
"4","Trait5","pKWmEB","NsiI.TP6292"," 4","58163559","","1.2072","C"
"4","Trait5","pKWmEB","PstI.TP283944"," 4","58233546","","0.3031","A"
"4","Trait5","pKWmEB","PstI.TP283938"," 4","58233574","","0.6677","G"
"4","Trait5","pKWmEB","PstI.TP1022079"," 4","58234076","","0.1829","A"
"4","Trait5","pKWmEB","PstI.TP344793"," 4","58236912","","0.2750","C"
"4","Trait5","pKWmEB","NsiI.TP191074"," 4","58245094","","0.2310","A"
"4","Trait5","pKWmEB","PstI.TP223112"," 4","58245905","","0.1573","C"
"4","Trait5","pKWmEB","PstI.TP767797"," 4","58249883","","0.3168","A"
"4","Trait5","pKWmEB","NsiI.TP711986"," 4","58255334","","0.3578","A"
"4","Trait5","pKWmEB","PstI.TP1173293"," 4","58270518","","0.1298","A"
"4","Trait5","pKWmEB","PstI.TP729563"," 4","58271354","","0.6854","A"
"4","Trait5","pKWmEB","NsiI.TP543370"," 4","58291205","","0.0656","C"
"4","Trait5","pKWmEB","NsiI.TP403179"," 4","58329230","","0.0656","A"
"4","Trait5","pKWmEB","PstI.TP181902"," 4","58331067","","0.8396","C"
"4","Trait5","pKWmEB","NsiI.TP493726"," 4","58337940","","0.7963","C"
"4","Trait5","pKWmEB","PstI.TP1114565"," 4","58337982","","0.5597","C"
"4","Trait5","pKWmEB","NsiI.TP19151"," 4","58369381","","0.1439","A"
"4","Trait5","pKWmEB","PstI.TP1153086"," 4","58369423","","0.1733","A"
"4","Trait5","pKWmEB","NsiI.TP139268"," 4","58370316","","0.0195","C"
"4","Trait5","pKWmEB","NsiI.TP139195"," 4","58370330","","0.3182","A"
"4","Trait5","pKWmEB","PstI.TP170114"," 4","58371291","","0.9618","A"
"4","Trait5","pKWmEB","NsiI.TP444747"," 4","58371791","","1.0059","A"
"4","Trait5","pKWmEB","NsiI.TP241832"," 4","58375476","","0.4941","C"
"4","Trait5","pKWmEB","NsiI.TP59139"," 4","58380615","","0.1202","C"
"4","Trait5","pKWmEB","NsiI.TP59138"," 4","58380619","","0.1946","C"
"4","Trait5","pKWmEB","NsiI.TP629330"," 4","58381232","","0.5480","A"
"4","Trait5","pKWmEB","NsiI.TP428830"," 4","58381654","","0.0657","A"
"4","Trait5","pKWmEB","PstI.TP41983"," 4","58381864","","0.0972","A"
"4","Trait5","pKWmEB","NsiI.TP249784"," 4","58390897","","0.7696","C"
"4","Trait5","pKWmEB","PstI.TP356948"," 4","58406481","","0.0287","A"
"4","Trait5","pKWmEB","PstI.TP440219"," 4","58416696","","0.3654","A"
"4","Trait5","pKWmEB","PstI.TP440217"," 4","58416727","","0.4673","A"
"4","Trait5","pKWmEB","NsiI.TP431852"," 4","58431342","","0.5615","C"
"4","Trait5","pKWmEB","NsiI.TP544401"," 4","58458296","","1.0281","C"
"4","Trait5","pKWmEB","PstI.TP818620"," 4","58464945","","1.6175","A"
"4","Trait5","pKWmEB","PstI.TP1274767"," 4","58467805","","0.0354","C"
"4","Trait5","pKWmEB","NsiI.TP589251"," 4","58471749","","0.0214","A"
"4","Trait5","pKWmEB","NsiI.TP801233"," 4","58471794","","0.4931","A"
"4","Trait5","pKWmEB","PstI.TP865092"," 4","58472121","","0.7647","C"
"4","Trait5","pKWmEB","PstI.TP1163104"," 4","58482437","","0.1619","A"
"4","Trait5","pKWmEB","NsiI.TP467426"," 4","58486163","","0.0379","C"
"4","Trait5","pKWmEB","NsiI.TP390224"," 4","58488769","","1.3707","C"
"4","Trait5","pKWmEB","NsiI.TP390222"," 4","58488770","","0.4114","A"
"4","Trait5","pKWmEB","PstI.TP760763"," 4","58494111","","0.8477","G"
"4","Trait5","pKWmEB","PstI.TP1213902"," 4","58497692","","0.2081","A"
"4","Trait5","pKWmEB","PstI.TP789324"," 4","58498356","","0.3138","A"
"4","Trait5","pKWmEB","PstI.TP31016"," 4","58501198","","0.8753","C"
"4","Trait5","pKWmEB","PstI.TP1049411"," 4","58511842","","0.0118","A"
"4","Trait5","pKWmEB","NsiI.TP676964"," 4","58512473","","0.1493","A"
"4","Trait5","pKWmEB","NsiI.TP467061"," 4","58518519","","0.4052","A"
"4","Trait5","pKWmEB","PstI.TP41263"," 4","58519406","","0.6721","A"
"4","Trait5","pKWmEB","PstI.TP1159006"," 4","58521262","","0.4300","C"
"4","Trait5","pKWmEB","NsiI.TP804256"," 4","58532779","","0.0825","C"
"4","Trait5","pKWmEB","NsiI.TP632000"," 4","58540893","","0.1026","G"
"4","Trait5","pKWmEB","NsiI.TP586387"," 4","58541190","","0.0975","C"
"4","Trait5","pKWmEB","GFSSContig18615_2488"," 4","58572773","","0.9646","A"
"4","Trait5","pKWmEB","PstI.TP176835"," 4","58581800","","0.7095","A"
"4","Trait5","pKWmEB","PstI.TP64510"," 4","58593795","","0.4071","A"
"4","Trait5","pKWmEB","NsiI.TP187242"," 4","58615128","","0.6211","G"
"4","Trait5","pKWmEB","PstI.TP894366"," 4","58615196","","0.0593","G"
"4","Trait5","pKWmEB","NsiI.TP203346"," 4","58617229","","0.1019","C"
"4","Trait5","pKWmEB","GFSSContig20528_2057"," 4","58643549","","0.0714","T"
"4","Trait5","pKWmEB","PstI.TP745595"," 4","58645655","","0.6185","A"
"4","Trait5","pKWmEB","PstI.TP888658"," 4","58646358","","0.0872","C"
"4","Trait5","pKWmEB","PstI.TP888662"," 4","58646372","","0.1768","C"
"4","Trait5","pKWmEB","PstI.TP1175195"," 4","58665507","","0.0997","A"
"4","Trait5","pKWmEB","NsiI.TP630448"," 4","58676426","","0.4108","A"
"4","Trait5","pKWmEB","PstI.TP381646"," 4","58721377","","0.2110","A"
"4","Trait5","pKWmEB","PstI.TP224720"," 4","58736754","","0.5662","A"
"4","Trait5","pKWmEB","PstI.TP231570"," 4","58786116","","1.1972","C"
"4","Trait5","pKWmEB","PstI.TP969702"," 4","58874917","","0.0168","C"
"4","Trait5","pKWmEB","PstI.TP1200707"," 4","58878410","","0.6957","A"
"4","Trait5","pKWmEB","PstI.TP43507"," 4","58903757","","1.0207","A"
"4","Trait5","pKWmEB","PstI.TP787312"," 4","58905175","","0.1939","A"
"4","Trait5","pKWmEB","NsiI.TP384648"," 4","58917263","","0.3292","C"
"4","Trait5","pKWmEB","PstI.TP1162372"," 4","58920213","","0.3621","G"
"4","Trait5","pKWmEB","NsiI.TP626952"," 4","58960873","","0.1946","A"
"4","Trait5","pKWmEB","PstI.TP296039"," 4","58971059","","0.0086","A"
"4","Trait5","pKWmEB","PstI.TP33069"," 4","58971457","","1.0722","G"
"4","Trait5","pKWmEB","PstI.TP705780"," 4","58975673","","0.1182","C"
"4","Trait5","pKWmEB","PstI.TP1021425"," 4","58989180","","0.0619","C"
"4","Trait5","pKWmEB","NsiI.TP453307"," 4","59001286","","0.2911","C"
"4","Trait5","pKWmEB","PstI.TP1108219"," 4","59036645","","0.9140","C"
"4","Trait5","pKWmEB","PstI.TP1057462"," 4","59054044","","1.5359","A"
"4","Trait5","pKWmEB","NsiI.TP328235"," 4","59067949","","0.5241","C"
"4","Trait5","pKWmEB","PstI.TP1000572"," 4","59072057","","0.0978","A"
"4","Trait5","pKWmEB","PstI.TP1000573"," 4","59072069","","0.2222","A"
"4","Trait5","pKWmEB","PstI.TP923206"," 4","59076673","","0.2868","G"
"4","Trait5","pKWmEB","NsiI.TP109547"," 4","59112228","","0.4416","A"
"4","Trait5","pKWmEB","PstI.TP1029730"," 4","59112616","","0.1911","A"
"4","Trait5","pKWmEB","PstI.TP901062"," 4","59125009","","1.3440","A"
"4","Trait5","pKWmEB","NsiI.TP468336"," 4","59130465","","0.2095","C"
"4","Trait5","pKWmEB","NsiI.TP267647"," 4","59132258","","0.0020","A"
"4","Trait5","pKWmEB","PstI.TP501004"," 4","59141781","","0.7457","C"
"4","Trait5","pKWmEB","NsiI.TP260079"," 4","59160888","","0.8757","C"
"4","Trait5","pKWmEB","NsiI.TP613588"," 4","59168705","","0.0708","A"
"4","Trait5","pKWmEB","PstI.TP195932"," 4","59194807","","0.9363","A"
"4","Trait5","pKWmEB","PstI.TP647611"," 4","59195320","","1.2455","C"
"4","Trait5","pKWmEB","PstI.TP267459"," 4","59203688","","0.5484","C"
"4","Trait5","pKWmEB","NsiI.TP504601"," 4","59208633","","0.5365","A"
"4","Trait5","pKWmEB","PstI.TP991511"," 4","59220862","","0.6026","C"
"4","Trait5","pKWmEB","PstI.TP1140574"," 4","59227314","","0.2918","C"
"4","Trait5","pKWmEB","PstI.TP115496"," 4","59238628","","0.3388","A"
"4","Trait5","pKWmEB","NsiI.TP632086"," 4","59238758","","0.0676","C"
"4","Trait5","pKWmEB","PstI.TP100567"," 4","59239060","","0.6350","A"
"4","Trait5","pKWmEB","PstI.TP1185839"," 4","59245310","","0.0435","C"
"4","Trait5","pKWmEB","PstI.TP934679"," 4","59260103","","0.1192","C"
"4","Trait5","pKWmEB","PstI.TP807231"," 4","59272271","","0.1941","A"
"4","Trait5","pKWmEB","PstI.TP452167"," 4","59301639","","0.4773","A"
"4","Trait5","pKWmEB","PstI.TP1291730"," 4","59303538","","0.5573","A"
"4","Trait5","pKWmEB","NsiI.TP603172"," 4","59306929","","0.1905","A"
"4","Trait5","pKWmEB","PstI.TP10691"," 4","59317132","","0.0717","A"
"4","Trait5","pKWmEB","NsiI.TP603267"," 4","59317315","","1.6722","A"
"4","Trait5","pKWmEB","NsiI.TP608014"," 4","59335265","","0.2594","A"
"4","Trait5","pKWmEB","NsiI.TP119362"," 4","59335977","","0.0986","G"
"4","Trait5","pKWmEB","PstI.TP1281114"," 4","59340580","","0.0295","A"
"4","Trait5","pKWmEB","PstI.TP1146516"," 4","59340595","","0.7145","C"
"4","Trait5","pKWmEB","NsiI.TP118046"," 4","59348212","","0.0997","A"
"4","Trait5","pKWmEB","PstI.TP48949"," 4","59372371","","0.5897","C"
"4","Trait5","pKWmEB","PstI.TP8376"," 4","59384691","","0.2449","A"
"4","Trait5","pKWmEB","NsiI.TP527269"," 4","59397197","","0.9403","A"
"4","Trait5","pKWmEB","NsiI.TP494824"," 4","59406806","","0.4497","C"
"4","Trait5","pKWmEB","PstI.TP1121237"," 4","59420333","","0.1126","C"
"4","Trait5","pKWmEB","PstI.TP392945"," 4","59422177","","0.1975","A"
"4","Trait5","pKWmEB","PstI.TP210056"," 4","59447080","","1.3804","A"
"4","Trait5","pKWmEB","PstI.TP1231044"," 4","59447790","","0.7143","A"
"4","Trait5","pKWmEB","PstI.TP539447"," 4","59448338","","0.2936","A"
"4","Trait5","pKWmEB","GFSSContig18947_1253"," 4","59454585","","0.0066","A"
"4","Trait5","pKWmEB","NsiI.TP21186"," 4","59459111","","0.7529","A"
"4","Trait5","pKWmEB","NsiI.TP702438"," 4","59465826","","0.5555","A"
"4","Trait5","pKWmEB","NsiI.TP175226"," 4","59482030","","0.0862","C"
"4","Trait5","pKWmEB","PstI.TP840334"," 4","59482155","","0.0061","A"
"4","Trait5","pKWmEB","PstI.TP77737"," 4","59482294","","0.8049","C"
"4","Trait5","pKWmEB","PstI.TP87622"," 4","59482310","","0.6584","C"
"4","Trait5","pKWmEB","NsiI.TP746666"," 4","59482378","","0.0617","C"
"4","Trait5","pKWmEB","PstI.TP1082692"," 4","59482597","","0.1032","C"
"4","Trait5","pKWmEB","PstI.TP185694"," 4","59489411","","0.4574","C"
"4","Trait5","pKWmEB","NsiI.TP449941"," 4","59505111","","0.2024","C"
"4","Trait5","pKWmEB","PstI.TP39923"," 4","59505323","","0.7112","A"
"4","Trait5","pKWmEB","NsiI.TP452950"," 4","59507302","","1.1194","G"
"4","Trait5","pKWmEB","PstI.TP291303"," 4","59509576","","0.0657","C"
"4","Trait5","pKWmEB","PstI.TP291227"," 4","59509607","","0.0951","A"
"4","Trait5","pKWmEB","NsiI.TP102127"," 4","59509671","","0.0071","C"
"4","Trait5","pKWmEB","PstI.TP174245"," 4","59512386","","0.6156","C"
"4","Trait5","pKWmEB","NsiI.TP503770"," 4","59512647","","0.4542","A"
"4","Trait5","pKWmEB","NsiI.TP619861"," 4","59517946","","0.3174","A"
"4","Trait5","pKWmEB","NsiI.TP576814"," 4","59518004","","0.8935","C"
"4","Trait5","pKWmEB","NsiI.TP534092"," 4","59519031","","0.3322","G"
"4","Trait5","pKWmEB","NsiI.TP42801"," 4","59521749","","0.4243","A"
"4","Trait5","pKWmEB","PstI.TP1022311"," 4","59536613","","0.1522","C"
"4","Trait5","pKWmEB","PstI.TP931588"," 4","59539332","","0.4391","A"
"4","Trait5","pKWmEB","PstI.TP548830"," 4","59544955","","0.6073","A"
"4","Trait5","pKWmEB","PstI.TP152315"," 4","59547005","","0.2026","A"
"4","Trait5","pKWmEB","PstI.TP396492"," 4","59554328","","0.4737","C"
"4","Trait5","pKWmEB","PstI.TP217578"," 4","59554604","","0.4414","A"
"4","Trait5","pKWmEB","NsiI.TP244760"," 4","59561182","","0.3404","C"
"4","Trait5","pKWmEB","PstI.TP690745"," 4","59576775","","1.1309","A"
"4","Trait5","pKWmEB","NsiI.TP508264"," 4","59577573","","0.2514","G"
"4","Trait5","pKWmEB","PstI.TP344528"," 4","59577900","","1.3774","A"
"4","Trait5","pKWmEB","PstI.TP116978"," 4","59577988","","1.1765","A"
"4","Trait5","pKWmEB","NsiI.TP410387"," 4","59580800","","0.1091","A"
"4","Trait5","pKWmEB","NsiI.TP746479"," 4","59599658","","0.1128","C"
"4","Trait5","pKWmEB","PstI.TP839365"," 4","59601391","","0.4405","A"
"4","Trait5","pKWmEB","PstI.TP1135443"," 4","59606529","","0.2453","A"
"4","Trait5","pKWmEB","PstI.TP200453"," 4","59613518","","0.3096","A"
"4","Trait5","pKWmEB","NsiI.TP625413"," 4","59613955","","1.5193","A"
"4","Trait5","pKWmEB","PstI.TP1127121"," 4","59618985","","0.7809","A"
"4","Trait5","pKWmEB","NsiI.TP530590"," 4","59619375","","0.7280","C"
"4","Trait5","pKWmEB","PstI.TP1024604"," 4","59621675","","0.4077","C"
"4","Trait5","pKWmEB","PstI.TP1024605"," 4","59621675","","0.7398","C"
"4","Trait5","pKWmEB","NsiI.TP60459"," 4","59680771","","0.0494","C"
"4","Trait5","pKWmEB","PstI.TP216124"," 4","59692055","","0.5442","A"
"4","Trait5","pKWmEB","PstI.TP792995"," 4","59703546","","0.1175","C"
"4","Trait5","pKWmEB","NsiI.TP259121"," 4","59703643","","0.1057","C"
"4","Trait5","pKWmEB","PstI.TP802068"," 4","59707017","","0.2795","C"
"4","Trait5","pKWmEB","PstI.TP805955"," 4","59707035","","0.3086","A"
"4","Trait5","pKWmEB","NsiI.TP511131"," 4","59713499","","0.1442","C"
"4","Trait5","pKWmEB","PstI.TP277085"," 4","59747654","","0.9627","A"
"4","Trait5","pKWmEB","GFSSContig11593_662"," 4","59751649","","0.0066","T"
"4","Trait5","pKWmEB","NsiI.TP373714"," 4","59755477","","0.0176","G"
"4","Trait5","pKWmEB","PstI.TP802287"," 4","59758032","","0.0551","A"
"4","Trait5","pKWmEB","PstI.TP790981"," 4","59791803","","0.1643","C"
"4","Trait5","pKWmEB","PstI.TP932477"," 4","59793526","","0.3036","A"
"4","Trait5","pKWmEB","PstI.TP87821"," 4","59804517","","0.9042","C"
"4","Trait5","pKWmEB","NsiI.TP253993"," 4","59812661","","0.5386","A"
"4","Trait5","pKWmEB","PstI.TP79118"," 4","59823158","","0.5111","G"
"4","Trait5","pKWmEB","PstI.TP769987"," 4","59859528","","0.3342","C"
"4","Trait5","pKWmEB","PstI.TP1227428"," 4","59859537","","0.0316","A"
"4","Trait5","pKWmEB","PstI.TP52859"," 4","59863827","","0.0440","A"
"4","Trait5","pKWmEB","NsiI.TP753767"," 4","59866757","","0.4095","A"
"4","Trait5","pKWmEB","NsiI.TP338274"," 4","59872530","","0.1871","C"
"4","Trait5","pKWmEB","NsiI.TP207636"," 4","59877323","","0.3374","A"
"4","Trait5","pKWmEB","PstI.TP327603"," 4","59881403","","1.2544","C"
"4","Trait5","pKWmEB","PstI.TP428409"," 4","59891984","","1.1917","C"
"4","Trait5","pKWmEB","PstI.TP1101756"," 4","59896542","","0.5630","A"
"4","Trait5","pKWmEB","NsiI.TP172625"," 4","59908584","","0.0650","C"
"4","Trait5","pKWmEB","PstI.TP1287384"," 4","59909017","","1.2709","C"
"4","Trait5","pKWmEB","PstI.TP1012985"," 4","59909080","","1.2450","A"
"4","Trait5","pKWmEB","PstI.TP301125"," 4","59910841","","0.1484","C"
"4","Trait5","pKWmEB","PstI.TP581044"," 4","59910918","","0.7120","A"
"4","Trait5","pKWmEB","NsiI.TP748864"," 4","59921430","","0.1204","A"
"4","Trait5","pKWmEB","NsiI.TP748865"," 4","59921478","","0.0780","C"
"4","Trait5","pKWmEB","PstI.TP978310"," 4","60023803","","0.4693","C"
"4","Trait5","pKWmEB","NsiI.TP719008"," 4","60028257","","0.4388","C"
"4","Trait5","pKWmEB","NsiI.TP359016"," 4","60033427","","2.8938","A"
"4","Trait5","pKWmEB","NsiI.TP396954"," 4","60072885","","1.2194","G"
"4","Trait5","pKWmEB","NsiI.TP328929"," 4","60078057","","0.3075","A"
"4","Trait5","pKWmEB","NsiI.TP654012"," 4","60099769","","0.1715","C"
"4","Trait5","pKWmEB","PstI.TP226867"," 4","60106689","","0.7050","A"
"4","Trait5","pKWmEB","PstI.TP648736"," 4","60109935","","1.8332","A"
"4","Trait5","pKWmEB","PstI.TP79115"," 4","60133712","","0.4548","A"
"4","Trait5","pKWmEB","NsiI.TP169339"," 4","60146192","","0.1455","A"
"4","Trait5","pKWmEB","NsiI.TP588659"," 4","60147038","","0.0371","A"
"4","Trait5","pKWmEB","NsiI.TP668689"," 4","60150849","","0.3343","A"
"4","Trait5","pKWmEB","PstI.TP1089393"," 4","60151282","","0.1463","A"
"4","Trait5","pKWmEB","PstI.TP769015"," 4","60173826","","0.1394","A"
"4","Trait5","pKWmEB","PstI.TP1160"," 4","60173873","","0.8582","A"
"4","Trait5","pKWmEB","NsiI.TP457671"," 4","60173879","","0.0353","C"
"4","Trait5","pKWmEB","PstI.TP1189383"," 4","60173881","","0.5047","A"
"4","Trait5","pKWmEB","NsiI.TP458371"," 4","60173927","","0.2801","C"
"4","Trait5","pKWmEB","NsiI.TP200598"," 4","60181523","","0.2458","A"
"4","Trait5","pKWmEB","PstI.TP242775"," 4","60186249","","0.3468","A"
"4","Trait5","pKWmEB","PstI.TP247895"," 4","60186344","","0.1537","A"
"4","Trait5","pKWmEB","PstI.TP244376"," 4","60186375","","0.5746","A"
"4","Trait5","pKWmEB","PstI.TP250307"," 4","60200974","","1.6191","A"
"4","Trait5","pKWmEB","PstI.TP1077643"," 4","60212035","","0.2934","A"
"4","Trait5","pKWmEB","NsiI.TP371546"," 4","60259433","","0.1642","C"
"4","Trait5","pKWmEB","PstI.TP147741"," 4","60281845","","0.0441","A"
"4","Trait5","pKWmEB","GFSSContig3341_337"," 4","60287468","","0.3767","A"
"4","Trait5","pKWmEB","PstI.TP1197296"," 4","60313267","","0.3146","A"
"4","Trait5","pKWmEB","NsiI.TP59894"," 4","60313467","","0.2110","A"
"4","Trait5","pKWmEB","PstI.TP259005"," 4","60322060","","0.5727","A"
"4","Trait5","pKWmEB","NsiI.TP379544"," 4","60322608","","0.0983","A"
"4","Trait5","pKWmEB","NsiI.TP784131"," 4","60322804","","1.7224","A"
"4","Trait5","pKWmEB","PstI.TP410557"," 4","60353279","","0.0987","A"
"4","Trait5","pKWmEB","PstI.TP227212"," 4","60353571","","0.0989","C"
"4","Trait5","pKWmEB","NsiI.TP379280"," 4","60356162","","0.3696","C"
"4","Trait5","pKWmEB","NsiI.TP6762"," 4","60357138","","0.1416","C"
"4","Trait5","pKWmEB","NsiI.TP176156"," 4","60360407","","0.5235","C"
"4","Trait5","pKWmEB","GFSSContig9551_264"," 4","60420224","","0.0202","T"
"4","Trait5","pKWmEB","PstI.TP644096"," 4","60430104","","0.0337","A"
"4","Trait5","pKWmEB","PstI.TP170030"," 4","60437496","","0.3977","A"
"4","Trait5","pKWmEB","NsiI.TP624872"," 4","60455775","","0.0078","G"
"4","Trait5","pKWmEB","PstI.TP187149"," 4","60457007","","0.1847","C"
"4","Trait5","pKWmEB","PstI.TP548630"," 4","60474887","","1.6065","A"
"4","Trait5","pKWmEB","PstI.TP697705"," 4","60476665","","0.0830","C"
"4","Trait5","pKWmEB","PstI.TP697701"," 4","60476700","","0.0193","C"
"4","Trait5","pKWmEB","NsiI.TP617869"," 4","60503897","","0.0835","A"
"4","Trait5","pKWmEB","PstI.TP1091447"," 4","60531817","","0.0285","A"
"4","Trait5","pKWmEB","PstI.TP665836"," 4","60532632","","0.9116","C"
"4","Trait5","pKWmEB","NsiI.TP334060"," 4","60538602","","0.5580","C"
"4","Trait5","pKWmEB","NsiI.TP114115"," 4","60563069","","0.2766","C"
"4","Trait5","pKWmEB","NsiI.TP210548"," 4","60571656","","0.5942","C"
"4","Trait5","pKWmEB","PstI.TP469498"," 4","60622173","","0.5613","A"
"4","Trait5","pKWmEB","NsiI.TP526093"," 4","60623887","","0.1081","C"
"4","Trait5","pKWmEB","PstI.TP405116"," 4","60667768","","0.0408","C"
"4","Trait5","pKWmEB","NsiI.TP224655"," 4","60669109","","0.4368","C"
"4","Trait5","pKWmEB","PstI.TP496749"," 4","60669113","","0.0686","C"
"4","Trait5","pKWmEB","NsiI.TP702380"," 4","60669175","","0.2781","A"
"4","Trait5","pKWmEB","PstI.TP921631"," 4","60685387","","0.3679","C"
"4","Trait5","pKWmEB","PstI.TP285863"," 4","60698941","","0.0933","C"
"4","Trait5","pKWmEB","PstI.TP94963"," 4","60699101","","0.6300","A"
"4","Trait5","pKWmEB","PstI.TP460796"," 4","60714463","","0.1311","A"
"4","Trait5","pKWmEB","PstI.TP988094"," 4","60716553","","0.9016","C"
"4","Trait5","pKWmEB","NsiI.TP113606"," 4","60730934","","0.5872","C"
"4","Trait5","pKWmEB","PstI.TP295724"," 4","60732160","","0.0554","A"
"4","Trait5","pKWmEB","NsiI.TP343430"," 4","60742222","","0.3388","A"
"4","Trait5","pKWmEB","PstI.TP298106"," 4","60749631","","0.5518","C"
"4","Trait5","pKWmEB","PstI.TP2449"," 4","60762576","","0.2290","A"
"4","Trait5","pKWmEB","NsiI.TP695268"," 4","60804262","","0.0860","A"
"4","Trait5","pKWmEB","NsiI.TP554568"," 4","60805746","","0.7762","A"
"4","Trait5","pKWmEB","NsiI.TP299102"," 4","60808910","","0.0316","C"
"4","Trait5","pKWmEB","NsiI.TP751462"," 4","60813193","","0.5807","C"
"4","Trait5","pKWmEB","PstI.TP95875"," 4","60823379","","0.1872","C"
"4","Trait5","pKWmEB","PstI.TP374326"," 4","60827920","","0.1600","C"
"4","Trait5","pKWmEB","NsiI.TP36284"," 4","60829214","","0.1364","A"
"4","Trait5","pKWmEB","NsiI.TP190623"," 4","60835548","","0.3030","A"
"4","Trait5","pKWmEB","PstI.TP675318"," 4","60844616","","1.4580","A"
"4","Trait5","pKWmEB","NsiI.TP643172"," 4","60879734","","0.4545","C"
"4","Trait5","pKWmEB","PstI.TP444376"," 4","60881210","","1.2418","A"
"4","Trait5","pKWmEB","NsiI.TP421277"," 4","60882690","","0.2862","C"
"4","Trait5","pKWmEB","PstI.TP1050629"," 4","60884477","","1.2838","A"
"4","Trait5","pKWmEB","PstI.TP1060464"," 4","60920381","","0.3013","A"
"4","Trait5","pKWmEB","NsiI.TP287007"," 4","60929712","","0.4261","C"
"4","Trait5","pKWmEB","NsiI.TP287006"," 4","60929713","","0.7781","C"
"4","Trait5","pKWmEB","GFSSContig17394_1831"," 4","60942233","","0.5645","A"
"4","Trait5","pKWmEB","PstI.TP1263866"," 4","60944506","","0.0913","A"
"4","Trait5","pKWmEB","NsiI.TP631291"," 4","60953300","","0.2476","C"
"4","Trait5","pKWmEB","PstI.TP994052"," 4","60973347","","0.1802","A"
"4","Trait5","pKWmEB","NsiI.TP312212"," 4","61016293","","0.5386","C"
"4","Trait5","pKWmEB","GFSSContig20426_150"," 4","61025190","","0.0586","T"
"4","Trait5","pKWmEB","PstI.TP170725"," 4","61053149","","0.3393","C"
"4","Trait5","pKWmEB","PstI.TP464751"," 4","61061436","","0.2318","C"
"4","Trait5","pKWmEB","NsiI.TP541233"," 4","61063682","","0.0497","A"
"4","Trait5","pKWmEB","PstI.TP480983"," 4","61064043","","0.7284","C"
"4","Trait5","pKWmEB","NsiI.TP293331"," 4","61065423","","0.4976","A"
"4","Trait5","pKWmEB","PstI.TP737691"," 4","61070148","","0.4393","A"
"4","Trait5","pKWmEB","NsiI.TP145698"," 4","61071356","","0.1824","C"
"4","Trait5","pKWmEB","NsiI.TP750593"," 4","61084375","","0.7291","A"
"4","Trait5","pKWmEB","PstI.TP217994"," 4","61088428","","2.2825","A"
"4","Trait5","pKWmEB","PstI.TP712689"," 4","61106711","","0.0897","C"
"4","Trait5","pKWmEB","NsiI.TP715248"," 4","61107311","","1.2048","C"
"4","Trait5","pKWmEB","NsiI.TP458626"," 4","61107458","","0.1573","G"
"4","Trait5","pKWmEB","PstI.TP336004"," 4","61112310","","0.2484","G"
"4","Trait5","pKWmEB","NsiI.TP629133"," 4","61115450","","0.0258","A"
"4","Trait5","pKWmEB","GFSSContig19603_1415"," 4","61145386","","1.4089","T"
"4","Trait5","pKWmEB","PstI.TP396906"," 4","61156766","","0.6088","C"
"4","Trait5","pKWmEB","PstI.TP526621"," 4","61169939","","0.7572","C"
"4","Trait5","pKWmEB","NsiI.TP16281"," 4","61179621","","0.5580","C"
"4","Trait5","pKWmEB","PstI.TP999900"," 4","61190544","","0.8003","A"
"4","Trait5","pKWmEB","NsiI.TP763434"," 4","61191002","","0.3227","C"
"4","Trait5","pKWmEB","PstI.TP29333"," 4","61203009","","0.5746","C"
"4","Trait5","pKWmEB","PstI.TP968747"," 4","61216267","","1.4396","C"
"4","Trait5","pKWmEB","PstI.TP704667"," 4","61217694","","0.4414","C"
"4","Trait5","pKWmEB","PstI.TP704663"," 4","61217704","","0.3316","A"
"4","Trait5","pKWmEB","PstI.TP704666"," 4","61217735","","0.7264","A"
"4","Trait5","pKWmEB","NsiI.TP270169"," 4","61265271","","0.4095","C"
"4","Trait5","pKWmEB","NsiI.TP271552"," 4","61273300","","0.2586","C"
"4","Trait5","pKWmEB","NsiI.TP200630"," 4","61273341","","0.1302","C"
"4","Trait5","pKWmEB","PstI.TP253362"," 4","61274756","","0.8774","C"
"4","Trait5","pKWmEB","PstI.TP599580"," 4","61276191","","0.9138","A"
"4","Trait5","pKWmEB","NsiI.TP287334"," 4","61276545","","0.5616","C"
"4","Trait5","pKWmEB","PstI.TP202583"," 4","61281950","","1.0793","A"
"4","Trait5","pKWmEB","PstI.TP865157"," 4","61282441","","0.0212","C"
"4","Trait5","pKWmEB","NsiI.TP503808"," 4","61283501","","0.1290","A"
"4","Trait5","pKWmEB","NsiI.TP503726"," 4","61283509","","0.1058","C"
"4","Trait5","pKWmEB","NsiI.TP455745"," 4","61290284","","0.0517","C"
"4","Trait5","pKWmEB","NsiI.TP244413"," 4","61290361","","0.2554","C"
"4","Trait5","pKWmEB","PstI.TP404112"," 4","61296221","","0.0630","A"
"4","Trait5","pKWmEB","PstI.TP1201755"," 4","61297635","","0.0105","A"
"4","Trait5","pKWmEB","PstI.TP581597"," 4","61297644","","0.1487","C"
"4","Trait5","pKWmEB","PstI.TP861790"," 4","61306266","","0.1905","A"
"4","Trait5","pKWmEB","NsiI.TP707273"," 4","61317293","","0.0485","C"
"4","Trait5","pKWmEB","NsiI.TP707272"," 4","61317343","","0.0370","G"
"4","Trait5","pKWmEB","PstI.TP115113"," 4","61331043","","0.8405","A"
"4","Trait5","pKWmEB","PstI.TP539740"," 4","61346184","","0.2269","C"
"4","Trait5","pKWmEB","PstI.TP637804"," 4","61347042","","0.0629","A"
"4","Trait5","pKWmEB","NsiI.TP244633"," 4","61361014","","1.2151","A"
"4","Trait5","pKWmEB","PstI.TP955433"," 4","61375204","","0.4315","A"
"4","Trait5","pKWmEB","NsiI.TP416267"," 4","61378609","","0.1146","C"
"4","Trait5","pKWmEB","PstI.TP1044887"," 4","61384101","","0.5791","A"
"4","Trait5","pKWmEB","PstI.TP1044893"," 4","61384104","","0.1651","C"
"4","Trait5","pKWmEB","PstI.TP235909"," 4","61384168","","0.5274","A"
"4","Trait5","pKWmEB","PstI.TP269077"," 4","61390441","","0.8082","G"
"4","Trait5","pKWmEB","NsiI.TP367824"," 4","61405317","","0.5822","G"
"4","Trait5","pKWmEB","PstI.TP1046112"," 4","61413444","","0.7447","G"
"4","Trait5","pKWmEB","NsiI.TP341531"," 4","61418251","","0.7635","C"
"4","Trait5","pKWmEB","NsiI.TP145668"," 4","61422783","","1.4238","C"
"4","Trait5","pKWmEB","NsiI.TP113037"," 4","61433519","","0.3677","A"
"4","Trait5","pKWmEB","NsiI.TP70946"," 4","61433570","","1.1854","G"
"4","Trait5","pKWmEB","NsiI.TP617196"," 4","61433598","","0.3984","A"
"4","Trait5","pKWmEB","PstI.TP694168"," 4","61440975","","1.3191","C"
"4","Trait5","pKWmEB","NsiI.TP172534"," 4","61446612","","0.8561","A"
"4","Trait5","pKWmEB","PstI.TP1200828"," 4","61449110","","0.4787","C"
"4","Trait5","pKWmEB","PstI.TP141081"," 4","61449187","","0.6768","A"
"4","Trait5","pKWmEB","PstI.TP287023"," 4","61471174","","0.0983","C"
"4","Trait5","pKWmEB","NsiI.TP587887"," 4","61482931","","0.0241","C"
"4","Trait5","pKWmEB","NsiI.TP530370"," 4","61483182","","0.0129","G"
"4","Trait5","pKWmEB","NsiI.TP530922"," 4","61483186","","0.6340","A"
"4","Trait5","pKWmEB","PstI.TP756125"," 4","61483542","","0.3797","G"
"4","Trait5","pKWmEB","NsiI.TP647722"," 4","61485044","","0.1481","A"
"4","Trait5","pKWmEB","NsiI.TP245966"," 4","61489797","","0.0526","G"
"4","Trait5","pKWmEB","NsiI.TP245967"," 4","61489840","","0.5823","C"
"4","Trait5","pKWmEB","PstI.TP819930"," 4","61490425","","1.1467","A"
"4","Trait5","pKWmEB","PstI.TP1023007"," 4","61508395","","0.0649","A"
"4","Trait5","pKWmEB","PstI.TP528554"," 4","61547343","","0.0055","A"
"4","Trait5","pKWmEB","NsiI.TP428448"," 4","61575191","","0.0263","A"
"4","Trait5","pKWmEB","NsiI.TP501409"," 4","61584139","","1.9060","A"
"4","Trait5","pKWmEB","PstI.TP132951"," 4","61588969","","0.9991","A"
"4","Trait5","pKWmEB","NsiI.TP386644"," 4","61598292","","0.9330","A"
"4","Trait5","pKWmEB","NsiI.TP121209"," 4","61601883","","0.1950","A"
"4","Trait5","pKWmEB","PstI.TP217361"," 4","61636102","","0.3042","A"
"4","Trait5","pKWmEB","PstI.TP31970"," 4","61637545","","0.6816","C"
"4","Trait5","pKWmEB","PstI.TP215160"," 4","61674199","","0.4034","C"
"4","Trait5","pKWmEB","PstI.TP312268"," 4","61681291","","0.1054","C"
"4","Trait5","pKWmEB","NsiI.TP616449"," 4","61697542","","0.3733","A"
"4","Trait5","pKWmEB","PstI.TP735408"," 4","61699435","","1.1360","C"
"4","Trait5","pKWmEB","NsiI.TP411153"," 4","61701069","","0.4446","C"
"4","Trait5","pKWmEB","PstI.TP418753"," 4","61701153","","0.0314","G"
"4","Trait5","pKWmEB","PstI.TP489911"," 4","61715101","","0.4977","C"
"4","Trait5","pKWmEB","NsiI.TP272884"," 4","61723781","","0.8189","C"
"4","Trait5","pKWmEB","PstI.TP62485"," 4","61781548","","0.6398","C"
"4","Trait5","pKWmEB","PstI.TP921956"," 4","61812706","","0.0110","A"
"4","Trait5","pKWmEB","PstI.TP225948"," 4","61822195","","0.0953","A"
"4","Trait5","pKWmEB","NsiI.TP428123"," 4","61822701","","0.3579","A"
"4","Trait5","pKWmEB","PstI.TP904927"," 4","61826204","","0.4399","A"
"4","Trait5","pKWmEB","PstI.TP640478"," 4","61836372","","0.0332","C"
"4","Trait5","pKWmEB","NsiI.TP754826"," 4","61865843","","0.0882","A"
"4","Trait5","pKWmEB","PstI.TP148299"," 4","61873463","","0.8125","A"
"4","Trait5","pKWmEB","PstI.TP1070522"," 4","61873549","","0.1054","C"
"4","Trait5","pKWmEB","NsiI.TP274412"," 4","61884326","","1.1762","A"
"4","Trait5","pKWmEB","NsiI.TP422414"," 4","61888068","","0.9880","A"
"4","Trait5","pKWmEB","NsiI.TP465080"," 4","61888499","","0.0058","A"
"4","Trait5","pKWmEB","PstI.TP1018329"," 4","61899900","","0.3951","C"
"4","Trait5","pKWmEB","PstI.TP1018327"," 4","61899904","","0.3002","A"
"4","Trait5","pKWmEB","PstI.TP329049"," 4","61906990","","0.3000","C"
"4","Trait5","pKWmEB","PstI.TP135159"," 4","61910558","","0.0225","A"
"4","Trait5","pKWmEB","PstI.TP82085"," 4","61916933","","0.7146","C"
"4","Trait5","pKWmEB","PstI.TP17501"," 4","61933860","","0.4788","C"
"4","Trait5","pKWmEB","NsiI.TP187220"," 4","61962061","","0.3562","G"
"4","Trait5","pKWmEB","PstI.TP271864"," 4","61963597","","0.1002","A"
"4","Trait5","pKWmEB","NsiI.TP406314"," 4","61971757","","1.2278","C"
"4","Trait5","pKWmEB","PstI.TP253405"," 4","61972491","","2.4163","G"
"4","Trait5","pKWmEB","PstI.TP306248"," 4","62016244","","0.3239","C"
"4","Trait5","pKWmEB","NsiI.TP421648"," 4","62016412","","0.3166","A"
"4","Trait5","pKWmEB","NsiI.TP421649"," 4","62016431","","0.0083","C"
"4","Trait5","pKWmEB","NsiI.TP470652"," 4","62039284","","0.0121","C"
"4","Trait5","pKWmEB","PstI.TP1280568"," 4","62064362","","0.1975","A"
"4","Trait5","pKWmEB","PstI.TP385172"," 4","62066420","","1.0841","G"
"4","Trait5","pKWmEB","NsiI.TP477452"," 4","62086792","","0.1532","C"
"4","Trait5","pKWmEB","NsiI.TP431359"," 4","62086798","","0.4212","C"
"4","Trait5","pKWmEB","NsiI.TP223397"," 4","62086809","","0.2975","G"
"4","Trait5","pKWmEB","PstI.TP183796"," 4","62086895","","0.8828","G"
"4","Trait5","pKWmEB","NsiI.TP245516"," 4","62088290","","0.0558","A"
"4","Trait5","pKWmEB","PstI.TP18847"," 4","62088357","","0.3114","A"
"4","Trait5","pKWmEB","PstI.TP1234257"," 4","62088432","","0.4577","A"
"4","Trait5","pKWmEB","NsiI.TP516860"," 4","62091963","","0.8025","C"
"4","Trait5","pKWmEB","NsiI.TP720441"," 4","62093773","","0.0179","A"
"4","Trait5","pKWmEB","PstI.TP124955"," 4","62104155","","0.8590","A"
"4","Trait5","pKWmEB","NsiI.TP426566"," 4","62107460","","1.3232","C"
"4","Trait5","pKWmEB","NsiI.TP232571"," 4","62107475","","0.1410","C"
"4","Trait5","pKWmEB","NsiI.TP652791"," 4","62117782","","1.7637","C"
"4","Trait5","pKWmEB","NsiI.TP57571"," 4","62124296","","0.1086","C"
"4","Trait5","pKWmEB","NsiI.TP809203"," 4","62124617","","0.1010","A"
"4","Trait5","pKWmEB","NsiI.TP465122"," 4","62164029","","0.4772","A"
"4","Trait5","pKWmEB","PstI.TP97948"," 4","62169074","","0.1082","C"
"4","Trait5","pKWmEB","PstI.TP530075"," 4","62172111","","0.0433","C"
"4","Trait5","pKWmEB","NsiI.TP764690"," 4","62188869","","0.0618","A"
"4","Trait5","pKWmEB","PstI.TP1026977"," 4","62207098","","0.8915","C"
"4","Trait5","pKWmEB","PstI.TP1191815"," 4","62207485","","0.8107","A"
"4","Trait5","pKWmEB","PstI.TP1191619"," 4","62207517","","0.1044","A"
"4","Trait5","pKWmEB","NsiI.TP77592"," 4","62215488","","0.8751","C"
"4","Trait5","pKWmEB","PstI.TP1206314"," 4","62217549","","0.2243","C"
"4","Trait5","pKWmEB","NsiI.TP460633"," 4","62266318","","1.5233","C"
"4","Trait5","pKWmEB","NsiI.TP344858"," 4","62266493","","0.0591","C"
"4","Trait5","pKWmEB","NsiI.TP231428"," 4","62267165","","0.3605","C"
"4","Trait5","pKWmEB","NsiI.TP534892"," 4","62270547","","0.1059","G"
"4","Trait5","pKWmEB","PstI.TP912316"," 4","62270706","","0.3053","A"
"4","Trait5","pKWmEB","NsiI.TP41627"," 4","62271201","","0.2496","A"
"4","Trait5","pKWmEB","NsiI.TP567481"," 4","62273436","","0.5280","A"
"4","Trait5","pKWmEB","NsiI.TP629858"," 4","62278205","","0.1696","C"
"4","Trait5","pKWmEB","NsiI.TP756597"," 4","62292852","","0.1945","A"
"4","Trait5","pKWmEB","PstI.TP879592"," 4","62334370","","0.0115","A"
"4","Trait5","pKWmEB","PstI.TP47906"," 4","62352139","","1.2952","C"
"4","Trait5","pKWmEB","PstI.TP47907"," 4","62352140","","1.7992","G"
"4","Trait5","pKWmEB","PstI.TP515773"," 4","62359619","","0.1649","A"
"4","Trait5","pKWmEB","NsiI.TP520297"," 4","62377512","","0.0927","A"
"4","Trait5","pKWmEB","PstI.TP292445"," 4","62388173","","0.2174","C"
"4","Trait5","pKWmEB","PstI.TP616383"," 4","62388178","","0.1780","A"
"4","Trait5","pKWmEB","PstI.TP24650"," 4","62388602","","0.2546","G"
"4","Trait5","pKWmEB","PstI.TP261685"," 4","62397167","","0.6286","A"
"4","Trait5","pKWmEB","PstI.TP714069"," 4","62405613","","0.3346","C"
"4","Trait5","pKWmEB","PstI.TP714065"," 4","62405622","","0.5467","C"
"4","Trait5","pKWmEB","NsiI.TP420166"," 4","62406653","","0.2837","A"
"4","Trait5","pKWmEB","PstI.TP363720"," 4","62413852","","0.3400","G"
"4","Trait5","pKWmEB","NsiI.TP353877"," 4","62416407","","0.3759","A"
"4","Trait5","pKWmEB","PstI.TP897735"," 4","62426082","","0.3663","C"
"4","Trait5","pKWmEB","PstI.TP1106834"," 4","62465168","","0.4672","A"
"4","Trait5","pKWmEB","PstI.TP291533"," 4","62487724","","0.1920","A"
"4","Trait5","pKWmEB","NsiI.TP346002"," 4","62491522","","0.2579","C"
"4","Trait5","pKWmEB","NsiI.TP383201"," 4","62497766","","2.0965","C"
"4","Trait5","pKWmEB","PstI.TP355955"," 4","62502762","","1.0336","C"
"4","Trait5","pKWmEB","PstI.TP800568"," 4","62556502","","0.5033","C"
"4","Trait5","pKWmEB","PstI.TP1110074"," 4","62567501","","0.8255","C"
"4","Trait5","pKWmEB","NsiI.TP391506"," 4","62592587","","0.4998","A"
"4","Trait5","pKWmEB","NsiI.TP171356"," 4","62601440","","0.1484","A"
"4","Trait5","pKWmEB","NsiI.TP88290"," 4","62601518","","0.3379","A"
"4","Trait5","pKWmEB","PstI.TP1158722"," 4","62602099","","0.7539","G"
"4","Trait5","pKWmEB","NsiI.TP444979"," 4","62604307","","0.1632","G"
"4","Trait5","pKWmEB","NsiI.TP523625"," 4","62611853","","0.7547","C"
"4","Trait5","pKWmEB","NsiI.TP596690"," 4","62618686","","0.0676","G"
"4","Trait5","pKWmEB","NsiI.TP628965"," 4","62618725","","0.1141","C"
"4","Trait5","pKWmEB","PstI.TP316265"," 4","62619548","","0.4179","C"
"4","Trait5","pKWmEB","NsiI.TP667819"," 4","62655413","","0.5194","C"
"4","Trait5","pKWmEB","NsiI.TP667820"," 4","62655425","","0.1084","G"
"4","Trait5","pKWmEB","PstI.TP902808"," 4","62660624","","0.2413","C"
"4","Trait5","pKWmEB","PstI.TP872370"," 4","62660710","","0.0123","C"
"4","Trait5","pKWmEB","NsiI.TP241418"," 4","62661277","","0.1168","C"
"4","Trait5","pKWmEB","NsiI.TP481245"," 4","62661836","","1.0327","A"
"4","Trait5","pKWmEB","PstI.TP326062"," 4","62667190","","0.7514","A"
"4","Trait5","pKWmEB","PstI.TP752552"," 4","62667853","","0.5080","C"
"4","Trait5","pKWmEB","NsiI.TP300949"," 4","62679645","","0.3617","C"
"4","Trait5","pKWmEB","NsiI.TP654063"," 4","62694556","","0.0448","C"
"4","Trait5","pKWmEB","NsiI.TP619966"," 4","62715383","","0.3834","C"
"4","Trait5","pKWmEB","NsiI.TP470480"," 4","62718987","","0.6309","C"
"4","Trait5","pKWmEB","PstI.TP581762"," 4","62741281","","0.2747","C"
"4","Trait5","pKWmEB","NsiI.TP401725"," 4","62781794","","0.2085","C"
"4","Trait5","pKWmEB","PstI.TP399260"," 4","62782438","","0.8130","A"
"4","Trait5","pKWmEB","NsiI.TP441624"," 4","62793167","","0.4697","C"
"4","Trait5","pKWmEB","NsiI.TP30738"," 4","62801457","","0.1027","A"
"4","Trait5","pKWmEB","PstI.TP1005159"," 4","62806684","","0.0814","A"
"4","Trait5","pKWmEB","NsiI.TP142535"," 4","62807443","","0.0475","C"
"4","Trait5","pKWmEB","NsiI.TP142716"," 4","62807443","","0.3577","C"
"4","Trait5","pKWmEB","PstI.TP140632"," 4","62818821","","0.0303","G"
"4","Trait5","pKWmEB","NsiI.TP380963"," 4","62821952","","0.1883","G"
"4","Trait5","pKWmEB","PstI.TP116169"," 4","62823977","","0.4084","A"
"4","Trait5","pKWmEB","NsiI.TP554532"," 4","62835732","","0.6288","A"
"4","Trait5","pKWmEB","PstI.TP445315"," 4","62847241","","0.0762","C"
"4","Trait5","pKWmEB","NsiI.TP362903"," 4","62857325","","0.0858","C"
"4","Trait5","pKWmEB","PstI.TP96116"," 4","62857346","","0.4798","C"
"4","Trait5","pKWmEB","PstI.TP935978"," 4","62874103","","0.2322","A"
"4","Trait5","pKWmEB","PstI.TP20198"," 4","62878068","","0.3332","C"
"4","Trait5","pKWmEB","PstI.TP148721"," 4","62908145","","0.5774","G"
"4","Trait5","pKWmEB","NsiI.TP131578"," 4","62909243","","0.2682","A"
"4","Trait5","pKWmEB","PstI.TP779762"," 4","62919374","","0.7834","A"
"4","Trait5","pKWmEB","PstI.TP1079197"," 4","62919447","","0.6063","A"
"4","Trait5","pKWmEB","PstI.TP1079268"," 4","62919464","","0.0089","C"
"4","Trait5","pKWmEB","PstI.TP851529"," 4","62928718","","0.4041","A"
"4","Trait5","pKWmEB","PstI.TP1116864"," 4","62936275","","0.0532","C"
"4","Trait5","pKWmEB","NsiI.TP38876"," 4","62961181","","0.4493","G"
"4","Trait5","pKWmEB","NsiI.TP772698"," 4","62962801","","0.2586","A"
"4","Trait5","pKWmEB","PstI.TP255790"," 4","62973709","","0.2854","A"
"4","Trait5","pKWmEB","PstI.TP323364"," 4","62975018","","0.1539","C"
"4","Trait5","pKWmEB","NsiI.TP653888"," 4","62981225","","0.6824","C"
"4","Trait5","pKWmEB","PstI.TP907753"," 4","63007722","","0.0196","A"
"4","Trait5","pKWmEB","PstI.TP1049433"," 4","63028581","","0.1204","C"
"4","Trait5","pKWmEB","PstI.TP202256"," 4","63030148","","2.3298","G"
"4","Trait5","pKWmEB","NsiI.TP418754"," 4","63031223","","0.8104","G"
"4","Trait5","pKWmEB","NsiI.TP381385"," 4","63048705","","0.1984","A"
"4","Trait5","pKWmEB","PstI.TP998493"," 4","63061332","","0.2659","A"
"4","Trait5","pKWmEB","NsiI.TP293204"," 4","63136741","","0.9200","G"
"4","Trait5","pKWmEB","PstI.TP372292"," 4","63140103","","1.2958","G"
"4","Trait5","pKWmEB","PstI.TP1281337"," 4","63140625","","0.1799","A"
"4","Trait5","pKWmEB","PstI.TP851036"," 4","63147239","","0.0519","A"
"4","Trait5","pKWmEB","NsiI.TP291097"," 4","63153796","","0.2233","C"
"4","Trait5","pKWmEB","NsiI.TP89701"," 4","63161916","","1.2550","C"
"4","Trait5","pKWmEB","PstI.TP1060177"," 4","63162311","","0.1432","A"
"4","Trait5","pKWmEB","PstI.TP218681"," 4","63185459","","0.0156","A"
"4","Trait5","pKWmEB","PstI.TP1013203"," 4","63222160","","0.7062","A"
"4","Trait5","pKWmEB","NsiI.TP746204"," 4","63241357","","0.0824","C"
"4","Trait5","pKWmEB","PstI.TP795013"," 4","63258422","","0.1038","C"
"4","Trait5","pKWmEB","NsiI.TP275198"," 4","63331598","","0.4993","A"
"4","Trait5","pKWmEB","NsiI.TP19220"," 4","63342908","","0.2793","A"
"4","Trait5","pKWmEB","PstI.TP1177728"," 4","63343156","","0.3535","A"
"4","Trait5","pKWmEB","NsiI.TP497285"," 4","63347883","","0.3454","A"
"4","Trait5","pKWmEB","PstI.TP539017"," 4","63389349","","1.7013","C"
"4","Trait5","pKWmEB","NsiI.TP615944"," 4","63403477","","0.3573","A"
"4","Trait5","pKWmEB","PstI.TP743400"," 4","63406186","","0.1663","A"
"4","Trait5","pKWmEB","NsiI.TP535034"," 4","63433832","","2.9374","C"
"4","Trait5","pKWmEB","PstI.TP148548"," 4","63450033","","0.0441","A"
"4","Trait5","pKWmEB","NsiI.TP37233"," 4","63459238","","0.0548","A"
"4","Trait5","pKWmEB","NsiI.TP16887"," 4","63498944","","1.5798","C"
"4","Trait5","pKWmEB","NsiI.TP523920"," 4","63502663","","0.0630","C"
"4","Trait5","pKWmEB","PstI.TP90759"," 4","63508658","","0.5133","A"
"4","Trait5","pKWmEB","NsiI.TP621625"," 4","63520679","","0.0384","C"
"4","Trait5","pKWmEB","NsiI.TP621627"," 4","63520710","","0.2984","C"
"4","Trait5","pKWmEB","NsiI.TP616138"," 4","63524148","","0.0877","A"
"4","Trait5","pKWmEB","NsiI.TP547744"," 4","63524404","","0.8087","G"
"4","Trait5","pKWmEB","NsiI.TP557441"," 4","63526272","","0.0629","C"
"4","Trait5","pKWmEB","NsiI.TP602426"," 4","63529057","","0.2401","A"
"4","Trait5","pKWmEB","PstI.TP210346"," 4","63537333","","0.2078","G"
"4","Trait5","pKWmEB","PstI.TP124241"," 4","63545264","","1.0868","C"
"4","Trait5","pKWmEB","NsiI.TP832907"," 4","63546866","","0.1808","C"
"4","Trait5","pKWmEB","PstI.TP1061810"," 4","63549278","","0.0271","A"
"4","Trait5","pKWmEB","NsiI.TP702311"," 4","63557488","","0.3117","A"
"4","Trait5","pKWmEB","NsiI.TP205252"," 4","63574731","","0.2688","A"
"4","Trait5","pKWmEB","NsiI.TP532588"," 4","63590845","","0.0683","A"
"4","Trait5","pKWmEB","PstI.TP481636"," 4","63595070","","0.4920","G"
"4","Trait5","pKWmEB","PstI.TP231439"," 4","63596389","","0.2220","A"
"4","Trait5","pKWmEB","NsiI.TP747739"," 4","63612185","","0.4616","C"
"4","Trait5","pKWmEB","PstI.TP446782"," 4","63627667","","0.2719","C"
"4","Trait5","pKWmEB","PstI.TP446786"," 4","63627688","","0.7136","C"
"4","Trait5","pKWmEB","PstI.TP192937"," 4","63645869","","0.1007","C"
"4","Trait5","pKWmEB","PstI.TP1132955"," 4","63683010","","0.9450","C"
"4","Trait5","pKWmEB","PstI.TP730739"," 4","63686611","","1.8076","A"
"4","Trait5","pKWmEB","GFSSContig6638_165"," 4","63701520","","0.5308","C"
"4","Trait5","pKWmEB","PstI.TP76584"," 4","63703400","","0.2064","A"
"4","Trait5","pKWmEB","NsiI.TP814389"," 4","63710676","","0.8347","C"
"4","Trait5","pKWmEB","NsiI.TP427564"," 4","63741434","","0.1860","C"
"4","Trait5","pKWmEB","PstI.TP191152"," 4","63743393","","0.1992","A"
"4","Trait5","pKWmEB","PstI.TP360206"," 4","63745993","","0.3853","A"
"4","Trait5","pKWmEB","PstI.TP607276"," 4","63756227","","0.2103","A"
"4","Trait5","pKWmEB","PstI.TP846457"," 4","63756305","","0.2579","A"
"4","Trait5","pKWmEB","NsiI.TP623340"," 4","63759899","","0.0491","C"
"4","Trait5","pKWmEB","NsiI.TP779177"," 4","63763133","","0.5575","A"
"4","Trait5","pKWmEB","NsiI.TP486035"," 4","63767057","","0.1859","A"
"4","Trait5","pKWmEB","NsiI.TP213953"," 4","63777162","","0.2252","C"
"4","Trait5","pKWmEB","NsiI.TP423113"," 4","63778159","","1.2890","A"
"4","Trait5","pKWmEB","PstI.TP34781"," 4","63779010","","0.5111","A"
"4","Trait5","pKWmEB","PstI.TP508410"," 4","63781975","","0.5624","A"
"4","Trait5","pKWmEB","PstI.TP1091010"," 4","63784704","","0.0175","A"
"4","Trait5","pKWmEB","NsiI.TP235140"," 4","63809795","","1.0872","A"
"4","Trait5","pKWmEB","PstI.TP1109460"," 4","63813642","","0.0793","C"
"4","Trait5","pKWmEB","PstI.TP15439"," 4","63831550","","0.5019","C"
"4","Trait5","pKWmEB","GFSSContig11762_328"," 4","63855105","","0.2007","A"
"4","Trait5","pKWmEB","NsiI.TP458777"," 4","63858606","","0.0490","G"
"4","Trait5","pKWmEB","PstI.TP782757"," 4","63864528","","0.8465","A"
"4","Trait5","pKWmEB","PstI.TP848725"," 4","63867493","","0.1311","A"
"4","Trait5","pKWmEB","PstI.TP124910"," 4","63868777","","0.6041","C"
"4","Trait5","pKWmEB","PstI.TP543421"," 4","63884177","","0.2572","A"
"4","Trait5","pKWmEB","NsiI.TP17889"," 4","63914135","","0.3659","C"
"4","Trait5","pKWmEB","PstI.TP1032679"," 4","63918789","","0.0644","A"
"4","Trait5","pKWmEB","PstI.TP204533"," 4","63925012","","0.0115","A"
"4","Trait5","pKWmEB","PstI.TP204536"," 4","63925016","","1.1485","C"
"4","Trait5","pKWmEB","PstI.TP716545"," 4","63930854","","0.0491","A"
"4","Trait5","pKWmEB","PstI.TP617376"," 4","63931951","","0.0523","C"
"4","Trait5","pKWmEB","PstI.TP624185"," 4","63940317","","0.6208","A"
"4","Trait5","pKWmEB","NsiI.TP60358"," 4","63943796","","0.5961","G"
"4","Trait5","pKWmEB","PstI.TP63901"," 4","63947762","","0.2986","A"
"4","Trait5","pKWmEB","GFSSContig20291_500"," 4","63959499","","0.4067","C"
"4","Trait5","pKWmEB","PstI.TP133435"," 4","63963901","","0.3904","A"
"4","Trait5","pKWmEB","NsiI.TP216444"," 4","63995427","","0.0629","C"
"4","Trait5","pKWmEB","PstI.TP375918"," 4","64036837","","0.0036","C"
"4","Trait5","pKWmEB","PstI.TP1069480"," 4","64046844","","0.1114","G"
"4","Trait5","pKWmEB","NsiI.TP178484"," 4","64046844","","0.1130","G"
"4","Trait5","pKWmEB","PstI.TP972577"," 4","64049091","","0.2132","C"
"4","Trait5","pKWmEB","PstI.TP1107345"," 4","64050951","","0.0740","C"
"4","Trait5","pKWmEB","PstI.TP755744"," 4","64052471","","1.0230","A"
"4","Trait5","pKWmEB","NsiI.TP630293"," 4","64053024","","0.4677","G"
"4","Trait5","pKWmEB","PstI.TP1210805"," 4","64071904","","0.0918","C"
"4","Trait5","pKWmEB","NsiI.TP454370"," 4","64079408","","0.2010","C"
"4","Trait5","pKWmEB","PstI.TP733544"," 4","64088527","","0.9827","C"
"4","Trait5","pKWmEB","PstI.TP709703"," 4","64095455","","0.3035","G"
"4","Trait5","pKWmEB","NsiI.TP671416"," 4","64104208","","0.0265","C"
"4","Trait5","pKWmEB","PstI.TP709133"," 4","64107407","","0.0353","A"
"4","Trait5","pKWmEB","PstI.TP1010975"," 4","64109456","","0.2435","A"
"4","Trait5","pKWmEB","NsiI.TP10339"," 4","64117829","","0.7869","C"
"4","Trait5","pKWmEB","PstI.TP704986"," 4","64139599","","0.1796","C"
"4","Trait5","pKWmEB","NsiI.TP256639"," 4","64139724","","0.0622","A"
"4","Trait5","pKWmEB","NsiI.TP752299"," 4","64144367","","0.5048","C"
"4","Trait5","pKWmEB","PstI.TP1065024"," 4","64144622","","0.2664","C"
"4","Trait5","pKWmEB","NsiI.TP102411"," 4","64145764","","0.8355","C"
"4","Trait5","pKWmEB","PstI.TP456924"," 4","64155752","","0.4330","A"
"4","Trait5","pKWmEB","PstI.TP781181"," 4","64170054","","0.3487","A"
"4","Trait5","pKWmEB","PstI.TP957692"," 4","64171859","","0.2350","G"
"4","Trait5","pKWmEB","PstI.TP927803"," 4","64177739","","1.2296","A"
"4","Trait5","pKWmEB","GFSSContig11905_521"," 4","64195928","","0.2379","T"
"4","Trait5","pKWmEB","PstI.TP623528"," 4","64207059","","0.2581","G"
"4","Trait5","pKWmEB","PstI.TP1087387"," 4","64217108","","0.2546","C"
"4","Trait5","pKWmEB","PstI.TP1201717"," 4","64220983","","0.2473","G"
"4","Trait5","pKWmEB","NsiI.TP39840"," 4","64225966","","0.0278","C"
"4","Trait5","pKWmEB","NsiI.TP628490"," 4","64226012","","0.0412","G"
"4","Trait5","pKWmEB","PstI.TP1027083"," 4","64254345","","0.9750","C"
"4","Trait5","pKWmEB","PstI.TP443858"," 4","64255779","","0.0661","C"
"4","Trait5","pKWmEB","NsiI.TP764307"," 4","64259805","","0.2546","C"
"4","Trait5","pKWmEB","PstI.TP1235909"," 4","64295006","","0.2369","A"
"4","Trait5","pKWmEB","PstI.TP1103515"," 4","64317592","","0.1361","C"
"4","Trait5","pKWmEB","NsiI.TP749891"," 4","64319527","","0.3374","A"
"4","Trait5","pKWmEB","PstI.TP168720"," 4","64338756","","0.0253","A"
"4","Trait5","pKWmEB","PstI.TP1105523"," 4","64345645","","0.3695","A"
"4","Trait5","pKWmEB","PstI.TP540398"," 4","64345790","","0.0345","A"
"4","Trait5","pKWmEB","NsiI.TP114999"," 4","64349557","","0.5522","A"
"4","Trait5","pKWmEB","PstI.TP666378"," 4","64361282","","0.4871","C"
"4","Trait5","pKWmEB","PstI.TP269711"," 4","64361312","","0.1527","C"
"4","Trait5","pKWmEB","NsiI.TP769746"," 4","64369918","","0.0924","A"
"4","Trait5","pKWmEB","PstI.TP606269"," 4","64391752","","0.5289","A"
"4","Trait5","pKWmEB","NsiI.TP173071"," 4","64391873","","0.3986","A"
"4","Trait5","pKWmEB","PstI.TP807286"," 4","64392835","","0.0149","A"
"4","Trait5","pKWmEB","PstI.TP807742"," 4","64392862","","0.2499","C"
"4","Trait5","pKWmEB","NsiI.TP55777"," 4","64398950","","0.2032","A"
"4","Trait5","pKWmEB","PstI.TP661482"," 4","64403950","","0.5070","A"
"4","Trait5","pKWmEB","PstI.TP120297"," 4","64404036","","0.2541","C"
"4","Trait5","pKWmEB","NsiI.TP720736"," 4","64408736","","0.7243","A"
"4","Trait5","pKWmEB","PstI.TP30876"," 4","64417508","","1.3578","A"
"4","Trait5","pKWmEB","PstI.TP43749"," 4","64417921","","1.0156","A"
"4","Trait5","pKWmEB","NsiI.TP810817"," 4","64419229","","0.0489","A"
"4","Trait5","pKWmEB","PstI.TP689316"," 4","64420154","","0.0147","C"
"4","Trait5","pKWmEB","PstI.TP1129300"," 4","64425706","","0.6929","A"
"4","Trait5","pKWmEB","PstI.TP1129303"," 4","64425723","","1.8148","G"
"4","Trait5","pKWmEB","PstI.TP13393"," 4","64426621","","0.4972","A"
"4","Trait5","pKWmEB","PstI.TP213208"," 4","64429744","","0.6132","A"
"4","Trait5","pKWmEB","PstI.TP1076410"," 4","64432131","","1.4324","C"
"4","Trait5","pKWmEB","PstI.TP1098484"," 4","64432193","","0.2259","A"
"4","Trait5","pKWmEB","PstI.TP205600"," 4","64440680","","0.5452","A"
"4","Trait5","pKWmEB","PstI.TP175653"," 4","64445662","","0.0244","C"
"4","Trait5","pKWmEB","PstI.TP6534"," 4","64452246","","0.6404","A"
"4","Trait5","pKWmEB","PstI.TP183256"," 4","64453319","","0.0708","A"
"4","Trait5","pKWmEB","PstI.TP606388"," 4","64492249","","1.1170","C"
"4","Trait5","pKWmEB","PstI.TP1250174"," 4","64499932","","0.8173","A"
"4","Trait5","pKWmEB","PstI.TP647174"," 4","64522319","","0.2857","C"
"4","Trait5","pKWmEB","NsiI.TP545793"," 4","64534540","","0.4247","C"
"4","Trait5","pKWmEB","NsiI.TP645275"," 4","64546160","","0.6626","A"
"4","Trait5","pKWmEB","NsiI.TP68061"," 4","64559181","","0.0409","A"
"4","Trait5","pKWmEB","NsiI.TP222294"," 4","64581473","","0.0413","A"
"4","Trait5","pKWmEB","PstI.TP1149954"," 4","64598680","","0.0246","C"
"4","Trait5","pKWmEB","GFSSContig19131_53"," 4","64612554","","0.8227","A"
"4","Trait5","pKWmEB","PstI.TP875356"," 4","64648230","","0.0719","G"
"4","Trait5","pKWmEB","NsiI.TP687498"," 4","64651017","","0.2249","A"
"4","Trait5","pKWmEB","PstI.TP796634"," 4","64652977","","1.2988","A"
"4","Trait5","pKWmEB","PstI.TP876384"," 4","64653053","","0.6416","C"
"4","Trait5","pKWmEB","PstI.TP1152688"," 4","64664726","","0.6871","G"
"4","Trait5","pKWmEB","PstI.TP215577"," 4","64665510","","0.3901","A"
"4","Trait5","pKWmEB","PstI.TP846992"," 4","64699401","","0.0294","A"
"4","Trait5","pKWmEB","PstI.TP1072632"," 4","64699457","","0.4277","C"
"4","Trait5","pKWmEB","NsiI.TP631515"," 4","64699461","","0.1134","A"
"4","Trait5","pKWmEB","PstI.TP450151"," 4","64705272","","2.0416","A"
"4","Trait5","pKWmEB","PstI.TP654201"," 4","64705707","","0.0370","C"
"4","Trait5","pKWmEB","PstI.TP574508"," 4","64705794","","0.7507","C"
"4","Trait5","pKWmEB","PstI.TP182812"," 4","64721625","","0.5276","A"
"4","Trait5","pKWmEB","NsiI.TP690321"," 4","64728981","","0.5768","A"
"4","Trait5","pKWmEB","PstI.TP324145"," 4","64728984","","0.4230","A"
"4","Trait5","pKWmEB","NsiI.TP331069"," 4","64730604","","0.1741","G"
"4","Trait5","pKWmEB","NsiI.TP205268"," 4","64749541","","0.4707","C"
"4","Trait5","pKWmEB","NsiI.TP205267"," 4","64749548","","0.9023","C"
"4","Trait5","pKWmEB","PstI.TP343382"," 4","64752255","","0.7749","A"
"4","Trait5","pKWmEB","PstI.TP721355"," 4","64776340","","0.1190","C"
"4","Trait5","pKWmEB","NsiI.TP549397"," 4","64780624","","0.0995","C"
"4","Trait5","pKWmEB","PstI.TP1238248"," 4","64784268","","0.1482","G"
"4","Trait5","pKWmEB","NsiI.TP353761"," 4","64800026","","0.4818","A"
"4","Trait5","pKWmEB","NsiI.TP381787"," 4","64818074","","0.3877","C"
"4","Trait5","pKWmEB","NsiI.TP615492"," 4","64860373","","0.0362","A"
"4","Trait5","pKWmEB","PstI.TP864688"," 4","64861717","","0.1772","G"
"4","Trait5","pKWmEB","PstI.TP55216"," 4","64877815","","0.1373","A"
"4","Trait5","pKWmEB","PstI.TP117569"," 4","64900260","","0.5891","A"
"4","Trait5","pKWmEB","PstI.TP1103944"," 4","64923940","","0.0808","C"
"4","Trait5","pKWmEB","PstI.TP1224835"," 4","64944826","","1.9680","A"
"4","Trait5","pKWmEB","NsiI.TP472284"," 4","64948254","","0.8359","A"
"4","Trait5","pKWmEB","NsiI.TP474637"," 4","64956610","","0.4879","A"
"4","Trait5","pKWmEB","NsiI.TP809077"," 4","64960361","","0.1139","C"
"4","Trait5","pKWmEB","PstI.TP51816"," 4","64961913","","0.3729","C"
"4","Trait5","pKWmEB","PstI.TP51796"," 4","64961942","","0.1976","C"
"4","Trait5","pKWmEB","PstI.TP797042"," 4","64966171","","0.8048","A"
"4","Trait5","pKWmEB","PstI.TP827666"," 4","64986110","","0.6751","A"
"4","Trait5","pKWmEB","PstI.TP166376"," 4","64988711","","2.0137","C"
"4","Trait5","pKWmEB","PstI.TP875866"," 4","64992383","","0.4421","C"
"4","Trait5","pKWmEB","PstI.TP715604"," 4","64992446","","0.2535","G"
"4","Trait5","pKWmEB","PstI.TP715597"," 4","64992470","","0.3832","C"
"4","Trait5","pKWmEB","PstI.TP509234"," 4","64995821","","0.6821","C"
"4","Trait5","pKWmEB","NsiI.TP731079"," 4","65001493","","0.0655","A"
"4","Trait5","pKWmEB","PstI.TP893116"," 4","65009518","","0.1734","C"
"4","Trait5","pKWmEB","PstI.TP10284"," 4","65014285","","0.2259","A"
"4","Trait5","pKWmEB","PstI.TP841394"," 4","65018974","","0.2431","G"
"4","Trait5","pKWmEB","NsiI.TP54335"," 4","65033704","","0.1640","G"
"4","Trait5","pKWmEB","NsiI.TP54334"," 4","65033748","","0.5333","A"
"4","Trait5","pKWmEB","NsiI.TP515628"," 4","65040640","","0.2793","A"
"4","Trait5","pKWmEB","NsiI.TP570942"," 4","65042109","","0.4819","C"
"4","Trait5","pKWmEB","PstI.TP8057"," 4","65042663","","0.5330","A"
"4","Trait5","pKWmEB","PstI.TP329984"," 4","65045602","","0.0945","C"
"4","Trait5","pKWmEB","PstI.TP830140"," 4","65047024","","0.1076","A"
"4","Trait5","pKWmEB","PstI.TP438893"," 4","65055676","","0.5219","C"
"4","Trait5","pKWmEB","NsiI.TP483843"," 4","65064996","","0.0370","C"
"4","Trait5","pKWmEB","PstI.TP673282"," 4","65067106","","0.7914","A"
"4","Trait5","pKWmEB","NsiI.TP464299"," 4","65071799","","0.0950","G"
"4","Trait5","pKWmEB","NsiI.TP463935"," 4","65072268","","0.7673","C"
"4","Trait5","pKWmEB","NsiI.TP390287"," 4","65096478","","0.8174","A"
"4","Trait5","pKWmEB","NsiI.TP501032"," 4","65120511","","0.1403","G"
"4","Trait5","pKWmEB","NsiI.TP678700"," 4","65155148","","0.1219","C"
"4","Trait5","pKWmEB","NsiI.TP299775"," 4","65160395","","0.7558","G"
"4","Trait5","pKWmEB","NsiI.TP536533"," 4","65163032","","0.1283","A"
"4","Trait5","pKWmEB","NsiI.TP287507"," 4","65166149","","0.1555","A"
"4","Trait5","pKWmEB","PstI.TP1098463"," 4","65166320","","1.0971","C"
"4","Trait5","pKWmEB","PstI.TP1281372"," 4","65195494","","0.7933","G"
"4","Trait5","pKWmEB","PstI.TP298216"," 4","65195870","","0.1020","A"
"4","Trait5","pKWmEB","PstI.TP1145771"," 4","65196190","","0.4353","A"
"4","Trait5","pKWmEB","NsiI.TP218126"," 4","65196236","","0.4253","A"
"4","Trait5","pKWmEB","NsiI.TP218127"," 4","65196239","","0.1137","A"
"4","Trait5","pKWmEB","PstI.TP930698"," 4","65199203","","0.7120","C"
"4","Trait5","pKWmEB","NsiI.TP378254"," 4","65205428","","0.3285","C"
"4","Trait5","pKWmEB","NsiI.TP11817"," 4","65206130","","0.4789","A"
"4","Trait5","pKWmEB","PstI.TP1127458"," 4","65207621","","0.8391","A"
"4","Trait5","pKWmEB","NsiI.TP92361"," 4","65221775","","0.4680","C"
"4","Trait5","pKWmEB","PstI.TP927030"," 4","65223900","","0.2447","A"
"4","Trait5","pKWmEB","PstI.TP775998"," 4","65225463","","0.3245","A"
"4","Trait5","pKWmEB","PstI.TP927018"," 4","65225492","","0.0683","A"
"4","Trait5","pKWmEB","NsiI.TP510102"," 4","65229551","","0.3627","C"
"4","Trait5","pKWmEB","NsiI.TP439138"," 4","65249763","","0.1299","C"
"4","Trait5","pKWmEB","PstI.TP249032"," 4","65257396","","1.4780","C"
"4","Trait5","pKWmEB","PstI.TP547430"," 4","65269364","","0.3488","A"
"4","Trait5","pKWmEB","PstI.TP545187"," 4","65279537","","0.1039","G"
"4","Trait5","pKWmEB","NsiI.TP529669"," 4","65280845","","0.2006","C"
"4","Trait5","pKWmEB","NsiI.TP218187"," 4","65282034","","0.1417","C"
"4","Trait5","pKWmEB","PstI.TP817671"," 4","65282642","","0.2807","A"
"4","Trait5","pKWmEB","PstI.TP444295"," 4","65282850","","0.5623","G"
"4","Trait5","pKWmEB","NsiI.TP753474"," 4","65338075","","1.2424","C"
"4","Trait5","pKWmEB","NsiI.TP699660"," 4","65339323","","0.2617","A"
"4","Trait5","pKWmEB","NsiI.TP36159"," 4","65339391","","1.0819","A"
"4","Trait5","pKWmEB","PstI.TP424929"," 4","65348596","","0.9170","C"
"4","Trait5","pKWmEB","PstI.TP821395"," 4","65350082","","0.0248","C"
"4","Trait5","pKWmEB","PstI.TP1293053"," 4","65354699","","0.1444","A"
"4","Trait5","pKWmEB","PstI.TP927409"," 4","65365468","","0.1127","A"
"4","Trait5","pKWmEB","PstI.TP713801"," 4","65367669","","0.5381","C"
"4","Trait5","pKWmEB","PstI.TP1266802"," 4","65367682","","0.1629","A"
"4","Trait5","pKWmEB","PstI.TP160378"," 4","65368583","","0.1432","A"
"4","Trait5","pKWmEB","PstI.TP1263227"," 4","65385802","","0.1054","A"
"4","Trait5","pKWmEB","NsiI.TP242896"," 4","65404391","","0.2778","A"
"4","Trait5","pKWmEB","NsiI.TP760683"," 4","65427186","","0.5070","C"
"4","Trait5","pKWmEB","PstI.TP844593"," 4","65436056","","0.0761","C"
"4","Trait5","pKWmEB","NsiI.TP67561"," 4","65452237","","0.6904","A"
"4","Trait5","pKWmEB","PstI.TP945926"," 4","65455515","","0.0219","A"
"4","Trait5","pKWmEB","NsiI.TP241821"," 4","65458789","","1.5167","A"
"4","Trait5","pKWmEB","PstI.TP926962"," 4","65459162","","0.5992","A"
"4","Trait5","pKWmEB","NsiI.TP60849"," 4","65462387","","0.1537","A"
"4","Trait5","pKWmEB","NsiI.TP722533"," 4","65465199","","0.2079","A"
"4","Trait5","pKWmEB","NsiI.TP603534"," 4","65475031","","0.4800","A"
"4","Trait5","pKWmEB","PstI.TP792448"," 4","65475955","","0.3654","A"
"4","Trait5","pKWmEB","NsiI.TP102269"," 4","65482716","","0.6497","C"
"4","Trait5","pKWmEB","NsiI.TP470793"," 4","65501776","","0.3825","C"
"4","Trait5","pKWmEB","NsiI.TP470794"," 4","65501807","","1.2698","A"
"4","Trait5","pKWmEB","PstI.TP460772"," 4","65508906","","0.0563","C"
"4","Trait5","pKWmEB","PstI.TP582531"," 4","65531245","","0.4348","G"
"4","Trait5","pKWmEB","PstI.TP22951"," 4","65533284","","0.7043","G"
"4","Trait5","pKWmEB","PstI.TP1011675"," 4","65546006","","0.6348","A"
"4","Trait5","pKWmEB","NsiI.TP360887"," 4","65663698","","0.4854","A"
"4","Trait5","pKWmEB","PstI.TP568504"," 4","65671693","","0.2034","C"
"4","Trait5","pKWmEB","PstI.TP1243385"," 4","65676400","","0.1457","C"
"4","Trait5","pKWmEB","PstI.TP1052000"," 4","65689284","","0.3520","A"
"4","Trait5","pKWmEB","NsiI.TP661055"," 4","65689979","","0.0096","C"
"4","Trait5","pKWmEB","PstI.TP466010"," 4","65695724","","0.5252","A"
"4","Trait5","pKWmEB","PstI.TP931336"," 4","65707584","","0.1891","A"
"4","Trait5","pKWmEB","PstI.TP501803"," 4","65734128","","0.3464","A"
"4","Trait5","pKWmEB","NsiI.TP589075"," 4","65757592","","0.1489","C"
"4","Trait5","pKWmEB","NsiI.TP338821"," 4","65759269","","1.2118","G"
"4","Trait5","pKWmEB","PstI.TP769595"," 4","65760736","","0.1838","C"
"4","Trait5","pKWmEB","PstI.TP908584"," 4","65762666","","0.8786","A"
"4","Trait5","pKWmEB","NsiI.TP590281"," 4","65765015","","1.0263","G"
"4","Trait5","pKWmEB","PstI.TP909352"," 4","65766411","","0.4160","C"
"4","Trait5","pKWmEB","PstI.TP447008"," 4","65767007","","0.2902","A"
"4","Trait5","pKWmEB","PstI.TP271636"," 4","65801267","","0.4636","C"
"4","Trait5","pKWmEB","PstI.TP236632"," 4","65801734","","0.4482","A"
"4","Trait5","pKWmEB","PstI.TP224919"," 4","65818108","","1.7778","C"
"4","Trait5","pKWmEB","NsiI.TP444504"," 4","65825367","","1.0053","G"
"4","Trait5","pKWmEB","NsiI.TP502752"," 4","65830950","","0.5538","G"
"4","Trait5","pKWmEB","PstI.TP356184"," 4","65833734","","0.7405","C"
"4","Trait5","pKWmEB","GFSSContig16654_1653"," 4","65844426","","0.1471","T"
"4","Trait5","pKWmEB","NsiI.TP541365"," 4","65860362","","1.3554","A"
"4","Trait5","pKWmEB","NsiI.TP609213"," 4","65861882","","0.6845","G"
"4","Trait5","pKWmEB","PstI.TP544512"," 4","65864502","","0.4352","G"
"4","Trait5","pKWmEB","PstI.TP69916"," 4","66027326","","0.1826","C"
"4","Trait5","pKWmEB","NsiI.TP275833"," 4","66037289","","1.1751","A"
"4","Trait5","pKWmEB","PstI.TP317521"," 4","66042591","","0.1131","C"
"4","Trait5","pKWmEB","PstI.TP979646"," 4","66046858","","1.0868","C"
"4","Trait5","pKWmEB","NsiI.TP231423"," 4","66046920","","0.2793","A"
"4","Trait5","pKWmEB","PstI.TP191275"," 4","66047625","","0.8632","A"
"4","Trait5","pKWmEB","NsiI.TP176414"," 4","66050889","","0.3518","A"
"4","Trait5","pKWmEB","NsiI.TP472191"," 4","66059704","","0.1179","C"
"4","Trait5","pKWmEB","PstI.TP1127482"," 4","66065155","","0.0934","A"
"4","Trait5","pKWmEB","PstI.TP1127994"," 4","66065200","","0.3113","C"
"4","Trait5","pKWmEB","PstI.TP1203674"," 4","66069720","","0.1026","C"
"4","Trait5","pKWmEB","PstI.TP836107"," 4","66098764","","0.6493","A"
"4","Trait5","pKWmEB","PstI.TP445474"," 4","66099229","","0.9614","A"
"4","Trait5","pKWmEB","NsiI.TP689550"," 4","66104547","","0.0038","A"
"4","Trait5","pKWmEB","NsiI.TP37346"," 4","66109262","","0.0495","C"
"4","Trait5","pKWmEB","NsiI.TP619316"," 4","66117995","","0.7222","C"
"4","Trait5","pKWmEB","NsiI.TP520995"," 4","66119777","","0.0263","A"
"4","Trait5","pKWmEB","PstI.TP774045"," 4","66123753","","0.1730","C"
"4","Trait5","pKWmEB","NsiI.TP578970"," 4","66129633","","0.7538","G"
"4","Trait5","pKWmEB","PstI.TP858902"," 4","66143706","","0.8381","A"
"4","Trait5","pKWmEB","PstI.TP143872"," 4","66156681","","0.2243","C"
"4","Trait5","pKWmEB","PstI.TP710573"," 4","66157234","","0.4490","A"
"4","Trait5","pKWmEB","NsiI.TP470457"," 4","66158677","","1.2863","A"
"4","Trait5","pKWmEB","NsiI.TP423262"," 4","66158933","","0.0489","C"
"4","Trait5","pKWmEB","PstI.TP971832"," 4","66161848","","0.7134","A"
"4","Trait5","pKWmEB","NsiI.TP654021"," 4","66163559","","0.0835","C"
"4","Trait5","pKWmEB","NsiI.TP653993"," 4","66163560","","0.4626","C"
"4","Trait5","pKWmEB","PstI.TP735556"," 4","66188019","","0.5606","A"
"4","Trait5","pKWmEB","NsiI.TP470906"," 4","66239282","","0.0040","A"
"4","Trait5","pKWmEB","PstI.TP1174601"," 4","66239860","","0.1315","A"
"4","Trait5","pKWmEB","PstI.TP229333"," 4","66255009","","0.1421","C"
"4","Trait5","pKWmEB","NsiI.TP61616"," 4","66255188","","0.5711","A"
"4","Trait5","pKWmEB","NsiI.TP89421"," 4","66265364","","0.1831","A"
"4","Trait5","pKWmEB","PstI.TP694134"," 4","66267705","","0.7479","C"
"4","Trait5","pKWmEB","NsiI.TP194835"," 4","66309406","","0.0559","A"
"4","Trait5","pKWmEB","NsiI.TP627122"," 4","66312551","","0.2669","A"
"4","Trait5","pKWmEB","NsiI.TP829993"," 4","66312608","","0.7454","C"
"4","Trait5","pKWmEB","NsiI.TP453156"," 4","66318126","","0.1916","C"
"4","Trait5","pKWmEB","PstI.TP42302"," 4","66319158","","0.5923","C"
"4","Trait5","pKWmEB","NsiI.TP492937"," 4","66321453","","0.2735","A"
"4","Trait5","pKWmEB","PstI.TP391335"," 4","66322013","","0.3790","A"
"4","Trait5","pKWmEB","PstI.TP1179338"," 4","66322061","","0.0359","A"
"4","Trait5","pKWmEB","PstI.TP781859"," 4","66322904","","0.5003","A"
"4","Trait5","pKWmEB","NsiI.TP181122"," 4","66323136","","0.4159","G"
"4","Trait5","pKWmEB","PstI.TP1069650"," 4","66325475","","0.3496","A"
"4","Trait5","pKWmEB","PstI.TP83740"," 4","66329319","","0.3430","A"
"4","Trait5","pKWmEB","PstI.TP469630"," 4","66331466","","0.1965","A"
"4","Trait5","pKWmEB","PstI.TP750065"," 4","66331732","","1.3091","A"
"4","Trait5","pKWmEB","NsiI.TP676373"," 4","66359127","","0.9987","G"
"4","Trait5","pKWmEB","PstI.TP1010638"," 4","66370705","","0.4352","A"
"4","Trait5","pKWmEB","PstI.TP935651"," 4","66370793","","0.0239","A"
"4","Trait5","pKWmEB","PstI.TP641183"," 4","66373992","","0.0682","G"
"4","Trait5","pKWmEB","NsiI.TP17220"," 4","66378850","","0.1803","C"
"4","Trait5","pKWmEB","PstI.TP267810"," 4","66382450","","0.0844","A"
"4","Trait5","pKWmEB","PstI.TP481716"," 4","66430705","","0.1432","A"
"4","Trait5","pKWmEB","PstI.TP853971"," 4","66451616","","1.0060","A"
"4","Trait5","pKWmEB","NsiI.TP661865"," 4","66453165","","0.1850","A"
"4","Trait5","pKWmEB","PstI.TP169422"," 4","66458228","","0.8079","A"
"4","Trait5","pKWmEB","NsiI.TP378088"," 4","66469706","","0.8479","A"
"4","Trait5","pKWmEB","NsiI.TP532702"," 4","66469726","","0.2501","C"
"4","Trait5","pKWmEB","PstI.TP371513"," 4","66474576","","0.3749","A"
"4","Trait5","pKWmEB","GFSSContig20159_1535"," 4","66481522","","0.5176","A"
"4","Trait5","pKWmEB","PstI.TP382386"," 4","66482237","","0.7797","A"
"4","Trait5","pKWmEB","GFSSContig20159_876"," 4","66483005","","0.0607","A"
"4","Trait5","pKWmEB","NsiI.TP716669"," 4","66487921","","0.4940","A"
"4","Trait5","pKWmEB","NsiI.TP173882"," 4","66496537","","0.3472","C"
"4","Trait5","pKWmEB","NsiI.TP173881"," 4","66496546","","0.6795","C"
"4","Trait5","pKWmEB","NsiI.TP652655"," 4","66508806","","0.8881","G"
"4","Trait5","pKWmEB","PstI.TP160726"," 4","66518475","","0.4261","C"
"4","Trait5","pKWmEB","PstI.TP1105643"," 4","66521669","","1.2039","G"
"4","Trait5","pKWmEB","NsiI.TP546263"," 4","66565622","","0.2778","A"
"4","Trait5","pKWmEB","PstI.TP451734"," 4","66619550","","0.6323","G"
"4","Trait5","pKWmEB","NsiI.TP328528"," 4","66639620","","0.0360","A"
"4","Trait5","pKWmEB","NsiI.TP520621"," 4","66641853","","0.2541","A"
"4","Trait5","pKWmEB","NsiI.TP520620"," 4","66641857","","0.0495","C"
"4","Trait5","pKWmEB","PstI.TP852034"," 4","66658485","","0.2983","C"
"4","Trait5","pKWmEB","PstI.TP890178"," 4","66659196","","0.5259","C"
"4","Trait5","pKWmEB","PstI.TP1184559"," 4","66662200","","0.0517","G"
"4","Trait5","pKWmEB","NsiI.TP608933"," 4","66667415","","0.0035","C"
"4","Trait5","pKWmEB","PstI.TP701364"," 4","66677817","","0.0204","C"
"4","Trait5","pKWmEB","PstI.TP1270411"," 4","66707413","","0.0934","A"
"4","Trait5","pKWmEB","PstI.TP568490"," 4","66712615","","0.2079","C"
"4","Trait5","pKWmEB","PstI.TP1251654"," 4","66716644","","0.3688","A"
"4","Trait5","pKWmEB","PstI.TP35387"," 4","66721925","","0.7331","A"
"4","Trait5","pKWmEB","PstI.TP1149640"," 4","66724836","","0.5093","G"
"4","Trait5","pKWmEB","NsiI.TP635010"," 4","66724994","","0.2838","C"
"4","Trait5","pKWmEB","PstI.TP754555"," 4","66726283","","0.0622","A"
"4","Trait5","pKWmEB","PstI.TP389081"," 4","66729742","","0.2661","C"
"4","Trait5","pKWmEB","NsiI.TP346142"," 4","66734494","","0.0577","A"
"4","Trait5","pKWmEB","NsiI.TP688992"," 4","66776482","","0.6254","G"
"4","Trait5","pKWmEB","NsiI.TP402812"," 4","66777635","","1.5801","C"
"4","Trait5","pKWmEB","NsiI.TP129714"," 4","66781470","","0.1878","A"
"4","Trait5","pKWmEB","PstI.TP689551"," 4","66782495","","0.4002","C"
"4","Trait5","pKWmEB","PstI.TP627632"," 4","66846272","","0.6926","G"
"4","Trait5","pKWmEB","NsiI.TP431103"," 4","66846378","","0.0160","A"
"4","Trait5","pKWmEB","PstI.TP964613"," 4","66846629","","0.0385","A"
"4","Trait5","pKWmEB","PstI.TP67723"," 4","66855372","","0.1047","C"
"4","Trait5","pKWmEB","PstI.TP950889"," 4","66869945","","0.7786","A"
"4","Trait5","pKWmEB","PstI.TP352002"," 4","66870956","","0.8593","A"
"4","Trait5","pKWmEB","PstI.TP154924"," 4","66870962","","0.0741","A"
"4","Trait5","pKWmEB","NsiI.TP148994"," 4","66874533","","0.1906","A"
"4","Trait5","pKWmEB","PstI.TP943442"," 4","66884330","","0.6205","A"
"4","Trait5","pKWmEB","PstI.TP74347"," 4","66891346","","0.0840","A"
"4","Trait5","pKWmEB","PstI.TP1282132"," 4","66897884","","0.4897","G"
"4","Trait5","pKWmEB","NsiI.TP247819"," 4","66898086","","0.1098","A"
"4","Trait5","pKWmEB","NsiI.TP412042"," 4","66915036","","0.4525","A"
"4","Trait5","pKWmEB","PstI.TP637619"," 4","66924449","","0.1187","A"
"4","Trait5","pKWmEB","PstI.TP805691"," 4","66925540","","0.7143","A"
"4","Trait5","pKWmEB","PstI.TP844042"," 4","66926772","","1.5701","A"
"4","Trait5","pKWmEB","PstI.TP730140"," 4","66928932","","0.6406","G"
"4","Trait5","pKWmEB","NsiI.TP420913"," 4","66929585","","2.8256","C"
"4","Trait5","pKWmEB","NsiI.TP70645"," 4","66938804","","0.1032","A"
"4","Trait5","pKWmEB","NsiI.TP154599"," 4","66958448","","0.5209","A"
"4","Trait5","pKWmEB","GFSSContig4839_373"," 4","66959900","","0.0147","A"
"4","Trait5","pKWmEB","NsiI.TP227812"," 4","66970326","","0.1403","C"
"4","Trait5","pKWmEB","NsiI.TP809459"," 4","66978288","","0.1239","C"
"4","Trait5","pKWmEB","PstI.TP918966"," 4","66990232","","0.2999","C"
"4","Trait5","pKWmEB","PstI.TP807617"," 4","67012766","","0.8342","A"
"4","Trait5","pKWmEB","GFSSContig15802_503"," 4","67018449","","0.2088","A"
"4","Trait5","pKWmEB","NsiI.TP507777"," 4","67027562","","0.2180","C"
"4","Trait5","pKWmEB","NsiI.TP375661"," 4","67032072","","0.6448","A"
"4","Trait5","pKWmEB","NsiI.TP549928"," 4","67042322","","0.2499","A"
"4","Trait5","pKWmEB","NsiI.TP530682"," 4","67084059","","0.0441","A"
"4","Trait5","pKWmEB","NsiI.TP132721"," 4","67087473","","0.9843","C"
"4","Trait5","pKWmEB","PstI.TP1182728"," 4","67094031","","0.3768","A"
"4","Trait5","pKWmEB","PstI.TP422858"," 4","67124242","","0.2107","A"
"4","Trait5","pKWmEB","PstI.TP325669"," 4","67124681","","0.4061","A"
"4","Trait5","pKWmEB","NsiI.TP16285"," 4","67127791","","0.1522","C"
"4","Trait5","pKWmEB","NsiI.TP513653"," 4","67137697","","0.1160","C"
"4","Trait5","pKWmEB","PstI.TP1025686"," 4","67150435","","0.2358","C"
"4","Trait5","pKWmEB","NsiI.TP346040"," 4","67151194","","0.1788","A"
"4","Trait5","pKWmEB","PstI.TP1098875"," 4","67156223","","0.2888","A"
"4","Trait5","pKWmEB","NsiI.TP710154"," 4","67157586","","0.2026","A"
"4","Trait5","pKWmEB","PstI.TP1105458"," 4","67168937","","1.5132","A"
"4","Trait5","pKWmEB","PstI.TP543197"," 4","67169531","","0.5116","C"
"4","Trait5","pKWmEB","NsiI.TP337243"," 4","67169550","","0.9132","C"
"4","Trait5","pKWmEB","NsiI.TP752837"," 4","67177516","","0.4093","A"
"4","Trait5","pKWmEB","NsiI.TP504649"," 4","67177683","","0.6637","C"
"4","Trait5","pKWmEB","PstI.TP1219628"," 4","67178417","","0.6185","G"
"4","Trait5","pKWmEB","NsiI.TP816754"," 4","67182118","","0.6565","A"
"4","Trait5","pKWmEB","PstI.TP787868"," 4","67183742","","0.1972","A"
"4","Trait5","pKWmEB","PstI.TP749079"," 4","67198085","","0.3574","C"
"4","Trait5","pKWmEB","PstI.TP989212"," 4","67198309","","0.7065","A"
"4","Trait5","pKWmEB","NsiI.TP432798"," 4","67201052","","0.8156","C"
"4","Trait5","pKWmEB","NsiI.TP436265"," 4","67201075","","1.0936","A"
"4","Trait5","pKWmEB","PstI.TP740689"," 4","67204274","","0.0683","A"
"4","Trait5","pKWmEB","PstI.TP101509"," 4","67219277","","0.2590","C"
"4","Trait5","pKWmEB","PstI.TP820282"," 4","67230832","","1.7788","C"
"4","Trait5","pKWmEB","NsiI.TP182766"," 4","67248768","","0.0071","A"
"4","Trait5","pKWmEB","PstI.TP51175"," 4","67254631","","0.2043","G"
"4","Trait5","pKWmEB","PstI.TP86963"," 4","67258891","","0.8987","A"
"4","Trait5","pKWmEB","PstI.TP1265296"," 4","67263001","","0.0117","C"
"4","Trait5","pKWmEB","NsiI.TP182237"," 4","67264024","","0.6999","C"
"4","Trait5","pKWmEB","NsiI.TP120901"," 4","67265395","","0.6660","C"
"4","Trait5","pKWmEB","NsiI.TP465658"," 4","67266508","","0.4604","A"
"4","Trait5","pKWmEB","NsiI.TP494590"," 4","67266536","","0.1007","A"
"4","Trait5","pKWmEB","PstI.TP794253"," 4","67319866","","0.4798","A"
"4","Trait5","pKWmEB","NsiI.TP432863"," 4","67320729","","0.1273","C"
"4","Trait5","pKWmEB","PstI.TP574704"," 4","67332679","","0.3141","A"
"4","Trait5","pKWmEB","NsiI.TP239255"," 4","67341173","","0.0582","A"
"4","Trait5","pKWmEB","PstI.TP247650"," 4","67343889","","0.0331","A"
"4","Trait5","pKWmEB","NsiI.TP264637"," 4","67348707","","0.3454","A"
"4","Trait5","pKWmEB","PstI.TP221080"," 4","67361456","","0.0853","C"
"4","Trait5","pKWmEB","PstI.TP1262851"," 4","67370507","","0.2510","A"
"4","Trait5","pKWmEB","PstI.TP668636"," 4","67371462","","0.7046","A"
"4","Trait5","pKWmEB","NsiI.TP211144"," 4","67377179","","1.1168","C"
"4","Trait5","pKWmEB","PstI.TP122077"," 4","67379354","","1.2498","A"
"4","Trait5","pKWmEB","PstI.TP840281"," 4","67386976","","0.2736","A"
"4","Trait5","pKWmEB","PstI.TP1206557"," 4","67408124","","0.0968","C"
"4","Trait5","pKWmEB","PstI.TP719661"," 4","67408751","","0.2077","A"
"4","Trait5","pKWmEB","PstI.TP637499"," 4","67417904","","0.4904","A"
"4","Trait5","pKWmEB","NsiI.TP166237"," 4","67423385","","0.6835","C"
"4","Trait5","pKWmEB","PstI.TP1142987"," 4","67430948","","0.9944","A"
"4","Trait5","pKWmEB","PstI.TP1071033"," 4","67432928","","1.5221","A"
"4","Trait5","pKWmEB","NsiI.TP438910"," 4","67451505","","2.6063","C"
"4","Trait5","pKWmEB","PstI.TP944387"," 4","67452505","","0.8821","A"
"4","Trait5","pKWmEB","PstI.TP1177553"," 4","67453726","","0.6497","C"
"4","Trait5","pKWmEB","PstI.TP1267480"," 4","67459513","","0.0323","A"
"4","Trait5","pKWmEB","PstI.TP1172281"," 4","67469657","","0.5615","A"
"4","Trait5","pKWmEB","PstI.TP853042"," 4","67477477","","0.1219","C"
"4","Trait5","pKWmEB","PstI.TP733743"," 4","67477528","","1.2948","A"
"4","Trait5","pKWmEB","NsiI.TP772878"," 4","67490268","","0.5630","A"
"4","Trait5","pKWmEB","NsiI.TP237392"," 4","67496142","","0.0812","C"
"4","Trait5","pKWmEB","PstI.TP766869"," 4","67496208","","0.4045","A"
"4","Trait5","pKWmEB","PstI.TP20885"," 4","67506359","","0.7294","A"
"4","Trait5","pKWmEB","PstI.TP320294"," 4","67516783","","0.0692","C"
"4","Trait5","pKWmEB","PstI.TP1042199"," 4","67549280","","1.2312","A"
"4","Trait5","pKWmEB","PstI.TP44157"," 4","67560728","","0.0337","C"
"4","Trait5","pKWmEB","PstI.TP1158976"," 4","67567545","","0.3588","A"
"4","Trait5","pKWmEB","PstI.TP1257813"," 4","67567999","","0.7890","A"
"4","Trait5","pKWmEB","NsiI.TP173663"," 4","67574698","","1.2066","G"
"4","Trait5","pKWmEB","PstI.TP1094885"," 4","67578515","","0.5683","A"
"4","Trait5","pKWmEB","PstI.TP364809"," 4","67585082","","0.0432","A"
"4","Trait5","pKWmEB","NsiI.TP388724"," 4","67612207","","1.5848","C"
"4","Trait5","pKWmEB","NsiI.TP476667"," 4","67612515","","0.0129","A"
"4","Trait5","pKWmEB","NsiI.TP104723"," 4","67612532","","0.0079","A"
"4","Trait5","pKWmEB","NsiI.TP467964"," 4","67612635","","0.5161","A"
"4","Trait5","pKWmEB","NsiI.TP508887"," 4","67612649","","1.1361","G"
"4","Trait5","pKWmEB","PstI.TP1243155"," 4","67650452","","1.4466","A"
"4","Trait5","pKWmEB","NsiI.TP438242"," 4","67673031","","0.4633","A"
"4","Trait5","pKWmEB","PstI.TP857720"," 4","67675201","","0.1906","C"
"4","Trait5","pKWmEB","NsiI.TP251856"," 4","67678472","","0.0502","A"
"4","Trait5","pKWmEB","PstI.TP373817"," 4","67681409","","0.0394","C"
"4","Trait5","pKWmEB","PstI.TP126357"," 4","67684706","","0.6746","A"
"4","Trait5","pKWmEB","PstI.TP1226629"," 4","67705893","","0.0394","C"
"4","Trait5","pKWmEB","PstI.TP1133605"," 4","67715088","","0.2293","C"
"4","Trait5","pKWmEB","NsiI.TP126890"," 4","67726788","","0.9042","A"
"4","Trait5","pKWmEB","PstI.TP421182"," 4","67729112","","0.5271","C"
"4","Trait5","pKWmEB","NsiI.TP335912"," 4","67755385","","0.1404","A"
"4","Trait5","pKWmEB","PstI.TP875361"," 4","67756864","","0.4068","A"
"4","Trait5","pKWmEB","PstI.TP940228"," 4","67759601","","0.8025","C"
"4","Trait5","pKWmEB","PstI.TP1051412"," 4","67767731","","1.1699","A"
"4","Trait5","pKWmEB","PstI.TP510836"," 4","67776005","","0.0557","C"
"4","Trait5","pKWmEB","PstI.TP748623"," 4","67777205","","0.6063","A"
"4","Trait5","pKWmEB","PstI.TP749866"," 4","67777206","","0.5475","C"
"4","Trait5","pKWmEB","PstI.TP335325"," 4","67812875","","0.0101","A"
"4","Trait5","pKWmEB","PstI.TP21610"," 4","67814140","","0.1032","A"
"4","Trait5","pKWmEB","NsiI.TP713906"," 4","67817580","","0.1102","C"
"4","Trait5","pKWmEB","NsiI.TP635586"," 4","67823561","","1.2161","G"
"4","Trait5","pKWmEB","PstI.TP613483"," 4","67835675","","0.1676","A"
"4","Trait5","pKWmEB","PstI.TP753660"," 4","67859176","","0.1484","A"
"4","Trait5","pKWmEB","PstI.TP820496"," 4","67866589","","0.1207","C"
"4","Trait5","pKWmEB","NsiI.TP826938"," 4","67882990","","1.5809","A"
"4","Trait5","pKWmEB","NsiI.TP578258"," 4","67918600","","0.7323","A"
"4","Trait5","pKWmEB","PstI.TP1190905"," 4","67932031","","0.2472","C"
"4","Trait5","pKWmEB","NsiI.TP346008"," 4","67938088","","1.5499","A"
"4","Trait5","pKWmEB","PstI.TP1209906"," 4","67965163","","0.0801","A"
"4","Trait5","pKWmEB","PstI.TP820953"," 4","67965784","","0.1328","A"
"4","Trait5","pKWmEB","NsiI.TP816685"," 4","67966873","","0.3198","C"
"4","Trait5","pKWmEB","NsiI.TP402670"," 4","67966956","","0.3659","C"
"4","Trait5","pKWmEB","PstI.TP272042"," 4","68007097","","0.2857","G"
"4","Trait5","pKWmEB","PstI.TP930933"," 4","68012745","","1.3159","A"
"4","Trait5","pKWmEB","NsiI.TP66558"," 4","68022364","","0.9325","A"
"4","Trait5","pKWmEB","NsiI.TP515167"," 4","68022596","","1.1028","C"
"4","Trait5","pKWmEB","PstI.TP1118321"," 4","68025903","","0.0173","A"
"4","Trait5","pKWmEB","PstI.TP1223191"," 4","68054674","","0.0785","A"
"4","Trait5","pKWmEB","PstI.TP148033"," 4","68054990","","0.3096","A"
"4","Trait5","pKWmEB","PstI.TP131306"," 4","68055459","","0.3115","A"
"4","Trait5","pKWmEB","NsiI.TP521197"," 4","68070774","","0.2843","A"
"4","Trait5","pKWmEB","NsiI.TP497386"," 4","68085981","","0.4092","C"
"4","Trait5","pKWmEB","NsiI.TP442524"," 4","68087077","","0.0127","A"
"4","Trait5","pKWmEB","NsiI.TP76080"," 4","68102679","","0.0904","C"
"4","Trait5","pKWmEB","NsiI.TP724799"," 4","68146066","","0.2850","C"
"4","Trait5","pKWmEB","PstI.TP1253306"," 4","68169687","","0.5274","A"
"4","Trait5","pKWmEB","NsiI.TP38420"," 4","68173226","","0.8699","C"
"4","Trait5","pKWmEB","PstI.TP144683"," 4","68197743","","1.5283","C"
"4","Trait5","pKWmEB","PstI.TP938367"," 4","68199598","","0.3597","A"
"4","Trait5","pKWmEB","PstI.TP788878"," 4","68208164","","0.4097","C"
"4","Trait5","pKWmEB","GFSSContig16380_877"," 4","68208350","","0.7414","T"
"4","Trait5","pKWmEB","PstI.TP344513"," 4","68212618","","0.0664","C"
"4","Trait5","pKWmEB","PstI.TP917245"," 4","68214314","","0.0036","A"
"4","Trait5","pKWmEB","PstI.TP917299"," 4","68214345","","0.0478","A"
"4","Trait5","pKWmEB","NsiI.TP165703"," 4","68238160","","0.3278","C"
"4","Trait5","pKWmEB","NsiI.TP717243"," 4","68249333","","0.0292","C"
"4","Trait5","pKWmEB","NsiI.TP616572"," 4","68250027","","0.7499","A"
"4","Trait5","pKWmEB","PstI.TP789428"," 4","68272076","","0.9163","A"
"4","Trait5","pKWmEB","NsiI.TP482469"," 4","68283147","","0.0861","A"
"4","Trait5","pKWmEB","NsiI.TP485472"," 4","68283223","","1.1317","A"
"4","Trait5","pKWmEB","PstI.TP118170"," 4","68304229","","0.2692","A"
"4","Trait5","pKWmEB","PstI.TP743824"," 4","68341653","","0.0629","A"
"4","Trait5","pKWmEB","NsiI.TP743302"," 4","68354909","","0.4494","A"
"4","Trait5","pKWmEB","NsiI.TP800782"," 4","68355002","","0.0919","A"
"4","Trait5","pKWmEB","NsiI.TP216149"," 4","68365730","","0.0101","C"
"4","Trait5","pKWmEB","PstI.TP1033169"," 4","68372412","","0.0056","A"
"4","Trait5","pKWmEB","PstI.TP551013"," 4","68380690","","0.9820","A"
"4","Trait5","pKWmEB","NsiI.TP795757"," 4","68397931","","0.2820","G"
"4","Trait5","pKWmEB","NsiI.TP415662"," 4","68398657","","0.1177","C"
"4","Trait5","pKWmEB","PstI.TP1022236"," 4","68398724","","0.0555","A"
"4","Trait5","pKWmEB","NsiI.TP779718"," 4","68422236","","0.2584","A"
"4","Trait5","pKWmEB","PstI.TP591523"," 4","68425352","","1.3187","C"
"4","Trait5","pKWmEB","NsiI.TP315876"," 4","68429980","","1.1325","A"
"4","Trait5","pKWmEB","PstI.TP107665"," 4","68430765","","0.5481","G"
"4","Trait5","pKWmEB","PstI.TP812148"," 4","68432061","","0.1443","A"
"4","Trait5","pKWmEB","NsiI.TP818996"," 4","68434250","","0.2389","C"
"4","Trait5","pKWmEB","PstI.TP911698"," 4","68458607","","0.6802","C"
"4","Trait5","pKWmEB","PstI.TP933689"," 4","68479830","","0.3151","C"
"4","Trait5","pKWmEB","PstI.TP358871"," 4","68481066","","0.1436","A"
"4","Trait5","pKWmEB","PstI.TP1175433"," 4","68487120","","0.4753","G"
"4","Trait5","pKWmEB","PstI.TP1014704"," 4","68495682","","0.5377","C"
"4","Trait5","pKWmEB","PstI.TP898020"," 4","68518674","","0.3189","G"
"4","Trait5","pKWmEB","NsiI.TP738063"," 4","68529775","","0.0258","A"
"4","Trait5","pKWmEB","PstI.TP1060456"," 4","68541141","","0.0062","C"
"4","Trait5","pKWmEB","PstI.TP56482"," 4","68544225","","0.1206","A"
"4","Trait5","pKWmEB","NsiI.TP259300"," 4","68562524","","0.3832","A"
"4","Trait5","pKWmEB","PstI.TP1024663"," 4","68567854","","0.8413","C"
"4","Trait5","pKWmEB","PstI.TP1269599"," 4","68592536","","0.1035","A"
"4","Trait5","pKWmEB","NsiI.TP371727"," 4","68628261","","0.0962","A"
"4","Trait5","pKWmEB","PstI.TP209776"," 4","68630234","","0.1469","C"
"4","Trait5","pKWmEB","NsiI.TP189044"," 5","   34971","","1.3237","A"
"4","Trait5","pKWmEB","PstI.TP1271472"," 5","   48316","","0.1113","C"
"4","Trait5","pKWmEB","NsiI.TP33138"," 5","   57403","","0.9233","A"
"4","Trait5","pKWmEB","PstI.TP877515"," 5","  101877","","0.0460","A"
"4","Trait5","pKWmEB","PstI.TP1281889"," 5","  137021","","0.2323","C"
"4","Trait5","pKWmEB","PstI.TP1281974"," 5","  137021","","1.7794","C"
"4","Trait5","pKWmEB","PstI.TP1177814"," 5","  153512","","0.0945","A"
"4","Trait5","pKWmEB","NsiI.TP699693"," 5","  166878","","0.0011","A"
"4","Trait5","pKWmEB","PstI.TP747686"," 5","  191126","","0.0989","C"
"4","Trait5","pKWmEB","NsiI.TP655195"," 5","  220029","","0.0236","A"
"4","Trait5","pKWmEB","NsiI.TP466667"," 5","  240475","","0.9900","A"
"4","Trait5","pKWmEB","NsiI.TP620586"," 5","  250820","","0.2077","G"
"4","Trait5","pKWmEB","PstI.TP1007196"," 5","  250889","","0.0997","A"
"4","Trait5","pKWmEB","PstI.TP1007241"," 5","  250902","","0.4314","C"
"4","Trait5","pKWmEB","NsiI.TP86935"," 5","  278009","","0.6414","A"
"4","Trait5","pKWmEB","PstI.TP114214"," 5","  334098","","0.5169","C"
"4","Trait5","pKWmEB","PstI.TP19665"," 5","  349977","","0.9084","A"
"4","Trait5","pKWmEB","PstI.TP1000033"," 5","  372561","","0.7264","C"
"4","Trait5","pKWmEB","PstI.TP119386"," 5","  372761","","0.9624","A"
"4","Trait5","pKWmEB","NsiI.TP431027"," 5","  422171","","0.2175","A"
"4","Trait5","pKWmEB","PstI.TP222177"," 5","  426909","","1.5663","A"
"4","Trait5","pKWmEB","PstI.TP741307"," 5","  430550","","0.2936","C"
"4","Trait5","pKWmEB","NsiI.TP463004"," 5","  447657","","0.1021","A"
"4","Trait5","pKWmEB","PstI.TP859797"," 5","  579449","","0.0848","C"
"4","Trait5","pKWmEB","PstI.TP123668"," 5","  633788","","0.0565","C"
"4","Trait5","pKWmEB","PstI.TP773764"," 5","  636301","","0.1035","G"
"4","Trait5","pKWmEB","PstI.TP335062"," 5","  638703","","0.0114","A"
"4","Trait5","pKWmEB","PstI.TP1208174"," 5","  650322","","0.0159","C"
"4","Trait5","pKWmEB","PstI.TP106614"," 5","  654315","","0.4263","A"
"4","Trait5","pKWmEB","PstI.TP639375"," 5","  655773","","0.7243","A"
"4","Trait5","pKWmEB","NsiI.TP813164"," 5","  748176","","0.4544","C"
"4","Trait5","pKWmEB","PstI.TP63816"," 5","  748461","","0.7668","A"
"4","Trait5","pKWmEB","NsiI.TP828942"," 5","  782336","","0.6101","C"
"4","Trait5","pKWmEB","PstI.TP1129060"," 5","  878667","","0.0576","A"
"4","Trait5","pKWmEB","NsiI.TP642086"," 5","  931901","","0.0133","A"
"4","Trait5","pKWmEB","PstI.TP183980"," 5"," 1005140","","0.0109","G"
"4","Trait5","pKWmEB","NsiI.TP501039"," 5"," 1019910","","1.1108","C"
"4","Trait5","pKWmEB","PstI.TP377550"," 5"," 1024161","","0.2792","A"
"4","Trait5","pKWmEB","NsiI.TP678744"," 5"," 1030092","","0.1163","A"
"4","Trait5","pKWmEB","NsiI.TP443673"," 5"," 1122933","","0.5657","C"
"4","Trait5","pKWmEB","PstI.TP1105900"," 5"," 1125720","","0.1280","A"
"4","Trait5","pKWmEB","NsiI.TP115761"," 5"," 1127186","","0.4818","C"
"4","Trait5","pKWmEB","PstI.TP1215192"," 5"," 1159864","","0.3946","C"
"4","Trait5","pKWmEB","PstI.TP86277"," 5"," 1169525","","0.9912","C"
"4","Trait5","pKWmEB","PstI.TP912569"," 5"," 1225681","","1.6505","A"
"4","Trait5","pKWmEB","PstI.TP1039563"," 5"," 1229267","","0.1978","A"
"4","Trait5","pKWmEB","NsiI.TP115929"," 5"," 1251543","","1.4011","C"
"4","Trait5","pKWmEB","PstI.TP569914"," 5"," 1262747","","0.3408","C"
"4","Trait5","pKWmEB","PstI.TP118458"," 5"," 1314515","","0.0740","G"
"4","Trait5","pKWmEB","PstI.TP957152"," 5"," 1316094","","0.0494","A"
"4","Trait5","pKWmEB","PstI.TP799542"," 5"," 1321222","","0.7202","A"
"4","Trait5","pKWmEB","PstI.TP457541"," 5"," 1349853","","0.2015","C"
"4","Trait5","pKWmEB","PstI.TP706285"," 5"," 1400466","","0.4495","C"
"4","Trait5","pKWmEB","NsiI.TP208555"," 5"," 1400561","","0.0822","C"
"4","Trait5","pKWmEB","PstI.TP581911"," 5"," 1401801","","0.3199","A"
"4","Trait5","pKWmEB","NsiI.TP573042"," 5"," 1401861","","0.6012","C"
"4","Trait5","pKWmEB","PstI.TP990614"," 5"," 1419463","","0.9912","C"
"4","Trait5","pKWmEB","PstI.TP1120850"," 5"," 1476861","","0.3283","A"
"4","Trait5","pKWmEB","NsiI.TP539246"," 5"," 1479103","","0.0490","A"
"4","Trait5","pKWmEB","NsiI.TP85637"," 5"," 1479114","","0.0958","A"
"4","Trait5","pKWmEB","PstI.TP159365"," 5"," 1487968","","0.0464","C"
"4","Trait5","pKWmEB","PstI.TP496795"," 5"," 1513135","","0.1699","C"
"4","Trait5","pKWmEB","PstI.TP496793"," 5"," 1513166","","0.4579","C"
"4","Trait5","pKWmEB","PstI.TP1245708"," 5"," 1545967","","0.0009","C"
"4","Trait5","pKWmEB","PstI.TP1186531"," 5"," 1575450","","0.2490","C"
"4","Trait5","pKWmEB","NsiI.TP225231"," 5"," 1576837","","1.2535","G"
"4","Trait5","pKWmEB","PstI.TP129347"," 5"," 1582143","","0.1312","A"
"4","Trait5","pKWmEB","PstI.TP240799"," 5"," 1609097","","0.2814","A"
"4","Trait5","pKWmEB","PstI.TP746826"," 5"," 1609271","","0.4503","C"
"4","Trait5","pKWmEB","PstI.TP572510"," 5"," 1619655","","1.3332","A"
"4","Trait5","pKWmEB","NsiI.TP328498"," 5"," 1641741","","0.3270","C"
"4","Trait5","pKWmEB","NsiI.TP337706"," 5"," 1641803","","0.7062","C"
"4","Trait5","pKWmEB","PstI.TP70890"," 5"," 1642047","","0.2522","C"
"4","Trait5","pKWmEB","NsiI.TP303297"," 5"," 1649566","","0.8677","A"
"4","Trait5","pKWmEB","PstI.TP505573"," 5"," 1676272","","0.5962","C"
"4","Trait5","pKWmEB","NsiI.TP138322"," 5"," 1726879","","0.0877","G"
"4","Trait5","pKWmEB","NsiI.TP138641"," 5"," 1726880","","0.5710","A"
"4","Trait5","pKWmEB","NsiI.TP110686"," 5"," 1726885","","0.0231","C"
"4","Trait5","pKWmEB","PstI.TP1024558"," 5"," 1729067","","0.0253","A"
"4","Trait5","pKWmEB","PstI.TP285166"," 5"," 1732994","","0.0055","C"
"4","Trait5","pKWmEB","NsiI.TP271317"," 5"," 1744857","","0.0092","G"
"4","Trait5","pKWmEB","PstI.TP1163866"," 5"," 1762545","","0.3372","A"
"4","Trait5","pKWmEB","NsiI.TP493777"," 5"," 1825844","","0.1253","A"
"4","Trait5","pKWmEB","PstI.TP28136"," 5"," 1839902","","0.2298","A"
"4","Trait5","pKWmEB","NsiI.TP8637"," 5"," 1876766","","1.6447","A"
"4","Trait5","pKWmEB","GFSSContig12774_2120"," 5"," 1894188","","0.0796","A"
"4","Trait5","pKWmEB","PstI.TP1060586"," 5"," 1906260","","0.2395","A"
"4","Trait5","pKWmEB","PstI.TP851503"," 5"," 1907162","","0.4532","A"
"4","Trait5","pKWmEB","GFSSContig19830_1349"," 5"," 1918096","","0.7297","A"
"4","Trait5","pKWmEB","PstI.TP729378"," 5"," 1918244","","0.8319","C"
"4","Trait5","pKWmEB","PstI.TP118594"," 5"," 1927814","","0.3407","A"
"4","Trait5","pKWmEB","PstI.TP9129"," 5"," 1938138","","0.0381","A"
"4","Trait5","pKWmEB","NsiI.TP361648"," 5"," 1940829","","0.1556","C"
"4","Trait5","pKWmEB","PstI.TP222086"," 5"," 1973055","","0.4646","A"
"4","Trait5","pKWmEB","NsiI.TP669564"," 5"," 1976446","","0.2124","A"
"4","Trait5","pKWmEB","NsiI.TP669673"," 5"," 1976459","","1.0549","A"
"4","Trait5","pKWmEB","PstI.TP1248423"," 5"," 1988487","","0.2057","C"
"4","Trait5","pKWmEB","PstI.TP754277"," 5"," 1988689","","0.0862","A"
"4","Trait5","pKWmEB","NsiI.TP199620"," 5"," 2004904","","0.0111","C"
"4","Trait5","pKWmEB","NsiI.TP19841"," 5"," 2023636","","0.2261","C"
"4","Trait5","pKWmEB","PstI.TP1241335"," 5"," 2029179","","0.5398","C"
"4","Trait5","pKWmEB","PstI.TP108340"," 5"," 2034366","","0.0013","A"
"4","Trait5","pKWmEB","PstI.TP979536"," 5"," 2060722","","0.8993","A"
"4","Trait5","pKWmEB","NsiI.TP516857"," 5"," 2120536","","0.1603","A"
"4","Trait5","pKWmEB","NsiI.TP318830"," 5"," 2140051","","0.5810","A"
"4","Trait5","pKWmEB","PstI.TP687256"," 5"," 2145144","","0.2362","A"
"4","Trait5","pKWmEB","PstI.TP349864"," 5"," 2155348","","0.5771","A"
"4","Trait5","pKWmEB","NsiI.TP487663"," 5"," 2156288","","0.1309","A"
"4","Trait5","pKWmEB","NsiI.TP438841"," 5"," 2162309","","0.5107","C"
"4","Trait5","pKWmEB","NsiI.TP243637"," 5"," 2162335","","0.4528","C"
"4","Trait5","pKWmEB","PstI.TP1093878"," 5"," 2162510","","0.0927","C"
"4","Trait5","pKWmEB","NsiI.TP153449"," 5"," 2182877","","1.0636","A"
"4","Trait5","pKWmEB","NsiI.TP195030"," 5"," 2196961","","0.5503","A"
"4","Trait5","pKWmEB","PstI.TP386900"," 5"," 2219345","","0.0114","C"
"4","Trait5","pKWmEB","PstI.TP386901"," 5"," 2219357","","0.3430","A"
"4","Trait5","pKWmEB","NsiI.TP124926"," 5"," 2242133","","1.1427","C"
"4","Trait5","pKWmEB","PstI.TP1135154"," 5"," 2249476","","0.7784","C"
"4","Trait5","pKWmEB","PstI.TP450309"," 5"," 2299918","","0.6904","A"
"4","Trait5","pKWmEB","PstI.TP1181476"," 5"," 2299991","","1.2645","A"
"4","Trait5","pKWmEB","NsiI.TP766019"," 5"," 2301214","","0.1390","G"
"4","Trait5","pKWmEB","PstI.TP10501"," 5"," 2382399","","0.9472","C"
"4","Trait5","pKWmEB","PstI.TP937259"," 5"," 2439852","","0.0805","A"
"4","Trait5","pKWmEB","NsiI.TP169154"," 5"," 2479134","","0.0236","G"
"4","Trait5","pKWmEB","NsiI.TP618712"," 5"," 2604562","","0.5837","A"
"4","Trait5","pKWmEB","PstI.TP605565"," 5"," 2619193","","0.0582","C"
"4","Trait5","pKWmEB","PstI.TP445802"," 5"," 2626506","","0.0273","G"
"4","Trait5","pKWmEB","NsiI.TP494540"," 5"," 2626519","","0.0949","A"
"4","Trait5","pKWmEB","NsiI.TP479986"," 5"," 2631528","","0.0118","C"
"4","Trait5","pKWmEB","PstI.TP39347"," 5"," 2639610","","0.0026","A"
"4","Trait5","pKWmEB","NsiI.TP494600"," 5"," 2639770","","0.0531","A"
"4","Trait5","pKWmEB","NsiI.TP494601"," 5"," 2639782","","0.0279","G"
"4","Trait5","pKWmEB","PstI.TP714651"," 5"," 2641756","","0.0074","C"
"4","Trait5","pKWmEB","NsiI.TP820145"," 5"," 2648201","","2.7651","C"
"4","Trait5","pKWmEB","NsiI.TP176095"," 5"," 2684969","","0.2772","C"
"4","Trait5","pKWmEB","PstI.TP751361"," 5"," 2689053","","0.2856","A"
"4","Trait5","pKWmEB","PstI.TP680646"," 5"," 2703309","","0.6332","C"
"4","Trait5","pKWmEB","PstI.TP1256617"," 5"," 2741599","","0.9106","A"
"4","Trait5","pKWmEB","NsiI.TP16868"," 5"," 2746218","","0.2820","A"
"4","Trait5","pKWmEB","NsiI.TP403206"," 5"," 2753956","","0.1621","A"
"4","Trait5","pKWmEB","PstI.TP33747"," 5"," 2770988","","0.4855","A"
"4","Trait5","pKWmEB","PstI.TP313195"," 5"," 2774798","","0.1403","C"
"4","Trait5","pKWmEB","PstI.TP1178902"," 5"," 2776062","","0.4491","C"
"4","Trait5","pKWmEB","NsiI.TP282232"," 5"," 2776833","","0.2166","A"
"4","Trait5","pKWmEB","PstI.TP412468"," 5"," 2785213","","0.0765","C"
"4","Trait5","pKWmEB","PstI.TP863745"," 5"," 2785635","","0.1672","G"
"4","Trait5","pKWmEB","PstI.TP929794"," 5"," 2785978","","0.1721","C"
"4","Trait5","pKWmEB","PstI.TP1002681"," 5"," 2792124","","0.8222","A"
"4","Trait5","pKWmEB","NsiI.TP306924"," 5"," 2844053","","0.4854","C"
"4","Trait5","pKWmEB","NsiI.TP306926"," 5"," 2844091","","0.6654","A"
"4","Trait5","pKWmEB","PstI.TP324754"," 5"," 2879002","","0.2544","C"
"4","Trait5","pKWmEB","PstI.TP187122"," 5"," 2879937","","0.6463","A"
"4","Trait5","pKWmEB","PstI.TP800184"," 5"," 2883814","","0.6963","C"
"4","Trait5","pKWmEB","PstI.TP523847"," 5"," 2883860","","0.2596","A"
"4","Trait5","pKWmEB","NsiI.TP561542"," 5"," 2897010","","0.0188","C"
"4","Trait5","pKWmEB","NsiI.TP549012"," 5"," 2898184","","0.4712","A"
"4","Trait5","pKWmEB","PstI.TP912731"," 5"," 2928036","","0.3343","A"
"4","Trait5","pKWmEB","PstI.TP786781"," 5"," 2964099","","1.2257","A"
"4","Trait5","pKWmEB","PstI.TP144070"," 5"," 2971536","","1.5358","A"
"4","Trait5","pKWmEB","PstI.TP795525"," 5"," 3041076","","0.0297","C"
"4","Trait5","pKWmEB","PstI.TP477831"," 5"," 3086131","","0.4748","C"
"4","Trait5","pKWmEB","PstI.TP832581"," 5"," 3120567","","0.0917","C"
"4","Trait5","pKWmEB","PstI.TP639947"," 5"," 3135429","","0.8612","C"
"4","Trait5","pKWmEB","PstI.TP639945"," 5"," 3135436","","0.5203","G"
"4","Trait5","pKWmEB","PstI.TP478987"," 5"," 3153914","","0.7457","A"
"4","Trait5","pKWmEB","PstI.TP1263815"," 5"," 3266215","","0.4930","C"
"4","Trait5","pKWmEB","PstI.TP719448"," 5"," 3266252","","1.1999","A"
"4","Trait5","pKWmEB","PstI.TP719377"," 5"," 3266267","","1.0336","C"
"4","Trait5","pKWmEB","NsiI.TP339003"," 5"," 3276964","","0.4072","A"
"4","Trait5","pKWmEB","PstI.TP140685"," 5"," 3279128","","0.0961","A"
"4","Trait5","pKWmEB","PstI.TP788525"," 5"," 3305798","","0.4390","A"
"4","Trait5","pKWmEB","NsiI.TP262322"," 5"," 3317209","","0.4855","C"
"4","Trait5","pKWmEB","PstI.TP1110118"," 5"," 3321439","","0.0816","A"
"4","Trait5","pKWmEB","NsiI.TP775231"," 5"," 3335500","","0.1155","G"
"4","Trait5","pKWmEB","PstI.TP251988"," 5"," 3374175","","1.2066","C"
"4","Trait5","pKWmEB","NsiI.TP75744"," 5"," 3422968","","1.1656","A"
"4","Trait5","pKWmEB","PstI.TP292268"," 5"," 3450082","","0.3756","A"
"4","Trait5","pKWmEB","PstI.TP433162"," 5"," 3452552","","0.0264","G"
"4","Trait5","pKWmEB","PstI.TP1093542"," 5"," 3453093","","0.1407","A"
"4","Trait5","pKWmEB","PstI.TP897370"," 5"," 3460663","","0.4934","G"
"4","Trait5","pKWmEB","PstI.TP877249"," 5"," 3460680","","1.1100","A"
"4","Trait5","pKWmEB","PstI.TP69759"," 5"," 3473479","","0.2835","A"
"4","Trait5","pKWmEB","NsiI.TP732838"," 5"," 3498002","","0.4660","A"
"4","Trait5","pKWmEB","PstI.TP97245"," 5"," 3516531","","0.9457","C"
"4","Trait5","pKWmEB","NsiI.TP800919"," 5"," 3517153","","0.5656","A"
"4","Trait5","pKWmEB","NsiI.TP38182"," 5"," 3527953","","0.4819","A"
"4","Trait5","pKWmEB","NsiI.TP48850"," 5"," 3566666","","0.2340","C"
"4","Trait5","pKWmEB","PstI.TP741054"," 5"," 3590095","","0.9395","C"
"4","Trait5","pKWmEB","PstI.TP1224807"," 5"," 3620091","","0.2487","A"
"4","Trait5","pKWmEB","NsiI.TP245128"," 5"," 3645750","","0.4985","A"
"4","Trait5","pKWmEB","PstI.TP990362"," 5"," 3683281","","0.0181","C"
"4","Trait5","pKWmEB","PstI.TP140068"," 5"," 3687747","","0.8838","A"
"4","Trait5","pKWmEB","PstI.TP972256"," 5"," 3704345","","0.1874","C"
"4","Trait5","pKWmEB","PstI.TP1275205"," 5"," 3704999","","0.0711","A"
"4","Trait5","pKWmEB","PstI.TP338854"," 5"," 3716969","","1.4592","C"
"4","Trait5","pKWmEB","NsiI.TP362324"," 5"," 3795833","","0.2971","A"
"4","Trait5","pKWmEB","PstI.TP116947"," 5"," 3824723","","0.2243","A"
"4","Trait5","pKWmEB","PstI.TP72814"," 5"," 3830199","","1.0261","A"
"4","Trait5","pKWmEB","NsiI.TP521884"," 5"," 3858576","","0.4870","G"
"4","Trait5","pKWmEB","NsiI.TP471892"," 5"," 3881744","","0.9101","A"
"4","Trait5","pKWmEB","PstI.TP194747"," 5"," 3889552","","0.1910","C"
"4","Trait5","pKWmEB","NsiI.TP439545"," 5"," 3890021","","0.6977","C"
"4","Trait5","pKWmEB","PstI.TP1236128"," 5"," 3894203","","0.5128","C"
"4","Trait5","pKWmEB","NsiI.TP440832"," 5"," 3928642","","0.3077","C"
"4","Trait5","pKWmEB","PstI.TP56862"," 5"," 3992184","","1.0695","A"
"4","Trait5","pKWmEB","PstI.TP735313"," 5"," 4023386","","0.1536","C"
"4","Trait5","pKWmEB","PstI.TP408712"," 5"," 4024144","","0.8944","G"
"4","Trait5","pKWmEB","NsiI.TP418436"," 5"," 4095705","","0.0341","A"
"4","Trait5","pKWmEB","PstI.TP214151"," 5"," 4095852","","0.3659","A"
"4","Trait5","pKWmEB","NsiI.TP427581"," 5"," 4171782","","0.7670","C"
"4","Trait5","pKWmEB","PstI.TP414184"," 5"," 4258207","","0.5009","A"
"4","Trait5","pKWmEB","PstI.TP1060691"," 5"," 4274706","","0.5363","A"
"4","Trait5","pKWmEB","NsiI.TP439626"," 5"," 4276162","","0.2079","C"
"4","Trait5","pKWmEB","PstI.TP1080634"," 5"," 4276257","","0.5758","C"
"4","Trait5","pKWmEB","NsiI.TP68212"," 5"," 4325930","","0.0188","A"
"4","Trait5","pKWmEB","NsiI.TP370896"," 5"," 4376082","","0.0168","C"
"4","Trait5","pKWmEB","PstI.TP17778"," 5"," 4383905","","0.0886","C"
"4","Trait5","pKWmEB","PstI.TP321392"," 5"," 4384094","","0.1254","A"
"4","Trait5","pKWmEB","PstI.TP305018"," 5"," 4408757","","0.1484","G"
"4","Trait5","pKWmEB","NsiI.TP732267"," 5"," 4411879","","0.2772","A"
"4","Trait5","pKWmEB","NsiI.TP107345"," 5"," 4458388","","0.2202","C"
"4","Trait5","pKWmEB","PstI.TP987803"," 5"," 4464515","","0.0330","C"
"4","Trait5","pKWmEB","NsiI.TP360516"," 5"," 4477314","","0.3067","A"
"4","Trait5","pKWmEB","PstI.TP59329"," 5"," 4497697","","0.5481","C"
"4","Trait5","pKWmEB","NsiI.TP335598"," 5"," 4668356","","0.2044","C"
"4","Trait5","pKWmEB","PstI.TP252618"," 5"," 4686232","","0.0735","A"
"4","Trait5","pKWmEB","PstI.TP694238"," 5"," 4770924","","0.3219","A"
"4","Trait5","pKWmEB","PstI.TP1110883"," 5"," 4919425","","0.4223","A"
"4","Trait5","pKWmEB","NsiI.TP198900"," 5"," 4928046","","0.0633","C"
"4","Trait5","pKWmEB","PstI.TP126248"," 5"," 4936742","","0.0236","A"
"4","Trait5","pKWmEB","PstI.TP552005"," 5"," 5249040","","0.5822","A"
"4","Trait5","pKWmEB","NsiI.TP149019"," 5"," 5285024","","0.0383","C"
"4","Trait5","pKWmEB","NsiI.TP22393"," 5"," 5285397","","0.8252","A"
"4","Trait5","pKWmEB","PstI.TP1148380"," 5"," 5292261","","0.0357","C"
"4","Trait5","pKWmEB","NsiI.TP42972"," 5"," 5293168","","0.3951","C"
"4","Trait5","pKWmEB","NsiI.TP111645"," 5"," 5418687","","0.2389","A"
"4","Trait5","pKWmEB","NsiI.TP655345"," 5"," 5523775","","0.1237","A"
"4","Trait5","pKWmEB","NsiI.TP488716"," 5"," 5554725","","0.4605","C"
"4","Trait5","pKWmEB","PstI.TP269348"," 5"," 5556404","","0.4161","A"
"4","Trait5","pKWmEB","PstI.TP794464"," 5"," 5581475","","0.0815","C"
"4","Trait5","pKWmEB","NsiI.TP411234"," 5"," 5584072","","1.0047","C"
"4","Trait5","pKWmEB","PstI.TP1071004"," 5"," 5625232","","0.0012","A"
"4","Trait5","pKWmEB","NsiI.TP17670"," 5"," 5655482","","0.1695","A"
"4","Trait5","pKWmEB","PstI.TP72251"," 5"," 5669318","","0.1028","G"
"4","Trait5","pKWmEB","PstI.TP854372"," 5"," 5715417","","0.7651","C"
"4","Trait5","pKWmEB","NsiI.TP99588"," 5"," 5819451","","0.1184","G"
"4","Trait5","pKWmEB","PstI.TP700543"," 5"," 5913842","","1.2214","A"
"4","Trait5","pKWmEB","PstI.TP666961"," 5"," 5923904","","0.3054","C"
"4","Trait5","pKWmEB","NsiI.TP251172"," 5"," 5927783","","0.3937","A"
"4","Trait5","pKWmEB","PstI.TP96435"," 5"," 5986201","","0.0198","A"
"4","Trait5","pKWmEB","PstI.TP636283"," 5"," 6002222","","0.1328","A"
"4","Trait5","pKWmEB","PstI.TP431319"," 5"," 6008439","","0.4636","C"
"4","Trait5","pKWmEB","NsiI.TP119442"," 5"," 6038931","","0.5669","C"
"4","Trait5","pKWmEB","NsiI.TP119446"," 5"," 6038936","","0.2253","G"
"4","Trait5","pKWmEB","PstI.TP1119788"," 5"," 6060199","","0.9649","C"
"4","Trait5","pKWmEB","PstI.TP289996"," 5"," 6060235","","0.0793","A"
"4","Trait5","pKWmEB","NsiI.TP523007"," 5"," 6076518","","0.3513","C"
"4","Trait5","pKWmEB","NsiI.TP480192"," 5"," 6094257","","0.3446","C"
"4","Trait5","pKWmEB","NsiI.TP455634"," 5"," 6162519","","0.0945","C"
"4","Trait5","pKWmEB","PstI.TP256203"," 5"," 6171099","","0.0910","A"
"4","Trait5","pKWmEB","NsiI.TP413842"," 5"," 6397494","","1.2353","A"
"4","Trait5","pKWmEB","NsiI.TP608766"," 5"," 6496104","","0.0867","A"
"4","Trait5","pKWmEB","PstI.TP157962"," 5"," 6518356","","0.1001","A"
"4","Trait5","pKWmEB","NsiI.TP411115"," 5"," 6582632","","0.4071","C"
"4","Trait5","pKWmEB","NsiI.TP504478"," 5"," 6610387","","0.1202","A"
"4","Trait5","pKWmEB","NsiI.TP172553"," 5"," 6678430","","0.3219","A"
"4","Trait5","pKWmEB","PstI.TP441462"," 5"," 6715614","","0.9640","A"
"4","Trait5","pKWmEB","NsiI.TP666169"," 5"," 6761208","","0.2546","A"
"4","Trait5","pKWmEB","NsiI.TP467514"," 5"," 6773470","","0.0399","A"
"4","Trait5","pKWmEB","NsiI.TP414851"," 5"," 6779516","","0.2077","A"
"4","Trait5","pKWmEB","PstI.TP698749"," 5"," 6782266","","1.0136","A"
"4","Trait5","pKWmEB","PstI.TP626088"," 5"," 6783019","","1.1282","C"
"4","Trait5","pKWmEB","NsiI.TP383990"," 5"," 6944020","","0.0682","C"
"4","Trait5","pKWmEB","NsiI.TP534973"," 5"," 6944254","","0.1139","C"
"4","Trait5","pKWmEB","PstI.TP536272"," 5"," 6990535","","0.3235","C"
"4","Trait5","pKWmEB","NsiI.TP146025"," 5"," 7076566","","0.7238","A"
"4","Trait5","pKWmEB","PstI.TP245053"," 5"," 7136212","","0.0715","C"
"4","Trait5","pKWmEB","PstI.TP267165"," 5"," 7242913","","0.3523","C"
"4","Trait5","pKWmEB","PstI.TP1020895"," 5"," 7257842","","0.8041","A"
"4","Trait5","pKWmEB","PstI.TP271552"," 5"," 7352876","","0.0299","C"
"4","Trait5","pKWmEB","PstI.TP1177761"," 5"," 7376697","","0.2636","A"
"4","Trait5","pKWmEB","PstI.TP234256"," 5"," 7599335","","0.0720","C"
"4","Trait5","pKWmEB","NsiI.TP117760"," 5"," 7613955","","0.2875","C"
"4","Trait5","pKWmEB","NsiI.TP74196"," 5"," 7614006","","0.1096","A"
"4","Trait5","pKWmEB","PstI.TP275443"," 5"," 7624362","","0.6165","C"
"4","Trait5","pKWmEB","PstI.TP874309"," 5"," 7657496","","0.2747","A"
"4","Trait5","pKWmEB","PstI.TP886903"," 5"," 7699285","","0.4564","A"
"4","Trait5","pKWmEB","NsiI.TP420780"," 5"," 7699515","","0.1654","C"
"4","Trait5","pKWmEB","PstI.TP899108"," 5"," 7770956","","0.0133","A"
"4","Trait5","pKWmEB","PstI.TP899098"," 5"," 7770985","","0.3411","A"
"4","Trait5","pKWmEB","NsiI.TP435687"," 5"," 7920477","","0.1206","A"
"4","Trait5","pKWmEB","PstI.TP1062164"," 5"," 7943106","","0.3971","G"
"4","Trait5","pKWmEB","GFSSContig15624_913"," 5"," 7944953","","0.1501","T"
"4","Trait5","pKWmEB","PstI.TP294846"," 5"," 8062551","","0.3943","A"
"4","Trait5","pKWmEB","PstI.TP272293"," 5"," 8068636","","0.2475","A"
"4","Trait5","pKWmEB","NsiI.TP630949"," 5"," 8069729","","0.0373","C"
"4","Trait5","pKWmEB","PstI.TP737250"," 5"," 8145902","","0.0787","C"
"4","Trait5","pKWmEB","NsiI.TP502978"," 5"," 8221871","","1.1047","C"
"4","Trait5","pKWmEB","PstI.TP138495"," 5"," 8332076","","0.4017","A"
"4","Trait5","pKWmEB","PstI.TP383081"," 5"," 8439486","","0.3998","C"
"4","Trait5","pKWmEB","PstI.TP1180096"," 5"," 8666173","","0.2149","A"
"4","Trait5","pKWmEB","PstI.TP1193816"," 5"," 8668694","","0.2611","A"
"4","Trait5","pKWmEB","PstI.TP229729"," 5"," 8702801","","0.2798","C"
"4","Trait5","pKWmEB","PstI.TP880884"," 5"," 8724121","","0.5950","A"
"4","Trait5","pKWmEB","NsiI.TP561424"," 5"," 8833869","","0.2730","C"
"4","Trait5","pKWmEB","PstI.TP742879"," 5"," 8865203","","0.1116","A"
"4","Trait5","pKWmEB","PstI.TP1231789"," 5"," 8890329","","0.4536","C"
"4","Trait5","pKWmEB","PstI.TP112449"," 5"," 8894727","","0.3175","A"
"4","Trait5","pKWmEB","NsiI.TP792799"," 5"," 8987708","","0.4435","A"
"4","Trait5","pKWmEB","PstI.TP509886"," 5"," 8995207","","0.1828","C"
"4","Trait5","pKWmEB","NsiI.TP19374"," 5"," 8995620","","0.3090","C"
"4","Trait5","pKWmEB","NsiI.TP775329"," 5"," 9234788","","0.0266","A"
"4","Trait5","pKWmEB","PstI.TP192306"," 5"," 9235205","","0.5918","G"
"4","Trait5","pKWmEB","PstI.TP385178"," 5"," 9340420","","0.0611","A"
"4","Trait5","pKWmEB","NsiI.TP346723"," 5"," 9422087","","0.0107","C"
"4","Trait5","pKWmEB","NsiI.TP237"," 5"," 9520936","","1.0319","A"
"4","Trait5","pKWmEB","PstI.TP290409"," 5","10196072","","0.4126","C"
"4","Trait5","pKWmEB","PstI.TP1029819"," 5","10196113","","0.0809","C"
"4","Trait5","pKWmEB","PstI.TP748221"," 5","10228330","","1.6617","A"
"4","Trait5","pKWmEB","PstI.TP955731"," 5","10358624","","1.0187","A"
"4","Trait5","pKWmEB","PstI.TP410756"," 5","10490332","","0.3884","A"
"4","Trait5","pKWmEB","PstI.TP680939"," 5","10598206","","0.0571","C"
"4","Trait5","pKWmEB","NsiI.TP796687"," 5","10645312","","0.1828","C"
"4","Trait5","pKWmEB","NsiI.TP795133"," 5","10655601","","0.0121","A"
"4","Trait5","pKWmEB","PstI.TP1003709"," 5","10657204","","0.0123","A"
"4","Trait5","pKWmEB","PstI.TP982606"," 5","10759453","","0.0961","A"
"4","Trait5","pKWmEB","NsiI.TP635574"," 5","10846526","","1.0899","C"
"4","Trait5","pKWmEB","NsiI.TP603192"," 5","10993052","","0.0193","A"
"4","Trait5","pKWmEB","PstI.TP1195335"," 5","11006945","","0.1826","A"
"4","Trait5","pKWmEB","PstI.TP829722"," 5","11155989","","0.1030","A"
"4","Trait5","pKWmEB","NsiI.TP33348"," 5","11365693","","0.1654","A"
"4","Trait5","pKWmEB","NsiI.TP2631"," 5","11412411","","0.1777","A"
"4","Trait5","pKWmEB","NsiI.TP233710"," 5","11471466","","0.1521","A"
"4","Trait5","pKWmEB","NsiI.TP672741"," 5","11505960","","0.0549","C"
"4","Trait5","pKWmEB","PstI.TP1017110"," 5","11514770","","0.2178","A"
"4","Trait5","pKWmEB","NsiI.TP307384"," 5","11516562","","0.1193","C"
"4","Trait5","pKWmEB","NsiI.TP585975"," 5","11530695","","0.1478","A"
"4","Trait5","pKWmEB","PstI.TP321068"," 5","11582646","","0.3153","C"
"4","Trait5","pKWmEB","PstI.TP1001738"," 5","11586700","","0.5747","C"
"4","Trait5","pKWmEB","PstI.TP698952"," 5","11616579","","0.7047","C"
"4","Trait5","pKWmEB","NsiI.TP705542"," 5","11798160","","0.3332","G"
"4","Trait5","pKWmEB","NsiI.TP136359"," 5","11923222","","0.2386","C"
"4","Trait5","pKWmEB","PstI.TP516385"," 5","12032688","","0.2950","A"
"4","Trait5","pKWmEB","NsiI.TP484005"," 5","12053525","","0.6166","C"
"4","Trait5","pKWmEB","NsiI.TP613128"," 5","12094356","","0.5981","A"
"4","Trait5","pKWmEB","PstI.TP336954"," 5","12142061","","0.0277","G"
"4","Trait5","pKWmEB","PstI.TP886522"," 5","12142747","","0.0889","C"
"4","Trait5","pKWmEB","PstI.TP38199"," 5","12145311","","0.8813","A"
"4","Trait5","pKWmEB","NsiI.TP54464"," 5","12196169","","0.0631","C"
"4","Trait5","pKWmEB","PstI.TP612686"," 5","12297222","","0.0715","A"
"4","Trait5","pKWmEB","NsiI.TP151699"," 5","12373387","","0.2584","A"
"4","Trait5","pKWmEB","PstI.TP952139"," 5","12454386","","0.1813","C"
"4","Trait5","pKWmEB","GFSSContig12176_444"," 5","12496833","","0.7747","T"
"4","Trait5","pKWmEB","PstI.TP336053"," 5","12614170","","0.1288","C"
"4","Trait5","pKWmEB","NsiI.TP55689"," 5","12614769","","1.0203","C"
"4","Trait5","pKWmEB","PstI.TP469353"," 5","12741229","","0.1725","A"
"4","Trait5","pKWmEB","PstI.TP298093"," 5","12772922","","0.2400","A"
"4","Trait5","pKWmEB","PstI.TP760568"," 5","12773371","","0.3089","C"
"4","Trait5","pKWmEB","PstI.TP800418"," 5","12779891","","0.4130","A"
"4","Trait5","pKWmEB","PstI.TP747280"," 5","12790396","","0.8359","C"
"4","Trait5","pKWmEB","PstI.TP576497"," 5","12791280","","0.0734","A"
"4","Trait5","pKWmEB","PstI.TP800413"," 5","12791316","","0.5763","G"
"4","Trait5","pKWmEB","PstI.TP876085"," 5","12857869","","0.4169","C"
"4","Trait5","pKWmEB","PstI.TP966301"," 5","13005870","","0.0400","A"
"4","Trait5","pKWmEB","PstI.TP923354"," 5","13005905","","0.4146","A"
"4","Trait5","pKWmEB","NsiI.TP243799"," 5","13014314","","0.0972","C"
"4","Trait5","pKWmEB","PstI.TP644170"," 5","13189719","","0.7405","G"
"4","Trait5","pKWmEB","NsiI.TP484899"," 5","13192407","","0.0389","A"
"4","Trait5","pKWmEB","PstI.TP306460"," 5","13194806","","0.5631","A"
"4","Trait5","pKWmEB","NsiI.TP695575"," 5","13207424","","0.1487","A"
"4","Trait5","pKWmEB","PstI.TP1064686"," 5","13320382","","0.0948","A"
"4","Trait5","pKWmEB","NsiI.TP766990"," 5","13327390","","0.1890","A"
"4","Trait5","pKWmEB","PstI.TP482453"," 5","13381050","","0.2650","A"
"4","Trait5","pKWmEB","NsiI.TP762729"," 5","13386033","","0.1482","G"
"4","Trait5","pKWmEB","NsiI.TP624549"," 5","13393040","","0.7198","C"
"4","Trait5","pKWmEB","PstI.TP1200721"," 5","13409840","","0.3368","A"
"4","Trait5","pKWmEB","NsiI.TP416420"," 5","13410392","","0.1478","A"
"4","Trait5","pKWmEB","NsiI.TP692511"," 5","13515562","","0.5518","C"
"4","Trait5","pKWmEB","PstI.TP315886"," 5","13551211","","0.0598","C"
"4","Trait5","pKWmEB","PstI.TP535684"," 5","13584812","","0.5108","C"
"4","Trait5","pKWmEB","PstI.TP290629"," 5","13602322","","0.9880","A"
"4","Trait5","pKWmEB","NsiI.TP148633"," 5","14092932","","1.1094","C"
"4","Trait5","pKWmEB","NsiI.TP740453"," 5","14277196","","0.2171","A"
"4","Trait5","pKWmEB","PstI.TP1132676"," 5","14529610","","0.3335","A"
"4","Trait5","pKWmEB","NsiI.TP212828"," 5","14570389","","1.0827","A"
"4","Trait5","pKWmEB","PstI.TP115552"," 5","14740973","","0.6197","A"
"4","Trait5","pKWmEB","PstI.TP1201217"," 5","14742752","","0.0644","C"
"4","Trait5","pKWmEB","PstI.TP843092"," 5","14746414","","2.4588","A"
"4","Trait5","pKWmEB","PstI.TP389984"," 5","14746564","","0.2338","G"
"4","Trait5","pKWmEB","PstI.TP314812"," 5","14746703","","0.0251","A"
"4","Trait5","pKWmEB","PstI.TP649157"," 5","14889227","","0.0589","A"
"4","Trait5","pKWmEB","PstI.TP1086927"," 5","15015645","","0.1019","A"
"4","Trait5","pKWmEB","PstI.TP980216"," 5","15015690","","0.2512","A"
"4","Trait5","pKWmEB","PstI.TP174425"," 5","15088676","","0.1244","A"
"4","Trait5","pKWmEB","PstI.TP1284475"," 5","15093792","","0.2050","A"
"4","Trait5","pKWmEB","NsiI.TP30992"," 5","15094431","","0.1314","C"
"4","Trait5","pKWmEB","PstI.TP1274338"," 5","15100348","","0.6594","C"
"4","Trait5","pKWmEB","PstI.TP1274320"," 5","15100359","","0.6636","C"
"4","Trait5","pKWmEB","NsiI.TP587624"," 5","15100364","","0.6545","C"
"4","Trait5","pKWmEB","NsiI.TP426168"," 5","15111964","","0.2667","A"
"4","Trait5","pKWmEB","PstI.TP1117188"," 5","15115089","","0.0293","A"
"4","Trait5","pKWmEB","PstI.TP645694"," 5","15118699","","0.0948","A"
"4","Trait5","pKWmEB","NsiI.TP727162"," 5","15122057","","0.7622","G"
"4","Trait5","pKWmEB","PstI.TP1191302"," 5","15122235","","0.1694","G"
"4","Trait5","pKWmEB","PstI.TP987131"," 5","15122270","","1.2186","A"
"4","Trait5","pKWmEB","PstI.TP1181762"," 5","15205403","","0.3066","C"
"4","Trait5","pKWmEB","PstI.TP474896"," 5","15206420","","0.1951","G"
"4","Trait5","pKWmEB","NsiI.TP689413"," 5","15376291","","0.4756","C"
"4","Trait5","pKWmEB","NsiI.TP360947"," 5","15431975","","0.2157","A"
"4","Trait5","pKWmEB","NsiI.TP690621"," 5","15578156","","0.0968","A"
"4","Trait5","pKWmEB","PstI.TP342506"," 5","15673619","","0.2874","C"
"4","Trait5","pKWmEB","PstI.TP335861"," 5","15698460","","0.5256","C"
"4","Trait5","pKWmEB","NsiI.TP33200"," 5","15793739","","0.3532","A"
"4","Trait5","pKWmEB","PstI.TP852930"," 5","15890397","","0.9037","G"
"4","Trait5","pKWmEB","NsiI.TP586149"," 5","16081479","","0.1748","C"
"4","Trait5","pKWmEB","PstI.TP98333"," 5","16130526","","0.7343","C"
"4","Trait5","pKWmEB","PstI.TP632203"," 5","16147728","","0.1334","A"
"4","Trait5","pKWmEB","NsiI.TP148603"," 5","16159167","","0.1312","A"
"4","Trait5","pKWmEB","PstI.TP749759"," 5","16162509","","0.1709","C"
"4","Trait5","pKWmEB","PstI.TP648723"," 5","16409323","","0.5416","C"
"4","Trait5","pKWmEB","NsiI.TP796495"," 5","16450180","","0.1557","A"
"4","Trait5","pKWmEB","NsiI.TP499551"," 5","16709577","","0.1327","C"
"4","Trait5","pKWmEB","PstI.TP1096194"," 5","16711165","","0.3848","C"
"4","Trait5","pKWmEB","PstI.TP285225"," 5","16857442","","0.1696","C"
"4","Trait5","pKWmEB","PstI.TP34453"," 5","16892570","","0.4277","C"
"4","Trait5","pKWmEB","PstI.TP1275425"," 5","16902247","","0.1068","C"
"4","Trait5","pKWmEB","PstI.TP1117910"," 5","16910013","","0.1253","C"
"4","Trait5","pKWmEB","PstI.TP1117916"," 5","16910015","","0.3665","A"
"4","Trait5","pKWmEB","PstI.TP894695"," 5","17179622","","0.4322","C"
"4","Trait5","pKWmEB","PstI.TP957381"," 5","18052739","","0.1616","C"
"4","Trait5","pKWmEB","PstI.TP364209"," 5","18054571","","2.8017","C"
"4","Trait5","pKWmEB","NsiI.TP821208"," 5","18055820","","0.5091","G"
"4","Trait5","pKWmEB","PstI.TP523812"," 5","18073563","","0.0640","C"
"4","Trait5","pKWmEB","PstI.TP751322"," 5","18102691","","0.3498","A"
"4","Trait5","pKWmEB","PstI.TP617204"," 5","18199075","","0.7398","C"
"4","Trait5","pKWmEB","NsiI.TP551038"," 5","18628294","","0.1136","A"
"4","Trait5","pKWmEB","NsiI.TP482815"," 5","18629097","","0.9235","C"
"4","Trait5","pKWmEB","NsiI.TP604518"," 5","18763426","","0.0551","C"
"4","Trait5","pKWmEB","PstI.TP532325"," 5","18806244","","0.0539","C"
"4","Trait5","pKWmEB","NsiI.TP152452"," 5","18948809","","0.2813","A"
"4","Trait5","pKWmEB","NsiI.TP674913"," 5","19113681","","1.5507","A"
"4","Trait5","pKWmEB","NsiI.TP68094"," 5","19248780","","0.5698","C"
"4","Trait5","pKWmEB","NsiI.TP5995"," 5","19295823","","0.5925","C"
"4","Trait5","pKWmEB","PstI.TP746991"," 5","19407287","","0.8866","C"
"4","Trait5","pKWmEB","PstI.TP314170"," 5","19407372","","0.7393","A"
"4","Trait5","pKWmEB","PstI.TP970657"," 5","19411206","","0.6800","C"
"4","Trait5","pKWmEB","PstI.TP48264"," 5","19538605","","0.0798","A"
"4","Trait5","pKWmEB","PstI.TP1063025"," 5","19892321","","0.1380","A"
"4","Trait5","pKWmEB","PstI.TP159269"," 5","20096056","","0.2893","A"
"4","Trait5","pKWmEB","NsiI.TP751401"," 5","20096245","","0.1637","C"
"4","Trait5","pKWmEB","PstI.TP13814"," 5","20169630","","0.3111","G"
"4","Trait5","pKWmEB","PstI.TP1257596"," 5","20212765","","0.2798","A"
"4","Trait5","pKWmEB","NsiI.TP417080"," 5","20213590","","0.0046","C"
"4","Trait5","pKWmEB","NsiI.TP793792"," 5","20444173","","0.0156","A"
"4","Trait5","pKWmEB","PstI.TP1118790"," 5","21005060","","0.0246","A"
"4","Trait5","pKWmEB","NsiI.TP407739"," 5","21059582","","0.0389","A"
"4","Trait5","pKWmEB","NsiI.TP356659"," 5","21066056","","0.2699","A"
"4","Trait5","pKWmEB","NsiI.TP125687"," 5","21256861","","0.2908","A"
"4","Trait5","pKWmEB","GFSSContig16952_694"," 5","21260380","","0.2061","T"
"4","Trait5","pKWmEB","PstI.TP645353"," 5","22012485","","0.9739","C"
"4","Trait5","pKWmEB","NsiI.TP341038"," 5","23088353","","0.6656","A"
"4","Trait5","pKWmEB","PstI.TP820541"," 5","24766902","","0.1037","A"
"4","Trait5","pKWmEB","PstI.TP649005"," 5","24767427","","0.2123","C"
"4","Trait5","pKWmEB","NsiI.TP396297"," 5","25952867","","1.3977","A"
"4","Trait5","pKWmEB","PstI.TP425850"," 5","26364229","","0.7297","C"
"4","Trait5","pKWmEB","PstI.TP1195300"," 5","26364321","","1.6765","G"
"4","Trait5","pKWmEB","PstI.TP34418"," 5","27056703","","0.3580","C"
"4","Trait5","pKWmEB","PstI.TP1039449"," 5","27195987","","0.9258","C"
"4","Trait5","pKWmEB","NsiI.TP681228"," 5","30589098","","0.1221","A"
"4","Trait5","pKWmEB","NsiI.TP364116"," 5","32735375","","2.1721","A"
"4","Trait5","pKWmEB","PstI.TP19976"," 5","34318188","","0.2483","A"
"4","Trait5","pKWmEB","NsiI.TP259100"," 5","34428290","","0.7270","C"
"4","Trait5","pKWmEB","PstI.TP774852"," 5","34438178","","0.1096","G"
"4","Trait5","pKWmEB","PstI.TP107548"," 5","34438208","","0.4880","A"
"4","Trait5","pKWmEB","NsiI.TP757"," 5","34839955","","0.5454","A"
"4","Trait5","pKWmEB","NsiI.TP771574"," 5","35005966","","0.0503","A"
"4","Trait5","pKWmEB","NsiI.TP243330"," 5","35358519","","0.1929","A"
"4","Trait5","pKWmEB","PstI.TP1174221"," 5","35411754","","0.3706","C"
"4","Trait5","pKWmEB","PstI.TP651320"," 5","35481232","","0.7785","A"
"4","Trait5","pKWmEB","PstI.TP287063"," 5","36574210","","0.3646","A"
"4","Trait5","pKWmEB","PstI.TP875223"," 5","36574288","","0.2393","A"
"4","Trait5","pKWmEB","PstI.TP1117113"," 5","36720345","","0.4201","A"
"4","Trait5","pKWmEB","PstI.TP675995"," 5","36723521","","0.1949","G"
"4","Trait5","pKWmEB","PstI.TP236631"," 5","36765187","","0.4549","A"
"4","Trait5","pKWmEB","NsiI.TP270508"," 5","36765256","","0.1993","C"
"4","Trait5","pKWmEB","NsiI.TP270506"," 5","36765260","","0.3136","G"
"4","Trait5","pKWmEB","PstI.TP375433"," 5","36765267","","0.0419","G"
"4","Trait5","pKWmEB","PstI.TP1218796"," 5","37170960","","0.7873","A"
"4","Trait5","pKWmEB","PstI.TP804790"," 5","37368088","","0.0085","A"
"4","Trait5","pKWmEB","NsiI.TP83643"," 5","37495191","","0.2139","A"
"4","Trait5","pKWmEB","NsiI.TP825124"," 5","37496274","","0.1800","A"
"4","Trait5","pKWmEB","PstI.TP742833"," 5","38427579","","0.5053","C"
"4","Trait5","pKWmEB","NsiI.TP635575"," 5","38567770","","0.3580","C"
"4","Trait5","pKWmEB","PstI.TP419260"," 5","38567844","","0.3933","C"
"4","Trait5","pKWmEB","PstI.TP149695"," 5","38567914","","0.6906","G"
"4","Trait5","pKWmEB","GFSSContig18633_1798"," 5","40187624","","0.3076","A"
"4","Trait5","pKWmEB","PstI.TP124945"," 5","41255313","","1.3364","A"
"4","Trait5","pKWmEB","PstI.TP766823"," 5","41255601","","1.2740","A"
"4","Trait5","pKWmEB","PstI.TP1021393"," 5","41615776","","0.6042","A"
"4","Trait5","pKWmEB","PstI.TP162592"," 5","50611871","","0.2243","C"
"4","Trait5","pKWmEB","PstI.TP819981"," 5","50650386","","0.3253","C"
"4","Trait5","pKWmEB","PstI.TP414172"," 5","50674507","","0.2267","C"
"4","Trait5","pKWmEB","NsiI.TP547375"," 5","50727832","","0.6053","C"
"4","Trait5","pKWmEB","NsiI.TP123360"," 5","50852843","","0.0900","A"
"4","Trait5","pKWmEB","NsiI.TP665652"," 5","50852882","","0.7041","C"
"4","Trait5","pKWmEB","PstI.TP1028937"," 5","50852897","","0.9817","A"
"4","Trait5","pKWmEB","NsiI.TP830795"," 5","50853004","","0.0029","A"
"4","Trait5","pKWmEB","PstI.TP134218"," 5","50856738","","0.0567","C"
"4","Trait5","pKWmEB","NsiI.TP563031"," 5","50864258","","0.7872","C"
"4","Trait5","pKWmEB","NsiI.TP298578"," 5","51161190","","0.3735","C"
"4","Trait5","pKWmEB","PstI.TP1284034"," 5","51318749","","2.0883","A"
"4","Trait5","pKWmEB","NsiI.TP522657"," 5","51607848","","0.5873","A"
"4","Trait5","pKWmEB","PstI.TP1014148"," 5","51656308","","0.7265","C"
"4","Trait5","pKWmEB","NsiI.TP433667"," 5","51656485","","0.5703","A"
"4","Trait5","pKWmEB","GFSSContig8931_556"," 5","51659977","","0.3017","A"
"4","Trait5","pKWmEB","PstI.TP873801"," 5","51776313","","0.4223","A"
"4","Trait5","pKWmEB","PstI.TP603196"," 5","51808127","","0.3486","A"
"4","Trait5","pKWmEB","PstI.TP65868"," 5","51808727","","1.6383","A"
"4","Trait5","pKWmEB","PstI.TP977809"," 5","51809124","","1.5578","A"
"4","Trait5","pKWmEB","PstI.TP197570"," 5","51810245","","0.4176","A"
"4","Trait5","pKWmEB","NsiI.TP686137"," 5","51810961","","0.6719","A"
"4","Trait5","pKWmEB","PstI.TP80081"," 5","51832467","","0.4510","C"
"4","Trait5","pKWmEB","PstI.TP815740"," 5","51894254","","0.2851","A"
"4","Trait5","pKWmEB","PstI.TP994181"," 5","52027718","","0.1021","C"
"4","Trait5","pKWmEB","PstI.TP196076"," 5","52033156","","0.2144","A"
"4","Trait5","pKWmEB","PstI.TP571010"," 5","52141168","","0.3366","C"
"4","Trait5","pKWmEB","PstI.TP273553"," 5","52197136","","0.1163","A"
"4","Trait5","pKWmEB","NsiI.TP759107"," 5","52226346","","0.1625","C"
"4","Trait5","pKWmEB","PstI.TP541808"," 5","52531297","","0.0585","A"
"4","Trait5","pKWmEB","NsiI.TP397081"," 5","52924241","","0.3537","A"
"4","Trait5","pKWmEB","NsiI.TP834285"," 5","52986053","","0.1063","A"
"4","Trait5","pKWmEB","NsiI.TP835144"," 5","52986053","","0.2525","A"
"4","Trait5","pKWmEB","NsiI.TP543464"," 5","53287493","","1.3644","A"
"4","Trait5","pKWmEB","PstI.TP246677"," 5","53370221","","0.0551","A"
"4","Trait5","pKWmEB","NsiI.TP612588"," 5","53387876","","0.2095","A"
"4","Trait5","pKWmEB","NsiI.TP731160"," 5","53395390","","0.1116","C"
"4","Trait5","pKWmEB","PstI.TP234335"," 5","53477940","","0.9843","A"
"4","Trait5","pKWmEB","NsiI.TP501821"," 5","53570195","","0.1194","G"
"4","Trait5","pKWmEB","NsiI.TP516915"," 5","53710006","","1.3301","A"
"4","Trait5","pKWmEB","NsiI.TP554272"," 5","53844850","","3.1422","C"
"4","Trait5","pKWmEB","PstI.TP706555"," 5","53845438","","0.1465","A"
"4","Trait5","pKWmEB","NsiI.TP642362"," 5","53894023","","0.2513","C"
"4","Trait5","pKWmEB","NsiI.TP404567"," 5","53894672","","0.0811","A"
"4","Trait5","pKWmEB","NsiI.TP805614"," 5","53899195","","0.2819","C"
"4","Trait5","pKWmEB","PstI.TP609962"," 5","53907385","","0.1120","C"
"4","Trait5","pKWmEB","NsiI.TP188795"," 5","53911914","","1.3703","A"
"4","Trait5","pKWmEB","PstI.TP883533"," 5","54035801","","0.1202","A"
"4","Trait5","pKWmEB","NsiI.TP132535"," 5","54113170","","0.5579","C"
"4","Trait5","pKWmEB","NsiI.TP350558"," 5","54490720","","1.6486","A"
"4","Trait5","pKWmEB","PstI.TP794004"," 5","54648750","","0.0710","G"
"4","Trait5","pKWmEB","NsiI.TP671488"," 5","54680052","","0.2787","C"
"4","Trait5","pKWmEB","NsiI.TP306136"," 5","54721299","","0.9415","C"
"4","Trait5","pKWmEB","NsiI.TP810911"," 5","54969913","","0.5194","A"
"4","Trait5","pKWmEB","PstI.TP270923"," 5","55034742","","0.0496","C"
"4","Trait5","pKWmEB","NsiI.TP497560"," 5","55034742","","0.0240","A"
"4","Trait5","pKWmEB","NsiI.TP37291"," 5","55043704","","0.0667","A"
"4","Trait5","pKWmEB","PstI.TP175125"," 5","55044735","","1.9255","A"
"4","Trait5","pKWmEB","PstI.TP942859"," 5","55074903","","0.0026","C"
"4","Trait5","pKWmEB","PstI.TP552695"," 5","55075154","","0.0207","A"
"4","Trait5","pKWmEB","NsiI.TP386593"," 5","55135760","","0.2809","A"
"4","Trait5","pKWmEB","NsiI.TP245163"," 5","55180573","","0.5323","A"
"4","Trait5","pKWmEB","PstI.TP221109"," 5","55180794","","0.6484","C"
"4","Trait5","pKWmEB","PstI.TP232008"," 5","55205152","","0.2685","A"
"4","Trait5","pKWmEB","NsiI.TP735487"," 5","55213405","","0.5609","A"
"4","Trait5","pKWmEB","PstI.TP1220022"," 5","55219391","","0.2311","C"
"4","Trait5","pKWmEB","PstI.TP613138"," 5","55234589","","0.0108","A"
"4","Trait5","pKWmEB","PstI.TP730777"," 5","55592667","","0.1018","A"
"4","Trait5","pKWmEB","PstI.TP1069523"," 5","55621669","","0.6911","C"
"4","Trait5","pKWmEB","PstI.TP1150316"," 5","55625160","","1.1631","A"
"4","Trait5","pKWmEB","NsiI.TP811653"," 5","56042998","","0.1410","A"
"4","Trait5","pKWmEB","NsiI.TP673917"," 5","56046719","","1.6044","A"
"4","Trait5","pKWmEB","PstI.TP641096"," 5","56088879","","0.2077","C"
"4","Trait5","pKWmEB","PstI.TP83640"," 5","56109668","","0.4399","A"
"4","Trait5","pKWmEB","PstI.TP349704"," 5","56109694","","0.5402","A"
"4","Trait5","pKWmEB","NsiI.TP22762"," 5","56121403","","0.6170","C"
"4","Trait5","pKWmEB","PstI.TP464164"," 5","56125233","","0.5319","A"
"4","Trait5","pKWmEB","NsiI.TP573755"," 5","56168573","","0.2473","A"
"4","Trait5","pKWmEB","PstI.TP373849"," 5","56176306","","3.5257","C"
"4","Trait5","pKWmEB","PstI.TP373688"," 5","56176323","","0.3162","A"
"4","Trait5","pKWmEB","PstI.TP63427"," 5","56596771","","0.4784","A"
"4","Trait5","pKWmEB","NsiI.TP145912"," 5","56652841","","0.0565","G"
"4","Trait5","pKWmEB","PstI.TP845378"," 5","56748199","","0.4231","C"
"4","Trait5","pKWmEB","PstI.TP782314"," 5","57125958","","0.7791","A"
"4","Trait5","pKWmEB","NsiI.TP85076"," 5","57132238","","0.2569","A"
"4","Trait5","pKWmEB","NsiI.TP492159"," 5","57167602","","0.0635","C"
"4","Trait5","pKWmEB","NsiI.TP276094"," 5","57224119","","1.1123","A"
"4","Trait5","pKWmEB","PstI.TP335122"," 5","57381095","","0.2494","C"
"4","Trait5","pKWmEB","NsiI.TP10169"," 5","57381378","","0.4330","A"
"4","Trait5","pKWmEB","PstI.TP1291839"," 5","57383051","","1.0502","A"
"4","Trait5","pKWmEB","PstI.TP1009093"," 5","57385246","","0.2929","C"
"4","Trait5","pKWmEB","GFSSContig11759_1658"," 5","57388122","","0.0502","T"
"4","Trait5","pKWmEB","PstI.TP809814"," 5","57394336","","0.1780","A"
"4","Trait5","pKWmEB","NsiI.TP162601"," 5","57789332","","0.5769","C"
"4","Trait5","pKWmEB","NsiI.TP233512"," 5","57993921","","0.8699","A"
"4","Trait5","pKWmEB","PstI.TP1247409"," 5","58035472","","0.0129","C"
"4","Trait5","pKWmEB","GFk40ctg430575_109"," 5","58040226","","0.0627","A"
"4","Trait5","pKWmEB","PstI.TP1211183"," 5","58088010","","0.3803","C"
"4","Trait5","pKWmEB","NsiI.TP521254"," 5","58096704","","0.1448","A"
"4","Trait5","pKWmEB","PstI.TP1053657"," 5","58388929","","0.0368","C"
"4","Trait5","pKWmEB","PstI.TP836308"," 5","58856297","","0.1379","G"
"4","Trait5","pKWmEB","NsiI.TP364121"," 5","58856331","","0.7057","A"
"4","Trait5","pKWmEB","NsiI.TP168149"," 5","58857133","","0.3317","C"
"4","Trait5","pKWmEB","NsiI.TP83984"," 5","58913591","","0.0812","C"
"4","Trait5","pKWmEB","PstI.TP735761"," 5","59043238","","0.1353","C"
"4","Trait5","pKWmEB","PstI.TP469939"," 5","59145329","","0.0877","A"
"4","Trait5","pKWmEB","PstI.TP1154308"," 5","59145584","","0.4530","A"
"4","Trait5","pKWmEB","PstI.TP576996"," 5","59153497","","0.0088","A"
"4","Trait5","pKWmEB","PstI.TP375285"," 5","59153579","","0.2227","A"
"4","Trait5","pKWmEB","PstI.TP343962"," 5","59194428","","1.2978","C"
"4","Trait5","pKWmEB","PstI.TP1249478"," 5","59204979","","0.8353","G"
"4","Trait5","pKWmEB","PstI.TP830726"," 5","59210102","","0.3617","A"
"4","Trait5","pKWmEB","PstI.TP67934"," 5","59262469","","0.2326","C"
"4","Trait5","pKWmEB","PstI.TP317589"," 5","59272686","","0.2245","C"
"4","Trait5","pKWmEB","NsiI.TP592207"," 5","59286495","","0.3098","G"
"4","Trait5","pKWmEB","PstI.TP293036"," 5","59316972","","0.9087","C"
"4","Trait5","pKWmEB","PstI.TP219904"," 5","59317766","","0.1267","G"
"4","Trait5","pKWmEB","PstI.TP181773"," 5","59325606","","0.5981","A"
"4","Trait5","pKWmEB","NsiI.TP390489"," 5","59329782","","0.6073","A"
"4","Trait5","pKWmEB","NsiI.TP609535"," 5","59379806","","0.2613","A"
"4","Trait5","pKWmEB","NsiI.TP439779"," 5","59379830","","0.3719","A"
"4","Trait5","pKWmEB","NsiI.TP376741"," 5","59444925","","0.9471","C"
"4","Trait5","pKWmEB","PstI.TP184945"," 5","59446393","","0.5358","A"
"4","Trait5","pKWmEB","PstI.TP975361"," 5","59446518","","0.0682","A"
"4","Trait5","pKWmEB","PstI.TP256298"," 5","59456213","","0.0814","A"
"4","Trait5","pKWmEB","NsiI.TP429205"," 5","59496987","","1.3799","C"
"4","Trait5","pKWmEB","NsiI.TP246986"," 5","59498524","","0.2196","A"
"4","Trait5","pKWmEB","PstI.TP901"," 5","59519135","","0.0741","C"
"4","Trait5","pKWmEB","NsiI.TP520225"," 5","59841403","","0.4097","C"
"4","Trait5","pKWmEB","NsiI.TP494981"," 5","59856350","","0.3164","G"
"4","Trait5","pKWmEB","NsiI.TP188688"," 5","60387932","","0.6056","A"
"4","Trait5","pKWmEB","NsiI.TP242835"," 5","60524133","","0.3085","C"
"4","Trait5","pKWmEB","NsiI.TP187233"," 5","60546927","","0.2583","A"
"4","Trait5","pKWmEB","NsiI.TP56980"," 5","60556567","","0.0412","A"
"4","Trait5","pKWmEB","NsiI.TP414565"," 5","60592001","","0.2456","A"
"4","Trait5","pKWmEB","NsiI.TP387877"," 5","60596110","","0.5747","A"
"4","Trait5","pKWmEB","PstI.TP938338"," 5","60615990","","0.8878","C"
"4","Trait5","pKWmEB","PstI.TP768126"," 5","60675923","","0.0277","A"
"4","Trait5","pKWmEB","PstI.TP358317"," 5","60687568","","0.0180","C"
"4","Trait5","pKWmEB","NsiI.TP163851"," 5","60724490","","0.1640","C"
"4","Trait5","pKWmEB","NsiI.TP795143"," 5","60727542","","0.5834","A"
"4","Trait5","pKWmEB","NsiI.TP152613"," 5","60733292","","0.1598","A"
"4","Trait5","pKWmEB","NsiI.TP234137"," 5","60745046","","0.1400","C"
"4","Trait5","pKWmEB","PstI.TP668187"," 5","60851906","","1.3137","C"
"4","Trait5","pKWmEB","PstI.TP739640"," 5","60881011","","0.1786","A"
"4","Trait5","pKWmEB","NsiI.TP78597"," 5","60894143","","0.2393","A"
"4","Trait5","pKWmEB","NsiI.TP19635"," 5","60976358","","0.5591","A"
"4","Trait5","pKWmEB","NsiI.TP437531"," 5","61053980","","0.0151","C"
"4","Trait5","pKWmEB","NsiI.TP721775"," 5","61059006","","0.2084","C"
"4","Trait5","pKWmEB","NsiI.TP615566"," 5","61061030","","0.1463","A"
"4","Trait5","pKWmEB","PstI.TP170602"," 5","61247827","","0.1592","A"
"4","Trait5","pKWmEB","PstI.TP1126795"," 5","61332766","","0.3248","G"
"4","Trait5","pKWmEB","NsiI.TP111617"," 5","61371701","","0.2637","C"
"4","Trait5","pKWmEB","NsiI.TP60435"," 5","61407093","","0.3555","C"
"4","Trait5","pKWmEB","NsiI.TP349864"," 5","61576850","","0.0887","A"
"4","Trait5","pKWmEB","NsiI.TP713636"," 5","61642341","","0.1301","A"
"4","Trait5","pKWmEB","NsiI.TP618225"," 5","61660372","","0.0603","A"
"4","Trait5","pKWmEB","PstI.TP56338"," 5","61669298","","0.0378","C"
"4","Trait5","pKWmEB","NsiI.TP42021"," 5","61669453","","1.4517","A"
"4","Trait5","pKWmEB","NsiI.TP689477"," 5","61671974","","0.9783","A"
"4","Trait5","pKWmEB","NsiI.TP692531"," 5","61671985","","0.0915","C"
"4","Trait5","pKWmEB","PstI.TP332939"," 5","61681179","","0.3506","C"
"4","Trait5","pKWmEB","PstI.TP854053"," 5","61741051","","0.6258","C"
"4","Trait5","pKWmEB","PstI.TP65678"," 5","61773243","","0.0576","A"
"4","Trait5","pKWmEB","NsiI.TP109480"," 5","61776399","","0.8866","A"
"4","Trait5","pKWmEB","NsiI.TP403009"," 5","61778797","","0.7070","A"
"4","Trait5","pKWmEB","NsiI.TP436579"," 5","61778828","","0.6059","C"
"4","Trait5","pKWmEB","NsiI.TP782187"," 5","61778844","","1.0136","C"
"4","Trait5","pKWmEB","PstI.TP1162742"," 5","61778851","","0.4904","A"
"4","Trait5","pKWmEB","PstI.TP31939"," 5","61779535","","0.8425","C"
"4","Trait5","pKWmEB","NsiI.TP413858"," 5","61802968","","0.2406","C"
"4","Trait5","pKWmEB","PstI.TP1205896"," 5","61802997","","0.1515","C"
"4","Trait5","pKWmEB","NsiI.TP632035"," 5","61932326","","1.0848","C"
"4","Trait5","pKWmEB","PstI.TP502261"," 5","61966149","","0.4034","A"
"4","Trait5","pKWmEB","NsiI.TP521795"," 5","61971746","","0.0420","A"
"4","Trait5","pKWmEB","PstI.TP1227306"," 5","61985475","","1.0909","C"
"4","Trait5","pKWmEB","NsiI.TP271046"," 5","62000762","","0.1549","C"
"4","Trait5","pKWmEB","PstI.TP298653"," 5","62014607","","0.0832","A"
"4","Trait5","pKWmEB","NsiI.TP812190"," 5","62096939","","0.1341","A"
"4","Trait5","pKWmEB","NsiI.TP370978"," 5","62150520","","0.3477","C"
"4","Trait5","pKWmEB","PstI.TP327087"," 5","62198303","","0.1497","A"
"4","Trait5","pKWmEB","PstI.TP8132"," 5","62322828","","1.1999","C"
"4","Trait5","pKWmEB","NsiI.TP313008"," 5","62324344","","0.8145","A"
"4","Trait5","pKWmEB","NsiI.TP604676"," 5","62326679","","0.5834","A"
"4","Trait5","pKWmEB","NsiI.TP608741"," 5","62326703","","0.1106","A"
"4","Trait5","pKWmEB","NsiI.TP644207"," 5","62326713","","0.2043","G"
"4","Trait5","pKWmEB","NsiI.TP644188"," 5","62326716","","0.5292","G"
"4","Trait5","pKWmEB","NsiI.TP630774"," 5","62326717","","0.7053","G"
"4","Trait5","pKWmEB","NsiI.TP521930"," 5","62346838","","0.1486","A"
"4","Trait5","pKWmEB","PstI.TP852484"," 5","62346904","","0.2077","A"
"4","Trait5","pKWmEB","NsiI.TP637437"," 5","62492247","","0.2115","C"
"4","Trait5","pKWmEB","NsiI.TP757931"," 5","62493941","","0.5950","A"
"4","Trait5","pKWmEB","PstI.TP927461"," 5","62500257","","0.3775","C"
"4","Trait5","pKWmEB","NsiI.TP778188"," 5","62598307","","0.1309","A"
"4","Trait5","pKWmEB","PstI.TP164439"," 5","62616627","","0.8393","C"
"4","Trait5","pKWmEB","PstI.TP1117644"," 5","62669180","","0.2545","A"
"4","Trait5","pKWmEB","PstI.TP862178"," 5","62717791","","0.5548","C"
"4","Trait5","pKWmEB","NsiI.TP824880"," 5","62746534","","0.1581","C"
"4","Trait5","pKWmEB","PstI.TP731518"," 5","62754867","","0.0305","A"
"4","Trait5","pKWmEB","GFSSContig13634_134"," 5","62897134","","0.0915","T"
"4","Trait5","pKWmEB","PstI.TP210825"," 5","62921968","","0.0054","A"
"4","Trait5","pKWmEB","NsiI.TP450884"," 5","62950295","","0.7914","A"
"4","Trait5","pKWmEB","NsiI.TP728904"," 5","62959785","","0.1477","A"
"4","Trait5","pKWmEB","NsiI.TP697095"," 5","63230472","","1.1015","A"
"4","Trait5","pKWmEB","NsiI.TP768355"," 5","63235486","","0.0897","A"
"4","Trait5","pKWmEB","NsiI.TP653959"," 5","63238642","","0.5268","A"
"4","Trait5","pKWmEB","PstI.TP664692"," 5","63294074","","0.0761","C"
"4","Trait5","pKWmEB","PstI.TP459035"," 5","63339873","","0.0805","C"
"4","Trait5","pKWmEB","PstI.TP854919"," 5","63393112","","0.1781","C"
"4","Trait5","pKWmEB","PstI.TP1255657"," 5","63399714","","2.2432","C"
"4","Trait5","pKWmEB","PstI.TP763585"," 5","63406997","","2.5615","A"
"4","Trait5","pKWmEB","PstI.TP25299"," 5","63419016","","0.0785","A"
"4","Trait5","pKWmEB","PstI.TP45125"," 5","63468915","","0.3057","A"
"4","Trait5","pKWmEB","NsiI.TP522935"," 5","63469064","","0.4015","A"
"4","Trait5","pKWmEB","NsiI.TP636887"," 5","63469122","","1.2592","C"
"4","Trait5","pKWmEB","NsiI.TP390350"," 5","63501337","","0.3987","C"
"4","Trait5","pKWmEB","NsiI.TP693271"," 5","63605130","","0.0468","A"
"4","Trait5","pKWmEB","NsiI.TP175057"," 5","63614460","","0.7328","G"
"4","Trait5","pKWmEB","PstI.TP1122910"," 5","63812048","","0.4210","A"
"4","Trait5","pKWmEB","PstI.TP142535"," 5","63816176","","0.0520","A"
"4","Trait5","pKWmEB","NsiI.TP312416"," 5","63829769","","0.4773","A"
"4","Trait5","pKWmEB","PstI.TP1068612"," 5","63878988","","0.0695","A"
"4","Trait5","pKWmEB","NsiI.TP628362"," 5","63888810","","0.8415","A"
"4","Trait5","pKWmEB","PstI.TP201172"," 5","63911469","","0.3472","A"
"4","Trait5","pKWmEB","PstI.TP152056"," 5","64031521","","0.9170","C"
"4","Trait5","pKWmEB","PstI.TP189803"," 5","64031814","","0.0810","C"
"4","Trait5","pKWmEB","NsiI.TP122942"," 5","64059316","","0.6719","A"
"4","Trait5","pKWmEB","PstI.TP548871"," 5","64106769","","0.1351","C"
"4","Trait5","pKWmEB","NsiI.TP216165"," 5","64139740","","0.0725","G"
"4","Trait5","pKWmEB","NsiI.TP516554"," 5","64206494","","0.0204","C"
"4","Trait5","pKWmEB","NsiI.TP811153"," 5","64281863","","0.5596","A"
"4","Trait5","pKWmEB","NsiI.TP535292"," 5","64298331","","0.3243","G"
"4","Trait5","pKWmEB","PstI.TP605612"," 5","64299274","","1.5079","C"
"4","Trait5","pKWmEB","PstI.TP357486"," 5","64299284","","0.0571","A"
"4","Trait5","pKWmEB","PstI.TP924020"," 5","64302242","","0.5185","G"
"4","Trait5","pKWmEB","PstI.TP36913"," 5","64311588","","0.3257","A"
"4","Trait5","pKWmEB","PstI.TP1263962"," 5","64333980","","0.9294","C"
"4","Trait5","pKWmEB","NsiI.TP592929"," 5","64413792","","0.1113","G"
"4","Trait5","pKWmEB","NsiI.TP199319"," 5","64413905","","0.0094","C"
"4","Trait5","pKWmEB","PstI.TP7230"," 5","64430635","","0.1726","C"
"4","Trait5","pKWmEB","PstI.TP213522"," 5","64517341","","0.1259","C"
"4","Trait5","pKWmEB","NsiI.TP302449"," 5","64583097","","0.2645","A"
"4","Trait5","pKWmEB","PstI.TP1092686"," 5","64639644","","0.8946","A"
"4","Trait5","pKWmEB","PstI.TP719892"," 5","64652954","","0.2739","A"
"4","Trait5","pKWmEB","NsiI.TP126282"," 5","64674886","","0.0698","A"
"4","Trait5","pKWmEB","PstI.TP187197"," 5","64682817","","0.7083","C"
"4","Trait5","pKWmEB","NsiI.TP621317"," 5","64690979","","0.0293","A"
"4","Trait5","pKWmEB","NsiI.TP381262"," 5","64698856","","0.3489","G"
"4","Trait5","pKWmEB","NsiI.TP555236"," 5","64722170","","0.0604","A"
"4","Trait5","pKWmEB","NsiI.TP130440"," 5","64727219","","0.4594","A"
"4","Trait5","pKWmEB","PstI.TP158929"," 5","64728593","","1.6819","G"
"4","Trait5","pKWmEB","PstI.TP861953"," 5","64737000","","0.0337","G"
"4","Trait5","pKWmEB","PstI.TP254043"," 5","64737772","","0.1646","C"
"4","Trait5","pKWmEB","PstI.TP426723"," 5","64757923","","0.1304","A"
"4","Trait5","pKWmEB","NsiI.TP601381"," 5","64818468","","0.0415","A"
"4","Trait5","pKWmEB","NsiI.TP436946"," 5","64821564","","0.1902","A"
"4","Trait5","pKWmEB","NsiI.TP400078"," 5","64823015","","0.5866","C"
"4","Trait5","pKWmEB","NsiI.TP200421"," 5","64844415","","0.4908","A"
"4","Trait5","pKWmEB","NsiI.TP251311"," 5","64933354","","0.7150","C"
"4","Trait5","pKWmEB","PstI.TP930695"," 5","64934169","","0.0390","A"
"4","Trait5","pKWmEB","NsiI.TP4586"," 5","64942655","","0.1014","A"
"4","Trait5","pKWmEB","NsiI.TP193346"," 5","64953236","","0.3842","A"
"4","Trait5","pKWmEB","NsiI.TP63121"," 5","64973950","","0.0918","C"
"4","Trait5","pKWmEB","NsiI.TP218627"," 5","64986248","","0.2624","C"
"4","Trait5","pKWmEB","PstI.TP1132926"," 5","65112789","","0.1844","A"
"4","Trait5","pKWmEB","NsiI.TP420943"," 5","65125368","","0.0734","A"
"4","Trait5","pKWmEB","PstI.TP220627"," 5","65142255","","0.8965","C"
"4","Trait5","pKWmEB","PstI.TP993370"," 5","65205991","","0.7509","C"
"4","Trait5","pKWmEB","PstI.TP18186"," 5","65208422","","0.1280","A"
"4","Trait5","pKWmEB","NsiI.TP485193"," 5","65211116","","0.5148","A"
"4","Trait5","pKWmEB","NsiI.TP227911"," 5","65236276","","0.2548","C"
"4","Trait5","pKWmEB","PstI.TP436512"," 5","65297246","","0.4966","G"
"4","Trait5","pKWmEB","PstI.TP133136"," 5","65324990","","0.4783","C"
"4","Trait5","pKWmEB","NsiI.TP159664"," 5","65415109","","0.0851","C"
"4","Trait5","pKWmEB","NsiI.TP612384"," 5","65439681","","0.1005","C"
"4","Trait5","pKWmEB","NsiI.TP131130"," 5","65561660","","0.0194","C"
"4","Trait5","pKWmEB","NsiI.TP677214"," 5","65565584","","0.5631","A"
"4","Trait5","pKWmEB","NsiI.TP523851"," 5","65759718","","0.0803","C"
"4","Trait5","pKWmEB","PstI.TP506643"," 5","65759915","","0.6291","A"
"4","Trait5","pKWmEB","NsiI.TP485736"," 5","65762198","","0.3795","C"
"4","Trait5","pKWmEB","NsiI.TP774383"," 5","65775209","","0.2946","C"
"4","Trait5","pKWmEB","NsiI.TP774382"," 5","65775221","","0.0303","G"
"4","Trait5","pKWmEB","PstI.TP109233"," 5","65839836","","0.0720","G"
"4","Trait5","pKWmEB","PstI.TP974067"," 5","65842503","","0.4030","A"
"4","Trait5","pKWmEB","PstI.TP343780"," 5","65872069","","0.9517","A"
"4","Trait5","pKWmEB","NsiI.TP8556"," 5","65958362","","0.4235","G"
"4","Trait5","pKWmEB","NsiI.TP19128"," 5","66054677","","0.3696","A"
"4","Trait5","pKWmEB","NsiI.TP267327"," 5","66109578","","0.0240","G"
"4","Trait5","pKWmEB","PstI.TP744734"," 5","66118812","","1.4521","A"
"4","Trait5","pKWmEB","NsiI.TP413805"," 5","66186490","","0.0613","A"
"4","Trait5","pKWmEB","PstI.TP441981"," 5","66246036","","0.1984","C"
"4","Trait5","pKWmEB","PstI.TP646971"," 5","66287911","","0.7081","C"
"4","Trait5","pKWmEB","PstI.TP100836"," 5","66355299","","0.3445","C"
"4","Trait5","pKWmEB","PstI.TP56167"," 5","66355886","","0.1946","C"
"4","Trait5","pKWmEB","PstI.TP938208"," 5","66503760","","0.1903","C"
"4","Trait5","pKWmEB","NsiI.TP136752"," 5","66581861","","3.6243","A"
"4","Trait5","pKWmEB","NsiI.TP672511"," 5","66582158","","0.9855","A"
"4","Trait5","pKWmEB","NsiI.TP672856"," 5","66582167","","0.0795","A"
"4","Trait5","pKWmEB","NsiI.TP673543"," 5","66634619","","0.3156","C"
"4","Trait5","pKWmEB","NsiI.TP269417"," 5","66662923","","0.3027","A"
"4","Trait5","pKWmEB","PstI.TP256814"," 5","66682279","","0.3736","A"
"4","Trait5","pKWmEB","PstI.TP222648"," 5","66913366","","0.4623","A"
"4","Trait5","pKWmEB","PstI.TP991736"," 5","66915728","","0.2549","C"
"4","Trait5","pKWmEB","NsiI.TP736993"," 5","66921979","","0.0897","A"
"4","Trait5","pKWmEB","PstI.TP1157410"," 5","66965973","","0.3601","A"
"4","Trait5","pKWmEB","PstI.TP247986"," 5","66966119","","1.2371","C"
"4","Trait5","pKWmEB","PstI.TP723937"," 5","67174126","","0.3371","A"
"4","Trait5","pKWmEB","NsiI.TP511255"," 5","67182945","","0.5791","C"
"4","Trait5","pKWmEB","NsiI.TP441388"," 5","67184956","","0.3706","A"
"4","Trait5","pKWmEB","PstI.TP1006882"," 5","67185682","","0.4959","A"
"4","Trait5","pKWmEB","NsiI.TP821305"," 5","67214261","","0.6627","G"
"4","Trait5","pKWmEB","PstI.TP1003032"," 5","67237553","","0.5877","C"
"4","Trait5","pKWmEB","NsiI.TP710238"," 5","67239670","","0.0137","G"
"4","Trait5","pKWmEB","NsiI.TP401641"," 5","67269122","","0.1134","C"
"4","Trait5","pKWmEB","PstI.TP270259"," 5","67269901","","1.2773","A"
"4","Trait5","pKWmEB","NsiI.TP166218"," 5","67270929","","0.0607","C"
"4","Trait5","pKWmEB","NsiI.TP35810"," 5","67271008","","0.2321","A"
"4","Trait5","pKWmEB","NsiI.TP206388"," 5","67298037","","0.0752","A"
"4","Trait5","pKWmEB","PstI.TP403247"," 5","67327824","","0.3375","C"
"4","Trait5","pKWmEB","NsiI.TP597253"," 5","67333295","","0.1731","A"
"4","Trait5","pKWmEB","NsiI.TP611508"," 5","67361698","","0.0351","C"
"4","Trait5","pKWmEB","PstI.TP525850"," 5","67376547","","0.4727","C"
"4","Trait5","pKWmEB","PstI.TP701290"," 5","67409618","","0.2536","A"
"4","Trait5","pKWmEB","NsiI.TP294013"," 5","67419185","","0.0298","C"
"4","Trait5","pKWmEB","NsiI.TP760324"," 5","67444185","","0.9654","C"
"4","Trait5","pKWmEB","PstI.TP181332"," 5","67518317","","0.0639","A"
"4","Trait5","pKWmEB","NsiI.TP607449"," 5","67524058","","0.4297","A"
"4","Trait5","pKWmEB","NsiI.TP835392"," 5","67530709","","0.1918","A"
"4","Trait5","pKWmEB","NsiI.TP321896"," 5","67569701","","0.6617","A"
"4","Trait5","pKWmEB","PstI.TP51756"," 5","67599254","","0.3326","A"
"4","Trait5","pKWmEB","PstI.TP508921"," 5","67634160","","0.0139","A"
"4","Trait5","pKWmEB","PstI.TP32062"," 5","67677464","","0.1076","G"
"4","Trait5","pKWmEB","PstI.TP1045209"," 5","67682690","","0.8809","A"
"4","Trait5","pKWmEB","PstI.TP1258511"," 5","67710146","","0.5419","C"
"4","Trait5","pKWmEB","PstI.TP175391"," 5","67756988","","0.0383","C"
"4","Trait5","pKWmEB","PstI.TP958148"," 5","67776513","","1.1724","A"
"4","Trait5","pKWmEB","NsiI.TP27223"," 5","67793443","","0.3201","C"
"4","Trait5","pKWmEB","PstI.TP74030"," 5","67800454","","0.1036","C"
"4","Trait5","pKWmEB","PstI.TP246652"," 5","67840769","","0.4542","C"
"4","Trait5","pKWmEB","PstI.TP1120231"," 5","67965222","","0.2874","C"
"4","Trait5","pKWmEB","PstI.TP1159438"," 5","67972364","","0.4072","A"
"4","Trait5","pKWmEB","PstI.TP923636"," 5","68167190","","0.6707","G"
"4","Trait5","pKWmEB","PstI.TP1096883"," 5","68187306","","1.2838","A"
"4","Trait5","pKWmEB","NsiI.TP629725"," 5","68224235","","0.3066","G"
"4","Trait5","pKWmEB","PstI.TP1267469"," 5","68261688","","0.2562","C"
"4","Trait5","pKWmEB","NsiI.TP515603"," 5","68269240","","0.0785","A"
"4","Trait5","pKWmEB","NsiI.TP609151"," 5","68282440","","0.7805","C"
"4","Trait5","pKWmEB","NsiI.TP3581"," 5","68467677","","0.5620","C"
"4","Trait5","pKWmEB","PstI.TP270940"," 5","68495452","","0.0052","C"
"4","Trait5","pKWmEB","NsiI.TP222275"," 5","68535802","","0.0835","C"
"4","Trait5","pKWmEB","NsiI.TP314190"," 5","68583576","","0.3880","A"
"4","Trait5","pKWmEB","NsiI.TP117166"," 5","68593912","","0.0000","A"
"4","Trait5","pKWmEB","PstI.TP1295325"," 5","68616839","","0.3562","A"
"4","Trait5","pKWmEB","PstI.TP570769"," 5","68622754","","0.1855","C"
"4","Trait5","pKWmEB","PstI.TP882242"," 5","68630849","","0.2020","A"
"4","Trait5","pKWmEB","NsiI.TP738230"," 5","68631442","","0.0318","A"
"4","Trait5","pKWmEB","PstI.TP129544"," 5","68632419","","0.3389","A"
"4","Trait5","pKWmEB","NsiI.TP411030"," 5","68741703","","0.0635","G"
"4","Trait5","pKWmEB","PstI.TP144815"," 5","68804843","","1.2467","C"
"4","Trait5","pKWmEB","NsiI.TP25852"," 5","68972497","","0.2048","A"
"4","Trait5","pKWmEB","PstI.TP1186248"," 5","68988195","","0.9181","C"
"4","Trait5","pKWmEB","PstI.TP1162518"," 5","69033440","","0.1593","C"
"4","Trait5","pKWmEB","PstI.TP1162520"," 5","69033478","","0.4704","C"
"4","Trait5","pKWmEB","PstI.TP1013561"," 5","69038793","","0.4948","A"
"4","Trait5","pKWmEB","NsiI.TP832252"," 5","69038989","","0.2185","A"
"4","Trait5","pKWmEB","PstI.TP1275880"," 5","69063426","","1.2029","C"
"4","Trait5","pKWmEB","PstI.TP868739"," 5","69064644","","0.5624","A"
"4","Trait5","pKWmEB","PstI.TP372461"," 5","69064710","","0.0760","C"
"4","Trait5","pKWmEB","PstI.TP1245451"," 5","69088208","","0.2527","A"
"4","Trait5","pKWmEB","PstI.TP1172391"," 5","69210194","","0.1325","G"
"4","Trait5","pKWmEB","NsiI.TP536293"," 5","69211610","","0.1037","A"
"4","Trait5","pKWmEB","NsiI.TP458666"," 5","69213602","","1.4049","A"
"4","Trait5","pKWmEB","PstI.TP841498"," 5","69228848","","0.3920","A"
"4","Trait5","pKWmEB","PstI.TP1145813"," 5","69264081","","1.5024","C"
"4","Trait5","pKWmEB","GFSSContig18919_2493"," 5","69363598","","0.1338","A"
"4","Trait5","pKWmEB","NsiI.TP283606"," 5","69364030","","0.6579","A"
"4","Trait5","pKWmEB","PstI.TP506442"," 5","69364986","","0.0582","C"
"4","Trait5","pKWmEB","PstI.TP26068"," 5","69540365","","0.2403","C"
"4","Trait5","pKWmEB","PstI.TP289092"," 5","69565529","","0.4093","C"
"4","Trait5","pKWmEB","NsiI.TP522698"," 5","69591371","","0.1448","C"
"4","Trait5","pKWmEB","PstI.TP1204556"," 5","69610803","","0.0344","A"
"4","Trait5","pKWmEB","PstI.TP254423"," 5","69610847","","1.4939","G"
"4","Trait5","pKWmEB","PstI.TP131046"," 5","69611273","","0.7399","A"
"4","Trait5","pKWmEB","PstI.TP48729"," 5","69611894","","0.6564","C"
"4","Trait5","pKWmEB","PstI.TP629767"," 5","69639113","","0.3850","C"
"4","Trait5","pKWmEB","PstI.TP926766"," 5","69640057","","0.2259","C"
"4","Trait5","pKWmEB","PstI.TP130801"," 5","69682003","","0.2743","C"
"4","Trait5","pKWmEB","PstI.TP210050"," 5","69692496","","1.4181","G"
"4","Trait5","pKWmEB","PstI.TP998896"," 5","69692529","","0.6584","C"
"4","Trait5","pKWmEB","PstI.TP875202"," 5","69773265","","1.2539","G"
"4","Trait5","pKWmEB","PstI.TP305301"," 5","69774402","","1.7144","A"
"4","Trait5","pKWmEB","PstI.TP821892"," 5","69798058","","0.0934","A"
"4","Trait5","pKWmEB","PstI.TP445366"," 5","69943620","","1.4045","C"
"4","Trait5","pKWmEB","NsiI.TP316126"," 5","70029072","","0.4704","A"
"4","Trait5","pKWmEB","PstI.TP982613"," 5","70110986","","0.0046","C"
"4","Trait5","pKWmEB","PstI.TP943636"," 5","70133582","","0.5848","C"
"4","Trait5","pKWmEB","PstI.TP416141"," 5","70134153","","0.3938","A"
"4","Trait5","pKWmEB","NsiI.TP428694"," 5","70138556","","0.3399","G"
"4","Trait5","pKWmEB","PstI.TP1269176"," 5","70203514","","0.1059","A"
"4","Trait5","pKWmEB","NsiI.TP360765"," 5","70204599","","0.2647","C"
"4","Trait5","pKWmEB","NsiI.TP349857"," 5","70209392","","0.3093","C"
"4","Trait5","pKWmEB","PstI.TP791230"," 5","70209926","","0.5909","A"
"4","Trait5","pKWmEB","NsiI.TP350023"," 5","70215717","","0.0835","C"
"4","Trait5","pKWmEB","PstI.TP120033"," 5","70216600","","0.3379","A"
"4","Trait5","pKWmEB","NsiI.TP442160"," 5","70281600","","0.6054","C"
"4","Trait5","pKWmEB","PstI.TP610513"," 5","70330274","","0.1101","C"
"4","Trait5","pKWmEB","NsiI.TP316781"," 5","70559371","","0.3756","C"
"4","Trait5","pKWmEB","PstI.TP141262"," 5","70617576","","0.1906","C"
"4","Trait5","pKWmEB","PstI.TP970530"," 5","70619912","","0.9122","A"
"4","Trait5","pKWmEB","PstI.TP81102"," 5","70638358","","0.4475","A"
"4","Trait5","pKWmEB","PstI.TP842690"," 5","70657940","","0.3140","A"
"4","Trait5","pKWmEB","PstI.TP122763"," 5","70686010","","0.2944","C"
"4","Trait5","pKWmEB","NsiI.TP38643"," 5","70762469","","0.1208","A"
"4","Trait5","pKWmEB","PstI.TP55109"," 5","70778339","","1.6560","C"
"4","Trait5","pKWmEB","PstI.TP447845"," 5","70823654","","0.1859","C"
"4","Trait5","pKWmEB","PstI.TP742466"," 5","70851257","","2.5227","A"
"4","Trait5","pKWmEB","PstI.TP946087"," 5","71135217","","1.1771","A"
"4","Trait5","pKWmEB","NsiI.TP293307"," 5","71207684","","0.9383","C"
"4","Trait5","pKWmEB","PstI.TP880890"," 5","71220345","","0.2906","G"
"4","Trait5","pKWmEB","NsiI.TP421034"," 5","71242059","","0.2282","A"
"4","Trait5","pKWmEB","PstI.TP1165929"," 5","71293274","","0.0319","A"
"4","Trait5","pKWmEB","NsiI.TP219395"," 5","71337038","","0.1555","C"
"4","Trait5","pKWmEB","PstI.TP755723"," 5","71342674","","0.0233","C"
"4","Trait5","pKWmEB","PstI.TP742343"," 5","71343142","","1.0190","A"
"4","Trait5","pKWmEB","NsiI.TP33290"," 5","71366997","","0.0126","A"
"4","Trait5","pKWmEB","NsiI.TP420042"," 5","71373521","","0.0038","A"
"4","Trait5","pKWmEB","NsiI.TP593472"," 5","71516137","","0.2212","A"
"4","Trait5","pKWmEB","PstI.TP1022824"," 5","71540728","","1.4256","G"
"4","Trait5","pKWmEB","NsiI.TP27467"," 5","71540730","","0.0255","A"
"4","Trait5","pKWmEB","PstI.TP1247114"," 5","71577485","","0.9412","A"
"4","Trait5","pKWmEB","NsiI.TP252876"," 5","71578357","","1.1651","C"
"4","Trait5","pKWmEB","PstI.TP319342"," 5","71584607","","0.4795","A"
"4","Trait5","pKWmEB","PstI.TP724345"," 5","71593518","","1.3146","C"
"4","Trait5","pKWmEB","PstI.TP712192"," 5","71599707","","0.0492","C"
"4","Trait5","pKWmEB","NsiI.TP130543"," 5","71599733","","0.3452","C"
"4","Trait5","pKWmEB","NsiI.TP134222"," 5","71599752","","0.2197","A"
"4","Trait5","pKWmEB","PstI.TP45563"," 5","71604519","","0.3332","A"
"4","Trait5","pKWmEB","NsiI.TP591612"," 5","71627751","","0.2304","A"
"4","Trait5","pKWmEB","PstI.TP908809"," 5","71667156","","0.4989","A"
"4","Trait5","pKWmEB","PstI.TP241461"," 5","71687514","","0.9973","A"
"4","Trait5","pKWmEB","PstI.TP387793"," 5","71688131","","0.4257","C"
"4","Trait5","pKWmEB","PstI.TP1039463"," 5","71695051","","0.1332","A"
"4","Trait5","pKWmEB","NsiI.TP624216"," 5","71711064","","0.5327","A"
"4","Trait5","pKWmEB","NsiI.TP673962"," 5","71715889","","0.2962","C"
"4","Trait5","pKWmEB","NsiI.TP661680"," 5","71728830","","0.2519","C"
"4","Trait5","pKWmEB","PstI.TP575715"," 5","71730598","","0.3313","A"
"4","Trait5","pKWmEB","PstI.TP575738"," 5","71730598","","0.1047","A"
"4","Trait5","pKWmEB","PstI.TP575882"," 5","71730598","","0.1758","A"
"4","Trait5","pKWmEB","NsiI.TP121022"," 5","71744727","","0.2458","A"
"4","Trait5","pKWmEB","NsiI.TP169322"," 5","71759480","","0.2988","A"
"4","Trait5","pKWmEB","PstI.TP700084"," 5","71759520","","0.5165","C"
"4","Trait5","pKWmEB","PstI.TP489102"," 5","71762278","","0.2906","C"
"4","Trait5","pKWmEB","NsiI.TP436044"," 5","71762287","","0.0196","C"
"4","Trait5","pKWmEB","NsiI.TP496857"," 5","71788801","","0.0863","A"
"4","Trait5","pKWmEB","PstI.TP461600"," 5","71789531","","0.1683","A"
"4","Trait5","pKWmEB","PstI.TP67872"," 5","71823060","","0.0773","G"
"4","Trait5","pKWmEB","PstI.TP460758"," 5","71830960","","0.0225","C"
"4","Trait5","pKWmEB","PstI.TP935895"," 5","71850074","","1.0086","A"
"4","Trait5","pKWmEB","PstI.TP390249"," 6","   18421","","1.1040","A"
"4","Trait5","pKWmEB","NsiI.TP127144"," 6","   35696","","0.3868","A"
"4","Trait5","pKWmEB","NsiI.TP13915"," 6","   74720","","0.9428","A"
"4","Trait5","pKWmEB","PstI.TP986934"," 6","   96946","","0.0058","G"
"4","Trait5","pKWmEB","PstI.TP953356"," 6","   96974","","0.7620","G"
"4","Trait5","pKWmEB","NsiI.TP440856"," 6","  107701","","0.0139","G"
"4","Trait5","pKWmEB","PstI.TP273083"," 6","  177337","","1.0579","A"
"4","Trait5","pKWmEB","NsiI.TP120820"," 6","  195244","","0.0331","A"
"4","Trait5","pKWmEB","PstI.TP1286135"," 6","  255728","","0.1646","A"
"4","Trait5","pKWmEB","PstI.TP959936"," 6","  303312","","0.2122","A"
"4","Trait5","pKWmEB","PstI.TP41227"," 6","  384882","","0.5481","C"
"4","Trait5","pKWmEB","PstI.TP372159"," 6","  397980","","0.1338","A"
"4","Trait5","pKWmEB","NsiI.TP39503"," 6","  432073","","0.3555","A"
"4","Trait5","pKWmEB","PstI.TP426779"," 6","  445806","","0.0779","A"
"4","Trait5","pKWmEB","PstI.TP355315"," 6","  456604","","0.9087","A"
"4","Trait5","pKWmEB","PstI.TP1255794"," 6","  462268","","1.5507","A"
"4","Trait5","pKWmEB","PstI.TP780124"," 6","  469198","","0.2682","A"
"4","Trait5","pKWmEB","PstI.TP381857"," 6","  486129","","3.0009","A"
"4","Trait5","pKWmEB","PstI.TP1022225"," 6","  509897","","0.0779","C"
"4","Trait5","pKWmEB","NsiI.TP63547"," 6","  527651","","0.0936","A"
"4","Trait5","pKWmEB","NsiI.TP352027"," 6","  536599","","0.1887","C"
"4","Trait5","pKWmEB","NsiI.TP595534"," 6","  549674","","0.0968","A"
"4","Trait5","pKWmEB","NsiI.TP352026"," 6","  555824","","0.5533","C"
"4","Trait5","pKWmEB","PstI.TP607222"," 6","  627440","","1.0651","G"
"4","Trait5","pKWmEB","PstI.TP828408"," 6","  661825","","0.0838","C"
"4","Trait5","pKWmEB","PstI.TP893993"," 6","  796417","","0.0239","A"
"4","Trait5","pKWmEB","PstI.TP131208"," 6","  799658","","0.0998","C"
"4","Trait5","pKWmEB","PstI.TP457236"," 6","  808796","","0.0630","C"
"4","Trait5","pKWmEB","PstI.TP115100"," 6","  808926","","0.5747","A"
"4","Trait5","pKWmEB","PstI.TP617664"," 6","  869486","","0.2304","A"
"4","Trait5","pKWmEB","PstI.TP1262893"," 6","  983689","","0.8379","G"
"4","Trait5","pKWmEB","PstI.TP1262907"," 6","  983691","","0.0761","A"
"4","Trait5","pKWmEB","PstI.TP197311"," 6","  984033","","0.5916","G"
"4","Trait5","pKWmEB","PstI.TP1271081"," 6"," 1003618","","0.0759","G"
"4","Trait5","pKWmEB","NsiI.TP628256"," 6"," 1027945","","1.2130","A"
"4","Trait5","pKWmEB","PstI.TP625061"," 6"," 1050314","","0.9234","A"
"4","Trait5","pKWmEB","NsiI.TP219039"," 6"," 1233541","","0.9917","G"
"4","Trait5","pKWmEB","PstI.TP1273759"," 6"," 1250118","","0.1471","C"
"4","Trait5","pKWmEB","PstI.TP1251861"," 6"," 1326750","","1.8801","A"
"4","Trait5","pKWmEB","PstI.TP96447"," 6"," 1371354","","0.0437","C"
"4","Trait5","pKWmEB","PstI.TP298201"," 6"," 1375822","","0.6310","C"
"4","Trait5","pKWmEB","PstI.TP940785"," 6"," 1379236","","0.1648","A"
"4","Trait5","pKWmEB","NsiI.TP436473"," 6"," 1386687","","0.0392","C"
"4","Trait5","pKWmEB","NsiI.TP615501"," 6"," 1436061","","0.0793","G"
"4","Trait5","pKWmEB","NsiI.TP591474"," 6"," 1519184","","0.1609","A"
"4","Trait5","pKWmEB","NsiI.TP226618"," 6"," 1519416","","0.1306","C"
"4","Trait5","pKWmEB","NsiI.TP441583"," 6"," 1520280","","0.7376","C"
"4","Trait5","pKWmEB","NsiI.TP360056"," 6"," 1535888","","0.3402","C"
"4","Trait5","pKWmEB","NsiI.TP211940"," 6"," 1544107","","0.5493","A"
"4","Trait5","pKWmEB","PstI.TP1212201"," 6"," 1555366","","0.1269","A"
"4","Trait5","pKWmEB","GFSSContig20569_1650"," 6"," 1588235","","0.2661","T"
"4","Trait5","pKWmEB","PstI.TP35902"," 6"," 1610136","","0.5863","C"
"4","Trait5","pKWmEB","PstI.TP106584"," 6"," 1659121","","0.1558","A"
"4","Trait5","pKWmEB","NsiI.TP147734"," 6"," 1671628","","0.2815","C"
"4","Trait5","pKWmEB","NsiI.TP782379"," 6"," 1780130","","0.5787","A"
"4","Trait5","pKWmEB","PstI.TP60284"," 6"," 1845370","","0.0353","A"
"4","Trait5","pKWmEB","NsiI.TP175436"," 6"," 1850626","","0.2874","G"
"4","Trait5","pKWmEB","PstI.TP84489"," 6"," 1850636","","0.5705","A"
"4","Trait5","pKWmEB","PstI.TP84561"," 6"," 1850636","","0.6617","C"
"4","Trait5","pKWmEB","NsiI.TP121308"," 6"," 1857305","","0.1211","C"
"4","Trait5","pKWmEB","PstI.TP828009"," 6"," 1861553","","1.2646","G"
"4","Trait5","pKWmEB","PstI.TP708834"," 6"," 1910148","","0.5292","A"
"4","Trait5","pKWmEB","PstI.TP774963"," 6"," 1911989","","1.4028","A"
"4","Trait5","pKWmEB","PstI.TP160013"," 6"," 1913467","","0.8115","A"
"4","Trait5","pKWmEB","PstI.TP409573"," 6"," 1934495","","1.5233","G"
"4","Trait5","pKWmEB","PstI.TP470569"," 6"," 1961291","","0.4144","C"
"4","Trait5","pKWmEB","PstI.TP83171"," 6"," 1961375","","0.2103","A"
"4","Trait5","pKWmEB","PstI.TP988627"," 6"," 1967395","","0.0017","C"
"4","Trait5","pKWmEB","PstI.TP314240"," 6"," 1992492","","1.0284","A"
"4","Trait5","pKWmEB","NsiI.TP203570"," 6"," 2078276","","1.3071","C"
"4","Trait5","pKWmEB","PstI.TP1243819"," 6"," 2081638","","0.2004","G"
"4","Trait5","pKWmEB","PstI.TP847161"," 6"," 2152129","","0.1416","C"
"4","Trait5","pKWmEB","PstI.TP236931"," 6"," 2153286","","1.3866","A"
"4","Trait5","pKWmEB","PstI.TP166492"," 6"," 2200069","","0.0737","A"
"4","Trait5","pKWmEB","PstI.TP544549"," 6"," 2226986","","0.8317","C"
"4","Trait5","pKWmEB","PstI.TP497885"," 6"," 2229119","","1.1738","C"
"4","Trait5","pKWmEB","PstI.TP834194"," 6"," 2364305","","0.2212","A"
"4","Trait5","pKWmEB","PstI.TP1069097"," 6"," 2377541","","0.2281","A"
"4","Trait5","pKWmEB","NsiI.TP830794"," 6"," 2409573","","0.3102","A"
"4","Trait5","pKWmEB","PstI.TP6439"," 6"," 2462612","","0.1599","A"
"4","Trait5","pKWmEB","PstI.TP1271833"," 6"," 2485726","","0.0298","C"
"4","Trait5","pKWmEB","PstI.TP372403"," 6"," 2500952","","0.3899","A"
"4","Trait5","pKWmEB","NsiI.TP813329"," 6"," 2519447","","0.1008","C"
"4","Trait5","pKWmEB","NsiI.TP265897"," 6"," 2642130","","1.1763","A"
"4","Trait5","pKWmEB","NsiI.TP634153"," 6"," 2671374","","0.0406","A"
"4","Trait5","pKWmEB","NsiI.TP373425"," 6"," 2804111","","0.0195","A"
"4","Trait5","pKWmEB","NsiI.TP373335"," 6"," 2804121","","0.2448","A"
"4","Trait5","pKWmEB","NsiI.TP67832"," 6"," 2929664","","0.2774","A"
"4","Trait5","pKWmEB","NsiI.TP429477"," 6"," 3007296","","0.1206","A"
"4","Trait5","pKWmEB","PstI.TP288752"," 6"," 3050548","","0.7886","A"
"4","Trait5","pKWmEB","NsiI.TP615657"," 6"," 3081160","","0.2717","C"
"4","Trait5","pKWmEB","PstI.TP33096"," 6"," 3180162","","0.1517","C"
"4","Trait5","pKWmEB","NsiI.TP762935"," 6"," 3182336","","1.5693","C"
"4","Trait5","pKWmEB","PstI.TP240804"," 6"," 3194811","","0.4868","A"
"4","Trait5","pKWmEB","PstI.TP362447"," 6"," 3260933","","0.4711","A"
"4","Trait5","pKWmEB","NsiI.TP245202"," 6"," 3260933","","0.0855","C"
"4","Trait5","pKWmEB","NsiI.TP281124"," 6"," 3260939","","0.1675","A"
"4","Trait5","pKWmEB","PstI.TP262348"," 6"," 3334629","","0.5186","C"
"4","Trait5","pKWmEB","PstI.TP744252"," 6"," 3334644","","1.6026","A"
"4","Trait5","pKWmEB","PstI.TP339994"," 6"," 3571650","","0.1361","C"
"4","Trait5","pKWmEB","NsiI.TP150021"," 6"," 3606893","","0.0471","C"
"4","Trait5","pKWmEB","NsiI.TP512362"," 6"," 3628759","","0.2522","A"
"4","Trait5","pKWmEB","PstI.TP1092694"," 6"," 3754118","","0.3744","C"
"4","Trait5","pKWmEB","PstI.TP1094055"," 6"," 3834577","","0.6755","A"
"4","Trait5","pKWmEB","PstI.TP533938"," 6"," 3839549","","0.3350","C"
"4","Trait5","pKWmEB","PstI.TP1172225"," 6"," 3890042","","0.0490","C"
"4","Trait5","pKWmEB","PstI.TP512560"," 6"," 3895073","","0.1814","C"
"4","Trait5","pKWmEB","PstI.TP758998"," 6"," 3899613","","0.8610","C"
"4","Trait5","pKWmEB","PstI.TP434866"," 6"," 3914949","","0.5936","A"
"4","Trait5","pKWmEB","PstI.TP901714"," 6"," 3915493","","1.0431","C"
"4","Trait5","pKWmEB","PstI.TP683635"," 6"," 3936964","","0.2516","C"
"4","Trait5","pKWmEB","NsiI.TP144537"," 6"," 3960734","","1.0024","G"
"4","Trait5","pKWmEB","NsiI.TP797191"," 6"," 3979673","","0.3967","A"
"4","Trait5","pKWmEB","NsiI.TP499923"," 6"," 3981325","","0.4262","C"
"4","Trait5","pKWmEB","PstI.TP360245"," 6"," 4260794","","1.5555","G"
"4","Trait5","pKWmEB","PstI.TP817955"," 6"," 4266645","","0.3713","C"
"4","Trait5","pKWmEB","PstI.TP5904"," 6"," 4272324","","1.3869","C"
"4","Trait5","pKWmEB","NsiI.TP580268"," 6"," 4463658","","0.0632","C"
"4","Trait5","pKWmEB","PstI.TP75435"," 6"," 4525964","","0.1303","G"
"4","Trait5","pKWmEB","PstI.TP950372"," 6"," 4589125","","0.2807","C"
"4","Trait5","pKWmEB","NsiI.TP452162"," 6"," 4678822","","0.8303","C"
"4","Trait5","pKWmEB","PstI.TP847907"," 6"," 4721495","","0.6319","C"
"4","Trait5","pKWmEB","NsiI.TP576558"," 6"," 4722794","","0.4506","A"
"4","Trait5","pKWmEB","NsiI.TP391270"," 6"," 4872841","","0.2124","A"
"4","Trait5","pKWmEB","NsiI.TP345981"," 6"," 4907495","","0.6400","A"
"4","Trait5","pKWmEB","PstI.TP1089540"," 6"," 5328843","","0.4166","A"
"4","Trait5","pKWmEB","PstI.TP1040960"," 6"," 5575670","","1.2244","C"
"4","Trait5","pKWmEB","NsiI.TP38028"," 6"," 5645718","","0.1977","A"
"4","Trait5","pKWmEB","PstI.TP805729"," 6"," 5877749","","0.1333","A"
"4","Trait5","pKWmEB","NsiI.TP108822"," 6"," 5886763","","0.1771","G"
"4","Trait5","pKWmEB","PstI.TP15282"," 6"," 6025251","","0.4505","C"
"4","Trait5","pKWmEB","NsiI.TP32455"," 6"," 6026230","","0.6603","A"
"4","Trait5","pKWmEB","PstI.TP202889"," 6"," 6077060","","0.5382","A"
"4","Trait5","pKWmEB","PstI.TP202899"," 6"," 6077089","","0.0969","A"
"4","Trait5","pKWmEB","NsiI.TP15687"," 6"," 6110612","","0.4943","A"
"4","Trait5","pKWmEB","PstI.TP365986"," 6"," 6142813","","0.7748","C"
"4","Trait5","pKWmEB","PstI.TP989730"," 6"," 6156150","","0.3759","A"
"4","Trait5","pKWmEB","NsiI.TP690223"," 6"," 6293609","","0.9521","A"
"4","Trait5","pKWmEB","PstI.TP853662"," 6"," 6296581","","0.3225","C"
"4","Trait5","pKWmEB","PstI.TP250403"," 6"," 6308579","","0.2132","A"
"4","Trait5","pKWmEB","NsiI.TP2518"," 6"," 6381083","","0.0927","A"
"4","Trait5","pKWmEB","NsiI.TP322203"," 6"," 6388055","","0.1624","A"
"4","Trait5","pKWmEB","PstI.TP842028"," 6"," 6405059","","0.4577","C"
"4","Trait5","pKWmEB","NsiI.TP171942"," 6"," 6451184","","0.6012","C"
"4","Trait5","pKWmEB","PstI.TP1010394"," 6"," 6506839","","0.6381","A"
"4","Trait5","pKWmEB","NsiI.TP250793"," 6"," 6506931","","0.3983","C"
"4","Trait5","pKWmEB","PstI.TP216597"," 6"," 6514552","","0.9032","G"
"4","Trait5","pKWmEB","PstI.TP825113"," 6"," 6585758","","0.1282","C"
"4","Trait5","pKWmEB","NsiI.TP664991"," 6"," 6587181","","0.4815","G"
"4","Trait5","pKWmEB","PstI.TP142272"," 6"," 6590379","","0.5911","A"
"4","Trait5","pKWmEB","PstI.TP819907"," 6"," 6739141","","0.2908","C"
"4","Trait5","pKWmEB","PstI.TP1136919"," 6"," 6739369","","0.0491","A"
"4","Trait5","pKWmEB","PstI.TP726865"," 6"," 6744838","","0.1536","C"
"4","Trait5","pKWmEB","NsiI.TP440146"," 6"," 6888755","","0.1984","A"
"4","Trait5","pKWmEB","PstI.TP105291"," 6"," 7005695","","0.6648","C"
"4","Trait5","pKWmEB","NsiI.TP84447"," 6"," 7006918","","0.2824","A"
"4","Trait5","pKWmEB","PstI.TP52142"," 6"," 7011541","","0.1233","C"
"4","Trait5","pKWmEB","NsiI.TP113973"," 6"," 7161190","","0.7095","A"
"4","Trait5","pKWmEB","PstI.TP1120842"," 6"," 7488157","","1.7370","C"
"4","Trait5","pKWmEB","NsiI.TP33079"," 6"," 7777434","","0.0116","A"
"4","Trait5","pKWmEB","NsiI.TP423257"," 6"," 8209105","","0.3619","C"
"4","Trait5","pKWmEB","PstI.TP335793"," 6"," 8209847","","0.1008","C"
"4","Trait5","pKWmEB","PstI.TP685274"," 6"," 8211306","","0.1483","C"
"4","Trait5","pKWmEB","NsiI.TP592783"," 6"," 8700530","","0.1976","A"
"4","Trait5","pKWmEB","NsiI.TP427296"," 6"," 8765381","","0.0278","C"
"4","Trait5","pKWmEB","PstI.TP202209"," 6"," 9086296","","0.4287","C"
"4","Trait5","pKWmEB","PstI.TP867592"," 6"," 9086550","","0.2356","C"
"4","Trait5","pKWmEB","PstI.TP1071406"," 6"," 9087147","","1.9296","A"
"4","Trait5","pKWmEB","NsiI.TP206563"," 6"," 9088761","","0.1610","A"
"4","Trait5","pKWmEB","NsiI.TP206564"," 6"," 9088774","","0.3777","C"
"4","Trait5","pKWmEB","GFSSContig18408_1087"," 6","11445945","","0.2997","T"
"4","Trait5","pKWmEB","NsiI.TP697503"," 6","11491757","","0.3625","G"
"4","Trait5","pKWmEB","PstI.TP373881"," 6","12195747","","1.2856","A"
"4","Trait5","pKWmEB","PstI.TP1157659"," 6","12195814","","0.1455","C"
"4","Trait5","pKWmEB","PstI.TP794382"," 6","14220994","","0.0224","A"
"4","Trait5","pKWmEB","NsiI.TP835775"," 6","14520824","","0.3553","C"
"4","Trait5","pKWmEB","PstI.TP40238"," 6","14544576","","0.6196","C"
"4","Trait5","pKWmEB","PstI.TP1009946"," 6","15106417","","0.5611","C"
"4","Trait5","pKWmEB","PstI.TP1207958"," 6","15385980","","1.2138","A"
"4","Trait5","pKWmEB","PstI.TP50915"," 6","15657170","","0.2464","G"
"4","Trait5","pKWmEB","NsiI.TP501449"," 6","16162674","","0.7723","A"
"4","Trait5","pKWmEB","NsiI.TP60207"," 6","16164076","","0.2341","A"
"4","Trait5","pKWmEB","NsiI.TP449965"," 6","16393907","","0.9993","A"
"4","Trait5","pKWmEB","NsiI.TP519233"," 6","16395072","","0.6658","A"
"4","Trait5","pKWmEB","PstI.TP366287"," 6","16432946","","0.6418","A"
"4","Trait5","pKWmEB","PstI.TP1194166"," 6","16697809","","0.0264","A"
"4","Trait5","pKWmEB","PstI.TP381807"," 6","17522416","","0.1779","A"
"4","Trait5","pKWmEB","NsiI.TP609140"," 6","18911509","","0.6026","A"
"4","Trait5","pKWmEB","NsiI.TP308732"," 6","18912392","","0.3510","A"
"4","Trait5","pKWmEB","PstI.TP1052140"," 6","19137861","","0.9800","A"
"4","Trait5","pKWmEB","PstI.TP455534"," 6","19162276","","0.6092","C"
"4","Trait5","pKWmEB","NsiI.TP35778"," 6","19403997","","0.1332","C"
"4","Trait5","pKWmEB","NsiI.TP569149"," 6","19410429","","0.0360","C"
"4","Trait5","pKWmEB","NsiI.TP493388"," 6","24222351","","0.2520","C"
"4","Trait5","pKWmEB","NsiI.TP665696"," 6","25554677","","0.6611","A"
"4","Trait5","pKWmEB","PstI.TP884637"," 6","26390736","","0.0686","C"
"4","Trait5","pKWmEB","PstI.TP820851"," 6","26699344","","0.7106","C"
"4","Trait5","pKWmEB","PstI.TP879675"," 6","26700655","","0.4328","C"
"4","Trait5","pKWmEB","NsiI.TP10104"," 6","26705522","","0.4794","G"
"4","Trait5","pKWmEB","PstI.TP1183353"," 6","27281401","","0.1276","C"
"4","Trait5","pKWmEB","NsiI.TP13312"," 6","27281599","","1.6388","G"
"4","Trait5","pKWmEB","NsiI.TP615807"," 6","27281645","","0.2435","A"
"4","Trait5","pKWmEB","NsiI.TP286041"," 6","27293557","","0.5573","A"
"4","Trait5","pKWmEB","NsiI.TP181929"," 6","28159639","","0.0786","A"
"4","Trait5","pKWmEB","NsiI.TP121941"," 6","29564687","","0.1027","C"
"4","Trait5","pKWmEB","GFSSContig15446_474"," 6","30284338","","0.0405","T"
"4","Trait5","pKWmEB","NsiI.TP177947"," 6","30579084","","0.1860","A"
"4","Trait5","pKWmEB","NsiI.TP659536"," 6","30839490","","0.6703","A"
"4","Trait5","pKWmEB","NsiI.TP370001"," 6","30938923","","0.6921","C"
"4","Trait5","pKWmEB","NsiI.TP291404"," 6","30971596","","0.0814","A"
"4","Trait5","pKWmEB","PstI.TP775204"," 6","30979435","","0.0584","A"
"4","Trait5","pKWmEB","PstI.TP756558"," 6","30981116","","0.8778","C"
"4","Trait5","pKWmEB","PstI.TP756560"," 6","30981137","","2.2381","A"
"4","Trait5","pKWmEB","PstI.TP494450"," 6","31057422","","0.0792","A"
"4","Trait5","pKWmEB","PstI.TP773343"," 6","31243845","","0.1703","A"
"4","Trait5","pKWmEB","NsiI.TP741968"," 6","31451097","","0.6546","A"
"4","Trait5","pKWmEB","PstI.TP746300"," 6","31581228","","0.0755","C"
"4","Trait5","pKWmEB","PstI.TP1091883"," 6","31723113","","0.3599","A"
"4","Trait5","pKWmEB","PstI.TP831813"," 6","31743102","","0.1145","A"
"4","Trait5","pKWmEB","NsiI.TP125561"," 6","31800881","","0.2863","A"
"4","Trait5","pKWmEB","PstI.TP853901"," 6","31993390","","0.4325","A"
"4","Trait5","pKWmEB","NsiI.TP565309"," 6","32077727","","0.0572","G"
"4","Trait5","pKWmEB","PstI.TP830704"," 6","32107877","","0.0689","A"
"4","Trait5","pKWmEB","NsiI.TP613787"," 6","32127824","","0.1374","C"
"4","Trait5","pKWmEB","NsiI.TP336759"," 6","32130377","","0.1011","C"
"4","Trait5","pKWmEB","NsiI.TP470719"," 6","32130393","","0.0124","G"
"4","Trait5","pKWmEB","NsiI.TP241864"," 6","32130505","","0.0498","A"
"4","Trait5","pKWmEB","NsiI.TP624770"," 6","32133975","","0.0430","C"
"4","Trait5","pKWmEB","PstI.TP1037022"," 6","32135690","","0.4001","C"
"4","Trait5","pKWmEB","NsiI.TP558835"," 6","32218478","","0.0019","G"
"4","Trait5","pKWmEB","PstI.TP178160"," 6","32265913","","0.0151","C"
"4","Trait5","pKWmEB","PstI.TP4230"," 6","32265956","","0.0579","A"
"4","Trait5","pKWmEB","NsiI.TP211131"," 6","32284894","","0.4126","C"
"4","Trait5","pKWmEB","NsiI.TP312592"," 6","32294349","","0.1552","A"
"4","Trait5","pKWmEB","PstI.TP1281008"," 6","32355072","","0.9723","A"
"4","Trait5","pKWmEB","PstI.TP1281007"," 6","32355079","","0.6802","A"
"4","Trait5","pKWmEB","NsiI.TP691722"," 6","32359330","","0.6151","G"
"4","Trait5","pKWmEB","PstI.TP326856"," 6","32359770","","0.2584","A"
"4","Trait5","pKWmEB","NsiI.TP467283"," 6","32373926","","0.3692","C"
"4","Trait5","pKWmEB","PstI.TP829666"," 6","32732045","","0.0159","A"
"4","Trait5","pKWmEB","NsiI.TP495179"," 6","32754357","","0.5160","A"
"4","Trait5","pKWmEB","PstI.TP885274"," 6","32755389","","0.2889","A"
"4","Trait5","pKWmEB","PstI.TP1040839"," 6","32755413","","0.2189","C"
"4","Trait5","pKWmEB","PstI.TP219642"," 6","32755456","","0.0094","C"
"4","Trait5","pKWmEB","PstI.TP591413"," 6","32813463","","0.1606","C"
"4","Trait5","pKWmEB","PstI.TP471541"," 6","32814749","","0.0760","A"
"4","Trait5","pKWmEB","PstI.TP1163120"," 6","33557723","","0.0382","C"
"4","Trait5","pKWmEB","PstI.TP758900"," 6","33980922","","0.5178","C"
"4","Trait5","pKWmEB","PstI.TP724579"," 6","33982965","","0.1341","A"
"4","Trait5","pKWmEB","PstI.TP664696"," 6","35667088","","1.0024","C"
"4","Trait5","pKWmEB","NsiI.TP350532"," 6","35787836","","1.0264","C"
"4","Trait5","pKWmEB","NsiI.TP733229"," 6","37254775","","0.4349","C"
"4","Trait5","pKWmEB","NsiI.TP616158"," 6","37699034","","0.5604","G"
"4","Trait5","pKWmEB","NsiI.TP370584"," 6","37709850","","0.2398","C"
"4","Trait5","pKWmEB","NsiI.TP686277"," 6","37871772","","0.3094","C"
"4","Trait5","pKWmEB","PstI.TP1181438"," 6","37901903","","0.0105","A"
"4","Trait5","pKWmEB","PstI.TP985988"," 6","37923853","","0.5201","C"
"4","Trait5","pKWmEB","PstI.TP247109"," 6","37932672","","0.5832","A"
"4","Trait5","pKWmEB","NsiI.TP266103"," 6","38025469","","0.5392","G"
"4","Trait5","pKWmEB","PstI.TP96720"," 6","38025522","","1.8152","A"
"4","Trait5","pKWmEB","GFSSContig8940_858"," 6","38182942","","1.0263","T"
"4","Trait5","pKWmEB","GFSSContig18771_265"," 6","38353973","","0.1880","T"
"4","Trait5","pKWmEB","PstI.TP318041"," 6","38400018","","0.2793","A"
"4","Trait5","pKWmEB","NsiI.TP682861"," 6","38405790","","2.4908","A"
"4","Trait5","pKWmEB","PstI.TP55548"," 6","38407576","","0.1778","A"
"4","Trait5","pKWmEB","NsiI.TP115194"," 6","38607620","","0.0379","C"
"4","Trait5","pKWmEB","NsiI.TP334029"," 6","38616479","","0.3715","A"
"4","Trait5","pKWmEB","NsiI.TP664471"," 6","38617163","","0.3198","A"
"4","Trait5","pKWmEB","PstI.TP1173215"," 6","38685708","","1.8961","G"
"4","Trait5","pKWmEB","PstI.TP879632"," 6","38733916","","0.0577","C"
"4","Trait5","pKWmEB","PstI.TP18402"," 6","38768691","","0.0102","G"
"4","Trait5","pKWmEB","NsiI.TP457104"," 6","38776414","","1.1369","A"
"4","Trait5","pKWmEB","NsiI.TP125447"," 6","39125990","","0.0948","A"
"4","Trait5","pKWmEB","NsiI.TP403262"," 6","39335553","","0.0498","A"
"4","Trait5","pKWmEB","PstI.TP363651"," 6","39417522","","0.2789","A"
"4","Trait5","pKWmEB","PstI.TP1284635"," 6","39548001","","0.0521","A"
"4","Trait5","pKWmEB","NsiI.TP511529"," 6","39548759","","0.1373","A"
"4","Trait5","pKWmEB","PstI.TP515323"," 6","39552988","","1.0533","A"
"4","Trait5","pKWmEB","PstI.TP246958"," 6","39553053","","0.1030","A"
"4","Trait5","pKWmEB","NsiI.TP505866"," 6","39558375","","0.2510","A"
"4","Trait5","pKWmEB","NsiI.TP549539"," 6","39558413","","0.0846","C"
"4","Trait5","pKWmEB","PstI.TP179452"," 6","39644530","","0.0170","A"
"4","Trait5","pKWmEB","PstI.TP439725"," 6","39651393","","1.3332","C"
"4","Trait5","pKWmEB","PstI.TP776270"," 6","39667672","","0.4958","A"
"4","Trait5","pKWmEB","PstI.TP776266"," 6","39667698","","0.0911","C"
"4","Trait5","pKWmEB","PstI.TP968168"," 6","39726388","","0.4487","A"
"4","Trait5","pKWmEB","NsiI.TP748969"," 6","39811283","","0.3048","C"
"4","Trait5","pKWmEB","NsiI.TP245830"," 6","39888459","","1.0849","A"
"4","Trait5","pKWmEB","PstI.TP256025"," 6","39923562","","0.1297","A"
"4","Trait5","pKWmEB","NsiI.TP45288"," 6","39928368","","0.9952","C"
"4","Trait5","pKWmEB","PstI.TP1054001"," 6","39939459","","0.1531","A"
"4","Trait5","pKWmEB","NsiI.TP188663"," 6","39968309","","0.4559","A"
"4","Trait5","pKWmEB","PstI.TP922479"," 6","39968872","","0.4052","A"
"4","Trait5","pKWmEB","PstI.TP42245"," 6","40021147","","0.3976","A"
"4","Trait5","pKWmEB","PstI.TP752706"," 6","40067328","","0.0695","G"
"4","Trait5","pKWmEB","PstI.TP168788"," 6","40077241","","0.6394","A"
"4","Trait5","pKWmEB","PstI.TP113896"," 6","40079998","","0.1350","G"
"4","Trait5","pKWmEB","PstI.TP922796"," 6","40080039","","1.2896","G"
"4","Trait5","pKWmEB","NsiI.TP436761"," 6","40087954","","0.4599","A"
"4","Trait5","pKWmEB","PstI.TP835176"," 6","40091853","","1.7510","C"
"4","Trait5","pKWmEB","PstI.TP271183"," 6","40095596","","0.4904","A"
"4","Trait5","pKWmEB","NsiI.TP443889"," 6","40146428","","0.2827","A"
"4","Trait5","pKWmEB","PstI.TP11154"," 6","40235072","","0.0734","A"
"4","Trait5","pKWmEB","PstI.TP150034"," 6","40237133","","0.2312","G"
"4","Trait5","pKWmEB","PstI.TP629514"," 6","40243524","","1.4317","A"
"4","Trait5","pKWmEB","PstI.TP501240"," 6","40247059","","3.1165","A"
"4","Trait5","pKWmEB","PstI.TP980475"," 6","40423530","","0.0385","A"
"4","Trait5","pKWmEB","NsiI.TP466399"," 6","40423716","","0.5977","A"
"4","Trait5","pKWmEB","GFSSContig18860_1155"," 6","40433938","","0.1018","A"
"4","Trait5","pKWmEB","PstI.TP919510"," 6","40436896","","0.2856","A"
"4","Trait5","pKWmEB","NsiI.TP353897"," 6","40582617","","0.0117","A"
"4","Trait5","pKWmEB","NsiI.TP112542"," 6","40650279","","0.2174","C"
"4","Trait5","pKWmEB","NsiI.TP798346"," 6","40779780","","0.5372","A"
"4","Trait5","pKWmEB","PstI.TP745749"," 6","40814158","","0.6997","C"
"4","Trait5","pKWmEB","PstI.TP833447"," 6","40944592","","0.5747","A"
"4","Trait5","pKWmEB","PstI.TP170897"," 6","40981188","","0.2323","C"
"4","Trait5","pKWmEB","NsiI.TP29250"," 6","41087844","","0.9751","C"
"4","Trait5","pKWmEB","NsiI.TP547767"," 6","41106599","","0.3574","A"
"4","Trait5","pKWmEB","PstI.TP502335"," 6","41106600","","0.5793","A"
"4","Trait5","pKWmEB","PstI.TP577602"," 6","41219403","","0.3185","A"
"4","Trait5","pKWmEB","PstI.TP1121276"," 6","41250808","","0.0576","A"
"4","Trait5","pKWmEB","NsiI.TP13053"," 6","41270995","","0.0769","C"
"4","Trait5","pKWmEB","PstI.TP280104"," 6","41273549","","0.1714","G"
"4","Trait5","pKWmEB","NsiI.TP416050"," 6","41273550","","0.0938","G"
"4","Trait5","pKWmEB","PstI.TP867312"," 6","41300079","","0.6267","A"
"4","Trait5","pKWmEB","NsiI.TP311705"," 6","41370971","","0.4242","C"
"4","Trait5","pKWmEB","NsiI.TP631689"," 6","41449669","","0.9225","C"
"4","Trait5","pKWmEB","PstI.TP832496"," 6","41449812","","0.5634","C"
"4","Trait5","pKWmEB","PstI.TP523336"," 6","41456424","","1.6490","G"
"4","Trait5","pKWmEB","NsiI.TP336652"," 6","41462007","","0.0820","C"
"4","Trait5","pKWmEB","NsiI.TP513210"," 6","41544102","","0.8831","A"
"4","Trait5","pKWmEB","NsiI.TP301610"," 6","41544222","","0.4855","C"
"4","Trait5","pKWmEB","PstI.TP358897"," 6","41706673","","0.3403","C"
"4","Trait5","pKWmEB","NsiI.TP755464"," 6","41733451","","0.5293","A"
"4","Trait5","pKWmEB","NsiI.TP180436"," 6","41765606","","0.0709","C"
"4","Trait5","pKWmEB","NsiI.TP324342"," 6","41843060","","0.8482","A"
"4","Trait5","pKWmEB","NsiI.TP310713"," 6","41884338","","0.8113","A"
"4","Trait5","pKWmEB","PstI.TP1200633"," 6","41933949","","0.4004","A"
"4","Trait5","pKWmEB","PstI.TP1261238"," 6","41933973","","0.3880","C"
"4","Trait5","pKWmEB","PstI.TP85901"," 6","42012849","","0.1296","A"
"4","Trait5","pKWmEB","PstI.TP359861"," 6","42016593","","0.6599","A"
"4","Trait5","pKWmEB","NsiI.TP540037"," 6","42047898","","1.1684","C"
"4","Trait5","pKWmEB","NsiI.TP691111"," 6","42051054","","0.7873","A"
"4","Trait5","pKWmEB","NsiI.TP102730"," 6","42053875","","0.1953","G"
"4","Trait5","pKWmEB","PstI.TP888989"," 6","42084993","","0.1267","A"
"4","Trait5","pKWmEB","NsiI.TP625490"," 6","42246544","","0.3768","C"
"4","Trait5","pKWmEB","PstI.TP1108461"," 6","42385778","","0.4315","C"
"4","Trait5","pKWmEB","NsiI.TP498858"," 6","42412563","","0.4071","C"
"4","Trait5","pKWmEB","GFSSContig18151_375"," 6","42479383","","0.1046","T"
"4","Trait5","pKWmEB","PstI.TP33525"," 6","42479865","","0.3483","A"
"4","Trait5","pKWmEB","PstI.TP1092536"," 6","42480830","","0.8054","A"
"4","Trait5","pKWmEB","PstI.TP1009816"," 6","42489177","","0.5402","A"
"4","Trait5","pKWmEB","NsiI.TP620157"," 6","42490333","","0.1172","A"
"4","Trait5","pKWmEB","NsiI.TP112465"," 6","42506943","","0.1554","G"
"4","Trait5","pKWmEB","PstI.TP880423"," 6","42511235","","0.7666","A"
"4","Trait5","pKWmEB","NsiI.TP494505"," 6","42537010","","0.2350","C"
"4","Trait5","pKWmEB","PstI.TP901855"," 6","42551665","","0.4693","A"
"4","Trait5","pKWmEB","NsiI.TP280889"," 6","42580386","","0.1735","C"
"4","Trait5","pKWmEB","PstI.TP1017094"," 6","42583981","","0.0195","C"
"4","Trait5","pKWmEB","PstI.TP449018"," 6","42584107","","0.7602","A"
"4","Trait5","pKWmEB","PstI.TP181807"," 6","42585857","","0.6026","A"
"4","Trait5","pKWmEB","PstI.TP972670"," 6","42586289","","0.5284","G"
"4","Trait5","pKWmEB","PstI.TP165796"," 6","42586298","","0.4319","C"
"4","Trait5","pKWmEB","NsiI.TP391403"," 6","42597140","","0.2226","C"
"4","Trait5","pKWmEB","PstI.TP483837"," 6","42661011","","0.1844","G"
"4","Trait5","pKWmEB","PstI.TP773490"," 6","42681604","","0.5716","A"
"4","Trait5","pKWmEB","NsiI.TP267098"," 6","42683323","","0.1498","C"
"4","Trait5","pKWmEB","PstI.TP1021885"," 6","42685825","","1.3695","C"
"4","Trait5","pKWmEB","PstI.TP1056514"," 6","42715763","","0.2285","C"
"4","Trait5","pKWmEB","PstI.TP686915"," 6","42725521","","0.1672","C"
"4","Trait5","pKWmEB","NsiI.TP775439"," 6","42757918","","0.1076","A"
"4","Trait5","pKWmEB","NsiI.TP358081"," 6","42784766","","1.2709","A"
"4","Trait5","pKWmEB","PstI.TP921535"," 6","42803758","","0.2483","C"
"4","Trait5","pKWmEB","PstI.TP921533"," 6","42803791","","0.0663","A"
"4","Trait5","pKWmEB","PstI.TP1245299"," 6","42806057","","0.1545","C"
"4","Trait5","pKWmEB","PstI.TP1240618"," 6","42806074","","0.3574","C"
"4","Trait5","pKWmEB","NsiI.TP241135"," 6","42818797","","0.3999","A"
"4","Trait5","pKWmEB","PstI.TP309929"," 6","42823781","","0.5443","A"
"4","Trait5","pKWmEB","PstI.TP187234"," 6","42835275","","1.5211","A"
"4","Trait5","pKWmEB","NsiI.TP426465"," 6","42845479","","1.2498","A"
"4","Trait5","pKWmEB","PstI.TP664080"," 6","42854573","","0.0994","C"
"4","Trait5","pKWmEB","PstI.TP944699"," 6","43235510","","0.0151","C"
"4","Trait5","pKWmEB","PstI.TP1023385"," 6","43243324","","0.0043","C"
"4","Trait5","pKWmEB","NsiI.TP799028"," 6","43278083","","0.1595","A"
"4","Trait5","pKWmEB","NsiI.TP825138"," 6","43278106","","0.0724","C"
"4","Trait5","pKWmEB","PstI.TP1195541"," 6","43320392","","0.7319","G"
"4","Trait5","pKWmEB","NsiI.TP44978"," 6","43320860","","0.5442","G"
"4","Trait5","pKWmEB","PstI.TP255164"," 6","43339822","","0.3216","A"
"4","Trait5","pKWmEB","PstI.TP337856"," 6","43347995","","0.3754","G"
"4","Trait5","pKWmEB","NsiI.TP471155"," 6","43353277","","0.6343","C"
"4","Trait5","pKWmEB","NsiI.TP471156"," 6","43353284","","1.1997","G"
"4","Trait5","pKWmEB","PstI.TP742440"," 6","43553447","","0.5493","A"
"4","Trait5","pKWmEB","PstI.TP212348"," 6","43562624","","0.2694","C"
"4","Trait5","pKWmEB","PstI.TP766304"," 6","43596279","","0.0922","A"
"4","Trait5","pKWmEB","NsiI.TP17682"," 6","43602171","","0.1685","C"
"4","Trait5","pKWmEB","NsiI.TP129464"," 6","43607339","","0.4541","A"
"4","Trait5","pKWmEB","NsiI.TP747787"," 6","43607666","","0.0400","A"
"4","Trait5","pKWmEB","PstI.TP1219132"," 6","43635407","","0.1315","A"
"4","Trait5","pKWmEB","PstI.TP601347"," 6","43747613","","0.6864","A"
"4","Trait5","pKWmEB","NsiI.TP632058"," 6","43749583","","0.0655","C"
"4","Trait5","pKWmEB","NsiI.TP634719"," 6","43810287","","0.2356","A"
"4","Trait5","pKWmEB","NsiI.TP822498"," 6","43811592","","0.9998","A"
"4","Trait5","pKWmEB","NsiI.TP345679"," 6","43828310","","1.0392","A"
"4","Trait5","pKWmEB","PstI.TP918664"," 6","43828815","","0.8053","A"
"4","Trait5","pKWmEB","NsiI.TP593125"," 6","43878408","","0.8069","A"
"4","Trait5","pKWmEB","NsiI.TP687844"," 6","43941205","","0.9038","A"
"4","Trait5","pKWmEB","PstI.TP1240508"," 6","43966244","","0.6224","A"
"4","Trait5","pKWmEB","NsiI.TP1320"," 6","43984533","","0.0412","G"
"4","Trait5","pKWmEB","PstI.TP310691"," 6","43996986","","2.0638","A"
"4","Trait5","pKWmEB","NsiI.TP451922"," 6","44002291","","0.1940","G"
"4","Trait5","pKWmEB","NsiI.TP738936"," 6","44072862","","0.0069","C"
"4","Trait5","pKWmEB","NsiI.TP474488"," 6","44081885","","1.3876","C"
"4","Trait5","pKWmEB","PstI.TP538932"," 6","44092519","","0.0519","C"
"4","Trait5","pKWmEB","NsiI.TP260037"," 6","44124620","","0.2918","A"
"4","Trait5","pKWmEB","NsiI.TP359497"," 6","44142274","","0.1375","C"
"4","Trait5","pKWmEB","PstI.TP794254"," 6","44191829","","0.2727","C"
"4","Trait5","pKWmEB","PstI.TP648989"," 6","44191915","","0.4745","A"
"4","Trait5","pKWmEB","PstI.TP75301"," 6","44312976","","0.7618","A"
"4","Trait5","pKWmEB","PstI.TP1040682"," 6","44323080","","0.6904","C"
"4","Trait5","pKWmEB","PstI.TP148872"," 6","44364576","","0.0407","G"
"4","Trait5","pKWmEB","PstI.TP148873"," 6","44364580","","0.1081","G"
"4","Trait5","pKWmEB","PstI.TP489416"," 6","44368168","","0.1881","C"
"4","Trait5","pKWmEB","NsiI.TP819867"," 6","44387743","","0.1452","A"
"4","Trait5","pKWmEB","NsiI.TP671349"," 6","44398519","","0.6144","A"
"4","Trait5","pKWmEB","NsiI.TP605883"," 6","44409188","","0.1261","C"
"4","Trait5","pKWmEB","NsiI.TP530364"," 6","44529396","","0.8029","G"
"4","Trait5","pKWmEB","NsiI.TP621239"," 6","44529405","","0.0364","A"
"4","Trait5","pKWmEB","PstI.TP932609"," 6","44540431","","0.0263","A"
"4","Trait5","pKWmEB","PstI.TP643087"," 6","44550822","","0.6038","C"
"4","Trait5","pKWmEB","PstI.TP163348"," 6","44550868","","0.5140","A"
"4","Trait5","pKWmEB","NsiI.TP829002"," 6","44552192","","0.5028","A"
"4","Trait5","pKWmEB","PstI.TP1187561"," 6","44561048","","0.7571","A"
"4","Trait5","pKWmEB","PstI.TP104645"," 6","44593939","","0.2364","A"
"4","Trait5","pKWmEB","NsiI.TP133105"," 6","44619518","","0.2834","C"
"4","Trait5","pKWmEB","NsiI.TP679333"," 6","44752291","","0.5829","A"
"4","Trait5","pKWmEB","PstI.TP80834"," 6","44836419","","0.5563","A"
"4","Trait5","pKWmEB","NsiI.TP38422"," 6","44909480","","0.8609","C"
"4","Trait5","pKWmEB","PstI.TP109649"," 6","44909657","","0.7583","A"
"4","Trait5","pKWmEB","PstI.TP1109966"," 6","44916540","","0.9590","A"
"4","Trait5","pKWmEB","PstI.TP884463"," 6","44916672","","0.6329","A"
"4","Trait5","pKWmEB","PstI.TP78611"," 6","44917420","","0.5469","C"
"4","Trait5","pKWmEB","PstI.TP805017"," 6","44960916","","0.0225","C"
"4","Trait5","pKWmEB","PstI.TP919699"," 6","44983942","","0.0357","A"
"4","Trait5","pKWmEB","PstI.TP170014"," 6","44983997","","0.1741","A"
"4","Trait5","pKWmEB","PstI.TP448135"," 6","44994939","","0.5575","A"
"4","Trait5","pKWmEB","PstI.TP101544"," 6","45004051","","0.5880","C"
"4","Trait5","pKWmEB","PstI.TP1185472"," 6","45032097","","0.2249","A"
"4","Trait5","pKWmEB","PstI.TP33049"," 6","45032271","","2.0540","A"
"4","Trait5","pKWmEB","PstI.TP609213"," 6","45036906","","0.3893","A"
"4","Trait5","pKWmEB","PstI.TP460781"," 6","45048522","","0.1385","C"
"4","Trait5","pKWmEB","NsiI.TP203017"," 6","45061306","","0.0139","C"
"4","Trait5","pKWmEB","NsiI.TP17846"," 6","45061369","","0.5662","G"
"4","Trait5","pKWmEB","NsiI.TP511231"," 6","45079964","","0.1776","A"
"4","Trait5","pKWmEB","NsiI.TP511232"," 6","45079965","","0.1395","A"
"4","Trait5","pKWmEB","NsiI.TP619311"," 6","45081314","","0.4235","C"
"4","Trait5","pKWmEB","PstI.TP834476"," 6","45093123","","0.1722","A"
"4","Trait5","pKWmEB","PstI.TP29028"," 6","45093133","","0.1700","C"
"4","Trait5","pKWmEB","PstI.TP794793"," 6","45093426","","0.0291","A"
"4","Trait5","pKWmEB","NsiI.TP499208"," 6","45098054","","0.0178","C"
"4","Trait5","pKWmEB","PstI.TP1006958"," 6","45098773","","0.1124","C"
"4","Trait5","pKWmEB","NsiI.TP362418"," 6","45099381","","0.0053","A"
"4","Trait5","pKWmEB","PstI.TP1040714"," 6","45146697","","0.1794","C"
"4","Trait5","pKWmEB","PstI.TP43190"," 6","45153462","","0.4591","C"
"4","Trait5","pKWmEB","PstI.TP661829"," 6","45153734","","0.1190","A"
"4","Trait5","pKWmEB","PstI.TP747987"," 6","45163900","","0.6571","A"
"4","Trait5","pKWmEB","PstI.TP805477"," 6","45164041","","0.2415","A"
"4","Trait5","pKWmEB","NsiI.TP555417"," 6","45167930","","0.2552","C"
"4","Trait5","pKWmEB","PstI.TP850055"," 6","45243566","","0.4585","C"
"4","Trait5","pKWmEB","NsiI.TP622933"," 6","45274196","","0.0190","A"
"4","Trait5","pKWmEB","PstI.TP1043738"," 6","45290608","","0.0149","A"
"4","Trait5","pKWmEB","PstI.TP1047437"," 6","45290619","","0.9364","A"
"4","Trait5","pKWmEB","PstI.TP775205"," 6","45300652","","0.1860","A"
"4","Trait5","pKWmEB","PstI.TP516342"," 6","45321807","","0.0167","A"
"4","Trait5","pKWmEB","NsiI.TP241826"," 6","45324775","","1.4240","G"
"4","Trait5","pKWmEB","NsiI.TP414260"," 6","45325118","","0.1237","C"
"4","Trait5","pKWmEB","PstI.TP846649"," 6","45326059","","0.4181","C"
"4","Trait5","pKWmEB","NsiI.TP386800"," 6","45331665","","0.0742","C"
"4","Trait5","pKWmEB","PstI.TP210880"," 6","45332094","","0.9827","A"
"4","Trait5","pKWmEB","PstI.TP934265"," 6","45346802","","0.3938","A"
"4","Trait5","pKWmEB","PstI.TP239979"," 6","45365415","","0.1171","A"
"4","Trait5","pKWmEB","NsiI.TP770078"," 6","45371834","","0.1669","A"
"4","Trait5","pKWmEB","NsiI.TP820264"," 6","45410240","","0.2229","A"
"4","Trait5","pKWmEB","NsiI.TP351306"," 6","45410287","","0.0503","G"
"4","Trait5","pKWmEB","PstI.TP164417"," 6","45489615","","0.0612","A"
"4","Trait5","pKWmEB","PstI.TP683602"," 6","45501379","","0.2920","A"
"4","Trait5","pKWmEB","PstI.TP1054980"," 6","45502374","","0.1136","C"
"4","Trait5","pKWmEB","PstI.TP381935"," 6","45505493","","0.0602","A"
"4","Trait5","pKWmEB","PstI.TP998975"," 6","45505565","","0.8008","C"
"4","Trait5","pKWmEB","PstI.TP1139333"," 6","45513904","","0.0659","A"
"4","Trait5","pKWmEB","PstI.TP460975"," 6","45513961","","0.2519","C"
"4","Trait5","pKWmEB","PstI.TP598440"," 6","45513961","","1.1636","A"
"4","Trait5","pKWmEB","PstI.TP250739"," 6","45518943","","0.4144","A"
"4","Trait5","pKWmEB","NsiI.TP653790"," 6","45520213","","1.4158","C"
"4","Trait5","pKWmEB","PstI.TP727392"," 6","45571871","","0.4248","C"
"4","Trait5","pKWmEB","PstI.TP727393"," 6","45571927","","0.2046","A"
"4","Trait5","pKWmEB","NsiI.TP673740"," 6","45572194","","0.2968","C"
"4","Trait5","pKWmEB","NsiI.TP276243"," 6","45582124","","0.5271","C"
"4","Trait5","pKWmEB","NsiI.TP248936"," 6","45582428","","2.3021","C"
"4","Trait5","pKWmEB","PstI.TP1105986"," 6","45582438","","0.7041","C"
"4","Trait5","pKWmEB","NsiI.TP248704"," 6","45582438","","0.9136","A"
"4","Trait5","pKWmEB","PstI.TP455987"," 6","45591084","","0.6880","C"
"4","Trait5","pKWmEB","NsiI.TP319596"," 6","45608528","","0.1509","C"
"4","Trait5","pKWmEB","PstI.TP745785"," 6","45615805","","1.5341","C"
"4","Trait5","pKWmEB","PstI.TP494662"," 6","45633903","","0.2393","C"
"4","Trait5","pKWmEB","PstI.TP1078191"," 6","45638523","","1.8080","A"
"4","Trait5","pKWmEB","NsiI.TP572327"," 6","45639604","","0.3042","C"
"4","Trait5","pKWmEB","NsiI.TP614958"," 6","45639721","","0.6014","A"
"4","Trait5","pKWmEB","PstI.TP188432"," 6","45727130","","0.4422","A"
"4","Trait5","pKWmEB","PstI.TP1117462"," 6","45727155","","1.1562","A"
"4","Trait5","pKWmEB","PstI.TP1124121"," 6","45727170","","0.9767","A"
"4","Trait5","pKWmEB","NsiI.TP329595"," 6","45790815","","0.2308","A"
"4","Trait5","pKWmEB","PstI.TP180607"," 6","45798620","","0.6841","C"
"4","Trait5","pKWmEB","PstI.TP374430"," 6","45810654","","1.4101","A"
"4","Trait5","pKWmEB","NsiI.TP388746"," 6","45893518","","0.2787","A"
"4","Trait5","pKWmEB","NsiI.TP617213"," 6","45893583","","0.1548","C"
"4","Trait5","pKWmEB","PstI.TP710636"," 6","45894338","","2.7563","A"
"4","Trait5","pKWmEB","NsiI.TP552534"," 6","45903612","","0.0835","C"
"4","Trait5","pKWmEB","NsiI.TP496520"," 6","45938098","","0.9011","A"
"4","Trait5","pKWmEB","PstI.TP144479"," 6","45948462","","0.6873","A"
"4","Trait5","pKWmEB","PstI.TP843913"," 6","45984633","","0.2583","A"
"4","Trait5","pKWmEB","PstI.TP915189"," 6","45984834","","0.4590","G"
"4","Trait5","pKWmEB","NsiI.TP495914"," 6","46034504","","0.5427","A"
"4","Trait5","pKWmEB","NsiI.TP494122"," 6","46034520","","0.3802","C"
"4","Trait5","pKWmEB","PstI.TP608689"," 6","46036408","","0.1195","C"
"4","Trait5","pKWmEB","PstI.TP1063185"," 6","46041526","","0.1376","A"
"4","Trait5","pKWmEB","NsiI.TP766454"," 6","46052400","","0.0608","A"
"4","Trait5","pKWmEB","NsiI.TP451406"," 6","46074387","","0.4028","A"
"4","Trait5","pKWmEB","PstI.TP123221"," 6","46076756","","0.8385","C"
"4","Trait5","pKWmEB","PstI.TP1253114"," 6","46078619","","0.1704","C"
"4","Trait5","pKWmEB","NsiI.TP269608"," 6","46078712","","0.0066","A"
"4","Trait5","pKWmEB","NsiI.TP225262"," 6","46079426","","0.5221","C"
"4","Trait5","pKWmEB","PstI.TP1044360"," 6","46082788","","0.4684","C"
"4","Trait5","pKWmEB","PstI.TP35598"," 6","46082886","","0.0577","C"
"4","Trait5","pKWmEB","PstI.TP322890"," 6","46091816","","0.7451","A"
"4","Trait5","pKWmEB","NsiI.TP170020"," 6","46100038","","0.1041","A"
"4","Trait5","pKWmEB","NsiI.TP43031"," 6","46115038","","0.1285","C"
"4","Trait5","pKWmEB","NsiI.TP470523"," 6","46119639","","0.5562","A"
"4","Trait5","pKWmEB","NsiI.TP307556"," 6","46121681","","2.5711","G"
"4","Trait5","pKWmEB","PstI.TP480040"," 6","46122577","","0.0489","G"
"4","Trait5","pKWmEB","PstI.TP351899"," 6","46132630","","0.1448","A"
"4","Trait5","pKWmEB","PstI.TP783400"," 6","46199418","","0.7448","A"
"4","Trait5","pKWmEB","PstI.TP783398"," 6","46199419","","0.2446","A"
"4","Trait5","pKWmEB","NsiI.TP628976"," 6","46224819","","0.0227","C"
"4","Trait5","pKWmEB","NsiI.TP675623"," 6","46224826","","0.4169","C"
"4","Trait5","pKWmEB","PstI.TP426827"," 6","46225600","","0.6012","A"
"4","Trait5","pKWmEB","NsiI.TP482200"," 6","46227532","","0.4917","A"
"4","Trait5","pKWmEB","NsiI.TP244950"," 6","46228157","","1.9263","A"
"4","Trait5","pKWmEB","PstI.TP1071411"," 6","46252009","","0.3999","A"
"4","Trait5","pKWmEB","PstI.TP759023"," 6","46253378","","0.3086","C"
"4","Trait5","pKWmEB","PstI.TP222832"," 6","46262431","","0.1901","C"
"4","Trait5","pKWmEB","PstI.TP73194"," 6","46284417","","0.0911","A"
"4","Trait5","pKWmEB","PstI.TP1174523"," 6","46287096","","0.4753","A"
"4","Trait5","pKWmEB","NsiI.TP499326"," 6","46287409","","0.4925","G"
"4","Trait5","pKWmEB","PstI.TP138954"," 6","46290497","","0.8984","A"
"4","Trait5","pKWmEB","PstI.TP1184761"," 6","46290735","","0.2255","A"
"4","Trait5","pKWmEB","PstI.TP695626"," 6","46297528","","0.3934","C"
"4","Trait5","pKWmEB","PstI.TP695683"," 6","46297528","","0.3168","C"
"4","Trait5","pKWmEB","PstI.TP695764"," 6","46297528","","0.1647","C"
"4","Trait5","pKWmEB","PstI.TP695827"," 6","46297528","","0.4417","C"
"4","Trait5","pKWmEB","PstI.TP38210"," 6","46381031","","0.0373","A"
"4","Trait5","pKWmEB","PstI.TP349853"," 6","46386872","","0.1071","C"
"4","Trait5","pKWmEB","NsiI.TP687447"," 6","46493677","","0.0529","C"
"4","Trait5","pKWmEB","PstI.TP542446"," 6","46569308","","0.0850","C"
"4","Trait5","pKWmEB","PstI.TP683021"," 6","46570220","","0.4301","A"
"4","Trait5","pKWmEB","PstI.TP682615"," 6","46570239","","0.7778","G"
"4","Trait5","pKWmEB","GFSSContig12466_180"," 6","46574607","","0.3688","A"
"4","Trait5","pKWmEB","PstI.TP121274"," 6","46658492","","0.0737","A"
"4","Trait5","pKWmEB","NsiI.TP554617"," 6","46665120","","0.4882","C"
"4","Trait5","pKWmEB","NsiI.TP678474"," 6","46665378","","0.1547","A"
"4","Trait5","pKWmEB","PstI.TP422864"," 6","46696012","","0.3926","A"
"4","Trait5","pKWmEB","NsiI.TP521763"," 6","46713176","","0.5292","A"
"4","Trait5","pKWmEB","PstI.TP696873"," 6","46715953","","1.2230","C"
"4","Trait5","pKWmEB","PstI.TP701431"," 6","46722672","","0.7942","A"
"4","Trait5","pKWmEB","PstI.TP1125803"," 6","46724112","","0.4646","A"
"4","Trait5","pKWmEB","PstI.TP374046"," 6","46772955","","1.4895","C"
"4","Trait5","pKWmEB","NsiI.TP347965"," 6","46789066","","0.0761","A"
"4","Trait5","pKWmEB","NsiI.TP433944"," 6","46797642","","0.2848","A"
"4","Trait5","pKWmEB","PstI.TP169008"," 6","47055626","","1.1906","A"
"4","Trait5","pKWmEB","PstI.TP748847"," 6","47055676","","0.0831","A"
"4","Trait5","pKWmEB","PstI.TP224908"," 6","47071016","","0.0976","C"
"4","Trait5","pKWmEB","PstI.TP408422"," 6","47145859","","0.4291","A"
"4","Trait5","pKWmEB","PstI.TP630858"," 6","47185090","","0.0446","G"
"4","Trait5","pKWmEB","PstI.TP110885"," 6","47190301","","0.2127","A"
"4","Trait5","pKWmEB","PstI.TP365389"," 6","47206060","","0.1977","C"
"4","Trait5","pKWmEB","PstI.TP981594"," 6","47209307","","0.6361","A"
"4","Trait5","pKWmEB","NsiI.TP429998"," 6","47210707","","1.3653","A"
"4","Trait5","pKWmEB","PstI.TP102454"," 6","47217913","","0.0049","A"
"4","Trait5","pKWmEB","PstI.TP1225039"," 6","47233454","","0.6071","G"
"4","Trait5","pKWmEB","NsiI.TP235676"," 6","47234083","","0.0019","C"
"4","Trait5","pKWmEB","PstI.TP1226052"," 6","47253762","","1.0131","A"
"4","Trait5","pKWmEB","NsiI.TP310382"," 6","47272723","","0.0129","A"
"4","Trait5","pKWmEB","NsiI.TP598187"," 6","47279597","","0.4906","A"
"4","Trait5","pKWmEB","NsiI.TP598191"," 6","47279604","","0.2293","A"
"4","Trait5","pKWmEB","PstI.TP736646"," 6","47305818","","0.6768","A"
"4","Trait5","pKWmEB","GFSSContig17884_1449"," 6","47319820","","0.6288","T"
"4","Trait5","pKWmEB","PstI.TP1090311"," 6","47330022","","0.1746","C"
"4","Trait5","pKWmEB","PstI.TP1146572"," 6","47403273","","0.0047","A"
"4","Trait5","pKWmEB","NsiI.TP762010"," 6","47409491","","0.1762","G"
"4","Trait5","pKWmEB","NsiI.TP392794"," 6","47420347","","0.5860","C"
"4","Trait5","pKWmEB","GFSSContig7101_918"," 6","47443303","","0.3926","C"
"4","Trait5","pKWmEB","NsiI.TP290715"," 6","47443303","","0.2173","C"
"4","Trait5","pKWmEB","NsiI.TP679068"," 6","47443420","","0.5904","C"
"4","Trait5","pKWmEB","NsiI.TP456539"," 6","47477262","","0.0669","C"
"4","Trait5","pKWmEB","NsiI.TP503516"," 6","47512324","","0.1002","C"
"4","Trait5","pKWmEB","NsiI.TP633622"," 6","47535070","","0.0129","G"
"4","Trait5","pKWmEB","NsiI.TP724112"," 6","47535361","","0.1361","A"
"4","Trait5","pKWmEB","NsiI.TP389836"," 6","47537718","","0.6226","A"
"4","Trait5","pKWmEB","PstI.TP469469"," 6","47572273","","0.2038","G"
"4","Trait5","pKWmEB","PstI.TP827726"," 6","47573240","","0.3504","A"
"4","Trait5","pKWmEB","PstI.TP487745"," 6","47618306","","0.0262","A"
"4","Trait5","pKWmEB","PstI.TP1076182"," 6","47618418","","0.1954","A"
"4","Trait5","pKWmEB","NsiI.TP274765"," 6","47625849","","0.3624","A"
"4","Trait5","pKWmEB","PstI.TP137334"," 6","47640488","","0.0788","G"
"4","Trait5","pKWmEB","PstI.TP310237"," 6","47646564","","0.2827","A"
"4","Trait5","pKWmEB","NsiI.TP805914"," 6","47675176","","0.3525","A"
"4","Trait5","pKWmEB","PstI.TP716101"," 6","47677795","","0.0517","A"
"4","Trait5","pKWmEB","PstI.TP842014"," 6","47677920","","0.0519","A"
"4","Trait5","pKWmEB","PstI.TP1177670"," 6","47695859","","0.1474","A"
"4","Trait5","pKWmEB","PstI.TP803468"," 6","47699983","","0.0359","A"
"4","Trait5","pKWmEB","NsiI.TP632480"," 6","47707162","","0.9953","C"
"4","Trait5","pKWmEB","PstI.TP11764"," 6","47759215","","0.0656","C"
"4","Trait5","pKWmEB","PstI.TP1095833"," 6","47759295","","0.5407","C"
"4","Trait5","pKWmEB","PstI.TP1094542"," 6","47759301","","0.0871","A"
"4","Trait5","pKWmEB","NsiI.TP382122"," 6","47785906","","0.1720","C"
"4","Trait5","pKWmEB","NsiI.TP390846"," 6","47791638","","2.0615","G"
"4","Trait5","pKWmEB","PstI.TP580644"," 6","47793342","","0.0399","C"
"4","Trait5","pKWmEB","PstI.TP41761"," 6","47799081","","2.3381","A"
"4","Trait5","pKWmEB","PstI.TP226392"," 6","47819825","","0.1017","C"
"4","Trait5","pKWmEB","NsiI.TP219141"," 6","47825491","","0.3235","A"
"4","Trait5","pKWmEB","GFSSContig12235_573"," 6","47836830","","0.1546","A"
"4","Trait5","pKWmEB","PstI.TP12746"," 6","47840509","","0.1641","C"
"4","Trait5","pKWmEB","NsiI.TP187013"," 6","47846843","","0.0632","A"
"4","Trait5","pKWmEB","PstI.TP1126445"," 6","47892176","","1.5864","A"
"4","Trait5","pKWmEB","PstI.TP570060"," 6","47899753","","1.4676","C"
"4","Trait5","pKWmEB","NsiI.TP34193"," 6","47900218","","1.1863","A"
"4","Trait5","pKWmEB","PstI.TP148994"," 6","47930110","","0.1469","A"
"4","Trait5","pKWmEB","PstI.TP419608"," 6","47935167","","0.0461","G"
"4","Trait5","pKWmEB","NsiI.TP416783"," 6","47943271","","0.0690","A"
"4","Trait5","pKWmEB","NsiI.TP26791"," 6","47946418","","0.2966","C"
"4","Trait5","pKWmEB","PstI.TP250434"," 6","47959136","","0.6043","A"
"4","Trait5","pKWmEB","NsiI.TP128585"," 6","47959263","","0.3790","G"
"4","Trait5","pKWmEB","PstI.TP353735"," 6","47966962","","0.1867","A"
"4","Trait5","pKWmEB","PstI.TP54654"," 6","47981828","","1.1576","A"
"4","Trait5","pKWmEB","PstI.TP813929"," 6","48009958","","0.1195","A"
"4","Trait5","pKWmEB","NsiI.TP509686"," 6","48033398","","0.0490","A"
"4","Trait5","pKWmEB","PstI.TP1166917"," 6","48079196","","0.0433","A"
"4","Trait5","pKWmEB","NsiI.TP741553"," 6","48088743","","0.6651","C"
"4","Trait5","pKWmEB","PstI.TP710752"," 6","48096840","","0.1007","C"
"4","Trait5","pKWmEB","PstI.TP605148"," 6","48096901","","0.0301","A"
"4","Trait5","pKWmEB","PstI.TP118810"," 6","48110626","","0.4451","A"
"4","Trait5","pKWmEB","NsiI.TP191874"," 6","48111112","","1.6593","A"
"4","Trait5","pKWmEB","PstI.TP833099"," 6","48119831","","0.4627","C"
"4","Trait5","pKWmEB","PstI.TP998144"," 6","48121588","","0.0022","C"
"4","Trait5","pKWmEB","NsiI.TP538662"," 6","48159780","","0.0606","C"
"4","Trait5","pKWmEB","PstI.TP41092"," 6","48167163","","0.0415","C"
"4","Trait5","pKWmEB","PstI.TP244881"," 6","48168019","","0.0548","A"
"4","Trait5","pKWmEB","NsiI.TP26838"," 6","48172496","","0.0260","A"
"4","Trait5","pKWmEB","PstI.TP330321"," 6","48212587","","1.2341","A"
"4","Trait5","pKWmEB","PstI.TP330320"," 6","48212606","","0.3379","C"
"4","Trait5","pKWmEB","PstI.TP127421"," 6","48212669","","0.5669","A"
"4","Trait5","pKWmEB","PstI.TP795263"," 6","48216537","","0.8732","A"
"4","Trait5","pKWmEB","PstI.TP1259857"," 6","48220858","","0.1323","A"
"4","Trait5","pKWmEB","NsiI.TP528315"," 6","48230740","","0.5277","C"
"4","Trait5","pKWmEB","NsiI.TP156527"," 6","48231181","","0.5661","A"
"4","Trait5","pKWmEB","NsiI.TP417213"," 6","48238069","","0.6355","C"
"4","Trait5","pKWmEB","PstI.TP1087314"," 6","48240132","","1.4293","C"
"4","Trait5","pKWmEB","PstI.TP1188398"," 6","48246652","","0.7372","A"
"4","Trait5","pKWmEB","GFSSContig16289_1017"," 6","48251524","","0.1713","A"
"4","Trait5","pKWmEB","GFSSContig7649_1236"," 6","48289335","","0.5561","A"
"4","Trait5","pKWmEB","PstI.TP1046125"," 6","48289644","","0.1804","C"
"4","Trait5","pKWmEB","PstI.TP1251851"," 6","48290909","","1.4006","C"
"4","Trait5","pKWmEB","NsiI.TP726616"," 6","48292469","","1.3843","C"
"4","Trait5","pKWmEB","PstI.TP62392"," 6","48319900","","0.7045","A"
"4","Trait5","pKWmEB","PstI.TP1135019"," 6","48321116","","0.1998","A"
"4","Trait5","pKWmEB","PstI.TP67032"," 6","48324940","","0.3660","A"
"4","Trait5","pKWmEB","PstI.TP1095585"," 6","48333230","","1.0439","A"
"4","Trait5","pKWmEB","PstI.TP126989"," 6","48333549","","0.0642","A"
"4","Trait5","pKWmEB","PstI.TP13077"," 6","48336818","","0.1206","C"
"4","Trait5","pKWmEB","PstI.TP1063866"," 6","48356544","","0.1472","A"
"4","Trait5","pKWmEB","PstI.TP806114"," 6","48361852","","0.1491","A"
"4","Trait5","pKWmEB","PstI.TP303544"," 6","48368263","","0.1791","C"
"4","Trait5","pKWmEB","PstI.TP988157"," 6","48368305","","0.6000","A"
"4","Trait5","pKWmEB","PstI.TP698304"," 6","48379168","","0.0865","A"
"4","Trait5","pKWmEB","PstI.TP356132"," 6","48384374","","1.9759","C"
"4","Trait5","pKWmEB","NsiI.TP444122"," 6","48384897","","0.3214","A"
"4","Trait5","pKWmEB","PstI.TP1128911"," 6","48388936","","0.3483","A"
"4","Trait5","pKWmEB","PstI.TP884055"," 6","48400058","","0.0813","C"
"4","Trait5","pKWmEB","PstI.TP925452"," 6","48400679","","0.0441","A"
"4","Trait5","pKWmEB","PstI.TP791620"," 6","48400730","","0.6572","A"
"4","Trait5","pKWmEB","PstI.TP1293632"," 6","48402986","","0.3064","G"
"4","Trait5","pKWmEB","PstI.TP490849"," 6","48413744","","0.0118","A"
"4","Trait5","pKWmEB","PstI.TP14152"," 6","48432787","","0.0934","A"
"4","Trait5","pKWmEB","PstI.TP14186"," 6","48432827","","0.2298","A"
"4","Trait5","pKWmEB","PstI.TP131423"," 6","48432895","","0.4616","A"
"4","Trait5","pKWmEB","NsiI.TP40837"," 6","48435571","","0.0158","C"
"4","Trait5","pKWmEB","NsiI.TP440756"," 6","48438007","","0.4342","C"
"4","Trait5","pKWmEB","PstI.TP824467"," 6","48440964","","0.2800","C"
"4","Trait5","pKWmEB","NsiI.TP684430"," 6","48443160","","0.3746","C"
"4","Trait5","pKWmEB","PstI.TP268859"," 6","48450824","","0.1506","C"
"4","Trait5","pKWmEB","PstI.TP105079"," 6","48450884","","1.0755","G"
"4","Trait5","pKWmEB","PstI.TP357318"," 6","48450955","","0.5483","C"
"4","Trait5","pKWmEB","PstI.TP1266869"," 6","48545495","","0.2613","G"
"4","Trait5","pKWmEB","PstI.TP209932"," 6","48547587","","0.0790","G"
"4","Trait5","pKWmEB","PstI.TP858165"," 6","48555209","","0.7174","G"
"4","Trait5","pKWmEB","NsiI.TP721918"," 6","48593469","","0.1788","A"
"4","Trait5","pKWmEB","PstI.TP33120"," 6","48595912","","1.1227","C"
"4","Trait5","pKWmEB","NsiI.TP631902"," 6","48612935","","0.6556","A"
"4","Trait5","pKWmEB","PstI.TP203950"," 6","48616479","","0.0040","C"
"4","Trait5","pKWmEB","PstI.TP361031"," 6","48622395","","0.0307","A"
"4","Trait5","pKWmEB","PstI.TP87284"," 6","48635604","","0.1469","C"
"4","Trait5","pKWmEB","GFSSContig1840_351"," 6","48669653","","0.0188","A"
"4","Trait5","pKWmEB","PstI.TP228477"," 6","48681172","","1.9788","A"
"4","Trait5","pKWmEB","PstI.TP803512"," 6","48683384","","0.4151","C"
"4","Trait5","pKWmEB","PstI.TP1261486"," 6","48690084","","0.2970","A"
"4","Trait5","pKWmEB","PstI.TP235002"," 6","48701905","","0.0579","A"
"4","Trait5","pKWmEB","PstI.TP801278"," 6","48713165","","0.1484","A"
"4","Trait5","pKWmEB","PstI.TP153865"," 6","48713292","","0.7757","C"
"4","Trait5","pKWmEB","PstI.TP108648"," 6","48723726","","0.7803","A"
"4","Trait5","pKWmEB","PstI.TP82465"," 6","48731934","","0.4354","C"
"4","Trait5","pKWmEB","PstI.TP428451"," 6","48787560","","0.2912","C"
"4","Trait5","pKWmEB","PstI.TP1010083"," 6","48787600","","0.2682","C"
"4","Trait5","pKWmEB","NsiI.TP83928"," 6","48792860","","0.3587","G"
"4","Trait5","pKWmEB","NsiI.TP807800"," 6","48855197","","0.2746","A"
"4","Trait5","pKWmEB","PstI.TP1120157"," 6","48858471","","0.5981","C"
"4","Trait5","pKWmEB","PstI.TP640585"," 6","48873899","","0.2694","A"
"4","Trait5","pKWmEB","PstI.TP778519"," 6","48881133","","0.2302","C"
"4","Trait5","pKWmEB","NsiI.TP474338"," 6","48893680","","0.5925","A"
"4","Trait5","pKWmEB","PstI.TP307611"," 6","48920516","","0.5378","A"
"4","Trait5","pKWmEB","PstI.TP250900"," 6","48938060","","0.0885","C"
"4","Trait5","pKWmEB","NsiI.TP350174"," 6","49012190","","0.0658","C"
"4","Trait5","pKWmEB","NsiI.TP134220"," 6","49012829","","1.4465","A"
"4","Trait5","pKWmEB","PstI.TP938333"," 6","49024208","","0.1084","A"
"4","Trait5","pKWmEB","PstI.TP348037"," 6","49036917","","0.9023","A"
"4","Trait5","pKWmEB","GFSSContig13754_1668"," 6","49038043","","0.0861","A"
"4","Trait5","pKWmEB","NsiI.TP530842"," 6","49049039","","0.6797","A"
"4","Trait5","pKWmEB","PstI.TP781433"," 6","49076529","","1.3617","A"
"4","Trait5","pKWmEB","NsiI.TP82718"," 6","49084359","","0.0759","G"
"4","Trait5","pKWmEB","PstI.TP309985"," 6","49088053","","0.1032","A"
"4","Trait5","pKWmEB","PstI.TP1260252"," 6","49157741","","0.7501","A"
"4","Trait5","pKWmEB","PstI.TP884728"," 6","49181624","","0.3243","A"
"4","Trait5","pKWmEB","PstI.TP576587"," 6","49188679","","0.2906","A"
"4","Trait5","pKWmEB","PstI.TP427397"," 6","49196509","","0.4057","A"
"4","Trait5","pKWmEB","PstI.TP194136"," 6","49203102","","0.0417","A"
"4","Trait5","pKWmEB","PstI.TP1194753"," 6","49206882","","0.0242","A"
"4","Trait5","pKWmEB","NsiI.TP617325"," 6","49219174","","0.0576","A"
"4","Trait5","pKWmEB","NsiI.TP216098"," 6","49221683","","0.5557","A"
"4","Trait5","pKWmEB","PstI.TP815225"," 6","49235314","","0.1067","C"
"4","Trait5","pKWmEB","PstI.TP815226"," 6","49235315","","0.4535","A"
"4","Trait5","pKWmEB","PstI.TP613165"," 6","49235513","","0.3375","C"
"4","Trait5","pKWmEB","PstI.TP240199"," 6","49236042","","0.1610","A"
"4","Trait5","pKWmEB","PstI.TP163721"," 6","49248981","","0.3151","A"
"4","Trait5","pKWmEB","PstI.TP907937"," 6","49284562","","0.3114","C"
"4","Trait5","pKWmEB","NsiI.TP452437"," 6","49292672","","0.0012","C"
"4","Trait5","pKWmEB","NsiI.TP493791"," 6","49296317","","0.4570","A"
"4","Trait5","pKWmEB","NsiI.TP534214"," 6","49318521","","1.5284","C"
"4","Trait5","pKWmEB","NsiI.TP534213"," 6","49318555","","0.9397","C"
"4","Trait5","pKWmEB","NsiI.TP145909"," 6","49335335","","0.1068","C"
"4","Trait5","pKWmEB","PstI.TP212596"," 6","49341140","","0.3075","A"
"4","Trait5","pKWmEB","PstI.TP744800"," 6","49370163","","0.4246","A"
"4","Trait5","pKWmEB","PstI.TP174313"," 6","49371036","","0.0187","G"
"4","Trait5","pKWmEB","PstI.TP1152159"," 6","49371422","","0.5254","A"
"4","Trait5","pKWmEB","NsiI.TP514160"," 6","49377118","","0.3727","A"
"4","Trait5","pKWmEB","PstI.TP1081498"," 6","49383762","","1.0300","A"
"4","Trait5","pKWmEB","PstI.TP438105"," 6","49383809","","0.6604","C"
"4","Trait5","pKWmEB","PstI.TP903994"," 6","49388451","","0.9443","A"
"4","Trait5","pKWmEB","PstI.TP840679"," 6","49388605","","3.3242","A"
"4","Trait5","pKWmEB","PstI.TP1090948"," 6","49395206","","0.3402","A"
"4","Trait5","pKWmEB","NsiI.TP594466"," 6","49428638","","0.0716","C"
"4","Trait5","pKWmEB","PstI.TP1167987"," 6","49444643","","0.8915","C"
"4","Trait5","pKWmEB","PstI.TP316612"," 6","49448168","","0.1205","C"
"4","Trait5","pKWmEB","PstI.TP850689"," 6","49449385","","0.0994","C"
"4","Trait5","pKWmEB","PstI.TP143262"," 6","49459934","","0.2743","C"
"4","Trait5","pKWmEB","PstI.TP922341"," 6","49462238","","0.3156","C"
"4","Trait5","pKWmEB","PstI.TP1112974"," 6","49485124","","0.2240","A"
"4","Trait5","pKWmEB","NsiI.TP16989"," 6","49503966","","0.8991","A"
"4","Trait5","pKWmEB","NsiI.TP57283"," 6","49505312","","1.4121","C"
"4","Trait5","pKWmEB","NsiI.TP225772"," 6","49546988","","1.0303","C"
"4","Trait5","pKWmEB","NsiI.TP674468"," 6","49590276","","0.1280","G"
"4","Trait5","pKWmEB","PstI.TP106960"," 6","49595187","","0.1236","A"
"4","Trait5","pKWmEB","NsiI.TP559019"," 6","49621651","","0.0393","A"
"4","Trait5","pKWmEB","NsiI.TP673519"," 6","49637725","","0.4688","C"
"4","Trait5","pKWmEB","PstI.TP597642"," 6","49643334","","1.1605","C"
"4","Trait5","pKWmEB","PstI.TP256859"," 6","49643801","","0.5182","C"
"4","Trait5","pKWmEB","PstI.TP256850"," 6","49643828","","0.2267","C"
"4","Trait5","pKWmEB","PstI.TP597663"," 6","49655494","","0.2866","C"
"4","Trait5","pKWmEB","PstI.TP382640"," 6","49658306","","1.9495","C"
"4","Trait5","pKWmEB","PstI.TP142101"," 6","49660572","","0.4958","C"
"4","Trait5","pKWmEB","NsiI.TP205550"," 6","49661014","","0.4695","C"
"4","Trait5","pKWmEB","PstI.TP329852"," 6","49681600","","0.8842","A"
"4","Trait5","pKWmEB","PstI.TP1101404"," 6","49695019","","0.2101","A"
"4","Trait5","pKWmEB","NsiI.TP222447"," 6","49698622","","0.3681","A"
"4","Trait5","pKWmEB","NsiI.TP304563"," 6","49699007","","1.5054","A"
"4","Trait5","pKWmEB","PstI.TP137972"," 6","49743515","","0.7015","A"
"4","Trait5","pKWmEB","NsiI.TP637438"," 6","49745214","","0.0398","C"
"4","Trait5","pKWmEB","PstI.TP1018061"," 6","49747202","","0.2410","C"
"4","Trait5","pKWmEB","PstI.TP1082646"," 6","49755942","","0.2317","G"
"4","Trait5","pKWmEB","PstI.TP1009267"," 6","49760525","","0.2766","A"
"4","Trait5","pKWmEB","PstI.TP998753"," 6","49762735","","0.4789","A"
"4","Trait5","pKWmEB","PstI.TP463777"," 6","49764132","","0.4220","C"
"4","Trait5","pKWmEB","NsiI.TP11860"," 6","49777378","","1.8310","C"
"4","Trait5","pKWmEB","GFSSContig14725_908"," 6","49803002","","1.1417","A"
"4","Trait5","pKWmEB","NsiI.TP823356"," 6","49820945","","0.3085","C"
"4","Trait5","pKWmEB","PstI.TP1099047"," 6","49825270","","0.3041","A"
"4","Trait5","pKWmEB","PstI.TP1045605"," 6","49825862","","1.1802","G"
"4","Trait5","pKWmEB","NsiI.TP367670"," 6","49828546","","0.0608","A"
"4","Trait5","pKWmEB","PstI.TP855227"," 6","49887106","","0.1499","A"
"4","Trait5","pKWmEB","PstI.TP133210"," 6","49890952","","0.0292","A"
"4","Trait5","pKWmEB","PstI.TP1175455"," 6","49891048","","0.9784","A"
"4","Trait5","pKWmEB","PstI.TP1204977"," 6","49891240","","0.2090","A"
"4","Trait5","pKWmEB","PstI.TP1204980"," 6","49891266","","0.0398","A"
"4","Trait5","pKWmEB","GFSSContig12810_225"," 6","49893447","","0.3884","A"
"4","Trait5","pKWmEB","GFSSContig17265_1038"," 6","49927748","","1.5896","A"
"4","Trait5","pKWmEB","GFSSContig17265_575"," 6","49928199","","1.9311","T"
"4","Trait5","pKWmEB","NsiI.TP116399"," 6","49944745","","0.0915","C"
"4","Trait5","pKWmEB","PstI.TP509524"," 6","49949448","","1.6356","A"
"4","Trait5","pKWmEB","PstI.TP515276"," 6","49967030","","0.8576","A"
"4","Trait5","pKWmEB","PstI.TP403345"," 6","50006396","","0.3562","A"
"4","Trait5","pKWmEB","NsiI.TP774672"," 6","50023938","","0.8352","A"
"4","Trait5","pKWmEB","PstI.TP684314"," 6","50024425","","0.2698","A"
"4","Trait5","pKWmEB","NsiI.TP212183"," 6","50043944","","1.0216","G"
"4","Trait5","pKWmEB","GFk40ctg9752_150"," 6","50048605","","0.2919","A"
"4","Trait5","pKWmEB","PstI.TP836386"," 6","50063933","","0.0773","A"
"4","Trait5","pKWmEB","NsiI.TP634450"," 6","50065596","","0.1671","A"
"4","Trait5","pKWmEB","PstI.TP1149860"," 6","50090646","","0.8114","C"
"4","Trait5","pKWmEB","PstI.TP840974"," 6","50101488","","1.3476","G"
"4","Trait5","pKWmEB","PstI.TP279803"," 6","50110990","","0.1198","A"
"4","Trait5","pKWmEB","PstI.TP1053929"," 6","50130625","","0.3449","A"
"4","Trait5","pKWmEB","PstI.TP814438"," 6","50194797","","0.9338","C"
"4","Trait5","pKWmEB","PstI.TP941941"," 6","50199458","","1.6797","C"
"4","Trait5","pKWmEB","PstI.TP805323"," 6","50210059","","0.5319","A"
"4","Trait5","pKWmEB","NsiI.TP780170"," 6","50211929","","0.0557","C"
"4","Trait5","pKWmEB","NsiI.TP225346"," 6","50229745","","0.0761","C"
"4","Trait5","pKWmEB","NsiI.TP234967"," 6","50238765","","0.1068","C"
"4","Trait5","pKWmEB","PstI.TP1168321"," 6","50245555","","0.5070","G"
"4","Trait5","pKWmEB","PstI.TP853186"," 6","50263119","","0.3869","A"
"4","Trait5","pKWmEB","PstI.TP681148"," 6","50286389","","0.2515","A"
"4","Trait5","pKWmEB","PstI.TP903006"," 6","50304141","","0.0579","A"
"4","Trait5","pKWmEB","PstI.TP1015112"," 6","50304186","","0.1516","C"
"4","Trait5","pKWmEB","PstI.TP1015113"," 6","50304233","","0.0661","A"
"4","Trait5","pKWmEB","NsiI.TP488730"," 6","50310213","","1.6635","C"
"4","Trait5","pKWmEB","NsiI.TP592655"," 6","50333660","","0.4680","A"
"4","Trait5","pKWmEB","PstI.TP623560"," 6","50333858","","0.0159","C"
"4","Trait5","pKWmEB","NsiI.TP430226"," 6","50355502","","1.8460","A"
"4","Trait5","pKWmEB","NsiI.TP810122"," 6","50355604","","0.2056","A"
"4","Trait5","pKWmEB","PstI.TP595889"," 6","50364549","","0.1484","C"
"4","Trait5","pKWmEB","NsiI.TP395591"," 6","50382392","","0.2034","C"
"4","Trait5","pKWmEB","PstI.TP1034808"," 6","50384753","","0.8311","A"
"4","Trait5","pKWmEB","PstI.TP665684"," 6","50394914","","0.0955","C"
"4","Trait5","pKWmEB","PstI.TP691281"," 6","50395718","","0.1311","C"
"4","Trait5","pKWmEB","NsiI.TP193365"," 6","50405862","","0.2449","C"
"4","Trait5","pKWmEB","PstI.TP985993"," 6","50461167","","1.0747","C"
"4","Trait5","pKWmEB","NsiI.TP225768"," 6","50462978","","0.3622","A"
"4","Trait5","pKWmEB","NsiI.TP226390"," 6","50462978","","0.6725","A"
"4","Trait5","pKWmEB","PstI.TP782250"," 6","50471615","","0.8870","A"
"4","Trait5","pKWmEB","PstI.TP526422"," 6","50557773","","0.0710","A"
"4","Trait5","pKWmEB","PstI.TP383692"," 6","50563048","","0.0239","A"
"4","Trait5","pKWmEB","PstI.TP114829"," 6","50569784","","0.7454","G"
"4","Trait5","pKWmEB","PstI.TP949988"," 6","50576836","","0.9111","C"
"4","Trait5","pKWmEB","PstI.TP18079"," 6","50586809","","0.1276","G"
"4","Trait5","pKWmEB","PstI.TP1227925"," 6","50604731","","0.2504","A"
"4","Trait5","pKWmEB","PstI.TP1249751"," 6","50605938","","0.4622","C"
"4","Trait5","pKWmEB","PstI.TP88913"," 6","50606419","","1.0971","A"
"4","Trait5","pKWmEB","PstI.TP746780"," 6","50607025","","0.5253","C"
"4","Trait5","pKWmEB","NsiI.TP751024"," 6","50620696","","0.3825","C"
"4","Trait5","pKWmEB","NsiI.TP248222"," 6","50636931","","0.1443","A"
"4","Trait5","pKWmEB","PstI.TP1041731"," 6","50651771","","0.9060","C"
"4","Trait5","pKWmEB","PstI.TP1225118"," 6","50659454","","0.1191","C"
"4","Trait5","pKWmEB","NsiI.TP343501"," 6","50674685","","0.1672","A"
"4","Trait5","pKWmEB","PstI.TP1187427"," 6","50717397","","0.2540","A"
"4","Trait5","pKWmEB","PstI.TP842596"," 6","50718992","","0.0687","A"
"4","Trait5","pKWmEB","PstI.TP1153555"," 6","50719036","","0.1954","A"
"4","Trait5","pKWmEB","NsiI.TP731603"," 6","50725152","","0.2778","A"
"4","Trait5","pKWmEB","PstI.TP991419"," 6","50741907","","0.3532","C"
"4","Trait5","pKWmEB","PstI.TP246520"," 6","50756101","","0.2934","C"
"4","Trait5","pKWmEB","PstI.TP246519"," 6","50756116","","0.0948","G"
"4","Trait5","pKWmEB","NsiI.TP679263"," 6","50786122","","0.3384","A"
"4","Trait5","pKWmEB","NsiI.TP731345"," 6","50796587","","0.0751","C"
"4","Trait5","pKWmEB","PstI.TP258461"," 6","50806018","","0.3405","A"
"4","Trait5","pKWmEB","NsiI.TP338802"," 6","50829506","","1.0873","A"
"4","Trait5","pKWmEB","NsiI.TP726637"," 6","50830512","","0.4928","A"
"4","Trait5","pKWmEB","PstI.TP879271"," 6","50839476","","0.2493","G"
"4","Trait5","pKWmEB","NsiI.TP713936"," 6","50840708","","0.1658","C"
"4","Trait5","pKWmEB","NsiI.TP14721"," 6","50852353","","0.0153","A"
"4","Trait5","pKWmEB","PstI.TP366965"," 6","50852622","","0.3035","A"
"4","Trait5","pKWmEB","PstI.TP469702"," 6","50857851","","0.6165","A"
"4","Trait5","pKWmEB","PstI.TP25770"," 6","50857912","","0.0129","A"
"4","Trait5","pKWmEB","NsiI.TP316955"," 6","50868928","","0.3726","A"
"4","Trait5","pKWmEB","PstI.TP892524"," 6","50881643","","0.8441","G"
"4","Trait5","pKWmEB","PstI.TP126255"," 6","50898138","","0.4268","C"
"4","Trait5","pKWmEB","PstI.TP1270543"," 6","50902738","","0.7246","A"
"4","Trait5","pKWmEB","NsiI.TP55728"," 6","50916115","","0.8562","A"
"4","Trait5","pKWmEB","PstI.TP307695"," 6","50924396","","0.3707","A"
"4","Trait5","pKWmEB","NsiI.TP633969"," 6","50924460","","0.0074","C"
"4","Trait5","pKWmEB","PstI.TP443768"," 6","50933118","","0.2807","C"
"4","Trait5","pKWmEB","PstI.TP312541"," 6","50942101","","0.4084","A"
"4","Trait5","pKWmEB","PstI.TP1238303"," 6","50987036","","0.2281","A"
"4","Trait5","pKWmEB","PstI.TP1068503"," 6","51040875","","0.1507","C"
"4","Trait5","pKWmEB","PstI.TP681191"," 6","51040947","","1.2240","C"
"4","Trait5","pKWmEB","PstI.TP440018"," 6","51066310","","0.7583","A"
"4","Trait5","pKWmEB","PstI.TP714411"," 6","51076791","","0.1709","C"
"4","Trait5","pKWmEB","NsiI.TP219814"," 6","51089072","","0.4549","C"
"4","Trait5","pKWmEB","NsiI.TP340582"," 6","51089131","","0.2910","C"
"4","Trait5","pKWmEB","PstI.TP71730"," 6","51102537","","0.3271","C"
"4","Trait5","pKWmEB","PstI.TP1003821"," 6","51107432","","0.1301","G"
"4","Trait5","pKWmEB","PstI.TP1199415"," 6","51107457","","0.5797","A"
"4","Trait5","pKWmEB","PstI.TP836136"," 6","51107618","","0.8023","A"
"4","Trait5","pKWmEB","PstI.TP850973"," 6","51109376","","0.8613","C"
"4","Trait5","pKWmEB","NsiI.TP13523"," 6","51113711","","1.8961","G"
"4","Trait5","pKWmEB","NsiI.TP819237"," 6","51119337","","0.9872","G"
"4","Trait5","pKWmEB","NsiI.TP592440"," 6","51119810","","0.2546","A"
"4","Trait5","pKWmEB","PstI.TP55941"," 6","51146867","","0.4130","C"
"4","Trait5","pKWmEB","PstI.TP480160"," 6","51153057","","0.2728","A"
"4","Trait5","pKWmEB","PstI.TP1064193"," 6","51162364","","0.0523","A"
"4","Trait5","pKWmEB","NsiI.TP460532"," 6","51172499","","0.6165","A"
"4","Trait5","pKWmEB","PstI.TP347563"," 6","51192256","","0.3972","C"
"4","Trait5","pKWmEB","PstI.TP404885"," 6","51199851","","0.2561","A"
"4","Trait5","pKWmEB","PstI.TP163135"," 6","51199921","","0.6329","A"
"4","Trait5","pKWmEB","NsiI.TP433903"," 6","51207945","","0.6433","C"
"4","Trait5","pKWmEB","NsiI.TP475060"," 6","51218869","","0.0137","A"
"4","Trait5","pKWmEB","PstI.TP820982"," 6","51231752","","0.5161","C"
"4","Trait5","pKWmEB","PstI.TP20137"," 6","51236802","","0.8783","C"
"4","Trait5","pKWmEB","PstI.TP475426"," 6","51284047","","0.0790","A"
"4","Trait5","pKWmEB","PstI.TP993917"," 6","51291746","","0.1559","A"
"4","Trait5","pKWmEB","NsiI.TP48582"," 6","51307361","","0.1113","A"
"4","Trait5","pKWmEB","NsiI.TP672241"," 6","51315716","","0.1950","C"
"4","Trait5","pKWmEB","PstI.TP649912"," 6","51348089","","0.3033","A"
"4","Trait5","pKWmEB","PstI.TP1193354"," 6","51349381","","0.6840","C"
"4","Trait5","pKWmEB","PstI.TP995004"," 6","51365761","","0.0715","C"
"4","Trait5","pKWmEB","PstI.TP778067"," 6","51371811","","1.0512","A"
"4","Trait5","pKWmEB","PstI.TP986730"," 6","51371856","","0.1909","C"
"4","Trait5","pKWmEB","PstI.TP169157"," 6","51410234","","0.4711","G"
"4","Trait5","pKWmEB","PstI.TP871031"," 6","51418353","","0.0153","A"
"4","Trait5","pKWmEB","PstI.TP871221"," 6","51418361","","0.0209","A"
"4","Trait5","pKWmEB","PstI.TP852932"," 6","51418844","","0.3550","C"
"4","Trait5","pKWmEB","PstI.TP190034"," 6","51418895","","0.8679","A"
"4","Trait5","pKWmEB","PstI.TP186746"," 6","51425899","","0.5822","A"
"4","Trait5","pKWmEB","PstI.TP887215"," 6","51434149","","0.1731","C"
"4","Trait5","pKWmEB","PstI.TP887249"," 6","51434179","","1.1343","C"
"4","Trait5","pKWmEB","PstI.TP1048409"," 6","51452539","","0.3231","A"
"4","Trait5","pKWmEB","PstI.TP121294"," 6","51465767","","0.3759","C"
"4","Trait5","pKWmEB","PstI.TP712677"," 6","51466151","","0.0603","A"
"4","Trait5","pKWmEB","NsiI.TP662292"," 6","51468327","","0.2890","A"
"4","Trait5","pKWmEB","PstI.TP715170"," 6","51477432","","0.0117","C"
"4","Trait5","pKWmEB","PstI.TP668820"," 6","51477907","","0.7670","C"
"4","Trait5","pKWmEB","PstI.TP908097"," 6","51483559","","0.1462","C"
"4","Trait5","pKWmEB","PstI.TP981154"," 6","51492713","","0.1780","A"
"4","Trait5","pKWmEB","PstI.TP1201184"," 6","51500444","","0.1875","A"
"4","Trait5","pKWmEB","PstI.TP16576"," 6","51508909","","0.6454","A"
"4","Trait5","pKWmEB","PstI.TP569629"," 6","51517308","","0.8931","A"
"4","Trait5","pKWmEB","PstI.TP857301"," 6","51532579","","0.2646","A"
"4","Trait5","pKWmEB","PstI.TP134805"," 6","51534276","","0.1804","C"
"4","Trait5","pKWmEB","NsiI.TP747778"," 6","51534879","","0.6182","C"
"4","Trait5","pKWmEB","NsiI.TP521871"," 6","51536242","","0.0906","C"
"4","Trait5","pKWmEB","NsiI.TP407405"," 6","51544211","","0.2174","A"
"4","Trait5","pKWmEB","PstI.TP1076425"," 6","51544246","","0.0573","C"
"4","Trait5","pKWmEB","PstI.TP945188"," 6","51544818","","0.2420","C"
"4","Trait5","pKWmEB","PstI.TP220189"," 6","51554075","","0.1385","A"
"4","Trait5","pKWmEB","PstI.TP249621"," 6","51555200","","2.3730","C"
"4","Trait5","pKWmEB","NsiI.TP655380"," 6","51570982","","0.1746","A"
"4","Trait5","pKWmEB","GFSSContig12763_195"," 6","51595863","","0.5970","A"
"4","Trait5","pKWmEB","NsiI.TP215656"," 6","51625467","","0.6073","A"
"4","Trait5","pKWmEB","NsiI.TP356506"," 6","51645664","","1.1837","C"
"4","Trait5","pKWmEB","NsiI.TP500719"," 6","51662264","","0.5443","C"
"4","Trait5","pKWmEB","PstI.TP943663"," 6","51672811","","0.1498","C"
"4","Trait5","pKWmEB","PstI.TP891455"," 6","51677486","","0.5368","A"
"4","Trait5","pKWmEB","NsiI.TP101967"," 6","51681658","","0.1258","A"
"4","Trait5","pKWmEB","NsiI.TP686169"," 6","51683190","","0.1264","A"
"4","Trait5","pKWmEB","NsiI.TP760524"," 6","51683874","","0.6056","C"
"4","Trait5","pKWmEB","NsiI.TP345067"," 6","51684719","","0.1083","A"
"4","Trait5","pKWmEB","PstI.TP65187"," 6","51685319","","1.3007","A"
"4","Trait5","pKWmEB","PstI.TP65189"," 6","51685338","","1.1097","G"
"4","Trait5","pKWmEB","NsiI.TP444093"," 6","51719029","","0.7642","C"
"4","Trait5","pKWmEB","NsiI.TP732074"," 6","51754135","","0.1683","C"
"4","Trait5","pKWmEB","NsiI.TP271266"," 6","51789514","","1.4876","C"
"4","Trait5","pKWmEB","PstI.TP494963"," 6","51798597","","0.1919","C"
"4","Trait5","pKWmEB","PstI.TP86408"," 6","51800225","","0.1596","A"
"4","Trait5","pKWmEB","PstI.TP1295715"," 6","51800663","","0.3174","A"
"4","Trait5","pKWmEB","PstI.TP958269"," 6","51804504","","0.4939","C"
"4","Trait5","pKWmEB","PstI.TP523226"," 6","51848443","","0.1514","A"
"4","Trait5","pKWmEB","NsiI.TP41019"," 6","51864695","","0.6642","C"
"4","Trait5","pKWmEB","PstI.TP942201"," 6","51864974","","0.1246","A"
"4","Trait5","pKWmEB","PstI.TP585000"," 6","51865026","","0.1066","A"
"4","Trait5","pKWmEB","PstI.TP684139"," 6","51865090","","0.2447","A"
"4","Trait5","pKWmEB","PstI.TP486999"," 6","51865961","","0.0479","G"
"4","Trait5","pKWmEB","NsiI.TP34195"," 6","51866048","","0.3235","A"
"4","Trait5","pKWmEB","NsiI.TP503258"," 6","51868615","","0.8078","G"
"4","Trait5","pKWmEB","NsiI.TP716559"," 6","51868667","","0.0170","C"
"4","Trait5","pKWmEB","PstI.TP449476"," 6","51870296","","0.0129","A"
"4","Trait5","pKWmEB","PstI.TP104721"," 6","51870344","","0.0321","A"
"4","Trait5","pKWmEB","NsiI.TP173400"," 6","51870471","","0.1447","A"
"4","Trait5","pKWmEB","PstI.TP1025940"," 6","51870695","","1.3721","C"
"4","Trait5","pKWmEB","PstI.TP638558"," 6","51870866","","0.0309","A"
"4","Trait5","pKWmEB","PstI.TP966469"," 6","51873093","","0.5251","A"
"4","Trait5","pKWmEB","PstI.TP839649"," 6","51874085","","0.5091","G"
"4","Trait5","pKWmEB","PstI.TP532588"," 6","51874123","","0.3131","A"
"4","Trait5","pKWmEB","PstI.TP830821"," 6","51874136","","0.6305","C"
"4","Trait5","pKWmEB","NsiI.TP42726"," 6","51878486","","1.4203","C"
"4","Trait5","pKWmEB","PstI.TP66012"," 6","51878553","","0.3304","A"
"4","Trait5","pKWmEB","NsiI.TP222368"," 6","51878605","","0.3772","A"
"4","Trait5","pKWmEB","NsiI.TP408746"," 6","51882283","","0.4756","A"
"4","Trait5","pKWmEB","NsiI.TP215547"," 6","51882366","","0.5668","A"
"4","Trait5","pKWmEB","PstI.TP533582"," 6","51887320","","0.2279","A"
"4","Trait5","pKWmEB","PstI.TP171590"," 6","51900644","","0.8544","C"
"4","Trait5","pKWmEB","PstI.TP316808"," 6","51911205","","0.2877","A"
"4","Trait5","pKWmEB","NsiI.TP830728"," 6","51913016","","0.1298","C"
"4","Trait5","pKWmEB","NsiI.TP530730"," 6","51917233","","0.0515","C"
"4","Trait5","pKWmEB","PstI.TP1010538"," 6","51920059","","0.0619","C"
"4","Trait5","pKWmEB","PstI.TP114435"," 6","51935989","","0.4141","A"
"4","Trait5","pKWmEB","PstI.TP114440"," 6","51936004","","0.0143","A"
"4","Trait5","pKWmEB","PstI.TP377968"," 6","51952510","","0.3377","A"
"4","Trait5","pKWmEB","PstI.TP255344"," 6","51975189","","0.5680","C"
"4","Trait5","pKWmEB","PstI.TP888818"," 6","51991433","","0.4027","C"
"4","Trait5","pKWmEB","PstI.TP1123529"," 6","52002355","","0.4287","A"
"4","Trait5","pKWmEB","PstI.TP266628"," 6","52008542","","0.8676","A"
"4","Trait5","pKWmEB","PstI.TP296200"," 6","52008547","","0.7551","C"
"4","Trait5","pKWmEB","PstI.TP924149"," 6","52031747","","0.5003","A"
"4","Trait5","pKWmEB","NsiI.TP571773"," 6","52036524","","0.3066","A"
"4","Trait5","pKWmEB","PstI.TP504094"," 6","52090786","","0.5822","G"
"4","Trait5","pKWmEB","NsiI.TP312196"," 6","52107659","","0.1788","C"
"4","Trait5","pKWmEB","PstI.TP633796"," 6","52110966","","0.6446","A"
"4","Trait5","pKWmEB","PstI.TP10427"," 6","52112058","","0.1497","C"
"4","Trait5","pKWmEB","NsiI.TP469440"," 6","52124712","","1.3031","A"
"4","Trait5","pKWmEB","NsiI.TP469438"," 6","52124718","","0.3609","C"
"4","Trait5","pKWmEB","PstI.TP526907"," 6","52143728","","0.1813","A"
"4","Trait5","pKWmEB","PstI.TP77119"," 6","52143791","","0.0071","C"
"4","Trait5","pKWmEB","GFSSContig13409_253"," 6","52159760","","0.3390","A"
"4","Trait5","pKWmEB","GFSSContig9469_436"," 6","52187471","","1.3703","A"
"4","Trait5","pKWmEB","GFSSContig9469_613"," 6","52187648","","0.7445","A"
"4","Trait5","pKWmEB","GFSSContig9469_821"," 6","52187856","","0.8604","A"
"4","Trait5","pKWmEB","NsiI.TP201378"," 6","52187948","","0.4488","C"
"4","Trait5","pKWmEB","PstI.TP1197982"," 6","52196793","","1.1970","A"
"4","Trait5","pKWmEB","NsiI.TP360462"," 6","52212449","","0.1241","C"
"4","Trait5","pKWmEB","NsiI.TP705986"," 6","52282662","","0.3453","A"
"4","Trait5","pKWmEB","PstI.TP639577"," 6","52285273","","0.0256","A"
"4","Trait5","pKWmEB","NsiI.TP825036"," 6","52294145","","0.2239","C"
"4","Trait5","pKWmEB","PstI.TP1131586"," 6","52294517","","0.0531","C"
"4","Trait5","pKWmEB","NsiI.TP488986"," 6","52297793","","1.0095","A"
"4","Trait5","pKWmEB","PstI.TP1192071"," 6","52303000","","0.0430","G"
"4","Trait5","pKWmEB","PstI.TP843955"," 6","52307437","","0.2147","C"
"4","Trait5","pKWmEB","PstI.TP1268195"," 6","52307532","","0.1984","C"
"4","Trait5","pKWmEB","PstI.TP222082"," 6","52323612","","1.1518","C"
"4","Trait5","pKWmEB","NsiI.TP426330"," 6","52325878","","0.9887","A"
"4","Trait5","pKWmEB","PstI.TP52046"," 6","52358725","","0.1649","A"
"4","Trait5","pKWmEB","NsiI.TP66301"," 6","52369682","","0.2990","C"
"4","Trait5","pKWmEB","PstI.TP195322"," 6","52370018","","0.2431","C"
"4","Trait5","pKWmEB","NsiI.TP550662"," 6","52420127","","0.5128","C"
"4","Trait5","pKWmEB","PstI.TP695119"," 6","52429938","","0.3256","C"
"4","Trait5","pKWmEB","NsiI.TP27541"," 6","52440356","","0.5739","G"
"4","Trait5","pKWmEB","NsiI.TP825923"," 6","52448208","","0.0752","C"
"4","Trait5","pKWmEB","PstI.TP1150940"," 6","52448226","","0.0630","C"
"4","Trait5","pKWmEB","PstI.TP295987"," 6","52453564","","1.0190","A"
"4","Trait5","pKWmEB","NsiI.TP711779"," 6","52472448","","2.3748","C"
"4","Trait5","pKWmEB","PstI.TP706276"," 6","52495459","","0.0957","A"
"4","Trait5","pKWmEB","NsiI.TP428790"," 6","52511790","","0.0593","C"
"4","Trait5","pKWmEB","NsiI.TP230929"," 6","52517473","","0.6531","A"
"4","Trait5","pKWmEB","NsiI.TP240695"," 6","52520872","","0.0860","C"
"4","Trait5","pKWmEB","PstI.TP1062830"," 6","52551820","","0.6758","C"
"4","Trait5","pKWmEB","NsiI.TP547695"," 6","52565577","","0.2697","A"
"4","Trait5","pKWmEB","PstI.TP781623"," 6","52573298","","0.2260","C"
"4","Trait5","pKWmEB","GFSSContig6121_100"," 6","52583057","","0.2257","T"
"4","Trait5","pKWmEB","NsiI.TP258449"," 6","52586789","","0.8174","A"
"4","Trait5","pKWmEB","PstI.TP120497"," 6","52619918","","0.3739","G"
"4","Trait5","pKWmEB","PstI.TP1229909"," 6","52622926","","0.0265","G"
"4","Trait5","pKWmEB","PstI.TP662149"," 6","52628267","","0.1388","C"
"4","Trait5","pKWmEB","PstI.TP530773"," 6","52628269","","0.1981","A"
"4","Trait5","pKWmEB","PstI.TP344327"," 6","52628333","","0.1499","C"
"4","Trait5","pKWmEB","PstI.TP991117"," 6","52632284","","0.7849","C"
"4","Trait5","pKWmEB","PstI.TP172920"," 6","52640026","","0.8805","A"
"4","Trait5","pKWmEB","PstI.TP172918"," 6","52640073","","0.1390","C"
"4","Trait5","pKWmEB","NsiI.TP484068"," 6","52664567","","0.7150","C"
"4","Trait5","pKWmEB","PstI.TP438569"," 6","52665117","","0.1757","A"
"4","Trait5","pKWmEB","PstI.TP983468"," 6","52676712","","0.2022","A"
"4","Trait5","pKWmEB","NsiI.TP127225"," 6","52679482","","0.2484","A"
"4","Trait5","pKWmEB","PstI.TP985277"," 6","52682783","","0.2314","A"
"4","Trait5","pKWmEB","NsiI.TP665675"," 6","52689372","","0.5518","C"
"4","Trait5","pKWmEB","NsiI.TP586371"," 6","52721733","","0.3869","C"
"4","Trait5","pKWmEB","PstI.TP802301"," 6","52723072","","0.2980","A"
"4","Trait5","pKWmEB","NsiI.TP167249"," 6","52723638","","0.5307","C"
"4","Trait5","pKWmEB","PstI.TP1238728"," 6","52736395","","0.2793","A"
"4","Trait5","pKWmEB","NsiI.TP439440"," 6","52740884","","0.0217","C"
"4","Trait5","pKWmEB","NsiI.TP439466"," 6","52740911","","0.4931","C"
"4","Trait5","pKWmEB","NsiI.TP514947"," 6","52754787","","0.0156","A"
"4","Trait5","pKWmEB","PstI.TP160815"," 6","52755961","","0.0497","A"
"4","Trait5","pKWmEB","PstI.TP537230"," 6","52756362","","0.0683","C"
"4","Trait5","pKWmEB","PstI.TP496074"," 6","52784258","","0.3240","C"
"4","Trait5","pKWmEB","PstI.TP435100"," 6","52788813","","0.1911","C"
"4","Trait5","pKWmEB","NsiI.TP269670"," 6","52795046","","0.3243","C"
"4","Trait5","pKWmEB","NsiI.TP573685"," 6","52797540","","0.5514","A"
"4","Trait5","pKWmEB","PstI.TP1223585"," 6","52808467","","0.8469","A"
"4","Trait5","pKWmEB","PstI.TP9330"," 6","52834357","","0.2730","A"
"4","Trait5","pKWmEB","PstI.TP139094"," 6","52834413","","0.3206","G"
"4","Trait5","pKWmEB","NsiI.TP442321"," 6","52858148","","0.0630","A"
"4","Trait5","pKWmEB","PstI.TP529562"," 6","52861619","","0.4249","G"
"4","Trait5","pKWmEB","NsiI.TP489469"," 6","52865180","","0.6633","G"
"4","Trait5","pKWmEB","NsiI.TP338128"," 6","52871236","","0.3715","C"
"4","Trait5","pKWmEB","NsiI.TP810468"," 6","52878123","","0.0243","A"
"4","Trait5","pKWmEB","PstI.TP716078"," 6","52929303","","0.2580","A"
"4","Trait5","pKWmEB","NsiI.TP625243"," 6","52943175","","0.0578","G"
"4","Trait5","pKWmEB","NsiI.TP397548"," 6","52965346","","0.1552","C"
"4","Trait5","pKWmEB","NsiI.TP153092"," 6","52972826","","0.2792","A"
"4","Trait5","pKWmEB","PstI.TP851309"," 6","52995974","","1.2489","C"
"4","Trait5","pKWmEB","PstI.TP362917"," 6","53015143","","0.4481","C"
"4","Trait5","pKWmEB","PstI.TP88922"," 6","53024337","","0.2415","A"
"4","Trait5","pKWmEB","NsiI.TP219"," 6","53036374","","0.0087","A"
"4","Trait5","pKWmEB","PstI.TP1256104"," 6","53049386","","0.2957","A"
"4","Trait5","pKWmEB","PstI.TP1152363"," 6","53062666","","0.1926","C"
"4","Trait5","pKWmEB","NsiI.TP359278"," 6","53064783","","0.3185","C"
"4","Trait5","pKWmEB","PstI.TP1094597"," 6","53079396","","0.1469","A"
"4","Trait5","pKWmEB","PstI.TP1234396"," 6","53098321","","0.2345","A"
"4","Trait5","pKWmEB","NsiI.TP51476"," 6","53107093","","0.1596","A"
"4","Trait5","pKWmEB","PstI.TP858345"," 6","53110950","","0.2332","G"
"4","Trait5","pKWmEB","PstI.TP479087"," 6","53129189","","0.1711","A"
"4","Trait5","pKWmEB","PstI.TP246126"," 6","53131353","","1.3643","G"
"4","Trait5","pKWmEB","PstI.TP1242416"," 6","53158527","","0.4221","A"
"4","Trait5","pKWmEB","PstI.TP515787"," 6","53158567","","0.1077","A"
"4","Trait5","pKWmEB","PstI.TP824845"," 6","53159275","","0.0630","A"
"4","Trait5","pKWmEB","PstI.TP302384"," 6","53169269","","0.3575","C"
"4","Trait5","pKWmEB","PstI.TP684828"," 6","53177527","","0.5077","A"
"4","Trait5","pKWmEB","NsiI.TP229745"," 6","53177812","","1.1486","A"
"4","Trait5","pKWmEB","PstI.TP228722"," 6","53186052","","0.9072","C"
"4","Trait5","pKWmEB","NsiI.TP272116"," 6","53187069","","0.2983","C"
"4","Trait5","pKWmEB","NsiI.TP628684"," 6","53188407","","0.1756","A"
"4","Trait5","pKWmEB","NsiI.TP428410"," 6","53197285","","0.4353","A"
"4","Trait5","pKWmEB","PstI.TP637885"," 6","53197341","","0.1231","A"
"4","Trait5","pKWmEB","PstI.TP638277"," 6","53197341","","0.5119","A"
"4","Trait5","pKWmEB","NsiI.TP520478"," 6","53224494","","0.1976","C"
"4","Trait5","pKWmEB","PstI.TP743713"," 6","53247540","","0.3736","C"
"4","Trait5","pKWmEB","PstI.TP58590"," 6","53247747","","0.2581","A"
"4","Trait5","pKWmEB","PstI.TP928840"," 6","53247769","","0.1436","A"
"4","Trait5","pKWmEB","PstI.TP308464"," 6","53266751","","0.1864","A"
"4","Trait5","pKWmEB","PstI.TP579760"," 6","53267780","","0.1801","A"
"4","Trait5","pKWmEB","NsiI.TP328860"," 6","53267974","","1.2855","A"
"4","Trait5","pKWmEB","NsiI.TP737742"," 6","53268435","","0.0419","G"
"4","Trait5","pKWmEB","PstI.TP357347"," 6","53284826","","0.4407","A"
"4","Trait5","pKWmEB","PstI.TP798331"," 6","53285573","","0.7194","C"
"4","Trait5","pKWmEB","PstI.TP1191515"," 6","53298402","","0.7670","A"
"4","Trait5","pKWmEB","PstI.TP788128"," 6","53306322","","0.0301","A"
"4","Trait5","pKWmEB","PstI.TP788121"," 6","53306350","","0.0028","A"
"4","Trait5","pKWmEB","PstI.TP788125"," 6","53306351","","0.1198","C"
"4","Trait5","pKWmEB","NsiI.TP646964"," 6","53312727","","0.1462","C"
"4","Trait5","pKWmEB","PstI.TP272941"," 6","53317238","","0.0343","A"
"4","Trait5","pKWmEB","PstI.TP598190"," 6","53317495","","0.9308","C"
"4","Trait5","pKWmEB","NsiI.TP497344"," 6","53336116","","0.0274","C"
"4","Trait5","pKWmEB","PstI.TP1085374"," 6","53340884","","0.0659","A"
"4","Trait5","pKWmEB","PstI.TP237025"," 6","53343945","","0.0680","A"
"4","Trait5","pKWmEB","NsiI.TP448754"," 6","53389461","","0.2851","C"
"4","Trait5","pKWmEB","PstI.TP893577"," 6","53399705","","0.5038","A"
"4","Trait5","pKWmEB","NsiI.TP344884"," 6","53402487","","1.6856","A"
"4","Trait5","pKWmEB","PstI.TP1039032"," 6","53403067","","0.0830","C"
"4","Trait5","pKWmEB","PstI.TP1178662"," 6","53411929","","0.5921","C"
"4","Trait5","pKWmEB","NsiI.TP291476"," 6","53416065","","0.2792","A"
"4","Trait5","pKWmEB","PstI.TP939005"," 6","53424207","","0.2204","A"
"4","Trait5","pKWmEB","PstI.TP346925"," 6","53442213","","0.8301","A"
"4","Trait5","pKWmEB","PstI.TP794676"," 6","53505874","","0.8985","A"
"4","Trait5","pKWmEB","PstI.TP210723"," 6","53519176","","0.5726","C"
"4","Trait5","pKWmEB","PstI.TP197038"," 6","53519320","","0.2338","A"
"4","Trait5","pKWmEB","PstI.TP1286435"," 6","53545770","","0.3887","A"
"4","Trait5","pKWmEB","PstI.TP1292230"," 6","53549743","","0.8142","C"
"4","Trait5","pKWmEB","NsiI.TP762132"," 6","53557628","","1.0591","A"
"4","Trait5","pKWmEB","NsiI.TP11579"," 6","53559605","","0.0783","C"
"4","Trait5","pKWmEB","PstI.TP897043"," 6","53627507","","0.2682","G"
"4","Trait5","pKWmEB","PstI.TP856178"," 6","53627563","","0.1591","G"
"4","Trait5","pKWmEB","PstI.TP1234581"," 6","53627805","","0.5652","C"
"4","Trait5","pKWmEB","PstI.TP596305"," 6","53628119","","0.9491","A"
"4","Trait5","pKWmEB","PstI.TP779645"," 6","53639810","","1.2071","C"
"4","Trait5","pKWmEB","NsiI.TP581948"," 6","53644505","","0.0248","A"
"4","Trait5","pKWmEB","NsiI.TP762234"," 6","53672648","","0.1866","A"
"4","Trait5","pKWmEB","NsiI.TP258072"," 6","53673268","","0.3088","A"
"4","Trait5","pKWmEB","PstI.TP208272"," 6","53679758","","0.0114","A"
"4","Trait5","pKWmEB","NsiI.TP575998"," 6","53682293","","0.6959","C"
"4","Trait5","pKWmEB","NsiI.TP306861"," 6","53689717","","1.3280","C"
"4","Trait5","pKWmEB","PstI.TP720344"," 6","53705499","","0.4856","C"
"4","Trait5","pKWmEB","PstI.TP525574"," 6","53705599","","0.0143","A"
"4","Trait5","pKWmEB","PstI.TP883892"," 6","53713879","","1.3690","A"
"4","Trait5","pKWmEB","NsiI.TP540658"," 6","53721369","","0.6600","A"
"4","Trait5","pKWmEB","PstI.TP1245956"," 6","53760660","","2.8606","G"
"4","Trait5","pKWmEB","NsiI.TP81900"," 6","53761576","","0.0353","A"
"4","Trait5","pKWmEB","NsiI.TP760131"," 6","53763092","","0.3364","A"
"4","Trait5","pKWmEB","PstI.TP873339"," 6","53763609","","0.0474","C"
"4","Trait5","pKWmEB","NsiI.TP301504"," 6","53764942","","0.1377","C"
"4","Trait5","pKWmEB","PstI.TP399838"," 6","53796730","","0.5934","A"
"4","Trait5","pKWmEB","PstI.TP469520"," 6","53807168","","0.6171","A"
"4","Trait5","pKWmEB","NsiI.TP729815"," 6","53813524","","0.3703","G"
"4","Trait5","pKWmEB","PstI.TP404038"," 6","53848452","","0.0011","A"
"4","Trait5","pKWmEB","NsiI.TP416262"," 6","53863661","","1.0473","C"
"4","Trait5","pKWmEB","PstI.TP439429"," 6","53870612","","0.2345","C"
"4","Trait5","pKWmEB","PstI.TP56699"," 6","53871362","","0.2590","A"
"4","Trait5","pKWmEB","PstI.TP743110"," 6","53873580","","0.1278","C"
"4","Trait5","pKWmEB","NsiI.TP218830"," 6","53878800","","0.6292","A"
"4","Trait5","pKWmEB","PstI.TP614890"," 6","53887963","","0.0821","C"
"4","Trait5","pKWmEB","NsiI.TP171912"," 6","53905973","","0.0032","A"
"4","Trait5","pKWmEB","NsiI.TP400628"," 6","53906451","","0.0195","A"
"4","Trait5","pKWmEB","NsiI.TP35251"," 6","53938007","","0.9486","A"
"4","Trait5","pKWmEB","NsiI.TP183807"," 6","53940404","","0.1644","C"
"4","Trait5","pKWmEB","PstI.TP704464"," 6","53941417","","1.0704","A"
"4","Trait5","pKWmEB","NsiI.TP557030"," 6","53942913","","1.9820","C"
"4","Trait5","pKWmEB","NsiI.TP120412"," 6","53945605","","0.4006","A"
"4","Trait5","pKWmEB","PstI.TP318643"," 6","53946053","","0.6006","C"
"4","Trait5","pKWmEB","NsiI.TP626321"," 6","53948965","","0.3591","A"
"4","Trait5","pKWmEB","PstI.TP65243"," 6","53953020","","1.1630","A"
"4","Trait5","pKWmEB","NsiI.TP338280"," 6","53961287","","0.6491","C"
"4","Trait5","pKWmEB","NsiI.TP802181"," 6","53987187","","0.6196","A"
"4","Trait5","pKWmEB","PstI.TP329023"," 6","54015333","","0.6971","G"
"4","Trait5","pKWmEB","NsiI.TP750432"," 6","54020453","","0.3331","A"
"4","Trait5","pKWmEB","PstI.TP904090"," 6","54037026","","0.1237","A"
"4","Trait5","pKWmEB","NsiI.TP344126"," 6","54048340","","0.0211","C"
"4","Trait5","pKWmEB","NsiI.TP330359"," 6","54050434","","0.5826","A"
"4","Trait5","pKWmEB","PstI.TP76770"," 6","54052803","","0.7514","A"
"4","Trait5","pKWmEB","PstI.TP810203"," 6","54055375","","0.2480","A"
"4","Trait5","pKWmEB","PstI.TP810202"," 6","54055376","","0.3276","A"
"4","Trait5","pKWmEB","NsiI.TP433054"," 6","54071547","","0.0402","C"
"4","Trait5","pKWmEB","NsiI.TP755095"," 6","54072481","","0.3693","A"
"4","Trait5","pKWmEB","GFSSContig10367_393"," 6","54082286","","0.2389","T"
"4","Trait5","pKWmEB","PstI.TP634541"," 6","54097354","","0.2948","C"
"4","Trait5","pKWmEB","PstI.TP508946"," 6","54123016","","0.5481","C"
"4","Trait5","pKWmEB","PstI.TP772243"," 6","54123487","","0.2010","A"
"4","Trait5","pKWmEB","PstI.TP851322"," 6","54127710","","0.7538","A"
"4","Trait5","pKWmEB","PstI.TP21221"," 6","54141313","","0.3131","A"
"4","Trait5","pKWmEB","PstI.TP295375"," 6","54155182","","0.1731","A"
"4","Trait5","pKWmEB","NsiI.TP367055"," 6","54157808","","0.1749","C"
"4","Trait5","pKWmEB","PstI.TP631340"," 6","54158095","","1.3804","C"
"4","Trait5","pKWmEB","PstI.TP622020"," 6","54188391","","0.0202","A"
"4","Trait5","pKWmEB","PstI.TP325884"," 6","54190678","","0.2918","C"
"4","Trait5","pKWmEB","PstI.TP1222031"," 6","54195551","","0.9620","A"
"4","Trait5","pKWmEB","PstI.TP644926"," 6","54202311","","0.0733","A"
"4","Trait5","pKWmEB","NsiI.TP411473"," 6","54202838","","0.0427","A"
"4","Trait5","pKWmEB","NsiI.TP770846"," 6","54209613","","0.4572","C"
"4","Trait5","pKWmEB","NsiI.TP770845"," 6","54209651","","0.6740","C"
"4","Trait5","pKWmEB","NsiI.TP67724"," 6","54210139","","0.5530","C"
"4","Trait5","pKWmEB","NsiI.TP722912"," 6","54210308","","0.0329","A"
"4","Trait5","pKWmEB","PstI.TP966312"," 6","54237208","","0.4697","C"
"4","Trait5","pKWmEB","PstI.TP1103210"," 6","54246679","","0.4541","C"
"4","Trait5","pKWmEB","NsiI.TP816689"," 6","54249219","","0.0495","A"
"4","Trait5","pKWmEB","NsiI.TP172355"," 6","54256756","","0.9451","C"
"4","Trait5","pKWmEB","PstI.TP945766"," 6","54258844","","0.0074","C"
"4","Trait5","pKWmEB","PstI.TP815094"," 6","54259955","","0.0534","G"
"4","Trait5","pKWmEB","PstI.TP168418"," 6","54268199","","0.1195","A"
"4","Trait5","pKWmEB","PstI.TP166168"," 6","54279658","","0.2476","A"
"4","Trait5","pKWmEB","PstI.TP263495"," 6","54279732","","0.1528","A"
"4","Trait5","pKWmEB","PstI.TP738790"," 6","54282001","","0.4192","A"
"4","Trait5","pKWmEB","NsiI.TP459094"," 6","54308423","","0.8011","C"
"4","Trait5","pKWmEB","PstI.TP721446"," 6","54310020","","0.1083","A"
"4","Trait5","pKWmEB","GFSSContig7996_485"," 6","54332713","","1.2739","T"
"4","Trait5","pKWmEB","NsiI.TP756872"," 6","54332821","","0.3188","C"
"4","Trait5","pKWmEB","PstI.TP694211"," 6","54345892","","0.4068","A"
"4","Trait5","pKWmEB","PstI.TP331302"," 6","54347113","","0.2435","A"
"4","Trait5","pKWmEB","PstI.TP478997"," 6","54359646","","1.0747","C"
"4","Trait5","pKWmEB","PstI.TP373371"," 6","54361174","","0.3015","C"
"4","Trait5","pKWmEB","PstI.TP270543"," 6","54368545","","0.5136","C"
"4","Trait5","pKWmEB","PstI.TP1080029"," 6","54377110","","0.2518","A"
"4","Trait5","pKWmEB","NsiI.TP776836"," 6","54390021","","0.4798","A"
"4","Trait5","pKWmEB","NsiI.TP339640"," 6","54390868","","0.2503","C"
"4","Trait5","pKWmEB","NsiI.TP59381"," 6","54443739","","0.1899","A"
"4","Trait5","pKWmEB","PstI.TP915398"," 6","54443820","","1.3815","A"
"4","Trait5","pKWmEB","PstI.TP262001"," 6","54443824","","0.4349","A"
"4","Trait5","pKWmEB","PstI.TP347106"," 6","54444929","","0.9692","C"
"4","Trait5","pKWmEB","NsiI.TP463939"," 6","54461185","","0.2178","C"
"4","Trait5","pKWmEB","NsiI.TP246795"," 6","54469372","","0.7529","G"
"4","Trait5","pKWmEB","NsiI.TP6023"," 6","54469492","","0.1442","C"
"4","Trait5","pKWmEB","NsiI.TP64836"," 6","54475016","","1.2839","C"
"4","Trait5","pKWmEB","PstI.TP275896"," 6","54476019","","0.1245","C"
"4","Trait5","pKWmEB","PstI.TP226763"," 6","54544255","","0.2398","A"
"4","Trait5","pKWmEB","PstI.TP732598"," 6","54563191","","0.2720","C"
"4","Trait5","pKWmEB","PstI.TP850814"," 6","54574014","","0.2449","A"
"4","Trait5","pKWmEB","NsiI.TP407534"," 6","54594690","","0.9880","A"
"4","Trait5","pKWmEB","PstI.TP353846"," 6","54600911","","0.0868","A"
"4","Trait5","pKWmEB","NsiI.TP760559"," 6","54602763","","0.3214","A"
"4","Trait5","pKWmEB","PstI.TP835351"," 6","54605130","","0.1741","C"
"4","Trait5","pKWmEB","PstI.TP192180"," 6","54606330","","0.2442","A"
"4","Trait5","pKWmEB","NsiI.TP63095"," 6","54615764","","0.0234","C"
"4","Trait5","pKWmEB","PstI.TP256301"," 6","54625457","","1.4391","C"
"4","Trait5","pKWmEB","PstI.TP709057"," 6","54629080","","1.6801","A"
"4","Trait5","pKWmEB","NsiI.TP717045"," 6","54629613","","1.1774","C"
"4","Trait5","pKWmEB","PstI.TP329058"," 6","54630469","","0.9784","G"
"4","Trait5","pKWmEB","NsiI.TP458860"," 6","54631251","","2.0381","G"
"4","Trait5","pKWmEB","PstI.TP316231"," 6","54638219","","0.2447","A"
"4","Trait5","pKWmEB","GFSSContig16360_390"," 6","54639185","","0.6617","T"
"4","Trait5","pKWmEB","PstI.TP775891"," 6","54654209","","0.1073","G"
"4","Trait5","pKWmEB","PstI.TP1171578"," 6","54654272","","0.9977","C"
"4","Trait5","pKWmEB","NsiI.TP60018"," 6","54656433","","0.5768","A"
"4","Trait5","pKWmEB","PstI.TP627662"," 6","54656496","","0.5253","A"
"4","Trait5","pKWmEB","PstI.TP931302"," 6","54662454","","0.0934","A"
"4","Trait5","pKWmEB","GFSSContig20506_2030"," 6","54676069","","0.2784","T"
"4","Trait5","pKWmEB","NsiI.TP439324"," 6","54693400","","0.6192","C"
"4","Trait5","pKWmEB","PstI.TP622467"," 6","54696934","","1.0181","C"
"4","Trait5","pKWmEB","PstI.TP289559"," 6","54709070","","0.8743","A"
"4","Trait5","pKWmEB","PstI.TP289558"," 6","54709097","","1.4174","G"
"4","Trait5","pKWmEB","PstI.TP30317"," 6","54709438","","0.7642","A"
"4","Trait5","pKWmEB","PstI.TP30319"," 6","54709444","","0.2312","C"
"4","Trait5","pKWmEB","PstI.TP30142"," 6","54712768","","0.4301","C"
"4","Trait5","pKWmEB","PstI.TP516914"," 6","54724469","","0.8560","C"
"4","Trait5","pKWmEB","NsiI.TP5016"," 6","54733699","","1.3232","C"
"4","Trait5","pKWmEB","PstI.TP955227"," 6","54733918","","2.1649","C"
"4","Trait5","pKWmEB","PstI.TP516554"," 6","54750679","","0.1458","A"
"4","Trait5","pKWmEB","PstI.TP493741"," 6","54776616","","1.2547","C"
"4","Trait5","pKWmEB","NsiI.TP523022"," 6","54782206","","0.0408","C"
"4","Trait5","pKWmEB","PstI.TP202015"," 6","54802741","","0.5769","C"
"4","Trait5","pKWmEB","PstI.TP549516"," 6","54825151","","0.5070","C"
"4","Trait5","pKWmEB","PstI.TP1288424"," 6","54838200","","0.3040","A"
"4","Trait5","pKWmEB","PstI.TP1103361"," 6","54841469","","0.6691","G"
"4","Trait5","pKWmEB","NsiI.TP744399"," 6","54887237","","0.2751","C"
"4","Trait5","pKWmEB","PstI.TP1042728"," 6","54916919","","0.4466","A"
"4","Trait5","pKWmEB","NsiI.TP95031"," 6","54950661","","0.0811","A"
"4","Trait5","pKWmEB","NsiI.TP408453"," 6","54958791","","0.1804","C"
"4","Trait5","pKWmEB","PstI.TP7761"," 6","54965432","","0.4561","C"
"4","Trait5","pKWmEB","PstI.TP62382"," 6","54965440","","0.1842","A"
"4","Trait5","pKWmEB","PstI.TP379893"," 6","54972372","","0.4693","C"
"4","Trait5","pKWmEB","PstI.TP338681"," 6","54973469","","0.3903","A"
"4","Trait5","pKWmEB","PstI.TP607402"," 6","54989967","","0.1001","C"
"4","Trait5","pKWmEB","PstI.TP134392"," 6","55007516","","1.4897","C"
"4","Trait5","pKWmEB","PstI.TP271888"," 6","55007560","","0.1433","A"
"4","Trait5","pKWmEB","NsiI.TP286148"," 6","55028559","","0.3468","A"
"4","Trait5","pKWmEB","PstI.TP1223085"," 6","55029740","","0.1123","C"
"4","Trait5","pKWmEB","NsiI.TP825531"," 6","55030505","","0.2419","C"
"4","Trait5","pKWmEB","PstI.TP352726"," 6","55046323","","1.3401","A"
"4","Trait5","pKWmEB","PstI.TP1137821"," 6","55048587","","0.3786","A"
"4","Trait5","pKWmEB","NsiI.TP728934"," 6","55077747","","0.1550","C"
"4","Trait5","pKWmEB","NsiI.TP716882"," 6","55082772","","0.0281","A"
"4","Trait5","pKWmEB","PstI.TP157290"," 6","55093992","","0.6841","G"
"4","Trait5","pKWmEB","NsiI.TP54936"," 6","55095977","","0.3316","C"
"4","Trait5","pKWmEB","PstI.TP929514"," 6","55096318","","0.7712","C"
"4","Trait5","pKWmEB","PstI.TP776110"," 6","55103901","","0.2425","A"
"4","Trait5","pKWmEB","NsiI.TP488545"," 6","55115639","","0.1501","A"
"4","Trait5","pKWmEB","NsiI.TP536402"," 6","55118386","","0.2413","C"
"4","Trait5","pKWmEB","PstI.TP1291499"," 6","55120060","","0.9308","C"
"4","Trait5","pKWmEB","NsiI.TP812481"," 6","55138519","","0.0583","C"
"4","Trait5","pKWmEB","NsiI.TP282767"," 6","55154575","","0.4744","C"
"4","Trait5","pKWmEB","NsiI.TP609801"," 6","55160759","","0.0447","C"
"4","Trait5","pKWmEB","PstI.TP222514"," 6","55162389","","0.4887","C"
"4","Trait5","pKWmEB","PstI.TP222511"," 6","55162398","","0.0383","C"
"4","Trait5","pKWmEB","NsiI.TP615980"," 6","55176342","","0.0919","A"
"4","Trait5","pKWmEB","NsiI.TP287196"," 6","55201795","","0.2072","C"
"4","Trait5","pKWmEB","PstI.TP316253"," 6","55219570","","0.4965","A"
"4","Trait5","pKWmEB","NsiI.TP194619"," 6","55228277","","0.0927","C"
"4","Trait5","pKWmEB","PstI.TP1149999"," 6","55242644","","0.5540","C"
"4","Trait5","pKWmEB","PstI.TP119523"," 6","55245677","","0.5585","C"
"4","Trait5","pKWmEB","NsiI.TP459377"," 6","55247660","","0.4552","A"
"4","Trait5","pKWmEB","PstI.TP330115"," 6","55251100","","0.3288","A"
"4","Trait5","pKWmEB","PstI.TP58769"," 6","55251739","","0.6167","A"
"4","Trait5","pKWmEB","PstI.TP1003470"," 6","55262974","","0.9042","A"
"4","Trait5","pKWmEB","PstI.TP891127"," 6","55263071","","0.0631","C"
"4","Trait5","pKWmEB","PstI.TP579587"," 6","55264365","","0.1698","C"
"4","Trait5","pKWmEB","PstI.TP617275"," 6","55265681","","0.5415","C"
"4","Trait5","pKWmEB","NsiI.TP449581"," 6","55265741","","0.0583","C"
"4","Trait5","pKWmEB","NsiI.TP450057"," 6","55265742","","0.6159","G"
"4","Trait5","pKWmEB","PstI.TP173318"," 6","55278182","","0.0690","C"
"4","Trait5","pKWmEB","PstI.TP466807"," 6","55278259","","0.2513","C"
"4","Trait5","pKWmEB","NsiI.TP265343"," 6","55286018","","1.1416","C"
"4","Trait5","pKWmEB","PstI.TP254505"," 6","55306841","","0.0592","A"
"4","Trait5","pKWmEB","PstI.TP477057"," 6","55309870","","0.6816","C"
"4","Trait5","pKWmEB","PstI.TP307787"," 6","55339671","","0.2598","A"
"4","Trait5","pKWmEB","PstI.TP387467"," 6","55340504","","0.6454","A"
"4","Trait5","pKWmEB","PstI.TP16537"," 6","55341361","","0.4427","A"
"4","Trait5","pKWmEB","PstI.TP935926"," 6","55352294","","0.3757","C"
"4","Trait5","pKWmEB","NsiI.TP416058"," 6","55359915","","0.1033","A"
"4","Trait5","pKWmEB","NsiI.TP530238"," 6","55382570","","0.1191","A"
"4","Trait5","pKWmEB","NsiI.TP616913"," 6","55383483","","0.0317","A"
"4","Trait5","pKWmEB","PstI.TP237306"," 6","55385832","","0.6003","A"
"4","Trait5","pKWmEB","NsiI.TP500617"," 6","55386702","","0.4588","C"
"4","Trait5","pKWmEB","PstI.TP1102210"," 6","55405319","","1.3112","A"
"4","Trait5","pKWmEB","NsiI.TP496665"," 6","55406045","","0.0406","C"
"4","Trait5","pKWmEB","NsiI.TP71874"," 6","55407061","","0.4978","A"
"4","Trait5","pKWmEB","PstI.TP936062"," 6","55408463","","0.3908","C"
"4","Trait5","pKWmEB","PstI.TP964708"," 6","55409617","","0.0399","C"
"4","Trait5","pKWmEB","PstI.TP160093"," 6","55428028","","0.5039","C"
"4","Trait5","pKWmEB","PstI.TP209022"," 6","55438463","","0.2029","C"
"4","Trait5","pKWmEB","NsiI.TP769989"," 6","55440097","","0.6056","A"
"4","Trait5","pKWmEB","PstI.TP1267274"," 6","55447141","","0.0927","C"
"4","Trait5","pKWmEB","NsiI.TP19630"," 6","55447973","","0.0240","A"
"4","Trait5","pKWmEB","NsiI.TP458713"," 6","55448289","","0.1621","G"
"4","Trait5","pKWmEB","GFSSContig13208_795"," 6","55448701","","0.1213","A"
"4","Trait5","pKWmEB","PstI.TP1080556"," 6","55449036","","0.0114","A"
"4","Trait5","pKWmEB","PstI.TP530513"," 6","55454149","","0.7512","C"
"4","Trait5","pKWmEB","PstI.TP902823"," 6","55457739","","0.2901","A"
"4","Trait5","pKWmEB","NsiI.TP239934"," 6","55478715","","0.0462","A"
"4","Trait5","pKWmEB","GFSSContig17173_502"," 6","55484935","","0.0309","A"
"4","Trait5","pKWmEB","NsiI.TP555153"," 6","55494758","","0.2533","A"
"4","Trait5","pKWmEB","PstI.TP738636"," 6","55501746","","0.7097","A"
"4","Trait5","pKWmEB","PstI.TP773474"," 6","55503143","","0.2934","C"
"4","Trait5","pKWmEB","PstI.TP774114"," 6","55503162","","1.0977","C"
"4","Trait5","pKWmEB","GFSSContig13400_323"," 6","55506640","","0.2649","T"
"4","Trait5","pKWmEB","PstI.TP423103"," 6","55519159","","0.7722","G"
"4","Trait5","pKWmEB","PstI.TP1244399"," 6","55539267","","0.0968","A"
"4","Trait5","pKWmEB","NsiI.TP398462"," 6","55546078","","0.0604","A"
"4","Trait5","pKWmEB","NsiI.TP296282"," 6","55547385","","0.1671","A"
"4","Trait5","pKWmEB","NsiI.TP59425"," 6","55557420","","0.0771","A"
"4","Trait5","pKWmEB","PstI.TP317453"," 6","55573202","","0.0575","C"
"4","Trait5","pKWmEB","NsiI.TP139479"," 6","55622881","","0.2000","C"
"4","Trait5","pKWmEB","NsiI.TP832466"," 6","55647123","","0.3512","G"
"4","Trait5","pKWmEB","PstI.TP385089"," 6","55648894","","0.2953","A"
"4","Trait5","pKWmEB","NsiI.TP54629"," 6","55658489","","1.3375","A"
"4","Trait5","pKWmEB","NsiI.TP407146"," 6","55685615","","0.1993","C"
"4","Trait5","pKWmEB","PstI.TP907221"," 6","55690492","","0.4268","G"
"4","Trait5","pKWmEB","PstI.TP996306"," 6","55699621","","0.0768","A"
"4","Trait5","pKWmEB","PstI.TP829285"," 6","55699643","","0.6558","C"
"4","Trait5","pKWmEB","NsiI.TP188280"," 6","55729447","","0.4532","A"
"4","Trait5","pKWmEB","PstI.TP351546"," 6","55750207","","1.3287","G"
"4","Trait5","pKWmEB","NsiI.TP133971"," 6","55772757","","0.6751","A"
"4","Trait5","pKWmEB","NsiI.TP560766"," 6","55789662","","0.2986","G"
"4","Trait5","pKWmEB","NsiI.TP332930"," 6","55794187","","0.1154","C"
"4","Trait5","pKWmEB","NsiI.TP336711"," 6","55794227","","0.8090","A"
"4","Trait5","pKWmEB","PstI.TP1147046"," 6","55801899","","0.3733","C"
"4","Trait5","pKWmEB","NsiI.TP360318"," 6","55830336","","0.1328","G"
"4","Trait5","pKWmEB","PstI.TP1163760"," 6","55832271","","0.6806","C"
"4","Trait5","pKWmEB","PstI.TP743868"," 6","55864324","","0.9327","A"
"4","Trait5","pKWmEB","NsiI.TP401025"," 6","55865568","","0.2563","A"
"4","Trait5","pKWmEB","PstI.TP372913"," 6","55869275","","0.6633","C"
"4","Trait5","pKWmEB","PstI.TP403112"," 6","55878438","","0.3529","C"
"4","Trait5","pKWmEB","PstI.TP539634"," 6","55893141","","0.1805","A"
"4","Trait5","pKWmEB","PstI.TP697171"," 6","55902205","","0.2836","C"
"4","Trait5","pKWmEB","NsiI.TP336628"," 6","55915483","","0.0389","C"
"4","Trait5","pKWmEB","PstI.TP1054687"," 6","55917022","","0.0683","C"
"4","Trait5","pKWmEB","PstI.TP853495"," 6","55969223","","0.8477","A"
"4","Trait5","pKWmEB","PstI.TP5871"," 6","55973620","","0.0026","A"
"4","Trait5","pKWmEB","GFSSContig12512_154"," 6","55977814","","0.8571","T"
"4","Trait5","pKWmEB","PstI.TP235452"," 6","55978697","","0.0949","A"
"4","Trait5","pKWmEB","PstI.TP229971"," 6","55979638","","0.0147","C"
"4","Trait5","pKWmEB","PstI.TP30746"," 6","55996095","","0.9000","A"
"4","Trait5","pKWmEB","PstI.TP154255"," 6","56004010","","0.3121","A"
"4","Trait5","pKWmEB","NsiI.TP432616"," 6","56023651","","0.0680","C"
"4","Trait5","pKWmEB","NsiI.TP131991"," 6","56039035","","0.1942","A"
"4","Trait5","pKWmEB","NsiI.TP660389"," 6","56043099","","0.0740","A"
"4","Trait5","pKWmEB","PstI.TP108770"," 6","56043307","","0.0184","C"
"4","Trait5","pKWmEB","NsiI.TP367958"," 6","56046595","","0.3164","A"
"4","Trait5","pKWmEB","PstI.TP264665"," 6","56048899","","0.1153","A"
"4","Trait5","pKWmEB","PstI.TP1131191"," 6","56067093","","0.2904","C"
"4","Trait5","pKWmEB","PstI.TP1013387"," 6","56067170","","0.9624","A"
"4","Trait5","pKWmEB","NsiI.TP615883"," 6","56093448","","1.1227","A"
"4","Trait5","pKWmEB","NsiI.TP443172"," 6","56095890","","0.3903","A"
"4","Trait5","pKWmEB","NsiI.TP571378"," 6","56103799","","0.1436","C"
"4","Trait5","pKWmEB","PstI.TP521219"," 6","56106355","","0.0240","A"
"4","Trait5","pKWmEB","NsiI.TP83350"," 6","56113020","","0.2323","A"
"4","Trait5","pKWmEB","PstI.TP196517"," 6","56113157","","0.1373","A"
"4","Trait5","pKWmEB","PstI.TP842850"," 6","56119362","","1.0565","A"
"4","Trait5","pKWmEB","PstI.TP1170896"," 6","56121480","","0.0485","C"
"4","Trait5","pKWmEB","NsiI.TP283328"," 6","56124259","","0.4156","A"
"4","Trait5","pKWmEB","PstI.TP1202189"," 6","56136214","","0.1400","A"
"4","Trait5","pKWmEB","PstI.TP952007"," 6","56158074","","0.9265","C"
"4","Trait5","pKWmEB","NsiI.TP245378"," 6","56161630","","0.5490","C"
"4","Trait5","pKWmEB","PstI.TP970458"," 6","56171483","","0.0945","G"
"4","Trait5","pKWmEB","NsiI.TP68205"," 6","56171848","","1.7887","C"
"4","Trait5","pKWmEB","PstI.TP5079"," 6","56176224","","0.0293","A"
"4","Trait5","pKWmEB","PstI.TP82893"," 6","56176686","","0.0192","A"
"4","Trait5","pKWmEB","PstI.TP69798"," 6","56178299","","0.2561","A"
"4","Trait5","pKWmEB","PstI.TP69799"," 6","56178336","","0.0521","C"
"4","Trait5","pKWmEB","NsiI.TP730098"," 6","56179482","","0.6389","A"
"4","Trait5","pKWmEB","PstI.TP403732"," 6","56190535","","0.4506","C"
"4","Trait5","pKWmEB","NsiI.TP128897"," 6","56190559","","0.7253","C"
"4","Trait5","pKWmEB","GFSSContig14690_690"," 6","56194502","","0.0256","A"
"4","Trait5","pKWmEB","PstI.TP1215322"," 6","56200436","","0.0847","A"
"4","Trait5","pKWmEB","NsiI.TP199905"," 6","56200562","","0.2770","A"
"4","Trait5","pKWmEB","NsiI.TP731587"," 6","56203927","","0.8743","C"
"4","Trait5","pKWmEB","PstI.TP857105"," 6","56223965","","0.5316","G"
"4","Trait5","pKWmEB","PstI.TP117406"," 6","56228223","","0.3410","A"
"4","Trait5","pKWmEB","PstI.TP1256411"," 6","56228259","","0.0549","A"
"4","Trait5","pKWmEB","PstI.TP1010827"," 6","56256098","","0.5975","C"
"4","Trait5","pKWmEB","NsiI.TP622027"," 6","56256137","","0.4740","A"
"4","Trait5","pKWmEB","PstI.TP1010825"," 6","56256138","","0.0133","G"
"4","Trait5","pKWmEB","PstI.TP1133583"," 6","56256168","","0.8971","C"
"4","Trait5","pKWmEB","PstI.TP1107436"," 6","56260418","","0.2962","A"
"4","Trait5","pKWmEB","PstI.TP537170"," 6","56260618","","0.2849","A"
"4","Trait5","pKWmEB","PstI.TP84004"," 6","56277919","","0.2661","A"
"4","Trait5","pKWmEB","NsiI.TP511316"," 6","56292095","","0.4818","C"
"4","Trait5","pKWmEB","NsiI.TP812442"," 6","56292258","","0.0913","C"
"4","Trait5","pKWmEB","NsiI.TP732154"," 6","56292268","","1.1400","A"
"4","Trait5","pKWmEB","PstI.TP836523"," 6","56292271","","0.4234","A"
"4","Trait5","pKWmEB","PstI.TP836507"," 6","56292310","","0.0307","C"
"4","Trait5","pKWmEB","PstI.TP974629"," 6","56299436","","0.1657","A"
"4","Trait5","pKWmEB","PstI.TP493717"," 6","56319564","","0.8245","A"
"4","Trait5","pKWmEB","PstI.TP1164091"," 6","56319647","","1.1802","A"
"4","Trait5","pKWmEB","PstI.TP1005417"," 6","56320362","","0.6873","A"
"4","Trait5","pKWmEB","PstI.TP198433"," 6","56321576","","1.1345","A"
"4","Trait5","pKWmEB","NsiI.TP752189"," 6","56322309","","0.0644","A"
"4","Trait5","pKWmEB","PstI.TP1040715"," 6","56335665","","0.1925","C"
"4","Trait5","pKWmEB","NsiI.TP430289"," 6","56339001","","0.1106","A"
"4","Trait5","pKWmEB","NsiI.TP456562"," 6","56339426","","0.0968","C"
"4","Trait5","pKWmEB","NsiI.TP647736"," 6","56339998","","0.0918","A"
"4","Trait5","pKWmEB","NsiI.TP331107"," 6","56415654","","0.1518","C"
"4","Trait5","pKWmEB","NsiI.TP578154"," 6","56423273","","0.1961","C"
"4","Trait5","pKWmEB","NsiI.TP330082"," 6","56441570","","0.1424","G"
"4","Trait5","pKWmEB","PstI.TP332925"," 6","56453716","","0.3376","A"
"4","Trait5","pKWmEB","PstI.TP131622"," 6","56461955","","0.0362","G"
"4","Trait5","pKWmEB","PstI.TP835664"," 6","56464407","","0.1032","A"
"4","Trait5","pKWmEB","NsiI.TP242153"," 6","56468194","","0.4497","C"
"4","Trait5","pKWmEB","NsiI.TP500009"," 6","56480966","","0.1202","A"
"4","Trait5","pKWmEB","PstI.TP961191"," 6","56487641","","0.2595","C"
"4","Trait5","pKWmEB","NsiI.TP753334"," 6","56495826","","0.4125","A"
"4","Trait5","pKWmEB","PstI.TP1253662"," 6","56499485","","0.6313","C"
"4","Trait5","pKWmEB","PstI.TP56712"," 6","56500535","","0.5961","C"
"4","Trait5","pKWmEB","PstI.TP1210034"," 6","56500922","","0.1171","A"
"4","Trait5","pKWmEB","PstI.TP664921"," 6","56510699","","0.6443","A"
"4","Trait5","pKWmEB","PstI.TP1282294"," 6","56518735","","0.4506","C"
"4","Trait5","pKWmEB","NsiI.TP652621"," 6","56522972","","0.1211","C"
"4","Trait5","pKWmEB","NsiI.TP328077"," 6","56523479","","0.7905","A"
"4","Trait5","pKWmEB","PstI.TP998608"," 6","56527592","","0.1019","C"
"4","Trait5","pKWmEB","PstI.TP352738"," 6","56528676","","0.0349","A"
"4","Trait5","pKWmEB","PstI.TP935857"," 6","56529731","","0.5467","C"
"4","Trait5","pKWmEB","PstI.TP14771"," 6","56530647","","0.0862","A"
"4","Trait5","pKWmEB","NsiI.TP828108"," 6","56534503","","1.4596","A"
"4","Trait5","pKWmEB","PstI.TP1022791"," 6","56560248","","1.2509","C"
"4","Trait5","pKWmEB","PstI.TP194993"," 6","56572355","","1.0041","C"
"4","Trait5","pKWmEB","PstI.TP486413"," 6","56576701","","0.0560","C"
"4","Trait5","pKWmEB","NsiI.TP350425"," 6","56577810","","1.6522","C"
"4","Trait5","pKWmEB","PstI.TP1188867"," 6","56603345","","0.4330","A"
"4","Trait5","pKWmEB","PstI.TP397515"," 6","56605689","","0.1301","A"
"4","Trait5","pKWmEB","NsiI.TP467289"," 6","56607462","","0.8010","A"
"4","Trait5","pKWmEB","NsiI.TP364137"," 6","56610072","","0.4341","C"
"4","Trait5","pKWmEB","PstI.TP905698"," 6","56616715","","0.6518","C"
"4","Trait5","pKWmEB","PstI.TP530320"," 6","56616921","","0.0454","A"
"4","Trait5","pKWmEB","PstI.TP897409"," 6","56637189","","1.3423","C"
"4","Trait5","pKWmEB","PstI.TP1225179"," 6","56654494","","1.3392","A"
"4","Trait5","pKWmEB","NsiI.TP681396"," 6","56663345","","0.5887","C"
"4","Trait5","pKWmEB","NsiI.TP301278"," 6","56670885","","1.7557","C"
"4","Trait5","pKWmEB","PstI.TP53152"," 6","56671658","","0.4636","A"
"4","Trait5","pKWmEB","PstI.TP193787"," 6","56675267","","1.2502","G"
"4","Trait5","pKWmEB","PstI.TP6170"," 6","56702797","","1.7848","G"
"4","Trait5","pKWmEB","PstI.TP903637"," 6","56715605","","0.1184","C"
"4","Trait5","pKWmEB","NsiI.TP800703"," 6","56715605","","0.3452","C"
"4","Trait5","pKWmEB","PstI.TP792037"," 6","56716329","","0.3417","C"
"4","Trait5","pKWmEB","PstI.TP372251"," 6","56722681","","0.2221","G"
"4","Trait5","pKWmEB","PstI.TP55892"," 6","56726428","","0.7007","A"
"4","Trait5","pKWmEB","PstI.TP501218"," 6","56728483","","1.6299","A"
"4","Trait5","pKWmEB","NsiI.TP720449"," 6","56750628","","0.8946","C"
"4","Trait5","pKWmEB","PstI.TP76178"," 6","56764350","","1.6106","A"
"4","Trait5","pKWmEB","PstI.TP1265941"," 6","56770599","","0.4737","A"
"4","Trait5","pKWmEB","PstI.TP372961"," 6","56802643","","0.3636","C"
"4","Trait5","pKWmEB","PstI.TP548429"," 6","56821011","","1.2164","C"
"4","Trait5","pKWmEB","PstI.TP56944"," 6","56848150","","0.3525","G"
"4","Trait5","pKWmEB","NsiI.TP316300"," 6","56863026","","0.3303","A"
"4","Trait5","pKWmEB","PstI.TP83264"," 6","56897554","","0.2402","A"
"4","Trait5","pKWmEB","PstI.TP1197337"," 6","56902060","","0.1493","A"
"4","Trait5","pKWmEB","PstI.TP1184327"," 6","56902841","","0.6520","C"
"4","Trait5","pKWmEB","PstI.TP844119"," 6","56933495","","1.3935","C"
"4","Trait5","pKWmEB","NsiI.TP591402"," 6","56944734","","0.1849","A"
"4","Trait5","pKWmEB","PstI.TP651659"," 6","56962308","","0.9066","C"
"4","Trait5","pKWmEB","NsiI.TP734796"," 6","56964434","","0.3998","G"
"4","Trait5","pKWmEB","PstI.TP663240"," 6","56975360","","1.9928","A"
"4","Trait5","pKWmEB","NsiI.TP280522"," 6","56981689","","0.6618","C"
"4","Trait5","pKWmEB","NsiI.TP421851"," 6","57002172","","0.2253","A"
"4","Trait5","pKWmEB","NsiI.TP18594"," 6","57003801","","0.0503","G"
"4","Trait5","pKWmEB","NsiI.TP102642"," 6","57016013","","0.2062","A"
"4","Trait5","pKWmEB","NsiI.TP128060"," 6","57028559","","0.1221","A"
"4","Trait5","pKWmEB","PstI.TP1117602"," 6","57030813","","0.2162","C"
"4","Trait5","pKWmEB","PstI.TP600278"," 6","57031081","","1.1686","G"
"4","Trait5","pKWmEB","PstI.TP724661"," 6","57031083","","0.2561","A"
"4","Trait5","pKWmEB","PstI.TP106962"," 6","57047383","","0.0465","C"
"4","Trait5","pKWmEB","PstI.TP483709"," 6","57047399","","0.8815","A"
"4","Trait5","pKWmEB","NsiI.TP634468"," 6","57074553","","0.7188","G"
"4","Trait5","pKWmEB","NsiI.TP616137"," 6","57075072","","0.1629","A"
"4","Trait5","pKWmEB","PstI.TP438189"," 6","57093743","","0.2082","G"
"4","Trait5","pKWmEB","PstI.TP140016"," 6","57096158","","0.9731","A"
"4","Trait5","pKWmEB","PstI.TP642933"," 6","57096182","","0.1729","A"
"4","Trait5","pKWmEB","NsiI.TP820139"," 6","57131130","","0.1975","A"
"4","Trait5","pKWmEB","PstI.TP771790"," 6","57132937","","1.4136","A"
"4","Trait5","pKWmEB","PstI.TP1241719"," 6","57149401","","1.0405","A"
"4","Trait5","pKWmEB","SSk45ctg267941_175"," 6","57153800","","1.1896","A"
"4","Trait5","pKWmEB","NsiI.TP594033"," 6","57171741","","0.0961","A"
"4","Trait5","pKWmEB","PstI.TP456356"," 6","57185583","","0.0366","A"
"4","Trait5","pKWmEB","NsiI.TP643397"," 6","57185862","","0.5110","A"
"4","Trait5","pKWmEB","PstI.TP891306"," 6","57198891","","0.4411","C"
"4","Trait5","pKWmEB","PstI.TP609012"," 6","57199915","","0.1065","A"
"4","Trait5","pKWmEB","PstI.TP1001095"," 6","57206618","","0.1208","A"
"4","Trait5","pKWmEB","PstI.TP935379"," 6","57279614","","0.5301","C"
"4","Trait5","pKWmEB","PstI.TP880089"," 6","57279976","","0.0631","C"
"4","Trait5","pKWmEB","NsiI.TP481486"," 6","57288094","","0.0589","A"
"4","Trait5","pKWmEB","PstI.TP1000965"," 6","57296544","","1.2278","C"
"4","Trait5","pKWmEB","NsiI.TP439033"," 6","57296595","","0.2649","C"
"4","Trait5","pKWmEB","NsiI.TP414848"," 6","57312459","","0.3017","C"
"4","Trait5","pKWmEB","PstI.TP320848"," 6","57315388","","0.0647","A"
"4","Trait5","pKWmEB","PstI.TP288528"," 6","57341720","","0.6579","C"
"4","Trait5","pKWmEB","PstI.TP288453"," 6","57341759","","0.9807","G"
"4","Trait5","pKWmEB","PstI.TP107481"," 6","57341977","","0.0440","C"
"4","Trait5","pKWmEB","NsiI.TP673140"," 6","57348362","","0.6300","A"
"4","Trait5","pKWmEB","PstI.TP9748"," 6","57348418","","0.2698","A"
"4","Trait5","pKWmEB","NsiI.TP525123"," 6","57352236","","0.0322","C"
"4","Trait5","pKWmEB","PstI.TP32618"," 6","57366854","","0.4022","C"
"4","Trait5","pKWmEB","PstI.TP712389"," 6","57378555","","0.5445","A"
"4","Trait5","pKWmEB","PstI.TP712566"," 6","57378569","","0.5913","C"
"4","Trait5","pKWmEB","PstI.TP23606"," 6","57378629","","0.3893","C"
"4","Trait5","pKWmEB","NsiI.TP632931"," 6","57382133","","0.1735","C"
"4","Trait5","pKWmEB","PstI.TP18829"," 6","57385425","","0.3475","C"
"4","Trait5","pKWmEB","PstI.TP524872"," 6","57399018","","0.0759","C"
"4","Trait5","pKWmEB","PstI.TP205597"," 6","57407618","","0.2747","A"
"4","Trait5","pKWmEB","NsiI.TP717026"," 6","57407622","","0.1454","A"
"4","Trait5","pKWmEB","PstI.TP109119"," 6","57407699","","0.1358","A"
"4","Trait5","pKWmEB","NsiI.TP336960"," 6","57407699","","0.1873","A"
"4","Trait5","pKWmEB","NsiI.TP195495"," 6","57418687","","0.3717","A"
"4","Trait5","pKWmEB","NsiI.TP282469"," 6","57439454","","0.2875","C"
"4","Trait5","pKWmEB","PstI.TP788586"," 6","57442567","","0.1036","A"
"4","Trait5","pKWmEB","PstI.TP1207780"," 6","57442628","","0.0970","C"
"4","Trait5","pKWmEB","NsiI.TP247932"," 6","57457942","","1.0289","A"
"4","Trait5","pKWmEB","NsiI.TP20067"," 6","57479677","","0.1303","C"
"4","Trait5","pKWmEB","PstI.TP747216"," 6","57493875","","0.0710","C"
"4","Trait5","pKWmEB","NsiI.TP738234"," 6","57506161","","1.0375","A"
"4","Trait5","pKWmEB","NsiI.TP626412"," 6","57511085","","1.1522","C"
"4","Trait5","pKWmEB","NsiI.TP744039"," 6","57524182","","0.7171","C"
"4","Trait5","pKWmEB","PstI.TP237028"," 6","57528957","","0.5425","A"
"4","Trait5","pKWmEB","PstI.TP466683"," 6","57529741","","0.0408","A"
"4","Trait5","pKWmEB","NsiI.TP72858"," 6","57534669","","0.7654","C"
"4","Trait5","pKWmEB","PstI.TP1194392"," 6","57534861","","0.3865","C"
"4","Trait5","pKWmEB","PstI.TP788844"," 6","57545165","","0.8537","A"
"4","Trait5","pKWmEB","PstI.TP795258"," 6","57545226","","1.4001","A"
"4","Trait5","pKWmEB","PstI.TP1259489"," 6","57549455","","0.5524","C"
"4","Trait5","pKWmEB","PstI.TP247320"," 6","57564285","","0.0029","A"
"4","Trait5","pKWmEB","PstI.TP740799"," 6","57584847","","0.2281","A"
"4","Trait5","pKWmEB","NsiI.TP669710"," 6","57585057","","0.0058","A"
"4","Trait5","pKWmEB","NsiI.TP675931"," 6","57613603","","0.5554","A"
"4","Trait5","pKWmEB","NsiI.TP371517"," 6","57614035","","0.8207","C"
"4","Trait5","pKWmEB","PstI.TP1158253"," 6","57627001","","0.2789","A"
"4","Trait5","pKWmEB","PstI.TP287609"," 6","57643302","","0.6389","C"
"4","Trait5","pKWmEB","PstI.TP835411"," 6","57648141","","0.0231","C"
"4","Trait5","pKWmEB","NsiI.TP776185"," 6","57649718","","0.0227","A"
"4","Trait5","pKWmEB","NsiI.TP194622"," 6","57652913","","0.8033","A"
"4","Trait5","pKWmEB","NsiI.TP194623"," 6","57652918","","0.1361","G"
"4","Trait5","pKWmEB","PstI.TP129838"," 6","57654210","","0.1496","A"
"4","Trait5","pKWmEB","PstI.TP905212"," 6","57657570","","0.3621","G"
"4","Trait5","pKWmEB","PstI.TP905211"," 6","57657581","","0.0860","A"
"4","Trait5","pKWmEB","PstI.TP237934"," 6","57700343","","0.6579","A"
"4","Trait5","pKWmEB","PstI.TP326929"," 6","57706235","","0.5624","C"
"4","Trait5","pKWmEB","PstI.TP548366"," 6","57715874","","0.0399","G"
"4","Trait5","pKWmEB","PstI.TP939692"," 6","57716221","","0.5345","A"
"4","Trait5","pKWmEB","PstI.TP591218"," 6","57716962","","0.2661","A"
"4","Trait5","pKWmEB","NsiI.TP490318"," 6","57719810","","0.2035","A"
"4","Trait5","pKWmEB","NsiI.TP259318"," 6","57753357","","0.1728","A"
"4","Trait5","pKWmEB","NsiI.TP485455"," 6","57754665","","0.1113","A"
"4","Trait5","pKWmEB","PstI.TP159519"," 6","57755767","","0.1984","C"
"4","Trait5","pKWmEB","PstI.TP737551"," 6","57757179","","0.3768","C"
"4","Trait5","pKWmEB","PstI.TP730580"," 6","57757185","","0.3802","A"
"4","Trait5","pKWmEB","NsiI.TP242133"," 6","57757400","","0.2746","G"
"4","Trait5","pKWmEB","PstI.TP992224"," 6","57775119","","0.5311","A"
"4","Trait5","pKWmEB","NsiI.TP512198"," 6","57793820","","0.0521","A"
"4","Trait5","pKWmEB","NsiI.TP232524"," 6","57802011","","2.5270","C"
"4","Trait5","pKWmEB","PstI.TP390264"," 6","57802308","","0.0760","A"
"4","Trait5","pKWmEB","PstI.TP851761"," 6","57802693","","0.0300","C"
"4","Trait5","pKWmEB","NsiI.TP413526"," 6","57806042","","0.5872","A"
"4","Trait5","pKWmEB","NsiI.TP224461"," 6","57810264","","0.0720","C"
"4","Trait5","pKWmEB","PstI.TP790771"," 6","57810483","","0.2863","C"
"4","Trait5","pKWmEB","PstI.TP834327"," 6","57817600","","0.8136","C"
"4","Trait5","pKWmEB","NsiI.TP159695"," 6","57820247","","0.3014","A"
"4","Trait5","pKWmEB","NsiI.TP79476"," 6","57820819","","0.4915","C"
"4","Trait5","pKWmEB","NsiI.TP216248"," 6","57834939","","0.1957","A"
"4","Trait5","pKWmEB","PstI.TP768241"," 6","57836173","","0.4904","C"
"4","Trait5","pKWmEB","NsiI.TP273928"," 6","57836261","","0.4928","A"
"4","Trait5","pKWmEB","PstI.TP793980"," 6","57836411","","0.9334","A"
"4","Trait5","pKWmEB","PstI.TP76339"," 6","57878144","","0.0318","A"
"4","Trait5","pKWmEB","PstI.TP1220431"," 6","57879530","","0.0707","A"
"4","Trait5","pKWmEB","PstI.TP1220434"," 6","57879537","","0.2798","A"
"4","Trait5","pKWmEB","PstI.TP849929"," 6","57879722","","0.1683","C"
"4","Trait5","pKWmEB","NsiI.TP453821"," 6","57882402","","0.0676","C"
"4","Trait5","pKWmEB","NsiI.TP162594"," 6","57886523","","0.1477","A"
"4","Trait5","pKWmEB","NsiI.TP476290"," 6","57889422","","0.1762","G"
"4","Trait5","pKWmEB","PstI.TP702574"," 6","57893505","","0.6133","C"
"4","Trait5","pKWmEB","PstI.TP702632"," 6","57893518","","1.4665","C"
"4","Trait5","pKWmEB","PstI.TP800283"," 6","57893572","","0.0209","C"
"4","Trait5","pKWmEB","PstI.TP190788"," 6","57896394","","0.6206","A"
"4","Trait5","pKWmEB","PstI.TP39954"," 6","57909583","","0.4590","A"
"4","Trait5","pKWmEB","NsiI.TP435787"," 6","57913412","","0.5032","C"
"4","Trait5","pKWmEB","PstI.TP1291741"," 6","57936813","","0.1551","A"
"4","Trait5","pKWmEB","NsiI.TP801132"," 6","57947391","","1.4256","C"
"4","Trait5","pKWmEB","PstI.TP1116298"," 6","57959042","","0.0177","C"
"4","Trait5","pKWmEB","PstI.TP142291"," 6","57969879","","0.7533","C"
"4","Trait5","pKWmEB","PstI.TP10996"," 6","57974096","","1.4200","A"
"4","Trait5","pKWmEB","PstI.TP10997"," 6","57974142","","0.1571","A"
"4","Trait5","pKWmEB","PstI.TP948183"," 6","57978635","","2.2737","C"
"4","Trait5","pKWmEB","PstI.TP303598"," 6","57983184","","0.0385","C"
"4","Trait5","pKWmEB","NsiI.TP519695"," 6","57983728","","0.2121","C"
"4","Trait5","pKWmEB","NsiI.TP241455"," 6","57988621","","0.0835","C"
"4","Trait5","pKWmEB","PstI.TP607682"," 6","57995101","","0.2145","A"
"4","Trait5","pKWmEB","PstI.TP813035"," 6","57995196","","0.0942","G"
"4","Trait5","pKWmEB","PstI.TP631293"," 6","58004328","","0.6234","A"
"4","Trait5","pKWmEB","PstI.TP60298"," 6","58056016","","0.3636","A"
"4","Trait5","pKWmEB","PstI.TP705829"," 6","58061911","","0.2216","G"
"4","Trait5","pKWmEB","NsiI.TP501677"," 6","58064943","","0.0327","A"
"4","Trait5","pKWmEB","PstI.TP521010"," 6","58082275","","0.0885","C"
"4","Trait5","pKWmEB","NsiI.TP521192"," 6","58082292","","0.1794","A"
"4","Trait5","pKWmEB","NsiI.TP458010"," 6","58086518","","0.0877","A"
"4","Trait5","pKWmEB","PstI.TP488800"," 6","58115358","","0.1696","C"
"4","Trait5","pKWmEB","NsiI.TP588611"," 6","58134205","","0.5452","A"
"4","Trait5","pKWmEB","PstI.TP1042254"," 6","58135093","","0.7494","C"
"4","Trait5","pKWmEB","PstI.TP1034013"," 6","58135751","","0.8207","A"
"4","Trait5","pKWmEB","PstI.TP314564"," 6","58138664","","0.0190","C"
"4","Trait5","pKWmEB","NsiI.TP715879"," 6","58155283","","0.1652","C"
"4","Trait5","pKWmEB","NsiI.TP601716"," 6","58162144","","2.7304","G"
"4","Trait5","pKWmEB","GFSSContig14923_586"," 6","58168888","","0.0524","A"
"4","Trait5","pKWmEB","PstI.TP504281"," 6","58184660","","0.3492","C"
"4","Trait5","pKWmEB","PstI.TP778451"," 6","58206490","","0.1259","A"
"4","Trait5","pKWmEB","PstI.TP778256"," 6","58228399","","0.4907","C"
"4","Trait5","pKWmEB","NsiI.TP2617"," 6","58243864","","0.1234","C"
"4","Trait5","pKWmEB","NsiI.TP633832"," 6","58255579","","0.6879","A"
"4","Trait5","pKWmEB","PstI.TP170349"," 6","58256776","","0.6819","A"
"4","Trait5","pKWmEB","PstI.TP170346"," 6","58256823","","0.0114","G"
"4","Trait5","pKWmEB","NsiI.TP765052"," 6","58268710","","0.3085","A"
"4","Trait5","pKWmEB","PstI.TP370440"," 6","58289933","","0.3511","C"
"4","Trait5","pKWmEB","NsiI.TP719023"," 6","58296666","","0.2859","A"
"4","Trait5","pKWmEB","PstI.TP399236"," 6","58316655","","0.4157","A"
"4","Trait5","pKWmEB","NsiI.TP588279"," 6","58376163","","0.1027","A"
"4","Trait5","pKWmEB","NsiI.TP643792"," 6","58379549","","1.2746","C"
"4","Trait5","pKWmEB","PstI.TP30555"," 6","58396527","","0.2293","C"
"4","Trait5","pKWmEB","NsiI.TP336547"," 6","58396661","","1.2133","C"
"4","Trait5","pKWmEB","NsiI.TP159993"," 6","58398203","","0.1651","C"
"4","Trait5","pKWmEB","PstI.TP334179"," 6","58406668","","0.5873","C"
"4","Trait5","pKWmEB","PstI.TP726225"," 6","58406812","","0.6944","C"
"4","Trait5","pKWmEB","NsiI.TP438129"," 6","58406971","","0.2443","A"
"4","Trait5","pKWmEB","NsiI.TP145987"," 6","58406977","","0.0686","C"
"4","Trait5","pKWmEB","PstI.TP775944"," 6","58413507","","0.5923","G"
"4","Trait5","pKWmEB","PstI.TP775950"," 6","58413533","","1.7813","A"
"4","Trait5","pKWmEB","NsiI.TP501261"," 6","58413535","","0.5579","C"
"4","Trait5","pKWmEB","NsiI.TP76464"," 6","58424359","","0.5375","C"
"4","Trait5","pKWmEB","NsiI.TP619911"," 6","58429666","","0.4231","A"
"4","Trait5","pKWmEB","PstI.TP1217836"," 6","58435510","","2.0762","C"
"4","Trait5","pKWmEB","NsiI.TP86762"," 6","58436008","","0.0545","C"
"4","Trait5","pKWmEB","PstI.TP801880"," 6","58436104","","0.1406","C"
"4","Trait5","pKWmEB","PstI.TP489074"," 6","58436504","","0.6622","C"
"4","Trait5","pKWmEB","PstI.TP1066372"," 6","58439886","","0.1685","A"
"4","Trait5","pKWmEB","NsiI.TP405534"," 6","58523762","","0.3452","C"
"4","Trait5","pKWmEB","NsiI.TP778102"," 6","58528060","","0.0644","A"
"4","Trait5","pKWmEB","PstI.TP439021"," 6","58540159","","0.2986","A"
"4","Trait5","pKWmEB","NsiI.TP574391"," 6","58545403","","0.3143","A"
"4","Trait5","pKWmEB","PstI.TP275507"," 6","58569479","","0.9121","A"
"4","Trait5","pKWmEB","PstI.TP175840"," 6","58592000","","0.1774","A"
"4","Trait5","pKWmEB","NsiI.TP386809"," 6","58595512","","0.0881","A"
"4","Trait5","pKWmEB","NsiI.TP155253"," 6","58595723","","0.3113","C"
"4","Trait5","pKWmEB","PstI.TP1157605"," 6","58609671","","0.1450","A"
"4","Trait5","pKWmEB","NsiI.TP507668"," 6","58610975","","0.0854","A"
"4","Trait5","pKWmEB","PstI.TP835397"," 6","58667504","","0.0689","A"
"4","Trait5","pKWmEB","PstI.TP852670"," 6","58714613","","0.5897","G"
"4","Trait5","pKWmEB","PstI.TP72792"," 6","58724525","","0.1107","A"
"4","Trait5","pKWmEB","NsiI.TP738186"," 6","58739865","","0.2576","C"
"4","Trait5","pKWmEB","PstI.TP4385"," 6","58740341","","0.1768","C"
"4","Trait5","pKWmEB","PstI.TP817774"," 6","58758257","","0.1907","A"
"4","Trait5","pKWmEB","PstI.TP238093"," 6","58773636","","0.1818","A"
"4","Trait5","pKWmEB","NsiI.TP819619"," 6","58811249","","0.1314","C"
"4","Trait5","pKWmEB","NsiI.TP832911"," 6","58867494","","0.1946","A"
"4","Trait5","pKWmEB","NsiI.TP82490"," 6","58904524","","0.0715","C"
"4","Trait5","pKWmEB","NsiI.TP82489"," 6","58904532","","0.7839","C"
"4","Trait5","pKWmEB","PstI.TP478785"," 6","58929159","","1.3523","C"
"4","Trait5","pKWmEB","NsiI.TP649727"," 6","58930501","","0.4121","A"
"4","Trait5","pKWmEB","PstI.TP633833"," 6","58948452","","0.0054","C"
"4","Trait5","pKWmEB","PstI.TP213773"," 6","58954159","","0.8238","C"
"4","Trait5","pKWmEB","PstI.TP470333"," 6","58970821","","0.4452","A"
"4","Trait5","pKWmEB","NsiI.TP427077"," 6","58976715","","0.1018","G"
"4","Trait5","pKWmEB","NsiI.TP632222"," 6","58978800","","0.0096","A"
"4","Trait5","pKWmEB","PstI.TP276388"," 6","59032815","","0.3860","A"
"4","Trait5","pKWmEB","PstI.TP915148"," 6","59035373","","0.0315","A"
"4","Trait5","pKWmEB","PstI.TP335168"," 6","59035662","","1.1423","A"
"4","Trait5","pKWmEB","NsiI.TP632245"," 6","59042785","","0.3252","C"
"4","Trait5","pKWmEB","NsiI.TP270625"," 6","59050895","","0.0734","C"
"4","Trait5","pKWmEB","NsiI.TP513068"," 6","59061092","","0.1380","A"
"4","Trait5","pKWmEB","PstI.TP481162"," 6","59078996","","0.2674","C"
"4","Trait5","pKWmEB","PstI.TP1052406"," 6","59086414","","0.5564","A"
"4","Trait5","pKWmEB","PstI.TP103610"," 6","59105747","","1.4826","C"
"4","Trait5","pKWmEB","PstI.TP331343"," 6","59149622","","0.2085","C"
"4","Trait5","pKWmEB","PstI.TP227295"," 6","59150201","","0.8673","A"
"4","Trait5","pKWmEB","PstI.TP227292"," 6","59150219","","0.2395","A"
"4","Trait5","pKWmEB","NsiI.TP488846"," 6","59151683","","0.8334","A"
"4","Trait5","pKWmEB","NsiI.TP496491"," 6","59152519","","0.2718","C"
"4","Trait5","pKWmEB","NsiI.TP84456"," 6","59154178","","0.0161","C"
"4","Trait5","pKWmEB","PstI.TP988737"," 6","59154787","","0.0803","A"
"4","Trait5","pKWmEB","PstI.TP794003"," 6","59161184","","0.3974","C"
"4","Trait5","pKWmEB","PstI.TP321563"," 6","59162064","","0.1777","C"
"4","Trait5","pKWmEB","NsiI.TP759309"," 6","59162760","","0.3903","A"
"4","Trait5","pKWmEB","PstI.TP1277861"," 6","59200808","","0.4506","A"
"4","Trait5","pKWmEB","PstI.TP1177266"," 6","59202858","","0.3031","C"
"4","Trait5","pKWmEB","NsiI.TP603010"," 6","59204334","","1.2047","A"
"4","Trait5","pKWmEB","PstI.TP842278"," 6","59205393","","0.2144","A"
"4","Trait5","pKWmEB","PstI.TP397762"," 6","59210882","","0.5873","A"
"4","Trait5","pKWmEB","NsiI.TP190313"," 6","59215135","","0.3501","C"
"4","Trait5","pKWmEB","NsiI.TP190393"," 6","59215148","","0.8045","C"
"4","Trait5","pKWmEB","PstI.TP338409"," 6","59229037","","0.3464","A"
"4","Trait5","pKWmEB","PstI.TP777906"," 6","59229689","","0.2856","G"
"4","Trait5","pKWmEB","NsiI.TP661719"," 6","59229805","","0.2462","A"
"4","Trait5","pKWmEB","NsiI.TP753524"," 6","59244046","","0.7375","A"
"4","Trait5","pKWmEB","PstI.TP486374"," 6","59260024","","0.5341","C"
"4","Trait5","pKWmEB","PstI.TP129534"," 6","59260056","","0.1666","A"
"4","Trait5","pKWmEB","PstI.TP730230"," 6","59266399","","0.4036","C"
"4","Trait5","pKWmEB","PstI.TP869361"," 6","59266531","","0.1357","A"
"4","Trait5","pKWmEB","NsiI.TP470727"," 6","59267751","","0.3653","C"
"4","Trait5","pKWmEB","NsiI.TP470728"," 6","59267758","","0.0111","C"
"4","Trait5","pKWmEB","NsiI.TP194597"," 6","59271134","","0.2418","C"
"4","Trait5","pKWmEB","PstI.TP892086"," 6","59280417","","0.1361","C"
"4","Trait5","pKWmEB","PstI.TP892085"," 6","59280431","","0.5327","A"
"4","Trait5","pKWmEB","PstI.TP329481"," 6","59280530","","1.6965","C"
"4","Trait5","pKWmEB","PstI.TP185495"," 6","59285400","","0.4320","A"
"4","Trait5","pKWmEB","PstI.TP38843"," 6","59303111","","1.1341","A"
"4","Trait5","pKWmEB","PstI.TP1047519"," 6","59303243","","0.0972","A"
"4","Trait5","pKWmEB","PstI.TP991294"," 6","59307100","","0.9364","C"
"4","Trait5","pKWmEB","NsiI.TP237305"," 6","59308123","","0.0463","C"
"4","Trait5","pKWmEB","PstI.TP445226"," 6","59322753","","0.2716","C"
"4","Trait5","pKWmEB","NsiI.TP492150"," 6","59336161","","0.1033","C"
"4","Trait5","pKWmEB","PstI.TP141574"," 6","59338202","","0.2420","A"
"4","Trait5","pKWmEB","NsiI.TP482309"," 6","59367337","","1.0356","A"
"4","Trait5","pKWmEB","PstI.TP45951"," 6","59395812","","0.2815","A"
"4","Trait5","pKWmEB","PstI.TP235381"," 6","59397846","","0.0390","C"
"4","Trait5","pKWmEB","NsiI.TP489265"," 6","59398588","","0.1990","A"
"4","Trait5","pKWmEB","PstI.TP1214647"," 6","59411717","","0.2221","C"
"4","Trait5","pKWmEB","NsiI.TP9954"," 6","59437948","","0.3205","C"
"4","Trait5","pKWmEB","PstI.TP479153"," 6","59457053","","0.2255","C"
"4","Trait5","pKWmEB","PstI.TP1130612"," 6","59457930","","1.6522","G"
"4","Trait5","pKWmEB","NsiI.TP255006"," 6","59462133","","0.3796","G"
"4","Trait5","pKWmEB","PstI.TP87734"," 6","59462232","","0.0038","C"
"4","Trait5","pKWmEB","PstI.TP1138111"," 6","59474252","","0.1576","C"
"4","Trait5","pKWmEB","PstI.TP136466"," 6","59486334","","1.0534","C"
"4","Trait5","pKWmEB","NsiI.TP704131"," 6","59491352","","1.2788","C"
"4","Trait5","pKWmEB","PstI.TP369771"," 6","59498070","","0.5378","A"
"4","Trait5","pKWmEB","PstI.TP1026640"," 6","59504271","","0.7906","G"
"4","Trait5","pKWmEB","PstI.TP764580"," 6","59535314","","0.0734","C"
"4","Trait5","pKWmEB","PstI.TP1056646"," 6","59557295","","0.5485","A"
"4","Trait5","pKWmEB","PstI.TP987182"," 6","59584031","","0.1877","C"
"4","Trait5","pKWmEB","PstI.TP734120"," 6","59587728","","0.0417","C"
"4","Trait5","pKWmEB","NsiI.TP466689"," 6","59609489","","0.1323","A"
"4","Trait5","pKWmEB","PstI.TP512318"," 6","59662141","","0.3607","C"
"4","Trait5","pKWmEB","PstI.TP526605"," 6","59665185","","1.6739","C"
"4","Trait5","pKWmEB","NsiI.TP432803"," 6","59676430","","0.1683","C"
"4","Trait5","pKWmEB","PstI.TP336379"," 6","59676748","","0.3181","G"
"4","Trait5","pKWmEB","NsiI.TP814519"," 6","59730617","","0.4846","C"
"4","Trait5","pKWmEB","PstI.TP991905"," 6","59754229","","0.2321","C"
"4","Trait5","pKWmEB","PstI.TP875252"," 6","59755110","","0.0523","C"
"4","Trait5","pKWmEB","PstI.TP542042"," 6","59774160","","0.3196","C"
"4","Trait5","pKWmEB","PstI.TP339221"," 6","59779202","","0.1377","A"
"4","Trait5","pKWmEB","PstI.TP891088"," 6","59779244","","0.4375","A"
"4","Trait5","pKWmEB","PstI.TP109212"," 6","59782352","","0.5288","A"
"4","Trait5","pKWmEB","NsiI.TP315856"," 6","59791041","","0.1406","A"
"4","Trait5","pKWmEB","NsiI.TP355898"," 6","59799004","","0.1563","A"
"4","Trait5","pKWmEB","NsiI.TP213093"," 6","59804743","","0.0739","C"
"4","Trait5","pKWmEB","PstI.TP12840"," 6","59806368","","0.3248","A"
"4","Trait5","pKWmEB","NsiI.TP314107"," 6","59809134","","0.1663","C"
"4","Trait5","pKWmEB","PstI.TP865112"," 6","59811074","","0.3332","A"
"4","Trait5","pKWmEB","PstI.TP535662"," 6","59819342","","0.2291","A"
"4","Trait5","pKWmEB","NsiI.TP402599"," 6","59824065","","0.2092","C"
"4","Trait5","pKWmEB","PstI.TP391109"," 6","59848588","","1.5835","C"
"4","Trait5","pKWmEB","PstI.TP1238644"," 6","59852352","","0.4227","A"
"4","Trait5","pKWmEB","NsiI.TP182282"," 6","59883321","","0.4976","A"
"4","Trait5","pKWmEB","NsiI.TP401041"," 6","59883335","","0.1124","C"
"4","Trait5","pKWmEB","NsiI.TP41313"," 6","59886024","","0.0612","C"
"4","Trait5","pKWmEB","NsiI.TP177667"," 6","59886394","","0.5556","G"
"4","Trait5","pKWmEB","PstI.TP1076395"," 6","59888575","","0.0836","A"
"4","Trait5","pKWmEB","PstI.TP1150436"," 6","59888830","","0.5592","A"
"4","Trait5","pKWmEB","PstI.TP143719"," 6","59895028","","0.0046","A"
"4","Trait5","pKWmEB","PstI.TP363146"," 6","59896427","","0.3394","A"
"4","Trait5","pKWmEB","PstI.TP505868"," 6","59912704","","0.0281","G"
"4","Trait5","pKWmEB","NsiI.TP423163"," 6","59915726","","0.5813","C"
"4","Trait5","pKWmEB","PstI.TP617763"," 6","59944553","","0.0071","A"
"4","Trait5","pKWmEB","PstI.TP418863"," 6","59970341","","0.0734","C"
"4","Trait5","pKWmEB","PstI.TP129599"," 6","59971682","","0.1174","C"
"4","Trait5","pKWmEB","PstI.TP442698"," 6","59971726","","0.2389","G"
"4","Trait5","pKWmEB","PstI.TP1057198"," 6","59986445","","0.1400","A"
"4","Trait5","pKWmEB","NsiI.TP560218"," 6","59987875","","1.2140","A"
"4","Trait5","pKWmEB","NsiI.TP546343"," 6","59988582","","0.0169","A"
"4","Trait5","pKWmEB","PstI.TP1102166"," 6","59992695","","1.7221","G"
"4","Trait5","pKWmEB","NsiI.TP495563"," 6","59994547","","0.1539","A"
"4","Trait5","pKWmEB","NsiI.TP467799"," 6","59995545","","1.5035","A"
"4","Trait5","pKWmEB","PstI.TP468154"," 6","60014973","","0.1850","C"
"4","Trait5","pKWmEB","PstI.TP868802"," 6","60027130","","0.0876","C"
"4","Trait5","pKWmEB","NsiI.TP484026"," 6","60029432","","1.1773","A"
"4","Trait5","pKWmEB","NsiI.TP653986"," 6","60029500","","0.4435","C"
"4","Trait5","pKWmEB","NsiI.TP420308"," 6","60032693","","0.0170","G"
"4","Trait5","pKWmEB","NsiI.TP38472"," 6","60033879","","0.0331","A"
"4","Trait5","pKWmEB","NsiI.TP439076"," 6","60033895","","0.4160","C"
"4","Trait5","pKWmEB","NsiI.TP319156"," 6","60040387","","1.3438","A"
"4","Trait5","pKWmEB","PstI.TP318365"," 6","60042786","","0.6005","C"
"4","Trait5","pKWmEB","PstI.TP1215769"," 6","60047342","","0.0123","A"
"4","Trait5","pKWmEB","NsiI.TP260863"," 6","60088479","","0.0513","A"
"4","Trait5","pKWmEB","PstI.TP847186"," 6","60089588","","0.5280","A"
"4","Trait5","pKWmEB","PstI.TP715177"," 6","60091046","","0.4665","A"
"4","Trait5","pKWmEB","PstI.TP1083831"," 6","60095067","","0.8343","C"
"4","Trait5","pKWmEB","PstI.TP341197"," 6","60102603","","0.4510","A"
"4","Trait5","pKWmEB","PstI.TP852912"," 6","60106545","","0.8285","C"
"4","Trait5","pKWmEB","PstI.TP378126"," 6","60113569","","0.6611","C"
"4","Trait5","pKWmEB","PstI.TP602730"," 6","60118411","","0.2293","C"
"4","Trait5","pKWmEB","PstI.TP1189353"," 6","60148665","","0.5274","C"
"4","Trait5","pKWmEB","PstI.TP104263"," 6","60154805","","0.0743","A"
"4","Trait5","pKWmEB","PstI.TP230384"," 6","60169404","","0.7454","A"
"4","Trait5","pKWmEB","PstI.TP230539"," 6","60169420","","0.3578","A"
"4","Trait5","pKWmEB","PstI.TP416435"," 6","60209749","","0.3794","A"
"4","Trait5","pKWmEB","PstI.TP1149778"," 6","60214816","","0.3789","C"
"4","Trait5","pKWmEB","PstI.TP1149043"," 6","60216688","","0.2874","A"
"4","Trait5","pKWmEB","NsiI.TP781"," 6","60217819","","0.4781","C"
"4","Trait5","pKWmEB","PstI.TP241352"," 6","60244644","","1.0400","A"
"4","Trait5","pKWmEB","NsiI.TP832308"," 6","60249745","","0.1956","C"
"4","Trait5","pKWmEB","NsiI.TP208703"," 6","60262934","","0.1046","G"
"4","Trait5","pKWmEB","PstI.TP345529"," 6","60263361","","0.3030","C"
"4","Trait5","pKWmEB","PstI.TP1063220"," 6","60291900","","0.5622","A"
"4","Trait5","pKWmEB","NsiI.TP462327"," 6","60309461","","0.7780","A"
"4","Trait5","pKWmEB","NsiI.TP798937"," 6","60315548","","0.3298","C"
"4","Trait5","pKWmEB","PstI.TP197872"," 6","60334759","","0.2996","A"
"4","Trait5","pKWmEB","PstI.TP57877"," 6","60339998","","1.3786","A"
"4","Trait5","pKWmEB","PstI.TP694243"," 6","60342369","","0.2315","C"
"4","Trait5","pKWmEB","NsiI.TP515368"," 6","60343446","","0.7496","A"
"4","Trait5","pKWmEB","PstI.TP842838"," 6","60343852","","0.0502","C"
"4","Trait5","pKWmEB","PstI.TP869627"," 6","60343900","","0.0485","C"
"4","Trait5","pKWmEB","PstI.TP635120"," 6","60367190","","0.9131","A"
"4","Trait5","pKWmEB","PstI.TP970427"," 6","60381753","","0.1536","C"
"4","Trait5","pKWmEB","PstI.TP1123906"," 6","60391907","","0.4277","A"
"4","Trait5","pKWmEB","PstI.TP9243"," 6","60399770","","0.4131","A"
"4","Trait5","pKWmEB","NsiI.TP553287"," 6","60412595","","0.2013","C"
"4","Trait5","pKWmEB","NsiI.TP701438"," 6","60419610","","0.0038","C"
"4","Trait5","pKWmEB","PstI.TP849641"," 6","60429835","","0.0341","C"
"4","Trait5","pKWmEB","PstI.TP265313"," 6","60430462","","0.0149","G"
"4","Trait5","pKWmEB","PstI.TP265310"," 6","60430494","","0.9078","A"
"4","Trait5","pKWmEB","NsiI.TP566468"," 6","60434717","","0.1796","C"
"4","Trait5","pKWmEB","PstI.TP575261"," 6","60436204","","0.2044","C"
"4","Trait5","pKWmEB","PstI.TP1198766"," 6","60436257","","0.2716","A"
"4","Trait5","pKWmEB","NsiI.TP377463"," 6","60436934","","0.0762","A"
"4","Trait5","pKWmEB","NsiI.TP530594"," 6","60462758","","0.1740","A"
"4","Trait5","pKWmEB","NsiI.TP447267"," 6","60469529","","0.2526","A"
"4","Trait5","pKWmEB","PstI.TP596173"," 6","60494225","","0.1309","A"
"4","Trait5","pKWmEB","PstI.TP126085"," 6","60503682","","0.4853","A"
"4","Trait5","pKWmEB","PstI.TP689277"," 6","60532782","","0.8778","C"
"4","Trait5","pKWmEB","NsiI.TP120969"," 6","60535359","","0.2185","A"
"4","Trait5","pKWmEB","NsiI.TP29303"," 6","60535449","","0.7698","C"
"4","Trait5","pKWmEB","NsiI.TP487191"," 6","60542053","","1.2434","G"
"4","Trait5","pKWmEB","PstI.TP270919"," 6","60547387","","1.3078","A"
"4","Trait5","pKWmEB","PstI.TP367854"," 6","60552256","","0.4506","A"
"4","Trait5","pKWmEB","NsiI.TP716304"," 6","60564615","","1.5030","C"
"4","Trait5","pKWmEB","NsiI.TP354992"," 6","60567551","","0.1600","C"
"4","Trait5","pKWmEB","PstI.TP1129524"," 6","60568508","","0.4126","C"
"4","Trait5","pKWmEB","NsiI.TP755117"," 6","60605057","","0.5368","A"
"4","Trait5","pKWmEB","PstI.TP850678"," 6","60613447","","0.2381","A"
"4","Trait5","pKWmEB","PstI.TP508638"," 6","60618174","","0.2713","C"
"4","Trait5","pKWmEB","PstI.TP1097898"," 6","60631235","","0.4158","C"
"4","Trait5","pKWmEB","NsiI.TP198104"," 6","60637596","","0.5039","C"
"4","Trait5","pKWmEB","PstI.TP328075"," 6","60646349","","0.5497","A"
"4","Trait5","pKWmEB","PstI.TP940966"," 6","60646441","","0.9363","C"
"4","Trait5","pKWmEB","PstI.TP972848"," 6","60648409","","0.1160","C"
"4","Trait5","pKWmEB","NsiI.TP438846"," 6","60651214","","0.7647","A"
"4","Trait5","pKWmEB","NsiI.TP281038"," 6","60652088","","0.2966","C"
"4","Trait5","pKWmEB","PstI.TP122561"," 6","60674270","","0.0911","C"
"4","Trait5","pKWmEB","PstI.TP26581"," 6","60674367","","0.1822","A"
"4","Trait5","pKWmEB","PstI.TP980534"," 6","60689389","","0.7956","A"
"4","Trait5","pKWmEB","PstI.TP980540"," 6","60689401","","0.1986","C"
"4","Trait5","pKWmEB","PstI.TP66649"," 6","60694093","","0.0227","A"
"4","Trait5","pKWmEB","PstI.TP710627"," 6","60713934","","0.8983","A"
"4","Trait5","pKWmEB","PstI.TP639463"," 6","60717357","","0.0783","C"
"4","Trait5","pKWmEB","NsiI.TP119888"," 6","60728366","","1.2142","C"
"4","Trait5","pKWmEB","NsiI.TP108795"," 6","60742462","","1.1744","A"
"4","Trait5","pKWmEB","NsiI.TP618390"," 6","60751309","","0.6517","A"
"4","Trait5","pKWmEB","NsiI.TP687408"," 6","60752823","","0.1048","A"
"4","Trait5","pKWmEB","NsiI.TP113749"," 6","60754309","","0.0709","G"
"4","Trait5","pKWmEB","NsiI.TP554250"," 6","60761230","","0.7098","C"
"4","Trait5","pKWmEB","PstI.TP189668"," 6","60778232","","0.0231","C"
"4","Trait5","pKWmEB","NsiI.TP385601"," 6","60780427","","0.4606","A"
"4","Trait5","pKWmEB","NsiI.TP622761"," 6","60784944","","0.0234","G"
"4","Trait5","pKWmEB","NsiI.TP462904"," 6","60785010","","0.1847","C"
"4","Trait5","pKWmEB","NsiI.TP462905"," 6","60785058","","0.3828","A"
"4","Trait5","pKWmEB","NsiI.TP493318"," 6","60799416","","0.2867","A"
"4","Trait5","pKWmEB","PstI.TP1193013"," 6","60825902","","1.0053","C"
"4","Trait5","pKWmEB","PstI.TP239479"," 6","60863430","","0.2123","A"
"4","Trait5","pKWmEB","PstI.TP239480"," 6","60863471","","0.1858","G"
"4","Trait5","pKWmEB","NsiI.TP414274"," 6","60875029","","0.3131","G"
"4","Trait5","pKWmEB","PstI.TP337023"," 6","60875356","","0.3285","A"
"4","Trait5","pKWmEB","PstI.TP537490"," 6","60875735","","0.2514","A"
"4","Trait5","pKWmEB","NsiI.TP612406"," 6","60875790","","0.0071","C"
"4","Trait5","pKWmEB","NsiI.TP35284"," 6","60880292","","0.3147","A"
"4","Trait5","pKWmEB","NsiI.TP130499"," 6","60880934","","0.1298","C"
"4","Trait5","pKWmEB","PstI.TP957846"," 6","60884941","","0.1015","C"
"4","Trait5","pKWmEB","PstI.TP969397"," 6","60888114","","0.2180","C"
"4","Trait5","pKWmEB","PstI.TP1056336"," 6","60888540","","0.3795","A"
"4","Trait5","pKWmEB","NsiI.TP441356"," 6","60900720","","0.2819","A"
"4","Trait5","pKWmEB","PstI.TP143356"," 6","60904975","","0.0121","A"
"4","Trait5","pKWmEB","NsiI.TP723118"," 6","60909505","","0.3148","C"
"4","Trait5","pKWmEB","PstI.TP786113"," 6","60914620","","0.2973","G"
"4","Trait5","pKWmEB","PstI.TP882117"," 6","60916924","","1.0912","A"
"4","Trait5","pKWmEB","NsiI.TP463510"," 6","60917451","","0.2149","A"
"4","Trait5","pKWmEB","PstI.TP931840"," 6","60969038","","0.0553","A"
"4","Trait5","pKWmEB","NsiI.TP593220"," 6","60969842","","0.5189","A"
"4","Trait5","pKWmEB","NsiI.TP352630"," 6","61001540","","0.1845","A"
"4","Trait5","pKWmEB","NsiI.TP6145"," 6","61036028","","0.5793","C"
"4","Trait5","pKWmEB","NsiI.TP370740"," 6","61057670","","0.0199","C"
"4","Trait5","pKWmEB","NsiI.TP521456"," 6","61057730","","2.0453","G"
"4","Trait5","pKWmEB","PstI.TP180297"," 6","61058221","","0.2746","A"
"4","Trait5","pKWmEB","PstI.TP1091418"," 6","61060394","","0.0941","A"
"4","Trait5","pKWmEB","PstI.TP1091422"," 6","61060401","","1.4137","A"
"4","Trait5","pKWmEB","PstI.TP377002"," 6","61062556","","0.2389","A"
"4","Trait5","pKWmEB","PstI.TP18970"," 6","61062915","","0.1481","C"
"4","Trait5","pKWmEB","PstI.TP53078"," 6","61063893","","0.0426","A"
"4","Trait5","pKWmEB","PstI.TP781185"," 6","61093857","","0.1417","C"
"4","Trait5","pKWmEB","GFSSContig19719_251"," 6","61112395","","0.1155","T"
"4","Trait5","pKWmEB","NsiI.TP291101"," 6","61129114","","1.7066","A"
"4","Trait5","pKWmEB","NsiI.TP414216"," 6","61141240","","0.2201","G"
"4","Trait5","pKWmEB","PstI.TP737762"," 6","61153494","","0.0013","A"
"4","Trait5","pKWmEB","PstI.TP120908"," 6","61169728","","0.4680","A"
"4","Trait5","pKWmEB","NsiI.TP815226"," 6","61195375","","0.0592","A"
"4","Trait5","pKWmEB","NsiI.TP494652"," 6","61215782","","0.1081","A"
"4","Trait5","pKWmEB","NsiI.TP481611"," 6","61215825","","0.6478","C"
"4","Trait5","pKWmEB","NsiI.TP311723"," 6","61255833","","0.1229","A"
"4","Trait5","pKWmEB","GFSSContig19690_2175"," 6","61270516","","0.0456","A"
"4","Trait5","pKWmEB","NsiI.TP150595"," 6","61271173","","0.4380","C"
"4","Trait5","pKWmEB","NsiI.TP304335"," 6","61272905","","0.4285","A"
"4","Trait5","pKWmEB","NsiI.TP233877"," 7","   31517","","0.7913","A"
"4","Trait5","pKWmEB","PstI.TP362309"," 7","   71318","","0.1390","A"
"4","Trait5","pKWmEB","NsiI.TP454446"," 7","   78212","","1.5396","G"
"4","Trait5","pKWmEB","PstI.TP76154"," 7","   78270","","0.1955","C"
"4","Trait5","pKWmEB","PstI.TP630774"," 7","   78389","","0.0889","C"
"4","Trait5","pKWmEB","NsiI.TP503227"," 7","   87451","","0.6398","C"
"4","Trait5","pKWmEB","PstI.TP1291023"," 7","  106971","","0.6900","A"
"4","Trait5","pKWmEB","PstI.TP116696"," 7","  122728","","0.3452","C"
"4","Trait5","pKWmEB","PstI.TP1196894"," 7","  124663","","0.0897","G"
"4","Trait5","pKWmEB","PstI.TP89020"," 7","  147527","","0.1259","A"
"4","Trait5","pKWmEB","NsiI.TP522662"," 7","  218157","","0.5902","A"
"4","Trait5","pKWmEB","NsiI.TP616438"," 7","  220037","","1.1421","G"
"4","Trait5","pKWmEB","NsiI.TP135109"," 7","  234266","","0.4461","C"
"4","Trait5","pKWmEB","PstI.TP161281"," 7","  277773","","0.0462","A"
"4","Trait5","pKWmEB","PstI.TP149030"," 7","  321322","","0.0769","C"
"4","Trait5","pKWmEB","NsiI.TP414779"," 7","  321443","","1.1800","A"
"4","Trait5","pKWmEB","PstI.TP71420"," 7","  342781","","0.2727","A"
"4","Trait5","pKWmEB","NsiI.TP687419"," 7","  367431","","0.1047","A"
"4","Trait5","pKWmEB","PstI.TP549777"," 7","  410234","","0.2368","A"
"4","Trait5","pKWmEB","NsiI.TP383667"," 7","  419094","","1.3843","A"
"4","Trait5","pKWmEB","NsiI.TP360855"," 7","  438208","","1.1713","C"
"4","Trait5","pKWmEB","GFk35ctg307257_202"," 7","  454127","","1.1438","C"
"4","Trait5","pKWmEB","NsiI.TP368808"," 7","  460393","","0.1837","C"
"4","Trait5","pKWmEB","NsiI.TP780103"," 7","  462996","","0.0139","A"
"4","Trait5","pKWmEB","NsiI.TP559899"," 7","  468069","","0.3728","A"
"4","Trait5","pKWmEB","PstI.TP1016898"," 7","  469707","","0.3924","C"
"4","Trait5","pKWmEB","PstI.TP72122"," 7","  476104","","0.0311","G"
"4","Trait5","pKWmEB","NsiI.TP520570"," 7","  545180","","0.1374","A"
"4","Trait5","pKWmEB","NsiI.TP525038"," 7","  581686","","0.1341","G"
"4","Trait5","pKWmEB","PstI.TP718858"," 7","  651781","","0.3584","C"
"4","Trait5","pKWmEB","PstI.TP997226"," 7","  651806","","0.1532","C"
"4","Trait5","pKWmEB","PstI.TP892511"," 7","  657459","","0.3489","C"
"4","Trait5","pKWmEB","NsiI.TP426016"," 7","  737647","","1.6175","A"
"4","Trait5","pKWmEB","NsiI.TP406194"," 7","  747515","","0.6998","C"
"4","Trait5","pKWmEB","PstI.TP59203"," 7","  749733","","0.4044","A"
"4","Trait5","pKWmEB","PstI.TP821402"," 7","  756601","","0.3053","C"
"4","Trait5","pKWmEB","NsiI.TP437012"," 7","  773307","","0.2043","C"
"4","Trait5","pKWmEB","PstI.TP788417"," 7","  776026","","0.3245","C"
"4","Trait5","pKWmEB","NsiI.TP504300"," 7","  797624","","0.1096","C"
"4","Trait5","pKWmEB","NsiI.TP795154"," 7","  797632","","0.0385","A"
"4","Trait5","pKWmEB","PstI.TP985052"," 7","  798011","","0.6245","A"
"4","Trait5","pKWmEB","NsiI.TP499460"," 7","  798923","","0.0350","C"
"4","Trait5","pKWmEB","NsiI.TP762015"," 7","  823818","","0.0271","A"
"4","Trait5","pKWmEB","PstI.TP433372"," 7","  840822","","0.4393","A"
"4","Trait5","pKWmEB","PstI.TP643786"," 7","  854183","","0.1237","G"
"4","Trait5","pKWmEB","PstI.TP1182515"," 7"," 1054816","","0.0324","C"
"4","Trait5","pKWmEB","PstI.TP543910"," 7"," 1085478","","0.3419","A"
"4","Trait5","pKWmEB","PstI.TP712552"," 7"," 1086282","","0.6439","G"
"4","Trait5","pKWmEB","PstI.TP981064"," 7"," 1089957","","0.1757","C"
"4","Trait5","pKWmEB","NsiI.TP264302"," 7"," 1095474","","0.3227","A"
"4","Trait5","pKWmEB","NsiI.TP187645"," 7"," 1097793","","0.0123","A"
"4","Trait5","pKWmEB","NsiI.TP746335"," 7"," 1106834","","0.6535","A"
"4","Trait5","pKWmEB","NsiI.TP512240"," 7"," 1162933","","0.1066","C"
"4","Trait5","pKWmEB","NsiI.TP110876"," 7"," 1168364","","0.3636","C"
"4","Trait5","pKWmEB","PstI.TP1216346"," 7"," 1189753","","0.1600","C"
"4","Trait5","pKWmEB","NsiI.TP235215"," 7"," 1216516","","0.2252","A"
"4","Trait5","pKWmEB","NsiI.TP222605"," 7"," 1240431","","0.2221","A"
"4","Trait5","pKWmEB","NsiI.TP172100"," 7"," 1240905","","0.2257","C"
"4","Trait5","pKWmEB","PstI.TP400705"," 7"," 1246953","","0.7170","C"
"4","Trait5","pKWmEB","PstI.TP1251020"," 7"," 1288842","","0.5136","C"
"4","Trait5","pKWmEB","PstI.TP1028796"," 7"," 1303319","","0.4856","A"
"4","Trait5","pKWmEB","PstI.TP1031122"," 7"," 1303332","","1.0088","G"
"4","Trait5","pKWmEB","PstI.TP1142585"," 7"," 1313266","","0.0603","G"
"4","Trait5","pKWmEB","PstI.TP1064114"," 7"," 1325659","","0.0164","A"
"4","Trait5","pKWmEB","NsiI.TP472028"," 7"," 1360842","","0.2484","G"
"4","Trait5","pKWmEB","NsiI.TP467189"," 7"," 1360879","","0.5747","C"
"4","Trait5","pKWmEB","PstI.TP768360"," 7"," 1380504","","0.2422","G"
"4","Trait5","pKWmEB","NsiI.TP808619"," 7"," 1383551","","0.1746","C"
"4","Trait5","pKWmEB","NsiI.TP612238"," 7"," 1383894","","0.0432","A"
"4","Trait5","pKWmEB","NsiI.TP612137"," 7"," 1383916","","0.5251","A"
"4","Trait5","pKWmEB","PstI.TP633054"," 7"," 1390154","","0.7376","G"
"4","Trait5","pKWmEB","PstI.TP215636"," 7"," 1402504","","0.2094","G"
"4","Trait5","pKWmEB","PstI.TP834052"," 7"," 1418418","","0.0959","C"
"4","Trait5","pKWmEB","PstI.TP1211451"," 7"," 1420994","","0.9629","G"
"4","Trait5","pKWmEB","PstI.TP1061605"," 7"," 1432552","","0.0760","A"
"4","Trait5","pKWmEB","PstI.TP229796"," 7"," 1433957","","0.7961","C"
"4","Trait5","pKWmEB","PstI.TP77165"," 7"," 1443983","","0.6812","G"
"4","Trait5","pKWmEB","PstI.TP977648"," 7"," 1460970","","0.4430","A"
"4","Trait5","pKWmEB","NsiI.TP519707"," 7"," 1494744","","0.0911","C"
"4","Trait5","pKWmEB","PstI.TP454165"," 7"," 1503587","","1.0757","A"
"4","Trait5","pKWmEB","NsiI.TP41929"," 7"," 1503935","","0.7953","C"
"4","Trait5","pKWmEB","PstI.TP141762"," 7"," 1604759","","0.6321","A"
"4","Trait5","pKWmEB","NsiI.TP475190"," 7"," 1627543","","0.1325","G"
"4","Trait5","pKWmEB","NsiI.TP243634"," 7"," 1646153","","0.2032","A"
"4","Trait5","pKWmEB","NsiI.TP503868"," 7"," 1648689","","0.3460","A"
"4","Trait5","pKWmEB","PstI.TP643470"," 7"," 1653536","","0.3263","A"
"4","Trait5","pKWmEB","NsiI.TP362274"," 7"," 1658453","","0.2018","A"
"4","Trait5","pKWmEB","PstI.TP1061318"," 7"," 1661194","","0.7405","C"
"4","Trait5","pKWmEB","PstI.TP1061319"," 7"," 1661199","","1.0966","C"
"4","Trait5","pKWmEB","NsiI.TP568639"," 7"," 1664330","","0.7217","A"
"4","Trait5","pKWmEB","NsiI.TP150181"," 7"," 1675157","","0.1909","C"
"4","Trait5","pKWmEB","NsiI.TP533478"," 7"," 1678358","","0.0120","A"
"4","Trait5","pKWmEB","NsiI.TP643463"," 7"," 1680615","","1.0849","A"
"4","Trait5","pKWmEB","PstI.TP1286770"," 7"," 1680833","","0.2535","A"
"4","Trait5","pKWmEB","PstI.TP474961"," 7"," 1691478","","1.0326","A"
"4","Trait5","pKWmEB","PstI.TP706482"," 7"," 1754790","","1.3749","A"
"4","Trait5","pKWmEB","PstI.TP79465"," 7"," 1754896","","0.0907","A"
"4","Trait5","pKWmEB","PstI.TP1045547"," 7"," 1778675","","0.1774","C"
"4","Trait5","pKWmEB","PstI.TP1076746"," 7"," 1802206","","0.1524","A"
"4","Trait5","pKWmEB","NsiI.TP113035"," 7"," 1804303","","0.1007","A"
"4","Trait5","pKWmEB","NsiI.TP115247"," 7"," 1804354","","0.5500","G"
"4","Trait5","pKWmEB","GFSSContig11513_84"," 7"," 1805729","","0.4613","T"
"4","Trait5","pKWmEB","PstI.TP271997"," 7"," 1839611","","0.3908","C"
"4","Trait5","pKWmEB","NsiI.TP588631"," 7"," 1873557","","0.4493","A"
"4","Trait5","pKWmEB","PstI.TP1191431"," 7"," 1883676","","0.7520","A"
"4","Trait5","pKWmEB","NsiI.TP525180"," 7"," 1891440","","0.3151","A"
"4","Trait5","pKWmEB","NsiI.TP102210"," 7"," 1894315","","0.7074","A"
"4","Trait5","pKWmEB","NsiI.TP469149"," 7"," 1901285","","0.4214","C"
"4","Trait5","pKWmEB","NsiI.TP375383"," 7"," 1908008","","0.0632","A"
"4","Trait5","pKWmEB","NsiI.TP374410"," 7"," 1908019","","0.0204","C"
"4","Trait5","pKWmEB","NsiI.TP286650"," 7"," 1933432","","0.1424","A"
"4","Trait5","pKWmEB","NsiI.TP692534"," 7"," 1937765","","0.7120","A"
"4","Trait5","pKWmEB","NsiI.TP229958"," 7"," 1960867","","1.1558","C"
"4","Trait5","pKWmEB","NsiI.TP440843"," 7"," 1968005","","0.2491","A"
"4","Trait5","pKWmEB","PstI.TP293085"," 7"," 1972073","","1.8511","C"
"4","Trait5","pKWmEB","PstI.TP934985"," 7"," 1982705","","0.3322","A"
"4","Trait5","pKWmEB","PstI.TP340330"," 7"," 1987572","","0.3539","G"
"4","Trait5","pKWmEB","PstI.TP340301"," 7"," 1987573","","0.3114","A"
"4","Trait5","pKWmEB","PstI.TP138735"," 7"," 2001327","","0.1211","C"
"4","Trait5","pKWmEB","PstI.TP270769"," 7"," 2063094","","0.4039","C"
"4","Trait5","pKWmEB","PstI.TP1199809"," 7"," 2082784","","0.2623","A"
"4","Trait5","pKWmEB","NsiI.TP812159"," 7"," 2098680","","0.5215","A"
"4","Trait5","pKWmEB","NsiI.TP812160"," 7"," 2098697","","0.2798","A"
"4","Trait5","pKWmEB","NsiI.TP67521"," 7"," 2099707","","0.6380","C"
"4","Trait5","pKWmEB","PstI.TP197681"," 7"," 2110172","","0.2464","G"
"4","Trait5","pKWmEB","NsiI.TP28773"," 7"," 2117187","","0.4243","C"
"4","Trait5","pKWmEB","PstI.TP825666"," 7"," 2131382","","1.0807","A"
"4","Trait5","pKWmEB","PstI.TP253544"," 7"," 2187253","","1.6887","C"
"4","Trait5","pKWmEB","PstI.TP1057472"," 7"," 2187272","","0.0535","C"
"4","Trait5","pKWmEB","PstI.TP793646"," 7"," 2187750","","1.0610","A"
"4","Trait5","pKWmEB","PstI.TP1028128"," 7"," 2201611","","0.0759","C"
"4","Trait5","pKWmEB","PstI.TP1055204"," 7"," 2203532","","0.4222","A"
"4","Trait5","pKWmEB","PstI.TP678719"," 7"," 2276860","","0.0897","C"
"4","Trait5","pKWmEB","PstI.TP1154051"," 7"," 2281224","","0.6946","G"
"4","Trait5","pKWmEB","PstI.TP870845"," 7"," 2284440","","0.8352","C"
"4","Trait5","pKWmEB","NsiI.TP420886"," 7"," 2343364","","0.5764","C"
"4","Trait5","pKWmEB","NsiI.TP420885"," 7"," 2343371","","0.0695","A"
"4","Trait5","pKWmEB","NsiI.TP402503"," 7"," 2347078","","0.1353","C"
"4","Trait5","pKWmEB","NsiI.TP402502"," 7"," 2347086","","0.0815","C"
"4","Trait5","pKWmEB","NsiI.TP256534"," 7"," 2351793","","0.5354","G"
"4","Trait5","pKWmEB","PstI.TP1137413"," 7"," 2359416","","0.5144","C"
"4","Trait5","pKWmEB","PstI.TP679208"," 7"," 2374884","","0.1593","C"
"4","Trait5","pKWmEB","PstI.TP387668"," 7"," 2383299","","0.0343","A"
"4","Trait5","pKWmEB","PstI.TP198419"," 7"," 2405340","","0.0105","C"
"4","Trait5","pKWmEB","NsiI.TP812695"," 7"," 2433148","","0.6307","G"
"4","Trait5","pKWmEB","NsiI.TP724650"," 7"," 2502364","","0.5265","A"
"4","Trait5","pKWmEB","PstI.TP1283465"," 7"," 2512207","","0.3911","C"
"4","Trait5","pKWmEB","NsiI.TP298234"," 7"," 2512364","","0.1448","A"
"4","Trait5","pKWmEB","PstI.TP1059264"," 7"," 2513181","","0.5838","A"
"4","Trait5","pKWmEB","NsiI.TP831201"," 7"," 2520021","","0.5744","A"
"4","Trait5","pKWmEB","NsiI.TP770977"," 7"," 2522487","","0.7886","A"
"4","Trait5","pKWmEB","PstI.TP805642"," 7"," 2565264","","0.0842","C"
"4","Trait5","pKWmEB","PstI.TP1172762"," 7"," 2566095","","2.0380","A"
"4","Trait5","pKWmEB","NsiI.TP624098"," 7"," 2572891","","0.3253","G"
"4","Trait5","pKWmEB","NsiI.TP575452"," 7"," 2617552","","0.1924","G"
"4","Trait5","pKWmEB","PstI.TP261556"," 7"," 2620886","","0.0307","A"
"4","Trait5","pKWmEB","PstI.TP1188914"," 7"," 2692610","","0.1081","A"
"4","Trait5","pKWmEB","PstI.TP990600"," 7"," 2692966","","0.4095","A"
"4","Trait5","pKWmEB","PstI.TP321113"," 7"," 2693846","","0.0838","A"
"4","Trait5","pKWmEB","NsiI.TP572114"," 7"," 2703023","","0.1067","A"
"4","Trait5","pKWmEB","NsiI.TP188498"," 7"," 2709638","","0.0765","C"
"4","Trait5","pKWmEB","NsiI.TP191300"," 7"," 2725364","","0.0000","A"
"4","Trait5","pKWmEB","NsiI.TP830102"," 7"," 2763961","","0.2143","C"
"4","Trait5","pKWmEB","PstI.TP982772"," 7"," 2764158","","0.9493","A"
"4","Trait5","pKWmEB","PstI.TP16677"," 7"," 2767454","","0.1225","C"
"4","Trait5","pKWmEB","NsiI.TP362255"," 7"," 2774902","","0.7168","A"
"4","Trait5","pKWmEB","NsiI.TP578097"," 7"," 2775569","","0.5810","A"
"4","Trait5","pKWmEB","PstI.TP1008394"," 7"," 2791574","","1.5508","G"
"4","Trait5","pKWmEB","NsiI.TP242033"," 7"," 2792990","","0.1106","A"
"4","Trait5","pKWmEB","PstI.TP808876"," 7"," 2795951","","0.3111","C"
"4","Trait5","pKWmEB","PstI.TP932019"," 7"," 2799041","","0.3440","A"
"4","Trait5","pKWmEB","PstI.TP862286"," 7"," 2806490","","0.2457","A"
"4","Trait5","pKWmEB","PstI.TP18359"," 7"," 2813374","","0.5794","A"
"4","Trait5","pKWmEB","NsiI.TP778360"," 7"," 2837055","","0.3663","C"
"4","Trait5","pKWmEB","PstI.TP672745"," 7"," 2844559","","0.6471","A"
"4","Trait5","pKWmEB","NsiI.TP476441"," 7"," 2882399","","0.3117","G"
"4","Trait5","pKWmEB","NsiI.TP208644"," 7"," 2948394","","0.1154","C"
"4","Trait5","pKWmEB","PstI.TP1067806"," 7"," 2948785","","0.1922","A"
"4","Trait5","pKWmEB","PstI.TP197493"," 7"," 2953287","","1.9805","G"
"4","Trait5","pKWmEB","NsiI.TP115575"," 7"," 2958932","","0.1390","C"
"4","Trait5","pKWmEB","NsiI.TP610620"," 7"," 3000759","","0.3020","G"
"4","Trait5","pKWmEB","NsiI.TP266866"," 7"," 3010837","","0.5327","A"
"4","Trait5","pKWmEB","PstI.TP516306"," 7"," 3117265","","0.4169","C"
"4","Trait5","pKWmEB","PstI.TP508326"," 7"," 3173871","","0.0441","A"
"4","Trait5","pKWmEB","PstI.TP199462"," 7"," 3195826","","0.0869","A"
"4","Trait5","pKWmEB","NsiI.TP42443"," 7"," 3203753","","0.1452","C"
"4","Trait5","pKWmEB","PstI.TP617554"," 7"," 3245920","","0.7547","A"
"4","Trait5","pKWmEB","NsiI.TP321901"," 7"," 3317128","","0.0072","G"
"4","Trait5","pKWmEB","NsiI.TP563423"," 7"," 3323269","","0.6960","A"
"4","Trait5","pKWmEB","PstI.TP761628"," 7"," 3375479","","3.1495","A"
"4","Trait5","pKWmEB","PstI.TP307620"," 7"," 3459049","","0.0044","G"
"4","Trait5","pKWmEB","NsiI.TP135237"," 7"," 3464514","","0.5165","C"
"4","Trait5","pKWmEB","NsiI.TP163308"," 7"," 3585363","","0.2205","A"
"4","Trait5","pKWmEB","PstI.TP1032634"," 7"," 3707711","","0.2236","A"
"4","Trait5","pKWmEB","PstI.TP818807"," 7"," 3709239","","0.1735","A"
"4","Trait5","pKWmEB","NsiI.TP619101"," 7"," 3733987","","0.4166","C"
"4","Trait5","pKWmEB","NsiI.TP497487"," 7"," 3742908","","0.4412","A"
"4","Trait5","pKWmEB","NsiI.TP184294"," 7"," 3743094","","0.0883","C"
"4","Trait5","pKWmEB","NsiI.TP491807"," 7"," 3757837","","0.6616","C"
"4","Trait5","pKWmEB","PstI.TP676397"," 7"," 3778096","","2.0474","A"
"4","Trait5","pKWmEB","NsiI.TP575618"," 7"," 3778581","","0.2614","C"
"4","Trait5","pKWmEB","PstI.TP858615"," 7"," 3805095","","0.0626","A"
"4","Trait5","pKWmEB","NsiI.TP440107"," 7"," 3814317","","0.4740","A"
"4","Trait5","pKWmEB","NsiI.TP414360"," 7"," 3815515","","0.3993","G"
"4","Trait5","pKWmEB","PstI.TP1046409"," 7"," 3827558","","0.0927","C"
"4","Trait5","pKWmEB","PstI.TP529013"," 7"," 3866800","","0.2496","G"
"4","Trait5","pKWmEB","NsiI.TP572132"," 7"," 3872965","","0.0153","A"
"4","Trait5","pKWmEB","PstI.TP1048303"," 7"," 4207039","","0.1552","A"
"4","Trait5","pKWmEB","PstI.TP222845"," 7"," 4213355","","0.0690","A"
"4","Trait5","pKWmEB","PstI.TP18650"," 7"," 4219728","","0.3759","A"
"4","Trait5","pKWmEB","NsiI.TP33518"," 7"," 4232211","","0.1803","C"
"4","Trait5","pKWmEB","NsiI.TP327378"," 7"," 4233888","","0.1081","A"
"4","Trait5","pKWmEB","PstI.TP37788"," 7"," 4234692","","0.3483","C"
"4","Trait5","pKWmEB","PstI.TP649675"," 7"," 4260480","","0.0498","A"
"4","Trait5","pKWmEB","PstI.TP1118508"," 7"," 4264151","","0.6151","C"
"4","Trait5","pKWmEB","PstI.TP1234008"," 7"," 4337276","","1.5128","G"
"4","Trait5","pKWmEB","PstI.TP838393"," 7"," 4341737","","0.1346","C"
"4","Trait5","pKWmEB","NsiI.TP161248"," 7"," 4355203","","0.1018","A"
"4","Trait5","pKWmEB","PstI.TP1275567"," 7"," 4355483","","0.0622","C"
"4","Trait5","pKWmEB","NsiI.TP82440"," 7"," 4441537","","2.0542","A"
"4","Trait5","pKWmEB","PstI.TP98639"," 7"," 4445067","","0.1837","C"
"4","Trait5","pKWmEB","PstI.TP251038"," 7"," 4460512","","0.4648","C"
"4","Trait5","pKWmEB","PstI.TP1222532"," 7"," 4461797","","0.5639","A"
"4","Trait5","pKWmEB","NsiI.TP670736"," 7"," 4463852","","0.2719","C"
"4","Trait5","pKWmEB","NsiI.TP607142"," 7"," 4496807","","0.4223","A"
"4","Trait5","pKWmEB","PstI.TP517078"," 7"," 4508915","","0.2871","C"
"4","Trait5","pKWmEB","PstI.TP22684"," 7"," 4514928","","0.5190","A"
"4","Trait5","pKWmEB","PstI.TP365456"," 7"," 4526507","","2.0882","C"
"4","Trait5","pKWmEB","NsiI.TP149192"," 7"," 4567227","","0.3738","G"
"4","Trait5","pKWmEB","PstI.TP1273751"," 7"," 4585882","","0.0337","A"
"4","Trait5","pKWmEB","NsiI.TP70660"," 7"," 4588624","","0.5365","A"
"4","Trait5","pKWmEB","NsiI.TP786537"," 7"," 4589376","","1.1115","A"
"4","Trait5","pKWmEB","NsiI.TP744132"," 7"," 4622929","","0.1373","A"
"4","Trait5","pKWmEB","PstI.TP24175"," 7"," 4627972","","0.0022","C"
"4","Trait5","pKWmEB","PstI.TP487749"," 7"," 4632089","","0.5720","A"
"4","Trait5","pKWmEB","NsiI.TP431299"," 7"," 4635446","","1.2911","C"
"4","Trait5","pKWmEB","PstI.TP893142"," 7"," 4656547","","0.0999","A"
"4","Trait5","pKWmEB","PstI.TP1072201"," 7"," 4673781","","1.2422","A"
"4","Trait5","pKWmEB","PstI.TP619771"," 7"," 4685825","","0.3807","C"
"4","Trait5","pKWmEB","NsiI.TP762220"," 7"," 4688178","","0.4059","A"
"4","Trait5","pKWmEB","NsiI.TP783360"," 7"," 4757878","","0.2279","G"
"4","Trait5","pKWmEB","PstI.TP1008862"," 7"," 4759370","","0.2608","A"
"4","Trait5","pKWmEB","PstI.TP987135"," 7"," 4761936","","0.0640","C"
"4","Trait5","pKWmEB","PstI.TP392695"," 7"," 4841795","","0.3862","A"
"4","Trait5","pKWmEB","PstI.TP443088"," 7"," 4845121","","0.5872","C"
"4","Trait5","pKWmEB","NsiI.TP724149"," 7"," 4865239","","0.2635","C"
"4","Trait5","pKWmEB","PstI.TP27579"," 7"," 4882106","","0.1432","A"
"4","Trait5","pKWmEB","NsiI.TP243323"," 7"," 4885561","","0.3066","C"
"4","Trait5","pKWmEB","PstI.TP452642"," 7"," 4935849","","0.2084","C"
"4","Trait5","pKWmEB","PstI.TP381943"," 7"," 4942526","","0.1299","C"
"4","Trait5","pKWmEB","PstI.TP145834"," 7"," 4944531","","0.0949","A"
"4","Trait5","pKWmEB","NsiI.TP199797"," 7"," 5020538","","0.4418","A"
"4","Trait5","pKWmEB","PstI.TP68667"," 7"," 5024644","","1.0424","A"
"4","Trait5","pKWmEB","PstI.TP1284101"," 7"," 5030821","","0.9917","G"
"4","Trait5","pKWmEB","NsiI.TP621021"," 7"," 5038099","","0.0188","C"
"4","Trait5","pKWmEB","NsiI.TP765320"," 7"," 5038310","","1.5904","C"
"4","Trait5","pKWmEB","NsiI.TP765322"," 7"," 5038316","","2.7095","A"
"4","Trait5","pKWmEB","NsiI.TP776591"," 7"," 5090878","","0.5112","C"
"4","Trait5","pKWmEB","GFSSContig5034_412"," 7"," 5102124","","0.9160","A"
"4","Trait5","pKWmEB","GFSSContig18858_1415"," 7"," 5102640","","0.7346","T"
"4","Trait5","pKWmEB","NsiI.TP830371"," 7"," 5114739","","1.7144","A"
"4","Trait5","pKWmEB","PstI.TP344118"," 7"," 5120238","","1.0151","G"
"4","Trait5","pKWmEB","PstI.TP791522"," 7"," 5120518","","1.1451","G"
"4","Trait5","pKWmEB","PstI.TP550467"," 7"," 5142246","","0.1182","C"
"4","Trait5","pKWmEB","NsiI.TP669661"," 7"," 5145108","","0.3151","A"
"4","Trait5","pKWmEB","NsiI.TP225062"," 7"," 5145257","","0.0236","C"
"4","Trait5","pKWmEB","PstI.TP587863"," 7"," 5156022","","0.1008","C"
"4","Trait5","pKWmEB","PstI.TP1168534"," 7"," 5203859","","1.1704","C"
"4","Trait5","pKWmEB","NsiI.TP476849"," 7"," 5258285","","0.1163","G"
"4","Trait5","pKWmEB","NsiI.TP593367"," 7"," 5258717","","0.5012","A"
"4","Trait5","pKWmEB","PstI.TP864426"," 7"," 5264645","","0.2085","A"
"4","Trait5","pKWmEB","PstI.TP297547"," 7"," 5291285","","0.5800","A"
"4","Trait5","pKWmEB","PstI.TP370736"," 7"," 5301778","","1.5294","A"
"4","Trait5","pKWmEB","PstI.TP772665"," 7"," 5307446","","0.3310","C"
"4","Trait5","pKWmEB","NsiI.TP348281"," 7"," 5308882","","0.5072","G"
"4","Trait5","pKWmEB","PstI.TP1194691"," 7"," 5357683","","0.4539","C"
"4","Trait5","pKWmEB","PstI.TP862970"," 7"," 5359846","","0.1315","A"
"4","Trait5","pKWmEB","NsiI.TP761207"," 7"," 5360231","","0.3239","A"
"4","Trait5","pKWmEB","PstI.TP485183"," 7"," 5360417","","0.0969","A"
"4","Trait5","pKWmEB","PstI.TP453014"," 7"," 5368522","","1.4746","A"
"4","Trait5","pKWmEB","PstI.TP1166626"," 7"," 5373971","","0.1847","A"
"4","Trait5","pKWmEB","GFSSContig18221_1150"," 7"," 5395966","","1.2103","T"
"4","Trait5","pKWmEB","PstI.TP510683"," 7"," 5435496","","0.5343","A"
"4","Trait5","pKWmEB","PstI.TP525905"," 7"," 5435503","","0.0489","C"
"4","Trait5","pKWmEB","NsiI.TP632759"," 7"," 5447703","","0.2236","A"
"4","Trait5","pKWmEB","PstI.TP403432"," 7"," 5449505","","0.2488","G"
"4","Trait5","pKWmEB","NsiI.TP390395"," 7"," 5462820","","0.3823","A"
"4","Trait5","pKWmEB","NsiI.TP726735"," 7"," 5462871","","0.6565","C"
"4","Trait5","pKWmEB","NsiI.TP428660"," 7"," 5530889","","0.1571","A"
"4","Trait5","pKWmEB","PstI.TP100728"," 7"," 5577148","","0.0463","A"
"4","Trait5","pKWmEB","NsiI.TP352047"," 7"," 5611318","","0.0997","A"
"4","Trait5","pKWmEB","NsiI.TP504944"," 7"," 5647121","","0.4965","G"
"4","Trait5","pKWmEB","NsiI.TP276085"," 7"," 5655992","","0.9277","A"
"4","Trait5","pKWmEB","PstI.TP587798"," 7"," 5790365","","0.0886","C"
"4","Trait5","pKWmEB","PstI.TP1105337"," 7"," 5792076","","0.0734","A"
"4","Trait5","pKWmEB","PstI.TP327359"," 7"," 5810514","","0.4816","C"
"4","Trait5","pKWmEB","PstI.TP636369"," 7"," 5813087","","0.1807","G"
"4","Trait5","pKWmEB","NsiI.TP34704"," 7"," 5818983","","0.3468","C"
"4","Trait5","pKWmEB","NsiI.TP38899"," 7"," 5819006","","0.2648","A"
"4","Trait5","pKWmEB","NsiI.TP811136"," 7"," 5846389","","0.5280","C"
"4","Trait5","pKWmEB","PstI.TP803393"," 7"," 5903063","","0.4648","C"
"4","Trait5","pKWmEB","NsiI.TP595012"," 7"," 5923519","","0.0602","A"
"4","Trait5","pKWmEB","PstI.TP1259163"," 7"," 5944323","","0.0215","G"
"4","Trait5","pKWmEB","NsiI.TP642549"," 7"," 5994953","","0.5079","C"
"4","Trait5","pKWmEB","NsiI.TP77051"," 7"," 6197408","","0.0555","C"
"4","Trait5","pKWmEB","PstI.TP577355"," 7"," 6234319","","0.0051","C"
"4","Trait5","pKWmEB","PstI.TP172441"," 7"," 6253903","","0.0010","A"
"4","Trait5","pKWmEB","PstI.TP1284091"," 7"," 6259508","","0.2778","C"
"4","Trait5","pKWmEB","PstI.TP1284103"," 7"," 6259535","","1.4897","C"
"4","Trait5","pKWmEB","PstI.TP998076"," 7"," 6406069","","0.0307","A"
"4","Trait5","pKWmEB","PstI.TP538671"," 7"," 6414433","","0.0168","C"
"4","Trait5","pKWmEB","PstI.TP130412"," 7"," 6431474","","0.3212","C"
"4","Trait5","pKWmEB","NsiI.TP322262"," 7"," 6431603","","0.5594","C"
"4","Trait5","pKWmEB","NsiI.TP322515"," 7"," 6434376","","0.0357","A"
"4","Trait5","pKWmEB","NsiI.TP180210"," 7"," 6437383","","0.2881","G"
"4","Trait5","pKWmEB","PstI.TP158706"," 7"," 6454658","","0.2209","C"
"4","Trait5","pKWmEB","PstI.TP158709"," 7"," 6454688","","0.3998","C"
"4","Trait5","pKWmEB","PstI.TP105959"," 7"," 6455739","","0.9817","C"
"4","Trait5","pKWmEB","PstI.TP77448"," 7"," 6462447","","0.6233","A"
"4","Trait5","pKWmEB","NsiI.TP62391"," 7"," 6506750","","0.9116","A"
"4","Trait5","pKWmEB","NsiI.TP31742"," 7"," 6509038","","0.0695","C"
"4","Trait5","pKWmEB","NsiI.TP671584"," 7"," 6531509","","0.0359","G"
"4","Trait5","pKWmEB","PstI.TP32870"," 7"," 6626432","","0.7056","A"
"4","Trait5","pKWmEB","PstI.TP853675"," 7"," 6629374","","0.1758","A"
"4","Trait5","pKWmEB","PstI.TP1147564"," 7"," 6633613","","0.0013","G"
"4","Trait5","pKWmEB","NsiI.TP711942"," 7"," 6687297","","0.3115","G"
"4","Trait5","pKWmEB","NsiI.TP320847"," 7"," 6699044","","0.2152","C"
"4","Trait5","pKWmEB","NsiI.TP36702"," 7"," 6804549","","0.1442","C"
"4","Trait5","pKWmEB","PstI.TP512607"," 7"," 6804761","","0.9303","C"
"4","Trait5","pKWmEB","PstI.TP383246"," 7"," 6823625","","0.0311","C"
"4","Trait5","pKWmEB","NsiI.TP668487"," 7"," 6826335","","0.9962","C"
"4","Trait5","pKWmEB","NsiI.TP668488"," 7"," 6826349","","0.0321","C"
"4","Trait5","pKWmEB","PstI.TP228342"," 7"," 6854623","","0.0095","A"
"4","Trait5","pKWmEB","NsiI.TP199853"," 7"," 6924493","","0.4577","A"
"4","Trait5","pKWmEB","PstI.TP1207720"," 7"," 6941790","","0.3348","A"
"4","Trait5","pKWmEB","PstI.TP1252920"," 7"," 6943481","","0.3283","A"
"4","Trait5","pKWmEB","PstI.TP118537"," 7"," 6968017","","0.0485","A"
"4","Trait5","pKWmEB","PstI.TP153612"," 7"," 6994138","","0.0547","C"
"4","Trait5","pKWmEB","PstI.TP1016498"," 7"," 7015284","","0.0545","C"
"4","Trait5","pKWmEB","NsiI.TP515789"," 7"," 7020475","","0.2638","C"
"4","Trait5","pKWmEB","PstI.TP252899"," 7"," 7025556","","0.0821","C"
"4","Trait5","pKWmEB","NsiI.TP769416"," 7"," 7047398","","0.4031","G"
"4","Trait5","pKWmEB","NsiI.TP417553"," 7"," 7196443","","0.9633","A"
"4","Trait5","pKWmEB","PstI.TP1287230"," 7"," 7558451","","0.0309","C"
"4","Trait5","pKWmEB","PstI.TP915394"," 7"," 7565364","","0.1943","C"
"4","Trait5","pKWmEB","PstI.TP121587"," 7"," 7568149","","0.3906","A"
"4","Trait5","pKWmEB","PstI.TP237169"," 7"," 7588667","","0.1764","A"
"4","Trait5","pKWmEB","PstI.TP543083"," 7"," 7619505","","0.6108","C"
"4","Trait5","pKWmEB","PstI.TP700622"," 7"," 7629673","","0.7844","C"
"4","Trait5","pKWmEB","PstI.TP715410"," 7"," 7688318","","0.9076","C"
"4","Trait5","pKWmEB","PstI.TP217370"," 7"," 7697522","","0.0305","C"
"4","Trait5","pKWmEB","PstI.TP470138"," 7"," 7700783","","0.3571","A"
"4","Trait5","pKWmEB","PstI.TP1138232"," 7"," 7717330","","0.6238","G"
"4","Trait5","pKWmEB","PstI.TP59966"," 7"," 7754399","","0.0260","A"
"4","Trait5","pKWmEB","PstI.TP691886"," 7"," 7801705","","0.2009","C"
"4","Trait5","pKWmEB","PstI.TP988116"," 7"," 7806809","","0.6151","G"
"4","Trait5","pKWmEB","PstI.TP540042"," 7"," 7896616","","0.1737","A"
"4","Trait5","pKWmEB","PstI.TP50794"," 7"," 7897926","","0.3797","C"
"4","Trait5","pKWmEB","PstI.TP839556"," 7"," 7898486","","0.1344","A"
"4","Trait5","pKWmEB","NsiI.TP414907"," 7"," 8063785","","1.3704","A"
"4","Trait5","pKWmEB","PstI.TP176464"," 7"," 8111489","","0.0489","C"
"4","Trait5","pKWmEB","PstI.TP822493"," 7"," 8114551","","0.9188","A"
"4","Trait5","pKWmEB","PstI.TP847369"," 7"," 8209705","","0.2692","A"
"4","Trait5","pKWmEB","PstI.TP450060"," 7"," 8209747","","0.2713","C"
"4","Trait5","pKWmEB","PstI.TP944548"," 7"," 8285238","","0.6014","G"
"4","Trait5","pKWmEB","PstI.TP948276"," 7"," 8285239","","0.1465","C"
"4","Trait5","pKWmEB","PstI.TP39204"," 7"," 8302668","","0.2342","A"
"4","Trait5","pKWmEB","PstI.TP740770"," 7"," 8648631","","0.0848","C"
"4","Trait5","pKWmEB","PstI.TP1228497"," 7"," 8678847","","0.3548","C"
"4","Trait5","pKWmEB","PstI.TP744725"," 7"," 8678937","","0.1057","A"
"4","Trait5","pKWmEB","PstI.TP347850"," 7"," 8702241","","0.4495","G"
"4","Trait5","pKWmEB","PstI.TP1247076"," 7"," 8702749","","0.6528","A"
"4","Trait5","pKWmEB","NsiI.TP79108"," 7"," 8703463","","0.3871","C"
"4","Trait5","pKWmEB","PstI.TP63076"," 7"," 8703466","","0.1705","C"
"4","Trait5","pKWmEB","PstI.TP402598"," 7"," 8718958","","0.4017","A"
"4","Trait5","pKWmEB","PstI.TP401749"," 7"," 8817658","","1.8376","A"
"4","Trait5","pKWmEB","PstI.TP24247"," 7"," 8824249","","1.3583","A"
"4","Trait5","pKWmEB","NsiI.TP695356"," 7"," 8824473","","0.9000","A"
"4","Trait5","pKWmEB","PstI.TP761687"," 7"," 8826633","","0.2827","A"
"4","Trait5","pKWmEB","NsiI.TP48654"," 7"," 8937885","","0.8723","C"
"4","Trait5","pKWmEB","PstI.TP1123713"," 7"," 8942775","","0.6303","A"
"4","Trait5","pKWmEB","PstI.TP899949"," 7"," 8945779","","0.7418","A"
"4","Trait5","pKWmEB","PstI.TP735532"," 7"," 8949190","","0.1648","C"
"4","Trait5","pKWmEB","PstI.TP283576"," 7"," 9134542","","1.5546","A"
"4","Trait5","pKWmEB","PstI.TP232331"," 7"," 9157097","","0.1594","A"
"4","Trait5","pKWmEB","PstI.TP140076"," 7"," 9159806","","0.5482","G"
"4","Trait5","pKWmEB","NsiI.TP799862"," 7"," 9188295","","0.1657","C"
"4","Trait5","pKWmEB","GFSSContig16422_1031"," 7"," 9195659","","0.0607","T"
"4","Trait5","pKWmEB","PstI.TP250211"," 7"," 9203961","","0.0070","A"
"4","Trait5","pKWmEB","PstI.TP989535"," 7"," 9289972","","1.8350","G"
"4","Trait5","pKWmEB","PstI.TP1228107"," 7"," 9290637","","0.1113","A"
"4","Trait5","pKWmEB","PstI.TP180979"," 7"," 9386068","","0.4839","C"
"4","Trait5","pKWmEB","NsiI.TP400654"," 7"," 9400878","","0.7379","A"
"4","Trait5","pKWmEB","NsiI.TP43718"," 7"," 9445788","","0.9944","A"
"4","Trait5","pKWmEB","PstI.TP413296"," 7"," 9446773","","0.0885","C"
"4","Trait5","pKWmEB","PstI.TP239694"," 7"," 9517259","","0.0805","A"
"4","Trait5","pKWmEB","PstI.TP1145998"," 7"," 9559332","","0.3746","C"
"4","Trait5","pKWmEB","PstI.TP886832"," 7"," 9690416","","1.0494","A"
"4","Trait5","pKWmEB","NsiI.TP241171"," 7"," 9691080","","0.9042","G"
"4","Trait5","pKWmEB","PstI.TP101125"," 7"," 9695663","","0.2934","A"
"4","Trait5","pKWmEB","PstI.TP1207218"," 7"," 9698054","","0.7596","A"
"4","Trait5","pKWmEB","PstI.TP1137066"," 7"," 9698067","","0.1663","C"
"4","Trait5","pKWmEB","PstI.TP337500"," 7"," 9707149","","0.0262","A"
"4","Trait5","pKWmEB","NsiI.TP731232"," 7"," 9723481","","0.7914","C"
"4","Trait5","pKWmEB","NsiI.TP703461"," 7"," 9747046","","0.8489","C"
"4","Trait5","pKWmEB","NsiI.TP361940"," 7"," 9790824","","0.2371","A"
"4","Trait5","pKWmEB","NsiI.TP234160"," 7"," 9893196","","0.2221","C"
"4","Trait5","pKWmEB","PstI.TP1137784"," 7","10078994","","0.0105","A"
"4","Trait5","pKWmEB","NsiI.TP739521"," 7","10267232","","0.1092","C"
"4","Trait5","pKWmEB","PstI.TP887302"," 7","10269451","","0.2737","C"
"4","Trait5","pKWmEB","PstI.TP912307"," 7","10559659","","0.1569","A"
"4","Trait5","pKWmEB","PstI.TP602287"," 7","10755063","","0.0124","C"
"4","Trait5","pKWmEB","PstI.TP446073"," 7","10755390","","1.3510","G"
"4","Trait5","pKWmEB","PstI.TP1114325"," 7","10792273","","0.7986","G"
"4","Trait5","pKWmEB","NsiI.TP188730"," 7","10813151","","0.8926","A"
"4","Trait5","pKWmEB","NsiI.TP764406"," 7","10813413","","0.0561","A"
"4","Trait5","pKWmEB","PstI.TP58746"," 7","10828082","","0.1168","G"
"4","Trait5","pKWmEB","PstI.TP58742"," 7","10828090","","0.1391","C"
"4","Trait5","pKWmEB","PstI.TP33591"," 7","10952239","","0.0301","C"
"4","Trait5","pKWmEB","NsiI.TP677809"," 7","10961566","","0.2953","A"
"4","Trait5","pKWmEB","NsiI.TP152467"," 7","11384064","","0.2484","C"
"4","Trait5","pKWmEB","PstI.TP1226596"," 7","11708406","","0.0635","A"
"4","Trait5","pKWmEB","NsiI.TP70251"," 7","11709877","","0.6392","C"
"4","Trait5","pKWmEB","PstI.TP35977"," 7","11767566","","0.3900","G"
"4","Trait5","pKWmEB","NsiI.TP87279"," 7","11961683","","0.2236","C"
"4","Trait5","pKWmEB","PstI.TP1284378"," 7","12008675","","0.8007","C"
"4","Trait5","pKWmEB","PstI.TP716056"," 7","12018520","","0.5976","A"
"4","Trait5","pKWmEB","NsiI.TP488504"," 7","12062174","","0.7882","A"
"4","Trait5","pKWmEB","PstI.TP266940"," 7","12109586","","0.3817","C"
"4","Trait5","pKWmEB","PstI.TP700924"," 7","12391574","","1.0041","A"
"4","Trait5","pKWmEB","PstI.TP928180"," 7","12399666","","0.2215","A"
"4","Trait5","pKWmEB","NsiI.TP167605"," 7","12611091","","0.2149","A"
"4","Trait5","pKWmEB","PstI.TP167920"," 7","12624717","","0.6291","A"
"4","Trait5","pKWmEB","PstI.TP919718"," 7","12653581","","1.2608","A"
"4","Trait5","pKWmEB","NsiI.TP192954"," 7","12685152","","0.0492","C"
"4","Trait5","pKWmEB","PstI.TP1084981"," 7","12791528","","0.4744","A"
"4","Trait5","pKWmEB","NsiI.TP652458"," 7","12799337","","0.2435","A"
"4","Trait5","pKWmEB","NsiI.TP644610"," 7","12799372","","0.0629","C"
"4","Trait5","pKWmEB","NsiI.TP644325"," 7","12799384","","0.1306","A"
"4","Trait5","pKWmEB","NsiI.TP644424"," 7","12799384","","1.0374","A"
"4","Trait5","pKWmEB","NsiI.TP644492"," 7","12799384","","0.3158","A"
"4","Trait5","pKWmEB","NsiI.TP644649"," 7","12799385","","0.1532","A"
"4","Trait5","pKWmEB","NsiI.TP644570"," 7","12799390","","0.1448","A"
"4","Trait5","pKWmEB","NsiI.TP644536"," 7","12799392","","1.7757","A"
"4","Trait5","pKWmEB","NsiI.TP644911"," 7","12799392","","0.0455","A"
"4","Trait5","pKWmEB","NsiI.TP644967"," 7","12799393","","0.1401","A"
"4","Trait5","pKWmEB","NsiI.TP644715"," 7","12799400","","0.6849","C"
"4","Trait5","pKWmEB","NsiI.TP644722"," 7","12799400","","0.1698","A"
"4","Trait5","pKWmEB","NsiI.TP149920"," 7","12799401","","0.9422","A"
"4","Trait5","pKWmEB","NsiI.TP644719"," 7","12799405","","0.9508","G"
"4","Trait5","pKWmEB","NsiI.TP149775"," 7","12799410","","0.8604","A"
"4","Trait5","pKWmEB","NsiI.TP149774"," 7","12799420","","0.2361","A"
"4","Trait5","pKWmEB","NsiI.TP134593"," 7","13192735","","0.2516","A"
"4","Trait5","pKWmEB","PstI.TP1086623"," 7","13315373","","0.5247","C"
"4","Trait5","pKWmEB","PstI.TP787396"," 7","13795101","","0.2741","C"
"4","Trait5","pKWmEB","PstI.TP69157"," 7","13795104","","0.6303","C"
"4","Trait5","pKWmEB","NsiI.TP404612"," 7","13814188","","0.2395","A"
"4","Trait5","pKWmEB","NsiI.TP86210"," 7","13825106","","0.0513","A"
"4","Trait5","pKWmEB","NsiI.TP484762"," 7","14001263","","0.1091","C"
"4","Trait5","pKWmEB","PstI.TP1112588"," 7","14020303","","0.6828","A"
"4","Trait5","pKWmEB","NsiI.TP146169"," 7","14058863","","0.2688","C"
"4","Trait5","pKWmEB","NsiI.TP563049"," 7","14066325","","0.0187","A"
"4","Trait5","pKWmEB","PstI.TP842149"," 7","14135085","","1.9173","C"
"4","Trait5","pKWmEB","PstI.TP24478"," 7","14232528","","1.9360","A"
"4","Trait5","pKWmEB","NsiI.TP578300"," 7","14235011","","0.4609","G"
"4","Trait5","pKWmEB","NsiI.TP11666"," 7","14339016","","0.0948","A"
"4","Trait5","pKWmEB","NsiI.TP330797"," 7","14364216","","0.3283","C"
"4","Trait5","pKWmEB","PstI.TP104998"," 7","14398091","","0.0508","A"
"4","Trait5","pKWmEB","GFSSContig19414_135"," 7","14457079","","0.9258","A"
"4","Trait5","pKWmEB","PstI.TP601232"," 7","14457389","","0.1940","A"
"4","Trait5","pKWmEB","GFSSContig16458_1714"," 7","14458877","","0.4150","T"
"4","Trait5","pKWmEB","NsiI.TP774534"," 7","14459745","","0.2567","C"
"4","Trait5","pKWmEB","NsiI.TP579653"," 7","14462462","","0.5416","C"
"4","Trait5","pKWmEB","PstI.TP548549"," 7","14481905","","0.0044","A"
"4","Trait5","pKWmEB","PstI.TP972498"," 7","14780032","","0.0063","C"
"4","Trait5","pKWmEB","NsiI.TP382187"," 7","15361809","","0.5925","A"
"4","Trait5","pKWmEB","NsiI.TP437480"," 7","15545466","","0.1681","C"
"4","Trait5","pKWmEB","NsiI.TP437479"," 7","15545472","","0.4193","A"
"4","Trait5","pKWmEB","NsiI.TP489329"," 7","15546842","","0.1026","A"
"4","Trait5","pKWmEB","NsiI.TP489330"," 7","15546857","","0.8279","C"
"4","Trait5","pKWmEB","NsiI.TP530157"," 7","15548371","","0.5327","C"
"4","Trait5","pKWmEB","PstI.TP502465"," 7","15565493","","0.2765","C"
"4","Trait5","pKWmEB","PstI.TP474390"," 7","15569290","","0.4412","C"
"4","Trait5","pKWmEB","PstI.TP409479"," 7","15656481","","0.0336","A"
"4","Trait5","pKWmEB","PstI.TP319371"," 7","15663160","","0.0765","A"
"4","Trait5","pKWmEB","PstI.TP691322"," 7","15663756","","0.7043","C"
"4","Trait5","pKWmEB","NsiI.TP755539"," 7","15663779","","1.8271","A"
"4","Trait5","pKWmEB","NsiI.TP830621"," 7","15904501","","0.1821","A"
"4","Trait5","pKWmEB","NsiI.TP25406"," 7","17140636","","0.3023","A"
"4","Trait5","pKWmEB","NsiI.TP660829"," 7","17160315","","0.3017","A"
"4","Trait5","pKWmEB","NsiI.TP481298"," 7","17165108","","0.0865","A"
"4","Trait5","pKWmEB","NsiI.TP469606"," 7","17216176","","0.5292","G"
"4","Trait5","pKWmEB","PstI.TP480204"," 7","17216627","","0.3271","A"
"4","Trait5","pKWmEB","PstI.TP103690"," 7","17217896","","0.1097","C"
"4","Trait5","pKWmEB","NsiI.TP595681"," 7","17302054","","0.6721","A"
"4","Trait5","pKWmEB","NsiI.TP625771"," 7","17302829","","0.3227","G"
"4","Trait5","pKWmEB","NsiI.TP468924"," 7","17424673","","0.1676","C"
"4","Trait5","pKWmEB","PstI.TP213361"," 7","17493439","","1.2310","A"
"4","Trait5","pKWmEB","NsiI.TP770804"," 7","17560824","","1.1375","A"
"4","Trait5","pKWmEB","NsiI.TP327527"," 7","17564233","","0.5911","C"
"4","Trait5","pKWmEB","PstI.TP631325"," 7","17639037","","0.0810","C"
"4","Trait5","pKWmEB","PstI.TP631326"," 7","17639054","","1.0108","C"
"4","Trait5","pKWmEB","PstI.TP907968"," 7","17670232","","0.7407","C"
"4","Trait5","pKWmEB","PstI.TP370815"," 7","17670266","","1.5273","A"
"4","Trait5","pKWmEB","NsiI.TP229816"," 7","17682209","","0.0719","A"
"4","Trait5","pKWmEB","PstI.TP122110"," 7","17914847","","0.0054","A"
"4","Trait5","pKWmEB","PstI.TP1275741"," 7","17945221","","0.6068","C"
"4","Trait5","pKWmEB","PstI.TP1014400"," 7","18109261","","0.6252","G"
"4","Trait5","pKWmEB","NsiI.TP488629"," 7","18111854","","0.3366","C"
"4","Trait5","pKWmEB","NsiI.TP491724"," 7","18112322","","0.2874","A"
"4","Trait5","pKWmEB","NsiI.TP491723"," 7","18112354","","0.0102","C"
"4","Trait5","pKWmEB","NsiI.TP490535"," 7","18112433","","0.3951","A"
"4","Trait5","pKWmEB","PstI.TP892128"," 7","19319888","","0.1010","A"
"4","Trait5","pKWmEB","PstI.TP7177"," 7","19883599","","0.2707","A"
"4","Trait5","pKWmEB","PstI.TP1271149"," 7","19896261","","0.0935","A"
"4","Trait5","pKWmEB","GFSSContig2952_216"," 7","19899207","","0.0600","T"
"4","Trait5","pKWmEB","NsiI.TP717074"," 7","19904018","","0.2856","C"
"4","Trait5","pKWmEB","GFSSContig19005_876"," 7","19906054","","0.9852","C"
"4","Trait5","pKWmEB","NsiI.TP125422"," 7","20096050","","0.0012","G"
"4","Trait5","pKWmEB","PstI.TP753861"," 7","20618873","","0.7771","C"
"4","Trait5","pKWmEB","PstI.TP764130"," 7","20619268","","0.9682","C"
"4","Trait5","pKWmEB","NsiI.TP389580"," 7","20897063","","0.0045","C"
"4","Trait5","pKWmEB","PstI.TP1059901"," 7","21055196","","0.0989","C"
"4","Trait5","pKWmEB","NsiI.TP32788"," 7","23381869","","0.2222","C"
"4","Trait5","pKWmEB","PstI.TP49280"," 7","23746497","","0.7411","C"
"4","Trait5","pKWmEB","PstI.TP719645"," 7","23758133","","1.6630","A"
"4","Trait5","pKWmEB","PstI.TP390797"," 7","23761848","","0.2475","A"
"4","Trait5","pKWmEB","PstI.TP1013004"," 7","23934216","","0.0353","A"
"4","Trait5","pKWmEB","NsiI.TP525744"," 7","23934235","","0.1807","A"
"4","Trait5","pKWmEB","PstI.TP771674"," 7","23935231","","0.0162","A"
"4","Trait5","pKWmEB","NsiI.TP42145"," 7","25365041","","0.3985","C"
"4","Trait5","pKWmEB","NsiI.TP135332"," 7","25713963","","0.9574","C"
"4","Trait5","pKWmEB","PstI.TP1243215"," 7","26362268","","0.2535","A"
"4","Trait5","pKWmEB","NsiI.TP775018"," 7","27544515","","0.5812","C"
"4","Trait5","pKWmEB","PstI.TP1060579"," 7","28563180","","0.5644","A"
"4","Trait5","pKWmEB","PstI.TP930201"," 7","30412154","","0.2369","A"
"4","Trait5","pKWmEB","PstI.TP1149152"," 7","30412784","","0.0826","A"
"4","Trait5","pKWmEB","PstI.TP274398"," 7","32018464","","0.2643","A"
"4","Trait5","pKWmEB","PstI.TP750538"," 7","36807368","","0.2908","C"
"4","Trait5","pKWmEB","NsiI.TP33859"," 7","36901210","","0.1291","A"
"4","Trait5","pKWmEB","NsiI.TP248364"," 7","36902705","","0.2819","C"
"4","Trait5","pKWmEB","PstI.TP1021940"," 7","37610633","","0.1647","C"
"4","Trait5","pKWmEB","PstI.TP829843"," 7","37611088","","0.0124","C"
"4","Trait5","pKWmEB","PstI.TP913067"," 7","37614298","","0.3240","C"
"4","Trait5","pKWmEB","PstI.TP913069"," 7","37614334","","0.4616","A"
"4","Trait5","pKWmEB","PstI.TP601187"," 7","37614674","","0.2646","C"
"4","Trait5","pKWmEB","PstI.TP728669"," 7","37735277","","0.8489","A"
"4","Trait5","pKWmEB","PstI.TP728699"," 7","37735277","","1.5719","A"
"4","Trait5","pKWmEB","PstI.TP728711"," 7","37735277","","0.0959","A"
"4","Trait5","pKWmEB","PstI.TP728732"," 7","37735277","","0.0885","A"
"4","Trait5","pKWmEB","PstI.TP728733"," 7","37735277","","0.4728","A"
"4","Trait5","pKWmEB","PstI.TP728734"," 7","37735277","","0.9708","A"
"4","Trait5","pKWmEB","PstI.TP728736"," 7","37735277","","1.4234","A"
"4","Trait5","pKWmEB","PstI.TP728746"," 7","37735277","","0.7087","A"
"4","Trait5","pKWmEB","PstI.TP728749"," 7","37735277","","0.0960","A"
"4","Trait5","pKWmEB","PstI.TP728805"," 7","37735277","","1.0587","A"
"4","Trait5","pKWmEB","PstI.TP728878"," 7","37735277","","0.3250","A"
"4","Trait5","pKWmEB","PstI.TP728889"," 7","37735277","","0.9868","A"
"4","Trait5","pKWmEB","PstI.TP728979"," 7","37735277","","0.1106","A"
"4","Trait5","pKWmEB","PstI.TP729120"," 7","37735277","","0.3523","A"
"4","Trait5","pKWmEB","PstI.TP729129"," 7","37735277","","1.3971","A"
"4","Trait5","pKWmEB","PstI.TP729133"," 7","37735277","","0.4980","A"
"4","Trait5","pKWmEB","PstI.TP729189"," 7","37735277","","0.2755","A"
"4","Trait5","pKWmEB","PstI.TP1253835"," 7","37748571","","0.0720","C"
"4","Trait5","pKWmEB","PstI.TP1220133"," 7","38049088","","0.6648","C"
"4","Trait5","pKWmEB","PstI.TP642845"," 7","38620200","","0.1474","C"
"4","Trait5","pKWmEB","PstI.TP481809"," 7","38620322","","0.0335","A"
"4","Trait5","pKWmEB","NsiI.TP767568"," 7","38656685","","0.0871","C"
"4","Trait5","pKWmEB","NsiI.TP784581"," 7","38825773","","0.0773","C"
"4","Trait5","pKWmEB","NsiI.TP758683"," 7","38825793","","0.5955","G"
"4","Trait5","pKWmEB","NsiI.TP498847"," 7","38844939","","0.3635","C"
"4","Trait5","pKWmEB","NsiI.TP262182"," 7","38847042","","0.7036","A"
"4","Trait5","pKWmEB","PstI.TP1113083"," 7","38922544","","0.4482","A"
"4","Trait5","pKWmEB","PstI.TP280388"," 7","38997134","","1.4458","C"
"4","Trait5","pKWmEB","PstI.TP1068306"," 7","38997173","","0.3492","C"
"4","Trait5","pKWmEB","PstI.TP650956"," 7","39090261","","0.0835","A"
"4","Trait5","pKWmEB","PstI.TP473558"," 7","39095635","","0.0053","A"
"4","Trait5","pKWmEB","PstI.TP513624"," 7","39095958","","0.2926","A"
"4","Trait5","pKWmEB","PstI.TP786393"," 7","39096773","","0.1346","C"
"4","Trait5","pKWmEB","PstI.TP1151756"," 7","39232025","","0.5524","A"
"4","Trait5","pKWmEB","PstI.TP1244814"," 7","39448732","","0.3726","A"
"4","Trait5","pKWmEB","NsiI.TP459288"," 7","39656372","","0.0260","A"
"4","Trait5","pKWmEB","NsiI.TP459297"," 7","39656373","","0.0383","G"
"4","Trait5","pKWmEB","NsiI.TP304995"," 7","39656753","","1.0832","C"
"4","Trait5","pKWmEB","PstI.TP1237165"," 7","39960538","","1.2802","A"
"4","Trait5","pKWmEB","NsiI.TP432582"," 7","40023470","","0.0709","A"
"4","Trait5","pKWmEB","PstI.TP235832"," 7","40076244","","1.3275","A"
"4","Trait5","pKWmEB","PstI.TP1005929"," 7","40209050","","0.1027","A"
"4","Trait5","pKWmEB","PstI.TP1005964"," 7","40209050","","0.6841","A"
"4","Trait5","pKWmEB","PstI.TP1021321"," 7","40225707","","0.0246","C"
"4","Trait5","pKWmEB","NsiI.TP579169"," 7","40226521","","0.3460","G"
"4","Trait5","pKWmEB","NsiI.TP146523"," 7","41170101","","0.8336","A"
"4","Trait5","pKWmEB","NsiI.TP691412"," 7","41275105","","0.1116","A"
"4","Trait5","pKWmEB","NsiI.TP296058"," 7","41533730","","0.3322","A"
"4","Trait5","pKWmEB","PstI.TP220192"," 7","42063325","","0.3426","C"
"4","Trait5","pKWmEB","PstI.TP41097"," 7","42065116","","0.5548","G"
"4","Trait5","pKWmEB","PstI.TP811239"," 7","42565625","","1.4270","A"
"4","Trait5","pKWmEB","PstI.TP40335"," 7","42744775","","0.5444","A"
"4","Trait5","pKWmEB","GFSSContig12567_692"," 7","42744908","","0.9852","C"
"4","Trait5","pKWmEB","PstI.TP691815"," 7","42746558","","0.4054","A"
"4","Trait5","pKWmEB","NsiI.TP436536"," 7","43226289","","0.0603","C"
"4","Trait5","pKWmEB","PstI.TP1147160"," 7","44396170","","0.0474","A"
"4","Trait5","pKWmEB","PstI.TP1000389"," 7","44396572","","0.0918","A"
"4","Trait5","pKWmEB","PstI.TP734933"," 7","44399101","","0.3057","C"
"4","Trait5","pKWmEB","PstI.TP1267238"," 7","44914615","","0.4695","C"
"4","Trait5","pKWmEB","PstI.TP1068244"," 7","46112945","","0.0348","C"
"4","Trait5","pKWmEB","PstI.TP835038"," 7","46234035","","0.1145","A"
"4","Trait5","pKWmEB","PstI.TP1109286"," 7","47351131","","0.6073","A"
"4","Trait5","pKWmEB","PstI.TP442891"," 7","48896460","","0.4194","A"
"4","Trait5","pKWmEB","PstI.TP408513"," 7","49786135","","0.1386","A"
"4","Trait5","pKWmEB","PstI.TP376982"," 7","49974909","","1.1212","A"
"4","Trait5","pKWmEB","NsiI.TP137073"," 7","49983000","","0.6566","A"
"4","Trait5","pKWmEB","NsiI.TP219767"," 7","49984697","","0.1845","C"
"4","Trait5","pKWmEB","PstI.TP1227472"," 7","50008737","","0.3678","G"
"4","Trait5","pKWmEB","NsiI.TP151514"," 7","50015487","","1.4444","A"
"4","Trait5","pKWmEB","PstI.TP1253890"," 7","50123451","","0.3493","A"
"4","Trait5","pKWmEB","PstI.TP1159801"," 7","50126038","","0.6956","C"
"4","Trait5","pKWmEB","PstI.TP450448"," 7","50290469","","0.4435","A"
"4","Trait5","pKWmEB","NsiI.TP673085"," 7","50723110","","0.7083","A"
"4","Trait5","pKWmEB","PstI.TP963389"," 7","50724093","","0.5944","C"
"4","Trait5","pKWmEB","NsiI.TP444823"," 7","50728299","","0.2180","A"
"4","Trait5","pKWmEB","NsiI.TP492278"," 7","50851095","","0.9747","A"
"4","Trait5","pKWmEB","PstI.TP676701"," 7","51193143","","0.0545","C"
"4","Trait5","pKWmEB","PstI.TP676885"," 7","51193149","","1.0400","C"
"4","Trait5","pKWmEB","NsiI.TP684195"," 7","51496026","","0.1652","A"
"4","Trait5","pKWmEB","PstI.TP776050"," 7","51497686","","0.2814","C"
"4","Trait5","pKWmEB","PstI.TP548274"," 7","51500731","","0.3525","A"
"4","Trait5","pKWmEB","NsiI.TP540512"," 7","51941929","","0.2901","A"
"4","Trait5","pKWmEB","NsiI.TP575584"," 7","52071718","","0.8707","A"
"4","Trait5","pKWmEB","PstI.TP700737"," 7","52170610","","0.0805","C"
"4","Trait5","pKWmEB","PstI.TP220835"," 7","52243610","","0.8303","C"
"4","Trait5","pKWmEB","NsiI.TP394177"," 7","52264373","","1.3114","C"
"4","Trait5","pKWmEB","PstI.TP541319"," 7","52302738","","0.0490","A"
"4","Trait5","pKWmEB","PstI.TP1223069"," 7","52650366","","0.0592","A"
"4","Trait5","pKWmEB","PstI.TP868849"," 7","52655700","","0.4000","C"
"4","Trait5","pKWmEB","NsiI.TP331163"," 7","52684356","","0.2687","C"
"4","Trait5","pKWmEB","NsiI.TP232537"," 7","52687503","","0.6224","C"
"4","Trait5","pKWmEB","NsiI.TP57522"," 7","52802385","","0.0441","A"
"4","Trait5","pKWmEB","NsiI.TP463488"," 7","52910352","","0.1548","C"
"4","Trait5","pKWmEB","PstI.TP1105907"," 7","53011045","","0.3671","A"
"4","Trait5","pKWmEB","NsiI.TP31455"," 7","53170144","","2.0753","C"
"4","Trait5","pKWmEB","NsiI.TP480200"," 7","53174073","","0.0938","A"
"4","Trait5","pKWmEB","NsiI.TP471799"," 7","53212289","","0.3983","C"
"4","Trait5","pKWmEB","PstI.TP810546"," 7","53213668","","0.6026","C"
"4","Trait5","pKWmEB","NsiI.TP609515"," 7","53214491","","0.0529","C"
"4","Trait5","pKWmEB","NsiI.TP798841"," 7","53220568","","0.5038","C"
"4","Trait5","pKWmEB","NsiI.TP272229"," 7","53277019","","0.7785","C"
"4","Trait5","pKWmEB","NsiI.TP148438"," 7","53280734","","0.1563","G"
"4","Trait5","pKWmEB","NsiI.TP138963"," 7","53280749","","0.6497","C"
"4","Trait5","pKWmEB","PstI.TP115639"," 7","53288591","","0.0293","A"
"4","Trait5","pKWmEB","PstI.TP844489"," 7","53426621","","0.6377","C"
"4","Trait5","pKWmEB","PstI.TP226513"," 7","53473777","","0.6767","C"
"4","Trait5","pKWmEB","PstI.TP746464"," 7","53509977","","0.7898","G"
"4","Trait5","pKWmEB","NsiI.TP153657"," 7","53655931","","0.0956","C"
"4","Trait5","pKWmEB","PstI.TP860964"," 7","53711161","","0.0744","C"
"4","Trait5","pKWmEB","PstI.TP29147"," 7","53719976","","0.0903","A"
"4","Trait5","pKWmEB","PstI.TP935585"," 7","53727698","","0.2520","C"
"4","Trait5","pKWmEB","PstI.TP1077450"," 7","53747324","","0.0012","A"
"4","Trait5","pKWmEB","PstI.TP51830"," 7","53846835","","0.0403","G"
"4","Trait5","pKWmEB","PstI.TP713758"," 7","53864081","","0.2323","C"
"4","Trait5","pKWmEB","NsiI.TP560389"," 7","53864117","","0.7025","C"
"4","Trait5","pKWmEB","NsiI.TP629658"," 7","53868905","","2.1306","C"
"4","Trait5","pKWmEB","PstI.TP773880"," 7","53899356","","0.8601","C"
"4","Trait5","pKWmEB","NsiI.TP707982"," 7","53914763","","0.5967","C"
"4","Trait5","pKWmEB","PstI.TP1042685"," 7","53939931","","0.0567","A"
"4","Trait5","pKWmEB","PstI.TP191402"," 7","53943006","","0.0210","A"
"4","Trait5","pKWmEB","PstI.TP363821"," 7","53943057","","0.0968","C"
"4","Trait5","pKWmEB","PstI.TP636898"," 7","54089980","","0.2077","C"
"4","Trait5","pKWmEB","PstI.TP676625"," 7","54092826","","0.5742","A"
"4","Trait5","pKWmEB","PstI.TP677046"," 7","54092854","","0.0377","A"
"4","Trait5","pKWmEB","PstI.TP357029"," 7","54216876","","2.0130","C"
"4","Trait5","pKWmEB","PstI.TP1182490"," 7","54283820","","0.0212","C"
"4","Trait5","pKWmEB","PstI.TP256340"," 7","54329519","","1.1583","A"
"4","Trait5","pKWmEB","PstI.TP780884"," 7","54360893","","0.0656","C"
"4","Trait5","pKWmEB","PstI.TP846454"," 7","54554537","","0.1013","A"
"4","Trait5","pKWmEB","PstI.TP129446"," 7","54572687","","0.2604","A"
"4","Trait5","pKWmEB","PstI.TP1268451"," 7","54575794","","0.3283","A"
"4","Trait5","pKWmEB","PstI.TP38206"," 7","54578842","","0.0187","C"
"4","Trait5","pKWmEB","NsiI.TP177068"," 7","54680887","","0.4654","A"
"4","Trait5","pKWmEB","NsiI.TP26827"," 7","54682777","","0.1610","A"
"4","Trait5","pKWmEB","PstI.TP134198"," 7","54703609","","0.0151","A"
"4","Trait5","pKWmEB","PstI.TP455365"," 7","54748339","","0.3629","A"
"4","Trait5","pKWmEB","PstI.TP1261475"," 7","54756916","","0.1367","A"
"4","Trait5","pKWmEB","GFSSContig16049_1267"," 7","54759355","","0.4662","A"
"4","Trait5","pKWmEB","PstI.TP936263"," 7","54764739","","0.0341","C"
"4","Trait5","pKWmEB","NsiI.TP167775"," 7","54814473","","0.7095","A"
"4","Trait5","pKWmEB","PstI.TP475955"," 7","54849325","","0.8550","C"
"4","Trait5","pKWmEB","PstI.TP740447"," 7","54863441","","0.2027","C"
"4","Trait5","pKWmEB","NsiI.TP760653"," 7","54864586","","0.3406","C"
"4","Trait5","pKWmEB","PstI.TP914188"," 7","54888340","","0.5981","C"
"4","Trait5","pKWmEB","NsiI.TP702393"," 7","54899243","","0.4009","A"
"4","Trait5","pKWmEB","NsiI.TP812205"," 7","54948640","","0.5761","A"
"4","Trait5","pKWmEB","NsiI.TP565032"," 7","55113105","","1.5153","A"
"4","Trait5","pKWmEB","NsiI.TP464936"," 7","55113329","","0.2073","G"
"4","Trait5","pKWmEB","PstI.TP681468"," 7","55205095","","0.3253","A"
"4","Trait5","pKWmEB","PstI.TP522628"," 7","55214011","","1.4916","G"
"4","Trait5","pKWmEB","NsiI.TP57471"," 7","55271098","","0.2567","A"
"4","Trait5","pKWmEB","PstI.TP811361"," 7","55272171","","0.6110","C"
"4","Trait5","pKWmEB","NsiI.TP743125"," 7","55289077","","0.2759","C"
"4","Trait5","pKWmEB","PstI.TP33606"," 7","55343420","","0.1005","A"
"4","Trait5","pKWmEB","PstI.TP67962"," 7","55448827","","0.0541","A"
"4","Trait5","pKWmEB","PstI.TP478078"," 7","55522438","","0.4526","A"
"4","Trait5","pKWmEB","GFSSContig18047_927"," 7","55538778","","0.1579","A"
"4","Trait5","pKWmEB","NsiI.TP413768"," 7","55565747","","0.3521","A"
"4","Trait5","pKWmEB","NsiI.TP544241"," 7","55634342","","0.0709","A"
"4","Trait5","pKWmEB","NsiI.TP430978"," 7","55642388","","0.0598","A"
"4","Trait5","pKWmEB","NsiI.TP634824"," 7","55643367","","0.3903","G"
"4","Trait5","pKWmEB","NsiI.TP621359"," 7","55651858","","1.1837","A"
"4","Trait5","pKWmEB","PstI.TP673993"," 7","55674206","","0.2340","A"
"4","Trait5","pKWmEB","PstI.TP44125"," 7","55681656","","0.5429","G"
"4","Trait5","pKWmEB","PstI.TP265440"," 7","55685759","","0.8126","C"
"4","Trait5","pKWmEB","PstI.TP544535"," 7","55750564","","1.4947","A"
"4","Trait5","pKWmEB","PstI.TP44973"," 7","55874288","","0.4697","A"
"4","Trait5","pKWmEB","PstI.TP1180704"," 7","55904008","","0.0223","C"
"4","Trait5","pKWmEB","NsiI.TP226284"," 7","55938781","","0.4181","A"
"4","Trait5","pKWmEB","NsiI.TP692200"," 7","55971020","","0.3699","A"
"4","Trait5","pKWmEB","PstI.TP323434"," 7","55981680","","0.4357","C"
"4","Trait5","pKWmEB","PstI.TP156629"," 7","55982356","","0.4799","A"
"4","Trait5","pKWmEB","PstI.TP716758"," 7","55988135","","0.7162","A"
"4","Trait5","pKWmEB","PstI.TP725380"," 7","56007421","","0.0168","C"
"4","Trait5","pKWmEB","PstI.TP628852"," 7","56019584","","0.3994","A"
"4","Trait5","pKWmEB","NsiI.TP796401"," 7","56037041","","0.0071","A"
"4","Trait5","pKWmEB","PstI.TP436226"," 7","56156649","","0.3832","C"
"4","Trait5","pKWmEB","NsiI.TP465482"," 7","56232682","","0.7620","A"
"4","Trait5","pKWmEB","NsiI.TP465867"," 7","56232703","","0.1880","G"
"4","Trait5","pKWmEB","PstI.TP1029191"," 7","56232874","","0.0988","A"
"4","Trait5","pKWmEB","PstI.TP873747"," 7","56234464","","0.0720","A"
"4","Trait5","pKWmEB","PstI.TP342447"," 7","56234504","","0.2588","C"
"4","Trait5","pKWmEB","PstI.TP342418"," 7","56234517","","0.0899","C"
"4","Trait5","pKWmEB","PstI.TP251030"," 7","56275748","","0.1943","G"
"4","Trait5","pKWmEB","PstI.TP838226"," 7","56380657","","0.2079","A"
"4","Trait5","pKWmEB","PstI.TP73012"," 7","56426566","","0.3618","A"
"4","Trait5","pKWmEB","PstI.TP840517"," 7","56447630","","0.6364","A"
"4","Trait5","pKWmEB","PstI.TP1083673"," 7","56447700","","3.9828","A"
"4","Trait5","pKWmEB","PstI.TP701128"," 7","56465332","","0.8991","A"
"4","Trait5","pKWmEB","PstI.TP1033890"," 7","56467931","","0.5166","C"
"4","Trait5","pKWmEB","NsiI.TP487967"," 7","56473747","","1.0925","C"
"4","Trait5","pKWmEB","NsiI.TP634702"," 7","56479723","","0.1223","A"
"4","Trait5","pKWmEB","NsiI.TP634700"," 7","56479768","","1.3204","A"
"4","Trait5","pKWmEB","NsiI.TP549210"," 7","56480307","","0.3418","C"
"4","Trait5","pKWmEB","NsiI.TP181815"," 7","56481882","","0.1728","C"
"4","Trait5","pKWmEB","NsiI.TP607330"," 7","56482165","","0.0696","A"
"4","Trait5","pKWmEB","PstI.TP6837"," 7","56482179","","0.6482","C"
"4","Trait5","pKWmEB","NsiI.TP426620"," 7","56485654","","0.3421","C"
"4","Trait5","pKWmEB","PstI.TP951821"," 7","56486258","","0.8732","G"
"4","Trait5","pKWmEB","PstI.TP226865"," 7","56497320","","0.9113","A"
"4","Trait5","pKWmEB","NsiI.TP454840"," 7","56498572","","0.0000","C"
"4","Trait5","pKWmEB","PstI.TP624170"," 7","56509983","","0.9459","C"
"4","Trait5","pKWmEB","NsiI.TP831720"," 7","56522539","","0.6918","A"
"4","Trait5","pKWmEB","PstI.TP770515"," 7","56528709","","0.3319","A"
"4","Trait5","pKWmEB","PstI.TP195819"," 7","56569496","","0.9076","C"
"4","Trait5","pKWmEB","PstI.TP1254872"," 7","56573064","","1.0267","C"
"4","Trait5","pKWmEB","PstI.TP1254873"," 7","56573089","","0.2822","C"
"4","Trait5","pKWmEB","PstI.TP824501"," 7","56584998","","0.1176","C"
"4","Trait5","pKWmEB","NsiI.TP216966"," 7","56618572","","0.1342","C"
"4","Trait5","pKWmEB","PstI.TP96437"," 7","56660900","","0.3256","A"
"4","Trait5","pKWmEB","NsiI.TP399470"," 7","56697288","","0.3487","G"
"4","Trait5","pKWmEB","NsiI.TP587792"," 7","56733492","","0.1007","C"
"4","Trait5","pKWmEB","NsiI.TP629280"," 7","56770797","","0.0057","C"
"4","Trait5","pKWmEB","NsiI.TP234353"," 7","56772484","","0.2655","A"
"4","Trait5","pKWmEB","PstI.TP42608"," 7","56772896","","0.7489","C"
"4","Trait5","pKWmEB","NsiI.TP348632"," 7","56779391","","0.3345","A"
"4","Trait5","pKWmEB","PstI.TP702779"," 7","56779453","","0.1849","C"
"4","Trait5","pKWmEB","PstI.TP223928"," 7","56820316","","0.6372","A"
"4","Trait5","pKWmEB","PstI.TP224040"," 7","56820318","","0.6448","A"
"4","Trait5","pKWmEB","NsiI.TP87484"," 7","56822871","","0.0018","A"
"4","Trait5","pKWmEB","PstI.TP116516"," 7","56890296","","1.2498","A"
"4","Trait5","pKWmEB","PstI.TP1261869"," 7","56914589","","0.0266","C"
"4","Trait5","pKWmEB","PstI.TP895191"," 7","56933640","","0.2981","A"
"4","Trait5","pKWmEB","PstI.TP594044"," 7","56948044","","0.1655","G"
"4","Trait5","pKWmEB","PstI.TP275480"," 7","56994178","","0.5091","C"
"4","Trait5","pKWmEB","PstI.TP924356"," 7","56999276","","0.0298","A"
"4","Trait5","pKWmEB","PstI.TP1042774"," 7","57064853","","0.1178","C"
"4","Trait5","pKWmEB","NsiI.TP121554"," 7","57067418","","1.0658","A"
"4","Trait5","pKWmEB","NsiI.TP463292"," 7","57067462","","0.2315","A"
"4","Trait5","pKWmEB","NsiI.TP810281"," 7","57111956","","0.3183","A"
"4","Trait5","pKWmEB","NsiI.TP729776"," 7","57144100","","0.8943","C"
"4","Trait5","pKWmEB","GFSSContig1966_308"," 7","57169069","","0.2239","A"
"4","Trait5","pKWmEB","PstI.TP986436"," 7","57194553","","0.5295","C"
"4","Trait5","pKWmEB","PstI.TP190549"," 7","57197488","","0.0120","G"
"4","Trait5","pKWmEB","PstI.TP109425"," 7","57224512","","0.1509","C"
"4","Trait5","pKWmEB","PstI.TP179103"," 7","57227560","","0.9380","C"
"4","Trait5","pKWmEB","PstI.TP157794"," 7","57230682","","0.2913","A"
"4","Trait5","pKWmEB","PstI.TP1005240"," 7","57259216","","0.5797","C"
"4","Trait5","pKWmEB","PstI.TP271772"," 7","57259256","","0.1181","A"
"4","Trait5","pKWmEB","PstI.TP706342"," 7","57259564","","0.1010","C"
"4","Trait5","pKWmEB","NsiI.TP693353"," 7","57290725","","1.0067","C"
"4","Trait5","pKWmEB","PstI.TP893480"," 7","57292032","","0.2617","G"
"4","Trait5","pKWmEB","PstI.TP893479"," 7","57292079","","0.4125","C"
"4","Trait5","pKWmEB","NsiI.TP338725"," 7","57292523","","0.5997","C"
"4","Trait5","pKWmEB","NsiI.TP411298"," 7","57292592","","1.4117","G"
"4","Trait5","pKWmEB","NsiI.TP480061"," 7","57292632","","0.5758","C"
"4","Trait5","pKWmEB","PstI.TP326785"," 7","57293650","","0.6901","A"
"4","Trait5","pKWmEB","PstI.TP729433"," 7","57293984","","0.1536","A"
"4","Trait5","pKWmEB","PstI.TP967103"," 7","57294054","","0.0354","A"
"4","Trait5","pKWmEB","PstI.TP369708"," 7","57294526","","0.1537","A"
"4","Trait5","pKWmEB","PstI.TP1242684"," 7","57357914","","0.1272","G"
"4","Trait5","pKWmEB","PstI.TP476019"," 7","57380412","","0.3945","A"
"4","Trait5","pKWmEB","PstI.TP116834"," 7","57400292","","0.0183","C"
"4","Trait5","pKWmEB","PstI.TP116829"," 7","57400327","","0.0585","A"
"4","Trait5","pKWmEB","NsiI.TP12446"," 7","57406240","","0.9642","A"
"4","Trait5","pKWmEB","PstI.TP1000873"," 7","57426488","","0.7898","G"
"4","Trait5","pKWmEB","PstI.TP1000608"," 7","57426510","","0.1033","A"
"4","Trait5","pKWmEB","NsiI.TP571413"," 7","57436870","","0.9158","A"
"4","Trait5","pKWmEB","PstI.TP1231482"," 7","57442040","","0.1010","C"
"4","Trait5","pKWmEB","NsiI.TP216625"," 7","57473921","","1.3938","A"
"4","Trait5","pKWmEB","PstI.TP1104428"," 7","57492231","","0.3709","A"
"4","Trait5","pKWmEB","NsiI.TP416768"," 7","57494905","","0.0622","A"
"4","Trait5","pKWmEB","NsiI.TP250341"," 7","57502270","","0.4971","C"
"4","Trait5","pKWmEB","PstI.TP365158"," 7","57521179","","1.2675","C"
"4","Trait5","pKWmEB","PstI.TP38489"," 7","57547747","","0.7882","C"
"4","Trait5","pKWmEB","PstI.TP663882"," 7","57555118","","0.4665","A"
"4","Trait5","pKWmEB","NsiI.TP738676"," 7","57559338","","0.7905","C"
"4","Trait5","pKWmEB","NsiI.TP428791"," 7","57559399","","0.8312","A"
"4","Trait5","pKWmEB","PstI.TP988411"," 7","57566112","","0.1766","A"
"4","Trait5","pKWmEB","NsiI.TP509063"," 7","57597239","","0.0136","C"
"4","Trait5","pKWmEB","PstI.TP905759"," 7","57631203","","0.1622","C"
"4","Trait5","pKWmEB","PstI.TP217587"," 7","57680078","","0.0485","A"
"4","Trait5","pKWmEB","NsiI.TP408285"," 7","57692604","","0.1342","C"
"4","Trait5","pKWmEB","NsiI.TP467298"," 7","57692693","","0.2427","C"
"4","Trait5","pKWmEB","PstI.TP585747"," 7","57701465","","0.7419","A"
"4","Trait5","pKWmEB","PstI.TP179753"," 7","57741054","","0.1333","A"
"4","Trait5","pKWmEB","NsiI.TP71608"," 7","57789465","","1.1916","A"
"4","Trait5","pKWmEB","PstI.TP158199"," 7","57792676","","0.0752","C"
"4","Trait5","pKWmEB","NsiI.TP420489"," 7","57825447","","0.6697","A"
"4","Trait5","pKWmEB","PstI.TP1000323"," 7","57848687","","0.1058","A"
"4","Trait5","pKWmEB","PstI.TP578151"," 7","57848739","","0.2561","A"
"4","Trait5","pKWmEB","NsiI.TP575759"," 7","57906159","","0.0152","C"
"4","Trait5","pKWmEB","PstI.TP73041"," 7","57916229","","0.7864","A"
"4","Trait5","pKWmEB","NsiI.TP519727"," 7","57918621","","0.0485","A"
"4","Trait5","pKWmEB","PstI.TP808266"," 7","57918873","","0.2666","A"
"4","Trait5","pKWmEB","PstI.TP808264"," 7","57918885","","0.3951","C"
"4","Trait5","pKWmEB","NsiI.TP677131"," 7","57930920","","0.1373","A"
"4","Trait5","pKWmEB","NsiI.TP111742"," 7","57934282","","0.1816","C"
"4","Trait5","pKWmEB","NsiI.TP242759"," 7","57945470","","1.3777","C"
"4","Trait5","pKWmEB","NsiI.TP754752"," 7","57952206","","0.4170","A"
"4","Trait5","pKWmEB","NsiI.TP430718"," 7","57959816","","0.8626","C"
"4","Trait5","pKWmEB","PstI.TP596502"," 7","58014009","","0.2010","A"
"4","Trait5","pKWmEB","NsiI.TP546382"," 7","58039037","","1.1373","A"
"4","Trait5","pKWmEB","PstI.TP1027912"," 7","58053493","","0.1106","A"
"4","Trait5","pKWmEB","PstI.TP454080"," 7","58131274","","0.5209","C"
"4","Trait5","pKWmEB","NsiI.TP616059"," 7","58178309","","0.0982","A"
"4","Trait5","pKWmEB","PstI.TP218045"," 7","58191388","","0.2228","A"
"4","Trait5","pKWmEB","NsiI.TP312687"," 7","58197899","","0.1911","C"
"4","Trait5","pKWmEB","PstI.TP665062"," 7","58208506","","0.0298","C"
"4","Trait5","pKWmEB","PstI.TP924967"," 7","58209852","","1.0176","A"
"4","Trait5","pKWmEB","NsiI.TP307351"," 7","58210133","","0.0682","A"
"4","Trait5","pKWmEB","NsiI.TP414923"," 7","58216713","","0.2008","A"
"4","Trait5","pKWmEB","PstI.TP364169"," 7","58263144","","1.1369","A"
"4","Trait5","pKWmEB","PstI.TP131166"," 7","58269471","","1.6422","A"
"4","Trait5","pKWmEB","PstI.TP115692"," 7","58269670","","0.0415","C"
"4","Trait5","pKWmEB","PstI.TP323746"," 7","58295300","","0.1547","C"
"4","Trait5","pKWmEB","PstI.TP385032"," 7","58296331","","0.3175","A"
"4","Trait5","pKWmEB","PstI.TP420819"," 7","58322117","","0.1557","C"
"4","Trait5","pKWmEB","PstI.TP191342"," 7","58325056","","0.0389","A"
"4","Trait5","pKWmEB","NsiI.TP533884"," 7","58332744","","0.4128","C"
"4","Trait5","pKWmEB","NsiI.TP456696"," 7","58332939","","0.2567","C"
"4","Trait5","pKWmEB","NsiI.TP39321"," 7","58385536","","0.3577","G"
"4","Trait5","pKWmEB","NsiI.TP522931"," 7","58428470","","0.4276","C"
"4","Trait5","pKWmEB","NsiI.TP115192"," 7","58481149","","0.5422","A"
"4","Trait5","pKWmEB","NsiI.TP794832"," 7","58498700","","0.8237","C"
"4","Trait5","pKWmEB","GFSSContig12698_1019"," 7","58530011","","0.1135","T"
"4","Trait5","pKWmEB","PstI.TP79499"," 7","58548407","","1.0071","G"
"4","Trait5","pKWmEB","PstI.TP871500"," 7","58552200","","0.1587","C"
"4","Trait5","pKWmEB","PstI.TP397160"," 7","58561163","","0.7285","C"
"4","Trait5","pKWmEB","PstI.TP814593"," 7","58562479","","0.5541","A"
"4","Trait5","pKWmEB","PstI.TP1191610"," 7","58563269","","0.0421","C"
"4","Trait5","pKWmEB","PstI.TP1023559"," 7","58580474","","0.3717","C"
"4","Trait5","pKWmEB","NsiI.TP629722"," 7","58591866","","0.4734","C"
"4","Trait5","pKWmEB","NsiI.TP546538"," 7","58603015","","0.7335","C"
"4","Trait5","pKWmEB","PstI.TP214720"," 7","58614835","","0.7098","C"
"4","Trait5","pKWmEB","PstI.TP63012"," 7","58654217","","0.1886","A"
"4","Trait5","pKWmEB","NsiI.TP746266"," 7","58668606","","0.8828","A"
"4","Trait5","pKWmEB","PstI.TP1017687"," 7","58691088","","0.0940","A"
"4","Trait5","pKWmEB","PstI.TP777464"," 7","58712241","","0.6053","C"
"4","Trait5","pKWmEB","NsiI.TP487796"," 7","58728277","","0.0088","G"
"4","Trait5","pKWmEB","PstI.TP1213015"," 7","58731766","","0.0822","A"
"4","Trait5","pKWmEB","PstI.TP866561"," 7","58745570","","0.5534","G"
"4","Trait5","pKWmEB","PstI.TP623688"," 7","58748937","","0.1115","A"
"4","Trait5","pKWmEB","PstI.TP277532"," 7","58749000","","0.1898","C"
"4","Trait5","pKWmEB","PstI.TP580690"," 7","58775427","","0.1333","A"
"4","Trait5","pKWmEB","PstI.TP740114"," 7","58776559","","0.3372","C"
"4","Trait5","pKWmEB","PstI.TP378727"," 7","58839899","","0.1931","A"
"4","Trait5","pKWmEB","NsiI.TP745662"," 7","58841348","","0.1023","G"
"4","Trait5","pKWmEB","NsiI.TP424775"," 7","58843264","","0.6120","A"
"4","Trait5","pKWmEB","NsiI.TP433825"," 7","58843407","","0.0060","A"
"4","Trait5","pKWmEB","PstI.TP87333"," 7","58848641","","0.5861","A"
"4","Trait5","pKWmEB","PstI.TP119185"," 7","58848721","","0.4815","C"
"4","Trait5","pKWmEB","NsiI.TP197944"," 7","58850635","","0.4628","A"
"4","Trait5","pKWmEB","PstI.TP1269097"," 7","58852083","","0.0865","A"
"4","Trait5","pKWmEB","PstI.TP5927"," 7","58863404","","0.2369","A"
"4","Trait5","pKWmEB","PstI.TP835882"," 7","58925507","","0.8095","A"
"4","Trait5","pKWmEB","PstI.TP850924"," 7","59003159","","0.3950","C"
"4","Trait5","pKWmEB","PstI.TP192722"," 7","59027066","","0.5341","A"
"4","Trait5","pKWmEB","PstI.TP292237"," 7","59035766","","0.4041","A"
"4","Trait5","pKWmEB","PstI.TP1190013"," 7","59047024","","0.0344","C"
"4","Trait5","pKWmEB","NsiI.TP825871"," 7","59052108","","0.4799","A"
"4","Trait5","pKWmEB","NsiI.TP598138"," 7","59052335","","0.0577","C"
"4","Trait5","pKWmEB","PstI.TP1035670"," 7","59054724","","0.1498","C"
"4","Trait5","pKWmEB","NsiI.TP391649"," 7","59055541","","0.4398","C"
"4","Trait5","pKWmEB","PstI.TP748629"," 7","59056781","","0.3462","A"
"4","Trait5","pKWmEB","NsiI.TP830101"," 7","59062333","","0.4515","G"
"4","Trait5","pKWmEB","NsiI.TP562566"," 7","59064166","","0.4784","A"
"4","Trait5","pKWmEB","NsiI.TP829500"," 7","59064484","","0.4798","C"
"4","Trait5","pKWmEB","NsiI.TP283358"," 7","59084611","","0.5566","A"
"4","Trait5","pKWmEB","PstI.TP486630"," 7","59118365","","0.2032","G"
"4","Trait5","pKWmEB","PstI.TP683785"," 7","59120880","","0.5144","A"
"4","Trait5","pKWmEB","NsiI.TP123858"," 7","59134535","","0.8136","A"
"4","Trait5","pKWmEB","NsiI.TP70557"," 7","59141689","","0.4773","A"
"4","Trait5","pKWmEB","PstI.TP799583"," 7","59177504","","0.3876","C"
"4","Trait5","pKWmEB","PstI.TP1033295"," 7","59177533","","0.5896","C"
"4","Trait5","pKWmEB","PstI.TP1241013"," 7","59177544","","1.0747","A"
"4","Trait5","pKWmEB","NsiI.TP737997"," 7","59215280","","0.2420","C"
"4","Trait5","pKWmEB","NsiI.TP623870"," 7","59224628","","1.5693","A"
"4","Trait5","pKWmEB","NsiI.TP499780"," 7","59224983","","0.4697","A"
"4","Trait5","pKWmEB","PstI.TP113627"," 7","59244287","","0.0070","A"
"4","Trait5","pKWmEB","NsiI.TP766552"," 7","59244968","","0.2693","C"
"4","Trait5","pKWmEB","PstI.TP68223"," 7","59248949","","0.6864","A"
"4","Trait5","pKWmEB","NsiI.TP554810"," 7","59256576","","0.4834","C"
"4","Trait5","pKWmEB","NsiI.TP144859"," 7","59278722","","0.4435","C"
"4","Trait5","pKWmEB","NsiI.TP124287"," 7","59312232","","0.0769","A"
"4","Trait5","pKWmEB","NsiI.TP269983"," 7","59312249","","0.0476","C"
"4","Trait5","pKWmEB","PstI.TP628049"," 7","59389398","","0.2863","G"
"4","Trait5","pKWmEB","PstI.TP643020"," 7","59404074","","0.1891","C"
"4","Trait5","pKWmEB","NsiI.TP534927"," 7","59412485","","0.0656","G"
"4","Trait5","pKWmEB","GFk35ctg648025_353"," 7","59425994","","0.1423","A"
"4","Trait5","pKWmEB","PstI.TP918435"," 7","59430806","","1.2495","A"
"4","Trait5","pKWmEB","NsiI.TP364834"," 7","59457867","","2.5491","A"
"4","Trait5","pKWmEB","PstI.TP973796"," 7","59458876","","0.2761","A"
"4","Trait5","pKWmEB","PstI.TP1262139"," 7","59498480","","0.2420","A"
"4","Trait5","pKWmEB","NsiI.TP470567"," 7","59511802","","0.3663","G"
"4","Trait5","pKWmEB","NsiI.TP556252"," 7","59512838","","0.0175","A"
"4","Trait5","pKWmEB","PstI.TP488970"," 7","59514670","","0.2362","C"
"4","Trait5","pKWmEB","PstI.TP312554"," 7","59519130","","0.2571","A"
"4","Trait5","pKWmEB","PstI.TP1159603"," 7","59528202","","0.7724","A"
"4","Trait5","pKWmEB","NsiI.TP471509"," 7","59529100","","0.1267","C"
"4","Trait5","pKWmEB","PstI.TP525683"," 7","59541764","","0.2013","A"
"4","Trait5","pKWmEB","PstI.TP778693"," 7","59556998","","0.3657","C"
"4","Trait5","pKWmEB","PstI.TP39263"," 7","59558295","","0.0266","A"
"4","Trait5","pKWmEB","PstI.TP1287869"," 7","59558537","","0.3122","C"
"4","Trait5","pKWmEB","PstI.TP86735"," 7","59567585","","1.8749","A"
"4","Trait5","pKWmEB","NsiI.TP244525"," 7","59589584","","0.0415","C"
"4","Trait5","pKWmEB","NsiI.TP441490"," 7","59592830","","0.1925","C"
"4","Trait5","pKWmEB","NsiI.TP470250"," 7","59593272","","1.8585","A"
"4","Trait5","pKWmEB","NsiI.TP641514"," 7","59609216","","0.4548","C"
"4","Trait5","pKWmEB","NsiI.TP649966"," 7","59633633","","0.9200","A"
"4","Trait5","pKWmEB","NsiI.TP628872"," 7","59653460","","0.3943","A"
"4","Trait5","pKWmEB","NsiI.TP735491"," 7","59667638","","0.4660","A"
"4","Trait5","pKWmEB","PstI.TP953640"," 7","59672491","","0.0176","A"
"4","Trait5","pKWmEB","PstI.TP953477"," 7","59672539","","0.0244","C"
"4","Trait5","pKWmEB","PstI.TP1027445"," 7","59682194","","0.2598","A"
"4","Trait5","pKWmEB","PstI.TP1027446"," 7","59682207","","1.2780","C"
"4","Trait5","pKWmEB","PstI.TP1027438"," 7","59682242","","0.3415","C"
"4","Trait5","pKWmEB","PstI.TP871773"," 7","59683171","","0.0329","C"
"4","Trait5","pKWmEB","NsiI.TP201900"," 7","59739247","","0.2326","C"
"4","Trait5","pKWmEB","NsiI.TP201899"," 7","59739252","","0.0233","C"
"4","Trait5","pKWmEB","PstI.TP177009"," 7","59744545","","0.1377","A"
"4","Trait5","pKWmEB","NsiI.TP216417"," 7","59750308","","0.0865","G"
"4","Trait5","pKWmEB","PstI.TP68744"," 7","59752869","","0.1333","A"
"4","Trait5","pKWmEB","PstI.TP1022732"," 7","59785708","","0.1634","A"
"4","Trait5","pKWmEB","PstI.TP605948"," 7","59802366","","0.9215","A"
"4","Trait5","pKWmEB","PstI.TP90331"," 7","59803308","","0.1259","A"
"4","Trait5","pKWmEB","PstI.TP290738"," 7","59825579","","0.6955","C"
"4","Trait5","pKWmEB","PstI.TP543989"," 7","59827838","","0.4426","A"
"4","Trait5","pKWmEB","PstI.TP13666"," 7","59849546","","0.1058","A"
"4","Trait5","pKWmEB","GFSSContig18052_1167"," 7","59859208","","0.6505","T"
"4","Trait5","pKWmEB","NsiI.TP753390"," 7","59900776","","1.0337","A"
"4","Trait5","pKWmEB","NsiI.TP380750"," 7","59931296","","0.1873","C"
"4","Trait5","pKWmEB","NsiI.TP338604"," 7","59944646","","0.0485","G"
"4","Trait5","pKWmEB","PstI.TP1022641"," 7","59945448","","0.1432","A"
"4","Trait5","pKWmEB","PstI.TP1022640"," 7","59945466","","0.1231","A"
"4","Trait5","pKWmEB","PstI.TP285646"," 7","59945480","","0.6005","C"
"4","Trait5","pKWmEB","PstI.TP990989"," 7","59970444","","0.0982","C"
"4","Trait5","pKWmEB","PstI.TP1234839"," 7","59971069","","0.0683","A"
"4","Trait5","pKWmEB","NsiI.TP493682"," 7","59972191","","0.8172","A"
"4","Trait5","pKWmEB","NsiI.TP436828"," 7","59977729","","0.2461","C"
"4","Trait5","pKWmEB","PstI.TP806019"," 7","59977734","","0.1844","A"
"4","Trait5","pKWmEB","PstI.TP806020"," 7","59977749","","1.2698","A"
"4","Trait5","pKWmEB","PstI.TP132153"," 7","59986710","","0.6660","A"
"4","Trait5","pKWmEB","PstI.TP544110"," 7","59986998","","0.1637","A"
"4","Trait5","pKWmEB","PstI.TP964648"," 7","60011939","","0.2398","C"
"4","Trait5","pKWmEB","PstI.TP622431"," 7","60027444","","0.7974","C"
"4","Trait5","pKWmEB","NsiI.TP415728"," 7","60028222","","0.1240","A"
"4","Trait5","pKWmEB","PstI.TP920681"," 7","60036755","","0.1229","A"
"4","Trait5","pKWmEB","PstI.TP855773"," 7","60046043","","0.0539","A"
"4","Trait5","pKWmEB","PstI.TP345161"," 7","60104752","","0.5950","A"
"4","Trait5","pKWmEB","PstI.TP535050"," 7","60105007","","0.1495","A"
"4","Trait5","pKWmEB","PstI.TP898065"," 7","60146587","","1.6128","C"
"4","Trait5","pKWmEB","NsiI.TP371392"," 7","60147605","","0.1498","A"
"4","Trait5","pKWmEB","NsiI.TP10980"," 7","60171001","","0.1976","A"
"4","Trait5","pKWmEB","NsiI.TP427864"," 7","60174590","","1.0951","G"
"4","Trait5","pKWmEB","PstI.TP577702"," 7","60177130","","0.0292","C"
"4","Trait5","pKWmEB","PstI.TP780069"," 7","60189505","","0.6791","A"
"4","Trait5","pKWmEB","PstI.TP1251115"," 7","60189734","","0.1685","A"
"4","Trait5","pKWmEB","PstI.TP534885"," 7","60189766","","0.4549","C"
"4","Trait5","pKWmEB","NsiI.TP438738"," 7","60211072","","0.3395","C"
"4","Trait5","pKWmEB","PstI.TP1015272"," 7","60211549","","0.4493","G"
"4","Trait5","pKWmEB","NsiI.TP466674"," 7","60213549","","0.0252","A"
"4","Trait5","pKWmEB","PstI.TP355903"," 7","60227274","","0.8240","A"
"4","Trait5","pKWmEB","PstI.TP393128"," 7","60228191","","0.8469","C"
"4","Trait5","pKWmEB","PstI.TP856277"," 7","60248536","","0.3605","G"
"4","Trait5","pKWmEB","NsiI.TP620627"," 7","60248640","","0.1290","A"
"4","Trait5","pKWmEB","NsiI.TP687921"," 7","60250138","","0.4582","A"
"4","Trait5","pKWmEB","PstI.TP128737"," 7","60263902","","0.0885","G"
"4","Trait5","pKWmEB","PstI.TP364124"," 7","60271640","","0.1547","G"
"4","Trait5","pKWmEB","PstI.TP945872"," 7","60295761","","0.1259","G"
"4","Trait5","pKWmEB","PstI.TP1135700"," 7","60388517","","0.3359","C"
"4","Trait5","pKWmEB","NsiI.TP184013"," 7","60389409","","0.2252","C"
"4","Trait5","pKWmEB","PstI.TP385006"," 7","60397799","","0.5954","C"
"4","Trait5","pKWmEB","PstI.TP630827"," 7","60398016","","0.2613","C"
"4","Trait5","pKWmEB","NsiI.TP374199"," 7","60453634","","1.6848","G"
"4","Trait5","pKWmEB","NsiI.TP328684"," 7","60454264","","1.3214","A"
"4","Trait5","pKWmEB","NsiI.TP503474"," 7","60458156","","0.0970","C"
"4","Trait5","pKWmEB","PstI.TP597899"," 7","60464166","","0.2001","C"
"4","Trait5","pKWmEB","PstI.TP868115"," 7","60464262","","0.0602","A"
"4","Trait5","pKWmEB","NsiI.TP462648"," 7","60470338","","0.9437","C"
"4","Trait5","pKWmEB","NsiI.TP666506"," 7","60526773","","0.1552","A"
"4","Trait5","pKWmEB","NsiI.TP666511"," 7","60526787","","0.7490","C"
"4","Trait5","pKWmEB","PstI.TP683429"," 7","60598528","","1.1209","A"
"4","Trait5","pKWmEB","PstI.TP681978"," 7","60598598","","0.3949","C"
"4","Trait5","pKWmEB","NsiI.TP431873"," 7","60641707","","0.1684","C"
"4","Trait5","pKWmEB","PstI.TP791692"," 7","60643897","","0.2859","C"
"4","Trait5","pKWmEB","NsiI.TP15360"," 7","60668804","","0.2147","G"
"4","Trait5","pKWmEB","PstI.TP544830"," 7","60675631","","0.0972","A"
"4","Trait5","pKWmEB","GFSSContig18799_764"," 7","60681019","","0.4660","A"
"4","Trait5","pKWmEB","PstI.TP713994"," 7","60699922","","0.6701","C"
"4","Trait5","pKWmEB","PstI.TP929954"," 7","60756603","","0.3678","C"
"4","Trait5","pKWmEB","NsiI.TP24323"," 7","60763690","","0.9334","C"
"4","Trait5","pKWmEB","NsiI.TP86013"," 7","60786487","","0.8234","A"
"4","Trait5","pKWmEB","PstI.TP117811"," 7","60820156","","0.1253","A"
"4","Trait5","pKWmEB","PstI.TP176210"," 7","60820249","","0.2081","C"
"4","Trait5","pKWmEB","NsiI.TP241650"," 7","60822403","","0.5834","C"
"4","Trait5","pKWmEB","NsiI.TP241648"," 7","60822434","","0.0021","C"
"4","Trait5","pKWmEB","NsiI.TP78149"," 7","60848651","","0.4458","A"
"4","Trait5","pKWmEB","PstI.TP811219"," 7","60849704","","0.5042","A"
"4","Trait5","pKWmEB","PstI.TP751820"," 7","60849775","","0.0334","C"
"4","Trait5","pKWmEB","PstI.TP693975"," 7","60850221","","0.2613","A"
"4","Trait5","pKWmEB","PstI.TP117898"," 7","60858193","","1.0359","C"
"4","Trait5","pKWmEB","NsiI.TP404460"," 7","60859940","","0.0373","A"
"4","Trait5","pKWmEB","GFSSContig18994_311"," 7","60872367","","0.1401","A"
"4","Trait5","pKWmEB","NsiI.TP764522"," 7","60882296","","0.0389","C"
"4","Trait5","pKWmEB","PstI.TP737966"," 7","60883367","","0.2798","A"
"4","Trait5","pKWmEB","PstI.TP737968"," 7","60883389","","0.0578","A"
"4","Trait5","pKWmEB","NsiI.TP723734"," 7","60927387","","0.3320","A"
"4","Trait5","pKWmEB","PstI.TP195822"," 7","60945564","","0.0399","A"
"4","Trait5","pKWmEB","PstI.TP507771"," 7","60945817","","0.0129","C"
"4","Trait5","pKWmEB","NsiI.TP270280"," 7","60957592","","0.4213","C"
"4","Trait5","pKWmEB","PstI.TP862169"," 7","60979712","","0.6746","A"
"4","Trait5","pKWmEB","NsiI.TP14349"," 7","61007185","","0.1804","A"
"4","Trait5","pKWmEB","PstI.TP939255"," 7","61030767","","0.0193","C"
"4","Trait5","pKWmEB","NsiI.TP533562"," 7","61030798","","0.2966","C"
"4","Trait5","pKWmEB","PstI.TP1214350"," 7","61060930","","0.4590","A"
"4","Trait5","pKWmEB","PstI.TP1151420"," 7","61070494","","2.5634","C"
"4","Trait5","pKWmEB","NsiI.TP406584"," 7","61077834","","0.0412","C"
"4","Trait5","pKWmEB","PstI.TP595821"," 7","61081873","","1.1542","G"
"4","Trait5","pKWmEB","PstI.TP1095090"," 7","61081987","","0.4380","C"
"4","Trait5","pKWmEB","NsiI.TP718999"," 7","61082635","","0.5385","A"
"4","Trait5","pKWmEB","PstI.TP79964"," 7","61089423","","0.1373","C"
"4","Trait5","pKWmEB","NsiI.TP59148"," 7","61109311","","0.2512","A"
"4","Trait5","pKWmEB","PstI.TP1113486"," 7","61111271","","0.1299","A"
"4","Trait5","pKWmEB","NsiI.TP457913"," 7","61111340","","0.3610","C"
"4","Trait5","pKWmEB","NsiI.TP500961"," 7","61111458","","0.7466","C"
"4","Trait5","pKWmEB","NsiI.TP452094"," 7","61112576","","0.5537","G"
"4","Trait5","pKWmEB","PstI.TP641895"," 7","61137103","","0.0364","C"
"4","Trait5","pKWmEB","NsiI.TP818956"," 7","61141558","","2.2209","G"
"4","Trait5","pKWmEB","PstI.TP940968"," 7","61142166","","0.3014","A"
"4","Trait5","pKWmEB","NsiI.TP274146"," 7","61147472","","0.0305","C"
"4","Trait5","pKWmEB","PstI.TP195797"," 7","61163063","","0.0630","A"
"4","Trait5","pKWmEB","PstI.TP954037"," 7","61167285","","0.2657","C"
"4","Trait5","pKWmEB","NsiI.TP525477"," 7","61208838","","0.9319","A"
"4","Trait5","pKWmEB","PstI.TP169762"," 7","61212199","","0.0302","C"
"4","Trait5","pKWmEB","NsiI.TP577131"," 7","61216038","","0.1035","A"
"4","Trait5","pKWmEB","NsiI.TP685823"," 7","61226735","","0.3621","A"
"4","Trait5","pKWmEB","PstI.TP530077"," 7","61233587","","0.3240","C"
"4","Trait5","pKWmEB","PstI.TP638532"," 7","61268472","","1.9841","A"
"4","Trait5","pKWmEB","NsiI.TP590314"," 7","61269970","","0.1337","A"
"4","Trait5","pKWmEB","PstI.TP716538"," 7","61274322","","0.0300","C"
"4","Trait5","pKWmEB","NsiI.TP162754"," 7","61283335","","1.5431","A"
"4","Trait5","pKWmEB","PstI.TP616981"," 7","61366988","","0.3601","C"
"4","Trait5","pKWmEB","PstI.TP510665"," 7","61380291","","0.7153","A"
"4","Trait5","pKWmEB","PstI.TP905958"," 7","61390457","","0.5287","C"
"4","Trait5","pKWmEB","NsiI.TP555117"," 7","61397592","","0.5682","C"
"4","Trait5","pKWmEB","PstI.TP1274931"," 7","61404400","","0.1608","A"
"4","Trait5","pKWmEB","NsiI.TP477964"," 7","61407388","","0.3900","G"
"4","Trait5","pKWmEB","PstI.TP337718"," 7","61408443","","0.1029","A"
"4","Trait5","pKWmEB","NsiI.TP439307"," 7","61419849","","0.1267","G"
"4","Trait5","pKWmEB","PstI.TP1171876"," 7","61425666","","0.3669","A"
"4","Trait5","pKWmEB","PstI.TP244410"," 7","61435906","","0.1527","C"
"4","Trait5","pKWmEB","PstI.TP139310"," 7","61471163","","0.5303","A"
"4","Trait5","pKWmEB","PstI.TP344899"," 7","61484903","","0.3965","C"
"4","Trait5","pKWmEB","NsiI.TP511059"," 7","61487480","","0.6110","C"
"4","Trait5","pKWmEB","PstI.TP44037"," 7","61502693","","0.3464","A"
"4","Trait5","pKWmEB","PstI.TP1103713"," 7","61506813","","0.3609","A"
"4","Trait5","pKWmEB","PstI.TP812672"," 7","61524159","","0.1556","A"
"4","Trait5","pKWmEB","PstI.TP868312"," 7","61529395","","0.2890","C"
"4","Trait5","pKWmEB","PstI.TP927042"," 7","61530514","","0.0633","A"
"4","Trait5","pKWmEB","NsiI.TP164128"," 7","61541744","","0.0847","C"
"4","Trait5","pKWmEB","PstI.TP890805"," 7","61659863","","0.5181","C"
"4","Trait5","pKWmEB","PstI.TP1004796"," 7","61672859","","0.2894","A"
"4","Trait5","pKWmEB","PstI.TP1183327"," 7","61677029","","1.4973","A"
"4","Trait5","pKWmEB","NsiI.TP557668"," 7","61677173","","0.0093","C"
"4","Trait5","pKWmEB","NsiI.TP758054"," 7","61677217","","0.2747","A"
"4","Trait5","pKWmEB","PstI.TP738055"," 7","61683923","","0.0709","C"
"4","Trait5","pKWmEB","PstI.TP1155358"," 7","61684580","","0.0174","C"
"4","Trait5","pKWmEB","NsiI.TP573856"," 7","61702041","","0.4685","G"
"4","Trait5","pKWmEB","NsiI.TP766057"," 7","61710211","","0.5671","A"
"4","Trait5","pKWmEB","GFSSContig8643_492"," 7","61711565","","0.0855","A"
"4","Trait5","pKWmEB","NsiI.TP756863"," 7","61751368","","0.0398","A"
"4","Trait5","pKWmEB","PstI.TP637513"," 7","61758322","","1.2645","C"
"4","Trait5","pKWmEB","PstI.TP1056511"," 7","61774591","","0.3077","C"
"4","Trait5","pKWmEB","PstI.TP515294"," 7","61776176","","1.0285","A"
"4","Trait5","pKWmEB","PstI.TP515295"," 7","61776197","","0.3808","C"
"4","Trait5","pKWmEB","PstI.TP946951"," 7","61799723","","1.2679","C"
"4","Trait5","pKWmEB","PstI.TP1278819"," 7","61813699","","0.0418","C"
"4","Trait5","pKWmEB","PstI.TP1278820"," 7","61813715","","0.5965","C"
"4","Trait5","pKWmEB","NsiI.TP467361"," 7","61840286","","0.1259","C"
"4","Trait5","pKWmEB","NsiI.TP436962"," 7","61863894","","1.7766","A"
"4","Trait5","pKWmEB","NsiI.TP441283"," 7","61864491","","0.1282","C"
"4","Trait5","pKWmEB","PstI.TP1064537"," 7","61871668","","0.3736","C"
"4","Trait5","pKWmEB","PstI.TP810944"," 7","61876950","","0.1503","C"
"4","Trait5","pKWmEB","PstI.TP202537"," 7","61951696","","0.4109","A"
"4","Trait5","pKWmEB","PstI.TP133617"," 7","61951755","","0.1272","A"
"4","Trait5","pKWmEB","PstI.TP681964"," 7","61958235","","0.0830","C"
"4","Trait5","pKWmEB","PstI.TP152700"," 7","61976017","","0.2250","C"
"4","Trait5","pKWmEB","PstI.TP877723"," 7","61990259","","0.3184","C"
"4","Trait5","pKWmEB","PstI.TP877722"," 7","61990281","","0.0695","G"
"4","Trait5","pKWmEB","PstI.TP372436"," 7","61991133","","0.9739","C"
"4","Trait5","pKWmEB","PstI.TP483278"," 7","61991444","","0.6803","G"
"4","Trait5","pKWmEB","NsiI.TP703103"," 7","61993694","","0.0136","A"
"4","Trait5","pKWmEB","PstI.TP77161"," 7","62007705","","0.2479","A"
"4","Trait5","pKWmEB","PstI.TP1158956"," 7","62010736","","0.1123","A"
"4","Trait5","pKWmEB","PstI.TP862004"," 7","62011344","","0.1462","A"
"4","Trait5","pKWmEB","NsiI.TP631604"," 7","62023275","","0.1115","A"
"4","Trait5","pKWmEB","NsiI.TP676974"," 7","62034862","","0.3254","A"
"4","Trait5","pKWmEB","PstI.TP167190"," 7","62053736","","0.0661","C"
"4","Trait5","pKWmEB","NsiI.TP662406"," 7","62055550","","0.7443","C"
"4","Trait5","pKWmEB","PstI.TP1108598"," 7","62058332","","0.4163","A"
"4","Trait5","pKWmEB","NsiI.TP375631"," 7","62067548","","1.1985","A"
"4","Trait5","pKWmEB","PstI.TP1068347"," 7","62120815","","0.1702","A"
"4","Trait5","pKWmEB","NsiI.TP204532"," 7","62126624","","0.6648","C"
"4","Trait5","pKWmEB","NsiI.TP204506"," 7","62126630","","0.6602","A"
"4","Trait5","pKWmEB","PstI.TP801619"," 7","62135290","","0.2546","A"
"4","Trait5","pKWmEB","PstI.TP1012960"," 7","62157197","","0.4528","A"
"4","Trait5","pKWmEB","PstI.TP104754"," 7","62160006","","0.2999","A"
"4","Trait5","pKWmEB","PstI.TP75114"," 7","62191262","","0.0940","G"
"4","Trait5","pKWmEB","PstI.TP972470"," 7","62197695","","0.7737","A"
"4","Trait5","pKWmEB","NsiI.TP40402"," 7","62207879","","0.8518","A"
"4","Trait5","pKWmEB","NsiI.TP85455"," 7","62207996","","0.0465","A"
"4","Trait5","pKWmEB","NsiI.TP123377"," 7","62208476","","0.1536","C"
"4","Trait5","pKWmEB","NsiI.TP331619"," 7","62232374","","0.0021","A"
"4","Trait5","pKWmEB","PstI.TP36233"," 7","62232379","","0.0816","A"
"4","Trait5","pKWmEB","NsiI.TP480124"," 7","62254344","","0.4617","G"
"4","Trait5","pKWmEB","NsiI.TP809755"," 7","62255010","","0.3971","C"
"4","Trait5","pKWmEB","NsiI.TP409780"," 7","62261032","","0.1037","A"
"4","Trait5","pKWmEB","NsiI.TP643527"," 7","62274730","","0.4287","C"
"4","Trait5","pKWmEB","PstI.TP696674"," 7","62275424","","0.3553","C"
"4","Trait5","pKWmEB","NsiI.TP571352"," 7","62275992","","0.0373","A"
"4","Trait5","pKWmEB","PstI.TP1036644"," 7","62276526","","0.1109","A"
"4","Trait5","pKWmEB","NsiI.TP280405"," 7","62276910","","0.4526","C"
"4","Trait5","pKWmEB","NsiI.TP160913"," 7","62277250","","0.3216","G"
"4","Trait5","pKWmEB","GFSSContig16609_920"," 7","62292107","","0.1098","T"
"4","Trait5","pKWmEB","PstI.TP1165782"," 7","62294402","","0.2977","C"
"4","Trait5","pKWmEB","NsiI.TP167355"," 7","62310552","","1.1834","C"
"4","Trait5","pKWmEB","NsiI.TP715258"," 7","62318365","","0.0891","A"
"4","Trait5","pKWmEB","PstI.TP1042853"," 7","62319934","","0.1584","A"
"4","Trait5","pKWmEB","PstI.TP1019265"," 7","62320408","","0.0841","C"
"4","Trait5","pKWmEB","PstI.TP175766"," 7","62320486","","1.4704","G"
"4","Trait5","pKWmEB","PstI.TP530402"," 7","62371410","","0.1976","A"
"4","Trait5","pKWmEB","NsiI.TP456171"," 7","62372028","","0.0691","C"
"4","Trait5","pKWmEB","PstI.TP1272574"," 7","62373472","","1.1137","A"
"4","Trait5","pKWmEB","PstI.TP235061"," 7","62394616","","0.4109","C"
"4","Trait5","pKWmEB","PstI.TP235062"," 7","62394665","","0.2720","C"
"4","Trait5","pKWmEB","NsiI.TP248464"," 7","62394840","","0.5905","A"
"4","Trait5","pKWmEB","PstI.TP123741"," 7","62401761","","0.0480","C"
"4","Trait5","pKWmEB","PstI.TP175816"," 7","62405249","","0.5677","C"
"4","Trait5","pKWmEB","NsiI.TP534847"," 7","62418546","","0.1259","A"
"4","Trait5","pKWmEB","NsiI.TP601984"," 7","62422917","","0.1487","C"
"4","Trait5","pKWmEB","NsiI.TP729034"," 7","62472151","","0.0021","C"
"4","Trait5","pKWmEB","PstI.TP419897"," 7","62489480","","0.2697","G"
"4","Trait5","pKWmEB","PstI.TP116046"," 7","62490129","","1.2570","A"
"4","Trait5","pKWmEB","PstI.TP544436"," 7","62494319","","0.1115","G"
"4","Trait5","pKWmEB","NsiI.TP344191"," 7","62595703","","0.2635","G"
"4","Trait5","pKWmEB","PstI.TP784046"," 7","62598267","","0.0000","A"
"4","Trait5","pKWmEB","PstI.TP768741"," 7","62606511","","1.3744","G"
"4","Trait5","pKWmEB","NsiI.TP432237"," 7","62615093","","0.7900","C"
"4","Trait5","pKWmEB","NsiI.TP422354"," 7","62617991","","0.2043","A"
"4","Trait5","pKWmEB","NsiI.TP450695"," 7","62633905","","0.0351","A"
"4","Trait5","pKWmEB","NsiI.TP450839"," 7","62633956","","0.1581","C"
"4","Trait5","pKWmEB","NsiI.TP246788"," 7","62644166","","0.6997","C"
"4","Trait5","pKWmEB","PstI.TP1059637"," 7","62666562","","1.2709","G"
"4","Trait5","pKWmEB","PstI.TP43769"," 7","62666670","","0.6745","G"
"4","Trait5","pKWmEB","PstI.TP719780"," 7","62671594","","0.3117","C"
"4","Trait5","pKWmEB","PstI.TP174694"," 7","62702371","","0.2025","A"
"4","Trait5","pKWmEB","PstI.TP378769"," 7","62720950","","0.2759","C"
"4","Trait5","pKWmEB","NsiI.TP825779"," 7","62721059","","0.0551","C"
"4","Trait5","pKWmEB","PstI.TP71671"," 7","62722352","","0.0025","A"
"4","Trait5","pKWmEB","NsiI.TP547776"," 7","62746195","","0.2226","A"
"4","Trait5","pKWmEB","NsiI.TP179643"," 7","62773912","","0.2714","C"
"4","Trait5","pKWmEB","PstI.TP700927"," 7","62831400","","0.0095","A"
"4","Trait5","pKWmEB","PstI.TP927961"," 7","62832456","","0.6636","G"
"4","Trait5","pKWmEB","NsiI.TP632871"," 7","62841691","","0.4667","A"
"4","Trait5","pKWmEB","NsiI.TP441346"," 7","62861283","","0.0868","C"
"4","Trait5","pKWmEB","PstI.TP1228116"," 7","62882618","","0.3707","C"
"4","Trait5","pKWmEB","NsiI.TP621902"," 7","62903684","","0.7682","A"
"4","Trait5","pKWmEB","PstI.TP96259"," 7","62904480","","0.1429","A"
"4","Trait5","pKWmEB","NsiI.TP499993"," 7","62913963","","1.3315","A"
"4","Trait5","pKWmEB","PstI.TP929811"," 7","62914025","","0.0240","G"
"4","Trait5","pKWmEB","NsiI.TP668140"," 7","62916182","","0.0354","A"
"4","Trait5","pKWmEB","NsiI.TP558760"," 7","62957243","","0.2820","C"
"4","Trait5","pKWmEB","PstI.TP522215"," 7","62960479","","1.2890","C"
"4","Trait5","pKWmEB","NsiI.TP744257"," 7","62971104","","0.1116","A"
"4","Trait5","pKWmEB","PstI.TP998392"," 7","62975949","","0.7575","C"
"4","Trait5","pKWmEB","NsiI.TP233599"," 7","62979220","","0.3946","A"
"4","Trait5","pKWmEB","PstI.TP619768"," 7","63048502","","0.0280","G"
"4","Trait5","pKWmEB","PstI.TP908994"," 7","63048533","","1.2231","C"
"4","Trait5","pKWmEB","PstI.TP31389"," 7","63065812","","0.4707","A"
"4","Trait5","pKWmEB","NsiI.TP36858"," 7","63070253","","0.2245","C"
"4","Trait5","pKWmEB","NsiI.TP62479"," 7","63070283","","0.1090","A"
"4","Trait5","pKWmEB","NsiI.TP394367"," 7","63072937","","0.1515","G"
"4","Trait5","pKWmEB","NsiI.TP615927"," 7","63073956","","2.2400","A"
"4","Trait5","pKWmEB","PstI.TP12971"," 7","63081914","","0.1856","C"
"4","Trait5","pKWmEB","NsiI.TP340134"," 7","63082166","","0.1182","C"
"4","Trait5","pKWmEB","NsiI.TP269834"," 7","63113567","","0.1868","C"
"4","Trait5","pKWmEB","PstI.TP1183580"," 7","63127725","","0.0507","G"
"4","Trait5","pKWmEB","PstI.TP175303"," 7","63151935","","0.0377","A"
"4","Trait5","pKWmEB","PstI.TP1225727"," 7","63190971","","0.0223","C"
"4","Trait5","pKWmEB","NsiI.TP627015"," 7","63220926","","0.2617","C"
"4","Trait5","pKWmEB","PstI.TP852075"," 7","63221771","","0.1142","C"
"4","Trait5","pKWmEB","PstI.TP587504"," 7","63222407","","0.0676","C"
"4","Trait5","pKWmEB","NsiI.TP627366"," 7","63222583","","0.8260","C"
"4","Trait5","pKWmEB","PstI.TP180322"," 7","63225174","","0.1743","A"
"4","Trait5","pKWmEB","PstI.TP250392"," 7","63225290","","0.1144","A"
"4","Trait5","pKWmEB","NsiI.TP378253"," 7","63225298","","0.3779","A"
"4","Trait5","pKWmEB","NsiI.TP64861"," 7","63229109","","0.4373","A"
"4","Trait5","pKWmEB","PstI.TP733717"," 7","63292349","","1.3815","A"
"4","Trait5","pKWmEB","PstI.TP418786"," 7","63307386","","0.1326","C"
"4","Trait5","pKWmEB","PstI.TP307021"," 7","63314237","","0.2889","A"
"4","Trait5","pKWmEB","PstI.TP669291"," 7","63322472","","0.3158","A"
"4","Trait5","pKWmEB","NsiI.TP402696"," 7","63332379","","0.1376","A"
"4","Trait5","pKWmEB","PstI.TP196308"," 7","63372153","","0.0993","C"
"4","Trait5","pKWmEB","PstI.TP979344"," 7","63380406","","0.1628","C"
"4","Trait5","pKWmEB","PstI.TP186657"," 7","63404265","","0.3175","G"
"4","Trait5","pKWmEB","PstI.TP428953"," 7","63406622","","0.0100","A"
"4","Trait5","pKWmEB","PstI.TP361165"," 7","63446798","","0.4743","A"
"4","Trait5","pKWmEB","PstI.TP535733"," 7","63452948","","0.1288","C"
"4","Trait5","pKWmEB","NsiI.TP806213"," 7","63491736","","0.2949","C"
"4","Trait5","pKWmEB","NsiI.TP172037"," 7","63511911","","0.0480","C"
"4","Trait5","pKWmEB","PstI.TP100872"," 7","63522689","","0.5133","C"
"4","Trait5","pKWmEB","NsiI.TP123140"," 7","63528899","","1.0335","A"
"4","Trait5","pKWmEB","NsiI.TP38744"," 7","63536657","","0.8804","A"
"4","Trait5","pKWmEB","NsiI.TP441058"," 7","63536657","","0.2536","C"
"4","Trait5","pKWmEB","PstI.TP677077"," 7","63537213","","0.4951","C"
"4","Trait5","pKWmEB","PstI.TP1213704"," 7","63540574","","0.2954","A"
"4","Trait5","pKWmEB","NsiI.TP39550"," 7","63550655","","0.0064","A"
"4","Trait5","pKWmEB","NsiI.TP57466"," 7","63556952","","0.3043","C"
"4","Trait5","pKWmEB","NsiI.TP519945"," 7","63563357","","0.1943","A"
"4","Trait5","pKWmEB","PstI.TP1221188"," 7","63582423","","0.7569","C"
"4","Trait5","pKWmEB","PstI.TP670190"," 7","63604320","","0.6323","A"
"4","Trait5","pKWmEB","PstI.TP143988"," 7","63604417","","0.4013","A"
"4","Trait5","pKWmEB","NsiI.TP421336"," 7","63608511","","0.5062","A"
"4","Trait5","pKWmEB","PstI.TP622318"," 7","63611772","","1.3774","A"
"4","Trait5","pKWmEB","PstI.TP770946"," 7","63612212","","0.0978","A"
"4","Trait5","pKWmEB","PstI.TP777213"," 7","63617032","","0.1146","G"
"4","Trait5","pKWmEB","NsiI.TP420312"," 7","63620394","","0.1431","A"
"4","Trait5","pKWmEB","NsiI.TP149154"," 7","63638573","","0.0872","C"
"4","Trait5","pKWmEB","PstI.TP767870"," 7","63639615","","0.1047","A"
"4","Trait5","pKWmEB","PstI.TP442367"," 7","63660913","","1.5125","G"
"4","Trait5","pKWmEB","PstI.TP1109343"," 7","63682270","","0.2549","C"
"4","Trait5","pKWmEB","NsiI.TP726969"," 7","63683749","","0.9807","C"
"4","Trait5","pKWmEB","NsiI.TP30721"," 7","63692949","","0.7847","A"
"4","Trait5","pKWmEB","PstI.TP97145"," 7","63694613","","0.1326","C"
"4","Trait5","pKWmEB","PstI.TP97147"," 7","63694630","","0.1032","G"
"4","Trait5","pKWmEB","GFSSContig18109_864"," 7","63697288","","0.1874","A"
"4","Trait5","pKWmEB","PstI.TP545153"," 7","63711734","","0.0013","C"
"4","Trait5","pKWmEB","PstI.TP16066"," 7","63715053","","0.0785","G"
"4","Trait5","pKWmEB","PstI.TP1063266"," 7","63732338","","0.4397","C"
"4","Trait5","pKWmEB","NsiI.TP359285"," 7","63733199","","0.2544","C"
"4","Trait5","pKWmEB","PstI.TP195962"," 7","63734553","","0.5280","A"
"4","Trait5","pKWmEB","NsiI.TP728397"," 7","63735500","","0.1058","A"
"4","Trait5","pKWmEB","PstI.TP29929"," 7","63742031","","0.6475","C"
"4","Trait5","pKWmEB","PstI.TP661320"," 7","63742444","","0.1788","C"
"4","Trait5","pKWmEB","NsiI.TP204683"," 7","63746517","","0.2146","A"
"4","Trait5","pKWmEB","NsiI.TP748486"," 7","63746564","","0.3902","A"
"4","Trait5","pKWmEB","PstI.TP416521"," 7","63746658","","0.5076","C"
"4","Trait5","pKWmEB","PstI.TP370148"," 7","63756885","","0.1144","C"
"4","Trait5","pKWmEB","NsiI.TP421280"," 7","63757956","","0.1019","C"
"4","Trait5","pKWmEB","NsiI.TP521432"," 7","63757970","","0.5190","A"
"4","Trait5","pKWmEB","NsiI.TP396267"," 7","63764542","","0.7081","C"
"4","Trait5","pKWmEB","PstI.TP582556"," 7","63768946","","0.1247","A"
"4","Trait5","pKWmEB","NsiI.TP8543"," 7","63770894","","1.1130","A"
"4","Trait5","pKWmEB","NsiI.TP509771"," 7","63795912","","0.9226","A"
"4","Trait5","pKWmEB","NsiI.TP746676"," 7","63800582","","0.4568","C"
"4","Trait5","pKWmEB","PstI.TP292181"," 7","63803602","","0.1628","A"
"4","Trait5","pKWmEB","NsiI.TP443564"," 7","63805273","","0.1522","A"
"4","Trait5","pKWmEB","PstI.TP894633"," 7","63851283","","0.3738","G"
"4","Trait5","pKWmEB","NsiI.TP118122"," 7","63855927","","0.0812","A"
"4","Trait5","pKWmEB","PstI.TP125348"," 7","63881820","","0.0825","A"
"4","Trait5","pKWmEB","PstI.TP1040833"," 7","63896724","","0.7647","A"
"4","Trait5","pKWmEB","PstI.TP306048"," 7","63911751","","0.5891","A"
"4","Trait5","pKWmEB","PstI.TP1175391"," 7","63911802","","0.3488","A"
"4","Trait5","pKWmEB","NsiI.TP320652"," 7","63936291","","0.7255","C"
"4","Trait5","pKWmEB","PstI.TP336967"," 7","63960044","","0.6151","C"
"4","Trait5","pKWmEB","NsiI.TP115306"," 7","63989810","","0.4131","C"
"4","Trait5","pKWmEB","PstI.TP234444"," 7","63993635","","0.8261","A"
"4","Trait5","pKWmEB","PstI.TP814417"," 7","63993858","","1.4023","C"
"4","Trait5","pKWmEB","NsiI.TP228172"," 7","63997711","","0.6654","A"
"4","Trait5","pKWmEB","NsiI.TP208427"," 7","64002268","","0.5071","A"
"4","Trait5","pKWmEB","NsiI.TP388807"," 7","64020446","","0.2542","C"
"4","Trait5","pKWmEB","PstI.TP133639"," 7","64025573","","1.4995","C"
"4","Trait5","pKWmEB","NsiI.TP520341"," 7","64051632","","0.5003","C"
"4","Trait5","pKWmEB","NsiI.TP695219"," 7","64060965","","0.1183","C"
"4","Trait5","pKWmEB","NsiI.TP333672"," 7","64061849","","0.6236","C"
"4","Trait5","pKWmEB","NsiI.TP572123"," 7","64064587","","0.1818","A"
"4","Trait5","pKWmEB","PstI.TP1129550"," 7","64064610","","0.1872","A"
"4","Trait5","pKWmEB","PstI.TP757615"," 7","64070952","","0.1095","C"
"4","Trait5","pKWmEB","PstI.TP932956"," 7","64071440","","0.0000","C"
"4","Trait5","pKWmEB","PstI.TP756165"," 7","64072184","","0.3434","C"
"4","Trait5","pKWmEB","PstI.TP1059426"," 7","64073475","","0.3414","A"
"4","Trait5","pKWmEB","NsiI.TP449489"," 7","64098895","","0.2729","C"
"4","Trait5","pKWmEB","NsiI.TP833101"," 7","64098970","","0.2395","G"
"4","Trait5","pKWmEB","PstI.TP1183458"," 7","64102705","","0.1346","C"
"4","Trait5","pKWmEB","GFSSContig1405_481"," 7","64118787","","0.2480","T"
"4","Trait5","pKWmEB","NsiI.TP4948"," 7","64126283","","0.3738","A"
"4","Trait5","pKWmEB","NsiI.TP561892"," 7","64131912","","0.5774","A"
"4","Trait5","pKWmEB","NsiI.TP432746"," 7","64137311","","0.0913","A"
"4","Trait5","pKWmEB","NsiI.TP752803"," 7","64142691","","0.2410","C"
"4","Trait5","pKWmEB","NsiI.TP481436"," 7","64142755","","0.2304","A"
"4","Trait5","pKWmEB","PstI.TP216792"," 7","64143020","","1.4816","A"
"4","Trait5","pKWmEB","NsiI.TP561173"," 7","64182183","","0.6580","A"
"4","Trait5","pKWmEB","PstI.TP834155"," 7","64193319","","0.1143","A"
"4","Trait5","pKWmEB","GFSSContig13612_465"," 7","64197614","","0.1120","T"
"4","Trait5","pKWmEB","PstI.TP532330"," 7","64203986","","0.5827","A"
"4","Trait5","pKWmEB","PstI.TP871926"," 7","64204163","","0.3098","G"
"4","Trait5","pKWmEB","PstI.TP105625"," 7","64210615","","0.4373","C"
"4","Trait5","pKWmEB","PstI.TP82727"," 7","64210634","","0.0823","G"
"4","Trait5","pKWmEB","PstI.TP1016623"," 7","64210878","","0.3151","C"
"4","Trait5","pKWmEB","PstI.TP1013473"," 7","64211381","","0.5624","A"
"4","Trait5","pKWmEB","PstI.TP312567"," 7","64215545","","0.6051","A"
"4","Trait5","pKWmEB","NsiI.TP555585"," 7","64220464","","0.0682","C"
"4","Trait5","pKWmEB","PstI.TP292777"," 7","64227793","","0.0635","A"
"4","Trait5","pKWmEB","NsiI.TP412439"," 7","64228805","","0.4933","G"
"4","Trait5","pKWmEB","NsiI.TP653777"," 7","64267370","","0.0991","A"
"4","Trait5","pKWmEB","PstI.TP245449"," 7","64290861","","0.4243","C"
"4","Trait5","pKWmEB","PstI.TP687359"," 7","64303520","","0.3240","A"
"4","Trait5","pKWmEB","NsiI.TP356096"," 7","64308526","","0.1514","C"
"4","Trait5","pKWmEB","PstI.TP1207293"," 7","64314130","","0.3430","C"
"4","Trait5","pKWmEB","PstI.TP847211"," 7","64315939","","0.5052","A"
"4","Trait5","pKWmEB","NsiI.TP406078"," 7","64325834","","0.4122","A"
"4","Trait5","pKWmEB","NsiI.TP3207"," 7","64348054","","0.3902","A"
"4","Trait5","pKWmEB","PstI.TP383122"," 7","64348908","","0.2175","A"
"4","Trait5","pKWmEB","PstI.TP1132574"," 7","64353059","","0.3006","C"
"4","Trait5","pKWmEB","PstI.TP856074"," 7","64359017","","0.1383","A"
"4","Trait5","pKWmEB","NsiI.TP272666"," 7","64359188","","0.4933","A"
"4","Trait5","pKWmEB","PstI.TP1021253"," 7","64417622","","0.4639","A"
"4","Trait5","pKWmEB","NsiI.TP298594"," 7","64449719","","0.2633","A"
"4","Trait5","pKWmEB","PstI.TP181497"," 7","64455318","","0.4289","A"
"4","Trait5","pKWmEB","PstI.TP195373"," 7","64455324","","0.4770","C"
"4","Trait5","pKWmEB","PstI.TP195372"," 7","64455354","","0.2432","A"
"4","Trait5","pKWmEB","NsiI.TP287625"," 7","64487648","","0.2013","A"
"4","Trait5","pKWmEB","NsiI.TP118018"," 7","64488609","","0.0784","A"
"4","Trait5","pKWmEB","GFSSContig18384_1020"," 7","64525213","","0.2364","A"
"4","Trait5","pKWmEB","NsiI.TP832714"," 7","64527821","","0.0476","C"
"4","Trait5","pKWmEB","NsiI.TP492710"," 7","64546903","","0.3021","C"
"4","Trait5","pKWmEB","PstI.TP1026956"," 7","64557440","","1.5237","A"
"4","Trait5","pKWmEB","PstI.TP305053"," 7","64568885","","0.0485","A"
"4","Trait5","pKWmEB","NsiI.TP560490"," 7","64601488","","0.8868","A"
"4","Trait5","pKWmEB","NsiI.TP487676"," 7","64601519","","0.3853","A"
"4","Trait5","pKWmEB","NsiI.TP19266"," 7","64606348","","0.3494","C"
"4","Trait5","pKWmEB","PstI.TP1141410"," 7","64617396","","0.4351","C"
"4","Trait5","pKWmEB","PstI.TP938468"," 7","64619181","","0.1981","C"
"4","Trait5","pKWmEB","NsiI.TP685748"," 7","64648456","","1.0703","C"
"4","Trait5","pKWmEB","PstI.TP859981"," 7","64719101","","0.2737","C"
"4","Trait5","pKWmEB","PstI.TP860055"," 7","64719148","","1.0707","A"
"4","Trait5","pKWmEB","GFSSContig4757_256"," 7","64751316","","0.0999","A"
"4","Trait5","pKWmEB","NsiI.TP512254"," 7","64772511","","0.0506","A"
"4","Trait5","pKWmEB","NsiI.TP488114"," 7","64773896","","0.0836","C"
"4","Trait5","pKWmEB","PstI.TP124186"," 7","64789657","","0.1109","A"
"4","Trait5","pKWmEB","GFSSContig17337_2234"," 7","64806352","","1.2275","T"
"4","Trait5","pKWmEB","PstI.TP83416"," 7","64822306","","1.4485","C"
"4","Trait5","pKWmEB","PstI.TP97278"," 7","64822354","","0.2049","C"
"4","Trait5","pKWmEB","PstI.TP773940"," 7","64822434","","0.1176","A"
"4","Trait5","pKWmEB","NsiI.TP247827"," 7","64830742","","1.0477","C"
"4","Trait5","pKWmEB","NsiI.TP668117"," 7","64834893","","0.1118","A"
"4","Trait5","pKWmEB","NsiI.TP161433"," 7","64834912","","0.3826","C"
"4","Trait5","pKWmEB","PstI.TP58391"," 7","64850518","","0.1954","A"
"4","Trait5","pKWmEB","PstI.TP774033"," 7","64851531","","0.4398","A"
"4","Trait5","pKWmEB","PstI.TP690665"," 7","64852622","","0.3372","A"
"4","Trait5","pKWmEB","PstI.TP1039351"," 7","64861322","","0.4497","C"
"4","Trait5","pKWmEB","PstI.TP209765"," 7","64863239","","0.0351","A"
"4","Trait5","pKWmEB","PstI.TP18946"," 7","64870868","","0.7578","A"
"4","Trait5","pKWmEB","PstI.TP853332"," 7","64959288","","1.0264","C"
"4","Trait5","pKWmEB","PstI.TP5387"," 7","64961261","","0.1749","A"
"4","Trait5","pKWmEB","PstI.TP532426"," 7","64966356","","0.0188","C"
"4","Trait5","pKWmEB","NsiI.TP728055"," 7","64974048","","1.0823","A"
"4","Trait5","pKWmEB","NsiI.TP71163"," 7","65061807","","0.2185","A"
"4","Trait5","pKWmEB","PstI.TP319558"," 7","65079693","","1.2069","A"
"4","Trait5","pKWmEB","PstI.TP21657"," 7","65083763","","0.2341","A"
"4","Trait5","pKWmEB","PstI.TP669233"," 7","65085026","","0.2433","C"
"4","Trait5","pKWmEB","PstI.TP466696"," 7","65099577","","0.3824","C"
"4","Trait5","pKWmEB","PstI.TP777596"," 7","65099913","","1.1797","C"
"4","Trait5","pKWmEB","PstI.TP461455"," 7","65100491","","0.2144","A"
"4","Trait5","pKWmEB","PstI.TP461457"," 7","65100502","","0.1725","C"
"4","Trait5","pKWmEB","PstI.TP196226"," 7","65121284","","0.5091","A"
"4","Trait5","pKWmEB","GFSSContig19936_919"," 7","65170043","","0.5584","C"
"4","Trait5","pKWmEB","PstI.TP1012440"," 7","65173129","","0.8596","A"
"4","Trait5","pKWmEB","NsiI.TP804131"," 7","65184494","","0.2361","A"
"4","Trait5","pKWmEB","NsiI.TP327314"," 7","65197970","","1.4648","A"
"4","Trait5","pKWmEB","NsiI.TP218546"," 7","65199992","","0.4034","A"
"4","Trait5","pKWmEB","NsiI.TP501510"," 7","65224766","","2.1567","G"
"4","Trait5","pKWmEB","NsiI.TP501512"," 7","65224792","","3.7209","A"
"4","Trait5","pKWmEB","NsiI.TP556083"," 7","65244652","","0.2594","A"
"4","Trait5","pKWmEB","PstI.TP297697"," 7","65274615","","0.4114","C"
"4","Trait5","pKWmEB","NsiI.TP10592"," 7","65278458","","0.0564","A"
"4","Trait5","pKWmEB","PstI.TP485331"," 7","65312385","","0.3124","A"
"4","Trait5","pKWmEB","PstI.TP76617"," 7","65323384","","0.3831","A"
"4","Trait5","pKWmEB","PstI.TP119764"," 7","65336650","","0.4446","A"
"4","Trait5","pKWmEB","PstI.TP817327"," 7","65354956","","0.1587","G"
"4","Trait5","pKWmEB","PstI.TP817334"," 7","65354962","","0.6236","A"
"4","Trait5","pKWmEB","PstI.TP753650"," 7","65355452","","0.0201","C"
"4","Trait5","pKWmEB","PstI.TP683570"," 7","65361793","","0.3342","A"
"4","Trait5","pKWmEB","NsiI.TP562946"," 7","65362140","","0.2068","C"
"4","Trait5","pKWmEB","NsiI.TP337239"," 7","65401168","","0.7782","C"
"4","Trait5","pKWmEB","PstI.TP394799"," 7","65402036","","0.7670","C"
"4","Trait5","pKWmEB","NsiI.TP470396"," 7","65424581","","0.0915","A"
"4","Trait5","pKWmEB","PstI.TP593962"," 8","   38369","","0.1570","C"
"4","Trait5","pKWmEB","PstI.TP618070"," 8","   39449","","0.0671","C"
"4","Trait5","pKWmEB","PstI.TP618104"," 8","   39501","","0.0760","C"
"4","Trait5","pKWmEB","PstI.TP618044"," 8","   39506","","0.2310","A"
"4","Trait5","pKWmEB","PstI.TP1219843"," 8","   96333","","0.4588","C"
"4","Trait5","pKWmEB","NsiI.TP293804"," 8","  161971","","0.6208","A"
"4","Trait5","pKWmEB","PstI.TP717339"," 8","  162336","","0.5252","C"
"4","Trait5","pKWmEB","PstI.TP717531"," 8","  162336","","0.0565","C"
"4","Trait5","pKWmEB","PstI.TP717722"," 8","  162336","","0.3283","C"
"4","Trait5","pKWmEB","NsiI.TP121320"," 8","  193796","","0.1999","A"
"4","Trait5","pKWmEB","NsiI.TP110006"," 8","  193809","","0.1322","A"
"4","Trait5","pKWmEB","NsiI.TP276630"," 8","  201473","","0.3059","C"
"4","Trait5","pKWmEB","NsiI.TP821519"," 8","  214880","","0.4444","C"
"4","Trait5","pKWmEB","PstI.TP897034"," 8","  223056","","1.4619","C"
"4","Trait5","pKWmEB","NsiI.TP659048"," 8","  235859","","0.5672","C"
"4","Trait5","pKWmEB","NsiI.TP659051"," 8","  235877","","0.8844","A"
"4","Trait5","pKWmEB","NsiI.TP335639"," 8","  240355","","3.5704","C"
"4","Trait5","pKWmEB","NsiI.TP335640"," 8","  240374","","0.8861","G"
"4","Trait5","pKWmEB","PstI.TP1243137"," 8","  241410","","0.4568","A"
"4","Trait5","pKWmEB","NsiI.TP762857"," 8","  242339","","1.2660","C"
"4","Trait5","pKWmEB","PstI.TP731804"," 8","  245236","","0.0040","A"
"4","Trait5","pKWmEB","PstI.TP411939"," 8","  256033","","0.9140","A"
"4","Trait5","pKWmEB","NsiI.TP251142"," 8","  281269","","0.1551","G"
"4","Trait5","pKWmEB","NsiI.TP251147"," 8","  281308","","0.0689","A"
"4","Trait5","pKWmEB","PstI.TP1071629"," 8","  381311","","0.2617","A"
"4","Trait5","pKWmEB","NsiI.TP622623"," 8","  389180","","0.1095","A"
"4","Trait5","pKWmEB","PstI.TP33445"," 8","  397805","","0.7025","A"
"4","Trait5","pKWmEB","NsiI.TP423933"," 8","  457190","","0.2557","G"
"4","Trait5","pKWmEB","NsiI.TP670392"," 8","  503419","","0.0449","C"
"4","Trait5","pKWmEB","NsiI.TP112759"," 8","  510178","","0.6765","A"
"4","Trait5","pKWmEB","PstI.TP455089"," 8","  513576","","0.5147","A"
"4","Trait5","pKWmEB","PstI.TP693644"," 8","  517053","","0.6666","C"
"4","Trait5","pKWmEB","PstI.TP116841"," 8","  526402","","0.2341","A"
"4","Trait5","pKWmEB","PstI.TP795667"," 8","  528900","","0.4578","C"
"4","Trait5","pKWmEB","PstI.TP901904"," 8","  570863","","0.0494","C"
"4","Trait5","pKWmEB","PstI.TP335225"," 8","  571209","","0.9932","C"
"4","Trait5","pKWmEB","PstI.TP209652"," 8","  593940","","1.1497","A"
"4","Trait5","pKWmEB","PstI.TP771477"," 8","  599949","","0.3017","C"
"4","Trait5","pKWmEB","PstI.TP118183"," 8","  606032","","0.4785","G"
"4","Trait5","pKWmEB","PstI.TP967092"," 8","  608851","","0.3695","A"
"4","Trait5","pKWmEB","PstI.TP498607"," 8","  609295","","0.4871","A"
"4","Trait5","pKWmEB","NsiI.TP135318"," 8","  610966","","0.1390","A"
"4","Trait5","pKWmEB","PstI.TP1043286"," 8","  626827","","0.7913","C"
"4","Trait5","pKWmEB","PstI.TP1251787"," 8","  640290","","0.2338","A"
"4","Trait5","pKWmEB","PstI.TP1274066"," 8","  658317","","1.2254","A"
"4","Trait5","pKWmEB","PstI.TP1134722"," 8","  658352","","0.6166","C"
"4","Trait5","pKWmEB","PstI.TP826982"," 8","  664718","","0.2477","C"
"4","Trait5","pKWmEB","PstI.TP130440"," 8","  685337","","0.1874","C"
"4","Trait5","pKWmEB","NsiI.TP748346"," 8","  690767","","0.1412","C"
"4","Trait5","pKWmEB","PstI.TP1174922"," 8","  771149","","0.1066","C"
"4","Trait5","pKWmEB","PstI.TP907830"," 8","  810319","","0.0353","A"
"4","Trait5","pKWmEB","PstI.TP182422"," 8","  810404","","0.3148","C"
"4","Trait5","pKWmEB","NsiI.TP831921"," 8","  823191","","0.6089","C"
"4","Trait5","pKWmEB","PstI.TP1291488"," 8","  830344","","0.1143","C"
"4","Trait5","pKWmEB","NsiI.TP720497"," 8","  866814","","0.0737","C"
"4","Trait5","pKWmEB","NsiI.TP524800"," 8","  874876","","0.0429","A"
"4","Trait5","pKWmEB","NsiI.TP561942"," 8","  877058","","0.0661","C"
"4","Trait5","pKWmEB","PstI.TP126559"," 8","  879217","","0.5585","A"
"4","Trait5","pKWmEB","NsiI.TP612033"," 8","  893486","","2.0748","A"
"4","Trait5","pKWmEB","NsiI.TP635336"," 8","  904099","","0.9265","A"
"4","Trait5","pKWmEB","NsiI.TP349133"," 8","  916874","","0.5365","A"
"4","Trait5","pKWmEB","PstI.TP318978"," 8","  917514","","1.3576","C"
"4","Trait5","pKWmEB","PstI.TP23944"," 8","  918822","","0.1033","C"
"4","Trait5","pKWmEB","PstI.TP1194751"," 8","  919457","","0.9976","G"
"4","Trait5","pKWmEB","PstI.TP797067"," 8","  921595","","1.6443","A"
"4","Trait5","pKWmEB","NsiI.TP472909"," 8","  939487","","0.0477","C"
"4","Trait5","pKWmEB","NsiI.TP430869"," 8","  974033","","0.1014","A"
"4","Trait5","pKWmEB","PstI.TP797051"," 8","  990939","","0.0740","C"
"4","Trait5","pKWmEB","PstI.TP1248844"," 8"," 1028461","","3.0021","G"
"4","Trait5","pKWmEB","PstI.TP543019"," 8"," 1028538","","0.0165","A"
"4","Trait5","pKWmEB","PstI.TP526900"," 8"," 1029552","","0.1307","C"
"4","Trait5","pKWmEB","NsiI.TP575518"," 8"," 1057055","","0.1145","G"
"4","Trait5","pKWmEB","NsiI.TP153699"," 8"," 1057785","","0.0931","A"
"4","Trait5","pKWmEB","PstI.TP687377"," 8"," 1062861","","0.4732","A"
"4","Trait5","pKWmEB","NsiI.TP581625"," 8"," 1071025","","0.0930","C"
"4","Trait5","pKWmEB","PstI.TP643578"," 8"," 1072881","","0.8866","C"
"4","Trait5","pKWmEB","PstI.TP419801"," 8"," 1077354","","0.6017","A"
"4","Trait5","pKWmEB","NsiI.TP343813"," 8"," 1087213","","0.1786","A"
"4","Trait5","pKWmEB","PstI.TP624280"," 8"," 1089442","","0.2348","A"
"4","Trait5","pKWmEB","PstI.TP321509"," 8"," 1118726","","0.0861","A"
"4","Trait5","pKWmEB","PstI.TP321512"," 8"," 1118730","","0.1107","A"
"4","Trait5","pKWmEB","PstI.TP266853"," 8"," 1157144","","1.4443","A"
"4","Trait5","pKWmEB","NsiI.TP536795"," 8"," 1158154","","0.1424","A"
"4","Trait5","pKWmEB","PstI.TP793499"," 8"," 1158189","","0.6005","C"
"4","Trait5","pKWmEB","PstI.TP991040"," 8"," 1163254","","0.3367","A"
"4","Trait5","pKWmEB","PstI.TP1182297"," 8"," 1190793","","0.1015","A"
"4","Trait5","pKWmEB","PstI.TP482062"," 8"," 1214681","","0.2236","G"
"4","Trait5","pKWmEB","PstI.TP1139645"," 8"," 1245839","","0.3266","A"
"4","Trait5","pKWmEB","PstI.TP546725"," 8"," 1252132","","0.0785","C"
"4","Trait5","pKWmEB","NsiI.TP662391"," 8"," 1257032","","0.0785","C"
"4","Trait5","pKWmEB","PstI.TP1287863"," 8"," 1280103","","0.2006","A"
"4","Trait5","pKWmEB","PstI.TP1279212"," 8"," 1303042","","0.4371","G"
"4","Trait5","pKWmEB","NsiI.TP667008"," 8"," 1326292","","0.2623","G"
"4","Trait5","pKWmEB","PstI.TP349809"," 8"," 1346084","","0.6556","A"
"4","Trait5","pKWmEB","PstI.TP277569"," 8"," 1355359","","0.7387","A"
"4","Trait5","pKWmEB","NsiI.TP403390"," 8"," 1392652","","0.2929","A"
"4","Trait5","pKWmEB","PstI.TP156550"," 8"," 1426799","","0.1241","C"
"4","Trait5","pKWmEB","PstI.TP1086268"," 8"," 1439139","","0.1164","A"
"4","Trait5","pKWmEB","PstI.TP54880"," 8"," 1461814","","0.9900","A"
"4","Trait5","pKWmEB","NsiI.TP38752"," 8"," 1515454","","0.3346","A"
"4","Trait5","pKWmEB","NsiI.TP586156"," 8"," 1515699","","0.4027","C"
"4","Trait5","pKWmEB","PstI.TP260488"," 8"," 1534038","","0.2579","C"
"4","Trait5","pKWmEB","PstI.TP600799"," 8"," 1589675","","0.6882","C"
"4","Trait5","pKWmEB","PstI.TP340057"," 8"," 1622074","","0.5704","C"
"4","Trait5","pKWmEB","NsiI.TP460164"," 8"," 1640282","","0.0379","A"
"4","Trait5","pKWmEB","NsiI.TP134176"," 8"," 1644283","","0.2174","C"
"4","Trait5","pKWmEB","PstI.TP1145187"," 8"," 1657999","","0.4555","A"
"4","Trait5","pKWmEB","PstI.TP306783"," 8"," 1665347","","0.3472","C"
"4","Trait5","pKWmEB","NsiI.TP607068"," 8"," 1666575","","0.2076","C"
"4","Trait5","pKWmEB","PstI.TP532492"," 8"," 1748194","","0.2298","C"
"4","Trait5","pKWmEB","NsiI.TP617788"," 8"," 1749199","","0.9048","A"
"4","Trait5","pKWmEB","NsiI.TP677966"," 8"," 1755758","","0.2552","A"
"4","Trait5","pKWmEB","PstI.TP217531"," 8"," 1760734","","0.4248","A"
"4","Trait5","pKWmEB","NsiI.TP481977"," 8"," 1804062","","1.8315","A"
"4","Trait5","pKWmEB","NsiI.TP56129"," 8"," 1804188","","0.7274","C"
"4","Trait5","pKWmEB","NsiI.TP669032"," 8"," 1805368","","0.0246","C"
"4","Trait5","pKWmEB","PstI.TP730818"," 8"," 1882026","","0.1018","A"
"4","Trait5","pKWmEB","NsiI.TP733102"," 8"," 1893974","","0.1326","C"
"4","Trait5","pKWmEB","NsiI.TP281298"," 8"," 1929495","","1.0041","A"
"4","Trait5","pKWmEB","PstI.TP239180"," 8"," 1960178","","0.3128","A"
"4","Trait5","pKWmEB","PstI.TP979383"," 8"," 1964087","","0.6996","A"
"4","Trait5","pKWmEB","PstI.TP1080895"," 8"," 1966937","","0.1134","A"
"4","Trait5","pKWmEB","PstI.TP87462"," 8"," 1985725","","2.0309","A"
"4","Trait5","pKWmEB","NsiI.TP336727"," 8"," 1992850","","0.4879","C"
"4","Trait5","pKWmEB","NsiI.TP431863"," 8"," 2001437","","0.1286","A"
"4","Trait5","pKWmEB","PstI.TP203977"," 8"," 2031282","","0.5034","C"
"4","Trait5","pKWmEB","PstI.TP344333"," 8"," 2070606","","0.0464","G"
"4","Trait5","pKWmEB","NsiI.TP161012"," 8"," 2099567","","0.0200","C"
"4","Trait5","pKWmEB","PstI.TP493862"," 8"," 2177180","","0.0975","A"
"4","Trait5","pKWmEB","PstI.TP946402"," 8"," 2177280","","1.3119","G"
"4","Trait5","pKWmEB","PstI.TP949864"," 8"," 2177312","","0.0799","A"
"4","Trait5","pKWmEB","PstI.TP585779"," 8"," 2182452","","0.1532","C"
"4","Trait5","pKWmEB","NsiI.TP629106"," 8"," 2183052","","0.6026","A"
"4","Trait5","pKWmEB","PstI.TP1173514"," 8"," 2183157","","0.9158","C"
"4","Trait5","pKWmEB","PstI.TP905918"," 8"," 2300871","","0.4604","A"
"4","Trait5","pKWmEB","PstI.TP989117"," 8"," 2306367","","0.1050","A"
"4","Trait5","pKWmEB","PstI.TP786862"," 8"," 2323963","","0.7749","C"
"4","Trait5","pKWmEB","PstI.TP961941"," 8"," 2374451","","0.6260","A"
"4","Trait5","pKWmEB","PstI.TP699168"," 8"," 2542291","","0.1180","C"
"4","Trait5","pKWmEB","NsiI.TP50219"," 8"," 2549988","","0.0193","C"
"4","Trait5","pKWmEB","NsiI.TP810192"," 8"," 2563502","","0.9154","C"
"4","Trait5","pKWmEB","PstI.TP627988"," 8"," 2569671","","0.9860","C"
"4","Trait5","pKWmEB","NsiI.TP136113"," 8"," 2605087","","1.4218","G"
"4","Trait5","pKWmEB","NsiI.TP144538"," 8"," 2605496","","0.5620","A"
"4","Trait5","pKWmEB","NsiI.TP800471"," 8"," 2617127","","0.2881","A"
"4","Trait5","pKWmEB","PstI.TP859405"," 8"," 2625652","","0.4847","G"
"4","Trait5","pKWmEB","PstI.TP934874"," 8"," 2629476","","0.8596","A"
"4","Trait5","pKWmEB","PstI.TP111757"," 8"," 2670162","","0.0209","A"
"4","Trait5","pKWmEB","NsiI.TP581890"," 8"," 2671501","","0.0286","C"
"4","Trait5","pKWmEB","PstI.TP181697"," 8"," 2683686","","0.3205","G"
"4","Trait5","pKWmEB","NsiI.TP722362"," 8"," 2701955","","0.1882","G"
"4","Trait5","pKWmEB","PstI.TP340060"," 8"," 2798401","","0.0700","A"
"4","Trait5","pKWmEB","PstI.TP179766"," 8"," 2802335","","0.0847","A"
"4","Trait5","pKWmEB","NsiI.TP199379"," 8"," 2813196","","0.8095","A"
"4","Trait5","pKWmEB","PstI.TP1184560"," 8"," 2834923","","0.3472","A"
"4","Trait5","pKWmEB","PstI.TP135750"," 8"," 2838380","","1.5862","C"
"4","Trait5","pKWmEB","PstI.TP399514"," 8"," 2841467","","0.3953","A"
"4","Trait5","pKWmEB","PstI.TP815581"," 8"," 2866196","","1.7159","A"
"4","Trait5","pKWmEB","PstI.TP477590"," 8"," 2890995","","0.5735","A"
"4","Trait5","pKWmEB","PstI.TP1046565"," 8"," 2899982","","0.3164","A"
"4","Trait5","pKWmEB","GFSSContig19668_777"," 8"," 2904941","","0.4532","C"
"4","Trait5","pKWmEB","PstI.TP350264"," 8"," 2905610","","1.9113","C"
"4","Trait5","pKWmEB","PstI.TP350262"," 8"," 2905616","","1.4792","A"
"4","Trait5","pKWmEB","NsiI.TP668315"," 8"," 2916350","","0.0061","G"
"4","Trait5","pKWmEB","NsiI.TP729790"," 8"," 2954904","","0.2389","C"
"4","Trait5","pKWmEB","NsiI.TP326890"," 8"," 2971455","","0.5277","C"
"4","Trait5","pKWmEB","PstI.TP87454"," 8"," 3017300","","1.4071","A"
"4","Trait5","pKWmEB","PstI.TP1167812"," 8"," 3018018","","1.2332","A"
"4","Trait5","pKWmEB","NsiI.TP431386"," 8"," 3018435","","0.3558","A"
"4","Trait5","pKWmEB","PstI.TP929298"," 8"," 3029918","","0.1916","G"
"4","Trait5","pKWmEB","PstI.TP223028"," 8"," 3037045","","0.3486","A"
"4","Trait5","pKWmEB","PstI.TP68953"," 8"," 3037119","","0.5487","C"
"4","Trait5","pKWmEB","PstI.TP16273"," 8"," 3057043","","0.4071","C"
"4","Trait5","pKWmEB","PstI.TP1029725"," 8"," 3066716","","0.0341","A"
"4","Trait5","pKWmEB","PstI.TP366462"," 8"," 3072318","","0.7597","A"
"4","Trait5","pKWmEB","PstI.TP521447"," 8"," 3072937","","1.0616","C"
"4","Trait5","pKWmEB","PstI.TP667673"," 8"," 3073031","","0.5321","G"
"4","Trait5","pKWmEB","PstI.TP653886"," 8"," 3133140","","0.9992","A"
"4","Trait5","pKWmEB","PstI.TP504724"," 8"," 3133646","","0.1259","G"
"4","Trait5","pKWmEB","PstI.TP315072"," 8"," 3139123","","0.6248","C"
"4","Trait5","pKWmEB","PstI.TP1118313"," 8"," 3139823","","0.0587","G"
"4","Trait5","pKWmEB","PstI.TP646103"," 8"," 3160310","","0.1699","C"
"4","Trait5","pKWmEB","PstI.TP184393"," 8"," 3177689","","0.0348","A"
"4","Trait5","pKWmEB","NsiI.TP668177"," 8"," 3206859","","0.5197","C"
"4","Trait5","pKWmEB","PstI.TP753678"," 8"," 3216415","","0.7641","C"
"4","Trait5","pKWmEB","NsiI.TP624345"," 8"," 3218025","","0.2285","C"
"4","Trait5","pKWmEB","PstI.TP114861"," 8"," 3221081","","0.6637","G"
"4","Trait5","pKWmEB","PstI.TP1263768"," 8"," 3231578","","0.1796","G"
"4","Trait5","pKWmEB","NsiI.TP56635"," 8"," 3233971","","0.0126","C"
"4","Trait5","pKWmEB","PstI.TP335275"," 8"," 3237002","","1.0488","A"
"4","Trait5","pKWmEB","NsiI.TP151030"," 8"," 3260609","","0.0983","G"
"4","Trait5","pKWmEB","PstI.TP301893"," 8"," 3260628","","0.1579","A"
"4","Trait5","pKWmEB","PstI.TP188073"," 8"," 3318513","","0.4169","A"
"4","Trait5","pKWmEB","PstI.TP382892"," 8"," 3383353","","0.2758","C"
"4","Trait5","pKWmEB","NsiI.TP216354"," 8"," 3457735","","0.8336","A"
"4","Trait5","pKWmEB","PstI.TP602294"," 8"," 3512238","","2.1515","C"
"4","Trait5","pKWmEB","PstI.TP247179"," 8"," 3524863","","0.0162","C"
"4","Trait5","pKWmEB","NsiI.TP462634"," 8"," 3541565","","0.1011","C"
"4","Trait5","pKWmEB","PstI.TP323684"," 8"," 3543129","","0.5225","A"
"4","Trait5","pKWmEB","GFSSContig19372_585"," 8"," 3609225","","1.0583","T"
"4","Trait5","pKWmEB","PstI.TP413410"," 8"," 3610019","","1.5649","A"
"4","Trait5","pKWmEB","NsiI.TP168056"," 8"," 3614623","","0.7830","A"
"4","Trait5","pKWmEB","PstI.TP533654"," 8"," 3636502","","0.0833","C"
"4","Trait5","pKWmEB","PstI.TP533627"," 8"," 3636526","","0.0275","A"
"4","Trait5","pKWmEB","PstI.TP977270"," 8"," 3639716","","0.1148","C"
"4","Trait5","pKWmEB","PstI.TP1108801"," 8"," 3643740","","0.0631","A"
"4","Trait5","pKWmEB","PstI.TP943534"," 8"," 3701223","","0.7532","A"
"4","Trait5","pKWmEB","NsiI.TP362896"," 8"," 3701558","","0.0485","C"
"4","Trait5","pKWmEB","PstI.TP356253"," 8"," 3819223","","0.0708","A"
"4","Trait5","pKWmEB","PstI.TP750527"," 8"," 3822988","","0.2811","C"
"4","Trait5","pKWmEB","PstI.TP883066"," 8"," 3823118","","0.2036","A"
"4","Trait5","pKWmEB","NsiI.TP668170"," 8"," 3864905","","0.9727","A"
"4","Trait5","pKWmEB","NsiI.TP690089"," 8"," 3875798","","0.2946","A"
"4","Trait5","pKWmEB","NsiI.TP509824"," 8"," 3884472","","0.2576","A"
"4","Trait5","pKWmEB","PstI.TP417854"," 8"," 3908674","","0.0868","C"
"4","Trait5","pKWmEB","PstI.TP700867"," 8"," 3927882","","0.2314","C"
"4","Trait5","pKWmEB","NsiI.TP520529"," 8"," 3928951","","0.1734","A"
"4","Trait5","pKWmEB","NsiI.TP336434"," 8"," 3929035","","0.1311","G"
"4","Trait5","pKWmEB","PstI.TP1235009"," 8"," 3930310","","0.1776","A"
"4","Trait5","pKWmEB","PstI.TP2006"," 8"," 3930378","","0.3880","A"
"4","Trait5","pKWmEB","PstI.TP851"," 8"," 3930406","","0.5965","A"
"4","Trait5","pKWmEB","PstI.TP1236551"," 8"," 3930412","","1.3110","C"
"4","Trait5","pKWmEB","PstI.TP858496"," 8"," 3962393","","0.1899","A"
"4","Trait5","pKWmEB","PstI.TP858495"," 8"," 3962414","","0.0017","A"
"4","Trait5","pKWmEB","PstI.TP1011934"," 8"," 3975044","","0.3995","A"
"4","Trait5","pKWmEB","PstI.TP1011931"," 8"," 3975049","","0.2858","A"
"4","Trait5","pKWmEB","NsiI.TP82767"," 8"," 3976574","","0.1350","A"
"4","Trait5","pKWmEB","NsiI.TP541382"," 8"," 3977539","","0.0887","C"
"4","Trait5","pKWmEB","PstI.TP1009084"," 8"," 3978036","","0.1032","A"
"4","Trait5","pKWmEB","NsiI.TP635032"," 8"," 3980154","","0.2917","A"
"4","Trait5","pKWmEB","PstI.TP1010140"," 8"," 3986222","","0.1891","A"
"4","Trait5","pKWmEB","NsiI.TP630005"," 8"," 4002693","","0.1830","C"
"4","Trait5","pKWmEB","PstI.TP65519"," 8"," 4042259","","1.6670","A"
"4","Trait5","pKWmEB","PstI.TP173534"," 8"," 4042419","","0.4052","A"
"4","Trait5","pKWmEB","NsiI.TP575765"," 8"," 4042701","","0.0303","A"
"4","Trait5","pKWmEB","NsiI.TP589743"," 8"," 4095384","","0.1429","C"
"4","Trait5","pKWmEB","PstI.TP708588"," 8"," 4104678","","0.5954","C"
"4","Trait5","pKWmEB","NsiI.TP520001"," 8"," 4120515","","0.1676","G"
"4","Trait5","pKWmEB","NsiI.TP520012"," 8"," 4120531","","0.1517","C"
"4","Trait5","pKWmEB","PstI.TP1056318"," 8"," 4137459","","0.3488","A"
"4","Trait5","pKWmEB","NsiI.TP371441"," 8"," 4140344","","0.3780","A"
"4","Trait5","pKWmEB","NsiI.TP266954"," 8"," 4177407","","0.1019","C"
"4","Trait5","pKWmEB","NsiI.TP354928"," 8"," 4180244","","0.1449","C"
"4","Trait5","pKWmEB","PstI.TP272031"," 8"," 4185086","","0.2854","A"
"4","Trait5","pKWmEB","PstI.TP1004798"," 8"," 4209603","","0.5975","C"
"4","Trait5","pKWmEB","NsiI.TP573470"," 8"," 4215891","","0.2308","A"
"4","Trait5","pKWmEB","PstI.TP976454"," 8"," 4215895","","0.7070","C"
"4","Trait5","pKWmEB","NsiI.TP147666"," 8"," 4251146","","0.4085","A"
"4","Trait5","pKWmEB","PstI.TP506122"," 8"," 4275838","","1.1945","C"
"4","Trait5","pKWmEB","NsiI.TP433267"," 8"," 4282549","","0.2758","A"
"4","Trait5","pKWmEB","NsiI.TP287101"," 8"," 4282562","","0.1558","C"
"4","Trait5","pKWmEB","PstI.TP1192026"," 8"," 4310207","","0.3037","C"
"4","Trait5","pKWmEB","NsiI.TP630608"," 8"," 4341332","","0.3913","C"
"4","Trait5","pKWmEB","PstI.TP769590"," 8"," 4354986","","0.5620","G"
"4","Trait5","pKWmEB","PstI.TP287893"," 8"," 4363737","","0.4529","C"
"4","Trait5","pKWmEB","NsiI.TP282798"," 8"," 4363870","","0.2814","A"
"4","Trait5","pKWmEB","NsiI.TP283230"," 8"," 4363875","","0.4594","A"
"4","Trait5","pKWmEB","PstI.TP971267"," 8"," 4377082","","0.3532","A"
"4","Trait5","pKWmEB","PstI.TP327632"," 8"," 4390844","","0.4819","A"
"4","Trait5","pKWmEB","NsiI.TP728861"," 8"," 4394661","","0.7402","C"
"4","Trait5","pKWmEB","PstI.TP1265794"," 8"," 4427894","","0.1984","C"
"4","Trait5","pKWmEB","NsiI.TP409617"," 8"," 4453851","","0.7864","C"
"4","Trait5","pKWmEB","NsiI.TP121743"," 8"," 4453874","","0.7980","A"
"4","Trait5","pKWmEB","NsiI.TP742731"," 8"," 4460101","","0.2646","A"
"4","Trait5","pKWmEB","NsiI.TP145906"," 8"," 4491021","","0.2747","C"
"4","Trait5","pKWmEB","NsiI.TP423893"," 8"," 4532993","","0.1328","G"
"4","Trait5","pKWmEB","NsiI.TP353127"," 8"," 4560146","","0.4212","A"
"4","Trait5","pKWmEB","PstI.TP172399"," 8"," 4581710","","0.0101","C"
"4","Trait5","pKWmEB","PstI.TP315056"," 8"," 4586317","","0.3702","A"
"4","Trait5","pKWmEB","PstI.TP788388"," 8"," 4586323","","0.7161","A"
"4","Trait5","pKWmEB","PstI.TP491141"," 8"," 4595705","","0.9472","A"
"4","Trait5","pKWmEB","PstI.TP868969"," 8"," 4595975","","0.2851","C"
"4","Trait5","pKWmEB","NsiI.TP17246"," 8"," 4596187","","0.0332","A"
"4","Trait5","pKWmEB","PstI.TP1207554"," 8"," 4596356","","0.9459","A"
"4","Trait5","pKWmEB","NsiI.TP241542"," 8"," 4599805","","0.3055","C"
"4","Trait5","pKWmEB","PstI.TP4851"," 8"," 4619632","","0.2877","A"
"4","Trait5","pKWmEB","PstI.TP71941"," 8"," 4640568","","0.1873","C"
"4","Trait5","pKWmEB","NsiI.TP374616"," 8"," 4647232","","0.2679","C"
"4","Trait5","pKWmEB","NsiI.TP374617"," 8"," 4647237","","1.0543","C"
"4","Trait5","pKWmEB","PstI.TP415419"," 8"," 4657420","","0.1156","A"
"4","Trait5","pKWmEB","PstI.TP966761"," 8"," 4674732","","0.1704","A"
"4","Trait5","pKWmEB","PstI.TP1165816"," 8"," 4690368","","0.3677","C"
"4","Trait5","pKWmEB","PstI.TP1137758"," 8"," 4728795","","0.1014","C"
"4","Trait5","pKWmEB","PstI.TP27497"," 8"," 4736106","","0.3208","A"
"4","Trait5","pKWmEB","NsiI.TP406743"," 8"," 4745690","","0.4928","A"
"4","Trait5","pKWmEB","PstI.TP17225"," 8"," 4814896","","0.2074","A"
"4","Trait5","pKWmEB","PstI.TP45902"," 8"," 4833814","","0.5070","A"
"4","Trait5","pKWmEB","PstI.TP17003"," 8"," 4885715","","0.4609","A"
"4","Trait5","pKWmEB","PstI.TP31321"," 8"," 5004218","","0.3968","C"
"4","Trait5","pKWmEB","PstI.TP1157187"," 8"," 5056792","","0.7013","A"
"4","Trait5","pKWmEB","NsiI.TP108529"," 8"," 5070480","","1.2813","A"
"4","Trait5","pKWmEB","PstI.TP933949"," 8"," 5070896","","1.0916","A"
"4","Trait5","pKWmEB","NsiI.TP312278"," 8"," 5075706","","0.0063","A"
"4","Trait5","pKWmEB","PstI.TP171844"," 8"," 5085866","","0.3015","C"
"4","Trait5","pKWmEB","PstI.TP901651"," 8"," 5095603","","0.1895","C"
"4","Trait5","pKWmEB","PstI.TP771300"," 8"," 5124822","","0.6559","C"
"4","Trait5","pKWmEB","NsiI.TP615700"," 8"," 5240241","","0.0556","G"
"4","Trait5","pKWmEB","NsiI.TP491689"," 8"," 5299189","","0.2874","C"
"4","Trait5","pKWmEB","NsiI.TP827827"," 8"," 5301715","","0.1443","A"
"4","Trait5","pKWmEB","PstI.TP1215552"," 8"," 5365282","","0.6721","A"
"4","Trait5","pKWmEB","PstI.TP1215535"," 8"," 5365293","","0.2694","A"
"4","Trait5","pKWmEB","PstI.TP22473"," 8"," 5375523","","0.1174","C"
"4","Trait5","pKWmEB","NsiI.TP283121"," 8"," 5375943","","0.0749","C"
"4","Trait5","pKWmEB","NsiI.TP439536"," 8"," 5376141","","0.2938","A"
"4","Trait5","pKWmEB","NsiI.TP526010"," 8"," 5514036","","0.6521","C"
"4","Trait5","pKWmEB","PstI.TP352616"," 8"," 5554669","","1.9700","A"
"4","Trait5","pKWmEB","NsiI.TP567757"," 8"," 5569573","","0.0888","A"
"4","Trait5","pKWmEB","NsiI.TP35649"," 8"," 5592567","","0.2346","A"
"4","Trait5","pKWmEB","NsiI.TP347651"," 8"," 5593382","","0.0659","C"
"4","Trait5","pKWmEB","PstI.TP1097455"," 8"," 5603533","","0.2586","A"
"4","Trait5","pKWmEB","NsiI.TP266644"," 8"," 5639458","","0.9381","C"
"4","Trait5","pKWmEB","PstI.TP1247319"," 8"," 5651637","","0.8423","A"
"4","Trait5","pKWmEB","PstI.TP359078"," 8"," 5715938","","1.0152","A"
"4","Trait5","pKWmEB","PstI.TP743506"," 8"," 5825388","","0.6391","A"
"4","Trait5","pKWmEB","NsiI.TP524211"," 8"," 5936113","","0.6963","G"
"4","Trait5","pKWmEB","PstI.TP425461"," 8"," 5980021","","0.6871","C"
"4","Trait5","pKWmEB","PstI.TP141491"," 8"," 5989344","","0.2995","A"
"4","Trait5","pKWmEB","NsiI.TP126963"," 8"," 5997988","","0.9091","G"
"4","Trait5","pKWmEB","NsiI.TP523272"," 8"," 5999489","","0.1790","A"
"4","Trait5","pKWmEB","PstI.TP73962"," 8"," 6017334","","0.2913","G"
"4","Trait5","pKWmEB","PstI.TP142202"," 8"," 6017377","","0.6258","G"
"4","Trait5","pKWmEB","NsiI.TP443036"," 8"," 6017852","","0.5703","C"
"4","Trait5","pKWmEB","PstI.TP748644"," 8"," 6174836","","0.6906","A"
"4","Trait5","pKWmEB","NsiI.TP667243"," 8"," 6189880","","0.4243","A"
"4","Trait5","pKWmEB","PstI.TP1112566"," 8"," 6218537","","1.4117","G"
"4","Trait5","pKWmEB","PstI.TP577712"," 8"," 6219464","","0.1389","C"
"4","Trait5","pKWmEB","PstI.TP1004253"," 8"," 6233868","","0.2471","C"
"4","Trait5","pKWmEB","PstI.TP365688"," 8"," 6247566","","1.5757","C"
"4","Trait5","pKWmEB","PstI.TP976712"," 8"," 6325153","","0.2144","C"
"4","Trait5","pKWmEB","NsiI.TP23184"," 8"," 6325358","","0.0186","A"
"4","Trait5","pKWmEB","PstI.TP1112563"," 8"," 6325389","","0.1220","G"
"4","Trait5","pKWmEB","NsiI.TP410210"," 8"," 6343732","","0.6478","A"
"4","Trait5","pKWmEB","PstI.TP113702"," 8"," 6470565","","0.2566","A"
"4","Trait5","pKWmEB","PstI.TP1226826"," 8"," 6470631","","0.1851","C"
"4","Trait5","pKWmEB","PstI.TP761586"," 8"," 6471380","","0.3797","C"
"4","Trait5","pKWmEB","NsiI.TP367673"," 8"," 6502035","","0.0783","C"
"4","Trait5","pKWmEB","PstI.TP1164530"," 8"," 6526897","","1.1664","A"
"4","Trait5","pKWmEB","PstI.TP390010"," 8"," 6537248","","0.0419","A"
"4","Trait5","pKWmEB","PstI.TP389979"," 8"," 6537289","","0.0073","A"
"4","Trait5","pKWmEB","PstI.TP700678"," 8"," 6588597","","0.2716","C"
"4","Trait5","pKWmEB","NsiI.TP170191"," 8"," 6622452","","0.1776","A"
"4","Trait5","pKWmEB","NsiI.TP678778"," 8"," 6637285","","1.3149","A"
"4","Trait5","pKWmEB","PstI.TP222101"," 8"," 6724752","","0.0209","A"
"4","Trait5","pKWmEB","NsiI.TP443106"," 8"," 6798654","","0.1548","G"
"4","Trait5","pKWmEB","PstI.TP848204"," 8"," 6824356","","0.7764","C"
"4","Trait5","pKWmEB","NsiI.TP391412"," 8"," 6879162","","0.0442","C"
"4","Trait5","pKWmEB","PstI.TP140437"," 8"," 7095885","","0.1449","C"
"4","Trait5","pKWmEB","NsiI.TP307845"," 8"," 7233444","","0.5822","A"
"4","Trait5","pKWmEB","NsiI.TP27246"," 8"," 7425702","","0.7218","A"
"4","Trait5","pKWmEB","PstI.TP1172099"," 8"," 7427733","","0.0814","A"
"4","Trait5","pKWmEB","NsiI.TP626081"," 8"," 7435438","","0.0649","A"
"4","Trait5","pKWmEB","NsiI.TP588209"," 8"," 7469475","","0.0904","A"
"4","Trait5","pKWmEB","PstI.TP745916"," 8"," 7557437","","0.1143","C"
"4","Trait5","pKWmEB","PstI.TP480723"," 8"," 7574456","","0.0418","A"
"4","Trait5","pKWmEB","NsiI.TP237549"," 8"," 7869112","","0.1019","C"
"4","Trait5","pKWmEB","NsiI.TP403997"," 8"," 7869135","","0.3599","C"
"4","Trait5","pKWmEB","GFk45ctg342913_247"," 8"," 7952120","","0.6247","A"
"4","Trait5","pKWmEB","NsiI.TP546430"," 8"," 8125401","","0.8668","G"
"4","Trait5","pKWmEB","PstI.TP1249113"," 8"," 8167554","","0.5026","C"
"4","Trait5","pKWmEB","PstI.TP1086804"," 8"," 8194886","","1.1056","C"
"4","Trait5","pKWmEB","PstI.TP341152"," 8"," 8206970","","0.0438","A"
"4","Trait5","pKWmEB","PstI.TP1158870"," 8"," 8368163","","0.4166","C"
"4","Trait5","pKWmEB","NsiI.TP446561"," 8"," 8614599","","0.2246","A"
"4","Trait5","pKWmEB","NsiI.TP781556"," 8"," 9183794","","0.3226","A"
"4","Trait5","pKWmEB","GFk40ctg229781_98"," 8"," 9196332","","0.4264","A"
"4","Trait5","pKWmEB","NsiI.TP745105"," 8"," 9200382","","0.2475","A"
"4","Trait5","pKWmEB","PstI.TP293934"," 8"," 9295351","","0.7256","A"
"4","Trait5","pKWmEB","NsiI.TP687555"," 8"," 9504792","","0.2440","C"
"4","Trait5","pKWmEB","PstI.TP930486"," 8"," 9513856","","0.6435","C"
"4","Trait5","pKWmEB","NsiI.TP29119"," 8"," 9683827","","0.3877","A"
"4","Trait5","pKWmEB","PstI.TP805347"," 8"," 9707412","","1.4776","A"
"4","Trait5","pKWmEB","PstI.TP897141"," 8"," 9711467","","0.6000","C"
"4","Trait5","pKWmEB","PstI.TP1125548"," 8"," 9735387","","0.2997","A"
"4","Trait5","pKWmEB","PstI.TP1161009"," 8"," 9840641","","0.7497","G"
"4","Trait5","pKWmEB","NsiI.TP632462"," 8","10083104","","0.3683","A"
"4","Trait5","pKWmEB","PstI.TP1068321"," 8","10103459","","0.3282","A"
"4","Trait5","pKWmEB","NsiI.TP517825"," 8","10119262","","0.3537","A"
"4","Trait5","pKWmEB","PstI.TP309333"," 8","10157122","","0.7431","C"
"4","Trait5","pKWmEB","NsiI.TP393031"," 8","10161729","","0.3768","G"
"4","Trait5","pKWmEB","PstI.TP214844"," 8","10199088","","0.7602","A"
"4","Trait5","pKWmEB","NsiI.TP681322"," 8","10554261","","0.0427","C"
"4","Trait5","pKWmEB","NsiI.TP770186"," 8","10752025","","0.2636","A"
"4","Trait5","pKWmEB","PstI.TP125339"," 8","10914403","","0.8079","A"
"4","Trait5","pKWmEB","PstI.TP701435"," 8","11378576","","0.1429","A"
"4","Trait5","pKWmEB","PstI.TP339093"," 8","11573678","","0.8781","G"
"4","Trait5","pKWmEB","PstI.TP987367"," 8","11932078","","0.2801","C"
"4","Trait5","pKWmEB","PstI.TP908397"," 8","11934752","","0.3829","A"
"4","Trait5","pKWmEB","PstI.TP905220"," 8","12065870","","0.0474","C"
"4","Trait5","pKWmEB","PstI.TP867026"," 8","12068040","","1.7790","C"
"4","Trait5","pKWmEB","NsiI.TP441951"," 8","12115756","","0.6695","A"
"4","Trait5","pKWmEB","NsiI.TP686077"," 8","12156324","","0.3169","A"
"4","Trait5","pKWmEB","NsiI.TP782036"," 8","12156326","","0.4301","A"
"4","Trait5","pKWmEB","NsiI.TP782065"," 8","12156326","","0.1889","A"
"4","Trait5","pKWmEB","NsiI.TP791763"," 8","12156326","","0.3079","G"
"4","Trait5","pKWmEB","NsiI.TP785040"," 8","12156327","","0.1282","A"
"4","Trait5","pKWmEB","NsiI.TP785118"," 8","12156327","","0.4657","A"
"4","Trait5","pKWmEB","NsiI.TP785613"," 8","12156329","","0.2713","A"
"4","Trait5","pKWmEB","NsiI.TP785982"," 8","12156329","","0.2474","G"
"4","Trait5","pKWmEB","NsiI.TP786169"," 8","12156330","","0.3937","C"
"4","Trait5","pKWmEB","NsiI.TP787358"," 8","12156330","","0.2526","A"
"4","Trait5","pKWmEB","NsiI.TP19681"," 8","12156332","","0.3656","G"
"4","Trait5","pKWmEB","NsiI.TP788650"," 8","12156336","","1.0625","A"
"4","Trait5","pKWmEB","NsiI.TP787649"," 8","12156337","","0.3093","A"
"4","Trait5","pKWmEB","NsiI.TP787708"," 8","12156337","","0.0357","A"
"4","Trait5","pKWmEB","NsiI.TP791604"," 8","12156341","","0.1931","C"
"4","Trait5","pKWmEB","NsiI.TP783950"," 8","12156345","","0.2535","A"
"4","Trait5","pKWmEB","NsiI.TP789304"," 8","12156345","","0.0528","A"
"4","Trait5","pKWmEB","NsiI.TP786376"," 8","12156376","","0.7882","A"
"4","Trait5","pKWmEB","NsiI.TP802513"," 8","12156376","","0.4088","A"
"4","Trait5","pKWmEB","NsiI.TP787488"," 8","12156383","","0.0618","C"
"4","Trait5","pKWmEB","NsiI.TP786113"," 8","12156390","","0.1118","A"
"4","Trait5","pKWmEB","PstI.TP1162398"," 8","12165733","","0.4997","C"
"4","Trait5","pKWmEB","PstI.TP624956"," 8","12192304","","0.4146","G"
"4","Trait5","pKWmEB","PstI.TP934678"," 8","12192398","","1.2040","A"
"4","Trait5","pKWmEB","NsiI.TP132857"," 8","12304649","","0.7080","G"
"4","Trait5","pKWmEB","PstI.TP627128"," 8","12587199","","0.0227","C"
"4","Trait5","pKWmEB","NsiI.TP13142"," 8","12629379","","1.1486","G"
"4","Trait5","pKWmEB","PstI.TP498377"," 8","12652764","","0.0077","C"
"4","Trait5","pKWmEB","PstI.TP1088168"," 8","12690309","","0.0561","C"
"4","Trait5","pKWmEB","NsiI.TP744668"," 8","13866107","","0.3771","A"
"4","Trait5","pKWmEB","NsiI.TP524933"," 8","14257061","","0.0170","C"
"4","Trait5","pKWmEB","PstI.TP1061654"," 8","14258720","","0.2814","A"
"4","Trait5","pKWmEB","PstI.TP477367"," 8","14259231","","0.1400","C"
"4","Trait5","pKWmEB","NsiI.TP119059"," 8","14314036","","0.8765","A"
"4","Trait5","pKWmEB","PstI.TP550512"," 8","14483570","","0.2616","G"
"4","Trait5","pKWmEB","NsiI.TP406640"," 8","14642962","","0.5642","C"
"4","Trait5","pKWmEB","PstI.TP346129"," 8","14643029","","0.0882","A"
"4","Trait5","pKWmEB","NsiI.TP103859"," 8","15213871","","0.2124","A"
"4","Trait5","pKWmEB","PstI.TP842409"," 8","15301244","","0.3334","A"
"4","Trait5","pKWmEB","NsiI.TP666914"," 8","15301751","","0.4684","A"
"4","Trait5","pKWmEB","NsiI.TP134488"," 8","15304565","","0.5115","A"
"4","Trait5","pKWmEB","PstI.TP922367"," 8","15434001","","0.6746","C"
"4","Trait5","pKWmEB","PstI.TP479306"," 8","15452536","","0.4816","C"
"4","Trait5","pKWmEB","PstI.TP63002"," 8","15748641","","0.7120","C"
"4","Trait5","pKWmEB","PstI.TP53685"," 8","15754213","","0.0452","C"
"4","Trait5","pKWmEB","PstI.TP705575"," 8","15768297","","0.0398","A"
"4","Trait5","pKWmEB","PstI.TP353721"," 8","15836971","","0.1432","C"
"4","Trait5","pKWmEB","PstI.TP831876"," 8","15839243","","0.0635","A"
"4","Trait5","pKWmEB","NsiI.TP744537"," 8","15911288","","0.2205","A"
"4","Trait5","pKWmEB","NsiI.TP475814"," 8","15919288","","0.5319","A"
"4","Trait5","pKWmEB","PstI.TP845583"," 8","15926794","","0.1430","C"
"4","Trait5","pKWmEB","PstI.TP1110631"," 8","15927556","","0.3452","A"
"4","Trait5","pKWmEB","PstI.TP1160771"," 8","15929940","","0.2090","A"
"4","Trait5","pKWmEB","PstI.TP623632"," 8","15930657","","0.5091","A"
"4","Trait5","pKWmEB","NsiI.TP308953"," 8","16086302","","1.1410","A"
"4","Trait5","pKWmEB","PstI.TP290055"," 8","16103749","","1.1773","A"
"4","Trait5","pKWmEB","PstI.TP292987"," 8","16103762","","0.5476","C"
"4","Trait5","pKWmEB","PstI.TP432243"," 8","16103800","","0.3700","C"
"4","Trait5","pKWmEB","PstI.TP1051394"," 8","16104677","","0.0441","C"
"4","Trait5","pKWmEB","PstI.TP750467"," 8","16300896","","0.5604","A"
"4","Trait5","pKWmEB","NsiI.TP279197"," 8","16347194","","0.0845","C"
"4","Trait5","pKWmEB","PstI.TP453095"," 8","16696578","","0.2738","A"
"4","Trait5","pKWmEB","PstI.TP120061"," 8","17255694","","2.3228","C"
"4","Trait5","pKWmEB","NsiI.TP503161"," 8","17399941","","0.1918","C"
"4","Trait5","pKWmEB","PstI.TP366929"," 8","17543761","","0.7069","A"
"4","Trait5","pKWmEB","PstI.TP411836"," 8","17596165","","0.6488","A"
"4","Trait5","pKWmEB","PstI.TP18696"," 8","17966945","","0.0915","C"
"4","Trait5","pKWmEB","NsiI.TP693783"," 8","17983565","","0.5834","A"
"4","Trait5","pKWmEB","PstI.TP1106767"," 8","18038551","","0.1403","A"
"4","Trait5","pKWmEB","PstI.TP1099682"," 8","18511385","","0.2645","A"
"4","Trait5","pKWmEB","PstI.TP1156547"," 8","18779009","","0.0153","G"
"4","Trait5","pKWmEB","PstI.TP822245"," 8","18802031","","0.4526","C"
"4","Trait5","pKWmEB","NsiI.TP407779"," 8","18802079","","0.1118","C"
"4","Trait5","pKWmEB","NsiI.TP411016"," 8","19266931","","0.0233","C"
"4","Trait5","pKWmEB","PstI.TP1196315"," 8","19296994","","0.2225","A"
"4","Trait5","pKWmEB","PstI.TP1064216"," 8","19305443","","0.0738","A"
"4","Trait5","pKWmEB","PstI.TP945656"," 8","20338622","","0.3174","A"
"4","Trait5","pKWmEB","NsiI.TP799947"," 8","23541424","","0.4171","C"
"4","Trait5","pKWmEB","NsiI.TP737772"," 8","24539132","","0.5297","A"
"4","Trait5","pKWmEB","PstI.TP928133"," 8","32503964","","1.6388","C"
"4","Trait5","pKWmEB","NsiI.TP707836"," 8","32823644","","0.6560","C"
"4","Trait5","pKWmEB","NsiI.TP23792"," 8","32833530","","0.4328","A"
"4","Trait5","pKWmEB","NsiI.TP25505"," 8","34777692","","0.3194","A"
"4","Trait5","pKWmEB","GFSSContig16447_152"," 8","34780579","","0.3795","A"
"4","Trait5","pKWmEB","PstI.TP34693"," 8","34812555","","0.6394","A"
"4","Trait5","pKWmEB","PstI.TP273901"," 8","35229349","","0.1214","G"
"4","Trait5","pKWmEB","NsiI.TP416253"," 8","37899215","","0.8893","A"
"4","Trait5","pKWmEB","PstI.TP1265023"," 8","37905668","","0.6266","C"
"4","Trait5","pKWmEB","PstI.TP755740"," 8","39471866","","0.1246","A"
"4","Trait5","pKWmEB","NsiI.TP336256"," 8","39684118","","0.6524","C"
"4","Trait5","pKWmEB","NsiI.TP607315"," 8","39690501","","0.4278","C"
"4","Trait5","pKWmEB","GFSSContig19900_1921"," 8","41355641","","0.8735","T"
"4","Trait5","pKWmEB","NsiI.TP165847"," 8","41367312","","0.2855","C"
"4","Trait5","pKWmEB","PstI.TP772416"," 8","41490786","","0.2145","A"
"4","Trait5","pKWmEB","PstI.TP1065040"," 8","41491760","","0.3117","C"
"4","Trait5","pKWmEB","NsiI.TP778390"," 8","41575587","","0.8043","C"
"4","Trait5","pKWmEB","NsiI.TP127297"," 8","41587305","","0.3418","A"
"4","Trait5","pKWmEB","PstI.TP389528"," 8","42232733","","0.8216","A"
"4","Trait5","pKWmEB","NsiI.TP136484"," 8","42989874","","0.3460","C"
"4","Trait5","pKWmEB","PstI.TP89153"," 8","43917729","","0.0841","C"
"4","Trait5","pKWmEB","NsiI.TP644078"," 8","44666450","","0.1796","C"
"4","Trait5","pKWmEB","PstI.TP207812"," 8","44672544","","0.2267","A"
"4","Trait5","pKWmEB","NsiI.TP501314"," 8","44674673","","0.0785","C"
"4","Trait5","pKWmEB","PstI.TP486345"," 8","44848552","","0.2166","A"
"4","Trait5","pKWmEB","PstI.TP507422"," 8","44877842","","0.2568","C"
"4","Trait5","pKWmEB","NsiI.TP123799"," 8","44970294","","0.4718","C"
"4","Trait5","pKWmEB","NsiI.TP357019"," 8","45000450","","0.8518","C"
"4","Trait5","pKWmEB","PstI.TP859420"," 8","45434614","","0.0604","G"
"4","Trait5","pKWmEB","NsiI.TP420187"," 8","45512433","","1.3045","C"
"4","Trait5","pKWmEB","PstI.TP649919"," 8","45771383","","0.1202","G"
"4","Trait5","pKWmEB","GFSSContig12663_1010"," 8","45897743","","0.4564","A"
"4","Trait5","pKWmEB","PstI.TP212298"," 8","45920553","","0.6719","G"
"4","Trait5","pKWmEB","PstI.TP1075478"," 8","45927014","","1.3832","C"
"4","Trait5","pKWmEB","GFSSContig19170_462"," 8","46319632","","0.8826","T"
"4","Trait5","pKWmEB","PstI.TP205765"," 8","46363312","","0.9488","A"
"4","Trait5","pKWmEB","NsiI.TP500446"," 8","46431395","","0.0780","A"
"4","Trait5","pKWmEB","PstI.TP570629"," 8","46689144","","0.3453","A"
"4","Trait5","pKWmEB","NsiI.TP66060"," 8","46691190","","0.9794","C"
"4","Trait5","pKWmEB","NsiI.TP459009"," 8","46710241","","0.1204","C"
"4","Trait5","pKWmEB","PstI.TP863519"," 8","46919744","","0.2866","C"
"4","Trait5","pKWmEB","NsiI.TP804368"," 8","47075359","","0.4969","A"
"4","Trait5","pKWmEB","NsiI.TP241831"," 8","47079973","","0.8839","A"
"4","Trait5","pKWmEB","NsiI.TP337453"," 8","47521807","","0.3077","C"
"4","Trait5","pKWmEB","PstI.TP124803"," 8","47522090","","0.9994","C"
"4","Trait5","pKWmEB","PstI.TP861191"," 8","47530500","","0.0982","C"
"4","Trait5","pKWmEB","NsiI.TP369007"," 8","47686515","","0.0785","A"
"4","Trait5","pKWmEB","NsiI.TP121246"," 8","47692039","","0.1758","A"
"4","Trait5","pKWmEB","NsiI.TP487812"," 8","47694404","","1.2844","A"
"4","Trait5","pKWmEB","PstI.TP178651"," 8","47696621","","0.6402","C"
"4","Trait5","pKWmEB","PstI.TP815977"," 8","47698137","","0.7208","A"
"4","Trait5","pKWmEB","PstI.TP1078088"," 8","47774155","","0.0462","C"
"4","Trait5","pKWmEB","PstI.TP407978"," 8","47979692","","0.1033","C"
"4","Trait5","pKWmEB","PstI.TP169816"," 8","48457109","","1.0075","A"
"4","Trait5","pKWmEB","NsiI.TP489620"," 8","48741814","","0.0018","A"
"4","Trait5","pKWmEB","PstI.TP863282"," 8","48957896","","0.1018","C"
"4","Trait5","pKWmEB","PstI.TP453393"," 8","48982721","","0.1621","A"
"4","Trait5","pKWmEB","PstI.TP944086"," 8","48985039","","0.7040","A"
"4","Trait5","pKWmEB","NsiI.TP218727"," 8","48988269","","0.2542","A"
"4","Trait5","pKWmEB","NsiI.TP832330"," 8","48988648","","0.4506","C"
"4","Trait5","pKWmEB","NsiI.TP811343"," 8","49059069","","0.2419","C"
"4","Trait5","pKWmEB","NsiI.TP724020"," 8","49070414","","0.2680","G"
"4","Trait5","pKWmEB","GFSSContig10135_1021"," 8","49121915","","1.0057","A"
"4","Trait5","pKWmEB","PstI.TP53735"," 8","49122688","","0.9488","C"
"4","Trait5","pKWmEB","PstI.TP53736"," 8","49122699","","0.3086","C"
"4","Trait5","pKWmEB","NsiI.TP224547"," 8","49124442","","0.3599","C"
"4","Trait5","pKWmEB","NsiI.TP260623"," 8","49124523","","1.0278","A"
"4","Trait5","pKWmEB","PstI.TP1226481"," 8","49678662","","0.2560","A"
"4","Trait5","pKWmEB","NsiI.TP235787"," 8","49761291","","0.2719","A"
"4","Trait5","pKWmEB","NsiI.TP628293"," 8","49762943","","0.8136","C"
"4","Trait5","pKWmEB","NsiI.TP499109"," 8","49890615","","0.1499","A"
"4","Trait5","pKWmEB","NsiI.TP65306"," 8","49983148","","0.8054","C"
"4","Trait5","pKWmEB","NsiI.TP228260"," 8","50158922","","0.0860","A"
"4","Trait5","pKWmEB","PstI.TP360351"," 8","50194161","","0.0199","A"
"4","Trait5","pKWmEB","NsiI.TP392781"," 8","50346713","","0.4977","G"
"4","Trait5","pKWmEB","PstI.TP178455"," 8","50346825","","0.0012","C"
"4","Trait5","pKWmEB","PstI.TP1108122"," 8","50347208","","0.8084","A"
"4","Trait5","pKWmEB","NsiI.TP208625"," 8","50606712","","0.8231","A"
"4","Trait5","pKWmEB","NsiI.TP676878"," 8","50607404","","0.5761","C"
"4","Trait5","pKWmEB","PstI.TP689954"," 8","50611826","","0.3954","A"
"4","Trait5","pKWmEB","NsiI.TP63371"," 8","50627335","","0.0294","G"
"4","Trait5","pKWmEB","PstI.TP1289421"," 8","50630889","","0.3609","C"
"4","Trait5","pKWmEB","PstI.TP1125574"," 8","50631722","","0.4394","G"
"4","Trait5","pKWmEB","PstI.TP375957"," 8","50687141","","0.0490","A"
"4","Trait5","pKWmEB","PstI.TP831849"," 8","50730794","","0.1700","A"
"4","Trait5","pKWmEB","PstI.TP458366"," 8","50730872","","0.4390","A"
"4","Trait5","pKWmEB","NsiI.TP574010"," 8","50730876","","0.1872","A"
"4","Trait5","pKWmEB","PstI.TP584246"," 8","51322122","","0.1143","A"
"4","Trait5","pKWmEB","NsiI.TP173754"," 8","51330011","","0.4179","A"
"4","Trait5","pKWmEB","NsiI.TP5031"," 8","51347501","","0.7789","A"
"4","Trait5","pKWmEB","NsiI.TP701042"," 8","51499141","","0.2852","C"
"4","Trait5","pKWmEB","PstI.TP685814"," 8","51520152","","0.4232","C"
"4","Trait5","pKWmEB","NsiI.TP756857"," 8","51668349","","0.4360","C"
"4","Trait5","pKWmEB","PstI.TP570269"," 8","51714946","","0.5599","C"
"4","Trait5","pKWmEB","PstI.TP332628"," 8","51800257","","0.1116","G"
"4","Trait5","pKWmEB","PstI.TP936559"," 8","51918863","","0.7741","A"
"4","Trait5","pKWmEB","PstI.TP944343"," 8","51918904","","0.1873","C"
"4","Trait5","pKWmEB","PstI.TP833247"," 8","51922061","","0.0468","C"
"4","Trait5","pKWmEB","NsiI.TP44417"," 8","52057205","","0.1877","C"
"4","Trait5","pKWmEB","PstI.TP343415"," 8","52058191","","0.3094","C"
"4","Trait5","pKWmEB","PstI.TP1264166"," 8","52135359","","0.6374","C"
"4","Trait5","pKWmEB","PstI.TP831262"," 8","52135579","","0.0393","G"
"4","Trait5","pKWmEB","NsiI.TP19314"," 8","52151314","","0.1662","G"
"4","Trait5","pKWmEB","PstI.TP136055"," 8","52178335","","0.3513","A"
"4","Trait5","pKWmEB","GFSSContig12706_492"," 8","52197611","","0.0156","T"
"4","Trait5","pKWmEB","PstI.TP1251025"," 8","52202923","","0.4328","C"
"4","Trait5","pKWmEB","PstI.TP611046"," 8","52216133","","1.9545","A"
"4","Trait5","pKWmEB","NsiI.TP500741"," 8","52307630","","0.7046","C"
"4","Trait5","pKWmEB","PstI.TP173042"," 8","52310772","","2.0242","A"
"4","Trait5","pKWmEB","GFSSContig19750_4048"," 8","52320872","","0.6302","T"
"4","Trait5","pKWmEB","NsiI.TP420038"," 8","52379885","","0.0144","G"
"4","Trait5","pKWmEB","PstI.TP542055"," 8","52386796","","0.2576","C"
"4","Trait5","pKWmEB","PstI.TP12517"," 8","52387781","","0.0242","A"
"4","Trait5","pKWmEB","PstI.TP464577"," 8","52589502","","0.8535","C"
"4","Trait5","pKWmEB","PstI.TP640613"," 8","52638446","","1.3100","A"
"4","Trait5","pKWmEB","PstI.TP1247830"," 8","52647209","","0.9042","C"
"4","Trait5","pKWmEB","PstI.TP113313"," 8","52654110","","0.5546","A"
"4","Trait5","pKWmEB","NsiI.TP589984"," 8","52737990","","0.0121","C"
"4","Trait5","pKWmEB","PstI.TP1053971"," 8","52739079","","0.0725","C"
"4","Trait5","pKWmEB","NsiI.TP367023"," 8","52741869","","0.7616","A"
"4","Trait5","pKWmEB","NsiI.TP423749"," 8","52745949","","0.0708","A"
"4","Trait5","pKWmEB","NsiI.TP128448"," 8","52808209","","0.1280","C"
"4","Trait5","pKWmEB","NsiI.TP110527"," 8","52811298","","1.0238","A"
"4","Trait5","pKWmEB","PstI.TP49251"," 8","52811353","","0.1328","A"
"4","Trait5","pKWmEB","NsiI.TP393858"," 8","52979195","","0.1600","A"
"4","Trait5","pKWmEB","NsiI.TP486637"," 8","53006859","","0.9561","G"
"4","Trait5","pKWmEB","PstI.TP1148284"," 8","53065566","","1.2100","C"
"4","Trait5","pKWmEB","PstI.TP933806"," 8","53107674","","1.1478","A"
"4","Trait5","pKWmEB","PstI.TP397717"," 8","53109537","","0.5443","A"
"4","Trait5","pKWmEB","PstI.TP847961"," 8","53109574","","0.3286","C"
"4","Trait5","pKWmEB","PstI.TP164514"," 8","53126380","","0.1073","A"
"4","Trait5","pKWmEB","NsiI.TP751617"," 8","53129682","","0.1456","A"
"4","Trait5","pKWmEB","NsiI.TP254355"," 8","53206605","","0.0739","A"
"4","Trait5","pKWmEB","PstI.TP1142498"," 8","53214814","","1.1509","C"
"4","Trait5","pKWmEB","PstI.TP1135651"," 8","53214855","","0.1229","A"
"4","Trait5","pKWmEB","PstI.TP427055"," 8","53245772","","0.1859","A"
"4","Trait5","pKWmEB","NsiI.TP20016"," 8","53807812","","0.0689","A"
"4","Trait5","pKWmEB","NsiI.TP828499"," 8","53841838","","0.4860","A"
"4","Trait5","pKWmEB","NsiI.TP424863"," 8","53932720","","0.4390","A"
"4","Trait5","pKWmEB","NsiI.TP777378"," 8","54520904","","0.9009","C"
"4","Trait5","pKWmEB","NsiI.TP392845"," 8","54528007","","0.2022","G"
"4","Trait5","pKWmEB","PstI.TP17427"," 8","54597919","","0.3367","C"
"4","Trait5","pKWmEB","PstI.TP1060593"," 8","54599599","","0.0440","A"
"4","Trait5","pKWmEB","PstI.TP544297"," 8","54628382","","0.9620","C"
"4","Trait5","pKWmEB","PstI.TP763524"," 8","54655315","","1.2521","G"
"4","Trait5","pKWmEB","NsiI.TP794363"," 8","54703413","","0.3655","C"
"4","Trait5","pKWmEB","NsiI.TP320294"," 8","54742718","","0.6476","C"
"4","Trait5","pKWmEB","PstI.TP220441"," 8","54813165","","0.0096","A"
"4","Trait5","pKWmEB","NsiI.TP465341"," 8","54917648","","0.1536","A"
"4","Trait5","pKWmEB","PstI.TP264414"," 8","54921126","","0.1606","A"
"4","Trait5","pKWmEB","PstI.TP41816"," 8","54937285","","0.2998","A"
"4","Trait5","pKWmEB","PstI.TP847070"," 8","55141890","","0.1552","C"
"4","Trait5","pKWmEB","PstI.TP1000334"," 8","55283247","","0.8581","A"
"4","Trait5","pKWmEB","NsiI.TP494113"," 8","55286114","","0.6786","C"
"4","Trait5","pKWmEB","NsiI.TP181198"," 8","55572072","","0.4247","A"
"4","Trait5","pKWmEB","PstI.TP585913"," 8","55579533","","0.1949","C"
"4","Trait5","pKWmEB","PstI.TP687707"," 8","55625815","","0.5891","C"
"4","Trait5","pKWmEB","PstI.TP99563"," 8","55637394","","1.3955","A"
"4","Trait5","pKWmEB","PstI.TP216273"," 8","55690936","","0.2778","A"
"4","Trait5","pKWmEB","PstI.TP986861"," 8","55695452","","0.1448","A"
"4","Trait5","pKWmEB","NsiI.TP442125"," 8","55700456","","0.1348","A"
"4","Trait5","pKWmEB","NsiI.TP264570"," 8","55717875","","0.1592","A"
"4","Trait5","pKWmEB","NsiI.TP262378"," 8","55743978","","0.5176","C"
"4","Trait5","pKWmEB","NsiI.TP373497"," 8","55796786","","0.3899","A"
"4","Trait5","pKWmEB","PstI.TP1009308"," 8","55801809","","1.4881","A"
"4","Trait5","pKWmEB","NsiI.TP634834"," 8","55897345","","0.2489","A"
"4","Trait5","pKWmEB","NsiI.TP254052"," 8","55900499","","0.5351","C"
"4","Trait5","pKWmEB","PstI.TP860970"," 8","55903772","","0.1144","C"
"4","Trait5","pKWmEB","PstI.TP860968"," 8","55903811","","0.1346","C"
"4","Trait5","pKWmEB","PstI.TP71898"," 8","55904365","","0.3270","A"
"4","Trait5","pKWmEB","NsiI.TP363120"," 8","55917435","","0.2168","C"
"4","Trait5","pKWmEB","NsiI.TP271217"," 8","55922463","","0.3327","A"
"4","Trait5","pKWmEB","NsiI.TP45965"," 8","55945350","","0.0437","C"
"4","Trait5","pKWmEB","NsiI.TP179941"," 8","55948810","","0.6600","C"
"4","Trait5","pKWmEB","NsiI.TP175698"," 8","55948858","","0.1804","G"
"4","Trait5","pKWmEB","NsiI.TP678261"," 8","55967248","","0.0935","A"
"4","Trait5","pKWmEB","PstI.TP874941"," 8","55971396","","0.0020","C"
"4","Trait5","pKWmEB","NsiI.TP358258"," 8","55971705","","0.1132","A"
"4","Trait5","pKWmEB","NsiI.TP467446"," 8","56050946","","0.7248","C"
"4","Trait5","pKWmEB","NsiI.TP458362"," 8","56176010","","2.4392","C"
"4","Trait5","pKWmEB","NsiI.TP196872"," 8","56177605","","0.1499","C"
"4","Trait5","pKWmEB","PstI.TP1241299"," 8","56273280","","0.0556","A"
"4","Trait5","pKWmEB","NsiI.TP66884"," 8","56275140","","1.2211","C"
"4","Trait5","pKWmEB","PstI.TP1046943"," 8","56285552","","0.5662","G"
"4","Trait5","pKWmEB","NsiI.TP602850"," 8","56304098","","0.5181","A"
"4","Trait5","pKWmEB","NsiI.TP2523"," 8","56306112","","0.5607","A"
"4","Trait5","pKWmEB","NsiI.TP367243"," 8","56347231","","0.0940","G"
"4","Trait5","pKWmEB","GFSSContig19351_2904"," 8","56396738","","0.0123","A"
"4","Trait5","pKWmEB","PstI.TP365898"," 8","56419528","","0.8656","C"
"4","Trait5","pKWmEB","NsiI.TP50068"," 8","56455112","","0.0749","A"
"4","Trait5","pKWmEB","PstI.TP311827"," 8","56474277","","0.1866","A"
"4","Trait5","pKWmEB","PstI.TP549180"," 8","56484836","","0.0741","G"
"4","Trait5","pKWmEB","NsiI.TP150977"," 8","56487771","","0.2604","A"
"4","Trait5","pKWmEB","NsiI.TP778055"," 8","56489107","","0.1751","C"
"4","Trait5","pKWmEB","NsiI.TP57147"," 8","56500375","","0.1168","C"
"4","Trait5","pKWmEB","PstI.TP1042211"," 8","56502467","","0.5273","C"
"4","Trait5","pKWmEB","PstI.TP704438"," 8","56506680","","0.3654","C"
"4","Trait5","pKWmEB","PstI.TP627287"," 8","56538667","","0.6185","C"
"4","Trait5","pKWmEB","NsiI.TP394597"," 8","56568502","","0.3903","A"
"4","Trait5","pKWmEB","PstI.TP722041"," 8","56604235","","1.3869","A"
"4","Trait5","pKWmEB","PstI.TP1251472"," 8","56640077","","0.5933","C"
"4","Trait5","pKWmEB","PstI.TP1247814"," 8","56640130","","1.3802","C"
"4","Trait5","pKWmEB","PstI.TP103614"," 8","56666806","","2.0269","A"
"4","Trait5","pKWmEB","PstI.TP141062"," 8","56700078","","0.0044","A"
"4","Trait5","pKWmEB","PstI.TP1187266"," 8","56708490","","0.1729","C"
"4","Trait5","pKWmEB","PstI.TP836303"," 8","56711260","","1.2150","C"
"4","Trait5","pKWmEB","PstI.TP801271"," 8","56733365","","0.0264","C"
"4","Trait5","pKWmEB","PstI.TP962832"," 8","56756625","","0.1306","A"
"4","Trait5","pKWmEB","PstI.TP902321"," 8","56813101","","1.3031","A"
"4","Trait5","pKWmEB","NsiI.TP332492"," 8","56933043","","0.0785","A"
"4","Trait5","pKWmEB","PstI.TP631994"," 8","56933241","","0.7732","A"
"4","Trait5","pKWmEB","PstI.TP700381"," 8","56933270","","0.4856","A"
"4","Trait5","pKWmEB","PstI.TP140115"," 8","57059484","","0.5561","A"
"4","Trait5","pKWmEB","PstI.TP140116"," 8","57059501","","1.4662","A"
"4","Trait5","pKWmEB","PstI.TP534174"," 8","57069014","","1.0361","G"
"4","Trait5","pKWmEB","PstI.TP570599"," 8","57084424","","0.4291","A"
"4","Trait5","pKWmEB","NsiI.TP10770"," 8","57087566","","0.0961","A"
"4","Trait5","pKWmEB","PstI.TP166135"," 8","57118094","","0.6744","A"
"4","Trait5","pKWmEB","NsiI.TP624056"," 8","57193287","","1.2703","C"
"4","Trait5","pKWmEB","PstI.TP218368"," 8","57214730","","0.0288","C"
"4","Trait5","pKWmEB","NsiI.TP201200"," 8","57224391","","1.2596","A"
"4","Trait5","pKWmEB","NsiI.TP200401"," 8","57224404","","0.3212","A"
"4","Trait5","pKWmEB","PstI.TP787571"," 8","57225074","","0.4660","C"
"4","Trait5","pKWmEB","NsiI.TP149439"," 8","57282588","","0.0643","C"
"4","Trait5","pKWmEB","PstI.TP461226"," 8","57300091","","0.1710","A"
"4","Trait5","pKWmEB","PstI.TP152342"," 8","57310803","","0.1801","A"
"4","Trait5","pKWmEB","PstI.TP1172237"," 8","57337766","","0.1548","G"
"4","Trait5","pKWmEB","NsiI.TP166221"," 8","57373291","","0.5981","C"
"4","Trait5","pKWmEB","PstI.TP179063"," 8","57415268","","0.1208","A"
"4","Trait5","pKWmEB","PstI.TP790891"," 8","57423805","","0.5047","A"
"4","Trait5","pKWmEB","NsiI.TP718915"," 8","57429561","","0.3582","A"
"4","Trait5","pKWmEB","NsiI.TP718893"," 8","57429584","","0.5402","A"
"4","Trait5","pKWmEB","PstI.TP935722"," 8","57435831","","1.7517","C"
"4","Trait5","pKWmEB","PstI.TP488540"," 8","57438838","","0.2473","C"
"4","Trait5","pKWmEB","PstI.TP510530"," 8","57442003","","0.8651","A"
"4","Trait5","pKWmEB","PstI.TP806308"," 8","57451498","","0.7680","A"
"4","Trait5","pKWmEB","PstI.TP1156625"," 8","57451842","","0.1926","C"
"4","Trait5","pKWmEB","NsiI.TP443141"," 8","57486959","","0.8663","G"
"4","Trait5","pKWmEB","NsiI.TP359166"," 8","57535658","","0.2552","C"
"4","Trait5","pKWmEB","NsiI.TP222982"," 8","57536177","","0.1706","A"
"4","Trait5","pKWmEB","NsiI.TP174720"," 8","57540284","","0.2077","C"
"4","Trait5","pKWmEB","PstI.TP394489"," 8","57588598","","0.4926","A"
"4","Trait5","pKWmEB","NsiI.TP816488"," 8","57630595","","0.5111","C"
"4","Trait5","pKWmEB","NsiI.TP593462"," 8","57647375","","0.3870","C"
"4","Trait5","pKWmEB","PstI.TP758435"," 8","57647996","","1.5448","A"
"4","Trait5","pKWmEB","NsiI.TP128638"," 8","57652608","","0.5135","C"
"4","Trait5","pKWmEB","PstI.TP589392"," 8","57653861","","1.4730","A"
"4","Trait5","pKWmEB","PstI.TP1041621"," 8","57654131","","0.5273","A"
"4","Trait5","pKWmEB","NsiI.TP51421"," 8","57671019","","0.5365","A"
"4","Trait5","pKWmEB","PstI.TP777340"," 8","57671132","","0.4627","C"
"4","Trait5","pKWmEB","NsiI.TP820289"," 8","57687842","","0.9413","C"
"4","Trait5","pKWmEB","NsiI.TP485141"," 8","57723465","","0.3588","C"
"4","Trait5","pKWmEB","PstI.TP364176"," 8","57726614","","0.0989","A"
"4","Trait5","pKWmEB","NsiI.TP663775"," 8","57726614","","0.0887","G"
"4","Trait5","pKWmEB","NsiI.TP411207"," 8","57749131","","0.6697","C"
"4","Trait5","pKWmEB","NsiI.TP800506"," 8","57760179","","0.4891","A"
"4","Trait5","pKWmEB","PstI.TP51172"," 8","57841480","","0.1644","G"
"4","Trait5","pKWmEB","NsiI.TP592818"," 8","58043130","","0.6204","C"
"4","Trait5","pKWmEB","PstI.TP1264521"," 8","58068924","","0.4034","A"
"4","Trait5","pKWmEB","PstI.TP615521"," 8","58093270","","0.8012","C"
"4","Trait5","pKWmEB","PstI.TP496475"," 8","58094286","","1.3165","A"
"4","Trait5","pKWmEB","NsiI.TP364363"," 8","58098847","","0.0325","A"
"4","Trait5","pKWmEB","NsiI.TP152740"," 8","58108475","","0.1267","A"
"4","Trait5","pKWmEB","PstI.TP320444"," 8","58110822","","0.3212","A"
"4","Trait5","pKWmEB","PstI.TP701952"," 8","58111611","","0.0424","G"
"4","Trait5","pKWmEB","PstI.TP908198"," 8","58116048","","0.9636","A"
"4","Trait5","pKWmEB","PstI.TP103845"," 8","58125692","","0.0916","C"
"4","Trait5","pKWmEB","PstI.TP18189"," 8","58139203","","0.1721","A"
"4","Trait5","pKWmEB","PstI.TP1263036"," 8","58155778","","0.3039","G"
"4","Trait5","pKWmEB","NsiI.TP523439"," 8","58182874","","1.4780","G"
"4","Trait5","pKWmEB","NsiI.TP1005"," 8","58192884","","0.6618","C"
"4","Trait5","pKWmEB","PstI.TP801096"," 8","58209473","","0.5146","C"
"4","Trait5","pKWmEB","PstI.TP753385"," 8","58262070","","0.3569","A"
"4","Trait5","pKWmEB","PstI.TP350583"," 8","58267076","","1.2989","A"
"4","Trait5","pKWmEB","PstI.TP37199"," 8","58277845","","0.1275","A"
"4","Trait5","pKWmEB","PstI.TP1218945"," 8","58295318","","0.2929","C"
"4","Trait5","pKWmEB","PstI.TP641992"," 8","58295430","","0.5205","C"
"4","Trait5","pKWmEB","PstI.TP522065"," 8","58295434","","0.4480","A"
"4","Trait5","pKWmEB","NsiI.TP218922"," 8","58297852","","0.2360","G"
"4","Trait5","pKWmEB","NsiI.TP452227"," 8","58350505","","0.0938","C"
"4","Trait5","pKWmEB","PstI.TP785585"," 8","58358776","","0.3372","C"
"4","Trait5","pKWmEB","PstI.TP255387"," 8","58411554","","1.8707","A"
"4","Trait5","pKWmEB","PstI.TP79095"," 8","58420064","","0.4747","A"
"4","Trait5","pKWmEB","NsiI.TP133271"," 8","58436161","","0.0405","C"
"4","Trait5","pKWmEB","PstI.TP411604"," 8","58455418","","0.1083","A"
"4","Trait5","pKWmEB","PstI.TP1015126"," 8","58477747","","0.9801","C"
"4","Trait5","pKWmEB","PstI.TP315643"," 8","58488043","","0.0963","C"
"4","Trait5","pKWmEB","PstI.TP1055308"," 8","58520672","","1.1328","C"
"4","Trait5","pKWmEB","NsiI.TP197576"," 8","58527013","","0.7297","C"
"4","Trait5","pKWmEB","NsiI.TP32638"," 8","58529578","","0.5514","C"
"4","Trait5","pKWmEB","NsiI.TP473357"," 8","58543286","","0.2028","G"
"4","Trait5","pKWmEB","PstI.TP1101384"," 8","58544035","","0.1711","C"
"4","Trait5","pKWmEB","PstI.TP544270"," 8","58554756","","0.4528","C"
"4","Trait5","pKWmEB","NsiI.TP167296"," 8","58557615","","0.3199","C"
"4","Trait5","pKWmEB","PstI.TP609957"," 8","58571401","","0.1907","A"
"4","Trait5","pKWmEB","PstI.TP824282"," 8","58573215","","0.3986","G"
"4","Trait5","pKWmEB","PstI.TP836276"," 8","58576029","","0.8252","C"
"4","Trait5","pKWmEB","PstI.TP239022"," 8","58605820","","1.1125","A"
"4","Trait5","pKWmEB","PstI.TP758934"," 8","58616074","","0.4296","A"
"4","Trait5","pKWmEB","NsiI.TP779420"," 8","58629300","","2.1305","C"
"4","Trait5","pKWmEB","PstI.TP727957"," 8","58629331","","0.1671","A"
"4","Trait5","pKWmEB","PstI.TP135047"," 8","58631343","","0.1986","A"
"4","Trait5","pKWmEB","PstI.TP904898"," 8","58688823","","0.9160","A"
"4","Trait5","pKWmEB","NsiI.TP773399"," 8","58699707","","0.1373","C"
"4","Trait5","pKWmEB","PstI.TP223037"," 8","58738274","","0.0210","A"
"4","Trait5","pKWmEB","PstI.TP239767"," 8","58756406","","0.6206","A"
"4","Trait5","pKWmEB","PstI.TP1239930"," 8","58760724","","0.0405","G"
"4","Trait5","pKWmEB","PstI.TP1038754"," 8","58785840","","0.0297","C"
"4","Trait5","pKWmEB","NsiI.TP570387"," 8","58823674","","1.1927","A"
"4","Trait5","pKWmEB","PstI.TP740995"," 8","58841632","","0.5033","C"
"4","Trait5","pKWmEB","PstI.TP798504"," 8","58863921","","0.0639","C"
"4","Trait5","pKWmEB","PstI.TP846611"," 8","58864921","","0.4067","A"
"4","Trait5","pKWmEB","PstI.TP1046729"," 8","58888202","","0.3255","A"
"4","Trait5","pKWmEB","PstI.TP69228"," 8","58891020","","0.2358","C"
"4","Trait5","pKWmEB","PstI.TP724051"," 8","58905865","","0.2779","C"
"4","Trait5","pKWmEB","NsiI.TP556010"," 8","58927792","","0.0935","C"
"4","Trait5","pKWmEB","NsiI.TP431959"," 8","58928827","","0.0562","A"
"4","Trait5","pKWmEB","NsiI.TP396956"," 8","58998596","","0.3828","A"
"4","Trait5","pKWmEB","NsiI.TP622191"," 8","59033567","","1.2232","G"
"4","Trait5","pKWmEB","NsiI.TP622196"," 8","59033570","","0.0949","A"
"4","Trait5","pKWmEB","NsiI.TP622194"," 8","59033582","","0.9751","C"
"4","Trait5","pKWmEB","PstI.TP976352"," 8","59033995","","0.2089","G"
"4","Trait5","pKWmEB","PstI.TP212156"," 8","59034088","","0.5713","A"
"4","Trait5","pKWmEB","NsiI.TP630003"," 8","59036123","","0.3588","C"
"4","Trait5","pKWmEB","NsiI.TP257798"," 8","59104697","","0.2581","C"
"4","Trait5","pKWmEB","PstI.TP1003726"," 8","59144857","","0.1925","G"
"4","Trait5","pKWmEB","NsiI.TP494632"," 8","59177350","","1.0701","C"
"4","Trait5","pKWmEB","PstI.TP920988"," 8","59203441","","1.5628","C"
"4","Trait5","pKWmEB","PstI.TP985980"," 8","59210713","","0.5923","A"
"4","Trait5","pKWmEB","NsiI.TP59680"," 8","59227997","","0.4717","C"
"4","Trait5","pKWmEB","NsiI.TP539019"," 8","59248152","","0.2400","G"
"4","Trait5","pKWmEB","PstI.TP315933"," 8","59252998","","0.7964","A"
"4","Trait5","pKWmEB","NsiI.TP84196"," 8","59254148","","0.7980","C"
"4","Trait5","pKWmEB","NsiI.TP438632"," 8","59267115","","0.2110","C"
"4","Trait5","pKWmEB","PstI.TP1271311"," 8","59289474","","0.4660","A"
"4","Trait5","pKWmEB","NsiI.TP226562"," 8","59296270","","1.2445","A"
"4","Trait5","pKWmEB","NsiI.TP301935"," 8","59296322","","0.0195","A"
"4","Trait5","pKWmEB","NsiI.TP505190"," 8","59308030","","0.0406","C"
"4","Trait5","pKWmEB","NsiI.TP378120"," 8","59325702","","0.1971","G"
"4","Trait5","pKWmEB","PstI.TP683086"," 8","59329399","","0.0046","G"
"4","Trait5","pKWmEB","PstI.TP22607"," 8","59337811","","0.4603","A"
"4","Trait5","pKWmEB","NsiI.TP592764"," 8","59351959","","0.2043","C"
"4","Trait5","pKWmEB","PstI.TP325668"," 8","59365700","","0.2260","A"
"4","Trait5","pKWmEB","PstI.TP12356"," 8","59365995","","0.1484","C"
"4","Trait5","pKWmEB","PstI.TP1269511"," 8","59384751","","0.1249","C"
"4","Trait5","pKWmEB","PstI.TP1156894"," 8","59426470","","1.6147","A"
"4","Trait5","pKWmEB","PstI.TP1131319"," 8","59436386","","0.0577","G"
"4","Trait5","pKWmEB","NsiI.TP741538"," 8","59582552","","0.0572","A"
"4","Trait5","pKWmEB","PstI.TP140089"," 8","59598122","","0.2959","A"
"4","Trait5","pKWmEB","PstI.TP320596"," 8","59673184","","0.1190","C"
"4","Trait5","pKWmEB","PstI.TP1286083"," 8","59701772","","0.7548","C"
"4","Trait5","pKWmEB","PstI.TP734535"," 8","59703274","","0.0913","C"
"4","Trait5","pKWmEB","NsiI.TP452471"," 8","59709291","","0.6419","C"
"4","Trait5","pKWmEB","PstI.TP937088"," 8","59762667","","0.0020","A"
"4","Trait5","pKWmEB","NsiI.TP368038"," 8","59783912","","0.1448","C"
"4","Trait5","pKWmEB","NsiI.TP671942"," 8","59803876","","0.0076","A"
"4","Trait5","pKWmEB","PstI.TP487012"," 8","59804023","","1.3042","C"
"4","Trait5","pKWmEB","NsiI.TP435608"," 8","59829349","","0.0370","C"
"4","Trait5","pKWmEB","PstI.TP45420"," 8","59829645","","0.6200","A"
"4","Trait5","pKWmEB","NsiI.TP623283"," 8","59831129","","0.2064","A"
"4","Trait5","pKWmEB","PstI.TP799676"," 8","59836522","","0.2146","A"
"4","Trait5","pKWmEB","PstI.TP961842"," 8","59838089","","0.6816","C"
"4","Trait5","pKWmEB","PstI.TP150888"," 8","59838098","","0.1757","A"
"4","Trait5","pKWmEB","NsiI.TP769208"," 8","59861321","","1.3114","A"
"4","Trait5","pKWmEB","PstI.TP686737"," 8","59901113","","0.1352","C"
"4","Trait5","pKWmEB","PstI.TP589468"," 8","59940785","","0.7213","A"
"4","Trait5","pKWmEB","PstI.TP487316"," 8","59968292","","0.7216","C"
"4","Trait5","pKWmEB","NsiI.TP719727"," 8","59975326","","0.9742","A"
"4","Trait5","pKWmEB","PstI.TP287194"," 8","59983699","","0.1815","A"
"4","Trait5","pKWmEB","PstI.TP1121090"," 8","60010525","","0.0465","G"
"4","Trait5","pKWmEB","NsiI.TP102916"," 8","60081027","","0.8153","C"
"4","Trait5","pKWmEB","PstI.TP794364"," 8","60136310","","0.4879","C"
"4","Trait5","pKWmEB","PstI.TP1030608"," 8","60202298","","0.1654","G"
"4","Trait5","pKWmEB","PstI.TP43108"," 8","60204357","","1.6100","C"
"4","Trait5","pKWmEB","NsiI.TP704487"," 8","60204843","","1.0134","A"
"4","Trait5","pKWmEB","PstI.TP112916"," 8","60207153","","0.1663","A"
"4","Trait5","pKWmEB","NsiI.TP454340"," 8","60214669","","0.1596","A"
"4","Trait5","pKWmEB","NsiI.TP511017"," 8","60244153","","0.1105","C"
"4","Trait5","pKWmEB","PstI.TP689237"," 8","60251186","","0.4212","A"
"4","Trait5","pKWmEB","NsiI.TP228828"," 8","60310078","","0.1920","C"
"4","Trait5","pKWmEB","PstI.TP704813"," 8","60344076","","0.2346","C"
"4","Trait5","pKWmEB","PstI.TP863552"," 8","60368284","","1.7324","C"
"4","Trait5","pKWmEB","PstI.TP172448"," 8","60371662","","1.1569","G"
"4","Trait5","pKWmEB","NsiI.TP701217"," 8","60371664","","2.0184","A"
"4","Trait5","pKWmEB","GFSSContig18297_1609"," 8","60382973","","0.1306","A"
"4","Trait5","pKWmEB","NsiI.TP208536"," 8","60383927","","0.4146","C"
"4","Trait5","pKWmEB","PstI.TP481860"," 8","60385095","","0.6558","C"
"4","Trait5","pKWmEB","PstI.TP962582"," 8","60385171","","0.5624","A"
"4","Trait5","pKWmEB","PstI.TP1160800"," 8","60392457","","0.2171","C"
"4","Trait5","pKWmEB","PstI.TP693475"," 8","60446485","","1.2438","A"
"4","Trait5","pKWmEB","NsiI.TP341043"," 8","60447845","","0.7813","A"
"4","Trait5","pKWmEB","NsiI.TP182496"," 8","60472469","","0.5423","C"
"4","Trait5","pKWmEB","PstI.TP268135"," 8","60518710","","1.9102","A"
"4","Trait5","pKWmEB","PstI.TP993788"," 8","60518710","","0.4249","A"
"4","Trait5","pKWmEB","PstI.TP90015"," 8","60529365","","0.0989","C"
"4","Trait5","pKWmEB","NsiI.TP763865"," 8","60532558","","0.3955","C"
"4","Trait5","pKWmEB","PstI.TP342343"," 8","60537164","","0.7815","A"
"4","Trait5","pKWmEB","PstI.TP284188"," 8","60547814","","0.3415","A"
"4","Trait5","pKWmEB","PstI.TP706588"," 8","60552786","","0.6351","A"
"4","Trait5","pKWmEB","PstI.TP319721"," 8","60552966","","0.7195","C"
"4","Trait5","pKWmEB","NsiI.TP474157"," 8","60565783","","0.6374","A"
"4","Trait5","pKWmEB","PstI.TP1146884"," 8","60576491","","0.0551","G"
"4","Trait5","pKWmEB","PstI.TP924996"," 8","60586341","","0.5076","C"
"4","Trait5","pKWmEB","PstI.TP171838"," 8","60587089","","0.5033","A"
"4","Trait5","pKWmEB","NsiI.TP275998"," 8","60590249","","0.1524","A"
"4","Trait5","pKWmEB","PstI.TP197033"," 8","60597236","","0.4065","C"
"4","Trait5","pKWmEB","NsiI.TP493585"," 8","60598424","","0.4599","A"
"4","Trait5","pKWmEB","NsiI.TP131252"," 8","60623726","","1.4767","C"
"4","Trait5","pKWmEB","PstI.TP759758"," 8","60633782","","0.2789","G"
"4","Trait5","pKWmEB","PstI.TP1228265"," 8","60633843","","0.7604","C"
"4","Trait5","pKWmEB","NsiI.TP406260"," 8","60654562","","0.0446","A"
"4","Trait5","pKWmEB","PstI.TP48145"," 8","60687073","","0.2605","A"
"4","Trait5","pKWmEB","NsiI.TP214131"," 8","60694487","","0.7121","A"
"4","Trait5","pKWmEB","NsiI.TP214130"," 8","60694496","","0.6135","C"
"4","Trait5","pKWmEB","PstI.TP964132"," 8","60714664","","0.2988","C"
"4","Trait5","pKWmEB","NsiI.TP616980"," 8","60729375","","0.2881","C"
"4","Trait5","pKWmEB","NsiI.TP26918"," 8","60734022","","0.4289","A"
"4","Trait5","pKWmEB","PstI.TP324363"," 8","60762429","","1.0992","C"
"4","Trait5","pKWmEB","NsiI.TP716462"," 8","60815356","","0.0337","A"
"4","Trait5","pKWmEB","PstI.TP528243"," 8","60828178","","0.9990","A"
"4","Trait5","pKWmEB","PstI.TP429557"," 8","60828792","","0.1804","A"
"4","Trait5","pKWmEB","NsiI.TP571708"," 8","60835702","","0.8095","G"
"4","Trait5","pKWmEB","PstI.TP779403"," 8","60876705","","0.3792","A"
"4","Trait5","pKWmEB","PstI.TP815324"," 8","60883297","","0.1192","G"
"4","Trait5","pKWmEB","PstI.TP1156402"," 8","60893348","","0.0209","C"
"4","Trait5","pKWmEB","PstI.TP475576"," 8","60894163","","0.0158","G"
"4","Trait5","pKWmEB","PstI.TP884723"," 8","60911298","","0.1693","C"
"4","Trait5","pKWmEB","PstI.TP339875"," 8","60926839","","0.1725","A"
"4","Trait5","pKWmEB","PstI.TP1143423"," 8","60930617","","0.5284","G"
"4","Trait5","pKWmEB","PstI.TP1166146"," 8","60933540","","0.0448","C"
"4","Trait5","pKWmEB","PstI.TP158752"," 8","60936949","","0.8014","G"
"4","Trait5","pKWmEB","PstI.TP158750"," 8","60936959","","0.6089","A"
"4","Trait5","pKWmEB","NsiI.TP735482"," 8","60948492","","0.3328","C"
"4","Trait5","pKWmEB","NsiI.TP429138"," 8","60948780","","0.2236","G"
"4","Trait5","pKWmEB","PstI.TP249196"," 8","60970122","","0.1153","A"
"4","Trait5","pKWmEB","PstI.TP654187"," 8","60983341","","0.8442","A"
"4","Trait5","pKWmEB","PstI.TP1064239"," 8","61023249","","0.1032","C"
"4","Trait5","pKWmEB","NsiI.TP438961"," 8","61043810","","0.8033","C"
"4","Trait5","pKWmEB","NsiI.TP20023"," 8","61059097","","0.2510","A"
"4","Trait5","pKWmEB","PstI.TP226110"," 8","61063703","","0.6302","A"
"4","Trait5","pKWmEB","PstI.TP647641"," 8","61103675","","0.0323","C"
"4","Trait5","pKWmEB","NsiI.TP536274"," 8","61103728","","0.2221","C"
"4","Trait5","pKWmEB","NsiI.TP693905"," 8","61137759","","0.7179","A"
"4","Trait5","pKWmEB","PstI.TP253397"," 8","61142703","","0.4971","A"
"4","Trait5","pKWmEB","PstI.TP1163604"," 8","61174936","","0.2064","A"
"4","Trait5","pKWmEB","NsiI.TP128535"," 8","61175162","","0.6949","C"
"4","Trait5","pKWmEB","PstI.TP358099"," 8","61209299","","0.1381","A"
"4","Trait5","pKWmEB","NsiI.TP819141"," 8","61304672","","0.1024","C"
"4","Trait5","pKWmEB","PstI.TP302747"," 8","61307098","","1.5230","C"
"4","Trait5","pKWmEB","PstI.TP576556"," 8","61385245","","0.0683","C"
"4","Trait5","pKWmEB","NsiI.TP475135"," 8","61404239","","0.5650","A"
"4","Trait5","pKWmEB","NsiI.TP812827"," 8","61410483","","0.6644","C"
"4","Trait5","pKWmEB","NsiI.TP464573"," 8","61413790","","0.2724","C"
"4","Trait5","pKWmEB","PstI.TP417818"," 8","61424776","","0.0803","C"
"4","Trait5","pKWmEB","PstI.TP417816"," 8","61424780","","0.3977","C"
"4","Trait5","pKWmEB","NsiI.TP416351"," 8","61500905","","0.1237","A"
"4","Trait5","pKWmEB","PstI.TP585059"," 8","61577589","","0.0285","C"
"4","Trait5","pKWmEB","PstI.TP802322"," 8","61606875","","0.0640","C"
"4","Trait5","pKWmEB","NsiI.TP778061"," 8","61612068","","0.7162","G"
"4","Trait5","pKWmEB","PstI.TP746562"," 8","61612541","","0.2288","A"
"4","Trait5","pKWmEB","NsiI.TP465375"," 8","61636057","","0.0531","A"
"4","Trait5","pKWmEB","PstI.TP174587"," 8","61645695","","0.1276","A"
"4","Trait5","pKWmEB","NsiI.TP729036"," 8","61645703","","0.0204","A"
"4","Trait5","pKWmEB","NsiI.TP779391"," 8","61651324","","0.0659","C"
"4","Trait5","pKWmEB","NsiI.TP164779"," 8","61655114","","1.3941","A"
"4","Trait5","pKWmEB","PstI.TP692921"," 8","61811541","","0.3514","A"
"4","Trait5","pKWmEB","PstI.TP848616"," 8","61821597","","0.1298","A"
"4","Trait5","pKWmEB","NsiI.TP323020"," 8","61834042","","2.3067","C"
"4","Trait5","pKWmEB","PstI.TP400053"," 8","61865024","","0.1935","C"
"4","Trait5","pKWmEB","NsiI.TP139706"," 8","61912434","","1.0562","A"
"4","Trait5","pKWmEB","PstI.TP161086"," 8","61954442","","0.1076","A"
"4","Trait5","pKWmEB","PstI.TP223655"," 8","61982392","","0.4341","A"
"4","Trait5","pKWmEB","GFSSContig20436_3127"," 8","61985219","","0.7049","T"
"4","Trait5","pKWmEB","PstI.TP522019"," 8","61986159","","0.0785","C"
"4","Trait5","pKWmEB","PstI.TP522018"," 8","61986171","","0.2020","A"
"4","Trait5","pKWmEB","NsiI.TP558275"," 8","61989511","","0.0038","C"
"4","Trait5","pKWmEB","NsiI.TP489532"," 8","62012376","","0.6682","A"
"4","Trait5","pKWmEB","NsiI.TP555789"," 8","62057877","","0.5986","G"
"4","Trait5","pKWmEB","PstI.TP1074320"," 8","62110700","","0.1771","A"
"4","Trait5","pKWmEB","PstI.TP1043204"," 8","62111437","","0.9281","A"
"4","Trait5","pKWmEB","PstI.TP990909"," 8","62111760","","0.4537","C"
"4","Trait5","pKWmEB","PstI.TP42823"," 8","62111805","","0.2130","C"
"4","Trait5","pKWmEB","NsiI.TP489338"," 8","62113415","","0.0835","A"
"4","Trait5","pKWmEB","NsiI.TP552877"," 8","62121059","","0.6182","A"
"4","Trait5","pKWmEB","PstI.TP434206"," 8","62133236","","1.0527","C"
"4","Trait5","pKWmEB","PstI.TP156491"," 8","62158572","","0.3756","A"
"4","Trait5","pKWmEB","PstI.TP179472"," 8","62166818","","0.3224","A"
"4","Trait5","pKWmEB","NsiI.TP616628"," 8","62167326","","0.0904","G"
"4","Trait5","pKWmEB","PstI.TP247595"," 8","62171086","","0.2123","A"
"4","Trait5","pKWmEB","NsiI.TP203685"," 8","62171235","","0.4052","A"
"4","Trait5","pKWmEB","PstI.TP186223"," 8","62187948","","0.0850","A"
"4","Trait5","pKWmEB","NsiI.TP374610"," 8","62192435","","0.0105","C"
"4","Trait5","pKWmEB","PstI.TP416974"," 8","62207607","","0.4163","A"
"4","Trait5","pKWmEB","NsiI.TP424080"," 8","62210912","","0.0876","A"
"4","Trait5","pKWmEB","PstI.TP646559"," 8","62211239","","0.2389","A"
"4","Trait5","pKWmEB","NsiI.TP738649"," 8","62216976","","0.4885","A"
"4","Trait5","pKWmEB","NsiI.TP415547"," 8","62220173","","0.1781","A"
"4","Trait5","pKWmEB","NsiI.TP415548"," 8","62220184","","0.0358","A"
"4","Trait5","pKWmEB","NsiI.TP533978"," 8","62224635","","0.5190","C"
"4","Trait5","pKWmEB","NsiI.TP370742"," 8","62258814","","0.1082","A"
"4","Trait5","pKWmEB","PstI.TP881035"," 8","62310101","","0.1509","C"
"4","Trait5","pKWmEB","PstI.TP428924"," 8","62311991","","0.9837","C"
"4","Trait5","pKWmEB","PstI.TP112712"," 8","62314513","","0.5566","C"
"4","Trait5","pKWmEB","PstI.TP112716"," 8","62314520","","0.0040","G"
"4","Trait5","pKWmEB","PstI.TP1179013"," 8","62322978","","0.1839","A"
"4","Trait5","pKWmEB","NsiI.TP48231"," 8","62326534","","0.3288","C"
"4","Trait5","pKWmEB","PstI.TP319520"," 8","62331057","","0.4490","C"
"4","Trait5","pKWmEB","PstI.TP891016"," 8","62380437","","0.6620","A"
"4","Trait5","pKWmEB","NsiI.TP719971"," 8","62397917","","0.0492","A"
"4","Trait5","pKWmEB","NsiI.TP244432"," 8","62444212","","0.9198","C"
"4","Trait5","pKWmEB","PstI.TP920118"," 8","62445057","","1.0148","A"
"4","Trait5","pKWmEB","PstI.TP112608"," 8","62470205","","0.1289","A"
"4","Trait5","pKWmEB","PstI.TP119781"," 8","62470210","","0.2173","C"
"4","Trait5","pKWmEB","NsiI.TP90528"," 8","62471416","","0.0176","A"
"4","Trait5","pKWmEB","NsiI.TP38074"," 8","62478575","","0.4095","G"
"4","Trait5","pKWmEB","PstI.TP280688"," 8","62498952","","0.4291","A"
"4","Trait5","pKWmEB","NsiI.TP255668"," 8","62512133","","0.0862","A"
"4","Trait5","pKWmEB","PstI.TP675693"," 8","62523888","","0.6003","A"
"4","Trait5","pKWmEB","NsiI.TP529352"," 8","62523888","","0.1189","A"
"4","Trait5","pKWmEB","PstI.TP151443"," 8","62526310","","0.3628","C"
"4","Trait5","pKWmEB","NsiI.TP463242"," 8","62535183","","0.2496","C"
"4","Trait5","pKWmEB","NsiI.TP42003"," 8","62544570","","0.4131","A"
"4","Trait5","pKWmEB","NsiI.TP442700"," 8","62545114","","0.1350","A"
"4","Trait5","pKWmEB","NsiI.TP321679"," 8","62552422","","0.4622","A"
"4","Trait5","pKWmEB","NsiI.TP232290"," 8","62560851","","0.3220","A"
"4","Trait5","pKWmEB","NsiI.TP337194"," 8","62573170","","0.6480","A"
"4","Trait5","pKWmEB","PstI.TP176223"," 8","62588546","","0.3454","C"
"4","Trait5","pKWmEB","PstI.TP107240"," 8","62622087","","0.2126","A"
"4","Trait5","pKWmEB","PstI.TP988785"," 8","62628832","","0.0272","A"
"4","Trait5","pKWmEB","PstI.TP988781"," 8","62628857","","0.2479","C"
"4","Trait5","pKWmEB","PstI.TP205788"," 8","62641561","","0.2133","C"
"4","Trait5","pKWmEB","NsiI.TP709938"," 8","62649664","","1.0233","C"
"4","Trait5","pKWmEB","PstI.TP731358"," 8","62664658","","1.2162","A"
"4","Trait5","pKWmEB","PstI.TP373660"," 8","62666468","","0.7457","A"
"4","Trait5","pKWmEB","NsiI.TP402981"," 9","   30092","","1.1969","C"
"4","Trait5","pKWmEB","GFSSContig16444_1496"," 9","   46388","","0.6603","C"
"4","Trait5","pKWmEB","NsiI.TP349989"," 9","   48138","","0.9059","A"
"4","Trait5","pKWmEB","NsiI.TP358628"," 9","   48507","","0.4879","G"
"4","Trait5","pKWmEB","GFSSContig17231_501"," 9","   56978","","0.0879","T"
"4","Trait5","pKWmEB","PstI.TP419246"," 9","   86787","","0.5221","C"
"4","Trait5","pKWmEB","NsiI.TP769922"," 9","   87640","","0.0657","C"
"4","Trait5","pKWmEB","NsiI.TP369364"," 9","   89651","","0.3539","C"
"4","Trait5","pKWmEB","PstI.TP646044"," 9","   89652","","0.3283","C"
"4","Trait5","pKWmEB","NsiI.TP687111"," 9","   89753","","0.6285","A"
"4","Trait5","pKWmEB","NsiI.TP687112"," 9","   89767","","0.5873","A"
"4","Trait5","pKWmEB","PstI.TP826556"," 9","  108117","","0.1931","C"
"4","Trait5","pKWmEB","PstI.TP626274"," 9","  149728","","0.0626","A"
"4","Trait5","pKWmEB","PstI.TP731328"," 9","  150056","","0.7558","A"
"4","Trait5","pKWmEB","NsiI.TP608372"," 9","  152998","","0.4931","G"
"4","Trait5","pKWmEB","NsiI.TP519457"," 9","  153010","","0.3994","C"
"4","Trait5","pKWmEB","PstI.TP1144529"," 9","  169987","","0.8382","G"
"4","Trait5","pKWmEB","PstI.TP22734"," 9","  179300","","0.3357","G"
"4","Trait5","pKWmEB","PstI.TP477735"," 9","  181369","","0.2389","A"
"4","Trait5","pKWmEB","PstI.TP477750"," 9","  181388","","0.1134","C"
"4","Trait5","pKWmEB","PstI.TP301385"," 9","  195894","","0.2782","A"
"4","Trait5","pKWmEB","PstI.TP116851"," 9","  200152","","0.7646","C"
"4","Trait5","pKWmEB","NsiI.TP663116"," 9","  209310","","0.4840","A"
"4","Trait5","pKWmEB","NsiI.TP737833"," 9","  220456","","0.4259","C"
"4","Trait5","pKWmEB","NsiI.TP39864"," 9","  223824","","2.3560","A"
"4","Trait5","pKWmEB","NsiI.TP16754"," 9","  232741","","0.6673","C"
"4","Trait5","pKWmEB","PstI.TP237266"," 9","  233777","","1.4963","A"
"4","Trait5","pKWmEB","NsiI.TP190125"," 9","  242395","","0.6389","C"
"4","Trait5","pKWmEB","PstI.TP774948"," 9","  243415","","0.2737","C"
"4","Trait5","pKWmEB","NsiI.TP130578"," 9","  371128","","0.3304","A"
"4","Trait5","pKWmEB","PstI.TP28567"," 9","  378356","","0.0938","G"
"4","Trait5","pKWmEB","PstI.TP485486"," 9","  389559","","0.1582","C"
"4","Trait5","pKWmEB","PstI.TP1261817"," 9","  475687","","0.2314","C"
"4","Trait5","pKWmEB","PstI.TP295455"," 9","  513546","","0.7906","A"
"4","Trait5","pKWmEB","PstI.TP811441"," 9","  514654","","0.2320","C"
"4","Trait5","pKWmEB","NsiI.TP121601"," 9","  553894","","0.0842","A"
"4","Trait5","pKWmEB","PstI.TP795071"," 9","  558879","","0.0547","C"
"4","Trait5","pKWmEB","PstI.TP795074"," 9","  564192","","0.1606","G"
"4","Trait5","pKWmEB","NsiI.TP740510"," 9","  565077","","0.2645","G"
"4","Trait5","pKWmEB","PstI.TP26215"," 9","  583262","","2.9695","C"
"4","Trait5","pKWmEB","PstI.TP642882"," 9","  584474","","0.1111","A"
"4","Trait5","pKWmEB","PstI.TP51332"," 9","  718674","","0.1639","A"
"4","Trait5","pKWmEB","PstI.TP79751"," 9","  748032","","0.6238","A"
"4","Trait5","pKWmEB","NsiI.TP426369"," 9","  759492","","0.6350","C"
"4","Trait5","pKWmEB","NsiI.TP808261"," 9","  769198","","0.3298","C"
"4","Trait5","pKWmEB","PstI.TP862775"," 9","  773151","","1.7159","A"
"4","Trait5","pKWmEB","PstI.TP1050510"," 9","  775588","","0.0639","A"
"4","Trait5","pKWmEB","NsiI.TP747730"," 9","  779226","","0.0752","A"
"4","Trait5","pKWmEB","PstI.TP1171678"," 9","  784913","","0.2604","G"
"4","Trait5","pKWmEB","PstI.TP404485"," 9","  787361","","0.2323","C"
"4","Trait5","pKWmEB","PstI.TP58832"," 9","  814396","","0.0348","C"
"4","Trait5","pKWmEB","PstI.TP1114932"," 9","  815088","","0.7575","C"
"4","Trait5","pKWmEB","PstI.TP277254"," 9","  815106","","0.3437","C"
"4","Trait5","pKWmEB","PstI.TP106000"," 9","  850812","","0.3900","C"
"4","Trait5","pKWmEB","PstI.TP987932"," 9","  903489","","0.0303","C"
"4","Trait5","pKWmEB","NsiI.TP707682"," 9","  903653","","0.2427","A"
"4","Trait5","pKWmEB","NsiI.TP361676"," 9","  917380","","0.5234","C"
"4","Trait5","pKWmEB","PstI.TP67551"," 9","  971562","","0.1205","A"
"4","Trait5","pKWmEB","NsiI.TP497627"," 9","  978343","","0.1909","A"
"4","Trait5","pKWmEB","PstI.TP1011137"," 9","  991795","","0.2337","A"
"4","Trait5","pKWmEB","PstI.TP458238"," 9","  991884","","0.1637","A"
"4","Trait5","pKWmEB","NsiI.TP386703"," 9","  994615","","0.5638","G"
"4","Trait5","pKWmEB","PstI.TP1234433"," 9"," 1002662","","0.6880","G"
"4","Trait5","pKWmEB","PstI.TP1155926"," 9"," 1005275","","0.1962","A"
"4","Trait5","pKWmEB","NsiI.TP315437"," 9"," 1033850","","0.7771","C"
"4","Trait5","pKWmEB","PstI.TP300118"," 9"," 1044393","","0.6345","C"
"4","Trait5","pKWmEB","NsiI.TP417103"," 9"," 1044754","","0.3313","A"
"4","Trait5","pKWmEB","PstI.TP256852"," 9"," 1065898","","0.0531","C"
"4","Trait5","pKWmEB","PstI.TP611342"," 9"," 1071399","","0.5221","A"
"4","Trait5","pKWmEB","PstI.TP611180"," 9"," 1071409","","1.4016","C"
"4","Trait5","pKWmEB","NsiI.TP773851"," 9"," 1073327","","0.7367","C"
"4","Trait5","pKWmEB","PstI.TP387322"," 9"," 1080184","","0.2370","C"
"4","Trait5","pKWmEB","PstI.TP719095"," 9"," 1109109","","0.4405","C"
"4","Trait5","pKWmEB","PstI.TP1147849"," 9"," 1182503","","0.8696","C"
"4","Trait5","pKWmEB","PstI.TP19542"," 9"," 1182550","","0.7645","A"
"4","Trait5","pKWmEB","NsiI.TP369415"," 9"," 1188421","","0.1886","A"
"4","Trait5","pKWmEB","NsiI.TP38108"," 9"," 1190976","","0.1286","A"
"4","Trait5","pKWmEB","PstI.TP71323"," 9"," 1196322","","0.5218","A"
"4","Trait5","pKWmEB","PstI.TP109379"," 9"," 1199640","","0.0385","A"
"4","Trait5","pKWmEB","PstI.TP175561"," 9"," 1207330","","0.0600","C"
"4","Trait5","pKWmEB","NsiI.TP434931"," 9"," 1216196","","0.3261","A"
"4","Trait5","pKWmEB","NsiI.TP582366"," 9"," 1238023","","0.1735","A"
"4","Trait5","pKWmEB","PstI.TP671834"," 9"," 1241779","","0.6580","C"
"4","Trait5","pKWmEB","NsiI.TP164111"," 9"," 1252209","","0.2747","C"
"4","Trait5","pKWmEB","PstI.TP1084687"," 9"," 1258085","","0.0440","A"
"4","Trait5","pKWmEB","NsiI.TP659393"," 9"," 1282551","","0.5144","A"
"4","Trait5","pKWmEB","PstI.TP97264"," 9"," 1289669","","0.5592","A"
"4","Trait5","pKWmEB","PstI.TP189035"," 9"," 1311048","","0.2501","C"
"4","Trait5","pKWmEB","GFSSContig20039_958"," 9"," 1321687","","0.4837","A"
"4","Trait5","pKWmEB","NsiI.TP268905"," 9"," 1323864","","0.5343","A"
"4","Trait5","pKWmEB","PstI.TP890773"," 9"," 1435661","","0.0431","A"
"4","Trait5","pKWmEB","PstI.TP1276949"," 9"," 1475938","","1.2371","C"
"4","Trait5","pKWmEB","PstI.TP1038684"," 9"," 1477821","","0.0519","C"
"4","Trait5","pKWmEB","NsiI.TP145547"," 9"," 1500965","","0.2875","G"
"4","Trait5","pKWmEB","PstI.TP740140"," 9"," 1528558","","2.0694","G"
"4","Trait5","pKWmEB","PstI.TP146435"," 9"," 1542296","","0.4909","C"
"4","Trait5","pKWmEB","NsiI.TP396646"," 9"," 1557391","","0.0208","G"
"4","Trait5","pKWmEB","GFSSContig9146_190"," 9"," 1619434","","0.2107","A"
"4","Trait5","pKWmEB","PstI.TP463129"," 9"," 1621136","","0.3583","C"
"4","Trait5","pKWmEB","PstI.TP419219"," 9"," 1650258","","0.2043","A"
"4","Trait5","pKWmEB","PstI.TP1150566"," 9"," 1671674","","1.1826","C"
"4","Trait5","pKWmEB","PstI.TP723650"," 9"," 1697929","","0.0785","C"
"4","Trait5","pKWmEB","PstI.TP1013450"," 9"," 1698881","","1.0745","C"
"4","Trait5","pKWmEB","GFSSContig15396_715"," 9"," 1730629","","0.0052","A"
"4","Trait5","pKWmEB","PstI.TP904714"," 9"," 1730741","","0.0394","C"
"4","Trait5","pKWmEB","PstI.TP1236808"," 9"," 1739350","","0.2239","A"
"4","Trait5","pKWmEB","PstI.TP331576"," 9"," 1757096","","0.0831","A"
"4","Trait5","pKWmEB","PstI.TP1069381"," 9"," 1785690","","0.0619","G"
"4","Trait5","pKWmEB","PstI.TP227932"," 9"," 1786301","","0.1145","C"
"4","Trait5","pKWmEB","PstI.TP173250"," 9"," 1824633","","0.2385","G"
"4","Trait5","pKWmEB","PstI.TP12920"," 9"," 1839818","","0.4993","C"
"4","Trait5","pKWmEB","PstI.TP30938"," 9"," 1841846","","0.2899","C"
"4","Trait5","pKWmEB","PstI.TP338249"," 9"," 1847859","","0.1239","C"
"4","Trait5","pKWmEB","PstI.TP974644"," 9"," 1852263","","0.0350","C"
"4","Trait5","pKWmEB","PstI.TP688753"," 9"," 1861171","","0.4417","A"
"4","Trait5","pKWmEB","NsiI.TP40541"," 9"," 1908949","","0.8845","C"
"4","Trait5","pKWmEB","PstI.TP1077282"," 9"," 1942939","","0.9547","A"
"4","Trait5","pKWmEB","PstI.TP723544"," 9"," 1942972","","2.8403","A"
"4","Trait5","pKWmEB","NsiI.TP655390"," 9"," 1948713","","0.5781","G"
"4","Trait5","pKWmEB","PstI.TP28660"," 9"," 1970845","","0.8526","A"
"4","Trait5","pKWmEB","NsiI.TP189113"," 9"," 1975571","","0.3500","A"
"4","Trait5","pKWmEB","PstI.TP345357"," 9"," 1992147","","0.3637","G"
"4","Trait5","pKWmEB","PstI.TP385757"," 9"," 2049103","","0.3555","A"
"4","Trait5","pKWmEB","PstI.TP499508"," 9"," 2049109","","1.0908","A"
"4","Trait5","pKWmEB","PstI.TP385794"," 9"," 2049128","","0.2327","A"
"4","Trait5","pKWmEB","PstI.TP613754"," 9"," 2094002","","0.2052","G"
"4","Trait5","pKWmEB","PstI.TP343617"," 9"," 2097217","","0.6089","C"
"4","Trait5","pKWmEB","PstI.TP350614"," 9"," 2097298","","0.3285","A"
"4","Trait5","pKWmEB","PstI.TP1056346"," 9"," 2101986","","0.1163","A"
"4","Trait5","pKWmEB","NsiI.TP146498"," 9"," 2108493","","0.0830","C"
"4","Trait5","pKWmEB","PstI.TP638760"," 9"," 2126340","","0.7164","A"
"4","Trait5","pKWmEB","NsiI.TP412626"," 9"," 2130077","","1.2703","C"
"4","Trait5","pKWmEB","GFSSContig14673_1168"," 9"," 2134478","","1.3246","T"
"4","Trait5","pKWmEB","PstI.TP298458"," 9"," 2136149","","0.1940","A"
"4","Trait5","pKWmEB","GFk25ctg2814516_120"," 9"," 2137098","","0.2698","A"
"4","Trait5","pKWmEB","PstI.TP682870"," 9"," 2146242","","0.2872","C"
"4","Trait5","pKWmEB","PstI.TP1279660"," 9"," 2170508","","0.5144","C"
"4","Trait5","pKWmEB","NsiI.TP364774"," 9"," 2221495","","3.1204","C"
"4","Trait5","pKWmEB","PstI.TP36816"," 9"," 2230929","","0.1612","G"
"4","Trait5","pKWmEB","PstI.TP36829"," 9"," 2230946","","0.1385","A"
"4","Trait5","pKWmEB","PstI.TP1293171"," 9"," 2255602","","0.0153","C"
"4","Trait5","pKWmEB","PstI.TP1202850"," 9"," 2285434","","0.1231","C"
"4","Trait5","pKWmEB","PstI.TP40602"," 9"," 2295429","","0.7137","C"
"4","Trait5","pKWmEB","NsiI.TP115634"," 9"," 2310475","","0.0481","A"
"4","Trait5","pKWmEB","PstI.TP1069978"," 9"," 2327403","","0.2007","G"
"4","Trait5","pKWmEB","PstI.TP1185359"," 9"," 2350553","","0.3468","A"
"4","Trait5","pKWmEB","PstI.TP215460"," 9"," 2357008","","1.4387","C"
"4","Trait5","pKWmEB","PstI.TP654004"," 9"," 2357362","","0.4069","C"
"4","Trait5","pKWmEB","PstI.TP968019"," 9"," 2402808","","1.1906","C"
"4","Trait5","pKWmEB","NsiI.TP217014"," 9"," 2409071","","0.0133","C"
"4","Trait5","pKWmEB","NsiI.TP243369"," 9"," 2410704","","0.0577","G"
"4","Trait5","pKWmEB","PstI.TP765034"," 9"," 2434575","","0.2533","A"
"4","Trait5","pKWmEB","PstI.TP769847"," 9"," 2435845","","1.1962","A"
"4","Trait5","pKWmEB","PstI.TP393539"," 9"," 2442283","","0.3110","A"
"4","Trait5","pKWmEB","NsiI.TP393480"," 9"," 2444316","","0.5219","A"
"4","Trait5","pKWmEB","NsiI.TP521146"," 9"," 2480204","","0.3521","C"
"4","Trait5","pKWmEB","NsiI.TP709887"," 9"," 2527994","","0.0701","C"
"4","Trait5","pKWmEB","NsiI.TP749716"," 9"," 2551477","","0.5160","A"
"4","Trait5","pKWmEB","PstI.TP950431"," 9"," 2552110","","0.1032","A"
"4","Trait5","pKWmEB","NsiI.TP146512"," 9"," 2562923","","0.9042","C"
"4","Trait5","pKWmEB","NsiI.TP773754"," 9"," 2569351","","1.0064","A"
"4","Trait5","pKWmEB","PstI.TP1055889"," 9"," 2604586","","0.2691","A"
"4","Trait5","pKWmEB","PstI.TP18963"," 9"," 2617306","","1.6278","C"
"4","Trait5","pKWmEB","PstI.TP18961"," 9"," 2617311","","0.8595","A"
"4","Trait5","pKWmEB","PstI.TP1293335"," 9"," 2621340","","0.0579","A"
"4","Trait5","pKWmEB","GFSSContig13472_457"," 9"," 2633667","","2.0224","A"
"4","Trait5","pKWmEB","PstI.TP856433"," 9"," 2644237","","0.2047","G"
"4","Trait5","pKWmEB","PstI.TP533205"," 9"," 2659092","","0.0361","A"
"4","Trait5","pKWmEB","NsiI.TP38877"," 9"," 2690819","","1.1239","A"
"4","Trait5","pKWmEB","PstI.TP1170746"," 9"," 2697292","","0.5032","C"
"4","Trait5","pKWmEB","NsiI.TP78835"," 9"," 2710143","","0.3245","A"
"4","Trait5","pKWmEB","PstI.TP783031"," 9"," 2715261","","0.6274","A"
"4","Trait5","pKWmEB","PstI.TP966738"," 9"," 2715568","","0.0773","A"
"4","Trait5","pKWmEB","PstI.TP217628"," 9"," 2723162","","0.1039","A"
"4","Trait5","pKWmEB","PstI.TP377620"," 9"," 2735069","","0.5609","A"
"4","Trait5","pKWmEB","NsiI.TP759466"," 9"," 2750007","","1.3089","A"
"4","Trait5","pKWmEB","NsiI.TP426590"," 9"," 2752496","","0.1247","A"
"4","Trait5","pKWmEB","PstI.TP87305"," 9"," 2769065","","0.5860","A"
"4","Trait5","pKWmEB","NsiI.TP564085"," 9"," 2823579","","1.3813","A"
"4","Trait5","pKWmEB","PstI.TP862144"," 9"," 2857100","","0.4222","A"
"4","Trait5","pKWmEB","PstI.TP30429"," 9"," 2858068","","0.1128","G"
"4","Trait5","pKWmEB","NsiI.TP753852"," 9"," 2876948","","0.8088","C"
"4","Trait5","pKWmEB","PstI.TP19433"," 9"," 2889851","","1.1834","G"
"4","Trait5","pKWmEB","NsiI.TP619168"," 9"," 2902011","","0.3974","C"
"4","Trait5","pKWmEB","PstI.TP892917"," 9"," 2929664","","0.3976","G"
"4","Trait5","pKWmEB","PstI.TP869432"," 9"," 2930135","","0.7789","C"
"4","Trait5","pKWmEB","PstI.TP309471"," 9"," 2930833","","0.0657","A"
"4","Trait5","pKWmEB","PstI.TP299521"," 9"," 2932954","","0.8077","C"
"4","Trait5","pKWmEB","NsiI.TP6019"," 9"," 2939838","","0.1999","G"
"4","Trait5","pKWmEB","PstI.TP344585"," 9"," 2944956","","0.7072","G"
"4","Trait5","pKWmEB","PstI.TP860380"," 9"," 2948855","","0.0608","C"
"4","Trait5","pKWmEB","NsiI.TP217319"," 9"," 2951300","","0.5243","A"
"4","Trait5","pKWmEB","PstI.TP299726"," 9"," 2970040","","1.0263","A"
"4","Trait5","pKWmEB","PstI.TP1125765"," 9"," 3017168","","0.7379","C"
"4","Trait5","pKWmEB","NsiI.TP23072"," 9"," 3025468","","0.8755","A"
"4","Trait5","pKWmEB","PstI.TP722093"," 9"," 3026606","","0.4294","A"
"4","Trait5","pKWmEB","NsiI.TP149327"," 9"," 3030965","","0.0465","A"
"4","Trait5","pKWmEB","PstI.TP1203096"," 9"," 3048818","","1.2602","G"
"4","Trait5","pKWmEB","NsiI.TP799645"," 9"," 3055749","","0.3421","C"
"4","Trait5","pKWmEB","PstI.TP470540"," 9"," 3083248","","0.0305","A"
"4","Trait5","pKWmEB","PstI.TP23124"," 9"," 3087102","","0.6364","A"
"4","Trait5","pKWmEB","PstI.TP1010641"," 9"," 3138386","","0.2109","C"
"4","Trait5","pKWmEB","NsiI.TP408143"," 9"," 3139194","","0.1981","A"
"4","Trait5","pKWmEB","PstI.TP697306"," 9"," 3161603","","0.9921","C"
"4","Trait5","pKWmEB","PstI.TP167522"," 9"," 3164781","","0.3903","A"
"4","Trait5","pKWmEB","PstI.TP418657"," 9"," 3167458","","0.8134","A"
"4","Trait5","pKWmEB","PstI.TP933055"," 9"," 3167487","","0.7514","C"
"4","Trait5","pKWmEB","NsiI.TP363869"," 9"," 3175815","","0.8325","A"
"4","Trait5","pKWmEB","PstI.TP550408"," 9"," 3176103","","0.0492","C"
"4","Trait5","pKWmEB","PstI.TP1218530"," 9"," 3177849","","0.0580","A"
"4","Trait5","pKWmEB","PstI.TP75281"," 9"," 3177941","","0.1032","A"
"4","Trait5","pKWmEB","NsiI.TP126131"," 9"," 3184582","","0.2542","A"
"4","Trait5","pKWmEB","NsiI.TP39617"," 9"," 3185748","","0.6475","C"
"4","Trait5","pKWmEB","NsiI.TP76301"," 9"," 3185801","","0.0465","G"
"4","Trait5","pKWmEB","PstI.TP67754"," 9"," 3194000","","0.0838","G"
"4","Trait5","pKWmEB","NsiI.TP805484"," 9"," 3215088","","1.8706","A"
"4","Trait5","pKWmEB","PstI.TP857242"," 9"," 3217600","","0.9270","C"
"4","Trait5","pKWmEB","NsiI.TP687239"," 9"," 3224330","","0.8206","G"
"4","Trait5","pKWmEB","NsiI.TP566316"," 9"," 3226677","","0.1735","A"
"4","Trait5","pKWmEB","PstI.TP189568"," 9"," 3236820","","0.1180","A"
"4","Trait5","pKWmEB","NsiI.TP121347"," 9"," 3259334","","0.9419","C"
"4","Trait5","pKWmEB","PstI.TP779630"," 9"," 3265778","","0.3786","C"
"4","Trait5","pKWmEB","PstI.TP901954"," 9"," 3265857","","0.2839","C"
"4","Trait5","pKWmEB","NsiI.TP454424"," 9"," 3272400","","0.0862","C"
"4","Trait5","pKWmEB","NsiI.TP83538"," 9"," 3301367","","0.6196","C"
"4","Trait5","pKWmEB","PstI.TP290387"," 9"," 3312855","","0.0635","A"
"4","Trait5","pKWmEB","PstI.TP1107519"," 9"," 3315165","","0.3557","A"
"4","Trait5","pKWmEB","PstI.TP312141"," 9"," 3384285","","0.1137","C"
"4","Trait5","pKWmEB","NsiI.TP350980"," 9"," 3390077","","0.0413","A"
"4","Trait5","pKWmEB","NsiI.TP224100"," 9"," 3423752","","0.3937","A"
"4","Trait5","pKWmEB","NsiI.TP224099"," 9"," 3423764","","0.0934","G"
"4","Trait5","pKWmEB","PstI.TP183781"," 9"," 3473483","","1.3008","C"
"4","Trait5","pKWmEB","NsiI.TP266616"," 9"," 3490506","","0.1975","A"
"4","Trait5","pKWmEB","PstI.TP647115"," 9"," 3490723","","1.1081","A"
"4","Trait5","pKWmEB","PstI.TP1044719"," 9"," 3508289","","0.0798","A"
"4","Trait5","pKWmEB","NsiI.TP282949"," 9"," 3514826","","0.9411","C"
"4","Trait5","pKWmEB","PstI.TP882078"," 9"," 3541070","","0.1070","A"
"4","Trait5","pKWmEB","NsiI.TP12009"," 9"," 3549965","","0.7121","A"
"4","Trait5","pKWmEB","NsiI.TP228708"," 9"," 3571182","","0.0260","G"
"4","Trait5","pKWmEB","NsiI.TP593377"," 9"," 3592144","","1.1014","A"
"4","Trait5","pKWmEB","PstI.TP227114"," 9"," 3606281","","0.2937","A"
"4","Trait5","pKWmEB","PstI.TP1072337"," 9"," 3619179","","0.1465","A"
"4","Trait5","pKWmEB","PstI.TP256718"," 9"," 3619750","","0.6584","A"
"4","Trait5","pKWmEB","NsiI.TP65376"," 9"," 3620487","","0.0603","A"
"4","Trait5","pKWmEB","PstI.TP320459"," 9"," 3620967","","0.2946","C"
"4","Trait5","pKWmEB","PstI.TP224586"," 9"," 3713116","","0.3464","A"
"4","Trait5","pKWmEB","PstI.TP29067"," 9"," 3713177","","1.3417","G"
"4","Trait5","pKWmEB","PstI.TP797425"," 9"," 3765647","","0.3893","C"
"4","Trait5","pKWmEB","PstI.TP324509"," 9"," 3767476","","0.0911","C"
"4","Trait5","pKWmEB","PstI.TP444737"," 9"," 3780798","","0.1273","C"
"4","Trait5","pKWmEB","NsiI.TP653645"," 9"," 3806620","","0.9338","C"
"4","Trait5","pKWmEB","NsiI.TP662115"," 9"," 3816187","","0.0010","C"
"4","Trait5","pKWmEB","PstI.TP752361"," 9"," 3829005","","1.0233","A"
"4","Trait5","pKWmEB","PstI.TP799988"," 9"," 3884844","","0.0136","C"
"4","Trait5","pKWmEB","PstI.TP742405"," 9"," 3885435","","0.4234","A"
"4","Trait5","pKWmEB","NsiI.TP302715"," 9"," 3923583","","0.0833","A"
"4","Trait5","pKWmEB","NsiI.TP694043"," 9"," 3946549","","1.8203","A"
"4","Trait5","pKWmEB","NsiI.TP497959"," 9"," 3959044","","0.4619","A"
"4","Trait5","pKWmEB","NsiI.TP122648"," 9"," 3961903","","0.2621","C"
"4","Trait5","pKWmEB","PstI.TP41403"," 9"," 4058520","","0.7152","C"
"4","Trait5","pKWmEB","PstI.TP128126"," 9"," 4072720","","0.1379","A"
"4","Trait5","pKWmEB","NsiI.TP759778"," 9"," 4087435","","0.3393","C"
"4","Trait5","pKWmEB","NsiI.TP705857"," 9"," 4088264","","0.0248","A"
"4","Trait5","pKWmEB","NsiI.TP450118"," 9"," 4094047","","0.8139","A"
"4","Trait5","pKWmEB","NsiI.TP826143"," 9"," 4096521","","0.1054","G"
"4","Trait5","pKWmEB","PstI.TP545376"," 9"," 4103280","","0.7558","C"
"4","Trait5","pKWmEB","PstI.TP905096"," 9"," 4104506","","1.0372","A"
"4","Trait5","pKWmEB","PstI.TP1060525"," 9"," 4128439","","0.7913","G"
"4","Trait5","pKWmEB","NsiI.TP444393"," 9"," 4172907","","2.3997","C"
"4","Trait5","pKWmEB","PstI.TP439847"," 9"," 4241689","","0.4015","C"
"4","Trait5","pKWmEB","PstI.TP1194081"," 9"," 4306668","","0.0351","C"
"4","Trait5","pKWmEB","PstI.TP256431"," 9"," 4309732","","0.5433","A"
"4","Trait5","pKWmEB","PstI.TP177089"," 9"," 4313013","","0.6126","C"
"4","Trait5","pKWmEB","PstI.TP49785"," 9"," 4315931","","0.4929","C"
"4","Trait5","pKWmEB","PstI.TP696150"," 9"," 4319353","","0.1081","A"
"4","Trait5","pKWmEB","PstI.TP1135752"," 9"," 4356430","","0.2356","A"
"4","Trait5","pKWmEB","NsiI.TP697295"," 9"," 4358529","","0.8458","A"
"4","Trait5","pKWmEB","PstI.TP114105"," 9"," 4369305","","0.4537","A"
"4","Trait5","pKWmEB","PstI.TP738611"," 9"," 4388277","","0.8978","C"
"4","Trait5","pKWmEB","NsiI.TP503955"," 9"," 4436931","","0.0448","G"
"4","Trait5","pKWmEB","NsiI.TP739070"," 9"," 4438373","","0.3350","A"
"4","Trait5","pKWmEB","PstI.TP682608"," 9"," 4453195","","0.1735","A"
"4","Trait5","pKWmEB","PstI.TP237224"," 9"," 4555349","","0.3995","A"
"4","Trait5","pKWmEB","PstI.TP1244293"," 9"," 4559347","","0.9086","A"
"4","Trait5","pKWmEB","NsiI.TP127048"," 9"," 4573547","","0.0761","C"
"4","Trait5","pKWmEB","GFSSContig17529_775"," 9"," 4574299","","1.2829","T"
"4","Trait5","pKWmEB","PstI.TP310516"," 9"," 4647665","","0.3168","C"
"4","Trait5","pKWmEB","NsiI.TP160573"," 9"," 4892069","","1.0400","A"
"4","Trait5","pKWmEB","PstI.TP282989"," 9"," 4902407","","0.4163","G"
"4","Trait5","pKWmEB","NsiI.TP439610"," 9"," 5000093","","0.1788","A"
"4","Trait5","pKWmEB","PstI.TP1012615"," 9"," 5002012","","0.0222","C"
"4","Trait5","pKWmEB","PstI.TP748876"," 9"," 5028186","","0.5880","A"
"4","Trait5","pKWmEB","NsiI.TP250072"," 9"," 5056498","","0.2398","G"
"4","Trait5","pKWmEB","NsiI.TP786568"," 9"," 5067200","","0.3713","C"
"4","Trait5","pKWmEB","PstI.TP49078"," 9"," 5271102","","0.2725","C"
"4","Trait5","pKWmEB","PstI.TP803901"," 9"," 5321633","","0.0999","G"
"4","Trait5","pKWmEB","NsiI.TP249634"," 9"," 5342948","","2.6767","A"
"4","Trait5","pKWmEB","NsiI.TP421186"," 9"," 5411634","","0.1800","C"
"4","Trait5","pKWmEB","PstI.TP145860"," 9"," 5433952","","0.3493","A"
"4","Trait5","pKWmEB","NsiI.TP520157"," 9"," 5438777","","0.9060","A"
"4","Trait5","pKWmEB","PstI.TP262989"," 9"," 5460616","","0.0530","C"
"4","Trait5","pKWmEB","NsiI.TP629417"," 9"," 5487685","","0.3199","A"
"4","Trait5","pKWmEB","PstI.TP30528"," 9"," 5498766","","0.1259","A"
"4","Trait5","pKWmEB","PstI.TP23273"," 9"," 5498815","","1.4270","C"
"4","Trait5","pKWmEB","NsiI.TP834365"," 9"," 5524875","","0.2484","A"
"4","Trait5","pKWmEB","NsiI.TP179235"," 9"," 5534350","","0.1301","A"
"4","Trait5","pKWmEB","PstI.TP1128508"," 9"," 5550157","","0.5328","G"
"4","Trait5","pKWmEB","PstI.TP909599"," 9"," 5551615","","0.3388","A"
"4","Trait5","pKWmEB","PstI.TP307692"," 9"," 5552283","","0.5190","A"
"4","Trait5","pKWmEB","PstI.TP971650"," 9"," 5562614","","0.0650","C"
"4","Trait5","pKWmEB","NsiI.TP236846"," 9"," 5564156","","0.3047","C"
"4","Trait5","pKWmEB","NsiI.TP121128"," 9"," 5575706","","0.1695","G"
"4","Trait5","pKWmEB","NsiI.TP201146"," 9"," 5579803","","0.0026","A"
"4","Trait5","pKWmEB","PstI.TP253902"," 9"," 5579947","","0.9078","G"
"4","Trait5","pKWmEB","NsiI.TP636278"," 9"," 5624719","","0.3484","A"
"4","Trait5","pKWmEB","NsiI.TP117971"," 9"," 5624767","","0.7147","A"
"4","Trait5","pKWmEB","NsiI.TP225189"," 9"," 5645696","","0.1864","A"
"4","Trait5","pKWmEB","NsiI.TP353800"," 9"," 5721693","","1.1438","C"
"4","Trait5","pKWmEB","NsiI.TP596715"," 9"," 5732661","","0.3820","A"
"4","Trait5","pKWmEB","PstI.TP256769"," 9"," 5734712","","0.0891","A"
"4","Trait5","pKWmEB","NsiI.TP425330"," 9"," 5781127","","0.0141","A"
"4","Trait5","pKWmEB","PstI.TP901549"," 9"," 5858688","","0.0540","C"
"4","Trait5","pKWmEB","GFSSContig15761_607"," 9"," 5864453","","0.1448","T"
"4","Trait5","pKWmEB","NsiI.TP664594"," 9"," 5872862","","0.1047","C"
"4","Trait5","pKWmEB","PstI.TP185225"," 9"," 5936124","","0.2077","C"
"4","Trait5","pKWmEB","NsiI.TP257799"," 9"," 5974560","","0.2880","A"
"4","Trait5","pKWmEB","PstI.TP1266158"," 9"," 6052809","","0.0610","C"
"4","Trait5","pKWmEB","NsiI.TP383484"," 9"," 6111601","","0.0533","C"
"4","Trait5","pKWmEB","PstI.TP319528"," 9"," 6127592","","0.1683","A"
"4","Trait5","pKWmEB","PstI.TP448143"," 9"," 6230587","","0.2164","C"
"4","Trait5","pKWmEB","PstI.TP440080"," 9"," 6234995","","0.8270","G"
"4","Trait5","pKWmEB","PstI.TP1131098"," 9"," 6268055","","1.8153","A"
"4","Trait5","pKWmEB","NsiI.TP813289"," 9"," 6306908","","0.0862","G"
"4","Trait5","pKWmEB","PstI.TP863625"," 9"," 6337862","","0.4037","A"
"4","Trait5","pKWmEB","PstI.TP190790"," 9"," 6340215","","0.2191","A"
"4","Trait5","pKWmEB","PstI.TP270570"," 9"," 6356809","","0.1737","C"
"4","Trait5","pKWmEB","NsiI.TP271841"," 9"," 6362931","","0.0681","C"
"4","Trait5","pKWmEB","PstI.TP57586"," 9"," 6363323","","0.3256","C"
"4","Trait5","pKWmEB","PstI.TP120247"," 9"," 6373532","","0.9579","A"
"4","Trait5","pKWmEB","PstI.TP125060"," 9"," 6374194","","2.6678","A"
"4","Trait5","pKWmEB","PstI.TP747243"," 9"," 6400439","","0.5176","A"
"4","Trait5","pKWmEB","PstI.TP689574"," 9"," 6407115","","0.4345","C"
"4","Trait5","pKWmEB","PstI.TP744116"," 9"," 6407222","","0.1302","G"
"4","Trait5","pKWmEB","PstI.TP264532"," 9"," 6408123","","0.1961","C"
"4","Trait5","pKWmEB","PstI.TP304003"," 9"," 6409609","","0.8933","A"
"4","Trait5","pKWmEB","NsiI.TP200612"," 9"," 6434685","","0.0938","A"
"4","Trait5","pKWmEB","GFSSContig12642_472"," 9"," 6635495","","0.1333","A"
"4","Trait5","pKWmEB","PstI.TP1032114"," 9"," 6641840","","0.2801","C"
"4","Trait5","pKWmEB","PstI.TP61741"," 9"," 6693911","","1.3444","C"
"4","Trait5","pKWmEB","NsiI.TP691913"," 9"," 6694469","","0.2457","C"
"4","Trait5","pKWmEB","PstI.TP223371"," 9"," 6695165","","0.3794","A"
"4","Trait5","pKWmEB","NsiI.TP346385"," 9"," 6735422","","0.4645","A"
"4","Trait5","pKWmEB","NsiI.TP481480"," 9"," 6736402","","0.6500","C"
"4","Trait5","pKWmEB","NsiI.TP532466"," 9"," 6736967","","0.4797","C"
"4","Trait5","pKWmEB","NsiI.TP195691"," 9"," 6737035","","0.6091","C"
"4","Trait5","pKWmEB","PstI.TP142984"," 9"," 6749522","","0.2205","C"
"4","Trait5","pKWmEB","PstI.TP601016"," 9"," 6752101","","0.6971","G"
"4","Trait5","pKWmEB","NsiI.TP313098"," 9"," 6752240","","0.3582","A"
"4","Trait5","pKWmEB","PstI.TP940701"," 9"," 6861549","","0.2582","A"
"4","Trait5","pKWmEB","NsiI.TP470673"," 9"," 6888652","","0.4417","A"
"4","Trait5","pKWmEB","NsiI.TP226720"," 9"," 6900151","","0.1281","A"
"4","Trait5","pKWmEB","PstI.TP423175"," 9"," 7031252","","0.0429","A"
"4","Trait5","pKWmEB","NsiI.TP107041"," 9"," 7074565","","0.4316","A"
"4","Trait5","pKWmEB","PstI.TP601676"," 9"," 7077349","","0.0063","C"
"4","Trait5","pKWmEB","PstI.TP665432"," 9"," 7133721","","1.4944","C"
"4","Trait5","pKWmEB","PstI.TP752507"," 9"," 7133970","","0.4253","C"
"4","Trait5","pKWmEB","PstI.TP96607"," 9"," 7134017","","0.4353","C"
"4","Trait5","pKWmEB","NsiI.TP616247"," 9"," 7224805","","0.8381","A"
"4","Trait5","pKWmEB","NsiI.TP601639"," 9"," 7224820","","0.0098","C"
"4","Trait5","pKWmEB","NsiI.TP423888"," 9"," 7279333","","0.1399","A"
"4","Trait5","pKWmEB","PstI.TP609740"," 9"," 7287080","","0.5926","C"
"4","Trait5","pKWmEB","PstI.TP1140435"," 9"," 7294217","","0.0846","A"
"4","Trait5","pKWmEB","NsiI.TP699435"," 9"," 7343022","","0.4322","C"
"4","Trait5","pKWmEB","PstI.TP808182"," 9"," 7345615","","0.0336","C"
"4","Trait5","pKWmEB","GFSSContig9297_330"," 9"," 7346338","","0.2857","T"
"4","Trait5","pKWmEB","PstI.TP8881"," 9"," 7349401","","0.7471","A"
"4","Trait5","pKWmEB","PstI.TP146654"," 9"," 7350920","","0.9661","A"
"4","Trait5","pKWmEB","PstI.TP523908"," 9"," 7350962","","0.8552","C"
"4","Trait5","pKWmEB","PstI.TP1200570"," 9"," 7452354","","0.2975","G"
"4","Trait5","pKWmEB","PstI.TP25440"," 9"," 7484632","","0.2890","A"
"4","Trait5","pKWmEB","PstI.TP876655"," 9"," 7539080","","0.5807","C"
"4","Trait5","pKWmEB","PstI.TP775346"," 9"," 7539132","","0.2267","A"
"4","Trait5","pKWmEB","PstI.TP95475"," 9"," 7541008","","0.7264","C"
"4","Trait5","pKWmEB","NsiI.TP493666"," 9"," 7567930","","0.5934","C"
"4","Trait5","pKWmEB","NsiI.TP739882"," 9"," 7572408","","0.2646","G"
"4","Trait5","pKWmEB","NsiI.TP219890"," 9"," 7738944","","0.2312","C"
"4","Trait5","pKWmEB","NsiI.TP813925"," 9"," 7828467","","0.1698","A"
"4","Trait5","pKWmEB","NsiI.TP288852"," 9"," 8015102","","0.0017","C"
"4","Trait5","pKWmEB","NsiI.TP323047"," 9"," 8031946","","0.0133","C"
"4","Trait5","pKWmEB","PstI.TP861162"," 9"," 8035460","","2.5433","A"
"4","Trait5","pKWmEB","PstI.TP1184713"," 9"," 8036705","","0.0727","A"
"4","Trait5","pKWmEB","PstI.TP674554"," 9"," 8037401","","0.0464","A"
"4","Trait5","pKWmEB","PstI.TP957972"," 9"," 8038312","","0.3530","A"
"4","Trait5","pKWmEB","NsiI.TP484572"," 9"," 8065918","","0.5975","A"
"4","Trait5","pKWmEB","NsiI.TP484573"," 9"," 8065960","","0.0385","C"
"4","Trait5","pKWmEB","NsiI.TP476297"," 9"," 8104643","","1.9107","A"
"4","Trait5","pKWmEB","PstI.TP264705"," 9"," 8115854","","0.1629","A"
"4","Trait5","pKWmEB","PstI.TP311761"," 9"," 8115873","","0.6012","C"
"4","Trait5","pKWmEB","PstI.TP1221436"," 9"," 8117840","","0.2757","C"
"4","Trait5","pKWmEB","PstI.TP422786"," 9"," 8162946","","0.1887","A"
"4","Trait5","pKWmEB","PstI.TP772271"," 9"," 8171541","","2.0474","A"
"4","Trait5","pKWmEB","PstI.TP622376"," 9"," 8185273","","0.3555","C"
"4","Trait5","pKWmEB","NsiI.TP438944"," 9"," 8191469","","0.7969","G"
"4","Trait5","pKWmEB","NsiI.TP811997"," 9"," 8192109","","0.4860","A"
"4","Trait5","pKWmEB","PstI.TP130587"," 9"," 8286735","","0.3835","C"
"4","Trait5","pKWmEB","PstI.TP1068351"," 9"," 8336557","","0.0398","C"
"4","Trait5","pKWmEB","NsiI.TP227821"," 9"," 8359774","","0.1465","A"
"4","Trait5","pKWmEB","NsiI.TP261002"," 9"," 8398398","","1.5254","C"
"4","Trait5","pKWmEB","PstI.TP1272318"," 9"," 8556158","","0.1128","C"
"4","Trait5","pKWmEB","PstI.TP1263163"," 9"," 8556161","","0.3622","G"
"4","Trait5","pKWmEB","PstI.TP1256911"," 9"," 8597891","","1.0109","C"
"4","Trait5","pKWmEB","NsiI.TP491714"," 9"," 8598377","","1.4331","A"
"4","Trait5","pKWmEB","NsiI.TP612030"," 9"," 8705752","","0.6846","C"
"4","Trait5","pKWmEB","PstI.TP121453"," 9"," 8810283","","0.2329","C"
"4","Trait5","pKWmEB","PstI.TP989358"," 9"," 8810513","","0.3245","C"
"4","Trait5","pKWmEB","PstI.TP67592"," 9"," 8822211","","0.3089","A"
"4","Trait5","pKWmEB","PstI.TP368084"," 9"," 8882427","","0.6361","C"
"4","Trait5","pKWmEB","PstI.TP836794"," 9"," 8886043","","0.0630","A"
"4","Trait5","pKWmEB","PstI.TP1009692"," 9"," 8887110","","0.9010","A"
"4","Trait5","pKWmEB","PstI.TP1245006"," 9"," 8954777","","0.1121","C"
"4","Trait5","pKWmEB","PstI.TP796715"," 9"," 8954879","","0.0526","C"
"4","Trait5","pKWmEB","PstI.TP1057124"," 9"," 9148132","","0.0268","C"
"4","Trait5","pKWmEB","PstI.TP693497"," 9"," 9186057","","0.4542","C"
"4","Trait5","pKWmEB","NsiI.TP633109"," 9"," 9191830","","0.9917","G"
"4","Trait5","pKWmEB","NsiI.TP332557"," 9"," 9218110","","0.0415","C"
"4","Trait5","pKWmEB","NsiI.TP531549"," 9"," 9292222","","0.1742","C"
"4","Trait5","pKWmEB","PstI.TP351258"," 9"," 9320430","","0.0491","C"
"4","Trait5","pKWmEB","PstI.TP932567"," 9"," 9361407","","0.1685","C"
"4","Trait5","pKWmEB","PstI.TP1026660"," 9"," 9363180","","0.1008","A"
"4","Trait5","pKWmEB","PstI.TP1076388"," 9"," 9403021","","0.0830","A"
"4","Trait5","pKWmEB","NsiI.TP433543"," 9"," 9611249","","0.5212","A"
"4","Trait5","pKWmEB","NsiI.TP430999"," 9"," 9620980","","0.0009","C"
"4","Trait5","pKWmEB","NsiI.TP4921"," 9"," 9641990","","0.1975","A"
"4","Trait5","pKWmEB","PstI.TP1147607"," 9"," 9647411","","0.9275","A"
"4","Trait5","pKWmEB","NsiI.TP161456"," 9"," 9793365","","0.0488","G"
"4","Trait5","pKWmEB","PstI.TP1142592"," 9"," 9807640","","0.1678","A"
"4","Trait5","pKWmEB","NsiI.TP297433"," 9"," 9812470","","0.0798","A"
"4","Trait5","pKWmEB","NsiI.TP783384"," 9"," 9888204","","0.1229","A"
"4","Trait5","pKWmEB","NsiI.TP423717"," 9"," 9908292","","0.8728","A"
"4","Trait5","pKWmEB","NsiI.TP61019"," 9"," 9952836","","0.1492","C"
"4","Trait5","pKWmEB","PstI.TP22149"," 9"," 9967484","","0.1975","C"
"4","Trait5","pKWmEB","PstI.TP416016"," 9"," 9994604","","0.4688","C"
"4","Trait5","pKWmEB","NsiI.TP814761"," 9"," 9994604","","0.6165","C"
"4","Trait5","pKWmEB","PstI.TP530566"," 9"," 9994665","","0.0150","A"
"4","Trait5","pKWmEB","NsiI.TP416268"," 9"," 9997452","","0.1258","A"
"4","Trait5","pKWmEB","NsiI.TP292806"," 9","10113735","","1.5221","A"
"4","Trait5","pKWmEB","NsiI.TP354716"," 9","10258988","","0.2918","A"
"4","Trait5","pKWmEB","PstI.TP1042909"," 9","10342620","","0.5978","C"
"4","Trait5","pKWmEB","NsiI.TP493599"," 9","10366980","","0.0661","A"
"4","Trait5","pKWmEB","NsiI.TP491932"," 9","10453757","","0.9661","A"
"4","Trait5","pKWmEB","NsiI.TP434349"," 9","10458989","","0.5759","C"
"4","Trait5","pKWmEB","NsiI.TP576061"," 9","10459096","","0.1369","C"
"4","Trait5","pKWmEB","NsiI.TP494856"," 9","10541760","","0.4987","A"
"4","Trait5","pKWmEB","NsiI.TP494858"," 9","10541784","","0.3199","A"
"4","Trait5","pKWmEB","PstI.TP1232653"," 9","10591858","","0.2246","G"
"4","Trait5","pKWmEB","PstI.TP997632"," 9","10600783","","0.1229","A"
"4","Trait5","pKWmEB","PstI.TP1185975"," 9","10602785","","0.3350","A"
"4","Trait5","pKWmEB","NsiI.TP323332"," 9","10640100","","0.2213","A"
"4","Trait5","pKWmEB","PstI.TP276102"," 9","10664729","","0.1819","A"
"4","Trait5","pKWmEB","NsiI.TP673205"," 9","10729713","","0.2008","A"
"4","Trait5","pKWmEB","PstI.TP451587"," 9","10744155","","0.0938","A"
"4","Trait5","pKWmEB","NsiI.TP799836"," 9","10853985","","0.0771","A"
"4","Trait5","pKWmEB","PstI.TP984285"," 9","11318249","","0.0445","C"
"4","Trait5","pKWmEB","NsiI.TP442106"," 9","11643086","","0.1906","C"
"4","Trait5","pKWmEB","PstI.TP640186"," 9","11674414","","0.0531","G"
"4","Trait5","pKWmEB","NsiI.TP148435"," 9","11676485","","0.2078","A"
"4","Trait5","pKWmEB","PstI.TP1211835"," 9","11677192","","0.8193","G"
"4","Trait5","pKWmEB","PstI.TP662999"," 9","11921750","","0.0909","C"
"4","Trait5","pKWmEB","NsiI.TP367879"," 9","11922751","","0.6881","A"
"4","Trait5","pKWmEB","NsiI.TP818836"," 9","12575402","","0.8319","C"
"4","Trait5","pKWmEB","PstI.TP1245112"," 9","12576025","","1.0158","A"
"4","Trait5","pKWmEB","NsiI.TP375907"," 9","12578098","","0.2079","G"
"4","Trait5","pKWmEB","NsiI.TP414858"," 9","12589668","","1.5624","A"
"4","Trait5","pKWmEB","NsiI.TP395093"," 9","12589694","","0.1390","A"
"4","Trait5","pKWmEB","PstI.TP447781"," 9","12669967","","0.1807","C"
"4","Trait5","pKWmEB","PstI.TP1057397"," 9","12729675","","1.8572","G"
"4","Trait5","pKWmEB","GFSSContig8210_372"," 9","12791799","","0.3952","T"
"4","Trait5","pKWmEB","PstI.TP533660"," 9","13375469","","0.8556","C"
"4","Trait5","pKWmEB","PstI.TP1007011"," 9","13376975","","0.6612","A"
"4","Trait5","pKWmEB","NsiI.TP683931"," 9","13395763","","0.9847","C"
"4","Trait5","pKWmEB","NsiI.TP499674"," 9","13711065","","0.3316","A"
"4","Trait5","pKWmEB","PstI.TP912734"," 9","13711537","","0.2424","A"
"4","Trait5","pKWmEB","PstI.TP1266699"," 9","13714262","","0.9282","C"
"4","Trait5","pKWmEB","NsiI.TP163169"," 9","13714382","","0.2249","A"
"4","Trait5","pKWmEB","NsiI.TP497406"," 9","13714860","","0.6872","A"
"4","Trait5","pKWmEB","NsiI.TP354190"," 9","13837403","","0.0982","A"
"4","Trait5","pKWmEB","NsiI.TP126933"," 9","14133245","","0.2949","G"
"4","Trait5","pKWmEB","PstI.TP207634"," 9","14193340","","0.2440","A"
"4","Trait5","pKWmEB","NsiI.TP285540"," 9","14193674","","0.1264","C"
"4","Trait5","pKWmEB","NsiI.TP637506"," 9","14292724","","0.1204","G"
"4","Trait5","pKWmEB","PstI.TP68258"," 9","14385841","","0.6319","C"
"4","Trait5","pKWmEB","NsiI.TP575804"," 9","14461835","","0.1047","A"
"4","Trait5","pKWmEB","PstI.TP817629"," 9","14509114","","0.3316","A"
"4","Trait5","pKWmEB","PstI.TP873907"," 9","14568689","","0.2918","C"
"4","Trait5","pKWmEB","PstI.TP1156689"," 9","14570213","","1.3564","G"
"4","Trait5","pKWmEB","PstI.TP365199"," 9","14572462","","0.6012","A"
"4","Trait5","pKWmEB","PstI.TP1182033"," 9","14585751","","0.5950","A"
"4","Trait5","pKWmEB","PstI.TP1160032"," 9","14600158","","0.7458","C"
"4","Trait5","pKWmEB","PstI.TP1230786"," 9","14648171","","0.3688","A"
"4","Trait5","pKWmEB","NsiI.TP36285"," 9","14687254","","0.6203","C"
"4","Trait5","pKWmEB","NsiI.TP10088"," 9","14687436","","0.2054","A"
"4","Trait5","pKWmEB","NsiI.TP441297"," 9","14687852","","0.3372","C"
"4","Trait5","pKWmEB","PstI.TP635651"," 9","14689398","","0.5596","C"
"4","Trait5","pKWmEB","PstI.TP1035449"," 9","14829073","","0.1930","A"
"4","Trait5","pKWmEB","PstI.TP1282314"," 9","15059279","","0.2248","A"
"4","Trait5","pKWmEB","PstI.TP301248"," 9","15075647","","0.8006","C"
"4","Trait5","pKWmEB","NsiI.TP73870"," 9","15075647","","0.0795","C"
"4","Trait5","pKWmEB","PstI.TP866736"," 9","15103421","","0.1077","A"
"4","Trait5","pKWmEB","PstI.TP1206919"," 9","15107149","","0.1986","A"
"4","Trait5","pKWmEB","NsiI.TP176150"," 9","15265266","","0.0353","C"
"4","Trait5","pKWmEB","PstI.TP1216208"," 9","15330729","","0.0329","A"
"4","Trait5","pKWmEB","PstI.TP644111"," 9","15378257","","0.0452","A"
"4","Trait5","pKWmEB","NsiI.TP440421"," 9","15394068","","0.4626","C"
"4","Trait5","pKWmEB","NsiI.TP601791"," 9","16650050","","1.1465","C"
"4","Trait5","pKWmEB","PstI.TP1112712"," 9","16971697","","0.1781","C"
"4","Trait5","pKWmEB","NsiI.TP249724"," 9","17437220","","0.3254","A"
"4","Trait5","pKWmEB","PstI.TP552875"," 9","18428383","","0.0036","A"
"4","Trait5","pKWmEB","NsiI.TP118239"," 9","18428819","","0.2447","C"
"4","Trait5","pKWmEB","NsiI.TP19223"," 9","18882168","","0.1731","C"
"4","Trait5","pKWmEB","PstI.TP679306"," 9","19457038","","0.1314","C"
"4","Trait5","pKWmEB","PstI.TP200576"," 9","20067239","","0.5105","A"
"4","Trait5","pKWmEB","PstI.TP939350"," 9","20082917","","0.1670","C"
"4","Trait5","pKWmEB","NsiI.TP571656"," 9","20083093","","0.1024","A"
"4","Trait5","pKWmEB","PstI.TP813066"," 9","20880481","","0.1554","A"
"4","Trait5","pKWmEB","PstI.TP19510"," 9","22875990","","1.0749","A"
"4","Trait5","pKWmEB","NsiI.TP115599"," 9","22877672","","0.2110","G"
"4","Trait5","pKWmEB","NsiI.TP241125"," 9","23004182","","0.2589","A"
"4","Trait5","pKWmEB","NsiI.TP378130"," 9","23414746","","0.0551","C"
"4","Trait5","pKWmEB","PstI.TP1218708"," 9","25625413","","1.0440","A"
"4","Trait5","pKWmEB","PstI.TP637271"," 9","25840398","","0.2685","C"
"4","Trait5","pKWmEB","GFk40ctg144164_473"," 9","26595413","","0.8500","T"
"4","Trait5","pKWmEB","PstI.TP957775"," 9","27506778","","0.1407","C"
"4","Trait5","pKWmEB","PstI.TP68785"," 9","30736272","","0.5343","C"
"4","Trait5","pKWmEB","NsiI.TP811743"," 9","32806387","","0.6056","A"
"4","Trait5","pKWmEB","PstI.TP417225"," 9","33578196","","0.0661","C"
"4","Trait5","pKWmEB","NsiI.TP784627"," 9","34120871","","0.3227","A"
"4","Trait5","pKWmEB","NsiI.TP719487"," 9","35071230","","0.2675","A"
"4","Trait5","pKWmEB","NsiI.TP702464"," 9","35794474","","0.2806","C"
"4","Trait5","pKWmEB","PstI.TP76645"," 9","36846569","","0.6721","C"
"4","Trait5","pKWmEB","PstI.TP1058071"," 9","36867773","","0.0925","A"
"4","Trait5","pKWmEB","NsiI.TP594691"," 9","37217461","","0.2054","A"
"4","Trait5","pKWmEB","NsiI.TP147881"," 9","37353755","","0.1850","C"
"4","Trait5","pKWmEB","NsiI.TP97466"," 9","37982249","","0.6126","A"
"4","Trait5","pKWmEB","NsiI.TP502194"," 9","38258741","","1.1662","A"
"4","Trait5","pKWmEB","PstI.TP901974"," 9","38264015","","0.0724","A"
"4","Trait5","pKWmEB","PstI.TP834767"," 9","38274989","","0.6936","A"
"4","Trait5","pKWmEB","PstI.TP532345"," 9","38275195","","1.3954","A"
"4","Trait5","pKWmEB","PstI.TP522980"," 9","38365528","","0.5226","C"
"4","Trait5","pKWmEB","PstI.TP352986"," 9","38365548","","0.0034","G"
"4","Trait5","pKWmEB","NsiI.TP549426"," 9","38861272","","1.9242","A"
"4","Trait5","pKWmEB","PstI.TP68770"," 9","38861291","","1.6454","A"
"4","Trait5","pKWmEB","NsiI.TP602532"," 9","39020064","","0.6004","A"
"4","Trait5","pKWmEB","PstI.TP140367"," 9","39139457","","0.0324","A"
"4","Trait5","pKWmEB","PstI.TP700698"," 9","39264332","","0.0531","A"
"4","Trait5","pKWmEB","PstI.TP691953"," 9","39371814","","0.8288","A"
"4","Trait5","pKWmEB","PstI.TP938963"," 9","39755480","","0.5248","C"
"4","Trait5","pKWmEB","NsiI.TP805839"," 9","39777832","","0.1671","G"
"4","Trait5","pKWmEB","PstI.TP1039836"," 9","39785322","","0.1301","A"
"4","Trait5","pKWmEB","NsiI.TP627393"," 9","40046797","","0.6502","A"
"4","Trait5","pKWmEB","PstI.TP1026031"," 9","40051025","","0.0968","C"
"4","Trait5","pKWmEB","NsiI.TP64202"," 9","40060320","","0.1808","A"
"4","Trait5","pKWmEB","PstI.TP917569"," 9","40688795","","0.0081","A"
"4","Trait5","pKWmEB","NsiI.TP286805"," 9","40752680","","0.1146","C"
"4","Trait5","pKWmEB","PstI.TP145796"," 9","40783563","","0.0093","A"
"4","Trait5","pKWmEB","NsiI.TP708247"," 9","40798721","","1.6326","C"
"4","Trait5","pKWmEB","NsiI.TP753743"," 9","41089177","","0.3244","A"
"4","Trait5","pKWmEB","PstI.TP1235826"," 9","41258170","","0.4866","A"
"4","Trait5","pKWmEB","NsiI.TP102287"," 9","41271971","","0.2433","C"
"4","Trait5","pKWmEB","PstI.TP669303"," 9","41278273","","0.5575","G"
"4","Trait5","pKWmEB","PstI.TP606936"," 9","41549576","","1.0879","A"
"4","Trait5","pKWmEB","PstI.TP953364"," 9","41929468","","0.1280","A"
"4","Trait5","pKWmEB","NsiI.TP123108"," 9","41930293","","0.1549","C"
"4","Trait5","pKWmEB","PstI.TP787829"," 9","41932983","","0.9988","A"
"4","Trait5","pKWmEB","PstI.TP637680"," 9","42252247","","0.1477","A"
"4","Trait5","pKWmEB","NsiI.TP207507"," 9","42261341","","0.4683","A"
"4","Trait5","pKWmEB","PstI.TP1059831"," 9","42337221","","0.3977","G"
"4","Trait5","pKWmEB","PstI.TP1054397"," 9","42375267","","0.1305","C"
"4","Trait5","pKWmEB","NsiI.TP296014"," 9","42399220","","0.2552","G"
"4","Trait5","pKWmEB","NsiI.TP532742"," 9","42788761","","0.1399","A"
"4","Trait5","pKWmEB","NsiI.TP454960"," 9","42841922","","0.0437","A"
"4","Trait5","pKWmEB","NsiI.TP315814"," 9","42849540","","0.0676","A"
"4","Trait5","pKWmEB","PstI.TP294179"," 9","42894413","","0.3514","C"
"4","Trait5","pKWmEB","NsiI.TP123420"," 9","42929644","","0.2186","A"
"4","Trait5","pKWmEB","NsiI.TP616450"," 9","42951318","","1.4465","C"
"4","Trait5","pKWmEB","PstI.TP343925"," 9","42951872","","0.8295","C"
"4","Trait5","pKWmEB","PstI.TP578998"," 9","42996080","","0.4525","C"
"4","Trait5","pKWmEB","PstI.TP1286575"," 9","42996723","","0.2134","A"
"4","Trait5","pKWmEB","PstI.TP30964"," 9","43000407","","0.2236","C"
"4","Trait5","pKWmEB","NsiI.TP751278"," 9","43020633","","0.1312","A"
"4","Trait5","pKWmEB","PstI.TP180218"," 9","43290884","","0.1239","C"
"4","Trait5","pKWmEB","PstI.TP1203017"," 9","43360526","","0.7733","C"
"4","Trait5","pKWmEB","NsiI.TP610913"," 9","43526425","","0.0194","C"
"4","Trait5","pKWmEB","NsiI.TP371928"," 9","43542907","","0.3244","A"
"4","Trait5","pKWmEB","PstI.TP469115"," 9","43546280","","0.0749","A"
"4","Trait5","pKWmEB","PstI.TP993119"," 9","43764890","","0.0155","A"
"4","Trait5","pKWmEB","NsiI.TP168159"," 9","44052122","","0.3075","C"
"4","Trait5","pKWmEB","NsiI.TP701609"," 9","44167653","","1.1872","G"
"4","Trait5","pKWmEB","PstI.TP1252358"," 9","44187954","","0.1484","A"
"4","Trait5","pKWmEB","PstI.TP1166043"," 9","44191069","","0.2345","A"
"4","Trait5","pKWmEB","NsiI.TP408712"," 9","44202740","","0.0433","C"
"4","Trait5","pKWmEB","NsiI.TP449040"," 9","44409088","","0.2197","C"
"4","Trait5","pKWmEB","PstI.TP845297"," 9","44426344","","0.1939","C"
"4","Trait5","pKWmEB","PstI.TP1207841"," 9","44561661","","0.3411","C"
"4","Trait5","pKWmEB","PstI.TP957163"," 9","44644697","","0.5434","A"
"4","Trait5","pKWmEB","PstI.TP466257"," 9","44644886","","0.4390","A"
"4","Trait5","pKWmEB","PstI.TP876546"," 9","44646384","","0.2925","A"
"4","Trait5","pKWmEB","PstI.TP833440"," 9","44785613","","0.5626","G"
"4","Trait5","pKWmEB","NsiI.TP208719"," 9","44786084","","0.0147","C"
"4","Trait5","pKWmEB","NsiI.TP129565"," 9","44786093","","0.5021","A"
"4","Trait5","pKWmEB","NsiI.TP347216"," 9","44790414","","0.4259","A"
"4","Trait5","pKWmEB","PstI.TP305311"," 9","44819890","","0.0164","C"
"4","Trait5","pKWmEB","PstI.TP40733"," 9","44975573","","0.2890","A"
"4","Trait5","pKWmEB","PstI.TP52028"," 9","44975610","","0.0046","G"
"4","Trait5","pKWmEB","NsiI.TP468330"," 9","45257052","","0.1765","C"
"4","Trait5","pKWmEB","NsiI.TP469903"," 9","45311713","","0.0371","A"
"4","Trait5","pKWmEB","PstI.TP197436"," 9","45312455","","0.4897","A"
"4","Trait5","pKWmEB","PstI.TP350243"," 9","45321870","","0.9729","C"
"4","Trait5","pKWmEB","NsiI.TP499976"," 9","45326088","","0.4358","C"
"4","Trait5","pKWmEB","NsiI.TP139051"," 9","45354277","","0.1777","A"
"4","Trait5","pKWmEB","NsiI.TP675190"," 9","45430030","","0.1677","C"
"4","Trait5","pKWmEB","PstI.TP785457"," 9","45493185","","0.5255","C"
"4","Trait5","pKWmEB","PstI.TP745179"," 9","45518452","","0.0715","A"
"4","Trait5","pKWmEB","PstI.TP1134573"," 9","45626034","","0.0553","C"
"4","Trait5","pKWmEB","NsiI.TP691930"," 9","45766037","","0.3949","A"
"4","Trait5","pKWmEB","PstI.TP481697"," 9","45849856","","0.4776","G"
"4","Trait5","pKWmEB","PstI.TP916762"," 9","45861595","","0.3058","A"
"4","Trait5","pKWmEB","NsiI.TP504572"," 9","45861749","","0.4103","C"
"4","Trait5","pKWmEB","PstI.TP1234082"," 9","45899524","","0.0688","C"
"4","Trait5","pKWmEB","NsiI.TP452761"," 9","45915539","","0.1223","C"
"4","Trait5","pKWmEB","PstI.TP383705"," 9","46040507","","0.4144","A"
"4","Trait5","pKWmEB","PstI.TP1073524"," 9","46091564","","0.1453","A"
"4","Trait5","pKWmEB","PstI.TP154137"," 9","46091568","","0.3734","A"
"4","Trait5","pKWmEB","PstI.TP70600"," 9","46098921","","0.5316","A"
"4","Trait5","pKWmEB","PstI.TP852713"," 9","46143054","","0.1011","C"
"4","Trait5","pKWmEB","PstI.TP866778"," 9","46230348","","0.7459","A"
"4","Trait5","pKWmEB","PstI.TP975495"," 9","46275702","","0.0911","A"
"4","Trait5","pKWmEB","NsiI.TP408204"," 9","46327607","","0.0461","C"
"4","Trait5","pKWmEB","PstI.TP508473"," 9","46328541","","1.0336","C"
"4","Trait5","pKWmEB","PstI.TP33741"," 9","46341723","","0.4688","A"
"4","Trait5","pKWmEB","PstI.TP434991"," 9","46360203","","0.5253","G"
"4","Trait5","pKWmEB","NsiI.TP619567"," 9","46467310","","0.1021","A"
"4","Trait5","pKWmEB","NsiI.TP539541"," 9","46496438","","0.3151","C"
"4","Trait5","pKWmEB","PstI.TP1146048"," 9","46647057","","0.0522","C"
"4","Trait5","pKWmEB","NsiI.TP681624"," 9","46649323","","0.6772","A"
"4","Trait5","pKWmEB","PstI.TP545574"," 9","46822842","","1.1899","C"
"4","Trait5","pKWmEB","PstI.TP693783"," 9","46824280","","0.1976","C"
"4","Trait5","pKWmEB","PstI.TP261479"," 9","46853698","","0.7046","A"
"4","Trait5","pKWmEB","NsiI.TP545476"," 9","46957798","","0.0279","C"
"4","Trait5","pKWmEB","PstI.TP608480"," 9","46997895","","0.1925","A"
"4","Trait5","pKWmEB","PstI.TP362402"," 9","46997904","","0.4017","A"
"4","Trait5","pKWmEB","PstI.TP871734"," 9","47005479","","0.0383","G"
"4","Trait5","pKWmEB","PstI.TP1286119"," 9","47045067","","0.0608","C"
"4","Trait5","pKWmEB","NsiI.TP385334"," 9","47075550","","0.5891","A"
"4","Trait5","pKWmEB","NsiI.TP206546"," 9","47078266","","0.5064","C"
"4","Trait5","pKWmEB","PstI.TP458205"," 9","47103166","","0.5297","C"
"4","Trait5","pKWmEB","NsiI.TP568568"," 9","47105186","","0.0709","G"
"4","Trait5","pKWmEB","NsiI.TP327022"," 9","47105593","","0.0098","C"
"4","Trait5","pKWmEB","NsiI.TP628231"," 9","47107660","","0.1830","A"
"4","Trait5","pKWmEB","NsiI.TP466140"," 9","47128319","","0.3599","C"
"4","Trait5","pKWmEB","PstI.TP506593"," 9","47168647","","1.0437","A"
"4","Trait5","pKWmEB","PstI.TP5394"," 9","47168921","","0.2013","A"
"4","Trait5","pKWmEB","PstI.TP380226"," 9","47171000","","0.4291","A"
"4","Trait5","pKWmEB","PstI.TP148437"," 9","47179901","","0.3254","A"
"4","Trait5","pKWmEB","PstI.TP1050094"," 9","47249166","","0.3269","A"
"4","Trait5","pKWmEB","PstI.TP1086009"," 9","47254131","","0.0708","C"
"4","Trait5","pKWmEB","PstI.TP464875"," 9","47280176","","0.8396","A"
"4","Trait5","pKWmEB","PstI.TP300359"," 9","47338854","","0.0860","C"
"4","Trait5","pKWmEB","PstI.TP178315"," 9","47506928","","0.5256","C"
"4","Trait5","pKWmEB","PstI.TP1016227"," 9","47520282","","0.8216","A"
"4","Trait5","pKWmEB","PstI.TP249109"," 9","47522889","","0.4340","C"
"4","Trait5","pKWmEB","NsiI.TP44398"," 9","47577782","","0.3030","C"
"4","Trait5","pKWmEB","PstI.TP98766"," 9","47604426","","0.5697","A"
"4","Trait5","pKWmEB","PstI.TP466464"," 9","47604450","","0.0613","A"
"4","Trait5","pKWmEB","PstI.TP201295"," 9","47612492","","1.6716","C"
"4","Trait5","pKWmEB","PstI.TP384871"," 9","47612549","","1.0903","C"
"4","Trait5","pKWmEB","PstI.TP1131895"," 9","47679355","","1.0024","A"
"4","Trait5","pKWmEB","NsiI.TP214052"," 9","47684954","","0.4818","C"
"4","Trait5","pKWmEB","PstI.TP210621"," 9","47711703","","0.1527","A"
"4","Trait5","pKWmEB","PstI.TP312559"," 9","47715592","","0.5342","C"
"4","Trait5","pKWmEB","PstI.TP227055"," 9","47738761","","0.5297","A"
"4","Trait5","pKWmEB","PstI.TP1094077"," 9","47740265","","2.1344","A"
"4","Trait5","pKWmEB","PstI.TP21102"," 9","47823531","","0.4005","A"
"4","Trait5","pKWmEB","PstI.TP21092"," 9","47823547","","0.2581","C"
"4","Trait5","pKWmEB","GFSSContig11849_357"," 9","47860186","","0.0466","A"
"4","Trait5","pKWmEB","NsiI.TP509742"," 9","47862370","","0.2248","A"
"4","Trait5","pKWmEB","NsiI.TP571982"," 9","47881000","","0.7294","A"
"4","Trait5","pKWmEB","NsiI.TP155880"," 9","47896936","","0.4353","C"
"4","Trait5","pKWmEB","NsiI.TP363016"," 9","47900777","","0.4579","A"
"4","Trait5","pKWmEB","NsiI.TP539658"," 9","47903190","","0.6493","A"
"4","Trait5","pKWmEB","PstI.TP1286469"," 9","47904234","","0.2958","A"
"4","Trait5","pKWmEB","NsiI.TP445258"," 9","47925296","","0.3206","A"
"4","Trait5","pKWmEB","PstI.TP1155996"," 9","47941906","","0.2184","A"
"4","Trait5","pKWmEB","NsiI.TP307574"," 9","47972438","","0.3954","G"
"4","Trait5","pKWmEB","NsiI.TP353816"," 9","47972452","","0.0553","A"
"4","Trait5","pKWmEB","PstI.TP797211"," 9","47975853","","0.1231","C"
"4","Trait5","pKWmEB","PstI.TP134958"," 9","47976468","","0.0133","A"
"4","Trait5","pKWmEB","NsiI.TP776853"," 9","47991784","","0.1200","C"
"4","Trait5","pKWmEB","PstI.TP252453"," 9","48033749","","0.6305","C"
"4","Trait5","pKWmEB","PstI.TP903764"," 9","48057413","","0.7398","C"
"4","Trait5","pKWmEB","NsiI.TP677734"," 9","48074093","","0.6193","C"
"4","Trait5","pKWmEB","NsiI.TP595528"," 9","48088449","","0.1019","A"
"4","Trait5","pKWmEB","PstI.TP266635"," 9","48104553","","0.6745","A"
"4","Trait5","pKWmEB","PstI.TP983537"," 9","48175909","","0.0400","A"
"4","Trait5","pKWmEB","PstI.TP257192"," 9","48176770","","0.1872","A"
"4","Trait5","pKWmEB","PstI.TP39343"," 9","48209168","","0.7328","A"
"4","Trait5","pKWmEB","NsiI.TP117785"," 9","48238458","","0.0382","C"
"4","Trait5","pKWmEB","PstI.TP778881"," 9","48260943","","0.3165","A"
"4","Trait5","pKWmEB","PstI.TP662455"," 9","48286647","","0.2221","A"
"4","Trait5","pKWmEB","NsiI.TP352166"," 9","48292691","","0.2046","A"
"4","Trait5","pKWmEB","NsiI.TP19960"," 9","48309325","","1.0735","A"
"4","Trait5","pKWmEB","PstI.TP1173316"," 9","48311669","","0.1399","C"
"4","Trait5","pKWmEB","PstI.TP453846"," 9","48311706","","2.0718","A"
"4","Trait5","pKWmEB","PstI.TP393502"," 9","48311733","","0.1881","A"
"4","Trait5","pKWmEB","PstI.TP1118900"," 9","48313838","","0.3011","C"
"4","Trait5","pKWmEB","NsiI.TP578267"," 9","48379677","","0.0281","C"
"4","Trait5","pKWmEB","NsiI.TP486611"," 9","48408751","","0.0888","A"
"4","Trait5","pKWmEB","PstI.TP791118"," 9","48427888","","0.2519","G"
"4","Trait5","pKWmEB","PstI.TP4455"," 9","48453113","","0.2088","A"
"4","Trait5","pKWmEB","GFSSContig18320_993"," 9","48478654","","0.1842","T"
"4","Trait5","pKWmEB","PstI.TP1126664"," 9","48498325","","0.2664","G"
"4","Trait5","pKWmEB","PstI.TP1249539"," 9","48498622","","0.8240","A"
"4","Trait5","pKWmEB","GFSSContig8648_564"," 9","48525805","","0.1657","A"
"4","Trait5","pKWmEB","NsiI.TP362447"," 9","48537952","","0.1630","A"
"4","Trait5","pKWmEB","PstI.TP1154007"," 9","48549592","","0.0194","C"
"4","Trait5","pKWmEB","PstI.TP1227790"," 9","48696731","","0.7512","A"
"4","Trait5","pKWmEB","NsiI.TP770402"," 9","48714255","","0.0099","A"
"4","Trait5","pKWmEB","NsiI.TP128976"," 9","48726795","","0.2313","A"
"4","Trait5","pKWmEB","PstI.TP1251961"," 9","48731998","","0.1237","A"
"4","Trait5","pKWmEB","PstI.TP1099478"," 9","48732312","","0.9405","A"
"4","Trait5","pKWmEB","GFSSContig4481_255"," 9","48773122","","0.0394","A"
"4","Trait5","pKWmEB","PstI.TP1087685"," 9","48793191","","0.1527","A"
"4","Trait5","pKWmEB","NsiI.TP694982"," 9","48824969","","0.4778","C"
"4","Trait5","pKWmEB","PstI.TP1067903"," 9","48843269","","0.1504","C"
"4","Trait5","pKWmEB","PstI.TP1226288"," 9","48863065","","1.4326","A"
"4","Trait5","pKWmEB","PstI.TP1192081"," 9","48933732","","0.4577","G"
"4","Trait5","pKWmEB","PstI.TP1258850"," 9","48996326","","1.1904","A"
"4","Trait5","pKWmEB","PstI.TP480819"," 9","49003112","","0.2486","A"
"4","Trait5","pKWmEB","NsiI.TP47960"," 9","49040401","","0.6326","A"
"4","Trait5","pKWmEB","NsiI.TP452199"," 9","49043508","","0.0179","A"
"4","Trait5","pKWmEB","NsiI.TP682000"," 9","49047259","","0.0830","A"
"4","Trait5","pKWmEB","PstI.TP34649"," 9","49049252","","0.0372","A"
"4","Trait5","pKWmEB","PstI.TP1248879"," 9","49145841","","0.1819","A"
"4","Trait5","pKWmEB","PstI.TP1039539"," 9","49145938","","0.5080","A"
"4","Trait5","pKWmEB","PstI.TP765460"," 9","49146041","","0.7450","A"
"4","Trait5","pKWmEB","NsiI.TP778586"," 9","49180575","","0.0239","A"
"4","Trait5","pKWmEB","PstI.TP665697"," 9","49242210","","2.8431","A"
"4","Trait5","pKWmEB","PstI.TP870602"," 9","49267255","","0.0373","A"
"4","Trait5","pKWmEB","PstI.TP226172"," 9","49337347","","1.3347","C"
"4","Trait5","pKWmEB","PstI.TP1134201"," 9","49341921","","0.1258","C"
"4","Trait5","pKWmEB","NsiI.TP146509"," 9","49399953","","0.9042","G"
"4","Trait5","pKWmEB","NsiI.TP320265"," 9","49405177","","0.3900","C"
"4","Trait5","pKWmEB","PstI.TP160468"," 9","49412675","","0.4471","C"
"4","Trait5","pKWmEB","NsiI.TP645049"," 9","49424046","","0.0143","C"
"4","Trait5","pKWmEB","PstI.TP763172"," 9","49435659","","0.6458","A"
"4","Trait5","pKWmEB","PstI.TP345799"," 9","49444468","","0.4132","C"
"4","Trait5","pKWmEB","PstI.TP160981"," 9","49459667","","0.1318","A"
"4","Trait5","pKWmEB","NsiI.TP585493"," 9","49488954","","0.3122","C"
"4","Trait5","pKWmEB","PstI.TP1123350"," 9","49499779","","0.0139","A"
"4","Trait5","pKWmEB","GFSSContig16403_979"," 9","49499892","","0.3341","A"
"4","Trait5","pKWmEB","GFSSContig9415_98"," 9","49511963","","0.0089","A"
"4","Trait5","pKWmEB","PstI.TP913466"," 9","49530064","","0.0603","C"
"4","Trait5","pKWmEB","PstI.TP753847"," 9","49596781","","0.0160","G"
"4","Trait5","pKWmEB","NsiI.TP538386"," 9","49620065","","0.2179","C"
"4","Trait5","pKWmEB","NsiI.TP784632"," 9","49628256","","0.7556","C"
"4","Trait5","pKWmEB","PstI.TP521591"," 9","49641986","","1.2709","G"
"4","Trait5","pKWmEB","PstI.TP342546"," 9","49647227","","0.5607","G"
"4","Trait5","pKWmEB","NsiI.TP311989"," 9","49682483","","0.5361","C"
"4","Trait5","pKWmEB","PstI.TP633284"," 9","49691080","","0.3767","A"
"4","Trait5","pKWmEB","PstI.TP916444"," 9","49693033","","0.2775","A"
"4","Trait5","pKWmEB","NsiI.TP624201"," 9","49718231","","0.5076","A"
"4","Trait5","pKWmEB","PstI.TP70629"," 9","49718801","","0.4831","A"
"4","Trait5","pKWmEB","NsiI.TP35880"," 9","49718979","","0.0219","G"
"4","Trait5","pKWmEB","NsiI.TP407440"," 9","49734945","","0.7589","A"
"4","Trait5","pKWmEB","NsiI.TP596826"," 9","49741727","","0.2343","A"
"4","Trait5","pKWmEB","NsiI.TP520504"," 9","49747057","","0.5870","A"
"4","Trait5","pKWmEB","NsiI.TP653939"," 9","49789425","","0.4868","A"
"4","Trait5","pKWmEB","NsiI.TP361194"," 9","49800959","","0.8735","C"
"4","Trait5","pKWmEB","PstI.TP862743"," 9","49806389","","0.4734","C"
"4","Trait5","pKWmEB","PstI.TP329065"," 9","49852629","","0.1482","A"
"4","Trait5","pKWmEB","PstI.TP1192034"," 9","49864656","","1.0209","A"
"4","Trait5","pKWmEB","NsiI.TP313287"," 9","49875376","","0.4372","C"
"4","Trait5","pKWmEB","PstI.TP154414"," 9","49932803","","0.0534","A"
"4","Trait5","pKWmEB","NsiI.TP296932"," 9","49933625","","1.2133","A"
"4","Trait5","pKWmEB","NsiI.TP474968"," 9","49935487","","1.8894","A"
"4","Trait5","pKWmEB","NsiI.TP572650"," 9","49947849","","0.2354","A"
"4","Trait5","pKWmEB","NsiI.TP400406"," 9","49962984","","0.1979","C"
"4","Trait5","pKWmEB","NsiI.TP406100"," 9","49964804","","0.0440","C"
"4","Trait5","pKWmEB","PstI.TP1154962"," 9","49965464","","0.3819","A"
"4","Trait5","pKWmEB","PstI.TP340970"," 9","49975829","","0.1252","C"
"4","Trait5","pKWmEB","NsiI.TP521965"," 9","49976024","","0.8069","C"
"4","Trait5","pKWmEB","PstI.TP425366"," 9","49984710","","0.0204","A"
"4","Trait5","pKWmEB","PstI.TP1155086"," 9","50004653","","2.0040","C"
"4","Trait5","pKWmEB","PstI.TP778331"," 9","50006602","","0.6262","A"
"4","Trait5","pKWmEB","PstI.TP911393"," 9","50007070","","0.1748","G"
"4","Trait5","pKWmEB","PstI.TP892130"," 9","50014851","","0.2220","A"
"4","Trait5","pKWmEB","PstI.TP787129"," 9","50019163","","1.8079","A"
"4","Trait5","pKWmEB","PstI.TP882507"," 9","50040367","","0.7358","C"
"4","Trait5","pKWmEB","PstI.TP1012849"," 9","50040368","","0.2780","C"
"4","Trait5","pKWmEB","PstI.TP76217"," 9","50041027","","0.9364","A"
"4","Trait5","pKWmEB","PstI.TP690902"," 9","50043034","","0.0098","C"
"4","Trait5","pKWmEB","PstI.TP813285"," 9","50046884","","0.2179","A"
"4","Trait5","pKWmEB","NsiI.TP705085"," 9","50086479","","1.0565","A"
"4","Trait5","pKWmEB","PstI.TP393957"," 9","50088097","","1.5170","C"
"4","Trait5","pKWmEB","NsiI.TP459037"," 9","50088687","","0.2363","A"
"4","Trait5","pKWmEB","PstI.TP857316"," 9","50092050","","0.2183","A"
"4","Trait5","pKWmEB","NsiI.TP441897"," 9","50092564","","0.0998","A"
"4","Trait5","pKWmEB","PstI.TP1180999"," 9","50103229","","0.8043","G"
"4","Trait5","pKWmEB","PstI.TP713389"," 9","50123722","","0.2103","C"
"4","Trait5","pKWmEB","GFSSContig18335_922"," 9","50132778","","0.1139","T"
"4","Trait5","pKWmEB","PstI.TP415346"," 9","50139927","","0.1625","A"
"4","Trait5","pKWmEB","NsiI.TP611864"," 9","50140050","","0.5891","C"
"4","Trait5","pKWmEB","NsiI.TP369013"," 9","50141112","","0.5493","C"
"4","Trait5","pKWmEB","NsiI.TP653952"," 9","50177925","","0.1229","A"
"4","Trait5","pKWmEB","NsiI.TP557688"," 9","50179164","","0.2624","C"
"4","Trait5","pKWmEB","PstI.TP835388"," 9","50235152","","0.5111","A"
"4","Trait5","pKWmEB","PstI.TP866959"," 9","50250813","","2.6345","G"
"4","Trait5","pKWmEB","PstI.TP1107958"," 9","50254652","","0.0603","A"
"4","Trait5","pKWmEB","NsiI.TP520601"," 9","50274216","","0.0293","C"
"4","Trait5","pKWmEB","NsiI.TP720528"," 9","50301855","","0.4749","C"
"4","Trait5","pKWmEB","NsiI.TP254399"," 9","50301983","","1.3183","C"
"4","Trait5","pKWmEB","NsiI.TP686705"," 9","50308346","","0.0414","C"
"4","Trait5","pKWmEB","PstI.TP977969"," 9","50324920","","0.4978","A"
"4","Trait5","pKWmEB","PstI.TP977714"," 9","50324952","","0.1085","A"
"4","Trait5","pKWmEB","PstI.TP118716"," 9","50325026","","0.4310","C"
"4","Trait5","pKWmEB","NsiI.TP538667"," 9","50328716","","0.0305","A"
"4","Trait5","pKWmEB","NsiI.TP798461"," 9","50389049","","0.4442","A"
"4","Trait5","pKWmEB","PstI.TP947095"," 9","50451925","","0.1537","G"
"4","Trait5","pKWmEB","PstI.TP36514"," 9","50484677","","0.4022","A"
"4","Trait5","pKWmEB","PstI.TP855370"," 9","50505142","","0.4869","A"
"4","Trait5","pKWmEB","PstI.TP182896"," 9","50513017","","0.1628","A"
"4","Trait5","pKWmEB","PstI.TP751721"," 9","50513395","","1.6862","C"
"4","Trait5","pKWmEB","PstI.TP393933"," 9","50520157","","0.5429","A"
"4","Trait5","pKWmEB","PstI.TP192491"," 9","50524748","","0.8626","C"
"4","Trait5","pKWmEB","PstI.TP209987"," 9","50529695","","0.1655","A"
"4","Trait5","pKWmEB","NsiI.TP390517"," 9","50542783","","0.2589","C"
"4","Trait5","pKWmEB","PstI.TP1116131"," 9","50580835","","0.2006","A"
"4","Trait5","pKWmEB","PstI.TP1193672"," 9","50596012","","0.7031","C"
"4","Trait5","pKWmEB","PstI.TP1193674"," 9","50596040","","0.2092","C"
"4","Trait5","pKWmEB","PstI.TP1218461"," 9","50599178","","0.5427","A"
"4","Trait5","pKWmEB","PstI.TP532337"," 9","50600056","","0.2775","C"
"4","Trait5","pKWmEB","PstI.TP488613"," 9","50600406","","0.0042","C"
"4","Trait5","pKWmEB","PstI.TP1268722"," 9","50614856","","0.1695","C"
"4","Trait5","pKWmEB","PstI.TP995394"," 9","50625938","","1.4294","G"
"4","Trait5","pKWmEB","PstI.TP1172675"," 9","50663851","","0.4700","C"
"4","Trait5","pKWmEB","NsiI.TP113280"," 9","50676837","","1.7542","A"
"4","Trait5","pKWmEB","NsiI.TP202381"," 9","50726429","","0.0134","G"
"4","Trait5","pKWmEB","PstI.TP321854"," 9","50726896","","0.6283","A"
"4","Trait5","pKWmEB","NsiI.TP834319"," 9","50736040","","1.1968","C"
"4","Trait5","pKWmEB","NsiI.TP423956"," 9","50742807","","0.0861","C"
"4","Trait5","pKWmEB","NsiI.TP767285"," 9","50742838","","1.1737","A"
"4","Trait5","pKWmEB","NsiI.TP75166"," 9","50752225","","0.0324","A"
"4","Trait5","pKWmEB","NsiI.TP735068"," 9","50754621","","0.4842","A"
"4","Trait5","pKWmEB","PstI.TP924331"," 9","50766409","","0.7846","A"
"4","Trait5","pKWmEB","NsiI.TP366774"," 9","50766418","","0.7202","A"
"4","Trait5","pKWmEB","PstI.TP173026"," 9","50773008","","1.3911","A"
"4","Trait5","pKWmEB","NsiI.TP110776"," 9","50782403","","0.3075","A"
"4","Trait5","pKWmEB","PstI.TP1137175"," 9","50799391","","1.3100","A"
"4","Trait5","pKWmEB","NsiI.TP10551"," 9","50848539","","0.6698","A"
"4","Trait5","pKWmEB","PstI.TP932874"," 9","50854706","","0.0440","A"
"4","Trait5","pKWmEB","PstI.TP94065"," 9","50855553","","0.2699","A"
"4","Trait5","pKWmEB","PstI.TP768487"," 9","50926190","","0.1804","A"
"4","Trait5","pKWmEB","PstI.TP548046"," 9","50929335","","0.2566","C"
"4","Trait5","pKWmEB","PstI.TP1209022"," 9","50956605","","0.0793","C"
"4","Trait5","pKWmEB","PstI.TP1063172"," 9","50965879","","0.3183","A"
"4","Trait5","pKWmEB","PstI.TP136026"," 9","50973667","","0.4341","A"
"4","Trait5","pKWmEB","PstI.TP345416"," 9","50974975","","0.0334","A"
"4","Trait5","pKWmEB","PstI.TP465401"," 9","50982670","","0.9797","C"
"4","Trait5","pKWmEB","NsiI.TP695803"," 9","51001405","","0.1868","C"
"4","Trait5","pKWmEB","PstI.TP705332"," 9","51063738","","0.0456","C"
"4","Trait5","pKWmEB","NsiI.TP501582"," 9","51064133","","0.7338","C"
"4","Trait5","pKWmEB","PstI.TP1191847"," 9","51073443","","0.6251","C"
"4","Trait5","pKWmEB","NsiI.TP772999"," 9","51080454","","0.0476","A"
"4","Trait5","pKWmEB","NsiI.TP531516"," 9","51107015","","1.0812","C"
"4","Trait5","pKWmEB","PstI.TP255406"," 9","51108960","","1.2677","A"
"4","Trait5","pKWmEB","GFSSContig4096_351"," 9","51127800","","1.5142","T"
"4","Trait5","pKWmEB","PstI.TP781872"," 9","51135280","","0.0882","A"
"4","Trait5","pKWmEB","NsiI.TP503930"," 9","51136467","","0.1474","C"
"4","Trait5","pKWmEB","NsiI.TP99767"," 9","51154417","","0.1516","A"
"4","Trait5","pKWmEB","PstI.TP90991"," 9","51173645","","0.1048","A"
"4","Trait5","pKWmEB","PstI.TP249888"," 9","51255577","","0.4654","C"
"4","Trait5","pKWmEB","NsiI.TP640903"," 9","51286952","","0.7214","C"
"4","Trait5","pKWmEB","PstI.TP373596"," 9","51293924","","0.4118","A"
"4","Trait5","pKWmEB","PstI.TP1291952"," 9","51297891","","1.8535","C"
"4","Trait5","pKWmEB","PstI.TP291541"," 9","51410096","","0.1246","A"
"4","Trait5","pKWmEB","PstI.TP752476"," 9","51411583","","0.2293","C"
"4","Trait5","pKWmEB","NsiI.TP554331"," 9","51417216","","0.6607","C"
"4","Trait5","pKWmEB","PstI.TP677215"," 9","51441411","","0.3168","G"
"4","Trait5","pKWmEB","NsiI.TP691041"," 9","51442336","","0.2714","C"
"4","Trait5","pKWmEB","NsiI.TP581148"," 9","51447543","","0.7557","C"
"4","Trait5","pKWmEB","PstI.TP669168"," 9","51448783","","0.8184","A"
"4","Trait5","pKWmEB","PstI.TP1072081"," 9","51458018","","0.0253","C"
"4","Trait5","pKWmEB","PstI.TP382266"," 9","51459127","","0.8109","A"
"4","Trait5","pKWmEB","NsiI.TP712514"," 9","51459886","","1.4692","C"
"4","Trait5","pKWmEB","PstI.TP78387"," 9","51474982","","0.5843","C"
"4","Trait5","pKWmEB","PstI.TP687426"," 9","51483973","","0.0255","A"
"4","Trait5","pKWmEB","PstI.TP939993"," 9","51488504","","0.0485","C"
"4","Trait5","pKWmEB","NsiI.TP264788"," 9","51508750","","0.1698","A"
"4","Trait5","pKWmEB","NsiI.TP520926"," 9","51508797","","0.5822","C"
"4","Trait5","pKWmEB","NsiI.TP466683"," 9","51529848","","0.6993","A"
"4","Trait5","pKWmEB","PstI.TP1247492"," 9","51543870","","1.2408","A"
"4","Trait5","pKWmEB","NsiI.TP735819"," 9","51548408","","0.3396","C"
"4","Trait5","pKWmEB","NsiI.TP703068"," 9","51552970","","2.1183","C"
"4","Trait5","pKWmEB","PstI.TP1285"," 9","51564139","","0.6686","A"
"4","Trait5","pKWmEB","PstI.TP134129"," 9","51572610","","0.6633","G"
"4","Trait5","pKWmEB","PstI.TP1143802"," 9","51610090","","1.1446","A"
"4","Trait5","pKWmEB","NsiI.TP714443"," 9","51614765","","0.7948","A"
"4","Trait5","pKWmEB","PstI.TP998803"," 9","51615898","","0.2281","C"
"4","Trait5","pKWmEB","PstI.TP267509"," 9","51633931","","0.1768","A"
"4","Trait5","pKWmEB","PstI.TP421924"," 9","51656310","","0.2381","C"
"4","Trait5","pKWmEB","NsiI.TP456960"," 9","51661430","","0.4442","A"
"4","Trait5","pKWmEB","NsiI.TP427325"," 9","51662082","","0.1478","A"
"4","Trait5","pKWmEB","PstI.TP515917"," 9","51717669","","0.5214","A"
"4","Trait5","pKWmEB","NsiI.TP215639"," 9","51726896","","0.4128","A"
"4","Trait5","pKWmEB","NsiI.TP764543"," 9","51738817","","0.1658","G"
"4","Trait5","pKWmEB","NsiI.TP577259"," 9","51743559","","0.0360","G"
"4","Trait5","pKWmEB","PstI.TP34641"," 9","51765933","","1.3892","C"
"4","Trait5","pKWmEB","PstI.TP34702"," 9","51765934","","0.1407","A"
"4","Trait5","pKWmEB","NsiI.TP264472"," 9","51767889","","0.4041","A"
"4","Trait5","pKWmEB","PstI.TP1181821"," 9","51786135","","0.3299","C"
"4","Trait5","pKWmEB","NsiI.TP94982"," 9","51808831","","1.6939","C"
"4","Trait5","pKWmEB","PstI.TP1005008"," 9","51832050","","1.0423","A"
"4","Trait5","pKWmEB","PstI.TP1004186"," 9","51832083","","0.4841","C"
"4","Trait5","pKWmEB","PstI.TP1178013"," 9","51832241","","1.5320","C"
"4","Trait5","pKWmEB","PstI.TP684831"," 9","51848233","","0.1845","C"
"4","Trait5","pKWmEB","NsiI.TP601151"," 9","51879871","","0.2126","A"
"4","Trait5","pKWmEB","PstI.TP1038963"," 9","51887439","","0.3659","A"
"4","Trait5","pKWmEB","NsiI.TP16817"," 9","51906788","","0.2667","A"
"4","Trait5","pKWmEB","PstI.TP98115"," 9","51912899","","0.9696","A"
"4","Trait5","pKWmEB","PstI.TP355250"," 9","51923709","","0.1589","A"
"4","Trait5","pKWmEB","NsiI.TP102846"," 9","51962085","","0.0836","C"
"4","Trait5","pKWmEB","NsiI.TP529235"," 9","51966549","","0.0092","C"
"4","Trait5","pKWmEB","PstI.TP329296"," 9","51967630","","0.0115","A"
"4","Trait5","pKWmEB","PstI.TP787361"," 9","51967865","","0.1876","G"
"4","Trait5","pKWmEB","NsiI.TP362226"," 9","51968115","","0.6812","C"
"4","Trait5","pKWmEB","NsiI.TP362227"," 9","51968133","","0.1903","C"
"4","Trait5","pKWmEB","NsiI.TP773094"," 9","51968182","","0.7785","A"
"4","Trait5","pKWmEB","NsiI.TP136631"," 9","51988933","","0.2487","A"
"4","Trait5","pKWmEB","PstI.TP1136227"," 9","52020995","","0.5528","C"
"4","Trait5","pKWmEB","NsiI.TP521872"," 9","52023089","","0.7785","C"
"4","Trait5","pKWmEB","PstI.TP913414"," 9","52042408","","0.5197","C"
"4","Trait5","pKWmEB","PstI.TP1067511"," 9","52058611","","0.5785","G"
"4","Trait5","pKWmEB","PstI.TP1263335"," 9","52066045","","0.5788","A"
"4","Trait5","pKWmEB","NsiI.TP762621"," 9","52070981","","0.2186","C"
"4","Trait5","pKWmEB","NsiI.TP506875"," 9","52079488","","0.3077","C"
"4","Trait5","pKWmEB","PstI.TP117431"," 9","52082422","","0.2314","A"
"4","Trait5","pKWmEB","NsiI.TP146"," 9","52120597","","0.0399","A"
"4","Trait5","pKWmEB","NsiI.TP348"," 9","52120613","","0.5525","A"
"4","Trait5","pKWmEB","NsiI.TP785688"," 9","52130944","","0.0303","A"
"4","Trait5","pKWmEB","PstI.TP891554"," 9","52132580","","0.5154","C"
"4","Trait5","pKWmEB","PstI.TP1071480"," 9","52135888","","0.3139","C"
"4","Trait5","pKWmEB","NsiI.TP732026"," 9","52137435","","0.1737","C"
"4","Trait5","pKWmEB","NsiI.TP668028"," 9","52144147","","0.2967","A"
"4","Trait5","pKWmEB","NsiI.TP157917"," 9","52144591","","0.5905","C"
"4","Trait5","pKWmEB","PstI.TP549788"," 9","52144783","","0.9664","C"
"4","Trait5","pKWmEB","PstI.TP1031364"," 9","52144937","","0.7571","C"
"4","Trait5","pKWmEB","NsiI.TP596828"," 9","52145388","","0.2674","C"
"4","Trait5","pKWmEB","NsiI.TP693863"," 9","52158703","","0.4709","C"
"4","Trait5","pKWmEB","PstI.TP179275"," 9","52171543","","0.5575","C"
"4","Trait5","pKWmEB","NsiI.TP541300"," 9","52203191","","0.4395","C"
"4","Trait5","pKWmEB","NsiI.TP541301"," 9","52203210","","0.4026","C"
"4","Trait5","pKWmEB","NsiI.TP65505"," 9","52233385","","0.3536","C"
"4","Trait5","pKWmEB","NsiI.TP704438"," 9","52241118","","0.4609","C"
"4","Trait5","pKWmEB","NsiI.TP256711"," 9","52241363","","0.0657","A"
"4","Trait5","pKWmEB","PstI.TP67564"," 9","52265247","","0.5181","A"
"4","Trait5","pKWmEB","PstI.TP880519"," 9","52296770","","0.2178","C"
"4","Trait5","pKWmEB","PstI.TP880520"," 9","52296793","","0.1186","A"
"4","Trait5","pKWmEB","PstI.TP880444"," 9","52296812","","0.1816","C"
"4","Trait5","pKWmEB","PstI.TP1129420"," 9","52303719","","0.4856","A"
"4","Trait5","pKWmEB","PstI.TP1281273"," 9","52305676","","0.0789","C"
"4","Trait5","pKWmEB","NsiI.TP619126"," 9","52326186","","0.6185","G"
"4","Trait5","pKWmEB","PstI.TP312006"," 9","52326342","","0.7024","A"
"4","Trait5","pKWmEB","PstI.TP919066"," 9","52327480","","0.5897","C"
"4","Trait5","pKWmEB","NsiI.TP783486"," 9","52329246","","0.4855","A"
"4","Trait5","pKWmEB","PstI.TP596434"," 9","52339801","","0.0357","A"
"4","Trait5","pKWmEB","PstI.TP1064864"," 9","52345415","","0.0366","C"
"4","Trait5","pKWmEB","NsiI.TP695307"," 9","52349662","","0.1070","G"
"4","Trait5","pKWmEB","NsiI.TP695306"," 9","52349679","","0.0725","A"
"4","Trait5","pKWmEB","PstI.TP1179994"," 9","52362266","","0.0900","C"
"4","Trait5","pKWmEB","PstI.TP754297"," 9","52383960","","1.7813","A"
"4","Trait5","pKWmEB","PstI.TP837130"," 9","52384153","","1.7913","C"
"4","Trait5","pKWmEB","PstI.TP52433"," 9","52386077","","0.3366","A"
"4","Trait5","pKWmEB","NsiI.TP705009"," 9","52389956","","0.5504","A"
"4","Trait5","pKWmEB","PstI.TP643371"," 9","52393822","","1.3066","A"
"4","Trait5","pKWmEB","NsiI.TP497327"," 9","52476585","","0.2295","C"
"4","Trait5","pKWmEB","PstI.TP841898"," 9","52479196","","0.8164","A"
"4","Trait5","pKWmEB","NsiI.TP25470"," 9","52479816","","1.3918","A"
"4","Trait5","pKWmEB","NsiI.TP663012"," 9","52480175","","0.3263","A"
"4","Trait5","pKWmEB","NsiI.TP482734"," 9","52481252","","0.0226","A"
"4","Trait5","pKWmEB","GFSSContig19578_877"," 9","52518574","","0.5575","C"
"4","Trait5","pKWmEB","PstI.TP67877"," 9","52522521","","0.8163","A"
"4","Trait5","pKWmEB","NsiI.TP116172"," 9","52530739","","0.3181","A"
"4","Trait5","pKWmEB","PstI.TP495698"," 9","52545209","","0.1831","C"
"4","Trait5","pKWmEB","PstI.TP446342"," 9","52579755","","0.0861","G"
"4","Trait5","pKWmEB","GFSSContig18701_954"," 9","52590869","","0.3411","T"
"4","Trait5","pKWmEB","GFSSContig18701_2097"," 9","52593409","","0.1374","A"
"4","Trait5","pKWmEB","PstI.TP1009070"," 9","52613327","","0.0401","A"
"4","Trait5","pKWmEB","NsiI.TP151058"," 9","52613984","","0.1721","C"
"4","Trait5","pKWmEB","PstI.TP1209352"," 9","52651436","","0.3053","A"
"4","Trait5","pKWmEB","PstI.TP641471"," 9","52683606","","0.1514","C"
"4","Trait5","pKWmEB","PstI.TP571307"," 9","52687086","","0.7375","A"
"4","Trait5","pKWmEB","GFSSContig16774_1273"," 9","52752657","","0.3759","A"
"4","Trait5","pKWmEB","PstI.TP1113085"," 9","52754125","","0.3134","A"
"4","Trait5","pKWmEB","PstI.TP314580"," 9","52763254","","0.1946","A"
"4","Trait5","pKWmEB","NsiI.TP97042"," 9","52768241","","0.6023","C"
"4","Trait5","pKWmEB","NsiI.TP195450"," 9","52776251","","0.3617","C"
"4","Trait5","pKWmEB","PstI.TP860983"," 9","52777064","","0.1631","A"
"4","Trait5","pKWmEB","NsiI.TP406192"," 9","52788519","","0.6285","A"
"4","Trait5","pKWmEB","NsiI.TP293152"," 9","52810599","","0.1333","C"
"4","Trait5","pKWmEB","PstI.TP788695"," 9","52824939","","0.7688","A"
"4","Trait5","pKWmEB","NsiI.TP235467"," 9","52826863","","0.4249","A"
"4","Trait5","pKWmEB","NsiI.TP235466"," 9","52826872","","0.7914","C"
"4","Trait5","pKWmEB","PstI.TP206983"," 9","52832216","","1.0674","A"
"4","Trait5","pKWmEB","PstI.TP701465"," 9","52833370","","0.4037","C"
"4","Trait5","pKWmEB","PstI.TP726787"," 9","52836747","","0.1225","C"
"4","Trait5","pKWmEB","PstI.TP1017493"," 9","52843173","","0.5662","G"
"4","Trait5","pKWmEB","NsiI.TP588588"," 9","52851454","","0.6358","A"
"4","Trait5","pKWmEB","PstI.TP1147706"," 9","52889343","","0.1014","C"
"4","Trait5","pKWmEB","PstI.TP489437"," 9","52907842","","0.4899","A"
"4","Trait5","pKWmEB","NsiI.TP578484"," 9","52925912","","0.6223","C"
"4","Trait5","pKWmEB","NsiI.TP275227"," 9","52933109","","0.6172","A"
"4","Trait5","pKWmEB","PstI.TP641679"," 9","52933819","","0.0962","A"
"4","Trait5","pKWmEB","PstI.TP1004977"," 9","52938222","","0.4640","A"
"4","Trait5","pKWmEB","PstI.TP1198035"," 9","52938506","","0.6232","C"
"4","Trait5","pKWmEB","PstI.TP5140"," 9","52939618","","0.0835","C"
"4","Trait5","pKWmEB","NsiI.TP429966"," 9","52949610","","0.4679","A"
"4","Trait5","pKWmEB","NsiI.TP355117"," 9","52955678","","1.0199","C"
"4","Trait5","pKWmEB","PstI.TP1211930"," 9","52966496","","0.3051","C"
"4","Trait5","pKWmEB","PstI.TP768018"," 9","52980297","","0.3751","C"
"4","Trait5","pKWmEB","PstI.TP586642"," 9","52998327","","0.0085","C"
"4","Trait5","pKWmEB","NsiI.TP248789"," 9","53034373","","0.3529","A"
"4","Trait5","pKWmEB","PstI.TP685673"," 9","53035339","","0.6303","A"
"4","Trait5","pKWmEB","PstI.TP767679"," 9","53036244","","0.5669","C"
"4","Trait5","pKWmEB","PstI.TP552780"," 9","53037576","","0.6301","G"
"4","Trait5","pKWmEB","NsiI.TP440978"," 9","53064246","","1.1331","A"
"4","Trait5","pKWmEB","NsiI.TP21428"," 9","53077117","","0.1283","A"
"4","Trait5","pKWmEB","NsiI.TP150952"," 9","53077121","","0.0860","C"
"4","Trait5","pKWmEB","GFSSContig2426_408"," 9","53089900","","0.2675","T"
"4","Trait5","pKWmEB","PstI.TP9123"," 9","53093393","","0.5538","A"
"4","Trait5","pKWmEB","PstI.TP9117"," 9","53093415","","0.1975","C"
"4","Trait5","pKWmEB","PstI.TP1218439"," 9","53101439","","1.4187","A"
"4","Trait5","pKWmEB","NsiI.TP247905"," 9","53101525","","1.6079","A"
"4","Trait5","pKWmEB","NsiI.TP240187"," 9","53101667","","0.1265","A"
"4","Trait5","pKWmEB","PstI.TP338880"," 9","53111075","","0.6151","C"
"4","Trait5","pKWmEB","NsiI.TP333806"," 9","53114295","","0.0134","A"
"4","Trait5","pKWmEB","NsiI.TP547580"," 9","53139357","","0.1594","C"
"4","Trait5","pKWmEB","NsiI.TP362007"," 9","53141465","","0.4340","A"
"4","Trait5","pKWmEB","NsiI.TP201278"," 9","53141700","","0.0720","A"
"4","Trait5","pKWmEB","NsiI.TP192811"," 9","53143156","","0.1231","C"
"4","Trait5","pKWmEB","NsiI.TP319877"," 9","53143182","","0.0540","C"
"4","Trait5","pKWmEB","PstI.TP989741"," 9","53145062","","0.9000","A"
"4","Trait5","pKWmEB","PstI.TP726312"," 9","53145659","","0.1535","C"
"4","Trait5","pKWmEB","PstI.TP588448"," 9","53165297","","0.0541","A"
"4","Trait5","pKWmEB","PstI.TP901693"," 9","53170468","","0.5959","C"
"4","Trait5","pKWmEB","PstI.TP869199"," 9","53173205","","0.5621","C"
"4","Trait5","pKWmEB","PstI.TP1043501"," 9","53184229","","0.2611","C"
"4","Trait5","pKWmEB","PstI.TP991301"," 9","53203869","","2.1198","C"
"4","Trait5","pKWmEB","PstI.TP624271"," 9","53221888","","0.0402","A"
"4","Trait5","pKWmEB","NsiI.TP436585"," 9","53222437","","0.0456","A"
"4","Trait5","pKWmEB","PstI.TP475191"," 9","53225889","","0.4488","C"
"4","Trait5","pKWmEB","NsiI.TP135102"," 9","53254265","","0.4657","G"
"4","Trait5","pKWmEB","NsiI.TP530198"," 9","53263981","","1.2174","C"
"4","Trait5","pKWmEB","NsiI.TP530130"," 9","53263991","","0.2358","C"
"4","Trait5","pKWmEB","PstI.TP1170086"," 9","53284975","","0.2343","C"
"4","Trait5","pKWmEB","NsiI.TP326708"," 9","53318303","","0.0577","A"
"4","Trait5","pKWmEB","NsiI.TP113042"," 9","53350666","","1.0765","C"
"4","Trait5","pKWmEB","NsiI.TP617090"," 9","53350831","","0.4254","C"
"4","Trait5","pKWmEB","GFSSmeganDLF1_1"," 9","53351508","","0.8516","A"
"4","Trait5","pKWmEB","PstI.TP1275388"," 9","53353489","","0.3558","A"
"4","Trait5","pKWmEB","NsiI.TP427151"," 9","53356975","","0.4871","G"
"4","Trait5","pKWmEB","PstI.TP315129"," 9","53365878","","1.3526","A"
"4","Trait5","pKWmEB","NsiI.TP706779"," 9","53384298","","0.7872","C"
"4","Trait5","pKWmEB","NsiI.TP29399"," 9","53384394","","0.1648","A"
"4","Trait5","pKWmEB","PstI.TP418489"," 9","53405123","","0.1416","A"
"4","Trait5","pKWmEB","PstI.TP347484"," 9","53405188","","0.0600","C"
"4","Trait5","pKWmEB","PstI.TP441583"," 9","53407603","","0.0054","C"
"4","Trait5","pKWmEB","PstI.TP151034"," 9","53410367","","0.7482","C"
"4","Trait5","pKWmEB","PstI.TP463048"," 9","53410626","","0.2446","C"
"4","Trait5","pKWmEB","PstI.TP86224"," 9","53450196","","0.1648","A"
"4","Trait5","pKWmEB","NsiI.TP232283"," 9","53454523","","0.5956","C"
"4","Trait5","pKWmEB","PstI.TP442963"," 9","53454619","","2.1154","C"
"4","Trait5","pKWmEB","NsiI.TP362277"," 9","53457058","","0.0805","C"
"4","Trait5","pKWmEB","PstI.TP940934"," 9","53457229","","0.1581","A"
"4","Trait5","pKWmEB","PstI.TP1248938"," 9","53493152","","0.0009","A"
"4","Trait5","pKWmEB","PstI.TP336030"," 9","53516923","","0.8384","C"
"4","Trait5","pKWmEB","PstI.TP761235"," 9","53550546","","1.0458","C"
"4","Trait5","pKWmEB","PstI.TP938528"," 9","53559180","","0.0250","C"
"4","Trait5","pKWmEB","NsiI.TP316582"," 9","53570893","","0.2644","C"
"4","Trait5","pKWmEB","PstI.TP1124231"," 9","53588686","","0.3599","A"
"4","Trait5","pKWmEB","PstI.TP752400"," 9","53594886","","1.3061","G"
"4","Trait5","pKWmEB","PstI.TP109453"," 9","53603794","","0.0938","A"
"4","Trait5","pKWmEB","GFSSContig9550_549"," 9","53611339","","1.1120","A"
"4","Trait5","pKWmEB","NsiI.TP33300"," 9","53629039","","0.2566","C"
"4","Trait5","pKWmEB","PstI.TP1062288"," 9","53633852","","0.1447","C"
"4","Trait5","pKWmEB","PstI.TP457883"," 9","53634352","","0.5712","C"
"4","Trait5","pKWmEB","PstI.TP1293871"," 9","53653485","","0.3001","C"
"4","Trait5","pKWmEB","NsiI.TP820407"," 9","53692617","","0.1567","G"
"4","Trait5","pKWmEB","NsiI.TP742076"," 9","53699996","","0.1776","C"
"4","Trait5","pKWmEB","NsiI.TP589781"," 9","53713876","","0.3673","A"
"4","Trait5","pKWmEB","PstI.TP77625"," 9","53718156","","0.0307","C"
"4","Trait5","pKWmEB","NsiI.TP56324"," 9","53718156","","0.0760","C"
"4","Trait5","pKWmEB","NsiI.TP115244"," 9","53718178","","0.0047","A"
"4","Trait5","pKWmEB","PstI.TP1052445"," 9","53720191","","0.5267","C"
"4","Trait5","pKWmEB","PstI.TP77620"," 9","53720938","","0.1001","C"
"4","Trait5","pKWmEB","NsiI.TP749247"," 9","53722269","","1.2187","A"
"4","Trait5","pKWmEB","PstI.TP77203"," 9","53724314","","0.1425","A"
"4","Trait5","pKWmEB","PstI.TP1087403"," 9","53780487","","0.0765","C"
"4","Trait5","pKWmEB","PstI.TP983746"," 9","53781414","","1.6217","A"
"4","Trait5","pKWmEB","NsiI.TP285280"," 9","53781422","","1.0560","G"
"4","Trait5","pKWmEB","PstI.TP513010"," 9","53784174","","0.4693","A"
"4","Trait5","pKWmEB","PstI.TP746782"," 9","53784279","","0.0919","G"
"4","Trait5","pKWmEB","NsiI.TP75791"," 9","53787793","","1.9141","C"
"4","Trait5","pKWmEB","NsiI.TP666612"," 9","53820139","","0.2170","G"
"4","Trait5","pKWmEB","PstI.TP901443"," 9","53856845","","0.1382","C"
"4","Trait5","pKWmEB","NsiI.TP746835"," 9","53858582","","0.4220","A"
"4","Trait5","pKWmEB","NsiI.TP660935"," 9","53860930","","0.4357","A"
"4","Trait5","pKWmEB","PstI.TP1006754"," 9","53881407","","0.1873","C"
"4","Trait5","pKWmEB","NsiI.TP802879"," 9","53902419","","0.9680","A"
"4","Trait5","pKWmEB","NsiI.TP415575"," 9","53923129","","0.4577","A"
"4","Trait5","pKWmEB","NsiI.TP760315"," 9","53934386","","0.4891","C"
"4","Trait5","pKWmEB","NsiI.TP439784"," 9","53941229","","0.3900","C"
"4","Trait5","pKWmEB","NsiI.TP356113"," 9","53944532","","0.3425","A"
"4","Trait5","pKWmEB","PstI.TP464518"," 9","53964579","","0.3289","A"
"4","Trait5","pKWmEB","GFSSContig18315_975"," 9","53976945","","0.0576","A"
"4","Trait5","pKWmEB","NsiI.TP278723"," 9","53982466","","0.0369","A"
"4","Trait5","pKWmEB","PstI.TP1203832"," 9","53986817","","0.0562","G"
"4","Trait5","pKWmEB","NsiI.TP288582"," 9","53997783","","1.3220","C"
"4","Trait5","pKWmEB","NsiI.TP352175"," 9","54010856","","0.4140","C"
"4","Trait5","pKWmEB","NsiI.TP39634"," 9","54033606","","0.0927","C"
"4","Trait5","pKWmEB","PstI.TP909243"," 9","54033928","","0.4962","C"
"4","Trait5","pKWmEB","PstI.TP65398"," 9","54033986","","0.1984","A"
"4","Trait5","pKWmEB","PstI.TP1109274"," 9","54046897","","0.1891","A"
"4","Trait5","pKWmEB","PstI.TP1090503"," 9","54050222","","0.5926","A"
"4","Trait5","pKWmEB","NsiI.TP687392"," 9","54071911","","0.0650","G"
"4","Trait5","pKWmEB","NsiI.TP256580"," 9","54079974","","0.0185","C"
"4","Trait5","pKWmEB","NsiI.TP678884"," 9","54090202","","0.3128","A"
"4","Trait5","pKWmEB","NsiI.TP350445"," 9","54098227","","0.1706","C"
"4","Trait5","pKWmEB","PstI.TP487645"," 9","54136565","","0.7965","A"
"4","Trait5","pKWmEB","PstI.TP688054"," 9","54142346","","1.9511","C"
"4","Trait5","pKWmEB","NsiI.TP561393"," 9","54150213","","0.6746","G"
"4","Trait5","pKWmEB","NsiI.TP757359"," 9","54204595","","0.1327","C"
"4","Trait5","pKWmEB","NsiI.TP173283"," 9","54219726","","0.0999","G"
"4","Trait5","pKWmEB","NsiI.TP70796"," 9","54232781","","0.0460","A"
"4","Trait5","pKWmEB","PstI.TP1271986"," 9","54248799","","0.5863","C"
"4","Trait5","pKWmEB","NsiI.TP830777"," 9","54252440","","0.6508","A"
"4","Trait5","pKWmEB","PstI.TP437245"," 9","54288726","","1.4068","G"
"4","Trait5","pKWmEB","PstI.TP412441"," 9","54289082","","0.2281","A"
"4","Trait5","pKWmEB","PstI.TP709528"," 9","54335088","","0.4646","C"
"4","Trait5","pKWmEB","PstI.TP947509"," 9","54343222","","0.0071","A"
"4","Trait5","pKWmEB","PstI.TP1085708"," 9","54359783","","0.4778","C"
"4","Trait5","pKWmEB","PstI.TP386310"," 9","54361924","","0.1168","G"
"4","Trait5","pKWmEB","PstI.TP1104713"," 9","54364050","","0.0093","A"
"4","Trait5","pKWmEB","PstI.TP420293"," 9","54366209","","0.2295","A"
"4","Trait5","pKWmEB","PstI.TP42622"," 9","54369155","","1.0454","A"
"4","Trait5","pKWmEB","PstI.TP834958"," 9","54418483","","1.4194","A"
"4","Trait5","pKWmEB","NsiI.TP229297"," 9","54424678","","0.0594","C"
"4","Trait5","pKWmEB","NsiI.TP229964"," 9","54430662","","0.5662","A"
"4","Trait5","pKWmEB","NsiI.TP159022"," 9","54432220","","0.4029","A"
"4","Trait5","pKWmEB","NsiI.TP257488"," 9","54504491","","1.5128","A"
"4","Trait5","pKWmEB","NsiI.TP89977"," 9","54524378","","0.3399","A"
"4","Trait5","pKWmEB","PstI.TP135686"," 9","54553835","","0.6504","G"
"4","Trait5","pKWmEB","PstI.TP1079684"," 9","54555012","","0.1529","A"
"4","Trait5","pKWmEB","PstI.TP1248173"," 9","54556422","","0.6965","C"
"4","Trait5","pKWmEB","NsiI.TP168490"," 9","54573492","","0.1815","C"
"4","Trait5","pKWmEB","PstI.TP201664"," 9","54577782","","0.0398","A"
"4","Trait5","pKWmEB","PstI.TP898128"," 9","54591637","","0.0089","A"
"4","Trait5","pKWmEB","PstI.TP255262"," 9","54591717","","0.0106","A"
"4","Trait5","pKWmEB","PstI.TP780145"," 9","54592677","","1.9037","C"
"4","Trait5","pKWmEB","PstI.TP217742"," 9","54604984","","0.0871","A"
"4","Trait5","pKWmEB","NsiI.TP375743"," 9","54606833","","0.1146","A"
"4","Trait5","pKWmEB","PstI.TP853729"," 9","54621737","","0.1033","G"
"4","Trait5","pKWmEB","PstI.TP921352"," 9","54669959","","0.1775","A"
"4","Trait5","pKWmEB","PstI.TP829896"," 9","54677553","","0.4660","C"
"4","Trait5","pKWmEB","PstI.TP853037"," 9","54680500","","0.3960","A"
"4","Trait5","pKWmEB","NsiI.TP491821"," 9","54680676","","0.1039","A"
"4","Trait5","pKWmEB","PstI.TP1150243"," 9","54680742","","0.5730","A"
"4","Trait5","pKWmEB","NsiI.TP450715"," 9","54698454","","1.0148","A"
"4","Trait5","pKWmEB","NsiI.TP85450"," 9","54712296","","0.8376","C"
"4","Trait5","pKWmEB","PstI.TP1089712"," 9","54712297","","0.7419","C"
"4","Trait5","pKWmEB","GFSSContig15868_1101"," 9","54734181","","0.2451","A"
"4","Trait5","pKWmEB","NsiI.TP228007"," 9","54740899","","0.1936","A"
"4","Trait5","pKWmEB","PstI.TP1008128"," 9","54742077","","0.2346","A"
"4","Trait5","pKWmEB","NsiI.TP516114"," 9","54849994","","0.0254","G"
"4","Trait5","pKWmEB","NsiI.TP219856"," 9","54876769","","0.4288","C"
"4","Trait5","pKWmEB","NsiI.TP125412"," 9","54877907","","0.7882","A"
"4","Trait5","pKWmEB","PstI.TP162864"," 9","54890132","","0.2800","A"
"4","Trait5","pKWmEB","PstI.TP622011"," 9","54905298","","0.0576","A"
"4","Trait5","pKWmEB","PstI.TP349173"," 9","54946366","","0.4606","A"
"4","Trait5","pKWmEB","PstI.TP997136"," 9","54968532","","0.3398","A"
"4","Trait5","pKWmEB","PstI.TP1172350"," 9","54973289","","0.0598","A"
"4","Trait5","pKWmEB","NsiI.TP662991"," 9","54983575","","0.1214","C"
"4","Trait5","pKWmEB","NsiI.TP700854"," 9","54986378","","0.5967","G"
"4","Trait5","pKWmEB","NsiI.TP558740"," 9","54998510","","0.2686","G"
"4","Trait5","pKWmEB","PstI.TP1101676"," 9","55031033","","0.4542","A"
"4","Trait5","pKWmEB","PstI.TP1234999"," 9","55047113","","0.7457","C"
"4","Trait5","pKWmEB","PstI.TP363961"," 9","55058810","","2.0272","C"
"4","Trait5","pKWmEB","NsiI.TP465043"," 9","55071750","","0.3125","A"
"4","Trait5","pKWmEB","PstI.TP1114512"," 9","55075636","","1.0341","C"
"4","Trait5","pKWmEB","PstI.TP593877"," 9","55077360","","1.3964","C"
"4","Trait5","pKWmEB","PstI.TP335710"," 9","55077385","","0.1804","A"
"4","Trait5","pKWmEB","PstI.TP1022725"," 9","55077420","","0.6745","A"
"4","Trait5","pKWmEB","PstI.TP1159197"," 9","55082361","","0.6042","C"
"4","Trait5","pKWmEB","NsiI.TP260145"," 9","55098373","","0.0088","A"
"4","Trait5","pKWmEB","NsiI.TP20561"," 9","55108236","","1.1465","A"
"4","Trait5","pKWmEB","NsiI.TP769339"," 9","55116830","","0.8893","A"
"4","Trait5","pKWmEB","PstI.TP1042727"," 9","55140806","","0.9993","C"
"4","Trait5","pKWmEB","NsiI.TP685931"," 9","55143621","","0.9595","A"
"4","Trait5","pKWmEB","NsiI.TP362960"," 9","55155806","","0.6061","C"
"4","Trait5","pKWmEB","PstI.TP39196"," 9","55156577","","0.8563","C"
"4","Trait5","pKWmEB","PstI.TP349797"," 9","55168888","","0.6497","G"
"4","Trait5","pKWmEB","PstI.TP828064"," 9","55177255","","0.9140","C"
"4","Trait5","pKWmEB","PstI.TP858068"," 9","55189679","","0.1267","A"
"4","Trait5","pKWmEB","PstI.TP676098"," 9","55190791","","0.6769","G"
"4","Trait5","pKWmEB","PstI.TP162813"," 9","55195809","","0.1145","A"
"4","Trait5","pKWmEB","PstI.TP1126093"," 9","55207278","","0.1838","A"
"4","Trait5","pKWmEB","PstI.TP832007"," 9","55211792","","0.3808","A"
"4","Trait5","pKWmEB","PstI.TP996763"," 9","55211916","","0.4318","C"
"4","Trait5","pKWmEB","NsiI.TP374891"," 9","55211916","","0.2681","C"
"4","Trait5","pKWmEB","PstI.TP890036"," 9","55215176","","0.0940","C"
"4","Trait5","pKWmEB","PstI.TP774050"," 9","55216182","","0.4385","C"
"4","Trait5","pKWmEB","PstI.TP355049"," 9","55239543","","0.0994","A"
"4","Trait5","pKWmEB","PstI.TP210243"," 9","55242138","","0.2131","A"
"4","Trait5","pKWmEB","PstI.TP661936"," 9","55242138","","0.8347","C"
"4","Trait5","pKWmEB","PstI.TP1218441"," 9","55242950","","0.0056","C"
"4","Trait5","pKWmEB","NsiI.TP377191"," 9","55246694","","0.6746","A"
"4","Trait5","pKWmEB","PstI.TP249214"," 9","55279888","","0.5146","A"
"4","Trait5","pKWmEB","GFSSContig10339_597"," 9","55306752","","0.0769","T"
"4","Trait5","pKWmEB","NsiI.TP213759"," 9","55306858","","0.1962","A"
"4","Trait5","pKWmEB","PstI.TP117042"," 9","55442463","","0.5508","C"
"4","Trait5","pKWmEB","NsiI.TP99626"," 9","55446767","","0.2279","C"
"4","Trait5","pKWmEB","NsiI.TP815402"," 9","55446804","","0.2597","A"
"4","Trait5","pKWmEB","PstI.TP1094509"," 9","55453914","","0.2868","A"
"4","Trait5","pKWmEB","PstI.TP1181986"," 9","55454428","","0.0115","C"
"4","Trait5","pKWmEB","PstI.TP979514"," 9","55476690","","0.3713","A"
"4","Trait5","pKWmEB","NsiI.TP329755"," 9","55493512","","0.3117","C"
"4","Trait5","pKWmEB","PstI.TP1270744"," 9","55493679","","0.5242","C"
"4","Trait5","pKWmEB","PstI.TP940076"," 9","55493743","","0.6764","G"
"4","Trait5","pKWmEB","PstI.TP43738"," 9","55505029","","0.0199","A"
"4","Trait5","pKWmEB","PstI.TP879863"," 9","55525793","","0.0177","A"
"4","Trait5","pKWmEB","NsiI.TP738747"," 9","55526594","","0.4528","A"
"4","Trait5","pKWmEB","NsiI.TP315150"," 9","55537080","","0.1389","A"
"4","Trait5","pKWmEB","PstI.TP74852"," 9","55541743","","1.6505","C"
"4","Trait5","pKWmEB","PstI.TP1203944"," 9","55564969","","0.1510","C"
"4","Trait5","pKWmEB","PstI.TP717887"," 9","55603832","","0.2379","C"
"4","Trait5","pKWmEB","PstI.TP861016"," 9","55625558","","0.8737","C"
"4","Trait5","pKWmEB","PstI.TP1078499"," 9","55635125","","0.6267","A"
"4","Trait5","pKWmEB","NsiI.TP436773"," 9","55672294","","0.5125","C"
"4","Trait5","pKWmEB","NsiI.TP409959"," 9","55673183","","0.0660","C"
"4","Trait5","pKWmEB","NsiI.TP391447"," 9","55681002","","0.0177","A"
"4","Trait5","pKWmEB","PstI.TP160694"," 9","55685356","","0.2888","G"
"4","Trait5","pKWmEB","PstI.TP36312"," 9","55727069","","0.0620","C"
"4","Trait5","pKWmEB","NsiI.TP169382"," 9","55737180","","1.0680","C"
"4","Trait5","pKWmEB","PstI.TP1250399"," 9","55741541","","1.7292","G"
"4","Trait5","pKWmEB","NsiI.TP793368"," 9","55750615","","0.0962","C"
"4","Trait5","pKWmEB","PstI.TP622091"," 9","55791548","","0.3400","A"
"4","Trait5","pKWmEB","NsiI.TP602982"," 9","55813609","","0.1341","A"
"4","Trait5","pKWmEB","NsiI.TP673924"," 9","55816185","","0.3143","C"
"4","Trait5","pKWmEB","PstI.TP844978"," 9","55816855","","0.0342","A"
"4","Trait5","pKWmEB","PstI.TP1014075"," 9","55826719","","0.1315","C"
"4","Trait5","pKWmEB","PstI.TP1014074"," 9","55826724","","0.2200","A"
"4","Trait5","pKWmEB","PstI.TP1102644"," 9","55827134","","0.0236","C"
"4","Trait5","pKWmEB","NsiI.TP662499"," 9","55877436","","0.2512","A"
"4","Trait5","pKWmEB","PstI.TP80391"," 9","55886281","","0.5564","C"
"4","Trait5","pKWmEB","NsiI.TP336251"," 9","55892419","","0.0331","A"
"4","Trait5","pKWmEB","PstI.TP1250588"," 9","55892819","","0.3757","A"
"4","Trait5","pKWmEB","NsiI.TP445017"," 9","55901846","","0.5561","A"
"4","Trait5","pKWmEB","GFk40ctg123299_208"," 9","55923478","","0.0000","A"
"4","Trait5","pKWmEB","PstI.TP256775"," 9","55929912","","0.1323","A"
"4","Trait5","pKWmEB","NsiI.TP833315"," 9","55930379","","0.0604","C"
"4","Trait5","pKWmEB","PstI.TP270319"," 9","55939557","","0.9691","C"
"4","Trait5","pKWmEB","NsiI.TP762353"," 9","55946371","","0.0690","A"
"4","Trait5","pKWmEB","PstI.TP316648"," 9","55957859","","0.6313","C"
"4","Trait5","pKWmEB","NsiI.TP200783"," 9","55961133","","0.3884","C"
"4","Trait5","pKWmEB","NsiI.TP670962"," 9","55961210","","0.4935","G"
"4","Trait5","pKWmEB","PstI.TP387329"," 9","55961556","","0.6933","C"
"4","Trait5","pKWmEB","PstI.TP116355"," 9","55967635","","0.0676","A"
"4","Trait5","pKWmEB","PstI.TP1153301"," 9","55968975","","0.0042","A"
"4","Trait5","pKWmEB","NsiI.TP328169"," 9","55972214","","0.0725","G"
"4","Trait5","pKWmEB","PstI.TP483035"," 9","55972290","","0.4678","C"
"4","Trait5","pKWmEB","PstI.TP784135"," 9","55979967","","0.6387","C"
"4","Trait5","pKWmEB","NsiI.TP738487"," 9","55984582","","0.4642","C"
"4","Trait5","pKWmEB","PstI.TP1099841"," 9","55993675","","0.7367","A"
"4","Trait5","pKWmEB","PstI.TP1102724"," 9","56001461","","0.5126","C"
"4","Trait5","pKWmEB","NsiI.TP119506"," 9","56029837","","0.2924","A"
"4","Trait5","pKWmEB","PstI.TP551551"," 9","56031713","","0.3660","C"
"4","Trait5","pKWmEB","NsiI.TP616446"," 9","56031936","","0.3967","C"
"4","Trait5","pKWmEB","PstI.TP1158085"," 9","56043796","","0.9691","A"
"4","Trait5","pKWmEB","PstI.TP811568"," 9","56079716","","0.0656","A"
"4","Trait5","pKWmEB","NsiI.TP153764"," 9","56101225","","0.9186","A"
"4","Trait5","pKWmEB","PstI.TP132499"," 9","56107884","","0.3667","A"
"4","Trait5","pKWmEB","PstI.TP265054"," 9","56115773","","0.7278","G"
"4","Trait5","pKWmEB","NsiI.TP281398"," 9","56116743","","0.6957","A"
"4","Trait5","pKWmEB","NsiI.TP225064"," 9","56118866","","0.2057","C"
"4","Trait5","pKWmEB","NsiI.TP153193"," 9","56125250","","0.1582","A"
"4","Trait5","pKWmEB","PstI.TP285940"," 9","56125591","","0.3432","A"
"4","Trait5","pKWmEB","PstI.TP943613"," 9","56125618","","0.4552","A"
"4","Trait5","pKWmEB","PstI.TP1292650"," 9","56135356","","0.0169","A"
"4","Trait5","pKWmEB","PstI.TP788169"," 9","56135810","","0.1264","A"
"4","Trait5","pKWmEB","NsiI.TP86299"," 9","56152259","","0.2713","A"
"4","Trait5","pKWmEB","PstI.TP700182"," 9","56152423","","0.5411","A"
"4","Trait5","pKWmEB","NsiI.TP161693"," 9","56152528","","0.1342","A"
"4","Trait5","pKWmEB","NsiI.TP43089"," 9","56153157","","0.7780","A"
"4","Trait5","pKWmEB","NsiI.TP798663"," 9","56154443","","0.0445","C"
"4","Trait5","pKWmEB","PstI.TP58213"," 9","56165441","","1.6678","A"
"4","Trait5","pKWmEB","PstI.TP106522"," 9","56178557","","0.0069","A"
"4","Trait5","pKWmEB","PstI.TP265377"," 9","56178766","","0.7189","C"
"4","Trait5","pKWmEB","PstI.TP1139936"," 9","56179529","","0.0513","C"
"4","Trait5","pKWmEB","PstI.TP512904"," 9","56180672","","0.3730","C"
"4","Trait5","pKWmEB","NsiI.TP535068"," 9","56202511","","0.3751","A"
"4","Trait5","pKWmEB","NsiI.TP424328"," 9","56202884","","3.0576","A"
"4","Trait5","pKWmEB","PstI.TP349556"," 9","56207028","","0.8357","C"
"4","Trait5","pKWmEB","PstI.TP731038"," 9","56211492","","1.5824","C"
"4","Trait5","pKWmEB","PstI.TP15780"," 9","56211895","","1.3881","A"
"4","Trait5","pKWmEB","NsiI.TP94109"," 9","56225184","","2.0718","C"
"4","Trait5","pKWmEB","NsiI.TP86640"," 9","56225218","","0.7377","C"
"4","Trait5","pKWmEB","PstI.TP901852"," 9","56232688","","1.9937","A"
"4","Trait5","pKWmEB","PstI.TP994584"," 9","56234158","","0.2402","C"
"4","Trait5","pKWmEB","PstI.TP794116"," 9","56234362","","0.4529","A"
"4","Trait5","pKWmEB","PstI.TP476170"," 9","56238781","","0.6167","A"
"4","Trait5","pKWmEB","PstI.TP189676"," 9","56252422","","0.9426","C"
"4","Trait5","pKWmEB","NsiI.TP422978"," 9","56358200","","0.0610","C"
"4","Trait5","pKWmEB","NsiI.TP425145"," 9","56358205","","0.0373","C"
"4","Trait5","pKWmEB","NsiI.TP722875"," 9","56359384","","0.4399","C"
"4","Trait5","pKWmEB","PstI.TP1140331"," 9","56361768","","0.2030","C"
"4","Trait5","pKWmEB","NsiI.TP170146"," 9","56362512","","0.0198","A"
"4","Trait5","pKWmEB","NsiI.TP259324"," 9","56371349","","0.0509","A"
"4","Trait5","pKWmEB","PstI.TP827439"," 9","56440541","","0.3193","C"
"4","Trait5","pKWmEB","NsiI.TP687131"," 9","56454890","","0.4194","A"
"4","Trait5","pKWmEB","NsiI.TP293596"," 9","56460884","","0.1185","C"
"4","Trait5","pKWmEB","PstI.TP688386"," 9","56467765","","0.1041","A"
"4","Trait5","pKWmEB","PstI.TP346820"," 9","56488908","","0.3303","A"
"4","Trait5","pKWmEB","PstI.TP757368"," 9","56488908","","0.5390","C"
"4","Trait5","pKWmEB","PstI.TP589168"," 9","56497674","","0.2198","A"
"4","Trait5","pKWmEB","PstI.TP90857"," 9","56499923","","0.4503","A"
"4","Trait5","pKWmEB","PstI.TP1025701"," 9","56524084","","0.0377","C"
"4","Trait5","pKWmEB","NsiI.TP436544"," 9","56552803","","0.7597","C"
"4","Trait5","pKWmEB","PstI.TP94534"," 9","56597128","","0.1977","G"
"4","Trait5","pKWmEB","PstI.TP613511"," 9","56599721","","0.0492","A"
"4","Trait5","pKWmEB","PstI.TP613512"," 9","56599740","","1.0882","C"
"4","Trait5","pKWmEB","PstI.TP442690"," 9","56608067","","0.2606","A"
"4","Trait5","pKWmEB","PstI.TP1104589"," 9","56629291","","0.7214","A"
"4","Trait5","pKWmEB","PstI.TP1188178"," 9","56631268","","0.0565","A"
"4","Trait5","pKWmEB","PstI.TP492129"," 9","56657586","","0.4176","C"
"4","Trait5","pKWmEB","PstI.TP783096"," 9","56666756","","0.5662","A"
"4","Trait5","pKWmEB","NsiI.TP73011"," 9","56668753","","1.2170","A"
"4","Trait5","pKWmEB","NsiI.TP453320"," 9","56671327","","0.8978","C"
"4","Trait5","pKWmEB","PstI.TP700009"," 9","56703166","","0.0123","A"
"4","Trait5","pKWmEB","NsiI.TP492284"," 9","56712348","","0.4281","A"
"4","Trait5","pKWmEB","NsiI.TP559522"," 9","56728211","","0.5294","A"
"4","Trait5","pKWmEB","PstI.TP45924"," 9","56733003","","0.2700","A"
"4","Trait5","pKWmEB","PstI.TP644332"," 9","56733035","","0.1853","C"
"4","Trait5","pKWmEB","PstI.TP760791"," 9","56736412","","0.3194","C"
"4","Trait5","pKWmEB","PstI.TP191047"," 9","56779772","","0.4032","A"
"4","Trait5","pKWmEB","PstI.TP1293272"," 9","56781703","","1.3643","A"
"4","Trait5","pKWmEB","NsiI.TP158222"," 9","56790425","","0.8322","G"
"4","Trait5","pKWmEB","PstI.TP862620"," 9","56791733","","0.5819","C"
"4","Trait5","pKWmEB","NsiI.TP571380"," 9","56796723","","0.3832","C"
"4","Trait5","pKWmEB","NsiI.TP31280"," 9","56802717","","0.0738","C"
"4","Trait5","pKWmEB","PstI.TP1149819"," 9","56805113","","0.0305","A"
"4","Trait5","pKWmEB","PstI.TP728267"," 9","56809992","","0.1417","C"
"4","Trait5","pKWmEB","NsiI.TP707549"," 9","56825848","","0.0185","C"
"4","Trait5","pKWmEB","PstI.TP805819"," 9","56839160","","0.5860","C"
"4","Trait5","pKWmEB","PstI.TP572213"," 9","56840292","","0.6391","A"
"4","Trait5","pKWmEB","PstI.TP173688"," 9","56840311","","0.1185","A"
"4","Trait5","pKWmEB","PstI.TP821331"," 9","56852823","","1.1684","C"
"4","Trait5","pKWmEB","NsiI.TP529142"," 9","56879095","","0.6128","G"
"4","Trait5","pKWmEB","NsiI.TP198719"," 9","56879144","","0.7656","G"
"4","Trait5","pKWmEB","PstI.TP1157052"," 9","56882603","","0.6059","A"
"4","Trait5","pKWmEB","PstI.TP546009"," 9","56888557","","0.7095","A"
"4","Trait5","pKWmEB","PstI.TP546003"," 9","56888573","","0.3128","G"
"4","Trait5","pKWmEB","NsiI.TP336795"," 9","56890558","","0.0217","C"
"4","Trait5","pKWmEB","PstI.TP904238"," 9","56890594","","0.3943","A"
"4","Trait5","pKWmEB","PstI.TP759517"," 9","56896624","","0.6585","A"
"4","Trait5","pKWmEB","PstI.TP1140456"," 9","56897529","","0.8206","A"
"4","Trait5","pKWmEB","PstI.TP261689"," 9","56906362","","0.7954","A"
"4","Trait5","pKWmEB","PstI.TP930653"," 9","56906789","","0.1743","A"
"4","Trait5","pKWmEB","PstI.TP1023013"," 9","56906861","","0.2614","A"
"4","Trait5","pKWmEB","PstI.TP884095"," 9","56925631","","0.2651","A"
"4","Trait5","pKWmEB","NsiI.TP676889"," 9","56927943","","0.1302","A"
"4","Trait5","pKWmEB","PstI.TP364228"," 9","56945624","","1.1540","G"
"4","Trait5","pKWmEB","PstI.TP1265645"," 9","56989922","","0.1871","C"
"4","Trait5","pKWmEB","NsiI.TP769436"," 9","56990084","","0.0517","C"
"4","Trait5","pKWmEB","PstI.TP635461"," 9","56995495","","0.5819","C"
"4","Trait5","pKWmEB","PstI.TP75909"," 9","56999108","","0.6943","A"
"4","Trait5","pKWmEB","NsiI.TP488526"," 9","57014578","","1.1704","A"
"4","Trait5","pKWmEB","PstI.TP485114"," 9","57032697","","0.1196","A"
"4","Trait5","pKWmEB","PstI.TP485111"," 9","57032699","","0.2003","A"
"4","Trait5","pKWmEB","NsiI.TP90699"," 9","57043017","","0.6125","G"
"4","Trait5","pKWmEB","PstI.TP538688"," 9","57046696","","0.2305","A"
"4","Trait5","pKWmEB","PstI.TP948867"," 9","57048243","","1.1370","C"
"4","Trait5","pKWmEB","PstI.TP91283"," 9","57061948","","0.1633","C"
"4","Trait5","pKWmEB","PstI.TP801703"," 9","57064562","","0.1966","A"
"4","Trait5","pKWmEB","NsiI.TP459743"," 9","57066644","","0.4341","A"
"4","Trait5","pKWmEB","PstI.TP667551"," 9","57073646","","0.6649","C"
"4","Trait5","pKWmEB","NsiI.TP233204"," 9","57081211","","0.7213","C"
"4","Trait5","pKWmEB","NsiI.TP771030"," 9","57088018","","0.3256","C"
"4","Trait5","pKWmEB","NsiI.TP128959"," 9","57088886","","0.4120","C"
"4","Trait5","pKWmEB","PstI.TP319583"," 9","57094022","","0.1522","C"
"4","Trait5","pKWmEB","NsiI.TP600021"," 9","57108715","","0.1884","G"
"4","Trait5","pKWmEB","GFSSContig5277_533"," 9","57114604","","0.4506","T"
"4","Trait5","pKWmEB","GFSSContig16921_632"," 9","57129703","","0.1348","A"
"4","Trait5","pKWmEB","PstI.TP72432"," 9","57164171","","0.4078","C"
"4","Trait5","pKWmEB","NsiI.TP25653"," 9","57197546","","0.4976","A"
"4","Trait5","pKWmEB","NsiI.TP280878"," 9","57240472","","0.7655","A"
"4","Trait5","pKWmEB","PstI.TP632102"," 9","57259141","","0.0170","A"
"4","Trait5","pKWmEB","NsiI.TP489710"," 9","57260202","","0.0063","C"
"4","Trait5","pKWmEB","PstI.TP426705"," 9","57264223","","0.1946","C"
"4","Trait5","pKWmEB","NsiI.TP66114"," 9","57265279","","0.1457","C"
"4","Trait5","pKWmEB","PstI.TP539272"," 9","57266122","","0.7093","A"
"4","Trait5","pKWmEB","PstI.TP122734"," 9","57273792","","0.3002","C"
"4","Trait5","pKWmEB","NsiI.TP459860"," 9","57273897","","0.1299","C"
"4","Trait5","pKWmEB","PstI.TP1096253"," 9","57274214","","0.0934","C"
"4","Trait5","pKWmEB","NsiI.TP390209"," 9","57275619","","0.3984","A"
"4","Trait5","pKWmEB","PstI.TP140364"," 9","57283110","","0.1853","C"
"4","Trait5","pKWmEB","NsiI.TP325358"," 9","57305963","","0.4357","A"
"4","Trait5","pKWmEB","PstI.TP203450"," 9","57308183","","0.0031","G"
"4","Trait5","pKWmEB","PstI.TP923634"," 9","57313718","","0.0035","A"
"4","Trait5","pKWmEB","PstI.TP595651"," 9","57313799","","0.5609","C"
"4","Trait5","pKWmEB","PstI.TP794726"," 9","57314009","","0.5932","C"
"4","Trait5","pKWmEB","NsiI.TP82848"," 9","57323154","","0.6000","C"
"4","Trait5","pKWmEB","PstI.TP287945"," 9","57331874","","0.3847","C"
"4","Trait5","pKWmEB","NsiI.TP779142"," 9","57332823","","0.1264","C"
"4","Trait5","pKWmEB","PstI.TP176238"," 9","57334019","","0.0815","A"
"4","Trait5","pKWmEB","PstI.TP761246"," 9","57334989","","0.1176","A"
"4","Trait5","pKWmEB","PstI.TP1225212"," 9","57339349","","0.5508","A"
"4","Trait5","pKWmEB","PstI.TP824522"," 9","57344908","","0.0197","C"
"4","Trait5","pKWmEB","PstI.TP790135"," 9","57345247","","0.2413","A"
"4","Trait5","pKWmEB","NsiI.TP303630"," 9","57347465","","0.9539","G"
"4","Trait5","pKWmEB","PstI.TP1155814"," 9","57370598","","0.2884","C"
"4","Trait5","pKWmEB","PstI.TP703892"," 9","57371671","","0.7337","A"
"4","Trait5","pKWmEB","PstI.TP625412"," 9","57388113","","0.6458","A"
"4","Trait5","pKWmEB","PstI.TP526711"," 9","57410674","","0.1315","A"
"4","Trait5","pKWmEB","NsiI.TP20508"," 9","57433691","","0.1878","C"
"4","Trait5","pKWmEB","PstI.TP91666"," 9","57446168","","0.6344","C"
"4","Trait5","pKWmEB","NsiI.TP149533"," 9","57452872","","0.0430","A"
"4","Trait5","pKWmEB","PstI.TP184836"," 9","57455010","","0.1848","A"
"4","Trait5","pKWmEB","PstI.TP19582"," 9","57455094","","0.0266","A"
"4","Trait5","pKWmEB","PstI.TP289185"," 9","57455890","","0.0124","C"
"4","Trait5","pKWmEB","NsiI.TP626669"," 9","57473372","","0.4831","C"
"4","Trait5","pKWmEB","PstI.TP438261"," 9","57473962","","0.7864","C"
"4","Trait5","pKWmEB","PstI.TP368869"," 9","57480443","","0.5613","A"
"4","Trait5","pKWmEB","PstI.TP1042921"," 9","57481010","","0.0635","A"
"4","Trait5","pKWmEB","PstI.TP1040911"," 9","57488127","","0.0105","C"
"4","Trait5","pKWmEB","PstI.TP407487"," 9","57491188","","0.8077","A"
"4","Trait5","pKWmEB","NsiI.TP338218"," 9","57500243","","0.1831","A"
"4","Trait5","pKWmEB","PstI.TP177327"," 9","57530862","","1.6553","A"
"4","Trait5","pKWmEB","PstI.TP1051979"," 9","57531618","","0.4081","A"
"4","Trait5","pKWmEB","NsiI.TP221830"," 9","57581468","","0.1015","C"
"4","Trait5","pKWmEB","PstI.TP26223"," 9","57585487","","1.4993","G"
"4","Trait5","pKWmEB","PstI.TP888965"," 9","57620981","","0.5760","A"
"4","Trait5","pKWmEB","PstI.TP976305"," 9","57621267","","0.1180","C"
"4","Trait5","pKWmEB","PstI.TP674522"," 9","57629722","","0.9185","A"
"4","Trait5","pKWmEB","PstI.TP69959"," 9","57639787","","0.0690","A"
"4","Trait5","pKWmEB","PstI.TP676134"," 9","57652835","","0.2679","C"
"4","Trait5","pKWmEB","PstI.TP676131"," 9","57652842","","0.6802","C"
"4","Trait5","pKWmEB","PstI.TP382448"," 9","57654128","","0.7508","G"
"4","Trait5","pKWmEB","NsiI.TP699818"," 9","57654624","","0.4309","A"
"4","Trait5","pKWmEB","PstI.TP483645"," 9","57663513","","0.8342","A"
"4","Trait5","pKWmEB","NsiI.TP762397"," 9","57667975","","0.0911","A"
"4","Trait5","pKWmEB","PstI.TP365531"," 9","57670331","","1.3036","C"
"4","Trait5","pKWmEB","PstI.TP1291479"," 9","57670398","","0.8619","C"
"4","Trait5","pKWmEB","PstI.TP1151057"," 9","57675917","","0.1787","A"
"4","Trait5","pKWmEB","PstI.TP486217"," 9","57682477","","0.5437","C"
"4","Trait5","pKWmEB","PstI.TP1047497"," 9","57724716","","0.5791","A"
"4","Trait5","pKWmEB","PstI.TP1047489"," 9","57724750","","1.1773","C"
"4","Trait5","pKWmEB","PstI.TP1040183"," 9","57730404","","0.1008","A"
"4","Trait5","pKWmEB","PstI.TP190834"," 9","57732406","","0.3757","G"
"4","Trait5","pKWmEB","NsiI.TP377187"," 9","57735169","","0.3452","A"
"4","Trait5","pKWmEB","NsiI.TP431718"," 9","57738826","","0.1127","G"
"4","Trait5","pKWmEB","NsiI.TP447040"," 9","57741730","","0.7688","C"
"4","Trait5","pKWmEB","NsiI.TP164494"," 9","57742210","","0.1001","G"
"4","Trait5","pKWmEB","PstI.TP122055"," 9","57748273","","0.5227","C"
"4","Trait5","pKWmEB","PstI.TP4279"," 9","57771592","","0.2183","C"
"4","Trait5","pKWmEB","PstI.TP833752"," 9","57773023","","0.0699","C"
"4","Trait5","pKWmEB","PstI.TP14229"," 9","57790410","","0.9110","C"
"4","Trait5","pKWmEB","NsiI.TP84088"," 9","57791211","","0.1106","A"
"4","Trait5","pKWmEB","NsiI.TP458692"," 9","57793966","","0.0997","A"
"4","Trait5","pKWmEB","NsiI.TP509108"," 9","57826627","","0.1001","A"
"4","Trait5","pKWmEB","PstI.TP693592"," 9","57832644","","0.2554","C"
"4","Trait5","pKWmEB","NsiI.TP216880"," 9","57840413","","0.4257","A"
"4","Trait5","pKWmEB","NsiI.TP471012"," 9","57843502","","0.0165","A"
"4","Trait5","pKWmEB","NsiI.TP463819"," 9","57843563","","2.6509","C"
"4","Trait5","pKWmEB","PstI.TP228440"," 9","57856522","","0.9447","A"
"4","Trait5","pKWmEB","NsiI.TP219707"," 9","57857861","","0.0810","G"
"4","Trait5","pKWmEB","GFSSContig20403_1940"," 9","57872748","","0.3425","T"
"4","Trait5","pKWmEB","NsiI.TP106682"," 9","57902317","","0.4871","A"
"4","Trait5","pKWmEB","NsiI.TP159365"," 9","57904175","","0.5174","A"
"4","Trait5","pKWmEB","PstI.TP63807"," 9","57917093","","0.5077","A"
"4","Trait5","pKWmEB","PstI.TP405385"," 9","57943486","","1.1253","C"
"4","Trait5","pKWmEB","NsiI.TP350536"," 9","57944235","","0.2781","C"
"4","Trait5","pKWmEB","PstI.TP1155480"," 9","57950063","","0.6765","A"
"4","Trait5","pKWmEB","PstI.TP590734"," 9","57975412","","0.0657","A"
"4","Trait5","pKWmEB","PstI.TP1264479"," 9","57983782","","0.3500","C"
"4","Trait5","pKWmEB","PstI.TP166774"," 9","57999545","","0.7604","G"
"4","Trait5","pKWmEB","PstI.TP131043"," 9","58001360","","0.2650","A"
"4","Trait5","pKWmEB","PstI.TP435476"," 9","58021087","","0.1060","C"
"4","Trait5","pKWmEB","PstI.TP1225498"," 9","58030547","","0.0287","A"
"4","Trait5","pKWmEB","PstI.TP1259561"," 9","58030636","","1.2029","A"
"4","Trait5","pKWmEB","NsiI.TP494124"," 9","58038457","","0.4125","C"
"4","Trait5","pKWmEB","NsiI.TP430928"," 9","58038636","","0.2970","C"
"4","Trait5","pKWmEB","PstI.TP483756"," 9","58041481","","0.2120","A"
"4","Trait5","pKWmEB","PstI.TP314886"," 9","58046123","","0.0523","C"
"4","Trait5","pKWmEB","NsiI.TP156918"," 9","58048359","","0.2589","A"
"4","Trait5","pKWmEB","PstI.TP537403"," 9","58063178","","0.0490","C"
"4","Trait5","pKWmEB","PstI.TP217205"," 9","58075202","","0.0584","C"
"4","Trait5","pKWmEB","NsiI.TP438150"," 9","58114148","","1.4400","C"
"4","Trait5","pKWmEB","NsiI.TP134866"," 9","58154864","","1.7168","G"
"4","Trait5","pKWmEB","PstI.TP1246543"," 9","58154950","","0.3514","A"
"4","Trait5","pKWmEB","GFSSContig16226_576"," 9","58164825","","0.6185","A"
"4","Trait5","pKWmEB","PstI.TP204727"," 9","58169531","","0.1155","C"
"4","Trait5","pKWmEB","PstI.TP1168580"," 9","58174360","","0.2280","A"
"4","Trait5","pKWmEB","NsiI.TP386681"," 9","58177204","","0.5909","A"
"4","Trait5","pKWmEB","GFSSContig18763_1001"," 9","58194426","","0.3528","T"
"4","Trait5","pKWmEB","NsiI.TP410861"," 9","58197838","","0.5925","C"
"4","Trait5","pKWmEB","PstI.TP1185054"," 9","58198396","","0.1845","C"
"4","Trait5","pKWmEB","PstI.TP548121"," 9","58253929","","0.0765","C"
"4","Trait5","pKWmEB","PstI.TP458448"," 9","58254242","","0.5152","C"
"4","Trait5","pKWmEB","PstI.TP24815"," 9","58254322","","0.4398","A"
"4","Trait5","pKWmEB","PstI.TP541399"," 9","58259418","","1.1020","A"
"4","Trait5","pKWmEB","PstI.TP989976"," 9","58265171","","0.1803","C"
"4","Trait5","pKWmEB","NsiI.TP436632"," 9","58295073","","0.2751","A"
"4","Trait5","pKWmEB","PstI.TP487973"," 9","58309669","","1.2289","C"
"4","Trait5","pKWmEB","PstI.TP94377"," 9","58316006","","0.0351","C"
"4","Trait5","pKWmEB","PstI.TP736554"," 9","58320217","","0.1267","G"
"4","Trait5","pKWmEB","PstI.TP1280120"," 9","58329797","","0.0934","C"
"4","Trait5","pKWmEB","NsiI.TP288606"," 9","58335440","","0.0918","C"
"4","Trait5","pKWmEB","NsiI.TP636038"," 9","58336860","","0.0260","A"
"4","Trait5","pKWmEB","PstI.TP982126"," 9","58344631","","0.4830","C"
"4","Trait5","pKWmEB","PstI.TP523328"," 9","58344870","","0.4660","C"
"4","Trait5","pKWmEB","NsiI.TP492534"," 9","58366610","","0.2525","A"
"4","Trait5","pKWmEB","PstI.TP1137706"," 9","58368202","","0.4897","G"
"4","Trait5","pKWmEB","PstI.TP274075"," 9","58385522","","0.2957","C"
"4","Trait5","pKWmEB","NsiI.TP426355"," 9","58388987","","0.0923","A"
"4","Trait5","pKWmEB","NsiI.TP373338"," 9","58393375","","0.7112","C"
"4","Trait5","pKWmEB","NsiI.TP675233"," 9","58409914","","0.4819","A"
"4","Trait5","pKWmEB","NsiI.TP161889"," 9","58409923","","1.4540","C"
"4","Trait5","pKWmEB","NsiI.TP287087"," 9","58431565","","0.0531","C"
"4","Trait5","pKWmEB","NsiI.TP379046"," 9","58431629","","1.1827","A"
"4","Trait5","pKWmEB","PstI.TP928184"," 9","58431631","","0.2975","A"
"4","Trait5","pKWmEB","NsiI.TP589125"," 9","58446363","","0.3169","A"
"4","Trait5","pKWmEB","PstI.TP176380"," 9","58460036","","0.0104","A"
"4","Trait5","pKWmEB","NsiI.TP339860"," 9","58465814","","0.8610","A"
"4","Trait5","pKWmEB","PstI.TP759796"," 9","58490903","","0.5861","A"
"4","Trait5","pKWmEB","NsiI.TP161913"," 9","58496317","","0.6497","A"
"4","Trait5","pKWmEB","PstI.TP95118"," 9","58539170","","0.0130","A"
"4","Trait5","pKWmEB","PstI.TP1284756"," 9","58597331","","0.2179","C"
"4","Trait5","pKWmEB","NsiI.TP780156"," 9","58637084","","0.1187","A"
"4","Trait5","pKWmEB","PstI.TP1040667"," 9","58669059","","0.0787","C"
"4","Trait5","pKWmEB","NsiI.TP550504"," 9","58670175","","0.4907","C"
"4","Trait5","pKWmEB","NsiI.TP126966"," 9","58673456","","0.4220","C"
"4","Trait5","pKWmEB","NsiI.TP699969"," 9","58701502","","0.8682","A"
"4","Trait5","pKWmEB","NsiI.TP124711"," 9","58704849","","0.0373","A"
"4","Trait5","pKWmEB","NsiI.TP324407"," 9","58737240","","0.0603","A"
"4","Trait5","pKWmEB","NsiI.TP90957"," 9","58754094","","0.1889","C"
"4","Trait5","pKWmEB","PstI.TP780644"," 9","58756246","","0.5747","C"
"4","Trait5","pKWmEB","PstI.TP678666"," 9","58776115","","0.0098","A"
"4","Trait5","pKWmEB","PstI.TP276765"," 9","58777670","","0.0690","C"
"4","Trait5","pKWmEB","NsiI.TP36165"," 9","58838416","","0.1102","G"
"4","Trait5","pKWmEB","NsiI.TP36166"," 9","58838434","","1.0798","A"
"4","Trait5","pKWmEB","NsiI.TP812328"," 9","58887871","","0.6936","A"
"4","Trait5","pKWmEB","NsiI.TP828000"," 9","58887920","","0.0393","C"
"4","Trait5","pKWmEB","NsiI.TP746317"," 9","58908225","","0.0550","C"
"4","Trait5","pKWmEB","NsiI.TP177056"," 9","58910846","","0.2766","A"
"4","Trait5","pKWmEB","PstI.TP948386"," 9","58911041","","0.3828","C"
"4","Trait5","pKWmEB","GFSSContig15563_263"," 9","58912474","","0.0822","T"
"4","Trait5","pKWmEB","PstI.TP673331"," 9","58920138","","0.2944","C"
"4","Trait5","pKWmEB","NsiI.TP199584"," 9","58950916","","0.4775","A"
"4","Trait5","pKWmEB","PstI.TP703807"," 9","58969546","","0.1070","A"
"4","Trait5","pKWmEB","PstI.TP970556"," 9","58981556","","0.6000","A"
"4","Trait5","pKWmEB","NsiI.TP810114"," 9","58991997","","0.0318","A"
"4","Trait5","pKWmEB","NsiI.TP739117"," 9","59004735","","0.2407","C"
"4","Trait5","pKWmEB","GFSSContig3933_570"," 9","59006166","","0.3449","A"
"4","Trait5","pKWmEB","PstI.TP428592"," 9","59017930","","0.2281","C"
"4","Trait5","pKWmEB","PstI.TP1054767"," 9","59022402","","0.5431","A"
"4","Trait5","pKWmEB","PstI.TP63042"," 9","59079217","","0.0353","A"
"4","Trait5","pKWmEB","PstI.TP780771"," 9","59133543","","1.0520","G"
"4","Trait5","pKWmEB","PstI.TP199286"," 9","59138734","","2.4672","A"
"4","Trait5","pKWmEB","PstI.TP325968"," 9","59160642","","0.6744","C"
"4","Trait5","pKWmEB","PstI.TP374255"," 9","59171415","","0.0984","A"
"4","Trait5","pKWmEB","PstI.TP1062021"," 9","59189842","","0.7145","C"
"4","Trait5","pKWmEB","NsiI.TP588315"," 9","59190931","","0.8169","C"
"4","Trait5","pKWmEB","NsiI.TP233983"," 9","59200153","","0.3110","A"
"4","Trait5","pKWmEB","PstI.TP992430"," 9","59206611","","0.1632","C"
"4","Trait5","pKWmEB","PstI.TP314288"," 9","59208232","","0.2552","A"
"4","Trait5","pKWmEB","NsiI.TP441053"," 9","59208294","","0.0869","C"
"4","Trait5","pKWmEB","NsiI.TP431624"," 9","59218147","","0.8722","A"
"4","Trait5","pKWmEB","NsiI.TP431621"," 9","59218148","","0.9397","A"
"4","Trait5","pKWmEB","NsiI.TP472511"," 9","59219250","","0.1455","C"
"4","Trait5","pKWmEB","NsiI.TP312191"," 9","59221334","","1.3113","A"
"4","Trait5","pKWmEB","PstI.TP114097"," 9","59221807","","0.1182","C"
"4","Trait5","pKWmEB","NsiI.TP95062"," 9","59225886","","0.4131","A"
"4","Trait5","pKWmEB","NsiI.TP756979"," 9","59227233","","0.0622","A"
"4","Trait5","pKWmEB","NsiI.TP633477"," 9","59231156","","0.1388","C"
"4","Trait5","pKWmEB","NsiI.TP26982"," 9","59252682","","1.3086","G"
"4","Trait5","pKWmEB","NsiI.TP147617"," 9","59264034","","1.4618","A"
"4","Trait5","pKWmEB","NsiI.TP147616"," 9","59264040","","0.6204","A"
"4","Trait5","pKWmEB","NsiI.TP108187"," 9","59271952","","0.7801","C"
"4","Trait5","pKWmEB","PstI.TP647358"," 9","59273127","","0.4435","A"
"4","Trait5","pKWmEB","NsiI.TP193822"," 9","59281104","","0.0689","C"
"4","Trait5","pKWmEB","PstI.TP345830"," 9","59281758","","0.2924","C"
"4","Trait5","pKWmEB","PstI.TP951210"," 9","59291799","","1.0879","C"
"4","Trait5","pKWmEB","NsiI.TP440500"," 9","59299455","","1.1519","C"
"4","Trait5","pKWmEB","PstI.TP836522"," 9","59301044","","1.3696","G"
"4","Trait5","pKWmEB","PstI.TP183451"," 9","59303421","","1.0116","C"
"4","Trait5","pKWmEB","NsiI.TP724130"," 9","59312440","","0.6025","C"
"4","Trait5","pKWmEB","PstI.TP53013"," 9","59327122","","0.9050","G"
"4","Trait5","pKWmEB","NsiI.TP625606"," 9","59339849","","0.2526","A"
"4","Trait5","pKWmEB","NsiI.TP122854"," 9","59340916","","0.1579","A"
"4","Trait5","pKWmEB","PstI.TP126127"," 9","59366615","","0.9972","A"
"4","Trait5","pKWmEB","NsiI.TP679096"," 9","59374905","","0.0294","C"
"4","Trait5","pKWmEB","PstI.TP1038828"," 9","59381929","","0.2164","C"
"4","Trait5","pKWmEB","PstI.TP595948"," 9","59408528","","0.9051","G"
"4","Trait5","pKWmEB","PstI.TP595915"," 9","59408533","","0.0656","A"
"4","Trait5","pKWmEB","PstI.TP312460"," 9","59408883","","0.4120","C"
"4","Trait5","pKWmEB","PstI.TP851106"," 9","59409435","","0.2315","C"
"4","Trait5","pKWmEB","PstI.TP132767"," 9","59409499","","0.4740","A"
"4","Trait5","pKWmEB","NsiI.TP761406","10","   14964","","0.0576","A"
"4","Trait5","pKWmEB","PstI.TP356169","10","   19381","","0.0106","C"
"4","Trait5","pKWmEB","PstI.TP347988","10","   19420","","0.1011","A"
"4","Trait5","pKWmEB","PstI.TP1086817","10","   46074","","0.0095","A"
"4","Trait5","pKWmEB","NsiI.TP791054","10","   66112","","0.2149","C"
"4","Trait5","pKWmEB","NsiI.TP589841","10","   84009","","0.1498","G"
"4","Trait5","pKWmEB","NsiI.TP668684","10","   91477","","0.7391","C"
"4","Trait5","pKWmEB","PstI.TP711759","10","   98552","","0.2527","C"
"4","Trait5","pKWmEB","NsiI.TP696123","10","  100028","","0.1323","A"
"4","Trait5","pKWmEB","PstI.TP320774","10","  115892","","0.7339","G"
"4","Trait5","pKWmEB","PstI.TP806716","10","  140556","","2.3903","A"
"4","Trait5","pKWmEB","NsiI.TP551076","10","  147042","","0.3658","C"
"4","Trait5","pKWmEB","NsiI.TP435871","10","  150436","","0.6556","A"
"4","Trait5","pKWmEB","PstI.TP698346","10","  150848","","1.4136","G"
"4","Trait5","pKWmEB","NsiI.TP660811","10","  157001","","0.3737","C"
"4","Trait5","pKWmEB","NsiI.TP420329","10","  157728","","0.3289","A"
"4","Trait5","pKWmEB","NsiI.TP619841","10","  164267","","0.0644","A"
"4","Trait5","pKWmEB","NsiI.TP227369","10","  177463","","0.2046","A"
"4","Trait5","pKWmEB","GFk50ctg317996_319","10","  181025","","0.3240","T"
"4","Trait5","pKWmEB","NsiI.TP741442","10","  221459","","0.6745","A"
"4","Trait5","pKWmEB","NsiI.TP304778","10","  233718","","0.2694","A"
"4","Trait5","pKWmEB","PstI.TP971769","10","  254784","","0.4818","A"
"4","Trait5","pKWmEB","PstI.TP401430","10","  261208","","0.0999","A"
"4","Trait5","pKWmEB","NsiI.TP390203","10","  267682","","0.0602","A"
"4","Trait5","pKWmEB","PstI.TP106347","10","  268264","","0.1983","A"
"4","Trait5","pKWmEB","PstI.TP1283968","10","  284941","","1.4291","A"
"4","Trait5","pKWmEB","GFSSContig13484_518","10","  292362","","0.0342","T"
"4","Trait5","pKWmEB","PstI.TP666628","10","  312922","","0.2918","A"
"4","Trait5","pKWmEB","NsiI.TP193015","10","  352165","","0.1573","A"
"4","Trait5","pKWmEB","NsiI.TP429720","10","  403456","","0.2816","A"
"4","Trait5","pKWmEB","PstI.TP254433","10","  413248","","0.1813","C"
"4","Trait5","pKWmEB","PstI.TP849273","10","  415317","","0.2461","G"
"4","Trait5","pKWmEB","PstI.TP995253","10","  421853","","0.9051","C"
"4","Trait5","pKWmEB","PstI.TP259396","10","  423292","","0.0201","C"
"4","Trait5","pKWmEB","PstI.TP797248","10","  438998","","0.4051","A"
"4","Trait5","pKWmEB","NsiI.TP120833","10","  449853","","0.0000","A"
"4","Trait5","pKWmEB","NsiI.TP525011","10","  450727","","0.1600","G"
"4","Trait5","pKWmEB","PstI.TP1223981","10","  451139","","0.3488","A"
"4","Trait5","pKWmEB","NsiI.TP781284","10","  474217","","0.7152","C"
"4","Trait5","pKWmEB","PstI.TP993622","10","  486193","","1.6722","C"
"4","Trait5","pKWmEB","NsiI.TP716066","10","  486380","","0.4399","A"
"4","Trait5","pKWmEB","NsiI.TP459060","10","  497104","","0.1506","A"
"4","Trait5","pKWmEB","PstI.TP32081","10","  516124","","0.5823","A"
"4","Trait5","pKWmEB","PstI.TP943645","10","  536366","","0.0363","A"
"4","Trait5","pKWmEB","PstI.TP542899","10","  548717","","0.8704","A"
"4","Trait5","pKWmEB","PstI.TP802084","10","  555823","","1.4387","A"
"4","Trait5","pKWmEB","PstI.TP669887","10","  582343","","0.1823","A"
"4","Trait5","pKWmEB","PstI.TP276669","10","  582355","","0.3157","A"
"4","Trait5","pKWmEB","NsiI.TP428380","10","  599011","","0.0407","C"
"4","Trait5","pKWmEB","NsiI.TP724214","10","  605785","","0.1400","A"
"4","Trait5","pKWmEB","PstI.TP996253","10","  642804","","0.1447","C"
"4","Trait5","pKWmEB","GFSSContig11810_723","10","  664006","","0.4865","T"
"4","Trait5","pKWmEB","PstI.TP842589","10","  679777","","0.0605","G"
"4","Trait5","pKWmEB","PstI.TP1031077","10","  689016","","0.7576","C"
"4","Trait5","pKWmEB","PstI.TP689523","10","  705089","","0.0630","A"
"4","Trait5","pKWmEB","NsiI.TP233640","10","  730011","","0.0370","C"
"4","Trait5","pKWmEB","PstI.TP942405","10","  730543","","0.1158","C"
"4","Trait5","pKWmEB","PstI.TP1128550","10","  731651","","1.0041","A"
"4","Trait5","pKWmEB","PstI.TP215151","10","  737870","","0.2521","A"
"4","Trait5","pKWmEB","PstI.TP636509","10","  765968","","0.0841","A"
"4","Trait5","pKWmEB","PstI.TP198253","10","  765989","","0.0343","A"
"4","Trait5","pKWmEB","GFSSContig10247_485","10","  766952","","0.4031","A"
"4","Trait5","pKWmEB","PstI.TP371092","10","  781117","","0.8319","A"
"4","Trait5","pKWmEB","PstI.TP1044533","10","  781197","","0.9163","C"
"4","Trait5","pKWmEB","PstI.TP268066","10","  827154","","0.7379","A"
"4","Trait5","pKWmEB","GFSSContig16519_974","10","  959088","","0.1237","A"
"4","Trait5","pKWmEB","GFSSContig16519_1139","10","  959253","","0.0260","C"
"4","Trait5","pKWmEB","GFSSContig18533_925","10","  959373","","0.1997","A"
"4","Trait5","pKWmEB","PstI.TP1073806","10","  964803","","1.0770","A"
"4","Trait5","pKWmEB","PstI.TP478568","10"," 1035796","","0.0811","G"
"4","Trait5","pKWmEB","PstI.TP164398","10"," 1046240","","0.6977","A"
"4","Trait5","pKWmEB","PstI.TP533756","10"," 1050714","","0.1388","A"
"4","Trait5","pKWmEB","PstI.TP220787","10"," 1055307","","0.1844","A"
"4","Trait5","pKWmEB","PstI.TP744946","10"," 1055316","","0.2202","A"
"4","Trait5","pKWmEB","PstI.TP190442","10"," 1055795","","0.9174","C"
"4","Trait5","pKWmEB","PstI.TP251362","10"," 1088477","","0.2716","C"
"4","Trait5","pKWmEB","PstI.TP892558","10"," 1094568","","0.0187","A"
"4","Trait5","pKWmEB","PstI.TP176663","10"," 1133877","","0.6851","A"
"4","Trait5","pKWmEB","NsiI.TP98659","10"," 1137506","","0.5415","A"
"4","Trait5","pKWmEB","PstI.TP1117123","10"," 1206568","","0.1993","A"
"4","Trait5","pKWmEB","PstI.TP79272","10"," 1217485","","0.0793","C"
"4","Trait5","pKWmEB","NsiI.TP174659","10"," 1235809","","0.2458","A"
"4","Trait5","pKWmEB","PstI.TP1102697","10"," 1245874","","0.1189","A"
"4","Trait5","pKWmEB","NsiI.TP502082","10"," 1262753","","0.0644","A"
"4","Trait5","pKWmEB","NsiI.TP602839","10"," 1263762","","0.0035","C"
"4","Trait5","pKWmEB","PstI.TP226414","10"," 1264236","","0.3688","C"
"4","Trait5","pKWmEB","PstI.TP202392","10"," 1264334","","1.3061","A"
"4","Trait5","pKWmEB","NsiI.TP415887","10"," 1266495","","0.0168","A"
"4","Trait5","pKWmEB","PstI.TP1095597","10"," 1269949","","0.9258","A"
"4","Trait5","pKWmEB","NsiI.TP83428","10"," 1272908","","0.4772","C"
"4","Trait5","pKWmEB","PstI.TP549546","10"," 1280519","","0.0119","A"
"4","Trait5","pKWmEB","PstI.TP908250","10"," 1283043","","0.1987","A"
"4","Trait5","pKWmEB","PstI.TP293210","10"," 1285219","","0.0504","A"
"4","Trait5","pKWmEB","PstI.TP1143547","10"," 1288364","","0.0759","C"
"4","Trait5","pKWmEB","PstI.TP134025","10"," 1309082","","0.6739","A"
"4","Trait5","pKWmEB","PstI.TP724992","10"," 1310286","","0.9731","C"
"4","Trait5","pKWmEB","PstI.TP894508","10"," 1363109","","0.2861","A"
"4","Trait5","pKWmEB","NsiI.TP667322","10"," 1372755","","0.0429","C"
"4","Trait5","pKWmEB","PstI.TP337849","10"," 1406820","","0.7831","A"
"4","Trait5","pKWmEB","NsiI.TP798784","10"," 1473161","","0.4375","A"
"4","Trait5","pKWmEB","PstI.TP284290","10"," 1529382","","0.0082","A"
"4","Trait5","pKWmEB","PstI.TP466283","10"," 1540417","","0.2747","A"
"4","Trait5","pKWmEB","PstI.TP1164097","10"," 1543675","","0.0997","A"
"4","Trait5","pKWmEB","PstI.TP88378","10"," 1544377","","0.4648","C"
"4","Trait5","pKWmEB","NsiI.TP128700","10"," 1548048","","0.4868","C"
"4","Trait5","pKWmEB","GFSSContig16121_677","10"," 1555189","","0.0998","A"
"4","Trait5","pKWmEB","PstI.TP1124404","10"," 1580128","","0.2801","A"
"4","Trait5","pKWmEB","PstI.TP107255","10"," 1588745","","0.0695","A"
"4","Trait5","pKWmEB","PstI.TP320192","10"," 1610743","","0.5503","A"
"4","Trait5","pKWmEB","NsiI.TP391832","10"," 1658190","","0.5152","A"
"4","Trait5","pKWmEB","PstI.TP260686","10"," 1659270","","0.0233","A"
"4","Trait5","pKWmEB","PstI.TP933601","10"," 1659429","","0.0548","A"
"4","Trait5","pKWmEB","PstI.TP1025360","10"," 1666960","","0.6223","C"
"4","Trait5","pKWmEB","NsiI.TP193636","10"," 1673963","","0.2500","A"
"4","Trait5","pKWmEB","NsiI.TP813814","10"," 1675406","","0.6673","C"
"4","Trait5","pKWmEB","PstI.TP223695","10"," 1701745","","0.0572","C"
"4","Trait5","pKWmEB","NsiI.TP595555","10"," 1711075","","0.2304","G"
"4","Trait5","pKWmEB","PstI.TP819087","10"," 1719798","","0.9629","C"
"4","Trait5","pKWmEB","PstI.TP19828","10"," 1728644","","0.5807","C"
"4","Trait5","pKWmEB","PstI.TP767241","10"," 1740725","","0.6213","A"
"4","Trait5","pKWmEB","PstI.TP799857","10"," 1782915","","0.9629","C"
"4","Trait5","pKWmEB","NsiI.TP536477","10"," 1790769","","0.4955","A"
"4","Trait5","pKWmEB","PstI.TP724037","10"," 1796215","","1.1999","C"
"4","Trait5","pKWmEB","NsiI.TP753615","10"," 1797308","","0.4448","C"
"4","Trait5","pKWmEB","NsiI.TP466654","10"," 1815915","","1.7009","C"
"4","Trait5","pKWmEB","NsiI.TP193314","10"," 1816060","","0.0748","C"
"4","Trait5","pKWmEB","PstI.TP963261","10"," 1822091","","0.2651","G"
"4","Trait5","pKWmEB","NsiI.TP204572","10"," 1827268","","0.0170","C"
"4","Trait5","pKWmEB","PstI.TP315862","10"," 1833455","","0.0679","G"
"4","Trait5","pKWmEB","PstI.TP1258181","10"," 1834339","","0.7803","A"
"4","Trait5","pKWmEB","PstI.TP397512","10"," 1839154","","0.1927","C"
"4","Trait5","pKWmEB","NsiI.TP756304","10"," 1841138","","0.1206","G"
"4","Trait5","pKWmEB","PstI.TP182392","10"," 1843527","","1.0599","C"
"4","Trait5","pKWmEB","NsiI.TP507958","10"," 1844689","","0.7391","A"
"4","Trait5","pKWmEB","PstI.TP703138","10"," 1846104","","0.0853","A"
"4","Trait5","pKWmEB","NsiI.TP825160","10"," 1851025","","0.0771","A"
"4","Trait5","pKWmEB","NsiI.TP527370","10"," 1854322","","0.0518","C"
"4","Trait5","pKWmEB","NsiI.TP527371","10"," 1854340","","0.1252","C"
"4","Trait5","pKWmEB","NsiI.TP438249","10"," 1862378","","0.3696","A"
"4","Trait5","pKWmEB","NsiI.TP47311","10"," 1863474","","0.1326","C"
"4","Trait5","pKWmEB","NsiI.TP136442","10"," 1881385","","0.1876","G"
"4","Trait5","pKWmEB","PstI.TP757619","10"," 1899465","","0.0187","A"
"4","Trait5","pKWmEB","PstI.TP32128","10"," 1899578","","0.3196","A"
"4","Trait5","pKWmEB","GFSSContig20421_1653","10"," 1961492","","0.4285","A"
"4","Trait5","pKWmEB","NsiI.TP105903","10"," 1987687","","0.4349","A"
"4","Trait5","pKWmEB","PstI.TP21876","10"," 1989773","","0.2095","C"
"4","Trait5","pKWmEB","PstI.TP14830","10"," 1993063","","0.9714","C"
"4","Trait5","pKWmEB","PstI.TP916983","10"," 2026118","","0.6013","A"
"4","Trait5","pKWmEB","PstI.TP613935","10"," 2029148","","1.6988","C"
"4","Trait5","pKWmEB","NsiI.TP254691","10"," 2029465","","0.2367","A"
"4","Trait5","pKWmEB","PstI.TP437799","10"," 2064417","","0.9774","A"
"4","Trait5","pKWmEB","PstI.TP523580","10"," 2081219","","0.3908","A"
"4","Trait5","pKWmEB","PstI.TP1165034","10"," 2123837","","0.4564","A"
"4","Trait5","pKWmEB","PstI.TP507351","10"," 2133212","","0.3253","A"
"4","Trait5","pKWmEB","PstI.TP203554","10"," 2133696","","0.4609","A"
"4","Trait5","pKWmEB","PstI.TP167471","10"," 2134826","","0.0213","C"
"4","Trait5","pKWmEB","PstI.TP1102180","10"," 2149353","","1.2084","A"
"4","Trait5","pKWmEB","PstI.TP1022193","10"," 2165921","","0.2917","A"
"4","Trait5","pKWmEB","PstI.TP257242","10"," 2168584","","0.3903","A"
"4","Trait5","pKWmEB","PstI.TP1152580","10"," 2171249","","0.0239","C"
"4","Trait5","pKWmEB","PstI.TP362642","10"," 2176937","","0.1866","A"
"4","Trait5","pKWmEB","NsiI.TP291142","10"," 2192290","","0.5903","G"
"4","Trait5","pKWmEB","PstI.TP368198","10"," 2195865","","0.5022","A"
"4","Trait5","pKWmEB","NsiI.TP443558","10"," 2204552","","0.1539","C"
"4","Trait5","pKWmEB","NsiI.TP207262","10"," 2214360","","0.6899","C"
"4","Trait5","pKWmEB","PstI.TP1276704","10"," 2214996","","0.2665","A"
"4","Trait5","pKWmEB","PstI.TP174448","10"," 2252170","","1.5972","A"
"4","Trait5","pKWmEB","NsiI.TP610495","10"," 2254926","","0.0589","A"
"4","Trait5","pKWmEB","NsiI.TP276200","10"," 2263544","","0.4193","C"
"4","Trait5","pKWmEB","PstI.TP645546","10"," 2263742","","0.2718","A"
"4","Trait5","pKWmEB","PstI.TP987589","10"," 2263777","","0.3830","C"
"4","Trait5","pKWmEB","NsiI.TP59121","10"," 2271140","","0.4806","A"
"4","Trait5","pKWmEB","NsiI.TP426456","10"," 2273344","","0.0210","A"
"4","Trait5","pKWmEB","NsiI.TP763298","10"," 2275483","","1.2176","C"
"4","Trait5","pKWmEB","NsiI.TP524893","10"," 2275695","","0.0863","A"
"4","Trait5","pKWmEB","PstI.TP228842","10"," 2290712","","0.3695","A"
"4","Trait5","pKWmEB","PstI.TP114769","10"," 2313178","","0.6113","C"
"4","Trait5","pKWmEB","NsiI.TP655447","10"," 2329034","","0.4294","A"
"4","Trait5","pKWmEB","NsiI.TP180041","10"," 2334305","","0.1568","A"
"4","Trait5","pKWmEB","PstI.TP5324","10"," 2342904","","0.1254","A"
"4","Trait5","pKWmEB","PstI.TP1270127","10"," 2383697","","0.3326","C"
"4","Trait5","pKWmEB","PstI.TP221989","10"," 2396470","","0.3583","A"
"4","Trait5","pKWmEB","PstI.TP291142","10"," 2431434","","0.0682","C"
"4","Trait5","pKWmEB","NsiI.TP702587","10"," 2441199","","1.2340","C"
"4","Trait5","pKWmEB","PstI.TP29423","10"," 2444372","","0.3825","C"
"4","Trait5","pKWmEB","NsiI.TP825361","10"," 2444869","","0.1062","G"
"4","Trait5","pKWmEB","NsiI.TP51794","10"," 2493746","","0.0110","G"
"4","Trait5","pKWmEB","PstI.TP815294","10"," 2507322","","0.3093","C"
"4","Trait5","pKWmEB","NsiI.TP80630","10"," 2514340","","0.0436","A"
"4","Trait5","pKWmEB","PstI.TP1246574","10"," 2518921","","0.3103","A"
"4","Trait5","pKWmEB","NsiI.TP206374","10"," 2519076","","1.5538","A"
"4","Trait5","pKWmEB","NsiI.TP153411","10"," 2523010","","0.1131","A"
"4","Trait5","pKWmEB","PstI.TP1275628","10"," 2570632","","1.3712","C"
"4","Trait5","pKWmEB","PstI.TP1275632","10"," 2570635","","0.0699","C"
"4","Trait5","pKWmEB","NsiI.TP213329","10"," 2582794","","0.2266","A"
"4","Trait5","pKWmEB","PstI.TP408356","10"," 2582830","","0.2048","A"
"4","Trait5","pKWmEB","PstI.TP1038470","10"," 2596422","","1.0152","A"
"4","Trait5","pKWmEB","PstI.TP1049354","10"," 2621811","","0.2730","G"
"4","Trait5","pKWmEB","NsiI.TP502444","10"," 2623450","","0.3991","A"
"4","Trait5","pKWmEB","PstI.TP1210063","10"," 2641652","","0.5934","A"
"4","Trait5","pKWmEB","NsiI.TP113145","10"," 2711069","","0.5701","A"
"4","Trait5","pKWmEB","PstI.TP1010603","10"," 2711515","","0.5110","C"
"4","Trait5","pKWmEB","PstI.TP287434","10"," 2711554","","0.0604","C"
"4","Trait5","pKWmEB","PstI.TP343474","10"," 2711603","","0.1851","A"
"4","Trait5","pKWmEB","NsiI.TP764823","10"," 2714822","","0.4599","C"
"4","Trait5","pKWmEB","NsiI.TP427013","10"," 2715156","","0.9121","A"
"4","Trait5","pKWmEB","NsiI.TP131057","10"," 2772083","","1.2800","C"
"4","Trait5","pKWmEB","PstI.TP620517","10"," 2806022","","0.5502","C"
"4","Trait5","pKWmEB","PstI.TP914732","10"," 2832324","","0.3151","G"
"4","Trait5","pKWmEB","PstI.TP786563","10"," 2881825","","0.1400","A"
"4","Trait5","pKWmEB","NsiI.TP626888","10"," 2882779","","0.4475","A"
"4","Trait5","pKWmEB","NsiI.TP647378","10"," 2899276","","0.0811","C"
"4","Trait5","pKWmEB","NsiI.TP673360","10"," 2902628","","0.2086","A"
"4","Trait5","pKWmEB","PstI.TP1100036","10"," 2927257","","0.9993","A"
"4","Trait5","pKWmEB","NsiI.TP328323","10"," 2968652","","1.1309","C"
"4","Trait5","pKWmEB","NsiI.TP159943","10"," 2996596","","0.1301","A"
"4","Trait5","pKWmEB","NsiI.TP348280","10"," 2996774","","1.3071","C"
"4","Trait5","pKWmEB","NsiI.TP249293","10"," 3006315","","0.0125","A"
"4","Trait5","pKWmEB","PstI.TP326019","10"," 3011971","","0.3344","C"
"4","Trait5","pKWmEB","PstI.TP735348","10"," 3073327","","0.8798","C"
"4","Trait5","pKWmEB","PstI.TP583995","10"," 3085156","","0.0812","A"
"4","Trait5","pKWmEB","PstI.TP981281","10"," 3085207","","0.1716","A"
"4","Trait5","pKWmEB","PstI.TP981390","10"," 3085250","","0.8526","C"
"4","Trait5","pKWmEB","PstI.TP742540","10"," 3085391","","1.8327","A"
"4","Trait5","pKWmEB","PstI.TP471711","10"," 3085436","","1.0176","C"
"4","Trait5","pKWmEB","PstI.TP904837","10"," 3103074","","0.3746","C"
"4","Trait5","pKWmEB","PstI.TP14467","10"," 3103147","","0.0910","A"
"4","Trait5","pKWmEB","NsiI.TP722119","10"," 3107962","","0.2315","A"
"4","Trait5","pKWmEB","PstI.TP121030","10"," 3107964","","0.7903","A"
"4","Trait5","pKWmEB","PstI.TP904839","10"," 3116773","","1.1892","A"
"4","Trait5","pKWmEB","PstI.TP955694","10"," 3123370","","0.3589","A"
"4","Trait5","pKWmEB","PstI.TP979341","10"," 3133345","","0.3465","C"
"4","Trait5","pKWmEB","PstI.TP483610","10"," 3169049","","0.1001","C"
"4","Trait5","pKWmEB","PstI.TP724256","10"," 3169797","","0.3096","A"
"4","Trait5","pKWmEB","PstI.TP969406","10"," 3207980","","0.4213","A"
"4","Trait5","pKWmEB","NsiI.TP29432","10"," 3212653","","1.0856","G"
"4","Trait5","pKWmEB","PstI.TP403739","10"," 3217467","","0.0689","A"
"4","Trait5","pKWmEB","NsiI.TP736628","10"," 3220056","","0.9199","A"
"4","Trait5","pKWmEB","PstI.TP1057582","10"," 3233249","","1.1099","G"
"4","Trait5","pKWmEB","GFSSContig18342_909","10"," 3233637","","0.1967","A"
"4","Trait5","pKWmEB","PstI.TP977650","10"," 3236503","","0.9217","A"
"4","Trait5","pKWmEB","PstI.TP977649","10"," 3236506","","0.9088","A"
"4","Trait5","pKWmEB","NsiI.TP783302","10"," 3253711","","0.0603","C"
"4","Trait5","pKWmEB","NsiI.TP32689","10"," 3254905","","0.2843","A"
"4","Trait5","pKWmEB","NsiI.TP248664","10"," 3270915","","0.4382","C"
"4","Trait5","pKWmEB","PstI.TP896365","10"," 3291473","","0.2608","A"
"4","Trait5","pKWmEB","NsiI.TP73032","10"," 3314569","","0.0994","C"
"4","Trait5","pKWmEB","NsiI.TP73031","10"," 3314572","","0.3071","A"
"4","Trait5","pKWmEB","NsiI.TP179386","10"," 3314649","","0.7698","C"
"4","Trait5","pKWmEB","NsiI.TP825346","10"," 3317249","","0.3449","A"
"4","Trait5","pKWmEB","NsiI.TP521308","10"," 3327112","","0.2193","C"
"4","Trait5","pKWmEB","NsiI.TP406783","10"," 3329382","","0.0690","A"
"4","Trait5","pKWmEB","PstI.TP1275061","10"," 3392910","","0.6419","G"
"4","Trait5","pKWmEB","NsiI.TP494705","10"," 3473173","","0.2918","A"
"4","Trait5","pKWmEB","PstI.TP130605","10"," 3473673","","0.1116","A"
"4","Trait5","pKWmEB","NsiI.TP54524","10"," 3482987","","1.1950","A"
"4","Trait5","pKWmEB","NsiI.TP522318","10"," 3483785","","0.7093","G"
"4","Trait5","pKWmEB","PstI.TP752945","10"," 3490096","","0.6151","G"
"4","Trait5","pKWmEB","NsiI.TP510014","10"," 3497449","","0.1676","A"
"4","Trait5","pKWmEB","NsiI.TP515229","10"," 3516607","","0.3933","A"
"4","Trait5","pKWmEB","NsiI.TP137264","10"," 3527878","","0.0568","C"
"4","Trait5","pKWmEB","NsiI.TP220241","10"," 3561444","","0.1766","G"
"4","Trait5","pKWmEB","PstI.TP276899","10"," 3566207","","0.3983","C"
"4","Trait5","pKWmEB","PstI.TP114014","10"," 3591855","","0.9054","A"
"4","Trait5","pKWmEB","PstI.TP681549","10"," 3614188","","0.0240","C"
"4","Trait5","pKWmEB","PstI.TP933399","10"," 3629328","","0.0460","C"
"4","Trait5","pKWmEB","PstI.TP295647","10"," 3634905","","0.2515","A"
"4","Trait5","pKWmEB","GFSSContig20177_2650","10"," 3636801","","0.1198","C"
"4","Trait5","pKWmEB","PstI.TP818751","10"," 3663758","","0.4195","C"
"4","Trait5","pKWmEB","PstI.TP548015","10"," 3664296","","0.3374","A"
"4","Trait5","pKWmEB","PstI.TP221910","10"," 3675003","","0.1267","C"
"4","Trait5","pKWmEB","NsiI.TP21395","10"," 3686578","","0.1093","C"
"4","Trait5","pKWmEB","PstI.TP766214","10"," 3686675","","0.1137","A"
"4","Trait5","pKWmEB","PstI.TP793558","10"," 3692995","","0.0282","A"
"4","Trait5","pKWmEB","NsiI.TP799897","10"," 3719844","","0.2659","C"
"4","Trait5","pKWmEB","PstI.TP123912","10"," 3735433","","0.5326","A"
"4","Trait5","pKWmEB","NsiI.TP590979","10"," 3740761","","0.4131","G"
"4","Trait5","pKWmEB","NsiI.TP768203","10"," 3746144","","0.0646","A"
"4","Trait5","pKWmEB","NsiI.TP768204","10"," 3746144","","0.4709","A"
"4","Trait5","pKWmEB","NsiI.TP230677","10"," 3772506","","0.4771","G"
"4","Trait5","pKWmEB","PstI.TP522026","10"," 3778532","","0.0503","A"
"4","Trait5","pKWmEB","NsiI.TP222544","10"," 3827470","","0.0656","C"
"4","Trait5","pKWmEB","NsiI.TP475692","10"," 3858966","","0.4106","C"
"4","Trait5","pKWmEB","PstI.TP835929","10"," 3862305","","0.2185","A"
"4","Trait5","pKWmEB","PstI.TP797318","10"," 3862344","","0.4151","C"
"4","Trait5","pKWmEB","PstI.TP692582","10"," 3863701","","0.1797","A"
"4","Trait5","pKWmEB","PstI.TP342724","10"," 3898496","","0.9896","A"
"4","Trait5","pKWmEB","PstI.TP418768","10"," 3927551","","0.1491","A"
"4","Trait5","pKWmEB","NsiI.TP633021","10"," 3938528","","0.8918","C"
"4","Trait5","pKWmEB","PstI.TP1031675","10"," 3939805","","0.0056","A"
"4","Trait5","pKWmEB","PstI.TP221021","10"," 3957228","","0.0845","A"
"4","Trait5","pKWmEB","PstI.TP174387","10"," 3977294","","0.5324","C"
"4","Trait5","pKWmEB","NsiI.TP237501","10"," 3978732","","0.2312","C"
"4","Trait5","pKWmEB","NsiI.TP799097","10"," 3986921","","1.0444","A"
"4","Trait5","pKWmEB","NsiI.TP353198","10"," 4010629","","0.2802","A"
"4","Trait5","pKWmEB","PstI.TP542812","10"," 4048134","","0.0626","A"
"4","Trait5","pKWmEB","PstI.TP1118642","10"," 4048282","","0.8954","A"
"4","Trait5","pKWmEB","PstI.TP1269843","10"," 4058222","","0.2844","A"
"4","Trait5","pKWmEB","PstI.TP1102550","10"," 4061091","","0.0913","A"
"4","Trait5","pKWmEB","PstI.TP946244","10"," 4075442","","0.0305","A"
"4","Trait5","pKWmEB","PstI.TP1179217","10"," 4121517","","0.0011","A"
"4","Trait5","pKWmEB","PstI.TP823178","10"," 4123148","","1.2455","C"
"4","Trait5","pKWmEB","PstI.TP1285661","10"," 4172212","","0.2489","G"
"4","Trait5","pKWmEB","PstI.TP218468","10"," 4195799","","0.0049","A"
"4","Trait5","pKWmEB","NsiI.TP322932","10"," 4207320","","0.7920","A"
"4","Trait5","pKWmEB","NsiI.TP188814","10"," 4222455","","0.8226","C"
"4","Trait5","pKWmEB","PstI.TP289780","10"," 4227965","","0.3654","C"
"4","Trait5","pKWmEB","PstI.TP844654","10"," 4228048","","0.3835","C"
"4","Trait5","pKWmEB","PstI.TP1106154","10"," 4229336","","0.2616","C"
"4","Trait5","pKWmEB","PstI.TP1173584","10"," 4234171","","0.6249","A"
"4","Trait5","pKWmEB","PstI.TP118419","10"," 4244880","","0.4099","A"
"4","Trait5","pKWmEB","NsiI.TP776416","10"," 4253367","","0.5166","C"
"4","Trait5","pKWmEB","NsiI.TP565087","10"," 4268807","","0.2982","G"
"4","Trait5","pKWmEB","PstI.TP1294713","10"," 4269426","","0.2446","C"
"4","Trait5","pKWmEB","NsiI.TP635657","10"," 4289511","","0.1043","A"
"4","Trait5","pKWmEB","PstI.TP698926","10"," 4293924","","0.8125","A"
"4","Trait5","pKWmEB","PstI.TP494123","10"," 4301743","","1.4649","A"
"4","Trait5","pKWmEB","PstI.TP838076","10"," 4315606","","0.0427","A"
"4","Trait5","pKWmEB","PstI.TP798247","10"," 4317874","","0.4539","C"
"4","Trait5","pKWmEB","PstI.TP143955","10"," 4325304","","1.0505","A"
"4","Trait5","pKWmEB","NsiI.TP150290","10"," 4327574","","0.4872","G"
"4","Trait5","pKWmEB","PstI.TP113599","10"," 4339527","","0.0810","C"
"4","Trait5","pKWmEB","NsiI.TP821710","10"," 4340547","","0.8379","C"
"4","Trait5","pKWmEB","NsiI.TP190637","10"," 4354965","","0.0886","A"
"4","Trait5","pKWmEB","NsiI.TP3674","10"," 4355656","","0.8576","C"
"4","Trait5","pKWmEB","PstI.TP69953","10"," 4380070","","0.0545","A"
"4","Trait5","pKWmEB","NsiI.TP520722","10"," 4380167","","0.3355","A"
"4","Trait5","pKWmEB","NsiI.TP307113","10"," 4465764","","0.5208","C"
"4","Trait5","pKWmEB","NsiI.TP288846","10"," 4465774","","0.3557","A"
"4","Trait5","pKWmEB","NsiI.TP433094","10"," 4470964","","2.1797","C"
"4","Trait5","pKWmEB","PstI.TP939013","10"," 4472938","","0.0167","A"
"4","Trait5","pKWmEB","PstI.TP692809","10"," 4475068","","0.7977","C"
"4","Trait5","pKWmEB","PstI.TP780019","10"," 4475781","","0.4948","A"
"4","Trait5","pKWmEB","PstI.TP723923","10"," 4478246","","0.3396","A"
"4","Trait5","pKWmEB","NsiI.TP109159","10"," 4481016","","0.7234","C"
"4","Trait5","pKWmEB","PstI.TP517739","10"," 4487252","","0.1571","A"
"4","Trait5","pKWmEB","PstI.TP340122","10"," 4495848","","0.5959","C"
"4","Trait5","pKWmEB","NsiI.TP761430","10"," 4591979","","0.4112","A"
"4","Trait5","pKWmEB","PstI.TP372327","10"," 4603364","","0.6480","C"
"4","Trait5","pKWmEB","PstI.TP929770","10"," 4612901","","0.0761","C"
"4","Trait5","pKWmEB","PstI.TP730560","10"," 4637084","","1.9360","A"
"4","Trait5","pKWmEB","PstI.TP1129352","10"," 4682258","","0.0548","C"
"4","Trait5","pKWmEB","PstI.TP422970","10"," 4700550","","0.6087","C"
"4","Trait5","pKWmEB","NsiI.TP426726","10"," 4706369","","2.9034","A"
"4","Trait5","pKWmEB","NsiI.TP62729","10"," 4707002","","0.4451","A"
"4","Trait5","pKWmEB","PstI.TP1036810","10"," 4707282","","0.0595","C"
"4","Trait5","pKWmEB","PstI.TP671936","10"," 4740860","","0.3539","C"
"4","Trait5","pKWmEB","NsiI.TP645258","10"," 4741412","","0.4539","G"
"4","Trait5","pKWmEB","PstI.TP538321","10"," 4746362","","0.6609","A"
"4","Trait5","pKWmEB","PstI.TP1052203","10"," 4773286","","0.2946","A"
"4","Trait5","pKWmEB","NsiI.TP551597","10"," 4780251","","0.2120","C"
"4","Trait5","pKWmEB","PstI.TP507239","10"," 4780432","","0.6715","A"
"4","Trait5","pKWmEB","NsiI.TP218853","10"," 4813740","","1.0024","C"
"4","Trait5","pKWmEB","PstI.TP130434","10"," 4822323","","0.1215","C"
"4","Trait5","pKWmEB","PstI.TP51555","10"," 4842549","","1.3632","C"
"4","Trait5","pKWmEB","PstI.TP143189","10"," 4870950","","0.0341","A"
"4","Trait5","pKWmEB","PstI.TP143690","10"," 4870981","","0.0067","A"
"4","Trait5","pKWmEB","PstI.TP1029829","10"," 4875238","","0.6485","A"
"4","Trait5","pKWmEB","PstI.TP1156107","10"," 4914081","","0.0651","G"
"4","Trait5","pKWmEB","NsiI.TP150799","10"," 4922940","","0.2809","C"
"4","Trait5","pKWmEB","NsiI.TP54706","10"," 4933944","","0.2369","A"
"4","Trait5","pKWmEB","NsiI.TP692702","10"," 4991168","","0.0537","A"
"4","Trait5","pKWmEB","PstI.TP65588","10"," 5002506","","0.7968","A"
"4","Trait5","pKWmEB","PstI.TP1049155","10"," 5002819","","0.4681","A"
"4","Trait5","pKWmEB","PstI.TP464868","10"," 5032593","","0.0602","A"
"4","Trait5","pKWmEB","PstI.TP1181232","10"," 5037186","","0.8171","C"
"4","Trait5","pKWmEB","PstI.TP488112","10"," 5048135","","0.3072","C"
"4","Trait5","pKWmEB","PstI.TP645361","10"," 5054133","","0.7833","A"
"4","Trait5","pKWmEB","PstI.TP1242439","10"," 5072276","","1.1781","A"
"4","Trait5","pKWmEB","NsiI.TP519668","10"," 5077889","","0.0837","C"
"4","Trait5","pKWmEB","PstI.TP13101","10"," 5083417","","0.4027","G"
"4","Trait5","pKWmEB","GFSSContig12758_758","10"," 5104462","","0.1629","A"
"4","Trait5","pKWmEB","PstI.TP831544","10"," 5137704","","1.4075","C"
"4","Trait5","pKWmEB","PstI.TP1139226","10"," 5138549","","0.0379","G"
"4","Trait5","pKWmEB","PstI.TP531549","10"," 5158579","","0.1703","A"
"4","Trait5","pKWmEB","NsiI.TP500416","10"," 5199264","","0.3472","C"
"4","Trait5","pKWmEB","PstI.TP815303","10"," 5200343","","0.0305","C"
"4","Trait5","pKWmEB","PstI.TP751889","10"," 5209918","","0.5186","A"
"4","Trait5","pKWmEB","PstI.TP386698","10"," 5216216","","0.6197","A"
"4","Trait5","pKWmEB","NsiI.TP404859","10"," 5224705","","0.5517","C"
"4","Trait5","pKWmEB","NsiI.TP440924","10"," 5257622","","0.1700","C"
"4","Trait5","pKWmEB","PstI.TP8793","10"," 5273014","","1.3063","A"
"4","Trait5","pKWmEB","NsiI.TP826229","10"," 5278945","","0.3379","C"
"4","Trait5","pKWmEB","NsiI.TP415542","10"," 5279174","","0.1129","C"
"4","Trait5","pKWmEB","NsiI.TP437981","10"," 5340957","","0.5593","A"
"4","Trait5","pKWmEB","NsiI.TP422808","10"," 5343480","","0.2915","A"
"4","Trait5","pKWmEB","PstI.TP916570","10"," 5348366","","1.8394","A"
"4","Trait5","pKWmEB","PstI.TP231978","10"," 5373474","","0.5451","C"
"4","Trait5","pKWmEB","NsiI.TP237545","10"," 5377137","","0.5355","A"
"4","Trait5","pKWmEB","PstI.TP203273","10"," 5396538","","0.3853","A"
"4","Trait5","pKWmEB","NsiI.TP272474","10"," 5399501","","0.2395","A"
"4","Trait5","pKWmEB","PstI.TP1027226","10"," 5400847","","0.3384","C"
"4","Trait5","pKWmEB","PstI.TP1185402","10"," 5448657","","1.9271","A"
"4","Trait5","pKWmEB","PstI.TP1264238","10"," 5451657","","0.1021","C"
"4","Trait5","pKWmEB","PstI.TP112231","10"," 5464565","","0.5614","A"
"4","Trait5","pKWmEB","PstI.TP353963","10"," 5509582","","0.4358","A"
"4","Trait5","pKWmEB","PstI.TP177753","10"," 5524764","","0.2083","A"
"4","Trait5","pKWmEB","PstI.TP177752","10"," 5524783","","0.0106","C"
"4","Trait5","pKWmEB","NsiI.TP553463","10"," 5531853","","1.2976","A"
"4","Trait5","pKWmEB","PstI.TP594857","10"," 5544594","","0.1939","G"
"4","Trait5","pKWmEB","PstI.TP99687","10"," 5558897","","1.0832","C"
"4","Trait5","pKWmEB","PstI.TP467105","10"," 5623737","","0.5287","C"
"4","Trait5","pKWmEB","PstI.TP467100","10"," 5623750","","0.0365","A"
"4","Trait5","pKWmEB","PstI.TP604956","10"," 5628757","","1.0717","A"
"4","Trait5","pKWmEB","NsiI.TP435665","10"," 5628899","","0.2527","C"
"4","Trait5","pKWmEB","NsiI.TP549926","10"," 5654689","","0.1548","C"
"4","Trait5","pKWmEB","NsiI.TP369408","10"," 5657699","","1.0719","A"
"4","Trait5","pKWmEB","NsiI.TP543845","10"," 5657990","","0.0622","A"
"4","Trait5","pKWmEB","NsiI.TP243846","10"," 5688536","","0.0970","C"
"4","Trait5","pKWmEB","NsiI.TP476127","10"," 5702052","","0.2074","A"
"4","Trait5","pKWmEB","NsiI.TP730788","10"," 5707639","","0.4990","A"
"4","Trait5","pKWmEB","PstI.TP299543","10"," 5718886","","0.1984","A"
"4","Trait5","pKWmEB","NsiI.TP620943","10"," 5743005","","0.0998","C"
"4","Trait5","pKWmEB","PstI.TP1126063","10"," 5769848","","0.3317","A"
"4","Trait5","pKWmEB","PstI.TP1276468","10"," 5770472","","0.6283","C"
"4","Trait5","pKWmEB","PstI.TP829793","10"," 5798289","","0.1272","A"
"4","Trait5","pKWmEB","PstI.TP708539","10"," 5883045","","0.1050","A"
"4","Trait5","pKWmEB","NsiI.TP432157","10"," 5919237","","0.1477","C"
"4","Trait5","pKWmEB","NsiI.TP218143","10"," 5920460","","0.1005","A"
"4","Trait5","pKWmEB","PstI.TP673587","10"," 5920586","","0.0083","G"
"4","Trait5","pKWmEB","PstI.TP860862","10"," 5931116","","0.0769","G"
"4","Trait5","pKWmEB","PstI.TP235577","10"," 5940234","","0.2095","C"
"4","Trait5","pKWmEB","PstI.TP1045077","10"," 5945708","","0.4002","A"
"4","Trait5","pKWmEB","PstI.TP833712","10"," 5951604","","0.8663","C"
"4","Trait5","pKWmEB","PstI.TP58120","10"," 5955314","","0.3864","A"
"4","Trait5","pKWmEB","NsiI.TP473803","10"," 5957133","","0.7060","A"
"4","Trait5","pKWmEB","PstI.TP14516","10"," 5964783","","0.1212","A"
"4","Trait5","pKWmEB","NsiI.TP557415","10"," 6012466","","0.5280","A"
"4","Trait5","pKWmEB","NsiI.TP433359","10"," 6012505","","2.0666","C"
"4","Trait5","pKWmEB","PstI.TP903649","10"," 6013128","","0.0517","G"
"4","Trait5","pKWmEB","PstI.TP748634","10"," 6028124","","0.0272","A"
"4","Trait5","pKWmEB","PstI.TP534002","10"," 6039846","","0.7402","C"
"4","Trait5","pKWmEB","PstI.TP186628","10"," 6039925","","0.0096","C"
"4","Trait5","pKWmEB","PstI.TP21799","10"," 6041147","","0.0711","C"
"4","Trait5","pKWmEB","PstI.TP447641","10"," 6043610","","0.1092","A"
"4","Trait5","pKWmEB","GFSSContig18577_709","10"," 6058951","","0.2580","T"
"4","Trait5","pKWmEB","PstI.TP169712","10"," 6068006","","0.3331","C"
"4","Trait5","pKWmEB","PstI.TP1212372","10"," 6070004","","0.1105","A"
"4","Trait5","pKWmEB","PstI.TP235460","10"," 6083141","","0.6277","A"
"4","Trait5","pKWmEB","PstI.TP1165721","10"," 6185272","","0.6694","C"
"4","Trait5","pKWmEB","PstI.TP752015","10"," 6283799","","0.1098","C"
"4","Trait5","pKWmEB","PstI.TP409313","10"," 6298595","","0.9811","A"
"4","Trait5","pKWmEB","PstI.TP114415","10"," 6298864","","0.0832","A"
"4","Trait5","pKWmEB","NsiI.TP391697","10"," 6300358","","0.0903","C"
"4","Trait5","pKWmEB","NsiI.TP152872","10"," 6300840","","0.1487","A"
"4","Trait5","pKWmEB","PstI.TP265447","10"," 6324176","","0.0118","C"
"4","Trait5","pKWmEB","PstI.TP275384","10"," 6327741","","0.5312","C"
"4","Trait5","pKWmEB","PstI.TP289975","10"," 6356180","","0.2178","A"
"4","Trait5","pKWmEB","NsiI.TP413162","10"," 6375149","","0.4157","C"
"4","Trait5","pKWmEB","PstI.TP835414","10"," 6396000","","0.2178","C"
"4","Trait5","pKWmEB","PstI.TP1086230","10"," 6420846","","1.1082","A"
"4","Trait5","pKWmEB","NsiI.TP457252","10"," 6438481","","0.0300","C"
"4","Trait5","pKWmEB","PstI.TP49615","10"," 6452458","","2.0376","C"
"4","Trait5","pKWmEB","PstI.TP402304","10"," 6466659","","0.5925","A"
"4","Trait5","pKWmEB","PstI.TP1128037","10"," 6472705","","0.4510","A"
"4","Trait5","pKWmEB","NsiI.TP411721","10"," 6477592","","0.0329","C"
"4","Trait5","pKWmEB","NsiI.TP440694","10"," 6482395","","0.1306","C"
"4","Trait5","pKWmEB","PstI.TP450983","10"," 6486207","","0.0299","A"
"4","Trait5","pKWmEB","PstI.TP250354","10"," 6510934","","0.2628","A"
"4","Trait5","pKWmEB","NsiI.TP394246","10"," 6514301","","0.0517","A"
"4","Trait5","pKWmEB","NsiI.TP216159","10"," 6514871","","0.3066","C"
"4","Trait5","pKWmEB","PstI.TP915789","10"," 6528089","","0.0187","A"
"4","Trait5","pKWmEB","NsiI.TP362207","10"," 6556039","","0.5921","A"
"4","Trait5","pKWmEB","PstI.TP738082","10"," 6556740","","0.7482","C"
"4","Trait5","pKWmEB","NsiI.TP130101","10"," 6564191","","0.5668","G"
"4","Trait5","pKWmEB","NsiI.TP528304","10"," 6564489","","2.1996","A"
"4","Trait5","pKWmEB","PstI.TP976107","10"," 6564660","","0.0242","A"
"4","Trait5","pKWmEB","PstI.TP347454","10"," 6564726","","0.4468","C"
"4","Trait5","pKWmEB","PstI.TP419718","10"," 6605033","","0.0406","C"
"4","Trait5","pKWmEB","PstI.TP265395","10"," 6606861","","0.0085","A"
"4","Trait5","pKWmEB","PstI.TP1078214","10"," 6639662","","0.0187","G"
"4","Trait5","pKWmEB","NsiI.TP443003","10"," 6643993","","0.3046","C"
"4","Trait5","pKWmEB","PstI.TP179163","10"," 6653472","","0.0572","C"
"4","Trait5","pKWmEB","NsiI.TP212273","10"," 6661119","","0.2960","A"
"4","Trait5","pKWmEB","PstI.TP1194079","10"," 6667861","","1.3155","A"
"4","Trait5","pKWmEB","NsiI.TP386688","10"," 6695957","","0.2454","C"
"4","Trait5","pKWmEB","PstI.TP700311","10"," 6704749","","0.2189","C"
"4","Trait5","pKWmEB","PstI.TP797039","10"," 6739376","","0.6630","G"
"4","Trait5","pKWmEB","PstI.TP852620","10"," 6797132","","0.2594","C"
"4","Trait5","pKWmEB","PstI.TP759029","10"," 6797717","","0.0193","C"
"4","Trait5","pKWmEB","PstI.TP10379","10"," 6798646","","0.4640","C"
"4","Trait5","pKWmEB","NsiI.TP160941","10"," 6807667","","1.1328","A"
"4","Trait5","pKWmEB","NsiI.TP430635","10"," 6817921","","0.1407","G"
"4","Trait5","pKWmEB","NsiI.TP222743","10"," 6819373","","0.6137","G"
"4","Trait5","pKWmEB","NsiI.TP25493","10"," 6857854","","0.3706","A"
"4","Trait5","pKWmEB","PstI.TP802153","10"," 6858193","","0.5181","C"
"4","Trait5","pKWmEB","NsiI.TP571386","10"," 6868370","","1.1120","C"
"4","Trait5","pKWmEB","NsiI.TP347022","10"," 6891033","","0.3074","C"
"4","Trait5","pKWmEB","NsiI.TP710122","10"," 6910876","","0.5870","G"
"4","Trait5","pKWmEB","PstI.TP32222","10"," 6922453","","0.6574","C"
"4","Trait5","pKWmEB","PstI.TP675074","10"," 6938520","","0.5662","A"
"4","Trait5","pKWmEB","PstI.TP795847","10"," 6944290","","1.1620","A"
"4","Trait5","pKWmEB","PstI.TP1110378","10"," 7024377","","1.2625","A"
"4","Trait5","pKWmEB","NsiI.TP285360","10"," 7040908","","0.3448","A"
"4","Trait5","pKWmEB","PstI.TP1140202","10"," 7042617","","0.4184","C"
"4","Trait5","pKWmEB","PstI.TP291795","10"," 7053222","","0.9010","C"
"4","Trait5","pKWmEB","PstI.TP673266","10"," 7053304","","0.2221","A"
"4","Trait5","pKWmEB","PstI.TP193150","10"," 7074117","","1.2436","A"
"4","Trait5","pKWmEB","PstI.TP510424","10"," 7091437","","0.8188","A"
"4","Trait5","pKWmEB","PstI.TP709777","10"," 7096820","","0.0192","A"
"4","Trait5","pKWmEB","PstI.TP594696","10"," 7119016","","0.0690","G"
"4","Trait5","pKWmEB","PstI.TP19278","10"," 7138937","","0.0709","C"
"4","Trait5","pKWmEB","NsiI.TP299143","10"," 7147645","","0.1004","A"
"4","Trait5","pKWmEB","NsiI.TP123073","10"," 7170270","","0.1492","C"
"4","Trait5","pKWmEB","PstI.TP123530","10"," 7243969","","0.1302","A"
"4","Trait5","pKWmEB","GFSSContig11002_434","10"," 7263424","","0.2349","T"
"4","Trait5","pKWmEB","NsiI.TP121207","10"," 7304029","","0.0055","A"
"4","Trait5","pKWmEB","PstI.TP626338","10"," 7419457","","0.2154","C"
"4","Trait5","pKWmEB","NsiI.TP752201","10"," 7427130","","0.1845","C"
"4","Trait5","pKWmEB","PstI.TP192975","10"," 7433028","","0.8303","G"
"4","Trait5","pKWmEB","NsiI.TP55214","10"," 7438176","","1.5783","C"
"4","Trait5","pKWmEB","NsiI.TP56711","10"," 7438210","","0.8258","A"
"4","Trait5","pKWmEB","PstI.TP49215","10"," 7440436","","0.1172","C"
"4","Trait5","pKWmEB","NsiI.TP139512","10"," 7445722","","0.2076","G"
"4","Trait5","pKWmEB","NsiI.TP465277","10"," 7478080","","0.0775","A"
"4","Trait5","pKWmEB","PstI.TP204175","10"," 7481307","","0.2949","C"
"4","Trait5","pKWmEB","NsiI.TP296881","10"," 7488785","","1.9364","G"
"4","Trait5","pKWmEB","PstI.TP751867","10"," 7495716","","0.5429","A"
"4","Trait5","pKWmEB","PstI.TP1231727","10"," 7512201","","0.1621","G"
"4","Trait5","pKWmEB","PstI.TP205915","10"," 7512309","","0.5147","C"
"4","Trait5","pKWmEB","PstI.TP100648","10"," 7512918","","0.2806","A"
"4","Trait5","pKWmEB","PstI.TP4865","10"," 7516648","","0.1698","C"
"4","Trait5","pKWmEB","PstI.TP149587","10"," 7615825","","0.0010","G"
"4","Trait5","pKWmEB","PstI.TP147227","10"," 7615847","","1.3556","A"
"4","Trait5","pKWmEB","PstI.TP31446","10"," 7616306","","0.4080","C"
"4","Trait5","pKWmEB","NsiI.TP439343","10"," 7616533","","0.1625","A"
"4","Trait5","pKWmEB","NsiI.TP237844","10"," 7616535","","0.8701","A"
"4","Trait5","pKWmEB","PstI.TP474246","10"," 7694364","","0.0058","A"
"4","Trait5","pKWmEB","PstI.TP922420","10"," 7725684","","0.1304","A"
"4","Trait5","pKWmEB","NsiI.TP371534","10"," 7725684","","0.0604","G"
"4","Trait5","pKWmEB","PstI.TP937644","10"," 7725693","","0.2205","C"
"4","Trait5","pKWmEB","NsiI.TP429917","10"," 7770797","","0.4280","A"
"4","Trait5","pKWmEB","NsiI.TP622136","10"," 7771224","","1.1896","C"
"4","Trait5","pKWmEB","PstI.TP241242","10"," 7791807","","1.4601","A"
"4","Trait5","pKWmEB","PstI.TP688236","10"," 7799795","","0.3865","C"
"4","Trait5","pKWmEB","PstI.TP17559","10"," 7841596","","0.0633","A"
"4","Trait5","pKWmEB","NsiI.TP388522","10"," 7860549","","0.0027","A"
"4","Trait5","pKWmEB","NsiI.TP388524","10"," 7860569","","0.0000","A"
"4","Trait5","pKWmEB","NsiI.TP830477","10"," 7872459","","0.5807","A"
"4","Trait5","pKWmEB","PstI.TP479159","10"," 7872886","","1.1046","G"
"4","Trait5","pKWmEB","NsiI.TP215678","10"," 7915314","","0.1332","A"
"4","Trait5","pKWmEB","PstI.TP22678","10"," 7915405","","0.5033","A"
"4","Trait5","pKWmEB","PstI.TP780806","10"," 7917626","","0.5273","C"
"4","Trait5","pKWmEB","PstI.TP1099085","10"," 7953720","","0.0175","C"
"4","Trait5","pKWmEB","NsiI.TP27348","10"," 8026434","","0.2281","C"
"4","Trait5","pKWmEB","NsiI.TP591509","10"," 8034703","","0.5313","A"
"4","Trait5","pKWmEB","PstI.TP429801","10"," 8035175","","0.1910","G"
"4","Trait5","pKWmEB","NsiI.TP800779","10"," 8054128","","0.6171","C"
"4","Trait5","pKWmEB","NsiI.TP811878","10"," 8054180","","0.0213","A"
"4","Trait5","pKWmEB","PstI.TP877857","10"," 8054551","","0.7263","A"
"4","Trait5","pKWmEB","NsiI.TP425321","10"," 8054763","","0.3180","A"
"4","Trait5","pKWmEB","PstI.TP261995","10"," 8063942","","0.1489","A"
"4","Trait5","pKWmEB","NsiI.TP41781","10"," 8068211","","0.7361","G"
"4","Trait5","pKWmEB","NsiI.TP41783","10"," 8068214","","0.1244","A"
"4","Trait5","pKWmEB","NsiI.TP301361","10"," 8099842","","0.4351","G"
"4","Trait5","pKWmEB","NsiI.TP301356","10"," 8099855","","0.0132","A"
"4","Trait5","pKWmEB","PstI.TP628495","10"," 8110349","","0.4259","A"
"4","Trait5","pKWmEB","PstI.TP1081624","10"," 8144011","","0.2366","C"
"4","Trait5","pKWmEB","NsiI.TP430625","10"," 8144012","","0.2398","C"
"4","Trait5","pKWmEB","PstI.TP166292","10"," 8150237","","0.5961","C"
"4","Trait5","pKWmEB","PstI.TP501971","10"," 8186495","","0.0657","A"
"4","Trait5","pKWmEB","PstI.TP297485","10"," 8192714","","0.5916","C"
"4","Trait5","pKWmEB","PstI.TP297484","10"," 8192724","","1.0389","G"
"4","Trait5","pKWmEB","PstI.TP386356","10"," 8196990","","0.3876","C"
"4","Trait5","pKWmEB","NsiI.TP228522","10"," 8197919","","0.6157","C"
"4","Trait5","pKWmEB","NsiI.TP60801","10"," 8233136","","0.5660","A"
"4","Trait5","pKWmEB","NsiI.TP697049","10"," 8233222","","0.8324","A"
"4","Trait5","pKWmEB","PstI.TP1134755","10"," 8233530","","0.0013","G"
"4","Trait5","pKWmEB","NsiI.TP54714","10"," 8255635","","0.9642","A"
"4","Trait5","pKWmEB","NsiI.TP492189","10"," 8261222","","0.0911","A"
"4","Trait5","pKWmEB","PstI.TP341083","10"," 8262385","","0.5716","A"
"4","Trait5","pKWmEB","NsiI.TP16145","10"," 8279132","","0.0296","A"
"4","Trait5","pKWmEB","NsiI.TP716131","10"," 8297014","","1.5711","A"
"4","Trait5","pKWmEB","PstI.TP750230","10"," 8308664","","0.2400","C"
"4","Trait5","pKWmEB","NsiI.TP745333","10"," 8344908","","0.0949","C"
"4","Trait5","pKWmEB","NsiI.TP166636","10"," 8349937","","0.0737","C"
"4","Trait5","pKWmEB","NsiI.TP493402","10"," 8423090","","0.1231","A"
"4","Trait5","pKWmEB","PstI.TP863248","10"," 8480238","","0.1685","A"
"4","Trait5","pKWmEB","NsiI.TP31391","10"," 8519156","","0.4104","A"
"4","Trait5","pKWmEB","PstI.TP808887","10"," 8526597","","0.2977","C"
"4","Trait5","pKWmEB","PstI.TP507502","10"," 8533811","","0.1629","C"
"4","Trait5","pKWmEB","NsiI.TP409443","10"," 8533811","","0.0456","A"
"4","Trait5","pKWmEB","NsiI.TP409444","10"," 8533812","","0.9042","G"
"4","Trait5","pKWmEB","PstI.TP809778","10"," 8543510","","0.3464","C"
"4","Trait5","pKWmEB","NsiI.TP433256","10"," 8543717","","0.0153","C"
"4","Trait5","pKWmEB","NsiI.TP279591","10"," 8549506","","0.5675","C"
"4","Trait5","pKWmEB","NsiI.TP254930","10"," 8549734","","0.0823","G"
"4","Trait5","pKWmEB","PstI.TP516137","10"," 8551151","","0.0317","A"
"4","Trait5","pKWmEB","PstI.TP464693","10"," 8551223","","0.6322","C"
"4","Trait5","pKWmEB","NsiI.TP82763","10"," 8616434","","0.7635","C"
"4","Trait5","pKWmEB","PstI.TP1128792","10"," 8617211","","0.1420","A"
"4","Trait5","pKWmEB","NsiI.TP336962","10"," 8617263","","1.0951","C"
"4","Trait5","pKWmEB","NsiI.TP565045","10"," 8617526","","0.1848","C"
"4","Trait5","pKWmEB","NsiI.TP548285","10"," 8628263","","0.7864","A"
"4","Trait5","pKWmEB","NsiI.TP417126","10"," 8628335","","0.7664","A"
"4","Trait5","pKWmEB","PstI.TP49597","10"," 8632574","","0.6528","C"
"4","Trait5","pKWmEB","PstI.TP262665","10"," 8641591","","0.0046","A"
"4","Trait5","pKWmEB","NsiI.TP292110","10"," 8663562","","2.1668","C"
"4","Trait5","pKWmEB","NsiI.TP51580","10"," 8685676","","0.2293","A"
"4","Trait5","pKWmEB","NsiI.TP476564","10"," 8685679","","0.5878","A"
"4","Trait5","pKWmEB","NsiI.TP573145","10"," 8686075","","0.4690","A"
"4","Trait5","pKWmEB","NsiI.TP123409","10"," 8686160","","0.0816","A"
"4","Trait5","pKWmEB","PstI.TP401956","10"," 8717831","","0.7233","G"
"4","Trait5","pKWmEB","NsiI.TP365793","10"," 8727407","","0.1536","A"
"4","Trait5","pKWmEB","NsiI.TP35043","10"," 8752420","","0.5529","A"
"4","Trait5","pKWmEB","PstI.TP1091471","10"," 8754120","","0.5818","C"
"4","Trait5","pKWmEB","NsiI.TP426577","10"," 8815676","","0.3066","C"
"4","Trait5","pKWmEB","PstI.TP459746","10"," 8827429","","0.0058","C"
"4","Trait5","pKWmEB","NsiI.TP135574","10"," 8830491","","0.3282","A"
"4","Trait5","pKWmEB","PstI.TP805227","10"," 8847055","","0.4390","C"
"4","Trait5","pKWmEB","PstI.TP221027","10"," 8848286","","0.5322","A"
"4","Trait5","pKWmEB","PstI.TP221311","10"," 8848295","","0.0370","A"
"4","Trait5","pKWmEB","PstI.TP819775","10"," 8850880","","0.6751","A"
"4","Trait5","pKWmEB","PstI.TP495406","10"," 8851249","","0.2948","C"
"4","Trait5","pKWmEB","NsiI.TP500976","10"," 8853491","","0.0695","A"
"4","Trait5","pKWmEB","NsiI.TP416047","10"," 8859230","","0.3805","A"
"4","Trait5","pKWmEB","PstI.TP51516","10"," 8861492","","0.0657","A"
"4","Trait5","pKWmEB","PstI.TP1038591","10"," 8867029","","0.3830","C"
"4","Trait5","pKWmEB","NsiI.TP700791","10"," 8869373","","0.1143","A"
"4","Trait5","pKWmEB","NsiI.TP800005","10"," 8894644","","0.0764","C"
"4","Trait5","pKWmEB","NsiI.TP767862","10"," 8899879","","0.1971","A"
"4","Trait5","pKWmEB","NsiI.TP274179","10"," 8900947","","0.5112","A"
"4","Trait5","pKWmEB","NsiI.TP417967","10"," 8969078","","0.9341","C"
"4","Trait5","pKWmEB","PstI.TP381362","10"," 8977784","","0.0089","C"
"4","Trait5","pKWmEB","PstI.TP398038","10"," 9055053","","0.1999","A"
"4","Trait5","pKWmEB","PstI.TP20602","10"," 9056902","","0.2551","C"
"4","Trait5","pKWmEB","PstI.TP1001443","10"," 9270817","","0.4254","C"
"4","Trait5","pKWmEB","NsiI.TP284854","10"," 9278751","","0.1302","A"
"4","Trait5","pKWmEB","PstI.TP1115007","10"," 9284878","","0.3834","C"
"4","Trait5","pKWmEB","PstI.TP476180","10"," 9295344","","0.0305","A"
"4","Trait5","pKWmEB","NsiI.TP545832","10"," 9313785","","0.6617","C"
"4","Trait5","pKWmEB","NsiI.TP763164","10"," 9416753","","0.3863","A"
"4","Trait5","pKWmEB","NsiI.TP408213","10"," 9426875","","0.0331","C"
"4","Trait5","pKWmEB","PstI.TP1022538","10"," 9427594","","0.6645","A"
"4","Trait5","pKWmEB","PstI.TP1023898","10"," 9617333","","0.3384","G"
"4","Trait5","pKWmEB","NsiI.TP813084","10"," 9642683","","0.0115","C"
"4","Trait5","pKWmEB","NsiI.TP88833","10"," 9660835","","0.0768","A"
"4","Trait5","pKWmEB","PstI.TP196905","10"," 9690816","","0.0123","A"
"4","Trait5","pKWmEB","NsiI.TP168987","10"," 9691816","","0.6798","A"
"4","Trait5","pKWmEB","PstI.TP902020","10"," 9692380","","0.2779","C"
"4","Trait5","pKWmEB","PstI.TP155962","10"," 9704983","","2.2719","A"
"4","Trait5","pKWmEB","PstI.TP1165410","10"," 9711519","","0.2831","A"
"4","Trait5","pKWmEB","PstI.TP126897","10"," 9757479","","0.0640","G"
"4","Trait5","pKWmEB","PstI.TP1104477","10"," 9762760","","0.2663","A"
"4","Trait5","pKWmEB","PstI.TP706096","10"," 9764879","","0.0419","C"
"4","Trait5","pKWmEB","PstI.TP759626","10"," 9765073","","0.8164","G"
"4","Trait5","pKWmEB","NsiI.TP722937","10"," 9791748","","0.2759","G"
"4","Trait5","pKWmEB","PstI.TP1218068","10"," 9839582","","0.3976","A"
"4","Trait5","pKWmEB","PstI.TP433043","10"," 9848590","","0.0070","C"
"4","Trait5","pKWmEB","NsiI.TP340287","10"," 9859660","","0.6497","C"
"4","Trait5","pKWmEB","PstI.TP317730","10"," 9880258","","0.1351","C"
"4","Trait5","pKWmEB","PstI.TP110898","10"," 9880843","","1.1664","C"
"4","Trait5","pKWmEB","PstI.TP863318","10"," 9897610","","0.2877","A"
"4","Trait5","pKWmEB","PstI.TP1007652","10"," 9980333","","0.2508","A"
"4","Trait5","pKWmEB","PstI.TP1263443","10"," 9988092","","1.6443","C"
"4","Trait5","pKWmEB","NsiI.TP333996","10"," 9989985","","0.7164","A"
"4","Trait5","pKWmEB","NsiI.TP131804","10","10020665","","0.6454","C"
"4","Trait5","pKWmEB","PstI.TP951021","10","10044851","","1.2095","G"
"4","Trait5","pKWmEB","PstI.TP330917","10","10161498","","0.1829","A"
"4","Trait5","pKWmEB","PstI.TP893838","10","10167865","","1.2133","C"
"4","Trait5","pKWmEB","PstI.TP947118","10","10171416","","0.3075","C"
"4","Trait5","pKWmEB","NsiI.TP467269","10","10171432","","0.0646","C"
"4","Trait5","pKWmEB","PstI.TP920685","10","10258102","","0.5738","A"
"4","Trait5","pKWmEB","PstI.TP348121","10","10315566","","0.3805","C"
"4","Trait5","pKWmEB","PstI.TP475831","10","10323419","","1.0868","A"
"4","Trait5","pKWmEB","PstI.TP76555","10","10323786","","0.4627","C"
"4","Trait5","pKWmEB","PstI.TP77980","10","10346907","","0.3500","A"
"4","Trait5","pKWmEB","NsiI.TP725160","10","10348715","","0.0411","G"
"4","Trait5","pKWmEB","PstI.TP1188915","10","10377851","","0.0693","C"
"4","Trait5","pKWmEB","NsiI.TP539232","10","10539823","","2.7747","A"
"4","Trait5","pKWmEB","PstI.TP530550","10","10541144","","0.2725","C"
"4","Trait5","pKWmEB","PstI.TP683701","10","10614565","","0.4638","A"
"4","Trait5","pKWmEB","PstI.TP483070","10","10615158","","0.1610","A"
"4","Trait5","pKWmEB","PstI.TP1059761","10","10652959","","0.2049","C"
"4","Trait5","pKWmEB","NsiI.TP337654","10","10682671","","0.2934","A"
"4","Trait5","pKWmEB","NsiI.TP764847","10","10693125","","0.3017","C"
"4","Trait5","pKWmEB","PstI.TP1277808","10","10697678","","0.0522","C"
"4","Trait5","pKWmEB","PstI.TP605708","10","10701072","","0.1026","A"
"4","Trait5","pKWmEB","PstI.TP862042","10","10751789","","1.2768","C"
"4","Trait5","pKWmEB","PstI.TP623813","10","10751887","","1.5197","A"
"4","Trait5","pKWmEB","PstI.TP758246","10","10804856","","0.8401","C"
"4","Trait5","pKWmEB","NsiI.TP371913","10","10846478","","0.1200","C"
"4","Trait5","pKWmEB","PstI.TP784042","10","10903117","","0.3507","G"
"4","Trait5","pKWmEB","PstI.TP1172871","10","11004222","","0.3559","C"
"4","Trait5","pKWmEB","PstI.TP942342","10","11005138","","0.0586","C"
"4","Trait5","pKWmEB","NsiI.TP751081","10","11035186","","0.7482","A"
"4","Trait5","pKWmEB","NsiI.TP751079","10","11035201","","0.0233","C"
"4","Trait5","pKWmEB","NsiI.TP4741","10","11063964","","0.7220","C"
"4","Trait5","pKWmEB","GFSSContig13376_1381","10","11113161","","0.2401","C"
"4","Trait5","pKWmEB","NsiI.TP715495","10","11131538","","0.6751","A"
"4","Trait5","pKWmEB","PstI.TP351531","10","11195219","","0.6834","A"
"4","Trait5","pKWmEB","NsiI.TP30979","10","11314701","","0.1630","A"
"4","Trait5","pKWmEB","PstI.TP1225697","10","11451257","","1.2786","A"
"4","Trait5","pKWmEB","PstI.TP651505","10","11456346","","0.5415","G"
"4","Trait5","pKWmEB","PstI.TP184667","10","11463853","","0.0083","A"
"4","Trait5","pKWmEB","NsiI.TP767912","10","11482583","","0.4680","C"
"4","Trait5","pKWmEB","NsiI.TP661676","10","11560410","","0.1432","C"
"4","Trait5","pKWmEB","NsiI.TP620432","10","11561274","","0.6514","C"
"4","Trait5","pKWmEB","PstI.TP219020","10","11589463","","0.1555","A"
"4","Trait5","pKWmEB","NsiI.TP120355","10","11637749","","0.2009","C"
"4","Trait5","pKWmEB","NsiI.TP406247","10","11637888","","1.2107","C"
"4","Trait5","pKWmEB","PstI.TP668263","10","11638919","","0.9571","C"
"4","Trait5","pKWmEB","PstI.TP1050247","10","11665673","","0.1700","A"
"4","Trait5","pKWmEB","NsiI.TP816010","10","11668119","","0.2921","C"
"4","Trait5","pKWmEB","NsiI.TP621881","10","11760179","","0.2386","C"
"4","Trait5","pKWmEB","PstI.TP722220","10","11801957","","0.7208","A"
"4","Trait5","pKWmEB","PstI.TP1286414","10","12122103","","0.8676","A"
"4","Trait5","pKWmEB","PstI.TP596276","10","12187839","","0.2145","A"
"4","Trait5","pKWmEB","PstI.TP32813","10","12190030","","0.3831","A"
"4","Trait5","pKWmEB","PstI.TP140838","10","12197044","","0.1833","A"
"4","Trait5","pKWmEB","PstI.TP425440","10","12294838","","0.3870","A"
"4","Trait5","pKWmEB","PstI.TP383553","10","12321978","","0.0067","A"
"4","Trait5","pKWmEB","PstI.TP23726","10","12333330","","0.1816","A"
"4","Trait5","pKWmEB","PstI.TP161329","10","12333702","","0.1328","A"
"4","Trait5","pKWmEB","PstI.TP934421","10","12341138","","0.3169","A"
"4","Trait5","pKWmEB","PstI.TP764716","10","12341394","","0.3887","C"
"4","Trait5","pKWmEB","NsiI.TP613667","10","12349055","","0.2364","A"
"4","Trait5","pKWmEB","PstI.TP1014598","10","12353077","","0.3505","A"
"4","Trait5","pKWmEB","PstI.TP632281","10","12354082","","0.2830","C"
"4","Trait5","pKWmEB","PstI.TP1272211","10","12354639","","0.1023","A"
"4","Trait5","pKWmEB","NsiI.TP782775","10","12356439","","0.3488","A"
"4","Trait5","pKWmEB","PstI.TP622235","10","12390554","","0.4417","A"
"4","Trait5","pKWmEB","PstI.TP967841","10","12648652","","0.3351","A"
"4","Trait5","pKWmEB","NsiI.TP39761","10","12650214","","0.4409","C"
"4","Trait5","pKWmEB","PstI.TP133764","10","12653332","","0.0630","C"
"4","Trait5","pKWmEB","PstI.TP497652","10","12797368","","0.0436","C"
"4","Trait5","pKWmEB","NsiI.TP363897","10","12797377","","0.0079","C"
"4","Trait5","pKWmEB","PstI.TP279159","10","12810728","","0.3596","A"
"4","Trait5","pKWmEB","PstI.TP455755","10","12824467","","0.3168","C"
"4","Trait5","pKWmEB","NsiI.TP265706","10","13430597","","0.0635","C"
"4","Trait5","pKWmEB","PstI.TP1108451","10","13441531","","0.1949","C"
"4","Trait5","pKWmEB","NsiI.TP500616","10","13480882","","0.0769","C"
"4","Trait5","pKWmEB","PstI.TP740155","10","13562155","","0.6220","C"
"4","Trait5","pKWmEB","PstI.TP397772","10","13563411","","0.0558","G"
"4","Trait5","pKWmEB","PstI.TP353347","10","13577246","","0.9447","A"
"4","Trait5","pKWmEB","PstI.TP143503","10","13577827","","1.4383","C"
"4","Trait5","pKWmEB","PstI.TP682043","10","13623885","","0.2085","A"
"4","Trait5","pKWmEB","NsiI.TP42596","10","13677577","","1.2231","A"
"4","Trait5","pKWmEB","NsiI.TP662730","10","13828430","","0.1625","A"
"4","Trait5","pKWmEB","PstI.TP460851","10","13913516","","0.8999","C"
"4","Trait5","pKWmEB","PstI.TP103029","10","13929819","","0.1822","A"
"4","Trait5","pKWmEB","PstI.TP802099","10","13941831","","0.1452","C"
"4","Trait5","pKWmEB","PstI.TP817893","10","13941832","","0.2256","C"
"4","Trait5","pKWmEB","PstI.TP1230584","10","13971676","","0.5047","C"
"4","Trait5","pKWmEB","PstI.TP210816","10","13971892","","0.1862","C"
"4","Trait5","pKWmEB","PstI.TP1009372","10","13973490","","0.0331","A"
"4","Trait5","pKWmEB","NsiI.TP742900","10","14131252","","0.4277","A"
"4","Trait5","pKWmEB","NsiI.TP436387","10","14147070","","0.2099","C"
"4","Trait5","pKWmEB","NsiI.TP654024","10","14151751","","0.2416","A"
"4","Trait5","pKWmEB","NsiI.TP39805","10","14167073","","0.2633","A"
"4","Trait5","pKWmEB","NsiI.TP125272","10","14170796","","0.0359","A"
"4","Trait5","pKWmEB","NsiI.TP71157","10","14183186","","0.2210","C"
"4","Trait5","pKWmEB","PstI.TP803776","10","14183585","","0.2915","A"
"4","Trait5","pKWmEB","PstI.TP68222","10","14185453","","0.2157","C"
"4","Trait5","pKWmEB","PstI.TP779693","10","14193657","","0.0215","A"
"4","Trait5","pKWmEB","PstI.TP338966","10","14326318","","0.3065","G"
"4","Trait5","pKWmEB","PstI.TP1002770","10","14447848","","0.0047","A"
"4","Trait5","pKWmEB","PstI.TP362171","10","14449905","","0.2608","A"
"4","Trait5","pKWmEB","PstI.TP782320","10","14452159","","0.8288","A"
"4","Trait5","pKWmEB","PstI.TP842679","10","14456709","","0.1863","A"
"4","Trait5","pKWmEB","PstI.TP360337","10","14458765","","0.6398","A"
"4","Trait5","pKWmEB","NsiI.TP620171","10","14533666","","0.3191","A"
"4","Trait5","pKWmEB","PstI.TP1035815","10","14825546","","1.2036","A"
"4","Trait5","pKWmEB","NsiI.TP574749","10","14924952","","0.0952","A"
"4","Trait5","pKWmEB","NsiI.TP464239","10","14979911","","0.7006","A"
"4","Trait5","pKWmEB","PstI.TP512346","10","14980131","","1.3146","A"
"4","Trait5","pKWmEB","PstI.TP111431","10","15183743","","0.6572","A"
"4","Trait5","pKWmEB","PstI.TP864793","10","15183846","","0.4609","A"
"4","Trait5","pKWmEB","PstI.TP119015","10","15276227","","0.1252","G"
"4","Trait5","pKWmEB","PstI.TP269037","10","15276368","","1.4053","G"
"4","Trait5","pKWmEB","NsiI.TP391026","10","15278206","","0.4754","A"
"4","Trait5","pKWmEB","PstI.TP883992","10","15306166","","0.3057","A"
"4","Trait5","pKWmEB","NsiI.TP831705","10","15327296","","0.0082","A"
"4","Trait5","pKWmEB","NsiI.TP594640","10","15479473","","0.2713","C"
"4","Trait5","pKWmEB","PstI.TP38455","10","15482507","","1.1789","A"
"4","Trait5","pKWmEB","NsiI.TP824717","10","15776222","","0.1086","C"
"4","Trait5","pKWmEB","NsiI.TP245242","10","15872817","","0.3847","A"
"4","Trait5","pKWmEB","NsiI.TP578202","10","15907907","","0.3507","A"
"4","Trait5","pKWmEB","NsiI.TP634012","10","15996271","","0.2594","C"
"4","Trait5","pKWmEB","NsiI.TP95654","10","16460698","","0.3307","A"
"4","Trait5","pKWmEB","NsiI.TP671047","10","16860433","","0.3559","C"
"4","Trait5","pKWmEB","PstI.TP407356","10","16885163","","0.5186","A"
"4","Trait5","pKWmEB","NsiI.TP257948","10","16901572","","0.9952","C"
"4","Trait5","pKWmEB","NsiI.TP236384","10","17510539","","0.1910","A"
"4","Trait5","pKWmEB","PstI.TP313625","10","17540181","","0.4827","C"
"4","Trait5","pKWmEB","PstI.TP374911","10","17540639","","0.3799","A"
"4","Trait5","pKWmEB","PstI.TP1160897","10","17579080","","1.0041","G"
"4","Trait5","pKWmEB","PstI.TP460030","10","17602799","","0.7698","A"
"4","Trait5","pKWmEB","PstI.TP301713","10","17608454","","0.1946","C"
"4","Trait5","pKWmEB","PstI.TP759834","10","17626374","","0.4114","A"
"4","Trait5","pKWmEB","PstI.TP220176","10","17845786","","0.0368","C"
"4","Trait5","pKWmEB","NsiI.TP241181","10","17849663","","0.2446","C"
"4","Trait5","pKWmEB","NsiI.TP548154","10","17958544","","1.0558","C"
"4","Trait5","pKWmEB","PstI.TP295935","10","17959897","","0.2986","C"
"4","Trait5","pKWmEB","PstI.TP109908","10","17977412","","1.1837","C"
"4","Trait5","pKWmEB","NsiI.TP426470","10","18004374","","1.3066","C"
"4","Trait5","pKWmEB","NsiI.TP73117","10","18049336","","0.8826","C"
"4","Trait5","pKWmEB","PstI.TP33090","10","18057043","","0.1096","G"
"4","Trait5","pKWmEB","PstI.TP1052144","10","18057443","","0.0096","A"
"4","Trait5","pKWmEB","PstI.TP166160","10","18059383","","0.6440","C"
"4","Trait5","pKWmEB","NsiI.TP204462","10","18062040","","0.3920","C"
"4","Trait5","pKWmEB","PstI.TP464114","10","18062318","","1.2081","A"
"4","Trait5","pKWmEB","PstI.TP482461","10","18074296","","0.7668","C"
"4","Trait5","pKWmEB","PstI.TP824259","10","18098319","","0.1344","A"
"4","Trait5","pKWmEB","PstI.TP1059268","10","18152385","","1.0824","C"
"4","Trait5","pKWmEB","PstI.TP1075940","10","18152462","","0.2048","A"
"4","Trait5","pKWmEB","NsiI.TP83036","10","18275796","","0.6026","A"
"4","Trait5","pKWmEB","NsiI.TP819468","10","18283573","","0.9797","C"
"4","Trait5","pKWmEB","NsiI.TP146031","10","19314576","","0.7747","A"
"4","Trait5","pKWmEB","PstI.TP1046291","10","19409455","","0.7581","A"
"4","Trait5","pKWmEB","PstI.TP446471","10","19412076","","0.1637","C"
"4","Trait5","pKWmEB","PstI.TP846064","10","19421525","","0.1086","A"
"4","Trait5","pKWmEB","NsiI.TP71264","10","19454163","","0.9667","A"
"4","Trait5","pKWmEB","NsiI.TP86658","10","19510044","","0.4071","C"
"4","Trait5","pKWmEB","NsiI.TP304719","10","19529607","","1.3298","G"
"4","Trait5","pKWmEB","NsiI.TP67759","10","19531315","","0.0401","C"
"4","Trait5","pKWmEB","NsiI.TP375871","10","19665156","","0.1123","A"
"4","Trait5","pKWmEB","NsiI.TP801924","10","19665487","","0.7758","C"
"4","Trait5","pKWmEB","NsiI.TP258117","10","19843178","","0.0778","A"
"4","Trait5","pKWmEB","NsiI.TP87772","10","19843229","","0.3706","A"
"4","Trait5","pKWmEB","PstI.TP502430","10","19879226","","0.0485","A"
"4","Trait5","pKWmEB","PstI.TP783212","10","19879750","","1.3866","A"
"4","Trait5","pKWmEB","NsiI.TP482914","10","19899150","","0.4648","C"
"4","Trait5","pKWmEB","PstI.TP713417","10","19939847","","1.3234","C"
"4","Trait5","pKWmEB","PstI.TP343293","10","19939931","","0.3007","A"
"4","Trait5","pKWmEB","PstI.TP1105684","10","20024192","","0.0143","A"
"4","Trait5","pKWmEB","NsiI.TP5647","10","20032426","","1.0591","C"
"4","Trait5","pKWmEB","PstI.TP601454","10","20272687","","0.1283","A"
"4","Trait5","pKWmEB","PstI.TP579907","10","20280502","","0.2400","C"
"4","Trait5","pKWmEB","NsiI.TP415930","10","20420558","","0.8147","C"
"4","Trait5","pKWmEB","PstI.TP769916","10","20422502","","0.4427","C"
"4","Trait5","pKWmEB","NsiI.TP483347","10","20424293","","0.9363","G"
"4","Trait5","pKWmEB","GFk40ctg349904_126","10","20536471","","0.7831","T"
"4","Trait5","pKWmEB","PstI.TP730575","10","20915636","","0.0358","A"
"4","Trait5","pKWmEB","PstI.TP1162502","10","21500434","","0.0096","C"
"4","Trait5","pKWmEB","PstI.TP278923","10","21876858","","0.0400","C"
"4","Trait5","pKWmEB","NsiI.TP775403","10","22580641","","0.0584","A"
"4","Trait5","pKWmEB","NsiI.TP510039","10","22582018","","0.1019","A"
"4","Trait5","pKWmEB","GFSSContig19948_1337","10","22951373","","0.2912","T"
"4","Trait5","pKWmEB","NsiI.TP247823","10","23030267","","0.1241","A"
"4","Trait5","pKWmEB","NsiI.TP148527","10","23033991","","0.2703","C"
"4","Trait5","pKWmEB","NsiI.TP189115","10","23034003","","0.2813","C"
"4","Trait5","pKWmEB","PstI.TP1048569","10","23207714","","0.0895","A"
"4","Trait5","pKWmEB","PstI.TP707735","10","23213734","","0.0714","C"
"4","Trait5","pKWmEB","PstI.TP707736","10","23213736","","0.3779","A"
"4","Trait5","pKWmEB","PstI.TP750772","10","23214478","","0.0111","A"
"4","Trait5","pKWmEB","NsiI.TP522916","10","23383793","","1.0838","A"
"4","Trait5","pKWmEB","PstI.TP29667","10","24021925","","0.0465","C"
"4","Trait5","pKWmEB","PstI.TP1116668","10","27152478","","0.0441","A"
"4","Trait5","pKWmEB","PstI.TP886120","10","27922100","","0.9101","A"
"4","Trait5","pKWmEB","PstI.TP634858","10","35389695","","0.0687","A"
"4","Trait5","pKWmEB","PstI.TP1239613","10","35395182","","0.4432","G"
"4","Trait5","pKWmEB","PstI.TP1057956","10","35503126","","0.4234","A"
"4","Trait5","pKWmEB","NsiI.TP713656","10","38000507","","0.7367","A"
"4","Trait5","pKWmEB","PstI.TP309325","10","38000517","","0.8424","G"
"4","Trait5","pKWmEB","NsiI.TP741971","10","38000626","","0.6765","A"
"4","Trait5","pKWmEB","NsiI.TP241689","10","38083479","","0.2328","C"
"4","Trait5","pKWmEB","NsiI.TP13401","10","40149838","","0.8171","C"
"4","Trait5","pKWmEB","PstI.TP1132274","10","40908893","","0.4662","C"
"4","Trait5","pKWmEB","NsiI.TP649797","10","41050624","","1.2290","A"
"4","Trait5","pKWmEB","PstI.TP775752","10","41350986","","0.0061","A"
"4","Trait5","pKWmEB","PstI.TP912658","10","41352948","","0.1021","G"
"4","Trait5","pKWmEB","NsiI.TP648509","10","41353679","","1.6342","A"
"4","Trait5","pKWmEB","PstI.TP733651","10","41397788","","1.5472","A"
"4","Trait5","pKWmEB","PstI.TP125708","10","41661129","","0.3478","C"
"4","Trait5","pKWmEB","NsiI.TP698768","10","41665601","","0.1766","C"
"4","Trait5","pKWmEB","PstI.TP56287","10","41894307","","0.1625","A"
"4","Trait5","pKWmEB","PstI.TP56286","10","41894311","","0.1889","G"
"4","Trait5","pKWmEB","PstI.TP764239","10","41894376","","0.5407","C"
"4","Trait5","pKWmEB","NsiI.TP485133","10","41897122","","0.3382","A"
"4","Trait5","pKWmEB","NsiI.TP146026","10","42012400","","0.0860","A"
"4","Trait5","pKWmEB","NsiI.TP437362","10","42012960","","0.3519","C"
"4","Trait5","pKWmEB","NsiI.TP291102","10","42086595","","0.3109","A"
"4","Trait5","pKWmEB","NsiI.TP176368","10","42087324","","0.7224","A"
"4","Trait5","pKWmEB","PstI.TP290867","10","42087325","","0.1774","A"
"4","Trait5","pKWmEB","PstI.TP238297","10","42087384","","0.5070","A"
"4","Trait5","pKWmEB","NsiI.TP737202","10","42296677","","0.5001","A"
"4","Trait5","pKWmEB","NsiI.TP330989","10","42330737","","0.3191","C"
"4","Trait5","pKWmEB","NsiI.TP704450","10","42341657","","0.8688","G"
"4","Trait5","pKWmEB","PstI.TP47826","10","42568848","","0.6050","C"
"4","Trait5","pKWmEB","PstI.TP1241607","10","42592216","","0.0441","A"
"4","Trait5","pKWmEB","NsiI.TP261602","10","42658680","","0.6534","G"
"4","Trait5","pKWmEB","NsiI.TP377607","10","42659248","","0.7367","C"
"4","Trait5","pKWmEB","NsiI.TP436362","10","42830229","","0.9935","C"
"4","Trait5","pKWmEB","PstI.TP846172","10","42875099","","0.0461","A"
"4","Trait5","pKWmEB","NsiI.TP485232","10","42875099","","0.2868","A"
"4","Trait5","pKWmEB","PstI.TP31228","10","42901768","","0.8088","A"
"4","Trait5","pKWmEB","PstI.TP702993","10","42907827","","0.1871","C"
"4","Trait5","pKWmEB","PstI.TP1247477","10","42908115","","0.3483","A"
"4","Trait5","pKWmEB","PstI.TP1294907","10","42944116","","0.0885","A"
"4","Trait5","pKWmEB","PstI.TP1133587","10","42973263","","0.6663","C"
"4","Trait5","pKWmEB","GFSSContig4510_767","10","43025569","","1.0244","T"
"4","Trait5","pKWmEB","PstI.TP807137","10","43038231","","0.0978","C"
"4","Trait5","pKWmEB","NsiI.TP795589","10","43096196","","0.0105","C"
"4","Trait5","pKWmEB","NsiI.TP785960","10","43096197","","0.0960","C"
"4","Trait5","pKWmEB","NsiI.TP820119","10","43096208","","0.2429","A"
"4","Trait5","pKWmEB","NsiI.TP697563","10","43096211","","0.6940","A"
"4","Trait5","pKWmEB","NsiI.TP795551","10","43096212","","0.5012","A"
"4","Trait5","pKWmEB","NsiI.TP793208","10","43096213","","0.1013","A"
"4","Trait5","pKWmEB","NsiI.TP792774","10","43096214","","0.3768","A"
"4","Trait5","pKWmEB","NsiI.TP798760","10","43096214","","0.1342","G"
"4","Trait5","pKWmEB","NsiI.TP321836","10","43096218","","1.0804","A"
"4","Trait5","pKWmEB","NsiI.TP785310","10","43096218","","0.1252","A"
"4","Trait5","pKWmEB","NsiI.TP785526","10","43096218","","0.5571","A"
"4","Trait5","pKWmEB","NsiI.TP786038","10","43096218","","0.1581","A"
"4","Trait5","pKWmEB","NsiI.TP788462","10","43096218","","0.5680","A"
"4","Trait5","pKWmEB","NsiI.TP795565","10","43096218","","0.0408","A"
"4","Trait5","pKWmEB","NsiI.TP787118","10","43096219","","0.0278","A"
"4","Trait5","pKWmEB","NsiI.TP787987","10","43096219","","0.1738","A"
"4","Trait5","pKWmEB","NsiI.TP788518","10","43096221","","0.2208","A"
"4","Trait5","pKWmEB","NsiI.TP788405","10","43096222","","0.6377","A"
"4","Trait5","pKWmEB","NsiI.TP608429","10","43096224","","0.5377","A"
"4","Trait5","pKWmEB","NsiI.TP686066","10","43096224","","0.6179","A"
"4","Trait5","pKWmEB","NsiI.TP790895","10","43096227","","0.4580","A"
"4","Trait5","pKWmEB","NsiI.TP792016","10","43096227","","0.0143","C"
"4","Trait5","pKWmEB","NsiI.TP792017","10","43096227","","0.6302","C"
"4","Trait5","pKWmEB","NsiI.TP792060","10","43096227","","0.1943","C"
"4","Trait5","pKWmEB","NsiI.TP790986","10","43096228","","0.3461","C"
"4","Trait5","pKWmEB","NsiI.TP792293","10","43096228","","0.7934","C"
"4","Trait5","pKWmEB","NsiI.TP790354","10","43096229","","1.1173","C"
"4","Trait5","pKWmEB","NsiI.TP791532","10","43096229","","1.4136","C"
"4","Trait5","pKWmEB","NsiI.TP791865","10","43096229","","1.0160","C"
"4","Trait5","pKWmEB","NsiI.TP791946","10","43096229","","0.8817","C"
"4","Trait5","pKWmEB","NsiI.TP792177","10","43096229","","0.0412","C"
"4","Trait5","pKWmEB","NsiI.TP792303","10","43096229","","1.8247","C"
"4","Trait5","pKWmEB","NsiI.TP793213","10","43096229","","0.5975","A"
"4","Trait5","pKWmEB","NsiI.TP790795","10","43096230","","0.6053","A"
"4","Trait5","pKWmEB","NsiI.TP790889","10","43096230","","0.2242","A"
"4","Trait5","pKWmEB","NsiI.TP791898","10","43096231","","0.2723","C"
"4","Trait5","pKWmEB","NsiI.TP792198","10","43096231","","0.2057","C"
"4","Trait5","pKWmEB","NsiI.TP785795","10","43096232","","0.1849","A"
"4","Trait5","pKWmEB","NsiI.TP791431","10","43096232","","0.9282","C"
"4","Trait5","pKWmEB","NsiI.TP786326","10","43096233","","0.4041","A"
"4","Trait5","pKWmEB","NsiI.TP790769","10","43096233","","0.2857","G"
"4","Trait5","pKWmEB","NsiI.TP685563","10","43096235","","0.5186","A"
"4","Trait5","pKWmEB","NsiI.TP790761","10","43096236","","0.2154","C"
"4","Trait5","pKWmEB","NsiI.TP790541","10","43096237","","0.2354","A"
"4","Trait5","pKWmEB","NsiI.TP789052","10","43096238","","0.3819","A"
"4","Trait5","pKWmEB","NsiI.TP790014","10","43096238","","0.1057","A"
"4","Trait5","pKWmEB","NsiI.TP790027","10","43096238","","0.3827","A"
"4","Trait5","pKWmEB","NsiI.TP790039","10","43096238","","0.2050","A"
"4","Trait5","pKWmEB","NsiI.TP790112","10","43096238","","0.6980","A"
"4","Trait5","pKWmEB","NsiI.TP790455","10","43096238","","0.4542","A"
"4","Trait5","pKWmEB","NsiI.TP788535","10","43096240","","0.6803","A"
"4","Trait5","pKWmEB","NsiI.TP789113","10","43096240","","0.1057","A"
"4","Trait5","pKWmEB","NsiI.TP788065","10","43096241","","0.2579","A"
"4","Trait5","pKWmEB","NsiI.TP788341","10","43096241","","0.2400","A"
"4","Trait5","pKWmEB","NsiI.TP788572","10","43096241","","0.1098","A"
"4","Trait5","pKWmEB","NsiI.TP790435","10","43096241","","0.3583","A"
"4","Trait5","pKWmEB","NsiI.TP787484","10","43096242","","0.1061","C"
"4","Trait5","pKWmEB","NsiI.TP788164","10","43096242","","0.2457","A"
"4","Trait5","pKWmEB","NsiI.TP787720","10","43096243","","0.1808","A"
"4","Trait5","pKWmEB","NsiI.TP788100","10","43096243","","0.2533","A"
"4","Trait5","pKWmEB","NsiI.TP788407","10","43096244","","0.3246","A"
"4","Trait5","pKWmEB","NsiI.TP785868","10","43096246","","0.8577","G"
"4","Trait5","pKWmEB","NsiI.TP787274","10","43096247","","0.1610","A"
"4","Trait5","pKWmEB","NsiI.TP787305","10","43096247","","0.7578","A"
"4","Trait5","pKWmEB","NsiI.TP791210","10","43096247","","0.0159","C"
"4","Trait5","pKWmEB","NsiI.TP785011","10","43096249","","0.0963","A"
"4","Trait5","pKWmEB","NsiI.TP785032","10","43096249","","1.6278","A"
"4","Trait5","pKWmEB","NsiI.TP785307","10","43096249","","0.5357","A"
"4","Trait5","pKWmEB","NsiI.TP787086","10","43096249","","0.4717","A"
"4","Trait5","pKWmEB","NsiI.TP788816","10","43096249","","0.1829","G"
"4","Trait5","pKWmEB","NsiI.TP791526","10","43096249","","0.6326","C"
"4","Trait5","pKWmEB","NsiI.TP785104","10","43096250","","0.3288","A"
"4","Trait5","pKWmEB","NsiI.TP785144","10","43096250","","0.1404","A"
"4","Trait5","pKWmEB","NsiI.TP697423","10","43096252","","0.1654","A"
"4","Trait5","pKWmEB","NsiI.TP686073","10","43096253","","0.0487","A"
"4","Trait5","pKWmEB","NsiI.TP785234","10","43096253","","0.1801","A"
"4","Trait5","pKWmEB","NsiI.TP116443","10","43096254","","0.5253","A"
"4","Trait5","pKWmEB","NsiI.TP113422","10","43190461","","0.0441","A"
"4","Trait5","pKWmEB","NsiI.TP545621","10","43191875","","0.0331","A"
"4","Trait5","pKWmEB","NsiI.TP491670","10","43191937","","0.4286","A"
"4","Trait5","pKWmEB","PstI.TP588767","10","43265382","","0.4072","A"
"4","Trait5","pKWmEB","GFSSContig19122_1111","10","43265449","","0.4542","T"
"4","Trait5","pKWmEB","PstI.TP818925","10","43270529","","0.1751","C"
"4","Trait5","pKWmEB","PstI.TP999448","10","43390550","","0.7361","C"
"4","Trait5","pKWmEB","PstI.TP80327","10","43584666","","0.3846","C"
"4","Trait5","pKWmEB","PstI.TP609691","10","43585880","","0.0739","A"
"4","Trait5","pKWmEB","PstI.TP1244469","10","43593344","","1.2998","C"
"4","Trait5","pKWmEB","NsiI.TP523957","10","43623816","","0.5047","C"
"4","Trait5","pKWmEB","NsiI.TP149075","10","43627492","","0.1816","A"
"4","Trait5","pKWmEB","NsiI.TP180912","10","44006976","","1.3183","A"
"4","Trait5","pKWmEB","NsiI.TP230109","10","44049162","","0.0255","A"
"4","Trait5","pKWmEB","PstI.TP1149010","10","44084466","","0.4977","A"
"4","Trait5","pKWmEB","PstI.TP1029976","10","44209597","","0.1985","C"
"4","Trait5","pKWmEB","PstI.TP1263313","10","44292608","","0.6149","G"
"4","Trait5","pKWmEB","PstI.TP401597","10","44302651","","0.9989","A"
"4","Trait5","pKWmEB","NsiI.TP760134","10","44538115","","1.3116","A"
"4","Trait5","pKWmEB","NsiI.TP750719","10","44561838","","0.4200","C"
"4","Trait5","pKWmEB","PstI.TP724544","10","44646516","","0.9483","C"
"4","Trait5","pKWmEB","PstI.TP911974","10","44646981","","0.1123","A"
"4","Trait5","pKWmEB","PstI.TP483931","10","44671427","","0.8813","A"
"4","Trait5","pKWmEB","NsiI.TP388715","10","44723018","","0.0785","C"
"4","Trait5","pKWmEB","PstI.TP439176","10","44789600","","0.0744","A"
"4","Trait5","pKWmEB","PstI.TP1088864","10","44896338","","0.9580","A"
"4","Trait5","pKWmEB","PstI.TP787723","10","44898405","","0.3932","C"
"4","Trait5","pKWmEB","NsiI.TP254282","10","44907856","","0.4131","A"
"4","Trait5","pKWmEB","NsiI.TP178513","10","44909091","","0.2542","C"
"4","Trait5","pKWmEB","NsiI.TP574966","10","44910434","","0.0595","A"
"4","Trait5","pKWmEB","NsiI.TP624166","10","45032070","","0.2036","A"
"4","Trait5","pKWmEB","NsiI.TP245006","10","45254995","","0.4712","A"
"4","Trait5","pKWmEB","PstI.TP698787","10","45535333","","0.6975","C"
"4","Trait5","pKWmEB","NsiI.TP412071","10","45535361","","2.1926","A"
"4","Trait5","pKWmEB","PstI.TP399961","10","45567849","","0.4959","G"
"4","Trait5","pKWmEB","PstI.TP1042178","10","45568289","","0.0209","C"
"4","Trait5","pKWmEB","NsiI.TP426638","10","45607378","","0.0825","C"
"4","Trait5","pKWmEB","PstI.TP1068213","10","45622136","","0.0018","A"
"4","Trait5","pKWmEB","NsiI.TP25674","10","45652932","","0.1060","A"
"4","Trait5","pKWmEB","PstI.TP369575","10","45701260","","0.1078","C"
"4","Trait5","pKWmEB","PstI.TP369573","10","45701263","","0.7039","A"
"4","Trait5","pKWmEB","PstI.TP1273879","10","45758156","","0.4958","A"
"4","Trait5","pKWmEB","NsiI.TP554380","10","45829362","","0.9944","G"
"4","Trait5","pKWmEB","NsiI.TP435960","10","45929366","","0.0149","A"
"4","Trait5","pKWmEB","NsiI.TP772600","10","45937264","","0.4032","C"
"4","Trait5","pKWmEB","PstI.TP335808","10","45938674","","0.0635","A"
"4","Trait5","pKWmEB","PstI.TP1001260","10","45938748","","0.1129","C"
"4","Trait5","pKWmEB","PstI.TP283594","10","45984425","","0.1904","C"
"4","Trait5","pKWmEB","NsiI.TP586108","10","46106566","","0.0052","A"
"4","Trait5","pKWmEB","NsiI.TP656527","10","46196813","","0.0365","C"
"4","Trait5","pKWmEB","NsiI.TP88555","10","46276593","","1.7660","C"
"4","Trait5","pKWmEB","NsiI.TP417725","10","46567951","","0.1730","C"
"4","Trait5","pKWmEB","PstI.TP538998","10","46586113","","0.8372","A"
"4","Trait5","pKWmEB","PstI.TP485067","10","46676286","","0.2747","A"
"4","Trait5","pKWmEB","PstI.TP732906","10","46733798","","0.8431","G"
"4","Trait5","pKWmEB","NsiI.TP193447","10","46836678","","1.0760","C"
"4","Trait5","pKWmEB","NsiI.TP331853","10","47067364","","0.1082","C"
"4","Trait5","pKWmEB","PstI.TP94147","10","47073115","","1.6445","C"
"4","Trait5","pKWmEB","NsiI.TP674198","10","47105613","","0.2252","C"
"4","Trait5","pKWmEB","NsiI.TP704562","10","47224010","","0.1946","A"
"4","Trait5","pKWmEB","PstI.TP238558","10","47224962","","0.4210","A"
"4","Trait5","pKWmEB","PstI.TP117168","10","47248380","","0.0409","C"
"4","Trait5","pKWmEB","PstI.TP118395","10","47252349","","0.1713","A"
"4","Trait5","pKWmEB","NsiI.TP441983","10","47252955","","1.5677","C"
"4","Trait5","pKWmEB","NsiI.TP588173","10","47360278","","0.0345","A"
"4","Trait5","pKWmEB","NsiI.TP396215","10","47631955","","0.5492","A"
"4","Trait5","pKWmEB","NsiI.TP161186","10","47673257","","0.7863","C"
"4","Trait5","pKWmEB","NsiI.TP79028","10","47723717","","0.0790","A"
"4","Trait5","pKWmEB","NsiI.TP673758","10","47726448","","0.2770","C"
"4","Trait5","pKWmEB","NsiI.TP506550","10","47749845","","0.1565","A"
"4","Trait5","pKWmEB","NsiI.TP704429","10","47749872","","0.3322","C"
"4","Trait5","pKWmEB","NsiI.TP704428","10","47749877","","0.3140","C"
"4","Trait5","pKWmEB","PstI.TP947173","10","47750996","","0.4417","C"
"4","Trait5","pKWmEB","PstI.TP1256552","10","47768031","","0.2945","C"
"4","Trait5","pKWmEB","PstI.TP198356","10","47853704","","0.1225","C"
"4","Trait5","pKWmEB","PstI.TP1044741","10","47877662","","0.3198","A"
"4","Trait5","pKWmEB","NsiI.TP381289","10","47883792","","0.0631","A"
"4","Trait5","pKWmEB","NsiI.TP440179","10","47915317","","0.2447","A"
"4","Trait5","pKWmEB","NsiI.TP182738","10","47915476","","0.7803","C"
"4","Trait5","pKWmEB","PstI.TP753228","10","47979677","","0.7076","A"
"4","Trait5","pKWmEB","PstI.TP1181425","10","48075031","","0.4278","C"
"4","Trait5","pKWmEB","PstI.TP1181427","10","48075047","","0.0620","A"
"4","Trait5","pKWmEB","NsiI.TP594844","10","48078802","","0.9192","A"
"4","Trait5","pKWmEB","PstI.TP1292481","10","48091420","","0.0492","C"
"4","Trait5","pKWmEB","PstI.TP1017298","10","48092206","","0.2719","A"
"4","Trait5","pKWmEB","PstI.TP408419","10","48095053","","0.8626","A"
"4","Trait5","pKWmEB","PstI.TP636619","10","48115927","","0.2282","A"
"4","Trait5","pKWmEB","PstI.TP1054374","10","48195172","","0.4481","A"
"4","Trait5","pKWmEB","NsiI.TP17747","10","48218808","","1.1224","C"
"4","Trait5","pKWmEB","PstI.TP923118","10","48227826","","0.3667","A"
"4","Trait5","pKWmEB","PstI.TP348548","10","48227847","","0.3225","A"
"4","Trait5","pKWmEB","PstI.TP990897","10","48403417","","0.0329","A"
"4","Trait5","pKWmEB","PstI.TP362387","10","48567060","","0.1808","C"
"4","Trait5","pKWmEB","PstI.TP81733","10","48652307","","0.0716","A"
"4","Trait5","pKWmEB","PstI.TP1121704","10","48681607","","0.2449","A"
"4","Trait5","pKWmEB","PstI.TP1064041","10","48701317","","1.0760","A"
"4","Trait5","pKWmEB","NsiI.TP550329","10","48791640","","0.7336","C"
"4","Trait5","pKWmEB","NsiI.TP550330","10","48791647","","0.5880","C"
"4","Trait5","pKWmEB","NsiI.TP243833","10","48792578","","0.0165","C"
"4","Trait5","pKWmEB","PstI.TP597210","10","48918066","","0.1812","C"
"4","Trait5","pKWmEB","NsiI.TP523850","10","48928341","","0.3618","C"
"4","Trait5","pKWmEB","GFSSContig18986_1716","10","49027903","","1.3206","T"
"4","Trait5","pKWmEB","PstI.TP1157813","10","49027931","","0.0492","A"
"4","Trait5","pKWmEB","PstI.TP1054459","10","49042852","","0.9977","C"
"4","Trait5","pKWmEB","NsiI.TP383980","10","49049781","","1.1393","A"
"4","Trait5","pKWmEB","NsiI.TP304798","10","49051120","","1.8271","G"
"4","Trait5","pKWmEB","PstI.TP94918","10","49051709","","0.0907","A"
"4","Trait5","pKWmEB","NsiI.TP683334","10","49077545","","0.1190","A"
"4","Trait5","pKWmEB","NsiI.TP348074","10","49079706","","0.4871","A"
"4","Trait5","pKWmEB","PstI.TP229182","10","49082934","","0.0319","A"
"4","Trait5","pKWmEB","NsiI.TP493861","10","49331454","","0.1844","C"
"4","Trait5","pKWmEB","NsiI.TP580742","10","49332236","","0.3443","A"
"4","Trait5","pKWmEB","NsiI.TP34667","10","49333873","","0.1104","C"
"4","Trait5","pKWmEB","NsiI.TP514025","10","49495452","","0.2425","A"
"4","Trait5","pKWmEB","NsiI.TP631772","10","49543233","","0.8002","A"
"4","Trait5","pKWmEB","PstI.TP1053547","10","49637118","","0.0167","A"
"4","Trait5","pKWmEB","PstI.TP522438","10","49677682","","0.4672","A"
"4","Trait5","pKWmEB","PstI.TP1253448","10","49715585","","0.4301","C"
"4","Trait5","pKWmEB","NsiI.TP678754","10","49764272","","0.4976","A"
"4","Trait5","pKWmEB","PstI.TP1235656","10","49764509","","0.3449","C"
"4","Trait5","pKWmEB","NsiI.TP523565","10","49766809","","0.1492","C"
"4","Trait5","pKWmEB","NsiI.TP315151","10","49812738","","0.4257","A"
"4","Trait5","pKWmEB","NsiI.TP510581","10","49892388","","0.1181","C"
"4","Trait5","pKWmEB","PstI.TP529698","10","49892865","","0.4096","A"
"4","Trait5","pKWmEB","PstI.TP1173737","10","49903323","","0.0285","C"
"4","Trait5","pKWmEB","NsiI.TP509957","10","49922070","","0.3670","C"
"4","Trait5","pKWmEB","NsiI.TP668598","10","49924782","","0.7225","C"
"4","Trait5","pKWmEB","NsiI.TP23197","10","49925074","","0.6497","G"
"4","Trait5","pKWmEB","NsiI.TP293944","10","49957137","","0.4435","A"
"4","Trait5","pKWmEB","NsiI.TP213164","10","50013318","","0.1206","C"
"4","Trait5","pKWmEB","NsiI.TP178869","10","50023115","","0.0440","A"
"4","Trait5","pKWmEB","NsiI.TP667560","10","50051366","","0.1448","A"
"4","Trait5","pKWmEB","NsiI.TP397975","10","50051424","","0.0052","C"
"4","Trait5","pKWmEB","PstI.TP937634","10","50089066","","1.1519","C"
"4","Trait5","pKWmEB","PstI.TP61778","10","50177946","","0.1622","A"
"4","Trait5","pKWmEB","PstI.TP417311","10","50180152","","1.2048","A"
"4","Trait5","pKWmEB","PstI.TP682257","10","50183864","","0.4030","C"
"4","Trait5","pKWmEB","PstI.TP1121953","10","50199090","","0.5582","A"
"4","Trait5","pKWmEB","PstI.TP1292743","10","50234337","","0.5103","A"
"4","Trait5","pKWmEB","NsiI.TP778479","10","50273616","","0.1031","A"
"4","Trait5","pKWmEB","NsiI.TP156616","10","50274388","","0.1095","A"
"4","Trait5","pKWmEB","PstI.TP244212","10","50286739","","0.1574","A"
"4","Trait5","pKWmEB","PstI.TP532263","10","50312279","","0.6982","A"
"4","Trait5","pKWmEB","PstI.TP464711","10","50362823","","0.0031","C"
"4","Trait5","pKWmEB","NsiI.TP820120","10","50382237","","0.2179","C"
"4","Trait5","pKWmEB","PstI.TP125419","10","50424324","","0.1751","G"
"4","Trait5","pKWmEB","PstI.TP646511","10","50425404","","0.4112","A"
"4","Trait5","pKWmEB","PstI.TP24930","10","50426851","","0.6572","A"
"4","Trait5","pKWmEB","PstI.TP1136756","10","50427433","","1.1655","C"
"4","Trait5","pKWmEB","NsiI.TP707136","10","50427602","","0.1596","C"
"4","Trait5","pKWmEB","PstI.TP868239","10","50612298","","0.0026","C"
"4","Trait5","pKWmEB","PstI.TP219735","10","50659048","","0.0456","C"
"4","Trait5","pKWmEB","PstI.TP570326","10","50662192","","0.1716","A"
"4","Trait5","pKWmEB","NsiI.TP225571","10","50691656","","0.0423","C"
"4","Trait5","pKWmEB","PstI.TP15443","10","50810258","","0.9238","A"
"4","Trait5","pKWmEB","PstI.TP53904","10","50834979","","0.1865","C"
"4","Trait5","pKWmEB","GFSSContig7223_314","10","50837810","","0.6171","A"
"4","Trait5","pKWmEB","PstI.TP1185926","10","50927108","","1.2700","C"
"4","Trait5","pKWmEB","PstI.TP723879","10","51006962","","0.3795","C"
"4","Trait5","pKWmEB","PstI.TP335022","10","51006983","","0.1484","C"
"4","Trait5","pKWmEB","PstI.TP109328","10","51013976","","0.3621","A"
"4","Trait5","pKWmEB","NsiI.TP272109","10","51085262","","0.4488","A"
"4","Trait5","pKWmEB","PstI.TP5755","10","51085432","","0.0603","G"
"4","Trait5","pKWmEB","NsiI.TP470842","10","51130928","","0.0440","A"
"4","Trait5","pKWmEB","GFSSContig8083_743","10","51337378","","0.3839","C"
"4","Trait5","pKWmEB","NsiI.TP193372","10","51340112","","0.9244","A"
"4","Trait5","pKWmEB","NsiI.TP520626","10","51364757","","0.1443","C"
"4","Trait5","pKWmEB","NsiI.TP423891","10","51417287","","0.2018","C"
"4","Trait5","pKWmEB","PstI.TP1170241","10","51421895","","0.0635","A"
"4","Trait5","pKWmEB","PstI.TP20263","10","51463261","","0.0848","A"
"4","Trait5","pKWmEB","PstI.TP674218","10","51514209","","0.1742","A"
"4","Trait5","pKWmEB","NsiI.TP6280","10","51530400","","0.3999","C"
"4","Trait5","pKWmEB","PstI.TP87052","10","51531585","","0.7475","C"
"4","Trait5","pKWmEB","NsiI.TP458691","10","51540116","","0.4304","A"
"4","Trait5","pKWmEB","NsiI.TP112386","10","51547588","","0.4712","A"
"4","Trait5","pKWmEB","PstI.TP1273141","10","51595380","","0.5846","A"
"4","Trait5","pKWmEB","PstI.TP1013228","10","51619016","","0.1229","A"
"4","Trait5","pKWmEB","NsiI.TP410719","10","51647624","","0.0271","C"
"4","Trait5","pKWmEB","PstI.TP178843","10","51681279","","0.9566","A"
"4","Trait5","pKWmEB","PstI.TP195926","10","51681294","","0.0556","G"
"4","Trait5","pKWmEB","NsiI.TP679802","10","51705906","","0.3640","C"
"4","Trait5","pKWmEB","PstI.TP433469","10","51737515","","0.1351","C"
"4","Trait5","pKWmEB","NsiI.TP254325","10","51767969","","0.2881","C"
"4","Trait5","pKWmEB","NsiI.TP760284","10","51789361","","0.3441","C"
"4","Trait5","pKWmEB","NsiI.TP290905","10","51924216","","1.2599","G"
"4","Trait5","pKWmEB","PstI.TP11868","10","52014085","","0.5956","A"
"4","Trait5","pKWmEB","PstI.TP720120","10","52017270","","0.1999","A"
"4","Trait5","pKWmEB","PstI.TP1053992","10","52019277","","0.5341","A"
"4","Trait5","pKWmEB","NsiI.TP470298","10","52026025","","1.0176","A"
"4","Trait5","pKWmEB","NsiI.TP149236","10","52051989","","1.1238","C"
"4","Trait5","pKWmEB","PstI.TP260371","10","52056932","","0.0630","C"
"4","Trait5","pKWmEB","PstI.TP426262","10","52072704","","0.3278","C"
"4","Trait5","pKWmEB","GFSSContig17850_1447","10","52073322","","0.0590","A"
"4","Trait5","pKWmEB","NsiI.TP437450","10","52074699","","0.1683","A"
"4","Trait5","pKWmEB","NsiI.TP261624","10","52084028","","0.0217","A"
"4","Trait5","pKWmEB","PstI.TP1292807","10","52092909","","0.8833","C"
"4","Trait5","pKWmEB","PstI.TP661854","10","52095010","","0.2500","A"
"4","Trait5","pKWmEB","NsiI.TP751992","10","52214487","","0.5588","A"
"4","Trait5","pKWmEB","NsiI.TP703441","10","52233441","","0.0492","C"
"4","Trait5","pKWmEB","NsiI.TP387042","10","52233954","","0.2210","C"
"4","Trait5","pKWmEB","PstI.TP771967","10","52242723","","0.4100","C"
"4","Trait5","pKWmEB","PstI.TP106723","10","52247586","","1.1481","A"
"4","Trait5","pKWmEB","NsiI.TP218696","10","52279503","","0.0301","A"
"4","Trait5","pKWmEB","NsiI.TP437409","10","52282583","","0.5540","A"
"4","Trait5","pKWmEB","NsiI.TP631452","10","52286358","","1.2289","A"
"4","Trait5","pKWmEB","PstI.TP486850","10","52287586","","0.3579","A"
"4","Trait5","pKWmEB","PstI.TP38763","10","52306839","","0.5003","A"
"4","Trait5","pKWmEB","PstI.TP42898","10","52309781","","0.0575","A"
"4","Trait5","pKWmEB","PstI.TP50860","10","52412919","","0.4737","A"
"4","Trait5","pKWmEB","PstI.TP709257","10","52450199","","0.8721","A"
"4","Trait5","pKWmEB","NsiI.TP367228","10","52451029","","0.3027","A"
"4","Trait5","pKWmEB","NsiI.TP705997","10","52485176","","0.6725","A"
"4","Trait5","pKWmEB","PstI.TP700255","10","52485631","","0.7274","A"
"4","Trait5","pKWmEB","NsiI.TP128214","10","52490885","","1.1437","G"
"4","Trait5","pKWmEB","NsiI.TP389583","10","52493178","","0.9197","C"
"4","Trait5","pKWmEB","GFSSContig20137_812","10","52495932","","1.7993","A"
"4","Trait5","pKWmEB","NsiI.TP798136","10","52520928","","0.3903","C"
"4","Trait5","pKWmEB","NsiI.TP218071","10","52522488","","0.1859","C"
"4","Trait5","pKWmEB","NsiI.TP241550","10","52523125","","0.0419","C"
"4","Trait5","pKWmEB","PstI.TP1076856","10","52560923","","0.0152","C"
"4","Trait5","pKWmEB","PstI.TP831823","10","52577215","","0.0026","A"
"4","Trait5","pKWmEB","NsiI.TP260208","10","52582112","","0.1229","A"
"4","Trait5","pKWmEB","PstI.TP361697","10","52585189","","0.2422","A"
"4","Trait5","pKWmEB","PstI.TP263035","10","52618156","","0.5856","A"
"4","Trait5","pKWmEB","PstI.TP1228414","10","52632905","","0.2904","C"
"4","Trait5","pKWmEB","NsiI.TP238741","10","52633058","","0.1905","C"
"4","Trait5","pKWmEB","NsiI.TP238740","10","52633081","","0.6526","A"
"4","Trait5","pKWmEB","NsiI.TP717229","10","52682882","","0.6224","C"
"4","Trait5","pKWmEB","PstI.TP1086849","10","52687006","","0.2884","A"
"4","Trait5","pKWmEB","PstI.TP1021967","10","52703098","","0.5794","A"
"4","Trait5","pKWmEB","NsiI.TP495272","10","52726073","","0.1769","A"
"4","Trait5","pKWmEB","NsiI.TP329333","10","52726189","","0.0910","A"
"4","Trait5","pKWmEB","NsiI.TP70408","10","52743822","","0.4329","A"
"4","Trait5","pKWmEB","NsiI.TP521924","10","52812906","","0.1115","C"
"4","Trait5","pKWmEB","NsiI.TP42778","10","52815086","","1.3313","C"
"4","Trait5","pKWmEB","GFk50ctg18383_265","10","52816775","","0.6620","A"
"4","Trait5","pKWmEB","NsiI.TP124896","10","52888347","","0.1911","A"
"4","Trait5","pKWmEB","PstI.TP475850","10","52909822","","0.8341","C"
"4","Trait5","pKWmEB","PstI.TP107358","10","52917794","","0.1081","C"
"4","Trait5","pKWmEB","PstI.TP223986","10","52958855","","0.5895","C"
"4","Trait5","pKWmEB","NsiI.TP669484","10","52962837","","0.2361","A"
"4","Trait5","pKWmEB","NsiI.TP780557","10","53001221","","0.4532","A"
"4","Trait5","pKWmEB","PstI.TP350445","10","53018395","","0.6565","G"
"4","Trait5","pKWmEB","PstI.TP350443","10","53018412","","0.5636","A"
"4","Trait5","pKWmEB","PstI.TP134017","10","53064853","","0.6995","G"
"4","Trait5","pKWmEB","NsiI.TP320769","10","53068823","","0.2317","C"
"4","Trait5","pKWmEB","PstI.TP814682","10","53107040","","0.4536","A"
"4","Trait5","pKWmEB","NsiI.TP36667","10","53111578","","0.3591","C"
"4","Trait5","pKWmEB","NsiI.TP183747","10","53127914","","0.0477","C"
"4","Trait5","pKWmEB","PstI.TP532535","10","53161445","","1.0841","C"
"4","Trait5","pKWmEB","NsiI.TP486343","10","53163806","","0.1084","A"
"4","Trait5","pKWmEB","PstI.TP212091","10","53165592","","0.2832","C"
"4","Trait5","pKWmEB","PstI.TP727385","10","53174224","","0.5034","C"
"4","Trait5","pKWmEB","PstI.TP727388","10","53174248","","0.1725","C"
"4","Trait5","pKWmEB","NsiI.TP321761","10","53175522","","1.0562","A"
"4","Trait5","pKWmEB","PstI.TP1143983","10","53211387","","0.7578","A"
"4","Trait5","pKWmEB","PstI.TP778560","10","53212680","","0.2077","C"
"4","Trait5","pKWmEB","PstI.TP459190","10","53216840","","0.1710","C"
"4","Trait5","pKWmEB","PstI.TP906303","10","53220537","","0.4607","A"
"4","Trait5","pKWmEB","PstI.TP1028013","10","53221437","","0.4948","A"
"4","Trait5","pKWmEB","PstI.TP308255","10","53225710","","0.0053","A"
"4","Trait5","pKWmEB","PstI.TP930317","10","53226414","","0.1401","A"
"4","Trait5","pKWmEB","PstI.TP319628","10","53231492","","0.5400","C"
"4","Trait5","pKWmEB","NsiI.TP705624","10","53232940","","0.9925","A"
"4","Trait5","pKWmEB","NsiI.TP249362","10","53235875","","0.2581","A"
"4","Trait5","pKWmEB","NsiI.TP249383","10","53235878","","0.0685","C"
"4","Trait5","pKWmEB","NsiI.TP622267","10","53237415","","0.4980","C"
"4","Trait5","pKWmEB","NsiI.TP798062","10","53247076","","0.3202","A"
"4","Trait5","pKWmEB","PstI.TP1133476","10","53345019","","0.5816","C"
"4","Trait5","pKWmEB","PstI.TP84709","10","53386370","","0.0798","A"
"4","Trait5","pKWmEB","PstI.TP784128","10","53394716","","0.2230","C"
"4","Trait5","pKWmEB","NsiI.TP438012","10","53454878","","0.1837","C"
"4","Trait5","pKWmEB","PstI.TP1176094","10","53461215","","1.0562","C"
"4","Trait5","pKWmEB","NsiI.TP229385","10","53463564","","0.2750","A"
"4","Trait5","pKWmEB","PstI.TP1136731","10","53464697","","0.1023","A"
"4","Trait5","pKWmEB","PstI.TP1009027","10","53467120","","0.5839","A"
"4","Trait5","pKWmEB","PstI.TP541255","10","53477961","","0.4987","C"
"4","Trait5","pKWmEB","PstI.TP541249","10","53477972","","0.1913","A"
"4","Trait5","pKWmEB","PstI.TP187548","10","53478010","","0.0153","A"
"4","Trait5","pKWmEB","NsiI.TP413516","10","53483683","","0.0812","C"
"4","Trait5","pKWmEB","PstI.TP186522","10","53486270","","0.1601","A"
"4","Trait5","pKWmEB","NsiI.TP105243","10","53510064","","0.2645","A"
"4","Trait5","pKWmEB","PstI.TP168634","10","53533349","","0.0871","C"
"4","Trait5","pKWmEB","NsiI.TP716232","10","53533726","","0.0589","C"
"4","Trait5","pKWmEB","NsiI.TP234431","10","53539520","","0.4867","C"
"4","Trait5","pKWmEB","NsiI.TP3054","10","53587522","","0.5810","C"
"4","Trait5","pKWmEB","PstI.TP1228267","10","53617994","","0.8780","A"
"4","Trait5","pKWmEB","PstI.TP63573","10","53647194","","0.9100","C"
"4","Trait5","pKWmEB","PstI.TP1069101","10","53708362","","0.0938","A"
"4","Trait5","pKWmEB","PstI.TP1027534","10","53709062","","0.0595","C"
"4","Trait5","pKWmEB","PstI.TP790645","10","53743947","","0.1584","A"
"4","Trait5","pKWmEB","NsiI.TP760710","10","53746143","","0.2247","G"
"4","Trait5","pKWmEB","PstI.TP1236840","10","53749636","","0.6121","G"
"4","Trait5","pKWmEB","PstI.TP1232675","10","53781797","","0.2801","A"
"4","Trait5","pKWmEB","PstI.TP863480","10","53788550","","0.2234","C"
"4","Trait5","pKWmEB","NsiI.TP561668","10","53807106","","0.1905","A"
"4","Trait5","pKWmEB","PstI.TP340987","10","53814983","","0.5226","A"
"4","Trait5","pKWmEB","PstI.TP449108","10","53846567","","0.5657","C"
"4","Trait5","pKWmEB","PstI.TP330860","10","53846633","","1.2048","A"
"4","Trait5","pKWmEB","PstI.TP1164010","10","53853086","","0.2381","C"
"4","Trait5","pKWmEB","PstI.TP62759","10","53860104","","0.3125","A"
"4","Trait5","pKWmEB","NsiI.TP754861","10","53872441","","0.2280","A"
"4","Trait5","pKWmEB","NsiI.TP105348","10","53884381","","0.0736","A"
"4","Trait5","pKWmEB","NsiI.TP458676","10","53897116","","0.6844","A"
"4","Trait5","pKWmEB","NsiI.TP825662","10","53913974","","0.6682","C"
"4","Trait5","pKWmEB","PstI.TP410728","10","54017261","","0.0622","C"
"4","Trait5","pKWmEB","PstI.TP1245284","10","54019996","","0.4852","A"
"4","Trait5","pKWmEB","NsiI.TP255034","10","54041136","","0.1107","C"
"4","Trait5","pKWmEB","NsiI.TP753115","10","54052527","","0.0549","A"
"4","Trait5","pKWmEB","NsiI.TP681586","10","54070078","","0.9111","C"
"4","Trait5","pKWmEB","PstI.TP271639","10","54081292","","0.4281","C"
"4","Trait5","pKWmEB","NsiI.TP622418","10","54090606","","0.1749","A"
"4","Trait5","pKWmEB","PstI.TP1109485","10","54131399","","1.2731","A"
"4","Trait5","pKWmEB","NsiI.TP580116","10","54131962","","0.3856","A"
"4","Trait5","pKWmEB","NsiI.TP436910","10","54134148","","0.2134","A"
"4","Trait5","pKWmEB","NsiI.TP652320","10","54138549","","0.5271","A"
"4","Trait5","pKWmEB","PstI.TP487850","10","54139344","","0.2680","G"
"4","Trait5","pKWmEB","NsiI.TP64744","10","54154567","","1.0564","C"
"4","Trait5","pKWmEB","PstI.TP1047126","10","54157586","","0.3156","A"
"4","Trait5","pKWmEB","NsiI.TP619174","10","54171747","","0.1146","G"
"4","Trait5","pKWmEB","PstI.TP1125186","10","54186772","","0.3770","A"
"4","Trait5","pKWmEB","PstI.TP998956","10","54190123","","0.0630","C"
"4","Trait5","pKWmEB","PstI.TP364058","10","54205221","","0.1043","C"
"4","Trait5","pKWmEB","PstI.TP277515","10","54227481","","0.3399","C"
"4","Trait5","pKWmEB","NsiI.TP229740","10","54228950","","0.0835","A"
"4","Trait5","pKWmEB","GFSSContig19588_253","10","54235621","","0.3984","A"
"4","Trait5","pKWmEB","NsiI.TP117346","10","54240359","","0.0304","A"
"4","Trait5","pKWmEB","NsiI.TP264370","10","54257349","","0.6313","A"
"4","Trait5","pKWmEB","NsiI.TP302379","10","54262037","","0.9904","A"
"4","Trait5","pKWmEB","PstI.TP891669","10","54262693","","0.5292","A"
"4","Trait5","pKWmEB","PstI.TP1137650","10","54284844","","0.4800","A"
"4","Trait5","pKWmEB","NsiI.TP40744","10","54312080","","0.8728","A"
"4","Trait5","pKWmEB","NsiI.TP122771","10","54336741","","0.4660","C"
"4","Trait5","pKWmEB","NsiI.TP820403","10","54341408","","0.7061","A"
"4","Trait5","pKWmEB","PstI.TP256742","10","54367407","","0.2589","C"
"4","Trait5","pKWmEB","PstI.TP256752","10","54367437","","0.1378","C"
"4","Trait5","pKWmEB","PstI.TP996719","10","54374523","","0.2017","C"
"4","Trait5","pKWmEB","PstI.TP147719","10","54379653","","2.7854","C"
"4","Trait5","pKWmEB","NsiI.TP186828","10","54379826","","0.4911","A"
"4","Trait5","pKWmEB","NsiI.TP521085","10","54384414","","0.9405","A"
"4","Trait5","pKWmEB","NsiI.TP413239","10","54391868","","0.2446","A"
"4","Trait5","pKWmEB","NsiI.TP467872","10","54393096","","0.0108","C"
"4","Trait5","pKWmEB","PstI.TP1114752","10","54445382","","0.5143","A"
"4","Trait5","pKWmEB","PstI.TP451916","10","54445697","","0.3696","G"
"4","Trait5","pKWmEB","NsiI.TP540208","10","54455601","","0.0785","A"
"4","Trait5","pKWmEB","NsiI.TP782526","10","54462449","","1.1653","C"
"4","Trait5","pKWmEB","PstI.TP128322","10","54480297","","0.1663","A"
"4","Trait5","pKWmEB","PstI.TP269547","10","54491009","","0.2889","C"
"4","Trait5","pKWmEB","PstI.TP450204","10","54493143","","0.6819","C"
"4","Trait5","pKWmEB","PstI.TP117838","10","54500517","","3.1416","C"
"4","Trait5","pKWmEB","PstI.TP320710","10","54501313","","0.1082","A"
"4","Trait5","pKWmEB","NsiI.TP124066","10","54511960","","0.7066","A"
"4","Trait5","pKWmEB","PstI.TP180687","10","54518367","","0.0215","C"
"4","Trait5","pKWmEB","PstI.TP1211738","10","54530196","","0.3805","G"
"4","Trait5","pKWmEB","NsiI.TP672230","10","54530526","","0.9273","A"
"4","Trait5","pKWmEB","NsiI.TP672068","10","54530527","","0.4192","A"
"4","Trait5","pKWmEB","PstI.TP79348","10","54544206","","0.2090","A"
"4","Trait5","pKWmEB","NsiI.TP534513","10","54553122","","0.8100","C"
"4","Trait5","pKWmEB","NsiI.TP63304","10","54553278","","1.0745","A"
"4","Trait5","pKWmEB","PstI.TP992016","10","54553654","","1.1837","A"
"4","Trait5","pKWmEB","NsiI.TP152015","10","54557245","","2.3172","C"
"4","Trait5","pKWmEB","PstI.TP865404","10","54566399","","0.0988","C"
"4","Trait5","pKWmEB","PstI.TP908452","10","54570890","","0.7678","C"
"4","Trait5","pKWmEB","NsiI.TP313260","10","54588906","","0.5402","C"
"4","Trait5","pKWmEB","PstI.TP172232","10","54590551","","0.1785","C"
"4","Trait5","pKWmEB","NsiI.TP577880","10","54611174","","0.0063","A"
"4","Trait5","pKWmEB","PstI.TP1281465","10","54613487","","0.5193","A"
"4","Trait5","pKWmEB","PstI.TP994161","10","54613589","","0.3786","A"
"4","Trait5","pKWmEB","PstI.TP1051000","10","54674360","","0.4564","A"
"4","Trait5","pKWmEB","PstI.TP151981","10","54680742","","0.3594","A"
"4","Trait5","pKWmEB","NsiI.TP831422","10","54817510","","0.0734","A"
"4","Trait5","pKWmEB","PstI.TP602402","10","54941931","","0.8263","C"
"4","Trait5","pKWmEB","PstI.TP64096","10","54947050","","0.1870","C"
"4","Trait5","pKWmEB","PstI.TP1191774","10","54951396","","0.5426","C"
"4","Trait5","pKWmEB","PstI.TP585117","10","54951950","","0.2940","A"
"4","Trait5","pKWmEB","NsiI.TP452570","10","54952925","","1.0061","A"
"4","Trait5","pKWmEB","PstI.TP818976","10","54967968","","0.2549","C"
"4","Trait5","pKWmEB","NsiI.TP236391","10","54968940","","0.2816","A"
"4","Trait5","pKWmEB","PstI.TP719659","10","54993631","","0.0638","A"
"4","Trait5","pKWmEB","PstI.TP135674","10","54993857","","1.0318","C"
"4","Trait5","pKWmEB","PstI.TP917636","10","55007339","","0.5528","A"
"4","Trait5","pKWmEB","NsiI.TP739298","10","55018597","","2.1898","A"
"4","Trait5","pKWmEB","NsiI.TP521504","10","55033397","","0.8021","C"
"4","Trait5","pKWmEB","PstI.TP1190408","10","55038705","","1.1533","A"
"4","Trait5","pKWmEB","PstI.TP581881","10","55053502","","0.4756","A"
"4","Trait5","pKWmEB","PstI.TP49353","10","55083551","","1.3385","A"
"4","Trait5","pKWmEB","PstI.TP832276","10","55089669","","0.2281","C"
"4","Trait5","pKWmEB","NsiI.TP305193","10","55090385","","0.3374","C"
"4","Trait5","pKWmEB","PstI.TP735357","10","55100759","","0.4387","A"
"4","Trait5","pKWmEB","PstI.TP1149056","10","55108061","","1.0616","A"
"4","Trait5","pKWmEB","NsiI.TP177223","10","55118084","","0.2941","A"
"4","Trait5","pKWmEB","NsiI.TP557652","10","55121411","","0.3517","C"
"4","Trait5","pKWmEB","PstI.TP200760","10","55128780","","0.1542","A"
"4","Trait5","pKWmEB","PstI.TP768105","10","55157500","","0.1559","A"
"4","Trait5","pKWmEB","NsiI.TP471077","10","55159986","","0.0038","G"
"4","Trait5","pKWmEB","PstI.TP625029","10","55191714","","0.0136","A"
"4","Trait5","pKWmEB","PstI.TP1250260","10","55217909","","0.4578","C"
"4","Trait5","pKWmEB","PstI.TP1164355","10","55218000","","0.8528","C"
"4","Trait5","pKWmEB","PstI.TP675605","10","55218060","","0.0202","G"
"4","Trait5","pKWmEB","NsiI.TP423103","10","55244356","","0.1895","C"
"4","Trait5","pKWmEB","NsiI.TP669504","10","55252025","","0.2537","C"
"4","Trait5","pKWmEB","PstI.TP152882","10","55270489","","0.4151","C"
"4","Trait5","pKWmEB","PstI.TP986652","10","55293480","","0.0171","A"
"4","Trait5","pKWmEB","NsiI.TP757582","10","55323042","","0.0202","A"
"4","Trait5","pKWmEB","PstI.TP177199","10","55333311","","0.0089","A"
"4","Trait5","pKWmEB","PstI.TP293694","10","55334702","","0.3911","C"
"4","Trait5","pKWmEB","PstI.TP1088104","10","55370727","","0.0502","A"
"4","Trait5","pKWmEB","PstI.TP747497","10","55416870","","0.2471","A"
"4","Trait5","pKWmEB","PstI.TP762031","10","55416903","","0.5121","A"
"4","Trait5","pKWmEB","PstI.TP745357","10","55417244","","0.4330","C"
"4","Trait5","pKWmEB","NsiI.TP277396","10","55425765","","0.0000","A"
"4","Trait5","pKWmEB","PstI.TP1012886","10","55426376","","0.2329","C"
"4","Trait5","pKWmEB","PstI.TP1157962","10","55436512","","0.0051","C"
"4","Trait5","pKWmEB","PstI.TP43644","10","55462944","","0.6159","A"
"4","Trait5","pKWmEB","PstI.TP1207922","10","55463410","","0.4438","G"
"4","Trait5","pKWmEB","NsiI.TP31999","10","55493115","","0.0374","A"
"4","Trait5","pKWmEB","NsiI.TP466119","10","55494510","","0.3304","A"
"4","Trait5","pKWmEB","PstI.TP707759","10","55544501","","0.0011","G"
"4","Trait5","pKWmEB","NsiI.TP60000","10","55575212","","0.1448","C"
"4","Trait5","pKWmEB","NsiI.TP527741","10","55575641","","0.5074","C"
"4","Trait5","pKWmEB","PstI.TP1276738","10","55582929","","0.5437","A"
"4","Trait5","pKWmEB","NsiI.TP802016","10","55584117","","0.3808","C"
"4","Trait5","pKWmEB","PstI.TP880922","10","55606004","","1.2363","A"
"4","Trait5","pKWmEB","NsiI.TP437839","10","55680934","","0.0586","C"
"4","Trait5","pKWmEB","PstI.TP45187","10","55707500","","0.0916","A"
"4","Trait5","pKWmEB","NsiI.TP139501","10","55716297","","0.6564","A"
"4","Trait5","pKWmEB","PstI.TP887121","10","55720067","","0.1127","G"
"4","Trait5","pKWmEB","NsiI.TP419906","10","55733127","","0.6878","A"
"4","Trait5","pKWmEB","NsiI.TP473372","10","55734255","","0.3621","A"
"4","Trait5","pKWmEB","PstI.TP282598","10","55748349","","0.9953","C"
"4","Trait5","pKWmEB","PstI.TP714039","10","55773042","","0.3430","A"
"4","Trait5","pKWmEB","PstI.TP962151","10","55776127","","1.2532","C"
"4","Trait5","pKWmEB","NsiI.TP134955","10","55781876","","0.2369","A"
"4","Trait5","pKWmEB","NsiI.TP450419","10","55791832","","0.1168","C"
"4","Trait5","pKWmEB","NsiI.TP482991","10","55800492","","0.8442","A"
"4","Trait5","pKWmEB","NsiI.TP62289","10","55801034","","0.4142","A"
"4","Trait5","pKWmEB","NsiI.TP386617","10","55802096","","0.0448","A"
"4","Trait5","pKWmEB","NsiI.TP386616","10","55802123","","0.0119","A"
"4","Trait5","pKWmEB","PstI.TP10115","10","55846940","","0.4549","A"
"4","Trait5","pKWmEB","PstI.TP568763","10","55874415","","0.4491","A"
"4","Trait5","pKWmEB","PstI.TP539853","10","55903817","","0.5295","C"
"4","Trait5","pKWmEB","PstI.TP494764","10","55904701","","0.0519","A"
"4","Trait5","pKWmEB","PstI.TP237199","10","55905397","","0.5711","C"
"4","Trait5","pKWmEB","NsiI.TP441998","10","55908462","","0.2685","A"
"4","Trait5","pKWmEB","PstI.TP738290","10","55921908","","0.3518","A"
"4","Trait5","pKWmEB","PstI.TP1075367","10","55922964","","0.4893","A"
"4","Trait5","pKWmEB","NsiI.TP467422","10","55949323","","0.1725","G"
"4","Trait5","pKWmEB","PstI.TP898421","10","55967041","","0.3619","C"
"4","Trait5","pKWmEB","PstI.TP198426","10","55973218","","0.7843","C"
"4","Trait5","pKWmEB","PstI.TP1191273","10","55973245","","1.5550","A"
"4","Trait5","pKWmEB","PstI.TP467914","10","55974804","","0.2885","C"
"4","Trait5","pKWmEB","PstI.TP338483","10","55977800","","0.4606","G"
"4","Trait5","pKWmEB","PstI.TP1120718","10","55997546","","0.1366","A"
"4","Trait5","pKWmEB","PstI.TP891978","10","55999175","","0.5998","C"
"4","Trait5","pKWmEB","PstI.TP905642","10","56002134","","0.0806","C"
"4","Trait5","pKWmEB","NsiI.TP305158","10","56037527","","0.3467","A"
"4","Trait5","pKWmEB","NsiI.TP305157","10","56037561","","0.0381","A"
"4","Trait5","pKWmEB","NsiI.TP350028","10","56058607","","0.7473","A"
"4","Trait5","pKWmEB","PstI.TP243672","10","56062196","","0.4157","G"
"4","Trait5","pKWmEB","NsiI.TP54576","10","56092565","","0.1758","A"
"4","Trait5","pKWmEB","PstI.TP1127363","10","56099029","","0.1560","G"
"4","Trait5","pKWmEB","PstI.TP101438","10","56101348","","0.0174","C"
"4","Trait5","pKWmEB","PstI.TP177678","10","56115246","","0.1361","A"
"4","Trait5","pKWmEB","NsiI.TP825176","10","56124622","","0.0448","C"
"4","Trait5","pKWmEB","PstI.TP712918","10","56125218","","0.4550","A"
"4","Trait5","pKWmEB","PstI.TP271541","10","56172761","","0.1248","C"
"4","Trait5","pKWmEB","NsiI.TP795502","10","56173028","","0.5209","A"
"4","Trait5","pKWmEB","PstI.TP202284","10","56175041","","0.0061","C"
"4","Trait5","pKWmEB","PstI.TP1009563","10","56175139","","0.2180","A"
"4","Trait5","pKWmEB","PstI.TP124195","10","56177761","","0.3174","A"
"4","Trait5","pKWmEB","PstI.TP1222468","10","56178068","","0.0576","A"
"4","Trait5","pKWmEB","PstI.TP263994","10","56183296","","0.0188","A"
"4","Trait5","pKWmEB","PstI.TP804730","10","56184709","","0.7300","A"
"4","Trait5","pKWmEB","PstI.TP162536","10","56188930","","1.1702","A"
"4","Trait5","pKWmEB","NsiI.TP337624","10","56201507","","0.1238","A"
"4","Trait5","pKWmEB","NsiI.TP780583","10","56223197","","0.3128","A"
"4","Trait5","pKWmEB","PstI.TP1123265","10","56230428","","0.9621","A"
"4","Trait5","pKWmEB","PstI.TP299682","10","56230477","","0.0560","A"
"4","Trait5","pKWmEB","NsiI.TP36278","10","56255147","","0.0218","A"
"4","Trait5","pKWmEB","PstI.TP140535","10","56266608","","0.3447","A"
"4","Trait5","pKWmEB","PstI.TP269318","10","56276045","","0.1379","A"
"4","Trait5","pKWmEB","NsiI.TP108840","10","56283539","","0.1570","A"
"4","Trait5","pKWmEB","PstI.TP1159632","10","56290471","","0.1145","A"
"4","Trait5","pKWmEB","NsiI.TP330963","10","56296082","","0.2982","A"
"4","Trait5","pKWmEB","NsiI.TP545316","10","56300203","","0.4756","A"
"4","Trait5","pKWmEB","NsiI.TP602515","10","56300282","","0.5915","C"
"4","Trait5","pKWmEB","PstI.TP409507","10","56313003","","0.1346","G"
"4","Trait5","pKWmEB","NsiI.TP385611","10","56337243","","0.6589","G"
"4","Trait5","pKWmEB","PstI.TP1042925","10","56340320","","0.0519","A"
"4","Trait5","pKWmEB","NsiI.TP328184","10","56346502","","0.4232","A"
"4","Trait5","pKWmEB","NsiI.TP559543","10","56346801","","1.6410","G"
"4","Trait5","pKWmEB","NsiI.TP669502","10","56357081","","0.1954","C"
"4","Trait5","pKWmEB","NsiI.TP574007","10","56359003","","0.8020","C"
"4","Trait5","pKWmEB","PstI.TP642159","10","56363399","","0.4582","A"
"4","Trait5","pKWmEB","PstI.TP1187290","10","56390260","","0.3002","C"
"4","Trait5","pKWmEB","NsiI.TP302923","10","56419615","","0.0011","A"
"4","Trait5","pKWmEB","NsiI.TP476148","10","56419668","","0.0715","A"
"4","Trait5","pKWmEB","NsiI.TP660871","10","56470218","","0.3820","C"
"4","Trait5","pKWmEB","NsiI.TP434715","10","56495741","","0.0176","G"
"4","Trait5","pKWmEB","NsiI.TP592469","10","56527885","","0.5114","A"
"4","Trait5","pKWmEB","NsiI.TP723334","10","56532435","","2.0034","A"
"4","Trait5","pKWmEB","NsiI.TP235501","10","56547987","","0.3938","C"
"4","Trait5","pKWmEB","PstI.TP942427","10","56551535","","0.3410","A"
"4","Trait5","pKWmEB","PstI.TP193753","10","56570665","","0.1231","C"
"4","Trait5","pKWmEB","NsiI.TP531585","10","56578639","","0.2125","A"
"4","Trait5","pKWmEB","PstI.TP740299","10","56585445","","0.1179","C"
"4","Trait5","pKWmEB","NsiI.TP577274","10","56588401","","1.5801","A"
"4","Trait5","pKWmEB","NsiI.TP499775","10","56599343","","0.5218","C"
"4","Trait5","pKWmEB","NsiI.TP322549","10","56604294","","0.2727","G"
"4","Trait5","pKWmEB","PstI.TP683199","10","56630287","","0.4711","C"
"4","Trait5","pKWmEB","PstI.TP977353","10","56640763","","0.1558","G"
"4","Trait5","pKWmEB","NsiI.TP133718","10","56652488","","0.0239","A"
"4","Trait5","pKWmEB","NsiI.TP766058","10","56739907","","0.1128","C"
"4","Trait5","pKWmEB","NsiI.TP279148","10","56770513","","0.0043","A"
"4","Trait5","pKWmEB","PstI.TP453443","10","56793256","","0.2121","A"
"4","Trait5","pKWmEB","NsiI.TP71856","10","56824424","","0.6739","C"
"4","Trait5","pKWmEB","NsiI.TP400095","10","56834344","","0.2246","A"
"4","Trait5","pKWmEB","PstI.TP838518","10","56835723","","0.4038","C"
"4","Trait5","pKWmEB","PstI.TP49052","10","56847524","","0.8233","C"
"4","Trait5","pKWmEB","PstI.TP809215","10","56847671","","0.1758","G"
"4","Trait5","pKWmEB","PstI.TP297694","10","56908050","","0.9234","A"
"4","Trait5","pKWmEB","PstI.TP1230374","10","56908185","","0.5052","C"
"4","Trait5","pKWmEB","NsiI.TP521066","10","56914882","","0.2943","A"
"4","Trait5","pKWmEB","PstI.TP363270","10","56918488","","0.1191","A"
"4","Trait5","pKWmEB","PstI.TP363271","10","56918504","","0.2495","A"
"4","Trait5","pKWmEB","PstI.TP965698","10","56922517","","0.1875","C"
"4","Trait5","pKWmEB","PstI.TP1257254","10","56955563","","0.5484","C"
"4","Trait5","pKWmEB","NsiI.TP507755","10","56991253","","0.3219","A"
"4","Trait5","pKWmEB","PstI.TP201134","10","56993003","","0.1853","A"
"4","Trait5","pKWmEB","NsiI.TP701950","10","56995150","","0.4491","G"
"4","Trait5","pKWmEB","NsiI.TP673123","10","56995729","","0.0820","A"
"4","Trait5","pKWmEB","PstI.TP59054","10","56995730","","0.3255","C"
"4","Trait5","pKWmEB","PstI.TP620676","10","56996317","","0.3874","A"
"4","Trait5","pKWmEB","NsiI.TP740855","10","57038703","","0.5243","C"
"4","Trait5","pKWmEB","PstI.TP334670","10","57097496","","0.3460","C"
"4","Trait5","pKWmEB","NsiI.TP411009","10","57098164","","0.0938","A"
"4","Trait5","pKWmEB","PstI.TP1047537","10","57105280","","0.2147","G"
"4","Trait5","pKWmEB","PstI.TP1047533","10","57105290","","0.2030","C"
"4","Trait5","pKWmEB","NsiI.TP415745","10","57122222","","0.8427","G"
"4","Trait5","pKWmEB","PstI.TP606311","10","57135062","","0.4997","A"
"4","Trait5","pKWmEB","NsiI.TP348626","10","57137466","","0.1962","G"
"4","Trait5","pKWmEB","NsiI.TP11670","10","57162910","","0.3579","A"
"4","Trait5","pKWmEB","PstI.TP7632","10","57163611","","0.0755","A"
"4","Trait5","pKWmEB","NsiI.TP266544","10","57183595","","1.2121","C"
"4","Trait5","pKWmEB","PstI.TP987903","10","57187336","","0.5861","C"
"4","Trait5","pKWmEB","NsiI.TP557502","10","57196967","","0.6139","C"
"4","Trait5","pKWmEB","NsiI.TP557496","10","57196993","","0.0616","A"
"4","Trait5","pKWmEB","PstI.TP374182","10","57199593","","0.1330","G"
"4","Trait5","pKWmEB","PstI.TP179166","10","57199840","","0.6454","G"
"4","Trait5","pKWmEB","PstI.TP1244156","10","57206520","","0.0715","C"
"4","Trait5","pKWmEB","NsiI.TP420480","10","57227913","","0.0867","C"
"4","Trait5","pKWmEB","NsiI.TP181876","10","57276158","","0.0659","C"
"4","Trait5","pKWmEB","NsiI.TP465270","10","57290741","","0.5781","C"
"4","Trait5","pKWmEB","NsiI.TP184002","10","57336998","","0.9554","G"
"4","Trait5","pKWmEB","NsiI.TP801903","10","57368510","","0.1181","C"
"4","Trait5","pKWmEB","PstI.TP435004","10","57409712","","0.4733","A"
"4","Trait5","pKWmEB","PstI.TP248498","10","57422064","","0.2211","A"
"4","Trait5","pKWmEB","NsiI.TP239784","10","57422222","","0.1267","A"
"4","Trait5","pKWmEB","PstI.TP977259","10","57435024","","0.1837","C"
"4","Trait5","pKWmEB","PstI.TP256494","10","57442492","","0.8292","G"
"4","Trait5","pKWmEB","NsiI.TP426553","10","57449737","","0.5891","A"
"4","Trait5","pKWmEB","PstI.TP879651","10","57455167","","0.0830","C"
"4","Trait5","pKWmEB","NsiI.TP346917","10","57456364","","0.1800","A"
"4","Trait5","pKWmEB","PstI.TP185809","10","57504686","","0.1252","A"
"4","Trait5","pKWmEB","NsiI.TP49920","10","57511809","","1.2623","G"
"4","Trait5","pKWmEB","NsiI.TP819128","10","57516100","","0.0833","G"
"4","Trait5","pKWmEB","PstI.TP1189247","10","57554144","","1.0900","A"
"4","Trait5","pKWmEB","NsiI.TP427254","10","57555604","","0.0923","A"
"4","Trait5","pKWmEB","PstI.TP103381","10","57562553","","0.7771","A"
"4","Trait5","pKWmEB","NsiI.TP686147","10","57609368","","0.1666","C"
"4","Trait5","pKWmEB","PstI.TP776136","10","57640851","","0.2670","A"
"4","Trait5","pKWmEB","NsiI.TP620239","10","57650638","","0.4799","C"
"4","Trait5","pKWmEB","PstI.TP740525","10","57651326","","0.9044","G"
"4","Trait5","pKWmEB","PstI.TP630830","10","57652475","","0.9563","A"
"4","Trait5","pKWmEB","PstI.TP309603","10","57653642","","0.0541","A"
"4","Trait5","pKWmEB","PstI.TP309605","10","57653642","","0.0729","A"
"4","Trait5","pKWmEB","PstI.TP694310","10","57658733","","0.5284","C"
"4","Trait5","pKWmEB","PstI.TP1044398","10","57687904","","0.8552","G"
"4","Trait5","pKWmEB","PstI.TP463299","10","57692462","","1.3531","A"
"4","Trait5","pKWmEB","PstI.TP408230","10","57718955","","0.0059","G"
"4","Trait5","pKWmEB","PstI.TP998630","10","57725140","","0.5147","C"
"4","Trait5","pKWmEB","PstI.TP914537","10","57752412","","0.1768","A"
"4","Trait5","pKWmEB","PstI.TP103307","10","57752572","","0.1449","C"
"4","Trait5","pKWmEB","PstI.TP311770","10","57774357","","0.0114","A"
"4","Trait5","pKWmEB","PstI.TP124631","10","57809558","","1.2198","C"
"4","Trait5","pKWmEB","NsiI.TP507276","10","57819129","","0.2983","A"
"4","Trait5","pKWmEB","PstI.TP356244","10","57837092","","0.0054","A"
"4","Trait5","pKWmEB","NsiI.TP191051","10","57843418","","0.6003","C"
"4","Trait5","pKWmEB","PstI.TP209198","10","57847766","","0.7372","A"
"4","Trait5","pKWmEB","PstI.TP696186","10","57848314","","0.0934","A"
"4","Trait5","pKWmEB","PstI.TP897599","10","57879300","","0.3281","A"
"4","Trait5","pKWmEB","PstI.TP1132484","10","57883541","","0.3665","A"
"4","Trait5","pKWmEB","PstI.TP1000550","10","57945113","","0.4797","C"
"4","Trait5","pKWmEB","PstI.TP541885","10","57947224","","0.6003","A"
"4","Trait5","pKWmEB","PstI.TP594635","10","57947466","","0.0079","G"
"4","Trait5","pKWmEB","PstI.TP297863","10","57956117","","0.0751","C"
"4","Trait5","pKWmEB","PstI.TP1255957","10","57956794","","0.2370","C"
"4","Trait5","pKWmEB","PstI.TP193465","10","57962068","","1.0021","A"
"4","Trait5","pKWmEB","PstI.TP48077","10","57984303","","0.0083","A"
"4","Trait5","pKWmEB","PstI.TP841570","10","57984409","","0.8136","G"
"4","Trait5","pKWmEB","PstI.TP217791","10","57985816","","0.0672","A"
"4","Trait5","pKWmEB","PstI.TP1245021","10","57989538","","0.0372","A"
"4","Trait5","pKWmEB","PstI.TP133190","10","57991199","","0.1346","C"
"4","Trait5","pKWmEB","PstI.TP816550","10","57991288","","0.1699","G"
"4","Trait5","pKWmEB","NsiI.TP573981","10","57998219","","0.6063","C"
"4","Trait5","pKWmEB","NsiI.TP194773","10","58001061","","0.1993","A"
"4","Trait5","pKWmEB","PstI.TP835320","10","58023893","","0.2157","C"
"4","Trait5","pKWmEB","NsiI.TP717578","10","58023898","","0.0498","C"
"4","Trait5","pKWmEB","PstI.TP10852","10","58028954","","0.2413","C"
"4","Trait5","pKWmEB","NsiI.TP506601","10","58036028","","0.4081","C"
"4","Trait5","pKWmEB","PstI.TP710301","10","58042630","","0.1844","C"
"4","Trait5","pKWmEB","NsiI.TP430259","10","58051523","","0.8425","C"
"4","Trait5","pKWmEB","PstI.TP1121282","10","58066144","","0.7304","A"
"4","Trait5","pKWmEB","NsiI.TP177685","10","58071665","","0.6345","A"
"4","Trait5","pKWmEB","GFSSContig5387_711","10","58083210","","1.2054","A"
"4","Trait5","pKWmEB","PstI.TP608953","10","58098899","","0.1148","G"
"4","Trait5","pKWmEB","NsiI.TP630075","10","58104159","","0.0563","A"
"4","Trait5","pKWmEB","PstI.TP106443","10","58115913","","0.9050","A"
"4","Trait5","pKWmEB","NsiI.TP247163","10","58137647","","0.2216","C"
"4","Trait5","pKWmEB","PstI.TP282657","10","58159508","","0.2780","C"
"4","Trait5","pKWmEB","GFSSContig20006_1334","10","58161744","","0.0602","A"
"4","Trait5","pKWmEB","PstI.TP1033517","10","58165351","","0.0125","G"
"4","Trait5","pKWmEB","PstI.TP1123051","10","58183845","","0.9040","C"
"4","Trait5","pKWmEB","PstI.TP237773","10","58184327","","0.5856","A"
"4","Trait5","pKWmEB","PstI.TP6645","10","58193019","","0.2044","A"
"4","Trait5","pKWmEB","NsiI.TP314957","10","58216554","","2.8488","C"
"4","Trait5","pKWmEB","PstI.TP614291","10","58224972","","0.5250","C"
"4","Trait5","pKWmEB","PstI.TP1122182","10","58269182","","0.2713","A"
"4","Trait5","pKWmEB","PstI.TP1167993","10","58303417","","0.5253","A"
"4","Trait5","pKWmEB","GFSSContig13679_522","10","58314982","","0.1651","A"
"4","Trait5","pKWmEB","PstI.TP874275","10","58320876","","0.1130","A"
"4","Trait5","pKWmEB","PstI.TP624732","10","58322395","","0.7104","A"
"4","Trait5","pKWmEB","PstI.TP953647","10","58327094","","0.2720","C"
"4","Trait5","pKWmEB","PstI.TP837318","10","58334573","","0.0225","A"
"4","Trait5","pKWmEB","NsiI.TP826976","10","58339212","","0.6208","A"
"4","Trait5","pKWmEB","PstI.TP31645","10","58342331","","0.1615","A"
"4","Trait5","pKWmEB","PstI.TP835061","10","58345184","","0.1498","A"
"4","Trait5","pKWmEB","PstI.TP460194","10","58346238","","0.3245","C"
"4","Trait5","pKWmEB","PstI.TP710861","10","58347300","","0.8374","C"
"4","Trait5","pKWmEB","NsiI.TP35119","10","58385252","","0.1229","A"
"4","Trait5","pKWmEB","PstI.TP830410","10","58385319","","0.0657","A"
"4","Trait5","pKWmEB","NsiI.TP530610","10","58487000","","0.7617","C"
"4","Trait5","pKWmEB","NsiI.TP150218","10","58487041","","0.1957","A"
"4","Trait5","pKWmEB","NsiI.TP324486","10","58500616","","2.0707","C"
"4","Trait5","pKWmEB","PstI.TP622832","10","58505390","","0.0196","C"
"4","Trait5","pKWmEB","PstI.TP251561","10","58512107","","0.5124","A"
"4","Trait5","pKWmEB","PstI.TP344771","10","58518729","","0.1881","C"
"4","Trait5","pKWmEB","GFSSContig13073_887","10","58519712","","0.0553","A"
"4","Trait5","pKWmEB","PstI.TP984525","10","58519750","","0.0895","A"
"4","Trait5","pKWmEB","PstI.TP991057","10","58519754","","1.1942","A"
"4","Trait5","pKWmEB","PstI.TP1135567","10","58527374","","0.2077","C"
"4","Trait5","pKWmEB","PstI.TP1172046","10","58527764","","0.3294","A"
"4","Trait5","pKWmEB","NsiI.TP472627","10","58539297","","0.1528","A"
"4","Trait5","pKWmEB","NsiI.TP436743","10","58539618","","0.4879","A"
"4","Trait5","pKWmEB","PstI.TP930398","10","58540105","","0.6784","A"
"4","Trait5","pKWmEB","PstI.TP780634","10","58540112","","0.1134","A"
"4","Trait5","pKWmEB","NsiI.TP442238","10","58588151","","1.8092","C"
"4","Trait5","pKWmEB","PstI.TP1021190","10","58588164","","0.7273","G"
"4","Trait5","pKWmEB","PstI.TP926141","10","58598953","","0.9097","C"
"4","Trait5","pKWmEB","PstI.TP137221","10","58604051","","0.5503","A"
"4","Trait5","pKWmEB","PstI.TP1073707","10","58606049","","0.2624","A"
"4","Trait5","pKWmEB","PstI.TP1114104","10","58620739","","0.1462","C"
"4","Trait5","pKWmEB","PstI.TP851906","10","58624598","","0.3754","C"
"4","Trait5","pKWmEB","PstI.TP924871","10","58628021","","0.0559","C"
"4","Trait5","pKWmEB","PstI.TP1141035","10","58664328","","2.7608","G"
"4","Trait5","pKWmEB","NsiI.TP416677","10","58670412","","0.4506","C"
"4","Trait5","pKWmEB","NsiI.TP623561","10","58695603","","0.0630","C"
"4","Trait5","pKWmEB","NsiI.TP596468","10","58704389","","0.0069","A"
"4","Trait5","pKWmEB","NsiI.TP101365","10","58707662","","0.4111","C"
"4","Trait5","pKWmEB","PstI.TP925206","10","58730377","","0.2899","A"
"4","Trait5","pKWmEB","NsiI.TP590482","10","58734764","","0.1700","C"
"4","Trait5","pKWmEB","PstI.TP1198960","10","58745110","","0.9767","A"
"4","Trait5","pKWmEB","PstI.TP523742","10","58752161","","0.2494","A"
"4","Trait5","pKWmEB","PstI.TP332933","10","58767502","","0.2397","A"
"4","Trait5","pKWmEB","NsiI.TP511109","10","58780153","","0.5386","A"
"4","Trait5","pKWmEB","PstI.TP922440","10","58806673","","0.5372","C"
"4","Trait5","pKWmEB","NsiI.TP576231","10","58809304","","0.5316","G"
"4","Trait5","pKWmEB","PstI.TP175221","10","58836257","","0.9908","C"
"4","Trait5","pKWmEB","NsiI.TP409901","10","58840468","","0.7093","G"
"4","Trait5","pKWmEB","PstI.TP1093124","10","58840758","","0.0454","G"
"4","Trait5","pKWmEB","PstI.TP340427","10","58897511","","0.1487","A"
"4","Trait5","pKWmEB","PstI.TP117701","10","58898407","","0.0357","C"
"4","Trait5","pKWmEB","PstI.TP32557","10","58906622","","0.1304","A"
"4","Trait5","pKWmEB","PstI.TP767664","10","58907220","","0.1517","C"
"4","Trait5","pKWmEB","GFSSContig20378_1618","10","58910029","","0.1311","A"
"4","Trait5","pKWmEB","NsiI.TP74711","10","58910118","","0.0635","C"
"4","Trait5","pKWmEB","NsiI.TP398441","10","58918774","","0.0657","A"
"4","Trait5","pKWmEB","NsiI.TP717065","10","58945595","","0.6465","A"
"4","Trait5","pKWmEB","PstI.TP651715","10","58956886","","0.0210","A"
"4","Trait5","pKWmEB","NsiI.TP571544","10","58959373","","0.3946","A"
"4","Trait5","pKWmEB","PstI.TP360715","10","58959795","","0.8281","C"
"4","Trait5","pKWmEB","PstI.TP890733","10","58967729","","1.0021","C"
"4","Trait5","pKWmEB","PstI.TP351081","10","58968087","","0.0508","C"
"4","Trait5","pKWmEB","PstI.TP608972","10","58983719","","0.0397","C"
"4","Trait5","pKWmEB","PstI.TP619929","10","58984044","","0.3066","A"
"4","Trait5","pKWmEB","NsiI.TP596601","10","58990372","","0.0699","A"
"4","Trait5","pKWmEB","NsiI.TP707375","10","58994311","","0.3565","G"
"4","Trait5","pKWmEB","NsiI.TP347871","10","58997976","","1.2634","G"
"4","Trait5","pKWmEB","PstI.TP1272828","10","59027538","","0.6493","C"
"4","Trait5","pKWmEB","NsiI.TP40426","10","59093728","","1.0862","C"
"4","Trait5","pKWmEB","PstI.TP545548","10","59100551","","0.7809","C"
"4","Trait5","pKWmEB","PstI.TP545552","10","59100566","","0.2726","C"
"4","Trait5","pKWmEB","PstI.TP860074","10","59104580","","0.1342","A"
"4","Trait5","pKWmEB","NsiI.TP389133","10","59115241","","0.1405","A"
"4","Trait5","pKWmEB","PstI.TP1049135","10","59119911","","0.0176","A"
"4","Trait5","pKWmEB","NsiI.TP363618","10","59138949","","1.0268","C"
"4","Trait5","pKWmEB","PstI.TP144888","10","59140226","","0.0883","C"
"4","Trait5","pKWmEB","PstI.TP36101","10","59141310","","0.3558","A"
"4","Trait5","pKWmEB","PstI.TP36102","10","59141312","","0.3823","A"
"4","Trait5","pKWmEB","PstI.TP1260292","10","59157715","","0.0513","A"
"4","Trait5","pKWmEB","NsiI.TP41855","10","59162920","","0.1780","A"
"4","Trait5","pKWmEB","PstI.TP534866","10","59187610","","0.3575","A"
"4","Trait5","pKWmEB","NsiI.TP436535","10","59201341","","0.1669","A"
"4","Trait5","pKWmEB","NsiI.TP82850","10","59221386","","0.5915","A"
"4","Trait5","pKWmEB","NsiI.TP436800","10","59248274","","0.1725","A"
"4","Trait5","pKWmEB","PstI.TP1112609","10","59256851","","0.8713","A"
"4","Trait5","pKWmEB","NsiI.TP86701","10","59264268","","0.7162","G"
"4","Trait5","pKWmEB","PstI.TP399073","10","59270394","","0.4542","C"
"4","Trait5","pKWmEB","NsiI.TP722187","10","59294468","","0.5588","C"
"4","Trait5","pKWmEB","NsiI.TP422390","10","59294517","","0.0910","A"
"4","Trait5","pKWmEB","NsiI.TP86280","10","59308792","","0.6394","C"
"4","Trait5","pKWmEB","NsiI.TP128483","10","59308875","","0.8746","C"
"4","Trait5","pKWmEB","PstI.TP1230372","10","59309250","","0.7189","A"
"4","Trait5","pKWmEB","PstI.TP691123","10","59325638","","0.3617","A"
"4","Trait5","pKWmEB","PstI.TP424337","10","59336379","","0.0398","C"
"4","Trait5","pKWmEB","PstI.TP775667","10","59344209","","1.0053","C"
"4","Trait5","pKWmEB","NsiI.TP123418","10","59359310","","0.3089","A"
"4","Trait5","pKWmEB","NsiI.TP368323","10","59421910","","0.5776","A"
"4","Trait5","pKWmEB","PstI.TP477347","10","59427629","","1.1063","C"
"4","Trait5","pKWmEB","NsiI.TP660965","10","59435519","","0.3136","A"
"4","Trait5","pKWmEB","PstI.TP1142775","10","59444663","","0.6830","A"
"4","Trait5","pKWmEB","PstI.TP984726","10","59446670","","0.0035","A"
"4","Trait5","pKWmEB","NsiI.TP579850","10","59454139","","0.8263","G"
"4","Trait5","pKWmEB","PstI.TP347009","10","59492534","","0.1252","C"
"4","Trait5","pKWmEB","PstI.TP1151109","10","59550166","","0.8961","A"
"4","Trait5","pKWmEB","NsiI.TP5731","10","59553714","","0.1113","A"
"4","Trait5","pKWmEB","PstI.TP83188","10","59560474","","0.2147","A"
"4","Trait5","pKWmEB","NsiI.TP804035","10","59560652","","0.4072","G"
"4","Trait5","pKWmEB","PstI.TP1204456","10","59574064","","0.2281","A"
"4","Trait5","pKWmEB","NsiI.TP269555","10","59593348","","0.8175","A"
"4","Trait5","pKWmEB","PstI.TP771256","10","59597858","","1.0264","A"
"4","Trait5","pKWmEB","PstI.TP1261100","10","59613969","","0.3715","A"
"4","Trait5","pKWmEB","NsiI.TP174837","10","59618927","","0.9214","A"
"4","Trait5","pKWmEB","NsiI.TP522982","10","59633055","","0.4972","C"
"4","Trait5","pKWmEB","PstI.TP294461","10","59637613","","1.3637","A"
"4","Trait5","pKWmEB","PstI.TP173369","10","59649220","","2.8206","G"
"4","Trait5","pKWmEB","PstI.TP759675","10","59672253","","0.4776","A"
"4","Trait5","pKWmEB","PstI.TP759680","10","59672256","","0.2653","A"
"4","Trait5","pKWmEB","PstI.TP932502","10","59687232","","0.6880","A"
"4","Trait5","pKWmEB","NsiI.TP65555","10","59702115","","0.1943","G"
"4","Trait5","pKWmEB","GFSSContig17419_591","10","59706968","","1.5661","A"
"4","Trait5","pKWmEB","NsiI.TP632738","10","59708885","","0.1742","A"
"4","Trait5","pKWmEB","PstI.TP157241","10","59711903","","0.1895","C"
"4","Trait5","pKWmEB","PstI.TP1286321","10","59730724","","0.1272","C"
"4","Trait5","pKWmEB","PstI.TP1222659","10","59748797","","1.1956","A"
"4","Trait5","pKWmEB","PstI.TP901498","10","59750699","","0.0905","C"
"4","Trait5","pKWmEB","PstI.TP699094","10","59761201","","0.0785","A"
"4","Trait5","pKWmEB","PstI.TP1231079","10","59773578","","0.5126","C"
"4","Trait5","pKWmEB","PstI.TP571625","10","59784856","","0.3396","A"
"4","Trait5","pKWmEB","PstI.TP311752","10","59788353","","0.3002","A"
"4","Trait5","pKWmEB","NsiI.TP581057","10","59791540","","0.4681","G"
"4","Trait5","pKWmEB","PstI.TP1190143","10","59802312","","0.5909","A"
"4","Trait5","pKWmEB","NsiI.TP640953","10","59802374","","0.0177","C"
"4","Trait5","pKWmEB","NsiI.TP640954","10","59802406","","0.1966","C"
"4","Trait5","pKWmEB","NsiI.TP310793","10","59802622","","0.4227","C"
"4","Trait5","pKWmEB","NsiI.TP637304","10","59828351","","0.4162","C"
"4","Trait5","pKWmEB","NsiI.TP539696","10","59830931","","0.8944","A"
"4","Trait5","pKWmEB","NsiI.TP762469","10","59831302","","0.3160","G"
"4","Trait5","pKWmEB","NsiI.TP440309","10","59839481","","0.4261","A"
"4","Trait5","pKWmEB","PstI.TP115257","10","59841571","","1.2805","A"
"4","Trait5","pKWmEB","PstI.TP115256","10","59841579","","0.1987","C"
"4","Trait5","pKWmEB","NsiI.TP259454","10","59842717","","0.3786","C"
"4","Trait5","pKWmEB","NsiI.TP756808","10","59848770","","0.4812","C"
"4","Trait5","pKWmEB","PstI.TP216730","10","59855054","","0.3486","A"
"4","Trait5","pKWmEB","NsiI.TP272845","10","59865006","","0.2099","C"
"4","Trait5","pKWmEB","PstI.TP371473","10","59883760","","0.4599","C"
"4","Trait5","pKWmEB","NsiI.TP119709","10","59896350","","0.1688","A"
"4","Trait5","pKWmEB","NsiI.TP742448","10","59968132","","1.2331","C"
"4","Trait5","pKWmEB","PstI.TP175732","10","60072413","","0.8893","A"
"4","Trait5","pKWmEB","PstI.TP140831","10","60088273","","0.2326","A"
"4","Trait5","pKWmEB","NsiI.TP432854","10","60099526","","0.0502","A"
"4","Trait5","pKWmEB","NsiI.TP627077","10","60121241","","0.1605","A"
"4","Trait5","pKWmEB","PstI.TP993513","10","60122723","","1.1762","A"
"4","Trait5","pKWmEB","PstI.TP65527","10","60139620","","0.4912","A"
"4","Trait5","pKWmEB","PstI.TP890926","10","60146452","","0.1785","A"
"4","Trait5","pKWmEB","NsiI.TP479822","10","60147462","","0.0795","G"
"4","Trait5","pKWmEB","PstI.TP302687","10","60161829","","0.0198","G"
"4","Trait5","pKWmEB","NsiI.TP590407","10","60163639","","0.0900","G"
"4","Trait5","pKWmEB","NsiI.TP12416","10","60177735","","0.0248","C"
"4","Trait5","pKWmEB","PstI.TP210851","10","60214653","","0.7047","A"
"4","Trait5","pKWmEB","PstI.TP587513","10","60215855","","0.4917","G"
"4","Trait5","pKWmEB","PstI.TP1234552","10","60231357","","0.3460","C"
"4","Trait5","pKWmEB","NsiI.TP202281","10","60249425","","0.9352","A"
"4","Trait5","pKWmEB","PstI.TP19863","10","60278801","","0.2626","A"
"4","Trait5","pKWmEB","PstI.TP1176340","10","60292206","","0.2887","A"
"4","Trait5","pKWmEB","PstI.TP886917","10","60308678","","0.8778","A"
"4","Trait5","pKWmEB","PstI.TP123271","10","60309221","","0.2291","C"
"4","Trait5","pKWmEB","PstI.TP994751","10","60309696","","2.0077","C"
"4","Trait5","pKWmEB","PstI.TP22664","10","60311066","","0.4240","C"
"4","Trait5","pKWmEB","NsiI.TP453818","10","60332466","","1.1015","G"
"4","Trait5","pKWmEB","PstI.TP1192387","10","60338751","","0.1328","C"
"4","Trait5","pKWmEB","PstI.TP621902","10","60345809","","0.0236","C"
"4","Trait5","pKWmEB","PstI.TP80503","10","60350746","","0.1976","A"
"4","Trait5","pKWmEB","PstI.TP828270","10","60361221","","0.0047","C"
"4","Trait5","pKWmEB","PstI.TP214213","10","60370676","","0.9215","A"
"4","Trait5","pKWmEB","NsiI.TP118177","10","60389528","","0.3174","G"
"4","Trait5","pKWmEB","PstI.TP1097750","10","60426697","","0.5518","A"
"4","Trait5","pKWmEB","PstI.TP1191080","10","60427178","","0.3117","G"
"4","Trait5","pKWmEB","PstI.TP347117","10","60460469","","0.2834","A"
"4","Trait5","pKWmEB","NsiI.TP637025","10","60487236","","0.1231","A"
"4","Trait5","pKWmEB","NsiI.TP679357","10","60492068","","0.7974","A"
"4","Trait5","pKWmEB","PstI.TP133650","10","60497170","","0.2757","G"
"4","Trait5","pKWmEB","NsiI.TP812275","10","60511218","","0.4243","A"
"4","Trait5","pKWmEB","NsiI.TP4616","10","60516686","","0.5591","G"
"4","Trait5","pKWmEB","NsiI.TP808638","10","60530212","","0.0321","C"
"4","Trait5","pKWmEB","NsiI.TP475686","10","60551560","","0.4013","A"
"4","Trait5","pKWmEB","PstI.TP1108784","10","60551645","","0.7647","C"
"4","Trait5","pKWmEB","PstI.TP320330","10","60557051","","0.8642","G"
"4","Trait5","pKWmEB","PstI.TP371722","10","60560620","","0.0793","C"
"4","Trait5","pKWmEB","PstI.TP670245","10","60567000","","0.3795","A"
"4","Trait5","pKWmEB","PstI.TP670583","10","60567004","","0.0168","C"
"4","Trait5","pKWmEB","PstI.TP670242","10","60567027","","0.1612","C"
"4","Trait5","pKWmEB","NsiI.TP631174","10","60575378","","0.6786","A"
"4","Trait5","pKWmEB","PstI.TP131122","10","60582165","","0.6552","C"
"4","Trait5","pKWmEB","NsiI.TP356168","10","60603306","","0.7847","A"
"4","Trait5","pKWmEB","PstI.TP244060","10","60631936","","0.3257","C"
"4","Trait5","pKWmEB","PstI.TP674085","10","60652012","","0.3414","C"
"4","Trait5","pKWmEB","NsiI.TP307455","10","60684596","","0.0547","C"
"4","Trait5","pKWmEB","GFSSContig20549_800","10","60693077","","0.2997","A"
"4","Trait5","pKWmEB","PstI.TP1083462","10","60705978","","0.3235","A"
"4","Trait5","pKWmEB","PstI.TP12981","10","60710836","","0.1772","C"
"4","Trait5","pKWmEB","PstI.TP29798","10","60733525","","0.0056","C"
"4","Trait5","pKWmEB","PstI.TP717975","10","60741952","","0.3523","A"
"4","Trait5","pKWmEB","NsiI.TP727404","10","60764600","","0.2285","A"
"4","Trait5","pKWmEB","PstI.TP742913","10","60764603","","0.0503","A"
"4","Trait5","pKWmEB","NsiI.TP742480","10","60782657","","0.0170","A"
"4","Trait5","pKWmEB","PstI.TP577412","10","60793591","","0.0887","A"
"4","Trait5","pKWmEB","PstI.TP1185018","10","60798067","","0.0207","C"
"4","Trait5","pKWmEB","PstI.TP256734","10","60799113","","0.3472","A"
"4","Trait5","pKWmEB","PstI.TP256738","10","60799162","","0.4899","C"
"4","Trait5","pKWmEB","PstI.TP841513","10","60831378","","0.0456","A"
"4","Trait5","pKWmEB","PstI.TP127981","10","60834836","","1.8144","A"
"4","Trait5","pKWmEB","PstI.TP913689","10","60835984","","0.9936","C"
"4","Trait5","pKWmEB","NsiI.TP665061","10","60841511","","0.0316","C"
"4","Trait5","pKWmEB","PstI.TP942676","10","60847194","","0.1148","C"
"4","Trait5","pKWmEB","PstI.TP1054932","10","60872117","","1.2312","A"
"4","Trait5","pKWmEB","PstI.TP978427","10","60874497","","0.0785","A"
"4","Trait5","pKWmEB","NsiI.TP417585","10","60886468","","0.2490","G"
"4","Trait5","pKWmEB","PstI.TP85647","10","60886778","","0.3382","A"
"4","Trait5","pKWmEB","PstI.TP85651","10","60886806","","0.5759","C"
"4","Trait5","pKWmEB","PstI.TP1114246","10","60920794","","0.2945","A"
"4","Trait5","pKWmEB","PstI.TP833426","10","60924843","","0.5488","A"
"4","Trait5","pKWmEB","NsiI.TP441858","10","60928769","","0.2994","C"
"4","Trait5","pKWmEB","PstI.TP1224944","10","60962010","","0.3537","C"
"4","Trait5","pKWmEB","PstI.TP226277","10","60979471","","1.4118","A"
"4","Trait5","pKWmEB","PstI.TP752700","10","60982018","","0.0540","A"
"4","Trait5","pKWmEB","NsiI.TP701854","10","60982272","","0.0946","C"
"4","Trait5","pKWmEB","PstI.TP16436","10","60984161","","0.4151","C"
"4","Trait5","pKWmEB","PstI.TP457783","10","61002711","","0.2120","C"
"4","Trait5","pKWmEB","PstI.TP878228","10","61021453","","0.1221","A"
"4","Trait5","pKWmEB","NsiI.TP760848","10","61039702","","0.2413","A"
"4","Trait5","pKWmEB","NsiI.TP760847","10","61039739","","0.1105","A"
"4","Trait5","pKWmEB","NsiI.TP445219","10","61039770","","0.2533","C"
"4","Trait5","pKWmEB","PstI.TP496496","10","61042378","","1.1840","C"
"4","Trait5","pKWmEB","NsiI.TP741167","10","61042428","","0.4989","C"
"4","Trait5","pKWmEB","NsiI.TP652838","10","61064369","","0.7733","C"
"4","Trait5","pKWmEB","PstI.TP215024","10","61071521","","0.3870","A"
"4","Trait5","pKWmEB","PstI.TP1229725","10","61072728","","0.1018","C"
"4","Trait5","pKWmEB","PstI.TP25388","10","61086106","","0.3852","C"
"4","Trait5","pKWmEB","PstI.TP574201","10","61087268","","0.2398","A"
"4","Trait5","pKWmEB","PstI.TP386615","10","61090966","","1.1192","A"
"4","Trait5","pKWmEB","PstI.TP237680","10","61114356","","0.5563","G"
"4","Trait5","pKWmEB","PstI.TP1181279","10","61156077","","0.0118","A"
"4","Trait5","pKWmEB","NsiI.TP765657","10","61168589","","0.6002","A"
"4","Trait5","pKWmEB","PstI.TP1087908","10","61172374","","0.2236","A"
"4","Trait5","pKWmEB","PstI.TP1280478","10","61172993","","0.6714","C"
"4","Trait5","pKWmEB","PstI.TP1280479","10","61173000","","1.3509","A"
"4","Trait5","pKWmEB","NsiI.TP515482","10","61193105","","1.1830","C"
"4","Trait5","pKWmEB","PstI.TP736477","10","61193367","","1.7482","C"
"4","Trait5","pKWmEB","PstI.TP1192541","10","61210996","","0.7974","C"
"4","Trait5","pKWmEB","PstI.TP506923","10","61222603","","0.1673","C"
"4","Trait5","pKWmEB","PstI.TP1024760","10","61222672","","1.7076","A"
"4","Trait5","pKWmEB","PstI.TP846605","10","61222842","","0.3952","C"
"4","Trait5","pKWmEB","NsiI.TP277339","10","61223170","","0.5758","G"
"4","Trait5","pKWmEB","PstI.TP111","11","       1","","0.1777","A"
"4","Trait5","pKWmEB","PstI.TP210","11","       2","","0.0955","A"
"4","Trait5","pKWmEB","PstI.TP272","11","       3","","0.4010","A"
"4","Trait5","pKWmEB","PstI.TP309","11","       4","","0.3319","G"
"4","Trait5","pKWmEB","PstI.TP539","11","       5","","0.0992","A"
"4","Trait5","pKWmEB","PstI.TP666","11","       7","","0.0069","A"
"4","Trait5","pKWmEB","PstI.TP784","11","       8","","1.2638","A"
"4","Trait5","pKWmEB","PstI.TP829","11","       9","","0.1382","C"
"4","Trait5","pKWmEB","PstI.TP1061","11","      10","","0.4146","A"
"4","Trait5","pKWmEB","PstI.TP1221","11","      11","","0.8188","A"
"4","Trait5","pKWmEB","PstI.TP1588","11","      12","","0.4816","C"
"4","Trait5","pKWmEB","PstI.TP2175","11","      13","","0.2487","A"
"4","Trait5","pKWmEB","PstI.TP2196","11","      14","","0.4795","A"
"4","Trait5","pKWmEB","PstI.TP2338","11","      15","","1.6665","A"
"4","Trait5","pKWmEB","PstI.TP2513","11","      16","","0.5152","C"
"4","Trait5","pKWmEB","PstI.TP3955","11","      17","","0.2935","A"
"4","Trait5","pKWmEB","PstI.TP4061","11","      18","","0.7789","A"
"4","Trait5","pKWmEB","PstI.TP4553","11","      20","","0.1237","A"
"4","Trait5","pKWmEB","PstI.TP4570","11","      21","","0.0192","C"
"4","Trait5","pKWmEB","PstI.TP4742","11","      22","","1.1901","C"
"4","Trait5","pKWmEB","PstI.TP4743","11","      23","","1.0400","A"
"4","Trait5","pKWmEB","PstI.TP5164","11","      27","","0.0680","C"
"4","Trait5","pKWmEB","PstI.TP5181","11","      28","","0.7589","A"
"4","Trait5","pKWmEB","PstI.TP5327","11","      29","","0.3799","A"
"4","Trait5","pKWmEB","PstI.TP5441","11","      30","","0.1790","A"
"4","Trait5","pKWmEB","PstI.TP5539","11","      31","","0.3227","A"
"4","Trait5","pKWmEB","PstI.TP5619","11","      32","","1.5132","C"
"4","Trait5","pKWmEB","PstI.TP5650","11","      33","","0.2149","A"
"4","Trait5","pKWmEB","PstI.TP5684","11","      34","","0.0779","G"
"4","Trait5","pKWmEB","PstI.TP5857","11","      35","","0.0822","A"
"4","Trait5","pKWmEB","PstI.TP6027","11","      36","","0.0576","A"
"4","Trait5","pKWmEB","PstI.TP6058","11","      37","","2.4904","G"
"4","Trait5","pKWmEB","PstI.TP6191","11","      39","","0.5176","A"
"4","Trait5","pKWmEB","PstI.TP6271","11","      40","","1.3636","A"
"4","Trait5","pKWmEB","PstI.TP6727","11","      44","","0.8985","A"
"4","Trait5","pKWmEB","PstI.TP7100","11","      45","","0.4109","A"
"4","Trait5","pKWmEB","PstI.TP7115","11","      46","","0.3084","A"
"4","Trait5","pKWmEB","PstI.TP7148","11","      48","","0.8057","A"
"4","Trait5","pKWmEB","PstI.TP7355","11","      51","","1.4391","A"
"4","Trait5","pKWmEB","PstI.TP7401","11","      52","","1.3014","C"
"4","Trait5","pKWmEB","PstI.TP7528","11","      53","","0.5437","C"
"4","Trait5","pKWmEB","PstI.TP7533","11","      54","","0.0806","C"
"4","Trait5","pKWmEB","PstI.TP8220","11","      57","","1.0078","C"
"4","Trait5","pKWmEB","PstI.TP8566","11","      58","","0.0355","A"
"4","Trait5","pKWmEB","PstI.TP8667","11","      59","","0.5866","A"
"4","Trait5","pKWmEB","PstI.TP9082","11","      61","","0.2230","A"
"4","Trait5","pKWmEB","PstI.TP9218","11","      63","","0.5561","A"
"4","Trait5","pKWmEB","PstI.TP9255","11","      64","","0.2968","G"
"4","Trait5","pKWmEB","PstI.TP9257","11","      65","","2.8793","A"
"4","Trait5","pKWmEB","PstI.TP9355","11","      66","","0.0460","A"
"4","Trait5","pKWmEB","PstI.TP9509","11","      67","","0.3282","A"
"4","Trait5","pKWmEB","PstI.TP9549","11","      68","","1.4310","A"
"4","Trait5","pKWmEB","PstI.TP9697","11","      69","","0.4317","G"
"4","Trait5","pKWmEB","PstI.TP9732","11","      70","","0.2212","A"
"4","Trait5","pKWmEB","PstI.TP9753","11","      71","","0.3157","A"
"4","Trait5","pKWmEB","PstI.TP9799","11","      72","","0.2649","A"
"4","Trait5","pKWmEB","PstI.TP9838","11","      73","","0.0427","A"
"4","Trait5","pKWmEB","PstI.TP10045","11","      74","","0.0275","C"
"4","Trait5","pKWmEB","PstI.TP10109","11","      75","","0.3897","A"
"4","Trait5","pKWmEB","PstI.TP10237","11","      76","","1.4629","C"
"4","Trait5","pKWmEB","PstI.TP10244","11","      77","","0.0000","A"
"4","Trait5","pKWmEB","PstI.TP10552","11","      79","","1.9661","A"
"4","Trait5","pKWmEB","PstI.TP10553","11","      80","","0.1236","C"
"4","Trait5","pKWmEB","PstI.TP10616","11","      82","","0.1258","A"
"4","Trait5","pKWmEB","PstI.TP10692","11","      83","","0.6361","C"
"4","Trait5","pKWmEB","PstI.TP10820","11","      84","","0.1824","A"
"4","Trait5","pKWmEB","PstI.TP10834","11","      85","","0.8995","A"
"4","Trait5","pKWmEB","PstI.TP10936","11","      87","","0.9558","A"
"4","Trait5","pKWmEB","PstI.TP11042","11","      88","","0.3319","A"
"4","Trait5","pKWmEB","PstI.TP11070","11","      89","","0.3059","A"
"4","Trait5","pKWmEB","PstI.TP11248","11","      90","","0.5161","C"
"4","Trait5","pKWmEB","PstI.TP11786","11","      91","","0.5067","A"
"4","Trait5","pKWmEB","PstI.TP11812","11","      92","","0.8365","A"
"4","Trait5","pKWmEB","PstI.TP11880","11","      93","","0.1448","C"
"4","Trait5","pKWmEB","PstI.TP12300","11","      95","","0.1663","A"
"4","Trait5","pKWmEB","PstI.TP12347","11","      97","","0.0940","A"
"4","Trait5","pKWmEB","PstI.TP12508","11","     100","","0.2627","A"
"4","Trait5","pKWmEB","PstI.TP12521","11","     101","","0.1183","C"
"4","Trait5","pKWmEB","PstI.TP12670","11","     102","","0.3865","C"
"4","Trait5","pKWmEB","PstI.TP12718","11","     103","","0.2982","A"
"4","Trait5","pKWmEB","PstI.TP12767","11","     104","","0.4013","C"
"4","Trait5","pKWmEB","PstI.TP12783","11","     105","","0.3583","A"
"4","Trait5","pKWmEB","PstI.TP13205","11","     107","","0.0474","C"
"4","Trait5","pKWmEB","PstI.TP13311","11","     108","","0.3825","A"
"4","Trait5","pKWmEB","PstI.TP13330","11","     109","","0.0018","C"
"4","Trait5","pKWmEB","PstI.TP13397","11","     111","","0.1469","A"
"4","Trait5","pKWmEB","PstI.TP13436","11","     112","","1.2917","A"
"4","Trait5","pKWmEB","PstI.TP13618","11","     114","","0.1612","A"
"4","Trait5","pKWmEB","PstI.TP13656","11","     115","","0.8218","A"
"4","Trait5","pKWmEB","PstI.TP14048","11","     117","","0.0590","C"
"4","Trait5","pKWmEB","PstI.TP14094","11","     118","","0.0116","A"
"4","Trait5","pKWmEB","PstI.TP14296","11","     119","","0.2759","A"
"4","Trait5","pKWmEB","PstI.TP14413","11","     120","","0.3903","C"
"4","Trait5","pKWmEB","PstI.TP14788","11","     121","","0.0586","C"
"4","Trait5","pKWmEB","PstI.TP14886","11","     122","","0.2953","A"
"4","Trait5","pKWmEB","PstI.TP15613","11","     123","","0.7069","A"
"4","Trait5","pKWmEB","PstI.TP15637","11","     124","","0.2349","C"
"4","Trait5","pKWmEB","PstI.TP15646","11","     125","","0.4621","C"
"4","Trait5","pKWmEB","PstI.TP15787","11","     126","","0.0793","A"
"4","Trait5","pKWmEB","PstI.TP15873","11","     127","","0.2239","A"
"4","Trait5","pKWmEB","PstI.TP15960","11","     128","","0.1067","C"
"4","Trait5","pKWmEB","PstI.TP16079","11","     129","","0.3702","C"
"4","Trait5","pKWmEB","PstI.TP16284","11","     131","","0.0780","C"
"4","Trait5","pKWmEB","PstI.TP16372","11","     132","","0.1404","C"
"4","Trait5","pKWmEB","PstI.TP17045","11","     135","","0.2181","C"
"4","Trait5","pKWmEB","PstI.TP17575","11","     139","","1.5545","A"
"4","Trait5","pKWmEB","PstI.TP17606","11","     140","","0.0577","A"
"4","Trait5","pKWmEB","PstI.TP17717","11","     141","","0.3283","C"
"4","Trait5","pKWmEB","PstI.TP17972","11","     142","","0.3713","C"
"4","Trait5","pKWmEB","PstI.TP18291","11","     143","","1.1540","C"
"4","Trait5","pKWmEB","PstI.TP18454","11","     144","","0.7464","A"
"4","Trait5","pKWmEB","PstI.TP18541","11","     146","","0.0842","C"
"4","Trait5","pKWmEB","PstI.TP18563","11","     147","","0.2746","C"
"4","Trait5","pKWmEB","PstI.TP18565","11","     148","","0.3148","A"
"4","Trait5","pKWmEB","PstI.TP18569","11","     149","","0.0513","A"
"4","Trait5","pKWmEB","PstI.TP18605","11","     150","","0.2925","A"
"4","Trait5","pKWmEB","PstI.TP19123","11","     154","","0.5147","A"
"4","Trait5","pKWmEB","PstI.TP19142","11","     155","","1.5735","G"
"4","Trait5","pKWmEB","PstI.TP19319","11","     156","","0.1378","A"
"4","Trait5","pKWmEB","PstI.TP19553","11","     157","","0.7439","A"
"4","Trait5","pKWmEB","PstI.TP19921","11","     159","","0.2054","A"
"4","Trait5","pKWmEB","PstI.TP20208","11","     161","","0.4122","C"
"4","Trait5","pKWmEB","PstI.TP20357","11","     163","","0.7208","C"
"4","Trait5","pKWmEB","PstI.TP20884","11","     164","","0.4114","A"
"4","Trait5","pKWmEB","PstI.TP20955","11","     166","","0.0959","A"
"4","Trait5","pKWmEB","PstI.TP21082","11","     167","","0.7280","A"
"4","Trait5","pKWmEB","PstI.TP21121","11","     168","","0.0942","C"
"4","Trait5","pKWmEB","PstI.TP21349","11","     169","","0.0572","C"
"4","Trait5","pKWmEB","PstI.TP21379","11","     170","","0.1490","A"
"4","Trait5","pKWmEB","PstI.TP21423","11","     171","","0.1844","A"
"4","Trait5","pKWmEB","PstI.TP21438","11","     172","","1.0756","A"
"4","Trait5","pKWmEB","PstI.TP21461","11","     173","","0.7554","C"
"4","Trait5","pKWmEB","PstI.TP21462","11","     174","","0.1135","C"
"4","Trait5","pKWmEB","PstI.TP21734","11","     175","","0.7120","A"
"4","Trait5","pKWmEB","PstI.TP22085","11","     177","","0.2552","C"
"4","Trait5","pKWmEB","PstI.TP22169","11","     180","","0.0836","A"
"4","Trait5","pKWmEB","PstI.TP22403","11","     181","","0.5021","C"
"4","Trait5","pKWmEB","PstI.TP22528","11","     182","","0.0000","A"
"4","Trait5","pKWmEB","PstI.TP22620","11","     184","","0.1641","A"
"4","Trait5","pKWmEB","PstI.TP22949","11","     185","","1.4998","A"
"4","Trait5","pKWmEB","PstI.TP23524","11","     187","","0.4008","A"
"4","Trait5","pKWmEB","PstI.TP23658","11","     188","","0.3869","C"
"4","Trait5","pKWmEB","PstI.TP24758","11","     189","","0.0165","A"
"4","Trait5","pKWmEB","PstI.TP24775","11","     190","","0.0317","C"
"4","Trait5","pKWmEB","PstI.TP24783","11","     191","","0.1917","A"
"4","Trait5","pKWmEB","PstI.TP25058","11","     192","","0.2409","A"
"4","Trait5","pKWmEB","PstI.TP25085","11","     193","","0.2379","A"
"4","Trait5","pKWmEB","PstI.TP25268","11","     194","","1.1715","G"
"4","Trait5","pKWmEB","PstI.TP25408","11","     196","","0.2430","C"
"4","Trait5","pKWmEB","PstI.TP25471","11","     197","","0.5700","C"
"4","Trait5","pKWmEB","PstI.TP25647","11","     198","","0.2072","C"
"4","Trait5","pKWmEB","PstI.TP25651","11","     199","","2.3226","C"
"4","Trait5","pKWmEB","PstI.TP25993","11","     202","","0.0027","A"
"4","Trait5","pKWmEB","PstI.TP26012","11","     203","","0.1231","A"
"4","Trait5","pKWmEB","PstI.TP26112","11","     204","","0.8172","C"
"4","Trait5","pKWmEB","PstI.TP26586","11","     205","","0.4570","C"
"4","Trait5","pKWmEB","PstI.TP26727","11","     206","","0.2654","C"
"4","Trait5","pKWmEB","PstI.TP26837","11","     207","","0.3355","C"
"4","Trait5","pKWmEB","PstI.TP27140","11","     208","","1.9625","C"
"4","Trait5","pKWmEB","PstI.TP27310","11","     209","","0.1797","C"
"4","Trait5","pKWmEB","PstI.TP27334","11","     210","","0.0793","A"
"4","Trait5","pKWmEB","PstI.TP27379","11","     211","","1.1789","G"
"4","Trait5","pKWmEB","PstI.TP27888","11","     213","","0.6649","C"
"4","Trait5","pKWmEB","PstI.TP27950","11","     214","","0.2722","A"
"4","Trait5","pKWmEB","PstI.TP27966","11","     215","","1.1120","A"
"4","Trait5","pKWmEB","PstI.TP28147","11","     216","","1.0838","C"
"4","Trait5","pKWmEB","PstI.TP28325","11","     217","","1.4901","A"
"4","Trait5","pKWmEB","PstI.TP28921","11","     220","","0.3760","C"
"4","Trait5","pKWmEB","PstI.TP28935","11","     221","","0.5810","A"
"4","Trait5","pKWmEB","PstI.TP28989","11","     222","","0.3688","C"
"4","Trait5","pKWmEB","PstI.TP29226","11","     224","","0.4905","A"
"4","Trait5","pKWmEB","PstI.TP29253","11","     225","","0.0350","C"
"4","Trait5","pKWmEB","PstI.TP29269","11","     226","","0.0129","A"
"4","Trait5","pKWmEB","PstI.TP29396","11","     227","","0.1868","G"
"4","Trait5","pKWmEB","PstI.TP29402","11","     228","","0.1019","C"
"4","Trait5","pKWmEB","PstI.TP29599","11","     229","","0.3903","A"
"4","Trait5","pKWmEB","PstI.TP29818","11","     230","","0.0248","C"
"4","Trait5","pKWmEB","PstI.TP29837","11","     231","","0.5446","C"
"4","Trait5","pKWmEB","PstI.TP30419","11","     232","","0.8109","A"
"4","Trait5","pKWmEB","PstI.TP30427","11","     233","","0.3803","A"
"4","Trait5","pKWmEB","PstI.TP30564","11","     234","","0.5185","C"
"4","Trait5","pKWmEB","PstI.TP30682","11","     236","","0.8168","C"
"4","Trait5","pKWmEB","PstI.TP30726","11","     237","","0.0506","C"
"4","Trait5","pKWmEB","PstI.TP30835","11","     238","","0.2781","A"
"4","Trait5","pKWmEB","PstI.TP30853","11","     239","","0.5936","C"
"4","Trait5","pKWmEB","PstI.TP31022","11","     240","","0.0683","C"
"4","Trait5","pKWmEB","PstI.TP31023","11","     241","","0.0324","C"
"4","Trait5","pKWmEB","PstI.TP31141","11","     242","","0.9160","A"
"4","Trait5","pKWmEB","PstI.TP31208","11","     245","","0.4717","A"
"4","Trait5","pKWmEB","PstI.TP31333","11","     246","","0.0551","A"
"4","Trait5","pKWmEB","PstI.TP31615","11","     248","","0.5895","A"
"4","Trait5","pKWmEB","PstI.TP31637","11","     249","","0.3914","C"
"4","Trait5","pKWmEB","PstI.TP31685","11","     250","","0.0275","C"
"4","Trait5","pKWmEB","PstI.TP31817","11","     252","","0.4745","C"
"4","Trait5","pKWmEB","PstI.TP31819","11","     253","","0.0124","A"
"4","Trait5","pKWmEB","PstI.TP31823","11","     254","","0.9555","A"
"4","Trait5","pKWmEB","PstI.TP31825","11","     255","","0.2245","C"
"4","Trait5","pKWmEB","PstI.TP31859","11","     256","","0.0277","A"
"4","Trait5","pKWmEB","PstI.TP31891","11","     258","","0.3446","A"
"4","Trait5","pKWmEB","PstI.TP31983","11","     259","","0.2378","C"
"4","Trait5","pKWmEB","PstI.TP32026","11","     260","","1.7246","A"
"4","Trait5","pKWmEB","PstI.TP32146","11","     261","","0.4210","A"
"4","Trait5","pKWmEB","PstI.TP32321","11","     262","","0.0489","C"
"4","Trait5","pKWmEB","PstI.TP32343","11","     263","","0.8815","C"
"4","Trait5","pKWmEB","PstI.TP32347","11","     264","","0.0358","A"
"4","Trait5","pKWmEB","PstI.TP32390","11","     265","","0.2393","A"
"4","Trait5","pKWmEB","PstI.TP32559","11","     269","","0.1458","G"
"4","Trait5","pKWmEB","PstI.TP33156","11","     271","","0.0228","A"
"4","Trait5","pKWmEB","PstI.TP33340","11","     272","","0.6884","G"
"4","Trait5","pKWmEB","PstI.TP33885","11","     274","","0.6380","A"
"4","Trait5","pKWmEB","PstI.TP33944","11","     276","","1.3355","C"
"4","Trait5","pKWmEB","PstI.TP34246","11","     277","","0.0271","A"
"4","Trait5","pKWmEB","PstI.TP34324","11","     278","","1.4751","C"
"4","Trait5","pKWmEB","PstI.TP34509","11","     279","","0.6380","A"
"4","Trait5","pKWmEB","PstI.TP34662","11","     281","","0.1327","C"
"4","Trait5","pKWmEB","PstI.TP34873","11","     284","","1.3433","A"
"4","Trait5","pKWmEB","PstI.TP34986","11","     286","","0.8136","C"
"4","Trait5","pKWmEB","PstI.TP35024","11","     287","","0.5841","A"
"4","Trait5","pKWmEB","PstI.TP35050","11","     288","","0.2166","A"
"4","Trait5","pKWmEB","PstI.TP35103","11","     289","","0.3385","A"
"4","Trait5","pKWmEB","PstI.TP35152","11","     290","","0.2186","G"
"4","Trait5","pKWmEB","PstI.TP35356","11","     291","","0.8288","C"
"4","Trait5","pKWmEB","PstI.TP35420","11","     292","","0.3465","C"
"4","Trait5","pKWmEB","PstI.TP35504","11","     294","","0.1076","A"
"4","Trait5","pKWmEB","PstI.TP35555","11","     295","","0.2103","A"
"4","Trait5","pKWmEB","PstI.TP35952","11","     297","","0.0659","A"
"4","Trait5","pKWmEB","PstI.TP36125","11","     299","","1.0412","C"
"4","Trait5","pKWmEB","PstI.TP36138","11","     300","","2.4577","A"
"4","Trait5","pKWmEB","PstI.TP36509","11","     303","","0.8992","G"
"4","Trait5","pKWmEB","PstI.TP37052","11","     304","","1.0699","A"
"4","Trait5","pKWmEB","PstI.TP37228","11","     305","","0.1609","C"
"4","Trait5","pKWmEB","PstI.TP37787","11","     308","","1.0747","A"
"4","Trait5","pKWmEB","PstI.TP37827","11","     309","","0.2064","A"
"4","Trait5","pKWmEB","PstI.TP37942","11","     310","","0.8707","A"
"4","Trait5","pKWmEB","PstI.TP38016","11","     311","","0.7074","A"
"4","Trait5","pKWmEB","PstI.TP38223","11","     313","","0.2706","C"
"4","Trait5","pKWmEB","PstI.TP38518","11","     314","","1.5283","C"
"4","Trait5","pKWmEB","PstI.TP38637","11","     315","","0.2885","C"
"4","Trait5","pKWmEB","PstI.TP38676","11","     316","","0.2260","C"
"4","Trait5","pKWmEB","PstI.TP38773","11","     317","","0.0860","C"
"4","Trait5","pKWmEB","PstI.TP38986","11","     318","","1.1043","G"
"4","Trait5","pKWmEB","PstI.TP39150","11","     319","","0.5904","A"
"4","Trait5","pKWmEB","PstI.TP39378","11","     320","","0.1993","A"
"4","Trait5","pKWmEB","PstI.TP39647","11","     322","","0.2947","A"
"4","Trait5","pKWmEB","PstI.TP39660","11","     323","","0.1035","C"
"4","Trait5","pKWmEB","PstI.TP39687","11","     324","","1.6921","A"
"4","Trait5","pKWmEB","PstI.TP39688","11","     325","","0.3653","A"
"4","Trait5","pKWmEB","PstI.TP39730","11","     326","","1.6613","C"
"4","Trait5","pKWmEB","PstI.TP39747","11","     327","","1.1216","A"
"4","Trait5","pKWmEB","PstI.TP39987","11","     329","","1.0208","A"
"4","Trait5","pKWmEB","PstI.TP40026","11","     331","","1.2489","C"
"4","Trait5","pKWmEB","PstI.TP40045","11","     332","","0.6029","G"
"4","Trait5","pKWmEB","PstI.TP40244","11","     333","","0.6377","A"
"4","Trait5","pKWmEB","PstI.TP40292","11","     334","","0.2146","A"
"4","Trait5","pKWmEB","PstI.TP40306","11","     335","","0.0923","C"
"4","Trait5","pKWmEB","PstI.TP40328","11","     336","","0.6270","A"
"4","Trait5","pKWmEB","PstI.TP40393","11","     337","","0.0158","C"
"4","Trait5","pKWmEB","PstI.TP40429","11","     338","","0.2328","C"
"4","Trait5","pKWmEB","PstI.TP40627","11","     339","","0.0223","A"
"4","Trait5","pKWmEB","PstI.TP40631","11","     340","","0.0071","A"
"4","Trait5","pKWmEB","PstI.TP40658","11","     341","","0.2321","G"
"4","Trait5","pKWmEB","PstI.TP40792","11","     342","","0.3598","A"
"4","Trait5","pKWmEB","PstI.TP40916","11","     343","","0.1602","G"
"4","Trait5","pKWmEB","PstI.TP40922","11","     344","","0.4278","C"
"4","Trait5","pKWmEB","PstI.TP40961","11","     345","","0.4963","A"
"4","Trait5","pKWmEB","PstI.TP41180","11","     346","","0.1839","A"
"4","Trait5","pKWmEB","PstI.TP41285","11","     347","","0.3885","A"
"4","Trait5","pKWmEB","PstI.TP41409","11","     351","","0.3951","A"
"4","Trait5","pKWmEB","PstI.TP42106","11","     352","","0.1037","A"
"4","Trait5","pKWmEB","PstI.TP42146","11","     353","","0.4152","A"
"4","Trait5","pKWmEB","PstI.TP42350","11","     354","","0.4080","C"
"4","Trait5","pKWmEB","PstI.TP42492","11","     355","","0.6292","A"
"4","Trait5","pKWmEB","PstI.TP42722","11","     357","","0.1333","C"
"4","Trait5","pKWmEB","PstI.TP42776","11","     358","","0.7647","A"
"4","Trait5","pKWmEB","PstI.TP43003","11","     359","","0.0700","A"
"4","Trait5","pKWmEB","PstI.TP43258","11","     361","","0.7414","C"
"4","Trait5","pKWmEB","PstI.TP43277","11","     362","","0.0595","C"
"4","Trait5","pKWmEB","PstI.TP43328","11","     363","","1.0565","A"
"4","Trait5","pKWmEB","PstI.TP43758","11","     364","","1.1373","C"
"4","Trait5","pKWmEB","PstI.TP43876","11","     365","","0.0830","A"
"4","Trait5","pKWmEB","PstI.TP43916","11","     366","","0.0056","A"
"4","Trait5","pKWmEB","PstI.TP43957","11","     367","","1.9960","A"
"4","Trait5","pKWmEB","PstI.TP44013","11","     368","","0.2613","C"
"4","Trait5","pKWmEB","PstI.TP44035","11","     369","","0.6930","C"
"4","Trait5","pKWmEB","PstI.TP44111","11","     370","","0.4235","A"
"4","Trait5","pKWmEB","PstI.TP44229","11","     371","","0.4638","A"
"4","Trait5","pKWmEB","PstI.TP44270","11","     372","","0.0554","A"
"4","Trait5","pKWmEB","PstI.TP44345","11","     373","","1.5481","A"
"4","Trait5","pKWmEB","PstI.TP44418","11","     374","","1.2315","A"
"4","Trait5","pKWmEB","PstI.TP44423","11","     375","","0.0549","C"
"4","Trait5","pKWmEB","PstI.TP44448","11","     377","","0.1737","A"
"4","Trait5","pKWmEB","PstI.TP44531","11","     378","","0.6325","C"
"4","Trait5","pKWmEB","PstI.TP44533","11","     379","","0.4566","A"
"4","Trait5","pKWmEB","PstI.TP44763","11","     380","","0.5206","A"
"4","Trait5","pKWmEB","PstI.TP44802","11","     381","","0.4684","C"
"4","Trait5","pKWmEB","PstI.TP44840","11","     382","","0.2033","C"
"4","Trait5","pKWmEB","PstI.TP44900","11","     383","","0.5950","A"
"4","Trait5","pKWmEB","PstI.TP44998","11","     384","","0.1899","A"
"4","Trait5","pKWmEB","PstI.TP45154","11","     386","","0.3418","C"
"4","Trait5","pKWmEB","PstI.TP45584","11","     388","","0.4277","A"
"4","Trait5","pKWmEB","PstI.TP45703","11","     389","","0.7688","A"
"4","Trait5","pKWmEB","PstI.TP45791","11","     391","","0.1746","A"
"4","Trait5","pKWmEB","PstI.TP46032","11","     392","","1.0416","A"
"4","Trait5","pKWmEB","PstI.TP46107","11","     393","","0.4740","A"
"4","Trait5","pKWmEB","PstI.TP46166","11","     394","","0.6374","A"
"4","Trait5","pKWmEB","PstI.TP46177","11","     395","","0.2846","A"
"4","Trait5","pKWmEB","PstI.TP46411","11","     396","","1.1056","A"
"4","Trait5","pKWmEB","PstI.TP46444","11","     397","","0.5139","C"
"4","Trait5","pKWmEB","PstI.TP46457","11","     398","","0.9163","G"
"4","Trait5","pKWmEB","PstI.TP47013","11","     400","","0.5186","C"
"4","Trait5","pKWmEB","PstI.TP47302","11","     401","","0.5274","C"
"4","Trait5","pKWmEB","PstI.TP47357","11","     402","","0.6447","A"
"4","Trait5","pKWmEB","PstI.TP47389","11","     403","","0.0271","A"
"4","Trait5","pKWmEB","PstI.TP47535","11","     404","","1.6423","C"
"4","Trait5","pKWmEB","PstI.TP47669","11","     405","","1.2941","C"
"4","Trait5","pKWmEB","PstI.TP47743","11","     406","","0.1670","G"
"4","Trait5","pKWmEB","PstI.TP47808","11","     407","","0.2960","A"
"4","Trait5","pKWmEB","PstI.TP47847","11","     408","","0.3262","A"
"4","Trait5","pKWmEB","PstI.TP48113","11","     409","","0.6806","C"
"4","Trait5","pKWmEB","PstI.TP48643","11","     411","","0.2480","A"
"4","Trait5","pKWmEB","PstI.TP48991","11","     412","","0.5905","C"
"4","Trait5","pKWmEB","PstI.TP49184","11","     415","","0.4648","A"
"4","Trait5","pKWmEB","PstI.TP49186","11","     416","","1.2911","C"
"4","Trait5","pKWmEB","PstI.TP49713","11","     419","","0.6133","A"
"4","Trait5","pKWmEB","PstI.TP49822","11","     420","","0.3557","A"
"4","Trait5","pKWmEB","PstI.TP49894","11","     421","","1.3980","A"
"4","Trait5","pKWmEB","PstI.TP49907","11","     422","","0.2152","C"
"4","Trait5","pKWmEB","PstI.TP49984","11","     423","","1.1601","A"
"4","Trait5","pKWmEB","PstI.TP50012","11","     424","","0.0997","A"
"4","Trait5","pKWmEB","PstI.TP50033","11","     425","","0.1927","A"
"4","Trait5","pKWmEB","PstI.TP50363","11","     426","","0.0561","A"
"4","Trait5","pKWmEB","PstI.TP50381","11","     427","","0.2340","C"
"4","Trait5","pKWmEB","PstI.TP50401","11","     428","","0.1416","A"
"4","Trait5","pKWmEB","PstI.TP51079","11","     429","","0.6166","A"
"4","Trait5","pKWmEB","PstI.TP51242","11","     430","","0.5660","A"
"4","Trait5","pKWmEB","PstI.TP51380","11","     431","","0.9610","A"
"4","Trait5","pKWmEB","PstI.TP51875","11","     432","","0.5460","A"
"4","Trait5","pKWmEB","PstI.TP51884","11","     433","","0.0132","G"
"4","Trait5","pKWmEB","PstI.TP51908","11","     435","","1.3233","A"
"4","Trait5","pKWmEB","PstI.TP51961","11","     436","","0.5327","A"
"4","Trait5","pKWmEB","PstI.TP52604","11","     438","","0.5274","A"
"4","Trait5","pKWmEB","PstI.TP52673","11","     440","","0.9896","G"
"4","Trait5","pKWmEB","PstI.TP52862","11","     441","","0.0283","G"
"4","Trait5","pKWmEB","PstI.TP53451","11","     444","","0.0341","A"
"4","Trait5","pKWmEB","PstI.TP53843","11","     446","","0.0603","C"
"4","Trait5","pKWmEB","PstI.TP53914","11","     447","","0.0534","A"
"4","Trait5","pKWmEB","PstI.TP53971","11","     448","","0.6525","C"
"4","Trait5","pKWmEB","PstI.TP54033","11","     449","","0.6117","A"
"4","Trait5","pKWmEB","PstI.TP54176","11","     450","","0.5562","A"
"4","Trait5","pKWmEB","PstI.TP54210","11","     451","","0.2077","A"
"4","Trait5","pKWmEB","PstI.TP54585","11","     452","","0.2484","A"
"4","Trait5","pKWmEB","PstI.TP54669","11","     453","","0.3410","A"
"4","Trait5","pKWmEB","PstI.TP54867","11","     454","","0.0275","A"
"4","Trait5","pKWmEB","PstI.TP55209","11","     456","","0.6291","C"
"4","Trait5","pKWmEB","PstI.TP55312","11","     458","","0.1267","C"
"4","Trait5","pKWmEB","PstI.TP55348","11","     459","","0.0299","A"
"4","Trait5","pKWmEB","PstI.TP55565","11","     461","","0.8985","A"
"4","Trait5","pKWmEB","PstI.TP55683","11","     463","","1.4830","C"
"4","Trait5","pKWmEB","PstI.TP55750","11","     464","","0.4955","A"
"4","Trait5","pKWmEB","PstI.TP55771","11","     465","","0.2366","A"
"4","Trait5","pKWmEB","PstI.TP55781","11","     466","","3.1880","A"
"4","Trait5","pKWmEB","PstI.TP55980","11","     467","","1.0777","A"
"4","Trait5","pKWmEB","PstI.TP56268","11","     469","","0.2605","A"
"4","Trait5","pKWmEB","PstI.TP56651","11","     470","","0.0292","C"
"4","Trait5","pKWmEB","PstI.TP56692","11","     471","","0.3220","C"
"4","Trait5","pKWmEB","PstI.TP56825","11","     472","","0.3550","A"
"4","Trait5","pKWmEB","PstI.TP57121","11","     475","","0.1511","C"
"4","Trait5","pKWmEB","PstI.TP57427","11","     477","","1.7713","C"
"4","Trait5","pKWmEB","PstI.TP57493","11","     478","","0.1815","A"
"4","Trait5","pKWmEB","PstI.TP57859","11","     479","","0.4476","A"
"4","Trait5","pKWmEB","PstI.TP57980","11","     481","","1.1238","A"
"4","Trait5","pKWmEB","PstI.TP58050","11","     483","","0.1131","A"
"4","Trait5","pKWmEB","PstI.TP58051","11","     484","","0.6063","C"
"4","Trait5","pKWmEB","PstI.TP58088","11","     485","","0.1258","G"
"4","Trait5","pKWmEB","PstI.TP58373","11","     486","","0.0897","C"
"4","Trait5","pKWmEB","PstI.TP58429","11","     488","","0.2982","C"
"4","Trait5","pKWmEB","PstI.TP58464","11","     489","","0.0762","C"
"4","Trait5","pKWmEB","PstI.TP58484","11","     490","","3.3645","C"
"4","Trait5","pKWmEB","PstI.TP58505","11","     491","","0.0610","C"
"4","Trait5","pKWmEB","PstI.TP58732","11","     494","","0.5423","A"
"4","Trait5","pKWmEB","PstI.TP58821","11","     495","","0.4756","A"
"4","Trait5","pKWmEB","PstI.TP58885","11","     496","","0.4754","A"
"4","Trait5","pKWmEB","PstI.TP58916","11","     497","","0.1582","C"
"4","Trait5","pKWmEB","PstI.TP58942","11","     498","","0.2267","C"
"4","Trait5","pKWmEB","PstI.TP58986","11","     499","","0.0647","A"
"4","Trait5","pKWmEB","PstI.TP58992","11","     500","","0.0264","C"
"4","Trait5","pKWmEB","PstI.TP59340","11","     501","","0.2261","C"
"4","Trait5","pKWmEB","PstI.TP59530","11","     503","","0.8688","G"
"4","Trait5","pKWmEB","PstI.TP59564","11","     504","","0.2281","C"
"4","Trait5","pKWmEB","PstI.TP60187","11","     505","","0.7058","A"
"4","Trait5","pKWmEB","PstI.TP60231","11","     506","","1.1180","A"
"4","Trait5","pKWmEB","PstI.TP60254","11","     507","","0.0700","C"
"4","Trait5","pKWmEB","PstI.TP60269","11","     509","","0.8619","A"
"4","Trait5","pKWmEB","PstI.TP60536","11","     511","","0.5368","A"
"4","Trait5","pKWmEB","PstI.TP60784","11","     512","","0.7754","A"
"4","Trait5","pKWmEB","PstI.TP61032","11","     513","","0.2510","A"
"4","Trait5","pKWmEB","PstI.TP61828","11","     514","","0.1755","A"
"4","Trait5","pKWmEB","PstI.TP61862","11","     515","","0.9580","A"
"4","Trait5","pKWmEB","PstI.TP62314","11","     516","","1.0521","A"
"4","Trait5","pKWmEB","PstI.TP62388","11","     517","","0.0202","G"
"4","Trait5","pKWmEB","PstI.TP62509","11","     518","","0.0182","C"
"4","Trait5","pKWmEB","PstI.TP62536","11","     519","","0.1326","A"
"4","Trait5","pKWmEB","PstI.TP62942","11","     520","","0.4498","A"
"4","Trait5","pKWmEB","PstI.TP62962","11","     521","","0.0534","C"
"4","Trait5","pKWmEB","PstI.TP63272","11","     523","","0.1963","C"
"4","Trait5","pKWmEB","PstI.TP63310","11","     524","","0.0223","A"
"4","Trait5","pKWmEB","PstI.TP63317","11","     525","","1.0612","A"
"4","Trait5","pKWmEB","PstI.TP63489","11","     526","","0.3853","C"
"4","Trait5","pKWmEB","PstI.TP63542","11","     527","","0.4505","A"
"4","Trait5","pKWmEB","PstI.TP63642","11","     528","","0.0720","G"
"4","Trait5","pKWmEB","PstI.TP63666","11","     529","","0.8548","C"
"4","Trait5","pKWmEB","PstI.TP63668","11","     530","","0.4519","C"
"4","Trait5","pKWmEB","PstI.TP63829","11","     533","","0.3823","A"
"4","Trait5","pKWmEB","PstI.TP63995","11","     534","","0.4191","C"
"4","Trait5","pKWmEB","PstI.TP64172","11","     535","","0.2560","A"
"4","Trait5","pKWmEB","PstI.TP64227","11","     536","","0.2604","A"
"4","Trait5","pKWmEB","PstI.TP64429","11","     538","","0.9451","C"
"4","Trait5","pKWmEB","PstI.TP64433","11","     539","","0.0712","C"
"4","Trait5","pKWmEB","PstI.TP64469","11","     540","","0.4350","G"
"4","Trait5","pKWmEB","PstI.TP64879","11","     542","","0.0095","A"
"4","Trait5","pKWmEB","PstI.TP65492","11","     545","","0.3530","A"
"4","Trait5","pKWmEB","PstI.TP65497","11","     546","","0.3820","G"
"4","Trait5","pKWmEB","PstI.TP65501","11","     547","","0.3799","C"
"4","Trait5","pKWmEB","PstI.TP65832","11","     549","","0.4231","C"
"4","Trait5","pKWmEB","PstI.TP65972","11","     551","","0.2480","A"
"4","Trait5","pKWmEB","PstI.TP66164","11","     552","","0.6073","C"
"4","Trait5","pKWmEB","PstI.TP66363","11","     553","","1.1893","G"
"4","Trait5","pKWmEB","PstI.TP66685","11","     555","","0.5698","A"
"4","Trait5","pKWmEB","PstI.TP66732","11","     556","","0.0456","A"
"4","Trait5","pKWmEB","PstI.TP67429","11","     559","","0.5760","A"
"4","Trait5","pKWmEB","PstI.TP67512","11","     560","","0.0260","A"
"4","Trait5","pKWmEB","PstI.TP67547","11","     561","","0.0331","A"
"4","Trait5","pKWmEB","PstI.TP67899","11","     562","","0.2475","G"
"4","Trait5","pKWmEB","PstI.TP67917","11","     563","","0.5939","A"
"4","Trait5","pKWmEB","PstI.TP68052","11","     564","","1.0814","C"
"4","Trait5","pKWmEB","PstI.TP68263","11","     567","","0.3667","G"
"4","Trait5","pKWmEB","PstI.TP68287","11","     568","","0.7792","A"
"4","Trait5","pKWmEB","PstI.TP68441","11","     569","","0.0044","C"
"4","Trait5","pKWmEB","PstI.TP68751","11","     570","","0.8719","A"
"4","Trait5","pKWmEB","PstI.TP68889","11","     571","","1.1309","A"
"4","Trait5","pKWmEB","PstI.TP68941","11","     572","","0.4103","A"
"4","Trait5","pKWmEB","PstI.TP68960","11","     573","","0.7647","C"
"4","Trait5","pKWmEB","PstI.TP69104","11","     574","","3.9002","C"
"4","Trait5","pKWmEB","PstI.TP69359","11","     575","","0.7312","A"
"4","Trait5","pKWmEB","PstI.TP69372","11","     576","","0.8375","A"
"4","Trait5","pKWmEB","PstI.TP69394","11","     577","","0.0960","A"
"4","Trait5","pKWmEB","PstI.TP69454","11","     578","","0.1128","A"
"4","Trait5","pKWmEB","PstI.TP69599","11","     579","","0.1298","C"
"4","Trait5","pKWmEB","PstI.TP69938","11","     581","","0.2048","A"
"4","Trait5","pKWmEB","PstI.TP69950","11","     582","","0.2338","G"
"4","Trait5","pKWmEB","PstI.TP70244","11","     585","","0.0136","C"
"4","Trait5","pKWmEB","PstI.TP70359","11","     586","","0.6776","C"
"4","Trait5","pKWmEB","PstI.TP70371","11","     587","","0.1181","C"
"4","Trait5","pKWmEB","PstI.TP70597","11","     588","","0.6010","C"
"4","Trait5","pKWmEB","PstI.TP70963","11","     591","","0.3461","A"
"4","Trait5","pKWmEB","PstI.TP71003","11","     592","","0.8029","C"
"4","Trait5","pKWmEB","PstI.TP71008","11","     593","","0.2220","A"
"4","Trait5","pKWmEB","PstI.TP71096","11","     594","","0.9146","A"
"4","Trait5","pKWmEB","PstI.TP71382","11","     596","","0.2101","A"
"4","Trait5","pKWmEB","PstI.TP71449","11","     597","","0.0023","A"
"4","Trait5","pKWmEB","PstI.TP71572","11","     598","","1.9688","C"
"4","Trait5","pKWmEB","PstI.TP71579","11","     599","","0.3861","A"
"4","Trait5","pKWmEB","PstI.TP71771","11","     600","","0.1191","C"
"4","Trait5","pKWmEB","PstI.TP71775","11","     601","","0.3710","A"
"4","Trait5","pKWmEB","PstI.TP71879","11","     602","","0.4668","C"
"4","Trait5","pKWmEB","PstI.TP71893","11","     603","","0.0430","A"
"4","Trait5","pKWmEB","PstI.TP71937","11","     604","","0.1764","A"
"4","Trait5","pKWmEB","PstI.TP71951","11","     605","","0.3430","A"
"4","Trait5","pKWmEB","PstI.TP72046","11","     607","","0.0715","C"
"4","Trait5","pKWmEB","PstI.TP72235","11","     608","","0.0736","A"
"4","Trait5","pKWmEB","PstI.TP72398","11","     609","","0.7459","A"
"4","Trait5","pKWmEB","PstI.TP72590","11","     610","","0.0654","C"
"4","Trait5","pKWmEB","PstI.TP72608","11","     612","","0.1733","A"
"4","Trait5","pKWmEB","PstI.TP72613","11","     613","","0.2266","G"
"4","Trait5","pKWmEB","PstI.TP72798","11","     614","","0.0602","G"
"4","Trait5","pKWmEB","PstI.TP73126","11","     615","","0.0159","C"
"4","Trait5","pKWmEB","PstI.TP73560","11","     616","","0.1947","C"
"4","Trait5","pKWmEB","PstI.TP73665","11","     618","","0.3558","C"
"4","Trait5","pKWmEB","PstI.TP73777","11","     620","","0.0548","C"
"4","Trait5","pKWmEB","PstI.TP73847","11","     621","","0.5033","C"
"4","Trait5","pKWmEB","PstI.TP73916","11","     622","","0.6091","C"
"4","Trait5","pKWmEB","PstI.TP74242","11","     623","","0.7287","C"
"4","Trait5","pKWmEB","PstI.TP74795","11","     626","","0.0106","C"
"4","Trait5","pKWmEB","PstI.TP74836","11","     627","","0.8355","C"
"4","Trait5","pKWmEB","PstI.TP74868","11","     628","","1.6213","A"
"4","Trait5","pKWmEB","PstI.TP74931","11","     629","","0.0301","C"
"4","Trait5","pKWmEB","PstI.TP75043","11","     630","","0.2349","C"
"4","Trait5","pKWmEB","PstI.TP75222","11","     631","","0.8811","A"
"4","Trait5","pKWmEB","PstI.TP75401","11","     632","","0.3039","C"
"4","Trait5","pKWmEB","PstI.TP75643","11","     633","","0.2183","A"
"4","Trait5","pKWmEB","PstI.TP75657","11","     634","","0.2442","A"
"4","Trait5","pKWmEB","PstI.TP75668","11","     635","","0.0628","C"
"4","Trait5","pKWmEB","PstI.TP75720","11","     636","","1.8422","A"
"4","Trait5","pKWmEB","PstI.TP75731","11","     637","","0.0519","A"
"4","Trait5","pKWmEB","PstI.TP75769","11","     638","","0.5087","C"
"4","Trait5","pKWmEB","PstI.TP75777","11","     639","","0.0106","A"
"4","Trait5","pKWmEB","PstI.TP75877","11","     640","","0.1456","A"
"4","Trait5","pKWmEB","PstI.TP76147","11","     642","","0.9512","A"
"4","Trait5","pKWmEB","PstI.TP76280","11","     643","","0.7194","C"
"4","Trait5","pKWmEB","PstI.TP76678","11","     644","","0.2918","G"
"4","Trait5","pKWmEB","PstI.TP77108","11","     645","","0.1630","A"
"4","Trait5","pKWmEB","PstI.TP77264","11","     647","","1.4242","C"
"4","Trait5","pKWmEB","PstI.TP77674","11","     648","","0.3833","C"
"4","Trait5","pKWmEB","PstI.TP77950","11","     651","","0.0830","G"
"4","Trait5","pKWmEB","PstI.TP78045","11","     652","","0.2205","A"
"4","Trait5","pKWmEB","PstI.TP78127","11","     653","","0.1442","C"
"4","Trait5","pKWmEB","PstI.TP78165","11","     654","","0.7336","G"
"4","Trait5","pKWmEB","PstI.TP78202","11","     655","","0.1940","A"
"4","Trait5","pKWmEB","PstI.TP78546","11","     657","","0.1252","A"
"4","Trait5","pKWmEB","PstI.TP78729","11","     658","","0.0949","C"
"4","Trait5","pKWmEB","PstI.TP78983","11","     660","","0.3505","A"
"4","Trait5","pKWmEB","PstI.TP79276","11","     662","","0.4390","A"
"4","Trait5","pKWmEB","PstI.TP79279","11","     663","","0.0086","A"
"4","Trait5","pKWmEB","PstI.TP79300","11","     664","","0.9470","A"
"4","Trait5","pKWmEB","PstI.TP79302","11","     665","","0.1570","G"
"4","Trait5","pKWmEB","PstI.TP79327","11","     666","","0.3638","A"
"4","Trait5","pKWmEB","PstI.TP79567","11","     667","","0.4950","A"
"4","Trait5","pKWmEB","PstI.TP79741","11","     668","","0.3880","G"
"4","Trait5","pKWmEB","PstI.TP79812","11","     669","","0.4200","G"
"4","Trait5","pKWmEB","PstI.TP79878","11","     671","","0.3174","C"
"4","Trait5","pKWmEB","PstI.TP79883","11","     672","","0.7551","A"
"4","Trait5","pKWmEB","PstI.TP80015","11","     673","","0.9034","G"
"4","Trait5","pKWmEB","PstI.TP80251","11","     674","","0.3679","C"
"4","Trait5","pKWmEB","PstI.TP80912","11","     676","","0.1134","A"
"4","Trait5","pKWmEB","PstI.TP81008","11","     677","","1.1751","A"
"4","Trait5","pKWmEB","PstI.TP81460","11","     678","","0.5146","G"
"4","Trait5","pKWmEB","PstI.TP81678","11","     679","","0.4385","C"
"4","Trait5","pKWmEB","PstI.TP81757","11","     680","","0.0737","C"
"4","Trait5","pKWmEB","PstI.TP81973","11","     681","","0.3029","A"
"4","Trait5","pKWmEB","PstI.TP81983","11","     682","","0.5902","C"
"4","Trait5","pKWmEB","PstI.TP82009","11","     683","","0.1548","A"
"4","Trait5","pKWmEB","PstI.TP82247","11","     686","","0.0708","A"
"4","Trait5","pKWmEB","PstI.TP82277","11","     687","","0.7749","A"
"4","Trait5","pKWmEB","PstI.TP82280","11","     688","","0.1113","C"
"4","Trait5","pKWmEB","PstI.TP82780","11","     693","","0.5530","C"
"4","Trait5","pKWmEB","PstI.TP82908","11","     694","","0.1934","A"
"4","Trait5","pKWmEB","PstI.TP82969","11","     695","","0.5203","A"
"4","Trait5","pKWmEB","PstI.TP82984","11","     696","","0.2385","A"
"4","Trait5","pKWmEB","PstI.TP83038","11","     698","","0.3270","A"
"4","Trait5","pKWmEB","PstI.TP83588","11","     699","","2.3274","A"
"4","Trait5","pKWmEB","PstI.TP83978","11","     701","","0.0764","A"
"4","Trait5","pKWmEB","PstI.TP83987","11","     702","","0.9371","C"
"4","Trait5","pKWmEB","PstI.TP84020","11","     703","","0.0567","A"
"4","Trait5","pKWmEB","PstI.TP84140","11","     704","","0.0421","A"
"4","Trait5","pKWmEB","PstI.TP84170","11","     705","","0.5730","C"
"4","Trait5","pKWmEB","PstI.TP84278","11","     706","","0.2583","A"
"4","Trait5","pKWmEB","PstI.TP84350","11","     708","","0.4408","C"
"4","Trait5","pKWmEB","PstI.TP84550","11","     710","","0.4528","C"
"4","Trait5","pKWmEB","PstI.TP84606","11","     711","","0.2590","A"
"4","Trait5","pKWmEB","PstI.TP84697","11","     713","","0.7244","C"
"4","Trait5","pKWmEB","PstI.TP84780","11","     714","","1.3643","A"
"4","Trait5","pKWmEB","PstI.TP84808","11","     715","","0.2905","C"
"4","Trait5","pKWmEB","PstI.TP84850","11","     716","","0.2948","A"
"4","Trait5","pKWmEB","PstI.TP85413","11","     718","","0.0027","C"
"4","Trait5","pKWmEB","PstI.TP85717","11","     720","","0.0020","C"
"4","Trait5","pKWmEB","PstI.TP85803","11","     722","","0.3453","C"
"4","Trait5","pKWmEB","PstI.TP85872","11","     723","","0.2196","C"
"4","Trait5","pKWmEB","PstI.TP85914","11","     724","","0.8220","A"
"4","Trait5","pKWmEB","PstI.TP86153","11","     725","","0.3121","A"
"4","Trait5","pKWmEB","PstI.TP86184","11","     726","","0.7803","C"
"4","Trait5","pKWmEB","PstI.TP86604","11","     728","","0.7326","C"
"4","Trait5","pKWmEB","PstI.TP86685","11","     729","","0.1559","C"
"4","Trait5","pKWmEB","PstI.TP86751","11","     730","","0.1228","A"
"4","Trait5","pKWmEB","PstI.TP86826","11","     731","","1.0111","A"
"4","Trait5","pKWmEB","PstI.TP86865","11","     732","","0.1712","G"
"4","Trait5","pKWmEB","PstI.TP87244","11","     733","","0.2667","C"
"4","Trait5","pKWmEB","PstI.TP87293","11","     734","","0.8751","C"
"4","Trait5","pKWmEB","PstI.TP87397","11","     735","","0.4660","A"
"4","Trait5","pKWmEB","PstI.TP87694","11","     736","","0.6266","A"
"4","Trait5","pKWmEB","PstI.TP87853","11","     737","","0.2106","A"
"4","Trait5","pKWmEB","PstI.TP87872","11","     738","","0.2335","A"
"4","Trait5","pKWmEB","PstI.TP88263","11","     739","","1.2752","A"
"4","Trait5","pKWmEB","PstI.TP88428","11","     740","","0.0064","A"
"4","Trait5","pKWmEB","PstI.TP88536","11","     742","","0.1359","C"
"4","Trait5","pKWmEB","PstI.TP88567","11","     743","","0.7608","A"
"4","Trait5","pKWmEB","PstI.TP88597","11","     744","","1.4028","A"
"4","Trait5","pKWmEB","PstI.TP88917","11","     745","","0.3047","C"
"4","Trait5","pKWmEB","PstI.TP89007","11","     746","","0.8126","C"
"4","Trait5","pKWmEB","PstI.TP89076","11","     749","","0.4417","C"
"4","Trait5","pKWmEB","PstI.TP89212","11","     750","","0.7280","A"
"4","Trait5","pKWmEB","PstI.TP89261","11","     751","","0.6086","A"
"4","Trait5","pKWmEB","PstI.TP89282","11","     752","","0.0256","C"
"4","Trait5","pKWmEB","PstI.TP89427","11","     753","","0.1399","C"
"4","Trait5","pKWmEB","PstI.TP89495","11","     754","","0.1275","A"
"4","Trait5","pKWmEB","PstI.TP89657","11","     755","","0.4885","C"
"4","Trait5","pKWmEB","PstI.TP89708","11","     756","","0.0692","C"
"4","Trait5","pKWmEB","PstI.TP89743","11","     757","","0.0785","C"
"4","Trait5","pKWmEB","PstI.TP89900","11","     758","","0.0155","A"
"4","Trait5","pKWmEB","PstI.TP90125","11","     759","","0.6609","A"
"4","Trait5","pKWmEB","PstI.TP90184","11","     760","","0.0907","C"
"4","Trait5","pKWmEB","PstI.TP90718","11","     762","","0.0139","C"
"4","Trait5","pKWmEB","PstI.TP90840","11","     764","","0.8049","A"
"4","Trait5","pKWmEB","PstI.TP90906","11","     766","","0.1286","A"
"4","Trait5","pKWmEB","PstI.TP90907","11","     767","","0.0018","C"
"4","Trait5","pKWmEB","PstI.TP90936","11","     768","","0.2787","A"
"4","Trait5","pKWmEB","PstI.TP91067","11","     769","","0.0639","A"
"4","Trait5","pKWmEB","PstI.TP91271","11","     770","","0.3229","A"
"4","Trait5","pKWmEB","PstI.TP91371","11","     771","","1.0704","A"
"4","Trait5","pKWmEB","PstI.TP91449","11","     772","","0.0159","A"
"4","Trait5","pKWmEB","PstI.TP91552","11","     775","","0.3283","G"
"4","Trait5","pKWmEB","PstI.TP91606","11","     776","","0.3484","C"
"4","Trait5","pKWmEB","PstI.TP91758","11","     777","","0.2183","C"
"4","Trait5","pKWmEB","PstI.TP91767","11","     778","","0.0599","A"
"4","Trait5","pKWmEB","PstI.TP94103","11","     779","","0.7688","C"
"4","Trait5","pKWmEB","PstI.TP94250","11","     780","","0.1563","G"
"4","Trait5","pKWmEB","PstI.TP94378","11","     781","","0.3269","C"
"4","Trait5","pKWmEB","PstI.TP94390","11","     782","","1.4049","A"
"4","Trait5","pKWmEB","PstI.TP94742","11","     786","","0.2960","C"
"4","Trait5","pKWmEB","PstI.TP94756","11","     787","","0.3518","A"
"4","Trait5","pKWmEB","PstI.TP94813","11","     788","","0.2462","A"
"4","Trait5","pKWmEB","PstI.TP94935","11","     789","","0.9452","A"
"4","Trait5","pKWmEB","PstI.TP95469","11","     790","","1.3379","C"
"4","Trait5","pKWmEB","PstI.TP95612","11","     791","","0.8492","C"
"4","Trait5","pKWmEB","PstI.TP96206","11","     793","","1.5184","A"
"4","Trait5","pKWmEB","PstI.TP96398","11","     794","","0.0696","C"
"4","Trait5","pKWmEB","PstI.TP96611","11","     796","","1.0202","A"
"4","Trait5","pKWmEB","PstI.TP96919","11","     797","","0.0309","A"
"4","Trait5","pKWmEB","PstI.TP96953","11","     798","","1.4974","A"
"4","Trait5","pKWmEB","PstI.TP97114","11","     799","","0.1559","A"
"4","Trait5","pKWmEB","PstI.TP97410","11","     801","","1.1962","C"
"4","Trait5","pKWmEB","PstI.TP97708","11","     802","","1.6980","C"
"4","Trait5","pKWmEB","PstI.TP97883","11","     803","","0.0861","A"
"4","Trait5","pKWmEB","PstI.TP97927","11","     804","","0.2809","A"
"4","Trait5","pKWmEB","PstI.TP97986","11","     805","","0.5003","A"
"4","Trait5","pKWmEB","PstI.TP98014","11","     806","","0.5986","C"
"4","Trait5","pKWmEB","PstI.TP98480","11","     808","","0.1346","A"
"4","Trait5","pKWmEB","PstI.TP98560","11","     809","","0.7931","A"
"4","Trait5","pKWmEB","PstI.TP98683","11","     810","","0.2613","C"
"4","Trait5","pKWmEB","PstI.TP98827","11","     811","","0.0393","C"
"4","Trait5","pKWmEB","PstI.TP99018","11","     812","","0.4864","A"
"4","Trait5","pKWmEB","PstI.TP99608","11","     815","","0.3557","G"
"4","Trait5","pKWmEB","PstI.TP100020","11","     817","","0.0096","C"
"4","Trait5","pKWmEB","PstI.TP100426","11","     819","","0.7000","C"
"4","Trait5","pKWmEB","PstI.TP100539","11","     820","","1.0718","C"
"4","Trait5","pKWmEB","PstI.TP100651","11","     821","","0.0061","C"
"4","Trait5","pKWmEB","PstI.TP100708","11","     822","","0.3021","A"
"4","Trait5","pKWmEB","PstI.TP100735","11","     823","","1.3875","A"
"4","Trait5","pKWmEB","PstI.TP100806","11","     824","","0.4778","G"
"4","Trait5","pKWmEB","PstI.TP100842","11","     825","","0.0841","C"
"4","Trait5","pKWmEB","PstI.TP100912","11","     826","","0.1581","C"
"4","Trait5","pKWmEB","PstI.TP101180","11","     827","","0.6059","C"
"4","Trait5","pKWmEB","PstI.TP101188","11","     828","","0.6433","A"
"4","Trait5","pKWmEB","PstI.TP101533","11","     831","","0.0299","C"
"4","Trait5","pKWmEB","PstI.TP101546","11","     832","","0.2520","A"
"4","Trait5","pKWmEB","PstI.TP101772","11","     833","","0.6913","C"
"4","Trait5","pKWmEB","PstI.TP101889","11","     835","","0.0690","A"
"4","Trait5","pKWmEB","PstI.TP101937","11","     837","","0.7047","C"
"4","Trait5","pKWmEB","PstI.TP102149","11","     838","","1.1503","G"
"4","Trait5","pKWmEB","PstI.TP102317","11","     839","","0.5876","A"
"4","Trait5","pKWmEB","PstI.TP102517","11","     840","","0.6048","C"
"4","Trait5","pKWmEB","PstI.TP102747","11","     841","","0.2562","A"
"4","Trait5","pKWmEB","PstI.TP103400","11","     843","","0.1231","A"
"4","Trait5","pKWmEB","PstI.TP103499","11","     844","","1.2960","A"
"4","Trait5","pKWmEB","PstI.TP103523","11","     845","","0.7300","A"
"4","Trait5","pKWmEB","PstI.TP103677","11","     848","","0.2584","A"
"4","Trait5","pKWmEB","PstI.TP103806","11","     849","","0.0035","C"
"4","Trait5","pKWmEB","PstI.TP103840","11","     850","","0.1435","A"
"4","Trait5","pKWmEB","PstI.TP103912","11","     852","","0.1310","C"
"4","Trait5","pKWmEB","PstI.TP104021","11","     854","","0.2022","C"
"4","Trait5","pKWmEB","PstI.TP104053","11","     856","","0.6400","A"
"4","Trait5","pKWmEB","PstI.TP104310","11","     857","","0.3113","C"
"4","Trait5","pKWmEB","PstI.TP104324","11","     858","","0.4349","A"
"4","Trait5","pKWmEB","PstI.TP104358","11","     859","","0.1502","G"
"4","Trait5","pKWmEB","PstI.TP104391","11","     860","","0.0502","C"
"4","Trait5","pKWmEB","PstI.TP104475","11","     861","","0.2995","A"
"4","Trait5","pKWmEB","PstI.TP104764","11","     862","","0.2413","G"
"4","Trait5","pKWmEB","PstI.TP104779","11","     863","","0.0098","C"
"4","Trait5","pKWmEB","PstI.TP104953","11","     864","","0.9140","A"
"4","Trait5","pKWmEB","PstI.TP104967","11","     865","","1.6175","G"
"4","Trait5","pKWmEB","PstI.TP105142","11","     867","","0.4198","A"
"4","Trait5","pKWmEB","PstI.TP105310","11","     868","","0.4242","A"
"4","Trait5","pKWmEB","PstI.TP105363","11","     869","","0.2329","A"
"4","Trait5","pKWmEB","PstI.TP105609","11","     870","","0.8723","G"
"4","Trait5","pKWmEB","PstI.TP105610","11","     871","","0.2503","A"
"4","Trait5","pKWmEB","PstI.TP105678","11","     872","","0.2353","A"
"4","Trait5","pKWmEB","PstI.TP105705","11","     873","","0.6319","C"
"4","Trait5","pKWmEB","PstI.TP105717","11","     874","","0.3660","C"
"4","Trait5","pKWmEB","PstI.TP105737","11","     875","","0.3960","G"
"4","Trait5","pKWmEB","PstI.TP105778","11","     876","","0.1220","C"
"4","Trait5","pKWmEB","PstI.TP106170","11","     877","","0.1567","A"
"4","Trait5","pKWmEB","PstI.TP106369","11","     879","","0.0280","A"
"4","Trait5","pKWmEB","PstI.TP106433","11","     880","","0.1014","C"
"4","Trait5","pKWmEB","PstI.TP106471","11","     881","","0.3958","C"
"4","Trait5","pKWmEB","PstI.TP106499","11","     882","","0.8352","A"
"4","Trait5","pKWmEB","PstI.TP106573","11","     883","","0.8786","A"
"4","Trait5","pKWmEB","PstI.TP106713","11","     884","","0.1053","C"
"4","Trait5","pKWmEB","PstI.TP106794","11","     885","","0.2145","A"
"4","Trait5","pKWmEB","PstI.TP106852","11","     886","","0.2560","A"
"4","Trait5","pKWmEB","PstI.TP106951","11","     887","","0.0055","C"
"4","Trait5","pKWmEB","PstI.TP107412","11","     888","","0.6565","A"
"4","Trait5","pKWmEB","PstI.TP107716","11","     890","","0.6447","A"
"4","Trait5","pKWmEB","PstI.TP107878","11","     891","","0.0105","G"
"4","Trait5","pKWmEB","PstI.TP107950","11","     892","","1.7829","C"
"4","Trait5","pKWmEB","PstI.TP108124","11","     893","","0.1539","C"
"4","Trait5","pKWmEB","PstI.TP108126","11","     894","","0.0095","A"
"4","Trait5","pKWmEB","PstI.TP108163","11","     895","","0.4733","A"
"4","Trait5","pKWmEB","PstI.TP108332","11","     896","","0.1191","A"
"4","Trait5","pKWmEB","PstI.TP108563","11","     898","","0.6653","A"
"4","Trait5","pKWmEB","PstI.TP108730","11","     899","","0.0468","G"
"4","Trait5","pKWmEB","PstI.TP108863","11","     900","","0.5978","A"
"4","Trait5","pKWmEB","PstI.TP109054","11","     901","","1.4164","A"
"4","Trait5","pKWmEB","PstI.TP109393","11","     902","","0.0793","G"
"4","Trait5","pKWmEB","PstI.TP109421","11","     903","","0.0244","G"
"4","Trait5","pKWmEB","PstI.TP109544","11","     904","","1.0381","C"
"4","Trait5","pKWmEB","PstI.TP109581","11","     905","","0.1238","C"
"4","Trait5","pKWmEB","PstI.TP109827","11","     908","","0.6741","C"
"4","Trait5","pKWmEB","PstI.TP110022","11","     909","","0.0108","A"
"4","Trait5","pKWmEB","PstI.TP110203","11","     910","","0.0758","C"
"4","Trait5","pKWmEB","PstI.TP110497","11","     912","","0.3805","C"
"4","Trait5","pKWmEB","PstI.TP110541","11","     913","","0.6919","C"
"4","Trait5","pKWmEB","PstI.TP111598","11","     919","","0.7552","C"
"4","Trait5","pKWmEB","PstI.TP111739","11","     920","","0.9474","A"
"4","Trait5","pKWmEB","PstI.TP111914","11","     921","","0.2621","A"
"4","Trait5","pKWmEB","PstI.TP111960","11","     922","","0.1383","C"
"4","Trait5","pKWmEB","PstI.TP111965","11","     923","","0.0477","A"
"4","Trait5","pKWmEB","PstI.TP112048","11","     924","","0.2740","C"
"4","Trait5","pKWmEB","PstI.TP112175","11","     925","","0.3435","C"
"4","Trait5","pKWmEB","PstI.TP112214","11","     926","","0.1634","C"
"4","Trait5","pKWmEB","PstI.TP112233","11","     928","","0.0208","C"
"4","Trait5","pKWmEB","PstI.TP112555","11","     931","","0.4385","C"
"4","Trait5","pKWmEB","PstI.TP112609","11","     932","","0.4001","A"
"4","Trait5","pKWmEB","PstI.TP112874","11","     933","","0.1963","C"
"4","Trait5","pKWmEB","PstI.TP113001","11","     934","","0.1545","A"
"4","Trait5","pKWmEB","PstI.TP113043","11","     935","","1.0135","A"
"4","Trait5","pKWmEB","PstI.TP113226","11","     936","","0.5434","A"
"4","Trait5","pKWmEB","PstI.TP113275","11","     937","","0.2109","G"
"4","Trait5","pKWmEB","PstI.TP113408","11","     938","","0.3492","A"
"4","Trait5","pKWmEB","PstI.TP113536","11","     939","","0.0302","C"
"4","Trait5","pKWmEB","PstI.TP113541","11","     940","","0.2212","A"
"4","Trait5","pKWmEB","PstI.TP113607","11","     942","","1.3914","A"
"4","Trait5","pKWmEB","PstI.TP113683","11","     943","","0.2312","A"
"4","Trait5","pKWmEB","PstI.TP113758","11","     944","","0.3571","G"
"4","Trait5","pKWmEB","PstI.TP113912","11","     945","","0.4243","C"
"4","Trait5","pKWmEB","PstI.TP114009","11","     946","","0.2698","A"
"4","Trait5","pKWmEB","PstI.TP114158","11","     949","","0.1158","A"
"4","Trait5","pKWmEB","PstI.TP114371","11","     951","","0.2596","C"
"4","Trait5","pKWmEB","PstI.TP114913","11","     952","","0.1654","A"
"4","Trait5","pKWmEB","PstI.TP115244","11","     953","","0.5541","A"
"4","Trait5","pKWmEB","PstI.TP115390","11","     954","","0.2953","A"
"4","Trait5","pKWmEB","PstI.TP115601","11","     957","","0.4318","A"
"4","Trait5","pKWmEB","PstI.TP115642","11","     958","","0.0239","A"
"4","Trait5","pKWmEB","PstI.TP115865","11","     960","","0.5857","A"
"4","Trait5","pKWmEB","PstI.TP115915","11","     961","","0.4439","G"
"4","Trait5","pKWmEB","PstI.TP116033","11","     962","","1.4517","G"
"4","Trait5","pKWmEB","PstI.TP116328","11","     965","","0.0048","C"
"4","Trait5","pKWmEB","PstI.TP116450","11","     967","","0.0294","C"
"4","Trait5","pKWmEB","PstI.TP116482","11","     968","","0.5415","A"
"4","Trait5","pKWmEB","PstI.TP116626","11","     969","","0.1766","A"
"4","Trait5","pKWmEB","PstI.TP116998","11","     971","","0.6125","C"
"4","Trait5","pKWmEB","PstI.TP117305","11","     972","","0.2946","C"
"4","Trait5","pKWmEB","PstI.TP117396","11","     973","","0.4179","C"
"4","Trait5","pKWmEB","PstI.TP118104","11","     974","","0.0516","C"
"4","Trait5","pKWmEB","PstI.TP118121","11","     975","","1.6952","A"
"4","Trait5","pKWmEB","PstI.TP118266","11","     976","","0.2400","A"
"4","Trait5","pKWmEB","PstI.TP118367","11","     977","","0.2765","C"
"4","Trait5","pKWmEB","PstI.TP118441","11","     979","","0.2178","G"
"4","Trait5","pKWmEB","PstI.TP118720","11","     980","","0.3248","A"
"4","Trait5","pKWmEB","PstI.TP118807","11","     981","","0.7294","C"
"4","Trait5","pKWmEB","PstI.TP118821","11","     982","","0.6579","C"
"4","Trait5","pKWmEB","PstI.TP118848","11","     983","","0.2446","A"
"4","Trait5","pKWmEB","PstI.TP119098","11","     986","","0.4955","C"
"4","Trait5","pKWmEB","PstI.TP119231","11","     988","","0.0915","A"
"4","Trait5","pKWmEB","PstI.TP119327","11","     989","","0.1171","A"
"4","Trait5","pKWmEB","PstI.TP119343","11","     990","","0.3895","G"
"4","Trait5","pKWmEB","PstI.TP119441","11","     991","","0.9911","A"
"4","Trait5","pKWmEB","PstI.TP119485","11","     992","","0.0061","C"
"4","Trait5","pKWmEB","PstI.TP119497","11","     993","","0.1403","A"
"4","Trait5","pKWmEB","PstI.TP119537","11","     994","","0.1814","C"
"4","Trait5","pKWmEB","PstI.TP119772","11","     996","","0.3227","C"
"4","Trait5","pKWmEB","PstI.TP119835","11","     997","","0.1741","G"
"4","Trait5","pKWmEB","PstI.TP120115","11","     999","","1.5227","A"
"4","Trait5","pKWmEB","PstI.TP120320","11","    1001","","0.4449","A"
"4","Trait5","pKWmEB","PstI.TP120486","11","    1002","","0.0751","C"
"4","Trait5","pKWmEB","PstI.TP120545","11","    1003","","0.8774","A"
"4","Trait5","pKWmEB","PstI.TP120646","11","    1005","","0.0619","G"
"4","Trait5","pKWmEB","PstI.TP120947","11","    1007","","0.0358","A"
"4","Trait5","pKWmEB","PstI.TP121400","11","    1008","","0.7546","A"
"4","Trait5","pKWmEB","PstI.TP121637","11","    1009","","0.2378","A"
"4","Trait5","pKWmEB","PstI.TP121878","11","    1010","","0.7924","A"
"4","Trait5","pKWmEB","PstI.TP122141","11","    1011","","0.0801","A"
"4","Trait5","pKWmEB","PstI.TP122236","11","    1012","","0.2968","A"
"4","Trait5","pKWmEB","PstI.TP122257","11","    1013","","0.9838","A"
"4","Trait5","pKWmEB","PstI.TP122268","11","    1014","","0.1672","C"
"4","Trait5","pKWmEB","PstI.TP122894","11","    1015","","0.0115","C"
"4","Trait5","pKWmEB","PstI.TP122999","11","    1017","","0.1714","A"
"4","Trait5","pKWmEB","PstI.TP123078","11","    1018","","0.2064","A"
"4","Trait5","pKWmEB","PstI.TP123329","11","    1019","","2.3964","A"
"4","Trait5","pKWmEB","PstI.TP123344","11","    1020","","0.2757","A"
"4","Trait5","pKWmEB","PstI.TP123465","11","    1021","","0.1183","C"
"4","Trait5","pKWmEB","PstI.TP123616","11","    1022","","0.1218","A"
"4","Trait5","pKWmEB","PstI.TP123646","11","    1023","","0.6767","A"
"4","Trait5","pKWmEB","PstI.TP123869","11","    1025","","0.0894","G"
"4","Trait5","pKWmEB","PstI.TP123884","11","    1026","","1.1715","A"
"4","Trait5","pKWmEB","PstI.TP123918","11","    1027","","0.0399","A"
"4","Trait5","pKWmEB","PstI.TP123922","11","    1028","","0.1062","C"
"4","Trait5","pKWmEB","PstI.TP123976","11","    1029","","0.0434","A"
"4","Trait5","pKWmEB","PstI.TP124053","11","    1030","","1.4751","C"
"4","Trait5","pKWmEB","PstI.TP124123","11","    1032","","0.3816","C"
"4","Trait5","pKWmEB","PstI.TP124210","11","    1033","","0.2613","A"
"4","Trait5","pKWmEB","PstI.TP124314","11","    1034","","0.0936","G"
"4","Trait5","pKWmEB","PstI.TP124648","11","    1037","","0.5351","G"
"4","Trait5","pKWmEB","PstI.TP124716","11","    1038","","0.2606","G"
"4","Trait5","pKWmEB","PstI.TP124742","11","    1039","","2.1434","C"
"4","Trait5","pKWmEB","PstI.TP124890","11","    1040","","1.3120","A"
"4","Trait5","pKWmEB","PstI.TP124986","11","    1041","","0.2828","G"
"4","Trait5","pKWmEB","PstI.TP125121","11","    1042","","0.5516","C"
"4","Trait5","pKWmEB","PstI.TP125194","11","    1043","","0.3982","C"
"4","Trait5","pKWmEB","PstI.TP125214","11","    1044","","0.0371","A"
"4","Trait5","pKWmEB","PstI.TP125251","11","    1045","","0.0593","G"
"4","Trait5","pKWmEB","PstI.TP125282","11","    1046","","0.2604","C"
"4","Trait5","pKWmEB","PstI.TP125484","11","    1047","","0.0177","C"
"4","Trait5","pKWmEB","PstI.TP125552","11","    1048","","0.3374","A"
"4","Trait5","pKWmEB","PstI.TP125619","11","    1049","","1.7229","C"
"4","Trait5","pKWmEB","PstI.TP125644","11","    1050","","0.0161","A"
"4","Trait5","pKWmEB","PstI.TP125699","11","    1051","","0.1391","A"
"4","Trait5","pKWmEB","PstI.TP125821","11","    1052","","0.0139","A"
"4","Trait5","pKWmEB","PstI.TP125880","11","    1053","","0.2215","A"
"4","Trait5","pKWmEB","PstI.TP125992","11","    1054","","0.7233","C"
"4","Trait5","pKWmEB","PstI.TP126054","11","    1055","","0.2226","A"
"4","Trait5","pKWmEB","PstI.TP126133","11","    1057","","0.9857","A"
"4","Trait5","pKWmEB","PstI.TP126211","11","    1059","","1.8043","A"
"4","Trait5","pKWmEB","PstI.TP126351","11","    1060","","0.0321","G"
"4","Trait5","pKWmEB","PstI.TP126508","11","    1061","","0.0429","C"
"4","Trait5","pKWmEB","PstI.TP126605","11","    1062","","0.0489","G"
"4","Trait5","pKWmEB","PstI.TP126813","11","    1064","","0.1911","C"
"4","Trait5","pKWmEB","PstI.TP126916","11","    1065","","0.3893","A"
"4","Trait5","pKWmEB","PstI.TP127213","11","    1066","","0.2617","C"
"4","Trait5","pKWmEB","PstI.TP127331","11","    1069","","0.0780","A"
"4","Trait5","pKWmEB","PstI.TP127343","11","    1070","","1.6021","A"
"4","Trait5","pKWmEB","PstI.TP127482","11","    1071","","0.1899","C"
"4","Trait5","pKWmEB","PstI.TP127739","11","    1072","","0.3988","C"
"4","Trait5","pKWmEB","PstI.TP127748","11","    1073","","0.1782","A"
"4","Trait5","pKWmEB","PstI.TP127764","11","    1074","","0.0749","A"
"4","Trait5","pKWmEB","PstI.TP128168","11","    1076","","0.0872","C"
"4","Trait5","pKWmEB","PstI.TP128432","11","    1077","","0.3421","C"
"4","Trait5","pKWmEB","PstI.TP128471","11","    1078","","0.3731","A"
"4","Trait5","pKWmEB","PstI.TP128663","11","    1079","","0.1516","C"
"4","Trait5","pKWmEB","PstI.TP128846","11","    1080","","1.4424","A"
"4","Trait5","pKWmEB","PstI.TP128994","11","    1081","","0.0413","C"
"4","Trait5","pKWmEB","PstI.TP129025","11","    1082","","0.8731","A"
"4","Trait5","pKWmEB","PstI.TP129098","11","    1085","","0.1504","A"
"4","Trait5","pKWmEB","PstI.TP129437","11","    1088","","1.5032","A"
"4","Trait5","pKWmEB","PstI.TP129649","11","    1089","","1.1180","C"
"4","Trait5","pKWmEB","PstI.TP129831","11","    1090","","0.2010","G"
"4","Trait5","pKWmEB","PstI.TP130295","11","    1092","","0.0141","A"
"4","Trait5","pKWmEB","PstI.TP130337","11","    1093","","0.7556","G"
"4","Trait5","pKWmEB","PstI.TP130356","11","    1094","","0.1506","C"
"4","Trait5","pKWmEB","PstI.TP130468","11","    1096","","0.6996","G"
"4","Trait5","pKWmEB","PstI.TP130480","11","    1097","","0.4078","A"
"4","Trait5","pKWmEB","PstI.TP130496","11","    1098","","0.5598","A"
"4","Trait5","pKWmEB","PstI.TP130695","11","    1099","","1.6968","C"
"4","Trait5","pKWmEB","PstI.TP130976","11","    1101","","0.0755","A"
"4","Trait5","pKWmEB","PstI.TP131020","11","    1103","","0.4997","A"
"4","Trait5","pKWmEB","PstI.TP131562","11","    1105","","0.4933","A"
"4","Trait5","pKWmEB","PstI.TP131738","11","    1106","","0.1535","A"
"4","Trait5","pKWmEB","PstI.TP131788","11","    1107","","0.0341","A"
"4","Trait5","pKWmEB","PstI.TP131821","11","    1108","","0.6523","C"
"4","Trait5","pKWmEB","PstI.TP132021","11","    1110","","0.3571","A"
"4","Trait5","pKWmEB","PstI.TP132096","11","    1111","","0.2646","G"
"4","Trait5","pKWmEB","PstI.TP132132","11","    1112","","0.4853","C"
"4","Trait5","pKWmEB","PstI.TP132651","11","    1113","","0.5514","C"
"4","Trait5","pKWmEB","PstI.TP132895","11","    1115","","0.3601","A"
"4","Trait5","pKWmEB","PstI.TP133069","11","    1116","","0.7174","C"
"4","Trait5","pKWmEB","PstI.TP133358","11","    1117","","0.5163","C"
"4","Trait5","pKWmEB","PstI.TP133402","11","    1118","","0.2145","A"
"4","Trait5","pKWmEB","PstI.TP133767","11","    1119","","0.1211","A"
"4","Trait5","pKWmEB","PstI.TP134049","11","    1120","","0.2186","A"
"4","Trait5","pKWmEB","PstI.TP134303","11","    1121","","2.0762","A"
"4","Trait5","pKWmEB","PstI.TP134343","11","    1122","","0.5586","C"
"4","Trait5","pKWmEB","PstI.TP135027","11","    1124","","0.4730","C"
"4","Trait5","pKWmEB","PstI.TP135455","11","    1125","","0.4126","A"
"4","Trait5","pKWmEB","PstI.TP135488","11","    1126","","0.5611","C"
"4","Trait5","pKWmEB","PstI.TP135868","11","    1127","","1.4848","G"
"4","Trait5","pKWmEB","PstI.TP136088","11","    1129","","0.1506","C"
"4","Trait5","pKWmEB","PstI.TP136209","11","    1131","","0.9170","A"
"4","Trait5","pKWmEB","PstI.TP136256","11","    1132","","0.5359","A"
"4","Trait5","pKWmEB","PstI.TP136275","11","    1133","","0.1066","A"
"4","Trait5","pKWmEB","PstI.TP136362","11","    1134","","0.0911","C"
"4","Trait5","pKWmEB","PstI.TP136445","11","    1135","","0.2329","A"
"4","Trait5","pKWmEB","PstI.TP136780","11","    1137","","0.6160","G"
"4","Trait5","pKWmEB","PstI.TP137200","11","    1139","","0.2983","A"
"4","Trait5","pKWmEB","PstI.TP137425","11","    1140","","0.0257","C"
"4","Trait5","pKWmEB","PstI.TP137772","11","    1142","","0.5573","A"
"4","Trait5","pKWmEB","PstI.TP138681","11","    1144","","0.6300","A"
"4","Trait5","pKWmEB","PstI.TP138690","11","    1145","","0.3702","C"
"4","Trait5","pKWmEB","PstI.TP138830","11","    1146","","0.4037","A"
"4","Trait5","pKWmEB","PstI.TP138953","11","    1147","","0.1315","C"
"4","Trait5","pKWmEB","PstI.TP139046","11","    1148","","0.0635","G"
"4","Trait5","pKWmEB","PstI.TP139250","11","    1151","","0.5565","A"
"4","Trait5","pKWmEB","PstI.TP139285","11","    1152","","0.1123","A"
"4","Trait5","pKWmEB","PstI.TP139391","11","    1153","","1.2531","G"
"4","Trait5","pKWmEB","PstI.TP139507","11","    1154","","0.7174","A"
"4","Trait5","pKWmEB","PstI.TP139554","11","    1155","","1.3305","A"
"4","Trait5","pKWmEB","PstI.TP139596","11","    1156","","0.4707","A"
"4","Trait5","pKWmEB","PstI.TP139713","11","    1157","","0.4152","A"
"4","Trait5","pKWmEB","PstI.TP139726","11","    1158","","0.9364","A"
"4","Trait5","pKWmEB","PstI.TP139839","11","    1159","","0.4773","C"
"4","Trait5","pKWmEB","PstI.TP139915","11","    1160","","0.3831","A"
"4","Trait5","pKWmEB","PstI.TP139975","11","    1162","","0.0497","A"
"4","Trait5","pKWmEB","PstI.TP140195","11","    1163","","0.5556","A"
"4","Trait5","pKWmEB","PstI.TP140312","11","    1164","","0.0387","A"
"4","Trait5","pKWmEB","PstI.TP140488","11","    1166","","0.0139","C"
"4","Trait5","pKWmEB","PstI.TP140508","11","    1167","","0.0414","C"
"4","Trait5","pKWmEB","PstI.TP140570","11","    1168","","0.5878","A"
"4","Trait5","pKWmEB","PstI.TP140594","11","    1169","","2.4673","A"
"4","Trait5","pKWmEB","PstI.TP140710","11","    1170","","0.2774","C"
"4","Trait5","pKWmEB","PstI.TP140756","11","    1171","","0.1497","A"
"4","Trait5","pKWmEB","PstI.TP141009","11","    1174","","0.0918","C"
"4","Trait5","pKWmEB","PstI.TP141152","11","    1175","","0.9338","A"
"4","Trait5","pKWmEB","PstI.TP141160","11","    1176","","1.5013","A"
"4","Trait5","pKWmEB","PstI.TP141173","11","    1177","","0.1634","A"
"4","Trait5","pKWmEB","PstI.TP141454","11","    1178","","0.3729","C"
"4","Trait5","pKWmEB","PstI.TP141494","11","    1179","","1.2133","A"
"4","Trait5","pKWmEB","PstI.TP141949","11","    1180","","0.3076","G"
"4","Trait5","pKWmEB","PstI.TP142011","11","    1181","","0.6326","A"
"4","Trait5","pKWmEB","PstI.TP142024","11","    1182","","0.6849","C"
"4","Trait5","pKWmEB","PstI.TP142050","11","    1183","","0.1253","A"
"4","Trait5","pKWmEB","PstI.TP142059","11","    1184","","0.2233","C"
"4","Trait5","pKWmEB","PstI.TP142106","11","    1185","","0.0389","C"
"4","Trait5","pKWmEB","PstI.TP142130","11","    1186","","0.0861","C"
"4","Trait5","pKWmEB","PstI.TP142256","11","    1187","","0.0784","C"
"4","Trait5","pKWmEB","PstI.TP142379","11","    1189","","0.0131","A"
"4","Trait5","pKWmEB","PstI.TP142614","11","    1193","","1.1855","A"
"4","Trait5","pKWmEB","PstI.TP142684","11","    1194","","0.4238","A"
"4","Trait5","pKWmEB","PstI.TP142685","11","    1195","","0.0508","A"
"4","Trait5","pKWmEB","PstI.TP142755","11","    1196","","0.8467","A"
"4","Trait5","pKWmEB","PstI.TP142946","11","    1198","","1.9721","A"
"4","Trait5","pKWmEB","PstI.TP142964","11","    1199","","0.1735","A"
"4","Trait5","pKWmEB","PstI.TP142986","11","    1200","","0.0915","A"
"4","Trait5","pKWmEB","PstI.TP143038","11","    1201","","0.0115","A"
"4","Trait5","pKWmEB","PstI.TP143068","11","    1203","","0.2950","A"
"4","Trait5","pKWmEB","PstI.TP143220","11","    1205","","0.2801","C"
"4","Trait5","pKWmEB","PstI.TP143384","11","    1206","","0.3029","G"
"4","Trait5","pKWmEB","PstI.TP143506","11","    1207","","0.1858","C"
"4","Trait5","pKWmEB","PstI.TP143572","11","    1209","","1.0818","A"
"4","Trait5","pKWmEB","PstI.TP143644","11","    1211","","0.0123","G"
"4","Trait5","pKWmEB","PstI.TP143749","11","    1212","","0.1772","A"
"4","Trait5","pKWmEB","PstI.TP143773","11","    1214","","0.8509","G"
"4","Trait5","pKWmEB","PstI.TP143805","11","    1215","","0.1628","A"
"4","Trait5","pKWmEB","PstI.TP143857","11","    1216","","0.9158","C"
"4","Trait5","pKWmEB","PstI.TP143894","11","    1217","","0.8173","A"
"4","Trait5","pKWmEB","PstI.TP144140","11","    1218","","0.7750","A"
"4","Trait5","pKWmEB","PstI.TP144181","11","    1219","","0.0254","A"
"4","Trait5","pKWmEB","PstI.TP144413","11","    1220","","0.0484","G"
"4","Trait5","pKWmEB","PstI.TP144622","11","    1221","","1.1039","A"
"4","Trait5","pKWmEB","PstI.TP144650","11","    1222","","0.4005","A"
"4","Trait5","pKWmEB","PstI.TP145003","11","    1223","","0.0133","G"
"4","Trait5","pKWmEB","PstI.TP145177","11","    1224","","0.6894","A"
"4","Trait5","pKWmEB","PstI.TP145538","11","    1225","","0.7031","C"
"4","Trait5","pKWmEB","PstI.TP145809","11","    1227","","0.2071","C"
"4","Trait5","pKWmEB","PstI.TP145934","11","    1228","","1.4238","C"
"4","Trait5","pKWmEB","PstI.TP146062","11","    1230","","0.0690","C"
"4","Trait5","pKWmEB","PstI.TP146096","11","    1231","","0.0280","A"
"4","Trait5","pKWmEB","PstI.TP146456","11","    1232","","0.6650","A"
"4","Trait5","pKWmEB","PstI.TP146695","11","    1233","","0.3158","A"
"4","Trait5","pKWmEB","PstI.TP146774","11","    1234","","0.4152","A"
"4","Trait5","pKWmEB","PstI.TP147075","11","    1235","","0.3692","C"
"4","Trait5","pKWmEB","PstI.TP147905","11","    1237","","0.3734","G"
"4","Trait5","pKWmEB","PstI.TP148431","11","    1238","","0.2576","C"
"4","Trait5","pKWmEB","PstI.TP148658","11","    1240","","0.2723","G"
"4","Trait5","pKWmEB","PstI.TP148762","11","    1241","","0.8883","C"
"4","Trait5","pKWmEB","PstI.TP148918","11","    1242","","0.0474","A"
"4","Trait5","pKWmEB","PstI.TP148984","11","    1243","","0.4477","G"
"4","Trait5","pKWmEB","PstI.TP149053","11","    1244","","0.5157","A"
"4","Trait5","pKWmEB","PstI.TP150156","11","    1246","","1.3842","A"
"4","Trait5","pKWmEB","PstI.TP150827","11","    1249","","0.3519","A"
"4","Trait5","pKWmEB","PstI.TP151071","11","    1250","","0.0984","G"
"4","Trait5","pKWmEB","PstI.TP151124","11","    1251","","1.2295","A"
"4","Trait5","pKWmEB","PstI.TP151939","11","    1254","","0.0938","A"
"4","Trait5","pKWmEB","PstI.TP152329","11","    1257","","0.2379","A"
"4","Trait5","pKWmEB","PstI.TP152409","11","    1258","","0.6174","A"
"4","Trait5","pKWmEB","PstI.TP152505","11","    1259","","1.6583","A"
"4","Trait5","pKWmEB","PstI.TP152511","11","    1260","","0.5950","C"
"4","Trait5","pKWmEB","PstI.TP152709","11","    1261","","0.3140","A"
"4","Trait5","pKWmEB","PstI.TP152718","11","    1262","","0.6086","C"
"4","Trait5","pKWmEB","PstI.TP152995","11","    1264","","0.6897","C"
"4","Trait5","pKWmEB","PstI.TP153213","11","    1265","","1.1486","A"
"4","Trait5","pKWmEB","PstI.TP153239","11","    1266","","0.3305","C"
"4","Trait5","pKWmEB","PstI.TP153481","11","    1267","","0.7365","G"
"4","Trait5","pKWmEB","PstI.TP153533","11","    1270","","0.3930","A"
"4","Trait5","pKWmEB","PstI.TP153683","11","    1271","","1.5057","A"
"4","Trait5","pKWmEB","PstI.TP154510","11","    1273","","0.2250","A"
"4","Trait5","pKWmEB","PstI.TP154672","11","    1274","","0.9493","A"
"4","Trait5","pKWmEB","PstI.TP154805","11","    1275","","1.1076","C"
"4","Trait5","pKWmEB","PstI.TP154842","11","    1277","","0.0934","G"
"4","Trait5","pKWmEB","PstI.TP154932","11","    1278","","0.7863","G"
"4","Trait5","pKWmEB","PstI.TP155191","11","    1279","","1.7568","C"
"4","Trait5","pKWmEB","PstI.TP155357","11","    1280","","0.0658","C"
"4","Trait5","pKWmEB","PstI.TP155404","11","    1281","","1.6813","A"
"4","Trait5","pKWmEB","PstI.TP156037","11","    1285","","0.0000","C"
"4","Trait5","pKWmEB","PstI.TP156090","11","    1286","","0.0278","C"
"4","Trait5","pKWmEB","PstI.TP156136","11","    1287","","0.3563","C"
"4","Trait5","pKWmEB","PstI.TP156223","11","    1288","","0.3683","A"
"4","Trait5","pKWmEB","PstI.TP156548","11","    1289","","0.4108","C"
"4","Trait5","pKWmEB","PstI.TP157003","11","    1290","","0.1587","C"
"4","Trait5","pKWmEB","PstI.TP157942","11","    1293","","0.0682","C"
"4","Trait5","pKWmEB","PstI.TP157965","11","    1294","","0.1852","A"
"4","Trait5","pKWmEB","PstI.TP158011","11","    1295","","0.5076","G"
"4","Trait5","pKWmEB","PstI.TP158297","11","    1297","","0.5185","C"
"4","Trait5","pKWmEB","PstI.TP158576","11","    1299","","1.8752","G"
"4","Trait5","pKWmEB","PstI.TP158728","11","    1301","","0.9277","A"
"4","Trait5","pKWmEB","PstI.TP158844","11","    1302","","0.4471","A"
"4","Trait5","pKWmEB","PstI.TP158908","11","    1303","","0.0300","C"
"4","Trait5","pKWmEB","PstI.TP159179","11","    1304","","0.2297","A"
"4","Trait5","pKWmEB","PstI.TP159185","11","    1305","","0.6993","C"
"4","Trait5","pKWmEB","PstI.TP159372","11","    1308","","0.3903","A"
"4","Trait5","pKWmEB","PstI.TP159460","11","    1309","","0.9758","C"
"4","Trait5","pKWmEB","PstI.TP159505","11","    1310","","0.1148","A"
"4","Trait5","pKWmEB","PstI.TP159682","11","    1311","","0.2528","A"
"4","Trait5","pKWmEB","PstI.TP159748","11","    1312","","0.0322","A"
"4","Trait5","pKWmEB","PstI.TP159779","11","    1313","","0.1203","A"
"4","Trait5","pKWmEB","PstI.TP159827","11","    1314","","0.1510","G"
"4","Trait5","pKWmEB","PstI.TP159873","11","    1316","","0.5981","A"
"4","Trait5","pKWmEB","PstI.TP160620","11","    1319","","2.4322","A"
"4","Trait5","pKWmEB","PstI.TP160736","11","    1321","","0.7503","A"
"4","Trait5","pKWmEB","PstI.TP160752","11","    1322","","0.8884","C"
"4","Trait5","pKWmEB","PstI.TP160805","11","    1323","","0.3987","G"
"4","Trait5","pKWmEB","PstI.TP160845","11","    1324","","2.7304","C"
"4","Trait5","pKWmEB","PstI.TP161018","11","    1326","","0.8642","A"
"4","Trait5","pKWmEB","PstI.TP161021","11","    1327","","0.0038","C"
"4","Trait5","pKWmEB","PstI.TP161059","11","    1328","","0.2415","C"
"4","Trait5","pKWmEB","PstI.TP161178","11","    1329","","0.3131","C"
"4","Trait5","pKWmEB","PstI.TP161436","11","    1332","","0.0162","A"
"4","Trait5","pKWmEB","PstI.TP162241","11","    1333","","0.0377","C"
"4","Trait5","pKWmEB","PstI.TP162263","11","    1334","","0.1442","C"
"4","Trait5","pKWmEB","PstI.TP162301","11","    1335","","0.6478","A"
"4","Trait5","pKWmEB","PstI.TP162310","11","    1336","","0.1358","A"
"4","Trait5","pKWmEB","PstI.TP162397","11","    1337","","0.0926","A"
"4","Trait5","pKWmEB","PstI.TP162401","11","    1338","","0.6262","C"
"4","Trait5","pKWmEB","PstI.TP162632","11","    1339","","0.1427","A"
"4","Trait5","pKWmEB","PstI.TP162697","11","    1340","","0.1310","C"
"4","Trait5","pKWmEB","PstI.TP163230","11","    1342","","0.4352","C"
"4","Trait5","pKWmEB","PstI.TP163772","11","    1345","","1.4305","A"
"4","Trait5","pKWmEB","PstI.TP163860","11","    1347","","0.2657","A"
"4","Trait5","pKWmEB","PstI.TP163923","11","    1348","","0.0530","A"
"4","Trait5","pKWmEB","PstI.TP163929","11","    1349","","1.4816","C"
"4","Trait5","pKWmEB","PstI.TP164016","11","    1350","","0.6288","A"
"4","Trait5","pKWmEB","PstI.TP164060","11","    1351","","0.0589","C"
"4","Trait5","pKWmEB","PstI.TP164133","11","    1352","","0.8259","A"
"4","Trait5","pKWmEB","PstI.TP164155","11","    1353","","0.3709","A"
"4","Trait5","pKWmEB","PstI.TP164605","11","    1356","","0.1378","A"
"4","Trait5","pKWmEB","PstI.TP164661","11","    1357","","0.6585","G"
"4","Trait5","pKWmEB","PstI.TP165585","11","    1359","","0.7788","G"
"4","Trait5","pKWmEB","PstI.TP165587","11","    1360","","0.3415","A"
"4","Trait5","pKWmEB","PstI.TP165648","11","    1361","","0.9899","A"
"4","Trait5","pKWmEB","PstI.TP166018","11","    1363","","0.6283","A"
"4","Trait5","pKWmEB","PstI.TP166331","11","    1366","","0.0040","A"
"4","Trait5","pKWmEB","PstI.TP166904","11","    1367","","0.0177","C"
"4","Trait5","pKWmEB","PstI.TP166938","11","    1368","","0.2062","C"
"4","Trait5","pKWmEB","PstI.TP167040","11","    1369","","0.9137","C"
"4","Trait5","pKWmEB","PstI.TP167287","11","    1370","","0.1141","A"
"4","Trait5","pKWmEB","PstI.TP167467","11","    1371","","1.1304","A"
"4","Trait5","pKWmEB","PstI.TP167831","11","    1372","","0.6321","C"
"4","Trait5","pKWmEB","PstI.TP167893","11","    1373","","0.2268","A"
"4","Trait5","pKWmEB","PstI.TP168139","11","    1375","","0.0316","C"
"4","Trait5","pKWmEB","PstI.TP168162","11","    1376","","0.6658","C"
"4","Trait5","pKWmEB","PstI.TP168207","11","    1377","","0.1304","A"
"4","Trait5","pKWmEB","PstI.TP168281","11","    1379","","0.3951","C"
"4","Trait5","pKWmEB","PstI.TP168319","11","    1380","","0.1537","C"
"4","Trait5","pKWmEB","PstI.TP168441","11","    1381","","0.2003","C"
"4","Trait5","pKWmEB","PstI.TP168491","11","    1382","","0.3908","G"
"4","Trait5","pKWmEB","PstI.TP168592","11","    1384","","0.8940","C"
"4","Trait5","pKWmEB","PstI.TP168885","11","    1386","","0.3090","A"
"4","Trait5","pKWmEB","PstI.TP169069","11","    1387","","0.0850","A"
"4","Trait5","pKWmEB","PstI.TP169118","11","    1388","","0.6712","A"
"4","Trait5","pKWmEB","PstI.TP169172","11","    1389","","0.1096","C"
"4","Trait5","pKWmEB","PstI.TP169478","11","    1390","","0.3755","A"
"4","Trait5","pKWmEB","PstI.TP169528","11","    1391","","0.0053","A"
"4","Trait5","pKWmEB","PstI.TP169892","11","    1393","","1.0733","C"
"4","Trait5","pKWmEB","PstI.TP169954","11","    1394","","0.2110","A"
"4","Trait5","pKWmEB","PstI.TP169985","11","    1395","","1.5588","A"
"4","Trait5","pKWmEB","PstI.TP170025","11","    1396","","0.4036","A"
"4","Trait5","pKWmEB","PstI.TP170196","11","    1398","","0.3348","C"
"4","Trait5","pKWmEB","PstI.TP170278","11","    1399","","0.6235","C"
"4","Trait5","pKWmEB","PstI.TP170647","11","    1402","","0.5227","C"
"4","Trait5","pKWmEB","PstI.TP170887","11","    1403","","0.6638","A"
"4","Trait5","pKWmEB","PstI.TP171414","11","    1405","","0.0984","A"
"4","Trait5","pKWmEB","PstI.TP171418","11","    1406","","1.1625","G"
"4","Trait5","pKWmEB","PstI.TP171747","11","    1409","","1.6306","A"
"4","Trait5","pKWmEB","PstI.TP171760","11","    1410","","0.3238","C"
"4","Trait5","pKWmEB","PstI.TP172351","11","    1412","","1.2488","A"
"4","Trait5","pKWmEB","PstI.TP172569","11","    1414","","0.0769","A"
"4","Trait5","pKWmEB","PstI.TP172746","11","    1415","","0.1448","C"
"4","Trait5","pKWmEB","PstI.TP172766","11","    1416","","0.0141","C"
"4","Trait5","pKWmEB","PstI.TP172842","11","    1417","","0.0934","A"
"4","Trait5","pKWmEB","PstI.TP172948","11","    1418","","0.3434","C"
"4","Trait5","pKWmEB","PstI.TP173114","11","    1419","","1.1534","A"
"4","Trait5","pKWmEB","PstI.TP173458","11","    1420","","0.1646","A"
"4","Trait5","pKWmEB","PstI.TP173467","11","    1421","","0.4020","C"
"4","Trait5","pKWmEB","PstI.TP173578","11","    1424","","1.1900","C"
"4","Trait5","pKWmEB","PstI.TP173646","11","    1425","","0.8711","C"
"4","Trait5","pKWmEB","PstI.TP173678","11","    1427","","0.2126","G"
"4","Trait5","pKWmEB","PstI.TP173774","11","    1428","","0.1124","A"
"4","Trait5","pKWmEB","PstI.TP174000","11","    1429","","0.1124","A"
"4","Trait5","pKWmEB","PstI.TP174477","11","    1430","","0.3802","C"
"4","Trait5","pKWmEB","PstI.TP174556","11","    1431","","0.6477","C"
"4","Trait5","pKWmEB","PstI.TP174949","11","    1432","","0.9182","A"
"4","Trait5","pKWmEB","PstI.TP175143","11","    1435","","1.2595","C"
"4","Trait5","pKWmEB","PstI.TP175170","11","    1436","","0.0487","C"
"4","Trait5","pKWmEB","PstI.TP175236","11","    1438","","0.6471","G"
"4","Trait5","pKWmEB","PstI.TP175521","11","    1439","","0.4728","G"
"4","Trait5","pKWmEB","PstI.TP175593","11","    1440","","0.3124","C"
"4","Trait5","pKWmEB","PstI.TP175620","11","    1441","","0.2338","C"
"4","Trait5","pKWmEB","PstI.TP175634","11","    1442","","0.0240","C"
"4","Trait5","pKWmEB","PstI.TP175702","11","    1443","","0.9109","A"
"4","Trait5","pKWmEB","PstI.TP175721","11","    1444","","0.0871","G"
"4","Trait5","pKWmEB","PstI.TP175806","11","    1446","","0.6946","C"
"4","Trait5","pKWmEB","PstI.TP175927","11","    1448","","0.0225","G"
"4","Trait5","pKWmEB","PstI.TP176035","11","    1449","","0.2525","A"
"4","Trait5","pKWmEB","PstI.TP176062","11","    1450","","0.7019","A"
"4","Trait5","pKWmEB","PstI.TP176186","11","    1451","","0.7387","A"
"4","Trait5","pKWmEB","PstI.TP176307","11","    1452","","0.1050","A"
"4","Trait5","pKWmEB","PstI.TP176798","11","    1453","","0.1044","A"
"4","Trait5","pKWmEB","PstI.TP177101","11","    1454","","0.0610","C"
"4","Trait5","pKWmEB","PstI.TP177166","11","    1456","","0.1189","C"
"4","Trait5","pKWmEB","PstI.TP177440","11","    1457","","0.1394","A"
"4","Trait5","pKWmEB","PstI.TP177523","11","    1458","","0.0373","A"
"4","Trait5","pKWmEB","PstI.TP177901","11","    1459","","1.7439","A"
"4","Trait5","pKWmEB","PstI.TP178216","11","    1460","","0.0659","C"
"4","Trait5","pKWmEB","PstI.TP178301","11","    1461","","0.4163","C"
"4","Trait5","pKWmEB","PstI.TP178349","11","    1462","","0.0620","C"
"4","Trait5","pKWmEB","PstI.TP178386","11","    1463","","0.0141","A"
"4","Trait5","pKWmEB","PstI.TP178437","11","    1464","","0.1254","G"
"4","Trait5","pKWmEB","PstI.TP178438","11","    1465","","0.2338","A"
"4","Trait5","pKWmEB","PstI.TP178503","11","    1466","","2.0540","G"
"4","Trait5","pKWmEB","PstI.TP178620","11","    1467","","0.1873","C"
"4","Trait5","pKWmEB","PstI.TP178993","11","    1468","","0.2215","A"
"4","Trait5","pKWmEB","PstI.TP179464","11","    1469","","0.5932","A"
"4","Trait5","pKWmEB","PstI.TP179522","11","    1470","","0.2846","A"
"4","Trait5","pKWmEB","PstI.TP179859","11","    1472","","0.2062","C"
"4","Trait5","pKWmEB","PstI.TP179883","11","    1473","","0.0348","A"
"4","Trait5","pKWmEB","PstI.TP179937","11","    1476","","0.0294","A"
"4","Trait5","pKWmEB","PstI.TP180007","11","    1477","","0.6764","C"
"4","Trait5","pKWmEB","PstI.TP180163","11","    1479","","0.0294","A"
"4","Trait5","pKWmEB","PstI.TP180517","11","    1480","","0.2563","A"
"4","Trait5","pKWmEB","PstI.TP180600","11","    1481","","0.5580","A"
"4","Trait5","pKWmEB","PstI.TP180894","11","    1482","","0.3884","A"
"4","Trait5","pKWmEB","PstI.TP180929","11","    1483","","1.3502","A"
"4","Trait5","pKWmEB","PstI.TP181122","11","    1484","","0.9960","C"
"4","Trait5","pKWmEB","PstI.TP181127","11","    1485","","0.7238","A"
"4","Trait5","pKWmEB","PstI.TP181250","11","    1487","","0.0856","C"
"4","Trait5","pKWmEB","PstI.TP181252","11","    1488","","0.0190","C"
"4","Trait5","pKWmEB","PstI.TP181457","11","    1490","","0.6863","A"
"4","Trait5","pKWmEB","PstI.TP181796","11","    1492","","0.9747","C"
"4","Trait5","pKWmEB","PstI.TP181854","11","    1493","","0.0318","C"
"4","Trait5","pKWmEB","PstI.TP181916","11","    1495","","0.6063","C"
"4","Trait5","pKWmEB","PstI.TP181983","11","    1496","","0.0614","C"
"4","Trait5","pKWmEB","PstI.TP182059","11","    1497","","0.0019","C"
"4","Trait5","pKWmEB","PstI.TP182489","11","    1499","","0.2827","A"
"4","Trait5","pKWmEB","PstI.TP182621","11","    1500","","0.7203","A"
"4","Trait5","pKWmEB","PstI.TP183004","11","    1501","","0.0822","A"
"4","Trait5","pKWmEB","PstI.TP183135","11","    1502","","0.1725","C"
"4","Trait5","pKWmEB","PstI.TP183151","11","    1503","","0.0300","A"
"4","Trait5","pKWmEB","PstI.TP183739","11","    1504","","1.1891","C"
"4","Trait5","pKWmEB","PstI.TP183967","11","    1505","","0.8231","A"
"4","Trait5","pKWmEB","PstI.TP184058","11","    1506","","0.1729","G"
"4","Trait5","pKWmEB","PstI.TP184375","11","    1508","","1.0360","A"
"4","Trait5","pKWmEB","PstI.TP184391","11","    1509","","0.3359","A"
"4","Trait5","pKWmEB","PstI.TP184407","11","    1510","","0.4095","C"
"4","Trait5","pKWmEB","PstI.TP184516","11","    1511","","0.2343","A"
"4","Trait5","pKWmEB","PstI.TP184692","11","    1512","","0.1337","C"
"4","Trait5","pKWmEB","PstI.TP184799","11","    1513","","0.2453","C"
"4","Trait5","pKWmEB","PstI.TP184849","11","    1514","","0.5819","A"
"4","Trait5","pKWmEB","PstI.TP185252","11","    1516","","0.0058","A"
"4","Trait5","pKWmEB","PstI.TP185309","11","    1517","","0.1448","A"
"4","Trait5","pKWmEB","PstI.TP185310","11","    1518","","0.3710","A"
"4","Trait5","pKWmEB","PstI.TP185501","11","    1519","","0.2480","A"
"4","Trait5","pKWmEB","PstI.TP185653","11","    1520","","0.2099","C"
"4","Trait5","pKWmEB","PstI.TP185658","11","    1521","","1.8268","A"
"4","Trait5","pKWmEB","PstI.TP185897","11","    1522","","0.0609","A"
"4","Trait5","pKWmEB","PstI.TP185917","11","    1523","","0.0789","A"
"4","Trait5","pKWmEB","PstI.TP185939","11","    1524","","0.0826","C"
"4","Trait5","pKWmEB","PstI.TP186419","11","    1526","","0.5378","A"
"4","Trait5","pKWmEB","PstI.TP186444","11","    1527","","0.0885","C"
"4","Trait5","pKWmEB","PstI.TP186469","11","    1528","","0.0461","C"
"4","Trait5","pKWmEB","PstI.TP187087","11","    1529","","0.4491","A"
"4","Trait5","pKWmEB","PstI.TP187258","11","    1530","","0.3778","C"
"4","Trait5","pKWmEB","PstI.TP187918","11","    1532","","0.6525","G"
"4","Trait5","pKWmEB","PstI.TP187994","11","    1533","","0.0080","C"
"4","Trait5","pKWmEB","PstI.TP188052","11","    1534","","1.4094","C"
"4","Trait5","pKWmEB","PstI.TP188414","11","    1535","","0.1646","A"
"4","Trait5","pKWmEB","PstI.TP188797","11","    1536","","0.4194","A"
"4","Trait5","pKWmEB","PstI.TP188877","11","    1537","","1.0056","A"
"4","Trait5","pKWmEB","PstI.TP188943","11","    1538","","0.0329","A"
"4","Trait5","pKWmEB","PstI.TP189065","11","    1539","","0.3319","C"
"4","Trait5","pKWmEB","PstI.TP189070","11","    1540","","0.1866","C"
"4","Trait5","pKWmEB","PstI.TP189102","11","    1542","","0.0893","A"
"4","Trait5","pKWmEB","PstI.TP189198","11","    1543","","0.1558","G"
"4","Trait5","pKWmEB","PstI.TP189313","11","    1544","","0.3942","C"
"4","Trait5","pKWmEB","PstI.TP189379","11","    1545","","0.1604","C"
"4","Trait5","pKWmEB","PstI.TP189419","11","    1546","","1.0686","G"
"4","Trait5","pKWmEB","PstI.TP189633","11","    1547","","0.6612","C"
"4","Trait5","pKWmEB","PstI.TP189665","11","    1548","","0.7988","C"
"4","Trait5","pKWmEB","PstI.TP190009","11","    1549","","0.2663","G"
"4","Trait5","pKWmEB","PstI.TP190033","11","    1550","","0.1506","C"
"4","Trait5","pKWmEB","PstI.TP190150","11","    1552","","0.8388","A"
"4","Trait5","pKWmEB","PstI.TP190242","11","    1553","","0.6968","A"
"4","Trait5","pKWmEB","PstI.TP190296","11","    1554","","1.1203","A"
"4","Trait5","pKWmEB","PstI.TP190318","11","    1555","","0.5518","C"
"4","Trait5","pKWmEB","PstI.TP190492","11","    1556","","0.0023","C"
"4","Trait5","pKWmEB","PstI.TP190688","11","    1558","","0.2991","A"
"4","Trait5","pKWmEB","PstI.TP190814","11","    1559","","0.5081","G"
"4","Trait5","pKWmEB","PstI.TP191200","11","    1561","","0.1119","A"
"4","Trait5","pKWmEB","PstI.TP191335","11","    1562","","0.7319","G"
"4","Trait5","pKWmEB","PstI.TP191364","11","    1563","","0.4639","C"
"4","Trait5","pKWmEB","PstI.TP191369","11","    1564","","0.0056","C"
"4","Trait5","pKWmEB","PstI.TP191455","11","    1565","","0.0895","A"
"4","Trait5","pKWmEB","PstI.TP191473","11","    1566","","0.9649","A"
"4","Trait5","pKWmEB","PstI.TP191510","11","    1567","","0.7410","A"
"4","Trait5","pKWmEB","PstI.TP191520","11","    1568","","0.0926","A"
"4","Trait5","pKWmEB","PstI.TP191591","11","    1569","","0.3503","C"
"4","Trait5","pKWmEB","PstI.TP191608","11","    1570","","0.5845","C"
"4","Trait5","pKWmEB","PstI.TP191619","11","    1571","","0.4161","C"
"4","Trait5","pKWmEB","PstI.TP191688","11","    1572","","0.0894","C"
"4","Trait5","pKWmEB","PstI.TP192044","11","    1573","","1.7838","A"
"4","Trait5","pKWmEB","PstI.TP192234","11","    1574","","0.2692","A"
"4","Trait5","pKWmEB","PstI.TP192620","11","    1575","","0.3407","C"
"4","Trait5","pKWmEB","PstI.TP192794","11","    1577","","0.2937","A"
"4","Trait5","pKWmEB","PstI.TP193244","11","    1578","","0.0845","A"
"4","Trait5","pKWmEB","PstI.TP193392","11","    1579","","0.7000","A"
"4","Trait5","pKWmEB","PstI.TP194177","11","    1582","","0.6416","C"
"4","Trait5","pKWmEB","PstI.TP194654","11","    1584","","0.0851","A"
"4","Trait5","pKWmEB","PstI.TP194797","11","    1585","","0.0307","C"
"4","Trait5","pKWmEB","PstI.TP194815","11","    1586","","0.9381","C"
"4","Trait5","pKWmEB","PstI.TP194887","11","    1587","","0.6550","C"
"4","Trait5","pKWmEB","PstI.TP194988","11","    1588","","0.5116","A"
"4","Trait5","pKWmEB","PstI.TP195218","11","    1591","","0.2766","C"
"4","Trait5","pKWmEB","PstI.TP195327","11","    1592","","0.1066","A"
"4","Trait5","pKWmEB","PstI.TP195367","11","    1593","","0.2221","G"
"4","Trait5","pKWmEB","PstI.TP195491","11","    1594","","0.3098","G"
"4","Trait5","pKWmEB","PstI.TP195838","11","    1595","","1.0610","G"
"4","Trait5","pKWmEB","PstI.TP196061","11","    1597","","0.0257","A"
"4","Trait5","pKWmEB","PstI.TP196073","11","    1598","","0.1538","G"
"4","Trait5","pKWmEB","PstI.TP196133","11","    1599","","0.6047","G"
"4","Trait5","pKWmEB","PstI.TP196590","11","    1601","","0.1427","G"
"4","Trait5","pKWmEB","PstI.TP196680","11","    1602","","0.8537","A"
"4","Trait5","pKWmEB","PstI.TP196691","11","    1603","","0.7436","C"
"4","Trait5","pKWmEB","PstI.TP196733","11","    1604","","0.1926","A"
"4","Trait5","pKWmEB","PstI.TP197124","11","    1607","","0.5075","G"
"4","Trait5","pKWmEB","PstI.TP197174","11","    1608","","0.5221","C"
"4","Trait5","pKWmEB","PstI.TP198056","11","    1612","","2.1373","A"
"4","Trait5","pKWmEB","PstI.TP198126","11","    1613","","0.2515","A"
"4","Trait5","pKWmEB","PstI.TP198374","11","    1614","","0.2670","A"
"4","Trait5","pKWmEB","PstI.TP198603","11","    1615","","0.1342","A"
"4","Trait5","pKWmEB","PstI.TP198630","11","    1616","","0.5691","A"
"4","Trait5","pKWmEB","PstI.TP198647","11","    1617","","1.2862","A"
"4","Trait5","pKWmEB","PstI.TP198662","11","    1618","","0.6914","A"
"4","Trait5","pKWmEB","PstI.TP198822","11","    1619","","0.2859","G"
"4","Trait5","pKWmEB","PstI.TP199027","11","    1620","","0.5774","G"
"4","Trait5","pKWmEB","PstI.TP199075","11","    1621","","0.5065","A"
"4","Trait5","pKWmEB","PstI.TP199096","11","    1622","","0.2317","G"
"4","Trait5","pKWmEB","PstI.TP199264","11","    1623","","0.2078","A"
"4","Trait5","pKWmEB","PstI.TP199490","11","    1624","","0.3006","C"
"4","Trait5","pKWmEB","PstI.TP199641","11","    1625","","0.4737","C"
"4","Trait5","pKWmEB","PstI.TP199807","11","    1626","","0.1415","C"
"4","Trait5","pKWmEB","PstI.TP199817","11","    1628","","1.8123","A"
"4","Trait5","pKWmEB","PstI.TP199859","11","    1629","","0.5372","A"
"4","Trait5","pKWmEB","PstI.TP199866","11","    1630","","0.7880","A"
"4","Trait5","pKWmEB","PstI.TP199887","11","    1631","","0.1279","A"
"4","Trait5","pKWmEB","PstI.TP199951","11","    1632","","0.1838","A"
"4","Trait5","pKWmEB","PstI.TP200108","11","    1633","","1.0327","C"
"4","Trait5","pKWmEB","PstI.TP200259","11","    1634","","0.9014","A"
"4","Trait5","pKWmEB","PstI.TP200261","11","    1635","","0.2837","A"
"4","Trait5","pKWmEB","PstI.TP200472","11","    1636","","0.0186","C"
"4","Trait5","pKWmEB","PstI.TP200675","11","    1637","","0.4214","A"
"4","Trait5","pKWmEB","PstI.TP200776","11","    1638","","0.2360","A"
"4","Trait5","pKWmEB","PstI.TP200865","11","    1639","","0.2127","A"
"4","Trait5","pKWmEB","PstI.TP200892","11","    1640","","0.1177","C"
"4","Trait5","pKWmEB","PstI.TP201108","11","    1641","","0.6698","A"
"4","Trait5","pKWmEB","PstI.TP201406","11","    1644","","0.1498","A"
"4","Trait5","pKWmEB","PstI.TP201408","11","    1645","","0.7793","C"
"4","Trait5","pKWmEB","PstI.TP201489","11","    1646","","0.3599","A"
"4","Trait5","pKWmEB","PstI.TP201539","11","    1647","","0.5479","A"
"4","Trait5","pKWmEB","PstI.TP201653","11","    1648","","0.9754","A"
"4","Trait5","pKWmEB","PstI.TP201678","11","    1649","","0.5987","C"
"4","Trait5","pKWmEB","PstI.TP201683","11","    1650","","0.5181","A"
"4","Trait5","pKWmEB","PstI.TP201752","11","    1651","","1.5574","C"
"4","Trait5","pKWmEB","PstI.TP202060","11","    1652","","0.2077","C"
"4","Trait5","pKWmEB","PstI.TP202104","11","    1653","","0.3452","A"
"4","Trait5","pKWmEB","PstI.TP202221","11","    1654","","1.0519","A"
"4","Trait5","pKWmEB","PstI.TP203196","11","    1657","","0.1749","A"
"4","Trait5","pKWmEB","PstI.TP203214","11","    1658","","0.0519","G"
"4","Trait5","pKWmEB","PstI.TP203344","11","    1659","","1.4325","C"
"4","Trait5","pKWmEB","PstI.TP203477","11","    1660","","0.3197","C"
"4","Trait5","pKWmEB","PstI.TP203581","11","    1662","","0.5912","C"
"4","Trait5","pKWmEB","PstI.TP203815","11","    1664","","0.8761","A"
"4","Trait5","pKWmEB","PstI.TP204191","11","    1666","","1.9104","A"
"4","Trait5","pKWmEB","PstI.TP204231","11","    1667","","0.0466","A"
"4","Trait5","pKWmEB","PstI.TP204357","11","    1668","","1.1328","C"
"4","Trait5","pKWmEB","PstI.TP204579","11","    1669","","0.3116","A"
"4","Trait5","pKWmEB","PstI.TP204842","11","    1672","","0.3322","A"
"4","Trait5","pKWmEB","PstI.TP204888","11","    1673","","0.4969","A"
"4","Trait5","pKWmEB","PstI.TP204901","11","    1674","","0.8742","A"
"4","Trait5","pKWmEB","PstI.TP205009","11","    1675","","0.9776","C"
"4","Trait5","pKWmEB","PstI.TP205095","11","    1676","","0.0138","C"
"4","Trait5","pKWmEB","PstI.TP205136","11","    1677","","0.0426","C"
"4","Trait5","pKWmEB","PstI.TP205179","11","    1678","","0.0377","C"
"4","Trait5","pKWmEB","PstI.TP205190","11","    1679","","0.0534","C"
"4","Trait5","pKWmEB","PstI.TP205344","11","    1680","","0.1402","C"
"4","Trait5","pKWmEB","PstI.TP205385","11","    1681","","0.5108","C"
"4","Trait5","pKWmEB","PstI.TP205391","11","    1682","","0.1951","C"
"4","Trait5","pKWmEB","PstI.TP205746","11","    1683","","0.2702","A"
"4","Trait5","pKWmEB","PstI.TP205888","11","    1684","","0.6407","A"
"4","Trait5","pKWmEB","PstI.TP205923","11","    1686","","0.9435","A"
"4","Trait5","pKWmEB","PstI.TP205979","11","    1687","","0.0626","A"
"4","Trait5","pKWmEB","PstI.TP206335","11","    1688","","0.3191","C"
"4","Trait5","pKWmEB","PstI.TP206338","11","    1689","","1.1837","A"
"4","Trait5","pKWmEB","PstI.TP206754","11","    1690","","0.3509","A"
"4","Trait5","pKWmEB","PstI.TP206787","11","    1691","","0.1198","A"
"4","Trait5","pKWmEB","PstI.TP207008","11","    1693","","0.0049","C"
"4","Trait5","pKWmEB","PstI.TP207203","11","    1694","","0.2280","A"
"4","Trait5","pKWmEB","PstI.TP207551","11","    1695","","0.0854","A"
"4","Trait5","pKWmEB","PstI.TP207593","11","    1696","","0.2581","C"
"4","Trait5","pKWmEB","PstI.TP207745","11","    1697","","0.6343","C"
"4","Trait5","pKWmEB","PstI.TP207910","11","    1698","","1.0638","A"
"4","Trait5","pKWmEB","PstI.TP207916","11","    1699","","0.2719","A"
"4","Trait5","pKWmEB","PstI.TP208551","11","    1702","","0.9187","A"
"4","Trait5","pKWmEB","PstI.TP208634","11","    1703","","0.7616","G"
"4","Trait5","pKWmEB","PstI.TP208641","11","    1704","","0.1565","A"
"4","Trait5","pKWmEB","PstI.TP208761","11","    1705","","0.8828","A"
"4","Trait5","pKWmEB","PstI.TP209164","11","    1706","","0.2827","A"
"4","Trait5","pKWmEB","PstI.TP209176","11","    1707","","0.0115","A"
"4","Trait5","pKWmEB","PstI.TP209252","11","    1709","","0.3495","C"
"4","Trait5","pKWmEB","PstI.TP209435","11","    1713","","0.3301","C"
"4","Trait5","pKWmEB","PstI.TP209473","11","    1714","","0.4773","A"
"4","Trait5","pKWmEB","PstI.TP209491","11","    1715","","0.1909","A"
"4","Trait5","pKWmEB","PstI.TP209609","11","    1716","","0.3391","G"
"4","Trait5","pKWmEB","PstI.TP209958","11","    1718","","0.1053","C"
"4","Trait5","pKWmEB","PstI.TP210200","11","    1720","","0.1910","C"
"4","Trait5","pKWmEB","PstI.TP210434","11","    1721","","0.1866","A"
"4","Trait5","pKWmEB","PstI.TP210533","11","    1722","","1.4581","A"
"4","Trait5","pKWmEB","PstI.TP210560","11","    1723","","0.4069","A"
"4","Trait5","pKWmEB","PstI.TP210602","11","    1724","","0.9463","A"
"4","Trait5","pKWmEB","PstI.TP210734","11","    1725","","0.7830","A"
"4","Trait5","pKWmEB","PstI.TP210761","11","    1726","","0.7243","C"
"4","Trait5","pKWmEB","PstI.TP210802","11","    1727","","2.0404","A"
"4","Trait5","pKWmEB","PstI.TP211134","11","    1728","","2.7351","A"
"4","Trait5","pKWmEB","PstI.TP211163","11","    1729","","0.6746","A"
"4","Trait5","pKWmEB","PstI.TP211841","11","    1731","","0.7501","C"
"4","Trait5","pKWmEB","PstI.TP211934","11","    1732","","0.3949","C"
"4","Trait5","pKWmEB","PstI.TP212060","11","    1733","","0.0050","C"
"4","Trait5","pKWmEB","PstI.TP212110","11","    1734","","0.3226","A"
"4","Trait5","pKWmEB","PstI.TP212301","11","    1735","","0.1548","C"
"4","Trait5","pKWmEB","PstI.TP212400","11","    1736","","0.2433","A"
"4","Trait5","pKWmEB","PstI.TP212428","11","    1737","","0.5640","A"
"4","Trait5","pKWmEB","PstI.TP212432","11","    1738","","0.3825","G"
"4","Trait5","pKWmEB","PstI.TP212455","11","    1739","","0.8544","C"
"4","Trait5","pKWmEB","PstI.TP212690","11","    1740","","0.0485","C"
"4","Trait5","pKWmEB","PstI.TP212816","11","    1741","","0.3695","G"
"4","Trait5","pKWmEB","PstI.TP212882","11","    1742","","0.1615","A"
"4","Trait5","pKWmEB","PstI.TP212936","11","    1743","","0.0144","A"
"4","Trait5","pKWmEB","PstI.TP213011","11","    1745","","1.0900","A"
"4","Trait5","pKWmEB","PstI.TP213462","11","    1747","","0.9214","C"
"4","Trait5","pKWmEB","PstI.TP213670","11","    1748","","0.1476","G"
"4","Trait5","pKWmEB","PstI.TP213714","11","    1750","","0.1768","C"
"4","Trait5","pKWmEB","PstI.TP214632","11","    1752","","1.3301","C"
"4","Trait5","pKWmEB","PstI.TP214637","11","    1753","","0.1486","C"
"4","Trait5","pKWmEB","PstI.TP214870","11","    1756","","0.2004","A"
"4","Trait5","pKWmEB","PstI.TP214911","11","    1757","","0.4749","A"
"4","Trait5","pKWmEB","PstI.TP215342","11","    1758","","0.6746","A"
"4","Trait5","pKWmEB","PstI.TP215389","11","    1759","","0.5452","A"
"4","Trait5","pKWmEB","PstI.TP215425","11","    1760","","0.3235","G"
"4","Trait5","pKWmEB","PstI.TP216135","11","    1761","","0.2916","C"
"4","Trait5","pKWmEB","PstI.TP216465","11","    1763","","1.1831","C"
"4","Trait5","pKWmEB","PstI.TP216489","11","    1764","","0.8613","A"
"4","Trait5","pKWmEB","PstI.TP216583","11","    1765","","0.0688","G"
"4","Trait5","pKWmEB","PstI.TP216668","11","    1766","","0.5378","A"
"4","Trait5","pKWmEB","PstI.TP216873","11","    1767","","0.6309","C"
"4","Trait5","pKWmEB","PstI.TP217064","11","    1768","","0.3298","A"
"4","Trait5","pKWmEB","PstI.TP217095","11","    1769","","0.9690","A"
"4","Trait5","pKWmEB","PstI.TP217175","11","    1770","","0.0822","A"
"4","Trait5","pKWmEB","PstI.TP217336","11","    1771","","0.3215","C"
"4","Trait5","pKWmEB","PstI.TP217446","11","    1772","","0.0767","A"
"4","Trait5","pKWmEB","PstI.TP217462","11","    1773","","0.7946","G"
"4","Trait5","pKWmEB","PstI.TP217555","11","    1774","","0.3892","C"
"4","Trait5","pKWmEB","PstI.TP217765","11","    1775","","0.9928","A"
"4","Trait5","pKWmEB","PstI.TP218048","11","    1776","","0.8466","C"
"4","Trait5","pKWmEB","PstI.TP218134","11","    1777","","0.1598","A"
"4","Trait5","pKWmEB","PstI.TP218242","11","    1778","","1.0160","A"
"4","Trait5","pKWmEB","PstI.TP218291","11","    1779","","0.2282","C"
"4","Trait5","pKWmEB","PstI.TP218473","11","    1782","","1.3610","C"
"4","Trait5","pKWmEB","PstI.TP218530","11","    1783","","0.1780","C"
"4","Trait5","pKWmEB","PstI.TP218698","11","    1784","","0.0038","A"
"4","Trait5","pKWmEB","PstI.TP218722","11","    1786","","0.8142","C"
"4","Trait5","pKWmEB","PstI.TP218751","11","    1787","","0.1050","A"
"4","Trait5","pKWmEB","PstI.TP218805","11","    1788","","0.4693","A"
"4","Trait5","pKWmEB","PstI.TP218891","11","    1789","","0.0531","C"
"4","Trait5","pKWmEB","PstI.TP219359","11","    1790","","1.4592","G"
"4","Trait5","pKWmEB","PstI.TP219505","11","    1791","","0.6059","A"
"4","Trait5","pKWmEB","PstI.TP219629","11","    1793","","0.5146","C"
"4","Trait5","pKWmEB","PstI.TP219747","11","    1794","","0.2873","C"
"4","Trait5","pKWmEB","PstI.TP219786","11","    1796","","0.3298","C"
"4","Trait5","pKWmEB","PstI.TP219843","11","    1797","","0.4478","A"
"4","Trait5","pKWmEB","PstI.TP219866","11","    1798","","0.8126","A"
"4","Trait5","pKWmEB","PstI.TP219955","11","    1799","","0.2395","A"
"4","Trait5","pKWmEB","PstI.TP220092","11","    1800","","0.7298","C"
"4","Trait5","pKWmEB","PstI.TP220287","11","    1801","","0.0944","A"
"4","Trait5","pKWmEB","PstI.TP220394","11","    1803","","1.0257","A"
"4","Trait5","pKWmEB","PstI.TP220576","11","    1806","","0.0269","C"
"4","Trait5","pKWmEB","PstI.TP220828","11","    1807","","0.4972","C"
"4","Trait5","pKWmEB","PstI.TP221100","11","    1809","","1.5312","A"
"4","Trait5","pKWmEB","PstI.TP221104","11","    1810","","0.1889","A"
"4","Trait5","pKWmEB","PstI.TP221128","11","    1812","","0.0520","A"
"4","Trait5","pKWmEB","PstI.TP221253","11","    1814","","0.6406","G"
"4","Trait5","pKWmEB","PstI.TP221302","11","    1815","","0.1016","A"
"4","Trait5","pKWmEB","PstI.TP221413","11","    1816","","0.3000","C"
"4","Trait5","pKWmEB","PstI.TP221794","11","    1818","","0.2669","C"
"4","Trait5","pKWmEB","PstI.TP221824","11","    1819","","1.1220","A"
"4","Trait5","pKWmEB","PstI.TP221885","11","    1820","","1.5452","G"
"4","Trait5","pKWmEB","PstI.TP222106","11","    1821","","0.8260","C"
"4","Trait5","pKWmEB","PstI.TP222110","11","    1822","","0.4320","G"
"4","Trait5","pKWmEB","PstI.TP222872","11","    1823","","0.2133","A"
"4","Trait5","pKWmEB","PstI.TP222909","11","    1824","","0.0012","C"
"4","Trait5","pKWmEB","PstI.TP222976","11","    1826","","0.6487","C"
"4","Trait5","pKWmEB","PstI.TP222991","11","    1827","","0.2830","C"
"4","Trait5","pKWmEB","PstI.TP223156","11","    1828","","0.0760","A"
"4","Trait5","pKWmEB","PstI.TP223198","11","    1829","","0.3583","A"
"4","Trait5","pKWmEB","PstI.TP223236","11","    1830","","0.4627","A"
"4","Trait5","pKWmEB","PstI.TP223261","11","    1831","","0.2120","C"
"4","Trait5","pKWmEB","PstI.TP223348","11","    1832","","1.5532","A"
"4","Trait5","pKWmEB","PstI.TP223423","11","    1834","","0.8500","A"
"4","Trait5","pKWmEB","PstI.TP223445","11","    1835","","0.1258","G"
"4","Trait5","pKWmEB","PstI.TP223643","11","    1838","","0.0490","A"
"4","Trait5","pKWmEB","PstI.TP223925","11","    1839","","0.4067","C"
"4","Trait5","pKWmEB","PstI.TP224049","11","    1840","","0.1582","A"
"4","Trait5","pKWmEB","PstI.TP224107","11","    1841","","0.2648","A"
"4","Trait5","pKWmEB","PstI.TP224188","11","    1842","","0.4646","A"
"4","Trait5","pKWmEB","PstI.TP224672","11","    1845","","0.0600","C"
"4","Trait5","pKWmEB","PstI.TP224905","11","    1847","","0.3198","C"
"4","Trait5","pKWmEB","PstI.TP224941","11","    1848","","0.8029","G"
"4","Trait5","pKWmEB","PstI.TP225347","11","    1850","","0.1024","C"
"4","Trait5","pKWmEB","PstI.TP225656","11","    1851","","1.1360","G"
"4","Trait5","pKWmEB","PstI.TP225696","11","    1852","","0.1643","A"
"4","Trait5","pKWmEB","PstI.TP225746","11","    1853","","0.7391","C"
"4","Trait5","pKWmEB","PstI.TP225790","11","    1854","","0.0577","C"
"4","Trait5","pKWmEB","PstI.TP225964","11","    1857","","0.5462","C"
"4","Trait5","pKWmEB","PstI.TP226426","11","    1858","","0.0000","A"
"4","Trait5","pKWmEB","PstI.TP226488","11","    1859","","0.3523","A"
"4","Trait5","pKWmEB","PstI.TP226506","11","    1860","","0.1388","C"
"4","Trait5","pKWmEB","PstI.TP226509","11","    1861","","0.5972","C"
"4","Trait5","pKWmEB","PstI.TP226527","11","    1862","","0.0714","C"
"4","Trait5","pKWmEB","PstI.TP226901","11","    1863","","0.5565","C"
"4","Trait5","pKWmEB","PstI.TP227229","11","    1866","","0.7046","C"
"4","Trait5","pKWmEB","PstI.TP227748","11","    1867","","0.3674","C"
"4","Trait5","pKWmEB","PstI.TP227782","11","    1868","","0.1244","A"
"4","Trait5","pKWmEB","PstI.TP227989","11","    1871","","0.0856","A"
"4","Trait5","pKWmEB","PstI.TP228025","11","    1872","","0.0247","A"
"4","Trait5","pKWmEB","PstI.TP228136","11","    1873","","0.9310","A"
"4","Trait5","pKWmEB","PstI.TP228250","11","    1876","","0.0373","A"
"4","Trait5","pKWmEB","PstI.TP228768","11","    1880","","0.0447","A"
"4","Trait5","pKWmEB","PstI.TP229079","11","    1881","","0.0394","A"
"4","Trait5","pKWmEB","PstI.TP229229","11","    1883","","0.7671","A"
"4","Trait5","pKWmEB","PstI.TP229256","11","    1884","","0.3306","A"
"4","Trait5","pKWmEB","PstI.TP229265","11","    1885","","0.0805","A"
"4","Trait5","pKWmEB","PstI.TP229360","11","    1886","","0.0654","A"
"4","Trait5","pKWmEB","PstI.TP229407","11","    1887","","1.1740","A"
"4","Trait5","pKWmEB","PstI.TP229433","11","    1888","","1.0628","A"
"4","Trait5","pKWmEB","PstI.TP229461","11","    1889","","0.5963","A"
"4","Trait5","pKWmEB","PstI.TP229486","11","    1890","","0.0129","C"
"4","Trait5","pKWmEB","PstI.TP229497","11","    1891","","0.0613","C"
"4","Trait5","pKWmEB","PstI.TP229583","11","    1892","","0.3520","A"
"4","Trait5","pKWmEB","PstI.TP229641","11","    1893","","0.9654","A"
"4","Trait5","pKWmEB","PstI.TP229878","11","    1895","","0.0919","C"
"4","Trait5","pKWmEB","PstI.TP230049","11","    1896","","0.2311","A"
"4","Trait5","pKWmEB","PstI.TP230112","11","    1898","","0.7355","C"
"4","Trait5","pKWmEB","PstI.TP230121","11","    1899","","0.1794","G"
"4","Trait5","pKWmEB","PstI.TP230367","11","    1900","","0.4495","C"
"4","Trait5","pKWmEB","PstI.TP230418","11","    1901","","0.0809","C"
"4","Trait5","pKWmEB","PstI.TP230626","11","    1904","","0.6432","C"
"4","Trait5","pKWmEB","PstI.TP230668","11","    1905","","0.3352","G"
"4","Trait5","pKWmEB","PstI.TP230688","11","    1906","","0.5675","A"
"4","Trait5","pKWmEB","PstI.TP231049","11","    1907","","0.5488","A"
"4","Trait5","pKWmEB","PstI.TP231090","11","    1908","","0.4201","A"
"4","Trait5","pKWmEB","PstI.TP231364","11","    1909","","0.0256","A"
"4","Trait5","pKWmEB","PstI.TP231365","11","    1910","","0.4720","A"
"4","Trait5","pKWmEB","PstI.TP231550","11","    1912","","0.3318","G"
"4","Trait5","pKWmEB","PstI.TP231933","11","    1913","","0.3183","G"
"4","Trait5","pKWmEB","PstI.TP231999","11","    1914","","0.0576","A"
"4","Trait5","pKWmEB","PstI.TP232042","11","    1915","","0.2628","A"
"4","Trait5","pKWmEB","PstI.TP233017","11","    1916","","0.0997","A"
"4","Trait5","pKWmEB","PstI.TP233034","11","    1917","","0.8436","A"
"4","Trait5","pKWmEB","PstI.TP233044","11","    1918","","0.1975","G"
"4","Trait5","pKWmEB","PstI.TP233770","11","    1919","","0.1230","A"
"4","Trait5","pKWmEB","PstI.TP233991","11","    1920","","0.3114","A"
"4","Trait5","pKWmEB","PstI.TP234053","11","    1921","","0.4976","A"
"4","Trait5","pKWmEB","PstI.TP234104","11","    1922","","0.1484","A"
"4","Trait5","pKWmEB","PstI.TP234214","11","    1923","","1.0932","C"
"4","Trait5","pKWmEB","PstI.TP234364","11","    1924","","0.8281","A"
"4","Trait5","pKWmEB","PstI.TP234520","11","    1925","","0.5149","A"
"4","Trait5","pKWmEB","PstI.TP234651","11","    1926","","0.1258","A"
"4","Trait5","pKWmEB","PstI.TP234782","11","    1927","","0.4432","A"
"4","Trait5","pKWmEB","PstI.TP234825","11","    1928","","0.7965","A"
"4","Trait5","pKWmEB","PstI.TP234996","11","    1929","","0.3062","C"
"4","Trait5","pKWmEB","PstI.TP235160","11","    1931","","0.7292","A"
"4","Trait5","pKWmEB","PstI.TP235636","11","    1933","","1.9013","A"
"4","Trait5","pKWmEB","PstI.TP235874","11","    1935","","0.7727","A"
"4","Trait5","pKWmEB","PstI.TP236137","11","    1936","","2.0278","A"
"4","Trait5","pKWmEB","PstI.TP236166","11","    1937","","0.1768","A"
"4","Trait5","pKWmEB","PstI.TP236537","11","    1939","","0.5331","C"
"4","Trait5","pKWmEB","PstI.TP236647","11","    1940","","0.8391","A"
"4","Trait5","pKWmEB","PstI.TP236684","11","    1941","","0.5375","A"
"4","Trait5","pKWmEB","PstI.TP237212","11","    1942","","0.2604","A"
"4","Trait5","pKWmEB","PstI.TP237244","11","    1943","","0.4715","C"
"4","Trait5","pKWmEB","PstI.TP237440","11","    1946","","0.2171","A"
"4","Trait5","pKWmEB","PstI.TP237739","11","    1948","","0.5140","A"
"4","Trait5","pKWmEB","PstI.TP237881","11","    1949","","0.5047","A"
"4","Trait5","pKWmEB","PstI.TP237971","11","    1950","","0.8839","A"
"4","Trait5","pKWmEB","PstI.TP238110","11","    1952","","0.7644","A"
"4","Trait5","pKWmEB","PstI.TP238823","11","    1954","","0.4159","A"
"4","Trait5","pKWmEB","PstI.TP238859","11","    1956","","0.8022","A"
"4","Trait5","pKWmEB","PstI.TP239002","11","    1957","","0.2706","C"
"4","Trait5","pKWmEB","PstI.TP239033","11","    1958","","0.0499","C"
"4","Trait5","pKWmEB","PstI.TP239042","11","    1959","","0.1734","A"
"4","Trait5","pKWmEB","PstI.TP239598","11","    1961","","0.6607","C"
"4","Trait5","pKWmEB","PstI.TP239636","11","    1962","","0.1537","A"
"4","Trait5","pKWmEB","PstI.TP239778","11","    1963","","1.2563","A"
"4","Trait5","pKWmEB","PstI.TP239791","11","    1964","","0.2413","A"
"4","Trait5","pKWmEB","PstI.TP240230","11","    1966","","0.5812","C"
"4","Trait5","pKWmEB","PstI.TP240322","11","    1967","","0.2150","A"
"4","Trait5","pKWmEB","PstI.TP240869","11","    1968","","0.1940","G"
"4","Trait5","pKWmEB","PstI.TP240889","11","    1969","","1.5086","A"
"4","Trait5","pKWmEB","PstI.TP241340","11","    1971","","0.6305","C"
"4","Trait5","pKWmEB","PstI.TP241591","11","    1972","","0.2868","C"
"4","Trait5","pKWmEB","PstI.TP241647","11","    1973","","1.0869","A"
"4","Trait5","pKWmEB","PstI.TP241720","11","    1974","","0.4342","G"
"4","Trait5","pKWmEB","PstI.TP241855","11","    1975","","0.3175","C"
"4","Trait5","pKWmEB","PstI.TP241902","11","    1976","","0.5962","A"
"4","Trait5","pKWmEB","PstI.TP241977","11","    1977","","0.7793","C"
"4","Trait5","pKWmEB","PstI.TP242268","11","    1979","","0.2157","A"
"4","Trait5","pKWmEB","PstI.TP242983","11","    1983","","0.0912","C"
"4","Trait5","pKWmEB","PstI.TP243181","11","    1984","","0.0631","A"
"4","Trait5","pKWmEB","PstI.TP243246","11","    1985","","0.4693","C"
"4","Trait5","pKWmEB","PstI.TP243305","11","    1987","","0.3437","C"
"4","Trait5","pKWmEB","PstI.TP243379","11","    1988","","1.3920","A"
"4","Trait5","pKWmEB","PstI.TP244086","11","    1990","","0.6010","A"
"4","Trait5","pKWmEB","PstI.TP244109","11","    1992","","0.1883","C"
"4","Trait5","pKWmEB","PstI.TP244133","11","    1993","","0.3283","C"
"4","Trait5","pKWmEB","PstI.TP244431","11","    1994","","1.0418","C"
"4","Trait5","pKWmEB","PstI.TP244578","11","    1995","","0.4403","A"
"4","Trait5","pKWmEB","PstI.TP244587","11","    1996","","1.6490","C"
"4","Trait5","pKWmEB","PstI.TP244901","11","    1997","","0.4175","C"
"4","Trait5","pKWmEB","PstI.TP245124","11","    1999","","2.2351","A"
"4","Trait5","pKWmEB","PstI.TP245148","11","    2000","","0.6389","C"
"4","Trait5","pKWmEB","PstI.TP245202","11","    2001","","1.3277","C"
"4","Trait5","pKWmEB","PstI.TP245298","11","    2003","","0.1886","C"
"4","Trait5","pKWmEB","PstI.TP245979","11","    2004","","0.0098","A"
"4","Trait5","pKWmEB","PstI.TP245992","11","    2005","","1.6547","A"
"4","Trait5","pKWmEB","PstI.TP246072","11","    2006","","0.0153","C"
"4","Trait5","pKWmEB","PstI.TP246413","11","    2008","","0.4550","A"
"4","Trait5","pKWmEB","PstI.TP246622","11","    2009","","0.1909","A"
"4","Trait5","pKWmEB","PstI.TP247007","11","    2011","","1.1241","C"
"4","Trait5","pKWmEB","PstI.TP247627","11","    2014","","1.3696","A"
"4","Trait5","pKWmEB","PstI.TP247926","11","    2015","","0.4495","G"
"4","Trait5","pKWmEB","PstI.TP248071","11","    2016","","0.1925","C"
"4","Trait5","pKWmEB","PstI.TP248137","11","    2017","","0.3678","C"
"4","Trait5","pKWmEB","PstI.TP248625","11","    2018","","0.3827","A"
"4","Trait5","pKWmEB","PstI.TP248791","11","    2020","","0.3853","A"
"4","Trait5","pKWmEB","PstI.TP248887","11","    2021","","0.0798","A"
"4","Trait5","pKWmEB","PstI.TP248973","11","    2023","","0.0918","G"
"4","Trait5","pKWmEB","PstI.TP249023","11","    2024","","0.3310","A"
"4","Trait5","pKWmEB","PstI.TP249283","11","    2025","","0.3194","C"
"4","Trait5","pKWmEB","PstI.TP249319","11","    2026","","0.0329","A"
"4","Trait5","pKWmEB","PstI.TP249357","11","    2027","","1.2646","A"
"4","Trait5","pKWmEB","PstI.TP249591","11","    2028","","0.1788","A"
"4","Trait5","pKWmEB","PstI.TP249756","11","    2031","","0.1082","A"
"4","Trait5","pKWmEB","PstI.TP249835","11","    2032","","0.3197","G"
"4","Trait5","pKWmEB","PstI.TP250138","11","    2033","","1.0115","G"
"4","Trait5","pKWmEB","PstI.TP250191","11","    2035","","0.2034","G"
"4","Trait5","pKWmEB","PstI.TP250385","11","    2036","","0.3795","A"
"4","Trait5","pKWmEB","PstI.TP250830","11","    2038","","0.7396","C"
"4","Trait5","pKWmEB","PstI.TP250849","11","    2039","","0.3415","A"
"4","Trait5","pKWmEB","PstI.TP250949","11","    2040","","1.4546","C"
"4","Trait5","pKWmEB","PstI.TP251108","11","    2041","","1.0385","A"
"4","Trait5","pKWmEB","PstI.TP251137","11","    2043","","0.4490","C"
"4","Trait5","pKWmEB","PstI.TP251270","11","    2044","","0.2370","A"
"4","Trait5","pKWmEB","PstI.TP251365","11","    2045","","0.0833","A"
"4","Trait5","pKWmEB","PstI.TP251740","11","    2046","","0.1174","C"
"4","Trait5","pKWmEB","PstI.TP251851","11","    2047","","0.1041","A"
"4","Trait5","pKWmEB","PstI.TP251975","11","    2049","","0.0244","C"
"4","Trait5","pKWmEB","PstI.TP251993","11","    2050","","0.6965","A"
"4","Trait5","pKWmEB","PstI.TP252500","11","    2052","","0.2415","C"
"4","Trait5","pKWmEB","PstI.TP252508","11","    2053","","0.6701","A"
"4","Trait5","pKWmEB","PstI.TP252564","11","    2054","","0.1477","C"
"4","Trait5","pKWmEB","PstI.TP252584","11","    2055","","0.9899","A"
"4","Trait5","pKWmEB","PstI.TP252911","11","    2058","","0.6959","A"
"4","Trait5","pKWmEB","PstI.TP253082","11","    2059","","0.7098","C"
"4","Trait5","pKWmEB","PstI.TP253210","11","    2060","","0.3086","G"
"4","Trait5","pKWmEB","PstI.TP253457","11","    2062","","0.8571","A"
"4","Trait5","pKWmEB","PstI.TP253832","11","    2065","","1.1039","A"
"4","Trait5","pKWmEB","PstI.TP254032","11","    2066","","0.1610","A"
"4","Trait5","pKWmEB","PstI.TP254081","11","    2067","","0.6060","A"
"4","Trait5","pKWmEB","PstI.TP254128","11","    2068","","0.0373","C"
"4","Trait5","pKWmEB","PstI.TP254188","11","    2069","","0.3178","A"
"4","Trait5","pKWmEB","PstI.TP254230","11","    2070","","0.5158","A"
"4","Trait5","pKWmEB","PstI.TP254236","11","    2071","","1.0882","A"
"4","Trait5","pKWmEB","PstI.TP254242","11","    2072","","0.1591","A"
"4","Trait5","pKWmEB","PstI.TP254443","11","    2074","","0.4309","C"
"4","Trait5","pKWmEB","PstI.TP254953","11","    2076","","0.6866","G"
"4","Trait5","pKWmEB","PstI.TP255001","11","    2077","","0.3443","A"
"4","Trait5","pKWmEB","PstI.TP255296","11","    2078","","1.1926","A"
"4","Trait5","pKWmEB","PstI.TP255599","11","    2079","","0.2553","C"
"4","Trait5","pKWmEB","PstI.TP255725","11","    2080","","0.6755","C"
"4","Trait5","pKWmEB","PstI.TP255778","11","    2081","","0.2995","A"
"4","Trait5","pKWmEB","PstI.TP255821","11","    2083","","0.7070","G"
"4","Trait5","pKWmEB","PstI.TP255867","11","    2084","","0.3986","C"
"4","Trait5","pKWmEB","PstI.TP255892","11","    2085","","0.2461","A"
"4","Trait5","pKWmEB","PstI.TP256007","11","    2086","","0.7062","A"
"4","Trait5","pKWmEB","PstI.TP256040","11","    2087","","0.4526","A"
"4","Trait5","pKWmEB","PstI.TP256221","11","    2088","","0.2597","A"
"4","Trait5","pKWmEB","PstI.TP256240","11","    2089","","0.2224","C"
"4","Trait5","pKWmEB","PstI.TP256241","11","    2090","","0.7185","A"
"4","Trait5","pKWmEB","PstI.TP256291","11","    2091","","0.6897","A"
"4","Trait5","pKWmEB","PstI.TP256342","11","    2092","","0.1096","A"
"4","Trait5","pKWmEB","PstI.TP256348","11","    2093","","0.4733","C"
"4","Trait5","pKWmEB","PstI.TP256959","11","    2095","","0.2780","A"
"4","Trait5","pKWmEB","PstI.TP257290","11","    2097","","2.1140","C"
"4","Trait5","pKWmEB","PstI.TP257582","11","    2099","","0.3215","A"
"4","Trait5","pKWmEB","PstI.TP257587","11","    2100","","0.3412","C"
"4","Trait5","pKWmEB","PstI.TP258249","11","    2102","","0.0966","C"
"4","Trait5","pKWmEB","PstI.TP258307","11","    2104","","0.1939","A"
"4","Trait5","pKWmEB","PstI.TP258711","11","    2106","","0.2969","G"
"4","Trait5","pKWmEB","PstI.TP258800","11","    2107","","0.0635","A"
"4","Trait5","pKWmEB","PstI.TP258803","11","    2108","","0.2905","A"
"4","Trait5","pKWmEB","PstI.TP258928","11","    2109","","0.3002","A"
"4","Trait5","pKWmEB","PstI.TP259004","11","    2110","","0.4008","C"
"4","Trait5","pKWmEB","PstI.TP259507","11","    2111","","1.2998","A"
"4","Trait5","pKWmEB","PstI.TP259628","11","    2112","","0.1462","A"
"4","Trait5","pKWmEB","PstI.TP260138","11","    2113","","0.3683","C"
"4","Trait5","pKWmEB","PstI.TP260153","11","    2114","","0.2045","C"
"4","Trait5","pKWmEB","PstI.TP260181","11","    2115","","0.1492","C"
"4","Trait5","pKWmEB","PstI.TP260223","11","    2116","","0.2468","A"
"4","Trait5","pKWmEB","PstI.TP260268","11","    2117","","0.1598","C"
"4","Trait5","pKWmEB","PstI.TP260295","11","    2118","","0.5051","A"
"4","Trait5","pKWmEB","PstI.TP261431","11","    2120","","0.9367","C"
"4","Trait5","pKWmEB","PstI.TP261581","11","    2121","","0.0816","G"
"4","Trait5","pKWmEB","PstI.TP262227","11","    2123","","0.4320","C"
"4","Trait5","pKWmEB","PstI.TP262343","11","    2124","","0.0363","C"
"4","Trait5","pKWmEB","PstI.TP262487","11","    2125","","0.1715","A"
"4","Trait5","pKWmEB","PstI.TP262493","11","    2126","","0.3393","A"
"4","Trait5","pKWmEB","PstI.TP262611","11","    2127","","0.0695","C"
"4","Trait5","pKWmEB","PstI.TP262734","11","    2128","","1.0109","A"
"4","Trait5","pKWmEB","PstI.TP263036","11","    2130","","0.3562","C"
"4","Trait5","pKWmEB","PstI.TP263096","11","    2133","","0.8375","C"
"4","Trait5","pKWmEB","PstI.TP263163","11","    2134","","1.2787","C"
"4","Trait5","pKWmEB","PstI.TP263510","11","    2135","","0.2811","A"
"4","Trait5","pKWmEB","PstI.TP263565","11","    2137","","0.6136","C"
"4","Trait5","pKWmEB","PstI.TP263755","11","    2140","","0.8342","A"
"4","Trait5","pKWmEB","PstI.TP263822","11","    2141","","0.0795","A"
"4","Trait5","pKWmEB","PstI.TP264152","11","    2142","","0.1353","C"
"4","Trait5","pKWmEB","PstI.TP264306","11","    2143","","0.7671","A"
"4","Trait5","pKWmEB","PstI.TP264386","11","    2144","","0.1582","C"
"4","Trait5","pKWmEB","PstI.TP264408","11","    2145","","0.0287","A"
"4","Trait5","pKWmEB","PstI.TP264488","11","    2146","","1.0458","A"
"4","Trait5","pKWmEB","PstI.TP264507","11","    2147","","0.7299","A"
"4","Trait5","pKWmEB","PstI.TP264946","11","    2151","","0.0000","A"
"4","Trait5","pKWmEB","PstI.TP264949","11","    2152","","2.9934","A"
"4","Trait5","pKWmEB","PstI.TP265163","11","    2153","","0.7758","C"
"4","Trait5","pKWmEB","PstI.TP265353","11","    2155","","0.2918","A"
"4","Trait5","pKWmEB","PstI.TP265446","11","    2157","","1.4949","G"
"4","Trait5","pKWmEB","PstI.TP265603","11","    2159","","0.0061","A"
"4","Trait5","pKWmEB","PstI.TP265718","11","    2160","","0.1105","A"
"4","Trait5","pKWmEB","PstI.TP266388","11","    2162","","0.7785","C"
"4","Trait5","pKWmEB","PstI.TP266465","11","    2163","","0.4684","C"
"4","Trait5","pKWmEB","PstI.TP266556","11","    2164","","0.5812","C"
"4","Trait5","pKWmEB","PstI.TP266574","11","    2165","","0.2703","A"
"4","Trait5","pKWmEB","PstI.TP267263","11","    2166","","0.8275","C"
"4","Trait5","pKWmEB","PstI.TP267341","11","    2168","","0.4765","A"
"4","Trait5","pKWmEB","PstI.TP267454","11","    2169","","0.1018","A"
"4","Trait5","pKWmEB","PstI.TP267544","11","    2170","","0.4652","A"
"4","Trait5","pKWmEB","PstI.TP267743","11","    2171","","0.3974","A"
"4","Trait5","pKWmEB","PstI.TP267873","11","    2174","","0.4275","C"
"4","Trait5","pKWmEB","PstI.TP268088","11","    2176","","0.1272","A"
"4","Trait5","pKWmEB","PstI.TP268129","11","    2177","","0.6262","C"
"4","Trait5","pKWmEB","PstI.TP268577","11","    2179","","0.2968","C"
"4","Trait5","pKWmEB","PstI.TP268595","11","    2180","","0.3186","C"
"4","Trait5","pKWmEB","PstI.TP268740","11","    2181","","0.5454","A"
"4","Trait5","pKWmEB","PstI.TP268917","11","    2182","","0.0239","C"
"4","Trait5","pKWmEB","PstI.TP269193","11","    2184","","0.3324","C"
"4","Trait5","pKWmEB","PstI.TP269338","11","    2185","","0.3256","A"
"4","Trait5","pKWmEB","PstI.TP269382","11","    2186","","0.1081","A"
"4","Trait5","pKWmEB","PstI.TP269498","11","    2187","","0.3322","A"
"4","Trait5","pKWmEB","PstI.TP269598","11","    2189","","0.1851","C"
"4","Trait5","pKWmEB","PstI.TP269611","11","    2190","","1.0628","A"
"4","Trait5","pKWmEB","PstI.TP269815","11","    2191","","0.3017","A"
"4","Trait5","pKWmEB","PstI.TP269969","11","    2194","","0.6795","A"
"4","Trait5","pKWmEB","PstI.TP270099","11","    2195","","0.3521","A"
"4","Trait5","pKWmEB","PstI.TP270115","11","    2196","","0.1878","C"
"4","Trait5","pKWmEB","PstI.TP270250","11","    2197","","0.2400","C"
"4","Trait5","pKWmEB","PstI.TP270269","11","    2198","","0.2066","C"
"4","Trait5","pKWmEB","PstI.TP270346","11","    2200","","0.2735","A"
"4","Trait5","pKWmEB","PstI.TP270445","11","    2201","","0.7749","G"
"4","Trait5","pKWmEB","PstI.TP271140","11","    2202","","0.8056","A"
"4","Trait5","pKWmEB","PstI.TP271270","11","    2205","","0.2097","A"
"4","Trait5","pKWmEB","PstI.TP271407","11","    2207","","0.5757","A"
"4","Trait5","pKWmEB","PstI.TP271519","11","    2208","","0.5142","G"
"4","Trait5","pKWmEB","PstI.TP271669","11","    2209","","0.0130","A"
"4","Trait5","pKWmEB","PstI.TP272048","11","    2210","","0.4071","C"
"4","Trait5","pKWmEB","PstI.TP272164","11","    2212","","0.1931","A"
"4","Trait5","pKWmEB","PstI.TP272439","11","    2215","","0.2566","C"
"4","Trait5","pKWmEB","PstI.TP272794","11","    2217","","0.0480","A"
"4","Trait5","pKWmEB","PstI.TP273013","11","    2218","","1.7030","A"
"4","Trait5","pKWmEB","PstI.TP273285","11","    2219","","0.2891","A"
"4","Trait5","pKWmEB","PstI.TP273316","11","    2220","","0.0793","C"
"4","Trait5","pKWmEB","PstI.TP273323","11","    2221","","0.4399","G"
"4","Trait5","pKWmEB","PstI.TP273441","11","    2222","","0.6741","A"
"4","Trait5","pKWmEB","PstI.TP273522","11","    2223","","0.3276","C"
"4","Trait5","pKWmEB","PstI.TP273563","11","    2224","","0.0427","A"
"4","Trait5","pKWmEB","PstI.TP273969","11","    2227","","0.4434","C"
"4","Trait5","pKWmEB","PstI.TP274072","11","    2228","","0.2363","C"
"4","Trait5","pKWmEB","PstI.TP274427","11","    2230","","0.5712","C"
"4","Trait5","pKWmEB","PstI.TP274477","11","    2231","","0.6324","A"
"4","Trait5","pKWmEB","PstI.TP274727","11","    2235","","0.1011","A"
"4","Trait5","pKWmEB","PstI.TP275021","11","    2236","","0.3759","G"
"4","Trait5","pKWmEB","PstI.TP275023","11","    2237","","0.1064","C"
"4","Trait5","pKWmEB","PstI.TP275126","11","    2238","","0.0480","C"
"4","Trait5","pKWmEB","PstI.TP275205","11","    2239","","0.0225","A"
"4","Trait5","pKWmEB","PstI.TP275425","11","    2240","","0.6418","C"
"4","Trait5","pKWmEB","PstI.TP275926","11","    2242","","0.0272","C"
"4","Trait5","pKWmEB","PstI.TP276130","11","    2243","","0.0704","C"
"4","Trait5","pKWmEB","PstI.TP276492","11","    2244","","0.3335","C"
"4","Trait5","pKWmEB","PstI.TP276524","11","    2245","","0.4006","C"
"4","Trait5","pKWmEB","PstI.TP276732","11","    2247","","0.0419","A"
"4","Trait5","pKWmEB","PstI.TP276796","11","    2248","","0.3425","A"
"4","Trait5","pKWmEB","PstI.TP276987","11","    2249","","0.3730","C"
"4","Trait5","pKWmEB","PstI.TP278850","11","    2250","","0.0274","C"
"4","Trait5","pKWmEB","PstI.TP278956","11","    2251","","0.5242","C"
"4","Trait5","pKWmEB","PstI.TP279107","11","    2252","","0.0426","C"
"4","Trait5","pKWmEB","PstI.TP279179","11","    2253","","0.7278","A"
"4","Trait5","pKWmEB","PstI.TP279884","11","    2256","","0.3121","A"
"4","Trait5","pKWmEB","PstI.TP279993","11","    2257","","0.0801","C"
"4","Trait5","pKWmEB","PstI.TP280351","11","    2258","","0.1610","C"
"4","Trait5","pKWmEB","PstI.TP280352","11","    2259","","0.1364","C"
"4","Trait5","pKWmEB","PstI.TP280696","11","    2260","","0.3007","A"
"4","Trait5","pKWmEB","PstI.TP282525","11","    2261","","0.6073","C"
"4","Trait5","pKWmEB","PstI.TP282814","11","    2263","","0.2944","A"
"4","Trait5","pKWmEB","PstI.TP283408","11","    2264","","0.2775","A"
"4","Trait5","pKWmEB","PstI.TP283868","11","    2265","","0.1872","A"
"4","Trait5","pKWmEB","PstI.TP283964","11","    2266","","0.1802","C"
"4","Trait5","pKWmEB","PstI.TP284091","11","    2267","","0.2073","C"
"4","Trait5","pKWmEB","PstI.TP284241","11","    2268","","0.5636","C"
"4","Trait5","pKWmEB","PstI.TP284281","11","    2269","","0.3210","A"
"4","Trait5","pKWmEB","PstI.TP285137","11","    2271","","0.1919","A"
"4","Trait5","pKWmEB","PstI.TP285776","11","    2272","","0.2319","A"
"4","Trait5","pKWmEB","PstI.TP285954","11","    2273","","0.1211","A"
"4","Trait5","pKWmEB","PstI.TP286251","11","    2274","","0.2442","C"
"4","Trait5","pKWmEB","PstI.TP286296","11","    2275","","0.2949","A"
"4","Trait5","pKWmEB","PstI.TP287009","11","    2276","","0.4084","C"
"4","Trait5","pKWmEB","PstI.TP287185","11","    2277","","0.1904","A"
"4","Trait5","pKWmEB","PstI.TP287411","11","    2280","","0.2136","C"
"4","Trait5","pKWmEB","PstI.TP287532","11","    2281","","0.4390","A"
"4","Trait5","pKWmEB","PstI.TP287729","11","    2282","","0.4712","A"
"4","Trait5","pKWmEB","PstI.TP287754","11","    2283","","0.3488","A"
"4","Trait5","pKWmEB","PstI.TP287825","11","    2284","","0.6215","A"
"4","Trait5","pKWmEB","PstI.TP287897","11","    2285","","0.0707","G"
"4","Trait5","pKWmEB","PstI.TP287962","11","    2286","","0.1008","G"
"4","Trait5","pKWmEB","PstI.TP287973","11","    2287","","0.7959","A"
"4","Trait5","pKWmEB","PstI.TP288023","11","    2288","","0.2150","C"
"4","Trait5","pKWmEB","PstI.TP288092","11","    2289","","0.2560","A"
"4","Trait5","pKWmEB","PstI.TP288176","11","    2290","","0.6038","A"
"4","Trait5","pKWmEB","PstI.TP288284","11","    2291","","0.5575","A"
"4","Trait5","pKWmEB","PstI.TP288651","11","    2292","","0.4041","A"
"4","Trait5","pKWmEB","PstI.TP288701","11","    2293","","0.0871","C"
"4","Trait5","pKWmEB","PstI.TP288886","11","    2295","","0.0682","A"
"4","Trait5","pKWmEB","PstI.TP289179","11","    2296","","0.0657","A"
"4","Trait5","pKWmEB","PstI.TP289250","11","    2297","","0.6249","G"
"4","Trait5","pKWmEB","PstI.TP289307","11","    2298","","0.1506","A"
"4","Trait5","pKWmEB","PstI.TP289352","11","    2299","","0.9106","G"
"4","Trait5","pKWmEB","PstI.TP289449","11","    2300","","0.0076","A"
"4","Trait5","pKWmEB","PstI.TP289682","11","    2301","","0.0719","C"
"4","Trait5","pKWmEB","PstI.TP289788","11","    2302","","0.1298","C"
"4","Trait5","pKWmEB","PstI.TP289825","11","    2303","","0.0009","C"
"4","Trait5","pKWmEB","PstI.TP290439","11","    2305","","0.6889","C"
"4","Trait5","pKWmEB","PstI.TP290625","11","    2306","","0.8171","C"
"4","Trait5","pKWmEB","PstI.TP290680","11","    2307","","0.5312","A"
"4","Trait5","pKWmEB","PstI.TP290890","11","    2308","","0.4372","G"
"4","Trait5","pKWmEB","PstI.TP291418","11","    2309","","1.1015","C"
"4","Trait5","pKWmEB","PstI.TP291634","11","    2310","","0.3588","C"
"4","Trait5","pKWmEB","PstI.TP291675","11","    2311","","0.0850","A"
"4","Trait5","pKWmEB","PstI.TP292029","11","    2312","","0.1443","A"
"4","Trait5","pKWmEB","PstI.TP292262","11","    2313","","0.7735","A"
"4","Trait5","pKWmEB","PstI.TP292291","11","    2314","","0.2152","C"
"4","Trait5","pKWmEB","PstI.TP292313","11","    2315","","0.2136","A"
"4","Trait5","pKWmEB","PstI.TP292353","11","    2316","","0.5613","A"
"4","Trait5","pKWmEB","PstI.TP292938","11","    2320","","0.4294","C"
"4","Trait5","pKWmEB","PstI.TP292939","11","    2321","","0.1914","C"
"4","Trait5","pKWmEB","PstI.TP292972","11","    2322","","0.0121","A"
"4","Trait5","pKWmEB","PstI.TP293016","11","    2323","","0.6772","C"
"4","Trait5","pKWmEB","PstI.TP293124","11","    2324","","0.0871","A"
"4","Trait5","pKWmEB","PstI.TP293376","11","    2325","","0.2145","C"
"4","Trait5","pKWmEB","PstI.TP293442","11","    2326","","0.0236","C"
"4","Trait5","pKWmEB","PstI.TP293680","11","    2327","","0.1064","A"
"4","Trait5","pKWmEB","PstI.TP293813","11","    2329","","0.6854","A"
"4","Trait5","pKWmEB","PstI.TP293826","11","    2330","","1.0993","C"
"4","Trait5","pKWmEB","PstI.TP293832","11","    2331","","0.1776","G"
"4","Trait5","pKWmEB","PstI.TP294071","11","    2334","","0.0108","A"
"4","Trait5","pKWmEB","PstI.TP294151","11","    2335","","0.0168","C"
"4","Trait5","pKWmEB","PstI.TP294168","11","    2336","","0.4391","C"
"4","Trait5","pKWmEB","PstI.TP294236","11","    2338","","0.1865","A"
"4","Trait5","pKWmEB","PstI.TP294320","11","    2339","","0.0627","A"
"4","Trait5","pKWmEB","PstI.TP297307","11","    2346","","0.3397","C"
"4","Trait5","pKWmEB","PstI.TP297698","11","    2348","","1.0473","C"
"4","Trait5","pKWmEB","PstI.TP297702","11","    2349","","0.0326","A"
"4","Trait5","pKWmEB","PstI.TP297771","11","    2350","","0.6207","C"
"4","Trait5","pKWmEB","PstI.TP297855","11","    2351","","0.4353","A"
"4","Trait5","pKWmEB","PstI.TP297884","11","    2352","","0.6788","A"
"4","Trait5","pKWmEB","PstI.TP298231","11","    2353","","1.3855","A"
"4","Trait5","pKWmEB","PstI.TP298340","11","    2355","","0.4638","A"
"4","Trait5","pKWmEB","PstI.TP298620","11","    2356","","0.0680","A"
"4","Trait5","pKWmEB","PstI.TP298835","11","    2358","","0.0966","A"
"4","Trait5","pKWmEB","PstI.TP299137","11","    2359","","0.0604","G"
"4","Trait5","pKWmEB","PstI.TP299464","11","    2362","","2.2581","A"
"4","Trait5","pKWmEB","PstI.TP299595","11","    2363","","0.4167","G"
"4","Trait5","pKWmEB","PstI.TP299602","11","    2364","","0.0582","A"
"4","Trait5","pKWmEB","PstI.TP299614","11","    2366","","0.1803","A"
"4","Trait5","pKWmEB","PstI.TP299731","11","    2368","","0.2856","C"
"4","Trait5","pKWmEB","PstI.TP300300","11","    2369","","0.1399","A"
"4","Trait5","pKWmEB","PstI.TP300340","11","    2370","","0.4815","A"
"4","Trait5","pKWmEB","PstI.TP300667","11","    2371","","0.2845","G"
"4","Trait5","pKWmEB","PstI.TP300823","11","    2372","","0.5221","A"
"4","Trait5","pKWmEB","PstI.TP300995","11","    2373","","0.7848","C"
"4","Trait5","pKWmEB","PstI.TP301119","11","    2374","","1.1108","A"
"4","Trait5","pKWmEB","PstI.TP301179","11","    2375","","0.0210","A"
"4","Trait5","pKWmEB","PstI.TP301181","11","    2376","","0.0495","C"
"4","Trait5","pKWmEB","PstI.TP301183","11","    2377","","1.3193","C"
"4","Trait5","pKWmEB","PstI.TP301300","11","    2378","","0.6768","C"
"4","Trait5","pKWmEB","PstI.TP301432","11","    2382","","0.1700","C"
"4","Trait5","pKWmEB","PstI.TP301480","11","    2383","","0.7060","A"
"4","Trait5","pKWmEB","PstI.TP301527","11","    2384","","0.6404","A"
"4","Trait5","pKWmEB","PstI.TP301708","11","    2386","","0.0161","A"
"4","Trait5","pKWmEB","PstI.TP302137","11","    2387","","0.1754","A"
"4","Trait5","pKWmEB","PstI.TP302202","11","    2388","","0.8595","C"
"4","Trait5","pKWmEB","PstI.TP302415","11","    2390","","0.2533","A"
"4","Trait5","pKWmEB","PstI.TP302470","11","    2391","","0.5427","G"
"4","Trait5","pKWmEB","PstI.TP302909","11","    2392","","0.1597","C"
"4","Trait5","pKWmEB","PstI.TP303120","11","    2393","","0.7243","C"
"4","Trait5","pKWmEB","PstI.TP303171","11","    2394","","0.8036","A"
"4","Trait5","pKWmEB","PstI.TP303241","11","    2395","","0.0785","A"
"4","Trait5","pKWmEB","PstI.TP303248","11","    2396","","0.7836","C"
"4","Trait5","pKWmEB","PstI.TP303339","11","    2397","","0.4172","G"
"4","Trait5","pKWmEB","PstI.TP303355","11","    2398","","0.1776","A"
"4","Trait5","pKWmEB","PstI.TP303396","11","    2399","","0.2910","A"
"4","Trait5","pKWmEB","PstI.TP303412","11","    2400","","0.5716","A"
"4","Trait5","pKWmEB","PstI.TP303420","11","    2401","","0.3754","A"
"4","Trait5","pKWmEB","PstI.TP303586","11","    2402","","0.2960","C"
"4","Trait5","pKWmEB","PstI.TP303869","11","    2403","","0.0602","A"
"4","Trait5","pKWmEB","PstI.TP303875","11","    2404","","1.2825","A"
"4","Trait5","pKWmEB","PstI.TP303950","11","    2405","","0.2078","A"
"4","Trait5","pKWmEB","PstI.TP304170","11","    2406","","0.1818","A"
"4","Trait5","pKWmEB","PstI.TP304387","11","    2407","","2.3826","C"
"4","Trait5","pKWmEB","PstI.TP304449","11","    2408","","0.2475","A"
"4","Trait5","pKWmEB","PstI.TP304578","11","    2409","","0.0547","C"
"4","Trait5","pKWmEB","PstI.TP304690","11","    2410","","0.4031","A"
"4","Trait5","pKWmEB","PstI.TP304758","11","    2411","","0.3702","A"
"4","Trait5","pKWmEB","PstI.TP304955","11","    2412","","0.9545","A"
"4","Trait5","pKWmEB","PstI.TP304960","11","    2413","","0.2418","A"
"4","Trait5","pKWmEB","PstI.TP305103","11","    2415","","0.4142","C"
"4","Trait5","pKWmEB","PstI.TP305125","11","    2416","","0.7212","A"
"4","Trait5","pKWmEB","PstI.TP306148","11","    2420","","0.5099","C"
"4","Trait5","pKWmEB","PstI.TP306344","11","    2423","","0.5572","A"
"4","Trait5","pKWmEB","PstI.TP306425","11","    2424","","0.2173","A"
"4","Trait5","pKWmEB","PstI.TP306442","11","    2425","","1.2277","A"
"4","Trait5","pKWmEB","PstI.TP306456","11","    2426","","0.5645","A"
"4","Trait5","pKWmEB","PstI.TP306510","11","    2427","","0.8883","C"
"4","Trait5","pKWmEB","PstI.TP306579","11","    2428","","0.5144","A"
"4","Trait5","pKWmEB","PstI.TP306806","11","    2430","","0.9697","A"
"4","Trait5","pKWmEB","PstI.TP306928","11","    2431","","0.5414","C"
"4","Trait5","pKWmEB","PstI.TP307668","11","    2432","","0.1163","G"
"4","Trait5","pKWmEB","PstI.TP307921","11","    2435","","0.2552","C"
"4","Trait5","pKWmEB","PstI.TP307991","11","    2436","","0.4458","A"
"4","Trait5","pKWmEB","PstI.TP308002","11","    2437","","0.9619","A"
"4","Trait5","pKWmEB","PstI.TP308202","11","    2440","","0.2174","C"
"4","Trait5","pKWmEB","PstI.TP308309","11","    2441","","0.3827","C"
"4","Trait5","pKWmEB","PstI.TP308557","11","    2443","","1.1016","A"
"4","Trait5","pKWmEB","PstI.TP308563","11","    2444","","1.4135","C"
"4","Trait5","pKWmEB","PstI.TP308617","11","    2445","","1.4128","A"
"4","Trait5","pKWmEB","PstI.TP308822","11","    2446","","0.2649","A"
"4","Trait5","pKWmEB","PstI.TP308853","11","    2447","","0.2388","G"
"4","Trait5","pKWmEB","PstI.TP308962","11","    2448","","0.4283","C"
"4","Trait5","pKWmEB","PstI.TP308974","11","    2449","","0.0364","A"
"4","Trait5","pKWmEB","PstI.TP309015","11","    2450","","0.0565","A"
"4","Trait5","pKWmEB","PstI.TP309197","11","    2451","","0.0617","A"
"4","Trait5","pKWmEB","PstI.TP310033","11","    2454","","0.6719","A"
"4","Trait5","pKWmEB","PstI.TP310118","11","    2455","","0.5368","A"
"4","Trait5","pKWmEB","PstI.TP310149","11","    2456","","0.9837","C"
"4","Trait5","pKWmEB","PstI.TP310156","11","    2457","","0.2062","A"
"4","Trait5","pKWmEB","PstI.TP310303","11","    2458","","0.2815","A"
"4","Trait5","pKWmEB","PstI.TP310319","11","    2459","","0.0377","C"
"4","Trait5","pKWmEB","PstI.TP310451","11","    2460","","0.5001","A"
"4","Trait5","pKWmEB","PstI.TP310503","11","    2461","","0.2720","A"
"4","Trait5","pKWmEB","PstI.TP310513","11","    2462","","0.8181","G"
"4","Trait5","pKWmEB","PstI.TP310539","11","    2463","","1.2713","A"
"4","Trait5","pKWmEB","PstI.TP310596","11","    2464","","0.6565","A"
"4","Trait5","pKWmEB","PstI.TP310597","11","    2465","","0.4091","A"
"4","Trait5","pKWmEB","PstI.TP310634","11","    2466","","0.5041","A"
"4","Trait5","pKWmEB","PstI.TP310731","11","    2467","","0.7264","A"
"4","Trait5","pKWmEB","PstI.TP310838","11","    2468","","0.7143","C"
"4","Trait5","pKWmEB","PstI.TP311802","11","    2471","","2.2650","A"
"4","Trait5","pKWmEB","PstI.TP312094","11","    2472","","1.3411","G"
"4","Trait5","pKWmEB","PstI.TP312970","11","    2475","","0.6458","C"
"4","Trait5","pKWmEB","PstI.TP312980","11","    2476","","0.0185","A"
"4","Trait5","pKWmEB","PstI.TP313085","11","    2478","","1.2797","C"
"4","Trait5","pKWmEB","PstI.TP313213","11","    2479","","0.2789","A"
"4","Trait5","pKWmEB","PstI.TP313628","11","    2480","","0.1945","C"
"4","Trait5","pKWmEB","PstI.TP314040","11","    2481","","2.1716","A"
"4","Trait5","pKWmEB","PstI.TP314157","11","    2482","","0.3678","C"
"4","Trait5","pKWmEB","PstI.TP314188","11","    2483","","0.0034","C"
"4","Trait5","pKWmEB","PstI.TP314213","11","    2484","","0.0523","A"
"4","Trait5","pKWmEB","PstI.TP314354","11","    2485","","2.0598","A"
"4","Trait5","pKWmEB","PstI.TP314431","11","    2486","","0.2519","G"
"4","Trait5","pKWmEB","PstI.TP314454","11","    2487","","1.3583","A"
"4","Trait5","pKWmEB","PstI.TP314578","11","    2488","","0.0144","A"
"4","Trait5","pKWmEB","PstI.TP314846","11","    2489","","0.0441","A"
"4","Trait5","pKWmEB","PstI.TP315152","11","    2490","","0.5518","G"
"4","Trait5","pKWmEB","PstI.TP315223","11","    2491","","0.1989","C"
"4","Trait5","pKWmEB","PstI.TP315270","11","    2492","","0.9313","C"
"4","Trait5","pKWmEB","PstI.TP315350","11","    2493","","0.2020","C"
"4","Trait5","pKWmEB","PstI.TP315364","11","    2494","","0.3098","C"
"4","Trait5","pKWmEB","PstI.TP315674","11","    2495","","0.3998","C"
"4","Trait5","pKWmEB","PstI.TP315679","11","    2496","","0.2588","A"
"4","Trait5","pKWmEB","PstI.TP315802","11","    2497","","0.8723","G"
"4","Trait5","pKWmEB","PstI.TP315827","11","    2498","","0.6894","C"
"4","Trait5","pKWmEB","PstI.TP316237","11","    2499","","0.3320","A"
"4","Trait5","pKWmEB","PstI.TP316243","11","    2500","","0.3385","A"
"4","Trait5","pKWmEB","PstI.TP316318","11","    2501","","0.8230","A"
"4","Trait5","pKWmEB","PstI.TP316368","11","    2502","","0.3482","G"
"4","Trait5","pKWmEB","PstI.TP316438","11","    2503","","0.0353","A"
"4","Trait5","pKWmEB","PstI.TP316449","11","    2504","","0.4457","C"
"4","Trait5","pKWmEB","PstI.TP316488","11","    2505","","0.3794","C"
"4","Trait5","pKWmEB","PstI.TP316504","11","    2506","","0.1478","A"
"4","Trait5","pKWmEB","PstI.TP316592","11","    2507","","0.8307","A"
"4","Trait5","pKWmEB","PstI.TP316640","11","    2508","","0.0088","C"
"4","Trait5","pKWmEB","PstI.TP316731","11","    2510","","0.4898","C"
"4","Trait5","pKWmEB","PstI.TP317610","11","    2514","","0.4317","G"
"4","Trait5","pKWmEB","PstI.TP318033","11","    2515","","0.5149","A"
"4","Trait5","pKWmEB","PstI.TP318276","11","    2517","","1.2743","A"
"4","Trait5","pKWmEB","PstI.TP318306","11","    2518","","0.6845","C"
"4","Trait5","pKWmEB","PstI.TP318374","11","    2519","","0.5029","A"
"4","Trait5","pKWmEB","PstI.TP318526","11","    2522","","0.3509","G"
"4","Trait5","pKWmEB","PstI.TP318749","11","    2524","","0.3717","C"
"4","Trait5","pKWmEB","PstI.TP319062","11","    2525","","0.1818","C"
"4","Trait5","pKWmEB","PstI.TP319263","11","    2526","","0.1028","A"
"4","Trait5","pKWmEB","PstI.TP319324","11","    2527","","1.6993","A"
"4","Trait5","pKWmEB","PstI.TP319579","11","    2529","","0.2730","A"
"4","Trait5","pKWmEB","PstI.TP319690","11","    2530","","0.3747","A"
"4","Trait5","pKWmEB","PstI.TP319776","11","    2531","","0.0719","C"
"4","Trait5","pKWmEB","PstI.TP319778","11","    2532","","0.4784","C"
"4","Trait5","pKWmEB","PstI.TP319792","11","    2533","","0.4749","G"
"4","Trait5","pKWmEB","PstI.TP319826","11","    2534","","0.0381","C"
"4","Trait5","pKWmEB","PstI.TP320216","11","    2535","","0.9989","A"
"4","Trait5","pKWmEB","PstI.TP320220","11","    2536","","0.2179","C"
"4","Trait5","pKWmEB","PstI.TP320230","11","    2537","","2.0387","A"
"4","Trait5","pKWmEB","PstI.TP320351","11","    2538","","0.4665","G"
"4","Trait5","pKWmEB","PstI.TP320495","11","    2539","","0.2179","A"
"4","Trait5","pKWmEB","PstI.TP320532","11","    2540","","0.6394","G"
"4","Trait5","pKWmEB","PstI.TP320947","11","    2541","","0.3518","C"
"4","Trait5","pKWmEB","PstI.TP320970","11","    2542","","0.2144","A"
"4","Trait5","pKWmEB","PstI.TP321156","11","    2544","","0.2318","C"
"4","Trait5","pKWmEB","PstI.TP321158","11","    2545","","0.7741","G"
"4","Trait5","pKWmEB","PstI.TP321406","11","    2547","","0.1114","C"
"4","Trait5","pKWmEB","PstI.TP321591","11","    2548","","0.9034","A"
"4","Trait5","pKWmEB","PstI.TP321657","11","    2549","","0.4095","A"
"4","Trait5","pKWmEB","PstI.TP321745","11","    2550","","0.8644","C"
"4","Trait5","pKWmEB","PstI.TP321804","11","    2551","","1.6286","C"
"4","Trait5","pKWmEB","PstI.TP322607","11","    2552","","0.0219","A"
"4","Trait5","pKWmEB","PstI.TP322652","11","    2553","","0.1575","C"
"4","Trait5","pKWmEB","PstI.TP322847","11","    2554","","0.0575","A"
"4","Trait5","pKWmEB","PstI.TP322951","11","    2556","","0.0200","A"
"4","Trait5","pKWmEB","PstI.TP323001","11","    2558","","0.6404","C"
"4","Trait5","pKWmEB","PstI.TP323149","11","    2559","","0.7590","A"
"4","Trait5","pKWmEB","PstI.TP323188","11","    2560","","0.3155","A"
"4","Trait5","pKWmEB","PstI.TP323198","11","    2561","","1.0997","C"
"4","Trait5","pKWmEB","PstI.TP323240","11","    2562","","0.8705","C"
"4","Trait5","pKWmEB","PstI.TP323256","11","    2563","","0.1453","A"
"4","Trait5","pKWmEB","PstI.TP323391","11","    2564","","0.1676","G"
"4","Trait5","pKWmEB","PstI.TP323449","11","    2565","","0.2409","A"
"4","Trait5","pKWmEB","PstI.TP323642","11","    2566","","0.9431","C"
"4","Trait5","pKWmEB","PstI.TP323843","11","    2568","","0.2708","C"
"4","Trait5","pKWmEB","PstI.TP323980","11","    2569","","0.6167","A"
"4","Trait5","pKWmEB","PstI.TP324057","11","    2570","","0.0690","A"
"4","Trait5","pKWmEB","PstI.TP324397","11","    2571","","0.8450","A"
"4","Trait5","pKWmEB","PstI.TP324715","11","    2573","","0.4176","A"
"4","Trait5","pKWmEB","PstI.TP324749","11","    2574","","0.5795","G"
"4","Trait5","pKWmEB","PstI.TP324767","11","    2575","","1.7708","A"
"4","Trait5","pKWmEB","PstI.TP324899","11","    2577","","0.4287","C"
"4","Trait5","pKWmEB","PstI.TP325000","11","    2578","","0.2276","C"
"4","Trait5","pKWmEB","PstI.TP325104","11","    2580","","0.3052","A"
"4","Trait5","pKWmEB","PstI.TP325126","11","    2581","","0.6834","C"
"4","Trait5","pKWmEB","PstI.TP325158","11","    2582","","0.3148","C"
"4","Trait5","pKWmEB","PstI.TP325938","11","    2583","","0.3418","A"
"4","Trait5","pKWmEB","PstI.TP326030","11","    2584","","0.9051","A"
"4","Trait5","pKWmEB","PstI.TP326515","11","    2587","","0.5282","A"
"4","Trait5","pKWmEB","PstI.TP326537","11","    2588","","0.6305","C"
"4","Trait5","pKWmEB","PstI.TP326546","11","    2589","","0.5904","C"
"4","Trait5","pKWmEB","PstI.TP326645","11","    2590","","0.1037","C"
"4","Trait5","pKWmEB","PstI.TP326969","11","    2591","","0.4697","A"
"4","Trait5","pKWmEB","PstI.TP327099","11","    2593","","0.3472","C"
"4","Trait5","pKWmEB","PstI.TP327376","11","    2595","","0.3322","C"
"4","Trait5","pKWmEB","PstI.TP327439","11","    2596","","2.4950","C"
"4","Trait5","pKWmEB","PstI.TP327748","11","    2597","","0.2257","A"
"4","Trait5","pKWmEB","PstI.TP327921","11","    2598","","0.4357","C"
"4","Trait5","pKWmEB","PstI.TP328246","11","    2599","","0.5080","C"
"4","Trait5","pKWmEB","PstI.TP328259","11","    2600","","0.6953","C"
"4","Trait5","pKWmEB","PstI.TP328277","11","    2601","","0.5813","G"
"4","Trait5","pKWmEB","PstI.TP328749","11","    2602","","0.3215","A"
"4","Trait5","pKWmEB","PstI.TP328765","11","    2603","","0.9962","A"
"4","Trait5","pKWmEB","PstI.TP329215","11","    2604","","0.2313","A"
"4","Trait5","pKWmEB","PstI.TP329239","11","    2605","","0.2617","A"
"4","Trait5","pKWmEB","PstI.TP329282","11","    2606","","0.7420","A"
"4","Trait5","pKWmEB","PstI.TP329312","11","    2607","","0.1930","A"
"4","Trait5","pKWmEB","PstI.TP329411","11","    2608","","1.0768","G"
"4","Trait5","pKWmEB","PstI.TP329692","11","    2611","","0.0933","C"
"4","Trait5","pKWmEB","PstI.TP329699","11","    2612","","0.1328","C"
"4","Trait5","pKWmEB","PstI.TP329726","11","    2613","","0.1104","G"
"4","Trait5","pKWmEB","PstI.TP330180","11","    2614","","0.5341","A"
"4","Trait5","pKWmEB","PstI.TP330461","11","    2615","","0.5861","G"
"4","Trait5","pKWmEB","PstI.TP330756","11","    2616","","0.2264","A"
"4","Trait5","pKWmEB","PstI.TP330897","11","    2617","","0.7913","C"
"4","Trait5","pKWmEB","PstI.TP331009","11","    2618","","0.9066","C"
"4","Trait5","pKWmEB","PstI.TP331390","11","    2619","","0.7454","A"
"4","Trait5","pKWmEB","PstI.TP331989","11","    2620","","0.9497","A"
"4","Trait5","pKWmEB","PstI.TP332006","11","    2621","","0.1769","C"
"4","Trait5","pKWmEB","PstI.TP332281","11","    2622","","0.5088","A"
"4","Trait5","pKWmEB","PstI.TP332492","11","    2623","","0.1128","C"
"4","Trait5","pKWmEB","PstI.TP332672","11","    2624","","0.0267","A"
"4","Trait5","pKWmEB","PstI.TP332716","11","    2625","","0.1092","C"
"4","Trait5","pKWmEB","PstI.TP332896","11","    2626","","0.2322","A"
"4","Trait5","pKWmEB","PstI.TP333031","11","    2627","","0.6175","C"
"4","Trait5","pKWmEB","PstI.TP333033","11","    2628","","0.1286","C"
"4","Trait5","pKWmEB","PstI.TP333071","11","    2629","","0.1357","A"
"4","Trait5","pKWmEB","PstI.TP333165","11","    2630","","0.0450","A"
"4","Trait5","pKWmEB","PstI.TP333190","11","    2631","","0.1059","C"
"4","Trait5","pKWmEB","PstI.TP333228","11","    2632","","0.0311","A"
"4","Trait5","pKWmEB","PstI.TP333310","11","    2633","","0.5295","A"
"4","Trait5","pKWmEB","PstI.TP333616","11","    2634","","0.1174","C"
"4","Trait5","pKWmEB","PstI.TP333726","11","    2635","","0.3429","A"
"4","Trait5","pKWmEB","PstI.TP333768","11","    2636","","0.3374","C"
"4","Trait5","pKWmEB","PstI.TP333778","11","    2637","","0.7844","A"
"4","Trait5","pKWmEB","PstI.TP333880","11","    2639","","0.0528","A"
"4","Trait5","pKWmEB","PstI.TP333883","11","    2640","","1.2800","C"
"4","Trait5","pKWmEB","PstI.TP334138","11","    2642","","0.2779","A"
"4","Trait5","pKWmEB","PstI.TP334261","11","    2643","","0.1992","A"
"4","Trait5","pKWmEB","PstI.TP334601","11","    2644","","0.2077","A"
"4","Trait5","pKWmEB","PstI.TP334769","11","    2645","","1.8873","C"
"4","Trait5","pKWmEB","PstI.TP334880","11","    2646","","0.1619","C"
"4","Trait5","pKWmEB","PstI.TP334940","11","    2647","","0.3460","A"
"4","Trait5","pKWmEB","PstI.TP335155","11","    2648","","0.0427","A"
"4","Trait5","pKWmEB","PstI.TP335586","11","    2649","","0.8884","A"
"4","Trait5","pKWmEB","PstI.TP335876","11","    2650","","0.0976","A"
"4","Trait5","pKWmEB","PstI.TP336323","11","    2653","","2.0526","A"
"4","Trait5","pKWmEB","PstI.TP336398","11","    2654","","0.8604","C"
"4","Trait5","pKWmEB","PstI.TP336765","11","    2655","","0.6029","A"
"4","Trait5","pKWmEB","PstI.TP337383","11","    2657","","0.0563","A"
"4","Trait5","pKWmEB","PstI.TP337608","11","    2658","","0.0933","A"
"4","Trait5","pKWmEB","PstI.TP337631","11","    2659","","0.2954","A"
"4","Trait5","pKWmEB","PstI.TP337973","11","    2662","","0.5997","C"
"4","Trait5","pKWmEB","PstI.TP338192","11","    2664","","0.9201","C"
"4","Trait5","pKWmEB","PstI.TP338352","11","    2665","","0.8866","G"
"4","Trait5","pKWmEB","PstI.TP338365","11","    2666","","0.2427","C"
"4","Trait5","pKWmEB","PstI.TP338402","11","    2667","","0.0533","A"
"4","Trait5","pKWmEB","PstI.TP338468","11","    2668","","0.0053","A"
"4","Trait5","pKWmEB","PstI.TP338556","11","    2669","","0.1323","A"
"4","Trait5","pKWmEB","PstI.TP338693","11","    2670","","0.2202","C"
"4","Trait5","pKWmEB","PstI.TP338711","11","    2671","","0.1520","C"
"4","Trait5","pKWmEB","PstI.TP338959","11","    2672","","0.0794","C"
"4","Trait5","pKWmEB","PstI.TP339006","11","    2674","","0.2966","C"
"4","Trait5","pKWmEB","PstI.TP339262","11","    2676","","0.2908","C"
"4","Trait5","pKWmEB","PstI.TP339321","11","    2677","","0.1432","C"
"4","Trait5","pKWmEB","PstI.TP339490","11","    2679","","0.7104","A"
"4","Trait5","pKWmEB","PstI.TP339843","11","    2683","","0.2945","C"
"4","Trait5","pKWmEB","PstI.TP339880","11","    2684","","0.0019","A"
"4","Trait5","pKWmEB","PstI.TP339933","11","    2685","","0.9235","A"
"4","Trait5","pKWmEB","PstI.TP339945","11","    2686","","1.6297","A"
"4","Trait5","pKWmEB","PstI.TP339976","11","    2688","","0.2013","A"
"4","Trait5","pKWmEB","PstI.TP340105","11","    2691","","0.8218","A"
"4","Trait5","pKWmEB","PstI.TP340194","11","    2692","","0.7696","A"
"4","Trait5","pKWmEB","PstI.TP340277","11","    2693","","0.0351","G"
"4","Trait5","pKWmEB","PstI.TP340636","11","    2694","","0.0915","A"
"4","Trait5","pKWmEB","PstI.TP341013","11","    2695","","0.6305","C"
"4","Trait5","pKWmEB","PstI.TP341298","11","    2697","","0.6326","A"
"4","Trait5","pKWmEB","PstI.TP342311","11","    2698","","0.3492","A"
"4","Trait5","pKWmEB","PstI.TP342709","11","    2700","","0.0460","C"
"4","Trait5","pKWmEB","PstI.TP343043","11","    2701","","0.0314","A"
"4","Trait5","pKWmEB","PstI.TP343389","11","    2703","","0.1905","A"
"4","Trait5","pKWmEB","PstI.TP343669","11","    2706","","0.0765","A"
"4","Trait5","pKWmEB","PstI.TP343679","11","    2707","","2.0796","G"
"4","Trait5","pKWmEB","PstI.TP344006","11","    2710","","0.1993","A"
"4","Trait5","pKWmEB","PstI.TP344062","11","    2711","","0.2627","A"
"4","Trait5","pKWmEB","PstI.TP344362","11","    2713","","1.1923","C"
"4","Trait5","pKWmEB","PstI.TP344471","11","    2714","","0.0761","A"
"4","Trait5","pKWmEB","PstI.TP344604","11","    2716","","1.6202","C"
"4","Trait5","pKWmEB","PstI.TP344707","11","    2717","","0.8833","C"
"4","Trait5","pKWmEB","PstI.TP344944","11","    2718","","1.3445","A"
"4","Trait5","pKWmEB","PstI.TP345018","11","    2719","","0.5093","A"
"4","Trait5","pKWmEB","PstI.TP345199","11","    2720","","0.2174","A"
"4","Trait5","pKWmEB","PstI.TP345375","11","    2721","","0.1951","C"
"4","Trait5","pKWmEB","PstI.TP345524","11","    2722","","0.6971","C"
"4","Trait5","pKWmEB","PstI.TP345564","11","    2723","","0.3703","A"
"4","Trait5","pKWmEB","PstI.TP345636","11","    2725","","0.1647","C"
"4","Trait5","pKWmEB","PstI.TP345738","11","    2726","","0.1167","A"
"4","Trait5","pKWmEB","PstI.TP345895","11","    2727","","0.3694","C"
"4","Trait5","pKWmEB","PstI.TP345904","11","    2728","","0.0157","A"
"4","Trait5","pKWmEB","PstI.TP346633","11","    2731","","0.1699","A"
"4","Trait5","pKWmEB","PstI.TP347015","11","    2733","","0.1163","G"
"4","Trait5","pKWmEB","PstI.TP347161","11","    2734","","2.0680","A"
"4","Trait5","pKWmEB","PstI.TP347207","11","    2735","","1.3120","A"
"4","Trait5","pKWmEB","PstI.TP347218","11","    2736","","0.0434","C"
"4","Trait5","pKWmEB","PstI.TP347634","11","    2737","","0.0101","A"
"4","Trait5","pKWmEB","PstI.TP347789","11","    2738","","0.0379","C"
"4","Trait5","pKWmEB","PstI.TP347863","11","    2739","","0.3434","C"
"4","Trait5","pKWmEB","PstI.TP347899","11","    2740","","0.0392","A"
"4","Trait5","pKWmEB","PstI.TP348113","11","    2741","","0.6451","C"
"4","Trait5","pKWmEB","PstI.TP348199","11","    2742","","0.3385","C"
"4","Trait5","pKWmEB","PstI.TP348304","11","    2743","","0.1304","C"
"4","Trait5","pKWmEB","PstI.TP348609","11","    2744","","0.0461","A"
"4","Trait5","pKWmEB","PstI.TP348639","11","    2745","","0.5086","C"
"4","Trait5","pKWmEB","PstI.TP348904","11","    2746","","0.4755","A"
"4","Trait5","pKWmEB","PstI.TP349073","11","    2747","","1.3936","A"
"4","Trait5","pKWmEB","PstI.TP349163","11","    2748","","0.9775","A"
"4","Trait5","pKWmEB","PstI.TP349380","11","    2749","","0.0519","A"
"4","Trait5","pKWmEB","PstI.TP349411","11","    2751","","0.0438","C"
"4","Trait5","pKWmEB","PstI.TP349610","11","    2752","","0.8155","G"
"4","Trait5","pKWmEB","PstI.TP350074","11","    2754","","0.0633","C"
"4","Trait5","pKWmEB","PstI.TP350131","11","    2755","","0.0835","C"
"4","Trait5","pKWmEB","PstI.TP350272","11","    2756","","0.0736","C"
"4","Trait5","pKWmEB","PstI.TP350290","11","    2757","","0.5483","A"
"4","Trait5","pKWmEB","PstI.TP350508","11","    2759","","1.1745","A"
"4","Trait5","pKWmEB","PstI.TP350552","11","    2761","","0.7749","A"
"4","Trait5","pKWmEB","PstI.TP350671","11","    2762","","1.1860","A"
"4","Trait5","pKWmEB","PstI.TP350689","11","    2763","","0.3248","A"
"4","Trait5","pKWmEB","PstI.TP350692","11","    2764","","0.9369","G"
"4","Trait5","pKWmEB","PstI.TP350940","11","    2765","","0.9542","C"
"4","Trait5","pKWmEB","PstI.TP350959","11","    2766","","0.0299","A"
"4","Trait5","pKWmEB","PstI.TP351433","11","    2768","","0.5123","C"
"4","Trait5","pKWmEB","PstI.TP351601","11","    2770","","1.0243","A"
"4","Trait5","pKWmEB","PstI.TP351635","11","    2771","","0.6866","A"
"4","Trait5","pKWmEB","PstI.TP351851","11","    2772","","0.2559","C"
"4","Trait5","pKWmEB","PstI.TP351985","11","    2773","","0.0353","C"
"4","Trait5","pKWmEB","PstI.TP352065","11","    2774","","0.5196","C"
"4","Trait5","pKWmEB","PstI.TP352360","11","    2775","","0.5795","A"
"4","Trait5","pKWmEB","PstI.TP352395","11","    2776","","0.1608","G"
"4","Trait5","pKWmEB","PstI.TP352424","11","    2777","","0.8703","C"
"4","Trait5","pKWmEB","PstI.TP352559","11","    2778","","0.1579","A"
"4","Trait5","pKWmEB","PstI.TP352580","11","    2779","","0.5185","C"
"4","Trait5","pKWmEB","PstI.TP352655","11","    2781","","0.8157","C"
"4","Trait5","pKWmEB","PstI.TP352760","11","    2782","","0.4943","A"
"4","Trait5","pKWmEB","PstI.TP352836","11","    2783","","0.3293","A"
"4","Trait5","pKWmEB","PstI.TP352987","11","    2784","","1.0792","C"
"4","Trait5","pKWmEB","PstI.TP353127","11","    2785","","0.8780","C"
"4","Trait5","pKWmEB","PstI.TP353173","11","    2786","","0.8580","C"
"4","Trait5","pKWmEB","PstI.TP353268","11","    2787","","1.2296","A"
"4","Trait5","pKWmEB","PstI.TP353301","11","    2788","","0.8245","C"
"4","Trait5","pKWmEB","PstI.TP353762","11","    2790","","0.0959","C"
"4","Trait5","pKWmEB","PstI.TP354086","11","    2791","","0.6204","C"
"4","Trait5","pKWmEB","PstI.TP354117","11","    2792","","0.5870","G"
"4","Trait5","pKWmEB","PstI.TP354339","11","    2794","","0.6968","A"
"4","Trait5","pKWmEB","PstI.TP354547","11","    2795","","0.3135","A"
"4","Trait5","pKWmEB","PstI.TP354809","11","    2797","","0.5047","C"
"4","Trait5","pKWmEB","PstI.TP354834","11","    2798","","0.1814","C"
"4","Trait5","pKWmEB","PstI.TP354968","11","    2799","","0.7551","A"
"4","Trait5","pKWmEB","PstI.TP354970","11","    2800","","0.4553","A"
"4","Trait5","pKWmEB","PstI.TP355004","11","    2801","","0.4478","C"
"4","Trait5","pKWmEB","PstI.TP355154","11","    2802","","0.1756","C"
"4","Trait5","pKWmEB","PstI.TP355242","11","    2803","","0.0851","C"
"4","Trait5","pKWmEB","PstI.TP355345","11","    2804","","0.4368","C"
"4","Trait5","pKWmEB","PstI.TP355533","11","    2805","","0.0688","C"
"4","Trait5","pKWmEB","PstI.TP355540","11","    2806","","0.2669","C"
"4","Trait5","pKWmEB","PstI.TP355788","11","    2807","","0.6096","A"
"4","Trait5","pKWmEB","PstI.TP355789","11","    2808","","0.2344","G"
"4","Trait5","pKWmEB","PstI.TP355877","11","    2809","","0.2789","A"
"4","Trait5","pKWmEB","PstI.TP355907","11","    2810","","1.3472","C"
"4","Trait5","pKWmEB","PstI.TP355931","11","    2811","","0.0962","G"
"4","Trait5","pKWmEB","PstI.TP355964","11","    2812","","0.5140","C"
"4","Trait5","pKWmEB","PstI.TP355988","11","    2813","","1.8139","C"
"4","Trait5","pKWmEB","PstI.TP356174","11","    2816","","1.6476","A"
"4","Trait5","pKWmEB","PstI.TP356195","11","    2817","","0.1899","C"
"4","Trait5","pKWmEB","PstI.TP356223","11","    2818","","0.9888","A"
"4","Trait5","pKWmEB","PstI.TP356628","11","    2820","","0.0344","A"
"4","Trait5","pKWmEB","PstI.TP356830","11","    2821","","0.3668","A"
"4","Trait5","pKWmEB","PstI.TP356857","11","    2822","","0.0041","C"
"4","Trait5","pKWmEB","PstI.TP357369","11","    2823","","0.8944","C"
"4","Trait5","pKWmEB","PstI.TP357552","11","    2824","","0.0343","C"
"4","Trait5","pKWmEB","PstI.TP357808","11","    2826","","0.5669","A"
"4","Trait5","pKWmEB","PstI.TP357886","11","    2827","","1.5602","C"
"4","Trait5","pKWmEB","PstI.TP357910","11","    2828","","0.3208","A"
"4","Trait5","pKWmEB","PstI.TP357928","11","    2829","","0.3600","A"
"4","Trait5","pKWmEB","PstI.TP358103","11","    2830","","0.1111","G"
"4","Trait5","pKWmEB","PstI.TP358553","11","    2831","","0.1060","A"
"4","Trait5","pKWmEB","PstI.TP358559","11","    2832","","0.1808","A"
"4","Trait5","pKWmEB","PstI.TP358570","11","    2833","","0.4607","A"
"4","Trait5","pKWmEB","PstI.TP358610","11","    2834","","0.1158","C"
"4","Trait5","pKWmEB","PstI.TP358632","11","    2835","","0.1252","C"
"4","Trait5","pKWmEB","PstI.TP358798","11","    2836","","0.2766","A"
"4","Trait5","pKWmEB","PstI.TP359009","11","    2837","","0.0604","C"
"4","Trait5","pKWmEB","PstI.TP359324","11","    2840","","0.3696","A"
"4","Trait5","pKWmEB","PstI.TP359578","11","    2842","","0.4802","C"
"4","Trait5","pKWmEB","PstI.TP359700","11","    2843","","1.4199","A"
"4","Trait5","pKWmEB","PstI.TP359715","11","    2844","","1.8762","G"
"4","Trait5","pKWmEB","PstI.TP359851","11","    2846","","0.1555","G"
"4","Trait5","pKWmEB","PstI.TP360129","11","    2848","","0.2105","A"
"4","Trait5","pKWmEB","PstI.TP360233","11","    2850","","0.0951","C"
"4","Trait5","pKWmEB","PstI.TP360315","11","    2851","","0.0441","A"
"4","Trait5","pKWmEB","PstI.TP360343","11","    2852","","1.2748","A"
"4","Trait5","pKWmEB","PstI.TP360538","11","    2853","","0.6301","A"
"4","Trait5","pKWmEB","PstI.TP360832","11","    2855","","1.0156","C"
"4","Trait5","pKWmEB","PstI.TP361016","11","    2859","","1.1352","C"
"4","Trait5","pKWmEB","PstI.TP361410","11","    2860","","0.1068","A"
"4","Trait5","pKWmEB","PstI.TP361925","11","    2861","","0.0524","C"
"4","Trait5","pKWmEB","PstI.TP362095","11","    2863","","0.9763","C"
"4","Trait5","pKWmEB","PstI.TP362797","11","    2864","","0.0699","C"
"4","Trait5","pKWmEB","PstI.TP362826","11","    2865","","0.1132","C"
"4","Trait5","pKWmEB","PstI.TP363053","11","    2867","","0.0273","A"
"4","Trait5","pKWmEB","PstI.TP363116","11","    2868","","1.2776","A"
"4","Trait5","pKWmEB","PstI.TP363291","11","    2870","","0.9443","A"
"4","Trait5","pKWmEB","PstI.TP363357","11","    2872","","0.4387","C"
"4","Trait5","pKWmEB","PstI.TP363545","11","    2873","","0.2569","A"
"4","Trait5","pKWmEB","PstI.TP363900","11","    2874","","0.5742","A"
"4","Trait5","pKWmEB","PstI.TP364010","11","    2875","","0.3130","A"
"4","Trait5","pKWmEB","PstI.TP364192","11","    2876","","0.1984","C"
"4","Trait5","pKWmEB","PstI.TP364261","11","    2877","","0.2026","A"
"4","Trait5","pKWmEB","PstI.TP364816","11","    2880","","0.8517","C"
"4","Trait5","pKWmEB","PstI.TP364873","11","    2882","","0.3094","A"
"4","Trait5","pKWmEB","PstI.TP364909","11","    2883","","0.0021","A"
"4","Trait5","pKWmEB","PstI.TP364953","11","    2884","","0.0192","C"
"4","Trait5","pKWmEB","PstI.TP365115","11","    2886","","0.8147","C"
"4","Trait5","pKWmEB","PstI.TP365432","11","    2887","","0.0659","C"
"4","Trait5","pKWmEB","PstI.TP365468","11","    2888","","0.0855","C"
"4","Trait5","pKWmEB","PstI.TP365618","11","    2889","","0.4015","C"
"4","Trait5","pKWmEB","PstI.TP365666","11","    2890","","0.0126","A"
"4","Trait5","pKWmEB","PstI.TP365677","11","    2891","","0.1654","C"
"4","Trait5","pKWmEB","PstI.TP365991","11","    2892","","0.6746","C"
"4","Trait5","pKWmEB","PstI.TP366350","11","    2893","","0.1062","C"
"4","Trait5","pKWmEB","PstI.TP366392","11","    2894","","0.6671","C"
"4","Trait5","pKWmEB","PstI.TP366456","11","    2895","","0.0099","A"
"4","Trait5","pKWmEB","PstI.TP366885","11","    2897","","0.1978","A"
"4","Trait5","pKWmEB","PstI.TP366962","11","    2898","","0.2636","C"
"4","Trait5","pKWmEB","PstI.TP367546","11","    2899","","0.7744","C"
"4","Trait5","pKWmEB","PstI.TP367568","11","    2900","","1.7335","C"
"4","Trait5","pKWmEB","PstI.TP367618","11","    2901","","0.8589","A"
"4","Trait5","pKWmEB","PstI.TP367630","11","    2902","","0.1524","A"
"4","Trait5","pKWmEB","PstI.TP368325","11","    2905","","0.8372","C"
"4","Trait5","pKWmEB","PstI.TP369019","11","    2906","","0.2717","A"
"4","Trait5","pKWmEB","PstI.TP369603","11","    2907","","1.6261","A"
"4","Trait5","pKWmEB","PstI.TP369634","11","    2908","","0.4602","A"
"4","Trait5","pKWmEB","PstI.TP369656","11","    2909","","0.1779","A"
"4","Trait5","pKWmEB","PstI.TP369895","11","    2910","","0.2968","A"
"4","Trait5","pKWmEB","PstI.TP370052","11","    2911","","0.1602","G"
"4","Trait5","pKWmEB","PstI.TP370442","11","    2913","","0.2030","A"
"4","Trait5","pKWmEB","PstI.TP370682","11","    2914","","0.2781","G"
"4","Trait5","pKWmEB","PstI.TP371413","11","    2915","","0.3189","C"
"4","Trait5","pKWmEB","PstI.TP371649","11","    2916","","0.2416","A"
"4","Trait5","pKWmEB","PstI.TP372279","11","    2917","","0.7559","C"
"4","Trait5","pKWmEB","PstI.TP372417","11","    2918","","0.6450","C"
"4","Trait5","pKWmEB","PstI.TP372455","11","    2919","","1.8107","A"
"4","Trait5","pKWmEB","PstI.TP373097","11","    2921","","0.6380","C"
"4","Trait5","pKWmEB","PstI.TP373132","11","    2922","","0.4476","A"
"4","Trait5","pKWmEB","PstI.TP373577","11","    2924","","0.7225","A"
"4","Trait5","pKWmEB","PstI.TP373767","11","    2926","","0.2831","A"
"4","Trait5","pKWmEB","PstI.TP374056","11","    2927","","0.3548","A"
"4","Trait5","pKWmEB","PstI.TP374113","11","    2928","","0.2536","A"
"4","Trait5","pKWmEB","PstI.TP374751","11","    2930","","0.2463","A"
"4","Trait5","pKWmEB","PstI.TP374784","11","    2931","","0.7147","A"
"4","Trait5","pKWmEB","PstI.TP374846","11","    2932","","0.0249","A"
"4","Trait5","pKWmEB","PstI.TP374944","11","    2933","","0.0930","A"
"4","Trait5","pKWmEB","PstI.TP375021","11","    2934","","0.4567","A"
"4","Trait5","pKWmEB","PstI.TP375085","11","    2935","","1.5284","C"
"4","Trait5","pKWmEB","PstI.TP375140","11","    2936","","0.7670","A"
"4","Trait5","pKWmEB","PstI.TP375331","11","    2937","","0.2116","G"
"4","Trait5","pKWmEB","PstI.TP375377","11","    2938","","0.3289","A"
"4","Trait5","pKWmEB","PstI.TP375752","11","    2941","","1.7790","C"
"4","Trait5","pKWmEB","PstI.TP375816","11","    2942","","0.0553","C"
"4","Trait5","pKWmEB","PstI.TP376194","11","    2943","","0.2503","C"
"4","Trait5","pKWmEB","PstI.TP376315","11","    2944","","1.1700","A"
"4","Trait5","pKWmEB","PstI.TP376326","11","    2945","","0.6788","G"
"4","Trait5","pKWmEB","PstI.TP376363","11","    2946","","0.2914","A"
"4","Trait5","pKWmEB","PstI.TP376473","11","    2947","","0.2281","C"
"4","Trait5","pKWmEB","PstI.TP376567","11","    2948","","0.4867","C"
"4","Trait5","pKWmEB","PstI.TP376595","11","    2950","","1.0053","G"
"4","Trait5","pKWmEB","PstI.TP376724","11","    2951","","0.3701","A"
"4","Trait5","pKWmEB","PstI.TP376926","11","    2952","","0.3266","C"
"4","Trait5","pKWmEB","PstI.TP377001","11","    2953","","0.4077","C"
"4","Trait5","pKWmEB","PstI.TP377080","11","    2954","","0.3693","C"
"4","Trait5","pKWmEB","PstI.TP377694","11","    2955","","0.4606","C"
"4","Trait5","pKWmEB","PstI.TP377784","11","    2956","","0.2052","C"
"4","Trait5","pKWmEB","PstI.TP378297","11","    2959","","0.1612","A"
"4","Trait5","pKWmEB","PstI.TP378319","11","    2960","","0.3897","A"
"4","Trait5","pKWmEB","PstI.TP378766","11","    2961","","0.0608","C"
"4","Trait5","pKWmEB","PstI.TP378839","11","    2963","","0.1742","C"
"4","Trait5","pKWmEB","PstI.TP378849","11","    2964","","0.0661","C"
"4","Trait5","pKWmEB","PstI.TP379265","11","    2966","","1.0196","A"
"4","Trait5","pKWmEB","PstI.TP379292","11","    2967","","0.1968","C"
"4","Trait5","pKWmEB","PstI.TP379298","11","    2968","","0.0201","A"
"4","Trait5","pKWmEB","PstI.TP379369","11","    2969","","1.4094","G"
"4","Trait5","pKWmEB","PstI.TP379844","11","    2972","","0.0694","C"
"4","Trait5","pKWmEB","PstI.TP379850","11","    2973","","0.4648","C"
"4","Trait5","pKWmEB","PstI.TP379973","11","    2974","","0.5801","A"
"4","Trait5","pKWmEB","PstI.TP380369","11","    2976","","0.3505","A"
"4","Trait5","pKWmEB","PstI.TP380417","11","    2977","","0.5544","A"
"4","Trait5","pKWmEB","PstI.TP380564","11","    2978","","0.4783","A"
"4","Trait5","pKWmEB","PstI.TP380596","11","    2980","","0.0217","C"
"4","Trait5","pKWmEB","PstI.TP380604","11","    2981","","0.3525","A"
"4","Trait5","pKWmEB","PstI.TP380788","11","    2982","","0.4193","A"
"4","Trait5","pKWmEB","PstI.TP380791","11","    2983","","0.0738","A"
"4","Trait5","pKWmEB","PstI.TP381085","11","    2985","","0.2968","G"
"4","Trait5","pKWmEB","PstI.TP381197","11","    2986","","0.1527","C"
"4","Trait5","pKWmEB","PstI.TP381388","11","    2987","","0.0271","A"
"4","Trait5","pKWmEB","PstI.TP381443","11","    2988","","0.2026","A"
"4","Trait5","pKWmEB","PstI.TP381567","11","    2989","","0.2531","C"
"4","Trait5","pKWmEB","PstI.TP381685","11","    2990","","0.8711","A"
"4","Trait5","pKWmEB","PstI.TP381995","11","    2992","","0.4958","A"
"4","Trait5","pKWmEB","PstI.TP382259","11","    2993","","0.2226","A"
"4","Trait5","pKWmEB","PstI.TP382656","11","    2995","","1.5533","C"
"4","Trait5","pKWmEB","PstI.TP382933","11","    2997","","0.0693","A"
"4","Trait5","pKWmEB","PstI.TP383042","11","    2998","","0.5720","A"
"4","Trait5","pKWmEB","PstI.TP383286","11","    3000","","0.4459","A"
"4","Trait5","pKWmEB","PstI.TP383464","11","    3001","","0.1917","A"
"4","Trait5","pKWmEB","PstI.TP383609","11","    3002","","0.2346","A"
"4","Trait5","pKWmEB","PstI.TP383749","11","    3004","","0.0241","A"
"4","Trait5","pKWmEB","PstI.TP384214","11","    3005","","0.8113","G"
"4","Trait5","pKWmEB","PstI.TP384307","11","    3006","","1.0206","G"
"4","Trait5","pKWmEB","PstI.TP384341","11","    3007","","0.9282","A"
"4","Trait5","pKWmEB","PstI.TP384599","11","    3009","","0.1377","C"
"4","Trait5","pKWmEB","PstI.TP384803","11","    3010","","0.8751","A"
"4","Trait5","pKWmEB","PstI.TP385048","11","    3011","","0.2476","A"
"4","Trait5","pKWmEB","PstI.TP385119","11","    3012","","0.1165","C"
"4","Trait5","pKWmEB","PstI.TP385537","11","    3013","","1.9933","C"
"4","Trait5","pKWmEB","PstI.TP385544","11","    3014","","0.1742","C"
"4","Trait5","pKWmEB","PstI.TP386010","11","    3016","","0.0142","A"
"4","Trait5","pKWmEB","PstI.TP386260","11","    3017","","0.3554","G"
"4","Trait5","pKWmEB","PstI.TP386406","11","    3018","","0.0105","A"
"4","Trait5","pKWmEB","PstI.TP386442","11","    3019","","0.3976","A"
"4","Trait5","pKWmEB","PstI.TP386476","11","    3020","","1.1696","G"
"4","Trait5","pKWmEB","PstI.TP386967","11","    3022","","0.4125","A"
"4","Trait5","pKWmEB","PstI.TP387158","11","    3023","","1.9774","A"
"4","Trait5","pKWmEB","PstI.TP387187","11","    3024","","0.2479","A"
"4","Trait5","pKWmEB","PstI.TP387504","11","    3025","","1.4588","A"
"4","Trait5","pKWmEB","PstI.TP387724","11","    3028","","0.0608","A"
"4","Trait5","pKWmEB","PstI.TP387838","11","    3029","","0.0271","C"
"4","Trait5","pKWmEB","PstI.TP388878","11","    3031","","0.2286","A"
"4","Trait5","pKWmEB","PstI.TP388969","11","    3032","","0.2514","A"
"4","Trait5","pKWmEB","PstI.TP389033","11","    3033","","0.6073","C"
"4","Trait5","pKWmEB","PstI.TP389040","11","    3034","","0.0361","A"
"4","Trait5","pKWmEB","PstI.TP389168","11","    3035","","0.2793","A"
"4","Trait5","pKWmEB","PstI.TP389415","11","    3036","","0.0017","C"
"4","Trait5","pKWmEB","PstI.TP389445","11","    3037","","0.9677","A"
"4","Trait5","pKWmEB","PstI.TP389870","11","    3038","","0.2078","C"
"4","Trait5","pKWmEB","PstI.TP390120","11","    3039","","0.3542","A"
"4","Trait5","pKWmEB","PstI.TP390161","11","    3040","","0.0805","G"
"4","Trait5","pKWmEB","PstI.TP390223","11","    3042","","0.3820","A"
"4","Trait5","pKWmEB","PstI.TP390237","11","    3043","","0.9050","A"
"4","Trait5","pKWmEB","PstI.TP390273","11","    3044","","0.2785","C"
"4","Trait5","pKWmEB","PstI.TP390282","11","    3045","","0.3354","C"
"4","Trait5","pKWmEB","PstI.TP390327","11","    3046","","0.0655","A"
"4","Trait5","pKWmEB","PstI.TP390975","11","    3049","","0.0760","A"
"4","Trait5","pKWmEB","PstI.TP391260","11","    3050","","0.8409","C"
"4","Trait5","pKWmEB","PstI.TP391414","11","    3052","","0.0712","A"
"4","Trait5","pKWmEB","PstI.TP391696","11","    3053","","0.4383","A"
"4","Trait5","pKWmEB","PstI.TP392243","11","    3054","","0.5426","A"
"4","Trait5","pKWmEB","PstI.TP392580","11","    3055","","0.5048","C"
"4","Trait5","pKWmEB","PstI.TP392821","11","    3056","","0.3619","A"
"4","Trait5","pKWmEB","PstI.TP393010","11","    3057","","0.0462","A"
"4","Trait5","pKWmEB","PstI.TP393060","11","    3059","","0.8954","A"
"4","Trait5","pKWmEB","PstI.TP393202","11","    3062","","0.1878","C"
"4","Trait5","pKWmEB","PstI.TP393272","11","    3063","","0.0149","C"
"4","Trait5","pKWmEB","PstI.TP393341","11","    3064","","0.2609","A"
"4","Trait5","pKWmEB","PstI.TP393396","11","    3065","","0.1797","C"
"4","Trait5","pKWmEB","PstI.TP393487","11","    3066","","1.6672","A"
"4","Trait5","pKWmEB","PstI.TP393669","11","    3067","","0.6267","A"
"4","Trait5","pKWmEB","PstI.TP393690","11","    3068","","0.1369","A"
"4","Trait5","pKWmEB","PstI.TP393705","11","    3069","","1.9929","C"
"4","Trait5","pKWmEB","PstI.TP393757","11","    3070","","0.2120","A"
"4","Trait5","pKWmEB","PstI.TP393995","11","    3071","","0.6444","A"
"4","Trait5","pKWmEB","PstI.TP394132","11","    3072","","1.6297","A"
"4","Trait5","pKWmEB","PstI.TP394191","11","    3073","","0.0100","A"
"4","Trait5","pKWmEB","PstI.TP394246","11","    3074","","1.1367","C"
"4","Trait5","pKWmEB","PstI.TP394271","11","    3075","","0.5628","C"
"4","Trait5","pKWmEB","PstI.TP394317","11","    3076","","0.3142","C"
"4","Trait5","pKWmEB","PstI.TP394472","11","    3077","","0.2372","A"
"4","Trait5","pKWmEB","PstI.TP394783","11","    3078","","0.3320","G"
"4","Trait5","pKWmEB","PstI.TP394915","11","    3079","","0.5534","C"
"4","Trait5","pKWmEB","PstI.TP394950","11","    3080","","3.0243","C"
"4","Trait5","pKWmEB","PstI.TP394955","11","    3081","","0.4784","A"
"4","Trait5","pKWmEB","PstI.TP395118","11","    3082","","1.2183","C"
"4","Trait5","pKWmEB","PstI.TP395169","11","    3083","","0.3550","C"
"4","Trait5","pKWmEB","PstI.TP395278","11","    3084","","0.0779","A"
"4","Trait5","pKWmEB","PstI.TP395625","11","    3086","","0.7122","C"
"4","Trait5","pKWmEB","PstI.TP396204","11","    3088","","0.1751","A"
"4","Trait5","pKWmEB","PstI.TP396649","11","    3089","","2.2264","A"
"4","Trait5","pKWmEB","PstI.TP396662","11","    3090","","0.1895","G"
"4","Trait5","pKWmEB","PstI.TP396811","11","    3092","","0.6526","A"
"4","Trait5","pKWmEB","PstI.TP396871","11","    3093","","0.0431","A"
"4","Trait5","pKWmEB","PstI.TP396934","11","    3094","","0.0531","C"
"4","Trait5","pKWmEB","PstI.TP397295","11","    3096","","1.5291","C"
"4","Trait5","pKWmEB","PstI.TP397322","11","    3097","","0.4156","A"
"4","Trait5","pKWmEB","PstI.TP397378","11","    3098","","0.0403","C"
"4","Trait5","pKWmEB","PstI.TP397567","11","    3099","","0.2134","A"
"4","Trait5","pKWmEB","PstI.TP397569","11","    3100","","0.6350","A"
"4","Trait5","pKWmEB","PstI.TP397628","11","    3101","","0.7188","C"
"4","Trait5","pKWmEB","PstI.TP397673","11","    3102","","0.0023","C"
"4","Trait5","pKWmEB","PstI.TP397940","11","    3103","","1.0168","A"
"4","Trait5","pKWmEB","PstI.TP398042","11","    3104","","1.0537","A"
"4","Trait5","pKWmEB","PstI.TP398239","11","    3105","","0.1378","A"
"4","Trait5","pKWmEB","PstI.TP398337","11","    3106","","0.2819","G"
"4","Trait5","pKWmEB","PstI.TP398345","11","    3107","","0.1312","A"
"4","Trait5","pKWmEB","PstI.TP398624","11","    3109","","0.0889","A"
"4","Trait5","pKWmEB","PstI.TP398739","11","    3111","","1.2322","G"
"4","Trait5","pKWmEB","PstI.TP399247","11","    3112","","0.3015","C"
"4","Trait5","pKWmEB","PstI.TP399389","11","    3113","","1.4245","A"
"4","Trait5","pKWmEB","PstI.TP399602","11","    3114","","0.1374","A"
"4","Trait5","pKWmEB","PstI.TP400103","11","    3115","","0.3786","C"
"4","Trait5","pKWmEB","PstI.TP400205","11","    3116","","0.7351","C"
"4","Trait5","pKWmEB","PstI.TP400329","11","    3117","","0.6011","C"
"4","Trait5","pKWmEB","PstI.TP400476","11","    3118","","0.3139","A"
"4","Trait5","pKWmEB","PstI.TP401147","11","    3119","","0.6579","A"
"4","Trait5","pKWmEB","PstI.TP401473","11","    3120","","1.4147","A"
"4","Trait5","pKWmEB","PstI.TP401669","11","    3121","","0.0062","G"
"4","Trait5","pKWmEB","PstI.TP401701","11","    3122","","0.4993","A"
"4","Trait5","pKWmEB","PstI.TP401855","11","    3123","","1.3059","A"
"4","Trait5","pKWmEB","PstI.TP402092","11","    3125","","0.1171","A"
"4","Trait5","pKWmEB","PstI.TP402188","11","    3126","","0.3114","C"
"4","Trait5","pKWmEB","PstI.TP402784","11","    3127","","1.2247","A"
"4","Trait5","pKWmEB","PstI.TP402932","11","    3128","","1.0766","C"
"4","Trait5","pKWmEB","PstI.TP403201","11","    3129","","0.0126","A"
"4","Trait5","pKWmEB","PstI.TP403269","11","    3130","","0.0670","A"
"4","Trait5","pKWmEB","PstI.TP403290","11","    3132","","0.2739","A"
"4","Trait5","pKWmEB","PstI.TP403307","11","    3133","","0.3988","C"
"4","Trait5","pKWmEB","PstI.TP404167","11","    3138","","0.5827","C"
"4","Trait5","pKWmEB","PstI.TP404190","11","    3139","","0.0637","A"
"4","Trait5","pKWmEB","PstI.TP404606","11","    3140","","0.4317","A"
"4","Trait5","pKWmEB","PstI.TP404668","11","    3141","","0.0709","A"
"4","Trait5","pKWmEB","PstI.TP404827","11","    3144","","0.0568","C"
"4","Trait5","pKWmEB","PstI.TP404861","11","    3145","","1.2597","A"
"4","Trait5","pKWmEB","PstI.TP404920","11","    3146","","0.7014","A"
"4","Trait5","pKWmEB","PstI.TP404996","11","    3147","","0.6728","C"
"4","Trait5","pKWmEB","PstI.TP405108","11","    3148","","0.8861","A"
"4","Trait5","pKWmEB","PstI.TP405283","11","    3150","","0.0285","C"
"4","Trait5","pKWmEB","PstI.TP405335","11","    3151","","0.5241","A"
"4","Trait5","pKWmEB","PstI.TP407292","11","    3152","","0.8334","C"
"4","Trait5","pKWmEB","PstI.TP407410","11","    3154","","0.8341","A"
"4","Trait5","pKWmEB","PstI.TP407773","11","    3155","","0.1326","G"
"4","Trait5","pKWmEB","PstI.TP407989","11","    3156","","0.2998","C"
"4","Trait5","pKWmEB","PstI.TP408001","11","    3157","","0.8364","C"
"4","Trait5","pKWmEB","PstI.TP408101","11","    3159","","0.0009","C"
"4","Trait5","pKWmEB","PstI.TP408343","11","    3160","","0.4439","C"
"4","Trait5","pKWmEB","PstI.TP408495","11","    3162","","1.4937","C"
"4","Trait5","pKWmEB","PstI.TP408719","11","    3164","","0.4160","A"
"4","Trait5","pKWmEB","PstI.TP408924","11","    3165","","0.7074","G"
"4","Trait5","pKWmEB","PstI.TP409082","11","    3166","","0.1663","C"
"4","Trait5","pKWmEB","PstI.TP409277","11","    3168","","0.3069","C"
"4","Trait5","pKWmEB","PstI.TP409444","11","    3169","","0.1874","C"
"4","Trait5","pKWmEB","PstI.TP409904","11","    3170","","0.2973","C"
"4","Trait5","pKWmEB","PstI.TP409967","11","    3171","","0.1975","A"
"4","Trait5","pKWmEB","PstI.TP410069","11","    3172","","0.2576","C"
"4","Trait5","pKWmEB","PstI.TP410249","11","    3173","","0.8357","C"
"4","Trait5","pKWmEB","PstI.TP410397","11","    3175","","0.1270","A"
"4","Trait5","pKWmEB","PstI.TP410531","11","    3177","","0.1456","A"
"4","Trait5","pKWmEB","PstI.TP410532","11","    3178","","0.3029","C"
"4","Trait5","pKWmEB","PstI.TP410616","11","    3179","","0.0400","A"
"4","Trait5","pKWmEB","PstI.TP410682","11","    3180","","0.0715","A"
"4","Trait5","pKWmEB","PstI.TP410927","11","    3181","","0.3696","C"
"4","Trait5","pKWmEB","PstI.TP411066","11","    3182","","0.1807","A"
"4","Trait5","pKWmEB","PstI.TP411074","11","    3183","","1.9732","C"
"4","Trait5","pKWmEB","PstI.TP411274","11","    3184","","0.1774","A"
"4","Trait5","pKWmEB","PstI.TP411518","11","    3185","","0.5712","C"
"4","Trait5","pKWmEB","PstI.TP411817","11","    3187","","0.1632","C"
"4","Trait5","pKWmEB","PstI.TP411848","11","    3188","","2.0161","G"
"4","Trait5","pKWmEB","PstI.TP412003","11","    3189","","0.7096","G"
"4","Trait5","pKWmEB","PstI.TP412317","11","    3190","","1.1583","C"
"4","Trait5","pKWmEB","PstI.TP412333","11","    3191","","0.2286","A"
"4","Trait5","pKWmEB","PstI.TP412952","11","    3193","","0.2706","C"
"4","Trait5","pKWmEB","PstI.TP413112","11","    3196","","1.2405","A"
"4","Trait5","pKWmEB","PstI.TP413219","11","    3197","","0.7654","A"
"4","Trait5","pKWmEB","PstI.TP413289","11","    3198","","0.3178","A"
"4","Trait5","pKWmEB","PstI.TP413677","11","    3201","","0.2338","A"
"4","Trait5","pKWmEB","PstI.TP413714","11","    3202","","0.2943","A"
"4","Trait5","pKWmEB","PstI.TP413792","11","    3203","","0.6549","A"
"4","Trait5","pKWmEB","PstI.TP413966","11","    3204","","0.3490","C"
"4","Trait5","pKWmEB","PstI.TP414130","11","    3205","","0.4835","C"
"4","Trait5","pKWmEB","PstI.TP414753","11","    3208","","0.6530","A"
"4","Trait5","pKWmEB","PstI.TP414818","11","    3210","","1.0623","C"
"4","Trait5","pKWmEB","PstI.TP414892","11","    3211","","0.4776","A"
"4","Trait5","pKWmEB","PstI.TP415034","11","    3213","","0.1490","C"
"4","Trait5","pKWmEB","PstI.TP415223","11","    3214","","0.2782","C"
"4","Trait5","pKWmEB","PstI.TP415331","11","    3215","","0.9141","C"
"4","Trait5","pKWmEB","PstI.TP415401","11","    3216","","0.1204","A"
"4","Trait5","pKWmEB","PstI.TP415431","11","    3217","","0.8295","C"
"4","Trait5","pKWmEB","PstI.TP415676","11","    3218","","0.3548","C"
"4","Trait5","pKWmEB","PstI.TP415684","11","    3219","","0.3140","C"
"4","Trait5","pKWmEB","PstI.TP415754","11","    3220","","0.1025","A"
"4","Trait5","pKWmEB","PstI.TP415755","11","    3221","","0.2461","A"
"4","Trait5","pKWmEB","PstI.TP415787","11","    3222","","0.3460","A"
"4","Trait5","pKWmEB","PstI.TP415965","11","    3223","","0.0204","C"
"4","Trait5","pKWmEB","PstI.TP415974","11","    3224","","0.0771","C"
"4","Trait5","pKWmEB","PstI.TP416069","11","    3225","","1.2280","C"
"4","Trait5","pKWmEB","PstI.TP416126","11","    3226","","0.0357","C"
"4","Trait5","pKWmEB","PstI.TP416210","11","    3227","","0.5550","G"
"4","Trait5","pKWmEB","PstI.TP416352","11","    3228","","0.2503","A"
"4","Trait5","pKWmEB","PstI.TP416422","11","    3229","","0.0178","A"
"4","Trait5","pKWmEB","PstI.TP416576","11","    3230","","0.4270","A"
"4","Trait5","pKWmEB","PstI.TP416705","11","    3232","","0.3316","A"
"4","Trait5","pKWmEB","PstI.TP416866","11","    3233","","0.2561","C"
"4","Trait5","pKWmEB","PstI.TP416913","11","    3235","","0.7201","C"
"4","Trait5","pKWmEB","PstI.TP417374","11","    3236","","0.2891","A"
"4","Trait5","pKWmEB","PstI.TP417462","11","    3237","","0.9849","C"
"4","Trait5","pKWmEB","PstI.TP417668","11","    3238","","0.3496","C"
"4","Trait5","pKWmEB","PstI.TP417758","11","    3239","","0.4713","A"
"4","Trait5","pKWmEB","PstI.TP418429","11","    3241","","0.0114","A"
"4","Trait5","pKWmEB","PstI.TP418463","11","    3242","","0.8021","A"
"4","Trait5","pKWmEB","PstI.TP418632","11","    3243","","0.0105","C"
"4","Trait5","pKWmEB","PstI.TP418643","11","    3244","","0.4859","A"
"4","Trait5","pKWmEB","PstI.TP418645","11","    3245","","0.1048","C"
"4","Trait5","pKWmEB","PstI.TP418745","11","    3247","","0.2966","C"
"4","Trait5","pKWmEB","PstI.TP418787","11","    3248","","0.0287","C"
"4","Trait5","pKWmEB","PstI.TP418813","11","    3249","","0.2730","A"
"4","Trait5","pKWmEB","PstI.TP418970","11","    3252","","0.3667","C"
"4","Trait5","pKWmEB","PstI.TP418989","11","    3253","","0.1039","C"
"4","Trait5","pKWmEB","PstI.TP419116","11","    3255","","0.2982","C"
"4","Trait5","pKWmEB","PstI.TP419923","11","    3257","","0.1511","A"
"4","Trait5","pKWmEB","PstI.TP420791","11","    3259","","0.0401","A"
"4","Trait5","pKWmEB","PstI.TP420996","11","    3261","","0.6521","C"
"4","Trait5","pKWmEB","PstI.TP421297","11","    3262","","0.4800","A"
"4","Trait5","pKWmEB","PstI.TP421643","11","    3264","","0.0438","A"
"4","Trait5","pKWmEB","PstI.TP421703","11","    3265","","0.4074","A"
"4","Trait5","pKWmEB","PstI.TP421743","11","    3266","","0.8847","C"
"4","Trait5","pKWmEB","PstI.TP421998","11","    3269","","1.1343","C"
"4","Trait5","pKWmEB","PstI.TP422365","11","    3270","","0.5085","C"
"4","Trait5","pKWmEB","PstI.TP422698","11","    3272","","0.0577","G"
"4","Trait5","pKWmEB","PstI.TP422756","11","    3273","","0.2668","C"
"4","Trait5","pKWmEB","PstI.TP423482","11","    3275","","0.4330","A"
"4","Trait5","pKWmEB","PstI.TP423653","11","    3276","","0.9571","A"
"4","Trait5","pKWmEB","PstI.TP423745","11","    3277","","0.1041","A"
"4","Trait5","pKWmEB","PstI.TP424393","11","    3279","","0.8613","A"
"4","Trait5","pKWmEB","PstI.TP424478","11","    3280","","0.2950","C"
"4","Trait5","pKWmEB","PstI.TP424722","11","    3281","","0.2008","A"
"4","Trait5","pKWmEB","PstI.TP425034","11","    3282","","0.3553","C"
"4","Trait5","pKWmEB","PstI.TP425481","11","    3284","","0.1039","A"
"4","Trait5","pKWmEB","PstI.TP425496","11","    3285","","0.0295","C"
"4","Trait5","pKWmEB","PstI.TP425511","11","    3286","","0.4423","A"
"4","Trait5","pKWmEB","PstI.TP425692","11","    3287","","0.1346","C"
"4","Trait5","pKWmEB","PstI.TP425754","11","    3288","","0.5091","C"
"4","Trait5","pKWmEB","PstI.TP426523","11","    3290","","0.0125","A"
"4","Trait5","pKWmEB","PstI.TP426591","11","    3291","","0.0475","A"
"4","Trait5","pKWmEB","PstI.TP426633","11","    3292","","1.6772","C"
"4","Trait5","pKWmEB","PstI.TP426669","11","    3293","","0.5679","C"
"4","Trait5","pKWmEB","PstI.TP426774","11","    3294","","0.5192","A"
"4","Trait5","pKWmEB","PstI.TP426783","11","    3295","","0.0592","G"
"4","Trait5","pKWmEB","PstI.TP426818","11","    3296","","0.4045","A"
"4","Trait5","pKWmEB","PstI.TP426975","11","    3297","","0.2309","C"
"4","Trait5","pKWmEB","PstI.TP427133","11","    3298","","0.0160","G"
"4","Trait5","pKWmEB","PstI.TP427350","11","    3299","","0.1192","C"
"4","Trait5","pKWmEB","PstI.TP427528","11","    3301","","0.1254","A"
"4","Trait5","pKWmEB","PstI.TP428140","11","    3303","","0.5658","A"
"4","Trait5","pKWmEB","PstI.TP428141","11","    3304","","0.6899","A"
"4","Trait5","pKWmEB","PstI.TP428467","11","    3305","","0.0460","A"
"4","Trait5","pKWmEB","PstI.TP428568","11","    3306","","0.5160","C"
"4","Trait5","pKWmEB","PstI.TP428574","11","    3307","","0.2216","C"
"4","Trait5","pKWmEB","PstI.TP428834","11","    3309","","0.0182","G"
"4","Trait5","pKWmEB","PstI.TP428843","11","    3310","","0.0750","C"
"4","Trait5","pKWmEB","PstI.TP429340","11","    3311","","0.0258","A"
"4","Trait5","pKWmEB","PstI.TP429501","11","    3312","","0.0864","C"
"4","Trait5","pKWmEB","PstI.TP429798","11","    3313","","0.7053","C"
"4","Trait5","pKWmEB","PstI.TP429888","11","    3314","","0.3430","A"
"4","Trait5","pKWmEB","PstI.TP429929","11","    3315","","0.3266","C"
"4","Trait5","pKWmEB","PstI.TP432782","11","    3317","","0.3997","A"
"4","Trait5","pKWmEB","PstI.TP432918","11","    3318","","0.1673","C"
"4","Trait5","pKWmEB","PstI.TP433110","11","    3319","","0.8172","A"
"4","Trait5","pKWmEB","PstI.TP433234","11","    3320","","1.7349","G"
"4","Trait5","pKWmEB","PstI.TP433397","11","    3321","","0.0835","G"
"4","Trait5","pKWmEB","PstI.TP433625","11","    3323","","0.4372","C"
"4","Trait5","pKWmEB","PstI.TP433679","11","    3324","","1.9255","C"
"4","Trait5","pKWmEB","PstI.TP433998","11","    3325","","0.7122","A"
"4","Trait5","pKWmEB","PstI.TP434010","11","    3326","","0.2468","A"
"4","Trait5","pKWmEB","PstI.TP434247","11","    3327","","1.1854","C"
"4","Trait5","pKWmEB","PstI.TP434277","11","    3328","","0.6558","A"
"4","Trait5","pKWmEB","PstI.TP434344","11","    3329","","1.5989","C"
"4","Trait5","pKWmEB","PstI.TP435453","11","    3331","","0.3994","C"
"4","Trait5","pKWmEB","PstI.TP435478","11","    3332","","0.0125","A"
"4","Trait5","pKWmEB","PstI.TP435891","11","    3336","","1.4619","C"
"4","Trait5","pKWmEB","PstI.TP435913","11","    3337","","0.6210","C"
"4","Trait5","pKWmEB","PstI.TP435923","11","    3338","","0.2113","A"
"4","Trait5","pKWmEB","PstI.TP435933","11","    3339","","0.3059","G"
"4","Trait5","pKWmEB","PstI.TP436519","11","    3341","","0.7991","C"
"4","Trait5","pKWmEB","PstI.TP436643","11","    3344","","0.9940","C"
"4","Trait5","pKWmEB","PstI.TP436753","11","    3346","","0.3143","A"
"4","Trait5","pKWmEB","PstI.TP436899","11","    3347","","0.0955","A"
"4","Trait5","pKWmEB","PstI.TP437599","11","    3350","","0.1634","C"
"4","Trait5","pKWmEB","PstI.TP437620","11","    3351","","0.8548","C"
"4","Trait5","pKWmEB","PstI.TP437628","11","    3352","","0.3971","C"
"4","Trait5","pKWmEB","PstI.TP437672","11","    3353","","0.2778","C"
"4","Trait5","pKWmEB","PstI.TP437905","11","    3354","","0.8954","A"
"4","Trait5","pKWmEB","PstI.TP438019","11","    3355","","0.5068","G"
"4","Trait5","pKWmEB","PstI.TP438228","11","    3357","","0.3114","C"
"4","Trait5","pKWmEB","PstI.TP438416","11","    3358","","0.3083","C"
"4","Trait5","pKWmEB","PstI.TP438529","11","    3359","","0.8207","G"
"4","Trait5","pKWmEB","PstI.TP438663","11","    3360","","0.0535","G"
"4","Trait5","pKWmEB","PstI.TP439138","11","    3362","","0.5573","C"
"4","Trait5","pKWmEB","PstI.TP439372","11","    3363","","1.2440","C"
"4","Trait5","pKWmEB","PstI.TP439492","11","    3364","","0.0905","A"
"4","Trait5","pKWmEB","PstI.TP439519","11","    3365","","0.3876","C"
"4","Trait5","pKWmEB","PstI.TP439968","11","    3366","","0.1973","C"
"4","Trait5","pKWmEB","PstI.TP440030","11","    3367","","0.2721","A"
"4","Trait5","pKWmEB","PstI.TP440255","11","    3368","","0.8982","A"
"4","Trait5","pKWmEB","PstI.TP440570","11","    3369","","0.7214","A"
"4","Trait5","pKWmEB","PstI.TP440578","11","    3370","","0.5047","A"
"4","Trait5","pKWmEB","PstI.TP440662","11","    3372","","0.8795","C"
"4","Trait5","pKWmEB","PstI.TP440714","11","    3373","","0.2814","A"
"4","Trait5","pKWmEB","PstI.TP440785","11","    3374","","0.3607","A"
"4","Trait5","pKWmEB","PstI.TP441162","11","    3375","","0.6000","A"
"4","Trait5","pKWmEB","PstI.TP441587","11","    3379","","0.1267","A"
"4","Trait5","pKWmEB","PstI.TP441793","11","    3380","","0.3157","C"
"4","Trait5","pKWmEB","PstI.TP441943","11","    3381","","0.3102","A"
"4","Trait5","pKWmEB","PstI.TP442135","11","    3383","","1.0838","A"
"4","Trait5","pKWmEB","PstI.TP442473","11","    3384","","0.3900","A"
"4","Trait5","pKWmEB","PstI.TP442578","11","    3386","","0.0938","C"
"4","Trait5","pKWmEB","PstI.TP442918","11","    3388","","0.0570","C"
"4","Trait5","pKWmEB","PstI.TP443155","11","    3389","","0.0401","A"
"4","Trait5","pKWmEB","PstI.TP443504","11","    3391","","0.4691","C"
"4","Trait5","pKWmEB","PstI.TP443535","11","    3392","","0.0095","A"
"4","Trait5","pKWmEB","PstI.TP443635","11","    3393","","1.5316","C"
"4","Trait5","pKWmEB","PstI.TP443650","11","    3394","","0.4787","A"
"4","Trait5","pKWmEB","PstI.TP443694","11","    3395","","1.1187","C"
"4","Trait5","pKWmEB","PstI.TP443719","11","    3396","","0.1891","A"
"4","Trait5","pKWmEB","PstI.TP443759","11","    3397","","0.9574","C"
"4","Trait5","pKWmEB","PstI.TP443810","11","    3398","","0.9000","C"
"4","Trait5","pKWmEB","PstI.TP443846","11","    3399","","0.0198","C"
"4","Trait5","pKWmEB","PstI.TP443974","11","    3403","","0.0676","A"
"4","Trait5","pKWmEB","PstI.TP444076","11","    3404","","1.2979","A"
"4","Trait5","pKWmEB","PstI.TP444102","11","    3406","","0.0595","C"
"4","Trait5","pKWmEB","PstI.TP444137","11","    3407","","0.4626","A"
"4","Trait5","pKWmEB","PstI.TP444248","11","    3408","","0.6800","A"
"4","Trait5","pKWmEB","PstI.TP444282","11","    3410","","0.0049","C"
"4","Trait5","pKWmEB","PstI.TP444440","11","    3411","","0.5758","A"
"4","Trait5","pKWmEB","PstI.TP444675","11","    3412","","0.1838","A"
"4","Trait5","pKWmEB","PstI.TP444729","11","    3413","","0.6139","C"
"4","Trait5","pKWmEB","PstI.TP444753","11","    3414","","0.4817","A"
"4","Trait5","pKWmEB","PstI.TP444813","11","    3415","","0.1219","C"
"4","Trait5","pKWmEB","PstI.TP445381","11","    3416","","1.0625","A"
"4","Trait5","pKWmEB","PstI.TP445606","11","    3417","","0.0614","A"
"4","Trait5","pKWmEB","PstI.TP445713","11","    3418","","0.7444","C"
"4","Trait5","pKWmEB","PstI.TP445836","11","    3419","","1.2756","C"
"4","Trait5","pKWmEB","PstI.TP445909","11","    3420","","0.7535","G"
"4","Trait5","pKWmEB","PstI.TP445964","11","    3421","","0.0568","C"
"4","Trait5","pKWmEB","PstI.TP446408","11","    3424","","0.8491","A"
"4","Trait5","pKWmEB","PstI.TP446572","11","    3426","","0.0389","A"
"4","Trait5","pKWmEB","PstI.TP446629","11","    3427","","0.1233","C"
"4","Trait5","pKWmEB","PstI.TP446652","11","    3428","","0.2127","A"
"4","Trait5","pKWmEB","PstI.TP446790","11","    3429","","0.5221","C"
"4","Trait5","pKWmEB","PstI.TP447632","11","    3431","","0.1096","C"
"4","Trait5","pKWmEB","PstI.TP447831","11","    3432","","0.0399","A"
"4","Trait5","pKWmEB","PstI.TP447981","11","    3433","","1.0915","A"
"4","Trait5","pKWmEB","PstI.TP448357","11","    3434","","0.2837","A"
"4","Trait5","pKWmEB","PstI.TP448414","11","    3435","","0.0011","C"
"4","Trait5","pKWmEB","PstI.TP448477","11","    3436","","0.2425","C"
"4","Trait5","pKWmEB","PstI.TP448699","11","    3438","","0.4372","C"
"4","Trait5","pKWmEB","PstI.TP448792","11","    3439","","0.2831","C"
"4","Trait5","pKWmEB","PstI.TP449089","11","    3441","","0.4841","G"
"4","Trait5","pKWmEB","PstI.TP449209","11","    3442","","0.7307","A"
"4","Trait5","pKWmEB","PstI.TP449252","11","    3443","","0.1929","C"
"4","Trait5","pKWmEB","PstI.TP449531","11","    3444","","1.6177","C"
"4","Trait5","pKWmEB","PstI.TP449599","11","    3445","","0.1259","A"
"4","Trait5","pKWmEB","PstI.TP449951","11","    3446","","0.0349","C"
"4","Trait5","pKWmEB","PstI.TP450500","11","    3448","","1.0308","G"
"4","Trait5","pKWmEB","PstI.TP450610","11","    3449","","0.3414","G"
"4","Trait5","pKWmEB","PstI.TP450913","11","    3450","","1.4826","A"
"4","Trait5","pKWmEB","PstI.TP450940","11","    3451","","0.1181","C"
"4","Trait5","pKWmEB","PstI.TP451164","11","    3454","","0.0182","A"
"4","Trait5","pKWmEB","PstI.TP451280","11","    3455","","0.3180","C"
"4","Trait5","pKWmEB","PstI.TP451421","11","    3456","","0.1651","C"
"4","Trait5","pKWmEB","PstI.TP451532","11","    3457","","0.0218","C"
"4","Trait5","pKWmEB","PstI.TP451663","11","    3458","","0.4488","A"
"4","Trait5","pKWmEB","PstI.TP451776","11","    3459","","0.5111","C"
"4","Trait5","pKWmEB","PstI.TP451853","11","    3460","","0.8426","C"
"4","Trait5","pKWmEB","PstI.TP452061","11","    3461","","0.1579","A"
"4","Trait5","pKWmEB","PstI.TP452142","11","    3462","","0.2463","G"
"4","Trait5","pKWmEB","PstI.TP452151","11","    3463","","0.6792","A"
"4","Trait5","pKWmEB","PstI.TP452465","11","    3464","","0.4304","C"
"4","Trait5","pKWmEB","PstI.TP452924","11","    3465","","0.7084","A"
"4","Trait5","pKWmEB","PstI.TP452961","11","    3466","","0.4704","A"
"4","Trait5","pKWmEB","PstI.TP453074","11","    3468","","0.0931","A"
"4","Trait5","pKWmEB","PstI.TP453103","11","    3469","","0.3850","C"
"4","Trait5","pKWmEB","PstI.TP453160","11","    3470","","0.1057","C"
"4","Trait5","pKWmEB","PstI.TP453182","11","    3471","","0.5822","A"
"4","Trait5","pKWmEB","PstI.TP453411","11","    3472","","0.3403","A"
"4","Trait5","pKWmEB","PstI.TP453426","11","    3473","","0.0278","A"
"4","Trait5","pKWmEB","PstI.TP453485","11","    3475","","1.0631","C"
"4","Trait5","pKWmEB","PstI.TP453578","11","    3476","","0.0607","A"
"4","Trait5","pKWmEB","PstI.TP453580","11","    3477","","0.0886","A"
"4","Trait5","pKWmEB","PstI.TP453721","11","    3478","","0.1236","C"
"4","Trait5","pKWmEB","PstI.TP453722","11","    3479","","0.4179","C"
"4","Trait5","pKWmEB","PstI.TP454066","11","    3480","","0.1816","G"
"4","Trait5","pKWmEB","PstI.TP454197","11","    3481","","0.4693","C"
"4","Trait5","pKWmEB","PstI.TP454344","11","    3482","","0.2368","A"
"4","Trait5","pKWmEB","PstI.TP454650","11","    3483","","0.2239","C"
"4","Trait5","pKWmEB","PstI.TP454878","11","    3484","","1.1752","C"
"4","Trait5","pKWmEB","PstI.TP454907","11","    3485","","0.1225","A"
"4","Trait5","pKWmEB","PstI.TP455498","11","    3486","","1.3533","G"
"4","Trait5","pKWmEB","PstI.TP455544","11","    3487","","0.4287","C"
"4","Trait5","pKWmEB","PstI.TP455766","11","    3488","","0.1784","G"
"4","Trait5","pKWmEB","PstI.TP455986","11","    3490","","0.0573","A"
"4","Trait5","pKWmEB","PstI.TP456103","11","    3491","","1.1856","G"
"4","Trait5","pKWmEB","PstI.TP457038","11","    3493","","0.7213","C"
"4","Trait5","pKWmEB","PstI.TP457321","11","    3495","","0.3224","G"
"4","Trait5","pKWmEB","PstI.TP457399","11","    3496","","0.5531","A"
"4","Trait5","pKWmEB","PstI.TP457407","11","    3497","","0.6324","G"
"4","Trait5","pKWmEB","PstI.TP457659","11","    3498","","0.1662","C"
"4","Trait5","pKWmEB","PstI.TP457972","11","    3499","","0.1906","C"
"4","Trait5","pKWmEB","PstI.TP458032","11","    3500","","0.5769","C"
"4","Trait5","pKWmEB","PstI.TP458316","11","    3501","","0.1566","A"
"4","Trait5","pKWmEB","PstI.TP458335","11","    3502","","1.5447","C"
"4","Trait5","pKWmEB","PstI.TP459082","11","    3504","","0.5293","A"
"4","Trait5","pKWmEB","PstI.TP459158","11","    3505","","0.0634","A"
"4","Trait5","pKWmEB","PstI.TP459430","11","    3506","","0.0248","A"
"4","Trait5","pKWmEB","PstI.TP459505","11","    3507","","0.0499","A"
"4","Trait5","pKWmEB","PstI.TP459565","11","    3508","","0.0715","A"
"4","Trait5","pKWmEB","PstI.TP459584","11","    3509","","0.3281","C"
"4","Trait5","pKWmEB","PstI.TP459896","11","    3510","","0.6795","C"
"4","Trait5","pKWmEB","PstI.TP459900","11","    3511","","0.2536","A"
"4","Trait5","pKWmEB","PstI.TP460035","11","    3512","","0.0234","C"
"4","Trait5","pKWmEB","PstI.TP460037","11","    3513","","0.1906","C"
"4","Trait5","pKWmEB","PstI.TP460090","11","    3514","","1.0264","A"
"4","Trait5","pKWmEB","PstI.TP460107","11","    3515","","0.5133","A"
"4","Trait5","pKWmEB","PstI.TP460472","11","    3517","","0.1465","A"
"4","Trait5","pKWmEB","PstI.TP460679","11","    3519","","0.9921","A"
"4","Trait5","pKWmEB","PstI.TP460814","11","    3520","","0.0867","G"
"4","Trait5","pKWmEB","PstI.TP460830","11","    3521","","1.0263","C"
"4","Trait5","pKWmEB","PstI.TP460863","11","    3522","","0.0093","A"
"4","Trait5","pKWmEB","PstI.TP460941","11","    3523","","0.5661","C"
"4","Trait5","pKWmEB","PstI.TP460989","11","    3524","","0.6959","C"
"4","Trait5","pKWmEB","PstI.TP461194","11","    3525","","0.4836","C"
"4","Trait5","pKWmEB","PstI.TP461447","11","    3527","","0.2759","A"
"4","Trait5","pKWmEB","PstI.TP461801","11","    3528","","0.1976","A"
"4","Trait5","pKWmEB","PstI.TP463088","11","    3529","","0.3226","C"
"4","Trait5","pKWmEB","PstI.TP463211","11","    3530","","0.1252","C"
"4","Trait5","pKWmEB","PstI.TP463329","11","    3531","","0.5397","C"
"4","Trait5","pKWmEB","PstI.TP463648","11","    3532","","0.3315","C"
"4","Trait5","pKWmEB","PstI.TP464095","11","    3533","","0.6920","G"
"4","Trait5","pKWmEB","PstI.TP464186","11","    3534","","0.4151","C"
"4","Trait5","pKWmEB","PstI.TP464241","11","    3535","","0.1954","A"
"4","Trait5","pKWmEB","PstI.TP464435","11","    3536","","0.2636","C"
"4","Trait5","pKWmEB","PstI.TP464460","11","    3537","","0.6879","A"
"4","Trait5","pKWmEB","PstI.TP464630","11","    3538","","0.3252","A"
"4","Trait5","pKWmEB","PstI.TP464884","11","    3541","","0.4342","C"
"4","Trait5","pKWmEB","PstI.TP464910","11","    3542","","0.0176","A"
"4","Trait5","pKWmEB","PstI.TP464920","11","    3543","","0.3019","A"
"4","Trait5","pKWmEB","PstI.TP465425","11","    3545","","0.4998","A"
"4","Trait5","pKWmEB","PstI.TP465891","11","    3546","","0.3750","G"
"4","Trait5","pKWmEB","PstI.TP466360","11","    3547","","0.1868","C"
"4","Trait5","pKWmEB","PstI.TP466877","11","    3549","","0.0147","C"
"4","Trait5","pKWmEB","PstI.TP466878","11","    3550","","0.1980","C"
"4","Trait5","pKWmEB","PstI.TP467138","11","    3552","","0.6488","A"
"4","Trait5","pKWmEB","PstI.TP467145","11","    3553","","0.0080","A"
"4","Trait5","pKWmEB","PstI.TP467352","11","    3554","","0.1033","A"
"4","Trait5","pKWmEB","PstI.TP467396","11","    3555","","0.0195","A"
"4","Trait5","pKWmEB","PstI.TP467512","11","    3556","","0.0368","C"
"4","Trait5","pKWmEB","PstI.TP467821","11","    3557","","0.8091","C"
"4","Trait5","pKWmEB","PstI.TP468243","11","    3559","","0.0354","C"
"4","Trait5","pKWmEB","PstI.TP468410","11","    3560","","0.1627","A"
"4","Trait5","pKWmEB","PstI.TP468651","11","    3561","","0.5586","C"
"4","Trait5","pKWmEB","PstI.TP468700","11","    3562","","0.8735","C"
"4","Trait5","pKWmEB","PstI.TP468958","11","    3564","","0.5111","C"
"4","Trait5","pKWmEB","PstI.TP469094","11","    3565","","0.1988","A"
"4","Trait5","pKWmEB","PstI.TP469119","11","    3566","","0.9735","C"
"4","Trait5","pKWmEB","PstI.TP469162","11","    3567","","0.9532","C"
"4","Trait5","pKWmEB","PstI.TP469475","11","    3568","","0.2897","C"
"4","Trait5","pKWmEB","PstI.TP469533","11","    3570","","0.0394","C"
"4","Trait5","pKWmEB","PstI.TP469587","11","    3571","","0.3679","G"
"4","Trait5","pKWmEB","PstI.TP469722","11","    3572","","2.0416","C"
"4","Trait5","pKWmEB","PstI.TP469898","11","    3573","","0.1975","A"
"4","Trait5","pKWmEB","PstI.TP470111","11","    3574","","0.3020","A"
"4","Trait5","pKWmEB","PstI.TP470828","11","    3576","","0.9979","A"
"4","Trait5","pKWmEB","PstI.TP470855","11","    3577","","0.5301","C"
"4","Trait5","pKWmEB","PstI.TP471390","11","    3579","","0.6802","C"
"4","Trait5","pKWmEB","PstI.TP471554","11","    3580","","0.5845","A"
"4","Trait5","pKWmEB","PstI.TP471768","11","    3581","","0.2624","C"
"4","Trait5","pKWmEB","PstI.TP471808","11","    3582","","0.6645","A"
"4","Trait5","pKWmEB","PstI.TP471886","11","    3583","","0.7785","A"
"4","Trait5","pKWmEB","PstI.TP472030","11","    3584","","1.4754","C"
"4","Trait5","pKWmEB","PstI.TP472049","11","    3585","","0.1390","C"
"4","Trait5","pKWmEB","PstI.TP472116","11","    3587","","0.5950","G"
"4","Trait5","pKWmEB","PstI.TP472201","11","    3588","","0.3983","A"
"4","Trait5","pKWmEB","PstI.TP472234","11","    3589","","0.4775","C"
"4","Trait5","pKWmEB","PstI.TP472247","11","    3590","","0.9771","C"
"4","Trait5","pKWmEB","PstI.TP473003","11","    3592","","0.1768","C"
"4","Trait5","pKWmEB","PstI.TP473021","11","    3593","","0.5067","A"
"4","Trait5","pKWmEB","PstI.TP473090","11","    3594","","0.8217","A"
"4","Trait5","pKWmEB","PstI.TP473452","11","    3597","","0.8445","A"
"4","Trait5","pKWmEB","PstI.TP473508","11","    3598","","0.5071","A"
"4","Trait5","pKWmEB","PstI.TP473628","11","    3599","","0.5019","A"
"4","Trait5","pKWmEB","PstI.TP474063","11","    3601","","0.1617","C"
"4","Trait5","pKWmEB","PstI.TP474150","11","    3602","","0.1342","A"
"4","Trait5","pKWmEB","PstI.TP474720","11","    3603","","0.6102","A"
"4","Trait5","pKWmEB","PstI.TP475178","11","    3604","","1.0527","A"
"4","Trait5","pKWmEB","PstI.TP475415","11","    3605","","1.3630","A"
"4","Trait5","pKWmEB","PstI.TP475534","11","    3607","","0.1749","C"
"4","Trait5","pKWmEB","PstI.TP475806","11","    3608","","0.2661","C"
"4","Trait5","pKWmEB","PstI.TP475852","11","    3609","","0.3795","C"
"4","Trait5","pKWmEB","PstI.TP475936","11","    3610","","0.7331","C"
"4","Trait5","pKWmEB","PstI.TP475953","11","    3611","","1.2048","C"
"4","Trait5","pKWmEB","PstI.TP475981","11","    3612","","0.5586","C"
"4","Trait5","pKWmEB","PstI.TP475994","11","    3613","","0.2136","C"
"4","Trait5","pKWmEB","PstI.TP476029","11","    3615","","0.2258","A"
"4","Trait5","pKWmEB","PstI.TP476206","11","    3616","","0.0712","C"
"4","Trait5","pKWmEB","PstI.TP476212","11","    3617","","0.2883","A"
"4","Trait5","pKWmEB","PstI.TP476360","11","    3618","","0.0635","C"
"4","Trait5","pKWmEB","PstI.TP476562","11","    3619","","0.0720","C"
"4","Trait5","pKWmEB","PstI.TP477226","11","    3621","","1.1830","A"
"4","Trait5","pKWmEB","PstI.TP477293","11","    3622","","0.1005","A"
"4","Trait5","pKWmEB","PstI.TP477471","11","    3623","","1.1970","A"
"4","Trait5","pKWmEB","PstI.TP477500","11","    3624","","0.4162","A"
"4","Trait5","pKWmEB","PstI.TP477501","11","    3625","","0.0983","C"
"4","Trait5","pKWmEB","PstI.TP477505","11","    3626","","0.1571","A"
"4","Trait5","pKWmEB","PstI.TP477611","11","    3627","","0.7914","A"
"4","Trait5","pKWmEB","PstI.TP477641","11","    3628","","0.7399","C"
"4","Trait5","pKWmEB","PstI.TP477939","11","    3629","","0.0285","A"
"4","Trait5","pKWmEB","PstI.TP478207","11","    3630","","1.0052","A"
"4","Trait5","pKWmEB","PstI.TP478241","11","    3631","","0.4748","A"
"4","Trait5","pKWmEB","PstI.TP478418","11","    3633","","0.5393","G"
"4","Trait5","pKWmEB","PstI.TP478815","11","    3634","","0.4191","A"
"4","Trait5","pKWmEB","PstI.TP478844","11","    3635","","0.4104","G"
"4","Trait5","pKWmEB","PstI.TP479081","11","    3636","","0.3964","C"
"4","Trait5","pKWmEB","PstI.TP479083","11","    3637","","0.0740","A"
"4","Trait5","pKWmEB","PstI.TP479093","11","    3638","","0.3085","A"
"4","Trait5","pKWmEB","PstI.TP479356","11","    3639","","0.1041","C"
"4","Trait5","pKWmEB","PstI.TP479968","11","    3641","","0.9989","C"
"4","Trait5","pKWmEB","PstI.TP480358","11","    3642","","0.0947","C"
"4","Trait5","pKWmEB","PstI.TP480563","11","    3643","","0.3390","A"
"4","Trait5","pKWmEB","PstI.TP480771","11","    3644","","0.3088","C"
"4","Trait5","pKWmEB","PstI.TP480911","11","    3645","","0.0713","C"
"4","Trait5","pKWmEB","PstI.TP481157","11","    3646","","0.2047","C"
"4","Trait5","pKWmEB","PstI.TP481484","11","    3647","","0.1390","A"
"4","Trait5","pKWmEB","PstI.TP481507","11","    3648","","0.3730","C"
"4","Trait5","pKWmEB","PstI.TP481610","11","    3649","","0.5975","A"
"4","Trait5","pKWmEB","PstI.TP481850","11","    3651","","0.3937","A"
"4","Trait5","pKWmEB","PstI.TP482128","11","    3652","","0.1156","C"
"4","Trait5","pKWmEB","PstI.TP482374","11","    3655","","0.0731","C"
"4","Trait5","pKWmEB","PstI.TP482485","11","    3656","","0.1136","A"
"4","Trait5","pKWmEB","PstI.TP482786","11","    3658","","0.0409","G"
"4","Trait5","pKWmEB","PstI.TP482851","11","    3659","","0.2391","C"
"4","Trait5","pKWmEB","PstI.TP483019","11","    3660","","0.8699","G"
"4","Trait5","pKWmEB","PstI.TP483021","11","    3661","","1.0190","C"
"4","Trait5","pKWmEB","PstI.TP483332","11","    3662","","0.2010","A"
"4","Trait5","pKWmEB","PstI.TP483562","11","    3663","","0.0871","A"
"4","Trait5","pKWmEB","PstI.TP483603","11","    3664","","0.1546","C"
"4","Trait5","pKWmEB","PstI.TP483619","11","    3665","","0.1837","C"
"4","Trait5","pKWmEB","PstI.TP483713","11","    3666","","0.2156","C"
"4","Trait5","pKWmEB","PstI.TP483726","11","    3667","","0.4526","A"
"4","Trait5","pKWmEB","PstI.TP483748","11","    3668","","1.4941","A"
"4","Trait5","pKWmEB","PstI.TP483928","11","    3669","","0.5040","C"
"4","Trait5","pKWmEB","PstI.TP483938","11","    3670","","0.9042","C"
"4","Trait5","pKWmEB","PstI.TP483940","11","    3671","","0.1771","C"
"4","Trait5","pKWmEB","PstI.TP484104","11","    3672","","0.0339","C"
"4","Trait5","pKWmEB","PstI.TP485423","11","    3675","","0.4258","C"
"4","Trait5","pKWmEB","PstI.TP485510","11","    3676","","0.7152","C"
"4","Trait5","pKWmEB","PstI.TP486255","11","    3678","","0.6217","A"
"4","Trait5","pKWmEB","PstI.TP486260","11","    3679","","0.4650","A"
"4","Trait5","pKWmEB","PstI.TP683339","11","    3679","","1.2422","A"
"4","Trait5","pKWmEB","PstI.TP486314","11","    3680","","1.7132","C"
"4","Trait5","pKWmEB","PstI.TP486321","11","    3681","","0.0531","A"
"4","Trait5","pKWmEB","PstI.TP486337","11","    3682","","0.2080","A"
"4","Trait5","pKWmEB","PstI.TP486383","11","    3683","","0.6101","A"
"4","Trait5","pKWmEB","PstI.TP486408","11","    3684","","1.2495","C"
"4","Trait5","pKWmEB","PstI.TP486535","11","    3685","","0.1924","A"
"4","Trait5","pKWmEB","PstI.TP486556","11","    3686","","0.3759","A"
"4","Trait5","pKWmEB","PstI.TP486577","11","    3687","","0.1054","A"
"4","Trait5","pKWmEB","PstI.TP486582","11","    3688","","0.1414","G"
"4","Trait5","pKWmEB","PstI.TP486622","11","    3689","","0.0773","C"
"4","Trait5","pKWmEB","PstI.TP486941","11","    3690","","0.0225","C"
"4","Trait5","pKWmEB","PstI.TP487027","11","    3691","","0.1604","C"
"4","Trait5","pKWmEB","PstI.TP487244","11","    3692","","0.7594","A"
"4","Trait5","pKWmEB","PstI.TP487376","11","    3693","","1.1641","C"
"4","Trait5","pKWmEB","PstI.TP487491","11","    3694","","0.6267","A"
"4","Trait5","pKWmEB","PstI.TP487648","11","    3695","","0.1454","A"
"4","Trait5","pKWmEB","PstI.TP487710","11","    3697","","0.3913","C"
"4","Trait5","pKWmEB","PstI.TP487776","11","    3698","","0.1890","C"
"4","Trait5","pKWmEB","PstI.TP488416","11","    3701","","0.1064","C"
"4","Trait5","pKWmEB","PstI.TP488827","11","    3703","","0.5580","C"
"4","Trait5","pKWmEB","PstI.TP488963","11","    3705","","0.4778","C"
"4","Trait5","pKWmEB","PstI.TP489019","11","    3706","","0.1254","C"
"4","Trait5","pKWmEB","PstI.TP489301","11","    3708","","0.2910","A"
"4","Trait5","pKWmEB","PstI.TP489313","11","    3709","","0.9355","A"
"4","Trait5","pKWmEB","PstI.TP489471","11","    3710","","0.4411","A"
"4","Trait5","pKWmEB","PstI.TP489507","11","    3711","","0.7075","G"
"4","Trait5","pKWmEB","PstI.TP489768","11","    3713","","0.9056","C"
"4","Trait5","pKWmEB","PstI.TP489845","11","    3714","","1.1597","A"
"4","Trait5","pKWmEB","PstI.TP489938","11","    3716","","0.5927","C"
"4","Trait5","pKWmEB","PstI.TP490102","11","    3717","","0.2525","G"
"4","Trait5","pKWmEB","PstI.TP490113","11","    3718","","0.7083","A"
"4","Trait5","pKWmEB","PstI.TP490145","11","    3719","","0.1158","A"
"4","Trait5","pKWmEB","PstI.TP490506","11","    3721","","0.1258","G"
"4","Trait5","pKWmEB","PstI.TP490688","11","    3722","","0.3731","C"
"4","Trait5","pKWmEB","PstI.TP490707","11","    3723","","1.0818","C"
"4","Trait5","pKWmEB","PstI.TP490731","11","    3724","","0.9935","A"
"4","Trait5","pKWmEB","PstI.TP490779","11","    3725","","0.2890","C"
"4","Trait5","pKWmEB","PstI.TP490964","11","    3726","","0.5388","A"
"4","Trait5","pKWmEB","PstI.TP491101","11","    3727","","0.2713","A"
"4","Trait5","pKWmEB","PstI.TP491206","11","    3728","","1.9553","A"
"4","Trait5","pKWmEB","PstI.TP491243","11","    3729","","0.4077","G"
"4","Trait5","pKWmEB","PstI.TP491245","11","    3730","","0.0070","G"
"4","Trait5","pKWmEB","PstI.TP491452","11","    3731","","0.0825","A"
"4","Trait5","pKWmEB","PstI.TP491688","11","    3732","","0.1578","A"
"4","Trait5","pKWmEB","PstI.TP491689","11","    3733","","0.2809","C"
"4","Trait5","pKWmEB","PstI.TP491703","11","    3734","","1.5773","C"
"4","Trait5","pKWmEB","PstI.TP492052","11","    3735","","1.1614","A"
"4","Trait5","pKWmEB","PstI.TP492152","11","    3736","","0.1272","C"
"4","Trait5","pKWmEB","PstI.TP492157","11","    3737","","0.0816","C"
"4","Trait5","pKWmEB","PstI.TP492185","11","    3738","","1.2107","A"
"4","Trait5","pKWmEB","PstI.TP492299","11","    3739","","2.2512","G"
"4","Trait5","pKWmEB","PstI.TP493510","11","    3740","","0.5274","C"
"4","Trait5","pKWmEB","PstI.TP493785","11","    3741","","0.2145","A"
"4","Trait5","pKWmEB","PstI.TP494076","11","    3742","","0.5739","A"
"4","Trait5","pKWmEB","PstI.TP494085","11","    3743","","0.0168","A"
"4","Trait5","pKWmEB","PstI.TP494133","11","    3744","","0.5091","A"
"4","Trait5","pKWmEB","PstI.TP494252","11","    3745","","0.5333","A"
"4","Trait5","pKWmEB","PstI.TP494571","11","    3746","","0.7256","C"
"4","Trait5","pKWmEB","PstI.TP494701","11","    3747","","0.8719","A"
"4","Trait5","pKWmEB","PstI.TP494967","11","    3749","","0.2996","A"
"4","Trait5","pKWmEB","PstI.TP494979","11","    3750","","1.3955","C"
"4","Trait5","pKWmEB","PstI.TP495241","11","    3751","","0.4691","A"
"4","Trait5","pKWmEB","PstI.TP495303","11","    3752","","0.8396","C"
"4","Trait5","pKWmEB","PstI.TP495357","11","    3753","","1.4723","A"
"4","Trait5","pKWmEB","PstI.TP495423","11","    3754","","0.2541","A"
"4","Trait5","pKWmEB","PstI.TP495506","11","    3755","","0.7208","C"
"4","Trait5","pKWmEB","PstI.TP496101","11","    3758","","0.1842","C"
"4","Trait5","pKWmEB","PstI.TP496119","11","    3759","","0.3507","C"
"4","Trait5","pKWmEB","PstI.TP496252","11","    3761","","0.4797","C"
"4","Trait5","pKWmEB","PstI.TP496256","11","    3762","","0.4555","A"
"4","Trait5","pKWmEB","PstI.TP496814","11","    3764","","0.5404","C"
"4","Trait5","pKWmEB","PstI.TP497168","11","    3766","","1.0005","A"
"4","Trait5","pKWmEB","PstI.TP497226","11","    3767","","1.1740","G"
"4","Trait5","pKWmEB","PstI.TP497284","11","    3768","","0.1244","A"
"4","Trait5","pKWmEB","PstI.TP497329","11","    3769","","0.4274","A"
"4","Trait5","pKWmEB","PstI.TP497572","11","    3771","","0.0966","C"
"4","Trait5","pKWmEB","PstI.TP497649","11","    3772","","2.8424","A"
"4","Trait5","pKWmEB","PstI.TP497711","11","    3773","","0.3807","G"
"4","Trait5","pKWmEB","PstI.TP497788","11","    3774","","0.2120","A"
"4","Trait5","pKWmEB","PstI.TP497792","11","    3775","","1.8256","C"
"4","Trait5","pKWmEB","PstI.TP497823","11","    3776","","0.1924","G"
"4","Trait5","pKWmEB","PstI.TP498020","11","    3778","","0.6802","A"
"4","Trait5","pKWmEB","PstI.TP498363","11","    3779","","0.2658","C"
"4","Trait5","pKWmEB","PstI.TP498475","11","    3780","","0.2919","A"
"4","Trait5","pKWmEB","PstI.TP498478","11","    3781","","0.1934","G"
"4","Trait5","pKWmEB","PstI.TP498552","11","    3782","","1.1274","C"
"4","Trait5","pKWmEB","PstI.TP498600","11","    3783","","0.3372","C"
"4","Trait5","pKWmEB","PstI.TP498648","11","    3784","","0.5972","A"
"4","Trait5","pKWmEB","PstI.TP498655","11","    3785","","0.9074","C"
"4","Trait5","pKWmEB","PstI.TP498962","11","    3786","","0.0762","C"
"4","Trait5","pKWmEB","PstI.TP499343","11","    3787","","0.1700","A"
"4","Trait5","pKWmEB","PstI.TP500543","11","    3788","","0.3059","A"
"4","Trait5","pKWmEB","PstI.TP500993","11","    3790","","1.0038","A"
"4","Trait5","pKWmEB","PstI.TP501044","11","    3791","","0.1070","A"
"4","Trait5","pKWmEB","PstI.TP501801","11","    3792","","1.0704","C"
"4","Trait5","pKWmEB","PstI.TP502309","11","    3794","","0.2420","C"
"4","Trait5","pKWmEB","PstI.TP502400","11","    3795","","0.1894","G"
"4","Trait5","pKWmEB","PstI.TP502457","11","    3796","","1.1141","C"
"4","Trait5","pKWmEB","PstI.TP502534","11","    3797","","0.3377","A"
"4","Trait5","pKWmEB","PstI.TP502614","11","    3798","","0.1294","A"
"4","Trait5","pKWmEB","PstI.TP502917","11","    3800","","1.3232","C"
"4","Trait5","pKWmEB","PstI.TP503042","11","    3801","","0.1647","A"
"4","Trait5","pKWmEB","PstI.TP503217","11","    3803","","1.1664","A"
"4","Trait5","pKWmEB","PstI.TP503283","11","    3804","","0.0139","A"
"4","Trait5","pKWmEB","PstI.TP503296","11","    3805","","0.2669","A"
"4","Trait5","pKWmEB","PstI.TP503304","11","    3806","","0.0639","A"
"4","Trait5","pKWmEB","PstI.TP503346","11","    3807","","0.1288","C"
"4","Trait5","pKWmEB","PstI.TP503865","11","    3809","","0.1027","C"
"4","Trait5","pKWmEB","PstI.TP504045","11","    3810","","0.5006","C"
"4","Trait5","pKWmEB","PstI.TP504306","11","    3811","","0.1159","A"
"4","Trait5","pKWmEB","PstI.TP504380","11","    3812","","0.1850","A"
"4","Trait5","pKWmEB","PstI.TP504430","11","    3813","","0.7500","C"
"4","Trait5","pKWmEB","PstI.TP504532","11","    3814","","0.0665","C"
"4","Trait5","pKWmEB","PstI.TP504873","11","    3815","","0.1322","C"
"4","Trait5","pKWmEB","PstI.TP505079","11","    3817","","0.0667","A"
"4","Trait5","pKWmEB","PstI.TP505395","11","    3818","","0.0740","C"
"4","Trait5","pKWmEB","PstI.TP505412","11","    3819","","0.1908","G"
"4","Trait5","pKWmEB","PstI.TP505534","11","    3820","","0.0082","C"
"4","Trait5","pKWmEB","PstI.TP505800","11","    3821","","0.1411","A"
"4","Trait5","pKWmEB","PstI.TP505977","11","    3823","","0.3092","A"
"4","Trait5","pKWmEB","PstI.TP506126","11","    3824","","0.1332","C"
"4","Trait5","pKWmEB","PstI.TP506446","11","    3826","","1.5732","G"
"4","Trait5","pKWmEB","PstI.TP506638","11","    3827","","0.3866","C"
"4","Trait5","pKWmEB","PstI.TP507006","11","    3829","","0.2446","A"
"4","Trait5","pKWmEB","PstI.TP507073","11","    3830","","0.5333","A"
"4","Trait5","pKWmEB","PstI.TP507126","11","    3831","","1.2867","A"
"4","Trait5","pKWmEB","PstI.TP507172","11","    3832","","0.0279","A"
"4","Trait5","pKWmEB","PstI.TP507267","11","    3833","","1.6540","A"
"4","Trait5","pKWmEB","PstI.TP507515","11","    3834","","1.0308","C"
"4","Trait5","pKWmEB","PstI.TP507814","11","    3836","","0.3736","C"
"4","Trait5","pKWmEB","PstI.TP507933","11","    3837","","0.0646","C"
"4","Trait5","pKWmEB","PstI.TP508209","11","    3838","","2.0463","C"
"4","Trait5","pKWmEB","PstI.TP508232","11","    3839","","0.4498","G"
"4","Trait5","pKWmEB","PstI.TP508253","11","    3840","","0.0129","C"
"4","Trait5","pKWmEB","PstI.TP508753","11","    3842","","0.2175","A"
"4","Trait5","pKWmEB","PstI.TP508911","11","    3843","","1.3195","A"
"4","Trait5","pKWmEB","PstI.TP508963","11","    3844","","0.1083","A"
"4","Trait5","pKWmEB","PstI.TP509047","11","    3846","","0.1578","C"
"4","Trait5","pKWmEB","PstI.TP509552","11","    3848","","0.7541","G"
"4","Trait5","pKWmEB","PstI.TP509584","11","    3849","","0.1097","A"
"4","Trait5","pKWmEB","PstI.TP509764","11","    3850","","0.1359","A"
"4","Trait5","pKWmEB","PstI.TP510204","11","    3851","","0.6252","A"
"4","Trait5","pKWmEB","PstI.TP510308","11","    3852","","0.2608","A"
"4","Trait5","pKWmEB","PstI.TP511205","11","    3854","","0.0351","A"
"4","Trait5","pKWmEB","PstI.TP511311","11","    3855","","0.2643","A"
"4","Trait5","pKWmEB","PstI.TP511515","11","    3856","","0.4441","A"
"4","Trait5","pKWmEB","PstI.TP511523","11","    3857","","0.1856","A"
"4","Trait5","pKWmEB","PstI.TP511612","11","    3858","","0.8417","A"
"4","Trait5","pKWmEB","PstI.TP511695","11","    3859","","0.0581","C"
"4","Trait5","pKWmEB","PstI.TP511947","11","    3860","","0.8425","C"
"4","Trait5","pKWmEB","PstI.TP511957","11","    3861","","1.1534","G"
"4","Trait5","pKWmEB","PstI.TP512067","11","    3863","","2.6470","C"
"4","Trait5","pKWmEB","PstI.TP512700","11","    3866","","0.5923","A"
"4","Trait5","pKWmEB","PstI.TP512725","11","    3867","","0.4367","G"
"4","Trait5","pKWmEB","PstI.TP512755","11","    3868","","0.3092","A"
"4","Trait5","pKWmEB","PstI.TP513297","11","    3871","","0.0114","A"
"4","Trait5","pKWmEB","PstI.TP513834","11","    3872","","0.2868","C"
"4","Trait5","pKWmEB","PstI.TP514153","11","    3873","","0.7697","G"
"4","Trait5","pKWmEB","PstI.TP514170","11","    3874","","0.0920","A"
"4","Trait5","pKWmEB","PstI.TP514216","11","    3875","","0.8626","A"
"4","Trait5","pKWmEB","PstI.TP514680","11","    3877","","0.0681","C"
"4","Trait5","pKWmEB","PstI.TP514742","11","    3878","","0.0671","A"
"4","Trait5","pKWmEB","PstI.TP514752","11","    3879","","0.1679","C"
"4","Trait5","pKWmEB","PstI.TP514838","11","    3880","","0.3571","G"
"4","Trait5","pKWmEB","PstI.TP514845","11","    3881","","0.1472","C"
"4","Trait5","pKWmEB","PstI.TP515339","11","    3882","","0.0283","A"
"4","Trait5","pKWmEB","PstI.TP515539","11","    3884","","0.0617","A"
"4","Trait5","pKWmEB","PstI.TP515758","11","    3885","","0.0531","C"
"4","Trait5","pKWmEB","PstI.TP516159","11","    3887","","0.6505","A"
"4","Trait5","pKWmEB","PstI.TP516426","11","    3889","","1.0565","G"
"4","Trait5","pKWmEB","PstI.TP516626","11","    3890","","0.3998","A"
"4","Trait5","pKWmEB","PstI.TP516632","11","    3891","","1.0522","C"
"4","Trait5","pKWmEB","PstI.TP516660","11","    3892","","0.8095","A"
"4","Trait5","pKWmEB","PstI.TP516939","11","    3893","","0.1165","G"
"4","Trait5","pKWmEB","PstI.TP517195","11","    3894","","0.0096","A"
"4","Trait5","pKWmEB","PstI.TP520958","11","    3895","","0.1683","A"
"4","Trait5","pKWmEB","PstI.TP521385","11","    3896","","0.0252","A"
"4","Trait5","pKWmEB","PstI.TP521411","11","    3897","","0.3986","A"
"4","Trait5","pKWmEB","PstI.TP521576","11","    3898","","0.5204","A"
"4","Trait5","pKWmEB","PstI.TP521628","11","    3899","","0.1931","C"
"4","Trait5","pKWmEB","PstI.TP521809","11","    3900","","0.0343","A"
"4","Trait5","pKWmEB","PstI.TP522119","11","    3902","","0.0498","C"
"4","Trait5","pKWmEB","PstI.TP522635","11","    3904","","0.8798","C"
"4","Trait5","pKWmEB","PstI.TP522637","11","    3905","","0.1259","A"
"4","Trait5","pKWmEB","PstI.TP522715","11","    3906","","0.9325","A"
"4","Trait5","pKWmEB","PstI.TP523224","11","    3909","","0.1223","A"
"4","Trait5","pKWmEB","PstI.TP523876","11","    3913","","0.5756","A"
"4","Trait5","pKWmEB","PstI.TP523962","11","    3914","","0.1671","C"
"4","Trait5","pKWmEB","PstI.TP524216","11","    3915","","1.0644","A"
"4","Trait5","pKWmEB","PstI.TP524595","11","    3916","","0.2997","C"
"4","Trait5","pKWmEB","PstI.TP524601","11","    3917","","0.1294","C"
"4","Trait5","pKWmEB","PstI.TP524841","11","    3918","","0.0968","C"
"4","Trait5","pKWmEB","PstI.TP524871","11","    3919","","0.1631","C"
"4","Trait5","pKWmEB","PstI.TP525046","11","    3920","","0.1403","C"
"4","Trait5","pKWmEB","PstI.TP525199","11","    3921","","1.1863","A"
"4","Trait5","pKWmEB","PstI.TP525648","11","    3922","","0.9508","C"
"4","Trait5","pKWmEB","PstI.TP525810","11","    3923","","0.3699","A"
"4","Trait5","pKWmEB","PstI.TP525928","11","    3925","","1.3232","A"
"4","Trait5","pKWmEB","PstI.TP526012","11","    3926","","0.5422","C"
"4","Trait5","pKWmEB","PstI.TP526424","11","    3929","","0.1468","G"
"4","Trait5","pKWmEB","PstI.TP526501","11","    3930","","0.3379","A"
"4","Trait5","pKWmEB","PstI.TP526552","11","    3931","","0.5679","A"
"4","Trait5","pKWmEB","PstI.TP527087","11","    3933","","0.0938","G"
"4","Trait5","pKWmEB","PstI.TP527171","11","    3934","","0.8141","C"
"4","Trait5","pKWmEB","PstI.TP527265","11","    3935","","0.1632","A"
"4","Trait5","pKWmEB","PstI.TP527434","11","    3936","","0.5024","C"
"4","Trait5","pKWmEB","PstI.TP527543","11","    3937","","1.2702","C"
"4","Trait5","pKWmEB","PstI.TP528159","11","    3939","","0.3423","C"
"4","Trait5","pKWmEB","PstI.TP528163","11","    3940","","2.1916","A"
"4","Trait5","pKWmEB","PstI.TP528276","11","    3941","","0.9564","C"
"4","Trait5","pKWmEB","PstI.TP528362","11","    3942","","0.5682","C"
"4","Trait5","pKWmEB","PstI.TP528440","11","    3943","","0.6650","C"
"4","Trait5","pKWmEB","PstI.TP528506","11","    3945","","0.0735","A"
"4","Trait5","pKWmEB","PstI.TP529090","11","    3947","","0.1115","C"
"4","Trait5","pKWmEB","PstI.TP529236","11","    3948","","0.3243","A"
"4","Trait5","pKWmEB","PstI.TP529373","11","    3949","","0.1465","C"
"4","Trait5","pKWmEB","PstI.TP529677","11","    3950","","0.9774","C"
"4","Trait5","pKWmEB","PstI.TP530069","11","    3952","","1.3869","C"
"4","Trait5","pKWmEB","PstI.TP530112","11","    3953","","1.2086","C"
"4","Trait5","pKWmEB","PstI.TP530291","11","    3954","","0.1943","G"
"4","Trait5","pKWmEB","PstI.TP530459","11","    3955","","0.4421","C"
"4","Trait5","pKWmEB","PstI.TP530559","11","    3956","","0.1749","A"
"4","Trait5","pKWmEB","PstI.TP530582","11","    3957","","0.2424","C"
"4","Trait5","pKWmEB","PstI.TP530613","11","    3959","","0.6550","G"
"4","Trait5","pKWmEB","PstI.TP530615","11","    3960","","0.6050","C"
"4","Trait5","pKWmEB","PstI.TP530646","11","    3961","","0.2852","C"
"4","Trait5","pKWmEB","PstI.TP530661","11","    3962","","0.1549","A"
"4","Trait5","pKWmEB","PstI.TP530663","11","    3963","","0.0351","A"
"4","Trait5","pKWmEB","PstI.TP530722","11","    3964","","0.0558","C"
"4","Trait5","pKWmEB","PstI.TP530830","11","    3966","","0.1132","C"
"4","Trait5","pKWmEB","PstI.TP530991","11","    3967","","0.1564","A"
"4","Trait5","pKWmEB","PstI.TP531226","11","    3968","","0.7665","C"
"4","Trait5","pKWmEB","PstI.TP531297","11","    3969","","1.2435","C"
"4","Trait5","pKWmEB","PstI.TP531337","11","    3970","","0.1013","C"
"4","Trait5","pKWmEB","PstI.TP531340","11","    3971","","0.1511","C"
"4","Trait5","pKWmEB","PstI.TP531506","11","    3972","","1.8976","C"
"4","Trait5","pKWmEB","PstI.TP531801","11","    3973","","0.1589","G"
"4","Trait5","pKWmEB","PstI.TP531814","11","    3974","","0.5776","A"
"4","Trait5","pKWmEB","PstI.TP532131","11","    3976","","0.3037","A"
"4","Trait5","pKWmEB","PstI.TP532260","11","    3977","","1.2677","A"
"4","Trait5","pKWmEB","PstI.TP532500","11","    3979","","0.0030","A"
"4","Trait5","pKWmEB","PstI.TP532556","11","    3980","","0.1145","A"
"4","Trait5","pKWmEB","PstI.TP532624","11","    3981","","0.0457","C"
"4","Trait5","pKWmEB","PstI.TP532633","11","    3982","","0.2884","G"
"4","Trait5","pKWmEB","PstI.TP532665","11","    3983","","0.2402","A"
"4","Trait5","pKWmEB","PstI.TP532915","11","    3984","","1.5684","G"
"4","Trait5","pKWmEB","PstI.TP533080","11","    3986","","0.4907","C"
"4","Trait5","pKWmEB","PstI.TP533267","11","    3988","","2.0381","C"
"4","Trait5","pKWmEB","PstI.TP533375","11","    3989","","0.2970","C"
"4","Trait5","pKWmEB","PstI.TP533670","11","    3991","","0.2367","C"
"4","Trait5","pKWmEB","PstI.TP534090","11","    3992","","0.3197","C"
"4","Trait5","pKWmEB","PstI.TP534278","11","    3993","","0.7041","C"
"4","Trait5","pKWmEB","PstI.TP534281","11","    3994","","0.1807","A"
"4","Trait5","pKWmEB","PstI.TP534282","11","    3995","","0.4201","C"
"4","Trait5","pKWmEB","PstI.TP534619","11","    3996","","0.0032","A"
"4","Trait5","pKWmEB","PstI.TP534647","11","    3997","","0.6258","A"
"4","Trait5","pKWmEB","PstI.TP534952","11","    3998","","0.3151","C"
"4","Trait5","pKWmEB","PstI.TP536209","11","    4000","","0.2463","C"
"4","Trait5","pKWmEB","PstI.TP536343","11","    4001","","0.3663","A"
"4","Trait5","pKWmEB","PstI.TP536488","11","    4002","","0.1314","A"
"4","Trait5","pKWmEB","PstI.TP536670","11","    4003","","0.7004","C"
"4","Trait5","pKWmEB","PstI.TP536701","11","    4004","","0.5530","C"
"4","Trait5","pKWmEB","PstI.TP537330","11","    4005","","0.0935","G"
"4","Trait5","pKWmEB","PstI.TP537429","11","    4006","","0.1628","A"
"4","Trait5","pKWmEB","PstI.TP538176","11","    4007","","0.2402","C"
"4","Trait5","pKWmEB","PstI.TP538260","11","    4008","","0.6054","A"
"4","Trait5","pKWmEB","PstI.TP538261","11","    4009","","0.5253","A"
"4","Trait5","pKWmEB","PstI.TP539015","11","    4010","","0.5503","G"
"4","Trait5","pKWmEB","PstI.TP539131","11","    4011","","0.5972","G"
"4","Trait5","pKWmEB","PstI.TP539149","11","    4012","","0.6090","A"
"4","Trait5","pKWmEB","PstI.TP539324","11","    4013","","0.6261","C"
"4","Trait5","pKWmEB","PstI.TP539500","11","    4014","","0.3671","A"
"4","Trait5","pKWmEB","PstI.TP539556","11","    4015","","0.6595","A"
"4","Trait5","pKWmEB","PstI.TP539637","11","    4016","","0.2692","C"
"4","Trait5","pKWmEB","PstI.TP539751","11","    4017","","0.4704","A"
"4","Trait5","pKWmEB","PstI.TP539857","11","    4018","","0.1747","A"
"4","Trait5","pKWmEB","PstI.TP540176","11","    4021","","0.4776","A"
"4","Trait5","pKWmEB","PstI.TP540645","11","    4022","","0.6720","C"
"4","Trait5","pKWmEB","PstI.TP540839","11","    4023","","0.1425","C"
"4","Trait5","pKWmEB","PstI.TP541015","11","    4024","","0.5620","A"
"4","Trait5","pKWmEB","PstI.TP541800","11","    4028","","0.3178","C"
"4","Trait5","pKWmEB","PstI.TP541901","11","    4029","","0.6851","A"
"4","Trait5","pKWmEB","PstI.TP542102","11","    4030","","0.6526","C"
"4","Trait5","pKWmEB","PstI.TP542180","11","    4031","","0.1709","C"
"4","Trait5","pKWmEB","PstI.TP542460","11","    4032","","0.0342","A"
"4","Trait5","pKWmEB","PstI.TP542542","11","    4033","","0.0354","A"
"4","Trait5","pKWmEB","PstI.TP542717","11","    4034","","0.0222","C"
"4","Trait5","pKWmEB","PstI.TP543102","11","    4035","","0.3984","C"
"4","Trait5","pKWmEB","PstI.TP543485","11","    4036","","0.3472","A"
"4","Trait5","pKWmEB","PstI.TP543643","11","    4037","","0.0146","A"
"4","Trait5","pKWmEB","PstI.TP544149","11","    4038","","1.2938","G"
"4","Trait5","pKWmEB","PstI.TP544899","11","    4039","","0.3742","A"
"4","Trait5","pKWmEB","PstI.TP545170","11","    4040","","0.4187","C"
"4","Trait5","pKWmEB","PstI.TP545644","11","    4041","","0.5306","A"
"4","Trait5","pKWmEB","PstI.TP545718","11","    4042","","0.1606","C"
"4","Trait5","pKWmEB","PstI.TP545864","11","    4043","","0.5589","A"
"4","Trait5","pKWmEB","PstI.TP546203","11","    4045","","0.0026","A"
"4","Trait5","pKWmEB","PstI.TP546545","11","    4046","","0.3589","C"
"4","Trait5","pKWmEB","PstI.TP546941","11","    4049","","0.6958","G"
"4","Trait5","pKWmEB","PstI.TP547659","11","    4051","","0.6128","A"
"4","Trait5","pKWmEB","PstI.TP547728","11","    4052","","0.1759","A"
"4","Trait5","pKWmEB","PstI.TP547968","11","    4053","","0.4342","G"
"4","Trait5","pKWmEB","PstI.TP547988","11","    4054","","0.2477","G"
"4","Trait5","pKWmEB","PstI.TP548010","11","    4055","","1.3467","A"
"4","Trait5","pKWmEB","PstI.TP548251","11","    4057","","0.3696","C"
"4","Trait5","pKWmEB","PstI.TP548255","11","    4058","","0.4286","C"
"4","Trait5","pKWmEB","PstI.TP548698","11","    4060","","0.1576","G"
"4","Trait5","pKWmEB","PstI.TP548699","11","    4061","","1.0446","C"
"4","Trait5","pKWmEB","PstI.TP548769","11","    4062","","0.3653","C"
"4","Trait5","pKWmEB","PstI.TP549115","11","    4063","","0.2616","C"
"4","Trait5","pKWmEB","PstI.TP549117","11","    4064","","0.7456","C"
"4","Trait5","pKWmEB","PstI.TP549377","11","    4066","","1.3820","C"
"4","Trait5","pKWmEB","PstI.TP549489","11","    4067","","0.5853","C"
"4","Trait5","pKWmEB","PstI.TP550228","11","    4069","","0.5064","C"
"4","Trait5","pKWmEB","PstI.TP550234","11","    4070","","0.3250","A"
"4","Trait5","pKWmEB","PstI.TP550459","11","    4071","","0.5283","A"
"4","Trait5","pKWmEB","PstI.TP550490","11","    4072","","0.1975","A"
"4","Trait5","pKWmEB","PstI.TP550522","11","    4074","","0.3519","A"
"4","Trait5","pKWmEB","PstI.TP550640","11","    4075","","0.7074","C"
"4","Trait5","pKWmEB","PstI.TP550642","11","    4076","","0.5236","C"
"4","Trait5","pKWmEB","PstI.TP550663","11","    4077","","0.1198","C"
"4","Trait5","pKWmEB","PstI.TP551396","11","    4078","","0.5776","A"
"4","Trait5","pKWmEB","PstI.TP551690","11","    4079","","0.1047","G"
"4","Trait5","pKWmEB","PstI.TP551866","11","    4080","","0.1081","G"
"4","Trait5","pKWmEB","PstI.TP551918","11","    4081","","0.2402","A"
"4","Trait5","pKWmEB","PstI.TP552132","11","    4082","","0.3788","G"
"4","Trait5","pKWmEB","PstI.TP552335","11","    4083","","0.2137","A"
"4","Trait5","pKWmEB","PstI.TP552656","11","    4084","","0.7905","A"
"4","Trait5","pKWmEB","PstI.TP552676","11","    4085","","0.3679","A"
"4","Trait5","pKWmEB","PstI.TP552710","11","    4086","","0.9188","G"
"4","Trait5","pKWmEB","PstI.TP553292","11","    4088","","1.1232","C"
"4","Trait5","pKWmEB","PstI.TP553309","11","    4089","","0.6450","C"
"4","Trait5","pKWmEB","PstI.TP553409","11","    4090","","0.0546","C"
"4","Trait5","pKWmEB","PstI.TP553436","11","    4091","","0.4815","A"
"4","Trait5","pKWmEB","PstI.TP568316","11","    4093","","0.1037","C"
"4","Trait5","pKWmEB","PstI.TP568515","11","    4094","","0.4569","A"
"4","Trait5","pKWmEB","PstI.TP568587","11","    4095","","0.1538","A"
"4","Trait5","pKWmEB","PstI.TP568894","11","    4096","","0.8254","C"
"4","Trait5","pKWmEB","PstI.TP569155","11","    4097","","0.0951","C"
"4","Trait5","pKWmEB","PstI.TP569209","11","    4098","","0.2373","C"
"4","Trait5","pKWmEB","PstI.TP569234","11","    4099","","1.0575","C"
"4","Trait5","pKWmEB","PstI.TP569964","11","    4101","","0.5346","A"
"4","Trait5","pKWmEB","PstI.TP570071","11","    4102","","0.4121","A"
"4","Trait5","pKWmEB","PstI.TP570332","11","    4104","","0.6137","A"
"4","Trait5","pKWmEB","PstI.TP570499","11","    4105","","0.3241","A"
"4","Trait5","pKWmEB","PstI.TP571018","11","    4106","","0.4905","A"
"4","Trait5","pKWmEB","PstI.TP571142","11","    4108","","0.1756","A"
"4","Trait5","pKWmEB","PstI.TP571386","11","    4109","","0.7898","C"
"4","Trait5","pKWmEB","PstI.TP571400","11","    4110","","0.3575","A"
"4","Trait5","pKWmEB","PstI.TP571522","11","    4111","","0.2115","G"
"4","Trait5","pKWmEB","PstI.TP571614","11","    4112","","0.8783","C"
"4","Trait5","pKWmEB","PstI.TP571935","11","    4114","","0.2451","G"
"4","Trait5","pKWmEB","PstI.TP572025","11","    4115","","0.3238","G"
"4","Trait5","pKWmEB","PstI.TP572042","11","    4116","","0.7914","A"
"4","Trait5","pKWmEB","PstI.TP572581","11","    4118","","0.0667","A"
"4","Trait5","pKWmEB","PstI.TP572605","11","    4119","","0.5467","C"
"4","Trait5","pKWmEB","PstI.TP572651","11","    4120","","0.0343","A"
"4","Trait5","pKWmEB","PstI.TP573481","11","    4122","","0.8722","A"
"4","Trait5","pKWmEB","PstI.TP573755","11","    4123","","0.2045","A"
"4","Trait5","pKWmEB","PstI.TP573786","11","    4124","","0.2384","A"
"4","Trait5","pKWmEB","PstI.TP573804","11","    4125","","0.6447","G"
"4","Trait5","pKWmEB","PstI.TP573838","11","    4126","","0.9043","C"
"4","Trait5","pKWmEB","PstI.TP573931","11","    4127","","0.6240","C"
"4","Trait5","pKWmEB","PstI.TP573942","11","    4128","","0.0210","C"
"4","Trait5","pKWmEB","PstI.TP573952","11","    4129","","1.1752","C"
"4","Trait5","pKWmEB","PstI.TP574024","11","    4130","","0.4027","C"
"4","Trait5","pKWmEB","PstI.TP574038","11","    4131","","0.0889","A"
"4","Trait5","pKWmEB","PstI.TP574429","11","    4133","","0.8011","G"
"4","Trait5","pKWmEB","PstI.TP574507","11","    4134","","0.4668","G"
"4","Trait5","pKWmEB","PstI.TP574763","11","    4135","","1.1209","C"
"4","Trait5","pKWmEB","PstI.TP574881","11","    4136","","0.0281","A"
"4","Trait5","pKWmEB","PstI.TP574906","11","    4137","","0.4874","A"
"4","Trait5","pKWmEB","PstI.TP574989","11","    4138","","0.4838","A"
"4","Trait5","pKWmEB","PstI.TP575020","11","    4139","","1.3505","C"
"4","Trait5","pKWmEB","PstI.TP575033","11","    4140","","0.0111","C"
"4","Trait5","pKWmEB","PstI.TP576693","11","    4142","","0.0225","C"
"4","Trait5","pKWmEB","PstI.TP577221","11","    4144","","0.0491","C"
"4","Trait5","pKWmEB","PstI.TP577408","11","    4145","","0.4078","C"
"4","Trait5","pKWmEB","PstI.TP577596","11","    4146","","0.5595","A"
"4","Trait5","pKWmEB","PstI.TP577613","11","    4147","","0.1144","A"
"4","Trait5","pKWmEB","PstI.TP578035","11","    4149","","0.0151","A"
"4","Trait5","pKWmEB","PstI.TP578343","11","    4153","","0.5256","A"
"4","Trait5","pKWmEB","PstI.TP578451","11","    4154","","0.2006","C"
"4","Trait5","pKWmEB","PstI.TP578631","11","    4156","","0.3731","C"
"4","Trait5","pKWmEB","PstI.TP578777","11","    4158","","1.1651","C"
"4","Trait5","pKWmEB","PstI.TP579609","11","    4161","","0.0287","A"
"4","Trait5","pKWmEB","PstI.TP579713","11","    4162","","0.7169","C"
"4","Trait5","pKWmEB","PstI.TP579734","11","    4164","","0.1858","A"
"4","Trait5","pKWmEB","PstI.TP579772","11","    4166","","0.5407","C"
"4","Trait5","pKWmEB","PstI.TP580096","11","    4167","","0.0071","C"
"4","Trait5","pKWmEB","PstI.TP580204","11","    4168","","0.2477","C"
"4","Trait5","pKWmEB","PstI.TP580243","11","    4169","","1.1597","A"
"4","Trait5","pKWmEB","PstI.TP580270","11","    4170","","0.1878","C"
"4","Trait5","pKWmEB","PstI.TP580776","11","    4171","","0.9592","A"
"4","Trait5","pKWmEB","PstI.TP581260","11","    4172","","0.1265","A"
"4","Trait5","pKWmEB","PstI.TP581321","11","    4173","","0.2077","A"
"4","Trait5","pKWmEB","PstI.TP581475","11","    4174","","0.1090","C"
"4","Trait5","pKWmEB","PstI.TP581786","11","    4175","","0.2165","G"
"4","Trait5","pKWmEB","PstI.TP581839","11","    4176","","0.1425","C"
"4","Trait5","pKWmEB","PstI.TP581920","11","    4177","","0.3601","C"
"4","Trait5","pKWmEB","PstI.TP582023","11","    4178","","0.2173","G"
"4","Trait5","pKWmEB","PstI.TP582186","11","    4180","","0.2461","A"
"4","Trait5","pKWmEB","PstI.TP582194","11","    4181","","0.2229","C"
"4","Trait5","pKWmEB","PstI.TP582421","11","    4182","","0.1849","C"
"4","Trait5","pKWmEB","PstI.TP582448","11","    4183","","0.9483","C"
"4","Trait5","pKWmEB","PstI.TP582842","11","    4184","","0.1021","A"
"4","Trait5","pKWmEB","PstI.TP583043","11","    4186","","0.2511","G"
"4","Trait5","pKWmEB","PstI.TP583125","11","    4187","","1.3721","A"
"4","Trait5","pKWmEB","PstI.TP583520","11","    4188","","0.1538","A"
"4","Trait5","pKWmEB","PstI.TP583773","11","    4189","","0.8723","A"
"4","Trait5","pKWmEB","PstI.TP583791","11","    4191","","0.0613","G"
"4","Trait5","pKWmEB","PstI.TP584412","11","    4192","","0.0696","A"
"4","Trait5","pKWmEB","PstI.TP584473","11","    4193","","0.8057","C"
"4","Trait5","pKWmEB","PstI.TP584580","11","    4194","","0.2692","C"
"4","Trait5","pKWmEB","PstI.TP584593","11","    4195","","0.0876","A"
"4","Trait5","pKWmEB","PstI.TP584707","11","    4196","","0.9770","A"
"4","Trait5","pKWmEB","PstI.TP584906","11","    4197","","0.3802","A"
"4","Trait5","pKWmEB","PstI.TP584960","11","    4198","","0.4803","C"
"4","Trait5","pKWmEB","PstI.TP585052","11","    4199","","0.7171","A"
"4","Trait5","pKWmEB","PstI.TP585670","11","    4200","","0.2130","C"
"4","Trait5","pKWmEB","PstI.TP585734","11","    4201","","0.4226","C"
"4","Trait5","pKWmEB","PstI.TP585921","11","    4202","","0.2077","C"
"4","Trait5","pKWmEB","PstI.TP586000","11","    4203","","0.6252","A"
"4","Trait5","pKWmEB","PstI.TP586733","11","    4204","","0.2204","G"
"4","Trait5","pKWmEB","PstI.TP586859","11","    4205","","0.2453","A"
"4","Trait5","pKWmEB","PstI.TP587490","11","    4206","","0.2424","G"
"4","Trait5","pKWmEB","PstI.TP587792","11","    4207","","0.2419","C"
"4","Trait5","pKWmEB","PstI.TP587840","11","    4208","","1.1083","A"
"4","Trait5","pKWmEB","PstI.TP587876","11","    4209","","0.0877","A"
"4","Trait5","pKWmEB","PstI.TP588135","11","    4210","","0.3139","A"
"4","Trait5","pKWmEB","PstI.TP588220","11","    4211","","0.2827","A"
"4","Trait5","pKWmEB","PstI.TP588590","11","    4212","","0.1534","A"
"4","Trait5","pKWmEB","PstI.TP588782","11","    4213","","0.1965","A"
"4","Trait5","pKWmEB","PstI.TP589050","11","    4214","","0.2773","C"
"4","Trait5","pKWmEB","PstI.TP589093","11","    4215","","0.1372","C"
"4","Trait5","pKWmEB","PstI.TP589466","11","    4216","","0.8169","G"
"4","Trait5","pKWmEB","PstI.TP589499","11","    4217","","0.1870","A"
"4","Trait5","pKWmEB","PstI.TP590827","11","    4218","","1.4594","A"
"4","Trait5","pKWmEB","PstI.TP590998","11","    4219","","0.0768","C"
"4","Trait5","pKWmEB","PstI.TP591101","11","    4220","","0.0592","C"
"4","Trait5","pKWmEB","PstI.TP591170","11","    4221","","1.5325","G"
"4","Trait5","pKWmEB","PstI.TP591525","11","    4222","","0.3934","C"
"4","Trait5","pKWmEB","PstI.TP591950","11","    4223","","0.2223","A"
"4","Trait5","pKWmEB","PstI.TP592808","11","    4225","","0.1881","C"
"4","Trait5","pKWmEB","PstI.TP594236","11","    4229","","0.1374","A"
"4","Trait5","pKWmEB","PstI.TP596006","11","    4233","","0.6715","A"
"4","Trait5","pKWmEB","PstI.TP596050","11","    4234","","0.3493","A"
"4","Trait5","pKWmEB","PstI.TP596876","11","    4237","","0.1378","A"
"4","Trait5","pKWmEB","PstI.TP597057","11","    4238","","0.1334","G"
"4","Trait5","pKWmEB","PstI.TP597359","11","    4239","","0.3116","A"
"4","Trait5","pKWmEB","PstI.TP597372","11","    4240","","0.0389","C"
"4","Trait5","pKWmEB","PstI.TP597397","11","    4241","","1.1737","G"
"4","Trait5","pKWmEB","PstI.TP597541","11","    4243","","0.0853","C"
"4","Trait5","pKWmEB","PstI.TP597877","11","    4246","","0.9567","A"
"4","Trait5","pKWmEB","PstI.TP597890","11","    4247","","0.7523","C"
"4","Trait5","pKWmEB","PstI.TP598281","11","    4248","","0.2034","A"
"4","Trait5","pKWmEB","PstI.TP598337","11","    4249","","0.1637","C"
"4","Trait5","pKWmEB","PstI.TP599162","11","    4250","","0.6871","C"
"4","Trait5","pKWmEB","PstI.TP599272","11","    4251","","1.1031","C"
"4","Trait5","pKWmEB","PstI.TP599643","11","    4252","","0.2298","A"
"4","Trait5","pKWmEB","PstI.TP599713","11","    4253","","0.1652","C"
"4","Trait5","pKWmEB","PstI.TP600107","11","    4254","","0.1975","A"
"4","Trait5","pKWmEB","PstI.TP600316","11","    4255","","0.0270","C"
"4","Trait5","pKWmEB","PstI.TP600639","11","    4256","","0.0796","A"
"4","Trait5","pKWmEB","PstI.TP601126","11","    4257","","0.1304","A"
"4","Trait5","pKWmEB","PstI.TP601149","11","    4258","","0.2827","G"
"4","Trait5","pKWmEB","PstI.TP601295","11","    4259","","0.3580","C"
"4","Trait5","pKWmEB","PstI.TP601317","11","    4260","","0.0956","G"
"4","Trait5","pKWmEB","PstI.TP601485","11","    4262","","0.1057","C"
"4","Trait5","pKWmEB","PstI.TP601609","11","    4263","","0.0965","G"
"4","Trait5","pKWmEB","PstI.TP601748","11","    4264","","0.1818","C"
"4","Trait5","pKWmEB","PstI.TP601995","11","    4265","","1.3055","A"
"4","Trait5","pKWmEB","PstI.TP602334","11","    4267","","0.4169","A"
"4","Trait5","pKWmEB","PstI.TP602532","11","    4268","","0.1890","C"
"4","Trait5","pKWmEB","PstI.TP602900","11","    4269","","0.0949","C"
"4","Trait5","pKWmEB","PstI.TP604284","11","    4271","","0.2196","A"
"4","Trait5","pKWmEB","PstI.TP604308","11","    4272","","0.1258","C"
"4","Trait5","pKWmEB","PstI.TP604549","11","    4274","","1.1367","A"
"4","Trait5","pKWmEB","PstI.TP604949","11","    4275","","0.2507","C"
"4","Trait5","pKWmEB","PstI.TP605421","11","    4281","","0.3116","A"
"4","Trait5","pKWmEB","PstI.TP605833","11","    4282","","0.4590","G"
"4","Trait5","pKWmEB","PstI.TP605891","11","    4283","","0.0253","A"
"4","Trait5","pKWmEB","PstI.TP605931","11","    4284","","0.6372","C"
"4","Trait5","pKWmEB","PstI.TP605976","11","    4285","","1.5155","A"
"4","Trait5","pKWmEB","PstI.TP606114","11","    4286","","1.2825","G"
"4","Trait5","pKWmEB","PstI.TP606218","11","    4287","","0.0791","A"
"4","Trait5","pKWmEB","PstI.TP607122","11","    4288","","0.0493","C"
"4","Trait5","pKWmEB","PstI.TP607350","11","    4289","","1.1436","G"
"4","Trait5","pKWmEB","PstI.TP607438","11","    4290","","1.4084","C"
"4","Trait5","pKWmEB","PstI.TP607450","11","    4291","","0.1135","A"
"4","Trait5","pKWmEB","PstI.TP607656","11","    4292","","0.3094","A"
"4","Trait5","pKWmEB","PstI.TP607810","11","    4293","","0.2225","C"
"4","Trait5","pKWmEB","PstI.TP608118","11","    4294","","0.3000","A"
"4","Trait5","pKWmEB","PstI.TP608139","11","    4295","","0.2400","C"
"4","Trait5","pKWmEB","PstI.TP608232","11","    4296","","0.5343","A"
"4","Trait5","pKWmEB","PstI.TP608650","11","    4297","","1.9104","C"
"4","Trait5","pKWmEB","PstI.TP608676","11","    4298","","0.7040","A"
"4","Trait5","pKWmEB","PstI.TP608698","11","    4299","","0.8222","A"
"4","Trait5","pKWmEB","PstI.TP609049","11","    4301","","0.0081","C"
"4","Trait5","pKWmEB","PstI.TP609155","11","    4302","","0.2027","C"
"4","Trait5","pKWmEB","PstI.TP609692","11","    4304","","0.0011","A"
"4","Trait5","pKWmEB","PstI.TP609726","11","    4305","","0.2234","A"
"4","Trait5","pKWmEB","PstI.TP609737","11","    4306","","0.1781","C"
"4","Trait5","pKWmEB","PstI.TP610480","11","    4308","","0.5107","C"
"4","Trait5","pKWmEB","PstI.TP610743","11","    4310","","0.1247","A"
"4","Trait5","pKWmEB","PstI.TP610745","11","    4311","","0.5543","C"
"4","Trait5","pKWmEB","PstI.TP610776","11","    4312","","0.1840","A"
"4","Trait5","pKWmEB","PstI.TP610867","11","    4314","","0.1236","C"
"4","Trait5","pKWmEB","PstI.TP611080","11","    4315","","0.4471","G"
"4","Trait5","pKWmEB","PstI.TP611456","11","    4317","","0.2413","C"
"4","Trait5","pKWmEB","PstI.TP612214","11","    4318","","0.3997","A"
"4","Trait5","pKWmEB","PstI.TP613367","11","    4321","","0.7347","A"
"4","Trait5","pKWmEB","PstI.TP613492","11","    4322","","0.8890","C"
"4","Trait5","pKWmEB","PstI.TP613604","11","    4323","","0.5481","C"
"4","Trait5","pKWmEB","PstI.TP613809","11","    4324","","0.7067","C"
"4","Trait5","pKWmEB","PstI.TP613855","11","    4325","","0.0860","A"
"4","Trait5","pKWmEB","PstI.TP614273","11","    4327","","0.2189","C"
"4","Trait5","pKWmEB","PstI.TP614282","11","    4328","","0.0200","C"
"4","Trait5","pKWmEB","PstI.TP615093","11","    4329","","1.3237","A"
"4","Trait5","pKWmEB","PstI.TP615107","11","    4330","","0.1641","C"
"4","Trait5","pKWmEB","PstI.TP615623","11","    4332","","0.1732","A"
"4","Trait5","pKWmEB","PstI.TP616772","11","    4333","","0.4776","A"
"4","Trait5","pKWmEB","PstI.TP616773","11","    4334","","0.0111","G"
"4","Trait5","pKWmEB","PstI.TP616950","11","    4335","","2.2623","A"
"4","Trait5","pKWmEB","PstI.TP617522","11","    4337","","0.5507","C"
"4","Trait5","pKWmEB","PstI.TP618740","11","    4338","","0.4105","C"
"4","Trait5","pKWmEB","PstI.TP619281","11","    4341","","0.3020","A"
"4","Trait5","pKWmEB","PstI.TP619311","11","    4342","","1.7395","C"
"4","Trait5","pKWmEB","PstI.TP619468","11","    4343","","0.0359","C"
"4","Trait5","pKWmEB","PstI.TP619580","11","    4344","","0.2607","C"
"4","Trait5","pKWmEB","PstI.TP619609","11","    4345","","0.1905","A"
"4","Trait5","pKWmEB","PstI.TP620079","11","    4348","","0.3046","A"
"4","Trait5","pKWmEB","PstI.TP620173","11","    4350","","0.7647","C"
"4","Trait5","pKWmEB","PstI.TP620236","11","    4351","","0.9497","C"
"4","Trait5","pKWmEB","PstI.TP620257","11","    4352","","0.0444","C"
"4","Trait5","pKWmEB","PstI.TP620357","11","    4354","","0.1968","C"
"4","Trait5","pKWmEB","PstI.TP620719","11","    4355","","0.0589","G"
"4","Trait5","pKWmEB","PstI.TP620764","11","    4356","","0.1776","G"
"4","Trait5","pKWmEB","PstI.TP620861","11","    4357","","0.1354","C"
"4","Trait5","pKWmEB","PstI.TP621165","11","    4359","","0.4940","C"
"4","Trait5","pKWmEB","PstI.TP621310","11","    4360","","0.9721","A"
"4","Trait5","pKWmEB","PstI.TP621381","11","    4361","","0.2022","C"
"4","Trait5","pKWmEB","PstI.TP621404","11","    4362","","0.6973","A"
"4","Trait5","pKWmEB","PstI.TP621527","11","    4364","","0.9994","A"
"4","Trait5","pKWmEB","PstI.TP621649","11","    4365","","0.0485","C"
"4","Trait5","pKWmEB","PstI.TP621756","11","    4367","","0.6207","A"
"4","Trait5","pKWmEB","PstI.TP621778","11","    4368","","0.4387","C"
"4","Trait5","pKWmEB","PstI.TP621782","11","    4369","","0.3859","G"
"4","Trait5","pKWmEB","PstI.TP622021","11","    4371","","0.0825","A"
"4","Trait5","pKWmEB","PstI.TP622105","11","    4372","","0.7988","A"
"4","Trait5","pKWmEB","PstI.TP622354","11","    4373","","0.1143","C"
"4","Trait5","pKWmEB","PstI.TP622738","11","    4375","","0.2077","A"
"4","Trait5","pKWmEB","PstI.TP622861","11","    4376","","0.5235","C"
"4","Trait5","pKWmEB","PstI.TP623428","11","    4377","","0.1583","C"
"4","Trait5","pKWmEB","PstI.TP624207","11","    4380","","0.5785","A"
"4","Trait5","pKWmEB","PstI.TP624372","11","    4381","","0.3640","G"
"4","Trait5","pKWmEB","PstI.TP624488","11","    4383","","0.0071","C"
"4","Trait5","pKWmEB","PstI.TP624890","11","    4384","","1.3483","A"
"4","Trait5","pKWmEB","PstI.TP624914","11","    4385","","0.5375","A"
"4","Trait5","pKWmEB","PstI.TP625486","11","    4386","","0.8722","C"
"4","Trait5","pKWmEB","PstI.TP625591","11","    4387","","0.0769","C"
"4","Trait5","pKWmEB","PstI.TP625608","11","    4388","","0.5091","C"
"4","Trait5","pKWmEB","PstI.TP625782","11","    4389","","0.7081","C"
"4","Trait5","pKWmEB","PstI.TP626179","11","    4390","","0.2782","G"
"4","Trait5","pKWmEB","PstI.TP626260","11","    4392","","0.1493","C"
"4","Trait5","pKWmEB","PstI.TP626596","11","    4394","","0.0509","G"
"4","Trait5","pKWmEB","PstI.TP626786","11","    4396","","0.8688","C"
"4","Trait5","pKWmEB","PstI.TP626794","11","    4397","","0.0801","A"
"4","Trait5","pKWmEB","PstI.TP626997","11","    4398","","0.1162","A"
"4","Trait5","pKWmEB","PstI.TP627151","11","    4399","","0.3696","A"
"4","Trait5","pKWmEB","PstI.TP627185","11","    4400","","0.0448","G"
"4","Trait5","pKWmEB","PstI.TP627295","11","    4401","","0.9855","C"
"4","Trait5","pKWmEB","PstI.TP627822","11","    4403","","0.1943","G"
"4","Trait5","pKWmEB","PstI.TP628022","11","    4405","","0.0939","A"
"4","Trait5","pKWmEB","PstI.TP628026","11","    4406","","0.5562","C"
"4","Trait5","pKWmEB","PstI.TP628073","11","    4407","","0.0972","C"
"4","Trait5","pKWmEB","PstI.TP628241","11","    4409","","0.4603","A"
"4","Trait5","pKWmEB","PstI.TP628571","11","    4411","","0.0123","A"
"4","Trait5","pKWmEB","PstI.TP628649","11","    4412","","0.3900","C"
"4","Trait5","pKWmEB","PstI.TP628792","11","    4413","","0.7783","A"
"4","Trait5","pKWmEB","PstI.TP628958","11","    4414","","0.0380","A"
"4","Trait5","pKWmEB","PstI.TP629553","11","    4418","","0.3245","A"
"4","Trait5","pKWmEB","PstI.TP629601","11","    4419","","0.1351","G"
"4","Trait5","pKWmEB","PstI.TP629716","11","    4420","","0.3726","A"
"4","Trait5","pKWmEB","PstI.TP629726","11","    4421","","0.7590","C"
"4","Trait5","pKWmEB","PstI.TP629804","11","    4422","","1.2785","A"
"4","Trait5","pKWmEB","PstI.TP629845","11","    4423","","0.0607","A"
"4","Trait5","pKWmEB","PstI.TP630010","11","    4424","","0.2375","C"
"4","Trait5","pKWmEB","PstI.TP630572","11","    4427","","0.2447","A"
"4","Trait5","pKWmEB","PstI.TP630673","11","    4428","","0.1974","C"
"4","Trait5","pKWmEB","PstI.TP631036","11","    4430","","0.2986","A"
"4","Trait5","pKWmEB","PstI.TP631220","11","    4431","","1.4738","G"
"4","Trait5","pKWmEB","PstI.TP631239","11","    4432","","0.6749","C"
"4","Trait5","pKWmEB","PstI.TP631320","11","    4433","","1.9026","C"
"4","Trait5","pKWmEB","PstI.TP631330","11","    4434","","0.0000","C"
"4","Trait5","pKWmEB","PstI.TP631697","11","    4436","","0.1873","C"
"4","Trait5","pKWmEB","PstI.TP631928","11","    4437","","0.3460","C"
"4","Trait5","pKWmEB","PstI.TP631937","11","    4438","","0.3943","A"
"4","Trait5","pKWmEB","PstI.TP631982","11","    4439","","0.2093","C"
"4","Trait5","pKWmEB","PstI.TP632245","11","    4440","","0.3563","A"
"4","Trait5","pKWmEB","PstI.TP632573","11","    4441","","0.3799","A"
"4","Trait5","pKWmEB","PstI.TP632675","11","    4443","","0.2681","A"
"4","Trait5","pKWmEB","PstI.TP632681","11","    4444","","0.1917","A"
"4","Trait5","pKWmEB","PstI.TP632737","11","    4445","","0.1394","A"
"4","Trait5","pKWmEB","PstI.TP632774","11","    4446","","0.2801","C"
"4","Trait5","pKWmEB","PstI.TP633008","11","    4447","","0.3037","A"
"4","Trait5","pKWmEB","PstI.TP633023","11","    4448","","0.1190","A"
"4","Trait5","pKWmEB","PstI.TP633145","11","    4450","","0.0311","A"
"4","Trait5","pKWmEB","PstI.TP633241","11","    4451","","0.3431","A"
"4","Trait5","pKWmEB","PstI.TP633243","11","    4452","","0.0168","A"
"4","Trait5","pKWmEB","PstI.TP633324","11","    4453","","0.6389","C"
"4","Trait5","pKWmEB","PstI.TP633359","11","    4454","","0.9988","C"
"4","Trait5","pKWmEB","PstI.TP633761","11","    4457","","0.1123","C"
"4","Trait5","pKWmEB","PstI.TP633862","11","    4458","","0.6562","A"
"4","Trait5","pKWmEB","PstI.TP634405","11","    4459","","0.1379","A"
"4","Trait5","pKWmEB","PstI.TP634544","11","    4461","","0.7547","A"
"4","Trait5","pKWmEB","PstI.TP634577","11","    4463","","0.0608","C"
"4","Trait5","pKWmEB","PstI.TP634699","11","    4464","","1.1266","C"
"4","Trait5","pKWmEB","PstI.TP635406","11","    4468","","1.9562","A"
"4","Trait5","pKWmEB","PstI.TP635969","11","    4469","","0.3382","A"
"4","Trait5","pKWmEB","PstI.TP636093","11","    4470","","0.7120","G"
"4","Trait5","pKWmEB","PstI.TP636384","11","    4471","","0.5114","A"
"4","Trait5","pKWmEB","PstI.TP636457","11","    4473","","0.0222","A"
"4","Trait5","pKWmEB","PstI.TP636511","11","    4474","","0.2187","C"
"4","Trait5","pKWmEB","PstI.TP636784","11","    4475","","0.1086","C"
"4","Trait5","pKWmEB","PstI.TP636805","11","    4476","","0.2746","A"
"4","Trait5","pKWmEB","PstI.TP637156","11","    4477","","0.0756","A"
"4","Trait5","pKWmEB","PstI.TP637221","11","    4478","","1.0746","A"
"4","Trait5","pKWmEB","PstI.TP637242","11","    4479","","0.2286","A"
"4","Trait5","pKWmEB","PstI.TP637282","11","    4480","","0.0418","C"
"4","Trait5","pKWmEB","PstI.TP637347","11","    4481","","0.3557","A"
"4","Trait5","pKWmEB","PstI.TP637641","11","    4483","","0.0860","A"
"4","Trait5","pKWmEB","PstI.TP638347","11","    4486","","0.2983","A"
"4","Trait5","pKWmEB","PstI.TP639108","11","    4489","","0.2350","A"
"4","Trait5","pKWmEB","PstI.TP639199","11","    4490","","0.0667","A"
"4","Trait5","pKWmEB","PstI.TP639494","11","    4491","","0.3178","C"
"4","Trait5","pKWmEB","PstI.TP639955","11","    4493","","0.0530","C"
"4","Trait5","pKWmEB","PstI.TP640205","11","    4494","","0.3628","A"
"4","Trait5","pKWmEB","PstI.TP640416","11","    4495","","0.1807","A"
"4","Trait5","pKWmEB","PstI.TP640446","11","    4496","","0.1002","A"
"4","Trait5","pKWmEB","PstI.TP640503","11","    4497","","0.1141","C"
"4","Trait5","pKWmEB","PstI.TP640607","11","    4498","","0.0216","A"
"4","Trait5","pKWmEB","PstI.TP640879","11","    4500","","0.4852","G"
"4","Trait5","pKWmEB","PstI.TP640880","11","    4501","","0.1781","G"
"4","Trait5","pKWmEB","PstI.TP640933","11","    4502","","1.1296","C"
"4","Trait5","pKWmEB","PstI.TP640936","11","    4503","","0.5452","A"
"4","Trait5","pKWmEB","PstI.TP640983","11","    4504","","0.1504","C"
"4","Trait5","pKWmEB","PstI.TP641067","11","    4505","","0.0437","A"
"4","Trait5","pKWmEB","PstI.TP641433","11","    4506","","0.6413","C"
"4","Trait5","pKWmEB","PstI.TP641518","11","    4507","","0.8968","C"
"4","Trait5","pKWmEB","PstI.TP641529","11","    4508","","0.0757","C"
"4","Trait5","pKWmEB","PstI.TP641877","11","    4509","","0.2526","C"
"4","Trait5","pKWmEB","PstI.TP642111","11","    4511","","0.0871","C"
"4","Trait5","pKWmEB","PstI.TP642179","11","    4512","","0.0127","A"
"4","Trait5","pKWmEB","PstI.TP642281","11","    4513","","0.3077","C"
"4","Trait5","pKWmEB","PstI.TP642620","11","    4514","","0.4636","G"
"4","Trait5","pKWmEB","PstI.TP642761","11","    4516","","0.0076","C"
"4","Trait5","pKWmEB","PstI.TP642819","11","    4517","","0.3343","C"
"4","Trait5","pKWmEB","PstI.TP642834","11","    4518","","0.8263","C"
"4","Trait5","pKWmEB","PstI.TP642844","11","    4519","","1.2373","G"
"4","Trait5","pKWmEB","PstI.TP643059","11","    4521","","0.3030","C"
"4","Trait5","pKWmEB","PstI.TP643433","11","    4524","","0.6077","A"
"4","Trait5","pKWmEB","PstI.TP643444","11","    4525","","0.2052","A"
"4","Trait5","pKWmEB","PstI.TP643562","11","    4526","","0.5860","C"
"4","Trait5","pKWmEB","PstI.TP643641","11","    4527","","0.0159","G"
"4","Trait5","pKWmEB","PstI.TP643842","11","    4529","","0.2045","A"
"4","Trait5","pKWmEB","PstI.TP643937","11","    4530","","0.0592","C"
"4","Trait5","pKWmEB","PstI.TP644394","11","    4531","","0.0000","G"
"4","Trait5","pKWmEB","PstI.TP644437","11","    4532","","0.0709","A"
"4","Trait5","pKWmEB","PstI.TP644883","11","    4534","","0.3403","G"
"4","Trait5","pKWmEB","PstI.TP644930","11","    4535","","0.5009","G"
"4","Trait5","pKWmEB","PstI.TP644982","11","    4536","","0.5604","A"
"4","Trait5","pKWmEB","PstI.TP645080","11","    4537","","0.7630","C"
"4","Trait5","pKWmEB","PstI.TP645172","11","    4539","","0.3332","A"
"4","Trait5","pKWmEB","PstI.TP645285","11","    4541","","0.8884","C"
"4","Trait5","pKWmEB","PstI.TP645363","11","    4542","","0.0086","A"
"4","Trait5","pKWmEB","PstI.TP645496","11","    4544","","0.9580","C"
"4","Trait5","pKWmEB","PstI.TP645502","11","    4545","","0.0568","A"
"4","Trait5","pKWmEB","PstI.TP645574","11","    4546","","0.6339","C"
"4","Trait5","pKWmEB","PstI.TP645700","11","    4547","","0.7545","A"
"4","Trait5","pKWmEB","PstI.TP645724","11","    4548","","0.0408","A"
"4","Trait5","pKWmEB","PstI.TP645744","11","    4549","","0.0479","A"
"4","Trait5","pKWmEB","PstI.TP645944","11","    4550","","0.5270","A"
"4","Trait5","pKWmEB","PstI.TP645987","11","    4552","","0.3742","C"
"4","Trait5","pKWmEB","PstI.TP645990","11","    4553","","0.8671","A"
"4","Trait5","pKWmEB","PstI.TP646012","11","    4554","","0.0953","G"
"4","Trait5","pKWmEB","PstI.TP646574","11","    4557","","0.0596","C"
"4","Trait5","pKWmEB","PstI.TP646910","11","    4558","","0.8029","C"
"4","Trait5","pKWmEB","PstI.TP647118","11","    4560","","1.0587","A"
"4","Trait5","pKWmEB","PstI.TP647473","11","    4561","","0.4316","A"
"4","Trait5","pKWmEB","PstI.TP647499","11","    4562","","0.0151","A"
"4","Trait5","pKWmEB","PstI.TP647534","11","    4563","","0.1552","C"
"4","Trait5","pKWmEB","PstI.TP647553","11","    4564","","0.1687","A"
"4","Trait5","pKWmEB","PstI.TP647632","11","    4565","","0.7300","A"
"4","Trait5","pKWmEB","PstI.TP647717","11","    4566","","1.5243","A"
"4","Trait5","pKWmEB","PstI.TP647824","11","    4567","","1.5106","A"
"4","Trait5","pKWmEB","PstI.TP647861","11","    4568","","0.1655","C"
"4","Trait5","pKWmEB","PstI.TP647908","11","    4569","","0.0970","A"
"4","Trait5","pKWmEB","PstI.TP648051","11","    4570","","0.0568","A"
"4","Trait5","pKWmEB","PstI.TP648083","11","    4571","","0.4368","C"
"4","Trait5","pKWmEB","PstI.TP648204","11","    4573","","0.0129","A"
"4","Trait5","pKWmEB","PstI.TP648569","11","    4574","","0.7146","C"
"4","Trait5","pKWmEB","PstI.TP648583","11","    4575","","0.2741","C"
"4","Trait5","pKWmEB","PstI.TP648632","11","    4576","","0.5571","C"
"4","Trait5","pKWmEB","PstI.TP648679","11","    4577","","0.4243","C"
"4","Trait5","pKWmEB","PstI.TP648846","11","    4578","","0.5472","A"
"4","Trait5","pKWmEB","PstI.TP648892","11","    4579","","0.0084","C"
"4","Trait5","pKWmEB","PstI.TP648992","11","    4580","","0.3713","A"
"4","Trait5","pKWmEB","PstI.TP649010","11","    4581","","0.0733","C"
"4","Trait5","pKWmEB","PstI.TP649149","11","    4582","","0.6285","A"
"4","Trait5","pKWmEB","PstI.TP649485","11","    4583","","0.4398","C"
"4","Trait5","pKWmEB","PstI.TP649769","11","    4584","","0.1685","C"
"4","Trait5","pKWmEB","PstI.TP650434","11","    4587","","0.2549","C"
"4","Trait5","pKWmEB","PstI.TP650599","11","    4588","","0.3054","G"
"4","Trait5","pKWmEB","PstI.TP650759","11","    4589","","1.9271","C"
"4","Trait5","pKWmEB","PstI.TP651415","11","    4591","","0.6029","A"
"4","Trait5","pKWmEB","PstI.TP651654","11","    4592","","0.0545","C"
"4","Trait5","pKWmEB","PstI.TP651686","11","    4593","","0.9334","G"
"4","Trait5","pKWmEB","PstI.TP651762","11","    4594","","0.0285","A"
"4","Trait5","pKWmEB","PstI.TP651907","11","    4596","","0.7108","C"
"4","Trait5","pKWmEB","PstI.TP651992","11","    4597","","0.7359","C"
"4","Trait5","pKWmEB","PstI.TP652161","11","    4599","","0.6946","C"
"4","Trait5","pKWmEB","PstI.TP652190","11","    4600","","0.4776","A"
"4","Trait5","pKWmEB","PstI.TP652290","11","    4601","","0.5967","C"
"4","Trait5","pKWmEB","PstI.TP652323","11","    4602","","0.4246","C"
"4","Trait5","pKWmEB","PstI.TP652723","11","    4603","","0.0938","G"
"4","Trait5","pKWmEB","PstI.TP652759","11","    4604","","0.3288","C"
"4","Trait5","pKWmEB","PstI.TP653238","11","    4605","","0.0042","A"
"4","Trait5","pKWmEB","PstI.TP653791","11","    4607","","0.7056","C"
"4","Trait5","pKWmEB","PstI.TP654162","11","    4608","","0.1749","C"
"4","Trait5","pKWmEB","PstI.TP654167","11","    4609","","0.2147","C"
"4","Trait5","pKWmEB","PstI.TP656528","11","    4611","","0.0984","A"
"4","Trait5","pKWmEB","PstI.TP656559","11","    4612","","0.1028","A"
"4","Trait5","pKWmEB","PstI.TP661073","11","    4613","","0.1330","C"
"4","Trait5","pKWmEB","PstI.TP661173","11","    4614","","0.1067","A"
"4","Trait5","pKWmEB","PstI.TP661364","11","    4615","","0.1369","A"
"4","Trait5","pKWmEB","PstI.TP661430","11","    4616","","0.3789","G"
"4","Trait5","pKWmEB","PstI.TP662465","11","    4621","","0.0395","A"
"4","Trait5","pKWmEB","PstI.TP662634","11","    4622","","0.8307","A"
"4","Trait5","pKWmEB","PstI.TP662651","11","    4623","","0.2851","A"
"4","Trait5","pKWmEB","PstI.TP662789","11","    4624","","0.4985","C"
"4","Trait5","pKWmEB","PstI.TP662830","11","    4625","","0.1301","C"
"4","Trait5","pKWmEB","PstI.TP662876","11","    4626","","0.2136","C"
"4","Trait5","pKWmEB","PstI.TP662975","11","    4627","","1.7035","C"
"4","Trait5","pKWmEB","PstI.TP662987","11","    4628","","0.8987","C"
"4","Trait5","pKWmEB","PstI.TP663014","11","    4629","","0.2109","A"
"4","Trait5","pKWmEB","PstI.TP663107","11","    4630","","0.4329","C"
"4","Trait5","pKWmEB","PstI.TP663492","11","    4631","","0.1133","A"
"4","Trait5","pKWmEB","PstI.TP663815","11","    4632","","0.6284","C"
"4","Trait5","pKWmEB","PstI.TP664215","11","    4634","","1.1304","C"
"4","Trait5","pKWmEB","PstI.TP664355","11","    4635","","0.2211","A"
"4","Trait5","pKWmEB","PstI.TP664543","11","    4636","","1.1548","C"
"4","Trait5","pKWmEB","PstI.TP664847","11","    4637","","0.6063","A"
"4","Trait5","pKWmEB","PstI.TP666274","11","    4641","","0.3788","G"
"4","Trait5","pKWmEB","PstI.TP666677","11","    4642","","1.7029","G"
"4","Trait5","pKWmEB","PstI.TP666982","11","    4643","","0.0969","C"
"4","Trait5","pKWmEB","PstI.TP667089","11","    4644","","0.4015","A"
"4","Trait5","pKWmEB","PstI.TP667202","11","    4646","","0.0832","G"
"4","Trait5","pKWmEB","PstI.TP667264","11","    4647","","0.7184","C"
"4","Trait5","pKWmEB","PstI.TP667509","11","    4648","","1.1253","C"
"4","Trait5","pKWmEB","PstI.TP667574","11","    4649","","0.2106","C"
"4","Trait5","pKWmEB","PstI.TP667910","11","    4651","","0.2953","A"
"4","Trait5","pKWmEB","PstI.TP668043","11","    4652","","0.1693","A"
"4","Trait5","pKWmEB","PstI.TP668118","11","    4653","","0.2617","C"
"4","Trait5","pKWmEB","PstI.TP668337","11","    4654","","0.2248","A"
"4","Trait5","pKWmEB","PstI.TP668393","11","    4655","","0.4762","A"
"4","Trait5","pKWmEB","PstI.TP668431","11","    4656","","0.2305","A"
"4","Trait5","pKWmEB","PstI.TP668732","11","    4657","","0.0474","G"
"4","Trait5","pKWmEB","PstI.TP669543","11","    4661","","0.0787","C"
"4","Trait5","pKWmEB","PstI.TP669547","11","    4663","","1.6120","A"
"4","Trait5","pKWmEB","PstI.TP669630","11","    4665","","0.8341","C"
"4","Trait5","pKWmEB","PstI.TP670118","11","    4668","","0.3087","C"
"4","Trait5","pKWmEB","PstI.TP670870","11","    4670","","0.2862","A"
"4","Trait5","pKWmEB","PstI.TP671428","11","    4671","","0.2910","A"
"4","Trait5","pKWmEB","PstI.TP671672","11","    4672","","1.3092","C"
"4","Trait5","pKWmEB","PstI.TP671829","11","    4673","","0.0471","C"
"4","Trait5","pKWmEB","PstI.TP673327","11","    4677","","0.2284","A"
"4","Trait5","pKWmEB","PstI.TP673652","11","    4679","","0.2691","A"
"4","Trait5","pKWmEB","PstI.TP673783","11","    4680","","0.2890","G"
"4","Trait5","pKWmEB","PstI.TP674163","11","    4681","","0.1033","C"
"4","Trait5","pKWmEB","PstI.TP674386","11","    4684","","0.7004","C"
"4","Trait5","pKWmEB","PstI.TP674424","11","    4685","","0.3570","A"
"4","Trait5","pKWmEB","PstI.TP674472","11","    4686","","0.1238","C"
"4","Trait5","pKWmEB","PstI.TP674499","11","    4687","","0.6764","C"
"4","Trait5","pKWmEB","PstI.TP674882","11","    4689","","0.0135","C"
"4","Trait5","pKWmEB","PstI.TP675084","11","    4690","","0.1005","C"
"4","Trait5","pKWmEB","PstI.TP675116","11","    4691","","0.4198","C"
"4","Trait5","pKWmEB","PstI.TP675261","11","    4692","","1.1962","C"
"4","Trait5","pKWmEB","PstI.TP675307","11","    4693","","0.3839","C"
"4","Trait5","pKWmEB","PstI.TP675635","11","    4694","","0.0394","A"
"4","Trait5","pKWmEB","PstI.TP675743","11","    4695","","1.9085","A"
"4","Trait5","pKWmEB","PstI.TP675802","11","    4696","","0.2131","A"
"4","Trait5","pKWmEB","PstI.TP676041","11","    4697","","0.2427","G"
"4","Trait5","pKWmEB","PstI.TP676572","11","    4698","","0.6132","C"
"4","Trait5","pKWmEB","PstI.TP676649","11","    4699","","0.2954","A"
"4","Trait5","pKWmEB","PstI.TP676829","11","    4700","","0.2962","C"
"4","Trait5","pKWmEB","PstI.TP676837","11","    4701","","0.2707","C"
"4","Trait5","pKWmEB","PstI.TP676888","11","    4702","","0.0964","A"
"4","Trait5","pKWmEB","PstI.TP677463","11","    4705","","1.5123","C"
"4","Trait5","pKWmEB","PstI.TP677490","11","    4706","","1.4959","A"
"4","Trait5","pKWmEB","PstI.TP677900","11","    4708","","1.0182","C"
"4","Trait5","pKWmEB","PstI.TP679407","11","    4710","","0.4404","A"
"4","Trait5","pKWmEB","PstI.TP679776","11","    4711","","0.8469","A"
"4","Trait5","pKWmEB","PstI.TP679845","11","    4712","","0.5243","A"
"4","Trait5","pKWmEB","PstI.TP680030","11","    4714","","0.0380","C"
"4","Trait5","pKWmEB","PstI.TP680562","11","    4715","","0.1449","A"
"4","Trait5","pKWmEB","PstI.TP680915","11","    4717","","0.5308","C"
"4","Trait5","pKWmEB","PstI.TP680958","11","    4718","","0.1084","C"
"4","Trait5","pKWmEB","PstI.TP681031","11","    4719","","0.2560","G"
"4","Trait5","pKWmEB","PstI.TP681216","11","    4720","","0.1555","A"
"4","Trait5","pKWmEB","PstI.TP681258","11","    4721","","0.3096","C"
"4","Trait5","pKWmEB","PstI.TP682076","11","    4722","","0.1047","C"
"4","Trait5","pKWmEB","PstI.TP683077","11","    4723","","0.2239","A"
"4","Trait5","pKWmEB","PstI.TP683207","11","    4724","","0.4614","C"
"4","Trait5","pKWmEB","PstI.TP683345","11","    4725","","0.5328","G"
"4","Trait5","pKWmEB","PstI.TP683502","11","    4726","","0.1945","C"
"4","Trait5","pKWmEB","PstI.TP683530","11","    4727","","0.0494","G"
"4","Trait5","pKWmEB","PstI.TP683903","11","    4730","","0.1286","A"
"4","Trait5","pKWmEB","PstI.TP684381","11","    4732","","0.9217","A"
"4","Trait5","pKWmEB","PstI.TP684409","11","    4733","","0.3906","A"
"4","Trait5","pKWmEB","PstI.TP684509","11","    4734","","0.3932","A"
"4","Trait5","pKWmEB","PstI.TP684592","11","    4735","","0.3510","A"
"4","Trait5","pKWmEB","PstI.TP684774","11","    4736","","0.3735","C"
"4","Trait5","pKWmEB","PstI.TP685303","11","    4738","","1.6179","A"
"4","Trait5","pKWmEB","PstI.TP685319","11","    4739","","1.0108","A"
"4","Trait5","pKWmEB","PstI.TP685360","11","    4740","","0.1698","C"
"4","Trait5","pKWmEB","PstI.TP686087","11","    4741","","0.7240","G"
"4","Trait5","pKWmEB","PstI.TP686182","11","    4742","","1.3178","A"
"4","Trait5","pKWmEB","PstI.TP686637","11","    4743","","0.0633","C"
"4","Trait5","pKWmEB","PstI.TP686828","11","    4744","","0.5003","A"
"4","Trait5","pKWmEB","PstI.TP686847","11","    4745","","0.2174","C"
"4","Trait5","pKWmEB","PstI.TP686856","11","    4746","","0.3918","C"
"4","Trait5","pKWmEB","PstI.TP687150","11","    4748","","0.0477","C"
"4","Trait5","pKWmEB","PstI.TP687247","11","    4749","","0.7323","G"
"4","Trait5","pKWmEB","PstI.TP687364","11","    4750","","0.3779","C"
"4","Trait5","pKWmEB","PstI.TP687504","11","    4751","","0.0185","G"
"4","Trait5","pKWmEB","PstI.TP687576","11","    4752","","0.1057","C"
"4","Trait5","pKWmEB","PstI.TP687765","11","    4753","","0.4708","C"
"4","Trait5","pKWmEB","PstI.TP687894","11","    4754","","0.2549","A"
"4","Trait5","pKWmEB","PstI.TP688005","11","    4755","","0.1237","A"
"4","Trait5","pKWmEB","PstI.TP688053","11","    4756","","0.7535","C"
"4","Trait5","pKWmEB","PstI.TP688240","11","    4757","","0.8521","A"
"4","Trait5","pKWmEB","PstI.TP688265","11","    4758","","1.8227","C"
"4","Trait5","pKWmEB","PstI.TP688629","11","    4759","","0.1808","A"
"4","Trait5","pKWmEB","PstI.TP688671","11","    4760","","0.7745","G"
"4","Trait5","pKWmEB","PstI.TP688811","11","    4761","","0.0224","A"
"4","Trait5","pKWmEB","PstI.TP689039","11","    4762","","1.2099","C"
"4","Trait5","pKWmEB","PstI.TP689136","11","    4763","","0.4654","C"
"4","Trait5","pKWmEB","PstI.TP689241","11","    4764","","0.8233","G"
"4","Trait5","pKWmEB","PstI.TP689267","11","    4765","","0.2145","C"
"4","Trait5","pKWmEB","PstI.TP689331","11","    4766","","0.0223","A"
"4","Trait5","pKWmEB","PstI.TP689339","11","    4767","","0.8985","C"
"4","Trait5","pKWmEB","PstI.TP689492","11","    4768","","0.0304","C"
"4","Trait5","pKWmEB","PstI.TP690066","11","    4769","","1.5338","C"
"4","Trait5","pKWmEB","PstI.TP690148","11","    4770","","0.1013","A"
"4","Trait5","pKWmEB","PstI.TP690511","11","    4772","","0.0673","G"
"4","Trait5","pKWmEB","PstI.TP690527","11","    4773","","0.4915","A"
"4","Trait5","pKWmEB","PstI.TP690591","11","    4774","","0.2446","C"
"4","Trait5","pKWmEB","PstI.TP690712","11","    4775","","0.1698","A"
"4","Trait5","pKWmEB","PstI.TP690791","11","    4776","","0.0987","C"
"4","Trait5","pKWmEB","PstI.TP691048","11","    4777","","0.5956","C"
"4","Trait5","pKWmEB","PstI.TP691171","11","    4778","","0.2042","A"
"4","Trait5","pKWmEB","PstI.TP691472","11","    4780","","0.7933","C"
"4","Trait5","pKWmEB","PstI.TP691554","11","    4781","","0.1566","A"
"4","Trait5","pKWmEB","PstI.TP691668","11","    4782","","0.1411","G"
"4","Trait5","pKWmEB","PstI.TP691691","11","    4783","","0.2831","C"
"4","Trait5","pKWmEB","PstI.TP691743","11","    4784","","0.2403","A"
"4","Trait5","pKWmEB","PstI.TP691752","11","    4785","","0.1924","C"
"4","Trait5","pKWmEB","PstI.TP691761","11","    4786","","0.3322","A"
"4","Trait5","pKWmEB","PstI.TP691817","11","    4787","","0.8051","C"
"4","Trait5","pKWmEB","PstI.TP691935","11","    4789","","0.8469","C"
"4","Trait5","pKWmEB","PstI.TP692048","11","    4790","","1.2988","C"
"4","Trait5","pKWmEB","PstI.TP692191","11","    4791","","0.2323","C"
"4","Trait5","pKWmEB","PstI.TP692195","11","    4792","","0.4967","A"
"4","Trait5","pKWmEB","PstI.TP692299","11","    4794","","0.6350","A"
"4","Trait5","pKWmEB","PstI.TP692394","11","    4795","","0.4733","A"
"4","Trait5","pKWmEB","PstI.TP692656","11","    4799","","0.0351","C"
"4","Trait5","pKWmEB","PstI.TP692748","11","    4800","","0.1001","A"
"4","Trait5","pKWmEB","PstI.TP693190","11","    4801","","0.0630","A"
"4","Trait5","pKWmEB","PstI.TP693329","11","    4802","","0.1843","A"
"4","Trait5","pKWmEB","PstI.TP693480","11","    4803","","0.2260","G"
"4","Trait5","pKWmEB","PstI.TP693499","11","    4804","","0.1102","A"
"4","Trait5","pKWmEB","PstI.TP694315","11","    4807","","0.2912","C"
"4","Trait5","pKWmEB","PstI.TP694479","11","    4809","","0.1325","C"
"4","Trait5","pKWmEB","PstI.TP697077","11","    4814","","0.1803","A"
"4","Trait5","pKWmEB","PstI.TP697231","11","    4815","","0.0196","C"
"4","Trait5","pKWmEB","PstI.TP697263","11","    4816","","0.2015","A"
"4","Trait5","pKWmEB","PstI.TP697467","11","    4818","","0.2487","G"
"4","Trait5","pKWmEB","PstI.TP697981","11","    4819","","0.1369","G"
"4","Trait5","pKWmEB","PstI.TP697993","11","    4820","","0.4198","A"
"4","Trait5","pKWmEB","PstI.TP698025","11","    4821","","1.0311","C"
"4","Trait5","pKWmEB","PstI.TP698135","11","    4822","","0.5983","A"
"4","Trait5","pKWmEB","PstI.TP698154","11","    4823","","0.9756","A"
"4","Trait5","pKWmEB","PstI.TP698300","11","    4824","","0.1326","C"
"4","Trait5","pKWmEB","PstI.TP698613","11","    4826","","0.2883","A"
"4","Trait5","pKWmEB","PstI.TP698636","11","    4827","","0.4355","A"
"4","Trait5","pKWmEB","PstI.TP698805","11","    4829","","0.9141","C"
"4","Trait5","pKWmEB","PstI.TP698835","11","    4830","","0.5345","C"
"4","Trait5","pKWmEB","PstI.TP698941","11","    4832","","0.9078","A"
"4","Trait5","pKWmEB","PstI.TP698973","11","    4833","","1.6826","A"
"4","Trait5","pKWmEB","PstI.TP698977","11","    4834","","0.5498","A"
"4","Trait5","pKWmEB","PstI.TP698981","11","    4835","","0.0709","A"
"4","Trait5","pKWmEB","PstI.TP698994","11","    4836","","0.4703","C"
"4","Trait5","pKWmEB","PstI.TP698997","11","    4837","","0.0719","C"
"4","Trait5","pKWmEB","PstI.TP699506","11","    4840","","0.8163","A"
"4","Trait5","pKWmEB","PstI.TP699515","11","    4841","","0.7043","A"
"4","Trait5","pKWmEB","PstI.TP699747","11","    4842","","0.6959","A"
"4","Trait5","pKWmEB","PstI.TP699758","11","    4843","","0.6741","A"
"4","Trait5","pKWmEB","PstI.TP700039","11","    4845","","0.7886","A"
"4","Trait5","pKWmEB","PstI.TP700315","11","    4846","","0.1535","A"
"4","Trait5","pKWmEB","PstI.TP700559","11","    4847","","0.0664","A"
"4","Trait5","pKWmEB","PstI.TP700730","11","    4848","","0.4358","A"
"4","Trait5","pKWmEB","PstI.TP700800","11","    4849","","0.1641","G"
"4","Trait5","pKWmEB","PstI.TP700816","11","    4850","","0.2772","C"
"4","Trait5","pKWmEB","PstI.TP701035","11","    4852","","0.0531","A"
"4","Trait5","pKWmEB","PstI.TP701142","11","    4853","","0.0629","C"
"4","Trait5","pKWmEB","PstI.TP701234","11","    4855","","0.1058","A"
"4","Trait5","pKWmEB","PstI.TP701473","11","    4856","","0.7428","A"
"4","Trait5","pKWmEB","PstI.TP701577","11","    4858","","0.1195","C"
"4","Trait5","pKWmEB","PstI.TP701596","11","    4859","","0.2877","A"
"4","Trait5","pKWmEB","PstI.TP701610","11","    4860","","0.9559","C"
"4","Trait5","pKWmEB","PstI.TP701641","11","    4862","","0.2327","G"
"4","Trait5","pKWmEB","PstI.TP701699","11","    4863","","0.4052","A"
"4","Trait5","pKWmEB","PstI.TP701806","11","    4864","","0.0012","A"
"4","Trait5","pKWmEB","PstI.TP702115","11","    4865","","0.1337","G"
"4","Trait5","pKWmEB","PstI.TP702120","11","    4866","","0.0720","A"
"4","Trait5","pKWmEB","PstI.TP702483","11","    4867","","0.0945","A"
"4","Trait5","pKWmEB","PstI.TP702612","11","    4868","","0.3832","A"
"4","Trait5","pKWmEB","PstI.TP702711","11","    4869","","2.2829","C"
"4","Trait5","pKWmEB","PstI.TP702740","11","    4870","","0.0012","A"
"4","Trait5","pKWmEB","PstI.TP702922","11","    4872","","0.8526","A"
"4","Trait5","pKWmEB","PstI.TP702968","11","    4873","","0.5274","A"
"4","Trait5","pKWmEB","PstI.TP703027","11","    4874","","0.1548","A"
"4","Trait5","pKWmEB","PstI.TP703425","11","    4876","","0.3601","A"
"4","Trait5","pKWmEB","PstI.TP703594","11","    4877","","1.3616","C"
"4","Trait5","pKWmEB","PstI.TP703889","11","    4878","","0.9095","A"
"4","Trait5","pKWmEB","PstI.TP704563","11","    4879","","1.4361","C"
"4","Trait5","pKWmEB","PstI.TP704615","11","    4880","","0.5021","C"
"4","Trait5","pKWmEB","PstI.TP704648","11","    4881","","0.1334","C"
"4","Trait5","pKWmEB","PstI.TP704687","11","    4882","","0.3403","C"
"4","Trait5","pKWmEB","PstI.TP704818","11","    4883","","0.4855","C"
"4","Trait5","pKWmEB","PstI.TP704895","11","    4884","","0.1333","A"
"4","Trait5","pKWmEB","PstI.TP705125","11","    4885","","0.5138","A"
"4","Trait5","pKWmEB","PstI.TP705137","11","    4886","","0.6997","A"
"4","Trait5","pKWmEB","PstI.TP705353","11","    4887","","0.3827","A"
"4","Trait5","pKWmEB","PstI.TP705377","11","    4888","","2.1514","C"
"4","Trait5","pKWmEB","PstI.TP705948","11","    4890","","1.7723","A"
"4","Trait5","pKWmEB","PstI.TP705958","11","    4891","","0.5846","C"
"4","Trait5","pKWmEB","PstI.TP706026","11","    4892","","0.0851","C"
"4","Trait5","pKWmEB","PstI.TP706281","11","    4894","","0.1113","A"
"4","Trait5","pKWmEB","PstI.TP706401","11","    4895","","0.0305","A"
"4","Trait5","pKWmEB","PstI.TP706415","11","    4896","","0.8757","A"
"4","Trait5","pKWmEB","PstI.TP706451","11","    4897","","1.0651","C"
"4","Trait5","pKWmEB","PstI.TP706596","11","    4898","","0.5482","A"
"4","Trait5","pKWmEB","PstI.TP706666","11","    4900","","0.4577","C"
"4","Trait5","pKWmEB","PstI.TP706687","11","    4901","","0.1314","A"
"4","Trait5","pKWmEB","PstI.TP707014","11","    4902","","0.2684","C"
"4","Trait5","pKWmEB","PstI.TP707547","11","    4904","","0.4049","C"
"4","Trait5","pKWmEB","PstI.TP707700","11","    4905","","0.0518","A"
"4","Trait5","pKWmEB","PstI.TP707947","11","    4908","","0.3577","C"
"4","Trait5","pKWmEB","PstI.TP708407","11","    4909","","1.0157","A"
"4","Trait5","pKWmEB","PstI.TP708473","11","    4910","","0.2165","C"
"4","Trait5","pKWmEB","PstI.TP708504","11","    4911","","0.0512","A"
"4","Trait5","pKWmEB","PstI.TP708524","11","    4912","","1.1260","C"
"4","Trait5","pKWmEB","PstI.TP708548","11","    4913","","0.1415","A"
"4","Trait5","pKWmEB","PstI.TP708580","11","    4914","","1.0800","C"
"4","Trait5","pKWmEB","PstI.TP708745","11","    4915","","0.8518","C"
"4","Trait5","pKWmEB","PstI.TP709029","11","    4916","","0.0331","G"
"4","Trait5","pKWmEB","PstI.TP709060","11","    4917","","0.0682","A"
"4","Trait5","pKWmEB","PstI.TP709086","11","    4918","","0.5613","C"
"4","Trait5","pKWmEB","PstI.TP709097","11","    4919","","1.0680","A"
"4","Trait5","pKWmEB","PstI.TP709310","11","    4920","","0.2586","C"
"4","Trait5","pKWmEB","PstI.TP709313","11","    4921","","0.2239","C"
"4","Trait5","pKWmEB","PstI.TP709752","11","    4923","","0.2849","A"
"4","Trait5","pKWmEB","PstI.TP710226","11","    4924","","0.1535","A"
"4","Trait5","pKWmEB","PstI.TP710614","11","    4925","","0.2094","C"
"4","Trait5","pKWmEB","PstI.TP710823","11","    4927","","0.9131","C"
"4","Trait5","pKWmEB","PstI.TP711286","11","    4928","","0.7447","C"
"4","Trait5","pKWmEB","PstI.TP711670","11","    4929","","0.1427","A"
"4","Trait5","pKWmEB","PstI.TP712352","11","    4930","","0.4836","C"
"4","Trait5","pKWmEB","PstI.TP712711","11","    4932","","0.0418","A"
"4","Trait5","pKWmEB","PstI.TP712774","11","    4933","","0.0789","A"
"4","Trait5","pKWmEB","PstI.TP712883","11","    4934","","0.6828","C"
"4","Trait5","pKWmEB","PstI.TP712963","11","    4936","","0.4172","C"
"4","Trait5","pKWmEB","PstI.TP713037","11","    4937","","0.0286","C"
"4","Trait5","pKWmEB","PstI.TP713465","11","    4939","","0.0168","A"
"4","Trait5","pKWmEB","PstI.TP714149","11","    4941","","0.0094","C"
"4","Trait5","pKWmEB","PstI.TP714290","11","    4942","","1.4619","C"
"4","Trait5","pKWmEB","PstI.TP714416","11","    4943","","0.9633","A"
"4","Trait5","pKWmEB","PstI.TP715191","11","    4947","","0.1784","C"
"4","Trait5","pKWmEB","PstI.TP715527","11","    4949","","0.2666","G"
"4","Trait5","pKWmEB","PstI.TP715640","11","    4950","","0.2552","A"
"4","Trait5","pKWmEB","PstI.TP715984","11","    4951","","0.0498","C"
"4","Trait5","pKWmEB","PstI.TP716120","11","    4952","","0.6005","C"
"4","Trait5","pKWmEB","PstI.TP716541","11","    4955","","0.1448","A"
"4","Trait5","pKWmEB","PstI.TP716553","11","    4956","","0.1515","A"
"4","Trait5","pKWmEB","PstI.TP716571","11","    4957","","0.1681","G"
"4","Trait5","pKWmEB","PstI.TP716669","11","    4958","","0.0847","A"
"4","Trait5","pKWmEB","PstI.TP718192","11","    4959","","0.4314","C"
"4","Trait5","pKWmEB","PstI.TP718215","11","    4961","","0.0467","A"
"4","Trait5","pKWmEB","PstI.TP718243","11","    4962","","0.1779","A"
"4","Trait5","pKWmEB","PstI.TP718438","11","    4963","","0.0482","C"
"4","Trait5","pKWmEB","PstI.TP718528","11","    4964","","0.4741","C"
"4","Trait5","pKWmEB","PstI.TP718552","11","    4965","","0.4059","A"
"4","Trait5","pKWmEB","PstI.TP718792","11","    4966","","1.1837","C"
"4","Trait5","pKWmEB","PstI.TP718840","11","    4967","","1.0951","A"
"4","Trait5","pKWmEB","PstI.TP719262","11","    4968","","0.9011","C"
"4","Trait5","pKWmEB","PstI.TP719742","11","    4969","","0.6245","A"
"4","Trait5","pKWmEB","PstI.TP719900","11","    4970","","0.6398","C"
"4","Trait5","pKWmEB","PstI.TP719928","11","    4971","","0.1231","C"
"4","Trait5","pKWmEB","PstI.TP720017","11","    4972","","0.3167","G"
"4","Trait5","pKWmEB","PstI.TP720110","11","    4973","","0.0351","A"
"4","Trait5","pKWmEB","PstI.TP720214","11","    4974","","1.3472","C"
"4","Trait5","pKWmEB","PstI.TP720229","11","    4975","","0.0708","A"
"4","Trait5","pKWmEB","PstI.TP720296","11","    4976","","0.6515","C"
"4","Trait5","pKWmEB","PstI.TP720502","11","    4977","","1.5338","C"
"4","Trait5","pKWmEB","PstI.TP720591","11","    4978","","0.1737","C"
"4","Trait5","pKWmEB","PstI.TP720765","11","    4979","","0.1697","G"
"4","Trait5","pKWmEB","PstI.TP720767","11","    4980","","0.2056","C"
"4","Trait5","pKWmEB","PstI.TP720893","11","    4981","","0.3992","A"
"4","Trait5","pKWmEB","PstI.TP720919","11","    4982","","0.3789","A"
"4","Trait5","pKWmEB","PstI.TP721525","11","    4984","","0.1538","C"
"4","Trait5","pKWmEB","PstI.TP721585","11","    4985","","0.3756","C"
"4","Trait5","pKWmEB","PstI.TP722033","11","    4987","","0.2420","C"
"4","Trait5","pKWmEB","PstI.TP723433","11","    4990","","0.1640","A"
"4","Trait5","pKWmEB","PstI.TP723452","11","    4991","","0.4530","C"
"4","Trait5","pKWmEB","PstI.TP723526","11","    4992","","0.2682","A"
"4","Trait5","pKWmEB","PstI.TP723584","11","    4994","","0.7143","A"
"4","Trait5","pKWmEB","PstI.TP724007","11","    4995","","0.2943","A"
"4","Trait5","pKWmEB","PstI.TP724056","11","    4996","","0.0395","G"
"4","Trait5","pKWmEB","PstI.TP724158","11","    4997","","0.5606","C"
"4","Trait5","pKWmEB","PstI.TP724187","11","    4998","","0.8379","A"
"4","Trait5","pKWmEB","PstI.TP724300","11","    4999","","0.2747","A"
"4","Trait5","pKWmEB","PstI.TP724399","11","    5000","","0.0468","C"
"4","Trait5","pKWmEB","PstI.TP724436","11","    5001","","0.5615","C"
"4","Trait5","pKWmEB","PstI.TP724444","11","    5002","","0.5911","C"
"4","Trait5","pKWmEB","PstI.TP724562","11","    5003","","0.1279","A"
"4","Trait5","pKWmEB","PstI.TP724567","11","    5004","","0.2245","G"
"4","Trait5","pKWmEB","PstI.TP724677","11","    5005","","0.2156","A"
"4","Trait5","pKWmEB","PstI.TP724701","11","    5006","","0.5987","C"
"4","Trait5","pKWmEB","PstI.TP725955","11","    5010","","0.9361","C"
"4","Trait5","pKWmEB","PstI.TP725975","11","    5011","","0.4817","C"
"4","Trait5","pKWmEB","PstI.TP726235","11","    5012","","0.8535","C"
"4","Trait5","pKWmEB","PstI.TP726297","11","    5013","","0.9939","C"
"4","Trait5","pKWmEB","PstI.TP726864","11","    5014","","1.5912","C"
"4","Trait5","pKWmEB","PstI.TP727316","11","    5015","","0.0934","A"
"4","Trait5","pKWmEB","PstI.TP727464","11","    5016","","0.0398","A"
"4","Trait5","pKWmEB","PstI.TP727468","11","    5017","","0.5687","G"
"4","Trait5","pKWmEB","PstI.TP727839","11","    5019","","0.0503","G"
"4","Trait5","pKWmEB","PstI.TP727994","11","    5020","","0.3697","C"
"4","Trait5","pKWmEB","PstI.TP728020","11","    5021","","0.1548","C"
"4","Trait5","pKWmEB","PstI.TP728082","11","    5022","","0.4917","C"
"4","Trait5","pKWmEB","PstI.TP728330","11","    5023","","0.5255","C"
"4","Trait5","pKWmEB","PstI.TP728365","11","    5024","","0.5506","A"
"4","Trait5","pKWmEB","PstI.TP729285","11","    5025","","0.5548","C"
"4","Trait5","pKWmEB","PstI.TP729343","11","    5026","","0.4495","C"
"4","Trait5","pKWmEB","PstI.TP729511","11","    5027","","0.1472","C"
"4","Trait5","pKWmEB","PstI.TP729894","11","    5029","","0.0587","A"
"4","Trait5","pKWmEB","PstI.TP730168","11","    5030","","0.6600","A"
"4","Trait5","pKWmEB","PstI.TP730365","11","    5031","","0.0926","G"
"4","Trait5","pKWmEB","PstI.TP730410","11","    5032","","0.4741","C"
"4","Trait5","pKWmEB","PstI.TP730438","11","    5033","","0.2088","A"
"4","Trait5","pKWmEB","PstI.TP730477","11","    5034","","0.1219","G"
"4","Trait5","pKWmEB","PstI.TP730687","11","    5036","","1.1899","A"
"4","Trait5","pKWmEB","PstI.TP730976","11","    5037","","2.4327","A"
"4","Trait5","pKWmEB","PstI.TP731067","11","    5038","","0.2574","C"
"4","Trait5","pKWmEB","PstI.TP731126","11","    5039","","1.0989","G"
"4","Trait5","pKWmEB","PstI.TP731286","11","    5040","","0.3094","A"
"4","Trait5","pKWmEB","PstI.TP731332","11","    5041","","0.1974","A"
"4","Trait5","pKWmEB","PstI.TP731425","11","    5043","","0.1223","C"
"4","Trait5","pKWmEB","PstI.TP731477","11","    5044","","0.7920","A"
"4","Trait5","pKWmEB","PstI.TP731608","11","    5045","","0.0689","A"
"4","Trait5","pKWmEB","PstI.TP731949","11","    5046","","0.6622","A"
"4","Trait5","pKWmEB","PstI.TP731968","11","    5047","","0.1768","A"
"4","Trait5","pKWmEB","PstI.TP732014","11","    5048","","0.0623","A"
"4","Trait5","pKWmEB","PstI.TP732544","11","    5049","","0.5514","A"
"4","Trait5","pKWmEB","PstI.TP732599","11","    5050","","0.8626","G"
"4","Trait5","pKWmEB","PstI.TP732707","11","    5051","","0.0353","A"
"4","Trait5","pKWmEB","PstI.TP732951","11","    5054","","0.6610","A"
"4","Trait5","pKWmEB","PstI.TP732959","11","    5055","","0.6666","A"
"4","Trait5","pKWmEB","PstI.TP733086","11","    5056","","0.3208","C"
"4","Trait5","pKWmEB","PstI.TP733089","11","    5057","","0.4566","C"
"4","Trait5","pKWmEB","PstI.TP733316","11","    5058","","0.3415","A"
"4","Trait5","pKWmEB","PstI.TP733510","11","    5059","","0.1632","A"
"4","Trait5","pKWmEB","PstI.TP733607","11","    5060","","0.4300","A"
"4","Trait5","pKWmEB","PstI.TP733771","11","    5061","","2.5888","A"
"4","Trait5","pKWmEB","PstI.TP733958","11","    5062","","0.1616","C"
"4","Trait5","pKWmEB","PstI.TP734725","11","    5065","","0.0631","C"
"4","Trait5","pKWmEB","PstI.TP734808","11","    5067","","0.4206","A"
"4","Trait5","pKWmEB","PstI.TP734880","11","    5068","","0.3896","A"
"4","Trait5","pKWmEB","PstI.TP735086","11","    5069","","0.0307","A"
"4","Trait5","pKWmEB","PstI.TP735421","11","    5070","","0.0357","A"
"4","Trait5","pKWmEB","PstI.TP735474","11","    5071","","0.2281","C"
"4","Trait5","pKWmEB","PstI.TP735528","11","    5072","","0.7171","A"
"4","Trait5","pKWmEB","PstI.TP735554","11","    5073","","0.2579","G"
"4","Trait5","pKWmEB","PstI.TP735727","11","    5074","","0.5253","A"
"4","Trait5","pKWmEB","PstI.TP735757","11","    5075","","0.1549","A"
"4","Trait5","pKWmEB","PstI.TP736106","11","    5078","","0.8141","C"
"4","Trait5","pKWmEB","PstI.TP736128","11","    5079","","0.4280","C"
"4","Trait5","pKWmEB","PstI.TP736378","11","    5082","","0.1932","C"
"4","Trait5","pKWmEB","PstI.TP736465","11","    5084","","0.0461","A"
"4","Trait5","pKWmEB","PstI.TP736501","11","    5085","","0.6493","C"
"4","Trait5","pKWmEB","PstI.TP736678","11","    5087","","1.3117","A"
"4","Trait5","pKWmEB","PstI.TP736729","11","    5088","","0.0600","C"
"4","Trait5","pKWmEB","PstI.TP736894","11","    5089","","0.4795","A"
"4","Trait5","pKWmEB","PstI.TP736975","11","    5091","","0.0219","A"
"4","Trait5","pKWmEB","PstI.TP737431","11","    5092","","0.6071","A"
"4","Trait5","pKWmEB","PstI.TP737746","11","    5095","","0.0455","C"
"4","Trait5","pKWmEB","PstI.TP737962","11","    5096","","2.3858","C"
"4","Trait5","pKWmEB","PstI.TP738688","11","    5098","","0.6372","C"
"4","Trait5","pKWmEB","PstI.TP738822","11","    5099","","0.3460","A"
"4","Trait5","pKWmEB","PstI.TP739117","11","    5100","","0.9743","C"
"4","Trait5","pKWmEB","PstI.TP739179","11","    5101","","1.3144","A"
"4","Trait5","pKWmEB","PstI.TP739202","11","    5102","","1.2720","A"
"4","Trait5","pKWmEB","PstI.TP739206","11","    5103","","0.0433","C"
"4","Trait5","pKWmEB","PstI.TP739620","11","    5105","","0.4888","C"
"4","Trait5","pKWmEB","PstI.TP739746","11","    5106","","0.4734","A"
"4","Trait5","pKWmEB","PstI.TP740119","11","    5107","","0.0381","C"
"4","Trait5","pKWmEB","PstI.TP740138","11","    5109","","0.3078","A"
"4","Trait5","pKWmEB","PstI.TP740326","11","    5110","","0.0680","A"
"4","Trait5","pKWmEB","PstI.TP740473","11","    5111","","0.3557","A"
"4","Trait5","pKWmEB","PstI.TP740583","11","    5112","","0.1464","C"
"4","Trait5","pKWmEB","PstI.TP740638","11","    5113","","0.8561","A"
"4","Trait5","pKWmEB","PstI.TP740664","11","    5114","","0.4688","C"
"4","Trait5","pKWmEB","PstI.TP740679","11","    5115","","0.7289","C"
"4","Trait5","pKWmEB","PstI.TP740983","11","    5116","","0.3210","A"
"4","Trait5","pKWmEB","PstI.TP740984","11","    5117","","0.9693","A"
"4","Trait5","pKWmEB","PstI.TP741039","11","    5118","","0.7844","A"
"4","Trait5","pKWmEB","PstI.TP741500","11","    5120","","0.6595","C"
"4","Trait5","pKWmEB","PstI.TP741672","11","    5123","","0.0534","C"
"4","Trait5","pKWmEB","PstI.TP741725","11","    5125","","0.1985","A"
"4","Trait5","pKWmEB","PstI.TP741889","11","    5126","","0.0934","C"
"4","Trait5","pKWmEB","PstI.TP742004","11","    5127","","0.7372","G"
"4","Trait5","pKWmEB","PstI.TP742174","11","    5128","","0.0556","A"
"4","Trait5","pKWmEB","PstI.TP742360","11","    5129","","0.0765","A"
"4","Trait5","pKWmEB","PstI.TP742374","11","    5130","","0.9182","C"
"4","Trait5","pKWmEB","PstI.TP742631","11","    5131","","0.3098","C"
"4","Trait5","pKWmEB","PstI.TP742974","11","    5132","","0.2392","C"
"4","Trait5","pKWmEB","PstI.TP743263","11","    5133","","0.4868","C"
"4","Trait5","pKWmEB","PstI.TP743317","11","    5134","","0.2384","A"
"4","Trait5","pKWmEB","PstI.TP743474","11","    5135","","0.9913","A"
"4","Trait5","pKWmEB","PstI.TP743566","11","    5137","","0.0633","C"
"4","Trait5","pKWmEB","PstI.TP743589","11","    5138","","0.2236","C"
"4","Trait5","pKWmEB","PstI.TP744880","11","    5139","","0.1017","A"
"4","Trait5","pKWmEB","PstI.TP744920","11","    5140","","0.1299","A"
"4","Trait5","pKWmEB","PstI.TP744959","11","    5141","","0.0795","C"
"4","Trait5","pKWmEB","PstI.TP744999","11","    5142","","0.2047","A"
"4","Trait5","pKWmEB","PstI.TP745101","11","    5143","","0.0934","A"
"4","Trait5","pKWmEB","PstI.TP745177","11","    5144","","0.7713","A"
"4","Trait5","pKWmEB","PstI.TP745331","11","    5146","","3.0964","G"
"4","Trait5","pKWmEB","PstI.TP745710","11","    5150","","0.7980","C"
"4","Trait5","pKWmEB","PstI.TP745929","11","    5151","","0.0354","C"
"4","Trait5","pKWmEB","PstI.TP745952","11","    5152","","0.2850","A"
"4","Trait5","pKWmEB","PstI.TP746004","11","    5153","","0.5032","A"
"4","Trait5","pKWmEB","PstI.TP746042","11","    5154","","0.1314","A"
"4","Trait5","pKWmEB","PstI.TP746184","11","    5155","","0.0489","A"
"4","Trait5","pKWmEB","PstI.TP746189","11","    5156","","0.1054","C"
"4","Trait5","pKWmEB","PstI.TP746279","11","    5157","","0.6252","A"
"4","Trait5","pKWmEB","PstI.TP746433","11","    5158","","0.1883","G"
"4","Trait5","pKWmEB","PstI.TP746821","11","    5159","","0.9217","G"
"4","Trait5","pKWmEB","PstI.TP746834","11","    5160","","1.0901","C"
"4","Trait5","pKWmEB","PstI.TP746902","11","    5161","","0.2981","A"
"4","Trait5","pKWmEB","PstI.TP747417","11","    5163","","0.7013","C"
"4","Trait5","pKWmEB","PstI.TP747659","11","    5164","","0.3102","C"
"4","Trait5","pKWmEB","PstI.TP747907","11","    5165","","0.9266","A"
"4","Trait5","pKWmEB","PstI.TP747917","11","    5166","","0.4657","A"
"4","Trait5","pKWmEB","PstI.TP747990","11","    5167","","0.4733","C"
"4","Trait5","pKWmEB","PstI.TP748134","11","    5169","","0.1721","C"
"4","Trait5","pKWmEB","PstI.TP748172","11","    5170","","0.2798","A"
"4","Trait5","pKWmEB","PstI.TP748187","11","    5171","","0.4127","C"
"4","Trait5","pKWmEB","PstI.TP748278","11","    5172","","0.0633","G"
"4","Trait5","pKWmEB","PstI.TP748286","11","    5173","","0.1989","A"
"4","Trait5","pKWmEB","PstI.TP748445","11","    5174","","0.9103","A"
"4","Trait5","pKWmEB","PstI.TP748481","11","    5175","","1.5244","C"
"4","Trait5","pKWmEB","PstI.TP748540","11","    5176","","0.4763","A"
"4","Trait5","pKWmEB","PstI.TP748874","11","    5177","","0.7270","A"
"4","Trait5","pKWmEB","PstI.TP748919","11","    5178","","0.8967","A"
"4","Trait5","pKWmEB","PstI.TP749153","11","    5180","","0.0057","A"
"4","Trait5","pKWmEB","PstI.TP749183","11","    5181","","0.0502","A"
"4","Trait5","pKWmEB","PstI.TP749918","11","    5182","","0.8985","A"
"4","Trait5","pKWmEB","PstI.TP749968","11","    5184","","1.5295","A"
"4","Trait5","pKWmEB","PstI.TP750047","11","    5185","","0.2287","C"
"4","Trait5","pKWmEB","PstI.TP750394","11","    5187","","0.0670","G"
"4","Trait5","pKWmEB","PstI.TP750399","11","    5188","","0.0142","A"
"4","Trait5","pKWmEB","PstI.TP750432","11","    5189","","0.2253","A"
"4","Trait5","pKWmEB","PstI.TP750520","11","    5190","","0.0281","C"
"4","Trait5","pKWmEB","PstI.TP750926","11","    5191","","0.1465","A"
"4","Trait5","pKWmEB","PstI.TP750988","11","    5192","","0.1347","A"
"4","Trait5","pKWmEB","PstI.TP751026","11","    5193","","0.7295","C"
"4","Trait5","pKWmEB","PstI.TP751201","11","    5194","","0.1728","A"
"4","Trait5","pKWmEB","PstI.TP751437","11","    5195","","0.0527","G"
"4","Trait5","pKWmEB","PstI.TP751870","11","    5196","","0.8431","G"
"4","Trait5","pKWmEB","PstI.TP752309","11","    5197","","0.4491","C"
"4","Trait5","pKWmEB","PstI.TP752615","11","    5198","","0.4448","A"
"4","Trait5","pKWmEB","PstI.TP753183","11","    5199","","0.3109","A"
"4","Trait5","pKWmEB","PstI.TP753727","11","    5201","","0.0072","C"
"4","Trait5","pKWmEB","PstI.TP753775","11","    5202","","0.2571","C"
"4","Trait5","pKWmEB","PstI.TP753879","11","    5203","","0.0393","G"
"4","Trait5","pKWmEB","PstI.TP754021","11","    5204","","0.0867","G"
"4","Trait5","pKWmEB","PstI.TP754221","11","    5205","","2.1006","C"
"4","Trait5","pKWmEB","PstI.TP754254","11","    5206","","0.5079","C"
"4","Trait5","pKWmEB","PstI.TP754708","11","    5207","","0.3702","A"
"4","Trait5","pKWmEB","PstI.TP754972","11","    5209","","1.2675","A"
"4","Trait5","pKWmEB","PstI.TP755087","11","    5210","","0.6833","A"
"4","Trait5","pKWmEB","PstI.TP755453","11","    5212","","0.2889","A"
"4","Trait5","pKWmEB","PstI.TP755492","11","    5213","","0.5363","C"
"4","Trait5","pKWmEB","PstI.TP755613","11","    5215","","0.4002","C"
"4","Trait5","pKWmEB","PstI.TP755615","11","    5216","","0.8699","A"
"4","Trait5","pKWmEB","PstI.TP755646","11","    5218","","1.2732","C"
"4","Trait5","pKWmEB","PstI.TP755790","11","    5219","","0.0084","C"
"4","Trait5","pKWmEB","PstI.TP755840","11","    5220","","0.1819","A"
"4","Trait5","pKWmEB","PstI.TP755963","11","    5221","","0.2089","C"
"4","Trait5","pKWmEB","PstI.TP756164","11","    5222","","0.5140","A"
"4","Trait5","pKWmEB","PstI.TP756240","11","    5223","","0.9620","C"
"4","Trait5","pKWmEB","PstI.TP756298","11","    5224","","0.3476","C"
"4","Trait5","pKWmEB","PstI.TP756404","11","    5225","","0.0734","A"
"4","Trait5","pKWmEB","PstI.TP756530","11","    5226","","0.5855","C"
"4","Trait5","pKWmEB","PstI.TP757402","11","    5228","","1.1367","C"
"4","Trait5","pKWmEB","PstI.TP757560","11","    5229","","0.5177","C"
"4","Trait5","pKWmEB","PstI.TP757711","11","    5230","","0.1716","C"
"4","Trait5","pKWmEB","PstI.TP758091","11","    5231","","1.0990","A"
"4","Trait5","pKWmEB","PstI.TP758191","11","    5232","","1.0445","C"
"4","Trait5","pKWmEB","PstI.TP758288","11","    5234","","2.1278","C"
"4","Trait5","pKWmEB","PstI.TP758494","11","    5236","","0.2751","A"
"4","Trait5","pKWmEB","PstI.TP758591","11","    5237","","1.2312","A"
"4","Trait5","pKWmEB","PstI.TP758596","11","    5238","","0.6521","C"
"4","Trait5","pKWmEB","PstI.TP758624","11","    5239","","0.5053","C"
"4","Trait5","pKWmEB","PstI.TP758835","11","    5240","","0.4941","A"
"4","Trait5","pKWmEB","PstI.TP758872","11","    5241","","0.0883","A"
"4","Trait5","pKWmEB","PstI.TP759292","11","    5243","","0.0227","C"
"4","Trait5","pKWmEB","PstI.TP759365","11","    5245","","0.3077","G"
"4","Trait5","pKWmEB","PstI.TP759988","11","    5246","","0.0911","C"
"4","Trait5","pKWmEB","PstI.TP760074","11","    5247","","1.6209","C"
"4","Trait5","pKWmEB","PstI.TP760353","11","    5249","","0.0775","G"
"4","Trait5","pKWmEB","PstI.TP760702","11","    5252","","0.0141","C"
"4","Trait5","pKWmEB","PstI.TP761024","11","    5253","","0.1940","A"
"4","Trait5","pKWmEB","PstI.TP761453","11","    5254","","0.2973","A"
"4","Trait5","pKWmEB","PstI.TP761550","11","    5255","","1.7620","A"
"4","Trait5","pKWmEB","PstI.TP761571","11","    5256","","0.1268","A"
"4","Trait5","pKWmEB","PstI.TP761757","11","    5257","","1.2498","A"
"4","Trait5","pKWmEB","PstI.TP761913","11","    5258","","0.0436","A"
"4","Trait5","pKWmEB","PstI.TP761979","11","    5259","","0.0129","A"
"4","Trait5","pKWmEB","PstI.TP762075","11","    5260","","0.0398","C"
"4","Trait5","pKWmEB","PstI.TP762327","11","    5261","","0.0611","C"
"4","Trait5","pKWmEB","PstI.TP762555","11","    5262","","0.7843","C"
"4","Trait5","pKWmEB","PstI.TP762573","11","    5263","","1.0487","C"
"4","Trait5","pKWmEB","PstI.TP762792","11","    5266","","0.3123","C"
"4","Trait5","pKWmEB","PstI.TP762923","11","    5267","","0.6224","A"
"4","Trait5","pKWmEB","PstI.TP762971","11","    5268","","0.2667","C"
"4","Trait5","pKWmEB","PstI.TP763045","11","    5269","","0.1837","A"
"4","Trait5","pKWmEB","PstI.TP763166","11","    5270","","0.4057","G"
"4","Trait5","pKWmEB","PstI.TP763566","11","    5271","","0.0185","C"
"4","Trait5","pKWmEB","PstI.TP763699","11","    5272","","0.0009","A"
"4","Trait5","pKWmEB","PstI.TP763802","11","    5273","","0.0236","A"
"4","Trait5","pKWmEB","PstI.TP764114","11","    5274","","0.0943","A"
"4","Trait5","pKWmEB","PstI.TP764265","11","    5275","","0.1057","C"
"4","Trait5","pKWmEB","PstI.TP764534","11","    5276","","0.1978","C"
"4","Trait5","pKWmEB","PstI.TP764888","11","    5278","","0.0575","C"
"4","Trait5","pKWmEB","PstI.TP764929","11","    5279","","0.3419","C"
"4","Trait5","pKWmEB","PstI.TP764933","11","    5280","","0.3624","A"
"4","Trait5","pKWmEB","PstI.TP765192","11","    5281","","0.1844","A"
"4","Trait5","pKWmEB","PstI.TP765220","11","    5283","","0.0785","G"
"4","Trait5","pKWmEB","PstI.TP765245","11","    5284","","0.5036","A"
"4","Trait5","pKWmEB","PstI.TP765282","11","    5285","","0.1673","A"
"4","Trait5","pKWmEB","PstI.TP765987","11","    5287","","0.8240","A"
"4","Trait5","pKWmEB","PstI.TP765988","11","    5288","","0.6123","G"
"4","Trait5","pKWmEB","PstI.TP766165","11","    5289","","0.2643","C"
"4","Trait5","pKWmEB","PstI.TP766216","11","    5290","","0.6531","C"
"4","Trait5","pKWmEB","PstI.TP766314","11","    5291","","0.1895","A"
"4","Trait5","pKWmEB","PstI.TP766812","11","    5293","","0.0287","C"
"4","Trait5","pKWmEB","PstI.TP767203","11","    5298","","0.0960","A"
"4","Trait5","pKWmEB","PstI.TP767409","11","    5299","","3.4532","C"
"4","Trait5","pKWmEB","PstI.TP767653","11","    5301","","0.6928","C"
"4","Trait5","pKWmEB","PstI.TP767995","11","    5302","","0.8477","A"
"4","Trait5","pKWmEB","PstI.TP768189","11","    5303","","0.2216","A"
"4","Trait5","pKWmEB","PstI.TP768449","11","    5304","","0.1035","C"
"4","Trait5","pKWmEB","PstI.TP768661","11","    5306","","0.3609","C"
"4","Trait5","pKWmEB","PstI.TP769243","11","    5307","","0.2828","A"
"4","Trait5","pKWmEB","PstI.TP769320","11","    5308","","0.1288","C"
"4","Trait5","pKWmEB","PstI.TP769359","11","    5309","","0.0968","A"
"4","Trait5","pKWmEB","PstI.TP769654","11","    5311","","0.3447","C"
"4","Trait5","pKWmEB","PstI.TP769719","11","    5313","","0.7830","A"
"4","Trait5","pKWmEB","PstI.TP770020","11","    5314","","0.7412","A"
"4","Trait5","pKWmEB","PstI.TP770028","11","    5315","","0.6261","A"
"4","Trait5","pKWmEB","PstI.TP770188","11","    5317","","0.2484","C"
"4","Trait5","pKWmEB","PstI.TP770283","11","    5318","","1.2746","A"
"4","Trait5","pKWmEB","PstI.TP770341","11","    5320","","0.5001","C"
"4","Trait5","pKWmEB","PstI.TP770459","11","    5322","","0.9962","A"
"4","Trait5","pKWmEB","PstI.TP771656","11","    5325","","0.5700","A"
"4","Trait5","pKWmEB","PstI.TP771928","11","    5326","","0.6895","C"
"4","Trait5","pKWmEB","PstI.TP772316","11","    5327","","1.2558","C"
"4","Trait5","pKWmEB","PstI.TP772551","11","    5330","","0.1484","A"
"4","Trait5","pKWmEB","PstI.TP772558","11","    5331","","0.1733","C"
"4","Trait5","pKWmEB","PstI.TP772648","11","    5332","","0.1057","C"
"4","Trait5","pKWmEB","PstI.TP772793","11","    5333","","0.0204","G"
"4","Trait5","pKWmEB","PstI.TP772838","11","    5334","","0.9944","A"
"4","Trait5","pKWmEB","PstI.TP772842","11","    5335","","0.6913","A"
"4","Trait5","pKWmEB","PstI.TP772843","11","    5336","","0.8943","C"
"4","Trait5","pKWmEB","PstI.TP772845","11","    5337","","0.3827","C"
"4","Trait5","pKWmEB","PstI.TP772847","11","    5338","","0.4240","C"
"4","Trait5","pKWmEB","PstI.TP773041","11","    5339","","1.6819","A"
"4","Trait5","pKWmEB","PstI.TP773122","11","    5340","","0.9113","C"
"4","Trait5","pKWmEB","PstI.TP773496","11","    5341","","0.4088","C"
"4","Trait5","pKWmEB","PstI.TP773510","11","    5342","","0.1404","A"
"4","Trait5","pKWmEB","PstI.TP773777","11","    5343","","0.3946","A"
"4","Trait5","pKWmEB","PstI.TP774041","11","    5344","","0.5822","A"
"4","Trait5","pKWmEB","PstI.TP774443","11","    5346","","0.0620","A"
"4","Trait5","pKWmEB","PstI.TP774822","11","    5348","","0.2103","A"
"4","Trait5","pKWmEB","PstI.TP775027","11","    5349","","0.0398","G"
"4","Trait5","pKWmEB","PstI.TP775182","11","    5350","","1.7305","G"
"4","Trait5","pKWmEB","PstI.TP775417","11","    5351","","0.3842","A"
"4","Trait5","pKWmEB","PstI.TP775572","11","    5352","","0.0920","G"
"4","Trait5","pKWmEB","PstI.TP775614","11","    5353","","0.4372","A"
"4","Trait5","pKWmEB","PstI.TP775860","11","    5357","","0.5479","C"
"4","Trait5","pKWmEB","PstI.TP776059","11","    5358","","0.9755","C"
"4","Trait5","pKWmEB","PstI.TP776063","11","    5359","","1.4924","A"
"4","Trait5","pKWmEB","PstI.TP776101","11","    5360","","0.4181","A"
"4","Trait5","pKWmEB","PstI.TP776389","11","    5361","","0.1202","A"
"4","Trait5","pKWmEB","PstI.TP776760","11","    5363","","0.2831","A"
"4","Trait5","pKWmEB","PstI.TP776971","11","    5364","","0.2988","A"
"4","Trait5","pKWmEB","PstI.TP777254","11","    5366","","0.2024","A"
"4","Trait5","pKWmEB","PstI.TP777696","11","    5367","","0.6850","C"
"4","Trait5","pKWmEB","PstI.TP777753","11","    5368","","0.2554","A"
"4","Trait5","pKWmEB","PstI.TP777795","11","    5369","","0.7535","A"
"4","Trait5","pKWmEB","PstI.TP777812","11","    5370","","0.0814","A"
"4","Trait5","pKWmEB","PstI.TP777829","11","    5371","","0.4469","G"
"4","Trait5","pKWmEB","PstI.TP778072","11","    5373","","0.1723","A"
"4","Trait5","pKWmEB","PstI.TP778083","11","    5374","","0.6313","C"
"4","Trait5","pKWmEB","PstI.TP778193","11","    5375","","0.2268","G"
"4","Trait5","pKWmEB","PstI.TP778231","11","    5376","","0.0978","A"
"4","Trait5","pKWmEB","PstI.TP778291","11","    5377","","1.1765","C"
"4","Trait5","pKWmEB","PstI.TP778351","11","    5378","","0.4680","A"
"4","Trait5","pKWmEB","PstI.TP778926","11","    5379","","0.1805","A"
"4","Trait5","pKWmEB","PstI.TP779824","11","    5380","","0.1120","A"
"4","Trait5","pKWmEB","PstI.TP779898","11","    5381","","0.0123","C"
"4","Trait5","pKWmEB","PstI.TP780122","11","    5382","","0.0587","A"
"4","Trait5","pKWmEB","PstI.TP780329","11","    5383","","0.3084","A"
"4","Trait5","pKWmEB","PstI.TP780359","11","    5384","","1.4462","A"
"4","Trait5","pKWmEB","PstI.TP780415","11","    5385","","1.4234","C"
"4","Trait5","pKWmEB","PstI.TP780471","11","    5386","","0.2620","C"
"4","Trait5","pKWmEB","PstI.TP781593","11","    5390","","1.1961","C"
"4","Trait5","pKWmEB","PstI.TP781629","11","    5392","","0.5636","C"
"4","Trait5","pKWmEB","PstI.TP781717","11","    5393","","0.4237","C"
"4","Trait5","pKWmEB","PstI.TP781837","11","    5395","","0.4036","A"
"4","Trait5","pKWmEB","PstI.TP781847","11","    5396","","1.0220","C"
"4","Trait5","pKWmEB","PstI.TP782089","11","    5397","","0.5448","G"
"4","Trait5","pKWmEB","PstI.TP782194","11","    5398","","0.8049","C"
"4","Trait5","pKWmEB","PstI.TP782285","11","    5400","","0.0201","C"
"4","Trait5","pKWmEB","PstI.TP782696","11","    5401","","0.5416","A"
"4","Trait5","pKWmEB","PstI.TP783534","11","    5406","","1.7035","C"
"4","Trait5","pKWmEB","PstI.TP783561","11","    5407","","0.4277","C"
"4","Trait5","pKWmEB","PstI.TP783714","11","    5408","","1.2016","A"
"4","Trait5","pKWmEB","PstI.TP783734","11","    5409","","0.8494","A"
"4","Trait5","pKWmEB","PstI.TP783781","11","    5410","","0.1351","C"
"4","Trait5","pKWmEB","PstI.TP783959","11","    5411","","0.1388","A"
"4","Trait5","pKWmEB","PstI.TP783969","11","    5412","","0.4003","C"
"4","Trait5","pKWmEB","PstI.TP784063","11","    5413","","0.0690","G"
"4","Trait5","pKWmEB","PstI.TP784809","11","    5416","","0.3151","A"
"4","Trait5","pKWmEB","PstI.TP784815","11","    5417","","0.3184","C"
"4","Trait5","pKWmEB","PstI.TP784855","11","    5418","","0.6238","A"
"4","Trait5","pKWmEB","PstI.TP785012","11","    5419","","0.0324","A"
"4","Trait5","pKWmEB","PstI.TP785178","11","    5421","","0.4184","A"
"4","Trait5","pKWmEB","PstI.TP785259","11","    5422","","0.2472","C"
"4","Trait5","pKWmEB","PstI.TP785663","11","    5424","","0.0730","A"
"4","Trait5","pKWmEB","PstI.TP785740","11","    5425","","0.1641","C"
"4","Trait5","pKWmEB","PstI.TP785762","11","    5426","","0.9222","A"
"4","Trait5","pKWmEB","PstI.TP785834","11","    5427","","0.2382","G"
"4","Trait5","pKWmEB","PstI.TP785838","11","    5428","","0.1064","A"
"4","Trait5","pKWmEB","PstI.TP785868","11","    5429","","0.0551","G"
"4","Trait5","pKWmEB","PstI.TP785896","11","    5430","","0.4789","A"
"4","Trait5","pKWmEB","PstI.TP786071","11","    5431","","0.6203","A"
"4","Trait5","pKWmEB","PstI.TP786169","11","    5432","","0.8309","A"
"4","Trait5","pKWmEB","PstI.TP786274","11","    5433","","0.0832","A"
"4","Trait5","pKWmEB","PstI.TP786408","11","    5434","","0.0227","G"
"4","Trait5","pKWmEB","PstI.TP786555","11","    5436","","0.2642","C"
"4","Trait5","pKWmEB","PstI.TP786649","11","    5437","","0.4607","A"
"4","Trait5","pKWmEB","PstI.TP786919","11","    5439","","0.2679","A"
"4","Trait5","pKWmEB","PstI.TP786986","11","    5440","","1.0672","C"
"4","Trait5","pKWmEB","PstI.TP787000","11","    5441","","0.5322","A"
"4","Trait5","pKWmEB","PstI.TP787108","11","    5442","","0.2616","C"
"4","Trait5","pKWmEB","PstI.TP787236","11","    5443","","0.1871","A"
"4","Trait5","pKWmEB","PstI.TP787540","11","    5445","","0.0366","G"
"4","Trait5","pKWmEB","PstI.TP787885","11","    5446","","0.3601","A"
"4","Trait5","pKWmEB","PstI.TP787897","11","    5447","","0.6156","G"
"4","Trait5","pKWmEB","PstI.TP788085","11","    5448","","0.6653","A"
"4","Trait5","pKWmEB","PstI.TP788306","11","    5450","","1.1582","C"
"4","Trait5","pKWmEB","PstI.TP788376","11","    5451","","0.0740","C"
"4","Trait5","pKWmEB","PstI.TP788460","11","    5452","","0.0504","C"
"4","Trait5","pKWmEB","PstI.TP788468","11","    5453","","0.3115","G"
"4","Trait5","pKWmEB","PstI.TP788496","11","    5455","","0.2913","A"
"4","Trait5","pKWmEB","PstI.TP788533","11","    5456","","0.1057","A"
"4","Trait5","pKWmEB","PstI.TP789239","11","    5457","","0.0210","C"
"4","Trait5","pKWmEB","PstI.TP789496","11","    5458","","0.2252","A"
"4","Trait5","pKWmEB","PstI.TP789502","11","    5459","","0.4697","A"
"4","Trait5","pKWmEB","PstI.TP789573","11","    5460","","0.7245","C"
"4","Trait5","pKWmEB","PstI.TP789686","11","    5461","","0.0324","A"
"4","Trait5","pKWmEB","PstI.TP789849","11","    5463","","0.0381","C"
"4","Trait5","pKWmEB","PstI.TP789881","11","    5465","","0.0132","A"
"4","Trait5","pKWmEB","PstI.TP790153","11","    5467","","0.1047","C"
"4","Trait5","pKWmEB","PstI.TP790211","11","    5468","","1.0480","A"
"4","Trait5","pKWmEB","PstI.TP790509","11","    5469","","0.1236","A"
"4","Trait5","pKWmEB","PstI.TP790525","11","    5470","","0.8239","A"
"4","Trait5","pKWmEB","PstI.TP790783","11","    5472","","0.2472","C"
"4","Trait5","pKWmEB","PstI.TP790810","11","    5474","","0.3817","A"
"4","Trait5","pKWmEB","PstI.TP790986","11","    5475","","0.0734","C"
"4","Trait5","pKWmEB","PstI.TP791036","11","    5476","","0.1258","A"
"4","Trait5","pKWmEB","PstI.TP791364","11","    5478","","0.6871","A"
"4","Trait5","pKWmEB","PstI.TP791664","11","    5479","","0.2751","A"
"4","Trait5","pKWmEB","PstI.TP791721","11","    5480","","0.6971","A"
"4","Trait5","pKWmEB","PstI.TP792091","11","    5481","","0.3290","C"
"4","Trait5","pKWmEB","PstI.TP792229","11","    5482","","0.0932","C"
"4","Trait5","pKWmEB","PstI.TP792836","11","    5483","","0.0999","C"
"4","Trait5","pKWmEB","PstI.TP793039","11","    5486","","0.5316","A"
"4","Trait5","pKWmEB","PstI.TP793391","11","    5488","","0.0905","C"
"4","Trait5","pKWmEB","PstI.TP793469","11","    5489","","0.6739","C"
"4","Trait5","pKWmEB","PstI.TP793898","11","    5491","","0.1096","C"
"4","Trait5","pKWmEB","PstI.TP793934","11","    5492","","0.1907","A"
"4","Trait5","pKWmEB","PstI.TP794138","11","    5493","","0.4026","C"
"4","Trait5","pKWmEB","PstI.TP794410","11","    5494","","2.4484","C"
"4","Trait5","pKWmEB","PstI.TP794443","11","    5495","","0.6854","C"
"4","Trait5","pKWmEB","PstI.TP794484","11","    5496","","1.1119","A"
"4","Trait5","pKWmEB","PstI.TP794672","11","    5497","","0.3418","C"
"4","Trait5","pKWmEB","PstI.TP794701","11","    5498","","0.3057","A"
"4","Trait5","pKWmEB","PstI.TP794708","11","    5499","","0.0762","A"
"4","Trait5","pKWmEB","PstI.TP795301","11","    5501","","0.6648","A"
"4","Trait5","pKWmEB","PstI.TP795437","11","    5502","","0.0287","A"
"4","Trait5","pKWmEB","PstI.TP795556","11","    5504","","0.6642","C"
"4","Trait5","pKWmEB","PstI.TP795560","11","    5505","","0.1490","C"
"4","Trait5","pKWmEB","PstI.TP795642","11","    5506","","0.4677","A"
"4","Trait5","pKWmEB","PstI.TP796006","11","    5507","","0.0118","C"
"4","Trait5","pKWmEB","PstI.TP796391","11","    5508","","0.0795","A"
"4","Trait5","pKWmEB","PstI.TP796524","11","    5509","","0.4527","C"
"4","Trait5","pKWmEB","PstI.TP796707","11","    5511","","0.1687","A"
"4","Trait5","pKWmEB","PstI.TP796712","11","    5512","","0.4220","G"
"4","Trait5","pKWmEB","PstI.TP797001","11","    5514","","0.0105","A"
"4","Trait5","pKWmEB","PstI.TP797079","11","    5515","","0.2645","C"
"4","Trait5","pKWmEB","PstI.TP797090","11","    5516","","0.1046","A"
"4","Trait5","pKWmEB","PstI.TP797125","11","    5517","","0.0485","C"
"4","Trait5","pKWmEB","PstI.TP797126","11","    5518","","0.6081","C"
"4","Trait5","pKWmEB","PstI.TP797273","11","    5519","","1.9583","A"
"4","Trait5","pKWmEB","PstI.TP797415","11","    5520","","0.4070","G"
"4","Trait5","pKWmEB","PstI.TP797450","11","    5522","","0.6056","C"
"4","Trait5","pKWmEB","PstI.TP797528","11","    5523","","0.1231","A"
"4","Trait5","pKWmEB","PstI.TP797611","11","    5524","","0.0285","G"
"4","Trait5","pKWmEB","PstI.TP798583","11","    5529","","0.2537","A"
"4","Trait5","pKWmEB","PstI.TP798665","11","    5530","","0.8145","A"
"4","Trait5","pKWmEB","PstI.TP798836","11","    5531","","0.3770","A"
"4","Trait5","pKWmEB","PstI.TP799489","11","    5532","","0.9060","A"
"4","Trait5","pKWmEB","PstI.TP799587","11","    5533","","0.3768","C"
"4","Trait5","pKWmEB","PstI.TP799706","11","    5534","","0.1171","A"
"4","Trait5","pKWmEB","PstI.TP799767","11","    5535","","0.0385","A"
"4","Trait5","pKWmEB","PstI.TP799993","11","    5537","","0.7008","A"
"4","Trait5","pKWmEB","PstI.TP800106","11","    5538","","0.0441","C"
"4","Trait5","pKWmEB","PstI.TP800162","11","    5540","","0.0762","A"
"4","Trait5","pKWmEB","PstI.TP800169","11","    5541","","0.8850","C"
"4","Trait5","pKWmEB","PstI.TP800231","11","    5542","","0.3922","A"
"4","Trait5","pKWmEB","PstI.TP800600","11","    5543","","0.2318","C"
"4","Trait5","pKWmEB","PstI.TP800952","11","    5544","","0.3520","A"
"4","Trait5","pKWmEB","PstI.TP801188","11","    5546","","0.8235","C"
"4","Trait5","pKWmEB","PstI.TP801370","11","    5547","","1.1904","G"
"4","Trait5","pKWmEB","PstI.TP801546","11","    5548","","0.0771","A"
"4","Trait5","pKWmEB","PstI.TP801687","11","    5549","","0.0098","G"
"4","Trait5","pKWmEB","PstI.TP801760","11","    5551","","0.0805","A"
"4","Trait5","pKWmEB","PstI.TP801916","11","    5553","","0.0383","G"
"4","Trait5","pKWmEB","PstI.TP801941","11","    5554","","0.5270","A"
"4","Trait5","pKWmEB","PstI.TP801991","11","    5555","","0.0253","A"
"4","Trait5","pKWmEB","PstI.TP802013","11","    5556","","0.4691","A"
"4","Trait5","pKWmEB","PstI.TP802077","11","    5557","","1.4976","G"
"4","Trait5","pKWmEB","PstI.TP802137","11","    5558","","0.0088","C"
"4","Trait5","pKWmEB","PstI.TP802672","11","    5559","","0.0117","A"
"4","Trait5","pKWmEB","PstI.TP802799","11","    5560","","0.3342","A"
"4","Trait5","pKWmEB","PstI.TP802937","11","    5562","","0.2186","A"
"4","Trait5","pKWmEB","PstI.TP802973","11","    5563","","0.8671","C"
"4","Trait5","pKWmEB","PstI.TP803048","11","    5564","","0.0932","C"
"4","Trait5","pKWmEB","PstI.TP803239","11","    5565","","0.7742","C"
"4","Trait5","pKWmEB","PstI.TP803333","11","    5566","","0.2948","C"
"4","Trait5","pKWmEB","PstI.TP803637","11","    5567","","0.2416","A"
"4","Trait5","pKWmEB","PstI.TP803662","11","    5568","","0.0490","C"
"4","Trait5","pKWmEB","PstI.TP803669","11","    5569","","0.8099","A"
"4","Trait5","pKWmEB","PstI.TP803702","11","    5570","","0.4352","C"
"4","Trait5","pKWmEB","PstI.TP803779","11","    5571","","0.9388","A"
"4","Trait5","pKWmEB","PstI.TP804108","11","    5572","","0.8992","A"
"4","Trait5","pKWmEB","PstI.TP804124","11","    5573","","0.1528","A"
"4","Trait5","pKWmEB","PstI.TP804144","11","    5574","","1.6117","A"
"4","Trait5","pKWmEB","PstI.TP804248","11","    5575","","1.2406","A"
"4","Trait5","pKWmEB","PstI.TP804528","11","    5576","","0.1399","A"
"4","Trait5","pKWmEB","PstI.TP804573","11","    5577","","0.9797","A"
"4","Trait5","pKWmEB","PstI.TP804846","11","    5579","","0.4014","A"
"4","Trait5","pKWmEB","PstI.TP805024","11","    5580","","0.3869","C"
"4","Trait5","pKWmEB","PstI.TP805208","11","    5581","","0.2903","G"
"4","Trait5","pKWmEB","PstI.TP805420","11","    5582","","0.0144","C"
"4","Trait5","pKWmEB","PstI.TP806054","11","    5585","","1.2756","G"
"4","Trait5","pKWmEB","PstI.TP806145","11","    5586","","0.0477","A"
"4","Trait5","pKWmEB","PstI.TP806311","11","    5587","","1.3928","G"
"4","Trait5","pKWmEB","PstI.TP806728","11","    5588","","0.5840","A"
"4","Trait5","pKWmEB","PstI.TP806753","11","    5589","","0.3198","A"
"4","Trait5","pKWmEB","PstI.TP806776","11","    5590","","0.2747","C"
"4","Trait5","pKWmEB","PstI.TP806817","11","    5591","","0.5267","A"
"4","Trait5","pKWmEB","PstI.TP807076","11","    5592","","0.0506","A"
"4","Trait5","pKWmEB","PstI.TP807301","11","    5593","","0.2082","A"
"4","Trait5","pKWmEB","PstI.TP807327","11","    5594","","0.1520","C"
"4","Trait5","pKWmEB","PstI.TP807374","11","    5595","","0.1702","A"
"4","Trait5","pKWmEB","PstI.TP807456","11","    5596","","0.0738","C"
"4","Trait5","pKWmEB","PstI.TP807469","11","    5597","","0.8678","A"
"4","Trait5","pKWmEB","PstI.TP807476","11","    5598","","0.4513","C"
"4","Trait5","pKWmEB","PstI.TP807834","11","    5599","","0.3255","C"
"4","Trait5","pKWmEB","PstI.TP807843","11","    5600","","0.7189","C"
"4","Trait5","pKWmEB","PstI.TP807962","11","    5602","","1.0904","A"
"4","Trait5","pKWmEB","PstI.TP808057","11","    5603","","0.4743","A"
"4","Trait5","pKWmEB","PstI.TP808211","11","    5604","","0.3631","C"
"4","Trait5","pKWmEB","PstI.TP808425","11","    5605","","0.8145","A"
"4","Trait5","pKWmEB","PstI.TP808539","11","    5606","","0.3588","A"
"4","Trait5","pKWmEB","PstI.TP808595","11","    5607","","0.0463","C"
"4","Trait5","pKWmEB","PstI.TP808677","11","    5608","","0.9442","A"
"4","Trait5","pKWmEB","PstI.TP808856","11","    5609","","0.0461","G"
"4","Trait5","pKWmEB","PstI.TP809486","11","    5611","","0.1314","A"
"4","Trait5","pKWmEB","PstI.TP809492","11","    5612","","0.1799","C"
"4","Trait5","pKWmEB","PstI.TP809789","11","    5613","","0.2630","A"
"4","Trait5","pKWmEB","PstI.TP810424","11","    5614","","0.6871","A"
"4","Trait5","pKWmEB","PstI.TP810489","11","    5615","","0.1748","G"
"4","Trait5","pKWmEB","PstI.TP810575","11","    5616","","1.1985","A"
"4","Trait5","pKWmEB","PstI.TP810977","11","    5619","","0.0032","A"
"4","Trait5","pKWmEB","PstI.TP811128","11","    5620","","0.7396","C"
"4","Trait5","pKWmEB","PstI.TP811157","11","    5621","","0.6104","C"
"4","Trait5","pKWmEB","PstI.TP811183","11","    5622","","0.0876","C"
"4","Trait5","pKWmEB","PstI.TP811767","11","    5624","","0.3755","C"
"4","Trait5","pKWmEB","PstI.TP812468","11","    5625","","0.2185","C"
"4","Trait5","pKWmEB","PstI.TP812631","11","    5627","","0.1604","C"
"4","Trait5","pKWmEB","PstI.TP812898","11","    5628","","0.3546","C"
"4","Trait5","pKWmEB","PstI.TP813014","11","    5630","","0.0223","A"
"4","Trait5","pKWmEB","PstI.TP813186","11","    5632","","0.0426","A"
"4","Trait5","pKWmEB","PstI.TP813210","11","    5633","","0.5955","C"
"4","Trait5","pKWmEB","PstI.TP814331","11","    5634","","0.5611","C"
"4","Trait5","pKWmEB","PstI.TP815112","11","    5636","","0.1663","C"
"4","Trait5","pKWmEB","PstI.TP815213","11","    5637","","0.2594","C"
"4","Trait5","pKWmEB","PstI.TP815540","11","    5639","","0.1247","C"
"4","Trait5","pKWmEB","PstI.TP815553","11","    5640","","0.7519","A"
"4","Trait5","pKWmEB","PstI.TP815804","11","    5641","","0.2286","G"
"4","Trait5","pKWmEB","PstI.TP815907","11","    5642","","0.1734","A"
"4","Trait5","pKWmEB","PstI.TP815910","11","    5643","","0.0076","G"
"4","Trait5","pKWmEB","PstI.TP816066","11","    5644","","0.0227","A"
"4","Trait5","pKWmEB","PstI.TP816075","11","    5645","","0.9034","G"
"4","Trait5","pKWmEB","PstI.TP816096","11","    5646","","1.1355","G"
"4","Trait5","pKWmEB","PstI.TP816241","11","    5647","","0.5495","C"
"4","Trait5","pKWmEB","PstI.TP816515","11","    5649","","0.5449","A"
"4","Trait5","pKWmEB","PstI.TP816588","11","    5650","","1.1859","G"
"4","Trait5","pKWmEB","PstI.TP816663","11","    5651","","0.1206","A"
"4","Trait5","pKWmEB","PstI.TP816821","11","    5652","","0.1402","A"
"4","Trait5","pKWmEB","PstI.TP816953","11","    5653","","2.2157","A"
"4","Trait5","pKWmEB","PstI.TP817132","11","    5654","","0.8654","A"
"4","Trait5","pKWmEB","PstI.TP817164","11","    5655","","1.2438","A"
"4","Trait5","pKWmEB","PstI.TP817265","11","    5656","","0.1113","C"
"4","Trait5","pKWmEB","PstI.TP817578","11","    5658","","0.2086","A"
"4","Trait5","pKWmEB","PstI.TP817687","11","    5659","","0.6490","C"
"4","Trait5","pKWmEB","PstI.TP818049","11","    5660","","0.1415","C"
"4","Trait5","pKWmEB","PstI.TP818076","11","    5661","","0.7351","C"
"4","Trait5","pKWmEB","PstI.TP818100","11","    5662","","0.0780","A"
"4","Trait5","pKWmEB","PstI.TP818146","11","    5663","","0.1070","A"
"4","Trait5","pKWmEB","PstI.TP818406","11","    5664","","0.6840","C"
"4","Trait5","pKWmEB","PstI.TP818500","11","    5666","","0.0259","C"
"4","Trait5","pKWmEB","PstI.TP818502","11","    5667","","0.6686","A"
"4","Trait5","pKWmEB","PstI.TP818611","11","    5668","","0.0996","C"
"4","Trait5","pKWmEB","PstI.TP818854","11","    5669","","0.3001","A"
"4","Trait5","pKWmEB","PstI.TP819103","11","    5670","","0.1272","C"
"4","Trait5","pKWmEB","PstI.TP819171","11","    5671","","0.2563","A"
"4","Trait5","pKWmEB","PstI.TP819214","11","    5672","","0.1805","A"
"4","Trait5","pKWmEB","PstI.TP819446","11","    5673","","0.2884","A"
"4","Trait5","pKWmEB","PstI.TP819584","11","    5674","","0.1663","C"
"4","Trait5","pKWmEB","PstI.TP819619","11","    5675","","0.2824","A"
"4","Trait5","pKWmEB","PstI.TP819667","11","    5676","","0.0765","A"
"4","Trait5","pKWmEB","PstI.TP820455","11","    5678","","0.2683","A"
"4","Trait5","pKWmEB","PstI.TP820779","11","    5679","","0.7028","A"
"4","Trait5","pKWmEB","PstI.TP820790","11","    5680","","0.0777","A"
"4","Trait5","pKWmEB","PstI.TP821232","11","    5682","","0.2072","A"
"4","Trait5","pKWmEB","PstI.TP821397","11","    5683","","0.8580","A"
"4","Trait5","pKWmEB","PstI.TP821459","11","    5684","","0.5184","G"
"4","Trait5","pKWmEB","PstI.TP821945","11","    5685","","1.0937","A"
"4","Trait5","pKWmEB","PstI.TP822051","11","    5686","","0.3986","A"
"4","Trait5","pKWmEB","PstI.TP822564","11","    5689","","0.1107","A"
"4","Trait5","pKWmEB","PstI.TP822737","11","    5690","","0.1058","A"
"4","Trait5","pKWmEB","PstI.TP822848","11","    5691","","0.0936","C"
"4","Trait5","pKWmEB","PstI.TP823005","11","    5693","","2.9192","A"
"4","Trait5","pKWmEB","PstI.TP823057","11","    5694","","0.1802","C"
"4","Trait5","pKWmEB","PstI.TP823107","11","    5695","","0.1999","A"
"4","Trait5","pKWmEB","PstI.TP823115","11","    5696","","0.3452","C"
"4","Trait5","pKWmEB","PstI.TP823292","11","    5698","","0.0062","A"
"4","Trait5","pKWmEB","PstI.TP823383","11","    5699","","0.5215","G"
"4","Trait5","pKWmEB","PstI.TP824682","11","    5701","","0.1154","A"
"4","Trait5","pKWmEB","PstI.TP824939","11","    5702","","0.7060","C"
"4","Trait5","pKWmEB","PstI.TP825182","11","    5703","","1.0867","C"
"4","Trait5","pKWmEB","PstI.TP825319","11","    5704","","0.5631","A"
"4","Trait5","pKWmEB","PstI.TP825325","11","    5705","","0.0333","A"
"4","Trait5","pKWmEB","PstI.TP825351","11","    5706","","0.2947","C"
"4","Trait5","pKWmEB","PstI.TP825387","11","    5708","","0.8544","C"
"4","Trait5","pKWmEB","PstI.TP825674","11","    5710","","0.6357","A"
"4","Trait5","pKWmEB","PstI.TP825696","11","    5711","","0.2451","C"
"4","Trait5","pKWmEB","PstI.TP826117","11","    5712","","0.8537","A"
"4","Trait5","pKWmEB","PstI.TP826133","11","    5713","","0.1018","A"
"4","Trait5","pKWmEB","PstI.TP826403","11","    5715","","0.2416","A"
"4","Trait5","pKWmEB","PstI.TP826484","11","    5716","","0.3015","A"
"4","Trait5","pKWmEB","PstI.TP826843","11","    5718","","0.6775","C"
"4","Trait5","pKWmEB","PstI.TP826892","11","    5719","","1.1377","C"
"4","Trait5","pKWmEB","PstI.TP827155","11","    5720","","0.4818","C"
"4","Trait5","pKWmEB","PstI.TP827330","11","    5723","","0.1498","A"
"4","Trait5","pKWmEB","PstI.TP827388","11","    5724","","0.3841","A"
"4","Trait5","pKWmEB","PstI.TP827959","11","    5726","","0.0149","C"
"4","Trait5","pKWmEB","PstI.TP828055","11","    5727","","0.1685","A"
"4","Trait5","pKWmEB","PstI.TP828385","11","    5729","","0.2475","C"
"4","Trait5","pKWmEB","PstI.TP828499","11","    5732","","0.6609","A"
"4","Trait5","pKWmEB","PstI.TP828768","11","    5734","","0.6456","A"
"4","Trait5","pKWmEB","PstI.TP829095","11","    5736","","0.0955","A"
"4","Trait5","pKWmEB","PstI.TP829191","11","    5737","","0.6271","C"
"4","Trait5","pKWmEB","PstI.TP829377","11","    5738","","0.2403","A"
"4","Trait5","pKWmEB","PstI.TP829443","11","    5739","","0.1179","A"
"4","Trait5","pKWmEB","PstI.TP829498","11","    5740","","0.1053","C"
"4","Trait5","pKWmEB","PstI.TP829685","11","    5741","","0.3573","A"
"4","Trait5","pKWmEB","PstI.TP829817","11","    5742","","0.5070","C"
"4","Trait5","pKWmEB","PstI.TP830055","11","    5743","","1.2525","C"
"4","Trait5","pKWmEB","PstI.TP830787","11","    5747","","0.0367","A"
"4","Trait5","pKWmEB","PstI.TP830793","11","    5748","","0.3709","A"
"4","Trait5","pKWmEB","PstI.TP830857","11","    5749","","0.1358","A"
"4","Trait5","pKWmEB","PstI.TP830864","11","    5750","","0.8226","A"
"4","Trait5","pKWmEB","PstI.TP831129","11","    5751","","0.5932","A"
"4","Trait5","pKWmEB","PstI.TP831228","11","    5753","","0.1684","C"
"4","Trait5","pKWmEB","PstI.TP831306","11","    5754","","0.3114","C"
"4","Trait5","pKWmEB","PstI.TP831947","11","    5755","","0.1735","A"
"4","Trait5","pKWmEB","PstI.TP832204","11","    5758","","0.3371","A"
"4","Trait5","pKWmEB","PstI.TP832349","11","    5759","","0.1849","C"
"4","Trait5","pKWmEB","PstI.TP832697","11","    5760","","1.0783","A"
"4","Trait5","pKWmEB","PstI.TP832830","11","    5761","","0.2351","A"
"4","Trait5","pKWmEB","PstI.TP833186","11","    5762","","0.5711","C"
"4","Trait5","pKWmEB","PstI.TP833210","11","    5763","","0.7367","C"
"4","Trait5","pKWmEB","PstI.TP833318","11","    5765","","0.0452","A"
"4","Trait5","pKWmEB","PstI.TP833383","11","    5766","","0.2028","C"
"4","Trait5","pKWmEB","PstI.TP833387","11","    5767","","0.2491","A"
"4","Trait5","pKWmEB","PstI.TP833535","11","    5768","","0.8581","C"
"4","Trait5","pKWmEB","PstI.TP833822","11","    5769","","0.4448","A"
"4","Trait5","pKWmEB","PstI.TP833857","11","    5770","","0.1604","C"
"4","Trait5","pKWmEB","PstI.TP833897","11","    5771","","0.6417","A"
"4","Trait5","pKWmEB","PstI.TP834119","11","    5772","","0.6844","G"
"4","Trait5","pKWmEB","PstI.TP834205","11","    5773","","0.5616","A"
"4","Trait5","pKWmEB","PstI.TP834222","11","    5774","","0.1743","A"
"4","Trait5","pKWmEB","PstI.TP834249","11","    5775","","0.0517","A"
"4","Trait5","pKWmEB","PstI.TP834454","11","    5776","","1.4379","C"
"4","Trait5","pKWmEB","PstI.TP834509","11","    5777","","0.8235","A"
"4","Trait5","pKWmEB","PstI.TP834553","11","    5778","","0.8785","C"
"4","Trait5","pKWmEB","PstI.TP834740","11","    5779","","0.6278","G"
"4","Trait5","pKWmEB","PstI.TP834844","11","    5780","","0.1456","G"
"4","Trait5","pKWmEB","PstI.TP834959","11","    5781","","0.6096","C"
"4","Trait5","pKWmEB","PstI.TP834967","11","    5782","","3.0528","A"
"4","Trait5","pKWmEB","PstI.TP835040","11","    5784","","0.6408","A"
"4","Trait5","pKWmEB","PstI.TP835886","11","    5786","","0.1948","C"
"4","Trait5","pKWmEB","PstI.TP835911","11","    5788","","0.7785","C"
"4","Trait5","pKWmEB","PstI.TP835957","11","    5789","","0.2013","A"
"4","Trait5","pKWmEB","PstI.TP835958","11","    5790","","0.1742","C"
"4","Trait5","pKWmEB","PstI.TP836115","11","    5792","","0.0984","A"
"4","Trait5","pKWmEB","PstI.TP836173","11","    5793","","0.6572","C"
"4","Trait5","pKWmEB","PstI.TP836193","11","    5794","","0.8761","A"
"4","Trait5","pKWmEB","PstI.TP836290","11","    5795","","0.7762","G"
"4","Trait5","pKWmEB","PstI.TP836485","11","    5797","","0.1583","C"
"4","Trait5","pKWmEB","PstI.TP836677","11","    5798","","1.1387","C"
"4","Trait5","pKWmEB","PstI.TP836762","11","    5799","","1.7266","A"
"4","Trait5","pKWmEB","PstI.TP836924","11","    5800","","0.1774","C"
"4","Trait5","pKWmEB","PstI.TP837104","11","    5801","","0.0746","A"
"4","Trait5","pKWmEB","PstI.TP837284","11","    5802","","0.9813","A"
"4","Trait5","pKWmEB","PstI.TP837431","11","    5803","","0.0890","C"
"4","Trait5","pKWmEB","PstI.TP837448","11","    5804","","0.3168","A"
"4","Trait5","pKWmEB","PstI.TP837653","11","    5806","","0.0464","A"
"4","Trait5","pKWmEB","PstI.TP838063","11","    5808","","0.1822","C"
"4","Trait5","pKWmEB","PstI.TP838309","11","    5809","","0.0271","A"
"4","Trait5","pKWmEB","PstI.TP838694","11","    5810","","0.6487","A"
"4","Trait5","pKWmEB","PstI.TP839289","11","    5811","","0.1604","A"
"4","Trait5","pKWmEB","PstI.TP839519","11","    5813","","0.9555","A"
"4","Trait5","pKWmEB","PstI.TP839543","11","    5814","","0.3077","A"
"4","Trait5","pKWmEB","PstI.TP839549","11","    5815","","0.4204","C"
"4","Trait5","pKWmEB","PstI.TP839918","11","    5816","","0.3240","G"
"4","Trait5","pKWmEB","PstI.TP840083","11","    5817","","0.1955","A"
"4","Trait5","pKWmEB","PstI.TP840392","11","    5819","","1.1045","C"
"4","Trait5","pKWmEB","PstI.TP840841","11","    5822","","0.9680","A"
"4","Trait5","pKWmEB","PstI.TP841180","11","    5823","","0.3379","C"
"4","Trait5","pKWmEB","PstI.TP841420","11","    5824","","0.6038","A"
"4","Trait5","pKWmEB","PstI.TP841627","11","    5825","","0.2363","A"
"4","Trait5","pKWmEB","PstI.TP841981","11","    5827","","1.5064","A"
"4","Trait5","pKWmEB","PstI.TP842010","11","    5828","","0.0272","G"
"4","Trait5","pKWmEB","PstI.TP842236","11","    5829","","3.1146","A"
"4","Trait5","pKWmEB","PstI.TP842253","11","    5830","","2.0684","C"
"4","Trait5","pKWmEB","PstI.TP842387","11","    5832","","0.0577","C"
"4","Trait5","pKWmEB","PstI.TP842611","11","    5834","","0.0231","G"
"4","Trait5","pKWmEB","PstI.TP843002","11","    5836","","0.1039","A"
"4","Trait5","pKWmEB","PstI.TP843396","11","    5839","","1.1383","C"
"4","Trait5","pKWmEB","PstI.TP843493","11","    5840","","0.3619","C"
"4","Trait5","pKWmEB","PstI.TP843632","11","    5841","","0.1890","G"
"4","Trait5","pKWmEB","PstI.TP843666","11","    5842","","0.1353","A"
"4","Trait5","pKWmEB","PstI.TP843718","11","    5843","","0.0740","C"
"4","Trait5","pKWmEB","PstI.TP843962","11","    5845","","0.0346","G"
"4","Trait5","pKWmEB","PstI.TP844060","11","    5847","","1.2899","A"
"4","Trait5","pKWmEB","PstI.TP844435","11","    5848","","0.0286","A"
"4","Trait5","pKWmEB","PstI.TP845014","11","    5850","","0.2370","A"
"4","Trait5","pKWmEB","PstI.TP845126","11","    5851","","0.0012","C"
"4","Trait5","pKWmEB","PstI.TP845160","11","    5852","","0.7558","C"
"4","Trait5","pKWmEB","PstI.TP845323","11","    5854","","0.0150","A"
"4","Trait5","pKWmEB","PstI.TP845579","11","    5855","","0.4092","A"
"4","Trait5","pKWmEB","PstI.TP845794","11","    5856","","0.1748","A"
"4","Trait5","pKWmEB","PstI.TP845853","11","    5857","","0.9573","A"
"4","Trait5","pKWmEB","PstI.TP846057","11","    5858","","0.0918","A"
"4","Trait5","pKWmEB","PstI.TP846261","11","    5859","","0.3899","C"
"4","Trait5","pKWmEB","PstI.TP846295","11","    5860","","0.9878","A"
"4","Trait5","pKWmEB","PstI.TP846392","11","    5862","","1.2230","C"
"4","Trait5","pKWmEB","PstI.TP846428","11","    5863","","0.6374","A"
"4","Trait5","pKWmEB","PstI.TP846472","11","    5864","","0.0602","G"
"4","Trait5","pKWmEB","PstI.TP846491","11","    5865","","0.2267","C"
"4","Trait5","pKWmEB","PstI.TP846504","11","    5866","","0.0609","A"
"4","Trait5","pKWmEB","PstI.TP846513","11","    5867","","0.2208","A"
"4","Trait5","pKWmEB","PstI.TP846889","11","    5868","","0.0934","C"
"4","Trait5","pKWmEB","PstI.TP846894","11","    5869","","0.0046","C"
"4","Trait5","pKWmEB","PstI.TP846975","11","    5870","","0.4028","A"
"4","Trait5","pKWmEB","PstI.TP847050","11","    5871","","0.3376","C"
"4","Trait5","pKWmEB","PstI.TP847298","11","    5872","","1.0327","A"
"4","Trait5","pKWmEB","PstI.TP847354","11","    5873","","0.3285","A"
"4","Trait5","pKWmEB","PstI.TP847969","11","    5876","","0.1019","G"
"4","Trait5","pKWmEB","PstI.TP847989","11","    5877","","0.2221","A"
"4","Trait5","pKWmEB","PstI.TP848034","11","    5878","","0.1665","A"
"4","Trait5","pKWmEB","PstI.TP848049","11","    5879","","0.4784","C"
"4","Trait5","pKWmEB","PstI.TP848458","11","    5880","","0.5911","A"
"4","Trait5","pKWmEB","PstI.TP848505","11","    5881","","0.1528","A"
"4","Trait5","pKWmEB","PstI.TP848774","11","    5882","","0.0548","A"
"4","Trait5","pKWmEB","PstI.TP848810","11","    5883","","0.1771","A"
"4","Trait5","pKWmEB","PstI.TP848834","11","    5884","","0.2095","G"
"4","Trait5","pKWmEB","PstI.TP848946","11","    5885","","0.5620","A"
"4","Trait5","pKWmEB","PstI.TP849015","11","    5886","","0.1589","A"
"4","Trait5","pKWmEB","PstI.TP849262","11","    5889","","0.6026","A"
"4","Trait5","pKWmEB","PstI.TP849452","11","    5892","","0.1098","C"
"4","Trait5","pKWmEB","PstI.TP849936","11","    5893","","0.7203","A"
"4","Trait5","pKWmEB","PstI.TP850021","11","    5894","","1.0010","C"
"4","Trait5","pKWmEB","PstI.TP850648","11","    5895","","0.3007","A"
"4","Trait5","pKWmEB","PstI.TP850878","11","    5896","","0.3966","G"
"4","Trait5","pKWmEB","PstI.TP850999","11","    5898","","0.2446","C"
"4","Trait5","pKWmEB","PstI.TP851114","11","    5901","","0.1548","A"
"4","Trait5","pKWmEB","PstI.TP851163","11","    5902","","0.0517","A"
"4","Trait5","pKWmEB","PstI.TP851203","11","    5903","","0.4060","A"
"4","Trait5","pKWmEB","PstI.TP851231","11","    5904","","1.0358","C"
"4","Trait5","pKWmEB","PstI.TP851537","11","    5907","","0.4418","C"
"4","Trait5","pKWmEB","PstI.TP851663","11","    5909","","0.0610","C"
"4","Trait5","pKWmEB","PstI.TP851709","11","    5910","","0.2549","A"
"4","Trait5","pKWmEB","PstI.TP852117","11","    5914","","0.4684","G"
"4","Trait5","pKWmEB","PstI.TP852125","11","    5915","","0.2384","C"
"4","Trait5","pKWmEB","PstI.TP852128","11","    5916","","0.1096","C"
"4","Trait5","pKWmEB","PstI.TP852471","11","    5918","","1.4751","C"
"4","Trait5","pKWmEB","PstI.TP852506","11","    5920","","0.2379","A"
"4","Trait5","pKWmEB","PstI.TP852593","11","    5921","","0.3078","C"
"4","Trait5","pKWmEB","PstI.TP852665","11","    5922","","1.3413","C"
"4","Trait5","pKWmEB","PstI.TP852688","11","    5923","","0.1153","C"
"4","Trait5","pKWmEB","PstI.TP852913","11","    5927","","1.4840","C"
"4","Trait5","pKWmEB","PstI.TP852935","11","    5928","","0.2676","A"
"4","Trait5","pKWmEB","PstI.TP852946","11","    5929","","2.5580","A"
"4","Trait5","pKWmEB","PstI.TP853033","11","    5930","","1.3510","C"
"4","Trait5","pKWmEB","PstI.TP853182","11","    5931","","0.1943","C"
"4","Trait5","pKWmEB","PstI.TP853184","11","    5932","","0.0305","C"
"4","Trait5","pKWmEB","PstI.TP853245","11","    5933","","0.9511","A"
"4","Trait5","pKWmEB","PstI.TP853400","11","    5934","","0.0731","A"
"4","Trait5","pKWmEB","PstI.TP853516","11","    5935","","0.7460","C"
"4","Trait5","pKWmEB","PstI.TP853569","11","    5936","","0.1665","A"
"4","Trait5","pKWmEB","PstI.TP853852","11","    5938","","0.0989","A"
"4","Trait5","pKWmEB","PstI.TP853956","11","    5940","","0.1808","A"
"4","Trait5","pKWmEB","PstI.TP854126","11","    5942","","0.0681","A"
"4","Trait5","pKWmEB","PstI.TP854157","11","    5943","","0.7312","A"
"4","Trait5","pKWmEB","PstI.TP854160","11","    5944","","0.6346","A"
"4","Trait5","pKWmEB","PstI.TP854186","11","    5945","","0.4193","C"
"4","Trait5","pKWmEB","PstI.TP854571","11","    5946","","0.0184","C"
"4","Trait5","pKWmEB","PstI.TP854592","11","    5947","","1.9375","C"
"4","Trait5","pKWmEB","PstI.TP854660","11","    5948","","0.7240","A"
"4","Trait5","pKWmEB","PstI.TP854774","11","    5949","","0.2927","C"
"4","Trait5","pKWmEB","PstI.TP854797","11","    5950","","0.3014","C"
"4","Trait5","pKWmEB","PstI.TP854917","11","    5951","","1.3360","A"
"4","Trait5","pKWmEB","PstI.TP854988","11","    5952","","1.2688","C"
"4","Trait5","pKWmEB","PstI.TP855156","11","    5953","","1.1004","C"
"4","Trait5","pKWmEB","PstI.TP855419","11","    5954","","0.4194","A"
"4","Trait5","pKWmEB","PstI.TP855509","11","    5956","","0.3983","A"
"4","Trait5","pKWmEB","PstI.TP855549","11","    5957","","0.0935","A"
"4","Trait5","pKWmEB","PstI.TP855559","11","    5958","","0.5591","C"
"4","Trait5","pKWmEB","PstI.TP855628","11","    5959","","0.9100","C"
"4","Trait5","pKWmEB","PstI.TP855643","11","    5960","","0.1437","A"
"4","Trait5","pKWmEB","PstI.TP855659","11","    5961","","0.1545","A"
"4","Trait5","pKWmEB","PstI.TP856013","11","    5962","","0.1390","C"
"4","Trait5","pKWmEB","PstI.TP856174","11","    5963","","0.7162","G"
"4","Trait5","pKWmEB","PstI.TP856388","11","    5964","","2.0393","C"
"4","Trait5","pKWmEB","PstI.TP856598","11","    5965","","0.7590","C"
"4","Trait5","pKWmEB","PstI.TP856692","11","    5966","","0.1554","C"
"4","Trait5","pKWmEB","PstI.TP856859","11","    5967","","0.3627","C"
"4","Trait5","pKWmEB","PstI.TP856910","11","    5968","","0.0670","A"
"4","Trait5","pKWmEB","PstI.TP856988","11","    5970","","0.0044","A"
"4","Trait5","pKWmEB","PstI.TP857012","11","    5971","","0.1981","A"
"4","Trait5","pKWmEB","PstI.TP857062","11","    5972","","0.1095","A"
"4","Trait5","pKWmEB","PstI.TP857256","11","    5973","","0.3165","C"
"4","Trait5","pKWmEB","PstI.TP857335","11","    5974","","1.3895","A"
"4","Trait5","pKWmEB","PstI.TP857413","11","    5975","","0.2167","C"
"4","Trait5","pKWmEB","PstI.TP857437","11","    5976","","0.5145","A"
"4","Trait5","pKWmEB","PstI.TP857842","11","    5977","","0.3114","A"
"4","Trait5","pKWmEB","PstI.TP858245","11","    5978","","0.1506","C"
"4","Trait5","pKWmEB","PstI.TP858463","11","    5979","","0.1298","A"
"4","Trait5","pKWmEB","PstI.TP858927","11","    5981","","0.1068","C"
"4","Trait5","pKWmEB","PstI.TP859115","11","    5983","","1.6217","C"
"4","Trait5","pKWmEB","PstI.TP859207","11","    5984","","0.1180","C"
"4","Trait5","pKWmEB","PstI.TP859276","11","    5985","","0.8154","G"
"4","Trait5","pKWmEB","PstI.TP859320","11","    5986","","0.5962","C"
"4","Trait5","pKWmEB","PstI.TP859565","11","    5990","","0.1482","A"
"4","Trait5","pKWmEB","PstI.TP859581","11","    5993","","0.5860","C"
"4","Trait5","pKWmEB","PstI.TP859893","11","    5996","","0.6881","A"
"4","Trait5","pKWmEB","PstI.TP860014","11","    5997","","0.4672","A"
"4","Trait5","pKWmEB","PstI.TP860210","11","    5999","","0.4401","A"
"4","Trait5","pKWmEB","PstI.TP860396","11","    6000","","1.6192","A"
"4","Trait5","pKWmEB","PstI.TP860633","11","    6001","","0.1289","A"
"4","Trait5","pKWmEB","PstI.TP860748","11","    6002","","0.9214","C"
"4","Trait5","pKWmEB","PstI.TP861309","11","    6003","","1.2967","A"
"4","Trait5","pKWmEB","PstI.TP861447","11","    6004","","0.2425","A"
"4","Trait5","pKWmEB","PstI.TP861526","11","    6005","","0.3169","A"
"4","Trait5","pKWmEB","PstI.TP861686","11","    6006","","0.4549","C"
"4","Trait5","pKWmEB","PstI.TP861818","11","    6007","","0.4636","C"
"4","Trait5","pKWmEB","PstI.TP862075","11","    6010","","0.3520","C"
"4","Trait5","pKWmEB","PstI.TP862299","11","    6013","","0.5742","C"
"4","Trait5","pKWmEB","PstI.TP862456","11","    6014","","0.1771","C"
"4","Trait5","pKWmEB","PstI.TP862541","11","    6015","","0.0626","G"
"4","Trait5","pKWmEB","PstI.TP862880","11","    6017","","0.1680","A"
"4","Trait5","pKWmEB","PstI.TP863093","11","    6018","","0.1699","C"
"4","Trait5","pKWmEB","PstI.TP863191","11","    6019","","1.6643","A"
"4","Trait5","pKWmEB","PstI.TP863269","11","    6020","","0.1261","A"
"4","Trait5","pKWmEB","PstI.TP863575","11","    6021","","0.5853","C"
"4","Trait5","pKWmEB","PstI.TP863638","11","    6022","","0.0771","A"
"4","Trait5","pKWmEB","PstI.TP863716","11","    6023","","0.1427","A"
"4","Trait5","pKWmEB","PstI.TP863905","11","    6024","","0.7208","C"
"4","Trait5","pKWmEB","PstI.TP863984","11","    6025","","0.9758","C"
"4","Trait5","pKWmEB","PstI.TP864233","11","    6026","","0.8811","C"
"4","Trait5","pKWmEB","PstI.TP864234","11","    6027","","0.7143","C"
"4","Trait5","pKWmEB","PstI.TP864322","11","    6028","","1.7327","A"
"4","Trait5","pKWmEB","PstI.TP864685","11","    6031","","0.3820","C"
"4","Trait5","pKWmEB","PstI.TP864689","11","    6032","","0.5133","C"
"4","Trait5","pKWmEB","PstI.TP864728","11","    6033","","0.3010","C"
"4","Trait5","pKWmEB","PstI.TP864877","11","    6034","","0.4264","G"
"4","Trait5","pKWmEB","PstI.TP865072","11","    6035","","0.1421","C"
"4","Trait5","pKWmEB","PstI.TP865416","11","    6037","","0.6220","A"
"4","Trait5","pKWmEB","PstI.TP865678","11","    6039","","0.1548","C"
"4","Trait5","pKWmEB","PstI.TP865711","11","    6040","","0.3300","A"
"4","Trait5","pKWmEB","PstI.TP865965","11","    6041","","0.0201","C"
"4","Trait5","pKWmEB","PstI.TP866461","11","    6042","","0.4120","A"
"4","Trait5","pKWmEB","PstI.TP866553","11","    6043","","0.4176","A"
"4","Trait5","pKWmEB","PstI.TP866769","11","    6044","","0.1826","A"
"4","Trait5","pKWmEB","PstI.TP866977","11","    6046","","0.0474","A"
"4","Trait5","pKWmEB","PstI.TP867080","11","    6047","","0.2477","A"
"4","Trait5","pKWmEB","PstI.TP867146","11","    6048","","1.6987","A"
"4","Trait5","pKWmEB","PstI.TP867186","11","    6049","","0.7635","A"
"4","Trait5","pKWmEB","PstI.TP867353","11","    6051","","0.2164","A"
"4","Trait5","pKWmEB","PstI.TP867532","11","    6052","","0.7080","A"
"4","Trait5","pKWmEB","PstI.TP867717","11","    6054","","0.0986","C"
"4","Trait5","pKWmEB","PstI.TP867778","11","    6055","","0.2924","A"
"4","Trait5","pKWmEB","PstI.TP867840","11","    6056","","0.1826","A"
"4","Trait5","pKWmEB","PstI.TP867855","11","    6057","","0.0301","A"
"4","Trait5","pKWmEB","PstI.TP868037","11","    6059","","0.4243","A"
"4","Trait5","pKWmEB","PstI.TP868524","11","    6061","","0.6166","C"
"4","Trait5","pKWmEB","PstI.TP868583","11","    6062","","0.0091","A"
"4","Trait5","pKWmEB","PstI.TP868771","11","    6063","","1.2625","A"
"4","Trait5","pKWmEB","PstI.TP868867","11","    6064","","0.0271","A"
"4","Trait5","pKWmEB","PstI.TP869036","11","    6066","","0.4169","C"
"4","Trait5","pKWmEB","PstI.TP869354","11","    6068","","1.3925","A"
"4","Trait5","pKWmEB","PstI.TP869572","11","    6069","","0.2943","C"
"4","Trait5","pKWmEB","PstI.TP869637","11","    6070","","0.2998","G"
"4","Trait5","pKWmEB","PstI.TP869751","11","    6071","","0.8181","C"
"4","Trait5","pKWmEB","PstI.TP869950","11","    6072","","0.4081","C"
"4","Trait5","pKWmEB","PstI.TP869964","11","    6073","","0.6702","A"
"4","Trait5","pKWmEB","PstI.TP870007","11","    6074","","0.1253","A"
"4","Trait5","pKWmEB","PstI.TP870049","11","    6075","","0.4461","A"
"4","Trait5","pKWmEB","PstI.TP870162","11","    6076","","0.1041","A"
"4","Trait5","pKWmEB","PstI.TP870173","11","    6077","","0.4246","A"
"4","Trait5","pKWmEB","PstI.TP870191","11","    6078","","0.0287","C"
"4","Trait5","pKWmEB","PstI.TP870317","11","    6079","","0.1548","A"
"4","Trait5","pKWmEB","PstI.TP870401","11","    6080","","0.0682","C"
"4","Trait5","pKWmEB","PstI.TP870479","11","    6081","","0.1156","C"
"4","Trait5","pKWmEB","PstI.TP870827","11","    6082","","0.1417","C"
"4","Trait5","pKWmEB","PstI.TP870837","11","    6083","","0.7337","C"
"4","Trait5","pKWmEB","PstI.TP871722","11","    6084","","0.3293","A"
"4","Trait5","pKWmEB","PstI.TP871820","11","    6085","","0.7491","C"
"4","Trait5","pKWmEB","PstI.TP871873","11","    6086","","0.3740","C"
"4","Trait5","pKWmEB","PstI.TP871892","11","    6087","","0.2992","A"
"4","Trait5","pKWmEB","PstI.TP872659","11","    6090","","0.4067","A"
"4","Trait5","pKWmEB","PstI.TP873116","11","    6091","","0.3122","A"
"4","Trait5","pKWmEB","PstI.TP873491","11","    6092","","0.5776","C"
"4","Trait5","pKWmEB","PstI.TP873674","11","    6093","","0.0595","A"
"4","Trait5","pKWmEB","PstI.TP873716","11","    6094","","0.7224","C"
"4","Trait5","pKWmEB","PstI.TP873850","11","    6095","","0.1872","A"
"4","Trait5","pKWmEB","PstI.TP873929","11","    6096","","0.0285","A"
"4","Trait5","pKWmEB","PstI.TP874115","11","    6097","","0.2719","C"
"4","Trait5","pKWmEB","PstI.TP874146","11","    6098","","0.6094","A"
"4","Trait5","pKWmEB","PstI.TP874248","11","    6099","","0.0730","A"
"4","Trait5","pKWmEB","PstI.TP874561","11","    6100","","0.1458","A"
"4","Trait5","pKWmEB","PstI.TP874708","11","    6103","","0.8955","A"
"4","Trait5","pKWmEB","PstI.TP875036","11","    6105","","1.2450","A"
"4","Trait5","pKWmEB","PstI.TP875292","11","    6106","","0.2571","A"
"4","Trait5","pKWmEB","PstI.TP875443","11","    6107","","0.5956","C"
"4","Trait5","pKWmEB","PstI.TP875447","11","    6108","","0.0271","G"
"4","Trait5","pKWmEB","PstI.TP875529","11","    6110","","0.0685","A"
"4","Trait5","pKWmEB","PstI.TP876037","11","    6111","","0.0242","C"
"4","Trait5","pKWmEB","PstI.TP876293","11","    6112","","1.6582","A"
"4","Trait5","pKWmEB","PstI.TP876310","11","    6113","","0.5774","A"
"4","Trait5","pKWmEB","PstI.TP876330","11","    6114","","0.3628","C"
"4","Trait5","pKWmEB","PstI.TP876478","11","    6115","","0.2937","A"
"4","Trait5","pKWmEB","PstI.TP876864","11","    6117","","0.1184","A"
"4","Trait5","pKWmEB","PstI.TP876877","11","    6118","","2.1381","A"
"4","Trait5","pKWmEB","PstI.TP877080","11","    6119","","0.1808","C"
"4","Trait5","pKWmEB","PstI.TP877093","11","    6120","","0.0966","A"
"4","Trait5","pKWmEB","PstI.TP877370","11","    6121","","0.7475","C"
"4","Trait5","pKWmEB","PstI.TP877509","11","    6123","","0.1598","C"
"4","Trait5","pKWmEB","PstI.TP877747","11","    6124","","0.0744","A"
"4","Trait5","pKWmEB","PstI.TP878425","11","    6126","","1.0591","A"
"4","Trait5","pKWmEB","PstI.TP878433","11","    6127","","0.0671","C"
"4","Trait5","pKWmEB","PstI.TP878450","11","    6128","","0.0095","G"
"4","Trait5","pKWmEB","PstI.TP878500","11","    6129","","0.0656","G"
"4","Trait5","pKWmEB","PstI.TP878542","11","    6131","","0.1155","A"
"4","Trait5","pKWmEB","PstI.TP878715","11","    6132","","0.1390","G"
"4","Trait5","pKWmEB","PstI.TP878834","11","    6134","","0.0466","C"
"4","Trait5","pKWmEB","PstI.TP878858","11","    6135","","0.4935","C"
"4","Trait5","pKWmEB","PstI.TP878996","11","    6136","","0.3342","C"
"4","Trait5","pKWmEB","PstI.TP879201","11","    6139","","0.2682","C"
"4","Trait5","pKWmEB","PstI.TP879569","11","    6140","","0.2803","G"
"4","Trait5","pKWmEB","PstI.TP879718","11","    6142","","0.2491","C"
"4","Trait5","pKWmEB","PstI.TP879786","11","    6143","","0.9311","C"
"4","Trait5","pKWmEB","PstI.TP879976","11","    6144","","0.1874","C"
"4","Trait5","pKWmEB","PstI.TP880208","11","    6145","","0.4122","G"
"4","Trait5","pKWmEB","PstI.TP880258","11","    6146","","0.4373","C"
"4","Trait5","pKWmEB","PstI.TP880487","11","    6147","","0.7864","A"
"4","Trait5","pKWmEB","PstI.TP880653","11","    6148","","0.7872","C"
"4","Trait5","pKWmEB","PstI.TP880858","11","    6149","","0.3249","A"
"4","Trait5","pKWmEB","PstI.TP881000","11","    6150","","0.5247","A"
"4","Trait5","pKWmEB","PstI.TP881282","11","    6152","","0.2667","C"
"4","Trait5","pKWmEB","PstI.TP881453","11","    6153","","2.3013","C"
"4","Trait5","pKWmEB","PstI.TP881678","11","    6154","","0.3410","A"
"4","Trait5","pKWmEB","PstI.TP881695","11","    6155","","0.5498","A"
"4","Trait5","pKWmEB","PstI.TP881941","11","    6157","","0.6526","A"
"4","Trait5","pKWmEB","PstI.TP881948","11","    6158","","0.2165","A"
"4","Trait5","pKWmEB","PstI.TP882016","11","    6159","","0.1908","G"
"4","Trait5","pKWmEB","PstI.TP882172","11","    6160","","1.1227","A"
"4","Trait5","pKWmEB","PstI.TP882240","11","    6161","","0.1105","C"
"4","Trait5","pKWmEB","PstI.TP882541","11","    6163","","0.4800","A"
"4","Trait5","pKWmEB","PstI.TP882802","11","    6164","","1.3938","A"
"4","Trait5","pKWmEB","PstI.TP883374","11","    6166","","2.5040","C"
"4","Trait5","pKWmEB","PstI.TP883382","11","    6167","","0.0134","A"
"4","Trait5","pKWmEB","PstI.TP883421","11","    6168","","0.7350","C"
"4","Trait5","pKWmEB","PstI.TP883439","11","    6169","","0.0876","C"
"4","Trait5","pKWmEB","PstI.TP883745","11","    6171","","0.4886","C"
"4","Trait5","pKWmEB","PstI.TP883809","11","    6172","","0.1209","C"
"4","Trait5","pKWmEB","PstI.TP883908","11","    6173","","0.0061","A"
"4","Trait5","pKWmEB","PstI.TP884105","11","    6176","","0.8560","G"
"4","Trait5","pKWmEB","PstI.TP884326","11","    6177","","0.2968","C"
"4","Trait5","pKWmEB","PstI.TP884591","11","    6179","","0.0293","A"
"4","Trait5","pKWmEB","PstI.TP884634","11","    6180","","0.3492","A"
"4","Trait5","pKWmEB","PstI.TP884717","11","    6182","","0.3092","C"
"4","Trait5","pKWmEB","PstI.TP884826","11","    6183","","0.7376","A"
"4","Trait5","pKWmEB","PstI.TP884962","11","    6184","","0.2737","G"
"4","Trait5","pKWmEB","PstI.TP885027","11","    6185","","0.8013","A"
"4","Trait5","pKWmEB","PstI.TP885120","11","    6187","","0.4315","C"
"4","Trait5","pKWmEB","PstI.TP885164","11","    6188","","0.0220","C"
"4","Trait5","pKWmEB","PstI.TP885747","11","    6189","","0.5904","A"
"4","Trait5","pKWmEB","PstI.TP885854","11","    6190","","1.0785","C"
"4","Trait5","pKWmEB","PstI.TP886053","11","    6191","","0.3393","C"
"4","Trait5","pKWmEB","PstI.TP886077","11","    6192","","0.7188","A"
"4","Trait5","pKWmEB","PstI.TP886185","11","    6193","","0.1389","C"
"4","Trait5","pKWmEB","PstI.TP886258","11","    6194","","0.2128","A"
"4","Trait5","pKWmEB","PstI.TP886436","11","    6196","","0.2667","A"
"4","Trait5","pKWmEB","PstI.TP886545","11","    6197","","0.3677","A"
"4","Trait5","pKWmEB","PstI.TP886557","11","    6198","","0.0688","C"
"4","Trait5","pKWmEB","PstI.TP886677","11","    6199","","0.1158","A"
"4","Trait5","pKWmEB","PstI.TP886907","11","    6200","","0.6600","C"
"4","Trait5","pKWmEB","PstI.TP887025","11","    6201","","0.1573","A"
"4","Trait5","pKWmEB","PstI.TP887325","11","    6202","","0.1510","C"
"4","Trait5","pKWmEB","PstI.TP887622","11","    6203","","0.7289","C"
"4","Trait5","pKWmEB","PstI.TP887648","11","    6204","","0.1525","A"
"4","Trait5","pKWmEB","PstI.TP887664","11","    6205","","0.4243","G"
"4","Trait5","pKWmEB","PstI.TP887760","11","    6207","","0.1702","C"
"4","Trait5","pKWmEB","PstI.TP888077","11","    6208","","1.6010","A"
"4","Trait5","pKWmEB","PstI.TP888098","11","    6209","","0.1907","A"
"4","Trait5","pKWmEB","PstI.TP888254","11","    6211","","0.1118","A"
"4","Trait5","pKWmEB","PstI.TP888861","11","    6214","","2.0763","C"
"4","Trait5","pKWmEB","PstI.TP889563","11","    6217","","0.5450","G"
"4","Trait5","pKWmEB","PstI.TP889703","11","    6218","","0.1575","G"
"4","Trait5","pKWmEB","PstI.TP889836","11","    6219","","0.4827","A"
"4","Trait5","pKWmEB","PstI.TP890020","11","    6220","","0.0865","A"
"4","Trait5","pKWmEB","PstI.TP890950","11","    6221","","0.3942","C"
"4","Trait5","pKWmEB","PstI.TP891433","11","    6223","","1.1723","A"
"4","Trait5","pKWmEB","PstI.TP891608","11","    6224","","0.2133","C"
"4","Trait5","pKWmEB","PstI.TP891613","11","    6225","","0.0952","A"
"4","Trait5","pKWmEB","PstI.TP892116","11","    6226","","0.7697","A"
"4","Trait5","pKWmEB","PstI.TP892152","11","    6227","","0.1521","C"
"4","Trait5","pKWmEB","PstI.TP892799","11","    6229","","0.6126","C"
"4","Trait5","pKWmEB","PstI.TP892979","11","    6230","","0.7977","C"
"4","Trait5","pKWmEB","PstI.TP893141","11","    6231","","0.3197","C"
"4","Trait5","pKWmEB","PstI.TP893273","11","    6232","","0.4030","C"
"4","Trait5","pKWmEB","PstI.TP893595","11","    6233","","0.0179","C"
"4","Trait5","pKWmEB","PstI.TP893602","11","    6234","","0.2613","A"
"4","Trait5","pKWmEB","PstI.TP894331","11","    6236","","0.2503","G"
"4","Trait5","pKWmEB","PstI.TP894630","11","    6237","","1.0005","C"
"4","Trait5","pKWmEB","PstI.TP894843","11","    6239","","0.3407","G"
"4","Trait5","pKWmEB","PstI.TP895071","11","    6241","","1.3561","C"
"4","Trait5","pKWmEB","PstI.TP895079","11","    6242","","0.1547","G"
"4","Trait5","pKWmEB","PstI.TP895159","11","    6243","","0.5902","C"
"4","Trait5","pKWmEB","PstI.TP895335","11","    6245","","1.5352","A"
"4","Trait5","pKWmEB","PstI.TP895422","11","    6247","","1.3416","A"
"4","Trait5","pKWmEB","PstI.TP895461","11","    6248","","1.6031","A"
"4","Trait5","pKWmEB","PstI.TP896264","11","    6249","","0.0147","G"
"4","Trait5","pKWmEB","PstI.TP896600","11","    6250","","0.2649","G"
"4","Trait5","pKWmEB","PstI.TP896832","11","    6251","","0.5209","A"
"4","Trait5","pKWmEB","PstI.TP896950","11","    6252","","0.0191","C"
"4","Trait5","pKWmEB","PstI.TP897101","11","    6253","","0.5909","A"
"4","Trait5","pKWmEB","PstI.TP897332","11","    6254","","0.4257","G"
"4","Trait5","pKWmEB","PstI.TP897375","11","    6255","","0.7723","A"
"4","Trait5","pKWmEB","PstI.TP897604","11","    6256","","0.0304","A"
"4","Trait5","pKWmEB","PstI.TP898033","11","    6259","","0.0683","A"
"4","Trait5","pKWmEB","PstI.TP898114","11","    6260","","0.1951","G"
"4","Trait5","pKWmEB","PstI.TP898366","11","    6261","","0.2549","A"
"4","Trait5","pKWmEB","PstI.TP898428","11","    6262","","0.0132","C"
"4","Trait5","pKWmEB","PstI.TP898582","11","    6263","","0.7080","C"
"4","Trait5","pKWmEB","PstI.TP898705","11","    6264","","0.1448","G"
"4","Trait5","pKWmEB","PstI.TP898747","11","    6265","","0.1808","C"
"4","Trait5","pKWmEB","PstI.TP898766","11","    6266","","0.2139","C"
"4","Trait5","pKWmEB","PstI.TP898796","11","    6267","","0.3052","C"
"4","Trait5","pKWmEB","PstI.TP898944","11","    6268","","0.3105","A"
"4","Trait5","pKWmEB","PstI.TP899120","11","    6269","","0.2013","C"
"4","Trait5","pKWmEB","PstI.TP899123","11","    6270","","0.7121","A"
"4","Trait5","pKWmEB","PstI.TP899214","11","    6271","","0.0378","C"
"4","Trait5","pKWmEB","PstI.TP900092","11","    6273","","0.0055","G"
"4","Trait5","pKWmEB","PstI.TP900167","11","    6274","","0.4109","G"
"4","Trait5","pKWmEB","PstI.TP900230","11","    6275","","0.1291","C"
"4","Trait5","pKWmEB","PstI.TP901091","11","    6276","","0.0381","A"
"4","Trait5","pKWmEB","PstI.TP901740","11","    6278","","0.3460","C"
"4","Trait5","pKWmEB","PstI.TP901895","11","    6279","","0.5041","A"
"4","Trait5","pKWmEB","PstI.TP901979","11","    6280","","1.3449","C"
"4","Trait5","pKWmEB","PstI.TP901984","11","    6281","","0.2549","C"
"4","Trait5","pKWmEB","PstI.TP902107","11","    6284","","0.5760","C"
"4","Trait5","pKWmEB","PstI.TP902242","11","    6285","","0.3931","A"
"4","Trait5","pKWmEB","PstI.TP902300","11","    6286","","0.6981","C"
"4","Trait5","pKWmEB","PstI.TP902444","11","    6287","","0.7095","C"
"4","Trait5","pKWmEB","PstI.TP902470","11","    6288","","0.5619","A"
"4","Trait5","pKWmEB","PstI.TP902502","11","    6289","","2.6016","C"
"4","Trait5","pKWmEB","PstI.TP902674","11","    6291","","0.2998","A"
"4","Trait5","pKWmEB","PstI.TP903161","11","    6295","","0.9784","A"
"4","Trait5","pKWmEB","PstI.TP903169","11","    6296","","0.4215","A"
"4","Trait5","pKWmEB","PstI.TP903284","11","    6298","","0.0749","A"
"4","Trait5","pKWmEB","PstI.TP903635","11","    6300","","0.8216","C"
"4","Trait5","pKWmEB","PstI.TP903713","11","    6301","","0.6403","A"
"4","Trait5","pKWmEB","PstI.TP903828","11","    6302","","0.5481","G"
"4","Trait5","pKWmEB","PstI.TP904124","11","    6303","","0.3736","C"
"4","Trait5","pKWmEB","PstI.TP904371","11","    6304","","0.0520","A"
"4","Trait5","pKWmEB","PstI.TP904509","11","    6305","","0.0577","A"
"4","Trait5","pKWmEB","PstI.TP904576","11","    6306","","0.5699","C"
"4","Trait5","pKWmEB","PstI.TP904728","11","    6307","","0.0727","C"
"4","Trait5","pKWmEB","PstI.TP904730","11","    6308","","0.2627","C"
"4","Trait5","pKWmEB","PstI.TP904739","11","    6309","","0.9078","C"
"4","Trait5","pKWmEB","PstI.TP904740","11","    6310","","0.6146","C"
"4","Trait5","pKWmEB","PstI.TP904786","11","    6311","","0.1622","A"
"4","Trait5","pKWmEB","PstI.TP905000","11","    6312","","0.1098","C"
"4","Trait5","pKWmEB","PstI.TP905427","11","    6314","","0.0885","A"
"4","Trait5","pKWmEB","PstI.TP905563","11","    6315","","0.7408","C"
"4","Trait5","pKWmEB","PstI.TP905683","11","    6316","","0.1207","A"
"4","Trait5","pKWmEB","PstI.TP905996","11","    6318","","0.4156","G"
"4","Trait5","pKWmEB","PstI.TP906016","11","    6319","","1.5612","A"
"4","Trait5","pKWmEB","PstI.TP906049","11","    6320","","0.1377","A"
"4","Trait5","pKWmEB","PstI.TP906089","11","    6322","","0.1962","A"
"4","Trait5","pKWmEB","PstI.TP906105","11","    6323","","0.2715","C"
"4","Trait5","pKWmEB","PstI.TP906541","11","    6324","","0.4435","A"
"4","Trait5","pKWmEB","PstI.TP906573","11","    6325","","0.0545","A"
"4","Trait5","pKWmEB","PstI.TP906714","11","    6326","","1.3706","C"
"4","Trait5","pKWmEB","PstI.TP906905","11","    6327","","0.4590","G"
"4","Trait5","pKWmEB","PstI.TP906993","11","    6329","","0.0107","A"
"4","Trait5","pKWmEB","PstI.TP907331","11","    6330","","0.1400","C"
"4","Trait5","pKWmEB","PstI.TP907530","11","    6331","","0.0318","C"
"4","Trait5","pKWmEB","PstI.TP907766","11","    6332","","0.9620","C"
"4","Trait5","pKWmEB","PstI.TP907938","11","    6333","","0.9802","G"
"4","Trait5","pKWmEB","PstI.TP907949","11","    6334","","0.2576","C"
"4","Trait5","pKWmEB","PstI.TP907970","11","    6335","","0.3827","C"
"4","Trait5","pKWmEB","PstI.TP907985","11","    6336","","0.6776","A"
"4","Trait5","pKWmEB","PstI.TP908061","11","    6337","","0.0129","A"
"4","Trait5","pKWmEB","PstI.TP908064","11","    6338","","1.4506","G"
"4","Trait5","pKWmEB","PstI.TP908127","11","    6339","","0.0268","A"
"4","Trait5","pKWmEB","PstI.TP908149","11","    6340","","2.3310","A"
"4","Trait5","pKWmEB","PstI.TP908187","11","    6341","","1.3340","C"
"4","Trait5","pKWmEB","PstI.TP908218","11","    6342","","0.6012","A"
"4","Trait5","pKWmEB","PstI.TP908981","11","    6345","","1.0118","A"
"4","Trait5","pKWmEB","PstI.TP908983","11","    6346","","0.1093","C"
"4","Trait5","pKWmEB","PstI.TP909123","11","    6347","","0.0575","C"
"4","Trait5","pKWmEB","PstI.TP909180","11","    6348","","1.3243","A"
"4","Trait5","pKWmEB","PstI.TP909463","11","    6351","","0.3719","A"
"4","Trait5","pKWmEB","PstI.TP909576","11","    6352","","0.8427","G"
"4","Trait5","pKWmEB","PstI.TP910161","11","    6355","","0.4727","G"
"4","Trait5","pKWmEB","PstI.TP910221","11","    6356","","1.1416","A"
"4","Trait5","pKWmEB","PstI.TP910534","11","    6357","","0.0817","A"
"4","Trait5","pKWmEB","PstI.TP910585","11","    6358","","0.1109","C"
"4","Trait5","pKWmEB","PstI.TP910616","11","    6359","","0.1963","A"
"4","Trait5","pKWmEB","PstI.TP910813","11","    6360","","0.1924","C"
"4","Trait5","pKWmEB","PstI.TP911654","11","    6361","","0.0725","C"
"4","Trait5","pKWmEB","PstI.TP911805","11","    6362","","1.1702","C"
"4","Trait5","pKWmEB","PstI.TP911810","11","    6363","","0.0089","G"
"4","Trait5","pKWmEB","PstI.TP911878","11","    6364","","1.0695","C"
"4","Trait5","pKWmEB","PstI.TP911949","11","    6365","","0.4432","A"
"4","Trait5","pKWmEB","PstI.TP912081","11","    6366","","0.2345","A"
"4","Trait5","pKWmEB","PstI.TP912107","11","    6367","","0.0549","C"
"4","Trait5","pKWmEB","PstI.TP912135","11","    6368","","1.0096","C"
"4","Trait5","pKWmEB","PstI.TP912551","11","    6370","","0.2994","C"
"4","Trait5","pKWmEB","PstI.TP912560","11","    6371","","0.1674","A"
"4","Trait5","pKWmEB","PstI.TP912578","11","    6372","","0.3573","A"
"4","Trait5","pKWmEB","PstI.TP912708","11","    6373","","0.9636","A"
"4","Trait5","pKWmEB","PstI.TP912729","11","    6374","","0.2106","A"
"4","Trait5","pKWmEB","PstI.TP912861","11","    6375","","0.4815","G"
"4","Trait5","pKWmEB","PstI.TP913114","11","    6376","","0.0037","A"
"4","Trait5","pKWmEB","PstI.TP913158","11","    6378","","1.5783","A"
"4","Trait5","pKWmEB","PstI.TP913169","11","    6379","","1.5546","C"
"4","Trait5","pKWmEB","PstI.TP913711","11","    6381","","0.0110","A"
"4","Trait5","pKWmEB","PstI.TP913847","11","    6382","","0.0951","C"
"4","Trait5","pKWmEB","PstI.TP913978","11","    6383","","0.3461","G"
"4","Trait5","pKWmEB","PstI.TP914241","11","    6384","","0.2114","A"
"4","Trait5","pKWmEB","PstI.TP914596","11","    6387","","0.0119","A"
"4","Trait5","pKWmEB","PstI.TP914774","11","    6388","","0.0933","A"
"4","Trait5","pKWmEB","PstI.TP914914","11","    6389","","0.0811","A"
"4","Trait5","pKWmEB","PstI.TP915068","11","    6390","","1.1784","A"
"4","Trait5","pKWmEB","PstI.TP915084","11","    6391","","0.2348","A"
"4","Trait5","pKWmEB","PstI.TP915106","11","    6392","","0.3696","G"
"4","Trait5","pKWmEB","PstI.TP915198","11","    6393","","0.2860","A"
"4","Trait5","pKWmEB","PstI.TP915238","11","    6394","","0.8921","C"
"4","Trait5","pKWmEB","PstI.TP915405","11","    6395","","0.2737","A"
"4","Trait5","pKWmEB","PstI.TP915441","11","    6396","","0.8360","A"
"4","Trait5","pKWmEB","PstI.TP915531","11","    6397","","0.1064","G"
"4","Trait5","pKWmEB","PstI.TP915538","11","    6398","","0.2605","A"
"4","Trait5","pKWmEB","PstI.TP915608","11","    6399","","0.6226","A"
"4","Trait5","pKWmEB","PstI.TP915698","11","    6400","","0.9630","A"
"4","Trait5","pKWmEB","PstI.TP915962","11","    6401","","0.9442","A"
"4","Trait5","pKWmEB","PstI.TP916242","11","    6402","","0.3322","A"
"4","Trait5","pKWmEB","PstI.TP916472","11","    6403","","0.5848","A"
"4","Trait5","pKWmEB","PstI.TP916576","11","    6404","","1.0719","G"
"4","Trait5","pKWmEB","PstI.TP916669","11","    6405","","0.1327","A"
"4","Trait5","pKWmEB","PstI.TP916727","11","    6406","","0.3086","C"
"4","Trait5","pKWmEB","PstI.TP916844","11","    6407","","0.1582","G"
"4","Trait5","pKWmEB","PstI.TP916930","11","    6408","","0.9004","G"
"4","Trait5","pKWmEB","PstI.TP916996","11","    6409","","0.9730","C"
"4","Trait5","pKWmEB","PstI.TP917018","11","    6410","","0.0998","G"
"4","Trait5","pKWmEB","PstI.TP917385","11","    6411","","0.4707","A"
"4","Trait5","pKWmEB","PstI.TP917420","11","    6412","","0.2994","C"
"4","Trait5","pKWmEB","PstI.TP917602","11","    6413","","0.9667","A"
"4","Trait5","pKWmEB","PstI.TP918154","11","    6414","","0.1058","A"
"4","Trait5","pKWmEB","PstI.TP918163","11","    6415","","0.2906","C"
"4","Trait5","pKWmEB","PstI.TP918254","11","    6416","","0.7614","C"
"4","Trait5","pKWmEB","PstI.TP918390","11","    6417","","1.6667","G"
"4","Trait5","pKWmEB","PstI.TP918424","11","    6418","","1.3813","A"
"4","Trait5","pKWmEB","PstI.TP918652","11","    6419","","0.5638","A"
"4","Trait5","pKWmEB","PstI.TP918657","11","    6420","","0.4329","G"
"4","Trait5","pKWmEB","PstI.TP918869","11","    6421","","0.1153","A"
"4","Trait5","pKWmEB","PstI.TP918913","11","    6422","","0.4355","C"
"4","Trait5","pKWmEB","PstI.TP918944","11","    6423","","0.0784","C"
"4","Trait5","pKWmEB","PstI.TP919407","11","    6426","","0.0066","C"
"4","Trait5","pKWmEB","PstI.TP919581","11","    6429","","0.1951","A"
"4","Trait5","pKWmEB","PstI.TP919595","11","    6430","","1.0332","A"
"4","Trait5","pKWmEB","PstI.TP919648","11","    6431","","0.2800","C"
"4","Trait5","pKWmEB","PstI.TP920301","11","    6432","","0.1066","A"
"4","Trait5","pKWmEB","PstI.TP920762","11","    6433","","0.8336","A"
"4","Trait5","pKWmEB","PstI.TP920773","11","    6434","","0.8134","C"
"4","Trait5","pKWmEB","PstI.TP920824","11","    6435","","0.3986","C"
"4","Trait5","pKWmEB","PstI.TP920856","11","    6436","","0.3945","G"
"4","Trait5","pKWmEB","PstI.TP920857","11","    6437","","0.0684","A"
"4","Trait5","pKWmEB","PstI.TP920939","11","    6438","","0.4990","G"
"4","Trait5","pKWmEB","PstI.TP920980","11","    6439","","0.7015","A"
"4","Trait5","pKWmEB","PstI.TP921033","11","    6440","","0.9493","A"
"4","Trait5","pKWmEB","PstI.TP921635","11","    6441","","0.9469","A"
"4","Trait5","pKWmEB","PstI.TP921749","11","    6443","","0.2638","G"
"4","Trait5","pKWmEB","PstI.TP921767","11","    6444","","0.0584","C"
"4","Trait5","pKWmEB","PstI.TP921900","11","    6445","","0.0331","A"
"4","Trait5","pKWmEB","PstI.TP922050","11","    6446","","0.6723","C"
"4","Trait5","pKWmEB","PstI.TP922102","11","    6447","","0.4262","A"
"4","Trait5","pKWmEB","PstI.TP922498","11","    6450","","0.1455","C"
"4","Trait5","pKWmEB","PstI.TP922501","11","    6451","","0.2323","C"
"4","Trait5","pKWmEB","PstI.TP922546","11","    6452","","0.1144","A"
"4","Trait5","pKWmEB","PstI.TP922622","11","    6453","","0.0228","C"
"4","Trait5","pKWmEB","PstI.TP922645","11","    6454","","1.1734","A"
"4","Trait5","pKWmEB","PstI.TP922902","11","    6455","","1.2884","C"
"4","Trait5","pKWmEB","PstI.TP922904","11","    6456","","1.0114","A"
"4","Trait5","pKWmEB","PstI.TP923013","11","    6457","","1.8522","A"
"4","Trait5","pKWmEB","PstI.TP923325","11","    6459","","0.1158","A"
"4","Trait5","pKWmEB","PstI.TP923610","11","    6464","","1.5395","C"
"4","Trait5","pKWmEB","PstI.TP923687","11","    6465","","0.6878","C"
"4","Trait5","pKWmEB","PstI.TP923694","11","    6466","","0.2348","A"
"4","Trait5","pKWmEB","PstI.TP923806","11","    6467","","0.0061","C"
"4","Trait5","pKWmEB","PstI.TP924038","11","    6468","","0.0246","G"
"4","Trait5","pKWmEB","PstI.TP924162","11","    6469","","0.2024","C"
"4","Trait5","pKWmEB","PstI.TP924394","11","    6470","","1.3570","A"
"4","Trait5","pKWmEB","PstI.TP924625","11","    6473","","0.0151","A"
"4","Trait5","pKWmEB","PstI.TP924933","11","    6475","","0.6767","G"
"4","Trait5","pKWmEB","PstI.TP925340","11","    6479","","1.0747","A"
"4","Trait5","pKWmEB","PstI.TP925484","11","    6480","","0.0768","C"
"4","Trait5","pKWmEB","PstI.TP925502","11","    6481","","0.7297","A"
"4","Trait5","pKWmEB","PstI.TP925849","11","    6482","","0.9177","C"
"4","Trait5","pKWmEB","PstI.TP926038","11","    6484","","0.8413","C"
"4","Trait5","pKWmEB","PstI.TP926161","11","    6485","","0.0352","A"
"4","Trait5","pKWmEB","PstI.TP926621","11","    6486","","1.2626","G"
"4","Trait5","pKWmEB","PstI.TP926680","11","    6487","","1.6153","G"
"4","Trait5","pKWmEB","PstI.TP926722","11","    6488","","0.4380","C"
"4","Trait5","pKWmEB","PstI.TP927088","11","    6489","","0.7980","C"
"4","Trait5","pKWmEB","PstI.TP927154","11","    6490","","0.6047","A"
"4","Trait5","pKWmEB","PstI.TP927272","11","    6491","","0.5257","A"
"4","Trait5","pKWmEB","PstI.TP927867","11","    6492","","0.6584","A"
"4","Trait5","pKWmEB","PstI.TP928020","11","    6494","","0.2573","C"
"4","Trait5","pKWmEB","PstI.TP928028","11","    6495","","1.0565","A"
"4","Trait5","pKWmEB","PstI.TP928131","11","    6496","","0.1713","A"
"4","Trait5","pKWmEB","PstI.TP928877","11","    6497","","0.7815","A"
"4","Trait5","pKWmEB","PstI.TP928960","11","    6498","","1.4094","C"
"4","Trait5","pKWmEB","PstI.TP928995","11","    6499","","0.2110","A"
"4","Trait5","pKWmEB","PstI.TP929049","11","    6500","","0.4745","A"
"4","Trait5","pKWmEB","PstI.TP929069","11","    6501","","1.1478","A"
"4","Trait5","pKWmEB","PstI.TP929213","11","    6503","","0.2944","A"
"4","Trait5","pKWmEB","PstI.TP929345","11","    6504","","0.2714","C"
"4","Trait5","pKWmEB","PstI.TP929366","11","    6505","","0.2449","A"
"4","Trait5","pKWmEB","PstI.TP929592","11","    6506","","0.0282","G"
"4","Trait5","pKWmEB","PstI.TP930028","11","    6509","","0.2350","G"
"4","Trait5","pKWmEB","PstI.TP930121","11","    6510","","0.3658","A"
"4","Trait5","pKWmEB","PstI.TP930445","11","    6511","","0.0279","A"
"4","Trait5","pKWmEB","PstI.TP930450","11","    6512","","0.8795","C"
"4","Trait5","pKWmEB","PstI.TP931258","11","    6516","","0.1258","A"
"4","Trait5","pKWmEB","PstI.TP931579","11","    6517","","0.1356","A"
"4","Trait5","pKWmEB","PstI.TP931592","11","    6518","","0.3537","C"
"4","Trait5","pKWmEB","PstI.TP931874","11","    6520","","0.0324","C"
"4","Trait5","pKWmEB","PstI.TP932081","11","    6521","","0.4403","A"
"4","Trait5","pKWmEB","PstI.TP932117","11","    6522","","0.7758","C"
"4","Trait5","pKWmEB","PstI.TP932175","11","    6523","","0.2003","C"
"4","Trait5","pKWmEB","PstI.TP932230","11","    6524","","0.2685","C"
"4","Trait5","pKWmEB","PstI.TP932361","11","    6525","","0.3285","A"
"4","Trait5","pKWmEB","PstI.TP932367","11","    6526","","1.1302","G"
"4","Trait5","pKWmEB","PstI.TP932689","11","    6527","","0.3863","C"
"4","Trait5","pKWmEB","PstI.TP932850","11","    6532","","0.2302","A"
"4","Trait5","pKWmEB","PstI.TP933142","11","    6533","","1.3978","A"
"4","Trait5","pKWmEB","PstI.TP933502","11","    6534","","1.2916","A"
"4","Trait5","pKWmEB","PstI.TP933579","11","    6536","","0.9331","C"
"4","Trait5","pKWmEB","PstI.TP933695","11","    6537","","0.0133","C"
"4","Trait5","pKWmEB","PstI.TP934024","11","    6539","","0.2775","C"
"4","Trait5","pKWmEB","PstI.TP934147","11","    6541","","1.7417","A"
"4","Trait5","pKWmEB","PstI.TP934503","11","    6542","","0.1397","A"
"4","Trait5","pKWmEB","PstI.TP934504","11","    6543","","0.1874","A"
"4","Trait5","pKWmEB","PstI.TP934590","11","    6544","","0.3465","A"
"4","Trait5","pKWmEB","PstI.TP934670","11","    6545","","2.8066","C"
"4","Trait5","pKWmEB","PstI.TP934998","11","    6547","","0.5643","C"
"4","Trait5","pKWmEB","PstI.TP935398","11","    6548","","0.0210","A"
"4","Trait5","pKWmEB","PstI.TP936135","11","    6549","","0.1294","C"
"4","Trait5","pKWmEB","PstI.TP936322","11","    6550","","0.0379","C"
"4","Trait5","pKWmEB","PstI.TP936448","11","    6552","","0.4038","A"
"4","Trait5","pKWmEB","PstI.TP936449","11","    6553","","0.5119","G"
"4","Trait5","pKWmEB","PstI.TP936513","11","    6554","","0.9054","A"
"4","Trait5","pKWmEB","PstI.TP936824","11","    6555","","1.0017","C"
"4","Trait5","pKWmEB","PstI.TP937213","11","    6556","","0.1280","A"
"4","Trait5","pKWmEB","PstI.TP937352","11","    6557","","0.1259","C"
"4","Trait5","pKWmEB","PstI.TP937371","11","    6558","","0.9177","G"
"4","Trait5","pKWmEB","PstI.TP937446","11","    6559","","0.2940","C"
"4","Trait5","pKWmEB","PstI.TP937647","11","    6560","","0.0177","C"
"4","Trait5","pKWmEB","PstI.TP937847","11","    6561","","0.2111","G"
"4","Trait5","pKWmEB","PstI.TP938416","11","    6563","","0.8425","C"
"4","Trait5","pKWmEB","PstI.TP938691","11","    6564","","0.1177","A"
"4","Trait5","pKWmEB","PstI.TP938965","11","    6565","","0.3865","C"
"4","Trait5","pKWmEB","PstI.TP939079","11","    6566","","0.0853","A"
"4","Trait5","pKWmEB","PstI.TP939178","11","    6567","","0.2718","C"
"4","Trait5","pKWmEB","PstI.TP939194","11","    6568","","0.4614","C"
"4","Trait5","pKWmEB","PstI.TP939292","11","    6569","","0.4789","A"
"4","Trait5","pKWmEB","PstI.TP939360","11","    6570","","0.5565","A"
"4","Trait5","pKWmEB","PstI.TP939402","11","    6571","","0.9928","A"
"4","Trait5","pKWmEB","PstI.TP939504","11","    6572","","1.1647","A"
"4","Trait5","pKWmEB","PstI.TP939600","11","    6573","","0.2192","A"
"4","Trait5","pKWmEB","PstI.TP939773","11","    6574","","0.0940","C"
"4","Trait5","pKWmEB","PstI.TP939825","11","    6575","","0.0764","A"
"4","Trait5","pKWmEB","PstI.TP940057","11","    6577","","0.3017","A"
"4","Trait5","pKWmEB","PstI.TP940219","11","    6578","","0.4240","C"
"4","Trait5","pKWmEB","PstI.TP940243","11","    6579","","0.0248","C"
"4","Trait5","pKWmEB","PstI.TP940344","11","    6581","","0.7371","A"
"4","Trait5","pKWmEB","PstI.TP940609","11","    6582","","0.2261","C"
"4","Trait5","pKWmEB","PstI.TP940660","11","    6583","","1.0155","A"
"4","Trait5","pKWmEB","PstI.TP940921","11","    6584","","0.2884","C"
"4","Trait5","pKWmEB","PstI.TP941012","11","    6585","","0.2519","C"
"4","Trait5","pKWmEB","PstI.TP941023","11","    6586","","0.3140","A"
"4","Trait5","pKWmEB","PstI.TP941024","11","    6587","","0.1886","C"
"4","Trait5","pKWmEB","PstI.TP941070","11","    6588","","0.3206","C"
"4","Trait5","pKWmEB","PstI.TP941802","11","    6589","","0.1711","C"
"4","Trait5","pKWmEB","PstI.TP941904","11","    6590","","0.5206","A"
"4","Trait5","pKWmEB","PstI.TP942193","11","    6591","","0.4222","A"
"4","Trait5","pKWmEB","PstI.TP942536","11","    6592","","0.2503","A"
"4","Trait5","pKWmEB","PstI.TP942574","11","    6593","","0.2608","A"
"4","Trait5","pKWmEB","PstI.TP942718","11","    6594","","1.1207","C"
"4","Trait5","pKWmEB","PstI.TP942890","11","    6595","","0.1698","G"
"4","Trait5","pKWmEB","PstI.TP942909","11","    6596","","0.4391","A"
"4","Trait5","pKWmEB","PstI.TP944522","11","    6600","","0.2722","C"
"4","Trait5","pKWmEB","PstI.TP944589","11","    6602","","0.0197","C"
"4","Trait5","pKWmEB","PstI.TP945781","11","    6603","","0.4642","C"
"4","Trait5","pKWmEB","PstI.TP945784","11","    6604","","0.3777","C"
"4","Trait5","pKWmEB","PstI.TP946062","11","    6607","","1.8843","C"
"4","Trait5","pKWmEB","PstI.TP946355","11","    6609","","0.6326","C"
"4","Trait5","pKWmEB","PstI.TP946396","11","    6610","","0.6757","A"
"4","Trait5","pKWmEB","PstI.TP946578","11","    6611","","0.0764","C"
"4","Trait5","pKWmEB","PstI.TP946775","11","    6612","","0.8681","G"
"4","Trait5","pKWmEB","PstI.TP946826","11","    6613","","0.1472","C"
"4","Trait5","pKWmEB","PstI.TP946831","11","    6614","","0.7915","G"
"4","Trait5","pKWmEB","PstI.TP947067","11","    6615","","0.1823","A"
"4","Trait5","pKWmEB","PstI.TP947420","11","    6618","","1.4351","C"
"4","Trait5","pKWmEB","PstI.TP947731","11","    6619","","0.1312","C"
"4","Trait5","pKWmEB","PstI.TP947797","11","    6620","","1.2863","A"
"4","Trait5","pKWmEB","PstI.TP947829","11","    6621","","0.1069","G"
"4","Trait5","pKWmEB","PstI.TP948061","11","    6623","","0.0212","A"
"4","Trait5","pKWmEB","PstI.TP948255","11","    6624","","0.8735","C"
"4","Trait5","pKWmEB","PstI.TP948427","11","    6625","","1.0454","G"
"4","Trait5","pKWmEB","PstI.TP948744","11","    6626","","0.3266","A"
"4","Trait5","pKWmEB","PstI.TP948994","11","    6627","","0.3290","A"
"4","Trait5","pKWmEB","PstI.TP949022","11","    6628","","0.1086","A"
"4","Trait5","pKWmEB","PstI.TP949429","11","    6631","","0.5165","C"
"4","Trait5","pKWmEB","PstI.TP950232","11","    6634","","0.4050","C"
"4","Trait5","pKWmEB","PstI.TP950847","11","    6636","","0.3376","A"
"4","Trait5","pKWmEB","PstI.TP951026","11","    6637","","0.0398","A"
"4","Trait5","pKWmEB","PstI.TP951028","11","    6638","","0.1148","C"
"4","Trait5","pKWmEB","PstI.TP951176","11","    6640","","0.1804","A"
"4","Trait5","pKWmEB","PstI.TP951357","11","    6641","","0.0417","A"
"4","Trait5","pKWmEB","PstI.TP951844","11","    6642","","0.2020","A"
"4","Trait5","pKWmEB","PstI.TP951950","11","    6643","","0.5827","A"
"4","Trait5","pKWmEB","PstI.TP952060","11","    6644","","0.1889","C"
"4","Trait5","pKWmEB","PstI.TP952096","11","    6645","","0.9686","A"
"4","Trait5","pKWmEB","PstI.TP952316","11","    6647","","0.1637","A"
"4","Trait5","pKWmEB","PstI.TP952442","11","    6648","","0.0233","C"
"4","Trait5","pKWmEB","PstI.TP952488","11","    6649","","0.1035","A"
"4","Trait5","pKWmEB","PstI.TP952805","11","    6650","","1.1430","A"
"4","Trait5","pKWmEB","PstI.TP952818","11","    6651","","0.1771","A"
"4","Trait5","pKWmEB","PstI.TP952869","11","    6652","","0.1574","G"
"4","Trait5","pKWmEB","PstI.TP953233","11","    6653","","1.0627","A"
"4","Trait5","pKWmEB","PstI.TP953267","11","    6654","","0.0647","A"
"4","Trait5","pKWmEB","PstI.TP953399","11","    6655","","0.6549","A"
"4","Trait5","pKWmEB","PstI.TP953838","11","    6656","","1.7330","C"
"4","Trait5","pKWmEB","PstI.TP954118","11","    6658","","0.2150","A"
"4","Trait5","pKWmEB","PstI.TP954144","11","    6659","","0.1604","A"
"4","Trait5","pKWmEB","PstI.TP954446","11","    6660","","0.7914","A"
"4","Trait5","pKWmEB","PstI.TP955327","11","    6661","","0.3316","G"
"4","Trait5","pKWmEB","PstI.TP955372","11","    6663","","0.5863","A"
"4","Trait5","pKWmEB","PstI.TP955472","11","    6664","","0.0055","A"
"4","Trait5","pKWmEB","PstI.TP955488","11","    6665","","0.3839","G"
"4","Trait5","pKWmEB","PstI.TP955866","11","    6666","","0.3058","A"
"4","Trait5","pKWmEB","PstI.TP956054","11","    6668","","0.0764","A"
"4","Trait5","pKWmEB","PstI.TP956101","11","    6669","","0.0709","A"
"4","Trait5","pKWmEB","PstI.TP956432","11","    6670","","0.2802","A"
"4","Trait5","pKWmEB","PstI.TP956956","11","    6671","","1.5371","A"
"4","Trait5","pKWmEB","PstI.TP957265","11","    6672","","0.3126","C"
"4","Trait5","pKWmEB","PstI.TP957297","11","    6673","","0.7008","C"
"4","Trait5","pKWmEB","PstI.TP957477","11","    6674","","0.0153","C"
"4","Trait5","pKWmEB","PstI.TP957486","11","    6675","","0.7880","A"
"4","Trait5","pKWmEB","PstI.TP957674","11","    6676","","0.0708","A"
"4","Trait5","pKWmEB","PstI.TP958090","11","    6679","","0.3374","C"
"4","Trait5","pKWmEB","PstI.TP958319","11","    6681","","0.7046","A"
"4","Trait5","pKWmEB","PstI.TP958383","11","    6682","","0.2714","A"
"4","Trait5","pKWmEB","PstI.TP958475","11","    6683","","0.7617","G"
"4","Trait5","pKWmEB","PstI.TP958641","11","    6684","","0.1004","C"
"4","Trait5","pKWmEB","PstI.TP959429","11","    6686","","1.1724","A"
"4","Trait5","pKWmEB","PstI.TP959839","11","    6687","","0.5482","C"
"4","Trait5","pKWmEB","PstI.TP960127","11","    6688","","0.4802","G"
"4","Trait5","pKWmEB","PstI.TP960827","11","    6689","","0.3031","G"
"4","Trait5","pKWmEB","PstI.TP961116","11","    6690","","0.5111","A"
"4","Trait5","pKWmEB","PstI.TP961173","11","    6691","","1.4827","A"
"4","Trait5","pKWmEB","PstI.TP961505","11","    6692","","0.0089","A"
"4","Trait5","pKWmEB","PstI.TP961539","11","    6693","","0.0231","C"
"4","Trait5","pKWmEB","PstI.TP962162","11","    6695","","0.3542","A"
"4","Trait5","pKWmEB","PstI.TP962612","11","    6697","","0.7278","G"
"4","Trait5","pKWmEB","PstI.TP962915","11","    6699","","0.3498","A"
"4","Trait5","pKWmEB","PstI.TP963456","11","    6700","","1.1414","A"
"4","Trait5","pKWmEB","PstI.TP963526","11","    6701","","0.2185","C"
"4","Trait5","pKWmEB","PstI.TP963828","11","    6702","","0.2162","A"
"4","Trait5","pKWmEB","PstI.TP963885","11","    6703","","1.0707","C"
"4","Trait5","pKWmEB","PstI.TP964136","11","    6705","","0.0220","A"
"4","Trait5","pKWmEB","PstI.TP964857","11","    6708","","0.2966","C"
"4","Trait5","pKWmEB","PstI.TP965300","11","    6709","","2.4258","G"
"4","Trait5","pKWmEB","PstI.TP965408","11","    6710","","0.1571","A"
"4","Trait5","pKWmEB","PstI.TP965846","11","    6711","","0.0383","C"
"4","Trait5","pKWmEB","PstI.TP966203","11","    6712","","0.6244","A"
"4","Trait5","pKWmEB","PstI.TP966266","11","    6713","","0.2052","A"
"4","Trait5","pKWmEB","PstI.TP966405","11","    6715","","1.8580","C"
"4","Trait5","pKWmEB","PstI.TP967303","11","    6716","","0.1314","C"
"4","Trait5","pKWmEB","PstI.TP967602","11","    6717","","0.3609","A"
"4","Trait5","pKWmEB","PstI.TP967817","11","    6718","","0.2108","A"
"4","Trait5","pKWmEB","PstI.TP968085","11","    6719","","0.1596","C"
"4","Trait5","pKWmEB","PstI.TP968217","11","    6720","","0.2110","A"
"4","Trait5","pKWmEB","PstI.TP968586","11","    6721","","0.1441","A"
"4","Trait5","pKWmEB","PstI.TP968740","11","    6722","","0.4864","A"
"4","Trait5","pKWmEB","PstI.TP969082","11","    6723","","0.8003","C"
"4","Trait5","pKWmEB","PstI.TP969110","11","    6724","","0.1163","C"
"4","Trait5","pKWmEB","PstI.TP969551","11","    6727","","0.9303","C"
"4","Trait5","pKWmEB","PstI.TP969556","11","    6728","","0.2103","C"
"4","Trait5","pKWmEB","PstI.TP969628","11","    6729","","0.3025","C"
"4","Trait5","pKWmEB","PstI.TP969692","11","    6730","","0.7428","C"
"4","Trait5","pKWmEB","PstI.TP969694","11","    6731","","0.1647","C"
"4","Trait5","pKWmEB","PstI.TP969736","11","    6732","","0.0622","A"
"4","Trait5","pKWmEB","PstI.TP969818","11","    6733","","0.3201","G"
"4","Trait5","pKWmEB","PstI.TP970192","11","    6735","","0.4144","C"
"4","Trait5","pKWmEB","PstI.TP971132","11","    6737","","0.4194","A"
"4","Trait5","pKWmEB","PstI.TP971148","11","    6738","","0.3793","C"
"4","Trait5","pKWmEB","PstI.TP971268","11","    6739","","0.8004","C"
"4","Trait5","pKWmEB","PstI.TP971959","11","    6742","","0.3162","A"
"4","Trait5","pKWmEB","PstI.TP971985","11","    6743","","0.2516","C"
"4","Trait5","pKWmEB","PstI.TP972077","11","    6744","","0.5215","C"
"4","Trait5","pKWmEB","PstI.TP972211","11","    6745","","0.0239","G"
"4","Trait5","pKWmEB","PstI.TP972614","11","    6747","","1.6085","C"
"4","Trait5","pKWmEB","PstI.TP972893","11","    6749","","0.1106","A"
"4","Trait5","pKWmEB","PstI.TP972948","11","    6750","","0.2141","A"
"4","Trait5","pKWmEB","PstI.TP973620","11","    6751","","0.2490","C"
"4","Trait5","pKWmEB","PstI.TP974026","11","    6753","","0.3149","G"
"4","Trait5","pKWmEB","PstI.TP974291","11","    6756","","0.0058","C"
"4","Trait5","pKWmEB","PstI.TP974381","11","    6757","","0.3475","A"
"4","Trait5","pKWmEB","PstI.TP974500","11","    6759","","0.1096","C"
"4","Trait5","pKWmEB","PstI.TP974653","11","    6761","","0.6123","C"
"4","Trait5","pKWmEB","PstI.TP974703","11","    6762","","1.5816","C"
"4","Trait5","pKWmEB","PstI.TP974799","11","    6763","","0.0282","C"
"4","Trait5","pKWmEB","PstI.TP974888","11","    6764","","1.1860","A"
"4","Trait5","pKWmEB","PstI.TP975447","11","    6767","","0.0139","A"
"4","Trait5","pKWmEB","PstI.TP975677","11","    6768","","0.2451","C"
"4","Trait5","pKWmEB","PstI.TP975764","11","    6770","","0.0380","C"
"4","Trait5","pKWmEB","PstI.TP976048","11","    6771","","0.8982","A"
"4","Trait5","pKWmEB","PstI.TP976164","11","    6772","","0.0919","A"
"4","Trait5","pKWmEB","PstI.TP976281","11","    6773","","0.0934","C"
"4","Trait5","pKWmEB","PstI.TP976336","11","    6774","","0.0067","G"
"4","Trait5","pKWmEB","PstI.TP976552","11","    6775","","0.0490","C"
"4","Trait5","pKWmEB","PstI.TP976749","11","    6776","","0.0115","C"
"4","Trait5","pKWmEB","PstI.TP977109","11","    6778","","0.0200","A"
"4","Trait5","pKWmEB","PstI.TP977165","11","    6779","","1.3814","A"
"4","Trait5","pKWmEB","PstI.TP977299","11","    6780","","0.2741","A"
"4","Trait5","pKWmEB","PstI.TP977586","11","    6781","","0.7556","G"
"4","Trait5","pKWmEB","PstI.TP977688","11","    6782","","1.1820","A"
"4","Trait5","pKWmEB","PstI.TP977751","11","    6783","","0.2513","C"
"4","Trait5","pKWmEB","PstI.TP977902","11","    6784","","1.4260","A"
"4","Trait5","pKWmEB","PstI.TP978245","11","    6785","","0.2409","C"
"4","Trait5","pKWmEB","PstI.TP978433","11","    6786","","0.8953","C"
"4","Trait5","pKWmEB","PstI.TP978874","11","    6787","","0.7974","A"
"4","Trait5","pKWmEB","PstI.TP979528","11","    6789","","0.5420","A"
"4","Trait5","pKWmEB","PstI.TP979574","11","    6790","","0.0430","A"
"4","Trait5","pKWmEB","PstI.TP979641","11","    6791","","0.2193","C"
"4","Trait5","pKWmEB","PstI.TP979656","11","    6792","","0.7218","C"
"4","Trait5","pKWmEB","PstI.TP980067","11","    6793","","0.1617","C"
"4","Trait5","pKWmEB","PstI.TP980573","11","    6795","","1.1099","A"
"4","Trait5","pKWmEB","PstI.TP981003","11","    6797","","0.5372","C"
"4","Trait5","pKWmEB","PstI.TP981187","11","    6800","","1.3936","C"
"4","Trait5","pKWmEB","PstI.TP981232","11","    6801","","0.4364","C"
"4","Trait5","pKWmEB","PstI.TP981233","11","    6802","","0.4166","A"
"4","Trait5","pKWmEB","PstI.TP981237","11","    6803","","1.0041","A"
"4","Trait5","pKWmEB","PstI.TP981260","11","    6804","","0.4068","A"
"4","Trait5","pKWmEB","PstI.TP981538","11","    6805","","0.1761","A"
"4","Trait5","pKWmEB","PstI.TP981616","11","    6807","","0.9395","A"
"4","Trait5","pKWmEB","PstI.TP981731","11","    6808","","0.0372","A"
"4","Trait5","pKWmEB","PstI.TP982016","11","    6809","","1.5030","A"
"4","Trait5","pKWmEB","PstI.TP982072","11","    6810","","0.0176","A"
"4","Trait5","pKWmEB","PstI.TP982074","11","    6811","","0.4095","A"
"4","Trait5","pKWmEB","PstI.TP982415","11","    6812","","0.1657","A"
"4","Trait5","pKWmEB","PstI.TP982419","11","    6813","","0.0368","A"
"4","Trait5","pKWmEB","PstI.TP982997","11","    6817","","0.1997","A"
"4","Trait5","pKWmEB","PstI.TP983069","11","    6818","","0.4614","C"
"4","Trait5","pKWmEB","PstI.TP983538","11","    6819","","0.3750","A"
"4","Trait5","pKWmEB","PstI.TP983670","11","    6820","","0.0662","G"
"4","Trait5","pKWmEB","PstI.TP983705","11","    6821","","0.2966","A"
"4","Trait5","pKWmEB","PstI.TP983709","11","    6822","","0.0225","C"
"4","Trait5","pKWmEB","PstI.TP983948","11","    6824","","0.4617","A"
"4","Trait5","pKWmEB","PstI.TP983959","11","    6825","","0.0963","C"
"4","Trait5","pKWmEB","PstI.TP984199","11","    6827","","0.3158","C"
"4","Trait5","pKWmEB","PstI.TP984326","11","    6828","","0.8015","A"
"4","Trait5","pKWmEB","PstI.TP984391","11","    6829","","0.3059","C"
"4","Trait5","pKWmEB","PstI.TP984537","11","    6830","","0.1409","C"
"4","Trait5","pKWmEB","PstI.TP984618","11","    6831","","0.2862","C"
"4","Trait5","pKWmEB","PstI.TP984642","11","    6832","","0.0590","C"
"4","Trait5","pKWmEB","PstI.TP984907","11","    6834","","0.3058","C"
"4","Trait5","pKWmEB","PstI.TP984923","11","    6835","","0.6258","C"
"4","Trait5","pKWmEB","PstI.TP985047","11","    6836","","0.6087","A"
"4","Trait5","pKWmEB","PstI.TP985069","11","    6837","","0.4510","C"
"4","Trait5","pKWmEB","PstI.TP985404","11","    6838","","0.0958","A"
"4","Trait5","pKWmEB","PstI.TP985976","11","    6839","","0.0099","C"
"4","Trait5","pKWmEB","PstI.TP986004","11","    6840","","0.7545","A"
"4","Trait5","pKWmEB","PstI.TP986163","11","    6841","","1.5550","A"
"4","Trait5","pKWmEB","PstI.TP986639","11","    6842","","0.3938","A"
"4","Trait5","pKWmEB","PstI.TP987022","11","    6844","","0.6204","A"
"4","Trait5","pKWmEB","PstI.TP987102","11","    6845","","0.1781","C"
"4","Trait5","pKWmEB","PstI.TP987105","11","    6846","","0.5611","A"
"4","Trait5","pKWmEB","PstI.TP987266","11","    6848","","0.4093","A"
"4","Trait5","pKWmEB","PstI.TP987403","11","    6850","","0.0698","C"
"4","Trait5","pKWmEB","PstI.TP987500","11","    6851","","1.5505","A"
"4","Trait5","pKWmEB","PstI.TP987594","11","    6852","","0.5812","A"
"4","Trait5","pKWmEB","PstI.TP987709","11","    6853","","0.2667","A"
"4","Trait5","pKWmEB","PstI.TP987840","11","    6854","","0.0775","C"
"4","Trait5","pKWmEB","PstI.TP987853","11","    6855","","1.1113","C"
"4","Trait5","pKWmEB","PstI.TP987941","11","    6857","","1.1268","A"
"4","Trait5","pKWmEB","PstI.TP987977","11","    6858","","0.8222","A"
"4","Trait5","pKWmEB","PstI.TP988015","11","    6859","","0.2215","G"
"4","Trait5","pKWmEB","PstI.TP988112","11","    6860","","1.1182","C"
"4","Trait5","pKWmEB","PstI.TP988228","11","    6862","","0.6329","C"
"4","Trait5","pKWmEB","PstI.TP988377","11","    6864","","0.0089","C"
"4","Trait5","pKWmEB","PstI.TP988557","11","    6865","","0.7731","A"
"4","Trait5","pKWmEB","PstI.TP988806","11","    6866","","0.0492","A"
"4","Trait5","pKWmEB","PstI.TP988870","11","    6867","","1.3008","C"
"4","Trait5","pKWmEB","PstI.TP989055","11","    6869","","1.0703","C"
"4","Trait5","pKWmEB","PstI.TP989136","11","    6871","","0.0294","A"
"4","Trait5","pKWmEB","PstI.TP989364","11","    6872","","0.2664","A"
"4","Trait5","pKWmEB","PstI.TP989410","11","    6873","","0.1058","C"
"4","Trait5","pKWmEB","PstI.TP989816","11","    6875","","0.1182","C"
"4","Trait5","pKWmEB","PstI.TP989912","11","    6876","","0.3085","A"
"4","Trait5","pKWmEB","PstI.TP990339","11","    6877","","0.7184","A"
"4","Trait5","pKWmEB","PstI.TP990482","11","    6879","","0.6159","A"
"4","Trait5","pKWmEB","PstI.TP990802","11","    6881","","0.0323","A"
"4","Trait5","pKWmEB","PstI.TP990845","11","    6882","","0.5039","C"
"4","Trait5","pKWmEB","PstI.TP991026","11","    6883","","0.1949","A"
"4","Trait5","pKWmEB","PstI.TP991542","11","    6885","","0.7046","A"
"4","Trait5","pKWmEB","PstI.TP991685","11","    6886","","0.6657","A"
"4","Trait5","pKWmEB","PstI.TP991776","11","    6887","","0.0389","A"
"4","Trait5","pKWmEB","PstI.TP991811","11","    6888","","1.1378","C"
"4","Trait5","pKWmEB","PstI.TP991967","11","    6890","","0.4616","C"
"4","Trait5","pKWmEB","PstI.TP992343","11","    6891","","0.5759","G"
"4","Trait5","pKWmEB","PstI.TP992537","11","    6892","","0.3376","C"
"4","Trait5","pKWmEB","PstI.TP992836","11","    6894","","0.3699","A"
"4","Trait5","pKWmEB","PstI.TP992848","11","    6895","","0.0029","A"
"4","Trait5","pKWmEB","PstI.TP992870","11","    6896","","0.2810","C"
"4","Trait5","pKWmEB","PstI.TP993455","11","    6897","","0.3786","A"
"4","Trait5","pKWmEB","PstI.TP993457","11","    6898","","0.1608","C"
"4","Trait5","pKWmEB","PstI.TP993881","11","    6902","","0.2042","C"
"4","Trait5","pKWmEB","PstI.TP993934","11","    6903","","0.2601","C"
"4","Trait5","pKWmEB","PstI.TP994472","11","    6904","","0.0217","G"
"4","Trait5","pKWmEB","PstI.TP994523","11","    6906","","0.7535","A"
"4","Trait5","pKWmEB","PstI.TP995075","11","    6910","","0.4564","A"
"4","Trait5","pKWmEB","PstI.TP995115","11","    6911","","0.1071","C"
"4","Trait5","pKWmEB","PstI.TP995219","11","    6912","","0.4781","A"
"4","Trait5","pKWmEB","PstI.TP995845","11","    6913","","0.5117","C"
"4","Trait5","pKWmEB","PstI.TP996140","11","    6915","","0.2182","A"
"4","Trait5","pKWmEB","PstI.TP996314","11","    6916","","0.0740","A"
"4","Trait5","pKWmEB","PstI.TP996550","11","    6917","","0.2045","C"
"4","Trait5","pKWmEB","PstI.TP996642","11","    6918","","0.6682","A"
"4","Trait5","pKWmEB","PstI.TP996740","11","    6919","","0.1092","A"
"4","Trait5","pKWmEB","PstI.TP996826","11","    6920","","1.3981","A"
"4","Trait5","pKWmEB","PstI.TP996866","11","    6921","","0.0239","A"
"4","Trait5","pKWmEB","PstI.TP996907","11","    6923","","0.0941","C"
"4","Trait5","pKWmEB","PstI.TP996918","11","    6924","","0.7405","A"
"4","Trait5","pKWmEB","PstI.TP997319","11","    6927","","0.8893","C"
"4","Trait5","pKWmEB","PstI.TP997350","11","    6928","","1.5950","C"
"4","Trait5","pKWmEB","PstI.TP997362","11","    6929","","0.9949","C"
"4","Trait5","pKWmEB","PstI.TP997548","11","    6930","","0.2747","C"
"4","Trait5","pKWmEB","PstI.TP997573","11","    6931","","0.1525","A"
"4","Trait5","pKWmEB","PstI.TP998433","11","    6937","","0.4047","A"
"4","Trait5","pKWmEB","PstI.TP998695","11","    6938","","0.1115","A"
"4","Trait5","pKWmEB","PstI.TP998730","11","    6939","","1.3356","A"
"4","Trait5","pKWmEB","PstI.TP998778","11","    6940","","0.4328","C"
"4","Trait5","pKWmEB","PstI.TP999288","11","    6941","","0.6600","A"
"4","Trait5","pKWmEB","PstI.TP999446","11","    6942","","0.1816","C"
"4","Trait5","pKWmEB","PstI.TP999920","11","    6944","","0.0470","C"
"4","Trait5","pKWmEB","PstI.TP1000030","11","    6945","","0.1489","C"
"4","Trait5","pKWmEB","PstI.TP1000304","11","    6947","","0.2419","C"
"4","Trait5","pKWmEB","PstI.TP1000430","11","    6948","","0.5662","G"
"4","Trait5","pKWmEB","PstI.TP1000463","11","    6949","","0.5442","A"
"4","Trait5","pKWmEB","PstI.TP1000498","11","    6950","","0.3865","A"
"4","Trait5","pKWmEB","PstI.TP1000868","11","    6952","","0.4322","C"
"4","Trait5","pKWmEB","PstI.TP1001272","11","    6954","","0.0846","A"
"4","Trait5","pKWmEB","PstI.TP1001888","11","    6955","","0.2605","G"
"4","Trait5","pKWmEB","PstI.TP1002094","11","    6956","","1.1173","C"
"4","Trait5","pKWmEB","PstI.TP1002457","11","    6957","","0.0622","A"
"4","Trait5","pKWmEB","PstI.TP1002539","11","    6958","","0.3141","A"
"4","Trait5","pKWmEB","PstI.TP1002850","11","    6959","","0.0402","G"
"4","Trait5","pKWmEB","PstI.TP1003200","11","    6960","","0.2048","A"
"4","Trait5","pKWmEB","PstI.TP1003385","11","    6961","","0.3125","C"
"4","Trait5","pKWmEB","PstI.TP1003529","11","    6963","","0.4535","C"
"4","Trait5","pKWmEB","PstI.TP1003919","11","    6966","","0.1280","A"
"4","Trait5","pKWmEB","PstI.TP1004013","11","    6967","","1.1809","A"
"4","Trait5","pKWmEB","PstI.TP1004016","11","    6968","","0.3151","A"
"4","Trait5","pKWmEB","PstI.TP1004876","11","    6970","","0.7724","C"
"4","Trait5","pKWmEB","PstI.TP1005058","11","    6971","","0.5791","C"
"4","Trait5","pKWmEB","PstI.TP1005750","11","    6973","","0.1385","C"
"4","Trait5","pKWmEB","PstI.TP1006432","11","    6974","","0.0503","G"
"4","Trait5","pKWmEB","PstI.TP1006590","11","    6975","","0.3449","A"
"4","Trait5","pKWmEB","PstI.TP1006806","11","    6976","","0.5655","C"
"4","Trait5","pKWmEB","PstI.TP1007075","11","    6980","","1.7326","A"
"4","Trait5","pKWmEB","PstI.TP1007102","11","    6981","","0.0026","C"
"4","Trait5","pKWmEB","PstI.TP1007306","11","    6982","","0.2645","G"
"4","Trait5","pKWmEB","PstI.TP1007648","11","    6984","","0.3906","G"
"4","Trait5","pKWmEB","PstI.TP1007773","11","    6986","","0.8416","C"
"4","Trait5","pKWmEB","PstI.TP1007862","11","    6987","","0.0009","C"
"4","Trait5","pKWmEB","PstI.TP1008094","11","    6988","","0.9393","A"
"4","Trait5","pKWmEB","PstI.TP1008549","11","    6990","","0.3208","A"
"4","Trait5","pKWmEB","PstI.TP1008688","11","    6993","","0.5303","C"
"4","Trait5","pKWmEB","PstI.TP1008843","11","    6994","","0.1943","C"
"4","Trait5","pKWmEB","PstI.TP1008887","11","    6995","","0.7829","A"
"4","Trait5","pKWmEB","PstI.TP1009078","11","    6996","","1.2121","A"
"4","Trait5","pKWmEB","PstI.TP1009395","11","    6997","","1.8062","C"
"4","Trait5","pKWmEB","PstI.TP1009440","11","    7000","","0.0323","C"
"4","Trait5","pKWmEB","PstI.TP1009452","11","    7001","","0.4015","C"
"4","Trait5","pKWmEB","PstI.TP1009550","11","    7002","","0.3621","C"
"4","Trait5","pKWmEB","PstI.TP1009573","11","    7003","","0.2874","A"
"4","Trait5","pKWmEB","PstI.TP1009665","11","    7004","","1.8959","A"
"4","Trait5","pKWmEB","PstI.TP1009755","11","    7005","","0.4506","A"
"4","Trait5","pKWmEB","PstI.TP1009802","11","    7006","","0.3574","A"
"4","Trait5","pKWmEB","PstI.TP1009864","11","    7007","","0.3820","A"
"4","Trait5","pKWmEB","PstI.TP1009966","11","    7008","","0.0032","A"
"4","Trait5","pKWmEB","PstI.TP1010032","11","    7010","","0.0296","A"
"4","Trait5","pKWmEB","PstI.TP1010043","11","    7011","","1.3940","A"
"4","Trait5","pKWmEB","PstI.TP1010077","11","    7013","","0.2366","C"
"4","Trait5","pKWmEB","PstI.TP1010266","11","    7015","","0.5990","C"
"4","Trait5","pKWmEB","PstI.TP1010359","11","    7016","","1.6482","C"
"4","Trait5","pKWmEB","PstI.TP1010376","11","    7017","","0.3507","C"
"4","Trait5","pKWmEB","PstI.TP1010464","11","    7018","","0.2221","A"
"4","Trait5","pKWmEB","PstI.TP1010988","11","    7019","","0.3113","A"
"4","Trait5","pKWmEB","PstI.TP1011171","11","    7020","","1.6281","A"
"4","Trait5","pKWmEB","PstI.TP1011747","11","    7021","","0.1845","A"
"4","Trait5","pKWmEB","PstI.TP1012432","11","    7025","","0.8107","C"
"4","Trait5","pKWmEB","PstI.TP1012704","11","    7027","","0.8946","A"
"4","Trait5","pKWmEB","PstI.TP1012859","11","    7028","","0.2407","A"
"4","Trait5","pKWmEB","PstI.TP1013438","11","    7029","","0.8123","C"
"4","Trait5","pKWmEB","PstI.TP1013445","11","    7030","","1.5426","C"
"4","Trait5","pKWmEB","PstI.TP1013455","11","    7031","","0.0063","A"
"4","Trait5","pKWmEB","PstI.TP1013797","11","    7033","","0.3957","A"
"4","Trait5","pKWmEB","PstI.TP1013956","11","    7037","","0.1804","A"
"4","Trait5","pKWmEB","PstI.TP1014052","11","    7038","","0.3149","C"
"4","Trait5","pKWmEB","PstI.TP1014150","11","    7039","","0.0610","A"
"4","Trait5","pKWmEB","PstI.TP1014210","11","    7040","","0.9900","A"
"4","Trait5","pKWmEB","PstI.TP1014489","11","    7043","","0.6993","G"
"4","Trait5","pKWmEB","PstI.TP1014541","11","    7044","","1.5770","A"
"4","Trait5","pKWmEB","PstI.TP1015078","11","    7047","","0.1663","A"
"4","Trait5","pKWmEB","PstI.TP1015225","11","    7048","","0.1221","C"
"4","Trait5","pKWmEB","PstI.TP1015748","11","    7049","","0.5975","A"
"4","Trait5","pKWmEB","PstI.TP1015896","11","    7050","","2.1652","C"
"4","Trait5","pKWmEB","PstI.TP1015910","11","    7051","","0.4772","C"
"4","Trait5","pKWmEB","PstI.TP1015929","11","    7052","","0.0945","C"
"4","Trait5","pKWmEB","PstI.TP1016155","11","    7054","","0.4912","C"
"4","Trait5","pKWmEB","PstI.TP1016212","11","    7055","","0.1361","C"
"4","Trait5","pKWmEB","PstI.TP1016675","11","    7059","","0.3094","G"
"4","Trait5","pKWmEB","PstI.TP1016686","11","    7060","","0.2542","C"
"4","Trait5","pKWmEB","PstI.TP1016825","11","    7061","","0.0353","G"
"4","Trait5","pKWmEB","PstI.TP1016955","11","    7062","","1.0033","C"
"4","Trait5","pKWmEB","PstI.TP1017446","11","    7063","","0.1818","C"
"4","Trait5","pKWmEB","PstI.TP1017641","11","    7064","","0.0585","G"
"4","Trait5","pKWmEB","PstI.TP1017741","11","    7066","","0.1948","C"
"4","Trait5","pKWmEB","PstI.TP1017750","11","    7067","","0.1241","A"
"4","Trait5","pKWmEB","PstI.TP1018027","11","    7068","","0.4778","A"
"4","Trait5","pKWmEB","PstI.TP1018063","11","    7069","","0.7343","G"
"4","Trait5","pKWmEB","PstI.TP1019197","11","    7072","","1.1864","C"
"4","Trait5","pKWmEB","PstI.TP1019450","11","    7074","","0.3525","C"
"4","Trait5","pKWmEB","PstI.TP1019805","11","    7075","","0.3290","A"
"4","Trait5","pKWmEB","PstI.TP1020074","11","    7077","","0.5981","C"
"4","Trait5","pKWmEB","PstI.TP1020545","11","    7078","","0.3892","A"
"4","Trait5","pKWmEB","PstI.TP1020623","11","    7079","","0.5313","A"
"4","Trait5","pKWmEB","PstI.TP1021103","11","    7082","","0.1326","A"
"4","Trait5","pKWmEB","PstI.TP1021151","11","    7083","","0.2141","A"
"4","Trait5","pKWmEB","PstI.TP1021221","11","    7084","","0.4259","C"
"4","Trait5","pKWmEB","PstI.TP1021330","11","    7085","","0.1366","A"
"4","Trait5","pKWmEB","PstI.TP1021441","11","    7086","","0.0798","C"
"4","Trait5","pKWmEB","PstI.TP1021581","11","    7088","","1.5079","A"
"4","Trait5","pKWmEB","PstI.TP1021814","11","    7090","","1.2806","C"
"4","Trait5","pKWmEB","PstI.TP1021828","11","    7091","","0.4166","A"
"4","Trait5","pKWmEB","PstI.TP1022071","11","    7092","","0.0395","A"
"4","Trait5","pKWmEB","PstI.TP1022098","11","    7094","","0.1449","A"
"4","Trait5","pKWmEB","PstI.TP1022497","11","    7096","","0.1164","G"
"4","Trait5","pKWmEB","PstI.TP1022626","11","    7097","","0.3035","C"
"4","Trait5","pKWmEB","PstI.TP1022713","11","    7099","","0.0936","A"
"4","Trait5","pKWmEB","PstI.TP1022770","11","    7100","","0.6394","A"
"4","Trait5","pKWmEB","PstI.TP1022872","11","    7101","","0.6353","C"
"4","Trait5","pKWmEB","PstI.TP1023028","11","    7103","","1.1519","A"
"4","Trait5","pKWmEB","PstI.TP1023146","11","    7104","","0.5956","A"
"4","Trait5","pKWmEB","PstI.TP1023354","11","    7106","","0.4159","A"
"4","Trait5","pKWmEB","PstI.TP1023458","11","    7107","","0.8317","G"
"4","Trait5","pKWmEB","PstI.TP1023721","11","    7108","","0.0610","A"
"4","Trait5","pKWmEB","PstI.TP1023748","11","    7109","","0.1393","C"
"4","Trait5","pKWmEB","PstI.TP1023758","11","    7110","","0.8139","C"
"4","Trait5","pKWmEB","PstI.TP1023787","11","    7111","","0.5026","A"
"4","Trait5","pKWmEB","PstI.TP1023809","11","    7112","","0.7688","C"
"4","Trait5","pKWmEB","PstI.TP1024109","11","    7113","","1.3549","C"
"4","Trait5","pKWmEB","PstI.TP1024688","11","    7115","","0.1596","C"
"4","Trait5","pKWmEB","PstI.TP1024938","11","    7117","","0.0982","C"
"4","Trait5","pKWmEB","PstI.TP1025082","11","    7118","","0.2458","C"
"4","Trait5","pKWmEB","PstI.TP1025367","11","    7121","","1.1410","C"
"4","Trait5","pKWmEB","PstI.TP1025387","11","    7122","","0.1800","C"
"4","Trait5","pKWmEB","PstI.TP1025405","11","    7123","","0.0195","C"
"4","Trait5","pKWmEB","PstI.TP1025425","11","    7124","","0.7044","A"
"4","Trait5","pKWmEB","PstI.TP1025493","11","    7125","","0.5111","A"
"4","Trait5","pKWmEB","PstI.TP1025656","11","    7127","","0.0577","C"
"4","Trait5","pKWmEB","PstI.TP1025746","11","    7128","","2.4881","C"
"4","Trait5","pKWmEB","PstI.TP1026261","11","    7130","","0.0170","A"
"4","Trait5","pKWmEB","PstI.TP1026367","11","    7131","","0.1107","C"
"4","Trait5","pKWmEB","PstI.TP1026724","11","    7132","","0.1886","C"
"4","Trait5","pKWmEB","PstI.TP1026763","11","    7133","","0.2491","C"
"4","Trait5","pKWmEB","PstI.TP1026818","11","    7134","","0.4487","A"
"4","Trait5","pKWmEB","PstI.TP1026837","11","    7135","","0.0441","C"
"4","Trait5","pKWmEB","PstI.TP1026873","11","    7136","","0.0201","A"
"4","Trait5","pKWmEB","PstI.TP1026958","11","    7137","","0.2267","A"
"4","Trait5","pKWmEB","PstI.TP1027140","11","    7140","","0.1698","A"
"4","Trait5","pKWmEB","PstI.TP1027354","11","    7141","","0.7459","C"
"4","Trait5","pKWmEB","PstI.TP1027384","11","    7142","","0.3203","A"
"4","Trait5","pKWmEB","PstI.TP1027402","11","    7143","","0.3573","C"
"4","Trait5","pKWmEB","PstI.TP1027663","11","    7144","","0.0710","A"
"4","Trait5","pKWmEB","PstI.TP1027664","11","    7145","","0.0234","A"
"4","Trait5","pKWmEB","PstI.TP1027676","11","    7146","","0.1612","C"
"4","Trait5","pKWmEB","PstI.TP1027760","11","    7147","","0.1662","A"
"4","Trait5","pKWmEB","PstI.TP1027831","11","    7148","","0.1001","A"
"4","Trait5","pKWmEB","PstI.TP1027970","11","    7149","","0.2006","C"
"4","Trait5","pKWmEB","PstI.TP1028005","11","    7150","","0.0639","G"
"4","Trait5","pKWmEB","PstI.TP1028179","11","    7151","","0.2429","A"
"4","Trait5","pKWmEB","PstI.TP1028718","11","    7152","","1.8077","A"
"4","Trait5","pKWmEB","PstI.TP1028942","11","    7153","","0.0904","A"
"4","Trait5","pKWmEB","PstI.TP1029157","11","    7154","","0.9005","C"
"4","Trait5","pKWmEB","PstI.TP1029228","11","    7155","","0.0822","C"
"4","Trait5","pKWmEB","PstI.TP1029531","11","    7156","","1.8270","A"
"4","Trait5","pKWmEB","PstI.TP1029642","11","    7158","","0.5277","C"
"4","Trait5","pKWmEB","PstI.TP1029808","11","    7159","","1.5973","C"
"4","Trait5","pKWmEB","PstI.TP1030085","11","    7161","","0.3140","C"
"4","Trait5","pKWmEB","PstI.TP1030382","11","    7163","","0.1522","A"
"4","Trait5","pKWmEB","PstI.TP1030502","11","    7164","","0.1851","C"
"4","Trait5","pKWmEB","PstI.TP1030531","11","    7165","","1.1797","A"
"4","Trait5","pKWmEB","PstI.TP1030559","11","    7166","","0.0935","C"
"4","Trait5","pKWmEB","PstI.TP1031387","11","    7167","","0.0225","A"
"4","Trait5","pKWmEB","PstI.TP1031412","11","    7168","","0.0092","A"
"4","Trait5","pKWmEB","PstI.TP1031456","11","    7169","","0.0413","C"
"4","Trait5","pKWmEB","PstI.TP1031770","11","    7170","","0.1796","A"
"4","Trait5","pKWmEB","PstI.TP1032241","11","    7171","","0.0462","C"
"4","Trait5","pKWmEB","PstI.TP1032344","11","    7173","","0.4800","A"
"4","Trait5","pKWmEB","PstI.TP1032370","11","    7175","","0.3313","C"
"4","Trait5","pKWmEB","PstI.TP1033001","11","    7176","","0.1962","A"
"4","Trait5","pKWmEB","PstI.TP1033004","11","    7177","","0.2132","A"
"4","Trait5","pKWmEB","PstI.TP1033215","11","    7179","","0.3393","A"
"4","Trait5","pKWmEB","PstI.TP1033471","11","    7180","","0.6967","C"
"4","Trait5","pKWmEB","PstI.TP1033706","11","    7181","","1.0095","A"
"4","Trait5","pKWmEB","PstI.TP1033768","11","    7182","","0.0067","A"
"4","Trait5","pKWmEB","PstI.TP1033896","11","    7183","","0.0756","C"
"4","Trait5","pKWmEB","PstI.TP1033987","11","    7184","","0.4275","C"
"4","Trait5","pKWmEB","PstI.TP1034819","11","    7187","","0.8385","C"
"4","Trait5","pKWmEB","PstI.TP1034905","11","    7188","","0.2884","A"
"4","Trait5","pKWmEB","PstI.TP1035165","11","    7190","","0.5615","A"
"4","Trait5","pKWmEB","PstI.TP1035561","11","    7191","","0.8753","C"
"4","Trait5","pKWmEB","PstI.TP1035639","11","    7192","","0.2787","A"
"4","Trait5","pKWmEB","PstI.TP1035870","11","    7195","","0.0121","G"
"4","Trait5","pKWmEB","PstI.TP1035906","11","    7196","","0.8645","A"
"4","Trait5","pKWmEB","PstI.TP1036421","11","    7197","","0.8041","A"
"4","Trait5","pKWmEB","PstI.TP1036707","11","    7198","","0.3464","A"
"4","Trait5","pKWmEB","PstI.TP1036910","11","    7200","","0.5281","A"
"4","Trait5","pKWmEB","PstI.TP1036997","11","    7201","","1.0092","A"
"4","Trait5","pKWmEB","PstI.TP1036999","11","    7202","","0.3824","A"
"4","Trait5","pKWmEB","PstI.TP1037009","11","    7203","","0.0812","A"
"4","Trait5","pKWmEB","PstI.TP1037084","11","    7204","","1.0344","A"
"4","Trait5","pKWmEB","PstI.TP1037387","11","    7205","","0.1859","A"
"4","Trait5","pKWmEB","PstI.TP1037440","11","    7206","","0.7702","C"
"4","Trait5","pKWmEB","PstI.TP1037500","11","    7207","","0.1311","C"
"4","Trait5","pKWmEB","PstI.TP1038124","11","    7209","","0.4653","C"
"4","Trait5","pKWmEB","PstI.TP1038131","11","    7210","","0.0333","C"
"4","Trait5","pKWmEB","PstI.TP1038157","11","    7211","","0.5621","C"
"4","Trait5","pKWmEB","PstI.TP1038708","11","    7212","","0.4498","A"
"4","Trait5","pKWmEB","PstI.TP1038719","11","    7213","","0.2295","C"
"4","Trait5","pKWmEB","PstI.TP1038914","11","    7214","","0.1076","C"
"4","Trait5","pKWmEB","PstI.TP1038955","11","    7215","","0.9286","C"
"4","Trait5","pKWmEB","PstI.TP1039573","11","    7216","","0.4326","C"
"4","Trait5","pKWmEB","PstI.TP1039604","11","    7217","","0.4112","A"
"4","Trait5","pKWmEB","PstI.TP1040229","11","    7220","","0.6166","C"
"4","Trait5","pKWmEB","PstI.TP1040358","11","    7221","","0.1282","C"
"4","Trait5","pKWmEB","PstI.TP1040856","11","    7222","","0.2091","C"
"4","Trait5","pKWmEB","PstI.TP1040866","11","    7223","","0.0133","A"
"4","Trait5","pKWmEB","PstI.TP1041336","11","    7225","","0.3403","G"
"4","Trait5","pKWmEB","PstI.TP1041394","11","    7226","","0.1663","C"
"4","Trait5","pKWmEB","PstI.TP1041422","11","    7227","","0.3348","A"
"4","Trait5","pKWmEB","PstI.TP1041609","11","    7228","","0.1727","A"
"4","Trait5","pKWmEB","PstI.TP1041693","11","    7229","","0.1154","A"
"4","Trait5","pKWmEB","PstI.TP1042065","11","    7230","","0.0098","A"
"4","Trait5","pKWmEB","PstI.TP1042290","11","    7231","","0.4193","A"
"4","Trait5","pKWmEB","PstI.TP1042298","11","    7232","","1.0454","C"
"4","Trait5","pKWmEB","PstI.TP1042354","11","    7233","","0.0462","A"
"4","Trait5","pKWmEB","PstI.TP1042699","11","    7234","","0.7274","A"
"4","Trait5","pKWmEB","PstI.TP1042742","11","    7236","","0.0036","C"
"4","Trait5","pKWmEB","PstI.TP1042791","11","    7237","","0.5913","C"
"4","Trait5","pKWmEB","PstI.TP1043030","11","    7238","","0.5872","A"
"4","Trait5","pKWmEB","PstI.TP1043051","11","    7239","","0.0661","A"
"4","Trait5","pKWmEB","PstI.TP1043165","11","    7240","","0.1941","G"
"4","Trait5","pKWmEB","PstI.TP1043424","11","    7241","","0.4986","C"
"4","Trait5","pKWmEB","PstI.TP1043657","11","    7242","","0.9693","A"
"4","Trait5","pKWmEB","PstI.TP1043746","11","    7243","","1.0783","A"
"4","Trait5","pKWmEB","PstI.TP1043749","11","    7244","","0.0986","G"
"4","Trait5","pKWmEB","PstI.TP1044116","11","    7245","","1.1620","A"
"4","Trait5","pKWmEB","PstI.TP1044200","11","    7246","","0.3121","A"
"4","Trait5","pKWmEB","PstI.TP1044258","11","    7247","","0.0583","A"
"4","Trait5","pKWmEB","PstI.TP1044428","11","    7248","","0.0188","C"
"4","Trait5","pKWmEB","PstI.TP1044618","11","    7249","","1.0644","A"
"4","Trait5","pKWmEB","PstI.TP1044744","11","    7252","","0.1628","A"
"4","Trait5","pKWmEB","PstI.TP1044757","11","    7253","","0.1298","G"
"4","Trait5","pKWmEB","PstI.TP1045319","11","    7255","","0.1322","A"
"4","Trait5","pKWmEB","PstI.TP1045835","11","    7256","","0.1737","C"
"4","Trait5","pKWmEB","PstI.TP1045837","11","    7257","","0.7687","C"
"4","Trait5","pKWmEB","PstI.TP1046021","11","    7259","","0.0018","A"
"4","Trait5","pKWmEB","PstI.TP1046468","11","    7261","","0.4286","A"
"4","Trait5","pKWmEB","PstI.TP1046722","11","    7262","","0.0406","C"
"4","Trait5","pKWmEB","PstI.TP1046792","11","    7263","","0.7126","G"
"4","Trait5","pKWmEB","PstI.TP1046877","11","    7265","","0.2502","G"
"4","Trait5","pKWmEB","PstI.TP1047121","11","    7266","","0.5877","A"
"4","Trait5","pKWmEB","PstI.TP1047221","11","    7267","","0.5540","A"
"4","Trait5","pKWmEB","PstI.TP1047326","11","    7268","","0.3502","A"
"4","Trait5","pKWmEB","PstI.TP1047379","11","    7269","","0.4052","C"
"4","Trait5","pKWmEB","PstI.TP1047434","11","    7270","","0.5335","A"
"4","Trait5","pKWmEB","PstI.TP1047608","11","    7271","","0.5223","A"
"4","Trait5","pKWmEB","PstI.TP1047764","11","    7272","","0.1595","A"
"4","Trait5","pKWmEB","PstI.TP1047925","11","    7273","","0.1448","A"
"4","Trait5","pKWmEB","PstI.TP1047940","11","    7274","","0.1721","C"
"4","Trait5","pKWmEB","PstI.TP1048078","11","    7275","","0.1727","A"
"4","Trait5","pKWmEB","PstI.TP1048109","11","    7276","","0.1698","A"
"4","Trait5","pKWmEB","PstI.TP1048145","11","    7277","","0.0795","C"
"4","Trait5","pKWmEB","PstI.TP1048416","11","    7278","","1.0284","A"
"4","Trait5","pKWmEB","PstI.TP1048490","11","    7279","","0.3668","A"
"4","Trait5","pKWmEB","PstI.TP1048742","11","    7281","","0.0635","A"
"4","Trait5","pKWmEB","PstI.TP1048808","11","    7282","","1.2190","A"
"4","Trait5","pKWmEB","PstI.TP1049009","11","    7283","","2.4067","A"
"4","Trait5","pKWmEB","PstI.TP1049364","11","    7286","","0.3599","C"
"4","Trait5","pKWmEB","PstI.TP1049590","11","    7287","","0.1895","A"
"4","Trait5","pKWmEB","PstI.TP1049979","11","    7289","","0.1616","A"
"4","Trait5","pKWmEB","PstI.TP1050043","11","    7290","","0.4853","A"
"4","Trait5","pKWmEB","PstI.TP1050720","11","    7292","","0.7319","A"
"4","Trait5","pKWmEB","PstI.TP1050787","11","    7293","","0.2546","A"
"4","Trait5","pKWmEB","PstI.TP1050835","11","    7294","","0.5684","C"
"4","Trait5","pKWmEB","PstI.TP1050927","11","    7295","","1.9096","A"
"4","Trait5","pKWmEB","PstI.TP1051045","11","    7298","","0.5609","A"
"4","Trait5","pKWmEB","PstI.TP1051333","11","    7299","","1.6204","C"
"4","Trait5","pKWmEB","PstI.TP1052012","11","    7301","","0.1389","A"
"4","Trait5","pKWmEB","PstI.TP1052041","11","    7302","","0.3760","C"
"4","Trait5","pKWmEB","PstI.TP1052171","11","    7303","","0.5047","A"
"4","Trait5","pKWmEB","PstI.TP1052207","11","    7304","","0.4553","A"
"4","Trait5","pKWmEB","PstI.TP1052247","11","    7305","","0.4254","C"
"4","Trait5","pKWmEB","PstI.TP1052359","11","    7306","","0.0723","C"
"4","Trait5","pKWmEB","PstI.TP1052416","11","    7307","","0.1656","A"
"4","Trait5","pKWmEB","PstI.TP1052479","11","    7310","","0.0759","C"
"4","Trait5","pKWmEB","PstI.TP1053156","11","    7312","","0.7932","A"
"4","Trait5","pKWmEB","PstI.TP1053379","11","    7313","","0.1960","A"
"4","Trait5","pKWmEB","PstI.TP1053528","11","    7315","","0.4125","A"
"4","Trait5","pKWmEB","PstI.TP1053561","11","    7316","","0.0129","A"
"4","Trait5","pKWmEB","PstI.TP1053664","11","    7317","","0.6610","G"
"4","Trait5","pKWmEB","PstI.TP1053692","11","    7318","","0.4650","A"
"4","Trait5","pKWmEB","PstI.TP1053731","11","    7319","","0.0408","A"
"4","Trait5","pKWmEB","PstI.TP1053740","11","    7321","","0.6677","C"
"4","Trait5","pKWmEB","PstI.TP1053935","11","    7325","","0.0947","A"
"4","Trait5","pKWmEB","PstI.TP1053948","11","    7326","","0.8629","C"
"4","Trait5","pKWmEB","PstI.TP1054049","11","    7328","","0.3908","A"
"4","Trait5","pKWmEB","PstI.TP1054061","11","    7329","","0.4357","A"
"4","Trait5","pKWmEB","PstI.TP1054223","11","    7330","","0.4235","A"
"4","Trait5","pKWmEB","PstI.TP1054267","11","    7331","","0.1134","C"
"4","Trait5","pKWmEB","PstI.TP1054353","11","    7333","","0.6637","A"
"4","Trait5","pKWmEB","PstI.TP1054357","11","    7334","","0.0018","C"
"4","Trait5","pKWmEB","PstI.TP1054721","11","    7335","","0.5490","A"
"4","Trait5","pKWmEB","PstI.TP1054839","11","    7336","","1.1967","C"
"4","Trait5","pKWmEB","PstI.TP1054843","11","    7337","","0.7171","A"
"4","Trait5","pKWmEB","PstI.TP1055177","11","    7341","","0.1610","C"
"4","Trait5","pKWmEB","PstI.TP1055181","11","    7342","","0.1388","A"
"4","Trait5","pKWmEB","PstI.TP1055381","11","    7344","","0.2385","A"
"4","Trait5","pKWmEB","PstI.TP1055511","11","    7345","","0.2475","A"
"4","Trait5","pKWmEB","PstI.TP1055532","11","    7347","","0.1004","A"
"4","Trait5","pKWmEB","PstI.TP1055830","11","    7348","","0.2009","C"
"4","Trait5","pKWmEB","PstI.TP1055947","11","    7349","","0.2636","A"
"4","Trait5","pKWmEB","PstI.TP1055971","11","    7350","","0.5856","G"
"4","Trait5","pKWmEB","PstI.TP1056069","11","    7351","","0.0862","A"
"4","Trait5","pKWmEB","PstI.TP1056322","11","    7354","","0.6658","A"
"4","Trait5","pKWmEB","PstI.TP1056508","11","    7356","","0.0406","C"
"4","Trait5","pKWmEB","PstI.TP1056582","11","    7357","","0.5769","C"
"4","Trait5","pKWmEB","PstI.TP1056618","11","    7358","","0.0175","A"
"4","Trait5","pKWmEB","PstI.TP1057007","11","    7360","","0.7655","A"
"4","Trait5","pKWmEB","PstI.TP1057039","11","    7361","","0.0625","C"
"4","Trait5","pKWmEB","PstI.TP1057670","11","    7365","","1.0684","G"
"4","Trait5","pKWmEB","PstI.TP1057943","11","    7366","","0.0470","C"
"4","Trait5","pKWmEB","PstI.TP1058517","11","    7367","","0.3731","A"
"4","Trait5","pKWmEB","PstI.TP1058739","11","    7368","","0.6185","C"
"4","Trait5","pKWmEB","PstI.TP1058810","11","    7369","","0.0715","C"
"4","Trait5","pKWmEB","PstI.TP1058867","11","    7370","","1.4826","A"
"4","Trait5","pKWmEB","PstI.TP1059192","11","    7372","","0.3285","C"
"4","Trait5","pKWmEB","PstI.TP1059224","11","    7374","","0.0947","A"
"4","Trait5","pKWmEB","PstI.TP1059540","11","    7375","","0.1579","C"
"4","Trait5","pKWmEB","PstI.TP1059541","11","    7376","","0.4512","A"
"4","Trait5","pKWmEB","PstI.TP1059562","11","    7377","","0.2024","A"
"4","Trait5","pKWmEB","PstI.TP1059564","11","    7378","","0.2802","A"
"4","Trait5","pKWmEB","PstI.TP1059825","11","    7379","","0.2389","A"
"4","Trait5","pKWmEB","PstI.TP1059902","11","    7380","","0.8723","A"
"4","Trait5","pKWmEB","PstI.TP1059910","11","    7381","","0.3866","A"
"4","Trait5","pKWmEB","PstI.TP1060055","11","    7383","","0.5972","A"
"4","Trait5","pKWmEB","PstI.TP1060073","11","    7384","","0.5316","A"
"4","Trait5","pKWmEB","PstI.TP1060171","11","    7385","","0.4380","A"
"4","Trait5","pKWmEB","PstI.TP1060488","11","    7386","","0.0556","A"
"4","Trait5","pKWmEB","PstI.TP1060680","11","    7387","","0.0558","G"
"4","Trait5","pKWmEB","PstI.TP1060721","11","    7388","","0.8260","C"
"4","Trait5","pKWmEB","PstI.TP1060763","11","    7389","","0.4741","A"
"4","Trait5","pKWmEB","PstI.TP1060830","11","    7390","","0.1218","G"
"4","Trait5","pKWmEB","PstI.TP1060947","11","    7391","","1.3195","A"
"4","Trait5","pKWmEB","PstI.TP1061303","11","    7392","","0.3638","C"
"4","Trait5","pKWmEB","PstI.TP1061874","11","    7393","","0.3802","A"
"4","Trait5","pKWmEB","PstI.TP1061914","11","    7394","","0.2775","C"
"4","Trait5","pKWmEB","PstI.TP1061935","11","    7395","","0.7360","C"
"4","Trait5","pKWmEB","PstI.TP1062084","11","    7397","","2.4312","A"
"4","Trait5","pKWmEB","PstI.TP1062268","11","    7398","","0.0779","A"
"4","Trait5","pKWmEB","PstI.TP1062425","11","    7399","","0.7358","A"
"4","Trait5","pKWmEB","PstI.TP1062476","11","    7400","","0.3861","A"
"4","Trait5","pKWmEB","PstI.TP1062625","11","    7402","","0.5039","C"
"4","Trait5","pKWmEB","PstI.TP1062918","11","    7403","","0.5795","C"
"4","Trait5","pKWmEB","PstI.TP1063019","11","    7404","","0.5270","C"
"4","Trait5","pKWmEB","PstI.TP1063157","11","    7405","","0.2747","A"
"4","Trait5","pKWmEB","PstI.TP1063390","11","    7407","","1.0652","C"
"4","Trait5","pKWmEB","PstI.TP1063463","11","    7409","","0.0163","C"
"4","Trait5","pKWmEB","PstI.TP1064102","11","    7412","","0.3461","G"
"4","Trait5","pKWmEB","PstI.TP1064206","11","    7413","","0.5624","A"
"4","Trait5","pKWmEB","PstI.TP1064229","11","    7414","","0.0938","C"
"4","Trait5","pKWmEB","PstI.TP1064311","11","    7415","","0.2421","C"
"4","Trait5","pKWmEB","PstI.TP1064748","11","    7418","","0.1350","A"
"4","Trait5","pKWmEB","PstI.TP1065187","11","    7419","","0.4818","G"
"4","Trait5","pKWmEB","PstI.TP1065202","11","    7420","","0.3193","C"
"4","Trait5","pKWmEB","PstI.TP1065335","11","    7422","","0.5720","C"
"4","Trait5","pKWmEB","PstI.TP1065437","11","    7424","","0.2851","A"
"4","Trait5","pKWmEB","PstI.TP1065600","11","    7425","","0.0603","C"
"4","Trait5","pKWmEB","PstI.TP1065949","11","    7426","","0.0314","A"
"4","Trait5","pKWmEB","PstI.TP1066094","11","    7427","","0.5374","A"
"4","Trait5","pKWmEB","PstI.TP1066171","11","    7428","","0.1448","C"
"4","Trait5","pKWmEB","PstI.TP1066544","11","    7429","","0.2852","C"
"4","Trait5","pKWmEB","PstI.TP1066588","11","    7430","","0.4161","A"
"4","Trait5","pKWmEB","PstI.TP1066774","11","    7431","","0.5704","A"
"4","Trait5","pKWmEB","PstI.TP1067065","11","    7432","","0.4841","C"
"4","Trait5","pKWmEB","PstI.TP1067317","11","    7433","","0.3279","C"
"4","Trait5","pKWmEB","PstI.TP1067575","11","    7434","","0.0570","A"
"4","Trait5","pKWmEB","PstI.TP1067674","11","    7435","","0.1146","C"
"4","Trait5","pKWmEB","PstI.TP1068317","11","    7437","","0.2092","C"
"4","Trait5","pKWmEB","PstI.TP1068412","11","    7438","","0.4943","A"
"4","Trait5","pKWmEB","PstI.TP1069050","11","    7440","","0.0461","C"
"4","Trait5","pKWmEB","PstI.TP1069375","11","    7443","","0.2472","A"
"4","Trait5","pKWmEB","PstI.TP1069500","11","    7445","","0.2905","C"
"4","Trait5","pKWmEB","PstI.TP1069612","11","    7446","","0.2801","C"
"4","Trait5","pKWmEB","PstI.TP1069729","11","    7448","","0.1737","A"
"4","Trait5","pKWmEB","PstI.TP1069991","11","    7449","","0.7026","G"
"4","Trait5","pKWmEB","PstI.TP1069998","11","    7450","","0.3038","C"
"4","Trait5","pKWmEB","PstI.TP1070109","11","    7451","","0.1200","A"
"4","Trait5","pKWmEB","PstI.TP1070143","11","    7452","","0.0336","C"
"4","Trait5","pKWmEB","PstI.TP1070277","11","    7453","","0.0768","C"
"4","Trait5","pKWmEB","PstI.TP1070341","11","    7454","","0.2446","A"
"4","Trait5","pKWmEB","PstI.TP1070416","11","    7455","","0.0013","C"
"4","Trait5","pKWmEB","PstI.TP1070528","11","    7456","","0.1646","C"
"4","Trait5","pKWmEB","PstI.TP1070567","11","    7457","","0.3646","A"
"4","Trait5","pKWmEB","PstI.TP1070665","11","    7458","","0.9013","A"
"4","Trait5","pKWmEB","PstI.TP1070733","11","    7459","","0.3372","C"
"4","Trait5","pKWmEB","PstI.TP1070781","11","    7460","","0.5669","A"
"4","Trait5","pKWmEB","PstI.TP1070913","11","    7461","","0.2813","C"
"4","Trait5","pKWmEB","PstI.TP1071073","11","    7463","","1.6491","A"
"4","Trait5","pKWmEB","PstI.TP1071178","11","    7464","","1.4631","C"
"4","Trait5","pKWmEB","PstI.TP1071296","11","    7466","","1.9240","C"
"4","Trait5","pKWmEB","PstI.TP1071340","11","    7467","","1.0912","A"
"4","Trait5","pKWmEB","PstI.TP1071477","11","    7469","","0.2158","C"
"4","Trait5","pKWmEB","PstI.TP1071502","11","    7470","","0.2768","A"
"4","Trait5","pKWmEB","PstI.TP1071605","11","    7472","","0.1598","G"
"4","Trait5","pKWmEB","PstI.TP1071655","11","    7473","","0.1473","C"
"4","Trait5","pKWmEB","PstI.TP1072193","11","    7475","","0.3343","A"
"4","Trait5","pKWmEB","PstI.TP1072225","11","    7476","","0.2427","C"
"4","Trait5","pKWmEB","PstI.TP1072231","11","    7477","","0.4948","A"
"4","Trait5","pKWmEB","PstI.TP1072474","11","    7479","","0.1427","A"
"4","Trait5","pKWmEB","PstI.TP1072724","11","    7481","","0.7170","C"
"4","Trait5","pKWmEB","PstI.TP1072839","11","    7482","","0.4031","C"
"4","Trait5","pKWmEB","PstI.TP1072937","11","    7483","","0.0998","C"
"4","Trait5","pKWmEB","PstI.TP1072979","11","    7484","","0.1771","A"
"4","Trait5","pKWmEB","PstI.TP1073089","11","    7485","","0.1257","C"
"4","Trait5","pKWmEB","PstI.TP1073318","11","    7486","","0.5902","A"
"4","Trait5","pKWmEB","PstI.TP1074015","11","    7489","","0.3151","A"
"4","Trait5","pKWmEB","PstI.TP1074130","11","    7490","","0.0038","C"
"4","Trait5","pKWmEB","PstI.TP1074153","11","    7491","","1.1653","C"
"4","Trait5","pKWmEB","PstI.TP1074232","11","    7492","","0.5934","C"
"4","Trait5","pKWmEB","PstI.TP1074299","11","    7494","","0.0067","A"
"4","Trait5","pKWmEB","PstI.TP1074300","11","    7495","","0.0785","C"
"4","Trait5","pKWmEB","PstI.TP1074519","11","    7497","","0.7937","G"
"4","Trait5","pKWmEB","PstI.TP1074620","11","    7499","","0.7777","A"
"4","Trait5","pKWmEB","PstI.TP1074637","11","    7500","","0.9836","C"
"4","Trait5","pKWmEB","PstI.TP1074812","11","    7501","","0.0346","A"
"4","Trait5","pKWmEB","PstI.TP1074983","11","    7502","","0.7361","C"
"4","Trait5","pKWmEB","PstI.TP1075510","11","    7503","","0.2819","A"
"4","Trait5","pKWmEB","PstI.TP1075605","11","    7505","","0.6658","A"
"4","Trait5","pKWmEB","PstI.TP1075783","11","    7506","","0.8953","C"
"4","Trait5","pKWmEB","PstI.TP1075828","11","    7507","","0.0457","A"
"4","Trait5","pKWmEB","PstI.TP1076020","11","    7508","","0.2049","C"
"4","Trait5","pKWmEB","PstI.TP1076989","11","    7509","","0.1482","C"
"4","Trait5","pKWmEB","PstI.TP1077279","11","    7511","","0.5378","A"
"4","Trait5","pKWmEB","PstI.TP1077481","11","    7512","","1.4424","C"
"4","Trait5","pKWmEB","PstI.TP1077538","11","    7514","","0.6454","C"
"4","Trait5","pKWmEB","PstI.TP1077765","11","    7515","","0.5099","G"
"4","Trait5","pKWmEB","PstI.TP1077788","11","    7516","","0.2216","A"
"4","Trait5","pKWmEB","PstI.TP1077834","11","    7517","","1.2025","A"
"4","Trait5","pKWmEB","PstI.TP1077920","11","    7518","","0.3858","C"
"4","Trait5","pKWmEB","PstI.TP1078053","11","    7520","","0.0780","G"
"4","Trait5","pKWmEB","PstI.TP1078154","11","    7521","","0.0448","A"
"4","Trait5","pKWmEB","PstI.TP1078202","11","    7522","","0.0746","C"
"4","Trait5","pKWmEB","PstI.TP1078209","11","    7523","","0.4200","C"
"4","Trait5","pKWmEB","PstI.TP1078219","11","    7524","","0.0220","A"
"4","Trait5","pKWmEB","PstI.TP1078281","11","    7525","","0.5192","C"
"4","Trait5","pKWmEB","PstI.TP1078384","11","    7527","","0.1186","C"
"4","Trait5","pKWmEB","PstI.TP1078392","11","    7528","","0.8382","A"
"4","Trait5","pKWmEB","PstI.TP1078462","11","    7529","","0.6816","C"
"4","Trait5","pKWmEB","PstI.TP1078544","11","    7530","","1.1747","C"
"4","Trait5","pKWmEB","PstI.TP1078578","11","    7531","","0.3777","A"
"4","Trait5","pKWmEB","PstI.TP1079130","11","    7533","","0.4114","C"
"4","Trait5","pKWmEB","PstI.TP1079248","11","    7534","","0.0170","C"
"4","Trait5","pKWmEB","PstI.TP1079579","11","    7537","","0.4541","A"
"4","Trait5","pKWmEB","PstI.TP1079869","11","    7539","","0.5660","A"
"4","Trait5","pKWmEB","PstI.TP1079926","11","    7540","","0.1007","A"
"4","Trait5","pKWmEB","PstI.TP1079952","11","    7541","","0.4380","A"
"4","Trait5","pKWmEB","PstI.TP1079991","11","    7542","","0.3762","A"
"4","Trait5","pKWmEB","PstI.TP1080085","11","    7543","","0.2654","A"
"4","Trait5","pKWmEB","PstI.TP1080106","11","    7544","","0.3902","A"
"4","Trait5","pKWmEB","PstI.TP1080135","11","    7545","","0.1700","A"
"4","Trait5","pKWmEB","PstI.TP1080168","11","    7546","","0.1096","G"
"4","Trait5","pKWmEB","PstI.TP1080476","11","    7547","","0.7076","C"
"4","Trait5","pKWmEB","PstI.TP1080725","11","    7548","","0.3111","G"
"4","Trait5","pKWmEB","PstI.TP1080799","11","    7549","","0.7690","C"
"4","Trait5","pKWmEB","PstI.TP1081584","11","    7551","","0.2463","A"
"4","Trait5","pKWmEB","PstI.TP1081718","11","    7552","","0.0177","A"
"4","Trait5","pKWmEB","PstI.TP1081719","11","    7553","","0.5957","C"
"4","Trait5","pKWmEB","PstI.TP1081774","11","    7554","","0.2827","A"
"4","Trait5","pKWmEB","PstI.TP1082042","11","    7555","","1.1141","A"
"4","Trait5","pKWmEB","PstI.TP1082413","11","    7556","","0.5375","C"
"4","Trait5","pKWmEB","PstI.TP1082638","11","    7557","","1.3289","C"
"4","Trait5","pKWmEB","PstI.TP1082731","11","    7558","","0.3371","A"
"4","Trait5","pKWmEB","PstI.TP1082780","11","    7559","","0.4068","G"
"4","Trait5","pKWmEB","PstI.TP1083012","11","    7560","","1.2686","A"
"4","Trait5","pKWmEB","PstI.TP1083312","11","    7562","","0.1610","G"
"4","Trait5","pKWmEB","PstI.TP1083569","11","    7563","","0.5231","C"
"4","Trait5","pKWmEB","PstI.TP1083935","11","    7564","","0.4323","C"
"4","Trait5","pKWmEB","PstI.TP1084158","11","    7565","","1.2140","C"
"4","Trait5","pKWmEB","PstI.TP1084246","11","    7566","","0.2208","A"
"4","Trait5","pKWmEB","PstI.TP1084297","11","    7567","","0.7047","G"
"4","Trait5","pKWmEB","PstI.TP1084530","11","    7569","","0.6012","C"
"4","Trait5","pKWmEB","PstI.TP1084627","11","    7570","","0.6084","C"
"4","Trait5","pKWmEB","PstI.TP1084644","11","    7571","","0.0631","A"
"4","Trait5","pKWmEB","PstI.TP1084700","11","    7572","","1.0458","C"
"4","Trait5","pKWmEB","PstI.TP1085371","11","    7577","","0.0998","C"
"4","Trait5","pKWmEB","PstI.TP1086389","11","    7579","","0.5406","C"
"4","Trait5","pKWmEB","PstI.TP1086505","11","    7580","","0.1705","C"
"4","Trait5","pKWmEB","PstI.TP1086510","11","    7581","","0.4709","C"
"4","Trait5","pKWmEB","PstI.TP1086543","11","    7582","","0.8612","A"
"4","Trait5","pKWmEB","PstI.TP1086739","11","    7583","","0.7387","A"
"4","Trait5","pKWmEB","PstI.TP1086763","11","    7584","","0.2863","C"
"4","Trait5","pKWmEB","PstI.TP1087179","11","    7585","","0.5015","A"
"4","Trait5","pKWmEB","PstI.TP1087180","11","    7586","","0.1848","C"
"4","Trait5","pKWmEB","PstI.TP1087235","11","    7587","","0.9017","A"
"4","Trait5","pKWmEB","PstI.TP1087551","11","    7589","","0.4776","G"
"4","Trait5","pKWmEB","PstI.TP1087763","11","    7590","","0.0030","A"
"4","Trait5","pKWmEB","PstI.TP1087906","11","    7591","","0.2386","A"
"4","Trait5","pKWmEB","PstI.TP1088009","11","    7593","","0.2052","A"
"4","Trait5","pKWmEB","PstI.TP1088018","11","    7594","","0.3432","A"
"4","Trait5","pKWmEB","PstI.TP1088038","11","    7595","","0.4399","A"
"4","Trait5","pKWmEB","PstI.TP1088058","11","    7596","","0.1722","A"
"4","Trait5","pKWmEB","PstI.TP1088064","11","    7597","","0.7520","A"
"4","Trait5","pKWmEB","PstI.TP1088574","11","    7599","","0.0797","C"
"4","Trait5","pKWmEB","PstI.TP1088710","11","    7600","","0.1670","A"
"4","Trait5","pKWmEB","PstI.TP1088829","11","    7601","","0.2094","A"
"4","Trait5","pKWmEB","PstI.TP1089091","11","    7602","","0.1497","A"
"4","Trait5","pKWmEB","PstI.TP1089275","11","    7603","","1.4303","A"
"4","Trait5","pKWmEB","PstI.TP1089362","11","    7604","","0.1992","G"
"4","Trait5","pKWmEB","PstI.TP1089490","11","    7605","","0.0828","C"
"4","Trait5","pKWmEB","PstI.TP1089516","11","    7606","","0.0999","A"
"4","Trait5","pKWmEB","PstI.TP1089520","11","    7607","","0.0068","A"
"4","Trait5","pKWmEB","PstI.TP1089530","11","    7608","","0.2757","A"
"4","Trait5","pKWmEB","PstI.TP1089756","11","    7610","","0.1622","A"
"4","Trait5","pKWmEB","PstI.TP1089868","11","    7611","","0.7411","C"
"4","Trait5","pKWmEB","PstI.TP1090440","11","    7612","","0.3334","A"
"4","Trait5","pKWmEB","PstI.TP1090522","11","    7613","","0.9777","A"
"4","Trait5","pKWmEB","PstI.TP1090634","11","    7614","","0.0237","A"
"4","Trait5","pKWmEB","PstI.TP1090692","11","    7615","","0.5594","G"
"4","Trait5","pKWmEB","PstI.TP1090755","11","    7616","","0.0061","G"
"4","Trait5","pKWmEB","PstI.TP1090776","11","    7617","","0.0861","C"
"4","Trait5","pKWmEB","PstI.TP1091168","11","    7618","","0.1032","G"
"4","Trait5","pKWmEB","PstI.TP1091563","11","    7620","","0.3643","C"
"4","Trait5","pKWmEB","PstI.TP1091711","11","    7622","","0.0498","A"
"4","Trait5","pKWmEB","PstI.TP1091731","11","    7624","","0.2126","A"
"4","Trait5","pKWmEB","PstI.TP1091804","11","    7625","","0.4141","A"
"4","Trait5","pKWmEB","PstI.TP1091870","11","    7627","","0.3761","G"
"4","Trait5","pKWmEB","PstI.TP1092068","11","    7628","","0.0259","C"
"4","Trait5","pKWmEB","PstI.TP1092123","11","    7629","","0.2644","A"
"4","Trait5","pKWmEB","PstI.TP1092146","11","    7630","","1.0388","G"
"4","Trait5","pKWmEB","PstI.TP1092406","11","    7631","","0.1024","C"
"4","Trait5","pKWmEB","PstI.TP1092594","11","    7633","","0.3041","A"
"4","Trait5","pKWmEB","PstI.TP1092614","11","    7634","","0.6993","A"
"4","Trait5","pKWmEB","PstI.TP1092641","11","    7635","","0.9614","C"
"4","Trait5","pKWmEB","PstI.TP1092701","11","    7636","","0.0703","G"
"4","Trait5","pKWmEB","PstI.TP1092851","11","    7637","","0.3263","C"
"4","Trait5","pKWmEB","PstI.TP1092900","11","    7638","","0.4122","C"
"4","Trait5","pKWmEB","PstI.TP1092931","11","    7639","","0.4564","A"
"4","Trait5","pKWmEB","PstI.TP1092934","11","    7640","","0.0730","A"
"4","Trait5","pKWmEB","PstI.TP1092945","11","    7641","","0.6527","A"
"4","Trait5","pKWmEB","PstI.TP1093037","11","    7642","","0.3396","C"
"4","Trait5","pKWmEB","PstI.TP1093421","11","    7643","","0.0397","C"
"4","Trait5","pKWmEB","PstI.TP1093605","11","    7645","","0.1278","A"
"4","Trait5","pKWmEB","PstI.TP1093711","11","    7647","","0.8613","A"
"4","Trait5","pKWmEB","PstI.TP1093749","11","    7648","","0.0957","A"
"4","Trait5","pKWmEB","PstI.TP1093776","11","    7649","","0.0118","A"
"4","Trait5","pKWmEB","PstI.TP1094459","11","    7653","","0.7704","A"
"4","Trait5","pKWmEB","PstI.TP1094699","11","    7654","","0.1637","C"
"4","Trait5","pKWmEB","PstI.TP1094772","11","    7655","","0.0411","A"
"4","Trait5","pKWmEB","PstI.TP1094844","11","    7656","","0.7729","A"
"4","Trait5","pKWmEB","PstI.TP1094875","11","    7657","","0.0757","A"
"4","Trait5","pKWmEB","PstI.TP1095011","11","    7660","","0.5196","A"
"4","Trait5","pKWmEB","PstI.TP1095030","11","    7661","","1.7074","C"
"4","Trait5","pKWmEB","PstI.TP1095306","11","    7662","","0.2655","C"
"4","Trait5","pKWmEB","PstI.TP1095393","11","    7663","","0.0807","C"
"4","Trait5","pKWmEB","PstI.TP1095675","11","    7664","","0.3738","C"
"4","Trait5","pKWmEB","PstI.TP1095751","11","    7665","","0.1905","C"
"4","Trait5","pKWmEB","PstI.TP1095770","11","    7666","","0.0877","G"
"4","Trait5","pKWmEB","PstI.TP1096323","11","    7667","","0.3271","C"
"4","Trait5","pKWmEB","PstI.TP1096552","11","    7668","","0.1873","C"
"4","Trait5","pKWmEB","PstI.TP1097099","11","    7671","","0.2050","A"
"4","Trait5","pKWmEB","PstI.TP1097115","11","    7672","","0.7108","A"
"4","Trait5","pKWmEB","PstI.TP1097162","11","    7673","","0.5498","G"
"4","Trait5","pKWmEB","PstI.TP1097359","11","    7675","","0.1803","A"
"4","Trait5","pKWmEB","PstI.TP1097429","11","    7676","","0.4364","A"
"4","Trait5","pKWmEB","PstI.TP1097463","11","    7677","","0.1666","A"
"4","Trait5","pKWmEB","PstI.TP1097474","11","    7678","","0.2204","C"
"4","Trait5","pKWmEB","PstI.TP1097479","11","    7679","","0.1542","C"
"4","Trait5","pKWmEB","PstI.TP1097617","11","    7680","","0.6612","C"
"4","Trait5","pKWmEB","PstI.TP1097728","11","    7681","","0.0009","C"
"4","Trait5","pKWmEB","PstI.TP1098439","11","    7683","","0.0197","A"
"4","Trait5","pKWmEB","PstI.TP1098700","11","    7684","","0.1844","A"
"4","Trait5","pKWmEB","PstI.TP1098749","11","    7686","","0.7844","C"
"4","Trait5","pKWmEB","PstI.TP1098788","11","    7687","","0.4077","C"
"4","Trait5","pKWmEB","PstI.TP1098978","11","    7690","","0.8145","A"
"4","Trait5","pKWmEB","PstI.TP1099377","11","    7691","","0.4482","C"
"4","Trait5","pKWmEB","PstI.TP1099688","11","    7692","","0.2649","A"
"4","Trait5","pKWmEB","PstI.TP1099792","11","    7693","","0.5271","A"
"4","Trait5","pKWmEB","PstI.TP1099972","11","    7694","","1.2313","C"
"4","Trait5","pKWmEB","PstI.TP1100017","11","    7695","","0.3563","A"
"4","Trait5","pKWmEB","PstI.TP1100364","11","    7697","","2.1453","A"
"4","Trait5","pKWmEB","PstI.TP1100378","11","    7698","","0.0684","G"
"4","Trait5","pKWmEB","PstI.TP1100532","11","    7699","","0.0299","A"
"4","Trait5","pKWmEB","PstI.TP1100745","11","    7701","","0.7295","A"
"4","Trait5","pKWmEB","PstI.TP1100995","11","    7703","","0.0897","C"
"4","Trait5","pKWmEB","PstI.TP1101021","11","    7704","","0.2473","A"
"4","Trait5","pKWmEB","PstI.TP1101430","11","    7706","","0.4013","C"
"4","Trait5","pKWmEB","PstI.TP1101631","11","    7707","","0.0158","G"
"4","Trait5","pKWmEB","PstI.TP1101910","11","    7708","","1.2257","A"
"4","Trait5","pKWmEB","PstI.TP1102206","11","    7711","","0.3851","C"
"4","Trait5","pKWmEB","PstI.TP1102261","11","    7712","","0.2006","C"
"4","Trait5","pKWmEB","PstI.TP1102451","11","    7714","","0.1981","C"
"4","Trait5","pKWmEB","PstI.TP1102598","11","    7715","","2.2579","C"
"4","Trait5","pKWmEB","PstI.TP1102606","11","    7716","","0.6789","A"
"4","Trait5","pKWmEB","PstI.TP1103348","11","    7717","","0.4676","A"
"4","Trait5","pKWmEB","PstI.TP1103456","11","    7721","","0.1236","A"
"4","Trait5","pKWmEB","PstI.TP1103719","11","    7722","","0.4372","A"
"4","Trait5","pKWmEB","PstI.TP1103883","11","    7723","","0.1353","A"
"4","Trait5","pKWmEB","PstI.TP1104096","11","    7724","","1.5447","G"
"4","Trait5","pKWmEB","PstI.TP1104168","11","    7725","","0.6634","C"
"4","Trait5","pKWmEB","PstI.TP1104209","11","    7726","","0.2145","A"
"4","Trait5","pKWmEB","PstI.TP1104392","11","    7727","","0.1113","C"
"4","Trait5","pKWmEB","PstI.TP1104522","11","    7730","","0.1616","C"
"4","Trait5","pKWmEB","PstI.TP1104539","11","    7731","","1.2121","A"
"4","Trait5","pKWmEB","PstI.TP1104616","11","    7732","","0.1068","C"
"4","Trait5","pKWmEB","PstI.TP1104643","11","    7733","","0.2859","C"
"4","Trait5","pKWmEB","PstI.TP1104730","11","    7734","","0.2982","A"
"4","Trait5","pKWmEB","PstI.TP1104816","11","    7736","","3.4911","C"
"4","Trait5","pKWmEB","PstI.TP1104827","11","    7737","","0.1804","A"
"4","Trait5","pKWmEB","PstI.TP1104967","11","    7738","","2.4010","A"
"4","Trait5","pKWmEB","PstI.TP1105170","11","    7739","","0.1584","A"
"4","Trait5","pKWmEB","PstI.TP1105223","11","    7740","","0.4568","C"
"4","Trait5","pKWmEB","PstI.TP1105386","11","    7742","","0.0625","C"
"4","Trait5","pKWmEB","PstI.TP1105417","11","    7743","","1.2166","C"
"4","Trait5","pKWmEB","PstI.TP1105691","11","    7745","","0.9848","C"
"4","Trait5","pKWmEB","PstI.TP1105889","11","    7746","","0.8281","C"
"4","Trait5","pKWmEB","PstI.TP1105906","11","    7747","","0.2770","A"
"4","Trait5","pKWmEB","PstI.TP1105951","11","    7748","","0.0825","C"
"4","Trait5","pKWmEB","PstI.TP1106131","11","    7749","","0.0267","A"
"4","Trait5","pKWmEB","PstI.TP1106286","11","    7750","","0.1202","A"
"4","Trait5","pKWmEB","PstI.TP1107169","11","    7752","","0.8569","G"
"4","Trait5","pKWmEB","PstI.TP1107629","11","    7755","","0.2777","G"
"4","Trait5","pKWmEB","PstI.TP1107833","11","    7757","","0.4277","C"
"4","Trait5","pKWmEB","PstI.TP1108069","11","    7758","","0.9459","C"
"4","Trait5","pKWmEB","PstI.TP1108114","11","    7759","","0.7024","A"
"4","Trait5","pKWmEB","PstI.TP1108229","11","    7760","","0.2258","C"
"4","Trait5","pKWmEB","PstI.TP1108304","11","    7761","","0.7008","G"
"4","Trait5","pKWmEB","PstI.TP1108344","11","    7762","","0.0389","A"
"4","Trait5","pKWmEB","PstI.TP1108404","11","    7763","","0.0348","C"
"4","Trait5","pKWmEB","PstI.TP1108547","11","    7764","","0.0109","C"
"4","Trait5","pKWmEB","PstI.TP1108796","11","    7766","","0.1237","C"
"4","Trait5","pKWmEB","PstI.TP1109180","11","    7768","","0.8284","C"
"4","Trait5","pKWmEB","PstI.TP1109641","11","    7771","","0.7929","A"
"4","Trait5","pKWmEB","PstI.TP1110236","11","    7772","","0.3324","C"
"4","Trait5","pKWmEB","PstI.TP1110489","11","    7773","","0.0659","A"
"4","Trait5","pKWmEB","PstI.TP1110544","11","    7774","","0.0321","A"
"4","Trait5","pKWmEB","PstI.TP1110764","11","    7776","","0.0000","C"
"4","Trait5","pKWmEB","PstI.TP1111251","11","    7778","","0.3025","A"
"4","Trait5","pKWmEB","PstI.TP1111691","11","    7779","","0.2584","A"
"4","Trait5","pKWmEB","PstI.TP1111766","11","    7780","","0.0256","A"
"4","Trait5","pKWmEB","PstI.TP1111777","11","    7781","","0.4879","C"
"4","Trait5","pKWmEB","PstI.TP1112209","11","    7783","","0.0524","A"
"4","Trait5","pKWmEB","PstI.TP1112303","11","    7784","","0.5316","C"
"4","Trait5","pKWmEB","PstI.TP1112578","11","    7787","","0.0586","A"
"4","Trait5","pKWmEB","PstI.TP1112621","11","    7789","","1.0093","C"
"4","Trait5","pKWmEB","PstI.TP1112734","11","    7790","","0.0592","C"
"4","Trait5","pKWmEB","PstI.TP1113065","11","    7791","","0.1689","A"
"4","Trait5","pKWmEB","PstI.TP1113107","11","    7792","","0.6917","A"
"4","Trait5","pKWmEB","PstI.TP1113201","11","    7794","","1.2030","A"
"4","Trait5","pKWmEB","PstI.TP1113424","11","    7797","","0.5248","A"
"4","Trait5","pKWmEB","PstI.TP1113610","11","    7798","","0.4900","C"
"4","Trait5","pKWmEB","PstI.TP1113615","11","    7799","","0.0659","C"
"4","Trait5","pKWmEB","PstI.TP1113732","11","    7800","","1.3733","C"
"4","Trait5","pKWmEB","PstI.TP1113836","11","    7801","","0.8384","C"
"4","Trait5","pKWmEB","PstI.TP1114007","11","    7802","","1.7659","C"
"4","Trait5","pKWmEB","PstI.TP1114127","11","    7803","","0.8345","C"
"4","Trait5","pKWmEB","PstI.TP1114142","11","    7804","","0.2052","A"
"4","Trait5","pKWmEB","PstI.TP1114187","11","    7805","","0.4280","G"
"4","Trait5","pKWmEB","PstI.TP1114362","11","    7807","","0.2572","A"
"4","Trait5","pKWmEB","PstI.TP1114610","11","    7809","","0.0976","C"
"4","Trait5","pKWmEB","PstI.TP1114613","11","    7810","","0.2238","C"
"4","Trait5","pKWmEB","PstI.TP1114695","11","    7811","","0.4491","G"
"4","Trait5","pKWmEB","PstI.TP1114719","11","    7812","","0.1098","A"
"4","Trait5","pKWmEB","PstI.TP1114850","11","    7813","","0.6174","A"
"4","Trait5","pKWmEB","PstI.TP1115283","11","    7816","","0.4869","A"
"4","Trait5","pKWmEB","PstI.TP1115285","11","    7817","","0.1471","A"
"4","Trait5","pKWmEB","PstI.TP1115398","11","    7818","","0.0497","G"
"4","Trait5","pKWmEB","PstI.TP1115634","11","    7820","","0.1477","C"
"4","Trait5","pKWmEB","PstI.TP1115683","11","    7821","","2.0210","C"
"4","Trait5","pKWmEB","PstI.TP1115849","11","    7823","","0.0647","A"
"4","Trait5","pKWmEB","PstI.TP1115853","11","    7824","","1.9424","A"
"4","Trait5","pKWmEB","PstI.TP1115875","11","    7825","","0.6056","A"
"4","Trait5","pKWmEB","PstI.TP1115898","11","    7826","","0.2881","C"
"4","Trait5","pKWmEB","PstI.TP1116215","11","    7827","","0.4145","A"
"4","Trait5","pKWmEB","PstI.TP1116419","11","    7828","","0.1346","A"
"4","Trait5","pKWmEB","PstI.TP1116437","11","    7829","","0.4399","A"
"4","Trait5","pKWmEB","PstI.TP1116487","11","    7830","","0.3023","A"
"4","Trait5","pKWmEB","PstI.TP1116491","11","    7831","","0.6612","A"
"4","Trait5","pKWmEB","PstI.TP1116493","11","    7832","","1.5970","C"
"4","Trait5","pKWmEB","PstI.TP1116623","11","    7833","","0.7968","A"
"4","Trait5","pKWmEB","PstI.TP1116747","11","    7834","","0.3114","A"
"4","Trait5","pKWmEB","PstI.TP1117181","11","    7837","","0.6386","A"
"4","Trait5","pKWmEB","PstI.TP1117297","11","    7838","","1.0767","C"
"4","Trait5","pKWmEB","PstI.TP1117304","11","    7839","","0.2891","C"
"4","Trait5","pKWmEB","PstI.TP1117461","11","    7842","","1.6667","A"
"4","Trait5","pKWmEB","PstI.TP1117554","11","    7844","","0.5325","A"
"4","Trait5","pKWmEB","PstI.TP1117569","11","    7845","","0.5266","A"
"4","Trait5","pKWmEB","PstI.TP1117908","11","    7846","","1.0041","A"
"4","Trait5","pKWmEB","PstI.TP1118065","11","    7847","","0.2173","A"
"4","Trait5","pKWmEB","PstI.TP1118498","11","    7852","","0.6460","A"
"4","Trait5","pKWmEB","PstI.TP1118524","11","    7853","","0.1448","C"
"4","Trait5","pKWmEB","PstI.TP1118556","11","    7854","","0.0799","G"
"4","Trait5","pKWmEB","PstI.TP1118684","11","    7855","","0.4095","A"
"4","Trait5","pKWmEB","PstI.TP1118727","11","    7856","","0.0268","A"
"4","Trait5","pKWmEB","PstI.TP1118734","11","    7857","","0.3772","A"
"4","Trait5","pKWmEB","PstI.TP1119422","11","    7860","","0.9356","C"
"4","Trait5","pKWmEB","PstI.TP1119548","11","    7861","","0.2440","G"
"4","Trait5","pKWmEB","PstI.TP1120028","11","    7862","","0.2694","A"
"4","Trait5","pKWmEB","PstI.TP1120091","11","    7864","","0.9290","C"
"4","Trait5","pKWmEB","PstI.TP1120171","11","    7865","","0.5248","C"
"4","Trait5","pKWmEB","PstI.TP1120317","11","    7867","","0.0251","C"
"4","Trait5","pKWmEB","PstI.TP1120630","11","    7868","","0.0960","C"
"4","Trait5","pKWmEB","PstI.TP1120784","11","    7869","","0.9075","A"
"4","Trait5","pKWmEB","PstI.TP1120883","11","    7870","","1.4811","A"
"4","Trait5","pKWmEB","PstI.TP1121083","11","    7872","","0.0353","A"
"4","Trait5","pKWmEB","PstI.TP1121842","11","    7873","","1.3134","A"
"4","Trait5","pKWmEB","PstI.TP1121933","11","    7875","","0.3198","C"
"4","Trait5","pKWmEB","PstI.TP1122952","11","    7877","","0.0170","A"
"4","Trait5","pKWmEB","PstI.TP1123085","11","    7878","","0.5326","A"
"4","Trait5","pKWmEB","PstI.TP1123176","11","    7879","","0.3423","A"
"4","Trait5","pKWmEB","PstI.TP1123232","11","    7880","","0.1919","C"
"4","Trait5","pKWmEB","PstI.TP1123426","11","    7881","","0.0046","G"
"4","Trait5","pKWmEB","PstI.TP1123526","11","    7883","","0.0098","C"
"4","Trait5","pKWmEB","PstI.TP1123565","11","    7884","","0.0602","G"
"4","Trait5","pKWmEB","PstI.TP1123581","11","    7885","","0.5571","A"
"4","Trait5","pKWmEB","PstI.TP1123892","11","    7887","","0.1180","C"
"4","Trait5","pKWmEB","PstI.TP1123937","11","    7888","","0.2279","A"
"4","Trait5","pKWmEB","PstI.TP1124076","11","    7889","","0.0095","C"
"4","Trait5","pKWmEB","PstI.TP1124175","11","    7890","","0.0111","A"
"4","Trait5","pKWmEB","PstI.TP1124199","11","    7891","","0.0119","A"
"4","Trait5","pKWmEB","PstI.TP1124649","11","    7892","","0.9682","A"
"4","Trait5","pKWmEB","PstI.TP1125627","11","    7894","","0.2339","A"
"4","Trait5","pKWmEB","PstI.TP1125669","11","    7895","","0.3501","C"
"4","Trait5","pKWmEB","PstI.TP1125774","11","    7896","","0.0078","G"
"4","Trait5","pKWmEB","PstI.TP1126117","11","    7898","","0.0719","A"
"4","Trait5","pKWmEB","PstI.TP1126134","11","    7899","","0.4816","A"
"4","Trait5","pKWmEB","PstI.TP1126158","11","    7900","","0.1522","C"
"4","Trait5","pKWmEB","PstI.TP1126293","11","    7902","","0.4947","C"
"4","Trait5","pKWmEB","PstI.TP1126574","11","    7903","","0.3511","A"
"4","Trait5","pKWmEB","PstI.TP1126952","11","    7904","","0.1858","C"
"4","Trait5","pKWmEB","PstI.TP1127105","11","    7905","","0.5544","A"
"4","Trait5","pKWmEB","PstI.TP1127146","11","    7907","","0.0123","A"
"4","Trait5","pKWmEB","PstI.TP1127198","11","    7909","","0.4776","A"
"4","Trait5","pKWmEB","PstI.TP1127564","11","    7910","","0.2178","C"
"4","Trait5","pKWmEB","PstI.TP1127708","11","    7911","","0.2291","C"
"4","Trait5","pKWmEB","PstI.TP1127725","11","    7912","","0.2719","C"
"4","Trait5","pKWmEB","PstI.TP1127833","11","    7913","","0.0027","C"
"4","Trait5","pKWmEB","PstI.TP1128300","11","    7914","","0.0118","A"
"4","Trait5","pKWmEB","PstI.TP1128342","11","    7916","","0.2392","C"
"4","Trait5","pKWmEB","PstI.TP1128346","11","    7917","","0.3190","A"
"4","Trait5","pKWmEB","PstI.TP1128541","11","    7921","","1.0543","C"
"4","Trait5","pKWmEB","PstI.TP1128591","11","    7922","","0.0078","C"
"4","Trait5","pKWmEB","PstI.TP1128649","11","    7923","","0.0048","A"
"4","Trait5","pKWmEB","PstI.TP1128710","11","    7924","","0.1907","A"
"4","Trait5","pKWmEB","PstI.TP1128938","11","    7925","","0.4029","G"
"4","Trait5","pKWmEB","PstI.TP1128970","11","    7926","","1.6761","C"
"4","Trait5","pKWmEB","PstI.TP1129375","11","    7927","","0.4036","C"
"4","Trait5","pKWmEB","PstI.TP1129399","11","    7928","","0.0502","C"
"4","Trait5","pKWmEB","PstI.TP1130370","11","    7930","","0.3802","C"
"4","Trait5","pKWmEB","PstI.TP1130832","11","    7932","","0.1195","C"
"4","Trait5","pKWmEB","PstI.TP1130877","11","    7933","","0.7185","A"
"4","Trait5","pKWmEB","PstI.TP1130898","11","    7934","","0.8707","A"
"4","Trait5","pKWmEB","PstI.TP1131607","11","    7935","","0.9974","A"
"4","Trait5","pKWmEB","PstI.TP1131780","11","    7936","","0.5196","C"
"4","Trait5","pKWmEB","PstI.TP1131784","11","    7937","","1.6402","A"
"4","Trait5","pKWmEB","PstI.TP1131811","11","    7939","","0.5621","C"
"4","Trait5","pKWmEB","PstI.TP1131988","11","    7940","","0.5319","A"
"4","Trait5","pKWmEB","PstI.TP1132089","11","    7941","","0.1923","C"
"4","Trait5","pKWmEB","PstI.TP1132204","11","    7942","","0.0644","C"
"4","Trait5","pKWmEB","PstI.TP1132320","11","    7943","","0.2925","G"
"4","Trait5","pKWmEB","PstI.TP1132479","11","    7944","","0.6491","A"
"4","Trait5","pKWmEB","PstI.TP1132607","11","    7945","","0.0487","A"
"4","Trait5","pKWmEB","PstI.TP1132608","11","    7946","","0.3103","A"
"4","Trait5","pKWmEB","PstI.TP1132619","11","    7947","","0.6489","C"
"4","Trait5","pKWmEB","PstI.TP1134001","11","    7951","","0.0571","C"
"4","Trait5","pKWmEB","PstI.TP1134033","11","    7952","","0.5334","C"
"4","Trait5","pKWmEB","PstI.TP1134151","11","    7953","","0.4081","G"
"4","Trait5","pKWmEB","PstI.TP1134469","11","    7954","","0.3196","A"
"4","Trait5","pKWmEB","PstI.TP1134670","11","    7955","","0.1179","A"
"4","Trait5","pKWmEB","PstI.TP1134689","11","    7956","","0.2157","A"
"4","Trait5","pKWmEB","PstI.TP1134942","11","    7957","","1.4256","A"
"4","Trait5","pKWmEB","PstI.TP1135050","11","    7959","","0.0639","C"
"4","Trait5","pKWmEB","PstI.TP1135116","11","    7960","","0.7617","A"
"4","Trait5","pKWmEB","PstI.TP1135308","11","    7962","","0.2212","A"
"4","Trait5","pKWmEB","PstI.TP1135347","11","    7963","","0.1414","C"
"4","Trait5","pKWmEB","PstI.TP1135693","11","    7964","","0.5108","C"
"4","Trait5","pKWmEB","PstI.TP1135748","11","    7965","","0.9356","A"
"4","Trait5","pKWmEB","PstI.TP1135804","11","    7966","","0.1238","C"
"4","Trait5","pKWmEB","PstI.TP1135827","11","    7967","","0.9845","A"
"4","Trait5","pKWmEB","PstI.TP1136115","11","    7968","","0.0453","C"
"4","Trait5","pKWmEB","PstI.TP1137393","11","    7970","","0.3589","A"
"4","Trait5","pKWmEB","PstI.TP1137624","11","    7971","","0.5726","C"
"4","Trait5","pKWmEB","PstI.TP1137886","11","    7974","","1.3007","A"
"4","Trait5","pKWmEB","PstI.TP1137900","11","    7975","","0.8344","C"
"4","Trait5","pKWmEB","PstI.TP1138067","11","    7976","","0.0195","A"
"4","Trait5","pKWmEB","PstI.TP1138359","11","    7977","","1.0478","C"
"4","Trait5","pKWmEB","PstI.TP1138510","11","    7978","","1.2509","G"
"4","Trait5","pKWmEB","PstI.TP1138810","11","    7980","","0.8661","A"
"4","Trait5","pKWmEB","PstI.TP1139023","11","    7981","","0.9880","A"
"4","Trait5","pKWmEB","PstI.TP1139109","11","    7982","","1.0522","C"
"4","Trait5","pKWmEB","PstI.TP1139236","11","    7983","","0.0591","C"
"4","Trait5","pKWmEB","PstI.TP1139280","11","    7984","","0.3819","A"
"4","Trait5","pKWmEB","PstI.TP1139421","11","    7987","","0.0491","A"
"4","Trait5","pKWmEB","PstI.TP1140031","11","    7988","","0.0481","C"
"4","Trait5","pKWmEB","PstI.TP1140067","11","    7989","","0.8136","C"
"4","Trait5","pKWmEB","PstI.TP1140275","11","    7990","","0.6332","A"
"4","Trait5","pKWmEB","PstI.TP1140544","11","    7991","","2.9996","C"
"4","Trait5","pKWmEB","PstI.TP1140556","11","    7992","","0.0492","C"
"4","Trait5","pKWmEB","PstI.TP1140805","11","    7994","","0.0202","A"
"4","Trait5","pKWmEB","PstI.TP1141068","11","    7995","","0.1734","A"
"4","Trait5","pKWmEB","PstI.TP1141161","11","    7996","","0.2405","C"
"4","Trait5","pKWmEB","PstI.TP1141406","11","    7997","","0.1837","C"
"4","Trait5","pKWmEB","PstI.TP1141531","11","    7998","","1.5369","C"
"4","Trait5","pKWmEB","PstI.TP1141852","11","    8000","","0.1477","A"
"4","Trait5","pKWmEB","PstI.TP1142252","11","    8002","","0.7645","A"
"4","Trait5","pKWmEB","PstI.TP1142495","11","    8003","","0.1585","A"
"4","Trait5","pKWmEB","PstI.TP1142561","11","    8004","","1.2134","A"
"4","Trait5","pKWmEB","PstI.TP1142567","11","    8005","","0.0511","C"
"4","Trait5","pKWmEB","PstI.TP1142647","11","    8006","","0.0263","A"
"4","Trait5","pKWmEB","PstI.TP1142887","11","    8007","","1.0801","C"
"4","Trait5","pKWmEB","PstI.TP1143289","11","    8009","","0.1004","A"
"4","Trait5","pKWmEB","PstI.TP1143715","11","    8011","","0.1829","C"
"4","Trait5","pKWmEB","PstI.TP1143724","11","    8012","","0.6663","C"
"4","Trait5","pKWmEB","PstI.TP1144149","11","    8013","","1.5877","A"
"4","Trait5","pKWmEB","PstI.TP1144174","11","    8014","","0.1499","C"
"4","Trait5","pKWmEB","PstI.TP1144286","11","    8017","","0.6011","G"
"4","Trait5","pKWmEB","PstI.TP1144400","11","    8018","","0.0723","C"
"4","Trait5","pKWmEB","PstI.TP1144847","11","    8019","","0.2608","A"
"4","Trait5","pKWmEB","PstI.TP1144855","11","    8020","","0.3289","C"
"4","Trait5","pKWmEB","PstI.TP1144918","11","    8021","","0.2766","G"
"4","Trait5","pKWmEB","PstI.TP1144993","11","    8022","","0.1759","C"
"4","Trait5","pKWmEB","PstI.TP1145373","11","    8024","","0.1729","C"
"4","Trait5","pKWmEB","PstI.TP1145577","11","    8026","","0.1459","C"
"4","Trait5","pKWmEB","PstI.TP1145679","11","    8027","","0.2369","C"
"4","Trait5","pKWmEB","PstI.TP1146063","11","    8029","","0.8275","C"
"4","Trait5","pKWmEB","PstI.TP1146142","11","    8031","","0.4882","C"
"4","Trait5","pKWmEB","PstI.TP1146237","11","    8032","","0.1651","C"
"4","Trait5","pKWmEB","PstI.TP1146473","11","    8034","","0.0915","C"
"4","Trait5","pKWmEB","PstI.TP1146504","11","    8036","","0.3374","C"
"4","Trait5","pKWmEB","PstI.TP1146668","11","    8037","","0.3265","C"
"4","Trait5","pKWmEB","PstI.TP1146793","11","    8038","","0.2982","A"
"4","Trait5","pKWmEB","PstI.TP1146821","11","    8039","","0.5064","C"
"4","Trait5","pKWmEB","PstI.TP1147267","11","    8040","","0.4507","A"
"4","Trait5","pKWmEB","PstI.TP1147318","11","    8041","","1.3645","A"
"4","Trait5","pKWmEB","PstI.TP1147319","11","    8042","","0.1109","C"
"4","Trait5","pKWmEB","PstI.TP1147495","11","    8044","","0.0749","A"
"4","Trait5","pKWmEB","PstI.TP1147891","11","    8046","","0.0603","A"
"4","Trait5","pKWmEB","PstI.TP1148069","11","    8047","","1.0950","A"
"4","Trait5","pKWmEB","PstI.TP1148150","11","    8048","","0.7616","A"
"4","Trait5","pKWmEB","PstI.TP1148245","11","    8050","","0.1407","C"
"4","Trait5","pKWmEB","PstI.TP1148320","11","    8051","","0.7865","A"
"4","Trait5","pKWmEB","PstI.TP1148368","11","    8053","","0.7150","G"
"4","Trait5","pKWmEB","PstI.TP1148444","11","    8055","","0.0752","A"
"4","Trait5","pKWmEB","PstI.TP1148584","11","    8057","","0.0918","C"
"4","Trait5","pKWmEB","PstI.TP1149039","11","    8059","","0.3081","C"
"4","Trait5","pKWmEB","PstI.TP1149137","11","    8061","","0.0009","C"
"4","Trait5","pKWmEB","PstI.TP1149275","11","    8063","","0.0124","A"
"4","Trait5","pKWmEB","PstI.TP1149311","11","    8064","","0.8913","A"
"4","Trait5","pKWmEB","PstI.TP1149529","11","    8065","","0.2863","C"
"4","Trait5","pKWmEB","PstI.TP1149663","11","    8066","","0.3206","C"
"4","Trait5","pKWmEB","PstI.TP1149720","11","    8067","","1.8806","C"
"4","Trait5","pKWmEB","PstI.TP1149728","11","    8068","","0.2378","C"
"4","Trait5","pKWmEB","PstI.TP1149744","11","    8069","","0.5306","C"
"4","Trait5","pKWmEB","PstI.TP1150072","11","    8070","","0.0510","G"
"4","Trait5","pKWmEB","PstI.TP1150130","11","    8071","","1.9071","A"
"4","Trait5","pKWmEB","PstI.TP1150227","11","    8072","","0.0448","A"
"4","Trait5","pKWmEB","PstI.TP1150298","11","    8073","","0.7402","A"
"4","Trait5","pKWmEB","PstI.TP1150303","11","    8074","","1.0647","A"
"4","Trait5","pKWmEB","PstI.TP1150405","11","    8075","","0.0999","A"
"4","Trait5","pKWmEB","PstI.TP1150451","11","    8076","","0.2268","C"
"4","Trait5","pKWmEB","PstI.TP1150621","11","    8077","","0.0279","A"
"4","Trait5","pKWmEB","PstI.TP1150876","11","    8079","","0.3037","A"
"4","Trait5","pKWmEB","PstI.TP1151011","11","    8080","","4.1887","C"
"4","Trait5","pKWmEB","PstI.TP1151240","11","    8081","","0.2858","C"
"4","Trait5","pKWmEB","PstI.TP1151341","11","    8082","","0.2315","G"
"4","Trait5","pKWmEB","PstI.TP1151415","11","    8084","","0.9624","G"
"4","Trait5","pKWmEB","PstI.TP1151495","11","    8085","","1.0519","C"
"4","Trait5","pKWmEB","PstI.TP1151934","11","    8086","","1.1702","C"
"4","Trait5","pKWmEB","PstI.TP1152009","11","    8087","","1.2933","A"
"4","Trait5","pKWmEB","PstI.TP1152046","11","    8089","","0.1374","C"
"4","Trait5","pKWmEB","PstI.TP1152171","11","    8091","","0.3430","A"
"4","Trait5","pKWmEB","PstI.TP1152333","11","    8093","","0.0434","C"
"4","Trait5","pKWmEB","PstI.TP1152455","11","    8094","","0.1081","A"
"4","Trait5","pKWmEB","PstI.TP1152541","11","    8096","","1.5238","A"
"4","Trait5","pKWmEB","PstI.TP1152554","11","    8097","","0.5107","C"
"4","Trait5","pKWmEB","PstI.TP1152925","11","    8098","","0.0125","C"
"4","Trait5","pKWmEB","PstI.TP1153026","11","    8099","","0.1757","C"
"4","Trait5","pKWmEB","PstI.TP1153902","11","    8100","","0.3779","C"
"4","Trait5","pKWmEB","PstI.TP1154071","11","    8101","","0.0239","A"
"4","Trait5","pKWmEB","PstI.TP1154406","11","    8102","","1.3301","C"
"4","Trait5","pKWmEB","PstI.TP1154415","11","    8103","","1.0374","A"
"4","Trait5","pKWmEB","PstI.TP1154429","11","    8104","","0.3281","C"
"4","Trait5","pKWmEB","PstI.TP1154447","11","    8105","","0.2576","C"
"4","Trait5","pKWmEB","PstI.TP1154805","11","    8107","","0.7168","A"
"4","Trait5","pKWmEB","PstI.TP1154811","11","    8108","","0.5056","G"
"4","Trait5","pKWmEB","PstI.TP1154847","11","    8110","","0.6166","A"
"4","Trait5","pKWmEB","PstI.TP1155810","11","    8114","","0.4555","G"
"4","Trait5","pKWmEB","PstI.TP1156206","11","    8116","","1.1861","A"
"4","Trait5","pKWmEB","PstI.TP1156641","11","    8119","","0.0012","C"
"4","Trait5","pKWmEB","PstI.TP1156839","11","    8120","","0.0899","A"
"4","Trait5","pKWmEB","PstI.TP1156877","11","    8121","","0.3085","C"
"4","Trait5","pKWmEB","PstI.TP1157239","11","    8122","","0.0654","C"
"4","Trait5","pKWmEB","PstI.TP1157245","11","    8123","","0.7583","C"
"4","Trait5","pKWmEB","PstI.TP1157254","11","    8124","","0.2665","C"
"4","Trait5","pKWmEB","PstI.TP1157255","11","    8125","","0.5025","C"
"4","Trait5","pKWmEB","PstI.TP1157433","11","    8126","","0.1282","A"
"4","Trait5","pKWmEB","PstI.TP1157609","11","    8127","","1.3141","C"
"4","Trait5","pKWmEB","PstI.TP1157714","11","    8128","","0.8021","A"
"4","Trait5","pKWmEB","PstI.TP1158042","11","    8129","","0.6784","A"
"4","Trait5","pKWmEB","PstI.TP1158178","11","    8130","","0.0225","C"
"4","Trait5","pKWmEB","PstI.TP1158265","11","    8131","","0.4194","C"
"4","Trait5","pKWmEB","PstI.TP1158509","11","    8132","","0.4519","G"
"4","Trait5","pKWmEB","PstI.TP1158639","11","    8133","","0.3901","C"
"4","Trait5","pKWmEB","PstI.TP1158808","11","    8134","","0.1107","A"
"4","Trait5","pKWmEB","PstI.TP1158983","11","    8136","","0.7008","A"
"4","Trait5","pKWmEB","PstI.TP1159137","11","    8138","","0.9872","A"
"4","Trait5","pKWmEB","PstI.TP1159160","11","    8139","","0.5981","A"
"4","Trait5","pKWmEB","PstI.TP1159423","11","    8140","","0.0204","C"
"4","Trait5","pKWmEB","PstI.TP1159424","11","    8141","","0.0760","C"
"4","Trait5","pKWmEB","PstI.TP1159854","11","    8142","","0.0757","A"
"4","Trait5","pKWmEB","PstI.TP1159860","11","    8143","","0.1570","C"
"4","Trait5","pKWmEB","PstI.TP1159924","11","    8144","","0.1975","A"
"4","Trait5","pKWmEB","PstI.TP1160322","11","    8146","","1.1803","G"
"4","Trait5","pKWmEB","PstI.TP1160577","11","    8148","","0.0565","C"
"4","Trait5","pKWmEB","PstI.TP1160606","11","    8149","","0.6387","A"
"4","Trait5","pKWmEB","PstI.TP1160878","11","    8151","","0.0217","A"
"4","Trait5","pKWmEB","PstI.TP1161254","11","    8152","","0.2319","A"
"4","Trait5","pKWmEB","PstI.TP1161418","11","    8153","","0.0165","A"
"4","Trait5","pKWmEB","PstI.TP1161540","11","    8155","","0.5448","A"
"4","Trait5","pKWmEB","PstI.TP1161603","11","    8156","","0.0317","A"
"4","Trait5","pKWmEB","PstI.TP1161687","11","    8158","","0.3963","G"
"4","Trait5","pKWmEB","PstI.TP1161742","11","    8159","","0.0381","C"
"4","Trait5","pKWmEB","PstI.TP1161929","11","    8161","","0.1076","C"
"4","Trait5","pKWmEB","PstI.TP1162023","11","    8162","","0.1924","A"
"4","Trait5","pKWmEB","PstI.TP1162073","11","    8163","","0.1205","A"
"4","Trait5","pKWmEB","PstI.TP1162215","11","    8164","","0.8704","C"
"4","Trait5","pKWmEB","PstI.TP1162877","11","    8166","","0.0285","A"
"4","Trait5","pKWmEB","PstI.TP1162951","11","    8168","","0.1241","A"
"4","Trait5","pKWmEB","PstI.TP1162955","11","    8169","","0.6085","C"
"4","Trait5","pKWmEB","PstI.TP1163003","11","    8170","","0.8127","A"
"4","Trait5","pKWmEB","PstI.TP1163084","11","    8171","","0.1598","C"
"4","Trait5","pKWmEB","PstI.TP1163151","11","    8173","","1.6249","A"
"4","Trait5","pKWmEB","PstI.TP1163161","11","    8174","","0.0520","A"
"4","Trait5","pKWmEB","PstI.TP1163170","11","    8175","","0.9230","C"
"4","Trait5","pKWmEB","PstI.TP1163178","11","    8176","","0.0699","G"
"4","Trait5","pKWmEB","PstI.TP1163307","11","    8177","","0.1729","A"
"4","Trait5","pKWmEB","PstI.TP1163546","11","    8178","","0.2649","C"
"4","Trait5","pKWmEB","PstI.TP1163628","11","    8179","","0.4059","A"
"4","Trait5","pKWmEB","PstI.TP1163826","11","    8181","","0.7284","G"
"4","Trait5","pKWmEB","PstI.TP1163884","11","    8182","","0.4737","G"
"4","Trait5","pKWmEB","PstI.TP1164169","11","    8183","","0.4247","C"
"4","Trait5","pKWmEB","PstI.TP1164301","11","    8184","","0.0173","C"
"4","Trait5","pKWmEB","PstI.TP1164478","11","    8185","","0.7344","C"
"4","Trait5","pKWmEB","PstI.TP1164576","11","    8187","","0.1655","A"
"4","Trait5","pKWmEB","PstI.TP1164686","11","    8188","","0.1453","C"
"4","Trait5","pKWmEB","PstI.TP1164803","11","    8190","","0.0945","A"
"4","Trait5","pKWmEB","PstI.TP1164990","11","    8191","","0.3856","G"
"4","Trait5","pKWmEB","PstI.TP1165514","11","    8192","","0.0817","C"
"4","Trait5","pKWmEB","PstI.TP1165702","11","    8193","","0.0915","G"
"4","Trait5","pKWmEB","PstI.TP1165814","11","    8194","","1.8610","A"
"4","Trait5","pKWmEB","PstI.TP1165956","11","    8196","","0.7847","A"
"4","Trait5","pKWmEB","PstI.TP1166120","11","    8197","","0.1056","C"
"4","Trait5","pKWmEB","PstI.TP1166185","11","    8198","","0.2996","A"
"4","Trait5","pKWmEB","PstI.TP1166684","11","    8202","","0.0010","A"
"4","Trait5","pKWmEB","PstI.TP1166781","11","    8203","","0.2646","C"
"4","Trait5","pKWmEB","PstI.TP1167261","11","    8204","","0.0444","A"
"4","Trait5","pKWmEB","PstI.TP1167599","11","    8206","","0.2422","A"
"4","Trait5","pKWmEB","PstI.TP1167654","11","    8207","","0.2562","A"
"4","Trait5","pKWmEB","PstI.TP1167705","11","    8208","","0.0693","A"
"4","Trait5","pKWmEB","PstI.TP1167792","11","    8209","","0.1168","A"
"4","Trait5","pKWmEB","PstI.TP1167983","11","    8210","","1.2991","A"
"4","Trait5","pKWmEB","PstI.TP1167998","11","    8211","","0.5710","C"
"4","Trait5","pKWmEB","PstI.TP1168062","11","    8212","","1.3668","C"
"4","Trait5","pKWmEB","PstI.TP1168212","11","    8213","","0.0802","C"
"4","Trait5","pKWmEB","PstI.TP1168531","11","    8214","","0.8919","C"
"4","Trait5","pKWmEB","PstI.TP1168860","11","    8215","","0.1215","C"
"4","Trait5","pKWmEB","PstI.TP1169013","11","    8216","","0.1167","C"
"4","Trait5","pKWmEB","PstI.TP1169376","11","    8218","","0.2475","A"
"4","Trait5","pKWmEB","PstI.TP1169556","11","    8219","","1.4185","G"
"4","Trait5","pKWmEB","PstI.TP1169636","11","    8220","","0.5422","A"
"4","Trait5","pKWmEB","PstI.TP1169909","11","    8221","","0.2298","G"
"4","Trait5","pKWmEB","PstI.TP1170228","11","    8222","","1.4443","C"
"4","Trait5","pKWmEB","PstI.TP1170703","11","    8223","","0.0000","A"
"4","Trait5","pKWmEB","PstI.TP1170814","11","    8224","","1.0543","C"
"4","Trait5","pKWmEB","PstI.TP1170856","11","    8225","","0.4013","C"
"4","Trait5","pKWmEB","PstI.TP1170910","11","    8226","","1.3074","A"
"4","Trait5","pKWmEB","PstI.TP1170969","11","    8228","","0.5400","A"
"4","Trait5","pKWmEB","PstI.TP1171017","11","    8229","","2.9957","C"
"4","Trait5","pKWmEB","PstI.TP1171019","11","    8230","","0.0972","C"
"4","Trait5","pKWmEB","PstI.TP1171486","11","    8231","","0.3299","G"
"4","Trait5","pKWmEB","PstI.TP1171514","11","    8232","","0.0147","G"
"4","Trait5","pKWmEB","PstI.TP1171718","11","    8233","","0.7207","A"
"4","Trait5","pKWmEB","PstI.TP1171815","11","    8234","","0.2424","A"
"4","Trait5","pKWmEB","PstI.TP1171896","11","    8235","","0.3819","C"
"4","Trait5","pKWmEB","PstI.TP1171981","11","    8238","","0.3621","C"
"4","Trait5","pKWmEB","PstI.TP1172032","11","    8240","","0.6888","A"
"4","Trait5","pKWmEB","PstI.TP1172215","11","    8242","","0.4931","G"
"4","Trait5","pKWmEB","PstI.TP1172252","11","    8243","","0.6846","A"
"4","Trait5","pKWmEB","PstI.TP1172327","11","    8244","","0.2413","C"
"4","Trait5","pKWmEB","PstI.TP1172386","11","    8246","","0.1762","C"
"4","Trait5","pKWmEB","PstI.TP1172771","11","    8249","","0.2347","A"
"4","Trait5","pKWmEB","PstI.TP1172912","11","    8250","","0.7618","C"
"4","Trait5","pKWmEB","PstI.TP1173305","11","    8252","","0.3749","A"
"4","Trait5","pKWmEB","PstI.TP1173442","11","    8253","","0.8141","C"
"4","Trait5","pKWmEB","PstI.TP1173990","11","    8256","","0.2814","A"
"4","Trait5","pKWmEB","PstI.TP1174169","11","    8257","","0.0949","C"
"4","Trait5","pKWmEB","PstI.TP1174195","11","    8259","","1.6354","C"
"4","Trait5","pKWmEB","PstI.TP1174223","11","    8260","","1.0176","A"
"4","Trait5","pKWmEB","PstI.TP1174341","11","    8261","","0.2576","A"
"4","Trait5","pKWmEB","PstI.TP1174398","11","    8263","","0.2966","A"
"4","Trait5","pKWmEB","PstI.TP1174505","11","    8265","","0.6216","A"
"4","Trait5","pKWmEB","PstI.TP1174582","11","    8266","","0.2091","C"
"4","Trait5","pKWmEB","PstI.TP1174617","11","    8267","","0.3172","A"
"4","Trait5","pKWmEB","PstI.TP1174833","11","    8269","","0.9176","A"
"4","Trait5","pKWmEB","PstI.TP1174881","11","    8270","","0.4471","A"
"4","Trait5","pKWmEB","PstI.TP1174936","11","    8271","","0.3191","A"
"4","Trait5","pKWmEB","PstI.TP1175015","11","    8272","","0.1725","C"
"4","Trait5","pKWmEB","PstI.TP1175036","11","    8273","","0.0120","A"
"4","Trait5","pKWmEB","PstI.TP1175096","11","    8274","","0.3583","A"
"4","Trait5","pKWmEB","PstI.TP1175101","11","    8275","","0.0739","C"
"4","Trait5","pKWmEB","PstI.TP1175107","11","    8276","","0.0749","A"
"4","Trait5","pKWmEB","PstI.TP1175135","11","    8277","","1.4231","A"
"4","Trait5","pKWmEB","PstI.TP1175142","11","    8278","","0.0348","A"
"4","Trait5","pKWmEB","PstI.TP1175252","11","    8279","","0.5857","C"
"4","Trait5","pKWmEB","PstI.TP1175461","11","    8280","","0.6574","C"
"4","Trait5","pKWmEB","PstI.TP1175604","11","    8282","","0.7072","A"
"4","Trait5","pKWmEB","PstI.TP1176376","11","    8285","","0.2968","C"
"4","Trait5","pKWmEB","PstI.TP1176448","11","    8287","","1.0190","A"
"4","Trait5","pKWmEB","PstI.TP1176681","11","    8289","","0.0109","C"
"4","Trait5","pKWmEB","PstI.TP1176683","11","    8290","","0.6797","G"
"4","Trait5","pKWmEB","PstI.TP1176715","11","    8291","","0.6479","A"
"4","Trait5","pKWmEB","PstI.TP1176793","11","    8292","","0.0058","A"
"4","Trait5","pKWmEB","PstI.TP1176910","11","    8293","","0.3175","A"
"4","Trait5","pKWmEB","PstI.TP1177173","11","    8294","","0.1527","A"
"4","Trait5","pKWmEB","PstI.TP1177181","11","    8295","","0.0475","A"
"4","Trait5","pKWmEB","PstI.TP1177200","11","    8297","","1.6842","A"
"4","Trait5","pKWmEB","PstI.TP1177506","11","    8298","","0.2156","C"
"4","Trait5","pKWmEB","PstI.TP1177625","11","    8299","","0.1063","C"
"4","Trait5","pKWmEB","PstI.TP1177675","11","    8300","","0.8591","A"
"4","Trait5","pKWmEB","PstI.TP1177795","11","    8301","","0.6959","A"
"4","Trait5","pKWmEB","PstI.TP1177996","11","    8302","","1.0261","C"
"4","Trait5","pKWmEB","PstI.TP1178181","11","    8303","","1.0801","A"
"4","Trait5","pKWmEB","PstI.TP1178552","11","    8304","","0.0358","A"
"4","Trait5","pKWmEB","PstI.TP1178578","11","    8306","","1.1111","C"
"4","Trait5","pKWmEB","PstI.TP1178652","11","    8307","","0.1312","A"
"4","Trait5","pKWmEB","PstI.TP1178981","11","    8308","","0.0738","A"
"4","Trait5","pKWmEB","PstI.TP1179075","11","    8309","","0.6024","C"
"4","Trait5","pKWmEB","PstI.TP1179212","11","    8310","","0.3128","G"
"4","Trait5","pKWmEB","PstI.TP1179246","11","    8311","","0.4052","G"
"4","Trait5","pKWmEB","PstI.TP1179459","11","    8312","","1.8977","A"
"4","Trait5","pKWmEB","PstI.TP1179606","11","    8313","","0.1158","C"
"4","Trait5","pKWmEB","PstI.TP1179650","11","    8314","","1.2246","A"
"4","Trait5","pKWmEB","PstI.TP1179881","11","    8315","","0.9492","C"
"4","Trait5","pKWmEB","PstI.TP1179945","11","    8317","","0.0860","A"
"4","Trait5","pKWmEB","PstI.TP1180385","11","    8319","","0.5533","A"
"4","Trait5","pKWmEB","PstI.TP1180478","11","    8320","","0.0278","A"
"4","Trait5","pKWmEB","PstI.TP1180583","11","    8321","","0.0373","C"
"4","Trait5","pKWmEB","PstI.TP1180648","11","    8322","","0.4931","A"
"4","Trait5","pKWmEB","PstI.TP1180859","11","    8323","","0.1375","A"
"4","Trait5","pKWmEB","PstI.TP1180967","11","    8324","","0.0460","A"
"4","Trait5","pKWmEB","PstI.TP1180982","11","    8325","","1.1486","A"
"4","Trait5","pKWmEB","PstI.TP1181013","11","    8326","","0.0364","A"
"4","Trait5","pKWmEB","PstI.TP1181103","11","    8327","","0.3775","C"
"4","Trait5","pKWmEB","PstI.TP1181161","11","    8328","","0.2757","C"
"4","Trait5","pKWmEB","PstI.TP1181511","11","    8331","","0.2909","C"
"4","Trait5","pKWmEB","PstI.TP1181734","11","    8332","","0.3696","A"
"4","Trait5","pKWmEB","PstI.TP1181998","11","    8335","","0.4388","C"
"4","Trait5","pKWmEB","PstI.TP1182001","11","    8336","","0.0267","C"
"4","Trait5","pKWmEB","PstI.TP1182387","11","    8337","","0.0253","C"
"4","Trait5","pKWmEB","PstI.TP1182414","11","    8338","","0.4617","C"
"4","Trait5","pKWmEB","PstI.TP1182748","11","    8339","","1.2422","A"
"4","Trait5","pKWmEB","PstI.TP1182788","11","    8341","","0.4289","A"
"4","Trait5","pKWmEB","PstI.TP1182890","11","    8342","","0.0337","A"
"4","Trait5","pKWmEB","PstI.TP1183040","11","    8343","","0.2917","C"
"4","Trait5","pKWmEB","PstI.TP1183122","11","    8345","","0.6920","A"
"4","Trait5","pKWmEB","PstI.TP1183195","11","    8346","","2.8376","C"
"4","Trait5","pKWmEB","PstI.TP1183292","11","    8347","","0.3541","C"
"4","Trait5","pKWmEB","PstI.TP1183302","11","    8348","","0.0675","G"
"4","Trait5","pKWmEB","PstI.TP1183342","11","    8350","","0.6981","C"
"4","Trait5","pKWmEB","PstI.TP1183488","11","    8352","","0.1637","A"
"4","Trait5","pKWmEB","PstI.TP1183491","11","    8353","","0.5716","C"
"4","Trait5","pKWmEB","PstI.TP1183807","11","    8355","","0.0946","C"
"4","Trait5","pKWmEB","PstI.TP1184007","11","    8357","","0.2041","G"
"4","Trait5","pKWmEB","PstI.TP1184069","11","    8359","","2.3276","C"
"4","Trait5","pKWmEB","PstI.TP1184245","11","    8361","","0.1573","A"
"4","Trait5","pKWmEB","PstI.TP1184368","11","    8362","","1.1384","A"
"4","Trait5","pKWmEB","PstI.TP1184377","11","    8363","","1.7278","C"
"4","Trait5","pKWmEB","PstI.TP1184385","11","    8364","","0.0405","G"
"4","Trait5","pKWmEB","PstI.TP1184478","11","    8365","","0.6639","G"
"4","Trait5","pKWmEB","PstI.TP1184907","11","    8367","","0.1839","A"
"4","Trait5","pKWmEB","PstI.TP1184930","11","    8368","","1.1985","G"
"4","Trait5","pKWmEB","PstI.TP1185012","11","    8369","","0.5121","A"
"4","Trait5","pKWmEB","PstI.TP1185087","11","    8371","","0.0547","A"
"4","Trait5","pKWmEB","PstI.TP1185093","11","    8372","","1.1109","C"
"4","Trait5","pKWmEB","PstI.TP1185183","11","    8373","","1.3180","C"
"4","Trait5","pKWmEB","PstI.TP1185245","11","    8374","","0.0635","C"
"4","Trait5","pKWmEB","PstI.TP1185454","11","    8376","","0.4108","A"
"4","Trait5","pKWmEB","PstI.TP1186005","11","    8382","","0.3047","A"
"4","Trait5","pKWmEB","PstI.TP1186047","11","    8383","","0.1047","A"
"4","Trait5","pKWmEB","PstI.TP1186124","11","    8384","","0.1840","C"
"4","Trait5","pKWmEB","PstI.TP1186542","11","    8386","","0.1768","G"
"4","Trait5","pKWmEB","PstI.TP1186549","11","    8387","","0.2572","A"
"4","Trait5","pKWmEB","PstI.TP1187093","11","    8389","","0.1837","A"
"4","Trait5","pKWmEB","PstI.TP1187517","11","    8390","","0.4737","A"
"4","Trait5","pKWmEB","PstI.TP1187813","11","    8391","","0.1455","C"
"4","Trait5","pKWmEB","PstI.TP1188065","11","    8392","","0.1130","C"
"4","Trait5","pKWmEB","PstI.TP1188323","11","    8394","","0.9739","A"
"4","Trait5","pKWmEB","PstI.TP1188697","11","    8395","","0.1559","A"
"4","Trait5","pKWmEB","PstI.TP1188741","11","    8396","","0.3924","G"
"4","Trait5","pKWmEB","PstI.TP1188827","11","    8397","","0.1305","C"
"4","Trait5","pKWmEB","PstI.TP1188882","11","    8398","","0.1309","G"
"4","Trait5","pKWmEB","PstI.TP1188898","11","    8399","","0.3375","A"
"4","Trait5","pKWmEB","PstI.TP1188917","11","    8400","","0.5989","C"
"4","Trait5","pKWmEB","PstI.TP1189013","11","    8402","","0.0010","A"
"4","Trait5","pKWmEB","PstI.TP1189138","11","    8403","","0.0904","A"
"4","Trait5","pKWmEB","PstI.TP1189355","11","    8404","","0.0523","G"
"4","Trait5","pKWmEB","PstI.TP1189433","11","    8405","","0.3468","A"
"4","Trait5","pKWmEB","PstI.TP1189602","11","    8406","","2.4357","A"
"4","Trait5","pKWmEB","PstI.TP1189845","11","    8407","","0.3820","A"
"4","Trait5","pKWmEB","PstI.TP1190452","11","    8410","","0.9619","C"
"4","Trait5","pKWmEB","PstI.TP1190483","11","    8411","","0.1332","A"
"4","Trait5","pKWmEB","PstI.TP1190717","11","    8412","","0.8934","C"
"4","Trait5","pKWmEB","PstI.TP1190924","11","    8414","","0.0547","A"
"4","Trait5","pKWmEB","PstI.TP1191208","11","    8417","","1.4629","A"
"4","Trait5","pKWmEB","PstI.TP1191243","11","    8418","","0.3146","A"
"4","Trait5","pKWmEB","PstI.TP1191282","11","    8419","","0.1692","A"
"4","Trait5","pKWmEB","PstI.TP1191293","11","    8421","","0.4468","A"
"4","Trait5","pKWmEB","PstI.TP1191340","11","    8422","","1.5530","G"
"4","Trait5","pKWmEB","PstI.TP1191444","11","    8423","","0.0121","C"
"4","Trait5","pKWmEB","PstI.TP1191629","11","    8424","","0.3484","C"
"4","Trait5","pKWmEB","PstI.TP1191682","11","    8426","","0.4479","C"
"4","Trait5","pKWmEB","PstI.TP1191750","11","    8427","","0.0156","A"
"4","Trait5","pKWmEB","PstI.TP1191859","11","    8428","","0.2493","A"
"4","Trait5","pKWmEB","PstI.TP1191975","11","    8430","","0.0187","A"
"4","Trait5","pKWmEB","PstI.TP1192515","11","    8431","","0.3778","A"
"4","Trait5","pKWmEB","PstI.TP1192546","11","    8432","","0.4318","C"
"4","Trait5","pKWmEB","PstI.TP1192610","11","    8433","","0.5321","A"
"4","Trait5","pKWmEB","PstI.TP1192919","11","    8434","","0.7136","G"
"4","Trait5","pKWmEB","PstI.TP1192927","11","    8435","","0.0381","A"
"4","Trait5","pKWmEB","PstI.TP1193318","11","    8436","","0.6438","A"
"4","Trait5","pKWmEB","PstI.TP1193383","11","    8437","","0.2234","A"
"4","Trait5","pKWmEB","PstI.TP1193511","11","    8438","","0.0899","C"
"4","Trait5","pKWmEB","PstI.TP1193562","11","    8439","","0.4919","A"
"4","Trait5","pKWmEB","PstI.TP1193608","11","    8440","","0.5415","A"
"4","Trait5","pKWmEB","PstI.TP1193653","11","    8441","","0.0734","C"
"4","Trait5","pKWmEB","PstI.TP1193743","11","    8442","","1.6911","C"
"4","Trait5","pKWmEB","PstI.TP1193826","11","    8443","","0.8466","A"
"4","Trait5","pKWmEB","PstI.TP1193860","11","    8444","","0.2328","A"
"4","Trait5","pKWmEB","PstI.TP1193905","11","    8445","","0.0389","C"
"4","Trait5","pKWmEB","PstI.TP1193927","11","    8446","","0.6380","A"
"4","Trait5","pKWmEB","PstI.TP1193959","11","    8447","","0.0307","A"
"4","Trait5","pKWmEB","PstI.TP1193997","11","    8448","","0.0627","A"
"4","Trait5","pKWmEB","PstI.TP1194132","11","    8449","","0.0573","A"
"4","Trait5","pKWmEB","PstI.TP1194898","11","    8450","","0.5372","A"
"4","Trait5","pKWmEB","PstI.TP1195369","11","    8454","","1.2262","C"
"4","Trait5","pKWmEB","PstI.TP1195402","11","    8455","","0.2216","A"
"4","Trait5","pKWmEB","PstI.TP1195693","11","    8456","","0.1421","A"
"4","Trait5","pKWmEB","PstI.TP1195695","11","    8457","","0.2738","A"
"4","Trait5","pKWmEB","PstI.TP1196190","11","    8459","","0.6835","A"
"4","Trait5","pKWmEB","PstI.TP1196344","11","    8461","","0.4591","C"
"4","Trait5","pKWmEB","PstI.TP1196374","11","    8462","","0.6719","C"
"4","Trait5","pKWmEB","PstI.TP1196614","11","    8463","","0.1723","G"
"4","Trait5","pKWmEB","PstI.TP1197358","11","    8464","","1.0091","C"
"4","Trait5","pKWmEB","PstI.TP1198055","11","    8465","","0.2895","C"
"4","Trait5","pKWmEB","PstI.TP1198228","11","    8466","","0.0796","A"
"4","Trait5","pKWmEB","PstI.TP1198416","11","    8467","","0.4799","C"
"4","Trait5","pKWmEB","PstI.TP1198511","11","    8468","","0.4577","A"
"4","Trait5","pKWmEB","PstI.TP1198706","11","    8469","","0.5262","A"
"4","Trait5","pKWmEB","PstI.TP1198735","11","    8470","","0.4109","A"
"4","Trait5","pKWmEB","PstI.TP1198797","11","    8471","","0.1106","C"
"4","Trait5","pKWmEB","PstI.TP1199221","11","    8472","","0.0298","A"
"4","Trait5","pKWmEB","PstI.TP1199268","11","    8473","","0.6720","A"
"4","Trait5","pKWmEB","PstI.TP1199324","11","    8474","","0.4733","G"
"4","Trait5","pKWmEB","PstI.TP1199327","11","    8475","","0.1804","G"
"4","Trait5","pKWmEB","PstI.TP1200110","11","    8477","","0.0513","A"
"4","Trait5","pKWmEB","PstI.TP1200648","11","    8479","","0.9411","A"
"4","Trait5","pKWmEB","PstI.TP1200684","11","    8480","","0.8200","A"
"4","Trait5","pKWmEB","PstI.TP1200719","11","    8481","","0.2595","C"
"4","Trait5","pKWmEB","PstI.TP1201075","11","    8484","","0.8515","C"
"4","Trait5","pKWmEB","PstI.TP1201238","11","    8485","","0.5860","A"
"4","Trait5","pKWmEB","PstI.TP1201445","11","    8486","","1.2686","A"
"4","Trait5","pKWmEB","PstI.TP1201826","11","    8487","","0.3848","A"
"4","Trait5","pKWmEB","PstI.TP1202406","11","    8488","","0.0571","C"
"4","Trait5","pKWmEB","PstI.TP1202714","11","    8490","","0.6061","C"
"4","Trait5","pKWmEB","PstI.TP1203044","11","    8491","","0.2809","C"
"4","Trait5","pKWmEB","PstI.TP1203227","11","    8492","","0.0548","G"
"4","Trait5","pKWmEB","PstI.TP1203500","11","    8493","","0.8026","G"
"4","Trait5","pKWmEB","PstI.TP1203650","11","    8494","","0.4232","A"
"4","Trait5","pKWmEB","PstI.TP1203741","11","    8496","","0.1269","C"
"4","Trait5","pKWmEB","PstI.TP1204045","11","    8497","","0.4667","C"
"4","Trait5","pKWmEB","PstI.TP1204344","11","    8498","","0.9692","C"
"4","Trait5","pKWmEB","PstI.TP1204390","11","    8499","","0.6955","A"
"4","Trait5","pKWmEB","PstI.TP1204692","11","    8501","","0.3903","C"
"4","Trait5","pKWmEB","PstI.TP1204787","11","    8502","","2.2376","A"
"4","Trait5","pKWmEB","PstI.TP1205180","11","    8503","","0.0822","C"
"4","Trait5","pKWmEB","PstI.TP1205276","11","    8504","","0.1769","G"
"4","Trait5","pKWmEB","PstI.TP1205395","11","    8505","","0.2645","C"
"4","Trait5","pKWmEB","PstI.TP1206488","11","    8506","","0.1228","C"
"4","Trait5","pKWmEB","PstI.TP1206996","11","    8508","","0.9750","A"
"4","Trait5","pKWmEB","PstI.TP1207283","11","    8509","","0.1196","C"
"4","Trait5","pKWmEB","PstI.TP1207451","11","    8510","","0.3143","C"
"4","Trait5","pKWmEB","PstI.TP1207496","11","    8511","","0.1059","A"
"4","Trait5","pKWmEB","PstI.TP1207589","11","    8512","","0.6261","C"
"4","Trait5","pKWmEB","PstI.TP1207636","11","    8513","","0.0909","G"
"4","Trait5","pKWmEB","PstI.TP1207707","11","    8514","","0.1191","A"
"4","Trait5","pKWmEB","PstI.TP1207737","11","    8515","","0.3117","A"
"4","Trait5","pKWmEB","PstI.TP1207763","11","    8516","","0.2412","A"
"4","Trait5","pKWmEB","PstI.TP1207929","11","    8518","","0.8961","A"
"4","Trait5","pKWmEB","PstI.TP1208060","11","    8519","","0.4390","A"
"4","Trait5","pKWmEB","PstI.TP1208068","11","    8520","","0.2934","A"
"4","Trait5","pKWmEB","PstI.TP1208082","11","    8521","","0.4508","C"
"4","Trait5","pKWmEB","PstI.TP1208142","11","    8522","","0.1037","A"
"4","Trait5","pKWmEB","PstI.TP1208646","11","    8526","","0.1252","A"
"4","Trait5","pKWmEB","PstI.TP1209436","11","    8529","","0.5196","A"
"4","Trait5","pKWmEB","PstI.TP1210578","11","    8532","","0.4022","C"
"4","Trait5","pKWmEB","PstI.TP1210713","11","    8533","","0.1459","C"
"4","Trait5","pKWmEB","PstI.TP1210955","11","    8534","","1.8882","C"
"4","Trait5","pKWmEB","PstI.TP1211045","11","    8535","","0.3388","C"
"4","Trait5","pKWmEB","PstI.TP1211657","11","    8538","","0.1477","C"
"4","Trait5","pKWmEB","PstI.TP1211752","11","    8539","","0.0270","G"
"4","Trait5","pKWmEB","PstI.TP1211937","11","    8540","","1.2208","G"
"4","Trait5","pKWmEB","PstI.TP1212087","11","    8541","","0.0449","A"
"4","Trait5","pKWmEB","PstI.TP1212297","11","    8542","","0.4814","C"
"4","Trait5","pKWmEB","PstI.TP1212450","11","    8543","","0.3900","C"
"4","Trait5","pKWmEB","PstI.TP1212904","11","    8545","","0.6528","A"
"4","Trait5","pKWmEB","PstI.TP1213111","11","    8546","","0.2026","G"
"4","Trait5","pKWmEB","PstI.TP1213357","11","    8547","","0.7502","A"
"4","Trait5","pKWmEB","PstI.TP1213404","11","    8548","","0.2691","A"
"4","Trait5","pKWmEB","PstI.TP1213759","11","    8549","","0.0607","C"
"4","Trait5","pKWmEB","PstI.TP1213777","11","    8551","","0.2103","A"
"4","Trait5","pKWmEB","PstI.TP1213921","11","    8552","","0.0680","C"
"4","Trait5","pKWmEB","PstI.TP1213962","11","    8553","","0.8535","C"
"4","Trait5","pKWmEB","PstI.TP1214266","11","    8554","","1.1137","A"
"4","Trait5","pKWmEB","PstI.TP1214465","11","    8555","","0.3283","A"
"4","Trait5","pKWmEB","PstI.TP1214643","11","    8556","","0.0336","C"
"4","Trait5","pKWmEB","PstI.TP1214827","11","    8557","","0.5443","C"
"4","Trait5","pKWmEB","PstI.TP1215143","11","    8559","","0.3010","A"
"4","Trait5","pKWmEB","PstI.TP1215306","11","    8560","","0.2948","A"
"4","Trait5","pKWmEB","PstI.TP1215356","11","    8561","","0.6163","A"
"4","Trait5","pKWmEB","PstI.TP1215484","11","    8562","","0.0785","A"
"4","Trait5","pKWmEB","PstI.TP1215579","11","    8563","","0.4035","A"
"4","Trait5","pKWmEB","PstI.TP1216035","11","    8564","","0.0231","A"
"4","Trait5","pKWmEB","PstI.TP1216244","11","    8565","","0.7723","C"
"4","Trait5","pKWmEB","PstI.TP1216716","11","    8566","","0.2212","A"
"4","Trait5","pKWmEB","PstI.TP1216933","11","    8568","","0.2430","G"
"4","Trait5","pKWmEB","PstI.TP1216947","11","    8569","","0.1176","G"
"4","Trait5","pKWmEB","PstI.TP1217147","11","    8570","","0.2534","C"
"4","Trait5","pKWmEB","PstI.TP1217202","11","    8571","","0.6682","A"
"4","Trait5","pKWmEB","PstI.TP1217428","11","    8572","","0.7906","C"
"4","Trait5","pKWmEB","PstI.TP1217667","11","    8574","","0.0275","C"
"4","Trait5","pKWmEB","PstI.TP1217714","11","    8576","","0.3366","A"
"4","Trait5","pKWmEB","PstI.TP1217739","11","    8577","","0.0088","C"
"4","Trait5","pKWmEB","PstI.TP1217885","11","    8578","","0.0988","A"
"4","Trait5","pKWmEB","PstI.TP1218059","11","    8579","","0.0962","A"
"4","Trait5","pKWmEB","PstI.TP1218298","11","    8580","","0.1616","A"
"4","Trait5","pKWmEB","PstI.TP1218371","11","    8581","","0.1067","A"
"4","Trait5","pKWmEB","PstI.TP1218726","11","    8582","","1.1504","A"
"4","Trait5","pKWmEB","PstI.TP1218869","11","    8583","","0.0820","C"
"4","Trait5","pKWmEB","PstI.TP1218934","11","    8584","","0.2692","G"
"4","Trait5","pKWmEB","PstI.TP1219194","11","    8585","","0.7662","A"
"4","Trait5","pKWmEB","PstI.TP1219311","11","    8586","","0.0671","A"
"4","Trait5","pKWmEB","PstI.TP1219457","11","    8587","","0.5932","C"
"4","Trait5","pKWmEB","PstI.TP1219491","11","    8588","","0.4368","A"
"4","Trait5","pKWmEB","PstI.TP1219510","11","    8589","","0.2884","C"
"4","Trait5","pKWmEB","PstI.TP1219577","11","    8590","","0.3709","A"
"4","Trait5","pKWmEB","PstI.TP1219743","11","    8591","","0.3082","C"
"4","Trait5","pKWmEB","PstI.TP1220154","11","    8592","","0.7616","C"
"4","Trait5","pKWmEB","PstI.TP1220222","11","    8593","","0.1180","C"
"4","Trait5","pKWmEB","PstI.TP1220538","11","    8594","","0.8991","C"
"4","Trait5","pKWmEB","PstI.TP1220590","11","    8595","","1.2244","C"
"4","Trait5","pKWmEB","PstI.TP1220698","11","    8596","","0.1113","C"
"4","Trait5","pKWmEB","PstI.TP1220795","11","    8597","","0.2386","C"
"4","Trait5","pKWmEB","PstI.TP1220820","11","    8598","","0.9325","A"
"4","Trait5","pKWmEB","PstI.TP1220899","11","    8599","","0.0399","G"
"4","Trait5","pKWmEB","PstI.TP1220940","11","    8600","","0.5181","A"
"4","Trait5","pKWmEB","PstI.TP1221206","11","    8601","","0.0715","C"
"4","Trait5","pKWmEB","PstI.TP1221281","11","    8602","","0.5140","G"
"4","Trait5","pKWmEB","PstI.TP1221498","11","    8603","","0.2251","C"
"4","Trait5","pKWmEB","PstI.TP1221704","11","    8604","","0.3872","C"
"4","Trait5","pKWmEB","PstI.TP1221706","11","    8605","","0.8872","C"
"4","Trait5","pKWmEB","PstI.TP1221763","11","    8606","","0.7771","G"
"4","Trait5","pKWmEB","PstI.TP1221905","11","    8607","","0.3852","C"
"4","Trait5","pKWmEB","PstI.TP1221960","11","    8608","","0.3417","C"
"4","Trait5","pKWmEB","PstI.TP1221987","11","    8610","","0.7244","A"
"4","Trait5","pKWmEB","PstI.TP1222562","11","    8613","","1.7549","A"
"4","Trait5","pKWmEB","PstI.TP1222704","11","    8614","","1.1655","G"
"4","Trait5","pKWmEB","PstI.TP1223092","11","    8616","","0.0244","G"
"4","Trait5","pKWmEB","PstI.TP1223273","11","    8617","","0.2223","G"
"4","Trait5","pKWmEB","PstI.TP1223298","11","    8618","","2.0042","C"
"4","Trait5","pKWmEB","PstI.TP1223336","11","    8620","","0.0267","A"
"4","Trait5","pKWmEB","PstI.TP1223366","11","    8621","","0.0627","C"
"4","Trait5","pKWmEB","PstI.TP1223894","11","    8623","","0.7081","A"
"4","Trait5","pKWmEB","PstI.TP1224088","11","    8624","","0.0708","G"
"4","Trait5","pKWmEB","PstI.TP1224138","11","    8625","","0.6162","A"
"4","Trait5","pKWmEB","PstI.TP1224154","11","    8626","","0.4616","A"
"4","Trait5","pKWmEB","PstI.TP1224594","11","    8629","","0.1141","A"
"4","Trait5","pKWmEB","PstI.TP1224651","11","    8631","","0.4749","G"
"4","Trait5","pKWmEB","PstI.TP1224879","11","    8632","","0.3407","C"
"4","Trait5","pKWmEB","PstI.TP1225236","11","    8633","","0.3918","A"
"4","Trait5","pKWmEB","PstI.TP1225250","11","    8634","","0.1261","A"
"4","Trait5","pKWmEB","PstI.TP1225567","11","    8635","","0.6305","A"
"4","Trait5","pKWmEB","PstI.TP1225854","11","    8636","","0.0030","A"
"4","Trait5","pKWmEB","PstI.TP1225885","11","    8637","","0.0017","G"
"4","Trait5","pKWmEB","PstI.TP1225942","11","    8638","","0.2232","A"
"4","Trait5","pKWmEB","PstI.TP1226000","11","    8639","","0.3805","A"
"4","Trait5","pKWmEB","PstI.TP1226051","11","    8640","","0.2165","A"
"4","Trait5","pKWmEB","PstI.TP1226108","11","    8641","","0.1432","A"
"4","Trait5","pKWmEB","PstI.TP1226122","11","    8642","","0.8504","A"
"4","Trait5","pKWmEB","PstI.TP1226294","11","    8643","","0.3553","C"
"4","Trait5","pKWmEB","PstI.TP1226356","11","    8644","","0.5609","A"
"4","Trait5","pKWmEB","PstI.TP1226733","11","    8645","","0.4834","C"
"4","Trait5","pKWmEB","PstI.TP1227243","11","    8647","","0.6383","C"
"4","Trait5","pKWmEB","PstI.TP1227244","11","    8648","","0.3742","C"
"4","Trait5","pKWmEB","PstI.TP1227477","11","    8649","","0.0151","A"
"4","Trait5","pKWmEB","PstI.TP1227640","11","    8650","","0.4350","C"
"4","Trait5","pKWmEB","PstI.TP1227746","11","    8651","","0.1700","A"
"4","Trait5","pKWmEB","PstI.TP1227857","11","    8652","","0.1745","C"
"4","Trait5","pKWmEB","PstI.TP1227976","11","    8653","","0.2362","A"
"4","Trait5","pKWmEB","PstI.TP1228047","11","    8654","","0.0202","A"
"4","Trait5","pKWmEB","PstI.TP1228708","11","    8656","","0.0635","A"
"4","Trait5","pKWmEB","PstI.TP1228725","11","    8657","","0.2449","C"
"4","Trait5","pKWmEB","PstI.TP1228762","11","    8658","","0.2747","A"
"4","Trait5","pKWmEB","PstI.TP1228819","11","    8659","","1.5625","A"
"4","Trait5","pKWmEB","PstI.TP1228954","11","    8661","","0.9051","A"
"4","Trait5","pKWmEB","PstI.TP1229175","11","    8662","","0.8582","A"
"4","Trait5","pKWmEB","PstI.TP1229285","11","    8663","","0.3114","C"
"4","Trait5","pKWmEB","PstI.TP1229446","11","    8664","","0.6046","C"
"4","Trait5","pKWmEB","PstI.TP1229591","11","    8665","","0.0579","C"
"4","Trait5","pKWmEB","PstI.TP1229865","11","    8666","","0.9109","G"
"4","Trait5","pKWmEB","PstI.TP1229912","11","    8667","","0.5368","A"
"4","Trait5","pKWmEB","PstI.TP1229946","11","    8668","","0.2877","G"
"4","Trait5","pKWmEB","PstI.TP1230473","11","    8670","","0.0836","C"
"4","Trait5","pKWmEB","PstI.TP1230532","11","    8671","","0.3730","C"
"4","Trait5","pKWmEB","PstI.TP1230551","11","    8672","","1.0261","A"
"4","Trait5","pKWmEB","PstI.TP1230709","11","    8673","","0.2264","C"
"4","Trait5","pKWmEB","PstI.TP1230739","11","    8674","","0.2956","A"
"4","Trait5","pKWmEB","PstI.TP1230769","11","    8675","","0.0644","A"
"4","Trait5","pKWmEB","PstI.TP1230984","11","    8677","","2.1501","C"
"4","Trait5","pKWmEB","PstI.TP1231139","11","    8679","","0.8495","A"
"4","Trait5","pKWmEB","PstI.TP1231305","11","    8681","","0.2948","C"
"4","Trait5","pKWmEB","PstI.TP1231356","11","    8682","","0.0660","C"
"4","Trait5","pKWmEB","PstI.TP1231364","11","    8683","","0.0735","C"
"4","Trait5","pKWmEB","PstI.TP1231619","11","    8685","","0.1548","C"
"4","Trait5","pKWmEB","PstI.TP1231684","11","    8686","","0.3335","A"
"4","Trait5","pKWmEB","PstI.TP1232706","11","    8687","","0.5954","C"
"4","Trait5","pKWmEB","PstI.TP1232861","11","    8688","","0.3633","A"
"4","Trait5","pKWmEB","PstI.TP1233147","11","    8689","","1.3603","A"
"4","Trait5","pKWmEB","PstI.TP1233150","11","    8690","","0.8541","A"
"4","Trait5","pKWmEB","PstI.TP1233984","11","    8691","","0.6534","A"
"4","Trait5","pKWmEB","PstI.TP1234011","11","    8692","","0.2186","A"
"4","Trait5","pKWmEB","PstI.TP1234048","11","    8693","","1.6265","C"
"4","Trait5","pKWmEB","PstI.TP1234154","11","    8694","","1.6658","C"
"4","Trait5","pKWmEB","PstI.TP1234221","11","    8695","","0.2941","A"
"4","Trait5","pKWmEB","PstI.TP1234285","11","    8696","","1.1488","C"
"4","Trait5","pKWmEB","PstI.TP1234406","11","    8697","","0.2960","A"
"4","Trait5","pKWmEB","PstI.TP1234441","11","    8698","","1.3815","A"
"4","Trait5","pKWmEB","PstI.TP1234527","11","    8699","","0.0684","A"
"4","Trait5","pKWmEB","PstI.TP1234687","11","    8701","","0.3246","C"
"4","Trait5","pKWmEB","PstI.TP1234710","11","    8702","","0.3254","A"
"4","Trait5","pKWmEB","PstI.TP1234830","11","    8703","","0.1946","A"
"4","Trait5","pKWmEB","PstI.TP1235069","11","    8704","","0.6830","A"
"4","Trait5","pKWmEB","PstI.TP1235521","11","    8705","","1.4063","G"
"4","Trait5","pKWmEB","PstI.TP1235702","11","    8706","","0.1644","A"
"4","Trait5","pKWmEB","PstI.TP1235706","11","    8707","","0.3742","G"
"4","Trait5","pKWmEB","PstI.TP1236507","11","    8708","","0.3265","A"
"4","Trait5","pKWmEB","PstI.TP1236766","11","    8710","","0.3088","G"
"4","Trait5","pKWmEB","PstI.TP1237542","11","    8713","","0.8450","G"
"4","Trait5","pKWmEB","PstI.TP1237734","11","    8714","","0.1037","A"
"4","Trait5","pKWmEB","PstI.TP1237889","11","    8715","","0.3186","A"
"4","Trait5","pKWmEB","PstI.TP1237941","11","    8716","","1.6716","G"
"4","Trait5","pKWmEB","PstI.TP1237979","11","    8717","","0.2392","A"
"4","Trait5","pKWmEB","PstI.TP1238123","11","    8718","","0.0762","C"
"4","Trait5","pKWmEB","PstI.TP1238399","11","    8719","","0.1864","A"
"4","Trait5","pKWmEB","PstI.TP1238555","11","    8720","","0.2078","A"
"4","Trait5","pKWmEB","PstI.TP1238719","11","    8722","","0.2250","G"
"4","Trait5","pKWmEB","PstI.TP1238825","11","    8723","","0.8774","G"
"4","Trait5","pKWmEB","PstI.TP1239032","11","    8724","","0.4379","A"
"4","Trait5","pKWmEB","PstI.TP1239133","11","    8725","","0.9029","A"
"4","Trait5","pKWmEB","PstI.TP1239394","11","    8726","","0.3029","A"
"4","Trait5","pKWmEB","PstI.TP1239800","11","    8727","","0.9427","C"
"4","Trait5","pKWmEB","PstI.TP1239821","11","    8728","","0.0259","A"
"4","Trait5","pKWmEB","PstI.TP1239973","11","    8729","","0.0071","A"
"4","Trait5","pKWmEB","PstI.TP1239977","11","    8730","","0.4672","C"
"4","Trait5","pKWmEB","PstI.TP1240105","11","    8733","","0.3048","A"
"4","Trait5","pKWmEB","PstI.TP1240142","11","    8734","","0.0383","A"
"4","Trait5","pKWmEB","PstI.TP1240155","11","    8735","","0.4190","A"
"4","Trait5","pKWmEB","PstI.TP1240171","11","    8736","","0.1142","G"
"4","Trait5","pKWmEB","PstI.TP1240544","11","    8737","","0.1048","C"
"4","Trait5","pKWmEB","PstI.TP1240613","11","    8738","","0.0957","A"
"4","Trait5","pKWmEB","PstI.TP1240798","11","    8739","","0.2052","A"
"4","Trait5","pKWmEB","PstI.TP1240799","11","    8740","","0.5454","C"
"4","Trait5","pKWmEB","PstI.TP1241040","11","    8741","","0.2822","G"
"4","Trait5","pKWmEB","PstI.TP1241157","11","    8742","","0.4036","C"
"4","Trait5","pKWmEB","PstI.TP1241248","11","    8743","","0.8709","A"
"4","Trait5","pKWmEB","PstI.TP1241738","11","    8744","","0.0602","A"
"4","Trait5","pKWmEB","PstI.TP1241930","11","    8746","","0.7830","G"
"4","Trait5","pKWmEB","PstI.TP1242125","11","    8747","","0.1239","A"
"4","Trait5","pKWmEB","PstI.TP1242596","11","    8750","","0.0359","C"
"4","Trait5","pKWmEB","PstI.TP1242628","11","    8751","","1.0332","A"
"4","Trait5","pKWmEB","PstI.TP1242757","11","    8753","","0.7049","A"
"4","Trait5","pKWmEB","PstI.TP1242773","11","    8754","","0.7999","C"
"4","Trait5","pKWmEB","PstI.TP1242858","11","    8755","","0.1320","A"
"4","Trait5","pKWmEB","PstI.TP1242881","11","    8756","","2.0156","C"
"4","Trait5","pKWmEB","PstI.TP1242917","11","    8758","","0.0519","A"
"4","Trait5","pKWmEB","PstI.TP1243010","11","    8760","","0.6326","A"
"4","Trait5","pKWmEB","PstI.TP1243013","11","    8761","","0.0063","C"
"4","Trait5","pKWmEB","PstI.TP1243037","11","    8762","","1.1519","A"
"4","Trait5","pKWmEB","PstI.TP1243209","11","    8763","","0.4171","C"
"4","Trait5","pKWmEB","PstI.TP1243630","11","    8766","","0.2890","A"
"4","Trait5","pKWmEB","PstI.TP1243783","11","    8767","","0.1878","A"
"4","Trait5","pKWmEB","PstI.TP1243965","11","    8768","","0.8169","A"
"4","Trait5","pKWmEB","PstI.TP1244093","11","    8770","","0.5541","A"
"4","Trait5","pKWmEB","PstI.TP1244661","11","    8773","","0.3573","A"
"4","Trait5","pKWmEB","PstI.TP1245447","11","    8776","","0.7698","A"
"4","Trait5","pKWmEB","PstI.TP1245564","11","    8777","","0.5125","A"
"4","Trait5","pKWmEB","PstI.TP1245595","11","    8778","","0.2692","C"
"4","Trait5","pKWmEB","PstI.TP1246102","11","    8779","","0.1474","C"
"4","Trait5","pKWmEB","PstI.TP1246310","11","    8780","","0.0816","C"
"4","Trait5","pKWmEB","PstI.TP1247760","11","    8782","","0.0012","C"
"4","Trait5","pKWmEB","PstI.TP1247796","11","    8783","","0.3077","C"
"4","Trait5","pKWmEB","PstI.TP1247924","11","    8784","","0.6419","C"
"4","Trait5","pKWmEB","PstI.TP1247989","11","    8785","","0.9107","C"
"4","Trait5","pKWmEB","PstI.TP1248001","11","    8786","","0.4281","A"
"4","Trait5","pKWmEB","PstI.TP1248038","11","    8787","","0.3223","C"
"4","Trait5","pKWmEB","PstI.TP1248039","11","    8788","","1.0509","C"
"4","Trait5","pKWmEB","PstI.TP1248391","11","    8789","","0.9723","A"
"4","Trait5","pKWmEB","PstI.TP1248507","11","    8790","","0.5374","A"
"4","Trait5","pKWmEB","PstI.TP1248873","11","    8791","","0.1231","G"
"4","Trait5","pKWmEB","PstI.TP1249096","11","    8793","","0.9032","C"
"4","Trait5","pKWmEB","PstI.TP1249414","11","    8796","","0.2793","A"
"4","Trait5","pKWmEB","PstI.TP1250021","11","    8798","","0.1432","C"
"4","Trait5","pKWmEB","PstI.TP1250222","11","    8799","","0.9177","C"
"4","Trait5","pKWmEB","PstI.TP1250317","11","    8800","","0.2036","A"
"4","Trait5","pKWmEB","PstI.TP1250446","11","    8801","","0.8006","C"
"4","Trait5","pKWmEB","PstI.TP1250648","11","    8802","","0.4889","C"
"4","Trait5","pKWmEB","PstI.TP1251275","11","    8804","","0.3322","A"
"4","Trait5","pKWmEB","PstI.TP1251376","11","    8805","","0.4026","C"
"4","Trait5","pKWmEB","PstI.TP1251415","11","    8806","","1.4490","G"
"4","Trait5","pKWmEB","PstI.TP1251494","11","    8807","","1.0610","C"
"4","Trait5","pKWmEB","PstI.TP1251568","11","    8808","","0.1965","A"
"4","Trait5","pKWmEB","PstI.TP1252100","11","    8809","","0.3898","A"
"4","Trait5","pKWmEB","PstI.TP1252106","11","    8810","","0.3808","C"
"4","Trait5","pKWmEB","PstI.TP1252152","11","    8811","","0.3847","C"
"4","Trait5","pKWmEB","PstI.TP1252188","11","    8812","","0.3343","C"
"4","Trait5","pKWmEB","PstI.TP1252344","11","    8813","","0.7275","A"
"4","Trait5","pKWmEB","PstI.TP1252756","11","    8816","","0.4559","G"
"4","Trait5","pKWmEB","PstI.TP1252871","11","    8817","","0.9246","G"
"4","Trait5","pKWmEB","PstI.TP1253009","11","    8818","","0.3851","C"
"4","Trait5","pKWmEB","PstI.TP1253160","11","    8819","","0.0434","A"
"4","Trait5","pKWmEB","PstI.TP1253170","11","    8820","","0.6468","A"
"4","Trait5","pKWmEB","PstI.TP1253172","11","    8821","","0.0427","A"
"4","Trait5","pKWmEB","PstI.TP1253514","11","    8822","","0.4789","C"
"4","Trait5","pKWmEB","PstI.TP1253765","11","    8823","","0.0715","A"
"4","Trait5","pKWmEB","PstI.TP1253843","11","    8824","","1.1768","A"
"4","Trait5","pKWmEB","PstI.TP1254106","11","    8826","","0.2983","A"
"4","Trait5","pKWmEB","PstI.TP1254648","11","    8827","","0.2480","C"
"4","Trait5","pKWmEB","PstI.TP1254766","11","    8828","","0.6580","C"
"4","Trait5","pKWmEB","PstI.TP1254810","11","    8829","","0.3011","A"
"4","Trait5","pKWmEB","PstI.TP1254833","11","    8830","","0.0485","C"
"4","Trait5","pKWmEB","PstI.TP1254866","11","    8831","","0.9357","C"
"4","Trait5","pKWmEB","PstI.TP1254973","11","    8832","","0.3738","C"
"4","Trait5","pKWmEB","PstI.TP1255136","11","    8834","","0.3285","A"
"4","Trait5","pKWmEB","PstI.TP1255297","11","    8835","","0.6921","C"
"4","Trait5","pKWmEB","PstI.TP1255453","11","    8836","","0.6788","C"
"4","Trait5","pKWmEB","PstI.TP1255816","11","    8839","","0.0523","C"
"4","Trait5","pKWmEB","PstI.TP1255868","11","    8840","","0.0441","A"
"4","Trait5","pKWmEB","PstI.TP1255945","11","    8841","","0.4542","A"
"4","Trait5","pKWmEB","PstI.TP1256235","11","    8842","","1.2320","C"
"4","Trait5","pKWmEB","PstI.TP1256455","11","    8843","","0.0795","C"
"4","Trait5","pKWmEB","PstI.TP1256578","11","    8844","","0.4027","A"
"4","Trait5","pKWmEB","PstI.TP1256600","11","    8845","","0.1176","C"
"4","Trait5","pKWmEB","PstI.TP1256830","11","    8846","","0.5080","C"
"4","Trait5","pKWmEB","PstI.TP1256881","11","    8847","","0.0716","G"
"4","Trait5","pKWmEB","PstI.TP1256959","11","    8848","","0.2739","A"
"4","Trait5","pKWmEB","PstI.TP1257087","11","    8849","","0.1596","A"
"4","Trait5","pKWmEB","PstI.TP1257130","11","    8850","","0.0461","A"
"4","Trait5","pKWmEB","PstI.TP1257198","11","    8851","","0.6828","C"
"4","Trait5","pKWmEB","PstI.TP1257269","11","    8852","","0.9508","C"
"4","Trait5","pKWmEB","PstI.TP1257271","11","    8853","","0.0502","G"
"4","Trait5","pKWmEB","PstI.TP1257405","11","    8854","","0.0616","C"
"4","Trait5","pKWmEB","PstI.TP1257460","11","    8855","","0.6206","C"
"4","Trait5","pKWmEB","PstI.TP1257673","11","    8856","","0.0536","A"
"4","Trait5","pKWmEB","PstI.TP1257679","11","    8857","","1.6596","A"
"4","Trait5","pKWmEB","PstI.TP1257809","11","    8858","","0.6416","A"
"4","Trait5","pKWmEB","PstI.TP1257881","11","    8859","","0.0225","C"
"4","Trait5","pKWmEB","PstI.TP1258017","11","    8860","","0.3950","A"
"4","Trait5","pKWmEB","PstI.TP1258024","11","    8861","","0.5781","A"
"4","Trait5","pKWmEB","PstI.TP1258605","11","    8862","","0.2888","C"
"4","Trait5","pKWmEB","PstI.TP1258817","11","    8864","","0.4936","C"
"4","Trait5","pKWmEB","PstI.TP1258947","11","    8866","","0.1448","C"
"4","Trait5","pKWmEB","PstI.TP1259050","11","    8867","","0.2059","A"
"4","Trait5","pKWmEB","PstI.TP1259062","11","    8868","","0.0625","A"
"4","Trait5","pKWmEB","PstI.TP1259214","11","    8871","","0.1908","A"
"4","Trait5","pKWmEB","PstI.TP1259566","11","    8872","","0.1142","C"
"4","Trait5","pKWmEB","PstI.TP1259821","11","    8873","","0.1013","C"
"4","Trait5","pKWmEB","PstI.TP1260029","11","    8875","","0.4766","A"
"4","Trait5","pKWmEB","PstI.TP1260138","11","    8876","","0.1064","G"
"4","Trait5","pKWmEB","PstI.TP1260287","11","    8877","","0.8590","A"
"4","Trait5","pKWmEB","PstI.TP1260668","11","    8878","","1.1079","G"
"4","Trait5","pKWmEB","PstI.TP1260688","11","    8879","","0.6005","A"
"4","Trait5","pKWmEB","PstI.TP1261043","11","    8880","","0.6151","A"
"4","Trait5","pKWmEB","PstI.TP1261057","11","    8881","","0.0378","C"
"4","Trait5","pKWmEB","PstI.TP1261185","11","    8882","","0.0017","G"
"4","Trait5","pKWmEB","PstI.TP1261963","11","    8883","","0.4103","A"
"4","Trait5","pKWmEB","PstI.TP1262153","11","    8884","","0.0203","C"
"4","Trait5","pKWmEB","PstI.TP1262210","11","    8885","","0.6559","A"
"4","Trait5","pKWmEB","PstI.TP1262355","11","    8887","","0.1259","C"
"4","Trait5","pKWmEB","PstI.TP1262452","11","    8888","","0.4115","C"
"4","Trait5","pKWmEB","PstI.TP1262623","11","    8889","","0.2546","C"
"4","Trait5","pKWmEB","PstI.TP1262624","11","    8890","","0.4729","C"
"4","Trait5","pKWmEB","PstI.TP1262700","11","    8891","","0.4301","A"
"4","Trait5","pKWmEB","PstI.TP1262719","11","    8892","","0.0503","G"
"4","Trait5","pKWmEB","PstI.TP1262872","11","    8893","","0.2757","A"
"4","Trait5","pKWmEB","PstI.TP1262915","11","    8894","","1.7923","A"
"4","Trait5","pKWmEB","PstI.TP1263025","11","    8895","","0.7047","C"
"4","Trait5","pKWmEB","PstI.TP1263276","11","    8896","","0.5209","G"
"4","Trait5","pKWmEB","PstI.TP1263377","11","    8898","","0.5621","C"
"4","Trait5","pKWmEB","PstI.TP1263585","11","    8899","","1.3984","C"
"4","Trait5","pKWmEB","PstI.TP1263751","11","    8900","","0.1033","C"
"4","Trait5","pKWmEB","PstI.TP1263934","11","    8901","","0.0499","C"
"4","Trait5","pKWmEB","PstI.TP1264059","11","    8902","","0.0528","C"
"4","Trait5","pKWmEB","PstI.TP1264311","11","    8903","","0.0127","A"
"4","Trait5","pKWmEB","PstI.TP1264398","11","    8904","","1.7732","A"
"4","Trait5","pKWmEB","PstI.TP1264624","11","    8907","","0.2344","C"
"4","Trait5","pKWmEB","PstI.TP1265015","11","    8908","","0.1131","C"
"4","Trait5","pKWmEB","PstI.TP1265020","11","    8909","","0.6786","A"
"4","Trait5","pKWmEB","PstI.TP1265659","11","    8910","","0.1927","G"
"4","Trait5","pKWmEB","PstI.TP1265666","11","    8911","","1.2673","G"
"4","Trait5","pKWmEB","PstI.TP1265743","11","    8912","","0.0476","C"
"4","Trait5","pKWmEB","PstI.TP1265922","11","    8914","","0.5538","A"
"4","Trait5","pKWmEB","PstI.TP1266055","11","    8916","","0.4491","G"
"4","Trait5","pKWmEB","PstI.TP1266357","11","    8917","","0.4171","G"
"4","Trait5","pKWmEB","PstI.TP1266373","11","    8918","","0.3025","A"
"4","Trait5","pKWmEB","PstI.TP1266907","11","    8920","","0.0309","G"
"4","Trait5","pKWmEB","PstI.TP1266950","11","    8921","","0.5828","G"
"4","Trait5","pKWmEB","PstI.TP1267198","11","    8922","","0.3162","A"
"4","Trait5","pKWmEB","PstI.TP1267202","11","    8923","","0.3049","C"
"4","Trait5","pKWmEB","PstI.TP1267349","11","    8924","","0.1889","A"
"4","Trait5","pKWmEB","PstI.TP1268112","11","    8928","","0.1106","C"
"4","Trait5","pKWmEB","PstI.TP1268120","11","    8929","","0.9590","C"
"4","Trait5","pKWmEB","PstI.TP1268541","11","    8931","","0.4201","A"
"4","Trait5","pKWmEB","PstI.TP1268571","11","    8932","","0.2094","A"
"4","Trait5","pKWmEB","PstI.TP1268630","11","    8933","","0.6726","C"
"4","Trait5","pKWmEB","PstI.TP1268638","11","    8934","","0.4442","C"
"4","Trait5","pKWmEB","PstI.TP1268750","11","    8936","","1.4220","A"
"4","Trait5","pKWmEB","PstI.TP1268841","11","    8938","","2.8539","A"
"4","Trait5","pKWmEB","PstI.TP1269391","11","    8939","","1.7549","G"
"4","Trait5","pKWmEB","PstI.TP1269904","11","    8940","","0.1131","A"
"4","Trait5","pKWmEB","PstI.TP1270360","11","    8941","","1.3448","A"
"4","Trait5","pKWmEB","PstI.TP1270448","11","    8942","","0.2059","C"
"4","Trait5","pKWmEB","PstI.TP1270627","11","    8943","","0.1737","G"
"4","Trait5","pKWmEB","PstI.TP1270884","11","    8945","","0.6864","A"
"4","Trait5","pKWmEB","PstI.TP1270956","11","    8946","","0.1449","A"
"4","Trait5","pKWmEB","PstI.TP1270999","11","    8947","","1.5611","C"
"4","Trait5","pKWmEB","PstI.TP1271004","11","    8948","","0.8576","G"
"4","Trait5","pKWmEB","PstI.TP1271055","11","    8949","","1.2862","C"
"4","Trait5","pKWmEB","PstI.TP1271062","11","    8950","","0.3317","C"
"4","Trait5","pKWmEB","PstI.TP1271222","11","    8951","","1.2507","C"
"4","Trait5","pKWmEB","PstI.TP1271325","11","    8952","","0.8176","G"
"4","Trait5","pKWmEB","PstI.TP1271338","11","    8953","","1.3721","A"
"4","Trait5","pKWmEB","PstI.TP1271482","11","    8955","","0.1858","C"
"4","Trait5","pKWmEB","PstI.TP1271799","11","    8956","","0.0720","A"
"4","Trait5","pKWmEB","PstI.TP1271892","11","    8957","","0.2500","A"
"4","Trait5","pKWmEB","PstI.TP1272009","11","    8958","","0.1295","C"
"4","Trait5","pKWmEB","PstI.TP1272031","11","    8959","","0.0935","C"
"4","Trait5","pKWmEB","PstI.TP1272138","11","    8960","","0.8965","C"
"4","Trait5","pKWmEB","PstI.TP1272264","11","    8962","","0.5580","A"
"4","Trait5","pKWmEB","PstI.TP1272338","11","    8963","","1.0695","C"
"4","Trait5","pKWmEB","PstI.TP1272344","11","    8964","","0.7903","C"
"4","Trait5","pKWmEB","PstI.TP1272351","11","    8965","","0.0369","A"
"4","Trait5","pKWmEB","PstI.TP1272417","11","    8966","","0.6207","G"
"4","Trait5","pKWmEB","PstI.TP1272419","11","    8967","","0.5197","A"
"4","Trait5","pKWmEB","PstI.TP1272933","11","    8969","","1.8326","G"
"4","Trait5","pKWmEB","PstI.TP1273314","11","    8970","","0.4711","A"
"4","Trait5","pKWmEB","PstI.TP1273592","11","    8971","","0.1960","A"
"4","Trait5","pKWmEB","PstI.TP1273872","11","    8972","","1.1227","A"
"4","Trait5","pKWmEB","PstI.TP1274016","11","    8974","","0.4537","A"
"4","Trait5","pKWmEB","PstI.TP1274254","11","    8975","","1.2436","A"
"4","Trait5","pKWmEB","PstI.TP1274341","11","    8976","","1.9852","A"
"4","Trait5","pKWmEB","PstI.TP1274580","11","    8977","","0.2917","A"
"4","Trait5","pKWmEB","PstI.TP1274787","11","    8978","","0.4040","C"
"4","Trait5","pKWmEB","PstI.TP1274954","11","    8979","","0.0513","A"
"4","Trait5","pKWmEB","PstI.TP1275124","11","    8980","","0.2043","A"
"4","Trait5","pKWmEB","PstI.TP1275167","11","    8981","","0.0247","A"
"4","Trait5","pKWmEB","PstI.TP1275218","11","    8982","","1.1304","A"
"4","Trait5","pKWmEB","PstI.TP1275363","11","    8983","","0.5268","C"
"4","Trait5","pKWmEB","PstI.TP1275638","11","    8984","","0.6414","G"
"4","Trait5","pKWmEB","PstI.TP1275640","11","    8985","","0.6784","A"
"4","Trait5","pKWmEB","PstI.TP1275689","11","    8986","","0.2770","C"
"4","Trait5","pKWmEB","PstI.TP1275729","11","    8987","","0.1610","A"
"4","Trait5","pKWmEB","PstI.TP1275746","11","    8988","","0.5240","C"
"4","Trait5","pKWmEB","PstI.TP1275752","11","    8989","","0.4418","G"
"4","Trait5","pKWmEB","PstI.TP1275889","11","    8990","","0.1357","A"
"4","Trait5","pKWmEB","PstI.TP1276178","11","    8991","","0.0933","A"
"4","Trait5","pKWmEB","PstI.TP1276771","11","    8993","","2.3911","A"
"4","Trait5","pKWmEB","PstI.TP1276787","11","    8994","","0.3758","A"
"4","Trait5","pKWmEB","PstI.TP1277202","11","    8995","","0.6156","C"
"4","Trait5","pKWmEB","PstI.TP1277330","11","    8996","","0.7548","C"
"4","Trait5","pKWmEB","PstI.TP1277768","11","    8997","","0.8255","C"
"4","Trait5","pKWmEB","PstI.TP1277774","11","    8998","","0.0920","A"
"4","Trait5","pKWmEB","PstI.TP1277966","11","    8999","","0.1930","A"
"4","Trait5","pKWmEB","PstI.TP1278000","11","    9001","","0.2179","C"
"4","Trait5","pKWmEB","PstI.TP1278036","11","    9002","","0.6380","A"
"4","Trait5","pKWmEB","PstI.TP1278150","11","    9003","","0.3656","A"
"4","Trait5","pKWmEB","PstI.TP1278187","11","    9004","","0.4458","A"
"4","Trait5","pKWmEB","PstI.TP1278398","11","    9006","","0.0594","C"
"4","Trait5","pKWmEB","PstI.TP1278414","11","    9007","","0.0446","C"
"4","Trait5","pKWmEB","PstI.TP1278606","11","    9008","","0.3332","A"
"4","Trait5","pKWmEB","PstI.TP1278865","11","    9009","","0.1589","A"
"4","Trait5","pKWmEB","PstI.TP1279035","11","    9011","","0.4010","A"
"4","Trait5","pKWmEB","PstI.TP1279411","11","    9014","","0.0935","C"
"4","Trait5","pKWmEB","PstI.TP1279586","11","    9015","","0.9807","A"
"4","Trait5","pKWmEB","PstI.TP1279985","11","    9017","","0.0534","A"
"4","Trait5","pKWmEB","PstI.TP1280018","11","    9018","","0.0701","C"
"4","Trait5","pKWmEB","PstI.TP1280039","11","    9019","","0.2415","C"
"4","Trait5","pKWmEB","PstI.TP1280111","11","    9021","","0.3397","A"
"4","Trait5","pKWmEB","PstI.TP1280126","11","    9022","","0.5728","A"
"4","Trait5","pKWmEB","PstI.TP1280274","11","    9025","","0.1048","A"
"4","Trait5","pKWmEB","PstI.TP1280405","11","    9027","","0.3754","A"
"4","Trait5","pKWmEB","PstI.TP1280757","11","    9028","","0.1678","C"
"4","Trait5","pKWmEB","PstI.TP1280779","11","    9029","","0.6194","C"
"4","Trait5","pKWmEB","PstI.TP1280946","11","    9030","","0.6433","C"
"4","Trait5","pKWmEB","PstI.TP1281179","11","    9031","","0.2112","C"
"4","Trait5","pKWmEB","PstI.TP1281313","11","    9032","","0.4930","C"
"4","Trait5","pKWmEB","PstI.TP1281534","11","    9033","","1.0372","A"
"4","Trait5","pKWmEB","PstI.TP1282127","11","    9034","","0.2427","A"
"4","Trait5","pKWmEB","PstI.TP1282519","11","    9035","","0.3325","C"
"4","Trait5","pKWmEB","PstI.TP1282815","11","    9036","","0.7755","G"
"4","Trait5","pKWmEB","PstI.TP1283330","11","    9037","","0.3226","C"
"4","Trait5","pKWmEB","PstI.TP1283425","11","    9038","","0.3760","A"
"4","Trait5","pKWmEB","PstI.TP1283654","11","    9039","","0.3742","A"
"4","Trait5","pKWmEB","PstI.TP1283661","11","    9040","","0.0997","G"
"4","Trait5","pKWmEB","PstI.TP1283668","11","    9041","","0.0630","C"
"4","Trait5","pKWmEB","PstI.TP1283811","11","    9042","","0.0521","C"
"4","Trait5","pKWmEB","PstI.TP1283881","11","    9043","","1.0021","C"
"4","Trait5","pKWmEB","PstI.TP1284141","11","    9044","","0.3089","A"
"4","Trait5","pKWmEB","PstI.TP1284145","11","    9045","","0.7214","C"
"4","Trait5","pKWmEB","PstI.TP1284260","11","    9046","","1.1561","A"
"4","Trait5","pKWmEB","PstI.TP1284294","11","    9047","","0.5146","C"
"4","Trait5","pKWmEB","PstI.TP1284503","11","    9049","","0.6162","A"
"4","Trait5","pKWmEB","PstI.TP1284520","11","    9050","","1.4089","C"
"4","Trait5","pKWmEB","PstI.TP1284595","11","    9051","","1.1765","A"
"4","Trait5","pKWmEB","PstI.TP1284628","11","    9052","","0.3335","C"
"4","Trait5","pKWmEB","PstI.TP1285583","11","    9053","","0.3874","A"
"4","Trait5","pKWmEB","PstI.TP1285846","11","    9054","","0.0438","A"
"4","Trait5","pKWmEB","PstI.TP1285941","11","    9055","","0.2247","A"
"4","Trait5","pKWmEB","PstI.TP1286055","11","    9056","","0.3206","C"
"4","Trait5","pKWmEB","PstI.TP1286312","11","    9058","","0.8112","A"
"4","Trait5","pKWmEB","PstI.TP1286344","11","    9059","","0.3226","A"
"4","Trait5","pKWmEB","PstI.TP1286426","11","    9060","","0.2045","C"
"4","Trait5","pKWmEB","PstI.TP1286429","11","    9061","","0.1080","G"
"4","Trait5","pKWmEB","PstI.TP1286446","11","    9062","","0.0204","A"
"4","Trait5","pKWmEB","PstI.TP1286540","11","    9063","","0.1713","C"
"4","Trait5","pKWmEB","PstI.TP1286631","11","    9064","","0.5747","C"
"4","Trait5","pKWmEB","PstI.TP1286655","11","    9065","","0.5021","A"
"4","Trait5","pKWmEB","PstI.TP1286748","11","    9066","","0.0556","C"
"4","Trait5","pKWmEB","PstI.TP1286824","11","    9067","","0.0746","A"
"4","Trait5","pKWmEB","PstI.TP1286871","11","    9068","","0.5909","C"
"4","Trait5","pKWmEB","PstI.TP1286978","11","    9069","","0.0731","C"
"4","Trait5","pKWmEB","PstI.TP1287436","11","    9072","","0.4140","C"
"4","Trait5","pKWmEB","PstI.TP1287455","11","    9073","","0.2504","C"
"4","Trait5","pKWmEB","PstI.TP1287678","11","    9075","","0.1344","C"
"4","Trait5","pKWmEB","PstI.TP1287778","11","    9076","","0.4600","A"
"4","Trait5","pKWmEB","PstI.TP1287907","11","    9077","","0.4999","C"
"4","Trait5","pKWmEB","PstI.TP1287938","11","    9078","","0.1286","C"
"4","Trait5","pKWmEB","PstI.TP1288091","11","    9080","","0.4163","C"
"4","Trait5","pKWmEB","PstI.TP1288099","11","    9081","","0.2350","A"
"4","Trait5","pKWmEB","PstI.TP1288264","11","    9082","","0.5226","A"
"4","Trait5","pKWmEB","PstI.TP1288348","11","    9083","","1.3703","C"
"4","Trait5","pKWmEB","PstI.TP1288567","11","    9085","","0.0828","A"
"4","Trait5","pKWmEB","PstI.TP1288597","11","    9086","","0.0985","C"
"4","Trait5","pKWmEB","PstI.TP1288798","11","    9087","","0.2899","G"
"4","Trait5","pKWmEB","PstI.TP1288800","11","    9088","","0.1020","G"
"4","Trait5","pKWmEB","PstI.TP1289681","11","    9089","","0.0924","C"
"4","Trait5","pKWmEB","PstI.TP1290175","11","    9090","","0.0364","C"
"4","Trait5","pKWmEB","PstI.TP1290291","11","    9091","","0.0370","A"
"4","Trait5","pKWmEB","PstI.TP1290454","11","    9092","","0.1318","A"
"4","Trait5","pKWmEB","PstI.TP1290645","11","    9093","","0.2157","G"
"4","Trait5","pKWmEB","PstI.TP1290654","11","    9094","","0.2082","G"
"4","Trait5","pKWmEB","PstI.TP1290670","11","    9095","","0.0731","G"
"4","Trait5","pKWmEB","PstI.TP1291010","11","    9097","","0.0209","A"
"4","Trait5","pKWmEB","PstI.TP1291386","11","    9099","","0.8383","C"
"4","Trait5","pKWmEB","PstI.TP1291754","11","    9100","","0.7055","A"
"4","Trait5","pKWmEB","PstI.TP1291768","11","    9101","","0.2912","G"
"4","Trait5","pKWmEB","PstI.TP1291800","11","    9103","","0.1551","A"
"4","Trait5","pKWmEB","PstI.TP1292045","11","    9104","","0.3609","A"
"4","Trait5","pKWmEB","PstI.TP1292069","11","    9105","","0.1993","C"
"4","Trait5","pKWmEB","PstI.TP1292123","11","    9106","","0.5758","C"
"4","Trait5","pKWmEB","PstI.TP1292142","11","    9107","","0.5210","A"
"4","Trait5","pKWmEB","PstI.TP1292532","11","    9108","","0.6531","A"
"4","Trait5","pKWmEB","PstI.TP1292543","11","    9109","","0.9111","A"
"4","Trait5","pKWmEB","PstI.TP1292604","11","    9110","","0.3836","A"
"4","Trait5","pKWmEB","PstI.TP1292609","11","    9111","","1.2811","C"
"4","Trait5","pKWmEB","PstI.TP1292782","11","    9114","","0.6204","C"
"4","Trait5","pKWmEB","PstI.TP1292933","11","    9116","","0.5133","A"
"4","Trait5","pKWmEB","PstI.TP1293011","11","    9117","","0.2996","C"
"4","Trait5","pKWmEB","PstI.TP1293089","11","    9118","","1.1610","A"
"4","Trait5","pKWmEB","PstI.TP1293090","11","    9119","","0.7201","A"
"4","Trait5","pKWmEB","PstI.TP1293114","11","    9120","","0.4057","G"
"4","Trait5","pKWmEB","PstI.TP1293308","11","    9121","","0.2827","C"
"4","Trait5","pKWmEB","PstI.TP1293547","11","    9124","","2.0861","A"
"4","Trait5","pKWmEB","PstI.TP1293900","11","    9126","","0.3492","A"
"4","Trait5","pKWmEB","PstI.TP1293961","11","    9127","","0.0767","C"
"4","Trait5","pKWmEB","PstI.TP1294113","11","    9129","","0.3926","C"
"4","Trait5","pKWmEB","PstI.TP1294195","11","    9130","","0.8778","A"
"4","Trait5","pKWmEB","PstI.TP1294242","11","    9131","","1.2036","A"
"4","Trait5","pKWmEB","PstI.TP1294344","11","    9132","","0.5667","A"
"4","Trait5","pKWmEB","PstI.TP1294374","11","    9133","","0.4482","G"
"4","Trait5","pKWmEB","PstI.TP1294837","11","    9134","","1.6213","A"
"4","Trait5","pKWmEB","PstI.TP1294996","11","    9135","","0.4212","C"
"4","Trait5","pKWmEB","PstI.TP1295314","11","    9137","","0.0592","C"
"4","Trait5","pKWmEB","NsiI.TP224","11","    9139","","0.4323","A"
"4","Trait5","pKWmEB","NsiI.TP568","11","    9143","","0.2665","A"
"4","Trait5","pKWmEB","NsiI.TP578","11","    9144","","0.1048","C"
"4","Trait5","pKWmEB","NsiI.TP932","11","    9145","","0.2949","C"
"4","Trait5","pKWmEB","NsiI.TP985","11","    9146","","0.0271","C"
"4","Trait5","pKWmEB","NsiI.TP1016","11","    9147","","0.3297","A"
"4","Trait5","pKWmEB","NsiI.TP1051","11","    9148","","0.6325","A"
"4","Trait5","pKWmEB","NsiI.TP1064","11","    9150","","0.1515","A"
"4","Trait5","pKWmEB","NsiI.TP1295","11","    9152","","0.3758","A"
"4","Trait5","pKWmEB","NsiI.TP1465","11","    9153","","0.0991","A"
"4","Trait5","pKWmEB","NsiI.TP1720","11","    9155","","0.4284","C"
"4","Trait5","pKWmEB","NsiI.TP1783","11","    9157","","1.3649","C"
"4","Trait5","pKWmEB","NsiI.TP1993","11","    9158","","0.5132","A"
"4","Trait5","pKWmEB","NsiI.TP2176","11","    9159","","0.1098","C"
"4","Trait5","pKWmEB","NsiI.TP2370","11","    9160","","0.1368","C"
"4","Trait5","pKWmEB","NsiI.TP2469","11","    9161","","0.5738","A"
"4","Trait5","pKWmEB","NsiI.TP2645","11","    9163","","0.0024","A"
"4","Trait5","pKWmEB","NsiI.TP2849","11","    9165","","1.1579","A"
"4","Trait5","pKWmEB","NsiI.TP3078","11","    9168","","0.2184","C"
"4","Trait5","pKWmEB","NsiI.TP3214","11","    9170","","0.0248","A"
"4","Trait5","pKWmEB","NsiI.TP3524","11","    9171","","0.4193","A"
"4","Trait5","pKWmEB","NsiI.TP3530","11","    9172","","0.6927","C"
"4","Trait5","pKWmEB","NsiI.TP4635","11","    9175","","0.5878","A"
"4","Trait5","pKWmEB","NsiI.TP4692","11","    9176","","0.1808","A"
"4","Trait5","pKWmEB","NsiI.TP4824","11","    9179","","1.1662","A"
"4","Trait5","pKWmEB","NsiI.TP4829","11","    9180","","0.3511","C"
"4","Trait5","pKWmEB","NsiI.TP4902","11","    9181","","1.0022","A"
"4","Trait5","pKWmEB","NsiI.TP4937","11","    9182","","0.1759","A"
"4","Trait5","pKWmEB","NsiI.TP5013","11","    9183","","0.4140","C"
"4","Trait5","pKWmEB","NsiI.TP5059","11","    9184","","0.7900","A"
"4","Trait5","pKWmEB","NsiI.TP5147","11","    9186","","1.2387","A"
"4","Trait5","pKWmEB","NsiI.TP5216","11","    9187","","0.4317","C"
"4","Trait5","pKWmEB","NsiI.TP5257","11","    9189","","0.0082","A"
"4","Trait5","pKWmEB","NsiI.TP5349","11","    9190","","0.5374","A"
"4","Trait5","pKWmEB","NsiI.TP5409","11","    9191","","0.0608","C"
"4","Trait5","pKWmEB","NsiI.TP5485","11","    9192","","0.0605","C"
"4","Trait5","pKWmEB","NsiI.TP5622","11","    9194","","0.0506","C"
"4","Trait5","pKWmEB","NsiI.TP5718","11","    9195","","1.2918","C"
"4","Trait5","pKWmEB","NsiI.TP5842","11","    9196","","0.2980","A"
"4","Trait5","pKWmEB","NsiI.TP5949","11","    9198","","0.0688","A"
"4","Trait5","pKWmEB","NsiI.TP6029","11","    9200","","0.1918","A"
"4","Trait5","pKWmEB","NsiI.TP6363","11","    9203","","0.3934","A"
"4","Trait5","pKWmEB","NsiI.TP6507","11","    9204","","1.7961","C"
"4","Trait5","pKWmEB","NsiI.TP6525","11","    9205","","0.6558","C"
"4","Trait5","pKWmEB","NsiI.TP6637","11","    9206","","0.0549","A"
"4","Trait5","pKWmEB","NsiI.TP6801","11","    9208","","0.6207","A"
"4","Trait5","pKWmEB","NsiI.TP7140","11","    9212","","0.0954","A"
"4","Trait5","pKWmEB","NsiI.TP7309","11","    9214","","0.0571","C"
"4","Trait5","pKWmEB","NsiI.TP7390","11","    9215","","0.0551","G"
"4","Trait5","pKWmEB","NsiI.TP7461","11","    9216","","0.7474","C"
"4","Trait5","pKWmEB","NsiI.TP7568","11","    9217","","0.0965","C"
"4","Trait5","pKWmEB","NsiI.TP8035","11","    9220","","0.0631","C"
"4","Trait5","pKWmEB","NsiI.TP8243","11","    9221","","1.1411","A"
"4","Trait5","pKWmEB","NsiI.TP8276","11","    9222","","0.3786","A"
"4","Trait5","pKWmEB","NsiI.TP8416","11","    9224","","0.3736","A"
"4","Trait5","pKWmEB","NsiI.TP8541","11","    9225","","0.0935","G"
"4","Trait5","pKWmEB","NsiI.TP8744","11","    9226","","0.3827","A"
"4","Trait5","pKWmEB","NsiI.TP8981","11","    9227","","0.0446","C"
"4","Trait5","pKWmEB","NsiI.TP9250","11","    9229","","0.0323","A"
"4","Trait5","pKWmEB","NsiI.TP9939","11","    9230","","0.3643","G"
"4","Trait5","pKWmEB","NsiI.TP10149","11","    9232","","0.2451","A"
"4","Trait5","pKWmEB","NsiI.TP10202","11","    9233","","0.1687","A"
"4","Trait5","pKWmEB","NsiI.TP10253","11","    9235","","0.4195","C"
"4","Trait5","pKWmEB","NsiI.TP10279","11","    9237","","0.0960","A"
"4","Trait5","pKWmEB","NsiI.TP10565","11","    9242","","0.4872","A"
"4","Trait5","pKWmEB","NsiI.TP10855","11","    9245","","0.0830","A"
"4","Trait5","pKWmEB","NsiI.TP10979","11","    9246","","0.3663","A"
"4","Trait5","pKWmEB","NsiI.TP11108","11","    9247","","0.2276","C"
"4","Trait5","pKWmEB","NsiI.TP11267","11","    9250","","0.4600","C"
"4","Trait5","pKWmEB","NsiI.TP11887","11","    9256","","0.2392","C"
"4","Trait5","pKWmEB","NsiI.TP11968","11","    9257","","0.0210","A"
"4","Trait5","pKWmEB","NsiI.TP12172","11","    9258","","0.2789","G"
"4","Trait5","pKWmEB","NsiI.TP12252","11","    9259","","0.2371","A"
"4","Trait5","pKWmEB","NsiI.TP12272","11","    9260","","0.3729","A"
"4","Trait5","pKWmEB","NsiI.TP12645","11","    9261","","0.1585","C"
"4","Trait5","pKWmEB","NsiI.TP12820","11","    9262","","1.1438","G"
"4","Trait5","pKWmEB","NsiI.TP13118","11","    9264","","0.7275","A"
"4","Trait5","pKWmEB","NsiI.TP13124","11","    9265","","0.2103","A"
"4","Trait5","pKWmEB","NsiI.TP13441","11","    9266","","0.9857","C"
"4","Trait5","pKWmEB","NsiI.TP13472","11","    9267","","0.1962","A"
"4","Trait5","pKWmEB","NsiI.TP13678","11","    9269","","2.2447","A"
"4","Trait5","pKWmEB","NsiI.TP13689","11","    9270","","0.2647","C"
"4","Trait5","pKWmEB","NsiI.TP13700","11","    9271","","0.1323","A"
"4","Trait5","pKWmEB","NsiI.TP13900","11","    9274","","0.0513","G"
"4","Trait5","pKWmEB","NsiI.TP14071","11","    9277","","0.4259","C"
"4","Trait5","pKWmEB","NsiI.TP14098","11","    9278","","0.1906","A"
"4","Trait5","pKWmEB","NsiI.TP14129","11","    9279","","0.3245","A"
"4","Trait5","pKWmEB","NsiI.TP14156","11","    9280","","0.0193","C"
"4","Trait5","pKWmEB","NsiI.TP14385","11","    9281","","1.2190","C"
"4","Trait5","pKWmEB","NsiI.TP14409","11","    9282","","0.8776","A"
"4","Trait5","pKWmEB","NsiI.TP14441","11","    9283","","0.3086","C"
"4","Trait5","pKWmEB","NsiI.TP14532","11","    9284","","0.0489","A"
"4","Trait5","pKWmEB","NsiI.TP15087","11","    9287","","0.0442","C"
"4","Trait5","pKWmEB","NsiI.TP15255","11","    9290","","0.2490","A"
"4","Trait5","pKWmEB","NsiI.TP15268","11","    9292","","0.3053","C"
"4","Trait5","pKWmEB","NsiI.TP15532","11","    9296","","0.7201","C"
"4","Trait5","pKWmEB","NsiI.TP15549","11","    9297","","0.8013","A"
"4","Trait5","pKWmEB","NsiI.TP15662","11","    9298","","0.0461","A"
"4","Trait5","pKWmEB","NsiI.TP15741","11","    9300","","0.2246","A"
"4","Trait5","pKWmEB","NsiI.TP15785","11","    9301","","1.8561","C"
"4","Trait5","pKWmEB","NsiI.TP15890","11","    9303","","0.9428","A"
"4","Trait5","pKWmEB","NsiI.TP15926","11","    9304","","0.0885","G"
"4","Trait5","pKWmEB","NsiI.TP15929","11","    9306","","0.1651","A"
"4","Trait5","pKWmEB","NsiI.TP16233","11","    9309","","0.1943","A"
"4","Trait5","pKWmEB","NsiI.TP16385","11","    9310","","0.3254","C"
"4","Trait5","pKWmEB","NsiI.TP16416","11","    9311","","0.7500","A"
"4","Trait5","pKWmEB","NsiI.TP16515","11","    9312","","0.6870","A"
"4","Trait5","pKWmEB","NsiI.TP16621","11","    9315","","0.2397","C"
"4","Trait5","pKWmEB","NsiI.TP16824","11","    9316","","0.0177","G"
"4","Trait5","pKWmEB","NsiI.TP16847","11","    9317","","0.0542","C"
"4","Trait5","pKWmEB","NsiI.TP16950","11","    9318","","0.2149","G"
"4","Trait5","pKWmEB","NsiI.TP17209","11","    9320","","0.8839","A"
"4","Trait5","pKWmEB","NsiI.TP17357","11","    9322","","0.0465","A"
"4","Trait5","pKWmEB","NsiI.TP17675","11","    9326","","0.5080","C"
"4","Trait5","pKWmEB","NsiI.TP17799","11","    9328","","0.0149","A"
"4","Trait5","pKWmEB","NsiI.TP18074","11","    9329","","0.3746","C"
"4","Trait5","pKWmEB","NsiI.TP18720","11","    9336","","0.4627","G"
"4","Trait5","pKWmEB","NsiI.TP18758","11","    9337","","0.3324","A"
"4","Trait5","pKWmEB","NsiI.TP18856","11","    9338","","0.7380","A"
"4","Trait5","pKWmEB","NsiI.TP18985","11","    9339","","2.4036","A"
"4","Trait5","pKWmEB","NsiI.TP19031","11","    9340","","0.3849","C"
"4","Trait5","pKWmEB","NsiI.TP19086","11","    9342","","0.7044","G"
"4","Trait5","pKWmEB","NsiI.TP19327","11","    9345","","0.1905","C"
"4","Trait5","pKWmEB","NsiI.TP19780","11","    9347","","0.6235","A"
"4","Trait5","pKWmEB","NsiI.TP19898","11","    9348","","0.9962","C"
"4","Trait5","pKWmEB","NsiI.TP20006","11","    9349","","0.1427","C"
"4","Trait5","pKWmEB","NsiI.TP20090","11","    9350","","0.0089","C"
"4","Trait5","pKWmEB","NsiI.TP20096","11","    9351","","0.4697","C"
"4","Trait5","pKWmEB","NsiI.TP20148","11","    9353","","0.4002","C"
"4","Trait5","pKWmEB","NsiI.TP20276","11","    9354","","0.1498","A"
"4","Trait5","pKWmEB","NsiI.TP20478","11","    9356","","0.1807","G"
"4","Trait5","pKWmEB","NsiI.TP20534","11","    9357","","0.5813","A"
"4","Trait5","pKWmEB","NsiI.TP21130","11","    9360","","0.4709","C"
"4","Trait5","pKWmEB","NsiI.TP21982","11","    9362","","0.0071","C"
"4","Trait5","pKWmEB","NsiI.TP22036","11","    9363","","0.7785","C"
"4","Trait5","pKWmEB","NsiI.TP22197","11","    9366","","0.3798","C"
"4","Trait5","pKWmEB","NsiI.TP22324","11","    9367","","0.5481","A"
"4","Trait5","pKWmEB","NsiI.TP22693","11","    9369","","0.1180","C"
"4","Trait5","pKWmEB","NsiI.TP22761","11","    9370","","0.5135","A"
"4","Trait5","pKWmEB","NsiI.TP22801","11","    9372","","0.0664","A"
"4","Trait5","pKWmEB","NsiI.TP22867","11","    9374","","0.2402","A"
"4","Trait5","pKWmEB","NsiI.TP23087","11","    9375","","0.6014","C"
"4","Trait5","pKWmEB","NsiI.TP23128","11","    9377","","0.1051","A"
"4","Trait5","pKWmEB","NsiI.TP23230","11","    9378","","0.1539","A"
"4","Trait5","pKWmEB","NsiI.TP23333","11","    9380","","0.9109","A"
"4","Trait5","pKWmEB","NsiI.TP23487","11","    9381","","0.3654","A"
"4","Trait5","pKWmEB","NsiI.TP23511","11","    9383","","0.7098","A"
"4","Trait5","pKWmEB","NsiI.TP23515","11","    9384","","0.2104","C"
"4","Trait5","pKWmEB","NsiI.TP23912","11","    9387","","1.6344","A"
"4","Trait5","pKWmEB","NsiI.TP24289","11","    9392","","0.0111","A"
"4","Trait5","pKWmEB","NsiI.TP24725","11","    9395","","1.3465","A"
"4","Trait5","pKWmEB","NsiI.TP24748","11","    9396","","0.0141","A"
"4","Trait5","pKWmEB","NsiI.TP24783","11","    9397","","0.4285","A"
"4","Trait5","pKWmEB","NsiI.TP24942","11","    9398","","0.2476","G"
"4","Trait5","pKWmEB","NsiI.TP24973","11","    9399","","1.3666","A"
"4","Trait5","pKWmEB","NsiI.TP25045","11","    9400","","0.3625","A"
"4","Trait5","pKWmEB","NsiI.TP25384","11","    9404","","0.7559","C"
"4","Trait5","pKWmEB","NsiI.TP25900","11","    9407","","0.2271","A"
"4","Trait5","pKWmEB","NsiI.TP25965","11","    9408","","0.3098","C"
"4","Trait5","pKWmEB","NsiI.TP26077","11","    9409","","0.2628","A"
"4","Trait5","pKWmEB","NsiI.TP26503","11","    9411","","1.2700","G"
"4","Trait5","pKWmEB","NsiI.TP26517","11","    9412","","1.0733","A"
"4","Trait5","pKWmEB","NsiI.TP26544","11","    9413","","0.1326","A"
"4","Trait5","pKWmEB","NsiI.TP26592","11","    9415","","0.8516","A"
"4","Trait5","pKWmEB","NsiI.TP26637","11","    9416","","0.3700","C"
"4","Trait5","pKWmEB","NsiI.TP26661","11","    9417","","0.0096","A"
"4","Trait5","pKWmEB","NsiI.TP26854","11","    9418","","0.0133","A"
"4","Trait5","pKWmEB","NsiI.TP26932","11","    9419","","0.3197","A"
"4","Trait5","pKWmEB","NsiI.TP27091","11","    9422","","0.9140","C"
"4","Trait5","pKWmEB","NsiI.TP27092","11","    9423","","0.5650","C"
"4","Trait5","pKWmEB","NsiI.TP27095","11","    9424","","0.5176","A"
"4","Trait5","pKWmEB","NsiI.TP27134","11","    9425","","0.5563","A"
"4","Trait5","pKWmEB","NsiI.TP27139","11","    9426","","0.0708","A"
"4","Trait5","pKWmEB","NsiI.TP27142","11","    9427","","0.1758","A"
"4","Trait5","pKWmEB","NsiI.TP27263","11","    9428","","0.6257","A"
"4","Trait5","pKWmEB","NsiI.TP27355","11","    9430","","0.2255","A"
"4","Trait5","pKWmEB","NsiI.TP27967","11","    9433","","0.3047","A"
"4","Trait5","pKWmEB","NsiI.TP28072","11","    9434","","0.6285","A"
"4","Trait5","pKWmEB","NsiI.TP28119","11","    9435","","0.7361","A"
"4","Trait5","pKWmEB","NsiI.TP28153","11","    9436","","1.5796","C"
"4","Trait5","pKWmEB","NsiI.TP28186","11","    9437","","0.0711","A"
"4","Trait5","pKWmEB","NsiI.TP28194","11","    9439","","0.7844","A"
"4","Trait5","pKWmEB","NsiI.TP28822","11","    9440","","0.1033","A"
"4","Trait5","pKWmEB","NsiI.TP28864","11","    9442","","0.2048","C"
"4","Trait5","pKWmEB","NsiI.TP28953","11","    9443","","0.2186","G"
"4","Trait5","pKWmEB","NsiI.TP29076","11","    9444","","0.3087","A"
"4","Trait5","pKWmEB","NsiI.TP29246","11","    9446","","0.1092","A"
"4","Trait5","pKWmEB","NsiI.TP29262","11","    9447","","0.2787","C"
"4","Trait5","pKWmEB","NsiI.TP29263","11","    9448","","0.2165","A"
"4","Trait5","pKWmEB","NsiI.TP29266","11","    9449","","0.0349","A"
"4","Trait5","pKWmEB","NsiI.TP29268","11","    9450","","0.6238","G"
"4","Trait5","pKWmEB","NsiI.TP29344","11","    9451","","0.2224","C"
"4","Trait5","pKWmEB","NsiI.TP29348","11","    9452","","0.5176","C"
"4","Trait5","pKWmEB","NsiI.TP29356","11","    9453","","0.0155","A"
"4","Trait5","pKWmEB","NsiI.TP29407","11","    9454","","1.8725","C"
"4","Trait5","pKWmEB","NsiI.TP29484","11","    9456","","0.0585","C"
"4","Trait5","pKWmEB","NsiI.TP29555","11","    9457","","0.3549","A"
"4","Trait5","pKWmEB","NsiI.TP29803","11","    9460","","0.5704","C"
"4","Trait5","pKWmEB","NsiI.TP29805","11","    9461","","0.7361","A"
"4","Trait5","pKWmEB","NsiI.TP30004","11","    9463","","0.0644","C"
"4","Trait5","pKWmEB","NsiI.TP30009","11","    9464","","0.5287","C"
"4","Trait5","pKWmEB","NsiI.TP30118","11","    9465","","0.3913","C"
"4","Trait5","pKWmEB","NsiI.TP30188","11","    9467","","0.6957","C"
"4","Trait5","pKWmEB","NsiI.TP30213","11","    9468","","1.0267","A"
"4","Trait5","pKWmEB","NsiI.TP30216","11","    9469","","1.3941","A"
"4","Trait5","pKWmEB","NsiI.TP30286","11","    9470","","0.3986","G"
"4","Trait5","pKWmEB","NsiI.TP30691","11","    9472","","0.0789","C"
"4","Trait5","pKWmEB","NsiI.TP30785","11","    9474","","0.3406","G"
"4","Trait5","pKWmEB","NsiI.TP30964","11","    9476","","0.7849","A"
"4","Trait5","pKWmEB","NsiI.TP30976","11","    9477","","0.1493","A"
"4","Trait5","pKWmEB","NsiI.TP31001","11","    9478","","0.2827","A"
"4","Trait5","pKWmEB","NsiI.TP31117","11","    9479","","0.8081","A"
"4","Trait5","pKWmEB","NsiI.TP31185","11","    9481","","0.1963","G"
"4","Trait5","pKWmEB","NsiI.TP31261","11","    9482","","1.6590","A"
"4","Trait5","pKWmEB","NsiI.TP31309","11","    9483","","0.9097","A"
"4","Trait5","pKWmEB","NsiI.TP31539","11","    9485","","1.2867","A"
"4","Trait5","pKWmEB","NsiI.TP31560","11","    9486","","0.6816","C"
"4","Trait5","pKWmEB","NsiI.TP31581","11","    9487","","0.2052","A"
"4","Trait5","pKWmEB","NsiI.TP31814","11","    9489","","0.0734","C"
"4","Trait5","pKWmEB","NsiI.TP31833","11","    9490","","0.1704","C"
"4","Trait5","pKWmEB","NsiI.TP32021","11","    9492","","0.0082","A"
"4","Trait5","pKWmEB","NsiI.TP32241","11","    9494","","0.3987","A"
"4","Trait5","pKWmEB","NsiI.TP32586","11","    9495","","0.1417","A"
"4","Trait5","pKWmEB","NsiI.TP32787","11","    9496","","0.1980","A"
"4","Trait5","pKWmEB","NsiI.TP32809","11","    9498","","0.0609","C"
"4","Trait5","pKWmEB","NsiI.TP32963","11","    9499","","0.2117","A"
"4","Trait5","pKWmEB","NsiI.TP33016","11","    9500","","0.3156","C"
"4","Trait5","pKWmEB","NsiI.TP33044","11","    9502","","0.1527","A"
"4","Trait5","pKWmEB","NsiI.TP33103","11","    9503","","0.6000","A"
"4","Trait5","pKWmEB","NsiI.TP33131","11","    9505","","0.3953","A"
"4","Trait5","pKWmEB","NsiI.TP33147","11","    9506","","0.9267","C"
"4","Trait5","pKWmEB","NsiI.TP33372","11","    9508","","0.6175","A"
"4","Trait5","pKWmEB","NsiI.TP33407","11","    9509","","0.2253","A"
"4","Trait5","pKWmEB","NsiI.TP33423","11","    9510","","0.1228","A"
"4","Trait5","pKWmEB","NsiI.TP33621","11","    9511","","0.0682","A"
"4","Trait5","pKWmEB","NsiI.TP33685","11","    9512","","0.0612","A"
"4","Trait5","pKWmEB","NsiI.TP33741","11","    9513","","0.2996","A"
"4","Trait5","pKWmEB","NsiI.TP33829","11","    9514","","0.0887","A"
"4","Trait5","pKWmEB","NsiI.TP34105","11","    9516","","0.6260","A"
"4","Trait5","pKWmEB","NsiI.TP34165","11","    9518","","0.4390","A"
"4","Trait5","pKWmEB","NsiI.TP34209","11","    9519","","0.2564","C"
"4","Trait5","pKWmEB","NsiI.TP34298","11","    9520","","0.0012","A"
"4","Trait5","pKWmEB","NsiI.TP34524","11","    9522","","0.2814","A"
"4","Trait5","pKWmEB","NsiI.TP34654","11","    9523","","0.0867","A"
"4","Trait5","pKWmEB","NsiI.TP34761","11","    9524","","0.0851","A"
"4","Trait5","pKWmEB","NsiI.TP34770","11","    9525","","0.6003","A"
"4","Trait5","pKWmEB","NsiI.TP34878","11","    9527","","0.1673","C"
"4","Trait5","pKWmEB","NsiI.TP34888","11","    9528","","0.3823","A"
"4","Trait5","pKWmEB","NsiI.TP34915","11","    9529","","0.5273","A"
"4","Trait5","pKWmEB","NsiI.TP35302","11","    9531","","0.8512","A"
"4","Trait5","pKWmEB","NsiI.TP35491","11","    9532","","1.5328","C"
"4","Trait5","pKWmEB","NsiI.TP35493","11","    9533","","0.5672","C"
"4","Trait5","pKWmEB","NsiI.TP35579","11","    9534","","0.9892","C"
"4","Trait5","pKWmEB","NsiI.TP35613","11","    9535","","0.2166","A"
"4","Trait5","pKWmEB","NsiI.TP35623","11","    9536","","0.4971","C"
"4","Trait5","pKWmEB","NsiI.TP35699","11","    9537","","0.1923","C"
"4","Trait5","pKWmEB","NsiI.TP35756","11","    9538","","0.6895","C"
"4","Trait5","pKWmEB","NsiI.TP35787","11","    9539","","0.1612","G"
"4","Trait5","pKWmEB","NsiI.TP35954","11","    9540","","0.0135","C"
"4","Trait5","pKWmEB","NsiI.TP36040","11","    9542","","0.0260","C"
"4","Trait5","pKWmEB","NsiI.TP36219","11","    9546","","0.1185","C"
"4","Trait5","pKWmEB","NsiI.TP36308","11","    9548","","0.1222","A"
"4","Trait5","pKWmEB","NsiI.TP36344","11","    9549","","0.6003","C"
"4","Trait5","pKWmEB","NsiI.TP36448","11","    9550","","0.9048","A"
"4","Trait5","pKWmEB","NsiI.TP36703","11","    9551","","0.0563","A"
"4","Trait5","pKWmEB","NsiI.TP36721","11","    9552","","0.1100","A"
"4","Trait5","pKWmEB","NsiI.TP36737","11","    9553","","0.4636","A"
"4","Trait5","pKWmEB","NsiI.TP36750","11","    9554","","1.0610","C"
"4","Trait5","pKWmEB","NsiI.TP36811","11","    9556","","0.1279","A"
"4","Trait5","pKWmEB","NsiI.TP36828","11","    9557","","1.1991","C"
"4","Trait5","pKWmEB","NsiI.TP36835","11","    9558","","1.0763","A"
"4","Trait5","pKWmEB","NsiI.TP36867","11","    9560","","0.5303","G"
"4","Trait5","pKWmEB","NsiI.TP37023","11","    9561","","0.3366","C"
"4","Trait5","pKWmEB","NsiI.TP37044","11","    9562","","0.3701","A"
"4","Trait5","pKWmEB","NsiI.TP37277","11","    9564","","1.7650","C"
"4","Trait5","pKWmEB","NsiI.TP37282","11","    9565","","0.1358","C"
"4","Trait5","pKWmEB","NsiI.TP37454","11","    9567","","0.3893","C"
"4","Trait5","pKWmEB","NsiI.TP37510","11","    9568","","0.4149","A"
"4","Trait5","pKWmEB","NsiI.TP37592","11","    9569","","0.4756","A"
"4","Trait5","pKWmEB","NsiI.TP37717","11","    9571","","0.0392","C"
"4","Trait5","pKWmEB","NsiI.TP37843","11","    9574","","0.1968","G"
"4","Trait5","pKWmEB","NsiI.TP37939","11","    9576","","0.0551","C"
"4","Trait5","pKWmEB","NsiI.TP38115","11","    9577","","1.3583","A"
"4","Trait5","pKWmEB","NsiI.TP38142","11","    9578","","0.0860","A"
"4","Trait5","pKWmEB","NsiI.TP38437","11","    9581","","2.1809","G"
"4","Trait5","pKWmEB","NsiI.TP38451","11","    9582","","0.1769","A"
"4","Trait5","pKWmEB","NsiI.TP38642","11","    9584","","0.3802","C"
"4","Trait5","pKWmEB","NsiI.TP38649","11","    9585","","0.0777","C"
"4","Trait5","pKWmEB","NsiI.TP38756","11","    9586","","0.8688","A"
"4","Trait5","pKWmEB","NsiI.TP38880","11","    9587","","0.0351","C"
"4","Trait5","pKWmEB","NsiI.TP38924","11","    9588","","0.5231","A"
"4","Trait5","pKWmEB","NsiI.TP39141","11","    9590","","0.2111","A"
"4","Trait5","pKWmEB","NsiI.TP39208","11","    9592","","0.1444","A"
"4","Trait5","pKWmEB","NsiI.TP39316","11","    9593","","0.1333","C"
"4","Trait5","pKWmEB","NsiI.TP39386","11","    9594","","0.5624","G"
"4","Trait5","pKWmEB","NsiI.TP39445","11","    9596","","0.1258","A"
"4","Trait5","pKWmEB","NsiI.TP39479","11","    9597","","0.3384","C"
"4","Trait5","pKWmEB","NsiI.TP39519","11","    9600","","1.0267","C"
"4","Trait5","pKWmEB","NsiI.TP39611","11","    9601","","0.7969","A"
"4","Trait5","pKWmEB","NsiI.TP39625","11","    9602","","0.5913","A"
"4","Trait5","pKWmEB","NsiI.TP39662","11","    9603","","0.1939","G"
"4","Trait5","pKWmEB","NsiI.TP39711","11","    9604","","0.4749","C"
"4","Trait5","pKWmEB","NsiI.TP39717","11","    9605","","1.1555","C"
"4","Trait5","pKWmEB","NsiI.TP39769","11","    9606","","0.7905","C"
"4","Trait5","pKWmEB","NsiI.TP39791","11","    9607","","0.2537","A"
"4","Trait5","pKWmEB","NsiI.TP39871","11","    9609","","0.4072","A"
"4","Trait5","pKWmEB","NsiI.TP39895","11","    9610","","0.0744","C"
"4","Trait5","pKWmEB","NsiI.TP39896","11","    9611","","0.2918","C"
"4","Trait5","pKWmEB","NsiI.TP39983","11","    9613","","0.1333","C"
"4","Trait5","pKWmEB","NsiI.TP40182","11","    9615","","0.7335","C"
"4","Trait5","pKWmEB","NsiI.TP40303","11","    9617","","0.9214","A"
"4","Trait5","pKWmEB","NsiI.TP40351","11","    9618","","0.3297","C"
"4","Trait5","pKWmEB","NsiI.TP40477","11","    9620","","0.1154","A"
"4","Trait5","pKWmEB","NsiI.TP40504","11","    9622","","0.8960","A"
"4","Trait5","pKWmEB","NsiI.TP40599","11","    9625","","0.1647","C"
"4","Trait5","pKWmEB","NsiI.TP40690","11","    9627","","0.3371","A"
"4","Trait5","pKWmEB","NsiI.TP40771","11","    9628","","0.3756","C"
"4","Trait5","pKWmEB","NsiI.TP40790","11","    9629","","0.6558","C"
"4","Trait5","pKWmEB","NsiI.TP41079","11","    9630","","0.2097","A"
"4","Trait5","pKWmEB","NsiI.TP41143","11","    9632","","0.3726","C"
"4","Trait5","pKWmEB","NsiI.TP41302","11","    9634","","0.0101","C"
"4","Trait5","pKWmEB","NsiI.TP41336","11","    9635","","0.0750","A"
"4","Trait5","pKWmEB","NsiI.TP41505","11","    9637","","1.2187","A"
"4","Trait5","pKWmEB","NsiI.TP41618","11","    9638","","0.1027","C"
"4","Trait5","pKWmEB","NsiI.TP41628","11","    9639","","0.1844","A"
"4","Trait5","pKWmEB","NsiI.TP41833","11","    9642","","0.1507","C"
"4","Trait5","pKWmEB","NsiI.TP41926","11","    9643","","1.8580","C"
"4","Trait5","pKWmEB","NsiI.TP42015","11","    9644","","0.2027","A"
"4","Trait5","pKWmEB","NsiI.TP42087","11","    9645","","0.0991","A"
"4","Trait5","pKWmEB","NsiI.TP42122","11","    9647","","0.1923","C"
"4","Trait5","pKWmEB","NsiI.TP42304","11","    9649","","1.1927","C"
"4","Trait5","pKWmEB","NsiI.TP42306","11","    9650","","1.5614","C"
"4","Trait5","pKWmEB","NsiI.TP42407","11","    9653","","0.2696","A"
"4","Trait5","pKWmEB","NsiI.TP42418","11","    9654","","0.1131","C"
"4","Trait5","pKWmEB","NsiI.TP42421","11","    9655","","0.2956","A"
"4","Trait5","pKWmEB","NsiI.TP42487","11","    9657","","0.3289","A"
"4","Trait5","pKWmEB","NsiI.TP42711","11","    9661","","0.0762","A"
"4","Trait5","pKWmEB","NsiI.TP42787","11","    9662","","0.3475","A"
"4","Trait5","pKWmEB","NsiI.TP42861","11","    9663","","0.1226","C"
"4","Trait5","pKWmEB","NsiI.TP42921","11","    9664","","0.1237","A"
"4","Trait5","pKWmEB","NsiI.TP43044","11","    9666","","2.3946","A"
"4","Trait5","pKWmEB","NsiI.TP43126","11","    9667","","1.2313","A"
"4","Trait5","pKWmEB","NsiI.TP43185","11","    9669","","0.1800","C"
"4","Trait5","pKWmEB","NsiI.TP43297","11","    9670","","0.1940","G"
"4","Trait5","pKWmEB","NsiI.TP43481","11","    9671","","0.6527","A"
"4","Trait5","pKWmEB","NsiI.TP43574","11","    9672","","0.1350","A"
"4","Trait5","pKWmEB","NsiI.TP43684","11","    9674","","0.5066","C"
"4","Trait5","pKWmEB","NsiI.TP43753","11","    9675","","0.0000","A"
"4","Trait5","pKWmEB","NsiI.TP43842","11","    9677","","0.1467","A"
"4","Trait5","pKWmEB","NsiI.TP44267","11","    9680","","0.1350","C"
"4","Trait5","pKWmEB","NsiI.TP44349","11","    9682","","0.6880","C"
"4","Trait5","pKWmEB","NsiI.TP44390","11","    9683","","0.7600","A"
"4","Trait5","pKWmEB","NsiI.TP44404","11","    9684","","0.3367","C"
"4","Trait5","pKWmEB","NsiI.TP44423","11","    9686","","1.1587","A"
"4","Trait5","pKWmEB","NsiI.TP44503","11","    9687","","0.2109","C"
"4","Trait5","pKWmEB","NsiI.TP44847","11","    9689","","0.0673","C"
"4","Trait5","pKWmEB","NsiI.TP44947","11","    9690","","0.6120","C"
"4","Trait5","pKWmEB","NsiI.TP45002","11","    9691","","1.0267","C"
"4","Trait5","pKWmEB","NsiI.TP45237","11","    9692","","1.0432","A"
"4","Trait5","pKWmEB","NsiI.TP45500","11","    9695","","0.4855","A"
"4","Trait5","pKWmEB","NsiI.TP46040","11","    9697","","0.5495","C"
"4","Trait5","pKWmEB","NsiI.TP46117","11","    9698","","0.0602","A"
"4","Trait5","pKWmEB","NsiI.TP46163","11","    9699","","0.0654","A"
"4","Trait5","pKWmEB","NsiI.TP46730","11","    9702","","0.2703","A"
"4","Trait5","pKWmEB","NsiI.TP47124","11","    9704","","0.4122","G"
"4","Trait5","pKWmEB","NsiI.TP47494","11","    9708","","0.0805","A"
"4","Trait5","pKWmEB","NsiI.TP47547","11","    9709","","0.0150","A"
"4","Trait5","pKWmEB","NsiI.TP47797","11","    9710","","0.2315","A"
"4","Trait5","pKWmEB","NsiI.TP48279","11","    9712","","2.1778","A"
"4","Trait5","pKWmEB","NsiI.TP48282","11","    9713","","0.8688","A"
"4","Trait5","pKWmEB","NsiI.TP48341","11","    9714","","0.2338","A"
"4","Trait5","pKWmEB","NsiI.TP48486","11","    9715","","1.1856","A"
"4","Trait5","pKWmEB","NsiI.TP48541","11","    9716","","0.2007","A"
"4","Trait5","pKWmEB","NsiI.TP49887","11","    9722","","0.0712","A"
"4","Trait5","pKWmEB","NsiI.TP49937","11","    9724","","0.3235","C"
"4","Trait5","pKWmEB","NsiI.TP50191","11","    9725","","0.4863","A"
"4","Trait5","pKWmEB","NsiI.TP50506","11","    9727","","0.3635","G"
"4","Trait5","pKWmEB","NsiI.TP50587","11","    9728","","1.1131","A"
"4","Trait5","pKWmEB","NsiI.TP50652","11","    9729","","0.0454","C"
"4","Trait5","pKWmEB","NsiI.TP50683","11","    9730","","0.0417","C"
"4","Trait5","pKWmEB","NsiI.TP50748","11","    9731","","1.3617","C"
"4","Trait5","pKWmEB","NsiI.TP50985","11","    9734","","0.2268","A"
"4","Trait5","pKWmEB","NsiI.TP51176","11","    9735","","0.1353","A"
"4","Trait5","pKWmEB","NsiI.TP51228","11","    9736","","0.1369","A"
"4","Trait5","pKWmEB","NsiI.TP51351","11","    9737","","0.3365","C"
"4","Trait5","pKWmEB","NsiI.TP51372","11","    9738","","0.1860","G"
"4","Trait5","pKWmEB","NsiI.TP51456","11","    9739","","0.2190","C"
"4","Trait5","pKWmEB","NsiI.TP51472","11","    9740","","0.0298","A"
"4","Trait5","pKWmEB","NsiI.TP51483","11","    9741","","0.6897","C"
"4","Trait5","pKWmEB","NsiI.TP51734","11","    9744","","1.2662","C"
"4","Trait5","pKWmEB","NsiI.TP51911","11","    9746","","0.4210","C"
"4","Trait5","pKWmEB","NsiI.TP51932","11","    9747","","0.1516","C"
"4","Trait5","pKWmEB","NsiI.TP52290","11","    9748","","0.0556","A"
"4","Trait5","pKWmEB","NsiI.TP52317","11","    9749","","0.1477","A"
"4","Trait5","pKWmEB","NsiI.TP52663","11","    9750","","0.3261","A"
"4","Trait5","pKWmEB","NsiI.TP52712","11","    9751","","0.3580","A"
"4","Trait5","pKWmEB","NsiI.TP52832","11","    9752","","0.4697","A"
"4","Trait5","pKWmEB","NsiI.TP53625","11","    9753","","0.1858","C"
"4","Trait5","pKWmEB","NsiI.TP54214","11","    9756","","0.1627","A"
"4","Trait5","pKWmEB","NsiI.TP54249","11","    9757","","1.4450","C"
"4","Trait5","pKWmEB","NsiI.TP54252","11","    9758","","0.1032","A"
"4","Trait5","pKWmEB","NsiI.TP54347","11","    9759","","0.0663","C"
"4","Trait5","pKWmEB","NsiI.TP54353","11","    9760","","0.1157","C"
"4","Trait5","pKWmEB","NsiI.TP54363","11","    9761","","1.3015","A"
"4","Trait5","pKWmEB","NsiI.TP54406","11","    9762","","0.9265","C"
"4","Trait5","pKWmEB","NsiI.TP54428","11","    9763","","0.5377","A"
"4","Trait5","pKWmEB","NsiI.TP54454","11","    9765","","0.0332","A"
"4","Trait5","pKWmEB","NsiI.TP54722","11","    9768","","0.1721","C"
"4","Trait5","pKWmEB","NsiI.TP54937","11","    9771","","1.0691","A"
"4","Trait5","pKWmEB","NsiI.TP54970","11","    9772","","0.4803","A"
"4","Trait5","pKWmEB","NsiI.TP55141","11","    9775","","0.2183","A"
"4","Trait5","pKWmEB","NsiI.TP55168","11","    9776","","0.5194","A"
"4","Trait5","pKWmEB","NsiI.TP55385","11","    9778","","0.0600","C"
"4","Trait5","pKWmEB","NsiI.TP55543","11","    9779","","0.0098","A"
"4","Trait5","pKWmEB","NsiI.TP55722","11","    9782","","0.4646","C"
"4","Trait5","pKWmEB","NsiI.TP55734","11","    9783","","0.5482","A"
"4","Trait5","pKWmEB","NsiI.TP56093","11","    9784","","0.4930","A"
"4","Trait5","pKWmEB","NsiI.TP56325","11","    9785","","1.1856","C"
"4","Trait5","pKWmEB","NsiI.TP56342","11","    9786","","0.0017","C"
"4","Trait5","pKWmEB","NsiI.TP56466","11","    9788","","0.0968","C"
"4","Trait5","pKWmEB","NsiI.TP56493","11","    9789","","1.1218","G"
"4","Trait5","pKWmEB","NsiI.TP56527","11","    9790","","0.4180","A"
"4","Trait5","pKWmEB","NsiI.TP56528","11","    9791","","0.2184","C"
"4","Trait5","pKWmEB","NsiI.TP56529","11","    9792","","0.1010","C"
"4","Trait5","pKWmEB","NsiI.TP56535","11","    9793","","0.3747","C"
"4","Trait5","pKWmEB","NsiI.TP56639","11","    9795","","0.1334","G"
"4","Trait5","pKWmEB","NsiI.TP56727","11","    9796","","0.5839","A"
"4","Trait5","pKWmEB","NsiI.TP56822","11","    9798","","0.4091","C"
"4","Trait5","pKWmEB","NsiI.TP56869","11","    9800","","0.2393","G"
"4","Trait5","pKWmEB","NsiI.TP56957","11","    9801","","0.1130","C"
"4","Trait5","pKWmEB","NsiI.TP56963","11","    9802","","0.0631","C"
"4","Trait5","pKWmEB","NsiI.TP57082","11","    9803","","0.4238","A"
"4","Trait5","pKWmEB","NsiI.TP57361","11","    9805","","0.5583","A"
"4","Trait5","pKWmEB","NsiI.TP57404","11","    9806","","0.4352","A"
"4","Trait5","pKWmEB","NsiI.TP57411","11","    9807","","0.4672","A"
"4","Trait5","pKWmEB","NsiI.TP57440","11","    9808","","0.5845","A"
"4","Trait5","pKWmEB","NsiI.TP57474","11","    9810","","0.6139","G"
"4","Trait5","pKWmEB","NsiI.TP57495","11","    9811","","0.1325","A"
"4","Trait5","pKWmEB","NsiI.TP57551","11","    9813","","0.6089","C"
"4","Trait5","pKWmEB","NsiI.TP57603","11","    9814","","1.0899","C"
"4","Trait5","pKWmEB","NsiI.TP57617","11","    9815","","0.4798","A"
"4","Trait5","pKWmEB","NsiI.TP57640","11","    9816","","0.1153","C"
"4","Trait5","pKWmEB","NsiI.TP58630","11","    9819","","1.4328","A"
"4","Trait5","pKWmEB","NsiI.TP58648","11","    9820","","0.4639","A"
"4","Trait5","pKWmEB","NsiI.TP58678","11","    9821","","1.3859","A"
"4","Trait5","pKWmEB","NsiI.TP59023","11","    9822","","0.0851","A"
"4","Trait5","pKWmEB","NsiI.TP59030","11","    9823","","0.8990","A"
"4","Trait5","pKWmEB","NsiI.TP59092","11","    9824","","0.3865","C"
"4","Trait5","pKWmEB","NsiI.TP59114","11","    9826","","0.6516","C"
"4","Trait5","pKWmEB","NsiI.TP59129","11","    9828","","0.0535","A"
"4","Trait5","pKWmEB","NsiI.TP59163","11","    9829","","0.5126","C"
"4","Trait5","pKWmEB","NsiI.TP59314","11","    9830","","0.0377","A"
"4","Trait5","pKWmEB","NsiI.TP59375","11","    9832","","1.3117","A"
"4","Trait5","pKWmEB","NsiI.TP59527","11","    9833","","2.2202","A"
"4","Trait5","pKWmEB","NsiI.TP59590","11","    9834","","0.0045","A"
"4","Trait5","pKWmEB","NsiI.TP59858","11","    9837","","0.9693","C"
"4","Trait5","pKWmEB","NsiI.TP60003","11","    9840","","0.1548","G"
"4","Trait5","pKWmEB","NsiI.TP60008","11","    9841","","0.4709","C"
"4","Trait5","pKWmEB","NsiI.TP60110","11","    9843","","0.3872","A"
"4","Trait5","pKWmEB","NsiI.TP60254","11","    9845","","0.1486","C"
"4","Trait5","pKWmEB","NsiI.TP60597","11","    9849","","0.0632","A"
"4","Trait5","pKWmEB","NsiI.TP60655","11","    9851","","0.0322","G"
"4","Trait5","pKWmEB","NsiI.TP60693","11","    9852","","0.1579","A"
"4","Trait5","pKWmEB","NsiI.TP60820","11","    9853","","0.0066","A"
"4","Trait5","pKWmEB","NsiI.TP60981","11","    9854","","0.8714","A"
"4","Trait5","pKWmEB","NsiI.TP60997","11","    9855","","0.6053","A"
"4","Trait5","pKWmEB","NsiI.TP61178","11","    9856","","1.2495","C"
"4","Trait5","pKWmEB","NsiI.TP61239","11","    9857","","1.9759","C"
"4","Trait5","pKWmEB","NsiI.TP61350","11","    9858","","1.8712","C"
"4","Trait5","pKWmEB","NsiI.TP61405","11","    9859","","0.3847","C"
"4","Trait5","pKWmEB","NsiI.TP61552","11","    9860","","0.7103","C"
"4","Trait5","pKWmEB","NsiI.TP61633","11","    9861","","0.0595","G"
"4","Trait5","pKWmEB","NsiI.TP62084","11","    9863","","0.1176","C"
"4","Trait5","pKWmEB","NsiI.TP62320","11","    9866","","0.4214","C"
"4","Trait5","pKWmEB","NsiI.TP62344","11","    9868","","0.2653","C"
"4","Trait5","pKWmEB","NsiI.TP62363","11","    9869","","0.2680","A"
"4","Trait5","pKWmEB","NsiI.TP62478","11","    9870","","0.4274","A"
"4","Trait5","pKWmEB","NsiI.TP63075","11","    9871","","0.1427","C"
"4","Trait5","pKWmEB","NsiI.TP63079","11","    9872","","0.3371","A"
"4","Trait5","pKWmEB","NsiI.TP63098","11","    9873","","0.3707","C"
"4","Trait5","pKWmEB","NsiI.TP63305","11","    9874","","1.2855","A"
"4","Trait5","pKWmEB","NsiI.TP63394","11","    9876","","0.1669","G"
"4","Trait5","pKWmEB","NsiI.TP63509","11","    9880","","0.7107","A"
"4","Trait5","pKWmEB","NsiI.TP63585","11","    9881","","0.2618","G"
"4","Trait5","pKWmEB","NsiI.TP63600","11","    9882","","0.0442","A"
"4","Trait5","pKWmEB","NsiI.TP63643","11","    9883","","0.2569","A"
"4","Trait5","pKWmEB","NsiI.TP63821","11","    9884","","0.0000","A"
"4","Trait5","pKWmEB","NsiI.TP63925","11","    9885","","0.3728","A"
"4","Trait5","pKWmEB","NsiI.TP63950","11","    9886","","0.3037","C"
"4","Trait5","pKWmEB","NsiI.TP64031","11","    9887","","0.3885","A"
"4","Trait5","pKWmEB","NsiI.TP64490","11","    9888","","0.0210","A"
"4","Trait5","pKWmEB","NsiI.TP64641","11","    9889","","0.8218","A"
"4","Trait5","pKWmEB","NsiI.TP64876","11","    9890","","0.0468","G"
"4","Trait5","pKWmEB","NsiI.TP65019","11","    9891","","0.0910","C"
"4","Trait5","pKWmEB","NsiI.TP65115","11","    9892","","1.0755","C"
"4","Trait5","pKWmEB","NsiI.TP65170","11","    9893","","0.0329","C"
"4","Trait5","pKWmEB","NsiI.TP65189","11","    9894","","0.4906","A"
"4","Trait5","pKWmEB","NsiI.TP65209","11","    9895","","0.2681","C"
"4","Trait5","pKWmEB","NsiI.TP65357","11","    9896","","0.6640","A"
"4","Trait5","pKWmEB","NsiI.TP65433","11","    9898","","0.7147","C"
"4","Trait5","pKWmEB","NsiI.TP65519","11","    9900","","0.2166","C"
"4","Trait5","pKWmEB","NsiI.TP65604","11","    9902","","1.4370","A"
"4","Trait5","pKWmEB","NsiI.TP65691","11","    9903","","0.2646","A"
"4","Trait5","pKWmEB","NsiI.TP65963","11","    9905","","0.0436","C"
"4","Trait5","pKWmEB","NsiI.TP66011","11","    9906","","0.5280","C"
"4","Trait5","pKWmEB","NsiI.TP66062","11","    9908","","0.6309","C"
"4","Trait5","pKWmEB","NsiI.TP66075","11","    9909","","0.6782","C"
"4","Trait5","pKWmEB","NsiI.TP66088","11","    9910","","0.3718","A"
"4","Trait5","pKWmEB","NsiI.TP66168","11","    9911","","0.4002","C"
"4","Trait5","pKWmEB","NsiI.TP66212","11","    9913","","0.5149","C"
"4","Trait5","pKWmEB","NsiI.TP66337","11","    9916","","0.1545","A"
"4","Trait5","pKWmEB","NsiI.TP66466","11","    9917","","2.1716","A"
"4","Trait5","pKWmEB","NsiI.TP66512","11","    9918","","0.2918","A"
"4","Trait5","pKWmEB","NsiI.TP66515","11","    9919","","0.1951","A"
"4","Trait5","pKWmEB","NsiI.TP66555","11","    9920","","3.5413","G"
"4","Trait5","pKWmEB","NsiI.TP66675","11","    9921","","0.8582","C"
"4","Trait5","pKWmEB","NsiI.TP66747","11","    9923","","0.2068","A"
"4","Trait5","pKWmEB","NsiI.TP67116","11","    9925","","0.0553","A"
"4","Trait5","pKWmEB","NsiI.TP67134","11","    9926","","0.1087","A"
"4","Trait5","pKWmEB","NsiI.TP67325","11","    9929","","0.2868","A"
"4","Trait5","pKWmEB","NsiI.TP67452","11","    9931","","0.3677","A"
"4","Trait5","pKWmEB","NsiI.TP67463","11","    9932","","0.1341","A"
"4","Trait5","pKWmEB","NsiI.TP67507","11","    9933","","0.4407","A"
"4","Trait5","pKWmEB","NsiI.TP67554","11","    9937","","0.7457","C"
"4","Trait5","pKWmEB","NsiI.TP67589","11","    9939","","0.0553","C"
"4","Trait5","pKWmEB","NsiI.TP67681","11","    9940","","1.0516","C"
"4","Trait5","pKWmEB","NsiI.TP67777","11","    9941","","0.3403","C"
"4","Trait5","pKWmEB","NsiI.TP67788","11","    9942","","0.7347","A"
"4","Trait5","pKWmEB","NsiI.TP67874","11","    9943","","0.8145","C"
"4","Trait5","pKWmEB","NsiI.TP68115","11","    9944","","0.2245","A"
"4","Trait5","pKWmEB","NsiI.TP68416","11","    9945","","0.2317","A"
"4","Trait5","pKWmEB","NsiI.TP69055","11","    9946","","0.4510","A"
"4","Trait5","pKWmEB","NsiI.TP69372","11","    9948","","0.4258","A"
"4","Trait5","pKWmEB","NsiI.TP69415","11","    9949","","0.4737","A"
"4","Trait5","pKWmEB","NsiI.TP69465","11","    9950","","0.8342","A"
"4","Trait5","pKWmEB","NsiI.TP69524","11","    9951","","0.4193","A"
"4","Trait5","pKWmEB","NsiI.TP69591","11","    9952","","0.5650","C"
"4","Trait5","pKWmEB","NsiI.TP69764","11","    9953","","0.7402","A"
"4","Trait5","pKWmEB","NsiI.TP69893","11","    9954","","0.5495","C"
"4","Trait5","pKWmEB","NsiI.TP69911","11","    9955","","0.0846","C"
"4","Trait5","pKWmEB","NsiI.TP70234","11","    9958","","0.0107","G"
"4","Trait5","pKWmEB","NsiI.TP70958","11","    9961","","0.0508","C"
"4","Trait5","pKWmEB","NsiI.TP71045","11","    9962","","0.9075","C"
"4","Trait5","pKWmEB","NsiI.TP71059","11","    9963","","0.3345","G"
"4","Trait5","pKWmEB","NsiI.TP71244","11","    9964","","0.4077","A"
"4","Trait5","pKWmEB","NsiI.TP71642","11","    9965","","0.4294","G"
"4","Trait5","pKWmEB","NsiI.TP71828","11","    9966","","0.7107","G"
"4","Trait5","pKWmEB","NsiI.TP72107","11","    9967","","0.2707","A"
"4","Trait5","pKWmEB","NsiI.TP72219","11","    9968","","0.4071","A"
"4","Trait5","pKWmEB","NsiI.TP72375","11","    9970","","0.0558","A"
"4","Trait5","pKWmEB","NsiI.TP72613","11","    9972","","0.4441","C"
"4","Trait5","pKWmEB","NsiI.TP72810","11","    9974","","0.3728","A"
"4","Trait5","pKWmEB","NsiI.TP73038","11","    9975","","0.2150","A"
"4","Trait5","pKWmEB","NsiI.TP73196","11","    9976","","0.3523","A"
"4","Trait5","pKWmEB","NsiI.TP73358","11","    9978","","0.1852","C"
"4","Trait5","pKWmEB","NsiI.TP73638","11","    9981","","0.0303","C"
"4","Trait5","pKWmEB","NsiI.TP74312","11","    9983","","0.0293","C"
"4","Trait5","pKWmEB","NsiI.TP74400","11","    9984","","1.2988","A"
"4","Trait5","pKWmEB","NsiI.TP74464","11","    9985","","0.2814","C"
"4","Trait5","pKWmEB","NsiI.TP74638","11","    9986","","1.4198","A"
"4","Trait5","pKWmEB","NsiI.TP74754","11","    9987","","0.7766","A"
"4","Trait5","pKWmEB","NsiI.TP74769","11","    9988","","0.3368","A"
"4","Trait5","pKWmEB","NsiI.TP75147","11","    9989","","0.0968","C"
"4","Trait5","pKWmEB","NsiI.TP75666","11","    9993","","0.7847","C"
"4","Trait5","pKWmEB","NsiI.TP76368","11","    9997","","0.2813","A"
"4","Trait5","pKWmEB","NsiI.TP76480","11","    9998","","0.6046","G"
"4","Trait5","pKWmEB","NsiI.TP76552","11","    9999","","0.3736","C"
"4","Trait5","pKWmEB","NsiI.TP76826","11","   10000","","0.0187","G"
"4","Trait5","pKWmEB","NsiI.TP76999","11","   10001","","0.0368","A"
"4","Trait5","pKWmEB","NsiI.TP77416","11","   10002","","0.1867","C"
"4","Trait5","pKWmEB","NsiI.TP77431","11","   10003","","1.2445","C"
"4","Trait5","pKWmEB","NsiI.TP77776","11","   10006","","0.0644","A"
"4","Trait5","pKWmEB","NsiI.TP77848","11","   10007","","0.0791","A"
"4","Trait5","pKWmEB","NsiI.TP77862","11","   10008","","0.5811","A"
"4","Trait5","pKWmEB","NsiI.TP77872","11","   10009","","0.8089","C"
"4","Trait5","pKWmEB","NsiI.TP77964","11","   10010","","0.1930","C"
"4","Trait5","pKWmEB","NsiI.TP78098","11","   10011","","0.8784","C"
"4","Trait5","pKWmEB","NsiI.TP78104","11","   10012","","0.3903","A"
"4","Trait5","pKWmEB","NsiI.TP78135","11","   10013","","0.2224","A"
"4","Trait5","pKWmEB","NsiI.TP78640","11","   10014","","0.3099","A"
"4","Trait5","pKWmEB","NsiI.TP78756","11","   10015","","0.5895","A"
"4","Trait5","pKWmEB","NsiI.TP78967","11","   10016","","0.1215","C"
"4","Trait5","pKWmEB","NsiI.TP79025","11","   10017","","0.0120","A"
"4","Trait5","pKWmEB","NsiI.TP79145","11","   10018","","0.7294","A"
"4","Trait5","pKWmEB","NsiI.TP79545","11","   10021","","0.0834","A"
"4","Trait5","pKWmEB","NsiI.TP79618","11","   10022","","0.0600","A"
"4","Trait5","pKWmEB","NsiI.TP79776","11","   10023","","1.2650","A"
"4","Trait5","pKWmEB","NsiI.TP80216","11","   10024","","0.0293","C"
"4","Trait5","pKWmEB","NsiI.TP80609","11","   10026","","0.1748","A"
"4","Trait5","pKWmEB","NsiI.TP80682","11","   10028","","0.3736","A"
"4","Trait5","pKWmEB","NsiI.TP80703","11","   10029","","0.1716","C"
"4","Trait5","pKWmEB","NsiI.TP80932","11","   10033","","0.8089","C"
"4","Trait5","pKWmEB","NsiI.TP81226","11","   10034","","0.8771","A"
"4","Trait5","pKWmEB","NsiI.TP81339","11","   10035","","1.5715","C"
"4","Trait5","pKWmEB","NsiI.TP81857","11","   10037","","1.5432","A"
"4","Trait5","pKWmEB","NsiI.TP82053","11","   10041","","0.1254","A"
"4","Trait5","pKWmEB","NsiI.TP82066","11","   10042","","1.3645","A"
"4","Trait5","pKWmEB","NsiI.TP82195","11","   10044","","0.4471","G"
"4","Trait5","pKWmEB","NsiI.TP82442","11","   10045","","0.0671","G"
"4","Trait5","pKWmEB","NsiI.TP82467","11","   10046","","0.1341","A"
"4","Trait5","pKWmEB","NsiI.TP82666","11","   10047","","0.1837","C"
"4","Trait5","pKWmEB","NsiI.TP82756","11","   10048","","0.0072","A"
"4","Trait5","pKWmEB","NsiI.TP82838","11","   10050","","0.0039","A"
"4","Trait5","pKWmEB","NsiI.TP82932","11","   10051","","0.3005","A"
"4","Trait5","pKWmEB","NsiI.TP82935","11","   10052","","1.0864","A"
"4","Trait5","pKWmEB","NsiI.TP83047","11","   10053","","1.2106","A"
"4","Trait5","pKWmEB","NsiI.TP83141","11","   10054","","0.7992","A"
"4","Trait5","pKWmEB","NsiI.TP83164","11","   10055","","1.5767","C"
"4","Trait5","pKWmEB","NsiI.TP83199","11","   10056","","0.0680","A"
"4","Trait5","pKWmEB","NsiI.TP83257","11","   10057","","0.0368","A"
"4","Trait5","pKWmEB","NsiI.TP83828","11","   10060","","2.2470","A"
"4","Trait5","pKWmEB","NsiI.TP83860","11","   10061","","0.4132","A"
"4","Trait5","pKWmEB","NsiI.TP83932","11","   10063","","1.0368","C"
"4","Trait5","pKWmEB","NsiI.TP84001","11","   10065","","0.2824","C"
"4","Trait5","pKWmEB","NsiI.TP84023","11","   10066","","0.5270","C"
"4","Trait5","pKWmEB","NsiI.TP84094","11","   10069","","0.0051","C"
"4","Trait5","pKWmEB","NsiI.TP84409","11","   10070","","0.2548","C"
"4","Trait5","pKWmEB","NsiI.TP84450","11","   10072","","0.3521","C"
"4","Trait5","pKWmEB","NsiI.TP84531","11","   10073","","0.2696","A"
"4","Trait5","pKWmEB","NsiI.TP84768","11","   10075","","0.5218","A"
"4","Trait5","pKWmEB","NsiI.TP84792","11","   10076","","0.1070","A"
"4","Trait5","pKWmEB","NsiI.TP85707","11","   10078","","0.0392","C"
"4","Trait5","pKWmEB","NsiI.TP85817","11","   10079","","0.0837","C"
"4","Trait5","pKWmEB","NsiI.TP85829","11","   10080","","0.0821","C"
"4","Trait5","pKWmEB","NsiI.TP86015","11","   10081","","1.8470","A"
"4","Trait5","pKWmEB","NsiI.TP86022","11","   10082","","1.2030","A"
"4","Trait5","pKWmEB","NsiI.TP86373","11","   10083","","0.0317","C"
"4","Trait5","pKWmEB","NsiI.TP86611","11","   10085","","0.1277","A"
"4","Trait5","pKWmEB","NsiI.TP86624","11","   10086","","0.1637","G"
"4","Trait5","pKWmEB","NsiI.TP86687","11","   10087","","1.6678","G"
"4","Trait5","pKWmEB","NsiI.TP86754","11","   10088","","0.3040","C"
"4","Trait5","pKWmEB","NsiI.TP86805","11","   10089","","1.7865","A"
"4","Trait5","pKWmEB","NsiI.TP86839","11","   10090","","0.1030","C"
"4","Trait5","pKWmEB","NsiI.TP86911","11","   10091","","0.1400","C"
"4","Trait5","pKWmEB","NsiI.TP86966","11","   10092","","0.2078","A"
"4","Trait5","pKWmEB","NsiI.TP87258","11","   10093","","0.3348","G"
"4","Trait5","pKWmEB","NsiI.TP87263","11","   10094","","0.3734","C"
"4","Trait5","pKWmEB","NsiI.TP87403","11","   10095","","0.4951","C"
"4","Trait5","pKWmEB","NsiI.TP87417","11","   10096","","0.6249","A"
"4","Trait5","pKWmEB","NsiI.TP87588","11","   10098","","1.2563","C"
"4","Trait5","pKWmEB","NsiI.TP87715","11","   10099","","0.1236","C"
"4","Trait5","pKWmEB","NsiI.TP87879","11","   10101","","0.0750","A"
"4","Trait5","pKWmEB","NsiI.TP88032","11","   10103","","0.1282","A"
"4","Trait5","pKWmEB","NsiI.TP88256","11","   10104","","1.2235","C"
"4","Trait5","pKWmEB","NsiI.TP88356","11","   10105","","0.2013","A"
"4","Trait5","pKWmEB","NsiI.TP88759","11","   10108","","0.4379","A"
"4","Trait5","pKWmEB","NsiI.TP88855","11","   10109","","0.1118","C"
"4","Trait5","pKWmEB","NsiI.TP88865","11","   10110","","0.8295","C"
"4","Trait5","pKWmEB","NsiI.TP89021","11","   10111","","0.7506","A"
"4","Trait5","pKWmEB","NsiI.TP89222","11","   10114","","0.2285","A"
"4","Trait5","pKWmEB","NsiI.TP89640","11","   10116","","0.5170","A"
"4","Trait5","pKWmEB","NsiI.TP89689","11","   10117","","0.0427","C"
"4","Trait5","pKWmEB","NsiI.TP89700","11","   10118","","0.6938","A"
"4","Trait5","pKWmEB","NsiI.TP89738","11","   10120","","0.5619","A"
"4","Trait5","pKWmEB","NsiI.TP89744","11","   10121","","0.8943","C"
"4","Trait5","pKWmEB","NsiI.TP89972","11","   10122","","0.9133","C"
"4","Trait5","pKWmEB","NsiI.TP90013","11","   10123","","0.2875","A"
"4","Trait5","pKWmEB","NsiI.TP90073","11","   10125","","0.1041","C"
"4","Trait5","pKWmEB","NsiI.TP90355","11","   10126","","0.7069","C"
"4","Trait5","pKWmEB","NsiI.TP90417","11","   10128","","0.0712","C"
"4","Trait5","pKWmEB","NsiI.TP90696","11","   10129","","1.2476","C"
"4","Trait5","pKWmEB","NsiI.TP90756","11","   10130","","0.1811","C"
"4","Trait5","pKWmEB","NsiI.TP91061","11","   10132","","0.2077","C"
"4","Trait5","pKWmEB","NsiI.TP91546","11","   10135","","0.1068","C"
"4","Trait5","pKWmEB","NsiI.TP91699","11","   10136","","0.2338","A"
"4","Trait5","pKWmEB","NsiI.TP91908","11","   10137","","0.0389","C"
"4","Trait5","pKWmEB","NsiI.TP91929","11","   10138","","0.7409","A"
"4","Trait5","pKWmEB","NsiI.TP92066","11","   10140","","1.0053","C"
"4","Trait5","pKWmEB","NsiI.TP92295","11","   10143","","0.6602","G"
"4","Trait5","pKWmEB","NsiI.TP92323","11","   10144","","0.1833","C"
"4","Trait5","pKWmEB","NsiI.TP92536","11","   10146","","0.0153","A"
"4","Trait5","pKWmEB","NsiI.TP92539","11","   10147","","0.2347","G"
"4","Trait5","pKWmEB","NsiI.TP93408","11","   10152","","0.6897","A"
"4","Trait5","pKWmEB","NsiI.TP93414","11","   10153","","0.0934","A"
"4","Trait5","pKWmEB","NsiI.TP93454","11","   10154","","0.4493","A"
"4","Trait5","pKWmEB","NsiI.TP93485","11","   10155","","0.8384","C"
"4","Trait5","pKWmEB","NsiI.TP94436","11","   10160","","0.0022","C"
"4","Trait5","pKWmEB","NsiI.TP94438","11","   10161","","0.1497","A"
"4","Trait5","pKWmEB","NsiI.TP94595","11","   10163","","0.4754","C"
"4","Trait5","pKWmEB","NsiI.TP94612","11","   10164","","1.1343","A"
"4","Trait5","pKWmEB","NsiI.TP94641","11","   10166","","0.7083","A"
"4","Trait5","pKWmEB","NsiI.TP95027","11","   10168","","0.1304","C"
"4","Trait5","pKWmEB","NsiI.TP95338","11","   10169","","1.2353","A"
"4","Trait5","pKWmEB","NsiI.TP95398","11","   10170","","0.0470","A"
"4","Trait5","pKWmEB","NsiI.TP95686","11","   10172","","0.0222","A"
"4","Trait5","pKWmEB","NsiI.TP95710","11","   10173","","1.0941","A"
"4","Trait5","pKWmEB","NsiI.TP95780","11","   10174","","0.1482","A"
"4","Trait5","pKWmEB","NsiI.TP96017","11","   10177","","0.1225","A"
"4","Trait5","pKWmEB","NsiI.TP96157","11","   10179","","0.2361","A"
"4","Trait5","pKWmEB","NsiI.TP96307","11","   10180","","0.1610","C"
"4","Trait5","pKWmEB","NsiI.TP96522","11","   10182","","0.7910","A"
"4","Trait5","pKWmEB","NsiI.TP96967","11","   10184","","0.1794","C"
"4","Trait5","pKWmEB","NsiI.TP97346","11","   10188","","0.9492","A"
"4","Trait5","pKWmEB","NsiI.TP97455","11","   10189","","0.2729","A"
"4","Trait5","pKWmEB","NsiI.TP97586","11","   10190","","0.0063","G"
"4","Trait5","pKWmEB","NsiI.TP97660","11","   10191","","0.6542","A"
"4","Trait5","pKWmEB","NsiI.TP98782","11","   10198","","0.3566","A"
"4","Trait5","pKWmEB","NsiI.TP98826","11","   10199","","0.3987","A"
"4","Trait5","pKWmEB","NsiI.TP99418","11","   10202","","0.1564","A"
"4","Trait5","pKWmEB","NsiI.TP99483","11","   10204","","0.2886","C"
"4","Trait5","pKWmEB","NsiI.TP99496","11","   10205","","0.1067","C"
"4","Trait5","pKWmEB","NsiI.TP99663","11","   10206","","0.6660","C"
"4","Trait5","pKWmEB","NsiI.TP99738","11","   10207","","0.3627","A"
"4","Trait5","pKWmEB","NsiI.TP100210","11","   10208","","0.0119","A"
"4","Trait5","pKWmEB","NsiI.TP100372","11","   10209","","0.9539","A"
"4","Trait5","pKWmEB","NsiI.TP100767","11","   10210","","1.3995","C"
"4","Trait5","pKWmEB","NsiI.TP100835","11","   10211","","0.3931","A"
"4","Trait5","pKWmEB","NsiI.TP100985","11","   10213","","0.6018","A"
"4","Trait5","pKWmEB","NsiI.TP101004","11","   10214","","1.6947","A"
"4","Trait5","pKWmEB","NsiI.TP101321","11","   10215","","0.4068","C"
"4","Trait5","pKWmEB","NsiI.TP101339","11","   10216","","0.5498","A"
"4","Trait5","pKWmEB","NsiI.TP101356","11","   10217","","0.0726","C"
"4","Trait5","pKWmEB","NsiI.TP101382","11","   10218","","0.1605","A"
"4","Trait5","pKWmEB","NsiI.TP101470","11","   10219","","0.0765","A"
"4","Trait5","pKWmEB","NsiI.TP101708","11","   10220","","0.0926","C"
"4","Trait5","pKWmEB","NsiI.TP101726","11","   10221","","0.3755","C"
"4","Trait5","pKWmEB","NsiI.TP101822","11","   10223","","1.0912","G"
"4","Trait5","pKWmEB","NsiI.TP101987","11","   10225","","1.0755","A"
"4","Trait5","pKWmEB","NsiI.TP102135","11","   10227","","0.8363","A"
"4","Trait5","pKWmEB","NsiI.TP102497","11","   10231","","0.4827","C"
"4","Trait5","pKWmEB","NsiI.TP102533","11","   10233","","0.3148","C"
"4","Trait5","pKWmEB","NsiI.TP102719","11","   10234","","0.0169","C"
"4","Trait5","pKWmEB","NsiI.TP102773","11","   10236","","0.6705","A"
"4","Trait5","pKWmEB","NsiI.TP102905","11","   10237","","0.0671","G"
"4","Trait5","pKWmEB","NsiI.TP102942","11","   10238","","0.9758","A"
"4","Trait5","pKWmEB","NsiI.TP103087","11","   10240","","0.0108","A"
"4","Trait5","pKWmEB","NsiI.TP103132","11","   10241","","1.0524","A"
"4","Trait5","pKWmEB","NsiI.TP103763","11","   10242","","0.6854","G"
"4","Trait5","pKWmEB","NsiI.TP103812","11","   10243","","0.7864","C"
"4","Trait5","pKWmEB","NsiI.TP103816","11","   10244","","0.1886","A"
"4","Trait5","pKWmEB","NsiI.TP103979","11","   10246","","1.6891","C"
"4","Trait5","pKWmEB","NsiI.TP104399","11","   10247","","0.0275","C"
"4","Trait5","pKWmEB","NsiI.TP104400","11","   10248","","0.6998","C"
"4","Trait5","pKWmEB","NsiI.TP104716","11","   10249","","0.1776","C"
"4","Trait5","pKWmEB","NsiI.TP105019","11","   10250","","0.1769","G"
"4","Trait5","pKWmEB","NsiI.TP105057","11","   10251","","0.6023","A"
"4","Trait5","pKWmEB","NsiI.TP105112","11","   10252","","0.4072","C"
"4","Trait5","pKWmEB","NsiI.TP105174","11","   10253","","0.9661","C"
"4","Trait5","pKWmEB","NsiI.TP105198","11","   10254","","0.5327","G"
"4","Trait5","pKWmEB","NsiI.TP105290","11","   10255","","0.4855","A"
"4","Trait5","pKWmEB","NsiI.TP106048","11","   10256","","0.2257","A"
"4","Trait5","pKWmEB","NsiI.TP106121","11","   10257","","0.3912","A"
"4","Trait5","pKWmEB","NsiI.TP106199","11","   10258","","0.8565","A"
"4","Trait5","pKWmEB","NsiI.TP106214","11","   10260","","0.6096","C"
"4","Trait5","pKWmEB","NsiI.TP106440","11","   10262","","0.0201","A"
"4","Trait5","pKWmEB","NsiI.TP106505","11","   10263","","0.7697","C"
"4","Trait5","pKWmEB","NsiI.TP106646","11","   10266","","0.6675","G"
"4","Trait5","pKWmEB","NsiI.TP106740","11","   10268","","0.0311","C"
"4","Trait5","pKWmEB","NsiI.TP106835","11","   10269","","1.1886","G"
"4","Trait5","pKWmEB","NsiI.TP106852","11","   10270","","0.4818","A"
"4","Trait5","pKWmEB","NsiI.TP106868","11","   10271","","0.1747","A"
"4","Trait5","pKWmEB","NsiI.TP107770","11","   10275","","0.1573","A"
"4","Trait5","pKWmEB","NsiI.TP108050","11","   10278","","0.4542","A"
"4","Trait5","pKWmEB","NsiI.TP108218","11","   10279","","1.2054","G"
"4","Trait5","pKWmEB","NsiI.TP108894","11","   10281","","0.0305","C"
"4","Trait5","pKWmEB","NsiI.TP109053","11","   10282","","0.1219","C"
"4","Trait5","pKWmEB","NsiI.TP109257","11","   10284","","0.5954","C"
"4","Trait5","pKWmEB","NsiI.TP109378","11","   10285","","0.3171","G"
"4","Trait5","pKWmEB","NsiI.TP109401","11","   10286","","0.3202","A"
"4","Trait5","pKWmEB","NsiI.TP109430","11","   10287","","0.1735","A"
"4","Trait5","pKWmEB","NsiI.TP109633","11","   10288","","0.4295","A"
"4","Trait5","pKWmEB","NsiI.TP109655","11","   10289","","0.3709","A"
"4","Trait5","pKWmEB","NsiI.TP110070","11","   10293","","0.7333","C"
"4","Trait5","pKWmEB","NsiI.TP110161","11","   10294","","0.3356","A"
"4","Trait5","pKWmEB","NsiI.TP110167","11","   10295","","0.1583","C"
"4","Trait5","pKWmEB","NsiI.TP110216","11","   10297","","0.7991","A"
"4","Trait5","pKWmEB","NsiI.TP110217","11","   10298","","0.3767","A"
"4","Trait5","pKWmEB","NsiI.TP110495","11","   10300","","0.9298","C"
"4","Trait5","pKWmEB","NsiI.TP110721","11","   10302","","0.0876","A"
"4","Trait5","pKWmEB","NsiI.TP110772","11","   10303","","0.0307","G"
"4","Trait5","pKWmEB","NsiI.TP110828","11","   10304","","1.1742","A"
"4","Trait5","pKWmEB","NsiI.TP110896","11","   10306","","0.1768","A"
"4","Trait5","pKWmEB","NsiI.TP111042","11","   10307","","0.5274","A"
"4","Trait5","pKWmEB","NsiI.TP111085","11","   10309","","0.3589","A"
"4","Trait5","pKWmEB","NsiI.TP111087","11","   10310","","1.3789","G"
"4","Trait5","pKWmEB","NsiI.TP111109","11","   10311","","0.9334","A"
"4","Trait5","pKWmEB","NsiI.TP111126","11","   10312","","0.3472","A"
"4","Trait5","pKWmEB","NsiI.TP111194","11","   10313","","0.8384","A"
"4","Trait5","pKWmEB","NsiI.TP111219","11","   10314","","0.9634","A"
"4","Trait5","pKWmEB","NsiI.TP111245","11","   10315","","0.0036","C"
"4","Trait5","pKWmEB","NsiI.TP111341","11","   10316","","0.0799","A"
"4","Trait5","pKWmEB","NsiI.TP111455","11","   10317","","0.0096","A"
"4","Trait5","pKWmEB","NsiI.TP111568","11","   10319","","0.4819","A"
"4","Trait5","pKWmEB","NsiI.TP111753","11","   10321","","0.1871","C"
"4","Trait5","pKWmEB","NsiI.TP111766","11","   10322","","0.2856","A"
"4","Trait5","pKWmEB","NsiI.TP111829","11","   10323","","0.0717","C"
"4","Trait5","pKWmEB","NsiI.TP111858","11","   10325","","1.2887","C"
"4","Trait5","pKWmEB","NsiI.TP112104","11","   10327","","0.7747","C"
"4","Trait5","pKWmEB","NsiI.TP112348","11","   10328","","0.1005","A"
"4","Trait5","pKWmEB","NsiI.TP112447","11","   10329","","0.1641","A"
"4","Trait5","pKWmEB","NsiI.TP112481","11","   10330","","0.4647","C"
"4","Trait5","pKWmEB","NsiI.TP112503","11","   10331","","0.1923","C"
"4","Trait5","pKWmEB","NsiI.TP112574","11","   10334","","1.6483","C"
"4","Trait5","pKWmEB","NsiI.TP112809","11","   10335","","0.6829","A"
"4","Trait5","pKWmEB","NsiI.TP112817","11","   10336","","0.2236","G"
"4","Trait5","pKWmEB","NsiI.TP112825","11","   10338","","0.4510","A"
"4","Trait5","pKWmEB","NsiI.TP112927","11","   10339","","0.5107","A"
"4","Trait5","pKWmEB","NsiI.TP112942","11","   10340","","0.3281","C"
"4","Trait5","pKWmEB","NsiI.TP113089","11","   10342","","0.2211","C"
"4","Trait5","pKWmEB","NsiI.TP113258","11","   10343","","0.9620","C"
"4","Trait5","pKWmEB","NsiI.TP113279","11","   10344","","0.1796","A"
"4","Trait5","pKWmEB","NsiI.TP113305","11","   10346","","0.5612","A"
"4","Trait5","pKWmEB","NsiI.TP113321","11","   10347","","0.2368","C"
"4","Trait5","pKWmEB","NsiI.TP113478","11","   10349","","1.3475","C"
"4","Trait5","pKWmEB","NsiI.TP114141","11","   10352","","0.4083","C"
"4","Trait5","pKWmEB","NsiI.TP114899","11","   10355","","0.9197","C"
"4","Trait5","pKWmEB","NsiI.TP114916","11","   10356","","0.4441","C"
"4","Trait5","pKWmEB","NsiI.TP115007","11","   10357","","1.8768","A"
"4","Trait5","pKWmEB","NsiI.TP115012","11","   10358","","0.3011","G"
"4","Trait5","pKWmEB","NsiI.TP115094","11","   10359","","1.2174","C"
"4","Trait5","pKWmEB","NsiI.TP115113","11","   10360","","0.2868","C"
"4","Trait5","pKWmEB","NsiI.TP115118","11","   10361","","0.8414","A"
"4","Trait5","pKWmEB","NsiI.TP115157","11","   10362","","0.5738","C"
"4","Trait5","pKWmEB","NsiI.TP115169","11","   10363","","0.0036","A"
"4","Trait5","pKWmEB","NsiI.TP115367","11","   10365","","1.3430","C"
"4","Trait5","pKWmEB","NsiI.TP115400","11","   10366","","0.0523","A"
"4","Trait5","pKWmEB","NsiI.TP115467","11","   10367","","0.1643","A"
"4","Trait5","pKWmEB","NsiI.TP115613","11","   10368","","0.1032","C"
"4","Trait5","pKWmEB","NsiI.TP115632","11","   10369","","0.6850","C"
"4","Trait5","pKWmEB","NsiI.TP115786","11","   10372","","0.6882","A"
"4","Trait5","pKWmEB","NsiI.TP115799","11","   10373","","0.4966","A"
"4","Trait5","pKWmEB","NsiI.TP115933","11","   10374","","0.0480","A"
"4","Trait5","pKWmEB","NsiI.TP115947","11","   10375","","0.6845","A"
"4","Trait5","pKWmEB","NsiI.TP115990","11","   10376","","2.0641","C"
"4","Trait5","pKWmEB","NsiI.TP116532","11","   10378","","2.2409","C"
"4","Trait5","pKWmEB","NsiI.TP117007","11","   10380","","0.1649","C"
"4","Trait5","pKWmEB","NsiI.TP117122","11","   10381","","0.4738","A"
"4","Trait5","pKWmEB","NsiI.TP117375","11","   10383","","0.5770","C"
"4","Trait5","pKWmEB","NsiI.TP117605","11","   10385","","0.8892","A"
"4","Trait5","pKWmEB","NsiI.TP117619","11","   10386","","0.1246","A"
"4","Trait5","pKWmEB","NsiI.TP117730","11","   10388","","0.0118","A"
"4","Trait5","pKWmEB","NsiI.TP117834","11","   10390","","0.2024","C"
"4","Trait5","pKWmEB","NsiI.TP117954","11","   10391","","0.3334","C"
"4","Trait5","pKWmEB","NsiI.TP118109","11","   10393","","0.2746","C"
"4","Trait5","pKWmEB","NsiI.TP118112","11","   10394","","0.5944","C"
"4","Trait5","pKWmEB","NsiI.TP118336","11","   10396","","1.4691","A"
"4","Trait5","pKWmEB","NsiI.TP118514","11","   10397","","0.0019","A"
"4","Trait5","pKWmEB","NsiI.TP118784","11","   10399","","0.1807","C"
"4","Trait5","pKWmEB","NsiI.TP118956","11","   10400","","0.0632","C"
"4","Trait5","pKWmEB","NsiI.TP119103","11","   10402","","0.0670","A"
"4","Trait5","pKWmEB","NsiI.TP119109","11","   10403","","0.3419","A"
"4","Trait5","pKWmEB","NsiI.TP119173","11","   10404","","0.1490","A"
"4","Trait5","pKWmEB","NsiI.TP119333","11","   10405","","0.7963","C"
"4","Trait5","pKWmEB","NsiI.TP119411","11","   10406","","0.8716","A"
"4","Trait5","pKWmEB","NsiI.TP119685","11","   10407","","0.1770","A"
"4","Trait5","pKWmEB","NsiI.TP119700","11","   10410","","0.2131","A"
"4","Trait5","pKWmEB","NsiI.TP119751","11","   10411","","0.2529","A"
"4","Trait5","pKWmEB","NsiI.TP119766","11","   10412","","0.6005","A"
"4","Trait5","pKWmEB","NsiI.TP119830","11","   10413","","0.0943","A"
"4","Trait5","pKWmEB","NsiI.TP119998","11","   10414","","0.0175","A"
"4","Trait5","pKWmEB","NsiI.TP120114","11","   10415","","0.2415","A"
"4","Trait5","pKWmEB","NsiI.TP120245","11","   10416","","0.1527","A"
"4","Trait5","pKWmEB","NsiI.TP120255","11","   10417","","0.2588","A"
"4","Trait5","pKWmEB","NsiI.TP120409","11","   10420","","0.2850","A"
"4","Trait5","pKWmEB","NsiI.TP120421","11","   10422","","0.7460","A"
"4","Trait5","pKWmEB","NsiI.TP120425","11","   10423","","0.1692","A"
"4","Trait5","pKWmEB","NsiI.TP120452","11","   10425","","0.2994","C"
"4","Trait5","pKWmEB","NsiI.TP120478","11","   10426","","0.1432","C"
"4","Trait5","pKWmEB","NsiI.TP120544","11","   10427","","0.4612","C"
"4","Trait5","pKWmEB","NsiI.TP120590","11","   10429","","0.0565","C"
"4","Trait5","pKWmEB","NsiI.TP120645","11","   10430","","0.6054","A"
"4","Trait5","pKWmEB","NsiI.TP120658","11","   10432","","0.4212","A"
"4","Trait5","pKWmEB","NsiI.TP120671","11","   10433","","1.0776","C"
"4","Trait5","pKWmEB","NsiI.TP120780","11","   10434","","0.1915","C"
"4","Trait5","pKWmEB","NsiI.TP120854","11","   10436","","0.1572","A"
"4","Trait5","pKWmEB","NsiI.TP121016","11","   10439","","0.1776","C"
"4","Trait5","pKWmEB","NsiI.TP121077","11","   10440","","0.0581","G"
"4","Trait5","pKWmEB","NsiI.TP121145","11","   10441","","0.4042","A"
"4","Trait5","pKWmEB","NsiI.TP121214","11","   10443","","0.1946","A"
"4","Trait5","pKWmEB","NsiI.TP121230","11","   10444","","0.1402","C"
"4","Trait5","pKWmEB","NsiI.TP121444","11","   10447","","0.5221","A"
"4","Trait5","pKWmEB","NsiI.TP121497","11","   10448","","0.0390","A"
"4","Trait5","pKWmEB","NsiI.TP121519","11","   10449","","0.2180","A"
"4","Trait5","pKWmEB","NsiI.TP121583","11","   10450","","0.7061","A"
"4","Trait5","pKWmEB","NsiI.TP121584","11","   10451","","0.1183","C"
"4","Trait5","pKWmEB","NsiI.TP121684","11","   10453","","0.1394","C"
"4","Trait5","pKWmEB","NsiI.TP121729","11","   10456","","0.3663","C"
"4","Trait5","pKWmEB","NsiI.TP121752","11","   10457","","0.2868","A"
"4","Trait5","pKWmEB","NsiI.TP121780","11","   10458","","0.1700","C"
"4","Trait5","pKWmEB","NsiI.TP121955","11","   10461","","0.0858","A"
"4","Trait5","pKWmEB","NsiI.TP122031","11","   10464","","0.1451","A"
"4","Trait5","pKWmEB","NsiI.TP122639","11","   10467","","0.0405","A"
"4","Trait5","pKWmEB","NsiI.TP122732","11","   10468","","0.4996","A"
"4","Trait5","pKWmEB","NsiI.TP123021","11","   10471","","0.0658","A"
"4","Trait5","pKWmEB","NsiI.TP123053","11","   10473","","0.8725","C"
"4","Trait5","pKWmEB","NsiI.TP123090","11","   10476","","0.5157","A"
"4","Trait5","pKWmEB","NsiI.TP123206","11","   10479","","0.2216","A"
"4","Trait5","pKWmEB","NsiI.TP123251","11","   10480","","0.5822","A"
"4","Trait5","pKWmEB","NsiI.TP123281","11","   10481","","0.6850","G"
"4","Trait5","pKWmEB","NsiI.TP123344","11","   10483","","1.2251","A"
"4","Trait5","pKWmEB","NsiI.TP123450","11","   10484","","0.5357","A"
"4","Trait5","pKWmEB","NsiI.TP123811","11","   10486","","0.8292","A"
"4","Trait5","pKWmEB","NsiI.TP123833","11","   10487","","0.7189","C"
"4","Trait5","pKWmEB","NsiI.TP123918","11","   10488","","0.4416","A"
"4","Trait5","pKWmEB","NsiI.TP123978","11","   10489","","0.1949","A"
"4","Trait5","pKWmEB","NsiI.TP124207","11","   10491","","0.0805","C"
"4","Trait5","pKWmEB","NsiI.TP124257","11","   10493","","0.0489","A"
"4","Trait5","pKWmEB","NsiI.TP124294","11","   10495","","0.1546","A"
"4","Trait5","pKWmEB","NsiI.TP124479","11","   10496","","0.3547","A"
"4","Trait5","pKWmEB","NsiI.TP124848","11","   10498","","0.1758","A"
"4","Trait5","pKWmEB","NsiI.TP125096","11","   10499","","0.0495","A"
"4","Trait5","pKWmEB","NsiI.TP125154","11","   10500","","0.5133","A"
"4","Trait5","pKWmEB","NsiI.TP125335","11","   10502","","0.4485","C"
"4","Trait5","pKWmEB","NsiI.TP125341","11","   10503","","0.2489","C"
"4","Trait5","pKWmEB","NsiI.TP125603","11","   10508","","0.0266","A"
"4","Trait5","pKWmEB","NsiI.TP125636","11","   10510","","0.2062","A"
"4","Trait5","pKWmEB","NsiI.TP125826","11","   10513","","0.4320","A"
"4","Trait5","pKWmEB","NsiI.TP125847","11","   10514","","0.4687","C"
"4","Trait5","pKWmEB","NsiI.TP125932","11","   10518","","0.1014","A"
"4","Trait5","pKWmEB","NsiI.TP126027","11","   10520","","0.0564","C"
"4","Trait5","pKWmEB","NsiI.TP126030","11","   10521","","0.0911","C"
"4","Trait5","pKWmEB","NsiI.TP126435","11","   10525","","0.2237","A"
"4","Trait5","pKWmEB","NsiI.TP126464","11","   10526","","1.7742","A"
"4","Trait5","pKWmEB","NsiI.TP126819","11","   10527","","1.0381","A"
"4","Trait5","pKWmEB","NsiI.TP126878","11","   10528","","0.1254","C"
"4","Trait5","pKWmEB","NsiI.TP127159","11","   10530","","0.4678","C"
"4","Trait5","pKWmEB","NsiI.TP127365","11","   10531","","0.1621","C"
"4","Trait5","pKWmEB","NsiI.TP127422","11","   10532","","0.3823","A"
"4","Trait5","pKWmEB","NsiI.TP127599","11","   10534","","0.4006","C"
"4","Trait5","pKWmEB","NsiI.TP127774","11","   10537","","0.0046","A"
"4","Trait5","pKWmEB","NsiI.TP128050","11","   10540","","0.1548","A"
"4","Trait5","pKWmEB","NsiI.TP128122","11","   10542","","0.7654","A"
"4","Trait5","pKWmEB","NsiI.TP128193","11","   10543","","0.2701","A"
"4","Trait5","pKWmEB","NsiI.TP128261","11","   10544","","0.2054","G"
"4","Trait5","pKWmEB","NsiI.TP128306","11","   10545","","0.2680","C"
"4","Trait5","pKWmEB","NsiI.TP128325","11","   10546","","1.2254","A"
"4","Trait5","pKWmEB","NsiI.TP128463","11","   10548","","0.5640","C"
"4","Trait5","pKWmEB","NsiI.TP128490","11","   10549","","2.1735","C"
"4","Trait5","pKWmEB","NsiI.TP128605","11","   10550","","0.1163","A"
"4","Trait5","pKWmEB","NsiI.TP128647","11","   10551","","0.0991","A"
"4","Trait5","pKWmEB","NsiI.TP128648","11","   10552","","0.6085","C"
"4","Trait5","pKWmEB","NsiI.TP128705","11","   10553","","1.4016","A"
"4","Trait5","pKWmEB","NsiI.TP128710","11","   10554","","0.6819","A"
"4","Trait5","pKWmEB","NsiI.TP129054","11","   10555","","0.1499","C"
"4","Trait5","pKWmEB","NsiI.TP129262","11","   10556","","0.1520","A"
"4","Trait5","pKWmEB","NsiI.TP129524","11","   10557","","0.1120","A"
"4","Trait5","pKWmEB","NsiI.TP129575","11","   10558","","1.3923","C"
"4","Trait5","pKWmEB","NsiI.TP129582","11","   10560","","0.3021","A"
"4","Trait5","pKWmEB","NsiI.TP129600","11","   10561","","0.0364","A"
"4","Trait5","pKWmEB","NsiI.TP129614","11","   10562","","0.0144","A"
"4","Trait5","pKWmEB","NsiI.TP130179","11","   10565","","0.3407","C"
"4","Trait5","pKWmEB","NsiI.TP130514","11","   10566","","0.9095","C"
"4","Trait5","pKWmEB","NsiI.TP130657","11","   10567","","0.0175","C"
"4","Trait5","pKWmEB","NsiI.TP130730","11","   10568","","0.0019","A"
"4","Trait5","pKWmEB","NsiI.TP130838","11","   10569","","0.2646","C"
"4","Trait5","pKWmEB","NsiI.TP130984","11","   10571","","0.4095","A"
"4","Trait5","pKWmEB","NsiI.TP131113","11","   10572","","0.7777","C"
"4","Trait5","pKWmEB","NsiI.TP131175","11","   10573","","0.3511","A"
"4","Trait5","pKWmEB","NsiI.TP131216","11","   10574","","0.2549","A"
"4","Trait5","pKWmEB","NsiI.TP131224","11","   10575","","0.2787","A"
"4","Trait5","pKWmEB","NsiI.TP131444","11","   10578","","0.2068","A"
"4","Trait5","pKWmEB","NsiI.TP131517","11","   10579","","0.0279","G"
"4","Trait5","pKWmEB","NsiI.TP131537","11","   10580","","0.0132","A"
"4","Trait5","pKWmEB","NsiI.TP131963","11","   10582","","0.4053","C"
"4","Trait5","pKWmEB","NsiI.TP132013","11","   10583","","0.0862","C"
"4","Trait5","pKWmEB","NsiI.TP132029","11","   10584","","0.0084","A"
"4","Trait5","pKWmEB","NsiI.TP132132","11","   10586","","0.0184","A"
"4","Trait5","pKWmEB","NsiI.TP132147","11","   10587","","0.3900","C"
"4","Trait5","pKWmEB","NsiI.TP132168","11","   10588","","0.0946","A"
"4","Trait5","pKWmEB","NsiI.TP132378","11","   10590","","0.5791","A"
"4","Trait5","pKWmEB","NsiI.TP132379","11","   10591","","0.3372","C"
"4","Trait5","pKWmEB","NsiI.TP132514","11","   10593","","0.0119","G"
"4","Trait5","pKWmEB","NsiI.TP132548","11","   10594","","0.7825","C"
"4","Trait5","pKWmEB","NsiI.TP132616","11","   10595","","0.2926","G"
"4","Trait5","pKWmEB","NsiI.TP132945","11","   10596","","0.0241","A"
"4","Trait5","pKWmEB","NsiI.TP133146","11","   10598","","0.2714","A"
"4","Trait5","pKWmEB","NsiI.TP133158","11","   10599","","1.1737","C"
"4","Trait5","pKWmEB","NsiI.TP133160","11","   10600","","0.3252","A"
"4","Trait5","pKWmEB","NsiI.TP133199","11","   10601","","1.5352","C"
"4","Trait5","pKWmEB","NsiI.TP133229","11","   10602","","0.3466","A"
"4","Trait5","pKWmEB","NsiI.TP133259","11","   10604","","0.2202","A"
"4","Trait5","pKWmEB","NsiI.TP133387","11","   10606","","0.6340","C"
"4","Trait5","pKWmEB","NsiI.TP133399","11","   10607","","0.0274","G"
"4","Trait5","pKWmEB","NsiI.TP133793","11","   10610","","0.0966","C"
"4","Trait5","pKWmEB","NsiI.TP133969","11","   10614","","0.4142","A"
"4","Trait5","pKWmEB","NsiI.TP134003","11","   10616","","0.6627","C"
"4","Trait5","pKWmEB","NsiI.TP134156","11","   10618","","0.1070","A"
"4","Trait5","pKWmEB","NsiI.TP134168","11","   10619","","0.1510","C"
"4","Trait5","pKWmEB","NsiI.TP134188","11","   10620","","0.0762","A"
"4","Trait5","pKWmEB","NsiI.TP134193","11","   10621","","0.2389","A"
"4","Trait5","pKWmEB","NsiI.TP134279","11","   10622","","0.3407","A"
"4","Trait5","pKWmEB","NsiI.TP134318","11","   10623","","0.5504","C"
"4","Trait5","pKWmEB","NsiI.TP134345","11","   10624","","0.1548","C"
"4","Trait5","pKWmEB","NsiI.TP134405","11","   10625","","0.3926","A"
"4","Trait5","pKWmEB","NsiI.TP134503","11","   10626","","0.3770","A"
"4","Trait5","pKWmEB","NsiI.TP134591","11","   10627","","0.2787","C"
"4","Trait5","pKWmEB","NsiI.TP134592","11","   10628","","0.4144","C"
"4","Trait5","pKWmEB","NsiI.TP134721","11","   10629","","0.2111","A"
"4","Trait5","pKWmEB","NsiI.TP134845","11","   10630","","0.3426","C"
"4","Trait5","pKWmEB","NsiI.TP135081","11","   10633","","0.1566","G"
"4","Trait5","pKWmEB","NsiI.TP135085","11","   10634","","0.2245","A"
"4","Trait5","pKWmEB","NsiI.TP135090","11","   10635","","0.1220","C"
"4","Trait5","pKWmEB","NsiI.TP135257","11","   10636","","0.3256","C"
"4","Trait5","pKWmEB","NsiI.TP135263","11","   10637","","0.0249","C"
"4","Trait5","pKWmEB","NsiI.TP135308","11","   10638","","0.8761","A"
"4","Trait5","pKWmEB","NsiI.TP135373","11","   10639","","1.4180","A"
"4","Trait5","pKWmEB","NsiI.TP135600","11","   10641","","0.7030","C"
"4","Trait5","pKWmEB","NsiI.TP135783","11","   10642","","0.7399","C"
"4","Trait5","pKWmEB","NsiI.TP135919","11","   10644","","0.9258","A"
"4","Trait5","pKWmEB","NsiI.TP135973","11","   10646","","2.4789","A"
"4","Trait5","pKWmEB","NsiI.TP136036","11","   10647","","0.2057","A"
"4","Trait5","pKWmEB","NsiI.TP136037","11","   10648","","0.5540","C"
"4","Trait5","pKWmEB","NsiI.TP136058","11","   10649","","0.1456","C"
"4","Trait5","pKWmEB","NsiI.TP136099","11","   10650","","0.4368","C"
"4","Trait5","pKWmEB","NsiI.TP136172","11","   10652","","0.3240","A"
"4","Trait5","pKWmEB","NsiI.TP136328","11","   10653","","1.4666","C"
"4","Trait5","pKWmEB","NsiI.TP136344","11","   10654","","0.5834","C"
"4","Trait5","pKWmEB","NsiI.TP136435","11","   10655","","0.9944","A"
"4","Trait5","pKWmEB","NsiI.TP136467","11","   10656","","0.4071","A"
"4","Trait5","pKWmEB","NsiI.TP136540","11","   10657","","0.2446","C"
"4","Trait5","pKWmEB","NsiI.TP137271","11","   10660","","0.3442","C"
"4","Trait5","pKWmEB","NsiI.TP137320","11","   10662","","0.6610","A"
"4","Trait5","pKWmEB","NsiI.TP137778","11","   10663","","0.1467","A"
"4","Trait5","pKWmEB","NsiI.TP137864","11","   10665","","1.9820","C"
"4","Trait5","pKWmEB","NsiI.TP137988","11","   10666","","0.1596","C"
"4","Trait5","pKWmEB","NsiI.TP138154","11","   10667","","0.9614","C"
"4","Trait5","pKWmEB","NsiI.TP138185","11","   10668","","0.3997","C"
"4","Trait5","pKWmEB","NsiI.TP138255","11","   10669","","0.2317","A"
"4","Trait5","pKWmEB","NsiI.TP138363","11","   10670","","0.0359","C"
"4","Trait5","pKWmEB","NsiI.TP138389","11","   10671","","1.0988","A"
"4","Trait5","pKWmEB","NsiI.TP138508","11","   10672","","0.7047","C"
"4","Trait5","pKWmEB","NsiI.TP138581","11","   10673","","0.4911","A"
"4","Trait5","pKWmEB","NsiI.TP138645","11","   10674","","0.9774","C"
"4","Trait5","pKWmEB","NsiI.TP138768","11","   10675","","1.2890","C"
"4","Trait5","pKWmEB","NsiI.TP138776","11","   10676","","0.5232","C"
"4","Trait5","pKWmEB","NsiI.TP138777","11","   10677","","1.1609","G"
"4","Trait5","pKWmEB","NsiI.TP139005","11","   10680","","0.7914","A"
"4","Trait5","pKWmEB","NsiI.TP139101","11","   10681","","0.0107","G"
"4","Trait5","pKWmEB","NsiI.TP139229","11","   10683","","0.5008","A"
"4","Trait5","pKWmEB","NsiI.TP139249","11","   10684","","1.0015","A"
"4","Trait5","pKWmEB","NsiI.TP139286","11","   10685","","0.3175","C"
"4","Trait5","pKWmEB","NsiI.TP139676","11","   10686","","0.3360","C"
"4","Trait5","pKWmEB","NsiI.TP139890","11","   10689","","0.5398","A"
"4","Trait5","pKWmEB","NsiI.TP140044","11","   10690","","0.3520","A"
"4","Trait5","pKWmEB","NsiI.TP140094","11","   10691","","0.0114","C"
"4","Trait5","pKWmEB","NsiI.TP140129","11","   10692","","0.2078","C"
"4","Trait5","pKWmEB","NsiI.TP140140","11","   10693","","0.4274","G"
"4","Trait5","pKWmEB","NsiI.TP140643","11","   10694","","0.4561","A"
"4","Trait5","pKWmEB","NsiI.TP141159","11","   10697","","1.2170","C"
"4","Trait5","pKWmEB","NsiI.TP143717","11","   10700","","0.3486","A"
"4","Trait5","pKWmEB","NsiI.TP143875","11","   10701","","0.0835","C"
"4","Trait5","pKWmEB","NsiI.TP144045","11","   10703","","0.2413","C"
"4","Trait5","pKWmEB","NsiI.TP144117","11","   10704","","0.3334","C"
"4","Trait5","pKWmEB","NsiI.TP144406","11","   10705","","0.0120","G"
"4","Trait5","pKWmEB","NsiI.TP144685","11","   10707","","0.0332","C"
"4","Trait5","pKWmEB","NsiI.TP144735","11","   10709","","0.2730","A"
"4","Trait5","pKWmEB","NsiI.TP145081","11","   10712","","0.0354","A"
"4","Trait5","pKWmEB","NsiI.TP145116","11","   10713","","0.4277","A"
"4","Trait5","pKWmEB","NsiI.TP145213","11","   10715","","1.7157","A"
"4","Trait5","pKWmEB","NsiI.TP145530","11","   10716","","0.7225","C"
"4","Trait5","pKWmEB","NsiI.TP145567","11","   10717","","0.0336","A"
"4","Trait5","pKWmEB","NsiI.TP145631","11","   10718","","0.7478","A"
"4","Trait5","pKWmEB","NsiI.TP145656","11","   10720","","0.1302","A"
"4","Trait5","pKWmEB","NsiI.TP145732","11","   10722","","0.2472","A"
"4","Trait5","pKWmEB","NsiI.TP145794","11","   10723","","0.3257","A"
"4","Trait5","pKWmEB","NsiI.TP145816","11","   10724","","0.0415","C"
"4","Trait5","pKWmEB","NsiI.TP145852","11","   10725","","0.5468","A"
"4","Trait5","pKWmEB","NsiI.TP145879","11","   10726","","0.1540","G"
"4","Trait5","pKWmEB","NsiI.TP146483","11","   10731","","0.1181","C"
"4","Trait5","pKWmEB","NsiI.TP146493","11","   10732","","0.3997","A"
"4","Trait5","pKWmEB","NsiI.TP146531","11","   10734","","0.9743","C"
"4","Trait5","pKWmEB","NsiI.TP146660","11","   10735","","0.1096","C"
"4","Trait5","pKWmEB","NsiI.TP146839","11","   10736","","1.1884","A"
"4","Trait5","pKWmEB","NsiI.TP147485","11","   10737","","1.6951","C"
"4","Trait5","pKWmEB","NsiI.TP147534","11","   10738","","0.1593","A"
"4","Trait5","pKWmEB","NsiI.TP147565","11","   10740","","0.0389","C"
"4","Trait5","pKWmEB","NsiI.TP147703","11","   10744","","0.3715","A"
"4","Trait5","pKWmEB","NsiI.TP147828","11","   10745","","0.6447","C"
"4","Trait5","pKWmEB","NsiI.TP147879","11","   10747","","0.2266","C"
"4","Trait5","pKWmEB","NsiI.TP148137","11","   10749","","0.0337","A"
"4","Trait5","pKWmEB","NsiI.TP148156","11","   10750","","0.3223","C"
"4","Trait5","pKWmEB","NsiI.TP148161","11","   10751","","0.2281","A"
"4","Trait5","pKWmEB","NsiI.TP148226","11","   10752","","1.6976","A"
"4","Trait5","pKWmEB","NsiI.TP148428","11","   10753","","1.7817","C"
"4","Trait5","pKWmEB","NsiI.TP148490","11","   10754","","0.0298","C"
"4","Trait5","pKWmEB","NsiI.TP148551","11","   10755","","0.2720","C"
"4","Trait5","pKWmEB","NsiI.TP148726","11","   10758","","0.0105","A"
"4","Trait5","pKWmEB","NsiI.TP148756","11","   10760","","0.1597","C"
"4","Trait5","pKWmEB","NsiI.TP148795","11","   10761","","0.1204","A"
"4","Trait5","pKWmEB","NsiI.TP148952","11","   10763","","1.3578","G"
"4","Trait5","pKWmEB","NsiI.TP149037","11","   10764","","0.4390","C"
"4","Trait5","pKWmEB","NsiI.TP149067","11","   10765","","0.7270","A"
"4","Trait5","pKWmEB","NsiI.TP149102","11","   10766","","0.1151","G"
"4","Trait5","pKWmEB","NsiI.TP149182","11","   10769","","0.0225","G"
"4","Trait5","pKWmEB","NsiI.TP149318","11","   10770","","0.0832","A"
"4","Trait5","pKWmEB","NsiI.TP149343","11","   10772","","0.0165","G"
"4","Trait5","pKWmEB","NsiI.TP149468","11","   10773","","1.4247","C"
"4","Trait5","pKWmEB","NsiI.TP149484","11","   10774","","0.3505","A"
"4","Trait5","pKWmEB","NsiI.TP149521","11","   10775","","0.2343","A"
"4","Trait5","pKWmEB","NsiI.TP149550","11","   10776","","0.0909","C"
"4","Trait5","pKWmEB","NsiI.TP149654","11","   10777","","0.0196","C"
"4","Trait5","pKWmEB","NsiI.TP149672","11","   10778","","0.2945","A"
"4","Trait5","pKWmEB","NsiI.TP149676","11","   10779","","0.1484","C"
"4","Trait5","pKWmEB","NsiI.TP149677","11","   10780","","0.2489","C"
"4","Trait5","pKWmEB","NsiI.TP149692","11","   10781","","2.1932","G"
"4","Trait5","pKWmEB","NsiI.TP149732","11","   10782","","0.3784","A"
"4","Trait5","pKWmEB","NsiI.TP150024","11","   10783","","0.0487","A"
"4","Trait5","pKWmEB","NsiI.TP150032","11","   10784","","1.0527","C"
"4","Trait5","pKWmEB","NsiI.TP150073","11","   10785","","0.2947","C"
"4","Trait5","pKWmEB","NsiI.TP150103","11","   10786","","0.1807","A"
"4","Trait5","pKWmEB","NsiI.TP150121","11","   10787","","1.0168","C"
"4","Trait5","pKWmEB","NsiI.TP150122","11","   10788","","0.3073","A"
"4","Trait5","pKWmEB","NsiI.TP150169","11","   10790","","0.2479","A"
"4","Trait5","pKWmEB","NsiI.TP150179","11","   10791","","0.3539","C"
"4","Trait5","pKWmEB","NsiI.TP150324","11","   10793","","0.4919","C"
"4","Trait5","pKWmEB","NsiI.TP150338","11","   10794","","0.1444","A"
"4","Trait5","pKWmEB","NsiI.TP150390","11","   10795","","1.0276","C"
"4","Trait5","pKWmEB","NsiI.TP150407","11","   10796","","0.1225","A"
"4","Trait5","pKWmEB","NsiI.TP151119","11","   10801","","1.6217","C"
"4","Trait5","pKWmEB","NsiI.TP151265","11","   10803","","0.1934","A"
"4","Trait5","pKWmEB","NsiI.TP151437","11","   10804","","0.0738","C"
"4","Trait5","pKWmEB","NsiI.TP151574","11","   10805","","0.8729","A"
"4","Trait5","pKWmEB","NsiI.TP151575","11","   10806","","0.4855","A"
"4","Trait5","pKWmEB","NsiI.TP151604","11","   10807","","0.1905","A"
"4","Trait5","pKWmEB","NsiI.TP151943","11","   10810","","0.2354","A"
"4","Trait5","pKWmEB","NsiI.TP152033","11","   10811","","0.0493","C"
"4","Trait5","pKWmEB","NsiI.TP152187","11","   10812","","0.0802","A"
"4","Trait5","pKWmEB","NsiI.TP152226","11","   10813","","0.2490","C"
"4","Trait5","pKWmEB","NsiI.TP152255","11","   10814","","0.1844","C"
"4","Trait5","pKWmEB","NsiI.TP152314","11","   10815","","0.0220","A"
"4","Trait5","pKWmEB","NsiI.TP152573","11","   10818","","0.2674","A"
"4","Trait5","pKWmEB","NsiI.TP152788","11","   10820","","1.0651","C"
"4","Trait5","pKWmEB","NsiI.TP152918","11","   10821","","0.0031","C"
"4","Trait5","pKWmEB","NsiI.TP152998","11","   10822","","0.0811","G"
"4","Trait5","pKWmEB","NsiI.TP153077","11","   10824","","0.1507","C"
"4","Trait5","pKWmEB","NsiI.TP153082","11","   10825","","0.0204","C"
"4","Trait5","pKWmEB","NsiI.TP153175","11","   10826","","0.5028","A"
"4","Trait5","pKWmEB","NsiI.TP153238","11","   10827","","0.5542","A"
"4","Trait5","pKWmEB","NsiI.TP153396","11","   10828","","1.2148","A"
"4","Trait5","pKWmEB","NsiI.TP153404","11","   10829","","0.2428","A"
"4","Trait5","pKWmEB","NsiI.TP153572","11","   10830","","0.1374","A"
"4","Trait5","pKWmEB","NsiI.TP153704","11","   10831","","0.1163","A"
"4","Trait5","pKWmEB","NsiI.TP153709","11","   10832","","0.0676","A"
"4","Trait5","pKWmEB","NsiI.TP153895","11","   10835","","0.2262","C"
"4","Trait5","pKWmEB","NsiI.TP153985","11","   10836","","0.4152","C"
"4","Trait5","pKWmEB","NsiI.TP154366","11","   10840","","0.1289","A"
"4","Trait5","pKWmEB","NsiI.TP154562","11","   10842","","0.2008","C"
"4","Trait5","pKWmEB","NsiI.TP155185","11","   10843","","0.3458","A"
"4","Trait5","pKWmEB","NsiI.TP155271","11","   10844","","0.3478","C"
"4","Trait5","pKWmEB","NsiI.TP155993","11","   10845","","0.0764","C"
"4","Trait5","pKWmEB","NsiI.TP156130","11","   10846","","0.5591","A"
"4","Trait5","pKWmEB","NsiI.TP156173","11","   10847","","0.7181","C"
"4","Trait5","pKWmEB","NsiI.TP156244","11","   10848","","0.4319","G"
"4","Trait5","pKWmEB","NsiI.TP156251","11","   10849","","0.0173","C"
"4","Trait5","pKWmEB","NsiI.TP156298","11","   10850","","1.5465","G"
"4","Trait5","pKWmEB","NsiI.TP156411","11","   10851","","0.1176","A"
"4","Trait5","pKWmEB","NsiI.TP156483","11","   10853","","3.9715","C"
"4","Trait5","pKWmEB","NsiI.TP156555","11","   10854","","0.3300","A"
"4","Trait5","pKWmEB","NsiI.TP156662","11","   10856","","0.4779","A"
"4","Trait5","pKWmEB","NsiI.TP157116","11","   10857","","0.0683","A"
"4","Trait5","pKWmEB","NsiI.TP157196","11","   10858","","1.0307","C"
"4","Trait5","pKWmEB","NsiI.TP157301","11","   10860","","0.2682","A"
"4","Trait5","pKWmEB","NsiI.TP157367","11","   10861","","0.1356","A"
"4","Trait5","pKWmEB","NsiI.TP157533","11","   10862","","0.3350","C"
"4","Trait5","pKWmEB","NsiI.TP157613","11","   10863","","0.7288","A"
"4","Trait5","pKWmEB","NsiI.TP157826","11","   10864","","0.2110","C"
"4","Trait5","pKWmEB","NsiI.TP158115","11","   10869","","0.0063","G"
"4","Trait5","pKWmEB","NsiI.TP158159","11","   10870","","0.0991","C"
"4","Trait5","pKWmEB","NsiI.TP158212","11","   10871","","0.3770","A"
"4","Trait5","pKWmEB","NsiI.TP158499","11","   10872","","0.4200","G"
"4","Trait5","pKWmEB","NsiI.TP158596","11","   10873","","0.8466","G"
"4","Trait5","pKWmEB","NsiI.TP158743","11","   10874","","0.1021","G"
"4","Trait5","pKWmEB","NsiI.TP158764","11","   10876","","0.3871","A"
"4","Trait5","pKWmEB","NsiI.TP158809","11","   10877","","0.1450","C"
"4","Trait5","pKWmEB","NsiI.TP159052","11","   10880","","0.2338","A"
"4","Trait5","pKWmEB","NsiI.TP159110","11","   10881","","0.4112","C"
"4","Trait5","pKWmEB","NsiI.TP159420","11","   10884","","0.8482","C"
"4","Trait5","pKWmEB","NsiI.TP159531","11","   10886","","0.0237","A"
"4","Trait5","pKWmEB","NsiI.TP159561","11","   10887","","0.8699","G"
"4","Trait5","pKWmEB","NsiI.TP159605","11","   10889","","0.0300","C"
"4","Trait5","pKWmEB","NsiI.TP159626","11","   10890","","0.2916","A"
"4","Trait5","pKWmEB","NsiI.TP159883","11","   10892","","0.2513","A"
"4","Trait5","pKWmEB","NsiI.TP159904","11","   10893","","1.2349","C"
"4","Trait5","pKWmEB","NsiI.TP159938","11","   10894","","0.2042","A"
"4","Trait5","pKWmEB","NsiI.TP160279","11","   10896","","1.4086","C"
"4","Trait5","pKWmEB","NsiI.TP160611","11","   10897","","0.1950","A"
"4","Trait5","pKWmEB","NsiI.TP160682","11","   10899","","0.8478","C"
"4","Trait5","pKWmEB","NsiI.TP160781","11","   10900","","0.0468","A"
"4","Trait5","pKWmEB","NsiI.TP160791","11","   10901","","2.0986","C"
"4","Trait5","pKWmEB","NsiI.TP160900","11","   10903","","0.2298","G"
"4","Trait5","pKWmEB","NsiI.TP161290","11","   10905","","0.2091","C"
"4","Trait5","pKWmEB","NsiI.TP161310","11","   10906","","0.0009","C"
"4","Trait5","pKWmEB","NsiI.TP161388","11","   10908","","0.2773","A"
"4","Trait5","pKWmEB","NsiI.TP161399","11","   10910","","0.2181","A"
"4","Trait5","pKWmEB","NsiI.TP161400","11","   10911","","0.1722","A"
"4","Trait5","pKWmEB","NsiI.TP161676","11","   10913","","0.0592","A"
"4","Trait5","pKWmEB","NsiI.TP161686","11","   10914","","0.3674","A"
"4","Trait5","pKWmEB","NsiI.TP161767","11","   10915","","0.0474","C"
"4","Trait5","pKWmEB","NsiI.TP161773","11","   10916","","0.5781","C"
"4","Trait5","pKWmEB","NsiI.TP161805","11","   10917","","0.1163","A"
"4","Trait5","pKWmEB","NsiI.TP162745","11","   10922","","0.6662","C"
"4","Trait5","pKWmEB","NsiI.TP162765","11","   10923","","0.7358","G"
"4","Trait5","pKWmEB","NsiI.TP162770","11","   10924","","0.1699","C"
"4","Trait5","pKWmEB","NsiI.TP162797","11","   10925","","0.8681","G"
"4","Trait5","pKWmEB","NsiI.TP163069","11","   10927","","0.5819","C"
"4","Trait5","pKWmEB","NsiI.TP163070","11","   10928","","0.2692","A"
"4","Trait5","pKWmEB","NsiI.TP163443","11","   10930","","0.1152","A"
"4","Trait5","pKWmEB","NsiI.TP163541","11","   10931","","0.2332","A"
"4","Trait5","pKWmEB","NsiI.TP163814","11","   10934","","1.0815","A"
"4","Trait5","pKWmEB","NsiI.TP163860","11","   10935","","0.4648","G"
"4","Trait5","pKWmEB","NsiI.TP164292","11","   10938","","0.4542","C"
"4","Trait5","pKWmEB","NsiI.TP164551","11","   10941","","0.8581","C"
"4","Trait5","pKWmEB","NsiI.TP164582","11","   10942","","0.1747","A"
"4","Trait5","pKWmEB","NsiI.TP164720","11","   10943","","0.5638","A"
"4","Trait5","pKWmEB","NsiI.TP164721","11","   10944","","0.9616","C"
"4","Trait5","pKWmEB","NsiI.TP164937","11","   10950","","0.5339","A"
"4","Trait5","pKWmEB","NsiI.TP165119","11","   10952","","0.1776","A"
"4","Trait5","pKWmEB","NsiI.TP165373","11","   10954","","0.7097","A"
"4","Trait5","pKWmEB","NsiI.TP165379","11","   10955","","1.0642","C"
"4","Trait5","pKWmEB","NsiI.TP165468","11","   10957","","0.2913","C"
"4","Trait5","pKWmEB","NsiI.TP165765","11","   10960","","0.6936","G"
"4","Trait5","pKWmEB","NsiI.TP165909","11","   10962","","1.0618","C"
"4","Trait5","pKWmEB","NsiI.TP165981","11","   10964","","0.0272","A"
"4","Trait5","pKWmEB","NsiI.TP166019","11","   10965","","0.0198","A"
"4","Trait5","pKWmEB","NsiI.TP166334","11","   10966","","1.3165","A"
"4","Trait5","pKWmEB","NsiI.TP166435","11","   10968","","0.8668","C"
"4","Trait5","pKWmEB","NsiI.TP166467","11","   10969","","0.0357","G"
"4","Trait5","pKWmEB","NsiI.TP166590","11","   10970","","0.3295","C"
"4","Trait5","pKWmEB","NsiI.TP166639","11","   10971","","0.6137","C"
"4","Trait5","pKWmEB","NsiI.TP166664","11","   10973","","0.2082","A"
"4","Trait5","pKWmEB","NsiI.TP166703","11","   10976","","0.6687","A"
"4","Trait5","pKWmEB","NsiI.TP166752","11","   10977","","0.2295","C"
"4","Trait5","pKWmEB","NsiI.TP166753","11","   10978","","0.6051","A"
"4","Trait5","pKWmEB","NsiI.TP166961","11","   10979","","0.1872","A"
"4","Trait5","pKWmEB","NsiI.TP167028","11","   10980","","0.8416","A"
"4","Trait5","pKWmEB","NsiI.TP167107","11","   10982","","0.1190","C"
"4","Trait5","pKWmEB","NsiI.TP167218","11","   10984","","1.4511","A"
"4","Trait5","pKWmEB","NsiI.TP167319","11","   10986","","1.1666","C"
"4","Trait5","pKWmEB","NsiI.TP167320","11","   10987","","0.3448","G"
"4","Trait5","pKWmEB","NsiI.TP167454","11","   10989","","0.2056","A"
"4","Trait5","pKWmEB","NsiI.TP167553","11","   10991","","0.4627","A"
"4","Trait5","pKWmEB","NsiI.TP167598","11","   10992","","0.0889","C"
"4","Trait5","pKWmEB","NsiI.TP167708","11","   10993","","1.0379","C"
"4","Trait5","pKWmEB","NsiI.TP167983","11","   10995","","1.9410","A"
"4","Trait5","pKWmEB","NsiI.TP168028","11","   10996","","0.9005","A"
"4","Trait5","pKWmEB","NsiI.TP168175","11","   10997","","0.0109","C"
"4","Trait5","pKWmEB","NsiI.TP168235","11","   10998","","0.3090","C"
"4","Trait5","pKWmEB","NsiI.TP168402","11","   10999","","0.0450","C"
"4","Trait5","pKWmEB","NsiI.TP168638","11","   11003","","0.2906","C"
"4","Trait5","pKWmEB","NsiI.TP168812","11","   11004","","0.0474","C"
"4","Trait5","pKWmEB","NsiI.TP168887","11","   11005","","1.0466","G"
"4","Trait5","pKWmEB","NsiI.TP169313","11","   11006","","1.3248","A"
"4","Trait5","pKWmEB","NsiI.TP169340","11","   11007","","1.0548","C"
"4","Trait5","pKWmEB","NsiI.TP169341","11","   11008","","0.0945","G"
"4","Trait5","pKWmEB","NsiI.TP169357","11","   11009","","0.0805","A"
"4","Trait5","pKWmEB","NsiI.TP169621","11","   11011","","1.0303","C"
"4","Trait5","pKWmEB","NsiI.TP169669","11","   11012","","0.1721","A"
"4","Trait5","pKWmEB","NsiI.TP169738","11","   11013","","0.2084","C"
"4","Trait5","pKWmEB","NsiI.TP169769","11","   11014","","0.6495","A"
"4","Trait5","pKWmEB","NsiI.TP169827","11","   11015","","0.0586","G"
"4","Trait5","pKWmEB","NsiI.TP170000","11","   11016","","0.8281","A"
"4","Trait5","pKWmEB","NsiI.TP170068","11","   11018","","0.2025","A"
"4","Trait5","pKWmEB","NsiI.TP170132","11","   11019","","0.1787","A"
"4","Trait5","pKWmEB","NsiI.TP170263","11","   11020","","0.1088","A"
"4","Trait5","pKWmEB","NsiI.TP170314","11","   11022","","1.1974","A"
"4","Trait5","pKWmEB","NsiI.TP171118","11","   11024","","0.0785","C"
"4","Trait5","pKWmEB","NsiI.TP171234","11","   11025","","0.2800","C"
"4","Trait5","pKWmEB","NsiI.TP171256","11","   11026","","0.0991","A"
"4","Trait5","pKWmEB","NsiI.TP171480","11","   11029","","1.2508","C"
"4","Trait5","pKWmEB","NsiI.TP171498","11","   11030","","0.8409","A"
"4","Trait5","pKWmEB","NsiI.TP171539","11","   11031","","0.1973","G"
"4","Trait5","pKWmEB","NsiI.TP171607","11","   11032","","0.8535","C"
"4","Trait5","pKWmEB","NsiI.TP171627","11","   11033","","0.0099","A"
"4","Trait5","pKWmEB","NsiI.TP171775","11","   11034","","2.0374","A"
"4","Trait5","pKWmEB","NsiI.TP171776","11","   11035","","0.8344","A"
"4","Trait5","pKWmEB","NsiI.TP171936","11","   11036","","0.7602","C"
"4","Trait5","pKWmEB","NsiI.TP172219","11","   11037","","0.2483","A"
"4","Trait5","pKWmEB","NsiI.TP172239","11","   11038","","0.7839","A"
"4","Trait5","pKWmEB","NsiI.TP172351","11","   11039","","0.3670","A"
"4","Trait5","pKWmEB","NsiI.TP172371","11","   11040","","0.1085","C"
"4","Trait5","pKWmEB","NsiI.TP172395","11","   11041","","0.6811","C"
"4","Trait5","pKWmEB","NsiI.TP172508","11","   11042","","0.0322","A"
"4","Trait5","pKWmEB","NsiI.TP172532","11","   11043","","0.6101","C"
"4","Trait5","pKWmEB","NsiI.TP173014","11","   11045","","0.5203","A"
"4","Trait5","pKWmEB","NsiI.TP173290","11","   11048","","0.1432","A"
"4","Trait5","pKWmEB","NsiI.TP173317","11","   11049","","0.9325","A"
"4","Trait5","pKWmEB","NsiI.TP173371","11","   11051","","0.9192","A"
"4","Trait5","pKWmEB","NsiI.TP173445","11","   11052","","1.2071","A"
"4","Trait5","pKWmEB","NsiI.TP173738","11","   11054","","0.0044","C"
"4","Trait5","pKWmEB","NsiI.TP174329","11","   11057","","0.0009","C"
"4","Trait5","pKWmEB","NsiI.TP174599","11","   11059","","0.0961","A"
"4","Trait5","pKWmEB","NsiI.TP174753","11","   11060","","0.2655","G"
"4","Trait5","pKWmEB","NsiI.TP174826","11","   11062","","0.1066","A"
"4","Trait5","pKWmEB","NsiI.TP174898","11","   11063","","0.1212","C"
"4","Trait5","pKWmEB","NsiI.TP174963","11","   11064","","0.1598","C"
"4","Trait5","pKWmEB","NsiI.TP174974","11","   11065","","0.8375","A"
"4","Trait5","pKWmEB","NsiI.TP175031","11","   11067","","0.3430","C"
"4","Trait5","pKWmEB","NsiI.TP175068","11","   11069","","0.3862","A"
"4","Trait5","pKWmEB","NsiI.TP175132","11","   11071","","0.4537","A"
"4","Trait5","pKWmEB","NsiI.TP175232","11","   11073","","0.1314","A"
"4","Trait5","pKWmEB","NsiI.TP175381","11","   11074","","0.0769","G"
"4","Trait5","pKWmEB","NsiI.TP175409","11","   11076","","0.1993","A"
"4","Trait5","pKWmEB","NsiI.TP175435","11","   11077","","1.6551","C"
"4","Trait5","pKWmEB","NsiI.TP175439","11","   11078","","0.6672","A"
"4","Trait5","pKWmEB","NsiI.TP175473","11","   11079","","1.2828","C"
"4","Trait5","pKWmEB","NsiI.TP175505","11","   11080","","1.4754","A"
"4","Trait5","pKWmEB","NsiI.TP175771","11","   11084","","0.1392","G"
"4","Trait5","pKWmEB","NsiI.TP175785","11","   11085","","0.2117","G"
"4","Trait5","pKWmEB","NsiI.TP175972","11","   11087","","0.2730","G"
"4","Trait5","pKWmEB","NsiI.TP176087","11","   11088","","0.6558","A"
"4","Trait5","pKWmEB","NsiI.TP176304","11","   11090","","1.6117","C"
"4","Trait5","pKWmEB","NsiI.TP176373","11","   11091","","0.6416","A"
"4","Trait5","pKWmEB","NsiI.TP176376","11","   11092","","0.5829","C"
"4","Trait5","pKWmEB","NsiI.TP176487","11","   11094","","0.5687","A"
"4","Trait5","pKWmEB","NsiI.TP176525","11","   11095","","0.8776","C"
"4","Trait5","pKWmEB","NsiI.TP176828","11","   11097","","0.0692","A"
"4","Trait5","pKWmEB","NsiI.TP176849","11","   11098","","0.8207","G"
"4","Trait5","pKWmEB","NsiI.TP176915","11","   11099","","0.6757","G"
"4","Trait5","pKWmEB","NsiI.TP176938","11","   11100","","0.2433","G"
"4","Trait5","pKWmEB","NsiI.TP176959","11","   11101","","0.5087","C"
"4","Trait5","pKWmEB","NsiI.TP177325","11","   11102","","0.0441","A"
"4","Trait5","pKWmEB","NsiI.TP177363","11","   11104","","0.0331","C"
"4","Trait5","pKWmEB","NsiI.TP177393","11","   11105","","0.3926","A"
"4","Trait5","pKWmEB","NsiI.TP177454","11","   11106","","0.0606","A"
"4","Trait5","pKWmEB","NsiI.TP177541","11","   11107","","0.0278","C"
"4","Trait5","pKWmEB","NsiI.TP177597","11","   11109","","0.1498","C"
"4","Trait5","pKWmEB","NsiI.TP177699","11","   11111","","0.0759","C"
"4","Trait5","pKWmEB","NsiI.TP177732","11","   11112","","0.6261","A"
"4","Trait5","pKWmEB","NsiI.TP177773","11","   11113","","0.8918","A"
"4","Trait5","pKWmEB","NsiI.TP178504","11","   11115","","0.0989","A"
"4","Trait5","pKWmEB","NsiI.TP178509","11","   11116","","0.5293","C"
"4","Trait5","pKWmEB","NsiI.TP178533","11","   11117","","0.0810","A"
"4","Trait5","pKWmEB","NsiI.TP179002","11","   11118","","0.0052","A"
"4","Trait5","pKWmEB","NsiI.TP179201","11","   11122","","1.2156","C"
"4","Trait5","pKWmEB","NsiI.TP179292","11","   11125","","1.2149","C"
"4","Trait5","pKWmEB","NsiI.TP179298","11","   11126","","0.1240","C"
"4","Trait5","pKWmEB","NsiI.TP179331","11","   11127","","0.2550","A"
"4","Trait5","pKWmEB","NsiI.TP179498","11","   11129","","0.6500","A"
"4","Trait5","pKWmEB","NsiI.TP179961","11","   11131","","0.4648","A"
"4","Trait5","pKWmEB","NsiI.TP180006","11","   11132","","0.4770","G"
"4","Trait5","pKWmEB","NsiI.TP180026","11","   11133","","0.0153","A"
"4","Trait5","pKWmEB","NsiI.TP180046","11","   11134","","0.0086","A"
"4","Trait5","pKWmEB","NsiI.TP180294","11","   11137","","0.3673","A"
"4","Trait5","pKWmEB","NsiI.TP180314","11","   11138","","0.5479","A"
"4","Trait5","pKWmEB","NsiI.TP180453","11","   11139","","0.0269","A"
"4","Trait5","pKWmEB","NsiI.TP180510","11","   11140","","0.4603","C"
"4","Trait5","pKWmEB","NsiI.TP180601","11","   11141","","0.3532","A"
"4","Trait5","pKWmEB","NsiI.TP180735","11","   11144","","0.0095","A"
"4","Trait5","pKWmEB","NsiI.TP180742","11","   11145","","0.9620","A"
"4","Trait5","pKWmEB","NsiI.TP180786","11","   11146","","0.1131","C"
"4","Trait5","pKWmEB","NsiI.TP180874","11","   11147","","0.6437","C"
"4","Trait5","pKWmEB","NsiI.TP180969","11","   11148","","0.0144","C"
"4","Trait5","pKWmEB","NsiI.TP181055","11","   11150","","0.7319","C"
"4","Trait5","pKWmEB","NsiI.TP181207","11","   11151","","0.0827","A"
"4","Trait5","pKWmEB","NsiI.TP181366","11","   11152","","0.3259","A"
"4","Trait5","pKWmEB","NsiI.TP181556","11","   11153","","0.0957","C"
"4","Trait5","pKWmEB","NsiI.TP181609","11","   11154","","0.0616","A"
"4","Trait5","pKWmEB","NsiI.TP181724","11","   11155","","0.2311","A"
"4","Trait5","pKWmEB","NsiI.TP181814","11","   11156","","0.0709","C"
"4","Trait5","pKWmEB","NsiI.TP181997","11","   11158","","0.0520","C"
"4","Trait5","pKWmEB","NsiI.TP182102","11","   11159","","0.9812","G"
"4","Trait5","pKWmEB","NsiI.TP182158","11","   11162","","0.6171","G"
"4","Trait5","pKWmEB","NsiI.TP182202","11","   11163","","0.0905","A"
"4","Trait5","pKWmEB","NsiI.TP182347","11","   11164","","0.7931","C"
"4","Trait5","pKWmEB","NsiI.TP182487","11","   11165","","0.3239","C"
"4","Trait5","pKWmEB","NsiI.TP182597","11","   11166","","0.8478","C"
"4","Trait5","pKWmEB","NsiI.TP182600","11","   11167","","0.3166","A"
"4","Trait5","pKWmEB","NsiI.TP182753","11","   11168","","0.7828","A"
"4","Trait5","pKWmEB","NsiI.TP183206","11","   11169","","0.0031","A"
"4","Trait5","pKWmEB","NsiI.TP183257","11","   11170","","0.0452","A"
"4","Trait5","pKWmEB","NsiI.TP183393","11","   11171","","0.0350","A"
"4","Trait5","pKWmEB","NsiI.TP183516","11","   11172","","0.0437","C"
"4","Trait5","pKWmEB","NsiI.TP183595","11","   11174","","0.3088","A"
"4","Trait5","pKWmEB","NsiI.TP183620","11","   11175","","0.2830","A"
"4","Trait5","pKWmEB","NsiI.TP183850","11","   11176","","0.1714","G"
"4","Trait5","pKWmEB","NsiI.TP183882","11","   11178","","1.0118","G"
"4","Trait5","pKWmEB","NsiI.TP183934","11","   11179","","0.2147","A"
"4","Trait5","pKWmEB","NsiI.TP183957","11","   11180","","0.1177","C"
"4","Trait5","pKWmEB","NsiI.TP184311","11","   11182","","0.5961","C"
"4","Trait5","pKWmEB","NsiI.TP184556","11","   11184","","0.7056","A"
"4","Trait5","pKWmEB","NsiI.TP184947","11","   11185","","1.1865","C"
"4","Trait5","pKWmEB","NsiI.TP184954","11","   11186","","0.5303","A"
"4","Trait5","pKWmEB","NsiI.TP184977","11","   11187","","0.0760","C"
"4","Trait5","pKWmEB","NsiI.TP185707","11","   11191","","0.7264","A"
"4","Trait5","pKWmEB","NsiI.TP185783","11","   11193","","0.2986","C"
"4","Trait5","pKWmEB","NsiI.TP185806","11","   11194","","0.4444","C"
"4","Trait5","pKWmEB","NsiI.TP185826","11","   11195","","0.1163","A"
"4","Trait5","pKWmEB","NsiI.TP185829","11","   11196","","0.7561","C"
"4","Trait5","pKWmEB","NsiI.TP185833","11","   11197","","0.0158","C"
"4","Trait5","pKWmEB","NsiI.TP185906","11","   11198","","0.4847","A"
"4","Trait5","pKWmEB","NsiI.TP185936","11","   11199","","0.6499","C"
"4","Trait5","pKWmEB","NsiI.TP186380","11","   11202","","0.2533","C"
"4","Trait5","pKWmEB","NsiI.TP186616","11","   11203","","0.2026","A"
"4","Trait5","pKWmEB","NsiI.TP186662","11","   11205","","1.4078","G"
"4","Trait5","pKWmEB","NsiI.TP186871","11","   11206","","0.4743","A"
"4","Trait5","pKWmEB","NsiI.TP186957","11","   11208","","0.5703","G"
"4","Trait5","pKWmEB","NsiI.TP187023","11","   11209","","1.4901","A"
"4","Trait5","pKWmEB","NsiI.TP187190","11","   11210","","0.0480","A"
"4","Trait5","pKWmEB","NsiI.TP187245","11","   11211","","0.0723","C"
"4","Trait5","pKWmEB","NsiI.TP187304","11","   11212","","0.4891","A"
"4","Trait5","pKWmEB","NsiI.TP187320","11","   11213","","0.7558","A"
"4","Trait5","pKWmEB","NsiI.TP187342","11","   11214","","0.1180","A"
"4","Trait5","pKWmEB","NsiI.TP187345","11","   11215","","0.1589","C"
"4","Trait5","pKWmEB","NsiI.TP187492","11","   11217","","0.2477","C"
"4","Trait5","pKWmEB","NsiI.TP187579","11","   11218","","0.0010","A"
"4","Trait5","pKWmEB","NsiI.TP187656","11","   11219","","0.0561","C"
"4","Trait5","pKWmEB","NsiI.TP187680","11","   11220","","0.3860","A"
"4","Trait5","pKWmEB","NsiI.TP187694","11","   11221","","1.0358","G"
"4","Trait5","pKWmEB","NsiI.TP187923","11","   11223","","0.0670","C"
"4","Trait5","pKWmEB","NsiI.TP188151","11","   11224","","0.3114","C"
"4","Trait5","pKWmEB","NsiI.TP188167","11","   11226","","0.2473","A"
"4","Trait5","pKWmEB","NsiI.TP188225","11","   11227","","0.0730","A"
"4","Trait5","pKWmEB","NsiI.TP188269","11","   11229","","1.3870","A"
"4","Trait5","pKWmEB","NsiI.TP188281","11","   11230","","0.7955","A"
"4","Trait5","pKWmEB","NsiI.TP188289","11","   11231","","0.0353","C"
"4","Trait5","pKWmEB","NsiI.TP188408","11","   11232","","0.0508","C"
"4","Trait5","pKWmEB","NsiI.TP188689","11","   11234","","0.2449","C"
"4","Trait5","pKWmEB","NsiI.TP188727","11","   11235","","0.2927","A"
"4","Trait5","pKWmEB","NsiI.TP189024","11","   11237","","0.0398","C"
"4","Trait5","pKWmEB","NsiI.TP189171","11","   11239","","0.1902","C"
"4","Trait5","pKWmEB","NsiI.TP190244","11","   11240","","0.0871","A"
"4","Trait5","pKWmEB","NsiI.TP190481","11","   11241","","0.8517","C"
"4","Trait5","pKWmEB","NsiI.TP190484","11","   11242","","0.2101","G"
"4","Trait5","pKWmEB","NsiI.TP190665","11","   11243","","0.1855","C"
"4","Trait5","pKWmEB","NsiI.TP190912","11","   11244","","0.8769","A"
"4","Trait5","pKWmEB","NsiI.TP191004","11","   11245","","0.2475","A"
"4","Trait5","pKWmEB","NsiI.TP191025","11","   11246","","0.1738","G"
"4","Trait5","pKWmEB","NsiI.TP191037","11","   11248","","1.1338","A"
"4","Trait5","pKWmEB","NsiI.TP191075","11","   11249","","0.4162","C"
"4","Trait5","pKWmEB","NsiI.TP191077","11","   11250","","0.6872","A"
"4","Trait5","pKWmEB","NsiI.TP191784","11","   11251","","1.1907","C"
"4","Trait5","pKWmEB","NsiI.TP191968","11","   11253","","0.5342","C"
"4","Trait5","pKWmEB","NsiI.TP191988","11","   11254","","1.7243","C"
"4","Trait5","pKWmEB","NsiI.TP192160","11","   11255","","0.3558","C"
"4","Trait5","pKWmEB","NsiI.TP192642","11","   11257","","0.3282","C"
"4","Trait5","pKWmEB","NsiI.TP192802","11","   11259","","0.1910","A"
"4","Trait5","pKWmEB","NsiI.TP192955","11","   11260","","0.1685","C"
"4","Trait5","pKWmEB","NsiI.TP193238","11","   11261","","0.2490","C"
"4","Trait5","pKWmEB","NsiI.TP193457","11","   11264","","0.9312","A"
"4","Trait5","pKWmEB","NsiI.TP193552","11","   11265","","0.4869","G"
"4","Trait5","pKWmEB","NsiI.TP193597","11","   11267","","0.9864","A"
"4","Trait5","pKWmEB","NsiI.TP193598","11","   11268","","0.1088","C"
"4","Trait5","pKWmEB","NsiI.TP193735","11","   11270","","0.0411","C"
"4","Trait5","pKWmEB","NsiI.TP193938","11","   11271","","0.2245","A"
"4","Trait5","pKWmEB","NsiI.TP194072","11","   11273","","0.9567","C"
"4","Trait5","pKWmEB","NsiI.TP194147","11","   11274","","0.0335","A"
"4","Trait5","pKWmEB","NsiI.TP194379","11","   11275","","0.0162","A"
"4","Trait5","pKWmEB","NsiI.TP194380","11","   11276","","0.1729","A"
"4","Trait5","pKWmEB","NsiI.TP194404","11","   11277","","0.2400","A"
"4","Trait5","pKWmEB","NsiI.TP194429","11","   11278","","0.6117","C"
"4","Trait5","pKWmEB","NsiI.TP194466","11","   11279","","0.1328","C"
"4","Trait5","pKWmEB","NsiI.TP194485","11","   11280","","0.1222","A"
"4","Trait5","pKWmEB","NsiI.TP194607","11","   11281","","0.1557","C"
"4","Trait5","pKWmEB","NsiI.TP194707","11","   11282","","0.1977","A"
"4","Trait5","pKWmEB","NsiI.TP194858","11","   11283","","1.1360","C"
"4","Trait5","pKWmEB","NsiI.TP194861","11","   11284","","0.7918","A"
"4","Trait5","pKWmEB","NsiI.TP194980","11","   11286","","0.4847","C"
"4","Trait5","pKWmEB","NsiI.TP194999","11","   11287","","0.5613","C"
"4","Trait5","pKWmEB","NsiI.TP195002","11","   11288","","0.6653","C"
"4","Trait5","pKWmEB","NsiI.TP195028","11","   11289","","0.8091","A"
"4","Trait5","pKWmEB","NsiI.TP195046","11","   11290","","0.8526","C"
"4","Trait5","pKWmEB","NsiI.TP195098","11","   11291","","0.3945","C"
"4","Trait5","pKWmEB","NsiI.TP195179","11","   11292","","0.1873","A"
"4","Trait5","pKWmEB","NsiI.TP195225","11","   11293","","0.0863","G"
"4","Trait5","pKWmEB","NsiI.TP195528","11","   11294","","0.8640","A"
"4","Trait5","pKWmEB","NsiI.TP195554","11","   11295","","0.4342","G"
"4","Trait5","pKWmEB","NsiI.TP195712","11","   11296","","0.5140","C"
"4","Trait5","pKWmEB","NsiI.TP195737","11","   11297","","1.1315","C"
"4","Trait5","pKWmEB","NsiI.TP196061","11","   11298","","0.1259","C"
"4","Trait5","pKWmEB","NsiI.TP196066","11","   11300","","0.8940","A"
"4","Trait5","pKWmEB","NsiI.TP196097","11","   11301","","0.8817","C"
"4","Trait5","pKWmEB","NsiI.TP196111","11","   11302","","1.8155","A"
"4","Trait5","pKWmEB","NsiI.TP196221","11","   11304","","0.1592","A"
"4","Trait5","pKWmEB","NsiI.TP196281","11","   11305","","0.3903","A"
"4","Trait5","pKWmEB","NsiI.TP196381","11","   11308","","0.2213","C"
"4","Trait5","pKWmEB","NsiI.TP196449","11","   11310","","1.9928","C"
"4","Trait5","pKWmEB","NsiI.TP196463","11","   11311","","0.7265","C"
"4","Trait5","pKWmEB","NsiI.TP196493","11","   11312","","1.1151","A"
"4","Trait5","pKWmEB","NsiI.TP196539","11","   11313","","0.1871","C"
"4","Trait5","pKWmEB","NsiI.TP196565","11","   11315","","1.1625","C"
"4","Trait5","pKWmEB","NsiI.TP196572","11","   11316","","0.6011","A"
"4","Trait5","pKWmEB","NsiI.TP196598","11","   11317","","0.6332","A"
"4","Trait5","pKWmEB","NsiI.TP196641","11","   11318","","0.1979","C"
"4","Trait5","pKWmEB","NsiI.TP197044","11","   11319","","0.7905","A"
"4","Trait5","pKWmEB","NsiI.TP197226","11","   11322","","0.3057","C"
"4","Trait5","pKWmEB","NsiI.TP197359","11","   11325","","0.2608","C"
"4","Trait5","pKWmEB","NsiI.TP197433","11","   11326","","0.0023","A"
"4","Trait5","pKWmEB","NsiI.TP197522","11","   11327","","0.7789","C"
"4","Trait5","pKWmEB","NsiI.TP197854","11","   11328","","0.0939","C"
"4","Trait5","pKWmEB","NsiI.TP197954","11","   11329","","0.3767","C"
"4","Trait5","pKWmEB","NsiI.TP197957","11","   11330","","0.5715","A"
"4","Trait5","pKWmEB","NsiI.TP198009","11","   11331","","0.4505","A"
"4","Trait5","pKWmEB","NsiI.TP198159","11","   11332","","1.1178","A"
"4","Trait5","pKWmEB","NsiI.TP198336","11","   11333","","0.2924","A"
"4","Trait5","pKWmEB","NsiI.TP198402","11","   11335","","0.4729","C"
"4","Trait5","pKWmEB","NsiI.TP198424","11","   11336","","0.2559","A"
"4","Trait5","pKWmEB","NsiI.TP198829","11","   11338","","0.0067","C"
"4","Trait5","pKWmEB","NsiI.TP199138","11","   11340","","0.1839","A"
"4","Trait5","pKWmEB","NsiI.TP199566","11","   11343","","0.2236","A"
"4","Trait5","pKWmEB","NsiI.TP199710","11","   11347","","0.0475","C"
"4","Trait5","pKWmEB","NsiI.TP199794","11","   11348","","0.2881","C"
"4","Trait5","pKWmEB","NsiI.TP199859","11","   11349","","1.2515","G"
"4","Trait5","pKWmEB","NsiI.TP199937","11","   11350","","0.4052","A"
"4","Trait5","pKWmEB","NsiI.TP199941","11","   11351","","0.2613","C"
"4","Trait5","pKWmEB","NsiI.TP200232","11","   11353","","0.1038","A"
"4","Trait5","pKWmEB","NsiI.TP200298","11","   11355","","0.1095","A"
"4","Trait5","pKWmEB","NsiI.TP200326","11","   11356","","0.1160","A"
"4","Trait5","pKWmEB","NsiI.TP200589","11","   11359","","0.0894","A"
"4","Trait5","pKWmEB","NsiI.TP200616","11","   11360","","0.6212","A"
"4","Trait5","pKWmEB","NsiI.TP200692","11","   11361","","0.4462","C"
"4","Trait5","pKWmEB","NsiI.TP200769","11","   11362","","0.1985","A"
"4","Trait5","pKWmEB","NsiI.TP201240","11","   11364","","0.4365","C"
"4","Trait5","pKWmEB","NsiI.TP201301","11","   11365","","0.3820","C"
"4","Trait5","pKWmEB","NsiI.TP201357","11","   11366","","0.2590","C"
"4","Trait5","pKWmEB","NsiI.TP201413","11","   11367","","0.0819","A"
"4","Trait5","pKWmEB","NsiI.TP201427","11","   11368","","0.0860","A"
"4","Trait5","pKWmEB","NsiI.TP201446","11","   11369","","1.3853","A"
"4","Trait5","pKWmEB","NsiI.TP201877","11","   11372","","0.3805","A"
"4","Trait5","pKWmEB","NsiI.TP201915","11","   11373","","0.2446","A"
"4","Trait5","pKWmEB","NsiI.TP201958","11","   11374","","0.0186","C"
"4","Trait5","pKWmEB","NsiI.TP202121","11","   11376","","0.2914","G"
"4","Trait5","pKWmEB","NsiI.TP202261","11","   11378","","0.0161","A"
"4","Trait5","pKWmEB","NsiI.TP202846","11","   11383","","0.0935","A"
"4","Trait5","pKWmEB","NsiI.TP203050","11","   11384","","0.0393","C"
"4","Trait5","pKWmEB","NsiI.TP203429","11","   11387","","0.8021","A"
"4","Trait5","pKWmEB","NsiI.TP203561","11","   11388","","0.0212","A"
"4","Trait5","pKWmEB","NsiI.TP203757","11","   11390","","0.5002","C"
"4","Trait5","pKWmEB","NsiI.TP203764","11","   11391","","0.2389","A"
"4","Trait5","pKWmEB","NsiI.TP203883","11","   11392","","0.5293","C"
"4","Trait5","pKWmEB","NsiI.TP204049","11","   11394","","0.4837","C"
"4","Trait5","pKWmEB","NsiI.TP204109","11","   11395","","0.1998","C"
"4","Trait5","pKWmEB","NsiI.TP204149","11","   11396","","0.0516","A"
"4","Trait5","pKWmEB","NsiI.TP204197","11","   11397","","1.4596","C"
"4","Trait5","pKWmEB","NsiI.TP204383","11","   11398","","0.0207","A"
"4","Trait5","pKWmEB","NsiI.TP204464","11","   11400","","0.8774","C"
"4","Trait5","pKWmEB","NsiI.TP204521","11","   11401","","1.4259","A"
"4","Trait5","pKWmEB","NsiI.TP204530","11","   11402","","0.3156","C"
"4","Trait5","pKWmEB","NsiI.TP204885","11","   11404","","0.3525","G"
"4","Trait5","pKWmEB","NsiI.TP204887","11","   11405","","0.0251","C"
"4","Trait5","pKWmEB","NsiI.TP205034","11","   11407","","0.2747","C"
"4","Trait5","pKWmEB","NsiI.TP205056","11","   11408","","0.1392","C"
"4","Trait5","pKWmEB","NsiI.TP205216","11","   11410","","0.2323","C"
"4","Trait5","pKWmEB","NsiI.TP205248","11","   11411","","0.2755","A"
"4","Trait5","pKWmEB","NsiI.TP205323","11","   11412","","0.0308","A"
"4","Trait5","pKWmEB","NsiI.TP205334","11","   11413","","0.4532","A"
"4","Trait5","pKWmEB","NsiI.TP205417","11","   11415","","1.1533","A"
"4","Trait5","pKWmEB","NsiI.TP205450","11","   11416","","0.5320","C"
"4","Trait5","pKWmEB","NsiI.TP205503","11","   11417","","1.9068","A"
"4","Trait5","pKWmEB","NsiI.TP205558","11","   11419","","0.1200","C"
"4","Trait5","pKWmEB","NsiI.TP205559","11","   11420","","0.2521","A"
"4","Trait5","pKWmEB","NsiI.TP205589","11","   11422","","1.3379","A"
"4","Trait5","pKWmEB","NsiI.TP206070","11","   11428","","1.1702","C"
"4","Trait5","pKWmEB","NsiI.TP206260","11","   11430","","1.3999","G"
"4","Trait5","pKWmEB","NsiI.TP206307","11","   11432","","0.1837","G"
"4","Trait5","pKWmEB","NsiI.TP206461","11","   11433","","0.0581","G"
"4","Trait5","pKWmEB","NsiI.TP206470","11","   11434","","0.0676","A"
"4","Trait5","pKWmEB","NsiI.TP206978","11","   11436","","0.7070","A"
"4","Trait5","pKWmEB","NsiI.TP206982","11","   11437","","0.1087","C"
"4","Trait5","pKWmEB","NsiI.TP207113","11","   11439","","0.1657","A"
"4","Trait5","pKWmEB","NsiI.TP207128","11","   11440","","0.4095","A"
"4","Trait5","pKWmEB","NsiI.TP207132","11","   11441","","0.0664","G"
"4","Trait5","pKWmEB","NsiI.TP207235","11","   11442","","0.0860","C"
"4","Trait5","pKWmEB","NsiI.TP207247","11","   11443","","0.7459","A"
"4","Trait5","pKWmEB","NsiI.TP207343","11","   11444","","0.0477","A"
"4","Trait5","pKWmEB","NsiI.TP207497","11","   11445","","0.2586","A"
"4","Trait5","pKWmEB","NsiI.TP207743","11","   11447","","1.0618","A"
"4","Trait5","pKWmEB","NsiI.TP207993","11","   11449","","0.0009","C"
"4","Trait5","pKWmEB","NsiI.TP208306","11","   11451","","0.0882","A"
"4","Trait5","pKWmEB","NsiI.TP208388","11","   11452","","0.0267","A"
"4","Trait5","pKWmEB","NsiI.TP208407","11","   11453","","0.7016","A"
"4","Trait5","pKWmEB","NsiI.TP208538","11","   11454","","0.6154","G"
"4","Trait5","pKWmEB","NsiI.TP208587","11","   11456","","0.7604","G"
"4","Trait5","pKWmEB","NsiI.TP208628","11","   11458","","0.0938","C"
"4","Trait5","pKWmEB","NsiI.TP208749","11","   11461","","0.1425","G"
"4","Trait5","pKWmEB","NsiI.TP208754","11","   11462","","0.3792","G"
"4","Trait5","pKWmEB","NsiI.TP209160","11","   11463","","0.0755","C"
"4","Trait5","pKWmEB","NsiI.TP209190","11","   11464","","0.5754","A"
"4","Trait5","pKWmEB","NsiI.TP209349","11","   11465","","0.0343","A"
"4","Trait5","pKWmEB","NsiI.TP210049","11","   11467","","0.8961","C"
"4","Trait5","pKWmEB","NsiI.TP210226","11","   11468","","0.4611","A"
"4","Trait5","pKWmEB","NsiI.TP210231","11","   11469","","0.1108","A"
"4","Trait5","pKWmEB","NsiI.TP210502","11","   11473","","0.1245","C"
"4","Trait5","pKWmEB","NsiI.TP210897","11","   11476","","0.1873","C"
"4","Trait5","pKWmEB","NsiI.TP210946","11","   11477","","1.1893","G"
"4","Trait5","pKWmEB","NsiI.TP211042","11","   11478","","0.1248","A"
"4","Trait5","pKWmEB","NsiI.TP211143","11","   11479","","0.3325","C"
"4","Trait5","pKWmEB","NsiI.TP211741","11","   11481","","0.1086","C"
"4","Trait5","pKWmEB","NsiI.TP211776","11","   11482","","0.2288","A"
"4","Trait5","pKWmEB","NsiI.TP211795","11","   11483","","0.1369","C"
"4","Trait5","pKWmEB","NsiI.TP211804","11","   11484","","0.1128","A"
"4","Trait5","pKWmEB","NsiI.TP211874","11","   11486","","0.8415","C"
"4","Trait5","pKWmEB","NsiI.TP212064","11","   11487","","0.0930","C"
"4","Trait5","pKWmEB","NsiI.TP212292","11","   11488","","0.0992","C"
"4","Trait5","pKWmEB","NsiI.TP212538","11","   11489","","0.0865","A"
"4","Trait5","pKWmEB","NsiI.TP212846","11","   11490","","0.2363","G"
"4","Trait5","pKWmEB","NsiI.TP212890","11","   11491","","1.6533","C"
"4","Trait5","pKWmEB","NsiI.TP213046","11","   11492","","0.4852","C"
"4","Trait5","pKWmEB","NsiI.TP213104","11","   11493","","1.2071","A"
"4","Trait5","pKWmEB","NsiI.TP213155","11","   11495","","0.1501","A"
"4","Trait5","pKWmEB","NsiI.TP213231","11","   11496","","0.3759","G"
"4","Trait5","pKWmEB","NsiI.TP213251","11","   11497","","0.0701","A"
"4","Trait5","pKWmEB","NsiI.TP213253","11","   11498","","0.8322","C"
"4","Trait5","pKWmEB","NsiI.TP213579","11","   11501","","0.1323","A"
"4","Trait5","pKWmEB","NsiI.TP213816","11","   11502","","0.5514","A"
"4","Trait5","pKWmEB","NsiI.TP213881","11","   11503","","0.4982","A"
"4","Trait5","pKWmEB","NsiI.TP214122","11","   11505","","1.0000","A"
"4","Trait5","pKWmEB","NsiI.TP214173","11","   11507","","0.4531","G"
"4","Trait5","pKWmEB","NsiI.TP214498","11","   11510","","0.2149","A"
"4","Trait5","pKWmEB","NsiI.TP214511","11","   11511","","0.0838","C"
"4","Trait5","pKWmEB","NsiI.TP214514","11","   11512","","0.1341","A"
"4","Trait5","pKWmEB","NsiI.TP214589","11","   11514","","0.5295","A"
"4","Trait5","pKWmEB","NsiI.TP214661","11","   11515","","0.3178","A"
"4","Trait5","pKWmEB","NsiI.TP214927","11","   11518","","0.1932","A"
"4","Trait5","pKWmEB","NsiI.TP215181","11","   11521","","1.1770","C"
"4","Trait5","pKWmEB","NsiI.TP215196","11","   11522","","1.0358","G"
"4","Trait5","pKWmEB","NsiI.TP215321","11","   11525","","0.0885","A"
"4","Trait5","pKWmEB","NsiI.TP215334","11","   11526","","0.1735","A"
"4","Trait5","pKWmEB","NsiI.TP215517","11","   11527","","0.3738","C"
"4","Trait5","pKWmEB","NsiI.TP215626","11","   11531","","0.7696","C"
"4","Trait5","pKWmEB","NsiI.TP215659","11","   11532","","0.5140","C"
"4","Trait5","pKWmEB","NsiI.TP215660","11","   11533","","0.8896","C"
"4","Trait5","pKWmEB","NsiI.TP215810","11","   11534","","0.2560","A"
"4","Trait5","pKWmEB","NsiI.TP215812","11","   11535","","0.6319","A"
"4","Trait5","pKWmEB","NsiI.TP215820","11","   11536","","0.7134","A"
"4","Trait5","pKWmEB","NsiI.TP215844","11","   11537","","0.4211","A"
"4","Trait5","pKWmEB","NsiI.TP215916","11","   11538","","0.2591","A"
"4","Trait5","pKWmEB","NsiI.TP216228","11","   11541","","0.2329","A"
"4","Trait5","pKWmEB","NsiI.TP216289","11","   11542","","0.4212","A"
"4","Trait5","pKWmEB","NsiI.TP216323","11","   11543","","0.7253","A"
"4","Trait5","pKWmEB","NsiI.TP216351","11","   11545","","0.0813","A"
"4","Trait5","pKWmEB","NsiI.TP216369","11","   11546","","0.0815","A"
"4","Trait5","pKWmEB","NsiI.TP216490","11","   11547","","0.1728","G"
"4","Trait5","pKWmEB","NsiI.TP216631","11","   11549","","1.1688","A"
"4","Trait5","pKWmEB","NsiI.TP216721","11","   11550","","0.0000","A"
"4","Trait5","pKWmEB","NsiI.TP217157","11","   11553","","0.0217","A"
"4","Trait5","pKWmEB","NsiI.TP217337","11","   11555","","0.6542","A"
"4","Trait5","pKWmEB","NsiI.TP217491","11","   11556","","0.0740","C"
"4","Trait5","pKWmEB","NsiI.TP217508","11","   11558","","0.1228","C"
"4","Trait5","pKWmEB","NsiI.TP217543","11","   11559","","0.8731","A"
"4","Trait5","pKWmEB","NsiI.TP217721","11","   11560","","0.5443","C"
"4","Trait5","pKWmEB","NsiI.TP217784","11","   11561","","0.2822","C"
"4","Trait5","pKWmEB","NsiI.TP217929","11","   11563","","0.6089","A"
"4","Trait5","pKWmEB","NsiI.TP217950","11","   11564","","0.3908","A"
"4","Trait5","pKWmEB","NsiI.TP218034","11","   11565","","2.9315","C"
"4","Trait5","pKWmEB","NsiI.TP218161","11","   11567","","0.8045","A"
"4","Trait5","pKWmEB","NsiI.TP218177","11","   11568","","0.6234","A"
"4","Trait5","pKWmEB","NsiI.TP218199","11","   11569","","0.1134","C"
"4","Trait5","pKWmEB","NsiI.TP218251","11","   11570","","0.8450","A"
"4","Trait5","pKWmEB","NsiI.TP218295","11","   11571","","0.0490","A"
"4","Trait5","pKWmEB","NsiI.TP218318","11","   11572","","1.4139","G"
"4","Trait5","pKWmEB","NsiI.TP218420","11","   11573","","0.5981","A"
"4","Trait5","pKWmEB","NsiI.TP218555","11","   11575","","0.0186","C"
"4","Trait5","pKWmEB","NsiI.TP218567","11","   11576","","0.3070","A"
"4","Trait5","pKWmEB","NsiI.TP218625","11","   11577","","0.9989","A"
"4","Trait5","pKWmEB","NsiI.TP218726","11","   11578","","0.0095","C"
"4","Trait5","pKWmEB","NsiI.TP218806","11","   11579","","0.0110","A"
"4","Trait5","pKWmEB","NsiI.TP218948","11","   11580","","0.0640","A"
"4","Trait5","pKWmEB","NsiI.TP218988","11","   11581","","0.0026","A"
"4","Trait5","pKWmEB","NsiI.TP219100","11","   11583","","0.7800","A"
"4","Trait5","pKWmEB","NsiI.TP219331","11","   11585","","1.1715","C"
"4","Trait5","pKWmEB","NsiI.TP219470","11","   11586","","0.3636","C"
"4","Trait5","pKWmEB","NsiI.TP219524","11","   11587","","0.5715","A"
"4","Trait5","pKWmEB","NsiI.TP219586","11","   11588","","0.7501","C"
"4","Trait5","pKWmEB","NsiI.TP219631","11","   11589","","0.1948","A"
"4","Trait5","pKWmEB","NsiI.TP219777","11","   11592","","0.4962","A"
"4","Trait5","pKWmEB","NsiI.TP220100","11","   11594","","0.1672","C"
"4","Trait5","pKWmEB","NsiI.TP220250","11","   11595","","0.0472","C"
"4","Trait5","pKWmEB","NsiI.TP220467","11","   11596","","0.2363","A"
"4","Trait5","pKWmEB","NsiI.TP221194","11","   11601","","0.8946","A"
"4","Trait5","pKWmEB","NsiI.TP221693","11","   11603","","0.0827","A"
"4","Trait5","pKWmEB","NsiI.TP221716","11","   11604","","0.3614","C"
"4","Trait5","pKWmEB","NsiI.TP221758","11","   11606","","0.0030","A"
"4","Trait5","pKWmEB","NsiI.TP221798","11","   11607","","0.4972","A"
"4","Trait5","pKWmEB","NsiI.TP221845","11","   11608","","0.1397","A"
"4","Trait5","pKWmEB","NsiI.TP221889","11","   11609","","1.6915","C"
"4","Trait5","pKWmEB","NsiI.TP221891","11","   11610","","0.1610","A"
"4","Trait5","pKWmEB","NsiI.TP221911","11","   11611","","0.8590","A"
"4","Trait5","pKWmEB","NsiI.TP222089","11","   11614","","0.9350","C"
"4","Trait5","pKWmEB","NsiI.TP222163","11","   11615","","1.1580","C"
"4","Trait5","pKWmEB","NsiI.TP222225","11","   11616","","0.2429","A"
"4","Trait5","pKWmEB","NsiI.TP222284","11","   11617","","0.0738","A"
"4","Trait5","pKWmEB","NsiI.TP222562","11","   11621","","0.0561","A"
"4","Trait5","pKWmEB","NsiI.TP222628","11","   11622","","0.0343","A"
"4","Trait5","pKWmEB","NsiI.TP222692","11","   11623","","0.6542","A"
"4","Trait5","pKWmEB","NsiI.TP222734","11","   11624","","1.4542","C"
"4","Trait5","pKWmEB","NsiI.TP222867","11","   11625","","0.2780","A"
"4","Trait5","pKWmEB","NsiI.TP222886","11","   11626","","0.9827","A"
"4","Trait5","pKWmEB","NsiI.TP222887","11","   11627","","0.2066","C"
"4","Trait5","pKWmEB","NsiI.TP222978","11","   11628","","0.8992","C"
"4","Trait5","pKWmEB","NsiI.TP223155","11","   11629","","0.7755","A"
"4","Trait5","pKWmEB","NsiI.TP223178","11","   11630","","0.5702","A"
"4","Trait5","pKWmEB","NsiI.TP223344","11","   11631","","1.4035","A"
"4","Trait5","pKWmEB","NsiI.TP223484","11","   11633","","0.1170","C"
"4","Trait5","pKWmEB","NsiI.TP223569","11","   11634","","0.0339","C"
"4","Trait5","pKWmEB","NsiI.TP223570","11","   11635","","0.0659","A"
"4","Trait5","pKWmEB","NsiI.TP223782","11","   11636","","0.2918","A"
"4","Trait5","pKWmEB","NsiI.TP224021","11","   11637","","0.0709","A"
"4","Trait5","pKWmEB","NsiI.TP224425","11","   11641","","2.0071","A"
"4","Trait5","pKWmEB","NsiI.TP224450","11","   11642","","0.4834","A"
"4","Trait5","pKWmEB","NsiI.TP224699","11","   11643","","0.3402","A"
"4","Trait5","pKWmEB","NsiI.TP224707","11","   11644","","0.4718","C"
"4","Trait5","pKWmEB","NsiI.TP224824","11","   11646","","0.2192","C"
"4","Trait5","pKWmEB","NsiI.TP224952","11","   11647","","0.1993","G"
"4","Trait5","pKWmEB","NsiI.TP225234","11","   11650","","0.6498","G"
"4","Trait5","pKWmEB","NsiI.TP225272","11","   11651","","0.4733","C"
"4","Trait5","pKWmEB","NsiI.TP225332","11","   11653","","0.1552","A"
"4","Trait5","pKWmEB","NsiI.TP225388","11","   11654","","0.2649","C"
"4","Trait5","pKWmEB","NsiI.TP225494","11","   11655","","0.5873","C"
"4","Trait5","pKWmEB","NsiI.TP225535","11","   11657","","2.4143","C"
"4","Trait5","pKWmEB","NsiI.TP225731","11","   11659","","0.2178","C"
"4","Trait5","pKWmEB","NsiI.TP225733","11","   11660","","0.1741","C"
"4","Trait5","pKWmEB","NsiI.TP225981","11","   11662","","0.5189","A"
"4","Trait5","pKWmEB","NsiI.TP226043","11","   11664","","0.0335","A"
"4","Trait5","pKWmEB","NsiI.TP226068","11","   11665","","0.0876","C"
"4","Trait5","pKWmEB","NsiI.TP226102","11","   11666","","0.0114","C"
"4","Trait5","pKWmEB","NsiI.TP226241","11","   11669","","0.3489","C"
"4","Trait5","pKWmEB","NsiI.TP226333","11","   11671","","0.4760","C"
"4","Trait5","pKWmEB","NsiI.TP226352","11","   11672","","0.1984","A"
"4","Trait5","pKWmEB","NsiI.TP226353","11","   11673","","0.1121","C"
"4","Trait5","pKWmEB","NsiI.TP226401","11","   11675","","0.7213","C"
"4","Trait5","pKWmEB","NsiI.TP226453","11","   11676","","0.4227","C"
"4","Trait5","pKWmEB","NsiI.TP226642","11","   11677","","1.1913","A"
"4","Trait5","pKWmEB","NsiI.TP226677","11","   11678","","0.9168","C"
"4","Trait5","pKWmEB","NsiI.TP226776","11","   11679","","0.3823","A"
"4","Trait5","pKWmEB","NsiI.TP226889","11","   11680","","0.0273","A"
"4","Trait5","pKWmEB","NsiI.TP227306","11","   11681","","0.0099","G"
"4","Trait5","pKWmEB","NsiI.TP227489","11","   11682","","0.4889","A"
"4","Trait5","pKWmEB","NsiI.TP227784","11","   11683","","0.5172","A"
"4","Trait5","pKWmEB","NsiI.TP227815","11","   11684","","0.1390","A"
"4","Trait5","pKWmEB","NsiI.TP227883","11","   11686","","0.3214","C"
"4","Trait5","pKWmEB","NsiI.TP228047","11","   11688","","0.1920","A"
"4","Trait5","pKWmEB","NsiI.TP228060","11","   11689","","0.0801","C"
"4","Trait5","pKWmEB","NsiI.TP228105","11","   11690","","0.8098","G"
"4","Trait5","pKWmEB","NsiI.TP228174","11","   11691","","0.1785","A"
"4","Trait5","pKWmEB","NsiI.TP228364","11","   11692","","0.4633","A"
"4","Trait5","pKWmEB","NsiI.TP228555","11","   11693","","0.1448","C"
"4","Trait5","pKWmEB","NsiI.TP228619","11","   11695","","0.1628","C"
"4","Trait5","pKWmEB","NsiI.TP228869","11","   11696","","1.1446","C"
"4","Trait5","pKWmEB","NsiI.TP228985","11","   11697","","0.7420","A"
"4","Trait5","pKWmEB","NsiI.TP229027","11","   11698","","0.5963","A"
"4","Trait5","pKWmEB","NsiI.TP229129","11","   11700","","0.1746","C"
"4","Trait5","pKWmEB","NsiI.TP229144","11","   11701","","0.6927","A"
"4","Trait5","pKWmEB","NsiI.TP229150","11","   11702","","0.1698","G"
"4","Trait5","pKWmEB","NsiI.TP229206","11","   11703","","0.4130","A"
"4","Trait5","pKWmEB","NsiI.TP229208","11","   11704","","0.0485","C"
"4","Trait5","pKWmEB","NsiI.TP229224","11","   11705","","0.7619","A"
"4","Trait5","pKWmEB","NsiI.TP229776","11","   11707","","0.0231","A"
"4","Trait5","pKWmEB","NsiI.TP229970","11","   11709","","0.1953","C"
"4","Trait5","pKWmEB","NsiI.TP230082","11","   11710","","0.9570","C"
"4","Trait5","pKWmEB","NsiI.TP230115","11","   11711","","1.0783","A"
"4","Trait5","pKWmEB","NsiI.TP230244","11","   11712","","0.2006","A"
"4","Trait5","pKWmEB","NsiI.TP230395","11","   11713","","0.0105","A"
"4","Trait5","pKWmEB","NsiI.TP230573","11","   11714","","0.3737","A"
"4","Trait5","pKWmEB","NsiI.TP230675","11","   11715","","0.1388","C"
"4","Trait5","pKWmEB","NsiI.TP231054","11","   11716","","0.4594","C"
"4","Trait5","pKWmEB","NsiI.TP231253","11","   11717","","0.2024","G"
"4","Trait5","pKWmEB","NsiI.TP231273","11","   11718","","0.4939","C"
"4","Trait5","pKWmEB","NsiI.TP231319","11","   11719","","0.1096","A"
"4","Trait5","pKWmEB","NsiI.TP231587","11","   11724","","0.0816","C"
"4","Trait5","pKWmEB","NsiI.TP231684","11","   11725","","1.0224","G"
"4","Trait5","pKWmEB","NsiI.TP231961","11","   11728","","0.1969","G"
"4","Trait5","pKWmEB","NsiI.TP231999","11","   11729","","0.1565","A"
"4","Trait5","pKWmEB","NsiI.TP232007","11","   11730","","0.5072","A"
"4","Trait5","pKWmEB","NsiI.TP232300","11","   11734","","0.0894","C"
"4","Trait5","pKWmEB","NsiI.TP232718","11","   11737","","1.5431","C"
"4","Trait5","pKWmEB","NsiI.TP233158","11","   11742","","0.2390","A"
"4","Trait5","pKWmEB","NsiI.TP233284","11","   11744","","0.3281","A"
"4","Trait5","pKWmEB","NsiI.TP233339","11","   11746","","0.1669","C"
"4","Trait5","pKWmEB","NsiI.TP233485","11","   11748","","0.3963","C"
"4","Trait5","pKWmEB","NsiI.TP233491","11","   11749","","0.0296","A"
"4","Trait5","pKWmEB","NsiI.TP233801","11","   11751","","0.0386","C"
"4","Trait5","pKWmEB","NsiI.TP233804","11","   11752","","1.3681","A"
"4","Trait5","pKWmEB","NsiI.TP233848","11","   11753","","0.1070","A"
"4","Trait5","pKWmEB","NsiI.TP233866","11","   11754","","2.1098","A"
"4","Trait5","pKWmEB","NsiI.TP234330","11","   11756","","0.0296","C"
"4","Trait5","pKWmEB","NsiI.TP234352","11","   11757","","0.0071","C"
"4","Trait5","pKWmEB","NsiI.TP234466","11","   11758","","0.4728","A"
"4","Trait5","pKWmEB","NsiI.TP234563","11","   11760","","3.1933","A"
"4","Trait5","pKWmEB","NsiI.TP234582","11","   11761","","0.3256","A"
"4","Trait5","pKWmEB","NsiI.TP234611","11","   11762","","0.0576","G"
"4","Trait5","pKWmEB","NsiI.TP234663","11","   11764","","1.2938","C"
"4","Trait5","pKWmEB","NsiI.TP234877","11","   11766","","0.1505","A"
"4","Trait5","pKWmEB","NsiI.TP234912","11","   11767","","0.2546","C"
"4","Trait5","pKWmEB","NsiI.TP235132","11","   11768","","0.2779","C"
"4","Trait5","pKWmEB","NsiI.TP235225","11","   11769","","0.3071","C"
"4","Trait5","pKWmEB","NsiI.TP235245","11","   11770","","0.2101","C"
"4","Trait5","pKWmEB","NsiI.TP235292","11","   11771","","0.1891","C"
"4","Trait5","pKWmEB","NsiI.TP235311","11","   11772","","0.9167","A"
"4","Trait5","pKWmEB","NsiI.TP235319","11","   11773","","0.0577","A"
"4","Trait5","pKWmEB","NsiI.TP235502","11","   11776","","0.2513","C"
"4","Trait5","pKWmEB","NsiI.TP235658","11","   11777","","0.2743","G"
"4","Trait5","pKWmEB","NsiI.TP235815","11","   11778","","0.0401","A"
"4","Trait5","pKWmEB","NsiI.TP235853","11","   11779","","1.0371","C"
"4","Trait5","pKWmEB","NsiI.TP235883","11","   11780","","0.0490","A"
"4","Trait5","pKWmEB","NsiI.TP235895","11","   11781","","0.0934","A"
"4","Trait5","pKWmEB","NsiI.TP236118","11","   11784","","0.9177","C"
"4","Trait5","pKWmEB","NsiI.TP236171","11","   11785","","0.9200","A"
"4","Trait5","pKWmEB","NsiI.TP236312","11","   11787","","0.3260","C"
"4","Trait5","pKWmEB","NsiI.TP236607","11","   11790","","0.1663","A"
"4","Trait5","pKWmEB","NsiI.TP236725","11","   11792","","0.2298","A"
"4","Trait5","pKWmEB","NsiI.TP237203","11","   11795","","0.2621","C"
"4","Trait5","pKWmEB","NsiI.TP237225","11","   11796","","0.4092","A"
"4","Trait5","pKWmEB","NsiI.TP237234","11","   11797","","0.0357","C"
"4","Trait5","pKWmEB","NsiI.TP237257","11","   11798","","0.6160","A"
"4","Trait5","pKWmEB","NsiI.TP237295","11","   11799","","0.0892","C"
"4","Trait5","pKWmEB","NsiI.TP237565","11","   11802","","0.6739","A"
"4","Trait5","pKWmEB","NsiI.TP237626","11","   11803","","0.7886","A"
"4","Trait5","pKWmEB","NsiI.TP237633","11","   11804","","0.1947","G"
"4","Trait5","pKWmEB","NsiI.TP237729","11","   11805","","0.2705","C"
"4","Trait5","pKWmEB","NsiI.TP237789","11","   11806","","0.5120","A"
"4","Trait5","pKWmEB","NsiI.TP238098","11","   11809","","0.3797","C"
"4","Trait5","pKWmEB","NsiI.TP238116","11","   11810","","0.5089","G"
"4","Trait5","pKWmEB","NsiI.TP238119","11","   11811","","0.0371","A"
"4","Trait5","pKWmEB","NsiI.TP238316","11","   11814","","0.1129","A"
"4","Trait5","pKWmEB","NsiI.TP238335","11","   11815","","1.7246","C"
"4","Trait5","pKWmEB","NsiI.TP238478","11","   11818","","0.1134","A"
"4","Trait5","pKWmEB","NsiI.TP238537","11","   11819","","0.1351","G"
"4","Trait5","pKWmEB","NsiI.TP238564","11","   11820","","0.7165","C"
"4","Trait5","pKWmEB","NsiI.TP238617","11","   11821","","0.2364","C"
"4","Trait5","pKWmEB","NsiI.TP239332","11","   11826","","0.4571","A"
"4","Trait5","pKWmEB","NsiI.TP239554","11","   11827","","0.0682","C"
"4","Trait5","pKWmEB","NsiI.TP239771","11","   11828","","0.0714","A"
"4","Trait5","pKWmEB","NsiI.TP239815","11","   11829","","0.1722","C"
"4","Trait5","pKWmEB","NsiI.TP239972","11","   11830","","0.1114","C"
"4","Trait5","pKWmEB","NsiI.TP240184","11","   11832","","0.8613","A"
"4","Trait5","pKWmEB","NsiI.TP240206","11","   11833","","0.1646","C"
"4","Trait5","pKWmEB","NsiI.TP240567","11","   11834","","2.5250","C"
"4","Trait5","pKWmEB","NsiI.TP240736","11","   11835","","0.6478","C"
"4","Trait5","pKWmEB","NsiI.TP240840","11","   11836","","0.0438","A"
"4","Trait5","pKWmEB","NsiI.TP240849","11","   11837","","1.0428","G"
"4","Trait5","pKWmEB","NsiI.TP240864","11","   11838","","0.4049","A"
"4","Trait5","pKWmEB","NsiI.TP241088","11","   11839","","0.2607","C"
"4","Trait5","pKWmEB","NsiI.TP241110","11","   11840","","0.0815","C"
"4","Trait5","pKWmEB","NsiI.TP241246","11","   11841","","0.3654","A"
"4","Trait5","pKWmEB","NsiI.TP241256","11","   11842","","0.3244","A"
"4","Trait5","pKWmEB","NsiI.TP241298","11","   11843","","0.3817","A"
"4","Trait5","pKWmEB","NsiI.TP241417","11","   11846","","0.8095","C"
"4","Trait5","pKWmEB","NsiI.TP241516","11","   11847","","0.8839","C"
"4","Trait5","pKWmEB","NsiI.TP241518","11","   11848","","0.8396","G"
"4","Trait5","pKWmEB","NsiI.TP241912","11","   11851","","0.1064","A"
"4","Trait5","pKWmEB","NsiI.TP241914","11","   11853","","0.0577","C"
"4","Trait5","pKWmEB","NsiI.TP241948","11","   11854","","0.7939","A"
"4","Trait5","pKWmEB","NsiI.TP242016","11","   11855","","0.2713","G"
"4","Trait5","pKWmEB","NsiI.TP242037","11","   11856","","0.2613","A"
"4","Trait5","pKWmEB","NsiI.TP242059","11","   11857","","0.1407","A"
"4","Trait5","pKWmEB","NsiI.TP242062","11","   11858","","0.5579","A"
"4","Trait5","pKWmEB","NsiI.TP242125","11","   11859","","0.7782","C"
"4","Trait5","pKWmEB","NsiI.TP242160","11","   11861","","0.2681","C"
"4","Trait5","pKWmEB","NsiI.TP242219","11","   11862","","0.4185","G"
"4","Trait5","pKWmEB","NsiI.TP242898","11","   11863","","1.4413","C"
"4","Trait5","pKWmEB","NsiI.TP242956","11","   11864","","0.5579","C"
"4","Trait5","pKWmEB","NsiI.TP242982","11","   11865","","0.0222","C"
"4","Trait5","pKWmEB","NsiI.TP242983","11","   11866","","0.4478","A"
"4","Trait5","pKWmEB","NsiI.TP243010","11","   11867","","0.3031","C"
"4","Trait5","pKWmEB","NsiI.TP243142","11","   11868","","0.6170","C"
"4","Trait5","pKWmEB","NsiI.TP243238","11","   11869","","0.0239","A"
"4","Trait5","pKWmEB","NsiI.TP243253","11","   11871","","1.4509","A"
"4","Trait5","pKWmEB","NsiI.TP243261","11","   11872","","1.0530","A"
"4","Trait5","pKWmEB","NsiI.TP243305","11","   11873","","0.3116","C"
"4","Trait5","pKWmEB","NsiI.TP243523","11","   11875","","0.0270","A"
"4","Trait5","pKWmEB","NsiI.TP243576","11","   11876","","1.2257","C"
"4","Trait5","pKWmEB","NsiI.TP243959","11","   11879","","0.2168","C"
"4","Trait5","pKWmEB","NsiI.TP244119","11","   11881","","0.2948","C"
"4","Trait5","pKWmEB","NsiI.TP244158","11","   11883","","1.5532","C"
"4","Trait5","pKWmEB","NsiI.TP244193","11","   11884","","0.1979","C"
"4","Trait5","pKWmEB","NsiI.TP244238","11","   11886","","0.7095","C"
"4","Trait5","pKWmEB","NsiI.TP244277","11","   11887","","3.6849","G"
"4","Trait5","pKWmEB","NsiI.TP244340","11","   11888","","0.2475","A"
"4","Trait5","pKWmEB","NsiI.TP244376","11","   11889","","0.0848","C"
"4","Trait5","pKWmEB","NsiI.TP244797","11","   11891","","0.1151","C"
"4","Trait5","pKWmEB","NsiI.TP244820","11","   11892","","0.2135","C"
"4","Trait5","pKWmEB","NsiI.TP244874","11","   11894","","0.2145","C"
"4","Trait5","pKWmEB","NsiI.TP244934","11","   11895","","1.4792","G"
"4","Trait5","pKWmEB","NsiI.TP245149","11","   11896","","0.2969","A"
"4","Trait5","pKWmEB","NsiI.TP245331","11","   11897","","0.6151","A"
"4","Trait5","pKWmEB","NsiI.TP245361","11","   11899","","0.6741","G"
"4","Trait5","pKWmEB","NsiI.TP245615","11","   11901","","0.0788","C"
"4","Trait5","pKWmEB","NsiI.TP245635","11","   11902","","0.2243","A"
"4","Trait5","pKWmEB","NsiI.TP245805","11","   11904","","1.0148","A"
"4","Trait5","pKWmEB","NsiI.TP245817","11","   11905","","0.7448","C"
"4","Trait5","pKWmEB","NsiI.TP245890","11","   11906","","0.4318","A"
"4","Trait5","pKWmEB","NsiI.TP246002","11","   11908","","0.0708","C"
"4","Trait5","pKWmEB","NsiI.TP246423","11","   11910","","1.1341","G"
"4","Trait5","pKWmEB","NsiI.TP246552","11","   11911","","0.5421","C"
"4","Trait5","pKWmEB","NsiI.TP246761","11","   11912","","0.6882","C"
"4","Trait5","pKWmEB","NsiI.TP246918","11","   11913","","0.1771","G"
"4","Trait5","pKWmEB","NsiI.TP247033","11","   11914","","0.1305","C"
"4","Trait5","pKWmEB","NsiI.TP247079","11","   11915","","0.1720","A"
"4","Trait5","pKWmEB","NsiI.TP247319","11","   11917","","0.0640","C"
"4","Trait5","pKWmEB","NsiI.TP247769","11","   11921","","0.6909","A"
"4","Trait5","pKWmEB","NsiI.TP247941","11","   11922","","0.6094","C"
"4","Trait5","pKWmEB","NsiI.TP247987","11","   11923","","0.8692","G"
"4","Trait5","pKWmEB","NsiI.TP248023","11","   11924","","0.6982","A"
"4","Trait5","pKWmEB","NsiI.TP248198","11","   11925","","0.0009","C"
"4","Trait5","pKWmEB","NsiI.TP248666","11","   11926","","0.4549","A"
"4","Trait5","pKWmEB","NsiI.TP248673","11","   11927","","0.6971","C"
"4","Trait5","pKWmEB","NsiI.TP248677","11","   11928","","0.0752","A"
"4","Trait5","pKWmEB","NsiI.TP248824","11","   11930","","0.5482","A"
"4","Trait5","pKWmEB","NsiI.TP248839","11","   11931","","0.3799","A"
"4","Trait5","pKWmEB","NsiI.TP248901","11","   11933","","0.7657","C"
"4","Trait5","pKWmEB","NsiI.TP248968","11","   11934","","0.1353","C"
"4","Trait5","pKWmEB","NsiI.TP249097","11","   11935","","0.3735","C"
"4","Trait5","pKWmEB","NsiI.TP249136","11","   11936","","0.8930","A"
"4","Trait5","pKWmEB","NsiI.TP249314","11","   11937","","0.2525","C"
"4","Trait5","pKWmEB","NsiI.TP249330","11","   11938","","0.2449","C"
"4","Trait5","pKWmEB","NsiI.TP249517","11","   11939","","0.1742","A"
"4","Trait5","pKWmEB","NsiI.TP249574","11","   11940","","0.1966","C"
"4","Trait5","pKWmEB","NsiI.TP249730","11","   11941","","2.0797","A"
"4","Trait5","pKWmEB","NsiI.TP249887","11","   11942","","0.7922","C"
"4","Trait5","pKWmEB","NsiI.TP249929","11","   11943","","0.0579","C"
"4","Trait5","pKWmEB","NsiI.TP250140","11","   11945","","0.0167","C"
"4","Trait5","pKWmEB","NsiI.TP250414","11","   11947","","0.0836","A"
"4","Trait5","pKWmEB","NsiI.TP250465","11","   11949","","0.0158","C"
"4","Trait5","pKWmEB","NsiI.TP250472","11","   11950","","0.7951","A"
"4","Trait5","pKWmEB","NsiI.TP250679","11","   11951","","0.2813","C"
"4","Trait5","pKWmEB","NsiI.TP250800","11","   11952","","0.0292","A"
"4","Trait5","pKWmEB","NsiI.TP251032","11","   11954","","0.4483","C"
"4","Trait5","pKWmEB","NsiI.TP251131","11","   11955","","0.1023","A"
"4","Trait5","pKWmEB","NsiI.TP251193","11","   11958","","1.1316","C"
"4","Trait5","pKWmEB","NsiI.TP251244","11","   11960","","0.0988","A"
"4","Trait5","pKWmEB","NsiI.TP251292","11","   11961","","0.8521","A"
"4","Trait5","pKWmEB","NsiI.TP251988","11","   11963","","0.1115","G"
"4","Trait5","pKWmEB","NsiI.TP251994","11","   11964","","0.0968","C"
"4","Trait5","pKWmEB","NsiI.TP252291","11","   11966","","0.5785","A"
"4","Trait5","pKWmEB","NsiI.TP252368","11","   11967","","0.0506","A"
"4","Trait5","pKWmEB","NsiI.TP252392","11","   11969","","0.0345","C"
"4","Trait5","pKWmEB","NsiI.TP252455","11","   11970","","0.7447","C"
"4","Trait5","pKWmEB","NsiI.TP252604","11","   11971","","1.1037","A"
"4","Trait5","pKWmEB","NsiI.TP252644","11","   11972","","1.5286","A"
"4","Trait5","pKWmEB","NsiI.TP253200","11","   11975","","0.0612","C"
"4","Trait5","pKWmEB","NsiI.TP253302","11","   11976","","0.5861","A"
"4","Trait5","pKWmEB","NsiI.TP253571","11","   11977","","0.0659","A"
"4","Trait5","pKWmEB","NsiI.TP253739","11","   11978","","0.1604","A"
"4","Trait5","pKWmEB","NsiI.TP253904","11","   11979","","0.0955","C"
"4","Trait5","pKWmEB","NsiI.TP253929","11","   11980","","0.0772","A"
"4","Trait5","pKWmEB","NsiI.TP253989","11","   11981","","0.5035","A"
"4","Trait5","pKWmEB","NsiI.TP254017","11","   11982","","0.0314","A"
"4","Trait5","pKWmEB","NsiI.TP254044","11","   11983","","0.0816","C"
"4","Trait5","pKWmEB","NsiI.TP254060","11","   11984","","0.1341","A"
"4","Trait5","pKWmEB","NsiI.TP254061","11","   11985","","0.7375","A"
"4","Trait5","pKWmEB","NsiI.TP254730","11","   11990","","0.1189","A"
"4","Trait5","pKWmEB","NsiI.TP254743","11","   11991","","0.2208","C"
"4","Trait5","pKWmEB","NsiI.TP254799","11","   11992","","0.1494","A"
"4","Trait5","pKWmEB","NsiI.TP255093","11","   11994","","2.2580","A"
"4","Trait5","pKWmEB","NsiI.TP255594","11","   11998","","1.2007","C"
"4","Trait5","pKWmEB","NsiI.TP256401","11","   12000","","0.1379","A"
"4","Trait5","pKWmEB","NsiI.TP256871","11","   12002","","0.2385","A"
"4","Trait5","pKWmEB","NsiI.TP256943","11","   12003","","0.0170","C"
"4","Trait5","pKWmEB","NsiI.TP257143","11","   12004","","0.3636","C"
"4","Trait5","pKWmEB","NsiI.TP257195","11","   12005","","1.1256","C"
"4","Trait5","pKWmEB","NsiI.TP257205","11","   12006","","0.0579","A"
"4","Trait5","pKWmEB","NsiI.TP257231","11","   12008","","0.0923","A"
"4","Trait5","pKWmEB","NsiI.TP257237","11","   12009","","0.9314","C"
"4","Trait5","pKWmEB","NsiI.TP257355","11","   12012","","0.4057","C"
"4","Trait5","pKWmEB","NsiI.TP257521","11","   12015","","0.3676","A"
"4","Trait5","pKWmEB","NsiI.TP257635","11","   12016","","0.3059","C"
"4","Trait5","pKWmEB","NsiI.TP257644","11","   12017","","0.9493","A"
"4","Trait5","pKWmEB","NsiI.TP257838","11","   12019","","0.2949","C"
"4","Trait5","pKWmEB","NsiI.TP257845","11","   12020","","0.5215","A"
"4","Trait5","pKWmEB","NsiI.TP257950","11","   12022","","0.5981","C"
"4","Trait5","pKWmEB","NsiI.TP257975","11","   12024","","0.7152","A"
"4","Trait5","pKWmEB","NsiI.TP258459","11","   12029","","0.5611","A"
"4","Trait5","pKWmEB","NsiI.TP258468","11","   12030","","0.1397","C"
"4","Trait5","pKWmEB","NsiI.TP258528","11","   12031","","0.7827","C"
"4","Trait5","pKWmEB","NsiI.TP258707","11","   12033","","0.5904","C"
"4","Trait5","pKWmEB","NsiI.TP258714","11","   12034","","0.3621","A"
"4","Trait5","pKWmEB","NsiI.TP258856","11","   12035","","1.1770","G"
"4","Trait5","pKWmEB","NsiI.TP258944","11","   12036","","1.0326","C"
"4","Trait5","pKWmEB","NsiI.TP259047","11","   12038","","0.0301","A"
"4","Trait5","pKWmEB","NsiI.TP259075","11","   12039","","0.3757","C"
"4","Trait5","pKWmEB","NsiI.TP259388","11","   12040","","0.2691","C"
"4","Trait5","pKWmEB","NsiI.TP259582","11","   12041","","1.4847","A"
"4","Trait5","pKWmEB","NsiI.TP260204","11","   12044","","0.2006","A"
"4","Trait5","pKWmEB","NsiI.TP260305","11","   12045","","1.1837","A"
"4","Trait5","pKWmEB","NsiI.TP260358","11","   12046","","1.0029","C"
"4","Trait5","pKWmEB","NsiI.TP260586","11","   12047","","0.8870","A"
"4","Trait5","pKWmEB","NsiI.TP260681","11","   12048","","0.1391","C"
"4","Trait5","pKWmEB","NsiI.TP260906","11","   12049","","0.2079","C"
"4","Trait5","pKWmEB","NsiI.TP260915","11","   12050","","0.0870","C"
"4","Trait5","pKWmEB","NsiI.TP261169","11","   12051","","0.3434","C"
"4","Trait5","pKWmEB","NsiI.TP261380","11","   12053","","1.9202","A"
"4","Trait5","pKWmEB","NsiI.TP261631","11","   12054","","1.2628","A"
"4","Trait5","pKWmEB","NsiI.TP261660","11","   12055","","0.1103","A"
"4","Trait5","pKWmEB","NsiI.TP261782","11","   12056","","0.7143","C"
"4","Trait5","pKWmEB","NsiI.TP262590","11","   12060","","0.0861","C"
"4","Trait5","pKWmEB","NsiI.TP262630","11","   12061","","0.0726","A"
"4","Trait5","pKWmEB","NsiI.TP263573","11","   12063","","0.3301","C"
"4","Trait5","pKWmEB","NsiI.TP263592","11","   12064","","0.3676","A"
"4","Trait5","pKWmEB","NsiI.TP263947","11","   12068","","1.0152","A"
"4","Trait5","pKWmEB","NsiI.TP264111","11","   12070","","0.7552","A"
"4","Trait5","pKWmEB","NsiI.TP264321","11","   12072","","1.0226","A"
"4","Trait5","pKWmEB","NsiI.TP264328","11","   12073","","0.5915","C"
"4","Trait5","pKWmEB","NsiI.TP264329","11","   12074","","0.4730","A"
"4","Trait5","pKWmEB","NsiI.TP264333","11","   12075","","0.1954","A"
"4","Trait5","pKWmEB","NsiI.TP264542","11","   12077","","0.3088","C"
"4","Trait5","pKWmEB","NsiI.TP264681","11","   12078","","0.3158","C"
"4","Trait5","pKWmEB","NsiI.TP264855","11","   12079","","0.6089","A"
"4","Trait5","pKWmEB","NsiI.TP264909","11","   12080","","0.8423","C"
"4","Trait5","pKWmEB","NsiI.TP264917","11","   12081","","0.5595","C"
"4","Trait5","pKWmEB","NsiI.TP264931","11","   12082","","1.7659","A"
"4","Trait5","pKWmEB","NsiI.TP265075","11","   12083","","0.2107","C"
"4","Trait5","pKWmEB","NsiI.TP265085","11","   12084","","0.8211","A"
"4","Trait5","pKWmEB","NsiI.TP265804","11","   12087","","0.6936","G"
"4","Trait5","pKWmEB","NsiI.TP266607","11","   12089","","0.4439","A"
"4","Trait5","pKWmEB","NsiI.TP266769","11","   12090","","0.4294","C"
"4","Trait5","pKWmEB","NsiI.TP266856","11","   12091","","0.8420","A"
"4","Trait5","pKWmEB","NsiI.TP267066","11","   12093","","0.1867","A"
"4","Trait5","pKWmEB","NsiI.TP267127","11","   12095","","0.0192","C"
"4","Trait5","pKWmEB","NsiI.TP267204","11","   12096","","0.0168","A"
"4","Trait5","pKWmEB","NsiI.TP267208","11","   12097","","0.6258","C"
"4","Trait5","pKWmEB","NsiI.TP267299","11","   12098","","0.3316","A"
"4","Trait5","pKWmEB","NsiI.TP267385","11","   12099","","0.2789","A"
"4","Trait5","pKWmEB","NsiI.TP267497","11","   12100","","0.5111","A"
"4","Trait5","pKWmEB","NsiI.TP267510","11","   12101","","0.1453","C"
"4","Trait5","pKWmEB","NsiI.TP267527","11","   12102","","0.6340","A"
"4","Trait5","pKWmEB","NsiI.TP267894","11","   12103","","1.5713","A"
"4","Trait5","pKWmEB","NsiI.TP268420","11","   12105","","0.3382","A"
"4","Trait5","pKWmEB","NsiI.TP268539","11","   12107","","0.2105","C"
"4","Trait5","pKWmEB","NsiI.TP269092","11","   12112","","0.1671","C"
"4","Trait5","pKWmEB","NsiI.TP269126","11","   12113","","0.9939","C"
"4","Trait5","pKWmEB","NsiI.TP269244","11","   12114","","1.0919","C"
"4","Trait5","pKWmEB","NsiI.TP269404","11","   12117","","0.5297","C"
"4","Trait5","pKWmEB","NsiI.TP269536","11","   12118","","0.1244","A"
"4","Trait5","pKWmEB","NsiI.TP269545","11","   12119","","0.1742","A"
"4","Trait5","pKWmEB","NsiI.TP269891","11","   12123","","0.0240","A"
"4","Trait5","pKWmEB","NsiI.TP270381","11","   12124","","0.1651","C"
"4","Trait5","pKWmEB","NsiI.TP270395","11","   12125","","0.4606","A"
"4","Trait5","pKWmEB","NsiI.TP270432","11","   12126","","0.1674","A"
"4","Trait5","pKWmEB","NsiI.TP270786","11","   12128","","0.4345","C"
"4","Trait5","pKWmEB","NsiI.TP271366","11","   12131","","0.0665","C"
"4","Trait5","pKWmEB","NsiI.TP271403","11","   12132","","0.2145","C"
"4","Trait5","pKWmEB","NsiI.TP271448","11","   12134","","0.3896","C"
"4","Trait5","pKWmEB","NsiI.TP271839","11","   12135","","0.2117","C"
"4","Trait5","pKWmEB","NsiI.TP272074","11","   12138","","0.0106","A"
"4","Trait5","pKWmEB","NsiI.TP272083","11","   12139","","0.3971","C"
"4","Trait5","pKWmEB","NsiI.TP272132","11","   12140","","0.1522","A"
"4","Trait5","pKWmEB","NsiI.TP272138","11","   12141","","0.6769","C"
"4","Trait5","pKWmEB","NsiI.TP272152","11","   12142","","0.7419","C"
"4","Trait5","pKWmEB","NsiI.TP272227","11","   12143","","0.0030","C"
"4","Trait5","pKWmEB","NsiI.TP272371","11","   12146","","0.3449","A"
"4","Trait5","pKWmEB","NsiI.TP272375","11","   12147","","0.2491","C"
"4","Trait5","pKWmEB","NsiI.TP272412","11","   12148","","0.0109","A"
"4","Trait5","pKWmEB","NsiI.TP272441","11","   12149","","0.0070","C"
"4","Trait5","pKWmEB","NsiI.TP272721","11","   12152","","1.5580","C"
"4","Trait5","pKWmEB","NsiI.TP272736","11","   12153","","0.7698","C"
"4","Trait5","pKWmEB","NsiI.TP272765","11","   12154","","0.0725","A"
"4","Trait5","pKWmEB","NsiI.TP272859","11","   12155","","0.4586","C"
"4","Trait5","pKWmEB","NsiI.TP272965","11","   12156","","0.1344","A"
"4","Trait5","pKWmEB","NsiI.TP273026","11","   12157","","0.1571","A"
"4","Trait5","pKWmEB","NsiI.TP273034","11","   12158","","0.3584","A"
"4","Trait5","pKWmEB","NsiI.TP273049","11","   12159","","0.9798","G"
"4","Trait5","pKWmEB","NsiI.TP273142","11","   12160","","0.1290","C"
"4","Trait5","pKWmEB","NsiI.TP273313","11","   12161","","0.3332","G"
"4","Trait5","pKWmEB","NsiI.TP273402","11","   12162","","2.3269","C"
"4","Trait5","pKWmEB","NsiI.TP273601","11","   12164","","1.1972","C"
"4","Trait5","pKWmEB","NsiI.TP273734","11","   12166","","0.7866","C"
"4","Trait5","pKWmEB","NsiI.TP273802","11","   12167","","0.1521","C"
"4","Trait5","pKWmEB","NsiI.TP274071","11","   12170","","0.4907","A"
"4","Trait5","pKWmEB","NsiI.TP274091","11","   12171","","0.1873","A"
"4","Trait5","pKWmEB","NsiI.TP274172","11","   12172","","0.9075","G"
"4","Trait5","pKWmEB","NsiI.TP274383","11","   12173","","0.1627","C"
"4","Trait5","pKWmEB","NsiI.TP274395","11","   12174","","0.4435","A"
"4","Trait5","pKWmEB","NsiI.TP274564","11","   12175","","0.1423","A"
"4","Trait5","pKWmEB","NsiI.TP274605","11","   12176","","0.2880","A"
"4","Trait5","pKWmEB","NsiI.TP275068","11","   12179","","0.3134","C"
"4","Trait5","pKWmEB","NsiI.TP275269","11","   12180","","0.3976","G"
"4","Trait5","pKWmEB","NsiI.TP275513","11","   12184","","0.4385","G"
"4","Trait5","pKWmEB","NsiI.TP275545","11","   12185","","0.2386","A"
"4","Trait5","pKWmEB","NsiI.TP275555","11","   12186","","1.1803","C"
"4","Trait5","pKWmEB","NsiI.TP275582","11","   12187","","0.0984","C"
"4","Trait5","pKWmEB","NsiI.TP275680","11","   12188","","0.5375","C"
"4","Trait5","pKWmEB","NsiI.TP276013","11","   12189","","0.0086","A"
"4","Trait5","pKWmEB","NsiI.TP276014","11","   12190","","1.7225","G"
"4","Trait5","pKWmEB","NsiI.TP276227","11","   12192","","0.0644","A"
"4","Trait5","pKWmEB","NsiI.TP276353","11","   12193","","0.9266","C"
"4","Trait5","pKWmEB","NsiI.TP276378","11","   12194","","0.0752","C"
"4","Trait5","pKWmEB","NsiI.TP276462","11","   12195","","0.5328","C"
"4","Trait5","pKWmEB","NsiI.TP276672","11","   12196","","0.0693","C"
"4","Trait5","pKWmEB","NsiI.TP277135","11","   12199","","0.2082","C"
"4","Trait5","pKWmEB","NsiI.TP277345","11","   12201","","0.7170","C"
"4","Trait5","pKWmEB","NsiI.TP277384","11","   12202","","2.0228","C"
"4","Trait5","pKWmEB","NsiI.TP277425","11","   12203","","0.3848","A"
"4","Trait5","pKWmEB","NsiI.TP277654","11","   12205","","0.6800","C"
"4","Trait5","pKWmEB","NsiI.TP277660","11","   12206","","0.0256","C"
"4","Trait5","pKWmEB","NsiI.TP277972","11","   12207","","0.1898","C"
"4","Trait5","pKWmEB","NsiI.TP278010","11","   12208","","0.3511","A"
"4","Trait5","pKWmEB","NsiI.TP278724","11","   12211","","0.0463","C"
"4","Trait5","pKWmEB","NsiI.TP278886","11","   12212","","0.6260","C"
"4","Trait5","pKWmEB","NsiI.TP278971","11","   12213","","0.2267","A"
"4","Trait5","pKWmEB","NsiI.TP278972","11","   12214","","0.3059","C"
"4","Trait5","pKWmEB","NsiI.TP278982","11","   12215","","0.1432","C"
"4","Trait5","pKWmEB","NsiI.TP279001","11","   12216","","0.1071","A"
"4","Trait5","pKWmEB","NsiI.TP279205","11","   12220","","0.0844","A"
"4","Trait5","pKWmEB","NsiI.TP279349","11","   12221","","0.3938","C"
"4","Trait5","pKWmEB","NsiI.TP279354","11","   12222","","1.4386","C"
"4","Trait5","pKWmEB","NsiI.TP279429","11","   12223","","0.3465","G"
"4","Trait5","pKWmEB","NsiI.TP279430","11","   12224","","1.5950","C"
"4","Trait5","pKWmEB","NsiI.TP279473","11","   12225","","0.2709","C"
"4","Trait5","pKWmEB","NsiI.TP279512","11","   12226","","0.2777","C"
"4","Trait5","pKWmEB","NsiI.TP279529","11","   12227","","0.1808","C"
"4","Trait5","pKWmEB","NsiI.TP279562","11","   12228","","0.4642","C"
"4","Trait5","pKWmEB","NsiI.TP279616","11","   12229","","0.3984","C"
"4","Trait5","pKWmEB","NsiI.TP279625","11","   12230","","0.3653","A"
"4","Trait5","pKWmEB","NsiI.TP279665","11","   12231","","0.0502","A"
"4","Trait5","pKWmEB","NsiI.TP279670","11","   12232","","0.2898","C"
"4","Trait5","pKWmEB","NsiI.TP279761","11","   12233","","0.7466","C"
"4","Trait5","pKWmEB","NsiI.TP279779","11","   12234","","0.0523","C"
"4","Trait5","pKWmEB","NsiI.TP279805","11","   12235","","0.7820","C"
"4","Trait5","pKWmEB","NsiI.TP279900","11","   12236","","1.5290","C"
"4","Trait5","pKWmEB","NsiI.TP279916","11","   12237","","0.1558","C"
"4","Trait5","pKWmEB","NsiI.TP279921","11","   12238","","0.0341","A"
"4","Trait5","pKWmEB","NsiI.TP280034","11","   12239","","0.6751","C"
"4","Trait5","pKWmEB","NsiI.TP280153","11","   12241","","0.8309","C"
"4","Trait5","pKWmEB","NsiI.TP280235","11","   12242","","0.0586","A"
"4","Trait5","pKWmEB","NsiI.TP280339","11","   12243","","1.1244","A"
"4","Trait5","pKWmEB","NsiI.TP280624","11","   12244","","0.6113","A"
"4","Trait5","pKWmEB","NsiI.TP280678","11","   12245","","0.6229","A"
"4","Trait5","pKWmEB","NsiI.TP280756","11","   12247","","0.7559","C"
"4","Trait5","pKWmEB","NsiI.TP280873","11","   12248","","1.2945","A"
"4","Trait5","pKWmEB","NsiI.TP280922","11","   12250","","0.2144","C"
"4","Trait5","pKWmEB","NsiI.TP281042","11","   12252","","1.1589","C"
"4","Trait5","pKWmEB","NsiI.TP281126","11","   12253","","0.5627","C"
"4","Trait5","pKWmEB","NsiI.TP281128","11","   12254","","0.3120","A"
"4","Trait5","pKWmEB","NsiI.TP281146","11","   12255","","0.6555","C"
"4","Trait5","pKWmEB","NsiI.TP281180","11","   12256","","0.9614","A"
"4","Trait5","pKWmEB","NsiI.TP281261","11","   12257","","0.1730","A"
"4","Trait5","pKWmEB","NsiI.TP281392","11","   12259","","0.6626","A"
"4","Trait5","pKWmEB","NsiI.TP281659","11","   12260","","0.2515","A"
"4","Trait5","pKWmEB","NsiI.TP281713","11","   12261","","1.0208","C"
"4","Trait5","pKWmEB","NsiI.TP282009","11","   12263","","0.4812","A"
"4","Trait5","pKWmEB","NsiI.TP282317","11","   12265","","0.3169","G"
"4","Trait5","pKWmEB","NsiI.TP282487","11","   12268","","0.1625","G"
"4","Trait5","pKWmEB","NsiI.TP282513","11","   12269","","0.9579","A"
"4","Trait5","pKWmEB","NsiI.TP282520","11","   12270","","0.2820","A"
"4","Trait5","pKWmEB","NsiI.TP282571","11","   12272","","0.2959","A"
"4","Trait5","pKWmEB","NsiI.TP282824","11","   12274","","0.0407","C"
"4","Trait5","pKWmEB","NsiI.TP283229","11","   12278","","2.0344","C"
"4","Trait5","pKWmEB","NsiI.TP283297","11","   12280","","1.7650","A"
"4","Trait5","pKWmEB","NsiI.TP283323","11","   12281","","0.0353","G"
"4","Trait5","pKWmEB","NsiI.TP283362","11","   12282","","1.4053","C"
"4","Trait5","pKWmEB","NsiI.TP283655","11","   12283","","0.1282","C"
"4","Trait5","pKWmEB","NsiI.TP283773","11","   12284","","0.5080","C"
"4","Trait5","pKWmEB","NsiI.TP283977","11","   12286","","0.8252","A"
"4","Trait5","pKWmEB","NsiI.TP284022","11","   12287","","0.0263","C"
"4","Trait5","pKWmEB","NsiI.TP284185","11","   12288","","0.0830","A"
"4","Trait5","pKWmEB","NsiI.TP284915","11","   12289","","0.1200","A"
"4","Trait5","pKWmEB","NsiI.TP285044","11","   12290","","1.0186","C"
"4","Trait5","pKWmEB","NsiI.TP285092","11","   12291","","0.2617","A"
"4","Trait5","pKWmEB","NsiI.TP285187","11","   12292","","0.1267","C"
"4","Trait5","pKWmEB","NsiI.TP285290","11","   12293","","0.0380","C"
"4","Trait5","pKWmEB","NsiI.TP285398","11","   12294","","0.1096","C"
"4","Trait5","pKWmEB","NsiI.TP285418","11","   12295","","0.7223","A"
"4","Trait5","pKWmEB","NsiI.TP285462","11","   12296","","1.4961","C"
"4","Trait5","pKWmEB","NsiI.TP285959","11","   12297","","0.6014","A"
"4","Trait5","pKWmEB","NsiI.TP285979","11","   12298","","2.2220","A"
"4","Trait5","pKWmEB","NsiI.TP286119","11","   12299","","0.5033","G"
"4","Trait5","pKWmEB","NsiI.TP286303","11","   12300","","0.1749","C"
"4","Trait5","pKWmEB","NsiI.TP286305","11","   12301","","0.7900","C"
"4","Trait5","pKWmEB","NsiI.TP286461","11","   12302","","0.3114","C"
"4","Trait5","pKWmEB","NsiI.TP286477","11","   12303","","0.8134","C"
"4","Trait5","pKWmEB","NsiI.TP286571","11","   12304","","0.4210","A"
"4","Trait5","pKWmEB","NsiI.TP286676","11","   12305","","0.6086","G"
"4","Trait5","pKWmEB","NsiI.TP286878","11","   12306","","1.1688","C"
"4","Trait5","pKWmEB","NsiI.TP287056","11","   12307","","0.5487","C"
"4","Trait5","pKWmEB","NsiI.TP287091","11","   12309","","0.1193","A"
"4","Trait5","pKWmEB","NsiI.TP287145","11","   12310","","1.2701","C"
"4","Trait5","pKWmEB","NsiI.TP287206","11","   12311","","0.2784","G"
"4","Trait5","pKWmEB","NsiI.TP287319","11","   12312","","0.0828","A"
"4","Trait5","pKWmEB","NsiI.TP287332","11","   12313","","0.1017","C"
"4","Trait5","pKWmEB","NsiI.TP287395","11","   12314","","1.7543","C"
"4","Trait5","pKWmEB","NsiI.TP287401","11","   12315","","0.3149","A"
"4","Trait5","pKWmEB","NsiI.TP287703","11","   12318","","0.0891","A"
"4","Trait5","pKWmEB","NsiI.TP287776","11","   12320","","0.5351","C"
"4","Trait5","pKWmEB","NsiI.TP287947","11","   12321","","0.2267","A"
"4","Trait5","pKWmEB","NsiI.TP288415","11","   12323","","0.5190","C"
"4","Trait5","pKWmEB","NsiI.TP288843","11","   12324","","0.0477","C"
"4","Trait5","pKWmEB","NsiI.TP288950","11","   12325","","0.1720","C"
"4","Trait5","pKWmEB","NsiI.TP289019","11","   12326","","0.0719","A"
"4","Trait5","pKWmEB","NsiI.TP289308","11","   12328","","0.4026","C"
"4","Trait5","pKWmEB","NsiI.TP289582","11","   12329","","0.0119","C"
"4","Trait5","pKWmEB","NsiI.TP290045","11","   12330","","1.0989","A"
"4","Trait5","pKWmEB","NsiI.TP290493","11","   12331","","0.5342","A"
"4","Trait5","pKWmEB","NsiI.TP290592","11","   12332","","0.6239","A"
"4","Trait5","pKWmEB","NsiI.TP290914","11","   12333","","0.1036","A"
"4","Trait5","pKWmEB","NsiI.TP290920","11","   12334","","0.5284","A"
"4","Trait5","pKWmEB","NsiI.TP291212","11","   12335","","0.2813","A"
"4","Trait5","pKWmEB","NsiI.TP291273","11","   12337","","0.3560","C"
"4","Trait5","pKWmEB","NsiI.TP291279","11","   12338","","0.6183","C"
"4","Trait5","pKWmEB","NsiI.TP291320","11","   12339","","0.8104","A"
"4","Trait5","pKWmEB","NsiI.TP291446","11","   12341","","0.4041","A"
"4","Trait5","pKWmEB","NsiI.TP291526","11","   12342","","1.1923","C"
"4","Trait5","pKWmEB","NsiI.TP291531","11","   12343","","0.0326","A"
"4","Trait5","pKWmEB","NsiI.TP291534","11","   12344","","0.1516","A"
"4","Trait5","pKWmEB","NsiI.TP291680","11","   12345","","0.5572","C"
"4","Trait5","pKWmEB","NsiI.TP291787","11","   12346","","0.4316","C"
"4","Trait5","pKWmEB","NsiI.TP292635","11","   12352","","0.4390","C"
"4","Trait5","pKWmEB","NsiI.TP292823","11","   12354","","0.0676","A"
"4","Trait5","pKWmEB","NsiI.TP293341","11","   12360","","0.3317","A"
"4","Trait5","pKWmEB","NsiI.TP293355","11","   12361","","0.0851","C"
"4","Trait5","pKWmEB","NsiI.TP293416","11","   12363","","0.0793","C"
"4","Trait5","pKWmEB","NsiI.TP293440","11","   12365","","0.2583","C"
"4","Trait5","pKWmEB","NsiI.TP293699","11","   12366","","0.2793","A"
"4","Trait5","pKWmEB","NsiI.TP294173","11","   12368","","0.8761","C"
"4","Trait5","pKWmEB","NsiI.TP294470","11","   12372","","0.8893","C"
"4","Trait5","pKWmEB","NsiI.TP294717","11","   12373","","1.0299","C"
"4","Trait5","pKWmEB","NsiI.TP294760","11","   12374","","0.0703","C"
"4","Trait5","pKWmEB","NsiI.TP294896","11","   12375","","1.1004","C"
"4","Trait5","pKWmEB","NsiI.TP295189","11","   12378","","0.0447","G"
"4","Trait5","pKWmEB","NsiI.TP295288","11","   12379","","0.2722","A"
"4","Trait5","pKWmEB","NsiI.TP295344","11","   12380","","0.7710","C"
"4","Trait5","pKWmEB","NsiI.TP295432","11","   12381","","0.3707","C"
"4","Trait5","pKWmEB","NsiI.TP295433","11","   12382","","0.8545","A"
"4","Trait5","pKWmEB","NsiI.TP295480","11","   12383","","0.1788","A"
"4","Trait5","pKWmEB","NsiI.TP295506","11","   12384","","0.9303","C"
"4","Trait5","pKWmEB","NsiI.TP295615","11","   12385","","0.0044","A"
"4","Trait5","pKWmEB","NsiI.TP295655","11","   12386","","0.0032","C"
"4","Trait5","pKWmEB","NsiI.TP295906","11","   12387","","3.0968","C"
"4","Trait5","pKWmEB","NsiI.TP296589","11","   12388","","0.4052","C"
"4","Trait5","pKWmEB","NsiI.TP296983","11","   12390","","0.5726","C"
"4","Trait5","pKWmEB","NsiI.TP297167","11","   12391","","0.7554","A"
"4","Trait5","pKWmEB","NsiI.TP297302","11","   12392","","0.2633","C"
"4","Trait5","pKWmEB","NsiI.TP298343","11","   12393","","0.0484","C"
"4","Trait5","pKWmEB","NsiI.TP299082","11","   12394","","0.4528","G"
"4","Trait5","pKWmEB","NsiI.TP299123","11","   12395","","0.3375","A"
"4","Trait5","pKWmEB","NsiI.TP299152","11","   12396","","0.1601","A"
"4","Trait5","pKWmEB","NsiI.TP299568","11","   12398","","1.4323","C"
"4","Trait5","pKWmEB","NsiI.TP299865","11","   12399","","0.9060","A"
"4","Trait5","pKWmEB","NsiI.TP300465","11","   12400","","0.6955","A"
"4","Trait5","pKWmEB","NsiI.TP300581","11","   12401","","0.4836","A"
"4","Trait5","pKWmEB","NsiI.TP300894","11","   12403","","1.1699","C"
"4","Trait5","pKWmEB","NsiI.TP300993","11","   12404","","0.0487","C"
"4","Trait5","pKWmEB","NsiI.TP301241","11","   12405","","0.3094","C"
"4","Trait5","pKWmEB","NsiI.TP301248","11","   12406","","1.0077","C"
"4","Trait5","pKWmEB","NsiI.TP301317","11","   12407","","0.1421","A"
"4","Trait5","pKWmEB","NsiI.TP301345","11","   12408","","1.3376","A"
"4","Trait5","pKWmEB","NsiI.TP301376","11","   12409","","0.1769","A"
"4","Trait5","pKWmEB","NsiI.TP301793","11","   12411","","0.4358","C"
"4","Trait5","pKWmEB","NsiI.TP301839","11","   12412","","0.2949","C"
"4","Trait5","pKWmEB","NsiI.TP301862","11","   12413","","0.0665","C"
"4","Trait5","pKWmEB","NsiI.TP301876","11","   12414","","0.6166","C"
"4","Trait5","pKWmEB","NsiI.TP301893","11","   12415","","0.1450","G"
"4","Trait5","pKWmEB","NsiI.TP301999","11","   12417","","0.2147","A"
"4","Trait5","pKWmEB","NsiI.TP302068","11","   12418","","0.9181","A"
"4","Trait5","pKWmEB","NsiI.TP302363","11","   12420","","0.2710","C"
"4","Trait5","pKWmEB","NsiI.TP302373","11","   12421","","0.0765","A"
"4","Trait5","pKWmEB","NsiI.TP302382","11","   12422","","0.5934","G"
"4","Trait5","pKWmEB","NsiI.TP302477","11","   12423","","0.0994","A"
"4","Trait5","pKWmEB","NsiI.TP302610","11","   12424","","0.3324","A"
"4","Trait5","pKWmEB","NsiI.TP302681","11","   12425","","0.3521","G"
"4","Trait5","pKWmEB","NsiI.TP302696","11","   12426","","0.4743","C"
"4","Trait5","pKWmEB","NsiI.TP302830","11","   12428","","0.2810","A"
"4","Trait5","pKWmEB","NsiI.TP302947","11","   12430","","0.3582","A"
"4","Trait5","pKWmEB","NsiI.TP303442","11","   12434","","0.2221","C"
"4","Trait5","pKWmEB","NsiI.TP303620","11","   12438","","0.0168","A"
"4","Trait5","pKWmEB","NsiI.TP303621","11","   12439","","0.0161","C"
"4","Trait5","pKWmEB","NsiI.TP303656","11","   12440","","0.3832","G"
"4","Trait5","pKWmEB","NsiI.TP303762","11","   12442","","0.4199","G"
"4","Trait5","pKWmEB","NsiI.TP303844","11","   12444","","1.1652","A"
"4","Trait5","pKWmEB","NsiI.TP303878","11","   12446","","0.1422","C"
"4","Trait5","pKWmEB","NsiI.TP303897","11","   12447","","0.0256","A"
"4","Trait5","pKWmEB","NsiI.TP303923","11","   12448","","0.0793","C"
"4","Trait5","pKWmEB","NsiI.TP304249","11","   12450","","0.1859","A"
"4","Trait5","pKWmEB","NsiI.TP304370","11","   12452","","0.7548","C"
"4","Trait5","pKWmEB","NsiI.TP304395","11","   12453","","0.4753","C"
"4","Trait5","pKWmEB","NsiI.TP304396","11","   12454","","2.4171","C"
"4","Trait5","pKWmEB","NsiI.TP304428","11","   12457","","0.2775","C"
"4","Trait5","pKWmEB","NsiI.TP304546","11","   12460","","0.0493","G"
"4","Trait5","pKWmEB","NsiI.TP304629","11","   12461","","0.6011","C"
"4","Trait5","pKWmEB","NsiI.TP304739","11","   12462","","0.3505","C"
"4","Trait5","pKWmEB","NsiI.TP304882","11","   12463","","0.5404","A"
"4","Trait5","pKWmEB","NsiI.TP305096","11","   12467","","4.2157","C"
"4","Trait5","pKWmEB","NsiI.TP305326","11","   12469","","0.0936","C"
"4","Trait5","pKWmEB","NsiI.TP305487","11","   12470","","0.4633","A"
"4","Trait5","pKWmEB","NsiI.TP305515","11","   12471","","1.5438","A"
"4","Trait5","pKWmEB","NsiI.TP305517","11","   12472","","0.2293","A"
"4","Trait5","pKWmEB","NsiI.TP305706","11","   12474","","0.5826","C"
"4","Trait5","pKWmEB","NsiI.TP305764","11","   12475","","0.5604","C"
"4","Trait5","pKWmEB","NsiI.TP305811","11","   12476","","0.9382","A"
"4","Trait5","pKWmEB","NsiI.TP305992","11","   12478","","1.5022","C"
"4","Trait5","pKWmEB","NsiI.TP306028","11","   12480","","0.2189","C"
"4","Trait5","pKWmEB","NsiI.TP306848","11","   12484","","0.0401","G"
"4","Trait5","pKWmEB","NsiI.TP307018","11","   12486","","0.3137","G"
"4","Trait5","pKWmEB","NsiI.TP307144","11","   12487","","0.7731","G"
"4","Trait5","pKWmEB","NsiI.TP307259","11","   12489","","1.2208","C"
"4","Trait5","pKWmEB","NsiI.TP307361","11","   12490","","0.3334","C"
"4","Trait5","pKWmEB","NsiI.TP307563","11","   12491","","0.5271","C"
"4","Trait5","pKWmEB","NsiI.TP307586","11","   12492","","0.7274","A"
"4","Trait5","pKWmEB","NsiI.TP307628","11","   12494","","1.0428","C"
"4","Trait5","pKWmEB","NsiI.TP307724","11","   12496","","0.1113","A"
"4","Trait5","pKWmEB","NsiI.TP307930","11","   12498","","0.7803","G"
"4","Trait5","pKWmEB","NsiI.TP308222","11","   12500","","0.8375","C"
"4","Trait5","pKWmEB","NsiI.TP308237","11","   12501","","0.5640","C"
"4","Trait5","pKWmEB","NsiI.TP308398","11","   12503","","0.4120","A"
"4","Trait5","pKWmEB","NsiI.TP308443","11","   12504","","0.5249","C"
"4","Trait5","pKWmEB","NsiI.TP308626","11","   12505","","0.3717","C"
"4","Trait5","pKWmEB","NsiI.TP308641","11","   12506","","0.0211","C"
"4","Trait5","pKWmEB","NsiI.TP308674","11","   12507","","0.3403","A"
"4","Trait5","pKWmEB","NsiI.TP308829","11","   12509","","0.9195","C"
"4","Trait5","pKWmEB","NsiI.TP308965","11","   12510","","0.1891","A"
"4","Trait5","pKWmEB","NsiI.TP309032","11","   12511","","0.1786","A"
"4","Trait5","pKWmEB","NsiI.TP309068","11","   12512","","1.2637","A"
"4","Trait5","pKWmEB","NsiI.TP309760","11","   12514","","0.3486","G"
"4","Trait5","pKWmEB","NsiI.TP309924","11","   12516","","0.7233","A"
"4","Trait5","pKWmEB","NsiI.TP309926","11","   12517","","0.0805","A"
"4","Trait5","pKWmEB","NsiI.TP309932","11","   12518","","0.8656","A"
"4","Trait5","pKWmEB","NsiI.TP309946","11","   12519","","0.0295","A"
"4","Trait5","pKWmEB","NsiI.TP309979","11","   12521","","0.1628","A"
"4","Trait5","pKWmEB","NsiI.TP310040","11","   12523","","0.4389","A"
"4","Trait5","pKWmEB","NsiI.TP310047","11","   12524","","0.9903","C"
"4","Trait5","pKWmEB","NsiI.TP310185","11","   12527","","0.3505","A"
"4","Trait5","pKWmEB","NsiI.TP310294","11","   12528","","0.6451","C"
"4","Trait5","pKWmEB","NsiI.TP310336","11","   12529","","0.3815","A"
"4","Trait5","pKWmEB","NsiI.TP310745","11","   12530","","0.0448","C"
"4","Trait5","pKWmEB","NsiI.TP310974","11","   12531","","0.2920","C"
"4","Trait5","pKWmEB","NsiI.TP310983","11","   12532","","0.6850","C"
"4","Trait5","pKWmEB","NsiI.TP310995","11","   12533","","0.4010","A"
"4","Trait5","pKWmEB","NsiI.TP311406","11","   12534","","0.0551","A"
"4","Trait5","pKWmEB","NsiI.TP311798","11","   12538","","0.8096","C"
"4","Trait5","pKWmEB","NsiI.TP311806","11","   12539","","0.0531","G"
"4","Trait5","pKWmEB","NsiI.TP311811","11","   12540","","0.5227","A"
"4","Trait5","pKWmEB","NsiI.TP311817","11","   12541","","0.2270","A"
"4","Trait5","pKWmEB","NsiI.TP311889","11","   12543","","0.0370","A"
"4","Trait5","pKWmEB","NsiI.TP311982","11","   12544","","0.2166","A"
"4","Trait5","pKWmEB","NsiI.TP311991","11","   12545","","1.3193","A"
"4","Trait5","pKWmEB","NsiI.TP312014","11","   12546","","0.3254","A"
"4","Trait5","pKWmEB","NsiI.TP312068","11","   12547","","2.0351","A"
"4","Trait5","pKWmEB","NsiI.TP312207","11","   12548","","0.0494","C"
"4","Trait5","pKWmEB","NsiI.TP312280","11","   12549","","0.0850","A"
"4","Trait5","pKWmEB","NsiI.TP312282","11","   12550","","1.3870","G"
"4","Trait5","pKWmEB","NsiI.TP312305","11","   12551","","0.0359","C"
"4","Trait5","pKWmEB","NsiI.TP312349","11","   12552","","0.6122","C"
"4","Trait5","pKWmEB","NsiI.TP312446","11","   12553","","0.1394","A"
"4","Trait5","pKWmEB","NsiI.TP312757","11","   12556","","0.0417","A"
"4","Trait5","pKWmEB","NsiI.TP312782","11","   12557","","0.1059","C"
"4","Trait5","pKWmEB","NsiI.TP312820","11","   12558","","0.5639","A"
"4","Trait5","pKWmEB","NsiI.TP312988","11","   12559","","0.9996","C"
"4","Trait5","pKWmEB","NsiI.TP313062","11","   12561","","0.4968","A"
"4","Trait5","pKWmEB","NsiI.TP313215","11","   12565","","0.2913","C"
"4","Trait5","pKWmEB","NsiI.TP313292","11","   12566","","0.0159","A"
"4","Trait5","pKWmEB","NsiI.TP313377","11","   12567","","0.4125","C"
"4","Trait5","pKWmEB","NsiI.TP313566","11","   12569","","0.1646","A"
"4","Trait5","pKWmEB","NsiI.TP313664","11","   12570","","0.5218","G"
"4","Trait5","pKWmEB","NsiI.TP313673","11","   12571","","0.0293","C"
"4","Trait5","pKWmEB","NsiI.TP313890","11","   12572","","0.5522","C"
"4","Trait5","pKWmEB","NsiI.TP314017","11","   12573","","0.1075","A"
"4","Trait5","pKWmEB","NsiI.TP314066","11","   12574","","0.8016","C"
"4","Trait5","pKWmEB","NsiI.TP314272","11","   12576","","0.7000","A"
"4","Trait5","pKWmEB","NsiI.TP314287","11","   12577","","1.0503","A"
"4","Trait5","pKWmEB","NsiI.TP314364","11","   12578","","0.4542","C"
"4","Trait5","pKWmEB","NsiI.TP314390","11","   12579","","1.6101","C"
"4","Trait5","pKWmEB","NsiI.TP314429","11","   12580","","0.0771","C"
"4","Trait5","pKWmEB","NsiI.TP314482","11","   12583","","1.0466","C"
"4","Trait5","pKWmEB","NsiI.TP314520","11","   12584","","0.0558","A"
"4","Trait5","pKWmEB","NsiI.TP314863","11","   12585","","0.8096","A"
"4","Trait5","pKWmEB","NsiI.TP314928","11","   12587","","1.7243","A"
"4","Trait5","pKWmEB","NsiI.TP314946","11","   12588","","0.0565","A"
"4","Trait5","pKWmEB","NsiI.TP315096","11","   12589","","1.6429","C"
"4","Trait5","pKWmEB","NsiI.TP315259","11","   12590","","0.7202","C"
"4","Trait5","pKWmEB","NsiI.TP315270","11","   12591","","0.1105","C"
"4","Trait5","pKWmEB","NsiI.TP315318","11","   12592","","0.4940","C"
"4","Trait5","pKWmEB","NsiI.TP316247","11","   12594","","1.1042","G"
"4","Trait5","pKWmEB","NsiI.TP316557","11","   12596","","0.2057","C"
"4","Trait5","pKWmEB","NsiI.TP316589","11","   12597","","0.2608","C"
"4","Trait5","pKWmEB","NsiI.TP316618","11","   12598","","0.1342","A"
"4","Trait5","pKWmEB","NsiI.TP316818","11","   12599","","0.5036","C"
"4","Trait5","pKWmEB","NsiI.TP316971","11","   12601","","1.4596","C"
"4","Trait5","pKWmEB","NsiI.TP317071","11","   12602","","0.6971","C"
"4","Trait5","pKWmEB","NsiI.TP317353","11","   12604","","0.0940","A"
"4","Trait5","pKWmEB","NsiI.TP317451","11","   12605","","0.0673","A"
"4","Trait5","pKWmEB","NsiI.TP317648","11","   12609","","0.3636","C"
"4","Trait5","pKWmEB","NsiI.TP317692","11","   12610","","0.1471","A"
"4","Trait5","pKWmEB","NsiI.TP318439","11","   12616","","0.1116","C"
"4","Trait5","pKWmEB","NsiI.TP318460","11","   12617","","0.4510","C"
"4","Trait5","pKWmEB","NsiI.TP318588","11","   12618","","0.0631","A"
"4","Trait5","pKWmEB","NsiI.TP319118","11","   12620","","0.5047","A"
"4","Trait5","pKWmEB","NsiI.TP319204","11","   12621","","0.0551","C"
"4","Trait5","pKWmEB","NsiI.TP319493","11","   12625","","0.4747","C"
"4","Trait5","pKWmEB","NsiI.TP319516","11","   12626","","0.4568","A"
"4","Trait5","pKWmEB","NsiI.TP319685","11","   12628","","0.9636","G"
"4","Trait5","pKWmEB","NsiI.TP319863","11","   12629","","0.8062","A"
"4","Trait5","pKWmEB","NsiI.TP320101","11","   12631","","0.1167","A"
"4","Trait5","pKWmEB","NsiI.TP320104","11","   12632","","2.5161","A"
"4","Trait5","pKWmEB","NsiI.TP320123","11","   12633","","0.0383","C"
"4","Trait5","pKWmEB","NsiI.TP320244","11","   12635","","0.2288","A"
"4","Trait5","pKWmEB","NsiI.TP320266","11","   12636","","0.2361","C"
"4","Trait5","pKWmEB","NsiI.TP320269","11","   12637","","0.2490","C"
"4","Trait5","pKWmEB","NsiI.TP320321","11","   12638","","0.0071","A"
"4","Trait5","pKWmEB","NsiI.TP320513","11","   12640","","0.7874","A"
"4","Trait5","pKWmEB","NsiI.TP320623","11","   12643","","0.1053","A"
"4","Trait5","pKWmEB","NsiI.TP320702","11","   12644","","0.1781","A"
"4","Trait5","pKWmEB","NsiI.TP320740","11","   12645","","0.7331","A"
"4","Trait5","pKWmEB","NsiI.TP320865","11","   12646","","0.6564","A"
"4","Trait5","pKWmEB","NsiI.TP320877","11","   12647","","0.3294","C"
"4","Trait5","pKWmEB","NsiI.TP320967","11","   12648","","0.1424","A"
"4","Trait5","pKWmEB","NsiI.TP321118","11","   12649","","0.3853","A"
"4","Trait5","pKWmEB","NsiI.TP321206","11","   12650","","0.1952","C"
"4","Trait5","pKWmEB","NsiI.TP321288","11","   12651","","0.1009","G"
"4","Trait5","pKWmEB","NsiI.TP321307","11","   12652","","0.2831","G"
"4","Trait5","pKWmEB","NsiI.TP321487","11","   12654","","0.0564","A"
"4","Trait5","pKWmEB","NsiI.TP321512","11","   12655","","0.4078","G"
"4","Trait5","pKWmEB","NsiI.TP321731","11","   12656","","0.3175","C"
"4","Trait5","pKWmEB","NsiI.TP321874","11","   12658","","0.3216","G"
"4","Trait5","pKWmEB","NsiI.TP322086","11","   12660","","0.0263","G"
"4","Trait5","pKWmEB","NsiI.TP322089","11","   12661","","0.2120","A"
"4","Trait5","pKWmEB","NsiI.TP322205","11","   12663","","0.0269","C"
"4","Trait5","pKWmEB","NsiI.TP322608","11","   12667","","0.1469","C"
"4","Trait5","pKWmEB","NsiI.TP322629","11","   12668","","0.0801","A"
"4","Trait5","pKWmEB","NsiI.TP322666","11","   12669","","0.3116","A"
"4","Trait5","pKWmEB","NsiI.TP322730","11","   12670","","1.4468","C"
"4","Trait5","pKWmEB","NsiI.TP322768","11","   12671","","1.4841","A"
"4","Trait5","pKWmEB","NsiI.TP323141","11","   12676","","0.4915","A"
"4","Trait5","pKWmEB","NsiI.TP323226","11","   12679","","0.2147","A"
"4","Trait5","pKWmEB","NsiI.TP323328","11","   12680","","0.0358","A"
"4","Trait5","pKWmEB","NsiI.TP323678","11","   12681","","0.3943","G"
"4","Trait5","pKWmEB","NsiI.TP323729","11","   12682","","0.0362","A"
"4","Trait5","pKWmEB","NsiI.TP323789","11","   12683","","0.8523","A"
"4","Trait5","pKWmEB","NsiI.TP323814","11","   12684","","0.2791","A"
"4","Trait5","pKWmEB","NsiI.TP323819","11","   12685","","0.2059","C"
"4","Trait5","pKWmEB","NsiI.TP323897","11","   12686","","0.2801","A"
"4","Trait5","pKWmEB","NsiI.TP324061","11","   12690","","1.3938","C"
"4","Trait5","pKWmEB","NsiI.TP324089","11","   12691","","0.1657","C"
"4","Trait5","pKWmEB","NsiI.TP324155","11","   12692","","0.1368","C"
"4","Trait5","pKWmEB","NsiI.TP324215","11","   12693","","0.1195","A"
"4","Trait5","pKWmEB","NsiI.TP324219","11","   12694","","0.1333","A"
"4","Trait5","pKWmEB","NsiI.TP324223","11","   12695","","0.6081","A"
"4","Trait5","pKWmEB","NsiI.TP324424","11","   12697","","1.0729","C"
"4","Trait5","pKWmEB","NsiI.TP324519","11","   12698","","0.8915","C"
"4","Trait5","pKWmEB","NsiI.TP324675","11","   12701","","0.0345","G"
"4","Trait5","pKWmEB","NsiI.TP324718","11","   12702","","0.3643","C"
"4","Trait5","pKWmEB","NsiI.TP324732","11","   12703","","0.0960","C"
"4","Trait5","pKWmEB","NsiI.TP324905","11","   12704","","1.1343","C"
"4","Trait5","pKWmEB","NsiI.TP324949","11","   12705","","0.3116","A"
"4","Trait5","pKWmEB","NsiI.TP325453","11","   12708","","0.1364","C"
"4","Trait5","pKWmEB","NsiI.TP325562","11","   12709","","0.6564","A"
"4","Trait5","pKWmEB","NsiI.TP325589","11","   12710","","0.2036","G"
"4","Trait5","pKWmEB","NsiI.TP325730","11","   12711","","0.2135","C"
"4","Trait5","pKWmEB","NsiI.TP325941","11","   12712","","0.1813","A"
"4","Trait5","pKWmEB","NsiI.TP326582","11","   12715","","0.1610","C"
"4","Trait5","pKWmEB","NsiI.TP326588","11","   12716","","0.9602","A"
"4","Trait5","pKWmEB","NsiI.TP326974","11","   12717","","0.0972","A"
"4","Trait5","pKWmEB","PstI.TP141279","11","   12718","","0.5679","A"
"4","Trait5","pKWmEB","NsiI.TP327085","11","   12718","","0.6208","C"
"4","Trait5","pKWmEB","NsiI.TP327144","11","   12719","","0.1818","C"
"4","Trait5","pKWmEB","NsiI.TP327202","11","   12720","","0.1124","A"
"4","Trait5","pKWmEB","NsiI.TP327219","11","   12721","","0.0223","C"
"4","Trait5","pKWmEB","NsiI.TP327358","11","   12722","","0.0040","A"
"4","Trait5","pKWmEB","NsiI.TP327359","11","   12723","","0.1070","C"
"4","Trait5","pKWmEB","NsiI.TP327383","11","   12724","","0.3792","A"
"4","Trait5","pKWmEB","NsiI.TP327401","11","   12725","","0.1253","G"
"4","Trait5","pKWmEB","NsiI.TP327883","11","   12727","","0.5380","A"
"4","Trait5","pKWmEB","NsiI.TP328018","11","   12728","","0.6380","C"
"4","Trait5","pKWmEB","NsiI.TP328019","11","   12729","","0.1506","A"
"4","Trait5","pKWmEB","NsiI.TP328105","11","   12731","","0.2312","A"
"4","Trait5","pKWmEB","NsiI.TP328133","11","   12732","","0.3488","C"
"4","Trait5","pKWmEB","NsiI.TP328244","11","   12733","","1.0828","C"
"4","Trait5","pKWmEB","NsiI.TP328261","11","   12734","","0.0261","C"
"4","Trait5","pKWmEB","NsiI.TP328345","11","   12736","","0.2642","A"
"4","Trait5","pKWmEB","NsiI.TP328369","11","   12737","","0.4471","C"
"4","Trait5","pKWmEB","NsiI.TP328489","11","   12739","","0.1754","C"
"4","Trait5","pKWmEB","NsiI.TP328730","11","   12742","","0.6917","A"
"4","Trait5","pKWmEB","NsiI.TP328958","11","   12745","","0.6889","G"
"4","Trait5","pKWmEB","NsiI.TP328961","11","   12746","","0.9802","A"
"4","Trait5","pKWmEB","NsiI.TP328982","11","   12748","","1.2044","A"
"4","Trait5","pKWmEB","NsiI.TP329039","11","   12749","","0.4387","A"
"4","Trait5","pKWmEB","NsiI.TP329189","11","   12751","","0.3117","A"
"4","Trait5","pKWmEB","NsiI.TP329199","11","   12752","","0.0860","G"
"4","Trait5","pKWmEB","NsiI.TP329249","11","   12755","","0.6257","C"
"4","Trait5","pKWmEB","NsiI.TP329278","11","   12756","","0.1749","A"
"4","Trait5","pKWmEB","NsiI.TP329293","11","   12757","","0.3225","A"
"4","Trait5","pKWmEB","NsiI.TP329314","11","   12758","","1.2941","A"
"4","Trait5","pKWmEB","NsiI.TP329415","11","   12759","","0.0854","C"
"4","Trait5","pKWmEB","NsiI.TP329495","11","   12761","","0.2741","A"
"4","Trait5","pKWmEB","NsiI.TP329528","11","   12762","","1.1630","A"
"4","Trait5","pKWmEB","NsiI.TP329550","11","   12763","","0.2053","C"
"4","Trait5","pKWmEB","NsiI.TP329575","11","   12764","","1.9945","A"
"4","Trait5","pKWmEB","NsiI.TP329714","11","   12766","","0.3384","C"
"4","Trait5","pKWmEB","NsiI.TP329726","11","   12767","","0.0105","G"
"4","Trait5","pKWmEB","NsiI.TP329943","11","   12769","","0.0660","C"
"4","Trait5","pKWmEB","NsiI.TP329964","11","   12770","","0.1975","C"
"4","Trait5","pKWmEB","NsiI.TP330003","11","   12771","","0.3588","C"
"4","Trait5","pKWmEB","NsiI.TP330061","11","   12772","","0.0734","A"
"4","Trait5","pKWmEB","NsiI.TP330068","11","   12773","","1.3197","A"
"4","Trait5","pKWmEB","NsiI.TP330135","11","   12774","","0.0575","G"
"4","Trait5","pKWmEB","NsiI.TP330230","11","   12775","","0.7616","A"
"4","Trait5","pKWmEB","NsiI.TP330232","11","   12776","","0.2129","A"
"4","Trait5","pKWmEB","NsiI.TP330282","11","   12777","","0.3429","C"
"4","Trait5","pKWmEB","NsiI.TP330416","11","   12778","","0.8837","G"
"4","Trait5","pKWmEB","NsiI.TP330422","11","   12779","","0.1343","A"
"4","Trait5","pKWmEB","NsiI.TP330540","11","   12780","","0.6928","A"
"4","Trait5","pKWmEB","NsiI.TP330881","11","   12782","","0.0278","A"
"4","Trait5","pKWmEB","NsiI.TP331003","11","   12784","","0.2725","C"
"4","Trait5","pKWmEB","NsiI.TP331082","11","   12786","","0.0526","C"
"4","Trait5","pKWmEB","NsiI.TP331093","11","   12787","","0.7370","C"
"4","Trait5","pKWmEB","NsiI.TP331221","11","   12788","","0.3880","C"
"4","Trait5","pKWmEB","NsiI.TP331229","11","   12789","","0.5136","A"
"4","Trait5","pKWmEB","NsiI.TP331241","11","   12790","","0.4899","C"
"4","Trait5","pKWmEB","NsiI.TP331306","11","   12791","","0.1769","G"
"4","Trait5","pKWmEB","NsiI.TP331617","11","   12793","","0.2518","C"
"4","Trait5","pKWmEB","NsiI.TP331738","11","   12794","","0.2136","A"
"4","Trait5","pKWmEB","NsiI.TP331832","11","   12795","","0.6041","A"
"4","Trait5","pKWmEB","NsiI.TP331922","11","   12796","","0.0038","C"
"4","Trait5","pKWmEB","NsiI.TP332442","11","   12799","","1.1927","A"
"4","Trait5","pKWmEB","NsiI.TP332485","11","   12800","","1.6167","C"
"4","Trait5","pKWmEB","NsiI.TP332502","11","   12801","","0.7864","A"
"4","Trait5","pKWmEB","NsiI.TP332539","11","   12802","","0.1228","G"
"4","Trait5","pKWmEB","NsiI.TP332579","11","   12803","","0.2614","A"
"4","Trait5","pKWmEB","NsiI.TP333037","11","   12805","","0.3151","A"
"4","Trait5","pKWmEB","NsiI.TP333462","11","   12807","","0.0998","C"
"4","Trait5","pKWmEB","NsiI.TP333584","11","   12808","","0.2413","C"
"4","Trait5","pKWmEB","NsiI.TP333705","11","   12809","","1.3872","C"
"4","Trait5","pKWmEB","NsiI.TP333882","11","   12811","","0.0071","C"
"4","Trait5","pKWmEB","NsiI.TP333914","11","   12812","","1.2716","A"
"4","Trait5","pKWmEB","NsiI.TP333958","11","   12813","","0.4867","A"
"4","Trait5","pKWmEB","NsiI.TP333980","11","   12814","","0.7645","C"
"4","Trait5","pKWmEB","NsiI.TP333998","11","   12816","","0.4918","G"
"4","Trait5","pKWmEB","NsiI.TP334059","11","   12817","","1.0411","C"
"4","Trait5","pKWmEB","NsiI.TP334084","11","   12818","","1.1345","A"
"4","Trait5","pKWmEB","NsiI.TP335173","11","   12820","","0.3725","C"
"4","Trait5","pKWmEB","NsiI.TP335176","11","   12821","","0.0999","C"
"4","Trait5","pKWmEB","NsiI.TP335196","11","   12822","","0.0945","C"
"4","Trait5","pKWmEB","NsiI.TP335486","11","   12824","","0.1548","C"
"4","Trait5","pKWmEB","NsiI.TP335634","11","   12825","","0.3760","C"
"4","Trait5","pKWmEB","NsiI.TP335653","11","   12826","","1.2358","A"
"4","Trait5","pKWmEB","NsiI.TP336234","11","   12829","","0.8383","C"
"4","Trait5","pKWmEB","NsiI.TP336245","11","   12830","","0.8302","G"
"4","Trait5","pKWmEB","NsiI.TP336246","11","   12831","","0.2782","C"
"4","Trait5","pKWmEB","NsiI.TP336384","11","   12833","","0.1239","G"
"4","Trait5","pKWmEB","NsiI.TP336427","11","   12834","","0.1350","C"
"4","Trait5","pKWmEB","NsiI.TP336567","11","   12835","","0.9463","A"
"4","Trait5","pKWmEB","NsiI.TP336597","11","   12836","","0.1973","C"
"4","Trait5","pKWmEB","NsiI.TP336647","11","   12837","","0.0121","A"
"4","Trait5","pKWmEB","NsiI.TP336731","11","   12838","","0.1878","A"
"4","Trait5","pKWmEB","NsiI.TP336782","11","   12839","","0.2904","G"
"4","Trait5","pKWmEB","NsiI.TP336870","11","   12841","","0.0503","A"
"4","Trait5","pKWmEB","NsiI.TP336902","11","   12842","","0.0448","A"
"4","Trait5","pKWmEB","NsiI.TP337191","11","   12843","","0.3831","A"
"4","Trait5","pKWmEB","NsiI.TP337196","11","   12844","","0.8868","C"
"4","Trait5","pKWmEB","NsiI.TP337205","11","   12845","","0.0646","A"
"4","Trait5","pKWmEB","NsiI.TP337249","11","   12846","","0.0562","C"
"4","Trait5","pKWmEB","NsiI.TP337278","11","   12847","","0.1259","G"
"4","Trait5","pKWmEB","NsiI.TP337305","11","   12848","","1.2546","C"
"4","Trait5","pKWmEB","NsiI.TP337357","11","   12849","","1.0071","C"
"4","Trait5","pKWmEB","NsiI.TP337369","11","   12850","","0.4258","A"
"4","Trait5","pKWmEB","NsiI.TP337434","11","   12851","","0.5378","C"
"4","Trait5","pKWmEB","NsiI.TP337674","11","   12853","","0.0749","A"
"4","Trait5","pKWmEB","NsiI.TP337699","11","   12854","","0.0232","C"
"4","Trait5","pKWmEB","NsiI.TP337871","11","   12856","","1.2702","A"
"4","Trait5","pKWmEB","NsiI.TP338052","11","   12857","","0.4104","C"
"4","Trait5","pKWmEB","NsiI.TP338068","11","   12858","","0.8769","C"
"4","Trait5","pKWmEB","NsiI.TP338074","11","   12859","","0.2659","A"
"4","Trait5","pKWmEB","NsiI.TP338288","11","   12862","","0.8516","A"
"4","Trait5","pKWmEB","NsiI.TP338714","11","   12864","","0.0370","C"
"4","Trait5","pKWmEB","NsiI.TP338721","11","   12865","","0.4523","C"
"4","Trait5","pKWmEB","NsiI.TP338772","11","   12866","","0.8157","C"
"4","Trait5","pKWmEB","NsiI.TP338774","11","   12867","","0.1160","A"
"4","Trait5","pKWmEB","NsiI.TP338838","11","   12868","","0.7636","C"
"4","Trait5","pKWmEB","NsiI.TP338850","11","   12869","","0.3175","C"
"4","Trait5","pKWmEB","NsiI.TP339652","11","   12871","","0.2261","A"
"4","Trait5","pKWmEB","NsiI.TP339690","11","   12872","","0.2956","G"
"4","Trait5","pKWmEB","NsiI.TP339752","11","   12874","","1.2713","C"
"4","Trait5","pKWmEB","NsiI.TP339779","11","   12875","","0.0378","C"
"4","Trait5","pKWmEB","NsiI.TP340172","11","   12879","","3.3158","A"
"4","Trait5","pKWmEB","NsiI.TP340724","11","   12881","","0.0326","C"
"4","Trait5","pKWmEB","NsiI.TP340788","11","   12882","","0.9855","C"
"4","Trait5","pKWmEB","NsiI.TP340807","11","   12884","","0.8051","C"
"4","Trait5","pKWmEB","NsiI.TP340957","11","   12887","","0.8774","C"
"4","Trait5","pKWmEB","NsiI.TP341014","11","   12888","","0.2921","C"
"4","Trait5","pKWmEB","NsiI.TP341077","11","   12889","","1.1019","A"
"4","Trait5","pKWmEB","NsiI.TP341131","11","   12890","","0.3654","C"
"4","Trait5","pKWmEB","NsiI.TP341172","11","   12891","","0.2552","C"
"4","Trait5","pKWmEB","NsiI.TP341195","11","   12892","","0.8707","A"
"4","Trait5","pKWmEB","NsiI.TP341667","11","   12893","","0.1195","A"
"4","Trait5","pKWmEB","NsiI.TP341679","11","   12894","","0.2020","C"
"4","Trait5","pKWmEB","NsiI.TP341785","11","   12895","","0.1962","C"
"4","Trait5","pKWmEB","NsiI.TP341871","11","   12896","","0.3867","C"
"4","Trait5","pKWmEB","NsiI.TP342027","11","   12897","","0.2917","A"
"4","Trait5","pKWmEB","NsiI.TP342603","11","   12898","","0.0332","C"
"4","Trait5","pKWmEB","NsiI.TP342731","11","   12899","","0.3048","A"
"4","Trait5","pKWmEB","NsiI.TP343288","11","   12901","","1.7964","C"
"4","Trait5","pKWmEB","NsiI.TP343301","11","   12902","","0.1951","G"
"4","Trait5","pKWmEB","NsiI.TP343459","11","   12903","","0.2185","C"
"4","Trait5","pKWmEB","NsiI.TP343512","11","   12904","","0.0988","C"
"4","Trait5","pKWmEB","NsiI.TP343534","11","   12905","","0.3404","C"
"4","Trait5","pKWmEB","NsiI.TP343718","11","   12907","","0.1558","G"
"4","Trait5","pKWmEB","NsiI.TP343761","11","   12909","","0.7167","C"
"4","Trait5","pKWmEB","NsiI.TP343846","11","   12910","","0.4382","A"
"4","Trait5","pKWmEB","NsiI.TP343969","11","   12911","","1.0701","A"
"4","Trait5","pKWmEB","NsiI.TP344303","11","   12913","","0.7680","A"
"4","Trait5","pKWmEB","NsiI.TP344445","11","   12914","","0.7545","A"
"4","Trait5","pKWmEB","NsiI.TP344759","11","   12916","","0.9310","C"
"4","Trait5","pKWmEB","NsiI.TP344870","11","   12918","","0.2184","A"
"4","Trait5","pKWmEB","NsiI.TP345051","11","   12919","","0.5807","A"
"4","Trait5","pKWmEB","NsiI.TP345077","11","   12920","","0.2682","C"
"4","Trait5","pKWmEB","NsiI.TP345205","11","   12921","","0.1703","A"
"4","Trait5","pKWmEB","NsiI.TP345277","11","   12922","","0.6599","A"
"4","Trait5","pKWmEB","NsiI.TP345716","11","   12923","","0.1146","A"
"4","Trait5","pKWmEB","NsiI.TP345800","11","   12925","","0.6741","A"
"4","Trait5","pKWmEB","NsiI.TP345837","11","   12926","","0.1010","A"
"4","Trait5","pKWmEB","NsiI.TP345903","11","   12927","","0.0822","A"
"4","Trait5","pKWmEB","NsiI.TP345947","11","   12929","","0.5917","C"
"4","Trait5","pKWmEB","NsiI.TP345953","11","   12930","","0.5345","C"
"4","Trait5","pKWmEB","NsiI.TP346003","11","   12933","","0.1756","A"
"4","Trait5","pKWmEB","NsiI.TP346051","11","   12934","","1.5401","C"
"4","Trait5","pKWmEB","NsiI.TP346232","11","   12936","","0.4737","C"
"4","Trait5","pKWmEB","NsiI.TP346601","11","   12940","","0.7428","A"
"4","Trait5","pKWmEB","NsiI.TP346609","11","   12941","","0.9492","C"
"4","Trait5","pKWmEB","NsiI.TP346687","11","   12942","","0.5727","C"
"4","Trait5","pKWmEB","NsiI.TP347450","11","   12945","","0.3900","A"
"4","Trait5","pKWmEB","NsiI.TP347553","11","   12946","","0.6308","A"
"4","Trait5","pKWmEB","NsiI.TP347655","11","   12948","","0.0204","A"
"4","Trait5","pKWmEB","NsiI.TP347686","11","   12949","","0.4448","A"
"4","Trait5","pKWmEB","NsiI.TP347852","11","   12951","","0.5747","A"
"4","Trait5","pKWmEB","NsiI.TP348071","11","   12953","","0.8645","A"
"4","Trait5","pKWmEB","NsiI.TP348272","11","   12954","","0.3289","C"
"4","Trait5","pKWmEB","NsiI.TP348366","11","   12955","","0.2014","A"
"4","Trait5","pKWmEB","NsiI.TP348381","11","   12956","","0.9016","C"
"4","Trait5","pKWmEB","NsiI.TP348666","11","   12958","","0.1683","C"
"4","Trait5","pKWmEB","NsiI.TP348758","11","   12960","","0.3051","C"
"4","Trait5","pKWmEB","NsiI.TP349261","11","   12963","","0.4569","A"
"4","Trait5","pKWmEB","NsiI.TP349535","11","   12964","","0.3656","A"
"4","Trait5","pKWmEB","NsiI.TP349591","11","   12965","","0.6026","G"
"4","Trait5","pKWmEB","NsiI.TP349632","11","   12967","","0.0071","A"
"4","Trait5","pKWmEB","NsiI.TP349700","11","   12968","","0.3668","A"
"4","Trait5","pKWmEB","NsiI.TP349745","11","   12969","","0.4259","A"
"4","Trait5","pKWmEB","NsiI.TP349831","11","   12970","","0.3183","A"
"4","Trait5","pKWmEB","NsiI.TP349909","11","   12971","","0.0854","A"
"4","Trait5","pKWmEB","NsiI.TP350066","11","   12972","","0.1252","A"
"4","Trait5","pKWmEB","NsiI.TP350377","11","   12973","","0.5400","C"
"4","Trait5","pKWmEB","NsiI.TP350512","11","   12975","","1.0514","C"
"4","Trait5","pKWmEB","NsiI.TP350577","11","   12976","","1.2244","A"
"4","Trait5","pKWmEB","NsiI.TP350683","11","   12977","","0.0983","C"
"4","Trait5","pKWmEB","NsiI.TP350907","11","   12979","","0.2921","G"
"4","Trait5","pKWmEB","NsiI.TP350913","11","   12980","","1.5421","A"
"4","Trait5","pKWmEB","NsiI.TP351182","11","   12983","","0.2136","A"
"4","Trait5","pKWmEB","NsiI.TP351231","11","   12984","","0.0009","C"
"4","Trait5","pKWmEB","NsiI.TP351366","11","   12985","","0.3558","C"
"4","Trait5","pKWmEB","NsiI.TP351424","11","   12986","","0.0436","C"
"4","Trait5","pKWmEB","NsiI.TP351426","11","   12987","","0.4804","A"
"4","Trait5","pKWmEB","NsiI.TP351550","11","   12989","","0.4242","A"
"4","Trait5","pKWmEB","NsiI.TP351688","11","   12990","","0.8792","A"
"4","Trait5","pKWmEB","NsiI.TP352174","11","   12994","","0.6509","A"
"4","Trait5","pKWmEB","NsiI.TP352352","11","   12995","","0.2831","C"
"4","Trait5","pKWmEB","NsiI.TP352508","11","   12997","","0.1558","G"
"4","Trait5","pKWmEB","NsiI.TP352656","11","   12998","","0.1347","A"
"4","Trait5","pKWmEB","NsiI.TP352836","11","   12999","","0.3057","C"
"4","Trait5","pKWmEB","NsiI.TP352961","11","   13000","","0.0573","A"
"4","Trait5","pKWmEB","NsiI.TP353009","11","   13001","","0.2474","A"
"4","Trait5","pKWmEB","NsiI.TP353028","11","   13002","","0.1206","C"
"4","Trait5","pKWmEB","NsiI.TP353064","11","   13004","","0.2680","G"
"4","Trait5","pKWmEB","NsiI.TP353108","11","   13006","","0.4235","C"
"4","Trait5","pKWmEB","NsiI.TP353194","11","   13010","","0.0123","C"
"4","Trait5","pKWmEB","NsiI.TP353467","11","   13011","","0.2033","C"
"4","Trait5","pKWmEB","NsiI.TP353473","11","   13012","","1.3931","C"
"4","Trait5","pKWmEB","NsiI.TP353589","11","   13013","","0.0925","C"
"4","Trait5","pKWmEB","NsiI.TP353678","11","   13014","","0.7511","C"
"4","Trait5","pKWmEB","NsiI.TP353788","11","   13017","","0.9621","C"
"4","Trait5","pKWmEB","NsiI.TP354047","11","   13018","","0.3415","A"
"4","Trait5","pKWmEB","NsiI.TP354103","11","   13019","","0.2759","A"
"4","Trait5","pKWmEB","NsiI.TP354241","11","   13021","","0.7360","A"
"4","Trait5","pKWmEB","NsiI.TP354271","11","   13022","","0.4529","G"
"4","Trait5","pKWmEB","NsiI.TP354382","11","   13023","","0.5822","C"
"4","Trait5","pKWmEB","NsiI.TP354402","11","   13024","","1.0381","C"
"4","Trait5","pKWmEB","NsiI.TP354578","11","   13026","","0.6113","C"
"4","Trait5","pKWmEB","NsiI.TP354677","11","   13027","","0.4193","C"
"4","Trait5","pKWmEB","NsiI.TP354789","11","   13028","","0.1941","C"
"4","Trait5","pKWmEB","NsiI.TP355028","11","   13031","","0.4604","A"
"4","Trait5","pKWmEB","NsiI.TP355168","11","   13033","","0.0462","C"
"4","Trait5","pKWmEB","NsiI.TP355225","11","   13034","","0.1082","A"
"4","Trait5","pKWmEB","NsiI.TP355289","11","   13035","","0.1954","A"
"4","Trait5","pKWmEB","NsiI.TP355661","11","   13037","","0.2743","A"
"4","Trait5","pKWmEB","NsiI.TP355758","11","   13038","","0.3580","A"
"4","Trait5","pKWmEB","NsiI.TP355777","11","   13039","","0.9116","A"
"4","Trait5","pKWmEB","NsiI.TP355787","11","   13040","","0.5181","G"
"4","Trait5","pKWmEB","NsiI.TP355818","11","   13041","","0.6914","C"
"4","Trait5","pKWmEB","NsiI.TP355888","11","   13042","","0.2209","A"
"4","Trait5","pKWmEB","NsiI.TP355965","11","   13043","","1.2237","A"
"4","Trait5","pKWmEB","NsiI.TP356287","11","   13044","","0.0454","G"
"4","Trait5","pKWmEB","NsiI.TP356849","11","   13047","","0.4417","C"
"4","Trait5","pKWmEB","NsiI.TP356855","11","   13048","","0.6599","A"
"4","Trait5","pKWmEB","NsiI.TP357068","11","   13049","","0.0278","A"
"4","Trait5","pKWmEB","NsiI.TP357081","11","   13050","","1.1980","A"
"4","Trait5","pKWmEB","NsiI.TP357082","11","   13051","","0.1057","A"
"4","Trait5","pKWmEB","NsiI.TP357178","11","   13055","","0.2473","A"
"4","Trait5","pKWmEB","NsiI.TP357271","11","   13056","","0.3665","C"
"4","Trait5","pKWmEB","NsiI.TP357352","11","   13057","","0.5944","G"
"4","Trait5","pKWmEB","NsiI.TP357380","11","   13058","","0.8104","A"
"4","Trait5","pKWmEB","NsiI.TP358152","11","   13062","","0.4193","C"
"4","Trait5","pKWmEB","NsiI.TP358223","11","   13064","","0.2054","G"
"4","Trait5","pKWmEB","NsiI.TP358239","11","   13065","","0.0193","C"
"4","Trait5","pKWmEB","NsiI.TP358254","11","   13066","","0.0233","C"
"4","Trait5","pKWmEB","NsiI.TP358257","11","   13067","","0.3706","A"
"4","Trait5","pKWmEB","NsiI.TP358261","11","   13068","","0.1378","A"
"4","Trait5","pKWmEB","NsiI.TP358272","11","   13069","","0.5025","C"
"4","Trait5","pKWmEB","NsiI.TP358399","11","   13070","","0.7410","A"
"4","Trait5","pKWmEB","NsiI.TP358599","11","   13071","","0.2366","A"
"4","Trait5","pKWmEB","NsiI.TP358725","11","   13072","","0.6784","C"
"4","Trait5","pKWmEB","NsiI.TP358726","11","   13073","","0.9176","G"
"4","Trait5","pKWmEB","NsiI.TP358792","11","   13074","","0.4737","A"
"4","Trait5","pKWmEB","NsiI.TP358793","11","   13075","","0.8474","A"
"4","Trait5","pKWmEB","NsiI.TP358883","11","   13076","","0.2430","C"
"4","Trait5","pKWmEB","NsiI.TP358942","11","   13077","","0.1878","A"
"4","Trait5","pKWmEB","NsiI.TP359033","11","   13078","","1.1070","A"
"4","Trait5","pKWmEB","NsiI.TP359068","11","   13079","","0.7218","C"
"4","Trait5","pKWmEB","NsiI.TP359116","11","   13080","","0.0105","A"
"4","Trait5","pKWmEB","NsiI.TP359191","11","   13081","","0.3102","A"
"4","Trait5","pKWmEB","NsiI.TP359324","11","   13082","","0.0629","A"
"4","Trait5","pKWmEB","NsiI.TP359521","11","   13084","","0.1302","C"
"4","Trait5","pKWmEB","NsiI.TP359530","11","   13085","","0.2737","C"
"4","Trait5","pKWmEB","NsiI.TP359659","11","   13087","","0.2636","A"
"4","Trait5","pKWmEB","NsiI.TP359987","11","   13091","","0.7346","A"
"4","Trait5","pKWmEB","NsiI.TP360018","11","   13092","","0.7273","G"
"4","Trait5","pKWmEB","NsiI.TP360284","11","   13094","","0.1333","A"
"4","Trait5","pKWmEB","NsiI.TP360312","11","   13095","","0.8861","C"
"4","Trait5","pKWmEB","NsiI.TP360313","11","   13096","","1.3888","C"
"4","Trait5","pKWmEB","NsiI.TP360446","11","   13097","","1.0673","C"
"4","Trait5","pKWmEB","NsiI.TP360568","11","   13098","","0.0635","A"
"4","Trait5","pKWmEB","NsiI.TP360632","11","   13099","","0.0323","A"
"4","Trait5","pKWmEB","NsiI.TP360652","11","   13100","","0.6292","A"
"4","Trait5","pKWmEB","NsiI.TP360703","11","   13101","","0.2136","A"
"4","Trait5","pKWmEB","NsiI.TP360709","11","   13102","","0.0198","A"
"4","Trait5","pKWmEB","NsiI.TP360730","11","   13104","","0.0989","A"
"4","Trait5","pKWmEB","NsiI.TP360904","11","   13105","","0.6479","C"
"4","Trait5","pKWmEB","NsiI.TP360926","11","   13107","","0.1068","A"
"4","Trait5","pKWmEB","NsiI.TP360972","11","   13108","","0.3751","A"
"4","Trait5","pKWmEB","NsiI.TP361161","11","   13110","","0.6054","A"
"4","Trait5","pKWmEB","NsiI.TP361309","11","   13111","","0.0613","C"
"4","Trait5","pKWmEB","NsiI.TP361343","11","   13112","","0.0942","G"
"4","Trait5","pKWmEB","NsiI.TP361408","11","   13113","","0.3912","A"
"4","Trait5","pKWmEB","NsiI.TP361493","11","   13114","","0.1980","A"
"4","Trait5","pKWmEB","NsiI.TP361594","11","   13115","","0.0607","A"
"4","Trait5","pKWmEB","NsiI.TP361679","11","   13117","","0.1568","C"
"4","Trait5","pKWmEB","NsiI.TP361680","11","   13118","","0.2775","C"
"4","Trait5","pKWmEB","NsiI.TP361756","11","   13119","","0.7988","A"
"4","Trait5","pKWmEB","NsiI.TP361880","11","   13120","","0.7675","C"
"4","Trait5","pKWmEB","NsiI.TP362071","11","   13121","","0.1920","A"
"4","Trait5","pKWmEB","NsiI.TP362113","11","   13122","","0.4191","A"
"4","Trait5","pKWmEB","NsiI.TP362299","11","   13124","","0.4341","C"
"4","Trait5","pKWmEB","NsiI.TP362358","11","   13127","","1.6928","A"
"4","Trait5","pKWmEB","NsiI.TP362412","11","   13128","","0.0831","A"
"4","Trait5","pKWmEB","NsiI.TP362413","11","   13129","","0.7240","C"
"4","Trait5","pKWmEB","NsiI.TP362606","11","   13131","","1.2366","A"
"4","Trait5","pKWmEB","NsiI.TP362607","11","   13132","","0.0314","C"
"4","Trait5","pKWmEB","NsiI.TP362609","11","   13133","","0.1442","A"
"4","Trait5","pKWmEB","NsiI.TP362834","11","   13134","","0.0141","G"
"4","Trait5","pKWmEB","NsiI.TP363057","11","   13135","","0.4142","A"
"4","Trait5","pKWmEB","NsiI.TP363117","11","   13136","","0.3289","A"
"4","Trait5","pKWmEB","NsiI.TP363125","11","   13137","","0.0037","A"
"4","Trait5","pKWmEB","NsiI.TP363227","11","   13138","","1.5794","A"
"4","Trait5","pKWmEB","NsiI.TP363444","11","   13139","","0.0487","G"
"4","Trait5","pKWmEB","NsiI.TP363465","11","   13141","","0.2722","A"
"4","Trait5","pKWmEB","NsiI.TP363471","11","   13142","","0.3976","A"
"4","Trait5","pKWmEB","NsiI.TP363507","11","   13143","","0.1103","C"
"4","Trait5","pKWmEB","NsiI.TP363699","11","   13144","","0.2246","C"
"4","Trait5","pKWmEB","NsiI.TP363730","11","   13145","","0.3216","A"
"4","Trait5","pKWmEB","NsiI.TP363739","11","   13146","","0.0485","A"
"4","Trait5","pKWmEB","NsiI.TP363762","11","   13147","","0.2648","C"
"4","Trait5","pKWmEB","NsiI.TP363886","11","   13149","","0.0061","C"
"4","Trait5","pKWmEB","NsiI.TP363890","11","   13150","","0.2924","A"
"4","Trait5","pKWmEB","NsiI.TP363892","11","   13151","","0.5339","A"
"4","Trait5","pKWmEB","NsiI.TP364108","11","   13152","","0.0132","A"
"4","Trait5","pKWmEB","NsiI.TP364284","11","   13153","","0.0136","G"
"4","Trait5","pKWmEB","NsiI.TP364287","11","   13154","","0.1342","C"
"4","Trait5","pKWmEB","NsiI.TP364672","11","   13155","","0.0869","A"
"4","Trait5","pKWmEB","NsiI.TP364845","11","   13156","","0.6807","A"
"4","Trait5","pKWmEB","NsiI.TP365006","11","   13157","","0.8421","C"
"4","Trait5","pKWmEB","NsiI.TP365078","11","   13158","","0.2862","A"
"4","Trait5","pKWmEB","NsiI.TP365675","11","   13159","","0.1167","A"
"4","Trait5","pKWmEB","NsiI.TP365772","11","   13160","","1.2635","A"
"4","Trait5","pKWmEB","NsiI.TP365895","11","   13161","","0.0474","C"
"4","Trait5","pKWmEB","NsiI.TP365973","11","   13162","","0.6758","A"
"4","Trait5","pKWmEB","NsiI.TP366164","11","   13169","","0.1449","A"
"4","Trait5","pKWmEB","NsiI.TP366176","11","   13170","","0.2586","A"
"4","Trait5","pKWmEB","NsiI.TP366177","11","   13171","","0.0268","G"
"4","Trait5","pKWmEB","NsiI.TP366197","11","   13172","","0.2634","A"
"4","Trait5","pKWmEB","NsiI.TP366678","11","   13174","","0.0000","A"
"4","Trait5","pKWmEB","NsiI.TP366771","11","   13176","","0.4462","C"
"4","Trait5","pKWmEB","NsiI.TP366855","11","   13177","","0.5099","A"
"4","Trait5","pKWmEB","NsiI.TP366870","11","   13178","","0.5111","A"
"4","Trait5","pKWmEB","NsiI.TP366891","11","   13179","","0.6257","C"
"4","Trait5","pKWmEB","NsiI.TP367020","11","   13181","","0.7251","C"
"4","Trait5","pKWmEB","NsiI.TP367027","11","   13182","","1.1896","A"
"4","Trait5","pKWmEB","NsiI.TP367058","11","   13183","","0.7928","C"
"4","Trait5","pKWmEB","NsiI.TP367183","11","   13184","","0.7192","A"
"4","Trait5","pKWmEB","NsiI.TP367237","11","   13185","","0.7300","A"
"4","Trait5","pKWmEB","NsiI.TP367256","11","   13186","","0.0162","C"
"4","Trait5","pKWmEB","NsiI.TP367264","11","   13187","","0.3742","A"
"4","Trait5","pKWmEB","NsiI.TP367336","11","   13188","","0.1296","C"
"4","Trait5","pKWmEB","NsiI.TP367351","11","   13189","","0.5613","A"
"4","Trait5","pKWmEB","NsiI.TP367495","11","   13192","","0.2370","A"
"4","Trait5","pKWmEB","NsiI.TP367592","11","   13193","","0.5084","A"
"4","Trait5","pKWmEB","NsiI.TP367706","11","   13195","","0.0631","C"
"4","Trait5","pKWmEB","NsiI.TP367709","11","   13196","","0.5190","A"
"4","Trait5","pKWmEB","NsiI.TP367819","11","   13197","","0.6381","C"
"4","Trait5","pKWmEB","NsiI.TP368023","11","   13199","","0.5107","A"
"4","Trait5","pKWmEB","NsiI.TP368101","11","   13200","","1.4650","A"
"4","Trait5","pKWmEB","NsiI.TP368818","11","   13201","","0.7798","C"
"4","Trait5","pKWmEB","NsiI.TP368873","11","   13202","","0.6071","C"
"4","Trait5","pKWmEB","NsiI.TP368933","11","   13203","","0.0373","C"
"4","Trait5","pKWmEB","NsiI.TP369064","11","   13206","","0.2584","A"
"4","Trait5","pKWmEB","NsiI.TP369090","11","   13208","","0.1389","G"
"4","Trait5","pKWmEB","NsiI.TP369099","11","   13209","","0.1014","A"
"4","Trait5","pKWmEB","NsiI.TP369161","11","   13210","","0.1522","A"
"4","Trait5","pKWmEB","NsiI.TP369279","11","   13211","","0.2580","C"
"4","Trait5","pKWmEB","NsiI.TP369359","11","   13212","","0.2248","C"
"4","Trait5","pKWmEB","NsiI.TP369413","11","   13214","","0.3183","C"
"4","Trait5","pKWmEB","NsiI.TP369451","11","   13216","","0.8811","G"
"4","Trait5","pKWmEB","NsiI.TP369452","11","   13217","","0.6173","A"
"4","Trait5","pKWmEB","NsiI.TP369490","11","   13219","","0.2987","A"
"4","Trait5","pKWmEB","NsiI.TP369801","11","   13220","","1.1744","A"
"4","Trait5","pKWmEB","NsiI.TP369860","11","   13221","","0.0984","C"
"4","Trait5","pKWmEB","NsiI.TP370006","11","   13222","","0.0722","A"
"4","Trait5","pKWmEB","NsiI.TP370456","11","   13225","","0.1328","A"
"4","Trait5","pKWmEB","NsiI.TP370466","11","   13226","","0.9459","C"
"4","Trait5","pKWmEB","NsiI.TP370606","11","   13227","","0.5716","A"
"4","Trait5","pKWmEB","NsiI.TP370639","11","   13228","","0.0631","A"
"4","Trait5","pKWmEB","NsiI.TP370657","11","   13229","","0.2607","C"
"4","Trait5","pKWmEB","NsiI.TP370698","11","   13230","","0.0047","C"
"4","Trait5","pKWmEB","NsiI.TP370701","11","   13231","","1.4485","A"
"4","Trait5","pKWmEB","NsiI.TP370773","11","   13232","","0.0604","G"
"4","Trait5","pKWmEB","NsiI.TP370797","11","   13233","","1.3492","C"
"4","Trait5","pKWmEB","NsiI.TP370872","11","   13236","","0.3074","C"
"4","Trait5","pKWmEB","NsiI.TP370973","11","   13237","","0.3654","C"
"4","Trait5","pKWmEB","NsiI.TP371077","11","   13238","","1.6366","G"
"4","Trait5","pKWmEB","NsiI.TP371149","11","   13240","","0.0970","A"
"4","Trait5","pKWmEB","NsiI.TP371513","11","   13241","","0.3601","C"
"4","Trait5","pKWmEB","NsiI.TP371701","11","   13242","","0.1278","A"
"4","Trait5","pKWmEB","NsiI.TP371724","11","   13243","","0.7697","C"
"4","Trait5","pKWmEB","NsiI.TP371761","11","   13244","","0.0064","C"
"4","Trait5","pKWmEB","NsiI.TP372179","11","   13245","","0.6215","A"
"4","Trait5","pKWmEB","NsiI.TP372712","11","   13248","","0.7046","A"
"4","Trait5","pKWmEB","NsiI.TP372807","11","   13249","","0.0779","C"
"4","Trait5","pKWmEB","NsiI.TP372828","11","   13250","","0.3210","C"
"4","Trait5","pKWmEB","NsiI.TP373041","11","   13252","","0.0890","A"
"4","Trait5","pKWmEB","NsiI.TP373067","11","   13253","","0.2666","A"
"4","Trait5","pKWmEB","NsiI.TP373151","11","   13254","","0.3458","G"
"4","Trait5","pKWmEB","NsiI.TP373162","11","   13255","","1.3712","C"
"4","Trait5","pKWmEB","NsiI.TP373424","11","   13257","","0.9798","C"
"4","Trait5","pKWmEB","NsiI.TP373581","11","   13258","","1.0581","A"
"4","Trait5","pKWmEB","NsiI.TP373942","11","   13260","","0.2644","A"
"4","Trait5","pKWmEB","NsiI.TP374113","11","   13261","","0.0630","A"
"4","Trait5","pKWmEB","NsiI.TP374397","11","   13262","","0.0886","C"
"4","Trait5","pKWmEB","NsiI.TP374405","11","   13263","","0.8156","C"
"4","Trait5","pKWmEB","NsiI.TP374411","11","   13264","","0.3739","A"
"4","Trait5","pKWmEB","NsiI.TP374704","11","   13267","","0.0218","C"
"4","Trait5","pKWmEB","NsiI.TP374737","11","   13268","","0.0565","A"
"4","Trait5","pKWmEB","NsiI.TP374805","11","   13270","","0.2840","A"
"4","Trait5","pKWmEB","NsiI.TP374987","11","   13273","","0.5165","C"
"4","Trait5","pKWmEB","NsiI.TP375188","11","   13274","","1.2277","A"
"4","Trait5","pKWmEB","NsiI.TP375220","11","   13275","","0.3121","A"
"4","Trait5","pKWmEB","NsiI.TP375293","11","   13276","","0.3442","A"
"4","Trait5","pKWmEB","NsiI.TP375341","11","   13277","","0.7107","C"
"4","Trait5","pKWmEB","NsiI.TP375418","11","   13279","","0.2583","C"
"4","Trait5","pKWmEB","NsiI.TP375430","11","   13280","","0.0500","C"
"4","Trait5","pKWmEB","NsiI.TP375455","11","   13281","","0.5954","A"
"4","Trait5","pKWmEB","NsiI.TP375571","11","   13283","","0.3105","A"
"4","Trait5","pKWmEB","NsiI.TP375610","11","   13284","","0.3631","C"
"4","Trait5","pKWmEB","NsiI.TP375642","11","   13285","","0.8723","C"
"4","Trait5","pKWmEB","NsiI.TP375729","11","   13287","","0.8431","A"
"4","Trait5","pKWmEB","NsiI.TP375865","11","   13289","","0.4071","A"
"4","Trait5","pKWmEB","NsiI.TP375874","11","   13290","","1.5677","A"
"4","Trait5","pKWmEB","NsiI.TP375920","11","   13291","","0.7122","A"
"4","Trait5","pKWmEB","NsiI.TP376017","11","   13292","","0.3181","C"
"4","Trait5","pKWmEB","NsiI.TP376066","11","   13294","","0.2588","C"
"4","Trait5","pKWmEB","NsiI.TP376074","11","   13295","","0.8292","A"
"4","Trait5","pKWmEB","NsiI.TP376139","11","   13296","","0.5830","A"
"4","Trait5","pKWmEB","NsiI.TP376570","11","   13299","","0.0464","A"
"4","Trait5","pKWmEB","NsiI.TP376743","11","   13300","","0.3439","C"
"4","Trait5","pKWmEB","NsiI.TP376960","11","   13302","","0.3028","C"
"4","Trait5","pKWmEB","NsiI.TP377223","11","   13305","","0.1146","A"
"4","Trait5","pKWmEB","NsiI.TP377407","11","   13306","","0.3871","A"
"4","Trait5","pKWmEB","NsiI.TP377416","11","   13307","","2.0821","A"
"4","Trait5","pKWmEB","NsiI.TP377434","11","   13308","","0.3304","G"
"4","Trait5","pKWmEB","NsiI.TP377446","11","   13309","","0.0242","A"
"4","Trait5","pKWmEB","NsiI.TP377901","11","   13310","","0.6626","C"
"4","Trait5","pKWmEB","NsiI.TP377961","11","   13311","","2.3491","A"
"4","Trait5","pKWmEB","NsiI.TP378016","11","   13312","","0.1057","C"
"4","Trait5","pKWmEB","NsiI.TP378143","11","   13313","","1.0151","C"
"4","Trait5","pKWmEB","NsiI.TP378255","11","   13314","","0.1283","C"
"4","Trait5","pKWmEB","NsiI.TP378653","11","   13315","","0.0513","A"
"4","Trait5","pKWmEB","NsiI.TP378703","11","   13317","","0.9188","C"
"4","Trait5","pKWmEB","NsiI.TP379018","11","   13318","","0.1068","C"
"4","Trait5","pKWmEB","NsiI.TP379226","11","   13319","","0.1580","C"
"4","Trait5","pKWmEB","NsiI.TP379282","11","   13321","","0.2453","A"
"4","Trait5","pKWmEB","NsiI.TP379426","11","   13322","","0.0019","A"
"4","Trait5","pKWmEB","NsiI.TP379435","11","   13323","","1.4879","C"
"4","Trait5","pKWmEB","NsiI.TP379507","11","   13324","","0.6128","C"
"4","Trait5","pKWmEB","NsiI.TP379566","11","   13325","","0.4038","C"
"4","Trait5","pKWmEB","NsiI.TP379567","11","   13326","","0.2491","C"
"4","Trait5","pKWmEB","NsiI.TP379663","11","   13328","","0.4882","C"
"4","Trait5","pKWmEB","NsiI.TP379678","11","   13329","","0.1237","A"
"4","Trait5","pKWmEB","NsiI.TP379807","11","   13331","","0.4908","A"
"4","Trait5","pKWmEB","NsiI.TP379955","11","   13333","","0.0509","A"
"4","Trait5","pKWmEB","NsiI.TP380123","11","   13334","","0.1407","C"
"4","Trait5","pKWmEB","NsiI.TP380263","11","   13335","","0.8322","A"
"4","Trait5","pKWmEB","NsiI.TP380271","11","   13336","","0.3501","C"
"4","Trait5","pKWmEB","NsiI.TP380536","11","   13337","","0.5386","A"
"4","Trait5","pKWmEB","NsiI.TP380711","11","   13339","","0.2516","A"
"4","Trait5","pKWmEB","NsiI.TP380747","11","   13340","","0.2766","A"
"4","Trait5","pKWmEB","NsiI.TP380947","11","   13343","","1.4390","A"
"4","Trait5","pKWmEB","NsiI.TP381158","11","   13344","","0.0385","C"
"4","Trait5","pKWmEB","NsiI.TP381231","11","   13346","","0.0044","C"
"4","Trait5","pKWmEB","NsiI.TP381345","11","   13349","","1.6177","A"
"4","Trait5","pKWmEB","NsiI.TP381754","11","   13353","","0.6413","C"
"4","Trait5","pKWmEB","NsiI.TP381783","11","   13354","","0.7721","C"
"4","Trait5","pKWmEB","NsiI.TP381932","11","   13355","","0.1288","A"
"4","Trait5","pKWmEB","NsiI.TP382431","11","   13359","","1.2250","C"
"4","Trait5","pKWmEB","NsiI.TP382582","11","   13360","","0.6051","C"
"4","Trait5","pKWmEB","NsiI.TP382804","11","   13361","","0.6369","A"
"4","Trait5","pKWmEB","NsiI.TP382835","11","   13362","","0.8560","A"
"4","Trait5","pKWmEB","NsiI.TP382864","11","   13363","","0.8470","C"
"4","Trait5","pKWmEB","NsiI.TP383029","11","   13365","","0.7605","A"
"4","Trait5","pKWmEB","NsiI.TP383066","11","   13367","","0.2320","C"
"4","Trait5","pKWmEB","NsiI.TP383197","11","   13368","","0.2552","C"
"4","Trait5","pKWmEB","NsiI.TP383200","11","   13370","","0.7185","A"
"4","Trait5","pKWmEB","NsiI.TP383245","11","   13371","","0.1723","C"
"4","Trait5","pKWmEB","NsiI.TP383699","11","   13372","","0.3336","A"
"4","Trait5","pKWmEB","NsiI.TP383949","11","   13373","","0.1254","C"
"4","Trait5","pKWmEB","NsiI.TP384044","11","   13374","","0.6098","A"
"4","Trait5","pKWmEB","NsiI.TP384120","11","   13376","","2.4171","C"
"4","Trait5","pKWmEB","NsiI.TP384130","11","   13377","","0.1081","C"
"4","Trait5","pKWmEB","NsiI.TP384160","11","   13378","","0.0120","C"
"4","Trait5","pKWmEB","NsiI.TP384172","11","   13379","","0.3832","C"
"4","Trait5","pKWmEB","NsiI.TP384237","11","   13380","","0.5624","C"
"4","Trait5","pKWmEB","NsiI.TP384295","11","   13381","","0.0169","C"
"4","Trait5","pKWmEB","NsiI.TP384711","11","   13384","","0.2126","G"
"4","Trait5","pKWmEB","NsiI.TP384737","11","   13385","","0.0040","A"
"4","Trait5","pKWmEB","NsiI.TP384761","11","   13386","","0.2649","A"
"4","Trait5","pKWmEB","NsiI.TP384887","11","   13387","","1.0160","A"
"4","Trait5","pKWmEB","NsiI.TP385076","11","   13388","","0.3156","A"
"4","Trait5","pKWmEB","NsiI.TP385278","11","   13389","","0.6350","A"
"4","Trait5","pKWmEB","NsiI.TP385322","11","   13390","","0.3316","A"
"4","Trait5","pKWmEB","NsiI.TP385328","11","   13392","","0.1782","A"
"4","Trait5","pKWmEB","NsiI.TP385347","11","   13393","","0.0249","C"
"4","Trait5","pKWmEB","NsiI.TP385591","11","   13394","","0.0903","A"
"4","Trait5","pKWmEB","NsiI.TP386050","11","   13395","","0.1327","A"
"4","Trait5","pKWmEB","NsiI.TP386342","11","   13397","","0.1304","C"
"4","Trait5","pKWmEB","NsiI.TP386794","11","   13401","","0.8609","A"
"4","Trait5","pKWmEB","NsiI.TP387336","11","   13406","","1.9143","C"
"4","Trait5","pKWmEB","NsiI.TP387853","11","   13409","","0.1397","C"
"4","Trait5","pKWmEB","NsiI.TP388058","11","   13411","","0.0151","C"
"4","Trait5","pKWmEB","NsiI.TP388598","11","   13416","","0.7007","C"
"4","Trait5","pKWmEB","NsiI.TP388806","11","   13418","","0.3629","C"
"4","Trait5","pKWmEB","NsiI.TP388882","11","   13419","","0.2887","A"
"4","Trait5","pKWmEB","NsiI.TP388920","11","   13420","","0.5568","A"
"4","Trait5","pKWmEB","NsiI.TP388928","11","   13421","","1.0360","A"
"4","Trait5","pKWmEB","NsiI.TP388993","11","   13423","","0.1643","C"
"4","Trait5","pKWmEB","NsiI.TP389065","11","   13424","","0.1366","C"
"4","Trait5","pKWmEB","NsiI.TP389150","11","   13425","","0.2832","A"
"4","Trait5","pKWmEB","NsiI.TP389298","11","   13427","","0.0882","A"
"4","Trait5","pKWmEB","NsiI.TP389311","11","   13428","","0.2685","A"
"4","Trait5","pKWmEB","NsiI.TP389335","11","   13429","","0.0414","A"
"4","Trait5","pKWmEB","NsiI.TP389596","11","   13430","","0.2063","G"
"4","Trait5","pKWmEB","NsiI.TP389713","11","   13432","","0.4576","A"
"4","Trait5","pKWmEB","NsiI.TP389716","11","   13433","","0.4373","A"
"4","Trait5","pKWmEB","NsiI.TP389886","11","   13435","","0.0631","A"
"4","Trait5","pKWmEB","NsiI.TP389962","11","   13436","","0.0468","C"
"4","Trait5","pKWmEB","NsiI.TP389974","11","   13437","","0.0867","A"
"4","Trait5","pKWmEB","NsiI.TP389999","11","   13438","","0.0598","A"
"4","Trait5","pKWmEB","NsiI.TP390369","11","   13439","","0.3089","C"
"4","Trait5","pKWmEB","NsiI.TP390623","11","   13441","","0.4607","A"
"4","Trait5","pKWmEB","NsiI.TP390772","11","   13442","","0.5482","A"
"4","Trait5","pKWmEB","NsiI.TP391004","11","   13445","","0.2707","A"
"4","Trait5","pKWmEB","NsiI.TP391114","11","   13448","","0.6419","A"
"4","Trait5","pKWmEB","NsiI.TP391218","11","   13450","","0.0724","C"
"4","Trait5","pKWmEB","NsiI.TP391265","11","   13451","","0.4564","A"
"4","Trait5","pKWmEB","NsiI.TP391356","11","   13452","","0.7379","C"
"4","Trait5","pKWmEB","NsiI.TP391371","11","   13453","","0.4657","A"
"4","Trait5","pKWmEB","NsiI.TP391470","11","   13454","","0.0768","C"
"4","Trait5","pKWmEB","NsiI.TP391523","11","   13456","","0.0105","A"
"4","Trait5","pKWmEB","NsiI.TP391829","11","   13458","","0.1625","A"
"4","Trait5","pKWmEB","NsiI.TP391894","11","   13459","","0.0196","A"
"4","Trait5","pKWmEB","NsiI.TP392037","11","   13462","","1.1071","C"
"4","Trait5","pKWmEB","NsiI.TP392213","11","   13465","","0.7666","A"
"4","Trait5","pKWmEB","NsiI.TP392482","11","   13467","","0.2117","C"
"4","Trait5","pKWmEB","NsiI.TP392908","11","   13468","","0.1761","C"
"4","Trait5","pKWmEB","NsiI.TP392945","11","   13469","","0.1019","G"
"4","Trait5","pKWmEB","NsiI.TP393109","11","   13472","","0.4544","A"
"4","Trait5","pKWmEB","NsiI.TP393752","11","   13473","","0.0188","A"
"4","Trait5","pKWmEB","NsiI.TP393989","11","   13474","","0.4856","C"
"4","Trait5","pKWmEB","NsiI.TP394305","11","   13476","","0.0000","A"
"4","Trait5","pKWmEB","NsiI.TP394615","11","   13478","","0.0064","C"
"4","Trait5","pKWmEB","NsiI.TP395597","11","   13480","","0.0725","A"
"4","Trait5","pKWmEB","NsiI.TP395626","11","   13481","","1.0153","C"
"4","Trait5","pKWmEB","NsiI.TP395697","11","   13483","","0.0734","A"
"4","Trait5","pKWmEB","NsiI.TP395714","11","   13484","","0.0333","A"
"4","Trait5","pKWmEB","NsiI.TP395732","11","   13485","","0.0938","C"
"4","Trait5","pKWmEB","NsiI.TP395736","11","   13486","","0.1105","A"
"4","Trait5","pKWmEB","NsiI.TP395737","11","   13487","","0.8424","G"
"4","Trait5","pKWmEB","NsiI.TP395759","11","   13488","","0.1365","C"
"4","Trait5","pKWmEB","NsiI.TP395838","11","   13489","","0.2220","A"
"4","Trait5","pKWmEB","NsiI.TP395840","11","   13490","","0.1231","C"
"4","Trait5","pKWmEB","NsiI.TP395863","11","   13491","","0.5660","C"
"4","Trait5","pKWmEB","NsiI.TP396775","11","   13495","","0.7273","A"
"4","Trait5","pKWmEB","NsiI.TP397001","11","   13497","","1.1605","A"
"4","Trait5","pKWmEB","NsiI.TP397080","11","   13499","","0.0537","C"
"4","Trait5","pKWmEB","NsiI.TP397093","11","   13500","","0.1822","G"
"4","Trait5","pKWmEB","NsiI.TP397133","11","   13501","","0.7236","A"
"4","Trait5","pKWmEB","NsiI.TP397338","11","   13503","","0.2617","C"
"4","Trait5","pKWmEB","NsiI.TP397454","11","   13504","","0.9109","C"
"4","Trait5","pKWmEB","NsiI.TP397551","11","   13505","","0.6873","G"
"4","Trait5","pKWmEB","NsiI.TP397682","11","   13507","","0.3788","A"
"4","Trait5","pKWmEB","NsiI.TP398250","11","   13511","","0.0877","C"
"4","Trait5","pKWmEB","NsiI.TP398377","11","   13512","","0.3088","C"
"4","Trait5","pKWmEB","NsiI.TP398510","11","   13513","","0.4571","A"
"4","Trait5","pKWmEB","NsiI.TP399291","11","   13519","","0.2490","C"
"4","Trait5","pKWmEB","NsiI.TP399428","11","   13521","","0.0946","C"
"4","Trait5","pKWmEB","NsiI.TP400105","11","   13522","","0.6745","A"
"4","Trait5","pKWmEB","NsiI.TP400271","11","   13523","","1.5895","A"
"4","Trait5","pKWmEB","NsiI.TP400485","11","   13527","","2.4293","A"
"4","Trait5","pKWmEB","NsiI.TP400661","11","   13528","","0.3807","A"
"4","Trait5","pKWmEB","NsiI.TP400977","11","   13529","","0.0631","C"
"4","Trait5","pKWmEB","NsiI.TP401000","11","   13530","","0.1581","A"
"4","Trait5","pKWmEB","NsiI.TP401051","11","   13531","","0.3493","A"
"4","Trait5","pKWmEB","NsiI.TP401109","11","   13532","","0.0292","A"
"4","Trait5","pKWmEB","NsiI.TP401115","11","   13533","","0.5218","A"
"4","Trait5","pKWmEB","NsiI.TP401126","11","   13534","","0.1254","A"
"4","Trait5","pKWmEB","NsiI.TP401140","11","   13535","","1.4371","A"
"4","Trait5","pKWmEB","NsiI.TP401148","11","   13536","","0.5869","C"
"4","Trait5","pKWmEB","NsiI.TP401321","11","   13537","","0.1361","A"
"4","Trait5","pKWmEB","NsiI.TP401322","11","   13538","","0.2564","G"
"4","Trait5","pKWmEB","NsiI.TP401676","11","   13539","","0.3554","C"
"4","Trait5","pKWmEB","NsiI.TP401735","11","   13540","","0.0964","A"
"4","Trait5","pKWmEB","NsiI.TP401909","11","   13541","","0.6215","C"
"4","Trait5","pKWmEB","NsiI.TP402090","11","   13542","","0.2389","C"
"4","Trait5","pKWmEB","NsiI.TP402255","11","   13543","","0.1741","A"
"4","Trait5","pKWmEB","NsiI.TP402510","11","   13544","","0.2608","C"
"4","Trait5","pKWmEB","NsiI.TP402781","11","   13547","","0.5917","A"
"4","Trait5","pKWmEB","NsiI.TP402946","11","   13548","","1.2771","C"
"4","Trait5","pKWmEB","NsiI.TP403136","11","   13550","","0.4917","A"
"4","Trait5","pKWmEB","NsiI.TP403347","11","   13551","","1.0282","C"
"4","Trait5","pKWmEB","NsiI.TP403394","11","   13552","","0.5126","A"
"4","Trait5","pKWmEB","NsiI.TP403490","11","   13553","","1.1343","A"
"4","Trait5","pKWmEB","NsiI.TP403617","11","   13555","","0.0549","A"
"4","Trait5","pKWmEB","NsiI.TP403681","11","   13557","","0.4414","C"
"4","Trait5","pKWmEB","NsiI.TP403861","11","   13559","","0.2030","C"
"4","Trait5","pKWmEB","NsiI.TP403935","11","   13560","","0.5537","A"
"4","Trait5","pKWmEB","NsiI.TP404027","11","   13562","","0.1280","A"
"4","Trait5","pKWmEB","NsiI.TP404087","11","   13564","","0.4522","A"
"4","Trait5","pKWmEB","NsiI.TP404218","11","   13565","","0.8671","A"
"4","Trait5","pKWmEB","NsiI.TP404473","11","   13567","","1.0232","G"
"4","Trait5","pKWmEB","NsiI.TP404592","11","   13568","","0.0805","C"
"4","Trait5","pKWmEB","NsiI.TP404690","11","   13569","","0.4600","C"
"4","Trait5","pKWmEB","NsiI.TP404873","11","   13571","","0.1315","C"
"4","Trait5","pKWmEB","NsiI.TP404945","11","   13572","","0.2315","A"
"4","Trait5","pKWmEB","NsiI.TP405008","11","   13573","","0.2354","C"
"4","Trait5","pKWmEB","NsiI.TP405016","11","   13574","","0.5741","C"
"4","Trait5","pKWmEB","NsiI.TP405131","11","   13575","","0.0935","A"
"4","Trait5","pKWmEB","NsiI.TP405362","11","   13576","","0.2223","A"
"4","Trait5","pKWmEB","NsiI.TP405564","11","   13578","","0.4195","A"
"4","Trait5","pKWmEB","NsiI.TP405700","11","   13579","","0.0904","A"
"4","Trait5","pKWmEB","NsiI.TP406073","11","   13580","","0.5132","A"
"4","Trait5","pKWmEB","NsiI.TP406206","11","   13582","","0.3490","C"
"4","Trait5","pKWmEB","NsiI.TP406302","11","   13584","","0.4253","A"
"4","Trait5","pKWmEB","NsiI.TP406307","11","   13585","","0.1997","A"
"4","Trait5","pKWmEB","NsiI.TP406324","11","   13586","","0.8395","A"
"4","Trait5","pKWmEB","NsiI.TP406369","11","   13587","","0.0137","A"
"4","Trait5","pKWmEB","NsiI.TP406413","11","   13588","","0.3126","C"
"4","Trait5","pKWmEB","NsiI.TP406460","11","   13589","","0.6029","A"
"4","Trait5","pKWmEB","NsiI.TP406542","11","   13590","","0.3093","C"
"4","Trait5","pKWmEB","NsiI.TP406650","11","   13591","","0.2595","A"
"4","Trait5","pKWmEB","NsiI.TP406701","11","   13592","","0.2078","C"
"4","Trait5","pKWmEB","NsiI.TP406723","11","   13594","","1.5960","C"
"4","Trait5","pKWmEB","NsiI.TP406752","11","   13595","","0.4151","C"
"4","Trait5","pKWmEB","NsiI.TP406794","11","   13596","","1.3888","G"
"4","Trait5","pKWmEB","NsiI.TP406831","11","   13597","","0.3350","C"
"4","Trait5","pKWmEB","NsiI.TP406870","11","   13598","","0.3226","C"
"4","Trait5","pKWmEB","NsiI.TP407011","11","   13599","","0.0244","C"
"4","Trait5","pKWmEB","NsiI.TP407054","11","   13601","","1.7148","G"
"4","Trait5","pKWmEB","NsiI.TP407161","11","   13603","","0.7419","C"
"4","Trait5","pKWmEB","NsiI.TP407178","11","   13604","","0.8613","C"
"4","Trait5","pKWmEB","NsiI.TP407233","11","   13606","","0.3696","G"
"4","Trait5","pKWmEB","NsiI.TP407300","11","   13607","","0.2980","C"
"4","Trait5","pKWmEB","NsiI.TP407317","11","   13608","","0.1939","A"
"4","Trait5","pKWmEB","NsiI.TP407352","11","   13609","","0.3490","A"
"4","Trait5","pKWmEB","NsiI.TP407488","11","   13610","","0.0696","G"
"4","Trait5","pKWmEB","NsiI.TP407517","11","   13611","","0.2072","C"
"4","Trait5","pKWmEB","NsiI.TP407565","11","   13613","","0.1458","C"
"4","Trait5","pKWmEB","NsiI.TP407709","11","   13617","","0.3148","A"
"4","Trait5","pKWmEB","NsiI.TP407718","11","   13618","","0.8006","A"
"4","Trait5","pKWmEB","NsiI.TP408071","11","   13621","","0.0622","A"
"4","Trait5","pKWmEB","NsiI.TP408135","11","   13622","","0.0886","A"
"4","Trait5","pKWmEB","NsiI.TP408302","11","   13625","","0.9693","G"
"4","Trait5","pKWmEB","NsiI.TP408370","11","   13626","","0.4414","C"
"4","Trait5","pKWmEB","NsiI.TP408457","11","   13628","","1.0473","C"
"4","Trait5","pKWmEB","NsiI.TP408466","11","   13629","","0.2502","A"
"4","Trait5","pKWmEB","NsiI.TP408741","11","   13632","","1.0077","A"
"4","Trait5","pKWmEB","NsiI.TP408761","11","   13633","","0.5580","G"
"4","Trait5","pKWmEB","NsiI.TP408816","11","   13634","","1.2728","C"
"4","Trait5","pKWmEB","NsiI.TP408972","11","   13635","","0.2162","G"
"4","Trait5","pKWmEB","NsiI.TP409068","11","   13636","","0.3055","A"
"4","Trait5","pKWmEB","NsiI.TP409172","11","   13637","","0.0607","A"
"4","Trait5","pKWmEB","NsiI.TP409224","11","   13638","","0.6705","G"
"4","Trait5","pKWmEB","NsiI.TP409351","11","   13639","","1.4036","A"
"4","Trait5","pKWmEB","NsiI.TP409357","11","   13640","","0.0151","C"
"4","Trait5","pKWmEB","NsiI.TP409401","11","   13641","","0.8342","C"
"4","Trait5","pKWmEB","NsiI.TP409473","11","   13642","","0.7630","G"
"4","Trait5","pKWmEB","NsiI.TP409596","11","   13643","","0.3275","A"
"4","Trait5","pKWmEB","NsiI.TP409757","11","   13644","","0.0196","G"
"4","Trait5","pKWmEB","NsiI.TP409929","11","   13646","","0.1641","C"
"4","Trait5","pKWmEB","NsiI.TP409972","11","   13648","","0.5443","C"
"4","Trait5","pKWmEB","NsiI.TP410067","11","   13649","","0.4553","A"
"4","Trait5","pKWmEB","NsiI.TP410138","11","   13651","","0.3625","A"
"4","Trait5","pKWmEB","NsiI.TP410143","11","   13652","","0.4234","A"
"4","Trait5","pKWmEB","NsiI.TP410237","11","   13653","","0.3514","A"
"4","Trait5","pKWmEB","NsiI.TP410683","11","   13656","","0.5221","A"
"4","Trait5","pKWmEB","NsiI.TP410698","11","   13657","","0.3202","A"
"4","Trait5","pKWmEB","NsiI.TP410750","11","   13658","","1.3318","A"
"4","Trait5","pKWmEB","NsiI.TP410755","11","   13659","","0.0654","A"
"4","Trait5","pKWmEB","NsiI.TP410888","11","   13661","","0.0178","G"
"4","Trait5","pKWmEB","NsiI.TP411044","11","   13663","","0.8012","C"
"4","Trait5","pKWmEB","NsiI.TP411146","11","   13664","","0.6712","G"
"4","Trait5","pKWmEB","NsiI.TP411208","11","   13665","","0.4542","C"
"4","Trait5","pKWmEB","NsiI.TP411290","11","   13666","","0.7478","A"
"4","Trait5","pKWmEB","NsiI.TP411326","11","   13667","","0.0201","C"
"4","Trait5","pKWmEB","NsiI.TP411356","11","   13668","","0.4015","A"
"4","Trait5","pKWmEB","NsiI.TP411460","11","   13669","","1.6790","C"
"4","Trait5","pKWmEB","NsiI.TP411469","11","   13670","","0.4253","A"
"4","Trait5","pKWmEB","NsiI.TP411478","11","   13671","","0.1411","C"
"4","Trait5","pKWmEB","NsiI.TP411555","11","   13672","","0.9715","A"
"4","Trait5","pKWmEB","NsiI.TP411619","11","   13674","","0.0592","C"
"4","Trait5","pKWmEB","NsiI.TP411670","11","   13675","","0.2914","C"
"4","Trait5","pKWmEB","NsiI.TP411756","11","   13676","","0.2512","A"
"4","Trait5","pKWmEB","NsiI.TP411803","11","   13677","","0.2243","C"
"4","Trait5","pKWmEB","NsiI.TP411806","11","   13678","","0.5241","C"
"4","Trait5","pKWmEB","NsiI.TP411899","11","   13681","","0.6085","C"
"4","Trait5","pKWmEB","NsiI.TP411912","11","   13682","","0.6523","A"
"4","Trait5","pKWmEB","NsiI.TP412144","11","   13683","","0.6005","A"
"4","Trait5","pKWmEB","NsiI.TP412216","11","   13684","","0.6697","C"
"4","Trait5","pKWmEB","NsiI.TP412249","11","   13685","","0.1610","A"
"4","Trait5","pKWmEB","NsiI.TP412259","11","   13686","","2.0588","A"
"4","Trait5","pKWmEB","NsiI.TP412307","11","   13687","","0.3946","C"
"4","Trait5","pKWmEB","NsiI.TP412339","11","   13688","","0.3575","C"
"4","Trait5","pKWmEB","NsiI.TP412406","11","   13689","","0.1720","C"
"4","Trait5","pKWmEB","NsiI.TP412455","11","   13690","","0.2393","C"
"4","Trait5","pKWmEB","NsiI.TP412489","11","   13691","","0.3815","A"
"4","Trait5","pKWmEB","NsiI.TP412802","11","   13693","","0.3102","A"
"4","Trait5","pKWmEB","NsiI.TP412810","11","   13694","","0.0445","A"
"4","Trait5","pKWmEB","NsiI.TP412867","11","   13695","","0.5413","A"
"4","Trait5","pKWmEB","NsiI.TP412912","11","   13697","","0.1652","C"
"4","Trait5","pKWmEB","NsiI.TP412935","11","   13698","","0.2414","G"
"4","Trait5","pKWmEB","NsiI.TP413273","11","   13699","","0.3059","A"
"4","Trait5","pKWmEB","NsiI.TP413358","11","   13700","","0.3358","C"
"4","Trait5","pKWmEB","NsiI.TP413555","11","   13704","","0.6185","A"
"4","Trait5","pKWmEB","NsiI.TP413619","11","   13706","","0.1878","C"
"4","Trait5","pKWmEB","NsiI.TP413741","11","   13708","","0.7654","A"
"4","Trait5","pKWmEB","NsiI.TP413855","11","   13709","","0.4261","C"
"4","Trait5","pKWmEB","NsiI.TP413949","11","   13711","","0.9988","G"
"4","Trait5","pKWmEB","NsiI.TP413968","11","   13712","","0.2043","A"
"4","Trait5","pKWmEB","NsiI.TP413999","11","   13713","","2.0228","A"
"4","Trait5","pKWmEB","NsiI.TP414264","11","   13716","","0.9911","C"
"4","Trait5","pKWmEB","NsiI.TP414494","11","   13717","","0.5533","G"
"4","Trait5","pKWmEB","NsiI.TP414531","11","   13719","","0.3839","A"
"4","Trait5","pKWmEB","NsiI.TP414672","11","   13720","","0.2819","A"
"4","Trait5","pKWmEB","NsiI.TP414673","11","   13721","","1.2570","G"
"4","Trait5","pKWmEB","NsiI.TP414778","11","   13722","","0.0492","C"
"4","Trait5","pKWmEB","NsiI.TP414813","11","   13723","","0.3984","C"
"4","Trait5","pKWmEB","NsiI.TP414921","11","   13724","","1.1223","C"
"4","Trait5","pKWmEB","NsiI.TP415241","11","   13725","","0.8952","A"
"4","Trait5","pKWmEB","NsiI.TP415246","11","   13726","","0.3006","A"
"4","Trait5","pKWmEB","NsiI.TP415423","11","   13729","","0.6624","A"
"4","Trait5","pKWmEB","NsiI.TP415555","11","   13730","","0.5152","C"
"4","Trait5","pKWmEB","NsiI.TP415579","11","   13731","","0.2694","C"
"4","Trait5","pKWmEB","NsiI.TP415946","11","   13733","","0.4091","A"
"4","Trait5","pKWmEB","NsiI.TP416009","11","   13734","","0.3324","A"
"4","Trait5","pKWmEB","NsiI.TP416021","11","   13735","","0.9442","C"
"4","Trait5","pKWmEB","NsiI.TP416022","11","   13736","","0.3407","C"
"4","Trait5","pKWmEB","NsiI.TP416028","11","   13737","","1.5325","A"
"4","Trait5","pKWmEB","NsiI.TP416033","11","   13738","","0.2365","A"
"4","Trait5","pKWmEB","NsiI.TP416060","11","   13739","","1.2833","C"
"4","Trait5","pKWmEB","NsiI.TP416112","11","   13740","","0.2757","C"
"4","Trait5","pKWmEB","NsiI.TP416152","11","   13741","","0.2772","A"
"4","Trait5","pKWmEB","NsiI.TP416271","11","   13742","","0.1374","C"
"4","Trait5","pKWmEB","NsiI.TP416359","11","   13744","","0.5816","A"
"4","Trait5","pKWmEB","NsiI.TP416552","11","   13746","","0.0153","C"
"4","Trait5","pKWmEB","NsiI.TP416602","11","   13747","","0.4125","C"
"4","Trait5","pKWmEB","NsiI.TP416619","11","   13748","","0.4787","C"
"4","Trait5","pKWmEB","NsiI.TP416781","11","   13749","","0.6948","A"
"4","Trait5","pKWmEB","NsiI.TP416810","11","   13751","","0.2216","A"
"4","Trait5","pKWmEB","NsiI.TP416872","11","   13753","","0.2995","A"
"4","Trait5","pKWmEB","NsiI.TP416911","11","   13756","","0.2335","C"
"4","Trait5","pKWmEB","NsiI.TP416928","11","   13757","","0.2107","C"
"4","Trait5","pKWmEB","NsiI.TP416963","11","   13758","","0.3932","A"
"4","Trait5","pKWmEB","NsiI.TP416968","11","   13759","","0.1838","C"
"4","Trait5","pKWmEB","NsiI.TP416981","11","   13760","","0.4232","C"
"4","Trait5","pKWmEB","NsiI.TP417089","11","   13762","","0.6133","C"
"4","Trait5","pKWmEB","NsiI.TP417376","11","   13763","","0.0742","A"
"4","Trait5","pKWmEB","NsiI.TP417422","11","   13764","","0.4469","C"
"4","Trait5","pKWmEB","NsiI.TP417444","11","   13765","","0.0489","A"
"4","Trait5","pKWmEB","NsiI.TP417472","11","   13767","","0.9979","C"
"4","Trait5","pKWmEB","NsiI.TP417678","11","   13768","","0.3562","C"
"4","Trait5","pKWmEB","NsiI.TP417840","11","   13770","","0.2095","A"
"4","Trait5","pKWmEB","NsiI.TP418050","11","   13771","","0.2291","C"
"4","Trait5","pKWmEB","NsiI.TP418092","11","   13772","","0.0765","C"
"4","Trait5","pKWmEB","NsiI.TP418173","11","   13775","","0.4855","A"
"4","Trait5","pKWmEB","NsiI.TP418191","11","   13776","","1.0699","C"
"4","Trait5","pKWmEB","NsiI.TP418226","11","   13777","","0.1663","C"
"4","Trait5","pKWmEB","NsiI.TP418802","11","   13779","","0.3462","C"
"4","Trait5","pKWmEB","NsiI.TP418902","11","   13780","","0.6614","C"
"4","Trait5","pKWmEB","NsiI.TP419930","11","   13781","","0.6876","A"
"4","Trait5","pKWmEB","NsiI.TP419978","11","   13783","","0.0039","A"
"4","Trait5","pKWmEB","NsiI.TP420021","11","   13784","","0.1008","A"
"4","Trait5","pKWmEB","NsiI.TP420022","11","   13785","","0.8263","C"
"4","Trait5","pKWmEB","NsiI.TP420102","11","   13786","","0.7843","G"
"4","Trait5","pKWmEB","NsiI.TP420251","11","   13787","","0.0564","A"
"4","Trait5","pKWmEB","NsiI.TP420272","11","   13788","","0.1330","A"
"4","Trait5","pKWmEB","NsiI.TP420358","11","   13790","","0.1568","A"
"4","Trait5","pKWmEB","NsiI.TP420393","11","   13791","","0.1273","A"
"4","Trait5","pKWmEB","NsiI.TP420467","11","   13792","","0.0787","A"
"4","Trait5","pKWmEB","NsiI.TP420483","11","   13793","","0.7240","A"
"4","Trait5","pKWmEB","NsiI.TP420509","11","   13796","","0.7630","A"
"4","Trait5","pKWmEB","NsiI.TP420563","11","   13797","","0.4334","C"
"4","Trait5","pKWmEB","NsiI.TP420603","11","   13799","","0.7504","C"
"4","Trait5","pKWmEB","NsiI.TP420784","11","   13802","","0.9708","C"
"4","Trait5","pKWmEB","NsiI.TP420795","11","   13803","","0.4646","C"
"4","Trait5","pKWmEB","NsiI.TP420914","11","   13804","","0.1490","C"
"4","Trait5","pKWmEB","NsiI.TP420947","11","   13806","","0.0802","C"
"4","Trait5","pKWmEB","NsiI.TP421064","11","   13807","","0.9299","A"
"4","Trait5","pKWmEB","NsiI.TP421112","11","   13808","","0.9060","A"
"4","Trait5","pKWmEB","NsiI.TP421125","11","   13810","","0.0779","A"
"4","Trait5","pKWmEB","NsiI.TP421198","11","   13811","","0.4229","C"
"4","Trait5","pKWmEB","NsiI.TP421249","11","   13812","","0.1135","A"
"4","Trait5","pKWmEB","NsiI.TP421252","11","   13813","","0.7145","A"
"4","Trait5","pKWmEB","NsiI.TP421283","11","   13814","","1.4666","C"
"4","Trait5","pKWmEB","NsiI.TP421330","11","   13816","","0.5039","A"
"4","Trait5","pKWmEB","NsiI.TP421511","11","   13821","","0.3311","C"
"4","Trait5","pKWmEB","NsiI.TP421533","11","   13822","","0.3346","C"
"4","Trait5","pKWmEB","NsiI.TP421535","11","   13823","","0.0715","C"
"4","Trait5","pKWmEB","NsiI.TP421542","11","   13824","","0.1332","A"
"4","Trait5","pKWmEB","NsiI.TP421588","11","   13826","","0.2503","A"
"4","Trait5","pKWmEB","NsiI.TP421590","11","   13827","","1.4826","C"
"4","Trait5","pKWmEB","NsiI.TP421633","11","   13828","","0.4107","C"
"4","Trait5","pKWmEB","NsiI.TP421673","11","   13830","","0.1738","A"
"4","Trait5","pKWmEB","NsiI.TP421688","11","   13831","","0.1191","A"
"4","Trait5","pKWmEB","NsiI.TP421766","11","   13832","","0.7076","G"
"4","Trait5","pKWmEB","NsiI.TP421770","11","   13833","","0.8943","A"
"4","Trait5","pKWmEB","NsiI.TP421828","11","   13835","","0.3206","G"
"4","Trait5","pKWmEB","NsiI.TP421887","11","   13836","","0.0978","A"
"4","Trait5","pKWmEB","NsiI.TP421972","11","   13838","","0.1522","C"
"4","Trait5","pKWmEB","NsiI.TP421973","11","   13839","","0.0109","A"
"4","Trait5","pKWmEB","NsiI.TP422015","11","   13841","","0.4544","A"
"4","Trait5","pKWmEB","NsiI.TP422025","11","   13842","","0.6144","A"
"4","Trait5","pKWmEB","NsiI.TP422028","11","   13843","","0.3790","C"
"4","Trait5","pKWmEB","NsiI.TP422030","11","   13844","","0.3120","A"
"4","Trait5","pKWmEB","NsiI.TP422046","11","   13845","","1.2779","C"
"4","Trait5","pKWmEB","NsiI.TP422111","11","   13846","","0.1689","A"
"4","Trait5","pKWmEB","NsiI.TP422297","11","   13848","","0.0830","A"
"4","Trait5","pKWmEB","NsiI.TP422298","11","   13849","","0.1749","C"
"4","Trait5","pKWmEB","NsiI.TP422407","11","   13850","","0.8048","A"
"4","Trait5","pKWmEB","NsiI.TP422433","11","   13851","","0.0283","C"
"4","Trait5","pKWmEB","NsiI.TP422575","11","   13853","","0.8785","A"
"4","Trait5","pKWmEB","NsiI.TP422576","11","   13854","","0.5692","C"
"4","Trait5","pKWmEB","NsiI.TP422610","11","   13855","","0.1322","A"
"4","Trait5","pKWmEB","NsiI.TP422621","11","   13856","","0.3079","A"
"4","Trait5","pKWmEB","NsiI.TP422694","11","   13857","","0.0032","A"
"4","Trait5","pKWmEB","NsiI.TP422835","11","   13858","","0.3764","C"
"4","Trait5","pKWmEB","NsiI.TP422889","11","   13859","","0.1314","A"
"4","Trait5","pKWmEB","NsiI.TP422932","11","   13861","","0.7583","A"
"4","Trait5","pKWmEB","NsiI.TP422982","11","   13862","","0.7446","C"
"4","Trait5","pKWmEB","NsiI.TP423003","11","   13863","","2.1263","A"
"4","Trait5","pKWmEB","NsiI.TP423031","11","   13865","","0.7556","C"
"4","Trait5","pKWmEB","NsiI.TP423078","11","   13866","","0.1361","A"
"4","Trait5","pKWmEB","NsiI.TP423085","11","   13867","","0.1163","A"
"4","Trait5","pKWmEB","NsiI.TP423087","11","   13868","","0.7156","C"
"4","Trait5","pKWmEB","NsiI.TP423145","11","   13869","","0.1371","C"
"4","Trait5","pKWmEB","NsiI.TP423204","11","   13870","","0.2874","A"
"4","Trait5","pKWmEB","NsiI.TP423212","11","   13871","","1.8713","C"
"4","Trait5","pKWmEB","NsiI.TP423233","11","   13872","","0.3198","C"
"4","Trait5","pKWmEB","NsiI.TP423274","11","   13873","","0.0579","A"
"4","Trait5","pKWmEB","NsiI.TP423283","11","   13874","","0.0978","A"
"4","Trait5","pKWmEB","NsiI.TP423352","11","   13875","","0.7220","A"
"4","Trait5","pKWmEB","NsiI.TP423380","11","   13876","","0.0923","A"
"4","Trait5","pKWmEB","NsiI.TP423513","11","   13878","","0.3917","G"
"4","Trait5","pKWmEB","NsiI.TP423546","11","   13879","","0.0999","A"
"4","Trait5","pKWmEB","NsiI.TP423582","11","   13880","","0.1663","A"
"4","Trait5","pKWmEB","NsiI.TP423587","11","   13881","","0.4423","C"
"4","Trait5","pKWmEB","NsiI.TP423617","11","   13884","","0.0085","G"
"4","Trait5","pKWmEB","NsiI.TP423673","11","   13886","","0.0046","A"
"4","Trait5","pKWmEB","NsiI.TP423679","11","   13887","","0.2232","C"
"4","Trait5","pKWmEB","NsiI.TP423680","11","   13888","","0.2285","A"
"4","Trait5","pKWmEB","NsiI.TP423724","11","   13889","","0.2663","A"
"4","Trait5","pKWmEB","NsiI.TP423725","11","   13890","","0.4005","A"
"4","Trait5","pKWmEB","NsiI.TP423751","11","   13891","","0.2890","C"
"4","Trait5","pKWmEB","NsiI.TP423791","11","   13893","","0.4904","G"
"4","Trait5","pKWmEB","NsiI.TP423829","11","   13894","","0.0272","A"
"4","Trait5","pKWmEB","NsiI.TP423864","11","   13895","","0.3006","G"
"4","Trait5","pKWmEB","NsiI.TP423982","11","   13896","","0.8519","C"
"4","Trait5","pKWmEB","NsiI.TP423996","11","   13897","","2.1522","C"
"4","Trait5","pKWmEB","NsiI.TP424124","11","   13898","","0.0912","C"
"4","Trait5","pKWmEB","NsiI.TP424155","11","   13899","","0.0547","C"
"4","Trait5","pKWmEB","NsiI.TP424159","11","   13900","","0.8482","G"
"4","Trait5","pKWmEB","NsiI.TP424166","11","   13901","","0.0689","A"
"4","Trait5","pKWmEB","NsiI.TP424452","11","   13906","","0.2510","A"
"4","Trait5","pKWmEB","NsiI.TP424479","11","   13908","","0.1702","C"
"4","Trait5","pKWmEB","NsiI.TP424498","11","   13909","","0.1334","C"
"4","Trait5","pKWmEB","NsiI.TP424508","11","   13910","","0.2827","A"
"4","Trait5","pKWmEB","NsiI.TP424524","11","   13911","","1.2563","A"
"4","Trait5","pKWmEB","NsiI.TP424529","11","   13913","","0.5144","C"
"4","Trait5","pKWmEB","NsiI.TP424541","11","   13914","","0.2624","A"
"4","Trait5","pKWmEB","NsiI.TP424549","11","   13915","","0.4368","C"
"4","Trait5","pKWmEB","NsiI.TP424570","11","   13916","","0.1889","C"
"4","Trait5","pKWmEB","NsiI.TP424622","11","   13917","","1.1858","C"
"4","Trait5","pKWmEB","NsiI.TP424742","11","   13918","","0.1132","A"
"4","Trait5","pKWmEB","NsiI.TP424883","11","   13920","","0.9340","A"
"4","Trait5","pKWmEB","NsiI.TP424935","11","   13921","","0.7563","A"
"4","Trait5","pKWmEB","NsiI.TP424973","11","   13922","","0.1616","C"
"4","Trait5","pKWmEB","NsiI.TP425034","11","   13923","","0.0109","A"
"4","Trait5","pKWmEB","NsiI.TP425098","11","   13924","","0.3249","C"
"4","Trait5","pKWmEB","NsiI.TP425224","11","   13926","","0.3997","G"
"4","Trait5","pKWmEB","NsiI.TP425341","11","   13927","","0.3476","A"
"4","Trait5","pKWmEB","NsiI.TP425366","11","   13928","","1.6939","C"
"4","Trait5","pKWmEB","NsiI.TP425418","11","   13930","","0.7189","C"
"4","Trait5","pKWmEB","NsiI.TP425648","11","   13934","","0.4773","A"
"4","Trait5","pKWmEB","NsiI.TP425661","11","   13935","","0.3472","A"
"4","Trait5","pKWmEB","NsiI.TP425781","11","   13936","","1.1186","A"
"4","Trait5","pKWmEB","NsiI.TP425820","11","   13937","","0.1510","A"
"4","Trait5","pKWmEB","NsiI.TP425847","11","   13938","","0.0764","A"
"4","Trait5","pKWmEB","NsiI.TP425921","11","   13939","","0.1087","A"
"4","Trait5","pKWmEB","NsiI.TP426147","11","   13941","","0.3799","A"
"4","Trait5","pKWmEB","NsiI.TP426231","11","   13942","","0.2424","A"
"4","Trait5","pKWmEB","NsiI.TP426232","11","   13943","","0.0587","A"
"4","Trait5","pKWmEB","NsiI.TP426250","11","   13945","","0.0719","C"
"4","Trait5","pKWmEB","NsiI.TP426319","11","   13946","","0.4480","C"
"4","Trait5","pKWmEB","NsiI.TP426326","11","   13947","","0.2512","A"
"4","Trait5","pKWmEB","NsiI.TP426411","11","   13948","","0.0893","C"
"4","Trait5","pKWmEB","NsiI.TP426468","11","   13949","","0.9894","A"
"4","Trait5","pKWmEB","NsiI.TP426523","11","   13953","","0.5807","A"
"4","Trait5","pKWmEB","NsiI.TP426530","11","   13954","","0.4315","A"
"4","Trait5","pKWmEB","NsiI.TP426561","11","   13955","","0.0285","G"
"4","Trait5","pKWmEB","NsiI.TP426583","11","   13956","","1.2363","C"
"4","Trait5","pKWmEB","NsiI.TP426595","11","   13957","","0.6948","A"
"4","Trait5","pKWmEB","NsiI.TP426615","11","   13958","","0.2716","A"
"4","Trait5","pKWmEB","NsiI.TP426624","11","   13959","","0.5754","C"
"4","Trait5","pKWmEB","NsiI.TP426709","11","   13964","","0.2998","C"
"4","Trait5","pKWmEB","NsiI.TP426876","11","   13966","","0.8559","C"
"4","Trait5","pKWmEB","NsiI.TP426952","11","   13969","","0.0913","C"
"4","Trait5","pKWmEB","NsiI.TP426988","11","   13971","","0.0654","C"
"4","Trait5","pKWmEB","NsiI.TP426992","11","   13972","","0.2103","A"
"4","Trait5","pKWmEB","NsiI.TP427034","11","   13973","","0.2256","C"
"4","Trait5","pKWmEB","NsiI.TP427039","11","   13974","","0.0551","C"
"4","Trait5","pKWmEB","NsiI.TP427042","11","   13975","","0.5703","G"
"4","Trait5","pKWmEB","NsiI.TP427131","11","   13977","","0.0656","C"
"4","Trait5","pKWmEB","NsiI.TP427276","11","   13978","","1.2229","G"
"4","Trait5","pKWmEB","NsiI.TP427293","11","   13979","","0.0357","C"
"4","Trait5","pKWmEB","NsiI.TP427416","11","   13980","","0.4646","C"
"4","Trait5","pKWmEB","NsiI.TP427428","11","   13981","","0.5827","A"
"4","Trait5","pKWmEB","NsiI.TP427623","11","   13982","","0.1866","A"
"4","Trait5","pKWmEB","NsiI.TP427630","11","   13983","","1.2344","A"
"4","Trait5","pKWmEB","NsiI.TP427672","11","   13984","","0.0953","C"
"4","Trait5","pKWmEB","NsiI.TP427679","11","   13985","","0.0348","A"
"4","Trait5","pKWmEB","NsiI.TP427736","11","   13986","","0.3059","A"
"4","Trait5","pKWmEB","NsiI.TP427815","11","   13987","","0.3266","A"
"4","Trait5","pKWmEB","NsiI.TP427832","11","   13988","","1.4811","A"
"4","Trait5","pKWmEB","NsiI.TP427846","11","   13989","","0.3385","C"
"4","Trait5","pKWmEB","NsiI.TP427858","11","   13991","","0.6508","C"
"4","Trait5","pKWmEB","NsiI.TP428174","11","   13992","","0.1548","A"
"4","Trait5","pKWmEB","NsiI.TP428177","11","   13993","","0.1304","G"
"4","Trait5","pKWmEB","NsiI.TP428200","11","   13994","","0.6784","A"
"4","Trait5","pKWmEB","NsiI.TP428269","11","   13995","","0.5537","C"
"4","Trait5","pKWmEB","NsiI.TP428306","11","   13996","","0.5747","A"
"4","Trait5","pKWmEB","NsiI.TP428321","11","   13997","","0.4029","C"
"4","Trait5","pKWmEB","NsiI.TP428337","11","   13998","","0.1121","C"
"4","Trait5","pKWmEB","NsiI.TP428365","11","   13999","","0.1610","A"
"4","Trait5","pKWmEB","NsiI.TP428390","11","   14000","","0.1676","A"
"4","Trait5","pKWmEB","NsiI.TP428452","11","   14001","","2.0260","G"
"4","Trait5","pKWmEB","NsiI.TP428457","11","   14002","","1.0299","C"
"4","Trait5","pKWmEB","NsiI.TP428470","11","   14003","","0.4580","A"
"4","Trait5","pKWmEB","NsiI.TP428610","11","   14005","","0.1576","G"
"4","Trait5","pKWmEB","NsiI.TP428632","11","   14006","","0.3862","G"
"4","Trait5","pKWmEB","NsiI.TP428765","11","   14008","","0.2165","C"
"4","Trait5","pKWmEB","NsiI.TP428782","11","   14009","","0.4834","C"
"4","Trait5","pKWmEB","NsiI.TP428842","11","   14010","","0.0548","C"
"4","Trait5","pKWmEB","NsiI.TP428943","11","   14011","","0.1286","A"
"4","Trait5","pKWmEB","NsiI.TP428969","11","   14012","","0.1407","C"
"4","Trait5","pKWmEB","NsiI.TP429032","11","   14013","","0.4685","A"
"4","Trait5","pKWmEB","NsiI.TP429044","11","   14014","","0.0119","G"
"4","Trait5","pKWmEB","NsiI.TP429128","11","   14015","","0.0363","A"
"4","Trait5","pKWmEB","NsiI.TP429337","11","   14016","","0.2246","C"
"4","Trait5","pKWmEB","NsiI.TP429355","11","   14018","","0.1424","A"
"4","Trait5","pKWmEB","NsiI.TP429380","11","   14020","","0.7783","A"
"4","Trait5","pKWmEB","NsiI.TP429516","11","   14024","","1.5605","C"
"4","Trait5","pKWmEB","NsiI.TP429619","11","   14026","","1.9102","C"
"4","Trait5","pKWmEB","NsiI.TP429661","11","   14027","","2.2437","C"
"4","Trait5","pKWmEB","NsiI.TP429684","11","   14029","","0.0315","A"
"4","Trait5","pKWmEB","NsiI.TP429732","11","   14030","","0.0228","C"
"4","Trait5","pKWmEB","NsiI.TP429737","11","   14031","","0.3767","A"
"4","Trait5","pKWmEB","NsiI.TP429781","11","   14032","","0.1579","A"
"4","Trait5","pKWmEB","NsiI.TP429819","11","   14033","","0.4209","A"
"4","Trait5","pKWmEB","NsiI.TP430080","11","   14035","","0.1436","G"
"4","Trait5","pKWmEB","NsiI.TP430082","11","   14036","","0.1057","G"
"4","Trait5","pKWmEB","NsiI.TP430231","11","   14037","","0.6126","G"
"4","Trait5","pKWmEB","NsiI.TP430255","11","   14038","","0.0622","A"
"4","Trait5","pKWmEB","NsiI.TP430300","11","   14039","","2.1396","A"
"4","Trait5","pKWmEB","NsiI.TP430308","11","   14040","","0.2092","A"
"4","Trait5","pKWmEB","NsiI.TP430332","11","   14041","","0.1171","A"
"4","Trait5","pKWmEB","NsiI.TP430590","11","   14043","","0.4753","C"
"4","Trait5","pKWmEB","NsiI.TP430591","11","   14044","","0.7706","A"
"4","Trait5","pKWmEB","NsiI.TP430604","11","   14045","","0.0300","A"
"4","Trait5","pKWmEB","NsiI.TP430622","11","   14046","","0.4295","A"
"4","Trait5","pKWmEB","NsiI.TP430743","11","   14048","","0.4770","G"
"4","Trait5","pKWmEB","NsiI.TP430806","11","   14049","","0.7913","A"
"4","Trait5","pKWmEB","NsiI.TP430838","11","   14050","","0.9106","A"
"4","Trait5","pKWmEB","NsiI.TP430865","11","   14052","","0.2266","C"
"4","Trait5","pKWmEB","NsiI.TP430887","11","   14053","","0.0922","A"
"4","Trait5","pKWmEB","NsiI.TP430986","11","   14056","","0.2582","C"
"4","Trait5","pKWmEB","NsiI.TP430995","11","   14057","","0.5225","A"
"4","Trait5","pKWmEB","NsiI.TP431090","11","   14058","","0.1206","C"
"4","Trait5","pKWmEB","NsiI.TP431241","11","   14060","","0.3501","C"
"4","Trait5","pKWmEB","NsiI.TP431381","11","   14062","","0.0117","A"
"4","Trait5","pKWmEB","NsiI.TP431393","11","   14063","","0.1193","G"
"4","Trait5","pKWmEB","NsiI.TP431600","11","   14065","","1.6217","A"
"4","Trait5","pKWmEB","NsiI.TP431612","11","   14066","","0.2110","A"
"4","Trait5","pKWmEB","NsiI.TP431614","11","   14068","","0.7664","C"
"4","Trait5","pKWmEB","NsiI.TP431652","11","   14069","","0.1054","A"
"4","Trait5","pKWmEB","NsiI.TP431667","11","   14070","","2.0960","C"
"4","Trait5","pKWmEB","NsiI.TP431930","11","   14072","","0.8245","A"
"4","Trait5","pKWmEB","NsiI.TP431946","11","   14073","","0.0306","C"
"4","Trait5","pKWmEB","NsiI.TP431947","11","   14074","","0.1466","A"
"4","Trait5","pKWmEB","NsiI.TP431951","11","   14075","","0.0708","A"
"4","Trait5","pKWmEB","NsiI.TP431956","11","   14076","","0.4868","C"
"4","Trait5","pKWmEB","NsiI.TP432115","11","   14078","","0.7768","C"
"4","Trait5","pKWmEB","NsiI.TP432117","11","   14079","","0.0881","A"
"4","Trait5","pKWmEB","NsiI.TP432122","11","   14080","","0.1976","A"
"4","Trait5","pKWmEB","NsiI.TP432317","11","   14081","","0.0436","A"
"4","Trait5","pKWmEB","NsiI.TP432364","11","   14082","","0.1280","A"
"4","Trait5","pKWmEB","NsiI.TP432383","11","   14083","","0.9592","A"
"4","Trait5","pKWmEB","NsiI.TP432396","11","   14084","","0.0130","C"
"4","Trait5","pKWmEB","NsiI.TP432447","11","   14085","","0.2658","C"
"4","Trait5","pKWmEB","NsiI.TP432469","11","   14086","","0.4983","A"
"4","Trait5","pKWmEB","NsiI.TP432507","11","   14087","","0.3253","A"
"4","Trait5","pKWmEB","NsiI.TP432618","11","   14088","","0.2483","A"
"4","Trait5","pKWmEB","NsiI.TP432740","11","   14092","","0.0736","C"
"4","Trait5","pKWmEB","NsiI.TP432766","11","   14093","","0.3629","C"
"4","Trait5","pKWmEB","NsiI.TP432827","11","   14094","","0.0604","A"
"4","Trait5","pKWmEB","NsiI.TP432842","11","   14095","","1.8018","C"
"4","Trait5","pKWmEB","NsiI.TP432848","11","   14096","","0.1228","A"
"4","Trait5","pKWmEB","NsiI.TP432866","11","   14097","","0.0036","A"
"4","Trait5","pKWmEB","NsiI.TP432869","11","   14098","","0.1975","C"
"4","Trait5","pKWmEB","NsiI.TP432878","11","   14099","","1.0244","C"
"4","Trait5","pKWmEB","NsiI.TP433230","11","   14104","","0.8476","C"
"4","Trait5","pKWmEB","NsiI.TP433282","11","   14106","","0.5372","A"
"4","Trait5","pKWmEB","NsiI.TP433313","11","   14108","","0.2347","G"
"4","Trait5","pKWmEB","NsiI.TP433379","11","   14110","","0.0616","A"
"4","Trait5","pKWmEB","NsiI.TP433453","11","   14114","","0.8285","A"
"4","Trait5","pKWmEB","NsiI.TP433468","11","   14115","","0.0344","C"
"4","Trait5","pKWmEB","NsiI.TP433562","11","   14116","","0.9822","A"
"4","Trait5","pKWmEB","NsiI.TP433644","11","   14118","","0.0371","C"
"4","Trait5","pKWmEB","NsiI.TP433646","11","   14119","","0.1185","C"
"4","Trait5","pKWmEB","NsiI.TP433717","11","   14120","","0.8893","A"
"4","Trait5","pKWmEB","NsiI.TP433766","11","   14121","","0.3742","G"
"4","Trait5","pKWmEB","NsiI.TP433774","11","   14122","","0.0248","A"
"4","Trait5","pKWmEB","NsiI.TP433863","11","   14123","","0.9521","A"
"4","Trait5","pKWmEB","NsiI.TP433866","11","   14124","","0.2658","A"
"4","Trait5","pKWmEB","NsiI.TP433871","11","   14125","","0.6025","C"
"4","Trait5","pKWmEB","NsiI.TP433923","11","   14126","","0.3977","G"
"4","Trait5","pKWmEB","NsiI.TP433926","11","   14127","","1.6732","C"
"4","Trait5","pKWmEB","NsiI.TP433929","11","   14128","","0.3115","G"
"4","Trait5","pKWmEB","NsiI.TP433930","11","   14129","","0.3259","A"
"4","Trait5","pKWmEB","NsiI.TP433982","11","   14131","","0.5232","C"
"4","Trait5","pKWmEB","NsiI.TP433999","11","   14132","","0.5662","C"
"4","Trait5","pKWmEB","NsiI.TP434109","11","   14133","","0.3696","A"
"4","Trait5","pKWmEB","NsiI.TP434131","11","   14134","","0.0378","A"
"4","Trait5","pKWmEB","NsiI.TP434160","11","   14135","","0.9013","A"
"4","Trait5","pKWmEB","NsiI.TP434321","11","   14138","","0.7545","A"
"4","Trait5","pKWmEB","NsiI.TP434358","11","   14139","","0.4586","A"
"4","Trait5","pKWmEB","NsiI.TP434363","11","   14140","","0.0734","C"
"4","Trait5","pKWmEB","NsiI.TP434515","11","   14143","","0.2314","C"
"4","Trait5","pKWmEB","NsiI.TP434553","11","   14144","","0.3114","A"
"4","Trait5","pKWmEB","NsiI.TP434650","11","   14147","","0.0634","A"
"4","Trait5","pKWmEB","NsiI.TP434725","11","   14149","","0.1182","A"
"4","Trait5","pKWmEB","NsiI.TP434797","11","   14150","","0.0710","C"
"4","Trait5","pKWmEB","NsiI.TP434835","11","   14151","","0.4257","A"
"4","Trait5","pKWmEB","NsiI.TP435227","11","   14152","","2.3069","C"
"4","Trait5","pKWmEB","NsiI.TP435268","11","   14153","","0.6577","A"
"4","Trait5","pKWmEB","NsiI.TP435280","11","   14154","","1.2938","A"
"4","Trait5","pKWmEB","NsiI.TP435290","11","   14155","","0.1674","C"
"4","Trait5","pKWmEB","NsiI.TP435307","11","   14156","","0.1170","C"
"4","Trait5","pKWmEB","NsiI.TP435354","11","   14157","","0.4648","A"
"4","Trait5","pKWmEB","NsiI.TP435468","11","   14158","","0.1407","A"
"4","Trait5","pKWmEB","NsiI.TP435530","11","   14159","","0.3244","A"
"4","Trait5","pKWmEB","NsiI.TP435604","11","   14160","","0.2712","A"
"4","Trait5","pKWmEB","NsiI.TP435649","11","   14161","","0.4606","C"
"4","Trait5","pKWmEB","NsiI.TP435703","11","   14163","","0.2659","C"
"4","Trait5","pKWmEB","NsiI.TP435824","11","   14164","","0.0722","A"
"4","Trait5","pKWmEB","NsiI.TP435991","11","   14166","","0.5615","C"
"4","Trait5","pKWmEB","NsiI.TP436072","11","   14167","","0.1999","C"
"4","Trait5","pKWmEB","NsiI.TP436121","11","   14168","","0.0570","C"
"4","Trait5","pKWmEB","NsiI.TP436157","11","   14169","","0.4772","A"
"4","Trait5","pKWmEB","NsiI.TP436166","11","   14170","","0.0322","A"
"4","Trait5","pKWmEB","NsiI.TP436167","11","   14171","","0.3588","G"
"4","Trait5","pKWmEB","NsiI.TP436233","11","   14172","","0.0144","C"
"4","Trait5","pKWmEB","NsiI.TP436293","11","   14175","","0.6207","C"
"4","Trait5","pKWmEB","NsiI.TP436346","11","   14178","","0.0329","G"
"4","Trait5","pKWmEB","NsiI.TP436368","11","   14179","","0.6270","C"
"4","Trait5","pKWmEB","NsiI.TP436422","11","   14180","","1.0123","A"
"4","Trait5","pKWmEB","NsiI.TP436445","11","   14181","","0.2029","A"
"4","Trait5","pKWmEB","NsiI.TP436616","11","   14182","","0.2801","A"
"4","Trait5","pKWmEB","NsiI.TP436620","11","   14183","","0.0341","G"
"4","Trait5","pKWmEB","NsiI.TP436696","11","   14185","","0.0516","A"
"4","Trait5","pKWmEB","NsiI.TP436742","11","   14186","","0.6978","A"
"4","Trait5","pKWmEB","NsiI.TP436917","11","   14188","","0.9059","C"
"4","Trait5","pKWmEB","NsiI.TP436929","11","   14189","","0.0555","G"
"4","Trait5","pKWmEB","NsiI.TP436982","11","   14191","","0.2587","A"
"4","Trait5","pKWmEB","NsiI.TP436994","11","   14193","","0.8559","C"
"4","Trait5","pKWmEB","NsiI.TP437019","11","   14194","","0.3120","A"
"4","Trait5","pKWmEB","NsiI.TP437031","11","   14195","","0.3441","C"
"4","Trait5","pKWmEB","NsiI.TP437073","11","   14196","","0.0259","G"
"4","Trait5","pKWmEB","NsiI.TP437121","11","   14197","","0.0860","A"
"4","Trait5","pKWmEB","NsiI.TP437124","11","   14198","","0.0991","A"
"4","Trait5","pKWmEB","NsiI.TP437243","11","   14200","","1.9208","A"
"4","Trait5","pKWmEB","NsiI.TP437252","11","   14201","","0.0324","C"
"4","Trait5","pKWmEB","NsiI.TP437283","11","   14203","","0.6900","C"
"4","Trait5","pKWmEB","NsiI.TP437314","11","   14204","","0.9386","A"
"4","Trait5","pKWmEB","NsiI.TP437341","11","   14205","","0.5720","C"
"4","Trait5","pKWmEB","NsiI.TP437390","11","   14206","","0.1924","A"
"4","Trait5","pKWmEB","NsiI.TP437404","11","   14207","","0.3563","A"
"4","Trait5","pKWmEB","NsiI.TP437451","11","   14208","","0.1453","A"
"4","Trait5","pKWmEB","NsiI.TP437456","11","   14210","","0.7578","C"
"4","Trait5","pKWmEB","NsiI.TP437571","11","   14211","","0.2587","G"
"4","Trait5","pKWmEB","NsiI.TP437577","11","   14212","","1.6429","A"
"4","Trait5","pKWmEB","NsiI.TP437616","11","   14214","","0.3751","C"
"4","Trait5","pKWmEB","NsiI.TP437617","11","   14215","","0.0399","A"
"4","Trait5","pKWmEB","NsiI.TP437635","11","   14216","","0.3057","C"
"4","Trait5","pKWmEB","NsiI.TP437707","11","   14217","","0.7189","A"
"4","Trait5","pKWmEB","NsiI.TP437776","11","   14219","","0.3322","C"
"4","Trait5","pKWmEB","NsiI.TP437908","11","   14220","","0.4247","A"
"4","Trait5","pKWmEB","NsiI.TP437922","11","   14221","","0.2455","A"
"4","Trait5","pKWmEB","NsiI.TP437928","11","   14222","","0.2991","A"
"4","Trait5","pKWmEB","NsiI.TP437933","11","   14223","","0.0260","A"
"4","Trait5","pKWmEB","NsiI.TP437945","11","   14224","","1.1126","C"
"4","Trait5","pKWmEB","NsiI.TP437987","11","   14225","","0.0141","G"
"4","Trait5","pKWmEB","NsiI.TP438024","11","   14227","","1.1863","C"
"4","Trait5","pKWmEB","NsiI.TP438029","11","   14228","","0.2613","A"
"4","Trait5","pKWmEB","NsiI.TP438086","11","   14230","","0.4578","C"
"4","Trait5","pKWmEB","NsiI.TP438128","11","   14231","","0.1500","A"
"4","Trait5","pKWmEB","NsiI.TP438192","11","   14232","","0.7040","A"
"4","Trait5","pKWmEB","NsiI.TP438230","11","   14233","","1.1099","C"
"4","Trait5","pKWmEB","NsiI.TP438238","11","   14234","","0.3453","C"
"4","Trait5","pKWmEB","NsiI.TP438799","11","   14239","","0.0969","A"
"4","Trait5","pKWmEB","NsiI.TP438867","11","   14240","","0.0172","A"
"4","Trait5","pKWmEB","NsiI.TP438869","11","   14241","","0.3389","C"
"4","Trait5","pKWmEB","NsiI.TP438914","11","   14242","","0.0061","C"
"4","Trait5","pKWmEB","NsiI.TP438917","11","   14243","","0.2438","A"
"4","Trait5","pKWmEB","NsiI.TP438923","11","   14244","","0.2546","A"
"4","Trait5","pKWmEB","NsiI.TP439051","11","   14248","","0.1090","C"
"4","Trait5","pKWmEB","NsiI.TP439062","11","   14250","","0.0167","C"
"4","Trait5","pKWmEB","NsiI.TP439090","11","   14251","","0.4636","C"
"4","Trait5","pKWmEB","NsiI.TP439116","11","   14252","","0.1057","A"
"4","Trait5","pKWmEB","NsiI.TP439198","11","   14253","","0.0997","C"
"4","Trait5","pKWmEB","NsiI.TP439292","11","   14254","","0.8542","A"
"4","Trait5","pKWmEB","NsiI.TP439293","11","   14255","","0.3175","C"
"4","Trait5","pKWmEB","NsiI.TP439345","11","   14256","","0.2948","C"
"4","Trait5","pKWmEB","NsiI.TP439393","11","   14258","","0.2644","A"
"4","Trait5","pKWmEB","NsiI.TP439399","11","   14259","","1.4710","A"
"4","Trait5","pKWmEB","NsiI.TP439511","11","   14263","","0.0920","C"
"4","Trait5","pKWmEB","NsiI.TP439542","11","   14264","","0.5772","A"
"4","Trait5","pKWmEB","NsiI.TP439602","11","   14265","","1.3081","G"
"4","Trait5","pKWmEB","NsiI.TP439901","11","   14267","","0.0877","C"
"4","Trait5","pKWmEB","NsiI.TP439915","11","   14268","","0.3455","A"
"4","Trait5","pKWmEB","NsiI.TP440186","11","   14271","","0.8815","A"
"4","Trait5","pKWmEB","NsiI.TP440244","11","   14273","","0.6125","A"
"4","Trait5","pKWmEB","NsiI.TP440297","11","   14274","","0.5932","C"
"4","Trait5","pKWmEB","NsiI.TP440333","11","   14275","","0.4459","C"
"4","Trait5","pKWmEB","NsiI.TP440349","11","   14276","","0.2613","C"
"4","Trait5","pKWmEB","NsiI.TP440458","11","   14278","","0.1494","G"
"4","Trait5","pKWmEB","NsiI.TP440528","11","   14279","","0.7054","C"
"4","Trait5","pKWmEB","NsiI.TP440553","11","   14280","","0.7869","C"
"4","Trait5","pKWmEB","NsiI.TP440593","11","   14281","","0.2874","C"
"4","Trait5","pKWmEB","NsiI.TP440603","11","   14282","","0.6455","C"
"4","Trait5","pKWmEB","NsiI.TP440678","11","   14284","","0.0462","A"
"4","Trait5","pKWmEB","NsiI.TP440693","11","   14285","","0.7690","G"
"4","Trait5","pKWmEB","NsiI.TP440709","11","   14286","","0.0842","A"
"4","Trait5","pKWmEB","NsiI.TP440710","11","   14287","","0.0699","C"
"4","Trait5","pKWmEB","NsiI.TP440825","11","   14290","","0.0519","C"
"4","Trait5","pKWmEB","NsiI.TP440866","11","   14292","","0.2342","A"
"4","Trait5","pKWmEB","NsiI.TP441098","11","   14296","","0.7171","G"
"4","Trait5","pKWmEB","NsiI.TP441136","11","   14298","","0.1425","C"
"4","Trait5","pKWmEB","NsiI.TP441147","11","   14299","","0.2389","A"
"4","Trait5","pKWmEB","NsiI.TP441161","11","   14301","","0.8756","G"
"4","Trait5","pKWmEB","NsiI.TP441232","11","   14302","","0.1254","A"
"4","Trait5","pKWmEB","NsiI.TP441304","11","   14303","","0.9571","A"
"4","Trait5","pKWmEB","NsiI.TP441306","11","   14304","","0.0330","C"
"4","Trait5","pKWmEB","NsiI.TP441363","11","   14305","","0.6657","A"
"4","Trait5","pKWmEB","NsiI.TP441512","11","   14306","","0.7479","A"
"4","Trait5","pKWmEB","NsiI.TP441557","11","   14307","","0.0608","G"
"4","Trait5","pKWmEB","NsiI.TP441664","11","   14308","","0.9187","A"
"4","Trait5","pKWmEB","NsiI.TP441682","11","   14309","","0.1366","C"
"4","Trait5","pKWmEB","NsiI.TP441701","11","   14310","","0.1632","G"
"4","Trait5","pKWmEB","NsiI.TP441710","11","   14311","","0.0683","A"
"4","Trait5","pKWmEB","NsiI.TP441797","11","   14313","","0.7535","C"
"4","Trait5","pKWmEB","NsiI.TP441886","11","   14314","","0.3096","C"
"4","Trait5","pKWmEB","NsiI.TP441926","11","   14315","","0.0160","A"
"4","Trait5","pKWmEB","NsiI.TP441940","11","   14316","","0.3031","C"
"4","Trait5","pKWmEB","NsiI.TP442079","11","   14317","","0.0338","A"
"4","Trait5","pKWmEB","NsiI.TP442083","11","   14319","","0.0026","C"
"4","Trait5","pKWmEB","NsiI.TP442097","11","   14320","","0.1948","G"
"4","Trait5","pKWmEB","NsiI.TP442209","11","   14322","","0.1081","A"
"4","Trait5","pKWmEB","NsiI.TP442242","11","   14323","","1.3744","C"
"4","Trait5","pKWmEB","NsiI.TP442293","11","   14324","","0.0417","C"
"4","Trait5","pKWmEB","NsiI.TP442306","11","   14326","","0.4976","G"
"4","Trait5","pKWmEB","NsiI.TP442361","11","   14328","","0.1723","A"
"4","Trait5","pKWmEB","NsiI.TP442482","11","   14329","","0.1070","C"
"4","Trait5","pKWmEB","NsiI.TP442547","11","   14330","","0.3158","C"
"4","Trait5","pKWmEB","NsiI.TP442549","11","   14331","","0.2727","C"
"4","Trait5","pKWmEB","NsiI.TP442704","11","   14332","","0.4243","C"
"4","Trait5","pKWmEB","NsiI.TP442764","11","   14335","","0.1963","C"
"4","Trait5","pKWmEB","NsiI.TP442875","11","   14336","","0.1669","A"
"4","Trait5","pKWmEB","NsiI.TP442941","11","   14338","","0.3156","G"
"4","Trait5","pKWmEB","NsiI.TP443009","11","   14340","","0.5917","A"
"4","Trait5","pKWmEB","NsiI.TP443026","11","   14341","","0.6746","A"
"4","Trait5","pKWmEB","NsiI.TP443033","11","   14342","","0.1771","C"
"4","Trait5","pKWmEB","NsiI.TP443035","11","   14343","","0.4032","C"
"4","Trait5","pKWmEB","NsiI.TP443136","11","   14348","","0.0201","A"
"4","Trait5","pKWmEB","NsiI.TP443153","11","   14349","","0.0491","G"
"4","Trait5","pKWmEB","NsiI.TP443210","11","   14350","","0.3930","C"
"4","Trait5","pKWmEB","NsiI.TP443225","11","   14351","","0.0968","C"
"4","Trait5","pKWmEB","NsiI.TP443253","11","   14352","","0.4305","A"
"4","Trait5","pKWmEB","NsiI.TP443279","11","   14353","","0.0934","C"
"4","Trait5","pKWmEB","NsiI.TP443298","11","   14354","","0.2184","C"
"4","Trait5","pKWmEB","NsiI.TP443420","11","   14356","","0.0860","A"
"4","Trait5","pKWmEB","NsiI.TP443471","11","   14357","","0.3260","A"
"4","Trait5","pKWmEB","NsiI.TP443591","11","   14358","","0.0553","C"
"4","Trait5","pKWmEB","NsiI.TP443632","11","   14359","","0.3234","C"
"4","Trait5","pKWmEB","NsiI.TP443697","11","   14361","","0.0415","C"
"4","Trait5","pKWmEB","NsiI.TP443698","11","   14362","","0.3992","C"
"4","Trait5","pKWmEB","NsiI.TP443702","11","   14363","","1.6298","A"
"4","Trait5","pKWmEB","NsiI.TP443948","11","   14365","","0.2340","C"
"4","Trait5","pKWmEB","NsiI.TP443949","11","   14366","","0.0460","G"
"4","Trait5","pKWmEB","NsiI.TP444108","11","   14367","","0.1253","A"
"4","Trait5","pKWmEB","NsiI.TP444147","11","   14368","","0.2705","A"
"4","Trait5","pKWmEB","NsiI.TP444160","11","   14369","","1.2538","A"
"4","Trait5","pKWmEB","NsiI.TP444309","11","   14370","","0.9093","G"
"4","Trait5","pKWmEB","NsiI.TP444364","11","   14371","","0.0324","C"
"4","Trait5","pKWmEB","NsiI.TP444455","11","   14372","","0.2664","C"
"4","Trait5","pKWmEB","NsiI.TP444501","11","   14373","","0.0283","A"
"4","Trait5","pKWmEB","NsiI.TP444536","11","   14374","","0.1999","A"
"4","Trait5","pKWmEB","NsiI.TP444557","11","   14375","","0.3913","A"
"4","Trait5","pKWmEB","NsiI.TP444569","11","   14376","","0.9727","A"
"4","Trait5","pKWmEB","NsiI.TP444587","11","   14377","","0.0673","C"
"4","Trait5","pKWmEB","NsiI.TP444630","11","   14378","","2.2447","A"
"4","Trait5","pKWmEB","NsiI.TP444709","11","   14379","","0.2969","C"
"4","Trait5","pKWmEB","NsiI.TP444838","11","   14380","","0.1424","C"
"4","Trait5","pKWmEB","NsiI.TP444841","11","   14381","","0.2427","G"
"4","Trait5","pKWmEB","NsiI.TP445038","11","   14385","","0.3924","C"
"4","Trait5","pKWmEB","NsiI.TP445260","11","   14389","","0.0244","A"
"4","Trait5","pKWmEB","NsiI.TP445310","11","   14390","","0.0844","A"
"4","Trait5","pKWmEB","NsiI.TP445704","11","   14394","","0.9883","A"
"4","Trait5","pKWmEB","NsiI.TP446252","11","   14396","","1.2418","C"
"4","Trait5","pKWmEB","NsiI.TP446368","11","   14397","","0.4855","A"
"4","Trait5","pKWmEB","NsiI.TP446425","11","   14398","","0.0836","A"
"4","Trait5","pKWmEB","NsiI.TP446560","11","   14400","","0.1987","C"
"4","Trait5","pKWmEB","NsiI.TP446664","11","   14401","","1.1091","C"
"4","Trait5","pKWmEB","NsiI.TP446668","11","   14402","","0.2549","A"
"4","Trait5","pKWmEB","NsiI.TP446772","11","   14403","","1.0290","A"
"4","Trait5","pKWmEB","NsiI.TP446832","11","   14404","","0.0577","C"
"4","Trait5","pKWmEB","NsiI.TP446863","11","   14405","","0.0895","C"
"4","Trait5","pKWmEB","NsiI.TP446919","11","   14406","","0.1040","C"
"4","Trait5","pKWmEB","NsiI.TP447355","11","   14411","","0.1589","C"
"4","Trait5","pKWmEB","NsiI.TP447866","11","   14414","","0.4180","C"
"4","Trait5","pKWmEB","NsiI.TP448019","11","   14417","","0.6183","C"
"4","Trait5","pKWmEB","NsiI.TP448134","11","   14419","","0.2196","A"
"4","Trait5","pKWmEB","NsiI.TP448197","11","   14420","","0.0828","C"
"4","Trait5","pKWmEB","NsiI.TP448710","11","   14423","","0.2761","A"
"4","Trait5","pKWmEB","NsiI.TP448738","11","   14424","","0.4814","C"
"4","Trait5","pKWmEB","NsiI.TP448978","11","   14430","","0.3423","C"
"4","Trait5","pKWmEB","NsiI.TP449236","11","   14433","","0.4711","C"
"4","Trait5","pKWmEB","NsiI.TP449267","11","   14434","","0.1134","C"
"4","Trait5","pKWmEB","NsiI.TP449353","11","   14435","","0.8567","A"
"4","Trait5","pKWmEB","NsiI.TP449403","11","   14437","","0.8751","A"
"4","Trait5","pKWmEB","NsiI.TP449419","11","   14438","","0.1442","A"
"4","Trait5","pKWmEB","NsiI.TP449421","11","   14439","","0.4360","C"
"4","Trait5","pKWmEB","NsiI.TP449425","11","   14440","","1.5393","A"
"4","Trait5","pKWmEB","NsiI.TP449571","11","   14442","","0.6497","A"
"4","Trait5","pKWmEB","NsiI.TP449591","11","   14443","","0.4181","C"
"4","Trait5","pKWmEB","NsiI.TP449698","11","   14444","","1.7946","C"
"4","Trait5","pKWmEB","NsiI.TP449783","11","   14445","","0.9402","A"
"4","Trait5","pKWmEB","NsiI.TP449849","11","   14446","","0.3186","A"
"4","Trait5","pKWmEB","NsiI.TP449894","11","   14447","","0.0364","A"
"4","Trait5","pKWmEB","NsiI.TP449903","11","   14448","","0.9206","A"
"4","Trait5","pKWmEB","NsiI.TP449913","11","   14449","","0.2131","C"
"4","Trait5","pKWmEB","NsiI.TP449920","11","   14450","","0.2252","C"
"4","Trait5","pKWmEB","NsiI.TP450025","11","   14452","","0.0819","C"
"4","Trait5","pKWmEB","NsiI.TP450221","11","   14453","","0.2043","C"
"4","Trait5","pKWmEB","NsiI.TP450225","11","   14455","","0.2964","G"
"4","Trait5","pKWmEB","NsiI.TP450231","11","   14456","","0.0298","C"
"4","Trait5","pKWmEB","NsiI.TP450332","11","   14458","","0.9388","A"
"4","Trait5","pKWmEB","NsiI.TP450348","11","   14459","","0.2947","C"
"4","Trait5","pKWmEB","NsiI.TP450391","11","   14460","","0.1280","C"
"4","Trait5","pKWmEB","NsiI.TP450394","11","   14461","","0.1433","C"
"4","Trait5","pKWmEB","NsiI.TP450498","11","   14463","","0.1105","C"
"4","Trait5","pKWmEB","NsiI.TP450541","11","   14464","","0.6350","A"
"4","Trait5","pKWmEB","NsiI.TP450609","11","   14465","","0.7485","C"
"4","Trait5","pKWmEB","NsiI.TP450647","11","   14466","","0.8470","C"
"4","Trait5","pKWmEB","NsiI.TP450674","11","   14468","","0.5122","C"
"4","Trait5","pKWmEB","NsiI.TP450684","11","   14470","","0.2012","A"
"4","Trait5","pKWmEB","NsiI.TP450780","11","   14472","","0.3780","C"
"4","Trait5","pKWmEB","NsiI.TP450787","11","   14473","","0.1872","C"
"4","Trait5","pKWmEB","NsiI.TP450818","11","   14474","","0.3795","C"
"4","Trait5","pKWmEB","NsiI.TP451094","11","   14476","","0.1819","C"
"4","Trait5","pKWmEB","NsiI.TP451292","11","   14477","","0.0344","C"
"4","Trait5","pKWmEB","NsiI.TP451551","11","   14479","","0.6478","C"
"4","Trait5","pKWmEB","NsiI.TP451683","11","   14480","","1.0645","C"
"4","Trait5","pKWmEB","NsiI.TP451964","11","   14482","","0.7733","A"
"4","Trait5","pKWmEB","NsiI.TP452061","11","   14485","","0.2530","A"
"4","Trait5","pKWmEB","NsiI.TP452078","11","   14486","","0.5783","A"
"4","Trait5","pKWmEB","NsiI.TP452464","11","   14489","","0.1696","C"
"4","Trait5","pKWmEB","NsiI.TP452489","11","   14490","","1.5312","A"
"4","Trait5","pKWmEB","NsiI.TP452865","11","   14494","","0.6721","A"
"4","Trait5","pKWmEB","NsiI.TP452911","11","   14495","","0.0577","C"
"4","Trait5","pKWmEB","NsiI.TP453000","11","   14498","","0.6584","A"
"4","Trait5","pKWmEB","NsiI.TP453026","11","   14499","","0.4482","C"
"4","Trait5","pKWmEB","NsiI.TP453088","11","   14500","","0.6353","A"
"4","Trait5","pKWmEB","NsiI.TP453116","11","   14501","","0.3001","A"
"4","Trait5","pKWmEB","NsiI.TP453137","11","   14502","","0.0139","C"
"4","Trait5","pKWmEB","NsiI.TP453184","11","   14504","","0.2958","C"
"4","Trait5","pKWmEB","NsiI.TP453240","11","   14505","","0.0385","C"
"4","Trait5","pKWmEB","NsiI.TP453723","11","   14508","","0.2703","C"
"4","Trait5","pKWmEB","NsiI.TP453826","11","   14509","","0.9988","C"
"4","Trait5","pKWmEB","NsiI.TP454067","11","   14510","","1.3260","C"
"4","Trait5","pKWmEB","NsiI.TP454230","11","   14512","","0.1734","A"
"4","Trait5","pKWmEB","NsiI.TP454233","11","   14513","","0.0074","C"
"4","Trait5","pKWmEB","NsiI.TP454475","11","   14515","","0.1792","C"
"4","Trait5","pKWmEB","NsiI.TP454779","11","   14518","","0.7914","A"
"4","Trait5","pKWmEB","NsiI.TP454898","11","   14519","","0.4045","C"
"4","Trait5","pKWmEB","NsiI.TP454947","11","   14520","","0.1158","A"
"4","Trait5","pKWmEB","NsiI.TP455041","11","   14522","","0.6165","A"
"4","Trait5","pKWmEB","NsiI.TP455152","11","   14523","","1.0346","A"
"4","Trait5","pKWmEB","NsiI.TP455167","11","   14524","","0.0906","C"
"4","Trait5","pKWmEB","NsiI.TP455250","11","   14526","","0.3937","C"
"4","Trait5","pKWmEB","NsiI.TP455253","11","   14527","","0.0028","C"
"4","Trait5","pKWmEB","NsiI.TP455677","11","   14529","","0.8011","A"
"4","Trait5","pKWmEB","NsiI.TP455693","11","   14530","","0.6389","A"
"4","Trait5","pKWmEB","NsiI.TP455700","11","   14531","","0.4854","C"
"4","Trait5","pKWmEB","NsiI.TP455853","11","   14533","","0.4093","C"
"4","Trait5","pKWmEB","NsiI.TP455855","11","   14534","","0.9226","C"
"4","Trait5","pKWmEB","NsiI.TP455891","11","   14535","","1.6665","C"
"4","Trait5","pKWmEB","NsiI.TP456029","11","   14536","","0.1697","C"
"4","Trait5","pKWmEB","NsiI.TP456072","11","   14537","","0.0667","C"
"4","Trait5","pKWmEB","NsiI.TP456097","11","   14538","","0.3613","C"
"4","Trait5","pKWmEB","NsiI.TP456139","11","   14539","","0.4834","C"
"4","Trait5","pKWmEB","NsiI.TP456239","11","   14540","","0.1168","C"
"4","Trait5","pKWmEB","NsiI.TP456277","11","   14541","","0.2921","A"
"4","Trait5","pKWmEB","NsiI.TP456371","11","   14544","","0.6192","C"
"4","Trait5","pKWmEB","NsiI.TP456445","11","   14545","","0.3226","A"
"4","Trait5","pKWmEB","NsiI.TP456520","11","   14547","","0.0826","C"
"4","Trait5","pKWmEB","NsiI.TP456563","11","   14549","","0.3653","A"
"4","Trait5","pKWmEB","NsiI.TP456615","11","   14550","","0.2580","C"
"4","Trait5","pKWmEB","NsiI.TP456659","11","   14551","","0.3188","C"
"4","Trait5","pKWmEB","NsiI.TP456707","11","   14552","","0.7928","C"
"4","Trait5","pKWmEB","NsiI.TP456787","11","   14553","","0.5351","C"
"4","Trait5","pKWmEB","NsiI.TP456798","11","   14554","","0.2285","A"
"4","Trait5","pKWmEB","NsiI.TP456922","11","   14556","","0.1306","A"
"4","Trait5","pKWmEB","NsiI.TP456970","11","   14558","","0.1067","A"
"4","Trait5","pKWmEB","NsiI.TP457095","11","   14560","","0.1437","A"
"4","Trait5","pKWmEB","NsiI.TP457132","11","   14561","","0.4855","G"
"4","Trait5","pKWmEB","NsiI.TP457144","11","   14562","","0.2696","C"
"4","Trait5","pKWmEB","NsiI.TP457495","11","   14564","","1.6018","A"
"4","Trait5","pKWmEB","NsiI.TP457503","11","   14566","","0.1984","C"
"4","Trait5","pKWmEB","NsiI.TP457514","11","   14567","","0.6849","C"
"4","Trait5","pKWmEB","NsiI.TP457618","11","   14568","","0.3229","A"
"4","Trait5","pKWmEB","NsiI.TP457620","11","   14569","","0.2823","C"
"4","Trait5","pKWmEB","NsiI.TP457636","11","   14570","","0.1559","G"
"4","Trait5","pKWmEB","NsiI.TP457648","11","   14571","","0.2353","C"
"4","Trait5","pKWmEB","NsiI.TP457668","11","   14572","","0.0408","C"
"4","Trait5","pKWmEB","NsiI.TP458088","11","   14578","","0.0187","G"
"4","Trait5","pKWmEB","NsiI.TP458100","11","   14579","","1.5436","A"
"4","Trait5","pKWmEB","NsiI.TP458174","11","   14581","","0.4872","G"
"4","Trait5","pKWmEB","NsiI.TP458281","11","   14583","","0.1986","A"
"4","Trait5","pKWmEB","NsiI.TP458363","11","   14584","","0.7771","C"
"4","Trait5","pKWmEB","NsiI.TP458380","11","   14585","","0.3072","C"
"4","Trait5","pKWmEB","NsiI.TP458403","11","   14586","","0.0086","C"
"4","Trait5","pKWmEB","NsiI.TP458472","11","   14587","","0.0353","C"
"4","Trait5","pKWmEB","NsiI.TP458474","11","   14588","","0.6206","C"
"4","Trait5","pKWmEB","NsiI.TP458537","11","   14589","","0.1066","C"
"4","Trait5","pKWmEB","NsiI.TP458574","11","   14591","","0.9934","C"
"4","Trait5","pKWmEB","NsiI.TP458578","11","   14592","","1.1808","C"
"4","Trait5","pKWmEB","NsiI.TP458620","11","   14593","","0.0838","C"
"4","Trait5","pKWmEB","NsiI.TP458702","11","   14594","","0.0252","A"
"4","Trait5","pKWmEB","NsiI.TP458870","11","   14595","","0.7939","C"
"4","Trait5","pKWmEB","NsiI.TP458887","11","   14596","","0.0350","C"
"4","Trait5","pKWmEB","NsiI.TP458921","11","   14597","","0.0750","A"
"4","Trait5","pKWmEB","NsiI.TP458927","11","   14598","","0.0373","G"
"4","Trait5","pKWmEB","NsiI.TP458999","11","   14599","","0.5636","C"
"4","Trait5","pKWmEB","NsiI.TP459041","11","   14600","","0.0913","C"
"4","Trait5","pKWmEB","NsiI.TP459043","11","   14601","","0.5190","G"
"4","Trait5","pKWmEB","NsiI.TP459546","11","   14604","","0.3355","C"
"4","Trait5","pKWmEB","NsiI.TP459558","11","   14605","","0.0248","C"
"4","Trait5","pKWmEB","NsiI.TP459562","11","   14606","","0.1549","A"
"4","Trait5","pKWmEB","NsiI.TP459599","11","   14608","","0.0281","C"
"4","Trait5","pKWmEB","NsiI.TP459742","11","   14610","","0.3152","C"
"4","Trait5","pKWmEB","NsiI.TP459799","11","   14612","","0.1092","A"
"4","Trait5","pKWmEB","NsiI.TP459803","11","   14613","","0.3913","C"
"4","Trait5","pKWmEB","NsiI.TP459852","11","   14614","","0.8258","C"
"4","Trait5","pKWmEB","NsiI.TP459856","11","   14615","","0.1711","C"
"4","Trait5","pKWmEB","NsiI.TP460177","11","   14617","","0.3354","C"
"4","Trait5","pKWmEB","NsiI.TP460201","11","   14619","","0.6498","A"
"4","Trait5","pKWmEB","NsiI.TP460312","11","   14621","","1.2519","C"
"4","Trait5","pKWmEB","NsiI.TP460338","11","   14623","","0.2661","A"
"4","Trait5","pKWmEB","NsiI.TP460618","11","   14626","","0.1033","C"
"4","Trait5","pKWmEB","NsiI.TP460901","11","   14628","","1.4016","C"
"4","Trait5","pKWmEB","NsiI.TP461325","11","   14631","","0.1378","A"
"4","Trait5","pKWmEB","NsiI.TP461677","11","   14633","","0.2136","C"
"4","Trait5","pKWmEB","NsiI.TP462448","11","   14636","","0.0659","C"
"4","Trait5","pKWmEB","NsiI.TP462617","11","   14638","","0.0499","A"
"4","Trait5","pKWmEB","NsiI.TP462944","11","   14640","","0.3719","A"
"4","Trait5","pKWmEB","NsiI.TP462945","11","   14641","","0.1749","A"
"4","Trait5","pKWmEB","NsiI.TP462986","11","   14642","","0.4782","C"
"4","Trait5","pKWmEB","NsiI.TP463150","11","   14644","","1.1605","C"
"4","Trait5","pKWmEB","NsiI.TP463200","11","   14646","","0.2892","C"
"4","Trait5","pKWmEB","NsiI.TP463875","11","   14650","","0.0249","A"
"4","Trait5","pKWmEB","NsiI.TP463918","11","   14651","","0.0461","A"
"4","Trait5","pKWmEB","NsiI.TP463974","11","   14652","","0.3744","C"
"4","Trait5","pKWmEB","NsiI.TP464041","11","   14654","","0.2128","C"
"4","Trait5","pKWmEB","NsiI.TP464267","11","   14657","","0.0063","C"
"4","Trait5","pKWmEB","NsiI.TP464289","11","   14660","","0.1090","A"
"4","Trait5","pKWmEB","NsiI.TP464294","11","   14661","","0.4719","C"
"4","Trait5","pKWmEB","NsiI.TP464369","11","   14662","","0.4614","A"
"4","Trait5","pKWmEB","NsiI.TP464397","11","   14663","","0.0200","C"
"4","Trait5","pKWmEB","NsiI.TP464530","11","   14665","","0.8095","C"
"4","Trait5","pKWmEB","NsiI.TP464533","11","   14666","","0.2438","C"
"4","Trait5","pKWmEB","NsiI.TP464767","11","   14667","","0.3643","A"
"4","Trait5","pKWmEB","NsiI.TP464859","11","   14668","","0.1539","C"
"4","Trait5","pKWmEB","NsiI.TP464933","11","   14669","","0.3297","C"
"4","Trait5","pKWmEB","NsiI.TP464957","11","   14670","","0.0862","C"
"4","Trait5","pKWmEB","NsiI.TP464987","11","   14671","","1.0740","C"
"4","Trait5","pKWmEB","NsiI.TP465044","11","   14673","","0.1939","C"
"4","Trait5","pKWmEB","NsiI.TP465060","11","   14674","","0.2595","C"
"4","Trait5","pKWmEB","NsiI.TP465211","11","   14676","","0.0957","C"
"4","Trait5","pKWmEB","NsiI.TP465256","11","   14677","","0.8784","A"
"4","Trait5","pKWmEB","NsiI.TP465411","11","   14678","","1.6133","A"
"4","Trait5","pKWmEB","NsiI.TP465474","11","   14680","","0.1221","A"
"4","Trait5","pKWmEB","NsiI.TP465623","11","   14681","","0.3789","A"
"4","Trait5","pKWmEB","NsiI.TP465665","11","   14682","","0.9493","C"
"4","Trait5","pKWmEB","NsiI.TP465677","11","   14684","","0.4315","A"
"4","Trait5","pKWmEB","NsiI.TP465783","11","   14686","","0.3994","C"
"4","Trait5","pKWmEB","NsiI.TP465801","11","   14688","","0.1604","G"
"4","Trait5","pKWmEB","NsiI.TP465897","11","   14689","","0.1086","A"
"4","Trait5","pKWmEB","NsiI.TP466045","11","   14690","","0.6448","A"
"4","Trait5","pKWmEB","NsiI.TP466065","11","   14691","","0.0665","A"
"4","Trait5","pKWmEB","NsiI.TP466128","11","   14692","","0.0539","C"
"4","Trait5","pKWmEB","NsiI.TP466393","11","   14695","","0.6834","A"
"4","Trait5","pKWmEB","NsiI.TP466452","11","   14696","","0.2229","C"
"4","Trait5","pKWmEB","NsiI.TP466606","11","   14697","","0.1790","C"
"4","Trait5","pKWmEB","NsiI.TP466671","11","   14698","","0.2049","C"
"4","Trait5","pKWmEB","NsiI.TP466770","11","   14699","","0.0515","C"
"4","Trait5","pKWmEB","NsiI.TP466808","11","   14700","","0.1811","C"
"4","Trait5","pKWmEB","NsiI.TP467039","11","   14701","","0.5503","C"
"4","Trait5","pKWmEB","NsiI.TP467077","11","   14703","","0.0690","G"
"4","Trait5","pKWmEB","NsiI.TP467080","11","   14704","","0.3819","C"
"4","Trait5","pKWmEB","NsiI.TP467081","11","   14705","","0.1350","C"
"4","Trait5","pKWmEB","NsiI.TP467124","11","   14706","","0.3654","G"
"4","Trait5","pKWmEB","NsiI.TP467334","11","   14708","","0.9042","A"
"4","Trait5","pKWmEB","NsiI.TP467412","11","   14709","","0.8696","G"
"4","Trait5","pKWmEB","NsiI.TP467507","11","   14710","","0.7459","G"
"4","Trait5","pKWmEB","NsiI.TP467551","11","   14712","","1.3813","C"
"4","Trait5","pKWmEB","NsiI.TP467595","11","   14713","","0.0049","C"
"4","Trait5","pKWmEB","NsiI.TP467631","11","   14715","","0.1288","A"
"4","Trait5","pKWmEB","NsiI.TP467776","11","   14717","","0.1715","C"
"4","Trait5","pKWmEB","NsiI.TP467949","11","   14719","","0.8029","A"
"4","Trait5","pKWmEB","NsiI.TP468110","11","   14723","","0.6616","A"
"4","Trait5","pKWmEB","NsiI.TP468113","11","   14724","","0.0155","C"
"4","Trait5","pKWmEB","NsiI.TP468201","11","   14725","","0.7459","A"
"4","Trait5","pKWmEB","NsiI.TP468214","11","   14726","","1.0013","A"
"4","Trait5","pKWmEB","NsiI.TP468237","11","   14727","","0.0914","A"
"4","Trait5","pKWmEB","NsiI.TP468299","11","   14728","","1.3134","A"
"4","Trait5","pKWmEB","NsiI.TP468332","11","   14729","","0.6534","A"
"4","Trait5","pKWmEB","NsiI.TP468380","11","   14731","","0.4146","C"
"4","Trait5","pKWmEB","NsiI.TP468398","11","   14732","","0.0551","A"
"4","Trait5","pKWmEB","NsiI.TP468555","11","   14734","","1.7327","G"
"4","Trait5","pKWmEB","NsiI.TP468613","11","   14735","","0.1827","A"
"4","Trait5","pKWmEB","NsiI.TP468869","11","   14737","","0.2293","A"
"4","Trait5","pKWmEB","NsiI.TP468926","11","   14738","","0.7304","A"
"4","Trait5","pKWmEB","NsiI.TP469094","11","   14741","","0.3986","C"
"4","Trait5","pKWmEB","NsiI.TP469135","11","   14742","","0.0226","C"
"4","Trait5","pKWmEB","NsiI.TP469202","11","   14744","","0.4977","A"
"4","Trait5","pKWmEB","NsiI.TP469203","11","   14745","","0.4166","A"
"4","Trait5","pKWmEB","NsiI.TP469220","11","   14746","","0.8978","C"
"4","Trait5","pKWmEB","NsiI.TP469294","11","   14747","","0.5135","G"
"4","Trait5","pKWmEB","NsiI.TP469537","11","   14750","","1.7778","C"
"4","Trait5","pKWmEB","NsiI.TP469623","11","   14751","","0.1299","C"
"4","Trait5","pKWmEB","NsiI.TP469833","11","   14754","","0.2849","A"
"4","Trait5","pKWmEB","NsiI.TP469970","11","   14755","","0.0788","C"
"4","Trait5","pKWmEB","NsiI.TP469978","11","   14756","","0.0117","G"
"4","Trait5","pKWmEB","NsiI.TP470046","11","   14758","","0.3938","C"
"4","Trait5","pKWmEB","NsiI.TP470178","11","   14760","","0.0938","C"
"4","Trait5","pKWmEB","NsiI.TP470211","11","   14761","","0.0785","C"
"4","Trait5","pKWmEB","NsiI.TP470370","11","   14763","","0.2666","C"
"4","Trait5","pKWmEB","NsiI.TP470374","11","   14764","","0.5236","A"
"4","Trait5","pKWmEB","NsiI.TP470420","11","   14766","","0.0523","A"
"4","Trait5","pKWmEB","NsiI.TP470465","11","   14767","","0.5556","A"
"4","Trait5","pKWmEB","NsiI.TP470466","11","   14768","","0.3449","A"
"4","Trait5","pKWmEB","NsiI.TP470630","11","   14770","","0.5048","C"
"4","Trait5","pKWmEB","NsiI.TP470703","11","   14771","","0.4073","C"
"4","Trait5","pKWmEB","NsiI.TP470733","11","   14773","","0.0748","C"
"4","Trait5","pKWmEB","NsiI.TP470744","11","   14774","","0.0838","C"
"4","Trait5","pKWmEB","NsiI.TP470903","11","   14777","","0.0218","A"
"4","Trait5","pKWmEB","NsiI.TP470904","11","   14778","","0.4564","A"
"4","Trait5","pKWmEB","NsiI.TP470925","11","   14779","","0.1680","C"
"4","Trait5","pKWmEB","NsiI.TP470927","11","   14780","","0.0868","A"
"4","Trait5","pKWmEB","NsiI.TP470928","11","   14781","","0.0524","A"
"4","Trait5","pKWmEB","NsiI.TP471113","11","   14782","","0.0572","C"
"4","Trait5","pKWmEB","NsiI.TP471179","11","   14786","","0.5402","C"
"4","Trait5","pKWmEB","NsiI.TP471511","11","   14789","","0.5744","A"
"4","Trait5","pKWmEB","NsiI.TP471513","11","   14790","","0.4281","A"
"4","Trait5","pKWmEB","NsiI.TP471566","11","   14791","","0.0559","A"
"4","Trait5","pKWmEB","NsiI.TP471639","11","   14792","","0.3951","A"
"4","Trait5","pKWmEB","NsiI.TP471645","11","   14793","","0.5942","A"
"4","Trait5","pKWmEB","NsiI.TP471709","11","   14794","","1.1159","A"
"4","Trait5","pKWmEB","NsiI.TP471716","11","   14795","","0.3113","A"
"4","Trait5","pKWmEB","NsiI.TP471722","11","   14796","","0.7389","A"
"4","Trait5","pKWmEB","NsiI.TP471770","11","   14797","","0.5630","C"
"4","Trait5","pKWmEB","NsiI.TP471834","11","   14798","","0.0832","A"
"4","Trait5","pKWmEB","NsiI.TP471900","11","   14799","","0.3216","C"
"4","Trait5","pKWmEB","NsiI.TP471944","11","   14800","","0.5225","A"
"4","Trait5","pKWmEB","NsiI.TP471963","11","   14801","","0.2904","C"
"4","Trait5","pKWmEB","NsiI.TP471975","11","   14802","","0.5294","C"
"4","Trait5","pKWmEB","NsiI.TP472039","11","   14803","","1.0587","A"
"4","Trait5","pKWmEB","NsiI.TP472079","11","   14806","","0.1537","A"
"4","Trait5","pKWmEB","NsiI.TP472278","11","   14808","","0.7822","A"
"4","Trait5","pKWmEB","NsiI.TP472286","11","   14809","","0.7914","G"
"4","Trait5","pKWmEB","NsiI.TP472325","11","   14810","","1.0136","C"
"4","Trait5","pKWmEB","NsiI.TP472428","11","   14811","","0.5188","A"
"4","Trait5","pKWmEB","NsiI.TP472465","11","   14812","","0.2883","A"
"4","Trait5","pKWmEB","NsiI.TP472555","11","   14813","","0.0021","C"
"4","Trait5","pKWmEB","NsiI.TP472713","11","   14815","","0.0640","C"
"4","Trait5","pKWmEB","NsiI.TP472716","11","   14816","","0.6101","A"
"4","Trait5","pKWmEB","NsiI.TP472777","11","   14817","","0.2238","A"
"4","Trait5","pKWmEB","NsiI.TP472793","11","   14818","","0.5176","C"
"4","Trait5","pKWmEB","NsiI.TP472952","11","   14819","","0.0393","C"
"4","Trait5","pKWmEB","NsiI.TP472966","11","   14820","","0.5128","C"
"4","Trait5","pKWmEB","NsiI.TP473030","11","   14821","","0.2670","A"
"4","Trait5","pKWmEB","NsiI.TP473151","11","   14822","","0.8401","A"
"4","Trait5","pKWmEB","NsiI.TP473183","11","   14824","","0.5989","C"
"4","Trait5","pKWmEB","NsiI.TP473201","11","   14825","","0.1066","A"
"4","Trait5","pKWmEB","NsiI.TP473204","11","   14826","","0.2710","A"
"4","Trait5","pKWmEB","NsiI.TP473213","11","   14827","","0.7780","A"
"4","Trait5","pKWmEB","NsiI.TP473260","11","   14828","","0.0037","G"
"4","Trait5","pKWmEB","NsiI.TP473267","11","   14829","","0.7185","G"
"4","Trait5","pKWmEB","NsiI.TP473824","11","   14832","","0.8525","A"
"4","Trait5","pKWmEB","NsiI.TP473868","11","   14833","","0.2157","C"
"4","Trait5","pKWmEB","NsiI.TP473965","11","   14834","","0.0023","C"
"4","Trait5","pKWmEB","NsiI.TP474321","11","   14835","","0.0999","C"
"4","Trait5","pKWmEB","NsiI.TP474414","11","   14836","","0.0261","A"
"4","Trait5","pKWmEB","NsiI.TP474579","11","   14837","","0.4220","A"
"4","Trait5","pKWmEB","NsiI.TP474771","11","   14839","","0.2997","C"
"4","Trait5","pKWmEB","NsiI.TP475103","11","   14841","","0.1301","C"
"4","Trait5","pKWmEB","NsiI.TP475189","11","   14842","","0.1314","C"
"4","Trait5","pKWmEB","NsiI.TP475376","11","   14843","","0.2424","G"
"4","Trait5","pKWmEB","NsiI.TP475527","11","   14845","","0.0336","C"
"4","Trait5","pKWmEB","NsiI.TP475815","11","   14849","","0.3175","C"
"4","Trait5","pKWmEB","NsiI.TP475925","11","   14850","","1.3317","C"
"4","Trait5","pKWmEB","NsiI.TP475928","11","   14851","","0.0209","A"
"4","Trait5","pKWmEB","NsiI.TP475941","11","   14852","","0.6302","C"
"4","Trait5","pKWmEB","NsiI.TP475968","11","   14854","","0.5182","C"
"4","Trait5","pKWmEB","NsiI.TP476147","11","   14858","","0.0430","A"
"4","Trait5","pKWmEB","NsiI.TP476193","11","   14859","","0.3865","G"
"4","Trait5","pKWmEB","NsiI.TP476215","11","   14860","","0.8163","C"
"4","Trait5","pKWmEB","NsiI.TP476240","11","   14861","","0.1873","A"
"4","Trait5","pKWmEB","NsiI.TP476275","11","   14862","","0.5795","C"
"4","Trait5","pKWmEB","NsiI.TP476303","11","   14864","","0.2015","C"
"4","Trait5","pKWmEB","NsiI.TP476378","11","   14867","","0.0280","A"
"4","Trait5","pKWmEB","NsiI.TP476427","11","   14869","","0.1443","A"
"4","Trait5","pKWmEB","NsiI.TP476465","11","   14870","","0.0364","C"
"4","Trait5","pKWmEB","NsiI.TP476555","11","   14872","","0.0132","A"
"4","Trait5","pKWmEB","NsiI.TP476561","11","   14873","","0.4400","C"
"4","Trait5","pKWmEB","NsiI.TP476725","11","   14876","","1.5892","C"
"4","Trait5","pKWmEB","NsiI.TP476828","11","   14877","","0.1597","A"
"4","Trait5","pKWmEB","NsiI.TP476830","11","   14878","","0.2934","A"
"4","Trait5","pKWmEB","NsiI.TP477347","11","   14880","","0.1424","C"
"4","Trait5","pKWmEB","NsiI.TP477392","11","   14881","","0.0805","A"
"4","Trait5","pKWmEB","NsiI.TP479695","11","   14882","","0.0087","C"
"4","Trait5","pKWmEB","NsiI.TP479705","11","   14883","","0.6695","C"
"4","Trait5","pKWmEB","NsiI.TP479729","11","   14884","","1.1218","C"
"4","Trait5","pKWmEB","NsiI.TP479743","11","   14885","","0.8908","A"
"4","Trait5","pKWmEB","NsiI.TP479873","11","   14887","","0.2924","C"
"4","Trait5","pKWmEB","NsiI.TP479967","11","   14889","","0.3121","C"
"4","Trait5","pKWmEB","NsiI.TP480922","11","   14891","","0.0021","C"
"4","Trait5","pKWmEB","NsiI.TP480948","11","   14892","","1.0919","C"
"4","Trait5","pKWmEB","NsiI.TP481015","11","   14895","","1.0307","A"
"4","Trait5","pKWmEB","NsiI.TP481048","11","   14896","","0.0114","G"
"4","Trait5","pKWmEB","NsiI.TP481258","11","   14897","","0.0842","C"
"4","Trait5","pKWmEB","NsiI.TP481303","11","   14899","","1.1478","C"
"4","Trait5","pKWmEB","NsiI.TP481383","11","   14903","","0.0158","C"
"4","Trait5","pKWmEB","NsiI.TP481393","11","   14904","","0.1906","C"
"4","Trait5","pKWmEB","NsiI.TP481412","11","   14905","","0.1024","A"
"4","Trait5","pKWmEB","NsiI.TP481430","11","   14906","","0.1601","C"
"4","Trait5","pKWmEB","NsiI.TP481493","11","   14907","","0.5662","C"
"4","Trait5","pKWmEB","NsiI.TP481507","11","   14908","","0.0752","G"
"4","Trait5","pKWmEB","NsiI.TP481603","11","   14909","","0.0398","C"
"4","Trait5","pKWmEB","NsiI.TP481746","11","   14912","","0.0286","C"
"4","Trait5","pKWmEB","NsiI.TP482260","11","   14916","","0.0497","C"
"4","Trait5","pKWmEB","NsiI.TP482310","11","   14918","","0.6719","C"
"4","Trait5","pKWmEB","NsiI.TP482316","11","   14919","","0.2464","C"
"4","Trait5","pKWmEB","NsiI.TP482349","11","   14921","","0.0381","G"
"4","Trait5","pKWmEB","NsiI.TP482428","11","   14922","","0.2473","A"
"4","Trait5","pKWmEB","NsiI.TP482576","11","   14924","","2.4616","C"
"4","Trait5","pKWmEB","NsiI.TP482743","11","   14925","","0.0257","C"
"4","Trait5","pKWmEB","NsiI.TP482764","11","   14927","","0.6313","A"
"4","Trait5","pKWmEB","NsiI.TP482876","11","   14928","","0.1948","C"
"4","Trait5","pKWmEB","NsiI.TP482910","11","   14929","","0.6454","C"
"4","Trait5","pKWmEB","NsiI.TP482927","11","   14930","","0.6267","G"
"4","Trait5","pKWmEB","NsiI.TP482928","11","   14931","","0.0888","A"
"4","Trait5","pKWmEB","NsiI.TP482972","11","   14932","","0.4564","C"
"4","Trait5","pKWmEB","NsiI.TP483244","11","   14936","","0.0082","A"
"4","Trait5","pKWmEB","NsiI.TP483321","11","   14937","","0.8783","C"
"4","Trait5","pKWmEB","NsiI.TP483872","11","   14943","","0.8682","C"
"4","Trait5","pKWmEB","NsiI.TP483895","11","   14944","","0.1477","C"
"4","Trait5","pKWmEB","NsiI.TP483963","11","   14945","","0.0526","C"
"4","Trait5","pKWmEB","NsiI.TP483983","11","   14946","","1.2190","A"
"4","Trait5","pKWmEB","NsiI.TP484008","11","   14947","","0.1070","A"
"4","Trait5","pKWmEB","NsiI.TP484036","11","   14948","","0.1475","C"
"4","Trait5","pKWmEB","NsiI.TP484046","11","   14949","","0.5943","A"
"4","Trait5","pKWmEB","NsiI.TP484072","11","   14950","","0.5746","A"
"4","Trait5","pKWmEB","NsiI.TP484105","11","   14951","","1.8111","A"
"4","Trait5","pKWmEB","NsiI.TP484292","11","   14952","","0.0340","A"
"4","Trait5","pKWmEB","NsiI.TP484304","11","   14953","","0.0324","A"
"4","Trait5","pKWmEB","NsiI.TP484317","11","   14954","","0.4350","C"
"4","Trait5","pKWmEB","NsiI.TP484322","11","   14955","","0.0548","A"
"4","Trait5","pKWmEB","NsiI.TP484341","11","   14956","","1.4194","A"
"4","Trait5","pKWmEB","NsiI.TP484385","11","   14957","","0.2365","A"
"4","Trait5","pKWmEB","NsiI.TP484392","11","   14958","","1.0444","A"
"4","Trait5","pKWmEB","NsiI.TP484589","11","   14960","","0.4321","A"
"4","Trait5","pKWmEB","NsiI.TP484643","11","   14961","","0.1555","A"
"4","Trait5","pKWmEB","NsiI.TP484648","11","   14962","","0.1877","C"
"4","Trait5","pKWmEB","NsiI.TP484679","11","   14963","","0.1968","A"
"4","Trait5","pKWmEB","NsiI.TP484747","11","   14964","","0.1047","A"
"4","Trait5","pKWmEB","NsiI.TP484765","11","   14965","","0.2862","A"
"4","Trait5","pKWmEB","NsiI.TP484767","11","   14966","","2.2006","C"
"4","Trait5","pKWmEB","NsiI.TP484793","11","   14967","","0.2829","A"
"4","Trait5","pKWmEB","NsiI.TP484830","11","   14968","","0.0423","C"
"4","Trait5","pKWmEB","NsiI.TP484985","11","   14970","","0.4149","C"
"4","Trait5","pKWmEB","NsiI.TP484989","11","   14971","","1.5936","A"
"4","Trait5","pKWmEB","NsiI.TP485016","11","   14972","","0.5165","C"
"4","Trait5","pKWmEB","NsiI.TP485243","11","   14975","","0.5160","A"
"4","Trait5","pKWmEB","NsiI.TP485335","11","   14978","","0.4109","C"
"4","Trait5","pKWmEB","NsiI.TP485393","11","   14979","","1.1580","A"
"4","Trait5","pKWmEB","NsiI.TP485510","11","   14981","","0.0515","A"
"4","Trait5","pKWmEB","NsiI.TP485609","11","   14983","","1.4602","C"
"4","Trait5","pKWmEB","NsiI.TP485619","11","   14984","","0.8577","A"
"4","Trait5","pKWmEB","NsiI.TP485632","11","   14985","","0.7365","A"
"4","Trait5","pKWmEB","NsiI.TP485707","11","   14987","","0.0269","A"
"4","Trait5","pKWmEB","NsiI.TP485720","11","   14988","","1.3496","C"
"4","Trait5","pKWmEB","NsiI.TP485785","11","   14989","","0.0865","A"
"4","Trait5","pKWmEB","NsiI.TP485855","11","   14990","","0.2209","A"
"4","Trait5","pKWmEB","NsiI.TP486023","11","   14992","","0.2845","C"
"4","Trait5","pKWmEB","NsiI.TP486192","11","   14994","","0.6549","G"
"4","Trait5","pKWmEB","NsiI.TP486214","11","   14995","","0.4938","A"
"4","Trait5","pKWmEB","NsiI.TP486424","11","   14997","","0.0072","G"
"4","Trait5","pKWmEB","NsiI.TP486438","11","   14999","","1.2043","C"
"4","Trait5","pKWmEB","NsiI.TP486467","11","   15000","","0.4031","C"
"4","Trait5","pKWmEB","NsiI.TP486597","11","   15001","","0.0502","A"
"4","Trait5","pKWmEB","NsiI.TP486638","11","   15003","","0.3029","A"
"4","Trait5","pKWmEB","NsiI.TP486642","11","   15004","","0.9721","A"
"4","Trait5","pKWmEB","NsiI.TP486825","11","   15006","","0.5739","C"
"4","Trait5","pKWmEB","NsiI.TP486874","11","   15007","","0.0215","C"
"4","Trait5","pKWmEB","NsiI.TP486964","11","   15008","","0.2320","A"
"4","Trait5","pKWmEB","NsiI.TP487024","11","   15010","","2.6116","A"
"4","Trait5","pKWmEB","NsiI.TP487120","11","   15011","","0.7499","C"
"4","Trait5","pKWmEB","NsiI.TP487266","11","   15012","","0.8880","C"
"4","Trait5","pKWmEB","NsiI.TP487304","11","   15013","","0.0757","C"
"4","Trait5","pKWmEB","NsiI.TP487479","11","   15015","","0.9154","C"
"4","Trait5","pKWmEB","NsiI.TP487515","11","   15016","","1.5384","A"
"4","Trait5","pKWmEB","NsiI.TP487531","11","   15017","","0.2718","A"
"4","Trait5","pKWmEB","NsiI.TP487604","11","   15018","","0.3557","C"
"4","Trait5","pKWmEB","NsiI.TP487651","11","   15019","","0.1081","A"
"4","Trait5","pKWmEB","NsiI.TP487742","11","   15021","","0.3853","A"
"4","Trait5","pKWmEB","NsiI.TP487872","11","   15023","","0.1548","A"
"4","Trait5","pKWmEB","NsiI.TP487991","11","   15025","","0.2072","G"
"4","Trait5","pKWmEB","NsiI.TP488322","11","   15027","","0.1415","C"
"4","Trait5","pKWmEB","NsiI.TP488343","11","   15028","","0.3595","A"
"4","Trait5","pKWmEB","NsiI.TP488375","11","   15029","","1.2790","A"
"4","Trait5","pKWmEB","NsiI.TP488384","11","   15030","","0.0138","C"
"4","Trait5","pKWmEB","NsiI.TP488525","11","   15031","","1.4414","C"
"4","Trait5","pKWmEB","NsiI.TP488578","11","   15032","","0.3151","C"
"4","Trait5","pKWmEB","NsiI.TP488679","11","   15033","","0.8317","C"
"4","Trait5","pKWmEB","NsiI.TP488704","11","   15034","","0.2041","C"
"4","Trait5","pKWmEB","NsiI.TP488806","11","   15037","","0.0710","A"
"4","Trait5","pKWmEB","NsiI.TP488883","11","   15038","","0.2043","A"
"4","Trait5","pKWmEB","NsiI.TP489029","11","   15039","","0.0011","A"
"4","Trait5","pKWmEB","NsiI.TP489032","11","   15040","","0.1401","C"
"4","Trait5","pKWmEB","NsiI.TP489189","11","   15041","","0.1098","C"
"4","Trait5","pKWmEB","NsiI.TP489203","11","   15043","","0.1382","G"
"4","Trait5","pKWmEB","NsiI.TP489213","11","   15044","","0.6011","A"
"4","Trait5","pKWmEB","NsiI.TP489233","11","   15045","","1.1590","A"
"4","Trait5","pKWmEB","NsiI.TP489373","11","   15047","","1.3350","C"
"4","Trait5","pKWmEB","NsiI.TP489390","11","   15048","","0.7751","C"
"4","Trait5","pKWmEB","NsiI.TP489646","11","   15049","","0.6083","A"
"4","Trait5","pKWmEB","NsiI.TP489659","11","   15050","","0.7673","A"
"4","Trait5","pKWmEB","NsiI.TP489662","11","   15051","","0.4383","A"
"4","Trait5","pKWmEB","NsiI.TP489943","11","   15055","","0.7564","A"
"4","Trait5","pKWmEB","NsiI.TP490027","11","   15056","","0.0348","A"
"4","Trait5","pKWmEB","NsiI.TP490149","11","   15058","","0.3255","C"
"4","Trait5","pKWmEB","NsiI.TP490231","11","   15060","","1.3533","A"
"4","Trait5","pKWmEB","NsiI.TP490252","11","   15061","","0.2192","C"
"4","Trait5","pKWmEB","NsiI.TP490279","11","   15062","","0.1612","G"
"4","Trait5","pKWmEB","NsiI.TP490327","11","   15063","","0.9882","C"
"4","Trait5","pKWmEB","NsiI.TP490331","11","   15064","","0.9330","A"
"4","Trait5","pKWmEB","NsiI.TP490364","11","   15066","","0.0174","C"
"4","Trait5","pKWmEB","NsiI.TP490522","11","   15068","","0.1804","A"
"4","Trait5","pKWmEB","NsiI.TP490554","11","   15069","","1.1187","C"
"4","Trait5","pKWmEB","NsiI.TP490659","11","   15071","","0.5052","C"
"4","Trait5","pKWmEB","NsiI.TP490736","11","   15072","","1.6490","C"
"4","Trait5","pKWmEB","NsiI.TP490744","11","   15073","","0.1909","C"
"4","Trait5","pKWmEB","NsiI.TP490970","11","   15076","","0.0900","A"
"4","Trait5","pKWmEB","NsiI.TP491193","11","   15077","","0.0275","G"
"4","Trait5","pKWmEB","NsiI.TP491283","11","   15078","","0.2746","C"
"4","Trait5","pKWmEB","NsiI.TP491324","11","   15079","","0.3125","A"
"4","Trait5","pKWmEB","NsiI.TP491383","11","   15080","","0.0069","C"
"4","Trait5","pKWmEB","NsiI.TP491527","11","   15081","","1.0762","A"
"4","Trait5","pKWmEB","NsiI.TP491561","11","   15083","","0.0228","C"
"4","Trait5","pKWmEB","NsiI.TP491703","11","   15085","","0.0818","G"
"4","Trait5","pKWmEB","NsiI.TP491725","11","   15086","","0.3278","A"
"4","Trait5","pKWmEB","NsiI.TP491797","11","   15087","","0.1437","A"
"4","Trait5","pKWmEB","NsiI.TP491839","11","   15088","","0.6985","C"
"4","Trait5","pKWmEB","NsiI.TP491929","11","   15089","","0.1350","C"
"4","Trait5","pKWmEB","NsiI.TP491951","11","   15090","","0.4476","G"
"4","Trait5","pKWmEB","NsiI.TP492341","11","   15094","","0.3487","A"
"4","Trait5","pKWmEB","NsiI.TP492468","11","   15095","","1.3855","C"
"4","Trait5","pKWmEB","NsiI.TP492498","11","   15096","","0.3710","A"
"4","Trait5","pKWmEB","NsiI.TP492578","11","   15097","","0.1079","C"
"4","Trait5","pKWmEB","NsiI.TP492678","11","   15098","","0.0196","A"
"4","Trait5","pKWmEB","NsiI.TP492684","11","   15099","","0.4013","C"
"4","Trait5","pKWmEB","NsiI.TP492752","11","   15100","","0.5521","C"
"4","Trait5","pKWmEB","NsiI.TP492873","11","   15101","","0.0860","C"
"4","Trait5","pKWmEB","NsiI.TP492947","11","   15102","","0.0923","A"
"4","Trait5","pKWmEB","NsiI.TP493045","11","   15103","","0.0862","A"
"4","Trait5","pKWmEB","NsiI.TP493084","11","   15104","","0.8958","A"
"4","Trait5","pKWmEB","NsiI.TP493145","11","   15106","","0.7070","C"
"4","Trait5","pKWmEB","NsiI.TP493149","11","   15107","","0.6514","C"
"4","Trait5","pKWmEB","NsiI.TP493171","11","   15108","","0.1385","G"
"4","Trait5","pKWmEB","NsiI.TP493191","11","   15109","","0.1548","A"
"4","Trait5","pKWmEB","NsiI.TP493263","11","   15110","","0.1895","G"
"4","Trait5","pKWmEB","NsiI.TP493408","11","   15111","","0.0468","C"
"4","Trait5","pKWmEB","NsiI.TP493425","11","   15112","","0.4441","C"
"4","Trait5","pKWmEB","NsiI.TP493499","11","   15114","","0.0740","G"
"4","Trait5","pKWmEB","NsiI.TP493602","11","   15115","","0.6684","A"
"4","Trait5","pKWmEB","NsiI.TP493622","11","   15116","","0.0622","A"
"4","Trait5","pKWmEB","NsiI.TP493652","11","   15117","","0.5264","A"
"4","Trait5","pKWmEB","NsiI.TP493680","11","   15118","","0.3464","A"
"4","Trait5","pKWmEB","NsiI.TP493688","11","   15119","","0.8417","C"
"4","Trait5","pKWmEB","NsiI.TP493695","11","   15120","","0.3719","C"
"4","Trait5","pKWmEB","NsiI.TP493788","11","   15121","","0.3186","A"
"4","Trait5","pKWmEB","NsiI.TP493820","11","   15122","","0.4380","C"
"4","Trait5","pKWmEB","NsiI.TP493869","11","   15124","","1.5687","A"
"4","Trait5","pKWmEB","NsiI.TP493880","11","   15125","","0.0537","C"
"4","Trait5","pKWmEB","NsiI.TP493896","11","   15126","","0.0464","A"
"4","Trait5","pKWmEB","NsiI.TP494012","11","   15128","","0.3728","C"
"4","Trait5","pKWmEB","NsiI.TP494032","11","   15129","","0.2880","C"
"4","Trait5","pKWmEB","NsiI.TP494044","11","   15130","","0.7224","A"
"4","Trait5","pKWmEB","NsiI.TP494092","11","   15132","","0.3197","A"
"4","Trait5","pKWmEB","NsiI.TP494104","11","   15133","","0.3029","A"
"4","Trait5","pKWmEB","NsiI.TP494231","11","   15135","","0.1453","A"
"4","Trait5","pKWmEB","NsiI.TP494261","11","   15136","","0.0861","A"
"4","Trait5","pKWmEB","NsiI.TP494265","11","   15137","","0.2741","C"
"4","Trait5","pKWmEB","NsiI.TP494286","11","   15138","","0.0267","C"
"4","Trait5","pKWmEB","NsiI.TP494419","11","   15139","","1.4944","C"
"4","Trait5","pKWmEB","NsiI.TP494443","11","   15140","","1.1138","C"
"4","Trait5","pKWmEB","NsiI.TP494476","11","   15141","","1.6913","G"
"4","Trait5","pKWmEB","NsiI.TP494509","11","   15143","","2.1669","A"
"4","Trait5","pKWmEB","NsiI.TP494550","11","   15144","","0.1874","G"
"4","Trait5","pKWmEB","NsiI.TP494585","11","   15145","","0.3299","A"
"4","Trait5","pKWmEB","NsiI.TP494614","11","   15146","","0.1181","A"
"4","Trait5","pKWmEB","NsiI.TP494756","11","   15149","","0.4525","A"
"4","Trait5","pKWmEB","NsiI.TP494818","11","   15151","","1.2508","C"
"4","Trait5","pKWmEB","NsiI.TP494865","11","   15153","","0.4170","A"
"4","Trait5","pKWmEB","NsiI.TP495080","11","   15154","","0.0734","C"
"4","Trait5","pKWmEB","NsiI.TP495178","11","   15157","","0.2493","A"
"4","Trait5","pKWmEB","NsiI.TP495298","11","   15159","","0.1326","A"
"4","Trait5","pKWmEB","NsiI.TP495302","11","   15160","","0.3023","C"
"4","Trait5","pKWmEB","NsiI.TP495357","11","   15161","","0.1853","C"
"4","Trait5","pKWmEB","NsiI.TP495411","11","   15163","","0.0871","A"
"4","Trait5","pKWmEB","NsiI.TP495572","11","   15165","","0.8908","C"
"4","Trait5","pKWmEB","NsiI.TP495618","11","   15166","","0.9962","G"
"4","Trait5","pKWmEB","NsiI.TP495625","11","   15167","","1.1770","A"
"4","Trait5","pKWmEB","NsiI.TP496061","11","   15171","","0.0293","C"
"4","Trait5","pKWmEB","NsiI.TP496433","11","   15173","","0.2750","C"
"4","Trait5","pKWmEB","NsiI.TP496502","11","   15174","","0.0814","C"
"4","Trait5","pKWmEB","NsiI.TP496636","11","   15177","","0.0769","C"
"4","Trait5","pKWmEB","NsiI.TP496664","11","   15178","","0.3490","C"
"4","Trait5","pKWmEB","NsiI.TP496790","11","   15180","","1.5819","A"
"4","Trait5","pKWmEB","NsiI.TP496834","11","   15181","","0.5668","A"
"4","Trait5","pKWmEB","NsiI.TP496845","11","   15182","","0.3949","G"
"4","Trait5","pKWmEB","NsiI.TP496858","11","   15183","","0.4245","A"
"4","Trait5","pKWmEB","NsiI.TP496948","11","   15185","","1.1317","C"
"4","Trait5","pKWmEB","NsiI.TP496960","11","   15186","","0.7727","C"
"4","Trait5","pKWmEB","NsiI.TP496980","11","   15187","","0.1304","G"
"4","Trait5","pKWmEB","NsiI.TP497059","11","   15188","","0.1229","G"
"4","Trait5","pKWmEB","NsiI.TP497133","11","   15190","","0.1975","A"
"4","Trait5","pKWmEB","NsiI.TP497251","11","   15192","","0.3984","A"
"4","Trait5","pKWmEB","NsiI.TP497555","11","   15194","","0.8641","A"
"4","Trait5","pKWmEB","NsiI.TP497596","11","   15195","","1.1048","C"
"4","Trait5","pKWmEB","NsiI.TP497624","11","   15196","","0.2166","C"
"4","Trait5","pKWmEB","NsiI.TP497633","11","   15197","","0.0761","A"
"4","Trait5","pKWmEB","NsiI.TP497858","11","   15201","","1.8622","C"
"4","Trait5","pKWmEB","NsiI.TP499060","11","   15205","","0.0209","A"
"4","Trait5","pKWmEB","NsiI.TP499102","11","   15206","","0.0139","C"
"4","Trait5","pKWmEB","NsiI.TP499266","11","   15210","","1.0763","C"
"4","Trait5","pKWmEB","NsiI.TP499317","11","   15211","","0.4481","C"
"4","Trait5","pKWmEB","NsiI.TP499462","11","   15213","","0.2490","C"
"4","Trait5","pKWmEB","NsiI.TP499491","11","   15214","","0.3278","A"
"4","Trait5","pKWmEB","NsiI.TP499594","11","   15216","","0.9040","A"
"4","Trait5","pKWmEB","NsiI.TP499676","11","   15217","","0.3205","C"
"4","Trait5","pKWmEB","NsiI.TP499693","11","   15218","","0.0331","A"
"4","Trait5","pKWmEB","NsiI.TP499905","11","   15220","","0.0681","C"
"4","Trait5","pKWmEB","NsiI.TP500038","11","   15223","","0.0327","C"
"4","Trait5","pKWmEB","NsiI.TP500073","11","   15224","","0.3790","A"
"4","Trait5","pKWmEB","NsiI.TP500104","11","   15225","","0.1223","A"
"4","Trait5","pKWmEB","NsiI.TP500146","11","   15227","","0.1457","G"
"4","Trait5","pKWmEB","NsiI.TP500238","11","   15229","","0.1755","A"
"4","Trait5","pKWmEB","NsiI.TP500270","11","   15230","","0.0371","G"
"4","Trait5","pKWmEB","NsiI.TP500293","11","   15232","","0.0022","C"
"4","Trait5","pKWmEB","NsiI.TP500395","11","   15234","","0.2252","A"
"4","Trait5","pKWmEB","NsiI.TP500476","11","   15236","","0.5986","C"
"4","Trait5","pKWmEB","NsiI.TP500750","11","   15239","","0.0685","A"
"4","Trait5","pKWmEB","NsiI.TP500827","11","   15240","","0.4257","A"
"4","Trait5","pKWmEB","NsiI.TP500859","11","   15241","","0.1895","A"
"4","Trait5","pKWmEB","NsiI.TP500931","11","   15244","","0.7920","C"
"4","Trait5","pKWmEB","NsiI.TP500938","11","   15245","","0.5548","A"
"4","Trait5","pKWmEB","NsiI.TP501040","11","   15248","","0.0907","C"
"4","Trait5","pKWmEB","NsiI.TP501317","11","   15249","","0.6560","A"
"4","Trait5","pKWmEB","NsiI.TP501520","11","   15254","","0.2418","C"
"4","Trait5","pKWmEB","NsiI.TP501590","11","   15255","","0.0233","C"
"4","Trait5","pKWmEB","NsiI.TP501593","11","   15256","","0.7741","C"
"4","Trait5","pKWmEB","NsiI.TP501725","11","   15257","","0.6662","G"
"4","Trait5","pKWmEB","NsiI.TP501766","11","   15258","","0.3206","G"
"4","Trait5","pKWmEB","NsiI.TP501793","11","   15259","","1.2382","C"
"4","Trait5","pKWmEB","NsiI.TP501795","11","   15260","","1.2415","A"
"4","Trait5","pKWmEB","NsiI.TP501869","11","   15262","","0.5807","C"
"4","Trait5","pKWmEB","NsiI.TP502274","11","   15263","","1.0862","C"
"4","Trait5","pKWmEB","NsiI.TP502331","11","   15264","","0.5766","G"
"4","Trait5","pKWmEB","NsiI.TP502338","11","   15265","","0.1702","A"
"4","Trait5","pKWmEB","NsiI.TP502364","11","   15267","","0.5276","A"
"4","Trait5","pKWmEB","NsiI.TP502508","11","   15269","","0.0887","A"
"4","Trait5","pKWmEB","NsiI.TP502621","11","   15270","","0.3820","A"
"4","Trait5","pKWmEB","NsiI.TP502740","11","   15271","","0.7727","C"
"4","Trait5","pKWmEB","NsiI.TP502750","11","   15272","","0.1811","C"
"4","Trait5","pKWmEB","NsiI.TP502846","11","   15273","","1.4317","C"
"4","Trait5","pKWmEB","NsiI.TP502855","11","   15274","","0.2239","A"
"4","Trait5","pKWmEB","NsiI.TP502881","11","   15275","","0.2554","C"
"4","Trait5","pKWmEB","NsiI.TP502882","11","   15276","","0.2861","G"
"4","Trait5","pKWmEB","NsiI.TP502918","11","   15278","","0.3781","C"
"4","Trait5","pKWmEB","NsiI.TP502927","11","   15279","","0.6084","A"
"4","Trait5","pKWmEB","NsiI.TP503060","11","   15281","","0.2415","G"
"4","Trait5","pKWmEB","NsiI.TP503099","11","   15282","","0.1358","A"
"4","Trait5","pKWmEB","NsiI.TP503230","11","   15284","","0.2962","C"
"4","Trait5","pKWmEB","NsiI.TP503326","11","   15286","","0.3336","G"
"4","Trait5","pKWmEB","NsiI.TP503328","11","   15287","","0.1002","C"
"4","Trait5","pKWmEB","NsiI.TP503338","11","   15288","","0.0351","A"
"4","Trait5","pKWmEB","NsiI.TP503384","11","   15289","","0.0838","A"
"4","Trait5","pKWmEB","NsiI.TP503498","11","   15290","","1.1045","A"
"4","Trait5","pKWmEB","NsiI.TP503513","11","   15291","","0.1054","C"
"4","Trait5","pKWmEB","NsiI.TP503531","11","   15293","","0.0167","A"
"4","Trait5","pKWmEB","NsiI.TP503554","11","   15294","","0.1106","G"
"4","Trait5","pKWmEB","NsiI.TP503584","11","   15295","","0.1076","A"
"4","Trait5","pKWmEB","NsiI.TP503590","11","   15296","","0.1551","G"
"4","Trait5","pKWmEB","NsiI.TP503737","11","   15301","","0.5006","C"
"4","Trait5","pKWmEB","NsiI.TP503772","11","   15302","","1.2208","A"
"4","Trait5","pKWmEB","NsiI.TP503807","11","   15303","","0.0927","C"
"4","Trait5","pKWmEB","NsiI.TP503903","11","   15304","","0.5962","A"
"4","Trait5","pKWmEB","NsiI.TP503904","11","   15305","","0.2649","A"
"4","Trait5","pKWmEB","NsiI.TP503948","11","   15308","","0.0667","A"
"4","Trait5","pKWmEB","NsiI.TP504010","11","   15309","","0.7853","G"
"4","Trait5","pKWmEB","NsiI.TP504049","11","   15310","","0.0089","A"
"4","Trait5","pKWmEB","NsiI.TP504060","11","   15311","","0.3779","C"
"4","Trait5","pKWmEB","NsiI.TP504177","11","   15312","","0.0440","C"
"4","Trait5","pKWmEB","NsiI.TP504366","11","   15313","","0.4193","A"
"4","Trait5","pKWmEB","NsiI.TP504430","11","   15314","","0.4388","A"
"4","Trait5","pKWmEB","NsiI.TP504605","11","   15316","","0.9845","A"
"4","Trait5","pKWmEB","NsiI.TP504640","11","   15317","","0.7501","C"
"4","Trait5","pKWmEB","NsiI.TP504697","11","   15319","","0.5076","A"
"4","Trait5","pKWmEB","NsiI.TP504709","11","   15320","","0.7093","A"
"4","Trait5","pKWmEB","NsiI.TP504735","11","   15321","","0.0046","A"
"4","Trait5","pKWmEB","NsiI.TP504991","11","   15324","","1.0007","A"
"4","Trait5","pKWmEB","NsiI.TP505131","11","   15326","","0.2566","A"
"4","Trait5","pKWmEB","NsiI.TP505531","11","   15329","","0.0189","A"
"4","Trait5","pKWmEB","NsiI.TP505730","11","   15331","","1.7942","G"
"4","Trait5","pKWmEB","NsiI.TP505792","11","   15332","","0.0764","A"
"4","Trait5","pKWmEB","NsiI.TP505894","11","   15333","","0.8648","A"
"4","Trait5","pKWmEB","NsiI.TP505901","11","   15334","","0.2810","A"
"4","Trait5","pKWmEB","NsiI.TP505934","11","   15335","","0.7331","C"
"4","Trait5","pKWmEB","NsiI.TP505987","11","   15336","","0.1898","A"
"4","Trait5","pKWmEB","NsiI.TP506070","11","   15337","","0.2419","A"
"4","Trait5","pKWmEB","NsiI.TP506096","11","   15338","","0.2659","G"
"4","Trait5","pKWmEB","NsiI.TP506158","11","   15339","","0.0228","A"
"4","Trait5","pKWmEB","NsiI.TP506201","11","   15340","","0.0998","C"
"4","Trait5","pKWmEB","NsiI.TP506210","11","   15341","","0.4057","C"
"4","Trait5","pKWmEB","NsiI.TP506280","11","   15342","","0.2035","A"
"4","Trait5","pKWmEB","NsiI.TP506291","11","   15343","","0.1106","A"
"4","Trait5","pKWmEB","NsiI.TP506480","11","   15344","","0.1106","G"
"4","Trait5","pKWmEB","NsiI.TP506546","11","   15345","","1.3134","C"
"4","Trait5","pKWmEB","NsiI.TP506571","11","   15346","","0.0587","G"
"4","Trait5","pKWmEB","NsiI.TP506618","11","   15347","","0.0445","A"
"4","Trait5","pKWmEB","NsiI.TP506689","11","   15348","","0.0257","C"
"4","Trait5","pKWmEB","NsiI.TP506934","11","   15349","","0.0877","A"
"4","Trait5","pKWmEB","NsiI.TP506938","11","   15350","","0.2964","C"
"4","Trait5","pKWmEB","NsiI.TP507014","11","   15351","","0.0815","A"
"4","Trait5","pKWmEB","NsiI.TP507020","11","   15352","","1.4564","A"
"4","Trait5","pKWmEB","NsiI.TP507205","11","   15353","","0.1453","C"
"4","Trait5","pKWmEB","NsiI.TP507207","11","   15354","","0.7212","A"
"4","Trait5","pKWmEB","NsiI.TP507219","11","   15355","","0.1010","C"
"4","Trait5","pKWmEB","NsiI.TP507287","11","   15356","","0.1155","A"
"4","Trait5","pKWmEB","NsiI.TP507399","11","   15357","","1.8503","A"
"4","Trait5","pKWmEB","NsiI.TP507434","11","   15358","","0.4642","G"
"4","Trait5","pKWmEB","NsiI.TP507440","11","   15359","","0.2581","C"
"4","Trait5","pKWmEB","NsiI.TP507449","11","   15360","","0.4175","C"
"4","Trait5","pKWmEB","NsiI.TP507484","11","   15361","","2.2650","C"
"4","Trait5","pKWmEB","NsiI.TP507609","11","   15363","","1.5123","C"
"4","Trait5","pKWmEB","NsiI.TP507979","11","   15369","","0.0225","C"
"4","Trait5","pKWmEB","NsiI.TP507980","11","   15370","","0.5591","C"
"4","Trait5","pKWmEB","NsiI.TP507987","11","   15371","","0.6662","C"
"4","Trait5","pKWmEB","NsiI.TP507997","11","   15372","","0.1007","C"
"4","Trait5","pKWmEB","NsiI.TP508089","11","   15374","","0.3357","C"
"4","Trait5","pKWmEB","NsiI.TP508124","11","   15375","","0.4172","C"
"4","Trait5","pKWmEB","NsiI.TP508300","11","   15380","","0.2526","A"
"4","Trait5","pKWmEB","NsiI.TP508315","11","   15381","","0.4670","C"
"4","Trait5","pKWmEB","NsiI.TP508389","11","   15383","","1.2767","G"
"4","Trait5","pKWmEB","NsiI.TP508453","11","   15384","","0.1137","C"
"4","Trait5","pKWmEB","NsiI.TP508470","11","   15385","","0.5232","A"
"4","Trait5","pKWmEB","NsiI.TP508500","11","   15386","","1.2425","A"
"4","Trait5","pKWmEB","NsiI.TP508574","11","   15387","","0.0149","C"
"4","Trait5","pKWmEB","NsiI.TP508580","11","   15388","","0.0938","G"
"4","Trait5","pKWmEB","NsiI.TP508603","11","   15389","","0.2292","A"
"4","Trait5","pKWmEB","NsiI.TP508723","11","   15390","","0.3113","C"
"4","Trait5","pKWmEB","NsiI.TP508786","11","   15391","","0.3274","C"
"4","Trait5","pKWmEB","NsiI.TP508870","11","   15392","","0.1314","C"
"4","Trait5","pKWmEB","NsiI.TP508890","11","   15393","","0.0913","A"
"4","Trait5","pKWmEB","NsiI.TP508992","11","   15394","","1.0519","A"
"4","Trait5","pKWmEB","NsiI.TP509027","11","   15395","","0.1591","A"
"4","Trait5","pKWmEB","NsiI.TP509152","11","   15396","","0.5284","A"
"4","Trait5","pKWmEB","NsiI.TP509209","11","   15397","","0.5126","A"
"4","Trait5","pKWmEB","NsiI.TP509216","11","   15398","","0.1783","A"
"4","Trait5","pKWmEB","NsiI.TP509333","11","   15400","","0.3758","C"
"4","Trait5","pKWmEB","NsiI.TP509432","11","   15401","","0.5660","C"
"4","Trait5","pKWmEB","NsiI.TP509441","11","   15402","","0.3529","A"
"4","Trait5","pKWmEB","NsiI.TP509442","11","   15403","","0.1903","C"
"4","Trait5","pKWmEB","NsiI.TP509612","11","   15404","","0.5077","G"
"4","Trait5","pKWmEB","NsiI.TP509736","11","   15405","","1.1666","C"
"4","Trait5","pKWmEB","NsiI.TP509749","11","   15406","","0.4083","C"
"4","Trait5","pKWmEB","NsiI.TP509763","11","   15407","","0.2077","C"
"4","Trait5","pKWmEB","NsiI.TP509820","11","   15408","","0.0383","G"
"4","Trait5","pKWmEB","NsiI.TP509880","11","   15409","","0.2382","C"
"4","Trait5","pKWmEB","NsiI.TP509892","11","   15410","","0.0300","C"
"4","Trait5","pKWmEB","NsiI.TP509897","11","   15411","","0.0847","A"
"4","Trait5","pKWmEB","NsiI.TP509910","11","   15412","","0.4967","C"
"4","Trait5","pKWmEB","NsiI.TP509944","11","   15414","","0.5142","C"
"4","Trait5","pKWmEB","NsiI.TP510009","11","   15416","","0.4106","G"
"4","Trait5","pKWmEB","NsiI.TP510047","11","   15417","","0.0576","C"
"4","Trait5","pKWmEB","NsiI.TP510100","11","   15420","","0.0178","C"
"4","Trait5","pKWmEB","NsiI.TP510195","11","   15422","","0.0120","A"
"4","Trait5","pKWmEB","NsiI.TP510204","11","   15423","","0.6589","G"
"4","Trait5","pKWmEB","NsiI.TP510355","11","   15425","","1.0691","C"
"4","Trait5","pKWmEB","NsiI.TP510418","11","   15427","","0.0671","A"
"4","Trait5","pKWmEB","NsiI.TP510532","11","   15428","","0.3574","C"
"4","Trait5","pKWmEB","NsiI.TP510715","11","   15431","","0.8821","C"
"4","Trait5","pKWmEB","NsiI.TP510724","11","   15432","","0.4047","C"
"4","Trait5","pKWmEB","NsiI.TP510776","11","   15433","","0.7887","A"
"4","Trait5","pKWmEB","NsiI.TP510865","11","   15434","","0.2871","C"
"4","Trait5","pKWmEB","NsiI.TP510890","11","   15435","","0.0475","C"
"4","Trait5","pKWmEB","NsiI.TP510901","11","   15436","","0.0936","C"
"4","Trait5","pKWmEB","NsiI.TP510956","11","   15438","","0.2432","G"
"4","Trait5","pKWmEB","NsiI.TP510999","11","   15439","","0.8671","A"
"4","Trait5","pKWmEB","NsiI.TP511056","11","   15440","","0.0010","A"
"4","Trait5","pKWmEB","NsiI.TP511087","11","   15441","","0.4917","C"
"4","Trait5","pKWmEB","NsiI.TP511158","11","   15442","","1.9864","A"
"4","Trait5","pKWmEB","NsiI.TP511297","11","   15443","","0.1600","A"
"4","Trait5","pKWmEB","NsiI.TP511305","11","   15444","","0.0129","C"
"4","Trait5","pKWmEB","NsiI.TP511550","11","   15445","","0.8525","A"
"4","Trait5","pKWmEB","NsiI.TP511551","11","   15446","","0.0946","G"
"4","Trait5","pKWmEB","NsiI.TP511628","11","   15447","","0.1033","C"
"4","Trait5","pKWmEB","NsiI.TP511691","11","   15448","","0.1675","A"
"4","Trait5","pKWmEB","NsiI.TP512031","11","   15449","","0.3018","C"
"4","Trait5","pKWmEB","NsiI.TP512038","11","   15450","","0.1871","A"
"4","Trait5","pKWmEB","NsiI.TP512048","11","   15451","","1.0255","A"
"4","Trait5","pKWmEB","NsiI.TP512053","11","   15452","","0.1859","A"
"4","Trait5","pKWmEB","NsiI.TP512091","11","   15453","","0.1598","C"
"4","Trait5","pKWmEB","NsiI.TP512108","11","   15454","","0.0461","A"
"4","Trait5","pKWmEB","NsiI.TP512263","11","   15456","","0.6663","C"
"4","Trait5","pKWmEB","NsiI.TP512519","11","   15460","","0.9573","A"
"4","Trait5","pKWmEB","NsiI.TP512631","11","   15461","","0.6748","G"
"4","Trait5","pKWmEB","NsiI.TP512877","11","   15463","","0.3539","A"
"4","Trait5","pKWmEB","NsiI.TP512980","11","   15464","","0.3247","C"
"4","Trait5","pKWmEB","NsiI.TP513128","11","   15466","","0.5240","A"
"4","Trait5","pKWmEB","NsiI.TP513329","11","   15469","","0.1589","C"
"4","Trait5","pKWmEB","NsiI.TP513344","11","   15472","","0.1348","A"
"4","Trait5","pKWmEB","NsiI.TP513361","11","   15473","","0.0568","A"
"4","Trait5","pKWmEB","NsiI.TP513371","11","   15474","","0.5445","C"
"4","Trait5","pKWmEB","NsiI.TP513456","11","   15475","","0.0494","A"
"4","Trait5","pKWmEB","NsiI.TP513566","11","   15477","","0.8778","C"
"4","Trait5","pKWmEB","NsiI.TP513657","11","   15479","","0.1493","G"
"4","Trait5","pKWmEB","NsiI.TP514019","11","   15480","","0.7165","C"
"4","Trait5","pKWmEB","NsiI.TP514089","11","   15481","","0.0052","A"
"4","Trait5","pKWmEB","NsiI.TP514098","11","   15482","","0.1096","C"
"4","Trait5","pKWmEB","NsiI.TP514136","11","   15483","","0.4665","A"
"4","Trait5","pKWmEB","NsiI.TP514245","11","   15484","","0.0698","A"
"4","Trait5","pKWmEB","NsiI.TP514510","11","   15488","","0.7111","C"
"4","Trait5","pKWmEB","NsiI.TP515475","11","   15494","","0.2063","C"
"4","Trait5","pKWmEB","NsiI.TP515549","11","   15495","","0.4989","C"
"4","Trait5","pKWmEB","NsiI.TP515637","11","   15496","","1.9219","C"
"4","Trait5","pKWmEB","NsiI.TP515685","11","   15498","","0.5345","G"
"4","Trait5","pKWmEB","NsiI.TP515909","11","   15499","","0.5216","A"
"4","Trait5","pKWmEB","NsiI.TP515911","11","   15500","","0.6828","C"
"4","Trait5","pKWmEB","NsiI.TP516046","11","   15501","","0.9094","A"
"4","Trait5","pKWmEB","NsiI.TP516848","11","   15505","","0.0385","A"
"4","Trait5","pKWmEB","NsiI.TP517352","11","   15508","","0.0911","C"
"4","Trait5","pKWmEB","NsiI.TP517729","11","   15511","","0.0372","A"
"4","Trait5","pKWmEB","NsiI.TP518452","11","   15512","","0.2084","A"
"4","Trait5","pKWmEB","NsiI.TP518493","11","   15513","","0.2511","A"
"4","Trait5","pKWmEB","NsiI.TP518525","11","   15514","","0.0361","C"
"4","Trait5","pKWmEB","NsiI.TP518790","11","   15515","","1.4730","C"
"4","Trait5","pKWmEB","NsiI.TP519087","11","   15517","","0.5442","C"
"4","Trait5","pKWmEB","NsiI.TP519112","11","   15518","","0.5047","C"
"4","Trait5","pKWmEB","NsiI.TP519516","11","   15519","","0.0117","A"
"4","Trait5","pKWmEB","NsiI.TP519527","11","   15520","","0.0035","C"
"4","Trait5","pKWmEB","NsiI.TP519677","11","   15521","","0.4309","G"
"4","Trait5","pKWmEB","NsiI.TP519875","11","   15526","","0.6683","C"
"4","Trait5","pKWmEB","NsiI.TP519897","11","   15527","","0.3589","A"
"4","Trait5","pKWmEB","NsiI.TP520035","11","   15529","","0.1737","A"
"4","Trait5","pKWmEB","NsiI.TP520097","11","   15530","","0.0063","C"
"4","Trait5","pKWmEB","NsiI.TP520116","11","   15531","","0.0406","G"
"4","Trait5","pKWmEB","NsiI.TP520152","11","   15532","","0.4031","C"
"4","Trait5","pKWmEB","NsiI.TP520296","11","   15533","","0.1130","C"
"4","Trait5","pKWmEB","NsiI.TP520414","11","   15534","","0.6695","A"
"4","Trait5","pKWmEB","NsiI.TP520446","11","   15535","","0.8409","C"
"4","Trait5","pKWmEB","NsiI.TP520458","11","   15536","","0.4603","C"
"4","Trait5","pKWmEB","NsiI.TP520642","11","   15537","","0.1629","C"
"4","Trait5","pKWmEB","NsiI.TP520699","11","   15538","","0.6346","A"
"4","Trait5","pKWmEB","NsiI.TP520705","11","   15539","","0.1947","C"
"4","Trait5","pKWmEB","NsiI.TP520721","11","   15540","","0.3262","G"
"4","Trait5","pKWmEB","NsiI.TP520730","11","   15541","","0.1907","C"
"4","Trait5","pKWmEB","NsiI.TP520743","11","   15542","","0.2490","C"
"4","Trait5","pKWmEB","NsiI.TP520747","11","   15543","","0.3935","C"
"4","Trait5","pKWmEB","NsiI.TP520753","11","   15544","","0.0994","A"
"4","Trait5","pKWmEB","NsiI.TP520813","11","   15547","","0.0547","A"
"4","Trait5","pKWmEB","NsiI.TP521051","11","   15550","","0.1631","A"
"4","Trait5","pKWmEB","NsiI.TP521092","11","   15552","","0.0840","C"
"4","Trait5","pKWmEB","NsiI.TP521106","11","   15553","","0.0027","A"
"4","Trait5","pKWmEB","NsiI.TP521113","11","   15554","","0.1612","A"
"4","Trait5","pKWmEB","NsiI.TP521154","11","   15555","","0.4039","A"
"4","Trait5","pKWmEB","NsiI.TP521171","11","   15556","","0.3346","A"
"4","Trait5","pKWmEB","NsiI.TP521250","11","   15557","","0.1063","C"
"4","Trait5","pKWmEB","NsiI.TP521290","11","   15558","","0.1318","A"
"4","Trait5","pKWmEB","NsiI.TP521320","11","   15559","","0.0322","A"
"4","Trait5","pKWmEB","NsiI.TP521403","11","   15560","","0.7322","G"
"4","Trait5","pKWmEB","NsiI.TP521516","11","   15561","","0.3463","A"
"4","Trait5","pKWmEB","NsiI.TP521761","11","   15563","","0.0345","A"
"4","Trait5","pKWmEB","NsiI.TP521827","11","   15564","","0.2313","A"
"4","Trait5","pKWmEB","NsiI.TP521842","11","   15565","","0.0653","A"
"4","Trait5","pKWmEB","NsiI.TP521876","11","   15566","","0.6482","C"
"4","Trait5","pKWmEB","NsiI.TP522254","11","   15570","","1.2988","A"
"4","Trait5","pKWmEB","NsiI.TP522272","11","   15571","","0.1952","A"
"4","Trait5","pKWmEB","NsiI.TP522321","11","   15573","","0.2831","G"
"4","Trait5","pKWmEB","NsiI.TP522338","11","   15574","","0.8971","C"
"4","Trait5","pKWmEB","NsiI.TP522393","11","   15575","","0.5895","C"
"4","Trait5","pKWmEB","NsiI.TP522507","11","   15577","","0.7497","G"
"4","Trait5","pKWmEB","NsiI.TP522548","11","   15578","","0.1350","C"
"4","Trait5","pKWmEB","NsiI.TP522624","11","   15579","","0.5068","G"
"4","Trait5","pKWmEB","NsiI.TP522751","11","   15580","","0.2768","A"
"4","Trait5","pKWmEB","NsiI.TP522795","11","   15582","","0.3395","C"
"4","Trait5","pKWmEB","NsiI.TP522932","11","   15583","","0.3600","C"
"4","Trait5","pKWmEB","NsiI.TP522939","11","   15584","","0.5706","A"
"4","Trait5","pKWmEB","NsiI.TP522956","11","   15585","","0.0433","C"
"4","Trait5","pKWmEB","NsiI.TP523082","11","   15586","","0.3541","C"
"4","Trait5","pKWmEB","NsiI.TP523183","11","   15587","","0.0573","C"
"4","Trait5","pKWmEB","NsiI.TP523403","11","   15588","","0.0935","A"
"4","Trait5","pKWmEB","NsiI.TP523405","11","   15589","","0.7782","A"
"4","Trait5","pKWmEB","NsiI.TP523430","11","   15590","","0.0826","A"
"4","Trait5","pKWmEB","NsiI.TP523462","11","   15591","","0.4530","A"
"4","Trait5","pKWmEB","NsiI.TP523525","11","   15592","","0.1654","A"
"4","Trait5","pKWmEB","NsiI.TP523562","11","   15593","","0.4213","A"
"4","Trait5","pKWmEB","NsiI.TP523581","11","   15594","","0.9178","G"
"4","Trait5","pKWmEB","NsiI.TP523686","11","   15595","","0.1873","A"
"4","Trait5","pKWmEB","NsiI.TP523810","11","   15598","","0.4646","A"
"4","Trait5","pKWmEB","NsiI.TP523812","11","   15599","","0.9349","C"
"4","Trait5","pKWmEB","NsiI.TP523820","11","   15600","","0.6468","C"
"4","Trait5","pKWmEB","NsiI.TP523926","11","   15601","","0.7205","C"
"4","Trait5","pKWmEB","NsiI.TP523988","11","   15602","","0.1231","A"
"4","Trait5","pKWmEB","NsiI.TP524253","11","   15604","","0.7688","C"
"4","Trait5","pKWmEB","NsiI.TP524294","11","   15605","","0.4449","C"
"4","Trait5","pKWmEB","NsiI.TP524322","11","   15606","","0.5823","A"
"4","Trait5","pKWmEB","NsiI.TP524786","11","   15608","","0.6292","A"
"4","Trait5","pKWmEB","NsiI.TP524852","11","   15609","","0.6768","A"
"4","Trait5","pKWmEB","NsiI.TP524858","11","   15610","","0.1722","G"
"4","Trait5","pKWmEB","NsiI.TP524956","11","   15612","","0.1214","C"
"4","Trait5","pKWmEB","NsiI.TP524968","11","   15613","","0.2379","A"
"4","Trait5","pKWmEB","NsiI.TP524981","11","   15614","","0.2649","A"
"4","Trait5","pKWmEB","NsiI.TP525014","11","   15615","","0.1023","A"
"4","Trait5","pKWmEB","NsiI.TP525319","11","   15616","","0.3610","C"
"4","Trait5","pKWmEB","NsiI.TP525494","11","   15617","","0.0322","C"
"4","Trait5","pKWmEB","NsiI.TP525506","11","   15618","","0.1096","C"
"4","Trait5","pKWmEB","NsiI.TP525515","11","   15619","","0.1632","C"
"4","Trait5","pKWmEB","NsiI.TP525702","11","   15621","","1.0763","C"
"4","Trait5","pKWmEB","NsiI.TP525840","11","   15623","","1.4671","G"
"4","Trait5","pKWmEB","NsiI.TP525885","11","   15624","","0.0703","C"
"4","Trait5","pKWmEB","NsiI.TP526074","11","   15627","","0.2789","C"
"4","Trait5","pKWmEB","NsiI.TP526158","11","   15628","","0.2789","G"
"4","Trait5","pKWmEB","NsiI.TP526214","11","   15630","","0.0660","C"
"4","Trait5","pKWmEB","NsiI.TP526393","11","   15634","","0.3048","A"
"4","Trait5","pKWmEB","NsiI.TP526396","11","   15635","","0.2946","A"
"4","Trait5","pKWmEB","NsiI.TP526418","11","   15636","","0.2966","A"
"4","Trait5","pKWmEB","NsiI.TP526659","11","   15637","","0.6026","A"
"4","Trait5","pKWmEB","NsiI.TP526954","11","   15640","","1.0398","G"
"4","Trait5","pKWmEB","NsiI.TP527028","11","   15641","","0.1041","G"
"4","Trait5","pKWmEB","NsiI.TP527384","11","   15643","","1.1489","A"
"4","Trait5","pKWmEB","NsiI.TP527576","11","   15648","","1.1503","C"
"4","Trait5","pKWmEB","NsiI.TP527702","11","   15649","","0.0545","A"
"4","Trait5","pKWmEB","NsiI.TP527736","11","   15651","","0.4401","A"
"4","Trait5","pKWmEB","NsiI.TP527944","11","   15653","","0.2757","C"
"4","Trait5","pKWmEB","NsiI.TP528011","11","   15654","","0.5070","A"
"4","Trait5","pKWmEB","NsiI.TP528034","11","   15655","","0.1447","A"
"4","Trait5","pKWmEB","NsiI.TP528280","11","   15657","","0.6977","A"
"4","Trait5","pKWmEB","NsiI.TP528300","11","   15658","","0.4872","A"
"4","Trait5","pKWmEB","NsiI.TP528323","11","   15659","","0.1899","A"
"4","Trait5","pKWmEB","NsiI.TP528404","11","   15660","","0.1585","C"
"4","Trait5","pKWmEB","NsiI.TP528414","11","   15661","","0.3717","C"
"4","Trait5","pKWmEB","NsiI.TP528422","11","   15662","","0.5172","C"
"4","Trait5","pKWmEB","NsiI.TP528558","11","   15664","","0.0470","C"
"4","Trait5","pKWmEB","NsiI.TP528685","11","   15665","","0.9134","G"
"4","Trait5","pKWmEB","NsiI.TP528754","11","   15666","","0.0785","G"
"4","Trait5","pKWmEB","NsiI.TP528771","11","   15667","","0.0366","G"
"4","Trait5","pKWmEB","NsiI.TP528777","11","   15668","","0.0976","C"
"4","Trait5","pKWmEB","NsiI.TP528829","11","   15669","","0.7181","C"
"4","Trait5","pKWmEB","NsiI.TP528884","11","   15672","","0.4146","C"
"4","Trait5","pKWmEB","NsiI.TP528898","11","   15673","","0.4491","C"
"4","Trait5","pKWmEB","NsiI.TP529096","11","   15674","","0.1983","C"
"4","Trait5","pKWmEB","NsiI.TP529162","11","   15675","","0.4896","A"
"4","Trait5","pKWmEB","NsiI.TP529304","11","   15678","","0.6102","C"
"4","Trait5","pKWmEB","NsiI.TP529321","11","   15679","","0.4195","A"
"4","Trait5","pKWmEB","NsiI.TP529605","11","   15683","","1.1216","C"
"4","Trait5","pKWmEB","NsiI.TP530128","11","   15685","","0.3149","C"
"4","Trait5","pKWmEB","NsiI.TP530248","11","   15687","","0.8820","C"
"4","Trait5","pKWmEB","NsiI.TP530343","11","   15688","","0.0209","G"
"4","Trait5","pKWmEB","NsiI.TP530737","11","   15691","","0.1163","A"
"4","Trait5","pKWmEB","NsiI.TP530767","11","   15692","","0.7294","C"
"4","Trait5","pKWmEB","NsiI.TP530836","11","   15693","","0.6572","C"
"4","Trait5","pKWmEB","NsiI.TP530881","11","   15694","","0.2462","C"
"4","Trait5","pKWmEB","NsiI.TP530892","11","   15695","","0.0709","C"
"4","Trait5","pKWmEB","NsiI.TP531097","11","   15696","","0.4073","C"
"4","Trait5","pKWmEB","NsiI.TP531166","11","   15698","","0.0577","A"
"4","Trait5","pKWmEB","NsiI.TP531429","11","   15700","","1.0673","G"
"4","Trait5","pKWmEB","NsiI.TP531445","11","   15701","","0.2340","A"
"4","Trait5","pKWmEB","NsiI.TP531526","11","   15702","","0.0860","G"
"4","Trait5","pKWmEB","NsiI.TP531788","11","   15705","","0.1114","G"
"4","Trait5","pKWmEB","NsiI.TP531823","11","   15706","","0.3208","A"
"4","Trait5","pKWmEB","NsiI.TP531830","11","   15707","","0.1971","G"
"4","Trait5","pKWmEB","NsiI.TP531884","11","   15708","","0.5747","C"
"4","Trait5","pKWmEB","NsiI.TP531902","11","   15709","","0.5386","C"
"4","Trait5","pKWmEB","NsiI.TP531922","11","   15710","","0.8811","C"
"4","Trait5","pKWmEB","NsiI.TP531951","11","   15711","","0.6417","A"
"4","Trait5","pKWmEB","NsiI.TP532105","11","   15712","","0.1993","C"
"4","Trait5","pKWmEB","NsiI.TP532130","11","   15713","","0.4146","A"
"4","Trait5","pKWmEB","NsiI.TP532154","11","   15714","","0.0978","C"
"4","Trait5","pKWmEB","NsiI.TP532184","11","   15715","","0.0808","G"
"4","Trait5","pKWmEB","NsiI.TP532407","11","   15717","","0.1567","C"
"4","Trait5","pKWmEB","NsiI.TP532499","11","   15719","","0.0180","C"
"4","Trait5","pKWmEB","NsiI.TP532536","11","   15720","","0.8642","A"
"4","Trait5","pKWmEB","NsiI.TP532558","11","   15721","","0.1396","G"
"4","Trait5","pKWmEB","NsiI.TP532580","11","   15722","","0.2166","G"
"4","Trait5","pKWmEB","NsiI.TP532591","11","   15723","","0.8728","C"
"4","Trait5","pKWmEB","NsiI.TP532750","11","   15724","","0.2310","A"
"4","Trait5","pKWmEB","NsiI.TP532803","11","   15725","","0.4602","C"
"4","Trait5","pKWmEB","NsiI.TP532934","11","   15726","","0.1419","C"
"4","Trait5","pKWmEB","NsiI.TP533340","11","   15728","","1.7108","A"
"4","Trait5","pKWmEB","NsiI.TP533351","11","   15729","","0.2042","C"
"4","Trait5","pKWmEB","NsiI.TP533381","11","   15730","","0.2004","C"
"4","Trait5","pKWmEB","NsiI.TP533425","11","   15732","","0.9245","G"
"4","Trait5","pKWmEB","NsiI.TP533627","11","   15734","","0.4268","C"
"4","Trait5","pKWmEB","NsiI.TP533849","11","   15737","","0.4187","C"
"4","Trait5","pKWmEB","NsiI.TP534200","11","   15740","","0.2751","A"
"4","Trait5","pKWmEB","NsiI.TP534409","11","   15741","","1.5468","A"
"4","Trait5","pKWmEB","NsiI.TP534459","11","   15742","","0.6580","C"
"4","Trait5","pKWmEB","NsiI.TP534508","11","   15743","","0.4332","C"
"4","Trait5","pKWmEB","NsiI.TP534615","11","   15745","","0.2302","A"
"4","Trait5","pKWmEB","NsiI.TP534649","11","   15746","","0.1265","C"
"4","Trait5","pKWmEB","NsiI.TP534734","11","   15747","","0.0740","A"
"4","Trait5","pKWmEB","NsiI.TP534761","11","   15748","","0.3912","C"
"4","Trait5","pKWmEB","NsiI.TP535012","11","   15750","","0.2561","A"
"4","Trait5","pKWmEB","NsiI.TP535064","11","   15752","","0.1780","C"
"4","Trait5","pKWmEB","NsiI.TP535128","11","   15753","","0.1108","A"
"4","Trait5","pKWmEB","NsiI.TP535138","11","   15754","","0.8893","A"
"4","Trait5","pKWmEB","NsiI.TP535210","11","   15755","","0.3078","A"
"4","Trait5","pKWmEB","NsiI.TP535389","11","   15757","","0.4642","G"
"4","Trait5","pKWmEB","NsiI.TP536248","11","   15759","","0.2605","G"
"4","Trait5","pKWmEB","NsiI.TP536403","11","   15762","","0.6086","A"
"4","Trait5","pKWmEB","NsiI.TP536765","11","   15763","","1.6713","C"
"4","Trait5","pKWmEB","NsiI.TP536796","11","   15764","","0.2970","A"
"4","Trait5","pKWmEB","NsiI.TP537983","11","   15766","","0.8571","A"
"4","Trait5","pKWmEB","NsiI.TP538131","11","   15767","","0.1554","A"
"4","Trait5","pKWmEB","NsiI.TP538163","11","   15768","","0.4772","C"
"4","Trait5","pKWmEB","NsiI.TP538458","11","   15770","","1.0899","A"
"4","Trait5","pKWmEB","NsiI.TP538514","11","   15772","","0.2912","A"
"4","Trait5","pKWmEB","NsiI.TP538577","11","   15774","","0.3497","C"
"4","Trait5","pKWmEB","NsiI.TP538844","11","   15777","","0.0708","A"
"4","Trait5","pKWmEB","NsiI.TP538878","11","   15778","","0.1374","C"
"4","Trait5","pKWmEB","NsiI.TP538891","11","   15779","","0.0244","C"
"4","Trait5","pKWmEB","NsiI.TP539071","11","   15780","","0.4126","A"
"4","Trait5","pKWmEB","NsiI.TP539129","11","   15783","","0.1579","C"
"4","Trait5","pKWmEB","NsiI.TP539163","11","   15784","","0.3723","A"
"4","Trait5","pKWmEB","NsiI.TP539237","11","   15786","","0.1872","C"
"4","Trait5","pKWmEB","NsiI.TP539247","11","   15787","","1.3786","A"
"4","Trait5","pKWmEB","NsiI.TP539767","11","   15790","","0.7834","A"
"4","Trait5","pKWmEB","NsiI.TP539813","11","   15791","","0.0720","C"
"4","Trait5","pKWmEB","NsiI.TP539990","11","   15793","","0.9411","C"
"4","Trait5","pKWmEB","NsiI.TP540352","11","   15795","","0.6542","A"
"4","Trait5","pKWmEB","NsiI.TP540354","11","   15796","","1.1934","A"
"4","Trait5","pKWmEB","NsiI.TP540423","11","   15798","","0.5412","A"
"4","Trait5","pKWmEB","NsiI.TP540503","11","   15799","","0.3317","C"
"4","Trait5","pKWmEB","NsiI.TP540597","11","   15800","","0.1040","A"
"4","Trait5","pKWmEB","NsiI.TP540600","11","   15801","","0.0084","C"
"4","Trait5","pKWmEB","NsiI.TP540642","11","   15802","","0.3628","C"
"4","Trait5","pKWmEB","NsiI.TP540689","11","   15804","","0.3467","C"
"4","Trait5","pKWmEB","NsiI.TP540747","11","   15805","","0.0038","A"
"4","Trait5","pKWmEB","NsiI.TP541297","11","   15808","","0.6523","A"
"4","Trait5","pKWmEB","NsiI.TP541305","11","   15809","","0.7261","C"
"4","Trait5","pKWmEB","NsiI.TP541455","11","   15810","","0.7409","C"
"4","Trait5","pKWmEB","NsiI.TP541527","11","   15811","","0.5108","G"
"4","Trait5","pKWmEB","NsiI.TP541983","11","   15813","","0.3040","C"
"4","Trait5","pKWmEB","NsiI.TP542586","11","   15819","","0.0121","G"
"4","Trait5","pKWmEB","NsiI.TP542595","11","   15820","","0.4728","C"
"4","Trait5","pKWmEB","NsiI.TP542868","11","   15822","","1.0616","C"
"4","Trait5","pKWmEB","NsiI.TP543064","11","   15823","","0.0176","A"
"4","Trait5","pKWmEB","NsiI.TP543113","11","   15825","","1.8260","C"
"4","Trait5","pKWmEB","NsiI.TP543576","11","   15828","","0.6888","C"
"4","Trait5","pKWmEB","NsiI.TP544197","11","   15832","","0.0743","A"
"4","Trait5","pKWmEB","NsiI.TP544309","11","   15834","","0.2929","A"
"4","Trait5","pKWmEB","NsiI.TP544630","11","   15836","","2.2679","A"
"4","Trait5","pKWmEB","NsiI.TP544660","11","   15837","","0.9396","A"
"4","Trait5","pKWmEB","NsiI.TP544668","11","   15838","","0.0836","C"
"4","Trait5","pKWmEB","NsiI.TP544723","11","   15839","","0.0773","G"
"4","Trait5","pKWmEB","NsiI.TP545223","11","   15842","","0.2128","A"
"4","Trait5","pKWmEB","NsiI.TP545288","11","   15843","","2.0759","A"
"4","Trait5","pKWmEB","NsiI.TP545358","11","   15845","","0.4588","A"
"4","Trait5","pKWmEB","NsiI.TP545368","11","   15846","","0.0240","C"
"4","Trait5","pKWmEB","NsiI.TP545404","11","   15848","","0.0307","C"
"4","Trait5","pKWmEB","NsiI.TP545501","11","   15849","","0.2312","C"
"4","Trait5","pKWmEB","NsiI.TP545507","11","   15850","","0.3028","C"
"4","Trait5","pKWmEB","NsiI.TP545810","11","   15854","","0.3324","A"
"4","Trait5","pKWmEB","NsiI.TP545877","11","   15855","","0.5114","A"
"4","Trait5","pKWmEB","NsiI.TP545890","11","   15856","","0.2332","G"
"4","Trait5","pKWmEB","NsiI.TP545911","11","   15857","","0.1482","C"
"4","Trait5","pKWmEB","NsiI.TP545921","11","   15858","","1.1972","A"
"4","Trait5","pKWmEB","NsiI.TP545925","11","   15859","","0.0162","A"
"4","Trait5","pKWmEB","NsiI.TP546061","11","   15861","","1.1180","C"
"4","Trait5","pKWmEB","NsiI.TP546116","11","   15862","","0.2184","C"
"4","Trait5","pKWmEB","NsiI.TP546302","11","   15863","","0.2562","A"
"4","Trait5","pKWmEB","NsiI.TP546384","11","   15864","","0.7094","A"
"4","Trait5","pKWmEB","NsiI.TP546651","11","   15865","","0.1314","C"
"4","Trait5","pKWmEB","NsiI.TP546666","11","   15866","","0.4180","A"
"4","Trait5","pKWmEB","NsiI.TP546930","11","   15867","","0.4385","C"
"4","Trait5","pKWmEB","NsiI.TP546993","11","   15868","","0.0351","C"
"4","Trait5","pKWmEB","NsiI.TP547196","11","   15874","","0.1873","A"
"4","Trait5","pKWmEB","NsiI.TP547441","11","   15875","","0.1113","A"
"4","Trait5","pKWmEB","NsiI.TP547503","11","   15877","","0.3456","A"
"4","Trait5","pKWmEB","NsiI.TP547757","11","   15880","","0.2613","A"
"4","Trait5","pKWmEB","NsiI.TP547784","11","   15881","","0.5422","A"
"4","Trait5","pKWmEB","NsiI.TP547906","11","   15882","","0.0693","C"
"4","Trait5","pKWmEB","NsiI.TP547914","11","   15883","","0.1326","C"
"4","Trait5","pKWmEB","NsiI.TP547929","11","   15884","","0.8109","A"
"4","Trait5","pKWmEB","NsiI.TP547953","11","   15886","","0.9649","A"
"4","Trait5","pKWmEB","NsiI.TP548098","11","   15887","","1.6831","G"
"4","Trait5","pKWmEB","NsiI.TP548142","11","   15888","","0.8107","C"
"4","Trait5","pKWmEB","NsiI.TP548189","11","   15890","","0.6421","G"
"4","Trait5","pKWmEB","NsiI.TP548243","11","   15891","","1.5283","A"
"4","Trait5","pKWmEB","NsiI.TP548376","11","   15892","","0.3953","G"
"4","Trait5","pKWmEB","NsiI.TP548674","11","   15893","","1.8917","C"
"4","Trait5","pKWmEB","NsiI.TP548930","11","   15895","","0.2329","C"
"4","Trait5","pKWmEB","NsiI.TP548946","11","   15896","","0.3827","A"
"4","Trait5","pKWmEB","NsiI.TP549255","11","   15897","","0.3795","C"
"4","Trait5","pKWmEB","NsiI.TP549380","11","   15898","","0.0816","A"
"4","Trait5","pKWmEB","NsiI.TP549391","11","   15899","","1.9623","A"
"4","Trait5","pKWmEB","NsiI.TP549556","11","   15900","","0.4081","A"
"4","Trait5","pKWmEB","NsiI.TP549593","11","   15901","","0.1922","C"
"4","Trait5","pKWmEB","NsiI.TP549645","11","   15904","","0.7804","G"
"4","Trait5","pKWmEB","NsiI.TP549667","11","   15905","","0.2634","A"
"4","Trait5","pKWmEB","NsiI.TP549759","11","   15906","","1.1594","G"
"4","Trait5","pKWmEB","NsiI.TP549847","11","   15909","","0.0423","C"
"4","Trait5","pKWmEB","NsiI.TP549901","11","   15910","","0.2205","A"
"4","Trait5","pKWmEB","NsiI.TP549952","11","   15911","","0.2572","C"
"4","Trait5","pKWmEB","NsiI.TP549983","11","   15913","","0.4239","G"
"4","Trait5","pKWmEB","NsiI.TP550056","11","   15914","","0.3588","A"
"4","Trait5","pKWmEB","NsiI.TP550234","11","   15915","","0.0935","A"
"4","Trait5","pKWmEB","NsiI.TP550248","11","   15916","","0.0714","G"
"4","Trait5","pKWmEB","NsiI.TP550256","11","   15917","","1.1653","C"
"4","Trait5","pKWmEB","NsiI.TP550280","11","   15918","","0.1735","A"
"4","Trait5","pKWmEB","NsiI.TP550493","11","   15922","","0.2043","G"
"4","Trait5","pKWmEB","NsiI.TP550620","11","   15923","","0.5144","G"
"4","Trait5","pKWmEB","NsiI.TP550633","11","   15924","","1.4836","C"
"4","Trait5","pKWmEB","NsiI.TP550663","11","   15926","","0.0468","C"
"4","Trait5","pKWmEB","NsiI.TP550671","11","   15927","","1.4470","A"
"4","Trait5","pKWmEB","NsiI.TP550682","11","   15928","","0.2157","A"
"4","Trait5","pKWmEB","NsiI.TP550683","11","   15929","","0.4842","A"
"4","Trait5","pKWmEB","NsiI.TP550762","11","   15931","","0.4108","C"
"4","Trait5","pKWmEB","NsiI.TP550937","11","   15932","","0.5081","A"
"4","Trait5","pKWmEB","NsiI.TP550945","11","   15933","","0.5190","C"
"4","Trait5","pKWmEB","NsiI.TP550949","11","   15934","","0.9718","A"
"4","Trait5","pKWmEB","NsiI.TP551057","11","   15936","","0.1625","A"
"4","Trait5","pKWmEB","NsiI.TP551284","11","   15937","","0.0605","C"
"4","Trait5","pKWmEB","NsiI.TP551407","11","   15938","","0.5286","C"
"4","Trait5","pKWmEB","NsiI.TP551687","11","   15939","","0.3262","C"
"4","Trait5","pKWmEB","NsiI.TP551733","11","   15940","","0.1281","C"
"4","Trait5","pKWmEB","NsiI.TP551753","11","   15942","","0.5799","G"
"4","Trait5","pKWmEB","NsiI.TP551794","11","   15943","","0.5080","G"
"4","Trait5","pKWmEB","NsiI.TP551839","11","   15945","","0.0884","C"
"4","Trait5","pKWmEB","NsiI.TP551883","11","   15946","","0.5539","A"
"4","Trait5","pKWmEB","NsiI.TP551914","11","   15948","","0.0406","G"
"4","Trait5","pKWmEB","NsiI.TP552314","11","   15951","","0.4121","A"
"4","Trait5","pKWmEB","NsiI.TP552623","11","   15954","","0.4328","C"
"4","Trait5","pKWmEB","NsiI.TP552634","11","   15955","","0.0263","C"
"4","Trait5","pKWmEB","NsiI.TP552726","11","   15956","","1.1715","C"
"4","Trait5","pKWmEB","NsiI.TP552744","11","   15957","","0.5645","C"
"4","Trait5","pKWmEB","NsiI.TP552745","11","   15958","","0.4294","C"
"4","Trait5","pKWmEB","NsiI.TP552810","11","   15959","","1.1711","C"
"4","Trait5","pKWmEB","NsiI.TP552835","11","   15960","","0.2646","C"
"4","Trait5","pKWmEB","NsiI.TP552882","11","   15961","","0.6928","C"
"4","Trait5","pKWmEB","NsiI.TP552991","11","   15962","","0.6769","A"
"4","Trait5","pKWmEB","NsiI.TP553041","11","   15963","","0.6077","A"
"4","Trait5","pKWmEB","NsiI.TP553088","11","   15964","","0.0600","A"
"4","Trait5","pKWmEB","NsiI.TP553158","11","   15966","","0.4491","A"
"4","Trait5","pKWmEB","NsiI.TP553316","11","   15969","","1.0022","G"
"4","Trait5","pKWmEB","NsiI.TP553413","11","   15971","","0.0988","A"
"4","Trait5","pKWmEB","NsiI.TP553499","11","   15972","","0.4144","C"
"4","Trait5","pKWmEB","NsiI.TP553579","11","   15973","","0.3861","C"
"4","Trait5","pKWmEB","NsiI.TP553662","11","   15975","","0.3418","A"
"4","Trait5","pKWmEB","NsiI.TP553676","11","   15976","","0.0202","C"
"4","Trait5","pKWmEB","NsiI.TP553698","11","   15977","","0.6499","G"
"4","Trait5","pKWmEB","NsiI.TP553706","11","   15978","","0.3083","C"
"4","Trait5","pKWmEB","NsiI.TP553729","11","   15979","","0.1083","C"
"4","Trait5","pKWmEB","NsiI.TP553750","11","   15981","","0.5643","C"
"4","Trait5","pKWmEB","NsiI.TP553785","11","   15982","","2.2013","A"
"4","Trait5","pKWmEB","NsiI.TP554047","11","   15983","","0.0643","C"
"4","Trait5","pKWmEB","NsiI.TP554543","11","   15985","","0.1235","A"
"4","Trait5","pKWmEB","NsiI.TP554663","11","   15988","","0.4417","C"
"4","Trait5","pKWmEB","NsiI.TP554728","11","   15989","","0.2982","C"
"4","Trait5","pKWmEB","NsiI.TP554944","11","   15990","","0.4316","A"
"4","Trait5","pKWmEB","NsiI.TP555019","11","   15991","","0.3452","C"
"4","Trait5","pKWmEB","NsiI.TP555055","11","   15992","","0.1554","A"
"4","Trait5","pKWmEB","NsiI.TP555065","11","   15993","","0.0301","A"
"4","Trait5","pKWmEB","NsiI.TP555309","11","   15995","","0.0087","A"
"4","Trait5","pKWmEB","NsiI.TP555357","11","   15996","","0.4542","A"
"4","Trait5","pKWmEB","NsiI.TP555365","11","   15997","","1.8805","A"
"4","Trait5","pKWmEB","NsiI.TP555369","11","   15998","","0.8560","C"
"4","Trait5","pKWmEB","NsiI.TP555395","11","   15999","","0.0432","G"
"4","Trait5","pKWmEB","NsiI.TP555498","11","   16001","","0.1850","C"
"4","Trait5","pKWmEB","NsiI.TP555580","11","   16002","","0.1849","G"
"4","Trait5","pKWmEB","NsiI.TP555631","11","   16003","","0.2179","A"
"4","Trait5","pKWmEB","NsiI.TP555894","11","   16005","","0.1011","A"
"4","Trait5","pKWmEB","NsiI.TP555903","11","   16006","","0.3189","C"
"4","Trait5","pKWmEB","NsiI.TP555908","11","   16008","","0.0127","A"
"4","Trait5","pKWmEB","NsiI.TP555974","11","   16010","","0.1429","A"
"4","Trait5","pKWmEB","NsiI.TP555990","11","   16011","","0.1017","C"
"4","Trait5","pKWmEB","NsiI.TP556022","11","   16012","","0.1240","A"
"4","Trait5","pKWmEB","NsiI.TP556047","11","   16013","","0.2213","A"
"4","Trait5","pKWmEB","NsiI.TP556059","11","   16014","","1.0912","C"
"4","Trait5","pKWmEB","NsiI.TP556086","11","   16015","","0.1314","C"
"4","Trait5","pKWmEB","NsiI.TP556097","11","   16016","","1.1369","C"
"4","Trait5","pKWmEB","NsiI.TP556312","11","   16017","","0.1068","A"
"4","Trait5","pKWmEB","NsiI.TP556318","11","   16019","","0.4553","G"
"4","Trait5","pKWmEB","NsiI.TP556368","11","   16020","","0.2178","A"
"4","Trait5","pKWmEB","NsiI.TP556635","11","   16021","","1.6666","A"
"4","Trait5","pKWmEB","NsiI.TP556656","11","   16022","","0.9419","G"
"4","Trait5","pKWmEB","NsiI.TP556663","11","   16023","","0.3351","C"
"4","Trait5","pKWmEB","NsiI.TP556717","11","   16024","","1.3163","A"
"4","Trait5","pKWmEB","NsiI.TP556867","11","   16025","","0.2608","A"
"4","Trait5","pKWmEB","NsiI.TP556871","11","   16026","","0.3688","A"
"4","Trait5","pKWmEB","NsiI.TP557304","11","   16028","","0.0935","A"
"4","Trait5","pKWmEB","NsiI.TP557414","11","   16029","","0.3611","A"
"4","Trait5","pKWmEB","NsiI.TP557436","11","   16030","","0.0405","A"
"4","Trait5","pKWmEB","NsiI.TP557445","11","   16031","","0.7243","A"
"4","Trait5","pKWmEB","NsiI.TP557489","11","   16032","","0.4856","G"
"4","Trait5","pKWmEB","NsiI.TP557538","11","   16033","","0.5668","G"
"4","Trait5","pKWmEB","NsiI.TP557756","11","   16035","","0.8086","G"
"4","Trait5","pKWmEB","NsiI.TP557880","11","   16037","","0.4617","G"
"4","Trait5","pKWmEB","NsiI.TP557904","11","   16038","","0.0044","C"
"4","Trait5","pKWmEB","NsiI.TP557918","11","   16040","","1.2175","C"
"4","Trait5","pKWmEB","NsiI.TP558024","11","   16041","","1.0268","C"
"4","Trait5","pKWmEB","NsiI.TP558305","11","   16044","","0.4798","C"
"4","Trait5","pKWmEB","NsiI.TP558485","11","   16046","","0.0749","C"
"4","Trait5","pKWmEB","NsiI.TP558889","11","   16049","","0.1424","A"
"4","Trait5","pKWmEB","NsiI.TP559060","11","   16050","","0.9777","A"
"4","Trait5","pKWmEB","NsiI.TP559061","11","   16051","","0.1791","C"
"4","Trait5","pKWmEB","NsiI.TP559228","11","   16053","","0.0052","C"
"4","Trait5","pKWmEB","NsiI.TP559334","11","   16054","","0.0092","C"
"4","Trait5","pKWmEB","NsiI.TP559354","11","   16056","","0.2287","A"
"4","Trait5","pKWmEB","NsiI.TP559357","11","   16057","","0.2384","A"
"4","Trait5","pKWmEB","NsiI.TP559444","11","   16058","","0.1871","C"
"4","Trait5","pKWmEB","NsiI.TP559472","11","   16059","","0.1520","G"
"4","Trait5","pKWmEB","NsiI.TP559735","11","   16061","","0.4627","C"
"4","Trait5","pKWmEB","NsiI.TP559787","11","   16062","","0.0612","C"
"4","Trait5","pKWmEB","NsiI.TP559880","11","   16064","","0.9855","C"
"4","Trait5","pKWmEB","NsiI.TP559926","11","   16065","","0.0876","C"
"4","Trait5","pKWmEB","NsiI.TP559974","11","   16066","","0.1118","A"
"4","Trait5","pKWmEB","NsiI.TP560012","11","   16067","","0.1187","A"
"4","Trait5","pKWmEB","NsiI.TP560022","11","   16068","","1.0095","A"
"4","Trait5","pKWmEB","NsiI.TP560232","11","   16070","","0.1557","A"
"4","Trait5","pKWmEB","NsiI.TP560260","11","   16071","","0.7189","C"
"4","Trait5","pKWmEB","NsiI.TP560453","11","   16072","","0.2983","A"
"4","Trait5","pKWmEB","NsiI.TP560606","11","   16074","","0.0765","A"
"4","Trait5","pKWmEB","NsiI.TP560751","11","   16075","","0.0336","C"
"4","Trait5","pKWmEB","NsiI.TP560923","11","   16077","","0.1416","C"
"4","Trait5","pKWmEB","NsiI.TP561004","11","   16078","","0.4488","A"
"4","Trait5","pKWmEB","NsiI.TP561022","11","   16079","","1.0726","A"
"4","Trait5","pKWmEB","NsiI.TP561023","11","   16080","","0.4280","A"
"4","Trait5","pKWmEB","NsiI.TP561283","11","   16082","","0.0989","A"
"4","Trait5","pKWmEB","NsiI.TP561326","11","   16083","","0.0141","C"
"4","Trait5","pKWmEB","NsiI.TP561366","11","   16084","","1.3894","G"
"4","Trait5","pKWmEB","NsiI.TP561414","11","   16085","","0.0817","G"
"4","Trait5","pKWmEB","NsiI.TP561481","11","   16086","","0.3102","C"
"4","Trait5","pKWmEB","NsiI.TP561532","11","   16088","","0.2934","A"
"4","Trait5","pKWmEB","NsiI.TP561618","11","   16089","","0.0565","C"
"4","Trait5","pKWmEB","NsiI.TP561621","11","   16090","","0.5070","A"
"4","Trait5","pKWmEB","NsiI.TP561895","11","   16092","","0.4926","C"
"4","Trait5","pKWmEB","NsiI.TP561910","11","   16093","","0.1156","A"
"4","Trait5","pKWmEB","NsiI.TP562509","11","   16095","","0.3539","C"
"4","Trait5","pKWmEB","NsiI.TP562561","11","   16096","","0.1505","G"
"4","Trait5","pKWmEB","NsiI.TP562854","11","   16098","","0.7805","A"
"4","Trait5","pKWmEB","NsiI.TP562963","11","   16099","","0.3736","C"
"4","Trait5","pKWmEB","NsiI.TP563194","11","   16105","","0.0170","A"
"4","Trait5","pKWmEB","NsiI.TP563446","11","   16107","","0.3151","C"
"4","Trait5","pKWmEB","NsiI.TP563898","11","   16109","","0.2980","G"
"4","Trait5","pKWmEB","NsiI.TP563915","11","   16110","","0.2881","A"
"4","Trait5","pKWmEB","NsiI.TP563961","11","   16111","","0.0918","C"
"4","Trait5","pKWmEB","NsiI.TP563977","11","   16112","","0.2215","A"
"4","Trait5","pKWmEB","NsiI.TP564005","11","   16113","","0.0215","A"
"4","Trait5","pKWmEB","NsiI.TP564153","11","   16114","","0.2472","C"
"4","Trait5","pKWmEB","NsiI.TP564326","11","   16115","","0.6703","C"
"4","Trait5","pKWmEB","NsiI.TP564448","11","   16116","","1.0575","C"
"4","Trait5","pKWmEB","NsiI.TP564739","11","   16118","","0.7274","C"
"4","Trait5","pKWmEB","NsiI.TP564921","11","   16119","","1.2039","A"
"4","Trait5","pKWmEB","NsiI.TP564995","11","   16121","","0.3350","C"
"4","Trait5","pKWmEB","NsiI.TP565125","11","   16124","","0.8582","C"
"4","Trait5","pKWmEB","NsiI.TP565274","11","   16126","","0.6633","C"
"4","Trait5","pKWmEB","NsiI.TP565359","11","   16127","","1.0219","C"
"4","Trait5","pKWmEB","NsiI.TP565407","11","   16128","","0.0087","C"
"4","Trait5","pKWmEB","NsiI.TP565488","11","   16129","","0.1228","G"
"4","Trait5","pKWmEB","NsiI.TP565852","11","   16131","","0.0684","A"
"4","Trait5","pKWmEB","NsiI.TP566131","11","   16132","","0.5915","A"
"4","Trait5","pKWmEB","NsiI.TP566534","11","   16135","","0.0759","C"
"4","Trait5","pKWmEB","NsiI.TP566535","11","   16136","","0.2393","A"
"4","Trait5","pKWmEB","NsiI.TP566547","11","   16137","","0.1168","A"
"4","Trait5","pKWmEB","NsiI.TP566561","11","   16138","","0.1704","A"
"4","Trait5","pKWmEB","NsiI.TP566761","11","   16139","","0.0604","C"
"4","Trait5","pKWmEB","NsiI.TP566776","11","   16140","","0.4212","A"
"4","Trait5","pKWmEB","NsiI.TP566900","11","   16141","","0.3081","A"
"4","Trait5","pKWmEB","NsiI.TP566948","11","   16142","","0.2190","G"
"4","Trait5","pKWmEB","NsiI.TP567235","11","   16143","","0.5706","C"
"4","Trait5","pKWmEB","NsiI.TP567414","11","   16145","","0.0840","C"
"4","Trait5","pKWmEB","NsiI.TP567556","11","   16146","","0.7184","C"
"4","Trait5","pKWmEB","NsiI.TP567691","11","   16148","","0.5925","C"
"4","Trait5","pKWmEB","NsiI.TP567954","11","   16151","","0.2400","A"
"4","Trait5","pKWmEB","NsiI.TP568340","11","   16154","","0.1244","A"
"4","Trait5","pKWmEB","NsiI.TP568513","11","   16157","","1.0375","G"
"4","Trait5","pKWmEB","NsiI.TP568842","11","   16159","","1.2550","C"
"4","Trait5","pKWmEB","NsiI.TP568948","11","   16161","","0.0785","A"
"4","Trait5","pKWmEB","NsiI.TP568979","11","   16162","","0.4193","G"
"4","Trait5","pKWmEB","NsiI.TP569258","11","   16165","","0.0421","A"
"4","Trait5","pKWmEB","NsiI.TP569378","11","   16166","","1.3975","C"
"4","Trait5","pKWmEB","NsiI.TP569530","11","   16167","","0.0586","C"
"4","Trait5","pKWmEB","NsiI.TP570031","11","   16173","","0.6173","C"
"4","Trait5","pKWmEB","NsiI.TP570076","11","   16174","","0.4160","A"
"4","Trait5","pKWmEB","NsiI.TP570260","11","   16175","","0.0708","G"
"4","Trait5","pKWmEB","NsiI.TP570294","11","   16176","","0.5807","C"
"4","Trait5","pKWmEB","NsiI.TP570466","11","   16178","","0.0739","C"
"4","Trait5","pKWmEB","NsiI.TP570531","11","   16181","","0.1694","A"
"4","Trait5","pKWmEB","NsiI.TP570610","11","   16183","","0.0796","A"
"4","Trait5","pKWmEB","NsiI.TP570712","11","   16184","","0.4976","C"
"4","Trait5","pKWmEB","NsiI.TP570782","11","   16185","","0.5265","C"
"4","Trait5","pKWmEB","NsiI.TP570786","11","   16186","","0.0885","C"
"4","Trait5","pKWmEB","NsiI.TP570823","11","   16187","","0.4408","A"
"4","Trait5","pKWmEB","NsiI.TP571039","11","   16189","","0.7682","A"
"4","Trait5","pKWmEB","NsiI.TP571353","11","   16191","","0.0947","C"
"4","Trait5","pKWmEB","NsiI.TP571420","11","   16192","","0.2874","C"
"4","Trait5","pKWmEB","NsiI.TP571480","11","   16194","","0.0475","A"
"4","Trait5","pKWmEB","NsiI.TP571497","11","   16195","","2.1636","C"
"4","Trait5","pKWmEB","NsiI.TP571551","11","   16196","","0.0019","A"
"4","Trait5","pKWmEB","NsiI.TP571607","11","   16197","","0.4258","G"
"4","Trait5","pKWmEB","NsiI.TP571678","11","   16198","","0.0760","A"
"4","Trait5","pKWmEB","NsiI.TP571719","11","   16199","","0.3356","A"
"4","Trait5","pKWmEB","NsiI.TP572017","11","   16202","","0.3189","C"
"4","Trait5","pKWmEB","NsiI.TP572125","11","   16204","","0.2957","C"
"4","Trait5","pKWmEB","NsiI.TP572165","11","   16205","","0.1690","C"
"4","Trait5","pKWmEB","NsiI.TP572254","11","   16206","","0.4728","G"
"4","Trait5","pKWmEB","NsiI.TP572385","11","   16207","","0.2627","C"
"4","Trait5","pKWmEB","NsiI.TP572685","11","   16211","","1.9202","A"
"4","Trait5","pKWmEB","NsiI.TP572755","11","   16212","","0.5140","A"
"4","Trait5","pKWmEB","NsiI.TP572773","11","   16213","","0.4088","C"
"4","Trait5","pKWmEB","NsiI.TP572799","11","   16214","","0.5248","A"
"4","Trait5","pKWmEB","NsiI.TP573138","11","   16215","","0.2010","A"
"4","Trait5","pKWmEB","NsiI.TP573142","11","   16217","","0.0364","A"
"4","Trait5","pKWmEB","NsiI.TP573168","11","   16218","","0.4958","C"
"4","Trait5","pKWmEB","NsiI.TP573302","11","   16219","","0.0322","A"
"4","Trait5","pKWmEB","NsiI.TP573303","11","   16220","","0.0959","A"
"4","Trait5","pKWmEB","NsiI.TP573478","11","   16222","","0.2266","C"
"4","Trait5","pKWmEB","NsiI.TP573649","11","   16224","","0.5442","A"
"4","Trait5","pKWmEB","NsiI.TP573660","11","   16225","","0.9714","C"
"4","Trait5","pKWmEB","NsiI.TP573662","11","   16226","","0.7647","C"
"4","Trait5","pKWmEB","NsiI.TP573669","11","   16227","","0.9617","A"
"4","Trait5","pKWmEB","NsiI.TP573714","11","   16228","","0.4803","C"
"4","Trait5","pKWmEB","NsiI.TP573833","11","   16230","","0.1258","C"
"4","Trait5","pKWmEB","NsiI.TP573866","11","   16231","","0.9971","C"
"4","Trait5","pKWmEB","NsiI.TP573888","11","   16232","","0.4166","A"
"4","Trait5","pKWmEB","NsiI.TP573978","11","   16233","","0.1011","A"
"4","Trait5","pKWmEB","NsiI.TP574075","11","   16234","","0.3452","G"
"4","Trait5","pKWmEB","NsiI.TP574129","11","   16236","","0.4940","A"
"4","Trait5","pKWmEB","NsiI.TP574209","11","   16239","","1.4020","G"
"4","Trait5","pKWmEB","NsiI.TP574299","11","   16241","","0.0845","A"
"4","Trait5","pKWmEB","NsiI.TP574340","11","   16242","","0.3374","C"
"4","Trait5","pKWmEB","NsiI.TP574385","11","   16243","","1.0700","A"
"4","Trait5","pKWmEB","NsiI.TP574451","11","   16244","","0.0246","C"
"4","Trait5","pKWmEB","NsiI.TP574469","11","   16245","","1.6388","C"
"4","Trait5","pKWmEB","NsiI.TP574645","11","   16246","","0.2052","C"
"4","Trait5","pKWmEB","NsiI.TP574692","11","   16247","","0.4010","A"
"4","Trait5","pKWmEB","NsiI.TP574701","11","   16248","","0.2302","C"
"4","Trait5","pKWmEB","NsiI.TP574965","11","   16251","","1.2039","A"
"4","Trait5","pKWmEB","NsiI.TP574976","11","   16252","","0.0501","C"
"4","Trait5","pKWmEB","NsiI.TP575062","11","   16254","","0.0690","A"
"4","Trait5","pKWmEB","NsiI.TP575085","11","   16255","","0.9325","C"
"4","Trait5","pKWmEB","NsiI.TP575308","11","   16256","","0.6462","A"
"4","Trait5","pKWmEB","NsiI.TP575345","11","   16257","","1.5722","A"
"4","Trait5","pKWmEB","NsiI.TP575349","11","   16258","","0.0263","C"
"4","Trait5","pKWmEB","NsiI.TP575388","11","   16259","","0.3793","C"
"4","Trait5","pKWmEB","NsiI.TP575453","11","   16260","","0.9758","G"
"4","Trait5","pKWmEB","NsiI.TP575463","11","   16261","","0.1784","A"
"4","Trait5","pKWmEB","NsiI.TP575488","11","   16262","","0.5313","A"
"4","Trait5","pKWmEB","NsiI.TP575535","11","   16263","","0.4532","G"
"4","Trait5","pKWmEB","NsiI.TP575545","11","   16264","","0.1276","G"
"4","Trait5","pKWmEB","NsiI.TP575552","11","   16265","","1.2194","C"
"4","Trait5","pKWmEB","NsiI.TP575575","11","   16267","","0.2500","C"
"4","Trait5","pKWmEB","NsiI.TP575726","11","   16268","","0.2420","C"
"4","Trait5","pKWmEB","NsiI.TP575751","11","   16269","","0.1471","A"
"4","Trait5","pKWmEB","NsiI.TP575768","11","   16270","","1.1011","A"
"4","Trait5","pKWmEB","NsiI.TP575792","11","   16271","","0.6132","C"
"4","Trait5","pKWmEB","NsiI.TP575793","11","   16272","","1.1753","A"
"4","Trait5","pKWmEB","NsiI.TP575805","11","   16273","","0.2199","A"
"4","Trait5","pKWmEB","NsiI.TP575918","11","   16274","","0.3532","C"
"4","Trait5","pKWmEB","NsiI.TP576054","11","   16277","","0.0184","A"
"4","Trait5","pKWmEB","NsiI.TP576062","11","   16278","","0.5950","A"
"4","Trait5","pKWmEB","NsiI.TP576091","11","   16279","","0.2946","C"
"4","Trait5","pKWmEB","NsiI.TP576104","11","   16280","","0.2446","A"
"4","Trait5","pKWmEB","NsiI.TP576156","11","   16282","","0.7818","C"
"4","Trait5","pKWmEB","NsiI.TP576201","11","   16284","","0.1952","C"
"4","Trait5","pKWmEB","NsiI.TP576404","11","   16288","","0.7114","A"
"4","Trait5","pKWmEB","NsiI.TP576769","11","   16291","","0.9757","C"
"4","Trait5","pKWmEB","NsiI.TP577089","11","   16295","","0.6271","A"
"4","Trait5","pKWmEB","NsiI.TP577247","11","   16299","","0.0757","C"
"4","Trait5","pKWmEB","NsiI.TP577256","11","   16300","","0.4153","C"
"4","Trait5","pKWmEB","NsiI.TP577298","11","   16301","","0.9038","A"
"4","Trait5","pKWmEB","NsiI.TP577332","11","   16302","","0.1315","A"
"4","Trait5","pKWmEB","NsiI.TP577558","11","   16305","","0.5002","A"
"4","Trait5","pKWmEB","NsiI.TP577638","11","   16306","","1.8200","C"
"4","Trait5","pKWmEB","NsiI.TP577703","11","   16308","","0.3282","A"
"4","Trait5","pKWmEB","NsiI.TP577813","11","   16309","","0.0228","C"
"4","Trait5","pKWmEB","NsiI.TP577863","11","   16311","","0.2166","A"
"4","Trait5","pKWmEB","NsiI.TP578137","11","   16313","","0.6067","C"
"4","Trait5","pKWmEB","NsiI.TP578256","11","   16314","","1.6025","A"
"4","Trait5","pKWmEB","NsiI.TP578274","11","   16315","","0.3949","C"
"4","Trait5","pKWmEB","NsiI.TP578276","11","   16316","","0.5827","A"
"4","Trait5","pKWmEB","NsiI.TP578323","11","   16317","","0.0941","C"
"4","Trait5","pKWmEB","NsiI.TP578596","11","   16318","","0.1008","A"
"4","Trait5","pKWmEB","NsiI.TP578663","11","   16319","","0.7054","G"
"4","Trait5","pKWmEB","NsiI.TP578731","11","   16320","","0.1348","C"
"4","Trait5","pKWmEB","NsiI.TP578786","11","   16321","","0.0490","A"
"4","Trait5","pKWmEB","NsiI.TP578796","11","   16322","","0.6340","A"
"4","Trait5","pKWmEB","NsiI.TP579123","11","   16327","","0.2587","C"
"4","Trait5","pKWmEB","NsiI.TP579131","11","   16328","","0.0667","A"
"4","Trait5","pKWmEB","NsiI.TP579729","11","   16329","","0.2782","C"
"4","Trait5","pKWmEB","NsiI.TP579755","11","   16330","","1.0024","A"
"4","Trait5","pKWmEB","NsiI.TP579839","11","   16331","","0.9921","A"
"4","Trait5","pKWmEB","NsiI.TP579934","11","   16333","","0.3821","A"
"4","Trait5","pKWmEB","NsiI.TP579953","11","   16334","","0.3519","C"
"4","Trait5","pKWmEB","NsiI.TP580072","11","   16335","","0.0509","A"
"4","Trait5","pKWmEB","NsiI.TP580128","11","   16336","","0.1098","G"
"4","Trait5","pKWmEB","NsiI.TP580142","11","   16337","","0.3275","G"
"4","Trait5","pKWmEB","NsiI.TP580222","11","   16338","","0.0239","A"
"4","Trait5","pKWmEB","NsiI.TP580320","11","   16340","","0.1163","A"
"4","Trait5","pKWmEB","NsiI.TP580399","11","   16343","","0.5735","A"
"4","Trait5","pKWmEB","NsiI.TP580449","11","   16344","","0.7062","A"
"4","Trait5","pKWmEB","NsiI.TP580482","11","   16346","","0.0393","C"
"4","Trait5","pKWmEB","NsiI.TP580592","11","   16348","","1.2035","C"
"4","Trait5","pKWmEB","NsiI.TP580840","11","   16350","","0.0202","A"
"4","Trait5","pKWmEB","NsiI.TP580989","11","   16351","","0.3198","C"
"4","Trait5","pKWmEB","NsiI.TP581113","11","   16352","","0.7389","C"
"4","Trait5","pKWmEB","NsiI.TP581122","11","   16353","","0.8105","A"
"4","Trait5","pKWmEB","NsiI.TP581125","11","   16354","","1.0308","C"
"4","Trait5","pKWmEB","NsiI.TP581126","11","   16355","","0.3447","A"
"4","Trait5","pKWmEB","NsiI.TP581162","11","   16357","","0.0167","A"
"4","Trait5","pKWmEB","NsiI.TP581525","11","   16358","","0.3178","C"
"4","Trait5","pKWmEB","NsiI.TP581753","11","   16359","","0.1710","A"
"4","Trait5","pKWmEB","NsiI.TP581799","11","   16360","","0.1850","C"
"4","Trait5","pKWmEB","NsiI.TP581891","11","   16361","","0.6235","C"
"4","Trait5","pKWmEB","NsiI.TP581916","11","   16362","","0.0586","A"
"4","Trait5","pKWmEB","NsiI.TP581922","11","   16363","","0.2815","G"
"4","Trait5","pKWmEB","NsiI.TP582062","11","   16365","","0.4928","A"
"4","Trait5","pKWmEB","NsiI.TP582088","11","   16366","","0.1068","G"
"4","Trait5","pKWmEB","NsiI.TP582335","11","   16367","","0.0705","C"
"4","Trait5","pKWmEB","NsiI.TP582401","11","   16368","","0.0725","A"
"4","Trait5","pKWmEB","NsiI.TP582416","11","   16369","","0.3918","A"
"4","Trait5","pKWmEB","NsiI.TP582470","11","   16370","","0.2126","C"
"4","Trait5","pKWmEB","NsiI.TP582727","11","   16371","","0.2412","A"
"4","Trait5","pKWmEB","NsiI.TP582757","11","   16372","","1.8137","C"
"4","Trait5","pKWmEB","NsiI.TP583084","11","   16374","","0.2865","A"
"4","Trait5","pKWmEB","NsiI.TP583138","11","   16375","","0.7174","A"
"4","Trait5","pKWmEB","NsiI.TP583303","11","   16376","","0.1066","G"
"4","Trait5","pKWmEB","NsiI.TP583342","11","   16377","","1.2086","A"
"4","Trait5","pKWmEB","NsiI.TP583477","11","   16381","","1.0276","C"
"4","Trait5","pKWmEB","NsiI.TP583926","11","   16382","","0.0927","A"
"4","Trait5","pKWmEB","NsiI.TP584137","11","   16383","","0.7404","A"
"4","Trait5","pKWmEB","NsiI.TP585329","11","   16386","","0.2751","A"
"4","Trait5","pKWmEB","NsiI.TP585644","11","   16388","","1.1079","A"
"4","Trait5","pKWmEB","NsiI.TP585786","11","   16389","","0.1337","C"
"4","Trait5","pKWmEB","NsiI.TP585802","11","   16390","","0.5346","A"
"4","Trait5","pKWmEB","NsiI.TP585806","11","   16391","","0.6678","G"
"4","Trait5","pKWmEB","NsiI.TP585921","11","   16393","","1.1335","A"
"4","Trait5","pKWmEB","NsiI.TP585963","11","   16394","","0.2258","C"
"4","Trait5","pKWmEB","NsiI.TP586154","11","   16396","","0.0374","C"
"4","Trait5","pKWmEB","NsiI.TP586184","11","   16397","","0.0318","C"
"4","Trait5","pKWmEB","NsiI.TP586241","11","   16398","","0.0319","C"
"4","Trait5","pKWmEB","NsiI.TP586284","11","   16399","","0.0085","C"
"4","Trait5","pKWmEB","NsiI.TP586319","11","   16400","","0.2169","A"
"4","Trait5","pKWmEB","NsiI.TP586462","11","   16404","","0.6162","A"
"4","Trait5","pKWmEB","NsiI.TP586696","11","   16407","","0.0177","C"
"4","Trait5","pKWmEB","NsiI.TP586741","11","   16408","","0.9834","A"
"4","Trait5","pKWmEB","NsiI.TP586798","11","   16409","","0.0629","C"
"4","Trait5","pKWmEB","NsiI.TP586971","11","   16413","","0.2438","C"
"4","Trait5","pKWmEB","NsiI.TP587080","11","   16414","","0.0830","C"
"4","Trait5","pKWmEB","NsiI.TP587144","11","   16415","","0.0889","A"
"4","Trait5","pKWmEB","NsiI.TP587155","11","   16416","","0.1501","C"
"4","Trait5","pKWmEB","NsiI.TP587189","11","   16417","","0.3282","C"
"4","Trait5","pKWmEB","NsiI.TP587241","11","   16420","","0.5923","A"
"4","Trait5","pKWmEB","NsiI.TP587255","11","   16421","","0.3452","C"
"4","Trait5","pKWmEB","NsiI.TP587419","11","   16422","","1.1895","A"
"4","Trait5","pKWmEB","NsiI.TP587467","11","   16423","","0.1307","A"
"4","Trait5","pKWmEB","NsiI.TP587515","11","   16424","","0.4319","A"
"4","Trait5","pKWmEB","NsiI.TP587530","11","   16425","","0.5243","C"
"4","Trait5","pKWmEB","NsiI.TP587756","11","   16426","","1.4277","A"
"4","Trait5","pKWmEB","NsiI.TP588036","11","   16427","","0.1552","A"
"4","Trait5","pKWmEB","NsiI.TP588093","11","   16429","","0.0695","A"
"4","Trait5","pKWmEB","NsiI.TP588155","11","   16431","","1.4040","A"
"4","Trait5","pKWmEB","NsiI.TP588293","11","   16434","","0.1796","C"
"4","Trait5","pKWmEB","NsiI.TP588477","11","   16436","","0.1033","C"
"4","Trait5","pKWmEB","NsiI.TP588558","11","   16439","","0.0095","C"
"4","Trait5","pKWmEB","NsiI.TP588850","11","   16441","","0.0631","C"
"4","Trait5","pKWmEB","NsiI.TP588853","11","   16442","","0.2310","C"
"4","Trait5","pKWmEB","NsiI.TP588898","11","   16444","","0.6844","A"
"4","Trait5","pKWmEB","NsiI.TP589200","11","   16448","","0.7050","A"
"4","Trait5","pKWmEB","NsiI.TP589254","11","   16449","","3.4544","A"
"4","Trait5","pKWmEB","NsiI.TP589380","11","   16451","","1.1841","A"
"4","Trait5","pKWmEB","NsiI.TP589453","11","   16452","","0.2238","A"
"4","Trait5","pKWmEB","NsiI.TP589504","11","   16454","","0.3382","A"
"4","Trait5","pKWmEB","NsiI.TP589515","11","   16455","","1.0524","G"
"4","Trait5","pKWmEB","NsiI.TP589600","11","   16457","","0.6958","A"
"4","Trait5","pKWmEB","NsiI.TP589706","11","   16459","","2.0044","C"
"4","Trait5","pKWmEB","NsiI.TP589931","11","   16460","","0.0169","A"
"4","Trait5","pKWmEB","NsiI.TP590310","11","   16463","","1.2060","A"
"4","Trait5","pKWmEB","NsiI.TP590487","11","   16465","","0.2281","C"
"4","Trait5","pKWmEB","NsiI.TP590493","11","   16466","","1.1893","A"
"4","Trait5","pKWmEB","NsiI.TP590511","11","   16467","","0.9822","C"
"4","Trait5","pKWmEB","NsiI.TP590629","11","   16468","","0.2319","A"
"4","Trait5","pKWmEB","NsiI.TP590649","11","   16469","","1.0199","C"
"4","Trait5","pKWmEB","NsiI.TP590667","11","   16470","","0.4711","C"
"4","Trait5","pKWmEB","NsiI.TP590834","11","   16472","","1.1020","A"
"4","Trait5","pKWmEB","NsiI.TP591041","11","   16473","","0.3939","A"
"4","Trait5","pKWmEB","NsiI.TP591513","11","   16474","","0.6421","A"
"4","Trait5","pKWmEB","NsiI.TP591531","11","   16475","","0.1700","A"
"4","Trait5","pKWmEB","NsiI.TP591569","11","   16476","","0.6889","G"
"4","Trait5","pKWmEB","NsiI.TP591705","11","   16477","","0.0132","C"
"4","Trait5","pKWmEB","NsiI.TP591715","11","   16478","","0.2482","G"
"4","Trait5","pKWmEB","NsiI.TP591948","11","   16479","","0.0440","C"
"4","Trait5","pKWmEB","NsiI.TP591999","11","   16480","","0.9960","C"
"4","Trait5","pKWmEB","NsiI.TP592127","11","   16481","","1.8799","G"
"4","Trait5","pKWmEB","NsiI.TP592252","11","   16482","","0.7035","A"
"4","Trait5","pKWmEB","NsiI.TP592384","11","   16483","","0.7696","A"
"4","Trait5","pKWmEB","NsiI.TP592674","11","   16485","","1.2701","C"
"4","Trait5","pKWmEB","NsiI.TP592768","11","   16486","","0.4146","A"
"4","Trait5","pKWmEB","NsiI.TP592770","11","   16487","","0.0983","C"
"4","Trait5","pKWmEB","NsiI.TP592813","11","   16488","","0.2293","A"
"4","Trait5","pKWmEB","NsiI.TP592858","11","   16489","","0.0954","A"
"4","Trait5","pKWmEB","NsiI.TP593024","11","   16491","","0.2596","A"
"4","Trait5","pKWmEB","NsiI.TP593087","11","   16492","","0.4435","C"
"4","Trait5","pKWmEB","NsiI.TP593090","11","   16493","","0.8609","A"
"4","Trait5","pKWmEB","NsiI.TP593169","11","   16495","","0.7666","A"
"4","Trait5","pKWmEB","NsiI.TP593384","11","   16498","","0.1213","A"
"4","Trait5","pKWmEB","NsiI.TP593488","11","   16500","","1.1519","G"
"4","Trait5","pKWmEB","NsiI.TP593646","11","   16501","","0.1503","A"
"4","Trait5","pKWmEB","NsiI.TP593680","11","   16502","","0.2106","C"
"4","Trait5","pKWmEB","NsiI.TP593790","11","   16503","","0.7185","C"
"4","Trait5","pKWmEB","NsiI.TP593806","11","   16504","","0.1570","A"
"4","Trait5","pKWmEB","NsiI.TP593841","11","   16505","","0.7189","C"
"4","Trait5","pKWmEB","NsiI.TP593923","11","   16507","","0.4261","A"
"4","Trait5","pKWmEB","NsiI.TP593990","11","   16509","","0.9492","A"
"4","Trait5","pKWmEB","NsiI.TP594165","11","   16512","","0.0727","A"
"4","Trait5","pKWmEB","NsiI.TP594320","11","   16513","","0.3230","C"
"4","Trait5","pKWmEB","NsiI.TP594384","11","   16514","","0.3981","C"
"4","Trait5","pKWmEB","NsiI.TP594414","11","   16515","","0.8885","A"
"4","Trait5","pKWmEB","NsiI.TP594531","11","   16516","","0.8923","C"
"4","Trait5","pKWmEB","NsiI.TP594561","11","   16517","","0.0579","C"
"4","Trait5","pKWmEB","NsiI.TP594686","11","   16518","","0.0278","A"
"4","Trait5","pKWmEB","NsiI.TP594737","11","   16519","","0.4561","C"
"4","Trait5","pKWmEB","NsiI.TP594811","11","   16521","","0.8342","C"
"4","Trait5","pKWmEB","NsiI.TP594829","11","   16522","","0.5600","C"
"4","Trait5","pKWmEB","NsiI.TP594863","11","   16524","","0.0607","A"
"4","Trait5","pKWmEB","NsiI.TP595006","11","   16525","","0.0573","C"
"4","Trait5","pKWmEB","NsiI.TP595014","11","   16526","","0.7866","A"
"4","Trait5","pKWmEB","NsiI.TP595109","11","   16527","","0.1676","C"
"4","Trait5","pKWmEB","NsiI.TP595384","11","   16529","","1.0291","A"
"4","Trait5","pKWmEB","NsiI.TP595390","11","   16530","","0.0868","A"
"4","Trait5","pKWmEB","NsiI.TP595658","11","   16531","","0.1399","A"
"4","Trait5","pKWmEB","NsiI.TP595750","11","   16532","","0.5160","G"
"4","Trait5","pKWmEB","NsiI.TP595901","11","   16534","","0.0945","C"
"4","Trait5","pKWmEB","NsiI.TP596197","11","   16537","","0.2094","A"
"4","Trait5","pKWmEB","NsiI.TP596267","11","   16539","","1.1713","A"
"4","Trait5","pKWmEB","NsiI.TP596342","11","   16540","","0.2649","C"
"4","Trait5","pKWmEB","NsiI.TP596384","11","   16541","","0.5942","A"
"4","Trait5","pKWmEB","NsiI.TP596396","11","   16542","","0.7749","A"
"4","Trait5","pKWmEB","NsiI.TP596563","11","   16543","","0.4349","C"
"4","Trait5","pKWmEB","NsiI.TP596570","11","   16544","","0.3520","C"
"4","Trait5","pKWmEB","NsiI.TP596667","11","   16545","","0.0026","A"
"4","Trait5","pKWmEB","NsiI.TP596706","11","   16547","","0.8944","A"
"4","Trait5","pKWmEB","NsiI.TP596730","11","   16548","","0.6717","C"
"4","Trait5","pKWmEB","NsiI.TP596740","11","   16549","","0.8926","C"
"4","Trait5","pKWmEB","NsiI.TP596843","11","   16550","","1.2498","A"
"4","Trait5","pKWmEB","NsiI.TP596942","11","   16551","","0.0383","C"
"4","Trait5","pKWmEB","NsiI.TP596953","11","   16552","","0.3724","G"
"4","Trait5","pKWmEB","NsiI.TP596977","11","   16553","","0.1327","A"
"4","Trait5","pKWmEB","NsiI.TP597022","11","   16554","","0.1154","A"
"4","Trait5","pKWmEB","NsiI.TP597108","11","   16555","","0.1746","A"
"4","Trait5","pKWmEB","NsiI.TP597128","11","   16556","","0.6321","C"
"4","Trait5","pKWmEB","NsiI.TP597148","11","   16557","","0.6120","A"
"4","Trait5","pKWmEB","NsiI.TP597883","11","   16559","","1.1587","A"
"4","Trait5","pKWmEB","NsiI.TP597930","11","   16560","","0.2559","A"
"4","Trait5","pKWmEB","NsiI.TP597932","11","   16561","","0.3589","A"
"4","Trait5","pKWmEB","NsiI.TP598190","11","   16562","","0.2758","A"
"4","Trait5","pKWmEB","NsiI.TP598195","11","   16564","","0.0048","A"
"4","Trait5","pKWmEB","NsiI.TP598196","11","   16565","","1.4811","C"
"4","Trait5","pKWmEB","NsiI.TP598360","11","   16566","","0.4934","A"
"4","Trait5","pKWmEB","NsiI.TP600920","11","   16571","","0.0145","A"
"4","Trait5","pKWmEB","NsiI.TP600968","11","   16572","","0.7804","C"
"4","Trait5","pKWmEB","NsiI.TP601016","11","   16573","","0.2542","C"
"4","Trait5","pKWmEB","NsiI.TP601367","11","   16575","","0.0440","C"
"4","Trait5","pKWmEB","NsiI.TP601392","11","   16576","","0.3971","A"
"4","Trait5","pKWmEB","NsiI.TP601395","11","   16577","","0.8435","A"
"4","Trait5","pKWmEB","NsiI.TP601413","11","   16579","","0.3134","A"
"4","Trait5","pKWmEB","NsiI.TP601451","11","   16580","","0.9361","G"
"4","Trait5","pKWmEB","NsiI.TP601527","11","   16581","","0.1146","C"
"4","Trait5","pKWmEB","NsiI.TP601558","11","   16582","","1.9915","C"
"4","Trait5","pKWmEB","NsiI.TP601669","11","   16583","","0.6751","G"
"4","Trait5","pKWmEB","NsiI.TP601760","11","   16584","","0.5374","A"
"4","Trait5","pKWmEB","NsiI.TP601900","11","   16586","","0.3082","A"
"4","Trait5","pKWmEB","NsiI.TP602038","11","   16589","","0.3101","A"
"4","Trait5","pKWmEB","NsiI.TP602124","11","   16590","","0.0787","C"
"4","Trait5","pKWmEB","NsiI.TP602239","11","   16592","","0.4071","C"
"4","Trait5","pKWmEB","NsiI.TP602555","11","   16594","","0.4638","A"
"4","Trait5","pKWmEB","NsiI.TP602795","11","   16596","","0.3058","A"
"4","Trait5","pKWmEB","NsiI.TP603177","11","   16598","","0.3034","A"
"4","Trait5","pKWmEB","NsiI.TP603324","11","   16601","","0.5636","C"
"4","Trait5","pKWmEB","NsiI.TP603331","11","   16602","","0.1663","A"
"4","Trait5","pKWmEB","NsiI.TP603392","11","   16603","","0.4747","C"
"4","Trait5","pKWmEB","NsiI.TP603431","11","   16604","","0.5980","C"
"4","Trait5","pKWmEB","NsiI.TP603605","11","   16605","","0.1466","C"
"4","Trait5","pKWmEB","NsiI.TP603896","11","   16606","","0.3912","C"
"4","Trait5","pKWmEB","NsiI.TP604461","11","   16608","","0.8292","A"
"4","Trait5","pKWmEB","NsiI.TP604674","11","   16609","","0.2475","C"
"4","Trait5","pKWmEB","NsiI.TP604677","11","   16610","","1.6339","C"
"4","Trait5","pKWmEB","NsiI.TP604699","11","   16612","","0.1417","A"
"4","Trait5","pKWmEB","NsiI.TP604818","11","   16613","","0.1909","C"
"4","Trait5","pKWmEB","NsiI.TP604856","11","   16614","","0.9845","C"
"4","Trait5","pKWmEB","NsiI.TP604867","11","   16615","","1.0261","C"
"4","Trait5","pKWmEB","NsiI.TP604879","11","   16616","","0.4646","A"
"4","Trait5","pKWmEB","NsiI.TP606622","11","   16617","","0.0050","C"
"4","Trait5","pKWmEB","NsiI.TP607129","11","   16619","","0.0477","C"
"4","Trait5","pKWmEB","NsiI.TP607236","11","   16621","","0.4318","A"
"4","Trait5","pKWmEB","NsiI.TP607301","11","   16622","","0.3759","C"
"4","Trait5","pKWmEB","NsiI.TP607388","11","   16623","","0.0381","C"
"4","Trait5","pKWmEB","NsiI.TP607501","11","   16624","","0.0464","C"
"4","Trait5","pKWmEB","NsiI.TP607518","11","   16625","","0.2720","A"
"4","Trait5","pKWmEB","NsiI.TP607584","11","   16627","","0.1979","A"
"4","Trait5","pKWmEB","NsiI.TP607652","11","   16628","","0.1106","A"
"4","Trait5","pKWmEB","NsiI.TP607896","11","   16630","","0.0801","C"
"4","Trait5","pKWmEB","NsiI.TP607913","11","   16631","","0.0871","A"
"4","Trait5","pKWmEB","NsiI.TP607946","11","   16632","","0.8446","A"
"4","Trait5","pKWmEB","NsiI.TP607962","11","   16633","","0.0159","C"
"4","Trait5","pKWmEB","NsiI.TP608096","11","   16635","","0.0226","C"
"4","Trait5","pKWmEB","NsiI.TP608141","11","   16636","","0.2956","A"
"4","Trait5","pKWmEB","NsiI.TP608142","11","   16637","","1.2229","C"
"4","Trait5","pKWmEB","NsiI.TP608212","11","   16638","","0.2596","A"
"4","Trait5","pKWmEB","NsiI.TP608296","11","   16639","","0.3750","C"
"4","Trait5","pKWmEB","NsiI.TP608905","11","   16642","","0.5974","C"
"4","Trait5","pKWmEB","NsiI.TP608909","11","   16643","","0.2471","C"
"4","Trait5","pKWmEB","NsiI.TP608990","11","   16644","","0.2730","A"
"4","Trait5","pKWmEB","NsiI.TP609177","11","   16646","","0.0204","A"
"4","Trait5","pKWmEB","NsiI.TP609205","11","   16649","","0.0370","A"
"4","Trait5","pKWmEB","NsiI.TP609371","11","   16650","","0.2215","C"
"4","Trait5","pKWmEB","NsiI.TP609460","11","   16651","","1.0311","A"
"4","Trait5","pKWmEB","NsiI.TP609518","11","   16652","","0.9167","G"
"4","Trait5","pKWmEB","NsiI.TP609527","11","   16653","","0.1878","A"
"4","Trait5","pKWmEB","NsiI.TP609545","11","   16654","","0.0182","C"
"4","Trait5","pKWmEB","NsiI.TP609571","11","   16656","","1.5305","C"
"4","Trait5","pKWmEB","NsiI.TP609614","11","   16658","","0.9178","A"
"4","Trait5","pKWmEB","NsiI.TP609765","11","   16661","","0.2582","G"
"4","Trait5","pKWmEB","NsiI.TP609786","11","   16662","","0.4125","C"
"4","Trait5","pKWmEB","NsiI.TP610250","11","   16665","","0.9146","C"
"4","Trait5","pKWmEB","NsiI.TP610773","11","   16669","","0.2652","A"
"4","Trait5","pKWmEB","NsiI.TP610781","11","   16670","","0.1683","A"
"4","Trait5","pKWmEB","NsiI.TP610792","11","   16671","","0.6651","A"
"4","Trait5","pKWmEB","NsiI.TP610850","11","   16672","","0.5227","C"
"4","Trait5","pKWmEB","NsiI.TP610903","11","   16674","","0.2852","C"
"4","Trait5","pKWmEB","NsiI.TP610931","11","   16675","","0.4054","A"
"4","Trait5","pKWmEB","NsiI.TP610964","11","   16676","","0.7116","C"
"4","Trait5","pKWmEB","NsiI.TP610976","11","   16677","","0.1112","A"
"4","Trait5","pKWmEB","NsiI.TP611071","11","   16678","","2.1254","C"
"4","Trait5","pKWmEB","NsiI.TP611072","11","   16679","","0.1301","A"
"4","Trait5","pKWmEB","NsiI.TP611104","11","   16680","","0.0121","C"
"4","Trait5","pKWmEB","NsiI.TP611113","11","   16681","","0.5531","A"
"4","Trait5","pKWmEB","NsiI.TP611124","11","   16682","","0.3395","C"
"4","Trait5","pKWmEB","NsiI.TP611127","11","   16683","","0.1011","A"
"4","Trait5","pKWmEB","NsiI.TP611135","11","   16684","","0.0011","C"
"4","Trait5","pKWmEB","NsiI.TP611205","11","   16686","","0.7780","A"
"4","Trait5","pKWmEB","NsiI.TP611218","11","   16687","","0.0338","G"
"4","Trait5","pKWmEB","NsiI.TP611274","11","   16688","","0.8551","C"
"4","Trait5","pKWmEB","NsiI.TP611360","11","   16689","","0.3795","A"
"4","Trait5","pKWmEB","NsiI.TP611579","11","   16691","","0.2769","C"
"4","Trait5","pKWmEB","NsiI.TP611679","11","   16692","","0.1546","A"
"4","Trait5","pKWmEB","NsiI.TP611723","11","   16693","","1.0100","A"
"4","Trait5","pKWmEB","NsiI.TP611766","11","   16695","","0.0975","C"
"4","Trait5","pKWmEB","NsiI.TP611846","11","   16697","","0.6393","C"
"4","Trait5","pKWmEB","NsiI.TP611938","11","   16698","","0.1411","G"
"4","Trait5","pKWmEB","NsiI.TP611990","11","   16699","","0.0922","C"
"4","Trait5","pKWmEB","NsiI.TP612538","11","   16700","","0.2307","A"
"4","Trait5","pKWmEB","NsiI.TP612544","11","   16701","","0.2929","A"
"4","Trait5","pKWmEB","NsiI.TP613067","11","   16703","","0.8600","A"
"4","Trait5","pKWmEB","NsiI.TP613613","11","   16704","","0.1700","A"
"4","Trait5","pKWmEB","NsiI.TP613708","11","   16706","","0.0255","A"
"4","Trait5","pKWmEB","NsiI.TP615056","11","   16710","","0.1008","A"
"4","Trait5","pKWmEB","NsiI.TP615077","11","   16711","","0.0056","C"
"4","Trait5","pKWmEB","NsiI.TP615209","11","   16712","","0.9016","A"
"4","Trait5","pKWmEB","NsiI.TP615287","11","   16713","","0.1351","A"
"4","Trait5","pKWmEB","NsiI.TP615471","11","   16714","","0.7097","C"
"4","Trait5","pKWmEB","NsiI.TP615473","11","   16715","","1.0366","C"
"4","Trait5","pKWmEB","NsiI.TP615582","11","   16716","","1.6453","A"
"4","Trait5","pKWmEB","NsiI.TP615728","11","   16717","","0.3487","A"
"4","Trait5","pKWmEB","NsiI.TP615800","11","   16718","","1.0186","C"
"4","Trait5","pKWmEB","NsiI.TP615914","11","   16719","","0.3486","C"
"4","Trait5","pKWmEB","NsiI.TP615964","11","   16720","","0.2868","C"
"4","Trait5","pKWmEB","NsiI.TP615967","11","   16721","","0.3551","C"
"4","Trait5","pKWmEB","NsiI.TP616142","11","   16722","","0.1148","A"
"4","Trait5","pKWmEB","NsiI.TP616246","11","   16724","","0.7499","A"
"4","Trait5","pKWmEB","NsiI.TP616283","11","   16725","","0.4194","C"
"4","Trait5","pKWmEB","NsiI.TP616299","11","   16726","","0.2947","A"
"4","Trait5","pKWmEB","NsiI.TP616403","11","   16728","","0.3052","A"
"4","Trait5","pKWmEB","NsiI.TP616493","11","   16729","","0.5380","A"
"4","Trait5","pKWmEB","NsiI.TP616532","11","   16731","","0.0429","C"
"4","Trait5","pKWmEB","NsiI.TP616540","11","   16732","","0.0203","A"
"4","Trait5","pKWmEB","NsiI.TP616969","11","   16736","","0.6222","C"
"4","Trait5","pKWmEB","NsiI.TP617041","11","   16737","","0.1968","C"
"4","Trait5","pKWmEB","NsiI.TP617054","11","   16738","","0.1247","C"
"4","Trait5","pKWmEB","NsiI.TP617179","11","   16740","","0.1992","A"
"4","Trait5","pKWmEB","NsiI.TP617340","11","   16741","","0.6700","A"
"4","Trait5","pKWmEB","NsiI.TP617432","11","   16742","","0.3699","G"
"4","Trait5","pKWmEB","NsiI.TP617560","11","   16745","","0.8324","A"
"4","Trait5","pKWmEB","NsiI.TP617608","11","   16746","","1.0341","G"
"4","Trait5","pKWmEB","NsiI.TP617738","11","   16748","","0.6005","A"
"4","Trait5","pKWmEB","NsiI.TP617855","11","   16750","","1.0943","C"
"4","Trait5","pKWmEB","NsiI.TP617948","11","   16752","","0.4660","A"
"4","Trait5","pKWmEB","NsiI.TP618002","11","   16754","","0.1883","A"
"4","Trait5","pKWmEB","NsiI.TP618047","11","   16755","","0.5639","G"
"4","Trait5","pKWmEB","NsiI.TP618096","11","   16756","","0.9062","A"
"4","Trait5","pKWmEB","NsiI.TP618185","11","   16758","","0.9452","A"
"4","Trait5","pKWmEB","NsiI.TP618265","11","   16759","","1.2829","C"
"4","Trait5","pKWmEB","NsiI.TP618276","11","   16760","","0.7000","C"
"4","Trait5","pKWmEB","NsiI.TP618554","11","   16763","","1.2508","A"
"4","Trait5","pKWmEB","NsiI.TP618658","11","   16764","","0.0049","A"
"4","Trait5","pKWmEB","NsiI.TP618714","11","   16765","","1.9745","G"
"4","Trait5","pKWmEB","NsiI.TP618816","11","   16766","","0.9952","A"
"4","Trait5","pKWmEB","NsiI.TP618870","11","   16767","","0.1580","C"
"4","Trait5","pKWmEB","NsiI.TP619083","11","   16769","","0.1414","G"
"4","Trait5","pKWmEB","NsiI.TP619165","11","   16771","","0.2072","C"
"4","Trait5","pKWmEB","NsiI.TP619167","11","   16772","","0.3654","A"
"4","Trait5","pKWmEB","NsiI.TP619675","11","   16774","","1.3843","C"
"4","Trait5","pKWmEB","NsiI.TP619767","11","   16775","","0.3808","G"
"4","Trait5","pKWmEB","NsiI.TP619800","11","   16776","","0.5359","C"
"4","Trait5","pKWmEB","NsiI.TP619807","11","   16777","","0.1484","C"
"4","Trait5","pKWmEB","NsiI.TP619851","11","   16778","","1.2329","A"
"4","Trait5","pKWmEB","NsiI.TP619878","11","   16780","","0.0841","A"
"4","Trait5","pKWmEB","NsiI.TP619989","11","   16781","","0.3949","C"
"4","Trait5","pKWmEB","NsiI.TP620047","11","   16782","","0.1263","A"
"4","Trait5","pKWmEB","NsiI.TP620138","11","   16783","","0.8815","A"
"4","Trait5","pKWmEB","NsiI.TP620139","11","   16784","","0.2128","C"
"4","Trait5","pKWmEB","NsiI.TP620141","11","   16785","","1.0537","C"
"4","Trait5","pKWmEB","NsiI.TP620182","11","   16786","","0.0939","G"
"4","Trait5","pKWmEB","NsiI.TP620337","11","   16789","","0.1837","C"
"4","Trait5","pKWmEB","NsiI.TP620448","11","   16791","","1.0805","C"
"4","Trait5","pKWmEB","NsiI.TP620450","11","   16792","","0.0117","G"
"4","Trait5","pKWmEB","NsiI.TP620545","11","   16793","","1.3706","A"
"4","Trait5","pKWmEB","NsiI.TP620558","11","   16794","","0.2358","C"
"4","Trait5","pKWmEB","NsiI.TP620599","11","   16795","","0.0017","C"
"4","Trait5","pKWmEB","NsiI.TP620600","11","   16796","","0.2525","C"
"4","Trait5","pKWmEB","NsiI.TP620671","11","   16798","","1.5669","A"
"4","Trait5","pKWmEB","NsiI.TP620723","11","   16799","","0.2566","C"
"4","Trait5","pKWmEB","NsiI.TP620901","11","   16801","","0.3988","A"
"4","Trait5","pKWmEB","NsiI.TP620940","11","   16802","","0.2224","A"
"4","Trait5","pKWmEB","NsiI.TP621015","11","   16805","","0.4703","C"
"4","Trait5","pKWmEB","NsiI.TP621156","11","   16806","","0.8413","C"
"4","Trait5","pKWmEB","NsiI.TP621177","11","   16807","","0.5483","A"
"4","Trait5","pKWmEB","NsiI.TP621289","11","   16808","","0.9448","A"
"4","Trait5","pKWmEB","NsiI.TP621298","11","   16809","","1.9892","C"
"4","Trait5","pKWmEB","NsiI.TP621335","11","   16810","","0.1844","A"
"4","Trait5","pKWmEB","NsiI.TP621494","11","   16811","","0.1711","C"
"4","Trait5","pKWmEB","NsiI.TP621499","11","   16812","","0.5441","A"
"4","Trait5","pKWmEB","NsiI.TP621727","11","   16816","","0.1800","A"
"4","Trait5","pKWmEB","NsiI.TP621756","11","   16817","","0.5973","G"
"4","Trait5","pKWmEB","NsiI.TP621807","11","   16818","","0.0894","C"
"4","Trait5","pKWmEB","NsiI.TP621861","11","   16819","","0.3009","A"
"4","Trait5","pKWmEB","NsiI.TP621865","11","   16820","","0.0292","C"
"4","Trait5","pKWmEB","NsiI.TP621883","11","   16821","","0.0231","C"
"4","Trait5","pKWmEB","NsiI.TP622197","11","   16824","","0.1238","C"
"4","Trait5","pKWmEB","NsiI.TP622210","11","   16825","","0.1334","A"
"4","Trait5","pKWmEB","NsiI.TP622223","11","   16826","","0.1014","C"
"4","Trait5","pKWmEB","NsiI.TP622294","11","   16827","","0.2268","C"
"4","Trait5","pKWmEB","NsiI.TP622327","11","   16828","","0.0498","C"
"4","Trait5","pKWmEB","NsiI.TP622363","11","   16830","","0.6477","C"
"4","Trait5","pKWmEB","NsiI.TP622377","11","   16831","","0.4953","C"
"4","Trait5","pKWmEB","NsiI.TP622441","11","   16832","","1.1149","A"
"4","Trait5","pKWmEB","NsiI.TP622504","11","   16835","","0.4707","C"
"4","Trait5","pKWmEB","NsiI.TP622507","11","   16837","","0.0927","A"
"4","Trait5","pKWmEB","NsiI.TP622513","11","   16838","","0.7489","A"
"4","Trait5","pKWmEB","NsiI.TP622532","11","   16839","","0.2782","C"
"4","Trait5","pKWmEB","NsiI.TP622649","11","   16840","","0.1119","C"
"4","Trait5","pKWmEB","NsiI.TP622680","11","   16841","","0.2293","C"
"4","Trait5","pKWmEB","NsiI.TP622818","11","   16842","","0.3823","A"
"4","Trait5","pKWmEB","NsiI.TP622964","11","   16843","","0.5741","C"
"4","Trait5","pKWmEB","NsiI.TP622970","11","   16844","","0.2546","A"
"4","Trait5","pKWmEB","NsiI.TP623050","11","   16846","","0.4638","C"
"4","Trait5","pKWmEB","NsiI.TP623086","11","   16847","","1.0672","A"
"4","Trait5","pKWmEB","NsiI.TP623198","11","   16849","","0.3141","C"
"4","Trait5","pKWmEB","NsiI.TP623361","11","   16851","","0.7331","A"
"4","Trait5","pKWmEB","NsiI.TP623388","11","   16852","","1.2235","A"
"4","Trait5","pKWmEB","NsiI.TP623450","11","   16855","","1.2789","C"
"4","Trait5","pKWmEB","NsiI.TP623618","11","   16856","","0.1157","A"
"4","Trait5","pKWmEB","NsiI.TP623743","11","   16857","","0.5997","C"
"4","Trait5","pKWmEB","NsiI.TP623979","11","   16859","","0.2314","A"
"4","Trait5","pKWmEB","NsiI.TP624085","11","   16861","","0.2737","C"
"4","Trait5","pKWmEB","NsiI.TP624247","11","   16862","","0.9037","A"
"4","Trait5","pKWmEB","NsiI.TP624292","11","   16863","","0.0296","A"
"4","Trait5","pKWmEB","NsiI.TP624322","11","   16864","","0.0835","G"
"4","Trait5","pKWmEB","NsiI.TP624417","11","   16865","","0.3240","A"
"4","Trait5","pKWmEB","NsiI.TP624482","11","   16866","","0.5748","A"
"4","Trait5","pKWmEB","NsiI.TP624483","11","   16867","","0.0806","C"
"4","Trait5","pKWmEB","NsiI.TP624695","11","   16869","","0.0470","G"
"4","Trait5","pKWmEB","NsiI.TP624734","11","   16871","","0.2221","C"
"4","Trait5","pKWmEB","NsiI.TP625104","11","   16876","","0.9691","C"
"4","Trait5","pKWmEB","NsiI.TP625137","11","   16877","","0.4490","G"
"4","Trait5","pKWmEB","NsiI.TP625145","11","   16878","","0.0918","C"
"4","Trait5","pKWmEB","NsiI.TP625214","11","   16880","","0.7890","C"
"4","Trait5","pKWmEB","NsiI.TP625373","11","   16881","","0.9682","C"
"4","Trait5","pKWmEB","NsiI.TP625381","11","   16882","","0.3465","C"
"4","Trait5","pKWmEB","NsiI.TP625624","11","   16883","","0.0099","G"
"4","Trait5","pKWmEB","NsiI.TP625723","11","   16884","","1.0405","C"
"4","Trait5","pKWmEB","NsiI.TP625743","11","   16885","","0.0353","C"
"4","Trait5","pKWmEB","NsiI.TP625795","11","   16887","","0.0897","G"
"4","Trait5","pKWmEB","NsiI.TP625900","11","   16888","","0.1334","C"
"4","Trait5","pKWmEB","NsiI.TP626163","11","   16889","","0.1935","A"
"4","Trait5","pKWmEB","NsiI.TP626522","11","   16890","","1.3688","G"
"4","Trait5","pKWmEB","NsiI.TP626524","11","   16891","","0.1484","A"
"4","Trait5","pKWmEB","NsiI.TP626704","11","   16894","","0.3112","C"
"4","Trait5","pKWmEB","NsiI.TP626842","11","   16895","","0.0984","C"
"4","Trait5","pKWmEB","NsiI.TP626894","11","   16896","","0.0120","A"
"4","Trait5","pKWmEB","NsiI.TP626924","11","   16898","","0.0592","A"
"4","Trait5","pKWmEB","NsiI.TP626945","11","   16899","","0.5117","G"
"4","Trait5","pKWmEB","NsiI.TP627014","11","   16901","","0.4980","C"
"4","Trait5","pKWmEB","NsiI.TP627071","11","   16902","","0.2032","C"
"4","Trait5","pKWmEB","NsiI.TP627159","11","   16903","","0.6929","C"
"4","Trait5","pKWmEB","NsiI.TP627181","11","   16905","","0.1025","C"
"4","Trait5","pKWmEB","NsiI.TP627349","11","   16906","","0.1597","C"
"4","Trait5","pKWmEB","NsiI.TP627509","11","   16908","","0.5698","A"
"4","Trait5","pKWmEB","NsiI.TP627519","11","   16909","","0.0383","G"
"4","Trait5","pKWmEB","NsiI.TP627527","11","   16910","","1.1955","C"
"4","Trait5","pKWmEB","NsiI.TP627577","11","   16912","","0.0069","C"
"4","Trait5","pKWmEB","NsiI.TP627855","11","   16914","","1.4641","A"
"4","Trait5","pKWmEB","NsiI.TP627893","11","   16915","","0.1424","A"
"4","Trait5","pKWmEB","NsiI.TP627935","11","   16916","","0.3148","C"
"4","Trait5","pKWmEB","NsiI.TP628025","11","   16917","","0.1722","A"
"4","Trait5","pKWmEB","NsiI.TP628103","11","   16918","","0.1088","C"
"4","Trait5","pKWmEB","NsiI.TP628269","11","   16919","","0.0329","C"
"4","Trait5","pKWmEB","NsiI.TP628518","11","   16921","","0.3279","C"
"4","Trait5","pKWmEB","NsiI.TP628562","11","   16922","","1.5950","C"
"4","Trait5","pKWmEB","NsiI.TP628570","11","   16923","","0.5176","A"
"4","Trait5","pKWmEB","NsiI.TP628599","11","   16924","","0.9664","A"
"4","Trait5","pKWmEB","NsiI.TP628612","11","   16925","","0.1290","C"
"4","Trait5","pKWmEB","NsiI.TP628682","11","   16926","","0.0144","A"
"4","Trait5","pKWmEB","NsiI.TP628722","11","   16928","","0.1296","G"
"4","Trait5","pKWmEB","NsiI.TP628801","11","   16929","","0.2010","C"
"4","Trait5","pKWmEB","NsiI.TP628802","11","   16930","","0.1646","C"
"4","Trait5","pKWmEB","NsiI.TP628916","11","   16932","","0.1709","A"
"4","Trait5","pKWmEB","NsiI.TP628924","11","   16933","","0.1500","A"
"4","Trait5","pKWmEB","NsiI.TP629018","11","   16934","","0.0380","G"
"4","Trait5","pKWmEB","NsiI.TP629207","11","   16935","","0.3609","C"
"4","Trait5","pKWmEB","NsiI.TP629372","11","   16938","","0.9682","C"
"4","Trait5","pKWmEB","NsiI.TP629640","11","   16939","","0.1296","C"
"4","Trait5","pKWmEB","NsiI.TP630035","11","   16943","","0.2669","C"
"4","Trait5","pKWmEB","NsiI.TP630101","11","   16945","","0.0032","A"
"4","Trait5","pKWmEB","NsiI.TP630228","11","   16946","","0.9181","G"
"4","Trait5","pKWmEB","NsiI.TP630333","11","   16949","","0.6249","A"
"4","Trait5","pKWmEB","NsiI.TP630542","11","   16952","","0.0489","A"
"4","Trait5","pKWmEB","NsiI.TP630637","11","   16953","","1.7448","C"
"4","Trait5","pKWmEB","NsiI.TP630660","11","   16954","","0.5828","A"
"4","Trait5","pKWmEB","NsiI.TP630711","11","   16955","","0.1780","A"
"4","Trait5","pKWmEB","NsiI.TP630782","11","   16957","","0.1527","A"
"4","Trait5","pKWmEB","NsiI.TP631012","11","   16959","","0.2032","C"
"4","Trait5","pKWmEB","NsiI.TP631106","11","   16960","","0.4399","A"
"4","Trait5","pKWmEB","NsiI.TP631116","11","   16961","","0.6729","G"
"4","Trait5","pKWmEB","NsiI.TP631170","11","   16963","","0.6491","A"
"4","Trait5","pKWmEB","NsiI.TP631361","11","   16965","","0.3379","C"
"4","Trait5","pKWmEB","NsiI.TP631391","11","   16966","","0.5891","C"
"4","Trait5","pKWmEB","NsiI.TP631402","11","   16967","","0.1683","C"
"4","Trait5","pKWmEB","NsiI.TP631576","11","   16969","","0.0278","A"
"4","Trait5","pKWmEB","NsiI.TP631761","11","   16970","","1.2540","A"
"4","Trait5","pKWmEB","NsiI.TP631875","11","   16972","","0.1770","A"
"4","Trait5","pKWmEB","NsiI.TP631881","11","   16973","","0.1798","C"
"4","Trait5","pKWmEB","NsiI.TP631905","11","   16974","","0.9989","A"
"4","Trait5","pKWmEB","NsiI.TP631918","11","   16975","","0.0099","C"
"4","Trait5","pKWmEB","NsiI.TP631937","11","   16976","","0.0825","C"
"4","Trait5","pKWmEB","NsiI.TP631975","11","   16977","","0.3332","A"
"4","Trait5","pKWmEB","NsiI.TP631981","11","   16978","","0.1774","A"
"4","Trait5","pKWmEB","NsiI.TP631987","11","   16979","","0.0796","C"
"4","Trait5","pKWmEB","NsiI.TP632032","11","   16980","","0.6331","C"
"4","Trait5","pKWmEB","NsiI.TP632088","11","   16982","","0.2115","A"
"4","Trait5","pKWmEB","NsiI.TP632118","11","   16984","","1.1045","C"
"4","Trait5","pKWmEB","NsiI.TP632170","11","   16985","","0.0319","C"
"4","Trait5","pKWmEB","NsiI.TP632320","11","   16986","","0.0431","C"
"4","Trait5","pKWmEB","NsiI.TP632492","11","   16988","","0.7446","C"
"4","Trait5","pKWmEB","NsiI.TP632540","11","   16989","","0.6026","G"
"4","Trait5","pKWmEB","NsiI.TP632698","11","   16992","","1.2867","G"
"4","Trait5","pKWmEB","NsiI.TP632700","11","   16993","","0.1975","G"
"4","Trait5","pKWmEB","NsiI.TP632743","11","   16994","","0.2813","C"
"4","Trait5","pKWmEB","NsiI.TP632756","11","   16995","","1.0099","A"
"4","Trait5","pKWmEB","NsiI.TP632953","11","   16997","","0.2068","C"
"4","Trait5","pKWmEB","NsiI.TP632968","11","   16998","","1.2251","G"
"4","Trait5","pKWmEB","NsiI.TP633048","11","   16999","","0.3694","C"
"4","Trait5","pKWmEB","NsiI.TP633064","11","   17000","","0.2166","A"
"4","Trait5","pKWmEB","NsiI.TP633149","11","   17001","","0.3084","A"
"4","Trait5","pKWmEB","NsiI.TP633470","11","   17004","","0.8207","A"
"4","Trait5","pKWmEB","NsiI.TP634014","11","   17006","","0.0303","C"
"4","Trait5","pKWmEB","NsiI.TP634032","11","   17007","","1.5828","A"
"4","Trait5","pKWmEB","NsiI.TP634100","11","   17008","","0.5393","A"
"4","Trait5","pKWmEB","NsiI.TP634106","11","   17009","","0.0923","A"
"4","Trait5","pKWmEB","NsiI.TP634156","11","   17010","","0.6485","A"
"4","Trait5","pKWmEB","NsiI.TP634322","11","   17012","","0.1807","A"
"4","Trait5","pKWmEB","NsiI.TP634377","11","   17014","","0.0192","A"
"4","Trait5","pKWmEB","NsiI.TP634454","11","   17015","","0.7728","A"
"4","Trait5","pKWmEB","NsiI.TP634475","11","   17016","","0.1527","C"
"4","Trait5","pKWmEB","NsiI.TP634496","11","   17018","","1.6965","C"
"4","Trait5","pKWmEB","NsiI.TP634662","11","   17019","","0.0394","A"
"4","Trait5","pKWmEB","NsiI.TP634712","11","   17020","","0.8831","A"
"4","Trait5","pKWmEB","NsiI.TP634730","11","   17022","","0.4760","A"
"4","Trait5","pKWmEB","NsiI.TP634817","11","   17023","","0.7898","A"
"4","Trait5","pKWmEB","NsiI.TP634919","11","   17024","","1.0500","C"
"4","Trait5","pKWmEB","NsiI.TP634956","11","   17025","","0.0223","C"
"4","Trait5","pKWmEB","NsiI.TP634969","11","   17026","","0.2155","C"
"4","Trait5","pKWmEB","NsiI.TP635090","11","   17028","","0.3028","A"
"4","Trait5","pKWmEB","NsiI.TP635451","11","   17030","","0.8709","A"
"4","Trait5","pKWmEB","NsiI.TP635629","11","   17033","","0.5704","C"
"4","Trait5","pKWmEB","NsiI.TP635660","11","   17034","","0.4718","C"
"4","Trait5","pKWmEB","NsiI.TP635670","11","   17035","","0.0241","C"
"4","Trait5","pKWmEB","NsiI.TP635869","11","   17037","","0.6377","C"
"4","Trait5","pKWmEB","NsiI.TP635963","11","   17038","","0.5147","A"
"4","Trait5","pKWmEB","NsiI.TP636045","11","   17041","","0.4772","C"
"4","Trait5","pKWmEB","NsiI.TP636055","11","   17042","","0.3701","C"
"4","Trait5","pKWmEB","NsiI.TP636178","11","   17044","","0.0941","C"
"4","Trait5","pKWmEB","NsiI.TP636190","11","   17045","","1.0957","A"
"4","Trait5","pKWmEB","NsiI.TP636318","11","   17046","","0.1211","A"
"4","Trait5","pKWmEB","NsiI.TP636326","11","   17047","","0.9266","A"
"4","Trait5","pKWmEB","NsiI.TP636784","11","   17049","","0.2583","A"
"4","Trait5","pKWmEB","NsiI.TP636855","11","   17050","","0.6200","A"
"4","Trait5","pKWmEB","NsiI.TP637038","11","   17051","","0.1784","C"
"4","Trait5","pKWmEB","NsiI.TP637054","11","   17052","","0.5036","G"
"4","Trait5","pKWmEB","NsiI.TP637222","11","   17053","","0.0233","A"
"4","Trait5","pKWmEB","NsiI.TP637403","11","   17055","","0.8184","A"
"4","Trait5","pKWmEB","NsiI.TP637453","11","   17056","","0.0976","G"
"4","Trait5","pKWmEB","NsiI.TP639645","11","   17057","","0.0132","C"
"4","Trait5","pKWmEB","NsiI.TP640567","11","   17059","","0.1709","A"
"4","Trait5","pKWmEB","NsiI.TP640662","11","   17060","","0.1163","C"
"4","Trait5","pKWmEB","NsiI.TP640677","11","   17061","","0.2614","C"
"4","Trait5","pKWmEB","NsiI.TP640805","11","   17063","","0.6564","G"
"4","Trait5","pKWmEB","NsiI.TP640870","11","   17065","","0.7969","C"
"4","Trait5","pKWmEB","NsiI.TP640930","11","   17066","","0.2982","G"
"4","Trait5","pKWmEB","NsiI.TP640987","11","   17068","","1.2537","C"
"4","Trait5","pKWmEB","NsiI.TP641031","11","   17069","","0.2379","C"
"4","Trait5","pKWmEB","NsiI.TP641152","11","   17071","","0.0578","C"
"4","Trait5","pKWmEB","NsiI.TP641194","11","   17072","","1.5483","C"
"4","Trait5","pKWmEB","NsiI.TP641323","11","   17074","","0.5784","G"
"4","Trait5","pKWmEB","NsiI.TP641448","11","   17075","","0.2356","A"
"4","Trait5","pKWmEB","NsiI.TP641473","11","   17077","","0.8859","A"
"4","Trait5","pKWmEB","NsiI.TP641607","11","   17079","","0.7247","A"
"4","Trait5","pKWmEB","NsiI.TP641728","11","   17081","","0.9297","C"
"4","Trait5","pKWmEB","NsiI.TP641838","11","   17083","","0.5488","A"
"4","Trait5","pKWmEB","NsiI.TP641996","11","   17085","","0.6514","C"
"4","Trait5","pKWmEB","NsiI.TP642004","11","   17086","","1.0869","A"
"4","Trait5","pKWmEB","NsiI.TP642221","11","   17088","","0.5437","A"
"4","Trait5","pKWmEB","NsiI.TP642319","11","   17089","","0.2449","A"
"4","Trait5","pKWmEB","NsiI.TP642546","11","   17090","","0.0270","A"
"4","Trait5","pKWmEB","NsiI.TP642616","11","   17091","","0.5226","C"
"4","Trait5","pKWmEB","NsiI.TP642644","11","   17092","","1.2652","C"
"4","Trait5","pKWmEB","NsiI.TP642770","11","   17095","","0.2268","A"
"4","Trait5","pKWmEB","NsiI.TP642810","11","   17098","","0.3943","A"
"4","Trait5","pKWmEB","NsiI.TP643018","11","   17099","","0.1772","C"
"4","Trait5","pKWmEB","NsiI.TP643179","11","   17101","","0.5725","A"
"4","Trait5","pKWmEB","NsiI.TP643620","11","   17103","","0.0429","G"
"4","Trait5","pKWmEB","NsiI.TP643872","11","   17105","","0.2099","C"
"4","Trait5","pKWmEB","NsiI.TP643908","11","   17106","","0.4328","A"
"4","Trait5","pKWmEB","NsiI.TP643912","11","   17107","","0.6946","C"
"4","Trait5","pKWmEB","NsiI.TP644167","11","   17110","","0.4518","A"
"4","Trait5","pKWmEB","NsiI.TP644175","11","   17112","","0.1113","C"
"4","Trait5","pKWmEB","NsiI.TP644191","11","   17113","","0.2888","C"
"4","Trait5","pKWmEB","NsiI.TP644969","11","   17114","","0.0549","A"
"4","Trait5","pKWmEB","NsiI.TP645050","11","   17115","","0.9747","A"
"4","Trait5","pKWmEB","NsiI.TP645171","11","   17117","","0.2550","C"
"4","Trait5","pKWmEB","NsiI.TP645357","11","   17118","","0.3760","A"
"4","Trait5","pKWmEB","NsiI.TP645455","11","   17119","","0.4179","A"
"4","Trait5","pKWmEB","NsiI.TP645458","11","   17120","","0.3255","A"
"4","Trait5","pKWmEB","NsiI.TP645704","11","   17122","","0.3763","C"
"4","Trait5","pKWmEB","NsiI.TP646101","11","   17125","","0.0734","C"
"4","Trait5","pKWmEB","NsiI.TP646130","11","   17128","","1.2267","A"
"4","Trait5","pKWmEB","NsiI.TP646191","11","   17131","","0.1376","A"
"4","Trait5","pKWmEB","NsiI.TP646295","11","   17132","","0.1401","A"
"4","Trait5","pKWmEB","NsiI.TP646369","11","   17134","","0.9049","G"
"4","Trait5","pKWmEB","NsiI.TP646430","11","   17135","","0.0368","C"
"4","Trait5","pKWmEB","NsiI.TP646503","11","   17137","","0.3460","A"
"4","Trait5","pKWmEB","NsiI.TP646535","11","   17138","","0.1800","A"
"4","Trait5","pKWmEB","NsiI.TP646621","11","   17139","","0.3027","C"
"4","Trait5","pKWmEB","NsiI.TP646676","11","   17140","","0.1385","C"
"4","Trait5","pKWmEB","NsiI.TP647190","11","   17142","","0.0913","C"
"4","Trait5","pKWmEB","NsiI.TP647644","11","   17145","","0.7181","G"
"4","Trait5","pKWmEB","NsiI.TP647651","11","   17146","","1.3044","C"
"4","Trait5","pKWmEB","NsiI.TP647685","11","   17147","","0.0734","C"
"4","Trait5","pKWmEB","NsiI.TP648278","11","   17149","","0.1693","A"
"4","Trait5","pKWmEB","NsiI.TP649767","11","   17153","","0.2284","A"
"4","Trait5","pKWmEB","NsiI.TP650064","11","   17156","","1.3908","C"
"4","Trait5","pKWmEB","NsiI.TP650391","11","   17159","","0.3223","C"
"4","Trait5","pKWmEB","NsiI.TP651511","11","   17163","","0.3711","A"
"4","Trait5","pKWmEB","NsiI.TP651645","11","   17164","","0.6005","C"
"4","Trait5","pKWmEB","NsiI.TP651674","11","   17165","","0.1118","A"
"4","Trait5","pKWmEB","NsiI.TP651757","11","   17166","","1.9210","C"
"4","Trait5","pKWmEB","NsiI.TP651970","11","   17167","","0.4488","G"
"4","Trait5","pKWmEB","NsiI.TP652142","11","   17168","","0.2283","G"
"4","Trait5","pKWmEB","NsiI.TP652578","11","   17171","","0.2440","A"
"4","Trait5","pKWmEB","NsiI.TP652580","11","   17172","","0.1116","C"
"4","Trait5","pKWmEB","NsiI.TP652633","11","   17173","","0.2046","A"
"4","Trait5","pKWmEB","NsiI.TP652861","11","   17176","","0.3580","A"
"4","Trait5","pKWmEB","NsiI.TP653594","11","   17178","","2.3084","A"
"4","Trait5","pKWmEB","NsiI.TP653663","11","   17179","","0.2152","C"
"4","Trait5","pKWmEB","NsiI.TP653703","11","   17180","","0.9254","C"
"4","Trait5","pKWmEB","NsiI.TP653721","11","   17181","","0.1625","A"
"4","Trait5","pKWmEB","NsiI.TP653782","11","   17182","","0.6845","G"
"4","Trait5","pKWmEB","NsiI.TP653920","11","   17184","","0.0760","C"
"4","Trait5","pKWmEB","NsiI.TP653929","11","   17185","","1.5821","C"
"4","Trait5","pKWmEB","NsiI.TP653964","11","   17186","","0.0427","A"
"4","Trait5","pKWmEB","NsiI.TP654000","11","   17187","","0.6322","A"
"4","Trait5","pKWmEB","NsiI.TP654055","11","   17188","","0.8556","A"
"4","Trait5","pKWmEB","NsiI.TP654097","11","   17190","","0.3555","C"
"4","Trait5","pKWmEB","NsiI.TP654668","11","   17191","","0.0890","G"
"4","Trait5","pKWmEB","NsiI.TP654693","11","   17192","","3.5721","A"
"4","Trait5","pKWmEB","NsiI.TP654710","11","   17193","","0.0158","C"
"4","Trait5","pKWmEB","NsiI.TP654810","11","   17194","","1.2544","C"
"4","Trait5","pKWmEB","NsiI.TP654862","11","   17197","","0.0206","C"
"4","Trait5","pKWmEB","NsiI.TP654961","11","   17198","","0.5701","C"
"4","Trait5","pKWmEB","NsiI.TP655020","11","   17199","","0.7519","A"
"4","Trait5","pKWmEB","NsiI.TP655191","11","   17200","","0.1190","A"
"4","Trait5","pKWmEB","NsiI.TP655234","11","   17201","","0.7024","A"
"4","Trait5","pKWmEB","NsiI.TP656422","11","   17204","","0.3609","C"
"4","Trait5","pKWmEB","NsiI.TP656560","11","   17206","","0.4793","G"
"4","Trait5","pKWmEB","NsiI.TP656596","11","   17207","","0.2455","A"
"4","Trait5","pKWmEB","NsiI.TP656686","11","   17208","","0.6262","C"
"4","Trait5","pKWmEB","NsiI.TP656726","11","   17209","","0.0635","C"
"4","Trait5","pKWmEB","NsiI.TP658821","11","   17213","","0.6139","C"
"4","Trait5","pKWmEB","NsiI.TP658897","11","   17214","","0.4863","A"
"4","Trait5","pKWmEB","NsiI.TP659530","11","   17217","","0.1404","A"
"4","Trait5","pKWmEB","NsiI.TP659546","11","   17218","","0.2089","A"
"4","Trait5","pKWmEB","NsiI.TP660498","11","   17219","","0.0389","C"
"4","Trait5","pKWmEB","NsiI.TP660837","11","   17220","","0.6017","A"
"4","Trait5","pKWmEB","NsiI.TP661068","11","   17221","","0.0622","A"
"4","Trait5","pKWmEB","NsiI.TP661158","11","   17224","","0.5328","C"
"4","Trait5","pKWmEB","NsiI.TP661415","11","   17225","","0.3707","A"
"4","Trait5","pKWmEB","NsiI.TP661540","11","   17227","","0.0552","C"
"4","Trait5","pKWmEB","NsiI.TP661709","11","   17228","","0.4772","C"
"4","Trait5","pKWmEB","NsiI.TP662126","11","   17229","","0.0518","C"
"4","Trait5","pKWmEB","NsiI.TP662162","11","   17230","","1.5286","C"
"4","Trait5","pKWmEB","NsiI.TP662522","11","   17232","","0.1202","C"
"4","Trait5","pKWmEB","NsiI.TP662588","11","   17233","","1.1702","A"
"4","Trait5","pKWmEB","NsiI.TP662617","11","   17234","","0.5283","C"
"4","Trait5","pKWmEB","NsiI.TP662709","11","   17236","","0.2913","A"
"4","Trait5","pKWmEB","NsiI.TP662779","11","   17237","","0.2427","C"
"4","Trait5","pKWmEB","NsiI.TP662829","11","   17239","","1.7812","A"
"4","Trait5","pKWmEB","NsiI.TP662873","11","   17240","","0.2988","A"
"4","Trait5","pKWmEB","NsiI.TP662883","11","   17241","","0.2549","A"
"4","Trait5","pKWmEB","NsiI.TP662983","11","   17242","","0.1311","C"
"4","Trait5","pKWmEB","NsiI.TP663156","11","   17243","","0.0452","A"
"4","Trait5","pKWmEB","NsiI.TP663359","11","   17247","","0.2111","G"
"4","Trait5","pKWmEB","NsiI.TP663394","11","   17248","","1.0466","C"
"4","Trait5","pKWmEB","NsiI.TP663562","11","   17249","","0.0337","A"
"4","Trait5","pKWmEB","NsiI.TP663635","11","   17250","","0.1712","C"
"4","Trait5","pKWmEB","NsiI.TP663839","11","   17251","","0.1374","A"
"4","Trait5","pKWmEB","NsiI.TP663972","11","   17253","","0.1950","G"
"4","Trait5","pKWmEB","NsiI.TP664473","11","   17255","","0.3124","A"
"4","Trait5","pKWmEB","NsiI.TP664504","11","   17256","","0.1580","G"
"4","Trait5","pKWmEB","NsiI.TP664551","11","   17257","","0.2638","A"
"4","Trait5","pKWmEB","NsiI.TP664840","11","   17260","","0.9261","C"
"4","Trait5","pKWmEB","NsiI.TP664848","11","   17261","","0.6849","A"
"4","Trait5","pKWmEB","NsiI.TP665032","11","   17265","","0.3950","C"
"4","Trait5","pKWmEB","NsiI.TP665095","11","   17266","","0.0348","C"
"4","Trait5","pKWmEB","NsiI.TP665312","11","   17268","","1.0783","A"
"4","Trait5","pKWmEB","NsiI.TP665366","11","   17269","","0.3002","G"
"4","Trait5","pKWmEB","NsiI.TP665411","11","   17270","","0.0235","G"
"4","Trait5","pKWmEB","NsiI.TP665437","11","   17271","","0.5951","C"
"4","Trait5","pKWmEB","NsiI.TP665493","11","   17272","","0.8559","A"
"4","Trait5","pKWmEB","NsiI.TP665540","11","   17273","","0.1860","C"
"4","Trait5","pKWmEB","NsiI.TP665590","11","   17274","","0.1552","A"
"4","Trait5","pKWmEB","NsiI.TP665603","11","   17275","","0.0991","A"
"4","Trait5","pKWmEB","NsiI.TP665624","11","   17276","","0.1814","A"
"4","Trait5","pKWmEB","NsiI.TP665663","11","   17277","","0.1704","G"
"4","Trait5","pKWmEB","NsiI.TP665782","11","   17278","","0.0267","A"
"4","Trait5","pKWmEB","NsiI.TP665794","11","   17279","","0.1037","C"
"4","Trait5","pKWmEB","NsiI.TP665821","11","   17280","","0.1873","A"
"4","Trait5","pKWmEB","NsiI.TP666032","11","   17282","","0.1145","A"
"4","Trait5","pKWmEB","NsiI.TP666151","11","   17283","","0.3205","A"
"4","Trait5","pKWmEB","NsiI.TP666281","11","   17284","","0.0072","A"
"4","Trait5","pKWmEB","NsiI.TP666393","11","   17286","","1.0472","A"
"4","Trait5","pKWmEB","NsiI.TP666447","11","   17287","","0.2613","C"
"4","Trait5","pKWmEB","NsiI.TP666484","11","   17289","","0.9681","C"
"4","Trait5","pKWmEB","NsiI.TP666542","11","   17291","","0.0277","C"
"4","Trait5","pKWmEB","NsiI.TP666617","11","   17292","","0.4112","A"
"4","Trait5","pKWmEB","NsiI.TP666789","11","   17294","","0.0213","G"
"4","Trait5","pKWmEB","NsiI.TP666807","11","   17295","","0.0952","A"
"4","Trait5","pKWmEB","NsiI.TP666820","11","   17296","","1.9663","A"
"4","Trait5","pKWmEB","NsiI.TP666839","11","   17297","","0.2360","A"
"4","Trait5","pKWmEB","NsiI.TP666944","11","   17300","","0.1953","A"
"4","Trait5","pKWmEB","NsiI.TP666962","11","   17301","","1.3496","A"
"4","Trait5","pKWmEB","NsiI.TP667011","11","   17302","","0.2736","A"
"4","Trait5","pKWmEB","NsiI.TP667031","11","   17303","","0.7774","C"
"4","Trait5","pKWmEB","NsiI.TP667079","11","   17305","","0.3600","G"
"4","Trait5","pKWmEB","NsiI.TP667168","11","   17307","","0.0856","A"
"4","Trait5","pKWmEB","NsiI.TP667282","11","   17309","","0.6154","A"
"4","Trait5","pKWmEB","NsiI.TP667290","11","   17310","","0.0489","A"
"4","Trait5","pKWmEB","NsiI.TP667372","11","   17311","","0.2180","A"
"4","Trait5","pKWmEB","NsiI.TP667539","11","   17312","","0.2698","A"
"4","Trait5","pKWmEB","NsiI.TP667708","11","   17313","","1.8760","C"
"4","Trait5","pKWmEB","NsiI.TP667760","11","   17315","","1.3134","A"
"4","Trait5","pKWmEB","NsiI.TP667777","11","   17316","","0.2415","C"
"4","Trait5","pKWmEB","NsiI.TP667985","11","   17319","","0.5926","A"
"4","Trait5","pKWmEB","NsiI.TP668058","11","   17320","","0.0913","A"
"4","Trait5","pKWmEB","NsiI.TP668059","11","   17321","","0.3112","A"
"4","Trait5","pKWmEB","NsiI.TP668107","11","   17322","","1.4204","C"
"4","Trait5","pKWmEB","NsiI.TP668289","11","   17324","","0.3477","A"
"4","Trait5","pKWmEB","NsiI.TP668449","11","   17325","","0.4834","C"
"4","Trait5","pKWmEB","NsiI.TP668545","11","   17326","","0.2190","A"
"4","Trait5","pKWmEB","NsiI.TP668580","11","   17327","","0.4232","G"
"4","Trait5","pKWmEB","NsiI.TP668624","11","   17329","","0.3763","A"
"4","Trait5","pKWmEB","NsiI.TP668625","11","   17330","","0.1521","A"
"4","Trait5","pKWmEB","NsiI.TP668732","11","   17333","","0.0760","C"
"4","Trait5","pKWmEB","NsiI.TP668743","11","   17334","","0.2988","A"
"4","Trait5","pKWmEB","NsiI.TP668764","11","   17335","","1.7265","G"
"4","Trait5","pKWmEB","NsiI.TP668788","11","   17336","","0.7708","A"
"4","Trait5","pKWmEB","NsiI.TP668831","11","   17337","","0.5120","A"
"4","Trait5","pKWmEB","NsiI.TP668953","11","   17338","","0.8435","A"
"4","Trait5","pKWmEB","NsiI.TP669010","11","   17341","","2.1254","C"
"4","Trait5","pKWmEB","NsiI.TP669082","11","   17344","","0.2868","A"
"4","Trait5","pKWmEB","NsiI.TP669130","11","   17345","","0.1181","C"
"4","Trait5","pKWmEB","NsiI.TP669288","11","   17347","","0.5022","G"
"4","Trait5","pKWmEB","NsiI.TP669348","11","   17348","","1.4978","C"
"4","Trait5","pKWmEB","NsiI.TP669395","11","   17349","","0.2059","C"
"4","Trait5","pKWmEB","NsiI.TP669408","11","   17350","","1.2681","A"
"4","Trait5","pKWmEB","NsiI.TP669423","11","   17351","","0.2115","C"
"4","Trait5","pKWmEB","NsiI.TP669463","11","   17352","","0.6558","C"
"4","Trait5","pKWmEB","NsiI.TP669465","11","   17353","","1.0484","A"
"4","Trait5","pKWmEB","NsiI.TP669517","11","   17354","","1.1039","C"
"4","Trait5","pKWmEB","NsiI.TP669563","11","   17355","","0.4493","A"
"4","Trait5","pKWmEB","NsiI.TP669588","11","   17356","","0.1209","A"
"4","Trait5","pKWmEB","NsiI.TP669599","11","   17358","","0.1130","G"
"4","Trait5","pKWmEB","NsiI.TP669601","11","   17359","","0.9360","C"
"4","Trait5","pKWmEB","NsiI.TP669695","11","   17360","","0.3084","A"
"4","Trait5","pKWmEB","NsiI.TP669729","11","   17361","","0.3938","A"
"4","Trait5","pKWmEB","NsiI.TP669764","11","   17362","","0.0910","C"
"4","Trait5","pKWmEB","NsiI.TP669786","11","   17363","","0.7284","C"
"4","Trait5","pKWmEB","NsiI.TP669927","11","   17365","","0.7459","C"
"4","Trait5","pKWmEB","NsiI.TP670128","11","   17368","","0.2943","C"
"4","Trait5","pKWmEB","NsiI.TP670147","11","   17369","","0.5176","C"
"4","Trait5","pKWmEB","NsiI.TP670273","11","   17371","","0.2980","C"
"4","Trait5","pKWmEB","NsiI.TP670319","11","   17373","","0.6688","G"
"4","Trait5","pKWmEB","NsiI.TP670683","11","   17374","","0.2012","A"
"4","Trait5","pKWmEB","NsiI.TP670692","11","   17375","","0.0671","A"
"4","Trait5","pKWmEB","NsiI.TP671002","11","   17377","","0.0687","C"
"4","Trait5","pKWmEB","NsiI.TP671017","11","   17378","","0.0942","A"
"4","Trait5","pKWmEB","NsiI.TP671131","11","   17379","","1.6326","C"
"4","Trait5","pKWmEB","NsiI.TP671135","11","   17380","","0.0074","A"
"4","Trait5","pKWmEB","NsiI.TP671184","11","   17381","","0.0755","C"
"4","Trait5","pKWmEB","NsiI.TP671270","11","   17382","","0.1493","G"
"4","Trait5","pKWmEB","NsiI.TP671271","11","   17383","","1.4455","C"
"4","Trait5","pKWmEB","NsiI.TP671291","11","   17384","","0.0214","A"
"4","Trait5","pKWmEB","NsiI.TP671362","11","   17385","","0.2659","C"
"4","Trait5","pKWmEB","NsiI.TP671365","11","   17386","","2.7134","A"
"4","Trait5","pKWmEB","NsiI.TP671392","11","   17387","","0.3849","C"
"4","Trait5","pKWmEB","NsiI.TP671476","11","   17388","","0.0336","G"
"4","Trait5","pKWmEB","NsiI.TP671487","11","   17389","","0.0265","C"
"4","Trait5","pKWmEB","NsiI.TP671680","11","   17390","","1.4559","A"
"4","Trait5","pKWmEB","NsiI.TP671738","11","   17392","","0.0643","A"
"4","Trait5","pKWmEB","NsiI.TP671754","11","   17394","","0.6885","A"
"4","Trait5","pKWmEB","NsiI.TP671766","11","   17395","","0.3388","A"
"4","Trait5","pKWmEB","NsiI.TP671771","11","   17396","","0.0743","A"
"4","Trait5","pKWmEB","NsiI.TP671781","11","   17397","","0.9590","C"
"4","Trait5","pKWmEB","NsiI.TP671834","11","   17398","","0.0082","C"
"4","Trait5","pKWmEB","NsiI.TP671846","11","   17399","","0.1757","C"
"4","Trait5","pKWmEB","NsiI.TP672055","11","   17403","","0.4549","C"
"4","Trait5","pKWmEB","NsiI.TP672059","11","   17404","","0.7623","A"
"4","Trait5","pKWmEB","NsiI.TP672127","11","   17406","","0.3263","C"
"4","Trait5","pKWmEB","NsiI.TP672151","11","   17408","","0.8176","C"
"4","Trait5","pKWmEB","NsiI.TP672263","11","   17410","","0.2379","A"
"4","Trait5","pKWmEB","NsiI.TP672267","11","   17411","","2.4132","G"
"4","Trait5","pKWmEB","NsiI.TP672272","11","   17412","","1.0327","A"
"4","Trait5","pKWmEB","NsiI.TP673144","11","   17413","","0.1421","C"
"4","Trait5","pKWmEB","NsiI.TP673363","11","   17414","","0.0247","C"
"4","Trait5","pKWmEB","NsiI.TP673378","11","   17415","","0.6612","A"
"4","Trait5","pKWmEB","NsiI.TP673443","11","   17416","","0.2407","A"
"4","Trait5","pKWmEB","NsiI.TP673501","11","   17417","","0.2747","A"
"4","Trait5","pKWmEB","NsiI.TP673767","11","   17422","","0.3903","C"
"4","Trait5","pKWmEB","NsiI.TP673838","11","   17423","","0.4391","A"
"4","Trait5","pKWmEB","NsiI.TP673858","11","   17424","","0.0371","C"
"4","Trait5","pKWmEB","NsiI.TP673888","11","   17425","","2.0502","C"
"4","Trait5","pKWmEB","NsiI.TP674037","11","   17426","","0.5131","A"
"4","Trait5","pKWmEB","NsiI.TP674085","11","   17427","","1.2081","C"
"4","Trait5","pKWmEB","NsiI.TP674156","11","   17428","","0.1939","A"
"4","Trait5","pKWmEB","NsiI.TP674211","11","   17429","","0.1123","A"
"4","Trait5","pKWmEB","NsiI.TP674433","11","   17430","","0.2144","C"
"4","Trait5","pKWmEB","NsiI.TP674451","11","   17431","","0.4340","C"
"4","Trait5","pKWmEB","NsiI.TP674731","11","   17432","","0.2317","A"
"4","Trait5","pKWmEB","NsiI.TP674813","11","   17433","","0.0548","G"
"4","Trait5","pKWmEB","NsiI.TP674908","11","   17434","","0.2222","G"
"4","Trait5","pKWmEB","NsiI.TP674912","11","   17435","","0.7785","G"
"4","Trait5","pKWmEB","NsiI.TP675265","11","   17436","","0.1757","A"
"4","Trait5","pKWmEB","NsiI.TP675344","11","   17438","","0.1891","A"
"4","Trait5","pKWmEB","NsiI.TP675405","11","   17439","","0.1649","A"
"4","Trait5","pKWmEB","NsiI.TP675510","11","   17441","","0.0184","C"
"4","Trait5","pKWmEB","NsiI.TP675599","11","   17442","","0.7370","A"
"4","Trait5","pKWmEB","NsiI.TP675632","11","   17443","","0.3909","C"
"4","Trait5","pKWmEB","NsiI.TP675711","11","   17444","","0.2988","A"
"4","Trait5","pKWmEB","NsiI.TP675908","11","   17446","","0.6760","A"
"4","Trait5","pKWmEB","NsiI.TP676236","11","   17448","","0.1270","C"
"4","Trait5","pKWmEB","NsiI.TP676270","11","   17449","","0.0420","A"
"4","Trait5","pKWmEB","NsiI.TP676287","11","   17450","","0.4368","C"
"4","Trait5","pKWmEB","NsiI.TP676339","11","   17451","","0.6454","A"
"4","Trait5","pKWmEB","NsiI.TP676370","11","   17452","","0.3285","A"
"4","Trait5","pKWmEB","NsiI.TP676503","11","   17454","","1.1872","C"
"4","Trait5","pKWmEB","NsiI.TP676642","11","   17455","","0.0573","C"
"4","Trait5","pKWmEB","NsiI.TP676914","11","   17457","","1.2430","A"
"4","Trait5","pKWmEB","NsiI.TP677090","11","   17458","","0.1684","C"
"4","Trait5","pKWmEB","NsiI.TP677173","11","   17459","","0.1463","A"
"4","Trait5","pKWmEB","NsiI.TP677201","11","   17460","","0.0874","A"
"4","Trait5","pKWmEB","NsiI.TP678085","11","   17464","","0.1101","C"
"4","Trait5","pKWmEB","NsiI.TP678212","11","   17466","","2.0808","A"
"4","Trait5","pKWmEB","NsiI.TP678251","11","   17467","","0.1802","C"
"4","Trait5","pKWmEB","NsiI.TP678297","11","   17468","","0.0935","C"
"4","Trait5","pKWmEB","NsiI.TP678416","11","   17469","","0.1273","C"
"4","Trait5","pKWmEB","NsiI.TP678446","11","   17470","","0.2410","A"
"4","Trait5","pKWmEB","NsiI.TP678475","11","   17471","","1.0265","G"
"4","Trait5","pKWmEB","NsiI.TP678524","11","   17472","","0.1966","C"
"4","Trait5","pKWmEB","NsiI.TP678569","11","   17473","","0.2043","G"
"4","Trait5","pKWmEB","NsiI.TP678570","11","   17474","","0.0267","C"
"4","Trait5","pKWmEB","NsiI.TP678590","11","   17475","","0.1644","C"
"4","Trait5","pKWmEB","NsiI.TP678749","11","   17476","","1.3104","G"
"4","Trait5","pKWmEB","NsiI.TP678757","11","   17477","","0.0091","C"
"4","Trait5","pKWmEB","NsiI.TP678879","11","   17478","","0.1625","A"
"4","Trait5","pKWmEB","NsiI.TP678890","11","   17479","","0.4112","A"
"4","Trait5","pKWmEB","NsiI.TP678906","11","   17480","","0.0529","C"
"4","Trait5","pKWmEB","NsiI.TP678918","11","   17481","","1.0157","A"
"4","Trait5","pKWmEB","NsiI.TP678950","11","   17482","","0.1714","A"
"4","Trait5","pKWmEB","NsiI.TP678959","11","   17483","","1.3812","A"
"4","Trait5","pKWmEB","NsiI.TP678962","11","   17484","","0.0269","C"
"4","Trait5","pKWmEB","NsiI.TP679015","11","   17486","","0.1814","C"
"4","Trait5","pKWmEB","NsiI.TP679249","11","   17490","","2.0277","A"
"4","Trait5","pKWmEB","NsiI.TP679341","11","   17492","","0.4947","A"
"4","Trait5","pKWmEB","NsiI.TP679472","11","   17493","","0.1838","A"
"4","Trait5","pKWmEB","NsiI.TP679599","11","   17495","","0.0220","A"
"4","Trait5","pKWmEB","NsiI.TP679694","11","   17496","","1.3395","A"
"4","Trait5","pKWmEB","NsiI.TP679696","11","   17497","","0.8068","A"
"4","Trait5","pKWmEB","NsiI.TP679703","11","   17498","","0.2884","C"
"4","Trait5","pKWmEB","NsiI.TP679883","11","   17500","","0.2872","C"
"4","Trait5","pKWmEB","NsiI.TP680012","11","   17501","","0.2430","A"
"4","Trait5","pKWmEB","NsiI.TP680066","11","   17502","","1.2650","C"
"4","Trait5","pKWmEB","NsiI.TP680098","11","   17503","","0.1253","A"
"4","Trait5","pKWmEB","NsiI.TP680099","11","   17504","","1.4033","C"
"4","Trait5","pKWmEB","NsiI.TP680113","11","   17505","","0.3356","C"
"4","Trait5","pKWmEB","NsiI.TP680124","11","   17506","","0.0976","A"
"4","Trait5","pKWmEB","NsiI.TP680155","11","   17507","","0.0433","A"
"4","Trait5","pKWmEB","NsiI.TP680194","11","   17508","","0.5226","C"
"4","Trait5","pKWmEB","NsiI.TP680259","11","   17509","","1.3292","A"
"4","Trait5","pKWmEB","NsiI.TP680270","11","   17510","","0.4855","C"
"4","Trait5","pKWmEB","NsiI.TP680392","11","   17514","","0.0836","C"
"4","Trait5","pKWmEB","NsiI.TP680575","11","   17515","","1.1797","G"
"4","Trait5","pKWmEB","NsiI.TP680601","11","   17516","","0.3122","A"
"4","Trait5","pKWmEB","NsiI.TP680903","11","   17517","","0.0692","C"
"4","Trait5","pKWmEB","NsiI.TP680908","11","   17518","","1.0704","A"
"4","Trait5","pKWmEB","NsiI.TP680932","11","   17519","","0.1709","A"
"4","Trait5","pKWmEB","NsiI.TP681132","11","   17521","","0.2927","A"
"4","Trait5","pKWmEB","NsiI.TP681136","11","   17522","","0.8893","C"
"4","Trait5","pKWmEB","NsiI.TP681158","11","   17523","","0.0013","A"
"4","Trait5","pKWmEB","NsiI.TP681288","11","   17526","","0.0371","C"
"4","Trait5","pKWmEB","NsiI.TP681332","11","   17528","","1.1113","C"
"4","Trait5","pKWmEB","NsiI.TP681355","11","   17529","","0.1252","C"
"4","Trait5","pKWmEB","NsiI.TP681384","11","   17530","","0.6025","A"
"4","Trait5","pKWmEB","NsiI.TP681573","11","   17535","","0.1797","G"
"4","Trait5","pKWmEB","NsiI.TP681612","11","   17536","","0.5481","C"
"4","Trait5","pKWmEB","NsiI.TP681739","11","   17537","","0.0714","A"
"4","Trait5","pKWmEB","NsiI.TP681743","11","   17538","","0.2975","C"
"4","Trait5","pKWmEB","NsiI.TP681967","11","   17539","","0.0711","A"
"4","Trait5","pKWmEB","NsiI.TP681974","11","   17540","","0.4821","A"
"4","Trait5","pKWmEB","NsiI.TP682001","11","   17541","","0.2562","A"
"4","Trait5","pKWmEB","NsiI.TP682097","11","   17543","","0.5710","G"
"4","Trait5","pKWmEB","NsiI.TP682325","11","   17546","","1.7865","C"
"4","Trait5","pKWmEB","NsiI.TP682442","11","   17547","","0.0477","C"
"4","Trait5","pKWmEB","NsiI.TP682634","11","   17548","","0.4703","C"
"4","Trait5","pKWmEB","NsiI.TP682685","11","   17549","","0.7967","C"
"4","Trait5","pKWmEB","NsiI.TP682707","11","   17550","","0.5367","A"
"4","Trait5","pKWmEB","NsiI.TP682740","11","   17551","","0.0204","C"
"4","Trait5","pKWmEB","NsiI.TP682773","11","   17552","","0.3028","C"
"4","Trait5","pKWmEB","NsiI.TP682866","11","   17553","","1.6841","C"
"4","Trait5","pKWmEB","NsiI.TP682876","11","   17554","","0.7494","C"
"4","Trait5","pKWmEB","NsiI.TP682957","11","   17556","","0.6644","A"
"4","Trait5","pKWmEB","NsiI.TP683076","11","   17557","","0.2824","C"
"4","Trait5","pKWmEB","NsiI.TP683092","11","   17558","","0.0292","A"
"4","Trait5","pKWmEB","NsiI.TP683491","11","   17559","","0.4031","A"
"4","Trait5","pKWmEB","NsiI.TP683749","11","   17563","","0.1258","A"
"4","Trait5","pKWmEB","NsiI.TP684279","11","   17564","","0.4161","C"
"4","Trait5","pKWmEB","NsiI.TP684422","11","   17565","","0.0984","A"
"4","Trait5","pKWmEB","NsiI.TP684505","11","   17567","","0.2182","A"
"4","Trait5","pKWmEB","NsiI.TP684566","11","   17568","","0.1722","A"
"4","Trait5","pKWmEB","NsiI.TP684770","11","   17569","","0.1211","C"
"4","Trait5","pKWmEB","NsiI.TP684888","11","   17572","","0.1390","C"
"4","Trait5","pKWmEB","NsiI.TP684925","11","   17573","","1.3815","C"
"4","Trait5","pKWmEB","NsiI.TP685166","11","   17575","","0.1181","C"
"4","Trait5","pKWmEB","NsiI.TP685361","11","   17577","","0.3557","A"
"4","Trait5","pKWmEB","NsiI.TP685488","11","   17579","","1.0569","C"
"4","Trait5","pKWmEB","NsiI.TP685530","11","   17580","","0.6325","A"
"4","Trait5","pKWmEB","NsiI.TP685628","11","   17581","","1.2375","A"
"4","Trait5","pKWmEB","NsiI.TP685658","11","   17582","","1.3053","A"
"4","Trait5","pKWmEB","NsiI.TP685676","11","   17583","","0.1146","A"
"4","Trait5","pKWmEB","NsiI.TP685712","11","   17584","","0.2317","C"
"4","Trait5","pKWmEB","NsiI.TP685734","11","   17585","","0.6167","C"
"4","Trait5","pKWmEB","NsiI.TP685740","11","   17586","","0.6358","G"
"4","Trait5","pKWmEB","NsiI.TP685940","11","   17587","","0.8126","C"
"4","Trait5","pKWmEB","NsiI.TP686119","11","   17588","","0.1292","G"
"4","Trait5","pKWmEB","NsiI.TP686580","11","   17589","","0.7497","C"
"4","Trait5","pKWmEB","NsiI.TP686784","11","   17590","","1.2826","C"
"4","Trait5","pKWmEB","NsiI.TP687090","11","   17591","","0.2772","A"
"4","Trait5","pKWmEB","NsiI.TP687110","11","   17592","","0.0000","A"
"4","Trait5","pKWmEB","NsiI.TP687145","11","   17593","","0.1206","G"
"4","Trait5","pKWmEB","NsiI.TP687188","11","   17594","","1.3211","A"
"4","Trait5","pKWmEB","NsiI.TP687395","11","   17595","","0.1424","A"
"4","Trait5","pKWmEB","NsiI.TP687472","11","   17596","","0.3167","G"
"4","Trait5","pKWmEB","NsiI.TP687623","11","   17598","","0.0287","C"
"4","Trait5","pKWmEB","NsiI.TP687653","11","   17599","","0.1463","C"
"4","Trait5","pKWmEB","NsiI.TP687919","11","   17600","","0.4423","C"
"4","Trait5","pKWmEB","NsiI.TP687931","11","   17601","","0.2295","C"
"4","Trait5","pKWmEB","NsiI.TP687982","11","   17602","","0.4488","A"
"4","Trait5","pKWmEB","NsiI.TP688250","11","   17603","","0.2121","C"
"4","Trait5","pKWmEB","NsiI.TP688769","11","   17608","","0.0018","C"
"4","Trait5","pKWmEB","NsiI.TP688777","11","   17609","","0.5021","A"
"4","Trait5","pKWmEB","NsiI.TP688823","11","   17610","","0.0385","A"
"4","Trait5","pKWmEB","NsiI.TP688826","11","   17611","","0.1239","A"
"4","Trait5","pKWmEB","NsiI.TP688991","11","   17612","","0.4733","C"
"4","Trait5","pKWmEB","NsiI.TP689183","11","   17613","","0.0299","C"
"4","Trait5","pKWmEB","NsiI.TP689210","11","   17615","","0.3834","C"
"4","Trait5","pKWmEB","NsiI.TP689265","11","   17616","","0.5828","C"
"4","Trait5","pKWmEB","NsiI.TP689303","11","   17617","","0.9680","C"
"4","Trait5","pKWmEB","NsiI.TP689317","11","   17618","","0.2304","A"
"4","Trait5","pKWmEB","NsiI.TP689330","11","   17619","","0.3640","C"
"4","Trait5","pKWmEB","NsiI.TP689359","11","   17620","","0.2084","A"
"4","Trait5","pKWmEB","NsiI.TP689629","11","   17621","","0.4138","A"
"4","Trait5","pKWmEB","NsiI.TP689875","11","   17622","","0.5961","A"
"4","Trait5","pKWmEB","NsiI.TP689944","11","   17623","","1.2783","A"
"4","Trait5","pKWmEB","NsiI.TP689967","11","   17624","","0.2554","C"
"4","Trait5","pKWmEB","NsiI.TP689973","11","   17625","","0.8385","A"
"4","Trait5","pKWmEB","NsiI.TP690172","11","   17627","","0.0531","A"
"4","Trait5","pKWmEB","NsiI.TP690545","11","   17632","","1.0814","C"
"4","Trait5","pKWmEB","NsiI.TP690675","11","   17634","","0.0860","C"
"4","Trait5","pKWmEB","NsiI.TP690881","11","   17635","","0.6920","C"
"4","Trait5","pKWmEB","NsiI.TP691074","11","   17638","","0.5484","C"
"4","Trait5","pKWmEB","NsiI.TP691414","11","   17639","","1.0312","A"
"4","Trait5","pKWmEB","NsiI.TP691582","11","   17641","","0.3640","C"
"4","Trait5","pKWmEB","NsiI.TP691583","11","   17642","","0.2890","C"
"4","Trait5","pKWmEB","NsiI.TP691592","11","   17643","","1.2210","C"
"4","Trait5","pKWmEB","NsiI.TP691641","11","   17644","","0.7750","A"
"4","Trait5","pKWmEB","NsiI.TP692129","11","   17648","","0.6398","A"
"4","Trait5","pKWmEB","NsiI.TP692236","11","   17649","","0.6703","A"
"4","Trait5","pKWmEB","NsiI.TP692248","11","   17650","","0.4215","A"
"4","Trait5","pKWmEB","NsiI.TP692491","11","   17651","","0.3767","G"
"4","Trait5","pKWmEB","NsiI.TP692508","11","   17652","","0.2832","C"
"4","Trait5","pKWmEB","NsiI.TP692624","11","   17654","","1.2508","G"
"4","Trait5","pKWmEB","NsiI.TP693377","11","   17658","","0.0710","C"
"4","Trait5","pKWmEB","NsiI.TP693422","11","   17660","","0.4277","C"
"4","Trait5","pKWmEB","NsiI.TP693565","11","   17661","","0.0296","C"
"4","Trait5","pKWmEB","NsiI.TP693629","11","   17662","","0.7252","A"
"4","Trait5","pKWmEB","NsiI.TP693646","11","   17663","","0.2221","C"
"4","Trait5","pKWmEB","NsiI.TP693668","11","   17664","","0.1215","A"
"4","Trait5","pKWmEB","NsiI.TP693676","11","   17665","","0.1508","C"
"4","Trait5","pKWmEB","NsiI.TP693683","11","   17666","","0.1735","A"
"4","Trait5","pKWmEB","NsiI.TP693729","11","   17667","","0.1059","C"
"4","Trait5","pKWmEB","NsiI.TP693731","11","   17668","","1.6916","C"
"4","Trait5","pKWmEB","NsiI.TP693776","11","   17669","","0.1388","C"
"4","Trait5","pKWmEB","NsiI.TP694131","11","   17671","","0.1008","A"
"4","Trait5","pKWmEB","NsiI.TP694209","11","   17673","","0.1953","C"
"4","Trait5","pKWmEB","NsiI.TP694256","11","   17674","","0.1119","C"
"4","Trait5","pKWmEB","NsiI.TP694568","11","   17677","","0.0179","C"
"4","Trait5","pKWmEB","NsiI.TP694811","11","   17679","","1.5337","A"
"4","Trait5","pKWmEB","NsiI.TP694812","11","   17680","","0.1404","C"
"4","Trait5","pKWmEB","NsiI.TP694818","11","   17682","","0.9338","A"
"4","Trait5","pKWmEB","NsiI.TP694893","11","   17684","","1.1414","A"
"4","Trait5","pKWmEB","NsiI.TP695058","11","   17685","","0.4549","G"
"4","Trait5","pKWmEB","NsiI.TP695064","11","   17686","","0.3148","A"
"4","Trait5","pKWmEB","NsiI.TP695121","11","   17687","","0.2822","A"
"4","Trait5","pKWmEB","NsiI.TP695292","11","   17688","","0.1844","A"
"4","Trait5","pKWmEB","NsiI.TP695299","11","   17689","","0.2174","A"
"4","Trait5","pKWmEB","NsiI.TP695304","11","   17690","","0.4439","G"
"4","Trait5","pKWmEB","NsiI.TP695418","11","   17692","","0.1301","A"
"4","Trait5","pKWmEB","NsiI.TP695487","11","   17693","","0.2480","C"
"4","Trait5","pKWmEB","NsiI.TP695766","11","   17695","","0.0348","A"
"4","Trait5","pKWmEB","NsiI.TP695932","11","   17696","","1.1703","A"
"4","Trait5","pKWmEB","NsiI.TP696038","11","   17699","","0.7954","A"
"4","Trait5","pKWmEB","NsiI.TP696555","11","   17701","","1.1485","A"
"4","Trait5","pKWmEB","NsiI.TP696722","11","   17702","","1.4016","C"
"4","Trait5","pKWmEB","NsiI.TP696909","11","   17703","","0.1796","A"
"4","Trait5","pKWmEB","NsiI.TP696957","11","   17704","","0.7464","A"
"4","Trait5","pKWmEB","NsiI.TP697010","11","   17706","","0.2862","A"
"4","Trait5","pKWmEB","NsiI.TP697028","11","   17707","","1.6172","A"
"4","Trait5","pKWmEB","NsiI.TP697075","11","   17708","","0.3807","A"
"4","Trait5","pKWmEB","NsiI.TP697313","11","   17709","","0.4417","A"
"4","Trait5","pKWmEB","NsiI.TP697340","11","   17711","","0.6126","A"
"4","Trait5","pKWmEB","NsiI.TP697359","11","   17712","","0.5975","C"
"4","Trait5","pKWmEB","NsiI.TP697504","11","   17714","","0.0160","A"
"4","Trait5","pKWmEB","NsiI.TP697661","11","   17716","","0.4958","A"
"4","Trait5","pKWmEB","NsiI.TP697722","11","   17717","","0.4255","C"
"4","Trait5","pKWmEB","NsiI.TP697750","11","   17718","","0.6490","A"
"4","Trait5","pKWmEB","NsiI.TP697867","11","   17722","","2.3665","A"
"4","Trait5","pKWmEB","NsiI.TP697919","11","   17723","","1.1710","C"
"4","Trait5","pKWmEB","NsiI.TP697941","11","   17724","","0.2868","G"
"4","Trait5","pKWmEB","NsiI.TP698028","11","   17725","","0.2682","A"
"4","Trait5","pKWmEB","NsiI.TP698207","11","   17727","","0.0442","C"
"4","Trait5","pKWmEB","NsiI.TP698238","11","   17728","","0.3283","C"
"4","Trait5","pKWmEB","NsiI.TP698266","11","   17729","","0.3005","C"
"4","Trait5","pKWmEB","NsiI.TP698283","11","   17730","","0.3334","A"
"4","Trait5","pKWmEB","NsiI.TP698289","11","   17731","","0.6319","C"
"4","Trait5","pKWmEB","NsiI.TP698389","11","   17732","","0.0382","A"
"4","Trait5","pKWmEB","NsiI.TP698766","11","   17735","","2.3978","A"
"4","Trait5","pKWmEB","NsiI.TP698837","11","   17737","","0.1267","C"
"4","Trait5","pKWmEB","NsiI.TP699401","11","   17739","","0.4085","C"
"4","Trait5","pKWmEB","NsiI.TP699960","11","   17742","","0.3407","C"
"4","Trait5","pKWmEB","NsiI.TP700221","11","   17744","","0.0414","A"
"4","Trait5","pKWmEB","NsiI.TP700450","11","   17745","","0.2369","A"
"4","Trait5","pKWmEB","NsiI.TP700674","11","   17746","","0.2365","A"
"4","Trait5","pKWmEB","NsiI.TP700793","11","   17747","","0.1347","A"
"4","Trait5","pKWmEB","NsiI.TP700899","11","   17748","","0.9221","A"
"4","Trait5","pKWmEB","NsiI.TP701108","11","   17750","","0.1805","A"
"4","Trait5","pKWmEB","NsiI.TP701134","11","   17751","","0.1160","A"
"4","Trait5","pKWmEB","NsiI.TP701593","11","   17752","","1.2435","C"
"4","Trait5","pKWmEB","NsiI.TP701668","11","   17753","","0.1174","A"
"4","Trait5","pKWmEB","NsiI.TP701672","11","   17754","","0.0855","A"
"4","Trait5","pKWmEB","NsiI.TP701762","11","   17755","","0.1236","A"
"4","Trait5","pKWmEB","NsiI.TP701784","11","   17756","","0.4541","C"
"4","Trait5","pKWmEB","NsiI.TP701791","11","   17757","","0.3367","A"
"4","Trait5","pKWmEB","NsiI.TP701894","11","   17758","","0.3115","C"
"4","Trait5","pKWmEB","NsiI.TP701952","11","   17759","","0.1465","A"
"4","Trait5","pKWmEB","NsiI.TP701971","11","   17760","","0.6878","A"
"4","Trait5","pKWmEB","NsiI.TP702251","11","   17761","","0.4292","A"
"4","Trait5","pKWmEB","NsiI.TP702531","11","   17765","","0.2118","A"
"4","Trait5","pKWmEB","NsiI.TP702687","11","   17766","","0.3463","A"
"4","Trait5","pKWmEB","NsiI.TP702938","11","   17769","","0.2190","C"
"4","Trait5","pKWmEB","NsiI.TP702976","11","   17770","","0.0760","G"
"4","Trait5","pKWmEB","NsiI.TP703062","11","   17771","","1.4736","A"
"4","Trait5","pKWmEB","NsiI.TP703064","11","   17772","","1.2498","A"
"4","Trait5","pKWmEB","NsiI.TP703089","11","   17773","","0.0676","A"
"4","Trait5","pKWmEB","NsiI.TP703168","11","   17774","","0.1376","C"
"4","Trait5","pKWmEB","NsiI.TP703198","11","   17775","","2.1368","A"
"4","Trait5","pKWmEB","NsiI.TP703369","11","   17776","","1.7148","A"
"4","Trait5","pKWmEB","NsiI.TP703496","11","   17777","","0.1341","A"
"4","Trait5","pKWmEB","NsiI.TP703599","11","   17779","","0.1822","A"
"4","Trait5","pKWmEB","NsiI.TP703637","11","   17780","","0.0337","C"
"4","Trait5","pKWmEB","NsiI.TP703703","11","   17781","","1.9372","C"
"4","Trait5","pKWmEB","NsiI.TP704052","11","   17783","","0.1399","A"
"4","Trait5","pKWmEB","NsiI.TP704103","11","   17785","","0.9693","C"
"4","Trait5","pKWmEB","NsiI.TP704206","11","   17787","","0.6769","A"
"4","Trait5","pKWmEB","NsiI.TP704217","11","   17788","","0.1135","C"
"4","Trait5","pKWmEB","NsiI.TP704346","11","   17789","","1.6829","A"
"4","Trait5","pKWmEB","NsiI.TP704604","11","   17792","","0.7276","A"
"4","Trait5","pKWmEB","NsiI.TP704782","11","   17795","","1.1773","C"
"4","Trait5","pKWmEB","NsiI.TP704785","11","   17796","","0.0417","A"
"4","Trait5","pKWmEB","NsiI.TP704858","11","   17797","","1.3815","C"
"4","Trait5","pKWmEB","NsiI.TP704916","11","   17798","","0.3430","C"
"4","Trait5","pKWmEB","NsiI.TP704953","11","   17799","","0.1150","A"
"4","Trait5","pKWmEB","NsiI.TP705001","11","   17801","","0.6760","C"
"4","Trait5","pKWmEB","NsiI.TP705137","11","   17802","","1.9576","A"
"4","Trait5","pKWmEB","NsiI.TP705359","11","   17803","","0.7751","C"
"4","Trait5","pKWmEB","NsiI.TP705395","11","   17804","","0.3379","C"
"4","Trait5","pKWmEB","NsiI.TP705462","11","   17805","","0.2663","C"
"4","Trait5","pKWmEB","NsiI.TP705516","11","   17807","","0.6639","A"
"4","Trait5","pKWmEB","NsiI.TP705689","11","   17810","","1.0980","C"
"4","Trait5","pKWmEB","NsiI.TP705700","11","   17811","","0.8413","A"
"4","Trait5","pKWmEB","NsiI.TP705713","11","   17812","","0.1035","C"
"4","Trait5","pKWmEB","NsiI.TP705776","11","   17813","","0.5283","C"
"4","Trait5","pKWmEB","NsiI.TP705862","11","   17814","","1.5224","A"
"4","Trait5","pKWmEB","NsiI.TP705906","11","   17815","","0.9784","A"
"4","Trait5","pKWmEB","NsiI.TP705916","11","   17816","","0.3143","A"
"4","Trait5","pKWmEB","NsiI.TP706024","11","   17817","","0.4276","C"
"4","Trait5","pKWmEB","NsiI.TP706149","11","   17819","","0.6710","C"
"4","Trait5","pKWmEB","NsiI.TP706204","11","   17820","","0.0415","C"
"4","Trait5","pKWmEB","NsiI.TP706248","11","   17821","","0.0370","C"
"4","Trait5","pKWmEB","NsiI.TP706277","11","   17822","","1.2298","A"
"4","Trait5","pKWmEB","NsiI.TP706384","11","   17824","","0.1236","C"
"4","Trait5","pKWmEB","NsiI.TP706396","11","   17825","","0.4169","A"
"4","Trait5","pKWmEB","NsiI.TP706441","11","   17826","","0.1329","C"
"4","Trait5","pKWmEB","NsiI.TP706672","11","   17828","","0.0366","A"
"4","Trait5","pKWmEB","NsiI.TP706681","11","   17829","","0.0055","C"
"4","Trait5","pKWmEB","NsiI.TP706683","11","   17830","","0.9739","A"
"4","Trait5","pKWmEB","NsiI.TP706701","11","   17831","","1.2616","A"
"4","Trait5","pKWmEB","NsiI.TP706862","11","   17832","","0.2802","A"
"4","Trait5","pKWmEB","NsiI.TP706931","11","   17833","","1.0807","A"
"4","Trait5","pKWmEB","NsiI.TP706961","11","   17835","","0.1643","C"
"4","Trait5","pKWmEB","NsiI.TP706966","11","   17836","","0.2279","A"
"4","Trait5","pKWmEB","NsiI.TP706977","11","   17837","","0.7136","C"
"4","Trait5","pKWmEB","NsiI.TP707069","11","   17839","","0.2179","C"
"4","Trait5","pKWmEB","NsiI.TP707081","11","   17840","","0.7391","C"
"4","Trait5","pKWmEB","NsiI.TP707307","11","   17842","","1.3379","G"
"4","Trait5","pKWmEB","NsiI.TP707407","11","   17844","","0.5131","A"
"4","Trait5","pKWmEB","NsiI.TP707600","11","   17845","","0.0118","A"
"4","Trait5","pKWmEB","NsiI.TP707818","11","   17846","","0.2546","A"
"4","Trait5","pKWmEB","NsiI.TP708263","11","   17847","","0.3057","A"
"4","Trait5","pKWmEB","NsiI.TP708320","11","   17849","","1.0813","C"
"4","Trait5","pKWmEB","NsiI.TP708365","11","   17850","","0.8859","A"
"4","Trait5","pKWmEB","NsiI.TP708440","11","   17852","","0.5912","A"
"4","Trait5","pKWmEB","NsiI.TP708480","11","   17853","","0.9777","C"
"4","Trait5","pKWmEB","NsiI.TP708539","11","   17854","","0.0478","C"
"4","Trait5","pKWmEB","NsiI.TP708561","11","   17855","","0.0331","C"
"4","Trait5","pKWmEB","NsiI.TP708836","11","   17857","","0.4318","A"
"4","Trait5","pKWmEB","NsiI.TP708843","11","   17858","","0.1779","A"
"4","Trait5","pKWmEB","NsiI.TP708852","11","   17859","","0.6531","A"
"4","Trait5","pKWmEB","NsiI.TP708868","11","   17860","","0.5221","C"
"4","Trait5","pKWmEB","NsiI.TP708907","11","   17861","","0.2512","A"
"4","Trait5","pKWmEB","NsiI.TP708917","11","   17862","","0.7808","A"
"4","Trait5","pKWmEB","NsiI.TP709042","11","   17863","","0.1341","A"
"4","Trait5","pKWmEB","NsiI.TP709151","11","   17865","","0.4493","C"
"4","Trait5","pKWmEB","NsiI.TP709190","11","   17866","","0.0893","C"
"4","Trait5","pKWmEB","NsiI.TP709445","11","   17868","","0.1353","C"
"4","Trait5","pKWmEB","NsiI.TP709471","11","   17869","","0.0682","A"
"4","Trait5","pKWmEB","NsiI.TP709489","11","   17870","","0.4121","A"
"4","Trait5","pKWmEB","NsiI.TP709794","11","   17871","","0.9192","C"
"4","Trait5","pKWmEB","NsiI.TP709972","11","   17872","","0.3964","C"
"4","Trait5","pKWmEB","NsiI.TP710370","11","   17875","","0.1873","C"
"4","Trait5","pKWmEB","NsiI.TP710424","11","   17877","","0.4959","C"
"4","Trait5","pKWmEB","NsiI.TP710558","11","   17880","","1.5327","C"
"4","Trait5","pKWmEB","NsiI.TP710614","11","   17881","","0.2433","C"
"4","Trait5","pKWmEB","NsiI.TP710685","11","   17883","","0.3030","A"
"4","Trait5","pKWmEB","NsiI.TP710713","11","   17884","","0.5448","C"
"4","Trait5","pKWmEB","NsiI.TP710737","11","   17885","","0.1465","A"
"4","Trait5","pKWmEB","NsiI.TP710759","11","   17886","","0.2424","A"
"4","Trait5","pKWmEB","NsiI.TP710806","11","   17887","","0.2031","A"
"4","Trait5","pKWmEB","NsiI.TP710816","11","   17888","","1.2374","A"
"4","Trait5","pKWmEB","NsiI.TP710907","11","   17889","","0.8541","A"
"4","Trait5","pKWmEB","NsiI.TP710914","11","   17890","","0.0046","A"
"4","Trait5","pKWmEB","NsiI.TP710917","11","   17891","","0.4697","A"
"4","Trait5","pKWmEB","NsiI.TP710975","11","   17893","","0.5754","A"
"4","Trait5","pKWmEB","NsiI.TP710986","11","   17894","","0.5077","A"
"4","Trait5","pKWmEB","NsiI.TP711020","11","   17897","","0.1925","C"
"4","Trait5","pKWmEB","NsiI.TP711155","11","   17898","","1.0118","C"
"4","Trait5","pKWmEB","NsiI.TP711166","11","   17899","","0.0024","C"
"4","Trait5","pKWmEB","NsiI.TP711668","11","   17900","","0.2527","A"
"4","Trait5","pKWmEB","NsiI.TP711909","11","   17901","","0.8943","A"
"4","Trait5","pKWmEB","NsiI.TP712004","11","   17903","","0.3164","G"
"4","Trait5","pKWmEB","NsiI.TP712033","11","   17904","","0.0603","C"
"4","Trait5","pKWmEB","NsiI.TP712102","11","   17905","","1.3534","C"
"4","Trait5","pKWmEB","NsiI.TP712124","11","   17906","","0.5121","A"
"4","Trait5","pKWmEB","NsiI.TP712567","11","   17908","","0.3087","C"
"4","Trait5","pKWmEB","NsiI.TP712607","11","   17910","","0.0927","C"
"4","Trait5","pKWmEB","NsiI.TP712786","11","   17911","","0.7146","C"
"4","Trait5","pKWmEB","NsiI.TP712947","11","   17912","","0.1435","C"
"4","Trait5","pKWmEB","NsiI.TP713142","11","   17913","","0.0273","C"
"4","Trait5","pKWmEB","NsiI.TP713418","11","   17914","","0.2722","C"
"4","Trait5","pKWmEB","NsiI.TP713435","11","   17915","","2.3036","C"
"4","Trait5","pKWmEB","NsiI.TP713437","11","   17916","","0.8048","G"
"4","Trait5","pKWmEB","NsiI.TP713895","11","   17919","","1.1361","A"
"4","Trait5","pKWmEB","NsiI.TP713928","11","   17920","","0.2136","A"
"4","Trait5","pKWmEB","NsiI.TP714128","11","   17921","","0.0256","C"
"4","Trait5","pKWmEB","NsiI.TP714144","11","   17922","","0.3667","C"
"4","Trait5","pKWmEB","NsiI.TP714188","11","   17923","","0.0351","A"
"4","Trait5","pKWmEB","NsiI.TP714330","11","   17924","","0.1960","A"
"4","Trait5","pKWmEB","NsiI.TP714342","11","   17925","","1.7587","G"
"4","Trait5","pKWmEB","NsiI.TP714398","11","   17926","","0.0801","A"
"4","Trait5","pKWmEB","NsiI.TP714678","11","   17927","","0.7170","C"
"4","Trait5","pKWmEB","NsiI.TP714726","11","   17928","","0.9338","C"
"4","Trait5","pKWmEB","NsiI.TP714864","11","   17931","","0.2409","A"
"4","Trait5","pKWmEB","NsiI.TP714921","11","   17932","","0.5781","C"
"4","Trait5","pKWmEB","NsiI.TP714954","11","   17934","","0.0661","A"
"4","Trait5","pKWmEB","NsiI.TP715038","11","   17936","","0.3700","A"
"4","Trait5","pKWmEB","NsiI.TP715149","11","   17939","","0.7274","C"
"4","Trait5","pKWmEB","NsiI.TP715168","11","   17940","","0.0983","A"
"4","Trait5","pKWmEB","NsiI.TP715339","11","   17943","","0.1302","A"
"4","Trait5","pKWmEB","NsiI.TP715464","11","   17944","","0.0307","A"
"4","Trait5","pKWmEB","NsiI.TP715620","11","   17946","","2.6781","A"
"4","Trait5","pKWmEB","NsiI.TP715632","11","   17947","","0.5317","C"
"4","Trait5","pKWmEB","NsiI.TP715828","11","   17949","","0.3848","A"
"4","Trait5","pKWmEB","NsiI.TP716000","11","   17950","","0.0517","G"
"4","Trait5","pKWmEB","NsiI.TP716024","11","   17951","","0.0842","A"
"4","Trait5","pKWmEB","NsiI.TP716106","11","   17952","","0.2177","G"
"4","Trait5","pKWmEB","NsiI.TP716122","11","   17953","","0.4179","A"
"4","Trait5","pKWmEB","NsiI.TP716139","11","   17954","","0.2282","A"
"4","Trait5","pKWmEB","NsiI.TP716271","11","   17956","","0.4357","A"
"4","Trait5","pKWmEB","NsiI.TP716281","11","   17957","","1.1706","C"
"4","Trait5","pKWmEB","NsiI.TP716296","11","   17958","","0.7660","A"
"4","Trait5","pKWmEB","NsiI.TP716302","11","   17959","","0.1466","C"
"4","Trait5","pKWmEB","NsiI.TP716358","11","   17960","","0.3659","C"
"4","Trait5","pKWmEB","NsiI.TP716684","11","   17963","","0.2563","A"
"4","Trait5","pKWmEB","NsiI.TP716754","11","   17965","","0.0278","C"
"4","Trait5","pKWmEB","NsiI.TP716782","11","   17967","","0.1862","A"
"4","Trait5","pKWmEB","NsiI.TP717028","11","   17968","","1.0036","C"
"4","Trait5","pKWmEB","NsiI.TP717563","11","   17975","","0.1076","A"
"4","Trait5","pKWmEB","NsiI.TP718245","11","   17978","","0.5093","C"
"4","Trait5","pKWmEB","NsiI.TP718259","11","   17979","","0.0349","G"
"4","Trait5","pKWmEB","NsiI.TP718317","11","   17980","","1.6617","C"
"4","Trait5","pKWmEB","NsiI.TP718410","11","   17981","","0.1757","A"
"4","Trait5","pKWmEB","NsiI.TP718474","11","   17983","","0.0591","C"
"4","Trait5","pKWmEB","NsiI.TP718476","11","   17984","","0.1114","A"
"4","Trait5","pKWmEB","NsiI.TP718935","11","   17986","","0.2512","C"
"4","Trait5","pKWmEB","NsiI.TP719297","11","   17990","","0.2255","C"
"4","Trait5","pKWmEB","NsiI.TP719628","11","   17992","","0.2589","G"
"4","Trait5","pKWmEB","NsiI.TP719759","11","   17993","","1.0136","A"
"4","Trait5","pKWmEB","NsiI.TP719810","11","   17994","","0.0695","A"
"4","Trait5","pKWmEB","NsiI.TP719903","11","   17995","","0.1409","C"
"4","Trait5","pKWmEB","NsiI.TP719981","11","   17997","","0.1758","C"
"4","Trait5","pKWmEB","NsiI.TP720017","11","   17998","","0.0519","A"
"4","Trait5","pKWmEB","NsiI.TP720058","11","   17999","","0.1907","A"
"4","Trait5","pKWmEB","NsiI.TP720148","11","   18000","","1.3008","C"
"4","Trait5","pKWmEB","NsiI.TP720303","11","   18002","","0.3488","A"
"4","Trait5","pKWmEB","NsiI.TP720310","11","   18003","","1.0303","A"
"4","Trait5","pKWmEB","NsiI.TP720396","11","   18004","","0.1735","A"
"4","Trait5","pKWmEB","NsiI.TP720511","11","   18007","","0.1175","C"
"4","Trait5","pKWmEB","NsiI.TP720542","11","   18009","","0.2475","A"
"4","Trait5","pKWmEB","NsiI.TP720698","11","   18010","","0.5548","C"
"4","Trait5","pKWmEB","NsiI.TP720994","11","   18012","","0.5828","A"
"4","Trait5","pKWmEB","NsiI.TP721018","11","   18013","","0.1455","G"
"4","Trait5","pKWmEB","NsiI.TP721063","11","   18014","","0.1057","A"
"4","Trait5","pKWmEB","NsiI.TP721094","11","   18015","","0.0220","A"
"4","Trait5","pKWmEB","NsiI.TP721710","11","   18017","","0.2126","A"
"4","Trait5","pKWmEB","NsiI.TP721756","11","   18018","","0.0823","G"
"4","Trait5","pKWmEB","NsiI.TP721969","11","   18020","","0.1465","C"
"4","Trait5","pKWmEB","NsiI.TP722048","11","   18022","","0.6860","C"
"4","Trait5","pKWmEB","NsiI.TP722177","11","   18024","","0.2144","A"
"4","Trait5","pKWmEB","NsiI.TP722300","11","   18025","","1.2109","C"
"4","Trait5","pKWmEB","NsiI.TP722431","11","   18026","","0.0762","A"
"4","Trait5","pKWmEB","NsiI.TP722762","11","   18028","","0.4567","G"
"4","Trait5","pKWmEB","NsiI.TP722813","11","   18030","","0.0474","C"
"4","Trait5","pKWmEB","NsiI.TP723025","11","   18031","","0.6089","C"
"4","Trait5","pKWmEB","NsiI.TP723097","11","   18034","","1.3204","A"
"4","Trait5","pKWmEB","NsiI.TP723260","11","   18036","","1.1702","C"
"4","Trait5","pKWmEB","NsiI.TP723262","11","   18037","","0.3542","A"
"4","Trait5","pKWmEB","NsiI.TP723468","11","   18040","","0.4067","C"
"4","Trait5","pKWmEB","NsiI.TP723786","11","   18041","","0.3488","G"
"4","Trait5","pKWmEB","NsiI.TP723787","11","   18042","","0.4382","C"
"4","Trait5","pKWmEB","NsiI.TP723925","11","   18044","","0.6171","C"
"4","Trait5","pKWmEB","NsiI.TP724010","11","   18045","","0.2212","A"
"4","Trait5","pKWmEB","NsiI.TP724026","11","   18046","","0.2986","C"
"4","Trait5","pKWmEB","NsiI.TP724189","11","   18049","","0.4399","C"
"4","Trait5","pKWmEB","NsiI.TP724994","11","   18051","","0.1907","A"
"4","Trait5","pKWmEB","NsiI.TP725146","11","   18052","","0.5585","A"
"4","Trait5","pKWmEB","NsiI.TP725266","11","   18053","","0.5493","C"
"4","Trait5","pKWmEB","NsiI.TP725330","11","   18054","","1.3675","A"
"4","Trait5","pKWmEB","NsiI.TP725362","11","   18055","","1.6048","A"
"4","Trait5","pKWmEB","NsiI.TP725502","11","   18057","","0.3997","A"
"4","Trait5","pKWmEB","NsiI.TP725567","11","   18058","","1.1773","A"
"4","Trait5","pKWmEB","NsiI.TP726610","11","   18059","","0.2815","C"
"4","Trait5","pKWmEB","NsiI.TP726622","11","   18060","","1.3789","C"
"4","Trait5","pKWmEB","NsiI.TP726655","11","   18061","","0.0110","A"
"4","Trait5","pKWmEB","NsiI.TP726703","11","   18062","","0.7575","C"
"4","Trait5","pKWmEB","NsiI.TP726942","11","   18063","","0.7280","A"
"4","Trait5","pKWmEB","NsiI.TP726982","11","   18064","","0.1971","C"
"4","Trait5","pKWmEB","NsiI.TP726987","11","   18065","","2.1490","C"
"4","Trait5","pKWmEB","NsiI.TP727098","11","   18066","","0.3027","C"
"4","Trait5","pKWmEB","NsiI.TP727186","11","   18067","","0.4127","C"
"4","Trait5","pKWmEB","NsiI.TP727988","11","   18069","","0.0419","C"
"4","Trait5","pKWmEB","NsiI.TP728403","11","   18070","","0.0959","A"
"4","Trait5","pKWmEB","NsiI.TP728788","11","   18071","","0.4169","C"
"4","Trait5","pKWmEB","NsiI.TP729037","11","   18073","","0.4003","C"
"4","Trait5","pKWmEB","NsiI.TP729087","11","   18074","","0.5925","C"
"4","Trait5","pKWmEB","NsiI.TP729322","11","   18076","","0.0305","C"
"4","Trait5","pKWmEB","NsiI.TP729673","11","   18080","","0.2020","C"
"4","Trait5","pKWmEB","NsiI.TP729691","11","   18081","","0.1523","A"
"4","Trait5","pKWmEB","NsiI.TP729698","11","   18082","","0.6888","C"
"4","Trait5","pKWmEB","NsiI.TP730351","11","   18084","","0.8129","C"
"4","Trait5","pKWmEB","NsiI.TP730471","11","   18085","","0.0132","A"
"4","Trait5","pKWmEB","NsiI.TP730545","11","   18087","","0.1547","C"
"4","Trait5","pKWmEB","NsiI.TP730614","11","   18088","","0.5703","C"
"4","Trait5","pKWmEB","NsiI.TP730817","11","   18090","","0.0323","C"
"4","Trait5","pKWmEB","NsiI.TP730827","11","   18091","","0.9336","A"
"4","Trait5","pKWmEB","NsiI.TP730868","11","   18092","","0.4341","A"
"4","Trait5","pKWmEB","NsiI.TP730965","11","   18093","","0.4353","A"
"4","Trait5","pKWmEB","NsiI.TP731030","11","   18095","","1.4331","C"
"4","Trait5","pKWmEB","NsiI.TP731293","11","   18096","","0.0941","A"
"4","Trait5","pKWmEB","NsiI.TP731302","11","   18097","","0.0519","C"
"4","Trait5","pKWmEB","NsiI.TP731490","11","   18098","","0.0860","A"
"4","Trait5","pKWmEB","NsiI.TP731536","11","   18099","","0.1330","A"
"4","Trait5","pKWmEB","NsiI.TP731617","11","   18100","","0.9177","A"
"4","Trait5","pKWmEB","NsiI.TP731629","11","   18101","","0.1587","A"
"4","Trait5","pKWmEB","NsiI.TP731646","11","   18102","","2.0381","A"
"4","Trait5","pKWmEB","NsiI.TP731678","11","   18103","","0.5601","C"
"4","Trait5","pKWmEB","NsiI.TP731691","11","   18104","","0.0604","C"
"4","Trait5","pKWmEB","NsiI.TP731812","11","   18106","","0.2811","C"
"4","Trait5","pKWmEB","NsiI.TP731856","11","   18107","","0.2480","C"
"4","Trait5","pKWmEB","NsiI.TP731857","11","   18108","","0.0749","C"
"4","Trait5","pKWmEB","NsiI.TP732055","11","   18109","","0.2688","C"
"4","Trait5","pKWmEB","NsiI.TP732085","11","   18110","","0.2191","C"
"4","Trait5","pKWmEB","NsiI.TP732133","11","   18112","","0.2263","C"
"4","Trait5","pKWmEB","NsiI.TP732153","11","   18113","","0.3325","C"
"4","Trait5","pKWmEB","NsiI.TP732249","11","   18115","","0.8054","A"
"4","Trait5","pKWmEB","NsiI.TP732250","11","   18116","","2.0344","C"
"4","Trait5","pKWmEB","NsiI.TP732537","11","   18118","","0.1318","A"
"4","Trait5","pKWmEB","NsiI.TP732539","11","   18119","","0.0762","C"
"4","Trait5","pKWmEB","NsiI.TP732585","11","   18120","","0.3875","A"
"4","Trait5","pKWmEB","NsiI.TP732679","11","   18121","","0.0195","C"
"4","Trait5","pKWmEB","NsiI.TP732684","11","   18122","","0.4872","A"
"4","Trait5","pKWmEB","NsiI.TP732714","11","   18123","","0.1160","C"
"4","Trait5","pKWmEB","NsiI.TP732958","11","   18125","","0.3566","A"
"4","Trait5","pKWmEB","NsiI.TP733138","11","   18126","","0.0474","A"
"4","Trait5","pKWmEB","NsiI.TP733275","11","   18127","","0.6687","C"
"4","Trait5","pKWmEB","NsiI.TP733766","11","   18129","","0.3202","C"
"4","Trait5","pKWmEB","NsiI.TP734072","11","   18130","","0.0855","C"
"4","Trait5","pKWmEB","NsiI.TP734463","11","   18131","","1.5485","C"
"4","Trait5","pKWmEB","NsiI.TP734605","11","   18132","","0.7665","A"
"4","Trait5","pKWmEB","NsiI.TP734694","11","   18133","","0.2694","C"
"4","Trait5","pKWmEB","NsiI.TP734854","11","   18135","","0.0040","A"
"4","Trait5","pKWmEB","NsiI.TP734981","11","   18136","","0.5226","C"
"4","Trait5","pKWmEB","NsiI.TP735064","11","   18137","","0.4423","A"
"4","Trait5","pKWmEB","NsiI.TP735281","11","   18138","","0.6056","A"
"4","Trait5","pKWmEB","NsiI.TP735682","11","   18141","","0.0385","A"
"4","Trait5","pKWmEB","NsiI.TP735702","11","   18142","","0.0019","A"
"4","Trait5","pKWmEB","NsiI.TP735839","11","   18143","","0.0040","A"
"4","Trait5","pKWmEB","NsiI.TP735924","11","   18144","","0.5744","C"
"4","Trait5","pKWmEB","NsiI.TP736179","11","   18146","","1.0223","A"
"4","Trait5","pKWmEB","NsiI.TP736273","11","   18148","","0.4673","G"
"4","Trait5","pKWmEB","NsiI.TP736287","11","   18149","","1.1823","C"
"4","Trait5","pKWmEB","NsiI.TP736477","11","   18151","","0.0257","C"
"4","Trait5","pKWmEB","NsiI.TP736658","11","   18152","","0.0435","A"
"4","Trait5","pKWmEB","NsiI.TP736659","11","   18153","","0.9269","C"
"4","Trait5","pKWmEB","NsiI.TP736660","11","   18154","","0.1979","G"
"4","Trait5","pKWmEB","NsiI.TP736821","11","   18156","","1.4164","C"
"4","Trait5","pKWmEB","NsiI.TP736946","11","   18157","","0.4417","C"
"4","Trait5","pKWmEB","NsiI.TP737150","11","   18160","","0.2995","C"
"4","Trait5","pKWmEB","NsiI.TP737174","11","   18161","","0.5350","C"
"4","Trait5","pKWmEB","NsiI.TP737533","11","   18164","","0.6110","A"
"4","Trait5","pKWmEB","NsiI.TP737845","11","   18165","","0.0785","C"
"4","Trait5","pKWmEB","NsiI.TP737867","11","   18167","","0.9784","A"
"4","Trait5","pKWmEB","NsiI.TP737957","11","   18168","","0.2673","A"
"4","Trait5","pKWmEB","NsiI.TP738000","11","   18170","","0.1004","C"
"4","Trait5","pKWmEB","NsiI.TP738105","11","   18171","","0.7549","A"
"4","Trait5","pKWmEB","NsiI.TP738108","11","   18172","","0.3694","A"
"4","Trait5","pKWmEB","NsiI.TP738214","11","   18173","","0.0794","C"
"4","Trait5","pKWmEB","NsiI.TP738252","11","   18174","","0.4652","G"
"4","Trait5","pKWmEB","NsiI.TP738305","11","   18175","","0.1916","A"
"4","Trait5","pKWmEB","NsiI.TP738394","11","   18176","","1.3174","A"
"4","Trait5","pKWmEB","NsiI.TP738505","11","   18177","","0.0283","A"
"4","Trait5","pKWmEB","NsiI.TP738793","11","   18179","","0.5748","A"
"4","Trait5","pKWmEB","NsiI.TP738918","11","   18181","","0.6918","A"
"4","Trait5","pKWmEB","NsiI.TP738919","11","   18182","","0.5624","C"
"4","Trait5","pKWmEB","NsiI.TP738981","11","   18183","","1.5855","A"
"4","Trait5","pKWmEB","NsiI.TP739042","11","   18185","","0.2179","C"
"4","Trait5","pKWmEB","NsiI.TP739142","11","   18186","","0.1569","C"
"4","Trait5","pKWmEB","NsiI.TP739212","11","   18187","","0.4456","A"
"4","Trait5","pKWmEB","NsiI.TP739321","11","   18189","","1.2190","A"
"4","Trait5","pKWmEB","NsiI.TP739343","11","   18190","","0.8301","A"
"4","Trait5","pKWmEB","NsiI.TP739382","11","   18191","","0.6301","C"
"4","Trait5","pKWmEB","NsiI.TP739565","11","   18192","","0.5624","A"
"4","Trait5","pKWmEB","NsiI.TP740164","11","   18193","","0.1781","C"
"4","Trait5","pKWmEB","NsiI.TP740361","11","   18195","","0.1260","A"
"4","Trait5","pKWmEB","NsiI.TP740377","11","   18196","","0.0942","C"
"4","Trait5","pKWmEB","NsiI.TP740448","11","   18197","","0.2146","G"
"4","Trait5","pKWmEB","NsiI.TP740692","11","   18200","","0.0642","C"
"4","Trait5","pKWmEB","NsiI.TP741017","11","   18201","","0.0836","A"
"4","Trait5","pKWmEB","NsiI.TP741045","11","   18202","","0.1375","A"
"4","Trait5","pKWmEB","NsiI.TP741216","11","   18203","","0.9015","C"
"4","Trait5","pKWmEB","NsiI.TP741259","11","   18204","","1.0208","A"
"4","Trait5","pKWmEB","NsiI.TP741298","11","   18205","","0.0272","C"
"4","Trait5","pKWmEB","NsiI.TP741302","11","   18206","","0.0364","C"
"4","Trait5","pKWmEB","NsiI.TP741309","11","   18207","","0.0246","A"
"4","Trait5","pKWmEB","NsiI.TP741311","11","   18208","","1.2988","C"
"4","Trait5","pKWmEB","NsiI.TP741392","11","   18210","","0.0202","A"
"4","Trait5","pKWmEB","NsiI.TP741499","11","   18211","","0.4931","C"
"4","Trait5","pKWmEB","NsiI.TP741558","11","   18212","","0.5496","C"
"4","Trait5","pKWmEB","NsiI.TP741706","11","   18214","","0.7859","A"
"4","Trait5","pKWmEB","NsiI.TP741754","11","   18216","","0.3971","C"
"4","Trait5","pKWmEB","NsiI.TP741904","11","   18218","","0.1467","A"
"4","Trait5","pKWmEB","NsiI.TP742073","11","   18220","","0.2722","C"
"4","Trait5","pKWmEB","NsiI.TP742436","11","   18224","","0.1700","C"
"4","Trait5","pKWmEB","NsiI.TP742642","11","   18225","","0.1860","C"
"4","Trait5","pKWmEB","NsiI.TP742717","11","   18226","","0.2627","A"
"4","Trait5","pKWmEB","NsiI.TP742765","11","   18227","","0.3415","C"
"4","Trait5","pKWmEB","NsiI.TP742785","11","   18229","","0.9999","C"
"4","Trait5","pKWmEB","NsiI.TP742798","11","   18230","","2.0961","G"
"4","Trait5","pKWmEB","NsiI.TP742852","11","   18231","","0.2851","C"
"4","Trait5","pKWmEB","NsiI.TP743045","11","   18233","","0.2831","G"
"4","Trait5","pKWmEB","NsiI.TP743083","11","   18234","","0.6086","A"
"4","Trait5","pKWmEB","NsiI.TP743231","11","   18235","","0.1684","A"
"4","Trait5","pKWmEB","NsiI.TP743293","11","   18236","","0.1625","A"
"4","Trait5","pKWmEB","NsiI.TP743499","11","   18238","","0.9297","A"
"4","Trait5","pKWmEB","NsiI.TP743510","11","   18239","","0.0604","C"
"4","Trait5","pKWmEB","NsiI.TP743521","11","   18240","","0.4993","A"
"4","Trait5","pKWmEB","NsiI.TP743640","11","   18241","","0.0436","A"
"4","Trait5","pKWmEB","NsiI.TP743734","11","   18242","","0.0218","A"
"4","Trait5","pKWmEB","NsiI.TP743766","11","   18243","","0.6993","C"
"4","Trait5","pKWmEB","NsiI.TP743874","11","   18245","","0.7250","C"
"4","Trait5","pKWmEB","NsiI.TP743952","11","   18246","","0.3458","A"
"4","Trait5","pKWmEB","NsiI.TP743958","11","   18247","","0.7783","C"
"4","Trait5","pKWmEB","NsiI.TP744189","11","   18249","","0.1917","C"
"4","Trait5","pKWmEB","NsiI.TP744263","11","   18251","","0.7201","C"
"4","Trait5","pKWmEB","NsiI.TP744543","11","   18252","","1.4960","C"
"4","Trait5","pKWmEB","NsiI.TP744551","11","   18253","","0.0539","C"
"4","Trait5","pKWmEB","NsiI.TP744687","11","   18254","","0.0759","C"
"4","Trait5","pKWmEB","NsiI.TP744690","11","   18255","","0.0165","C"
"4","Trait5","pKWmEB","NsiI.TP744956","11","   18256","","0.0474","C"
"4","Trait5","pKWmEB","NsiI.TP745051","11","   18257","","0.0444","C"
"4","Trait5","pKWmEB","NsiI.TP745193","11","   18258","","0.4749","A"
"4","Trait5","pKWmEB","NsiI.TP745625","11","   18260","","0.6281","G"
"4","Trait5","pKWmEB","NsiI.TP745637","11","   18261","","1.1956","C"
"4","Trait5","pKWmEB","NsiI.TP745674","11","   18262","","0.6720","C"
"4","Trait5","pKWmEB","NsiI.TP745926","11","   18265","","1.4180","C"
"4","Trait5","pKWmEB","NsiI.TP746082","11","   18266","","1.9259","C"
"4","Trait5","pKWmEB","NsiI.TP746193","11","   18267","","0.3706","C"
"4","Trait5","pKWmEB","NsiI.TP746309","11","   18268","","0.1962","A"
"4","Trait5","pKWmEB","NsiI.TP746536","11","   18269","","0.3114","C"
"4","Trait5","pKWmEB","NsiI.TP746605","11","   18270","","0.3761","A"
"4","Trait5","pKWmEB","NsiI.TP746681","11","   18271","","0.2236","A"
"4","Trait5","pKWmEB","NsiI.TP746765","11","   18273","","0.6098","A"
"4","Trait5","pKWmEB","NsiI.TP746953","11","   18274","","0.0470","A"
"4","Trait5","pKWmEB","NsiI.TP746968","11","   18275","","0.2572","C"
"4","Trait5","pKWmEB","NsiI.TP747090","11","   18277","","0.0985","A"
"4","Trait5","pKWmEB","NsiI.TP747164","11","   18278","","0.0343","C"
"4","Trait5","pKWmEB","NsiI.TP747201","11","   18279","","0.3102","C"
"4","Trait5","pKWmEB","NsiI.TP747642","11","   18281","","0.0618","C"
"4","Trait5","pKWmEB","NsiI.TP747742","11","   18283","","0.1698","A"
"4","Trait5","pKWmEB","NsiI.TP747761","11","   18284","","0.1527","C"
"4","Trait5","pKWmEB","NsiI.TP747909","11","   18286","","0.7433","A"
"4","Trait5","pKWmEB","NsiI.TP748079","11","   18290","","1.0900","A"
"4","Trait5","pKWmEB","NsiI.TP748083","11","   18291","","0.0083","A"
"4","Trait5","pKWmEB","NsiI.TP748113","11","   18292","","0.2126","G"
"4","Trait5","pKWmEB","NsiI.TP748429","11","   18295","","0.1018","A"
"4","Trait5","pKWmEB","NsiI.TP748618","11","   18296","","0.1311","G"
"4","Trait5","pKWmEB","NsiI.TP748785","11","   18298","","0.6659","C"
"4","Trait5","pKWmEB","NsiI.TP748803","11","   18299","","0.6104","A"
"4","Trait5","pKWmEB","NsiI.TP748963","11","   18301","","0.7409","A"
"4","Trait5","pKWmEB","NsiI.TP749090","11","   18302","","0.1164","A"
"4","Trait5","pKWmEB","NsiI.TP749124","11","   18303","","0.3748","G"
"4","Trait5","pKWmEB","NsiI.TP749312","11","   18305","","1.1527","A"
"4","Trait5","pKWmEB","NsiI.TP749590","11","   18306","","0.0041","A"
"4","Trait5","pKWmEB","NsiI.TP749729","11","   18308","","0.7740","G"
"4","Trait5","pKWmEB","NsiI.TP749756","11","   18309","","0.0910","A"
"4","Trait5","pKWmEB","NsiI.TP749813","11","   18310","","0.0369","C"
"4","Trait5","pKWmEB","NsiI.TP749951","11","   18312","","0.6879","A"
"4","Trait5","pKWmEB","NsiI.TP750020","11","   18313","","1.0135","A"
"4","Trait5","pKWmEB","NsiI.TP750121","11","   18314","","0.0351","A"
"4","Trait5","pKWmEB","NsiI.TP750473","11","   18316","","0.1788","A"
"4","Trait5","pKWmEB","NsiI.TP750476","11","   18317","","0.2049","G"
"4","Trait5","pKWmEB","NsiI.TP750829","11","   18318","","0.1840","A"
"4","Trait5","pKWmEB","NsiI.TP751198","11","   18320","","0.1265","A"
"4","Trait5","pKWmEB","NsiI.TP751347","11","   18321","","0.5264","A"
"4","Trait5","pKWmEB","NsiI.TP751423","11","   18323","","0.7338","C"
"4","Trait5","pKWmEB","NsiI.TP751476","11","   18326","","0.3215","C"
"4","Trait5","pKWmEB","NsiI.TP751582","11","   18329","","0.1363","C"
"4","Trait5","pKWmEB","NsiI.TP751614","11","   18331","","0.5207","A"
"4","Trait5","pKWmEB","NsiI.TP751802","11","   18332","","0.3629","C"
"4","Trait5","pKWmEB","NsiI.TP751842","11","   18334","","0.5426","A"
"4","Trait5","pKWmEB","NsiI.TP751856","11","   18335","","0.0489","C"
"4","Trait5","pKWmEB","NsiI.TP751926","11","   18336","","1.1902","G"
"4","Trait5","pKWmEB","NsiI.TP751979","11","   18337","","0.1355","C"
"4","Trait5","pKWmEB","NsiI.TP751991","11","   18338","","0.2392","A"
"4","Trait5","pKWmEB","NsiI.TP752040","11","   18339","","0.2234","A"
"4","Trait5","pKWmEB","NsiI.TP752274","11","   18343","","1.4091","A"
"4","Trait5","pKWmEB","NsiI.TP752278","11","   18344","","0.3693","A"
"4","Trait5","pKWmEB","NsiI.TP752341","11","   18345","","0.3975","C"
"4","Trait5","pKWmEB","NsiI.TP752444","11","   18346","","0.3093","C"
"4","Trait5","pKWmEB","NsiI.TP752448","11","   18347","","1.6352","C"
"4","Trait5","pKWmEB","NsiI.TP752630","11","   18348","","1.2229","A"
"4","Trait5","pKWmEB","NsiI.TP752661","11","   18349","","0.2314","A"
"4","Trait5","pKWmEB","NsiI.TP752797","11","   18350","","0.2608","C"
"4","Trait5","pKWmEB","NsiI.TP752850","11","   18351","","0.3728","A"
"4","Trait5","pKWmEB","NsiI.TP752864","11","   18352","","0.0156","C"
"4","Trait5","pKWmEB","NsiI.TP752897","11","   18353","","0.0791","A"
"4","Trait5","pKWmEB","NsiI.TP752905","11","   18354","","0.9441","A"
"4","Trait5","pKWmEB","NsiI.TP752960","11","   18355","","0.2283","C"
"4","Trait5","pKWmEB","NsiI.TP753053","11","   18356","","0.0058","G"
"4","Trait5","pKWmEB","NsiI.TP753125","11","   18357","","0.1442","A"
"4","Trait5","pKWmEB","NsiI.TP753145","11","   18359","","0.0036","C"
"4","Trait5","pKWmEB","NsiI.TP753254","11","   18360","","0.0739","A"
"4","Trait5","pKWmEB","NsiI.TP753326","11","   18362","","0.3116","A"
"4","Trait5","pKWmEB","NsiI.TP753330","11","   18363","","0.8944","G"
"4","Trait5","pKWmEB","NsiI.TP753384","11","   18365","","0.6252","C"
"4","Trait5","pKWmEB","NsiI.TP753438","11","   18366","","0.1637","C"
"4","Trait5","pKWmEB","NsiI.TP753580","11","   18367","","0.9878","C"
"4","Trait5","pKWmEB","NsiI.TP753742","11","   18369","","0.1520","A"
"4","Trait5","pKWmEB","NsiI.TP753772","11","   18370","","0.3691","C"
"4","Trait5","pKWmEB","NsiI.TP753835","11","   18371","","2.7867","A"
"4","Trait5","pKWmEB","NsiI.TP753882","11","   18372","","0.7618","C"
"4","Trait5","pKWmEB","NsiI.TP753932","11","   18375","","0.0316","C"
"4","Trait5","pKWmEB","NsiI.TP753957","11","   18376","","0.2628","A"
"4","Trait5","pKWmEB","NsiI.TP753972","11","   18377","","0.0531","C"
"4","Trait5","pKWmEB","NsiI.TP754058","11","   18378","","0.3005","A"
"4","Trait5","pKWmEB","NsiI.TP754075","11","   18380","","0.0803","G"
"4","Trait5","pKWmEB","NsiI.TP754113","11","   18381","","0.3350","A"
"4","Trait5","pKWmEB","NsiI.TP754284","11","   18382","","1.0388","A"
"4","Trait5","pKWmEB","NsiI.TP754357","11","   18383","","0.3081","A"
"4","Trait5","pKWmEB","NsiI.TP754368","11","   18384","","0.2430","A"
"4","Trait5","pKWmEB","NsiI.TP754417","11","   18386","","0.3459","A"
"4","Trait5","pKWmEB","NsiI.TP754536","11","   18387","","1.2310","A"
"4","Trait5","pKWmEB","NsiI.TP754542","11","   18388","","0.6234","C"
"4","Trait5","pKWmEB","NsiI.TP754560","11","   18390","","0.8375","A"
"4","Trait5","pKWmEB","NsiI.TP754655","11","   18392","","0.0606","G"
"4","Trait5","pKWmEB","NsiI.TP754703","11","   18393","","0.5039","A"
"4","Trait5","pKWmEB","NsiI.TP754733","11","   18394","","0.2438","A"
"4","Trait5","pKWmEB","NsiI.TP754774","11","   18395","","0.2379","C"
"4","Trait5","pKWmEB","NsiI.TP754775","11","   18396","","0.1548","C"
"4","Trait5","pKWmEB","NsiI.TP754833","11","   18397","","1.7501","A"
"4","Trait5","pKWmEB","NsiI.TP754834","11","   18398","","0.0984","G"
"4","Trait5","pKWmEB","NsiI.TP754882","11","   18401","","0.1490","C"
"4","Trait5","pKWmEB","NsiI.TP754924","11","   18402","","1.2596","A"
"4","Trait5","pKWmEB","NsiI.TP754953","11","   18403","","1.0558","A"
"4","Trait5","pKWmEB","NsiI.TP755005","11","   18404","","0.6183","A"
"4","Trait5","pKWmEB","NsiI.TP755039","11","   18405","","0.7331","A"
"4","Trait5","pKWmEB","NsiI.TP755413","11","   18407","","0.2121","C"
"4","Trait5","pKWmEB","NsiI.TP755633","11","   18409","","0.8978","G"
"4","Trait5","pKWmEB","NsiI.TP755644","11","   18410","","1.0209","C"
"4","Trait5","pKWmEB","NsiI.TP755733","11","   18411","","0.8831","A"
"4","Trait5","pKWmEB","NsiI.TP755738","11","   18412","","0.0476","A"
"4","Trait5","pKWmEB","NsiI.TP755739","11","   18413","","0.1148","C"
"4","Trait5","pKWmEB","NsiI.TP756133","11","   18414","","1.3262","A"
"4","Trait5","pKWmEB","NsiI.TP756399","11","   18416","","0.1548","A"
"4","Trait5","pKWmEB","NsiI.TP756415","11","   18419","","0.5835","A"
"4","Trait5","pKWmEB","NsiI.TP756601","11","   18421","","0.1301","C"
"4","Trait5","pKWmEB","NsiI.TP756667","11","   18422","","0.2369","A"
"4","Trait5","pKWmEB","NsiI.TP756730","11","   18423","","0.4296","C"
"4","Trait5","pKWmEB","NsiI.TP756768","11","   18424","","0.2756","C"
"4","Trait5","pKWmEB","NsiI.TP756813","11","   18425","","0.0793","C"
"4","Trait5","pKWmEB","NsiI.TP756875","11","   18426","","0.4286","G"
"4","Trait5","pKWmEB","NsiI.TP757313","11","   18428","","0.0984","C"
"4","Trait5","pKWmEB","NsiI.TP757316","11","   18429","","0.8129","C"
"4","Trait5","pKWmEB","NsiI.TP757530","11","   18431","","0.2008","A"
"4","Trait5","pKWmEB","NsiI.TP757767","11","   18433","","1.0810","C"
"4","Trait5","pKWmEB","NsiI.TP757869","11","   18434","","0.9581","A"
"4","Trait5","pKWmEB","NsiI.TP757884","11","   18435","","0.7444","A"
"4","Trait5","pKWmEB","NsiI.TP757968","11","   18436","","0.3659","C"
"4","Trait5","pKWmEB","NsiI.TP758045","11","   18437","","0.3418","C"
"4","Trait5","pKWmEB","NsiI.TP758052","11","   18438","","0.2034","C"
"4","Trait5","pKWmEB","NsiI.TP758506","11","   18441","","0.2718","A"
"4","Trait5","pKWmEB","NsiI.TP758668","11","   18443","","0.0768","A"
"4","Trait5","pKWmEB","NsiI.TP758704","11","   18444","","0.3751","A"
"4","Trait5","pKWmEB","NsiI.TP758724","11","   18445","","0.3763","C"
"4","Trait5","pKWmEB","NsiI.TP758728","11","   18446","","1.2121","G"
"4","Trait5","pKWmEB","NsiI.TP758756","11","   18448","","0.0240","C"
"4","Trait5","pKWmEB","NsiI.TP758789","11","   18449","","1.0707","C"
"4","Trait5","pKWmEB","NsiI.TP759015","11","   18450","","0.0771","A"
"4","Trait5","pKWmEB","NsiI.TP759132","11","   18453","","0.6953","A"
"4","Trait5","pKWmEB","NsiI.TP759141","11","   18454","","0.4961","C"
"4","Trait5","pKWmEB","NsiI.TP759185","11","   18455","","0.0869","A"
"4","Trait5","pKWmEB","NsiI.TP759829","11","   18460","","0.1932","G"
"4","Trait5","pKWmEB","NsiI.TP759872","11","   18462","","0.4855","C"
"4","Trait5","pKWmEB","NsiI.TP759960","11","   18464","","0.4013","A"
"4","Trait5","pKWmEB","NsiI.TP759988","11","   18465","","0.2463","A"
"4","Trait5","pKWmEB","NsiI.TP760026","11","   18467","","0.0292","C"
"4","Trait5","pKWmEB","NsiI.TP760170","11","   18469","","0.1917","A"
"4","Trait5","pKWmEB","NsiI.TP760301","11","   18470","","0.7252","C"
"4","Trait5","pKWmEB","NsiI.TP760466","11","   18471","","0.5359","A"
"4","Trait5","pKWmEB","NsiI.TP760483","11","   18472","","0.6603","C"
"4","Trait5","pKWmEB","NsiI.TP760488","11","   18473","","0.0664","A"
"4","Trait5","pKWmEB","NsiI.TP760712","11","   18475","","0.0037","C"
"4","Trait5","pKWmEB","NsiI.TP760719","11","   18476","","0.1621","C"
"4","Trait5","pKWmEB","NsiI.TP760725","11","   18477","","0.2047","C"
"4","Trait5","pKWmEB","NsiI.TP760784","11","   18478","","0.4703","C"
"4","Trait5","pKWmEB","NsiI.TP760818","11","   18479","","0.0041","C"
"4","Trait5","pKWmEB","NsiI.TP760856","11","   18481","","1.3888","C"
"4","Trait5","pKWmEB","NsiI.TP760896","11","   18484","","1.0543","A"
"4","Trait5","pKWmEB","NsiI.TP760995","11","   18486","","0.3452","A"
"4","Trait5","pKWmEB","NsiI.TP761212","11","   18488","","2.7156","C"
"4","Trait5","pKWmEB","NsiI.TP761259","11","   18489","","1.1116","C"
"4","Trait5","pKWmEB","NsiI.TP762038","11","   18493","","0.3520","A"
"4","Trait5","pKWmEB","NsiI.TP762142","11","   18495","","0.7900","C"
"4","Trait5","pKWmEB","NsiI.TP762264","11","   18496","","0.1649","C"
"4","Trait5","pKWmEB","NsiI.TP762429","11","   18498","","0.0420","C"
"4","Trait5","pKWmEB","NsiI.TP762490","11","   18499","","0.3411","A"
"4","Trait5","pKWmEB","NsiI.TP762500","11","   18500","","1.2044","C"
"4","Trait5","pKWmEB","NsiI.TP762593","11","   18502","","0.1866","A"
"4","Trait5","pKWmEB","NsiI.TP762599","11","   18503","","0.1575","C"
"4","Trait5","pKWmEB","NsiI.TP762627","11","   18504","","0.2556","C"
"4","Trait5","pKWmEB","NsiI.TP762789","11","   18505","","0.2891","G"
"4","Trait5","pKWmEB","NsiI.TP762798","11","   18506","","0.7107","A"
"4","Trait5","pKWmEB","NsiI.TP762817","11","   18507","","0.9313","A"
"4","Trait5","pKWmEB","NsiI.TP762838","11","   18508","","0.0630","A"
"4","Trait5","pKWmEB","NsiI.TP762947","11","   18509","","0.2680","C"
"4","Trait5","pKWmEB","NsiI.TP763107","11","   18511","","1.6525","A"
"4","Trait5","pKWmEB","NsiI.TP763201","11","   18514","","0.3986","A"
"4","Trait5","pKWmEB","NsiI.TP763300","11","   18516","","0.1920","C"
"4","Trait5","pKWmEB","NsiI.TP763435","11","   18517","","0.4616","C"
"4","Trait5","pKWmEB","NsiI.TP763527","11","   18519","","0.1097","C"
"4","Trait5","pKWmEB","NsiI.TP763561","11","   18520","","2.1784","C"
"4","Trait5","pKWmEB","NsiI.TP763691","11","   18523","","0.6351","A"
"4","Trait5","pKWmEB","NsiI.TP763723","11","   18524","","0.5388","G"
"4","Trait5","pKWmEB","NsiI.TP763977","11","   18525","","0.0199","A"
"4","Trait5","pKWmEB","NsiI.TP763994","11","   18526","","0.5640","C"
"4","Trait5","pKWmEB","NsiI.TP764013","11","   18527","","0.5630","A"
"4","Trait5","pKWmEB","NsiI.TP764175","11","   18529","","0.3588","C"
"4","Trait5","pKWmEB","NsiI.TP764261","11","   18531","","0.9661","C"
"4","Trait5","pKWmEB","NsiI.TP764371","11","   18533","","0.1081","A"
"4","Trait5","pKWmEB","NsiI.TP764401","11","   18534","","0.0917","A"
"4","Trait5","pKWmEB","NsiI.TP764466","11","   18535","","0.1621","A"
"4","Trait5","pKWmEB","NsiI.TP764541","11","   18536","","0.0735","C"
"4","Trait5","pKWmEB","NsiI.TP764682","11","   18538","","0.5359","C"
"4","Trait5","pKWmEB","NsiI.TP764874","11","   18542","","1.0813","C"
"4","Trait5","pKWmEB","NsiI.TP764880","11","   18543","","0.2081","A"
"4","Trait5","pKWmEB","NsiI.TP764893","11","   18544","","0.9268","C"
"4","Trait5","pKWmEB","NsiI.TP764967","11","   18545","","0.3760","C"
"4","Trait5","pKWmEB","NsiI.TP765145","11","   18547","","0.3271","C"
"4","Trait5","pKWmEB","NsiI.TP765222","11","   18548","","0.4855","A"
"4","Trait5","pKWmEB","NsiI.TP765276","11","   18550","","0.3079","C"
"4","Trait5","pKWmEB","NsiI.TP765277","11","   18551","","0.5965","A"
"4","Trait5","pKWmEB","NsiI.TP765283","11","   18552","","0.1043","A"
"4","Trait5","pKWmEB","NsiI.TP765341","11","   18554","","2.1335","C"
"4","Trait5","pKWmEB","NsiI.TP765374","11","   18555","","0.4468","C"
"4","Trait5","pKWmEB","NsiI.TP765826","11","   18559","","0.4322","C"
"4","Trait5","pKWmEB","NsiI.TP765857","11","   18560","","0.2346","A"
"4","Trait5","pKWmEB","NsiI.TP765941","11","   18561","","0.0961","C"
"4","Trait5","pKWmEB","NsiI.TP766018","11","   18565","","0.8058","A"
"4","Trait5","pKWmEB","NsiI.TP766146","11","   18566","","0.3580","C"
"4","Trait5","pKWmEB","NsiI.TP766161","11","   18567","","0.1768","A"
"4","Trait5","pKWmEB","NsiI.TP766242","11","   18569","","0.2054","G"
"4","Trait5","pKWmEB","NsiI.TP766283","11","   18570","","0.5593","G"
"4","Trait5","pKWmEB","NsiI.TP766580","11","   18573","","0.1776","A"
"4","Trait5","pKWmEB","NsiI.TP766603","11","   18574","","0.9355","A"
"4","Trait5","pKWmEB","NsiI.TP766761","11","   18577","","1.1632","A"
"4","Trait5","pKWmEB","NsiI.TP766775","11","   18578","","0.2064","C"
"4","Trait5","pKWmEB","NsiI.TP766870","11","   18579","","0.1163","A"
"4","Trait5","pKWmEB","NsiI.TP766900","11","   18580","","0.3054","C"
"4","Trait5","pKWmEB","NsiI.TP767106","11","   18583","","0.3259","G"
"4","Trait5","pKWmEB","NsiI.TP767168","11","   18584","","0.1628","A"
"4","Trait5","pKWmEB","NsiI.TP767179","11","   18585","","0.8088","A"
"4","Trait5","pKWmEB","NsiI.TP767226","11","   18587","","0.2159","C"
"4","Trait5","pKWmEB","NsiI.TP767235","11","   18588","","0.7112","A"
"4","Trait5","pKWmEB","NsiI.TP767243","11","   18589","","0.0462","A"
"4","Trait5","pKWmEB","NsiI.TP767290","11","   18590","","0.3342","A"
"4","Trait5","pKWmEB","NsiI.TP767918","11","   18591","","0.6302","A"
"4","Trait5","pKWmEB","NsiI.TP767983","11","   18593","","1.1186","A"
"4","Trait5","pKWmEB","NsiI.TP768134","11","   18594","","0.3235","A"
"4","Trait5","pKWmEB","NsiI.TP768147","11","   18595","","0.2699","C"
"4","Trait5","pKWmEB","NsiI.TP768152","11","   18596","","0.2828","A"
"4","Trait5","pKWmEB","NsiI.TP768356","11","   18599","","0.4603","A"
"4","Trait5","pKWmEB","NsiI.TP768681","11","   18601","","0.0067","C"
"4","Trait5","pKWmEB","NsiI.TP769321","11","   18604","","0.1270","A"
"4","Trait5","pKWmEB","NsiI.TP769342","11","   18605","","0.8301","A"
"4","Trait5","pKWmEB","NsiI.TP769358","11","   18606","","0.8006","C"
"4","Trait5","pKWmEB","NsiI.TP769375","11","   18607","","0.1405","A"
"4","Trait5","pKWmEB","NsiI.TP769469","11","   18608","","0.2221","C"
"4","Trait5","pKWmEB","NsiI.TP769524","11","   18610","","0.2501","A"
"4","Trait5","pKWmEB","NsiI.TP769640","11","   18611","","0.3746","C"
"4","Trait5","pKWmEB","NsiI.TP769842","11","   18613","","0.1131","C"
"4","Trait5","pKWmEB","NsiI.TP769979","11","   18614","","0.5530","A"
"4","Trait5","pKWmEB","NsiI.TP770170","11","   18616","","0.2705","A"
"4","Trait5","pKWmEB","NsiI.TP770221","11","   18617","","0.5271","A"
"4","Trait5","pKWmEB","NsiI.TP770268","11","   18618","","0.1353","G"
"4","Trait5","pKWmEB","NsiI.TP770353","11","   18619","","0.6626","A"
"4","Trait5","pKWmEB","NsiI.TP770598","11","   18620","","0.7202","C"
"4","Trait5","pKWmEB","NsiI.TP770602","11","   18621","","0.0119","A"
"4","Trait5","pKWmEB","NsiI.TP770773","11","   18623","","0.5986","C"
"4","Trait5","pKWmEB","NsiI.TP770780","11","   18624","","0.4661","C"
"4","Trait5","pKWmEB","NsiI.TP770816","11","   18625","","0.8190","C"
"4","Trait5","pKWmEB","NsiI.TP770913","11","   18626","","2.7865","C"
"4","Trait5","pKWmEB","NsiI.TP771175","11","   18628","","0.3895","A"
"4","Trait5","pKWmEB","NsiI.TP771293","11","   18630","","0.1824","C"
"4","Trait5","pKWmEB","NsiI.TP771458","11","   18631","","0.4817","C"
"4","Trait5","pKWmEB","NsiI.TP771507","11","   18632","","0.0223","A"
"4","Trait5","pKWmEB","NsiI.TP771555","11","   18635","","1.0912","C"
"4","Trait5","pKWmEB","NsiI.TP771630","11","   18636","","0.0210","A"
"4","Trait5","pKWmEB","NsiI.TP771656","11","   18637","","0.1084","C"
"4","Trait5","pKWmEB","NsiI.TP771719","11","   18639","","0.4368","C"
"4","Trait5","pKWmEB","NsiI.TP771870","11","   18640","","0.1283","C"
"4","Trait5","pKWmEB","NsiI.TP772115","11","   18641","","0.3214","C"
"4","Trait5","pKWmEB","NsiI.TP772165","11","   18642","","0.3839","A"
"4","Trait5","pKWmEB","NsiI.TP772187","11","   18643","","0.7777","A"
"4","Trait5","pKWmEB","NsiI.TP772244","11","   18644","","0.2082","A"
"4","Trait5","pKWmEB","NsiI.TP772261","11","   18645","","0.9361","A"
"4","Trait5","pKWmEB","NsiI.TP772712","11","   18647","","0.2209","A"
"4","Trait5","pKWmEB","NsiI.TP772809","11","   18649","","0.9316","A"
"4","Trait5","pKWmEB","NsiI.TP773119","11","   18651","","0.8532","A"
"4","Trait5","pKWmEB","NsiI.TP773327","11","   18652","","1.0336","A"
"4","Trait5","pKWmEB","NsiI.TP773387","11","   18655","","0.6663","G"
"4","Trait5","pKWmEB","NsiI.TP773447","11","   18656","","0.0947","A"
"4","Trait5","pKWmEB","NsiI.TP773854","11","   18657","","0.0326","A"
"4","Trait5","pKWmEB","NsiI.TP774057","11","   18659","","0.8269","C"
"4","Trait5","pKWmEB","NsiI.TP774380","11","   18660","","0.4682","C"
"4","Trait5","pKWmEB","NsiI.TP774604","11","   18662","","0.1878","A"
"4","Trait5","pKWmEB","NsiI.TP774882","11","   18664","","0.7308","A"
"4","Trait5","pKWmEB","NsiI.TP774913","11","   18665","","1.4501","C"
"4","Trait5","pKWmEB","NsiI.TP774957","11","   18666","","0.0114","C"
"4","Trait5","pKWmEB","NsiI.TP775076","11","   18668","","1.4873","C"
"4","Trait5","pKWmEB","NsiI.TP775156","11","   18669","","0.6286","A"
"4","Trait5","pKWmEB","NsiI.TP775176","11","   18670","","0.0269","A"
"4","Trait5","pKWmEB","NsiI.TP775185","11","   18671","","0.5668","A"
"4","Trait5","pKWmEB","NsiI.TP775255","11","   18672","","0.5631","A"
"4","Trait5","pKWmEB","NsiI.TP775299","11","   18673","","0.6699","A"
"4","Trait5","pKWmEB","NsiI.TP775404","11","   18674","","0.4093","A"
"4","Trait5","pKWmEB","NsiI.TP775407","11","   18675","","1.1899","C"
"4","Trait5","pKWmEB","NsiI.TP775689","11","   18677","","0.8334","A"
"4","Trait5","pKWmEB","NsiI.TP776091","11","   18679","","0.8322","A"
"4","Trait5","pKWmEB","NsiI.TP776203","11","   18680","","0.2356","C"
"4","Trait5","pKWmEB","NsiI.TP776852","11","   18686","","0.3065","A"
"4","Trait5","pKWmEB","NsiI.TP776897","11","   18688","","0.3084","A"
"4","Trait5","pKWmEB","NsiI.TP776898","11","   18689","","0.9827","A"
"4","Trait5","pKWmEB","NsiI.TP777080","11","   18691","","0.7868","A"
"4","Trait5","pKWmEB","NsiI.TP777134","11","   18694","","0.6654","C"
"4","Trait5","pKWmEB","NsiI.TP777192","11","   18698","","0.2975","A"
"4","Trait5","pKWmEB","NsiI.TP777325","11","   18700","","1.7307","C"
"4","Trait5","pKWmEB","NsiI.TP777467","11","   18702","","0.4262","C"
"4","Trait5","pKWmEB","NsiI.TP777566","11","   18703","","0.0091","C"
"4","Trait5","pKWmEB","NsiI.TP777657","11","   18704","","0.4814","A"
"4","Trait5","pKWmEB","NsiI.TP777687","11","   18705","","1.4231","G"
"4","Trait5","pKWmEB","NsiI.TP777695","11","   18706","","0.1269","C"
"4","Trait5","pKWmEB","NsiI.TP777758","11","   18707","","0.5915","C"
"4","Trait5","pKWmEB","NsiI.TP778041","11","   18708","","0.6014","C"
"4","Trait5","pKWmEB","NsiI.TP778207","11","   18709","","0.0513","A"
"4","Trait5","pKWmEB","NsiI.TP778352","11","   18710","","0.5149","A"
"4","Trait5","pKWmEB","NsiI.TP778397","11","   18711","","0.2354","C"
"4","Trait5","pKWmEB","NsiI.TP778477","11","   18712","","0.0579","A"
"4","Trait5","pKWmEB","NsiI.TP778526","11","   18714","","0.4966","C"
"4","Trait5","pKWmEB","NsiI.TP778639","11","   18715","","0.1999","C"
"4","Trait5","pKWmEB","NsiI.TP778674","11","   18716","","0.3909","G"
"4","Trait5","pKWmEB","NsiI.TP778906","11","   18718","","0.0119","A"
"4","Trait5","pKWmEB","NsiI.TP778912","11","   18719","","0.6816","A"
"4","Trait5","pKWmEB","NsiI.TP779166","11","   18721","","0.3194","A"
"4","Trait5","pKWmEB","NsiI.TP779302","11","   18722","","0.3384","A"
"4","Trait5","pKWmEB","NsiI.TP779510","11","   18727","","0.0139","C"
"4","Trait5","pKWmEB","NsiI.TP779580","11","   18728","","0.3945","C"
"4","Trait5","pKWmEB","NsiI.TP779732","11","   18729","","0.0938","G"
"4","Trait5","pKWmEB","NsiI.TP779947","11","   18730","","0.2605","G"
"4","Trait5","pKWmEB","NsiI.TP779950","11","   18731","","0.4131","C"
"4","Trait5","pKWmEB","NsiI.TP779985","11","   18732","","0.2686","C"
"4","Trait5","pKWmEB","NsiI.TP780029","11","   18734","","0.1268","A"
"4","Trait5","pKWmEB","NsiI.TP780201","11","   18736","","0.0762","A"
"4","Trait5","pKWmEB","NsiI.TP780321","11","   18737","","1.4718","A"
"4","Trait5","pKWmEB","NsiI.TP780426","11","   18738","","0.1476","C"
"4","Trait5","pKWmEB","NsiI.TP780472","11","   18739","","0.0278","A"
"4","Trait5","pKWmEB","NsiI.TP780526","11","   18741","","0.2131","C"
"4","Trait5","pKWmEB","NsiI.TP780584","11","   18743","","0.1452","C"
"4","Trait5","pKWmEB","NsiI.TP780975","11","   18747","","0.0519","A"
"4","Trait5","pKWmEB","NsiI.TP781250","11","   18748","","0.3717","A"
"4","Trait5","pKWmEB","NsiI.TP781289","11","   18750","","0.4144","A"
"4","Trait5","pKWmEB","NsiI.TP781486","11","   18752","","0.6904","C"
"4","Trait5","pKWmEB","NsiI.TP781554","11","   18753","","0.3614","A"
"4","Trait5","pKWmEB","NsiI.TP781624","11","   18755","","0.6828","A"
"4","Trait5","pKWmEB","NsiI.TP781643","11","   18756","","0.4368","A"
"4","Trait5","pKWmEB","NsiI.TP782533","11","   18758","","0.3243","A"
"4","Trait5","pKWmEB","NsiI.TP782571","11","   18759","","0.4852","C"
"4","Trait5","pKWmEB","NsiI.TP782580","11","   18760","","0.6542","C"
"4","Trait5","pKWmEB","NsiI.TP782847","11","   18762","","0.7963","A"
"4","Trait5","pKWmEB","NsiI.TP782857","11","   18763","","1.4348","G"
"4","Trait5","pKWmEB","NsiI.TP782889","11","   18764","","0.2777","A"
"4","Trait5","pKWmEB","NsiI.TP782933","11","   18765","","0.4507","A"
"4","Trait5","pKWmEB","NsiI.TP783009","11","   18766","","0.2774","A"
"4","Trait5","pKWmEB","NsiI.TP783300","11","   18767","","1.3323","C"
"4","Trait5","pKWmEB","NsiI.TP783323","11","   18768","","0.6089","A"
"4","Trait5","pKWmEB","NsiI.TP783331","11","   18769","","0.1083","C"
"4","Trait5","pKWmEB","NsiI.TP783611","11","   18772","","0.6784","A"
"4","Trait5","pKWmEB","NsiI.TP783756","11","   18774","","0.5506","C"
"4","Trait5","pKWmEB","NsiI.TP783832","11","   18775","","0.4760","G"
"4","Trait5","pKWmEB","NsiI.TP783961","11","   18776","","0.2608","C"
"4","Trait5","pKWmEB","NsiI.TP783977","11","   18777","","0.2043","A"
"4","Trait5","pKWmEB","NsiI.TP783990","11","   18778","","0.9680","A"
"4","Trait5","pKWmEB","NsiI.TP784040","11","   18780","","1.5091","A"
"4","Trait5","pKWmEB","NsiI.TP784114","11","   18781","","0.7338","A"
"4","Trait5","pKWmEB","NsiI.TP784170","11","   18782","","0.1568","C"
"4","Trait5","pKWmEB","NsiI.TP784196","11","   18783","","0.0116","C"
"4","Trait5","pKWmEB","NsiI.TP784216","11","   18784","","0.2665","A"
"4","Trait5","pKWmEB","NsiI.TP784220","11","   18785","","1.1904","C"
"4","Trait5","pKWmEB","NsiI.TP784292","11","   18786","","0.8534","A"
"4","Trait5","pKWmEB","NsiI.TP784358","11","   18787","","0.3933","A"
"4","Trait5","pKWmEB","NsiI.TP785272","11","   18792","","0.4935","C"
"4","Trait5","pKWmEB","NsiI.TP785293","11","   18793","","0.7201","G"
"4","Trait5","pKWmEB","NsiI.TP785496","11","   18795","","1.1216","C"
"4","Trait5","pKWmEB","NsiI.TP785752","11","   18796","","1.8954","A"
"4","Trait5","pKWmEB","NsiI.TP785789","11","   18798","","0.6092","A"
"4","Trait5","pKWmEB","NsiI.TP785945","11","   18800","","0.5961","C"
"4","Trait5","pKWmEB","NsiI.TP785949","11","   18801","","0.5289","C"
"4","Trait5","pKWmEB","NsiI.TP786086","11","   18802","","0.0162","A"
"4","Trait5","pKWmEB","NsiI.TP786260","11","   18803","","0.0133","G"
"4","Trait5","pKWmEB","NsiI.TP786713","11","   18806","","0.0739","C"
"4","Trait5","pKWmEB","NsiI.TP786877","11","   18808","","0.0099","A"
"4","Trait5","pKWmEB","NsiI.TP786889","11","   18809","","0.1987","A"
"4","Trait5","pKWmEB","NsiI.TP787093","11","   18813","","0.0494","A"
"4","Trait5","pKWmEB","NsiI.TP787181","11","   18814","","0.0215","A"
"4","Trait5","pKWmEB","NsiI.TP787481","11","   18816","","0.0698","C"
"4","Trait5","pKWmEB","NsiI.TP788476","11","   18818","","0.0271","A"
"4","Trait5","pKWmEB","NsiI.TP788509","11","   18819","","0.0244","A"
"4","Trait5","pKWmEB","NsiI.TP788577","11","   18820","","0.2008","A"
"4","Trait5","pKWmEB","NsiI.TP789363","11","   18823","","0.2160","A"
"4","Trait5","pKWmEB","NsiI.TP789454","11","   18824","","0.2074","A"
"4","Trait5","pKWmEB","NsiI.TP790294","11","   18826","","0.0517","C"
"4","Trait5","pKWmEB","NsiI.TP790549","11","   18827","","0.2390","A"
"4","Trait5","pKWmEB","NsiI.TP790801","11","   18828","","0.4718","A"
"4","Trait5","pKWmEB","NsiI.TP790804","11","   18829","","0.1008","A"
"4","Trait5","pKWmEB","NsiI.TP791301","11","   18831","","0.0930","C"
"4","Trait5","pKWmEB","NsiI.TP791949","11","   18836","","0.0061","C"
"4","Trait5","pKWmEB","NsiI.TP792021","11","   18837","","0.2158","C"
"4","Trait5","pKWmEB","NsiI.TP792137","11","   18840","","0.8626","C"
"4","Trait5","pKWmEB","NsiI.TP792210","11","   18841","","0.0204","C"
"4","Trait5","pKWmEB","NsiI.TP792425","11","   18843","","1.0233","G"
"4","Trait5","pKWmEB","NsiI.TP792860","11","   18845","","0.2991","A"
"4","Trait5","pKWmEB","NsiI.TP792926","11","   18846","","0.3035","G"
"4","Trait5","pKWmEB","NsiI.TP792944","11","   18848","","0.1747","A"
"4","Trait5","pKWmEB","NsiI.TP793052","11","   18849","","0.1026","A"
"4","Trait5","pKWmEB","NsiI.TP793084","11","   18850","","0.3591","A"
"4","Trait5","pKWmEB","NsiI.TP793178","11","   18851","","0.0171","A"
"4","Trait5","pKWmEB","NsiI.TP793230","11","   18852","","0.6068","C"
"4","Trait5","pKWmEB","NsiI.TP793324","11","   18853","","0.4691","A"
"4","Trait5","pKWmEB","NsiI.TP793591","11","   18855","","0.8238","C"
"4","Trait5","pKWmEB","NsiI.TP793628","11","   18856","","0.3182","C"
"4","Trait5","pKWmEB","NsiI.TP793702","11","   18857","","0.1942","G"
"4","Trait5","pKWmEB","NsiI.TP794008","11","   18860","","0.6209","A"
"4","Trait5","pKWmEB","NsiI.TP794154","11","   18861","","0.5669","A"
"4","Trait5","pKWmEB","NsiI.TP794155","11","   18862","","0.3335","A"
"4","Trait5","pKWmEB","NsiI.TP794156","11","   18863","","0.2234","A"
"4","Trait5","pKWmEB","NsiI.TP794353","11","   18865","","0.5298","A"
"4","Trait5","pKWmEB","NsiI.TP794801","11","   18867","","0.6677","C"
"4","Trait5","pKWmEB","NsiI.TP794920","11","   18868","","0.3725","C"
"4","Trait5","pKWmEB","NsiI.TP795051","11","   18869","","1.1758","G"
"4","Trait5","pKWmEB","NsiI.TP795135","11","   18870","","0.3970","A"
"4","Trait5","pKWmEB","NsiI.TP795165","11","   18871","","0.0761","C"
"4","Trait5","pKWmEB","NsiI.TP795182","11","   18872","","0.0130","C"
"4","Trait5","pKWmEB","NsiI.TP795311","11","   18873","","1.4671","G"
"4","Trait5","pKWmEB","NsiI.TP795394","11","   18874","","0.1259","G"
"4","Trait5","pKWmEB","NsiI.TP795435","11","   18875","","0.1940","A"
"4","Trait5","pKWmEB","NsiI.TP795691","11","   18878","","0.4529","C"
"4","Trait5","pKWmEB","NsiI.TP795760","11","   18880","","0.2838","C"
"4","Trait5","pKWmEB","NsiI.TP795783","11","   18881","","0.1596","A"
"4","Trait5","pKWmEB","NsiI.TP795795","11","   18882","","0.0154","C"
"4","Trait5","pKWmEB","NsiI.TP795813","11","   18883","","0.7513","A"
"4","Trait5","pKWmEB","NsiI.TP795959","11","   18885","","0.1401","C"
"4","Trait5","pKWmEB","NsiI.TP796160","11","   18887","","0.1571","A"
"4","Trait5","pKWmEB","NsiI.TP796235","11","   18888","","0.6691","C"
"4","Trait5","pKWmEB","NsiI.TP796236","11","   18889","","1.2492","A"
"4","Trait5","pKWmEB","NsiI.TP796386","11","   18890","","0.5683","A"
"4","Trait5","pKWmEB","NsiI.TP796596","11","   18891","","0.1927","C"
"4","Trait5","pKWmEB","NsiI.TP796607","11","   18892","","0.2946","C"
"4","Trait5","pKWmEB","NsiI.TP796803","11","   18894","","0.2540","C"
"4","Trait5","pKWmEB","NsiI.TP796868","11","   18895","","0.7386","A"
"4","Trait5","pKWmEB","NsiI.TP796935","11","   18896","","0.2312","C"
"4","Trait5","pKWmEB","NsiI.TP797049","11","   18897","","0.6402","C"
"4","Trait5","pKWmEB","NsiI.TP797098","11","   18898","","0.1984","C"
"4","Trait5","pKWmEB","NsiI.TP797672","11","   18900","","0.1954","C"
"4","Trait5","pKWmEB","NsiI.TP797678","11","   18901","","0.5368","C"
"4","Trait5","pKWmEB","NsiI.TP797727","11","   18902","","0.0887","C"
"4","Trait5","pKWmEB","NsiI.TP797804","11","   18903","","0.5514","A"
"4","Trait5","pKWmEB","NsiI.TP797915","11","   18904","","0.1153","A"
"4","Trait5","pKWmEB","NsiI.TP797943","11","   18905","","0.2649","C"
"4","Trait5","pKWmEB","NsiI.TP797976","11","   18906","","0.4074","C"
"4","Trait5","pKWmEB","NsiI.TP798010","11","   18908","","0.1537","A"
"4","Trait5","pKWmEB","NsiI.TP798107","11","   18909","","0.5393","C"
"4","Trait5","pKWmEB","NsiI.TP798129","11","   18910","","0.2710","G"
"4","Trait5","pKWmEB","NsiI.TP798167","11","   18911","","0.6358","A"
"4","Trait5","pKWmEB","NsiI.TP798172","11","   18912","","0.1508","C"
"4","Trait5","pKWmEB","NsiI.TP798350","11","   18913","","0.9422","A"
"4","Trait5","pKWmEB","NsiI.TP798366","11","   18914","","0.1180","A"
"4","Trait5","pKWmEB","NsiI.TP798411","11","   18915","","0.6765","A"
"4","Trait5","pKWmEB","NsiI.TP798451","11","   18916","","0.5226","A"
"4","Trait5","pKWmEB","NsiI.TP798723","11","   18919","","0.5107","C"
"4","Trait5","pKWmEB","NsiI.TP798729","11","   18920","","1.8589","C"
"4","Trait5","pKWmEB","NsiI.TP798814","11","   18921","","0.7479","A"
"4","Trait5","pKWmEB","NsiI.TP798970","11","   18922","","0.2010","C"
"4","Trait5","pKWmEB","NsiI.TP798992","11","   18923","","0.2493","C"
"4","Trait5","pKWmEB","NsiI.TP799027","11","   18924","","0.0851","A"
"4","Trait5","pKWmEB","NsiI.TP799157","11","   18925","","0.1656","A"
"4","Trait5","pKWmEB","NsiI.TP799185","11","   18927","","1.6245","C"
"4","Trait5","pKWmEB","NsiI.TP799336","11","   18928","","0.1035","A"
"4","Trait5","pKWmEB","NsiI.TP799787","11","   18931","","0.0693","A"
"4","Trait5","pKWmEB","NsiI.TP799872","11","   18932","","0.4652","A"
"4","Trait5","pKWmEB","NsiI.TP800410","11","   18933","","0.0326","A"
"4","Trait5","pKWmEB","NsiI.TP800556","11","   18936","","0.0052","A"
"4","Trait5","pKWmEB","NsiI.TP800560","11","   18937","","1.3401","A"
"4","Trait5","pKWmEB","NsiI.TP800974","11","   18941","","0.0549","A"
"4","Trait5","pKWmEB","NsiI.TP801072","11","   18943","","0.5917","A"
"4","Trait5","pKWmEB","NsiI.TP801125","11","   18944","","0.4316","C"
"4","Trait5","pKWmEB","NsiI.TP801230","11","   18945","","0.5916","A"
"4","Trait5","pKWmEB","NsiI.TP801398","11","   18946","","0.2912","C"
"4","Trait5","pKWmEB","NsiI.TP801849","11","   18947","","0.1622","A"
"4","Trait5","pKWmEB","NsiI.TP801851","11","   18948","","2.1964","A"
"4","Trait5","pKWmEB","NsiI.TP801897","11","   18949","","0.1086","C"
"4","Trait5","pKWmEB","NsiI.TP801923","11","   18951","","0.8859","A"
"4","Trait5","pKWmEB","NsiI.TP801925","11","   18952","","0.7345","C"
"4","Trait5","pKWmEB","NsiI.TP801983","11","   18954","","0.3489","C"
"4","Trait5","pKWmEB","NsiI.TP802186","11","   18956","","0.8999","A"
"4","Trait5","pKWmEB","NsiI.TP802198","11","   18957","","0.0974","A"
"4","Trait5","pKWmEB","NsiI.TP802673","11","   18960","","0.2828","A"
"4","Trait5","pKWmEB","NsiI.TP802857","11","   18961","","0.2490","G"
"4","Trait5","pKWmEB","NsiI.TP802979","11","   18962","","0.0457","A"
"4","Trait5","pKWmEB","NsiI.TP803817","11","   18964","","0.3699","A"
"4","Trait5","pKWmEB","NsiI.TP803855","11","   18966","","0.2056","C"
"4","Trait5","pKWmEB","NsiI.TP804076","11","   18967","","2.0097","C"
"4","Trait5","pKWmEB","NsiI.TP804180","11","   18968","","0.0403","C"
"4","Trait5","pKWmEB","NsiI.TP804317","11","   18969","","1.0848","A"
"4","Trait5","pKWmEB","NsiI.TP804361","11","   18971","","0.1337","A"
"4","Trait5","pKWmEB","NsiI.TP804730","11","   18974","","0.0202","C"
"4","Trait5","pKWmEB","NsiI.TP805003","11","   18976","","0.1788","C"
"4","Trait5","pKWmEB","NsiI.TP805238","11","   18981","","0.2913","A"
"4","Trait5","pKWmEB","NsiI.TP805385","11","   18982","","0.6612","A"
"4","Trait5","pKWmEB","NsiI.TP805412","11","   18983","","0.1259","C"
"4","Trait5","pKWmEB","NsiI.TP805637","11","   18985","","0.8703","A"
"4","Trait5","pKWmEB","NsiI.TP805757","11","   18986","","1.1697","A"
"4","Trait5","pKWmEB","NsiI.TP805792","11","   18988","","0.1818","A"
"4","Trait5","pKWmEB","NsiI.TP805916","11","   18991","","0.1814","A"
"4","Trait5","pKWmEB","NsiI.TP806051","11","   18992","","0.4896","A"
"4","Trait5","pKWmEB","NsiI.TP806121","11","   18993","","0.3015","C"
"4","Trait5","pKWmEB","NsiI.TP806591","11","   18995","","0.1832","A"
"4","Trait5","pKWmEB","NsiI.TP807292","11","   18997","","1.1448","A"
"4","Trait5","pKWmEB","NsiI.TP807336","11","   18998","","0.3098","A"
"4","Trait5","pKWmEB","NsiI.TP807339","11","   18999","","0.3953","C"
"4","Trait5","pKWmEB","NsiI.TP807384","11","   19000","","0.5739","A"
"4","Trait5","pKWmEB","NsiI.TP807619","11","   19002","","0.8381","G"
"4","Trait5","pKWmEB","NsiI.TP807638","11","   19003","","0.0467","G"
"4","Trait5","pKWmEB","NsiI.TP807741","11","   19004","","0.0729","A"
"4","Trait5","pKWmEB","NsiI.TP807867","11","   19005","","0.8292","A"
"4","Trait5","pKWmEB","NsiI.TP807908","11","   19007","","0.2428","A"
"4","Trait5","pKWmEB","NsiI.TP807987","11","   19009","","1.2055","A"
"4","Trait5","pKWmEB","NsiI.TP808058","11","   19011","","0.9179","A"
"4","Trait5","pKWmEB","NsiI.TP808078","11","   19012","","0.7556","A"
"4","Trait5","pKWmEB","NsiI.TP808509","11","   19013","","1.2092","C"
"4","Trait5","pKWmEB","NsiI.TP808560","11","   19014","","0.4886","C"
"4","Trait5","pKWmEB","NsiI.TP808661","11","   19015","","0.7456","C"
"4","Trait5","pKWmEB","NsiI.TP808715","11","   19016","","0.4287","A"
"4","Trait5","pKWmEB","NsiI.TP808733","11","   19017","","0.1676","A"
"4","Trait5","pKWmEB","NsiI.TP808774","11","   19019","","0.2133","C"
"4","Trait5","pKWmEB","NsiI.TP808919","11","   19021","","0.5915","C"
"4","Trait5","pKWmEB","NsiI.TP809308","11","   19023","","0.4070","G"
"4","Trait5","pKWmEB","NsiI.TP809483","11","   19025","","0.0683","C"
"4","Trait5","pKWmEB","NsiI.TP809493","11","   19026","","0.0357","A"
"4","Trait5","pKWmEB","NsiI.TP809648","11","   19028","","1.1333","G"
"4","Trait5","pKWmEB","NsiI.TP809650","11","   19029","","0.1853","A"
"4","Trait5","pKWmEB","NsiI.TP809724","11","   19030","","0.3497","A"
"4","Trait5","pKWmEB","NsiI.TP809920","11","   19034","","0.0083","A"
"4","Trait5","pKWmEB","NsiI.TP810021","11","   19036","","0.0318","A"
"4","Trait5","pKWmEB","NsiI.TP810042","11","   19037","","0.0686","A"
"4","Trait5","pKWmEB","NsiI.TP810222","11","   19039","","0.2747","A"
"4","Trait5","pKWmEB","NsiI.TP810241","11","   19040","","0.3770","A"
"4","Trait5","pKWmEB","NsiI.TP810316","11","   19041","","0.3135","C"
"4","Trait5","pKWmEB","NsiI.TP810332","11","   19042","","0.5372","A"
"4","Trait5","pKWmEB","NsiI.TP810425","11","   19043","","0.0218","G"
"4","Trait5","pKWmEB","NsiI.TP810504","11","   19045","","0.5074","C"
"4","Trait5","pKWmEB","NsiI.TP810580","11","   19046","","0.3880","A"
"4","Trait5","pKWmEB","NsiI.TP810584","11","   19047","","0.7497","G"
"4","Trait5","pKWmEB","NsiI.TP810592","11","   19048","","0.7981","C"
"4","Trait5","pKWmEB","NsiI.TP810594","11","   19049","","0.1448","G"
"4","Trait5","pKWmEB","NsiI.TP810605","11","   19050","","0.0890","A"
"4","Trait5","pKWmEB","NsiI.TP810660","11","   19052","","0.2106","C"
"4","Trait5","pKWmEB","NsiI.TP810858","11","   19054","","0.3599","A"
"4","Trait5","pKWmEB","NsiI.TP810871","11","   19055","","0.2604","C"
"4","Trait5","pKWmEB","NsiI.TP810965","11","   19059","","0.7375","C"
"4","Trait5","pKWmEB","NsiI.TP811000","11","   19061","","0.4396","A"
"4","Trait5","pKWmEB","NsiI.TP811085","11","   19063","","0.1380","C"
"4","Trait5","pKWmEB","NsiI.TP811277","11","   19065","","0.9233","C"
"4","Trait5","pKWmEB","NsiI.TP811304","11","   19066","","0.5388","A"
"4","Trait5","pKWmEB","NsiI.TP811334","11","   19068","","0.6579","A"
"4","Trait5","pKWmEB","NsiI.TP811356","11","   19069","","0.1385","C"
"4","Trait5","pKWmEB","NsiI.TP811464","11","   19070","","0.9059","G"
"4","Trait5","pKWmEB","NsiI.TP811669","11","   19072","","0.2474","A"
"4","Trait5","pKWmEB","NsiI.TP811672","11","   19073","","0.0761","G"
"4","Trait5","pKWmEB","NsiI.TP811762","11","   19074","","0.0209","A"
"4","Trait5","pKWmEB","NsiI.TP811764","11","   19075","","0.4860","G"
"4","Trait5","pKWmEB","NsiI.TP811800","11","   19076","","0.5319","G"
"4","Trait5","pKWmEB","NsiI.TP811900","11","   19077","","0.0448","A"
"4","Trait5","pKWmEB","NsiI.TP812001","11","   19079","","0.9547","C"
"4","Trait5","pKWmEB","NsiI.TP812041","11","   19080","","0.4797","C"
"4","Trait5","pKWmEB","NsiI.TP812073","11","   19081","","1.0882","A"
"4","Trait5","pKWmEB","NsiI.TP812238","11","   19083","","0.2054","A"
"4","Trait5","pKWmEB","NsiI.TP812251","11","   19084","","0.0548","C"
"4","Trait5","pKWmEB","NsiI.TP812295","11","   19086","","0.0256","C"
"4","Trait5","pKWmEB","NsiI.TP812314","11","   19087","","0.1401","G"
"4","Trait5","pKWmEB","NsiI.TP812432","11","   19088","","0.7058","C"
"4","Trait5","pKWmEB","NsiI.TP812500","11","   19089","","0.1008","A"
"4","Trait5","pKWmEB","NsiI.TP812501","11","   19090","","0.7150","C"
"4","Trait5","pKWmEB","NsiI.TP812531","11","   19091","","0.3739","C"
"4","Trait5","pKWmEB","NsiI.TP812674","11","   19093","","0.1018","A"
"4","Trait5","pKWmEB","NsiI.TP812753","11","   19094","","0.1646","C"
"4","Trait5","pKWmEB","NsiI.TP812818","11","   19095","","0.0969","C"
"4","Trait5","pKWmEB","NsiI.TP813110","11","   19098","","0.3010","A"
"4","Trait5","pKWmEB","NsiI.TP813157","11","   19099","","0.3985","C"
"4","Trait5","pKWmEB","NsiI.TP813161","11","   19100","","0.0464","A"
"4","Trait5","pKWmEB","NsiI.TP813253","11","   19102","","0.6766","C"
"4","Trait5","pKWmEB","NsiI.TP813299","11","   19104","","0.6928","A"
"4","Trait5","pKWmEB","NsiI.TP813629","11","   19106","","0.9952","A"
"4","Trait5","pKWmEB","NsiI.TP813632","11","   19107","","0.2864","G"
"4","Trait5","pKWmEB","NsiI.TP813658","11","   19108","","0.4041","A"
"4","Trait5","pKWmEB","NsiI.TP813787","11","   19109","","0.0806","C"
"4","Trait5","pKWmEB","NsiI.TP813850","11","   19110","","0.0982","A"
"4","Trait5","pKWmEB","NsiI.TP813871","11","   19111","","0.6238","C"
"4","Trait5","pKWmEB","NsiI.TP814107","11","   19113","","1.8188","C"
"4","Trait5","pKWmEB","NsiI.TP814152","11","   19115","","0.2208","A"
"4","Trait5","pKWmEB","NsiI.TP814223","11","   19117","","0.3464","C"
"4","Trait5","pKWmEB","NsiI.TP814253","11","   19118","","0.0650","A"
"4","Trait5","pKWmEB","NsiI.TP814294","11","   19119","","0.7234","A"
"4","Trait5","pKWmEB","NsiI.TP814419","11","   19122","","0.6643","A"
"4","Trait5","pKWmEB","NsiI.TP814562","11","   19123","","0.2240","A"
"4","Trait5","pKWmEB","NsiI.TP814591","11","   19124","","0.2322","C"
"4","Trait5","pKWmEB","NsiI.TP814593","11","   19125","","0.0922","C"
"4","Trait5","pKWmEB","NsiI.TP814997","11","   19126","","0.7534","A"
"4","Trait5","pKWmEB","NsiI.TP815009","11","   19127","","0.7503","C"
"4","Trait5","pKWmEB","NsiI.TP815164","11","   19130","","0.4648","A"
"4","Trait5","pKWmEB","NsiI.TP815398","11","   19131","","0.1448","A"
"4","Trait5","pKWmEB","NsiI.TP815789","11","   19132","","0.6345","A"
"4","Trait5","pKWmEB","NsiI.TP815809","11","   19133","","0.0841","C"
"4","Trait5","pKWmEB","NsiI.TP816088","11","   19136","","0.1010","C"
"4","Trait5","pKWmEB","NsiI.TP816322","11","   19137","","0.7565","A"
"4","Trait5","pKWmEB","NsiI.TP816391","11","   19138","","2.1267","C"
"4","Trait5","pKWmEB","NsiI.TP816471","11","   19139","","0.7274","C"
"4","Trait5","pKWmEB","NsiI.TP816510","11","   19140","","0.2243","A"
"4","Trait5","pKWmEB","NsiI.TP816614","11","   19141","","0.0689","A"
"4","Trait5","pKWmEB","NsiI.TP816623","11","   19142","","0.2583","G"
"4","Trait5","pKWmEB","NsiI.TP816777","11","   19143","","0.2973","A"
"4","Trait5","pKWmEB","NsiI.TP816892","11","   19146","","0.2256","G"
"4","Trait5","pKWmEB","NsiI.TP816941","11","   19147","","0.2463","C"
"4","Trait5","pKWmEB","NsiI.TP817049","11","   19150","","0.0095","A"
"4","Trait5","pKWmEB","NsiI.TP817540","11","   19151","","0.8858","A"
"4","Trait5","pKWmEB","NsiI.TP818245","11","   19154","","0.3614","A"
"4","Trait5","pKWmEB","NsiI.TP818757","11","   19156","","0.0198","C"
"4","Trait5","pKWmEB","NsiI.TP818864","11","   19158","","0.1443","A"
"4","Trait5","pKWmEB","NsiI.TP818907","11","   19159","","1.2911","C"
"4","Trait5","pKWmEB","NsiI.TP818908","11","   19160","","0.0807","C"
"4","Trait5","pKWmEB","NsiI.TP818942","11","   19161","","0.0531","G"
"4","Trait5","pKWmEB","NsiI.TP819048","11","   19164","","0.4304","A"
"4","Trait5","pKWmEB","NsiI.TP819086","11","   19165","","0.0552","C"
"4","Trait5","pKWmEB","NsiI.TP819226","11","   19167","","0.5150","C"
"4","Trait5","pKWmEB","NsiI.TP819234","11","   19168","","1.1997","A"
"4","Trait5","pKWmEB","NsiI.TP819304","11","   19169","","0.1056","C"
"4","Trait5","pKWmEB","NsiI.TP819432","11","   19170","","0.1621","C"
"4","Trait5","pKWmEB","NsiI.TP819443","11","   19171","","0.1661","A"
"4","Trait5","pKWmEB","NsiI.TP819458","11","   19172","","0.0011","G"
"4","Trait5","pKWmEB","NsiI.TP819606","11","   19173","","0.0092","A"
"4","Trait5","pKWmEB","NsiI.TP819614","11","   19174","","1.8655","A"
"4","Trait5","pKWmEB","NsiI.TP819621","11","   19175","","0.2766","C"
"4","Trait5","pKWmEB","NsiI.TP819623","11","   19176","","0.6027","C"
"4","Trait5","pKWmEB","NsiI.TP819642","11","   19177","","0.1029","C"
"4","Trait5","pKWmEB","NsiI.TP819825","11","   19178","","0.8275","A"
"4","Trait5","pKWmEB","NsiI.TP820242","11","   19181","","0.1400","A"
"4","Trait5","pKWmEB","NsiI.TP820545","11","   19183","","0.0465","A"
"4","Trait5","pKWmEB","NsiI.TP820563","11","   19184","","0.1891","C"
"4","Trait5","pKWmEB","NsiI.TP820678","11","   19185","","0.0848","A"
"4","Trait5","pKWmEB","NsiI.TP820695","11","   19186","","0.0204","C"
"4","Trait5","pKWmEB","NsiI.TP820746","11","   19187","","0.1076","C"
"4","Trait5","pKWmEB","NsiI.TP820848","11","   19189","","0.2489","C"
"4","Trait5","pKWmEB","NsiI.TP820940","11","   19190","","0.1692","G"
"4","Trait5","pKWmEB","NsiI.TP820999","11","   19191","","0.6899","G"
"4","Trait5","pKWmEB","NsiI.TP821084","11","   19192","","0.1150","A"
"4","Trait5","pKWmEB","NsiI.TP821276","11","   19193","","0.6703","C"
"4","Trait5","pKWmEB","NsiI.TP821453","11","   19194","","0.3007","A"
"4","Trait5","pKWmEB","NsiI.TP821578","11","   19196","","2.5120","A"
"4","Trait5","pKWmEB","NsiI.TP821626","11","   19197","","0.2604","C"
"4","Trait5","pKWmEB","NsiI.TP821705","11","   19198","","0.3563","C"
"4","Trait5","pKWmEB","NsiI.TP821742","11","   19199","","0.9094","A"
"4","Trait5","pKWmEB","NsiI.TP821864","11","   19200","","0.3885","C"
"4","Trait5","pKWmEB","NsiI.TP821921","11","   19202","","0.7000","C"
"4","Trait5","pKWmEB","NsiI.TP821959","11","   19203","","0.3260","C"
"4","Trait5","pKWmEB","NsiI.TP821985","11","   19204","","0.0021","A"
"4","Trait5","pKWmEB","NsiI.TP822007","11","   19205","","0.0102","A"
"4","Trait5","pKWmEB","NsiI.TP822091","11","   19206","","0.3098","C"
"4","Trait5","pKWmEB","NsiI.TP822108","11","   19207","","0.2230","A"
"4","Trait5","pKWmEB","NsiI.TP822151","11","   19210","","0.1746","C"
"4","Trait5","pKWmEB","NsiI.TP822300","11","   19212","","0.3007","A"
"4","Trait5","pKWmEB","NsiI.TP822312","11","   19213","","0.7417","A"
"4","Trait5","pKWmEB","NsiI.TP822322","11","   19214","","1.1758","C"
"4","Trait5","pKWmEB","NsiI.TP822524","11","   19215","","0.0383","G"
"4","Trait5","pKWmEB","NsiI.TP822573","11","   19216","","0.6748","C"
"4","Trait5","pKWmEB","NsiI.TP822631","11","   19218","","0.9200","A"
"4","Trait5","pKWmEB","NsiI.TP822744","11","   19220","","1.0005","A"
"4","Trait5","pKWmEB","NsiI.TP822787","11","   19221","","0.7098","G"
"4","Trait5","pKWmEB","NsiI.TP822887","11","   19222","","1.3444","A"
"4","Trait5","pKWmEB","NsiI.TP822914","11","   19223","","0.1024","A"
"4","Trait5","pKWmEB","NsiI.TP823009","11","   19225","","0.3557","A"
"4","Trait5","pKWmEB","NsiI.TP823198","11","   19228","","0.2761","A"
"4","Trait5","pKWmEB","NsiI.TP823238","11","   19229","","0.7682","A"
"4","Trait5","pKWmEB","NsiI.TP823264","11","   19231","","0.6840","C"
"4","Trait5","pKWmEB","NsiI.TP823284","11","   19232","","0.2449","A"
"4","Trait5","pKWmEB","NsiI.TP823381","11","   19234","","0.1248","A"
"4","Trait5","pKWmEB","NsiI.TP823495","11","   19235","","0.3031","A"
"4","Trait5","pKWmEB","NsiI.TP823575","11","   19236","","1.0196","A"
"4","Trait5","pKWmEB","NsiI.TP823594","11","   19237","","0.0553","A"
"4","Trait5","pKWmEB","NsiI.TP823635","11","   19238","","1.1168","A"
"4","Trait5","pKWmEB","NsiI.TP823699","11","   19239","","1.4064","A"
"4","Trait5","pKWmEB","NsiI.TP823921","11","   19242","","0.5070","A"
"4","Trait5","pKWmEB","NsiI.TP824165","11","   19243","","0.0158","A"
"4","Trait5","pKWmEB","NsiI.TP824214","11","   19244","","1.1555","C"
"4","Trait5","pKWmEB","NsiI.TP824423","11","   19247","","0.1915","A"
"4","Trait5","pKWmEB","NsiI.TP824537","11","   19249","","0.0668","A"
"4","Trait5","pKWmEB","NsiI.TP824960","11","   19253","","0.3719","A"
"4","Trait5","pKWmEB","NsiI.TP824994","11","   19254","","0.6917","A"
"4","Trait5","pKWmEB","NsiI.TP825048","11","   19255","","1.7760","G"
"4","Trait5","pKWmEB","NsiI.TP825248","11","   19256","","0.1145","A"
"4","Trait5","pKWmEB","NsiI.TP825259","11","   19257","","0.5446","C"
"4","Trait5","pKWmEB","NsiI.TP825555","11","   19259","","0.7953","C"
"4","Trait5","pKWmEB","NsiI.TP825560","11","   19260","","0.4357","A"
"4","Trait5","pKWmEB","NsiI.TP825595","11","   19261","","0.4427","C"
"4","Trait5","pKWmEB","NsiI.TP825641","11","   19262","","0.5742","C"
"4","Trait5","pKWmEB","NsiI.TP825700","11","   19263","","0.5321","C"
"4","Trait5","pKWmEB","NsiI.TP825906","11","   19265","","0.5163","C"
"4","Trait5","pKWmEB","NsiI.TP826040","11","   19266","","0.3772","C"
"4","Trait5","pKWmEB","NsiI.TP826104","11","   19267","","0.5483","G"
"4","Trait5","pKWmEB","NsiI.TP826243","11","   19268","","0.5891","C"
"4","Trait5","pKWmEB","NsiI.TP826371","11","   19270","","0.6890","C"
"4","Trait5","pKWmEB","NsiI.TP826733","11","   19273","","0.1548","C"
"4","Trait5","pKWmEB","NsiI.TP826830","11","   19274","","0.0337","C"
"4","Trait5","pKWmEB","NsiI.TP826832","11","   19275","","0.5358","A"
"4","Trait5","pKWmEB","NsiI.TP826891","11","   19276","","0.0220","C"
"4","Trait5","pKWmEB","NsiI.TP826936","11","   19277","","0.5507","C"
"4","Trait5","pKWmEB","NsiI.TP827179","11","   19278","","0.2480","C"
"4","Trait5","pKWmEB","NsiI.TP827204","11","   19279","","0.1063","C"
"4","Trait5","pKWmEB","NsiI.TP827319","11","   19280","","0.4263","A"
"4","Trait5","pKWmEB","NsiI.TP827467","11","   19281","","0.3795","A"
"4","Trait5","pKWmEB","NsiI.TP827468","11","   19282","","0.0490","C"
"4","Trait5","pKWmEB","NsiI.TP827621","11","   19283","","1.0303","A"
"4","Trait5","pKWmEB","NsiI.TP827685","11","   19284","","0.9471","A"
"4","Trait5","pKWmEB","NsiI.TP827803","11","   19285","","0.8662","G"
"4","Trait5","pKWmEB","NsiI.TP827811","11","   19286","","0.9564","A"
"4","Trait5","pKWmEB","NsiI.TP827871","11","   19287","","0.6135","A"
"4","Trait5","pKWmEB","NsiI.TP827893","11","   19288","","0.2706","A"
"4","Trait5","pKWmEB","NsiI.TP827926","11","   19289","","0.0824","A"
"4","Trait5","pKWmEB","NsiI.TP827955","11","   19290","","0.0860","A"
"4","Trait5","pKWmEB","NsiI.TP828260","11","   19294","","0.1629","A"
"4","Trait5","pKWmEB","NsiI.TP828345","11","   19295","","1.1084","A"
"4","Trait5","pKWmEB","NsiI.TP828678","11","   19297","","0.6768","C"
"4","Trait5","pKWmEB","NsiI.TP828738","11","   19298","","0.3265","A"
"4","Trait5","pKWmEB","NsiI.TP828812","11","   19300","","0.4371","A"
"4","Trait5","pKWmEB","NsiI.TP828839","11","   19301","","0.2926","A"
"4","Trait5","pKWmEB","NsiI.TP828846","11","   19302","","0.4221","A"
"4","Trait5","pKWmEB","NsiI.TP829149","11","   19303","","0.8467","A"
"4","Trait5","pKWmEB","NsiI.TP829280","11","   19304","","0.5933","G"
"4","Trait5","pKWmEB","NsiI.TP829478","11","   19306","","0.7545","A"
"4","Trait5","pKWmEB","NsiI.TP829584","11","   19308","","0.5529","G"
"4","Trait5","pKWmEB","NsiI.TP829977","11","   19311","","0.1905","A"
"4","Trait5","pKWmEB","NsiI.TP830197","11","   19312","","0.0263","G"
"4","Trait5","pKWmEB","NsiI.TP830341","11","   19313","","0.3954","G"
"4","Trait5","pKWmEB","NsiI.TP830617","11","   19317","","0.3670","A"
"4","Trait5","pKWmEB","NsiI.TP830698","11","   19318","","0.0173","C"
"4","Trait5","pKWmEB","NsiI.TP830929","11","   19321","","0.2026","C"
"4","Trait5","pKWmEB","NsiI.TP831091","11","   19322","","1.0372","A"
"4","Trait5","pKWmEB","NsiI.TP831263","11","   19323","","0.0319","G"
"4","Trait5","pKWmEB","NsiI.TP831460","11","   19326","","0.9838","C"
"4","Trait5","pKWmEB","NsiI.TP831464","11","   19327","","1.0181","A"
"4","Trait5","pKWmEB","NsiI.TP831718","11","   19328","","0.0968","C"
"4","Trait5","pKWmEB","NsiI.TP831719","11","   19329","","0.2687","C"
"4","Trait5","pKWmEB","NsiI.TP832142","11","   19332","","0.9775","C"
"4","Trait5","pKWmEB","NsiI.TP832325","11","   19334","","0.1481","A"
"4","Trait5","pKWmEB","NsiI.TP832379","11","   19335","","1.3315","C"
"4","Trait5","pKWmEB","NsiI.TP832418","11","   19336","","0.9659","C"
"4","Trait5","pKWmEB","NsiI.TP832484","11","   19337","","0.4379","C"
"4","Trait5","pKWmEB","NsiI.TP832677","11","   19340","","0.6882","A"
"4","Trait5","pKWmEB","NsiI.TP832754","11","   19341","","0.4987","A"
"4","Trait5","pKWmEB","NsiI.TP832792","11","   19342","","0.9139","A"
"4","Trait5","pKWmEB","NsiI.TP832900","11","   19343","","0.9238","A"
"4","Trait5","pKWmEB","NsiI.TP832922","11","   19344","","0.3164","A"
"4","Trait5","pKWmEB","NsiI.TP833589","11","   19346","","0.1346","C"
"4","Trait5","pKWmEB","NsiI.TP833748","11","   19347","","0.1797","A"
"4","Trait5","pKWmEB","NsiI.TP833898","11","   19348","","0.1184","C"
"4","Trait5","pKWmEB","NsiI.TP833926","11","   19349","","0.1259","C"
"4","Trait5","pKWmEB","NsiI.TP834180","11","   19350","","0.1368","G"
"4","Trait5","pKWmEB","NsiI.TP834606","11","   19352","","0.0934","C"
"4","Trait5","pKWmEB","NsiI.TP834705","11","   19353","","0.0401","A"
"4","Trait5","pKWmEB","NsiI.TP835047","11","   19356","","0.2747","A"
"4","Trait5","pKWmEB","NsiI.TP835068","11","   19357","","1.0963","A"
"4","Trait5","pKWmEB","NsiI.TP835127","11","   19358","","0.0734","C"
"4","Trait5","pKWmEB","NsiI.TP835201","11","   19361","","0.2573","C"
"4","Trait5","pKWmEB","NsiI.TP835314","11","   19362","","0.2122","A"
"4","Trait5","pKWmEB","NsiI.TP835724","11","   19363","","0.3832","C"
"4","Trait5","pKWmEB","NsiI.TP835729","11","   19364","","0.3941","G"
"4","Trait5","pKWmEB","NsiI.TP27725","11","   22357","","0.6212","A"
"4","Trait5","pKWmEB","PstI.TP167116","11","   22418","","0.7658","A"
"4","Trait5","pKWmEB","NsiI.TP481532","11","   32608","","0.0120","A"
"4","Trait5","pKWmEB","NsiI.TP427552","11","   32693","","0.0602","A"
"4","Trait5","pKWmEB","NsiI.TP726933","11","   87720","","0.0350","C"
"4","Trait5","pKWmEB","PstI.TP861546","11","  432719","","1.8020","C"
"4","Trait5","pKWmEB","NsiI.TP22535","11","  623919","","0.1346","A"
"4","Trait5","pKWmEB","NsiI.TP819350","11","  720120","","0.1709","A"
"4","Trait5","pKWmEB","NsiI.TP486716","11","  721349","","0.1657","A"
"4","Trait5","pKWmEB","PstI.TP701939","11","  789248","","0.1584","C"
"4","Trait5","pKWmEB","NsiI.TP236938","11","  851348","","0.3235","C"
"4","Trait5","pKWmEB","NsiI.TP781546","11","  918804","","0.5923","C"
"4","Trait5","pKWmEB","NsiI.TP236310","11"," 1548618","","0.5190","C"
"4","Trait5","pKWmEB","PstI.TP933462","11"," 1796358","","0.2135","C"
"4","Trait5","pKWmEB","NsiI.TP260136","11"," 2356328","","0.2831","C"
"4","Trait5","pKWmEB","NsiI.TP774639","11"," 2664197","","0.3406","A"
"4","Trait5","pKWmEB","PstI.TP253222","11"," 2768113","","0.0398","A"
"4","Trait5","pKWmEB","NsiI.TP375944","11"," 3152574","","0.6797","G"
"4","Trait5","pKWmEB","PstI.TP879649","11"," 6190304","","0.0765","C"
"4","Trait5","pKWmEB","NsiI.TP799296","11"," 6299729","","0.1414","A"
"4","Trait5","pKWmEB","NsiI.TP661166","11"," 7766467","","0.0046","C"
